{"lowlevel":{"average_loudness":0.0887827351689,"barkbands":{"dmean":[0.00201214361005,0.00369674619287,0.00162451085635,0.000784883450251,0.000963423924986,0.00198126630858,0.000811348611023,0.000487848476041,0.000315572018735,0.000306672183797,0.000482900504721,0.000433861627243,0.000241356392507,0.000110537977889,0.000113197522296,0.0000758227179176,0.0000352264869434,0.0000306375186483,0.0000247365242103,0.0000173812204594,0.0000138427158163,0.0000108954145617,0.00000558480405743,0.000002241388529,0.00000136056587507,0.00000400011367674,0.0000639873178443],"dmean2":[0.00332341855392,0.00589077314362,0.00274166162126,0.00129762198776,0.00156718806829,0.0031282028649,0.00128124002367,0.000798274355475,0.000520434288774,0.00049618864432,0.000771984865423,0.000686423969455,0.000395044713514,0.000179394191946,0.000179866838153,0.00012250088912,0.0000583262881264,0.0000481689748995,0.0000396911273128,0.0000281949614873,0.0000214899064304,0.0000159413302754,0.00000808080403658,0.00000366728568224,0.00000230831301451,0.00000598107408223,0.0000944376952248],"dvar":[0.000160686788149,0.000205248972634,0.0000211423684959,0.00000479847585666,0.00000482859923068,0.0000472497777082,0.0000124104190036,0.00000465219545731,0.00000104516016108,0.00000107821324491,0.00000417250521423,0.00000483717576572,9.69111738414e-7,1.31891809474e-7,1.65119843132e-7,7.22591266822e-8,1.39596778581e-8,8.51805026514e-9,6.64684574048e-9,3.43453199214e-9,2.44338660416e-9,1.81476866867e-9,5.43902145544e-10,7.46294484544e-11,1.57056850164e-11,3.78613584928e-10,4.29415614178e-8],"dvar2":[0.000390077795601,0.000494150852319,0.0000600286657573,0.0000130663111122,0.0000123856289065,0.000115796377941,0.0000315833567583,0.0000113268697532,0.00000276851369563,0.0000026749760309,0.00000990924672806,0.00000949696459429,0.00000233962623497,3.35222438252e-7,3.54403653091e-7,1.68556681501e-7,3.41240706803e-8,1.95386427038e-8,1.63334785697e-8,8.73029115667e-9,5.73132075132e-9,3.67778385524e-9,1.09270015258e-9,1.78507417181e-10,4.12918033099e-11,8.4228990449e-10,9.15228497433e-8],"max":[0.342262387276,0.290376484394,0.0950998365879,0.0533658266068,0.0529621578753,0.226789325476,0.132340073586,0.0602974779904,0.0308768153191,0.0310542974621,0.0632410421968,0.167074456811,0.0549893006682,0.016317345202,0.0241969246417,0.00829273276031,0.0054836445488,0.00388459837995,0.00253818021156,0.00153229467105,0.00237666373141,0.00199227733538,0.00129414349794,0.000410425593145,0.0000852356679388,0.00107698421925,0.00869906879961],"mean":[0.0020986890886,0.00587622262537,0.00241008494049,0.00112106034067,0.00157427345403,0.00289424182847,0.001205871813,0.00067747279536,0.000475080072647,0.000462319818325,0.00072209094651,0.000681525154505,0.000365956831956,0.000196141569177,0.000205245160032,0.000144692137837,0.0000670350782457,0.0000611593422946,0.0000493934530823,0.0000365929117834,0.0000320831022691,0.0000221675618377,0.00000943726536207,0.00000261454806605,0.00000133443813866,0.00000634170055491,0.000214881394641],"median":[0.000299266481306,0.000755212386139,0.000545077607967,0.000160922514624,0.000284426088911,0.000112429246656,0.0000436904665548,0.0000203497675102,0.0000259087864833,0.0000231095455092,0.00000941078087635,0.00000704616331859,0.0000066839165811,0.00000359467821909,0.00000294274900625,0.00000155351619924,0.00000129517115965,0.00000247631692218,0.00000261224113274,0.00000126587042359,0.00000107657695025,0.0000010512156905,4.21195608169e-7,1.84870117437e-7,1.25062783241e-7,3.06177980747e-7,0.00000288758792522],"min":[3.0573245758e-12,1.13359625506e-12,1.19671904764e-13,2.2408065529e-13,4.03385441369e-12,5.44309822909e-12,2.1890618658e-12,2.00822431601e-12,4.25968028211e-12,4.62362786946e-12,4.40693228437e-12,1.06756736697e-12,2.00143872829e-12,6.13188482195e-13,2.71396815611e-12,1.17139381962e-12,2.00953489959e-12,3.51173192088e-12,2.17078460242e-12,3.11218867517e-12,2.43860140414e-12,2.5271520987e-12,5.64458809554e-12,5.71047983206e-12,6.13718494427e-12,1.02689991927e-11,2.31925000038e-11],"var":[0.000142778837471,0.000284799200017,0.0000287521415885,0.00000694775098964,0.00000995802383841,0.0000859367501107,0.0000209650770557,0.00000724404890207,0.0000018492687559,0.00000197426356863,0.00000775331864133,0.000013461944036,0.00000163467473158,3.18510615216e-7,4.21273966822e-7,2.01326827209e-7,3.51963187484e-8,2.6660615049e-8,1.96162517341e-8,1.0980137688e-8,9.79362990705e-9,5.33569810557e-9,1.12592934975e-9,8.94122553774e-11,1.595810116e-11,5.9975346911e-10,3.29490376316e-7]},"barkbands_crest":{"dmean":2.87485814095,"dmean2":4.77426481247,"dvar":6.14356184006,"dvar2":16.6165714264,"max":25.3650474548,"mean":11.5056591034,"median":11.1326675415,"min":3.02484321594,"var":16.6825618744},"barkbands_flatness_db":{"dmean":0.038333427161,"dmean2":0.0624615773559,"dvar":0.00128636346199,"dvar2":0.0036312979646,"max":0.516883194447,"mean":0.215040698647,"median":0.210317179561,"min":0.0330929271877,"var":0.00620639044791},"barkbands_kurtosis":{"dmean":12.3278427124,"dmean2":20.1217498779,"dvar":487.808929443,"dvar2":1249.58728027,"max":845.719604492,"mean":24.6249446869,"median":13.1730976105,"min":-1.84735131264,"var":1282.61669922},"barkbands_skewness":{"dmean":0.921825826168,"dmean2":1.47733736038,"dvar":0.881294548512,"dvar2":2.26214647293,"max":19.6264801025,"mean":3.031291008,"median":2.66136479378,"min":-2.37236356735,"var":4.10794591904},"barkbands_spread":{"dmean":3.75005078316,"dmean2":5.8170838356,"dvar":37.1441764832,"dvar2":73.4127349854,"max":110.526504517,"mean":11.6923885345,"median":6.628657341,"min":0.123560674489,"var":168.354354858},"dissonance":{"dmean":0.0293052121997,"dmean2":0.0487789548934,"dvar":0.000826688483357,"dvar2":0.00227007758804,"max":0.5,"mean":0.444194376469,"median":0.456279367208,"min":0.148241579533,"var":0.00197426648811},"dynamic_complexity":10.4457607269,"erbbands":{"dmean":[0.164891898632,0.69818931818,1.82543122768,2.10013961792,3.25790309906,2.91766786575,8.23553562164,18.421207428,9.95264148712,16.6031742096,7.99323654175,6.95337152481,7.09748268127,13.2723350525,17.5944881439,16.876083374,11.7147188187,5.07383728027,5.14228010178,5.78419971466,3.37992095947,1.76723301411,1.52687931061,1.37738955021,1.18080294132,0.815888226032,0.653654932976,0.519415199757,0.445727050304,0.216318905354,0.151032313704,0.070881664753,0.0268447976559,0.0154248168692,0.00966503843665,0.00634379358962,0.00882993265986,0.00741285365075,0.00389608065598,0.00183721759822],"dmean2":[0.260968506336,1.14794743061,3.07760858536,3.44100093842,5.47671175003,4.75104570389,12.9185190201,29.3497390747,15.6809806824,26.2760448456,13.0144882202,11.5378789902,11.6172838211,21.316532135,28.2461605072,26.3626708984,18.9097805023,8.20594882965,8.12509727478,9.29388141632,5.38894224167,2.87950491905,2.4153752327,2.17282581329,1.88278281689,1.326577425,1.0353115797,0.809089303017,0.662430584431,0.311494231224,0.218439012766,0.109298318624,0.0454326346517,0.0261983890086,0.016365757212,0.0106397494674,0.0132275456563,0.0100909294561,0.00547222467139,0.00271719042212],"dvar":[0.73937267065,5.12581968307,27.1685218811,30.6961250305,73.9918746948,53.6917877197,688.381164551,4898.82617188,1460.88757324,9051.38476562,993.106506348,452.808105469,720.673400879,2869.3059082,5013.46728516,9164.54101562,2336.48852539,288.233428955,347.219024658,498.054626465,130.884521484,30.9688816071,20.5678958893,20.6553211212,15.9230747223,7.67533159256,5.38067913055,3.56877374649,3.70446372032,0.534716427326,0.470316141844,0.102632731199,0.00992987304926,0.00201343698427,0.000784548814408,0.000449408282293,0.00249990378506,0.00111238658428,0.000187476267456,0.0000242294318014],"dvar2":[1.75471115112,13.8604774475,77.6215438843,85.4478225708,201.731719971,133.254974365,1631.98254395,12134.2724609,3649.4987793,23053.3769531,2437.63378906,1184.31762695,1913.28210449,7016.54394531,11941.5107422,16512.515625,5625.75683594,727.686157227,716.421630859,1198.92993164,306.071838379,80.2221908569,47.213180542,48.9439735413,40.9833717346,19.6660823822,13.033033371,8.84381103516,7.57148885727,1.08210730553,0.942840635777,0.221478685737,0.0254890918732,0.00528621766716,0.00205938587897,0.00113767711446,0.00572049198672,0.00219046254642,0.000357595155947,0.0000497211658512],"max":[18.1848430634,65.0546646118,103.837486267,128.677505493,214.985275269,234.449386597,807.295166016,2511.38549805,1172.68688965,3872.88720703,1099.16772461,642.656555176,1129.81262207,1953.01953125,2431.94995117,7945.25195312,2543.99194336,547.16003418,1319.07116699,671.969177246,309.674682617,133.507461548,176.066482544,150.289169312,121.787620544,73.2681274414,90.238319397,95.0750732422,96.4761886597,29.7154083252,40.1209983826,18.2147979736,3.84586954117,0.964564502239,0.600838422775,0.836067080498,2.93813872337,2.22524428368,0.656145572662,0.191731616855],"mean":[0.225889354944,1.09832489491,2.84192633629,3.38909292221,4.8418431282,4.59452342987,12.5442991257,25.8570556641,15.8287935257,23.4934196472,12.3784704208,10.6033773422,11.4986829758,21.5490074158,29.2890777588,28.1537780762,18.8355560303,10.0509462357,10.0758619308,11.024641037,7.07072734833,3.78785324097,3.25268101692,2.87287855148,2.32691645622,1.70558142662,1.43210458755,1.17453145981,0.87973088026,0.438996940851,0.243263036013,0.0945041328669,0.0266341138631,0.0151144824922,0.0096334842965,0.00673895515501,0.0136761208996,0.0194683708251,0.0140026407316,0.00768511882052],"median":[0.0205493662506,0.167859360576,0.618194043636,0.653476893902,0.741726398468,0.773668348789,0.921552598476,0.815107941628,0.72649627924,0.580426812172,0.482023060322,0.619091629982,0.587022900581,0.778342008591,0.426785469055,0.310781270266,0.311645656824,0.239990711212,0.180497527122,0.132908061147,0.0843273177743,0.0794413462281,0.120491862297,0.147505789995,0.11523912847,0.0607712306082,0.0471165329218,0.0461371168494,0.0395715236664,0.0226965490729,0.0108588105068,0.00518683949485,0.0024969491642,0.00147469202057,0.000922977400478,0.000660185061861,0.000605727487709,0.000576473888941,0.000286472204607,0.000269629206741],"min":[3.64046258416e-11,2.64136157391e-10,2.48978060391e-10,4.49504961031e-10,5.59091395402e-9,1.60685651451e-8,3.37335919198e-8,4.14845189312e-8,3.44002906161e-8,2.35590267295e-8,6.18476363456e-8,1.10874381676e-7,7.91388146126e-8,2.02217222522e-7,1.51126485548e-7,5.64344553311e-8,9.46232603383e-8,4.05302884587e-8,1.14973325083e-7,1.12783396844e-7,5.68711442384e-8,1.20806589621e-7,1.50316097347e-7,1.73394028025e-7,1.1122801169e-7,1.12509646044e-7,1.09401661064e-7,1.2004890948e-7,7.7776086016e-8,1.24859298012e-7,1.74430041966e-7,1.44541843383e-7,7.53483107019e-8,6.29305603184e-8,4.5357126055e-8,2.21216289731e-8,1.99815577417e-8,1.12251434814e-8,2.78645573282e-9,4.20494444819e-10],"var":[0.794311225414,7.69368839264,38.6369056702,49.3526496887,120.276000977,101.76776886,1433.41748047,8294.96289062,2618.59326172,13763.6308594,1731.82775879,803.53338623,1389.13793945,4813.18310547,10482.0371094,27382.3007812,4268.33496094,822.259216309,908.624755859,1258.96569824,410.708953857,95.1991043091,69.7888946533,64.9015960693,42.8198661804,23.9379692078,19.4843502045,12.4824285507,9.40082550049,1.84818935394,0.863003671169,0.145732343197,0.00915610790253,0.00203753286041,0.000809384626336,0.000458096677903,0.00343145639636,0.0043241083622,0.00192465272266,0.000257808744209]},"erbbands_crest":{"dmean":3.25104999542,"dmean2":5.41124343872,"dvar":8.39440155029,"dvar2":23.0974674225,"max":30.29728508,"mean":10.833978653,"median":9.80108165741,"min":2.62513875961,"var":23.7241268158},"erbbands_flatness_db":{"dmean":0.0303834713995,"dmean2":0.0487610660493,"dvar":0.000754444277845,"dvar2":0.00205283402465,"max":0.353322088718,"mean":0.163036510348,"median":0.158369034529,"min":0.0463630706072,"var":0.00257728621364},"erbbands_kurtosis":{"dmean":2.60659742355,"dmean2":4.30069732666,"dvar":22.1976318359,"dvar2":62.0602493286,"max":104.660011292,"mean":3.40514492989,"median":1.26403141022,"min":-1.84623026848,"var":42.9124717712},"erbbands_skewness":{"dmean":0.525886297226,"dmean2":0.827769517899,"dvar":0.287197440863,"dvar2":0.708935558796,"max":8.06246471405,"mean":0.92228102684,"median":0.815244495869,"min":-4.75474500656,"var":1.57604157925},"erbbands_spread":{"dmean":7.84582471848,"dmean2":12.4618844986,"dvar":74.7162246704,"dvar2":183.142547607,"max":136.996795654,"mean":28.0904159546,"median":24.7814178467,"min":2.08308529854,"var":285.850708008},"gfcc":{"cov":[[21234.5175781,-603.703308105,-3751.13867188,-1267.21289062,683.601806641,-736.20690918,225.669372559,-711.509277344,202.976379395,336.803863525,410.149078369,314.784912109,308.431793213],[-603.703308105,899.966369629,236.144989014,-371.814697266,-38.9387359619,68.0167236328,-29.5448703766,-2.94762945175,-32.7170219421,-16.5971469879,51.2593955994,-76.284362793,76.9913406372],[-3751.13867188,236.144989014,1047.37817383,245.88269043,-173.757827759,223.701873779,-104.805046082,211.107559204,-39.6789245605,-33.8598327637,-72.9239883423,-90.5754623413,-38.8036346436],[-1267.21289062,-371.814697266,245.88269043,576.633178711,40.8857002258,-33.8570480347,36.116268158,45.8488693237,-13.3450622559,-23.622926712,-60.5639839172,14.2112722397,-101.866249084],[683.601806641,-38.9387359619,-173.757827759,40.8857002258,308.429260254,51.834854126,74.4742660522,-53.3965454102,55.2894058228,-19.5066642761,17.1682910919,15.0573453903,21.134967804],[-736.20690918,68.0167236328,223.701873779,-33.8570480347,51.834854126,300.535461426,-27.9807662964,107.309585571,-54.2507629395,-17.258014679,-22.7544879913,-34.1437683105,27.4229431152],[225.669372559,-29.5448703766,-104.805046082,36.116268158,74.4742660522,-27.9807662964,234.510650635,-38.2541160583,56.7238311768,-39.3745498657,-5.95263910294,24.5569782257,-35.8382606506],[-711.509277344,-2.94762945175,211.107559204,45.8488693237,-53.3965454102,107.309585571,-38.2541160583,194.790039062,-9.20170593262,1.05318248272,-20.2223968506,-43.5145111084,11.2490625381],[202.976379395,-32.7170219421,-39.6789245605,-13.3450622559,55.2894058228,-54.2507629395,56.7238311768,-9.20170593262,152.555130005,39.734828949,8.79449081421,16.8938465118,-14.8068161011],[336.803863525,-16.5971469879,-33.8598327637,-23.622926712,-19.5066642761,-17.258014679,-39.3745498657,1.05318248272,39.734828949,96.1700820923,43.1908111572,0.837856888771,8.74064064026],[410.149078369,51.2593955994,-72.9239883423,-60.5639839172,17.1682910919,-22.7544879913,-5.95263910294,-20.2223968506,8.79449081421,43.1908111572,79.3334197998,30.3800888062,21.3901462555],[314.784912109,-76.284362793,-90.5754623413,14.2112722397,15.0573453903,-34.1437683105,24.5569782257,-43.5145111084,16.8938465118,0.837856888771,30.3800888062,84.8622055054,14.5383548737],[308.431793213,76.9913406372,-38.8036346436,-101.866249084,21.134967804,27.4229431152,-35.8382606506,11.2490625381,-14.8068161011,8.74064064026,21.3901462555,14.5383548737,92.8474960327]],"icov":[[0.000147469516378,0.0000403739068133,0.000416206021328,0.000183362761163,-0.00019273426733,0.000131454871735,-0.0000325039145537,-0.0000835656246636,0.000171979569132,-0.000436260394054,0.0000606054491072,-0.0000817767213448,-0.000078279277659],[0.0000403739068133,0.00275121117011,-0.00150290154852,0.00222236732952,-0.000800600566436,0.00103052344639,-0.000731382344384,0.000723713659681,0.000917499593925,0.000730253115762,-0.00219307071529,0.00222975760698,-0.000863806519192],[0.000416206021328,-0.00150290154852,0.00478600850329,-0.00311922724359,0.00313747674227,-0.00332038244233,0.00143003894482,0.000199815738597,-0.0036085457541,0.00229249382392,-0.0019209968159,0.00216387072578,-0.00145164190326],[0.000183362761163,0.00222236732952,-0.00311922724359,0.00762631976977,-0.00607495568693,0.00541792158037,-0.00165337126236,-0.00327255483717,0.00711001455784,-0.00639990437776,0.00586556969211,-0.00561055587605,0.00541604217142],[-0.00019273426733,-0.000800600566436,0.00313747674227,-0.00607495568693,0.0110490461811,-0.00743357790634,0.00093697354896,0.0053280107677,-0.00991819240153,0.0100771682337,-0.00910856574774,0.00809491984546,-0.00635256851092],[0.000131454871735,0.00103052344639,-0.00332038244233,0.00541792158037,-0.00743357790634,0.0103554325178,-0.00176017184276,-0.00551441079006,0.00885482598096,-0.00757801998407,0.00722356233746,-0.00567388068885,0.00323736271821],[-0.0000325039145537,-0.000731382344384,0.00143003894482,-0.00165337126236,0.00093697354896,-0.00176017184276,0.00692223198712,0.000752836407628,-0.00455640954897,0.0055695255287,-0.00234481669031,0.000184317686944,0.00164582487196],[-0.0000835656246636,0.000723713659681,0.000199815738597,-0.00327255483717,0.0053280107677,-0.00551441079006,0.000752836407628,0.0113212587312,-0.00612235534936,0.00578179676086,-0.00630296068266,0.00857501197606,-0.00590590387583],[0.000171979569132,0.000917499593925,-0.0036085457541,0.00711001455784,-0.00991819240153,0.00885482598096,-0.00455640954897,-0.00612235534936,0.0197313651443,-0.0164611339569,0.0123952785507,-0.0107752652839,0.00711372913793],[-0.000436260394054,0.000730253115762,0.00229249382392,-0.00639990437776,0.0100771682337,-0.00757801998407,0.0055695255287,0.00578179676086,-0.0164611339569,0.0316264182329,-0.0226542595774,0.0144940866157,-0.00647906353697],[0.0000606054491072,-0.00219307071529,-0.0019209968159,0.00586556969211,-0.00910856574774,0.00722356233746,-0.00234481669031,-0.00630296068266,0.0123952785507,-0.0226542595774,0.0353698581457,-0.0191962234676,0.00601486722007],[-0.0000817767213448,0.00222975760698,0.00216387072578,-0.00561055587605,0.00809491984546,-0.00567388068885,0.000184317686944,0.00857501197606,-0.0107752652839,0.0144940866157,-0.0191962234676,0.0287450384349,-0.0111245522276],[-0.000078279277659,-0.000863806519192,-0.00145164190326,0.00541604217142,-0.00635256851092,0.00323736271821,0.00164582487196,-0.00590590387583,0.00711372913793,-0.00647906353697,0.00601486722007,-0.0111245522276,0.0210234187543]],"mean":[-147.665939331,117.443122864,-58.5499382019,6.55166864395,-21.3938865662,-10.0831651688,-1.70822298527,-15.7777805328,-4.83238506317,-8.06381320953,-6.65005397797,-1.78030848503,-8.53016662598]},"hfc":{"dmean":21.1967144012,"dmean2":33.650604248,"dvar":3586.61254883,"dvar2":8523.734375,"max":2180.15258789,"mean":76.9510421753,"median":6.44245004654,"min":0.00000140565884976,"var":20841.8730469},"melbands":{"dmean":[0.00126652128529,0.000911305658519,0.000375690840883,0.000213554390939,0.0002504728036,0.000397365627578,0.000155793342856,0.000166980913491,0.0000617600453552,0.0000431773878518,0.000036445686419,0.0000532602971361,0.0000686189814587,0.0000483625517518,0.000039411301259,0.000019114877432,0.00000948147317104,0.00000923407424125,0.00000886323232407,0.00000671870748192,0.00000407485731557,0.00000215184422814,0.00000150629227846,0.0000015723994693,0.00000117722299819,9.74914996732e-7,7.56507915867e-7,5.53142115223e-7,4.53278289569e-7,3.75248419004e-7,3.12080629783e-7,3.09504599727e-7,1.57165274572e-7,1.16915856552e-7,9.15017466241e-8,7.48065218659e-8,3.18024255819e-8,1.92839717528e-8,1.48135521627e-8,1.24394876622e-8],"dmean2":[0.00199346803129,0.00152689509559,0.000618015648797,0.000350931455614,0.000392982154153,0.000630637514405,0.00024615667644,0.000265466689598,0.000101178411569,0.0000716802387615,0.000059588739532,0.0000855091057019,0.00011019653175,0.0000777949098847,0.000061966580688,0.0000310036120936,0.000015347113731,0.0000148822873598,0.0000142019162013,0.000010772193491,0.00000660776095174,0.0000035661585116,0.00000241307020588,0.00000252153427027,0.00000188047249594,0.00000159351009188,0.00000122085884868,9.09781476821e-7,7.34252694201e-7,5.96527797825e-7,4.9353951681e-7,4.69425145866e-7,2.33533256733e-7,1.74869285274e-7,1.33436742544e-7,1.11336859732e-7,5.18730125521e-8,3.29106590868e-8,2.51656544492e-8,2.11182555887e-8],"dvar":[0.0000366825079254,0.00000681468281982,9.06279751689e-7,2.74241756415e-7,5.50317679426e-7,0.00000216633384298,3.50787786374e-7,8.56080021094e-7,5.71225164947e-8,1.82271602256e-8,1.91900113578e-8,4.42056986572e-8,8.33558786439e-8,5.31589421371e-8,3.70338497646e-8,5.57688251135e-9,9.97390836588e-10,1.03806307994e-9,9.71140834416e-10,6.7801664283e-10,1.96200417024e-10,4.79847411805e-11,2.28863594742e-11,2.25560854716e-11,1.59985618503e-11,1.10275425944e-11,6.903648226e-12,3.4998813743e-12,2.55772399788e-12,1.78080228515e-12,1.26493639781e-12,2.04965645151e-12,2.89481600583e-13,1.69939325741e-13,1.60716248252e-13,1.52806586828e-13,1.88198083148e-14,6.55648478624e-15,1.91983532682e-15,1.32966882659e-15],"dvar2":[0.0000850830620038,0.000019235900254,0.00000248504534284,7.11697566658e-7,0.00000130837224788,0.00000535694471182,8.75451746651e-7,0.00000216268790609,1.38626191415e-7,4.80584709805e-8,5.05229564851e-8,1.08184771364e-7,1.96147610154e-7,1.18792478077e-7,7.13129040264e-8,1.35714213201e-8,2.50588527706e-9,2.34034946978e-9,2.24475127375e-9,1.58062896105e-9,4.64702026859e-10,1.24609308982e-10,5.47447503996e-11,5.54255565055e-11,3.87953072445e-11,2.92229331011e-11,1.75048794904e-11,9.09928816323e-12,6.40127230736e-12,4.32819448684e-12,3.22746625432e-12,4.40104116345e-12,6.18456783182e-13,3.64871625752e-13,3.2972688707e-13,3.17683352498e-13,4.42705835641e-14,1.72028986515e-14,5.03548000484e-15,3.49779100371e-15],"max":[0.128107950091,0.0610792711377,0.0203878451139,0.0115250861272,0.0211179051548,0.0525514520705,0.0170460473746,0.0367391072214,0.0073583079502,0.00347132585011,0.00551759684458,0.00747234653682,0.0101948911324,0.0131169259548,0.0148384636268,0.00301050534472,0.000988973886706,0.00179404695518,0.00138638087083,0.000690637272783,0.000478759728139,0.000208957804716,0.000185991186299,0.000164208919159,0.000133932553581,0.000101609264675,0.0000753971762606,0.0000522231202922,0.000057390807342,0.0000508573757543,0.000049611684517,0.0000688032305334,0.000018604188881,0.0000144118503158,0.0000208735636988,0.000025273704523,0.00000594379571339,0.00000341645113622,8.90143837751e-7,7.86469968261e-7],"mean":[0.00190450437367,0.00151122827083,0.000646521162707,0.000339740479831,0.000387809268432,0.000571250566281,0.000246604438871,0.000234455335885,0.0000935344432946,0.0000645666368655,0.0000567400202272,0.0000830126082292,0.00010674407531,0.0000763646530686,0.0000602366853855,0.0000309023635054,0.0000171154060808,0.0000161903917615,0.0000157278027473,0.0000121130733532,0.00000766658286011,0.00000407507104683,0.00000286899125967,0.00000294751021102,0.00000227922441809,0.00000176660728357,0.0000014429977,0.0000010606622709,9.03439797639e-7,7.91021477653e-7,6.38230574168e-7,5.62491720757e-7,3.07099327301e-7,2.15516422486e-7,1.42871698472e-7,1.05248005866e-7,3.68438506371e-8,1.79437105174e-8,1.42347635901e-8,1.2100099589e-8],"median":[0.000222736183787,0.000311722658807,0.000128743471578,0.000054550171626,0.0000330259426846,0.0000191076032934,0.0000106767665784,0.00000556088525627,0.00000382213329431,0.00000378071126761,0.00000273941213891,0.00000295569407172,0.00000138532527671,8.75260468547e-7,6.4080188622e-7,6.3179402332e-7,3.85642607625e-7,2.71438011623e-7,2.10220349572e-7,1.24077402575e-7,8.48398258313e-8,7.50109379055e-8,8.32407209828e-8,1.2020935003e-7,1.12061840696e-7,9.25124865603e-8,5.24365475485e-8,3.376418789e-8,2.79057612573e-8,2.49364280336e-8,2.55782879321e-8,2.30073151641e-8,1.58623141289e-8,1.02385797618e-8,6.0998530671e-9,4.32525792959e-9,2.39089081866e-9,1.57545199109e-9,1.36066069523e-9,1.12939446684e-9],"min":[4.82915248588e-13,2.17317117535e-13,1.63152951978e-13,8.26238708528e-13,1.06114823959e-12,9.77764418909e-13,4.99778224448e-13,2.35516087969e-13,5.11943135453e-13,7.17895632264e-13,3.97915017993e-13,8.29730706885e-13,6.06077145936e-13,1.59789783944e-13,1.72551900611e-13,1.71918319966e-13,6.008630144e-14,1.6228945271e-13,2.02157355526e-13,1.02751764345e-13,5.51830377725e-14,1.34407703066e-13,9.29639462741e-14,1.89033779407e-13,1.37056693577e-13,6.32320395046e-14,8.10916546586e-14,8.00604428672e-14,8.52623703519e-14,5.60666930363e-14,7.1938088082e-14,4.41598187596e-14,4.98229218028e-14,7.46725204999e-14,9.86278794095e-14,1.16931014567e-13,7.32364676174e-14,5.40213015922e-14,4.00016323776e-14,6.02576121595e-14],"var":[0.0000439438990725,0.0000102876674646,0.000001636640377,5.40287715012e-7,0.00000117457739179,0.0000037578474803,6.44424403617e-7,0.00000132387685881,1.03243351646e-7,3.23995941187e-8,3.63589691688e-8,7.29730871285e-8,1.64625930665e-7,1.30011571287e-7,9.70361497821e-8,1.06098436703e-8,2.54207788153e-9,2.33553554274e-9,2.33612085232e-9,1.69343905565e-9,5.15880227425e-10,1.24194141082e-10,6.02083938261e-11,6.38239253115e-11,4.43653863647e-11,2.62511418853e-11,1.78717249333e-11,9.75167082501e-12,7.76229341221e-12,6.21381028229e-12,3.73148950975e-12,4.36990461178e-12,9.55967618434e-13,4.73426853276e-13,2.9164599338e-13,2.23493654681e-13,2.15856995364e-14,5.41146014243e-15,1.89334140678e-15,1.33879645363e-15]},"melbands_crest":{"dmean":3.71614170074,"dmean2":6.13579177856,"dvar":10.5208387375,"dvar2":28.3322639465,"max":37.1982307434,"mean":17.6139469147,"median":16.8989849091,"min":3.56572175026,"var":38.8824234009},"melbands_flatness_db":{"dmean":0.0452297739685,"dmean2":0.0731494650245,"dvar":0.00173767993692,"dvar2":0.00479540368542,"max":0.675251662731,"mean":0.336688786745,"median":0.332162559032,"min":0.0356064364314,"var":0.00846946239471},"melbands_kurtosis":{"dmean":15.1172971725,"dmean2":24.465379715,"dvar":564.692871094,"dvar2":1437.90185547,"max":473.147460938,"mean":31.5882587433,"median":16.2320365906,"min":-1.91707968712,"var":1904.18310547},"melbands_skewness":{"dmean":0.985829174519,"dmean2":1.56850135326,"dvar":0.961929798126,"dvar2":2.46944189072,"max":16.895111084,"mean":3.39669370651,"median":3.04121780396,"min":-1.99244070053,"var":4.80322980881},"melbands_spread":{"dmean":3.388266325,"dmean2":5.17908191681,"dvar":49.6787261963,"dvar2":87.1323699951,"max":166.688049316,"mean":9.77350234985,"median":5.40326833725,"min":0.268045127392,"var":196.119247437},"mfcc":{"cov":[[20210.6855469,1274.74975586,-4757.59179688,-143.246795654,-1149.40893555,520.114868164,-687.504943848,-288.012481689,-481.59387207,-207.344390869,-181.042022705,151.91619873,276.524993896],[1274.74975586,1078.1081543,-214.267440796,-420.414459229,-62.8563041687,-31.6489105225,8.5291852951,-114.673744202,-18.514125824,-40.6660079956,-16.5826072693,3.73575186729,8.00435066223],[-4757.59179688,-214.267440796,1516.72094727,-14.7917633057,268.617645264,-182.172973633,158.10899353,46.6790809631,115.803321838,70.1615524292,43.3894691467,-16.0671138763,-71.9697875977],[-143.246795654,-420.414459229,-14.7917633057,487.065734863,-10.0977649689,24.5534248352,-31.2073822021,43.0827941895,-28.8903636932,17.1695613861,35.4477882385,-20.3529396057,-16.1631946564],[-1149.40893555,-62.8563041687,268.617645264,-10.0977649689,315.729888916,26.6889820099,67.1812591553,21.8949146271,63.5428009033,16.7062187195,-8.85849189758,19.8785514832,0.1355651021],[520.114868164,-31.6489105225,-182.172973633,24.5534248352,26.6889820099,182.980987549,30.2536621094,35.5660438538,-1.31710267067,-4.82736492157,-20.9415187836,9.9771490097,24.2215080261],[-687.504943848,8.5291852951,158.10899353,-31.2073822021,67.1812591553,30.2536621094,171.002578735,65.9585723877,32.0200996399,-1.30666935444,-10.4203977585,-13.7482566833,-16.1822891235],[-288.012481689,-114.673744202,46.6790809631,43.0827941895,21.8949146271,35.5660438538,65.9585723877,148.163070679,56.6390075684,14.6003198624,-10.6346569061,-3.47962808609,-0.896495759487],[-481.59387207,-18.514125824,115.803321838,-28.8903636932,63.5428009033,-1.31710267067,32.0200996399,56.6390075684,113.553901672,40.8964958191,3.63664913177,9.91970920563,-0.895632743835],[-207.344390869,-40.6660079956,70.1615524292,17.1695613861,16.7062187195,-4.82736492157,-1.30666935444,14.6003198624,40.8964958191,89.3951950073,30.3814277649,12.025967598,-6.26060247421],[-181.042022705,-16.5826072693,43.3894691467,35.4477882385,-8.85849189758,-20.9415187836,-10.4203977585,-10.6346569061,3.63664913177,30.3814277649,82.3632507324,15.793961525,-8.6737613678],[151.91619873,3.73575186729,-16.0671138763,-20.3529396057,19.8785514832,9.9771490097,-13.7482566833,-3.47962808609,9.91970920563,12.025967598,15.793961525,76.5116653442,42.6555290222],[276.524993896,8.00435066223,-71.9697875977,-16.1631946564,0.1355651021,24.2215080261,-16.1822891235,-0.896495759487,-0.895632743835,-6.26060247421,-8.6737613678,42.6555290222,74.1584777832]],"icov":[[0.000250645010965,-0.000177271635039,0.000648964371067,-0.0000528329910594,0.000283681525616,-0.000116394177894,0.000274892518064,-0.0000318490019708,0.000252592202742,-0.000223128226935,0.000418044044636,-0.000542070192751,0.000144817619002],[-0.000177271635039,0.00173421285581,-0.000175673616468,0.00132050644606,-0.0000444733232143,0.000286684866296,-0.000735887035262,0.00101597933099,-0.000418239185819,0.000443512457423,-0.000681956182234,0.000628250360023,-0.0000594353659835],[0.000648964371067,-0.000175673616468,0.00284303049557,0.0000104494429252,-0.0000361987840733,0.00102481991053,-0.000273044570349,0.000109700849862,0.000320999359246,-0.00095548783429,0.000794078106992,-0.00131704367232,0.000741209543776],[-0.0000528329910594,0.00132050644606,0.0000104494429252,0.00357212475501,-0.000256628234638,-0.000265289738309,0.000606952176895,-0.00086253171321,0.00130301725585,-0.000209603502299,-0.00175545585807,0.00135313451756,0.0000667175627314],[0.000283681525616,-0.0000444733232143,-0.0000361987840733,-0.000256628234638,0.0049836402759,-0.00148892519064,-0.000735697569326,0.00136772787664,-0.00204954762012,0.000251908204518,0.0014836586779,-0.00225292006508,0.000655042473227],[-0.000116394177894,0.000286684866296,0.00102481991053,-0.000265289738309,-0.00148892519064,0.00801226310432,-0.00211601518095,-0.00117907091044,0.000798668304924,-0.000827026262414,0.000900788640138,0.0000899360093172,-0.00175694481004],[0.000274892518064,-0.000735887035262,-0.000273044570349,0.000606952176895,-0.000735697569326,-0.00211601518095,0.00966490898281,-0.00421013962477,0.000902194122318,0.000836639082991,0.00010794057016,0.00051664194325,0.00146926264279],[-0.0000318490019708,0.00101597933099,0.000109700849862,-0.00086253171321,0.00136772787664,-0.00117907091044,-0.00421013962477,0.0120319360867,-0.00609053950757,0.000405535305617,0.00139061536174,0.0000361421007256,-0.000360535632353],[0.000252592202742,-0.000418239185819,0.000320999359246,0.00130301725585,-0.00204954762012,0.000798668304924,0.000902194122318,-0.00609053950757,0.0160259827971,-0.00614933250472,0.000784629432019,-0.00096255086828,-0.000115241782623],[-0.000223128226935,0.000443512457423,-0.00095548783429,-0.000209603502299,0.000251908204518,-0.000827026262414,0.000836639082991,0.000405535305617,-0.00614933250472,0.0163803156465,-0.00517620705068,-0.00128704158124,0.00171176262666],[0.000418044044636,-0.000681956182234,0.000794078106992,-0.00175545585807,0.0014836586779,0.000900788640138,0.00010794057016,0.00139061536174,0.000784629432019,-0.00517620705068,0.017433039844,-0.0066944505088,0.00410837167874],[-0.000542070192751,0.000628250360023,-0.00131704367232,0.00135313451756,-0.00225292006508,0.0000899360093172,0.00051664194325,0.0000361421007256,-0.00096255086828,-0.00128704158124,-0.0066944505088,0.0242734849453,-0.0138070983812],[0.000144817619002,-0.0000594353659835,0.000741209543776,0.0000667175627314,0.000655042473227,-0.00175694481004,0.00146926264279,-0.000360535632353,-0.000115241782623,0.00171176262666,0.00410837167874,-0.0138070983812,0.0231392364949]],"mean":[-814.479858398,168.466369629,23.4273223877,32.11743927,3.91259908676,16.6091537476,5.22626924515,6.87014055252,1.40675377846,1.42618882656,2.52365350723,-0.758900344372,1.24277949333]},"pitch_salience":{"dmean":0.0796784907579,"dmean2":0.132062032819,"dvar":0.00443588709459,"dvar2":0.0121093662456,"max":0.854195296764,"mean":0.530031204224,"median":0.541379034519,"min":0.051939625293,"var":0.0132145257667},"silence_rate_20dB":{"dmean":0.00266903918236,"dmean2":0.00533855333924,"dvar":0.00266205356456,"dvar2":0.00744610372931,"max":1,"mean":0.998398721218,"median":1,"min":0,"var":0.00159853615332},"silence_rate_30dB":{"dmean":0.0245551597327,"dmean2":0.0491146892309,"dvar":0.0239545963705,"dvar2":0.0554281212389,"max":1,"mean":0.953651785851,"median":1,"min":0,"var":0.0441979542375},"silence_rate_60dB":{"dmean":0.0368327386677,"dmean2":0.0736720338464,"dvar":0.0354700125754,"dvar2":0.0801713839173,"max":1,"mean":0.451294362545,"median":0,"min":0,"var":0.247595191002},"spectral_centroid":{"dmean":140.841934204,"dmean2":212.971954346,"dvar":61353.3046875,"dvar2":96945.7890625,"max":11004.0644531,"mean":622.775756836,"median":451.570159912,"min":91.7969055176,"var":295435.125},"spectral_complexity":{"dmean":1.59377229214,"dmean2":2.5907998085,"dvar":5.20481538773,"dvar2":11.4031600952,"max":53,"mean":8.69744682312,"median":4,"min":0,"var":96.1662139893},"spectral_contrast_coeffs":{"dmean":[0.0475634261966,0.0476669259369,0.0379305407405,0.0318739786744,0.0252382513136,0.0364217832685],"dmean2":[0.0796375274658,0.0783473029733,0.0625462085009,0.0525094866753,0.0413664057851,0.0581992082298],"dvar":[0.00146677182056,0.00153576792218,0.0009370703483,0.000689709035214,0.00046907630167,0.0013855373254],"dvar2":[0.00399811333045,0.00406016223133,0.0024499441497,0.00182248954661,0.00120616191998,0.00332469353452],"max":[-0.392617464066,-0.419363737106,-0.522582888603,-0.598462462425,-0.648323953152,-0.413564413786],"mean":[-0.702542841434,-0.777987778187,-0.819704532623,-0.850703239441,-0.863406002522,-0.78872692585],"median":[-0.707679629326,-0.793548345566,-0.825493097305,-0.848437488079,-0.857859134674,-0.812103509903],"min":[-0.945307254791,-0.951096892357,-0.978554368019,-0.989707708359,-0.976521670818,-0.95598500967],"var":[0.00531840929762,0.00693149399012,0.00439742952585,0.00426102476195,0.00329750962555,0.00694909691811]},"spectral_contrast_valleys":{"dmean":[0.370188564062,0.394465535879,0.398325413465,0.458149552345,0.48579710722,0.707207202911],"dmean2":[0.613795816898,0.644438326359,0.647525072098,0.746555745602,0.779700160027,1.16403198242],"dvar":[0.111226826906,0.128471627831,0.152343660593,0.24467523396,0.27132460475,0.363676905632],"dvar2":[0.257006257772,0.297610759735,0.355395078659,0.621109545231,0.680367290974,0.944899618626],"max":[-4.78812217712,-4.30075073242,-4.89190673828,-5.62906312943,-5.84765100479,-8.81285762787],"mean":[-7.60709905624,-7.64637136459,-8.38424873352,-9.02275466919,-9.2587223053,-12.1662597656],"median":[-7.68684387207,-7.75596427917,-8.51729488373,-9.22779273987,-9.3133649826,-12.1665649414],"min":[-27.5355682373,-27.7877388,-27.3871974945,-27.2154216766,-27.0384159088,-27.3154449463],"var":[1.2463632822,1.9587033987,2.41714453697,2.76498770714,2.34186434746,1.61025846004]},"spectral_decrease":{"dmean":2.21825291469e-9,"dmean2":3.48839934716e-9,"dvar":5.00301366872e-17,"dvar2":1.16941448107e-16,"max":1.35077771191e-8,"mean":-4.66959804157e-9,"median":-9.39960331792e-10,"min":-1.44219711729e-7,"var":9.20954439003e-17},"spectral_energy":{"dmean":0.00863608345389,"dmean2":0.0134408278391,"dvar":0.000739605748095,"dvar2":0.00170428282581,"max":0.567630708218,"mean":0.0246038082987,"median":0.00451152818277,"min":1.33451791284e-10,"var":0.00195986474864},"spectral_energyband_high":{"dmean":0.0000669980072416,"dmean2":0.0000922323597479,"dvar":4.31402646939e-8,"dvar2":7.81242874837e-8,"max":0.00841998774558,"mean":0.000220680536586,"median":0.00000770696533436,"min":5.50338212502e-11,"var":3.80366429908e-7},"spectral_energyband_low":{"dmean":0.00580583699048,"dmean2":0.00922856293619,"dvar":0.000523414462805,"dvar2":0.0012090576347,"max":0.465480238199,"mean":0.0103993881494,"median":0.00197074119933,"min":2.31831004047e-12,"var":0.000741332245525},"spectral_energyband_middle_high":{"dmean":0.00108204316348,"dmean2":0.00165575032588,"dvar":0.0000126590257423,"dvar2":0.0000271731787507,"max":0.19276510179,"mean":0.00292544136755,"median":0.000100022771221,"min":2.51612584934e-11,"var":0.0000561894630664},"spectral_energyband_middle_low":{"dmean":0.00354256038554,"dmean2":0.00547860888764,"dvar":0.0000837330371724,"dvar2":0.000206370474189,"max":0.253113269806,"mean":0.00804874952883,"median":0.00102266483009,"min":1.85240416756e-11,"var":0.000258247484453},"spectral_entropy":{"dmean":0.336564779282,"dmean2":0.54477930069,"dvar":0.118724159896,"dvar2":0.327519923449,"max":9.7976360321,"mean":6.971534729,"median":7.06683158875,"min":4.71508026123,"var":0.370469689369},"spectral_flux":{"dmean":0.0158326942474,"dmean2":0.0261698067188,"dvar":0.000881933839992,"dvar2":0.00224450742826,"max":0.649447858334,"mean":0.0620410554111,"median":0.0343713834882,"min":0.000011552133401,"var":0.00439188955352},"spectral_kurtosis":{"dmean":6.75907468796,"dmean2":11.0972290039,"dvar":87.1190795898,"dvar2":234.810440063,"max":148.424850464,"mean":18.4110412598,"median":15.0079574585,"min":-1.23146045208,"var":154.825164795},"spectral_rms":{"dmean":0.000608378904872,"dmean2":0.000938238459639,"dvar":0.00000113251394396,"dvar2":0.00000247106345341,"max":0.0235326588154,"mean":0.00357158854604,"median":0.00209797313437,"min":3.60828039447e-7,"var":0.0000112474963316},"spectral_rolloff":{"dmean":3663.29370117,"dmean2":7131.140625,"dvar":54965100,"dvar2":142286144,"max":22050,"mean":6836.29492188,"median":732.12890625,"min":21.533203125,"var":89480048},"spectral_skewness":{"dmean":0.560731351376,"dmean2":0.907713472843,"dvar":0.43518435955,"dvar2":1.18126475811,"max":9.29887104034,"mean":3.06558585167,"median":2.87861990929,"min":0.0210520830005,"var":1.13124191761},"spectral_spread":{"dmean":661373.625,"dmean2":1062817.625,"dvar":490322296832,"dvar2":1106873942020,"max":40894136,"mean":3919946,"median":3873763.5,"min":1014468.875,"var":1331926007810},"spectral_strongpeak":{"dmean":1.43503439426,"dmean2":2.68278503418,"dvar":78.7769393921,"dvar2":244.292892456,"max":208.279083252,"mean":1.20181512833,"median":0.124008841813,"min":0,"var":52.2028007507},"zerocrossingrate":{"dmean":0.0354920513928,"dmean2":0.0471617802978,"dvar":0.00101990601979,"dvar2":0.00180020171683,"max":0.66259765625,"mean":0.199607074261,"median":0.18994140625,"min":0.00341796875,"var":0.0108021311462}},"metadata":{"audio_properties":{"analysis_sample_rate":44100,"bit_rate":128000,"codec":"mp3","downmix":"mix","equal_loudness":0,"length":260.989379883,"lossless":false,"md5_encoded":"10f7811c154bf9c7b15ff764aa45ad16","replay_gain":-0.303201675415},"tags":{"album":["The Final Cut"],"albumartist":["Pink Floyd"],"albumartistsort":["Pink Floyd"],"artist":["Pink Floyd"],"artistsort":["Pink Floyd"],"asin":["B000002C1V"],"barcode":["074643824316"],"catalognumber":["QC 38243"],"composer":["Roger Waters"],"conductor":["Michael Kamen"],"date":["1983-04-02"],"discnumber":["1/1"],"file_name":"02 Your Possible Pasts.mp3","genre":["Psychadelic Rock"],"label":["Columbia Records"],"language":["eng"],"lyricist":["Roger Waters"],"media":["Vinyl"],"mp3gain_album_minmax":["070,190"],"mp3gain_minmax":["131,185"],"musicbrainz album release country":["US"],"musicbrainz album status":["official"],"musicbrainz album type":["album"],"musicbrainz_albumartistid":["83d91898-7763-47d7-b03b-b92132375c47"],"musicbrainz_albumid":["5b9d952a-2d05-44b8-a50a-d07b511add05"],"musicbrainz_artistid":["83d91898-7763-47d7-b03b-b92132375c47"],"musicbrainz_recordingid":["25697fc3-597c-4924-b61d-ab61d6ab0d1d"],"originaldate":["1983-03-21"],"replaygain_album_gain":["-0.36 dB"],"replaygain_album_peak":["0.908525"],"replaygain_track_gain":["-0.37 dB"],"replaygain_track_peak":["0.676671"],"script":["Latn"],"title":["Your Possible Pasts"],"tracknumber":["2/12"]},"version":{"essentia":"2.1-beta1","essentia_build_sha":"eef087cf131c10083d474ad51def18efd0e38295","essentia_git_sha":"v2.1_beta1-7-ge0e83e8-dirty","extractor":"music 1.0"}},"rhythm":{"beats_count":589,"beats_loudness":{"dmean":0.0277793481946,"dmean2":0.0478423759341,"dvar":0.0030627194792,"dvar2":0.00850626081228,"max":0.360502541065,"mean":0.0355919189751,"median":0.005167437