{"lowlevel":{"average_loudness":0.944513380527,"barkbands":{"dmean":[0.00253929872997,0.00674431817606,0.00262884097174,0.00153473333921,0.00182255392428,0.00162324379198,0.00114081951324,0.000617577810772,0.00131599255838,0.00102841691114,0.00167547119781,0.00058274785988,0.000447689904831,0.000527107680682,0.000154267516336,0.00010429424583,0.000109815591713,0.000137858296512,0.000140083924634,0.000159931179951,0.000113501009764,0.0000806122552603,0.0000252294503298,0.0000106589714051,0.00000302543276121,0.0000115851908049,0.000391547306208],"dmean2":[0.00442860228941,0.0114407502115,0.0045484341681,0.00252868351527,0.00294287852012,0.00265298085287,0.00187428039499,0.00103846483398,0.00219638948329,0.00171084795147,0.00273252348416,0.000977065530606,0.000753197993618,0.000893325195648,0.00025822679163,0.000171903826413,0.000173208085471,0.000215221720282,0.000209598467336,0.000227651195019,0.000158854483743,0.000111117966298,0.0000360724516213,0.0000158046987053,0.00000502924149259,0.0000165962046594,0.000633237941656],"dvar":[0.0000118429534268,0.0000889702059794,0.0000131809965751,0.0000112409261419,0.0000149553161464,0.0000171446317836,0.00000550412869416,0.00000335315576194,0.00000554171219846,0.00000428972589361,0.00000549022070118,6.74574948789e-7,3.53220116267e-7,3.39353078971e-7,5.3063487826e-8,2.73864859679e-8,3.1300999126e-8,1.33916728373e-7,2.27122853858e-7,5.58175827337e-7,4.55750317485e-8,2.08670485335e-8,2.03117012099e-9,3.39640371383e-10,2.33184097032e-11,3.72192276998e-10,2.00072634016e-7],"dvar2":[0.0000322538326145,0.000235604762565,0.0000358545876225,0.000024782586479,0.0000351129092451,0.0000406733124692,0.0000118153957374,0.00000875939895195,0.0000136120333991,0.000010773480426,0.0000141993277794,0.00000180232723324,9.32935620312e-7,9.48497927311e-7,1.39467658755e-7,7.02840310396e-8,7.01321170027e-8,3.10397439307e-7,4.58989632079e-7,0.00000104427238057,8.53467909678e-8,4.0062275275e-8,4.24681889655e-9,7.44127537367e-10,5.90729756778e-11,7.65341845455e-10,5.05238574533e-7],"max":[0.04789686203,0.121381238103,0.0598303824663,0.0964955165982,0.117270559072,0.107441909611,0.117519795895,0.0647374913096,0.0704820677638,0.0735863000154,0.0489749349654,0.0248884614557,0.0147160524502,0.00839373469353,0.00452391756698,0.00318693602458,0.00516663026065,0.0187190193683,0.0177710987628,0.0287061221898,0.00648284284398,0.00245298142545,0.00057664536871,0.000342270708643,0.000154080087668,0.000300236890325,0.0081690819934],"mean":[0.00333526916802,0.0130799179897,0.00350499642082,0.00184299994726,0.00273028248921,0.00232986779884,0.00173726421781,0.000848709896673,0.0021082367748,0.00170452496968,0.00299229682423,0.00111965369433,0.000844101654366,0.00102926313411,0.000277933839243,0.000190572973224,0.000203295101528,0.000243246686296,0.000233412094531,0.00026055824128,0.000200310663786,0.000134332440211,0.0000371877613361,0.0000144701016325,0.00000334067817676,0.0000178837908607,0.00109411554877],"median":[0.00190299237147,0.00687375850976,0.00222559343092,0.000585018424317,0.000813228369225,0.0010207813466,0.00104991695844,0.000456273759482,0.00131949805655,0.00101976748556,0.001958088018,0.00074208562728,0.000596795871388,0.000830969365779,0.000201789196581,0.000124452708405,0.000138546471135,0.000145213634823,0.000102529753349,0.0000924070482142,0.000101883837488,0.0000631602306385,0.0000173376574821,0.0000067001383286,0.00000171363160462,0.00000962600279308,0.000898394733667],"min":[9.83949559741e-25,3.26094942822e-24,1.65229835384e-24,1.02907191048e-24,7.19418505254e-24,1.56780235788e-23,1.31815202052e-23,6.3923095201e-24,2.63740055769e-23,1.61023565928e-23,1.30458881943e-23,4.58617193015e-23,5.36839914624e-23,4.94529517745e-23,8.04166510722e-23,7.54326720492e-23,6.51331021223e-23,1.34369214963e-22,1.24349987269e-22,1.9428018411e-22,3.372585095e-22,3.77484735868e-22,4.74881239272e-22,6.72487185228e-22,9.15888261159e-22,1.4262810144e-21,2.12408833752e-21],"var":[0.0000152025586431,0.000207580174902,0.0000170941348188,0.0000217807846639,0.0000497423461638,0.000034578373743,0.0000111971958177,0.00000364351126336,0.00000902823558135,0.00000713402778274,0.0000122921746879,0.00000165422227383,6.77936668581e-7,5.72140379518e-7,7.31276941224e-8,4.6635289408e-8,5.62076252208e-8,2.11523953908e-7,4.13402460708e-7,0.00000120555546346,1.00937882053e-7,3.91578680592e-8,3.16176684834e-9,4.82411333103e-10,2.5709875201e-11,6.12756678731e-10,5.32626586391e-7]},"barkbands_crest":{"dmean":2.45028066635,"dmean2":4.07434177399,"dvar":4.77605056763,"dvar2":12.2206821442,"max":26.6009140015,"mean":9.35660839081,"median":8.36967086792,"min":2.5378267765,"var":18.034860611},"barkbands_flatness_db":{"dmean":0.0200534593314,"dmean2":0.031452242285,"dvar":0.000294212775771,"dvar2":0.000694620481227,"max":0.385521143675,"mean":0.117428548634,"median":0.114187255502,"min":0.0303070936352,"var":0.00147840171121},"barkbands_kurtosis":{"dmean":2.35294795036,"dmean2":3.86340618134,"dvar":49.9284133911,"dvar2":156.212753296,"max":534.052001953,"mean":4.89969062805,"median":2.87416124344,"min":-1.78335130215,"var":170.126831055},"barkbands_skewness":{"dmean":0.436938911676,"dmean2":0.706562459469,"dvar":0.195352867246,"dvar2":0.493149518967,"max":20.5679664612,"mean":1.73385369778,"median":1.5408577919,"min":-2.44604516029,"var":1.10110318661},"barkbands_spread":{"dmean":7.08399915695,"dmean2":11.2193059921,"dvar":41.2966461182,"dvar2":97.7678375244,"max":85.4984588623,"mean":31.6561412811,"median":30.3586750031,"min":0.66334271431,"var":154.984603882},"dissonance":{"dmean":0.018040522933,"dmean2":0.0311374403536,"dvar":0.000312472402584,"dvar2":0.000868277100381,"max":0.500000059605,"mean":0.474829286337,"median":0.480156451464,"min":0.284175932407,"var":0.000434827292338},"dynamic_complexity":1.56643223763,"erbbands":{"dmean":[0.269401401281,1.36788487434,3.13755655289,3.83256673813,5.4485373497,6.63302469254,9.8660993576,14.1464891434,15.2163619995,15.3218078613,14.6393947601,30.3328437805,32.1049385071,38.7797470093,50.9192657471,21.2217292786,19.714345932,27.3317985535,12.2156257629,6.43549966812,5.18985843658,5.75357437134,6.99131298065,6.74622488022,8.07128334045,7.61494874954,4.86650657654,4.67280054092,2.99283647537,1.45243704319,0.630022466183,0.337566167116,0.10827305913,0.0371247492731,0.0208694282919,0.0176805164665,0.0254932381213,0.035477720201,0.0195575803518,0.00933374278247],"dmean2":[0.447731673717,2.36110210419,5.41979789734,6.36479282379,8.98578834534,10.8026514053,16.1963996887,23.1591491699,24.8008880615,25.5244617462,24.5752086639,51.0063705444,53.1875953674,63.9885368347,82.7884750366,35.4834098816,33.1350898743,46.5606193542,20.4666538239,10.5934352875,8.48217582703,8.97991943359,10.8778791428,10.20499897,12.0756998062,10.7927131653,7.02023506165,6.61241340637,4.10410737991,2.02688193321,0.901972770691,0.491531223059,0.164736971259,0.0610793679953,0.0347374305129,0.0275667887181,0.036054302007,0.0469526015222,0.0255577340722,0.0149588044733],"dvar":[0.199470505118,3.29923248291,17.102230072,55.8784065247,148.997512817,273.655151367,688.110229492,1408.50830078,1445.72741699,961.734863281,1881.8404541,3004.13012695,3459.2746582,4813.31884766,4511.51123047,963.721557617,755.743652344,954.149902344,208.443649292,112.194061279,74.3463897705,90.6800460815,367.040618896,329.686981201,1170.01135254,1303.22729492,182.80329895,65.5589065552,27.764541626,6.84308052063,1.29365193844,0.355694204569,0.0319146700203,0.00327569316141,0.00115415477194,0.000597299367655,0.00181892071851,0.00392702128738,0.000937582866754,0.0000889797520358],"dvar2":[0.523208498955,8.9752779007,46.5751075745,124.487861633,352.718170166,633.083435059,1714.60229492,3287.22045898,3014.67407227,2356.85327148,4896.4375,7432.84033203,8707.9765625,12861.4775391,11581.6123047,2535.67089844,2006.24572754,2627.72412109,544.673217773,290.224609375,189.246078491,198.450088501,824.52166748,685.504333496,2349.66210938,2486.31884766,349.71270752,128.787902832,52.4808692932,13.4956169128,2.69841313362,0.760071098804,0.0718240067363,0.0081676337868,0.00293261278421,0.00136986316647,0.00366018223576,0.00712344795465,0.00160088273697,0.000224727904424],"max":[5.68870449066,22.7082099915,52.3318138123,193.247238159,463.909606934,461.188446045,1045.98510742,1263.33581543,2081.87646484,1215.20690918,1636.82263184,1503.32250977,1570.98083496,1824.73706055,1381.69934082,939.212036133,814.308532715,480.083404541,342.406341553,235.483062744,204.844940186,316.832550049,1126.66796875,617.874206543,1359.7520752,1630.64001465,460.997375488,149.804885864,99.1953735352,34.582447052,14.4492301941,9.17418575287,4.22403907776,1.88775861263,1.05068230629,0.64116448164,0.605163753033,1.21812355518,0.766616404057,0.186721071601],"mean":[0.517123878002,2.33180093765,4.62365627289,5.067258358,8.25678539276,8.72396469116,13.3068180084,19.7375640869,22.8855304718,23.2668590546,22.5131092072,47.641544342,56.3412857056,75.9174804688,100.160697937,45.0029335022,39.5985145569,54.9479408264,25.9735832214,12.7355279922,10.114657402,11.2019424438,13.2241687775,11.8152275085,13.3612709045,12.4440937042,8.26596260071,8.04128837585,5.16390657425,2.30058813095,0.935218095779,0.474920004606,0.140626460314,0.0432464368641,0.0227590594441,0.0240364875644,0.0398995429277,0.0645149797201,0.0463948249817,0.043913513422],"median":[0.200460523367,1.41056931019,3.03151106834,2.20697021484,2.68681049347,2.24268651009,4.39596843719,9.34066772461,12.7865600586,13.9190969467,12.5149803162,29.0811901093,36.4925308228,50.7080612183,69.0975265503,31.0262489319,28.3771877289,43.2407951355,21.4541778564,8.88513183594,6.8562579155,7.67798233032,8.37962245941,5.91379833221,5.28608322144,4.4725985527,3.85204648972,4.0235824585,2.50286531448,1.07808446884,0.434025853872,0.217210963368,0.0684022754431,0.0229828618467,0.0111879268661,0.0141788944602,0.0209960825741,0.0335109941661,0.0305064637214,0.0382136665285],"min":[6.86370392475e-23,7.92173363716e-22,2.17168878515e-21,3.42170247797e-21,1.27544335743e-20,2.06642463998e-20,4.37384673584e-20,1.22097816698e-19,2.10496786379e-19,2.44526014503e-19,2.32382253478e-19,4.78403009197e-19,7.63882322237e-19,4.20440524971e-19,8.40377503744e-19,1.91001959139e-18,2.66176319323e-18,2.59476818106e-18,3.54817345316e-18,4.94261839978e-18,3.50314215421e-18,4.59360856547e-18,6.6000683173e-18,7.94250800521e-18,7.80848075774e-18,9.84064845583e-18,1.05101188128e-17,1.09468412249e-17,1.21098869446e-17,1.45410361122e-17,1.37478939819e-17,1.22953764067e-17,1.1518257592e-17,9.48143700302e-18,6.40682114182e-18,4.80533040634e-18,2.65244934633e-18,1.08793792693e-18,2.6696832925e-19,3.15077392783e-20],"var":[0.45679718256,6.98949241638,27.7173633575,107.526130676,575.527038574,561.500305176,1950.83764648,2146.59277344,2939.15844727,1702.47766113,2215.04736328,4852.25097656,5763.17578125,8974.20605469,11145.9277344,2329.81787109,1385.5447998,1722.00354004,344.663513184,167.939727783,129.286483765,170.959320068,593.222045898,599.913635254,2232.26586914,2766.45776367,381.156036377,131.176620483,54.7864341736,11.8667001724,2.01667022705,0.524696588516,0.0439004302025,0.0038158998359,0.00125738070346,0.000884938111994,0.00308231986128,0.00802124012262,0.00259454152547,0.000466319004772]},"erbbands_crest":{"dmean":2.38749098778,"dmean2":3.90586423874,"dvar":4.44330978394,"dvar2":11.0994672775,"max":27.1482467651,"mean":8.30298709869,"median":7.60860729218,"min":1.8938896656,"var":11.5249958038},"erbbands_flatness_db":{"dmean":0.0195327382535,"dmean2":0.0292992815375,"dvar":0.00027949156356,"dvar2":0.000613503681961,"max":0.331481397152,"mean":0.145419150591,"median":0.140752345324,"min":0.0242354907095,"var":0.00145091896411},"erbbands_kurtosis":{"dmean":1.04353618622,"dmean2":1.61538362503,"dvar":1.46731841564,"dvar2":3.19830799103,"max":51.1366004944,"mean":1.42869734764,"median":1.00986146927,"min":-1.65986502171,"var":4.53346014023},"erbbands_skewness":{"dmean":0.319486051798,"dmean2":0.508147835732,"dvar":0.0747403874993,"dvar2":0.182902991772,"max":4.71130895615,"mean":0.28114309907,"median":0.273272901773,"min":-3.21016478539,"var":0.285747945309},"erbbands_spread":{"dmean":5.69481611252,"dmean2":8.44395828247,"dvar":28.8860797882,"dvar2":60.7315635681,"max":92.6900558472,"mean":24.1818504333,"median":22.4139881134,"min":1.92244100571,"var":121.161811829},"gfcc":{"cov":[[7871.97802734,-148.57585144,-460.713806152,566.125671387,-162.542541504,-180.600372314,155.570755005,-164.638793945,-18.0901374817,-77.6661529541,-105.140548706,95.8201522827,-152.186264038],[-148.57585144,640.36138916,28.0118160248,-278.131317139,112.691619873,-21.7896766663,-46.8699951172,-9.24535751343,-8.50564956665,-6.10935688019,56.1690406799,-69.9962768555,72.9633789062],[-460.713806152,28.0118160248,233.176422119,41.3578224182,-21.7569236755,87.7793579102,-74.6376724243,29.1980285645,-26.3178653717,14.7030973434,-4.65859222412,8.43474674225,15.9348649979],[566.125671387,-278.131317139,41.3578224182,386.671936035,-7.0272269249,-32.6173667908,75.5057449341,-22.3449745178,2.07728147507,-1.09842264652,-28.801366806,54.1569290161,-51.7057800293],[-162.542541504,112.691619873,-21.7569236755,-7.0272269249,137.666809082,10.1599674225,27.0276985168,18.3453788757,14.6084165573,10.706987381,25.4541740417,-19.6368694305,22.0383052826],[-180.600372314,-21.7896766663,87.7793579102,-32.6173667908,10.1599674225,159.163085938,-4.37527370453,39.9145889282,4.99941015244,10.8428440094,-0.566516160965,10.3156232834,5.74371480942],[155.570755005,-46.8699951172,-74.6376724243,75.5057449341,27.0276985168,-4.37527370453,149.657348633,-0.78350675106,55.0546302795,1.60917472839,1.36991035938,24.6568241119,-22.2414722443],[-164.638793945,-9.24535751343,29.1980285645,-22.3449745178,18.3453788757,39.9145889282,-0.78350675106,104.003639221,14.0960474014,37.6298599243,18.3058204651,-13.0499420166,25.0583457947],[-18.0901374817,-8.50564956665,-26.3178653717,2.07728147507,14.6084165573,4.99941015244,55.0546302795,14.0960474014,98.868522644,35.1588401794,17.6779727936,19.8818664551,-10.9896345139],[-77.6661529541,-6.10935688019,14.7030973434,-1.09842264652,10.706987381,10.8428440094,1.60917472839,37.6298599243,35.1588401794,65.9386520386,40.1877288818,10.561416626,15.2067756653],[-105.140548706,56.1690406799,-4.65859222412,-28.801366806,25.4541740417,-0.566516160965,1.36991035938,18.3058204651,17.6779727936,40.1877288818,61.5378837585,18.1535549164,24.5513744354],[95.8201522827,-69.9962768555,8.43474674225,54.1569290161,-19.6368694305,10.3156232834,24.6568241119,-13.0499420166,19.8818664551,10.561416626,18.1535549164,64.0551147461,5.64765644073],[-152.186264038,72.9633789062,15.9348649979,-51.7057800293,22.0383052826,5.74371480942,-22.2414722443,25.0583457947,-10.9896345139,15.2067756653,24.5513744354,5.64765644073,58.2150726318]],"icov":[[0.000324086286128,-0.00104833964724,0.00193792465143,-0.00141078978777,0.0010008282261,-0.000962261925451,0.000937955803238,-0.000440297211753,0.00027763703838,-0.000793344690464,0.00123460625764,-0.00102936336771,0.000480424030684],[-0.00104833964724,0.0082751326263,-0.01006900426,0.0077827423811,-0.00579406972975,0.00549138151109,-0.00528870895505,0.00429687136784,-0.00209794682451,0.00603455305099,-0.0091191213578,0.00825246889144,-0.00458912178874],[0.00193792465143,-0.01006900426,0.0231432337314,-0.0138574307784,0.0094348853454,-0.0128049384803,0.0123108513653,-0.00490694912151,0.00178789824713,-0.00790677964687,0.011333915405,-0.00865813251585,0.00201341160573],[-0.00141078978777,0.0077827423811,-0.0138574307784,0.0144886607304,-0.00921736005694,0.00964221265167,-0.00867294147611,0.00232871226035,0.0023763703648,0.000971793720964,-0.0025829304941,-0.00078847684199,0.00280187116005],[0.0010008282261,-0.00579406972975,0.0094348853454,-0.00921736005694,0.0168249234557,-0.00768107408658,0.00239360099658,-0.00100214721169,-0.00238736905158,0.000662116683088,-0.00280404742807,0.00587349943817,-0.00516749359667],[-0.000962261925451,0.00549138151109,-0.0128049384803,0.00964221265167,-0.00768107408658,0.0155999157578,-0.00627505546436,-0.00171702855732,0.00100690789986,0.00217672390863,-0.00124975736253,-0.00238797604106,0.00276149180718],[0.000937955803238,-0.00528870895505,0.0123108513653,-0.00867294147611,0.00239360099658,-0.00627505546436,0.0175988208503,-0.00444303033873,-0.00511884968728,0.000439673691289,0.00508528854698,-0.00767239788547,0.0038753352128],[-0.000440297211753,0.00429687136784,-0.00490694912151,0.00232871226035,-0.00100214721169,-0.00171702855732,-0.00444303033873,0.0192410983145,-0.00249951402657,-0.00464289961383,-0.00504548475146,0.0135723203421,-0.0110038053244],[0.00027763703838,-0.00209794682451,0.00178789824713,0.0023763703648,-0.00238736905158,0.00100690789986,-0.00511884968728,-0.00249951402657,0.021540235728,-0.0159749928862,0.00907935202122,-0.0119333127514,0.010468993336],[-0.000793344690464,0.00603455305099,-0.00790677964687,0.000971793720964,0.000662116683088,0.00217672390863,0.000439673691289,-0.00464289961383,-0.0159749928862,0.0468998998404,-0.0330220237374,0.0139926923439,-0.00760652124882],[0.00123460625764,-0.0091191213578,0.011333915405,-0.0025829304941,-0.00280404742807,-0.00124975736253,0.00508528854698,-0.00504548475146,0.00907935202122,-0.0330220237374,0.054155241698,-0.0279058627784,0.00476783933118],[-0.00102936336771,0.00825246889144,-0.00865813251585,-0.00078847684199,0.00587349943817,-0.00238797604106,-0.00767239788547,0.0135723203421,-0.0119333127514,0.0139926923439,-0.0279058627784,0.0470213405788,-0.0208265073597],[0.000480424030684,-0.00458912178874,0.00201341160573,0.00280187116005,-0.00516749359667,0.00276149180718,0.0038753352128,-0.0110038053244,0.010468993336,-0.00760652124882,0.00476783933118,-0.0208265073597,0.0379966571927]],"mean":[30.597820282,93.0903701782,-97.7760772705,-10.4545993805,-17.7512950897,-8.65285778046,17.585067749,-19.1874694824,1.32561731339,-7.40899038315,-1.09211075306,-1.65130198002,-6.30536270142]},"hfc":{"dmean":68.9121856689,"dmean2":111.108848572,"dvar":4800.88720703,"dvar2":12232.0673828,"max":1337.64587402,"mean":304.236114502,"median":276.124359131,"min":1.1123698561e-16,"var":17536.8203125},"melbands":{"dmean":[0.00208135368302,0.00162890716456,0.000686580606271,0.000420362921432,0.000328199763317,0.000311405368848,0.000229750905419,0.000154088615091,0.000128809217131,0.000201521950657,0.000165075616678,0.000156321329996,0.000228212666116,0.0000720633979654,0.0000453818429378,0.0000467985810246,0.0000553253776161,0.0000248273227044,0.0000108493404696,0.0000083776703832,0.00000606758203503,0.00000598365386395,0.00000696844972481,0.00000748857974031,0.00000558378314963,0.00000559259888178,0.00000650505808153,0.00000490367710881,0.00000327039492731,0.00000268272879111,0.00000295848758469,0.00000194795006792,0.00000114130614293,7.04396825313e-7,3.91797527755e-7,2.58149015053e-7,1.91441316133e-7,8.55789181742e-8,4.26941113574e-8,2.73994977817e-8],"dmean2":[0.00348896393552,0.00279813678935,0.00113853730727,0.000678548705764,0.000536271429155,0.000507667835336,0.000373713177396,0.000255972234299,0.00021612092678,0.000338379410096,0.00027368060546,0.000258489977568,0.000370990252122,0.000120891832921,0.0000766515659052,0.000079094323155,0.000094641080068,0.0000418385170633,0.0000181382783921,0.0000138828663694,0.0000100028391898,0.00000947146236285,0.0000109909778985,0.0000118292200568,0.00000868781808094,0.00000857837039803,0.00000962260219239,0.00000709455434844,0.00000490542834086,0.0000039483306864,0.00000430107684224,0.00000275612046607,0.00000162943319992,0.00000101723219359,5.76157617616e-7,3.82518493325e-7,2.84206180368e-7,1.31121851155e-7,6.90019348326e-8,4.57023539013e-8],"dvar":[0.00000986049690255,0.00000431660237155,0.00000166593110862,8.51185689044e-7,6.2327978867e-7,6.47549029509e-7,2.80540859876e-7,1.12045889011e-7,1.30545586785e-7,1.29684366357e-7,9.41119679965e-8,8.11629305986e-8,9.34970998401e-8,1.11414042436e-8,3.73005493159e-9,3.79903930536e-9,3.99784561012e-9,8.22068635387e-10,3.23876564456e-10,1.77920331246e-10,1.0044687998e-10,9.37407304558e-11,2.49140402753e-10,3.85465964703e-10,2.3927587689e-10,4.47292924921e-10,1.00913077894e-9,5.31614918753e-10,1.12088026361e-10,2.62670510343e-11,2.88311787638e-11,1.21658828844e-11,4.21493569214e-12,1.66319627341e-12,5.34273092347e-13,2.11417770226e-13,1.18930418899e-13,2.20508561497e-14,4.31642738317e-15,1.97768344195e-15],"dvar2":[0.0000259813059529,0.0000116906985568,0.00000377008564101,0.00000199473220164,0.00000153601524744,0.00000151450365138,5.98161420839e-7,2.79909841083e-7,3.37579479037e-7,3.19808719951e-7,2.37192168129e-7,2.14137514831e-7,2.38666586938e-7,3.01403453307e-8,9.76055680724e-9,1.00033137329e-8,1.1134103417e-8,2.17260320845e-9,8.4941714773e-10,4.62671040369e-10,2.56000054488e-10,2.17312445816e-10,5.75586023288e-10,9.11429487438e-10,5.41199807191e-10,9.78330416679e-10,1.88222570863e-9,1.08946374144e-9,2.37053293661e-10,5.34151542442e-11,5.99951754943e-11,2.41544666213e-11,8.34133977168e-12,3.47953176688e-12,1.17026245465e-12,4.43761347113e-13,2.62455828555e-13,5.04828485601e-14,1.04426245144e-14,5.01215059989e-15],"max":[0.039822448045,0.0283832624555,0.0320515073836,0.028942707926,0.0288090668619,0.0248626470566,0.0273847673088,0.0113499201834,0.0131462961435,0.00968470331281,0.00902971904725,0.00704977056012,0.00575346080586,0.00326078780927,0.00114248052705,0.00133778655436,0.000906637171283,0.000750735634938,0.000406268634833,0.000234915933106,0.000234753766563,0.000240990208113,0.000908476475161,0.000870633230079,0.000563364592381,0.000864635745529,0.000981824123301,0.00101901800372,0.000390870700357,0.000149198327563,0.000103839054646,0.0000627439439995,0.000034330147173,0.0000194527765416,0.0000100489160104,0.00000628649331702,0.00000545690090803,0.00000321633069689,0.00000186853628747,0.00000145893841363],"mean":[0.00413065589964,0.00270272698253,0.000990629778244,0.000629009853583,0.000439601455582,0.000449234561529,0.000353954179445,0.000234725535847,0.000191079772776,0.000315196783049,0.000278913183138,0.000293799181236,0.000415879534557,0.000140516844112,0.0000859934007167,0.0000903920445126,0.000104748251033,0.0000470918093924,0.0000191645576706,0.0000149262223204,0.0000108880349217,0.0000108536587504,0.000012422108739,0.0000121794791994,0.00000907998037292,0.00000885304598341,0.0000104957971416,0.00000760559532864,0.00000517912712894,0.00000441701604359,0.00000482191126139,0.00000318536467603,0.0000018591783828,0.00000102649869405,5.60084856716e-7,3.66045185274e-7,2.59075960685e-7,1.07608308042e-7,5.02901578159e-8,2.97055855469e-8],"median":[0.00201812759042,0.00184605293907,0.000456376990769,0.000184315533261,0.000140273608849,0.000212704617297,0.000205020143767,0.000140641786857,0.000104814156657,0.000192718682229,0.000177617839654,0.000192109233467,0.000274649297353,0.0000926946813706,0.0000605840541539,0.0000651053633192,0.0000823341906653,0.0000383324186259,0.0000132497252707,0.00000958275995799,0.00000724426809029,0.00000729705607228,0.00000802315844339,0.00000702296711097,0.00000434626372225,0.00000363518302038,0.00000367499910681,0.00000266441838903,0.00000229284432862,0.00000218770810534,0.00000234949334299,0.00000148164133407,8.85919348548e-7,4.6507872753e-7,2.56504705476e-7,1.68621710372e-7,1.14479675517e-7,4.98176007113e-8,2.57908521206e-8,1.47274894502e-8],"min":[1.21248591664e-24,1.61330969246e-24,5.96821099492e-25,1.99008504358e-24,1.28719419981e-24,2.88902004964e-24,3.03684666682e-24,2.3971674446e-24,2.39181916488e-24,3.21356965339e-24,3.40880010566e-24,1.46374501749e-24,1.93816162715e-24,4.02251850714e-24,4.22508654911e-24,4.46652847321e-24,4.00156281162e-24,5.02967142433e-24,6.97945080325e-24,5.10388390842e-24,3.44383026302e-24,2.93253578654e-24,6.49285102576e-24,5.52269174072e-24,4.84866886735e-24,5.54331769238e-24,5.03003272262e-24,5.67688880414e-24,5.13261501145e-24,7.42577331506e-24,5.45600617296e-24,6.24908551187e-24,7.02368144534e-24,7.00948983766e-24,7.01307126617e-24,7.58949745164e-24,6.57626557231e-24,7.64835357492e-24,6.37117909189e-24,7.7114490367e-24],"var":[0.0000223209135584,0.00000860068576003,0.00000361107049685,0.00000299332714349,0.00000159966032243,0.00000108210724648,5.74189073177e-7,1.7907304084e-7,1.60108569958e-7,2.09361971315e-7,1.537704577e-7,1.47341950196e-7,2.1504912695e-7,2.79933001224e-8,7.24472215552e-9,7.33416705145e-9,6.58618626304e-9,1.28830612844e-9,4.31918917299e-10,2.80919565387e-10,1.65275806929e-10,1.58889207347e-10,4.03115041347e-10,5.58822377261e-10,3.80634496144e-10,7.44842187927e-10,2.12273154609e-9,1.04428066194e-9,1.92211968564e-10,5.24644598598e-11,5.09748979138e-11,2.2163373567e-11,7.56823683584e-12,2.56248906642e-12,7.65831408706e-13,3.15527524898e-13,1.64716696771e-13,2.87229482278e-14,5.26854027324e-15,2.15431014025e-15]},"melbands_crest":{"dmean":3.88785481453,"dmean2":6.5235042572,"dvar":10.9255628586,"dvar2":30.244146347,"max":38.7895355225,"mean":15.3708047867,"median":14.4665222168,"min":1.00083422661,"var":41.4827804565},"melbands_flatness_db":{"dmean":0.0276710391045,"dmean2":0.0432699024677,"dvar":0.000554450554773,"dvar2":0.00129213486798,"max":0.443670481443,"mean":0.220886543393,"median":0.219478800893,"min":-2.93373716431e-7,"var":0.00271538854577},"melbands_kurtosis":{"dmean":3.42755413055,"dmean2":5.63890123367,"dvar":27.3115139008,"dvar2":72.3883361816,"max":151.601394653,"mean":5.5681886673,"median":2.8670091629,"min":-1.74012541771,"var":70.3241424561},"melbands_skewness":{"dmean":0.626565635204,"dmean2":1.01913249493,"dvar":0.322530001402,"dvar2":0.806261837482,"max":11.3271493912,"mean":1.83342432976,"median":1.65410673618,"min":-1.41506695747,"var":1.53408610821},"melbands_spread":{"dmean":5.48232841492,"dmean2":8.68531608582,"dvar":39.4495849609,"dvar2":85.0307846069,"max":168.73374939,"mean":22.8337650299,"median":21.9937324524,"min":1.47410333157,"var":160.368804932},"mfcc":{"cov":[[3781.76953125,-387.504180908,-48.9121932983,578.948120117,-209.692489624,177.783737183,-78.645866394,129.558959961,-70.3551559448,-3.72398972511,-54.7621231079,28.374162674,-89.4157867432],[-387.504180908,953.587097168,-94.6635742188,-252.801635742,99.32081604,-82.8344116211,50.111579895,-93.3260116577,13.1323041916,-15.2274169922,22.3363513947,-35.248260498,35.1829223633],[-48.9121932983,-94.6635742188,275.703369141,-26.0086574554,41.3477401733,25.0633869171,-10.3231477737,6.93572473526,-9.26038646698,-16.0422706604,-7.74209928513,-6.37081670761,-16.175699234],[578.948120117,-252.801635742,-26.0086574554,347.293365479,-52.9865188599,49.8955383301,-6.94686555862,34.3185424805,-21.0140953064,18.2287864685,-19.2054786682,13.6989746094,-17.8220977783],[-209.692489624,99.32081604,41.3477401733,-52.9865188599,143.389266968,-17.8581237793,35.2674331665,-31.3670597076,12.8315811157,-6.14945411682,8.9456281662,-9.43989467621,17.9055747986],[177.783737183,-82.8344116211,25.0633869171,49.8955383301,-17.8581237793,123.779777527,-3.72071552277,56.3892631531,-3.49112081528,3.09324884415,1.32587873936,18.1655158997,-14.4207382202],[-78.645866394,50.111579895,-10.3231477737,-6.94686555862,35.2674331665,-3.72071552277,87.4317474365,5.45196199417,16.5296325684,4.05094623566,2.28333592415,-6.07219028473,16.5976314545],[129.558959961,-93.3260116577,6.93572473526,34.3185424805,-31.3670597076,56.3892631531,5.45196199417,81.3222808838,19.9013118744,13.0366973877,2.08121442795,13.6817092896,-10.1294326782],[-70.3551559448,13.1323041916,-9.26038646698,-21.0140953064,12.8315811157,-3.49112081528,16.5296325684,19.9013118744,61.4672431946,23.2791156769,22.0661830902,4.92064905167,7.65544652939],[-3.72398972511,-15.2274169922,-16.0422706604,18.2287864685,-6.14945411682,3.09324884415,4.05094623566,13.0366973877,23.2791156769,54.718296051,24.5997638702,16.9105758667,6.34555673599],[-54.7621231079,22.3363513947,-7.74209928513,-19.2054786682,8.9456281662,1.32587873936,2.28333592415,2.08121442795,22.0661830902,24.5997638702,53.0723495483,25.2604598999,14.6819753647],[28.374162674,-35.248260498,-6.37081670761,13.6989746094,-9.43989467621,18.1655158997,-6.07219028473,13.6817092896,4.92064905167,16.9105758667,25.2604598999,49.181804657,20.0735969543],[-89.4157867432,35.1829223633,-16.175699234,-17.8220977783,17.9055747986,-14.4207382202,16.5976314545,-10.1294326782,7.65544652939,6.34555673599,14.6819753647,20.0735969543,47.5791053772]],"icov":[[0.000395138195017,-0.0000942154947552,0.00000709310097591,-0.000618701451458,0.000233614904573,-0.000146927122842,0.0001672100625,-0.000299770792481,0.000129231062601,0.000256230589002,0.00000322081973536,-0.00016059531481,0.000340110069374],[-0.0000942154947552,0.00162820296828,0.000673402100801,0.00112489936873,-0.000506885466166,-0.000220572706894,-0.000582512991969,0.00126839033328,0.0000767332967371,-0.0000752059640945,-0.00059349759249,0.00103687611409,-0.000390237022657],[0.00000709310097591,0.000673402100801,0.00446177693084,0.000733945693355,-0.00197831424884,-0.000717520422768,0.000587394635659,-0.000360305857612,0.000712385983206,0.000636362179648,-0.0000191217714018,0.0000908176007215,0.0013206936419],[-0.000618701451458,0.00112489936873,0.000733945693355,0.00511874863878,-0.0000613390875515,-0.000799790024757,-0.00102445832454,0.000832202262245,0.00121365103405,-0.00245232321322,0.00167675770354,-0.000510914367624,0.000317495578201],[0.000233614904573,-0.000506885466166,-0.00197831424884,-0.0000613390875515,0.0105855753645,-0.00144938623998,-0.00335304113105,0.00451773731038,-0.00267625204287,0.00122655765153,-0.00121344637591,0.00151433539577,-0.00217062211595],[-0.000146927122842,-0.000220572706894,-0.000717520422768,-0.000799790024757,-0.00144938623998,0.0139645971358,-0.0000337150231644,-0.00977034214884,0.00362173537724,0.00127769191749,-0.001199732651,-0.00426784157753,0.0034708015155],[0.0001672100625,-0.000582512991969,0.000587394635659,-0.00102445832454,-0.00335304113105,-0.0000337150231644,0.0153625421226,-0.00395360356197,-0.0017260722816,-0.000495581422001,0.000580585678108,0.00480994256213,-0.00625288719311],[-0.000299770792481,0.00126839033328,-0.000360305857612,0.000832202262245,0.00451773731038,-0.00977034214884,-0.00395360356197,0.0266480315477,-0.0105181941763,-0.00146481883712,0.0043310476467,-0.00477859424427,0.00364628457464],[0.000129231062601,0.0000767332967371,0.000712385983206,0.00121365103405,-0.00267625204287,0.00362173537724,-0.0017260722816,-0.0105181941763,0.027146121487,-0.0072213858366,-0.00857615284622,0.00546781346202,-0.00171448651236],[0.000256230589002,-0.0000752059640945,0.000636362179648,-0.00245232321322,0.00122655765153,0.00127769191749,-0.000495581422001,-0.00146481883712,-0.0072213858366,0.0279960632324,-0.00906664133072,-0.00424139946699,0.00163694750518],[0.00000322081973536,-0.00059349759249,-0.0000191217714018,0.00167675770354,-0.00121344637591,-0.001199732651,0.000580585678108,0.0043310476467,-0.00857615284622,-0.00906664133072,0.0350042842329,-0.015991570428,0.000413366244175],[-0.00016059531481,0.00103687611409,0.0000908176007215,-0.000510914367624,0.00151433539577,-0.00426784157753,0.00480994256213,-0.00477859424427,0.00546781346202,-0.00424139946699,-0.015991570428,0.0419351011515,-0.0188595429063],[0.000340110069374,-0.000390237022657,0.0013206936419,0.000317495578201,-0.00217062211595,0.0034708015155,-0.00625288719311,0.00364628457464,-0.00171448651236,0.00163694750518,0.000413366244175,-0.0188595429063,0.035226508975]],"mean":[-630.632629395,158.902130127,-21.200296402,20.2944011688,-16.8136806488,23.9448490143,7.65891599655,12.7733135223,1.89538121223,5.28901910782,4.57215261459,4.1546792984,-2.56277704239]},"pitch_salience":{"dmean":0.0664779245853,"dmean2":0.11027828604,"dvar":0.00315446034074,"dvar2":0.0082935038954,"max":0.996088564396,"mean":0.576528728008,"median":0.593971908092,"min":0.0340277068317,"var":0.0127443745732},"silence_rate_20dB":{"dmean":0,"dmean2":0,"dvar":0,"dvar2":0,"max":1,"mean":1,"median":1,"min":1,"var":0},"silence_rate_30dB":{"dmean":0.0369645580649,"dmean2":0.0739371553063,"dvar":0.0356013178825,"dvar2":0.0858738869429,"max":1,"mean":0.960539162159,"median":1,"min":0,"var":0.037903059274},"silence_rate_60dB":{"dmean":0.0004348771472,"dmean2":0.000869848881848,"dvar":0.000434705842054,"dvar2":0.00108651514165,"max":1,"mean":0.0103272097185,"median":0,"min":0,"var":0.0102207288146},"spectral_centroid":{"dmean":212.869644165,"dmean2":310.502655029,"dvar":71073.796875,"dvar2":141839.875,"max":11434.3662109,"mean":1236.78405762,"median":1115.61291504,"min":262.167510986,"var":481237.09375},"spectral_complexity":{"dmean":3.89106321335,"dmean2":5.81189537048,"dvar":15.0143222809,"dvar2":27.7749881744,"max":58,"mean":24.4195022583,"median":23,"min":0,"var":62.2102050781},"spectral_contrast_coeffs":{"dmean":[0.0537642128766,0.0483489185572,0.0385575033724,0.0287970900536,0.0188701394945,0.0383731797338],"dmean2":[0.0906461253762,0.0813252776861,0.0650069639087,0.0491469167173,0.0311622526497,0.0578691661358],"dvar":[0.00185786024667,0.00141197186895,0.000891414645594,0.000492288381793,0.000242683672695,0.0010131476447],"dvar2":[0.00510742841288,0.00395165383816,0.00250735064037,0.00140251754783,0.000624016509391,0.00237265531905],"max":[-0.347117602825,-0.444176137447,-0.569718599319,-0.65053653717,-0.625321686268,-0.519114553928],"mean":[-0.70522326231,-0.781769216061,-0.784193873405,-0.799132943153,-0.820778667927,-0.701746761799],"median":[-0.712680280209,-0.788413047791,-0.786967277527,-0.799989581108,-0.821545660496,-0.68871986866],"min":[-0.982039809227,-0.995075285435,-0.997995018959,-0.98804461956,-0.988809883595,-0.969380676746],"var":[0.00532321166247,0.00327124423347,0.00203584833071,0.00105110439472,0.000758967595175,0.00516304839402]},"spectral_contrast_valleys":{"dmean":[0.43223798275,0.346704423428,0.261412113905,0.235059410334,0.272056549788,0.506560921669],"dmean2":[0.705554008484,0.57466173172,0.437302052975,0.382101207972,0.390148818493,0.794623494148],"dvar":[0.124052286148,0.0829323679209,0.0516223683953,0.0481323637068,0.0868023633957,0.186524048448],"dvar2":[0.309646964073,0.202748551965,0.120972953737,0.102223940194,0.162582799792,0.460262060165],"max":[-4.93962240219,-4.35712003708,-4.66598701477,-5.64971780777,-5.31101942062,-8.59740352631],"mean":[-6.78424119949,-6.19555854797,-6.22022199631,-7.04202270508,-7.41184663773,-10.8759994507],"median":[-6.66334819794,-6.11317014694,-6.14066505432,-6.94812202454,-7.27692461014,-10.7772426605],"min":[-28.1313076019,-27.8398895264,-27.6501922607,-27.4964580536,-27.4921951294,-27.355714798],"var":[1.71872699261,1.60511958599,1.55336010456,1.49076426029,1.7162412405,1.27662301064]},"spectral_decrease":{"dmean":3.26314242294e-9,"dmean2":5.3174478154e-9,"dvar":1.44334513474e-17,"dvar2":3.62924765839e-17,"max":3.01579339279e-9,"mean":-7.08742486921e-9,"median":-5.59990542826e-9,"min":-4.9123567436e-8,"var":3.89556739015e-17},"spectral_energy":{"dmean":0.0144261233509,"dmean2":0.0229647122324,"dvar":0.000280431209831,"dvar2":0.000677222735249,"max":0.216950103641,"mean":0.0543447770178,"median":0.0500396601856,"min":1.00558262961e-20,"var":0.000798509572633},"spectral_energyband_high":{"dmean":0.000422418816015,"dmean2":0.000552064389922,"dvar":5.16536829309e-7,"dvar2":9.3628796094e-7,"max":0.0169569347054,"mean":0.00095185963437,"median":0.000616567907855,"min":7.37984773905e-21,"var":0.0000013163131598},"spectral_energyband_low":{"dmean":0.00934065971524,"dmean2":0.0156233794987,"dvar":0.000151774060214,"dvar2":0.000388131855289,"max":0.156250357628,"mean":0.0198415424675,"median":0.0133750475943,"min":1.33271391951e-23,"var":0.00034635848715},"spectral_energyband_middle_high":{"dmean":0.00272501260042,"dmean2":0.00433578481898,"dvar":0.0000124905209304,"dvar2":0.0000310227478622,"max":0.0863826572895,"mean":0.00873249489814,"median":0.00703765777871,"min":1.26106228933e-21,"var":0.0000385677194572},"spectral_energyband_middle_low":{"dmean":0.00539197027683,"dmean2":0.00847990438342,"dvar":0.0000717450529919,"dvar2":0.000165806370205,"max":0.145228609443,"mean":0.0120937535539,"median":0.00718813901767,"min":1.87751104253e-22,"var":0.000205023316084},"spectral_entropy":{"dmean":0.13987711072,"dmean2":0.205831646919,"dvar":0.016933709383,"dvar2":0.035136885941,"max":9.81831455231,"mean":7.63518953323,"median":7.67281150818,"min":6.2787322998,"var":0.101146422327},"spectral_flux":{"dmean":0.0237452294677,"dmean2":0.0367108210921,"dvar":0.000607480178587,"dvar2":0.00129254115745,"max":0.340606838465,"mean":0.127676159143,"median":0.122343465686,"min":6.34118799137e-11,"var":0.00173584220465},"spectral_kurtosis":{"dmean":4.63719081879,"dmean2":6.98995923996,"dvar":41.4103355408,"dvar2":101.911529541,"max":113.706718445,"mean":19.5580768585,"median":16.4485092163,"min":-1.23645317554,"var":142.169815063},"spectral_rms":{"dmean":0.000923835672438,"dmean2":0.00145302468445,"dvar":8.87116641479e-7,"dvar2":0.00000207594462154,"max":0.0145484926179,"mean":0.00702171772718,"median":0.00698707252741,"min":3.13218179691e-12,"var":0.00000371471128346},"spectral_rolloff":{"dmean":2413.40527344,"dmean2":4634.70947266,"dvar":33500410,"dvar2":89407904,"max":22006.9335938,"mean":18909.7597656,"median":21231.7382812,"min":21.533203125,"var":39386560},"spectral_skewness":{"dmean":0.39805790782,"dmean2":0.570468783379,"dvar":0.204859063029,"dvar2":0.464101493359,"max":8.85527229309,"mean":2.97630524635,"median":2.77560544014,"min":-0.0546476468444,"var":1.05584967136},"spectral_spread":{"dmean":404441.5625,"dmean2":625235.5625,"dvar":304575250432,"dvar2":630763225088,"max":41767176,"mean":4247430.5,"median":4231553,"min":1585922.125,"var":4045325991940},"spectral_strongpeak":{"dmean":5.10096883774,"dmean2":9.59632873535,"dvar":207.776473999,"dvar2":577.204040527,"max":147.266571045,"mean":3.99576044083,"median":0.288451999426,"min":0,"var":170.142349243},"zerocrossingrate":{"dmean":0.0326169021428,"dmean2":0.0423415824771,"dvar":0.000710401276592,"dvar2":0.00115792907309,"max":0.6201171875,"mean":0.340070337057,"median":0.33984375,"min":0,"var":0.00754270004109}},"metadata":{"audio_properties":{"analysis_sample_rate":44100,"bit_rate":256000,"codec":"mp3","downmix":"mix","equal_loudness":0,"length":213.577148438,"lossless":false,"md5_encoded":"e0eea3937a36ee2925d2c6467c0dc314","replay_gain":-2.17261123657,"sample_rate":44100},"tags":{"album":["Fun House"],"albumartist":["The Stooges"],"albumartistsort":["Stooges, The"],"artist":["The Stooges"],"artistsort":["Stooges, The"],"asin":["B0009SOFFY"],"catalognumber":["EKS-74701"],"date":["1970"],"discnumber":["1/1"],"file_name":"02. The Stooges - Loose.mp3","genre":["Punk"],"label":["Elektra"],"musicbrainz album release country":["US"],"musicbrainz album status":["official"],"musicbrainz album type":["album"],"musicbrainz_albumartistid":["794c6bf2-3241-416f-9b8f-24e2d84a1c4b"],"musicbrainz_albumid":["68ee7490-8776-4200-9ef1-d6553eb8ba16"],"musicbrainz_artistid":["794c6bf2-3241-416f-9b8f-24e2d84a1c4b"],"musicbrainz_recordingid":["258eb7c1-3126-45c9-8d70-f5c79a96788c"],"musicip_puid":["760e94bb-e54b-0459-b600-8194790b3577"],"title":["Loose"],"tracknumber":["2/7"]},"version":{"essentia":"2.1-beta1","essentia_build_sha":"ca57ba49d9b1854bd80e60cf9ccf267278fb7d6b","essentia_git_sha":"v2.1_beta1-28-g21ef5f4-dirty","extractor":"music 1.0"}},"rhythm":{"beats_count":485,"beats_loudness":{"dmean":0.0230133347213,"dmean2":0.0394135341048,"dvar":0.00041803473141,"dvar2":0.00108885974623,"max":0.164198204875,"mean":0.062535494566,"median":0.0608388073742,"min":5.84152189731e-7,"var":0.000659412529785},"beats_loudness_band_ratio":{"dmean":[0.17850446701,0.081632040441,0.0650890618563,0.071369715035,0.0240472480655,0.100190870464],"dmean2":[0.313341110945,0.149618893862,0.114388726652,0.121969245374,0.0440294332802,0.171860039234],"dvar":[0.0173085704446,0.00785390567034,0.00741778127849,0.00422462262213,0.000319829094224,0.0059242611751],"dvar2":[0.0526592954993,0.0223240815103,0.0211331974715,0.0119629465044,0.000923183455598,0.0161588061601],"max":[0.905044853687,0.597981154919,0.600696980953,0.494592308998,0.1253864169