{"lowlevel":{"average_loudness":0.870869874954,"barkbands":{"dmean":[0.000108690968773,0.00349163915962,0.00172654341441,0.00188477814663,0.00240057730116,0.000713090645149,0.000501520640682,0.000422232056735,0.000927895947825,0.000287063972792,0.000312962569296,0.000294136320008,0.000233436308918,0.00036381353857,0.000429910985986,0.000300273328321,0.000278481282294,0.000163948410773,0.000095736439107,0.0000711330576451,0.0000518946799275,0.0000638302080915,0.0000531918485649,0.0000346066626662,0.0000167916587088,0.00000583113023822,0.00000260491219706],"dmean2":[0.000153968023369,0.00551793538034,0.00299522373825,0.00325784925371,0.00405802577734,0.00116175448056,0.000780892267358,0.000644658342935,0.00139256217517,0.000433896027971,0.000468448008178,0.000450856459793,0.000385252817068,0.000581701751798,0.000682323006913,0.000477179535665,0.000446228426881,0.000267747964244,0.000157014947035,0.000117413292173,0.0000825551032904,0.000104845072201,0.0000840053326101,0.0000506956894242,0.0000233468381339,0.00000825862753118,0.00000373728698833],"dvar":[7.75686075372e-8,0.0000652489543427,0.0000161615898833,0.0000121641096484,0.0000240606550506,0.00000205666310649,9.58115947469e-7,0.00000142263320413,0.00000514880548508,9.62140916272e-7,6.25388395292e-7,8.26990572023e-7,5.24264009982e-7,0.00000116461887956,0.00000155979694227,7.18559874713e-7,3.79664754746e-7,1.13340760777e-7,5.41508065055e-8,2.43627340524e-8,1.28600827765e-8,3.1069351536e-8,2.12790478571e-8,8.87628015533e-9,1.49663748061e-9,2.96582230996e-10,4.99657260011e-11],"dvar2":[1.58636865422e-7,0.000154865600052,0.0000454803121102,0.0000328055211867,0.0000653565948596,0.00000551581297259,0.00000218734635382,0.00000308959556605,0.000011650754459,0.00000202615797207,0.00000132364402816,0.00000187630246273,0.00000141315751989,0.00000298533655041,0.00000372961517314,0.00000174305785094,9.04940748114e-7,2.88306438279e-7,1.31800533154e-7,6.38247925622e-8,2.99086728717e-8,8.13961378299e-8,5.07895769886e-8,1.64211755305e-8,2.89797785769e-9,6.81123213386e-10,1.08690507983e-10],"max":[0.00447841268033,0.101356446743,0.063364572823,0.0624521151185,0.0666030496359,0.0299858599901,0.0297844652086,0.0331127084792,0.0590154081583,0.0372025594115,0.0295028481632,0.0339122787118,0.0203492026776,0.0328530855477,0.0266920886934,0.0253710243851,0.011693039909,0.00943305250257,0.00877353549004,0.00488162785769,0.00327028217725,0.00362529768609,0.00452141882852,0.00352910882793,0.000816995161586,0.000454874971183,0.000113956259156],"mean":[0.000237307525822,0.00948871299624,0.00247167726047,0.0028689194005,0.00424821767956,0.00137448299211,0.00106103345752,0.000825264782179,0.00248110038228,0.000694711052347,0.000630960683338,0.000574926263653,0.000393538473872,0.000625833170488,0.00102422165219,0.000559816660825,0.000595337594859,0.00037117669126,0.000210896832868,0.000149849089212,0.000118294919957,0.000138911054819,0.000120231416076,0.0000851567310747,0.000035918688809,0.00000879791605257,0.00000308204403154],"median":[0.000037071051338,0.00709398835897,0.00131695985328,0.00128873169888,0.00253517529927,0.000805962074082,0.000531234079972,0.000296354264719,0.000653401715681,0.000170132843778,0.000253357371548,0.000207015880733,0.000121859411593,0.000182141622645,0.00014073291095,0.000100033561466,0.000103048900201,0.0000916513381526,0.0000590980416746,0.0000507372387801,0.0000344782019965,0.0000286814029096,0.0000301018008031,0.0000206289860216,0.00000860738873598,0.00000130779085339,2.77383037428e-7],"min":[8.42786963385e-24,1.28986922714e-23,1.51531533977e-23,5.57717718015e-23,6.3413883909e-23,4.73609652291e-23,3.41669131795e-23,1.53122407677e-22,4.50322005052e-23,3.84895964166e-23,1.12608127172e-22,9.40860075943e-23,1.24792266869e-22,1.60341608298e-22,2.05470030901e-22,1.7011791732e-22,1.81312522519e-22,2.86611140274e-22,2.49055807604e-22,2.21368304444e-22,4.86809068594e-22,5.89693999171e-22,5.9171171604e-22,7.30107756691e-22,1.25208426968e-21,1.61403253517e-21,2.56022557589e-21],"var":[2.30723827599e-7,0.000127767270897,0.0000163335098478,0.0000189158181456,0.000030144043194,0.00000357547014573,0.00000314438807436,0.00000438374263467,0.0000286868762487,0.00000742799693398,0.00000223088045459,0.00000216094576899,7.69646590015e-7,0.00000196147811948,0.00000749514174458,0.00000163347556281,0.00000120526033243,3.43772626366e-7,1.40737299148e-7,6.00495368985e-8,4.05437923234e-8,7.671397384e-8,6.55918555026e-8,3.52659377256e-8,4.90503282435e-9,4.64102284381e-10,6.81921255574e-11]},"barkbands_crest":{"dmean":2.22205615044,"dmean2":3.5892894268,"dvar":5.0674571991,"dvar2":12.7453699112,"max":24.8994350433,"mean":11.7097682953,"median":11.0812091827,"min":2.28546595573,"var":18.9919090271},"barkbands_flatness_db":{"dmean":0.0187923144549,"dmean2":0.0281171016395,"dvar":0.000366472377209,"dvar2":0.000814657483716,"max":0.374437272549,"mean":0.163157328963,"median":0.157837495208,"min":0.0275143180043,"var":0.0035468286369},"barkbands_kurtosis":{"dmean":2.63975691795,"dmean2":4.17153358459,"dvar":26.1048049927,"dvar2":63.7277679443,"max":190.258682251,"mean":5.4770822525,"median":2.87554502487,"min":-1.87436854839,"var":68.5807189941},"barkbands_skewness":{"dmean":0.445285320282,"dmean2":0.684726059437,"dvar":0.246567308903,"dvar2":0.563814580441,"max":12.1091299057,"mean":1.7352836132,"median":1.69044709206,"min":-5.58219909668,"var":1.7297796011},"barkbands_spread":{"dmean":3.71055674553,"dmean2":5.70738506317,"dvar":22.9470348358,"dvar2":49.6656608582,"max":84.9365081787,"mean":18.4557170868,"median":15.3735198975,"min":1.07852900028,"var":160.695861816},"dissonance":{"dmean":0.0187720973045,"dmean2":0.0319773852825,"dvar":0.000399476819439,"dvar2":0.00111710687634,"max":0.500000059605,"mean":0.460750162601,"median":0.467682033777,"min":0.0160766355693,"var":0.000879939994775},"dynamic_complexity":3.33000612259,"erbbands":{"dmean":[0.103340663016,0.817555904388,1.8808401823,3.9824283123,7.85509347916,9.22414875031,5.82673692703,6.03584718704,4.55963754654,10.5976877213,10.5867977142,15.6044502258,17.5083065033,8.63975048065,11.3221435547,9.88274002075,9.71784305573,17.1118202209,16.3408851624,19.9956550598,15.5997657776,15.7457027435,8.40185260773,5.22027683258,4.94537591934,2.87655997276,2.32600831985,1.96957778931,2.41009640694,2.10609912872,1.36038053036,0.886496067047,0.489432245493,0.239293038845,0.0957511439919,0.0283683072776,0.00997871253639,0.00363385793753,0.000438883231254,0.0000186825000128],"dmean2":[0.157941266894,1.33054244518,3.25550103188,6.82696008682,13.6750097275,15.3777618408,9.51078128815,9.82443618774,7.17587423325,16.2895736694,16.0047397614,23.3671665192,26.1785297394,12.8743467331,17.0048160553,14.9985456467,15.5427188873,27.4117908478,25.6147937775,31.6813602448,24.2270278931,25.3961467743,13.5135860443,8.35851860046,8.05749225616,4.72603273392,3.7808842659,3.15368485451,4.00225830078,3.46000576019,2.10541129112,1.30985307693,0.718787610531,0.341873705387,0.131459012628,0.0396220088005,0.0144003247842,0.00518841482699,0.000630178779829,0.0000275383663393],"dvar":[0.0720677301288,3.6241941452,19.4991989136,65.4502029419,205.791061401,418.608154297,140.232788086,167.646331787,81.5742645264,551.492919922,897.731201172,1666.62695312,2245.89331055,463.515625,1005.6517334,985.47253418,929.45300293,2656.78637695,2566.97558594,2750.25634766,1706.23620605,1190.0234375,303.4324646,144.563446045,122.503509521,42.0807609558,22.7245502472,25.696762085,48.2378120422,36.4132156372,14.3497819901,6.64381980896,1.7126352787,0.330333828926,0.052909117192,0.00736413290724,0.000894680037163,0.0000964417995419,0.00000140839154028,1.2130555449e-9],"dvar2":[0.164619490504,9.00482940674,55.3101577759,179.773254395,562.20526123,1148.1854248,369.008789062,455.062835693,189.133178711,1244.72302246,1974.7878418,3574.87988281,5001.74902344,943.239501953,2175.1237793,2353.5612793,2425.22314453,6954.15039062,6137.01220703,6650.31591797,4192.19433594,2884.84960938,735.604125977,358.859283447,313.697723389,110.193275452,56.2185935974,60.7562599182,129.042724609,97.1431655884,31.6932868958,12.4972572327,3.34536290169,0.626703202724,0.109791345894,0.0169937610626,0.00210971827619,0.000208539699088,0.00000310400605485,2.70687405823e-9],"max":[4.05314683914,22.4183731079,72.7888946533,171.171844482,206.83543396,265.44720459,239.148330688,297.859863281,280.391357422,733.016540527,936.832092285,1134.96069336,1663.79199219,635.403320312,1021.3503418,1559.4822998,946.41192627,1868.09753418,1333.36450195,1154.21142578,1718.17321777,708.403076172,632.090454102,454.260009766,399.721923828,181.712005615,116.933578491,153.432876587,155.413330078,117.461662292,136.992248535,128.166122437,30.919084549,12.3901891708,5.58937978745,2.70251059532,0.739672720432,0.145556047559,0.016767565161,0.000461289397208],"mean":[0.279621124268,2.07199835777,3.12809824944,6.48858880997,11.6290664673,16.5629138947,11.5833177567,11.5566072464,9.78282356262,22.6414928436,23.6008033752,41.0283927917,48.8432693481,21.0719985962,24.5035877228,20.3846817017,19.1982574463,30.0810184479,38.1985321045,45.5289115906,32.9780426025,35.104801178,21.2804946899,13.3967046738,11.0554924011,6.55074596405,5.13140964508,4.46095943451,5.03112411499,4.46573019028,3.19519162178,2.2037255764,1.15101361275,0.540491104126,0.18545088172,0.0482158511877,0.0143653796986,0.00459387945011,0.000533889920916,0.0000513549748575],"median":[0.101144656539,1.59341275692,2.16773223877,3.44295287132,6.73020601273,8.70249462128,6.03260993958,6.83716392517,6.0072259903,10.2793607712,8.60468673706,11.9030780792,10.7733192444,9.24687194824,10.3814468384,8.08166885376,6.40339612961,9.46184539795,7.56833219528,7.47192955017,5.96275138855,6.78866958618,5.12349891663,3.60019350052,3.46948766708,2.35355973244,1.70642256737,1.02365636826,1.00277853012,1.12590754032,0.793286323547,0.52424788475,0.260907649994,0.130682498217,0.0390308909118,0.00715723121539,0.00213441019878,0.000520243542269,0.0000707649887772,0.0000400666722271],"min":[2.36782898968e-22,3.56635043693e-21,1.30108506784e-20,1.09627913868e-19,2.64143223115e-19,1.15093987979e-19,2.10079551309e-19,4.31000907207e-19,5.99849098046e-19,1.34646960847e-18,3.3575112171e-18,1.35532002743e-18,1.44482096971e-18,2.21745946402e-18,4.29317449904e-18,4.22355484278e-18,6.62315368742e-18,8.41864722787e-18,1.15024046756e-17,6.51970565284e-18,1.04156200453e-17,1.03530471406e-17,1.58019174461e-17,1.53794465288e-17,9.41252375901e-18,1.14768960799e-17,2.13793018402e-17,1.60263116939e-17,2.14598725406e-17,1.95492557248e-17,1.53014367796e-17,1.47792608199e-17,1.21613293069e-17,1.15359212068e-17,1.03894348158e-17,5.36334272525e-18,3.2370315337e-18,1.5677029924e-18,3.67309887046e-19,3.56543149097e-20],"var":[0.168938651681,5.7952041626,17.6294746399,83.1036071777,236.645248413,578.360595703,268.03213501,253.187652588,171.093765259,1853.27478027,3233.30200195,8582.10253906,14726.8916016,2214.1484375,3099.48144531,1943.81542969,1581.60888672,3884.93847656,7782.09326172,9499.48242188,4734.60058594,3810.28417969,1125.25378418,443.282012939,353.762451172,108.09602356,64.6039810181,75.3274154663,108.306968689,74.1431045532,51.4889259338,25.7329692841,6.49127578735,1.17969286442,0.137282282114,0.0126221748069,0.00127222889569,0.000141779935802,0.00000187761872894,2.11178452503e-9]},"erbbands_crest":{"dmean":2.09572982788,"dmean2":3.35757350922,"dvar":4.38626813889,"dvar2":11.3501653671,"max":28.7058086395,"mean":8.91634750366,"median":7.85747146606,"min":2.23859286308,"var":17.2147750854},"erbbands_flatness_db":{"dmean":0.015981124714,"dmean2":0.0222800280899,"dvar":0.000262617802946,"dvar2":0.000493173720315,"max":0.464537978172,"mean":0.169453218579,"median":0.164999186993,"min":0.034985166043,"var":0.0029513402842},"erbbands_kurtosis":{"dmean":0.712875187397,"dmean2":1.11502790451,"dvar":1.31272435188,"dvar2":2.84414815903,"max":51.4662666321,"mean":0.447078794241,"median":-0.087387919426,"min":-1.76297664642,"var":6.08249998093},"erbbands_skewness":{"dmean":0.290411025286,"dmean2":0.442417830229,"dvar":0.0781435966492,"dvar2":0.178176805377,"max":3.63691401482,"mean":0.195350050926,"median":0.251333832741,"min":-3.80733990669,"var":0.589636862278},"erbbands_spread":{"dmean":5.85849571228,"dmean2":8.94509983063,"dvar":45.4410591125,"dvar2":99.2114868164,"max":127.733032227,"mean":35.614944458,"median":31.724905014,"min":0.749678254128,"var":326.855285645},"gfcc":{"cov":[[9490.88085938,-1804.05908203,-280.748291016,1406.55700684,-282.253845215,475.61730957,-396.694854736,651.59564209,26.0615158081,212.603668213,-92.6440582275,218.433395386,209.848358154],[-1804.05908203,1619.74072266,-178.151596069,-339.081207275,222.210891724,-295.199035645,164.856536865,-367.32043457,36.0314865112,-235.204483032,83.0909042358,-221.044326782,17.7238502502],[-280.748291016,-178.151596069,805.848754883,55.3713645935,49.2902832031,95.1134490967,59.4370040894,1.02235651016,-41.7308921814,109.968299866,2.30714917183,93.1748123169,-14.5554246902],[1406.55700684,-339.081207275,55.3713645935,591.877258301,-69.972366333,87.3670043945,-27.0985221863,114.799507141,58.1679000854,38.0127754211,29.0642623901,35.9740600586,94.4618835449],[-282.253845215,222.210891724,49.2902832031,-69.972366333,328.226165771,6.22558546066,65.7696304321,58.9892272949,69.3097381592,23.8087730408,19.3851451874,32.5916137695,7.30689191818],[475.61730957,-295.199035645,95.1134490967,87.3670043945,6.22558546066,258.002166748,45.1503105164,120.943786621,30.7136211395,76.4468688965,29.1922950745,65.0553131104,2.05207109451],[-396.694854736,164.856536865,59.4370040894,-27.0985221863,65.7696304321,45.1503105164,180.922637939,10.3594169617,20.8917312622,11.7187385559,44.977104187,8.57751464844,-7.89444112778],[651.59564209,-367.32043457,1.02235651016,114.799507141,58.9892272949,120.943786621,10.3594169617,294.721160889,91.8905029297,87.4665756226,12.8858499527,85.306388855,20.908115387],[26.0615158081,36.0314865112,-41.7308921814,58.1679000854,69.3097381592,30.7136211395,20.8917312622,91.8905029297,154.232696533,39.7084236145,7.62441110611,7.38757562637,32.4742050171],[212.603668213,-235.204483032,109.968299866,38.0127754211,23.8087730408,76.4468688965,11.7187385559,87.4665756226,39.7084236145,146.970031738,23.4184417725,57.5846862793,-0.610661685467],[-92.6440582275,83.0909042358,2.30714917183,29.0642623901,19.3851451874,29.1922950745,44.977104187,12.8858499527,7.62441110611,23.4184417725,115.110572815,24.5693130493,-3.76668810844],[218.433395386,-221.044326782,93.1748123169,35.9740600586,32.5916137695,65.0553131104,8.57751464844,85.306388855,7.38757562637,57.5846862793,24.5693130493,127.201042175,14.3120832443],[209.848358154,17.7238502502,-14.5554246902,94.4618835449,7.30689191818,2.05207109451,-7.89444112778,20.908115387,32.4742050171,-0.610661685467,-3.76668810844,14.3120832443,91.9402389526]],"icov":[[0.000261779932771,-0.000214487954509,0.000217262233491,-0.000646915286779,0.0000772000348661,-0.000396865827497,0.000532522390131,-0.000489150523208,0.00063616753323,-0.000420779862907,0.00057019921951,-0.000295981008094,0.000144528763485],[-0.000214487954509,0.00372360902838,-0.000460643437691,0.00190333859064,-0.00202695000917,0.00198023929261,-0.00247392244637,0.00318700564094,-0.00307838711888,0.00374183058739,-0.00434186821803,0.00380547065288,-0.00273511884734],[0.000217262233491,-0.000460643437691,0.00189621851314,-0.000996299786493,-0.000127302060719,-0.000737360911444,0.0000233108203247,0.0000965919243754,0.0014400704531,-0.001897363225,0.00155211507808,-0.00154128600843,0.000705612706952],[-0.000646915286779,0.00190333859064,-0.000996299786493,0.00461753550917,-0.00018391366757,0.00117095094174,-0.00159876339603,0.00145901401993,-0.0029577629175,0.00259775365703,-0.00385263189673,0.00258412724361,-0.00377100636251],[0.0000772000348661,-0.00202695000917,-0.000127302060719,-0.00018391366757,0.00513129914179,-0.00046501273755,0.000226659685723,-0.00228075473569,-0.000165558434674,-0.00161750079133,0.00197576335631,-0.00283514615148,0.00109406444244],[-0.000396865827497,0.00198023929261,-0.000737360911444,0.00117095094174,-0.00046501273755,0.00713910581544,-0.00307969818823,0.00038758435403,-0.00204144557938,0.000954698421992,-0.00292119686492,0.0010916426545,-0.00083289493341],[0.000532522390131,-0.00247392244637,0.0000233108203247,-0.00159876339603,0.000226659685723,-0.00307969818823,0.0094370059669,-0.00238666683435,0.00191137450747,-0.00198912480846,0.000678182463162,-0.0018570299726,0.00194008159451],[-0.000489150523208,0.00318700564094,0.0000965919243754,0.00145901401993,-0.00228075473569,0.00038758435403,-0.00238666683435,0.00965785607696,-0.00574946077541,0.00193772488274,-0.00301614007913,0.000152071967022,-0.00131387298461],[0.00063616753323,-0.00307838711888,0.0014400704531,-0.0029577629175,-0.000165558434674,-0.00204144557938,0.00191137450747,-0.00574946077541,0.0137320933864,-0.00591868208721,0.00432218471542,-0.000725437304936,-0.000661004509311],[-0.000420779862907,0.00374183058739,-0.001897363225,0.00259775365703,-0.00161750079133,0.000954698421992,-0.00198912480846,0.00193772488274,-0.00591868208721,0.014851433225,-0.00609092134982,0.00161170249339,-0.00154576974455],[0.00057019921951,-0.00434186821803,0.00155211507808,-0.00385263189673,0.00197576335631,-0.00292119686492,0.000678182463162,-0.00301614007913,0.00432218471542,-0.00609092134982,0.0162447094917,-0.0067490991205,0.00454093562439],[-0.000295981008094,0.00380547065288,-0.00154128600843,0.00258412724361,-0.00283514615148,0.0010916426545,-0.0018570299726,0.000152071967022,-0.000725437304936,0.00161170249339,-0.0067490991205,0.0168160013855,-0.00557739892974],[0.000144528763485,-0.00273511884734,0.000705612706952,-0.00377100636251,0.00109406444244,-0.00083289493341,0.00194008159451,-0.00131387298461,-0.000661004509311,-0.00154576974455,0.00454093562439,-0.00557739892974,0.0167346317321]],"mean":[-17.4913101196,118.809242249,-115.942001343,31.4775333405,-50.8056373596,14.3224382401,-32.7901954651,2.7017967701,-13.8447141647,-8.08314704895,-13.3974084854,-6.19776296616,-8.4082775116]},"hfc":{"dmean":3.70633745193,"dmean2":5.69963979721,"dvar":33.8674163818,"dvar2":79.3751144409,"max":107.391578674,"mean":19.4056568146,"median":11.7093019485,"min":1.22360169334e-16,"var":311.783752441},"melbands":{"dmean":[0.000940913043451,0.000974524416961,0.000807355623692,0.000597776961513,0.000239036351559,0.00013136054622,0.0000763117932365,0.000108494867163,0.0000953023700276,0.000112487170554,0.000089633751486,0.0000365437299479,0.0000442249547632,0.0000290115003736,0.0000306639631162,0.0000259504613496,0.0000327407906298,0.0000262881821982,0.0000378946388082,0.0000202257051569,0.0000195407428691,0.0000191151666513,0.0000107962623588,0.0000086655609266,0.00000418728450313,0.00000408507139582,0.00000354712688022,0.00000187623322745,0.00000166350014297,0.00000127705152408,0.00000122739947983,0.00000148650156007,0.00000134040749344,0.00000126338079554,8.82523465862e-7,6.97355346801e-7,5.44137662928e-7,3.87183547446e-7,2.77830963569e-7,1.94862053604e-7],"dmean2":[0.00145926233381,0.00162197952159,0.00139121722896,0.00101673277095,0.00039003798156,0.000213783263462,0.000119672935398,0.00016662022972,0.00014472809562,0.000167757054442,0.00013428881357,0.0000543902569916,0.0000663163446006,0.0000443791795988,0.0000473612817586,0.0000423798592237,0.0000523103408341,0.0000407666993851,0.0000598523838562,0.0000320743165503,0.0000307748014166,0.0000310473478748,0.0000172612344613,0.0000141324271681,0.00000676146464684,0.00000667525682729,0.00000584588860875,0.00000312382667289,0.00000275793286164,0.0000020494378532,0.00000199200371753,0.00000250381685873,0.0000021864275368,0.00000210756070373,0.00000142075589338,0.00000105383605842,8.23070081424e-7,5.8292613403e-7,4.13396264776e-7,2.85080062667e-7],"dvar":[0.00000527774909642,0.00000450658353657,0.00000214032934309,0.00000153510268319,2.12912922848e-7,7.41029566598e-8,2.00312975096e-8,5.68615519114e-8,7.26266975448e-8,7.96216710341e-8,5.85481494397e-8,9.7581134284e-9,1.38955575935e-8,1.02821831049e-8,9.12196718161e-9,5.22843324191e-9,1.07743405309e-8,7.83616371791e-9,1.34894957426e-8,4.68554706146e-9,2.88495161094e-9,1.8339909591e-9,6.74189370997e-10,3.30730470788e-10,1.06047969017e-10,1.05096362168e-10,6.64945876139e-11,1.76396206669e-11,1.12205878269e-11,9.34623472365e-12,1.06642576714e-11,2.01283850698e-11,1.18769638222e-11,1.35570001406e-11,6.03667419871e-12,4.8374273337e-12,2.39349620852e-12,1.14036655553e-12,4.99216716143e-13,2.12389499976e-13],"dvar2":[0.0000123209283629,0.0000120926324598,0.00000585287989452,0.00000419658226747,5.72199724047e-7,2.00011911033e-7,4.66117668907e-8,1.28332089844e-7,1.66805676827e-7,1.71572281715e-7,1.31156227212e-7,1.95530098779e-8,3.07970182689e-8,2.25769376527e-8,2.17650910628e-8,1.40482141475e-8,2.73616489466e-8,1.86660713553e-8,3.1957501534e-8,1.11627755928e-8,7.15559389519e-9,4.5001002924e-9,1.59946889067e-9,8.55190140925e-10,2.61267396606e-10,2.58043419965e-10,1.74919231877e-10,4.66895203055e-11,2.91996045398e-11,2.17810717379e-11,2.5990744279e-11,5.59317696325e-11,2.97455220177e-11,3.73592996816e-11,1.43708673433e-11,1.01948206821e-11,4.84139204421e-12,2.40099238234e-12,1.01445631409e-12,4.24072750657e-13],"max":[0.0323467291892,0.0321439653635,0.0245536956936,0.0172455795109,0.00990551523864,0.00579833844677,0.00376228010282,0.00661304965615,0.00861166138202,0.00803065020591,0.00820631999522,0.0034555552993,0.00418756902218,0.0041821799241,0.00363813829608,0.00197987025604,0.00370519072749,0.00243500480428,0.00262616248801,0.00204663816839,0.00195128668565,0.000960886769462,0.000659028999507,0.000523820868693,0.000399203971028,0.000349602574715,0.000299644307233,0.0000946639265749,0.0000917492434382,0.0000904392363736,0.000108769134386,0.000105568949948,0.0000766713055782,0.0000698188014212,0.000097486336017,0.000124419908389,0.0000624822132522,0.0000251840683632,0.000016436115402,0.0000102951926237],"mean":[0.0025975976605,0.00208299444057,0.00132073892746,0.00100446550641,0.000497812929098,0.000256065832218,0.000167238278664,0.000230456993449,0.000208893907256,0.000298671307974,0.000247065530857,0.0000844770911499,0.0000912073228392,0.0000578342915105,0.000054362561059,0.0000452397762274,0.0000549078322365,0.0000506989053974,0.0000932040929911,0.0000371714522771,0.0000372007452825,0.0000382541547879,0.0000226233569265,0.000018841426936,0.00000963352158578,0.00000851476761454,0.00000692560115567,0.0000037284805785,0.00000332284093929,0.00000266265624305,0.00000254695896729,0.00000280548488263,0.00000275983461506,0.00000241671955337,0.00000186554643733,0.00000164012419646,0.00000121326525004,8.43654220262e-7,6.02876468747e-7,4.05015839533e-7],"median":[0.00154883693904,0.0017398672644,0.000757516594604,0.000611051800661,0.000269421783742,0.00015391150373,0.0000999741168926,0.000101215890027,0.0000655058538541,0.0000750484177843,0.00005032493209,0.000032298717997,0.0000362672872143,0.0000198822144739,0.0000160210838658,0.0000143384913827,0.0000164981356647,0.0000117651688925,0.00000972475936578,0.00000744740373193,0.00000664661638439,0.00000702034958522,0.00000426575297752,0.00000441240263171,0.00000239988912654,0.00000221821301238,0.00000222111475523,0.00000118482046219,0.00000106135894384,7.37039954402e-7,4.84555812363e-7,4.97166752211e-7,5.96062363911e-7,5.89517696881e-7,4.4461410198e-7,3.66955134723e-7,2.82059602341e-7,1.75952720838e-7,1.41110859886e-7,9.40021891438e-8],"min":[3.48871132093e-24,6.16666847994e-24,2.49041762725e-23,1.36971007602e-23,6.68026031659e-24,9.44953680284e-24,8.99589918385e-24,1.7477770291e-23,2.52334057936e-23,7.27106506978e-24,6.91806401419e-24,7.64243554041e-24,1.47202438879e-23,9.29680544298e-24,1.74420317365e-23,9.76367778138e-24,1.60512652275e-23,1.74464919561e-23,1.23808871287e-23,8.72808721741e-24,1.25228955022e-23,9.6675890011e-24,1.31573510848e-23,1.45256303249e-23,1.27707619095e-23,7.86287719834e-24,6.37305026996e-24,7.24160584813e-24,1.30050654313e-23,1.24431519199e-23,8.02244719339e-24,1.25111998505e-23,1.24343860975e-23,1.01362804527e-23,9.03385680403e-24,8.01814790146e-24,1.03382327888e-23,7.8003883706e-24,1.05357738146e-23,9.23122585821e-24],"var":[0.0000112567295218,0.00000528226655661,0.00000283731878881,0.0000017259122842,4.06936749187e-7,1.17668285782e-7,5.07917086168e-8,1.89013562135e-7,2.78674860965e-7,4.46810503263e-7,3.94673804749e-7,5.33430828398e-8,4.49629773414e-8,3.23515862988e-8,1.65293538856e-8,8.66262706012e-9,1.5262422437e-8,1.55444173089e-8,7.12235674882e-8,9.11276742954e-9,7.13502901206e-9,5.12278219844e-9,1.80310721909e-9,1.01167718647e-9,2.68587846408e-10,2.55368781676e-10,1.58864171818e-10,3.83606410526e-11,2.78055772851e-11,2.45444047031e-11,2.84719452875e-11,3.82620914119e-11,2.94605902174e-11,2.33061764332e-11,1.79419673563e-11,1.62558473626e-11,8.0161910096e-12,3.78243747087e-12,1.71811848602e-12,6.54700577606e-13]},"melbands_crest":{"dmean":2.76422286034,"dmean2":4.45876121521,"dvar":7.3891825676,"dvar2":18.4612407684,"max":31.8656654358,"mean":15.1872835159,"median":14.6875782013,"min":2.23607969284,"var":27.1502151489},"melbands_flatness_db":{"dmean":0.0221466757357,"dmean2":0.0335944592953,"dvar":0.000546979426872,"dvar2":0.00119238824118,"max":0.462661623955,"mean":0.237089887261,"median":0.235860258341,"min":0.00544244656339,"var":0.005738069769},"melbands_kurtosis":{"dmean":5.82211685181,"dmean2":9.13561439514,"dvar":110.118217468,"dvar2":258.142120361,"max":317.538543701,"mean":14.7345457077,"median":9.23964500427,"min":-1.84538817406,"var":345.870605469},"melbands_skewness":{"dmean":0.585428714752,"dmean2":0.905565321445,"dvar":0.423313170671,"dvar2":0.979185044765,"max":14.6020212173,"mean":2.79181170464,"median":2.67038631439,"min":-4.57528781891,"var":2.84440326691},"melbands_spread":{"dmean":4.52568721771,"dmean2":7.07619953156,"dvar":38.8181190491,"dvar2":84.1850509644,"max":159.66494751,"mean":19.1425514221,"median":14.2923660278,"min":0.779108047485,"var":216.941177368},"mfcc":{"cov":[[8726.06445312,-1838.21643066,-226.806091309,556.760253906,396.755950928,-44.9076042175,-149.081054688,325.835784912,153.153594971,210.322006226,123.730827332,-87.0022735596,-31.8316307068],[-1838.21643066,1729.57543945,-219.503677368,-87.0336837769,-38.1955795288,27.6977310181,31.1928310394,-113.659263611,-99.3574676514,-66.5204391479,-118.579109192,-59.9385948181,-38.7440185547],[-226.806091309,-219.503677368,618.840393066,58.1349639893,-18.5344867706,116.878822327,69.3402328491,-19.2720508575,5.56545829773,-22.5168113708,0.16697126627,59.8205375671,30.2911891937],[556.760253906,-87.0336837769,58.1349639893,343.858734131,77.6991195679,11.6072273254,-7.36807394028,28.3224544525,33.4898872375,36.9561233521,0.999969780445,-18.9307994843,9.04477119446],[396.755950928,-38.1955795288,-18.5344867706,77.6991195679,238.932907104,4.95937919617,-7.55617523193,55.3653373718,67.6672744751,42.3688392639,36.1332321167,5.98633289337,29.5567550659],[-44.9076042175,27.6977310181,116.878822327,11.6072273254,4.95937919617,167.060821533,51.9151306152,1.81078016758,8.80465221405,0.292556136847,15.8274240494,16.5573673248,5.27032566071],[-149.081054688,31.1928310394,69.3402328491,-7.36807394028,-7.55617523193,51.9151306152,159.273529053,41.9186782837,-9.34807682037,0.675186216831,28.599822998,40.8682098389,35.598991394],[325.835784912,-113.659263611,-19.2720508575,28.3224544525,55.3653373718,1.81078016758,41.9186782837,162.844909668,48.0186462402,35.6657676697,48.8085632324,16.9796009064,33.6374511719],[153.153594971,-99.3574676514,5.56545829773,33.4898872375,67.6672744751,8.80465221405,-9.34807682037,48.0186462402,146.713592529,52.8021202087,37.9655189514,8.66243362427,19.7691650391],[210.322006226,-66.5204391479,-22.5168113708,36.9561233521,42.3688392639,0.292556136847,0.675186216831,35.6657676697,52.8021202087,124.469116211,49.0727043152,-0.521462321281,2.00305175781],[123.730827332,-118.579109192,0.16697126627,0.999969780445,36.1332321167,15.8274240494,28.599822998,48.8085632324,37.9655189514,49.0727043152,118.967422485,50.1131095886,30.6246318817],[-87.0022735596,-59.9385948181,59.8205375671,-18.9307994843,5.98633289337,16.5573673248,40.8682098389,16.9796009064,8.66243362427,-0.521462321281,50.1131095886,128.843078613,55.5192642212],[-31.8316307068,-38.7440185547,30.2911891937,9.04477119446,29.5567550659,5.27032566071,35.598991394,33.6374511719,19.7691650391,2.00305175781,30.6246318817,55.5192642212,104.165596008]],"icov":[[0.000195944419829,0.000212856204598,0.000150098319864,-0.000223283350351,-0.000208604629734,-0.000122420708067,0.000107415871753,-0.000229411365581,0.000158855851623,-0.0000928814115468,0.0000913083204068,0.0000440090952907,0.000138882489409],[0.000212856204598,0.000956374919042,0.000522606016602,-0.000137743380037,-0.000378732540412,-0.000458327878732,-0.000304842949845,0.00019186627469,0.000376124517061,-0.0000913779949769,0.000746123318095,0.000112761059427,0.000104544313217],[0.000150098319864,0.000522606016602,0.00235507101752,-0.000567852926906,0.00000428699286203,-0.00147005391773,-0.000582221022341,0.000438888091594,-0.0000885917834239,0.000214304163819,0.000813433376607,-0.000797942862846,-0.0000660437435727],[-0.000223283350351,-0.000137743380037,-0.000567852926906,0.00363885192201,-0.000724170356989,0.000028504511647,0.0000512877049914,-0.0000153332875925,-0.000155938367243,-0.000748737365939,0.000499776215293,0.000636844255496,-0.00052120879991],[-0.000208604629734,-0.000378732540412,0.00000428699286203,-0.000724170356989,0.00572498934343,-0.000114641014079,0.000628604495432,-0.000771041144617,-0.00174670398701,-0.000290612719255,-0.000792403530795,0.00019305702881,-0.00126031844411],[-0.000122420708067,-0.000458327878732,-0.00147005391773,0.000028504511647,-0.000114641014079,0.00783870182931,-0.00215641548857,0.000597640697379,-0.000816823216155,0.000372368027456,-0.00124182191212,0.000183529002243,0.000812163983937],[0.000107415871753,-0.000304842949845,-0.000582221022341,0.0000512877049914,0.000628604495432,-0.00215641548857,0.00905192643404,-0.00271971500479,0.00160792749375,-0.000248979165917,-0.000900275015738,-0.00110574427526,-0.00164657994173],[-0.000229411365581,0.00019186627469,0.000438888091594,-0.0000153332875925,-0.000771041144617,0.000597640697379,-0.00271971500479,0.00907984748483,-0.00175447179936,-0.000286023481749,-0.00175973738078,0.000806751428172,-0.00151326647028],[0.000158855851623,0.000376124517061,-0.0000885917834239,-0.000155938367243,-0.00174670398701,-0.000816823216155,0.00160792749375,-0.00175447179936,0.00976674351841,-0.00283976597711,-0.000594363140408,0.000173765045474,-0.0009351161425],[-0.0000928814115468,-0.0000913779949769,0.000214304163819,-0.000748737365939,-0.000290612719255,0.000372368027456,-0.000248979165917,-0.000286023481749,-0.00283976597711,0.0115250553936,-0.0044359927997,0.00123795110267,0.00114308681805],[0.0000913083204068,0.000746123318095,0.000813433376607,0.000499776215293,-0.000792403530795,-0.00124182191212,-0.000900275015738,-0.00175973738078,-0.000594363140408,-0.0044359927997,0.0144586153328,-0.00460746930912,-0.000407900079153],[0.0000440090952907,0.000112761059427,-0.000797942862846,0.000636844255496,0.00019305702881,0.000183529002243,-0.00110574427526,0.000806751428172,0.000173765045474,0.00123795110267,-0.00460746930912,0.0124915353954,-0.00507461745292],[0.000138882489409,0.000104544313217,-0.0000660437435727,-0.00052120879991,-0.00126031844411,0.000812163983937,-0.00164657994173,-0.00151326647028,-0.0009351161425,0.00114308681805,-0.000407900079153,-0.00507461745292,0.014093936421]],"mean":[-657.118103027,142.496887207,1.91254460812,20.434343338,7.52508640289,8.91595935822,-2.70707941055,8.34622478485,-0.115749754012,4.17266893387,-2.27803969383,-1.81308054924,-3.54815816879]},"pitch_salience":{"dmean":0.0606717355549,"dmean2":0.0991032570601,"dvar":0.00354663212784,"dvar2":0.00911267567426,"max":0.883811175823,"mean":0.513764083385,"median":0.519064128399,"min":0.100915119052,"var":0.0128436330706},"silence_rate_20dB":{"dmean":0,"dmean2":0,"dvar":0,"dvar2":0,"max":1,"mean":1,"median":1,"min":1,"var":0},"silence_rate_30dB":{"dmean":0.00168334424961,"dmean2":0.00336700328626,"dvar":0.00168038858101,"dvar2":0.00466512655839,"max":1,"mean":0.998971402645,"median":1,"min":0,"var":0.00102748989593},"silence_rate_60dB":{"dmean":0.00317965028808,"dmean2":0.00635989522561,"dvar":0.0031690930482,"dvar2":0.00781481340528,"max":1,"mean":0.0417991392314,"median":0,"min":0,"var":0.0400520451367},"spectral_centroid":{"dmean":169.710189819,"dmean2":265.897033691,"dvar":52328.3046875,"dvar2":108835.28125,"max":11008.4443359,"mean":1097.26220703,"median":989.983276367,"min":190.457672119,"var":382707.34375},"spectral_complexity":{"dmean":2.51304602623,"dmean2":4.0847363472,"dvar":6.6491856575,"dvar2":16.2347812653,"max":54,"mean":18.9009723663,"median":16,"min":0,"var":96.6750030518},"spectral_contrast_coeffs":{"dmean":[0.049924492836,0.0409426651895,0.0336885638535,0.0289005115628,0.0223823711276,0.0172974355519],"dmean2":[0.0833606421947,0.0676788315177,0.0539338476956,0.0465759783983,0.0356990024447,0.026722509414],"dvar":[0.00191600760445,0.00113046343904,0.000751054147258,0.000567048322409,0.000367163243936,0.000261371431407],"dvar2":[0.00507911900058,0.00303732557222,0.0018721629167,0.00145691505168,0.00087517342763,0.00058815581724],"max":[-0.255483090878,-0.49135145545,-0.454638630152,-0.523674368858,-0.567882239819,-0.585858225822],"mean":[-0.632578670979,-0.740351974964,-0.747753083706,-0.754261851311,-0.770657658577,-0.766581773758],"median":[-0.645484566689,-0.745043754578,-0.757675468922,-0.760846018791,-0.773077011108,-0.764942407608],"min":[-0.993083059788,-0.979672789574,-0.976626932621,-0.957395195961,-0.963001906872,-0.963216662407],"var":[0.0098576080054,0.00368868815713,0.00430930638686,0.00299644726329,0.0021784750279,0.00172298704274]},"spectral_contrast_valleys":{"dmean":[0.38542175293,0.296503931284,0.262013912201,0.24378053844,0.232865616679,0.298526525497],"dmean2":[0.640188574791,0.490916639566,0.431104809046,0.39367210865,0.354208469391,0.385334551334],"dvar":[0.13761767745,0.0804447606206,0.0608666166663,0.0627350956202,0.074840977788,0.139370650053],"dvar2":[0.319263547659,0.179926350713,0.131946519017,0.128864079714,0.143630757928,0.24758528173],"max":[-5.1144618988,-4.71419906616,-5.07156324387,-5.64666700363,-5.66692352295,-7.92470932007],"mean":[-7.05988454819,-6.70745182037,-7.38986873627,-7.89531373978,-8.04678249359,-10.6431980133],"median":[-6.75418281555,-6.57244062424,-7.2759475708,-7.88714790344,-7.87084007263,-10.3431606293],"min":[-27.1491222382,-27.1308288574,-27.0482559204,-27.4465045929,-27.0461845398,-27.2310791016],"var":[1.2806854248,0.802415370941,0.781596302986,1.0268881321,1.63253235817,2.07254600525]},"spectral_decrease":{"dmean":1.93397409198e-9,"dmean2":3.08474001898e-9,"dvar":7.79337395822e-18,"dvar2":1.81735832286e-17,"max":1.02325733758e-29,"mean":-7.85278153614e-9,"median":-7.18387482834e-9,"min":-3.61935938997e-8,"var":2.39339813333e-17},"spectral_energy":{"dmean":0.00748990476131,"dmean2":0.0119319474325,"dvar":0.000114543770906,"dvar2":0.000267019699095,"max":0.13875284791,"mean":0.0313983634114,"median":0.0285239312798,"min":1.10598046476e-20,"var":0.000380949670216},"spectral_energyband_high":{"dmean":0.00019303355657,"dmean2":0.000290594500257,"dvar":2.17375443867e-7,"dvar2":4.78099082102e-7,"max":0.00973483920097,"mean":0.000570863718167,"median":0.000187612662558,"min":7.78883604538e-21,"var":9.10043524982e-7},"spectral_energyband_low":{"dmean":0.00487034488469,"dmean2":0.00771516468376,"dvar":0.0000852658267831,"dvar2":0.000194487787667,"max":0.121894069016,"mean":0.0134593844414,"median":0.0109932497144,"min":5.36624524043e-23,"var":0.000175005552592},"spectral_energyband_middle_high":{"dmean":0.00136128894519,"dmean2":0.00211483472958,"dvar":0.00000574850810153,"dvar2":0.0000140275769809,"max":0.0480321981013,"mean":0.00567844463512,"median":0.00224352208897,"min":1.71413290035e-21,"var":0.0000495247149956},"spectral_energyband_middle_low":{"dmean":0.00472789397463,"dmean2":0.00779361324385,"dvar":0.0000532955709787,"dvar2":0.000141829586937,"max":0.09085649997,"mean":0.0130163123831,"median":0.0104592628777,"min":4.22315133132e-22,"var":0.000104297781945},"spectral_entropy":{"dmean":0.14252743125,"dmean2":0.216386348009,"dvar":0.0249708965421,"dvar2":0.0553751885891,"max":9.81073284149,"mean":7.30294656754,"median":7.36287689209,"min":5.27142333984,"var":0.305037409067},"spectral_flux":{"dmean":0.0217962618917,"dmean2":0.0342337079346,"dvar":0.000767884601373,"dvar2":0.00154792121612,"max":0.325341463089,"mean":0.0737938135862,"median":0.0668480917811,"min":1.05165605391e-10,"var":0.00228852638975},"spectral_kurtosis":{"dmean":2.79534721375,"dmean2":4.79001426697,"dvar":21.524066925,"dvar2":62.6110649109,"max":93.1188278198,"mean":7.6033115387,"median":5.19307470322,"min":-1.24845290184,"var":76.1244659424},"spectral_rms":{"dmean":0.000618395162746,"dmean2":0.000976280134637,"dvar":5.67020776998e-7,"dvar2":0.0000013085335695,"max":0.0116348024458,"mean":0.00522206211463,"median":0.00527524668723,"min":3.28482163345e-12,"var":0.00000336271546075},"spectral_rolloff":{"dmean":276.529937744,"dmean2":462.653839111,"dvar":317283.03125,"dvar2":655252.1875,"max":18820.0195312,"mean":1082.60925293,"median":732.12890625,"min":64.599609375,"var":1045045.8125},"spectral_skewness":{"dmean":0.271607786417,"dmean2":0.451210379601,"dvar":0.112197227776,"dvar2":0.311062932014,"max":7.29525327682,"mean":1.90195965767,"median":1.74494016171,"min":-0.0393000207841,"var":0.719902634621},"spectral_spread":{"dmean":453197.09375,"dmean2":617788.625,"dvar":361917087744,"dvar2":545503936512,"max":42589120,"mean":3928010,"median":3674720.25,"min":870775.9375,"var":2375522713600},"spectral_strongpeak":{"dmean":0.436770707369,"dmean2":0.763889789581,"dvar":0.992496371269,"dvar2":2.54882979393,"max":12.7011651993,"mean":0.930992603302,"median":0.396742284298,"min":0,"var":2.14888572693},"zerocrossingrate":{"dmean":0.00670100143179,"dmean2":0.00794553104788,"dvar":0.0000811558275018,"dvar2":0.0000916686985875,"max":0.494140625,"mean":0.0450552925467,"median":0.03955078125,"min":0.00390625,"var":0.000765766657423}},"metadata":{"audio_properties":{"analysis_sample_rate":44100,"bit_rate":325236,"codec":"aac","downmix":"mix","equal_loudness":0,"length":248.277328491,"lossless":false,"md5_encoded":"09eb38fc6a067283283ea87711d0d819","replay_gain":-14.3191242218,"sample_rate":48000},"tags":{"album":["Original Sin"],"artist":["INXS"],"bpm":["84"],"file_name":"copy1009582476929902624.m4a","musicbrainz_recordingid":["25930b90-3d5e-47db-be1b-9080435f50ee"],"title":["Beautiful Girl (feat. Pat Monahan)"],"tracknumber":["5"]},"version":{"essentia":"2.1-beta2","essentia_build_sha":"cead25079874084f62182a551b7393616cd33d87","essentia_git_sha":"v2.1_beta2-1-ge3940c0","extractor":"music 1.0"}},"rhythm":{"beats_count":693,"beats_loudness":{"dmean":0.0150447031483,"dmean2":0.0265111420304,"dvar":0.000256722123595,"dvar2":0.000742341624573,"max":0.125525206327,"mean":0.0399308875203,"median":0.035563878715,"min":4.85841269438e-7,"var":0.000609269714914},"beats_loudness_band_ratio":{"dmean":[0.192479655147,0.144886165857,0.0949501395226,0.0624818466604,0.0544556453824,0.023356737569],"dmean2":[0.323323428631,0.254230618477,0.16445723176,0.110271148384,0.0927568301558,0.0408969447017],"dvar":[0.0240261536092,0.0210288129747,0.0100389281288,0.00713539402932,0.00638347351924,0.00206874776632],"dvar2":[0.0623053908348,0.0563965514302,0.0286195781082,0.0198042634875,0.0158887766302,0.00581868225709],"max":[0.981776893139,0.865372240543,0.867738008499,0.964566588402,0.579941630363,0.437568098307],"mean":[0.55965924263,0.185057133436,0.125517085195,0.0819167792797,0.0681468173862,0.0237272679806],"median":[0.572710514069,0.127847090364,0.0812637731433,0.0434845760465,0.0282571893185,0.0118495076895],"min":[0.00386480754241,0.00178679788951,0.00166996987537,0.000747227226384,0.000949461711571,0.0000779710971