{"lowlevel":{"average_loudness":0.861200511456,"barkbands":{"dmean":[0.000136421964271,0.00658767716959,0.00343698519282,0.00143490475602,0.00130701391026,0.000731805746909,0.000470520142699,0.00100520474371,0.0012760378886,0.000803162984084,0.000466900703032,0.0003390351485,0.00031550967833,0.000357011886081,0.000231690428336,0.000164794459124,0.000158568174811,0.0000863467648742,0.000043584524974,0.000050703794841,0.0000183634365385,0.000019919269107,0.0000272467441391,0.000031044059142,0.00000868040024216,0.00000274407716461,4.67687982564e-7],"dmean2":[0.000225669107749,0.0102842403576,0.00595906190574,0.00259940559044,0.00215190532617,0.00117852177937,0.000687502208166,0.00149670033716,0.00188766187057,0.00109558354598,0.00063773727743,0.000464130163891,0.000457805988844,0.000509723206051,0.000352052098606,0.000249381322647,0.000254355429206,0.000130579515826,0.0000660525183775,0.0000716320937499,0.0000278893221548,0.0000295286117762,0.0000448644386779,0.0000515080791956,0.0000133182647915,0.0000041398693611,7.23384744106e-7],"dvar":[1.75069502006e-7,0.000405908795074,0.000146484992001,0.0000324613574776,0.00000983500012808,0.0000025787346658,0.00000470939403385,0.0000137107108458,0.000022201331376,0.0000276005430351,0.00000486484395879,0.0000021350406314,0.00000129179147734,0.00000182723658781,6.54319364912e-7,2.97889783951e-7,2.28694858606e-7,5.55227792631e-8,1.67740044077e-8,2.64957620288e-8,3.08656344927e-9,4.27048796325e-9,6.23757978602e-9,1.08682458588e-8,2.52367282627e-9,1.54476639813e-10,2.93502375182e-12],"dvar2":[4.57173001678e-7,0.000981880584732,0.00041773650446,0.0000946526779444,0.0000267171344603,0.00000626097562417,0.00000710918448021,0.0000297848673654,0.0000460124756501,0.0000435707297584,0.00000739686493034,0.00000325682617586,0.0000026042528134,0.00000324576467392,0.00000151038932472,5.95983578933e-7,5.24143047187e-7,1.22993270679e-7,3.42384112173e-8,4.86651465792e-8,6.82378553662e-9,9.58881418711e-9,1.54398289709e-8,2.48788065704e-8,6.13273831718e-9,3.42480765969e-10,6.78226181813e-12],"max":[0.00456633139402,0.248589217663,0.14620500803,0.0594398900867,0.0387128181756,0.048068638891,0.151975661516,0.141614198685,0.198939532042,0.261588484049,0.107264503837,0.0642071068287,0.0420579761267,0.044238589704,0.0204949639738,0.024429064244,0.0166758690029,0.00485024088994,0.00560691440478,0.00574538996443,0.0017481315881,0.00268250121735,0.00206185062416,0.0038760243915,0.00264356355183,0.000451043073554,0.0000643840394332],"mean":[0.000141782380524,0.0101759359241,0.00477514090016,0.00138616689947,0.00206305878237,0.00122564018238,0.00111896404997,0.00206471374258,0.00218170182779,0.00172902899794,0.000906564120669,0.000561432330869,0.000538033549674,0.000526486197487,0.000302851025481,0.000218279223191,0.000192702311324,0.000135561116622,0.0000616243560216,0.0000820698551252,0.0000262442845269,0.0000308878661599,0.000025978022677,0.0000279113610304,0.0000109426409836,0.00000368406472262,7.51333857352e-7],"median":[0.000017029895389,0.00297197815962,0.00100072636269,0.000289462332148,0.00101381179411,0.000561696360819,0.000223379116505,0.000460525043309,0.00030027894536,0.0000864430476213,0.0000462390053144,0.0000192602929019,0.0000316585683322,0.0000318556558341,0.0000126353515952,0.0000129482523334,0.0000139711264637,0.00000735328922019,0.00000770655242377,0.00000251720234701,0.00000242770556724,0.00000226794077207,0.00000186407464753,0.00000181700113444,8.32547129903e-7,3.17189602583e-7,1.45018290709e-7],"min":[4.68588945424e-10,7.44308281675e-10,2.89687163146e-11,6.79989181282e-12,8.2918193145e-11,4.30227589665e-11,1.50054812326e-11,1.33405439473e-11,1.87922975792e-11,1.17446842182e-11,1.29213636318e-11,6.04977222832e-12,3.52082642555e-12,1.30167395959e-11,5.53361826847e-12,5.38483797483e-12,4.57376541155e-12,3.43221436515e-12,3.84534678405e-12,6.75822939278e-12,8.92963741145e-12,4.95913249701e-12,5.26008099924e-12,6.05990908495e-12,9.29360841756e-12,1.52357779171e-11,3.02960330434e-11],"var":[1.98251171923e-7,0.000428245315561,0.000112081856059,0.0000191572326003,0.000010029587429,0.00000490402544528,0.0000255722425209,0.0000324241591443,0.0000508586745127,0.000104364138679,0.0000149644902194,0.00000816133979242,0.00000448439732281,0.00000471987141282,0.00000110915755158,5.83432438361e-7,3.70873380007e-7,1.22764902244e-7,3.35194343393e-8,6.90371351197e-8,5.41227995754e-9,7.225185783e-9,6.38732755576e-9,1.13390878909e-8,2.56785948061e-9,1.93380492175e-10,4.02499474722e-12]},"barkbands_crest":{"dmean":2.76597762108,"dmean2":4.42698812485,"dvar":8.38571453094,"dvar2":21.2890605927,"max":26.6846141815,"mean":12.3339290619,"median":11.6600399017,"min":3.00982904434,"var":20.9486579895},"barkbands_flatness_db":{"dmean":0.0334130749106,"dmean2":0.0458193644881,"dvar":0.00131902866997,"dvar2":0.00238762795925,"max":0.620184779167,"mean":0.235359147191,"median":0.219305694103,"min":0.0387541018426,"var":0.00871872156858},"barkbands_kurtosis":{"dmean":7.42634916306,"dmean2":11.7708425522,"dvar":539.614807129,"dvar2":1265.07885742,"max":1060.18188477,"mean":9.6985874176,"median":3.18188023567,"min":-1.92365562916,"var":784.378723145},"barkbands_skewness":{"dmean":0.849489510059,"dmean2":1.25967276096,"dvar":1.19083356857,"dvar2":2.62675428391,"max":28.7695159912,"mean":1.71437382698,"median":1.39736580849,"min":-5.43933200836,"var":3.45048975945},"barkbands_spread":{"dmean":4.55522727966,"dmean2":6.99328756332,"dvar":51.6293716431,"dvar2":123.556236267,"max":112.601600647,"mean":12.0227985382,"median":9.12355613708,"min":0.169951051474,"var":112.765197754},"dissonance":{"dmean":0.0410158261657,"dmean2":0.0660853236914,"dvar":0.00151419627946,"dvar2":0.00370710087009,"max":0.499894529581,"mean":0.399447143078,"median":0.413586258888,"min":0.0946737080812,"var":0.00456018233672},"dynamic_complexity":6.00488948822,"erbbands":{"dmean":[0.130381509662,1.70371341705,4.15240478516,4.48168897629,4.62483644485,4.29989147186,4.58037137985,6.13946294785,5.76221561432,15.3247270584,19.6126937866,31.0432529449,27.8917045593,14.0366840363,18.9736213684,14.8990106583,13.2257938385,16.5494918823,12.4670534134,11.7023010254,8.57972240448,7.41909885406,5.14680767059,2.74742078781,2.15555810928,2.42204403877,0.985182881355,0.634871482849,0.74498963356,0.553606331348,0.718914449215,1.06747663021,0.286359876394,0.130214706063,0.046744517982,0.0168527290225,0.00423964904621,0.00070378970122,0.0000822344736662,0.0000174093183887],"dmean2":[0.207742407918,2.70266747475,6.97838258743,7.96248006821,8.06819534302,6.91166448593,7.42949914932,9.81013298035,8.23502159119,22.6681938171,29.6973514557,45.4008178711,38.0449295044,19.3921051025,25.5538368225,19.8280658722,19.255613327,23.3959884644,18.5624580383,17.2919006348,13.0075387955,12.0254821777,7.70702791214,4.07182073593,3.19627976418,3.45958447456,1.43878400326,0.952128589153,1.09387159348,0.843870460987,1.18150937557,1.80435490608,0.45235028863,0.203490808606,0.0711666196585,0.0256116744131,0.00645288592204,0.00108389940578,0.00012555369176,0.00002520916496],"dvar":[0.168379023671,28.3911743164,194.432098389,291.204650879,220.023422241,88.1720275879,79.9094085693,183.09286499,847.596862793,3067.20849609,5339.18164062,12391.3789062,40693.5820312,2711.87939453,9075.9296875,4096.25439453,2065.78369141,3844.97119141,1921.51550293,1841.30383301,630.277893066,446.146697998,188.139053345,63.6276550293,40.9116401672,66.3100738525,10.7043781281,3.0987393856,6.97679662704,4.58587694168,4.10234451294,8.24645423889,2.27537536621,0.705807805061,0.0546510405838,0.00646543968469,0.000366900494555,0.000011166148397,7.78729827289e-8,1.30465838133e-9],"dvar2":[0.425766080618,70.1033401489,531.486938477,848.372680664,627.172790527,233.500762939,214.450393677,443.182739258,1108.28723145,6782.98583984,11638.6318359,25106.2792969,63412.3007812,5443.48339844,14036.3183594,5853.41943359,4342.16162109,7375.75048828,4041.50170898,4053.24951172,1300.48620605,1063.17431641,416.652038574,123.535621643,86.7995910645,123.141113281,21.7230205536,6.36833810806,15.8793373108,10.3344860077,10.0823249817,20.3763484955,5.21321678162,1.75756156445,0.124842628837,0.0147464154288,0.000808237236924,0.0000263222718786,1.72233953322e-7,2.86540924321e-9],"max":[5.48032236099,62.0253982544,160.932739258,173.547729492,148.911056519,164.287582397,158.004638672,431.218383789,2332.24072266,1900.58459473,4115.77929688,3543.06616211,9900.09960938,1515.12609863,4867.01611328,3266.18139648,1912.78613281,2367.19580078,1149.73535156,1204.72424316,658.24017334,480.80569458,295.98651123,383.345825195,185.404495239,278.955963135,104.684326172,61.6040039062,114.145736694,79.5232620239,57.5867767334,89.3177261353,74.0901870728,46.3269195557,11.2335824966,2.91400194168,0.79879784584,0.170183673501,0.0108260530978,0.000495478219818],"mean":[0.179988145828,2.63644790649,6.09884738922,5.19687414169,5.23499488831,7.2199754715,7.8937087059,10.5940093994,15.6463136673,34.0224494934,40.9557876587,55.7215385437,62.6335754395,28.5823860168,36.3122825623,28.695766449,24.4669094086,25.8495502472,17.1274375916,17.2293624878,12.0341033936,9.3907327652,8.45547103882,4.39917516708,3.14450883865,3.89579296112,1.58908867836,0.960786521435,1.15755081177,0.774420797825,0.687694966793,0.863059878349,0.305733770132,0.156923010945,0.0589329004288,0.0217247493565,0.00577270472422,0.000993742491119,0.00013780091831,0.0000419708267145],"median":[0.067341580987,0.732445836067,1.14525747299,1.33041596413,1.48744618893,3.32442569733,4.31530618668,4.67221689224,3.62857961655,7.9910364151,9.50122642517,10.0394554138,4.34747600555,2.22984790802,2.40579891205,1.4240026474,1.96235942841,2.00016546249,0.954955399036,1.00045776367,0.738770127296,0.720821738243,0.690932512283,0.61434841156,0.176696553826,0.130405634642,0.112651802599,0.0974382162094,0.0824993103743,0.0658027753234,0.049744002521,0.042765788734,0.0240610670298,0.0115192979574,0.00484813656658,0.00173470750451,0.000502717215568,0.000120413096738,0.0000365454907296,0.000027612401027],"min":[2.5103094714e-8,1.83235940199e-7,6.50521698731e-8,6.95825619346e-8,2.42552175678e-7,3.26788637039e-7,1.53861037688e-7,4.57373516838e-7,2.73599908951e-7,2.13875566146e-7,3.71372010477e-7,3.06418542095e-7,4.30402195661e-7,3.16173782267e-7,4.91402374792e-7,3.02832546595e-7,2.13881790501e-7,5.33858838025e-7,4.98664121551e-7,2.47868911174e-7,3.24957056819e-7,2.57253759628e-7,2.13830375628e-7,2.22788344217e-7,1.5672945608e-7,3.36626271746e-7,3.47780769516e-7,3.372569779e-7,1.8727351403e-7,1.73164423245e-7,1.34590152356e-7,1.15500910169e-7,1.04334851869e-7,9.81231238484e-8,7.48260475802e-8,4.63236631276e-8,3.17945385575e-8,1.22736549812e-8,4.41956382602e-9,4.5989828612e-10],"var":[0.151939153671,29.4211978912,173.608551025,180.703445435,147.433334351,117.714393616,121.514144897,374.051391602,5846.97070312,8915.83984375,12869.4443359,29209.921875,161382.59375,9678.57226562,24686.5585938,18594.2226562,7157.04248047,9196.98242188,3782.00854492,3508.10473633,1362.91052246,668.171691895,428.521636963,136.386108398,93.24243927,160.888046265,28.1293354034,6.09032392502,11.1863880157,6.37700891495,4.33610677719,7.43518877029,2.40871024132,0.663585662842,0.0635692849755,0.00773692457005,0.000452720909379,0.0000123865493151,1.15108392151e-7,2.32239893982e-9]},"erbbands_crest":{"dmean":3.13477301598,"dmean2":4.84287929535,"dvar":10.1846752167,"dvar2":22.4364471436,"max":34.3953056335,"mean":12.7276659012,"median":11.4418201447,"min":1.75201964378,"var":34.2488021851},"erbbands_flatness_db":{"dmean":0.0274112485349,"dmean2":0.0372430719435,"dvar":0.000830370758194,"dvar2":0.00144624337554,"max":0.543696641922,"mean":0.224669143558,"median":0.218753099442,"min":0.0184976253659,"var":0.00534458644688},"erbbands_kurtosis":{"dmean":2.73030996323,"dmean2":4.27250480652,"dvar":27.2400856018,"dvar2":60.1828575134,"max":199.538467407,"mean":3.81809210777,"median":1.4879617691,"min":-1.92664587498,"var":85.368019104},"erbbands_skewness":{"dmean":0.621979296207,"dmean2":0.953908324242,"dvar":0.45205232501,"dvar2":1.04539132118,"max":10.0920181274,"mean":0.761455714703,"median":0.663691520691,"min":-4.61056613922,"var":1.3981859684},"erbbands_spread":{"dmean":9.51171016693,"dmean2":14.5019626617,"dvar":195.421340942,"dvar2":426.833374023,"max":173.658706665,"mean":25.3277187347,"median":18.7668190002,"min":0.383383184671,"var":489.13369751},"gfcc":{"cov":[[19359.0292969,-225.831985474,-3317.44677734,964.883239746,-1057.46374512,530.770507812,-188.938339233,178.182785034,-395.045959473,-184.08039856,-102.356513977,-30.8358840942,46.9751625061],[-225.831985474,2563.66943359,405.852325439,-659.582763672,529.980163574,-392.114379883,169.97869873,-30.1695289612,178.161056519,-179.265548706,163.691177368,-134.922454834,-21.0736293793],[-3317.44677734,405.852325439,1985.25463867,280.096191406,-26.8539733887,-26.8394355774,43.3664016724,-67.6525192261,161.104003906,-4.87376594543,-11.5672111511,-95.2110366821,-22.8461360931],[964.883239746,-659.582763672,280.096191406,949.038146973,-115.344650269,83.8685531616,-70.8718338013,-26.7248973846,20.7860164642,-32.7977905273,-67.8845596313,-31.6014404297,28.0603923798],[-1057.46374512,529.980163574,-26.8539733887,-115.344650269,716.396179199,-84.4100265503,40.3689460754,20.056728363,28.6982707977,-9.43717002869,-3.68212985992,-11.7919073105,-5.60719919205],[530.770507812,-392.114379883,-26.8394355774,83.8685531616,-84.4100265503,487.2421875,24.038312912,-84.6990356445,-28.0679225922,-18.6825008392,11.2766666412,-2.94104838371,8.21158123016],[-188.938339233,169.97869873,43.3664016724,-70.8718338013,40.3689460754,24.038312912,313.085296631,86.5547866821,-80.6623458862,-8.60098457336,35.4712562561,-8.93867683411,-24.4944820404],[178.182785034,-30.1695289612,-67.6525192261,-26.7248973846,20.056728363,-84.6990356445,86.5547866821,204.102401733,10.701666832,6.72159481049,-1.85477864742,15.8066301346,-12.3822259903],[-395.045959473,178.161056519,161.104003906,20.7860164642,28.6982707977,-28.0679225922,-80.6623458862,10.701666832,261.628051758,6.86823606491,-12.7601985931,-24.2519359589,20.5329151154],[-184.08039856,-179.265548706,-4.87376594543,-32.7977905273,-9.43717002869,-18.6825008392,-8.60098457336,6.72159481049,6.86823606491,183.713745117,-16.5222167969,-0.619788348675,-10.2693271637],[-102.356513977,163.691177368,-11.5672111511,-67.8845596313,-3.68212985992,11.2766666412,35.4712562561,-1.85477864742,-12.7601985931,-16.5222167969,169.762435913,21.2353820801,-31.8263015747],[-30.8358840942,-134.922454834,-95.2110366821,-31.6014404297,-11.7919073105,-2.94104838371,-8.93867683411,15.8066301346,-24.2519359589,-0.619788348675,21.2353820801,121.121704102,28.9100589752],[46.9751625061,-21.0736293793,-22.8461360931,28.0603923798,-5.60719919205,8.21158123016,-24.4944820404,-12.3822259903,20.5329151154,-10.2693271637,-31.8263015747,28.9100589752,114.21232605]],"icov":[[0.000259566906607,-0.000680897152051,0.000580533815082,-0.000750079751015,0.000663384562358,-0.000725689344108,0.000561589316931,-0.000810779165477,0.000606492743827,-0.000463640404632,0.000574833131395,-0.000282828637864,0.000266352639301],[-0.000680897152051,0.00300254230388,-0.00170840474311,0.00272783334367,-0.00233178329654,0.00286606815644,-0.00222639390267,0.00297515816055,-0.00237710773945,0.00244893319905,-0.00250977650285,0.0021019896958,-0.00123723526485],[0.000580533815082,-0.00170840474311,0.00193001737352,-0.00198027794249,0.00161382043734,-0.00164065859281,0.00102158542722,-0.00155337841716,0.00101490714587,-0.00123117654584,0.00143914064392,-0.000612783536781,0.000829454802442],[-0.000750079751015,0.00272783334367,-0.00198027794249,0.00385710736737,-0.00213780184276,0.00246602809057,-0.00174639094621,0.00266718864441,-0.00209856964648,0.00234685768373,-0.00190919078887,0.00191574112978,-0.00132820801809],[0.000663384562358,-0.00233178329654,0.00161382043734,-0.00213780184276,0.00346197048202,-0.00206783809699,0.00151625985745,-0.00236532720737,0.00167656783015,-0.00164861045778,0.00208490528166,-0.00128464435693,0.000988847459666],[-0.000725689344108,0.00286606815644,-0.00164065859281,0.00246602809057,-0.00206783809699,0.00518777640536,-0.00282099330798,0.00420082127675,-0.00241388007998,0.00240656314418,-0.00248098513111,0.00178593886085,-0.00122390361503],[0.000561589316931,-0.00222639390267,0.00102158542722,-0.00174639094621,0.00151625985745,-0.00282099330798,0.00634044734761,-0.0047604944557,0.00354573410004,-0.00163585681003,0.00100213719998,-0.000468802027171,0.000725981139112],[-0.000810779165477,0.00297515816055,-0.00155337841716,0.00266718864441,-0.00236532720737,0.00420082127675,-0.0047604944557,0.00994176138192,-0.00376294925809,0.0022178448271,-0.00177436741069,0.000414712034399,-0.000168378959643],[0.000606492743827,-0.00237710773945,0.00101490714587,-0.00209856964648,0.00167656783015,-0.00241388007998,0.00354573410004,-0.00376294925809,0.00683244550601,-0.00204264279455,0.00159807584714,-0.000245089264354,-0.000265744834905],[-0.000463640404632,0.00244893319905,-0.00123117654584,0.00234685768373,-0.00164861045778,0.00240656314418,-0.00163585681003,0.0022178448271,-0.00204264279455,0.00770974252373,-0.00127510074526,0.00165810831822,-0.000259251712123],[0.000574833131395,-0.00250977650285,0.00143914064392,-0.00190919078887,0.00208490528166,-0.00248098513111,0.00100213719998,-0.00177436741069,0.00159807584714,-0.00127510074526,0.00906617753208,-0.00365823390894,0.00341112958267],[-0.000282828637864,0.0021019896958,-0.000612783536781,0.00191574112978,-0.00128464435693,0.00178593886085,-0.000468802027171,0.000414712034399,-0.000245089264354,0.00165810831822,-0.00365823390894,0.0119750937447,-0.00419358443469],[0.000266352639301,-0.00123723526485,0.000829454802442,-0.00132820801809,0.000988847459666,-0.00122390361503,0.000725981139112,-0.000168378959643,-0.000265744834905,-0.000259251712123,0.00341112958267,-0.00419358443469,0.0112205222249]],"mean":[-110.55884552,140.262756348,-84.7002716064,10.4600849152,-43.9492912292,6.6537528038,-26.7776660919,9.71848297119,-8.10275840759,-1.76033735275,-10.1468048096,-5.07438087463,-11.0300092697]},"hfc":{"dmean":4.93033504486,"dmean2":6.72494268417,"dvar":73.5555114746,"dvar2":126.921142578,"max":288.347961426,"mean":13.3625965118,"median":6.22324752808,"min":0.00000155949567215,"var":336.026794434},"melbands":{"dmean":[0.00153031607624,0.00219148001634,0.000782289891504,0.000322243751725,0.00016408796364,0.000138790055644,0.0000882849781192,0.000185068012797,0.000180891453056,0.000184138785698,0.000135528913233,0.0000554852522328,0.0000663927130518,0.0000407812767662,0.0000398019292334,0.0000252823210758,0.0000342366220139,0.0000229256766033,0.0000166546251421,0.0000140900319821,0.0000108018712126,0.00000878791161085,0.0000058035825532,0.00000412506369685,0.00000219667253987,0.00000144220098264,0.00000200653767024,0.00000158586612997,7.2938894391e-7,4.20421145009e-7,3.8749021769e-7,4.48748977533e-7,3.84120113495e-7,2.89726386882e-7,2.71068785196e-7,8.98834855434e-7,5.46959086023e-7,2.09909075011e-7,1.42521628277e-7,1.00717770124e-7],"dmean2":[0.00236961920746,0.00349477818236,0.00139198685065,0.000541313667782,0.00026047375286,0.000221263384447,0.000126155980979,0.000274497433566,0.000273824844044,0.000270061165793,0.000184692398761,0.0000781897033448,0.0000894986005733,0.000054775224271,0.0000562792374694,0.0000371655769413,0.0000488211007905,0.000033894131775,0.0000251382352872,0.0000206947406696,0.00001647731915,0.0000143956704051,0.00000904337684915,0.00000616873148829,0.00000327781071974,0.00000222933613259,0.00000296919097309,0.00000225982785196,0.0000010705217619,6.49070329928e-7,5.91845775944e-7,6.64953233809e-7,5.75655633384e-7,4.52574113297e-7,4.33628628116e-7,0.00000154762551574,9.15130442536e-7,3.32396268732e-7,2.23573337621e-7,1.57794843858e-7],"dvar":[0.0000215243144339,0.0000478040929011,0.00000886464840733,7.18375133602e-7,8.98007215255e-8,9.5801404143e-8,1.99870157758e-7,4.67171958007e-7,4.4929677756e-7,4.34212068967e-7,0.0000010023672985,4.42969145809e-8,1.0903449521e-7,2.82055339085e-8,2.18427587129e-8,8.73139338609e-9,1.74522245544e-8,7.75217667837e-9,3.48042061837e-9,2.7050026663e-9,1.19067555815e-9,7.47332751239e-10,2.63295801828e-10,1.2601994448e-10,5.20774569301e-11,2.33434261504e-11,4.59955684651e-11,3.21399573622e-11,7.34800675167e-12,1.81289770522e-12,1.30083866855e-12,2.58211399311e-12,1.68006494133e-12,1.79166100359e-12,1.0770220436e-12,4.9917739213e-12,2.94458858338e-12,1.33564025725e-12,9.19715258813e-13,4.00599231521e-13],"dvar2":[0.0000522537739016,0.000121852091979,0.0000257963911281,0.00000196751011572,2.37178966245e-7,2.22703675945e-7,2.60737891722e-7,0.00000104725518213,9.93639105218e-7,8.79167942003e-7,0.00000157049942118,9.11586894858e-8,1.65180722433e-7,4.64149536583e-8,3.78713167493e-8,1.79032788594e-8,3.349596156e-8,1.50815822053e-8,7.84417775179e-9,5.53265966374e-9,2.55718624054e-9,1.75202841124e-9,6.15904938162e-10,2.6406646314e-10,9.90584766991e-11,5.29344588995e-11,9.31614022037e-11,5.93930252202e-11,1.47156002661e-11,4.19560263268e-12,2.71465055296e-12,5.85610943418e-12,3.81584260717e-12,4.12416238313e-12,2.60657576252e-12,1.2888917364e-11,7.18180636489e-12,3.09607916561e-12,2.30195420017e-12,1.0007856089e-12],"max":[0.0631570294499,0.0693869963288,0.0301975365728,0.0109971929342,0.00473267724738,0.0109316837043,0.0353048592806,0.0250665042549,0.034673281014,0.0191559214145,0.0496983900666,0.00647898111492,0.017073744908,0.00598275614902,0.00562042091042,0.00237168115564,0.0053572691977,0.00295878690667,0.00186618324369,0.00240953313187,0.00116002943832,0.000642489874735,0.000402824894991,0.000240252440562,0.000369974994101,0.000128897532704,0.000217431443161,0.00017424847465,0.000090286739578,0.0000545353577763,0.0000381678182748,0.0000577610153414,0.0000606791181781,0.000048311354476,0.0000322455816786,0.000032842373912,0.0000634928292129,0.0000488812584081,0.0000523308481206,0.0000343514657288],"mean":[0.00228786631487,0.00349353300408,0.000918892037589,0.000449201848824,0.000304251210764,0.000239702974795,0.000232971040532,0.000403470156016,0.000370385561837,0.000319946673699,0.000300816755043,0.000105288469058,0.000125715901959,0.0000714796406101,0.0000773975407355,0.0000385730600101,0.0000519849127159,0.000029796952731,0.0000223218667088,0.0000193779960682,0.0000140371030284,0.000010246302736,0.00000864432513481,0.00000641824726699,0.00000326815165863,0.00000181266909749,0.00000291530795948,0.00000246709782914,0.00000113477881314,5.65196671687e-7,5.51165328488e-7,6.69103656037e-7,5.74773821427e-7,3.69110921383e-7,2.91026680088e-7,6.89842067914e-7,4.52819705288e-7,2.16286665022e-7,1.65000798802e-7,1.18910328695e-7],"median":[0.000787340744864,0.000958478311077,0.000251040793955,0.000195465574507,0.000171948282514,0.000105232065835,0.0000489825797558,0.0000924756604945,0.0000785857773735,0.0000502314287587,0.0000134585116029,0.00000676237777952,0.00000695743165124,0.00000333647767548,0.00000394583639718,0.00000278476363746,0.00000341087297784,0.0000013870624116,8.49845775974e-7,0.00000133043022288,6.86541511641e-7,6.31202169643e-7,7.0537407737e-7,4.51494656772e-7,3.99781669103e-7,8.3749128521e-8,6.55460183907e-8,8.06953437404e-8,5.94994631342e-8,5.45824505593e-8,4.71061767371e-8,4.25041335461e-8,3.72112651803e-8,2.84400218931e-8,2.23278497913e-8,2.5196596809e-8,2.24044924835e-8,1.46272380874e-8,1.06836459679e-8,7.17260073557e-9],"min":[3.55569046429e-10,1.16870388367e-10,1.86865488361e-11,1.86435675925e-11,8.48756828709e-12,1.10114781876e-11,3.49591709747e-12,2.32030106934e-12,2.36759873859e-12,2.21879264094e-12,2.06254566378e-12,1.15882390489e-12,1.75073649154e-12,6.16382975476e-13,9.97210777495e-13,3.09924124125e-13,1.07533415766e-12,9.30433464649e-13,3.5669630769e-13,3.41203926007e-13,3.65527595171e-13,3.0133274348e-13,1.57939348991e-13,1.83112924238e-13,1.86885107541e-13,1.12715460338e-13,1.06895131039e-13,2.71341163514e-13,1.84377185286e-13,2.76984869502e-13,1.78076845804e-13,1.26976391641e-13,5.30955115215e-14,1.13118681902e-13,8.50374797163e-14,6.65068789429e-14,6.59871666315e-14,5.61855046538e-14,9.76564681443e-14,7.66249314433e-14],"var":[0.00002167794446,0.0000494173364132,0.00000547504896531,6.32893375041e-7,1.57754286079e-7,2.14520042618e-7,0.0000013356383306,0.00000130195587644,0.00000118530988402,9.78947923613e-7,0.00000396362383981,1.514222987e-7,3.0583336752e-7,9.4595655753e-8,9.94832518586e-8,1.93483113975e-8,4.17530685581e-8,1.6543761916e-8,6.26718765773e-9,4.94795404649e-9,2.31671304363e-9,1.11386655455e-9,4.81417961051e-10,2.82387169204e-10,1.01784157491e-10,4.14898393419e-11,9.88007939351e-11,7.73703601187e-11,2.02877280947e-11,2.72490602131e-12,2.41911352061e-12,4.06251204552e-12,2.72661515761e-12,2.16793857172e-12,1.21465023369e-12,3.99668666218e-12,2.71006958194e-12,1.37359503112e-12,8.49350808869e-13,3.78270304619e-13]},"melbands_crest":{"dmean":2.97559952736,"dmean2":4.69579601288,"dvar":9.78398227692,"dvar2":23.216463089,"max":38.0491867065,"mean":15.8559780121,"median":15.1254825592,"min":4.07182216644,"var":33.545879364},"melbands_flatness_db":{"dmean":0.0418036952615,"dmean2":0.0559412874281,"dvar":0.00210683606565,"dvar2":0.00364676257595,"max":0.78273743391,"mean":0.336561232805,"median":0.318764388561,"min":0.0682419538498,"var":0.0145023940131},"melbands_kurtosis":{"dmean":13.6015405655,"dmean2":21.5177555084,"dvar":978.131774902,"dvar2":2230.42431641,"max":763.503051758,"mean":18.8757286072,"median":6.02818441391,"min":-1.86195766926,"var":1633.09533691},"melbands_skewness":{"dmean":1.02406287193,"dmean2":1.5112913847,"dvar":1.71089398861,"dvar2":3.7214319706,"max":19.886095047,"mean":2.40114569664,"median":1.88430416584,"min":-4.78824520111,"var":5.40118360519},"melbands_spread":{"dmean":4.84839963913,"dmean2":7.3515753746,"dvar":55.3417015076,"dvar2":123.958625793,"max":231.164367676,"mean":13.0729799271,"median":9.88809394836,"min":0.249077051878,"var":129.466842651},"mfcc":{"cov":[[16020.0634766,-575.472290039,-2357.77636719,-58.2815093994,-500.161468506,101.77759552,-10.2179384232,237.894271851,-146.117507935,-67.4241638184,-167.699691772,-161.742538452,-158.161911011],[-575.472290039,3247.89941406,106.478256226,-262.697418213,232.995635986,-223.355895996,32.561630249,45.9261207581,0.272863805294,-10.8536272049,132.136810303,46.760761261,-21.187587738],[-2357.77636719,106.478256226,1842.31335449,288.581695557,32.4727859497,114.554412842,-80.1513366699,-11.9295654297,4.53974056244,107.198600769,-37.7673683167,129.147415161,-59.5275993347],[-58.2815093994,-262.697418213,288.581695557,722.695129395,139.6953125,-23.2244186401,-26.1338825226,-1.68224585056,85.7541351318,21.2305221558,-24.7322216034,28.9101696014,-2.07197523117],[-500.161468506,232.995635986,32.4727859497,139.6953125,472.535308838,106.658370972,-72.0758285522,6.51363706589,45.9566841125,29.2223834991,-37.6027793884,31.5274753571,-5.93738698959],[101.77759552,-223.355895996,114.554412842,-23.2244186401,106.658370972,347.470367432,58.7816314697,-3.56825780869,6.21918296814,30.4981536865,-40.3642311096,-10.5235862732,-12.75715065],[-10.2179384232,32.561630249,-80.1513366699,-26.1338825226,-72.0758285522,58.7816314697,357.318603516,87.5769271851,-41.1563301086,-19.2829265594,65.8986358643,-62.8077201843,13.7954940796],[237.894271851,45.9261207581,-11.9295654297,-1.68224585056,6.51363706589,-3.56825780869,87.5769271851,217.652816772,14.7137975693,-12.3506555557,-4.27148199081,15.4600305557,-16.3283672333],[-146.117507935,0.272863805294,4.53974056244,85.7541351318,45.9566841125,6.21918296814,-41.1563301086,14.7137975693,197.659332275,36.5633163452,-13.4774951935,-15.5413961411,31.2295398712],[-67.4241638184,-10.8536272049,107.198600769,21.2305221558,29.2223834991,30.4981536865,-19.2829265594,-12.3506555557,36.5633163452,156.847625732,16.3540039062,15.0923213959,-18.4688930511],[-167.699691772,132.136810303,-37.7673683167,-24.7322216034,-37.6027793884,-40.3642311096,65.8986358643,-4.27148199081,-13.4774951935,16.3540039062,184.02482605,-0.351391524076,17.7454032898],[-161.742538452,46.760761261,129.147415161,28.9101696014,31.5274753571,-10.5235862732,-62.8077201843,15.4600305557,-15.5413961411,15.0923213959,-0.351391524076,167.067718506,6.57180929184],[-158.161911011,-21.187587738,-59.5275993347,-2.07197523117,-5.93738698959,-12.75715065,13.7954940796,-16.3283672333,31.2295398712,-18.4688930511,17.7454032898,6.57180929184,141.639770508]],"icov":[[0.0000983780118986,-0.0000274410158454,0.000165849050973,-0.000120198208606,0.000204405121622,-0.000178726957529,0.000143576588016,-0.000169278835529,0.000134115573019,-0.0000896277269931,0.0000846651964821,0.0000329592439812,0.0000792708888184],[-0.0000274410158454,0.000414537644247,-0.000141972996062,0.000316911551636,-0.000466610246804,0.000490316189826,-0.000233612605371,0.0000852990851854,-0.000187103272765,0.000134951231303,-0.000249623786658,-0.0000996287053567,0.000128271916765],[0.000165849050973,-0.000141972996062,0.000966316671111,-0.00055351422634,0.000605339417234,-0.000683118763845,0.000392839341657,-0.000291466654744,0.000363266502973,-0.00051974557573,0.000247364834649,-0.000363731902326,0.000291983655188],[-0.000120198208606,0.000316911551636,-0.00055351422634,0.00205176277086,-0.00108445121441,0.000986895756796,-0.000652972259559,0.000481621536892,-0.00103131285869,0.000331988529069,-0.00005647827129,-0.000287976989057,0.00016423795023],[0.000204405121622,-0.000466610246804,0.000605339417234,-0.00108445121441,0.00349542871118,-0.00182740099262,0.00119173934218,-0.000743194890674,0.000270059710601,-0.000513970328029,0.000434151967056,-0.000137365306728,0.00000259764328803],[-0.000178726957529,0.000490316189826,-0.000683118763845,0.000986895756796,-0.00182740099262,0.00451787747443,-0.00171563157346,0.000946812622715,-0.000637892517261,-0.000270031625405,0.000686139857862,-0.0000987548119156,0.000231724756304],[0.000143576588016,-0.000233612605371,0.000392839341657,-0.000652972259559,0.00119173934218,-0.00171563157346,0.00476756691933,-0.00240692705847,0.00153489992954,-0.000117111005238,-0.00139790412504,0.00187892070971,-0.000831200566608],[-0.000169278835529,0.0000852990851854,-0.000291466654744,0.000481621536892,-0.000743194890674,0.000946812622715,-0.00240692705847,0.00611572898924,-0.00155805703253,0.000800853653345,0.000549490156118,-0.00157822901383,0.00115420413204],[0.000134115573019,-0.000187103272765,0.000363266502973,-0.00103131285869,0.000270059710601,-0.000637892517261,0.00153489992954,-0.00155805703253,0.00681749172509,-0.00194290198851,0.000389396125684,0.00159894418903,-0.00199536164291],[-0.0000896277269931,0.000134951231303,-0.00051974557573,0.000331988529069,-0.000513970328029,-0.000270031625405,-0.000117111005238,0.000800853653345,-0.00194290198851,0.00767873600125,-0.00130473368336,-0.000750289065763,0.00139230315108],[0.0000846651964821,-0.000249623786658,0.000247364834649,-0.00005647827129,0.000434151967056,0.000686139857862,-0.00139790412504,0.000549490156118,0.000389396125684,-0.00130473368336,0.00669085979462,-0.000451620435342,-0.000633464893326],[0.0000329592439812,-0.0000996287053567,-0.000363731902326,-0.000287976989057,-0.000137365306728,-0.0000987548119156,0.00187892070971,-0.00157822901383,0.00159894418903,-0.000750289065763,-0.000451620435342,0.00751353148371,-0.00125718454365],[0.0000792708888184,0.000128271916765,0.000291983655188,0.00016423795023,0.00000259764328803,0.000231724756304,-0.000831200566608,0.00115420413204,-0.00199536164291,0.00139230315108,-0.000633464893326,-0.00125718454365,0.00828717090189]],"mean":[-763.398803711,173.593093872,21.8761119843,16.1141681671,9.74690628052,2.55170559883,-3.46551179886,7.23199892044,3.58379125595,7.00062847137,5.81223058701,5.63076019287,-3.72760295868]},"pitch_salience":{"dmean":0.075755238533,"dmean2":0.11883547157,"dvar":0.00632088491693,"dvar2":0.0158990398049,"max":0.922525465488,"mean":0.472020715475,"median":0.476938903332,"min":0.0370016545057,"var":0.0173316691071},"silence_rate_20dB":{"dmean":0,"dmean2":0,"dvar":0,"dvar2":0,"max":1,"mean":1,"median":1,"min":1,"var":0},"silence_rate_30dB":{"dmean":0.047408927232,"dmean2":0.0948275849223,"dvar":0.0451653189957,"dvar2":0.0991695448756,"max":1,"mean":0.95074903965,"median":1,"min":0,"var":0.0468194447458},"silence_rate_60dB":{"dmean":0.0400205217302,"dmean2":0.0800492614508,"dvar":0.0384131222963,"dvar2":0.0845208540559,"max":1,"mean":0.146316438913,"median":0,"min":0,"var":0.124916344881},"spectral_centroid":{"dmean":182.854919434,"dmean2":271.042999268,"dvar":77010.234375,"dvar2":159320.25,"max":10769.9453125,"mean":773.571716309,"median":636.631164551,"min":101.028305054,"var":245728.578125},"spectral_complexity":{"dmean":2.46977949142,"dmean2":3.8282020092,"dvar":12.4163341522,"dvar2":28.3369255066,"max":48,"mean":10.2161912918,"median":9,"min":0,"var":40.8671836853},"spectral_contrast_coeffs":{"dmean":[0.0442428328097,0.0477287955582,0.0497379228473,0.0427410043776,0.033861219883,0.0244672689587],"dmean2":[0.0717844814062,0.0753522738814,0.0738668069243,0.0627065375447,0.0495406799018,0.0352697074413],"dvar":[0.00155088026077,0.00197536335327,0.00226301653311,0.0017302990891,0.00111996603664,0.000558656058274],"dvar2":[0.00396468909457,0.00462785316631,0.00455894460902,0.00339607265778,0.00223135994747,0.00098498922307],"max":[-0.38835555315,-0.299093186855,-0.31548511982,-0.430917829275,-0.498074263334,-0.597205877304],"mean":[-0.674802899361,-0.676961898804,-0.699875712395,-0.747265458107,-0.762500107288,-0.798945486546],"median":[-0.675268769264,-0.677281737328,-0.70541536808,-0.755597352982,-0.762990117073,-0.79760825634],"min":[-0.97648447752,-0.94845277071,-0.971139729023,-0.955341100693,-0.962571144104,-0.958147883415],"var":[0.00667033530772,0.00870581530035,0.012508877553,0.0103480787948,0.00716221565381,0.00342244026251]},"spectral_contrast_valleys":{"dmean":[0.414193332195,0.429304599762,0.540330708027,0.592918217182,0.482864767313,0.512914896011],"dmean2":[0.639064252377,0.662756860256,0.820950686932,0.850877285004,0.65104663372,0.679851233959],"dvar":[0.191287413239,0.189813882113,0.343258172274,0.445970654488,0.291294038296,0.35261246562],"dvar2":[0.378445655107,0.393966376781,0.72290956974,0.873363077641,0.48233795166,0.540061295033],"max":[-4.83113145828,-4.38521814346,-5.59675979614,-5.62928771973,-6.10308742523,-7.91853809357],"mean":[-7.42647457123,-7.53483247757,-8.67492866516,-9.30742454529,-9.72762012482,-11.8989276886],"median":[-7.17671823502,-7.25507068634,-8.49632358551,-9.30528068542,-9.62901878357,-11.7487239838],"min":[-27.1505794525,-27.2987194061,-27.0156879425,-27.4179954529,-27.1021213531,-27.2689533234],"var":[1.95393967628,1.96930956841,2.05168437958,2.10618138313,2.06902551651,1.98498046398]},"spectral_decrease":{"dmean":3.37425087871e-9,"dmean2":4.92236829075e-9,"dvar":6.52636503579e-17,"dvar2":1.4664243341e-16,"max":-7.66476408201e-16,"mean":-7.76374253775e-9,"median":-4.90521756547e-9,"min":-8.15999925408e-8,"var":9.77906552097e-17},"spectral_energy":{"dmean":0.0131134549156,"dmean2":0.0190642252564,"dvar":0.000955467461608,"dvar2":0.00214153248817,"max":0.312668472528,"mean":0.0305139645934,"median":0.0193064399064,"min":5.08521802445e-9,"var":0.0014736460289},"spectral_energyband_high":{"dmean":0.000112174901005,"dmean2":0.000169341670698,"dvar":8.22810406476e-8,"dvar2":1.74584840806e-7,"max":0.00888338219374,"mean":0.000161452015163,"median":0.0000212205104617,"min":8.26659157793e-11,"var":1.47670590422e-7},"spectral_energyband_low":{"dmean":0.00927755329758,"dmean2":0.0140118869022,"dvar":0.000754500564653,"dvar2":0.00172539311461,"max":0.282339930534,"mean":0.0159067567438,"median":0.00595026696101,"min":2.19286189207e-9,"var":0.000889784889296},"spectral_energyband_middle_high":{"dmean":0.00193995947484,"dmean2":0.00255073886365,"dvar":0.000022168376745,"dvar2":0.0000341826016665,"max":0.182302892208,"mean":0.00462321564555,"median":0.000616984791122,"min":8.68583122093e-11,"var":0.000106654239062},"spectral_energyband_middle_low":{"dmean":0.00513482838869,"dmean2":0.00806752033532,"dvar":0.000125718608615,"dvar2":0.000304495013552,"max":0.257305473089,"mean":0.0112605998293,"median":0.00628482643515,"min":4.15133177833e-10,"var":0.000285368674668},"spectral_entropy":{"dmean":0.313210189342,"dmean2":0.437425076962,"dvar":0.123934075236,"dvar2":0.22154507041,"max":9.80021572113,"mean":6.52868032455,"median":6.5954618454,"min":3.190721035,"var":0.648201048374},"spectral_flux":{"dmean":0.0322837941349,"dmean2":0.048563554883,"dvar":0.00264538824558,"dvar2":0.00509484997019,"max":0.507218122482,"mean":0.0720081925392,"median":0.0489400885999,"min":0.0000437869675807,"var":0.005580146797},"spectral_kurtosis":{"dmean":9.81827259064,"dmean2":14.6785583496,"dvar":204.818618774,"dvar2":393.769042969,"max":216.072280884,"mean":22.3941402435,"median":10.5225372314,"min":-1.21985006332,"var":765.69317627},"spectral_rms":{"dmean":0.000963224563748,"dmean2":0.00131576589774,"dvar":0.00000279795131064,"dvar2":0.00000552409301235,"max":0.0174654629081,"mean":0.0046157753095,"median":0.00433999439701,"min":0.00000222737253353,"var":0.00000846459170134},"spectral_rolloff":{"dmean":308.125488281,"dmean2":533.799072266,"dvar":760030.375,"dvar2":1966344,"max":15783.8378906,"mean":790.222229004,"median":581.396484375,"min":21.533203125,"var":832320.75},"spectral_skewness":{"dmean":0.775072157383,"dmean2":1.13363265991,"dvar":0.846069574356,"dvar2":1.58928763866,"max":12.1288585663,"mean":3.21354675293,"median":2.56488585472,"min":-0.17622628808,"var":3.68772768974},"spectral_spread":{"dmean":857229.9375,"dmean2":1271124.375,"dvar":1430916694020,"dvar2":2665796075520,"max":40807752,"mean":3487330.75,"median":3132981.75,"min":553740.6875,"var":5041712791550},"spectral_strongpeak":{"dmean":0.482283771038,"dmean2":0.768276691437,"dvar":0.877951920033,"dvar2":1.75324296951,"max":15.6681957245,"mean":1.08813500404,"median":0.471141248941,"min":0,"var":2.81818985939},"zerocrossingrate":{"dmean":0.0076888888143,"dmean2":0.00924376957119,"dvar":0.000124849946587,"dvar2":0.000175229710294,"max":0.31591796875,"mean":0.0337143018842,"median":0.0283203125,"min":0.001953125,"var":0.000692797300871}},"metadata":{"audio_properties":{"analysis_sample_rate":44100,"bit_rate":0,"codec":"flac","downmix":"mix","equal_loudness":0,"length":226.266662598,"lossless":true,"md5_encoded":"93a839f493c0c40c63d7f5a8160d2083","replay_gain":-11.4643917084,"sample_rate":44100},"tags":{"album":["Natty Dread"],"albumartist":["Bob Marley & The Wailers"],"albumartistsort":["Marley, Bob & The Wailers"],"artist":["Bob Marley & The Wailers"],"artistsort":["Marley, Bob & The Wailers"],"asin":["B00005KB9X"],"barcode":["731454889520"],"catalognumber":["548 895-2","548 895-2"],"date":["2001-06-25"],"discnumber":["1"],"disctotal":["1"],"file_name":"01-02 No Woman, No Cry.flac","genre":["Reggae"],"isrc":["GBAAN7490002"],"label":["Island Records","Tuff Gong"],"media":["CD"],"musicbrainz_albumartistid":["c296e10c-110a-4103-9e77-47bfebb7fb2e"],"musicbrainz_albumid":["923f47e4-b878-4b09-acf3-3b7ff85a286d"],"musicbrainz_artistid":["c296e10c-110a-4103-9e77-47bfebb7fb2e"],"musicbrainz_recordingid":["25b56e50-9952-4623-971b-27a754aac86e"],"musicbrainz_releasegroupid":["e776533c-4132-3b63-bfaa-94fe901951b5"],"originaldate":["1974-10-25"],"releasecountry":["GB"],"releasestatus":["official"],"releasetype":["album"],"script":["Latn"],"title":["No Woman, No Cry"],"totaldiscs":["1"],"totaltracks":["10"],"tracknumber":["2"],"tracktotal":["10"]},"version":{"essentia":"2.1-beta1","essentia_build_sha":"ca57ba49d9b1854bd80e60cf9ccf267278fb7d6b","essentia_git_sha":"v2.1_beta1-28-g21ef5f4-dirty","extractor":"music 1.0"}},"rhythm":{"beats_count":370,"beats_loudness":{"dmean":0.0714896321297,"dmean2":0.139863342047,"dvar":0.00192311627325,"dvar2":0.00656917737797,"max":0.287702947855,"mean":0.073245935142,"median":0.0599340721965,"min":1.45730076895e-8,"var":0.00269686081447},"beats_loudness_band_ratio":{"dmean":[0.294640004635,0.1688144207,0.137454733253,0.0694468766451,0.0269896853715,0.009874770417