{"lowlevel":{"average_loudness":0.909789681435,"barkbands":{"dmean":[0.00427036033943,0.00661275396124,0.00213946588337,0.00130248453934,0.00265183532611,0.00108782458119,0.00120215280913,0.000539970526006,0.000766179524362,0.000747101497836,0.000355955009582,0.000845182454214,0.000412670720834,0.000256935367361,0.000233616650803,0.000203270916245,0.000197046771063,0.000191828105017,0.000159775459906,0.000114275673695,0.000088544737082,0.0000406190192734,0.0000183285774256,0.00000466044866698,0.00000237041467699,0.00000996047492663,0.000212805476622],"dmean2":[0.00719018978998,0.0111282542348,0.00356408162042,0.00221440638416,0.00440433155745,0.00172447948717,0.0019030557014,0.000895668577868,0.00129064626526,0.00121015543118,0.000591264571995,0.00137459149119,0.000681621429976,0.000428743020166,0.000384135608329,0.000330154114636,0.000314267992508,0.000293292512652,0.000237986270804,0.000170147512108,0.000125538936118,0.0000582744942221,0.0000263037291006,0.00000735613048164,0.00000389047909266,0.0000142338712976,0.000313757831464],"dvar":[0.0000989726686385,0.000125833947095,0.0000148532690218,0.00000342666203323,0.0000123412728499,0.00000444800616606,0.00000398521251554,9.45495742144e-7,0.00000128688520817,0.00000123481902392,3.05888818275e-7,0.00000112923157758,3.08824866124e-7,2.70396498081e-7,1.84372694889e-7,1.49160229057e-7,1.9548747332e-7,2.19751370878e-7,1.77187033046e-7,8.18761591859e-8,3.67135974955e-8,6.34559471635e-9,1.18755227874e-9,1.35271530088e-10,1.46927504885e-11,3.52577106399e-10,9.47044043187e-8],"dvar2":[0.000244937633397,0.000340923113981,0.00003862869562,0.0000091536085165,0.00003116078733,0.0000103534493974,0.00000942621500144,0.0000022578858534,0.0000033401172459,0.00000301047839457,7.84092890171e-7,0.00000289849685942,8.17243744677e-7,7.10771814738e-7,4.33921030663e-7,3.672058142e-7,4.55351255368e-7,4.86463704874e-7,3.67533573353e-7,1.70476781136e-7,6.8191219782e-8,1.20681322713e-8,2.32657004773e-9,2.92872448515e-10,3.65034009964e-11,6.81312284367e-10,1.91769217395e-7],"max":[0.154840841889,0.138754546642,0.0679980888963,0.0358308851719,0.0608964674175,0.0876675024629,0.0731869786978,0.0484281480312,0.0294707920402,0.0255862995982,0.0155557598919,0.0205234270543,0.0111273191869,0.0292453486472,0.0204101055861,0.0086411787197,0.0098252017051,0.0100458366796,0.0117524052039,0.0105699170381,0.0066279633902,0.00349334860221,0.000893980963156,0.000628410023637,0.0000481527604279,0.000399498298066,0.0113624101505],"mean":[0.00560137024149,0.0101388599724,0.00270979502238,0.0018675243482,0.00465705199167,0.00185285205953,0.00214155064896,0.000811835750937,0.00125648430549,0.00129747751635,0.000605522771366,0.00155614537653,0.000746596837416,0.000454307039035,0.000417010713136,0.000356625649147,0.000314796780003,0.000308140937705,0.000267292140052,0.000209515244933,0.000166835379787,0.0000751218831283,0.0000278459683614,0.0000055824489209,0.00000246527406489,0.0000161450516316,0.000797242333647],"median":[0.00208477629349,0.00597391510382,0.00123007991351,0.00116566661745,0.00318347895518,0.00107003096491,0.00125076284166,0.000468370330054,0.000845272908919,0.000838779262267,0.000409715052228,0.00112674362026,0.000539982458577,0.000325394212268,0.000284849433228,0.000196260341909,0.000133680412546,0.0000953015405685,0.0000935428251978,0.0000785637676017,0.0000729170569684,0.0000338892423315,0.0000106728712126,0.0000020106986085,0.00000100425222627,0.00000650548736303,0.000573309371248],"min":[3.57762225584e-25,1.35241603616e-24,1.25611958825e-24,1.41532394626e-24,1.3033968506e-23,2.55833192476e-24,5.31727669974e-24,4.56771092836e-24,8.45635776772e-24,2.02862129323e-23,1.46195978582e-23,3.13905109127e-23,2.54568885103e-23,4.04332644901e-23,4.56531160791e-23,4.5440893563e-23,5.64196537967e-23,9.27981637675e-23,1.60645149352e-22,1.77701432839e-22,2.39874148243e-22,2.93164315098e-22,4.07176223407e-22,6.5211306637e-22,8.89124141776e-22,1.40565360177e-21,1.97395041153e-21],"var":[0.000103211539681,0.000168656435562,0.0000190394348465,0.00000540060182175,0.0000253409707511,0.00000761521869208,0.0000103527509054,0.00000168242956988,0.00000223084339268,0.00000243167710323,5.13086206411e-7,0.00000242402779804,5.80290986818e-7,3.67787009736e-7,2.90300448569e-7,2.71672661256e-7,3.1921564414e-7,3.96547591208e-7,3.27334049643e-7,1.54403693386e-7,8.70939942388e-8,1.51970915852e-8,2.33511410208e-9,2.17702175731e-10,1.65607683816e-11,7.20785264807e-10,6.69813971399e-7]},"barkbands_crest":{"dmean":2.49210882187,"dmean2":4.10473918915,"dvar":4.50743103027,"dvar2":11.9786510468,"max":23.7076892853,"mean":8.77197933197,"median":8.07845878601,"min":2.4919989109,"var":11.5359916687},"barkbands_flatness_db":{"dmean":0.0233099013567,"dmean2":0.0360789112747,"dvar":0.000499811896589,"dvar2":0.00121136859525,"max":0.411979585886,"mean":0.129479363561,"median":0.122217170894,"min":0.0368888266385,"var":0.00238315854222},"barkbands_kurtosis":{"dmean":3.26091837883,"dmean2":5.35053110123,"dvar":46.2558517456,"dvar2":117.760818481,"max":251.806152344,"mean":6.15717506409,"median":3.62485122681,"min":-1.63984405994,"var":126.308883667},"barkbands_skewness":{"dmean":0.516854941845,"dmean2":0.830747663975,"dvar":0.314701497555,"dvar2":0.779145598412,"max":13.1634492874,"mean":1.87699520588,"median":1.74592328072,"min":-2.2605919838,"var":1.20161831379},"barkbands_spread":{"dmean":5.68578529358,"dmean2":8.79113388062,"dvar":32.1451530457,"dvar2":72.3689041138,"max":90.5312957764,"mean":26.4499340057,"median":24.4579486847,"min":0.893619954586,"var":185.201934814},"dissonance":{"dmean":0.016821924597,"dmean2":0.0286304801702,"dvar":0.00027201816556,"dvar2":0.00075278012082,"max":0.499999970198,"mean":0.471551626921,"median":0.476830989122,"min":0.235265374184,"var":0.000478736386867},"dynamic_complexity":3.29066801071,"erbbands":{"dmean":[0.374828904867,0.924827814102,2.13340234756,3.45216655731,8.57158756256,7.78253602982,9.03098392487,9.54183292389,15.4362516403,18.9494018555,11.8437633514,20.2140235901,14.3146429062,25.8345966339,16.014799118,36.8951683044,20.1545448303,11.693939209,12.3223829269,11.2693929672,10.299074173,10.8807210922,10.0362586975,9.20909500122,7.54089641571,5.35631370544,3.9864590168,3.11714673042,1.59246718884,0.747897088528,0.533628761768,0.174307495356,0.0506245009601,0.0268278662115,0.016885465011,0.0107256863266,0.0202550347894,0.0253513660282,0.0154958888888,0.00505429226905],"dmean2":[0.632871747017,1.55490422249,3.57000923157,5.61802864075,14.8163547516,12.8708934784,14.6453695297,15.2354469299,24.2843532562,30.9848194122,19.5634155273,34.2055664062,23.6921138763,41.5802078247,26.5309619904,59.8867454529,33.0733032227,19.4413414001,20.0041255951,18.3118305206,16.5332927704,17.2263317108,15.3171987534,13.8479795456,11.303194046,7.90577459335,5.74614191055,4.43839216232,2.27538228035,1.07818496227,0.768240213394,0.261370569468,0.082464247942,0.0440637543797,0.0276627466083,0.017361709848,0.0286954008043,0.0334826670587,0.0211279485375,0.00743948435411],"dvar":[0.548597037792,1.74490129948,14.6717061996,27.7388019562,115.451133728,155.664031982,361.527923584,302.323883057,989.051757812,826.382507324,560.145690918,906.88671875,575.169677734,1455.82324219,505.413269043,2345.765625,740.551635742,523.424499512,582.016357422,426.695129395,413.081085205,617.822937012,586.92175293,595.815490723,360.250640869,200.830245972,94.5003356934,38.9832801819,9.84133720398,2.02561783791,1.06927895546,0.132224887609,0.0283763986081,0.00191293621901,0.000733758381102,0.000344626954757,0.00160229357425,0.00212915311567,0.000606687506661,0.0000532031262992],"dvar2":[1.48154675961,4.73867034912,37.6756591797,69.5828704834,321.537536621,384.768798828,841.558288574,732.457885742,2340.16137695,2113.16210938,1285.60534668,2408.05078125,1430.60144043,3563.66894531,1297.39990234,6043.98925781,1920.41162109,1405.68688965,1286.36486816,1073.03466797,971.312072754,1436.6003418,1298.47973633,1227.06494141,771.331787109,415.752593994,184.441864014,75.9379806519,18.8788166046,3.95991659164,2.18237185478,0.267783850431,0.0661756545305,0.00474326545373,0.00182222831063,0.000800346548203,0.00310887186788,0.00364675768651,0.0011278638849,0.000103471073089],"max":[9.67242336273,19.9439659119,61.3178977966,115.858909607,180.681793213,266.935272217,699.643005371,513.809204102,1311.06860352,606.274841309,1276.17443848,861.240966797,516.557067871,907.638793945,635.499145508,1042.55493164,521.666625977,1192.20166016,1571.34936523,522.391296387,475.394622803,561.432739258,459.314910889,619.69128418,490.829040527,646.814941406,435.202545166,131.995422363,127.408004761,31.2769584656,30.876209259,15.1285991669,11.842754364,0.544840872288,0.339079141617,0.752092599869,1.00429689884,0.967094182968,0.508280098438,0.275545150042],"mean":[0.53489792347,1.3858487606,2.8357155323,5.41759729385,13.527340889,12.298251152,13.5066308975,16.0415344238,27.3661785126,29.0421733856,19.8632659912,31.6942214966,26.3050498962,46.1136131287,33.7998580933,67.4035949707,39.5853767395,23.063955307,24.2552871704,20.8827896118,18.434885025,17.906036377,16.4548835754,15.4099664688,12.829366684,9.76270484924,7.61374044418,5.68269920349,2.97991204262,1.3410128355,0.759773373604,0.233042001724,0.0547357648611,0.0279725361615,0.0179002266377,0.012702934444,0.0323373489082,0.0569109022617,0.0491276681423,0.023688737303],"median":[0.237316772342,0.899115383625,1.4523563385,3.32444763184,8.89534187317,7.6876912117,7.49299383163,9.11170578003,14.5352172852,16.5677852631,12.3244628906,21.206035614,17.7392730713,30.5283908844,25.7724685669,48.4713363647,29.5955352783,17.2632827759,17.849363327,13.2795562744,9.91056537628,7.6782283783,5.41450881958,4.93849182129,4.63872528076,3.58283758163,3.16545796394,2.55620980263,1.3387260437,0.553233027458,0.285185754299,0.0823777616024,0.0206944197416,0.0113990586251,0.00750982481986,0.00597107596695,0.0127040306106,0.0270366407931,0.028455324471,0.0198944900185],"min":[5.51663179013e-23,4.47414642408e-22,3.81817361908e-21,6.10138113342e-21,1.77096945767e-20,4.22567477745e-20,4.42262389636e-20,4.33417890183e-20,1.3127619985e-19,2.15943964584e-19,1.92872023218e-19,2.69441728529e-19,5.96573307724e-19,9.74114048929e-19,1.16601995104e-18,1.63664839306e-18,1.58849945037e-18,2.20357503064e-18,2.59008344366e-18,2.89859162005e-18,3.40491197492e-18,4.00952434083e-18,5.59785504636e-18,6.26101939192e-18,7.03191946278e-18,8.53655107084e-18,9.47953779633e-18,9.87817102277e-18,9.50182038767e-18,1.06574388527e-17,1.21267572932e-17,1.24470449351e-17,1.01849929915e-17,9.05006810384e-18,6.07776166311e-18,4.43965246909e-18,2.29819622091e-18,1.00541404632e-18,2.66625333639e-19,2.82307437282e-20],"var":[0.659621357918,2.48731446266,18.2667293549,48.5853614807,239.685409546,239.913925171,539.204101562,532.27520752,2465.61572266,1511.79650879,1083.46411133,1456.1472168,1026.10375977,2870.86352539,1063.80163574,4724.08007812,1506.48522949,730.588195801,1017.05334473,738.423706055,746.306762695,1022.98236084,1060.54821777,1153.67456055,636.225952148,363.119384766,202.672164917,91.0094451904,23.6782875061,4.65944004059,1.88235783577,0.248463392258,0.0353659652174,0.00216216850094,0.000836197577883,0.00049142545322,0.00321569666266,0.006203757599,0.00342865218408,0.000414177018683]},"erbbands_crest":{"dmean":2.33144021034,"dmean2":3.8161110878,"dvar":4.41612863541,"dvar2":11.0358400345,"max":25.7224082947,"mean":7.79443454742,"median":7.07922744751,"min":2.2473154068,"var":10.9825468063},"erbbands_flatness_db":{"dmean":0.019686402753,"dmean2":0.0295312106609,"dvar":0.000308270507958,"dvar2":0.00070119719021,"max":0.347316592932,"mean":0.148096263409,"median":0.140471532941,"min":0.0275054909289,"var":0.00149939651601},"erbbands_kurtosis":{"dmean":0.775297999382,"dmean2":1.24634873867,"dvar":0.972423136234,"dvar2":2.51063394547,"max":23.9832611084,"mean":0.566426277161,"median":0.199934482574,"min":-1.4853399992,"var":2.30735397339},"erbbands_skewness":{"dmean":0.303305417299,"dmean2":0.468887716532,"dvar":0.0731005296111,"dvar2":0.165339395404,"max":3.34645819664,"mean":0.0723384693265,"median":0.0711841583252,"min":-3.56624007225,"var":0.340596824884},"erbbands_spread":{"dmean":5.52934122086,"dmean2":8.68192481995,"dvar":26.7755527496,"dvar2":60.9590110779,"max":98.0758514404,"mean":27.5745544434,"median":26.4932880402,"min":2.88996148109,"var":108.86920166},"gfcc":{"cov":[[20019.4042969,-32.8750305176,-1257.12255859,438.76260376,-32.3592605591,-677.083251953,415.983917236,-280.973449707,155.004425049,-120.415260315,-10.1619100571,151.919876099,-252.887283325],[-32.8750305176,739.154663086,54.0854415894,-298.967010498,11.2089824677,100.199111938,-61.3116340637,-70.4008331299,-4.45626354218,1.10058701038,4.87023067474,-56.9444236755,72.1028442383],[-1257.12255859,54.0854415894,398.055206299,-1.3410050869,-58.0391197205,160.333938599,-104.96572876,110.683242798,-26.5637950897,40.8507804871,18.2231864929,-15.4220933914,48.0619926453],[438.76260376,-298.967010498,-1.3410050869,332.848724365,83.8601913452,-123.047744751,125.88973999,39.4168777466,39.6042938232,-14.5147638321,9.54056167603,49.8779029846,-43.5093765259],[-32.3592605591,11.2089824677,-58.0391197205,83.8601913452,185.089126587,-46.7750244141,94.0444717407,13.6642303467,32.1528358459,-7.34709405899,22.6817016602,8.16817092896,24.1995182037],[-677.083251953,100.199111938,160.333938599,-123.047744751,-46.7750244141,286.721496582,-104.702972412,51.4666900635,-52.518863678,26.9068603516,-4.30297231674,-19.7034168243,43.6356697083],[415.983917236,-61.3116340637,-104.96572876,125.88973999,94.0444717407,-104.702972412,210.966964722,-25.448797226,68.4393920898,-14.1467828751,10.8918943405,46.5674324036,-30.4672584534],[-280.973449707,-70.4008331299,110.683242798,39.4168777466,13.6642303467,51.4666900635,-25.448797226,158.998458862,4.18662452698,35.7604637146,31.7075958252,-8.05103206635,46.5903053284],[155.004425049,-4.45626354218,-26.5637950897,39.6042938232,32.1528358459,-52.518863678,68.4393920898,4.18662452698,99.1465148926,22.1461582184,17.277053833,28.9583530426,-16.0964698792],[-120.415260315,1.10058701038,40.8507804871,-14.5147638321,-7.34709405899,26.9068603516,-14.1467828751,35.7604637146,22.1461582184,62.8109550476,34.9904594421,4.36339950562,18.0222377777],[-10.1619100571,4.87023067474,18.2231864929,9.54056167603,22.6817016602,-4.30297231674,10.8918943405,31.7075958252,17.277053833,34.9904594421,56.6570053101,22.0411186218,21.1564121246],[151.919876099,-56.9444236755,-15.4220933914,49.8779029846,8.16817092896,-19.7034168243,46.5674324036,-8.05103206635,28.9583530426,4.36339950562,22.0411186218,61.6903038025,1.49626374245],[-252.887283325,72.1028442383,48.0619926453,-43.5093765259,24.1995182037,43.6356697083,-30.4672584534,46.5903053284,-16.0964698792,18.0222377777,21.1564121246,1.49626374245,82.2214660645]],"icov":[[0.0000762143681641,-0.000163336531841,0.000343231804436,-0.000294272322208,0.000247367890552,-0.000015868432456,0.0000393720038119,-0.000122269862914,0.0000225585226872,-0.000015052371964,-0.0000604786728218,-0.0000877349957591,0.0000656547999824],[-0.000163336531841,0.00353017984889,-0.00188033597078,0.00310169300064,-0.00104291539174,-0.000263271358563,-0.000960154982749,0.00283716293052,-0.00221268855967,0.00241350661963,-0.00245459680445,0.00364420819096,-0.00277133635245],[0.000343231804436,-0.00188033597078,0.00650904513896,-0.00418719416484,0.00310816289857,-0.00232881656848,0.00165242527146,-0.00241790688597,-0.00040561449714,-0.00054995494429,-0.00092514383141,0.000291221542284,-0.000738549046218],[-0.000294272322208,0.00310169300064,-0.00418719416484,0.0109016476199,-0.00538045819849,0.00325745949522,-0.00238615437411,-0.0021223379299,0.00205068429932,-0.0000279817322735,0.00293773156591,-0.0051158037968,0.00450940430164],[0.000247367890552,-0.00104291539174,0.00310816289857,-0.00538045819849,0.0124971345067,-0.00214166333899,-0.00345523399301,0.00131448940374,-0.00384374265559,0.00535607337952,-0.00773450452834,0.0083707170561,-0.00764407170936],[-0.000015868432456,-0.000263271358563,-0.00232881656848,0.00325745949522,-0.00214166333899,0.00711185112596,0.000607635593042,-0.00251400307752,0.00414204504341,-0.00430216733366,0.00555598083884,-0.00532992044464,0.00219410588033],[0.0000393720038119,-0.000960154982749,0.00165242527146,-0.00238615437411,-0.00345523399301,0.000607635593042,0.0110152643174,-0.000424969446613,-0.00314161623828,0.000537145475391,0.00119421246927,-0.00541785731912,0.00281002325937],[-0.000122269862914,0.00283716293052,-0.00241790688597,-0.0021223379299,0.00131448940374,-0.00251400307752,-0.000424969446613,0.0149442218244,-0.00534893805161,0.0019960894715,-0.00831540394574,0.0109038725495,-0.00979546457529],[0.0000225585226872,-0.00221268855967,-0.00040561449714,0.00205068429932,-0.00384374265559,0.00414204504341,-0.00314161623828,-0.00534893805161,0.021571483463,-0.0131904948503,0.00851436611265,-0.0128125287592,0.0092885363847],[-0.000015052371964,0.00241350661963,-0.00054995494429,-0.0000279817322735,0.00535607337952,-0.00430216733366,0.000537145475391,0.0019960894715,-0.0131904948503,0.0373799987137,-0.025241676718,0.0126481270418,-0.00659226346761],[-0.0000604786728218,-0.00245459680445,-0.00092514383141,0.00293773156591,-0.00773450452834,0.00555598083884,0.00119421246927,-0.00831540394574,0.00851436611265,-0.025241676718,0.0457288734615,-0.0225675180554,0.0043878685683],[-0.0000877349957591,0.00364420819096,0.000291221542284,-0.0051158037968,0.0083707170561,-0.00532992044464,-0.00541785731912,0.0109038725495,-0.0128125287592,0.0126481270418,-0.0225675180554,0.0402324274182,-0.0143701685593],[0.0000656547999824,-0.00277133635245,-0.000738549046218,0.00450940430164,-0.00764407170936,0.00219410588033,0.00281002325937,-0.00979546457529,0.0092885363847,-0.00659226346761,0.0043878685683,-0.0143701685593,0.0276854820549]],"mean":[-4.89880752563,107.204948425,-95.5768051147,-6.57873678207,-14.5984239578,-17.2854366302,7.88466835022,-25.6008052826,-1.9792971611,-7.99392843246,-5.8350610733,-0.509857356548,-6.86858272552]},"hfc":{"dmean":33.8520317078,"dmean2":53.0862731934,"dvar":2332.40649414,"dvar2":4790.27148438,"max":1176.90332031,"mean":146.964080811,"median":143.055938721,"min":1.0695964128e-16,"var":9437.94628906},"melbands":{"dmean":[0.00261807488278,0.00105172779877,0.000678437761962,0.000600179599132,0.000324471970089,0.000221011330723,0.000227987969993,0.000181738127139,0.000100965327874,0.00012511118257,0.0000732188127586,0.000111478751933,0.0000511940961587,0.0000983770296443,0.0000589983537793,0.0000386330466426,0.0000241795769398,0.000021385434593,0.0000168491715158,0.0000154935187311,0.0000125479427879,0.0000121463472169,0.0000105663684735,0.00000909404116101,0.00000772383918957,0.00000616518582319,0.00000495417953061,0.00000348122875948,0.00000273589171229,0.00000240455824496,0.00000172336126525,0.00000104283685687,6.07742890679e-7,3.73702221168e-7,3.35487413849e-7,2.10174079029e-7,7.22636883665e-8,3.76601079211e-8,2.53873704281e-8,2.16960085453e-8],"dmean2":[0.00439236080274,0.0017557881074,0.00114351988304,0.000999681535177,0.000530643214006,0.000350387068465,0.000359560159268,0.000298679224215,0.000167805701494,0.000211321661482,0.000121218370623,0.000179508846486,0.0000850094875204,0.000160021605552,0.0000962018748396,0.0000639246136416,0.0000406996296078,0.0000350914524461,0.0000278417537629,0.0000255294908129,0.0000203673334909,0.0000195820102817,0.0000166655154317,0.0000140329248097,0.0000118548005048,0.00000939455640037,0.00000758376882004,0.00000522459822605,0.00000412653344029,0.00000353384575646,0.000002523319381,0.00000153249777668,9.03977650069e-7,5.5106443142e-7,4.91422326832e-7,3.07916849351e-7,1.13784921041e-7,6.18340294523e-8,4.18470591512e-8,3.56422020786e-8],"dvar":[0.0000253571179201,0.00000266983920483,7.92151922724e-7,5.9315487988e-7,4.13447622805e-7,1.62299784279e-7,1.8843986993e-7,7.58413705171e-8,3.81602411892e-8,3.43185249108e-8,1.5081207394e-8,2.8114687467e-8,6.10421757585e-9,1.51882417754e-8,5.79165559955e-9,3.02285751985e-9,2.37222486099e-9,1.93849558627e-9,8.69089744615e-10,8.49648018608e-10,6.54287790613e-10,7.69397989764e-10,6.25678397981e-10,5.14162157295e-10,4.40337460939e-10,2.54984283687e-10,1.49278825412e-10,9.50068565486e-11,4.38263383917e-11,2.74436601916e-11,1.18921929596e-11,4.45950481404e-12,1.45991942493e-12,5.13960130965e-13,4.3585968168e-13,1.63191888388e-13,3.62875114885e-14,2.58308101335e-14,2.04760241186e-15,1.24547618685e-15],"dvar2":[0.0000676000563544,0.00000697460973242,0.00000210514781429,0.00000153936366587,9.85461952041e-7,3.90157794072e-7,4.46127245368e-7,1.95518822466e-7,8.82890773823e-8,9.03867913848e-8,3.75428399479e-8,6.86522199089e-8,1.56909401028e-8,3.86417156051e-8,1.52256021124e-8,7.91901921815e-9,6.5411827066e-9,4.33712621373e-9,2.09714978716e-9,2.19762696929e-9,1.57467916484e-9,1.83001724885e-9,1.47100298609e-9,1.13242271116e-9,9.36544841679e-10,5.64712554496e-10,3.32361471678e-10,2.0544994872e-10,9.167427234e-11,5.42576122919e-11,2.4698810705e-11,9.07548342033e-12,3.08598480971e-12,1.06937288885e-12,9.14640000023e-13,3.24714999897e-13,8.03215458554e-14,5.98764337808e-14,5.05033526867e-15,3.09572606299e-15],"max":[0.0654141902924,0.0235475674272,0.016057420522,0.0119520546868,0.0181399602443,0.0120828878134,0.0171989593655,0.00552782835439,0.00891276448965,0.00504306191579,0.0025397320278,0.00403215643018,0.00229171733372,0.00230043474585,0.00161512254272,0.001221446204,0.00244775577448,0.00293087703176,0.000865130161401,0.000740955292713,0.000688862986863,0.000724068901036,0.000439371855464,0.000460445153294,0.000534408260137,0.000441932119429,0.000281738757621,0.000538631284144,0.000281586806523,0.000142617791425,0.0000902509127627,0.000095298186352,0.0000362782848242,0.0000138948289532,0.0000200851482077,0.0000108742297016,0.0000100007100627,0.0000120369722936,0.00000143303009281,4.44344379957e-7],"mean":[0.00402793800458,0.00158425373957,0.0011569855269,0.00100613688119,0.000482574774651,0.000383188482374,0.0004173333582,0.000277424289379,0.000162551470567,0.000195564411115,0.000126887287479,0.00019264734874,0.0000953957060119,0.000181878625881,0.000116707000416,0.0000679542790749,0.000041084287659,0.0000400543794967,0.0000296584548778,0.0000266823135462,0.0000203616054932,0.0000188306839846,0.0000160184554261,0.0000142784938362,0.0000122774690681,0.00000981157609203,0.00000816599913378,0.00000602682985118,0.00000494879668622,0.00000415407657783,0.00000295808195006,0.00000182740791388,0.00000106465643057,6.09796870776e-7,4.60667791913e-7,2.8311919209e-7,8.51178469929e-8,3.76179407624e-8,2.57378456325e-8,2.23453415771e-8],"median":[0.002114942763,0.00103353685699,0.000817900232505,0.00066727725789,0.000269156182185,0.000219271722017,0.00023582362337,0.000159924544278,0.0000978441967163,0.000130281914608,0.0000816173997009,0.000123264122522,0.0000682058671373,0.000131132706883,0.0000892938260222,0.0000471065723104,0.0000290132338705,0.0000291602027573,0.0000196111905097,0.0000151013264258,0.0000102424310171,0.00000816220926936,0.00000518944852956,0.00000433329933003,0.00000375719696422,0.0000033424475987,0.00000293713014798,0.00000207744142244,0.00000197061604013,0.00000175615150511,0.00000129649129121,8.05165370821e-7,4.50914342309e-7,2.28780649536e-7,1.65675459129e-7,9.54719254764e-8,2.81467400498e-8,1.1746172035e-8,9.83821202283e-9,8.89647910896e-9],"min":[1.03156668309e-24,1.43598855211e-24,1.07380712773e-24,2.65927693277e-24,1.55174057792e-24,5.75491779729e-25,1.7299907006e-24,2.66080318141e-24,1.20550203244e-24,1.24667357055e-24,2.48557291688e-24,3.61160835578e-24,3.06469187906e-24,3.57028387726e-24,3.65671423905e-24,2.77416722665e-24,4.06687378925e-24,3.01278700086e-24,4.00522194293e-24,3.13474568567e-24,3.75439257406e-24,3.83583220733e-24,3.60670203538e-24,5.02963513673e-24,4.26678691985e-24,4.54738592713e-24,4.59258095168e-24,4.33996323514e-24,5.47053817412e-24,5.0389590782e-24,5.06342323259e-24,4.96174261178e-24,5.47619233466e-24,6.01889274428e-24,6.41993109027e-24,6.08823992874e-24,5.66086585587e-24,6.18302117207e-24,5.90127003344e-24,7.16989839185e-24],"var":[0.0000315310280712,0.00000358205625162,0.00000146709612636,0.00000123289078147,6.0699704818e-7,3.02611908864e-7,4.76354301782e-7,1.36679943807e-7,7.38474739137e-8,5.65727269475e-8,2.65859601001e-8,5.44026690363e-8,1.11100355582e-8,3.37832410935e-8,1.16929292915e-8,5.58866997125e-9,2.93905944027e-9,3.15441628373e-9,1.39204059391e-9,1.49009771189e-9,1.0446149501e-9,1.19602827642e-9,9.83154446743e-10,9.17549758395e-10,8.01627542124e-10,4.16210399479e-10,2.50071019448e-10,1.5484032112e-10,8.66568830582e-11,5.87673174013e-11,2.52280436125e-11,9.61456175091e-12,3.13001816306e-12,1.04198561671e-12,7.21305773357e-13,3.03122869687e-13,5.65686108795e-14,3.13137712917e-14,2.24928159187e-15,1.39386280668e-15]},"melbands_crest":{"dmean":4.37377071381,"dmean2":7.25968503952,"dvar":16.4331436157,"dvar2":42.6949462891,"max":37.5615463257,"mean":15.3326826096,"median":13.7569437027,"min":1.00166928768,"var":46.8536605835},"melbands_flatness_db":{"dmean":0.0305432658643,"dmean2":0.0474528595805,"dvar":0.00076135765994,"dvar2":0.00182824186049,"max":0.571100413799,"mean":0.238923877478,"median":0.233465582132,"min":-8.62865601192e-9,"var":0.00405044807121},"melbands_kurtosis":{"dmean":4.61716938019,"dmean2":7.60914230347,"dvar":90.4381027222,"dvar2":226.968795776,"max":472.811553955,"mean":7.68763637543,"median":4.70897674561,"min":-1.82965302467,"var":188.28086853},"melbands_skewness":{"dmean":0.641811728477,"dmean2":1.04051172733,"dvar":0.467065930367,"dvar2":1.19782710075,"max":16.6600170135,"mean":2.18914866447,"median":2.01467847824,"min":-1.08900249004,"var":1.39113616943},"melbands_spread":{"dmean":5.27173805237,"dmean2":8.31273841858,"dvar":34.5600013733,"dvar2":76.8127441406,"max":165.605545044,"mean":20.2009410858,"median":18.1216545105,"min":0.447182536125,"var":193.49319458},"mfcc":{"cov":[[10613.1835938,564.297790527,-1285.86584473,1202.93017578,-614.881347656,192.023712158,-178.646072388,256.671783447,-135.34967041,98.2839279175,11.0289955139,19.8383655548,108.870697021],[564.297790527,1207.47216797,-12.7147455215,-261.606384277,21.2177448273,84.6161804199,-3.0005865097,-101.161819458,31.7649917603,-52.7560386658,-9.61498641968,-3.69016218185,-4.01760625839],[-1285.86584473,-12.7147455215,517.677429199,-254.440795898,140.367156982,-44.7725601196,40.7185707092,-40.2893829346,23.8313541412,0.337916821241,6.60356283188,8.04921627045,-21.8748817444],[1202.93017578,-261.606384277,-254.440795898,583.294311523,-122.912582397,1.64378857613,-21.3985042572,118.394195557,-18.6525115967,56.5774002075,25.8543643951,-8.44189739227,49.3270492554],[-614.881347656,21.2177448273,140.367156982,-122.912582397,190.615020752,-36.3172416687,62.8423194885,-31.90467453,43.4524154663,-3.48144936562,2.51487851143,1.1557700634,5.11569499969],[192.023712158,84.6161804199,-44.7725601196,1.64378857613,-36.3172416687,145.222671509,-4.46108675003,34.5273590088,-16.9359855652,1.31097948551,-10.9469938278,6.36476182938,-13.632771492],[-178.646072388,-3.0005865097,40.7185707092,-21.3985042572,62.8423194885,-4.46108675003,112.952919006,8.93542194366,36.7678642273,-7.78436183929,10.6949453354,-8.27428817749,16.5953922272],[256.671783447,-101.161819458,-40.2893829346,118.394195557,-31.90467453,34.5273590088,8.93542194366,102.939781189,8.65302371979,29.0513057709,-1.34788095951,5.1431350708,9.05007266998],[-135.34967041,31.7649917603,23.8313541412,-18.6525115967,43.4524154663,-16.9359855652,36.7678642273,8.65302371979,69.4980163574,12.9915218353,11.859082222,-2.27552127838,14.2434825897],[98.2839279175,-52.7560386658,0.337916821241,56.5774002075,-3.48144936562,1.31097948551,-7.78436183929,29.0513057709,12.9915218353,62.0626144409,21.3881988525,12.0499753952,12.8297481537],[11.0289955139,-9.61498641968,6.60356283188,25.8543643951,2.51487851143,-10.9469938278,10.6949453354,-1.34788095951,11.859082222,21.3881988525,52.4028892517,16.0016365051,19.1613349915],[19.8383655548,-3.69016218185,8.04921627045,-8.44189739227,1.1557700634,6.36476182938,-8.27428817749,5.1431350708,-2.27552127838,12.0499753952,16.0016365051,49.9533615112,15.2389421463],[108.870697021,-4.01760625839,-21.8748817444,49.3270492554,5.11569499969,-13.632771492,16.5953922272,9.05007266998,14.2434825897,12.8297481537,19.1613349915,15.2389421463,62.4398422241]],"icov":[[0.000180321076186,-0.000169170249137,0.000256177649135,-0.000246451672865,0.000209693651414,0.0000672175956424,-0.0000690136730555,-0.000137527749757,0.000228340228205,-0.000194613006897,0.000114714202937,-0.000152499065734,-0.0000151641834236],[-0.000169170249137,0.00127548829187,-0.0000739290480851,0.000596674974076,-0.0000565989248571,-0.00107108277734,0.000381757708965,0.00120822328608,-0.00128667394165,0.000682795129251,-0.000193277315702,0.000340894039255,-0.000496707041748],[0.000256177649135,-0.0000739290480851,0.00337110715918,0.000930009700824,-0.00119773531333,0.00079739431385,-0.000345346546965,-0.000896398210898,0.00102821912151,-0.00114385818597,-0.000647636770736,-0.000228738354053,0.000743876909837],[-0.000246451672865,0.000596674974076,0.000930009700824,0.00400060834363,0.000355985626811,0.000745928031392,0.000311594776576,-0.00298984162509,0.00114252674393,-0.000988795189187,-0.00179549818859,0.00239180517383,-0.00197249976918],[0.000209693651414,-0.0000565989248571,-0.00119773531333,0.000355985626811,0.00965295080096,0.000983026460744,-0.0041276095435,0.002438391326,-0.00309216906317,-0.00170587515458,0.00253543793224,-0.00158668425865,-0.000237656058744],[0.0000672175956424,-0.00107108277734,0.00079739431385,0.000745928031392,0.000983026460744,0.0097038494423,-0.00149897870142,-0.00469067925587,0.00318772601895,-0.000933777948376,0.000850313226692,-0.00171913625672,0.0022437016014],[-0.0000690136730555,0.000381757708965,-0.000345346546965,0.000311594776576,-0.0041276095435,-0.00149897870142,0.0145494742319,-0.00316284783185,-0.00467749265954,0.00567921763286,-0.00446784496307,0.00405241549015,-0.00333778583445],[-0.000137527749757,0.00120822328608,-0.000896398210898,-0.00298984162509,0.002438391326,-0.00469067925587,-0.00316284783185,0.0191623847932,-0.00484434515238,-0.00572759099305,0.00612409319729,-0.0030830882024,0.000359805184416],[0.000228340228205,-0.00128667394165,0.00102821912151,0.00114252674393,-0.00309216906317,0.00318772601895,-0.00467749265954,-0.00484434515238,0.0231335889548,-0.00513788685203,-0.00255771470256,0.0030479375273,-0.00230901851319],[-0.000194613006897,0.000682795129251,-0.00114385818597,-0.000988795189187,-0.00170587515458,-0.000933777948376,0.00567921763286,-0.00572759099305,-0.00513788685203,0.025969715789,-0.00928177498281,-0.00140062987339,-0.000953585258685],[0.000114714202937,-0.000193277315702,-0.000647636770736,-0.00179549818859,0.00253543793224,0.000850313226692,-0.00446784496307,0.00612409319729,-0.00255771470256,-0.00928177498281,0.02911157161,-0.00801391527057,-0.00323033332825],[-0.000152499065734,0.000340894039255,-0.000228738354053,0.00239180517383,-0.00158668425865,-0.00171913625672,0.00405241549015,-0.0030830882024,0.0030479375273,-0.00140062987339,-0.00801391527057,0.0269980449229,-0.00709464866668],[-0.0000151641834236,-0.000496707041748,0.000743876909837,-0.00197249976918,-0.000237656058744,0.0022437016014,-0.00333778583445,0.000359805184416,-0.00230901851319,-0.000953585258685,-0.00323033332825,-0.00709464866668,0.0226185638458]],"mean":[-663.390014648,169.795608521,-21.2907676697,28.8651008606,-10.381860733,23.5700492859,0.944046676159,6.12239933014,-0.135311588645,0.0339467413723,-0.488750070333,2.80014967918,1.98531472683]},"pitch_salience":{"dmean":0.0749423876405,"dmean2":0.123114511371,"dvar":0.0047393781133,"dvar2":0.0122815063223,"max":0.996044158936,"mean":0.587275087833,"median":0.608299791813,"min":0.112537533045,"var":0.0128262545913},"silence_rate_20dB":{"dmean":0,"dmean2":0,"dvar":0,"dvar2":0,"max":1,"mean":1,"median":1,"min":1,"var":0},"silence_rate_30dB":{"dmean":0.0280866008252,"dmean2":0.0561778955162,"dvar":0.0272997990251,"dvar2":0.0677381306887,"max":1,"mean":0.978602468967,"median":1,"min":0,"var":0.0209395457059},"silence_rate_60dB":{"dmean":0.00284209637903,"dmean2":0.00568466819823,"dvar":0.00283395941369,"dvar2":0.00715689687058,"max":1,"mean":0.062270142138,"median":0,"min":0,"var":0.0583913251758},"spectral_centroid":{"dmean":202.263000488,"dmean2":301.728149414,"dvar":60261.6210938,"dvar2":109790.765625,"max":11538.7255859,"mean":1138.78881836,"median":964.024230957,"min":164.384414673,"var":789645.25},"spectral_complexity":{"dmean":3.9311208725,"dmean2":5.75572633743,"dvar":21.6128330231,"dvar2":34.3451423645,"max":63,"mean":23.4668998718,"median":22,"min":0,"var":143.609329224},"spectral_contrast_coeffs":{"dmean":[0.0547144524753,0.0456146784127,0.0364618934691,0.0260556209832,0.0202733539045,0.0515857413411],"dmean2":[0.0922032147646,0.076181486249,0.0607823096216,0.0439816825092,0.0335556603968,0.0778574794531],"dvar":[0.00180510478094,0.00128684286028,0.000794905528892,0.000410110282246,0.000316361751175,0.00188371411059],"dvar2":[0.00502152042463,0.00360067817383,0.002214058768,0.00116515113041,0.00082608073717,0.00415527401492],"max":[-0.390455782413,-0.502717912197,-0.621098399162,-0.624937355518,-0.653498709202,-0.404263734818],"mean":[-0.675727784634,-0.775592148304,-0.794347822666,-0.813301384449,-0.826769709587,-0.706605732441],"median":[-0.677174329758,-0.778430938721,-0.794450342655,-0.812688708305,-0.823734402657,-0.704444408417],"min":[-0.982239425182,-0.986651420593,-0.99477404356,-0.986558139324,-0.988159835339,-0.964914977551],"var":[0.0071575595066,0.00342974066734,0.00215619825758,0.00147811765783,0.00125820958056,0.00759997777641]},"spectral_contrast_valleys":{"dmean":[0.375021845102,0.331450849771,0.286657333374,0.261057257652,0.309008330107,0.655617058277],"dmean2":[0.628504097462,0.548008620739,0.468827396631,0.414976149797,0.448657244444,1.03512299061],"dvar":[0.104429170489,0.0917882248759,0.0775514766574,0.0832654237747,0.139123916626,0.286939710379],"dvar2":[0.259755760431,0.203862518072,0.165259093046,0.168248519301,0.269479542971,0.749717116356],"max":[-5.107213974,-4.61564874649,-5.2325592041,-5.61509084702,-5.1632027626,-9.09655570984],"mean":[-6.88301038742,-6.46938657761,-6.74788808823,-7.32348203659,-7.748234272,-11.3841581345],"median":[-6.49523925781,-6.14465522766,-6.39416503906,-6.96653938293,-7.33587837219,-11.1280097961],"min":[-28.0731620789,-27.9977931976,-28.215681076,-27.5351066589,-27.5975894928,-27.3650150299],"var":[3.51657176018,3.55726385117,3.48624587059,3.38557600975,3.7920320034,2.70902919769]},"spectral_decrease":{"dmean":3.4525955428e-9,"dmean2":5.67755886749e-9,"dvar":2.78554725638e-17,"dvar2":7.13946204139e-17,"max":3.38651306997e-9,"mean":-8.11648526167e-9,"median":-7.0208003855e-9,"min":-6.45627764584e-8,"var":4.36123798041e-17},"spectral_energy":{"dmean":0.0137872043997,"dmean2":0.0221872106194,"dvar":0.000432346976595,"dvar2":0.00108029320836,"max":0.252587199211,"mean":0.0439635254443,"median":0.0418685562909,"min":1.00472951882e-20,"var":0.000870283925906},"spectral_energyband_high":{"dmean":0.000306926929625,"dmean2":0.000405956525356,"dvar":2.91616743198e-7,"dvar2":5.06956666868e-7,"max":0.0195544566959,"mean":0.000906591652893,"median":0.000534656341188,"min":7.21572185771e-21,"var":0.00000118446303077},"spectral_energyband_low":{"dmean":0.0102821672335,"dmean2":0.0171083770692,"dvar":0.000311962823616,"dvar2":0.000818881904706,"max":0.223539292812,"mean":0.0181102231145,"median":0.0124548543245,"min":1.62177211893e-23,"var":0.000414560490754},"spectral_energyband_middle_high":{"dmean":0.00201573944651,"dmean2":0.00307022128254,"dvar":0.00000753862605052,"dvar2":0.0000164101602422,"max":0.0407642312348,"mean":0.00632725702599,"median":0.00538560375571,"min":1.18873780498e-21,"var":0.0000241684774664},"spectral_energyband_middle_low":{"dmean":0.00464056385681,"dmean2":0.00753344222903,"dvar":0.000033330579754,"dvar2":0.0000812981888885,"max":0.122882671654,"mean":0.0128044588491,"median":0.0105783808976,"min":1.91658843499e-22,"var":0.000100191740785},"spectral_entropy":{"dmean":0.153158158064,"dmean2":0.226952657104,"dvar":0.0279202293605,"dvar2":0.0631041899323,"max":9.82391262054,"mean":7.52049398422,"median":7.59631919861,"min":5.29569101334,"var":0.163471996784},"spectral_flux":{"dmean":0.0243739560246,"dmean2":0.0391587130725,"dvar":0.00101010664366,"dvar2":0.00233978196047,"max":0.379577249289,"mean":0.107463911176,"median":0.105696193874,"min":6.33906399594e-11,"var":0.0028961210046},"spectral_kurtosis":{"dmean":5.13093185425,"dmean2":7.61141681671,"dvar":53.6131858826,"dvar2":120.215591431,"max":137.799972534,"mean":19.1234035492,"median":16.431186676,"min":-1.25695753098,"var":107.260124207},"spectral_rms":{"dmean":0.000914193631615,"dmean2":0.00144759134855,"dvar":0.00000126208544771,"dvar2":0.00000301763861899,"max":0.0156979784369,"mean":0.00608100835234,"median":0.00639119464904,"min":3.13085278189e-12,"var":0.00000591257457927},"spectral_rolloff":{"dmean":5401.72949219,"dmean2":10342.2480469,"dvar":61472528,"dvar2":146801184,"max":22006.9335938,"mean":10396.6171875,"median":4048.2421875,"min":43.06640625,"var":90908648},"spectral_skewness":{"dmean":0.408096313477,"dmean2":0.583525300026,"dvar":0.243571937084,"dvar2":0.506817698479,"max":9.63728141785,"mean":2.88827037811,"median":2.72083997726,"min":-0.0714065954089,"var":0.797748744488},"spectral_spread":{"dmean":451176.71875,"dmean2":683664.9375,"dvar":483117137920,"dvar2":925929177088,"max":42794536,"mean":3923256.5,"median":3750763.5,"min":1038189.5625,"var":8056214126590},"spectral_strongpeak":{"dmean":0.899437427521,"dmean2":1.68370461464,"dvar":28.8824367523,"dvar2":82.8977355957,"max":140.169464111,"mean":0.770305275917,"median":0.229528516531,"min":0,"var":19.8501930237},"zerocrossingrate":{"dmean":0.0306668616831,"dmean2":0.0409177802503,"dvar":0.000664811697789,"dvar2":0.00115463766269,"max":0.56494140625,"mean":0.24332845211,"median":0.240234375,"min":0.03076171875,"var":0.00466753635556}},"metadata":{"audio_properties":{"analysis_sample_rate":44100,"bit_rate":192000,"codec":"mp3","downmix":"mix","equal_loudness":0,"length":277.761077881,"lossless":false,"md5_encoded":"44036bcaf77653f85c74cc766bfb8ce7","replay_gain":-11.4737472534,"sample_rate":44100},"tags":{"album":["There Is Nothing Left to Lose"],"album artist credit":["Foo Fighters"],"albumartist":["Foo Fighters"],"albumartistsort":["Foo Fighters"],"artist":["Foo Fighters"],"artist credit":["Foo Fighters"],"artistsort":["Foo Fighters"],"asin":["B000020617"],"bpm":["0"],"catalognumber":["07863 67892-2"],"composer":["Foo Fighters"],"date":["1999-11-02"],"discnumber":["1/1"],"file_name":"08 - Foo Fighters - Next Year.mp3","genre":["Rock - Alternative Metal / Punk"],"label":["RCA"],"language":["eng"],"media":["CD"],"musicbrainz album release country":["US"],"musicbrainz album status":["Official"],"musicbrainz album type":["album"],"musicbrainz_albumartistid":["67f66c07-6e61-4026-ade5-7e782fad3a5d"],"musicbrainz_albumid":["ab133b61-17e0-34c3-92e5-1d5b7443d84b"],"musicbrainz_artistid":["67f66c07-6e61-4026-ade5-7e782fad3a5d"],"musicbrainz_recordingid":["262e97b2-aaa1-4256-a343-aa52c379c653"],"musicbrainz_releasegroupid":["1cfc9a17-1fdb-30dd-83ca-dce93c481492"],"originaldate":["1999-11-01"],"replaygain_album_gain":["0.00 dB"],"replaygain_album_peak":["0.000000"],"replaygain_track_gain":["0.00 dB"],"replaygain_track_peak":["0.000000"],"script":["Latn"],"title":["Next Year"],"tracknumber":["8/11"]},"version":{"essentia":"2.1-beta1","essentia_build_sha":"ca57ba49d9b1854bd80e60cf9ccf267278fb7d6b","essentia_git_sha":"v2.1_beta1-28-g21ef5f4-dirty","extractor":"music 1.0"}},"rhythm":{"beats_count":484,"beats_loudness":{"dmean":0.0177443642169,"dmean2":0.0312638618052,"dvar":0.000310107687255,"dvar2":0.00088307732949,"max":0.153994575143,"mean":0.0514750592411,"median":0.0547897517681,"min":0,"var":0.000915145268664},"beats_loudness_band_ratio":{"dmean":[0.2103773802