{"lowlevel":{"average_loudness":0.804231524467,"barkbands":{"dmean":[0.00396614149213,0.00507608847693,0.000778797140811,0.000260085012997,0.000479034963064,0.00064755033236,0.000414693000494,0.000495407439303,0.000587221700698,0.000429502513725,0.000584558525588,0.00167385977693,0.000782099261414,0.00078292330727,0.000653414812405,0.000592333381064,0.000478322966956,0.000314798235195,0.000207777688047,0.00013156379282,0.000093604423455,0.000033074109524,0.0000195213524421,0.0000151531021402,0.00000410071334045,0.0000478319780086,0.000734667293727],"dmean2":[0.00585124269128,0.00839911587536,0.00125412654597,0.000434897112427,0.000795671192463,0.00106439797673,0.000680427241605,0.00082362361718,0.000969182059634,0.000700345495716,0.000978516996838,0.00273984111845,0.00129152298905,0.00128412805498,0.00108395540155,0.000956698844675,0.000770885264501,0.000488736724947,0.000311529205646,0.000192546896869,0.000136001603096,0.000047391091357,0.0000274834092124,0.0000207057000807,0.00000615353155808,0.0000641678998363,0.00103792338632],"dvar":[0.0000804781739134,0.0000561176311749,0.00000225276721721,2.26073410659e-7,7.92931245996e-7,0.00000153225937538,8.2290159753e-7,0.00000134229264859,0.00000164371272149,8.89517707492e-7,0.00000223692200052,0.0000133392095449,0.00000176066862423,0.00000175960599336,0.00000104870275663,8.49303773975e-7,5.54208952508e-7,3.03633242993e-7,1.5338355297e-7,1.13814309088e-7,9.99211877684e-8,3.12009396097e-9,9.07720620891e-10,5.95054061581e-10,4.06532585373e-11,1.16958602803e-8,9.97429992822e-7],"dvar2":[0.000161105694133,0.000145394544234,0.00000533592537977,5.83720407121e-7,0.00000206287973015,0.00000394921153202,0.00000204472303267,0.0000036888059185,0.00000455655936094,0.00000228609178521,0.00000570621523366,0.0000320537037624,0.00000447587126473,0.00000430337149737,0.00000264910113401,0.00000212271402233,0.00000139149858569,6.70525821533e-7,3.27459900973e-7,2.18008210595e-7,2.09178452337e-7,6.29761709448e-9,1.76572212407e-9,1.11226827748e-9,8.90698279021e-11,2.24211635924e-8,0.0000018134576294],"max":[0.106140121818,0.0843745395541,0.0311154276133,0.0116535313427,0.0180007312447,0.0312385633588,0.0330616794527,0.0179927367717,0.0272046234459,0.0270566809922,0.0680647343397,0.119754835963,0.031403042376,0.0350124686956,0.0173522178084,0.020063277334,0.0202133730054,0.0133393378928,0.010321312584,0.00862622261047,0.0103118577972,0.00125270267017,0.000420027849032,0.000375775969587,0.000102167636214,0.0034626792185,0.0205779597163],"mean":[0.00428936770186,0.00695916218683,0.000920312013477,0.000322986306855,0.000691479770467,0.000951218418777,0.000597217294853,0.000672872702125,0.000905991299078,0.000689580920152,0.000904726039153,0.00290407869034,0.00140405236743,0.00135892955586,0.00108151265886,0.00110385101289,0.000831052369904,0.000568748859223,0.000386386062019,0.000245459959842,0.000178691756446,0.0000685009799781,0.000040181872464,0.0000293872471957,0.00000658752514937,0.000090118170192,0.00224656309001],"median":[0.00100568402559,0.00455132313073,0.000353513343725,0.000171117921127,0.000375141971745,0.000418340961915,0.000242916255957,0.00014852147433,0.00027217072784,0.000240792796831,0.000472062412882,0.00166276993696,0.000877083744854,0.000823942944407,0.000654418021441,0.000682836282067,0.000502714887261,0.000296062848065,0.000191187064047,0.000112100373372,0.0000778435569373,0.0000337901838066,0.0000188780632016,0.0000127056391648,0.00000326445729115,0.0000324405700667,0.00173268036451],"min":[1.97482019063e-23,5.97460593529e-23,3.34021819517e-23,5.99274658067e-23,3.37199414352e-23,4.85803674837e-23,4.65244034826e-23,1.13882453078e-23,4.08973387388e-23,1.23264969047e-22,6.52862042467e-23,2.29952903385e-22,1.07279895561e-22,7.58445331724e-23,2.99521170843e-22,1.81445089016e-22,5.33896516815e-23,2.94341421787e-22,2.61742735688e-22,3.45068611115e-22,4.19641386912e-22,4.83655139586e-22,8.05061205206e-22,9.00880971298e-22,1.14681816562e-21,1.64154376263e-21,2.17501366347e-21],"var":[0.000103214311821,0.0000678134238115,0.0000029265656849,2.62765183834e-7,0.0000011305381804,0.00000268003509518,0.00000132131992814,0.00000202980254471,0.00000321509105561,0.00000180064000688,0.00000417939099862,0.0000260203360085,0.00000349966740032,0.0000033298854305,0.00000171978297203,0.00000190635967101,0.00000101868738511,6.05035722856e-7,3.20799330211e-7,2.52603541639e-7,2.02731513355e-7,7.88184362222e-9,2.5022699468e-9,1.59161062108e-9,8.05439326346e-11,2.71689497566e-8,0.00000370734824173]},"barkbands_crest":{"dmean":2.9089319706,"dmean2":4.76568508148,"dvar":6.75653505325,"dvar2":16.9478225708,"max":26.8225212097,"mean":8.90339946747,"median":7.81997537613,"min":2.43146753311,"var":19.028799057},"barkbands_flatness_db":{"dmean":0.0213868319988,"dmean2":0.0335694886744,"dvar":0.000511335034389,"dvar2":0.00128133618273,"max":0.531029522419,"mean":0.103566579521,"median":0.0956854447722,"min":0.029489511624,"var":0.00194804230705},"barkbands_kurtosis":{"dmean":4.20794010162,"dmean2":7.50800657272,"dvar":1773.81640625,"dvar2":5532.80908203,"max":2221.3425293,"mean":3.64892029762,"median":0.281261205673,"min":-1.9616317749,"var":1408.76318359},"barkbands_skewness":{"dmean":0.535347938538,"dmean2":0.8482183218,"dvar":1.28882694244,"dvar2":3.68715810776,"max":45.7502861023,"mean":1.08610856533,"median":0.836264669895,"min":-4.025867939,"var":2.70371985435},"barkbands_spread":{"dmean":9.75777339935,"dmean2":15.607585907,"dvar":83.3573150635,"dvar2":202.89289856,"max":154.803421021,"mean":50.6419677734,"median":50.6201400757,"min":0.248431518674,"var":310.84664917},"dissonance":{"dmean":0.00907275918871,"dmean2":0.0156201906502,"dvar":0.0000981493649306,"dvar2":0.00027774044429,"max":0.500000119209,"mean":0.487790107727,"median":0.491050302982,"min":0.375762671232,"var":0.000127353385324},"dynamic_complexity":3.80825424194,"erbbands":{"dmean":[0.230709820986,0.922477722168,1.1231855154,0.770177483559,1.2415150404,1.72202706337,3.11752867699,6.00118160248,5.93133544922,6.32452630997,12.4868564606,12.9606161118,14.7841396332,12.7977714539,35.0583381653,66.8841400146,34.1360397339,36.2965583801,32.4370231628,32.1589889526,31.6903915405,25.1935195923,18.5603065491,13.6466255188,7.89306402206,6.17663145065,5.02003526688,2.73521542549,1.32083845139,0.765718758106,0.532106518745,0.359933912754,0.233128458261,0.0723316594958,0.0213566627353,0.0979530960321,0.102643765509,0.0755676180124,0.052870515734,0.017079629004],"dmean2":[0.383037924767,1.52862071991,1.79513323307,1.24106633663,2.10340952873,2.87484931946,5.14025640488,9.91280841827,9.83288860321,10.4785966873,20.7966041565,21.3895130157,24.1209163666,20.9188041687,58.0560836792,108.923416138,55.9342422485,58.9341659546,53.3033638,52.7920036316,51.0571670532,40.1715545654,28.8882751465,20.4392642975,11.5770931244,8.9912071228,7.39227819443,3.9448261261,1.88624298573,1.08466982841,0.754478991032,0.505188822746,0.320715725422,0.104127638042,0.0317033864558,0.135789275169,0.140420541167,0.101134628057,0.073131121695,0.0244306884706],"dvar":[0.15354141593,1.95599234104,4.83610105515,1.6978276968,4.4761300087,14.711564064,41.1488609314,158.103546143,136.902999878,213.156036377,879.579711914,852.072631836,1316.67565918,764.29901123,7677.59375,20675.6230469,3202.71459961,4487.86474609,2364.2746582,2482.48339844,2569.65405273,1453.2364502,993.077880859,602.991394043,275.065155029,253.899032593,328.888275146,70.3564376831,5.23710536957,1.37511217594,0.679900586605,0.336838901043,0.147440642118,0.0139392465353,0.00142881390639,0.0824455246329,0.0586392022669,0.0168345291167,0.00660272082314,0.000508625991642],"dvar2":[0.400921374559,5.11291885376,11.4125394821,4.13285398483,12.1216545105,38.4607048035,105.55506897,410.927612305,361.758850098,529.834777832,2447.35742188,2347.1574707,3370.85717773,1965.01879883,19793.8183594,48910.0117188,8347.09277344,10807.2011719,5931.65771484,6205.89550781,6332.83691406,3515.48291016,2236.08203125,1251.26367188,563.793518066,483.494720459,739.741210938,139.889816284,10.4625082016,2.72864747047,1.34636116028,0.667985439301,0.274833410978,0.0282133966684,0.00299807591364,0.172712564468,0.11732326448,0.0309595447034,0.0126476576552,0.000971299945377],"max":[4.19782686234,16.9306926727,38.8669052124,33.7564735413,36.1676025391,103.99281311,166.781204224,395.20098877,215.204833984,506.824462891,452.526885986,781.779785156,1128.57885742,1238.58093262,4214.08105469,4619.1796875,1240.64172363,2099.77856445,914.938659668,912.971557617,1200.78405762,663.915344238,595.321166992,785.077087402,529.85534668,429.685577393,703.249450684,251.874252319,54.2743186951,15.6679639816,12.2500295639,9.27112197876,7.32713460922,2.20820736885,1.00622689724,12.4968128204,6.83452796936,2.33617424965,1.01479399204,0.443437337875],"mean":[0.303152501583,1.18772304058,1.35047006607,1.08384263515,1.67745804787,2.34203481674,4.22535467148,8.57280158997,8.90751743317,9.52150630951,17.7174606323,20.1718559265,23.5331192017,22.7829341888,61.2615776062,116.774169922,69.2981719971,67.9368515015,59.0519218445,59.4288139343,61.077747345,46.8414268494,33.7031745911,25.5617923737,15.1715698242,11.6943569183,9.1411895752,5.39090681076,2.70542526245,1.60211861134,1.07385373116,0.699897110462,0.437834143639,0.127298846841,0.0335646867752,0.168981790543,0.188223004341,0.159011378884,0.131382897496,0.0590097419918],"median":[0.182621657848,0.713176190853,0.531049847603,0.587997019291,0.904467225075,1.18887162209,1.74709391594,3.6950969696,3.95133376122,3.30990886688,4.26106262207,6.227227211,7.64927434921,10.5802516937,33.7508049011,67.8022232056,45.5466041565,41.3568382263,37.6240272522,38.2317008972,37.7122840881,28.9122810364,18.2612686157,12.7385406494,7.3426451683,5.34750890732,3.88791894913,2.47115731239,1.31033396721,0.780294001102,0.499834030867,0.310438483953,0.181132078171,0.0559120289981,0.0171048436314,0.0529362894595,0.0675255432725,0.0747129991651,0.0802168250084,0.0498552285135],"min":[2.14011435605e-21,1.20438329215e-20,3.25938661967e-20,1.27704692459e-19,1.91326487943e-19,8.70851419122e-20,1.50856973741e-19,5.0268272473e-19,7.94125699794e-19,3.13464099783e-19,4.5440892947e-19,9.28955674351e-19,2.83509640905e-18,3.10738586194e-18,5.45526606595e-18,8.37989547053e-18,4.9118981526e-18,3.6304059594e-18,1.15620435706e-17,1.49441377683e-17,9.40188290761e-18,4.43327159785e-18,1.61746119429e-17,1.24647085499e-17,1.38022670451e-17,1.46980614623e-17,1.38205981946e-17,1.94907343509e-17,1.7630592096e-17,2.05360491084e-17,2.13132216898e-17,2.02841990816e-17,1.58723518753e-17,1.27523564721e-17,8.18970183229e-18,4.88072502404e-18,3.38686682307e-18,1.19550180545e-18,3.27167096262e-19,3.11022236765e-20],"var":[0.168071880937,2.29191160202,5.98913478851,2.44271492958,6.28769445419,18.0137786865,57.9422264099,263.489105225,229.624969482,356.531158447,1375.97888184,1639.03198242,2483.55786133,1718.77636719,14666.96875,39551.953125,7513.97265625,9022.64648438,4238.84375,4965.80664062,5707.85351562,2900.64794922,1950.64929199,1304.2947998,592.747680664,567.311584473,566.399902344,150.267669678,13.2574853897,3.83434033394,1.83074080944,0.859213411808,0.380578517914,0.0322299599648,0.00272756814957,0.152091905475,0.125976726413,0.0469523519278,0.020747391507,0.00199170364067]},"erbbands_crest":{"dmean":2.36735248566,"dmean2":3.96124887466,"dvar":4.98039627075,"dvar2":13.2994318008,"max":28.8874702454,"mean":8.11911392212,"median":7.30309677124,"min":1.65651118755,"var":10.5159053802},"erbbands_flatness_db":{"dmean":0.0169780105352,"dmean2":0.0252340435982,"dvar":0.000221082795179,"dvar2":0.000450147461379,"max":0.320590049028,"mean":0.146956086159,"median":0.143631756306,"min":0.00267793727107,"var":0.00146362138912},"erbbands_kurtosis":{"dmean":0.992525577545,"dmean2":1.62683653831,"dvar":1.09388649464,"dvar2":2.748950243,"max":24.8727378845,"mean":1.78870868683,"median":1.56386804581,"min":-1.47218000889,"var":2.98770093918},"erbbands_skewness":{"dmean":0.321413516998,"dmean2":0.514601409435,"dvar":0.0703714191914,"dvar2":0.176809683442,"max":2.7807135582,"mean":-0.301097691059,"median":-0.29821908474,"min":-2.55124092102,"var":0.304477781057},"erbbands_spread":{"dmean":3.91101121902,"dmean2":6.21097373962,"dvar":17.6261558533,"dvar2":45.4216918945,"max":167.336746216,"mean":19.5132980347,"median":18.1042861938,"min":2.41739630699,"var":97.9467010498},"gfcc":{"cov":[[24991.2167969,1355.50817871,-1631.85180664,-207.376174927,733.385681152,-813.254882812,526.762390137,-576.79699707,192.954208374,-196.425750732,-57.9988021851,62.888469696,-190.105255127],[1355.50817871,1352.80773926,-212.693969727,-400.028991699,285.47164917,-170.410339355,109.645530701,-158.560699463,93.4468078613,-103.501029968,101.153274536,-69.8905487061,109.651245117],[-1631.85180664,-212.693969727,327.390594482,177.740066528,-99.5849456787,133.70098877,-64.6066818237,82.8819274902,-41.0062141418,36.9745941162,-21.8170890808,-0.179860919714,-13.3759393692],[-207.376174927,-400.028991699,177.740066528,346.062805176,14.8190507889,75.6212615967,-9.11301994324,53.8667030334,-70.5812072754,12.2702655792,-39.5133781433,19.3938350677,-61.8540306091],[733.385681152,285.47164917,-99.5849456787,14.8190507889,263.469024658,-6.92163801193,54.2959976196,-74.4481964111,-12.8526096344,-64.5913391113,39.7388267517,4.29986715317,20.9889144897],[-813.254882812,-170.410339355,133.70098877,75.6212615967,-6.92163801193,181.253494263,-17.8085231781,36.7381782532,-31.4006290436,10.242556572,-13.6494779587,19.6220054626,8.65703296661],[526.762390137,109.645530701,-64.6066818237,-9.11301994324,54.2959976196,-17.8085231781,108.976783752,14.369682312,28.5991783142,-13.8984241486,-5.31353330612,-12.5743503571,-4.05138063431],[-576.79699707,-158.560699463,82.8819274902,53.8667030334,-74.4481964111,36.7381782532,14.369682312,144.21987915,34.5936508179,28.8603725433,-29.5095348358,-22.3291797638,-24.929693222],[192.954208374,93.4468078613,-41.0062141418,-70.5812072754,-12.8526096344,-31.4006290436,28.5991783142,34.5936508179,97.7949066162,30.9886207581,12.7864923477,-6.48004674911,-1.02238821983],[-196.425750732,-103.501029968,36.9745941162,12.2702655792,-64.5913391113,10.242556572,-13.8984241486,28.8603725433,30.9886207581,76.4014892578,20.891292572,13.7274885178,-1.48501527309],[-57.9988021851,101.153274536,-21.8170890808,-39.5133781433,39.7388267517,-13.6494779587,-5.31353330612,-29.5095348358,12.7864923477,20.891292572,74.8815460205,33.3579597473,25.4958610535],[62.888469696,-69.8905487061,-0.179860919714,19.3938350677,4.29986715317,19.6220054626,-12.5743503571,-22.3291797638,-6.48004674911,13.7274885178,33.3579597473,62.783782959,24.6050186157],[-190.105255127,109.651245117,-13.3759393692,-61.8540306091,20.9889144897,8.65703296661,-4.05138063431,-24.929693222,-1.02238821983,-1.48501527309,25.4958610535,24.6050186157,67.050491333]],"icov":[[0.0000958349191933,-0.000288754177745,0.000632115465123,-0.000373040500563,0.0000998635805445,-0.0000276237406069,0.000010486719475,0.0000826676478027,0.0000459293805761,-0.000391173758544,0.000678190088365,-0.000748104474042,0.000538261141628],[-0.000288754177745,0.00487999524921,-0.00609488086775,0.00547563750297,-0.00415702490136,0.00317489169538,-0.00294499425218,0.00228181411512,-0.00233795307577,0.00348576623946,-0.00425335392356,0.00638462463394,-0.00408603437245],[0.000632115465123,-0.00609488086775,0.0191798415035,-0.0144765311852,0.010438028723,-0.00950775388628,0.00670152157545,-0.00255868886597,-0.0000254408041656,-0.00113856128883,-0.00103637832217,0.000688304542564,-0.000239278087975],[-0.000373040500563,0.00547563750297,-0.0144765311852,0.0195068065077,-0.0130887459964,0.00778641179204,-0.00535120302811,-0.00172015046701,0.00681717973202,-0.00524482922629,0.00682134274393,-0.00747759034857,0.0073617673479],[0.0000998635805445,-0.00415702490136,0.010438028723,-0.0130887459964,0.0172146633267,-0.00815217103809,0.000981841934845,0.00256497925147,-0.00409352732822,0.00998660363257,-0.0114525165409,0.00697999075055,-0.00428174575791],[-0.0000276237406069,0.00317489169538,-0.00950775388628,0.00778641179204,-0.00815217103809,0.0135627696291,-0.00320475990884,-0.0011862370884,0.00310714519583,-0.00313920201734,0.00607985351235,-0.00583352986723,-0.0000113769401651],[0.000010486719475,-0.00294499425218,0.00670152157545,-0.00535120302811,0.000981841934845,-0.00320475990884,0.0159011688083,-0.00433287629858,-0.00256837485358,4.17585795276e-7,0.00203467020765,-0.000398996751755,0.000036066325265],[0.0000826676478027,0.00228181411512,-0.00255868886597,-0.00172015046701,0.00256497925147,-0.0011862370884,-0.00433287629858,0.0158439073712,-0.0091450298205,0.00313630956225,-0.00255290046334,0.00882794801146,-0.00295395683497],[0.0000459293805761,-0.00233795307577,-0.0000254408041656,0.00681717973202,-0.00409352732822,0.00310714519583,-0.00256837485358,-0.0091450298205,0.0248967595398,-0.0150758307427,0.00751918414608,-0.0107479514554,0.00869291462004],[-0.000391173758544,0.00348576623946,-0.00113856128883,-0.00524482922629,0.00998660363257,-0.00313920201734,4.17585795276e-7,0.00313630956225,-0.0150758307427,0.0356657579541,-0.0231795106083,0.0138433780521,-0.00913569703698],[0.000678190088365,-0.00425335392356,-0.00103637832217,0.00682134274393,-0.0114525165409,0.00607985351235,0.00203467020765,-0.00255290046334,0.00751918414608,-0.0231795106083,0.0446230024099,-0.0313451103866,0.0110742123798],[-0.000748104474042,0.00638462463394,0.000688304542564,-0.00747759034857,0.00697999075055,-0.00583352986723,-0.000398996751755,0.00882794801146,-0.0107479514554,0.0138433780521,-0.0313451103866,0.052732616663,-0.0247858036309],[0.000538261141628,-0.00408603437245,-0.000239278087975,0.0073617673479,-0.00428174575791,-0.0000113769401651,0.000036066325265,-0.00295395683497,0.00869291462004,-0.00913569703698,0.0110742123798,-0.0247858036309,0.0349262394011]],"mean":[1.23336482048,56.692817688,-108.792732239,-9.43856239319,6.18532180786,-5.90374183655,0.904578208923,-12.8850107193,1.42762756348,-3.17063188553,4.02826547623,3.9490737915,-4.18296480179]},"hfc":{"dmean":34.6972084045,"dmean2":50.5323104858,"dvar":1388.15014648,"dvar2":2720.07373047,"max":614.420043945,"mean":148.809539795,"median":140.050079346,"min":1.10284986752e-16,"var":7124.84326172},"melbands":{"dmean":[0.0018302956596,0.000777139212005,0.000137615847052,0.000105911611172,0.0000988169922493,0.000131369655719,0.0000895648845471,0.0000740471587051,0.000104912796814,0.0000828957563499,0.0000744918797864,0.0000517371008755,0.0000952347763814,0.000192373874597,0.000135938651511,0.0000652288363199,0.0000743497221265,0.0000581420572416,0.0000525313080288,0.0000395480747102,0.0000414080932387,0.0000282199962385,0.0000220777164941,0.0000149281977428,0.0000118028792713,0.00000687315150572,0.00000494942787554,0.0000042769911488,0.00000356627924702,0.00000252464064943,0.00000142376416079,8.52667596973e-7,5.29877240751e-7,4.18203143226e-7,3.35240969207e-7,2.61491322817e-7,2.1948721951e-7,1.81055682447e-7,1.31691706429e-7,3.72288724293e-8],"dmean2":[0.00297048967332,0.00125641655177,0.000222850532737,0.000177548936335,0.000162108713994,0.000215748528717,0.000147817496327,0.000122827826999,0.000175606473931,0.000136387519888,0.000122010074847,0.0000847327755764,0.00015816699306,0.000311462703394,0.000227900251048,0.000107329185994,0.000121509438031,0.0000961318291957,0.000087278902356,0.0000646000698907,0.0000673285903758,0.0000455482477264,0.0000355086121999,0.0000232557576965,0.0000180968218046,0.0000104399605334,0.00000739267352401,0.00000639539166514,0.00000540775408808,0.00000377644551008,0.0000021165524231,0.00000126030670344,7.73315775859e-7,6.12528026522e-7,4.88693387979e-7,3.8150486148e-7,3.15914775229e-7,2.54770498032e-7,1.87480040381e-7,5.66044313643e-8],"dvar":[0.00000838938649395,0.00000178612526724,4.74299888253e-8,3.95708852352e-8,3.91606178596e-8,6.9717408735e-8,3.23102824495e-8,2.75239422365e-8,6.03113363695e-8,3.4669994875e-8,3.26551834462e-8,1.28103332386e-8,6.25744931426e-8,2.47512986107e-7,4.83408513219e-8,1.13268319168e-8,1.93115852198e-8,7.78783260103e-9,7.30867188992e-9,3.72234953971e-9,4.95866725458e-9,1.8353399911e-9,1.27136190464e-9,7.18626713692e-10,4.67139660287e-10,1.95823579574e-10,1.34687941356e-10,1.38140915373e-10,1.83262544029e-10,7.54935697289e-11,1.59905561015e-11,2.32468016191e-12,6.58465957541e-13,4.18887201401e-13,2.66846955773e-13,1.7998103008e-13,1.27309878676e-13,9.11706216707e-14,4.90817984671e-14,3.55276492429e-15],"dvar2":[0.0000208683031815,0.00000434982803199,1.16964564256e-7,1.04315340366e-7,1.00102582223e-7,1.80781512427e-7,8.35579641034e-8,7.09020824274e-8,1.70250416431e-7,9.50317726733e-8,8.33396001099e-8,3.29346612205e-8,1.58151621577e-7,5.82161192142e-7,1.26973716874e-7,2.93233686222e-8,4.65273437555e-8,1.93704181584e-8,1.83053057157e-8,9.50607770278e-9,1.22655841039e-8,4.50829817922e-9,3.11900882899e-9,1.59530733068e-9,1.01342167991e-9,4.30259217143e-10,2.84485934809e-10,2.8301791466e-10,4.33293068092e-10,1.58727891941e-10,3.44726261425e-11,4.95532347794e-12,1.39228938708e-12,8.71267955786e-13,5.53517138808e-13,3.80191673499e-13,2.61589551019e-13,1.78661881296e-13,9.71496171812e-14,7.90214146559e-15],"max":[0.0297710802406,0.0170258507133,0.00499987369403,0.00458453036845,0.00463858619332,0.00765302358195,0.00468357326463,0.0044735101983,0.00428813463077,0.00498264841735,0.00554991234094,0.00487059121951,0.0104072969407,0.0178393926471,0.00915438495576,0.0017667094944,0.00421637296677,0.00129501021001,0.0017875743797,0.0014922444243,0.00187443860341,0.00106919161044,0.000586971698795,0.000638450263068,0.000678799813613,0.000418098265072,0.000381133693736,0.000308542657876,0.000605953100603,0.000279328116449,0.000125831502373,0.0000389457127312,0.0000113589921966,0.00000867899143486,0.000007080940577,0.00000593762069911,0.00000546188175576,0.00000629405076324,0.00000416996135755,9.43317331803e-7],"mean":[0.00255663553253,0.00101278186776,0.000203609306482,0.000147942148033,0.000138503106427,0.000191576880752,0.000135937036248,0.000109902663098,0.000149641768076,0.000126986196847,0.000115496142826,0.0000848316994961,0.000155716465088,0.000323024345562,0.000238777924096,0.000123675708892,0.000127709237859,0.0000971411864157,0.0000846440234454,0.0000718756564311,0.0000726881771698,0.0000498187400808,0.000036202967749,0.0000260047072516,0.0000206012555282,0.0000122533911053,0.00000881135110831,0.00000748411275708,0.00000603024955126,0.00000445526620751,0.00000264812274509,0.00000161835941981,0.00000104811408619,8.21984428967e-7,6.40975315491e-7,4.91947048431e-7,4.03862060239e-7,3.25573296323e-7,2.33234871416e-7,5.79914356535e-8],"median":[0.0015968887601,0.000523787282873,0.000118689946248,0.0000807886317489,0.0000619412166998,0.0000839001659187,0.0000589652154304,0.0000343402607541,0.0000363408689736,0.0000381744721381,0.0000358386569133,0.0000355714146281,0.000085003390268,0.000169598206412,0.000154231674969,0.0000753862550482,0.0000750743492972,0.0000597681682848,0.0000505407224409,0.0000462810421595,0.0000420398755523,0.0000301304553432,0.0000204110947379,0.0000128810215756,0.00000988943884295,0.00000587995691603,0.00000403775356972,0.00000324319080391,0.00000247541356657,0.00000185857254564,0.00000121714731449,7.74001136961e-7,5.10795871378e-7,3.95814282683e-7,2.98608796356e-7,2.16501646833e-7,1.76290512854e-7,1.34372967864e-7,9.08843702518e-8,2.80882979098e-8],"min":[1.92163045524e-23,1.69901942981e-23,2.58979343315e-23,9.20383029669e-24,4.76650348204e-24,1.1398311173e-23,1.09551496268e-23,2.71545842315e-24,4.1705119684e-24,5.88787596413e-24,1.50858114977e-23,1.31233164699e-23,1.37590626288e-23,2.17287965588e-23,1.82994257217e-23,1.01875753442e-23,4.80656183881e-24,1.73426478842e-23,2.28843941657e-23,1.32019146261e-23,1.04704166886e-23,2.73615517507e-24,1.15840902827e-23,1.34927889411e-23,9.66270595209e-24,1.01475390756e-23,1.0072198126e-23,9.94409500357e-24,9.31419114847e-24,7.73735601769e-24,1.29727860319e-23,9.84077236879e-24,9.38934750463e-24,1.25459602174e-23,1.28948197532e-23,1.18514959858e-23,1.26996216442e-23,1.11932152262e-23,1.08278984742e-23,1.05578382542e-23],"var":[0.0000103980419226,0.00000221461846195,7.14829724302e-8,5.45362048854e-8,5.62564501649e-8,1.19952105138e-7,5.59369510711e-8,4.61968205911e-8,9.58391765948e-8,6.72168312121e-8,6.12049930737e-8,2.64547725948e-8,1.14098952508e-7,4.51745307828e-7,1.02240612421e-7,2.61721435635e-8,3.55334570656e-8,1.3286503453e-8,1.18603606936e-8,8.27088264543e-9,1.00065378206e-8,3.65330898866e-9,2.08825734482e-9,1.38881495193e-9,9.13849829143e-10,3.82485959571e-10,2.67332489479e-10,2.71885319814e-10,2.70156091942e-10,1.52966098121e-10,2.93072510704e-11,5.0550882924e-12,1.69396961736e-12,1.04766607716e-12,6.66626476242e-13,4.21967121618e-13,3.01676137413e-13,2.1777265863e-13,1.16489053104e-13,6.64889099859e-15]},"melbands_crest":{"dmean":4.62780952454,"dmean2":7.42708873749,"dvar":16.5236434937,"dvar2":39.9668807983,"max":39.939289093,"mean":16.1475315094,"median":15.2757854462,"min":2.01451683044,"var":56.0377006531},"melbands_flatness_db":{"dmean":0.0290170125663,"dmean2":0.0450730696321,"dvar":0.000689289299771,"dvar2":0.00166669813916,"max":0.541287600994,"mean":0.18260037899,"median":0.178051382303,"min":0.00684740487486,"var":0.00310379290022},"melbands_kurtosis":{"dmean":6.69799661636,"dmean2":11.8540477753,"dvar":9226.85742188,"dvar2":27884.7890625,"max":6528.171875,"mean":6.14515113831,"median":0.429816484451,"min":-1.70013737679,"var":6031.11474609},"melbands_skewness":{"dmean":0.740433454514,"dmean2":1.1818048954,"dvar":1.85854148865,"dvar2":5.26498174667,"max":75.6903610229,"mean":1.45860755444,"median":1.14562785625,"min":-2.23700761795,"var":4.17020654678},"melbands_spread":{"dmean":10.5347757339,"dmean2":16.9843959808,"dvar":132.83114624,"dvar2":342.190795898,"max":224.298965454,"mean":40.401184082,"median":38.5778579712,"min":0.13449986279,"var":383.70602417},"mfcc":{"cov":[[13259.53125,914.929870605,-1033.19677734,492.246032715,-98.2358398438,179.484817505,-91.632194519,147.460800171,-55.248500824,123.488929749,-40.6833648682,204.310379028,-38.9423370361],[914.929870605,1522.3737793,-394.295776367,-131.727310181,41.1535377502,19.1632156372,-6.08635854721,-18.2413654327,1.00223624706,-24.137506485,3.021702528,14.985373497,39.6788101196],[-1033.19677734,-394.295776367,402.496704102,-6.56095123291,-2.05783033371,-7.76934242249,2.89618587494,-5.63942193985,25.2298107147,18.365901947,22.1474514008,-7.10055875778,-5.68331241608],[492.246032715,-131.727310181,-6.56095123291,236.03163147,47.491317749,16.6151847839,46.6409912109,29.8073253632,-13.7227430344,8.34215927124,3.71360492706,11.0227193832,-17.8515911102],[-98.2358398438,41.1535377502,-2.05783033371,47.491317749,159.319107056,72.2787628174,52.8107719421,25.8501548767,-20.2762851715,-39.4953956604,-8.40901565552,-5.98496341705,13.705411911],[179.484817505,19.1632156372,-7.76934242249,16.6151847839,72.2787628174,138.08782959,53.0715026855,14.9472093582,-16.9477920532,-36.7835464478,-29.8572158813,6.52923107147,17.0230789185],[-91.632194519,-6.08635854721,2.89618587494,46.6409912109,52.8107719421,53.0715026855,97.6470489502,37.8532066345,3.69775056839,-15.806634903,-11.0788793564,-10.1229248047,-1.03313684464],[147.460800171,-18.2413654327,-5.63942193985,29.8073253632,25.8501548767,14.9472093582,37.8532066345,81.3234405518,30.8767738342,15.5493211746,8.0486869812,-6.72388076782,-13.9446334839],[-55.248500824,1.00223624706,25.2298107147,-13.7227430344,-20.2762851715,-16.9477920532,3.69775056839,30.8767738342,75.1163635254,44.3832206726,17.5838241577,-0.130297079682,-11.5068264008],[123.488929749,-24.137506485,18.365901947,8.34215927124,-39.4953956604,-36.7835464478,-15.806634903,15.5493211746,44.3832206726,74.3364028931,40.4184837341,10.379234314,-11.9646453857],[-40.6833648682,3.021702528,22.1474514008,3.71360492706,-8.40901565552,-29.8572158813,-11.0788793564,8.0486869812,17.5838241577,40.4184837341,59.9555740356,20.7651557922,2.3137178421],[204.310379028,14.985373497,-7.10055875778,11.0227193832,-5.98496341705,6.52923107147,-10.1229248047,-6.72388076782,-0.130297079682,10.379234314,20.7651557922,50.0333023071,26.534412384],[-38.9423370361,39.6788101196,-5.68331241608,-17.8515911102,13.705411911,17.0230789185,-1.03313684464,-13.9446334839,-11.5068264008,-11.9646453857,2.3137178421,26.534412384,53.3842391968]],"icov":[[0.000138959745527,-0.0000535810031579,0.00025881343754,-0.000273860845482,0.000158796989126,-0.000319706159644,0.000388955522794,-0.000384602433769,0.000298549013678,-0.000479266920593,0.000435923866462,-0.000595532008447,0.000279460800812],[-0.0000535810031579,0.00104083295446,0.000979330157861,0.000713651767001,-0.000529881799594,0.000118896423373,-0.000370237685274,0.000706551072653,-0.000787086377386,0.000498920679092,-0.000856510479935,0.000263320107479,-0.000345876382198],[0.00025881343754,0.000979330157861,0.00428465195,0.000010835878129,-0.000173856984475,-0.000920865044463,0.000288939685561,0.000891626637895,-0.00142122479156,-0.0001511083683,-0.00153081759345,0.000105324907054,0.000171223946381],[-0.000273860845482,0.000713651767001,0.000010835878129,0.00710834981874,-0.00281606754288,0.00209758803248,-0.00399400666356,0.00000364286711374,0.00283991149627,-0.00285566854291,0.00158806587569,-0.00400364724919,0.00351899932139],[0.000158796989126,-0.000529881799594,-0.000173856984475,-0.00281606754288,0.0119137521833,-0.00497206393629,-0.000341965729604,-0.00297420704737,0.000192352119484,0.00620852131397,-0.0057962234132,0.00457871938124,-0.00329886912368],[-0.000319706159644,0.000118896423373,-0.000920865044463,0.00209758803248,-0.00497206393629,0.0142477517948,-0.00616270909086,0.0000384219783882,0.000860984844621,0.000136677161208,0.00689465785399,-0.00573253678158,-0.000327510613715],[0.000388955522794,-0.000370237685274,0.000288939685561,-0.00399400666356,-0.000341965729604,-0.00616270909086,0.0194660183042,-0.00686186226085,-0.00176433613524,0.00250536226667,-0.000645156134851,0.00395604269579,-0.0018658041954],[-0.000384602433769,0.000706551072653,0.000891626637895,0.00000364286711374,-0.00297420704737,0.0000384219783882,-0.00686186226085,0.0217247121036,-0.00906075164676,0.000768256490119,-0.0041474881582,0.00282630813308,0.00257783336565],[0.000298549013678,-0.000787086377386,-0.00142122479156,0.00283991149627,0.000192352119484,0.000860984844621,-0.00176433613524,-0.00906075164676,0.0282368734479,-0.0186837743968,0.00751485535875,-0.00391437439248,0.00239513418637],[-0.000479266920593,0.000498920679092,-0.0001511083683,-0.00285566854291,0.00620852131397,0.000136677161208,0.00250536226667,0.000768256490119,-0.0186837743968,0.0417913682759,-0.0228846054524,0.00380996335298,0.00135748647153],[0.000435923866462,-0.000856510479935,-0.00153081759345,0.00158806587569,-0.0057962234132,0.00689465785399,-0.000645156134851,-0.0041474881582,0.00751485535875,-0.0228846054524,0.0398036763072,-0.0177782792598,0.00311867031269],[-0.000595532008447,0.000263320107479,0.000105324907054,-0.00400364724919,0.00457871938124,-0.00573253678158,0.00395604269579,0.00282630813308,-0.00391437439248,0.00380996335298,-0.0177782792598,0.0436402261257,-0.02140093036],[0.000279460800812,-0.000345876382198,0.000171223946381,0.00351899932139,-0.00329886912368,-0.000327510613715,-0.0018658041954,0.00257783336565,0.00239513418637,0.00135748647153,0.00311867031269,-0.02140093036,0.0332992337644]],"mean":[-652.494384766,129.022521973,-43.7305908203,17.4518203735,12.6425466537,20.6336250305,7.90306997299,9.20750999451,0.559059381485,3.51028418541,1.74752807617,12.2288351059,5.49359083176]},"pitch_salience":{"dmean":0.0797180458903,"dmean2":0.125853449106,"dvar":0.00505653116852,"dvar2":0.0119749596342,"max":0.835634052753,"mean":0.567490100861,"median":0.595324218273,"min":0.0164165142924,"var":0.0192533675581},"silence_rate_20dB":{"dmean":0,"dmean2":0,"dvar":0,"dvar2":0,"max":1,"mean":1,"median":1,"min":1,"var":0},"silence_rate_30dB":{"dmean":0.0075528700836,"dmean2":0.0151071660221,"dvar":0.00749467639253,"dvar2":0.0199782531708,"max":1,"mean":0.994996666908,"median":1,"min":0,"var":0.00497871916741},"silence_rate_60dB":{"dmean":0.00264350464568,"dmean2":0.00528750848025,"dvar":0.00263655534945,"dvar2":0.00582585530356,"max":1,"mean":0.0692910403013,"median":0,"min":0,"var":0.0644901022315},"spectral_centroid":{"dmean":213.87651062,"dmean2":322.26965332,"dvar":54996.0234375,"dvar2":98103.484375,"max":11485.8027344,"mean":1849.5357666,"median":1739.59106445,"min":503.436218262,"var":400326.6875},"spectral_complexity":{"dmean":4.39822530746,"dmean2":6.25757741928,"dvar":17.9943904877,"dvar2":30.6523189545,"max":64,"mean":28.2971782684,"median":29,"min":0,"var":147.266937256},"spectral_contrast_coeffs":{"dmean":[0.0472387522459,0.0477126315236,0.0406057536602,0.0272487197071,0.021011736244,0.0225873552263],"dmean2":[0.0787490233779,0.0801574140787,0.0686957016587,0.0465144328773,0.0347379297018,0.0354342386127],"dvar":[0.00135396933183,0.00146586238407,0.00102365238126,0.000453890213976,0.000281774409814,0.000445014884463],"dvar2":[0.00375472428277,0.00411620270461,0.002868125448,0.00132324069273,0.000749141443521,0.00100593839306],"max":[-0.481625080109,-0.485831230879,-0.506205916405,-0.612674355507,-0.664347171783,-0.575801491737],"mean":[-0.761931777,-0.786476492882,-0.79032844305,-0.810315132141,-0.794070959091,-0.74740922451],"median":[-0.766223549843,-0.791792750359,-0.793622374535,-0.810689866543,-0.790268182755,-0.733863472939],"min":[-0.969055831432,-0.970603883266,-0.971934735775,-0.985271036625,-0.976698458195,-0.960181474686],"var":[0.00408394355327,0.00420844834298,0.00328051112592,0.00154510024004,0.00143612793181,0.00281699956395]},"spectral_contrast_valleys":{"dmean":[0.405609071255,0.370427101851,0.30038356781,0.253497034311,0.258010089397,0.375781655312],"dmean2":[0.647805094719,0.595166862011,0.478680759668,0.393006712198,0.364257574081,0.512771546841],"dvar":[0.117404408753,0.102533735335,0.0728094503284,0.0627390891314,0.095773100853,0.14389872551],"dvar2":[0.268262207508,0.233431816101,0.152267694473,0.118783183396,0.153062060475,0.263461172581],"max":[-5.28146362305,-4.81731653214,-4.96502923965,-5.20481204987,-5.24102115631,-8.85947799683],"mean":[-7.35412597656,-6.99967241287,-6.95300483704,-6.82034349442,-7.36415195465,-10.767660141],"median":[-7.03839635849,-6.72406625748,-6.64112997055,-6.46280193329,-7.02060174942,-10.4675760269],"min":[-27.283618927,-27.5927791595,-27.6788368225,-27.3422012329,-27.2163772583,-27.2784996033],"var":[2.60175871849,2.47434425354,2.52575159073,2.63747930527,2.48131966591,1.58103454113]},"spectral_decrease":{"dmean":2.67924038511e-9,"dmean2":3.99185040578e-9,"dvar":1.30695198528e-17,"dvar2":2.73120049752e-17,"max":7.13604286773e-10,"mean":-5.49679679551e-9,"median":-3.94448651519e-9,"min":-4.01060802346e-8,"var":2.77613592625e-17},"spectral_energy":{"dmean":0.0115341180936,"dmean2":0.0166845414788,"dvar":0.000220680230996,"dvar2":0.000437902635895,"max":0.180694460869,"mean":0.0342435501516,"median":0.0280179232359,"min":1.05733957903e-20,"var":0.00061782397097},"spectral_energyband_high":{"dmean":0.000766513054259,"dmean2":0.00104741356336,"dvar":0.00000138479742873,"dvar2":0.00000255251711678,"max":0.0205400772393,"mean":0.00208368827589,"median":0.00139379454777,"min":7.55546609947e-21,"var":0.0000045822721404},"spectral_energyband_low":{"dmean":0.00719054089859,"dmean2":0.0114063695073,"dvar":0.000117959280033,"dvar2":0.000280203908915,"max":0.101851888001,"mean":0.0106001412496,"median":0.00655385665596,"min":1.33362035225e-22,"var":0.000160136187333},"spectral_energyband_middle_high":{"dmean":0.00366350961849,"dmean2":0.00550975464284,"dvar":0.0000256505172729,"dvar2":0.0000590826457483,"max":0.131576091051,"mean":0.0112120294943,"median":0.00836183410138,"min":1.82862229039e-21,"var":0.00011097414972},"spectral_energyband_middle_low":{"dmean":0.00185173808131,"dmean2":0.00294972537085,"dvar":0.00000686046132614,"dvar2":0.0000177529145731,"max":0.049939610064,"mean":0.00440924894065,"median":0.00286546279676,"min":2.81626927748e-22,"var":0.0000223160386668},"spectral_entropy":{"dmean":0.094725087285,"dmean2":0.139772772789,"dvar":0.00879981834441,"dvar2":0.0168381873518,"max":9.79857444763,"mean":7.80540370941,"median":7.81353855133,"min":6.59506082535,"var":0.0773963555694},"spectral_flux":{"dmean":0.022237258032,"dmean2":0.0342152453959,"dvar":0.000613902986515,"dvar2":0.0013830390526,"max":0.337921231985,"mean":0.107777476311,"median":0.104463562369,"min":1.02827017734e-10,"var":0.00236200797372},"spectral_kurtosis":{"dmean":3.58799576759,"dmean2":5.05409097672,"dvar":18.3334636688,"dvar2":35.7038612366,"max":90.3728790283,"mean":21.7254943848,"median":19.9642391205,"min":-1.17607188225,"var":95.6276016235},"spectral_rms":{"dmean":0.000882834079675,"dmean2":0.001248677494,"dvar":9.18278772133e-7,"dvar2":0.0000016590361156,"max":0.0132773220539,"mean":0.00534317502752,"median":0.00522824609652,"min":3.21177654784e-12,"var":0.00000485875352751},"spectral_rolloff":{"dmean":4188.96923828,"dmean2":7797.23828125,"dvar":44238996,"dvar2":98444360,"max":22050,"mean":15854.5517578,"median":20068.9453125,"min":21.533203125,"var":58798176},"spectral_skewness":{"dmean":0.27701485157,"dmean2":0.392548561096,"dvar":0.0888745561242,"dvar2":0.161764532328,"max":7.19937038422,"mean":3.24103331566,"median":3.16522240639,"min":-0.0294576324522,"var":0.67695069313},"spectral_spread":{"dmean":352416.5,"dmean2":511609.875,"dvar":204827344896,"dvar2":328983445504,"max":39671008,"mean":4138693.5,"median":3913999.5,"min":1779113.375,"var":2069548236800},"spectral_strongpeak":{"dmean":1.75830042362,"dmean2":3.23323130608,"dvar":34.2084770203,"dvar2":96.0316162109,"max":79.1830291748,"mean":1.54348909855,"median":0.165600225329,"min":0,"var":28.2626094818},"zerocrossingrate":{"dmean":0.0382080078125,"dmean2":0.0469311997294,"dvar":0.00168635835871,"dvar2":0.0027254561428,"max":0.9990234375,"mean":0.304165422916,"median":0.29052734375,"min":0,"var":0.010388366878}},"metadata":{"audio_properties":{"analysis_sample_rate":44100,"bit_rate":320000,"codec":"mp3","downmix":"mix","equal_loudness":0,"length":245.94392395,"lossless":false,"md5_encoded":"d959fb7abd01120ee62825c023828a61","replay_gain":-4.02751159668,"sample_rate":44100},"tags":{"album":["Power Metal"],"albumartist":["Pantera"],"albumartistsort":["Pantera"],"artist":["Pantera"],"artistsort":["Pantera"],"asin":["B0009OE9AO"],"catalognumber":["MMR-1988"],"date":["1988"],"discnumber":["1/1"],"file_name":"05. Pantera - Proud to Be Loud.mp3","genre":["Thrash Metal"],"label":["Metal Magic Records"],"musicbrainz album release country":["US"],"musicbrainz album status":["official"],"musicbrainz album type":["album"],"musicbrainz_albumartistid":["541f16f5-ad7a-428e-af89-9fa1b16d3c9c"],"musicbrainz_albumid":["8c086d0b-15b4-4eb6-9517-8e1ba86773a2"],"musicbrainz_artistid":["541f16f5-ad7a-428e-af89-9fa1b16d3c9c"],"musicbrainz_recordingid":["26480a26-24b2-436c-bc9a-939b4dc29e42"],"musicip_puid":["99b69253-8999-d9cc-df04-371a5de81bbe"],"title":["Proud to Be Loud"],"tracknumber":["5/10"]},"version":{"essentia":"2.1-beta1","essentia_build_sha":"ca57ba49d9b1854bd80e60cf9ccf267278fb7d6b","essentia_git_sha":"v2.1_beta1-28-g21ef5f4-dirty","extractor":"music 1.0"}},"rhythm":{"beats_count":594,"beats_loudness":{"dmean":0.0222445037216,"dmean2":0.0386707484722,"dvar":0.000366819585906,"dvar2":0.00116420583799,"max":0.159044653177,"mean":0.0499234981835,"median":0.0480875074863,"min":1.53672385927e-9,"var":0.000709070533048},"beats_loudness_band_ratio":{"dmean":[0.24325568974,0.031326007098,0.0602406300604,0.0760217756033,0.0957108214498,0.102980241179],"dmean2":[0.443315774202,0.0574085451663,0.108680851758,0.130735605955,0.182952731848,0.188878759742],"dvar":[0.02684282884,0.00152030575555,0.00508424593136,0.0059142219834,0.00424011703581,0.00679722102359],"dvar2":[0.0889848917723,0.00442805886269,0.0150862820446,0.0177452340722,0.0147059354931,0.0214835572988],"max":[0.905080854893,0.37870824337,0.344054967165,0.598961472511,0.44515427