{"lowlevel":{"average_loudness":0.918002426624,"barkbands":{"dmean":[0.000323812128045,0.00452340533957,0.00213572219945,0.00196400983259,0.00254776864313,0.000791380007286,0.00095063977642,0.000677218195051,0.000769982172642,0.00036703524529,0.000390291621443,0.00056123820832,0.00054212968098,0.000496991095133,0.000438153132563,0.000210128710023,0.000280209991615,0.00017073766503,0.000150620253407,0.000110794957436,0.0000764112410252,0.0000876701378729,0.000124728903756,0.0000500268615724,0.0000364567822544,0.0000181643299584,0.00000646568787488],"dmean2":[0.000510308134835,0.00796070229262,0.00366120226681,0.00346689973958,0.00420955149457,0.00132545537781,0.00154379988089,0.00108864018694,0.0012570010731,0.000585014931858,0.000632669776678,0.000891108997166,0.000866153568495,0.000820313114673,0.000714466965292,0.000352096889401,0.000465453165816,0.000284768728307,0.000245162314968,0.00017855365877,0.000116572002298,0.000132266577566,0.000194329186343,0.0000757803936722,0.0000540593537153,0.0000281803550024,0.00000979686956271],"dvar":[4.88171792767e-7,0.000206026685191,0.0000208365072467,0.0000304779641738,0.0000234527778957,0.00000265782455244,0.00000296602593153,0.00000269864017355,0.00000239063660956,4.56556961126e-7,4.25775596113e-7,7.07568688085e-7,8.32689295294e-7,0.00000182681367278,4.51811814628e-7,1.35562729042e-7,1.70187249182e-7,8.39605078795e-8,5.10409527976e-8,2.7154465343e-8,2.56379415475e-8,3.64582426471e-8,8.32159656738e-8,2.46772877688e-8,7.81262787797e-9,2.47906961626e-9,1.76567635513e-10],"dvar2":[0.00000105618607904,0.000579659594223,0.0000584947883908,0.0000859885549289,0.0000639244681224,0.00000750900289859,0.00000763940533943,0.00000700982764101,0.00000629552323517,0.00000117501861041,0.00000102808689917,0.00000172531724729,0.00000199179362426,0.00000502493594468,0.00000116956459806,3.69346565776e-7,4.37305601508e-7,2.18411088326e-7,1.27162479657e-7,6.65205632799e-8,5.74992746749e-8,7.84983171798e-8,2.0566234582e-7,5.66426336945e-8,1.73534839831e-8,5.63042323876e-9,3.94028809581e-10],"max":[0.0118826217949,0.160369962454,0.0554268732667,0.0921991616488,0.0878997594118,0.0389299057424,0.0398374535143,0.0451401136816,0.0508157834411,0.0301991552114,0.0229326393455,0.0182383526117,0.0244937613606,0.0460508652031,0.0169122722,0.0101940631866,0.0136115020141,0.00673540402204,0.00592553755268,0.00367875746451,0.00648312829435,0.00495600793511,0.00591031229123,0.00779168400913,0.00398304872215,0.00221230252646,0.000258724088781],"mean":[0.000362496182788,0.00566452881321,0.00401497259736,0.00268721650355,0.00438797613606,0.00144289957825,0.00176917714998,0.00126857019495,0.00149486365262,0.00072137528332,0.000756857276428,0.00112280237954,0.00112828274723,0.000868458300829,0.000924008025322,0.00040656409692,0.000623160100076,0.000378255732358,0.000369562912965,0.000273197045317,0.000171225066879,0.0001619697141,0.000175860666786,0.0000858114144648,0.0000598607111897,0.0000257963783952,0.00000851455752127],"median":[0.0000651651644148,0.00283114355989,0.00234929285944,0.00119953940157,0.00277549237944,0.000868303352036,0.000905313063413,0.000590251584072,0.00073348719161,0.000423154619057,0.000387210107874,0.000704239064362,0.000545866787434,0.000406350882258,0.000549970543943,0.000262198795099,0.000449914863566,0.000274734105915,0.000287247123197,0.000209425226785,0.000110888649942,0.0000792425125837,0.0000581609565415,0.0000350540140062,0.0000234698454733,0.00000555038059247,0.00000188388503375],"min":[1.54756651938e-10,3.26838611731e-10,1.70228919849e-9,1.6310038875e-9,1.08936006882e-8,1.07199520372e-8,7.3932993061e-9,3.27959748248e-9,2.5966508943e-9,4.96736651812e-9,2.50624432319e-9,4.70501193561e-9,1.12607756453e-9,1.06541286904e-9,2.46892795097e-9,9.09510189384e-10,8.84913475829e-9,9.3404717294e-10,3.23616106135e-10,3.50211137867e-10,2.13262393856e-10,4.61378962813e-10,2.73629896519e-10,2.2197262084e-10,3.98343941166e-10,5.01817531973e-10,3.25713389593e-9],"var":[7.22695915556e-7,0.000151314627146,0.0000258621676039,0.0000253988873737,0.0000290358984785,0.00000347276022694,0.00000648059858577,0.00000601809006184,0.00000541483314009,8.96774963621e-7,0.00000130087494199,0.00000194517610907,0.00000280490917248,0.00000206433105632,0.00000127769612845,2.45782644015e-7,4.46681781341e-7,1.81916391284e-7,1.3203457172e-7,6.23036982006e-8,4.71618335496e-8,6.21065510131e-8,1.08384696773e-7,4.95379097742e-8,1.5968675271e-8,4.97099161834e-9,2.57077831245e-10]},"barkbands_crest":{"dmean":2.29111266136,"dmean2":3.83403682709,"dvar":6.18765974045,"dvar2":17.0872020721,"max":25.3358726501,"mean":8.29055976868,"median":7.51359462738,"min":2.46824598312,"var":11.878993988},"barkbands_flatness_db":{"dmean":0.0172858182341,"dmean2":0.0274321567267,"dvar":0.000331164628733,"dvar2":0.000893866468687,"max":0.347310036421,"mean":0.103346280754,"median":0.0990932136774,"min":0.0241439919919,"var":0.00127150723711},"barkbands_kurtosis":{"dmean":1.72614848614,"dmean2":2.95313978195,"dvar":15.2809753418,"dvar2":42.5439033508,"max":158.06980896,"mean":1.52097570896,"median":0.446813583374,"min":-1.92191743851,"var":17.6755428314},"barkbands_skewness":{"dmean":0.449608594179,"dmean2":0.735936880112,"dvar":0.297974258661,"dvar2":0.795691013336,"max":11.0962171555,"mean":1.16490733624,"median":1.05931830406,"min":-4.40954637527,"var":0.64717400074},"barkbands_spread":{"dmean":4.88302135468,"dmean2":7.87336778641,"dvar":31.4250144958,"dvar2":79.7616729736,"max":105.994132996,"mean":24.6227149963,"median":23.969619751,"min":0.727000713348,"var":92.1340713501},"dissonance":{"dmean":0.0132539300248,"dmean2":0.0224953535944,"dvar":0.000174961329321,"dvar2":0.000494519539643,"max":0.500000178814,"mean":0.475584894419,"median":0.480296194553,"min":0.277690351009,"var":0.000389097956941},"dynamic_complexity":2.76350235939,"erbbands":{"dmean":[0.108225412667,1.10641372204,2.56676268578,4.33836555481,9.56254959106,7.38728380203,4.98588275909,6.8347287178,11.4934148788,14.7828540802,16.3808269501,18.074848175,11.1314163208,12.6473245621,14.2200698853,24.8462104797,24.4525661469,24.5690059662,24.5601329803,16.2163181305,13.2567806244,13.3178939819,9.32491970062,7.97778749466,6.50680160522,5.17853021622,3.6165368557,2.82805562019,3.18757557869,3.31166553497,3.37214183807,1.24198174477,0.781168103218,0.438270479441,0.250807315111,0.0949940308928,0.0303592644632,0.00763659318909,0.00101979717147,0.0000716841386748],"dmean2":[0.190994828939,1.95188355446,4.44910144806,7.54247283936,16.3110694885,12.0951251984,8.06447219849,11.5681400299,18.8397521973,23.7185268402,26.3272132874,29.6176395416,17.9675312042,20.1459465027,22.8760929108,39.1745872498,39.0972213745,40.421081543,40.1035232544,26.5910434723,22.1574554443,22.123544693,15.4278116226,13.1204147339,10.3590335846,8.34224510193,5.5809135437,4.32076883316,4.86360168457,4.91347265244,5.29873752594,1.85208153725,1.19180679321,0.658874690533,0.372001469135,0.145749807358,0.0473496057093,0.0117532750592,0.00153405673336,0.000109580352728],"dvar":[0.1277808249,11.8019704819,35.6628379822,116.501747131,473.31817627,168.006072998,72.0933609009,256.118896484,479.757751465,819.163818359,1716.06616211,1421.52258301,403.319976807,631.163635254,473.74105835,1462.39367676,1773.51916504,5082.95703125,1739.7722168,797.963928223,571.32409668,321.312774658,254.368743896,145.496871948,100.65171814,57.3927650452,41.7971611023,46.7651290894,51.9980697632,47.4569206238,70.651222229,16.9010677338,5.40604114532,1.46920013428,0.278854012489,0.0727159380913,0.00647752452642,0.000295271456707,0.00000452253107142,2.16582574097e-8],"dvar2":[0.357016563416,33.2437286377,101.153488159,320.957763672,1329.97546387,451.166290283,190.50718689,720.438598633,1204.98474121,2129.54101562,4506.07177734,3819.44897461,1004.34429932,1680.86364746,1140.81896973,3473.85742188,4210.45019531,13932.1298828,4624.27539062,2015.62402344,1520.53308105,842.769226074,657.73614502,371.777923584,246.234039307,141.795578003,97.6649475098,102.92993927,114.512969971,103.219772339,179.742080688,40.9914512634,12.0354290009,3.19054913521,0.638859033585,0.163341164589,0.0152727365494,0.00068332219962,0.0000100733213912,5.0372086946e-8],"max":[4.21194267273,38.0614509583,77.6000823975,171.156112671,297.629364014,243.902648926,204.294952393,420.325134277,595.344909668,1021.83197021,1216.73352051,1099.54992676,887.423583984,1462.29797363,750.552307129,916.682067871,1285.29321289,2536.72558594,1030.84777832,578.735229492,571.306640625,451.540557861,369.194763184,319.749328613,243.875473022,190.305953979,221.521179199,239.376602173,207.48059082,119.608695984,187.026107788,253.608001709,122.224006653,60.5623168945,17.0326881409,12.8960094452,3.24762058258,0.680286228657,0.0431129820645,0.00229546520859],"mean":[0.112024627626,1.4647551775,4.91378736496,6.95040225983,14.0895614624,13.3311824799,10.0830049515,11.849571228,20.0585460663,28.5475063324,32.5218429565,35.1822776794,23.1266746521,27.4747276306,31.9431838989,53.2825698853,54.2569656372,46.9224891663,49.1968078613,35.5117835999,28.8322620392,31.7374362946,22.3433685303,20.8117542267,15.9915838242,12.9535360336,8.61265945435,5.82113361359,6.03098678589,5.34339809418,4.70112657547,2.03316831589,1.32658243179,0.736660301685,0.393673062325,0.141202330589,0.0420914962888,0.0104567026719,0.0013611203758,0.000113366739242],"median":[0.0365535654128,0.844121336937,3.00680923462,4.38535022736,7.84565162659,8.07936286926,6.88893318176,6.62046432495,10.1346893311,14.5355529785,15.9888792038,17.2457027435,14.4680089951,17.5883560181,20.8968467712,33.7494049072,29.0167999268,22.8570728302,30.2433738708,20.4111633301,19.6203117371,24.45129776,16.3059387207,17.0387763977,11.9795131683,9.85612392426,5.97289276123,3.59122347832,2.99131917953,2.12137031555,1.6135931015,0.812725782394,0.52479159832,0.297959089279,0.147395133972,0.034602638334,0.00882349908352,0.00239238189533,0.000313134078169,0.0000531012883584],"min":[1.73815450921e-8,4.50102959348e-7,0.00000192451966541,0.00000822035599413,0.0000314751523547,0.0000352865135937,0.0000897638237802,0.0000820232016849,0.0000916974968277,0.0000973810747382,0.00012212798174,0.0000726918369764,0.000187870609807,0.000106998726551,0.000127984472783,0.000208434430533,0.0000523696144228,0.0000332123236149,0.000112872025056,0.00010000403563,0.0000903710897546,0.000526487943716,0.000284570909571,0.0000385789244319,0.0000134531501317,0.0000148039907799,0.0000109095954031,0.00000886229008756,0.0000185354238056,0.0000116408600661,0.00000673247677696,0.00000423643268732,0.00000438651704826,0.0000040970048758,0.00000328486316903,0.00000213106545743,0.0000023430152396,0.00000574367777517,3.88630695625e-7,1.08196417159e-7],"var":[0.0978587120771,8.5297794342,38.2520980835,106.978179932,444.834991455,261.667144775,136.567153931,299.071289062,877.191101074,1958.328125,3809.75634766,3104.11889648,934.149353027,1153.9786377,1448.71569824,4355.81738281,6368.03662109,5867.36376953,3873.11303711,2224.64746094,1166.31506348,886.733093262,590.155517578,370.724700928,250.034759521,140.177810669,90.0857772827,73.798576355,86.8659439087,78.145362854,86.3421707153,29.1165904999,11.6817407608,3.12077879906,0.515690505505,0.157757773995,0.0115852020681,0.000446567020845,0.00000668358870826,2.7609074138e-8]},"erbbands_crest":{"dmean":2.26518940926,"dmean2":3.70356202126,"dvar":4.90100193024,"dvar2":12.7553319931,"max":30.9259300232,"mean":8.18976783752,"median":7.11890172958,"min":2.21865272522,"var":16.5627231598},"erbbands_flatness_db":{"dmean":0.0156138390303,"dmean2":0.0218828637153,"dvar":0.000232781778323,"dvar2":0.000464297132567,"max":0.40420755744,"mean":0.144976481795,"median":0.140655517578,"min":0.0527864359319,"var":0.00148200627882},"erbbands_kurtosis":{"dmean":0.623564362526,"dmean2":1.00070714951,"dvar":1.81862747669,"dvar2":4.38701534271,"max":75.9516448975,"mean":0.205974474549,"median":-0.156961798668,"min":-1.89591622353,"var":5.06808948517},"erbbands_skewness":{"dmean":0.257929772139,"dmean2":0.413208693266,"dvar":0.0647540763021,"dvar2":0.158770605922,"max":7.30292367935,"mean":0.0437584519386,"median":-0.0177131276578,"min":-4.10087347031,"var":0.336025089025},"erbbands_spread":{"dmean":7.00319957733,"dmean2":10.8923206329,"dvar":60.555267334,"dvar2":143.290557861,"max":111.806556702,"mean":35.5137634277,"median":33.4067382812,"min":1.81294202805,"var":184.025085449},"gfcc":{"cov":[[6217.46972656,-631.694519043,407.89352417,171.012084961,330.791015625,307.620422363,0.689530313015,117.155471802,-203.526809692,161.43901062,-135.471847534,102.402526855,-96.2623138428],[-631.694519043,831.377929688,-217.098129272,19.7732219696,89.8332443237,-79.667175293,73.0377426147,-2.20431256294,47.7110671997,-28.1657047272,73.2635955811,-92.7244033813,54.9297103882],[407.89352417,-217.098129272,457.83996582,78.9394760132,31.7066555023,88.8521652222,-2.99836921692,15.7098751068,-16.9254570007,-1.90893149376,-36.4836616516,49.2333946228,-42.0716972351],[171.012084961,19.7732219696,78.9394760132,212.888305664,64.2072219849,49.8793334961,22.3934841156,-0.61557072401,5.36195707321,-21.8005199432,-7.69178581238,-6.25662231445,5.73540210724],[330.791015625,89.8332443237,31.7066555023,64.2072219849,223.081802368,37.831653595,67.392829895,12.5234041214,-17.4434528351,18.4595813751,-6.18588638306,7.3568315506,3.72245192528],[307.620422363,-79.667175293,88.8521652222,49.8793334961,37.831653595,133.303497314,24.9176368713,6.01160287857,-5.02790689468,13.6865787506,8.68836688995,27.2268161774,-5.37771034241],[0.689530313015,73.0377426147,-2.99836921692,22.3934841156,67.392829895,24.9176368713,125.766662598,49.5314064026,31.3558769226,11.136382103,3.04569458961,2.32670879364,-0.671527028084],[117.155471802,-2.20431256294,15.7098751068,-0.61557072401,12.5234041214,6.01160287857,49.5314064026,115.695716858,60.792263031,30.6951580048,-8.07020950317,-7.15306472778,-0.0225561019033],[-203.526809692,47.7110671997,-16.9254570007,5.36195707321,-17.4434528351,-5.02790689468,31.3558769226,60.792263031,120.88180542,35.8646469116,12.3277797699,-16.6586227417,2.20341873169],[161.43901062,-28.1657047272,-1.90893149376,-21.8005199432,18.4595813751,13.6865787506,11.136382103,30.6951580048,35.8646469116,79.0606460571,24.2053909302,8.88297653198,-4.24746751785],[-135.471847534,73.2635955811,-36.4836616516,-7.69178581238,-6.18588638306,8.68836688995,3.04569458961,-8.07020950317,12.3277797699,24.2053909302,74.362121582,19.2900714874,14.8388767242],[102.402526855,-92.7244033813,49.2333946228,-6.25662231445,7.3568315506,27.2268161774,2.32670879364,-7.15306472778,-16.6586227417,8.88297653198,19.2900714874,74.8005218506,11.4636631012],[-96.2623138428,54.9297103882,-42.0716972351,5.73540210724,3.72245192528,-5.37771034241,-0.671527028084,-0.0225561019033,2.20341873169,-4.24746751785,14.8388767242,11.4636631012,53.5305328369]],"icov":[[0.000272678298643,0.00000828389511298,0.0000320214057865,-0.000202009177883,-0.000201215676498,-0.000415318296291,0.000301206950098,-0.000519701454323,0.000750806822907,-0.000809208780993,0.000584032211918,-0.000221615147893,0.000294938596198],[0.00000828389511298,0.00260628340766,0.00013566754933,0.000267647934379,-0.00145128462464,0.00109658809379,-0.00115490495227,0.000439048249973,-0.000767161604017,0.00209643016569,-0.00376882450655,0.00382680469193,-0.0019616400823],[0.0000320214057865,0.00013566754933,0.00338841415942,-0.00107573461719,-0.000207676785067,-0.00140434072819,0.00095234264154,-0.000939344929066,0.0000155435627676,0.000257007020991,0.00152977264952,-0.00262514990754,0.00273949722759],[-0.000202009177883,0.000267647934379,-0.00107573461719,0.00672488473356,-0.00188078684732,-0.00160549033899,-0.000246627721936,0.00104387558531,-0.00229382026009,0.00376835628413,-0.00139865244273,0.00246199942194,-0.00198315363377],[-0.000201215676498,-0.00145128462464,-0.000207676785067,-0.00188078684732,0.0077227987349,-0.000503335497342,-0.00347797619179,0.000701351789758,0.0026197496336,-0.00410306593403,0.00308681256138,-0.00160780805163,-0.000410025269957],[-0.000415318296291,0.00109658809379,-0.00140434072819,-0.00160549033899,-0.000503335497342,0.0114871170372,-0.00264750909992,0.00113817502279,-0.000443984870799,0.000139761934406,-0.00362429092638,-0.000319845392369,-0.000545013754163],[0.000301206950098,-0.00115490495227,0.00095234264154,-0.000246627721936,-0.00347797619179,-0.00264750909992,0.0135073168203,-0.00555971218273,-0.00119450304192,0.0012339996174,0.00100189284422,-0.00330214155838,0.003221150022],[-0.000519701454323,0.000439048249973,-0.000939344929066,0.00104387558531,0.000701351789758,0.00113817502279,-0.00555971218273,0.0160761214793,-0.00698203453794,-0.00221195537597,0.00219606235623,0.00180734670721,-0.00311651988886],[0.000750806822907,-0.000767161604017,0.0000155435627676,-0.00229382026009,0.0026197496336,-0.000443984870799,-0.00119450304192,-0.00698203453794,0.0166245792061,-0.00805922783911,0.00088484439766,0.00148332922254,0.000263932510279],[-0.000809208780993,0.00209643016569,0.000257007020991,0.00376835628413,-0.00410306593403,0.000139761934406,0.0012339996174,-0.00221195537597,-0.00805922783911,0.0246471557766,-0.0111416578293,0.00188018253539,0.00147901871242],[0.000584032211918,-0.00376882450655,0.00152977264952,-0.00139865244273,0.00308681256138,-0.00362429092638,0.00100189284422,0.00219606235623,0.00088484439766,-0.0111416578293,0.0259554684162,-0.0105510568246,-0.000151420623297],[-0.000221615147893,0.00382680469193,-0.00262514990754,0.00246199942194,-0.00160780805163,-0.000319845392369,-0.00330214155838,0.00180734670721,0.00148332922254,0.00188018253539,-0.0105510568246,0.0251037124544,-0.00897641573101],[0.000294938596198,-0.0019616400823,0.00273949722759,-0.00198315363377,-0.000410025269957,-0.000545013754163,0.003221150022,-0.00311651988886,0.000263932510279,0.00147901871242,-0.000151420623297,-0.00897641573101,0.0256734136492]],"mean":[24.487487793,93.0702056885,-125.247161865,29.2810096741,-50.8638839722,12.5776281357,-34.5411262512,3.37614607811,-22.2034606934,-1.41618454456,-14.3824672699,-4.92642593384,-15.3866119385]},"hfc":{"dmean":5.62363195419,"dmean2":8.34447479248,"dvar":67.8957443237,"dvar2":148.386642456,"max":159.412872314,"mean":23.3064975739,"median":20.9806594849,"min":0.00050686969189,"var":259.87677002},"melbands":{"dmean":[0.00111424247734,0.00138258817606,0.000862832879648,0.000672207854223,0.000172562809894,0.000152842578245,0.000178822825546,0.000152589782374,0.000137259805342,0.00011035182979,0.0000565885238757,0.0000529616081621,0.0000547867784917,0.0000596697391302,0.0000655726180412,0.0000464921904495,0.0000493744664709,0.0000424996687798,0.0000256190560322,0.0000160547024279,0.0000186134184332,0.0000159317551152,0.0000126524437292,0.00000894870026968,0.00000706369473846,0.00000615859880781,0.00000443760745839,0.00000365438177141,0.00000256054568126,0.00000205199694392,0.00000176624871528,0.00000182759322342,0.00000193836240214,0.00000228085491472,0.00000258276759268,9.81532252808e-7,7.06566936515e-7,6.04940453286e-7,4.53057623417e-7,3.73755568717e-7],"dmean2":[0.00195687729865,0.00241578067653,0.00150304532144,0.00111945474055,0.000278125866316,0.000257842038991,0.000292793032713,0.000244232418481,0.000221260139369,0.000180825198186,0.0000912501127459,0.000084236919065,0.0000882326130522,0.0000939564051805,0.000105139879452,0.0000747747690184,0.0000815045495983,0.0000697829236742,0.0000417723240389,0.000026488363801,0.0000312152587867,0.0000267114810413,0.0000210482157854,0.0000150063860929,0.0000117317331387,0.0000100830256997,0.00000716666545486,0.00000597365669819,0.00000402644127462,0.00000323128278978,0.00000277568210549,0.00000286885961032,0.00000294855249194,0.00000351610924554,0.00000418364061261,0.00000145707383581,0.00000109806489945,9.53331777964e-7,6.94710479365e-7,5.71891007439e-7],"dvar":[0.0000132085106088,0.0000126999429995,0.00000460245109934,0.00000174215324478,7.68702363985e-8,1.17806692401e-7,1.12265816199e-7,8.22033925374e-8,1.03427233e-7,4.99420842459e-8,1.03081303493e-8,1.12881215486e-8,8.18135248437e-9,9.34200183877e-9,1.00639541145e-8,5.52521361996e-9,2.3606450128e-8,5.23376231243e-9,1.41143530197e-9,7.41272987437e-10,1.33396926838e-9,4.93207807928e-10,4.63161037301e-10,2.18597931423e-10,1.14604645218e-10,8.89293708117e-11,5.2951695112e-11,2.97307421737e-11,1.82378695479e-11,1.68954867458e-11,2.08738321766e-11,2.00620318969e-11,1.59600353766e-11,2.47122235869e-11,4.57103001283e-11,9.32250891067e-12,5.27954416296e-12,3.26047370526e-12,2.96282443024e-12,9.40964537191e-13],"dvar2":[0.0000369264453184,0.0000360049707524,0.0000128849214889,0.00000480588141727,2.00132333816e-7,3.32094515443e-7,2.83949646018e-7,2.12291041635e-7,2.71425420806e-7,1.34630539605e-7,2.56665551035e-8,3.00275075915e-8,1.95085423371e-8,2.27784280327e-8,2.51269547391e-8,1.32290134403e-8,6.49666702657e-8,1.39851525915e-8,3.59943563844e-9,1.91111104719e-9,3.55227536275e-9,1.32528399366e-9,1.1799446975e-9,5.84430670525e-10,2.97322805265e-10,2.25618551619e-10,1.30895308481e-10,7.55120688201e-11,4.32972373232e-11,4.12924902604e-11,4.75986229598e-11,4.64494137598e-11,3.54182724815e-11,5.80292099095e-11,1.19910262275e-10,2.23139475647e-11,1.31379776849e-11,7.81631443597e-12,6.62193910816e-12,2.08275259019e-12],"max":[0.0417876429856,0.0438179075718,0.0324319377542,0.0236853081733,0.0061572752893,0.00873639434576,0.00913609657437,0.0107857817784,0.00944477878511,0.00596204539761,0.00430888263509,0.00608580419794,0.00350678479299,0.00207005999982,0.00234828772955,0.00250297924504,0.00563840381801,0.00197870819829,0.000738212780561,0.000647318782285,0.000893948308658,0.000552137382329,0.000507491349708,0.000397629628424,0.000283908477286,0.00027477851836,0.000201653267141,0.000141685726703,0.000154832814587,0.000155705638463,0.00013231705816,0.000112078036182,0.000109064247226,0.0000836175313452,0.000161757823662,0.000174083455931,0.000126130296849,0.0000891357922228,0.000114130096335,0.0000591404095758],"mean":[0.00131164107006,0.00240280665457,0.00139920250513,0.00110265763942,0.00036839133827,0.000272130710073,0.00032002889202,0.000296436832286,0.000267557974439,0.000211592720007,0.00011219910084,0.000110084118205,0.000110259628855,0.00012232674635,0.000139618146932,0.0000979931137408,0.0000864356916281,0.0000790388439782,0.0000555118022021,0.0000331294941134,0.0000359168880095,0.0000351577800757,0.0000244807033596,0.0000187043933693,0.0000165652400028,0.0000139445828609,0.00000939722667681,0.00000837830611999,0.00000565723303225,0.0000041282901293,0.00000314642579724,0.00000324474603985,0.00000333446405421,0.00000321407651427,0.00000332472700393,0.00000154148494858,0.0000010862822819,9.45625060922e-7,7.80451500759e-7,5.85829411648e-7],"median":[0.000566711707506,0.00171232374851,0.00092833826784,0.000669307250064,0.000268172560027,0.000154752546223,0.000166462064954,0.00015419369447,0.000130015818286,0.00010242134158,0.0000683996986481,0.0000678221695125,0.0000604711094638,0.000072427559644,0.0000802252325229,0.000052285467973,0.0000375523559342,0.0000454129403806,0.0000344513900927,0.0000188676385733,0.0000223793504119,0.0000267210853053,0.0000158019902301,0.0000133836356326,0.0000134028723551,0.0000100947654573,0.00000680647463014,0.00000621795152256,0.00000388431817555,0.0000025443987397,0.00000176362550519,0.00000158808302331,0.00000150148719058,0.00000100757574728,0.0000010049282082,5.7012164234e-7,4.23271842465e-7,3.72850252006e-7,2.59624641785e-7,2.3970676466e-7],"min":[1.54742857417e-10,1.08814790512e-9,1.58648960635e-9,2.48390619184e-9,3.55810825248e-9,2.00262251226e-9,1.51878143395e-9,7.39553751572e-10,7.75893127525e-10,4.35892433259e-10,8.68240146445e-10,3.87321036355e-10,3.74897335398e-10,5.79678804957e-10,3.07382008735e-10,6.45293610213e-11,5.85036810663e-11,1.71821210038e-10,1.96879457182e-10,6.36954586297e-11,6.0612258268e-11,5.83425974199e-10,3.09325176584e-10,4.57417055622e-11,1.98851751038e-11,1.1120198512e-11,9.332036012e-12,1.01659436078e-11,6.90402639572e-12,5.81323530979e-12,3.03792169372e-12,5.27377490636e-12,8.0356181778e-12,5.98355306275e-12,3.4558456357e-12,2.31754242533e-12,2.4423540447e-12,2.84119776317e-12,3.24004646897e-12,2.79305615095e-12],"var":[0.0000099456656244,0.0000108689100671,0.00000396271570935,0.00000204134744308,1.49868156996e-7,1.43813537079e-7,2.1070913192e-7,1.91628373614e-7,2.33640477632e-7,1.10641970252e-7,2.35103367885e-8,2.03278922584e-8,2.59840255978e-8,2.64144706108e-8,3.14824859515e-8,1.76861032486e-8,2.49230538429e-8,1.0589203292e-8,4.13390477405e-9,1.96711158473e-9,2.46250086988e-9,1.21443877177e-9,9.68248481392e-10,4.55214949069e-10,2.54315929427e-10,2.23460611126e-10,9.711336596e-11,6.550995163e-11,3.84750807603e-11,2.89975769091e-11,2.86114725662e-11,2.87564277945e-11,2.72892645981e-11,3.52192337794e-11,4.78040766694e-11,1.59670159039e-11,8.53142816809e-12,5.72919229419e-12,5.91358949656e-12,1.87853964155e-12]},"melbands_crest":{"dmean":2.92578697205,"dmean2":4.86009883881,"dvar":7.75933742523,"dvar2":21.3345851898,"max":32.3839302063,"mean":13.3890104294,"median":12.6904506683,"min":2.63573408127,"var":23.3124332428},"melbands_flatness_db":{"dmean":0.0216758809984,"dmean2":0.0346174500883,"dvar":0.000564436195418,"dvar2":0.00152183952741,"max":0.429306864738,"mean":0.171901956201,"median":0.169237077236,"min":0.0288793165237,"var":0.00197001989},"melbands_kurtosis":{"dmean":4.96815633774,"dmean2":8.47635173798,"dvar":115.000213623,"dvar2":319.562652588,"max":401.479766846,"mean":7.42922353745,"median":4.56603860855,"min":-1.82803142071,"var":112.556747437},"melbands_skewness":{"dmean":0.63393163681,"dmean2":1.03498351574,"dvar":0.672262847424,"dvar2":1.79325973988,"max":16.4852561951,"mean":2.19746875763,"median":2.02815389633,"min":-2.25671601295,"var":1.3562104702},"melbands_spread":{"dmean":6.54750537872,"dmean2":10.61170578,"dvar":61.472076416,"dvar2":151.865921021,"max":244.255783081,"mean":26.4675312042,"median":24.9068832397,"min":0.818691194057,"var":205.352294922},"mfcc":{"cov":[[5681.02246094,-282.03125,-59.9989471436,112.924293518,227.508987427,225.324142456,228.196746826,55.8781280518,59.5116081238,38.4548377991,-22.373249054,9.33355236053,-7.44073867798],[-282.03125,646.079833984,-183.72744751,53.394695282,-4.51961421967,-39.3301849365,41.4653091431,-17.395822525,11.8613929749,30.5413036346,23.1106910706,21.6213912964,-5.68486738205],[-59.9989471436,-183.72744751,389.984649658,0.93069922924,38.2475128174,35.3214111328,-22.1889038086,43.0938491821,-11.5701541901,-8.68682098389,-13.1732025146,1.21385622025,11.8760623932],[112.924293518,53.394695282,0.93069922924,182.382385254,54.1851425171,33.507194519,33.661315918,33.2223548889,28.967792511,21.099363327,-5.82827377319,-3.20154333115,-6.44277191162],[227.508987427,-4.51961421967,38.2475128174,54.1851425171,118.985244751,57.0981178284,31.0418338776,10.2249317169,5.56233978271,9.4775094986,-14.1761341095,-0.00982978381217,-0.956174910069],[225.324142456,-39.3301849365,35.3214111328,33.507194519,57.0981178284,136.096237183,55.1549491882,27.3449230194,-14.5377893448,-6.4115228653,-10.2711629868,-6.45972394943,8.9663143158],[228.196746826,41.4653091431,-22.1889038086,33.661315918,31.0418338776,55.1549491882,113.546012878,30.5176563263,7.59444618225,-6.99342823029,-8.84405612946,14.3271512985,-1.52101969719],[55.8781280518,-17.395822525,43.0938491821,33.2223548889,10.2249317169,27.3449230194,30.5176563263,88.0091400146,34.4315719604,10.4185466766,5.92797231674,0.875796973705,18.4968471527],[59.5116081238,11.8613929749,-11.5701541901,28.967792511,5.56233978271,-14.5377893448,7.59444618225,34.4315719604,103.773468018,42.3054275513,33.9996337891,8.32978057861,5.82309436798],[38.4548377991,30.5413036346,-8.68682098389,21.099363327,9.4775094986,-6.4115228653,-6.99342823029,10.4185466766,42.3054275513,90.3937301636,40.2399749756,7.30511045456,-2.41303753853],[-22.373249054,23.1106910706,-13.1732025146,-5.82827377319,-14.1761341095,-10.2711629868,-8.84405612946,5.92797231674,33.9996337891,40.2399749756,94.5844497681,26.3874835968,14.176156044],[9.33355236053,21.6213912964,1.21385622025,-3.20154333115,-0.00982978381217,-6.45972394943,14.3271512985,0.875796973705,8.32978057861,7.30511045456,26.3874835968,67.0145111084,15.2156047821],[-7.44073867798,-5.68486738205,11.8760623932,-6.44277191162,-0.956174910069,8.9663143158,-1.52101969719,18.4968471527,5.82309436798,-2.41303753853,14.176156044,15.2156047821,68.7639465332]],"icov":[[0.000215512496652,0.000146530277561,0.000107454266981,0.00000958756118052,-0.000293285527732,-0.000104804959847,-0.000357306736987,0.0000731233158149,-0.0000878306163941,-0.000112079505925,0.0000157620506798,0.00000360736839866,-7.54242876155e-7],[0.000146530277561,0.00207446585409,0.000860217318404,-0.000611384108197,-0.000324296473991,0.000831854064018,-0.00114892481361,0.000259184773313,0.000457018817542,-0.000643728242721,-0.000264985079411,-0.000254222337389,-0.000177011665073],[0.000107454266981,0.000860217318404,0.00350609072484,0.000165378238307,-0.0013776976848,-0.000338083511451,0.00133459840436,-0.00226020393893,0.000831891898997,0.0000285649202851,0.000239215412876,-0.000890389608685,0.000233389000641],[0.00000958756118052,-0.000611384108197,0.000165378238307,0.00734764477238,-0.00270046852529,-0.000520364614204,-0.000310650124447,-0.00211580540054,-0.0011786497198,-0.000837002007756,0.000818751053885,0.000265353301074,0.00104585522786],[-0.000293285527732,-0.000324296473991,-0.0013776976848,-0.00270046852529,0.0131738577038,-0.00442765560001,-0.000609583512414,0.00248835305683,-0.00131808291189,-0.00168445508461,0.00239004497416,-0.000821527908556,-0.000254366954323],[-0.000104804959847,0.000831854064018,-0.000338083511451,-0.000520364614204,-0.00442765560001,0.0128864403814,-0.00527458358556,-0.00201254128478,0.00367745757103,-0.000193578205653,-0.00167380052153,0.00276255258359,-0.0018345376011],[-0.000357306736987,-0.00114892481361,0.00133459840436,-0.000310650124447,-0.000609583512414,-0.00527458358556,0.0152511755005,-0.00464809685946,-0.000977368443273,0.0023028429132,0.00170221261214,-0.00474814791232,0.00273697357625],[0.0000731233158149,0.000259184773313,-0.00226020393893,-0.00211580540054,0.00248835305683,-0.00201254128478,-0.00464809685946,0.0184676982462,-0.00578470341861,-0.000540692184586,0.00050753809046,0.00203554797918,-0.00463612610474],[-0.0000878306163941,0.000457018817542,0.000831891898997,-0.0011786497198,-0.00131808291189,0.00367745757103,-0.000977368443273,-0.00578470341861,0.0155816832557,-0.00460469722748,-0.00334095326252,0.000325094093569,-0.000053512500017],[-0.000112079505925,-0.000643728242721,0.0000285649202851,-0.000837002007756,-0.00168445508461,-0.000193578205653,0.0023028429132,-0.000540692184586,-0.00460469722748,0.0166949797422,-0.00577267166227,0.000211775608477,0.00216850126162],[0.0000157620506798,-0.000264985079411,0.000239215412876,0.000818751053885,0.00239004497416,-0.00167380052153,0.00170221261214,0.00050753809046,-0.00334095326252,-0.00577267166227,0.0164898075163,-0.00541863637045,-0.00195232988335],[0.00000360736839866,-0.000254222337389,-0.000890389608685,0.000265353301074,-0.000821527908556,0.00276255258359,-0.00474814791232,0.00203554797918,0.000325094093569,0.000211775608477,-0.00541863637045,0.0192731656134,-0.00403383746743],[-7.54242876155e-7,-0.000177011665073,0.000233389000641,0.00104585522786,-0.000254366954323,-0.0018345376011,0.00273697357625,-0.00463612610474,-0.000053512500017,0.00216850126162,-0.00195232988335,-0.00403383746743,0.0175044517964]],"mean":[-615.310668945,123.860847473,-11.9575490952,20.7892417908,3.91835951805,8.23420238495,0.291491389275,4.0883564949,-4.2036190033,1.8942220211,1.4593167305,-0.366994172335,-0.0690354704857]},"pitch_salience":{"dmean":0.063601270318,"dmean2":0.106198586524,"dvar":0.00392910744995,"dvar2":0.0110761402175,"max":0.850190758705,"mean":0.581884622574,"median":0.591547548771,"min":0.102187983692,"var":0.00866608321667},"silence_rate_20dB":{"dmean":0,"dmean2":0,"dvar":0,"dvar2":0,"max":1,"mean":1,"median":1,"min":1,"var":0},"silence_rate_30dB":{"dmean":0.00533134303987,"dmean2":0.0106632541865,"dvar":0.00530339125544,"dvar2":0.0151352528483,"max":1,"mean":0.996961295605,"median":1,"min":0,"var":0.0030291727744},"silence_rate_60dB":{"dmean":0.00906328298151,"dmean2":0.0181275326759,"dvar":0.00898242834955,"dvar2":0.0196184851229,"max":1,"mean":0.0713828802109,"median":0,"min":0,"var":0.0662592798471},"spectral_centroid":{"dmean":212.027450562,"dmean2":340.811126709,"dvar":51344.3203125,"dvar2":122702.757812,"max":6317.43505859,"mean":1405.11083984,"median":1392.57128906,"min":259.91986084,"var":204519.953125},"spectral_complexity":{"dmean":3.44170165062,"dmean2":5.35748577118,"dvar":10.3940858841,"dvar2":22.1917381287,"max":59,"mean":26.2975273132,"median":28,"min":0,"var":111.462013245},"spectral_contrast_coeffs":{"dmean":[0.0488468855619,0.0437292419374,0.0349792316556,0.0281926188618,0.0194247998297,0.016628459096],"dmean2":[0.081283248961,0.0729599371552,0.0583207122982,0.0465970188379,0.0325707159936,0.0262389015406],"dvar":[0.00175456982106,0.00120608136058,0.000752626394387,0.000495533808134,0.000233870508964,0.000210782891372],"dvar2":[0.0047002970241,0.00336892902851,0.00210534990765,0.00133245834149,0.000635969918221,0.00049857783597],"max":[-0.320597708225,-0.493339210749,-0.504311025143,-0.558459222317,-0.660233020782,-0.591634750366],"mean":[-0.624339580536,-0.749308526516,-0.774501442909,-0.77654248476,-0.793460130692,-0.74887996912],"median":[-0.629142522812,-0.754408955574,-0.779563307762,-0.778223872185,-0.795283913612,-0.746841430664],"min":[-0.925700485706,-0.931306362152,-0.936746954918,-0.921790838242,-0.911979496479,-0.900195598602],"var":[0.00579831888899,0.0035585896112,0.0027869460173,0.00185767665971,0.000747836544178,0.000981188728474]},"spectral_contrast_valleys":{"dmean":[0.377264142036,0.309573888779,0.262553930283,0.222979456186,0.188688084483,0.324265748262],"dmean2":[0.627601206303,0.519579172134,0.43835029006,0.364154607058,0.281656086445,0.412142843008],"dvar":[0.0980665683746,0.0620803907514,0.0450646281242,0.0344022363424,0.032967928797,0.133789688349],"dvar2":[0.264458954334,0.171272531152,0.123355723917,0.0869906693697,0.0663091167808,0.240794241428],"max":[-5.10636949539,-4.79603385925,-4.88596582413,-5.52605104446,-5.62817192078,-7.5015912056],"mean":[-7.12666988373,-6.41682577133,-6.87241029739,-7.18632698059,-7.14618492126,-10.131401062],"median":[-6.87577342987,-6.28345632553,-6.69255924225,-6.98645305634,-6.91580247879,-9.97758102417],"min":[-14.0296878815,-11.91929245,-12.1693992615,-13.2952213287,-13.4711751938,-15.6260023117],"var":[0.978274583817,0.536721348763,0.5905200243,0.65497982502,0.705148339272,1.0272371769]},"spectral_decrease":{"dmean":2.72627387332e-9,"dmean2":4.59770133077e-9,"dvar":2.58259650786e-17,"dvar2":7.08259899911e-17,"max":-7.56560612769e-14,"mean":-7.74744979282e-9,"median":-6.99270596982e-9,"min":-5.01051573565e-8,"var":3.23905531379e-17},"spectral_energy":{"dmean":0.010656026192,"dmean2":0.0178732760251,"dvar":0.000380949553801,"dvar2":0.00103913294151,"max":0.191192910075,"mean":0.0313545465469,"median":0.0285377018154,"min":3.3210943684e-7,"var":0.000503959134221},"spectral_energyband_high":{"dmean":0.000370610738173,"dmean2":0.000531092577148,"dvar":5.52580502244e-7,"dvar2":0.00000116882415568,"max":0.0169122181833,"mean":0.00082226190716,"median":0.000481855357066,"min":1.47962904151e-8,"var":0.00000114337603918},"spectral_energyband_low":{"dmean":0.00684222346172,"dmean2":0.0118812927976,"dvar":0.000303868117044,"dvar2":0.000850189418998,"max":0.183033496141,"mean":0.0113720381632,"median":0.00867848284543,"min":1.16940510608e-8,"var":0.00025406468194},"spectral_energyband_middle_high":{"dmean":0.00180269347038,"dmean2":0.00282204849645,"dvar":0.00000597746338826,"dvar2":0.000014610690414,"max":0.0666918382049,"mean":0.00734963128343,"median":0.00658758124337,"min":4.45151151496e-8,"var":0.0000284683737846},"spectral_energyband_middle_low":{"dmean":0.0052522639744,"dmean2":0.00879372563213,"dvar":0.000107848412881,"dvar2":0.000296216981951,"max":0.143007576466,"mean":0.0132185304537,"median":0.0108677800745,"min":8.93663738566e-8,"var":0.000135578869958},"spectral_entropy":{"dmean":0.11424317956,"dmean2":0.16499568522,"dvar":0.0144265005365,"dvar2":0.0296869259328,"max":8.67297649384,"mean":7.70859098434,"median":7.73706912994,"min":5.57776832581,"var":0.0832764357328},"spectral_flux":{"dmean":0.0232775751501,"dmean2":0.03640364483,"dvar":0.00127905339468,"dvar2":0.00247983285226,"max":0.406899213791,"mean":0.0837415978312,"median":0.0732401460409,"min":0.000287242204649,"var":0.00265753851272},"spectral_kurtosis":{"dmean":1.29844510555,"dmean2":2.16346120834,"dvar":2.5014872551,"dvar2":7.01558732986,"max":47.2586860657,"mean":4.50656414032,"median":4.21085643768,"min":-1.10568141937,"var":5.48695993423},"spectral_rms":{"dmean":0.000794612278696,"dmean2":0.0012903601164,"dvar":0.00000134780452754,"dvar2":0.00000355863494406,"max":0.0136575866491,"mean":0.00516484398395,"median":0.00527651980519,"min":0.0000180002552952,"var":0.00000391425783164},"spectral_rolloff":{"dmean":394.440490723,"dmean2":670.155761719,"dvar":384859.90625,"dvar2":913913.5625,"max":11584.8632812,"mean":1510.77294922,"median":1356.59179688,"min":86.1328125,"var":1013270.75},"spectral_skewness":{"dmean":0.167353540659,"dmean2":0.270190089941,"dvar":0.0271194260567,"dvar2":0.0697247162461,"max":5.26608562469,"mean":1.51126360893,"median":1.48968029022,"min":0.00249714753591,"var":0.107055455446},"spectral_spread":{"dmean":479016.53125,"dmean2":664274.5625,"dvar":328489336832,"dvar2":648197701632,"max":14215687,"mean":4111922.75,"median":3940835.5,"min":1254408.875,"var":1147740225540},"spectral_strongpeak":{"dmean":0.397218614817,"dmean2":0.694230318069,"dvar":0.547381520271,"dvar2":1.42127847672,"max":16.9306926727,"mean":0.717775225639,"median":0.43691265583,"min":0,"var":0.772079467773},"zerocrossingrate":{"dmean":0.00808588787913,"dmean2":0.00994405709207,"dvar":0.0000778122848715,"dvar2":0.00010125994595,"max":0.3779296875,"mean":0.060033839196,"median":0.05615234375,"min":0.0087890625,"var":0.000665032770485}},"metadata":{"audio_properties":{"analysis_sample_rate":44100,"bit_rate":0,"codec":"flac","downmix":"mix","equal_loudness":0,"length":435.533325195,"lossless":true,"md5_encoded":"5084eefe6a716aeef73959e2d5dc63a2","replay_gain":-14.6146411896,"sample_rate":44100},"tags":{"album":["Odditorium or Warlords of Mars"],"artist":["The Dandy Warhols"],"date":["2005-00-00"],"file_name":"06-Holding_Me_Up.flac","musicbrainz_albumid":["4a40e499-8e81-45df-97e9-6b430b0049e7"],"musicbrainz_artistid":["5f572b31-8fd9-45ae-9beb-358c98d839df"],"musicbrainz_recordingid":["267d1a2d-5236-4f07-b310-0ee3777fca51"],"title":["Holding Me Up"],"tracknumber":["6"]},"version":{"essentia":"2.1-beta2","essentia_build_sha":"c0e182ba78c2de26e491b7b7a4a2c98c1ed34208","essentia_git_sha":"v2.1_beta2-2-gbb40004","extractor":"music 1.0"}},"rhythm":{"beats_count":809,"beats_loudness":{"dmean":0.0126799577847,"dmean2":0.0223157349974,"dvar":0.000141274329508,"dvar2":0.000402148521971,"max":0.120822787285,"mean":0.0379362739623,"median":0.0391068868339,"min":6.26001394721e-7,"var":0.000380802870495},"beats_loudness_band_ratio":{"dmean":[0.200207054615,0.129329800606,0.0866559818387,0.0734422206879,0.0497173368931,0.0662779510021],"dmean2":[0.372883468866,0.238038659096,0.151292428374,0.130670279264,0.0900439321995,0.126692175865],"dvar":[0.0209050066769,0.0109273623675,0.00762195792049,0.00510461255908,0.00214379839599,0.00574689079076],"dvar2":[0.0719012767076,0.0341206677258,0.020856693387,0.015043781139,0.00638381484896,0.0156282726675],"max":[0.954589128494,0.781182706356,0.955040574074,0.590495347977,0.464420288801,0.905397057533],"mean":[0.433118104935,0.184443846345,0.150051191449,0.124935656786,0.0905961543322,0.0791426599026],"median":[0.451398521662,0.149763196707,0.105179674923,0.102480500937,0.0751599669456,0.0657220780849],"min":[0.01027958747,0.00338251888752,0.00451018707827