{"lowlevel":{"average_loudness":0.978868424892,"barkbands":{"dmean":[0.000543220317923,0.0110795944929,0.00256744469516,0.0017180768773,0.00143157248385,0.000662412203383,0.000507465214469,0.000522076967172,0.00116037717089,0.000671838060953,0.000464813492727,0.000620968989097,0.000513515318744,0.000583826156799,0.000399115204345,0.000376922922442,0.000430230633356,0.000327239715261,0.0003883674799,0.000506430689711,0.000172317348188,0.000154741210281,0.000159984367201,0.000178894319106,0.000172227883013,0.000108266336611,0.0000319330101775],"dmean2":[0.000805231102277,0.0185012482107,0.00431526871398,0.00273671583273,0.00238907826133,0.00110487744678,0.000852471333928,0.000873436511029,0.00180066679604,0.0010545583209,0.000742736912798,0.000990443397313,0.000838078325614,0.000958995486144,0.000637458695564,0.00061683927197,0.000700525532011,0.000541522167623,0.000642933766358,0.000823352544103,0.000301117572235,0.000261936947936,0.000247724296059,0.000262351735728,0.000245922070462,0.000159315488418,0.000050659495173],"dvar":[5.92134824728e-7,0.000411058310419,0.0000121915036289,0.00000483822168462,0.00000557521570954,0.00000184029761385,0.00000297026213048,0.00000157296483394,0.00000609048538536,0.00000245242972596,0.00000116787032312,0.00000131847070861,0.00000120636639167,0.00000179858272986,7.16076328899e-7,3.75948218334e-7,3.23270853642e-7,3.62865108627e-7,2.34610681105e-7,7.38543747048e-7,7.90634899772e-8,8.58091482314e-8,1.29632695689e-7,2.4731434678e-7,2.68082516186e-7,9.08586770265e-8,6.31804519813e-9],"dvar2":[0.00000122050528262,0.0010525949765,0.0000338096870109,0.0000123964018712,0.0000154060617206,0.00000453419988844,0.00000783835730545,0.00000407803190683,0.0000151918011397,0.00000587796239415,0.00000271000340035,0.00000322951473208,0.00000303948559122,0.00000465137236461,0.00000169157215169,9.28788722376e-7,7.8204266174e-7,9.44929638536e-7,6.0827511561e-7,0.00000180974382147,2.21862265448e-7,2.14175770452e-7,2.57285250882e-7,4.46191592118e-7,4.84911254262e-7,1.79184496574e-7,1.53095705002e-8],"max":[0.00737404171377,0.127114087343,0.0430259369314,0.031359821558,0.0325701609254,0.0327989980578,0.041159119457,0.025349272415,0.0737361237407,0.0287499167025,0.0342758670449,0.0217876378447,0.0318994633853,0.0310509111732,0.0149409035221,0.0133044747636,0.015318623744,0.0185070168227,0.0066153886728,0.015248471871,0.00377827091143,0.00550530990586,0.0073551600799,0.00988319702446,0.0117565002292,0.00837203115225,0.00146430614404],"mean":[0.000769380829297,0.0114114517346,0.00411210488528,0.00349363544956,0.00249691796489,0.000962040037848,0.000575880636461,0.000685685838107,0.00210372870788,0.00105049763806,0.000767872668803,0.000984021695331,0.00076701794751,0.000869468727615,0.000622319232207,0.000726577010937,0.000809436198324,0.000624711858109,0.000810438184999,0.000909579801373,0.000324543419993,0.000241901943809,0.000285059242742,0.000319529906847,0.00028247066075,0.000160260678967,0.0000379201846954],"median":[0.00027006099117,0.00404531601816,0.00280468538404,0.0024779108353,0.00181563734077,0.000504027702846,0.000271504890407,0.000235432773479,0.00079562375322,0.000333889765898,0.000314725970384,0.000492570747156,0.000385792867746,0.000396089220885,0.000290395691991,0.000571539159864,0.0006139887264,0.000445311685326,0.000706055318005,0.000605650304351,0.00027289960417,0.000144890815136,0.000141665528645,0.000127929175505,0.0000888335634954,0.0000359078439942,0.00000737704976927],"min":[1.55736131048e-24,3.11991588951e-24,3.92124143798e-26,1.60216831407e-24,1.13786638033e-23,1.21133449527e-23,1.51614159269e-23,1.03159040809e-23,2.13507807239e-23,2.19734901675e-23,2.19059273865e-23,2.11223060954e-23,2.08680909355e-23,4.42047548354e-23,4.30667724925e-23,4.58784936398e-23,9.50371277214e-23,1.1018324448e-22,1.92048111645e-22,2.15799072671e-22,2.68991900401e-22,3.99186211018e-22,3.95122176339e-22,5.97127769958e-22,8.70016188847e-22,1.36897654266e-21,1.99166734394e-21],"var":[0.00000119207629723,0.000372647569748,0.0000183315551112,0.0000116430037451,0.00000619915317657,0.00000253715802501,0.00000222391281568,0.00000188639614862,0.000014486064174,0.00000479722848468,0.00000235382458413,0.00000214765304918,0.00000160760578183,0.00000239939845414,0.00000114294755349,6.47453646252e-7,6.28659336144e-7,5.15987380822e-7,4.0419610059e-7,0.00000106223217244,8.54073292089e-8,1.18602365262e-7,2.7529611657e-7,5.30300667378e-7,5.70933195831e-7,1.72893081185e-7,7.43548600468e-9]},"barkbands_crest":{"dmean":3.44676375389,"dmean2":5.52967119217,"dvar":13.084695816,"dvar2":31.8871860504,"max":25.1302757263,"mean":9.14061927795,"median":7.9384393692,"min":2.28681850433,"var":21.3795032501},"barkbands_flatness_db":{"dmean":0.0258665569127,"dmean2":0.0396976284683,"dvar":0.000747832411435,"dvar2":0.00182468292769,"max":0.395755708218,"mean":0.0970425754786,"median":0.0828914120793,"min":0.0141234789044,"var":0.0030767370481},"barkbands_kurtosis":{"dmean":2.8050570488,"dmean2":4.55422306061,"dvar":34.5739746094,"dvar2":84.0101623535,"max":162.800018311,"mean":2.33735775948,"median":-0.00924754142761,"min":-1.92424488068,"var":53.8447494507},"barkbands_skewness":{"dmean":0.631395936012,"dmean2":0.981089413166,"dvar":0.534966886044,"dvar2":1.32635200024,"max":11.0102272034,"mean":1.28236865997,"median":0.99786734581,"min":-2.15605354309,"var":1.32693517208},"barkbands_spread":{"dmean":8.60998058319,"dmean2":13.4783754349,"dvar":85.1393508911,"dvar2":191.251083374,"max":112.340263367,"mean":34.6401329041,"median":34.0743370056,"min":1.09745299816,"var":281.273406982},"dissonance":{"dmean":0.0107405353338,"dmean2":0.018127778545,"dvar":0.000116296643682,"dvar2":0.00030416197842,"max":0.5,"mean":0.482778191566,"median":0.486615151167,"min":0.333370029926,"var":0.000214953863178},"dynamic_complexity":1.70032536983,"erbbands":{"dmean":[0.393189251423,2.2632894516,2.8091647625,4.56286525726,5.71516752243,4.04724407196,4.91157770157,5.18322944641,6.27103996277,8.97014522552,14.470252037,22.3892021179,24.3737373352,19.3041648865,16.7570781708,23.4723777771,22.3340511322,27.0805912018,23.3376789093,17.3815021515,21.8028392792,23.0352802277,18.6989498138,16.700012207,22.2718544006,24.4043216705,8.75877952576,6.65270614624,5.60552930832,5.17834711075,4.45559358597,4.19132709503,2.76289153099,1.94362902641,1.28174042702,0.514462649822,0.20204256475,0.0483985394239,0.00511524174362,0.000239246204728],"dmean2":[0.628143846989,3.94229793549,4.71900081635,7.36213684082,9.46251106262,6.74244070053,8.36008930206,8.56900501251,10.5145282745,15.2527770996,22.8917789459,35.5573959351,37.925491333,30.2031478882,27.0586910248,37.5665855408,36.0691680908,43.9852752686,37.3699913025,27.6497745514,35.2456626892,37.0665359497,30.6286087036,27.852563858,36.1456375122,40.1052742004,15.0131044388,11.5957956314,9.53287124634,8.3403673172,6.84950351715,6.29131126404,4.0011343956,2.7938144207,1.87679004669,0.752364397049,0.299189269543,0.0750371664762,0.00808799080551,0.000376228039386],"dvar":[0.468414992094,18.6270103455,14.3011198044,34.1937866211,65.9041900635,47.8184661865,76.2434463501,149.663894653,590.864624023,478.330413818,1282.19470215,2934.49389648,2740.56152344,1858.07592773,1534.72766113,1845.99304199,2321.15795898,2655.28222656,3567.47973633,1290.69140625,981.422363281,930.823974609,1195.48095703,391.806976318,974.050292969,1926.93359375,191.573852539,130.829452515,115.280319214,121.009399414,100.402542114,132.717727661,60.5966949463,29.5494995117,17.3933391571,2.50540876389,0.344390749931,0.0152553217486,0.000148224426084,3.0094835779e-7],"dvar2":[1.14393460751,49.2300682068,39.4098777771,89.4232177734,184.539794922,130.497695923,195.209823608,366.092224121,1575.01708984,1237.20739746,3187.7421875,7728.87207031,6571.30419922,4454.66992188,3692.18554688,4457.58349609,5795.08740234,6983.53857422,8604.24804688,3080.11352539,2383.65454102,2197.07592773,3112.7019043,1062.42578125,2299.8762207,4782.71386719,520.91973877,362.100006104,292.950164795,258.599243164,202.95703125,261.435424805,106.397148132,51.730884552,34.1404533386,4.93763303757,0.722718477249,0.0343479178846,0.000353693991201,7.38686082968e-7],"max":[4.70850753784,27.1227531433,46.3681030273,76.8917160034,107.370117188,92.9205627441,190.532409668,317.960723877,475.051940918,388.666381836,788.416320801,1823.28881836,971.017333984,953.917602539,1116.84228516,805.215820312,1519.53747559,875.940979004,1251.52929688,779.377197266,772.562866211,809.76965332,963.647766113,231.55279541,464.476287842,781.139770508,193.395751953,155.431762695,247.575836182,282.631988525,208.677444458,247.220291138,195.06288147,116.645675659,109.055755615,40.3842849731,18.7826862335,2.29451870918,0.209623128176,0.00858930591494],"mean":[0.430741667747,2.15236711502,4.39503097534,9.46157646179,10.8654794693,6.84216451645,7.24351406097,7.24674844742,7.49074077606,10.1980571747,24.1063346863,37.2360305786,43.2563095093,34.2447853088,28.3902721405,39.0240898132,37.1362762451,44.0497932434,36.3120079041,32.4873886108,44.1152305603,46.3438110352,37.2072105408,36.5927467346,45.5755004883,42.6154670715,16.614025116,12.033539772,8.87610340118,8.43557357788,7.92351293564,7.33344364166,4.81994581223,3.29717159271,1.95396327972,0.786318838596,0.279620856047,0.0613278821111,0.0062104598619,0.000316446617944],"median":[0.130472540855,0.780966281891,3.06272625923,7.01356983185,8.21469688416,4.69827842712,4.1869893074,3.54417181015,3.59234929085,4.71793842316,7.65974283218,16.0521564484,15.2261037827,13.2840633392,14.1473236084,21.1009197235,20.8679924011,22.467880249,16.138010025,20.4251594543,35.4229316711,35.3763542175,26.8262386322,32.9794235229,35.4070358276,28.565946579,13.6512651443,9.52669429779,5.64280509949,4.20229721069,3.82569718361,2.95776224136,1.94018602371,1.25028240681,0.489260703325,0.186258226633,0.0577741339803,0.0116432765499,0.00125893577933,0.00011064674618],"min":[1.00653375604e-22,6.13212807898e-22,6.07577286566e-22,1.30074450208e-20,1.95664080903e-20,3.47401995535e-20,6.21612271661e-20,1.37683088511e-19,1.94997308706e-19,2.43056243801e-19,2.68125787572e-19,4.79112161476e-19,6.64986572755e-19,9.59441622621e-19,1.31205982556e-18,1.3012892102e-18,1.42076314537e-18,2.71201503583e-18,3.62533244711e-18,3.49214933746e-18,3.39644764251e-18,5.15298821394e-18,6.76799797576e-18,9.89716557118e-18,8.45140688885e-18,9.04539536056e-18,1.21822925452e-17,1.05827560239e-17,1.25253590868e-17,1.1023389346e-17,9.71040307812e-18,1.07840479444e-17,1.17750707025e-17,9.5194318901e-18,6.31962389755e-18,4.22229918261e-18,2.49100974695e-18,9.5526001783e-19,2.17536248489e-19,2.92363788644e-20],"var":[0.504116237164,14.7638111115,18.8472194672,69.7085952759,90.2648620605,55.4681358337,91.0956420898,217.230209351,429.972106934,410.514953613,2734.84765625,3933.57055664,6569.17382812,3971.88549805,2549.50292969,2997.03442383,3128.15893555,4235.44677734,4980.17529297,2185.16308594,1953.73474121,1970.39819336,1731.82141113,745.273010254,1797.67956543,2511.86450195,227.770645142,144.982223511,151.241287231,219.247756958,211.137527466,258.437561035,132.814651489,65.4905014038,33.5221138,4.68916893005,0.577306449413,0.0220798756927,0.000185687065823,3.42137951748e-7]},"erbbands_crest":{"dmean":2.10729885101,"dmean2":3.46306157112,"dvar":4.47877025604,"dvar2":11.242401123,"max":23.782951355,"mean":6.94837141037,"median":6.05642366409,"min":2.07798194885,"var":10.1790866852},"erbbands_flatness_db":{"dmean":0.0160736292601,"dmean2":0.0238539334387,"dvar":0.000238943583099,"dvar2":0.000493764760904,"max":0.317276924849,"mean":0.125844880939,"median":0.121642187238,"min":0.0408091470599,"var":0.00151954125613},"erbbands_kurtosis":{"dmean":0.658361673355,"dmean2":1.05047440529,"dvar":0.705686986446,"dvar2":1.60172021389,"max":14.3882026672,"mean":0.0867437124252,"median":-0.162760972977,"min":-1.69066870213,"var":1.5465170145},"erbbands_skewness":{"dmean":0.3190318048,"dmean2":0.481353491545,"dvar":0.0927938818932,"dvar2":0.196057111025,"max":3.54183292389,"mean":-0.243427395821,"median":-0.319100439548,"min":-2.86546015739,"var":0.392971038818},"erbbands_spread":{"dmean":7.88318729401,"dmean2":12.0486135483,"dvar":64.4925689697,"dvar2":140.001556396,"max":147.131118774,"mean":42.3874015808,"median":39.6640892029,"min":8.61637401581,"var":252.562271118},"gfcc":{"cov":[[12199.2324219,-1526.46679688,-110.166618347,-154.19102478,-514.100463867,662.72845459,-401.426727295,452.361785889,-240.217651367,138.053329468,-166.336395264,67.1664428711,-266.786132812],[-1526.46679688,1833.4440918,-580.854553223,303.236633301,183.353057861,-387.782104492,244.428833008,-262.178009033,53.9598274231,-109.281517029,102.938484192,-90.8010940552,156.798843384],[-110.166618347,-580.854553223,616.581481934,-99.5358200073,5.2997136116,119.989303589,-93.7069396973,59.568145752,-8.06436061859,52.0224685669,-33.7910652161,57.9437408447,-65.5930786133],[-154.19102478,303.236633301,-99.5358200073,280.745300293,41.1611022949,-10.6753969193,14.2562437057,-29.3831653595,62.1175041199,1.16580975056,29.8090801239,-13.2945165634,49.083732605],[-514.100463867,183.353057861,5.2997136116,41.1611022949,184.399368286,-30.3063488007,70.6355667114,-3.99305510521,31.7262516022,17.1056270599,19.5723667145,4.87954807281,28.3808708191],[662.72845459,-387.782104492,119.989303589,-10.6753969193,-30.3063488007,281.138885498,0.690967261791,134.570007324,-19.496799469,28.462556839,-3.80856728554,8.10633659363,-37.919506073],[-401.426727295,244.428833008,-93.7069396973,14.2562437057,70.6355667114,0.690967261791,194.699371338,4.31051826477,3.23857784271,-13.8077659607,26.9137878418,5.11252880096,21.8010578156],[452.361785889,-262.178009033,59.568145752,-29.3831653595,-3.99305510521,134.570007324,4.31051826477,165.88458252,20.0112514496,45.4311714172,-5.83553314209,-2.58121585846,-18.0640125275],[-240.217651367,53.9598274231,-8.06436061859,62.1175041199,31.7262516022,-19.496799469,3.23857784271,20.0112514496,107.753669739,38.9582939148,13.6954813004,-8.85792636871,20.1178073883],[138.053329468,-109.281517029,52.0224685669,1.16580975056,17.1056270599,28.462556839,-13.8077659607,45.4311714172,38.9582939148,79.4870147705,21.596786499,14.1066684723,-5.03771591187],[-166.336395264,102.938484192,-33.7910652161,29.8090801239,19.5723667145,-3.80856728554,26.9137878418,-5.83553314209,13.6954813004,21.596786499,70.9493713379,19.5399971008,24.0769233704],[67.1664428711,-90.8010940552,57.9437408447,-13.2945165634,4.87954807281,8.10633659363,5.11252880096,-2.58121585846,-8.85792636871,14.1066684723,19.5399971008,73.8493041992,15.7083816528],[-266.786132812,156.798843384,-65.5930786133,49.083732605,28.3808708191,-37.919506073,21.8010578156,-18.0640125275,20.1178073883,-5.03771591187,24.0769233704,15.7083816528,71.6621627808]],"icov":[[0.0001448221592,-0.0000647098713671,0.000222278409638,-0.0000641012011329,0.000201754155569,-0.000234853083384,0.000302610103972,-0.000282398948912,0.0003171065473,-0.000382246536901,0.00041205281741,-0.000502144393977,0.000416412920458],[-0.0000647098713671,0.00219881231897,0.000456366717117,-0.00127682834864,-0.00083670206368,0.00185455882456,-0.00184220692609,0.00123236980289,0.000295544508845,0.00118398363702,-0.00216966797598,0.00289524276741,-0.00148135086056],[0.000222278409638,0.000456366717117,0.00310202478431,0.000161879521329,-0.000913840776775,-0.000955406168941,0.00128438498359,0.000238945227466,-0.0000381048084819,-0.000890234368853,0.00125443818979,-0.00259079760872,0.00217781891115],[-0.0000641012011329,-0.00127682834864,0.000161879521329,0.0060394895263,-0.000409126252634,-0.00267326459289,0.0015115319984,0.00143010774627,-0.00347914337181,0.00031529890839,0.0000213830735447,-0.00040620562504,-0.00170450494625],[0.000201754155569,-0.00083670206368,-0.000913840776775,-0.000409126252634,0.00808564107865,0.000163459495525,-0.00211633020081,-0.000773097854108,-0.0000412588233303,-0.00295873405412,0.00140712340362,-0.000561129359994,-0.00118733907584],[-0.000234853083384,0.00185455882456,-0.000955406168941,-0.00267326459289,0.000163459495525,0.00923459324986,-0.00261357938871,-0.00482513429597,0.00248920219019,0.00188078335486,-0.00342554040253,0.00249752821401,0.000461736810394],[0.000302610103972,-0.00184220692609,0.00128438498359,0.0015115319984,-0.00211633020081,-0.00261357938871,0.00934438034892,-0.0022647769656,-0.0002302628709,0.00142060266808,0.0000680710581946,-0.00441303895786,0.00244821375236],[-0.000282398948912,0.00123236980289,0.000238945227466,0.00143010774627,-0.000773097854108,-0.00482513429597,-0.0022647769656,0.0141455801204,-0.00289473659359,-0.00430646492168,0.000884120701812,0.00398812489584,-0.00316225597635],[0.0003171065473,0.000295544508845,-0.0000381048084819,-0.00347914337181,-0.0000412588233303,0.00248920219019,-0.0002302628709,-0.00289473659359,0.0165100712329,-0.00847220979631,0.00125855056103,0.00297325919382,-0.00274923210964],[-0.000382246536901,0.00118398363702,-0.000890234368853,0.00031529890839,-0.00295873405412,0.00188078335486,0.00142060266808,-0.00430646492168,-0.00847220979631,0.0255141723901,-0.0100021865219,-0.00169073138386,0.00350796733983],[0.00041205281741,-0.00216966797598,0.00125443818979,0.0000213830735447,0.00140712340362,-0.00342554040253,0.0000680710581946,0.000884120701812,0.00125855056103,-0.0100021865219,0.0238833017647,-0.00750596262515,-0.00218827440403],[-0.000502144393977,0.00289524276741,-0.00259079760872,-0.00040620562504,-0.000561129359994,0.00249752821401,-0.00441303895786,0.00398812489584,0.00297325919382,-0.00169073138386,-0.00750596262515,0.0245650969446,-0.0102222096175],[0.000416412920458,-0.00148135086056,0.00217781891115,-0.00170450494625,-0.00118733907584,0.000461736810394,0.00244821375236,-0.00316225597635,-0.00274923210964,0.00350796733983,-0.00218827440403,-0.0102222096175,0.0250736568123]],"mean":[44.159526825,69.9800338745,-112.891532898,42.2271957397,-38.685005188,16.3738594055,-25.5581741333,13.2663879395,-26.8285236359,-2.46334958076,-17.4130935669,-5.24118709564,-12.4672136307]},"hfc":{"dmean":12.1203861237,"dmean2":18.5785064697,"dvar":309.842498779,"dvar2":647.388366699,"max":371.612182617,"mean":36.3899345398,"median":31.812707901,"min":1.08368826171e-16,"var":789.145324707},"melbands":{"dmean":[0.00328328181058,0.00186720117927,0.000754562264774,0.000354679417796,0.000159478586284,0.000118813026347,0.0000974492868409,0.0000976297451416,0.000135283931741,0.000152355918544,0.000125492006191,0.0000829705386423,0.0000599360319029,0.0000549701690034,0.0000776960368967,0.000048520792916,0.0000538756503374,0.0000430389700341,0.0000301785748889,0.0000233845075854,0.0000282499077002,0.0000251031269727,0.0000247639472946,0.0000139885714816,0.0000146625652633,0.00001599632742,0.0000206570530281,0.0000160629952006,0.00000624281256023,0.00000451014557257,0.0000039328292587,0.00000343934789271,0.00000290545631287,0.00000309591041514,0.00000269809015663,0.00000270788518719,0.00000266562938123,0.00000206833738048,0.00000176923140316,0.00000168103633769],"dmean2":[0.00540394848213,0.0031782167498,0.00121929694433,0.000589556060731,0.000270116666798,0.00019677435921,0.000162690281286,0.000165671590366,0.000212124446989,0.000241186731728,0.000195248503587,0.000130223997985,0.0000959227836574,0.0000876653866726,0.000123807243654,0.0000789063997217,0.0000879714934854,0.0000697052964824,0.0000483813382743,0.0000385471466871,0.0000463337019028,0.0000408168343711,0.0000402645091526,0.0000233844348259,0.0000246575509664,0.0000266342922259,0.0000333101816068,0.0000265969629254,0.0000106781399154,0.000007900316632,0.00000686909424985,0.00000590998433836,0.00000485218879476,0.0000049552722885,0.00000423004166805,0.00000415763906858,0.00000402290197599,0.00000304948980556,0.00000257156284533,0.00000245019919021],"dvar":[0.0000353560135409,0.00000802778231446,8.4016795654e-7,3.47523013033e-7,7.15140302532e-8,7.53464277636e-8,1.30879826088e-7,5.05056618749e-8,1.0793814198e-7,1.33925681212e-7,7.05647877908e-8,3.68026213948e-8,2.21853682092e-8,1.58672737172e-8,2.29187495648e-8,9.90672521795e-9,1.1273109557e-8,1.53590953289e-8,4.08359390747e-9,2.1328454558e-9,1.63157010125e-9,1.11664033575e-9,2.10855199967e-9,4.90696316913e-10,3.05551334234e-10,4.04689171063e-10,1.15529597e-9,9.24342713482e-10,1.04892081132e-10,5.33940877623e-11,4.76124348281e-11,4.57715983171e-11,3.06221437096e-11,4.92660738594e-11,3.62893395889e-11,4.65595964561e-11,5.57370261056e-11,3.73209275983e-11,2.17782736289e-11,2.26566976985e-11],"dvar2":[0.0000894131298992,0.0000209802165045,0.00000220593597078,9.65528442975e-7,1.85405113484e-7,1.86272302471e-7,3.46678376673e-7,1.30870844828e-7,2.62236085291e-7,3.4905374946e-7,1.68410934975e-7,8.83704345256e-8,5.16483673607e-8,3.81862577115e-8,5.65528708307e-8,2.52801068967e-8,2.96217503859e-8,3.80113576171e-8,9.68324265216e-9,5.20363041545e-9,4.03379818437e-9,2.70603139896e-9,5.42668265879e-9,1.28448096604e-9,8.4132550926e-10,1.03497199699e-9,2.71987210532e-9,2.33280705864e-9,2.78951139965e-10,1.52075352311e-10,1.30586930158e-10,1.19978763036e-10,7.31726484959e-11,1.05898484426e-10,7.71107136477e-11,9.46430087079e-11,1.12372160188e-10,6.97170793318e-11,3.91237667263e-11,4.08027188425e-11],"max":[0.0370379388332,0.020321091637,0.0122095886618,0.00849513150752,0.00533972959965,0.00656083598733,0.00759774260223,0.00345854344778,0.00713199330494,0.0125695541501,0.00469525065273,0.00437509315088,0.0052490583621,0.00311506702565,0.00319703225978,0.00185280875303,0.00192016270012,0.00286905048415,0.00131254922599,0.00132087559905,0.000886173103936,0.000787074270193,0.00141077162698,0.000607047637459,0.000207339908229,0.000252017460298,0.00061083433684,0.000458817870822,0.000171523468453,0.000118677555292,0.000107718922663,0.000150274892803,0.000132971763378,0.000178302492714,0.000124155194499,0.00014327041572,0.000148817853187,0.000158634866239,0.000107787040179,0.000103750469862],"mean":[0.0034570931457,0.00251169665717,0.00170383509248,0.000644612533506,0.000247937161475,0.000168597995071,0.000115491515317,0.000108539476059,0.000230269375606,0.000256325583905,0.000219085835852,0.000140652467962,0.0000987974417512,0.0000858762869029,0.000119598567835,0.000073517250712,0.0000823448499432,0.0000597339821979,0.0000481912356918,0.000041844748921,0.0000529583121534,0.0000467056015623,0.0000439082286903,0.0000263936271949,0.0000296503330901,0.0000313239252137,0.0000371124988305,0.0000258498948824,0.000010612465303,0.00000804872252047,0.00000640393272988,0.00000504526906298,0.00000450057723356,0.00000479625941807,0.00000446949752586,0.00000465903895019,0.00000441556494479,0.00000343079682352,0.0000029245195492,0.00000274214494311],"median":[0.00114027818199,0.00152328354307,0.00134489592165,0.000480083370348,0.000154815235874,0.0000846213661134,0.000055727763538,0.0000468594189442,0.0000662118109176,0.000104001730506,0.000070386347943,0.0000487986726512,0.0000439375071437,0.0000455712397525,0.0000519007517141,0.0000344351901731,0.0000390920977225,0.0000228301287279,0.0000232574911934,0.00003042831122,0.0000420329197368,0.0000346995730069,0.0000304982604575,0.0000183731990546,0.0000261881250481,0.0000259089374595,0.000023833301384,0.0000165165238286,0.00000779727452027,0.00000678122887621,0.00000464784670839,0.00000310843211082,0.00000252738573181,0.00000218211766878,0.00000210664393308,0.00000199452892957,0.00000163757340488,0.00000132729053348,0.0000011861574194,9.45274564401e-7],"min":[1.56027398216e-24,4.96801376015e-25,3.34504081743e-24,1.63937454424e-24,3.43211804516e-24,2.76837718482e-24,3.29029623719e-24,2.23831965172e-24,2.57440772671e-24,2.77490205059e-24,3.28813870261e-24,3.63632455124e-24,3.34411232814e-24,2.40488723742e-24,3.51946466889e-24,2.12189699553e-24,4.05356136705e-24,5.69501485559e-24,2.97755035916e-24,4.55430857601e-24,3.97588696688e-24,5.55109152217e-24,3.87508316496e-24,4.53613874278e-24,6.76521590291e-24,6.36335161956e-24,3.81552101118e-24,5.41367274134e-24,7.37308213976e-24,6.59732263645e-24,5.3577870738e-24,5.99971080251e-24,4.79990976923e-24,5.26507540705e-24,4.82109975643e-24,6.95820756793e-24,5.37170731334e-24,7.46047846173e-24,7.89368063897e-24,6.95714260571e-24],"var":[0.0000338786630891,0.00000808100412542,0.00000182779308489,3.84962703492e-7,8.71294929539e-8,1.02288538528e-7,9.68415676539e-8,4.48064341185e-8,2.81301396399e-7,2.15580442386e-7,1.74850541157e-7,7.6516634806e-8,3.99041226729e-8,2.3875054822e-8,3.57384024596e-8,1.49385854797e-8,1.64669593516e-8,1.98134220142e-8,6.97252078297e-9,3.25953819491e-9,2.90542612191e-9,2.11106021553e-9,2.87525203646e-9,8.63268234674e-10,5.2638687853e-10,6.81416312265e-10,1.91824067741e-9,1.10048548052e-9,1.27513291592e-10,5.64465245378e-11,5.131556291e-11,5.34337643576e-11,4.67305430463e-11,8.68279961819e-11,7.13539921593e-11,8.80995484898e-11,1.04939217038e-10,7.54803164416e-11,4.62135850421e-11,4.88342595528e-11]},"melbands_crest":{"dmean":4.16070890427,"dmean2":6.48887491226,"dvar":13.8342037201,"dvar2":30.6717510223,"max":33.5563392639,"mean":14.7853107452,"median":13.8089046478,"min":1.67069792747,"var":32.8468589783},"melbands_flatness_db":{"dmean":0.0341431722045,"dmean2":0.0520987771451,"dvar":0.00125495321117,"dvar2":0.00297276559286,"max":0.516846239567,"mean":0.169350862503,"median":0.153226390481,"min":0.00386002426967,"var":0.00495308218524},"melbands_kurtosis":{"dmean":9.01778316498,"dmean2":14.6375684738,"dvar":278.329620361,"dvar2":719.751953125,"max":384.008483887,"mean":12.714302063,"median":5.78472709656,"min":-1.80788314342,"var":421.999847412},"melbands_skewness":{"dmean":0.954557240009,"dmean2":1.48845624924,"dvar":1.21740436554,"dvar2":3.03514742851,"max":13.8977088928,"mean":2.79842543602,"median":2.39848709106,"min":-0.643586814404,"var":2.95382976532},"melbands_spread":{"dmean":10.8535194397,"dmean2":16.8063793182,"dvar":135.311523438,"dvar2":308.849121094,"max":185.277114868,"mean":33.7058525085,"median":32.2868423462,"min":0.730830729008,"var":417.465301514},"mfcc":{"cov":[[5575.75537109,-722.961914062,109.273071289,-404.243347168,63.4155235291,-15.1226577759,42.6878089905,162.975448608,15.7150669098,216.501678467,40.0795173645,19.061164856,-13.573266983],[-722.961914062,1146.75305176,-332.483612061,362.593383789,-65.7363357544,8.41887378693,56.2020797729,-68.6456756592,-1.61152875423,-96.9713363647,-18.5662918091,-18.0750045776,0.233218252659],[109.273071289,-332.483612061,432.901824951,-119.479194641,84.4101028442,17.1109199524,-29.8193912506,19.8944263458,-26.4930095673,21.2252845764,-6.59834814072,21.5176124573,9.76566123962],[-404.243347168,362.593383789,-119.479194641,301.733764648,13.3297691345,39.4805755615,-29.435382843,-41.413974762,25.650177002,-45.3986701965,0.679035663605,7.82705879211,28.2266807556],[63.4155235291,-65.7363357544,84.4101028442,13.3297691345,157.435668945,11.2990198135,-16.4838848114,-4.98349189758,16.3528499603,42.2142868042,1.12655174732,15.1821479797,12.7775945663],[-15.1226577759,8.41887378693,17.1109199524,39.4805755615,11.2990198135,103.847412109,33.3916244507,29.6916980743,12.5373849869,-6.41424274445,20.089225769,14.864408493,0.0846720263362],[42.6878089905,56.2020797729,-29.8193912506,-29.435382843,-16.4838848114,33.3916244507,151.4296875,66.8757400513,12.9789924622,16.4704151154,3.70596051216,17.4477519989,-0.485941588879],[162.975448608,-68.6456756592,19.8944263458,-41.413974762,-4.98349189758,29.6916980743,66.8757400513,97.0829315186,30.8443393707,24.4132022858,9.4925403595,12.0253734589,-1.48906505108],[15.7150669098,-1.61152875423,-26.4930095673,25.650177002,16.3528499603,12.5373849869,12.9789924622,30.8443393707,81.2889404297,32.9812660217,21.4495449066,9.18546104431,2.04474663734],[216.501678467,-96.9713363647,21.2252845764,-45.3986701965,42.2142868042,-6.41424274445,16.4704151154,24.4132022858,32.9812660217,128.399215698,23.3525848389,17.8282489777,3.17171382904],[40.0795173645,-18.5662918091,-6.59834814072,0.679035663605,1.12655174732,20.089225769,3.70596051216,9.4925403595,21.4495449066,23.3525848389,68.2473754883,24.1697120667,2.1868159771],[19.061164856,-18.0750045776,21.5176124573,7.82705879211,15.1821479797,14.864408493,17.4477519989,12.0253734589,9.18546104431,17.8282489777,24.1697120667,62.4932861328,24.5227966309],[-13.573266983,0.233218252659,9.76566123962,28.2266807556,12.7775945663,0.0846720263362,-0.485941588879,-1.48906505108,2.04474663734,3.17171382904,2.1868159771,24.5227966309,65.8571243286]],"icov":[[0.000217215856537,0.0000526077128598,0.000104886246845,0.000196869645151,-0.0000832767400425,-0.0000329817412421,0.000140881675179,-0.000348938512616,0.000166533500305,-0.000239092289121,-0.0000279249234154,0.0000161706811923,-0.0000447504098702],[0.0000526077128598,0.00200144504197,0.000630694732536,-0.00233036885038,0.000222668822971,0.000844131631311,-0.00174967688508,0.000881052634213,0.000582075852435,0.000333235133439,-0.0000975307557383,0.000267906900262,0.000741121009924],[0.000104886246845,0.000630694732536,0.00371388113126,0.00100093265064,-0.00180288928095,-0.00101600517519,0.00113132642582,-0.00109974469524,0.00146376830526,0.000303152395645,0.000733103195671,-0.00115329830442,-0.000280695268884],[0.000196869645151,-0.00233036885038,0.00100093265064,0.00857817661017,-0.00131252664141,-0.00401989696547,0.00314300577156,0.00113575090654,-0.00311387586407,0.00120014208369,0.00120329135098,-0.00112788984552,-0.00304863788188],[-0.0000832767400425,0.000222668822971,-0.00180288928095,-0.00131252664141,0.00876179803163,-0.000970002089161,0.00015350812464,0.00195190531667,-0.00167579308618,-0.00291934167035,0.00164732383564,-0.000847008428536,-0.000388181913877],[-0.0000329817412421,0.000844131631311,-0.00101600517519,-0.00401989696547,-0.000970002089161,0.0142404641956,-0.00317569146864,-0.00342108868062,0.00106240040623,0.00203957175836,-0.00429499521852,-0.000396926043322,0.0020921304822],[0.000140881675179,-0.00174967688508,0.00113132642582,0.00314300577156,0.00015350812464,-0.00317569146864,0.0126044638455,-0.00794874783605,0.0010693060467,-0.00116024853196,0.00201498740353,-0.00300637097098,-0.000516823318321],[-0.000348938512616,0.000881052634213,-0.00109974469524,0.00113575090654,0.00195190531667,-0.00342108868062,-0.00794874783605,0.0211821179837,-0.0074746767059,-0.000268798146863,0.00131000007968,-0.000224298011744,-0.0000677293355693],[0.000166533500305,0.000582075852435,0.00146376830526,-0.00311387586407,-0.00167579308618,0.00106240040623,0.0010693060467,-0.0074746767059,0.0190041232854,-0.00355796818621,-0.0041468325071,0.000841514556669,0.000718140392564],[-0.000239092289121,0.000333235133439,0.000303152395645,0.00120014208369,-0.00291934167035,0.00203957175836,-0.00116024853196,-0.000268798146863,-0.00355796818621,0.0116467280313,-0.00261254399084,-0.00129800185096,0.0000589876035519],[-0.0000279249234154,-0.0000975307557383,0.000733103195671,0.00120329135098,0.00164732383564,-0.00429499521852,0.00201498740353,0.00131000007968,-0.0041468325071,-0.00261254399084,0.0205701515079,-0.0078416178003,0.00159200618509],[0.0000161706811923,0.000267906900262,-0.00115329830442,-0.00112788984552,-0.000847008428536,-0.000396926043322,-0.00300637097098,-0.000224298011744,0.000841514556669,-0.00129800185096,-0.0078416178003,0.0241796504706,-0.00791244022548],[-0.0000447504098702,0.000741121009924,-0.000280695268884,-0.00304863788188,-0.000388181913877,0.0020921304822,-0.000516823318321,-0.0000677293355693,0.000718140392564,0.0000589876035519,0.00159200618509,-0.00791244022548,0.0194564070553]],"mean":[-596.507873535,100.85874939,-7.14108562469,31.7030334473,11.5381669998,7.76655101776,14.3031339645,10.1870384216,3.61251759529,5.70076704025,-2.03638839722,-0.865569889545,-2.49560499191]},"pitch_salience":{"dmean":0.0896715298295,"dmean2":0.143340915442,"dvar":0.00766067812219,"dvar2":0.0192653592676,"max":0.860110282898,"mean":0.56026160717,"median":0.578008651733,"min":0.101381599903,"var":0.0146993454546},"silence_rate_20dB":{"dmean":0,"dmean2":0,"dvar":0,"dvar2":0,"max":1,"mean":1,"median":1,"min":1,"var":0},"silence_rate_30dB":{"dmean":0.000584112131037,"dmean2":0.00116839492694,"dvar":0.000583717192058,"dvar2":0.00175101193599,"max":1,"mean":0.999707996845,"median":1,"min":0,"var":0.000291943841148},"silence_rate_60dB":{"dmean":0.0007301401929,"dmean2":0.00146049365867,"dvar":0.000729600666091,"dvar2":0.00175043393392,"max":1,"mean":0.0131406048313,"median":0,"min":0,"var":0.012967932038},"spectral_centroid":{"dmean":290.838470459,"dmean2":451.004058838,"dvar":91592.828125,"dvar2":207819.75,"max":11445.4033203,"mean":1975.90161133,"median":2039.66760254,"min":105.788703918,"var":632471.875},"spectral_complexity":{"dmean":5.33455038071,"dmean2":8.20622158051,"dvar":25.0178794861,"dvar2":53.8099632263,"max":61,"mean":32.569278717,"median":35,"min":0,"var":144.12298584},"spectral_contrast_coeffs":{"dmean":[0.049516428262,0.0466932281852,0.0390393473208,0.0307748056948,0.0217584725469,0.0207819286734],"dmean2":[0.0802730694413,0.076050363481,0.0629289597273,0.0503388158977,0.0352000594139,0.0329468473792],"dvar":[0.00158064917196,0.00154939771164,0.00104263611138,0.00066677457653,0.000338616519002,0.000371503352653],"dvar2":[0.00416747666895,0.00395611813292,0.00262563163415,0.00164199154824,0.000816875835881,0.000876041071024],"max":[-0.327766180038,-0.442326009274,-0.496333569288,-0.603014826775,-0.597604393959,-0.578486084938],"mean":[-0.655718743801,-0.761117398739,-0.78164434433,-0.789180397987,-0.788417220116,-0.7552973032],"median":[-0.657415032387,-0.770614206791,-0.793725252151,-0.794174432755,-0.791094303131,-0.759106814861],"min":[-0.977301537991,-0.974389314651,-0.980572223663,-0.982501864433,-0.980290234089,-0.97726136446],"var":[0.0053433207795,0.00475076073781,0.0042598163709,0.00214984733611,0.00115021062084,0.00243749492802]},"spectral_contrast_valleys":{"dmean":[0.36331564188,0.367573529482,0.290651202202,0.278739959002,0.253001779318,0.329978883266],"dmean2":[0.597351491451,0.592173576355,0.463035702705,0.430991023779,0.385970026255,0.472624599934],"dvar":[0.097976565361,0.108132094145,0.0626862719655,0.0682930648327,0.0746809765697,0.150901243091],"dvar2":[0.24250100553,0.264891028404,0.142150267959,0.141260311007,0.152643144131,0.316650539637],"max":[-5.06435632706,-4.83103990555,-5.19557905197,-5.6776971817,-5.3998298645,-7.17872333527],"mean":[-6.79542303085,-6.7909784317,-6.95997285843,-7.12956857681,-6.74693155289,-9.60952472687],"median":[-6.63410758972,-6.67981958389,-6.80234289169,-6.93271446228,-6.49645185471,-9.25047683716],"min":[-28.2363815308,-27.6443996429,-27.8530063629,-27.6399288177,-27.4640846252,-27.4024066925],"var":[2.14850783348,2.04784846306,2.0644133091,2.05799794197,2.16704583168,2.85358166695]},"spectral_decrease":{"dmean":3.8507637079e-9,"dmean2":6.21248208432e-9,"dvar":2.6537613375e-17,"dvar2":6.5159339574e-17,"max":1.96969429496e-28,"mean":-8.98313601283e-9,"median":-7.63183116703e-9,"min":-3.77275632957e-8,"var":3.27899754946e-17},"spectral_energy":{"dmean":0.0150134321302,"dmean2":0.0241532679647,"dvar":0.000381121557439,"dvar2":0.000929238274693,"max":0.14483101666,"mean":0.0372051373124,"median":0.0324512794614,"min":1.01423862235e-20,"var":0.000492981343996},"spectral_energyband_high":{"dmean":0.000964720034972,"dmean2":0.00149121612776,"dvar":0.00000311221833726,"dvar2":0.00000628000225333,"max":0.0352300852537,"mean":0.00201317039318,"median":0.00129104312509,"min":7.22603818935e-21,"var":0.00000716438262316},"spectral_energyband_low":{"dmean":0.012678260915,"dmean2":0.0207493789494,"dvar":0.000402291276259,"dvar2":0.00100766588002,"max":0.134195610881,"mean":0.0182666312903,"median":0.0113068288192,"min":1.01854848628e-23,"var":0.000425279926276},"spectral_energyband_middle_high":{"dmean":0.00285056536086,"dmean2":0.00443733017892,"dvar":0.0000124118205349,"dvar2":0.0000289463332592,"max":0.0509774461389,"mean":0.00846456550062,"median":0.00714519293979,"min":1.18176907085e-21,"var":0.0000383727820008},"spectral_energyband_middle_low":{"dmean":0.00402615964413,"dmean2":0.00645299395546,"dvar":0.0000244898164965,"dvar2":0.0000639086647425,"max":0.091097690165,"mean":0.0105705307797,"median":0.00878145452589,"min":1.5815532763e-22,"var":0.0000475931556139},"spectral_entropy":{"dmean":0.131217852235,"dmean2":0.187198981643,"dvar":0.0235408730805,"dvar2":0.0448332950473,"max":9.82470798492,"mean":7.90516519547,"median":7.93865633011,"min":5.67395067215,"var":0.133941829205},"spectral_flux":{"dmean":0.034020613879,"dmean2":0.053147919476,"dvar":0.00142496405169,"dvar2":0.00306161795743,"max":0.329267770052,"mean":0.109870672226,"median":0.100539237261,"min":6.63527635614e-11,"var":0.00271539087407},"spectral_kurtosis":{"dmean":1.17423081398,"dmean2":1.93703091145,"dvar":3.49310994148,"dvar2":9.60275745392,"max":40.9863243103,"mean":3.77255010605,"median":3.5809264183,"min":-1.24646532536,"var":5.3558011055},"spectral_rms":{"dmean":0.0011038017692,"dmean2":0.00172710325569,"dvar":0.00000148380456721,"dvar2":0.00000350348022948,"max":0.0118869068101,"mean":0.00577582186088,"median":0.00562670268118,"min":3.14563371011e-12,"var":0.00000293752327707},"spectral_rolloff":{"dmean":857.520751953,"dmean2":1388.1619873,"dvar":1548173.75,"dvar2":2986517.25,"max":19401.4160156,"mean":2264.83789062,"median":1981.0546875,"min":64.599609375,"var":4769765},"spectral_skewness":{"dmean":0.188026800752,"dmean2":0.29894682765,"dvar":0.0477586500347,"dvar2":0.111662261188,"max":4.51008415222,"mean":1.31078088284,"median":1.31948673725,"min":-0.0619437545538,"var":0.115477137268},"spectral_spread":{"dmean":606131.25,"dmean2":846228.3125,"dvar":693181415424,"dvar2":1049698369540,"max":41705792,"mean":4894588.5,"median":4450136,"min":1644473.875,"var":7404402507780},"spectral_strongpeak":{"dmean":0.514733493328,"dmean2":0.900455951691,"dvar":0.839789152145,"dvar2":2.21944189072,"max":10.2095279694,"mean":0.71271365881,"median":0.350796222687,"min":0,"var":1.08397805691},"zerocrossingrate":{"dmean":0.0155856404454,"dmean2":0.0180174857378,"dvar":0.000316738267429,"dvar2":0.000345793232555,"max":0.50927734375,"mean":0.0820436552167,"median":0.0732421875,"min":0.00439453125,"var":0.00269753951579}},"metadata":{"audio_properties":{"analysis_sample_rate":44100,"bit_rate":0,"codec":"flac","downmix":"mix","equal_loudness":0,"length":159,"lossless":true,"md5_encoded":"cc5b22f395592e9cb44d6c943e1478b6","replay_gain":-14.9631233215},"tags":{"acoustid_id":["1c56e6e2-2c8f-4730-8caa-94ad0e5a126c"],"album":["Siren Song of the Counter Culture"],"albumartist":["Rise Against"],"artist":["Rise Against"],"date":["2005-05-09"],"discnumber":["1"],"disctotal":["1"],"file_name":"02 - Rise Against - The First Drop.flac","musicbrainz_albumartistid":["606bf117-494f-4864-891f-09d63ff6aa4b"],"musicbrainz_albumid":["1f21c9ce-fb91-4e27-9086-4e6fbd0a604d"],"musicbrainz_artistid":["606bf117-494f-4864-891f-09d63ff6aa4b"],"musicbrainz_recordingid":["2697e505-b296-4345-b6e2-7c6856fed76d"],"musicbrainz_releasegroupid":["4dbed05b-d989-3729-b58a-c1e54b323141"],"replaygain_album_gain":["-10.64 dB"],"replaygain_album_peak":["1.000000"],"replaygain_track_gain":["-11.15 dB"],"replaygain_track_peak":["1.000000"],"title":["The First Drop"],"tracknumber":["2"],"tracktotal":["13"]},"version":{"essentia":"2.1-beta1","essentia_build_sha":"46c2b6830b139c2e69ed9f3e0d9145e1b8fbae31","essentia_git_sha":"v2.1_beta1-6-g5578087","extractor":"music 1.0"}},"rhythm":{"beats_count":384,"beats_loudness":{"dmean":0.0145814279094,"dmean2":0.0264476556331,"dvar":0.000195645043277,"dvar2":0.000636259792373,"max":0.0987138077617,"mean":0.0369182489812,"median":0.0353277549148,"min":0,"var":0.000267623661784},"beats_loudness_band_ratio":{"dmean":[0.194569721818,0.0888349786401,0.0785799697042,0.0815285593271,0.0723899677396,0.0792440399528],"dmean2":[0.359022289515,0.156453028321,0.138803914189,0.145894929767,0.128700211644,0.144373074174],"dvar":[0.0236505437642,0.00814383570105,0.00658800452948,0.00783775094897,0.00520428549498,0.00743695953861],"dvar2":[0.0784702971578,0.0228828750551,0.0175949595869,0.0232903454453,0.0150543358177,0.0215811729431],"max":[0.909944355488,0.678441166878,0.593050658