{"lowlevel":{"average_loudness":0.935052275658,"barkbands":{"dmean":[0.0000667424028507,0.00247245607898,0.00452710082754,0.00178533163853,0.00159686605912,0.00051313044969,0.000306440837448,0.000343344872817,0.00109634443652,0.00113489385694,0.00139890692662,0.000538331340067,0.00132427341305,0.000783809169661,0.000856912462041,0.00046179961646,0.000291030330118,0.000230500285397,0.000104522645415,0.0000957503943937,0.0000852619559737,0.000138097209856,0.000161946823937,0.000232663660427,0.000199516973225,0.0000188621415873,6.58694318645e-7],"dmean2":[0.000110961176688,0.00424990663305,0.00744962505996,0.00309314252809,0.00276804412715,0.000819641922135,0.000486483972054,0.000533647136763,0.00170219957363,0.0017161462456,0.00209832913242,0.000830757897347,0.00213794293813,0.00126802397426,0.00136561633553,0.00073673366569,0.000465358258225,0.000357522425475,0.000168787533767,0.000151790125528,0.000136983566335,0.00021692282462,0.000246266601607,0.000344917294569,0.000305372785078,0.0000280151889456,0.00000101490616089],"dvar":[1.8384701761e-8,0.0000215356867557,0.0000631795046502,0.0000112579864435,0.0000124988100652,0.00000163158267696,6.89629132467e-7,5.1451439731e-7,0.00000510109384777,0.00000961046862358,0.00000960366378422,0.00000161888624461,0.00000815797102405,0.0000030896003409,0.00000226838324124,0.0000012405949974,3.60223253892e-7,1.28038550429e-7,3.95219856841e-8,2.38709940703e-8,2.33595365273e-8,4.24589750025e-8,1.29214257072e-7,4.2382359311e-7,4.48035905265e-7,2.83635626097e-9,1.94828268102e-12],"dvar2":[4.64961011915e-8,0.0000630787617411,0.000148864623043,0.0000321990592056,0.0000357999488187,0.00000408756886827,0.00000153164330641,0.00000115808575174,0.0000123148556668,0.0000209277495742,0.0000229633606068,0.00000403496414947,0.0000222421022045,0.00000833797821542,0.00000580195819566,0.00000344663226315,8.30860983569e-7,2.52160589298e-7,1.00966346395e-7,5.42632285772e-8,6.20388860284e-8,1.117290509e-7,3.03760373299e-7,9.54975917011e-7,0.00000103142292573,6.56157483903e-9,4.76895432866e-12],"max":[0.00138713000342,0.0644832924008,0.148584738374,0.0364615917206,0.041509911418,0.0163346026093,0.0111538339406,0.0129183866084,0.0267318803817,0.059414640069,0.0403651148081,0.0231523904949,0.0326006449759,0.0235464703292,0.0163600910455,0.0170930083841,0.00921882037073,0.00834517087787,0.00293401675299,0.00227608461864,0.00319112325087,0.00418918067589,0.00689041102305,0.0109065063298,0.0113646090031,0.000914038042538,0.0000157078811753],"mean":[0.000093013382866,0.00495809921995,0.00996620208025,0.00309616024606,0.00225498480722,0.000700285308994,0.000398507341743,0.000473857624456,0.00169928139076,0.0021701825317,0.00241615041159,0.000940887781326,0.00197379244491,0.00115829799324,0.0015793768689,0.000789817597251,0.000561860040762,0.00049347197637,0.000219736946747,0.000218350323848,0.000213311388507,0.000361530896043,0.000366638560081,0.000481057591969,0.00040178411291,0.0000331462542817,0.00000110232360839],"median":[0.0000352565402864,0.00365436077118,0.00444844225422,0.00156070059165,0.00131960702129,0.000297172518913,0.000122274534078,0.000195866712602,0.000599139602855,0.000403188372729,0.000330089067575,0.000186915131053,0.000389638997149,0.000278476189123,0.000637618009932,0.000270841730526,0.000269417418167,0.000319785060128,0.000120503245853,0.000126783328597,0.000110443565063,0.000223728566198,0.000163972596056,0.000262121815467,0.000196669032448,0.0000151973745233,3.66391844864e-7],"min":[7.44383044093e-9,1.53555557159e-9,1.7015619469e-10,9.56240087113e-11,1.10486939042e-10,4.33115036891e-11,3.10158981831e-11,1.36250767613e-11,1.58352202878e-11,1.07282117218e-11,4.93834487192e-12,1.27366268574e-11,1.14873700829e-11,8.61017073611e-12,6.37218359675e-12,6.3495111946e-12,8.4565453598e-12,3.58340549074e-12,5.29845698566e-12,5.01936513186e-12,6.17471481931e-12,5.4136621401e-12,4.02711067618e-12,5.97867762242e-12,7.69367815984e-12,1.11432911509e-11,6.13446793363e-10],"var":[2.19784226374e-8,0.0000290278803732,0.000320727704093,0.0000192849747691,0.0000105129638541,0.00000199178793991,9.22897015698e-7,7.80661139288e-7,0.00000855070902617,0.0000283374247374,0.0000237786334765,0.00000424566178481,0.0000150146606757,0.00000497406108479,0.00000550317827219,0.00000234220874518,8.00316115601e-7,3.78783227006e-7,9.27796932615e-8,8.27703843242e-8,8.85109443516e-8,2.19584038064e-7,3.06711058329e-7,6.31277487173e-7,6.20872185664e-7,3.82394205189e-9,3.27470537666e-12]},"barkbands_crest":{"dmean":2.20723891258,"dmean2":3.56408834457,"dvar":3.97013831139,"dvar2":10.8619556427,"max":25.1266155243,"mean":9.74231052399,"median":8.85229206085,"min":2.84522533417,"var":18.4203300476},"barkbands_flatness_db":{"dmean":0.0188791211694,"dmean2":0.0297607500106,"dvar":0.000435488036601,"dvar2":0.00100953062065,"max":0.420842170715,"mean":0.138102337718,"median":0.11442232132,"min":0.0441981479526,"var":0.00586164044216},"barkbands_kurtosis":{"dmean":4.29560470581,"dmean2":6.7882900238,"dvar":239.018066406,"dvar2":540.818786621,"max":279.24331665,"mean":9.15947532654,"median":0.291478872299,"min":-1.92569375038,"var":1073.41772461},"barkbands_skewness":{"dmean":0.55590826273,"dmean2":0.875998973846,"dvar":0.622452914715,"dvar2":1.4144256115,"max":14.271938324,"mean":1.57390451431,"median":0.916709721088,"min":-1.49499154091,"var":4.87577152252},"barkbands_spread":{"dmean":6.70848369598,"dmean2":10.6185703278,"dvar":80.106842041,"dvar2":163.236984253,"max":111.75138855,"mean":29.6562194824,"median":27.5187129974,"min":0.351351827383,"var":330.115447998},"dissonance":{"dmean":0.0197838358581,"dmean2":0.0339843817055,"dvar":0.000426086859079,"dvar2":0.00124090129975,"max":0.499999910593,"mean":0.458628326654,"median":0.467938363552,"min":0.246138826013,"var":0.00106083590072},"dynamic_complexity":3.32563686371,"erbbands":{"dmean":[0.0533702038229,0.670248985291,4.13503408432,6.08613777161,5.58983755112,5.17778730392,3.78033685684,4.46689081192,3.78395318985,5.44136190414,9.89231491089,25.0214328766,22.4233016968,45.9985275269,50.5850410461,20.6832065582,43.2822608948,53.224407196,51.6292266846,29.1655845642,16.9474945068,14.11810112,13.527089119,5.6648774147,5.79953193665,4.36715555191,3.15049767494,3.86492681503,5.07196044922,3.98870921135,5.4056968689,4.84687280655,3.91302800179,2.93823432922,1.04190826416,0.171168148518,0.0220473501831,0.00184405676555,0.0001249898487,0.0000181336272362],"dmean2":[0.0860052704811,1.16916000843,6.98289632797,10.4267787933,9.61751079559,9.0263671875,6.29149675369,7.33449792862,6.10099315643,8.78630447388,15.2416114807,39.0254631042,33.0544891357,70.3284606934,78.2595214844,32.194480896,69.9483108521,85.3806152344,81.7682113647,46.655872345,25.4119586945,22.078207016,20.8599319458,8.86678123474,9.36050224304,6.75039291382,5.13897037506,6.16475820541,8.08182525635,6.16255187988,8.19725418091,7.25780439377,5.89105844498,4.5253162384,1.61183834076,0.257652550936,0.0320786163211,0.00275197229348,0.000184336284292,0.0000277380695479],"dvar":[0.010099475272,1.63298499584,51.086151123,132.509140015,143.799865723,118.568389893,66.3611755371,132.894805908,94.0198135376,272.962493896,374.939453125,3034.36352539,2350.04272461,15979.9111328,15505.1103516,1919.29455566,7727.27148438,15113.1103516,8425.87304688,3485.07104492,1132.58618164,693.557739258,435.913238525,69.0925292969,109.543785095,42.8212013245,27.0507659912,44.0865402222,58.1182899475,47.7697296143,159.846343994,135.584335327,159.672134399,90.8475570679,13.1249465942,0.322997063398,0.00267653190531,0.0000147019864016,7.30858360498e-8,7.56099405308e-10],"dvar2":[0.0240808017552,4.90861320496,129.35333252,372.278686523,412.580200195,330.449920654,175.043838501,328.050842285,238.122970581,584.373291016,862.580200195,7416.71777344,4899.45751953,35997.5976562,38647.5507812,4578.28710938,20147.7558594,42718.3632812,20640.3554688,9900.77734375,2767.04833984,1506.59985352,928.313354492,159.233413696,281.781219482,92.1517028809,71.3303604126,112.80078125,154.283615112,104.080596924,394.457550049,284.75692749,373.851531982,206.881103516,30.9255466461,0.753136515617,0.00570458127186,0.0000321221559716,1.72323098013e-7,1.77822634395e-9],"max":[1.16650426388,18.6450939178,106.929222107,220.131774902,144.508300781,107.917434692,114.869407654,134.394042969,128.764785767,307.887908936,264.841339111,825.362426758,787.127441406,2353.43286133,1873.70898438,878.660522461,1101.47229004,1389.62463379,1050.81091309,779.501586914,527.554748535,411.676208496,475.813934326,106.919235229,181.295532227,104.785774231,61.8903465271,158.932006836,155.811813354,95.872505188,234.542724609,173.143630981,241.500320435,160.438827515,54.1572608948,9.66029071808,0.79365003109,0.0469813346863,0.0034618191421,0.000401647208491],"mean":[0.108710348606,1.34978044033,9.02004146576,12.772061348,9.263630867,6.73929357529,5.65606975555,5.78478097916,5.06233787537,7.41760635376,14.8768453598,37.5966529846,45.3006706238,91.1052856445,91.7534179688,41.1274490356,69.7867202759,83.5985183716,97.8127822876,56.2292861938,33.8927764893,30.3922653198,29.7675380707,13.0469274521,12.9367399216,10.1759357452,7.2489323616,10.2319602966,12.9397888184,10.2065753937,11.7522172928,9.87686347961,7.9924788475,6.16153907776,1.87081110477,0.304930597544,0.0410750620067,0.00350659852847,0.000253170815995,0.0000633028612356],"median":[0.0508562140167,1.07478928566,5.28698539734,6.05259370804,5.75407028198,3.48939752579,2.5830578804,2.34890842438,1.84779071808,2.81591582298,6.63081598282,14.1056003571,14.895822525,16.0593318939,16.7874183655,12.6079854965,19.6294841766,17.4274215698,40.7579193115,26.8003292084,14.9414567947,16.4343242645,19.3085098267,8.57035160065,7.08436155319,6.5362534523,3.96345019341,5.45009851456,7.80967712402,5.52297353745,4.85706424713,4.41037511826,4.68963384628,3.02021002769,0.982943117619,0.137074843049,0.0207428000867,0.00151724240277,0.000126062543131,0.0000590817544435],"min":[1.11881313103e-7,1.60531712368e-7,2.13121850834e-7,2.77419673012e-7,3.59112050319e-7,3.51331607362e-7,3.38179603432e-7,3.60845746172e-7,4.46211942062e-7,3.78484941166e-7,2.98187700309e-7,3.66644911765e-7,3.73868004999e-7,2.52389298794e-7,3.27510150555e-7,4.73644746535e-7,4.93952313718e-7,5.08406117206e-7,4.70366586569e-7,2.4933530085e-7,4.16522112801e-7,3.942466833e-7,2.07928266605e-7,2.89678240506e-7,2.64455707111e-7,2.23882778982e-7,2.27960313737e-7,2.92651975542e-7,1.55577069449e-7,1.39735561788e-7,9.24666210267e-8,1.20380192925e-7,1.10653246566e-7,7.47724300254e-8,4.76309516273e-8,3.48747803969e-8,2.25559091405e-8,1.46061918116e-8,2.65602899674e-8,1.52102366258e-8],"var":[0.0244197249413,1.83006370068,181.559509277,497.304382324,134.990310669,112.08253479,86.4035263062,150.942825317,111.82762146,425.898223877,575.434204102,4309.01220703,6450.10253906,40689.5039062,35638.5742188,5915.54052734,15758.1757812,26089.4707031,21306.6308594,6878.28808594,3088.92700195,1901.57775879,1356.52062988,212.185317993,329.037780762,157.7215271,87.2777099609,191.978088379,304.277618408,175.154846191,367.752044678,252.220794678,207.788818359,130.087921143,17.2621803284,0.412265121937,0.00451041385531,0.0000286715239781,1.32866787794e-7,1.83600401549e-9]},"erbbands_crest":{"dmean":2.67406082153,"dmean2":4.31178379059,"dvar":5.92014360428,"dvar2":15.0981178284,"max":29.0341854095,"mean":10.1362905502,"median":9.44515800476,"min":2.03692913055,"var":19.3532791138},"erbbands_flatness_db":{"dmean":0.016115475446,"dmean2":0.02468778193,"dvar":0.000238653883571,"dvar2":0.000518092187122,"max":0.290215790272,"mean":0.154769748449,"median":0.147782087326,"min":0.0230712071061,"var":0.00209928420372},"erbbands_kurtosis":{"dmean":1.18902826309,"dmean2":1.93848562241,"dvar":2.37926149368,"dvar2":5.62701797485,"max":16.4298629761,"mean":1.75615239143,"median":0.922082901001,"min":-1.7510420084,"var":8.49911785126},"erbbands_skewness":{"dmean":0.372111171484,"dmean2":0.583778858185,"dvar":0.146402075887,"dvar2":0.308081656694,"max":3.73821926117,"mean":0.314390569925,"median":0.272378444672,"min":-3.3880648613,"var":0.878162264824},"erbbands_spread":{"dmean":9.44911766052,"dmean2":14.6710777283,"dvar":143.833953857,"dvar2":334.872711182,"max":166.439041138,"mean":39.2561950684,"median":33.1856689453,"min":4.62128400803,"var":641.877441406},"gfcc":{"cov":[[13233.4873047,-3307.81420898,-1826.22937012,830.366577148,-1719.03381348,581.338500977,-791.536132812,361.592651367,-509.989196777,266.61605835,-145.017944336,294.349304199,-22.8160457611],[-3307.81420898,1600.2800293,188.675521851,-382.561096191,575.525634766,-187.231719971,329.682159424,-155.160720825,184.037811279,-160.605194092,68.0158233643,-159.666259766,-0.939173817635],[-1826.22937012,188.675521851,830.223205566,130.731231689,165.297714233,-119.068664551,-17.7656784058,-33.9130783081,93.9861679077,11.3814067841,6.92326545715,-0.777899205685,-4.95307350159],[830.366577148,-382.561096191,130.731231689,484.041259766,-156.436782837,-133.917785645,-229.943359375,0.0915962159634,47.3059577942,-5.7495136261,-48.4317703247,40.7834815979,18.7111816406],[-1719.03381348,575.525634766,165.297714233,-156.436782837,423.547454834,-22.3427028656,149.555664062,-23.4481735229,73.6164245605,-26.1679859161,16.8563232422,-49.6506156921,33.439037323],[581.338500977,-187.231719971,-119.068664551,-133.917785645,-22.3427028656,295.01071167,136.630508423,50.8385772705,-95.9898376465,44.26820755,40.3480529785,10.4911432266,-2.05925893784],[-791.536132812,329.682159424,-17.7656784058,-229.943359375,149.555664062,136.630508423,290.345397949,5.13724565506,-34.1431922913,-40.9586639404,52.1749191284,-33.1358413696,-13.0737733841],[361.592651367,-155.160720825,-33.9130783081,0.0915962159634,-23.4481735229,50.8385772705,5.13724565506,119.597946167,-4.88419342041,11.4400644302,-6.4030957222,22.4340419769,16.9409599304],[-509.989196777,184.037811279,93.9861679077,47.3059577942,73.6164245605,-95.9898376465,-34.1431922913,-4.88419342041,123.055580139,-10.2959260941,-25.0657558441,-28.5191249847,8.42060184479],[266.61605835,-160.605194092,11.3814067841,-5.7495136261,-26.1679859161,44.26820755,-40.9586639404,11.4400644302,-10.2959260941,106.106147766,18.3637809753,21.3885993958,0.032352078706],[-145.017944336,68.0158233643,6.92326545715,-48.4317703247,16.8563232422,40.3480529785,52.1749191284,-6.4030957222,-25.0657558441,18.3637809753,80.0904388428,24.6093730927,-2.27882933617],[294.349304199,-159.666259766,-0.777899205685,40.7834815979,-49.6506156921,10.4911432266,-33.1358413696,22.4340419769,-28.5191249847,21.3885993958,24.6093730927,85.0450057983,30.7872390747],[-22.8160457611,-0.939173817635,-4.95307350159,18.7111816406,33.439037323,-2.05925893784,-13.0737733841,16.9409599304,8.42060184479,0.032352078706,-2.27882933617,30.7872390747,71.2050094604]],"icov":[[0.000493304862175,-0.000284303183435,0.000799035187811,-0.000812723999843,0.00104278908111,-0.00111676228698,0.000913144496735,-0.000825054536108,0.000883070693817,-0.000600150204264,0.00082061131252,-0.000453332817415,0.000383529026294],[-0.000284303183435,0.00500427000225,-0.000368447770597,0.00277397735044,-0.00337425945327,0.00365711934865,-0.00284876092337,0.00370275694877,-0.00496192136779,0.00432089390233,-0.00592187186703,0.00419241702184,-0.00191069149878],[0.000799035187811,-0.000368447770597,0.00291227083653,-0.00200689397752,0.00082015193766,-0.00138138968032,0.00101073540282,-0.0010816793656,0.000753468659241,-0.00154521025252,0.0011327265529,-0.00138604757376,0.00154608662706],[-0.000812723999843,0.00277397735044,-0.00200689397752,0.00649803970009,-0.00199022656307,0.00305546750315,0.0000832130172057,0.00292473705485,-0.0046050879173,0.00461353361607,-0.00375596806407,0.00173519831151,-0.00205650832504],[0.00104278908111,-0.00337425945327,0.00082015193766,-0.00199022656307,0.00862583518028,-0.00322089553811,0.00100580393337,-0.0030782725662,0.0024408318568,-0.00403920933604,0.00432826578617,-0.00101503019687,-0.00206667906605],[-0.00111676228698,0.00365711934865,-0.00138138968032,0.00305546750315,-0.00322089553811,0.0122861759737,-0.00779047328979,0.00149124441668,-0.000476688175695,-0.000627040746622,-0.0051746298559,0.00518188346177,-0.00347535382025],[0.000913144496735,-0.00284876092337,0.00101073540282,0.0000832130172057,0.00100580393337,-0.00779047328979,0.0134264416993,-0.00357117527165,0.00383065640926,0.00304096378386,-0.000294342578854,-0.00130693579558,0.00302193849348],[-0.000825054536108,0.00370275694877,-0.0010816793656,0.00292473705485,-0.0030782725662,0.00149124441668,-0.00357117527165,0.0139428665861,-0.00671061873436,0.00346748880111,-0.00239055370912,-0.0000741971889511,-0.00279596750624],[0.000883070693817,-0.00496192136779,0.000753468659241,-0.0046050879173,0.0024408318568,-0.000476688175695,0.00383065640926,-0.00671061873436,0.0205382797867,-0.00652743410319,0.00726771028712,0.00102100742515,-0.0000148048111441],[-0.000600150204264,0.00432089390233,-0.00154521025252,0.00461353361607,-0.00403920933604,-0.000627040746622,0.00304096378386,0.00346748880111,-0.00652743410319,0.0185497812927,-0.00923373457044,0.00183019798715,-0.00016637754743],[0.00082061131252,-0.00592187186703,0.0011327265529,-0.00375596806407,0.00432826578617,-0.0051746298559,-0.000294342578854,-0.00239055370912,0.00726771028712,-0.00923373457044,0.0270187426358,-0.0134880617261,0.00542438216507],[-0.000453332817415,0.00419241702184,-0.00138604757376,0.00173519831151,-0.00101503019687,0.00518188346177,-0.00130693579558,-0.0000741971889511,0.00102100742515,0.00183019798715,-0.0134880617261,0.0269169937819,-0.0124295949936],[0.000383529026294,-0.00191069149878,0.00154608662706,-0.00205650832504,-0.00206667906605,-0.00347535382025,0.00302193849348,-0.00279596750624,-0.0000148048111441,-0.00016637754743,0.00542438216507,-0.0124295949936,0.0224293712527]],"mean":[14.9129915237,78.9788360596,-110.41859436,39.8190116882,-49.0608940125,45.3288230896,-39.1074943542,13.6530952454,-23.9113750458,-7.77164745331,-22.6626033783,-9.88908672333,-9.54946136475]},"hfc":{"dmean":10.2495174408,"dmean2":15.3683271408,"dvar":224.938751221,"dvar2":511.044952393,"max":241.278121948,"mean":37.7918510437,"median":34.549156189,"min":0.0000256331768469,"var":732.618896484},"melbands":{"dmean":[0.000573228520807,0.00167709565721,0.000973307352979,0.000397460942622,0.000143726283568,0.0000972607231233,0.000061224149249,0.0000589584815316,0.0000927683649934,0.0001658580004,0.000119784810522,0.000189566344488,0.000184305477887,0.0000753228232497,0.0000604373381066,0.000133564535645,0.0000951469046413,0.0000886439229362,0.0000491536266054,0.0000419806056016,0.0000181748164323,0.0000170026669366,0.0000138573541335,0.0000110824348667,0.00000449490062238,0.00000460847741124,0.00000441722249889,0.00000282371274807,0.00000225823259825,0.00000218216132453,0.00000257025430983,0.00000305622415908,0.00000296081498163,0.00000225651956498,0.00000311042595058,0.00000307851905745,0.00000319861305798,0.00000282353789771,0.00000295007657769,0.00000251304504673],"dmean2":[0.000967565225437,0.00285140634514,0.00163329276256,0.000690742919687,0.000241475339863,0.000158025257406,0.0000977806485025,0.0000956964795478,0.000145366808283,0.000258633401245,0.000174920278369,0.000290779978968,0.00027810051688,0.000118551753985,0.00009433413652,0.000215439649764,0.000153156826855,0.00014275193098,0.0000783919604146,0.0000680712546455,0.0000275284182862,0.0000268942767434,0.0000214665342355,0.0000175091372512,0.00000712587097951,0.00000748773527448,0.00000705728280082,0.00000444140505351,0.0000037318586692,0.00000353842119694,0.00000414330770582,0.00000487618399347,0.00000472423835163,0.0000035074688185,0.00000485754435431,0.00000475099341202,0.00000486091721541,0.00000431696071246,0.00000451741470897,0.00000396098084821],"dvar":[0.00000108628046291,0.0000084650109784,0.00000303214665109,8.09707330518e-7,8.18963883376e-8,6.09653767469e-8,2.40221336156e-8,2.80227308025e-8,4.23736992161e-8,1.18837938601e-7,7.36841059279e-8,2.8527878726e-7,1.78706301313e-7,2.36066135528e-8,1.88607192086e-8,8.67928804382e-8,5.26084633634e-8,2.74197713424e-8,7.70480479417e-9,1.10577911272e-8,1.89103488424e-9,1.16450848964e-9,7.13229308946e-10,2.40412523222e-10,4.84945347767e-11,8.74541827844e-11,6.68396865633e-11,1.96388530438e-11,1.4216884614e-11,1.6196681149e-11,1.88986656185e-11,2.20621403091e-11,2.20647076998e-11,1.76293753901e-11,5.68465066686e-11,4.281697219e-11,6.58856580404e-11,8.71521951828e-11,7.34662886082e-11,6.75544065132e-11],"dvar2":[0.00000297738984045,0.000022179525331,0.00000830603494251,0.00000232360730479,2.13837125784e-7,1.50123810272e-7,5.86997259688e-8,6.10948660551e-8,9.98576936695e-8,2.89792552621e-7,1.53521611423e-7,6.40562802801e-7,4.30148190844e-7,5.93937805604e-8,4.23265262839e-8,2.41026270942e-7,1.45183321365e-7,6.55276224393e-8,1.91985787268e-8,3.10653298641e-8,4.63325422473e-9,2.74854716764e-9,1.64675439951e-9,5.56605650459e-10,1.16068175904e-10,2.31746177803e-10,1.62854327246e-10,4.61895695303e-11,3.77242403982e-11,4.2668965583e-11,5.00951259641e-11,6.06098574107e-11,5.53923643065e-11,3.87487784914e-11,1.44850229034e-10,8.95999316408e-11,1.4777801205e-10,2.07935890728e-10,1.68099562048e-10,1.56160376297e-10],"max":[0.0116904713213,0.0401604324579,0.0317662321031,0.0111029790714,0.00311976065859,0.00302097108215,0.0019746478647,0.00357468682341,0.00241353712045,0.00501030264422,0.00496240472421,0.0101750381291,0.00610054843128,0.00291511463001,0.00276502384804,0.00339965615422,0.00311228679493,0.00201040925458,0.000938610115554,0.00177712016739,0.000801079440862,0.000507859454956,0.00059290509671,0.000198932088097,0.0000982503916021,0.000166757410625,0.000124624566524,0.0000826777613838,0.0000497971122968,0.0000698927397025,0.0000910871167434,0.0000948846281972,0.0000775724329287,0.0000637703124085,0.000143392622704,0.000094708702818,0.000114185480925,0.000175007182406,0.000152020482346,0.000133206485771],"mean":[0.00115151540376,0.00383940851316,0.00219614827074,0.000568278657738,0.000215070060221,0.000128536528791,0.000080287871242,0.0000809690827737,0.000133315450512,0.000252952100709,0.000234695675317,0.000370357593056,0.000333819625666,0.000129093634314,0.000102470381535,0.000202401730348,0.000136882008519,0.000156640744535,0.0000913791227504,0.0000709266969352,0.0000334924407071,0.0000330793918693,0.0000280677595583,0.0000231334270211,0.00000874588567967,0.00000921949504118,0.00000929423822527,0.00000600957537245,0.00000434196908827,0.00000477424737255,0.00000638985784462,0.00000722013282939,0.00000698498161,0.00000514146086061,0.00000669180008117,0.00000612279654888,0.00000612582061876,0.00000531792011316,0.00000612110534348,0.00000484912288812],"median":[0.000745324185118,0.0024769580923,0.00114115281031,0.000354800897185,0.0000949745444814,0.000051568444178,0.000027461679565,0.000034375127143,0.0000521991387359,0.0000919780068216,0.0000669276705594,0.0000494615669595,0.0000518234519404,0.0000359208352165,0.0000273073419521,0.0000351193084498,0.0000222018825298,0.0000559095096833,0.0000353328541678,0.0000223024453589,0.000012542181139,0.000015624000298,0.0000165761557582,0.0000137845809149,0.00000510480640514,0.00000465968605567,0.00000494418418384,0.00000381317659048,0.00000212208487937,0.00000240969689003,0.00000339455255016,0.00000408827281717,0.00000371252644982,0.0000026613204227,0.00000251138226304,0.00000267233940576,0.00000259810281023,0.00000258416571342,0.00000305671096612,0.00000221943082579],"min":[1.08053599401e-9,1.3951730049e-10,5.11716502505e-11,2.61296834864e-11,1.25253332012e-11,8.23137738526e-12,6.70298755737e-12,3.87950565769e-12,2.41876397383e-12,2.28196151211e-12,1.82961133223e-12,1.02519739659e-12,8.53754404413e-13,1.50745583551e-12,8.37766162866e-13,1.29980878491e-12,8.7083595543e-13,8.15125419419e-13,3.7771402759e-13,3.94796039393e-13,5.15865616283e-13,4.61859066617e-13,2.55675201063e-13,1.75878205771e-13,2.47373952919e-13,1.69767181541e-13,2.10001598901e-13,1.30381057513e-13,1.38020630623e-13,1.359102582e-13,1.99083032503e-13,9.85866255169e-14,6.95051451832e-14,8.59397053304e-14,4.61528262981e-14,7.35763040121e-14,7.01127591857e-14,6.13265474102e-14,1.06694255481e-13,4.70697597923e-14],"var":[0.00000189340198631,0.0000267448831437,0.0000112716952572,6.44765577817e-7,1.18147660544e-7,7.25318756167e-8,2.88813808424e-8,4.43890755264e-8,6.06494836575e-8,1.85643528994e-7,2.01224693797e-7,7.5868769045e-7,4.60363935417e-7,5.65035129796e-8,4.95746093065e-8,1.64460686847e-7,8.62189608597e-8,6.17866362518e-8,1.99239416077e-8,1.95714200402e-8,4.5731951559e-9,2.81465029062e-9,1.74683600918e-9,7.38385130816e-10,1.18884846412e-10,2.01473490669e-10,1.98973351684e-10,6.05719779889e-11,3.67757074793e-11,4.84927722977e-11,7.72960515039e-11,9.38471036993e-11,9.61122362253e-11,4.75369604791e-11,1.30778513019e-10,8.98262506044e-11,1.0769569958e-10,1.06277202316e-10,1.10702322309e-10,9.14705117205e-11]},"melbands_crest":{"dmean":2.7896797657,"dmean2":4.57806682587,"dvar":6.9152598381,"dvar2":19.9865570068,"max":32.0989723206,"mean":15.4035921097,"median":14.3390579224,"min":4.76330375671,"var":29.4552059174},"melbands_flatness_db":{"dmean":0.0232431348413,"dmean2":0.0365817993879,"dvar":0.000656831543893,"dvar2":0.00155747553799,"max":0.556552708149,"mean":0.201950669289,"median":0.171872958541,"min":0.0478508621454,"var":0.0108432341367},"melbands_kurtosis":{"dmean":10.3876504898,"dmean2":16.5960693359,"dvar":755.796203613,"dvar2":1894.41442871,"max":504.428863525,"mean":23.5601768494,"median":4.99238491058,"min":-1.43701195717,"var":2467.95703125},"melbands_skewness":{"dmean":0.801100254059,"dmean2":1.25905287266,"dvar":0.991693198681,"dvar2":2.19039130211,"max":16.7939739227,"mean":2.98063468933,"median":2.20404052734,"min":-0.924827456474,"var":7.3134522438},"melbands_spread":{"dmean":7.93764400482,"dmean2":12.8779153824,"dvar":128.151031494,"dvar2":315.030944824,"max":208.274902344,"mean":31.1443004608,"median":31.0870246887,"min":0.410849422216,"var":435.782867432},"mfcc":{"cov":[[11495.0771484,-2098.6237793,-1133.29980469,-431.554595947,-411.012145996,-332.859313965,-297.698699951,-101.552650452,-253.070785522,-355.098144531,9.27949523926,-16.0105781555,-8.27914714813],[-2098.6237793,1239.98400879,-152.930618286,-120.879402161,27.0782928467,101.149551392,148.759124756,79.1850662231,68.9452362061,96.6600265503,80.5376358032,-61.5125350952,-59.093547821],[-1133.29980469,-152.930618286,635.427490234,241.22857666,91.7713470459,12.3409986496,-70.9702911377,-31.7210407257,-22.3540725708,22.2730674744,-69.8697128296,100.261184692,39.9972610474],[-431.554595947,-120.879402161,241.22857666,459.524261475,149.23449707,-69.2384109497,-234.354217529,-32.6035575867,-9.87972640991,2.42967653275,-129.733123779,58.4691238403,37.8930778503],[-411.012145996,27.0782928467,91.7713470459,149.23449707,206.106887817,-7.09453392029,-80.6706237793,-33.4003181458,47.1651191711,29.4057769775,-33.5946578979,0.752602219582,19.4381713867],[-332.859313965,101.149551392,12.3409986496,-69.2384109497,-7.09453392029,148.514404297,105.799362183,0.562212824821,3.10827851295,21.6052017212,34.1241836548,-15.1894836426,-9.4846534729],[-297.698699951,148.759124756,-70.9702911377,-234.354217529,-80.6706237793,105.799362183,307.11529541,75.5039672852,20.3593559265,-15.387336731,100.105064392,-36.2543029785,-10.4997816086],[-101.552650452,79.1850662231,-31.7210407257,-32.6035575867,-33.4003181458,0.562212824821,75.5039672852,124.877052307,29.9923057556,-5.17189836502,5.40830278397,-7.26463270187,-6.29630947113],[-253.070785522,68.9452362061,-22.3540725708,-9.87972640991,47.1651191711,3.10827851295,20.3593559265,29.9923057556,97.3285980225,39.269733429,-0.306383192539,-29.7749633789,2.10218596458],[-355.098144531,96.6600265503,22.2730674744,2.42967653275,29.4057769775,21.6052017212,-15.387336731,-5.17189836502,39.269733429,102.692382812,8.25553607941,-18.180847168,-15.496594429],[9.27949523926,80.5376358032,-69.8697128296,-129.733123779,-33.5946578979,34.1241836548,100.105064392,5.40830278397,-0.306383192539,8.25553607941,117.544906616,-5.88680315018,-23.6110191345],[-16.0105781555,-61.5125350952,100.261184692,58.4691238403,0.752602219582,-15.1894836426,-36.2543029785,-7.26463270187,-29.7749633789,-18.180847168,-5.88680315018,81.8006439209,24.695892334],[-8.27914714813,-59.093547821,39.9972610474,37.8930778503,19.4381713867,-9.4846534729,-10.4997816086,-6.29630947113,2.10218596458,-15.496594429,-23.6110191345,24.695892334,63.6528396606]],"icov":[[0.000249338889262,0.000433744571637,0.000481777591631,0.00027110913652,0.0000358660472557,0.0000378953227482,0.000390814733692,-0.000163023927598,0.000285913556581,0.00026438923669,-0.0000628850539215,-0.000112519650429,0.0000892690877663],[0.000433744571637,0.00179738330189,0.00111777812708,0.000393950729631,-0.000346608838299,-0.000288888550131,0.000334901822498,-0.000816826883238,0.000564311631024,-0.000414812646341,-0.00026816589525,-0.000315822660923,0.000728843151592],[0.000481777591631,0.00111777812708,0.00366386957467,-0.000646287749987,-0.000517989275977,-0.000252342055319,-0.000742044998333,0.000280525127891,0.000896397745237,-0.00100694643334,0.00125398591626,-0.00347262457944,0.000746493460611],[0.00027110913652,0.000393950729631,-0.000646287749987,0.00625582039356,-0.00271163298748,-0.000165561868926,0.00355531321838,-0.00192670896649,0.0014686465729,0.00083782162983,0.00239916797727,-0.00094556005206,-0.000305501482217],[0.0000358660472557,-0.000346608838299,-0.000517989275977,-0.00271163298748,0.0089088184759,-0.000775332911871,0.000991131644696,0.00251794257201,-0.00511506479234,0.000601162319072,-0.00156334391795,0.00140152487438,-0.00160927465186],[0.0000378953227482,-0.000288888550131,-0.000252342055319,-0.000165561868926,-0.000775332911871,0.0107035608962,-0.00508540729061,0.00239616050385,0.00169903563801,-0.002818135079,0.00113873393275,-0.0000310814175464,0.000915935845114],[0.000390814733692,0.000334901822498,-0.000742044998333,0.00355531321838,0.000991131644696,-0.00508540729061,0.0117469569668,-0.00534858787432,-0.000644126906991,0.00424196152017,-0.00557428132743,0.00381886633113,-0.00343559822068],[-0.000163023927598,-0.000816826883238,0.000280525127891,-0.00192670896649,0.00251794257201,0.00239616050385,-0.00534858787432,0.0129860499874,-0.00526237301528,0.000497705943417,0.00293838372454,-0.00280290096998,0.0026539452374],[0.000285913556581,0.000564311631024,0.000896397745237,0.0014686465729,-0.00511506479234,0.00169903563801,-0.000644126906991,-0.00526237301528,0.0190803073347,-0.00606367038563,0.00061294803163,0.00459438422695,-0.00334960455075],[0.00026438923669,-0.000414812646341,-0.00100694643334,0.00083782162983,0.000601162319072,-0.002818135079,0.00424196152017,0.000497705943417,-0.00606367038563,0.0155575834215,-0.00263550831005,0.00220224494115,0.00208451901563],[-0.0000628850539215,-0.00026816589525,0.00125398591626,0.00239916797727,-0.00156334391795,0.00113873393275,-0.00557428132743,0.00293838372454,0.00061294803163,-0.00263550831005,0.0169204045087,-0.00628447812051,0.00559762585908],[-0.000112519650429,-0.000315822660923,-0.00347262457944,-0.00094556005206,0.00140152487438,-0.0000310814175464,0.00381886633113,-0.00280290096998,0.00459438422695,0.00220224494115,-0.00628447812051,0.0225492976606,-0.0083381421864],[0.0000892690877663,0.000728843151592,0.000746493460611,-0.000305501482217,-0.00160927465186,0.000915935845114,-0.00343559822068,0.0026539452374,-0.00334960455075,0.00208451901563,0.00559762585908,-0.0083381421864,0.0223644599319]],"mean":[-622.723327637,98.3335800171,12.4728546143,6.51625823975,21.4750213623,18.6716632843,9.25284099579,14.5833301544,9.43303871155,4.67166805267,-0.0150061063468,-7.65641498566,-7.964802742]},"pitch_salience":{"dmean":0.0625524371862,"dmean2":0.103602297604,"dvar":0.00387704814784,"dvar2":0.00976578425616,"max":0.781343281269,"mean":0.476274162531,"median":0.471286088228,"min":0.0387088097632,"var":0.0139157883823},"silence_rate_20dB":{"dmean":0,"dmean2":0,"dvar":0,"dvar2":0,"max":1,"mean":1,"median":1,"min":1,"var":0},"silence_rate_30dB":{"dmean":0.00570342224091,"dmean2":0.0114176971838,"dvar":0.00567080359906,"dvar2":0.0112875215709,"max":1,"mean":0.979107320309,"median":1,"min":0,"var":0.0204564202577},"silence_rate_60dB":{"dmean":0.00380228133872,"dmean2":0.00761179812253,"dvar":0.00378788402304,"dvar2":0.00755398860201,"max":1,"mean":0.0626780614257,"median":0,"min":0,"var":0.0587494671345},"spectral_centroid":{"dmean":225.187454224,"dmean2":347.015045166,"dvar":172191.484375,"dvar2":251269.265625,"max":10958.0722656,"mean":1396.68322754,"median":1423.00769043,"min":136.678283691,"var":504373.40625},"spectral_complexity":{"dmean":3.2015209198,"dmean2":4.76593732834,"dvar":12.3035125732,"dvar2":24.980386734,"max":46,"mean":19.2355175018,"median":20,"min":0,"var":94.2730560303},"spectral_contrast_coeffs":{"dmean":[0.0460387766361,0.0455978959799,0.0407026596367,0.0364099405706,0.0220373589545,0.0149635467678],"dmean2":[0.0752124041319,0.0742156431079,0.0657509788871,0.0582765191793,0.0340546183288,0.0238677244633],"dvar":[0.00155473314226,0.00142007542308,0.00115179852583,0.000868459930643,0.000357688229997,0.000181548006367],"dvar2":[0.00457908818498,0.00364357349463,0.00276884064078,0.00205501494929,0.000800429086667,0.00039385742275],"max":[-0.333282858133,-0.432389527559,-0.424110889435,-0.517517805099,-0.656060695648,-0.70362341404],"mean":[-0.632847130299,-0.745426774025,-0.712394654751,-0.710790216923,-0.773601055145,-0.795800507069],"median":[-0.642704248428,-0.751261413097,-0.724832773209,-0.706102371216,-0.771874785423,-0.797518193722],"min":[-0.929507791996,-0.955358743668,-0.96678173542,-0.963374733925,-0.958849430084,-0.961781024933],"var":[0.00577009888366,0.0047519444488,0.00896946527064,0.00642487592995,0.00239310855977,0.0016713202931]},"spectral_contrast_valleys":{"dmean":[0.371876835823,0.380870640278,0.319575846195,0.304189383984,0.244270473719,0.254905462265],"dmean2":[0.598575174809,0.61030960083,0.491148620844,0.451604217291,0.347811371088,0.353437572718],"dvar":[0.362998425961,0.309971183538,0.24595078826,0.245752230287,0.268015533686,0.232610061765],"dvar2":[0.501363515854,0.414940327406,0.253473490477,0.258287578821,0.298804074526,0.26868057251],"max":[-5.10485219955,-5.12200641632,-5.81123018265,-6.06270170212,-6.06899356842,-7.33008003235],"mean":[-7.02006721497,-7.32544755936,-7.44011926651,-7.7899479866,-7.77916955948,-9.44677352905],"median":[-6.86882781982,-7.1753950119,-7.24505901337,-7.61182594299,-7.47916030884,-9.03340339661],"min":[-27.9812316895,-27.2894859314,-27.1890087128,-27.1783103943,-27.3256187439,-27.2611598969],"var":[0.992963373661,1.25315439701,1.25769674778,1.44518518448,2.06631731987,2.67817854881]},"spectral_decrease":{"dmean":2.66359534429e-9,"dmean2":4.30708668731e-9,"dvar":1.16431585558e-17,"dvar2":2.92569084274e-17,"max":-2.24586571976e-15,"mean":-9.16559539377e-9,"median":-8.25822787931e-9,"min":-4.94424874375e-8,"var":4.15880967916e-17},"spectral_energy":{"dmean":0.0106050800532,"dmean2":0.0170954242349,"dvar":0.000174660221091,"dvar2":0.00043708353769,"max":0.192524597049,"mean":0.0380208678544,"median":0.0351995974779,"min":1.08014086564e-8,"var":0.000639821693767},"spectral_energyband_high":{"dmean":0.000681639707182,"dmean2":0.000975536124315,"dvar":0.00000227613190873,"dvar2":0.0000048338661145,"max":0.0244729164988,"mean":0.00194843835197,"median":0.00130114180502,"min":5.00425145766e-10,"var":0.00000566590688322},"spectral_energyband_low":{"dmean":0.00672132847831,"dmean2":0.0114628570154,"dvar":0.000128374260385,"dvar2":0.000339238642482,"max":0.181671097875,"mean":0.0168313030154,"median":0.0115549042821,"min":4.78066564114e-9,"var":0.00046132071293},"spectral_energyband_middle_high":{"dmean":0.00403547426686,"dmean2":0.00620906008407,"dvar":0.000030052549846,"dvar2":0.0000753130661906,"max":0.0678696706891,"mean":0.0122222620994,"median":0.00841891206801,"min":7.91103432762e-11,"var":0.000149103521835},"spectral_energyband_middle_low":{"dmean":0.00416258955374,"dmean2":0.00687512708828,"dvar":0.0000408375199186,"dvar2":0.000111635774374,"max":0.0629844292998,"mean":0.00891749374568,"median":0.0069104381837,"min":3.14213127739e-10,"var":0.0000621823855909},"spectral_entropy":{"dmean":0.155527353287,"dmean2":0.234731882811,"dvar":0.0401817299426,"dvar2":0.0735928863287,"max":9.79501533508,"mean":7.6351017952,"median":7.80742168427,"min":5.21516561508,"var":0.397256225348},"spectral_flux":{"dmean":0.0239675361663,"dmean2":0.0386496856809,"dvar":0.000706391176209,"dvar2":0.00163515261374,"max":0.312921881676,"mean":0.091633297503,"median":0.0882658213377,"min":0.000103929822217,"var":0.00216153543442},"spectral_kurtosis":{"dmean":1.46151566505,"dmean2":2.41903614998,"dvar":8.47860145569,"dvar2":24.4670066833,"max":54.23254776,"mean":4.74853754044,"median":2.25641679764,"min":-1.31003212929,"var":69.5580444336},"spectral_rms":{"dmean":0.000814536993857,"dmean2":0.00129219645169,"dvar":7.95963273958e-7,"dvar2":0.00000191775529856,"max":0.0137050673366,"mean":0.00571083370596,"median":0.005860125646,"min":0.00000324622237713,"var":0.00000447995262221},"spectral_rolloff":{"dmean":556.507019043,"dmean2":963.586425781,"dvar":1496210.875,"dvar2":3171304.5,"max":10637.4023438,"mean":1827.88708496,"median":1528.85742188,"min":107.666015625,"var":3233174.75},"spectral_skewness":{"dmean":0.206282779574,"dmean2":0.317063122988,"dvar":0.0694958046079,"dvar2":0.161032184958,"max":5.91821622849,"mean":1.61308693886,"median":1.40597224236,"min":-0.200576528907,"var":0.772666931152},"spectral_spread":{"dmean":686436,"dmean2":994189.3125,"dvar":2281740173310,"dvar2":2983328481280,"max":39657536,"mean":5949360.5,"median":5727370,"min":1532868.5,"var":5815388864510},"spectral_strongpeak":{"dmean":0.833274245262,"dmean2":1.39785051346,"dvar":1.91249012947,"dvar2":4.76004648209,"max":10.3895235062,"mean":1.37557625771,"median":0.422576159239,"min":0,"var":3.64744710922},"zerocrossingrate":{"dmean":0.0111213941127,"dmean2":0.0133238993585,"dvar":0.000235433297348,"dvar2":0.000304113054881,"max":0.31884765625,"mean":0.0751201957464,"median":0.07373046875,"min":0.0029296875,"var":0.00187378807459}},"metadata":{"audio_properties":{"analysis_sample_rate":44100,"bit_rate":0,"codec":"flac","downmix":"mix","equal_loudness":0,"length":24.4266662598,"lossless":true,"md5_encoded":"06beebd1db4f079470b3dc8ce0e6448b","replay_gain":-11.107925415},"tags":{"album":["Tommy"],"albumartist":["The Who"],"albumartistsort":["Who, The"],"artist":["The Who"],"artistsort":["Who, The"],"asin":["B000002OZY"],"barcode":["008811141721"],"catalognumber":["MCAD-11417"],"date":["1996-03-12"],"file_name":"11 Do You Think It's Alright?.flac","format":["CD"],"genre":["Rock"],"isrc":["GBAKW6900114"],"label":["MCA Records"],"language":["eng"],"musicbrainz_albumartistid":["9fdaa16b-a6c4-4831-b87c-bc9ca8ce7eaa"],"musicbrainz_albumid":["cc6adf85-1f08-49fe-b074-22621cffc37a"],"musicbrainz_artistid":["9fdaa16b-a6c4-4831-b87c-bc9ca8ce7eaa"],"musicbrainz_recordingid":["269b02ca-6d20-47cf-8029-5fd6423c9380"],"producer":["Jon Astley"],"releasecountry":["US"],"releasestatus":["official"],"releasetype":["album"],"replaygain_album_gain":["-6.53 dB"],"replaygain_album_peak":["0.98202515"],"replaygain_reference_loudness":["89.0 dB"],"replaygain_track_gain":["-5.84 dB"],"replaygain_track_peak":["0.97732544"],"script":["Latn"],"title":["Do You Think It's Alright?"],"totaltracks":["24"],"tracknumber":["11"],"tracktotal":["24"]},"version":{"essentia":"2.1-beta1","essentia_build_sha":"eef087cf131c10083d474ad51def18efd0e38295","essentia_git_sha":"v2.1_beta1-7-ge0e83e8-dirty","extractor":"music 1.0"}},"rhythm":{"beats_count":53,"beats_loudness":{"dmean":0.0249843429774,"dmean2":0.0463111549616,"dvar":0.0010151542956,"dvar2":0.00308300880715,"max":0.192063227296,"mean":0.0503006987274,"median":0.0452754572034,"min":0.000271372846328,"var":0.000910087663215},"beats_loudness_band_ratio":{"dmean":[0.204265832901,0.0553112253547,0.0553710609674,0.138280540705,0.0868509635329,0.0592144057155],"dmean2":[0.330437481403,0.0982148945332,0.