{"lowlevel":{"average_loudness":0.929447412491,"barkbands":{"dmean":[0.00360677321441,0.00683917105198,0.00185658747796,0.000818155938759,0.00102636450902,0.00154023640789,0.00197257986292,0.000866763468366,0.0012921403395,0.00116755894851,0.00144736201037,0.00115895445924,0.000536312931217,0.000501012371387,0.000372521608369,0.000253259640886,0.000149115148815,0.00011747667304,0.000100930330518,0.0000966815423453,0.0000849109201226,0.0000346175766026,0.0000150317782754,0.00000526158646608,0.00000248741389441,0.00000489161811856,0.000270461081527],"dmean2":[0.00592626398429,0.0116233723238,0.00317473895848,0.00137781037483,0.001668616198,0.00250447681174,0.00311543256976,0.00140425853897,0.00210269843228,0.00189900014084,0.00233838544227,0.00189764006063,0.000901479681488,0.000845798116643,0.000623122206889,0.000422441662522,0.000253830250585,0.000195413056645,0.000158602837473,0.000151601678226,0.000128585350467,0.0000521180372743,0.0000222556263907,0.00000831767647469,0.00000417244837081,0.00000743939835957,0.000443800265202],"dvar":[0.0000843669113237,0.000135533919092,0.0000127206049001,0.00000169382394688,0.00000359244563697,0.00000641033511783,0.0000138681716635,0.00000366177914657,0.00000641066344542,0.00000518747810929,0.00000963924958342,0.00000435960419054,8.58979944951e-7,5.27138126927e-7,3.66233024351e-7,2.04285242944e-7,5.97177489681e-8,6.22526385996e-8,1.21697738109e-7,1.32588240831e-7,1.38791392601e-7,2.17216626908e-8,2.14723905323e-9,5.09098319057e-10,1.64182209494e-11,1.02152217241e-10,1.10147595933e-7],"dvar2":[0.00020536541706,0.000380763871362,0.0000342483435816,0.00000452168160336,0.00000901810290088,0.000016523494196,0.0000341084414686,0.00000900428494788,0.0000164609937201,0.0000126433596961,0.0000240086228587,0.0000111229765025,0.00000226261840908,0.00000141328371228,9.22807942061e-7,5.18483034284e-7,1.5770493178e-7,1.45650659533e-7,2.32584937976e-7,2.79599049691e-7,2.85388807697e-7,5.04257862133e-8,4.46796821763e-9,1.15750109497e-9,4.09988536176e-11,2.03609018534e-10,2.86497595425e-7],"max":[0.132366240025,0.170335963368,0.0386782921851,0.028848497197,0.0500812865794,0.0738774091005,0.0828694477677,0.0423694513738,0.0467563346028,0.0397683344781,0.0454959571362,0.049733851105,0.0282279960811,0.0150701981038,0.0147341508418,0.0122483996674,0.00533945532516,0.00941302254796,0.025671409443,0.0173513311893,0.0174727104604,0.00849870685488,0.00216752430424,0.00179762230255,0.0000562776367588,0.000568544957787,0.00660760840401],"mean":[0.00379762658849,0.00892578158528,0.00214610109106,0.00112691195682,0.00169600872323,0.00262087048031,0.00344395614229,0.00125857559033,0.00225321715698,0.00179460446816,0.00262841279618,0.00207496806979,0.000974433030933,0.000974282738753,0.000719741045032,0.000484780059196,0.000266193790594,0.00020749970281,0.00020091458282,0.000195601242012,0.000161674732226,0.0000604735214438,0.0000237365311477,0.00000569107987758,0.00000253510961556,0.00000784513031249,0.000952245143708],"median":[0.00123602687381,0.00553020695224,0.00103203346953,0.00062394561246,0.00107961869799,0.00166481395718,0.00164884561673,0.00046667738934,0.000912103103474,0.000781699549407,0.000552972080186,0.0009264870896,0.000675239891279,0.000748202262912,0.000528879696503,0.000354625168256,0.000198700581677,0.000117643234262,0.000108607484435,0.000093973663752,0.0000575412850594,0.0000225997628149,0.00000771076793171,0.00000177669869572,0.00000105122705918,0.00000406549861509,0.000964762060903],"min":[8.2401108159e-10,7.85650766666e-10,5.12940454001e-11,1.89377021009e-11,5.43708966738e-10,1.49054282805e-10,1.99388533462e-10,3.21611487442e-10,8.73313782401e-11,6.53581966326e-10,1.69501856995e-10,4.60998489382e-10,4.76392147952e-10,2.66843186436e-10,4.3881887013e-10,4.37556324506e-10,5.46828693437e-10,6.1860028211e-10,4.1192163569e-10,3.94737909026e-10,6.57656151759e-10,6.15168527229e-10,3.08190195586e-10,9.70973579317e-11,3.06329683841e-11,1.47307444021e-10,6.69201527526e-10],"var":[0.0000774815343902,0.000125881881104,0.0000121266712085,0.0000023539726044,0.00000522089203514,0.0000104265845948,0.0000302974567603,0.00000603198350291,0.0000157349386427,0.00000911746701604,0.0000275652746495,0.0000105023336801,0.00000185857538781,0.0000011597634284,7.49639468722e-7,3.70605931721e-7,9.34752293347e-8,1.1577733261e-7,2.32786305787e-7,2.64400085825e-7,2.65376939979e-7,2.79309659845e-8,3.40921846309e-9,5.101727929e-10,1.75687936421e-11,1.71237801716e-10,5.8720428342e-7]},"barkbands_crest":{"dmean":2.74568963051,"dmean2":4.51250314713,"dvar":5.62524461746,"dvar2":15.0849380493,"max":25.5825119019,"mean":9.27380657196,"median":8.36636066437,"min":2.13287234306,"var":16.2833766937},"barkbands_flatness_db":{"dmean":0.0247334819287,"dmean2":0.0393969416618,"dvar":0.000601416511927,"dvar2":0.00151267147157,"max":0.524312078953,"mean":0.141228452325,"median":0.125659272075,"min":0.0243100784719,"var":0.00353443692438},"barkbands_kurtosis":{"dmean":3.4843082428,"dmean2":5.7494893074,"dvar":75.1499404907,"dvar2":194.354721069,"max":363.566558838,"mean":5.91706037521,"median":2.83349514008,"min":-1.76224303246,"var":144.135513306},"barkbands_skewness":{"dmean":0.517635583878,"dmean2":0.83725464344,"dvar":0.380021780729,"dvar2":0.985485851765,"max":16.1813831329,"mean":1.63435971737,"median":1.38851773739,"min":-1.30767774582,"var":1.29818892479},"barkbands_spread":{"dmean":5.96713256836,"dmean2":9.61927127838,"dvar":39.3886451721,"dvar2":95.1784820557,"max":98.8337631226,"mean":25.7136898041,"median":25.2109699249,"min":0.624336957932,"var":212.656600952},"dissonance":{"dmean":0.0218473896384,"dmean2":0.0372620001435,"dvar":0.000456235720776,"dvar2":0.0012561645126,"max":0.500000178814,"mean":0.465713709593,"median":0.473838120699,"min":0.191715061665,"var":0.000817444699351},"dynamic_complexity":2.82918906212,"erbbands":{"dmean":[0.312490820885,1.21692991257,2.23530364037,2.19685745239,2.75869464874,3.8488638401,8.11708831787,14.8092088699,30.4558639526,18.8523197174,22.4011955261,27.8356170654,30.7952613831,39.6024017334,54.5030059814,38.5549316406,23.3142127991,20.7111968994,21.4352874756,16.9360275269,10.6258296967,8.46911907196,6.47236776352,5.42178058624,4.77763795853,4.76320981979,4.49573469162,2.28270220757,1.35289740562,0.680713474751,0.382313489914,0.173311233521,0.0585829168558,0.0291754938662,0.0173655413091,0.0117211313918,0.0103948116302,0.00902790203691,0.00672292709351,0.00560044543818],"dmean2":[0.531073272228,2.07366657257,3.80535292625,3.69680333138,4.64013147354,6.29334068298,12.965678215,24.2867450714,47.8922653198,30.4063491821,36.2270011902,45.3391609192,50.352973938,63.7327651978,87.9439926147,62.946521759,38.9636268616,35.0660095215,35.6153526306,28.2772045135,17.7137985229,14.3811435699,10.8264665604,8.7971496582,7.389980793,7.5266418457,6.90438842773,3.42034459114,2.0445086956,1.00212395191,0.566370606422,0.265826284885,0.0958318710327,0.0488804653287,0.0289551354945,0.0191895570606,0.0157154873013,0.0127981165424,0.00944600999355,0.00894916243851],"dvar":[0.426624774933,3.17566943169,15.0913162231,13.742565155,27.8986244202,55.2049446106,214.265045166,604.568359375,3575.63867188,1688.79333496,2256.56225586,3757.27294922,3277.34472656,8097.48291016,11905.40625,5054.15673828,1670.47253418,942.396118164,1022.38067627,871.039245605,315.369628906,191.127227783,182.143814087,218.763763428,477.118988037,298.258422852,479.331817627,65.681602478,38.1182670593,4.31508302689,1.63646793365,0.796873092651,0.0310039669275,0.00260485778563,0.000775046122726,0.000535593077075,0.000780566188041,0.000320821680361,0.000243568400037,0.0000436375412391],"dvar2":[1.17644226551,9.17639732361,40.6482467651,36.796295166,72.5457229614,136.934173584,530.206359863,1576.01184082,8611.34765625,4207.95751953,5516.64453125,9532.21289062,8260.62207031,19799.15625,30078.78125,12905.6230469,4426.65527344,2502.42358398,2658.01660156,2173.87011719,779.160522461,508.405822754,449.559020996,475.194274902,1025.83374023,660.712219238,975.440734863,133.867477417,89.6470336914,9.27919769287,3.35486674309,1.84344446659,0.0647583156824,0.00627367151901,0.00192449335009,0.00111885659862,0.00157790060621,0.000582458334975,0.000427848834079,0.000107360872789],"max":[9.82884407043,28.263420105,48.9539985657,78.9282608032,235.817077637,183.684692383,300.380981445,637.943481445,1272.4440918,982.768493652,1248.44030762,1237.77160645,1021.78491211,1787.56591797,1611.00366211,1998.43774414,1415.01074219,925.886413574,897.928344727,940.692749023,547.29083252,297.303039551,420.681152344,809.180419922,1795.96008301,823.774841309,1134.12158203,387.439147949,392.753082275,111.495330811,67.7659072876,70.5371246338,13.1689033508,1.91091763973,0.392894089222,1.45305860043,1.97567093372,0.921564817429,1.32374286652,0.130650609732],"mean":[0.365335255861,1.59594166279,2.77634596825,3.15351915359,3.99524664879,5.88960123062,13.5930585861,25.0894470215,51.4607391357,32.1423301697,36.0849189758,50.2143211365,51.4203796387,70.3490371704,111.377471924,76.4359970093,46.2875785828,44.8789863586,45.706161499,35.1275939941,22.5216655731,15.9736032486,11.647986412,10.6790914536,9.72421169281,9.52776241302,8.58369827271,4.32451152802,2.37379741669,1.20360565186,0.580768942833,0.208525300026,0.0583083853126,0.0294304341078,0.0181053299457,0.0128036197275,0.0162392575294,0.0221479982138,0.0239131618291,0.0286038555205],"median":[0.177636817098,1.0173047781,1.52744781971,1.89978146553,2.35344099998,3.3759393692,7.97322797775,15.352098465,24.6229953766,13.20677948,14.8742237091,19.41365242,26.9951400757,22.8843326569,33.0907592773,35.7632522583,33.8969764709,36.5538024902,35.5836372375,26.8928489685,18.4707603455,12.1371183395,6.83796405792,6.45290994644,4.77458286285,4.37062215805,3.0169813633,1.76238799095,0.904923021793,0.437846124172,0.182078614831,0.0620277710259,0.0198332872242,0.0119926864281,0.00778811983764,0.00562462769449,0.00808303244412,0.0112963719293,0.0152771258727,0.0310549754649],"min":[3.22941922093e-8,1.41859189284e-7,1.1851678039e-7,7.53053726044e-8,4.10165199582e-7,0.00000241103793996,0.00000189931938621,0.00000152442078161,0.00000269049428425,0.00000262135404228,0.00000823453228804,0.0000027533260436,0.0000130272692331,0.0000138765690281,0.00000936962715059,0.0000203910894925,0.0000217385822907,0.000016418791347,0.0000230608075071,0.0000193102805497,0.0000259168682533,0.0000312612683047,0.0000332024283125,0.0000274059693766,0.0000174874003278,0.0000208082474273,0.0000247352309088,0.000024825496439,0.0000222289545491,0.0000151820813699,0.00000901188286662,0.00000386968122257,5.8161964489e-7,3.78678237212e-7,2.33117560811e-7,1.18507678337e-7,4.01744500778e-7,3.594961413e-7,9.75713234652e-8,1.14967750875e-8],"var":[0.356469929218,3.33866429329,15.3461885452,16.1996688843,32.757774353,83.7445526123,348.293273926,999.632629395,7498.70556641,3592.6628418,4044.78100586,9678.56445312,5950.57666016,18206.6269531,40452.5429688,13502.6152344,3828.97387695,2417.14916992,2413.56445312,1798.70178223,614.694641113,318.936218262,317.426086426,404.929077148,790.607849121,573.384033203,950.567321777,118.918716431,46.3599662781,7.37143945694,2.45515155792,0.785730361938,0.0374516844749,0.00295893265866,0.000850082782563,0.000731346954126,0.00109256629366,0.0010894103907,0.00122319732327,0.000408810476074]},"erbbands_crest":{"dmean":2.58503746986,"dmean2":4.12871789932,"dvar":5.91659498215,"dvar2":14.377579689,"max":30.3273487091,"mean":9.43097305298,"median":8.26922512054,"min":2.5781545639,"var":21.9464569092},"erbbands_flatness_db":{"dmean":0.0233170539141,"dmean2":0.0358632653952,"dvar":0.000441609881818,"dvar2":0.00105631316546,"max":0.420416682959,"mean":0.171814695001,"median":0.170222744346,"min":0.0542913712561,"var":0.00186914589722},"erbbands_kurtosis":{"dmean":1.13812184334,"dmean2":1.79707217216,"dvar":2.58645677567,"dvar2":5.90956544876,"max":47.9069290161,"mean":1.38929021358,"median":0.548997879028,"min":-1.66734039783,"var":7.9890332222},"erbbands_skewness":{"dmean":0.356723934412,"dmean2":0.556128978729,"dvar":0.107756212354,"dvar2":0.246785402298,"max":4.59076118469,"mean":0.374708712101,"median":0.295400291681,"min":-3.39331555367,"var":0.504144728184},"erbbands_spread":{"dmean":4.95790958405,"dmean2":7.66934585571,"dvar":31.1977233887,"dvar2":68.1318511963,"max":122.814445496,"mean":22.378824234,"median":20.5499744415,"min":1.98955976963,"var":129.278381348},"gfcc":{"cov":[[5350.99072266,-1409.49743652,-1562.52062988,47.5751457214,344.100830078,-284.686981201,538.262878418,-318.343322754,133.164627075,-93.7173309326,-78.6824951172,48.6456184387,-84.3814849854],[-1409.49743652,875.032897949,353.367889404,-264.092651367,-25.1921291351,20.656036377,-126.618118286,60.3772468567,-5.79744911194,25.3767528534,54.965385437,-55.4511108398,62.6281051636],[-1562.52062988,353.367889404,804.301635742,116.615264893,-184.341384888,202.75958252,-286.215454102,183.562744141,-80.8139648438,57.5074195862,21.2390155792,-13.5701084137,14.0591678619],[47.5751457214,-264.092651367,116.615264893,394.683197021,36.7671661377,-8.20548248291,40.7962188721,-19.1107025146,-1.43498587608,-23.8024673462,-36.3365440369,25.7419090271,-70.1271438599],[344.100830078,-25.1921291351,-184.341384888,36.7671661377,246.429260254,-37.2006111145,107.117584229,-59.3109436035,13.8386392593,-52.5892028809,-2.52371001244,-11.9441423416,9.6382894516],[-284.686981201,20.656036377,202.75958252,-8.20548248291,-37.2006111145,215.40725708,-79.7248916626,75.8317947388,-67.0040054321,-1.81973838806,-6.74421548843,9.84479808807,20.4297962189],[538.262878418,-126.618118286,-286.215454102,40.7962188721,107.117584229,-79.7248916626,251.584609985,-92.8838882446,60.616607666,-43.7675437927,-20.8890552521,27.0416488647,-24.755115509],[-318.343322754,60.3772468567,183.562744141,-19.1107025146,-59.3109436035,75.8317947388,-92.8838882446,172.704391479,-9.71292877197,46.4674339294,16.1908226013,-26.9349308014,22.973690033],[133.164627075,-5.79744911194,-80.8139648438,-1.43498587608,13.8386392593,-67.0040054321,60.616607666,-9.71292877197,119.15284729,39.6547966003,13.0390138626,1.84475839138,-21.5688323975],[-93.7173309326,25.3767528534,57.5074195862,-23.8024673462,-52.5892028809,-1.81973838806,-43.7675437927,46.4674339294,39.6547966003,92.9235534668,39.4398269653,-5.41096973419,4.04556035995],[-78.6824951172,54.965385437,21.2390155792,-36.3365440369,-2.52371001244,-6.74421548843,-20.8890552521,16.1908226013,13.0390138626,39.4398269653,65.4270858765,23.7484531403,18.1635894775],[48.6456184387,-55.4511108398,-13.5701084137,25.7419090271,-11.9441423416,9.84479808807,27.0416488647,-26.9349308014,1.84475839138,-5.41096973419,23.7484531403,80.3585510254,17.3834896088],[-84.3814849854,62.6281051636,14.0591678619,-70.1271438599,9.6382894516,20.4297962189,-24.755115509,22.973690033,-21.5688323975,4.04556035995,18.1635894775,17.3834896088,73.7149200439]],"icov":[[0.000648651795927,0.000736754736863,0.000907801906578,0.000151569591253,-0.000214883810258,-0.000156586480443,0.0000304337372654,0.0000601557985647,-0.0000751889601815,-0.000131127992063,-0.0000928594381548,0.000214606159716,0.000108053987788],[0.000736754736863,0.0043765376322,-0.00264523620717,0.00375443138182,-0.00163009134121,0.00165282550734,-0.00131314445753,0.00118401483633,-0.000757294066716,0.00120676215738,-0.00168619770557,0.0019560768269,-0.000187265817658],[0.000907801906578,-0.00264523620717,0.00855609122664,-0.00550687965006,0.00287699699402,-0.00423788418993,0.003953976091,-0.0018697710475,-0.000274840684142,-0.000224515490117,-0.000790690304711,0.000221674257773,-0.000800793350209],[0.000151569591253,0.00375443138182,-0.00550687965006,0.0089781600982,-0.00450012413785,0.00396056799218,-0.00223818956874,-0.00000953569360718,0.00146305316593,-0.00141967111267,0.00379117648117,-0.00423436239362,0.00588768580928],[-0.000214883810258,-0.00163009134121,0.00287699699402,-0.00450012413785,0.00932168215513,-0.00300898379646,-0.00107811379712,0.00138833222445,-0.0024840622209,0.00610833242536,-0.00718952249736,0.00738487578928,-0.0059025385417],[-0.000156586480443,0.00165282550734,-0.00423788418993,0.00396056799218,-0.00300898379646,0.0099313436076,-0.00104355579242,-0.00271623721346,0.00431775813922,-0.00183449592441,0.00463842088357,-0.00511905923486,0.0025579649955],[0.0000304337372654,-0.00131314445753,0.003953976091,-0.00223818956874,-0.00107811379712,-0.00104355579242,0.0101334983483,-0.0000705983184162,-0.00364451878704,0.00182548724115,0.0023605900351,-0.00377029296942,0.0012632436119],[0.0000601557985647,0.00118401483633,-0.0018697710475,-0.00000953569360718,0.00138833222445,-0.00271623721346,-0.0000705983184162,0.0113019738346,-0.00230522360653,-0.00100653886329,-0.00342280161567,0.00688976561651,-0.00496492860839],[-0.0000751889601815,-0.000757294066716,-0.000274840684142,0.00146305316593,-0.0024840622209,0.00431775813922,-0.00364451878704,-0.00230522360653,0.0170468166471,-0.0110317813233,0.00462559098378,-0.00530692515895,0.00632928218693],[-0.000131127992063,0.00120676215738,-0.000224515490117,-0.00141967111267,0.00610833242536,-0.00183449592441,0.00182548724115,-0.00100653886329,-0.0110317813233,0.0280070286244,-0.0180560909212,0.00996115338057,-0.00451153423637],[-0.0000928594381548,-0.00168619770557,-0.000790690304711,0.00379117648117,-0.00718952249736,0.00463842088357,0.0023605900351,-0.00342280161567,0.00462559098378,-0.0180560909212,0.0363993272185,-0.0190805457532,0.00447279866785],[0.000214606159716,0.0019560768269,0.000221674257773,-0.00423436239362,0.00738487578928,-0.00511905923486,-0.00377029296942,0.00688976561651,-0.00530692515895,0.00996115338057,-0.0190805457532,0.0295649319887,-0.0128169935197],[0.000108053987788,-0.000187265817658,-0.000800793350209,0.00588768580928,-0.0059025385417,0.0025579649955,0.0012632436119,-0.00496492860839,0.00632928218693,-0.00451153423637,0.00447279866785,-0.0128169935197,0.0256567597389]],"mean":[7.20178842545,113.581512451,-101.84664917,-9.96931266785,-15.817440033,-16.9180793762,5.14749765396,-18.3426856995,3.2354528904,-1.80706965923,0.2460244596,-1.29876768589,-0.801960110664]},"hfc":{"dmean":34.3923034668,"dmean2":55.1147727966,"dvar":1317.6685791,"dvar2":3359.8737793,"max":703.132080078,"mean":183.631164551,"median":196.976669312,"min":0.0000855587495607,"var":11375.1933594},"melbands":{"dmean":[0.0024063559249,0.00126032275148,0.00038810033584,0.000217315813643,0.000251539953751,0.000339447899023,0.000424184981966,0.000194127307623,0.000212286453461,0.000170352199348,0.000159852832439,0.000163668461028,0.000197640722035,0.000147749844473,0.0000795874439063,0.0000452649874205,0.0000431311455031,0.0000411638939113,0.0000287274651782,0.0000219832199946,0.0000125295537146,0.0000101782961792,0.00000690662091074,0.00000555071346753,0.00000472602550872,0.0000038327598304,0.00000370213183487,0.00000317206013278,0.00000319419473271,0.00000209650670513,0.00000122984602058,9.02529109226e-7,5.00259545788e-7,3.57519866157e-7,2.38500035721e-7,1.70533851929e-7,8.1508119365e-8,4.31053912564e-8,2.91524298035e-8,2.30900258913e-8],"dmean2":[0.00404382217675,0.00213969312608,0.000649398542009,0.000357691227691,0.000402532459702,0.000552134821191,0.000670309527777,0.000312407122692,0.000344409723766,0.000276935839793,0.000261895766016,0.000263660680503,0.000315920333378,0.00024290572037,0.000132573957671,0.0000766820012359,0.0000732351982151,0.0000688369982527,0.0000483912808704,0.0000367437605746,0.0000211192673305,0.0000173087501025,0.0000117682975542,0.00000921460195968,0.00000775561966293,0.00000599186205363,0.000005915967904,0.00000506653486809,0.00000500487840327,0.00000317549893225,0.00000188890078334,0.00000139877192851,7.58278247304e-7,5.40576081676e-7,3.59732666766e-7,2.5953261229e-7,1.29151160877e-7,7.11592065272e-8,4.8562682764e-8,3.87830176862e-8],"dvar":[0.0000217799442908,0.00000333652360496,4.09007071767e-7,1.55040964955e-7,2.04699432516e-7,2.91861738333e-7,6.70895644816e-7,1.7944863373e-7,1.94623794414e-7,1.38111658998e-7,8.94512552918e-8,1.32324899482e-7,1.79776989739e-7,8.18438650185e-8,2.20694484909e-8,5.82218673273e-9,4.16320178331e-9,3.68353503255e-9,2.13833928342e-9,1.65965563514e-9,4.01325250809e-10,2.65412497535e-10,1.86771514921e-10,1.46675491197e-10,1.66967065174e-10,2.20910123527e-10,2.45822223688e-10,1.16118115123e-10,2.40348851932e-10,9.46845171712e-11,1.59050307647e-11,1.66435476512e-11,4.02738953298e-12,9.72382005644e-13,5.6903391504e-13,6.0987722034e-13,2.01259215999e-13,1.60602427353e-14,5.90571360803e-15,1.48394147837e-15],"dvar2":[0.0000590032723267,0.0000091877000159,0.00000108681672373,3.92368093571e-7,5.07661411575e-7,7.54906977818e-7,0.00000163510799212,4.42295345238e-7,4.72336523671e-7,3.51847916136e-7,2.25338368409e-7,3.21746483678e-7,4.35715350022e-7,2.08077892694e-7,5.71468667943e-8,1.62628168709e-8,1.11411004866e-8,9.82381731518e-9,5.48083445295e-9,4.17659329344e-9,1.01103969641e-9,7.14502734755e-10,4.93676710622e-10,3.45092288079e-10,3.87124193812e-10,4.46772729923e-10,5.64432001138e-10,2.56236393215e-10,5.07048902865e-10,1.98820473973e-10,3.53953151511e-11,3.93579856206e-11,9.52136373217e-12,2.13898733795e-12,1.1990752358e-12,1.31120711077e-12,4.92239766742e-13,3.51916812477e-14,1.11157954789e-14,3.720738334e-15],"max":[0.0680544227362,0.0216969139874,0.0131909484044,0.0123445857316,0.00973892770708,0.0139649948105,0.0167017504573,0.00930924434215,0.0110416188836,0.00698122754693,0.00510796625167,0.00680589210242,0.00711913825944,0.0071589560248,0.00344278966077,0.00289443740621,0.00179727445357,0.00137622223701,0.00103224662598,0.00104313762859,0.000501209113281,0.00036378117511,0.000347382301698,0.000503240386024,0.000699810741935,0.00116269476712,0.00106742430944,0.000505335803609,0.000817700347397,0.00050971651217,0.000151261934661,0.000234824954532,0.000145894955494,0.0000445873920398,0.0000335424156219,0.0000555521401111,0.0000363417602784,0.00000836353319755,0.00000698152825862,6.62067805024e-7],"mean":[0.00308293383569,0.00170563184656,0.000586577458307,0.000335009070113,0.000437739858171,0.000599223247264,0.000728616141714,0.000312221818604,0.000329790840624,0.000306004512822,0.000253651989624,0.000273539975751,0.000375471950974,0.000277145241853,0.000134275134769,0.0000857427803567,0.0000849676071084,0.0000786775490269,0.0000539267894055,0.0000395728711737,0.0000234221661231,0.0000175838831638,0.0000111359322545,0.00000954057395575,0.00000859257488628,0.00000718020828572,0.00000694785330779,0.00000595301753492,0.00000578497974857,0.00000368117707694,0.00000213964767681,0.00000146982097249,8.52604330248e-7,5.92657954712e-7,3.54585040441e-7,2.18730221491e-7,8.58969144701e-8,4.04409234989e-8,2.8497074922e-8,2.31596697375e-8],"median":[0.00173790298868,0.00110014760867,0.00037025945494,0.000204636933631,0.000267872732366,0.000375391915441,0.000350527086994,0.000115355825983,0.000133161825943,0.000118262112665,0.000128365063574,0.0000898324869922,0.000093047900009,0.000107950530946,0.0000744673525332,0.0000631514340057,0.0000664076869725,0.0000585089364904,0.0000388547450711,0.0000264963291556,0.0000186894485523,0.000012823013094,0.00000658800809106,0.0000051983256526,0.00000503743012814,0.00000352378015123,0.00000307974914904,0.00000266679808192,0.00000204409093385,0.00000123763561533,8.69391669767e-7,5.21394497355e-7,3.21571917539e-7,2.01025002866e-7,1.09608073728e-7,5.91918833948e-8,2.3870290633e-8,1.21866410296e-8,1.0545197604e-8,9.35372668209e-9],"min":[2.96234758945e-10,1.09511358315e-10,1.44478656469e-11,9.85221626504e-11,8.71247310408e-11,3.09365796869e-11,4.2317396115e-11,3.40651153119e-11,6.23262205734e-11,1.27135394226e-11,7.37809952023e-11,6.72267935764e-11,2.32019976149e-11,4.67656330327e-11,5.06143876811e-11,5.00523060498e-11,2.65685303619e-11,3.57897773917e-11,3.02043806633e-11,2.70986427742e-11,3.0356064884e-11,3.10994598129e-11,3.48508860659e-11,2.67780537327e-11,2.19485731673e-11,1.35357731967e-11,9.79484462288e-12,1.53985262041e-11,1.51921565605e-11,1.45737501928e-11,1.43654185769e-11,1.2530895592e-11,1.04504226453e-11,6.62810041227e-12,4.01030424146e-12,4.285214978e-12,1.10213877955e-12,2.95345616453e-13,3.54874197519e-13,3.2966928883e-13],"var":[0.0000196281671379,0.00000370592556465,5.0081490599e-7,2.2409788869e-7,3.3258859844e-7,5.15427018399e-7,0.00000140906900015,3.69223272401e-7,3.54094794375e-7,3.6749128185e-7,1.57860398531e-7,2.81743950836e-7,5.3892597407e-7,2.21117403498e-7,3.94704748885e-8,1.33779813893e-8,9.25004961516e-9,7.81368303393e-9,4.30885194191e-9,3.01415248316e-9,6.93844093291e-10,4.15677631205e-10,2.66575872487e-10,2.63000454748e-10,2.74414962975e-10,3.89084708896e-10,4.00267013978e-10,2.17612178277e-10,4.54859733212e-10,1.67594035871e-10,2.3766112342e-11,1.97890124426e-11,5.02028280058e-12,1.69482516129e-12,8.58160981512e-13,7.08518205043e-13,1.74627375277e-13,1.78577432111e-14,8.71084786605e-15,1.54432253965e-15]},"melbands_crest":{"dmean":4.23790645599,"dmean2":6.9184422493,"dvar":16.300359726,"dvar2":41.0340805054,"max":37.2892570496,"mean":14.0968809128,"median":12.8259649277,"min":3.10417628288,"var":35.1820487976},"melbands_flatness_db":{"dmean":0.0319924578071,"dmean2":0.0508103743196,"dvar":0.000926019798499,"dvar2":0.00231809704565,"max":0.695737659931,"mean":0.248697534204,"median":0.230194047093,"min":0.038260795176,"var":0.00574251497164},"melbands_kurtosis":{"dmean":4.4654006958,"dmean2":7.34612178802,"dvar":108.011634827,"dvar2":278.723114014,"max":380.389678955,"mean":6.38239860535,"median":2.30896282196,"min":-1.74665248394,"var":218.459747314},"melbands_skewness":{"dmean":0.662497758865,"dmean2":1.05172562599,"dvar":0.581452548504,"dvar2":1.48499417305,"max":14.9557447433,"mean":1.6550450325,"median":1.36324095726,"min":-1.60940432549,"var":1.98065555096},"melbands_spread":{"dmean":5.17071056366,"dmean2":8.30550384521,"dvar":40.4139671326,"dvar2":91.8323287964,"max":144.64050293,"mean":20.9711399078,"median":20.8859901428,"min":0.472060143948,"var":154.37727356},"mfcc":{"cov":[[6004.49707031,-1242.16394043,-1964.95251465,304.543884277,-559.19152832,339.790100098,-78.0425262451,151.584518433,35.9245910645,-11.9888629913,-44.9530525208,95.7304000854,34.9440078735],[-1242.16394043,904.464172363,216.645950317,-277.371612549,102.382232666,-142.44871521,22.6952934265,-107.022598267,12.4749917984,-9.92237949371,30.9129695892,-39.7661209106,28.8911628723],[-1964.95251465,216.645950317,1089.25720215,-129.322402954,250.924102783,-137.833740234,13.2639446259,-49.2793426514,-29.3853225708,17.4250106812,21.4502468109,-6.66222381592,-37.6547203064],[304.543884277,-277.371612549,-129.322402954,399.697570801,-46.7993927002,93.0388565063,-29.7308597565,60.77368927,-21.3301239014,30.8494033813,3.71040892601,4.34230899811,-17.229850769],[-559.19152832,102.382232666,250.924102783,-46.7993927002,255.668548584,-51.2153701782,58.8491020203,-21.5187606812,7.63331413269,-9.50709438324,8.2631072998,-7.84020662308,-19.9957809448],[339.790100098,-142.44871521,-137.833740234,93.0388565063,-51.2153701782,180.81211853,8.7434835434,66.1399993896,-12.1731395721,-18.5088939667,-30.9721393585,-3.74033069611,-1.05657279491],[-78.0425262451,22.6952934265,13.2639446259,-29.7308597565,58.8491020203,8.7434835434,117.595802307,27.9297771454,21.8125896454,-27.4802627563,-19.0112228394,-20.3654537201,5.30433607101],[151.584518433,-107.022598267,-49.2793426514,60.77368927,-21.5187606812,66.1399993896,27.9297771454,110.631111145,16.3049526215,-10.2934675217,-23.1099205017,-2.48166179657,-7.03163814545],[35.9245910645,12.4749917984,-29.3853225708,-21.3301239014,7.63331413269,-12.1731395721,21.8125896454,16.3049526215,70.7148513794,16.6129798889,8.79399967194,-1.56321132183,-0.286284387112],[-11.9888629913,-9.92237949371,17.4250106812,30.8494033813,-9.50709438324,-18.5088939667,-27.4802627563,-10.2934675217,16.6129798889,92.8097839355,35.9245567322,13.4509010315,-10.2318649292],[-44.9530525208,30.9129695892,21.4502468109,3.71040892601,8.2631072998,-30.9721393585,-19.0112228394,-23.1099205017,8.79399967194,35.9245567322,71.4639892578,32.2816772461,3.13545465469],[95.7304000854,-39.7661209106,-6.66222381592,4.34230899811,-7.84020662308,-3.74033069611,-20.3654537201,-2.48166179657,-1.56321132183,13.4509010315,32.2816772461,67.8419265747,17.551525116],[34.9440078735,28.8911628723,-37.6547203064,-17.229850769,-19.9957809448,-1.05657279491,5.30433607101,-7.03163814545,-0.286284387112,-10.2318649292,3.13545465469,17.551525116,55.6127166748]],"icov":[[0.000683170394041,0.000752949039452,0.00109147909097,0.000401016266551,0.000178242378752,-0.000075491341704,0.0000727193619241,0.000111060267955,0.0000178334212251,-0.000027867152312,-0.0000447237616754,-0.000435648253188,0.00024757895153],[0.000752949039452,0.00255264225416,0.00110473600216,0.00134237355087,-0.000142754579429,0.000276254955679,0.00020138322725,0.000656749762129,0.0000481512179249,0.0000552742094442,-0.00123996706679,0.00137063744478,-0.000969828455709],[0.00109147909097,0.00110473600216,0.00311158644035,0.000928112422116,-0.000965314859059,0.000556383281946,0.00043684526463,-0.000354984134901,0.0010844192002,-0.000528532837052,-0.000011800016182,-0.000690739194397,0.000838564301375],[0.000401016266551,0.00134237355087,0.000928112422116,0.00409023184329,-0.000352914590621,-0.000963307451457,0.000868993636686,-0.00144916994032,0.0016474936856,-0.00136059126817,-0.00148408242967,0.00117678020615,0.00000541645886187],[0.000178242378752,-0.000142754579429,-0.000965314859059,-0.000352914590621,0.00651765381917,0.000421981618274,-0.00357686867937,0.00152759626508,-0.00063741725171,0.00095326337032,-0.000464562210254,-0.0013307830086,0.00270329229534],[-0.000075491341704,0.000276254955679,0.000556383281946,-0.000963307451457,0.000421981618274,0.00884735491127,-0.000382579513825,-0.00387315708213,0.00208753184415,0.000468532234663,0.00174258358311,-0.000184841119335,-0.0000941886901273],[0.0000727193619241,0.00020138322725,0.00043684526463,0.000868993636686,-0.00357686867937,-0.000382579513825,0.0132540194318,-0.00342465704307,-0.00311165885068,0.00237159687094,0.00012205348321,0.00368176214397,-0.00332436198369],[0.000111060267955,0.000656749762129,-0.000354984134901,-0.00144916994032,0.00152759626508,-0.00387315708213,-0.00342465704307,0.0152188483626,-0.00472367554903,0.000891819014214,0.00339275109582,-0.00275457743555,0.00244410079904],[0.0000178334212251,0.0000481512179249,0.0010844192002,0.0016474936856,-0.00063741725171,0.00208753184415,-0.00311165885068,-0.00472367554903,0.0189603213221,-0.00451016798615,-0.00256322766654,0.00158501754049,-0.000369459332433],[-0.000027867152312,0.0000552742094442,-0.000528532837052,-0.00136059126817,0.00095326337032,0.000468532234663,0.00237159687094,0.000891819014214,-0.00451016798615,0.0158827695996,-0.0063817971386,0.000077315926319,0.00268197269179],[-0.0000447237616754,-0.00123996706679,-0.000011800016182,-0.00148408242967,-0.000464562210254,0.00174258358311,0.00012205348321,0.00339275109582,-0.00256322766654,-0.0063817971386,0.0251904316247,-0.0115409614518,0.00152266724035],[-0.000435648253188,0.00137063744478,-0.000690739194397,0.00117678020615,-0.0013307830086,-0.000184841119335,0.00368176214397,-0.00275457743555,0.00158501754049,0.000077315926319,-0.0115409614518,0.0246529430151,-0.00883034430444],[0.00024757895153,-0.000969828455709,0.000838564301375,0.00000541645886187,0.00270329229534,-0.0000941886901273,-0.00332436198369,0.00244410079904,-0.000369459332433,0.00268197269179,0.00152266724035,-0.00883034430444,0.0236880965531]],"mean":[-655.868469238,177.744949341,-25.9633045197,25.0328292847,-9.02124881744,18.0973110199,0.160999953747,3.03101062775,1.73044025898,5.82911777496,1.42841911316,2.43116188049,6.80835342407]},"pitch_salience":{"dmean":0.075919598341,"dmean2":0.123900800943,"dvar":0.00513317342848,"dvar2":0.0133059434593,"max":0.826144516468,"mean":0.579442322254,"median":0.596858680248,"min":0.100478067994,"var":0.0114093013108},"silence_rate_20dB":{"dmean":0,"dmean2":0,"dvar":0,"dvar2":0,"max":1,"mean":1,"median":1,"min":1,"var":0},"silence_rate_30dB":{"dmean":0.0201948881149,"dmean2":0.0403926260769,"dvar":0.019786445424,"dvar2":0.0527436174452,"max":1,"mean":0.9865847826,"median":1,"min":0,"var":0.0132366623729},"silence_rate_60dB":{"dmean":0.00579014280811,"dmean2":0.0115811033174,"dvar":0.00575545942411,"dvar2":0.0145566724241,"max":1,"mean":0.013203416951,"median":0,"min":0,"var":0.0130301788449},"spectral_centroid":{"dmean":164.504699707,"dmean2":250.801925659,"dvar":43274.7734375,"dvar2":83021.8671875,"max":3987.16625977,"mean":1063.79431152,"median":1049.02490234,"min":152.114715576,"var":260482.5},"spectral_complexity":{"dmean":3.47083735466,"dmean2":5.54819583893,"dvar":12.2338685989,"dvar2":27.3469161987,"max":61,"mean":24.1394481659,"median":26,"min":0,"var":118.518783569},"spectral_contrast_coeffs":{"dmean":[0.0504648089409,0.0506556667387,0.0394498966634,0.0275160614401,0.0214542094618,0.0458769500256],"dmean2":[0.0837641209364,0.084175363183,0.0656551644206,0.0463921539485,0.0358593799174,0.0718139857054],"dvar":[0.00160608708393,0.00150025589392,0.00096855184529,0.000458523078123,0.000346902495949,0.00169826415367],"dvar2":[0.00438975635916,0.00415424257517,0.00265052984469,0.00129096326418,0.000927535176743,0.00404777377844],"max":[-0.383582144976,-0.501042604446,-0.520177483559,-0.630473017693,-0.672535538673,-0.377864122391],"mean":[-0.717333614826,-0.744089961052,-0.781737148762,-0.813882887363,-0.82310372591,-0.73084628582],"median":[-0.72144973278,-0.747488379478,-0.790051221848,-0.814414620399,-0.815914154053,-0.733306825161],"min":[-0.908953487873,-0.935465574265,-0.951488256454,-0.985522031784,-0.973899781704,-0.965280115604],"var":[0.00381340878084,0.00376429175958,0.00361496186815,0.00142997212242,0.00171094806865,0.00818900484592]},"spectral_contrast_valleys":{"dmean":[0.379246681929,0.332289844751,0.288964688778,0.259419053793,0.310543060303,0.667303860188],"dmean2":[0.634188115597,0.553881466389,0.474228233099,0.421131640673,0.482921004295,1.07825160027],"dvar":[0.0927484408021,0.0684633776546,0.0550726987422,0.0659444779158,0.135499343276,0.310701519251],"dvar2":[0.251676738262,0.185085594654,0.136276781559,0.150116965175,0.316856592894,0.803807139397],"max":[-5.21439647675,-4.51410675049,-4.77658605576,-5.46678590775,-5.02032375336,-9.04835605621],"mean":[-6.73260307312,-6.12647771835,-6.56390047073,-7.00104951859,-7.56684446335,-11.1618928909],"median":[-6.68830394745,-6.04652786255,-6.36068058014,-6.62432003021,-7.28722047806,-11.1005878448],"min":[-14.6327438354,-13.4235839844,-13.613161087,-13.1616477966,-13.0181751251,-16.6289958954],"var":[0.251527607441,0.407875835896,0.642596125603,0.895264208317,1.01834344864,0.693089485168]},"spectral_decrease":{"dmean":3.47768658315e-9,"dmean2":5.65741098413e-9,"dvar":2.37048853908e-17,"dvar2":6.04277208864e-17,"max":5.66347324593e-9,"mean":-7.67608376862e-9,"median":-6.53564757869e-9,"min":-6.36088799411e-8,"var":3.60346377695e-17},"spectral_energy":{"dmean":0.0131112867966,"dmean2":0.0213261470199,"dvar":0.000319940387271,"dvar2":0.000813895137981,"max":0.250288426876,"mean":0.0456272363663,"median":0.0448279716074,"min":1.27255788129e-8,"var":0.000716807611752},"spectral_energyband_high":{"dmean":0.000224678849918,"dmean2":0.000325202359818,"dvar":4.41794782091e-7,"dvar2":7.64605488257e-7,"max":0.0299677215517,"mean":0.000707188853994,"median":0.000517343636602,"min":2.79511835899e-9,"var":0.0000012813717376},"spectral_energyband_low":{"dmean":0.00981961283833,"dmean2":0.0163743048906,"dvar":0.000274416583125,"dvar2":0.000725681718905,"max":0.231878578663,"mean":0.0143605722114,"median":0.00948778260499,"min":1.23260512908e-9,"var":0.000275170372333},"spectral_energyband_middle_high":{"dmean":0.00306012784131,"dmean2":0.0048791822046,"dvar":0.0000199548721866,"dvar2":0.0000493883671879,"max":0.0748160034418,"mean":0.0101838689297,"median":0.00705383671448,"min":4.596358405e-9,"var":0.000106433340989},"spectral_energyband_middle_low":{"dmean":0.00441811000928,"dmean2":0.00704432791099,"dvar":0.0000329872345901,"dvar2":0.0000831155193737,"max":0.0907964780927,"mean":0.0128927584738,"median":0.00951286591589,"min":1.38031563957e-9,"var":0.00011950811313},"spectral_entropy":{"dmean":0.17306303978,"dmean2":0.262764185667,"dvar":0.036810297519,"dvar2":0.0818824693561,"max":8.34791660309,"mean":7.38949537277,"median":7.49041604996,"min":4.90700483322,"var":0.205717206001},"spectral_flux":{"dmean":0.0251731667668,"dmean2":0.0414999425411,"dvar":0.000859681924339,"dvar2":0.00197421875782,"max":0.407871991396,"mean":0.117806687951,"median":0.118482433259,"min":0.000112807705591,"var":0.00271051307209},"spectral_kurtosis":{"dmean":6.69324159622,"dmean2":10.5933218002,"dvar":154.505386353,"dvar2":425.176055908,"max":287.978729248,"mean":22.6938037872,"median":19.6931781769,"min":2.44252538681,"var":202.729202271},"spectral_rms":{"dmean":0.000899395672604,"dmean2":0.00143482827116,"dvar":0.00000103308173038,"dvar2":0.00000254657993537,"max":0.0156263820827,"mean":0.00633830856532,"median":0.00661321450025,"min":0.00000352352094524,"var":0.00000434031289842},"spectral_rolloff":{"dmean":5117.65771484,"dmean2":9842.15039062,"dvar":63079068,"dvar2":145194400,"max":22006.9335938,"mean":12100.1552734,"median":20004.3457031,"min":43.06640625,"var":95373840},"spectral_skewness":{"dmean":0.476728439331,"dmean2":0.73030269146,"dvar":0.428022712469,"dvar2":1.08683788776,"max":14.4542207718,"mean":3.16893768311,"median":3.03248167038,"min":0.669476985931,"var":1.05316781998},"spectral_spread":{"dmean":451774.9375,"dmean2":704959,"dvar":223485313024,"dvar2":512317652992,"max":24489384,"mean":3387694.75,"median":3354020,"min":570900.25,"var":591180726272},"spectral_strongpeak":{"dmean":2.37688350677,"dmean2":4.4640288353,"dvar":89.5929870605,"dvar2":254.948608398,"max":137.766769409,"mean":2.12041592598,"median":0.346140623093,"min":0,"var":65.4675369263},"zerocrossingrate":{"dmean":0.0342873297632,"dmean2":0.0446519255638,"dvar":0.00092158082407,"dvar2":0.00156891846564,"max":0.69189453125,"mean":0.253677606583,"median":0.2568359375,"min":0.00927734375,"var":0.00801304262131}},"metadata":{"audio_properties":{"analysis_sample_rate":44100,"bit_rate":192000,"codec":"mp3","downmix":"mix","equal_loudness":0,"length":328.829376221,"lossless":false,"md5_encoded":"402c89dec6342fead114861c9f5ae344","replay_gain":-0.421129226685},"tags":{"album":["Hypnotize"],"albumartist":["System of a Down"],"albumartistsort":["System of a Down"],"artist":["System of a Down"],"artistsort":["System of a Down"],"date":["2005-11-22"],"discnumber":["1/1"],"file_name":"08 - Holy Mountains.mp3","mp3gain_album_minmax":["130,190"],"mp3gain_minmax":["151,190"],"musicbrainz album release country":["US"],"musicbrainz album type":["album"],"musicbrainz_albumartistid":["cc0b7089-c08d-4c10-b6b0-873582c17fd6"],"musicbrainz_albumid":["145c97ea-5eda-4e7a-b057-fa2c914d2d37"],"musicbrainz_artistid":["cc0b7089-c08d-4c10-b6b0-873582c17fd6"],"musicbrainz_recordingid":["26ba38f0-b26b-48b7-8e77-226b22a55f79"],"musicbrainz_releasegroupid":["72035143-d6ec-308b-8ee5-070b8703902a"],"performer:bass guitar":["Shavo Odadjian"],"performer:drums":["John Dolmayan"],"performer:guitars":["Daron Malakian"],"performer:keyboard":["Serj Tankian"],"performer:vocals":["Daron Malakian","Serj Tankian"],"title":["Holy Mountains"],"tracknumber":["8/12"]},"version":{"essentia":"2.1-beta1","essentia_build_sha":"0a826ad6289770054bb7564d59068f1232327ff9","essentia_git_sha":"v2.1_beta1-5-gf9dded9","extractor":"music 1.0"}},"rhythm":{"beats_count":809,"beats_loudness":{"dmean":0.0175174288452,"dmean2":0.030719421804,"dvar":0.000232665741351,"dvar2":0.000697195704561,"max":0.146620497108,"mean":0.052091922611,"median":0.0528927855194,"min":0.00124651065562,"var":0.00061933347024},"beats_loudness_band_ratio":{"dmean":[0.189304307103,0.0772229880095,0.101364843547,0.0818352550268,0.0298369992524,0.0772608667612],"dmean2":[0.334968954325,0.133749693632,0.177635148168,0.142538264394,0.0522939413786,0.137067213655],"dvar":[0.019872000441,0.00643888162449,0.01204