{"lowlevel":{"average_loudness":0.866944909096,"barkbands":{"dmean":[0.0000297543319903,0.00100553012453,0.00107486406341,0.000441284792032,0.000247860356467,0.00031417250284,0.000271280121524,0.000122963421745,0.000322562962538,0.000664382416289,0.00052532547852,0.000589616538491,0.000971960485913,0.0010324488394,0.00101305288263,0.00108237692621,0.000880830397364,0.000182705422048,0.000129949694383,0.00000801584064902,0.0000056805361055,0.0000129431882669,0.00000443956423624,0.00000153028361183,3.19964840401e-7,4.32957527607e-8,5.00433383621e-9],"dmean2":[0.0000489092344651,0.00172314152587,0.00186895928346,0.000790759047959,0.000431020511314,0.00051197555149,0.000414029142121,0.000200269263587,0.000505635689478,0.000968914013356,0.000788866309449,0.000892227923032,0.0015531333629,0.00161658902653,0.00162682984956,0.0016442789929,0.00132476445287,0.000278702471405,0.00019876290753,0.0000127622324726,0.00000937959794101,0.0000212376598938,0.00000696908136888,0.00000230980094784,4.91370940381e-7,6.8227265615e-8,8.70119354346e-9],"dvar":[3.02617975123e-9,0.0000030114006222,0.00000362740524906,5.41803615306e-7,9.5204249817e-8,5.71472128286e-7,0.00000115333637041,2.13113793279e-7,5.85320549362e-7,0.000002775123221,0.00000215578597818,0.00000183599161119,0.00000551588072994,0.00000592317519477,0.0000077861122918,0.00000524662982571,0.00000352958613803,1.57255456656e-7,1.41777292129e-7,2.27247110018e-10,1.38163064323e-10,1.34600741664e-9,8.2052337147e-11,9.55526890251e-12,4.27184058526e-13,1.0333018451e-14,4.32231860319e-16],"dvar2":[7.35860128387e-9,0.00000829551117931,0.0000100039733297,0.0000015938363731,2.77042744301e-7,0.0000012618143046,0.00000193585901798,4.82651159928e-7,0.0000012081704881,0.00000564437459616,0.00000468723055747,0.00000408096502724,0.0000133142484628,0.0000136112985274,0.0000196607998078,0.0000115247985377,0.00000776207616582,3.7553314769e-7,3.30447818442e-7,5.08817044054e-10,3.8279737713e-10,3.96436838912e-9,2.0694977676e-10,2.07976448563e-11,9.45616848713e-13,2.64376906055e-14,1.27447838321e-15],"max":[0.00116403773427,0.0158918909729,0.0218947604299,0.00723740644753,0.00257599260658,0.0109761720523,0.0198289714754,0.00768995843828,0.00936463475227,0.0327388197184,0.0187439061701,0.0161511264741,0.0241830684245,0.0271654408425,0.03252376616,0.0302011426538,0.0173855852336,0.00422960473225,0.00670036394149,0.000260313099716,0.000190716586076,0.00072457868373,0.000102730809886,0.0000590723611822,0.00000721510241419,0.00000137290442126,4.45979935648e-7],"mean":[0.0000404611928388,0.0012858727714,0.00128631712869,0.000503662100527,0.000371180038201,0.000491662533022,0.000397216557758,0.000133048131829,0.000417734467192,0.0010197685333,0.000611136609223,0.000805848336313,0.00119445030577,0.0012845620513,0.00134553387761,0.00160401919857,0.00127453054301,0.000265960989054,0.000176203102455,0.0000158558541443,0.0000139136382131,0.0000387561594835,0.00000671587440593,0.00000244841862695,5.18549029493e-7,1.01209451486e-7,9.86771997447e-9],"median":[0.0000241723864747,0.00055625080131,0.000480973889353,0.000205356016522,0.000238017615629,0.000245184695814,0.0000449325234513,0.0000355143420165,0.0000897076533874,0.0000765590230003,0.0000338656100212,0.0000799720583018,0.0000696611386957,0.0000879480066942,0.0000677278294461,0.000104652477603,0.000131125940243,0.0000464060540253,0.0000269806623692,0.00000903046020539,0.00000576846014155,0.000010726869732,0.00000272384477285,8.34918580495e-7,2.27012975529e-7,6.97653490533e-8,7.7215176475e-9],"min":[1.21406955491e-23,5.38928060995e-23,3.46046102862e-24,9.6689892292e-24,4.23109648592e-23,3.40291149566e-23,2.11625001362e-23,3.18985404911e-23,3.26925510804e-23,5.23599483864e-23,8.89021690833e-23,5.69997947281e-23,1.1181189515e-22,1.03203283284e-22,7.83080258725e-23,1.04735724478e-22,1.5313110408e-22,2.03401637607e-22,2.84640931764e-22,3.90124307054e-22,3.92133415872e-22,4.45196693709e-22,6.10866016125e-22,9.65339060921e-22,1.33529730645e-21,1.40691830358e-21,2.22990020712e-21],"var":[4.06565714428e-9,0.00000425037569585,0.0000049289992603,6.4215095108e-7,1.65394865803e-7,0.00000109107918433,0.00000249540426012,2.35529441284e-7,8.92153650511e-7,0.00000831782199384,0.00000331471687787,0.00000414317037212,0.00000759590784583,0.00000880648440216,0.0000112932766569,0.0000118125872177,0.00000660965952193,2.60254637396e-7,2.21147743673e-7,5.75212988352e-10,3.10593939457e-10,2.79838663353e-9,1.34895081216e-10,2.43612179041e-11,6.93090929701e-13,1.12734876027e-14,2.41015945952e-16]},"barkbands_crest":{"dmean":3.05844473839,"dmean2":5.03168153763,"dvar":5.6781167984,"dvar2":15.6999950409,"max":21.648021698,"mean":9.69477844238,"median":9.11631584167,"min":3.48564839363,"var":11.867846489},"barkbands_flatness_db":{"dmean":0.0287205427885,"dmean2":0.0448075272143,"dvar":0.000844940776005,"dvar2":0.00184746133164,"max":0.366163402796,"mean":0.195690393448,"median":0.189915060997,"min":0.0418990589678,"var":0.00258047296666},"barkbands_kurtosis":{"dmean":4.17103767395,"dmean2":6.78873205185,"dvar":43.5619926453,"dvar2":111.714263916,"max":86.2915115356,"mean":4.34106636047,"median":1.13127148151,"min":-1.89061713219,"var":67.2984924316},"barkbands_skewness":{"dmean":0.898786783218,"dmean2":1.32379102707,"dvar":0.806650936604,"dvar2":1.72393286228,"max":8.39344787598,"mean":0.570501863956,"median":0.400983929634,"min":-3.98388552666,"var":3.10179758072},"barkbands_spread":{"dmean":6.78254175186,"dmean2":10.5266809464,"dvar":55.0759849548,"dvar2":123.751968384,"max":98.2745513916,"mean":17.6346416473,"median":16.5908527374,"min":1.16742014885,"var":122.55229187},"dissonance":{"dmean":0.0233687702566,"dmean2":0.0392712317407,"dvar":0.000685600505676,"dvar2":0.00181050784886,"max":0.499854683876,"mean":0.464593559504,"median":0.476720631123,"min":0.271072715521,"var":0.00125594309065},"dynamic_complexity":5.21855163574,"erbbands":{"dmean":[0.018048491329,0.277407735586,1.20750319958,1.20222425461,1.00236213207,0.717028677464,1.66332197189,3.02408099174,3.75368380547,3.38005304337,2.95176482201,7.09869766235,15.3389358521,22.166223526,20.3072986603,25.567609787,42.4562683105,44.7698326111,53.8509063721,52.7664222717,57.0281867981,42.3398933411,12.182267189,7.442923069,3.75304222107,0.430408895016,0.225895658135,0.32788965106,0.528079509735,0.251472562551,0.105477422476,0.047901276499,0.018394690007,0.00565306842327,0.00132880406454,0.000296779326163,0.0000667358108331,0.0000127699477162,0.00000354562644134,0.00000647067417958],"dmean2":[0.031535372138,0.475808531046,2.08404040337,2.12379717827,1.75842571259,1.24965035915,2.76459550858,4.79367113113,5.91525840759,5.05159330368,4.83871555328,11.1238584518,22.9415359497,30.480638504,31.3053016663,37.0400466919,66.4816818237,71.3203659058,78.6229934692,81.7518920898,88.2208328247,60.4519195557,17.3713760376,11.1994075775,5.47327136993,0.649266302586,0.356461077929,0.559535264969,0.876696228981,0.39884865284,0.16833910346,0.0708702430129,0.028155611828,0.00861531961709,0.00206038751639,0.000462947151391,0.000107038562419,0.0000207060456887,0.00000525703626408,0.00000950333560468],"dvar":[0.000955820549279,0.233075067401,4.75147914886,4.3039765358,2.58218431473,0.749868035316,9.86552619934,73.6310272217,205.774612427,194.783737183,66.3899765015,298.301818848,1470.9786377,4486.50390625,3078.88964844,3352.17260742,10956.7099609,11038.0273438,19581.8808594,30371.4277344,14329.7060547,7763.89941406,641.889465332,319.833404541,129.181549072,0.736974239349,0.140554919839,2.00702166557,1.11568450928,0.213902190328,0.0570532009006,0.0113695273176,0.00121706654318,0.000135907364893,0.00000728892109692,3.97541498387e-7,2.73951705765e-8,1.03671038421e-9,2.94175031557e-11,7.54238754785e-11],"dvar2":[0.00265237828717,0.636857032776,12.9464254379,12.6248397827,7.87490510941,2.14098310471,22.8299045563,167.472183228,378.184753418,294.137359619,164.679504395,646.715881348,3130.21337891,9323.47949219,6896.26806641,7125.03027344,27461.2753906,27011.5996094,39982.3476563,78321.8828125,34045.2109375,16481.6503906,1463.11901855,783.27911377,273.449432373,1.43782520294,0.31458607316,6.01463222504,3.19968605042,0.489896714687,0.145428419113,0.026652738452,0.00267337728292,0.000289706687909,0.0000175199511432,0.00000101146213183,7.09646315045e-8,2.88733748022e-9,6.46874429022e-11,1.42573591821e-10],"max":[0.425974607468,4.65175247192,24.3404636383,25.4843959808,17.9538516998,6.66622447968,46.1706390381,137.39465332,294.832458496,230.751937866,98.3609771729,243.783065796,500.517852783,1292.37475586,664.630310059,816.044372559,1217.64233398,1098.82873535,1927.20471191,3572.21801758,1139.43322754,907.592529297,283.211730957,253.414276123,160.571060181,15.0332641602,7.13848161697,28.3490772247,17.5337200165,5.7369799614,3.05117821693,1.71812677383,0.527976691723,0.130138397217,0.0348867699504,0.00744018889964,0.00231534661725,0.00060903315898,0.0000724215933587,0.000102996949863],"mean":[0.0222970806062,0.345814615488,1.48236215115,1.60840630531,1.36542737484,1.00974798203,2.49203872681,4.61704158783,5.51951694489,4.78717041016,3.63323187828,9.34286880493,22.2327976227,33.7839202881,25.6845245361,37.9677581787,54.5565338135,58.8102760315,76.3601074219,75.4320373535,93.6603240967,65.4572601318,19.5348911285,10.8072242737,4.94459867477,0.859816610813,0.552727818489,0.708890736103,1.82803094387,0.518604159355,0.164264157414,0.07504902035,0.0288122501224,0.00879771728069,0.00244408124126,0.000604033528361,0.000170471539604,0.0000385602797905,0.00000999954045255,0.0000182562635018],"median":[0.00968676991761,0.141903936863,0.557638883591,0.660401284695,0.696411430836,0.6875872612,1.28707790375,1.94023752213,0.942857861519,0.643867015839,1.25435733795,2.4281539917,3.07253980637,2.17803430557,2.11124181747,3.91735124588,4.22851610184,5.62865495682,5.49626541138,5.98645591736,8.44024467468,7.75386714935,3.16514444351,2.20864486694,0.987050771713,0.499059915543,0.247889310122,0.273869395256,0.325375765562,0.295197337866,0.0708047151566,0.0255239289254,0.0106055112556,0.00316602364182,0.00142865104135,0.000382166530471,0.000125357473735,0.0000310699979309,0.00000607593528912,0.0000109018874355],"min":[1.98906342138e-21,1.00064539533e-20,7.07241281658e-21,1.60142586643e-20,9.20526199846e-20,1.24537547141e-19,3.44616807326e-19,1.55705454128e-19,2.23144093602e-19,4.57446957065e-19,7.94559194133e-19,8.76441492777e-19,1.10305299826e-18,2.53560739647e-18,2.79681345633e-18,2.67084729072e-18,5.36150224839e-18,4.58759537601e-18,5.68994671831e-18,3.64738301429e-18,7.26872555572e-18,8.06308446875e-18,1.09527762458e-17,1.22929535947e-17,1.662555938e-17,1.6801224418e-17,1.67905455162e-17,1.64291618871e-17,1.55607678278e-17,1.3836844849e-17,2.14902780456e-17,1.8426283597e-17,1.71437516378e-17,1.16292883913e-17,1.12994443318e-17,4.41747989277e-18,2.9350049378e-18,1.13087397739e-18,3.08531699339e-19,3.42456134018e-20],"var":[0.00124817574397,0.327442735434,6.7179980278,5.67921113968,3.6725435257,1.06547057629,18.9318294525,127.75378418,399.969238281,425.101074219,70.137878418,427.220672607,2900.61645508,11809.7119141,4573.52685547,8506.77148438,14617.9375,15451.0507813,33895.1328125,43124.3398438,32663.2226563,16468.2929688,1299.24572754,529.12890625,196.608566284,1.815731287,0.517037630081,1.58205771446,6.49185705185,0.447352677584,0.0885673686862,0.0256265308708,0.00264708208852,0.000238630265812,0.0000104034452306,4.96969164487e-7,2.75445906084e-8,8.88879303496e-10,9.2346866265e-11,3.38166328273e-10]},"erbbands_crest":{"dmean":3.6367816925,"dmean2":5.96085214615,"dvar":10.2791442871,"dvar2":25.1991176605,"max":30.0167980194,"mean":11.6406517029,"median":10.8616924286,"min":3.31167292595,"var":21.8009929657},"erbbands_flatness_db":{"dmean":0.0290826205164,"dmean2":0.041972707957,"dvar":0.000866498681717,"dvar2":0.00145891087595,"max":0.382196426392,"mean":0.242240533233,"median":0.248534679413,"min":0.0337191782892,"var":0.00377453374676},"erbbands_kurtosis":{"dmean":3.28084993362,"dmean2":5.34520673752,"dvar":22.628698349,"dvar2":48.498260498,"max":51.0433082581,"mean":3.9632294178,"median":1.59876227379,"min":-1.77201509476,"var":42.267539978},"erbbands_skewness":{"dmean":0.724340319633,"dmean2":1.0323985815,"dvar":0.476992726326,"dvar2":0.90717458725,"max":4.7625579834,"mean":-0.313288152218,"median":-0.134442433715,"min":-5.68929672241,"var":2.18860626221},"erbbands_spread":{"dmean":10.0613136292,"dmean2":15.1878786087,"dvar":163.474777222,"dvar2":346.627075195,"max":114.984596252,"mean":23.1053771973,"median":16.2794914246,"min":1.76862847805,"var":371.178527832},"gfcc":{"cov":[[11186.1660156,24.1873493195,-4152.62109375,490.39932251,302.067596436,565.975646973,463.221038818,-334.06930542,359.859313965,-313.709442139,389.540435791,-79.3367919922,64.7238693237],[24.1873493195,912.310668945,535.207641602,-193.108001709,127.754631042,52.1741333008,195.817230225,30.3839683533,-106.130653381,-51.7640342712,-84.7235336304,-30.3891868591,-41.1488876343],[-4152.62109375,535.207641602,2573.11889648,111.52091217,-263.838867188,-141.036407471,-128.823577881,135.156890869,-192.909072876,158.189056396,-253.796936035,-73.412109375,-20.3069648743],[490.39932251,-193.108001709,111.52091217,585.947875977,-92.4436798096,-42.8331871033,-68.4939956665,-75.3012237549,92.3997802734,70.1554794312,-18.1663360596,-49.4280738831,11.6706514359],[302.067596436,127.754631042,-263.838867188,-92.4436798096,554.003234863,12.870923996,-170.054519653,35.3666877747,77.7793807983,-57.4208221436,-16.2659454346,-70.911781311,-5.07232904434],[565.975646973,52.1741333008,-141.036407471,-42.8331871033,12.870923996,317.91015625,200.246627808,-82.4140090942,-51.5927009583,-10.7483482361,9.08805465698,-52.3069839478,15.4799957275],[463.221038818,195.817230225,-128.823577881,-68.4939956665,-170.054519653,200.246627808,505.702972412,-44.6886672974,-110.723526001,-9.84543323517,8.09823799133,26.009847641,-8.21144199371],[-334.06930542,30.3839683533,135.156890869,-75.3012237549,35.3666877747,-82.4140090942,-44.6886672974,255.728591919,40.6115722656,-89.2660217285,-11.1597986221,-14.4056568146,-17.7013645172],[359.859313965,-106.130653381,-192.909072876,92.3997802734,77.7793807983,-51.5927009583,-110.723526001,40.6115722656,179.92074585,31.9669380188,-22.2756443024,-32.4140319824,10.8273334503],[-313.709442139,-51.7640342712,158.189056396,70.1554794312,-57.4208221436,-10.7483482361,-9.84543323517,-89.2660217285,31.9669380188,199.905349731,-14.1221380234,-19.889081955,-2.86968541145],[389.540435791,-84.7235336304,-253.796936035,-18.1663360596,-16.2659454346,9.08805465698,8.09823799133,-11.1597986221,-22.2756443024,-14.1221380234,154.787643433,52.2116622925,-30.5285625458],[-79.3367919922,-30.3891868591,-73.412109375,-49.4280738831,-70.911781311,-52.3069839478,26.009847641,-14.4056568146,-32.4140319824,-19.889081955,52.2116622925,124.422088623,11.061416626],[64.7238693237,-41.1488876343,-20.3069648743,11.6706514359,-5.07232904434,15.4799957275,-8.21144199371,-17.7013645172,10.8273334503,-2.86968541145,-30.5285625458,11.061416626,88.0342254639]],"icov":[[0.000939995166846,-0.00191171083134,0.0020775583107,-0.00163104489911,0.00107094680425,-0.0012211081339,0.000952336646151,-0.000574097037315,0.000115174232633,-0.0000434766407125,-0.000585211440921,0.000896694895346,-0.000970578345004],[-0.00191171083134,0.00605682795867,-0.00503597361967,0.00400479324162,-0.0032423553057,0.00319101265632,-0.00357816624455,0.00225593126379,-0.000959134369623,0.0013550138101,0.00112456898205,-0.00135702406988,0.00263857143],[0.0020775583107,-0.00503597361967,0.0058250259608,-0.00425788108259,0.00302600441501,-0.00321210292168,0.00340229505673,-0.00298211537302,0.00262731895782,-0.00188944616821,0.000501944916323,0.00149998045526,-0.00191546231508],[-0.00163104489911,0.00400479324162,-0.00425788108259,0.0055502471514,-0.00158233486582,0.00310228462331,-0.0024333470501,0.00307475286536,-0.00268508377485,0.00133839552291,-0.000140265445225,0.000347603810951,0.00138926901855],[0.00107094680425,-0.0032423553057,0.00302600441501,-0.00158233486582,0.00443585496396,-0.00214155693538,0.00294172624126,-0.00100158399437,-0.0000878409628058,0.0000513352169946,-0.000259057909716,0.00213072285987,-0.00103505828883],[-0.0012211081339,0.00319101265632,-0.00321210292168,0.00310228462331,-0.00214155693538,0.00842289254069,-0.00457447627559,0.00378101249225,-0.000846889335662,0.00205753184855,-0.00176165322773,0.00398657750338,-0.000974384485744],[0.000952336646151,-0.00357816624455,0.00340229505673,-0.0024333470501,0.00294172624126,-0.00457447627559,0.00626454455778,-0.00289459270425,0.00315910554491,-0.00217544496991,0.00169342663139,-0.00135331402998,0.00000874047509569],[-0.000574097037315,0.00225593126379,-0.00298211537302,0.00307475286536,-0.00100158399437,0.00378101249225,-0.00289459270425,0.00928378570825,-0.00556008983403,0.00589212961495,-0.00235038879327,0.00273883808404,0.000971909670625],[0.000115174232633,-0.000959134369623,0.00262731895782,-0.00268508377485,-0.0000878409628058,-0.000846889335662,0.00315910554491,-0.00556008983403,0.0133941462263,-0.00550713157281,0.00411234609783,-0.000451307831099,-0.00059452856658],[-0.0000434766407125,0.0013550138101,-0.00188944616821,0.00133839552291,0.0000513352169946,0.00205753184855,-0.00217544496991,0.00589212961495,-0.00550713157281,0.00996271893382,-0.00243129092269,0.00288752443157,0.000471190782264],[-0.000585211440921,0.00112456898205,0.000501944916323,-0.000140265445225,-0.000259057909716,-0.00176165322773,0.00169342663139,-0.00235038879327,0.00411234609783,-0.00243129092269,0.0129231438041,-0.00662833312526,0.00579978525639],[0.000896694895346,-0.00135702406988,0.00149998045526,0.000347603810951,0.00213072285987,0.00398657750338,-0.00135331402998,0.00273883808404,-0.000451307831099,0.00288752443157,-0.00662833312526,0.0163925625384,-0.00535605289042],[-0.000970578345004,0.00263857143,-0.00191546231508,0.00138926901855,-0.00103505828883,-0.000974384485744,0.00000874047509569,0.000971909670625,-0.00059452856658,0.000471190782264,0.00579978525639,-0.00535605289042,0.0157607588917]],"mean":[-115.038856506,132.441864014,-141.574996948,31.8120670319,-31.139005661,11.5108060837,-32.9325370789,-2.90870571136,-5.44014692307,-10.5664405823,-15.3566608429,2.14770007133,-8.16459369659]},"hfc":{"dmean":7.02503108978,"dmean2":9.68127346039,"dvar":124.269271851,"dvar2":226.821716309,"max":134.683242798,"mean":18.0324802399,"median":6.0771894455,"min":1.11570081316e-16,"var":485.578582764},"melbands":{"dmean":[0.000208083016332,0.000522566668224,0.00019393695402,0.0000549805045011,0.0000515362335136,0.0000647606284474,0.0000563353059988,0.000034366035834,0.0000287614075205,0.0000476876011817,0.0000798001710791,0.0000928676818148,0.0000683611287968,0.0000627756671747,0.0000856750557432,0.0000995462905848,0.0000894896875252,0.0000973769201664,0.000070744252298,0.0000710085805622,0.0000756674126023,0.0000564578840567,0.0000167908729054,0.00000727596170691,0.00000649667617836,0.00000497774180985,6.27171743872e-7,2.17570061523e-7,1.81665996024e-7,1.29629142975e-7,2.45336167382e-7,3.13168385446e-7,2.31469485357e-7,1.26019557456e-7,6.68047661634e-8,4.43444925224e-8,2.60691361831e-8,1.49588093024e-8,7.44253769724e-9,4.12541956152e-9],"dmean2":[0.00036317537888,0.000895595469046,0.000343005202012,0.0000964195351116,0.0000853254459798,0.000102972895547,0.000089080655016,0.0000513393206347,0.0000473679028801,0.0000746523655835,0.000119460724818,0.000129592808662,0.000102929501736,0.0000973739224719,0.00012850726489,0.000159460600116,0.00014360275236,0.000145925732795,0.000109815482574,0.000105996521597,0.000119704331155,0.0000834655438666,0.0000244727816607,0.000010753571587,0.0000100264078355,0.00000747335343476,9.66580500972e-7,3.41863170661e-7,2.91340938929e-7,2.11412128692e-7,4.27551640314e-7,5.25184930211e-7,3.71292486534e-7,1.98855417466e-7,1.07949752248e-7,6.89367922746e-8,3.95516650542e-8,2.31256382932e-8,1.135023453e-8,6.42953112973e-9],"dvar":[1.27614953271e-7,8.47292312756e-7,1.04233251363e-7,5.65889557436e-9,8.02951305445e-9,3.00407378973e-8,4.87584728148e-8,1.94308036328e-8,6.43494901809e-9,1.27511023962e-8,3.92036660912e-8,7.73925350472e-8,3.63981769169e-8,2.14046504965e-8,3.49034579017e-8,6.11407173778e-8,4.75154635637e-8,7.09564460522e-8,4.23646220327e-8,3.6957175098e-8,2.5545805471e-8,1.53921977386e-8,1.54378776429e-9,2.24588611597e-10,2.8171337485e-10,2.44592068821e-10,3.00218725748e-12,1.81205812616e-13,1.08907505139e-13,5.01116719463e-14,1.69956583529e-12,6.58777231984e-13,1.74226640602e-13,5.87710761134e-14,2.29531275036e-14,1.35093699804e-14,3.14936696547e-15,7.83090588885e-16,2.36307633905e-16,7.68761875147e-17],"dvar2":[3.60528616739e-7,0.000002297242645,3.08306454144e-7,1.7000436614e-8,1.9096599857e-8,6.75810341022e-8,8.67586749109e-8,3.08628465007e-8,1.55222288356e-8,2.71979061495e-8,8.393590889e-8,1.57195273687e-7,7.78717250682e-8,4.69314436202e-8,8.29534130276e-8,1.52881995064e-7,1.18164955154e-7,1.47383204308e-7,1.10828082711e-7,7.53159525857e-8,6.17367064137e-8,3.34551906178e-8,3.82539511179e-9,4.79772832573e-10,7.02604252556e-10,5.58620594227e-10,6.40981408576e-12,3.93145368691e-13,2.33351912012e-13,1.35077482511e-13,5.10702287751e-12,1.94723924485e-12,4.22732839402e-13,1.41921820433e-13,5.92167170876e-14,3.5296194949e-14,6.90209963971e-15,1.71833592955e-15,5.07581846664e-16,1.70013660611e-16],"max":[0.00347179034725,0.0100865345448,0.0038885762915,0.000690996006597,0.00123480393086,0.00270958826877,0.00453867856413,0.0025122675579,0.000848747848067,0.0013128623832,0.00273989443667,0.00563676934689,0.00260570133105,0.00198752689175,0.00198962609284,0.00241120276041,0.00209220708348,0.00369562511332,0.00300335674547,0.00366304884665,0.00148173037451,0.0012532871915,0.000593248929363,0.000160853625857,0.000237159343669,0.000282556022285,0.0000254010137724,0.00000753815993448,0.00000654595714877,0.00000302933335661,0.000026828431146,0.0000154894405568,0.00000812176040199,0.00000300591796076,0.00000201188026949,0.00000139087069329,0.00000114729618872,4.44455139359e-7,1.74419383825e-7,9.41154638667e-8],"mean":[0.000274492485914,0.000682798097841,0.000281418353552,0.0000793472790974,0.0000782798815635,0.000100219673186,0.0000858816056279,0.000046170236601,0.0000337418859999,0.0000610219140071,0.000113434660307,0.00014027733414,0.0000823692389531,0.0000868472270668,0.000119011165225,0.000112501664262,0.000107917177957,0.000126912549604,0.0000954364440986,0.000104653510789,0.000113590416731,0.0000804861119832,0.0000255318245763,0.0000106656398202,0.00000864318735694,0.00000608458412898,8.94340132618e-7,4.45042189767e-7,3.6768614109e-7,2.94461074191e-7,4.22553256385e-7,0.00000105497122149,6.36965012291e-7,1.9175085697e-7,9.49696143948e-8,6.09414883002e-8,3.9488398329e-8,2.23848992675e-8,1.09379953983e-8,6.04984240482e-9],"median":[0.000121168639453,0.000273864017799,0.000125877646497,0.0000467851677968,0.0000433467575931,0.0000454862456536,0.0000137121014632,0.00000697147879691,0.0000100574579847,0.0000129493018903,0.0000124523066916,0.00000732778380552,0.00000554792768526,0.00000837225888972,0.00000929614907363,0.00000712411610948,0.00000805202216725,0.00000664883737045,0.00000515463125339,0.00000641403585178,0.0000089054228738,0.00000755914425099,0.00000290804155156,0.00000190910236597,0.00000144049386108,8.5089300228e-7,3.46664990047e-7,2.47232037509e-7,1.49111684777e-7,1.09650983404e-7,1.57833937919e-7,1.57371005116e-7,2.13361147416e-7,7.80532545264e-8,3.54434419592e-8,1.88861797312e-8,1.13521725353e-8,7.7087918271e-9,3.19092929857e-9,2.1786368265e-9],"min":[1.6443166592e-23,7.29154232115e-24,4.67969446702e-24,8.89704150179e-24,1.0025380809e-23,4.37465023801e-24,3.76868831138e-24,5.852563789e-24,6.44871623027e-24,5.22086369762e-24,5.17147074976e-24,1.00245233172e-23,1.1818929441e-23,5.50015950668e-24,1.08983177206e-23,1.05788692859e-23,7.82883785028e-24,1.02638929037e-23,4.72218882626e-24,5.60502239239e-24,9.01990343233e-24,8.26713606897e-24,8.20294251281e-24,1.10398993204e-23,9.55887923519e-24,1.12878880012e-23,1.38906099179e-23,1.02395186794e-23,1.00891468025e-23,1.05559702315e-23,8.99467250514e-24,9.48600426477e-24,7.69156579758e-24,6.92704204015e-24,1.22275633343e-23,1.07159141467e-23,1.17773059842e-23,1.27266953505e-23,1.00535486653e-23,9.43810384174e-24],"var":[1.74763769678e-7,0.00000128604551719,1.50647991859e-7,8.99624819084e-9,1.49958729878e-8,5.46418021941e-8,9.7822429268e-8,3.95108230578e-8,6.99625024581e-9,1.88236342069e-8,7.75956507937e-8,2.16191168079e-7,5.68852414062e-8,5.06390414046e-8,7.12945720238e-8,7.27329165784e-8,6.2077418761e-8,1.10462551106e-7,6.14846200619e-8,7.65472378816e-8,5.14368778681e-8,2.80696355048e-8,2.7325490759e-9,4.18023449189e-10,4.30553037667e-10,3.52716994501e-10,4.16453113314e-12,5.10462928437e-13,2.93505020635e-13,1.40815243038e-13,1.04655270994e-12,2.33060619415e-12,6.45947921887e-13,1.07229119518e-13,3.38669555995e-14,1.88458359432e-14,8.05850713579e-15,1.64677826852e-15,4.29010805779e-16,1.18473016025e-16]},"melbands_crest":{"dmean":4.17083120346,"dmean2":6.88118171692,"dvar":11.4842863083,"dvar2":30.8651828766,"max":29.5356483459,"mean":13.4515686035,"median":12.6312704086,"min":1.83925580978,"var":26.396686554},"melbands_flatness_db":{"dmean":0.0360578596592,"dmean2":0.0534594729543,"dvar":0.00155101239216,"dvar2":0.00295325741172,"max":0.512491941452,"mean":0.256554752588,"median":0.233948469162,"min":0.00397814624012,"var":0.00628847209737},"melbands_kurtosis":{"dmean":8.610455513,"dmean2":14.3138742447,"dvar":345.846221924,"dvar2":933.854980469,"max":294.20022583,"mean":9.61198806763,"median":1.67769837379,"min":-1.91856360435,"var":400.887207031},"melbands_skewness":{"dmean":1.11599159241,"dmean2":1.68926584721,"dvar":1.44563484192,"dvar2":3.37984871864,"max":13.6423721313,"mean":1.53011834621,"median":1.19110107422,"min":-2.4754178524,"var":4.27262830734},"melbands_spread":{"dmean":10.9025754929,"dmean2":16.7940883636,"dvar":173.194793701,"dvar2":359.417388916,"max":136.232025146,"mean":29.8646850586,"median":27.9159374237,"min":0.994487464428,"var":469.151062012},"mfcc":{"cov":[[10946.2099609,-590.171264648,-3908.73803711,-199.284667969,-320.99987793,752.99786377,-11.4050970078,506.920379639,-92.6653518677,-202.71875,372.301422119,121.379150391,46.5401039124],[-590.171264648,1134.04772949,321.232849121,-112.548484802,39.7011680603,8.644323349,217.841033936,87.4466552734,90.6742477417,-23.2923240662,11.3058338165,-35.7179679871,-44.4137535095],[-3908.73803711,321.232849121,2346.24633789,323.973815918,-109.753883362,-120.496147156,118.870506287,-208.272460938,84.4311218262,142.405593872,-159.202270508,-44.6757125854,-26.3399887085],[-199.284667969,-112.548484802,323.973815918,491.588165283,70.8012237549,-9.02735424042,-124.287658691,-92.990234375,33.7164535522,36.483707428,4.71225643158,-32.0465927124,56.3653678894],[-320.99987793,39.7011680603,-109.753883362,70.8012237549,747.9296875,-169.421325684,-227.889465332,-53.5826683044,15.5972595215,101.266487122,-64.269241333,-6.17270612717,-81.1729049683],[752.99786377,8.644323349,-120.496147156,-9.02735424042,-169.421325684,440.251983643,134.445083618,-93.375328064,36.6934165955,-31.3100833893,58.1943244934,18.0662631989,-50.2512283325],[-11.4050970078,217.841033936,118.870506287,-124.287658691,-227.889465332,134.445083618,350.297454834,102.251670837,-10.0472822189,-32.4560127258,22.0771427155,20.9940280914,-48.309715271],[506.920379639,87.4466552734,-208.272460938,-92.990234375,-53.5826683044,-93.375328064,102.251670837,284.520019531,-19.0691223145,-34.3669662476,-7.23577356339,3.85588979721,2.77966403961],[-92.6653518677,90.6742477417,84.4311218262,33.7164535522,15.5972595215,36.6934165955,-10.0472822189,-19.0691223145,241.741973877,44.7248802185,-5.37160730362,9.95071983337,-67.0234985352],[-202.71875,-23.2923240662,142.405593872,36.483707428,101.266487122,-31.3100833893,-32.4560127258,-34.3669662476,44.7248802185,152.707199097,2.77892875671,-10.6631879807,-27.664981842],[372.301422119,11.3058338165,-159.202270508,4.71225643158,-64.269241333,58.1943244934,22.0771427155,-7.23577356339,-5.37160730362,2.77892875671,125.642272949,19.1941165924,10.2039308548],[121.379150391,-35.7179679871,-44.6757125854,-32.0465927124,-6.17270612717,18.0662631989,20.9940280914,3.85588979721,9.95071983337,-10.6631879807,19.1941165924,95.6690139771,2.4835767746],[46.5401039124,-44.4137535095,-26.3399887085,56.3653678894,-81.1729049683,-50.2512283325,-48.309715271,2.77966403961,-67.0234985352,-27.664981842,10.2039308548,2.4835767746,158.510192871]],"icov":[[0.000375285395421,-0.0000626827604719,0.000617231125943,-0.000381501973607,0.000276092527201,-0.000624794862233,0.000309501483571,-0.000620958744548,0.000186362871318,-0.000431122956797,0.0000859943975229,-0.000335091899615,0.000162276628544],[-0.0000626827604719,0.00138816225808,-0.000439019524492,0.000563358305953,-0.000800050096586,0.000094217590231,-0.00108040019404,-0.000168458354892,-0.000943601073232,0.000922566396184,-0.000966711901128,0.00117077410687,-0.00076616165461],[0.000617231125943,-0.000439019524492,0.00189987674821,-0.00134973158129,0.000958058575634,-0.000385106541216,-0.000132217639475,-0.0000266004844889,0.000453765591374,-0.0015475070104,0.00149372208398,-0.00088379427325,0.000659601355437],[-0.000381501973607,0.000563358305953,-0.00134973158129,0.00354196457192,-0.000997756375,-0.0000205040560104,0.000413740694057,0.000332806550432,-0.00104712299071,0.000930757669266,-0.00148630910553,0.00164394942112,-0.00182150874753],[0.000276092527201,-0.000800050096586,0.000958058575634,-0.000997756375,0.00300757470541,0.000239433851675,0.00187084276695,-0.0000184282271221,0.00121653557289,-0.00201160018332,0.00173716968857,-0.00156020803843,0.0024712770246],[-0.000624794862233,0.000094217590231,-0.000385106541216,-0.0000205040560104,0.000239433851675,0.00515420595184,-0.00258396752179,0.00352077139542,-0.000727054313757,0.00111286737956,-0.000443609955255,0.000371909583919,0.000970023742411],[0.000309501483571,-0.00108040019404,-0.000132217639475,0.000413740694057,0.00187084276695,-0.00258396752179,0.00733931455761,-0.00330454576761,0.00175883923657,-0.000876034726389,-0.000146744656377,-0.00190397736151,0.00250105001032],[-0.000620958744548,-0.000168458354892,-0.0000266004844889,0.000332806550432,-0.0000184282271221,0.00352077139542,-0.00330454576761,0.00719514302909,-0.000521500245668,0.000889360730071,0.00105212477501,0.000539435946848,-0.000155702873599],[0.000186362871318,-0.000943601073232,0.000453765591374,-0.00104712299071,0.00121653557289,-0.000727054313757,0.00175883923657,-0.000521500245668,0.00599848851562,-0.00211020559072,0.00112286652438,-0.00204407284036,0.00319414329715],[-0.000431122956797,0.000922566396184,-0.0015475070104,0.000930757669266,-0.00201160018332,0.00111286737956,-0.000876034726389,0.000889360730071,-0.00211020559072,0.00969262141734,-0.00275661493652,0.00215558009222,-0.00021988908702],[0.0000859943975229,-0.000966711901128,0.00149372208398,-0.00148630910553,0.00173716968857,-0.000443609955255,-0.000146744656377,0.00105212477501,0.00112286652438,-0.00275661493652,0.0114206941798,-0.0028122595977,0.000468954967801],[-0.000335091899615,0.00117077410687,-0.00088379427325,0.00164394942112,-0.00156020803843,0.000371909583919,-0.00190397736151,0.000539435946848,-0.00204407284036,0.00215558009222,-0.0028122595977,0.0127492556348,-0.00208263890818],[0.000162276628544,-0.00076616165461,0.000659601355437,-0.00182150874753,0.0024712770246,0.000970023742411,0.00250105001032,-0.000155702873599,0.00319414329715,-0.00021988908702,0.000468954967801,-0.00208263890818,0.0104564474896]],"mean":[-749.199951172,154.91633606,-30.4399299622,25.3044185638,17.0971717834,17.7643184662,-12.666595459,14.6669492722,2.74899721146,-2.70427441597,2.72372126579,-4.90980005264,-1.3860155344]},"pitch_salience":{"dmean":0.0928759276867,"dmean2":0.155402287841,"dvar":0.00604870216921,"dvar2":0.0161905549467,"max":0.964102566242,"mean":0.587823331356,"median":0.595961987972,"min":0.220015406609,"var":0.0139267900959},"silence_rate_20dB":{"dmean":0,"dmean2":0,"dvar":0,"dvar2":0,"max":1,"mean":1,"median":1,"min":1,"var":0},"silence_rate_30dB":{"dmean":0,"dmean2":0,"dvar":0,"dvar2":0,"max":1,"mean":1,"median":1,"min":1,"var":0},"silence_rate_60dB":{"dmean":0.089813798666,"dmean2":0.179824560881,"dvar":0.0817465111613,"dvar2":0.160643845797,"max":1,"mean":0.276805251837,"median":0,"min":0,"var":0.200180739164},"spectral_centroid":{"dmean":291.114379883,"dmean2":414.672637939,"dvar":192683.1875,"dvar2":286701.9375,"max":10415.1337891,"mean":1347.78625488,"median":1415.53173828,"min":171.529312134,"var":533401.9375},"spectral_complexity":{"dmean":3.41073393822,"dmean2":4.80482435226,"dvar":13.1423578262,"dvar2":20.5583896637,"max":38,"mean":12.8019695282,"median":11,"min":0,"var":88.6336517334},"spectral_contrast_coeffs":{"dmean":[0.0549991577864,0.050358440727,0.0492319427431,0.0463707968593,0.0387265533209,0.0273917261511],"dmean2":[0.0952310711145,0.081916667521,0.0784443020821,0.0668274238706,0.0503880903125,0.0387623794377],"dvar":[0.00167520239484,0.00176957633812,0.00172574957833,0.00173739728052,0.00136621994898,0.000719229399692],"dvar2":[0.00492788571864,0.00418442767113,0.00386339938268,0.00324616068974,0.00197240943089,0.00117165152915],"max":[-0.499981194735,-0.458122462034,-0.50053358078,-0.499458491802,-0.521652281284,-0.585108757019],"mean":[-0.700048685074,-0.749686598778,-0.765911638737,-0.756796121597,-0.738260805607,-0.74619191885],"median":[-0.705073714256,-0.76483798027,-0.780887246132,-0.76534807682,-0.747080266476,-0.747922599316],"min":[-0.96962171793,-0.989691674709,-0.966844022274,-0.976335406303,-0.957228004932,-0.962041258812],"var":[0.0034815557301,0.00598778761923,0.00624856399372,0.00811319146305,0.00962982978672,0.00567477801815]},"spectral_contrast_valleys":{"dmean":[0.444967508316,0.386267691851,0.453892588615,0.537791252136,0.434271991253,0.354004144669],"dmean2":[0.740182578564,0.605609893799,0.635918438435,0.654734909534,0.560570299625,0.464878708124],"dvar":[0.38767105341,0.426905781031,0.458909273148,0.473052114248,0.500572621822,0.369755297899],"dvar2":[0.532164037228,0.527942299843,0.524922370911,0.486879229546,0.526237130165,0.405357241631],"max":[-6.12181615829,-5.79580688477,-5.30613899231,-5.54235363007,-6.71452903748,-10.1381940842],"mean":[-7.88059234619,-7.72248506546,-8.10223484039,-8.13719558716,-8.81320762634,-12.0291700363],"median":[-7.69222831726,-7.61323928833,-7.88587617874,-7.9503736496,-8.33401489258,-11.8828105927],"min":[-27.2260437012,-27.6802043915,-26.9215908051,-27.2689838409,-27.1905593872,-27.1650791168],"var":[1.37295401096,1.20522797108,2.05744338036,2.34024548531,2.02222728729,1.05374896526]},"spectral_decrease":{"dmean":1.22984589179e-9,"dmean2":1.84033588368e-9,"dvar":2.47844135793e-18,"dvar2":4.99610679332e-18,"max":3.38977061444e-29,"mean":-3.43166117744e-9,"median":-2.12477857531e-9,"min":-1.7755837689e-8,"var":1.11682063373e-17},"spectral_energy":{"dmean":0.00520192552358,"dmean2":0.00771915912628,"dvar":0.0000461020208604,"dvar2":0.0000900209925021,"max":0.0777854695916,"mean":0.0145874582231,"median":0.00877185724676,"min":9.99179573119e-21,"var":0.000208185112569},"spectral_energyband_high":{"dmean":0.0000218011355173,"dmean2":0.0000344744694303,"dvar":2.3323538656e-9,"dvar2":6.52014087166e-9,"max":0.000914860283956,"mean":0.0000703824262018,"median":0.0000346937595168,"min":7.39902071936e-21,"var":6.5344369915e-9},"spectral_energyband_low":{"dmean":0.0019044582732,"dmean2":0.00323133403435,"dvar":0.0000108172898763,"dvar2":0.0000302445005218,"max":0.0376470759511,"mean":0.00291322940029,"median":0.00133901915979,"min":6.41339624541e-23,"var":0.0000182750591193},"spectral_energyband_middle_high":{"dmean":0.00382711924613,"dmean2":0.00526723219082,"dvar":0.0000337035635312,"dvar2":0.0000620826758677,"max":0.0653033703566,"mean":0.00946688465774,"median":0.00260540284216,"min":1.41731763601e-21,"var":0.000139407726238},"spectral_energyband_middle_low":{"dmean":0.00121915666386,"dmean2":0.0019285378512,"dvar":0.00000278497714135,"dvar2":0.00000566902190258,"max":0.0201403964311,"mean":0.00256552081555,"median":0.00176664860919,"min":1.85683720702e-22,"var":0.0000074853546721},"spectral_entropy":{"dmean":0.242141067982,"dmean2":0.362587869167,"dvar":0.0693670585752,"dvar2":0.136139303446,"max":9.80408191681,"mean":7.08663082123,"median":7.12008094788,"min":5.19721078873,"var":0.251333683729},"spectral_flux":{"dmean":0.0215171724558,"dmean2":0.0313689000905,"dvar":0.000464706972707,"dvar2":0.000874105782714,"max":0.255531519651,"mean":0.0768789425492,"median":0.0716771185398,"min":9.99589716555e-11,"var":0.00235709059052},"spectral_kurtosis":{"dmean":5.86928749084,"dmean2":9.7496213913,"dvar":38.182220459,"dvar2":98.4612045288,"max":55.4364242554,"mean":11.8726577759,"median":9.23335075378,"min":-1.21210932732,"var":95.0916671753},"spectral_rms":{"dmean":0.000697745941579,"dmean2":0.00100858043879,"dvar":5.49810010853e-7,"dvar2":9.05676301954e-7,"max":0.00871138647199,"mean":0.00324244308285,"median":0.00292539061047,"min":3.12219369282e-12,"var":0.00000371823148271},"spectral_rolloff":{"dmean":403.280792236,"dmean2":662.003540039,"dvar":537118.0625,"dvar2":1052173.375,"max":18884.6191406,"mean":1509.37316895,"median":1550.390625,"min":107.666015625,"var":1478452.375},"spectral_skewness":{"dmean":0.55855846405,"dmean2":0.869992256165,"dvar":0.312094151974,"dvar2":0.693300008774,"max":6.27492809296,"mean":2.1126537323,"median":1.87732005119,"min":0.0692196115851,"var":0.978689610958},"spectral_spread":{"dmean":526680.125,"dmean2":724469.5,"dvar":1272751587330,"dvar2":1362089869310,"max":40661296,"mean":2696910.5,"median":2333177,"min":1051729,"var":3123986563070},"spectral_strongpeak":{"dmean":0.917202413082,"dmean2":1.48948407173,"dvar":1.98087596893,"dvar2":4.56489229202,"max":14.7245483398,"mean":1.2964348793,"median":0.30017966032,"min":2.39069763985e-9,"var":3.63921976089},"zerocrossingrate":{"dmean":0.0104218367487,"dmean2":0.0116882324219,"dvar":0.000280208187178,"dvar2":0.000331265327986,"max":0.4873046875,"mean":0.0539064630866,"median":0.0556640625,"min":0.00634765625,"var":0.00114015198778}},"metadata":{"audio_properties":{"analysis_sample_rate":44100,"bit_rate":194677,"codec":"mp3","downmix":"mix","equal_loudness":0,"length":21.1853065491,"lossless":false,"md5_encoded":"5e8caa82f03b68e13020c3188990603b","replay_gain":-12.014623642,"sample_rate":44100},"tags":{"acoustid_id":["fda58cb4-9a7a-4bfc-8642-3cfd8b3bd3e7"],"album":["Drones (disc 1)"],"albumartist":["Muse"],"albumartistsort":["Muse"],"artist":["Muse"],"artistsort":["Muse"],"asin":["B00UHZMGBY"],"barcode":["0825646121236"],"catalognumber":["0825646121236"],"date":["2015"],"discnumber":["1/2"],"encodedby":["LAME 3.99.5, VBR 2, EAC (Secure mode)"],"encoding":["LAME.EXE -V 2 --vbr-new"],"file_name":"1-02 [Drill Sergeant].mp3","genre":["Rock"],"isrc":["GBAHT1500067"],"label":["Warner Bros. Records"],"length":["21133"],"media":["CD"],"musicbrainz album release country":["GB"],"musicbrainz album status":["official"],"musicbrainz album type":["album"],"musicbrainz_albumartistid":["9c9f1380-2516-4fc9-a3e6-f9f61941d090"],"musicbrainz_albumid":["1069e443-60a7-44f1-a116-d66ee0962fca"],"musicbrainz_artistid":["9c9f1380-2516-4fc9-a3e6-f9f61941d090"],"musicbrainz_recordingid":["274a399e-dab5-4403-8032-dbef97d71f5a"],"musicbrainz_releasegroupid":["3133d4d5-5cfb-4f53-87f5-f3a97c8f310d"],"originaldate":["2015"],"script":["Latn"],"title":["[Drill Sergeant]"],"tracknumber":["2/12"]},"version":{"essentia":"2.1-beta2","essentia_build_sha":"2d9f1f26377add8aeb1075a9c2973f962c4f09fd","essentia_git_sha":"v2.1_beta2-1-ge3940c0","extractor":"music 1.0"}},"rhythm":{"beats_count":50,"beats_loudness":{"dmean":0.0161774344742,"dmean2":0.0285014603287,"dvar":0.000126536411699,"dvar2":0.000291719654342,"max":0.0488432981074,"mean":0.0213474985212,"median":0.0219538323581,"min":0.000348128087353,"var":0.000211221777136},"beats_loudness_band_ratio":{"dmean":[0.248127445579,0.0968