{"lowlevel":{"average_loudness":0.948532760143,"barkbands":{"dmean":[0.00298020383343,0.00944074057043,0.00123025604989,0.000329483038513,0.000434817775385,0.000547430012375,0.000684176629875,0.000288033275865,0.000392810470657,0.000481647526613,0.000500426744111,0.000844956317451,0.000901397201233,0.00107626779936,0.00108946568798,0.000604626024142,0.000454628549051,0.000369068438886,0.000277663522866,0.000205850185012,0.0002279846085,0.000144945675856,0.0000546177434444,0.0000143940733324,0.00000253902794611,0.0000320806320815,0.000568988558371],"dmean2":[0.00520288664848,0.0159487370402,0.0020985219162,0.000554979313165,0.000705430691596,0.000849625328556,0.00109339517076,0.0004754732945,0.000629975809716,0.000784859934356,0.000814823317342,0.00138164451346,0.00148397614248,0.00176202971488,0.00177900132257,0.00100046477746,0.000758921902161,0.000606147805229,0.000432559871115,0.000313981989166,0.000348030182067,0.000224150586291,0.0000814629602246,0.0000212931627175,0.00000416933153247,0.0000463788637717,0.000853203586303],"dvar":[0.0000345704538631,0.00023725250503,0.0000049131463129,3.62652599506e-7,9.04841840565e-7,0.00000297334963761,0.00000635502328805,6.26860696684e-7,8.64615572027e-7,8.85835902409e-7,7.57620227887e-7,0.00000237687231674,0.00000154840574851,0.00000180726715371,0.00000211602150557,8.59781437157e-7,5.80630569402e-7,4.02647174269e-7,3.92533877402e-7,1.22629742805e-7,2.80614642634e-7,1.25036066834e-7,1.62716471408e-8,8.03024924334e-10,1.46932153944e-11,3.19228776746e-9,4.59026239241e-7],"dvar2":[0.0000917629367905,0.000631685485132,0.0000129567952172,8.85017300334e-7,0.00000214205874727,0.00000624830590823,0.0000144919931699,0.00000160177012276,0.0000019944077394,0.00000223559823098,0.00000173758076016,0.00000555498263566,0.00000382641428587,0.00000462071147922,0.00000539536131328,0.00000225506232709,0.00000151061090037,0.00000104195532913,9.29968848595e-7,2.71071940006e-7,6.6922291353e-7,3.08862354359e-7,3.85270197967e-8,1.79052050964e-9,3.59819257723e-11,6.64343779988e-9,9.93213916445e-7],"max":[0.124992206693,0.159447744489,0.0265093091875,0.0205464027822,0.0252060275525,0.0534068010747,0.0815658792853,0.0276421271265,0.0315510928631,0.0196999832988,0.0209740009159,0.0561067685485,0.0254733208567,0.0295604970306,0.0205129086971,0.0138100078329,0.0185072887689,0.0108771137893,0.019650824368,0.00924259517342,0.0111642563716,0.00698910374194,0.00363586121239,0.000728861254174,0.0000590631389059,0.000966772669926,0.0222220867872],"mean":[0.00280771637335,0.0109302038327,0.00129550613929,0.000393483031075,0.000616252189502,0.000728795770556,0.000893972057384,0.000400511285989,0.000574790115934,0.000701544748154,0.000711556233,0.0013489308767,0.00146227970254,0.00192349881399,0.00187198375352,0.000933992385399,0.000765506876633,0.000577052007429,0.000519894179888,0.000437019247329,0.000433114677435,0.000249864679063,0.0000883188404259,0.0000233056707657,0.00000308408857563,0.0000571886230318,0.00202448526397],"median":[0.00110526941717,0.00582790281624,0.000549952092115,0.000180818053195,0.000265183334704,0.00021080870647,0.000218535205931,0.000189395330381,0.000273099489277,0.000324335211189,0.00036456741509,0.000863903900608,0.00103766447864,0.00151094561443,0.00126165524125,0.000591523014009,0.000487482000608,0.00029631270445,0.000252755824476,0.000263746740529,0.000265450857114,0.000143805562402,0.0000507482036483,0.000013813066289,0.00000172671479959,0.0000339283651556,0.00172221451066],"min":[4.40923547782e-24,3.12419494716e-23,1.09676562276e-23,4.28324524046e-23,2.39087789605e-23,1.50537884781e-23,2.58423922129e-23,2.87368838018e-23,3.5239659881e-23,2.16979962736e-23,8.64895799996e-23,7.54297816629e-23,9.78503003727e-23,7.93744332878e-23,6.85866909891e-23,8.16733569813e-23,2.46727367891e-22,1.78646841613e-22,2.20911800105e-22,4.90433284919e-22,2.58267885442e-22,4.54904756797e-22,7.35402641573e-22,1.16661496451e-21,1.11270645693e-21,1.56155755824e-21,2.36229716884e-21],"var":[0.0000299850362353,0.00023185761529,0.00000478908350487,5.61027889034e-7,0.00000175308412054,0.00000522335767528,0.00000950429603108,9.58958025876e-7,0.00000149836739638,0.00000141368366258,0.0000012331859125,0.00000378244976673,0.00000260877504843,0.00000315631791636,0.00000391049479731,0.00000109880318178,7.97055520252e-7,6.01131205258e-7,7.61434307606e-7,3.24748242519e-7,3.94529735104e-7,1.39872867067e-7,1.86197528507e-8,1.04489916719e-9,1.73134492853e-11,5.46982903415e-9,0.00000244307102548]},"barkbands_crest":{"dmean":3.2889149189,"dmean2":5.38064050674,"dvar":8.41750240326,"dvar2":21.4387435913,"max":25.3437919617,"mean":9.0302362442,"median":7.98426866531,"min":2.38284373283,"var":18.1024436951},"barkbands_flatness_db":{"dmean":0.0231745839119,"dmean2":0.0372357740998,"dvar":0.000469575810712,"dvar2":0.00118955085054,"max":0.435547173023,"mean":0.10096218437,"median":0.0922123044729,"min":0.0241036061198,"var":0.00159666314721},"barkbands_kurtosis":{"dmean":1.85490143299,"dmean2":3.06909894943,"dvar":36.2356796265,"dvar2":83.7570495605,"max":204.490829468,"mean":1.20524024963,"median":-0.14168035984,"min":-1.725512743,"var":50.5237464905},"barkbands_skewness":{"dmean":0.535423517227,"dmean2":0.853969037533,"dvar":0.367506206036,"dvar2":0.852592110634,"max":12.1891689301,"mean":0.859166264534,"median":0.67374163866,"min":-2.05231738091,"var":0.970084011555},"barkbands_spread":{"dmean":11.1583061218,"dmean2":17.5746955872,"dvar":93.860168457,"dvar2":228.423873901,"max":114.365097046,"mean":51.9384994507,"median":51.6962585449,"min":0.800760805607,"var":360.287231445},"dissonance":{"dmean":0.00929042324424,"dmean2":0.0159445013851,"dvar":0.000133275956614,"dvar2":0.000360731617548,"max":0.5,"mean":0.48734280467,"median":0.491911530495,"min":0.227869406343,"var":0.000224379138672},"dynamic_complexity":2.3888437748,"erbbands":{"dmean":[0.443733245134,1.56280303001,1.60899341106,1.13577449322,1.0564750433,1.55527067184,3.26999425888,4.64511537552,10.2581768036,6.88329315186,6.43590021133,8.71987819672,11.1712465286,16.936832428,22.6105995178,34.7403564453,41.7101669312,44.0324211121,53.7362136841,51.9839553833,29.2957649231,25.1282691956,20.0632266998,15.5990915298,12.0172967911,10.1514148712,10.0793151855,8.6287317276,5.78675556183,3.02737355232,1.34608840942,0.494564831257,0.157944440842,0.0343079976737,0.016488276422,0.0294653065503,0.0643003433943,0.107236742973,0.0550918020308,0.00951911322773],"dmean2":[0.762000203133,2.61050391197,2.73531222343,1.89306521416,1.75874125957,2.54003000259,5.12936306,7.1699719429,16.348865509,11.1562490463,10.5610399246,13.9743413925,18.3608818054,27.2204856873,36.6987190247,56.8918876648,68.5545425415,72.4019622803,87.1476135254,85.6170578003,48.3252944946,41.9237976074,32.5516586304,24.9606342316,18.439617157,15.3412752151,15.1363344193,13.5343599319,9.0291223526,4.6192240715,1.99265992641,0.731899261475,0.235840201378,0.0546848960221,0.0270153302699,0.043787971139,0.0924534574151,0.157912448049,0.0787455961108,0.0140103539452],"dvar":[0.640766561031,5.24342346191,6.5355796814,4.20844125748,3.2066385746,15.2383003235,133.267150879,206.63710022,1765.12426758,338.868713379,277.332427979,459.041381836,419.735809326,977.955932617,1571.52197266,4343.15917969,3430.09570312,3096.15258789,4863.94824219,5570.12890625,2251.24194336,1704.01013184,1197.87390137,722.290527344,742.75982666,321.959259033,329.821838379,629.269165039,205.670272827,50.3030929565,9.04411220551,1.09930813313,0.0779473483562,0.00238061114214,0.000695409020409,0.00192642875481,0.0130674950778,0.0434335060418,0.00969861447811,0.000124479760416],"dvar2":[1.73396348953,13.6984891891,17.1846523285,10.5726470947,8.24244689941,37.1208457947,289.938934326,426.492858887,3926.0078125,825.879333496,682.25793457,1055.50952148,1060.51208496,2418.42382812,3669.27612305,9892.22851562,8481.15722656,7842.70507812,12201.0888672,14510.3339844,5924.35888672,4448.38818359,3104.97558594,1729.53503418,1719.64208984,694.841064453,722.360107422,1611.28234863,511.84753418,122.374656677,21.0416049957,2.48836064339,0.173222392797,0.00559818744659,0.00171014643274,0.00406451523304,0.0271346569061,0.093389339745,0.0208471603692,0.000264716771198],"max":[8.59108161926,22.6653175354,32.8014984131,57.1410636902,44.3888282776,101.053436279,382.238616943,538.681762695,1404.46142578,521.340209961,498.248840332,784.114929199,494.723632812,713.037475586,1595.0592041,2881.22265625,1204.93041992,1714.21923828,1235.65209961,1244.12670898,831.539367676,846.912780762,477.074249268,762.170288086,896.445922852,362.44039917,350.166503906,558.060241699,241.036697388,228.33821106,88.3849487305,25.2299861908,5.87596988678,0.675707995892,0.416389137506,0.589678347111,1.77400934696,3.20384144783,1.67393434048,0.406259834766],"mean":[0.46878695488,1.8504884243,1.87407195568,1.39986312389,1.38835132122,2.08861804008,4.43938779831,6.19195556641,13.0633115768,10.0203704834,9.76168251038,13.0935573578,16.6653404236,26.1083755493,36.6544952393,58.1202011108,70.4915542603,84.4216308594,101.320739746,85.9789733887,48.8113861084,43.5069694519,33.1796798706,28.6151561737,23.6110553741,21.2751407623,20.1794567108,14.7136898041,9.79763031006,5.09633970261,2.20333695412,0.795592188835,0.254874497652,0.0488982573152,0.019408557564,0.0511176846921,0.116792097688,0.215178415179,0.14419080317,0.0423358827829],"median":[0.214002519846,1.04315769672,1.01816964149,0.670343995094,0.722038865089,0.840572834015,1.15089607239,1.89724969864,2.75820922852,3.87738800049,4.90625286102,6.11562490463,8.85736465454,12.658074379,23.1412849426,38.5938224792,51.2836608887,68.174156189,74.978187561,56.5958328247,31.9668807983,28.7514038086,17.9555511475,14.8153076172,11.3507156372,11.9882183075,12.8838882446,8.6474609375,5.59796237946,2.91074800491,1.30112195015,0.469370901585,0.153329059482,0.0310104079545,0.0103730205446,0.0317978784442,0.0694237053394,0.130759894848,0.104465506971,0.036983627826],"min":[1.3457845874e-21,5.46249841301e-21,1.60971043569e-20,7.54105667783e-20,1.11787889242e-19,8.52929646423e-20,1.28324922822e-19,8.54919209666e-20,2.64885850359e-19,4.30848628426e-19,7.52743921699e-19,8.34645710786e-19,1.02630232134e-18,9.61899072824e-19,4.2628194521e-18,3.16914523442e-18,4.84165562935e-18,4.76572251707e-18,2.46555719271e-18,4.8265029213e-18,5.76955664842e-18,1.17028512175e-17,1.28951799582e-17,9.66820197762e-18,1.76574622311e-17,2.16433180394e-17,9.1599640113e-18,1.43828460919e-17,1.81277243355e-17,1.78005777119e-17,2.34503999667e-17,2.84704317184e-17,1.41782959069e-17,1.04424281417e-17,9.67618344336e-18,6.46217565482e-18,2.67977525787e-18,1.38158053034e-18,2.52085773217e-19,3.50523891489e-20],"var":[0.564261257648,5.79486083984,6.85847902298,5.66063404083,4.72732591629,26.6245670319,228.737548828,369.91506958,2621.39746094,666.549987793,482.74118042,807.02142334,651.755859375,1686.16638184,2531.31518555,6762.01855469,5703.35986328,5544.97998047,9359.56347656,8984.47753906,2854.88671875,2320.83959961,1834.28369141,1549.02404785,1591.2677002,879.106079102,684.324584961,623.330993652,224.143249512,57.6870918274,10.9283847809,1.34444093704,0.10980835557,0.00329578551464,0.000776498694904,0.00355955446139,0.0223283860832,0.0763371437788,0.0216199271381,0.000999814132228]},"erbbands_crest":{"dmean":2.23828959465,"dmean2":3.727871418,"dvar":4.30826663971,"dvar2":11.1148471832,"max":29.966375351,"mean":7.93959093094,"median":7.32228469849,"min":2.56542897224,"var":8.74182033539},"erbbands_flatness_db":{"dmean":0.0193179063499,"dmean2":0.0298687554896,"dvar":0.000309970055241,"dvar2":0.000708201201633,"max":0.391628563404,"mean":0.152053996921,"median":0.146155595779,"min":0.043582957238,"var":0.00182340946048},"erbbands_kurtosis":{"dmean":1.14482986927,"dmean2":1.82216286659,"dvar":1.36609482765,"dvar2":3.30038332939,"max":20.9209938049,"mean":1.83766400814,"median":1.51064896584,"min":-1.65122008324,"var":3.62619066238},"erbbands_skewness":{"dmean":0.362849533558,"dmean2":0.573811650276,"dvar":0.0996490642428,"dvar2":0.237466201186,"max":3.00645589828,"mean":-0.322690457106,"median":-0.321032106876,"min":-3.19491529465,"var":0.352125495672},"erbbands_spread":{"dmean":4.90146350861,"dmean2":7.62106990814,"dvar":25.697353363,"dvar2":58.0582542419,"max":98.2418670654,"mean":20.9416942596,"median":19.0481109619,"min":2.45442128181,"var":96.7809753418},"gfcc":{"cov":[[8015.05566406,-1334.97387695,-181.345611572,706.331726074,-211.395950317,-85.5650100708,481.885375977,-178.477462769,206.848190308,69.3287658691,-85.5080947876,347.732727051,-163.848007202],[-1334.97387695,1119.66430664,-70.7316741943,-443.85925293,161.405578613,-42.1665725708,-206.136001587,63.1998672485,-31.7472782135,-31.4653396606,79.9028244019,-123.02368927,130.884246826],[-181.345611572,-70.7316741943,404.43572998,110.927597046,-91.9387588501,147.056640625,-69.6219482422,38.0218276978,-37.6446456909,26.7084503174,-28.3630638123,34.8356819153,-23.3137187958],[706.331726074,-443.85925293,110.927597046,444.601043701,18.2536811829,-31.6259403229,158.921142578,-27.3656330109,6.60049057007,12.9675312042,-19.963640213,59.1974372864,-60.9193382263],[-211.395950317,161.405578613,-91.9387588501,18.2536811829,244.178619385,5.94141769409,56.2284240723,9.40445804596,4.06897878647,-25.1857032776,33.0798835754,-39.7592315674,43.3273277283],[-85.5650100708,-42.1665725708,147.056640625,-31.6259403229,5.94141769409,238.052001953,-29.5666427612,44.3785133362,-20.6795768738,-0.136864453554,-36.470993042,17.2630767822,-3.10821008682],[481.885375977,-206.136001587,-69.6219482422,158.921142578,56.2284240723,-29.5666427612,227.98147583,-9.43642997742,59.4639434814,6.90617799759,-0.339709490538,25.9950008392,-21.543384552],[-178.477462769,63.1998672485,38.0218276978,-27.3656330109,9.40445804596,44.3785133362,-9.43642997742,124.837768555,15.422709465,15.096113205,10.1651649475,-14.6131048203,15.7272615433],[206.848190308,-31.7472782135,-37.6446456909,6.60049057007,4.06897878647,-20.6795768738,59.4639434814,15.422709465,92.3472213745,35.269317627,15.6467733383,17.8948822021,-10.7445211411],[69.3287658691,-31.4653396606,26.7084503174,12.9675312042,-25.1857032776,-0.136864453554,6.90617799759,15.096113205,35.269317627,65.6835479736,33.139957428,14.6866998672,2.30742406845],[-85.5080947876,79.9028244019,-28.3630638123,-19.963640213,33.0798835754,-36.470993042,-0.339709490538,10.1651649475,15.6467733383,33.139957428,72.5747528076,12.3462095261,25.8207187653],[347.732727051,-123.02368927,34.8356819153,59.1974372864,-39.7592315674,17.2630767822,25.9950008392,-14.6131048203,17.8948822021,14.6866998672,12.3462095261,84.5320892334,-0.24466137588],[-163.848007202,130.884246826,-23.3137187958,-60.9193382263,43.3273277283,-3.10821008682,-21.543384552,15.7272615433,-10.7445211411,2.30742406845,25.8207187653,-0.24466137588,72.2806854248]],"icov":[[0.000201003393158,0.0000140634947456,0.000262582034338,-0.000228084885748,0.000111687615572,-0.0000537461746717,-0.0000770585756982,0.0000866284681251,-0.000161503106938,-0.000204682102776,0.000389067281503,-0.000639607780613,0.0000529341486981],[0.0000140634947456,0.00275888480246,-0.00153079791926,0.00256377761252,-0.00193583336659,0.00159353180788,0.00069793057628,-0.000373433635104,-0.000580330844969,0.00149718299508,-0.00147179316264,0.0013512984151,-0.00138232647441],[0.000262582034338,-0.00153079791926,0.00657081324607,-0.00452911434695,0.00330744963139,-0.00443875044584,0.0018687263364,-0.00033877993701,0.000429845415056,-0.00198093033396,0.000574420788325,-0.000845821399707,0.0000456275556644],[-0.000228084885748,0.00256377761252,-0.00452911434695,0.00924130063504,-0.00584479700774,0.00564550980926,-0.00320969033055,-0.001404862036,0.0047179046087,-0.00349773466587,0.00322260009125,-0.00394396297634,0.00391218671575],[0.000111687615572,-0.00193583336659,0.00330744963139,-0.00584479700774,0.0121144233271,-0.00645666662604,-0.00117133336607,0.00214693695307,-0.00473907822743,0.00865486171097,-0.00924974679947,0.00803402159363,-0.00610571587458],[-0.0000537461746717,0.00159353180788,-0.00443875044584,0.00564550980926,-0.00645666662604,0.0108237043023,-0.00087782117771,-0.00343333184719,0.0045271217823,-0.00539390090853,0.00837650056928,-0.00639096135274,0.00297143752687],[-0.0000770585756982,0.00069793057628,0.0018687263364,-0.00320969033055,-0.00117133336607,-0.00087782117771,0.00946979410946,0.0000327777161147,-0.00574519764632,0.00201881118119,-0.000332207418978,0.000443740631454,-0.000859459454659],[0.0000866284681251,-0.000373433635104,-0.00033877993701,-0.001404862036,0.00214693695307,-0.00343333184719,0.0000327777161147,0.0108598573133,-0.00448327092454,0.00169824040495,-0.00359399453737,0.00497025763616,-0.00362844998017],[-0.000161503106938,-0.000580330844969,0.000429845415056,0.0047179046087,-0.00473907822743,0.0045271217823,-0.00574519764632,-0.00448327092454,0.0242770258337,-0.0166457407176,0.00789919029921,-0.0091997673735,0.00838548690081],[-0.000204682102776,0.00149718299508,-0.00198093033396,-0.00349773466587,0.00865486171097,-0.00539390090853,0.00201881118119,0.00169824040495,-0.0166457407176,0.0392651483417,-0.0243094824255,0.0113639403135,-0.00695502851158],[0.000389067281503,-0.00147179316264,0.000574420788325,0.00322260009125,-0.00924974679947,0.00837650056928,-0.000332207418978,-0.00359399453737,0.00789919029921,-0.0243094824255,0.0374101437628,-0.0157242789865,0.00156921520829],[-0.000639607780613,0.0013512984151,-0.000845821399707,-0.00394396297634,0.00803402159363,-0.00639096135274,0.000443740631454,0.00497025763616,-0.0091997673735,0.0113639403135,-0.0157242789865,0.0275867953897,-0.00955328438431],[0.0000529341486981,-0.00138232647441,0.0000456275556644,0.00391218671575,-0.00610571587458,0.00297143752687,-0.000859459454659,-0.00362844998017,0.00838548690081,-0.00695502851158,0.00156921520829,-0.00955328438431,0.0249667018652]],"mean":[24.9865589142,57.3607063293,-117.616188049,3.51863288879,5.42939996719,-5.33777141571,11.5234422684,-21.4699954987,9.92321014404,0.358633875847,-2.20501852036,0.817219316959,-8.22957992554]},"hfc":{"dmean":33.822719574,"dmean2":52.1541595459,"dvar":1973.64245605,"dvar2":4288.58886719,"max":1564.05493164,"mean":141.255889893,"median":130.465606689,"min":1.17280698038e-16,"var":6937.86914062},"melbands":{"dmean":[0.00327887688763,0.00116874475498,0.000189464233699,0.0000873180397321,0.000103780650534,0.000109113505459,0.000149486048031,0.0000703423575033,0.0000577543687541,0.0000538022650289,0.0000581850035815,0.0000705955462763,0.0000732830812922,0.0000939856035984,0.0000998327450361,0.000081260848674,0.0000906903005671,0.0000960811667028,0.0000847864721436,0.0000508250705025,0.0000347008572135,0.0000280397835013,0.0000223101833399,0.0000184507953236,0.0000129414702315,0.0000118068210213,0.00000700684313415,0.00000729459725335,0.00000686663679517,0.00000572516228203,0.00000494132245876,0.00000370078350898,0.00000237266340264,0.00000152206871462,8.69268490078e-7,4.81241386296e-7,2.46990367714e-7,1.24302459881e-7,5.89060604739e-8,2.11520685411e-8],"dmean2":[0.00558223435655,0.00196414534003,0.000313593394822,0.000143708588439,0.000162562195328,0.000168049271451,0.000238262815401,0.000114755799586,0.0000947406660998,0.0000865225883899,0.0000957136580837,0.000113637826871,0.00011895118223,0.00015399575932,0.000165696052136,0.000133411405841,0.000149743354996,0.000157759117428,0.000139293944812,0.000084337516455,0.0000579078041483,0.0000471832827316,0.000036810986785,0.000030428996979,0.0000209216359508,0.00001848437023,0.0000109896591312,0.0000111940380521,0.0000105019407783,0.00000896733490663,0.00000788621582615,0.00000587884869674,0.00000370671568817,0.00000235228321799,0.00000130950456878,7.35056687517e-7,3.72102590518e-7,1.89416226704e-7,9.05945469754e-8,3.49975088909e-8],"dvar":[0.0000323293825204,0.00000243689828494,1.04185481575e-7,3.46605197876e-8,1.05635223235e-7,1.11808411418e-7,3.44458726431e-7,3.47827828762e-8,2.10453325877e-8,1.59547255407e-8,1.15708749249e-8,1.83790014319e-8,1.64261617641e-8,3.23032836036e-8,2.16316600188e-8,1.15957652369e-8,1.33598607732e-8,1.62054387687e-8,1.45401557461e-8,5.90131543632e-9,3.31430616285e-9,2.07414707631e-9,1.61185931269e-9,1.04572417392e-9,5.05240349558e-10,1.02053510087e-9,1.53079035559e-10,1.70937194954e-10,1.51091486544e-10,1.59811497369e-10,2.33337293931e-10,8.5456378085e-11,2.5036202278e-11,1.4120655166e-11,3.71850857397e-12,1.06490673484e-12,2.80782016561e-13,5.12222134554e-14,7.81582372607e-15,1.16931691347e-15],"dvar2":[0.000086862295575,0.00000635652395431,2.60722998746e-7,8.804521201e-8,2.30040384963e-7,2.28184902085e-7,7.71194265781e-7,8.67703917606e-8,5.12372260175e-8,3.68512722559e-8,2.93025070874e-8,4.57448230406e-8,3.73810564724e-8,7.67320287309e-8,5.2901871328e-8,2.88230452838e-8,3.43174377804e-8,4.12374596692e-8,3.76740878494e-8,1.54135673114e-8,8.80084805033e-9,5.46645573252e-9,4.21197654532e-9,2.71409472674e-9,1.23305121669e-9,2.47959341948e-9,3.54977269801e-10,3.80532411137e-10,3.38200523142e-10,3.86839060784e-10,6.06692529548e-10,2.1556385843e-10,6.05104438778e-11,3.51138354504e-11,8.72362772297e-12,2.49414551512e-12,6.42622185933e-13,1.16073004073e-13,1.77822607171e-14,2.88860363749e-15],"max":[0.0595429837704,0.0191990416497,0.00784510280937,0.00463346065953,0.0103625571355,0.0117494305596,0.0195611957461,0.00503716804087,0.0039028825704,0.00420775311068,0.00242518074811,0.00316335167736,0.00379647733644,0.0054170996882,0.00401504850015,0.00275597162545,0.00348562491126,0.0020742341876,0.0019505006494,0.00130848947447,0.0010378115112,0.000990391243249,0.00072491215542,0.000600996543653,0.000672017107718,0.00106499751564,0.000358632561984,0.000328475754941,0.000267571216682,0.000267062627245,0.000328412541421,0.000168552345713,0.0001208817921,0.000144768840983,0.0000614238160779,0.0000203762247111,0.0000137549886858,0.00000413379439124,0.00000165233211646,5.46089779618e-7],"mean":[0.00370774813928,0.00147630542051,0.00024571819813,0.000119224008813,0.000145299127325,0.000146277059685,0.000193390675122,0.000101489174995,0.0000856642145663,0.0000793244907982,0.0000838165797177,0.000104556915176,0.000110205648525,0.000147446771734,0.000161743490025,0.000139321695315,0.000160211900948,0.000168002588907,0.000138533068821,0.0000797597676865,0.0000527426345798,0.0000459641159978,0.0000345722437487,0.0000278407842416,0.0000224702671403,0.000020171279175,0.0000137404567795,0.0000141007303682,0.0000131802316901,0.0000100760607893,0.00000783695486462,0.00000593778304392,0.00000387430827686,0.00000239619498643,0.00000137123481636,7.31320596969e-7,3.80086618179e-7,1.92729160631e-7,9.01444749957e-8,2.31831407405e-8],"median":[0.00190417259,0.000915523269214,0.000124817946926,0.000057825629483,0.0000403798767366,0.0000431609732914,0.0000431911539636,0.0000417312294303,0.0000417150731664,0.0000376231473638,0.0000422387347498,0.0000474830885651,0.000062826780777,0.000094098460977,0.000109519110993,0.000102212638012,0.000126175233163,0.000123851146782,0.0000898733269423,0.0000507484583068,0.0000331340415869,0.0000304187560687,0.0000184583623195,0.0000140676474985,0.0000114121548904,0.00000871742304298,0.00000722869935998,0.00000783855921327,0.00000823264781502,0.00000628091947874,0.00000430444652011,0.00000327323778038,0.00000218994682655,0.0000013007729649,7.88262127571e-7,4.1783908955e-7,2.14332146697e-7,1.1197711558e-7,5.46791554257e-8,1.09908935286e-8],"min":[1.02188946999e-23,7.1056661815e-24,1.53736242435e-23,5.99594004738e-24,4.46241101371e-24,2.18717207999e-24,4.76798022966e-24,5.00180096855e-24,6.07011939932e-24,5.27964251253e-24,4.79841763882e-24,2.77557356843e-24,1.39469156539e-23,9.45326969264e-24,6.96276797282e-24,1.18972081087e-23,8.31618349575e-24,3.46681845866e-24,5.37160870572e-24,6.6671462929e-24,6.79668987531e-24,1.15740646495e-23,1.42362256577e-23,9.16099278296e-24,7.25957057753e-24,9.65770299623e-24,1.64403330036e-23,1.44404065258e-23,5.07962959103e-24,5.82499822796e-24,9.85009354924e-24,1.13731480878e-23,7.09446672323e-24,1.1342844785e-23,1.40752917222e-23,1.35821558377e-23,1.76101695499e-23,1.04939310545e-23,7.60408664522e-24,9.03387021466e-24],"var":[0.0000297888182104,0.00000291677429232,1.43765575444e-7,5.18584073461e-8,1.99882691732e-7,2.09966657394e-7,5.18404760896e-7,6.47757829597e-8,3.64616852266e-8,2.80080048043e-8,1.7619106174e-8,3.0582231858e-8,2.69328896962e-8,4.91827023552e-8,3.65029890759e-8,2.00827194874e-8,2.23661338339e-8,2.81985244044e-8,2.48731080177e-8,8.27101409584e-9,3.83444564989e-9,2.64637312064e-9,2.24870433385e-9,1.53583668006e-9,1.00537744796e-9,1.67926628158e-9,3.95662641539e-10,4.02832767143e-10,3.08741587851e-10,2.05008454657e-10,2.12697928714e-10,8.97211679951e-11,3.05040472048e-11,1.48716941539e-11,4.43308844494e-12,1.22891345537e-12,3.33302694255e-13,6.80651146339e-14,1.21743393293e-14,1.26731227272e-15]},"melbands_crest":{"dmean":5.33235120773,"dmean2":8.77866458893,"dvar":20.3571357727,"dvar2":53.5374526978,"max":36.9014701843,"mean":16.5636615753,"median":16.0771884918,"min":1.9974681139,"var":49.1464042664},"melbands_flatness_db":{"dmean":0.0349944755435,"dmean2":0.0553322806954,"dvar":0.000922234088648,"dvar2":0.00232027634047,"max":0.592800855637,"mean":0.181549951434,"median":0.172996044159,"min":0.00788695458323,"var":0.00354079622775},"melbands_kurtosis":{"dmean":4.62216758728,"dmean2":7.68035554886,"dvar":133.421066284,"dvar2":323.602386475,"max":381.388549805,"mean":4.3657746315,"median":0.954135656357,"min":-1.80037152767,"var":182.676422119},"melbands_skewness":{"dmean":0.86973464489,"dmean2":1.38896429539,"dvar":0.77740842104,"dvar2":1.90232181549,"max":16.8668136597,"mean":1.59538507462,"median":1.37390017509,"min":-2.30129241943,"var":2.16351175308},"melbands_spread":{"dmean":12.9316825867,"dmean2":20.8491268158,"dvar":137.283569336,"dvar2":343.92098999,"max":144.095932007,"mean":43.5884742737,"median":42.6888427734,"min":0.640437781811,"var":411.807739258},"mfcc":{"cov":[[7037.24072266,-1007.65270996,-415.768005371,813.525695801,-622.52142334,406.269470215,-178.767074585,291.142669678,-48.9614067078,137.544448853,-51.4895591736,113.765655518,-26.8694000244],[-1007.65270996,1237.90405273,-183.253707886,-390.99230957,232.363891602,-209.650695801,16.9000911713,-148.582702637,32.1342926025,-76.718132019,34.2607917786,-39.7427978516,45.9398574829],[-415.768005371,-183.253707886,541.200195312,-77.4091110229,39.2658576965,34.8040351868,-16.8194313049,12.1248464584,-7.77132844925,-13.5152187347,-17.7340736389,22.2476329803,-30.8466491699],[813.525695801,-390.99230957,-77.4091110229,503.332794189,-116.605033875,79.4915084839,28.428144455,58.3854141235,-21.3628025055,43.5934295654,15.180472374,1.30045735836,12.2157373428],[-622.52142334,232.363891602,39.2658576965,-116.605033875,231.313659668,-27.9911746979,58.8030853271,-23.1564865112,22.1608333588,-35.0107002258,4.73347377777,-13.4659938812,7.39026451111],[406.269470215,-209.650695801,34.8040351868,79.4915084839,-27.9911746979,187.731109619,22.3093948364,62.3919639587,0.402502566576,23.2805786133,-24.7210025787,17.512550354,-12.5729236603],[-178.767074585,16.9000911713,-16.8194313049,28.428144455,58.8030853271,22.3093948364,116.648101807,27.3505401611,32.0690917969,1.18561315536,8.04726314545,-11.0849304199,9.89315128326],[291.142669678,-148.582702637,12.1248464584,58.3854141235,-23.1564865112,62.3919639587,27.3505401611,111.806678772,33.7636795044,25.1326675415,-5.21408319473,17.6039829254,-11.0127763748],[-48.9614067078,32.1342926025,-7.77132844925,-21.3628025055,22.1608333588,0.402502566576,32.0690917969,33.7636795044,76.7378997803,24.8650436401,12.8587903976,4.29050445557,2.79085278511],[137.544448853,-76.718132019,-13.5152187347,43.5934295654,-35.0107002258,23.2805786133,1.18561315536,25.1326675415,24.8650436401,71.9074325562,22.2979984283,14.1191825867,2.07287812233],[-51.4895591736,34.2607917786,-17.7340736389,15.180472374,4.73347377777,-24.7210025787,8.04726314545,-5.21408319473,12.8587903976,22.2979984283,59.6066322327,19.7470989227,16.6122245789],[113.765655518,-39.7427978516,22.2476329803,1.30045735836,-13.4659938812,17.512550354,-11.0849304199,17.6039829254,4.29050445557,14.1191825867,19.7470989227,63.3004989624,17.0301322937],[-26.8694000244,45.9398574829,-30.8466491699,12.2157373428,7.39026451111,-12.5729236603,9.89315128326,-11.0127763748,2.79085278511,2.07287812233,16.6122245789,17.0301322937,53.1176147461]],"icov":[[0.000266805582214,-0.0000389549932152,0.000193361367565,-0.000281255168375,0.000383872276871,-0.000363533035852,0.000447211787105,-0.000402407138608,-0.0000393404334318,0.000115979746624,0.000140812437166,-0.000283365079667,0.0000837981278892],[-0.0000389549932152,0.00176040199585,0.000630274997093,0.000990414526314,-0.00103686132934,0.000697113515344,0.0000354644980689,0.00109990080819,-0.000749927421566,0.000754588167183,-0.000722502882127,0.000546848867089,-0.000812692858744],[0.000193361367565,0.000630274997093,0.00247614155523,0.000367881671991,-0.000566962640733,-0.000344180705724,0.000611744646449,0.00000186998738627,-0.0000550550175831,0.000542723515537,0.000170800281921,-0.00121723534539,0.00110847596079],[-0.000281255168375,0.000990414526314,0.000367881671991,0.00367650948465,0.000344465399394,-0.0000134679530674,-0.00150742707774,-0.000343568419339,0.00158342381474,-0.000549434975255,-0.00180693680886,0.00182836258318,-0.0015551467659],[0.000383872276871,-0.00103686132934,-0.000566962640733,0.000344465399394,0.00779523933306,-0.00093905813992,-0.00290606101044,0.000101235797047,-0.00107241724618,0.00254694838077,-0.000664032122586,-0.0000913874755497,0.000131804074044],[-0.000363533035852,0.000697113515344,-0.000344180705724,-0.0000134679530674,-0.00093905813992,0.00897642970085,-0.00259343232028,-0.00190666527487,0.00186857418157,-0.0028250257019,0.00442480109632,-0.00248251017183,0.000783668248914],[0.000447211787105,0.0000354644980689,0.000611744646449,-0.00150742707774,-0.00290606101044,-0.00259343232028,0.014378555119,-0.00332875316963,-0.00414423458278,0.00207498087548,-0.00250333268195,0.00399463716894,-0.00304127600975],[-0.000402407138608,0.00109990080819,0.00000186998738627,-0.000343568419339,0.000101235797047,-0.00190666527487,-0.00332875316963,0.0169611144811,-0.00699469307438,-0.000623163010459,0.00244472245686,-0.00446340721101,0.00365464901552],[-0.0000393404334318,-0.000749927421566,-0.0000550550175831,0.00158342381474,-0.00107241724618,0.00186857418157,-0.00414423458278,-0.00699469307438,0.0214685350657,-0.0075210290961,-0.00113175879233,0.000795269210357,-0.000589764094912],[0.000115979746624,0.000754588167183,0.000542723515537,-0.000549434975255,0.00254694838077,-0.0028250257019,0.00207498087548,-0.000623163010459,-0.0075210290961,0.0225485321134,-0.0087040765211,-0.00000593437152929,0.000548144860659],[0.000140812437166,-0.000722502882127,0.000170800281921,-0.00180693680886,-0.000664032122586,0.00442480109632,-0.00250333268195,0.00244472245686,-0.00113175879233,-0.0087040765211,0.0273408349603,-0.0092207826674,-0.0018715801416],[-0.000283365079667,0.000546848867089,-0.00121723534539,0.00182836258318,-0.0000913874755497,-0.00248251017183,0.00399463716894,-0.00446340721101,0.000795269210357,-0.00000593437152929,-0.0092207826674,0.0249313358217,-0.00913901999593],[0.0000837981278892,-0.000812692858744,0.00110847596079,-0.0015551467659,0.000131804074044,0.000783668248914,-0.00304127600975,0.00365464901552,-0.000589764094912,0.000548144860659,-0.0018715801416,-0.00913901999593,0.0255890768021]],"mean":[-632.666687012,123.034355164,-48.5290031433,28.6571922302,2.8296892643,35.8727111816,2.12612605095,9.97325992584,4.00033330917,11.5692892075,4.82819080353,9.68063163757,2.79991197586]},"pitch_salience":{"dmean":0.0922726541758,"dmean2":0.150804966688,"dvar":0.0066133569926,"dvar2":0.0170513819903,"max":0.892870664597,"mean":0.550222933292,"median":0.567568302155,"min":0.0901921540499,"var":0.0153664089739},"silence_rate_20dB":{"dmean":0,"dmean2":0,"dvar":0,"dvar2":0,"max":1,"mean":1,"median":1,"min":1,"var":0},"silence_rate_30dB":{"dmean":0.0102988509461,"dmean2":0.0205995962024,"dvar":0.0101933544502,"dvar2":0.0269825477153,"max":1,"mean":0.992828249931,"median":1,"min":0,"var":0.00712008122355},"silence_rate_60dB":{"dmean":0.007172413636,"dmean2":0.0143461469561,"dvar":0.0071212593466,"dvar2":0.0148751037195,"max":1,"mean":0.0465244576335,"median":0,"min":0,"var":0.0443621687591},"spectral_centroid":{"dmean":243.673950195,"dmean2":345.340545654,"dvar":63409.4648438,"dvar2":110132.640625,"max":11593.7138672,"mean":2057.52709961,"median":2027.11425781,"min":146.175216675,"var":388097.28125},"spectral_complexity":{"dmean":5.19043684006,"dmean2":7.2904176712,"dvar":22.3326301575,"dvar2":39.6778526306,"max":63,"mean":31.2817211151,"median":32,"min":0,"var":151.022125244},"spectral_contrast_coeffs":{"dmean":[0.048192538321,0.0471270270646,0.0378800183535,0.0295133497566,0.0222565419972,0.0330148115754],"dmean2":[0.0800695493817,0.0786001607776,0.0633598491549,0.0493119880557,0.0366230085492,0.0512748621404],"dvar":[0.00146044348367,0.00143714330625,0.000891300151125,0.00052985426737,0.000393034133594,0.000976582756266],"dvar2":[0.00401916587725,0.00389644107781,0.00245979824103,0.0014712914126,0.00094909145264,0.00224285572767],"max":[-0.436675727367,-0.465648710728,-0.559580624104,-0.574260652065,-0.64093708992,-0.446563273668],"mean":[-0.754242897034,-0.797792315483,-0.807987868786,-0.796547293663,-0.798143267632,-0.678758203983],"median":[-0.761986970901,-0.809058248997,-0.813279151917,-0.798699855804,-0.800928115845,-0.664021909237],"min":[-0.949262499809,-0.949812889099,-0.968028366566,-0.965945601463,-0.969874978065,-0.958449959755],"var":[0.00356377544813,0.00400413898751,0.00224433140829,0.00130942952819,0.00112798484042,0.00624493788928]},"spectral_contrast_valleys":{"dmean":[0.433857887983,0.384295523167,0.344665288925,0.289052218199,0.280140429735,0.447421997786],"dmean2":[0.704997360706,0.617223799229,0.535348773003,0.438148617744,0.408376216888,0.682563900948],"dvar":[0.127045691013,0.106465965509,0.0906135961413,0.0780062004924,0.0982819423079,0.186652168632],"dvar2":[0.301125943661,0.240249663591,0.189281150699,0.142171904445,0.183378696442,0.441260457039],"max":[-5.11750030518,-4.93072748184,-5.20993375778,-5.15131473541,-5.22394657135,-8.98198318481],"mean":[-7.11909675598,-6.85013866425,-6.79867649078,-6.53300571442,-7.03262710571,-10.813287735],"median":[-6.98761606216,-6.74895048141,-6.66657733917,-6.36719894409,-6.78144931793,-10.5921878815],"min":[-27.3494739532,-27.6926746368,-27.0925102234,-27.2892379761,-27.3326663971,-27.3334712982],"var":[0.768332123756,0.670783102512,0.681105315685,0.740155756474,1.1983795166,0.895260989666]},"spectral_decrease":{"dmean":3.84367382367e-9,"dmean2":6.27271301568e-9,"dvar":3.10265455427e-17,"dvar2":8.02363672164e-17,"max":1.0926723526e-8,"mean":-6.20356388481e-9,"median":-4.7639163725e-9,"min":-6.49504059425e-8,"var":3.6222235715e-17},"spectral_energy":{"dmean":0.0154231544584,"dmean2":0.0250623263419,"dvar":0.00047429051483,"dvar2":0.00122656684835,"max":0.247264489532,"mean":0.0362260863185,"median":0.031637314707,"min":1.03660036777e-20,"var":0.000627403322142},"spectral_energyband_high":{"dmean":0.000801893475,"dmean2":0.00111634714995,"dvar":0.00000223581719183,"dvar2":0.00000488167688673,"max":0.0255847275257,"mean":0.00222894805484,"median":0.00169114838354,"min":7.6314818975e-21,"var":0.00000486554472445},"spectral_energyband_low":{"dmean":0.0117016099393,"dmean2":0.0197824537754,"dvar":0.000355464260792,"dvar2":0.000950654619373,"max":0.203128546476,"mean":0.0144652165473,"median":0.00865880399942,"min":6.57685011824e-23,"var":0.000346787448507},"spectral_energyband_middle_high":{"dmean":0.00391329126433,"dmean2":0.0060256337747,"dvar":0.0000226410647883,"dvar2":0.0000543386231584,"max":0.0635948106647,"mean":0.0109411496669,"median":0.00938490405679,"min":1.42744100596e-21,"var":0.0000616590914433},"spectral_energyband_middle_low":{"dmean":0.00190600426868,"dmean2":0.00292630842887,"dvar":0.000012829798834,"dvar2":0.0000275859056273,"max":0.0849068909883,"mean":0.00377523526549,"median":0.00207063555717,"min":1.86383875776e-22,"var":0.0000285761107079},"spectral_entropy":{"dmean":0.103632926941,"dmean2":0.155635893345,"dvar":0.0123954052106,"dvar2":0.0272987820208,"max":9.79251194,"mean":7.83111763,"median":7.87936973572,"min":5.52039813995,"var":0.0817909538746},"spectral_flux":{"dmean":0.0291680730879,"dmean2":0.0463478453457,"dvar":0.00117422454059,"dvar2":0.00252578128129,"max":0.416602760553,"mean":0.115899465978,"median":0.10947394371,"min":0.00000194261474462,"var":0.00251410109922},"spectral_kurtosis":{"dmean":3.82076621056,"dmean2":5.85230255127,"dvar":34.2869262695,"dvar2":79.5150756836,"max":104.884796143,"mean":18.5812549591,"median":15.3396263123,"min":-1.20790755749,"var":132.008270264},"spectral_rms":{"dmean":0.0011362999212,"dmean2":0.00178577494808,"dvar":0.00000172181432845,"dvar2":0.00000425300549978,"max":0.0155316982418,"mean":0.00558407511562,"median":0.00555568840355,"min":3.18012174753e-12,"var":0.00000416058992414},"spectral_rolloff":{"dmean":4912.12597656,"dmean2":9075.12011719,"dvar":47010748,"dvar2":100075832,"max":22050,"mean":12490.0888672,"median":17678.7597656,"min":43.06640625,"var":76160440},"spectral_skewness":{"dmean":0.298978000879,"dmean2":0.449474662542,"dvar":0.144895374775,"dvar2":0.311797201633,"max":7.93745326996,"mean":2.72964882851,"median":2.50927996635,"min":-0.0751867964864,"var":0.781804978848},"spectral_spread":{"dmean":422426.875,"dmean2":654950,"dvar":265497149440,"dvar2":507199848448,"max":41255908,"mean":3829642.75,"median":3817102,"min":953356.1875,"var":984444436480},"spectral_strongpeak":{"dmean":3.66665148735,"dmean2":6.72652578354,"dvar":167.293869019,"dvar2":428.39465332,"max":203.478393555,"mean":3.01548051834,"median":0.218572735786,"min":0,"var":150.48336792},"zerocrossingrate":{"dmean":0.0398658849299,"dmean2":0.0493507124484,"dvar":0.00134095165413,"dvar2":0.00194438896142,"max":0.84130859375,"mean":0.271912187338,"median":0.26611328125,"min":0.0048828125,"var":0.00922992359847}},"metadata":{"audio_properties":{"analysis_sample_rate":44100,"bit_rate":246151,"codec":"mp3","downmix":"mix","equal_loudness":0,"length":252.500656128,"lossless":false,"md5_encoded":"145a8e88c502c354b6baf9b83367a2bc","replay_gain":-0.384698867798,"sample_rate":44100},"tags":{"album":["Countdown to Extinction"],"artist":["Megadeth"],"date":["1992-07-06"],"file_name":"08 - Megadeth - High Speed Dirt.mp3","musicbrainz_albumid":["db43c8e7-7f57-4167-8e5a-a98e90659d3d"],"musicbrainz_artistid":["a9044915-8be3-4c7e-b11f-9e2d2ea0a91e"],"musicbrainz_recordingid":["274a1d0c-67b8-489f-8675-c8b378170d4d"],"title":["High Speed Dirt"],"tracknumber":["08/11"]},"version":{"essentia":"2.1-beta1","essentia_build_sha":"ca57ba49d9b1854bd80e60cf9ccf267278fb7d6b","essentia_git_sha":"v2.1_beta1-28-g21ef5f4-dirty","extractor":"music 1.0"}},"rhythm":{"beats_count":394,"beats_loudness":{"dmean":0.0150277754292,"dmean2":0.0266257021576,"dvar":0.0002008734009,"dvar2":0.000585901201703,"max":0.120204374194,"mean":0.0393723808229,"median":0.0395754054189,"min":0.00000464458162241,"var":0.000310365197947},"beats_loudness_band_ratio":{"dmean":[0.188330471516,0.0336433574557,0.0461645238101,0.0734708830714,0.0859845653176,0.0986830443144],"dmean2":[0.325285226107,0.0612119324505,0.0814936831594,0.128004401922,0.151252478361,0.165977671742],"dvar":[0.0195917095989,0.00209667906165,0.00738873425871,0.0043000546284,0.00517310388386,0.00930540449917],"dvar2":[0.0603277161717,0.00640607252717,0.0197485759854,0.012362325564,0.0149600822479,0.0266637988389],"max":[0.869624495506,0.335468709469,0.639640033245,0.742602109909,0.569014489651,0.664825081825],"mean":[0.331860810518,0.0338575989008,0.0513166673481,0.145356610417,0.189231678843,0.250481426716],"median":[0.324308097363,0.0207531638443,0.0298410616815,0.118474006653,0.183549001813,0.241473853588],"min":[0.00343990162946,0.00104921660386,0.00118328491226,0.00556409964338,0.00571200018749,0.00371676706709],"var":[0.0312449261546,0.001