{"lowlevel":{"average_loudness":0.930474638939,"barkbands":{"dmean":[0.0000247443549597,0.000712473702151,0.00219418876804,0.00126792001538,0.00166128133424,0.00156242679805,0.00069120770786,0.000535370607395,0.000650435278658,0.000361379759852,0.000444571895059,0.000497587490827,0.000502917857375,0.000289236253593,0.000275587168289,0.000267166207777,0.000492703460623,0.000158006718266,0.000179672177183,0.000171147010406,0.0000806472089607,0.0000781354028732,0.0000597722973907,0.0000595296332904,0.0000306896981783,0.00000734773175282,1.15354914954e-7],"dmean2":[0.000032473479223,0.00118661124725,0.00358982244506,0.00205327058211,0.00272117531858,0.00234547210857,0.00106219586451,0.000798381806817,0.000957632029895,0.000536289124284,0.000672333233524,0.000735718815122,0.000754756736569,0.000453091954114,0.000428031431511,0.000415880669607,0.000750359497033,0.000239342058194,0.000268793286523,0.000263180700131,0.000120440243336,0.000119177675515,0.0000839503190946,0.0000882852691575,0.0000453924076282,0.0000108227541205,1.937180798e-7],"dvar":[7.57765239445e-10,0.0000014786205611,0.00000883781194716,0.00000457549140265,0.0000064749287958,0.00000480417884319,0.00000188693604741,0.00000330540433424,0.00000337705341735,0.00000108267920496,0.00000170842781699,0.00000202579803954,0.00000221810159928,6.98635005847e-7,7.25534050616e-7,5.22471509612e-7,0.00000285166515823,1.67347764091e-7,1.4712354357e-7,1.61876613447e-7,4.42805720979e-8,5.66394113832e-8,2.29818972741e-8,3.17392618854e-8,1.14083782421e-8,5.02174413164e-10,2.18842061443e-13],"dvar2":[1.45838485732e-9,0.00000376064554075,0.0000219165831368,0.0000119563665066,0.0000167288253579,0.0000111815879791,0.0000042546835175,0.00000695326571076,0.00000664899516778,0.00000215930231207,0.00000341726695297,0.00000419671232521,0.00000480134667669,0.00000156781175065,0.00000166817653735,0.00000118573473173,0.00000610481038166,3.39515651149e-7,3.3344818462e-7,3.9386279127e-7,1.06379275167e-7,1.42244360291e-7,4.88404836574e-8,7.61919523029e-8,2.65032227276e-8,1.16744247602e-9,5.92119940319e-13],"max":[0.000610529503319,0.0197195000947,0.0379661284387,0.0357372686267,0.0331766083837,0.0345119722188,0.0295632220805,0.0354329831898,0.0422750450671,0.0403084717691,0.0255258847028,0.0307134222239,0.0295006595552,0.0258174221963,0.0209359433502,0.0178189259022,0.045462757349,0.0116898613051,0.00896054878831,0.00808403361589,0.00482253590599,0.00587349338457,0.00316836964339,0.00365953729488,0.00386804225855,0.000412089342717,0.00000841767632664],"mean":[0.0000833689337014,0.00143952819053,0.00419645756483,0.0023544463329,0.00289405719377,0.00296453502961,0.00127117848024,0.000875882629771,0.00134037621319,0.000589353381656,0.000672181195114,0.000701902259607,0.000695769267622,0.000484229152789,0.000390666740714,0.00041670788778,0.000829678261653,0.000265998882242,0.000333502423018,0.000250019569648,0.00010625289724,0.0000952795817284,0.0000754867869546,0.0000707911312929,0.000033596643334,0.00000797367647465,1.08526350573e-7],"median":[0.000076254204032,0.00065018289024,0.00204984191805,0.00131594436243,0.00185227976181,0.00182586116716,0.000773629057221,0.000117198069347,0.000170080005773,0.000108211315819,0.0000974443391897,0.0000824098679004,0.000180662318598,0.000123520294437,0.000133581255795,0.0000866744085215,0.000103470403701,0.0000680934463162,0.000121322846098,0.0000683603575453,0.0000250331249845,0.0000224088398681,0.0000130771240947,0.0000123908503156,0.00000467410973215,9.31616568778e-7,2.15349320598e-8],"min":[1.4185125467e-25,1.97808745529e-24,5.29917313082e-25,8.99248183841e-25,7.03928038088e-24,5.69332827098e-24,5.32127780225e-24,7.46150476977e-24,1.47639325826e-23,1.13251482683e-23,1.45247215571e-23,1.99517832402e-23,2.49361014733e-23,2.69466901951e-23,3.03935201017e-23,5.30401231916e-23,5.19865111002e-23,9.19970218757e-23,9.09053014918e-23,1.40634739547e-22,2.36828312112e-22,2.80171712881e-22,3.9489122311e-22,5.46582409913e-22,8.36995910237e-22,1.25990775038e-21,1.95643502362e-21],"var":[2.47572873313e-9,0.00000421517097493,0.0000266093684331,0.00000884874680196,0.0000104228029159,0.0000113533851618,0.00000331051592184,0.00000768073550717,0.0000134459241963,0.00000286999943455,0.00000365376763511,0.00000432662545791,0.00000355788756679,0.00000191622780221,9.9654710084e-7,0.00000114626641334,0.00000690413753546,3.68643412685e-7,3.40738466775e-7,2.46557931405e-7,5.53753309873e-8,5.89072968182e-8,3.39075327815e-8,3.76835664895e-8,1.26357786456e-8,5.80545389539e-10,1.60110490946e-13]},"barkbands_crest":{"dmean":2.26343154907,"dmean2":3.65462756157,"dvar":4.21317481995,"dvar2":10.4934520721,"max":26.9170417786,"mean":9.73160266876,"median":8.98948860168,"min":2.46224761009,"var":13.0164051056},"barkbands_flatness_db":{"dmean":0.022050941363,"dmean2":0.0306654721498,"dvar":0.000540033448488,"dvar2":0.000998839735985,"max":1,"mean":0.156657516956,"median":0.152873933315,"min":0.0322446003556,"var":0.00339577463455},"barkbands_kurtosis":{"dmean":15.549495697,"dmean2":27.9784679413,"dvar":434984.34375,"dvar2":1261961.625,"max":43895.125,"mean":14.0018138885,"median":2.90487885475,"min":-1.87248051167,"var":256951.796875},"barkbands_skewness":{"dmean":0.606353640556,"dmean2":0.915635883808,"dvar":5.01902675629,"dvar2":15.2747812271,"max":146.863494873,"mean":1.68929445744,"median":1.62483763695,"min":-3.00598669052,"var":6.33146047592},"barkbands_spread":{"dmean":5.14846515656,"dmean2":7.69340515137,"dvar":46.5017166138,"dvar2":98.135559082,"max":93.2445907593,"mean":17.8870754242,"median":15.1770048141,"min":0.00306499330327,"var":132.122879028},"dissonance":{"dmean":0.0175219718367,"dmean2":0.028871383518,"dvar":0.000445083773229,"dvar2":0.00122146436479,"max":0.499999940395,"mean":0.45860978961,"median":0.465738266706,"min":0,"var":0.000929623201955},"dynamic_complexity":2.62410521507,"erbbands":{"dmean":[0.00734658399597,0.229195132852,2.07624220848,3.12743997574,5.22547578812,6.20791292191,7.13797616959,14.3730297089,9.98832035065,9.16137504578,13.0316419601,15.8219633102,8.89499855042,12.9629878998,15.9452848434,20.7553806305,22.5866413116,13.1265630722,14.6245727539,13.9569244385,16.1602611542,27.8092784882,10.2343969345,8.00771427155,9.35435199738,7.70287513733,3.60105633736,3.41455984116,3.37272238731,1.78487932682,1.76299226284,1.518247962,0.806765794754,0.378973066807,0.2074200809,0.0543867684901,0.00985570810735,0.000778616755269,0.0000281469801848,0.00000817719592305],"dmean2":[0.0113855022937,0.383300155401,3.44931030273,4.9431643486,8.59833812714,10.2678899765,11.2976608276,21.2202072144,15.3611803055,13.7897090912,18.7547168732,22.8164424896,12.8103322983,19.004322052,23.7155685425,30.3296203613,33.2667922974,19.7326431274,22.247171402,21.5228347778,24.6015167236,41.9926948547,15.1589183807,12.048002243,13.6309776306,11.7628154755,5.4031085968,5.20295715332,5.27986097336,2.53262686729,2.48589706421,2.25237941742,1.206376791,0.561841189861,0.308475315571,0.0782294049859,0.015190702863,0.00125249219127,0.0000430501131632,0.0000116639148473],"dvar":[0.000360833160812,0.126372411847,7.24807739258,22.7750549316,69.7087249756,98.071395874,120.747505188,422.360290527,294.241912842,739.021972656,1911.29638672,2169.71606445,531.914489746,1517.47729492,1998.05541992,3502.05175781,4356.85107422,1657.52893066,1444.3190918,1393.29394531,1976.02697754,11115.6992188,702.574584961,442.243865967,356.731018066,389.538696289,91.1739654541,88.710647583,118.429893494,24.7692127228,18.6524810791,19.037820816,6.73312044144,2.03343343735,0.455739378929,0.0245319008827,0.00115902011748,0.00000842497138365,8.16688316974e-9,1.05440677023e-10],"dvar2":[0.000785143347457,0.330678969622,18.8576660156,56.0299453735,186.897567749,251.026123047,315.706207275,936.747375488,689.240600586,1513.33215332,4081.44018555,4323.90380859,911.029907227,2962.99804688,3940.37475586,7144.50439453,8895.65039062,3544.56323242,3279.13916016,3268.78417969,4195.24804688,24659.5371094,1419.55517578,1027.09460449,757.429260254,974.907714844,228.231063843,217.700698853,307.660644531,53.1340560913,40.2234268188,45.8360977173,15.9392461777,4.68975496292,1.07344186306,0.0548657402396,0.00287945638411,0.0000218408258661,2.07072172742e-8,2.20044427124e-10],"max":[0.543290555477,5.91674041748,32.0028495789,62.1246032715,124.259483337,149.338134766,199.456359863,332.934051514,443.931427002,788.176025391,878.484741211,1315.64904785,796.984436035,1427.70080566,1234.39208984,1315.58947754,1516.37731934,1386.32873535,813.471069336,667.849365234,1128.27929688,3194.3894043,779.437316895,638.705993652,358.774139404,537.549987793,200.212966919,259.839752197,285.79776001,97.5553283691,67.3642272949,106.067199707,69.5912628174,53.7270584106,18.7653961182,2.78469347954,0.571965575218,0.0470840595663,0.00137451500632,0.000143237033626],"mean":[0.0155359730124,0.464301913977,3.82365584373,7.31855916977,9.14753913879,10.0201539993,13.2711515427,27.7518005371,19.3572864532,16.5891914368,25.1292438507,32.2050285339,17.1092472076,21.883020401,26.6417636871,30.1846809387,33.6809425354,23.0340309143,23.1863632202,21.7395820618,28.1631507874,46.7726325989,18.1966838837,14.9426441193,17.2601165771,11.5013818741,4.85267019272,4.40130805969,3.90651512146,2.38714885712,2.18558740616,1.8206628561,0.937520086765,0.422462791204,0.220756858587,0.0624939389527,0.00953532662243,0.000696042261552,0.000038642763684,0.0000296500984405],"median":[0.00760712428018,0.258491039276,2.24339675903,4.19494247437,5.89236354828,6.02321720123,8.67788982391,16.8233108521,13.0111675262,6.01287269592,2.93460154533,4.01522350311,4.46628093719,3.78389883041,4.31481933594,4.49284362793,8.87054443359,6.87087059021,7.5186829567,7.74009609222,5.13904237747,5.76869106293,4.28830909729,5.4032201767,6.02423286438,3.23124599457,1.3544934988,0.992265224457,0.89109814167,0.483946859837,0.384941697121,0.312518805265,0.168348699808,0.0626864880323,0.0282992105931,0.00849046185613,0.000889947055839,0.0000606856119703,0.0000170962666743,0.0000251841502177],"min":[1.61133334346e-22,3.29820775476e-22,1.23319936875e-21,6.12753870081e-21,9.55552823611e-21,1.99834072854e-20,5.76658301166e-20,7.29656276827e-20,1.16591469231e-19,1.09013344522e-19,1.51995859273e-19,4.13371180962e-19,4.40171910357e-19,5.32522024557e-19,1.116495407e-18,1.24328172218e-18,1.36689724728e-18,2.05152124288e-18,2.03236477386e-18,2.52599142185e-18,3.73516879757e-18,4.1716215488e-18,5.72080510465e-18,5.14730424236e-18,6.59897271657e-18,6.85038723273e-18,7.51935549106e-18,7.22608274078e-18,1.07427344087e-17,9.48199204121e-18,9.98348683118e-18,1.15059491445e-17,8.51097960939e-18,7.22420338643e-18,6.60450779564e-18,4.42786555895e-18,2.27024392686e-18,9.3405596661e-19,2.5232630183e-19,2.6891751574e-20],"var":[0.000688435509801,0.341323286295,17.7834510803,68.1462097168,106.43309021,147.364685059,223.501586914,1018.27947998,533.669067383,1552.38208008,5365.07226562,8022.42285156,1872.42089844,4158.62304688,4828.28759766,7322.89990234,7803.97949219,3919.43310547,2720.34838867,2072.29174805,5526.96630859,24627.4980469,1692.32250977,972.240478516,874.499267578,582.300170898,105.018692017,105.791633606,110.978660583,36.7653541565,26.7446022034,22.6986961365,7.9633731842,2.2588455677,0.497365146875,0.0313018076122,0.00109983759467,0.00000694557866154,7.54905382649e-9,3.85713100348e-10]},"erbbands_crest":{"dmean":2.49183106422,"dmean2":3.86442804337,"dvar":6.25504207611,"dvar2":14.110373497,"max":35.7714042664,"mean":9.62865352631,"median":8.70487594604,"min":2.19323396683,"var":20.0771579742},"erbbands_flatness_db":{"dmean":0.0187676530331,"dmean2":0.0252585615963,"dvar":0.000346594169969,"dvar2":0.000628974987194,"max":0.412618964911,"mean":0.178522258997,"median":0.172463387251,"min":0.027872633189,"var":0.00279918522574},"erbbands_kurtosis":{"dmean":1.03831362724,"dmean2":1.6437895298,"dvar":37.0471534729,"dvar2":98.8869857788,"max":319.896270752,"mean":0.646744191647,"median":-0.245146870613,"min":-1.79437446594,"var":62.6150169373},"erbbands_skewness":{"dmean":0.396020233631,"dmean2":0.593630373478,"dvar":0.25924679637,"dvar2":0.613080322742,"max":16.6365337372,"mean":0.280641049147,"median":0.340584605932,"min":-4.18983125687,"var":0.979629993439},"erbbands_spread":{"dmean":8.22136688232,"dmean2":11.9181909561,"dvar":86.6184234619,"dvar2":185.186508179,"max":157.476364136,"mean":39.0189399719,"median":36.6776123047,"min":2.92869114876,"var":372.065246582},"gfcc":{"cov":[[37011.7890625,2143.63720703,-4136.47412109,1396.58850098,-2243.04272461,527.006530762,-1399.64587402,250.266204834,-1044.56774902,-66.8990631104,-459.863189697,-196.881362915,-401.938354492],[2143.63720703,1479.82861328,-383.937072754,-86.3678741455,117.8542099,-116.582649231,64.2147750854,-107.12399292,63.6148109436,-149.352584839,136.643768311,-121.867050171,24.6165733337],[-4136.47412109,-383.937072754,1311.13623047,135.979278564,165.825820923,225.3775177,61.7900123596,-126.071166992,-26.93998909,168.338470459,8.86729335785,46.2066078186,18.1280193329],[1396.58850098,-86.3678741455,135.979278564,375.139099121,-39.9415206909,61.6238517761,-156.061645508,-2.49600672722,-31.3796844482,76.3045196533,-42.3287467957,-12.8910837173,-19.1479434967],[-2243.04272461,117.8542099,165.825820923,-39.9415206909,346.004943848,-72.8825836182,73.7633590698,-27.1232318878,135.420761108,-22.1989059448,43.5461044312,-10.6144428253,35.2239151001],[527.006530762,-116.582649231,225.3775177,61.6238517761,-72.8825836182,291.123046875,20.5645332336,-36.0847511292,-121.525764465,66.3150482178,-13.8130455017,17.8418674469,-27.4591732025],[-1399.64587402,64.2147750854,61.7900123596,-156.061645508,73.7633590698,20.5645332336,282.236968994,71.7280578613,26.2484722137,-71.064239502,48.2097930908,-5.22432231903,-4.88890171051],[250.266204834,-107.12399292,-126.071166992,-2.49600672722,-27.1232318878,-36.0847511292,71.7280578613,193.085418701,44.5007820129,-43.0094604492,-21.437204361,0.968938171864,-26.2907657623],[-1044.56774902,63.6148109436,-26.93998909,-31.3796844482,135.420761108,-121.525764465,26.2484722137,44.5007820129,179.974456787,-15.8175840378,9.9429359436,-15.0717535019,21.9059638977],[-66.8990631104,-149.352584839,168.338470459,76.3045196533,-22.1989059448,66.3150482178,-71.064239502,-43.0094604492,-15.8175840378,134.451889038,5.37276363373,-3.57239675522,-18.7769203186],[-459.863189697,136.643768311,8.86729335785,-42.3287467957,43.5461044312,-13.8130455017,48.2097930908,-21.437204361,9.9429359436,5.37276363373,98.2353286743,2.93885159492,1.89684832096],[-196.881362915,-121.867050171,46.2066078186,-12.8910837173,-10.6144428253,17.8418674469,-5.22432231903,0.968938171864,-15.0717535019,-3.57239675522,2.93885159492,99.8254318237,36.7964897156],[-401.938354492,24.6165733337,18.1280193329,-19.1479434967,35.2239151001,-27.4591732025,-4.88890171051,-26.2907657623,21.9059638977,-18.7769203186,1.89684832096,36.7964897156,82.0819778442]],"icov":[[0.000631724775303,-0.00142806454096,0.00178044836503,-0.00185563240666,0.00183952751104,-0.00132489867974,0.00117731955834,-0.00106975261588,0.00147539924365,-0.000999887823127,0.00209435122088,-0.00134533096571,0.00112268328667],[-0.00142806454096,0.0045401500538,-0.00374331977218,0.00390405883081,-0.00409703003243,0.0025842373725,-0.00255326135084,0.0034792625811,-0.00393415056169,0.00412622839212,-0.00670011015609,0.00476138340309,-0.00301786977798],[0.00178044836503,-0.00374331977218,0.00645905453712,-0.00587966386229,0.0044298954308,-0.00425563100725,0.00214175088331,-0.00198703841306,0.0041535301134,-0.00416482472792,0.00625595124438,-0.00421730056405,0.00289425463416],[-0.00185563240666,0.00390405883081,-0.00587966386229,0.00990053173155,-0.00576683832332,0.00315390527248,-0.000397651747335,0.00101889227517,-0.00370604055934,0.00221744226292,-0.00572878634557,0.00482201483101,-0.0033498306293],[0.00183952751104,-0.00409703003243,0.0044298954308,-0.00576683832332,0.0109588764608,-0.00387186231092,0.00256548845209,-0.00128530478105,-0.000121199576824,-0.00113622634672,0.00460497429594,-0.00341011839919,0.00285064871423],[-0.00132489867974,0.0025842373725,-0.00425563100725,0.00315390527248,-0.00387186231092,0.00967076793313,-0.00492057530209,0.00255001359619,0.00107538769953,-0.00137721386272,-0.00204965891317,0.0011210727971,-0.00122399046086],[0.00117731955834,-0.00255326135084,0.00214175088331,-0.000397651747335,0.00256548845209,-0.00492057530209,0.0109635544941,-0.00593857932836,0.00257456838153,0.00262679276057,-0.000241412592004,-0.000311843847157,0.00202807434835],[-0.00106975261588,0.0034792625811,-0.00198703841306,0.00101889227517,-0.00128530478105,0.00255001359619,-0.00593857932836,0.0121437394992,-0.00667404104024,0.00409483676776,-0.00234059407376,0.000717491086107,0.00178561441135],[0.00147539924365,-0.00393415056169,0.0041535301134,-0.00370604055934,-0.000121199576824,0.00107538769953,0.00257456838153,-0.00667404104024,0.0164496935904,-0.00644174451008,0.00664629181847,-0.00225907773711,0.0000455970148323],[-0.000999887823127,0.00412622839212,-0.00416482472792,0.00221744226292,-0.00113622634672,-0.00137721386272,0.00262679276057,0.00409483676776,-0.00644174451008,0.018526641652,-0.00970469601452,0.00524728838354,0.00062752829399],[0.00209435122088,-0.00670011015609,0.00625595124438,-0.00572878634557,0.00460497429594,-0.00204965891317,-0.000241412592004,-0.00234059407376,0.00664629181847,-0.00970469601452,0.023565530777,-0.0089119868353,0.00557783618569],[-0.00134533096571,0.00476138340309,-0.00421730056405,0.00482201483101,-0.00341011839919,0.0011210727971,-0.000311843847157,0.000717491086107,-0.00225907773711,0.00524728838354,-0.0089119868353,0.0191373489797,-0.0104796839878],[0.00112268328667,-0.00301786977798,0.00289425463416,-0.0033498306293,0.00285064871423,-0.00122399046086,0.00202807434835,0.00178561441135,0.0000455970148323,0.00062752829399,0.00557783618569,-0.0104796839878,0.0209252815694]],"mean":[-53.1983108521,114.355354309,-121.795211792,40.9078140259,-57.2267608643,5.78835821152,-46.5853881836,-1.6858112812,-25.474981308,-4.25179195404,-9.55038356781,-8.89585781097,-9.75032997131]},"hfc":{"dmean":6.44465351105,"dmean2":8.59385490417,"dvar":108.737419128,"dvar2":221.858001709,"max":155.888702393,"mean":17.5195388794,"median":10.8543243408,"min":1.07270654573e-16,"var":318.536621094},"melbands":{"dmean":[0.000123666337458,0.000809691497125,0.000577282276936,0.000420338386903,0.0002405323321,0.000311371026328,0.000142346383655,0.000101319186797,0.000117235154903,0.0000907115681912,0.0000454809087387,0.0000528118471266,0.0000603589469392,0.0000510528843733,0.0000616868928773,0.0000460127921542,0.0000246498220804,0.0000257497813436,0.0000232530383073,0.0000169072882272,0.0000209513782465,0.0000323577442032,0.0000152082184286,0.0000071768986345,0.00000691677405484,0.00000660552450427,0.00000724986875866,0.00000498404870086,0.00000258362410932,0.00000171983811015,0.00000208534424928,0.00000202458295462,0.00000135460038564,9.21951595956e-7,0.00000101899138372,0.00000108352924144,8.9715319973e-7,6.36165907508e-7,3.93050783032e-7,2.99910112744e-7],"dmean2":[0.000200935697649,0.00134571886156,0.000919125450309,0.000685818784405,0.00038346965448,0.000462263298687,0.000219199850108,0.000150697640493,0.000169499006006,0.000131085995235,0.0000662114980514,0.000077528959082,0.000089712877525,0.0000755057772039,0.000090859917691,0.0000700098535162,0.0000376509560738,0.0000397631665692,0.000035821874917,0.0000262740850303,0.0000322178566421,0.0000493947591167,0.0000232160309679,0.0000107993755591,0.0000106264087663,0.00000974148224486,0.0000107839932753,0.00000783863742981,0.00000403910780733,0.00000259217222265,0.00000324404504681,0.00000324655138684,0.00000203488616535,0.00000132519653562,0.00000146110505739,0.00000160030333518,0.00000136076243962,9.73770966084e-7,5.90470733641e-7,4.5147118044e-7],"dvar":[5.40717195463e-8,0.00000106212496576,7.17810621609e-7,4.19624171855e-7,1.27481158074e-7,1.9053645417e-7,6.5000627103e-8,9.04413397507e-8,1.39843251645e-7,7.00123052866e-8,1.45650647099e-8,2.58452175217e-8,2.94389579381e-8,2.26472778309e-8,3.42967467759e-8,2.12238813191e-8,6.92670631963e-9,4.06281630561e-9,6.32673602396e-9,2.31075447665e-9,3.6883605059e-9,1.48377488074e-8,2.36559594136e-9,4.68225513917e-10,3.9277603392e-10,1.8313180139e-10,2.56726445658e-10,1.90563440028e-10,5.34602744018e-11,2.03773733998e-11,3.53626156135e-11,4.24992332992e-11,1.70692487922e-11,7.35791982898e-12,6.62867200366e-12,7.70343511203e-12,8.05856856939e-12,4.32440845285e-12,2.41579889773e-12,1.27025256633e-12],"dvar2":[1.30399072873e-7,0.00000275062234323,0.00000182625410616,0.00000105784386051,3.35564351417e-7,4.27388613389e-7,1.53150438109e-7,1.78051593025e-7,2.96938992506e-7,1.36752461799e-7,2.52574228199e-8,5.08329023319e-8,5.84864494613e-8,4.65272123051e-8,7.06054379407e-8,4.87029971907e-8,1.50350700778e-8,9.21272658161e-9,1.4616060362e-8,5.14276621288e-9,7.53804663134e-9,3.26791926852e-8,4.97712182579e-9,9.57511070432e-10,9.45425293608e-10,3.89404314349e-10,5.57293822201e-10,4.89544571547e-10,1.37584707516e-10,4.96572921671e-11,8.7267686133e-11,1.12197827418e-10,4.15444761925e-11,1.59579450348e-11,1.4560148226e-11,1.79620728014e-11,1.99532716738e-11,1.05464300487e-11,5.58448773336e-12,2.98739266831e-12],"max":[0.00486020231619,0.0121663603932,0.0128237782046,0.00838460586965,0.00622490327805,0.00709276320413,0.00635066628456,0.00795104075223,0.00695358589292,0.00758263934404,0.004150563851,0.00643918244168,0.00394166447222,0.00440552458167,0.0037060349714,0.0036111890804,0.00306356186047,0.00176034937613,0.00193940394092,0.00129619555082,0.00166708626784,0.00367501424626,0.00192639289889,0.000729738385417,0.000648014480248,0.000266497750999,0.000291995937005,0.00036980106961,0.000162653959705,0.000104630045826,0.000170019571669,0.000154873312567,0.000115732429549,0.0000581995227549,0.0000389471970266,0.0000488810037496,0.0000780279005994,0.000052586732636,0.0000579982952331,0.0000396236100642],"mean":[0.000261427339865,0.00157482700888,0.00133753800765,0.000726749363821,0.000471171137178,0.000614232732914,0.000267198833171,0.000173714623088,0.000236051288084,0.000180005270522,0.0000802410577307,0.0000853542733239,0.0000952516566031,0.000073120892921,0.0000855094040162,0.0000623379164608,0.0000415355607402,0.000039139216824,0.0000321418447129,0.0000261196146312,0.0000346435263054,0.0000532059202669,0.0000249124786933,0.0000117863482956,0.0000121266084534,0.0000119312217066,0.0000120323284136,0.0000066902935032,0.00000324164875565,0.00000225824464906,0.00000256487464867,0.00000224579639507,0.00000169040140463,0.00000119457263281,0.00000123900781546,0.00000129857289721,0.00000103652337202,7.22618324289e-7,4.43878064971e-7,3.2263818639e-7],"median":[0.000117131043226,0.00101946899667,0.000878932652995,0.00046368924086,0.00032853562152,0.000385196268326,0.000176268978976,0.0000479349509988,0.0000215481086343,0.0000234380622715,0.0000189004967979,0.0000139489093272,0.0000145483745655,0.00000880411607795,0.0000155748311954,0.0000183261927305,0.0000105785966298,0.0000117880408652,0.00000967743471847,0.00000713868575986,0.00000565477421333,0.00000574264868192,0.00000436160826212,0.00000302073658531,0.0000040807572077,0.00000404848287872,0.00000337914548254,0.00000162827382155,8.11690938463e-7,5.62432489914e-7,5.27106294612e-7,4.97480073136e-7,3.89442277537e-7,2.07026673138e-7,2.13523790649e-7,2.12558546764e-7,1.72288352474e-7,1.28100936081e-7,7.19578423514e-8,4.41403429363e-8],"min":[1.14265772425e-24,6.97531224172e-25,1.30633295145e-24,1.13918644044e-24,2.33917571566e-24,1.51736320296e-24,1.54986772352e-24,1.26462311438e-24,9.63423398987e-25,2.13028140366e-24,2.04321600884e-24,1.46165581799e-24,2.7576045003e-24,3.35230740966e-24,2.60067580878e-24,3.07452877733e-24,3.45033008245e-24,2.21435247969e-24,2.6323404883e-24,3.14068245563e-24,3.26387827155e-24,3.36131659562e-24,3.40642997307e-24,4.36873851438e-24,3.69996353818e-24,3.62900904963e-24,4.2280731765e-24,3.73232142922e-24,4.0885643087e-24,4.65230994955e-24,4.04502273661e-24,5.17595818502e-24,4.58303770688e-24,4.98206997959e-24,4.74574421289e-24,5.09089610247e-24,5.90794537442e-24,5.03669346968e-24,5.92946983865e-24,4.77284276828e-24],"var":[1.43981452538e-7,0.00000269579254564,0.00000183655299679,6.82800191498e-7,2.37549230064e-7,4.67825628903e-7,1.09931328041e-7,1.95006606418e-7,4.39919858763e-7,2.50409101454e-7,4.83779487581e-8,7.00967461853e-8,6.73195543754e-8,4.93381939748e-8,6.34581951431e-8,2.93128188389e-8,1.67182090394e-8,9.27480758861e-9,8.27602786302e-9,4.16399403846e-9,1.07239799263e-8,3.29008180699e-8,5.16966469633e-9,9.85349912774e-10,8.05108424373e-10,4.5611767141e-10,5.25581911326e-10,2.49205461822e-10,5.55961839066e-11,2.4581787994e-11,4.04383748709e-11,3.78354188257e-11,1.89939869388e-11,1.0566399318e-11,9.01011817239e-12,9.87365657984e-12,8.81164238797e-12,4.80307113526e-12,2.73192362829e-12,1.34616926981e-12]},"melbands_crest":{"dmean":2.99316906929,"dmean2":4.95254135132,"dvar":7.43597984314,"dvar2":19.3951950073,"max":40,"mean":13.2005300522,"median":12.6061439514,"min":1.68917417526,"var":24.5031032562},"melbands_flatness_db":{"dmean":0.0284741781652,"dmean2":0.0391618199646,"dvar":0.000900531711522,"dvar2":0.00167497433722,"max":1,"mean":0.221094325185,"median":0.220736712217,"min":0.00337294093333,"var":0.00585865834728},"melbands_kurtosis":{"dmean":6302308.5,"dmean2":12552654,"dvar":143818861102000000,"dvar2":296060513849000000,"max":23925002240,"mean":12012229,"median":10.0595588684,"min":-1.85836851597,"var":278954913240000000},"melbands_skewness":{"dmean":27.1520080566,"dmean2":53.6492843628,"dvar":2445471.5,"dvar2":5054736,"max":97986.390625,"mean":53.0536575317,"median":2.67576503754,"min":-1.7823882103,"var":4801487},"melbands_spread":{"dmean":6.70402193069,"dmean2":10.1483688354,"dvar":90.3316116333,"dvar2":202.877487183,"max":159.501190186,"mean":22.3387336731,"median":15.5415210724,"min":1.18465148802e-8,"var":527.357666016},"mfcc":{"cov":[[10692.9853516,593.477539062,-252.620422363,174.407867432,-233.597961426,-38.1849937439,29.5372886658,78.5108566284,-164.607879639,-4.80613470078,-90.3533706665,8.84976577759,-92.087562561],[593.477539062,1650.92199707,-228.902160645,85.0398330688,53.021068573,2.5813703537,43.5835380554,55.6070365906,-68.0194625854,-15.9173002243,42.5552635193,-33.2287330627,13.7933158875],[-252.620422363,-228.902160645,849.815734863,60.4953231812,74.2642440796,283.49319458,117.855438232,-134.084793091,-39.8256034851,-9.92330360413,-16.5884437561,-17.3187942505,-57.1887512207],[174.407867432,85.0398330688,60.4953231812,287.351928711,141.270324707,-16.0256214142,-71.493850708,-28.9828987122,11.4359836578,41.1817855835,6.54222679138,-2.09378218651,-11.001074791],[-233.597961426,53.021068573,74.2642440796,141.270324707,253.088394165,80.0010070801,-71.9401016235,-76.0094146729,7.67803907394,15.3647317886,-9.44480609894,2.57766270638,-8.77564334869],[-38.1849937439,2.5813703537,283.49319458,-16.0256214142,80.0010070801,279.565795898,81.9173126221,-98.777381897,-40.4958534241,-24.2462482452,-11.1396188736,-12.546377182,-22.1461677551],[29.5372886658,43.5835380554,117.855438232,-71.493850708,-71.9401016235,81.9173126221,198.801986694,50.2850761414,-32.1973114014,-12.3610754013,23.6971187592,1.79863870144,1.20281052589],[78.5108566284,55.6070365906,-134.084793091,-28.9828987122,-76.0094146729,-98.777381897,50.2850761414,202.001800537,63.9753227234,-10.6769771576,6.71764278412,31.2748355865,29.864030838],[-164.607879639,-68.0194625854,-39.8256034851,11.4359836578,7.67803907394,-40.4958534241,-32.1973114014,63.9753227234,110.499755859,22.7720565796,-10.1341781616,8.13441085815,3.81442379951],[-4.80613470078,-15.9173002243,-9.92330360413,41.1817855835,15.3647317886,-24.2462482452,-12.3610754013,-10.6769771576,22.7720565796,105.880241394,52.8460235596,-9.22878837585,-18.4005012512],[-90.3533706665,42.5552635193,-16.5884437561,6.54222679138,-9.44480609894,-11.1396188736,23.6971187592,6.71764278412,-10.1341781616,52.8460235596,120.332435608,20.6960334778,-18.6903476715],[8.84976577759,-33.2287330627,-17.3187942505,-2.09378218651,2.57766270638,-12.546377182,1.79863870144,31.2748355865,8.13441085815,-9.22878837585,20.6960334778,84.5365982056,26.3603858948],[-92.087562561,13.7933158875,-57.1887512207,-11.001074791,-8.77564334869,-22.1461677551,1.20281052589,29.864030838,3.81442379951,-18.4005012512,-18.6903476715,26.3603858948,78.8815155029]],"icov":[[0.000115166702017,-0.000030919254641,0.0000693207039149,-0.000185816796147,0.000248090509558,-0.000153564134962,0.0000710205131327,-0.000138917195727,0.00029362278292,-0.000178032991244,0.000298114697216,-0.000204097988899,0.000283306551864],[-0.000030919254641,0.000752643856686,0.000298039347399,-0.000289101648377,-0.000275021535344,-0.000256026833085,-0.000170713319676,-0.000434212124674,0.000539031752851,0.000297392747598,-0.000447315222118,0.000641508726403,-0.000204488009331],[0.0000693207039149,0.000298039347399,0.0022908737883,-0.00117264792789,0.000526817631908,-0.00181145605166,-0.00124911009334,0.000854954007082,-0.000293003191473,0.0000878899518284,0.000588064023759,-0.000474970933283,0.00110427977052],[-0.000185816796147,-0.000289101648377,-0.00117264792789,0.00625905767083,-0.0037223494146,0.00196709227748,0.00103599159047,-0.000638948695268,0.000408185238484,-0.00155096827075,-0.000223643291974,0.000394329515984,-0.000345668551745],[0.000248090509558,-0.000275021535344,0.000526817631908,-0.0037223494146,0.00841505359858,-0.00368973216973,0.0024829308968,0.000873823126312,-0.000628113804851,-0.000610450515524,0.000896874000318,-0.00164347188547,0.000381815072615],[-0.000153564134962,-0.000256026833085,-0.00181145605166,0.00196709227748,-0.00368973216973,0.00923060439527,-0.00443247379735,0.00408098148182,-0.00171224575024,0.00205988506787,-0.00023871306621,0.000107848143671,8.18387832169e-7],[0.0000710205131327,-0.000170713319676,-0.00124911009334,0.00103599159047,0.0024829308968,-0.00443247379735,0.0113198189065,-0.00630930159241,0.00475325668231,-0.00159983662888,-0.00137050822377,0.000960989505984,-0.000649413035717],[-0.000138917195727,-0.000434212124674,0.000854954007082,-0.000638948695268,0.000873823126312,0.00408098148182,-0.00630930159241,0.0129929576069,-0.00863102357835,0.00353541225195,-0.000947872351389,-0.0022119123023,-0.00137876253575],[0.00029362278292,0.000539031752851,-0.000293003191473,0.000408185238484,-0.000628113804851,-0.00171224575024,0.00475325668231,-0.00863102357835,0.0170603767037,-0.00604421226308,0.00378255476244,-0.000754065229557,0.00165094120894],[-0.000178032991244,0.000297392747598,0.0000878899518284,-0.00155096827075,-0.000610450515524,0.00205988506787,-0.00159983662888,0.00353541225195,-0.00604421226308,0.0165581163019,-0.00833678152412,0.00367872230709,-0.00026603974402],[0.000298114697216,-0.000447315222118,0.000588064023759,-0.000223643291974,0.000896874000318,-0.00023871306621,-0.00137050822377,-0.000947872351389,0.00378255476244,-0.00833678152412,0.0149288289249,-0.00617137365043,0.0047058975324],[-0.000204097988899,0.000641508726403,-0.000474970933283,0.000394329515984,-0.00164347188547,0.000107848143671,0.000960989505984,-0.0022119123023,-0.000754065229557,0.00367872230709,-0.00617137365043,0.0167802851647,-0.00614484865218],[0.000283306551864,-0.000204488009331,0.00110427977052,-0.000345668551745,0.000381815072615,8.18387832169e-7,-0.000649413035717,-0.00137876253575,0.00165094120894,-0.00026603974402,0.0047058975324,-0.00614484865218,0.0173973254859]],"mean":[-671.750488281,131.816558838,-2.92134070396,30.0770282745,8.60709285736,4.32749795914,-4.37071847916,-3.42970943451,-11.9244747162,-0.588627755642,-5.91949081421,-3.42329883575,-2.92305779457]},"pitch_salience":{"dmean":0.0682628899813,"dmean2":0.109840281308,"dvar":0.00373748783022,"dvar2":0.0093605844304,"max":0.87135720253,"mean":0.583710610867,"median":0.592366218567,"min":0.0000164499469975,"var":0.0145587949082},"silence_rate_20dB":{"dmean":0,"dmean2":0,"dvar":0,"dvar2":0,"max":1,"mean":1,"median":1,"min":1,"var":0},"silence_rate_30dB":{"dmean":0,"dmean2":0,"dvar":0,"dvar2":0,"max":1,"mean":1,"median":1,"min":1,"var":0},"silence_rate_60dB":{"dmean":0.00491273449734,"dmean2":0.00982673931867,"dvar":0.0048883324489,"dvar2":0.0123165007681,"max":1,"mean":0.0420113764703,"median":0,"min":0,"var":0.0402472876012},"spectral_centroid":{"dmean":259.914367676,"dmean2":382.842132568,"dvar":122898,"dvar2":250355.75,"max":11919.3720703,"mean":1353.49072266,"median":1000.6307373,"min":180.413726807,"var":2674044.5},"spectral_complexity":{"dmean":3.84305095673,"dmean2":5.55702114105,"dvar":21.8474731445,"dvar2":41.8255882263,"max":56,"mean":15.7926578522,"median":15,"min":0,"var":71.8946456909},"spectral_contrast_coeffs":{"dmean":[0.0482769235969,0.0461692772806,0.0378144271672,0.0317989476025,0.0257352478802,0.0178868994117],"dmean2":[0.0819268003106,0.0733688399196,0.0586667060852,0.0500685684383,0.0394272096455,0.0281439051032],"dvar":[0.00162839947734,0.00154668278992,0.00116489280481,0.0008124904125,0.000596640747972,0.000260938133579],"dvar2":[0.00452051125467,0.00385963101871,0.00252353888936,0.00181339681149,0.00120980187785,0.000606461486313],"max":[-0.327797919512,-0.420962929726,-0.455449789762,-0.526156246662,-0.521067917347,-0.653079509735],"mean":[-0.593162357807,-0.672144889832,-0.769838154316,-0.773586332798,-0.77373945713,-0.773274600506],"median":[-0.587914943695,-0.664948701859,-0.786439538002,-0.781289696693,-0.784708619118,-0.769037425518],"min":[-0.983017325401,-0.995944440365,-0.993435204029,-0.993639409542,-0.985924601555,-0.966238379478],"var":[0.00851955078542,0.00684158504009,0.00680335704237,0.00434057228267,0.00457882136106,0.00182520004455]},"spectral_contrast_valleys":{"dmean":[0.417119294405,0.359773039818,0.379595965147,0.319695919752,0.334047824144,0.458399802446],"dmean2":[0.704765975475,0.574057042599,0.587970852852,0.483327537775,0.441583096981,0.534424722195],"dvar":[0.154733762145,0.137315317988,0.173550903797,0.131257981062,0.149486199021,0.202766522765],"dvar2":[0.382960617542,0.294897466898,0.355558812618,0.256686300039,0.273606240749,0.374346852303],"max":[-5.69543647766,-5.08002901077,-5.10686969757,-5.9176659584,-5.81756877899,-7.640229702],"mean":[-7.98616027832,-7.45964288712,-8.15772628784,-8.27298641205,-8.30615139008,-10.9953765869],"median":[-7.38986158371,-6.90430688858,-7.67120742798,-7.77054643631,-7.84793806076,-10.5900154114],"min":[-28.1810646057,-28.1563968658,-27.7535514832,-27.8145198822,-27.5473937988,-27.4803180695],"var":[10.2434892654,10.6596603394,10.1054763794,9.9517698288,10.007733345,8.01927089691]},"spectral_decrease":{"dmean":1.4588940056e-9,"dmean2":2.15002571302e-9,"dvar":2.38512897418e-18,"dvar2":5.04469455532e-18,"max":2.35471200571e-28,"mean":-5.78931924622e-9,"median":-5.14803222273e-9,"min":-2.10241406506e-8,"var":1.24226298722e-17},"spectral_energy":{"dmean":0.00590534834191,"dmean2":0.00861307326704,"dvar":0.0000400323333452,"dvar2":0.0000822492147563,"max":0.0835466384888,"mean":0.0234393067658,"median":0.0206919461489,"min":1.00103378247e-20,"var":0.000208688579733},"spectral_energyband_high":{"dmean":0.000370521389414,"dmean2":0.000521203735843,"dvar":9.05313129351e-7,"dvar2":0.00000212372174246,"max":0.0176580436528,"mean":0.000493965984788,"median":0.000118509953609,"min":6.91793037484e-21,"var":0.00000120125207559},"spectral_energyband_low":{"dmean":0.0030112315435,"dmean2":0.00491543812677,"dvar":0.0000144449177242,"dvar2":0.0000357260068995,"max":0.047166030854,"mean":0.00694092642516,"median":0.00495815649629,"min":1.44470282243e-23,"var":0.0000432964261563},"spectral_energyband_middle_high":{"dmean":0.00222432101145,"dmean2":0.00304898177274,"dvar":0.0000144800023918,"dvar2":0.0000271679400612,"max":0.059960834682,"mean":0.00545398565009,"median":0.00230033393018,"min":1.1430346625e-21,"var":0.0000515136198374},"spectral_energyband_middle_low":{"dmean":0.00380260613747,"dmean2":0.00582392700016,"dvar":0.000021350415409,"dvar2":0.0000499063135067,"max":0.0621109120548,"mean":0.0118983434513,"median":0.00995936244726,"min":1.57903144576e-22,"var":0.0000741772382753},"spectral_entropy":{"dmean":0.19532738626,"dmean2":0.263881266117,"dvar":0.037578586489,"dvar2":0.067596629262,"max":9.82361984253,"mean":7.35648202896,"median":7.31276607513,"min":5.20637226105,"var":0.362828999758},"spectral_flux":{"dmean":0.0220618303865,"dmean2":0.0328785181046,"dvar":0.000490715843625,"dvar2":0.00103562499862,"max":0.263253748417,"mean":0.0727941542864,"median":0.0647631883621,"min":6.30393168222e-11,"var":0.0017933367053},"spectral_kurtosis":{"dmean":2.3884999752,"dmean2":3.95972037315,"dvar":8.70932006836,"dvar2":23.9518928528,"max":62.303352356,"mean":5.68067359924,"median":4.4523191452,"min":-1.27771854401,"var":29.0200366974},"spectral_rms":{"dmean":0.000597319740336,"dmean2":0.000862570421305,"dvar":3.56251149469e-7,"dvar2":7.01555222804e-7,"max":0.00902822893113,"mean":0.00449981959537,"median":0.0044930242002,"min":3.12508937998e-12,"var":0.00000261929790213},"spectral_rolloff":{"dmean":431.324157715,"dmean2":719.474731445,"dvar":727726.5625,"dvar2":1633282.125,"max":19552.1484375,"mean":1573.15795898,"median":818.26171875,"min":21.533203125,"var":8314791.5},"spectral_skewness":{"dmean":0.278602153063,"dmean2":0.441822469234,"dvar":0.0753431990743,"dvar2":0.190527305007,"max":6.34401893616,"mean":1.60817193985,"median":1.56232297421,"min":-0.0971261411905,"var":0.39276856184},"spectral_spread":{"dmean":598593.0625,"dmean2":846633.25,"dvar":1175703650300,"dvar2":2407477280770,"max":49052668,"mean":4840746,"median":3789563.5,"min":1095531.875,"var":34389926871000},"spectral_strongpeak":{"dmean":0.58946031332,"dmean2":0.973847746849,"dvar":1.46451067924,"dvar2":3.34095644951,"max":21.3075256348,"mean":1.1348156929,"median":0.550491034985,"min":0,"var":2.97586274147},"zerocrossingrate":{"dmean":0.0099080381915,"dmean2":0.0111432801932,"dvar":0.000148582825204,"dvar2":0.000200215479708,"max":0.52685546875,"mean":0.0589438043535,"median":0.04345703125,"min":0,"var":0.00550275994465}},"metadata":{"audio_properties":{"analysis_sample_rate":44100,"bit_rate":0,"codec":"flac","downmix":"mix","equal_loudness":0,"length":179.600006104,"lossless":true,"md5_encoded":"0417c9d42ff08af252c8d0051bb3b0f0","replay_gain":-11.3412818909,"sample_rate":44100},"tags":{"acoustid_id":["f5216faa-8818-4d34-9386-7b59405314af"],"album":["Beatles for Sale"],"albumartist":["The Beatles"],"albumartistsort":["Beatles, The"],"artist":["The Beatles"],"artists":["The Beatles"],"artistsort":["Beatles, The"],"catalognumber":["PMC 1240"],"composer":["Carl Perkins"],"composersort":["Perkins, Carl"],"date":["1964-12-04"],"discnumber":["1"],"disctotal":["1"],"file_name":"10 Honey Don’t.flac","genre":["Rock"],"label":["Parlophone"],"language":["eng"],"lyricist":["Carl Perkins"],"media":["12\" Vinyl"],"musicbrainz_albumartistid":["b10bbbfc-cf9e-42e0-be17-e2c3e1d2600d"],"musicbrainz_albumid":["c9f28bf9-3e03-4da2-b0b8-5d76691df7de"],"musicbrainz_artistid":["b10bbbfc-cf9e-42e0-be17-e2c3e1d2600d"],"musicbrainz_recordingid":["2761e565-7bf0-48c4-9bed-0c4069538482"],"musicbrainz_releasegroupid":["f50a3b6f-27f0-3832-bd3f-3568dc557d95"],"musicbrainz_releasetrackid":["f49968ae-841c-3eca-b82f-37a2b604f05d"],"musicbrainz_workid":["1e2b05f6-081d-31af-b376-9bea1fadfbc6"],"originaldate":["1964-12-04"],"performer":["Ringo Starr (lead vocals)"],"producer":["George Martin"],"releasecountry":["GB"],"releasestatus":["official"],"releasetype":["album"],"script":["Latn"],"title":["Honey Don’t"],"totaldiscs":["1"],"totaltracks":["14"],"tracknumber":["10"],"tracktotal":["14"],"work":["Honey, Don’t!"]},"version":{"essentia":"2.1-beta1","essentia_build_sha":"ca57ba49d9b1854bd80e60cf9ccf267278fb7d6b","essentia_git_sha":"v2.1_beta1-28-g21ef5f4-dirty","extractor":"music 1.0"}},"rhythm":{"beats_count":484,"beats_loudness":{"dmean":0.0114316958934,"dmean2":0.0192500986159,"dvar":0.0000804042720119,"dvar2":0.000215330219362,"max":0.074939712882,"mean":0.0326211638749,"median":0.0322027429938,"min":0,"var":0.000178