{"lowlevel":{"average_loudness":0.894918203354,"barkbands":{"dmean":[0.00452501280233,0.0101154940203,0.00293885427527,0.00154178752564,0.00198624143377,0.00177195749711,0.00165589945391,0.00097073498182,0.00146390229929,0.000855833699461,0.000805567542557,0.000903458043467,0.000597562699113,0.000253723730566,0.000326764391502,0.000169154154719,0.000172440370079,0.000118176380056,0.000110577871965,0.000053282474255,0.0000302319149341,0.0000153277542267,0.00000600792145633,0.00000325666792378,0.00000294822507385,0.00000380766891794,0.0000398767551815],"dmean2":[0.00726081198081,0.016046596691,0.00489553343505,0.00256928312592,0.00304042012431,0.00270460662432,0.00259698857553,0.00156557257287,0.00229824730195,0.00137509696651,0.00131306308322,0.0014847998973,0.000979789532721,0.000409480911912,0.000526097079273,0.00026886901469,0.000266477436526,0.000181283292477,0.00017033527547,0.0000804188894108,0.0000445437835879,0.0000230058649322,0.00000916455610422,0.00000544220074516,0.00000498391000292,0.00000606321600571,0.0000554041107534],"dvar":[0.0000467137542728,0.000168329584994,0.0000206139702641,0.00000580030427955,0.0000132411414597,0.0000102298718048,0.00000763440948504,0.00000624988115305,0.00000825453298603,0.00000299546172755,0.00000238957659349,0.00000188998581052,9.32804027798e-7,1.38278480222e-7,2.8735394153e-7,8.15165250856e-8,9.96760576299e-8,6.87081609385e-8,4.16834531336e-8,1.22072343345e-8,4.98482366496e-9,1.60689894724e-9,1.75731471042e-10,2.52412465929e-11,2.26168979378e-11,3.86071868919e-11,3.35690764075e-9],"dvar2":[0.000116219751362,0.000390677945688,0.0000540930668649,0.0000156343394337,0.0000275452221103,0.0000226531537919,0.0000185837197932,0.0000152313450599,0.0000201951534109,0.00000745136685509,0.00000607889478488,0.00000495759604746,0.00000257852207142,3.45788720324e-7,7.18666285593e-7,1.97993102802e-7,2.24405795279e-7,1.48421435142e-7,9.38914652693e-8,2.51420448905e-8,1.03351736058e-8,3.49795326038e-9,3.07120051612e-10,6.27214252757e-11,5.6661297182e-11,8.1611266356e-11,6.23245366427e-9],"max":[0.105311013758,0.147558644414,0.121264621615,0.055700417608,0.132200956345,0.0723596662283,0.0753931850195,0.0806152448058,0.0736543089151,0.0448355488479,0.0302987322211,0.0275306906551,0.0202348604798,0.00745574757457,0.0100352978334,0.00643244851381,0.00718122860417,0.00740512181073,0.00405102688819,0.00276924064383,0.00237265275791,0.00174975628033,0.000743664859328,0.0000799349727458,0.0000771797567722,0.000354584306479,0.00111946184188],"mean":[0.00948368571699,0.017835855484,0.00420914357528,0.00215699779801,0.00341284228489,0.00321514392272,0.00324135809205,0.00145429978147,0.00256499531679,0.00130018382333,0.00129530404229,0.00162612088025,0.00101489480585,0.00046746636508,0.000607396650594,0.000296835380141,0.000286717520794,0.000192942927242,0.000193141342606,0.0000924978594412,0.000052994771977,0.0000260401884589,0.00000842117970024,0.00000332606623488,0.00000274226295005,0.00000491168157168,0.000107222629595],"median":[0.0035736951977,0.00979665853083,0.0023221145384,0.00111218204256,0.00157632352784,0.00156138988677,0.00143203616608,0.000524162489455,0.000848300522193,0.000540287990589,0.000639232457615,0.000921120634302,0.000612838019151,0.000314965494908,0.000373115792172,0.000179140086402,0.000163713237271,0.000103237885924,0.0000962595368037,0.0000466756246169,0.0000272615980066,0.0000130515127239,0.00000395246161133,0.00000141830753364,9.13507165023e-7,0.00000247051707447,0.0000821234934847],"min":[2.93064729298e-23,4.41504938269e-23,2.1591862533e-24,9.55287048168e-24,2.11598290532e-23,1.77239643132e-23,7.6862952601e-23,9.81179387898e-23,1.44165289684e-22,3.59237348145e-23,4.03290685862e-23,1.26184398107e-22,1.45604765199e-22,8.39315312759e-23,9.11344750511e-23,2.74607883227e-22,1.33800503048e-22,2.68753878978e-22,4.1055830361e-22,5.1378033654e-22,5.66947592555e-22,4.19737186181e-22,7.12492151889e-22,8.20746082408e-22,1.13687705409e-21,1.72322017408e-21,2.31457595608e-21],"var":[0.000152799970238,0.000459771137685,0.0000361539969163,0.000010406891306,0.0000352621682396,0.0000260698943748,0.0000285819260171,0.0000123424651974,0.0000204490788747,0.00000520942194271,0.00000406189565183,0.00000417908222516,0.00000164845323525,2.94138203571e-7,6.3288155161e-7,1.50811018784e-7,1.80412996542e-7,1.1190619631e-7,7.6723516429e-8,2.35318111663e-8,9.49847756004e-9,2.88868484688e-9,4.15875500703e-10,2.83621980068e-11,2.36321483216e-11,7.31877267124e-11,1.1323532334e-8]},"barkbands_crest":{"dmean":2.68982386589,"dmean2":4.34075260162,"dvar":5.20675563812,"dvar2":12.843413353,"max":25.0908737183,"mean":10.5433254242,"median":9.9573802948,"min":2.39834737778,"var":16.7751941681},"barkbands_flatness_db":{"dmean":0.0310566090047,"dmean2":0.0479910410941,"dvar":0.00091668497771,"dvar2":0.00236588763073,"max":0.607154071331,"mean":0.176217183471,"median":0.164129048586,"min":0.0367153994739,"var":0.00465085357428},"barkbands_kurtosis":{"dmean":4.65829801559,"dmean2":7.37003421783,"dvar":146.160476685,"dvar2":351.428527832,"max":421.298828125,"mean":8.97539997101,"median":2.78815174103,"min":-1.65055882931,"var":625.02911377},"barkbands_skewness":{"dmean":0.625539183617,"dmean2":0.972744107246,"dvar":0.53756994009,"dvar2":1.33465433121,"max":18.3779430389,"mean":1.85625076294,"median":1.50768435001,"min":-1.68231582642,"var":2.30678677559},"barkbands_spread":{"dmean":3.96877932549,"dmean2":5.96159648895,"dvar":20.7161407471,"dvar2":41.3003234863,"max":69.9650039673,"mean":15.6340742111,"median":14.2978801727,"min":0.242214173079,"var":93.510597229},"dissonance":{"dmean":0.0216645672917,"dmean2":0.0361909903586,"dvar":0.000457108195405,"dvar2":0.0012369020842,"max":0.500000238419,"mean":0.461491644382,"median":0.470642566681,"min":0.241712167859,"var":0.00102854357101},"dynamic_complexity":2.67342185974,"erbbands":{"dmean":[0.499247640371,1.65618801117,3.22129130363,4.18509721756,5.39736366272,6.92881822586,12.2069358826,15.9934902191,19.7224636078,27.8642845154,20.2221813202,31.0493946075,29.4713592529,26.9181995392,30.9711971283,35.1530952454,27.7475948334,12.0480957031,16.0861225128,12.0001459122,8.80170154572,9.36895751953,6.80949640274,5.70908927917,4.83774805069,2.65311360359,1.56663620472,1.00532269478,0.617397367954,0.283850580454,0.16010633111,0.0829162448645,0.0493399202824,0.0333277061582,0.0207815021276,0.011559560895,0.00742083368823,0.00618872791529,0.00397907150909,0.000897834426723],"dmean2":[0.781937539577,2.69925451279,5.343334198,6.89774703979,8.8355140686,10.6241931915,18.4211463928,24.577671051,30.8285999298,44.4872245789,32.2136383057,48.624622345,46.9612808228,43.5606689453,50.3176994324,57.4939727783,45.3128166199,19.3264350891,25.6326599121,19.2636909485,13.7404413223,14.3010063171,10.4073820114,8.76943016052,7.32485055923,4.00035238266,2.33032512665,1.50268101692,0.919948875904,0.432184666395,0.246144995093,0.134378790855,0.0833028554916,0.0563279725611,0.0351201966405,0.0195212066174,0.0117032472044,0.0089440215379,0.00549288233742,0.00126859906595],"dvar":[0.464380562305,4.63040924072,22.9705142975,37.0402984619,81.8971481323,223.023971558,609.815734863,986.165893555,1311.21142578,3025.85693359,2767.81005859,3748.71020508,3654.83642578,2476.90087891,3308.82739258,2966.20263672,2076.91113281,270.19744873,733.029846191,357.893890381,255.716156006,287.706237793,190.790817261,134.974472046,81.4705734253,30.1526012421,12.3525705338,6.22498369217,3.20593142509,0.709517121315,0.10876005888,0.0154767138883,0.00626496644691,0.00288887415081,0.00112279620953,0.000344521133229,0.000141584067023,0.000250066252192,0.0000572946082684,0.00000154476367697],"dvar2":[1.0814011097,11.3535509109,61.8701057434,95.623374939,201.665771484,461.541442871,1225.03723145,2256.24926758,2926.07592773,7811.01269531,6387.89599609,8863.9375,9150.01367188,6204.97216797,8318.64257812,7851.79052734,5767.07470703,687.085449219,1845.66113281,891.927185059,600.357116699,630.48236084,408.166442871,294.273376465,178.425933838,63.1653213501,25.7954788208,13.8610458374,7.45050621033,1.48004209995,0.205034792423,0.0359537191689,0.0156981442124,0.00723793031648,0.00281263724901,0.000862977991346,0.000294692523312,0.000483183859615,0.000107425221358,0.00000296090865959],"max":[8.05459213257,27.8842811584,115.446853638,131.662582397,215.640457153,445.104522705,849.828063965,924.004577637,1276.38598633,1218.35620117,2027.34179688,1945.28942871,1443.66821289,857.217102051,1265.87768555,930.205078125,954.150939941,292.773468018,693.094177246,477.265655518,398.139221191,418.352630615,294.277740479,266.285980225,162.282272339,129.077301025,97.6553268433,108.478050232,90.2747955322,38.8962364197,22.9582748413,3.93551516533,1.2865074873,0.872655332088,0.54371380806,0.301053822041,0.659271597862,0.635943412781,0.214180201292,0.0205378402025],"mean":[0.909819304943,2.53215456009,4.85153961182,6.41630220413,8.1175031662,10.9836616516,22.0508384705,28.2929763794,37.7135238647,49.8764877319,34.4442596436,55.5207252502,48.3803405762,46.704460144,57.2075195312,67.1666564941,50.8625640869,24.9157409668,31.5521736145,23.7189483643,16.1614570618,16.1564235687,11.7561292648,9.65481281281,8.5189037323,4.58659219742,2.7057299614,1.75294172764,1.05644178391,0.435041308403,0.222775042057,0.0966925248504,0.0468521080911,0.0310735087842,0.0194051060826,0.0110334157944,0.00969689153135,0.0111696645617,0.0086184097454,0.00293608638458],"median":[0.407560408115,1.4517967701,2.86581850052,3.79714846611,4.25629806519,4.37510728836,8.51869678497,13.8648748398,16.9089412689,19.3319759369,13.0906772614,19.5796318054,18.5705451965,23.445514679,32.2904548645,38.3845329285,31.8121070862,18.3604774475,19.9887924194,16.0117702484,10.3102970123,9.54103279114,6.75921630859,5.06184005737,4.21594572067,2.24654960632,1.42613351345,0.879707217216,0.513646841049,0.217277243733,0.107601955533,0.0456656813622,0.0165173579007,0.0104122105986,0.00652480963618,0.00389849347994,0.00485130026937,0.00613281223923,0.00501482561231,0.00255243852735],"min":[2.74971496355e-21,4.24611639756e-21,3.38038848183e-21,1.61652401287e-20,3.75292360903e-20,8.67733206707e-20,1.06206255414e-19,1.58814386611e-19,5.53306178218e-19,1.92022431181e-18,2.17258594976e-18,3.94652791974e-18,1.43986284912e-18,1.36081167952e-18,2.46332938852e-18,6.42719170518e-18,6.34963483735e-18,4.70960079405e-18,4.6086512585e-18,1.19961008068e-17,1.08645078026e-17,7.7288853033e-18,1.39827652994e-17,1.73522474743e-17,2.47802234959e-17,2.42083985015e-17,2.09618287482e-17,2.06152946654e-17,1.71068180235e-17,1.66647578149e-17,2.04499991636e-17,1.71738196531e-17,1.28570378329e-17,9.88516897076e-18,9.29468939921e-18,6.91563978894e-18,3.07403786875e-18,1.33068110872e-18,3.46183461557e-19,3.09911552923e-20],"var":[1.42256999016,8.99141407013,39.7907333374,69.5336532593,143.773376465,526.160766602,2008.7902832,2083.31323242,5094.13818359,8132.81005859,6294.47412109,9485.86425781,7295.14746094,4903.22265625,6581.66308594,6673.64746094,3912.71240234,632.863098145,1678.9675293,777.111633301,478.608276367,542.643981934,341.410675049,228.038925171,156.556930542,57.0672988892,23.2904148102,10.6726989746,4.92713880539,1.36342549324,0.233557477593,0.0222987420857,0.00657811528072,0.00301963021047,0.00117417087313,0.000361797428923,0.0002593442332,0.000552301818971,0.000145436657476,0.00000559985574]},"erbbands_crest":{"dmean":2.63154530525,"dmean2":4.30333518982,"dvar":5.78043746948,"dvar2":15.2242908478,"max":27.9128360748,"mean":9.05867576599,"median":8.30173873901,"min":2.15412855148,"var":13.581079483},"erbbands_flatness_db":{"dmean":0.027667215094,"dmean2":0.0433819554746,"dvar":0.00058078073198,"dvar2":0.00148778082803,"max":0.370607107878,"mean":0.17898786068,"median":0.176785305142,"min":0.048594892025,"var":0.00163869536482},"erbbands_kurtosis":{"dmean":1.10858488083,"dmean2":1.77702248096,"dvar":2.66905593872,"dvar2":6.87109470367,"max":36.9636306763,"mean":1.02476131916,"median":0.416479349136,"min":-1.65430343151,"var":5.10670232773},"erbbands_skewness":{"dmean":0.367343187332,"dmean2":0.570412933826,"dvar":0.122079230845,"dvar2":0.296482890844,"max":5.27864074707,"mean":0.171244367957,"median":0.0984425768256,"min":-4.192050457,"var":0.641098618507},"erbbands_spread":{"dmean":5.52453708649,"dmean2":8.579246521,"dvar":31.6115627289,"dvar2":77.960395813,"max":90.7829055786,"mean":23.722038269,"median":21.5382003784,"min":3.79251050949,"var":119.267730713},"gfcc":{"cov":[[5127.26220703,-625.499694824,-1183.7935791,-206.629333496,-59.9853668213,-339.767791748,146.283935547,-108.420814514,20.9610671997,-54.558921814,-13.3446874619,106.874664307,-120.66078949],[-625.499694824,896.96081543,174.967849731,-278.585723877,27.1932010651,30.6425209045,0.786863207817,-49.0443077087,37.1777801514,21.8047580719,27.1937866211,-88.4074249268,54.2300834656],[-1183.7935791,174.967849731,704.863647461,87.4352493286,-156.192443848,273.155822754,-227.761520386,161.508224487,-70.8720474243,78.4512023926,-8.45413303375,-59.5183601379,48.5244140625],[-206.629333496,-278.585723877,87.4352493286,331.202026367,119.104820251,-41.3560600281,53.4488334656,-3.32633662224,14.7556581497,-14.4856319427,-14.4906682968,40.7712936401,-25.690908432],[-59.9853668213,27.1932010651,-156.192443848,119.104820251,287.478057861,-14.8497285843,138.925720215,-72.8885955811,38.3085632324,-35.916469574,24.0820598602,27.5866966248,7.43180513382],[-339.767791748,30.6425209045,273.155822754,-41.3560600281,-14.8497285843,350.850250244,-101.785812378,114.309791565,-80.8804550171,43.185546875,13.1074457169,-16.6198406219,49.4737701416],[146.283935547,0.786863207817,-227.761520386,53.4488334656,138.925720215,-101.785812378,256.347961426,-61.8325691223,75.9827728271,-39.5129852295,11.5990858078,48.3248977661,-30.7661113739],[-108.420814514,-49.0443077087,161.508224487,-3.32633662224,-72.8885955811,114.309791565,-61.8325691223,191.681030273,23.1951198578,53.1048698425,10.4377641678,-13.6203727722,33.7421951294],[20.9610671997,37.1777801514,-70.8720474243,14.7556581497,38.3085632324,-80.8804550171,75.9827728271,23.1951198578,137.634460449,39.9139022827,17.9681282043,22.6798686981,-13.8719139099],[-54.558921814,21.8047580719,78.4512023926,-14.4856319427,-35.916469574,43.185546875,-39.5129852295,53.1048698425,39.9139022827,88.1307754517,40.3684120178,3.0097796917,18.5413837433],[-13.3446874619,27.1937866211,-8.45413303375,-14.4906682968,24.0820598602,13.1074457169,11.5990858078,10.4377641678,17.9681282043,40.3684120178,74.3169021606,41.844833374,18.2661590576],[106.874664307,-88.4074249268,-59.5183601379,40.7712936401,27.5866966248,-16.6198406219,48.3248977661,-13.6203727722,22.6798686981,3.0097796917,41.844833374,88.1051483154,22.9192810059],[-120.66078949,54.2300834656,48.5244140625,-25.690908432,7.43180513382,49.4737701416,-30.7661113739,33.7421951294,-13.8719139099,18.5413837433,18.2661590576,22.9192810059,90.1425323486]],"icov":[[0.000525272276718,-0.000719376897905,0.00218315119855,-0.00126504246145,0.00103115988895,-0.000602713786066,0.000733761873562,-0.000863523804583,0.000946695625316,-0.00108529848512,0.00092713435879,-0.00115063542034,0.000893193413503],[-0.000719376897905,0.00762621639296,-0.0108056925237,0.0125643908978,-0.00823372974992,0.00548285478726,-0.00418011192232,0.00391144258901,-0.00294016860425,0.00167616154067,-0.00175202742685,0.00420313561335,-0.00288528692909],[0.00218315119855,-0.0108056925237,0.0242469031364,-0.0248852651566,0.019714653492,-0.0143000828102,0.0083342269063,-0.00351579114795,-0.000556947023142,0.00165251607541,-0.00466161221266,0.00286254426464,-0.000546859460883],[-0.00126504246145,0.0125643908978,-0.0248852651566,0.0355445444584,-0.0284343343228,0.019434671849,-0.00765767460689,-0.00181462673936,0.00866306200624,-0.0125576378778,0.0176394581795,-0.0149287255481,0.0081549724564],[0.00103115988895,-0.00823372974992,0.019714653492,-0.0284343343228,0.0307945329696,-0.019054017961,0.00316217704676,0.00695840176195,-0.0144482329488,0.0187338627875,-0.023329326883,0.0204920638353,-0.0125490231439],[-0.000602713786066,0.00548285478726,-0.0143000828102,0.019434671849,-0.019054017961,0.0180541649461,-0.00393354473636,-0.00664026895538,0.0136513076723,-0.0144407115877,0.0152383372188,-0.0141307571903,0.00751271238551],[0.000733761873562,-0.00418011192232,0.0083342269063,-0.00765767460689,0.00316217704676,-0.00393354473636,0.0112182442099,-0.00204641674645,-0.00268661207519,0.00292012351565,0.000037282883568,-0.00442942604423,0.00342572620139],[-0.000863523804583,0.00391144258901,-0.00351579114795,-0.00181462673936,0.00695840176195,-0.00664026895538,-0.00204641674645,0.0175138153136,-0.0160865541548,0.0124469203874,-0.015577653423,0.0182918440551,-0.0128470398486],[0.000946695625316,-0.00294016860425,-0.000556947023142,0.00866306200624,-0.0144482329488,0.0136513076723,-0.00268661207519,-0.0160865541548,0.0353271439672,-0.032987549901,0.0289661418647,-0.0288837477565,0.0183041281998],[-0.00108529848512,0.00167616154067,0.00165251607541,-0.0125576378778,0.0187338627875,-0.0144407115877,0.00292012351565,0.0124469203874,-0.032987549901,0.0536433905363,-0.044561393559,0.0347151830792,-0.0201180949807],[0.00092713435879,-0.00175202742685,-0.00466161221266,0.0176394581795,-0.023329326883,0.0152383372188,0.000037282883568,-0.015577653423,0.0289661418647,-0.044561393559,0.0630398839712,-0.0481248646975,0.0223207157105],[-0.00115063542034,0.00420313561335,0.00286254426464,-0.0149287255481,0.0204920638353,-0.0141307571903,-0.00442942604423,0.0182918440551,-0.0288837477565,0.0347151830792,-0.0481248646975,0.0586022660136,-0.0288907904178],[0.000893193413503,-0.00288528692909,-0.000546859460883,0.0081549724564,-0.0125490231439,0.00751271238551,0.00342572620139,-0.0128470398486,0.0183041281998,-0.0201180949807,0.0223207157105,-0.0288907904178,0.0293105114251]],"mean":[-4.08894300461,131.420257568,-101.124198914,-2.1167140007,-13.4024457932,-10.6549425125,0.167159885168,-10.7632007599,-3.90624547005,-1.50971448421,-1.74722146988,0.00552998948842,-5.49506902695]},"hfc":{"dmean":7.32787370682,"dmean2":11.28099823,"dvar":46.7270622253,"dvar2":110.927322388,"max":118.255630493,"mean":33.1044082642,"median":33.0920028687,"min":1.14110491944e-16,"var":252.752380371},"melbands":{"dmean":[0.00353428930975,0.00172811793163,0.000728508224711,0.000414740643464,0.000400070246542,0.000351558584953,0.000300563871861,0.000284992100205,0.000172293715877,0.000207582343137,0.000151686821482,0.000113031943329,0.000109444001282,0.000102396130387,0.0000929368470679,0.0000434826870332,0.0000223919887503,0.000026500380045,0.0000240917524934,0.000012662253539,0.000010992773241,0.0000106420993689,0.00000801812529971,0.00000546069804841,0.00000487830993734,0.00000432789829574,0.00000249913045991,0.0000017273849835,0.00000110564928946,7.48220941205e-7,5.6172279983e-7,4.09145542335e-7,2.17518334011e-7,1.40027438533e-7,9.61959472079e-8,7.32937266434e-8,4.29954489789e-8,3.50677709093e-8,3.07634699936e-8,2.71918541017e-8],"dmean2":[0.00554745923728,0.00283681298606,0.00119220477063,0.000656195275951,0.000597719568759,0.000536387320608,0.000470573635539,0.000456319568912,0.000273282144917,0.000326492445311,0.000241949106567,0.000183271476999,0.000177809037268,0.000168461818248,0.000152248278027,0.0000711847897037,0.0000363209801435,0.000042416726501,0.0000388193620893,0.000020436311388,0.0000174421638803,0.000016497575416,0.0000125001552078,0.0000084668981799,0.00000768303925724,0.00000666661208015,0.00000383142651117,0.00000266419783657,0.00000168845508597,0.00000113864848572,8.56660449244e-7,6.21924016286e-7,3.34083722464e-7,2.15154912553e-7,1.49918037096e-7,1.15567004855e-7,7.16892074593e-8,5.92704836322e-8,5.20013614391e-8,4.59584015289e-8],"dvar":[0.0000214759274968,0.00000525331051904,0.0000010321116406,5.70273016365e-7,6.54176517401e-7,4.27614281762e-7,2.63866979822e-7,3.34331502927e-7,1.89069140788e-7,1.65611169223e-7,9.6784191328e-8,4.57414266464e-8,4.63236133896e-8,2.5552127525e-8,2.02351913003e-8,4.5863366438e-9,9.79542003066e-10,2.07548134235e-9,1.54941315333e-9,4.21626233926e-10,4.39773273353e-10,4.09334927065e-10,2.10285636126e-10,1.78447354116e-10,9.9438533796e-11,5.96095742211e-11,2.58816267029e-11,1.3675544204e-11,6.08113212563e-12,3.64470649841e-12,1.83618485e-12,1.29909592198e-12,4.1008551264e-13,1.9391138814e-13,4.69662591424e-14,1.51041085563e-14,4.39108613769e-15,3.17787534162e-15,2.45974238597e-15,1.9237822886e-15],"dvar2":[0.0000496558459417,0.0000139446647154,0.00000270970463134,0.0000012623307839,0.00000129697787088,9.7100109997e-7,6.04290278261e-7,8.58283044636e-7,4.30541689411e-7,3.97573700184e-7,2.42068750822e-7,1.13537105051e-7,1.1698931246e-7,6.71675408626e-8,5.40576330366e-8,1.21825385335e-8,2.50613441111e-9,5.24408516611e-9,3.91291754553e-9,1.05497111047e-9,1.06875797101e-9,9.40737598931e-10,4.66966798562e-10,4.04781402841e-10,2.26975785389e-10,1.34350808256e-10,5.67016815445e-11,2.98843415292e-11,1.32898015509e-11,7.8813986587e-12,4.21897022526e-12,3.06074002948e-12,8.95497651726e-13,4.13226636069e-13,9.19569528488e-14,3.29010229434e-14,1.07842735596e-14,7.95817184802e-15,6.16305704048e-15,4.81967676218e-15],"max":[0.054847612977,0.0426179394126,0.0195510406047,0.0187983624637,0.0319195389748,0.0179839711636,0.0166952498257,0.0115847624838,0.0140873054042,0.0125259645283,0.00744396680966,0.0039772070013,0.00491184694692,0.00326491752639,0.00211398955435,0.00145570957102,0.00061278231442,0.00128359463997,0.000794536259491,0.000370395369828,0.000474696833408,0.000530215154868,0.000276038888842,0.000403167825425,0.000230952355196,0.000128023995785,0.0001159970343,0.0000948015222093,0.0000720208481653,0.000060425081756,0.0000604856577411,0.0000567697134102,0.0000234319286392,0.0000238018201344,0.0000152092816279,0.00000639561903881,0.00000127634041291,9.15895839171e-7,8.05604031484e-7,7.11855534519e-7],"mean":[0.00695627555251,0.00280396919698,0.00119085307233,0.000651798676699,0.00073093327228,0.00064301135717,0.000587036949582,0.000491764047183,0.00028625052073,0.000361471960787,0.000237056257902,0.000184367032489,0.000186920355191,0.000182331845281,0.000165286139236,0.000078311029938,0.0000412843401136,0.0000488870136905,0.0000437201015302,0.0000224741907004,0.0000181181676453,0.0000171807387233,0.0000131863889692,0.00000862347405928,0.00000771986469772,0.00000730232750357,0.00000423056326326,0.00000276422451861,0.00000180055849341,0.00000123105303373,9.39108360853e-7,6.7263499659e-7,3.43377706713e-7,1.96472441871e-7,1.31932438308e-7,9.37824893299e-8,4.44890702056e-8,3.25940341384e-8,2.85785315413e-8,2.52739322804e-8],"median":[0.00365787534975,0.00183762109373,0.000746306555811,0.000321852159686,0.000286192051135,0.000317794998409,0.000272787117865,0.000186373872566,0.0000981664488791,0.000120063661598,0.0000845082322485,0.0000866843474796,0.0000979135365924,0.000101071302197,0.0000932560069486,0.0000500374953845,0.0000289601375698,0.0000295036516036,0.0000270962482318,0.0000135541258715,0.0000105845510916,0.00000969128541328,0.00000749637001718,0.00000452280710306,0.00000382421740142,0.00000358188458449,0.00000209339737012,0.00000126056625049,9.20794775539e-7,6.02175248332e-7,4.47400708481e-7,3.08926161097e-7,1.72796305264e-7,8.99517829112e-8,6.23768841024e-8,4.28620552384e-8,1.91655971093e-8,1.09316049546e-8,9.51148848571e-9,8.38880165333e-9],"min":[1.84523890067e-23,2.54500273926e-24,3.66011422956e-24,3.95179831027e-24,4.29674194058e-24,3.47836698788e-24,1.07306492795e-23,2.23770982279e-23,1.52018939576e-23,2.52369777557e-23,6.37221565512e-24,5.321525899e-24,6.51535209979e-24,1.25526686905e-23,1.65494435109e-23,1.34317879051e-23,7.57386143964e-24,7.44762633986e-24,7.54066617274e-24,2.52992772569e-23,9.9789279457e-24,8.09489696779e-24,9.52540944471e-24,1.27706901232e-23,1.34064907136e-23,1.80606785465e-23,1.92958106876e-23,1.44824954106e-23,1.21447897372e-23,1.15444295119e-23,1.32909241687e-23,8.72350866872e-24,8.83607044243e-24,9.79658511404e-24,1.2115792788e-23,1.17769115538e-23,1.0502032656e-23,9.00756091461e-24,9.66639939885e-24,7.81115237765e-24],"var":[0.0000697624927852,0.00000938708490139,0.00000200414797291,0.00000122378571632,0.0000021569267119,0.00000100882334664,9.927452993e-7,8.08314155165e-7,4.42278974333e-7,4.01168961162e-7,1.87265882801e-7,8.63503828441e-8,8.16977916429e-8,5.61125013121e-8,4.11397387268e-8,8.86797391075e-9,2.00663241579e-9,4.50804460428e-9,3.31791860653e-9,7.82710785074e-10,7.36612271179e-10,6.89177159785e-10,3.8099398636e-10,2.55117788006e-10,1.53989640483e-10,1.11265413549e-10,4.61560858978e-11,2.34215927902e-11,1.05888388335e-11,6.12735296529e-12,2.99583426643e-12,1.95727418648e-12,7.01004521358e-13,3.5742489155e-13,9.59883824443e-14,2.54390743361e-14,5.08413611843e-15,3.32481565269e-15,2.57046377998e-15,2.01040157185e-15]},"melbands_crest":{"dmean":4.07139062881,"dmean2":6.57771873474,"dvar":12.5377883911,"dvar2":31.2672729492,"max":39.5895767212,"mean":18.1472873688,"median":16.8925266266,"min":2.25199198723,"var":60.1430892944},"melbands_flatness_db":{"dmean":0.0384699068964,"dmean2":0.0594498738647,"dvar":0.00128518498968,"dvar2":0.00325528020039,"max":0.731610953808,"mean":0.290347993374,"median":0.277702063322,"min":0.00937367789447,"var":0.0065923682414},"melbands_kurtosis":{"dmean":17.4400119781,"dmean2":30.3598270416,"dvar":18709.0546875,"dvar2":61201.9023438,"max":3724.23022461,"mean":26.2645378113,"median":5.08444023132,"min":-1.84618091583,"var":24825.3242188},"melbands_skewness":{"dmean":0.834423959255,"dmean2":1.31872200966,"dvar":1.71068167686,"dvar2":5.1073846817,"max":41.2394752502,"mean":2.68108344078,"median":2.07666563988,"min":-0.936708986759,"var":8.63697624207},"melbands_spread":{"dmean":4.61120939255,"dmean2":7.09363651276,"dvar":30.8829517365,"dvar2":63.3576164246,"max":116.692771912,"mean":15.9800348282,"median":14.1380081177,"min":0.0328693501651,"var":122.066253662},"mfcc":{"cov":[[5307.31103516,-422.39666748,-1380.20251465,76.09375,-505.387481689,-89.5753326416,-185.418457031,64.2450561523,-127.114204407,-72.8849334717,-27.9113502502,3.37927675247,24.0824127197],[-422.39666748,959.72454834,77.7193069458,-262.130340576,-3.38752484322,-12.2521886826,8.3226442337,-103.974349976,19.1944961548,11.1410541534,22.3936405182,-10.2129011154,-8.43487358093],[-1380.20251465,77.7193069458,949.063659668,-229.212692261,219.414474487,-76.0586471558,45.3311920166,-82.8477859497,36.8523178101,51.4560203552,13.660697937,6.58785247803,-33.1848449707],[76.09375,-262.130340576,-229.212692261,454.003753662,-47.2897872925,49.3729743958,-46.8324394226,63.0730552673,-4.97044563293,-8.54513263702,1.8397809267,5.66574954987,12.3595609665],[-505.387481689,-3.38752484322,219.414474487,-47.2897872925,249.12020874,39.37707901,70.5932998657,-14.9971723557,32.5512161255,1.06280148029,3.85043740273,6.50060892105,-1.10115754604],[-89.5753326416,-12.2521886826,-76.0586471558,49.3729743958,39.37707901,173.80581665,65.9402694702,40.4974479675,-12.1087350845,-18.9082260132,-10.09233284,-3.99780416489,10.6007423401],[-185.418457031,8.3226442337,45.3311920166,-46.8324394226,70.5932998657,65.9402694702,140.524154663,36.3909568787,15.7321138382,-18.0799007416,-5.41561746597,-5.66377782822,-0.664644658566],[64.2450561523,-103.974349976,-82.8477859497,63.0730552673,-14.9971723557,40.4974479675,36.3909568787,116.754699707,24.4582252502,5.27042341232,1.47485768795,11.6000528336,9.28491210938],[-127.114204407,19.1944961548,36.8523178101,-4.97044563293,32.5512161255,-12.1087350845,15.7321138382,24.4582252502,93.8175888062,31.8001098633,21.2932376862,11.8762874603,2.16036391258],[-72.8849334717,11.1410541534,51.4560203552,-8.54513263702,1.06280148029,-18.9082260132,-18.0799007416,5.27042341232,31.8001098633,75.8590774536,30.2369422913,10.6486911774,3.19046592712],[-27.9113502502,22.3936405182,13.660697937,1.8397809267,3.85043740273,-10.09233284,-5.41561746597,1.47485768795,21.2932376862,30.2369422913,68.3037033081,42.7906532288,15.9584360123],[3.37927675247,-10.2129011154,6.58785247803,5.66574954987,6.50060892105,-3.99780416489,-5.66377782822,11.6000528336,11.8762874603,10.6486911774,42.7906532288,76.9688720703,40.868598938],[24.0824127197,-8.43487358093,-33.1848449707,12.3595609665,-1.10115754604,10.6007423401,-0.664644658566,9.28491210938,2.16036391258,3.19046592712,15.9584360123,40.868598938,60.4538955688]],"icov":[[0.000397585739847,0.00023712280381,0.000617357902229,0.000381911784643,0.000246551062446,0.000243896094617,0.000146880600369,0.0000917815923458,0.000187479527085,-0.00000720484331396,0.000027019312256,-0.000247929914622,0.000238904656726],[0.00023712280381,0.00154762051534,0.00045425168355,0.000990005210042,0.000493216619361,-0.000354021147359,0.0000512875012646,0.00130702357274,-0.000607528432738,0.000110245433461,-0.000656069663819,0.000236949388636,0.0000682011668687],[0.000617357902229,0.00045425168355,0.00269380048849,0.00109897390939,-0.000989161082543,0.00111827999353,-0.000222730915993,0.00090336240828,0.000471954175737,-0.00133151933551,0.000646150088869,-0.00133390154224,0.00150076055434],[0.000381911784643,0.000990005210042,0.00109897390939,0.0037026766222,0.0000692368485034,-0.000878311460838,0.00201295595616,-0.000878767692484,-0.000217265682295,0.000608166039456,-0.000902071420569,0.000370718567865,0.000107803658466],[0.000246551062446,0.000493216619361,-0.000989161082543,0.0000692368485034,0.0067500541918,-0.00157076714095,-0.00228322087787,0.00222399644554,-0.00227783247828,0.000618659774773,0.000320127524901,-0.000965922372416,0.0000624129315838],[0.000243896094617,-0.000354021147359,0.00111827999353,-0.000878311460838,-0.00157076714095,0.00901886913925,-0.00356968329288,-0.00191135541536,0.00269597559236,-0.000349695474142,0.000415494025219,0.000647626118734,-0.00133429316338],[0.000146880600369,0.0000512875012646,-0.000222730915993,0.00201295595616,-0.00228322087787,-0.00356968329288,0.0127220982686,-0.00435737334192,-0.00151859060861,0.00412769988179,-0.00212170602754,0.00261231116019,-0.00056118023349],[0.0000917815923458,0.00130702357274,0.00090336240828,-0.000878767692484,0.00222399644554,-0.00191135541536,-0.00435737334192,0.0142885744572,-0.00394664471969,-0.00231502461247,0.00275663309731,-0.00375324557535,0.00102740118746],[0.000187479527085,-0.000607528432738,0.000471954175737,-0.000217265682295,-0.00227783247828,0.00269597559236,-0.00151859060861,-0.00394664471969,0.0154577000067,-0.00520796887577,-0.00179710926022,-0.000287375587504,0.000610386836343],[-0.00000720484331396,0.000110245433461,-0.00133151933551,0.000608166039456,0.000618659774773,-0.000349695474142,0.00412769988179,-0.00231502461247,-0.00520796887577,0.0206093043089,-0.00974734313786,0.00521509489045,-0.00221749860793],[0.000027019312256,-0.000656069663819,0.000646150088869,-0.000902071420569,0.000320127524901,0.000415494025219,-0.00212170602754,0.00275663309731,-0.00179710926022,-0.00974734313786,0.029663875699,-0.0181398279965,0.00493418937549],[-0.000247929914622,0.000236949388636,-0.00133390154224,0.000370718567865,-0.000965922372416,0.000647626118734,0.00261231116019,-0.00375324557535,-0.000287375587504,0.00521509489045,-0.0181398279965,0.0329269468784,-0.0179382096976],[0.000238904656726,0.0000682011668687,0.00150076055434,0.000107803658466,0.0000624129315838,-0.00133429316338,-0.00056118023349,0.00102740118746,0.000610386836343,-0.00221749860793,0.00493418937549,-0.0179382096976,0.0282482486218]],"mean":[-664.935302734,188.773330688,-22.8299350739,28.1458072662,-0.566447019577,15.8978433609,6.4465970993,6.1176071167,1.55372309685,3.25801849365,3.98185682297,4.06713676453,5.87989854813]},"pitch_salience":{"dmean":0.0801873728633,"dmean2":0.129490330815,"dvar":0.00464371172711,"dvar2":0.0115943523124,"max":0.847000956535,"mean":0.515609920025,"median":0.536031663418,"min":0.0225383043289,"var":0.0210420675576},"silence_rate_20dB":{"dmean":0,"dmean2":0,"dvar":0,"dvar2":0,"max":1,"mean":1,"median":1,"min":1,"var":0},"silence_rate_30dB":{"dmean":0.0650639161468,"dmean2":0.130140259862,"dvar":0.0608290284872,"dvar2":0.143348872662,"max":1,"mean":0.901841104031,"median":1,"min":0,"var":0.0885277912021},"silence_rate_60dB":{"dmean":0.00305285258219,"dmean2":0.00610628770664,"dvar":0.00304374843836,"dvar2":0.00702385464683,"max":1,"mean":0.0130687784404,"median":0,"min":0,"var":0.0128958094865},"spectral_centroid":{"dmean":177.471618652,"dmean2":255.171615601,"dvar":56358.9804688,"dvar2":88529.5078125,"max":10725.4628906,"mean":935.91192627,"median":842.934936523,"min":114.009468079,"var":250645.21875},"spectral_complexity":{"dmean":3.64109897614,"dmean2":5.40826272964,"dvar":11.9888153076,"dvar2":23.8460273743,"max":56,"mean":21.521987915,"median":22,"min":0,"var":82.8858795166},"spectral_contrast_coeffs":{"dmean":[0.0538076609373,0.0499309152365,0.0394878163934,0.0304416362196,0.0238943975419,0.0505906865001],"dmean2":[0.0880496650934,0.0821365118027,0.0654616504908,0.0502166412771,0.0391693376005,0.0809427276254],"dvar":[0.00178800523281,0.00153774756473,0.000961360114161,0.000570700329263,0.000423796882387,0.00225668796338],"dvar2":[0.00478257471696,0.00415309797972,0.00258700060658,0.00153453508392,0.00109571788926,0.00545620452613],"max":[-0.379277944565,-0.461495250463,-0.523922502995,-0.605287373066,-0.662401914597,-0.392691046],"mean":[-0.695964634418,-0.746277332306,-0.782937645912,-0.800195217133,-0.817910075188,-0.755148231983],"median":[-0.701199531555,-0.749426364899,-0.785460531712,-0.799156367779,-0.808651447296,-0.7676435709],"min":[-0.958176076412,-0.971984624863,-0.965064108372,-0.988536000252,-0.976744711399,-0.961220622063],"var":[0.00683279568329,0.00486206123605,0.00335833709687,0.00221836892888,0.00194595044013,0.00686793914065]},"spectral_contrast_valleys":{"dmean":[0.383225947618,0.376296460629,0.319234520197,0.296716153622,0.382045120001,0.826598882675],"dmean2":[0.63319849968,0.611321985722,0.515530228615,0.462326407433,0.572663187981,1.35677576065],"dvar":[0.117255210876,0.11895621568,0.0975198000669,0.104669444263,0.184498265386,0.476146191359],"dvar2":[0.271630942822,0.275072336197,0.220957890153,0.233184412122,0.421495676041,1.24238586426],"max":[-4.89566278458,-4.32380771637,-4.85911369324,-5.67884922028,-5.66864013672,-8.85396385193],"mean":[-6.53813171387,-6.23431634903,-6.62928152084,-7.17887496948,-7.68764734268,-11.2298173904],"median":[-6.45407962799,-6.13201379776,-6.48464298248,-6.97665786743,-7.45832777023,-11.1493015289],"min":[-27.2573204041,-26.9282608032,-27.502117157,-27.1850605011,-27.2859230042,-27.2279891968],"var":[0.416589617729,0.613485634327,0.695586025715,0.709093093872,0.860816895962,0.934922933578]},"spectral_decrease":{"dmean":4.36662084269e-9,"dmean2":6.83565826165e-9,"dvar":2.13792786792e-17,"dvar2":5.1045692795e-17,"max":-1.46340161821e-28,"mean":-1.3965377299e-8,"median":-1.21032206479e-8,"min":-6.19105975375e-8,"var":8.57819183919e-17},"spectral_energy":{"dmean":0.0168278161436,"dmean2":0.0263334661722,"dvar":0.000311310694087,"dvar2":0.000743625801988,"max":0.239141404629,"mean":0.0557112880051,"median":0.0489683374763,"min":1.09024795803e-20,"var":0.00127685209736},"spectral_energyband_high":{"dmean":0.000106697683805,"dmean2":0.00015022502339,"dvar":3.61919916259e-8,"dvar2":6.79922322888e-8,"max":0.00460021244362,"mean":0.00022116213222,"median":0.000137902839924,"min":7.70340702891e-21,"var":9.26393184386e-8},"spectral_energyband_low":{"dmean":0.0136971184984,"dmean2":0.0216463878751,"dvar":0.000256492377957,"dvar2":0.00060563365696,"max":0.18748138845,"mean":0.030628181994,"median":0.0209777653217,"min":6.65726596783e-23,"var":0.000885117216967},"spectral_energyband_middle_high":{"dmean":0.00221594120376,"dmean2":0.00340577587485,"dvar":0.0000077082131611,"dvar2":0.0000187423174793,"max":0.0461854189634,"mean":0.00713576190174,"median":0.00583907915279,"min":1.95778565446e-21,"var":0.0000374515584554},"spectral_energyband_middle_low":{"dmean":0.0057836342603,"dmean2":0.00879230629653,"dvar":0.0000487488214276,"dvar2":0.00011181778973,"max":0.140457078815,"mean":0.016394039616,"median":0.0122420825064,"min":3.7043406118e-22,"var":0.000214558982407},"spectral_entropy":{"dmean":0.205879092216,"dmean2":0.316938966513,"dvar":0.0506029240787,"dvar2":0.126839056611,"max":9.79263877869,"mean":7.28148698807,"median":7.36899232864,"min":5.22428131104,"var":0.172987192869},"spectral_flux":{"dmean":0.0267992336303,"dmean2":0.0439850576222,"dvar":0.000606650428381,"dvar2":0.00159036321566,"max":0.362728655338,"mean":0.112945154309,"median":0.111722066998,"min":1.0441494197e-10,"var":0.00189379358198},"spectral_kurtosis":{"dmean":5.71668386459,"dmean2":9.25335025787,"dvar":89.7279281616,"dvar2":244.869384766,"max":210.425186157,"mean":17.5062294006,"median":14.706577301,"min":-1.20041763783,"var":119.520988464},"spectral_rms":{"dmean":0.00109162332956,"dmean2":0.00169286667369,"dvar":9.60230408964e-7,"dvar2":0.00000226690622185,"max":0.0152744455263,"mean":0.00696961814538,"median":0.00691187288612,"min":3.26137489411e-12,"var":0.00000577672926738},"spectral_rolloff":{"dmean":264.703491211,"dmean2":439.462585449,"dvar":412153.21875,"dvar2":1090660,"max":22028.4667969,"mean":827.622619629,"median":710.595703125,"min":43.06640625,"var":728816.5625},"spectral_skewness":{"dmean":0.421395152807,"dmean2":0.650473415852,"dvar":0.303866505623,"dvar2":0.785970032215,"max":10.770907402,"mean":2.71613430977,"median":2.53333187103,"min":0.00470176991075,"var":0.746844470501},"spectral_spread":{"dmean":536829,"dmean2":861330.9375,"dvar":411833630720,"dvar2":880936353792,"max":40152808,"mean":2931880.75,"median":2848113.25,"min":664720.9375,"var":821990719488},"spectral_strongpeak":{"dmean":0.402495622635,"dmean2":0.698605358601,"dvar":0.447329074144,"dvar2":1.15400123596,"max":6.94169902802,"mean":0.569188117981,"median":0.290383905172,"min":0,"var":0.659384310246},"zerocrossingrate":{"dmean":0.0135649209842,"dmean2":0.0177470967174,"dvar":0.000150768362801,"dvar2":0.0002447887382,"max":0.49658203125,"mean":0.0733135938644,"median":0.06982421875,"min":0.0009765625,"var":0.000960799632594}},"metadata":{"audio_properties":{"analysis_sample_rate":44100,"bit_rate":192000,"codec":"mp3","downmix":"mix","equal_loudness":0,"length":243.382858276,"lossless":false,"md5_encoded":"19f601f5161d85aec6a6e56e7d84c7b1","replay_gain":-6.52895355225,"sample_rate":44100},"tags":{"acoustid_id":["7ce4e991-9c16-4f8b-947d-b3cf00e55644"],"album":["Now That's What I Call Music! 58"],"albumartist":["Various Artists"],"albumartistsort":["Various Artists"],"artist":["Franz Ferdinand"],"artistsort":["Franz Ferdinand"],"asin":["B0002I9AGK"],"barcode":["0724386463722"],"catalognumber":["CDNOW58"],"date":["2004"],"discnumber":["1/2"],"file_name":"10_-_Franz_Ferdinand_-_Matinee_[mp3.elizov.com].mp3","genre":["Rock"],"isrc":["GBCEL0300193"],"label":["NOW"],"media":["CD"],"musicbrainz album release country":["GB"],"musicbrainz album status":["official"],"musicbrainz album type":["album/compilation"],"musicbrainz_albumartistid":["89ad4ac3-39f7-470e-963a-56509c546377"],"musicbrainz_albumid":["f6f45377-31b9-447d-b205-73eb1d8e7395"],"musicbrainz_artistid":["aa7a2827-f74b-473c-bd79-03d065835cf7"],"musicbrainz_recordingid":["27647d50-aa34-43d8-a9a8-e936b95b7f3a"],"musicbrainz_releasegroupid":["d81ce25d-ef35-338f-880f-0c8235bc251f"],"originaldate":["2004"],"script":["Latn"],"title":["Matinée"],"tracknumber":["17/20"],"url":["http://mp3.elizov.com/"]},"version":{"essentia":"2.1-beta1","essentia_build_sha":"ca57ba49d9b1854bd80e60cf9ccf267278fb7d6b","essentia_git_sha":"v2.1_beta1-28-g21ef5f4-dirty","extractor":"music 1.0"}},"rhythm":{"beats_count":484,"beats_loudness":{"dmean":0.0236521847546,"dmean2":0.0402114763856,"dvar":0.00046022242168,"dvar2":0.00131501082797,"max":0.171014919877,"mean":0.0623038746417,"median":0.0576607584953,"min":0.00104517908767,"var":0.000974682159722},"beats_loudness_band_ratio":{"dmean":[0.170011878014,0.101918920875,0.10401622206,0.0734620168805,0.0273087210953,0.0111674638465],"dmean2":[0.287787169218,0.17629660666,0.182612746954,0.131274208426,0.0496806278825,0.020252270624],"dvar":[0.0196011383086,0.013842379