{"lowlevel":{"average_loudness":0.938468337059,"barkbands":{"dmean":[0.0000617337427684,0.00270739942789,0.00161284790374,0.00198461301625,0.000928610737901,0.000429319421528,0.000273128796834,0.000151604675921,0.000232194230193,0.0000977331292233,0.0000696646238794,0.000106604929897,0.0000801544374553,0.00014005372941,0.000135834154207,0.000296920305118,0.000562295899726,0.000484135031002,0.000489925441798,0.000449917308288,0.000304123328533,0.000260626111412,0.000161975040101,0.0000664655744913,0.0000257499996223,0.00000645329009785,9.89282284536e-7],"dmean2":[0.0000920856546145,0.00428823614493,0.0028559663333,0.00315115228295,0.00154946057592,0.00069401942892,0.000441766052973,0.00024374986242,0.000373120885342,0.000156801164849,0.000112640700536,0.000173225576873,0.000131578519358,0.000224816976697,0.00022399223235,0.000479664769955,0.000915553770028,0.000790086516645,0.000791196594946,0.000713538494892,0.000479221605929,0.000404609134421,0.000245713832555,0.0000978909010882,0.000037069155951,0.00000862161505211,0.00000136570395171],"dvar":[1.05830819663e-8,0.0000243138929363,0.00000923949846765,0.0000164373632288,0.00000301256432067,7.67658605128e-7,4.35806867927e-7,1.78774328674e-7,2.22442949394e-7,8.55741717487e-8,8.52675654528e-8,1.26324110283e-7,5.55797861068e-8,8.09704303606e-8,3.98194153206e-8,2.70333998742e-7,9.57164843385e-7,4.60213811948e-7,9.62922285908e-7,9.52193204284e-7,9.77472836894e-7,0.00000119898186313,4.46174311719e-7,7.93422927359e-8,1.3989610359e-8,7.62989615932e-10,9.89426336001e-12],"dvar2":[2.25700400591e-8,0.0000548477946722,0.0000259828939306,0.0000360656122211,0.00000791194725025,0.00000198670204554,0.00000101304601685,4.51783137123e-7,5.79797017508e-7,2.01364017016e-7,2.10403015899e-7,3.21789059399e-7,1.57193866812e-7,1.90184692883e-7,1.03074484059e-7,6.58209501125e-7,0.00000238056645685,0.00000112972884381,0.00000235159018303,0.00000220190713662,0.00000221442473958,0.00000271070712188,9.19139097277e-7,1.58244233717e-7,2.58126195973e-8,1.52526169472e-9,2.39872739727e-11],"max":[0.0012464945903,0.0466025322676,0.0385117009282,0.0555158592761,0.0300237108022,0.0127495136112,0.0129807125777,0.00797793921083,0.0104614589363,0.00722642149776,0.00952361151576,0.00967899896204,0.00471815932542,0.00741811189801,0.00385273783468,0.0135182794183,0.0238832347095,0.0118993297219,0.0302211716771,0.0231965519488,0.0235130172223,0.0248157829046,0.0168283525854,0.00661215977743,0.00358554022387,0.00130225624889,0.000104633101728],"mean":[0.0000831213619676,0.00347588118166,0.00187582813669,0.00228746258654,0.00125994137488,0.000628434470855,0.000378928030841,0.000230197227211,0.000406135892263,0.000150489562657,0.0000932313705562,0.000155312940478,0.000116540351883,0.000233262369875,0.000258577347267,0.000592483731452,0.00117166829295,0.00109514116775,0.00109282764606,0.00095934048295,0.00055584218353,0.000397065799916,0.000246539100772,0.000105547762359,0.0000404381753469,0.0000114834156193,0.00000180095389624],"median":[0.0000433000350313,0.00177035375964,0.00109245721251,0.000846708775498,0.000674410548527,0.000267587776762,0.000120835684356,0.000104446815385,0.000220524641918,0.0000581093918299,0.0000287633647531,0.0000591677817283,0.0000432285742136,0.000112252178951,0.000188220321434,0.000378223718144,0.000747552607208,0.000767894496676,0.000769138219766,0.000589980860241,0.000281759857899,0.0000730684914743,0.0000273261521215,0.0000128516148834,0.00000643336170469,0.00000324974803334,5.19926288689e-7],"min":[7.47955016019e-25,4.77132578876e-24,2.96548315389e-24,2.96939827057e-24,7.96474438476e-24,8.50364445697e-24,5.60077989844e-24,8.96039018792e-24,2.66003423924e-23,2.16257618582e-23,2.39876839837e-23,3.0550746391e-23,2.61267339707e-23,2.6051677011e-23,5.3767913641e-23,5.53798720147e-23,4.34827451587e-23,1.19938008133e-22,1.41437030021e-22,1.70432527671e-22,2.37869406559e-22,3.12929458582e-22,4.19938225805e-22,6.07772974557e-22,8.97386658276e-22,1.46373860405e-21,1.96596900719e-21],"var":[1.48851766468e-8,0.0000286871509161,0.00000770280257711,0.0000205427095352,0.00000342025555256,0.00000109357597466,8.5028398189e-7,2.50968582804e-7,3.57842282028e-7,1.41690421174e-7,1.02153599357e-7,1.71226460566e-7,8.27415931326e-8,1.53783048518e-7,6.63908465981e-8,5.49006131223e-7,0.00000185815304121,0.00000105716151211,0.00000171877252342,0.00000184846658158,0.00000137206939144,0.00000175231002686,9.28126439703e-7,1.54755994686e-7,2.7095898858e-8,1.15494636077e-9,1.32495854566e-11]},"barkbands_crest":{"dmean":2.91267037392,"dmean2":4.64314746857,"dvar":7.86544132233,"dvar2":17.3297023773,"max":26.7590007782,"mean":8.3057012558,"median":7.20676231384,"min":2.42748522758,"var":15.4947519302},"barkbands_flatness_db":{"dmean":0.0188474953175,"dmean2":0.0296764373779,"dvar":0.000344804459019,"dvar2":0.000785626180004,"max":0.456408441067,"mean":0.121400356293,"median":0.112058743834,"min":0.0419777072966,"var":0.00178967835382},"barkbands_kurtosis":{"dmean":2.03933596611,"dmean2":3.35175681114,"dvar":400.227233887,"dvar2":845.358764648,"max":1516.48034668,"mean":1.12147414684,"median":-0.942825317383,"min":-1.93765389919,"var":882.598876953},"barkbands_skewness":{"dmean":0.5956184268,"dmean2":0.882003307343,"dvar":0.454658359289,"dvar2":0.849812030792,"max":6.69043827057,"mean":0.379307538271,"median":0.397351115942,"min":-33.6210594177,"var":2.18052506447},"barkbands_spread":{"dmean":7.79315376282,"dmean2":12.460310936,"dvar":63.8106307983,"dvar2":146.769241333,"max":142.84588623,"mean":39.9797096252,"median":42.0275421143,"min":0.164648115635,"var":231.572280884},"dissonance":{"dmean":0.00521431630477,"dmean2":0.00889851897955,"dvar":0.0000242576752498,"dvar2":0.0000675383416819,"max":0.500000059605,"mean":0.490391582251,"median":0.491731375456,"min":0.437929689884,"var":0.0000442458986072},"dynamic_complexity":2.21374464035,"erbbands":{"dmean":[0.0763075202703,0.654112100601,1.67936336994,4.31362771988,4.59583902359,3.17982673645,2.59539055824,4.07720279694,3.95789790154,3.96208405495,3.07474803925,4.68985939026,4.28785133362,2.83565068245,3.30092382431,3.79658150673,3.48290085793,4.9927148819,7.22910261154,7.87126588821,19.6939907074,30.6711845398,26.7259025574,21.1369037628,26.0488033295,20.8314533234,13.4840040207,11.6715202332,9.35867404938,7.56163978577,4.16710758209,1.87920999527,0.914077222347,0.401562422514,0.130466833711,0.0357191339135,0.0111776869744,0.00210885051638,0.000169925915543,0.0000132399927679],"dmean2":[0.116605572402,1.06557404995,2.91866159439,7.12106847763,7.24858760834,5.21841621399,4.25856351852,6.55802822113,6.39707183838,6.23358440399,4.89354467392,7.47535085678,6.79601144791,4.5124797821,5.28719949722,6.16105270386,5.70162057877,7.97941875458,11.8772754669,12.8703174591,31.8952121735,49.8461303711,43.4938468933,34.4266777039,41.8635139465,32.6449508667,21.0761699677,18.4657249451,14.5614566803,11.6144981384,6.2562251091,2.79719924927,1.3487496376,0.569884479046,0.189823463559,0.0499953813851,0.0153711885214,0.00294805504382,0.000230164048844,0.0000185435055755],"dvar":[0.0193557646126,1.44873130322,9.73507881165,59.3778114319,88.0556411743,35.1224441528,29.5459423065,79.7000427246,84.6556015015,129.172012329,49.8546180725,107.406440735,87.5358963013,112.323204041,155.050643921,125.201293945,115.997093201,103.189369202,194.020355225,102.907539368,1238.40808105,2853.45507812,1400.05834961,1309.28259277,3128.24902344,2152.72949219,1465.93493652,1856.05371094,1534.421875,949.158081055,299.045288086,63.1735572815,15.3440895081,3.14551067352,0.448410838842,0.0353363677859,0.00178567948751,0.0000545319526282,2.72882715535e-7,6.77067457655e-10],"dvar2":[0.0419575124979,3.4239397049,26.9583587646,138.893783569,201.644760132,87.8422775269,79.3703613281,204.525238037,210.860733032,301.076965332,125.287223816,280.029968262,208.362731934,287.448852539,361.849639893,310.467712402,333.900360107,243.249923706,495.558807373,271.613677979,3044.96655273,7088.109375,3483.34057617,3340.87695312,7500.515625,4840.44482422,3415.73925781,4209.4609375,3436.29956055,2039.84436035,614.936645508,130.647369385,30.2939338684,5.74369335175,0.877470016479,0.0695067122579,0.00385957048275,0.000132120010676,6.53291579056e-7,1.5175685153e-9],"max":[1.33486092091,12.4138441086,30.5060825348,101.44039917,118.795783997,121.411323547,125.731735229,137.895294189,210.314956665,272.756896973,149.777694702,277.81552124,198.983566284,374.528381348,342.159973145,291.532653809,236.55897522,204.4112854,367.797668457,198.245544434,886.014038086,1314.93786621,722.474243164,802.979492188,1863.63793945,1234.29956055,953.270446777,1092.74401855,839.608154297,613.063964844,401.454803467,203.69480896,121.707458496,58.5288047791,21.7345523834,8.2659034729,1.86347234249,0.223265722394,0.0160943400115,0.000797838962171],"mean":[0.0932053998113,0.799995303154,2.10320281982,5.27362442017,5.71064662933,4.30907011032,3.644998312,5.96994256973,5.66391801834,5.69919681549,5.66113471985,8.27861022949,7.03270673752,4.31735706329,4.91030406952,5.85087299347,5.54376554489,8.83443164825,14.0317707062,17.5923690796,43.0276031494,67.3957061768,63.2405700684,51.5039253235,57.2011413574,44.8578109741,27.1858291626,19.5783538818,14.3886795044,11.2474994659,6.35374641418,2.93396639824,1.43480956554,0.625407874584,0.202698424459,0.060107473284,0.019843108952,0.00368521176279,0.000327069312334,0.0000374803857994],"median":[0.0417295992374,0.411023139954,1.31224226952,2.68980264664,2.24240279198,2.13157749176,1.8370167017,2.3358464241,2.14177799225,2.03003358841,3.06346678734,4.54358482361,3.11013913155,1.71900117397,1.60553824902,2.45305323601,2.38110041618,4.29130935669,8.126039505,14.2434396744,26.7354660034,44.1687965393,44.7056808472,38.7487182617,38.1508674622,28.2916412354,15.6135234833,8.11336803436,3.00384950638,1.43963181973,0.697011649609,0.366623461246,0.183350816369,0.0905766710639,0.0363751761615,0.0149356788024,0.0058091362007,0.00105678616092,0.000104479950096,0.0000281190532405],"min":[1.69516729579e-22,1.15383334788e-21,4.18383793692e-21,1.25349221348e-20,3.87729796895e-20,2.18370221029e-20,6.95461341162e-20,1.13806028991e-19,8.80283733798e-20,1.82982768803e-19,3.12845084342e-19,5.93731218536e-19,5.4687081645e-19,6.26230059129e-19,1.03098654175e-18,1.57912687365e-18,1.59140636984e-18,2.1144097169e-18,2.29976579612e-18,2.64882753602e-18,5.25292486682e-18,4.09099253218e-18,5.70750486759e-18,6.54852545256e-18,7.19060910021e-18,8.75707328625e-18,8.27346544984e-18,9.15927993293e-18,1.11028797485e-17,1.22871881459e-17,1.0732261475e-17,1.3539941603e-17,1.00986221006e-17,8.67858129074e-18,6.93695416537e-18,4.57207043668e-18,2.65247788406e-18,1.00348413055e-18,2.47367095564e-19,2.7670212541e-20],"var":[0.0239164214581,1.55690693855,8.4062204361,70.2051925659,111.149551392,48.8283729553,32.5877418518,118.04535675,156.86114502,216.141372681,78.557762146,169.16078186,156.116455078,146.120132446,216.630081177,179.516601562,179.324279785,191.390472412,372.32989502,193.141555786,2690.78955078,5682.41894531,3406.08251953,2342.26855469,5704.09423828,4216.62646484,2139.95166016,2505.609375,2246.94091797,1689.52844238,620.797119141,115.43006897,31.1693820953,6.40230751038,0.734337210655,0.0521884523332,0.002546495758,0.0000678450669511,3.81723566534e-7,1.29952315575e-9]},"erbbands_crest":{"dmean":1.95942986012,"dmean2":3.2561879158,"dvar":3.55039858818,"dvar2":8.87400150299,"max":27.9564800262,"mean":7.82974863052,"median":7.19559574127,"min":2.43509626389,"var":8.86691379547},"erbbands_flatness_db":{"dmean":0.0150532200933,"dmean2":0.0219820830971,"dvar":0.000229608122027,"dvar2":0.000412171066273,"max":0.499512314796,"mean":0.179001048207,"median":0.164230361581,"min":0.013792575337,"var":0.00343286595307},"erbbands_kurtosis":{"dmean":1.68275082111,"dmean2":2.60992240906,"dvar":5.15251731873,"dvar2":11.9642324448,"max":97.2024459839,"mean":2.49533104897,"median":1.78505373001,"min":-1.86963677406,"var":12.536734581},"erbbands_skewness":{"dmean":0.361038535833,"dmean2":0.554157316685,"dvar":0.109324559569,"dvar2":0.245999291539,"max":1.48056018353,"mean":-1.3724540472,"median":-1.40015077591,"min":-4.90704202652,"var":0.427099198103},"erbbands_spread":{"dmean":8.90240764618,"dmean2":13.6670656204,"dvar":96.6066436768,"dvar2":201.241821289,"max":176.982513428,"mean":34.1204338074,"median":30.8265361786,"min":0.47442933917,"var":360.086853027},"gfcc":{"cov":[[12799.6923828,-364.584838867,130.953048706,722.880981445,-672.146606445,749.316894531,-471.46975708,346.72744751,-368.693817139,178.561157227,-169.446640015,168.587234497,-273.136749268],[-364.584838867,970.360839844,-576.006591797,14.0138692856,174.363861084,-296.222198486,156.292770386,-64.8556594849,77.4716339111,-66.7641372681,-0.717098534107,-85.9539413452,82.4181594849],[130.953048706,-576.006591797,1800.35180664,191.290466309,68.3502044678,573.345031738,-180.083526611,210.465316772,-139.625198364,123.574180603,-39.5008773804,170.306137085,-157.88885498],[722.880981445,14.0138692856,191.290466309,290.522186279,15.3731517792,134.617385864,-21.1711521149,8.68383693695,3.6580016613,2.85088920593,-8.7378988266,-0.577658772469,-3.64957475662],[-672.146606445,174.363861084,68.3502044678,15.3731517792,306.563415527,-17.3144683838,79.703086853,54.3287582397,1.8436371088,31.2862129211,-3.97707390785,-8.80175590515,8.96999549866],[749.316894531,-296.222198486,573.345031738,134.617385864,-17.3144683838,360.494049072,-36.7162704468,101.246841431,-60.8343353271,42.2731742859,2.38142633438,60.4927902222,-63.9071044922],[-471.46975708,156.292770386,-180.083526611,-21.1711521149,79.703086853,-36.7162704468,171.19619751,28.8331356049,43.7831230164,-7.02370977402,3.04903292656,-16.8068370819,27.5612220764],[346.72744751,-64.8556594849,210.465316772,8.68383693695,54.3287582397,101.246841431,28.8331356049,151.42048645,0.157002240419,46.9321136475,-17.7073822021,26.1943054199,-26.9969749451],[-368.693817139,77.4716339111,-139.625198364,3.6580016613,1.8436371088,-60.8343353271,43.7831230164,0.157002240419,102.567306519,9.0773935318,2.30239009857,-26.8249778748,23.020647049],[178.561157227,-66.7641372681,123.574180603,2.85088920593,31.2862129211,42.2731742859,-7.02370977402,46.9321136475,9.0773935318,83.9396743774,15.6640148163,27.5156764984,-21.6685752869],[-169.446640015,-0.717098534107,-39.5008773804,-8.7378988266,-3.97707390785,2.38142633438,3.04903292656,-17.7073822021,2.30239009857,15.6640148163,82.4146881104,23.3028945923,10.384016037],[168.587234497,-85.9539413452,170.306137085,-0.577658772469,-8.80175590515,60.4927902222,-16.8068370819,26.1943054199,-26.8249778748,27.5156764984,23.3028945923,80.3649215698,-2.96840572357],[-273.136749268,82.4181594849,-157.88885498,-3.64957475662,8.96999549866,-63.9071044922,27.5612220764,-26.9969749451,23.020647049,-21.6685752869,10.384016037,-2.96840572357,68.1944351196]],"icov":[[0.000467892998131,-0.000489975267556,0.00106636807323,-0.00118617666885,0.00106956867967,-0.00111861247569,0.00136497092899,-0.00150313379709,0.00178205396514,-0.00154301989824,0.00152344244998,-0.00131531967781,0.00115486909635],[-0.000489975267556,0.00247055594809,-0.00105779850855,0.00029981759144,-0.00190163950901,0.00280971964821,-0.00246890517883,0.0013728645863,-0.00181944051292,0.00260769785382,-0.00202234880999,0.00167140504345,-0.00113337754738],[0.00106636807323,-0.00105779850855,0.00421419041231,-0.00269960844889,0.00144097197335,-0.00461313640699,0.0046168519184,-0.00362556544133,0.00362953729928,-0.00349566503428,0.00473602954298,-0.00535583589226,0.00405790610239],[-0.00118617666885,0.00029981759144,-0.00269960844889,0.00835118442774,-0.00317109143361,-0.000913781113923,-0.00201031682082,0.00525378622115,-0.00625690212473,0.0036746438127,-0.00288071017712,0.00411762064323,-0.00456590950489],[0.00106956867967,-0.00190163950901,0.00144097197335,-0.00317109143361,0.00774375442415,-0.00106440740637,0.000587371352594,-0.00470394780859,0.00646629510447,-0.00628827698529,0.00295844371431,-0.000559024512768,0.000977301271632],[-0.00111861247569,0.00280971964821,-0.00461313640699,-0.000913781113923,-0.00106440740637,0.0128624560311,-0.00629500485957,0.000214169704122,-0.0011306272354,0.00459021702409,-0.0065625323914,0.00386159354821,-0.000775347172748],[0.00136497092899,-0.00246890517883,0.0046168519184,-0.00201031682082,0.000587371352594,-0.00629500485957,0.0145145691931,-0.00662665441632,0.00138488702942,-0.00238914648071,0.0046397196129,-0.00528049888089,0.00240359595045],[-0.00150313379709,0.0013728645863,-0.00362556544133,0.00525378622115,-0.00470394780859,0.000214169704122,-0.00662665441632,0.0170846916735,-0.00741589860991,0.000532656267751,-0.000751348154154,0.00217389594764,-0.00264979968779],[0.00178205396514,-0.00181944051292,0.00362953729928,-0.00625690212473,0.00646629510447,-0.0011306272354,0.00138488702942,-0.00741589860991,0.0224726870656,-0.0115472823381,0.00471892487258,0.000934059266001,0.0000662276434014],[-0.00154301989824,0.00260769785382,-0.00349566503428,0.0036746438127,-0.00628827698529,0.00459021702409,-0.00238914648071,0.000532656267751,-0.0115472823381,0.0258789472282,-0.0092164138332,-0.00130540935788,0.00254423497245],[0.00152344244998,-0.00202234880999,0.00473602954298,-0.00288071017712,0.00295844371431,-0.0065625323914,0.0046397196129,-0.000751348154154,0.00471892487258,-0.0092164138332,0.0214517451823,-0.0103375464678,0.0024073603563],[-0.00131531967781,0.00167140504345,-0.00535583589226,0.00411762064323,-0.000559024512768,0.00386159354821,-0.00528049888089,0.00217389594764,0.000934059266001,-0.00130540935788,-0.0103375464678,0.0269474200904,-0.0107640018687],[0.00115486909635,-0.00113337754738,0.00405790610239,-0.00456590950489,0.000977301271632,-0.000775347172748,0.00240359595045,-0.00264979968779,0.0000662276434014,0.00254423497245,0.0024073603563,-0.0107640018687,0.0268854591995]],"mean":[-17.1920719147,76.3438110352,-140.486801147,72.0888900757,-40.2711181641,-10.8509225845,-27.4259033203,10.4885559082,-17.0970211029,-2.69745874405,-19.2682819366,-4.23767328262,-10.2462892532]},"hfc":{"dmean":8.06950473785,"dmean2":12.0195684433,"dvar":299.892730713,"dvar2":616.692749023,"max":282.976928711,"mean":26.4597682953,"median":20.2564868927,"min":1.09047736314e-16,"var":716.806884766},"melbands":{"dmean":[0.00072029378498,0.000809554825537,0.000766451586969,0.000248477328569,0.0000974830181804,0.0000872384262038,0.0000614651435171,0.0000413659254264,0.0000262699559244,0.0000315820871037,0.0000218042296183,0.0000119917121992,0.0000104014379758,0.0000133208350235,0.00000824538437882,0.00000779600031819,0.0000103044603748,0.0000137146507768,0.00000950594221649,0.0000143162124004,0.0000265722483164,0.0000363423823728,0.0000276277514786,0.0000273277109955,0.0000185071694432,0.0000208991277759,0.000019606335627,0.0000143532715811,0.00000971064309851,0.0000079855471995,0.00000674370539855,0.00000564830543226,0.00000513781833433,0.00000406197978009,0.00000268748681265,0.00000164633968325,9.97654524326e-7,7.07353251528e-7,4.81225242766e-7,3.12493597221e-7],"dmean2":[0.00111923285294,0.00134460395202,0.00123366969638,0.000398968753871,0.000158753697178,0.000140202013426,0.0000990785338217,0.0000651922164252,0.0000415446993429,0.0000508893099322,0.0000346076158166,0.0000192151801457,0.0000166821882885,0.0000216606294998,0.0000136849366754,0.000012605349184,0.000016488642359,0.0000224854866246,0.0000156263395183,0.0000231509129662,0.000043211504817,0.0000593192744418,0.0000450740626547,0.0000447499842267,0.0000305127396132,0.0000336276898452,0.0000317412850563,0.0000229087108892,0.0000153043474711,0.0000128028286781,0.0000107156765807,0.00000892052412382,0.00000807067772257,0.00000633446597931,0.0000041174071157,0.00000253468874689,0.00000150941355059,0.00000106402546862,7.0476937708e-7,4.54654042414e-7],"dvar":[0.00000173973853634,0.00000201732723326,0.0000020193463115,2.19235772647e-7,3.32724354735e-8,3.49006725742e-8,1.9333514345e-8,1.37159315017e-8,3.22805737696e-9,4.68298999579e-9,2.30363039755e-9,1.94823379651e-9,1.69474212441e-9,2.36316410884e-9,5.52389578523e-10,4.2454656457e-10,4.38537428593e-10,7.88846210575e-10,1.79482068097e-10,4.22567675296e-10,2.15963114059e-9,4.50743620206e-9,2.21360618724e-9,1.63212854343e-9,1.06143860368e-9,2.2815764833e-9,2.06373806932e-9,1.09161191197e-9,6.68465172105e-10,5.8282473292e-10,7.40461469917e-10,5.75472225428e-10,4.51966297721e-10,2.86178525322e-10,1.31865629527e-10,4.4281422279e-11,1.85665840341e-11,1.0105175377e-11,4.0245575969e-12,2.26328916546e-12],"dvar2":[0.00000384066152037,0.00000516888576385,0.00000451686173619,5.38466622402e-7,8.6886316808e-8,9.00000145521e-8,4.75270347522e-8,3.28593792176e-8,8.10729616774e-9,1.23247723138e-8,5.47766809689e-9,4.98996888254e-9,4.02064470606e-9,5.99322724781e-9,1.64440361328e-9,1.11324516272e-9,1.01273256448e-9,1.99060501416e-9,4.75736394723e-10,1.05105191217e-9,5.35558042358e-9,1.08893010164e-8,5.62297408635e-9,3.98361521547e-9,2.75009304218e-9,5.56366108739e-9,5.23276133535e-9,2.4789115205e-9,1.55174650907e-9,1.37149569479e-9,1.72807468335e-9,1.3383216757e-9,1.00321984053e-9,6.2950838986e-10,2.81520529111e-10,9.32963428735e-11,3.91336199557e-11,2.11599921612e-11,7.93102389318e-12,4.32874092474e-12],"max":[0.0122003853321,0.0130976988003,0.0185102894902,0.0078858602792,0.00357743096538,0.00291574676521,0.00311591103673,0.00279007013887,0.00143849663436,0.00167167314794,0.00100767845288,0.00149830593728,0.00125391141046,0.0012734279735,0.000518338638358,0.000361369748134,0.000512600177899,0.000792292237747,0.000386700878153,0.000509494217113,0.000995674054138,0.00165642471984,0.00115540763363,0.00079761701636,0.000693486188538,0.00168337358627,0.00122830958571,0.000855441438034,0.000618507270701,0.00048836361384,0.00082504627062,0.000600953295361,0.000436041533248,0.000420338852564,0.000276634120382,0.000146961654536,0.000108027801616,0.000105227947643,0.000063809020503,0.0000601683896093],"mean":[0.000902693136595,0.00110881379806,0.000969004526269,0.000337467965437,0.000142016579048,0.000127902880195,0.0000884797191247,0.0000595682176936,0.0000493067054776,0.0000540493601875,0.0000346372617059,0.0000172901563928,0.0000145883668665,0.0000188499652722,0.0000124220214275,0.0000117214594866,0.0000171546453203,0.0000241542038566,0.0000184437067219,0.0000299565726891,0.0000536337211088,0.0000724560013623,0.0000576373313379,0.0000559235595574,0.0000389512570109,0.0000429005376645,0.0000383400947612,0.0000279747418972,0.0000181124360097,0.0000134398515002,0.0000103743950604,0.00000812799225969,0.0000074628233051,0.00000575686362936,0.00000393374557461,0.000002423433898,0.00000151413212279,0.00000105321328192,7.33546528409e-7,4.61634755311e-7],"median":[0.000425174861448,0.000700280477758,0.000471013219794,0.000160627794685,0.0000754666034481,0.0000512147635163,0.000033040461858,0.0000223105689656,0.0000264774789684,0.0000288341634587,0.0000148316421473,0.00000644880674372,0.00000453631764685,0.00000651033951726,0.00000557007888347,0.00000438075448983,0.00000785792872193,0.0000123884783534,0.0000144383329825,0.0000221621467063,0.0000323448293784,0.0000458327704109,0.0000375394301955,0.0000379524244636,0.0000280556541838,0.0000281111388176,0.0000238277043536,0.0000164368684636,0.00000985339556792,0.00000683351436237,0.00000353472978531,0.00000169850852672,0.00000106835909719,6.41993551653e-7,3.90308429132e-7,2.83237767462e-7,1.85360164551e-7,1.27159310637e-7,9.52419796363e-8,6.73970532716e-8],"min":[1.34446727647e-24,3.1051760235e-24,3.4130256391e-24,2.67446723836e-24,2.33517855746e-24,2.835718296e-24,1.28780793359e-24,1.9367542993e-24,2.32521248321e-24,3.60432322533e-24,2.31863397491e-24,2.60989700112e-24,3.16602007626e-24,3.98214736702e-24,3.73476334816e-24,3.10549314558e-24,3.28364870355e-24,2.87461761888e-24,4.27006503135e-24,2.93727762944e-24,5.73225106247e-24,2.79213274491e-24,4.39893571541e-24,5.57758896555e-24,4.58047233122e-24,4.78459719019e-24,5.7477825504e-24,5.11948836598e-24,4.16592474224e-24,3.79015913307e-24,5.4762006177e-24,6.53036451725e-24,5.31424865715e-24,5.79753719099e-24,5.1522655366e-24,6.3018961996e-24,6.51712703683e-24,5.72337992716e-24,5.71122752492e-24,6.68950734412e-24],"var":[0.00000210319444705,0.00000210752159546,0.00000255386385106,2.76900152585e-7,4.28882245274e-8,5.13444362582e-8,3.61904071156e-8,2.20220321978e-8,5.34612354386e-9,7.21907067458e-9,4.06263023223e-9,2.5353559252e-9,2.17966200644e-9,3.12458214857e-9,7.7597439585e-10,6.47958964262e-10,8.24607715444e-10,1.49734191712e-9,2.76478534511e-10,8.4027096392e-10,4.40446745742e-9,8.44855474469e-9,4.13284162448e-9,3.45042083794e-9,1.62033531037e-9,3.62916585672e-9,3.28344507139e-9,2.07047046175e-9,1.01858554924e-9,7.66752605852e-10,9.27145971108e-10,7.65688290549e-10,6.81837419858e-10,5.10395226083e-10,2.61506732935e-10,8.17320378044e-11,3.22355579729e-11,1.83979463608e-11,8.35327119975e-12,3.98800046805e-12]},"melbands_crest":{"dmean":3.84140253067,"dmean2":6.22942066193,"dvar":12.1594648361,"dvar2":28.2339897156,"max":31.3105792999,"mean":13.335144043,"median":12.6156072617,"min":1.66873466969,"var":30.4243392944},"melbands_flatness_db":{"dmean":0.0269513297826,"dmean2":0.0417553335428,"dvar":0.000725781545043,"dvar2":0.00156029127538,"max":0.395414978266,"mean":0.159869968891,"median":0.153753563762,"min":0.00439570192248,"var":0.00246519385837},"melbands_kurtosis":{"dmean":5.85912275314,"dmean2":9.10136699677,"dvar":105.729652405,"dvar2":239.350143433,"max":197.51121521,"mean":7.38326311111,"median":2.64914083481,"min":-1.87236666679,"var":207.512039185},"melbands_skewness":{"dmean":0.835197746754,"dmean2":1.24984073639,"dvar":0.804401040077,"dvar2":1.61797642708,"max":11.3628110886,"mean":2.10200047493,"median":1.93911838531,"min":-9.56645584106,"var":3.32406878471},"melbands_spread":{"dmean":16.2274608612,"dmean2":24.5823440552,"dvar":329.517578125,"dvar2":612.841247559,"max":234.684127808,"mean":53.9435195923,"median":48.9112167358,"min":1.74436080456,"var":1096.33581543},"mfcc":{"cov":[[4917.34570312,-301.748352051,827.513549805,44.099861145,122.566169739,181.773223877,81.3756484985,139.949569702,-98.8187561035,35.5152320862,-5.08445215225,54.3579483032,9.13963603973],[-301.748352051,884.020446777,-542.784362793,231.4790802,-54.9974327087,-97.3532409668,12.7571783066,-24.0845603943,82.5073318481,5.08249139786,6.42431926727,-14.5574760437,-1.26435947418],[827.513549805,-542.784362793,1488.09289551,-133.066848755,376.175018311,230.863128662,120.200759888,145.867843628,-61.9238586426,20.0470180511,9.85020256042,40.9310417175,50.4383926392],[44.099861145,231.4790802,-133.066848755,246.311828613,43.1336860657,23.8453617096,3.14796519279,-1.83320367336,56.8018493652,17.1264953613,5.72639274597,-5.68907594681,1.42437183857],[122.566169739,-54.9974327087,376.175018311,43.1336860657,275.604187012,87.3035812378,85.6440582275,39.1016731262,0.433015912771,25.9103965759,7.28917121887,33.857837677,0.897328972816],[181.773223877,-97.3532409668,230.863128662,23.8453617096,87.3035812378,145.02243042,58.6319885254,42.3170509338,-0.375483632088,8.40036296844,10.2331705093,15.9411048889,8.20660018921],[81.3756484985,12.7571783066,120.200759888,3.14796519279,85.6440582275,58.6319885254,148.99407959,66.9502792358,14.1235227585,18.3912010193,8.71011066437,28.8316192627,14.5462121964],[139.949569702,-24.0845603943,145.867843628,-1.83320367336,39.1016731262,42.3170509338,66.9502792358,102.093811035,35.3472251892,23.0270271301,10.4867830276,9.55966949463,13.2118930817],[-98.8187561035,82.5073318481,-61.9238586426,56.8018493652,0.433015912771,-0.375483632088,14.1235227585,35.3472251892,108.801185608,46.069519043,15.0322093964,-1.90012466908,-9.1385602951],[35.5152320862,5.08249139786,20.0470180511,17.1264953613,25.9103965759,8.40036296844,18.3912010193,23.0270271301,46.069519043,75.4603652954,30.5947246552,16.2870769501,-1.83384406567],[-5.08445215225,6.42431926727,9.85020256042,5.72639274597,7.28917121887,10.2331705093,8.71011066437,10.4867830276,15.0322093964,30.5947246552,55.9430046082,23.4683227539,8.70991611481],[54.3579483032,-14.5574760437,40.9310417175,-5.68907594681,33.857837677,15.9411048889,28.8316192627,9.55966949463,-1.90012466908,16.2870769501,23.4683227539,62.0418434143,23.5963287354],[9.13963603973,-1.26435947418,50.4383926392,1.42437183857,0.897328972816,8.20660018921,14.5462121964,13.2118930817,-9.1385602951,-1.83384406567,8.70991611481,23.5963287354,65.219619751]],"icov":[[0.000258843938354,0.0000083752502178,-0.00018846821331,-0.000328113761498,0.000320924067637,-0.000039027974708,0.0000233025712078,-0.000356648175512,0.000536808336619,-0.000346343527781,0.000267316499958,-0.000378885422833,0.000351214897819],[0.0000083752502178,0.00209613167681,0.000514678831678,-0.00167394697201,-0.000254180718912,0.00139098311774,-0.00100714713335,-0.0000115019920486,-0.000536701700184,0.000753472442739,-0.000597647274844,0.000401183438953,-0.000385934166843],[-0.00018846821331,0.000514678831678,0.00203845067881,0.0011855821358,-0.00263400119729,-0.00123868125957,0.0010210101027,-0.00166075397283,0.000229880010011,0.000203647141461,-0.000286012043944,0.0012765461579,-0.00165087194182],[-0.000328113761498,-0.00167394697201,0.0011855821358,0.00798711366951,-0.00303145870566,-0.0032568317838,0.00188811682165,0.0010050375713,-0.00341956084594,0.000418824783992,-0.000157003145432,0.00208033737727,-0.0024500512518],[0.000320924067637,-0.000254180718912,-0.00263400119729,-0.00303145870566,0.00899679213762,-0.000225845855311,-0.00345809897408,0.0018753176555,0.00125109229703,-0.00209065526724,0.00175470695831,-0.003872995032,0.00363278202713],[-0.000039027974708,0.00139098311774,-0.00123868125957,-0.0032568317838,-0.000225845855311,0.0122387427837,-0.00336606916972,-0.00106792210136,0.000447603000794,0.00151974626351,-0.00203164364211,-0.000418029434513,0.00101971288677],[0.0000233025712078,-0.00100714713335,0.0010210101027,0.00188811682165,-0.00345809897408,-0.00336606916972,0.0132349692285,-0.00766528397799,0.00108224677388,-0.000652943912428,0.00167917087674,-0.00312261423096,-0.000742767297197],[-0.000356648175512,-0.0000115019920486,-0.00166075397283,0.0010050375713,0.0018753176555,-0.00106792210136,-0.00766528397799,0.0202359352261,-0.00736774504185,-0.000124393642182,-0.00103719893377,0.0024372022599,-0.00274806027301],[0.000536808336619,-0.000536701700184,0.000229880010011,-0.00341956084594,0.00125109229703,0.000447603000794,0.00108224677388,-0.00736774504185,0.0184743683785,-0.00973079632968,0.0011442360701,0.000303935550619,0.00304112280719],[-0.000346343527781,0.000753472442739,0.000203647141461,0.000418824783992,-0.00209065526724,0.00151974626351,-0.000652943912428,-0.000124393642182,-0.00973079632968,0.0245037842542,-0.0102772163227,-0.00187284080312,0.00128047075123],[0.000267316499958,-0.000597647274844,-0.000286012043944,-0.000157003145432,0.00175470695831,-0.00203164364211,0.00167917087674,-0.00103719893377,0.0011442360701,-0.0102772163227,0.0271036755294,-0.00862984918058,-0.000383338687243],[-0.000378885422833,0.000401183438953,0.0012765461579,0.00208033737727,-0.003872995032,-0.000418029434513,-0.00312261423096,0.0024372022599,0.000303935550619,-0.00187284080312,-0.00862984918058,0.0264060143381,-0.00907439552248],[0.000351214897819,-0.000385934166843,-0.00165087194182,-0.0024500512518,0.00363278202713,0.00101971288677,-0.000742767297197,-0.00274806027301,0.00304112280719,0.00128047075123,-0.000383338687243,-0.00907439552248,0.0209468174726]],"mean":[-642.237182617,90.9113540649,-30.160036087,69.5688705444,5.55224847794,-0.0984426140785,-2.63598465919,6.49900817871,5.72689056396,3.81828284264,-1.37419486046,0.159044310451,-3.04231500626]},"pitch_salience":{"dmean":0.0785155966878,"dmean2":0.127052783966,"dvar":0.00509145157412,"dvar2":0.0127301486209,"max":0.843995392323,"mean":0.611096024513,"median":0.62455278635,"min":0.144603684545,"var":0.010700693354},"silence_rate_20dB":{"dmean":0,"dmean2":0,"dvar":0,"dvar2":0,"max":1,"mean":1,"median":1,"min":1,"var":0},"silence_rate_30dB":{"dmean":0,"dmean2":0,"dvar":0,"dvar2":0,"max":1,"mean":1,"median":1,"min":1,"var":0},"silence_rate_60dB":{"dmean":0.00838884804398,"dmean2":0.0167797654867,"dvar":0.00831682328135,"dvar2":0.018712548539,"max":1,"mean":0.0399654619396,"median":0,"min":0,"var":0.0383727923036},"spectral_centroid":{"dmean":283.742401123,"dmean2":431.447845459,"dvar":104216.765625,"dvar2":211524.109375,"max":11370.1816406,"mean":2639.98974609,"median":2671.19360352,"min":398.396484375,"var":623690.875},"spectral_complexity":{"dmean":4.19689130783,"dmean2":6.53719949722,"dvar":12.8014793396,"dvar2":28.2120914459,"max":57,"mean":28.0709266663,"median":29,"min":0,"var":97.3664932251},"spectral_contrast_coeffs":{"dmean":[0.0546818822622,0.0451885312796,0.0350084602833,0.0283880233765,0.0212108436972,0.0211966261268],"dmean2":[0.0896255448461,0.0747205913067,0.0573936142027,0.046843342483,0.035103969276,0.031883880496],"dvar":[0.00196939264424,0.00134975963738,0.00078607571777,0.000472628307762,0.000316502322676,0.000428213767009],"dvar2":[0.005017593503,0.00365463737398,0.00209121499211,0.0012691548327,0.000819768873043,0.00087743048789],"max":[-0.382181167603,-0.494361311197,-0.587761878967,-0.565512239933,-0.61426192522,-0.494965493679],"mean":[-0.672756016254,-0.77463465929,-0.802243053913,-0.783711433411,-0.786004722118,-0.682814717293],"median":[-0.679372549057,-0.78104352951,-0.808373749256,-0.786437451839,-0.791798055172,-0.686009407043],"min":[-0.979741334915,-0.980269253254,-0.978114962578,-0.980161070824,-0.967580139637,-0.962868928909],"var":[0.00539124384522,0.0037733966019,0.00277379527688,0.00182833406143,0.0015042576706,0.00365511211567]},"spectral_contrast_valleys":{"dmean":[0.386628866196,0.338704496622,0.287491768599,0.237794786692,0.175021484494,0.280311584473],"dmean2":[0.635557591915,0.554751634598,0.464751332998,0.378322869539,0.281665503979,0.384594321251],"dvar":[0.113643877208,0.0981524065137,0.0756482332945,0.0572287105024,0.0416980050504,0.148500859737],"dvar2":[0.280712246895,0.235934317112,0.168010294437,0.124873168766,0.0827305391431,0.281574755907],"max":[-5.63872909546,-5.50252771378,-5.33175420761,-6.25014638901,-5.22863769531,-7.2929983139],"mean":[-7.4510102272,-7.20262384415,-7.8507270813,-7.72564077377,-6.57918262482,-10.5852079391],"median":[-7.0526227951,-7.05786514282,-7.72703075409,-7.5800318718,-6.4169254303,-10.35688591],"min":[-28.0512504578,-27.771364212,-27.6779823303,-27.6284294128,-27.5024852753,-27.3778133392],"var":[3.00041174889,2.37482833862,2.27573680878,2.27963829041,2.465269804,2.93257641792]},"spectral_decrease":{"dmean":1.5542969134e-9,"dmean2":2.35726060893e-9,"dvar":3.8124692394e-18,"dvar2":8.01463153718e-18,"max":3.80114558349e-16,"mean":-4.10772793558e-9,"median":-3.42730244185e-9,"min":-2.00914165305e-8,"var":7.21921217861e-18},"spectral_energy":{"dmean":0.00630737701431,"dmean2":0.0095426440239,"dvar":0.0000595296005486,"dvar2":0.000125327060232,"max":0.0778629034758,"mean":0.0179034676403,"median":0.0152269173414,"min":1.01622329037e-20,"var":0.000125425736769},"spectral_energyband_high":{"dmean":0.000877264130395,"dmean2":0.00130855606403,"dvar":0.00000731048612579,"dvar2":0.0000149063444042,"max":0.0475194975734,"mean":0.00181166548282,"median":0.000792132399511,"min":7.22583624096e-21,"var":0.0000147374248627},"spectral_energyband_low":{"dmean":0.00409256666899,"dmean2":0.00644558714703,"dvar":0.0000378361291951,"dvar2":0.0000826001269161,"max":0.0648127570748,"mean":0.00659254845232,"median":0.0043074968271,"min":2.42764654507e-23,"var":0.0000551376397198},"spectral_energyband_middle_high":{"dmean":0.00145532051101,"dmean2":0.00226758886129,"dvar":0.00000419124444306,"dvar2":0.00000987086150417,"max":0.0439431630075,"mean":0.00546345254406,"median":0.00421674875543,"min":1.21517810012e-21,"var":0.0000164697921718},"spectral_energyband_middle_low":{"dmean":0.00294760032557,"dmean2":0.00453442614526,"dvar":0.0000256737985183,"dvar2":0.0000536696934432,"max":0.0660425871611,"mean":0.00524125853553,"median":0.00314671569504,"min":2.01903698033e-22,"var":0.0000405869141105},"spectral_entropy":{"dmean":0.0944704711437,"dmean2":0.148966506124,"dvar":0.00955970678478,"dvar2":0.0224278662354,"max":9.82098674774,"mean":7.75779390335,"median":7.75408267975,"min":5.80382585526,"var":0.0768438130617},"spectral_flux":{"dmean":0.0198802556843,"dmean2":0.0313755571842,"dvar":0.000474666856462,"dvar2":0.00106250005774,"max":0.229521557689,"mean":0.0793735384941,"median":0.0747444406152,"min":6.37211117205e-11,"var":0.00117747404147},"spectral_kurtosis":{"dmean":1.98149120808,"dmean2":3.43341231346,"dvar":6.68512582779,"dvar2":19.3568592072,"max":77.9925079346,"mean":4.55050611496,"median":3.81728410721,"min":-1.25315964222,"var":11.3210277557},"spectral_rms":{"dmean":0.000680785276927,"dmean2":0.00101977633312,"dvar":5.36218806246e-7,"dvar2":0.00000107361438495,"max":0.00871572177857,"mean":0.00396762834862,"median":0.00385428708978,"min":3.14870980851e-12,"var":0.00000172469151494},"spectral_rolloff":{"dmean":634.257446289,"dmean2":1020.03692627,"dvar":773882.0625,"dvar2":1489151.25,"max":21748.5351562,"mean":3135.64575195,"median":3165.38085938,"min":86.1328125,"var":3844371.75},"spectral_skewness":{"dmean":0.22830273211,"dmean2":0.382032245398,"dvar":0.0552333369851,"dvar2":0.156574979424,"max":5.61434316635,"mean":0.832191467285,"median":0.849377036095,"min":-0.135867476463,"var":0.132461488247},"spectral_spread":{"dmean":361945.125,"dmean2":526923,"dvar":274639175680,"dvar2":518696960000,"max":41819672,"mean":3357462.75,"median":3084879.5,"min":721813.125,"var":7983958851580},"spectral_strongpeak":{"dmean":0.658974230289,"dmean2":1.14152097702,"dvar":1.94303715229,"dvar2":4.95757818222,"max":21.4957637787,"mean":0.892650127411,"median":0.256879359484,"min":0,"var":2.79998636246},"zerocrossingrate":{"dmean":0.012608570978,"dmean2":0.0145849399269,"dvar":0.000203601564863,"dvar2":0.000235167273786,"max":0.88330078125,"mean":0.097312040627,"median":0.09033203125,"min":0.013671875,"var":0.00301157939248}},"metadata":{"audio_properties":{"analysis_sample_rate":44100,"bit_rate":0,"codec":"flac","downmix":"mix","equal_loudness":0,"length":188.199996948,"lossless":true,"md5_encoded":"772a0e145f2f4c12a34081641d408ae4","replay_gain":-15.2536697388},"tags":{"acoustid_id":["07c1e53f-2cef-4f0f-9e3f-f506374b7fad"],"album":["Thin Lizzy: Greatest Hits"],"album artist":["Thin Lizzy"],"albumartist":["Thin Lizzy"],"albumartist_credit":["Thin Lizzy"],"albumartistsort":["Thin Lizzy"],"artist":["Thin Lizzy"],"artist_credit":["Thin Lizzy"],"artistsort":["Thin Lizzy"],"asin":["B000Q36488"],"barcode":["602498496275"],"bpm":["0"],"catalognumber":["9849627"],"compilation":["0"],"date":["2007-6-4"],"disc":["1"],"discc":["2"],"discnumber":["1"],"disctotal":["2"],"file_name":"01-13. Cold Sweat.flac","genre":["Hard Rock"],"label":["Universal Music TV"],"language":["eng"],"media":["CD"],"musicbrainz_albumartistid":["6a726ac6-019e-455c-8bbb-571a77bed52e"],"musicbrainz_albumid":["c7f9c062-e5b6-361a-944a-69e46bb69c63"],"musicbrainz_albumstatus":["Official"],"musicbrainz_albumtype":["compilation"],"musicbrainz_artistid":["6a726ac6-019e-455c-8bbb-571a77bed52e"],"musicbrainz_discid":["AaGIIPzflxq9g1Dj2d.pGZMM1us-"],"musicbrainz_recordingid":["276b6e97-02bd-4c4c-996a-4d71a26e1598"],"musicbrainz_releasegroupid":["58cf0780-971e-3d54-a82d-5b4412a94395"],"originaldate":["2004-6-7"],"publisher":["Universal Music TV"],"releasecountry":["GB"],"releasestatus":["official"],"releasetype":["album","compilation"],"replaygain_album_gain":["-9.27 dB"],"replaygain_album_peak":["1.000000"],"replaygain_reference_loudness":["89.0 dB"],"replaygain_track_gain":["-10.82 dB"],"replaygain_track_peak":["0.988892"],"script":["Latn"],"title":["Cold Sweat"],"totaldiscs":["2"],"totaltracks":["19"],"track":["13"],"trackc":["19"],"tracknumber":["13"],"tracktotal":["19"],"year":["2007"]},"version":{"essentia":"2.1-beta1","essentia_build_sha":"12879b851c9f4b0d899e1af4e221aa110f283a84","essentia_git_sha":"v2.1_beta1-7-ge0e83e8-dirty","extractor":"music 1.0"}},"rhythm":{"beats_