{"lowlevel":{"average_loudness":0.863277316093,"barkbands":{"dmean":[0.00324781425297,0.00790974125266,0.00410143891349,0.00439531961456,0.00220713275485,0.000773613865022,0.000697901064996,0.000682262878399,0.000453610584373,0.000598438258749,0.000243031914579,0.000321567349602,0.000244617665885,0.000277544051642,0.000306765025016,0.000273234589258,0.000213843435631,0.000141764176078,0.000122850993648,0.0000777862151153,0.0000833713929751,0.000085855324869,0.0000670856315992,0.0000465039338451,0.0000330438233505,0.0000131051547214,0.00000389452588934],"dmean2":[0.00522741815075,0.0130290277302,0.00685751438141,0.00722748041153,0.00385938142426,0.00128958909772,0.00114887114614,0.00110395182855,0.000738955917768,0.000975356320851,0.000393630005419,0.000526404473931,0.000406308332458,0.000455494911876,0.00049913325347,0.000447704835096,0.000357142707799,0.000237508196733,0.000203338771826,0.000128233426949,0.000133225519676,0.000127649938804,0.000095033828984,0.0000658228163957,0.0000445523910457,0.0000178675727511,0.00000558217652724],"dvar":[0.000140322037623,0.000675344606861,0.0000754704378778,0.000271981145488,0.0000583192522754,0.0000022010478915,0.00000185085571047,0.00000304955324282,0.00000114612259949,0.00000261342188423,3.31190420866e-7,5.98088661263e-7,3.17589979204e-7,3.5598446857e-7,3.72297620288e-7,2.4950256261e-7,1.39344649597e-7,5.60472592781e-8,3.6687286098e-8,1.97583958084e-8,2.41252600119e-8,4.47812844584e-8,3.32640688328e-8,1.57092525654e-8,8.51808845681e-9,2.26709384599e-9,1.69949151974e-10],"dvar2":[0.000345227977959,0.00171749514993,0.00020630772633,0.000673306523822,0.000164612632943,0.00000594588436797,0.00000504213630848,0.00000753010954213,0.00000309164715873,0.00000681657229507,8.59267345277e-7,0.0000015831105884,8.49121704505e-7,9.35143020797e-7,9.64209448284e-7,6.57631460399e-7,3.84860527447e-7,1.49631588897e-7,9.48925773514e-8,5.15534850365e-8,5.80806904793e-8,9.43209244042e-8,6.95892836688e-8,3.36512222532e-8,1.69837512942e-8,4.36114788727e-9,3.43714945394e-10],"max":[0.139504477382,0.262810498476,0.135935142636,0.205674797297,0.10029874742,0.0262252893299,0.0228309743106,0.0541091188788,0.0354983285069,0.0550499036908,0.0282075796276,0.0269876588136,0.0140493307263,0.0169248506427,0.0246284864843,0.0153815718368,0.0126011297107,0.00833382550627,0.00688643520698,0.00566783314571,0.00494844326749,0.00485416129231,0.00359033374116,0.00270080962218,0.00237122061662,0.00223227753304,0.000882451946381],"mean":[0.00358452135697,0.0085476655513,0.00663794344291,0.00464216712862,0.00266060512513,0.00127882626839,0.00120411312673,0.00105344818439,0.000789579411503,0.000985239516012,0.000429989187978,0.000562719884329,0.000436496571638,0.000505122181494,0.000588063849136,0.000578003120609,0.000452255568234,0.000330135284457,0.00032187558827,0.000196861263248,0.000223694325541,0.000189730257262,0.000125139893498,0.0000910905073397,0.0000612402363913,0.0000222744129132,0.00000580307141718],"median":[0.0000312708070851,0.00125183956698,0.00313438195735,0.00105083547533,0.00117934634909,0.000626678345725,0.000636121956632,0.000374577910407,0.000360503006959,0.000286869762931,0.000161849369761,0.000237185799051,0.000190852035303,0.00022227311274,0.000295667210594,0.000336533063091,0.000303257838823,0.000221010996029,0.000233873230172,0.000127283637994,0.000142750752275,0.000100768462289,0.0000427426602982,0.0000282831315417,0.0000155089437612,0.00000388789976569,7.07662820787e-7],"min":[8.88199713547e-24,1.11243195857e-22,1.55958700264e-23,2.04280461788e-24,1.25533720389e-22,1.31654776143e-22,7.66427121026e-24,2.4791834591e-23,1.42855793203e-22,5.92391941332e-23,2.34917050445e-23,9.27099564966e-23,5.05589126755e-23,1.05176975403e-22,2.25228547952e-22,1.20965130275e-22,1.85083959222e-22,1.40913630276e-22,2.19353642045e-22,2.67732247308e-22,4.44333010925e-22,5.92272829646e-22,8.19284985794e-22,8.7126958154e-22,1.39764341979e-21,1.75829174348e-21,2.45170376083e-21],"var":[0.000183449854376,0.00066140841227,0.0000968015447143,0.00023993247305,0.0000410033280787,0.00000380484539164,0.00000289972422252,0.00000564926540392,0.00000209746212931,0.00000485165355713,7.30881595246e-7,0.00000113146074909,6.25044663138e-7,7.67452206674e-7,8.05136551207e-7,6.55343399103e-7,3.43586947338e-7,1.77240863763e-7,1.55623524734e-7,6.58117755847e-8,8.2746488772e-8,1.03495743531e-7,7.45623864873e-8,4.14228189527e-8,2.14346034255e-8,4.91301976879e-9,4.87017759454e-10]},"barkbands_crest":{"dmean":2.71649456024,"dmean2":4.43166589737,"dvar":6.81852149963,"dvar2":17.5114059448,"max":25.820142746,"mean":10.1853179932,"median":9.6029548645,"min":2.20548152924,"var":17.1933708191},"barkbands_flatness_db":{"dmean":0.0243310462683,"dmean2":0.036347117275,"dvar":0.00064675649628,"dvar2":0.00139051757287,"max":0.53388017416,"mean":0.132668361068,"median":0.118453457952,"min":0.0167847014964,"var":0.0037369504571},"barkbands_kurtosis":{"dmean":4.93675851822,"dmean2":7.77498435974,"dvar":149.819091797,"dvar2":395.647491455,"max":475.113006592,"mean":7.04292297363,"median":1.76746582985,"min":-1.92456114292,"var":319.560791016},"barkbands_skewness":{"dmean":0.682858765125,"dmean2":1.04142558575,"dvar":0.671647548676,"dvar2":1.54235601425,"max":14.768611908,"mean":1.88601839542,"median":1.52368247509,"min":-2.86198592186,"var":2.30516624451},"barkbands_spread":{"dmean":5.79925584793,"dmean2":8.78095436096,"dvar":53.487827301,"dvar2":109.385093689,"max":125.007225037,"mean":22.1612091064,"median":21.3677749634,"min":0.256161600351,"var":193.032592773},"dissonance":{"dmean":0.0154496589676,"dmean2":0.0255618859082,"dvar":0.000267895549769,"dvar2":0.000684331695084,"max":0.500000119209,"mean":0.468055129051,"median":0.476699531078,"min":0.235714361072,"var":0.000833285856061},"dynamic_complexity":4.68515729904,"erbbands":{"dmean":[0.352409601212,1.51051962376,4.51841068268,9.48197555542,12.0331192017,6.19003582001,5.69790124893,6.76487016678,9.1841506958,12.4166278839,13.5887823105,9.01374053955,16.5142860413,13.5988292694,8.79785251617,12.2974176407,10.5384140015,10.4499454498,16.7645492554,15.5804367065,13.0067243576,12.8449287415,8.0075044632,7.05039167404,4.84087181091,3.32841515541,3.68936276436,3.48239278793,3.19141769409,2.50739622116,1.82572948933,1.10572254658,0.759773612022,0.465198367834,0.192329078913,0.0652446597815,0.0228851661086,0.00609746389091,0.000699065101799,0.0000370832603949],"dmean2":[0.587345957756,2.67118906975,7.65763282776,15.5309753418,20.6476955414,10.5569896698,9.27251148224,11.2398996353,15.2750864029,20.3906860352,21.7995815277,14.7309236526,27.1060447693,22.16381073,14.3851776123,20.0543613434,17.3644161224,17.1278438568,27.3219890594,25.3752689362,21.4111785889,21.4556446075,13.3147335052,11.7489414215,8.01173496246,5.47368526459,5.98566579819,5.51768255234,4.80436611176,3.57707047462,2.61028265953,1.58146977425,1.07281279564,0.639141321182,0.264821708202,0.0895029678941,0.0316717065871,0.0085656940937,0.00100989022758,0.0000551767043362],"dvar":[1.599219203,28.9112472534,111.088310242,823.252746582,2651.51806641,248.434310913,127.306373596,200.957550049,405.770263672,740.824768066,1346.20422363,437.7059021,1913.36706543,1149.53759766,352.967590332,958.420898438,558.13079834,442.558990479,1153.80249023,1146.29748535,551.541870117,552.059204102,187.414916992,133.151184082,64.8870620728,39.2051620483,40.5951690674,48.2338752747,58.4621162415,46.729095459,25.672826767,9.53890514374,4.28854370117,1.59700870514,0.323025584221,0.052770126611,0.00722821475938,0.000401067518396,0.00000573772194912,5.96026827893e-9],"dvar2":[4.03741264343,81.722869873,312.909240723,2019.48754883,7092.07080078,685.456542969,323.896911621,535.911621094,1123.28466797,1984.87268066,3198.82226562,1139.64379883,5115.49414062,3008.87768555,929.242370605,2557.02294922,1477.83300781,1179.94958496,2985.52587891,3016.81860352,1440.36755371,1537.79418945,500.674499512,352.969726562,165.740066528,101.389968872,102.131591797,113.457221985,125.334655762,97.0798873901,55.4962348938,20.9616584778,9.41633224487,3.2434887886,0.661860525608,0.103602044284,0.0139945251867,0.000787264259998,0.0000120467029774,1.29943460436e-8],"max":[12.456902504,61.9422683716,158.306991577,325.336029053,660.086120605,285.347686768,241.067077637,271.619354248,343.918518066,622.848510742,1355.3137207,837.298583984,1181.90686035,1082.40393066,547.039794922,1144.23571777,536.595031738,533.512023926,900.237121582,1602.51855469,1063.25012207,885.316589355,505.804870605,403.320800781,288.113372803,275.332580566,143.581161499,244.991378784,167.330566406,152.539978027,104.683258057,68.4290313721,53.1865692139,28.6856060028,19.751543045,12.0345363617,4.01960706711,1.22106385231,0.165833130479,0.0042436090298],"mean":[0.339681923389,1.6432570219,7.07810735703,12.1233863831,12.1293544769,8.16970157623,9.33828258514,11.2204179764,15.1605405807,21.0526371002,22.448507309,16.1488342285,28.470457077,25.1875019073,17.241104126,22.6554965973,20.8633995056,21.7764873505,32.5032463074,32.444065094,29.7234916687,28.1209430695,19.5719966888,17.4214477539,13.0157260895,8.82817363739,9.83177280426,8.61416339874,7.12520647049,4.92599010468,3.37269258499,2.07549023628,1.43305802345,0.840838551521,0.350503444672,0.115072883666,0.036993380636,0.00944471918046,0.00107116193976,0.0000723066768842],"median":[0.0167981609702,0.421532005072,3.29901838303,5.04357814789,3.47803783417,3.62328338623,4.37416267395,5.12027072906,7.93133831024,9.23490619659,9.4342918396,7.7667093277,10.0189580917,9.42572212219,8.00942611694,9.91664123535,10.1776371002,10.4746818542,16.752122879,17.1344070435,19.1106033325,19.1820220947,13.6211643219,12.0355052948,9.40846538544,5.94448471069,6.22656393051,5.20905351639,3.90850019455,2.15485620499,1.08622407913,0.612900495529,0.407012522221,0.228298157454,0.077973112464,0.0228517279029,0.00604365905747,0.00125561608002,0.000153982982738,0.0000413942179875],"min":[5.11895107913e-21,1.77887517175e-20,2.04844767883e-20,9.97080602315e-21,4.71858588835e-20,6.14321450043e-19,1.03650755875e-18,9.31382001882e-19,1.5157275639e-19,3.61548729176e-19,8.70970623603e-19,2.37493914301e-18,2.45498210217e-18,2.11453586194e-18,1.18648470959e-18,4.05199303425e-18,3.27713635173e-18,3.28618798237e-18,7.78574900733e-18,1.13524310403e-17,7.85093332114e-18,1.07066842233e-17,8.33174197835e-18,9.63373418868e-18,1.13231000429e-17,1.31592772211e-17,1.82148744304e-17,1.74763047138e-17,2.26797885819e-17,2.51021257943e-17,2.27596032392e-17,1.6734560278e-17,1.4756609306e-17,1.03116393064e-17,1.34176230971e-17,7.10264919541e-18,3.01616976066e-18,1.25639863535e-18,3.01711543489e-19,4.16508153576e-20],"var":[1.64632987976,20.7957439423,121.345428467,795.202453613,1946.05957031,233.597869873,232.439498901,359.199645996,554.778381348,1306.33654785,2472.60107422,867.688720703,3464.89233398,2357.80712891,850.946960449,1878.13586426,1222.88879395,1103.90710449,2549.94921875,2542.43579102,1552.85217285,1358.4831543,602.303161621,457.420318604,271.221252441,129.539077759,141.932830811,146.869140625,136.507598877,98.2549514771,56.3009185791,21.6427135468,11.3501653671,3.84837865829,0.804777026176,0.107867628336,0.0159493703395,0.00114620954264,0.0000159393548529,1.40397213855e-8]},"erbbands_crest":{"dmean":2.32317566872,"dmean2":3.7583501339,"dvar":5.70159626007,"dvar2":14.1580724716,"max":30.0569267273,"mean":7.93907976151,"median":6.68802452087,"min":1.97384572029,"var":17.7692222595},"erbbands_flatness_db":{"dmean":0.014969474636,"dmean2":0.0211054235697,"dvar":0.000241553920205,"dvar2":0.000448248523753,"max":0.400730282068,"mean":0.147974938154,"median":0.142799913883,"min":0.0354324057698,"var":0.00189036969095},"erbbands_kurtosis":{"dmean":0.879252791405,"dmean2":1.3722025156,"dvar":3.38708925247,"dvar2":7.35565900803,"max":76.2193603516,"mean":0.358183294535,"median":-0.3138256073,"min":-1.91440069675,"var":7.6589384079},"erbbands_skewness":{"dmean":0.346021175385,"dmean2":0.52350383997,"dvar":0.144128143787,"dvar2":0.308202058077,"max":6.6529583931,"mean":0.176324680448,"median":0.0219638440758,"min":-3.73245453835,"var":0.698908746243},"erbbands_spread":{"dmean":8.45364761353,"dmean2":12.5456495285,"dvar":105.888763428,"dvar2":216.038513184,"max":168.120162964,"mean":41.4771347046,"median":37.7124862671,"min":2.4340839386,"var":418.346313477},"gfcc":{"cov":[[13012.2070312,-1242.71325684,-938.841125488,1472.28796387,-331.812011719,829.522888184,173.898788452,538.353820801,-33.7545661926,-12.9630680084,-192.200881958,-249.997451782,-112.632453918],[-1242.71325684,1433.1673584,-330.690124512,-107.022651672,257.183868408,-99.0030059814,204.379608154,-85.9289245605,78.0482025146,-66.8474273682,66.4542770386,-29.4167060852,69.3709716797],[-938.841125488,-330.690124512,1123.50598145,-31.4645004272,95.602935791,42.7082481384,-93.9869155884,-0.0292804613709,-4.03695297241,34.7555618286,-12.53536129,16.6542453766,-39.0637245178],[1472.28796387,-107.022651672,-31.4645004272,626.648986816,73.8707885742,198.213439941,133.263336182,80.5432434082,34.1497154236,1.72691392899,-37.1019630432,-60.0201377869,-1.55976843834],[-331.812011719,257.183868408,95.602935791,73.8707885742,314.047119141,67.2109146118,105.971580505,36.0171203613,60.0163192749,12.3156042099,-2.22804951668,-2.2885799408,18.9384269714],[829.522888184,-99.0030059814,42.7082481384,198.213439941,67.2109146118,260.179840088,109.386436462,62.8567466736,18.8282012939,6.702439785,-9.8827753067,-37.0781211853,-10.686164856],[173.898788452,204.379608154,-93.9869155884,133.263336182,105.971580505,109.386436462,224.600570679,58.9194450378,34.3720588684,1.49937701225,19.8099575043,-16.9734859467,14.1558160782],[538.353820801,-85.9289245605,-0.0292804613709,80.5432434082,36.0171203613,62.8567466736,58.9194450378,151.552963257,48.1134414673,4.72648286819,3.31107950211,-6.16849899292,-6.76436138153],[-33.7545661926,78.0482025146,-4.03695297241,34.1497154236,60.0163192749,18.8282012939,34.3720588684,48.1134414673,105.179901123,35.5632400513,8.90121650696,-1.01488339901,11.5950660706],[-12.9630680084,-66.8474273682,34.7555618286,1.72691392899,12.3156042099,6.702439785,1.49937701225,4.72648286819,35.5632400513,83.6061248779,25.0829124451,11.1827144623,4.33053445816],[-192.200881958,66.4542770386,-12.53536129,-37.1019630432,-2.22804951668,-9.8827753067,19.8099575043,3.31107950211,8.90121650696,25.0829124451,84.4816741943,32.7534675598,8.61733436584],[-249.997451782,-29.4167060852,16.6542453766,-60.0201377869,-2.2885799408,-37.0781211853,-16.9734859467,-6.16849899292,-1.01488339901,11.1827144623,32.7534675598,71.4330673218,32.7280578613],[-112.632453918,69.3709716797,-39.0637245178,-1.55976843834,18.9384269714,-10.686164856,14.1558160782,-6.76436138153,11.5950660706,4.33053445816,8.61733436584,32.7280578613,70.9740219116]],"icov":[[0.000180367991561,-0.0000202242699743,0.000174070868525,-0.000298870989354,0.00021764288249,-0.00043040298624,0.000318037549732,-0.000597020902205,0.000359771656804,-0.000258137588389,0.000239211454755,0.0000481739079987,0.0000577469145355],[-0.0000202242699743,0.00194740004372,0.000297448656056,0.000458767812233,-0.00143412093166,0.00127550947946,-0.00155829382129,0.00196698633954,-0.00188929203432,0.00269324053079,-0.00248710764572,0.00287297344767,-0.00156722974498],[0.000174070868525,0.000297448656056,0.00129600102082,-0.000178165646503,-0.000599892693572,-0.000640078214929,0.000827186100651,-0.000338516867487,0.000309057242703,-0.000284626556095,0.0000550910262973,-0.000151595668285,0.000591454387177],[-0.000298870989354,0.000458767812233,-0.000178165646503,0.00291638239287,-0.000642558035906,-0.000281014450593,-0.00143282872159,0.000926435284782,-0.00103467330337,0.000754273671191,-0.000181458759471,0.00164788379334,-0.00106828729622],[0.00021764288249,-0.00143412093166,-0.000599892693572,-0.000642558035906,0.00580585096031,-0.00162108265795,-0.000658587843645,-0.00163759186398,-0.000446750520496,-0.00185943185352,0.00294861476868,-0.00251123425551,0.000571244570892],[-0.00043040298624,0.00127550947946,-0.000640078214929,-0.000281014450593,-0.00162108265795,0.00813704915345,-0.0038211250212,0.00133872556034,-0.00109542801511,0.00146138621494,-0.00199858518317,0.00343893212266,-0.000994104309939],[0.000318037549732,-0.00155829382129,0.000827186100651,-0.00143282872159,-0.000658587843645,-0.0038211250212,0.00980263948441,-0.00393408536911,0.00208432995714,-0.00167099596001,-0.000809493358247,-0.000109482993139,-0.000367873813957],[-0.000597020902205,0.00196698633954,-0.000338516867487,0.000926435284782,-0.00163759186398,0.00133872556034,-0.00393408536911,0.0130346817896,-0.00745520181954,0.00503656454384,-0.00303981406614,0.000626316585112,0.000620450475253],[0.000359771656804,-0.00188929203432,0.000309057242703,-0.00103467330337,-0.000446750520496,-0.00109542801511,0.00208432995714,-0.00745520181954,0.0175669584423,-0.00920127332211,0.00262734037824,-0.000178505608346,-0.00115224288311],[-0.000258137588389,0.00269324053079,-0.000284626556095,0.000754273671191,-0.00185943185352,0.00146138621494,-0.00167099596001,0.00503656454384,-0.00920127332211,0.0201103705913,-0.00802242290229,0.00282290368341,-0.00170414755121],[0.000239211454755,-0.00248710764572,0.0000550910262973,-0.000181458759471,0.00294861476868,-0.00199858518317,-0.000809493358247,-0.00303981406614,0.00262734037824,-0.00802242290229,0.0207503493875,-0.0121553651989,0.00476693222299],[0.0000481739079987,0.00287297344767,-0.000151595668285,0.00164788379334,-0.00251123425551,0.00343893212266,-0.000109482993139,0.000626316585112,-0.000178505608346,0.00282290368341,-0.0121553651989,0.0300653334707,-0.0140406349674],[0.0000577469145355,-0.00156722974498,0.000591454387177,-0.00106828729622,0.000571244570892,-0.000994104309939,-0.000367873813957,0.000620450475253,-0.00115224288311,-0.00170414755121,0.00476693222299,-0.0140406349674,0.0220335554332]],"mean":[-18.5170764923,93.2426986694,-114.669403076,31.6694145203,-51.0211486816,8.54043483734,-36.8262481689,3.31664299965,-18.6847648621,-0.272102832794,-19.7501277924,-2.60893154144,-12.2834997177]},"hfc":{"dmean":4.88589906693,"dmean2":7.24998903275,"dvar":71.1155929565,"dvar2":149.229934692,"max":146.028610229,"mean":19.2972354889,"median":16.2980651855,"min":1.20982112903e-16,"var":329.318145752},"melbands":{"dmean":[0.00259109889157,0.00218809419312,0.00180022092536,0.000606801884715,0.000203007468372,0.000152194683324,0.000134468704346,0.000140165793709,0.000102818172309,0.0000605355562584,0.0000882012536749,0.0000631712027825,0.0000315679899359,0.0000312702795782,0.0000338429599651,0.0000259678054135,0.0000198665511562,0.0000311278490699,0.0000216252592509,0.0000219530684262,0.0000152462416736,0.0000152544216689,0.00001008923482,0.00000577759055886,0.00000649865023661,0.00000482397945234,0.00000291435003419,0.00000240430586018,0.00000280937592834,0.00000205842820833,0.00000216064177039,0.00000204389380087,0.0000016681674424,0.00000142419366966,0.0000011404979432,9.10102642138e-7,6.09082690062e-7,5.41226768291e-7,5.26973167325e-7,3.7707326328e-7],"dmean2":[0.00426151510328,0.00378398480825,0.00296258414164,0.0010421613697,0.000331371935317,0.000253505131695,0.000223616632866,0.000228604578297,0.000164095268701,0.0000990615153569,0.000144432662637,0.000102897705801,0.0000514837629453,0.000051861810789,0.0000549118158233,0.0000428407038271,0.0000325720211549,0.0000510220743308,0.0000350228256139,0.000035953540646,0.0000254804708675,0.0000257067567873,0.0000168415190274,0.00000959250064625,0.0000109135180537,0.00000803800867288,0.00000488467230753,0.0000040003860704,0.00000464652566734,0.00000334413516612,0.00000344671411767,0.00000318805473398,0.00000247855541602,0.00000208189067052,0.00000167963605691,0.00000131449110086,9.0097910288e-7,7.95194296188e-7,7.49809942135e-7,5.28193538685e-7],"dvar":[0.0000759581816965,0.0000354931980837,0.0000364103580068,0.00000504325362272,1.50144927602e-7,9.44540943237e-8,8.10615219393e-8,9.74886233962e-8,7.27587945448e-8,2.18270308494e-8,5.41269500332e-8,2.66667008475e-8,5.07121100668e-9,6.03307714897e-9,7.01902980182e-9,3.9110874539e-9,1.6956480664e-9,4.58535831527e-9,2.13399231619e-9,1.90600468741e-9,7.95383703345e-10,7.79315501021e-10,2.91035751054e-10,1.12478318326e-10,1.16763154701e-10,6.03952651779e-11,3.03287117642e-11,1.87877022967e-11,2.27800521502e-11,1.3543425062e-11,2.0407866369e-11,2.16458968805e-11,2.00134579048e-11,1.4744219734e-11,1.00461730948e-11,6.71532534441e-12,2.93663704465e-12,2.23929447034e-12,2.10038583748e-12,1.05796101046e-12],"dvar2":[0.000184097705642,0.000101403355075,0.0000914882475627,0.0000137325378091,3.79811041284e-7,2.54629895835e-7,2.24582507258e-7,2.59105917166e-7,1.72032471824e-7,5.77273091551e-8,1.44162527249e-7,6.96036295267e-8,1.31745290233e-8,1.63648579132e-8,1.79891550545e-8,1.04575956783e-8,4.54232473857e-9,1.19466374571e-8,5.56611556846e-9,5.05615416202e-9,2.08122141743e-9,2.19983653515e-9,7.83992315512e-10,2.96065366667e-10,3.15151377217e-10,1.60846780339e-10,7.87796772261e-11,4.92496286808e-11,5.93638471713e-11,3.33609494196e-11,4.87330002741e-11,4.89271088921e-11,4.35912417274e-11,3.13941823926e-11,2.23896162027e-11,1.49642191e-11,6.67150883149e-12,5.18491109422e-12,4.49353011397e-12,2.21948175984e-12],"max":[0.0785529986024,0.0840017274022,0.0717812106013,0.0276208575815,0.0077030910179,0.0060257720761,0.00508589856327,0.00750484969467,0.0102878762409,0.00576744228601,0.0059190322645,0.00575025100261,0.00259064347483,0.00280873547308,0.00313326739706,0.00160141522065,0.00118629646022,0.00192792958114,0.00187585072126,0.00133823452052,0.00135703233536,0.000989122665487,0.000590828829445,0.000295632780762,0.000385440536775,0.000286413618596,0.000248197728069,0.000143110999488,0.000118978103274,0.000101859775896,0.000153568253154,0.0000992628047243,0.000108260741399,0.000088230415713,0.0000677362259012,0.0000623505984549,0.0000436774389527,0.0000417686715082,0.0000337721139658,0.0000264187092398],"mean":[0.00282905320637,0.00317687750794,0.00220942939632,0.000682892627083,0.00033668873948,0.000256850878941,0.000227278927923,0.000234187100432,0.000168398226378,0.000103961378045,0.000149020925164,0.000111548499262,0.0000579333245696,0.0000547681738681,0.0000588818911638,0.000045833265176,0.0000379059238185,0.0000547197632841,0.0000414496171288,0.000043741249101,0.0000314468343277,0.0000297423721349,0.000022175414415,0.0000134375522975,0.0000143557799674,0.0000113317946671,0.00000671327870805,0.00000558797000849,0.00000671261386742,0.00000499299812873,0.00000489487729283,0.0000042650171963,0.00000318781371789,0.0000025787994673,0.00000202252749659,0.00000157810484325,0.00000110920120733,0.00000100109855339,9.12352845717e-7,6.47241165552e-7],"median":[0.000265848997515,0.00147365184966,0.000934140989557,0.00026365427766,0.000168109312654,0.000127231207443,0.000122476354591,0.0000953033886617,0.0000712267647032,0.0000445785008196,0.0000503106057295,0.0000380959609174,0.0000238315988099,0.0000216857406485,0.0000248685573752,0.0000179674898391,0.0000170783605427,0.0000252478530456,0.0000210188154597,0.0000225559451792,0.0000196479013539,0.000018695691324,0.0000153178698383,0.00000863910463522,0.00000944552084547,0.00000807924971014,0.00000439356381321,0.00000356796226697,0.00000405884657084,0.00000311786288876,0.00000281133270619,0.00000230643081522,0.00000149002721628,0.00000102944932223,6.51551602004e-7,4.18957853299e-7,3.28152964357e-7,2.92638389965e-7,2.20753193503e-7,1.75020289817e-7],"min":[3.720168317e-23,1.41989819567e-23,1.83353618859e-24,2.06671428194e-23,3.8016163122e-23,2.17540621959e-23,1.96653340404e-24,4.67347903195e-24,9.02971843972e-24,1.72798056468e-23,1.18946458885e-23,8.59400216277e-24,3.89160743434e-24,6.10242916984e-24,1.24965522812e-23,4.33117926897e-24,6.65092652382e-24,1.16988372011e-23,1.988381814e-23,8.24883212939e-24,9.66985066531e-24,1.07076650282e-23,1.10234365822e-23,5.06553185779e-24,8.03900696151e-24,8.63055482168e-24,7.63675100872e-24,9.01240846487e-24,1.12708249398e-23,9.91661818938e-24,1.0316793916e-23,1.32416298284e-23,1.14120491856e-23,1.56825847725e-23,1.42223716825e-23,9.24128935678e-24,1.01593175578e-23,1.14139566513e-23,7.19505674384e-24,8.54799421706e-24],"var":[0.0000868819115567,0.0000312469273922,0.0000324607572111,0.00000373888224203,2.69018386234e-7,1.64136281455e-7,1.12970127475e-7,1.78125517891e-7,1.31043009333e-7,4.24153334677e-8,9.84901475931e-8,5.15486959785e-8,1.1578476844e-8,1.06854312065e-8,1.38864066912e-8,7.53303197598e-9,3.78854814187e-9,9.33185884122e-9,4.60549154369e-9,4.55035209512e-9,1.9153518771e-9,1.68886005181e-9,7.85778442314e-10,3.4755945344e-10,3.37026684338e-10,2.10318262805e-10,9.4895188929e-11,5.29416510631e-11,6.84576284549e-11,4.21000317941e-11,5.37443319015e-11,4.70471751834e-11,3.92497215285e-11,2.9328563883e-11,2.06685970422e-11,1.38925407636e-11,6.2749506112e-12,5.56307560781e-12,5.00095104217e-12,2.29438451745e-12]},"melbands_crest":{"dmean":4.01689863205,"dmean2":6.50566005707,"dvar":14.7790594101,"dvar2":37.3073310852,"max":38.7211952209,"mean":16.5897693634,"median":15.9899072647,"min":3.28561377525,"var":39.4145278931},"melbands_flatness_db":{"dmean":0.0306366309524,"dmean2":0.0449973493814,"dvar":0.00104384904262,"dvar2":0.00215908535756,"max":0.667800068855,"mean":0.206977844238,"median":0.190602257848,"min":0.0128520745784,"var":0.00657021906227},"melbands_kurtosis":{"dmean":13.1998529434,"dmean2":20.7297000885,"dvar":2280.48266602,"dvar2":5933.44482422,"max":2596.59179688,"mean":22.0291080475,"median":8.54036140442,"min":-1.86621963978,"var":3925.62548828},"melbands_skewness":{"dmean":0.97189617157,"dmean2":1.49710202217,"dvar":1.64976775646,"dvar2":3.85035848618,"max":34.6575241089,"mean":3.202678442,"median":2.62907505035,"min":-0.982953667641,"var":5.28241872787},"melbands_spread":{"dmean":6.9584851265,"dmean2":10.6701517105,"dvar":98.8519821167,"dvar2":191.272949219,"max":255.018432617,"mean":21.9077072144,"median":18.9371871948,"min":0.090943723917,"var":328.16394043},"mfcc":{"cov":[[13231.2490234,-1564.47753906,-920.449707031,553.538635254,-204.423736572,315.171234131,305.463989258,471.73059082,361.097320557,305.02154541,154.545349121,59.4320755005,-87.5716400146],[-1564.47753906,1285.75317383,-190.339111328,-41.903503418,35.8282737732,-16.9795265198,20.4570960999,-5.66594791412,5.18048000336,-18.3233604431,-7.8905005455,-20.101650238,37.5618057251],[-920.449707031,-190.339111328,750.807312012,3.67946910858,129.509292603,25.2697029114,-4.80578041077,-25.9986057281,-40.4436225891,3.08212971687,-3.30801939964,8.72037124634,-3.23439526558],[553.538635254,-41.903503418,3.67946910858,360.295135498,66.7781524658,110.41519928,66.1715087891,68.2757339478,93.0528182983,34.7613677979,30.0246810913,14.8169784546,18.1433334351],[-204.423736572,35.8282737732,129.509292603,66.7781524658,210.725982666,59.9663963318,16.0244350433,31.4392929077,48.2213821411,30.4635448456,13.2501735687,15.9191579819,17.2293014526],[315.171234131,-16.9795265198,25.2697029114,110.41519928,59.9663963318,225.307983398,99.9369430542,46.4206047058,71.3231124878,39.7511482239,26.6459102631,3.54476451874,7.71922016144],[305.463989258,20.4570960999,-4.80578041077,66.1715087891,16.0244350433,99.9369430542,168.710983276,91.7055130005,43.2460021973,39.4753303528,31.5062885284,11.7843008041,6.18765449524],[471.73059082,-5.66594791412,-25.9986057281,68.2757339478,31.4392929077,46.4206047058,91.7055130005,145.378097534,71.8325042725,42.4878959656,28.5045623779,11.6246757507,11.4883565903],[361.097320557,5.18048000336,-40.4436225891,93.0528182983,48.2213821411,71.3231124878,43.2460021973,71.8325042725,134.813812256,60.0669670105,24.99269104,11.0236120224,14.6592960358],[305.02154541,-18.3233604431,3.08212971687,34.7613677979,30.4635448456,39.7511482239,39.4753303528,42.4878959656,60.0669670105,94.2458953857,46.1588516235,9.66726398468,4.87725305557],[154.545349121,-7.8905005455,-3.30801939964,30.0246810913,13.2501735687,26.6459102631,31.5062885284,28.5045623779,24.99269104,46.1588516235,79.2072143555,33.967666626,7.98502159119],[59.4320755005,-20.101650238,8.72037124634,14.8169784546,15.9191579819,3.54476451874,11.7843008041,11.6246757507,11.0236120224,9.66726398468,33.967666626,71.6345901489,25.5489349365],[-87.5716400146,37.5618057251,-3.23439526558,18.1433334351,17.2293014526,7.71922016144,6.18765449524,11.4883565903,14.6592960358,4.87725305557,7.98502159119,25.5489349365,58.5223579407]],"icov":[[0.000135877358844,0.000167841775692,0.000189038983081,-0.000128627681988,0.00012278003851,-0.000109557899123,0.0000661806916469,-0.000338236190146,0.0000584370027354,-0.000337555451551,0.000141287979204,-0.000158435039339,0.000247010611929],[0.000167841775692,0.00109494710341,0.000513380276971,0.0000115529710456,-0.000301166932331,0.000108103296952,-0.000393389811506,-0.0000627445988357,-0.0000977275412879,-0.00000263734273176,-0.000137620139867,0.000487042503664,-0.000467663485324],[0.000189038983081,0.000513380276971,0.00195974623784,-0.000163349410286,-0.00111942959484,-0.00025248635211,-0.0000935207281145,-0.000178949529072,0.00110851635691,-0.000833139230963,0.000430664455052,-0.000313328986522,0.000389995868318],[-0.000128627681988,0.0000115529710456,-0.000163349410286,0.00391596183181,-0.000653619703371,-0.000860559812281,-0.000374565919628,-0.00000939820256463,-0.00202920287848,0.00151180580724,-0.00104148907121,0.000437662907643,-0.000742235803045],[0.00012278003851,-0.000301166932331,-0.00111942959484,-0.000653619703371,0.00683409860358,-0.001480922685,0.00157148612197,-0.00144190958235,-0.000976068491582,-0.00146149925422,0.000962275604252,-0.00136918085627,-0.000349222595105],[-0.000109557899123,0.000108103296952,-0.00025248635211,-0.000860559812281,-0.001480922685,0.00805168226361,-0.00509260315448,0.00315072899684,-0.00329431379214,0.0010953953024,-0.00133302784525,0.00177258159965,-0.000544652109966],[0.0000661806916469,-0.000393389811506,-0.0000935207281145,-0.000374565919628,0.00157148612197,-0.00509260315448,0.0128922639415,-0.00780689809471,0.00332336802967,-0.00240986165591,0.000029448474379,-0.00154096726328,0.000878065126017],[-0.000338236190146,-0.0000627445988357,-0.000178949529072,-0.00000939820256463,-0.00144190958235,0.00315072899684,-0.00780689809471,0.0151487952098,-0.00607833918184,0.00139950669836,-0.00189095654059,0.00149075000081,-0.00159916898701],[0.0000584370027354,-0.0000977275412879,0.00110851635691,-0.00202920287848,-0.000976068491582,-0.00329431379214,0.00332336802967,-0.00607833918184,0.0166379716247,-0.00845227763057,0.0033036659006,-0.00168106588535,-0.000775849330239],[-0.000337555451551,-0.00000263734273176,-0.000833139230963,0.00151180580724,-0.00146149925422,0.0010953953024,-0.00240986165591,0.00139950669836,-0.00845227763057,0.0223524682224,-0.0119374245405,0.00479603977874,-0.000962949357927],[0.000141287979204,-0.000137620139867,0.000430664455052,-0.00104148907121,0.000962275604252,-0.00133302784525,0.000029448474379,-0.00189095654059,0.0033036659006,-0.0119374245405,0.0241189580411,-0.0111125838012,0.00263489363715],[-0.000158435039339,0.000487042503664,-0.000313328986522,0.000437662907643,-0.00136918085627,0.00177258159965,-0.00154096726328,0.00149075000081,-0.00168106588535,0.00479603977874,-0.0111125838012,0.0224714223295,-0.00893576163799],[0.000247010611929,-0.000467663485324,0.000389995868318,-0.000742235803045,-0.000349222595105,-0.000544652109966,0.000878065126017,-0.00159916898701,-0.000775849330239,-0.000962949357927,0.00263489363715,-0.00893576163799,0.0222208183259]],"mean":[-660.364685059,123.138320923,-1.64600479603,24.8932285309,6.27816009521,7.55041790009,-5.31058931351,1.82821440697,2.90506148338,-1.00704932213,-0.653990924358,-1.68685472012,-1.45080125332]},"pitch_salience":{"dmean":0.0824551805854,"dmean2":0.134590536356,"dvar":0.00626298924908,"dvar2":0.016463490203,"max":0.897864639759,"mean":0.537009656429,"median":0.547287940979,"min":0.0814180150628,"var":0.0148863550276},"silence_rate_20dB":{"dmean":0,"dmean2":0,"dvar":0,"dvar2":0,"max":1,"mean":1,"median":1,"min":1,"var":0},"silence_rate_30dB":{"dmean":0.0641290098429,"dmean2":0.12826603651,"dvar":0.0600071139634,"dvar2":0.123581893742,"max":1,"mean":0.916062474251,"median":1,"min":0,"var":0.0768897235394},"silence_rate_60dB":{"dmean":0.0312519520521,"dmean2":0.062507815659,"dvar":0.030275253579,"dvar2":0.0673514381051,"max":1,"mean":0.183624997735,"median":0,"min":0,"var":0.149894848466},"spectral_centroid":{"dmean":232.711120605,"dmean2":352.125946045,"dvar":78097.71875,"dvar2":153257.5,"max":10962.6923828,"mean":1288.65026855,"median":1305.95288086,"min":121.322181702,"var":384104.375},"spectral_complexity":{"dmean":3.15782237053,"dmean2":4.95486927032,"dvar":10.9781208038,"dvar2":24.7935848236,"max":57,"mean":21.6273117065,"median":22,"min":0,"var":196.142486572},"spectral_contrast_coeffs":{"dmean":[0.0528966449201,0.0448787026107,0.0368339456618,0.0293010212481,0.0193688776344,0.016654683277],"dmean2":[0.0867516174912,0.0739658325911,0.0604154393077,0.0478372089565,0.0319106541574,0.0259032547474],"dvar":[0.00220245704986,0.00129824236501,0.000883186934516,0.000558176543564,0.000272017263342,0.000277554005152],"dvar2":[0.00549763673916,0.00349675212055,0.00231770216487,0.00144867110066,0.000677329720929,0.000613902462646],"max":[-0.240747094154,-0.464279294014,-0.496849656105,-0.545608103275,-0.615946531296,-0.623209953308],"mean":[-0.615399360657,-0.748383581638,-0.783869564533,-0.786295831203,-0.807028651237,-0.757485866547],"median":[-0.616279840469,-0.75279712677,-0.788501024246,-0.788631618023,-0.808029294014,-0.7483253479],"min":[-0.963678181171,-0.963006019592,-0.964308798313,-0.96632117033,-0.957682013512,-0.961114406586],"var":[0.00719632906839,0.00425058649853,0.00329581764527,0.0022242043633,0.00118199794088,0.00296357669868]},"spectral_contrast_valleys":{"dmean":[0.427583903074,0.356041967869,0.339071005583,0.289875864983,0.240429416299,0.272740006447],"dmean2":[0.695811212063,0.579117834568,0.524907290936,0.435725748539,0.343508899212,0.331623643637],"dvar":[0.150057911873,0.123096875846,0.128620654345,0.108803756535,0.11307439208,0.145060941577],"dvar2":[0.340191721916,0.279493153095,0.262809127569,0.194594472647,0.191383033991,0.208212837577],"max":[-4.7574634552,-4.36275005341,-5.25241518021,-5.71960353851,-5.57379484177,-7.66874742508],"mean":[-7.51951360703,-6.79488754272,-7.5041308403,-7.68610858917,-7.6372590065,-10.3578290939],"median":[-7.22399902344,-6.52882385254,-7.19233036041,-7.22118282318,-7.00585079193,-9.98384857178],"min":[-26.8050861359,-27.0624465942,-27.3747329712,-27.2062530518,-27.3027648926,-27.1600151062],"var":[1.58016729355,1.0857437849,1.44068741798,1.59953010082,2.08629465103,2.04330515862]},"spectral_decrease":{"dmean":4.87738249788e-9,"dmean2":7.82658027276e-9,"dvar":1.17129317368e-16,"dvar2":2.79900502173e-16,"max":-2.61912720093e-29,"mean":-9.20839227092e-9,"median":-5.93810289828e-9,"min":-1.07347766232e-7,"var":1.66365569117e-16},"spectral_energy":{"dmean":0.018725655973,"dmean2":0.0299834124744,"dvar":0.00170469330624,"dvar2":0.004071155563,"max":0.408872395754,"mean":0.0365046523511,"median":0.0242739990354,"min":1.10722834427e-20,"var":0.00246138661169},"spectral_energyband_high":{"dmean":0.000296744052321,"dmean2":0.00040547142271,"dvar":4.5664066306e-7,"dvar2":8.46349678341e-7,"max":0.0153924450278,"mean":0.000829220749438,"median":0.000493771512993,"min":8.31720250841e-21,"var":0.00000156706710186},"spectral_energyband_low":{"dmean":0.0138162421063,"dmean2":0.0222275201231,"dvar":0.00117246306036,"dvar2":0.00278677861206,"max":0.391523182392,"mean":0.0202015694231,"median":0.00809130817652,"min":1.36425819519e-22,"var":0.00155437190551},"spectral_energyband_middle_high":{"dmean":0.00133805780206,"dmean2":0.00212861876935,"dvar":0.00000472086367154,"dvar2":0.0000122815890791,"max":0.0635502412915,"mean":0.00518860016018,"median":0.00394009007141,"min":1.31905156807e-21,"var":0.0000292666645691},"spectral_energyband_middle_low":{"dmean":0.00726127298549,"dmean2":0.0118469214067,"dvar":0.000534229853656,"dvar2":0.00135013042018,"max":0.283607721329,"mean":0.0118121709675,"median":0.00711951125413,"min":4.44335080896e-22,"var":0.000505066127516},"spectral_entropy":{"dmean":0.15404945612,"dmean2":0.216260194778,"dvar":0.0406709462404,"dvar2":0.0716435536742,"max":9.80042076111,"mean":7.61003303528,"median":7.77924966812,"min":4.92053794861,"var":0.28688082099},"spectral_flux":{"dmean":0.033540815115,"dmean2":0.0533596016467,"dvar":0.00345629826188,"dvar2":0.00732748722658,"max":0.541314899921,"mean":0.090750336647,"median":0.0723847001791,"min":1.05224919056e-10,"var":0.00707014417276},"spectral_kurtosis":{"dmean":1.74737071991,"dmean2":2.78353667259,"dvar":8.11966991425,"dvar2":19.6949462891,"max":80.7406082153,"mean":5.22480344772,"median":3.4681353569,"min":-1.19191610813,"var":32.0778884888},"spectral_rms":{"dmean":0.00113817083184,"dmean2":0.0017614440294,"dvar":0.00000367810048374,"dvar2":0.00000823919617687,"max":0.0199724789709,"mean":0.00497868284583,"median":0.00486641004682,"min":3.28667431812e-12,"var":0.0000108271842691},"spectral_rolloff":{"dmean":489.409454346,"dmean2":791.857055664,"dvar":839229.3125,"dvar2":1629805.125,"max":19186.0839844,"mean":1371.55187988,"median":1055.12695312,"min":21.533203125,"var":2197665.75},"spectral_skewness":{"dmean":0.219282925129,"dmean2":0.32927724719,"dvar":0.0818252041936,"dvar2":0.170558318496,"max":7.10353326797,"mean":1.57856273651,"median":1.35332548618,"min":0.000101197154436,"var":0.520153224468},"spectral_spread":{"dmean":482715.3125,"dmean2":640690.25,"dvar":508172173312,"dvar2":805935513600,"max":40216716,"mean":4473059,"median":3983639.5,"min":1066994.25,"var":2955639521280},"spectral_strongpeak":{"dmean":0.320877403021,"dmean2":0.548562049866,"dvar":0.32725918293,"dvar2":0.867185652256,"max":10.572637558,"mean":0.567462265491,"median":0.412422508001,"min":0,"var":0.419601559639},"zerocrossingrate":{"dmean":0.010793521069,"dmean2":0.0122165232897,"dvar":0.000209414880374,"dvar2":0.000210503771086,"max":0.513671875,"mean":0.0566237792373,"median":0.05078125,"min":0.00146484375,"var":0.0014407010749}},"metadata":{"audio_properties":{"analysis_sample_rate":44100,"bit_rate":254724,"codec":"mp3","downmix":"mix","equal_loudness":0,"length":371.487335205,"lossless":false,"md5_encoded":"c8e72258e996bc98aa1191d0e6813f56","replay_gain":-5.94004058838,"sample_rate":44100},"tags":{"acoustid_id":["b52c25f7-0e52-4f34-a947-9bf9139ad008"],"album":["Concrete and Gold"],"albumartist":["Foo Fighters"],"albumartistsort":["Foo Fighters"],"albumsort":["Concrete and Gold"],"artist":["Foo Fighters"],"artistsort":["Foo Fighters"],"barcode":["889854560126"],"catalognumber":["88985-45601-2"],"date":["2017-09-15"],"discnumber":["1/1"],"file_name":"09-Sunday_Rain.mp3","label":["RCA"],"media":["CD"],"musicbrainz album release country":["US"],"musicbrainz album status":["official"],"musicbrainz album type":["album"],"musicbrainz_albumartistid":["67f66c07-6e61-4026-ade5-7e782fad3a5d"],"musicbrainz_albumid":["d6d1dd67-8c35-4512-915d-1ef5121b314d"],"musicbrainz_artistid":["67f66c07-6e61-4026-ade5-7e782fad3a5d"],"musicbrainz_recordingid":["2798c8f5-5464-4a63-97f5-7e66e7f89da5"],"musicbrainz_releasegroupid":["e0335c44-58cd-433c-86d3-e114b14b7111"],"originaldate":["2017-09-15"],"originalyear":["2017"],"script":["Latn"],"title":["Sunday Rain"],"titlesort":["Sunday Rain"],"tracknumber":["9/11"]},"version":{"essentia":"2.1-beta2","essentia_build_sha":"cead25079874084f62182a551b7393616cd33d87","essentia_git_sha":"v2.1_beta2-1-ge3940c0","extractor":"music 1.0"}},"rhythm":{"beats_count":936,"beats_loudness":{"dmean":0.0763541981578,"dmean2":0.139395490289,"dvar":0.00432171765715,"dvar2":0.0140029480681,"max":0.277276992798,"mean":0.0796408951283,"median":0.0595122501254,"min":0.00000152580184931,"var":0.0051818555221},"beats_loudness_band_ratio":{"dmean":[0.368602633476,0.123376704752,0.120152942836,0.0577105432749,0.086013905704,0.07161552459],"dmean2":[0.693384468555,0.222662910819,0.225674837828,0.104687020183,0.163897842169,0.13192990422