{"lowlevel":{"average_loudness":0.847117841244,"barkbands":{"dmean":[0.00780069315806,0.0202920939773,0.00591647950932,0.00160543306265,0.00188185891602,0.00132634164765,0.000795873231255,0.000479724578327,0.000565436319448,0.000364280014765,0.000356717646355,0.000405740487622,0.000284192414256,0.000268163188593,0.000321456231177,0.000134414178319,0.000179639537237,0.000136285962071,0.000113281384984,0.0000752125924919,0.0000444942779723,0.0000318257079925,0.00000788268243923,0.0000044302069,0.00000372921113012,0.00000674151124258,0.000213625738979],"dmean2":[0.0133117958903,0.0347056612372,0.0099309226498,0.00265686446801,0.00306737027131,0.0020320257172,0.00125375913922,0.000782678078394,0.00088877446251,0.000600631639827,0.000586835609283,0.000674010894727,0.00047521936358,0.000450087041827,0.000526627409272,0.000226358621148,0.000300360872643,0.000225070703891,0.000183657786692,0.000122726647533,0.0000712633118383,0.000050797178119,0.0000125714714159,0.00000714345696906,0.00000610283859714,0.0000106254401544,0.00033886890742],"dvar":[0.000293169956421,0.000983699341305,0.000135603331728,0.00000539607208339,0.00000855236157804,0.00000885717145138,0.00000248618243859,9.55607561082e-7,0.00000137584709137,4.50242595207e-7,5.2436007536e-7,4.25997683351e-7,2.19848701022e-7,2.02840780616e-7,3.59522260851e-7,6.83611176555e-8,1.84374556511e-7,6.13520114712e-8,5.10454007951e-8,2.22132694461e-8,9.59459622862e-9,1.35301512216e-8,3.87561177595e-10,4.98315937125e-11,3.53095053196e-11,2.33948416195e-10,1.75739018005e-7],"dvar2":[0.000761747942306,0.0027127454523,0.000354818097549,0.0000139214944284,0.0000212217055378,0.0000188514786714,0.00000580043752052,0.00000243616727857,0.00000327211614604,0.00000117997603866,0.00000129214924982,0.00000108385631847,5.92567857893e-7,5.54264090624e-7,9.17647696497e-7,1.89893469837e-7,4.97574603742e-7,1.64129090763e-7,1.33028208893e-7,5.79774201981e-8,2.32593659888e-8,3.25883355856e-8,9.47250278216e-10,1.19708493118e-10,8.78488809475e-11,5.6119225933e-10,4.21451403554e-7],"max":[0.291668534279,0.389076173306,0.185479328036,0.0629067122936,0.0583574362099,0.0812532380223,0.0469970218837,0.0341258384287,0.0313140228391,0.0175950694829,0.0228917431086,0.0159496869892,0.00968657527119,0.00818246416748,0.0145856095478,0.00590140232816,0.00993651151657,0.00425698189065,0.00598137686029,0.00320580834523,0.00233086012304,0.00363754597493,0.000597029109485,0.000126453203848,0.0000689061489538,0.000506624870468,0.0138716073707],"mean":[0.00749697722495,0.0276197250932,0.00753881176934,0.00227770628408,0.00314181530848,0.002178322291,0.00159407092724,0.000785655691288,0.0010450296104,0.000578541948926,0.000575307931285,0.000738902832381,0.000494952080771,0.000524399976712,0.000575681508053,0.000268236268312,0.000365722895367,0.000302703352645,0.000266353279585,0.000175833847607,0.000106559004053,0.0000510012177983,0.0000110200926429,0.00000505092066305,0.00000393977097701,0.00000966034713201,0.000804782263003],"median":[0.00271437247284,0.0179241430014,0.00397019227967,0.00132200377993,0.00178758637048,0.000929272500798,0.000553145771846,0.000307973648887,0.000392025162,0.000324725173414,0.00028186084819,0.000451258791145,0.000285547110252,0.000233515398577,0.000248570839176,0.0000732716871426,0.0000575277663302,0.0000881796222529,0.0000578382350795,0.0000345392618328,0.000013957522242,0.00000948789238464,0.00000380733627026,0.00000195864186026,0.00000146779927945,0.00000396622272092,0.000210276455618],"min":[4.36831884038e-24,5.13626136321e-23,3.012172281e-23,4.37918066619e-24,1.97348401803e-23,6.28159131433e-24,6.24570082527e-23,5.816668409e-23,6.85805000087e-23,7.13139977086e-23,7.68200070133e-23,8.00621874685e-23,1.43693651837e-22,8.78732925145e-23,9.2161496219e-23,7.04230203369e-23,1.40022823299e-22,3.10520289999e-22,2.02903456168e-22,2.49858552462e-22,5.10632264035e-22,5.89274097977e-22,5.6076357939e-22,8.75229284631e-22,1.10951678305e-21,1.92704365664e-21,2.74067837886e-21],"var":[0.000249043776421,0.00106392800808,0.000147550774273,0.00000828366773931,0.0000173220887518,0.0000182457151823,0.00000837805691845,0.00000184780242307,0.00000376323487217,7.63120681313e-7,9.84027678896e-7,9.78730781753e-7,4.16562556893e-7,5.12993779012e-7,8.06472542081e-7,1.74550336851e-7,5.07815173023e-7,2.07140544717e-7,2.05695002364e-7,8.62195221885e-8,3.9888846004e-8,1.80390156146e-8,4.82609729957e-10,6.55694110119e-11,4.18157175552e-11,3.09008707511e-10,0.00000162373225976]},"barkbands_crest":{"dmean":3.5501639843,"dmean2":5.91836357117,"dvar":8.59024810791,"dvar2":23.1201400757,"max":25.6724147797,"mean":12.814997673,"median":12.3699359894,"min":2.70188188553,"var":21.2761268616},"barkbands_flatness_db":{"dmean":0.0376337915659,"dmean2":0.061579618603,"dvar":0.001103560091,"dvar2":0.00299530033953,"max":0.51754796505,"mean":0.185502842069,"median":0.179559320211,"min":0.0304251126945,"var":0.0047065760009},"barkbands_kurtosis":{"dmean":13.4668283463,"dmean2":22.6113796234,"dvar":627.684875488,"dvar2":1690.97180176,"max":654.95135498,"mean":22.5898571014,"median":10.4938154221,"min":-1.84085512161,"var":1343.52062988},"barkbands_skewness":{"dmean":1.07109153271,"dmean2":1.75043237209,"dvar":1.3106880188,"dvar2":3.46184849739,"max":19.6447677612,"mean":3.26454329491,"median":2.78871059418,"min":-7.35221004486,"var":4.5961432457},"barkbands_spread":{"dmean":5.82671976089,"dmean2":9.40704154968,"dvar":47.7034034729,"dvar2":119.29107666,"max":107.278656006,"mean":17.7381267548,"median":12.2222251892,"min":0.282975822687,"var":261.706298828},"dissonance":{"dmean":0.0187890231609,"dmean2":0.0314622037113,"dvar":0.000388346030377,"dvar2":0.00104860961437,"max":0.500000059605,"mean":0.464583009481,"median":0.47450530529,"min":0.21021425724,"var":0.00101388839539},"dynamic_complexity":3.50291061401,"erbbands":{"dmean":[0.906100928783,3.7404282093,6.9799952507,5.66640853882,6.36376333237,5.85434389114,7.78436946869,11.8369140625,10.329574585,13.3779830933,12.2298307419,11.4362773895,9.50214195251,12.5436639786,13.2919931412,17.0288181305,13.3203639984,11.8768453598,18.4421253204,10.5383205414,6.64478683472,10.400018692,6.96103620529,6.6212387085,4.98627281189,3.59398984909,2.16966676712,1.62740659714,1.24596011639,0.491469442844,0.19818739593,0.10619879514,0.0687955543399,0.0423284545541,0.0263813789934,0.0169063527137,0.0130297681317,0.0225027166307,0.0141943451017,0.00532845873386],"dmean2":[1.57182943821,6.34538412094,11.6955518723,9.28229427338,10.671500206,9.5227804184,12.1473274231,18.3348674774,16.3405189514,21.4980754852,19.4378509521,18.1188392639,15.6544446945,20.6359138489,21.8122844696,28.3053016663,22.1807441711,19.941532135,30.152759552,17.3364486694,11.1518621445,17.3616676331,11.4812231064,10.7615766525,8.10692596436,5.86515617371,3.49073672295,2.59006881714,1.97365546227,0.79220199585,0.316201269627,0.171063005924,0.111441604793,0.0692169293761,0.0431327596307,0.027245676145,0.0204459074885,0.0350282490253,0.0216500535607,0.00848503038287],"dvar":[2.663667202,28.3787593842,169.558822632,72.0071487427,96.5271224976,110.016166687,272.334289551,844.371704102,691.050842285,704.104675293,663.432250977,615.156555176,354.542510986,465.694000244,708.293457031,710.994384766,467.851654053,395.466186523,1345.88549805,357.113616943,170.934402466,689.084899902,173.742614746,147.887954712,118.491416931,51.0430259705,20.9448127747,17.1029491425,20.3967456818,2.91845369339,0.19810937345,0.0320144928992,0.0118695925921,0.00455329846591,0.00175003090408,0.000696578121278,0.000890288618393,0.00866450741887,0.000946351327002,0.0000894380209502],"dvar2":[7.45029640198,76.5590362549,439.956604004,184.119125366,256.440734863,267.572113037,528.275024414,1872.1998291,1590.71569824,1670.8269043,1522.23925781,1484.40820312,912.530395508,1191.86169434,1733.75610352,1862.7097168,1263.93786621,1096.48742676,3459.17041016,913.719909668,472.166900635,1858.5168457,463.231658936,384.12387085,307.838806152,132.45741272,52.4421043396,39.4600982666,48.673664093,7.54540014267,0.476578593254,0.0767201334238,0.0285506211221,0.0112834759057,0.00435545481741,0.00168330955785,0.0021115434356,0.0205182470381,0.00208569923416,0.000213965511648],"max":[18.731180191,66.2782592773,222.856719971,155.035140991,167.075592041,268.849365234,882.41003418,821.580078125,814.082641602,836.710144043,700.743530273,721.701477051,404.432250977,520.594116211,1060.03417969,476.366424561,379.646209717,356.593048096,1230.2355957,566.929016113,298.350280762,649.307495117,234.045516968,310.841491699,313.405151367,164.501846313,140.291290283,139.527511597,148.237792969,62.3487052917,12.0715198517,3.76216268539,1.69183599949,0.941386699677,0.475390583277,0.455115705729,0.8894790411,3.55351305008,0.918023526669,0.344219207764],"mean":[1.05223751068,5.15365743637,9.44201469421,8.60671234131,9.67955207825,8.90556240082,12.5250873566,19.1688327789,20.6750450134,24.1561126709,22.863527298,20.8615074158,15.9660396576,21.563627243,24.5577220917,31.9183235168,25.102689743,24.8899078369,34.067440033,21.327922821,14.709643364,21.1905021667,16.3403453827,15.9000797272,11.9825973511,8.46667385101,5.16589641571,3.67522001266,2.06398510933,0.706725895405,0.276074141264,0.127915799618,0.0766687914729,0.0450473055243,0.0282060336322,0.0198399741203,0.01898993738,0.0429301410913,0.0489783510566,0.0241477210075],"median":[0.582366704941,3.16956353188,5.12604904175,5.25930786133,5.42919874191,4.81233930588,6.13050699234,7.27956581116,7.01173782349,8.20934867859,7.80950593948,8.76379966736,9.1400976181,13.1934928894,13.9277696609,20.0235462189,15.5972900391,12.4001455307,14.8069677353,8.95690059662,3.87810707092,3.37766981125,4.35392284393,4.45284414291,2.29937195778,1.67217826843,0.831421434879,0.484576910734,0.369632869959,0.184350073338,0.0995912998915,0.0512694977224,0.0289750657976,0.0170149113983,0.0108412960544,0.00834861397743,0.00789360050112,0.00754929380491,0.00791040994227,0.0121264560148],"min":[9.28425015369e-22,1.34698147494e-20,3.97391234138e-20,2.26963060474e-20,3.48308921528e-20,5.83694053887e-20,7.01020641114e-20,6.93205658406e-20,5.47801498037e-19,1.68800524556e-18,8.50917801001e-19,1.71679909249e-18,1.48663588025e-18,2.96666589613e-18,2.8949330002e-18,3.54016262252e-18,6.53129652117e-18,4.30758563967e-18,5.4119453765e-18,4.63426573335e-18,3.76352951205e-18,9.59444310958e-18,1.84691894554e-17,8.90992633728e-18,1.27535682917e-17,1.18806793328e-17,1.06375153805e-17,2.64046556721e-17,2.11376972726e-17,2.00647695718e-17,1.49801747189e-17,1.82720590805e-17,1.53982185656e-17,1.07368738341e-17,9.51075807419e-18,6.66717334449e-18,3.33168767235e-18,1.32333708904e-18,4.39643910633e-19,3.92858252069e-20],"var":[2.27456498146,37.1680450439,198.437438965,107.295433044,170.877029419,180.219177246,691.468139648,1565.72021484,2302.76171875,1999.12890625,1973.05895996,1410.97167969,621.783874512,841.757873535,1460.57385254,1581.44750977,957.04473877,1024.75195312,2820.14331055,949.867431641,527.789611816,1781.3815918,636.18951416,593.202819824,458.967010498,201.357269287,84.5047149658,56.7931442261,27.9588375092,2.96482849121,0.26689311862,0.0428928807378,0.0153409894556,0.00544379930943,0.00208604568616,0.000926733773667,0.00120187818538,0.0121273249388,0.00731175206602,0.00092670408776]},"erbbands_crest":{"dmean":2.42394590378,"dmean2":3.96968007088,"dvar":5.2642993927,"dvar2":13.4941234589,"max":28.6970119476,"mean":8.25336170197,"median":7.30044174194,"min":2.24013972282,"var":14.8792896271},"erbbands_flatness_db":{"dmean":0.0245879907161,"dmean2":0.0379602685571,"dvar":0.000496621010825,"dvar2":0.00124715070706,"max":0.365483492613,"mean":0.143046796322,"median":0.137165486813,"min":0.0297821834683,"var":0.00168993859552},"erbbands_kurtosis":{"dmean":1.03726875782,"dmean2":1.7111209631,"dvar":4.08576917648,"dvar2":11.1440877914,"max":45.7675590515,"mean":0.728171944618,"median":-0.0716035366058,"min":-1.83693027496,"var":8.61857223511},"erbbands_skewness":{"dmean":0.348567545414,"dmean2":0.552737057209,"dvar":0.120460897684,"dvar2":0.296122699976,"max":5.87150669098,"mean":0.194328829646,"median":0.0641458258033,"min":-3.71036553383,"var":0.829559206963},"erbbands_spread":{"dmean":7.41279602051,"dmean2":11.7739496231,"dvar":52.918094635,"dvar2":129.774963379,"max":129.121810913,"mean":33.6641159058,"median":32.4519004822,"min":2.55124926567,"var":186.801071167},"gfcc":{"cov":[[16907.7929688,280.866210938,-2203.9440918,-149.710098267,469.902709961,-970.631774902,761.364013672,-468.621734619,447.938781738,132.089691162,194.52116394,134.895690918,-99.5949478149],[280.866210938,1055.85668945,149.47076416,-275.773834229,79.7413787842,-8.00305175781,-6.61639928818,-16.0214767456,-1.91132616997,-72.4714889526,70.4110107422,-106.896957397,26.9561462402],[-2203.9440918,149.47076416,747.811584473,70.2565383911,-173.518890381,323.403442383,-199.377227783,127.952026367,-81.6700973511,-16.743024826,-46.8514137268,-33.7699890137,10.6923513412],[-149.710098267,-275.773834229,70.2565383911,269.463867188,37.731716156,-1.90352845192,41.0311584473,-23.4880142212,-13.6320476532,-13.9940652847,-49.9569816589,40.3066635132,-14.2633199692],[469.902709961,79.7413787842,-173.518890381,37.731716156,248.662918091,-56.9788970947,123.930404663,-81.9332351685,17.5488185883,-34.3570709229,18.1939945221,-2.60513210297,12.9151105881],[-970.631774902,-8.00305175781,323.403442383,-1.90352845192,-56.9788970947,329.408569336,-107.668640137,90.5749740601,-70.3996429443,-2.32596898079,-18.8671321869,-12.2909431458,25.2302398682],[761.364013672,-6.61639928818,-199.377227783,41.0311584473,123.930404663,-107.668640137,212.167053223,-59.5503387451,66.7571411133,0.145618677139,6.0384106636,21.3380680084,-15.3224573135],[-468.621734619,-16.0214767456,127.952026367,-23.4880142212,-81.9332351685,90.5749740601,-59.5503387451,143.918716431,9.62669563293,27.2574768066,4.42404794693,-21.710100174,0.697932779789],[447.938781738,-1.91132616997,-81.6700973511,-13.6320476532,17.5488185883,-70.3996429443,66.7571411133,9.62669563293,131.48475647,56.8265228271,8.31386852264,4.11936283112,-24.3514232635],[132.089691162,-72.4714889526,-16.743024826,-13.9940652847,-34.3570709229,-2.32596898079,0.145618677139,27.2574768066,56.8265228271,82.5625762939,26.5146522522,3.36226248741,-10.773648262],[194.52116394,70.4110107422,-46.8514137268,-49.9569816589,18.1939945221,-18.8671321869,6.0384106636,4.42404794693,8.31386852264,26.5146522522,67.854385376,17.1601085663,11.6335515976],[134.895690918,-106.896957397,-33.7699890137,40.3066635132,-2.60513210297,-12.2909431458,21.3380680084,-21.710100174,4.11936283112,3.36226248741,17.1601085663,84.9161605835,26.2526092529],[-99.5949478149,26.9561462402,10.6923513412,-14.2633199692,12.9151105881,25.2302398682,-15.3224573135,0.697932779789,-24.3514232635,-10.773648262,11.6335515976,26.2526092529,63.6951370239]],"icov":[[0.000123803547467,-0.000240546200075,0.000548797077499,-0.000351926923031,0.00028856555582,-0.00024789237068,-0.0000309975694108,0.000160806273925,-0.000212496554013,-0.00011327174434,-0.0000627149565844,-0.0000976884475676,0.000106230982055],[-0.000240546200075,0.00345627078786,-0.00308029050939,0.00322724785656,-0.000950441171881,0.00138273206539,-0.000850772135891,0.00104573951103,-0.00178490846884,0.00486590433866,-0.00437004351988,0.00398464221507,-0.00187369307969],[0.000548797077499,-0.00308029050939,0.00742913223803,-0.00563842756674,0.00407266523689,-0.00498306797817,0.00178324768785,0.000252656522207,-0.00178447796497,-0.000342722982168,0.000265357550234,-0.000214538653381,0.000525994051713],[-0.000351926923031,0.00322724785656,-0.00563842756674,0.0113620655611,-0.00585649209097,0.00429656682536,-0.00173070642632,-0.00151056936011,0.00405538035557,-0.00183583085891,0.00609597750008,-0.00472409510985,0.00273414258845],[0.00028856555582,-0.000950441171881,0.00407266523689,-0.00585649209097,0.0124370092526,-0.00468510761857,-0.00325455074199,0.00537034776062,-0.00609145965427,0.00808191671968,-0.00962205324322,0.00817344896495,-0.00522259622812],[-0.00024789237068,0.00138273206539,-0.00498306797817,0.00429656682536,-0.00468510761857,0.00880170054734,-0.0000409663334722,-0.00386721175164,0.00548705644906,-0.00425499584526,0.00464998651296,-0.00276985089295,-0.00000771111535869],[-0.0000309975694108,-0.000850772135891,0.00178324768785,-0.00173070642632,-0.00325455074199,-0.0000409663334722,0.010206386447,-0.0000258366944763,-0.00342233665287,0.000322013394907,0.00153167988174,-0.0030970426742,0.00249912473373],[0.000160806273925,0.00104573951103,0.000252656522207,-0.00151056936011,0.00537034776062,-0.00386721175164,-0.0000258366944763,0.0136748356745,-0.00668984977528,0.00446113198996,-0.00816493667662,0.00798612553626,-0.00388825451955],[-0.000212496554013,-0.00178490846884,-0.00178447796497,0.00405538035557,-0.00609145965427,0.00548705644906,-0.00342233665287,-0.00668984977528,0.0230308249593,-0.0203116647899,0.0146301779896,-0.0101683242247,0.00683071697131],[-0.00011327174434,0.00486590433866,-0.000342722982168,-0.00183583085891,0.00808191671968,-0.00425499584526,0.000322013394907,0.00446113198996,-0.0203116647899,0.0388994030654,-0.025362951681,0.0137691330165,-0.00474314950407],[-0.0000627149565844,-0.00437004351988,0.000265357550234,0.00609597750008,-0.00962205324322,0.00464998651296,0.00153167988174,-0.00816493667662,0.0146301779896,-0.025362951681,0.0405728183687,-0.0199703276157,0.0057628210634],[-0.0000976884475676,0.00398464221507,-0.000214538653381,-0.00472409510985,0.00817344896495,-0.00276985089295,-0.0030970426742,0.00798612553626,-0.0101683242247,0.0137691330165,-0.0199703276157,0.03028665483,-0.0146475788206],[0.000106230982055,-0.00187369307969,0.000525994051713,0.00273414258845,-0.00522259622812,-0.00000771111535869,0.00249912473373,-0.00388825451955,0.00683071697131,-0.00474314950407,0.0057628210634,-0.0146475788206,0.0256824102253]],"mean":[-21.1185493469,113.457000732,-76.5866775513,6.16222906113,-1.85149502754,-10.0439567566,2.47100615501,-10.7448587418,-4.87389707565,-4.70574569702,-0.739152014256,-5.73831176758,-5.24751996994]},"hfc":{"dmean":57.3608436584,"dmean2":93.9192581177,"dvar":5573.67333984,"dvar2":14279.9257812,"max":1308.9498291,"mean":190.407867432,"median":181.577758789,"min":1.28656694626e-16,"var":19869.2695312},"melbands":{"dmean":[0.0068516288884,0.00387598550878,0.000931547896471,0.000448675215011,0.000256758852629,0.000261871289695,0.000154247463797,0.000130836211611,0.000111137742351,0.0000700589298503,0.0000488769619551,0.0000528804812348,0.0000504560266563,0.0000435263464169,0.000039051828935,0.0000274520371022,0.0000236611540458,0.0000321382540278,0.0000202402989089,0.0000111641265903,0.00000809398534329,0.0000116711653391,0.00000792028549768,0.00000705468210072,0.00000586368241784,0.00000424447625846,0.00000353328437086,0.00000242066471401,0.00000156078692726,0.00000113653129574,0.00000104186358385,8.73266458257e-7,4.22598532168e-7,2.20397282646e-7,1.20752631005e-7,8.07114446388e-8,5.93109703573e-8,4.98066015098e-8,4.05928624048e-8,3.42074528703e-8],"dmean2":[0.0117526901886,0.00648135412484,0.00152754492592,0.000735386682209,0.000403031357564,0.000401761179091,0.000244317634497,0.000211096034036,0.00017516236403,0.000111546287371,0.0000806389653007,0.0000870332369232,0.0000827191615826,0.0000721969990991,0.0000644412502879,0.0000462465577584,0.0000400183780584,0.0000527303418494,0.0000330516522808,0.0000187798905245,0.0000136811804623,0.0000194684707822,0.0000131873393912,0.0000116956616694,0.00000961141267908,0.00000699043494023,0.00000577501759835,0.00000399749933422,0.00000256154862655,0.0000018500703618,0.00000166190500295,0.00000138842563047,6.97490008861e-7,3.57293515663e-7,1.93732759612e-7,1.30325858549e-7,9.5887529028e-8,8.07036428796e-8,6.62237766846e-8,5.60461010934e-8],"dvar":[0.0001369388483,0.0000356143209501,0.00000180116626325,5.3356296803e-7,2.31831407405e-7,3.85796909086e-7,1.32250832507e-7,6.6522659381e-8,5.70076537088e-8,2.17851656714e-8,9.44921119128e-9,8.66734506388e-9,1.09624878064e-8,5.41042810553e-9,4.02516331377e-9,2.24114948821e-9,1.64855407103e-9,4.32031610487e-9,1.46381440302e-9,4.5232451118e-10,2.70163696969e-10,8.21598233891e-10,2.85471840611e-10,1.68984728988e-10,1.21621351878e-10,7.77935355023e-11,5.76671384256e-11,2.37095430095e-11,1.07247535505e-11,6.48329610484e-12,8.96246965532e-12,1.00666133415e-11,2.63600664734e-12,4.81916264707e-13,7.52557738348e-14,2.27995333252e-14,9.32549563016e-15,6.32931097331e-15,4.11824073175e-15,3.00466239786e-15],"dvar2":[0.000378188124159,0.0000932838156587,0.00000457617443317,0.00000132283480525,4.70108204809e-7,8.48235856665e-7,3.07607791683e-7,1.60996918908e-7,1.27913693859e-7,5.30343697847e-8,2.44536124683e-8,2.2219182938e-8,2.65120636556e-8,1.32699886635e-8,1.02883443986e-8,6.22799811723e-9,4.58335325249e-9,1.10949693877e-8,3.57939811124e-9,1.23125487583e-9,7.44893868809e-10,2.20374696269e-9,7.74988850871e-10,4.54716514442e-10,3.18682691347e-10,2.08767905741e-10,1.49523726733e-10,6.31451627098e-11,2.7849077211e-11,1.64549329024e-11,2.09420970149e-11,2.40328815876e-11,6.90218455307e-12,1.24296590815e-12,1.82518252899e-13,5.4864028224e-14,2.25011541111e-14,1.52152494434e-14,1.00690236924e-14,7.47726381002e-15],"max":[0.142742738128,0.0934510529041,0.0240831300616,0.0158643685281,0.0229281112552,0.0178807079792,0.0111508890986,0.00765603780746,0.00699661672115,0.00389515561983,0.00204614503309,0.00207438203506,0.00347006251104,0.00234471750446,0.00147540715989,0.00114391127136,0.000742499483749,0.00236331578344,0.00102556520142,0.000465861347038,0.00041045609396,0.000653010327369,0.000464373035356,0.000215707419557,0.000287262373604,0.000193484127522,0.000181644034456,0.000099346965726,0.0000884619294084,0.0000683562102495,0.000106437575596,0.0000979024189292,0.0000624351669103,0.0000217401739064,0.00000738216613172,0.00000333780781148,0.00000183066015325,0.00000120380809676,9.60825786933e-7,6.90240995027e-7],"mean":[0.00879792496562,0.00572555838153,0.00153599539772,0.000699025928043,0.000418322015321,0.000442367629148,0.00031216815114,0.000231302707107,0.000203727395274,0.000124155514641,0.000078288030636,0.000086336331151,0.0000845250397106,0.000080048070231,0.00007079506031,0.0000482053983433,0.0000450012666988,0.0000566729977436,0.000036722747609,0.0000216961871047,0.0000158460861712,0.0000224202449317,0.0000163069835253,0.0000147417413245,0.0000128547289933,0.0000092900445452,0.00000764113610785,0.00000510575819135,0.00000334650098921,0.00000243544900513,0.00000209503014048,0.00000136323410516,5.73207387333e-7,3.0157849551e-7,1.65140406239e-7,1.02310330874e-7,6.72574600458e-8,5.49828449437e-8,4.39915517347e-8,3.58121106103e-8],"median":[0.00544015318155,0.0035623353906,0.00101571017876,0.000374381954316,0.000215645690332,0.000169172795722,0.000110673747258,0.0000826593168313,0.000061967613874,0.0000533216989425,0.0000421288023063,0.0000510235149704,0.0000424558420491,0.0000494251580676,0.0000438682982349,0.0000281316606561,0.0000202850642381,0.0000233762475546,0.0000161929783644,0.00000679268350723,0.00000363114304491,0.00000336227572006,0.00000314219551001,0.00000436064738096,0.00000347484774466,0.0000018446210106,0.00000127164344121,0.0000010127225778,5.49776984826e-7,3.17629201163e-7,2.59963798044e-7,2.23482999218e-7,1.29363058932e-7,8.61595879087e-8,5.83122492515e-8,3.96509634015e-8,2.58466545944e-8,2.03627799067e-8,1.65008788855e-8,1.31351338695e-8],"min":[1.17105107648e-23,2.03997883923e-23,3.86095545501e-24,4.01562189067e-24,2.5611937149e-24,2.05414015465e-24,9.14761527972e-24,1.83297085142e-23,6.55701499964e-24,1.10145342869e-23,7.67997033114e-24,1.22825067074e-23,9.96659804975e-24,8.63103444911e-24,1.24040031198e-23,1.40605163574e-23,6.85187621766e-24,9.06863137045e-24,6.99703056852e-24,5.71855091513e-24,3.80972406681e-24,1.00437407577e-23,1.2441234199e-23,1.55277992189e-23,6.08779619448e-24,7.42292394947e-24,1.11453376802e-23,6.84401442987e-24,5.00071944025e-24,1.12376170511e-23,1.61354398415e-23,1.11132815284e-23,1.22590096965e-23,9.82416448015e-24,6.80894640719e-24,1.28446773875e-23,9.87210119078e-24,1.21046209399e-23,8.37037429564e-24,8.75046562357e-24],"var":[0.000128837433294,0.0000480264679936,0.00000289316653834,9.95726395558e-7,5.85833277e-7,7.95266544174e-7,4.26409314969e-7,1.76626528514e-7,1.83271751553e-7,4.73621497576e-8,1.63223603522e-8,1.48766137187e-8,2.13940314353e-8,1.34840343335e-8,8.12750844403e-9,3.94773103096e-9,3.82311249325e-9,8.53861070738e-9,3.38526762178e-9,1.125188831e-9,7.03147096104e-10,2.06520711643e-9,8.30012059083e-10,5.01348074167e-10,4.11854023108e-10,2.67286331956e-10,1.94153831901e-10,7.58881429919e-11,3.57197084411e-11,2.21943227685e-11,2.28748912173e-11,1.35332942769e-11,2.44473842212e-12,4.98366376379e-13,9.9587445766e-14,3.05277111641e-14,1.20223451962e-14,8.11867866229e-15,5.1054813487e-15,3.52993463351e-15]},"melbands_crest":{"dmean":4.76590919495,"dmean2":7.91492319107,"dvar":16.5098743439,"dvar2":44.7089691162,"max":37.3260765076,"mean":19.0499610901,"median":18.7009620667,"min":2.14195895195,"var":34.1825714111},"melbands_flatness_db":{"dmean":0.0457646325231,"dmean2":0.0748959109187,"dvar":0.00153238442726,"dvar2":0.00416014576331,"max":0.698322415352,"mean":0.311157137156,"median":0.307581692934,"min":0.00774627877399,"var":0.0073635103181},"melbands_kurtosis":{"dmean":17.0560035706,"dmean2":28.5418300629,"dvar":677.134094238,"dvar2":1850.02978516,"max":520.675537109,"mean":29.2567272186,"median":15.9299087524,"min":-1.82917487621,"var":1421.74694824},"melbands_skewness":{"dmean":1.21660113335,"dmean2":1.98876035213,"dvar":1.48940491676,"dvar2":3.98203063011,"max":16.6948127747,"mean":3.88060832024,"median":3.45970511436,"min":-2.52051496506,"var":4.263920784},"melbands_spread":{"dmean":4.59382915497,"dmean2":7.50802373886,"dvar":37.4414901733,"dvar2":97.5292205811,"max":259.624145508,"mean":11.8294200897,"median":8.32353305817,"min":0.195796966553,"var":204.110580444},"mfcc":{"cov":[[11996.6533203,102.359024048,-2358.30761719,631.990783691,-686.178833008,64.9099578857,-235.810241699,-121.857574463,-30.3025951385,11.8796691895,171.146697998,173.659790039,129.491714478],[102.359024048,1191.47595215,34.4181594849,-180.445892334,74.2294082642,-76.1427307129,71.9311752319,-31.209602356,-48.7034912109,43.721912384,38.0878944397,-34.3911743164,-12.92852211],[-2358.30761719,34.4181594849,1017.28625488,-243.262741089,214.004745483,-6.99572753906,35.56483078,40.4367218018,26.2835979462,13.4786653519,-20.1928710938,-9.4394826889,-34.6652565002],[631.990783691,-180.445892334,-243.262741089,357.959655762,-78.6441421509,50.1703681946,-22.7050666809,17.3030986786,15.7884273529,-22.5040988922,-6.82350444794,12.0966930389,6.78039216995],[-686.178833008,74.2294082642,214.004745483,-78.6441421509,186.197616577,28.4087486267,59.325592041,18.9900951385,-0.709074497223,-1.41640341282,-25.753698349,-25.0593280792,-7.19148111343],[64.9099578857,-76.1427307129,-6.99572753906,50.1703681946,28.4087486267,166.216766357,44.6232719421,32.0466651917,21.3008785248,-19.4492301941,-24.0926589966,-1.44544517994,14.1361141205],[-235.810241699,71.9311752319,35.56483078,-22.7050666809,59.325592041,44.6232719421,122.697158813,33.0533561707,-5.33943271637,-7.4521780014,-27.7397766113,-26.4782085419,3.39606070518],[-121.857574463,-31.209602356,40.4367218018,17.3030986786,18.9900951385,32.0466651917,33.0533561707,76.5632400513,27.3543987274,-7.40924978256,-11.4348325729,-2.93030357361,1.46039688587],[-30.3025951385,-48.7034912109,26.2835979462,15.7884273529,-0.709074497223,21.3008785248,-5.33943271637,27.3543987274,74.0817260742,23.6553535461,11.3479032516,18.084810257,-0.224671050906],[11.8796691895,43.721912384,13.4786653519,-22.5040988922,-1.41640341282,-19.4492301941,-7.4521780014,-7.40924978256,23.6553535461,79.6417236328,45.8372154236,7.05167865753,-4.0119433403],[171.146697998,38.0878944397,-20.1928710938,-6.82350444794,-25.753698349,-24.0926589966,-27.7397766113,-11.4348325729,11.3479032516,45.8372154236,79.5120544434,40.1383476257,3.02780056],[173.659790039,-34.3911743164,-9.4394826889,12.0966930389,-25.0593280792,-1.44544517994,-26.4782085419,-2.93030357361,18.084810257,7.05167865753,40.1383476257,75.5829467773,30.2791900635],[129.491714478,-12.92852211,-34.6652565002,6.78039216995,-7.19148111343,14.1361141205,3.39606070518,1.46039688587,-0.224671050906,-4.0119433403,3.02780056,30.2791900635,51.6622657776]],"icov":[[0.000172567728441,-0.0000634314710624,0.000347038090695,-0.0000218584063987,0.000184939955943,-0.000173445674591,0.000183243872016,-0.0000271284388873,0.0000682645404595,-0.0000547300005564,-0.0000434488756582,-0.000241200876189,-0.000010800086784],[-0.0000634314710624,0.00106999499258,-0.0000182174935617,0.000376666546799,-0.000368229113519,0.000460983865196,-0.000792214006651,0.00027887194301,0.000304129294818,-0.0000441081137978,-0.000899205391761,0.000634805532172,-0.0000895636112546],[0.000347038090695,-0.0000182174935617,0.00228787516244,0.000798697408754,-0.0012240910437,-0.000215652427869,0.000782354210969,-0.000824518268928,0.00000320176195601,-0.000432542175986,0.000625892425887,-0.00162971962709,0.00130133226048],[-0.0000218584063987,0.000376666546799,0.000798697408754,0.00397129822522,0.000625810527708,-0.000969061744399,0.00053516443586,-0.00101325125434,-0.000296854152111,0.000511424441356,0.000289560877718,-0.000418505253037,0.000776238972321],[0.000184939955943,-0.000368229113519,-0.0012240910437,0.000625810527708,0.00911027844995,-0.00128567393404,-0.00251025869511,0.0000787643803051,0.000227301352425,-0.000657116645016,0.00120295397937,0.000732910877559,-0.000226552714594],[-0.000173445674591,0.000460983865196,-0.000215652427869,-0.000969061744399,-0.00128567393404,0.0084048518911,-0.00277825188823,-0.00053112389287,-0.00268073263578,0.00177293305751,0.000208522149478,0.000649744237307,-0.0020155319944],[0.000183243872016,-0.000792214006651,0.000782354210969,0.00053516443586,-0.00251025869511,-0.00277825188823,0.0134838642552,-0.00526348315179,0.00262645608746,-0.00192695308942,0.00234799459577,0.00194966874551,-0.00194817758165],[-0.0000271284388873,0.00027887194301,-0.000824518268928,-0.00101325125434,0.0000787643803051,-0.00053112389287,-0.00526348315179,0.0194949917495,-0.00835655536503,0.00418654549867,-0.00186602864414,0.00228610308841,-0.00127302051987],[0.0000682645404595,0.000304129294818,0.00000320176195601,-0.000296854152111,0.000227301352425,-0.00268073263578,0.00262645608746,-0.00835655536503,0.0223922729492,-0.0102957533672,0.00557258166373,-0.00863194372505,0.00480525987223],[-0.0000547300005564,-0.0000441081137978,-0.000432542175986,0.000511424441356,-0.000657116645016,0.00177293305751,-0.00192695308942,0.00418654549867,-0.0102957533672,0.0259379055351,-0.0184061191976,0.0107034984976,-0.00402456149459],[-0.0000434488756582,-0.000899205391761,0.000625892425887,0.000289560877718,0.00120295397937,0.000208522149478,0.00234799459577,-0.00186602864414,0.00557258166373,-0.0184061191976,0.0340362675488,-0.0203390885144,0.0087954448536],[-0.000241200876189,0.000634805532172,-0.00162971962709,-0.000418505253037,0.000732910877559,0.000649744237307,0.00194966874551,0.00228610308841,-0.00863194372505,0.0107034984976,-0.0203390885144,0.0343101024628,-0.0186671502888],[-0.000010800086784,-0.0000895636112546,0.00130133226048,0.000776238972321,-0.000226552714594,-0.0020155319944,-0.00194817758165,-0.00127302051987,0.00480525987223,-0.00402456149459,0.0087954448536,-0.0186671502888,0.0309501495212]],"mean":[-686.915405273,174.208129883,-7.99305057526,37.0617866516,10.1587486267,18.0062465668,13.1604642868,7.25659942627,2.47024893761,4.92236995697,6.41835546494,1.95023477077,1.66426849365]},"pitch_salience":{"dmean":0.096724241972,"dmean2":0.160677731037,"dvar":0.00659329118207,"dvar2":0.0180111508816,"max":0.934600114822,"mean":0.495721369982,"median":0.507420301437,"min":0.0790391936898,"var":0.0144787309691},"silence_rate_20dB":{"dmean":0,"dmean2":0,"dvar":0,"dvar2":0,"max":1,"mean":1,"median":1,"min":1,"var":0},"silence_rate_30dB":{"dmean":0.133916378021,"dmean2":0.267851054668,"dvar":0.115990385413,"dvar2":0.232883810997,"max":1,"mean":0.820045113564,"median":1,"min":0,"var":0.147576227784},"silence_rate_60dB":{"dmean":0.0163979232311,"dmean2":0.0327980853617,"dvar":0.0161342676729,"dvar2":0.0376182459295,"max":1,"mean":0.0590968094766,"median":0,"min":0,"var":0.0555920489132},"spectral_centroid":{"dmean":184.587783813,"dmean2":288.714172363,"dvar":46705.40625,"dvar2":101986.078125,"max":11205.9677734,"mean":936.871704102,"median":744.46697998,"min":116.76159668,"var":472691.21875},"spectral_complexity":{"dmean":2.88849401474,"dmean2":4.61086416245,"dvar":8.70482158661,"dvar2":20.635848999,"max":61,"mean":20.5879611969,"median":18,"min":0,"var":189.979492188},"spectral_contrast_coeffs":{"dmean":[0.0535856597126,0.047019097954,0.0364545434713,0.0297949053347,0.024168420583,0.0362989082932],"dmean2":[0.0903288722038,0.0773234218359,0.0606294125319,0.0492048412561,0.0391317792237,0.0567592792213],"dvar":[0.00175892550033,0.00136637920514,0.000819603796117,0.000557112391107,0.000438179326011,0.00128276227042],"dvar2":[0.00494182854891,0.00366443837993,0.00222953408957,0.00147004274186,0.00106737250462,0.00294534116983],"max":[-0.424887359142,-0.465421676636,-0.523836433887,-0.60791182518,-0.644905149937,-0.473473668098],"mean":[-0.699898660183,-0.773907661438,-0.814373850822,-0.815549254417,-0.825633645058,-0.777187466621],"median":[-0.702685832977,-0.779866933823,-0.817101955414,-0.811940431595,-0.81718558073,-0.803555369377],"min":[-0.970626056194,-0.967341721058,-0.973901748657,-0.987601399422,-0.972975194454,-0.958885371685],"var":[0.00431874860078,0.00513670453802,0.00298816501163,0.00262202206068,0.00284678093158,0.00748589076102]},"spectral_contrast_valleys":{"dmean":[0.383352726698,0.376681923866,0.32577213645,0.309436112642,0.360926926136,0.670026361942],"dmean2":[0.637104451656,0.623220324516,0.532738626003,0.493093729019,0.560251533985,1.06289732456],"dvar":[0.0947123840451,0.10699442029,0.0885065793991,0.0983574315906,0.156460613012,0.304636090994],"dvar2":[0.24579448998,0.273020267487,0.220783859491,0.235675096512,0.373160719872,0.818906903267],"max":[-4.62438392639,-4.68408441544,-5.36630058289,-5.61156415939,-5.4992852211,-8.94559764862],"mean":[-6.47688055038,-6.64602994919,-7.1363992691,-7.57972764969,-7.86492013931,-11.0766744614],"median":[-6.24225234985,-6.37015151978,-6.77105569839,-7.28010797501,-7.75393152237,-10.9390707016],"min":[-27.1210536957,-27.0044841766,-26.9222106934,-27.0647392273,-27.2592830658,-27.3112239838],"var":[1.61111485958,1.71515202522,1.76065027714,1.95738756657,2.00737595558,1.2156431675]},"spectral_decrease":{"dmean":7.73153185918e-9,"dmean2":1.29326895859e-8,"dvar":1.40849416265e-16,"dvar2":3.75098217478e-16,"max":3.94295485151e-9,"mean":-1.31330777364e-8,"median":-1.00152899307e-8,"min":-1.31881151333e-7,"var":1.69249531014e-16},"spectral_energy":{"dmean":0.0293827652931,"dmean2":0.0485476329923,"dvar":0.00196531252004,"dvar2":0.00516119925305,"max":0.511243760586,"mean":0.0668379291892,"median":0.057950604707,"min":1.10473185825e-20,"var":0.00298800831661},"spectral_energyband_high":{"dmean":0.000227252341574,"dmean2":0.000349738635123,"dvar":2.18047986777e-7,"dvar2":4.87364673063e-7,"max":0.0134832244366,"mean":0.000792712089606,"median":0.000159662682563,"min":8.09701252234e-21,"var":0.00000168183726146},"spectral_energyband_low":{"dmean":0.0274094007909,"dmean2":0.0463631227612,"dvar":0.00179211236537,"dvar2":0.00482130190358,"max":0.488593399525,"mean":0.0418000184,"median":0.0292911417782,"min":8.81972114239e-23,"var":0.00202598259784},"spectral_energyband_middle_high":{"dmean":0.00130501552485,"dmean2":0.00207584374584,"dvar":0.00000330469333676,"dvar2":0.00000828529573482,"max":0.0419541224837,"mean":0.00472079450265,"median":0.00308578531258,"min":1.42520170122e-21,"var":0.0000232666334341},"spectral_energyband_middle_low":{"dmean":0.0040742685087,"dmean2":0.00642832089216,"dvar":0.0000282502351183,"dvar2":0.0000671246525599,"max":0.108266048133,"mean":0.0111588016152,"median":0.00879791285843,"min":2.27947252932e-22,"var":0.0000981759658316},"spectral_entropy":{"dmean":0.226406022906,"dmean2":0.355374485254,"dvar":0.0653176233172,"dvar2":0.164063572884,"max":9.81022453308,"mean":7.32435131073,"median":7.43105268478,"min":4.3395280838,"var":0.268155485392},"spectral_flux":{"dmean":0.0406424552202,"dmean2":0.0667176991701,"dvar":0.00252424296923,"dvar2":0.00561476778239,"max":0.569508969784,"mean":0.134996339679,"median":0.128077596426,"min":1.05106222337e-10,"var":0.0063252877444},"spectral_kurtosis":{"dmean":6.14936208725,"dmean2":9.86306476593,"dvar":73.3392181396,"dvar2":194.377105713,"max":193.357971191,"mean":19.0597229004,"median":16.8711280823,"min":-1.20047962666,"var":110.483123779},"spectral_rms":{"dmean":0.00155624258332,"dmean2":0.00250843702815,"dvar":0.00000326180020238,"dvar2":0.00000838241885504,"max":0.0223332569003,"mean":0.00737128267065,"median":0.00751912035048,"min":3.28296699721e-12,"var":0.0000108717440526},"spectral_rolloff":{"dmean":5994.76855469,"dmean2":11578.6357422,"dvar":75474080,"dvar2":177819040,"max":22028.4667969,"mean":8420.37792969,"median":1636.5234375,"min":43.06640625,"var":95319072},"spectral_skewness":{"dmean":0.458197683096,"dmean2":0.719846785069,"dvar":0.325155615807,"dvar2":0.830053448677,"max":11.9702768326,"mean":2.95039916039,"median":2.73992466927,"min":-0.0398662909865,"var":0.769647836685},"spectral_spread":{"dmean":586345.875,"dmean2":926914.625,"dvar":362723639296,"dvar2":839452000256,"max":40920280,"mean":3840750.75,"median":3699733,"min":906540.3125,"var":1510123765760},"spectral_strongpeak":{"dmean":1.48261976242,"dmean2":2.81866240501,"dvar":80.9819564819,"dvar2":232.773361206,"max":166.24786377,"mean":1.14689040184,"median":0.283032298088,"min":0,"var":49.8479385376},"zerocrossingrate":{"dmean":0.0408564582467,"dmean2":0.0549194142222,"dvar":0.0012389945332,"dvar2":0.00218020379543,"max":0.72998046875,"mean":0.216971948743,"median":0.21533203125,"min":0.015625,"var":0.00858627259731}},"metadata":{"audio_properties":{"analysis_sample_rate":44100,"bit_rate":320000,"codec":"mp3","downmix":"mix","equal_loudness":0,"length":339.82800293,"lossless":false,"md5_encoded":"5f0140f3bf5c6afb0e1dad1ff317b79d","replay_gain":-11.6514701843,"sample_rate":44100},"tags":{"acoustid_id":["9576e034-9ec5-4096-bdc8-9264dcbf70cc"],"album":["I’m With You"],"albumartist":["Red Hot Chili Peppers"],"albumartistsort":["Red Hot Chili Peppers"],"artist":["Red Hot Chili Peppers"],"artistsort":["Red Hot Chili Peppers"],"asin":["B0054N73EY"],"barcode":["093624956488"],"catalognumber":["9362-49564-8"],"conductor":["Lenny Castro (percussion)"],"date":["2011"],"discnumber":["1/1"],"file_name":"03. Red Hot Chili Peppers - Brendan’s Death Song.mp3","genre":["Alternative Rock"],"isrc":["USWB11101948"],"label":["Warner Bros. Records"],"language":["eng"],"media":["CD"],"musicbrainz album release country":["US"],"musicbrainz album status":["official"],"musicbrainz album type":["album"],"musicbrainz_albumartistid":["8bfac288-ccc5-448d-9573-c33ea2aa5c30"],"musicbrainz_albumid":["97792caa-bc7b-4d1f-9022-e62d9d3fa9a9"],"musicbrainz_artistid":["8bfac288-ccc5-448d-9573-c33ea2aa5c30"],"musicbrainz_recordingid":["27d735e0-3ea3-4050-96d3-079035e8690d"],"musicbrainz_workid":["1d1f4cca-c072-4815-a34f-e7ce952552e3"],"originaldate":["2011"],"script":["Latn"],"title":["Brendan’s Death Song"],"tracknumber":["3/14"],"writer":["Flea/Josh Klinghoffer/Anthony Kiedis/Chad Smith"]},"version":{"essentia":"2.1-beta1","essentia_build_sha":"ca57ba49d9b1854bd80e60cf9ccf267278fb7d6b","essentia_git_sha":"v2.1_beta1-28-g21ef5f4-dirty","extractor":"music 1.0"}},"rhythm":{"beats_count":668,"beats_loudness":{"dmean":0.0355768464506,"dmean2":0.0619656145573,"dvar":0.00140038842801,"dvar2":0.0040698456578,"max":0.277645409107,"mean":0.0688916817307,"median":0.0626750066876,"min":5.44591094442e-10,"var":0.00238056317903},"beats_loudness_band_ratio":{"dmean":[0.154948353767,0.0705204010