{"lowlevel":{"average_loudness":0.827480375767,"barkbands":{"dmean":[0.00000979695960268,0.000269550801022,0.000414267007727,0.000989362015389,0.00188039185014,0.00277554010972,0.00118902116083,0.000882513064425,0.00063135108212,0.000641364895273,0.000234480743529,0.000274986785371,0.000204974465305,0.000180824295967,0.000169567560079,0.000128946412588,0.00012771753245,0.0000662458915031,0.0000575121557631,0.0000329915710608,0.0000227771506616,0.000020686091375,0.0000184755226655,0.0000123116751638,0.00000647277238386,2.50063436624e-7,7.65947483217e-9],"dmean2":[0.0000126985250972,0.000409973843489,0.000610801274888,0.00149349914864,0.00294961198233,0.00413474952802,0.00180921319406,0.0013932819711,0.000989486696199,0.000967189553194,0.000373918970581,0.000449991814094,0.000344849162502,0.0003036785929,0.000288202601951,0.000213159277337,0.000212512313738,0.000107893807581,0.0000898487051018,0.0000521897236467,0.0000356818927685,0.0000312126503559,0.0000287581806333,0.0000172459876921,0.00000966939205682,3.73635856477e-7,1.21292567101e-8],"dvar":[1.2007289607e-10,5.5464926163e-7,8.53419862779e-7,0.00000248201695285,0.0000074976628639,0.0000216531007027,0.00000418756098952,0.00000224112818614,0.00000212649206333,0.00000247095772465,3.28580767928e-7,8.07182289009e-7,2.34406158484e-7,1.47265552641e-7,8.11752371987e-8,5.85687658372e-8,4.19559214038e-8,1.12795772722e-8,1.53944483827e-8,1.85204633851e-8,2.87891666062e-8,2.35610713162e-8,9.76338441205e-8,2.1304002118e-8,5.34476729541e-9,3.37721842679e-12,1.54430528136e-15],"dvar2":[2.22121279703e-10,0.00000122581730011,0.00000194072663362,0.00000638889287075,0.0000205701726372,0.0000507729237142,0.00000996910057438,0.00000546733053852,0.00000572952103539,0.00000544285057913,7.91111119725e-7,0.00000208645383282,6.25434722679e-7,3.87909551591e-7,2.2471721195e-7,1.59824267598e-7,1.10440304013e-7,2.83500458664e-8,3.12206829278e-8,4.30686881714e-8,6.63510348886e-8,4.68595544589e-8,2.67397012976e-7,3.93640711138e-8,1.12537277275e-8,6.90202235643e-12,2.98369155615e-15],"max":[0.000197139597731,0.0171643905342,0.0177991166711,0.0335797555745,0.0534767061472,0.0948047339916,0.041958656162,0.0447291322052,0.0429113321006,0.0648801252246,0.013324778527,0.0318980515003,0.0140111437067,0.0114532811567,0.00817574374378,0.00705654546618,0.00381491077133,0.00244086957537,0.00709134014323,0.0045523182489,0.00593994092196,0.0074384692125,0.0183345805854,0.00748788286,0.00344149302691,0.0000887506539584,0.00000228816179515],"mean":[0.0000264178561338,0.000667497806717,0.000962262914982,0.00261679757386,0.00548087060452,0.00654367450625,0.0026228884235,0.0017234866973,0.001183826942,0.0012670645956,0.000440133560915,0.000493802363053,0.000353410170646,0.000307895272272,0.000324832857586,0.000266949617071,0.00027556475834,0.000166778554558,0.000156804584549,0.0000676103009027,0.0000347152817994,0.0000335454096785,0.0000267515970336,0.0000168289807334,0.00000925985477807,4.0795700329e-7,2.97586062459e-8],"median":[0.0000227648270084,0.000179070048034,0.000363663013559,0.00127227418125,0.00312893884256,0.00280529260635,0.00126671884209,0.000763388816267,0.000537419458851,0.000514006358571,0.000136916933116,0.000129676438519,0.000120055221487,0.000145449914271,0.000195258849999,0.000153137632878,0.000166139856447,0.0000903568143258,0.0000749968166929,0.0000254421684076,0.00000901070688997,0.00000626254950475,0.00000301357476928,0.00000114237559501,6.58705403112e-7,8.13361253904e-8,2.2891306628e-8],"min":[7.40245564674e-26,4.18220880347e-24,2.64866340094e-24,3.58048700421e-24,1.00432847961e-23,8.20152098546e-24,5.97148693704e-24,9.08702445132e-24,1.65286885805e-23,2.63880583451e-23,1.98687729848e-23,3.90309632568e-23,3.88365689971e-23,4.69721924869e-23,6.20040443209e-23,6.275082423e-23,1.03515571228e-22,1.04773274257e-22,1.33473233058e-22,1.35007106824e-22,2.65435437761e-22,3.44953677237e-22,4.40405013731e-22,6.42218352481e-22,9.23775759495e-22,1.22041654043e-21,1.99366118041e-21],"var":[3.76956993398e-10,0.00000158399700467,0.00000252644940701,0.000010538825336,0.0000430991640314,0.0000822449073894,0.0000131359438456,0.00000678326114212,0.00000430897489423,0.00000567346842217,8.94940228591e-7,0.00000171607462107,4.78522792946e-7,3.02882227743e-7,1.80219458912e-7,1.50711443325e-7,1.13219357445e-7,4.61280329489e-8,6.17855704377e-8,2.99552382899e-8,3.88454672873e-8,3.67670587309e-8,9.28302057446e-8,4.6484480265e-8,1.08912541208e-8,6.47249875224e-12,3.0358069523e-15]},"barkbands_crest":{"dmean":2.10551166534,"dmean2":3.35795760155,"dvar":3.40703439713,"dvar2":8.68157100677,"max":24.9803619385,"mean":10.4974536896,"median":9.82817554474,"min":2.84729814529,"var":14.7887048721},"barkbands_flatness_db":{"dmean":0.0145150469616,"dmean2":0.0217065066099,"dvar":0.000179233742529,"dvar2":0.000386788597098,"max":0.420472234488,"mean":0.191657677293,"median":0.189700677991,"min":0.0449715927243,"var":0.00222853990272},"barkbands_kurtosis":{"dmean":2.05281114578,"dmean2":3.18810868263,"dvar":6.37676143646,"dvar2":15.7928857803,"max":68.69921875,"mean":4.90744495392,"median":3.31012678146,"min":-1.83535850048,"var":31.1946601868},"barkbands_skewness":{"dmean":0.381395280361,"dmean2":0.585813522339,"dvar":0.117451414466,"dvar2":0.284131675959,"max":7.46438264847,"mean":1.67025625706,"median":1.60090565681,"min":-2.09013676643,"var":0.995045185089},"barkbands_spread":{"dmean":2.37468576431,"dmean2":3.65747618675,"dvar":14.5745019913,"dvar2":31.3775291443,"max":119.953361511,"mean":10.9779577255,"median":9.65968513489,"min":0.848410785198,"var":49.9508247375},"dissonance":{"dmean":0.0233482792974,"dmean2":0.0389721952379,"dvar":0.000449726037914,"dvar2":0.00121327082161,"max":0.499948084354,"mean":0.439353644848,"median":0.448426157236,"min":0.151939675212,"var":0.00180289812852},"dynamic_complexity":3.69965577126,"erbbands":{"dmean":[0.0035405184608,0.0781120508909,0.407221287489,1.65215504169,6.29785871506,5.80972528458,10.4838590622,26.5267353058,19.8119430542,21.6184806824,16.0581798553,13.4569702148,22.15417099,10.6762981415,9.45892906189,12.840681076,9.27393436432,9.52567386627,7.27603769302,8.5868396759,7.3210067749,5.27959394455,3.67994594574,2.98658752441,2.41446781158,1.55878841877,1.10231292248,0.744339883327,0.679158806801,0.885714888573,0.395857095718,0.148493856192,0.262014716864,0.113367408514,0.0329433530569,0.00305074360222,0.000297922291793,0.0000243232407229,0.00000383786618841,0.00000597496182309],"dmean2":[0.00540541205555,0.117615297437,0.594297289848,2.5082719326,9.68981838226,9.23356628418,15.2942323685,39.697303772,29.9228363037,34.1489524841,25.0748825073,20.8077774048,33.1895751953,16.8719615936,15.0133008957,21.0761356354,15.5166797638,15.9279413223,12.3212013245,14.566827774,12.2069816589,8.64391040802,6.02429866791,4.79743337631,3.7920691967,2.49319434166,1.76800572872,1.10393667221,1.00379180908,1.45801484585,0.569598913193,0.224631935358,0.368508517742,0.164376884699,0.0455693826079,0.00443784659728,0.000440981471911,0.0000364306179108,0.00000578061735723,0.00000912455288926],"dvar":[0.00009122605843,0.0439051687717,0.795025169849,7.79055070877,84.6167755127,108.781669617,415.12286377,2520.82983398,1171.88867188,1697.72021484,840.066467285,1077.33776855,3170.2722168,936.846008301,497.539581299,1987.05041504,546.769104004,392.594421387,161.314407349,286.312835693,189.193649292,65.1590194702,33.5229530334,28.7081642151,42.7073822021,47.301410675,53.5223808289,30.8748073578,25.5352954865,190.917572021,22.966293335,1.75543308258,11.5065279007,1.8432816267,0.134194001555,0.000621782965027,0.00000514763178217,2.90933552805e-8,1.59509752629e-10,5.21281559585e-11],"dvar2":[0.000177902227733,0.0980113074183,1.7847969532,20.065984726,210.269958496,326.686767578,923.741027832,5957.61425781,2763.47070312,4270.19140625,2138.62939453,2785.68798828,6735.20556641,2330.95458984,1213.07287598,5137.14892578,1425.48608398,1006.97955322,449.928100586,776.729675293,529.83581543,168.603591919,84.0709609985,71.2105789185,90.4227752686,111.456428528,124.79699707,67.2058105469,46.5953903198,546.670043945,45.5246887207,3.53260827065,21.8097686768,3.84103035927,0.208365604281,0.00113000522833,0.00000977202034846,5.62683872829e-8,2.85079237994e-10,1.23667187601e-10],"max":[0.251807391644,4.66912269592,14.2933034897,65.2695999146,165.238327026,238.684570312,548.056091309,1063.72766113,665.320617676,954.580627441,572.476074219,1137.71057129,2650.56542969,1707.0222168,700.798095703,1615.62841797,761.310302734,637.846923828,331.303283691,539.006286621,459.260528564,150.243377686,141.240875244,153.248977661,394.835784912,275.760467529,251.277755737,164.130844116,291.030426025,824.725585938,256.511657715,56.6463623047,170.196212769,61.6837844849,29.1527118683,1.52694869041,0.116172894835,0.00924730114639,0.000650704081636,0.000151936823386],"mean":[0.00991754140705,0.190975442529,1.04498052597,4.88300275803,17.9802074432,14.575044632,25.5115394592,60.2538223267,45.3062591553,44.2053642273,33.9090080261,27.7682170868,46.4325027466,20.7644309998,19.5291080475,23.951341629,16.9571971893,17.1132678986,14.7194843292,17.103717804,16.5117111206,13.5154361725,10.1186275482,8.51350307465,6.27273368835,3.33229207993,1.87279522419,1.14150178432,1.12902569771,1.2334728241,0.635405600071,0.231703028083,0.347674846649,0.160784170032,0.0456068739295,0.0046384264715,0.000536556704901,0.000056481352658,0.0000188082103705,0.0000303012093354],"median":[0.00242564454675,0.0597171038389,0.464015126228,2.64299154282,8.87759971619,8.69049835205,11.3011283875,22.5093593597,23.2366352081,18.6177139282,16.1617469788,14.0447502136,19.4679431915,9.81967067719,7.88646602631,7.40949869156,6.50947475433,8.63240337372,8.83686351776,9.89183616638,10.6043539047,8.80967521667,6.08083057404,4.47721481323,3.05551338196,1.32910442352,0.612337291241,0.304094552994,0.228909194469,0.140550106764,0.0736795961857,0.0334061123431,0.0159480664879,0.00931922998279,0.00355626130477,0.000656535266899,0.000137825947604,0.0000250910816249,0.000017048610971,0.0000291153774015],"min":[9.97325351144e-23,1.23010683206e-21,3.14184320449e-21,1.1790250365e-20,1.47077317335e-20,3.28116311865e-20,5.60053684345e-20,6.68624887905e-20,6.90536579214e-20,1.38683718558e-19,4.45133443069e-19,6.0442526799e-19,8.90420224744e-19,8.95148492523e-19,1.69405607174e-18,1.82425915984e-18,2.15444422457e-18,2.52823556285e-18,3.28172927208e-18,3.43779840133e-18,4.16825657806e-18,6.02275994264e-18,6.55542537964e-18,6.43583367463e-18,5.93373669717e-18,7.3246868057e-18,9.44707674755e-18,8.85446222285e-18,1.2238152052e-17,1.10727298423e-17,1.27038497738e-17,1.17421174812e-17,9.77991437371e-18,9.94249424157e-18,6.96531570703e-18,4.5063728573e-18,2.33050258691e-18,9.98025772487e-19,2.39332767822e-19,2.81883927271e-20],"var":[0.000437632465037,0.119912430644,2.31710672379,35.6437721252,502.790130615,418.182861328,1585.45117188,9096.86816406,3478.19750977,5144.23388672,2424.96337891,2238.44458008,7888.39794922,1586.59570312,1543.04077148,4080.62988281,1135.76501465,803.300598145,363.778015137,642.388122559,514.249755859,245.298553467,147.549942017,135.451568604,119.375740051,74.4254989624,72.5428543091,45.017124176,41.2121925354,138.057022095,48.9262733459,3.76978302002,24.5088939667,3.90418028831,0.324981510639,0.00130971334875,0.000011322526916,6.44626751978e-8,4.89779106161e-10,4.24333179705e-10]},"erbbands_crest":{"dmean":2.6248652935,"dmean2":4.13979005814,"dvar":5.89883136749,"dvar2":14.6964931488,"max":32.930267334,"mean":11.2321310043,"median":9.91460800171,"min":2.20048046112,"var":26.7570838928},"erbbands_flatness_db":{"dmean":0.0129442699254,"dmean2":0.019296258688,"dvar":0.00015794117644,"dvar2":0.000327873422066,"max":0.493195414543,"mean":0.233209833503,"median":0.228310763836,"min":0.0277258884162,"var":0.00241849385202},"erbbands_kurtosis":{"dmean":0.897343695164,"dmean2":1.41578674316,"dvar":1.48242163658,"dvar2":3.46935510635,"max":49.2722702026,"mean":0.771582186222,"median":-0.0170675516129,"min":-1.76925635338,"var":7.71135091782},"erbbands_skewness":{"dmean":0.316445827484,"dmean2":0.491466104984,"dvar":0.0782261639833,"dvar2":0.18482530117,"max":5.56699228287,"mean":0.718686342239,"median":0.681362509727,"min":-2.18378615379,"var":0.534832119942},"erbbands_spread":{"dmean":4.46939754486,"dmean2":6.95513391495,"dvar":23.6807079315,"dvar2":52.5817680359,"max":109.690299988,"mean":25.8134155273,"median":25.3239555359,"min":0.967445790768,"var":124.368782043},"gfcc":{"cov":[[14802.9951172,929.692810059,-1735.6607666,1204.79101562,-911.304199219,-152.843475342,-614.459106445,-288.776702881,-391.23348999,-581.737548828,-91.2895812988,-310.339324951,-238.822143555],[929.692810059,908.355163574,-85.611618042,-117.656700134,263.568023682,-184.560882568,44.2012367249,-65.1345214844,14.268248558,-98.8002166748,2.74974417686,-43.5291442871,15.5474252701],[-1735.6607666,-85.611618042,561.365844727,67.8364334106,93.1921844482,55.2531738281,29.5791187286,42.6956825256,47.5867080688,42.3960952759,11.1878099442,21.8112545013,14.3755931854],[1204.79101562,-117.656700134,67.8364334106,578.499755859,-34.3854598999,24.217546463,-104.75176239,-71.8899307251,-100.553703308,-118.683425903,-43.4926643372,-54.7410049438,-69.6909484863],[-911.304199219,263.568023682,93.1921844482,-34.3854598999,342.533538818,-21.7718811035,81.2318191528,-8.57114982605,-13.2457513809,5.33750867844,-12.1261997223,9.23843479156,22.9265117645],[-152.843475342,-184.560882568,55.2531738281,24.217546463,-21.7718811035,182.766601562,55.7269859314,55.8426322937,9.89495944977,50.8385276794,3.3262526989,16.6165618896,-7.53775787354],[-614.459106445,44.2012367249,29.5791187286,-104.75176239,81.2318191528,55.7269859314,168.696228027,70.3590087891,46.0381660461,62.5165405273,-0.234838739038,9.89083099365,5.45549488068],[-288.776702881,-65.1345214844,42.6956825256,-71.8899307251,-8.57114982605,55.8426322937,70.3590087891,152.341262817,82.7275695801,67.577003479,9.50851821899,-1.49101781845,16.8696517944],[-391.23348999,14.268248558,47.5867080688,-100.553703308,-13.2457513809,9.89495944977,46.0381660461,82.7275695801,142.874755859,73.6285934448,26.9415721893,3.34834098816,12.5905265808],[-581.737548828,-98.8002166748,42.3960952759,-118.683425903,5.33750867844,50.8385276794,62.5165405273,67.577003479,73.6285934448,157.198608398,31.3182659149,23.5679111481,21.2351818085],[-91.2895812988,2.74974417686,11.1878099442,-43.4926643372,-12.1261997223,3.3262526989,-0.234838739038,9.50851821899,26.9415721893,31.3182659149,72.6381454468,30.6866397858,6.36720275879],[-310.339324951,-43.5291442871,21.8112545013,-54.7410049438,9.23843479156,16.6165618896,9.89083099365,-1.49101781845,3.34834098816,23.5679111481,30.6866397858,75.3162994385,33.3256072998],[-238.822143555,15.5474252701,14.3755931854,-69.6909484863,22.9265117645,-7.53775787354,5.45549488068,16.8696517944,12.5905265808,21.2351818085,6.36720275879,33.3256072998,89.1058654785]],"icov":[[0.000810584402643,-0.00230928882957,0.00206124805845,-0.00194167019799,0.00269452761859,-0.00163136585616,0.00175700127147,-0.00143102311995,0.00138582964428,-0.000805315910839,0.000247741612839,-0.000189836588106,0.000105770668597],[-0.00230928882957,0.00905078276992,-0.00548808602616,0.00595059245825,-0.00944277551025,0.00607578642666,-0.00598955713212,0.00506597198546,-0.00530202547088,0.00435974542052,-0.00228539155796,0.00256329169497,-0.000963153317571],[0.00206124805845,-0.00548808602616,0.00745573779568,-0.00541967293248,0.0058216182515,-0.00444237375632,0.00462668063119,-0.0036994565744,0.00236314185895,-0.0020002417732,0.000422832759796,-0.000849265023135,0.0000141357113534],[-0.00194167019799,0.00595059245825,-0.00541967293248,0.0075000138022,-0.00680662784725,0.00306265219115,-0.00298817874864,0.00364045472816,-0.00262594781816,0.00346913654357,-0.000522815156728,0.00194885325618,0.000854791142046],[0.00269452761859,-0.00944277551025,0.0058216182515,-0.00680662784725,0.0142144663259,-0.00525018107146,0.00373139185831,-0.00461434572935,0.00651826523244,-0.00412827078253,0.00220955535769,-0.00195880001411,-0.000212073951843],[-0.00163136585616,0.00607578642666,-0.00444237375632,0.00306265219115,-0.00525018107146,0.0123738814145,-0.00654844380915,0.000817565945908,-0.00134595041163,0.000537526095286,-0.000666929001454,-0.00112170388456,0.000852514698636],[0.00175700127147,-0.00598955713212,0.00462668063119,-0.00298817874864,0.00373139185831,-0.00654844380915,0.0150694176555,-0.00655887462199,0.00273839104921,-0.00387600972317,0.00311398669146,-0.00218706368469,0.00260798726231],[-0.00143102311995,0.00506597198546,-0.0036994565744,0.00364045472816,-0.00461434572935,0.000817565945908,-0.00655887462199,0.0156469494104,-0.00838105939329,0.00135830393992,-0.00104062072933,0.00407983409241,-0.00317056989297],[0.00138582964428,-0.00530202547088,0.00236314185895,-0.00262594781816,0.00651826523244,-0.00134595041163,0.00273839104921,-0.00838105939329,0.0165042355657,-0.00566581450403,-0.0016443640925,0.000366323016351,0.000831176468637],[-0.000805315910839,0.00435974542052,-0.0020002417732,0.00346913654357,-0.00412827078253,0.000537526095286,-0.00387600972317,0.00135830393992,-0.00566581450403,0.0136290565133,-0.00397322233766,0.00150507397484,-0.00152175233234],[0.000247741612839,-0.00228539155796,0.000422832759796,-0.000522815156728,0.00220955535769,-0.000666929001454,0.00311398669146,-0.00104062072933,-0.0016443640925,-0.00397322233766,0.0205439403653,-0.00990697741508,0.00338350678794],[-0.000189836588106,0.00256329169497,-0.000849265023135,0.00194885325618,-0.00195880001411,-0.00112170388456,-0.00218706368469,0.00407983409241,0.000366323016351,0.00150507397484,-0.00990697741508,0.0236086659133,-0.00805637519807],[0.000105770668597,-0.000963153317571,0.0000141357113534,0.000854791142046,-0.000212073951843,0.000852514698636,0.00260798726231,-0.00317056989297,0.000831176468637,-0.00152175233234,0.00338350678794,-0.00805637519807,0.015924198553]],"mean":[-69.1697387695,152.76600647,-143.986557007,12.415643692,-57.6317977905,-15.6788082123,-41.8603401184,-4.7278842926,-16.8724136353,-11.2554540634,-10.7232046127,-9.84342098236,-5.59750509262]},"hfc":{"dmean":2.73919653893,"dmean2":4.17829179764,"dvar":26.3043117523,"dvar2":58.5958366394,"max":188.337966919,"mean":14.0042057037,"median":12.3512687683,"min":1.09750363378e-16,"var":124.951560974},"melbands":{"dmean":[0.0000523033850186,0.000174433720531,0.000426618556958,0.000432545144577,0.00032755752909,0.000574061938096,0.000291869073408,0.00022476290178,0.000127533145132,0.0000846604161779,0.000111469846161,0.0000449018662039,0.0000345456719515,0.0000342931198247,0.0000269099837169,0.0000162393207574,0.0000195883058041,0.0000123041436382,0.0000115154962259,0.00000970622932073,0.0000101920932138,0.00000618835701971,0.00000574424393562,0.0000028972558539,0.00000264809250439,0.00000245675005317,0.00000134924528084,0.00000106095910724,7.76043521e-7,6.30507031474e-7,4.03920097369e-7,3.8975738903e-7,4.45206126187e-7,5.52525989406e-7,2.79009839232e-7,9.16947726637e-8,9.13269673219e-8,1.84559439731e-7,1.76652875439e-7,8.68676508503e-8],"dmean2":[0.0000798682231107,0.000254165526712,0.000649746682029,0.000690394663252,0.000483521842398,0.000859399267938,0.000439621740952,0.000356907374226,0.00019723927835,0.000131800945383,0.000167085046996,0.0000715446731192,0.000054756859754,0.0000562994973734,0.0000445767291239,0.0000271720618912,0.0000328543646901,0.0000208701385418,0.0000195008324226,0.0000162121614267,0.0000170675557456,0.000010043057955,0.00000945637930272,0.00000475856631965,0.00000429643023381,0.00000384108125218,0.00000213328098653,0.00000170965188317,0.00000125747567381,0.00000101296370758,6.13313886788e-7,5.83398559684e-7,6.93767901794e-7,9.27801636408e-7,4.03075574695e-7,1.32215333792e-7,1.4527451242e-7,2.74647732112e-7,2.34264589949e-7,1.36351459901e-7],"dvar":[2.13917292768e-8,1.47794835925e-7,3.74625102495e-7,4.58906441736e-7,3.45789032963e-7,0.00000105533206352,2.40052088429e-7,1.78979803422e-7,5.78806051976e-8,3.55050033818e-8,7.74979724838e-8,1.88742195206e-8,7.2936998663e-9,1.08959898881e-8,4.19527257378e-9,1.34872168989e-9,1.74120839969e-9,5.33360522414e-10,4.92126728258e-10,3.21312726426e-10,3.5332933801e-10,1.04903030707e-10,8.47263786907e-11,2.66385889042e-11,2.39835512561e-11,3.56250688671e-11,2.30648816019e-11,2.67589162634e-11,1.95296851607e-11,3.18214274375e-11,8.17973813683e-12,7.60150362794e-12,1.28428743335e-11,1.24234317278e-10,1.16765564231e-11,6.51481689776e-13,6.73679428215e-13,6.32734142858e-12,5.83381693647e-12,1.19032041168e-12],"dvar2":[4.57906033091e-8,3.29854287884e-7,9.62629428614e-7,0.0000013010018165,7.84573956025e-7,0.00000249243680628,5.66757194065e-7,4.49163479743e-7,1.5278500598e-7,9.16789062444e-8,1.65296498267e-7,4.77166786084e-8,1.72648988439e-8,2.83992633854e-8,1.10598774583e-8,3.43094774813e-9,4.58490712063e-9,1.48261103394e-9,1.36421651753e-9,8.61838489463e-10,9.81196457417e-10,2.67490862793e-10,2.21331647454e-10,6.78554018529e-11,6.04537392368e-11,7.39311251108e-11,5.59950488754e-11,6.52282047819e-11,4.50551644604e-11,8.03071151245e-11,1.76494322629e-11,1.44384140061e-11,2.70387427725e-11,3.64497765304e-10,2.14622018074e-11,1.08269242096e-12,1.45485511659e-12,1.39777148189e-11,1.02984582667e-11,2.92935641022e-12],"max":[0.00336316181347,0.00608102185652,0.0121705941856,0.0153750944883,0.015010590665,0.0215222612023,0.0097180409357,0.0109299579635,0.00471222260967,0.00613937294111,0.0130986487493,0.00750296376646,0.00213805539533,0.0035686949268,0.00177952623926,0.00110044830944,0.00132478226442,0.000576197053306,0.000810800527688,0.000547244097106,0.000533641199581,0.00019556999905,0.000246545649134,0.000157760863658,0.000131714565214,0.000297170161502,0.000215804509935,0.000213926221477,0.000150742736878,0.000234018414631,0.0000948029701249,0.00016930323909,0.000141055716085,0.000690843909979,0.000207699777093,0.0000554420767003,0.0000289776908176,0.0000966689185589,0.000160440147738,0.0000442209675384],"mean":[0.000135057867737,0.000437321461504,0.00127715652343,0.00123894610442,0.000814298226032,0.00132593081798,0.000677677628119,0.000453474349342,0.000260842323769,0.000168227037648,0.00022927718237,0.0000804238006822,0.0000654955219943,0.0000626162727713,0.0000473174586659,0.0000294976834994,0.0000328237620124,0.0000225018211495,0.0000224828963837,0.0000195659649762,0.0000204961143027,0.0000140400043165,0.0000127378461912,0.00000707344179318,0.00000677699654261,0.0000060772517827,0.00000285546298073,0.00000198517341232,0.00000124590872019,8.40661016355e-7,6.0528219592e-7,6.33452600596e-7,6.59041347717e-7,7.04817978203e-7,4.32776232628e-7,1.51544952587e-7,1.29641378521e-7,2.36020511579e-7,2.25424017231e-7,1.12042314981e-7],"median":[0.000035129916796,0.000176718924195,0.000838683743495,0.00064765708521,0.000398916366976,0.000529747456312,0.000365054467693,0.000195790009457,0.000122427110909,0.0000847469927976,0.0000950433313847,0.0000324499851558,0.0000219339945033,0.0000189197271538,0.0000185462104128,0.0000115432594612,0.000015381947378,0.0000121132234199,0.0000132173845486,0.0000110231958388,0.0000120775930554,0.00000832029581943,0.00000720773368812,0.00000364723905477,0.00000319402352034,0.00000271741578217,0.00000112066936708,7.00535281339e-7,4.00826536406e-7,1.85229083627e-7,1.56019979158e-7,1.43322381518e-7,7.36140464141e-8,7.35120693207e-8,4.36764722167e-8,2.25901963802e-8,1.55679273917e-8,1.07318456344e-8,8.16157630368e-9,7.14288805881e-9],"min":[1.18567746485e-24,1.74481517194e-24,2.26857779224e-24,1.59236681593e-24,2.31332060228e-24,1.72861196895e-24,1.20266834546e-24,1.74112034468e-24,4.55259793113e-24,3.07887480927e-24,4.35509161515e-24,3.37450201122e-24,3.99192372022e-24,3.07956802079e-24,2.64333346223e-24,3.08523066158e-24,4.30543163788e-24,4.15915592124e-24,4.37758401171e-24,3.44034034237e-24,4.38389884326e-24,5.5695579671e-24,4.99705636463e-24,5.05364845711e-24,4.80098853651e-24,5.58421105841e-24,3.01691944871e-24,5.11251799102e-24,6.25538259405e-24,5.03010135352e-24,3.95046276876e-24,6.05279798599e-24,5.63606406901e-24,6.15723054807e-24,6.52252442314e-24,6.84670286784e-24,6.48730454474e-24,6.52636933119e-24,7.47114070572e-24,7.95049755681e-24],"var":[7.16457861927e-8,4.2120510102e-7,0.0000018003340756,0.00000276839614344,0.00000136667506467,0.00000388084481528,7.39116330806e-7,5.33010165782e-7,1.51369576429e-7,7.46863833001e-8,1.93783748159e-7,3.08153182971e-8,1.96208045367e-8,2.42812223661e-8,8.61720206302e-9,2.87586177095e-9,3.39165828755e-9,1.07674091865e-9,1.10261422215e-9,7.81911868586e-10,8.77535821786e-10,3.13058690082e-10,2.70603817132e-10,9.43486122562e-11,9.84222425782e-11,1.13857395734e-10,3.82731658866e-11,3.77595801848e-11,2.69810302572e-11,3.4723644099e-11,1.21658716087e-11,1.15023615632e-11,1.86331210877e-11,7.76471387187e-11,2.69499613598e-11,1.70192516764e-12,1.16820518103e-12,1.05387374175e-11,1.30854918914e-11,1.65742593261e-12]},"melbands_crest":{"dmean":2.58566069603,"dmean2":4.14128541946,"dvar":5.53047943115,"dvar2":14.6154928207,"max":33.9322547913,"mean":13.3349914551,"median":12.4575366974,"min":1.67278718948,"var":22.9204940796},"melbands_flatness_db":{"dmean":0.0169057939202,"dmean2":0.0250181481242,"dvar":0.000283890025457,"dvar2":0.000568664749153,"max":0.497047424316,"mean":0.262331515551,"median":0.261464059353,"min":0.00388062815182,"var":0.00375000061467},"melbands_kurtosis":{"dmean":3.16347312927,"dmean2":4.97791957855,"dvar":16.2447338104,"dvar2":41.8598556519,"max":135.825241089,"mean":8.76157855988,"median":6.65865039825,"min":-1.63687121868,"var":65.4560928345},"melbands_skewness":{"dmean":0.436595678329,"dmean2":0.67736017704,"dvar":0.158173292875,"dvar2":0.391699135303,"max":9.8334569931,"mean":2.10897874832,"median":2.0565738678,"min":-1.70166265965,"var":1.11102545261},"melbands_spread":{"dmean":3.17085194588,"dmean2":4.84972906113,"dvar":33.110912323,"dvar2":66.5067367554,"max":167.268737793,"mean":13.993888855,"median":11.4224014282,"min":1.44768345356,"var":162.756347656},"mfcc":{"cov":[[9040.54980469,264.462738037,-553.584228516,811.705383301,-204.358047485,29.9986839294,-246.328445435,119.762969971,-498.359588623,-282.131195068,-115.14717865,-335.663116455,-133.89944458],[264.462738037,1325.81628418,-308.841033936,50.4228897095,109.583457947,-68.5831069946,21.7496490479,-6.69522094727,48.195022583,-17.2676143646,-37.9501876831,19.8406105042,-22.0134429932],[-553.584228516,-308.841033936,496.027709961,22.1598339081,46.3802757263,16.5934429169,-14.5890321732,15.9480657578,2.74457120895,25.2020606995,33.3313751221,5.11091661453,15.6566743851],[811.705383301,50.4228897095,22.1598339081,440.22177124,120.481239319,57.382648468,15.3677597046,21.972700119,-70.6155853271,-90.8142929077,-64.8313064575,-61.2569618225,-49.7319145203],[-204.358047485,109.583457947,46.3802757263,120.481239319,191.129196167,27.0302715302,34.1683082581,3.21649432182,4.34297943115,-28.7124423981,-41.9905357361,9.66307449341,-13.1221542358],[29.9986839294,-68.5831069946,16.5934429169,57.382648468,27.0302715302,138.448043823,58.2224807739,8.841340065,-4.55114746094,-31.691362381,-2.15618252754,11.1492156982,-0.0109769934788],[-246.328445435,21.7496490479,-14.5890321732,15.3677597046,34.1683082581,58.2224807739,136.451599121,23.0489387512,38.193611145,-2.35763597488,-6.41737318039,26.6723709106,0.376013875008],[119.762969971,-6.69522094727,15.9480657578,21.972700119,3.21649432182,8.841340065,23.0489387512,99.1214370728,10.5591001511,9.8785572052,25.3304920197,-9.82657241821,-2.01978540421],[-498.359588623,48.195022583,2.74457120895,-70.6155853271,4.34297943115,-4.55114746094,38.193611145,10.5591001511,155.185028076,83.7555770874,29.7185592651,39.63904953,6.10142326355],[-282.131195068,-17.2676143646,25.2020606995,-90.8142929077,-28.7124423981,-31.691362381,-2.35763597488,9.8785572052,83.7555770874,163.131118774,84.108795166,23.5941238403,12.0878829956],[-115.14717865,-37.9501876831,33.3313751221,-64.8313064575,-41.9905357361,-2.15618252754,-6.41737318039,25.3304920197,29.7185592651,84.108795166,145.869934082,26.9398574829,16.4985637665],[-335.663116455,19.8406105042,5.11091661453,-61.2569618225,9.66307449341,11.1492156982,26.6723709106,-9.82657241821,39.63904953,23.5941238403,26.9398574829,99.7776947021,38.0051460266],[-133.89944458,-22.0134429932,15.6566743851,-49.7319145203,-13.1221542358,-0.0109769934788,0.376013875008,-2.01978540421,6.10142326355,12.0878829956,16.4985637665,38.0051460266,81.2952957153]],"icov":[[0.000210157391848,-0.0000422326047556,0.000210468002479,-0.000401571771363,0.000397115101805,-0.000135208581924,0.000311621901346,-0.000307856418658,0.000436187488958,-0.000102276026155,0.0000484860975121,0.000158049588208,0.00000225032658818],[-0.0000422326047556,0.00104591273703,0.000656831776723,0.0000039688779907,-0.000865993031766,0.000722365803085,-0.000108322092274,0.0000605222630838,-0.000474041968118,0.00029527262086,-0.000209423029446,-0.000198124937015,0.0000787014796515],[0.000210468002479,0.000656831776723,0.00287035247311,-0.000459833303466,-0.000893064192496,-0.0000942345359363,0.000847629911732,-0.000578459934331,0.000259506108705,-0.000245676841587,-0.000547609757632,0.000237711486989,-0.00045498405234],[-0.000401571771363,0.0000039688779907,-0.000459833303466,0.00439243204892,-0.00273405900225,-0.000852791883517,-0.000436712405644,-0.000127621067804,0.00006016655243,0.000839585496578,0.000115978575195,0.00121677946299,0.000950949499384],[0.000397115101805,-0.000865993031766,-0.000893064192496,-0.00273405900225,0.0088025489822,-0.000686578743625,-0.000435678288341,-0.00061432516668,0.000473997963127,-0.000469927850645,0.00210518320091,-0.00178207992576,0.000766715907957],[-0.000135208581924,0.000722365803085,-0.0000942345359363,-0.000852791883517,-0.000686578743625,0.0105407396331,-0.00447792140767,0.00071939843474,-0.000451400439488,0.00250228354707,-0.00181983306538,-0.000808437762316,-0.000192369800061],[0.000311621901346,-0.000108322092274,0.000847629911732,-0.000436712405644,-0.000435678288341,-0.00447792140767,0.0115006882697,-0.00302619161084,-0.00167787761893,-0.0000215327472688,0.00132060516626,-0.00200496334583,0.000652652059216],[-0.000307856418658,0.0000605222630838,-0.000578459934331,-0.000127621067804,-0.00061432516668,0.00071939843474,-0.00302619161084,0.0123602552339,-0.00157719093841,0.000860959873535,-0.00314273661934,0.00247080088593,-0.000762240728363],[0.000436187488958,-0.000474041968118,0.000259506108705,0.00006016655243,0.000473997963127,-0.000451400439488,-0.00167787761893,-0.00157719093841,0.0120439277962,-0.00614734226838,0.00191136449575,-0.00250279786997,0.00141419109423],[-0.000102276026155,0.00029527262086,-0.000245676841587,0.000839585496578,-0.000469927850645,0.00250228354707,-0.0000215327472688,0.000860959873535,-0.00614734226838,0.0131040904671,-0.0063023972325,0.00115181203,-0.000328105816152],[0.0000484860975121,-0.000209423029446,-0.000547609757632,0.000115978575195,0.00210518320091,-0.00181983306538,0.00132060516626,-0.00314273661934,0.00191136449575,-0.0063023972325,0.0119630759582,-0.00293079507537,0.000190864651813],[0.000158049588208,-0.000198124937015,0.000237711486989,0.00121677946299,-0.00178207992576,-0.000808437762316,-0.00200496334583,0.00247080088593,-0.00250279786997,0.00115181203,-0.00293079507537,0.0162893012166,-0.00631564948708],[0.00000225032658818,0.0000787014796515,-0.00045498405234,0.000950949499384,0.000766715907957,-0.000192369800061,0.000652652059216,-0.000762240728363,0.00141419109423,-0.000328105816152,0.000190864651813,-0.00631564948708,0.0159534383565]],"mean":[-698.662231445,177.500610352,-26.7114124298,21.5267696381,-3.29070186615,-10.8995265961,-16.3570194244,-4.3769493103,-8.32042694092,-3.53007698059,-4.34760046005,-7.50069761276,-1.64160513878]},"pitch_salience":{"dmean":0.0539216287434,"dmean2":0.0860980600119,"dvar":0.00206986814737,"dvar2":0.00525159481913,"max":0.837969124317,"mean":0.570996105671,"median":0.573387622833,"min":0.107000485063,"var":0.00905118510127},"silence_rate_20dB":{"dmean":0,"dmean2":0,"dvar":0,"dvar2":0,"max":1,"mean":1,"median":1,"min":1,"var":0},"silence_rate_30dB":{"dmean":0,"dmean2":0,"dvar":0,"dvar2":0,"max":1,"mean":1,"median":1,"min":1,"var":0},"silence_rate_60dB":{"dmean":0.00774724595249,"dmean2":0.0154963675886,"dvar":0.00768729113042,"dvar2":0.0191303901374,"max":1,"mean":0.0711692050099,"median":0,"min":0,"var":0.0661052167416},"spectral_centroid":{"dmean":117.273498535,"dmean2":178.664916992,"dvar":47922.9882812,"dvar2":93151.7890625,"max":11864.4804688,"mean":840.02746582,"median":709.638183594,"min":262.25958252,"var":563587.875},"spectral_complexity":{"dmean":2.00387358665,"dmean2":3.34285712242,"dvar":3.32572436333,"dvar2":8.56606960297,"max":47,"mean":16.3819904327,"median":16,"min":0,"var":53.3418922424},"spectral_contrast_coeffs":{"dmean":[0.0416784882545,0.0426648706198,0.0358327142894,0.0270659197122,0.0196992363781,0.0136439120397],"dmean2":[0.0681494325399,0.0687240660191,0.0580722019076,0.0450774431229,0.0324724726379,0.0217368919402],"dvar":[0.00115872337483,0.00119205145165,0.000799044326413,0.000453612214187,0.000258701125858,0.000169518418261],"dvar2":[0.0030851890333,0.00312165217474,0.0021276329644,0.00128155457787,0.000685012957547,0.000404021731811],"max":[-0.261671632528,-0.380667775869,-0.411499619484,-0.567810118198,-0.633711695671,-0.620747208595],"mean":[-0.558912336826,-0.672377228737,-0.72229129076,-0.769373416901,-0.759422779083,-0.762687265873],"median":[-0.548719465733,-0.670950651169,-0.7257117033,-0.769172787666,-0.753891587257,-0.755700469017],"min":[-0.980924665928,-0.978197097778,-0.975052535534,-0.968241214752,-0.967285275459,-0.964025735855],"var":[0.0131458034739,0.00654678279534,0.00522728357464,0.00204374664463,0.00214727502316,0.00194263039157]},"spectral_contrast_valleys":{"dmean":[0.345419168472,0.283454507589,0.24571557343,0.197923004627,0.164464786649,0.180317103863],"dmean2":[0.572394788265,0.466983765364,0.412554651499,0.33546218276,0.266293495893,0.263321965933],"dvar":[0.120562359691,0.071829110384,0.0559347048402,0.0428892038763,0.0473072230816,0.0890647172928],"dvar2":[0.284773409367,0.163801580667,0.125348836184,0.0903187468648,0.0926626771688,0.145665317774],"max":[-5.87772464752,-4.72583818436,-5.59353399277,-6.27891302109,-5.9109454155,-7.44396162033],"mean":[-8.09888362885,-6.68057346344,-7.64354801178,-8.04671382904,-8.4188747406,-11.8310871124],"median":[-7.86467838287,-6.39853000641,-7.41598796844,-7.75553894043,-8.09380817413,-11.6381530762],"min":[-28.1690406799,-27.6985187531,-27.6936225891,-27.7039318085,-27.5215950012,-27.3959465027],"var":[2.65297031403,2.84308624268,2.64896798134,2.57773542404,2.65330934525,2.07902288437]},"spectral_decrease":{"dmean":1.3178639291e-9,"dmean2":2.01376426645e-9,"dvar":2.37450239165e-18,"dvar2":5.82036828549e-18,"max":1.95842953072e-28,"mean":-6.57083321087e-9,"median":-6.19501072663e-9,"min":-3.01012441639e-8,"var":2.04793706928e-17},"spectral_energy":{"dmean":0.00516993645579,"dmean2":0.00790918245912,"dvar":0.0000364479710697,"dvar2":0.00008927325689,"max":0.121466062963,"mean":0.0260699708015,"median":0.0247194208205,"min":1.02332508829e-20,"var":0.000317523721606},"spectral_energyband_high":{"dmean":0.0000817325926619,"dmean2":0.000119125565107,"dvar":4.60956300685e-7,"dvar2":0.00000102075796349,"max":0.0292147938162,"mean":0.0001504196116,"median":0.0000393206100853,"min":7.27168256485e-21,"var":8.17690363419e-7},"spectral_energyband_low":{"dmean":0.000840866414364,"dmean2":0.00123838172294,"dvar":0.00000249034769695,"dvar2":0.00000566816606806,"max":0.0307598225772,"mean":0.00255146878771,"median":0.00124587467872,"min":2.94167115081e-23,"var":0.0000105762792373},"spectral_energyband_middle_high":{"dmean":0.000929651432671,"dmean2":0.00146386900451,"dvar":0.00000243058775595,"dvar2":0.00000607869196756,"max":0.0558491200209,"mean":0.00363673269749,"median":0.0026382044889,"min":1.20464073596e-21,"var":0.0000136172793646},"spectral_energyband_middle_low":{"dmean":0.00492859305814,"dmean2":0.00754057662562,"dvar":0.0000349625333911,"dvar2":0.0000858844723552,"max":0.104732401669,"mean":0.0210002157837,"median":0.0186984464526,"min":1.73882134368e-22,"var":0.000251693534665},"spectral_entropy":{"dmean":0.118118606508,"dmean2":0.176294341683,"dvar":0.0156037211418,"dvar2":0.0313232056797,"max":9.81967926025,"mean":6.92919015884,"median":6.94831228256,"min":4.756295681,"var":0.244789257646},"spectral_flux":{"dmean":0.013423640281,"dmean2":0.0227726716548,"dvar":0.000186385994311,"dvar2":0.000524632632732,"max":0.236310005188,"mean":0.0603512637317,"median":0.0584432333708,"min":6.51080508951e-11,"var":0.000891347182915},"spectral_kurtosis":{"dmean":4.54783391953,"dmean2":7.93278074265,"dvar":29.3438034058,"dvar2":85.4565505981,"max":116.701927185,"mean":11.4611568451,"median":8.40822601318,"min":-1.25455093384,"var":135.075424194},"spectral_rms":{"dmean":0.000471070437925,"dmean2":0.000713900953997,"dvar":2.11933453897e-7,"dvar2":5.13773557032e-7,"max":0.0108859306201,"mean":0.0046590953134,"median":0.00491085648537,"min":3.15969299336e-12,"var":0.00000372700742446},"spectral_rolloff":{"dmean":195.364120483,"dmean2":330.896270752,"dvar":265732.03125,"dvar2":544169.25,"max":19487.5488281,"mean":947.698425293,"median":753.662109375,"min":21.533203125,"var":1819554.125},"spectral_skewness":{"dmean":0.373344630003,"dmean2":0.640883147717,"dvar":0.142466396093,"dvar2":0.408490270376,"max":8.91624546051,"mean":2.16998744011,"median":1.95443224907,"min":-0.0612975023687,"var":0.904710412025},"spectral_spread":{"dmean":254846.46875,"dmean2":399797.59375,"dvar":379873558528,"dvar2":714542743552,"max":42667140,"mean":2771188,"median":2478533,"min":705905.875,"var":6893235339260},"spectral_strongpeak":{"dmean":0.444581508636,"dmean2":0.730250477791,"dvar":0.319277763367,"dvar2":0.774184763432,"max":13.8116426468,"mean":1.1490727663,"median":0.990411996841,"min":0,"var":0.722706079483},"zerocrossingrate":{"dmean":0.00460536498576,"dmean2":0.00576491095126,"dvar":0.0000894438344403,"dvar2":0.000114326670882,"max":0.5244140625,"mean":0.0374572947621,"median":0.0322265625,"min":0,"var":0.00125896534882}},"metadata":{"audio_properties":{"analysis_sample_rate":44100,"bit_rate":0,"codec":"flac","downmix":"mix","equal_loudness":0,"length":191.800003052,"lossless":true,"md5_encoded":"50ada6685e9f8e6b7b094dfa91c3b179","replay_gain":-2.77441215515},"tags":{"album":["The Beatles (disc 2)"],"albumartist":["The Beatles"],"albumartistsort":["Beatles, The"],"artist":["The Beatles"],"artistsort":["Beatles, The"],"asin":["B000002UAX"],"catalognumber":["SWBO 101"],"date":["1968-11-25"],"file_name":"13 Good Night.flac","format":["Vinyl"],"genre":["Rock & Roll"],"isrc":["GBAYE0601673"],"label":["Apple Records"],"language":["eng"],"musicbrainz_albumartistid":["b10bbbfc-cf9e-42e0-be17-e2c3e1d2600d"],"musicbrainz_albumid":["5e2f85af-4e35-41b3-beeb-88af7ed2e70c"],"musicbrainz_artistid":["b10bbbfc-cf9e-42e0-be17-e2c3e1d2600d"],"musicbrainz_recordingid":["27f19d5f-a9dc-4b04-b7ff-54d045c1487c"],"musicip_puid":["f989259b-e86b-c92c-f499-98664882427b"],"producer":["Chris Thomas","George Martin"],"releasecountry":["US"],"releasestatus":["official"],"releasetype":["album"],"replaygain_album_gain":["-3.14 dB"],"replaygain_album_peak":["0.92208862"],"replaygain_reference_loudness":["89.0 dB"],"replaygain_track_gain":["+1.75 dB"],"replaygain_track_peak":["0.43649292"],"script":["Latn"],"title":["Good Night"],"totaltracks":["13"],"tracknumber":["13"],"tracktotal":["13"]},"version":{"essentia":"2.1-beta1","essentia_build_sha":"eef087cf131c10083d474ad51def18efd0e38295","essentia_git_sha":"v2.1_beta1-7-ge0e83e8-dirty","extractor":"music 1.0"}},"rhythm":{"beats_count":402,"beats_loudness":{"dmean":0.0119078438729,"dmean2":0.0204507708549,"dvar":0.000151389365783,"dvar2":0.000392557674786,"max":0.121072404087,"mean":0.0264318231493,"median":0.0250046364963,"min":3.13818482311e-9,"var":0.000338595826179},"beats_loudness_band_ratio":{"dmean":[0.158291265368,0.18894726038,0.158009558916,0.0616221837699,0.02867