{"lowlevel":{"average_loudness":0.946112215519,"barkbands":{"dmean":[0.00402247579768,0.00723247881979,0.0028394847177,0.000825761933811,0.00125554692931,0.000868644041475,0.000548853829969,0.000481251568999,0.000522789836396,0.000349109090166,0.000439706200268,0.000699064868968,0.000771407212596,0.000870839692652,0.000688043422997,0.000628658104688,0.000646859931294,0.000491623941343,0.000602461863309,0.00023441776284,0.000132979010232,0.000083040453319,0.0000378135264327,0.0000150032674355,0.00000295666927741,0.0000449226899946,0.00118874607142],"dmean2":[0.0066511714831,0.0121468678117,0.00483076879755,0.00139797548763,0.00208050641231,0.00143461988773,0.000922886305489,0.000815383624285,0.000892048701644,0.000577765400521,0.000742065021768,0.00118382112123,0.00130919797812,0.00148194190115,0.00117253698409,0.00106717238668,0.00109468912706,0.000831137353089,0.00104549399111,0.000368403590983,0.000200433802092,0.000120212935144,0.0000538684726052,0.0000222706148634,0.0000048311530918,0.0000628698253422,0.00190526153892],"dvar":[0.0000602083600825,0.000105593382614,0.0000226716310863,0.00000158349314461,0.00000675323917676,0.00000433187688031,0.00000207098923966,0.00000127330429223,0.00000139995495374,3.69830416957e-7,4.03058379561e-7,0.00000106407253497,8.12748680801e-7,8.29121233892e-7,5.27186216459e-7,5.32011995347e-7,7.37661480343e-7,7.06359230662e-7,0.00000137989809446,2.03056671921e-7,7.24976345623e-8,1.85072437375e-8,4.21809875917e-9,9.89245685368e-10,1.8361836357e-11,6.83035983329e-9,0.00000120813740523],"dvar2":[0.000147349244799,0.000293207034701,0.0000618907361059,0.00000407615880249,0.0000174043179868,0.0000115115490189,0.0000057969127738,0.0000035542113892,0.00000401725083066,9.45837655308e-7,0.00000102786054867,0.00000298290638057,0.00000227420582632,0.00000229409442909,0.00000143196109548,0.00000142476108067,0.00000197023337023,0.0000018915908413,0.00000376258435608,4.24377702757e-7,1.46450901184e-7,3.74410475956e-8,8.35764080165e-9,2.09842121457e-9,4.42948490387e-11,1.34719959632e-8,0.0000029591776638],"max":[0.100967027247,0.134454354644,0.0562362074852,0.0267117191106,0.0700020492077,0.042422182858,0.0267422907054,0.0241368543357,0.0210235435516,0.0109189264476,0.0124225998297,0.0192803293467,0.0180410146713,0.017243694514,0.0103285098448,0.0115510951728,0.0188251063228,0.0122407265007,0.0117983156815,0.0126502588391,0.00661026639864,0.00327732623555,0.00148912100121,0.000541846151464,0.0000983440259006,0.00137510499917,0.0260705240071],"mean":[0.00392115022987,0.00953053124249,0.00325964810327,0.00102262804285,0.00172134069726,0.0012575640576,0.000754303124268,0.000660920632072,0.000763128220569,0.000528542266693,0.000673845293932,0.00120860140305,0.00134396692738,0.00168811052572,0.00131745974068,0.00119334436022,0.00117884529755,0.000714105088264,0.000707553641405,0.000424103986006,0.000277580140391,0.000180363989784,0.0000823272785055,0.0000258521795331,0.00000338591053151,0.0000971793051576,0.00465203588828],"median":[0.00107773416676,0.00648433016613,0.00169939897023,0.000554867670871,0.000877563958056,0.000342964514857,0.000126613071188,0.000193885702174,0.000232267440879,0.000290785741527,0.000450884050224,0.000785341253504,0.00105121964589,0.00144082540646,0.00112085207365,0.000965472660027,0.000928093271796,0.000386395404348,0.000314219709253,0.000232669248362,0.000173569991603,0.000118769959954,0.0000467303470941,0.0000103923275674,0.00000174337515091,0.0000492861399835,0.00451987748966],"min":[1.95741377755e-24,1.4688880356e-23,5.29509235336e-24,5.12469760897e-24,3.9370525278e-24,1.175286944e-23,2.02186422626e-23,9.23374311336e-24,3.31145096231e-23,2.10227455382e-23,3.94060003529e-23,3.89106146371e-23,5.09311130278e-23,3.61986086637e-23,5.39243163595e-23,1.21626498636e-22,9.27856808326e-23,1.34465973486e-22,7.91892592343e-23,1.94928122904e-22,2.37554038901e-22,2.92172950443e-22,5.55206111111e-22,7.07248208488e-22,8.89128584641e-22,1.43444629275e-21,2.1485644826e-21],"var":[0.0000607908295933,0.000110444401798,0.0000224546183745,0.00000236293931266,0.00000789153000369,0.00000859637657413,0.00000319133914672,0.00000190167997971,0.00000244974444286,6.23454525339e-7,6.33644447134e-7,0.0000018426171664,0.00000129117870529,0.00000130322371206,7.59123281568e-7,8.30410442632e-7,9.49590344135e-7,8.11443726434e-7,0.00000119221283512,4.95645622323e-7,1.67599381484e-7,4.42528786948e-8,1.05488355828e-8,1.87516469019e-9,2.18172285793e-11,1.68374825193e-8,0.00000389624710806]},"barkbands_crest":{"dmean":2.55573368073,"dmean2":4.24889945984,"dvar":4.99225234985,"dvar2":13.0601196289,"max":25.9963417053,"mean":8.00312709808,"median":7.23452091217,"min":2.59659361839,"var":10.0888652802},"barkbands_flatness_db":{"dmean":0.018714286387,"dmean2":0.0299778152257,"dvar":0.000278177612927,"dvar2":0.000714386696927,"max":0.422006726265,"mean":0.098584190011,"median":0.0928547158837,"min":0.0325888842344,"var":0.00101342319977},"barkbands_kurtosis":{"dmean":1.36403775215,"dmean2":2.18547606468,"dvar":66.388092041,"dvar2":133.174041748,"max":580.921936035,"mean":0.570969462395,"median":-0.615933656693,"min":-1.80224919319,"var":149.587310791},"barkbands_skewness":{"dmean":0.452266186476,"dmean2":0.729420006275,"dvar":0.23866301775,"dvar2":0.578051388264,"max":18.5137310028,"mean":0.850533425808,"median":0.744963467121,"min":-2.06664538383,"var":0.78452193737},"barkbands_spread":{"dmean":11.2717733383,"dmean2":18.4020938873,"dvar":88.6984786987,"dvar2":232.957794189,"max":124.668373108,"mean":70.0762252808,"median":71.4649124146,"min":0.426419764757,"var":341.247558594},"dissonance":{"dmean":0.00732075003907,"dmean2":0.0126255434006,"dvar":0.0000692206376698,"dvar2":0.000199412548682,"max":0.500000178814,"mean":0.489922165871,"median":0.492827296257,"min":0.386375904083,"var":0.0000975959555944},"dynamic_complexity":1.14997434616,"erbbands":{"dmean":[0.343819588423,1.25382840633,3.07712841034,2.8409178257,3.61374759674,4.30346107483,5.49325799942,7.93629312515,8.06156826019,7.41236209869,11.6989450455,11.814198494,11.0064764023,10.6879720688,20.9385051727,28.4854297638,28.503112793,44.4132461548,36.812587738,31.0750179291,36.5269126892,33.2855606079,25.7862739563,29.218334198,23.5259780884,11.5725660324,6.56688308716,4.59585428238,3.10056757927,1.84543609619,1.00951623917,0.478221833706,0.162381500006,0.0382806137204,0.0208228398114,0.0369443483651,0.0956715866923,0.109699778259,0.0593996345997,0.0258191935718],"dmean2":[0.587053358555,2.09260392189,5.2058763504,4.83244895935,6.05405426025,7.20455169678,9.09909534454,13.2606687546,13.5779790878,12.2716932297,19.9538421631,20.1318359375,18.3012962341,17.8372039795,35.415802002,48.3524627686,48.2091522217,75.7300033569,62.8770599365,52.7004814148,61.4852180481,56.2564086914,43.4075927734,49.9928092957,40.0699729919,18.3603897095,10.0282411575,6.91505813599,4.52899360657,2.63519191742,1.44641363621,0.69135171175,0.247360691428,0.0617766231298,0.0338356383145,0.0568201579154,0.134195119143,0.149034276605,0.087458088994,0.0415969565511],"dvar":[0.352890789509,2.57264304161,22.4596138,18.032995224,88.8922119141,69.3571777344,186.804931641,427.842529297,428.149536133,312.751190186,798.552734375,825.679016113,371.119384766,325.91204834,854.005554199,2014.84509277,1248.8503418,2396.81274414,1362.31262207,1257.81347656,1879.42700195,2182.39257812,1986.96130371,2348.45239258,1967.17224121,556.936401367,199.012771606,66.7516098022,28.2881717682,9.89608192444,3.15375423431,0.851479589939,0.141494199634,0.00361545407213,0.000864471832756,0.00654514692724,0.0334315039217,0.0310958009213,0.00752229196951,0.000606619811151],"dvar2":[0.987932741642,7.03822612762,61.2045097351,48.0902709961,226.821411133,179.377502441,472.726287842,1189.57946777,1201.49682617,838.081787109,2264.06005859,2386.63476562,964.375976562,837.483520508,2226.38964844,5743.12890625,3444.14550781,6569.26367188,3819.65625,3351.88012695,5040.93798828,5905.75097656,5306.73583984,6268.62402344,5265.43408203,1186.66162109,407.079772949,135.393280029,59.5726127625,19.0690078735,6.35274028778,1.7621088028,0.310244143009,0.00861345324665,0.00207835854962,0.0146332001314,0.0663744881749,0.0590846836567,0.0150354141369,0.00148444762453],"max":[6.10971403122,26.664308548,53.7903671265,49.1753692627,288.850067139,176.905410767,406.543823242,420.225891113,385.936767578,338.923126221,588.239562988,595.921142578,446.265197754,372.530792236,693.321044922,963.609375,929.347717285,1005.39782715,473.199554443,505.713470459,786.848937988,855.987976074,687.393432617,625.175292969,667.190246582,722.047790527,325.843566895,206.539337158,143.004623413,79.2442321777,36.979095459,12.4467048645,8.30778980255,1.958745718,0.40177962184,1.85316824913,2.57251048088,3.58612847328,1.78209805489,0.725748419762],"mean":[0.383079707623,1.74431574345,3.84646511078,3.6606566906,4.56391620636,5.70332765579,7.48357439041,11.1976060867,11.045832634,11.2294101715,16.6589775085,17.3831577301,17.066444397,17.5847702026,36.1895980835,50.2312927246,56.8811340332,89.6581039429,77.0284347534,61.9871101379,73.8654098511,63.3650016785,39.9662818909,38.2652168274,30.8576469421,20.5942707062,13.0598154068,9.6735200882,6.65553092957,4.05750989914,2.16211390495,0.921080470085,0.245678856969,0.0479805842042,0.0252911988646,0.0569425411522,0.204279869795,0.275848299265,0.178636267781,0.11424767226],"median":[0.214309066534,1.22402620316,2.2161154747,2.08831524849,2.31987309456,2.91855120659,2.33368682861,3.02027869225,2.4005215168,2.28837704659,5.05790901184,5.10353946686,8.86340713501,10.4746417999,25.1870746613,32.3486328125,44.4459953308,75.9633407593,67.9086914062,51.5529823303,59.9551620483,49.5825309753,22.9755058289,18.4580783844,15.2212591171,10.9205312729,7.71583032608,6.36858034134,4.37685012817,2.5092151165,1.17183339596,0.417449682951,0.0867759287357,0.0247564017773,0.013958514668,0.024203967303,0.10161601007,0.186652138829,0.138799846172,0.111780136824],"min":[2.7606491563e-22,1.79689882337e-21,7.86865897449e-21,1.32485035458e-20,1.80251864322e-20,1.25504786233e-20,7.29829790885e-20,9.45100184881e-20,2.96907511136e-19,3.6394724276e-19,4.69132692675e-19,8.77117299338e-19,9.73165376164e-19,9.76347022993e-19,1.96682167046e-18,2.14104824134e-18,1.88593519388e-18,3.03011147629e-18,3.59314312716e-18,3.88300499819e-18,7.68732361342e-18,5.55591574853e-18,7.92589077389e-18,6.84729316364e-18,8.85905224806e-18,7.94962258566e-18,8.07149854994e-18,1.16748949944e-17,1.01268984427e-17,1.23167209753e-17,1.59033579133e-17,1.38419353185e-17,1.32591799595e-17,9.57933796442e-18,7.30334389153e-18,5.1110067299e-18,2.61908935902e-18,1.07889208654e-18,2.82953878931e-19,3.07030024022e-20],"var":[0.293915212154,3.28998804092,24.345954895,22.6384525299,89.9655456543,83.2423019409,284.398101807,786.719665527,606.637329102,589.946777344,1218.32250977,1380.68371582,631.565734863,531.314758301,1514.11132812,3199.77978516,2211.12426758,3858.32006836,2056.421875,1790.21057129,3095.23681641,2724.09179688,2270.8840332,2487.9128418,2023.53564453,1305.29101562,454.038970947,156.944351196,63.8865890503,24.5443935394,7.61983537674,1.84903848171,0.224398866296,0.00459135137498,0.00107103842311,0.0101796304807,0.0786862447858,0.0890895798802,0.02513070032,0.00200885906816]},"erbbands_crest":{"dmean":1.98764550686,"dmean2":3.37011909485,"dvar":3.32285451889,"dvar2":9.14419174194,"max":27.0491027832,"mean":7.31486988068,"median":6.78826189041,"min":2.04755115509,"var":6.03302288055},"erbbands_flatness_db":{"dmean":0.0167319178581,"dmean2":0.0260229632258,"dvar":0.000204582800507,"dvar2":0.000464315526187,"max":0.303653627634,"mean":0.139830842614,"median":0.136349126697,"min":0.0221968423575,"var":0.000990681932308},"erbbands_kurtosis":{"dmean":1.04612243176,"dmean2":1.69880175591,"dvar":1.10711741447,"dvar2":2.89938783646,"max":16.1565685272,"mean":2.08855772018,"median":2.00152540207,"min":-1.62815320492,"var":3.73737430573},"erbbands_skewness":{"dmean":0.343226909637,"dmean2":0.549449443817,"dvar":0.0825567170978,"dvar2":0.203048571944,"max":3.79004240036,"mean":-0.551651299,"median":-0.598087489605,"min":-2.62041759491,"var":0.386061280966},"erbbands_spread":{"dmean":4.7722902298,"dmean2":7.53521728516,"dvar":21.2304916382,"dvar2":50.3260307312,"max":112.68346405,"mean":22.6705245972,"median":21.0067024231,"min":3.6189725399,"var":82.5752487183},"gfcc":{"cov":[[4695.29833984,-251.622848511,-218.528610229,218.964691162,-247.846206665,-67.6726455688,169.758514404,-12.1169719696,71.7984924316,-13.1982564926,-63.1110496521,87.6438674927,-185.104705811],[-251.622848511,654.346557617,-10.0155639648,-242.30632019,79.361000061,-107.156471252,-79.304145813,-11.090294838,38.7243881226,-15.8193569183,37.055393219,-61.4887733459,73.922744751],[-218.528610229,-10.0155639648,223.907928467,22.9012756348,-96.054145813,81.5149993896,-92.5073242188,38.4095878601,-5.68254375458,29.3134498596,-3.97032880783,17.1967849731,-4.48080778122],[218.964691162,-242.30632019,22.9012756348,266.021606445,44.3494148254,-8.04692173004,107.81552124,-20.2225017548,-23.5501041412,-5.00631570816,-14.1509370804,31.9072799683,-41.4351806641],[-247.846206665,79.361000061,-96.054145813,44.3494148254,319.21307373,62.0498809814,85.1804122925,-25.446969986,-43.0651512146,-70.8478164673,6.76443147659,-38.8394470215,58.5919036865],[-67.6726455688,-107.156471252,81.5149993896,-8.04692173004,62.0498809814,227.528045654,-7.99190044403,37.7506370544,-28.5239162445,-30.6100845337,-22.5870285034,8.14934444427,13.0629024506],[169.758514404,-79.304145813,-92.5073242188,107.81552124,85.1804122925,-7.99190044403,216.806304932,-2.343552351,34.8891525269,-23.5349407196,-21.9011821747,11.5122528076,-26.9257678986],[-12.1169719696,-11.090294838,38.4095878601,-20.2225017548,-25.446969986,37.7506370544,-2.343552351,109.438713074,15.3326711655,23.8684425354,10.0456867218,-17.8291873932,12.9682016373],[71.7984924316,38.7243881226,-5.68254375458,-23.5501041412,-43.0651512146,-28.5239162445,34.8891525269,15.3326711655,104.589904785,47.8148994446,10.6156406403,13.1644544601,-29.6421051025],[-13.1982564926,-15.8193569183,29.3134498596,-5.00631570816,-70.8478164673,-30.6100845337,-23.5349407196,23.8684425354,47.8148994446,91.4979858398,43.7615394592,12.8114938736,-4.37746286392],[-63.1110496521,37.055393219,-3.97032880783,-14.1509370804,6.76443147659,-22.5870285034,-21.9011821747,10.0456867218,10.6156406403,43.7615394592,70.3349533081,21.916387558,20.3324718475],[87.6438674927,-61.4887733459,17.1967849731,31.9072799683,-38.8394470215,8.14934444427,11.5122528076,-17.8291873932,13.1644544601,12.8114938736,21.916387558,68.743598938,-2.43734264374],[-185.104705811,73.922744751,-4.48080778122,-41.4351806641,58.5919036865,13.0629024506,-26.9257678986,12.9682016373,-29.6421051025,-4.37746286392,20.3324718475,-2.43734264374,82.5296936035]],"icov":[[0.000355035008397,-0.000629727437627,0.00150022562593,-0.0012881354196,0.000979747273959,-0.000956762407441,0.000448356178822,-0.000337179953931,-0.0000599286686338,-0.00000541072631677,0.000284572481178,-0.000354799441993,0.000347811699612],[-0.000629727437627,0.00692285224795,-0.00833613239229,0.0086695663631,-0.00505994353443,0.00718038948253,-0.00246130488813,0.00202192575671,-0.00283089466393,0.00435396330431,-0.00385738862678,0.00316836009733,-0.00212007667869],[0.00150022562593,-0.00833613239229,0.0220261663198,-0.016290999949,0.0107804052532,-0.013943948783,0.00879705417901,-0.00393588701263,-0.00043564880616,-0.00382795883343,0.00471616443247,-0.00276439334266,0.000287369504804],[-0.0012881354196,0.0086695663631,-0.016290999949,0.0224086456001,-0.0133209563792,0.0140413669869,-0.00839351769537,0.000540876470041,0.00665668211877,-0.00375971733592,0.00249105202965,-0.0057457126677,0.00553086958826],[0.000979747273959,-0.00505994353443,0.0107804052532,-0.0133209563792,0.018088851124,-0.0126747479662,-0.0000112290426841,0.00491128535941,-0.00547596765682,0.00977538060397,-0.0118306195363,0.0133844334632,-0.00912270788103],[-0.000956762407441,0.00718038948253,-0.013943948783,0.0140413669869,-0.0126747479662,0.0177645049989,-0.00322416401468,-0.00332533055916,0.00292000453919,-0.000168306462001,0.00472626043484,-0.00690289959311,0.00304399803281],[0.000448356178822,-0.00246130488813,0.00879705417901,-0.00839351769537,-0.0000112290426841,-0.00322416401468,0.013035566546,-0.00433417968452,-0.00514929555357,0.000479981332319,0.00569881917909,-0.00487436307594,0.00155408075079],[-0.000337179953931,0.00202192575671,-0.00393588701263,0.000540876470041,0.00491128535941,-0.00332533055916,-0.00433417968452,0.017209040001,-0.00568077620119,0.00441031856462,-0.0109349787235,0.0147893000394,-0.00826370995492],[-0.0000599286686338,-0.00283089466393,-0.00043564880616,0.00665668211877,-0.00547596765682,0.00292000453919,-0.00514929555357,-0.00568077620119,0.026968985796,-0.0206849928945,0.012858225964,-0.0144230108708,0.0133533021435],[-0.00000541072631677,0.00435396330431,-0.00382795883343,-0.00375971733592,0.00977538060397,-0.000168306462001,0.000479981332319,0.00441031856462,-0.0206849928945,0.0411972850561,-0.029958486557,0.0186631791294,-0.0107696205378],[0.000284572481178,-0.00385738862678,0.00471616443247,0.00249105202965,-0.0118306195363,0.00472626043484,0.00569881917909,-0.0109349787235,0.012858225964,-0.029958486557,0.0467393584549,-0.0286985114217,0.00749540794641],[-0.000354799441993,0.00316836009733,-0.00276439334266,-0.0057457126677,0.0133844334632,-0.00690289959311,-0.00487436307594,0.0147893000394,-0.0144230108708,0.0186631791294,-0.0286985114217,0.0421300940216,-0.0148682035506],[0.000347811699612,-0.00212007667869,0.000287369504804,0.00553086958826,-0.00912270788103,0.00304399803281,0.00155408075079,-0.00826370995492,0.0133533021435,-0.0107696205378,0.00749540794641,-0.0148682035506,0.0273279175162]],"mean":[47.9651260376,58.7076721191,-107.974090576,5.57081222534,14.2927808762,-13.522233963,7.95254850388,-26.5845012665,6.93024396896,-9.54173564911,-5.04011487961,0.782958865166,-11.0601501465]},"hfc":{"dmean":83.7272644043,"dmean2":134.473724365,"dvar":9939.60742188,"dvar2":23966.1191406,"max":2918.71704102,"mean":339.074310303,"median":309.533050537,"min":1.12141232986e-16,"var":26962.8125},"melbands":{"dmean":[0.00257241795771,0.00150261982344,0.000497639819514,0.000285912130494,0.000187487530638,0.000172561645741,0.000119766460557,0.000082907747128,0.000100285295048,0.0000731154141249,0.0000559055843041,0.0000438066708739,0.0000651958107483,0.0000773080391809,0.0000671576926834,0.0000836330946186,0.0000859686042531,0.0000653893439448,0.0000520439898537,0.0000383875958505,0.0000493716615892,0.000040040944441,0.0000266621755145,0.000023716394935,0.000024760436645,0.0000243966023845,0.0000114471486086,0.00000730313377062,0.00000434471712651,0.00000356382338396,0.00000269188171842,0.00000199332839657,0.00000147146897689,9.541174677e-7,6.72450539696e-7,4.09959625358e-7,2.70516665068e-7,1.38986550269e-7,5.03291559539e-8,2.700912205e-8],"dmean2":[0.00432164827362,0.00252673006617,0.000839722692035,0.000473672436783,0.000310817558784,0.00028656682116,0.000201884380658,0.000137615075801,0.000171336869244,0.00012460090511,0.0000930695823627,0.0000731471154722,0.000110268185381,0.000130904751131,0.000115383685625,0.000141692886245,0.00014677082072,0.000112135443487,0.000088804961706,0.0000650499641779,0.0000834028833196,0.000068061031925,0.0000452299464087,0.0000402778132411,0.0000425782855018,0.0000426895530836,0.0000187819969142,0.000011630494555,0.00000677115122016,0.00000550525010112,0.0000041365465222,0.00000299800490211,0.00000219354433284,0.00000140373253998,9.89598106571e-7,6.02645059189e-7,4.03918534175e-7,2.13805193994e-7,8.12098974734e-8,4.42453398364e-8],"dvar":[0.0000170560961124,0.00000421815184382,6.1652781369e-7,3.95114852836e-7,1.70803573951e-7,1.80041922704e-7,9.41125080089e-8,3.62580365731e-8,6.0110579625e-8,2.87142682964e-8,9.64041912965e-9,5.76917003059e-9,8.70046967805e-9,1.20901431089e-8,1.00850350293e-8,8.88885942629e-9,8.84928486045e-9,4.34133218263e-9,3.48287865215e-9,1.92617077843e-9,3.46804696072e-9,2.92889157372e-9,2.27930629926e-9,1.60286794948e-9,1.71900471635e-9,2.61230792553e-9,3.9869949009e-10,2.72008138236e-10,8.44347924911e-11,5.97453683748e-11,1.90903976655e-11,1.18142639768e-11,6.55799416507e-12,2.80322596732e-12,1.3876689511e-12,5.49804830569e-13,3.07365434103e-13,1.14409743073e-13,9.79484759766e-15,1.66911759784e-15],"dvar2":[0.0000468996913696,0.0000115324310173,0.00000160226420576,0.00000101295040622,4.33055447502e-7,4.93739150897e-7,2.64473385414e-7,9.70063780414e-8,1.71524632719e-7,8.23706400865e-8,2.49833860266e-8,1.48654439869e-8,2.2162682356e-8,3.35133556462e-8,2.85994286031e-8,2.45406184263e-8,2.43139925971e-8,1.2321875964e-8,9.45759648374e-9,5.19195753057e-9,9.29956911477e-9,7.89203813412e-9,6.20393780792e-9,4.30027835563e-9,4.59908733319e-9,7.18327619609e-9,9.39268218758e-10,5.91122206739e-10,1.78873124645e-10,1.27283017459e-10,4.06541848796e-11,2.63739152045e-11,1.35394152487e-11,5.82001374178e-12,2.90310050305e-12,1.16465094947e-12,6.6489381275e-13,2.56112270064e-13,2.31007077481e-14,4.06462566377e-15],"max":[0.0457734651864,0.0279373414814,0.0135797234252,0.0176687426865,0.0114066777751,0.00829112250358,0.00527510605752,0.00378204835579,0.00455376459286,0.00353808375075,0.00217761425301,0.00152154092211,0.00201908219606,0.00210291543044,0.00225700298324,0.00180626497604,0.00198504840955,0.000856369209941,0.000977396732196,0.000752706138883,0.00104460481089,0.00105694099329,0.000969699234702,0.000569471390918,0.000522090762388,0.000547774136066,0.000411909684772,0.000584034423809,0.000212503029616,0.000246100360528,0.000111637295049,0.0000785661468399,0.0000771258128225,0.0000538939748367,0.0000263220572378,0.0000102241465356,0.00000758710302762,0.00000798799283075,0.0000024227990707,0.00000121827429211],"mean":[0.0032089240849,0.00213936297223,0.0006733625778,0.000381690566428,0.000263059948338,0.000248110009125,0.000166317040566,0.00012411265925,0.0001410778641,0.00010576335626,0.0000842143563204,0.0000673687827657,0.000105990518932,0.000134640664328,0.000115738650493,0.00015090816305,0.000164615514223,0.000125249920529,0.0000954773859121,0.0000711963512003,0.0000931516769924,0.0000719207018847,0.0000411467117374,0.0000328642927343,0.0000308274065901,0.0000269492538791,0.0000174921442522,0.0000126429276861,0.00000802514568932,0.00000683161169945,0.00000528599957761,0.00000395909046347,0.0000029488051041,0.00000195543134396,0.00000134943843477,8.07542505754e-7,4.60269319547e-7,1.96158026711e-7,6.1000093865e-8,3.01900122679e-8],"median":[0.00201270915568,0.00144517386798,0.000393197959056,0.000197874061996,0.0000949523964664,0.000067854532972,0.000035404740629,0.0000279188789136,0.0000411975524912,0.0000321664119838,0.0000436721202277,0.0000381519203074,0.0000732424741727,0.00008941230044,0.0000755457222112,0.000120523189253,0.000137252427521,0.000108743828605,0.0000784571893746,0.0000579113948334,0.0000740144241718,0.0000565074078622,0.0000257799893006,0.0000166298723343,0.0000143335182656,0.000011181692571,0.00000916043336474,0.00000629304668109,0.00000474812759421,0.00000397688518206,0.0000034978381791,0.00000256405132859,0.0000018022886934,0.00000115704233394,7.13457041002e-7,4.12744043388e-7,1.74352280169e-7,5.66948443748e-8,2.45490472395e-8,1.50006993493e-8],"min":[3.74912574423e-24,4.54393071637e-24,3.67618450949e-24,6.81533470141e-25,1.91285674425e-24,2.47479786578e-24,4.45420015498e-24,5.26148490664e-24,4.67677213179e-24,5.25659239131e-24,4.64607242638e-24,3.58988983177e-24,5.59534030807e-24,3.41303549986e-24,3.24917824301e-24,6.40198844898e-24,4.36218623571e-24,5.06329109839e-24,4.12465114524e-24,5.4342754216e-24,6.74216302068e-24,4.27602921422e-24,6.96187734886e-24,6.14264056562e-24,4.08512329744e-24,3.75485247997e-24,5.87792763926e-24,4.00192174333e-24,3.65759776327e-24,4.90747687011e-24,5.99761637681e-24,5.38863390178e-24,6.25563502954e-24,5.98196261544e-24,7.64731858941e-24,7.37920685583e-24,7.54769176797e-24,8.4544936894e-24,7.89266143068e-24,7.31958080431e-24],"var":[0.0000159284099936,0.00000515661076861,7.68515292293e-7,4.26428925948e-7,2.76729565485e-7,3.50282590489e-7,1.38282317153e-7,6.89743231419e-8,9.27066352574e-8,4.8441901157e-8,1.60063109433e-8,9.09901221036e-9,1.44389886714e-8,2.17298001814e-8,1.64775961764e-8,1.47555834218e-8,1.38548186257e-8,6.25038598656e-9,4.5879211541e-9,2.7083284504e-9,5.55366996835e-9,3.63790886304e-9,2.41467024154e-9,1.82727055709e-9,1.75911074596e-9,2.11390860372e-9,6.88801016224e-10,6.05093364303e-10,1.79756376451e-10,1.25912766324e-10,4.0841014598e-11,2.36480088983e-11,1.42883959872e-11,6.22710216724e-12,3.15099986034e-12,1.18517847446e-12,5.90464200971e-13,1.70423516879e-13,1.24133322165e-14,1.90031206442e-15]},"melbands_crest":{"dmean":4.98486661911,"dmean2":8.28297996521,"dvar":18.5628032684,"dvar2":50.5668983459,"max":36.7869300842,"mean":15.6844940186,"median":14.9228401184,"min":1.7261865139,"var":35.9510345459},"melbands_flatness_db":{"dmean":0.0297960024327,"dmean2":0.0479855127633,"dvar":0.000643286679406,"dvar2":0.0017290659016,"max":0.5777348876,"mean":0.184323310852,"median":0.180568397045,"min":0.00333266425878,"var":0.00216356688179},"melbands_kurtosis":{"dmean":3.70612549782,"dmean2":6.04734992981,"dvar":69.7562637329,"dvar2":150.626586914,"max":550.804626465,"mean":4.0316991806,"median":1.85869884491,"min":-1.88470053673,"var":192.442230225},"melbands_skewness":{"dmean":0.73728954792,"dmean2":1.19938886166,"dvar":0.470725417137,"dvar2":1.24509453773,"max":16.1274986267,"mean":1.78630721569,"median":1.65541183949,"min":-2.41897964478,"var":1.23658287525},"melbands_spread":{"dmean":11.9724788666,"dmean2":19.7861824036,"dvar":133.000549316,"dvar2":357.091430664,"max":171.254516602,"mean":40.9256095886,"median":38.9289894104,"min":0.25831592083,"var":326.044036865},"mfcc":{"cov":[[2969.81225586,-325.447692871,20.7493953705,241.714706421,-318.391479492,56.1598625183,-101.555534363,174.125,-76.4710083008,126.670623779,-2.37098050117,55.5581665039,-53.2173423767],[-325.447692871,805.587097168,-117.709526062,-154.170928955,102.389587402,-113.638092041,-43.5262870789,-98.8086547852,40.1184959412,-58.200466156,30.2609348297,-23.9786529541,36.5373153687],[20.7493953705,-117.709526062,384.084197998,-107.113998413,-11.7774524689,-49.8047561646,-87.0416107178,-29.1700153351,-29.2342529297,8.69276714325,-0.291902124882,40.3035507202,-6.61898231506],[241.714706421,-154.170928955,-107.113998413,340.309143066,-95.2923202515,52.4268341064,25.8745269775,35.6177444458,-25.7488880157,33.5048675537,10.039850235,-22.0371627808,-7.95818042755],[-318.391479492,102.389587402,-11.7774524689,-95.2923202515,240.999252319,19.0798244476,92.9475784302,-20.9640979767,28.2374858856,-57.2189178467,-12.9560956955,-21.6296634674,5.25528907776],[56.1598625183,-113.638092041,-49.8047561646,52.4268341064,19.0798244476,180.320510864,47.4334793091,84.9686737061,3.10463857651,9.0891418457,-32.2559776306,0.871325194836,-11.3464279175],[-101.555534363,-43.5262870789,-87.0416107178,25.8745269775,92.9475784302,47.4334793091,166.741210938,46.3541069031,46.0352783203,-22.3826007843,-8.46696281433,-39.8013877869,1.00704586506],[174.125,-98.8086547852,-29.1700153351,35.6177444458,-20.9640979767,84.9686737061,46.3541069031,136.561218262,23.6370124817,33.0279655457,-19.1876087189,-3.69205904007,-23.2820739746],[-76.4710083008,40.1184959412,-29.2342529297,-25.7488880157,28.2374858856,3.10463857651,46.0352783203,23.6370124817,87.190574646,13.0713529587,15.0246009827,-15.4215078354,0.025930358097],[126.670623779,-58.200466156,8.69276714325,33.5048675537,-57.2189178467,9.0891418457,-22.3826007843,33.0279655457,13.0713529587,83.7584915161,27.5757160187,22.0941905975,-2.97991418839],[-2.37098050117,30.2609348297,-0.291902124882,10.039850235,-12.9560956955,-32.2559776306,-8.46696281433,-19.1876087189,15.0246009827,27.5757160187,64.9552993774,16.7821273804,19.2375259399],[55.5581665039,-23.9786529541,40.3035507202,-22.0371627808,-21.6296634674,0.871325194836,-39.8013877869,-3.69205904007,-15.4215078354,22.0941905975,16.7821273804,64.2449035645,17.9892692566],[-53.2173423767,36.5373153687,-6.61898231506,-7.95818042755,5.25528907776,-11.3464279175,1.00704586506,-23.2820739746,0.025930358097,-2.97991418839,19.2375259399,17.9892692566,52.7120132446]],"icov":[[0.000442094838945,0.0000174143206095,-0.00000509437177243,-0.000157015601872,0.000341379782185,0.000146508391481,0.0000551175653527,-0.000566108559724,0.000311672367388,-0.000100210665551,-0.0000213805524254,-0.000266890885541,0.000249391945545],[0.0000174143206095,0.00209968048148,0.00111794308759,0.000658562814351,-0.000989745254628,0.000813222781289,0.00200919108465,-0.000104665799881,-0.000919653859455,0.00093475606991,-0.000806237396318,0.00115125067532,-0.00105425226502],[-0.00000509437177243,0.00111794308759,0.0039571877569,0.00118743616622,-0.000843558693305,0.00106355396565,0.00218818453141,-0.000204509677133,0.000187131183338,0.0000619148413534,-0.000104000471765,-0.00065282167634,0.000341183302226],[-0.000157015601872,0.000658562814351,0.00118743616622,0.00491116568446,0.0016989094438,-0.00121650716756,-0.00106878089719,0.000663982471451,0.00228368630633,-0.00106668157969,-0.00203266553581,0.00276082893834,-0.000103776255855],[0.000341379782185,-0.000989745254628,-0.000843558693305,0.0016989094438,0.00856271665543,-0.00207004044205,-0.00561512541026,0.00236237212084,0.000115486473078,0.00230195955373,-0.000356922537321,-0.00112496397924,0.00167695013806],[0.000146508391481,0.000813222781289,0.00106355396565,-0.00121650716756,-0.00207004044205,0.00994438398629,0.000404769874876,-0.005413741339,0.000301882682834,-0.00024515070254,0.00376025633886,-0.00231316871941,-0.00111475063022],[0.0000551175653527,0.00200919108465,0.00218818453141,-0.00106878089719,-0.00561512541026,0.000404769874876,0.0152395814657,-0.00497168162838,-0.00456022284925,0.00332358921878,-0.00173347140662,0.00560036674142,-0.00415222207084],[-0.000566108559724,-0.000104665799881,-0.000204509677133,0.000663982471451,0.00236237212084,-0.005413741339,-0.00497168162838,0.0161344800144,-0.00279328459874,-0.00522021064535,0.00383267132565,-0.00153796153609,0.00422843778506],[0.000311672367388,-0.000919653859455,0.000187131183338,0.00228368630633,0.000115486473078,0.000301882682834,-0.00456022284925,-0.00279328459874,0.0182311795652,-0.0045442362316,-0.00458902679384,0.00418149586767,0.000209121601074],[-0.000100210665551,0.00093475606991,0.0000619148413534,-0.00106668157969,0.00230195955373,-0.00024515070254,0.00332358921878,-0.00522021064535,-0.0045442362316,0.022805262357,-0.00926691573113,-0.00470818392932,0.00272643822245],[-0.0000213805524254,-0.000806237396318,-0.000104000471765,-0.00203266553581,-0.000356922537321,0.00376025633886,-0.00173347140662,0.00383267132565,-0.00458902679384,-0.00926691573113,0.0268384590745,-0.00525925355032,-0.00573334889486],[-0.000266890885541,0.00115125067532,-0.00065282167634,0.00276082893834,-0.00112496397924,-0.00231316871941,0.00560036674142,-0.00153796153609,0.00418149586767,-0.00470818392932,-0.00525925355032,0.0272920578718,-0.00956755690277],[0.000249391945545,-0.00105425226502,0.000341183302226,-0.000103776255855,0.00167695013806,-0.00111475063022,-0.00415222207084,0.00422843778506,0.000209121601074,0.00272643822245,-0.00573334889486,-0.00956755690277,0.0270321462303]],"mean":[-615.344848633,129.454681396,-48.5319519043,38.2530593872,9.72274494171,34.9717750549,-0.972780406475,14.0251893997,-1.0020570755,7.44490528107,0.790469288826,5.25930118561,0.576329767704]},"pitch_salience":{"dmean":0.0791382566094,"dmean2":0.128556489944,"dvar":0.00485159503296,"dvar2":0.0130319725722,"max":0.870305538177,"mean":0.587993919849,"median":0.605493307114,"min":0.062245156616,"var":0.0104656051844},"silence_rate_20dB":{"dmean":0,"dmean2":0,"dvar":0,"dvar2":0,"max":1,"mean":1,"median":1,"min":1,"var":0},"silence_rate_30dB":{"dmean":0.0157212670892,"dmean2":0.0314458720386,"dvar":0.0154725275934,"dvar2":0.0393771380186,"max":1,"mean":0.986935734749,"median":1,"min":0,"var":0.0128920888528},"silence_rate_60dB":{"dmean":0.00233694491908,"dmean2":0.00467438669875,"dvar":0.00233165640384,"dvar2":0.00465283449739,"max":1,"mean":0.00743494415656,"median":0,"min":0,"var":0.0073784510605},"spectral_centroid":{"dmean":257.590881348,"dmean2":398.511627197,"dvar":68706.4921875,"dvar2":147022.21875,"max":11541.9707031,"mean":1953.22680664,"median":1923.88647461,"min":149.441101074,"var":412122.125},"spectral_complexity":{"dmean":4.85999584198,"dmean2":7.35365962982,"dvar":18.6253662109,"dvar2":37.520488739,"max":64,"mean":33.892829895,"median":33,"min":0,"var":88.2681121826},"spectral_contrast_coeffs":{"dmean":[0.0539956316352,0.0484874509275,0.0363355614245,0.0274403411895,0.0244275666773,0.0418143123388],"dmean2":[0.088666446507,0.08184363693,0.062085300684,0.0474332347512,0.0405721254647,0.0638019964099],"dvar":[0.00177465379238,0.00145904638339,0.000778581132181,0.000440737901954,0.000403249781812,0.0012340049725],"dvar2":[0.00479349959642,0.00411663670093,0.00222696829587,0.00129254930653,0.00106359052006,0.00283901905641],"max":[-0.372876018286,-0.463898956776,-0.591453373432,-0.676815271378,-0.643207609653,-0.402481675148],"mean":[-0.717882871628,-0.790944397449,-0.811602652073,-0.8056640625,-0.778037846088,-0.673695743084],"median":[-0.722657799721,-0.800182819366,-0.815241098404,-0.806524693966,-0.780838608742,-0.669634580612],"min":[-0.97295820713,-0.97573441267,-0.971073150635,-0.964293897152,-0.967152893543,-0.962730586529],"var":[0.00440228078514,0.00398121867329,0.00172929500695,0.000794524908997,0.00109156919643,0.00535693997517]},"spectral_contrast_valleys":{"dmean":[0.404896110296,0.394355714321,0.304501384497,0.237277463078,0.268746197224,0.512501835823],"dmean2":[0.663044393063,0.635638415813,0.491621673107,0.385365366936,0.408376485109,0.804278552532],"dvar":[0.112537160516,0.108544185758,0.0735874846578,0.0565002523363,0.0903081595898,0.202442586422],"dvar2":[0.27177682519,0.257753819227,0.160797402263,0.108912982047,0.17437915504,0.485136032104],"max":[-5.09245157242,-4.89799928665,-5.03819274902,-5.2442612648,-5.17735242844,-8.8887348175],"mean":[-6.74540376663,-6.75791597366,-6.70741558075,-6.40411376953,-6.85081338882,-10.8144569397],"median":[-6.65348386765,-6.78425264359,-6.65831947327,-6.32708406448,-6.73963785172,-10.7301177979],"min":[-27.4982089996,-27.6334400177,-27.4882259369,-27.6923522949,-27.3378372192,-27.3449668884],"var":[0.924500584602,1.05867111683,0.891023933887,0.829669892788,1.03584694862,0.87700521946]},"spectral_decrease":{"dmean":3.85184772966e-9,"dmean2":6.16520701158e-9,"dvar":2.10163482223e-17,"dvar2":5.38293772407e-17,"max":3.00561033839e-8,"mean":-4.92192642199e-9,"median":-3.74471609277e-9,"min":-4.51667965251e-8,"var":3.00355997125e-17},"spectral_energy":{"dmean":0.0151851065457,"dmean2":0.0244535338134,"dvar":0.000319174898323,"dvar2":0.000819625391159,"max":0.216817542911,"mean":0.0493313781917,"median":0.0449633263052,"min":1.02756463127e-20,"var":0.000551248725969},"spectral_energyband_high":{"dmean":0.00100944831502,"dmean2":0.00152430392336,"dvar":0.00000137325412197,"dvar2":0.00000285917144538,"max":0.0249007884413,"mean":0.00349041074514,"median":0.00305065256543,"min":7.22572395765e-21,"var":0.00000483974736198},"spectral_energyband_low":{"dmean":0.0108060464263,"dmean2":0.0181294698268,"dvar":0.000221861628233,"dvar2":0.000604450819083,"max":0.15480786562,"mean":0.0158733781427,"median":0.0114220473915,"min":3.6820622332e-23,"var":0.000238553853706},"spectral_energyband_middle_high":{"dmean":0.00355186802335,"dmean2":0.0058066258207,"dvar":0.0000164432422025,"dvar2":0.0000430455984315,"max":0.0523857213557,"mean":0.0107148280367,"median":0.00953014008701,"min":1.28845901205e-21,"var":0.0000316683435813},"spectral_energyband_middle_low":{"dmean":0.0029256301932,"dmean2":0.00476627796888,"dvar":0.0000180531769729,"dvar2":0.0000463360447611,"max":0.0916155874729,"mean":0.00636031618342,"median":0.0035664010793,"min":2.59904020825e-22,"var":0.0000450627958344},"spectral_entropy":{"dmean":0.0933327078819,"dmean2":0.141226366162,"dvar":0.00778451981023,"dvar2":0.0163454934955,"max":9.81601333618,"mean":7.82333898544,"median":7.8538980484,"min":6.02694272995,"var":0.0512272268534},"spectral_flux":{"dmean":0.0249891355634,"dmean2":0.0388677567244,"dvar":0.000703477009665,"dvar2":0.00146806437988,"max":0.363340467215,"mean":0.136702224612,"median":0.130067497492,"min":6.57101942303e-11,"var":0.00173044751864},"spectral_kurtosis":{"dmean":3.46108698845,"dmean2":5.14367675781,"dvar":15.005232811,"dvar2":32.4738540649,"max":74.3094024658,"mean":21.1229171753,"median":19.6325397491,"min":-1.27748191357,"var":74.8215255737},"spectral_rms":{"dmean":0.00100322591607,"dmean2":0.00158087490126,"dvar":0.0000010299851283,"dvar2":0.00000257386750491,"max":0.0145440474153,"mean":0.00674724625424,"median":0.00662319129333,"min":3.16623138298e-12,"var":0.00000260298816102},"spectral_rolloff":{"dmean":2111.90087891,"dmean2":3936.64501953,"dvar":23231064,"dvar2":62843636,"max":22050,"mean":19786.3710938,"median":20865.6738281,"min":21.533203125,"var":21414116},"spectral_skewness":{"dmean":0.280058115721,"dmean2":0.412537693977,"dvar":0.088049672544,"dvar2":0.175652951002,"max":6.72427082062,"mean":3.11335325241,"median":2.97094893456,"min":-0.0763859078288,"var":0.553281962872},"spectral_spread":{"dmean":413342.28125,"dmean2":634651.75,"dvar":243641253888,"dvar2":501609398272,"max":43098616,"mean":4137918,"median":3971376.25,"min":1874195.625,"var":2290961874940},"spectral_strongpeak":{"dmean":10.5438146591,"dmean2":18.8187007904,"dvar":566.478271484,"dvar2":1386.09790039,"max":306.900024414,"mean":9.89656448364,"median":0.230878695846,"min":0,"var":743.432739258},"zerocrossingrate":{"dmean":0.0452985875309,"dmean2":0.056310556829,"dvar":0.00155407493003,"dvar2":0.00226961867884,"max":0.94287109375,"mean":0.382790863514,"median":0.37841796875,"min":0,"var":0.00876773428172}},"metadata":{"audio_properties":{"analysis_sample_rate":44100,"bit_rate":192000,"codec":"mp3","downmix":"mix","equal_loudness":0,"length":218.592651367,"lossless":false,"md5_encoded":"7a020751e3f621208c63f7f4e41b079c","replay_gain":-8.82837677002,"sample_rate":44100},"tags":{"album":["Far Beyond Driven"],"album artist credit":["Pantera"],"albumartist":["Pantera"],"albumartistsort":["Pantera"],"artist":["Pantera"],"artist credit":["Pantera"],"artistsort":["Pantera"],"bpm":["0"],"catalognumber":["EKCD 6283"],"date":["1994"],"discnumber":["1/1"],"encodedby":["iTunes v4.8.0.32"],"file_name":"01 - Pantera - Strength Beyond Strength.mp3","genre":["Rock - Metal"],"label":["Gallo Record Company"],"language":["eng"],"media":["CD"],"musicbrainz album release country":["ZA"],"musicbrainz album status":["Official"],"musicbrainz album type":["album"],"musicbrainz_albumartistid":["541f16f5-ad7a-428e-af89-9fa1b16d3c9c"],"musicbrainz_albumid":["3809b136-3633-3008-9a5b-cca11331dac4"],"musicbrainz_artistid":["541f16f5-ad7a-428e-af89-9fa1b16d3c9c"],"musicbrainz_recordingid":["27f423f3-6357-414f-a89f-6736171efb3a"],"musicbrainz_releasegroupid":["60b55a8c-fe68-3397-91a3-7444cab57d7b"],"originaldate":["1994-03-18"],"replaygain_album_gain":["0.00 dB"],"replaygain_album_peak":["0.000000"],"replaygain_track_gain":["-9.96 dB"],"replaygain_track_peak":["1.076813"],"script":["Latn"],"title":["Strength Beyond Strength"],"tracknumber":["1/12"]},"version":{"essentia":"2.1-beta1","essentia_build_sha":"5a811adb4c06fd6d02ca903f7349a26d851abfa8","essentia_git_sha":"v2.1_beta1-34-gf95df8b","extractor":"music 1.0"}},"rhythm":{"beats_count":423,"beats_loudness":{"dmean":0.0199361797422,"dmean2":0.0338438972831,"dvar":0.000316723366268,"dvar2":0.000902469386347,"max":0.157640144229,"mean":0.057516168803,"median":0.0547887533903,"min":0.00862138066441,"var":0.000443059019744},"beats_loudness_band_ratio":{"dmean":[0.165407702327,0.0543109215796,0.0380188338459,0.0428392626345,0.0547098219395,0.116579726338],"dmean2":[0.2877394557,0.0965300500393,0.0675972402096,