{"lowlevel":{"average_loudness":0.962090790272,"barkbands":{"dmean":[0.000199267611606,0.00531029421836,0.00146462395787,0.000528347387444,0.00188041082583,0.000608350499533,0.00045757915359,0.000370501249563,0.000520013796631,0.000255394697888,0.000252203375567,0.000336527300533,0.000323530344758,0.000298084254609,0.000293092365609,0.000275412865449,0.000351963040885,0.000274864898529,0.000343108607922,0.000399333774112,0.000288519542664,0.000258492713328,0.000265896378551,0.000188180187251,0.000230269666645,0.000112937479571,0.000112217974674],"dmean2":[0.000332461262587,0.00886402186006,0.00262960535474,0.000923764775507,0.0033861733973,0.00100528541952,0.000792863662355,0.000604943372309,0.000818473170511,0.000417693081545,0.000412077992223,0.000545734597836,0.00051322102081,0.000488230551127,0.000478667410789,0.000444864970632,0.000564974267036,0.000436194444774,0.000544261478353,0.000614860327914,0.000438455637777,0.000392499612644,0.000399335287511,0.000278574123513,0.000327793270117,0.000147303464473,0.000141774697113],"dvar":[1.22780349443e-7,0.000137281705975,0.0000140305501191,0.00000110417113319,0.0000355228694389,0.00000248645164902,0.00000363107028534,0.00000144773082411,0.00000230443401961,8.87082251211e-7,5.9804239072e-7,0.00000139322776249,8.85893882696e-7,7.08695495177e-7,4.23566262953e-7,3.10282558758e-7,3.20587304259e-7,2.37095008515e-7,5.0760928616e-7,7.23460289009e-7,3.58288929192e-7,3.48847663645e-7,4.3680933004e-7,2.22270926997e-7,4.22459407901e-7,4.4807073607e-8,6.69960940058e-8],"dvar2":[3.21380838386e-7,0.000347203342244,0.0000386782812711,0.00000298837085211,0.000100249002571,0.00000609263815932,0.00000955746236286,0.00000349329025084,0.00000516382715432,0.00000225644271268,0.00000135043956107,0.00000368476435142,0.0000018480034214,0.0000017837512587,0.00000107041819319,7.66841367295e-7,7.79997378686e-7,5.25259792994e-7,0.00000116711692044,0.00000160956653872,7.89901434928e-7,8.14911402358e-7,9.82651954473e-7,5.1018156455e-7,8.81993628354e-7,8.5641879366e-8,1.21395174801e-7],"max":[0.00482257315889,0.0982034429908,0.0360428988934,0.0161360297352,0.0522607453167,0.0327649824321,0.042133115232,0.0257428046316,0.0392206273973,0.0360220298171,0.0238746143878,0.0309206694365,0.0393592305481,0.0224735252559,0.0170720797032,0.0119202742353,0.0109439883381,0.0110707879066,0.0274124424905,0.0396707616746,0.0124184396118,0.0194479953498,0.0158859174699,0.0121595673263,0.0147238420323,0.00280151679181,0.00274234008975],"mean":[0.000201775328605,0.0049177701585,0.00119751261082,0.00056787772337,0.00161601568107,0.000637467950583,0.000407876970712,0.000384127313737,0.000727516890038,0.000300075858831,0.000311620126013,0.00050727481721,0.000440165225882,0.000398698146455,0.000420115480665,0.000412473164033,0.000583881279454,0.000463660631794,0.000587076647207,0.000652174465358,0.000486985984026,0.000422497774707,0.000401570956456,0.000286048976704,0.000329945643898,0.000170555955265,0.000152052991325],"median":[0.0000720453172107,0.00148099858779,0.000244406750426,0.000204153358936,0.000575688725803,0.000194335414562,0.0000890561423148,0.0000597476828261,0.000127085935674,0.000092347348982,0.0000725417266949,0.0000909938535187,0.000119788259326,0.000160215000506,0.000213787847315,0.000221878552111,0.000362706196029,0.000250694167335,0.000334625103278,0.000342306680977,0.000235653395066,0.000187014142284,0.00015834379883,0.000101887308119,0.0000846809343784,0.0000386012616218,0.0000120556051115],"min":[1.76253259344e-24,2.51392497225e-24,3.08739785971e-24,6.57637206853e-24,1.75453078285e-23,1.75432662565e-23,7.25811039599e-24,2.64456089036e-23,2.97541672707e-23,2.61056587628e-23,3.13755067783e-23,3.71075499759e-23,5.46848729354e-23,6.95045401187e-23,1.19505384191e-22,9.40680720528e-23,8.57710413109e-23,1.56231239085e-22,1.69825609645e-22,1.57180964506e-22,2.99756819372e-22,2.9794400439e-22,5.01530954891e-22,6.09445208215e-22,9.4654584456e-22,1.59852421135e-21,2.07513766295e-21],"var":[1.2311880937e-7,0.000115564849693,0.00000937163804338,9.64059836406e-7,0.0000221505488298,0.00000241090265263,0.00000265947460321,0.00000154326096435,0.00000574293881073,9.21436310364e-7,9.14998622648e-7,0.00000291035053124,0.00000193604523702,8.81476410086e-7,5.32403078068e-7,4.47233134082e-7,5.38169103947e-7,4.44968975444e-7,8.34761294755e-7,0.00000122981759887,6.01281612944e-7,4.90040349632e-7,5.87428132803e-7,2.84738405298e-7,6.18272849806e-7,8.96978562537e-8,1.21359533978e-7]},"barkbands_crest":{"dmean":3.73329591751,"dmean2":6.21524000168,"dvar":11.3928518295,"dvar2":29.3983478546,"max":25.9945926666,"mean":9.55545425415,"median":8.27086257935,"min":1.97387516499,"var":25.5863208771},"barkbands_flatness_db":{"dmean":0.0258562788367,"dmean2":0.0414468422532,"dvar":0.000766386277974,"dvar2":0.00183294073213,"max":0.432591766119,"mean":0.0959834754467,"median":0.0795436426997,"min":0.0144481835887,"var":0.00353725720197},"barkbands_kurtosis":{"dmean":4.97354030609,"dmean2":8.6425819397,"dvar":709.557373047,"dvar2":2148.66870117,"max":970.729003906,"mean":3.91303324699,"median":-0.550643205643,"min":-1.93719959259,"var":723.888977051},"barkbands_skewness":{"dmean":0.856512069702,"dmean2":1.35060036182,"dvar":1.33653533459,"dvar2":3.30851578712,"max":27.6218833923,"mean":0.796521008015,"median":0.466167747974,"min":-5.42996263504,"var":3.48838853836},"barkbands_spread":{"dmean":12.3116407394,"dmean2":19.6531963348,"dvar":154.444702148,"dvar2":373.157287598,"max":140.914260864,"mean":43.3786621094,"median":43.1089630127,"min":0.351989209652,"var":447.717956543},"dissonance":{"dmean":0.0107957972214,"dmean2":0.0183021370322,"dvar":0.00020144318114,"dvar2":0.000533436017577,"max":0.500000119209,"mean":0.484833955765,"median":0.490307569504,"min":0.226733505726,"var":0.000312795018544},"dynamic_complexity":4.24528980255,"erbbands":{"dmean":[0.147619321942,1.22880017757,1.91282188892,1.77758395672,1.66953516006,7.7874751091,9.32978057861,4.81617116928,6.61453151703,5.85784912109,9.99234676361,12.0047950745,7.53413724899,8.64089870453,10.4662342072,14.0197944641,14.2243022919,14.6366529465,15.2787675858,13.728143692,15.8147745132,17.5612754822,15.4125461578,17.6579971313,15.4608316422,19.769487381,13.9895181656,10.6384677887,9.17176151276,9.06611728668,7.2800951004,4.51793718338,3.01214265823,2.4399023056,1.78060400486,0.536852002144,0.198035746813,0.0936411172152,0.0179862510413,0.00111202034168],"dmean2":[0.242398113012,2.10126590729,3.38160896301,3.14888715744,2.86018490791,14.1559743881,16.4022674561,7.88987779617,11.233083725,9.9715013504,15.9097471237,18.9580993652,12.0395231247,13.9520921707,17.2142448425,22.5746517181,22.1742343903,23.4876880646,24.5460453033,22.268819809,25.3828105927,28.0198669434,24.2593727112,28.2051258087,24.1645145416,30.43334198,21.0771789551,16.2053585052,13.9596605301,13.7022724152,10.9565544128,6.73599147797,4.45686864853,3.52168035507,2.58022928238,0.740080654621,0.25633251667,0.119793318212,0.022898606956,0.00141291390173],"dvar":[0.0910363346338,8.10605049133,22.916929245,14.6478509903,9.19136142731,641.540344238,837.21282959,170.619552612,732.489868164,358.05456543,1066.23095703,1408.8840332,610.955810547,859.999694824,1053.06298828,2289.80224609,2063.80102539,1481.84753418,1255.51123047,661.862854004,916.354919434,847.724975586,744.289978027,1531.84362793,989.284484863,2206.79052734,762.817993164,514.777099609,494.352203369,442.552734375,345.131958008,129.266799927,64.6491775513,53.1639328003,27.0262985229,1.56357979774,0.138752758503,0.0422323197126,0.00174683949444,0.00000673088925396],"dvar2":[0.227271154523,20.890871048,61.7563362122,39.7880859375,24.4102058411,1822.29968262,2272.53930664,403.573181152,1913.98974609,916.98046875,2524.60498047,3160.04785156,1521.06726074,2097.2265625,2440.6652832,6104.18115234,4169.22558594,3502.11474609,3166.17749023,1669.26293945,2230.80322266,2035.14172363,1667.72802734,3526.05322266,2371.73413086,5003.68701172,1625.80761719,1149.2578125,1176.43383789,1017.85351562,769.459533691,301.740264893,145.995117188,117.689529419,56.3937492371,3.22065758705,0.256748527288,0.0787883922458,0.00319124013186,0.0000122749643197],"max":[2.77768921852,24.2400817871,41.406627655,48.393737793,42.3779830933,223.90927124,318.328857422,377.310791016,651.295898438,306.623382568,815.116577148,1137.28796387,723.157348633,810.297790527,1149.35229492,1133.13024902,2067.95532227,1219.79956055,823.581481934,432.965362549,658.741943359,555.282409668,671.253479004,1854.66992188,829.488647461,2435.06225586,651.853271484,457.081573486,713.980895996,512.653747559,504.206451416,287.074890137,157.574554443,244.442672729,98.9152908325,23.0428352356,4.76596641541,2.47102761269,0.405407190323,0.0267238989472],"mean":[0.143876984715,1.07057034969,1.61643767357,1.7606357336,1.94013059139,6.33388328552,8.16948413849,5.09547233582,6.07449197769,5.69164228439,12.332318306,16.1585731506,9.44699573517,10.9683361053,13.2316560745,21.3102378845,21.8917369843,21.3970584869,21.4025993347,21.7357387543,26.3029727936,30.4686203003,27.0335521698,30.2468566895,26.4775867462,32.5763282776,22.8746929169,18.0118465424,14.84324646,14.0340461731,10.9335756302,6.90429496765,4.46937942505,3.48954868317,2.43756318092,0.793484926224,0.297777414322,0.130781143904,0.0245108846575,0.00147851684596],"median":[0.0466583669186,0.279912233353,0.382191538811,0.595115542412,0.929721772671,1.87796986103,2.34949707985,1.41814291477,1.46850681305,1.3674492836,2.0763130188,3.00034475327,2.90421438217,3.48157906532,3.55172872543,4.45212888718,5.87533998489,9.03362941742,10.7075920105,12.2900905609,16.0850467682,18.8012123108,15.6359262466,16.7120285034,15.6398658752,16.9825115204,12.0742940903,8.48014545441,6.70139455795,5.6568903923,4.14807271957,2.59071063995,1.46494007111,0.948158085346,0.560484707355,0.209480598569,0.0617481060326,0.0170777309686,0.00192034372594,0.000114608701551],"min":[8.50742562506e-23,6.67539853527e-22,4.3960404602e-21,1.44579716561e-20,3.25693125034e-20,5.94645472833e-20,1.2510633721e-19,1.52706652989e-19,1.06868471656e-19,3.35713422954e-19,4.5834103591e-19,7.85124992452e-19,9.74925202918e-19,1.09454627284e-18,1.06289348292e-18,1.96336343512e-18,3.2860204783e-18,2.92119970696e-18,4.94222672976e-18,3.65985234843e-18,4.89764417629e-18,5.88856849982e-18,7.92435635385e-18,8.48580767617e-18,8.21340303838e-18,8.22199248186e-18,1.20448937096e-17,1.08045520975e-17,1.12224660768e-17,1.15597944665e-17,1.5060652775e-17,1.2250984932e-17,1.10270554104e-17,8.91250879515e-18,6.61631124939e-18,5.24086829581e-18,2.7301836444e-18,1.10924155001e-18,2.71627630846e-19,2.89594769232e-20],"var":[0.082471549511,6.38766384125,16.1828937531,11.2872896194,8.26943492889,392.886688232,584.317260742,177.333602905,549.854125977,302.226348877,1856.23120117,2760.62573242,697.03692627,1014.11700439,1485.97070312,4361.75439453,4963.07421875,2421.66113281,1524.3001709,1004.02966309,1412.75830078,1454.82678223,1408.30187988,2452.68823242,1466.79370117,3569.25585938,1333.15881348,828.801208496,653.858703613,598.274475098,465.053924561,162.619293213,82.3557739258,68.7948913574,38.8768157959,2.50679302216,0.286704599857,0.0773510187864,0.00315694184974,0.0000118895231935]},"erbbands_crest":{"dmean":2.7736093998,"dmean2":4.58263063431,"dvar":8.53403949738,"dvar2":20.9203262329,"max":31.2950305939,"mean":8.20678806305,"median":6.64845323563,"min":2.47406077385,"var":23.5945167542},"erbbands_flatness_db":{"dmean":0.0206107124686,"dmean2":0.030871540308,"dvar":0.000460134149762,"dvar2":0.000976935960352,"max":0.493244230747,"mean":0.129085510969,"median":0.116881623864,"min":0.026361502707,"var":0.00330382864922},"erbbands_kurtosis":{"dmean":1.66379034519,"dmean2":2.7117626667,"dvar":17.7455253601,"dvar2":47.3740119934,"max":121.04712677,"mean":1.57577443123,"median":0.309639215469,"min":-1.85360300541,"var":37.9918823242},"erbbands_skewness":{"dmean":0.468889057636,"dmean2":0.723540782928,"dvar":0.259607583284,"dvar2":0.613747656345,"max":6.95409870148,"mean":-0.365524202585,"median":-0.494531482458,"min":-9.09834289551,"var":1.04889655113},"erbbands_spread":{"dmean":12.2324123383,"dmean2":19.7479324341,"dvar":185.390548706,"dvar2":469.120819092,"max":159.006240845,"mean":41.613948822,"median":38.03881073,"min":0.527057409286,"var":495.625915527},"gfcc":{"cov":[[24847.8867188,-293.706542969,-1037.4786377,891.342529297,-1439.43041992,-540.785461426,-786.973754883,122.45565033,-463.489105225,-275.894866943,-301.01965332,-53.8679542542,-91.1413955688],[-293.706542969,1549.22839355,-306.91809082,390.887878418,20.7566337585,30.4633045197,66.4195709229,-13.0842370987,-8.04252433777,-67.0509490967,-31.664730072,-73.9666061401,-1.64512646198],[-1037.4786377,-306.91809082,1313.85070801,127.434638977,156.583969116,12.8750133514,8.42265510559,42.5465087891,15.4142131805,5.519551754,-21.8633804321,21.3712673187,-15.0727701187],[891.342529297,390.887878418,127.434638977,673.141723633,38.5605964661,-31.2736549377,-61.7114524841,34.2463760376,-27.9030456543,-2.61865472794,-31.6998500824,-42.1500587463,17.7813739777],[-1439.43041992,20.7566337585,156.583969116,38.5605964661,432.850128174,86.1138381958,109.325302124,-25.6920051575,39.7971572876,36.4154586792,20.4223365784,-14.9958543777,14.515914917],[-540.785461426,30.4633045197,12.8750133514,-31.2736549377,86.1138381958,349.180725098,70.5167922974,41.2700653076,-23.2898521423,11.1480016708,35.6526374817,-3.40957593918,-33.4205856323],[-786.973754883,66.4195709229,8.42265510559,-61.7114524841,109.325302124,70.5167922974,254.123321533,35.3975028992,32.4512443542,-30.7855510712,20.3799781799,1.31795060635,-9.57039070129],[122.45565033,-13.0842370987,42.5465087891,34.2463760376,-25.6920051575,41.2700653076,35.3975028992,181.371520996,32.9228553772,21.1963157654,-18.6679878235,-21.4319019318,-28.9277439117],[-463.489105225,-8.04252433777,15.4142131805,-27.9030456543,39.7971572876,-23.2898521423,32.4512443542,32.9228553772,140.741287231,45.1489181519,3.10828280449,-17.7131900787,-7.13206243515],[-275.894866943,-67.0509490967,5.519551754,-2.61865472794,36.4154586792,11.1480016708,-30.7855510712,21.1963157654,45.1489181519,139.932632446,32.6640205383,-5.25917053223,-2.45307326317],[-301.01965332,-31.664730072,-21.8633804321,-31.6998500824,20.4223365784,35.6526374817,20.3799781799,-18.6679878235,3.10828280449,32.6640205383,92.7804412842,38.9903755188,3.61311197281],[-53.8679542542,-73.9666061401,21.3712673187,-42.1500587463,-14.9958543777,-3.40957593918,1.31795060635,-21.4319019318,-17.7131900787,-5.25917053223,38.9903755188,91.5978546143,30.0198936462],[-91.1413955688,-1.64512646198,-15.0727701187,17.7813739777,14.515914917,-33.4205856323,-9.57039070129,-28.9277439117,-7.13206243515,-2.45307326317,3.61311197281,30.0198936462,84.321975708]],"icov":[[0.0000639190184302,0.0000516554282513,0.0000590478957747,-0.000117737028631,0.000143750658026,0.0000410983811889,0.0000740021787351,-0.000038629903429,0.000120689735922,0.0000642966188025,0.000108380998427,-0.0000287994444079,0.000109855798655],[0.0000516554282513,0.000945446954574,0.000300776649965,-0.000701520824805,0.000166571335285,-0.000103252947156,-0.000292932032607,0.000244632683462,-0.000078403048974,0.000407043349696,0.000122929399367,0.000404591643019,0.000112956702651],[0.0000590478957747,0.000300776649965,0.000980775570497,-0.000431982422015,-0.000259682128672,0.0000419081225118,0.0000968543317867,-0.000184367963811,-0.00000474790294902,0.000188377947779,0.000540484965313,-0.000637205608655,0.000553932972252],[-0.000117737028631,-0.000701520824805,-0.000431982422015,0.00234355591238,-0.000597538484726,0.000205296310014,0.000626396678854,-0.000723954755813,0.00042511234642,-0.00014074415958,-0.000437226903159,0.000848769734148,-0.000956971838605],[0.000143750658026,0.000166571335285,-0.000259682128672,-0.000597538484726,0.00365010369569,-0.00068020564504,-0.00141742348205,0.001219253405,-0.000332345138304,-0.00096649909392,0.000274007674307,0.000906051893253,-0.000792874256149],[0.0000410983811889,-0.000103252947156,0.0000419081225118,0.000205296310014,-0.00068020564504,0.00370762660168,-0.00043143707444,-0.00110737187788,0.00150220911019,-0.00014189571084,-0.00138309737667,0.000259278836893,0.00125422491692],[0.0000740021787351,-0.000292932032607,0.0000968543317867,0.000626396678854,-0.00141742348205,-0.00043143707444,0.00599473947659,-0.00175602175295,-0.00115274393465,0.002780479379,-0.0017387639964,-0.0000576581696805,0.000188889214769],[-0.000038629903429,0.000244632683462,-0.000184367963811,-0.000723954755813,0.001219253405,-0.00110737187788,-0.00175602175295,0.00746474694461,-0.00153174018487,-0.00174317299388,0.00235509988852,-0.0000907221838133,0.0015466210898],[0.000120689735922,-0.000078403048974,-0.00000474790294902,0.00042511234642,-0.000332345138304,0.00150220911019,-0.00115274393465,-0.00153174018487,0.00968311820179,-0.00291511765681,0.0000195229604287,0.00148213689681,0.000240419962211],[0.0000642966188025,0.000407043349696,0.000188377947779,-0.00014074415958,-0.00096649909392,-0.00014189571084,0.002780479379,-0.00174317299388,-0.00291511765681,0.0107213417068,-0.00480204448104,0.00188358919695,-0.000430991669418],[0.000108380998427,0.000122929399367,0.000540484965313,-0.000437226903159,0.000274007674307,-0.00138309737667,-0.0017387639964,0.00235509988852,0.0000195229604287,-0.00480204448104,0.0174620319158,-0.00805532187223,0.00230514188297],[-0.0000287994444079,0.000404591643019,-0.000637205608655,0.000848769734148,0.000906051893253,0.000259278836893,-0.0000576581696805,-0.0000907221838133,0.00148213689681,0.00188358919695,-0.00805532187223,0.0177611298859,-0.00620491011068],[0.000109855798655,0.000112956702651,0.000553932972252,-0.000956971838605,-0.000792874256149,0.00125422491692,0.000188889214769,0.0015466210898,0.000240419962211,-0.000430991669418,0.00230514188297,-0.00620491011068,0.0155847566202]],"mean":[-14.4900131226,26.8188343048,-105.560821533,40.887638092,-40.1388778687,14.716334343,-28.8360347748,8.36944103241,-18.9785747528,6.00879383087,-13.6322393417,4.10764837265,-8.1047000885]},"hfc":{"dmean":14.2233600616,"dmean2":19.0898933411,"dvar":457.676086426,"dvar2":851.798522949,"max":291.062652588,"mean":32.1928482056,"median":21.3266906738,"min":1.07838636486e-16,"var":1113.99829102},"melbands":{"dmean":[0.00141660240479,0.0012203232618,0.000292296317639,0.00029056207859,0.000378655153327,0.000106928913738,0.0000998664909275,0.0000639503050479,0.0000897729405551,0.0000727252336219,0.0000378881195502,0.0000357165918103,0.0000345656153513,0.0000364293518942,0.0000370822272089,0.0000312563934131,0.0000285916885332,0.0000258464788203,0.0000216085554712,0.0000190447208297,0.0000209103291127,0.0000204810021387,0.0000176392168214,0.0000131469287226,0.0000158526272571,0.0000122132623801,0.0000117399176816,0.0000148386698129,0.0000100620864032,0.00000704292324372,0.00000628560792393,0.00000552570963919,0.00000523714152223,0.00000525617178937,0.0000045055571718,0.00000370867974198,0.00000258156660493,0.00000219066123464,0.00000210824100577,0.00000211595852306],"dmean2":[0.00234258058481,0.00209611165337,0.000514316663612,0.000519305584021,0.000676384137478,0.00017587452021,0.000170481755049,0.000107658364868,0.000141374708619,0.000115411239676,0.0000610846545896,0.0000578818508075,0.0000567407878407,0.0000602568688919,0.0000579444931645,0.0000495429994771,0.0000468012294732,0.0000420930991822,0.0000351512171619,0.0000309744500555,0.0000340071092069,0.0000333426978614,0.0000281053507933,0.0000209176760109,0.0000255981085502,0.000019430737666,0.0000185426033568,0.0000230011100939,0.0000153430210048,0.0000109103557406,0.00000974781414698,0.00000859849205881,0.00000812998860056,0.00000799043118604,0.00000685017130309,0.00000569465237277,0.00000393372056351,0.00000330664397552,0.00000314244243782,0.00000308949893224],"dvar":[0.00000904069838725,0.00000825733786769,3.80115551479e-7,6.51101174753e-7,0.00000151180324792,8.28202573189e-8,1.66241903798e-7,3.87052097039e-8,8.30922743944e-8,5.4590408638e-8,1.67688956054e-8,1.60277302541e-8,1.0988904009e-8,1.96909279992e-8,1.43814924414e-8,7.30445570696e-9,6.35540287064e-9,4.15916368013e-9,2.2042283554e-9,1.53976453809e-9,1.51075463251e-9,1.16699527819e-9,9.83809367305e-10,6.55348553202e-10,1.47868306488e-9,7.24999504875e-10,5.7027915723e-10,1.53237678102e-9,4.33140023848e-10,2.1779207604e-10,1.84862514185e-10,1.90832086244e-10,1.42339709464e-10,1.61338276072e-10,1.30460878212e-10,1.06385629473e-10,3.93167720603e-11,3.07567790681e-11,5.18977014141e-11,3.70409258821e-11],"dvar2":[0.0000226369556913,0.0000213969124161,0.00000102428134596,0.0000018397427084,0.0000041869116103,1.97668057922e-7,4.33486633256e-7,9.72017488721e-8,1.92773768504e-7,1.22821219861e-7,4.20431192083e-8,3.95817743026e-8,2.52831142689e-8,5.37166933157e-8,3.29880975869e-8,1.60535371663e-8,1.53389692059e-8,1.06199866678e-8,5.45811129626e-9,3.82476805783e-9,3.68901265091e-9,2.86008661199e-9,2.29156826848e-9,1.53288448601e-9,3.43950468107e-9,1.75734360397e-9,1.43364786709e-9,3.54230578203e-9,9.35780453126e-10,4.92687668441e-10,4.26868707049e-10,4.60716798045e-10,3.4127653481e-10,3.75693559596e-10,2.93934876439e-10,2.46906745049e-10,9.40351824186e-11,7.11839823198e-11,1.17508100472e-10,8.27398219383e-11],"max":[0.0255676079541,0.024217730388,0.00806208886206,0.00713680312037,0.0123468060046,0.0076848808676,0.00951246358454,0.00360192358494,0.00826669670641,0.00699504418299,0.00418203277513,0.00333409989253,0.00331130251288,0.00340595701709,0.00426660757512,0.00286341016181,0.00221674493514,0.00140693376306,0.00108489498962,0.000892353302334,0.000793056562543,0.000728242273908,0.000691556488164,0.000642631261144,0.00189000985119,0.000771080609411,0.000514445535373,0.00221178564243,0.000643990933895,0.000276767270407,0.000272401171969,0.000440333475126,0.000353266659658,0.000343315768987,0.000288383336738,0.000287475326331,0.000191488827113,0.000100140052382,0.000277879211353,0.000167159450939],"mean":[0.00134794274345,0.0010812736582,0.000304638408124,0.000267225637799,0.00031952993595,0.000113319962111,0.0000912937757676,0.0000619895508862,0.000116065544717,0.0000968842505245,0.0000451040905318,0.0000433271961811,0.0000429578176409,0.0000456887646578,0.0000626221080893,0.0000426712758781,0.0000393468908442,0.0000335769836965,0.0000311177464027,0.0000279518917523,0.0000325099972542,0.0000327925263264,0.0000281544453173,0.0000214820083784,0.000025377039492,0.0000190336340893,0.0000189652382687,0.0000225560088438,0.0000151864715008,0.0000112651459858,0.00000999500934995,0.00000842435565573,0.00000799760618975,0.00000765743152442,0.00000651097570881,0.00000522384243595,0.00000382365760743,0.00000316315095006,0.00000286281419903,0.00000293881976177],"median":[0.000428209837992,0.000294515048154,0.000111457055027,0.0001117556385,0.00008628534124,0.00003202561129,0.0000211712322198,0.0000133192570502,0.0000178923946805,0.0000175146724359,0.0000124426569528,0.0000128655619847,0.000010873305655,0.0000102986550701,0.0000104176942841,0.0000127303774207,0.0000154297522386,0.0000155005218403,0.0000153650707944,0.0000155010584422,0.0000188161047845,0.0000196433029487,0.0000152315324158,0.0000117826639325,0.0000130509679366,0.0000099392618722,0.0000107625974124,0.0000107812984425,0.00000743605824027,0.00000508663242726,0.00000459175316792,0.00000367342772734,0.00000316023488267,0.0000029674642974,0.0000024079722607,0.0000018451038386,0.0000013860432091,9.92254172161e-7,7.66768096128e-7,7.32195587716e-7],"min":[1.36352980442e-24,1.85415030733e-24,3.0866906459e-24,2.32079446771e-24,3.72921331726e-24,3.96340205976e-24,1.35969722232e-24,5.15400063616e-24,3.13293682761e-24,4.1383217103e-24,4.9109013153e-24,4.31394226376e-24,3.4987969076e-24,3.65159098191e-24,5.44050742275e-24,4.54520196572e-24,5.79124010881e-24,5.38323493774e-24,6.46653028723e-24,3.96947273886e-24,4.81243333053e-24,4.54278174046e-24,6.56382168596e-24,6.22485249372e-24,5.55214701806e-24,6.48060356578e-24,4.34910968291e-24,5.30678839957e-24,7.44843886659e-24,6.28172660398e-24,5.74864438094e-24,5.44989250094e-24,6.67620162723e-24,5.99082941201e-24,8.23663476207e-24,7.38114193163e-24,6.33196205528e-24,6.74542101622e-24,7.70933725606e-24,7.70950686115e-24],"var":[0.00000791170441516,0.00000642958411845,3.0199498724e-7,4.14223819689e-7,9.93632625068e-7,8.48675938414e-8,1.25236553572e-7,3.52345601584e-8,1.87850943689e-7,1.01609565206e-7,1.8363371268e-8,1.80507218062e-8,1.63471263193e-8,2.07435775224e-8,5.21277456755e-8,1.41040565893e-8,9.53854417673e-9,4.57526461162e-9,2.99032332229e-9,2.14624074069e-9,2.25433494094e-9,1.86852533446e-9,1.54174206735e-9,1.09428299755e-9,2.16945639231e-9,9.82397829752e-10,7.79780684468e-10,2.27298979638e-9,6.74290456804e-10,3.53463730507e-10,2.73697731146e-10,2.34495950435e-10,1.92394405962e-10,2.02883307376e-10,1.73012631999e-10,1.27231850056e-10,4.80412133685e-11,3.81612241807e-11,6.04206615296e-11,4.77770357998e-11]},"melbands_crest":{"dmean":4.51356554031,"dmean2":7.35735368729,"dvar":14.4831943512,"dvar2":35.2234802246,"max":39.2485237122,"mean":14.7913255692,"median":13.6762580872,"min":1.84575307369,"var":49.0587081909},"melbands_flatness_db":{"dmean":0.0379878766835,"dmean2":0.0601794347167,"dvar":0.00143917824607,"dvar2":0.00326458876953,"max":0.556654214859,"mean":0.145693942904,"median":0.12659355998,"min":0.00489846477285,"var":0.00654395483434},"melbands_kurtosis":{"dmean":15.2538166046,"dmean2":25.6150550842,"dvar":2495.00292969,"dvar2":6429.73925781,"max":1483.97998047,"mean":17.41639328,"median":3.15193605423,"min":-1.9423750639,"var":3064.40380859},"melbands_skewness":{"dmean":1.29345488548,"dmean2":2.06552219391,"dvar":2.98293805122,"dvar2":7.44597816467,"max":34.7261810303,"mean":2.4923312664,"median":1.79460155964,"min":-7.1199297905,"var":7.57201528549},"melbands_spread":{"dmean":20.6194477081,"dmean2":32.7705688477,"dvar":586.954711914,"dvar2":1319.48059082,"max":320.819366455,"mean":52.7348175049,"median":47.2890701294,"min":0.235222533345,"var":1427.42614746},"mfcc":{"cov":[[14994.2949219,324.254516602,34.2641639709,521.14453125,-333.849121094,-457.739440918,-410.5128479,-99.1310958862,-262.054412842,-303.503173828,-272.247802734,-161.248153687,-105.263717651],[324.254516602,966.050048828,-95.4085235596,192.016082764,6.02202939987,87.4661865234,40.0712661743,55.5981445312,23.7671813965,18.9111175537,-28.1214885712,-0.636103868484,-27.3100719452],[34.2641639709,-95.4085235596,809.544006348,159.148498535,137.643890381,9.44666099548,23.794462204,42.0572280884,16.4320964813,-15.0555467606,-0.835055232048,-1.10694348812,26.1268959045],[521.14453125,192.016082764,159.148498535,604.016052246,136.109802246,9.97184848785,-10.5045919418,-32.4585418701,54.4935531616,-2.49033617973,-39.8841552734,1.8433072567,-4.02318096161],[-333.849121094,6.02202939987,137.643890381,136.109802246,280.119110107,92.5416641235,37.7366447449,-16.2933120728,31.9329547882,39.1689720154,15.0750818253,-1.79525351524,7.04014539719],[-457.739440918,87.4661865234,9.44666099548,9.97184848785,92.5416641235,213.804824829,95.3957977295,32.6513061523,5.36495780945,18.1070041656,7.12420129776,19.044462204,11.103272438],[-410.5128479,40.0712661743,23.794462204,-10.5045919418,37.7366447449,95.3957977295,208.730621338,91.2462310791,21.0656032562,7.2551984787,13.5861215591,23.7836608887,9.16916465759],[-99.1310958862,55.5981445312,42.0572280884,-32.4585418701,-16.2933120728,32.6513061523,91.2462310791,182.784637451,26.8967323303,11.8510274887,17.2146339417,3.01528000832,-5.14005041122],[-262.054412842,23.7671813965,16.4320964813,54.4935531616,31.9329547882,5.36495780945,21.0656032562,26.8967323303,120.14226532,51.8404312134,19.7810230255,0.54339158535,-5.37264966965],[-303.503173828,18.9111175537,-15.0555467606,-2.49033617973,39.1689720154,18.1070041656,7.2551984787,11.8510274887,51.8404312134,142.050765991,59.3851394653,9.97343063354,-0.638432860374],[-272.247802734,-28.1214885712,-0.835055232048,-39.8841552734,15.0750818253,7.12420129776,13.5861215591,17.2146339417,19.7810230255,59.3851394653,111.132064819,31.3642139435,4.43218803406],[-161.248153687,-0.636103868484,-1.10694348812,1.8433072567,-1.79525351524,19.044462204,23.7836608887,3.01528000832,0.54339158535,9.97343063354,31.3642139435,84.3381652832,35.7449111938],[-105.263717651,-27.3100719452,26.1268959045,-4.02318096161,7.04014539719,11.103272438,9.16916465759,-5.14005041122,-5.37264966965,-0.638432860374,4.43218803406,35.7449111938,82.2943878174]],"icov":[[0.0000837823754409,-0.0000234307426581,-0.00000329629324369,-0.0000917104407563,0.0000606278917985,0.000115105773148,0.0000955289215199,-0.0000610853021499,0.000172458705492,0.000052265379054,0.0000710570820956,0.0000609314447502,0.0000421501645178],[-0.0000234307426581,0.00126270542387,0.000211544785998,-0.000486718548927,0.000260463013547,-0.00062863365747,0.0000794686857262,-0.00043925686623,0.000026183162845,-0.000299744744552,0.000327193527482,-0.000119145995995,0.000357870332664],[-0.00000329629324369,0.000211544785998,0.00150553451385,-0.000348990084603,-0.000738114875276,0.000226987627684,0.0000705821075826,-0.000654716335703,0.0000665982952341,0.000355763972038,-0.000121942779515,0.000177711393917,-0.000508805736899],[-0.0000917104407563,-0.000486718548927,-0.000348990084603,0.00244010658935,-0.0011549917981,0.000349474110408,0.0000328010828525,0.00053331349045,-0.00123053358402,0.000239845976466,0.000888229289558,-0.000833143014461,0.000268136704108],[0.0000606278917985,0.000260463013547,-0.000738114875276,-0.0011549917981,0.00570103991777,-0.00234434893355,-0.0004179905809,0.00121144927107,-0.000363733590348,-0.00101419037674,-0.000736607704312,0.00138187117409,-0.000299478095258],[0.000115105773148,-0.00062863365747,0.000226987627684,0.000349474110408,-0.00234434893355,0.00742346886545,-0.00257843942381,-0.000168101440067,0.00101727456786,-0.000411786779296,0.000741991796531,-0.000924778578337,-0.000215666761505],[0.0000955289215199,0.0000794686857262,0.0000705821075826,0.0000328010828525,-0.0004179905809,-0.00257843942381,0.00791855528951,-0.00346885691397,-0.000571422395296,0.000773257634137,0.000173274675035,-0.00151758070569,0.0000309924835165],[-0.0000610853021499,-0.00043925686623,-0.000654716335703,0.00053331349045,0.00121144927107,-0.000168101440067,-0.00346885691397,0.00800295826048,-0.00150749215391,-0.0000161903208209,-0.00101755687501,0.000831564480904,0.000410492008086],[0.000172458705492,0.000026183162845,0.0000665982952341,-0.00123053358402,-0.000363733590348,0.00101727456786,-0.000571422395296,-0.00150749215391,0.0113498326391,-0.00373984035105,0.000108180764073,0.000441324984422,0.000525807670783],[0.000052265379054,-0.000299744744552,0.000355763972038,0.000239845976466,-0.00101419037674,-0.000411786779296,0.000773257634137,-0.0000161903208209,-0.00373984035105,0.0110139306635,-0.00519958231598,0.000720954616554,-0.000270513119176],[0.0000710570820956,0.000327193527482,-0.000121942779515,0.000888229289558,-0.000736607704312,0.000741991796531,0.000173274675035,-0.00101755687501,0.000108180764073,-0.00519958231598,0.0139732370153,-0.00538801914081,0.00171611958649],[0.0000609314447502,-0.000119145995995,0.000177711393917,-0.000833143014461,0.00138187117409,-0.000924778578337,-0.00151758070569,0.000831564480904,0.000441324984422,0.000720954616554,-0.00538801914081,0.0175707787275,-0.00713851908222],[0.0000421501645178,0.000357870332664,-0.000508805736899,0.000268136704108,-0.000299478095258,-0.000215666761505,0.0000309924835165,0.000410492008086,0.000525807670783,-0.000270513119176,0.00171611958649,-0.00713851908222,0.015616171062]],"mean":[-655.80255127,64.4238052368,-3.51327872276,30.8510875702,10.9736833572,12.8417282104,3.83335757256,6.014752388,2.49899220467,5.11302709579,0.135944828391,1.31787383556,0.361314594746]},"pitch_salience":{"dmean":0.093848772347,"dmean2":0.153139665723,"dvar":0.00792894419283,"dvar2":0.0200653169304,"max":0.942915737629,"mean":0.552806198597,"median":0.580867052078,"min":0.0636625140905,"var":0.0216255486012},"silence_rate_20dB":{"dmean":0,"dmean2":0,"dvar":0,"dvar2":0,"max":1,"mean":1,"median":1,"min":1,"var":0},"silence_rate_30dB":{"dmean":0,"dmean2":0,"dvar":0,"dvar2":0,"max":1,"mean":1,"median":1,"min":1,"var":0},"silence_rate_60dB":{"dmean":0.03515625,"dmean2":0.0703230649233,"dvar":0.0339202880859,"dvar2":0.0813041478395,"max":1,"mean":0.0973411425948,"median":0,"min":0,"var":0.0878583341837},"spectral_centroid":{"dmean":417.970703125,"dmean2":650.439147949,"dvar":196832.5625,"dvar2":431264.40625,"max":11228.2167969,"mean":2435.32739258,"median":2484.45556641,"min":152.827087402,"var":710482.4375},"spectral_complexity":{"dmean":5.67097377777,"dmean2":8.09196090698,"dvar":42.4203872681,"dvar2":77.1764297485,"max":61,"mean":21.4496021271,"median":20,"min":0,"var":208.397262573},"spectral_contrast_coeffs":{"dmean":[0.0577833838761,0.0558508113027,0.0415483489633,0.0339883342385,0.025355797261,0.0221530497074],"dmean2":[0.0969023406506,0.0906754136086,0.0668854415417,0.0545887611806,0.039977863431,0.0336181409657],"dvar":[0.00267891725525,0.0024816764053,0.00131916732062,0.000850647280458,0.000547461386304,0.000433365959907],"dvar2":[0.00696853920817,0.00598595989868,0.003203144297,0.00199746130966,0.00124434137251,0.000976005976554],"max":[-0.378172844648,-0.331778347492,-0.46394315362,-0.428871691227,-0.544813036919,-0.584454238415],"mean":[-0.721058726311,-0.770110428333,-0.801646590233,-0.789305925369,-0.792781114578,-0.756492376328],"median":[-0.727802038193,-0.783124923706,-0.811935484409,-0.79657715559,-0.795873999596,-0.752353310585],"min":[-0.975379705429,-0.973014891148,-0.979703187943,-0.968482971191,-0.963341772556,-0.96362388134],"var":[0.00769546162337,0.00706722494215,0.00437719747424,0.00356057728641,0.00229584635235,0.00267148390412]},"spectral_contrast_valleys":{"dmean":[0.524248659611,0.505051076412,0.397764265537,0.394993752241,0.356721073389,0.368204385042],"dmean2":[0.825488209724,0.796367585659,0.612328410149,0.579294085503,0.489008784294,0.475124239922],"dvar":[0.26161429286,0.272717028856,0.186591252685,0.198229342699,0.199994385242,0.240323632956],"dvar2":[0.529460608959,0.562530755997,0.353021413088,0.358254551888,0.344647318125,0.402774959803],"max":[-5.32930707932,-5.0013718605,-5.31516695023,-5.68056488037,-5.48639631271,-7.20618057251],"mean":[-7.68233680725,-7.63818120956,-7.91987705231,-7.85061359406,-7.34981012344,-9.73974323273],"median":[-7.31498193741,-7.2651014328,-7.57705879211,-7.50325250626,-6.93953895569,-9.38127613068],"min":[-27.6911582947,-27.5091152191,-27.4396915436,-27.4117393494,-27.3869132996,-27.3146762848],"var":[2.8646633625,2.91417622566,2.65559077263,2.56530594826,3.03105902672,2.90344548225]},"spectral_decrease":{"dmean":2.62988364419e-9,"dmean2":4.13849976511e-9,"dvar":1.70850879888e-17,"dvar2":4.02666261322e-17,"max":2.21409594085e-18,"mean":-3.99336164136e-9,"median":-2.63058486105e-9,"min":-2.93875679347e-8,"var":1.97657719045e-17},"spectral_energy":{"dmean":0.0107433553785,"dmean2":0.0164826009423,"dvar":0.000259054650087,"dvar2":0.000599583727308,"max":0.116112209857,"mean":0.01799184829,"median":0.012532081455,"min":1.01545879454e-20,"var":0.000335680349963},"spectral_energyband_high":{"dmean":0.00138088176027,"dmean2":0.00191093585454,"dvar":0.0000058687528508,"dvar2":0.0000117419313028,"max":0.045205745846,"mean":0.00261590047739,"median":0.00140353082679,"min":7.28446185908e-21,"var":0.000011714089851},"spectral_energyband_low":{"dmean":0.00653749890625,"dmean2":0.0107160350308,"dvar":0.000187536992598,"dvar2":0.000455575500382,"max":0.105419270694,"mean":0.00664351182058,"median":0.00238840235397,"min":1.83424754391e-23,"var":0.000173427397385},"spectral_energyband_middle_high":{"dmean":0.00195208704099,"dmean2":0.00292523577809,"dvar":0.00000797038774181,"dvar2":0.0000171982355823,"max":0.0461118519306,"mean":0.00468561938033,"median":0.00350417639129,"min":1.32775756324e-21,"var":0.0000222169001063},"spectral_energyband_middle_low":{"dmean":0.00354755041189,"dmean2":0.00594824971631,"dvar":0.0000573705110583,"dvar2":0.000151483880472,"max":0.0751476585865,"mean":0.00442560715601,"median":0.00228003272787,"min":2.03572586921e-22,"var":0.000051533763326},"spectral_entropy":{"dmean":0.154552325606,"dmean2":0.228182718158,"dvar":0.0303664430976,"dvar2":0.0626775100827,"max":9.8205242157,"mean":8.01277351379,"median":8.06530094147,"min":4.94445896149,"var":0.149805039167},"spectral_flux":{"dmean":0.0304312184453,"dmean2":0.0463030040264,"dvar":0.00141562276985,"dvar2":0.00281118880957,"max":0.305399596691,"mean":0.0873820781708,"median":0.0758751928806,"min":6.61511331823e-11,"var":0.00298449746333},"spectral_kurtosis":{"dmean":1.0392844677,"dmean2":1.66963350773,"dvar":2.42738389969,"dvar2":6.86442184448,"max":63.170463562,"mean":3.51577973366,"median":3.04472494125,"min":-1.26782238483,"var":12.545797348},"spectral_rms":{"dmean":0.00109161692671,"dmean2":0.00158913829364,"dvar":0.00000170557177626,"dvar2":0.00000362296555068,"max":0.0106433173642,"mean":0.00371913798153,"median":0.00349662988447,"min":3.14752520922e-12,"var":0.00000372103818336},"spectral_rolloff":{"dmean":1486.2677002,"dmean2":2306.86450195,"dvar":4023681.75,"dvar2":8153286.5,"max":20994.8730469,"mean":3918.62329102,"median":3380.71289062,"min":43.06640625,"var":10142108},"spectral_skewness":{"dmean":0.184814274311,"dmean2":0.285700291395,"dvar":0.0367564857006,"dvar2":0.0903134867549,"max":6.14171504974,"mean":1.27501344681,"median":1.23454117775,"min":-0.320104569197,"var":0.211542204022},"spectral_spread":{"dmean":767488,"dmean2":1082119.25,"dvar":1206342778880,"dvar2":2148199432190,"max":42626844,"mean":5731848.5,"median":5343240,"min":1154330.25,"var":6222470709250},"spectral_strongpeak":{"dmean":0.68831795454,"dmean2":1.19656324387,"dvar":1.6555416584,"dvar2":4.24006414413,"max":19.6347064972,"mean":0.840134620667,"median":0.223837718368,"min":0,"var":2.08740305901},"zerocrossingrate":{"dmean":0.0268477667123,"dmean2":0.0299653541297,"dvar":0.000761900097132,"dvar2":0.000892096490134,"max":0.5771484375,"mean":0.129643335938,"median":0.11669921875,"min":0.00048828125,"var":0.00511134648696}},"metadata":{"audio_properties":{"analysis_sample_rate":44100,"bit_rate":0,"codec":"flac","downmix":"mix","equal_loudness":0,"length":154.533340454,"lossless":true,"md5_encoded":"93f3923da25867d5f79416fbf4d148de","replay_gain":-16.9480609894,"sample_rate":44100},"tags":{"album":["The Uplift Mofo Party Plan"],"album artist":["Red Hot Chili Peppers"],"albumartist":["Red Hot Chili Peppers"],"albumartistsort":["Red Hot Chili Peppers"],"artist":["Red Hot Chili Peppers"],"artistsort":["Red Hot Chili Peppers"],"asin":["B000078DOJ"],"barcode":["724354037924"],"catalognumber":["7243 5 40379 2 4"],"date":["2003-03-11"],"discnumber":["1"],"disctotal":["1"],"ensemble":["Red Hot Chili Peppers"],"file_name":"01-07 Subterranean Homesick Blues.flac","genre":["Funk Rock"],"label":["Capitol Records"],"media":["CD"],"musicbrainz_albumartistid":["8bfac288-ccc5-448d-9573-c33ea2aa5c30"],"musicbrainz_albumid":["0ae5fdcc-586f-4a1f-b3dd-342f5a84cb4a"],"musicbrainz_artistid":["8bfac288-ccc5-448d-9573-c33ea2aa5c30"],"musicbrainz_recordingid":["27fbac9a-6d88-41ef-a42c-0858728e502e"],"musicbrainz_releasegroupid":["5d5601d8-9dda-381b-88ed-81bc299a9b2f"],"originaldate":["1987-09-29"],"releasecountry":["US"],"releasestatus":["official"],"releasetype":["album"],"replaygain_track_peak":["-1"],"script":["Latn"],"title":["Subterranean Homesick Blues"],"totaldiscs":["1"],"totaltracks":["14"],"tracknumber":["7"],"tracktotal":["14"]},"version":{"essentia":"2.1-beta1","essentia_build_sha":"ca57ba49d9b1854bd80e60cf9ccf267278fb7d6b","essentia_git_sha":"v2.1_beta1-28-g21ef5f4-dirty","extractor":"music 1.0"}},"rhythm":{"beats_count":282,"beats_loudness":{"dmean":0.0183866806328,"dmean2":0.0311752930284,"dvar":0.000248572177952,"dvar2":0.000752662308514,"max":0.102220252156,"mean":0.0333914384246,"median":0.0314474180341,"min":4.65981628284e-11,"var":0.000339219055604},"beats_loudness_band_ratio":{"dmean":[0.376212209463,0.114891067147,0.0