{"lowlevel":{"average_loudness":0.903070926666,"barkbands":{"dmean":[0.000024196700906,0.00171921972651,0.00138098222669,0.00119560491294,0.00214058277197,0.000588038587011,0.000582664215472,0.000435197725892,0.000322855572449,0.000340944156051,0.000238842112594,0.000262803718215,0.000316959456541,0.000395477865823,0.000420160708018,0.000421141390689,0.000495891377795,0.00032818299951,0.000272029021289,0.000203076095204,0.000179634007509,0.000193183208467,0.000188869482372,0.00010129941802,0.0000239773544308,0.00000310763357447,1.01967664534e-7],"dmean2":[0.0000326349218085,0.00295464205556,0.00234577292576,0.00205631600693,0.00359665951692,0.00094941270072,0.000945681589656,0.000674925569911,0.000491651764605,0.000530441117007,0.000374835304683,0.000413070549257,0.00049767526798,0.000618951511569,0.000654656207189,0.000657152559143,0.000770522572566,0.000504962867126,0.000407748157158,0.000316992955049,0.000270335673122,0.000273755576927,0.000268251256784,0.000143793527968,0.0000331353185175,0.0000040939153223,1.50201444171e-7],"dvar":[2.36431008105e-9,0.0000159546416398,0.00000933949013415,0.00000578918115934,0.0000100878642115,0.00000119622654893,0.00000179406833922,9.28420320179e-7,8.25182382869e-7,6.78947230881e-7,2.7904388844e-7,4.58695097905e-7,4.19853677158e-7,5.84805775361e-7,6.99813824667e-7,0.00000128227065943,9.48605304529e-7,4.84848840188e-7,2.31670625794e-7,1.38231044389e-7,2.18546077235e-7,6.43656107968e-7,8.45225770263e-7,3.12132300451e-7,1.69206373357e-8,5.73009834026e-11,5.75203066059e-14],"dvar2":[3.94393540049e-9,0.0000433896238974,0.0000252088284469,0.0000158513576025,0.0000279806372419,0.00000307295863422,0.00000459126385977,0.0000021670211936,0.00000199146597879,0.00000167030430021,6.0570766891e-7,0.00000106308607428,0.00000102773572053,0.00000141137081755,0.00000166390975664,0.00000354921485268,0.00000233085802392,0.0000011197372487,5.16061220424e-7,3.46110340388e-7,4.81093991311e-7,0.00000132591037527,0.00000180071720024,6.64410038098e-7,4.34150919659e-8,1.24895080389e-10,1.27302858467e-13],"max":[0.000774086394813,0.0430946722627,0.037259362638,0.029622271657,0.0439686514437,0.0221060849726,0.0232936087996,0.0184622593224,0.0314300395548,0.0257882904261,0.0246490444988,0.0303392857313,0.0170362088829,0.0181278735399,0.027077358216,0.0488753579557,0.0333648994565,0.0194588527083,0.013050862588,0.00974480714649,0.0150118786842,0.0252957548946,0.0327421687543,0.0197405349463,0.00728931557387,0.000231741956668,0.00000995821119432],"mean":[0.000040093476855,0.00202025333419,0.00183402327821,0.00138387246989,0.00374156516045,0.00100361788645,0.000821920868475,0.000748501624912,0.000590429117437,0.000570899457671,0.000370637251763,0.000416808208684,0.000526144402102,0.000669403350912,0.000734532368369,0.000731115462258,0.000969914894085,0.000651837093756,0.000555361621082,0.000399908050895,0.000362866645446,0.000383625505492,0.000352745439159,0.000192850056919,0.0000456851594208,0.00000582201710131,1.34502883498e-7],"median":[0.0000178392583621,0.000834924925584,0.000697084702551,0.000667765445542,0.0022793803364,0.000512739294209,0.000303325243294,0.000221971829887,0.000151598360389,0.000198021152755,0.000153912813403,0.000157588394359,0.000230367819313,0.000306490110233,0.000332291820087,0.000261792883975,0.000387139618397,0.000248190423008,0.000298266008031,0.000219441979425,0.000131061751745,0.0000938589219004,0.0000789073528722,0.0000511236248713,0.0000133708963403,0.00000164185598805,2.53245353576e-8],"min":[3.55698013253e-23,4.23205384751e-23,1.99209876881e-23,1.85641074881e-23,6.42160355427e-23,3.98374126048e-23,6.86885802636e-23,5.9628354995e-23,6.80462266057e-23,6.1684909064e-23,6.78599355252e-23,1.31259739845e-22,5.05681644362e-23,1.8919771107e-22,1.70187299214e-22,7.64044540211e-23,8.19466183989e-23,2.27514729964e-22,3.65585608461e-22,5.17775229138e-22,4.02382094804e-22,5.64587219752e-22,6.2506096858e-22,7.82395830382e-22,1.36559067592e-21,1.63223798074e-21,2.31346241265e-21],"var":[4.52730075651e-9,0.0000137469578476,0.00000875803289091,0.00000505864045408,0.0000190941591427,0.00000205875198844,0.00000243136696554,0.00000261325726569,0.0000022188071398,0.00000161620073413,6.37336654563e-7,9.0290842536e-7,9.26200414142e-7,0.00000125748908886,0.00000144074908803,0.00000244881834988,0.00000248651713264,0.00000144760917919,6.52265157441e-7,3.22485050219e-7,5.95042422447e-7,0.00000175877335096,0.00000224086625167,7.43064219932e-7,2.24281304639e-8,1.40620431965e-10,8.34874297516e-14]},"barkbands_crest":{"dmean":2.43364500999,"dmean2":4.01268863678,"dvar":4.93769979477,"dvar2":13.1875524521,"max":24.7617282867,"mean":8.45633792877,"median":7.64105701447,"min":2.18993210793,"var":13.2956094742},"barkbands_flatness_db":{"dmean":0.0188973043114,"dmean2":0.0283527504653,"dvar":0.000303327629808,"dvar2":0.000703079102095,"max":0.351463824511,"mean":0.114967860281,"median":0.110627874732,"min":0.0357962846756,"var":0.00126528285909},"barkbands_kurtosis":{"dmean":1.52847778797,"dmean2":2.46848011017,"dvar":6.9010219574,"dvar2":16.778295517,"max":63.4226074219,"mean":0.976854741573,"median":-0.158448964357,"min":-1.9181548357,"var":13.9622335434},"barkbands_skewness":{"dmean":0.491940587759,"dmean2":0.752709686756,"dvar":0.242276668549,"dvar2":0.552393496037,"max":7.1518497467,"mean":0.83466053009,"median":0.815039992332,"min":-4.83074092865,"var":1.16793990135},"barkbands_spread":{"dmean":6.14438343048,"dmean2":9.47032260895,"dvar":40.687828064,"dvar2":93.5138931274,"max":96.517578125,"mean":30.5014572144,"median":29.0181312561,"min":1.21965229511,"var":169.500289917},"dissonance":{"dmean":0.0116169471294,"dmean2":0.019319659099,"dvar":0.000149666375364,"dvar2":0.000402334466344,"max":0.5,"mean":0.476640045643,"median":0.481450110674,"min":0.326110392809,"var":0.000344887899701},"dynamic_complexity":3.54654884338,"erbbands":{"dmean":[0.0250704959035,0.473391354084,1.52977323532,2.73151159286,6.24669408798,8.26469993591,4.04054307938,5.56103563309,7.60995864868,9.49514293671,8.29265785217,7.24674749374,11.8417749405,6.70417451859,9.64433383942,11.7097511292,14.1096038818,19.4265346527,18.6753826141,20.8921318054,24.1632118225,22.8867282867,18.9106502533,13.2686872482,13.0876302719,9.56017494202,6.94097661972,7.75100755692,6.71153688431,7.2689242363,5.01117563248,3.10250639915,1.14460074902,0.403683900833,0.112984903157,0.0234965458512,0.00393366068602,0.000541095796507,0.0000176598387043,0.00000901611656445],"dmean2":[0.0417894236743,0.813324213028,2.55759477615,4.70652294159,10.5869436264,13.639840126,6.55679988861,9.03747653961,12.4115686417,15.0222930908,12.8324728012,10.8407125473,18.2673740387,10.4789600372,15.0182218552,18.2343826294,22.025220871,30.3642120361,28.8756332397,31.9670982361,37.3083953857,35.3488731384,28.9958229065,19.995256424,19.634885788,14.8618364334,10.6604948044,11.6667032242,9.53022575378,10.5219421387,7.1253991127,4.38591575623,1.65852916241,0.56518638134,0.152680560946,0.0312576293945,0.00510714109987,0.000707237806637,0.0000230234345509,0.0000131612159748],"dvar":[0.00251531740651,1.2662037611,12.0038566589,25.8020572662,136.645614624,155.728149414,48.1118011475,120.167938232,306.896026611,449.443572998,430.106964111,399.141326904,870.506530762,338.074371338,374.11630249,923.928710938,884.555664063,1362.0144043,1141.30065918,2134.05102539,3477.81030273,1939.46240234,1789.3536377,592.254272461,541.33001709,294.38180542,231.422546387,550.201721191,751.882446289,981.083435059,670.455322266,303.159759521,35.9374847412,5.00933170319,0.21975132823,0.00484259659424,0.0000837665429572,0.00000114449687771,1.32147703891e-9,1.80070069966e-10],"dvar2":[0.00680154608563,3.41023898125,31.4783000946,70.8856048584,375.659240723,417.659729004,121.809677124,313.846496582,785.725219727,1092.53808594,1007.02319336,889.075012207,2109.51367188,835.812683105,855.811950684,2053.97167969,2150.59277344,3305.34814453,2668.76928711,5287.69628906,9088.94628906,4867.57128906,4161.10205078,1301.68225098,1195.41540527,719.261779785,523.837158203,1243.74133301,1588.3182373,2077.41992188,1400.03076172,612.743896484,86.1978912354,12.8318986893,0.522033691406,0.0107832709327,0.000181805487955,0.0000022052447548,2.75557709983e-9,3.93856669501e-10],"max":[0.508665621281,11.8653268814,43.1149902344,59.9593849182,162.068527222,216.001800537,132.871292114,233.623291016,351.545379639,462.945098877,497.064422607,620.888427734,1097.79138184,807.371032715,697.420959473,1526.18127441,729.992492676,852.572570801,602.107055664,1674.53088379,2069.94799805,1063.31201172,1382.10339355,781.875427246,774.896850586,493.173583984,431.078399658,748.96496582,959.278991699,1156.4074707,803.409606934,661.289794922,215.920898438,116.867355347,24.1746520996,2.18291282654,0.347307890654,0.0375258773565,0.00122525973711,0.000361898622941],"mean":[0.0335737839341,0.542393565178,1.98202955723,3.63234019279,8.67386245728,14.7321176529,7.3597240448,9.11236572266,11.1214504242,15.2860507965,15.1668300629,13.7538518906,21.0292358398,11.3825016022,16.2645301819,20.0123825073,24.7579421997,34.2581748962,33.8034515381,39.8441200256,47.0165786743,47.2640304565,40.1456298828,28.8132686615,27.4060230255,19.2791748047,14.0317993164,14.894490242,13.1768007278,13.5718297958,9.46775817871,5.8479590416,2.18610596657,0.754499912262,0.220063447952,0.045465555042,0.00726480362937,0.000904354557861,0.0000400759054173,0.0000286805261567],"median":[0.0145779978484,0.222185283899,0.87649846077,1.9753305912,4.91828489304,7.84665679932,4.20833110809,4.64460086823,4.7379283905,5.85094928741,4.45027828217,4.2763710022,6.97743701935,4.89715957642,7.74624156952,8.36750888824,11.6204242706,17.4605064392,16.7520256042,18.1358642578,16.5706920624,21.0397071838,16.7756938934,13.4239997864,16.130695343,11.0829124451,5.48550987244,4.74436330795,3.2946896553,3.2650718689,2.04854297638,1.30765461922,0.665880024433,0.221541956067,0.0648747459054,0.0133541869,0.00195024511777,0.000205860764254,0.0000210480229725,0.000025158855351],"min":[1.33466954987e-21,9.08231307107e-21,2.55783535512e-20,3.48051073822e-20,9.77710294191e-20,2.45456980433e-19,3.54182608273e-19,3.36498805096e-19,1.02517208243e-18,5.97084815535e-19,2.17222757376e-18,1.22190851253e-18,1.60031065894e-18,2.74172281394e-18,2.51126016232e-18,5.20682030102e-18,2.81613536146e-18,9.48908925087e-18,1.18282807497e-17,3.75489498723e-18,4.72996846227e-18,5.59146052663e-18,1.09215923639e-17,1.45929185346e-17,2.0109877385e-17,2.43132304093e-17,1.64446847585e-17,1.81837178455e-17,2.04869410498e-17,2.17415655895e-17,1.75003012234e-17,1.69767521439e-17,1.28127133598e-17,1.24069986401e-17,1.05799039052e-17,5.82174760917e-18,3.12008846101e-18,1.25337818534e-18,3.22147712607e-19,3.3387907886e-20],"var":[0.0029941147659,1.04990935326,11.1292495728,24.9164237976,147.391159058,384.255157471,94.9520645142,182.92250061,407.304229736,887.607421875,1202.55419922,1164.24951172,2220.28686523,708.46472168,959.739135742,1905.28808594,1863.58740234,2918.2590332,2409.46191406,4810.20068359,7884.19091797,5041.86572266,5348.05224609,2046.41955566,1428.16650391,711.358581543,695.721557617,1283.71765137,1965.43798828,2727.88525391,1745.88867188,785.696411133,67.7803192139,6.77756404877,0.388782680035,0.0112355919555,0.000188480888028,0.00000264369373326,3.29555827072e-9,5.66398650204e-10]},"erbbands_crest":{"dmean":2.2285349369,"dmean2":3.55938076973,"dvar":4.42883968353,"dvar2":10.8569030762,"max":30.2633609772,"mean":7.97651004791,"median":7.26247549057,"min":2.49684858322,"var":11.5867042542},"erbbands_flatness_db":{"dmean":0.0164697095752,"dmean2":0.022064814344,"dvar":0.000243215908995,"dvar2":0.000426384416642,"max":0.338565886021,"mean":0.16463124752,"median":0.15879330039,"min":0.0804432630539,"var":0.00156925560441},"erbbands_kurtosis":{"dmean":0.888009786606,"dmean2":1.36287426949,"dvar":2.42362380028,"dvar2":5.30643367767,"max":47.9059562683,"mean":0.499679028988,"median":-0.305680155754,"min":-1.76343369484,"var":6.8666882515},"erbbands_skewness":{"dmean":0.320037543774,"dmean2":0.474202722311,"dvar":0.0950098708272,"dvar2":0.194035440683,"max":2.45370340347,"mean":-0.403311431408,"median":-0.305952727795,"min":-5.12354230881,"var":0.640402078629},"erbbands_spread":{"dmean":7.78893280029,"dmean2":11.8451738358,"dvar":60.3464775085,"dvar2":135.99395752,"max":147.990402222,"mean":39.4327507019,"median":38.1917495728,"min":4.29066467285,"var":281.501586914},"gfcc":{"cov":[[8320.93261719,-608.735778809,-3.35940265656,201.80859375,-157.521972656,7.15441846848,-224.319107056,110.628723145,0.0019840253517,80.8950958252,-168.685546875,48.6276054382,-199.736083984],[-608.735778809,1143.0513916,-141.822372437,-198.720474243,280.680297852,-202.353897095,100.611778259,-80.0679550171,73.8838424683,-123.504585266,127.228141785,-99.922454834,41.6799354553],[-3.35940265656,-141.822372437,584.392944336,158.123046875,-75.8865356445,187.217514038,-13.9212818146,-14.5099945068,-54.8069076538,78.7183532715,-48.6151809692,59.9031410217,-7.07258319855],[201.80859375,-198.720474243,158.123046875,297.170928955,18.3478355408,55.6589622498,-10.2986211777,0.372366994619,0.553104519844,4.93721342087,-21.0271511078,-0.00584990158677,6.59631872177],[-157.521972656,280.680297852,-75.8865356445,18.3478355408,353.445892334,-55.4801979065,7.69915962219,27.6424293518,35.9779510498,-29.5556354523,15.1389608383,-16.7928180695,-2.84192585945],[7.15441846848,-202.353897095,187.217514038,55.6589622498,-55.4801979065,224.390411377,62.3719978333,36.4726905823,-23.0637512207,44.3219871521,-23.8623714447,31.5701808929,-5.64134120941],[-224.319107056,100.611778259,-13.9212818146,-10.2986211777,7.69915962219,62.3719978333,198.939697266,53.2118530273,-7.34243965149,-2.85504555702,25.7750797272,-17.1374053955,-10.1872110367],[110.628723145,-80.0679550171,-14.5099945068,0.372366994619,27.6424293518,36.4726905823,53.2118530273,132.237884521,31.8780956268,9.5877161026,-8.81960868835,7.72390317917,-16.9872112274],[0.0019840253517,73.8838424683,-54.8069076538,0.553104519844,35.9779510498,-23.0637512207,-7.34243965149,31.8780956268,105.035629272,10.4569940567,15.594083786,-12.5399236679,10.5685920715],[80.8950958252,-123.504585266,78.7183532715,4.93721342087,-29.5556354523,44.3219871521,-2.85504555702,9.5877161026,10.4569940567,103.106925964,0.554604053497,19.6403827667,-12.8985366821],[-168.685546875,127.228141785,-48.6151809692,-21.0271511078,15.1389608383,-23.8623714447,25.7750797272,-8.81960868835,15.594083786,0.554604053497,82.4600830078,4.21606111526,5.50008821487],[48.6276054382,-99.922454834,59.9031410217,-0.00584990158677,-16.7928180695,31.5701808929,-17.1374053955,7.72390317917,-12.5399236679,19.6403827667,4.21606111526,75.8395843506,16.2869167328],[-199.736083984,41.6799354553,-7.07258319855,6.59631872177,-2.84192585945,-5.64134120941,-10.1872110367,-16.9872112274,10.5685920715,-12.8985366821,5.50008821487,16.2869167328,68.6630096436]],"icov":[[0.000160937837791,-0.000242026289925,0.000270582881058,-0.000368283886928,0.000257267674897,-0.000135304740979,0.000331334740622,-0.000260216707829,0.000121976816445,-0.000275481434073,0.000510216632392,-0.000501968606841,0.0006703097024],[-0.000242026289925,0.00522601790726,-0.00363971944898,0.00467184605077,-0.00370544474572,0.00330599886365,-0.00382550922222,0.0036792170722,-0.003582672216,0.00492020556703,-0.00569011084735,0.00571665260941,-0.00366363092326],[0.000270582881058,-0.00363971944898,0.00577622186393,-0.00461160810664,0.00272302585654,-0.00418391590938,0.00309644406661,-0.00179803348146,0.00325491884723,-0.0048220907338,0.00500516733155,-0.00550792366266,0.00331674329937],[-0.000368283886928,0.00467184605077,-0.00461160810664,0.00851405411959,-0.00382264656946,0.00244327797554,-0.00321518047713,0.00324498466216,-0.00363011867739,0.00507599348202,-0.00512936711311,0.00643715495244,-0.00443559512496],[0.000257267674897,-0.00370544474572,0.00272302585654,-0.00382264656946,0.00586880743504,-0.0016167165013,0.00265346863307,-0.00330486008897,0.00175369903445,-0.00277554034255,0.00383174326271,-0.00418662233278,0.00322633120231],[-0.000135304740979,0.00330599886365,-0.00418391590938,0.00244327797554,-0.0016167165013,0.0101816942915,-0.00517756631598,0.00103734130971,-0.00182872882579,0.00160296319518,-0.00183855707292,0.00179809902329,-0.00250464840792],[0.000331334740622,-0.00382550922222,0.00309644406661,-0.00321518047713,0.00265346863307,-0.00517756631598,0.0106601137668,-0.00617062300444,0.00477382401004,-0.00321115530096,0.000606414570939,-0.000862084678374,0.00247114058584],[-0.000260216707829,0.0036792170722,-0.00179803348146,0.00324498466216,-0.00330486008897,0.00103734130971,-0.00617062300444,0.0142308957875,-0.00727615691721,0.0037845664192,-0.000800426700152,0.0000867944327183,0.000940807163715],[0.000121976816445,-0.003582672216,0.00325491884723,-0.00363011867739,0.00175369903445,-0.00182872882579,0.00477382401004,-0.00727615691721,0.016043946147,-0.00650652870536,0.000762878975365,0.000276023725746,-0.0017742527416],[-0.000275481434073,0.00492020556703,-0.0048220907338,0.00507599348202,-0.00277554034255,0.00160296319518,-0.00321115530096,0.0037845664192,-0.00650652870536,0.0174435023218,-0.00634269462898,0.00287603610195,-0.000191505081602],[0.000510216632392,-0.00569011084735,0.00500516733155,-0.00512936711311,0.00383174326271,-0.00183855707292,0.000606414570939,-0.000800426700152,0.000762878975365,-0.00634269462898,0.0221686232835,-0.0105391619727,0.0052612288855],[-0.000501968606841,0.00571665260941,-0.00550792366266,0.00643715495244,-0.00418662233278,0.00179809902329,-0.000862084678374,0.0000867944327183,0.000276023725746,0.00287603610195,-0.0105391619727,0.0257641468197,-0.0110173244029],[0.0006703097024,-0.00366363092326,0.00331674329937,-0.00443559512496,0.00322633120231,-0.00250464840792,0.00247114058584,0.000940807163715,-0.0017742527416,-0.000191505081602,0.0052612288855,-0.0110173244029,0.0224615670741]],"mean":[-10.7317819595,89.5001525879,-142.135955811,55.1729316711,-61.2008323669,15.4004201889,-45.2628555298,0.345770746469,-22.9225521088,-5.76007795334,-12.6643095016,-7.17929697037,-9.19873523712]},"hfc":{"dmean":7.82458972931,"dmean2":10.9740524292,"dvar":273.518218994,"dvar2":565.523254395,"max":530.370788574,"mean":25.439239502,"median":19.0303497314,"min":1.13182223243e-16,"var":997.480773926},"melbands":{"dmean":[0.000352075963747,0.000743998971302,0.000556420534849,0.000542935973499,0.00017665028281,0.000121260753076,0.000118474832561,0.00010205090075,0.0000652366070426,0.0000464142722194,0.0000591386451561,0.0000277867420664,0.0000324747670675,0.0000304472796415,0.0000330451293848,0.0000291957348963,0.0000407003099099,0.0000310709510813,0.000029533972338,0.0000303971537505,0.00003125245712,0.0000261925597442,0.0000230600144278,0.0000159358423844,0.0000111943336378,0.0000106788038465,0.00000868776896823,0.00000626753671895,0.00000473875661555,0.00000461092304249,0.00000464130880573,0.00000377095193471,0.00000431301941717,0.00000410968914366,0.00000302780654238,0.000002733237352,0.00000172415150246,9.03237719285e-7,5.24889344433e-7,3.02194649748e-7],"dmean2":[0.000602447486017,0.00124335195869,0.000944238679949,0.000912543386221,0.000286837457679,0.000196513006813,0.000193514788407,0.000160977841006,0.000100361146906,0.000069601861469,0.0000913401963771,0.0000435652473243,0.0000506401811435,0.0000477991125081,0.0000517279695487,0.0000454052751593,0.0000640109719825,0.0000486273602291,0.0000455111294286,0.0000472164647363,0.0000483408948639,0.0000407746993005,0.0000365765845345,0.0000244364618993,0.0000171646097442,0.0000160710260388,0.0000135753316499,0.00000991403794615,0.00000751118659537,0.00000707358094587,0.00000703148089087,0.00000551105677005,0.00000636250888419,0.00000607909987593,0.00000443521230409,0.0000039052356442,0.00000251354549619,0.00000134199819968,7.65485140164e-7,4.33631896612e-7],"dvar":[5.94959772116e-7,0.00000284114048554,0.00000105612787138,6.77240905134e-7,7.59118421456e-8,5.36482573921e-8,7.33549896381e-8,4.83076405544e-8,2.97286835149e-8,1.56838950716e-8,2.1577136522e-8,6.35644603619e-9,4.60325511042e-9,4.84764761666e-9,6.04591177122e-9,3.88666698825e-9,6.59413368354e-9,3.37669026074e-9,4.28426716326e-9,7.04554281583e-9,5.75145397974e-9,2.91091595273e-9,2.21032125935e-9,1.23586640921e-9,4.67584138075e-10,4.36279207205e-10,2.62649624272e-10,1.26611499063e-10,9.90528423173e-11,1.59592797311e-10,2.26527671621e-10,2.33932428984e-10,3.57524010397e-10,3.49157119883e-10,2.48253723134e-10,2.0788255839e-10,9.65012306176e-11,2.37583008822e-11,5.52620406033e-12,3.36950281045e-12],"dvar2":[0.00000163618824445,0.00000734287550586,0.00000285852388515,0.00000188934495782,1.97077682174e-7,1.39355776696e-7,1.89118026128e-7,1.16094582836e-7,7.06871858824e-8,3.55223441773e-8,5.25366807835e-8,1.58027742003e-8,1.03610586777e-8,1.13741407404e-8,1.44071918839e-8,9.45071132463e-9,1.60171698127e-8,7.92593279897e-9,1.01808730335e-8,1.99290539626e-8,1.41274689724e-8,7.26293869491e-9,5.29818366957e-9,2.73821787466e-9,1.0391276728e-9,9.71330127442e-10,6.41713737703e-10,3.16217302343e-10,2.40993336398e-10,3.7198330527e-10,5.27747068269e-10,5.05419095465e-10,7.64610041948e-10,7.82078790618e-10,5.37365707487e-10,4.49920545265e-10,1.99385633004e-10,5.84853346308e-11,1.36731268668e-11,8.8551822125e-12],"max":[0.00831016805023,0.0182010065764,0.011611521244,0.0114976260811,0.0045099593699,0.00484914844856,0.00498352432624,0.00432873563841,0.005859288387,0.00349663523957,0.00535928737372,0.00353850936517,0.00238149636425,0.00245124753565,0.0028832340613,0.00194444367662,0.00191836024169,0.00143191940151,0.00215689954348,0.00386541639455,0.00206128321588,0.00164579530247,0.00106520589907,0.00108866626397,0.000733182067052,0.000624375592452,0.000501655275002,0.000303269102005,0.000274177640676,0.000380340206902,0.000513912993483,0.000587460875977,0.000473823543871,0.000758818525355,0.000544097973034,0.000508614059072,0.000410453620134,0.000166803321918,0.000106335239252,0.0000969123575487],"mean":[0.000434485060396,0.000968485663179,0.000753130181693,0.000915878626984,0.000333614298142,0.000201356961043,0.000171901076101,0.000169117047335,0.000120875010907,0.0000844364112709,0.000103331243736,0.0000432169872511,0.0000518173292221,0.0000497718538099,0.0000547614763491,0.0000490176462336,0.0000677009884384,0.0000525191571796,0.0000516312975378,0.0000536543884664,0.0000576383245061,0.0000502290058648,0.000044289539801,0.0000316441437462,0.0000217949382204,0.0000206712647923,0.0000171672454599,0.0000115117654786,0.00000868932511366,0.00000857231043483,0.00000840787379275,0.00000697635914548,0.00000804005776445,0.0000071986396506,0.00000542267207493,0.00000481300503452,0.00000310106975121,0.00000163368747508,9.34611307457e-7,5.29159080997e-7],"median":[0.000194317370187,0.000468354031909,0.000420736847445,0.000540204113349,0.000196873035748,0.00010355496488,0.0000714859124855,0.0000616550096311,0.0000314680219162,0.0000247204789048,0.0000327333909809,0.0000169129380083,0.0000223381503019,0.0000217821016122,0.0000229238648899,0.0000215077197936,0.0000317357043969,0.0000239013661485,0.000022399082809,0.0000219201901928,0.000016843992853,0.0000198453035409,0.0000184065920621,0.0000110459168354,0.00000936427477427,0.0000106046409201,0.00000997402275971,0.00000603032276558,0.00000329892054651,0.00000270788677881,0.0000025458627988,0.00000175409979875,0.00000170303974301,0.00000168237284015,0.00000114734280032,0.00000100082604604,6.8804502007e-7,4.91692730975e-7,2.89344654902e-7,1.47558807839e-7],"min":[1.25306200282e-23,1.31128703738e-23,8.79829031595e-24,1.0761158475e-23,1.3771209509e-23,7.83665309527e-24,1.54744659108e-23,6.50960761468e-24,1.99430647494e-23,6.86864897822e-24,7.54724211725e-24,1.04000968387e-23,8.51452915974e-24,1.37547712255e-23,1.01774384816e-23,5.29467149607e-24,1.94362468614e-23,2.05852827233e-23,6.38408446187e-24,5.09834216056e-24,5.57250988461e-24,5.59064264137e-24,7.34789459992e-24,1.05481455202e-23,1.16325026765e-23,1.40082890323e-23,1.44739362697e-23,1.77917290426e-23,1.03731659162e-23,1.112301055e-23,9.26767596519e-24,1.01452458569e-23,1.39762502355e-23,1.18453341933e-23,1.1402609676e-23,7.06398356013e-24,1.19516986757e-23,7.83319867337e-24,1.08866977995e-23,9.80892132088e-24],"var":[5.54653809104e-7,0.00000263743982032,0.00000104568619008,0.00000125576821119,1.61577730751e-7,8.59967315137e-8,9.55953467496e-8,1.08423272138e-7,8.43102512249e-8,4.39178968747e-8,5.5245806152e-8,1.25411618868e-8,1.1540250533e-8,9.24535559221e-9,1.25440280385e-8,8.9423632943e-9,1.3622146966e-8,6.82337431002e-9,8.71333050156e-9,1.31230715184e-8,1.34356854531e-8,6.69499700123e-9,5.98226890247e-9,4.24995816317e-9,1.42943512582e-9,1.07629305468e-9,5.7779164786e-10,2.79624656763e-10,2.55670679072e-10,3.8763567356e-10,4.61804816609e-10,5.63282198662e-10,9.20322540399e-10,8.60589655094e-10,5.98485427883e-10,4.82223483367e-10,2.44777614844e-10,4.09365250031e-11,8.91914320178e-12,3.94668629375e-12]},"melbands_crest":{"dmean":3.38260126114,"dmean2":5.56450843811,"dvar":9.11743354797,"dvar2":24.05610466,"max":31.4413051605,"mean":12.380607605,"median":11.6523151398,"min":1.89097499847,"var":22.7455024719},"melbands_flatness_db":{"dmean":0.0246233064681,"dmean2":0.0373957529664,"dvar":0.000560699845664,"dvar2":0.00133502692915,"max":0.472183614969,"mean":0.15157738328,"median":0.148019358516,"min":0.00472678150982,"var":0.00258735800162},"melbands_kurtosis":{"dmean":4.58504676819,"dmean2":7.38866996765,"dvar":59.7732620239,"dvar2":147.021789551,"max":222.888931274,"mean":7.14760303497,"median":3.72446727753,"min":-1.93181478977,"var":125.016105652},"melbands_skewness":{"dmean":0.677378892899,"dmean2":1.05188393593,"dvar":0.503776013851,"dvar2":1.20571637154,"max":11.6481761932,"mean":2.11676001549,"median":1.93254089355,"min":-1.8757506609,"var":1.9188811779},"melbands_spread":{"dmean":10.7611837387,"dmean2":16.4349651337,"dvar":191.066299438,"dvar2":371.533477783,"max":262.725402832,"mean":40.1628112793,"median":33.7623138428,"min":1.37861096859,"var":830.905456543},"mfcc":{"cov":[[7850.83691406,-465.231201172,-157.418746948,153.72253418,-81.1993865967,-60.6102752686,-253.917373657,19.7404098511,-47.6901473999,12.0307283401,6.96836423874,46.302947998,-37.5141983032],[-465.231201172,1222.02404785,-350.592346191,12.6317176819,83.8756408691,-86.918296814,32.8494567871,5.81397724152,-53.8807983398,11.257686615,-1.65238642693,0.138935774565,14.1118030548],[-157.418746948,-350.592346191,680.841491699,-17.2996063232,-51.6794204712,163.805923462,39.9384307861,-17.935131073,23.2916278839,-15.9418706894,-9.82952880859,-12.7608451843,26.9598484039],[153.72253418,12.6317176819,-17.2996063232,239.724594116,91.6343383789,7.16480302811,0.28198698163,4.18431568146,5.36924171448,4.88381481171,-14.8696947098,1.96568012238,7.68487787247],[-81.1993865967,83.8756408691,-51.6794204712,91.6343383789,258.327148438,16.0059661865,-32.883480072,2.6480474472,20.4342880249,-0.671866178513,-14.6768169403,1.77207100391,9.39316368103],[-60.6102752686,-86.918296814,163.805923462,7.16480302811,16.0059661865,154.648880005,56.6941566467,-4.19920015335,19.0104618073,-1.01851904392,4.59762001038,2.95725679398,2.94234514236],[-253.917373657,32.8494567871,39.9384307861,0.28198698163,-32.883480072,56.6941566467,168.949951172,59.5076217651,15.1908950806,16.1942462921,32.7252159119,5.63694620132,-1.3728274107],[19.7404098511,5.81397724152,-17.935131073,4.18431568146,2.6480474472,-4.19920015335,59.5076217651,124.966560364,35.5513877869,15.8319721222,21.1791095734,7.40009689331,-3.02344465256],[-47.6901473999,-53.8807983398,23.2916278839,5.36924171448,20.4342880249,19.0104618073,15.1908950806,35.5513877869,97.1758499146,32.5963668823,7.15887451172,8.17239189148,-0.533322930336],[12.0307283401,11.257686615,-15.9418706894,4.88381481171,-0.671866178513,-1.01851904392,16.1942462921,15.8319721222,32.5963668823,86.9090194702,32.8072624207,5.02352952957,-0.193664267659],[6.96836423874,-1.65238642693,-9.82952880859,-14.8696947098,-14.6768169403,4.59762001038,32.7252159119,21.1791095734,7.15887451172,32.8072624207,83.3700256348,29.2622909546,-2.5507979393],[46.302947998,0.138935774565,-12.7608451843,1.96568012238,1.77207100391,2.95725679398,5.63694620132,7.40009689331,8.17239189148,5.02352952957,29.2622909546,67.7537307739,24.0269966125],[-37.5141983032,14.1118030548,26.9598484039,7.68487787247,9.39316368103,2.94234514236,-1.3728274107,-3.02344465256,-0.533322930336,-0.193664267659,-2.5507979393,24.0269966125,67.5688476563]],"icov":[[0.000148870763951,0.0000561384658795,0.0000622861625743,-0.000140700140037,0.000128672720166,-0.000132193468744,0.000341145234415,-0.000204052732443,0.000156915804837,-0.000081271653471,-0.0000141868504215,-0.000129997890326,0.0000944446292124],[0.0000561384658795,0.00107527989894,0.000508650380652,0.0000947686494328,-0.000366858672351,0.000216339481995,-0.000487889396027,0.0000564980982745,0.000669979548547,-0.000320554652717,0.000227052034461,0.0000682117315591,-0.000384254672099],[0.0000622861625743,0.000508650380652,0.00243614590727,-0.0000174285432877,0.000585465983022,-0.00240352656692,0.000293253717246,0.0000155672605615,-0.000172053769347,0.000336257391609,-0.000108429303509,0.00100956135429,-0.00137523747981],[-0.000140700140037,0.0000947686494328,-0.0000174285432877,0.00509838247672,-0.00197181897238,0.000264919915935,-0.000958247226663,0.000144142875797,0.000353310926585,-0.000742463918868,0.00130217673723,-0.000422811426688,-0.000221087597311],[0.000128672720166,-0.000366858672351,0.000585465983022,-0.00197181897238,0.00535428477451,-0.00189776148181,0.00215603038669,-0.000805497809779,-0.00114524469245,0.000462410447653,-0.000105896302557,0.000306822708808,-0.000636025331914],[-0.000132193468744,0.000216339481995,-0.00240352656692,0.000264919915935,-0.00189776148181,0.0112548181787,-0.00470583839342,0.00272728875279,-0.00156940869056,0.000576182035729,0.000282437395072,-0.00104164355434,0.000980766722932],[0.000341145234415,-0.000487889396027,0.000293253717246,-0.000958247226663,0.00215603038669,-0.00470583839342,0.010679487139,-0.00501623656601,0.000740348361433,-0.00029893903411,-0.0026977348607,0.00083239027299,-0.000211850638152],[-0.000204052732443,0.0000564980982745,0.0000155672605615,0.000144142875797,-0.000805497809779,0.00272728875279,-0.00501623656601,0.011826351285,-0.00419562961906,0.000881436280906,-0.00130449794233,0.000116110910312,0.000151662097778],[0.000156915804837,0.000669979548547,-0.000172053769347,0.000353310926585,-0.00114524469245,-0.00156940869056,0.000740348361433,-0.00419562961906,0.0147533304989,-0.00597179122269,0.00272622331977,-0.00257798237726,0.00114947429392],[-0.000081271653471,-0.000320554652717,0.000336257391609,-0.000742463918868,0.000462410447653,0.000576182035729,-0.00029893903411,0.000881436280906,-0.00597179122269,0.0163522940129,-0.00723907770589,0.00319668091834,-0.00149416911881],[-0.0000141868504215,0.000227052034461,-0.000108429303509,0.00130217673723,-0.000105896302557,0.000282437395072,-0.0026977348607,-0.00130449794233,0.00272622331977,-0.00723907770589,0.0195575710386,-0.00926479883492,0.00376268988475],[-0.000129997890326,0.0000682117315591,0.00100956135429,-0.000422811426688,0.000306822708808,-0.00104164355434,0.00083239027299,0.000116110910312,-0.00257798237726,0.00319668091834,-0.00926479883492,0.0221500713378,-0.00865368079394],[0.0000944446292124,-0.000384254672099,-0.00137523747981,-0.000221087597311,-0.000636025331914,0.000980766722932,-0.000211850638152,0.000151662097778,0.00114947429392,-0.00149416911881,0.00376268988475,-0.00865368079394,0.0187784843147]],"mean":[-636.849060059,99.8369903564,-11.9905500412,31.0742874146,8.21508598328,9.97539615631,-5.33397006989,2.17543840408,-7.71261501312,1.22182643414,-5.4035153389,-1.96672224998,-4.13152694702]},"pitch_salience":{"dmean":0.0682559385896,"dmean2":0.110252410173,"dvar":0.00375464861281,"dvar2":0.0101599451154,"max":0.864656329155,"mean":0.584015905857,"median":0.589299678802,"min":0.148117184639,"var":0.009242140688},"silence_rate_20dB":{"dmean":0,"dmean2":0,"dvar":0,"dvar2":0,"max":1,"mean":1,"median":1,"min":1,"var":0},"silence_rate_30dB":{"dmean":0,"dmean2":0,"dvar":0,"dvar2":0,"max":1,"mean":1,"median":1,"min":1,"var":0},"silence_rate_60dB":{"dmean":0.0145351989195,"dmean2":0.0290735512972,"dvar":0.0143243288621,"dvar2":0.0319156683981,"max":1,"mean":0.0912147536874,"median":0,"min":0,"var":0.0828935876489},"spectral_centroid":{"dmean":285.844909668,"dmean2":430.871032715,"dvar":93192.5390625,"dvar2":179594.40625,"max":11024.1142578,"mean":1862.54382324,"median":1804.82177734,"min":218.743804932,"var":543927.375},"spectral_complexity":{"dmean":4.5803232193,"dmean2":6.44738578796,"dvar":25.4515075684,"dvar2":45.752456665,"max":57,"mean":21.7905635834,"median":21,"min":0,"var":127.333145142},"spectral_contrast_coeffs":{"dmean":[0.0553956441581,0.0463052429259,0.038249373436,0.0331426784396,0.0259589888155,0.0179642867297],"dmean2":[0.0926626473665,0.0757024809718,0.0604510046542,0.0526904128492,0.0407293513417,0.0275002662092],"dvar":[0.00214708526619,0.00147776014637,0.000975558359642,0.000771378574427,0.000507913238835,0.000266254355665],"dvar2":[0.00585553003475,0.00380985834636,0.00235721701756,0.00181658822112,0.00115520728286,0.000597781734541],"max":[-0.30926656723,-0.43032887578,-0.473961383104,-0.448387354612,-0.538089156151,-0.560642898083],"mean":[-0.617961704731,-0.733001172543,-0.76643294096,-0.756155312061,-0.758505105972,-0.740828037262],"median":[-0.622000336647,-0.738376915455,-0.774926245213,-0.762001276016,-0.763840079308,-0.742902398109],"min":[-0.959752619267,-0.966813564301,-0.961408376694,-0.96082675457,-0.958119153976,-0.956693232059],"var":[0.00673714466393,0.00529369479045,0.0043095224537,0.00357456528582,0.00314478459768,0.00143482082058]},"spectral_contrast_valleys":{"dmean":[0.442780733109,0.401778817177,0.370117813349,0.34510192275,0.309060573578,0.311707317829],"dmean2":[0.709712266922,0.629188776016,0.56252849102,0.506034493446,0.426502525806,0.356642574072],"dvar":[0.163914293051,0.162409722805,0.136071488261,0.125233858824,0.121362522244,0.128816530108],"dvar2":[0.348858982325,0.32899287343,0.265855878592,0.226994872093,0.213359892368,0.177328929305],"max":[-5.45946884155,-4.92131471634,-5.43586158752,-5.6248664856,-5.51615810394,-6.85962772369],"mean":[-7.52880382538,-7.13146162033,-7.63506650925,-7.63125610352,-7.42702770233,-10.0903530121],"median":[-7.31616258621,-6.97230243683,-7.49611759186,-7.49997901917,-7.29304504395,-9.91171836853],"min":[-27.0215377808,-27.2472858429,-27.1221637726,-27.1016273499,-27.5108470917,-27.3352947235],"var":[1.07325029373,1.01257562637,0.925853908062,0.943159282207,0.9928997159,1.2632471323]},"spectral_decrease":{"dmean":1.64935554103e-9,"dmean2":2.52042897664e-9,"dvar":4.72475184774e-18,"dvar2":1.09401236911e-17,"max":-1.00462434152e-28,"mean":-4.72074468405e-9,"median":-4.38057234931e-9,"min":-1.94867162406e-8,"var":1.03235548431e-17},"spectral_energy":{"dmean":0.00671408791095,"dmean2":0.0101686501876,"dvar":0.0000752804699005,"dvar2":0.000172664702404,"max":0.0821722969413,"mean":0.0201244950294,"median":0.0186734013259,"min":1.0645135937e-20,"var":0.000183786789421},"spectral_energyband_high":{"dmean":0.000646422675345,"dmean2":0.000875536876265,"dvar":0.00000515897181685,"dvar2":0.00000999792973744,"max":0.0735618695617,"mean":0.00151299149729,"median":0.000497550237924,"min":7.79697941232e-21,"var":0.000017316049707},"spectral_energyband_low":{"dmean":0.0031172176823,"dmean2":0.00515621341765,"dvar":0.0000409029307775,"dvar2":0.000104628124973,"max":0.0618536807597,"mean":0.00452764797956,"median":0.00259077246301,"min":7.62543937443e-23,"var":0.0000428595558333},"spectral_energyband_middle_high":{"dmean":0.00205957540311,"dmean2":0.00308296573348,"dvar":0.00000865181482368,"dvar2":0.0000205302640097,"max":0.0638910457492,"mean":0.00625765975565,"median":0.00490305479616,"min":1.55937803023e-21,"var":0.0000334410215146},"spectral_energyband_middle_low":{"dmean":0.00375031796284,"dmean2":0.00613385951146,"dvar":0.0000299083749269,"dvar2":0.000078053883044,"max":0.0557574220002,"mean":0.00863549113274,"median":0.00717114424333,"min":3.4949039737e-22,"var":0.0000534707978659},"spectral_entropy":{"dmean":0.142215773463,"dmean2":0.198207303882,"dvar":0.020725177601,"dvar2":0.0369547754526,"max":9.78317642212,"mean":7.68880558014,"median":7.73490667343,"min":5.44290685654,"var":0.124409876764},"spectral_flux":{"dmean":0.0206806249917,"dmean2":0.0306294243783,"dvar":0.000527875614353,"dvar2":0.00103143777233,"max":0.231109812856,"mean":0.076332911849,"median":0.0701733082533,"min":1.03175266941e-10,"var":0.00172203301918},"spectral_kurtosis":{"dmean":1.41122579575,"dmean2":2.38172388077,"dvar":3.99737763405,"dvar2":11.3094501495,"max":31.3832893372,"mean":3.31788635254,"median":2.59550571442,"min":-1.18250370026,"var":7.46414899826},"spectral_rms":{"dmean":0.000686818442773,"dmean2":0.00100875436328,"dvar":5.88206148677e-7,"dvar2":0.00000126120073674,"max":0.00895366352051,"mean":0.00411228602752,"median":0.00426824949682,"min":3.22265391456e-12,"var":0.00000272291822512},"spectral_rolloff":{"dmean":542.552307129,"dmean2":874.021789551,"dvar":590474.375,"dvar2":1151955.875,"max":18281.6894531,"mean":2302.23852539,"median":2110.25390625,"min":21.533203125,"var":2305905.5},"spectral_skewness":{"dmean":0.191278979182,"dmean2":0.304030776024,"dvar":0.0435625687242,"dvar2":0.114132508636,"max":3.93118929863,"mean":1.16924464703,"median":1.15600514412,"min":-0.257198035717,"var":0.149026542902},"spectral_spread":{"dmean":446126.9375,"dmean2":590268.25,"dvar":328455618560,"dvar2":423152975872,"max":41036196,"mean":4162875,"median":4140246,"min":1347836.875,"var":1428768161790},"spectral_strongpeak":{"dmean":0.683564901352,"dmean2":1.17029750347,"dvar":1.81864011288,"dvar2":4.44050455093,"max":16.6971817017,"mean":1.1349773407,"median":0.437953531742,"min":0,"var":3.3158018589},"zerocrossingrate":{"dmean":0.0108631588519,"dmean2":0.0121560208499,"dvar":0.000173493026523,"dvar2":0.000175744906301,"max":0.494140625,"mean":0.0801437944174,"median":0.07275390625,"min":0.0029296875,"var":0.00158523255959}},"metadata":{"audio_properties":{"analysis_sample_rate":44100,"bit_rate":192000,"codec":"mp3","downmix":"mix","equal_loudness":0,"length":214.047348022,"lossless":false,"md5_encoded":"ac30f457807a700b3ae93da2e22ab75f","replay_gain":-6.00562858582,"sample_rate":44100},"tags":{"acoustid_fingerprint":["AQADtFKmRUu2KEHCHHEeaTi_YOOZwBMV9Cmu6DhiP6jFB5YzpSG0HzePGs0WHmyO00HjIzz-4-9Q_UidBT_8H31iariOJkcXHOcPtQp6qkOeHE8iRkXJzHhPhLaKxof-o_LhiMoHS8nBiIQ-nFmmMEj_40e-JCJxZcwDbT-aC_mPKqbQWMclPniO5kVlUsIPT_ywR1J85NeE5uiaHPoWvOER2hlh7kZt4ju-ByOd4BK6MMKP8Pjc4DmavnjqQaoUxajqQboEoXtA6ZegPUeuJcczXGHxXEGr6GgUciniI9lPNCPT41EyFOfhh7glEn8QS86hPbmRr0dT5bjyBSeeEHePVznyTDlx4yo1iD_UOodcDu56NDEz4ggfNFMUEVePCimrPOiWUIYqKQbP4GzQPAvq4B-eJQp0Uij1BA11xJKW4TcY_Qp87biFMtEevEe4bYeWPMKPk1cQLlGdI-YWnDq0nMEVI-8DOuqDK-iTDWH-JDhqZ0QTJamRp3PQ5Ecv7Xh01CSPZlEY5DwaHhrlHNmzI0xJQu-RL8d1lDnO4VSWoj-QUNtJ9LhFDczmGO0uaE-04zoiZR_6BSl79EOfQ_kF_8iXFD058M7xGr9QpA_OQQzTBPWF9xkmWkiXZUFFfEdFMfh0-HtwaclxOYf1Ctc_-EGf-XhQ_UgVXFGI59CRE35e9KHwx8F0PPnhXBTCMcIFTT6hL8c_hOvx40ePVFegjVlY5InwMjjn4a7RG2E66CbCjnii4MeZHrlyPBch6VlwuUifWKhSN-AWIU9whhNqB09g7uiNQ3euouGCi0wD6xKq41RxRcmgS8bvIA-Pr0ZzHvUYGj9-nD3yDPyhpzgXlDvEHrENP4tR_cSnE09eVA-o6sKPsjdyBpr-IpfQ4y94dXg6fNsxmxqao-xy_MhNiFRyIpd4PE-JJuiVBHs0fGkjfEKYOId2Pcj4LMOT4_h8XCfOB6E-amicjtDxG-EzmNNxaklgMdkRH-KjsEhdgn1R6-hzNDWFh0feakGyH99z1EpW_FnwH_Sy4JIuvEakWB_KH1qvwrMohDGP5zipDn80NDHCyzh0v4j-jMEVDYx14cePNJKSjVDkMMfzIUZzHZWlGLkyYw-hHXdImPHxiEXRJyvuDtSLU4mO57iPj3HgFBp54xmlo3ko9DmOS4mEBzp1XFYm4jrCJxd8os8xcXZhRsfMHD7-ZBfCk1Cl4TmaUDr-REcTE9-hKyeuKQ9ytfgQPmiSksKdhdB__EGW58IXtDp-XMe2J0eci7gOMeOJh8H-I8yNPomq4JPxTx3CJBN-NCNzHD2J5tlxEfpyPFlOxEqMB_3RdMSDW17QPwa1csiPZGRZXMR3nMd5NBc6PcXxz8aVHQ1zTA9eog6Hpg9xFXmg5QipSllQ7UGjbBf-oytj_Dt-PMQr-BEu5FqIfdDOI5tCHc-F6EF9aNlj5IyOSzr2G_fxSHFQskj5Q1ukWCGyxziNklOFVwmFekfFJPfgoQ-60vAj9EqMz0HyJEcutVnRqDmKH4-kjEFV7QjTCUlz_Mee4xYFPEbD0agXIT7UhDyR34jENZNgxviPPMOTMqjI4u