{"lowlevel":{"average_loudness":0.866315603256,"barkbands":{"dmean":[0.0000135120189952,0.000634749419987,0.00126719812397,0.00118556979578,0.00125151663087,0.00114206993021,0.00107723905239,0.00059909792617,0.000581629283261,0.000254709797446,0.000180706047104,0.000257840001723,0.000185132987099,0.00017248869699,0.000139256459079,0.000163347373018,0.000189691010746,0.000203373390832,0.00032792481943,0.000116026058095,0.000105756858829,0.0000837068146211,0.0000531564328412,0.0000425380203524,0.0000276311438938,0.0000192850584426,0.00000510156269229],"dmean2":[0.000021981943064,0.00102467194665,0.002011281671,0.00196523685008,0.0020361521747,0.00172654830385,0.00159401295241,0.000874737685081,0.000810960365925,0.000387632695492,0.000264702684944,0.000385237770388,0.000273988000117,0.000256110361079,0.000205082338653,0.000255124090472,0.000296161539154,0.000302784959786,0.00047554608318,0.000166268073372,0.000147168379044,0.000126064711367,0.0000756509543862,0.000056649754697,0.0000355374759238,0.0000250240427704,0.00000737589061828],"dvar":[2.61681942781e-9,0.00000239524592871,0.00000817920044938,0.00000362079094884,0.00000295093809655,0.00000327242287312,0.00000516436830367,0.00000198577754418,0.00000150710900471,3.30724702735e-7,1.37543949563e-7,3.16564637615e-7,1.73292377781e-7,1.47693626218e-7,1.16121171345e-7,1.26449663185e-7,1.92278747591e-7,1.49406801597e-7,4.62468989326e-7,4.57393483089e-8,3.20790611852e-8,2.43678588419e-8,1.03425250586e-8,6.43688480295e-9,2.85536772004e-9,1.41818323751e-9,9.9188636471e-11],"dvar2":[6.06208772069e-9,0.00000599539862378,0.0000173889238795,0.00000950065259531,0.00000782935876487,0.00000777144578024,0.0000105240833363,0.00000370555585505,0.00000273256614491,7.10122833425e-7,2.7074247555e-7,6.64326080368e-7,3.53515559937e-7,2.95010607942e-7,2.17631338728e-7,2.95561420671e-7,4.55656191889e-7,3.13205703151e-7,9.90867533801e-7,1.04433588888e-7,6.32770635889e-8,5.55700339078e-8,2.11297077612e-8,1.1550111978e-8,5.09428010886e-9,2.49948683972e-9,2.0677594359e-10],"max":[0.00228681485169,0.0548595786095,0.0456202998757,0.0456149093807,0.0260323546827,0.0307244155556,0.0454914607108,0.029309861362,0.0363747179508,0.0106479404494,0.00776526052505,0.0106345126405,0.0103138322011,0.0095675457269,0.0111157232895,0.00826500914991,0.0137329921126,0.0111562432721,0.0142030734569,0.00399612961337,0.00191614660434,0.00160473817959,0.00136190699413,0.000969319196884,0.00100328552071,0.00100861128885,0.000158963637659],"mean":[0.0000245828941843,0.000914521340746,0.00205571134575,0.0018903092714,0.0024816475343,0.00228939810768,0.00204798346385,0.00107264635153,0.00124257802963,0.000415848189732,0.000335628457833,0.000424646452302,0.00030400409014,0.000275166501524,0.000233288126765,0.000257709092693,0.000338372716215,0.000426806771429,0.000636779237539,0.00016193659394,0.000129533553263,0.0000840633292682,0.0000610324896115,0.0000507122967974,0.0000318592865369,0.0000220674555749,0.00000533890170118],"median":[0.0000190140126506,0.000234839943005,0.000704735866748,0.000913996133022,0.00176831218414,0.00135828286875,0.000598585116677,0.000260859727859,0.000290789292194,0.000106946834421,0.000111367175123,0.000133247522172,0.000100222081528,0.0000718581359251,0.0000765481599956,0.0000938521989156,0.00011907411681,0.000157314527314,0.000142437696923,0.0000651725640637,0.0000362098180631,0.000015865174646,0.0000133333869599,0.00000844194801175,0.00000344035993294,0.00000210490543395,6.47680167276e-7],"min":[2.98533809262e-25,2.22416492328e-24,1.2152546212e-24,6.69480612282e-25,5.03756279439e-24,9.13300320918e-24,5.41083718082e-24,1.02257301796e-23,1.29853013102e-23,1.64172414672e-23,1.26271742364e-23,2.14858747316e-23,3.01241430353e-23,3.20639993328e-23,5.679680504e-23,4.65057295673e-23,5.07838390077e-23,1.17998394805e-22,1.41742716777e-22,1.36476293995e-22,2.73282344471e-22,3.64376997823e-22,3.57892308747e-22,5.95721047948e-22,9.22664538469e-22,1.23849475851e-21,1.9933606812e-21],"var":[3.22555671062e-9,0.00000326656981997,0.0000233207738347,0.00000844513942866,0.00000595995834374,0.00000832709793031,0.0000188988542504,0.00000580015330343,0.00000705298316461,7.80785626375e-7,4.2617656959e-7,7.45718637063e-7,4.13561735968e-7,3.89323702166e-7,3.38604166927e-7,2.26490016075e-7,3.57915439508e-7,4.84671886625e-7,0.00000133097989874,6.31530028272e-8,4.76292854046e-8,2.72996487638e-8,1.40098528334e-8,9.95360505129e-9,4.35471125826e-9,2.15432316431e-9,1.23626428539e-10]},"barkbands_crest":{"dmean":2.25457811356,"dmean2":3.54841184616,"dvar":4.08259916306,"dvar2":9.72081947327,"max":26.9551544189,"mean":9.22709465027,"median":8.44293308258,"min":2.14782595634,"var":14.5469455719},"barkbands_flatness_db":{"dmean":0.0257864706218,"dmean2":0.0327163301408,"dvar":0.00054996192921,"dvar2":0.000844400201458,"max":0.54146105051,"mean":0.131834924221,"median":0.127879083157,"min":0.0182428322732,"var":0.00331753771752},"barkbands_kurtosis":{"dmean":3.13261723518,"dmean2":4.66636800766,"dvar":653.703674316,"dvar2":1197.28161621,"max":2622.94677734,"mean":7.02156877518,"median":1.9329931736,"min":-1.8037276268,"var":4934.21875},"barkbands_skewness":{"dmean":0.476454764605,"dmean2":0.714494526386,"dvar":0.360809236765,"dvar2":0.712624192238,"max":49.8441772461,"mean":1.64371418953,"median":1.48390555382,"min":-6.09670257568,"var":3.92741036415},"barkbands_spread":{"dmean":6.1763625145,"dmean2":8.61002540588,"dvar":48.7819633484,"dvar2":91.3209915161,"max":128.676589966,"mean":21.1505203247,"median":19.2282752991,"min":0.203244850039,"var":168.256866455},"dissonance":{"dmean":0.0167544204742,"dmean2":0.0270598139614,"dvar":0.000265477865469,"dvar2":0.000674098788295,"max":0.500000059605,"mean":0.4588586092,"median":0.465613126755,"min":0.16315087676,"var":0.000934886978939},"dynamic_complexity":3.2117459774,"erbbands":{"dmean":[0.00700870621949,0.189030900598,1.19214558601,2.73757100105,3.76835298538,4.9014954567,6.78998994827,10.5688333511,14.8373975754,12.2036247253,12.7974786758,15.0380544662,8.06675434113,8.62388706207,7.08796644211,10.7824277878,7.99579811096,8.10639095306,8.75198841095,5.1571598053,10.7362957001,9.31435680389,8.62908267975,19.6068668365,9.2908782959,5.53684711456,4.47726011276,4.25834321976,3.20612406731,1.73293077946,1.50649523735,1.11973154545,0.595303297043,0.312258601189,0.201419502497,0.112060815096,0.0295904595405,0.00543212844059,0.000919936166611,0.0000459912298538],"dmean2":[0.0108947949484,0.303687125444,1.89211499691,4.49277591705,6.35556793213,7.92660570145,10.4856338501,15.967455864,22.0315914154,17.9149417877,18.397485733,21.3483905792,11.6667041779,13.0285673141,10.3391151428,16.0176124573,11.4611444473,11.7896947861,12.7196846008,7.45634126663,16.6536598206,14.3606367111,12.8096342087,27.939950943,13.3308887482,7.93139219284,6.16617774963,6.13684844971,4.84054994583,2.53057360649,2.14638590813,1.52247786522,0.787235438824,0.406779527664,0.260499030352,0.146700128913,0.0385915488005,0.00744390441105,0.00130687269848,0.0000672357709846],"dvar":[0.00121494266205,0.169478192925,6.7659163475,18.2256393433,46.5561294556,44.5641212463,115.040283203,342.664154053,973.943237305,722.509643555,1060.10754395,1158.28076172,362.453918457,367.222137451,222.015411377,567.19354248,289.713592529,262.043914795,431.674926758,146.883209229,694.26373291,377.267456055,229.500915527,1558.64135742,337.33001709,108.891418457,58.3058319092,54.9559822083,36.3771591187,10.3681488037,8.53371620178,4.52351474762,1.35686862469,0.380081295967,0.154342517257,0.0488608926535,0.00339019927196,0.000103751393908,0.00000314444264404,8.32125923722e-9],"dvar2":[0.00331742246635,0.411686837673,13.9908504486,48.4680480957,128.180114746,114.201660156,272.491668701,814.607971191,1974.68762207,1482.48168945,1935.80078125,2213.5859375,717.722229004,764.134277344,476.848114014,1203.36413574,552.502990723,517.968994141,841.62109375,295.945648193,1623.47924805,894.850830078,486.760864258,3253.94311523,762.656860352,253.357940674,115.560813904,115.425765991,84.5058746338,21.5647735596,17.4472255707,8.42577171326,2.56346654892,0.689416885376,0.282232940197,0.0873729363084,0.00609470903873,0.000197141285753,0.00000635912829239,1.81150614509e-8],"max":[1.93805921078,10.7507152557,40.7498664856,62.4313697815,192.351165771,103.501914978,198.461700439,358.222503662,692.551208496,588.490844727,754.836425781,1135.26000977,436.018341064,419.032226563,350.561920166,510.685638428,462.198577881,312.226654053,533.703857422,276.594848633,687.530029297,529.168457031,417.263275146,788.867736816,373.124145508,183.401199341,78.4676818848,73.077583313,58.8933410645,42.4045944214,40.7210845947,28.4956855774,15.6959247589,12.3750696182,6.8741106987,5.13860034943,1.68443286419,0.234439402819,0.0288764741272,0.00143968744669],"mean":[0.0109929898754,0.288162410259,1.99364185333,4.67699146271,6.28373479843,9.50798606873,13.5835132599,20.9296989441,29.4382705688,23.8701953888,25.12449646,31.847618103,16.0886726379,14.8785028458,13.4483985901,18.3654174805,14.6147003174,14.1897716522,14.9552764893,9.985704422,17.2978305817,18.074552536,19.084066391,41.7204742432,17.5097160339,7.78117847443,5.82537031174,4.76938867569,3.17893528938,1.92338037491,1.73756456375,1.34095263481,0.687173724174,0.360870569944,0.228248074651,0.127014234662,0.0339056402445,0.00592220528051,0.000973343267106,0.0000673448303132],"median":[0.00270812166855,0.0865956395864,0.753556191921,2.42932152748,3.82207632065,6.33005523682,8.13252735138,11.5778484344,9.65197753906,7.60144042969,6.99168205261,7.6643743515,4.30552577972,4.1069021225,5.08438920975,6.33829307556,5.29920291901,4.41266918182,4.68518877029,3.81204605103,5.92731189728,6.89878082275,8.21064376831,9.37387657166,5.80328369141,3.27441644669,1.8696308136,1.11101937294,0.59443885088,0.437400698662,0.369815766811,0.258203685284,0.0929357334971,0.0413256660104,0.0237127263099,0.0121378991753,0.00325840478763,0.000513088831212,0.000103765116364,0.0000337738601957],"min":[1.13254627083e-22,5.47619616853e-22,1.69096194773e-21,2.99243067713e-21,1.57578989135e-20,1.7019829177e-20,3.68354254268e-20,7.84036552013e-20,1.4546279972e-19,2.209938376e-19,2.61256026735e-19,2.64738741457e-19,3.3343350639e-19,5.88341464761e-19,1.18971205815e-18,1.3451200633e-18,1.51530988939e-18,1.82253552224e-18,2.9094905518e-18,3.35189755587e-18,2.97976037202e-18,3.55933997784e-18,6.3278220846e-18,6.46680000804e-18,7.53909698356e-18,7.14283114803e-18,8.56113984173e-18,1.148697693e-17,1.25772299287e-17,1.1915075157e-17,1.15895481531e-17,1.09610273724e-17,1.07322672653e-17,9.29580112995e-18,6.68963998352e-18,3.57617558485e-18,2.17947305554e-18,9.68173961553e-19,2.40942151101e-19,2.77436474386e-20],"var":[0.00102399510797,0.272198677063,19.6976032257,40.6767578125,72.2876739502,103.495025635,293.174224854,847.251586914,3691.22827148,2523.31689453,3391.2421875,5177.19775391,1156.47851563,1028.36218262,544.740722656,1318.7355957,824.780944824,760.0625,1245.14331055,427.465270996,1098.26196289,852.120239258,739.165039063,5003.55566406,870.996582031,142.379898071,88.8858947754,72.9435806274,39.6540031433,13.2499065399,11.5832128525,6.89145612717,1.9608464241,0.569682061672,0.228085875511,0.0724187046289,0.00509735522792,0.000149466010043,0.00000411303517467,1.01360786431e-8]},"erbbands_crest":{"dmean":2.16570782661,"dmean2":3.32833123207,"dvar":4.37615537643,"dvar2":9.90357685089,"max":30.032699585,"mean":8.47267627716,"median":7.64959716797,"min":2.4678633213,"var":14.6546945572},"erbbands_flatness_db":{"dmean":0.0222564302385,"dmean2":0.0280338060111,"dvar":0.000439290626673,"dvar2":0.0006765560247,"max":0.372410476208,"mean":0.162603706121,"median":0.161401093006,"min":0.0413483940065,"var":0.00248363078572},"erbbands_kurtosis":{"dmean":0.666741907597,"dmean2":1.0420819521,"dvar":3.52164173126,"dvar2":9.62690639496,"max":96.7286987305,"mean":-0.258702069521,"median":-0.758615970612,"min":-1.80470788479,"var":4.82171583176},"erbbands_skewness":{"dmean":0.34199950099,"dmean2":0.506774485111,"dvar":0.102050699294,"dvar2":0.225388452411,"max":3.45165777206,"mean":0.285813957453,"median":0.291671931744,"min":-3.37984442711,"var":0.495144844055},"erbbands_spread":{"dmean":8.3050737381,"dmean2":12.2764310837,"dvar":78.5011901855,"dvar2":174.616378784,"max":157.023025513,"mean":41.8144111633,"median":40.7048988342,"min":1.07220625877,"var":261.652038574},"gfcc":{"cov":[[30980.8339844,1214.41320801,-2865.41357422,676.247497559,-1820.68273926,-380.613006592,-1008.37854004,5.67204761505,-741.577453613,-67.6645584106,-461.936004639,-172.894287109,-574.789001465],[1214.41320801,2193.13720703,-428.112243652,-215.196090698,408.563720703,-292.785491943,63.705242157,-48.5976295471,93.660369873,-199.606063843,190.772796631,-62.7096176147,-22.6321525574],[-2865.41357422,-428.112243652,745.207763672,32.2332878113,110.007324219,158.997619629,88.3475952148,-24.7835273743,7.99558973312,77.3476791382,-9.06928157806,60.7208862305,91.5685119629],[676.247497559,-215.196090698,32.2332878113,363.061859131,-8.75842761993,23.5934429169,-74.2603530884,-7.5107960701,-0.039184525609,16.1627159119,4.17139482498,1.8337379694,-22.0084476471],[-1820.68273926,408.563720703,110.007324219,-8.75842761993,367.100982666,-18.2089519501,65.4808654785,-12.0736503601,97.6033554077,-18.4580078125,69.5989761353,-6.36644458771,38.7632865906],[-380.613006592,-292.785491943,158.997619629,23.5934429169,-18.2089519501,197.921890259,76.2613296509,22.7500915527,3.11929774284,66.1219787598,-28.3488731384,-8.31826782227,28.3229789734],[-1008.37854004,63.705242157,88.3475952148,-74.2603530884,65.4808654785,76.2613296509,220.765426636,68.2607040405,57.4330825806,6.34911775589,20.1265220642,-11.866150856,13.9085111618],[5.67204761505,-48.5976295471,-24.7835273743,-7.5107960701,-12.0736503601,22.7500915527,68.2607040405,122.784759521,31.7220020294,2.45394253731,11.4842910767,-0.982747137547,-22.2324352264],[-741.577453613,93.660369873,7.99558973312,-0.039184525609,97.6033554077,3.11929774284,57.4330825806,31.7220020294,122.257041931,19.3601150513,34.7839660645,-8.16986560822,5.28593301773],[-67.6645584106,-199.606063843,77.3476791382,16.1627159119,-18.4580078125,66.1219787598,6.34911775589,2.45394253731,19.3601150513,107.233093262,-6.1822271347,-3.10686826706,18.0533275604],[-461.936004639,190.772796631,-9.06928157806,4.17139482498,69.5989761353,-28.3488731384,20.1265220642,11.4842910767,34.7839660645,-6.1822271347,105.00994873,19.5938796997,-15.0724782944],[-172.894287109,-62.7096176147,60.7208862305,1.8337379694,-6.36644458771,-8.31826782227,-11.866150856,-0.982747137547,-8.16986560822,-3.10686826706,19.5938796997,70.6319198608,19.919260025],[-574.789001465,-22.6321525574,91.5685119629,-22.0084476471,38.7632865906,28.3229789734,13.9085111618,-22.2324352264,5.28593301773,18.0533275604,-15.0724782944,19.919260025,94.1273574829]],"icov":[[0.00021010004275,-0.000539781642146,0.00052288552979,-0.000564436777495,0.000834534002934,-0.000423487392254,0.000388123298762,-0.000348099332768,0.000612922769506,-0.000951190886553,0.0012619108893,-0.000827420211863,0.000681910081767],[-0.000539781642146,0.00253385258839,-0.000825097202323,0.0018696404295,-0.00308868614957,0.00188213062938,-0.00142776465509,0.00146028236486,-0.00134450208861,0.00348686380312,-0.00472902925685,0.00324973231182,-0.00222382112406],[0.00052288552979,-0.000825097202323,0.00373993278481,-0.00147989566904,0.000760106835514,-0.00191206473392,-0.0000172914151335,0.0000901515595615,0.00226532900706,-0.00288443127647,0.00308927544393,-0.00379738700576,0.00102078879718],[-0.000564436777495,0.0018696404295,-0.00147989566904,0.00494241481647,-0.00267993798479,0.000324906344758,0.000646928732749,0.000826392904855,-0.00219182251021,0.00312820822001,-0.00429749768227,0.00270704599097,-0.00103434943594],[0.000834534002934,-0.00308868614957,0.000760106835514,-0.00267993798479,0.00895567145199,-0.00174485018943,0.00154131825548,-0.000788510660641,-0.00098951626569,-0.00265536783263,0.00349906971678,-0.00189995649271,0.000937543285545],[-0.000423487392254,0.00188213062938,-0.00191206473392,0.000324906344758,-0.00174485018943,0.0109447203577,-0.00445144297555,0.000278106395854,0.000482313684188,-0.00182427570689,-0.00195112230722,0.00398702546954,-0.00288206036203],[0.000388123298762,-0.00142776465509,-0.0000172914151335,0.000646928732749,0.00154131825548,-0.00445144297555,0.00966418907046,-0.00459239492193,-0.00142258277629,0.000283460627543,0.00123250950128,0.000200921815122,0.000567219336517],[-0.000348099332768,0.00146028236486,0.0000901515595615,0.000826392904855,-0.000788510660641,0.000278106395854,-0.00459239492193,0.0126172155142,-0.00344984489493,0.00216839415953,-0.00253173010424,-0.000364011735655,0.00168018986005],[0.000612922769506,-0.00134450208861,0.00226532900706,-0.00219182251021,-0.00098951626569,0.000482313684188,-0.00142258277629,-0.00344984489493,0.0155438808724,-0.00668777665123,0.00173716619611,-0.00125201430637,0.00131396518555],[-0.000951190886553,0.00348686380312,-0.00288443127647,0.00312820822001,-0.00265536783263,-0.00182427570689,0.000283460627543,0.00216839415953,-0.00668777665123,0.0192518290132,-0.00861763767898,0.00679144915193,-0.00545389903709],[0.0012619108893,-0.00472902925685,0.00308927544393,-0.00429749768227,0.00349906971678,-0.00195112230722,0.00123250950128,-0.00253173010424,0.00173716619611,-0.00861763767898,0.0238834917545,-0.0127382120118,0.00900007877499],[-0.000827420211863,0.00324973231182,-0.00379738700576,0.00270704599097,-0.00189995649271,0.00398702546954,0.000200921815122,-0.000364011735655,-0.00125201430637,0.00679144915193,-0.0127382120118,0.0247616935521,-0.00898919440806],[0.000681910081767,-0.00222382112406,0.00102078879718,-0.00103434943594,0.000937543285545,-0.00288206036203,0.000567219336517,0.00168018986005,0.00131396518555,-0.00545389903709,0.00900007877499,-0.00898919440806,0.0181282777339]],"mean":[-48.5497169495,98.0340118408,-114.506202698,22.2359523773,-52.1056632996,-12.5605421066,-39.4892425537,1.22117519379,-28.7294044495,-6.2015414238,-12.6905298233,-2.75021696091,-17.5839138031]},"hfc":{"dmean":5.60249185562,"dmean2":7.21499156952,"dvar":63.5823783875,"dvar2":119.067176819,"max":104.046112061,"mean":14.9028453827,"median":9.1722278595,"min":1.09982562902e-16,"var":218.504348755},"melbands":{"dmean":[0.000118147283501,0.000491311133374,0.000498527253512,0.000295448029647,0.000224846342462,0.000228036442422,0.000228065022384,0.000128165251226,0.000102974059701,0.0000950053872657,0.0000387994296034,0.0000354191106453,0.0000222173366637,0.0000294347282761,0.0000242573878495,0.000017224207113,0.0000164344346558,0.00001545525447,0.00000922713934415,0.00000803916100267,0.0000149859615703,0.0000113359847091,0.00000676176932757,0.00000997648294288,0.0000178394930117,0.0000104052905954,0.00000435509855379,0.00000362371520168,0.00000298533223031,0.00000247997832048,0.00000262976936938,0.00000211272549677,0.00000110631583539,9.2256567541e-7,8.72037844601e-7,8.62795502599e-7,6.34105447261e-7,4.44403184474e-7,3.24441543853e-7,2.43324166149e-7],"dmean2":[0.000186463628779,0.000781975628342,0.000817923166323,0.000483013107441,0.00035026090336,0.000345934910001,0.000337328441674,0.000188194113434,0.000146645499626,0.000135211361339,0.0000570920783503,0.0000541298613825,0.000032498195651,0.000044382406486,0.0000359146215487,0.0000254291717283,0.0000244080929406,0.0000227328255278,0.0000132586701511,0.0000123071167764,0.0000235101160797,0.0000177560668817,0.0000103758220575,0.0000146496204252,0.0000255464146903,0.0000152552556756,0.00000649683306619,0.00000528627379026,0.00000422010589318,0.00000347330637851,0.00000391963203583,0.00000326318036059,0.0000016480131535,0.00000135613697694,0.00000126999623262,0.00000122866845231,8.69310838425e-7,6.0025553239e-7,4.35000941934e-7,3.23180842088e-7],"dvar":[1.26311292092e-7,0.00000103568197574,6.01300257586e-7,1.84373689649e-7,1.02718757944e-7,1.46196029505e-7,2.30893093089e-7,7.79722597599e-8,6.841198541e-8,4.71487489051e-8,8.56093596013e-9,6.24517415559e-9,2.08749373343e-9,3.79031384057e-9,3.37497518821e-9,1.75860970231e-9,1.18152976292e-9,1.42293465899e-9,5.8188931451e-10,3.82409909294e-10,1.43839018474e-9,6.45061559723e-10,1.27964805419e-10,4.14703077434e-10,1.32339827985e-9,5.65821833831e-10,8.07582403728e-11,5.00806410231e-11,2.7543290565e-11,1.92462816517e-11,2.30294863041e-11,1.70810587896e-11,4.17172850084e-12,3.21974478329e-12,2.99953356424e-12,2.97602285697e-12,1.46718585631e-12,7.81896194926e-13,4.41006118342e-13,2.38404782027e-13],"dvar2":[3.2328080124e-7,0.00000219581829697,0.00000159621390594,4.90299726152e-7,2.47885651561e-7,3.47717218574e-7,4.64166191705e-7,1.56689623054e-7,1.24831899484e-7,9.06232671127e-8,1.72396852349e-8,1.34071118651e-8,4.35422053968e-9,8.39539016084e-9,6.81765044419e-9,3.63157148797e-9,2.37743869036e-9,2.84214096702e-9,1.05764785818e-9,8.70652439033e-10,3.40415429179e-9,1.54143786624e-9,2.91447588285e-10,8.21890000502e-10,2.75884137757e-9,1.28831656454e-9,1.95917407297e-10,1.18343612687e-10,5.74642521067e-11,3.94410754057e-11,5.16537090878e-11,4.08712994004e-11,9.141135765e-12,6.96013602655e-12,6.40067946561e-12,6.08252120546e-12,2.74045998568e-12,1.52683616618e-12,8.55762563676e-13,4.43759043183e-13],"max":[0.0164986476302,0.0154978744686,0.0175028257072,0.00811936613172,0.0054288841784,0.00709767080843,0.0100966673344,0.00602917093784,0.00623729312792,0.00727886846289,0.00213910522871,0.00155908358283,0.00124436221085,0.00124929728918,0.00133503519464,0.00137579638977,0.000650037429295,0.00106660160236,0.000911008566618,0.000425999518484,0.000988272135146,0.000720430689398,0.000245634844759,0.000757597503252,0.000710143125616,0.000630091119092,0.000234697014093,0.000132678993396,0.0000683524558553,0.0000523507987964,0.0000463228352601,0.0000440452931798,0.0000240476147155,0.000029357848689,0.0000243715530814,0.000023946598958,0.0000142144290294,0.0000133691983137,0.0000116275323307,0.0000105114286271],"mean":[0.000179651920917,0.000823341717478,0.00087831489509,0.000557346851565,0.000474010943435,0.000453986023786,0.000449285755167,0.000246790325036,0.000201772505534,0.000197136076167,0.0000720906609786,0.0000575643425691,0.0000416123075411,0.0000490882193844,0.0000400769240514,0.0000286226004391,0.0000260874057858,0.0000246097315539,0.0000157205249707,0.0000132227705762,0.0000225801977649,0.0000201868533622,0.0000138636860356,0.0000214426108869,0.0000370089474018,0.0000186531869986,0.0000065114750214,0.00000462880279883,0.00000378684421776,0.0000029862910651,0.00000273639216175,0.00000200379963644,0.00000117987644899,0.00000100261149782,9.77503759714e-7,0.00000100413001292,7.46454077216e-7,5.05687069108e-7,3.62527458719e-7,2.79405043102e-7],"median":[0.0000451716623502,0.000326933397446,0.000491658400279,0.00038257765118,0.000313017691951,0.000258965184912,0.000142915698234,0.0000732126427465,0.0000520601824974,0.0000458348804386,0.0000179676935659,0.0000150516316353,0.0000150905543705,0.0000170412458829,0.0000123808822536,0.00000997455299512,0.0000071687018135,0.00000698533949617,0.00000500035366713,0.00000524617917108,0.00000674625334796,0.00000678940523358,0.00000617187652097,0.00000733090155336,0.00000742209613236,0.00000427292752647,0.00000265268363364,0.00000170613816408,0.0000012068290971,7.93520030129e-7,5.45115881323e-7,3.30197480025e-7,2.5061635256e-7,2.28249220413e-7,2.04716059216e-7,1.94136930531e-7,1.29856886133e-7,6.66439916586e-8,4.24208366212e-8,3.0966052833e-8],"min":[1.36396002943e-24,1.4755783255e-24,7.62235469163e-25,1.20696043904e-24,1.19177328889e-24,1.92058580618e-24,1.7662790911e-24,2.39612969808e-24,1.98434844708e-24,1.18347457078e-24,1.57810766203e-24,1.66842582619e-24,2.91096754053e-24,3.32817023811e-24,1.65399736301e-24,2.63153644182e-24,2.8841766409e-24,4.06305412475e-24,4.03856236023e-24,2.79775574544e-24,3.68096303442e-24,2.67740890068e-24,3.79063205519e-24,4.05026866163e-24,4.2029341516e-24,4.65454400364e-24,4.42128532814e-24,3.50873024412e-24,5.01978502503e-24,4.7076335537e-24,5.47544764997e-24,5.61992476375e-24,5.79765236468e-24,5.98187978504e-24,5.68131746926e-24,5.72441096836e-24,6.62929280236e-24,6.05682512091e-24,6.91789046479e-24,7.01963695548e-24],"var":[1.51259797576e-7,0.00000284806424133,0.0000013168487385,3.50537874283e-7,2.68229172207e-7,3.69889676222e-7,8.63481602664e-7,2.67690012379e-7,2.37212418597e-7,2.01162933422e-7,2.55615439926e-8,1.55635806465e-8,5.61638202612e-9,8.61723492562e-9,7.5505557362e-9,3.81507092584e-9,2.99861091513e-9,3.78627396103e-9,1.69353842061e-9,7.42257366682e-10,2.12644302167e-9,1.28878752115e-9,3.73789471597e-10,1.38741440558e-9,4.20323331696e-9,1.39523981257e-9,1.11541151315e-10,5.92477247818e-11,3.92986164444e-11,2.69852803297e-11,2.70971162175e-11,1.7315973308e-11,5.02072949188e-12,3.87258324366e-12,3.79979034348e-12,4.11894650332e-12,2.19156051813e-12,1.08271334606e-12,6.07973361325e-13,3.47780018759e-13]},"melbands_crest":{"dmean":2.98410701752,"dmean2":4.81736898422,"dvar":7.00093603134,"dvar2":17.5448532104,"max":39.9384002686,"mean":12.847784996,"median":11.9356746674,"min":1.61783730984,"var":26.4416637421},"melbands_flatness_db":{"dmean":0.0335300117731,"dmean2":0.0423653796315,"dvar":0.000951615918893,"dvar2":0.00149760802742,"max":0.536047339439,"mean":0.205590978265,"median":0.198846071959,"min":0.000512184225954,"var":0.00583352148533},"melbands_kurtosis":{"dmean":7.04476070404,"dmean2":11.1819629669,"dvar":5697.28564453,"dvar2":14314.7988281,"max":5267.97753906,"mean":16.8674259186,"median":8.14726638794,"min":-1.74083614349,"var":16081.6337891},"melbands_skewness":{"dmean":0.599562644958,"dmean2":0.925418078899,"dvar":0.926907360554,"dvar2":2.14373540878,"max":66.1259613037,"mean":2.70813679695,"median":2.53647279739,"min":-3.02718877792,"var":6.08792829514},"melbands_spread":{"dmean":7.17285442352,"dmean2":10.4640407562,"dvar":77.1133117676,"dvar2":163.256881714,"max":179.392700195,"mean":23.0773410797,"median":18.5898399353,"min":0.13790255785,"var":390.874359131},"mfcc":{"cov":[[11334.8466797,-337.385406494,-244.281829834,310.081176758,-451.878723145,-148.466766357,-226.264297485,-52.0174865723,-176.357803345,96.6554107666,95.5263061523,-110.467384338,-201.712432861],[-337.385406494,2347.5637207,-441.210205078,146.575210571,199.40296936,-100.487556458,54.1975669861,137.999755859,-87.9707946777,-9.46396827698,54.1656570435,48.2488555908,22.8267974854],[-244.281829834,-441.210205078,478.413848877,-15.0286369324,-21.6507396698,99.6772537231,54.0178222656,-47.1775360107,47.7206459045,-29.3364009857,-63.8528289795,16.7607975006,20.4180335999],[310.081176758,146.575210571,-15.0286369324,277.10723877,121.326347351,5.49539613724,-31.3155593872,24.2531089783,-53.7233924866,-6.46197032928,18.3331775665,-10.4891681671,2.66581106186],[-451.878723145,199.40296936,-21.6507396698,121.326347351,237.282089233,43.4646034241,-25.5151557922,-12.9903850555,-27.3637275696,-9.45286273956,0.508585512638,-3.71253561974,5.08714294434],[-148.466766357,-100.487556458,99.6772537231,5.49539613724,43.4646034241,162.811721802,35.3051223755,-40.5742874146,41.8736152649,37.9219512939,-18.9602928162,-11.3298969269,1.37394487858],[-226.264297485,54.1975669861,54.0178222656,-31.3155593872,-25.5151557922,35.3051223755,127.9895401,32.9611473083,32.7269744873,31.1159420013,-0.514447808266,16.4406719208,7.81321716309],[-52.0174865723,137.999755859,-47.1775360107,24.2531089783,-12.9903850555,-40.5742874146,32.9611473083,140.510299683,-1.85840666294,11.6840877533,49.6495513916,6.74020624161,4.08264303207],[-176.357803345,-87.9707946777,47.7206459045,-53.7233924866,-27.3637275696,41.8736152649,32.7269744873,-1.85840666294,131.907089233,41.2349090576,-14.7647571564,0.693135082722,-0.624252200127],[96.6554107666,-9.46396827698,-29.3364009857,-6.46197032928,-9.45286273956,37.9219512939,31.1159420013,11.6840877533,41.2349090576,138.976638794,41.7006874084,-12.4524345398,-3.63331532478],[95.5263061523,54.1656570435,-63.8528289795,18.3331775665,0.508585512638,-18.9602928162,-0.514447808266,49.6495513916,-14.7647571564,41.7006874084,128.016799927,14.4173440933,-7.63527297974],[-110.467384338,48.2488555908,16.7607975006,-10.4891681671,-3.71253561974,-11.3298969269,16.4406719208,6.74020624161,0.693135082722,-12.4524345398,14.4173440933,79.4311294556,29.4411907196],[-201.712432861,22.8267974854,20.4180335999,2.66581106186,5.08714294434,1.37394487858,7.81321716309,4.08264303207,-0.624252200127,-3.63331532478,-7.63527297974,29.4411907196,70.7788238525]],"icov":[[0.000126756145619,-0.00000380208643946,0.0000333297357429,-0.000296441925457,0.000435087567894,-0.000037102628994,0.000197458299226,0.000100023862615,0.000137421811814,-0.000147338199895,0.00000901855310076,-0.0000463727446913,0.000319811399095],[-0.00000380208643946,0.000641931081191,0.000607692520134,-0.000114312584628,-0.000533078040462,0.000161721356562,-0.000641113263555,-0.000323864427628,0.000137454568176,0.00011927812011,0.000214023588342,-0.000372291979147,-0.000078953737102],[0.0000333297357429,0.000607692520134,0.00344443041831,-0.000595603720285,0.000306729838485,-0.00153364287689,-0.00143915729132,0.000258668558672,-0.000429625972174,0.00125911168288,0.000796942738816,-0.000843514106236,-0.000422848679591],[-0.000296441925457,-0.000114312584628,-0.000595603720285,0.00598446698859,-0.00340531906113,-0.0000896630663192,0.000669731118251,-0.00164465699345,0.00133969448507,-0.00017257440777,-0.000170125218574,0.0007331915549,-0.00091448816238],[0.000435087567894,-0.000533078040462,0.000306729838485,-0.00340531906113,0.00805325247347,-0.0025769257918,0.00187341240235,0.000968994572759,0.0007152503822,0.000135259499075,-0.000121225151815,-0.000300827145111,0.000785464886576],[-0.000037102628994,0.000161721356562,-0.00153364287689,-0.0000896630663192,-0.0025769257918,0.0102198207751,-0.00276294653304,0.00280744605698,-0.00182052014861,-0.00216650334187,-0.0000872402160894,0.00167973805219,-0.000417594797909],[0.000197458299226,-0.000641113263555,-0.00143915729132,0.000669731118251,0.00187341240235,-0.00276294653304,0.0122227994725,-0.00361888087355,-0.000184913180419,-0.00260631251149,0.00152013590559,-0.00253437808715,0.00102066609543],[0.000100023862615,-0.000323864427628,0.000258668558672,-0.00164465699345,0.000968994572759,0.00280744605698,-0.00361888087355,0.0108885802329,-0.0011829851428,0.000752518011723,-0.00401970930398,0.00157730572391,-0.00103742571082],[0.000137421811814,0.000137454568176,-0.000429625972174,0.00133969448507,0.0007152503822,-0.00182052014861,-0.000184913180419,-0.0011829851428,0.0105792013928,-0.00326549448073,0.00209306832403,-0.00110609689727,0.00110492715612],[-0.000147338199895,0.00011927812011,0.00125911168288,-0.00017257440777,0.000135259499075,-0.00216650334187,-0.00260631251149,0.000752518011723,-0.00326549448073,0.0111588509753,-0.00433117011562,0.00276911607943,-0.00161350297276],[0.00000901855310076,0.000214023588342,0.000796942738816,-0.000170125218574,-0.000121225151815,-0.0000872402160894,0.00152013590559,-0.00401970930398,0.00209306832403,-0.00433117011562,0.0119629604742,-0.00413778517395,0.00261543667875],[-0.0000463727446913,-0.000372291979147,-0.000843514106236,0.0007331915549,-0.000300827145111,0.00167973805219,-0.00253437808715,0.00157730572391,-0.00110609689727,0.00276911607943,-0.00413778517395,0.0175119657069,-0.00721682608128],[0.000319811399095,-0.000078953737102,-0.000422848679591,-0.00091448816238,0.000785464886576,-0.000417594797909,0.00102066609543,-0.00103742571082,0.00110492715612,-0.00161350297276,0.00261543667875,-0.00721682608128,0.0183316338807]],"mean":[-681.644287109,135.165115356,-9.72803115845,31.3808517456,0.195236980915,-8.57880973816,-4.70517349243,-0.318826675415,-13.8691453934,-4.74136209488,-4.53109550476,-0.490215092897,-5.93591928482]},"pitch_salience":{"dmean":0.0654232352972,"dmean2":0.103374451399,"dvar":0.00326836458407,"dvar2":0.0081089111045,"max":0.968692004681,"mean":0.629276573658,"median":0.648895859718,"min":0.00711772590876,"var":0.0129508096725},"silence_rate_20dB":{"dmean":0,"dmean2":0,"dvar":0,"dvar2":0,"max":1,"mean":1,"median":1,"min":1,"var":0},"silence_rate_30dB":{"dmean":0,"dmean2":0,"dvar":0,"dvar2":0,"max":1,"mean":1,"median":1,"min":1,"var":0},"silence_rate_60dB":{"dmean":0.0151581401005,"dmean2":0.030320700258,"dvar":0.0149275828153,"dvar2":0.035523250699,"max":1,"mean":0.0728650540113,"median":0,"min":0,"var":0.0675566494465},"spectral_centroid":{"dmean":303.764678955,"dmean2":422.405578613,"dvar":111495.46875,"dvar2":201962.0625,"max":11756.4179688,"mean":1457.02258301,"median":1272.66699219,"min":183.614212036,"var":1699910.625},"spectral_complexity":{"dmean":4.45969963074,"dmean2":6.39067077637,"dvar":30.4765014648,"dvar2":57.6760215759,"max":53,"mean":16.6789569855,"median":15,"min":0,"var":94.9160385132},"spectral_contrast_coeffs":{"dmean":[0.0516522601247,0.0453905537724,0.0366352647543,0.0288943368942,0.0272524412721,0.0237661432475],"dmean2":[0.0863519310951,0.0727499052882,0.0584374479949,0.0461514145136,0.0404360666871,0.0363008677959],"dvar":[0.00180309917778,0.00148099265061,0.000991492182948,0.000624258304015,0.000637742923573,0.000474615313578],"dvar2":[0.00485401554033,0.00367499119602,0.0023853785824,0.00140786694828,0.00121547235176,0.00107732822653],"max":[-0.311487257481,-0.418782800436,-0.484916895628,-0.581308960915,-0.518707811832,-0.632091581821],"mean":[-0.593793809414,-0.693487644196,-0.7676628232,-0.792822003365,-0.7767136693,-0.77302801609],"median":[-0.587545156479,-0.6919246912,-0.774186253548,-0.798895061016,-0.787845432758,-0.769056200981],"min":[-0.980493843555,-0.983046770096,-0.981437385082,-0.977941453457,-0.975336015224,-0.965940117836],"var":[0.00875045079738,0.00681809196249,0.00508619705215,0.00302916183136,0.00416330154985,0.00207272940315]},"spectral_contrast_valleys":{"dmean":[0.453065037727,0.383050233126,0.378231406212,0.340688616037,0.410113185644,0.506884694099],"dmean2":[0.741932332516,0.597404360771,0.568196713924,0.49200758338,0.506450116634,0.567338764668],"dvar":[0.155403196812,0.131929859519,0.142870694399,0.121516011655,0.159318909049,0.270927637815],"dvar2":[0.360785007477,0.267437845469,0.278788685799,0.222088977695,0.260056108236,0.352319985628],"max":[-5.73223924637,-4.87838935852,-5.37943553925,-6.2025103569,-5.74106693268,-8.12446784973],"mean":[-8.07591724396,-7.24082517624,-7.92562580109,-8.29303073883,-8.02008056641,-10.9858970642],"median":[-7.6595249176,-6.81750106812,-7.55589389801,-7.87024688721,-7.53094387054,-10.6986446381],"min":[-28.2276134491,-28.0133152008,-27.7640571594,-27.7405452728,-27.5337486267,-27.3745803833],"var":[6.63728380203,7.17927455902,6.59730768204,6.41589736938,6.80086231232,5.52697086334]},"spectral_decrease":{"dmean":1.28134536315e-9,"dmean2":1.83725834546e-9,"dvar":2.50603506919e-18,"dvar2":5.17674649549e-18,"max":3.91013243484e-21,"mean":-4.46778036789e-9,"median":-3.48790996085e-9,"min":-2.78121650155e-8,"var":1.22865445993e-17},"spectral_energy":{"dmean":0.00519119482487,"dmean2":0.00738716637716,"dvar":0.0000411317196267,"dvar2":0.0000836456019897,"max":0.112369053066,"mean":0.0182141605765,"median":0.0142665514722,"min":1.01156102902e-20,"var":0.000203303716262},"spectral_energyband_high":{"dmean":0.000367474480299,"dmean2":0.00048739061458,"dvar":3.62754832395e-7,"dvar2":6.27397810149e-7,"max":0.00601819669828,"mean":0.000461742078187,"median":0.000120372169476,"min":7.06430903152e-21,"var":6.11564871633e-7},"spectral_energyband_low":{"dmean":0.00210502836853,"dmean2":0.00333842099644,"dvar":0.000014397398445,"dvar2":0.0000324237153109,"max":0.0605352111161,"mean":0.00390603486449,"median":0.00198067165911,"min":2.27655601589e-23,"var":0.0000381445534003},"spectral_energyband_middle_high":{"dmean":0.00138690019958,"dmean2":0.00193019793369,"dvar":0.00000490237198392,"dvar2":0.0000103078500615,"max":0.0359275192022,"mean":0.00361543474719,"median":0.00185395171866,"min":1.16003245668e-21,"var":0.0000178279206011},"spectral_energyband_middle_low":{"dmean":0.00346496445127,"dmean2":0.00513735879213,"dvar":0.0000197530935111,"dvar2":0.000044303604227,"max":0.0865211561322,"mean":0.0111944535747,"median":0.00857313163579,"min":1.42502837901e-22,"var":0.0000874856414157},"spectral_entropy":{"dmean":0.235066905618,"dmean2":0.29496923089,"dvar":0.0526127628982,"dvar2":0.0817429423332,"max":9.82501220703,"mean":7.44966173172,"median":7.42358398438,"min":5.75129318237,"var":0.34162402153},"spectral_flux":{"dmean":0.0182299297303,"dmean2":0.0276959240437,"dvar":0.000364364153938,"dvar2":0.000783357070759,"max":0.218387231231,"mean":0.0640411749482,"median":0.0587278828025,"min":6.26624030442e-11,"var":0.00127658282872},"spectral_kurtosis":{"dmean":2.54238271713,"dmean2":4.07437753677,"dvar":10.6302118301,"dvar2":26.3922367096,"max":57.1770782471,"mean":6.26213788986,"median":4.66754341125,"min":-1.27507507801,"var":27.963476181},"spectral_rms":{"dmean":0.000581071304623,"dmean2":0.000808425538708,"dvar":3.87694967685e-7,"dvar2":7.09168546109e-7,"max":0.0104703558609,"mean":0.00385451153852,"median":0.00373076228425,"min":3.1414786137e-12,"var":0.00000291266064778},"spectral_rolloff":{"dmean":585.018554688,"dmean2":914.251586914,"dvar":698014.8125,"dvar2":1380707.625,"max":19853.6132813,"mean":1727.29040527,"median":1098.19335938,"min":21.533203125,"var":5756775},"spectral_skewness":{"dmean":0.306107521057,"dmean2":0.4719863832,"dvar":0.109938956797,"dvar2":0.251351714134,"max":5.83900022507,"mean":1.59922993183,"median":1.44833803177,"min":-0.0876551792026,"var":0.408448129892},"spectral_spread":{"dmean":683066.0625,"dmean2":906653.1875,"dvar":777664528384,"dvar2":1549389266940,"max":42792712,"mean":4412324,"median":3644390,"min":1235912.875,"var":20330896687100},"spectral_strongpeak":{"dmean":0.373944371939,"dmean2":0.620581150055,"dvar":0.308749914169,"dvar2":0.775815486908,"max":8.82385730743,"mean":0.805234134197,"median":0.504919528961,"min":0,"var":0.700478494167},"zerocrossingrate":{"dmean":0.0136711634696,"dmean2":0.0147075150162,"dvar":0.000230425765039,"dvar2":0.000295645644655,"max":0.51953125,"mean":0.0637715086341,"median":0.0517578125,"min":0,"var":0.00389958312735}},"metadata":{"audio_properties":{"analysis_sample_rate":44100,"bit_rate":256000,"codec":"mp3","downmix":"mix","equal_loudness":0,"length":159.294692993,"lossless":false,"md5_encoded":"829446619dbe6cad977c35b2a4badbb7","replay_gain":-9.16434288025,"sample_rate":44100},"tags":{"acoustid_fingerprint":["AQADtEwsSbKCw4evohL1YacDcqKRx46g7ciJL3BYVNpxaQOTZ0eX52CjC9WdwFUf9Edy5MJ_fFGOZ5OFc8uK5kd44UPVHd3-4uJwXkZ_iNPhLVKOmPCLKiJxg3mqCamjG-44HSdU8Wj-4A83KLqOpsedDe-PhpGMHsmz3Phy_MJUHo1y3CiaD8eR6BLy7MS1qug_kO0Hh7vw2biPyjeek4gpLUfy9EZzotfRI2EvIVYSeFSHZyx85ejSNcI44XCcFV-CX6geh7AiH0-a4yKc4xea68Y3JbiUF8-D9Md16Apy2XiSHG-CKXkmoWuPE3fx7fCF5EfmJbh0Dm8oo4p5NHeNG7kG_Ygv_MTRnCh55Dl0hUmJ8NnRo2R22DmqPEYTSUGZH-EjHVqqXMiVC_XlwuOFMscbVJngVKipHM2F_sgbJH-Oo9I0G06U42wM6sZBfXiyIOYOUW-RabVDhMwDzXuEMF6S4dyOH82HPqmS4GSGKxGPh0lwPOnB5EZFMUfuQ20-hFmOX4CdTnAeIVv-QLuMfNHxXCH6CR4ZC_3xS7iQ7LqEJo-yIZ_ogklrInx4sAv-DFko0UGjG3d3XMtRMdJRMg-e9EiGMI-P67iWeCmaJS965FmCS8ePJ9KT4Iq24Q-qHFqOZ9lxHXkSH03Y5PiPMHmhJzq-5Kj8GNYoHzcD6DfaPdCeH3F2uAG3HWdMo4mv4McTJZmOixla6phyJEeuHk90wQwxShc6oomPjz0OHnpwn3h2nIaT5xWOM5HxDcktGm-eImLODRXC_NCHPME1PE_w62gYPjLKZ01wJyOqzMecBMl5_EJ6XWCsSBGDXNmRVDl-Cr9ROSwaLdqDc8txHnOK5Agp5Ra-Obj0KDi2KLBK0fho3Ithj0SP7MuD5M-DKw-qXMV53IebuOCPT0EV3zizoTbSJ_nwB-lyXPnhUBlH9JoU9Aqa0yCjLxM4JUGeo_mTQfuPfNLxJBF-KQx6MkHz4jgrnOHRhMuR5a6hI8elE1f44OFRrz2ar3gbHLUIJk7SIo9RpQoceyGuEOkX4rITUFcD9-h14eiSJWgi7jiPO0-wNuyRhj70HiHv41GL_UW_EpWYIUyiIbmOX2iqHGXGaGDvFOfRHLWYB8mjZEdIvbjzBEejUQme4csTPBcadRaYH0-EMgqNH5545CK054glxcOVY6LsIMxzfIfwQOeHXCm-FU93NDGPWoxxHbtShLqg7TlyXNJxPWASIlRwBlqe47nw5IXWqEd-ojoa9XjGDz1cEY9hHxVJI0seHcno4wfb4zy8qRS-4yFz9BQx5XhQ6_DRfbhx5TiTLPCl4zHyHEnFsAnWHtXRnMN3vD0YPUej8jgXGQnyJEHlLMdzPzA_4RqmPIqKa1lRnUOYr0dyZVGKZ8Eu4XHQPQ38H_Xx60g-S0Q-GQcv_E-FKj08Ho-Cc0iWHzmP_hKaJ_hyhD-RMA0PsllO_Ax2wTEjXBn6PcePXDySM1mo4EruoMoFP-gT4VQw5wrxpk0gb8WN4851NFEiPQmqUDwuHD9C6xCtEX1zHIeuI-_RzDru44QVyUcdO-iPaBe0_XiKyImCk5kS44_RXBT6BWySnLjENHhyIdXzQs8RS5KOR3D1DCc