{"lowlevel":{"average_loudness":0.843045055866,"barkbands":{"dmean":[0.0000266730312433,0.000758652982768,0.000659341050778,0.00058262742823,0.00115756737068,0.00116677547339,0.00113362271804,0.000695354363415,0.000398606294766,0.000288093287963,0.000265301117906,0.000297023827443,0.000286458147457,0.000161977208336,0.000163199118106,0.0000773640203988,0.000064277475758,0.0000377946234948,0.0000403026970162,0.0000205942087632,0.0000225607564062,0.0000180942370207,0.0000154202098201,0.00000944517887547,0.00000463617561763,0.00000339584107678,3.61050325637e-7],"dmean2":[0.0000456701018265,0.00115729717072,0.00101601448841,0.000928879890125,0.00185271457303,0.00188113714103,0.00145732110832,0.000875831115991,0.000515040883329,0.000370812544134,0.000370532623492,0.000408695370425,0.000377959717298,0.000227406562772,0.000216348475078,0.000109706073999,0.0000996086746454,0.0000615483077127,0.0000584640802117,0.000031742714782,0.0000351918133674,0.0000273606874543,0.0000234132694459,0.0000147982009366,0.00000710696622264,0.00000525926179762,6.06436913131e-7],"dvar":[1.65521707451e-9,0.00000811334211903,0.00000435790934716,0.00000382667849408,0.00000570396696276,0.00000561773731533,0.00000571130067328,0.00000456881116406,0.00000189819991192,5.94494565576e-7,6.38173048628e-7,8.08112361028e-7,0.00000102968783722,2.82472427671e-7,2.00031053055e-7,4.40694201131e-8,5.39911582109e-8,3.16533075306e-8,1.58925796967e-8,6.4397434052e-9,4.30896474057e-9,9.07327812882e-9,1.7029154975e-8,5.41826894462e-9,2.9070040819e-10,1.31495911382e-10,1.34532044792e-12],"dvar2":[4.90490625893e-9,0.0000180233855644,0.0000105128237919,0.00000961207024375,0.0000154461831698,0.0000155974121299,0.00000986295435723,0.00000686720159138,0.00000310552763949,9.03230329641e-7,0.00000126975612602,0.00000150248615682,0.00000144639420796,4.99206805671e-7,3.30034225726e-7,9.14445621447e-8,1.31060900799e-7,8.53504218412e-8,3.73356030536e-8,1.51732066911e-8,9.91783810633e-9,2.07846682088e-8,3.7129300523e-8,1.03114663474e-8,6.42993269739e-10,3.03123498524e-10,3.38287709477e-12],"max":[0.000921333557926,0.0479257442057,0.0507711581886,0.0382794216275,0.052717063576,0.0577893033624,0.0600740648806,0.0497104078531,0.0501357652247,0.0437656342983,0.0353605076671,0.0280196797103,0.0487364940345,0.0247427821159,0.011581376195,0.00898083858192,0.00378424325027,0.00419566174969,0.00202825246379,0.00170984514989,0.00173906469718,0.00801469478756,0.00708499457687,0.00505240121856,0.000769797654357,0.000246792042162,0.0000231855319726],"mean":[0.000143959914567,0.00222316058353,0.00196966459043,0.00174058566336,0.003332789056,0.00410025240853,0.00528702093288,0.00288282404654,0.00123238982633,0.000781441689469,0.000659664045088,0.000756134744734,0.000687828171067,0.000361611309927,0.000438808638137,0.000177028312464,0.000101492689282,0.0000462177522422,0.0000655727417325,0.0000298706290778,0.0000325786822941,0.0000247009338636,0.0000211862497963,0.000010797503819,0.00000535842036697,0.00000309576080326,3.20096802398e-7],"median":[0.000110458415293,0.000909171183594,0.000501846021507,0.000529105192982,0.00238622608595,0.00185513915494,0.00145797629375,0.000488963560201,0.000313555414323,0.00020418126951,0.000189423997654,0.000138157789479,0.000204803116503,0.0000913756812224,0.000136390357511,0.0000506553078594,0.0000281585053017,0.0000115455231935,0.0000192601401068,0.00000481694132759,0.00000509209257871,0.00000313278246722,0.00000192487800632,0.00000155929524226,8.47590740705e-7,1.6233688882e-7,6.92198369734e-8],"min":[3.38537093678e-25,2.12755076163e-24,9.14779770381e-25,1.78995399015e-24,8.4156367678e-24,5.29228400854e-24,8.59349571407e-24,6.9587187498e-24,8.2714132728e-24,1.62155139565e-23,1.29946343236e-23,2.18882348141e-23,1.52678222189e-23,3.97444248367e-23,2.81925319118e-23,6.14390242753e-23,4.39213360448e-23,9.47149821713e-23,1.13645283625e-22,1.73867265917e-22,2.49924286663e-22,3.14935462444e-22,3.55821656156e-22,5.56463037901e-22,7.27320565962e-22,1.27565952299e-21,1.91833200691e-21],"var":[7.33546423604e-9,0.0000146209076775,0.000016362657334,0.0000106686502477,0.0000125673404909,0.000035624980228,0.0000761662449804,0.0000557488274353,0.0000146424172272,0.00000348432899955,0.00000324719940181,0.00000335932691087,0.00000427530630986,0.00000106841457637,9.55160999183e-7,1.54435198851e-7,6.71640663086e-8,2.53556375895e-8,2.21918057264e-8,8.68849969748e-9,6.90313850527e-9,2.26262582004e-8,2.08460342321e-8,7.47661044187e-9,4.12127498794e-10,1.36977706955e-10,1.10570146789e-12]},"barkbands_crest":{"dmean":1.49564349651,"dmean2":2.30394625664,"dvar":3.14431452751,"dvar2":7.77034187317,"max":24.6711368561,"mean":11.7098398209,"median":10.793680191,"min":2.03405570984,"var":20.1329021454},"barkbands_flatness_db":{"dmean":0.0179987866431,"dmean2":0.024053459987,"dvar":0.000623768602964,"dvar2":0.00113098765723,"max":0.400788158178,"mean":0.204406484962,"median":0.208832249045,"min":0.0173479001969,"var":0.00321694882587},"barkbands_kurtosis":{"dmean":1.53211677074,"dmean2":2.27831101418,"dvar":6.91455221176,"dvar2":16.7733860016,"max":115.606887817,"mean":3.90849041939,"median":2.98785638809,"min":-1.76489031315,"var":17.5515785217},"barkbands_skewness":{"dmean":0.274927467108,"dmean2":0.406645447016,"dvar":0.127303153276,"dvar2":0.285106182098,"max":10.4139308929,"mean":1.26908481121,"median":1.24611794949,"min":-2.23084831238,"var":0.754986643791},"barkbands_spread":{"dmean":1.89018189907,"dmean2":2.76015973091,"dvar":12.1179542542,"dvar2":25.8268470764,"max":78.2275009155,"mean":10.1817483902,"median":7.90254449844,"min":1.52285218239,"var":49.0651779175},"dissonance":{"dmean":0.0245841667056,"dmean2":0.0406503900886,"dvar":0.00057985301828,"dvar2":0.00151416577864,"max":0.499999970198,"mean":0.412704259157,"median":0.417459130287,"min":0.152783960104,"var":0.00209904019721},"dynamic_complexity":3.4573431015,"erbbands":{"dmean":[0.0136179588735,0.20053575933,0.621199905872,1.43096351624,3.02884888649,4.62082099915,4.83457517624,11.4811611176,13.6923265457,17.4838504791,12.7724170685,10.2034606934,8.17423248291,9.01785945892,9.96858024597,12.6760149002,13.1504850388,8.50523948669,8.41233444214,5.49312162399,3.76191425323,3.24424362183,2.19407224655,2.23697018623,1.5712492466,0.992942094803,0.795175135136,0.886624455452,0.617897808552,0.673295259476,0.381576538086,0.242959871888,0.133888274431,0.0565981902182,0.0323169305921,0.018359426409,0.00541461072862,0.000745424302295,0.0000578117760597,0.00000802645081421],"dmean2":[0.0210840981454,0.30462962389,0.965170264244,2.20690894127,4.90988397598,7.29631662369,7.74945878983,18.7129955292,18.4672679901,21.8654956818,15.9297523499,13.0140485764,10.514415741,11.9034366608,13.9061288834,16.8251342773,17.0758705139,11.719625473,11.4134712219,7.39244508743,5.42696094513,5.0448641777,3.56681752205,3.13675355911,2.49569153786,1.50622177124,1.23549520969,1.3819437027,0.939001381397,1.00805974007,0.585607469082,0.381675928831,0.210342273116,0.0891379415989,0.0495033077896,0.0281568896025,0.00850483588874,0.00118671788368,0.0000960494653555,0.0000116296650958],"dvar":[0.00307912821881,0.53380215168,3.63756799698,20.8098983765,104.835594177,66.9364318848,72.0401611328,635.906494141,820.642822266,1674.03381348,1360.28210449,1376.36523438,666.912658691,491.176391602,953.35760498,1438.05969238,2010.08239746,700.921203613,535.147094727,243.59967041,124.233634949,174.942260742,120.019416809,49.6256484985,36.4836730957,15.7627239227,7.03446865082,6.88418054581,14.4285869598,12.0244283676,12.7483844757,4.12414121628,1.23251223564,0.0710269138217,0.010588048026,0.00358986435458,0.000386487488868,0.00000588252896705,3.39225429968e-8,2.20874776802e-10],"dvar2":[0.00663975067437,1.18290364742,8.42154788971,50.0680503845,287.460021973,176.203155518,178.618484497,1777.39343262,1530.84936523,2634.4909668,2038.39367676,2274.07226562,927.782348633,938.145446777,1980.81542969,2481.42553711,2754.43164062,1306.41357422,910.625671387,465.994812012,267.179840088,439.517913818,321.258850098,112.171188354,93.9477767944,37.1128196716,16.7800807953,15.5726280212,35.6095848083,20.1435432434,29.7568397522,8.97777557373,2.31527209282,0.143091961741,0.0233255047351,0.00829108525068,0.000898655736819,0.0000135061209221,8.55262882737e-8,5.07790365312e-10],"max":[0.927920818329,13.5820493698,39.2675323486,78.4192733765,202.102035522,161.489151001,332.582885742,680.14050293,739.700012207,1295.04980469,1173.24133301,1454.17724609,1704.94091797,613.781677246,1327.27294922,1425.20153809,2374.48608398,1376.84851074,710.575927734,661.305053711,486.82244873,231.807388306,285.415161133,121.946815491,128.965621948,102.619552612,61.8307189941,79.4781265259,315.928771973,179.820205688,187.02130127,119.892562866,78.5102157593,14.6107988358,2.91902279854,1.32334637642,0.519077599049,0.0629052072763,0.00397639814764,0.000287671864498],"mean":[0.035816013813,0.604943573475,1.94989073277,4.88143157959,7.15896463394,12.8288497925,16.700296402,39.557559967,67.1709823608,78.7313995361,53.8618850708,33.7030982971,23.9090881348,23.9038143158,26.5817546844,35.9786758423,33.9506492615,21.5812129974,23.4392795563,14.2984275818,9.23153495789,5.0704293251,2.67987751961,3.85599851608,2.23808574677,1.46652364731,1.21236872673,1.21806621552,0.838079988956,0.942159295082,0.518559575081,0.265464901924,0.158567398787,0.0700988173485,0.0344895087183,0.017254691571,0.00483445683494,0.000658463453874,0.0000633020463283,0.0000341068589478],"median":[0.0151684796438,0.247798576951,0.68432199955,1.36373782158,4.09669446945,8.32321643829,11.0793008804,18.0652885437,21.7047271729,20.9017238617,11.9776277542,10.2395133972,7.41908121109,8.13668251038,8.47397327423,8.18091392517,12.8513565063,6.96886253357,8.92478847504,5.83491325378,3.38198375702,1.48360943794,0.817134857178,1.09723007679,0.685289025307,0.256848216057,0.242971330881,0.122105367482,0.100279040635,0.0961264595389,0.0584215596318,0.0337996482849,0.0240892935544,0.0121043073013,0.00457661505789,0.00115011411253,0.000247480726102,0.0000563543362659,0.0000242112582782,0.0000295396657748],"min":[7.32444286961e-23,5.95643297817e-22,1.6344529507e-21,3.79696055611e-21,1.61157870065e-20,2.13778835486e-20,3.81014576661e-20,7.34172876842e-20,1.40621285745e-19,1.37212099625e-19,2.56239796705e-19,1.95057589493e-19,3.62920866716e-19,7.13630117748e-19,5.46123820658e-19,1.11311513342e-18,1.3270553693e-18,1.69474428601e-18,2.70158842421e-18,2.4601856886e-18,3.94275432178e-18,3.56651204734e-18,4.5852275715e-18,6.16359902246e-18,7.12431057411e-18,7.32341625628e-18,8.00192687016e-18,9.67752843903e-18,1.04973835401e-17,9.85178313405e-18,1.05539469775e-17,9.79962195181e-18,8.53026367101e-18,8.0396843564e-18,5.41152020567e-18,4.22851461774e-18,2.1522453717e-18,8.45977619889e-19,2.45849038194e-19,2.78075148291e-20],"var":[0.0045634387061,1.03597605228,11.2783489227,81.8115310669,121.406799316,217.47454834,622.322509766,3621.7722168,11835.296875,23298.1835938,16505.7304688,10252.9882812,4197.21289062,2114.88110352,5021.11328125,7458.67724609,8298.89160156,3123.65991211,2893.88769531,742.492858887,405.94442749,184.357055664,91.7674942017,80.1443099976,36.1317405701,20.982503891,10.6346979141,11.6574048996,32.4740409851,28.1653461456,13.3774852753,4.89108419418,1.63951051235,0.107822932303,0.0134226754308,0.00378667330369,0.000393349590013,0.00000595367237111,2.84236989501e-8,6.62833010701e-10]},"erbbands_crest":{"dmean":1.65699601173,"dmean2":2.44181537628,"dvar":3.58748316765,"dvar2":8.17823410034,"max":30.3841762543,"mean":11.9341745377,"median":11.1044464111,"min":2.7335691452,"var":24.881772995},"erbbands_flatness_db":{"dmean":0.0174182616174,"dmean2":0.0223950780928,"dvar":0.000593320757616,"dvar2":0.00111848441884,"max":0.398755729198,"mean":0.235862463713,"median":0.241582214832,"min":0.0328949652612,"var":0.00308293383569},"erbbands_kurtosis":{"dmean":0.766620099545,"dmean2":1.12135362625,"dvar":1.27999985218,"dvar2":2.8668718338,"max":28.641078949,"mean":0.896059751511,"median":0.283108234406,"min":-1.71760940552,"var":5.33378171921},"erbbands_skewness":{"dmean":0.251853704453,"dmean2":0.356324195862,"dvar":0.0719536319375,"dvar2":0.155157789588,"max":4.78712511063,"mean":0.695669770241,"median":0.706049740314,"min":-2.58212590218,"var":0.544079303741},"erbbands_spread":{"dmean":3.41847348213,"dmean2":5.0292506218,"dvar":33.4623718262,"dvar2":75.6573257446,"max":112.275222778,"mean":20.9674415588,"median":18.1434650421,"min":2.28383612633,"var":117.332550049},"gfcc":{"cov":[[26197.1210938,1838.59069824,-2440.35766602,962.585266113,-1583.29748535,364.180389404,-887.610839844,-200.102539062,-447.763763428,16.9077415466,-318.285919189,-145.352554321,-215.890640259],[1838.59069824,1637.14147949,-132.137405396,-279.204315186,367.069244385,-75.9152908325,18.9486541748,-72.2287597656,57.4696769714,-107.423377991,82.6353988647,-113.558250427,-21.7751693726],[-2440.35766602,-132.137405396,857.250610352,153.540664673,160.064453125,121.131416321,170.526199341,25.8837528229,-3.05121207237,-25.8920974731,-50.3619766235,27.0218677521,-15.6246843338],[962.585266113,-279.204315186,153.540664673,563.601745605,-44.8904304504,116.679016113,13.3858528137,-2.40549993515,-21.923576355,-37.2056083679,-109.173576355,-19.5751686096,-17.8382072449],[-1583.29748535,367.069244385,160.064453125,-44.8904304504,576.508056641,-39.0193519592,84.5498886108,73.806930542,52.8300247192,-22.5415821075,9.81238174438,-38.6110038757,-61.4814682007],[364.180389404,-75.9152908325,121.131416321,116.679016113,-39.0193519592,171.45765686,50.8899154663,10.1037073135,5.55914115906,13.3288555145,-22.2818202972,-3.83802676201,-38.2507171631],[-887.610839844,18.9486541748,170.526199341,13.3858528137,84.5498886108,50.8899154663,158.220809937,27.542930603,24.8397083282,10.3278064728,11.1319408417,-0.0131019251421,-9.70658111572],[-200.102539062,-72.2287597656,25.8837528229,-2.40549993515,73.806930542,10.1037073135,27.542930603,103.90297699,6.69411039352,30.7189006805,-0.206738561392,3.49447727203,-15.80701828],[-447.763763428,57.4696769714,-3.05121207237,-21.923576355,52.8300247192,5.55914115906,24.8397083282,6.69411039352,112.396987915,28.8863773346,15.8992891312,-13.0562467575,2.02709913254],[16.9077415466,-107.423377991,-25.8920974731,-37.2056083679,-22.5415821075,13.3288555145,10.3278064728,30.7189006805,28.8863773346,111.340385437,29.7942008972,6.61979818344,-12.8947019577],[-318.285919189,82.6353988647,-50.3619766235,-109.173576355,9.81238174438,-22.2818202972,11.1319408417,-0.206738561392,15.8992891312,29.7942008972,113.955551147,10.2251014709,10.5676717758],[-145.352554321,-113.558250427,27.0218677521,-19.5751686096,-38.6110038757,-3.83802676201,-0.0131019251421,3.49447727203,-13.0562467575,6.61979818344,10.2251014709,90.0134277344,24.0746269226],[-215.890640259,-21.7751693726,-15.6246843338,-17.8382072449,-61.4814682007,-38.2507171631,-9.70658111572,-15.80701828,2.02709913254,-12.8947019577,10.5676717758,24.0746269226,100.238647461]],"icov":[[0.000445303827291,-0.00130220747087,0.00103592628147,-0.00120722339489,0.00136448384728,-0.00102527043782,0.00124792824499,-0.00102038332261,0.00150333787315,-0.00147652393207,0.0012265604455,-0.000972613401245,0.000912384246476],[-0.00130220747087,0.00486837187782,-0.00282120704651,0.0040055885911,-0.0046958681196,0.00265488913283,-0.00371712981723,0.00389344338328,-0.00459124194458,0.0053184251301,-0.00411988561973,0.00386512978002,-0.00280405464582],[0.00103592628147,-0.00282120704651,0.00422561448067,-0.00292111956514,0.00252375262789,-0.00328017002903,0.00133958575316,-0.00187810603529,0.00386800174601,-0.00311528053135,0.00338357454166,-0.00283157755621,0.00173129653558],[-0.00120722339489,0.0040055885911,-0.00292111956514,0.00602829456329,-0.00392857100815,0.00113595230505,-0.00316918129101,0.00311669008806,-0.0039933566004,0.00482416525483,-0.00167294091079,0.00356030929834,-0.00288138398901],[0.00136448384728,-0.0046958681196,0.00252375262789,-0.00392857100815,0.00748041365296,-0.00125503842719,0.00296873413026,-0.00562486611307,0.00334866531193,-0.00363031588495,0.00366858905181,-0.00293498346582,0.00490604154766],[-0.00102527043782,0.00265488913283,-0.00328017002903,0.00113595230505,-0.00125503842719,0.0119707603008,-0.00526933791116,0.0015559180174,-0.00437589129433,0.00264569721185,-0.00259973458014,0.00180432526395,0.00186227960512],[0.00124792824499,-0.00371712981723,0.00133958575316,-0.00316918129101,0.00296873413026,-0.00526933791116,0.0132212489843,-0.00426588440314,0.0029988666065,-0.00428466871381,0.00191595288925,-0.00247801980004,0.00172411638778],[-0.00102038332261,0.00389344338328,-0.00187810603529,0.00311669008806,-0.00562486611307,0.0015559180174,-0.00426588440314,0.0156270563602,-0.00238916859962,0.000053339623264,-0.0019469158724,0.00198758207262,-0.0021120053716],[0.00150333787315,-0.00459124194458,0.00386800174601,-0.0039933566004,0.00334866531193,-0.00437589129433,0.0029988666065,-0.00238916859962,0.0160743966699,-0.00853159930557,0.00402746349573,-0.00182280119043,0.00102108321153],[-0.00147652393207,0.0053184251301,-0.00311528053135,0.00482416525483,-0.00363031588495,0.00264569721185,-0.00428466871381,0.000053339623264,-0.00853159930557,0.0184525158256,-0.00734836841002,0.0033026789315,-0.000747656798922],[0.0012265604455,-0.00411988561973,0.00338357454166,-0.00167294091079,0.00366858905181,-0.00259973458014,0.00191595288925,-0.0019469158724,0.00402746349573,-0.00734836841002,0.0156614575535,-0.00409149564803,0.00141786318272],[-0.000972613401245,0.00386512978002,-0.00283157755621,0.00356030929834,-0.00293498346582,0.00180432526395,-0.00247801980004,0.00198758207262,-0.00182280119043,0.0033026789315,-0.00409149564803,0.0160941909999,-0.00507344165817],[0.000912384246476,-0.00280405464582,0.00173129653558,-0.00288138398901,0.00490604154766,0.00186227960512,0.00172411638778,-0.0021120053716,0.00102108321153,-0.000747656798922,0.00141786318272,-0.00507344165817,0.0155950896442]],"mean":[-82.41847229,152.394638062,-117.606765747,-2.48835706711,-51.0638427734,1.09651887417,-39.6951332092,-5.65596961975,-13.8044862747,1.83834552765,-5.96974229813,-4.8118314743,-7.60722303391]},"hfc":{"dmean":2.97996854782,"dmean2":3.84896945953,"dvar":27.4251842499,"dvar2":54.03956604,"max":122.624328613,"mean":13.9453010559,"median":10.1956520081,"min":1.07583342079e-16,"var":149.685974121},"melbands":{"dmean":[0.000172618791112,0.000297506776405,0.00027864027652,0.000272523873718,0.000178523827344,0.000248631928116,0.000221129870624,0.000185944591067,0.000101073921542,0.0000599316626904,0.0000403881131206,0.0000359495206794,0.0000344159343513,0.0000327657835442,0.0000328040441673,0.0000263734764303,0.0000161900279636,0.0000135694272103,0.0000111942099466,0.00000601786450716,0.00000437925200458,0.00000376238631361,0.00000236439495893,0.00000188589422123,0.00000195759912458,0.00000125739268242,9.80501795311e-7,5.96715381107e-7,4.51911432719e-7,6.20412322405e-7,4.68209776727e-7,3.34087388865e-7,3.87820023207e-7,3.77379990368e-7,2.27647305451e-7,1.86176279726e-7,1.31557925442e-7,9.82611254585e-8,7.30599651888e-8,4.04151982991e-8],"dmean2":[0.000263806548901,0.000449234677944,0.000439717667177,0.000435808120528,0.000285636720946,0.000401399127441,0.000293081888231,0.000232643738855,0.000126032027765,0.00007648319297,0.0000521944457432,0.0000474728658446,0.0000483625590277,0.0000449255858257,0.0000418870549765,0.0000356014897989,0.0000225513267651,0.0000189299826161,0.0000145450403579,0.00000841519977257,0.00000639710697214,0.00000579984634896,0.00000393947539123,0.00000306135439132,0.00000267247696684,0.00000202397222893,0.00000156195801537,9.16795045214e-7,7.1603926699e-7,9.75237526291e-7,7.23586026652e-7,5.10201402903e-7,5.99332338425e-7,5.79025368097e-7,3.54121027613e-7,2.91382377782e-7,2.12013731016e-7,1.54362254534e-7,1.19359597761e-7,6.25914111652e-8],"dvar":[4.62129065681e-7,8.41858422973e-7,8.60855379869e-7,3.78704328341e-7,7.5065862859e-8,2.75006783568e-7,2.02706218033e-7,2.07864033541e-7,8.73570797921e-8,4.58915145884e-8,1.66117377631e-8,7.82102294039e-9,1.19234453422e-8,9.63625534922e-9,1.23050831746e-8,8.99697916168e-9,2.69695221711e-9,1.58134128014e-9,1.09811326698e-9,2.63246036081e-10,1.73313030594e-10,1.95731292285e-10,1.56255050565e-10,7.15974432519e-11,3.65848289163e-11,2.05110962936e-11,1.55908029542e-11,6.07780102288e-12,2.97035161224e-12,3.16602364984e-12,2.03804746517e-12,3.16594645465e-12,6.41494019363e-12,5.00130926256e-12,5.0434999059e-12,3.74183453319e-12,1.02140312267e-12,8.11367141008e-13,2.48215890116e-13,2.55561021022e-14],"dvar2":[0.00000101423813703,0.00000181091149898,0.00000218304376176,0.00000101913860817,1.96082339698e-7,7.62016782119e-7,3.71265969079e-7,3.24487160697e-7,1.33375749556e-7,7.29164142399e-8,2.31921326588e-8,1.45902214754e-8,2.42889690583e-8,1.76637122706e-8,1.66198770302e-8,1.48297676361e-8,4.74351447011e-9,2.79441825235e-9,1.72035730106e-9,5.13511289046e-10,3.84465626002e-10,4.81560791243e-10,4.10779604776e-10,1.92844754054e-10,7.68747079882e-11,5.24673395008e-11,3.94614965704e-11,1.43915651965e-11,7.44245810813e-12,7.36663161027e-12,4.59401093555e-12,7.04740345941e-12,1.61987576131e-11,8.9319914312e-12,1.21531422079e-11,8.99819975475e-12,2.18495078801e-12,1.51558290657e-12,4.99331858413e-13,5.23516200822e-14],"max":[0.010369583033,0.0207526665181,0.0162121448666,0.0141848102212,0.00864658039063,0.0134339872748,0.0114233130589,0.0119548616931,0.00994370505214,0.00976405851543,0.00845173932612,0.00230824318714,0.00558216497302,0.00292418547906,0.00510405795649,0.00536091672257,0.00251666922122,0.00151017995086,0.00118863477837,0.000593761913478,0.000455767149106,0.000228985431022,0.000290876982035,0.00018251943402,0.00010019155161,0.0000791494749137,0.000103696882434,0.0000679097429384,0.000046578450565,0.0000412137014791,0.0000515084866493,0.000152279200847,0.000205300792004,0.000115302384074,0.000114045033115,0.00010169945017,0.0000561151027796,0.0000644990577712,0.0000311442745442,0.00000755877226766],"mean":[0.000496785040013,0.000998840667307,0.000887204310857,0.00072226615157,0.000611069670413,0.000869563431479,0.00108234037179,0.000817640509922,0.000407762214309,0.000186398567166,0.000112502530101,0.0000921445607673,0.0000862758024596,0.0000864069443196,0.0000872855016496,0.0000634482930764,0.0000369705157937,0.0000349401561834,0.0000299864495901,0.0000142676599353,0.0000100494007711,0.00000603452235737,0.00000243112071985,0.00000242363262259,0.00000342690077559,0.0000017913080228,0.00000129310626562,8.58422595229e-7,6.72345151997e-7,8.64021899361e-7,6.30811314295e-7,4.46291835488e-7,5.03787646267e-7,5.28695693447e-7,3.2246660453e-7,1.97633539756e-7,1.43482665749e-7,1.16799448335e-7,8.28455739565e-8,5.12397946295e-8],"median":[0.000206726836041,0.00041412000428,0.000324953289237,0.000494701380376,0.000427687773481,0.000384694401873,0.000333141040755,0.000207173259696,0.0000741627154639,0.0000550183722225,0.0000313471209665,0.0000288012088276,0.0000248623910011,0.0000187131336133,0.0000218027907977,0.0000195102948055,0.00000842866666062,0.0000120953736769,0.00000937581444305,0.00000423213941758,0.00000330530588144,0.00000154741974256,5.58361023195e-7,5.74742557546e-7,8.46563864343e-7,5.77877301566e-7,2.18861359258e-7,1.35921368383e-7,1.39519556797e-7,1.19532074905e-7,5.09850153207e-8,4.84154085711e-8,6.30569658711e-8,4.11363316744e-8,3.19657473824e-8,2.5696390793e-8,1.69019589435e-8,1.70355143325e-8,1.12145697173e-8,9.2405736396e-9],"min":[1.15451736049e-24,1.14411100325e-24,1.39751422804e-24,1.53898765531e-24,1.3388904243e-24,1.63426854342e-24,2.30547478893e-24,1.30755489699e-24,1.42079075234e-24,1.07324999472e-24,1.78831572327e-24,2.32412641896e-24,2.90361318753e-24,1.29611128627e-24,3.5361680097e-24,2.51080364686e-24,2.35134606449e-24,4.33841549005e-24,2.25285125845e-24,3.36492208439e-24,3.58634863517e-24,3.28721396042e-24,3.66423287234e-24,4.75976739877e-24,4.54567567669e-24,3.47764123585e-24,4.64967594299e-24,4.50899127802e-24,3.91694564662e-24,5.03128385602e-24,4.93563959886e-24,5.60696299021e-24,5.59155338129e-24,4.9261125257e-24,4.93402835046e-24,5.16877678977e-24,5.09606077482e-24,5.02388434073e-24,6.36807571309e-24,5.2685874158e-24],"var":[7.56408951474e-7,0.00000256425005318,0.00000219729554374,7.2897063319e-7,5.38944505024e-7,0.00000168123506228,0.00000294791698252,0.00000281177131001,0.00000101669525066,3.47120732158e-7,1.03206929225e-7,3.48022091146e-8,5.87656394657e-8,3.9588073264e-8,6.4825350421e-8,2.9234186627e-8,1.16331433375e-8,7.34781746559e-9,4.48474501979e-9,9.59692103564e-10,5.53849133222e-10,2.40765823944e-10,1.17647253051e-10,6.12725356564e-11,7.03881744557e-11,2.09628842063e-11,1.71683396666e-11,8.00427692876e-12,3.99092391079e-12,4.8825613691e-12,3.57697291925e-12,8.28722073604e-12,1.30322324113e-11,9.38073924095e-12,5.09232716758e-12,3.48158893208e-12,1.3184904557e-12,1.06675031222e-12,3.12059541619e-13,4.39456312323e-14]},"melbands_crest":{"dmean":1.65557694435,"dmean2":2.56721019745,"dvar":3.77794957161,"dvar2":9.15126800537,"max":35.5175437927,"mean":14.1337537766,"median":13.1672897339,"min":1.48437869549,"var":30.2632732391},"melbands_flatness_db":{"dmean":0.0211407486349,"dmean2":0.0277531314641,"dvar":0.000966701481957,"dvar2":0.00175844028126,"max":0.515922307968,"mean":0.29005381465,"median":0.296673178673,"min":0.00279170065187,"var":0.00594503013417},"melbands_kurtosis":{"dmean":2.41384387016,"dmean2":3.65001392365,"dvar":22.119972229,"dvar2":53.2056541443,"max":201.09085083,"mean":6.89718866348,"median":5.15763664246,"min":-1.45326054096,"var":50.1316108704},"melbands_skewness":{"dmean":0.310555189848,"dmean2":0.465047359467,"dvar":0.175999253988,"dvar2":0.401531845331,"max":12.5399446487,"mean":1.78178095818,"median":1.65396106243,"min":-0.96627497673,"var":0.939192056656},"melbands_spread":{"dmean":2.43640708923,"dmean2":3.56339073181,"dvar":26.5842037201,"dvar2":56.484588623,"max":186.170074463,"mean":13.988117218,"median":9.7826089859,"min":1.45873856544,"var":306.264587402},"mfcc":{"cov":[[9185.1484375,54.3260002136,201.906265259,375.633300781,-420.815643311,295.922973633,-196.802230835,-110.565551758,-100.444335938,-43.4346847534,-143.703384399,-63.5921974182,-22.4108314514],[54.3260002136,2318.61523438,-227.518051147,-96.5106811523,319.095092773,-20.3529167175,90.7102127075,15.3671951294,-34.8577384949,-15.3533420563,75.6646499634,20.9241161346,14.5540676117],[201.906265259,-227.518051147,567.457092285,101.292022705,-92.4871368408,116.724884033,32.852596283,51.4309272766,31.9193115234,-25.1227874756,-45.1676826477,-5.92264175415,-19.1563930511],[375.633300781,-96.5106811523,101.292022705,314.101959229,85.0177688599,82.9411849976,33.9702110291,48.7148513794,53.5602607727,14.2694101334,-20.3025722504,-15.5376005173,-36.7652053833],[-420.815643311,319.095092773,-92.4871368408,85.0177688599,291.098693848,24.5167045593,50.1545600891,48.3443374634,18.6993904114,31.5318717957,39.4575233459,-3.73496842384,-23.4082221985],[295.922973633,-20.3529167175,116.724884033,82.9411849976,24.5167045593,165.581985474,21.4421958923,44.4488677979,36.2805252075,-6.08892583847,12.0387105942,24.4377422333,-3.96469664574],[-196.802230835,90.7102127075,32.852596283,33.9702110291,50.1545600891,21.4421958923,143.669708252,47.4706192017,9.46394443512,8.54329967499,34.9208717346,18.2175292969,-9.78400611877],[-110.565551758,15.3671951294,51.4309272766,48.7148513794,48.3443374634,44.4488677979,47.4706192017,117.38331604,25.500705719,-11.7956600189,10.6706628799,-4.01154947281,-6.12238693237],[-100.444335938,-34.8577384949,31.9193115234,53.5602607727,18.6993904114,36.2805252075,9.46394443512,25.500705719,99.7981262207,25.0840930939,-3.12960934639,16.3299732208,-3.694876194],[-43.4346847534,-15.3533420563,-25.1227874756,14.2694101334,31.5318717957,-6.08892583847,8.54329967499,-11.7956600189,25.0840930939,84.8653564453,38.2740211487,11.727025032,4.07878684998],[-143.703384399,75.6646499634,-45.1676826477,-20.3025722504,39.4575233459,12.0387105942,34.9208717346,10.6706628799,-3.12960934639,38.2740211487,114.961296082,47.0647621155,4.66266965866],[-63.5921974182,20.9241161346,-5.92264175415,-15.5376005173,-3.73496842384,24.4377422333,18.2175292969,-4.01154947281,16.3299732208,11.727025032,47.0647621155,91.2442398071,25.1434421539],[-22.4108314514,14.5540676117,-19.1563930511,-36.7652053833,-23.4082221985,-3.96469664574,-9.78400611877,-6.12238693237,-3.694876194,4.07878684998,4.66266965866,25.1434421539,64.1126327515]],"icov":[[0.000163452670677,-0.0000798021501396,0.0000893261603778,-0.000314403499942,0.000430165207945,-0.000413658737671,0.000179029957508,0.0000507172881044,0.000377058720915,-0.000237383515923,0.000140519987326,0.0000438034294348,0.0000947236258071],[-0.0000798021501396,0.000607674242929,0.0000100970091808,0.000446938327514,-0.000946132291574,0.000179623966687,-0.000370242545614,0.000238438558881,-0.000205352000194,0.00060753984144,-0.000235490224441,0.0000497332948726,-0.000327460496919],[0.0000893261603778,0.0000100970091808,0.00260323169641,-0.000568697345443,0.00140054128133,-0.00181814259849,-0.000558128580451,-0.000661613594275,0.000346613320289,-0.000396583229303,0.00108251255006,-0.00000335398272,0.000699000898749],[-0.000314403499942,0.000446938327514,-0.000568697345443,0.00548110064119,-0.00230926787481,-0.000864883186296,-0.000880836159922,-0.000419086107286,-0.00182101828977,-0.000443138298579,0.00118621159345,0.000245970673859,0.00143128703348],[0.000430165207945,-0.000946132291574,0.00140054128133,-0.00230926787481,0.00702935876325,-0.00167764676735,-0.0000481654169562,-0.00176940404344,0.00125327648129,-0.00257837772369,-0.000178658243385,0.000597354141064,0.00176079315133],[-0.000413658737671,0.000179623966687,-0.00181814259849,-0.000864883186296,-0.00167764676735,0.01031755656,0.000274871155852,-0.00168299989309,-0.00268890149891,0.00252271490172,-0.00190193054732,-0.00224866345525,-0.000613113224972],[0.000179029957508,-0.000370242545614,-0.000558128580451,-0.000880836159922,-0.0000481654169562,0.000274871155852,0.00951355788857,-0.00325691793114,0.00105225481093,-0.000810911995359,-0.00152684643399,-0.00181885890197,0.00155156385154],[0.0000507172881044,0.000238438558881,-0.000661613594275,-0.000419086107286,-0.00176940404344,-0.00168299989309,-0.00325691793114,0.0131563525647,-0.00343569926918,0.00455159321427,-0.00285874237306,0.00356876337901,-0.00214443309233],[0.000377058720915,-0.000205352000194,0.000346613320289,-0.00182101828977,0.00125327648129,-0.00268890149891,0.00105225481093,-0.00343569926918,0.015382505022,-0.00682910997421,0.00469708209857,-0.00443917466328,0.00208183098584],[-0.000237383515923,0.00060753984144,-0.000396583229303,-0.000443138298579,-0.00257837772369,0.00252271490172,-0.000810911995359,0.00455159321427,-0.00682910997421,0.0189943499863,-0.00810734555125,0.00303942756727,-0.00327234296128],[0.000140519987326,-0.000235490224441,0.00108251255006,0.00118621159345,-0.000178658243385,-0.00190193054732,-0.00152684643399,-0.00285874237306,0.00469708209857,-0.00810734555125,0.0167045816779,-0.008191883564,0.00320168863982],[0.0000438034294348,0.0000497332948726,-0.00000335398272,0.000245970673859,0.000597354141064,-0.00224866345525,-0.00181885890197,0.00356876337901,-0.00443917466328,0.00303942756727,-0.008191883564,0.0186978019774,-0.00689992401749],[0.0000947236258071,-0.000327460496919,0.000699000898749,0.00143128703348,0.00176079315133,-0.000613113224972,0.00155156385154,-0.00214443309233,0.00208183098584,-0.00327234296128,0.00320168863982,-0.00689992401749,0.0201728884131]],"mean":[-719.038879395,188.674362183,-7.07435083389,4.46814727783,2.99902415276,2.84570646286,-10.2710866928,-7.72585391998,-7.87381601334,0.582367360592,0.00837877579033,-1.1372243166,3.07957935333]},"pitch_salience":{"dmean":0.0431274622679,"dmean2":0.0672763064504,"dvar":0.00212296331301,"dvar2":0.0053106280975,"max":0.943467199802,"mean":0.542036473751,"median":0.539416253567,"min":0.116750739515,"var":0.0121980533004},"silence_rate_20dB":{"dmean":0,"dmean2":0,"dvar":0,"dvar2":0,"max":1,"mean":1,"median":1,"min":1,"var":0},"silence_rate_30dB":{"dmean":0.000766871147789,"dmean2":0.00153393833898,"dvar":0.000766222481616,"dvar2":0.00178706203587,"max":1,"mean":0.999361038208,"median":1,"min":0,"var":0.000638601311948},"silence_rate_60dB":{"dmean":0.0117586916313,"dmean2":0.0235203877091,"dvar":0.0116195259616,"dvar2":0.0244985260069,"max":1,"mean":0.0601916946471,"median":0,"min":0,"var":0.0565632656217},"spectral_centroid":{"dmean":92.5744018555,"dmean2":134.175918579,"dvar":54095.2148438,"dvar2":113228.0625,"max":12174.3115234,"mean":839.335021973,"median":581.536315918,"min":192.339813232,"var":1863675.625},"spectral_complexity":{"dmean":1.86068511009,"dmean2":2.85568189621,"dvar":10.3445529938,"dvar2":20.207113266,"max":49,"mean":12.967795372,"median":13,"min":0,"var":29.0872688293},"spectral_contrast_coeffs":{"dmean":[0.0318470299244,0.0338169038296,0.0295287556946,0.0279331952333,0.0204244051129,0.0151455225423],"dmean2":[0.0516773276031,0.0539021492004,0.0458793975413,0.0432415828109,0.0319478139281,0.022719964385],"dvar":[0.000868853123393,0.00120893248823,0.00084385444643,0.000789254438132,0.000420109252445,0.000263547088252],"dvar2":[0.00223367195576,0.00294463778846,0.0018966376083,0.00178818276618,0.000951762718614,0.000491696060635],"max":[-0.320745229721,-0.326684713364,-0.418885171413,-0.497078686953,-0.593629539013,-0.60754019022],"mean":[-0.617399871349,-0.621625125408,-0.702711582184,-0.707017719746,-0.777189910412,-0.788304388523],"median":[-0.611358880997,-0.616667985916,-0.701916098595,-0.700367867947,-0.783614397049,-0.789427399635],"min":[-0.976879477501,-0.980626285076,-0.977498531342,-0.973735272884,-0.967233717442,-0.965432107449],"var":[0.00870248209685,0.00905365031213,0.00565128354356,0.00506560644135,0.00319508137181,0.00266287918203]},"spectral_contrast_valleys":{"dmean":[0.274725914001,0.28310123086,0.286704152822,0.304252773523,0.325580984354,0.34332343936],"dmean2":[0.45202806592,0.444238245487,0.442753762007,0.4666043818,0.440045684576,0.445076912642],"dvar":[0.125396966934,0.132774218917,0.131195425987,0.160811468959,0.220315620303,0.288761258125],"dvar2":[0.264253407717,0.272572726011,0.251033335924,0.312576591969,0.387711286545,0.555990755558],"max":[-5.31518936157,-5.00150251389,-5.2272939682,-5.89345932007,-5.82285451889,-7.7890920639],"mean":[-7.88236188889,-7.28267335892,-8.21480751038,-8.85671138763,-9.35022735596,-11.9373807907],"median":[-7.3566031456,-6.8221783638,-7.80163288116,-8.45083332062,-8.88384246826,-11.6706018448],"min":[-28.2716503143,-28.0045013428,-27.7998981476,-27.735912323,-27.4910449982,-27.4598865509],"var":[7.54719018936,7.53931570053,6.93134069443,6.55193042755,6.51826906204,5.08102464676]},"spectral_decrease":{"dmean":1.16922305171e-9,"dmean2":1.58971691366e-9,"dvar":3.55170096489e-18,"dvar2":7.07539442141e-18,"max":2.17760493247e-28,"mean":-6.84948009422e-9,"median":-5.96192739621e-9,"min":-3.30012461802e-8,"var":2.40594861389e-17},"spectral_energy":{"dmean":0.0046439957805,"dmean2":0.00628776941448,"dvar":0.0000547714262211,"dvar2":0.000108663582068,"max":0.128484725952,"mean":0.0271162986755,"median":0.0235796254128,"min":9.8438491472e-21,"var":0.000377345422748},"spectral_energyband_high":{"dmean":0.0000761350238463,"dmean2":0.000112898655061,"dvar":1.01052293644e-7,"dvar2":1.99311671167e-7,"max":0.0158236492425,"mean":0.000110357250378,"median":0.0000178182144737,"min":7.06735845223e-21,"var":1.81272852728e-7},"spectral_energyband_low":{"dmean":0.00137614330743,"dmean2":0.00198600697331,"dvar":0.0000177171950781,"dvar2":0.0000348120120179,"max":0.0817126482725,"mean":0.00524348160252,"median":0.00211540749297,"min":1.55027718178e-23,"var":0.0000667544591124},"spectral_energyband_middle_high":{"dmean":0.00115632754751,"dmean2":0.00150859134737,"dvar":0.00000508923722009,"dvar2":0.000010199013559,"max":0.0650990754366,"mean":0.00389800220728,"median":0.00216333917342,"min":1.11295020863e-21,"var":0.0000241905672738},"spectral_energyband_middle_low":{"dmean":0.00342852575704,"dmean2":0.00489971786737,"dvar":0.0000276471273537,"dvar2":0.0000638551136944,"max":0.088383063674,"mean":0.0189681705087,"median":0.0158188939095,"min":1.5071143418e-22,"var":0.000207160090213},"spectral_entropy":{"dmean":0.187960162759,"dmean2":0.253403097391,"dvar":0.0748858228326,"dvar2":0.146558567882,"max":9.83126544952,"mean":6.60095119476,"median":6.49053144455,"min":4.68262386322,"var":0.445191711187},"spectral_flux":{"dmean":0.016116714105,"dmean2":0.0248470939696,"dvar":0.00056185037829,"dvar2":0.00125443853904,"max":0.270787060261,"mean":0.0440463908017,"median":0.0346477031708,"min":6.29591517809e-11,"var":0.00139847467653},"spectral_kurtosis":{"dmean":6.70828008652,"dmean2":11.0287752151,"dvar":56.5569229126,"dvar2":138.955429077,"max":106.584060669,"mean":18.2764530182,"median":14.9050807953,"min":-1.26094591618,"var":195.319671631},"spectral_rms":{"dmean":0.00041964664706,"dmean2":0.000560007116292,"dvar":3.59444385367e-7,"dvar2":6.69511337037e-7,"max":0.0111960237846,"mean":0.00474709738046,"median":0.00479630194604,"min":3.09899263369e-12,"var":0.00000391993444282},"spectral_rolloff":{"dmean":149.375061035,"dmean2":246.317779541,"dvar":185049.546875,"dvar2":371007.09375,"max":19789.0136719,"mean":1103.72558594,"median":645.99609375,"min":21.533203125,"var":5551376},"spectral_skewness":{"dmean":0.524723827839,"dmean2":0.843575775623,"dvar":0.300693064928,"dvar2":0.710670650005,"max":8.52095222473,"mean":2.99114394188,"median":2.90924263,"min":-0.0937263071537,"var":1.33084142208},"spectral_spread":{"dmean":489075,"dmean2":716775.75,"dvar":868739186688,"dvar2":1938015649790,"max":50355016,"mean":3313104.75,"median":2405288,"min":889401,"var":24756162134000},"spectral_strongpeak":{"dmean":0.309769064188,"dmean2":0.481283515692,"dvar":0.334994882345,"dvar2":0.724506556988,"max":12.3338375092,"mean":1.47134435177,"median":1.07433104515,"min":0,"var":1.72383999825},"zerocrossingrate":{"dmean":0.00432095210999,"dmean2":0.00530306017026,"dvar":0.0000692072862876,"dvar2":0.000105575752968,"max":0.53759765625,"mean":0.0386134050786,"median":0.02783203125,"min":0.00048828125,"var":0.00385184516199}},"metadata":{"audio_properties":{"analysis_sample_rate":44100,"bit_rate":0,"codec":"flac","downmix":"mix","equal_loudness":0,"length":181.653335571,"lossless":true,"md5_encoded":"9dcb1311cbed3769e5fba6c82abb5a05","replay_gain":-8.94003868103},"tags":{"album":["Chicago IX: Chicago's Greatest Hits"],"albumartist":["Chicago"],"albumartistsort":["Chicago"],"albumsort":["Chicago IX: Chicago's Greatest Hits (2005, Chicago, 7532b031-a30c-33ca-a25b-f13c152111ff)"],"artist":["Chicago"],"artists":["Chicago"],"artistsort":["Chicago"],"asin":["B000AYEI90"],"barcode":["081227322922"],"catalognumber":["R2 73229"],"date":["2005"],"discnumber":["1"],"disctotal":["1"],"file_name":"03 - Chicago - Colour My World.flac","genre":["Rock"],"isrc":["USRH10286719"],"label":["Rhino"],"media":["CD"],"musicbrainz_albumartistid":["3f5be744-e867-42fb-8913-5fd69e4099b5"],"musicbrainz_albumid":["7532b031-a30c-33ca-a25b-f13c152111ff"],"musicbrainz_artistid":["3f5be744-e867-42fb-8913-5fd69e4099b5"],"musicbrainz_recordingid":["283e549a-a53b-4ee3-a0a9-192f4bb2287b"],"musicbrainz_releasegroupid":["31f18c8c-d86d-3e50-a410-f2c117a9640c"],"musicbrainz_releasetrackid":["29d89bb2-e03a-3ae4-a4bc-da065c29acc8"],"musicip_puid":["78c87678-4113-cdeb-68ab-8a5f54e39cac"],"originaldate":["1975-11-10"],"releasecountry":["US"],"releasestatus":["official"],"releasetype":["album","compilation"],"replaygain_album_gain":["-3.92 dB"],"replaygain_album_peak":["0.98443604"],"replaygain_track_gain":["-3.16 dB"],"replaygain_track_peak":["0.79437256"],"script":["Latn"],"title":["Colour My World"],"totaldiscs":["1"],"totaltracks":["11"],"tracknumber":["3"],"tracktotal":["11"]},"version":{"essentia":"2.1-beta1","essentia_build_sha":"5a55991247aa8bc5301991e5ebe36927b56abb96","essentia_git_sha":"v2.1_beta1-6-g5578087","extractor":"music 1.0"}},"rhythm":{"beats_count":477,"beats_loudness":{"dm