{"lowlevel":{"average_loudness":0.91914910078,"barkbands":{"dmean":[0.0050640637055,0.00725342938676,0.00232976255938,0.00119399465621,0.00144640158396,0.00309879635461,0.00088812893955,0.000563647539821,0.000640084035695,0.000752583087888,0.000732215296011,0.0011241605971,0.000740695046261,0.000421453238232,0.000258241692791,0.000152378939674,0.000174881410203,0.000155338362674,0.0000890447481652,0.0000749166210881,0.0000686045386828,0.0000303672368318,0.0000165997826116,0.00000658333556203,0.00000224734526455,0.0000120136364785,0.000202886716579],"dmean2":[0.00886862538755,0.0125687560067,0.00402372796088,0.00198628543876,0.00241617788561,0.0046480987221,0.00143179635052,0.000934927840717,0.00104022782762,0.00124159408733,0.00120594259351,0.00190141086932,0.00126688054297,0.000714342459105,0.000438150862465,0.000256835483015,0.000294605793897,0.000254876824329,0.000145310768858,0.000113363385026,0.000100329009001,0.0000437813214376,0.0000245407536568,0.0000100467914308,0.00000368642599824,0.0000176871963049,0.000328855734551],"dvar":[0.000114626796858,0.000185720084119,0.0000212764025491,0.00000806463231129,0.00000681956680637,0.0000425567632192,0.00000238185339185,0.00000129674424443,0.00000195437360162,0.00000226476640819,0.00000238219558923,0.00000243568479164,0.00000123253755646,4.11422291791e-7,1.4045834007e-7,5.42370557355e-8,6.30406731261e-8,5.41024185452e-8,2.61634571785e-8,5.78072274493e-8,1.1361357366e-7,2.19398277324e-8,2.41515296651e-9,1.34509112182e-10,1.4140321726e-11,1.13212117459e-9,1.87379839645e-7],"dvar2":[0.000300485437037,0.000509827164933,0.0000587447138969,0.0000203192066692,0.0000177638521563,0.0000913155163289,0.0000057490456129,0.00000315406055051,0.00000481742472402,0.0000058580503719,0.00000598550150244,0.0000065804388214,0.0000032760231079,0.0000011259993471,3.82362514983e-7,1.41649607599e-7,1.72391295905e-7,1.34507601501e-7,6.33164063402e-8,1.08913255303e-7,2.11676265849e-7,3.98811863533e-8,4.68172833834e-9,2.91285440213e-10,3.54143450676e-11,2.38661734819e-9,3.78503045795e-7],"max":[0.102202549577,0.129889905453,0.0742160305381,0.0578137896955,0.052226152271,0.12190362066,0.0325779542327,0.0283515639603,0.0429683104157,0.0364929884672,0.0438647381961,0.0270324293524,0.0302764605731,0.0137521717697,0.00909715332091,0.00557792698964,0.00418369332328,0.00598186021671,0.00480106472969,0.00945771485567,0.0122894700617,0.00742318760604,0.00251304334961,0.000262840214418,0.0000487370089104,0.00232337927446,0.021487005055],"mean":[0.00417895335704,0.00743966875598,0.00276290765032,0.00137531920336,0.00214486103505,0.00598823558539,0.00144031271338,0.000795462052338,0.000947345106397,0.00107982230838,0.00106131203938,0.00191778375302,0.0013149358565,0.000781634647865,0.000466759433039,0.000272938836133,0.000321106781485,0.000288184179226,0.000171229039552,0.000147224171087,0.000135927897645,0.0000617608384346,0.0000349754445779,0.0000116688979688,0.00000231136095863,0.0000252962108789,0.000677592528518],"median":[0.00107379152905,0.00336312688887,0.00135230598971,0.000478835194372,0.00131354178302,0.00139196345117,0.000708576932084,0.000350586313289,0.000459660543129,0.000502888287883,0.000462297117338,0.00135827437043,0.00086297490634,0.000481973256683,0.000296951795463,0.000188709207578,0.00019980838988,0.00018843577709,0.000116932118544,0.0000802335707704,0.00005828790745,0.0000292972999887,0.0000137010447361,0.0000045731812861,9.24422010939e-7,0.00000907822322915,0.000620648846962],"min":[2.13798534037e-23,5.56607317405e-23,2.56441625115e-23,1.46148157834e-23,9.50099719736e-23,1.33325271151e-23,1.06625153631e-23,3.78689048791e-23,2.78271536286e-23,1.49599493714e-22,7.51341229065e-23,1.26017803306e-22,1.11967408034e-22,1.2240169016e-22,7.97757489183e-23,3.0466472065e-22,1.83646654652e-22,2.37946550844e-22,1.93451817051e-22,2.52490167198e-22,4.15678225455e-22,6.43289486751e-22,6.92385463188e-22,7.4283641236e-22,1.05669798899e-21,1.57539082113e-21,2.5573181249e-21],"var":[0.0000891333038453,0.000147720231325,0.0000195457087102,0.00000934246691031,0.00000899404676602,0.000137561830343,0.00000584051304031,0.00000212574627767,0.0000028835095236,0.00000345847001881,0.00000393336586058,0.00000437987318946,0.00000256347675531,9.59193926064e-7,2.96487854712e-7,1.05785282756e-7,1.43711332612e-7,1.30761264927e-7,5.27026813302e-8,1.57306629944e-7,3.02517491946e-7,4.89213967114e-8,6.51809095586e-9,3.51172063651e-10,1.52476642423e-11,2.82226153558e-9,6.50925016998e-7]},"barkbands_crest":{"dmean":2.97970318794,"dmean2":4.89227867126,"dvar":6.13806009293,"dvar2":15.6823673248,"max":24.6583175659,"mean":9.90449333191,"median":9.05602264404,"min":2.40333390236,"var":19.3778533936},"barkbands_flatness_db":{"dmean":0.0261698029935,"dmean2":0.0419054962695,"dvar":0.000659254437778,"dvar2":0.00172243628185,"max":0.468841165304,"mean":0.136523663998,"median":0.121709145606,"min":0.0296562276781,"var":0.00408180430532},"barkbands_kurtosis":{"dmean":4.39932775497,"dmean2":7.25081825256,"dvar":127.196029663,"dvar2":341.724151611,"max":332.308807373,"mean":7.70883083344,"median":3.30289125443,"min":-1.81042861938,"var":301.990325928},"barkbands_skewness":{"dmean":0.629042625427,"dmean2":1.01763188839,"dvar":0.483507722616,"dvar2":1.25087893009,"max":15.8840265274,"mean":1.86657810211,"median":1.62124967575,"min":-1.91842901707,"var":1.71111404896},"barkbands_spread":{"dmean":6.18003225327,"dmean2":9.75943279266,"dvar":40.6178817749,"dvar2":93.4453048706,"max":96.2478408813,"mean":25.5013027191,"median":25.0648231506,"min":0.471700578928,"var":178.354888916},"dissonance":{"dmean":0.018398437649,"dmean2":0.0314793437719,"dvar":0.000488740741275,"dvar2":0.00140954402741,"max":0.500000238419,"mean":0.470704942942,"median":0.477928161621,"min":0.187557056546,"var":0.000797876622528},"dynamic_complexity":3.59785032272,"erbbands":{"dmean":[0.408868581057,0.981094121933,2.37361764908,3.39615726471,3.38910770416,5.75900936127,13.600030899,31.3941402435,14.3272104263,12.7017965317,11.38032341,14.8177080154,20.0493240356,20.5262546539,33.0236701965,43.8965415955,33.1795349121,19.2059860229,17.3354568481,9.56176662445,7.53807163239,9.55013656616,9.33447360992,5.00378990173,3.87905454636,3.48510909081,3.53142690659,2.09970569611,1.14082026482,0.672128140926,0.459220826626,0.227425009012,0.0684878975153,0.0256562288851,0.0160511229187,0.0131428400055,0.0276071447879,0.0225182808936,0.0142310587689,0.00510458508506],"dmean2":[0.720612466335,1.66910123825,4.10306739807,5.69282674789,5.58554363251,9.58794784546,21.630777359,46.671257019,22.3916606903,20.7366485596,18.9237308502,24.0726776123,33.292301178,33.4601211548,54.5747642517,74.7883224487,56.6335067749,32.5865440369,29.4177036285,16.0589027405,12.6854248047,16.0680847168,15.2782211304,8.23176860809,6.18279886246,5.2856464386,5.13116931915,3.03295493126,1.62932324409,0.986266851425,0.680312037468,0.33854714036,0.105902224779,0.0419918857515,0.0262460652739,0.0205183122307,0.0406005010009,0.0301951542497,0.0199931990355,0.00833361409605],"dvar":[0.705581665039,2.71674227715,20.0223388672,57.8293609619,65.9719390869,90.4127807617,740.203918457,5385.85693359,550.422119141,922.792602539,510.116363525,1263.10070801,1343.57714844,1504.45129395,3496.11889648,3641.43969727,2325.52832031,831.008605957,663.29876709,178.211883545,122.131256104,195.779464722,200.065048218,70.5947494507,67.3274917603,112.091140747,274.502685547,117.109306335,34.8577156067,4.85844373703,1.58862280846,0.223275631666,0.0116482377052,0.00181739160325,0.000704755424522,0.000376641284674,0.00500247022137,0.0108920959756,0.0116993589327,0.000041702103772],"dvar2":[1.95017373562,7.42969512939,54.6071395874,152.481536865,163.397598267,234.334091187,1758.49609375,11228.5292969,1225.87463379,2281.02905273,1285.01550293,3057.26489258,3533.58959961,3743.0456543,9013.68457031,9913.55859375,6230.30175781,2273.13500977,1820.21630859,470.613952637,321.615997314,533.500305176,499.401855469,187.072067261,150.177246094,208.313735962,487.155731201,235.67666626,64.86743927,8.70184707642,3.01454973221,0.454690515995,0.0256073176861,0.00454258685932,0.00176171783824,0.000855919264723,0.0102487914264,0.0157986748964,0.0218312181532,0.000104977545561],"max":[7.73447704315,20.9561424255,59.1849327087,152.079711914,268.638427734,191.29296875,440.378753662,1486.64794922,574.706054688,1025.94311523,427.221710205,1311.32873535,808.457214355,1003.06652832,1397.22741699,976.25402832,1379.90087891,742.58001709,608.690124512,263.376342773,226.963165283,245.871887207,367.971466064,163.956619263,229.927871704,374.763458252,759.557006836,404.465209961,288.214752197,100.153434753,60.9384803772,16.5859012604,3.82840657234,0.596175193787,0.351493626833,0.51762086153,3.90910315514,5.56583881378,6.35600948334,0.266537636518],"mean":[0.371345102787,1.11188304424,2.85718798637,4.28943777084,4.3836145401,8.61290645599,22.8528518677,60.5806465149,26.6336860657,18.8388938904,17.1771564484,21.836139679,30.2116603851,32.6350898743,55.3201675415,78.9805145264,63.8097076416,39.3505096436,33.9778327942,19.2425613403,14.6263160706,18.2358036041,17.5904541016,10.1382770538,7.73416280746,6.94062423706,6.77926874161,4.22179222107,2.31102347374,1.40437150002,0.960640728474,0.443619757891,0.106386102736,0.0284631624818,0.0171359889209,0.0196934826672,0.0567632466555,0.0558276250958,0.0378895662725,0.0248215943575],"median":[0.130856722593,0.571814775467,1.53838467598,2.09870862961,2.10569572449,5.16438674927,7.97381210327,12.7968578339,11.9305334091,9.15166664124,8.56341457367,10.6057796478,15.7692518234,15.93080616,31.0003471375,57.5298538208,43.9583358765,25.5943412781,20.7100505829,14.0897512436,10.2598304749,11.5999088287,11.7445468903,7.51844882965,5.1426320076,3.82683062553,2.91957998276,1.87985801697,1.08323407173,0.618757247925,0.369174897671,0.162929683924,0.0459196344018,0.0132375527173,0.00741023756564,0.00979491509497,0.0190396215767,0.0228204354644,0.0209871977568,0.0249426662922],"min":[1.15456308839e-21,1.39245015534e-20,3.91977046223e-20,3.17589856959e-20,2.568458616e-19,1.83717680003e-19,2.74769236963e-19,1.12220310832e-19,8.11094857696e-20,6.87257066579e-19,6.39094578811e-19,7.29481948513e-19,3.08387821611e-18,3.46685684266e-18,4.16667831746e-18,5.73613400218e-18,4.57447463713e-18,7.15307577992e-18,3.41849097186e-18,9.58289980414e-18,1.71519341084e-17,9.52191095039e-18,1.18841295031e-17,1.200678219e-17,1.06675594075e-17,1.06660018264e-17,1.15621519313e-17,2.25634456287e-17,2.43084592315e-17,1.80470576821e-17,1.76822015488e-17,1.58219285995e-17,1.4095162601e-17,1.05367225957e-17,8.84435573012e-18,4.93268644217e-18,3.12998815858e-18,1.37280062852e-18,3.13349095829e-19,3.68778378203e-20],"var":[0.511552751064,2.49049925804,18.4968338013,58.3444442749,77.692276001,147.71812439,1831.07958984,17579.4785156,1874.72412109,1314.13903809,859.46484375,1797.84765625,2076.16967773,2646.45703125,6657.92382812,6497.61914062,5294.24658203,2074.30175781,1666.23364258,384.388305664,257.444976807,449.561676025,482.048309326,130.522613525,150.9556427,314.347198486,742.603210449,281.323028564,78.7876434326,12.691283226,4.43143796921,0.634855568409,0.0253730434924,0.00200800062157,0.000773767125793,0.00072413100861,0.0130248181522,0.0376665107906,0.0333923436701,0.000238576976699]},"erbbands_crest":{"dmean":2.81904745102,"dmean2":4.63709115982,"dvar":6.35544919968,"dvar2":16.3339519501,"max":29.0033378601,"mean":9.63961696625,"median":8.47634315491,"min":2.62060761452,"var":18.9447250366},"erbbands_flatness_db":{"dmean":0.0226414874196,"dmean2":0.0354751236737,"dvar":0.000478437810671,"dvar2":0.00120431929827,"max":0.387005537748,"mean":0.158601030707,"median":0.152992457151,"min":0.0468199327588,"var":0.00168127240613},"erbbands_kurtosis":{"dmean":2.10411643982,"dmean2":3.52054786682,"dvar":42.2151145935,"dvar2":118.991264343,"max":147.758850098,"mean":2.65268826485,"median":0.470218896866,"min":-1.68566405773,"var":93.5398025513},"erbbands_skewness":{"dmean":0.39949503541,"dmean2":0.629727005959,"dvar":0.207621008158,"dvar2":0.544726848602,"max":9.10659122467,"mean":0.307978630066,"median":0.131592974067,"min":-4.26271867752,"var":1.2225921154},"erbbands_spread":{"dmean":5.42078638077,"dmean2":8.69981861115,"dvar":28.2439918518,"dvar2":69.4697875977,"max":102.738082886,"mean":24.6379451752,"median":24.3440113068,"min":0.970849394798,"var":110.379852295},"gfcc":{"cov":[[17931.6796875,-1400.1550293,-3408.13500977,-277.150054932,390.444061279,-67.3273620605,734.806091309,-263.237335205,121.217086792,-327.946258545,-170.164993286,157.668441772,-546.475952148],[-1400.1550293,791.161865234,217.828125,-202.464675903,164.797515869,21.2570915222,-40.5181274414,17.8250484467,-31.3099155426,8.86158084869,51.7948608398,-117.148277283,118.34274292],[-3408.13500977,217.828125,938.691162109,139.694763184,-124.109207153,99.9761962891,-209.331192017,92.1518707275,-41.5612297058,89.3232345581,24.1322174072,-19.1200695038,95.6524658203],[-277.150054932,-202.464675903,139.694763184,294.14956665,-36.1835670471,-31.835943222,30.3538265228,6.92013168335,17.3472270966,14.7196350098,-18.3376903534,44.6114006042,-34.1756896973],[390.444061279,164.797515869,-124.109207153,-36.1835670471,216.665267944,77.0269241333,69.7635726929,-16.9309272766,-6.72918891907,-25.1168823242,-3.71398591995,-50.7976760864,18.9077644348],[-67.3273620605,21.2570915222,99.9761962891,-31.835943222,77.0269241333,233.587875366,15.3865089417,56.5799446106,-27.6852378845,4.58378887177,-24.5618228912,-34.7377548218,22.8940868378],[734.806091309,-40.5181274414,-209.331192017,30.3538265228,69.7635726929,15.3865089417,209.304946899,-24.8659362793,24.513879776,-38.4759635925,-36.480091095,-8.90311527252,-34.4289550781],[-263.237335205,17.8250484467,92.1518707275,6.92013168335,-16.9309272766,56.5799446106,-24.8659362793,146.157119751,21.6773719788,29.8138484955,8.28745651245,-7.13250780106,18.4007778168],[121.217086792,-31.3099155426,-41.5612297058,17.3472270966,-6.72918891907,-27.6852378845,24.513879776,21.6773719788,117.528144836,40.8756637573,14.920627594,31.2845649719,-30.2675094604],[-327.946258545,8.86158084869,89.3232345581,14.7196350098,-25.1168823242,4.58378887177,-38.4759635925,29.8138484955,40.8756637573,86.3282012939,39.2327766418,10.9848060608,19.1143131256],[-170.164993286,51.7948608398,24.1322174072,-18.3376903534,-3.71398591995,-24.5618228912,-36.480091095,8.28745651245,14.920627594,39.2327766418,72.4703674316,36.0982398987,23.6209659576],[157.668441772,-117.148277283,-19.1200695038,44.6114006042,-50.7976760864,-34.7377548218,-8.90311527252,-7.13250780106,31.2845649719,10.9848060608,36.0982398987,96.1683120728,1.81774687767],[-546.475952148,118.34274292,95.6524658203,-34.1756896973,18.9077644348,22.8940868378,-34.4289550781,18.4007778168,-30.2675094604,19.1143131256,23.6209659576,1.81774687767,94.4644927979]],"icov":[[0.00025007428485,-0.0000394672642869,0.000971361179836,-0.000104410530184,-0.000066263412009,-0.000385791470762,0.000189543061424,-0.000119252566947,0.000448946433607,-0.000411975634051,0.000438024988398,-0.00066077907104,0.000804237439297],[-0.0000394672642869,0.00425524497405,-0.00226448406465,0.00272667896934,-0.00305425561965,0.00236866576597,-0.00120423757471,-0.000242859285208,-0.00154964986723,0.0023670210503,-0.0038829119876,0.00438869791105,-0.00272307824343],[0.000971361179836,-0.00226448406465,0.00748494500294,-0.00421806797385,0.0037227247376,-0.00479849847034,0.0033904009033,0.000264310016064,0.000948423054069,-0.00153757061344,0.00129521149211,-0.0009825672023,0.00126315327361],[-0.000104410530184,0.00272667896934,-0.00421806797385,0.00898909568787,-0.00557917868719,0.00513526378199,-0.00340279447846,-0.00206130323932,0.00318985781632,-0.00425639515743,0.00474808132276,-0.00547269964591,0.00333813251927],[-0.000066263412009,-0.00305425561965,0.0037227247376,-0.00557917868719,0.0139844957739,-0.00740658724681,0.000511929683853,0.00369182531722,-0.00531745841727,0.00664925435558,-0.00775185506791,0.00872661918402,-0.00516042392701],[-0.000385791470762,0.00236866576597,-0.00479849847034,0.00513526378199,-0.00740658724681,0.0108778998256,-0.00284222257324,-0.00403936905786,0.00400812830776,-0.0044279252179,0.00550709338859,-0.0032478121575,0.000980242155492],[0.000189543061424,-0.00120423757471,0.0033904009033,-0.00340279447846,0.000511929683853,-0.00284222257324,0.00899407360703,0.00110095273703,-0.00278302025981,0.00227064359933,0.00192728615366,0.000560268992558,-0.000252903730143],[-0.000119252566947,-0.000242859285208,0.000264310016064,-0.00206130323932,0.00369182531722,-0.00403936905786,0.00110095273703,0.0100016780198,-0.0050868964754,0.00244293780997,-0.00409132335335,0.00522852642462,-0.00390774104744],[0.000448946433607,-0.00154964986723,0.000948423054069,0.00318985781632,-0.00531745841727,0.00400812830776,-0.00278302025981,-0.0050868964754,0.0215121712536,-0.0170556325465,0.0113038904965,-0.0154423452914,0.0126161482185],[-0.000411975634051,0.0023670210503,-0.00153757061344,-0.00425639515743,0.00664925435558,-0.0044279252179,0.00227064359933,0.00244293780997,-0.0170556325465,0.0334174223244,-0.023266825825,0.0182234346867,-0.0119970580563],[0.000438024988398,-0.0038829119876,0.00129521149211,0.00474808132276,-0.00775185506791,0.00550709338859,0.00192728615366,-0.00409132335335,0.0113038904965,-0.023266825825,0.0422918982804,-0.0266653802246,0.00778871634975],[-0.00066077907104,0.00438869791105,-0.0009825672023,-0.00547269964591,0.00872661918402,-0.0032478121575,0.000560268992558,0.00522852642462,-0.0154423452914,0.0182234346867,-0.0266653802246,0.0362772680819,-0.0147451590747],[0.000804237439297,-0.00272307824343,0.00126315327361,0.00333813251927,-0.00516042392701,0.000980242155492,-0.000252903730143,-0.00390774104744,0.0126161482185,-0.0119970580563,0.00778871634975,-0.0147451590747,0.0248489305377]],"mean":[-10.6599187851,100.537628174,-93.7466506958,-8.00391864777,-12.7897043228,-14.7242517471,-0.356714427471,-23.9854011536,-3.39425969124,-6.35616493225,4.70690727234,2.84557557106,-6.21603918076]},"hfc":{"dmean":37.0204582214,"dmean2":59.3240966797,"dvar":1724.4979248,"dvar2":4135.08203125,"max":860.11706543,"mean":173.400390625,"median":169.082580566,"min":1.1432473834e-16,"var":8457.99707031},"melbands":{"dmean":[0.00294766062871,0.00114673795179,0.000571169366594,0.000293915392831,0.000425583973993,0.000651735521387,0.000202704119147,0.000136463771923,0.0000979751421255,0.0000943039558479,0.000105432605778,0.0000889641160029,0.000105477061879,0.000121838354971,0.000126432787511,0.0000533932252438,0.0000393444170186,0.0000328000896843,0.0000182506501005,0.0000113216801765,0.00000918961632124,0.0000107390842459,0.000010362183275,0.00000740820132705,0.00000416781904278,0.00000345892749465,0.00000269282304544,0.0000024205714908,0.00000242946839535,0.00000196573091671,0.00000116189357868,7.33587000923e-7,4.98631095525e-7,3.62628412631e-7,2.94519480804e-7,2.22128676342e-7,1.16661631466e-7,5.57004753432e-8,2.60595509616e-8,2.05356727179e-8],"dmean2":[0.00513353431597,0.00196490483359,0.000947371358052,0.000486138713313,0.000680778059177,0.000969071988948,0.000317947909934,0.000222249349463,0.000162636817549,0.000153316184878,0.000175263441633,0.000145345315104,0.000173546024598,0.000205095304409,0.000215502572246,0.0000913806725293,0.0000668835418765,0.0000557779967494,0.0000308637791022,0.0000190732262126,0.0000155791640282,0.0000182062121894,0.0000171837418748,0.0000121480043163,0.0000069466068453,0.00000563105913898,0.00000431604257756,0.00000368140081264,0.00000357701014764,0.00000297980091091,0.00000175165848759,0.0000010716523775,7.42244537832e-7,5.4367598068e-7,4.47140848792e-7,3.29905276431e-7,1.78899469461e-7,8.65741327516e-8,4.25425028538e-8,3.3756879958e-8],"dvar":[0.0000346519082086,0.00000378603203899,0.00000154375152306,3.00000351672e-7,6.31488319414e-7,0.00000212435929825,1.05488808799e-7,9.95849021024e-8,4.04541147248e-8,5.0059203005e-8,3.8641964295e-8,2.98191729087e-8,4.84764477449e-8,3.07902432439e-8,3.88084764325e-8,5.55606405328e-9,3.79748277268e-9,2.50412313108e-9,6.901668681e-10,3.22892962368e-10,1.894173568e-10,2.77368183976e-10,2.30139379775e-10,1.32975727651e-10,5.33885158305e-11,4.34796781912e-11,4.69171229645e-11,5.93131863069e-11,1.23946061747e-10,1.28772367769e-10,3.49734199934e-11,1.58816536311e-11,3.47381867195e-12,1.45057696323e-12,6.43047464235e-13,3.47979566169e-13,4.87511947315e-14,8.23079702539e-15,1.77115563359e-15,1.20031683703e-15],"dvar2":[0.0000947472290136,0.0000101862633528,0.00000396254063162,7.49639980313e-7,0.00000153466737629,0.0000044645471462,2.39599444285e-7,2.43021730739e-7,1.03749755453e-7,1.20429604067e-7,1.01862710267e-7,7.4734714417e-8,1.23901131133e-7,8.18875207642e-8,1.05483501045e-7,1.51503130041e-8,1.03495976234e-8,6.87397516685e-9,1.88119897437e-9,8.40770120192e-10,5.00136543291e-10,7.6496697865e-10,5.91892423962e-10,3.29860055936e-10,1.45830902909e-10,1.03418183739e-10,1.07782741066e-10,1.12195350233e-10,2.32238631104e-10,2.84455681232e-10,7.53645340579e-11,3.10104511514e-11,6.37096712192e-12,2.95241153574e-12,1.27104782862e-12,7.11875816541e-13,1.07289387606e-13,1.82571395746e-14,4.40656862941e-15,3.00830358074e-15],"max":[0.0540294460952,0.0234048888087,0.0225338749588,0.0130787193775,0.0117721874267,0.0287837907672,0.00738259032369,0.0104818716645,0.00463317101821,0.00853550247848,0.00444073602557,0.00451525766402,0.00657043652609,0.00351035082713,0.0041068806313,0.00164421612862,0.00165463611484,0.00137406447902,0.000468895363156,0.00047908295528,0.000347848399542,0.000297639664495,0.000334326265147,0.000301091815345,0.000143861121614,0.00023924515699,0.000281542364974,0.000263467314653,0.000523595721461,0.000437095353846,0.000249781965977,0.000193628497072,0.0000968408276094,0.000063557017711,0.0000381581849069,0.0000259630287474,0.0000044672842705,0.00000328622672896,7.22723655144e-7,4.51870675988e-7],"mean":[0.00285049015656,0.00147425290197,0.000758693029638,0.000431845459389,0.00073153473204,0.00127479759976,0.000371724687284,0.000195260130567,0.000141383410664,0.000136793998536,0.000154530862346,0.000132891174871,0.000163043732755,0.000206616954529,0.000210772443097,0.0000990625703707,0.0000719524905435,0.0000592815413256,0.0000328495043505,0.0000202251139854,0.0000162429332704,0.0000189735401364,0.0000180898605322,0.000013285291061,0.00000762077206673,0.00000630561089565,0.00000487884881295,0.00000447982256446,0.00000439574068878,0.00000341918303093,0.00000215221666622,0.00000136955350172,9.5240926612e-7,7.03422244897e-7,5.79552079216e-7,4.29163918625e-7,2.03971850965e-7,8.20389587375e-8,2.94977944293e-8,2.08993338191e-8],"median":[0.00115882768296,0.000922362902202,0.000382740458008,0.000251954363193,0.000300444662571,0.000287819828372,0.00017212885723,0.0000879875442479,0.0000677741336403,0.0000651296868455,0.0000775918597355,0.0000613070224063,0.0000798962137196,0.000142778604641,0.000140243006172,0.0000670340377837,0.0000446183257736,0.0000352311035385,0.0000219918383664,0.0000139423191285,0.0000108481672214,0.0000108959175122,0.0000117979134302,0.00000824461130833,0.00000533363572686,0.00000401972192776,0.00000291449714496,0.00000227356667892,0.00000179217283858,0.00000137973768233,9.58960640673e-7,6.17069133568e-7,4.30787281402e-7,2.85860920712e-7,2.15174850382e-7,1.51109006197e-7,7.16859034355e-8,3.23903641686e-8,1.3257899667e-8,8.11323452865e-9],"min":[1.40551300152e-23,2.04087309195e-23,1.21208414978e-23,1.70721853452e-23,1.01526532608e-23,2.41436737335e-24,1.3051134711e-24,8.10468199845e-24,5.43477082625e-24,3.96131355051e-24,1.66281797178e-23,1.527841031e-23,1.20959671358e-23,1.64578220499e-23,9.03869962112e-24,1.31063196728e-23,1.33666926809e-23,5.20648039674e-24,7.5363589922e-24,1.6184522767e-23,2.24027535623e-23,1.01979733198e-23,6.77448501855e-24,1.42155433025e-23,9.0547821284e-24,7.07196683249e-24,8.7086236523e-24,6.44680639802e-24,7.06702146348e-24,8.65970086554e-24,1.42975201501e-23,1.53970344798e-23,9.86832570248e-24,9.51961052819e-24,8.28994913749e-24,1.39935862428e-23,8.37242691171e-24,1.03410868875e-23,9.13411786964e-24,8.61840084171e-24],"var":[0.0000262159664999,0.00000366347217096,0.0000017066502096,4.48249181773e-7,0.00000150198297888,0.00000697466566635,3.38851691595e-7,1.46947314761e-7,6.30553884662e-8,7.2051243194e-8,5.88442254923e-8,4.95308505322e-8,7.98993511353e-8,5.61746240635e-8,6.52342677654e-8,1.21192531566e-8,8.38089064814e-9,5.75236702716e-9,1.34552946562e-9,6.04098826518e-10,3.51122797504e-10,5.83512516084e-10,4.95462448846e-10,3.04258535033e-10,8.24425180901e-11,8.7523537029e-11,9.78780112515e-11,1.56622922964e-10,3.16628973041e-10,2.46536596693e-10,7.03448757577e-11,3.21936227676e-11,8.03272726113e-12,3.21048070941e-12,1.62885688011e-12,8.79082722414e-13,1.20830618731e-13,1.70672751241e-14,2.05981959157e-15,1.28208717429e-15]},"melbands_crest":{"dmean":4.98504257202,"dmean2":8.30403900146,"dvar":20.8444194794,"dvar2":55.2041549683,"max":37.903137207,"mean":15.4397497177,"median":14.436715126,"min":2.0919508934,"var":38.8328285217},"melbands_flatness_db":{"dmean":0.0330499708652,"dmean2":0.0524129606783,"dvar":0.000953330192715,"dvar2":0.00248092343099,"max":0.634067118168,"mean":0.242996826768,"median":0.226603001356,"min":0.00860336236656,"var":0.0064160078764},"melbands_kurtosis":{"dmean":5.01344060898,"dmean2":8.31756687164,"dvar":89.0055236816,"dvar2":235.97807312,"max":349.84979248,"mean":7.55938196182,"median":3.76282787323,"min":-1.83707714081,"var":198.840362549},"melbands_skewness":{"dmean":0.730495214462,"dmean2":1.18454861641,"dvar":0.526734113693,"dvar2":1.37467455864,"max":12.5636882782,"mean":1.95809066296,"median":1.80168843269,"min":-1.45590102673,"var":1.58657467365},"melbands_spread":{"dmean":5.9971113205,"dmean2":9.54445648193,"dvar":56.9883003235,"dvar2":122.498092651,"max":166.022567749,"mean":21.1044788361,"median":19.3311042786,"min":0.373562753201,"var":205.353134155},"mfcc":{"cov":[[13702.796875,597.286010742,-2868.37304688,-78.5035095215,-904.538818359,265.560455322,-266.808044434,536.505981445,-223.410339355,205.136749268,-110.241271973,238.145080566,-172.35534668],[597.286010742,1116.93347168,-337.1902771,-253.680480957,81.1471939087,2.99517202377,155.399093628,-55.8324165344,75.8018722534,-42.6323318481,66.73487854,-47.5679702759,-12.0938901901],[-2868.37304688,-337.1902771,946.043701172,37.9221038818,216.172195435,-67.78150177,20.5146179199,-96.92212677,27.214389801,-30.3826828003,16.2859668732,-33.5059661865,36.0828132629],[-78.5035095215,-253.680480957,37.9221038818,299.847076416,-60.7328033447,12.6739702225,-48.1013946533,19.9700756073,-29.5544452667,9.17677879333,-22.9585971832,19.9086380005,0.071997448802],[-904.538818359,81.1471939087,216.172195435,-60.7328033447,243.692672729,-14.4357175827,56.9426689148,-51.9932861328,39.683265686,-22.25233078,36.954082489,-11.8737812042,22.3846797943],[265.560455322,2.99517202377,-67.78150177,12.6739702225,-14.4357175827,170.890914917,40.5819091797,42.995262146,10.9930677414,32.20154953,-24.8562316895,1.78000128269,-9.00466823578],[-266.808044434,155.399093628,20.5146179199,-48.1013946533,56.9426689148,40.5819091797,169.924880981,6.96453905106,60.5416145325,-12.2755851746,7.03762483597,-48.224105835,0.519936680794],[536.505981445,-55.8324165344,-96.92212677,19.9700756073,-51.9932861328,42.995262146,6.96453905106,134.897262573,11.6272068024,43.2341156006,-16.4385452271,13.365319252,-19.489030838],[-223.410339355,75.8018722534,27.214389801,-29.5544452667,39.683265686,10.9930677414,60.5416145325,11.6272068024,108.10282135,24.4928665161,29.7952861786,-10.286907196,9.41020298004],[205.136749268,-42.6323318481,-30.3826828003,9.17677879333,-22.25233078,32.20154953,-12.2755851746,43.2341156006,24.4928665161,77.1181564331,15.1305208206,24.3053531647,-2.85997915268],[-110.241271973,66.73487854,16.2859668732,-22.9585971832,36.954082489,-24.8562316895,7.03762483597,-16.4385452271,29.7952861786,15.1305208206,72.2662353516,24.5868930817,16.8818855286],[238.145080566,-47.5679702759,-33.5059661865,19.9086380005,-11.8737812042,1.78000128269,-48.224105835,13.365319252,-10.286907196,24.3053531647,24.5868930817,75.3886413574,18.9195022583],[-172.35534668,-12.0938901901,36.0828132629,0.071997448802,22.3846797943,-9.00466823578,0.519936680794,-19.489030838,9.41020298004,-2.85997915268,16.8818855286,18.9195022583,52.1617965698]],"icov":[[0.000257138541201,-0.00000185214219073,0.000647604698315,0.000129792562802,0.000197116896743,-0.0000305937101075,0.000102317557321,-0.000408875261201,0.000266360148089,-0.0000924765845411,0.0000684767001076,-0.000403718993766,0.000228549542953],[-0.00000185214219073,0.00168084073812,0.00078505766578,0.000861287757289,-0.000388235319406,-0.0000568838840991,-0.000928371388,0.000748108956032,-0.000407022365835,0.000787615193985,-0.00129415164702,0.000339189515216,0.000697323353961],[0.000647604698315,0.00078505766578,0.00350660504773,0.00023364914523,-0.0010622368427,0.000377303658752,0.00001851475281,-0.00012960343156,0.000350137852365,-0.000404625898227,0.000102314334072,-0.000124092344777,0.000294771482004],[0.000129792562802,0.000861287757289,0.00023364914523,0.00437975954264,0.000905789958779,-0.00041518357466,0.000139514435432,-0.000203950272407,0.000222402391955,0.000447169499239,0.000137364055263,-0.000842325098347,0.00016836883151],[0.000197116896743,-0.000388235319406,-0.0010622368427,0.000905789958779,0.00696227326989,-0.000605606241152,-0.00104291446041,0.000476423767395,-0.000612297735643,0.00145429396071,-0.00198093056679,-0.00102405925281,-0.000406321574701],[-0.0000305937101075,-0.0000568838840991,0.000377303658752,-0.00041518357466,-0.000605606241152,0.00827716756612,-0.00314846727997,-0.000184820877621,0.000382162368624,-0.00412383908406,0.00457154819742,-0.00211028452031,0.000267209223239],[0.000102317557321,-0.000928371388,0.00001851475281,0.000139514435432,-0.00104291446041,-0.00314846727997,0.0117552373558,-0.00261078588665,-0.00407874584198,0.00311389262788,-0.00197907909751,0.00651535298675,-0.0018948573852],[-0.000408875261201,0.000748108956032,-0.00012960343156,-0.000203950272407,0.000476423767395,-0.000184820877621,-0.00261078588665,0.0125277424231,-0.00178546330426,-0.0048806858249,0.00332769262604,-0.0026397255715,0.0033176864963],[0.000266360148089,-0.000407022365835,0.000350137852365,0.000222402391955,-0.000612297735643,0.000382162368624,-0.00407874584198,-0.00178546330426,0.0157352630049,-0.00588538078591,-0.00438513001427,0.00269640912302,-0.00247465260327],[-0.0000924765845411,0.000787615193985,-0.000404625898227,0.000447169499239,0.00145429396071,-0.00412383908406,0.00311389262788,-0.0048806858249,-0.00588538078591,0.0229516234249,-0.00607842113823,-0.00314646749757,0.00239440333098],[0.0000684767001076,-0.00129415164702,0.000102314334072,0.000137364055263,-0.00198093056679,0.00457154819742,-0.00197907909751,0.00332769262604,-0.00438513001427,-0.00607842113823,0.025473581627,-0.00988362263888,-0.00144413125236],[-0.000403718993766,0.000339189515216,-0.000124092344777,-0.000842325098347,-0.00102405925281,-0.00211028452031,0.00651535298675,-0.0026397255715,0.00269640912302,-0.00314646749757,-0.00988362263888,0.0263505000621,-0.00916210655123],[0.000228549542953,0.000697323353961,0.000294771482004,0.00016836883151,-0.000406321574701,0.000267209223239,-0.0018948573852,0.0033176864963,-0.00247465260327,0.00239440333098,-0.00144413125236,-0.00916210655123,0.0257310755551]],"mean":[-670.021728516,162.200759888,-20.652589798,24.5347080231,-2.1816971302,21.1607475281,2.57177734375,5.61487913132,-10.0451059341,0.0180142577738,-0.983684122562,7.69489526749,0.916230678558]},"pitch_salience":{"dmean":0.0822737514973,"dmean2":0.135257095098,"dvar":0.00573002407327,"dvar2":0.015271265991,"max":0.82443344593,"mean":0.570290267467,"median":0.586187064648,"min":0.137451544404,"var":0.0130315646529},"silence_rate_20dB":{"dmean":0,"dmean2":0,"dvar":0,"dvar2":0,"max":1,"mean":1,"median":1,"min":1,"var":0},"silence_rate_30dB":{"dmean":0.0354021973908,"dmean2":0.0708096772432,"dvar":0.0341474153101,"dvar2":0.0878989621997,"max":1,"mean":0.974607944489,"median":1,"min":0,"var":0.0247461851686},"silence_rate_60dB":{"dmean":0.00253939791583,"dmean2":0.0050791753456,"dvar":0.00253236922435,"dvar2":0.00580094475299,"max":1,"mean":0.0690067186952,"median":0,"min":0,"var":0.0642443448305},"spectral_centroid":{"dmean":185.588058472,"dmean2":277.642425537,"dvar":56298.3710938,"dvar2":95447.0859375,"max":11051.8261719,"mean":1061.70922852,"median":1018.65753174,"min":145.102508545,"var":300293.90625},"spectral_complexity":{"dmean":3.57756376266,"dmean2":5.71168231964,"dvar":12.5219583511,"dvar2":28.6126060486,"max":56,"mean":22.9772224426,"median":24,"min":0,"var":104.175338745},"spectral_contrast_coeffs":{"dmean":[0.0549353435636,0.0515464656055,0.03756031394,0.0295482110232,0.0217012558132,0.0379096716642],"dmean2":[0.0904690027237,0.0850836113095,0.0636010691524,0.05042379722,0.035850584507,0.0587423071265],"dvar":[0.00192052428611,0.00165528769139,0.00091041799169,0.000527177995536,0.000318909500493,0.00112520006951],"dvar2":[0.00508754048496,0.00433139083907,0.00253693060949,0.0014965555165,0.000811569450889,0.00263954023831],"max":[-0.378648281097,-0.429582566023,-0.53104954958,-0.658420145512,-0.651210308075,-0.392944633961],"mean":[-0.699027895927,-0.746063947678,-0.810303986073,-0.807553052902,-0.815824687481,-0.736167550087],"median":[-0.702491998672,-0.761742711067,-0.811398029327,-0.803081154823,-0.807192623615,-0.725493252277],"min":[-0.973049938679,-0.946170449257,-0.976320922375,-0.9905834198,-0.983911037445,-0.956711232662],"var":[0.00574522512034,0.00648864870891,0.00283909519203,0.00235980912112,0.00269374344498,0.0071331448853]},"spectral_contrast_valleys":{"dmean":[0.428916633129,0.379111170769,0.343904912472,0.296625643969,0.308565676212,0.562382757664],"dmean2":[0.695826172829,0.617765128613,0.554925978184,0.479855805635,0.481244981289,0.880554080009],"dvar":[0.121781677008,0.100867584348,0.100493624806,0.105380952358,0.133248046041,0.221330419183],"dvar2":[0.291316181421,0.236792713404,0.240236788988,0.247803121805,0.306257784367,0.572856247425],"max":[-4.91251516342,-4.3172826767,-4.71752357483,-5.6097779274,-5.74339342117,-9.11559677124],"mean":[-6.97791051865,-6.53311920166,-6.82055091858,-7.24887990952,-7.7667427063,-11.2279233932],"median":[-6.78412723541,-6.25967359543,-6.45156669617,-6.82519435883,-7.27937984467,-11.0066680908],"min":[-26.7018108368,-27.6527900696,-27.0953788757,-27.5629844666,-27.146062851,-27.3243598938],"var":[0.988065421581,1.40470254421,1.99848890305,2.17487239838,2.05447459221,1.26991987228]},"spectral_decrease":{"dmean":4.53573800741e-9,"dmean2":7.45997219553e-9,"dvar":4.69574982013e-17,"dvar2":1.21202606167e-16,"max":3.49387563325e-9,"mean":-7.07463332361e-9,"median":-5.18501064306e-9,"min":-5.62375426227e-8,"var":5.40189901981e-17},"spectral_energy":{"dmean":0.017618117854,"dmean2":0.0288187712431,"dvar":0.00068937195465,"dvar2":0.00177369872108,"max":0.229743823409,"mean":0.0424290820956,"median":0.0369826033711,"min":1.04572496156e-20,"var":0.000961414189078},"spectral_energyband_high":{"dmean":0.000226811403991,"dmean2":0.000313728902256,"dvar":8.29555290238e-7,"dvar2":0.00000130638693463,"max":0.0436230972409,"mean":0.000668950378895,"median":0.00044002989307,"min":7.47759318403e-21,"var":0.00000295437325804},"spectral_energyband_low":{"dmean":0.0120407631621,"dmean2":0.0206710286438,"dvar":0.00045511953067,"dvar2":0.0012183401268,"max":0.188132464886,"mean":0.0138112688437,"median":0.00765308365226,"min":9.6445257059e-23,"var":0.000380227720598},"spectral_energyband_middle_high":{"dmean":0.00263347220607,"dmean2":0.00430352892727,"dvar":0.0000108266604002,"dvar2":0.0000279158302874,"max":0.051530290395,"mean":0.00761891016737,"median":0.00617266446352,"min":1.70828285934e-21,"var":0.0000396440409531},"spectral_energyband_middle_low":{"dmean":0.0054730605334,"dmean2":0.00835261121392,"dvar":0.0000728055965737,"dvar2":0.000168879429111,"max":0.1278847754,"mean":0.0129631096497,"median":0.00825557857752,"min":2.24812862431e-22,"var":0.00020294294518},"spectral_entropy":{"dmean":0.17887301743,"dmean2":0.276186227798,"dvar":0.0514996051788,"dvar2":0.132432952523,"max":9.79130458832,"mean":7.43191957474,"median":7.55274105072,"min":4.83326005936,"var":0.235505208373},"spectral_flux":{"dmean":0.0315262302756,"dmean2":0.0516785979271,"dvar":0.00164277129807,"dvar2":0.00341746932827,"max":0.377396702766,"mean":0.118150964379,"median":0.11178907752,"min":1.02260692969e-10,"var":0.00378638925031},"spectral_kurtosis":{"dmean":5.32953691483,"dmean2":8.40634441376,"dvar":70.5532989502,"dvar2":186.555206299,"max":193.201553345,"mean":21.2401752472,"median":17.9300537109,"min":-1.21260976791,"var":141.679763794},"spectral_rms":{"dmean":0.00115876819473,"dmean2":0.00183617440052,"dvar":0.00000206381287171,"dvar2":0.00000508568064106,"max":0.0149713167921,"mean":0.00595366954803,"median":0.00600671209395,"min":3.19408735572e-12,"var":0.00000594834818912},"spectral_rolloff":{"dmean":5385.64355469,"dmean2":10355.6904297,"dvar":67192960,"dvar2":144851376,"max":22050,"mean":15508.6367188,"median":20865.6738281,"min":43.06640625,"var":79259152},"spectral_skewness":{"dmean":0.405120044947,"dmean2":0.625149726868,"dvar":0.310831308365,"dvar2":0.78841739893,"max":12.2134017944,"mean":3.12832713127,"median":2.86696481705,"min":-0.0221183393151,"var":0.955939888954},"spectral_spread":{"dmean":471309.71875,"dmean2":745673.625,"dvar":325228101632,"dvar2":704327450624,"max":41400152,"mean":3747031.75,"median":3670205,"min":1192677.375,"var":783222308864},"spectral_strongpeak":{"dmean":3.49524068832,"dmean2":6.50198984146,"dvar":141.236785889,"dvar2":391.176452637,"max":133.176818848,"mean":3.2737827301,"median":0.310612976551,"min":0,"var":128.65007019},"zerocrossingrate":{"dmean":0.0439766384661,"dmean2":0.0552041940391,"dvar":0.0013270333875,"dvar2":0.00220034271479,"max":0.912109375,"mean":0.300441533327,"median":0.28955078125,"min":0.0068359375,"var":0.00945406407118}},"metadata":{"audio_properties":{"analysis_sample_rate":44100,"bit_rate":196206,"codec":"mp3","downmix":"mix","equal_loudness":0,"length":310.884338379,"lossless":false,"md5_encoded":"8b56a67ff5a4f2d59132e00336bda39a","replay_gain":-2.00591659546,"sample_rate":44100},"tags":{"acoustid_id":["9708ac9e-117c-4e9a-9007-5a0a01ac008d"],"album":["We've Come for You All"],"albumartist":["Anthrax"],"albumartistsort":["Anthrax"],"artist":["Anthrax"],"artists":["Anthrax"],"artistsort":["Anthrax"],"asin":["B000092Q46"],"barcode":["060768460928"],"catalognumber":["06076-84609-2"],"date":["2003-05-06"],"file_name":"05 - Safe Home.mp3","label":["Sanctuary Records"],"media":["CD"],"musicbrainz album release country":["US"],"musicbrainz album status":["official"],"musicbrainz album type":["album"],"musicbrainz release track id":["4df7e7e5-fb99-39e9-9331-c1312e0a9caa"],"musicbrainz_albumartistid":["b616d6f0-ec1f-4c69-8a79-12a97ece7372"],"musicbrainz_albumid":["4f50e35e-dff9-45df-b4c7-56fc7061b6a7"],"musicbrainz_artistid":["b616d6f0-ec1f-4c69-8a79-12a97ece7372"],"musicbrainz_recordingid":["284b12ba-f464-4fd6-abc5-032a8adb76b4"],"musicbrainz_releasegroupid":["6aa334a0-a473-389b-98d4-87dcc9810a26"],"originaldate":["2003"],"script":["Latn"],"title":["Safe Home"],"tracknumber":["5/14"]},"version":{"essentia":"2.1-beta1","essentia_build_sha":"ca57ba49d9b1854bd80e60cf9ccf267278fb7d6b","essentia_git_sha":"v2.1_beta1-28-g21ef5f4-dirty","extractor":"music 1.0"}},"rhythm":{"beats_count":784,"beats_loudness":{"dmean":0.0193607304245,"dmean2":0.0343975424767,"dvar":0.000352693808964,"dvar2":0.00106084800791,"max":0.159502282739,"mean":0.0461696460843,"median":0.0457449480891,"min":0.00000563159801459,"var":0.000602245912887},"beats_loudness_band_ratio":{"dmean":[0.18858127296,0.118084914982,0.0680832117796,0.0754966065288,0.0212658718228,0.0881038606167],"dmean2":[0.331212222576,0.204745650291,0.118124246597,0.131520435214,0.037283051759,0.155236154795],"dvar":[0.0198062416166,0.0153175480664,0.0055410512723,0.0059965630061