{"lowlevel":{"average_loudness":0.691368758678,"barkbands":{"dmean":[0.000102916055766,0.0143273025751,0.00659764604643,0.00411696312949,0.00623558508232,0.00242259074003,0.000809911754914,0.000513393431902,0.000482273026137,0.000238833541516,0.000349299632944,0.000133206762257,0.000157092043082,0.00013847759692,0.000172921441845,0.0001769541268,0.0000267701962002,0.00000698858411852,0.00000211183578358,0.00000140586541875,7.52799849124e-7,8.7720513875e-7,0.00000139263659094,0.00000247624325311,0.00000211210067391,6.35746175703e-7,4.89759166555e-8],"dmean2":[0.000163868025993,0.0243895146996,0.012302110903,0.0071472870186,0.0115622570738,0.00413629040122,0.00139421375934,0.000842026958708,0.000820675108116,0.000413027009927,0.000643666659016,0.000225785697694,0.000250513228821,0.000203523537493,0.000259547232417,0.000329439120833,0.0000455766494269,0.0000105514636743,0.00000335629829351,0.00000211349242818,0.00000115386433208,0.00000132574575673,0.00000210227244679,0.00000367006578017,0.00000312279144055,9.63400111686e-7,8.11325691075e-8],"dvar":[3.50775515301e-8,0.000889328599442,0.000298165658023,0.000138468487421,0.000299843057292,0.0000181004998012,0.00000371289752366,0.00000435975107393,0.00000329955696543,6.08673019542e-7,6.46836383567e-7,1.8031569482e-7,5.13043403316e-7,3.6365008782e-7,3.96034323558e-7,1.16445221465e-7,6.36346797478e-9,1.46594447692e-9,4.98480076661e-11,1.93538692017e-11,2.70535351933e-12,1.78131977484e-12,3.51558365752e-12,1.01590879806e-11,7.02688861959e-12,7.05728173383e-13,5.62334501067e-15],"dvar2":[8.47356886879e-8,0.00235182140023,0.000854048528709,0.000375243602321,0.000851380289532,0.0000455580411654,0.00000942474707699,0.0000102228195829,0.00000871778138389,0.00000158866032507,0.00000178817458618,4.33192155924e-7,0.00000117997080906,6.93064919233e-7,7.15701276022e-7,3.08296989715e-7,1.25495187575e-8,2.31491381619e-9,9.88191611873e-11,3.8562607968e-11,5.93962552753e-12,3.58512004806e-12,7.12105287931e-12,1.94342198584e-11,1.23955949671e-11,1.2412152469e-12,1.44513172045e-14],"max":[0.00397717021406,0.195032507181,0.25215485692,0.200687080622,0.160565406084,0.101840399206,0.0659953206778,0.0945402309299,0.0660768002272,0.0204527303576,0.0118157714605,0.014263975434,0.0290842968971,0.0217019040138,0.0156324189156,0.00505017675459,0.0035283442121,0.00246453890577,0.000233557861065,0.000195595159312,0.000121687509818,0.0000926452485146,0.0000528256387042,0.0000624435415375,0.0000490276288474,0.0000135197542477,0.00000119898220419],"mean":[0.000135353620863,0.0117911444977,0.0051980279386,0.00445225648582,0.00535401888192,0.00334069738165,0.00110775663052,0.000770281243604,0.000531339901499,0.000250032258919,0.000250406796113,0.000134146102937,0.000215004751226,0.000208313605981,0.00030127321952,0.000137937255204,0.0000302395892504,0.0000111912331704,0.00000322902792504,0.00000211897804547,0.00000126942063616,0.00000162799676673,0.00000270256509793,0.0000053244866649,0.00000496746270073,0.00000141390341923,7.61162581853e-8],"median":[0.0000283959197986,0.00182816130109,0.000620372826234,0.000541876011994,0.000612106639892,0.000775879132561,0.00017945910804,0.0000715105270501,0.0000543226524314,0.0000206869663089,0.0000129257823573,0.00000331508067575,0.00000258710838352,0.00000131414844873,0.00000109213760879,7.20821162759e-7,4.83918427108e-7,5.31349257926e-7,5.76086222281e-7,6.54907182707e-7,6.77722312048e-7,7.53442918722e-7,0.00000114207125534,0.00000239884684561,0.00000227933651331,5.15885517416e-7,3.45246178313e-8],"min":[5.03946245034e-23,3.79796893492e-23,1.04435827961e-23,2.12572099876e-24,4.20007153315e-23,2.62677712565e-23,2.68466089898e-23,1.25084309487e-22,2.13694164584e-22,2.63648437464e-23,8.04931642691e-23,3.56664778069e-23,3.92798772714e-23,4.32067637487e-23,2.02109622284e-22,1.07255219992e-22,1.48145465293e-22,2.11610764001e-22,1.85086445711e-22,2.32846091775e-22,5.45210271565e-22,5.33285067572e-22,8.04191262022e-22,9.20000839182e-22,1.23215973843e-21,1.70472311504e-21,2.3956037093e-21],"var":[5.44475255992e-8,0.000680483120959,0.000187610770809,0.000120497570606,0.000200299822609,0.0000399698583351,0.0000083442992036,0.0000135068275995,0.00000359135469807,7.21396475001e-7,4.59701709588e-7,2.32103772646e-7,7.77101774929e-7,8.28062240998e-7,0.00000105779702153,1.14783887284e-7,1.40399238902e-8,4.72309213961e-9,1.25140037222e-10,3.94082683153e-11,5.82049642858e-12,5.47843454629e-12,1.12110589909e-11,3.69065750183e-11,2.92119731182e-11,2.72388817231e-12,8.9646409599e-15]},"barkbands_crest":{"dmean":3.63483095169,"dmean2":5.86757421494,"dvar":10.6637554169,"dvar2":26.5893344879,"max":26.6718196869,"mean":13.4420976639,"median":12.5379104614,"min":2.94396591187,"var":25.2753562927},"barkbands_flatness_db":{"dmean":0.0534650981426,"dmean2":0.0781471580267,"dvar":0.00250439578667,"dvar2":0.00565459113568,"max":0.560422539711,"mean":0.273017585278,"median":0.27423620224,"min":0.0320271812379,"var":0.0088169798255},"barkbands_kurtosis":{"dmean":30.046207428,"dmean2":48.4028244019,"dvar":7166.95556641,"dvar2":17745.2792969,"max":1525.52062988,"mean":33.7789764404,"median":9.44617080688,"min":-1.93167877197,"var":7058.14404297},"barkbands_skewness":{"dmean":1.71780705452,"dmean2":2.60584020615,"dvar":6.05489063263,"dvar2":13.3160161972,"max":35.4240951538,"mean":2.90399813652,"median":2.00595331192,"min":-3.00643754005,"var":11.9020500183},"barkbands_spread":{"dmean":5.97585821152,"dmean2":9.24486160278,"dvar":141.7006073,"dvar2":290.770874023,"max":119.187164307,"mean":10.4510583878,"median":4.16439676285,"min":0.178085789084,"var":290.865447998},"dissonance":{"dmean":0.0654564499855,"dmean2":0.111568167806,"dvar":0.00481545645744,"dvar2":0.0127288447693,"max":0.500000298023,"mean":0.396064937115,"median":0.418465584517,"min":0.056093621999,"var":0.00754896411672},"dynamic_complexity":4.49192523956,"erbbands":{"dmean":[0.233235910535,3.77311992645,8.30787086487,11.046298027,15.9370307922,23.4627094269,20.6829166412,19.1603240967,12.1272344589,12.6644535065,9.46367359161,11.2792806625,8.23350048065,9.11974430084,13.1949157715,5.39607334137,7.80977916718,7.46443557739,10.7292709351,6.75550937653,7.83372306824,1.70717513561,0.471266776323,0.154746249318,0.103289842606,0.0716747790575,0.0354642383754,0.0301788523793,0.0304589495063,0.0352154970169,0.0421162061393,0.047946035862,0.0446376502514,0.0290357209742,0.0127398604527,0.00404168805107,0.000970183114987,0.000145942743984,0.000018541186364,0.000033106563933],"dmean2":[0.402782320976,6.40129184723,15.0212984085,19.5009689331,28.7061595917,43.6680259705,37.7343139648,31.7266674042,20.5482616425,21.1464920044,15.773349762,18.9635543823,14.3853588104,16.1110630035,24.3632831573,8.97746753693,12.1576089859,10.98960495,15.596121788,11.7274751663,14.744430542,2.94984149933,0.725392699242,0.245373561978,0.158457309008,0.106625638902,0.0537740886211,0.0461439788342,0.0462505146861,0.053475625813,0.0639437958598,0.0720480754972,0.0671699568629,0.0434249825776,0.0190981756896,0.00612043170258,0.00147964688949,0.000227080701734,0.0000308868402499,0.0000551761368115],"dvar":[0.245180651546,61.121421814,387.454223633,1015.38079834,1504.14587402,4663.44921875,1692.82409668,1292.12036133,747.553710938,1582.84338379,1408.37658691,1784.77746582,935.997314453,574.985290527,938.078613281,300.733917236,1153.88757324,855.952087402,1684.54638672,182.699813843,262.493865967,20.0010890961,5.5342297554,0.369326621294,0.11220767349,0.0632441043854,0.00622035097331,0.00421169865876,0.00221607787535,0.00243507581763,0.0032839262858,0.00395043566823,0.00328927463852,0.00132592616137,0.000264024885837,0.0000279698579106,0.00000165820540587,3.73907695916e-8,8.39339486802e-10,3.41813577442e-9],"dvar2":[0.659943521023,160.984313965,1084.3770752,2801.31005859,4237.7421875,13204.0537109,4605.05419922,3054.42407227,1823.7902832,3558.74536133,3684.11791992,4645.72265625,2479.80517578,1486.27966309,2620.95361328,716.933959961,2563.81445313,1720.37426758,3016.99536133,401.295501709,714.595703125,41.7226867676,8.85406303406,0.693515241146,0.206371903419,0.122918657959,0.0128597151488,0.00881373044103,0.0045610954985,0.0048890109174,0.00677393376827,0.00799521803856,0.00638347258791,0.00247952225618,0.000479743233882,0.0000500672213093,0.00000299963448924,7.27697582192e-8,2.14283280009e-9,8.79606165682e-9],"max":[3.78781604767,51.7321357727,206.277801514,364.728912354,595.174255371,728.086791992,853.741027832,1147.81152344,1048.13867188,1636.34594727,2061.18383789,1591.73046875,903.386169434,900.227600098,291.980224609,587.890808105,1312.40783691,741.370605469,1050.8092041,318.174743652,214.478973389,147.657287598,147.255126953,37.5706367493,10.3173398972,10.129983902,4.07099437714,5.05615854263,2.91411566734,2.26779341698,1.71533942223,1.37746822834,1.07135248184,0.667568206787,0.307209193707,0.0928365066648,0.022772166878,0.00293068401515,0.000337293429766,0.000453839078546],"mean":[0.193600416183,3.10218071938,6.7298913002,10.9136228561,16.3739089966,18.5522480011,20.54870224,29.7735671997,18.8601398468,18.3842277527,12.7497205734,13.2277479172,8.47510814667,8.48943901062,9.40505981445,5.84617519379,11.1020889282,11.4353694916,19.6371135712,7.40563821793,5.6774187088,1.80210649967,0.713701188564,0.230358034372,0.168501779437,0.109978370368,0.0578958801925,0.052009973675,0.0555892884731,0.0660634860396,0.080930814147,0.0958877727389,0.0962239652872,0.0663001015782,0.0287355929613,0.00886380765587,0.00214222469367,0.000311558949761,0.0000262433768512,0.0000379863595299],"median":[0.0360655225813,0.439647018909,1.08108341694,1.67591631413,2.17466282845,1.81644403934,4.12262582779,6.22678804398,3.82150626183,2.59066486359,1.43354201317,1.39546465874,0.773851275444,0.650012254715,0.478940308094,0.180801585317,0.144987925887,0.0825188010931,0.0718536153436,0.0462227612734,0.0371819064021,0.0307323504239,0.0302224028856,0.0324432775378,0.0296007469296,0.0308779943734,0.028496067971,0.0263225641102,0.026172650978,0.0289036724716,0.0339750871062,0.041530597955,0.0449333004653,0.0318654105067,0.0125140994787,0.00336468871683,0.000781450071372,0.000118769188703,0.000015033060663,0.0000160293002409],"min":[2.41414216776e-21,3.81225531951e-21,1.23330884498e-20,9.54347110933e-21,1.03471906502e-19,1.4624655335e-19,1.10443875843e-19,2.17358637301e-19,3.42608671293e-19,9.39197411105e-19,3.69960085841e-18,3.37054055252e-18,2.77973279706e-18,2.52716870666e-18,2.0904400907e-18,1.63598892332e-18,1.65948726336e-18,2.59470841726e-18,5.31617854109e-18,1.01664343673e-17,6.84764802413e-18,8.87336660856e-18,1.1773690138e-17,8.46402222037e-18,1.093233744e-17,1.2952349719e-17,1.93259930601e-17,1.99536312391e-17,2.27310969409e-17,2.1198638977e-17,2.10106340587e-17,1.74772427366e-17,1.6369897705e-17,1.21039411704e-17,1.00196826004e-17,5.93448446844e-18,3.30689065875e-18,1.44646757611e-18,3.43612661762e-19,3.42112466323e-20],"var":[0.180434420705,47.2750968933,257.299957275,751.470092773,1326.1451416,2979.01953125,1877.47192383,3779.93041992,2340.94995117,5154.95556641,2492.26391602,2224.03466797,999.98236084,640.691894531,628.694274902,395.14956665,1869.25720215,1711.89257813,4451.50292969,366.84979248,215.754257202,38.8109741211,17.5314998627,0.973054945469,0.317640483379,0.135305225849,0.0133042177185,0.0100047849119,0.00644067069516,0.00741699477658,0.010263540782,0.0130321895704,0.0116744525731,0.00514490809292,0.00103561487049,0.000107318504888,0.00000618008016318,1.23646344719e-7,9.05960140241e-10,3.2620390833e-9]},"erbbands_crest":{"dmean":3.85999131203,"dmean2":6.32854747772,"dvar":15.1196689606,"dvar2":36.114238739,"max":33.5752182007,"mean":12.8153390884,"median":11.7050046921,"min":2.27760887146,"var":33.253200531},"erbbands_flatness_db":{"dmean":0.0356188043952,"dmean2":0.0534564778209,"dvar":0.00132638157811,"dvar2":0.00274355732836,"max":0.448634237051,"mean":0.218994960189,"median":0.227105826139,"min":0.0291226506233,"var":0.00495338207111},"erbbands_kurtosis":{"dmean":10.0283336639,"dmean2":16.1876010895,"dvar":248.558486938,"dvar2":569.159301758,"max":316.215057373,"mean":12.6671514511,"median":5.78308486938,"min":-1.907730937,"var":411.823822021},"erbbands_skewness":{"dmean":1.25148963928,"dmean2":1.90165162086,"dvar":1.67149734497,"dvar2":3.91517686844,"max":14.6522369385,"mean":1.61676502228,"median":1.31518018246,"min":-3.84478807449,"var":4.60135936737},"erbbands_spread":{"dmean":15.7031002045,"dmean2":24.1140880585,"dvar":541.951599121,"dvar2":1108.22009277,"max":206.303131104,"mean":28.7737483978,"median":14.69028759,"min":0.419200509787,"var":1231.99389648},"gfcc":{"cov":[[9033.109375,3216.97924805,-1798.14562988,-2097.34936523,410.178405762,143.824386597,-402.426696777,-595.34161377,206.863037109,-358.363769531,-170.960418701,-85.5760192871,324.669952393],[3216.97924805,2403.04150391,212.366897583,-926.494812012,-160.200469971,-359.103027344,-17.2137851715,-287.041809082,82.6315078735,-270.823242188,54.5611038208,-119.899925232,168.678207397],[-1798.14562988,212.366897583,2144.02880859,870.789855957,-315.37588501,-258.002685547,365.329803467,128.288024902,8.90240287781,-25.7979621887,135.391281128,-65.2411651611,-64.4181365967],[-2097.34936523,-926.494812012,870.789855957,1209.2833252,237.812042236,-72.2156982422,177.40083313,207.100387573,-62.6030731201,64.1069107056,86.3185501099,25.2117004395,-65.3979568481],[410.178405762,-160.200469971,-315.37588501,237.812042236,641.444702148,278.978118896,-45.2834892273,-40.1075935364,49.1451263428,-24.9973297119,-64.7470703125,-3.09300327301,29.5509319305],[143.824386597,-359.103027344,-258.002685547,-72.2156982422,278.978118896,540.423034668,58.850151062,-5.62272882462,71.7616653442,92.347694397,-102.313064575,-25.4229412079,-55.1543807983],[-402.426696777,-17.2137851715,365.329803467,177.40083313,-45.2834892273,58.850151062,292.11706543,134.305862427,6.32848978043,39.8365821838,59.9371185303,-59.0065917969,-61.1200408936],[-595.34161377,-287.041809082,128.288024902,207.100387573,-40.1075935364,-5.62272882462,134.305862427,197.622512817,37.4770088196,50.3605804443,26.9883975983,13.8080778122,-44.6074447632],[206.863037109,82.6315078735,8.90240287781,-62.6030731201,49.1451263428,71.7616653442,6.32848978043,37.4770088196,123.603691101,54.9258804321,-10.4648246765,-10.4102907181,-2.66687941551],[-358.363769531,-270.823242188,-25.7979621887,64.1069107056,-24.9973297119,92.347694397,39.8365821838,50.3605804443,54.9258804321,169.051986694,51.6357345581,-17.9119701385,-59.2042045593],[-170.960418701,54.5611038208,135.391281128,86.3185501099,-64.7470703125,-102.313064575,59.9371185303,26.9883975983,-10.4648246765,51.6357345581,125.180328369,25.5402584076,3.49991464615],[-85.5760192871,-119.899925232,-65.2411651611,25.2117004395,-3.09300327301,-25.4229412079,-59.0065917969,13.8080778122,-10.4102907181,-17.9119701385,25.5402584076,134.226882935,75.3589324951],[324.669952393,168.678207397,-64.4181365967,-65.3979568481,29.5509319305,-55.1543807983,-61.1200408936,-44.6074447632,-2.66687941551,-59.2042045593,3.49991464615,75.3589324951,111.857528687]],"icov":[[0.000481342081912,-0.000990856788121,0.000686170824338,-0.00062428181991,0.000362463208148,-0.000591495831031,-0.0000284090019704,0.000405542115914,-0.000481822848087,0.000105385537609,0.000428688246757,-0.000552561308723,0.000289182236884],[-0.000990856788121,0.00535227963701,-0.00304210977629,0.0053196917288,-0.003145982977,0.00346876075491,-0.000928483786993,0.000324002699926,-0.00119057006668,0.00294830254279,-0.00469238916412,0.00483364099637,-0.00325102661736],[0.000686170824338,-0.00304210977629,0.00493402918801,-0.00715589802712,0.00609516678378,-0.00321575766429,-0.00250925240107,0.00579793658108,-0.00749324029312,0.00471387291327,0.000152890323079,-0.00228806934319,0.00285176909529],[-0.00062428181991,0.0053196917288,-0.00715589802712,0.0133931152523,-0.0111377099529,0.00703534390777,0.00125418882817,-0.00771460402757,0.0105285048485,-0.00674651563168,-0.000432749075117,0.00286715384573,-0.00371835147962],[0.000362463208148,-0.003145982977,0.00609516678378,-0.0111377099529,0.0125275906175,-0.0082709454,0.000350437272573,0.00635570148006,-0.0117699634284,0.0108745275065,-0.00474090268835,0.00194712018128,0.00034035887802],[-0.000591495831031,0.00346876075491,-0.00321575766429,0.00703534390777,-0.0082709454,0.0121772922575,-0.00790919642895,0.00381685048342,0.00252611469477,-0.00950249843299,0.0103950900957,-0.00694334134459,0.00352041656151],[-0.0000284090019704,-0.000928483786993,-0.00250925240107,0.00125418882817,0.000350437272573,-0.00790919642895,0.0181916523725,-0.0168348979205,0.00904915761203,0.00228535640053,-0.0118223968893,0.0131593048573,-0.00706532038748],[0.000405542115914,0.000324002699926,0.00579793658108,-0.00771460402757,0.00635570148006,0.00381685048342,-0.0168348979205,0.0289631523192,-0.0217029154301,0.00767188984901,0.00501733645797,-0.0129505638033,0.0118283014745],[-0.000481822848087,-0.00119057006668,-0.00749324029312,0.0105285048485,-0.0117699634284,0.00252611469477,0.00904915761203,-0.0217029154301,0.0364636741579,-0.0242392681539,0.0100161666051,0.00131491804495,-0.00748056173325],[0.000105385537609,0.00294830254279,0.00471387291327,-0.00674651563168,0.0108745275065,-0.00950249843299,0.00228535640053,0.00767188984901,-0.0242392681539,0.0358349531889,-0.0256855599582,0.0114553216845,0.00224340334535],[0.000428688246757,-0.00469238916412,0.000152890323079,-0.000432749075117,-0.00474090268835,0.0103950900957,-0.0118223968893,0.00501733645797,0.0100161666051,-0.0256855599582,0.0369975976646,-0.0215795524418,0.00761030614376],[-0.000552561308723,0.00483364099637,-0.00228806934319,0.00286715384573,0.00194712018128,-0.00694334134459,0.0131593048573,-0.0129505638033,0.00131491804495,0.0114553216845,-0.0215795524418,0.0347589813173,-0.0238863620907],[0.000289182236884,-0.00325102661736,0.00285176909529,-0.00371835147962,0.00034035887802,0.00352041656151,-0.00706532038748,0.0118283014745,-0.00748056173325,0.00224340334535,0.00761030614376,-0.0238863620907,0.0318370349705]],"mean":[-144.062362671,122.428901672,-40.4962768555,21.1325130463,-59.1404495239,22.2101898193,-46.6795272827,9.59471225739,-18.2434177399,2.15201377869,-11.9911937714,-3.28168272972,-3.69423341751]},"hfc":{"dmean":5.66010951996,"dmean2":9.27739429474,"dvar":67.1641540527,"dvar2":164.845062256,"max":186.863021851,"mean":8.19112014771,"median":4.00672101974,"min":1.14458423962e-16,"var":112.874328613},"melbands":{"dmean":[0.00316131813452,0.00471170805395,0.00198910851032,0.00149714143481,0.000763985852245,0.000425567879574,0.000180178612936,0.00013527100964,0.0000751730258344,0.0000718303417671,0.0000400935969083,0.0000348928006133,0.0000488897567266,0.0000165797882801,0.0000147778982864,0.00001681446156,0.0000142936005432,0.0000173986754817,0.0000092285717983,0.000012799666365,0.00000760447755965,0.0000018247716298,6.09803294083e-7,2.20604732704e-7,1.13988733119e-7,8.87664199922e-8,5.35948494473e-8,5.1231165088e-8,2.36261872288e-8,1.92418756484e-8,1.77034547022e-8,1.7813647446e-8,1.87532620544e-8,2.13090558532e-8,2.44714186692e-8,2.84534849015e-8,3.1850394322e-8,3.34949241676e-8,3.07033829472e-8,2.43470825723e-8],"dmean2":[0.00538461655378,0.0081978822127,0.00350015750155,0.0027629500255,0.00139888713602,0.000709300220478,0.000305982452119,0.000225001946092,0.000126411076053,0.000121055418276,0.0000705571583239,0.000061433238443,0.0000905853230506,0.000029676781196,0.0000233571772696,0.0000263228666881,0.0000211392216443,0.0000253547532338,0.0000143613833643,0.0000233616774494,0.0000144525192809,0.000003107585826,9.49324999056e-7,3.44368658034e-7,1.8391165213e-7,1.37793776389e-7,8.34917983639e-8,7.66361338833e-8,3.66243426697e-8,2.99763129874e-8,2.75954246121e-8,2.76069442862e-8,2.87845622893e-8,3.28480318501e-8,3.78117128719e-8,4.37413554266e-8,4.87172648889e-8,5.13481275277e-8,4.68249687913e-8,3.6985341012e-8],"dvar":[0.0000435258443758,0.000105156781501,0.0000264425543719,0.0000185282569873,0.00000244557782025,6.00293560638e-7,1.64853403817e-7,2.05487523885e-7,8.98326817378e-8,7.43234807032e-8,2.28528325152e-8,9.5245686893e-9,1.30514266061e-8,1.93523996828e-9,3.45426842685e-9,6.69218280791e-9,3.70167985153e-9,4.71811523184e-9,8.38567326689e-10,5.76793945939e-10,2.86464463262e-10,2.87802993243e-11,8.61889292575e-12,1.12221679432e-12,2.26782853022e-13,1.14415015006e-13,1.77292245961e-14,4.58267863761e-14,2.51671742189e-15,2.45013427949e-15,1.05512829597e-15,8.94558801254e-16,7.85776318602e-16,8.70740287717e-16,1.16399669952e-15,1.46259656574e-15,1.76113248096e-15,1.92413359551e-15,1.5264504621e-15,9.52660814513e-16],"dvar2":[0.0001152788318,0.000284899055259,0.0000724955607438,0.000052724743,0.00000672417445458,0.00000143832187405,4.04995290637e-7,4.60845740236e-7,2.37918541757e-7,1.94049476931e-7,6.0891423459e-8,2.45505162866e-8,3.64647760875e-8,5.18295051322e-9,8.09611755415e-9,1.50763632689e-8,7.34233607247e-9,8.39433234034e-9,1.5820633692e-9,1.42835465677e-9,7.83635822899e-10,5.70650887655e-11,1.40058468295e-11,1.90428358846e-12,4.38178112501e-13,2.10134766033e-13,3.75213267845e-14,8.94350240567e-14,5.36603164789e-15,5.2440491626e-15,2.29607571529e-15,1.94334239693e-15,1.58362169203e-15,1.88004531885e-15,2.5146993659e-15,3.11491580617e-15,3.71762929957e-15,3.99447524211e-15,3.11946394958e-15,1.88028418214e-15],"max":[0.0460435599089,0.0774165391922,0.067458152771,0.0339339822531,0.0276505369693,0.0228697303683,0.0147383939475,0.0199963282794,0.0166004709899,0.00979380216449,0.00445853173733,0.00349232298322,0.0014122541761,0.00167670845985,0.00144170422573,0.00363629986532,0.00175744097214,0.00176293577533,0.00111678696703,0.000478756817756,0.000300855841488,0.000201960720005,0.000168836879311,0.0000549476098968,0.0000326945373672,0.0000121009124996,0.00000499442467117,0.00000932694365474,0.00000264924210569,0.00000368444011656,0.00000210129246625,0.00000158097259373,0.00000196594282897,8.76784611137e-7,0.00000116332057587,0.00000118625439427,8.16889610178e-7,8.08605477687e-7,7.2487404168e-7,6.02078387146e-7],"mean":[0.00261623039842,0.00394971715286,0.00209585647099,0.00128344155382,0.000743820797652,0.000647511682473,0.000272372679319,0.000195958928089,0.0000960725592449,0.0000822306174086,0.0000401590914407,0.0000332444906235,0.0000341566774296,0.0000140589054354,0.0000183418742381,0.0000242016940319,0.0000211145597859,0.0000319661849062,0.0000139600160765,0.0000110403370854,0.00000504360377818,0.00000203913305086,8.81662799657e-7,3.3574596614e-7,1.62310627161e-7,1.43759905313e-7,7.87468437125e-8,7.60789546916e-8,3.61965746265e-8,3.09036494173e-8,2.93560393771e-8,3.06118899118e-8,3.30317035946e-8,3.79575517684e-8,4.43213252765e-8,5.23710994571e-8,6.11582677834e-8,6.75215687806e-8,6.52310490068e-8,5.32400967757e-8],"median":[0.000438595336163,0.000652533082757,0.000326773355482,0.000148013190483,0.000141999102198,0.000144122590427,0.0000510542486154,0.000023276772481,0.00000999051917461,0.00000811961854197,0.00000331328601533,0.00000238908091887,0.00000167561063336,5.57130874768e-7,3.34314080419e-7,2.41229059839e-7,1.3156686407e-7,1.10261986208e-7,6.75640023928e-8,5.44491491894e-8,3.74634758771e-8,2.84754317903e-8,2.51084042446e-8,2.32078640749e-8,2.36663026953e-8,2.15410107529e-8,2.02588612552e-8,1.94604599102e-8,1.72660978848e-8,1.53343542308e-8,1.44368659249e-8,1.43926390805e-8,1.4742552068e-8,1.6502882616e-8,1.86514110823e-8,2.21291838187e-8,2.68333639752e-8,3.14879819996e-8,3.17776525094e-8,2.56879104654e-8],"min":[1.77342084609e-23,5.73848227476e-24,3.4092785498e-24,1.12161908001e-23,3.43975106328e-24,5.03728945409e-24,5.45568668429e-24,1.16985784548e-23,3.37721861152e-23,2.39187470069e-23,1.38836363875e-23,9.34189909891e-24,9.35932740289e-24,3.89062806353e-24,3.96769701296e-24,3.90161807923e-24,4.59857471684e-24,6.19290047162e-24,1.70034739826e-23,7.97075944916e-24,8.21604707017e-24,8.11665217383e-24,9.96272474271e-24,1.0992693095e-23,5.90309782416e-24,8.0176990396e-24,7.33937253556e-24,8.45993840737e-24,1.28985439656e-23,1.01595155618e-23,1.16236485017e-23,1.40377261659e-23,8.59880317024e-24,1.40735609613e-23,1.26552024644e-23,1.0598395171e-23,1.09602859002e-23,1.25214929075e-23,8.37839858877e-24,1.06964671476e-23],"var":[0.0000331759401888,0.0000765199802117,0.0000216375719901,0.0000120490194604,0.00000238278994402,0.00000168843746451,4.83606356738e-7,6.88319744313e-7,1.40558839234e-7,9.04536179291e-8,2.37981137019e-8,1.0889632307e-8,8.70077698778e-9,1.74040137857e-9,4.69486538535e-9,1.06696793623e-8,7.5829875712e-9,1.24948789093e-8,2.08287387338e-9,7.82287012946e-10,2.2280415013e-10,5.93000162863e-11,2.58866834218e-11,3.42162170992e-12,5.65608703536e-13,3.28683342479e-13,3.74715347997e-14,9.46529367472e-14,4.91350980153e-15,5.22424722636e-15,2.43751666495e-15,2.3233440352e-15,2.21979743377e-15,2.37150103462e-15,3.2406749996e-15,4.27676930057e-15,5.37631886303e-15,6.04496455401e-15,5.18178377065e-15,3.39071714533e-15]},"melbands_crest":{"dmean":3.84676790237,"dmean2":6.34243440628,"dvar":13.5112600327,"dvar2":34.7678413391,"max":38.6001815796,"mean":16.7869148254,"median":16.4619045258,"min":1.39727520943,"var":30.0668125153},"melbands_flatness_db":{"dmean":0.0617175810039,"dmean2":0.0884977355599,"dvar":0.00327087962069,"dvar2":0.00730847334489,"max":0.705637037754,"mean":0.378785341978,"median":0.384521484375,"min":0.000775118882302,"var":0.0130357984453},"melbands_kurtosis":{"dmean":46.478012085,"dmean2":71.8918075562,"dvar":10659.6386719,"dvar2":21370.8046875,"max":1323.51074219,"mean":59.1699676514,"median":13.6226034164,"min":-1.83570301533,"var":17555.5332031},"melbands_skewness":{"dmean":1.9145052433,"dmean2":2.90883469582,"dvar":7.03900909424,"dvar2":14.0155134201,"max":33.6411323547,"mean":3.53475999832,"median":2.36308431625,"min":-3.95714783669,"var":16.9073009491},"melbands_spread":{"dmean":5.39036083221,"dmean2":8.33246040344,"dvar":90.2231292725,"dvar2":207.200195313,"max":177.964279175,"mean":9.5754404068,"median":4.27806901932,"min":0.289558768272,"var":198.190551758},"mfcc":{"cov":[[8945.35644531,3407.7734375,-2203.0078125,-1913.30541992,35.231426239,178.859161377,-531.396972656,-212.573760986,48.8845939636,-202.311203003,-508.523803711,-239.780319214,60.5224609375],[3407.7734375,2747.51489258,35.3949584961,-675.462524414,-288.075805664,-201.048171997,-278.816833496,-139.90032959,-53.7245903015,-154.522537231,-218.714431763,-99.5884475708,6.53855705261],[-2203.0078125,35.3949584961,1949.24829102,851.312438965,-238.553314209,-159.211990356,163.122406006,85.2140426636,-32.029586792,46.4130516052,187.275100708,94.3579940796,-37.2052001953],[-1913.30541992,-675.462524414,851.312438965,1226.6763916,175.505432129,-164.289031982,215.502929688,111.02230072,-41.781085968,7.1550116539,59.421295166,69.3039093018,61.6735801697],[35.231426239,-288.075805664,-238.553314209,175.505432129,494.33416748,271.262390137,16.6072750092,62.0722351074,92.4212493896,-11.8831615448,-63.4188270569,2.73680591583,45.3708572388],[178.859161377,-201.048171997,-159.211990356,-164.289031982,271.262390137,425.156097412,114.543800354,26.7848987579,87.7891616821,90.0547714233,50.8101654053,-4.91618728638,-28.5007152557],[-531.396972656,-278.816833496,163.122406006,215.502929688,16.6072750092,114.543800354,253.230270386,94.5906219482,11.6920223236,90.8507614136,109.780654907,24.4050273895,-26.3554916382],[-212.573760986,-139.90032959,85.2140426636,111.02230072,62.0722351074,26.7848987579,94.5906219482,168.702194214,91.7997207642,1.5182710886,4.62635564804,30.8418540955,20.0854740143],[48.8845939636,-53.7245903015,-32.029586792,-41.781085968,92.4212493896,87.7891616821,11.6920223236,91.7997207642,141.248168945,50.9606742859,2.15987038612,21.2301235199,21.2349205017],[-202.311203003,-154.522537231,46.4130516052,7.1550116539,-11.8831615448,90.0547714233,90.8507614136,1.5182710886,50.9606742859,168.839065552,147.325363159,30.949634552,-33.8496551514],[-508.523803711,-218.714431763,187.275100708,59.421295166,-63.4188270569,50.8101654053,109.780654907,4.62635564804,2.15987038612,147.325363159,217.565582275,73.1132125854,-49.8557815552],[-239.780319214,-99.5884475708,94.3579940796,69.3039093018,2.73680591583,-4.91618728638,24.4050273895,30.8418540955,21.2301235199,30.949634552,73.1132125854,86.0496826172,34.4336166382],[60.5224609375,6.53855705261,-37.2052001953,61.6735801697,45.3708572388,-28.5007152557,-26.3554916382,20.0854740143,21.2349205017,-33.8496551514,-49.8557815552,34.4336166382,99.2104492188]],"icov":[[0.000595693534706,-0.000813311664388,0.000836636521854,-0.000527185038663,0.000877246959135,-0.00148692482617,0.0015074146213,-0.00151001720224,0.00112343416549,-0.00104194041342,0.000655835843645,-0.000244135240791,0.0000278415427601],[-0.000813311664388,0.00173205626197,-0.00165240070783,0.00176444044337,-0.00204985169694,0.00324074737728,-0.00297483452596,0.00278634065762,-0.00152277713642,0.0010064629605,0.0000606664470979,0.000272836216027,-0.000215355525143],[0.000836636521854,-0.00165240070783,0.00320822093636,-0.00395783176646,0.00520693743601,-0.0061048544012,0.00550824264064,-0.00384527561255,0.000872910371982,0.00038451445289,-0.00103214930277,-0.000469641498057,0.000957441574428],[-0.000527185038663,0.00176444044337,-0.00395783176646,0.00803163554519,-0.00995050556958,0.0116038639098,-0.0107568223029,0.00586420763284,-0.000662337697577,-0.00112702464685,0.00167579448316,0.000291719479719,-0.00193436222617],[0.000877246959135,-0.00204985169694,0.00520693743601,-0.00995050556958,0.0170041266829,-0.0181123446673,0.0152364643291,-0.00969871878624,0.00228137942031,0.000287516944809,0.000571636424866,-0.00169901095796,0.00125661748461],[-0.00148692482617,0.00324074737728,-0.0061048544012,0.0116038639098,-0.0181123446673,0.0246533602476,-0.0220555458218,0.0165860336274,-0.0101032033563,0.0035946147982,-0.00168572482653,0.00224212696776,-0.000897327379789],[0.0015074146213,-0.00297483452596,0.00550824264064,-0.0107568223029,0.0152364643291,-0.0220555458218,0.0315465219319,-0.0267669614404,0.0194606911391,-0.0130829541013,0.00142676581163,0.000847640214488,0.000318233855069],[-0.00151001720224,0.00278634065762,-0.00384527561255,0.00586420763284,-0.00969871878624,0.0165860336274,-0.0267669614404,0.0377879031003,-0.0322062000632,0.0231227446347,-0.00829776190221,0.000247251329711,0.00061623408692],[0.00112343416549,-0.00152277713642,0.000872910371982,-0.000662337697577,0.00228137942031,-0.0101032033563,0.0194606911391,-0.0322062000632,0.0434862561524,-0.0338300056756,0.0203253813088,-0.00977432914078,0.000654644332826],[-0.00104194041342,0.0010064629605,0.00038451445289,-0.00112702464685,0.000287516944809,0.0035946147982,-0.0130829541013,0.0231227446347,-0.0338300056756,0.0464024916291,-0.0348303057253,0.018262565136,-0.00661012623459],[0.000655835843645,0.0000606664470979,-0.00103214930277,0.00167579448316,0.000571636424866,-0.00168572482653,0.00142676581163,-0.00829776190221,0.0203253813088,-0.0348303057253,0.0458664409816,-0.0346556939185,0.0183233842254],[-0.000244135240791,0.000272836216027,-0.000469641498057,0.000291719479719,-0.00169901095796,0.00224212696776,0.000847640214488,0.000247251329711,-0.00977432914078,0.018262565136,-0.0346556939185,0.0461828708649,-0.0237515568733],[0.0000278415427601,-0.000215355525143,0.000957441574428,-0.00193436222617,0.00125661748461,-0.000897327379789,0.000318233855069,0.00061623408692,0.000654644332826,-0.00661012623459,0.0183233842254,-0.0237515568733,0.0258217994124]],"mean":[-812.632629395,160.536178589,68.987121582,11.6834630966,20.4425392151,4.40875673294,-0.759196043015,-1.43050539494,2.65870070457,3.31417822838,-4.41877126694,-1.33120167255,3.08640861511]},"pitch_salience":{"dmean":0.123934112489,"dmean2":0.201387643814,"dvar":0.0143639771268,"dvar2":0.0365128554404,"max":0.98711669445,"mean":0.514113664627,"median":0.522855103016,"min":0.0317460484803,"var":0.0275640003383},"silence_rate_20dB":{"dmean":0.000106963314465,"dmean2":0.000213938066736,"dvar":0.000106943662104,"dvar2":0.000320828519762,"max":1,"mean":0.999946534634,"median":1,"min":0,"var":0.0000534738865099},"silence_rate_30dB":{"dmean":0.135629475117,"dmean2":0.271273463964,"dvar":0.117242902517,"dvar2":0.273305654526,"max":1,"mean":0.893416762352,"median":1,"min":0,"var":0.09521882236},"silence_rate_60dB":{"dmean":0.12696544826,"dmean2":0.25394448638,"dvar":0.110841214657,"dvar2":0.213195934892,"max":1,"mean":0.204556390643,"median":0,"min":0,"var":0.162713959813},"spectral_centroid":{"dmean":230.809417725,"dmean2":345.347412109,"dvar":155825.625,"dvar2":299682.5625,"max":11129.6484375,"mean":604.27142334,"median":372.752990723,"min":95.9305953979,"var":374612.71875},"spectral_complexity":{"dmean":2.10546588898,"dmean2":3.22629308701,"dvar":5.27039432526,"dvar2":10.2248659134,"max":33,"mean":6.43467569351,"median":6,"min":0,"var":25.0074176788},"spectral_contrast_coeffs":{"dmean":[0.0688706412911,0.0669426172972,0.0545074492693,0.0485292114317,0.0365706309676,0.010575953871],"dmean2":[0.110762044787,0.105461589992,0.0878485143185,0.0745973363519,0.0635389313102,0.0163043234497],"dvar":[0.00437060976401,0.00355757633224,0.00229766615666,0.00212779454887,0.00183454481885,0.000079330522567],"dvar2":[0.011024415493,0.00813689082861,0.00570071814582,0.00422281352803,0.00460337707773,0.000188241159776],"max":[-0.256301313639,-0.210245892406,-0.407565116882,-0.471344709396,-0.616318225861,-0.729080021381],"mean":[-0.651095688343,-0.715239226818,-0.791163861752,-0.81060475111,-0.84933757782,-0.875363707542],"median":[-0.659464240074,-0.724874317646,-0.803771972656,-0.841362953186,-0.867306053638,-0.878082454205],"min":[-0.971837103367,-0.984552025795,-0.98770570755,-0.977823674679,-0.978568553925,-0.957569003105],"var":[0.0106759220362,0.012124793604,0.00710872607306,0.00969464704394,0.00282488996163,0.000219492052565]},"spectral_contrast_valleys":{"dmean":[0.695264518261,0.888873159885,1.13053274155,0.958808600903,0.423357397318,0.255399495363],"dmean2":[1.01882910728,1.36823582649,1.78901088238,1.55184078217,0.647496640682,0.371541947126],"dvar":[0.473081588745,0.747778117657,1.05892348289,0.89664041996,0.200552210212,0.0705684795976],"dvar2":[0.959755837917,1.70651900768,2.43528866768,2.07035160065,0.416250497103,0.135276153684],"max":[-4.69583797455,-3.87631773949,-4.833984375,-5.55653190613,-7.14453554153,-9.539894104],"mean":[-7.53768157959,-7.59633970261,-8.82325553894,-9.58450031281,-9.8331155777,-11.0595655441],"median":[-7.3726606369,-7.35285997391,-8.80859375,-9.89424610138,-9.83244800568,-11.204744339],"min":[-27.1919212341,-27.0847377777,-26.8713207245,-27.2872581482,-27.2617549896,-27.3930130005],"var":[1.7244284153,2.11703705788,2.29838824272,1.67420649529,0.50912129879,0.312477588654]},"spectral_decrease":{"dmean":7.90655363403e-9,"dmean2":1.31972601736e-8,"dvar":1.99454355336e-16,"dvar2":5.13978798301e-16,"max":-4.27277548924e-29,"mean":-8.87577922271e-9,"median":-3.58949514556e-9,"min":-1.02432196059e-7,"var":1.87332519767e-16},"spectral_energy":{"dmean":0.0303061362356,"dmean2":0.0505552515388,"dvar":0.00290335505269,"dvar2":0.00747815333307,"max":0.403551191092,"mean":0.0342421419919,"median":0.0140466904268,"min":1.05429847859e-20,"var":0.00274528819136},"spectral_energyband_high":{"dmean":0.0000079198180174,"dmean2":0.0000111957806439,"dvar":1.26874774575e-10,"dvar2":2.09708167498e-10,"max":0.000453712156741,"mean":0.0000186564575415,"median":0.00000827453277452,"min":8.13555073783e-21,"var":5.13448006334e-10},"spectral_energyband_low":{"dmean":0.0218375232071,"dmean2":0.0374215096235,"dvar":0.00217292131856,"dvar2":0.00578993465751,"max":0.331388771534,"mean":0.0193117205054,"median":0.00388028030284,"min":7.70783116281e-23,"var":0.00166224909481},"spectral_energyband_middle_high":{"dmean":0.00117388146464,"dmean2":0.00191148975864,"dvar":0.00000589510727877,"dvar2":0.0000125032966025,"max":0.0618917793036,"mean":0.00149344129022,"median":0.0000621677318122,"min":1.17744010513e-21,"var":0.0000121133471112},"spectral_energyband_middle_low":{"dmean":0.0128392474726,"dmean2":0.0225844252855,"dvar":0.000584829249419,"dvar2":0.00158476876095,"max":0.350459575653,"mean":0.0156410690397,"median":0.00503059150651,"min":4.38990011837e-22,"var":0.000643574225251},"spectral_entropy":{"dmean":0.478114575148,"dmean2":0.700915336609,"dvar":0.222682803869,"dvar2":0.468077123165,"max":9.80174541473,"mean":6.48264503479,"median":6.42483949661,"min":3.89471387863,"var":0.885104894638},"spectral_flux":{"dmean":0.0669575259089,"dmean2":0.100278019905,"dvar":0.00699988240376,"dvar2":0.0120420809835,"max":0.616378128529,"mean":0.104999482632,"median":0.0641064569354,"min":1.02679038883e-10,"var":0.0116583630443},"spectral_kurtosis":{"dmean":5.94126367569,"dmean2":8.98708534241,"dvar":48.4056358337,"dvar2":104.918403625,"max":228.31791687,"mean":14.5001087189,"median":11.9748468399,"min":-1.21801424026,"var":173.88482666},"spectral_rms":{"dmean":0.00215094606392,"dmean2":0.00325662386604,"dvar":0.00000828855445434,"dvar2":0.0000194222266146,"max":0.0198420882225,"mean":0.00449075410143,"median":0.00370190339163,"min":3.20715437714e-12,"var":0.0000132401601149},"spectral_rolloff":{"dmean":418.958007813,"dmean2":722.217285156,"dvar":1597163.75,"dvar2":3766230,"max":19099.9511719,"mean":768.938842773,"median":366.064453125,"min":43.06640625,"var":2301702.75},"spectral_skewness":{"dmean":0.661243319511,"dmean2":0.957823812962,"dvar":0.441830962896,"dvar2":0.874430894852,"max":12.9404764175,"mean":3.09883737564,"median":3.08682608604,"min":-0.0430513992906,"var":1.99976766109},"spectral_spread":{"dmean":1470237.125,"dmean2":2319421,"dvar":3553930510340,"dvar2":7685453381630,"max":41795232,"mean":4954765.5,"median":3924190,"min":450576.9375,"var":9170995642370},"spectral_strongpeak":{"dmean":0.350933432579,"dmean2":0.577599167824,"dvar":0.337426364422,"dvar2":0.804809749126,"max":8.69024181366,"mean":0.627890229225,"median":0.388883829117,"min":0,"var":0.714399755001},"zerocrossingrate":{"dmean":0.0109823588282,"dmean2":0.0127180069685,"dvar":0.000322671694448,"dvar2":0.000436561967945,"max":0.50244140625,"mean":0.0355296097696,"median":0.01953125,"min":0.00341796875,"var":0.00171746429987}},"metadata":{"audio_properties":{"analysis_sample_rate":44100,"bit_rate":192012,"codec":"mp3","downmix":"mix","equal_loudness":0,"length":434.155090332,"lossless":false,"md5_encoded":"9cf2343149d946dc7b496e3aa9cd0f5d","replay_gain":-5.59090232849,"sample_rate":44100},"tags":{"acoustid_fingerprint":["AQADtI_ELGkS4Vk-PLGDXTTCPAu0C2dwPPtwNOrxQk_44akF-YfDo1wvfEefHOKOH65zPEm8wdEZQQ38CbkyuIF3lNmDPIs26CfcC3ny4TrCPEOh0jtOouSF74fH48qHHv3R_MMn9PBRXZBDGk12JUU6xpPQB3nRR9CSHG-ELM8uNGeGkDk88tC-jOglgsvhXESfQzePH-0HcY_QM2OwJxmaEiIqRFeGM7kQUofIGyF59LnxCackuAi_Q-eRi8dzDGVh5fiDUNLo4KVxnZjSo6ePLktUpPyRzzk8KbnwHj_-48EPW5xw4xT0K3CSSDzS9kVPhJex9Qu0HxfRJVG8EFMu48SVHXyPO0XZH2HI4Ef0HH2eodHmoxp3aBnLRejp44F6rIhulM1TVMpexH-gvcW9owmPqrgILeoy9GimsUXVSDgv9IIWpazw4sJrDfqRo-PR4OQUlAnCqC_0HXvRF7nwo9xR_qCeo1KWo082I0wd6IgXvDp-dHNwNDueRMd35M3Qg7oolPHxHfWhZT9ONIkmHaEPJlTYIaQ49Be0HKcq49RwPeghctwRLqVw9ISfoxd4HFl2iNMuwdwRsgjd4LDDCn_wHPpx5Sgu-UQfeJtyFBcP7Y0EXZLwB_k7OD_6nMgX4Uh2NN1inMcrBX04-LiInJuQnMf14MdFHNfxIWGpEOFyPLuCcw_64w1z3HgF_0Sv4-KCNkca8aiVHNpXXId4DR2uouLhvUU7PYLGM3B39Oh1iKEYod7xE-WkgxePd0TJXNA2UD8k8rBMIaNznPjhi0e4ZBf0XqhuwU0SBRWFE_Jt1AqulRLSJerxBo4L_7g-3LhwTNzwIHGPMOsSZ6g-J6h3NM5xNA96HXkGPZcwSQ--HGuLZ_gR8fiCH-e5CL4u5D1UF16izEinkESP8IwKLfnx-ciVvKiUH9uPHjGnPBqeHPMjBj5-fAdHZemEftBy5ojFXGCTk6jSrAG_Ef9ALYzwF8mRByUnGneOo7pCNM5XvA8eHk23FKEeouTR6IZO4UXT7eikHHoDvkfOoT_M7MjDw3lGQ8_R1HiSKcd7NPGPnkRnHs3YYk58NGKPWpGOJkeh-wi7Hk8tnMqRQ_wqnEceXeiFH3mUK9CzfSg_IT36KLhwRSijw5OOHz2Lu_iRC52wbRAd4ofH49wFcUePI-QTBQ2PHznxy8Ko6EHXwkff44oUhKREXD_uEqWUC316NM-OS0LFKTlS5bChSciPHs1TjFfAHJeoYeoS5Pyg_QrCdJqKs8eHRo_xPHDMHKlDlBp0BfUUdfAWGadypNxRMkeuK0OjrIf-EOZ4hGwe1GGHpsKP62giakepHE92nKmH_kOydNeRH0119MSJn0LDLwpKCRdibincEed26MmG-cILKb8Mt3KgHX2KxgV_5FJmoQhDjkWXQ6w_nGKhpWbxIAvDC54SFr_R70LerIcmpD3KKGZwHeHRxAwJPcmMRz_CHlaOykwX5Imy43uEN0KaB2RzXLqCVkUa6Rk0OeyRk0T3wN0Eu5lwcjLyRUfCD3WS5fhxB030CP3xE8l79McNMerRh8d_fNsD_biyIHwM70Ie9ZCuIG1efEWvCszCI9aHZolyPKETcIcWPUefCVeyo1LiI_1xhzhJuLBDHV9ED