{"lowlevel":{"average_loudness":0.543739140034,"barkbands":{"dmean":[0.00119536567945,0.00424951687455,0.00257410830818,0.00134541455191,0.00200523785315,0.000433841400081,0.000349262874806,0.000237350483076,0.000552359852009,0.000392755988287,0.000492373481393,0.000258148822468,0.000261255714577,0.000174669927219,0.0002142895828,0.000189378944924,0.000218548681005,0.000153966553626,0.0000981435441645,0.0000820982168079,0.0000470980812679,0.0000430511390732,0.0000406357248721,0.0000307571353915,0.0000395945608034,0.0000235306270042,0.00000704708372723],"dmean2":[0.00177108275238,0.00712067866698,0.00437458371744,0.00231143622659,0.00344165600836,0.000708275532816,0.000569586292841,0.000373873946955,0.000807540956885,0.00056603102712,0.000670598354191,0.000393642840208,0.00040216758498,0.000275176076684,0.000334060576279,0.000298383791232,0.000360796810128,0.000250061682891,0.00015705707483,0.000131274471642,0.0000782791830716,0.0000696523929946,0.0000642323793727,0.000047951387387,0.000058048102801,0.0000357396966137,0.0000111249719339],"dvar":[0.000011692553926,0.000121128061437,0.0000250432822213,0.00000840093525767,0.0000163760887517,9.02493297872e-7,9.47796479522e-7,0.00000120577476537,0.0000051644656196,0.00000398927522838,0.00000550685399503,0.00000149348727518,0.00000120992876873,3.4088418488e-7,5.65012726383e-7,2.81548011571e-7,1.86541868175e-7,1.02327426532e-7,5.32005870468e-8,4.40794529766e-8,1.10597007108e-8,1.08629558682e-8,1.18618777023e-8,1.33229889343e-8,3.74173012574e-8,2.28539107638e-8,8.79531170117e-10],"dvar2":[0.0000236826417677,0.000309766735882,0.0000712101973477,0.0000227759428526,0.0000465422090201,0.00000216914713747,0.00000225493522521,0.00000253727966992,0.0000102626727312,0.00000814701434138,0.00000909105710889,0.00000304209243041,0.00000250998459705,7.14024679382e-7,0.00000125643123283,5.72614567318e-7,4.67413968863e-7,2.39976174043e-7,1.13791166712e-7,1.01864813473e-7,2.92392510204e-8,2.65912802888e-8,2.76290048618e-8,2.63452246685e-8,6.93548116715e-8,5.36595585743e-8,2.09745398827e-9],"max":[0.0665302425623,0.11603949964,0.077951297164,0.056854326278,0.0507792010903,0.0261214748025,0.0280039031059,0.0404704883695,0.0638769045472,0.0796221643686,0.134734019637,0.0598715022206,0.0420144796371,0.0226836800575,0.0242916028947,0.0234242677689,0.00988889951259,0.0152803193778,0.010657871142,0.00522520206869,0.00210796180181,0.00203959620558,0.002732637804,0.00391600932926,0.0106022823602,0.00955453142524,0.000987101346254],"mean":[0.00141169677954,0.00541238253936,0.00555277662352,0.00225405534729,0.0033283662051,0.00078083970584,0.00051642220933,0.000408070482081,0.00106849067379,0.000685230246745,0.00109198386781,0.000455196714029,0.000439301453298,0.000297121965559,0.000392866670154,0.000366865220712,0.000481635361211,0.000356166972779,0.000227302094572,0.000181128722033,0.000107491112431,0.0000911462047952,0.0000887052665348,0.000069027148129,0.000076426716987,0.0000407384068239,0.00000906972672965],"median":[0.0000127781386254,0.00064474606188,0.00143762375228,0.000472327228636,0.00121075636707,0.0002972810762,0.000162303389516,0.0000946771833696,0.00013911644055,0.0000731105246814,0.0000845881586429,0.0000903237887542,0.0000876125413924,0.0000801596761448,0.0000989042018773,0.0000937333097681,0.000158538139658,0.000124020298244,0.0000516757900186,0.0000448384780611,0.0000132694331114,0.00000503164847032,0.00000436444042862,0.00000322962318933,0.00000349336414729,0.00000293142534247,3.65603369801e-7],"min":[5.52919017964e-25,2.07102651119e-24,2.73857056856e-25,8.40328951691e-25,4.44013831492e-24,3.48816700691e-24,6.86498077501e-24,5.9502523792e-24,1.13378165856e-23,1.30260948853e-23,1.22263674211e-23,1.59187476394e-23,2.901495096e-23,3.72743845911e-23,2.21810347385e-23,5.13548512408e-23,5.86088942699e-23,8.06663287041e-23,1.10063438596e-22,1.58251354091e-22,1.94230378588e-22,2.64129437512e-22,3.91477512739e-22,4.92230322683e-22,8.22415539276e-22,1.2944212354e-21,1.80495474667e-21],"var":[0.0000158973089128,0.000138629126013,0.000064527062932,0.0000192071856873,0.0000259734497376,0.00000227796817853,0.00000170435566815,0.00000286788963422,0.0000181747163879,0.0000113879905257,0.000024758548534,0.00000359794876204,0.00000265598441729,7.3185248084e-7,0.00000139033193136,6.98321969139e-7,6.0376902411e-7,3.99641436388e-7,1.69775020709e-7,1.17290490209e-7,3.57637581772e-8,3.04612548518e-8,3.43988197926e-8,3.63293928274e-8,9.47073957036e-8,3.27158282687e-8,1.13073250763e-9]},"barkbands_crest":{"dmean":2.67511415482,"dmean2":4.40350151062,"dvar":5.96268224716,"dvar2":15.4596185684,"max":26.4963207245,"mean":11.396979332,"median":10.8680782318,"min":2.58670711517,"var":16.6925106049},"barkbands_flatness_db":{"dmean":0.025243634358,"dmean2":0.0385853238404,"dvar":0.000700785429217,"dvar2":0.00145344110206,"max":0.745799779892,"mean":0.178695380688,"median":0.151793241501,"min":0.0192861799151,"var":0.0114415334538},"barkbands_kurtosis":{"dmean":5.47451496124,"dmean2":8.89340686798,"dvar":547.053710938,"dvar2":1470.72680664,"max":902.058898926,"mean":8.6359205246,"median":3.39269828796,"min":-1.90886032581,"var":509.599761963},"barkbands_skewness":{"dmean":0.653711438179,"dmean2":1.01958417892,"dvar":0.855416595936,"dvar2":1.96857631207,"max":26.1480331421,"mean":1.88489198685,"median":1.72992694378,"min":-5.08398246765,"var":2.83861875534},"barkbands_spread":{"dmean":4.84975385666,"dmean2":7.70113754272,"dvar":45.0071296692,"dvar2":99.5211639404,"max":124.610115051,"mean":18.3520374298,"median":15.5617256165,"min":0.212626755238,"var":225.182571411},"dissonance":{"dmean":0.0227948650718,"dmean2":0.03824942559,"dvar":0.000805915973615,"dvar2":0.00213049026206,"max":0.500000119209,"mean":0.450300484896,"median":0.471368163824,"min":0.0682369992137,"var":0.00293476437218},"dynamic_complexity":9.73305702209,"erbbands":{"dmean":[0.172461554408,0.82169508934,2.4824962616,3.96850156784,5.99392271042,6.91163778305,5.11532402039,3.6233716011,4.70546340942,4.77746105194,5.7314953804,12.825545311,10.4613294601,16.9743347168,13.9809579849,9.07796287537,11.1804437637,8.63432979584,10.4613056183,9.52213764191,10.170463562,11.1233673096,8.6862449646,5.643430233,4.69947624207,3.63784646988,2.33282327652,1.55170750618,1.48361349106,1.71475374699,0.975336611271,0.616306483746,0.56925624609,0.451476424932,0.284051448107,0.117178738117,0.0448232144117,0.0092262243852,0.00105829478707,0.0000712215551175],"dmean2":[0.287909418344,1.44477260113,4.24770212173,6.82581233978,10.2283830643,12.0047893524,8.55243873596,5.93828344345,7.6625418663,7.72453022003,8.77967453003,18.8119659424,14.8196878433,24.2263336182,19.4551925659,13.7963123322,17.0052814484,13.4804410934,16.1234340668,14.9885091782,16.2259063721,18.169834137,14.0631284714,9.23838615417,7.37483310699,5.78133869171,3.84544634819,2.57318472862,2.396733284,2.68494582176,1.5567535162,0.99751919508,0.854806661606,0.661274731159,0.429827421904,0.175943806767,0.0707119628787,0.0143433595076,0.00166336016264,0.00011443105177],"dvar":[0.233342736959,4.57224416733,26.0378684998,58.4760818481,220.403366089,169.938064575,119.736602783,80.6897964478,176.195068359,256.832824707,560.344787598,3111.04443359,2321.48876953,5805.20947266,5957.44824219,1936.49804688,2068.58178711,729.289367676,1231.29455566,1129.93676758,559.194030762,465.525512695,340.792510986,134.423629761,155.426193237,81.0698852539,26.3533802032,13.6704158783,12.681930542,20.2758731842,6.91782283783,4.47194337845,5.12726926804,4.35164928436,2.26033806801,0.474602997303,0.142051309347,0.00201638578437,0.0000186076122191,9.99426887915e-8],"dvar2":[0.514632463455,13.1309976578,73.3404388428,164.983184814,607.428039551,506.778686523,319.422485352,184.162368774,416.911651611,578.581970215,1133.6427002,6319.77441406,4693.33056641,11351.1201172,10973.5283203,3719.83398438,4340.07714844,1474.06152344,2656.19262695,2464.56201172,1267.45336914,1137.71252441,802.424743652,324.107147217,310.184570312,190.82131958,70.5751037598,36.44190979,31.4635562897,46.256477356,16.2289123535,10.2577266693,9.35000991821,7.36091995239,4.85077810287,0.938386559486,0.389166861773,0.00489747524261,0.0000448775681434,2.57559321426e-7],"max":[5.26012516022,24.9849586487,89.2528991699,110.930770874,223.206573486,188.087295532,200.280807495,321.500457764,469.906433105,581.384460449,1096.23071289,2050.53637695,2608.21704102,2567.86938477,5811.25439453,2455.69311523,1920.67260742,934.015258789,1091.28588867,1361.79174805,750.963500977,672.894775391,802.857727051,285.379608154,622.066101074,323.15423584,108.756217957,89.8292312622,73.404800415,101.420410156,57.2370605469,70.2348632812,82.4765396118,102.289535522,80.4113388062,36.6487731934,29.6906471252,3.06233668327,0.131530329585,0.0104982601479],"mean":[0.195522546768,1.11919498444,5.38425064087,8.22794246674,8.40235233307,11.405040741,9.40424728394,6.42801046371,7.3258099556,7.49880743027,10.9823637009,24.6677703857,19.7705593109,45.0848045349,27.8056545258,17.5455322266,20.0122642517,16.2041912079,19.6763343811,18.9659385681,22.6795959473,26.13996315,20.9907188416,14.1215829849,10.9869670868,8.34861278534,5.47884511948,3.38024044037,3.15614652634,3.63978362083,2.18244981766,1.31446731091,1.25054180622,0.91733366251,0.499940305948,0.204692706466,0.0703305676579,0.0146724293008,0.00141265755519,0.000105103252281],"median":[0.0136317554861,0.238051891327,1.61368453503,2.8156452179,3.14699625969,3.92023730278,2.78923630714,2.49930524826,2.52826046944,2.49409890175,2.64749240875,3.41217851639,3.37363243103,4.10450124741,4.02778959274,4.38050174713,4.92523384094,5.30841588974,5.37543773651,5.58554029465,7.37856769562,8.65919876099,7.20212507248,4.37039470673,2.69053673744,2.05196809769,1.0590313673,0.326302051544,0.186372846365,0.161019593477,0.114361405373,0.0737267881632,0.051595620811,0.0380409471691,0.0252497531474,0.0142105808482,0.00485614314675,0.000812703627162,0.0000685398263158,0.0000301478357869],"min":[7.51415823752e-23,5.59343276351e-22,1.17057173935e-21,4.65782817989e-21,5.5432910983e-21,1.74299685892e-20,3.99960340798e-20,4.50964846668e-20,9.7159439216e-20,1.57440904902e-19,1.89904835888e-19,2.28687547875e-19,5.46151944799e-19,4.28576802723e-19,7.15332145256e-19,1.08040065719e-18,1.69617086237e-18,2.29411284382e-18,2.54409199481e-18,3.02518892447e-18,3.14760152216e-18,4.05467558097e-18,4.83462790286e-18,5.7231667053e-18,5.60829199774e-18,6.79524447796e-18,8.03113213604e-18,9.5706988901e-18,1.00151843923e-17,1.07355321472e-17,1.05254224813e-17,1.05208117766e-17,8.19683461071e-18,7.71811789327e-18,5.95256705022e-18,4.25746097609e-18,2.21021088031e-18,9.23717449724e-19,2.40874942677e-19,2.78950990388e-20],"var":[0.276330322027,4.73875379562,59.3527946472,159.98890686,260.116210938,299.683288574,304.21270752,205.783538818,341.800079346,506.831787109,1777.19836426,10886.0458984,7187.17529297,38708.6484375,14993.4375,4609.66210938,4872.59375,1699.86523438,2728.04833984,2415.05249023,1494.77075195,1740.59912109,1416.96875,484.081726074,458.38269043,226.503479004,81.6241455078,39.5051689148,36.7680625916,59.2657775879,19.9795379639,10.3303928375,14.3609170914,12.7792739868,4.4254155159,0.87084287405,0.131374806166,0.00300091900863,0.0000246399686148,1.01032824773e-7]},"erbbands_crest":{"dmean":2.43107366562,"dmean2":3.87039065361,"dvar":6.53649759293,"dvar2":15.2434272766,"max":33.8180885315,"mean":10.0098762512,"median":8.29743862152,"min":1.98966109753,"var":32.7198867798},"erbbands_flatness_db":{"dmean":0.0190990995616,"dmean2":0.0273377988487,"dvar":0.000472541840281,"dvar2":0.000870461692102,"max":0.545640945435,"mean":0.180269554257,"median":0.150517404079,"min":0.0274717267603,"var":0.00903156213462},"erbbands_kurtosis":{"dmean":1.78854894638,"dmean2":2.82940793037,"dvar":20.7561855316,"dvar2":50.4239807129,"max":129.948776245,"mean":2.81221294403,"median":0.220320701599,"min":-1.84757471085,"var":71.2695846558},"erbbands_skewness":{"dmean":0.382408231497,"dmean2":0.589171051979,"dvar":0.17555886507,"dvar2":0.394541859627,"max":9.15264892578,"mean":0.527232289314,"median":0.286362111568,"min":-4.88276290894,"var":1.46896803379},"erbbands_spread":{"dmean":7.09242486954,"dmean2":11.0864648819,"dvar":80.910118103,"dvar2":174.242004395,"max":171.741897583,"mean":36.4334182739,"median":33.0703811646,"min":0.654184997082,"var":553.281982422},"gfcc":{"cov":[[56830.5273438,-2198.90478516,-3809.22290039,4254.85009766,241.711639404,1724.00976562,-1048.59545898,977.050537109,-928.094665527,-215.443878174,-861.110900879,197.59425354,-480.850860596],[-2198.90478516,2550.40917969,-219.725158691,-359.152038574,243.068710327,-474.696777344,136.283981323,-334.82989502,73.6562957764,-288.658477783,138.303604126,-177.141189575,162.776016235],[-3809.22290039,-219.725158691,3009.80883789,291.40802002,-39.9208374023,313.205383301,-83.3821792603,76.6287689209,48.1104507446,213.388015747,-85.7688369751,54.8658218384,-122.580757141],[4254.85009766,-359.152038574,291.40802002,1165.83483887,339.398590088,371.656463623,11.4632968903,162.958724976,54.6165046692,37.0054016113,-25.3655338287,44.3539581299,19.7115726471],[241.711639404,243.068710327,-39.9208374023,339.398590088,599.188781738,92.5115737915,175.998123169,51.6519966125,105.374557495,-50.7133827209,85.7614746094,13.0133037567,96.8845825195],[1724.00976562,-474.696777344,313.205383301,371.656463623,92.5115737915,436.527282715,46.1574745178,146.829544067,-5.34912872314,93.7390136719,-36.0809631348,76.3023376465,-20.3348083496],[-1048.59545898,136.283981323,-83.3821792603,11.4632968903,175.998123169,46.1574745178,284.484069824,6.06382894516,59.5631408691,-29.1606636047,67.2476730347,4.30106019974,60.4233932495],[977.050537109,-334.82989502,76.6287689209,162.958724976,51.6519966125,146.829544067,6.06382894516,219.210739136,50.1539649963,78.4613876343,-1.23801136017,44.0609741211,-30.2244949341],[-928.094665527,73.6562957764,48.1104507446,54.6165046692,105.374557495,-5.34912872314,59.5631408691,50.1539649963,155.804534912,43.3353691101,51.2084388733,-0.202725887299,37.2625732422],[-215.443878174,-288.658477783,213.388015747,37.0054016113,-50.7133827209,93.7390136719,-29.1606636047,78.4613876343,43.3353691101,161.945785522,18.4797973633,37.1643257141,-28.0907230377],[-861.110900879,138.303604126,-85.7688369751,-25.3655338287,85.7614746094,-36.0809631348,67.2476730347,-1.23801136017,51.2084388733,18.4797973633,128.104431152,28.1612129211,35.0918960571],[197.59425354,-177.141189575,54.8658218384,44.3539581299,13.0133037567,76.3023376465,4.30106019974,44.0609741211,-0.202725887299,37.1643257141,28.1612129211,99.2764129639,26.3023338318],[-480.850860596,162.776016235,-122.580757141,19.7115726471,96.8845825195,-20.3348083496,60.4233932495,-30.2244949341,37.2625732422,-28.0907230377,35.0918960571,26.3023338318,116.608551025]],"icov":[[0.000061928985815,-0.0000778634930612,0.000134766713018,-0.000230230172747,-7.07360584329e-7,-0.0000973556234385,0.000146359729115,-0.000180756062036,0.000284554203972,-0.0000216703210754,0.000306457950501,-0.000234826598899,0.000270162621746],[-0.0000778634930612,0.000898419006262,-0.000297654944006,0.000421396835009,-0.000157309943461,0.000301095773466,-0.0000301033160213,0.000657250464428,-0.000612382777035,0.00102650816552,-0.00133535591885,0.00151431642007,-0.0010869090911],[0.000134766713018,-0.000297654944006,0.000733562512323,-0.00056106375996,-0.0000482942159579,-0.000425221020123,0.000311606301693,-0.0000635677424725,0.000315802695695,-0.000641308375634,0.00121041154489,-0.00103725865483,0.00123953761067],[-0.000230230172747,0.000421396835009,-0.00056106375996,0.00238497671671,-0.000763132120483,-0.000845794158522,0.00021443067817,0.000424765865318,-0.00141208118293,0.000657091964968,-0.00121159118135,0.0014735693112,-0.00140327506233],[-7.07360584329e-7,-0.000157309943461,-0.0000482942159579,-0.000763132120483,0.00323610473424,-0.000448349193903,-0.000875892583281,-0.000698371906765,-0.00092565495288,0.00149237364531,-0.00148862763308,0.000541032815818,-0.00121790426783],[-0.0000973556234385,0.000301095773466,-0.000425221020123,-0.000845794158522,-0.000448349193903,0.00573717569932,-0.00215262663551,-0.00108045269735,0.00139688898344,-0.00226065726019,0.00183073827066,-0.00210854131728,0.0000162851520145],[0.000146359729115,-0.0000301033160213,0.000311606301693,0.00021443067817,-0.000875892583281,-0.00215262663551,0.0060137975961,-0.000404543156037,-0.000580674270168,0.00186721235514,-0.00194297463167,0.0011856550118,-0.00097917788662],[-0.000180756062036,0.000657250464428,-0.0000635677424725,0.000424765865318,-0.000698371906765,-0.00108045269735,-0.000404543156037,0.00914108008146,-0.00426054745913,-0.00111076619942,0.000168698592461,-0.00209153606556,0.00268420996144],[0.000284554203972,-0.000612382777035,0.000315802695695,-0.00141208118293,-0.00092565495288,0.00139688898344,-0.000580674270168,-0.00426054745913,0.0131745152175,-0.00443630944937,-0.000589492497966,0.00236480031163,-0.00282649276778],[-0.0000216703210754,0.00102650816552,-0.000641308375634,0.000657091964968,0.00149237364531,-0.00226065726019,0.00186721235514,-0.00111076619942,-0.00443630944937,0.0131392069161,-0.00451327720657,0.0000478494766867,0.000733135384507],[0.000306457950501,-0.00133535591885,0.00121041154489,-0.00121159118135,-0.00148862763308,0.00183073827066,-0.00194297463167,0.000168698592461,-0.000589492497966,-0.00451327720657,0.0161822158843,-0.00809069350362,0.00326783070341],[-0.000234826598899,0.00151431642007,-0.00103725865483,0.0014735693112,0.000541032815818,-0.00210854131728,0.0011856550118,-0.00209153606556,0.00236480031163,0.0000478494766867,-0.00809069350362,0.0203269552439,-0.00928971078247],[0.000270162621746,-0.0010869090911,0.00123953761067,-0.00140327506233,-0.00121790426783,0.0000162851520145,-0.00097917788662,0.00268420996144,-0.00282649276778,0.000733135384507,0.00326783070341,-0.00928971078247,0.0171568877995]],"mean":[-128.840713501,99.8252410889,-99.6266098022,18.8453998566,-43.6138496399,2.42779326439,-35.149143219,3.34162163734,-26.0981578827,-5.81552886963,-17.3129310608,-2.96436405182,-13.036608696]},"hfc":{"dmean":3.81529211998,"dmean2":5.84544372559,"dvar":53.2187843323,"dvar2":114.930892944,"max":216.249694824,"mean":15.8645162582,"median":8.27638530731,"min":1.07273089793e-16,"var":390.286437988},"melbands":{"dmean":[0.00132229772862,0.00118347187527,0.000681431032717,0.000476258457638,0.000204969823244,0.0000807259348221,0.0000714610141586,0.0000517810694873,0.0000508219454787,0.0000860893778736,0.000053640040278,0.00006748339365,0.00005601616067,0.0000302907246805,0.0000238273441937,0.0000283342960756,0.0000159700884979,0.0000177326164703,0.0000164650573424,0.0000134388965307,0.0000134664496727,0.0000134030342451,0.00000922448543861,0.00000795246069174,0.00000484090332975,0.00000387414092984,0.00000355588304046,0.00000258338354797,0.00000169439579167,0.00000116347905532,9.74935232989e-7,8.48601814596e-7,9.7224426554e-7,0.00000108037443169,6.50938432045e-7,4.22152254487e-7,3.91167077396e-7,3.97180741629e-7,4.64565175662e-7,3.86496481042e-7],"dmean2":[0.00218711327761,0.00205372157507,0.00117507576942,0.000813751888927,0.000349370180629,0.00013241940178,0.000116080525913,0.0000830646022223,0.0000768083555158,0.000126890721731,0.0000763025600463,0.000096936164482,0.0000743776545278,0.0000455811459688,0.0000359773584933,0.0000432920533058,0.0000251006513281,0.000027497382689,0.0000257929987129,0.000020826508262,0.0000217913493543,0.0000220472138608,0.0000151958638526,0.0000128716228573,0.00000799260305939,0.00000617806153969,0.00000559485761187,0.00000415716203861,0.0000028067609037,0.00000194607923731,0.00000162291712513,0.00000138788038839,0.0000015630728285,0.00000169567067587,0.00000104159244074,6.87475392169e-7,6.38391895791e-7,6.08442178418e-7,6.90494573519e-7,5.76565980737e-7],"dvar":[0.0000126147924675,0.00000646613170829,0.00000165566041233,0.00000106099230379,1.63211481663e-7,3.64915528905e-8,3.79873128509e-8,3.57073872692e-8,4.1217944613e-8,1.4071787291e-7,6.37266239778e-8,9.41594677784e-8,8.72846754874e-8,1.86940987135e-8,1.55231631993e-8,1.48463481509e-8,2.80426060151e-9,3.96221944143e-9,4.18429202398e-9,2.17163331762e-9,9.2084145864e-10,6.7786087854e-10,3.91420756918e-10,3.48691298058e-10,1.03311581512e-10,9.95323962139e-11,1.09052010477e-10,4.05777807189e-11,1.38560291713e-11,7.54304171208e-12,6.26519062324e-12,4.13916687383e-12,6.41024342982e-12,8.71965433885e-12,3.1890280347e-12,1.44937382408e-12,2.31382079295e-12,2.28856582123e-12,4.25535474913e-12,3.15698227109e-12],"dvar2":[0.0000289229737973,0.000018586682927,0.0000047020052989,0.00000296571147373,4.68052519409e-7,8.47172714202e-8,9.08280526346e-8,7.92552157236e-8,7.77142261654e-8,2.88222452127e-7,1.29086600964e-7,1.85960672638e-7,1.49002815419e-7,4.06329192515e-8,3.32604450648e-8,2.91465855895e-8,5.70031577496e-9,8.47313241792e-9,9.1782252909e-9,4.06561762034e-9,2.18653650741e-9,1.67500746606e-9,9.88445991723e-10,7.7942879928e-10,2.54598814253e-10,2.07337744196e-10,2.28106908362e-10,1.01839599254e-10,3.72747006872e-11,2.03134852689e-11,1.68011108498e-11,1.05501180708e-11,1.5176871912e-11,2.01786608256e-11,7.60350463147e-12,3.50537415934e-12,5.50684931683e-12,4.5097311302e-12,7.54586497453e-12,5.60098668834e-12],"max":[0.0377729944885,0.0395888723433,0.0200166776776,0.0140235433355,0.00661468273029,0.00625865533948,0.00612950418144,0.0065136468038,0.00914124771953,0.0126007255167,0.013590474613,0.0100239543244,0.0222665034235,0.0062565873377,0.00705608585849,0.00572116766125,0.00211964198388,0.00178510567639,0.0026676284615,0.0024385470897,0.00120648718439,0.000807450618595,0.000770503946114,0.00122983497567,0.000260842934949,0.000493191648275,0.000296109181363,0.000244292634306,0.000106801031507,0.0000596186764596,0.0000684272017679,0.0000419870375481,0.0000495302301715,0.0000888600334292,0.0000470475279144,0.0000323584354192,0.0000648774002912,0.0000590157142142,0.0000845906397444,0.0000828242336866],"mean":[0.00166930549312,0.00240137777291,0.0014153548982,0.000731032632757,0.000375736650312,0.000143879442476,0.000110630724521,0.000082684593508,0.0000943140184972,0.000162932032254,0.0000939061792451,0.000175480527105,0.000113162735943,0.0000552080564376,0.0000388202461181,0.0000480222406622,0.0000268512267212,0.0000300306819554,0.0000304038185277,0.0000239044111368,0.000027436786695,0.000028522365028,0.0000206397216971,0.0000172426298377,0.0000107632185973,0.00000832477599033,0.00000712540395398,0.00000527627298652,0.00000368675432583,0.00000235268271354,0.00000186062834473,0.00000165814321917,0.00000196703877009,0.00000210649614019,0.00000132881109494,8.64042021931e-7,7.70884128087e-7,8.22986237381e-7,9.38473078804e-7,7.27652377464e-7],"median":[0.000167395308381,0.000883241300471,0.000582854845561,0.000264462432824,0.000117754549137,0.0000564431538805,0.0000395614406443,0.0000255897648458,0.0000187411951629,0.0000195887005248,0.0000140161027957,0.0000143862998812,0.000012441594663,0.00000981378798315,0.00000814695977169,0.00000954773713602,0.0000076386204455,0.00000689442867952,0.0000076368360169,0.00000614563032286,0.0000085060892161,0.00000892762182048,0.00000657398322801,0.00000559953059565,0.00000303047409034,0.0000018557303747,0.00000146872184814,0.00000121529285479,7.10091853762e-7,2.9142890412e-7,1.25445737353e-7,1.0048027832e-7,9.3786781008e-8,8.60515072532e-8,6.41823163505e-8,5.12401783226e-8,3.99888051561e-8,3.63003067605e-8,2.95220132784e-8,3.3231817298e-8],"min":[8.46452878898e-25,7.57428052199e-25,1.08139784319e-24,5.12307571095e-25,1.23499921802e-24,6.70783120244e-25,1.47359641108e-24,1.85664961589e-24,1.41676756172e-24,1.32538473117e-24,2.35856414178e-24,1.32743498066e-24,2.18570322098e-24,2.43724414239e-24,2.43173986542e-24,2.71181526627e-24,3.79068372557e-24,3.66346018309e-24,2.4501927025e-24,3.0917342281e-24,3.04396416434e-24,3.32053879771e-24,3.05803152643e-24,3.5900416875e-24,3.38950851222e-24,3.0491743934e-24,3.22759816409e-24,4.0932568478e-24,4.11539070708e-24,4.53313436602e-24,4.79780784934e-24,4.57509466643e-24,5.46832581372e-24,5.52724899017e-24,5.69739406008e-24,6.00790272858e-24,5.64352156557e-24,5.44578647993e-24,5.86299253017e-24,6.0284024625e-24],"var":[0.0000156723199325,0.0000113222904474,0.00000413654697695,0.00000150226276219,3.88338179391e-7,9.31644237312e-8,7.30154994244e-8,7.43026689065e-8,1.49053775544e-7,4.81109282191e-7,1.89941800954e-7,5.9384638007e-7,2.56760955608e-7,5.38188906773e-8,2.89751174165e-8,3.4792090986e-8,6.13532158411e-9,7.66713892375e-9,1.05970290321e-8,5.34927302454e-9,2.22729235055e-9,2.16274664844e-9,1.31322275276e-9,1.29213884037e-9,3.00398872444e-10,2.68870620213e-10,2.70474614927e-10,9.82358222545e-11,3.82784567932e-11,1.78179502403e-11,1.51154904565e-11,1.04881858407e-11,1.69929695315e-11,2.28987349915e-11,8.1793079254e-12,3.50575493115e-12,4.48035445549e-12,5.78334559062e-12,1.17798071644e-11,8.68970433804e-12]},"melbands_crest":{"dmean":3.59122419357,"dmean2":5.87047338486,"dvar":11.9161558151,"dvar2":30.1904163361,"max":36.8320198059,"mean":16.012172699,"median":15.247838974,"min":1.52649414539,"var":34.0638999939},"melbands_flatness_db":{"dmean":0.0296203754842,"dmean2":0.045222569257,"dvar":0.000973574293312,"dvar2":0.00202350295149,"max":0.931481540203,"mean":0.261277616024,"median":0.236003488302,"min":0.0031707668677,"var":0.0159237906337},"melbands_kurtosis":{"dmean":9.71053123474,"dmean2":15.5595312119,"dvar":517.93560791,"dvar2":1198.04589844,"max":755.180541992,"mean":18.6219787598,"median":11.1536941528,"min":-1.78697776794,"var":873.483398438},"melbands_skewness":{"dmean":0.815377891064,"dmean2":1.27570903301,"dvar":0.958747029305,"dvar2":2.11581325531,"max":19.101392746,"mean":2.85862970352,"median":2.6576666832,"min":-3.14007210732,"var":4.33281564713},"melbands_spread":{"dmean":5.11149597168,"dmean2":8.12407588959,"dvar":58.2326812744,"dvar2":129.628723145,"max":219.804702759,"mean":18.1430168152,"median":12.967206955,"min":0.293067961931,"var":387.188720703},"mfcc":{"cov":[[32490.890625,868.753173828,-3132.72827148,1775.5168457,1315.4083252,974.953918457,554.634765625,989.349182129,383.713867188,79.3928527832,-165.962219238,-124.526298523,60.1989173889],[868.753173828,2010.17126465,-44.9772644043,56.9740753174,-17.7894020081,-77.4315719604,26.7550048828,-7.69406700134,-100.041748047,-68.7537231445,-113.77406311,-89.6506500244,-99.7430419922],[-3132.72827148,-44.9772644043,2192.4519043,198.0131073,134.09223938,167.402099609,-62.0825233459,-117.518424988,44.8385696411,-0.207322344184,170.162994385,33.7339477539,-42.2251014709],[1775.5168457,56.9740753174,198.0131073,717.67767334,380.019226074,245.502670288,145.418716431,142.656021118,122.327568054,69.2893371582,23.783115387,58.3650970459,18.3465194702],[1315.4083252,-17.7894020081,134.09223938,380.019226074,425.379547119,186.705444336,99.0806427002,121.496955872,101.34803009,37.0504798889,48.7187385559,51.3811073303,23.2025508881],[974.953918457,-77.4315719604,167.402099609,245.502670288,186.705444336,295.040222168,133.237426758,102.574066162,84.3856582642,41.6361045837,22.5323562622,8.03112602234,21.7883720398],[554.634765625,26.7550048828,-62.0825233459,145.418716431,99.0806427002,133.237426758,190.724761963,117.265197754,45.4307632446,36.4635276794,11.6014280319,18.6662807465,28.2817668915],[989.349182129,-7.69406700134,-117.518424988,142.656021118,121.496955872,102.574066162,117.265197754,181.777984619,75.0161361694,34.331401825,15.068107605,15.1603431702,29.6250915527],[383.713867188,-100.041748047,44.8385696411,122.327568054,101.34803009,84.3856582642,45.4307632446,75.0161361694,130.551925659,61.5395545959,23.4214916229,28.7234897614,17.1060466766],[79.3928527832,-68.7537231445,-0.207322344184,69.2893371582,37.0504798889,41.6361045837,36.4635276794,34.331401825,61.5395545959,103.00252533,53.707195282,30.3320350647,27.1856193542],[-165.962219238,-113.77406311,170.162994385,23.783115387,48.7187385559,22.5323562622,11.6014280319,15.068107605,23.4214916229,53.707195282,125.011161804,57.761100769,25.0230464935],[-124.526298523,-89.6506500244,33.7339477539,58.3650970459,51.3811073303,8.03112602234,18.6662807465,15.1603431702,28.7234897614,30.3320350647,57.761100769,111.083122253,36.497592926],[60.1989173889,-99.7430419922,-42.2251014709,18.3465194702,23.2025508881,21.7883720398,28.2817668915,29.6250915527,17.1060466766,27.1856193542,25.0230464935,36.497592926,91.1998138428]],"icov":[[0.0000563027715543,-0.0000269715474133,0.000111476103484,-0.000106371204311,-0.00004276708205,-0.000168826867593,0.000165058329003,-0.000152038308443,-0.0000189348756976,0.000133748006192,-0.000147021593875,0.000130759261083,0.00000745862371332],[-0.0000269715474133,0.000607927911915,-0.000111330147774,-0.0000605283566983,-0.0000799782792456,0.000412517401855,-0.000374613824533,-0.000111351568194,0.000588264781982,-0.000307234498905,0.00056817708537,0.0000798192850198,0.000510852958541],[0.000111476103484,-0.000111330147774,0.000913797237445,-0.000468052516226,0.0000575963895244,-0.000863240275066,0.000507062126417,0.000597832142375,-0.000716677110177,0.00125493470114,-0.00181122380309,0.000597780977841,0.000180110509973],[-0.000106371204311,-0.0000605283566983,-0.000468052516226,0.00348598952405,-0.00222019571811,-0.000550951401237,-0.00058742845431,-0.000219964655116,0.000440948497271,-0.00214283377863,0.00226461258717,-0.0015646556858,0.000596989993937],[-0.00004276708205,-0.0000799782792456,0.0000575963895244,-0.00222019571811,0.00562293175608,-0.00115906633437,0.000415110989707,-0.000831856392324,-0.00179283530451,0.00243988120928,-0.0021725546103,-0.000438181508798,-0.000217666733079],[-0.000168826867593,0.000412517401855,-0.000863240275066,-0.000550951401237,-0.00115906633437,0.00803226791322,-0.00445768190548,0.000605800072663,-0.00173795851879,-0.000274457823252,0.000523727037944,0.00176906876732,-0.000608630885836],[0.000165058329003,-0.000374613824533,0.000507062126417,-0.00058742845431,0.000415110989707,-0.00445768190548,0.0120931882411,-0.00631854915991,0.00275178393349,-0.00194986595307,0.000620430801064,-0.00134978955612,-0.000469007471111],[-0.000152038308443,-0.000111351568194,0.000597832142375,-0.000219964655116,-0.000831856392324,0.000605800072663,-0.00631854915991,0.0134545313194,-0.00596061907709,0.00277920113876,-0.00249310792424,0.00192381197121,-0.00184086023364],[-0.0000189348756976,0.000588264781982,-0.000716677110177,0.000440948497271,-0.00179283530451,-0.00173795851879,0.00275178393349,-0.00596061907709,0.0172667186707,-0.010027131997,0.00507043953985,-0.00322170485742,0.00183797394857],[0.000133748006192,-0.000307234498905,0.00125493470114,-0.00214283377863,0.00243988120928,-0.000274457823252,-0.00194986595307,0.00277920113876,-0.010027131997,0.0212129279971,-0.0103138200939,0.00261013419367,-0.00292275869288],[-0.000147021593875,0.00056817708537,-0.00181122380309,0.00226461258717,-0.0021725546103,0.000523727037944,0.000620430801064,-0.00249310792424,0.00507043953985,-0.0103138200939,0.0180528089404,-0.00719555979595,0.000519095978234],[0.000130759261083,0.0000798192850198,0.000597780977841,-0.0015646556858,-0.000438181508798,0.00176906876732,-0.00134978955612,0.00192381197121,-0.00322170485742,0.00261013419367,-0.00719555979595,0.0151276476681,-0.00417846301571],[0.00000745862371332,0.000510852958541,0.000180110509973,0.000596989993937,-0.000217666733079,-0.000608630885836,-0.000469007471111,-0.00184086023364,0.00183797394857,-0.00292275869288,0.000519095978234,-0.00417846301571,0.0144824860618]],"mean":[-753.464599609,122.704772949,6.29026508331,22.3623027802,10.0673847198,0.453236967325,1.38225340843,3.36325931549,-3.25435233116,-2.75550436974,-3.86719632149,-3.33666014671,-3.35999035835]},"pitch_salience":{"dmean":0.0773442387581,"dmean2":0.125802949071,"dvar":0.00524919992313,"dvar2":0.0134894959629,"max":0.988804638386,"mean":0.546665966511,"median":0.556949973106,"min":0.0376368202269,"var":0.0169382821769},"silence_rate_20dB":{"dmean":0,"dmean2":0,"dvar":0,"dvar2":0,"max":1,"mean":1,"median":1,"min":1,"var":0},"silence_rate_30dB":{"dmean":0.00259197922423,"dmean2":0.00518433190882,"dvar":0.00258574029431,"dvar2":0.00775150069967,"max":1,"mean":0.998704075813,"median":1,"min":0,"var":0.0012943650363},"silence_rate_60dB":{"dmean":0.0276477783918,"dmean2":0.055299539119,"dvar":0.0268819574267,"dvar2":0.0565563105047,"max":1,"mean":0.319654434919,"median":0,"min":0,"var":0.217482954264},"spectral_centroid":{"dmean":186.488647461,"dmean2":297.861206055,"dvar":72168.1796875,"dvar2":154236.859375,"max":11836.9228516,"mean":1238.20947266,"median":1084.21191406,"min":108.457672119,"var":1766751.5},"spectral_complexity":{"dmean":2.49506807327,"dmean2":4.0096487999,"dvar":11.2663936615,"dvar2":27.1432380676,"max":57,"mean":15.6474437714,"median":13,"min":0,"var":179.505722046},"spectral_contrast_coeffs":{"dmean":[0.0509236939251,0.0431987121701,0.0368066728115,0.0282172206789,0.0216410346329,0.0170262232423],"dmean2":[0.0829675719142,0.071007207036,0.0577427074313,0.044734235853,0.0343349054456,0.0274259783328],"dvar":[0.00195850105956,0.00140534213278,0.00116422574501,0.000719842326362,0.000461826566607,0.000318918202538],"dvar2":[0.00484982552007,0.00354395178147,0.00253950292245,0.00161054823548,0.00108527031261,0.000810259953141],"max":[-0.273921996355,-0.411665797234,-0.345902681351,-0.449645727873,-0.481306135654,-0.608910322189],"mean":[-0.621766149998,-0.7552780509,-0.772230267525,-0.804038047791,-0.800536215305,-0.799938440323],"median":[-0.61304807663,-0.761672317982,-0.79179918766,-0.811412096024,-0.800880074501,-0.786901652813],"min":[-0.996120452881,-0.981366693974,-0.979924917221,-0.971225619316,-0.974216282368,-0.965724647045],"var":[0.0125651089475,0.00711538409814,0.0094039849937,0.00461993692443,0.00471966480836,0.00338361901231]},"spectral_contrast_valleys":{"dmean":[0.455532133579,0.391738086939,0.346426784992,0.315721541643,0.281073302031,0.316950857639],"dmean2":[0.739140689373,0.628855407238,0.543020367622,0.484166622162,0.415731191635,0.453678846359],"dvar":[0.18830730021,0.14911031723,0.129268616438,0.136982962489,0.129618942738,0.179162830114],"dvar2":[0.424501478672,0.318689376116,0.257536709309,0.261347025633,0.236620604992,0.354821592569],"max":[-4.99316740036,-5.03602552414,-5.60130929947,-5.72292613983,-5.68036317825,-7.71398544312],"mean":[-8.56978321075,-8.04648780823,-8.68426895142,-9.03934955597,-9.09183692932,-11.712937355],"median":[-7.45144844055,-7.23900985718,-7.7319355011,-7.88637161255,-7.99619483948,-11.0772609711],"min":[-28.3372955322,-28.1150550842,-27.8834857941,-27.8059310913,-27.6047534943,-27.4445705414],"var":[9.61632728577,7.99263858795,8.08696937561,9.11711025238,10.2103271484,8.59118080139]},"spectral_decrease":{"dmean":2.2444468506e-9,"dmean2":3.68051944477e-9,"dvar":1.61209113775e-17,"dvar2":4.09011398365e-17,"max":1.40854002154e-17,"mean":-6.5580816333e-9,"median":-4.70919037099e-9,"min":-4.39402896291e-8,"var":4.68839916233e-17},"spectral_energy":{"dmean":0.00866196677089,"dmean2":0.0141943404451,"dvar":0.00023463027901,"dvar2":0.00059691874776,"max":0.167464792728,"mean":0.0261907894164,"median":0.0190707948059,"min":1.00327524806e-20,"var":0.000732320535462},"spectral_energyband_high":{"dmean":0.000197014887817,"dmean2":0.000300687417621,"dvar":2.72585310768e-7,"dvar2":5.56260431495e-7,"max":0.0183723922819,"mean":0.000569649739191,"median":0.0000726198995835,"min":6.80607439183e-21,"var":0.00000115973250558},"spectral_energyband_low":{"dmean":0.00679082470015,"dmean2":0.0111871305853,"dvar":0.000212873143028,"dvar2":0.000528883596417,"max":0.162405252457,"mean":0.0135892974213,"median":0.00637890212238,"min":1.61949341532e-23,"var":0.000366215594113},"spectral_energyband_middle_high":{"dmean":0.00138040282764,"dmean2":0.00203857431188,"dvar":0.0000114897220556,"dvar2":0.0000228964181588,"max":0.135781541467,"mean":0.00483465660363,"median":0.00200941460207,"min":1.13361902068e-21,"var":0.0000790289341239},"spectral_energyband_middle_low":{"dmean":0.0035010445863,"dmean2":0.00577862840146,"dvar":0.000038915030018,"dvar2":0.000104402395664,"max":0.0769348964095,"mean":0.0084704561159,"median":0.00455968547612,"min":1.06435347387e-22,"var":0.000113893729576},"spectral_entropy":{"dmean":0.187885865569,"dmean2":0.281427353621,"dvar":0.0534952878952,"dvar2":0.104527488351,"max":9.82884502411,"mean":7.20957279205,"median":7.44713115692,"min":3.16272330284,"var":0.908391356468},"spectral_flux":{"dmean":0.0242110658437,"dmean2":0.0393745005131,"dvar":0.00117720710114,"dvar2":0.00293593946844,"max":0.366914987564,"mean":0.0684878379107,"median":0.0559237450361,"min":6.30534929824e-11,"var":0.00388593506068},"spectral_kurtosis":{"dmean":5.29478311539,"dmean2":8.8208065033,"dvar":245.327041626,"dvar2":726.046813965,"max":379.935821533,"mean":15.4178514481,"median":5.12365913391,"min":-1.34149885178,"var":1510.98547363},"spectral_rms":{"dmean":0.000693094334565,"dmean2":0.00110451551154,"dvar":0.00000100277293313,"dvar2":0.00000245937690124,"max":0.0127820298076,"mean":0.00407762872055,"median":0.00431342702359,"min":3.12858614883e-12,"var":0.00000892498064786},"spectral_rolloff":{"dmean":431.77911377,"dmean2":734.85168457,"dvar":1125061.125,"dvar2":2680006.75,"max":21899.2675781,"mean":1437.99707031,"median":667.529296875,"min":43.06640625,"var":8014513.5},"spectral_skewness":{"dmean":0.378665983677,"dmean2":0.608247876167,"dvar":0.386522591114,"dvar2":1.02342391014,"max":17.2508125305,"mean":2.32425189018,"median":1.65629196167,"min":-0.392025619745,"var":4.64382982254},"spectral_spread":{"dmean":560189.1875,"dmean2":843342,"dvar":773343870976,"dvar2":1408709165060,"max":42807212,"mean":4898993.5,"median":4104033,"min":269572.875,"var":24336893214700},"spectral_strongpeak":{"dmean":0.389092087746,"dmean2":0.648350656033,"dvar":0.773069500923,"dvar2":1.82628679276,"max":15.3946008682,"mean":0.83636122942,"median":0.383085012436,"min":0,"var":2.14696073532},"zerocrossingrate":{"dmean":0.00883124954998,"dmean2":0.0109775736928,"dvar":0.000169711609487,"dvar2":0.00023079982202,"max":0.541015625,"mean":0.0587228685617,"median":0.0439453125,"min":0.00244140625,"var":0.00485529238358}},"metadata":{"audio_properties":{"analysis_sample_rate":44100,"bit_rate":0,"codec":"flac","downmix":"mix","equal_loudness":0,"length":322.480010986,"lossless":true,"md5_encoded":"050794bd62fc43642597ee2c9ae4bd9e","replay_gain":-14.0542640686},"tags":{"acoustid_id":["9974c6ff-083e-43ed-ab43-fd672b4164d9"],"album":["Have a Little Faith"],"albumartist":["The BellRays"],"albumartistsort":["BellRays, The"],"artist":["The BellRays"],"artistsort":["BellRays, The"],"barcode":["3526186609020"],"catalognumber":["Reverb 90"],"date":["2006-05-02"],"discnumber":["1"],"disctotal":["1"],"file_name":"13 Beginning From the End _ Dark Horse Pigeon.flac","label":["Vicious Circle"],"media":["CD"],"musicbrainz_albumartistid":["c754774d-d3ea-4216-9486-368c04b1bbe7"],"musicbrainz_albumid":["126ace5c-07ef-48b7-901c-02c22c9a8460"],"musicbrainz_artistid":["c754774d-d3ea-4216-9486-368c04b1bbe7"],"musicbrainz_recordingid":["285b0060-4338-4aa0-8eb2-5d9bf1821b50"],"musicbrainz_releasegroupid":["543df7c5-eb50-3165-ad61-5e543190f81c"],"musicbrainz_releasetrackid":["6f0d0e4b-3020-37b8-b21e-3b95c108f648"],"originaldate":["2006-05-02"],"releasecountry":["FR"],"releasestatus":["official"],"releasetype":["album"],"script":["Latn"],"title":["Beginning From the End / Dark Horse Pigeon"],"totaldiscs":["1"],"totaltracks":["14"],"tracknumber":["13"],"tracktotal":["14"]},"version":{"essentia":"2.1-beta1","essentia_build_sha":"7598a69e7b456135ce4c070efb04a3d0ebb71fdd","essentia_git_sha":"v2.1_beta1-6-g5578087","extractor":"music 1.0"}},"rhythm":{"beats_count":775,"beats_loudness":{"dmean":0.0133154857904,"dmean2":0.0237860586494,"dvar":0.000255365390331,"dvar2":0.000793539860751,"max":0.111271426082,"mean":0.0290129072964,"median":0.0258239749819,"min":0,"var":0.000733660010155},"beats_loudness_band_ratio":{"dmean":[0.196429505944,0.155836209655,0.121237851679,0.0841720551252,0.0390747711062,0.0390058122575],"dmean2":[0.339319348335