{"lowlevel":{"average_loudness":0.554263710976,"barkbands":{"dmean":[0.0000248360138357,0.000938548648264,0.000919849378988,0.00034624725231,0.00124867132399,0.000479079550132,0.000733406224754,0.000736611837056,0.000752933323383,0.000359163794201,0.000174240180058,0.000353389623342,0.000248427764745,0.000119728923892,0.0000798015898908,0.0000418301824539,0.0000277755880234,0.0000364303850802,0.0000247873413173,0.0000438565148215,0.0000296004673146,0.0000131727319967,0.0000181034138222,0.000053472835134,0.00000960696706898,0.00000398035626858,8.13626110929e-10],"dmean2":[0.0000420670658059,0.00147183984518,0.00146045489237,0.000598973943852,0.00188467430416,0.000686044688337,0.001063307398,0.0010079278145,0.00104932533577,0.000523483497091,0.000254482991295,0.000528552220203,0.000370076129911,0.000173657856067,0.000115384078526,0.0000626181208645,0.0000419758471253,0.0000538419699296,0.0000380423880415,0.0000653111783322,0.0000435128749814,0.0000189983929886,0.0000258431991824,0.0000717497896403,0.0000128315023176,0.00000508368566443,1.50404033672e-9],"dvar":[2.01941929845e-9,0.0000115210013973,0.00000664084609525,9.14938368624e-7,0.00000521646916241,7.13477504632e-7,0.0000026164962037,0.00000382339931093,0.000003134535973,0.00000156037594934,2.49386289397e-7,0.0000012524453723,7.95061907866e-7,2.23348735062e-7,1.04530833767e-7,3.36906644804e-8,7.56932472257e-9,8.80502071254e-9,4.40975611582e-9,1.58762993863e-8,9.63068647053e-9,3.64367824801e-9,1.62307323137e-8,5.15199531037e-7,3.20571436063e-9,1.67732980283e-10,2.16757302846e-18],"dvar2":[5.2500204184e-9,0.000025691697374,0.0000163655458891,0.00000262393268713,0.0000138996610985,0.00000153434962158,0.00000537313826499,0.00000660369869365,0.00000641710039417,0.00000322382925333,5.30736201654e-7,0.00000270234954769,0.00000158573493536,4.26128195841e-7,2.13777724412e-7,7.01471236653e-8,1.55162425131e-8,1.82243802271e-8,1.10000133446e-8,3.4469429977e-8,2.11435384756e-8,7.66580576794e-9,3.20157340639e-8,9.86973986983e-7,5.422636562e-9,2.87467161186e-10,7.13022987858e-18],"max":[0.000773156119976,0.0643398314714,0.0364510305226,0.0132384588942,0.0589450746775,0.0215364526957,0.0577570162714,0.080357298255,0.0608833022416,0.0474461279809,0.0213418714702,0.0440279394388,0.0499983169138,0.0202744677663,0.0138206165284,0.0133322197944,0.00498248171061,0.00366918602958,0.00288501079194,0.00416272878647,0.00307170371525,0.00266756000929,0.00537907797843,0.052184946835,0.00233500055037,0.000627477362286,2.37754349541e-8],"mean":[0.0000643577077426,0.00131630443502,0.00123835308477,0.000471067905892,0.00423356564716,0.00127407419495,0.00212413189001,0.00248643709347,0.00248561613262,0.00087317667203,0.000414196023485,0.000721923424862,0.00057901267428,0.000264472706476,0.000192851992324,0.000104162099888,0.0000737556692911,0.000102188700112,0.0000581451095059,0.000105352060928,0.0000563734720345,0.0000240263052547,0.0000280829517578,0.0000796004242147,0.0000155452744366,0.00000609504786553,7.18644421749e-10],"median":[0.0000580159685342,0.0000752121341066,0.000174369954038,0.000148755556438,0.00209225062281,0.000576279358938,0.00063894293271,0.000520124274772,0.00056096795015,0.000104970771645,0.0000934525596676,0.000120995857287,0.0000582565626246,0.0000317292069667,0.000024828419555,0.0000150633877638,0.0000134448582685,0.0000181728737516,0.0000154098997882,0.0000223774040933,0.0000116768032967,0.00000514893463333,0.00000443897533842,0.00000489402191306,0.00000299456337416,0.0000013646191519,2.39292946569e-10],"min":[1.71978603537e-23,5.4053291962e-23,7.10416971236e-24,6.11020733837e-24,5.88234265708e-23,2.74810519505e-23,4.83394777622e-23,3.50375505616e-23,4.47784207965e-23,1.20858110249e-22,5.79747636981e-23,7.8980236338e-23,1.07983963385e-22,9.04770573053e-23,1.18848685886e-22,8.30367863046e-23,1.82439949903e-22,1.29228946817e-22,2.28048302859e-22,3.85801854164e-22,3.51180150051e-22,4.91339225405e-22,6.61848897361e-22,8.64169379009e-22,1.38579793492e-21,1.44010720909e-21,2.76243852002e-21],"var":[2.03350070116e-9,0.0000196556393348,0.00000961319165071,8.65122103733e-7,0.0000335459517373,0.00000349485867446,0.0000234660492424,0.0000423489946115,0.0000303279666696,0.00000663088894726,0.00000119504579743,0.00000426849965152,0.00000489333433507,9.66198626884e-7,5.48539105694e-7,1.58664903438e-7,6.15639379475e-8,6.39041104478e-8,2.36788118002e-8,7.28881488499e-8,2.83293655201e-8,7.73153185918e-9,3.60577487868e-8,0.0000011402077007,7.35081018277e-9,3.64663355068e-10,1.72336887111e-18]},"barkbands_crest":{"dmean":2.12505555153,"dmean2":3.33158564568,"dvar":4.4115691185,"dvar2":10.8885307312,"max":25.3117237091,"mean":11.2680578232,"median":10.2373018265,"min":2.81513476372,"var":20.7266292572},"barkbands_flatness_db":{"dmean":0.0172976925969,"dmean2":0.0252722781152,"dvar":0.000329629721818,"dvar2":0.000698356423527,"max":0.377671927214,"mean":0.191438227892,"median":0.192068681121,"min":0.0493627339602,"var":0.00186691840645},"barkbands_kurtosis":{"dmean":3.11428976059,"dmean2":4.79043912888,"dvar":27.7282104492,"dvar2":64.6751174927,"max":116.003433228,"mean":7.17329692841,"median":4.45395851135,"min":-1.9160926342,"var":78.0825042725},"barkbands_skewness":{"dmean":0.466897070408,"dmean2":0.688986957073,"dvar":0.29309412837,"dvar2":0.626082003117,"max":8.62844848633,"mean":1.71452772617,"median":1.52999258041,"min":-3.82090568542,"var":1.73598027229},"barkbands_spread":{"dmean":3.0440735817,"dmean2":4.55697631836,"dvar":36.6797485352,"dvar2":77.1415252686,"max":121.111282349,"mean":11.459769249,"median":8.608335495,"min":1.04588913918,"var":107.038719177},"dissonance":{"dmean":0.02561349608,"dmean2":0.0421138890088,"dvar":0.000569270632695,"dvar2":0.00147943920456,"max":0.500000178814,"mean":0.428015768528,"median":0.434158086777,"min":0.206972286105,"var":0.00168894883245},"dynamic_complexity":4.86964178085,"erbbands":{"dmean":[0.0203307569027,0.243166878819,0.880579531193,1.16174721718,2.00211834908,5.31179189682,5.05065822601,4.51566267014,8.35635185242,13.7998600006,12.9555473328,14.4644498825,15.7459640503,8.47231960297,10.3617591858,9.03155326843,9.97682762146,7.66080904007,3.96265721321,3.57147145271,2.46685528755,1.66609632969,1.86467707157,1.45584905148,1.0273360014,2.1431851387,1.6742964983,0.812812626362,0.513325572014,0.301042079926,0.57215064764,1.46717131138,0.557067751884,0.155754640698,0.0490844473243,0.0249478258193,0.00624038558453,0.000145034966408,0.00000660937121211,0.00000510974723511],"dmean2":[0.0306483842432,0.38483607769,1.41902327538,1.88963711262,3.24565935135,7.95813083649,7.06405258179,6.46684741974,12.3409605026,19.1893100739,17.7369537354,20.1856021881,21.8229618073,12.390666008,15.1205682755,13.8150587082,14.8490934372,10.7545146942,5.86322593689,5.08811903,3.62639331818,2.48233747482,2.75952482224,2.22404527664,1.52118229866,3.16474103928,2.48505473137,1.18497693539,0.744050860405,0.43534180522,0.789366185665,2.10115265846,0.80155736208,0.21431851387,0.0642253682017,0.0320616327226,0.00826598145068,0.000191132028704,0.00000850493233884,0.00000722540335119],"dvar":[0.00719366595149,0.70260155201,5.4251294136,11.7769069672,18.8822937012,110.005180359,96.642036438,65.6268539429,433.402893066,924.069702148,1218.00195313,1243.10571289,1921.52453613,489.057647705,902.381347656,690.69354248,1585.02624512,749.739501953,330.456115723,197.576950073,136.06211853,27.8967933655,29.7089824677,15.0782642365,7.4885802269,38.5554389954,26.9822998047,7.98709917068,6.21664524078,1.39335012436,17.2534580231,525.498413086,38.796913147,1.23372137547,0.0546124093235,0.0073873619549,0.000386831146898,2.02443146691e-7,3.90132121053e-10,7.01846983309e-11],"dvar2":[0.0159172266722,1.62250328064,13.8494348526,30.3422393799,55.0108032227,286.852539063,210.005203247,142.372406006,931.897094727,1775.83032227,2274.67700195,2356.13769531,4007.98291016,992.512573242,1897.07434082,1664.13977051,3079.0234375,1467.07958984,723.13671875,387.30456543,282.423980713,56.957233429,63.0220756531,37.1842727661,16.465341568,82.9232254028,63.1274986267,15.5908842087,12.7713441849,2.67365932465,27.686662674,1171.16003418,67.2920684814,2.01533341408,0.0894646719098,0.0121482824907,0.000767293560784,3.89643190601e-7,6.24980012187e-10,1.37487535246e-10],"max":[1.43927621841,15.8363056183,30.3602561951,48.6480178833,138.509109497,241.100524902,398.568023682,199.074569702,904.32232666,1017.70306396,1101.19250488,1199.59570313,2672.33740234,724.03515625,1205.19848633,886.961120605,2627.42871094,1152.08642578,794.772277832,739.161254883,886.448242188,340.993713379,235.803451538,163.710220337,85.604675293,205.276168823,143.479476929,88.6069641113,113.190467834,49.7222328186,196.341018677,1631.82409668,387.571380615,52.8650817871,9.81969642639,4.12247467041,0.711602509022,0.0159759409726,0.000995744718239,0.000392135756556],"mean":[0.0285674221814,0.340928316116,1.22988986969,1.66746902466,4.59445285797,17.0656375885,16.6345615387,11.9190769196,23.9009857178,44.3792953491,46.1066398621,46.4822692871,52.1151733398,22.9455089569,24.405708313,20.0461807251,24.066192627,19.6137294769,9.48671245575,9.59583377838,6.46661043167,4.97044563293,5.34191131592,4.11490058899,2.51152181625,5.06168413162,3.66911888123,1.61812055111,0.938191831112,0.547930002213,0.943847417831,2.05041885376,0.906096994877,0.254601866007,0.0806486085057,0.0399422012269,0.00886159017682,0.000209772406379,0.0000180705428647,0.0000234276903939],"median":[0.000850780925248,0.0258118677884,0.179047316313,0.511634409428,2.46716070175,7.41852283478,5.73260593414,5.74209690094,8.25724506378,14.7175073624,11.5655813217,11.3811426163,8.6928653717,6.51241207123,5.31444072723,4.15075302124,2.93811535835,2.01597166061,1.57120120525,1.33177149296,1.05956757069,0.995974838734,1.01315069199,1.06246864796,0.803113698959,1.0594189167,0.646261096001,0.40184417367,0.202042922378,0.117558248341,0.132657602429,0.101460970938,0.0829723626375,0.042159922421,0.0157956518233,0.00845661852509,0.00205648993142,0.0000497504006489,0.00000996344442683,0.0000162488086062],"min":[1.48777379481e-21,1.20884942122e-20,1.20693107306e-20,1.70819468867e-20,2.5045886728e-20,1.90441430537e-19,4.59448010364e-19,2.03677638657e-19,4.5209561549e-19,8.13322855751e-19,6.22065980227e-19,1.13483120944e-18,3.54516623805e-18,3.03172199694e-18,1.92184744697e-18,3.65666025845e-18,4.43158497658e-18,4.47187901217e-18,7.08426427912e-18,3.54214041137e-18,7.2493347878e-18,1.00900144592e-17,7.45928563497e-18,8.62009713989e-18,1.1932093571e-17,1.65739929406e-17,2.03180853626e-17,1.19310397429e-17,1.82108460609e-17,1.48081261146e-17,2.13663299939e-17,2.26641598314e-17,1.14571851931e-17,1.4712876267e-17,9.39361275584e-18,5.59698609312e-18,2.9086501363e-18,1.33536688009e-18,3.23476371466e-19,4.32169752187e-20],"var":[0.0107474802062,1.19577646255,8.18491172791,14.6112346649,39.1184539795,656.892333984,875.684204102,291.363037109,3263.80249023,7302.09130859,12074.4960938,9709.359375,16858.7011719,2660.90478516,3610.96850586,2176.00317383,8419.48339844,4561.69726563,1266.20629883,1340.99047852,636.908447266,268.555297852,193.431152344,97.9351882935,24.6842746735,158.216781616,101.26410675,23.9109230042,13.0239143372,3.47550606728,49.6956443787,913.399353027,99.1650924683,2.98246049881,0.134487420321,0.0181655529886,0.00066189840436,3.74103336753e-7,1.15637843745e-9,5.36675259788e-10]},"erbbands_crest":{"dmean":2.15029740334,"dmean2":3.29281187057,"dvar":4.08718824387,"dvar2":9.78162479401,"max":28.2775650024,"mean":10.6490011215,"median":9.71525859833,"min":2.42185616493,"var":17.9130401611},"erbbands_flatness_db":{"dmean":0.0160160288215,"dmean2":0.0212507303804,"dvar":0.000300425250316,"dvar2":0.000481813360238,"max":0.413539797068,"mean":0.206424623728,"median":0.206627890468,"min":0.0583813153207,"var":0.00262183439918},"erbbands_kurtosis":{"dmean":1.28136348724,"dmean2":1.96110975742,"dvar":2.97200894356,"dvar2":6.64928531647,"max":41.9025611877,"mean":2.36817550659,"median":1.52265095711,"min":-1.87091505527,"var":12.1537218094},"erbbands_skewness":{"dmean":0.337147444487,"dmean2":0.498453497887,"dvar":0.116684749722,"dvar2":0.24113291502,"max":4.64503622055,"mean":0.95981490612,"median":0.987480759621,"min":-6.15855503082,"var":0.740284442902},"erbbands_spread":{"dmean":5.67172861099,"dmean2":8.22525119781,"dvar":74.5502700806,"dvar2":150.167282104,"max":141.093276978,"mean":26.5272045135,"median":20.3973693848,"min":1.61678266525,"var":353.151672363},"gfcc":{"cov":[[7153.23876953,-13.38326931,-1040.20776367,42.4847183228,-456.653137207,-89.7562026978,105.322151184,-11.0125160217,14.0259332657,-151.527999878,131.588973999,-259.188995361,31.8890953064],[-13.38326931,1155.28747559,-33.8620185852,-381.98928833,392.396087646,5.76704645157,165.782165527,48.0432167053,159.652816772,-32.0786437988,79.6823196411,-6.54652357101,32.2985954285],[-1040.20776367,-33.8620185852,796.945129395,398.557891846,75.8475265503,145.956710815,25.7341079712,4.85299777985,-32.5355148315,45.2635917664,-19.1772384644,73.0010147095,-28.4749336243],[42.4847183228,-381.98928833,398.557891846,740.543945313,27.7938270569,6.98407745361,-46.1946258545,-5.15493106842,-45.3564376831,-1.00532233715,-44.3369026184,43.1338005066,9.16831684113],[-456.653137207,392.396087646,75.8475265503,27.7938270569,443.206665039,80.4111404419,49.8194313049,101.85735321,124.490882874,18.1875171661,-2.71887111664,68.3288040161,19.8414649963],[-89.7562026978,5.76704645157,145.956710815,6.98407745361,80.4111404419,283.108337402,143.405853271,51.7546920776,23.2715034485,61.7371635437,25.9431266785,-10.9058589935,-26.5433292389],[105.322151184,165.782165527,25.7341079712,-46.1946258545,49.8194313049,143.405853271,197.409317017,56.8958511353,16.2398738861,14.3037195206,37.6402893066,-27.0922832489,-13.1450891495],[-11.0125160217,48.0432167053,4.85299777985,-5.15493106842,101.85735321,51.7546920776,56.8958511353,131.277877808,79.6905670166,5.52765893936,-5.50241613388,18.6474952698,-1.26710724831],[14.0259332657,159.652816772,-32.5355148315,-45.3564376831,124.490882874,23.2715034485,16.2398738861,79.6905670166,173.205688477,41.7816696167,-0.82058006525,14.0896883011,24.3687381744],[-151.527999878,-32.0786437988,45.2635917664,-1.00532233715,18.1875171661,61.7371635437,14.3037195206,5.52765893936,41.7816696167,124.680595398,23.7587394714,-8.31044864655,-15.3385353088],[131.588973999,79.6823196411,-19.1772384644,-44.3369026184,-2.71887111664,25.9431266785,37.6402893066,-5.50241613388,-0.82058006525,23.7587394714,101.723602295,17.0014743805,-12.3615980148],[-259.188995361,-6.54652357101,73.0010147095,43.1338005066,68.3288040161,-10.9058589935,-27.0922832489,18.6474952698,14.0896883011,-8.31044864655,17.0014743805,121.268501282,23.6539287567],[31.8890953064,32.2985954285,-28.4749336243,9.16831684113,19.8414649963,-26.5433292389,-13.1450891495,-1.26710724831,24.3687381744,-15.3385353088,-12.3615980148,23.6539287567,83.6059494019]],"icov":[[0.000288018520223,-0.000459723902168,0.000672433758155,-0.000638833211269,0.000759966787882,-0.00058426510077,0.000397104682634,-0.000413737579947,-0.0000175487130036,0.000194895575987,-0.000227466356591,0.000126502578496,0.0000285837286356],[-0.000459723902168,0.00517364218831,-0.00300835771486,0.00369800976478,-0.0056524942629,0.0045713474974,-0.00509094214067,0.00438794540241,-0.00310813565738,0.00247245980427,-0.00278449733742,0.00269400398247,-0.00100897368975],[0.000672433758155,-0.00300835771486,0.00461968034506,-0.00370666384697,0.00363323069178,-0.00400373525918,0.00267181172967,-0.00199506338686,0.00151875277516,-0.00124278967269,0.00164864317048,-0.00245921849273,0.0014109153999],[-0.000638833211269,0.00369800976478,-0.00370666384697,0.00503053190187,-0.00446990458295,0.00376186799258,-0.00311223836616,0.00264778919518,-0.00119384261779,0.00114824611228,-0.00106567901094,0.00164264836349,-0.00125678395852],[0.000759966787882,-0.0056524942629,0.00363323069178,-0.00446990458295,0.00985433440655,-0.00578428758308,0.00511757470667,-0.00561628118157,0.00111392163672,-0.00188881997019,0.00302184466273,-0.00424938183278,0.00114368833601],[-0.00058426510077,0.0045713474974,-0.00400373525918,0.00376186799258,-0.00578428758308,0.0114431027323,-0.00909269787371,0.00331448507495,-0.00194082583766,-0.000877520709764,-0.00167748157401,0.00225168792531,-0.000173340376932],[0.000397104682634,-0.00509094214067,0.00267181172967,-0.00311223836616,0.00511757470667,-0.00909269787371,0.0158059280366,-0.00843073334545,0.00447558518499,-0.000780347792897,-0.00122935255058,0.000907675595954,-0.000563631474506],[-0.000413737579947,0.00438794540241,-0.00199506338686,0.00264778919518,-0.00561628118157,0.00331448507495,-0.00843073334545,0.0182783417404,-0.0089220656082,0.00385297765024,0.000458362250356,-0.00086092564743,0.00244819466025],[-0.0000175487130036,-0.00310813565738,0.00151875277516,-0.00119384261779,0.00111392163672,-0.00194082583766,0.00447558518499,-0.0089220656082,0.0137356799096,-0.00609902571887,0.00190686644055,-0.000807949865703,-0.00306843384169],[0.000194895575987,0.00247245980427,-0.00124278967269,0.00114824611228,-0.00188881997019,-0.000877520709764,-0.000780347792897,0.00385297765024,-0.00609902571887,0.0132925342768,-0.00479964911938,0.00317955971695,0.00113382283598],[-0.000227466356591,-0.00278449733742,0.00164864317048,-0.00106567901094,0.00302184466273,-0.00167748157401,-0.00122935255058,0.000458362250356,0.00190686644055,-0.00479964911938,0.0158160012215,-0.00684924609959,0.00324470596388],[0.000126502578496,0.00269400398247,-0.00245921849273,0.00164264836349,-0.00424938183278,0.00225168792531,0.000907675595954,-0.00086092564743,-0.000807949865703,0.00317955971695,-0.00684924609959,0.014658308588,-0.00459473114461],[0.0000285837286356,-0.00100897368975,0.0014109153999,-0.00125678395852,0.00114368833601,-0.000173340376932,-0.000563631474506,0.00244819466025,-0.00306843384169,0.00113382283598,0.00324470596388,-0.00459473114461,0.0154622150585]],"mean":[-73.0525512695,118.695175171,-115.564888,7.85990285873,-78.0743484497,1.03593659401,-43.0612487793,6.81499290466,-33.8220291138,1.43945670128,-16.0379428864,-6.57753419876,-8.49915885925]},"hfc":{"dmean":2.55529165268,"dmean2":3.4294025898,"dvar":53.4836082458,"dvar2":89.3974685669,"max":493.993865967,"mean":12.2737388611,"median":6.78111886978,"min":1.21434454967e-16,"var":295.223205566},"melbands":{"dmean":[0.000225594165386,0.000410687702242,0.000208562021726,0.000249073375016,0.000199725996936,0.000099093587778,0.000132542321808,0.000160228475579,0.0000967975429376,0.000105549726868,0.0000823619557195,0.0000382006073778,0.0000298612030747,0.0000410466564063,0.0000183436495718,0.0000260325159616,0.0000131661063278,0.00000719869103705,0.00000609672906648,0.00000334550600201,0.00000280730546365,0.00000191008871298,0.00000186236150057,0.00000171597093868,0.00000127942291783,8.02344629847e-7,9.99846520244e-7,0.00000165643768923,0.00000131913236601,6.50850836337e-7,4.85480768475e-7,3.37089403502e-7,1.95999305674e-7,1.5990077884e-7,2.70024230531e-7,6.42073700874e-7,0.00000104587729766,4.60518663203e-7,2.27613270454e-7,1.02362569976e-7],"dmean2":[0.000346269051079,0.000654594507068,0.000337036239216,0.000385578867281,0.000286001100903,0.000140947304317,0.000195206652279,0.000220213187276,0.000132894943818,0.00014721401385,0.000114183749247,0.0000556787163077,0.0000436201153207,0.0000609235466982,0.0000287250131805,0.000038394038711,0.0000185107055586,0.0000107966607175,0.00000908491892915,0.00000478136780657,0.00000416587772634,0.00000289230774797,0.00000275415732176,0.00000253147459262,0.00000198524139705,0.00000121086645777,0.00000149463323851,0.00000247132720688,0.00000198415068553,9.63776869867e-7,7.17067223377e-7,4.99193504311e-7,2.88287026251e-7,2.33752814438e-7,4.0577793925e-7,8.53773656218e-7,0.00000152774407525,6.56782390251e-7,3.26659858274e-7,1.46516796917e-7],"dvar":[7.51325387682e-7,0.00000114487374958,2.91014174536e-7,2.45071049676e-7,1.46293970715e-7,3.09593488623e-8,9.47564089415e-8,1.28402675159e-7,6.35167296537e-8,6.49257430041e-8,5.21582954605e-8,1.07798792115e-8,6.16359852046e-9,1.91352231838e-8,3.70504760205e-9,9.52911083374e-9,2.39675723712e-9,1.16796672334e-9,5.97950966519e-10,1.68737274153e-10,1.64575186812e-10,4.38144208414e-11,3.49381877596e-11,2.39875203034e-11,1.34414137806e-11,3.94400050813e-12,1.04587232971e-11,2.54080211731e-11,1.7196617394e-11,5.28661879898e-12,3.10048709797e-12,2.86819808355e-12,6.53708478408e-13,3.92335659403e-13,3.09879314049e-12,4.05001761294e-11,2.97221830481e-10,3.25352730868e-11,3.42837780734e-12,4.47761511028e-13],"dvar2":[0.00000159984563197,0.00000284491284219,7.57337318191e-7,6.81887172505e-7,3.36909749876e-7,6.49802558428e-8,2.05489214977e-7,2.33483802958e-7,1.20255322145e-7,1.28137969568e-7,1.09299108431e-7,2.17753850507e-8,1.30981030466e-8,4.07911251443e-8,9.12400466291e-9,1.94473841475e-8,4.64479210649e-9,2.55005883076e-9,1.32677624443e-9,3.26034393927e-10,3.43252537505e-10,9.1771333588e-11,7.80472214634e-11,4.89259639747e-11,3.41011767435e-11,8.75821724172e-12,2.40869754697e-11,5.45274936314e-11,4.12126686944e-11,1.21792610719e-11,6.54948578011e-12,6.2307528928e-12,1.31058391136e-12,8.03384268833e-13,6.7178055653e-12,6.6638659868e-11,6.78925360376e-10,6.60249424578e-11,5.8338503299e-12,8.69150346312e-13],"max":[0.0161572750658,0.0158179029822,0.00782614853233,0.015111612156,0.0133812390268,0.00462671322748,0.0133147854358,0.0133496141061,0.00784593075514,0.00755325239152,0.0128526063636,0.00311159738339,0.00241474667564,0.0053949309513,0.00221704528667,0.00511509738863,0.00207387236878,0.00148091709707,0.00124531215988,0.000636187847704,0.000972445704974,0.000425279024057,0.00023554971267,0.000184489908861,0.000158079012181,0.0000665662810206,0.000119365940918,0.000151957210619,0.000146782913362,0.0000746146106394,0.000052972449339,0.000077415650594,0.000033596475987,0.0000295927420666,0.0000697513169143,0.000439004827058,0.00117705843877,0.000381880527129,0.0000870974326972,0.0000248389678745],"mean":[0.000323243439198,0.000597611709964,0.000340566242812,0.000760851718951,0.000678100972436,0.000255974795436,0.000392180867493,0.000548495620023,0.000330913200742,0.00033460924169,0.000264342932496,0.0000963546481216,0.0000719453310012,0.0000853585588629,0.0000374957235181,0.000062370498199,0.0000318249585689,0.0000152264674398,0.0000146323336594,0.0000088118331405,0.00000682630752635,0.00000501072327097,0.00000480902963318,0.00000465530547444,0.00000325554287883,0.00000182342353128,0.000002122792921,0.00000374968476535,0.00000279709888673,0.00000115963530334,8.74319709965e-7,5.7448988855e-7,3.47621323726e-7,2.69905541472e-7,4.21837768272e-7,9.28115127863e-7,0.00000138903817515,7.04197873347e-7,3.52948461568e-7,1.6098383071e-7],"median":[0.0000152926386363,0.0000811940190033,0.000130909800646,0.000372351583792,0.00026640977012,0.000116730981972,0.000138648581924,0.000168952217791,0.000080965422967,0.0000757126472308,0.0000396713294322,0.0000228030567087,0.0000163788918144,0.0000141975406223,0.00000593524737269,0.00000529239105163,0.00000290734192276,0.00000194347376237,0.00000211897190638,0.00000103638024029,9.872778719e-7,8.1610903635e-7,7.22694380784e-7,8.58472787968e-7,7.7833396972e-7,5.30753993644e-7,5.77037326366e-7,6.70744555009e-7,3.91934520394e-7,2.46870740739e-7,1.99838225967e-7,1.11101840616e-7,7.43663122194e-8,5.60175337228e-8,7.01307740769e-8,7.33119307483e-8,5.14635978277e-8,5.48954197654e-8,4.65607854494e-8,2.92221571385e-8],"min":[1.51298031149e-23,1.02396251756e-23,3.08734559767e-24,5.24504898968e-24,1.67144353469e-23,4.28933966427e-24,8.52588717905e-24,9.50357298599e-24,4.36187187464e-24,7.69886118323e-24,1.84365171253e-23,1.2963359933e-23,6.43709315369e-24,7.53161004955e-24,1.303996306e-23,8.52038250765e-24,8.1559295583e-24,1.10114080311e-23,7.73716274676e-24,2.83473774189e-24,1.09808696478e-23,1.29358539309e-23,5.67828982111e-24,5.67760942858e-24,6.98773463161e-24,9.1170398199e-24,8.04361943123e-24,1.21207066026e-23,1.69333552922e-23,6.58033530572e-24,6.29975562553e-24,1.05106580611e-23,8.86017960941e-24,7.61702475293e-24,1.06667089477e-23,1.70481834633e-23,1.20785396207e-23,6.53840616532e-24,1.03002207372e-23,1.30948117699e-23],"var":[0.00000127685063944,0.00000191410231309,3.95523841235e-7,0.00000118161665341,0.0000012708826489,1.39865989013e-7,8.30459441659e-7,0.00000128114049858,5.71657380988e-7,5.3392807331e-7,4.45951343409e-7,5.43196847502e-8,2.77826242012e-8,6.61458159357e-8,1.14955200914e-8,5.81692489732e-8,1.33688446979e-8,4.08223188586e-9,3.11720449453e-9,1.03511255123e-9,7.54965312488e-10,3.37351313551e-10,1.91584553777e-10,1.59365062813e-10,7.61175983355e-11,1.81724253701e-11,2.56057657716e-11,1.04768374531e-10,7.5296442692e-11,1.3303759136e-11,7.95133316828e-12,5.43613418169e-12,1.44937024622e-12,8.2727320003e-13,6.62543717805e-12,1.00643875178e-10,4.9056791962e-10,6.99040061947e-11,7.78850942074e-12,9.06799429382e-13]},"melbands_crest":{"dmean":2.42657423019,"dmean2":3.79198455811,"dvar":5.70280599594,"dvar2":13.7865009308,"max":35.1914749146,"mean":13.3087854385,"median":12.3147754669,"min":1.0007827282,"var":24.6780738831},"melbands_flatness_db":{"dmean":0.0203849412501,"dmean2":0.028847111389,"dvar":0.000542240799405,"dvar2":0.00107455032412,"max":0.497453182936,"mean":0.253175318241,"median":0.25537866354,"min":-1.98458820933e-7,"var":0.00330873951316},"melbands_kurtosis":{"dmean":5.58889484406,"dmean2":8.62881469727,"dvar":123.875274658,"dvar2":285.754852295,"max":230.451339722,"mean":13.1414012909,"median":6.95893478394,"min":-1.92898702621,"var":326.898071289},"melbands_skewness":{"dmean":0.557314157486,"dmean2":0.834556996822,"dvar":0.48160302639,"dvar2":1.04276287556,"max":11.9895048141,"mean":2.21959042549,"median":1.88784682751,"min":-1.99281585217,"var":2.95537424088},"melbands_spread":{"dmean":3.73875999451,"dmean2":5.41913509369,"dvar":97.6747283936,"dvar2":159.83203125,"max":268.398590088,"mean":14.0386667252,"median":10.4461374283,"min":0.985848784447,"var":349.776947021},"mfcc":{"cov":[[6912.08789063,-511.71270752,-521.166015625,-121.377929688,-472.856719971,-237.828292847,-38.4217910767,-39.3986778259,-120.933822632,163.397247314,-0.655477762222,-60.3088607788,-208.235916138],[-511.71270752,1551.62133789,-341.233123779,-306.651367188,111.945648193,-2.46312308311,62.4156150818,94.8329544067,81.3364868164,34.5188140869,106.269126892,38.3994369507,117.735572815],[-521.166015625,-341.233123779,678.597595215,243.956344604,38.1177940369,141.256408691,75.1184005737,9.1123380661,-24.1495571136,-22.9480648041,-23.9240875244,22.941236496,-24.6977939606],[-121.377929688,-306.651367188,243.956344604,535.324645996,191.565841675,34.7491569519,-38.107421875,22.8292007446,23.5515060425,-92.0124053955,-46.5153961182,24.0041923523,-34.6279258728],[-472.856719971,111.945648193,38.1177940369,191.565841675,306.338439941,80.7107620239,-20.2042236328,68.2622909546,83.4964981079,-22.3926906586,6.07419681549,48.7705192566,46.0021247864],[-237.828292847,-2.46312308311,141.256408691,34.7491569519,80.7107620239,200.040283203,100.292564392,24.2641429901,38.5923576355,40.773235321,28.7982616425,39.9973144531,16.5283660889],[-38.4217910767,62.4156150818,75.1184005737,-38.107421875,-20.2042236328,100.292564392,203.705368042,58.8733901978,-13.2073364258,46.3722038269,36.0615844727,2.00725269318,0.00140187132638],[-39.3986778259,94.8329544067,9.1123380661,22.8292007446,68.2622909546,24.2641429901,58.8733901978,170.753631592,56.2480964661,-5.77681732178,29.6314468384,12.7945947647,22.3063182831],[-120.933822632,81.3364868164,-24.1495571136,23.5515060425,83.4964981079,38.5923576355,-13.2073364258,56.2480964661,150.108322144,48.7735328674,4.19121551514,18.0175037384,27.0216560364],[163.397247314,34.5188140869,-22.9480648041,-92.0124053955,-22.3926906586,40.773235321,46.3722038269,-5.77681732178,48.7735328674,157.155944824,51.7007102966,-14.2467384338,-7.63522624969],[-0.655477762222,106.269126892,-23.9240875244,-46.5153961182,6.07419681549,28.7982616425,36.0615844727,29.6314468384,4.19121551514,51.7007102966,124.64692688,30.2692966461,-4.5057964325],[-60.3088607788,38.3994369507,22.941236496,24.0041923523,48.7705192566,39.9973144531,2.00725269318,12.7945947647,18.0175037384,-14.2467384338,30.2692966461,128.927124023,51.7613143921],[-208.235916138,117.735572815,-24.6977939606,-34.6279258728,46.0021247864,16.5283660889,0.00140187132638,22.3063182831,27.0216560364,-7.63522624969,-4.5057964325,51.7613143921,115.714706421]],"icov":[[0.000207662538742,0.0000368249457097,0.000243508533458,-0.000190778649994,0.00036932650255,-0.0000233346399909,0.000123386111227,-0.000307581649395,0.000268146686722,-0.000460300710984,0.000231613652431,-0.000284782610834,0.000290333235171],[0.0000368249457097,0.00100830954034,0.000271945435088,0.000644026615191,-0.000705713115167,0.000433588371379,-0.0006251836312,0.00013847486116,-0.000482555216877,0.000519195280503,-0.000741237949114,0.000165795529028,-0.000473026331747],[0.000243508533458,0.000271945435088,0.00264939572662,-0.00130285357591,0.00110727839638,-0.00183658662718,0.0000791728598415,-0.000752756837755,0.00103705946822,-0.000681584409904,0.000684420170728,-0.000451131840236,0.000245658826316],[-0.000190778649994,0.000644026615191,-0.00130285357591,0.00438280031085,-0.00334977428429,0.00123217084911,-0.000694266112987,0.000793918967247,-0.00122410198674,0.00233402242884,-0.0000873720273376,-0.000232332604355,0.0015779377427],[0.00036932650255,-0.000705713115167,0.00110727839638,-0.00334977428429,0.00806194823235,-0.00364851369523,0.00270485249348,-0.00250924704596,-0.000404305843404,-0.000899947597645,0.000285826157779,-0.000480345712276,-0.00132259249222],[-0.0000233346399909,0.000433588371379,-0.00183658662718,0.00123217084911,-0.00364851369523,0.0112242056057,-0.00590676395223,0.00284891715273,-0.00295878993347,-0.0000790626509115,-0.001076198183,-0.00176901579835,0.000226818359806],[0.000123386111227,-0.0006251836312,0.0000791728598415,-0.000694266112987,0.00270485249348,-0.00590676395223,0.0105573730543,-0.00520846154541,0.00450369156897,-0.00344914989546,0.000925085914787,0.000261271052295,0.0000794493025751],[-0.000307581649395,0.00013847486116,-0.000752756837755,0.000793918967247,-0.00250924704596,0.00284891715273,-0.00520846154541,0.0107686435804,-0.00572566501796,0.0045464602299,-0.00367931486107,0.00157194188796,-0.00131206470542],[0.000268146686722,-0.000482555216877,0.00103705946822,-0.00122410198674,-0.000404305843404,-0.00295878993347,0.00450369156897,-0.00572566501796,0.0134809585288,-0.00716090202332,0.00381062692031,-0.0015899137361,-0.00024539034348],[-0.000460300710984,0.000519195280503,-0.000681584409904,0.00233402242884,-0.000899947597645,-0.0000790626509115,-0.00344914989546,0.0045464602299,-0.00716090202332,0.0135268103331,-0.00593031989411,0.00336581724696,-0.000482687959448],[0.000231613652431,-0.000741237949114,0.000684420170728,-0.0000873720273376,0.000285826157779,-0.001076198183,0.000925085914787,-0.00367931486107,0.00381062692031,-0.00593031989411,0.0132393287495,-0.0048851291649,0.003459836822],[-0.000284782610834,0.000165795529028,-0.000451131840236,-0.000232332604355,-0.000480345712276,-0.00176901579835,0.000261271052295,0.00157194188796,-0.0015899137361,0.00336581724696,-0.0048851291649,0.0123480474576,-0.00582674052566],[0.000290333235171,-0.000473026331747,0.000245658826316,0.0015779377427,-0.00132259249222,0.000226818359806,0.0000794493025751,-0.00131206470542,-0.00024539034348,-0.000482687959448,0.003459836822,-0.00582674052566,0.013683244586]],"mean":[-718.02130127,154.170135498,7.74111223221,7.90319061279,-14.8708333969,-11.5048046112,-0.978845536709,-8.01900577545,-6.48091745377,-1.34237778187,-7.11996603012,-0.112613111734,-6.11372709274]},"pitch_salience":{"dmean":0.05578860268,"dmean2":0.0875476077199,"dvar":0.00291207269765,"dvar2":0.00729970214888,"max":0.996084392071,"mean":0.542796492577,"median":0.552594482899,"min":0.149347111583,"var":0.0124180372804},"silence_rate_20dB":{"dmean":0,"dmean2":0,"dvar":0,"dvar2":0,"max":1,"mean":1,"median":1,"min":1,"var":0},"silence_rate_30dB":{"dmean":0.00107152422424,"dmean2":0.00214333552867,"dvar":0.00107037078124,"dvar2":0.00240660901181,"max":1,"mean":0.998660802841,"median":1,"min":0,"var":0.00133749959059},"silence_rate_60dB":{"dmean":0.0350924171507,"dmean2":0.0701942369342,"dvar":0.0338625907898,"dvar2":0.0732996836305,"max":1,"mean":0.156555503607,"median":0,"min":0,"var":0.132054507732},"spectral_centroid":{"dmean":136.183486938,"dmean2":194.161437988,"dvar":71294.1171875,"dvar2":117363.59375,"max":11303.0878906,"mean":831.799743652,"median":703.79888916,"min":187.273361206,"var":301347.15625},"spectral_complexity":{"dmean":1.54701316357,"dmean2":2.47635626793,"dvar":2.54156494141,"dvar2":5.3202958107,"max":40,"mean":11.0724525452,"median":11,"min":0,"var":27.9536170959},"spectral_contrast_coeffs":{"dmean":[0.0418390855193,0.0367746427655,0.0314426384866,0.0265206098557,0.0192542523146,0.0141158308834],"dmean2":[0.0676877647638,0.0590217746794,0.0499664247036,0.0426330752671,0.0301762446761,0.0223241336644],"dvar":[0.00133392051794,0.000925413274672,0.000652343733236,0.00045487791067,0.000283155968646,0.000151590749738],"dvar2":[0.00339295109734,0.00231039430946,0.0016254556831,0.00114645517897,0.000627618515864,0.000353026523953],"max":[-0.227134764194,-0.38323739171,-0.424373537302,-0.491845607758,-0.609138131142,-0.623985171318],"mean":[-0.562711715698,-0.67354953289,-0.708975374699,-0.757172942162,-0.785025537014,-0.79850012064],"median":[-0.573229730129,-0.679039478302,-0.718605995178,-0.765560209751,-0.788335323334,-0.800076127052],"min":[-0.983057439327,-0.997253239155,-0.998875498772,-0.988380074501,-0.989019453526,-0.961838901043],"var":[0.0124968076125,0.00709290523082,0.00711044156924,0.00401970883831,0.00263802544214,0.0013289853232]},"spectral_contrast_valleys":{"dmean":[0.396834909916,0.290793150663,0.254297316074,0.233991712332,0.240001007915,0.264477491379],"dmean2":[0.645358264446,0.463740587234,0.406296908855,0.363542586565,0.33106970787,0.322809547186],"dvar":[0.145696803927,0.0690782368183,0.0533749647439,0.0524256452918,0.0794839709997,0.116208598018],"dvar2":[0.309364378452,0.144844099879,0.10897988081,0.0912841409445,0.113738067448,0.159338831902],"max":[-5.25846099854,-4.85863351822,-5.27083683014,-6.3414144516,-6.30131387711,-7.46019744873],"mean":[-8.27301216125,-7.12449359894,-7.90916347504,-8.74542808533,-8.70874023438,-11.0543355942],"median":[-8.32301330566,-7.04454421997,-7.82673597336,-8.6797914505,-8.61240100861,-11.0196065903],"min":[-28.0604400635,-27.2090740204,-27.2132148743,-27.3021678925,-27.0761604309,-27.236825943],"var":[1.24315059185,0.851875603199,0.942885100842,0.871671617031,0.878847002983,0.887671232224]},"spectral_decrease":{"dmean":1.05243802562e-9,"dmean2":1.51344503596e-9,"dvar":2.39925990738e-18,"dvar2":5.24723138267e-18,"max":1.1009292045e-28,"mean":-4.84325690664e-9,"median":-3.34427152637e-9,"min":-2.94434308046e-8,"var":2.13751775177e-17},"spectral_energy":{"dmean":0.00414761155844,"dmean2":0.0059543387033,"dvar":0.0000363496219506,"dvar2":0.0000790410631453,"max":0.117926046252,"mean":0.0193928778172,"median":0.0133288092911,"min":1.05989519554e-20,"var":0.000342962914146},"spectral_energyband_high":{"dmean":0.000133813111461,"dmean2":0.000176344823558,"dvar":7.17970522146e-7,"dvar2":0.00000115078421459,"max":0.0604469031096,"mean":0.000280103064142,"median":0.0000522004156664,"min":8.03488108014e-21,"var":0.00000221720983973},"spectral_energyband_low":{"dmean":0.00179648515768,"dmean2":0.00275384937413,"dvar":0.0000223333718168,"dvar2":0.0000495661006426,"max":0.0702113211155,"mean":0.00278966221958,"median":0.000413630594267,"min":7.01766622317e-23,"var":0.0000421160293627},"spectral_energyband_middle_high":{"dmean":0.00088801200036,"dmean2":0.00126756960526,"dvar":0.00000384300437872,"dvar2":0.00000763868320064,"max":0.0612973645329,"mean":0.00334114558063,"median":0.00110682309605,"min":1.29448394037e-21,"var":0.000034979369957},"spectral_energyband_middle_low":{"dmean":0.00270913215354,"dmean2":0.00386582897045,"dvar":0.0000144168370753,"dvar2":0.0000323304047924,"max":0.0995589345694,"mean":0.0132471472025,"median":0.00830103643239,"min":2.58040289604e-22,"var":0.000186053919606},"spectral_entropy":{"dmean":0.169384390116,"dmean2":0.227164521813,"dvar":0.0405280515552,"dvar2":0.0699677318335,"max":9.81050682068,"mean":6.93583297729,"median":6.90338039398,"min":5.12109518051,"var":0.245055541396},"spectral_flux":{"dmean":0.0133870355785,"dmean2":0.0216399189085,"dvar":0.000292770535452,"dvar2":0.000713589717634,"max":0.24397687614,"mean":0.0469408035278,"median":0.0400513336062,"min":1.02951210057e-10,"var":0.00106998498086},"spectral_kurtosis":{"dmean":2.97862148285,"dmean2":4.77544784546,"dvar":13.4764900208,"dvar2":33.1914787292,"max":72.3928527832,"mean":9.27074718475,"median":7.25652122498,"min":-1.26512253284,"var":58.3881072998},"spectral_rms":{"dmean":0.000449994928204,"dmean2":0.000633062620182,"dvar":3.00526039609e-7,"dvar2":6.1707680743e-7,"max":0.0107261268422,"mean":0.00384358596057,"median":0.00360606657341,"min":3.21565560638e-12,"var":0.0000041467264964},"spectral_rolloff":{"dmean":226.514511108,"dmean2":378.215148926,"dvar":533897.3125,"dvar2":1072033.375,"max":18970.7519531,"mean":964.916564941,"median":732.12890625,"min":86.1328125,"var":1348324.5},"spectral_skewness":{"dmean":0.319073885679,"dmean2":0.481995105743,"dvar":0.111988380551,"dvar2":0.230602413416,"max":7.05912256241,"mean":2.27629780769,"median":2.1885163784,"min":-0.319399416447,"var":0.732250869274},"spectral_spread":{"dmean":449327.1875,"dmean2":605553.1875,"dvar":432357965824,"dvar2":615293452288,"max":40655736,"mean":3926702.25,"median":3640412.5,"min":1075218.25,"var":2440130723840},"spectral_strongpeak":{"dmean":0.408516973257,"dmean2":0.674082636833,"dvar":0.531918346882,"dvar2":1.22694170475,"max":17.5387611389,"mean":1.18688690662,"median":0.661126971245,"min":0,"var":1.90430593491},"zerocrossingrate":{"dmean":0.00679525826126,"dmean2":0.00777632882819,"dvar":0.000169353414094,"dvar2":0.000158854818437,"max":0.50439453125,"mean":0.0413068793714,"median":0.0341796875,"min":0.005859375,"var":0.00113405415323}},"metadata":{"audio_properties":{"analysis_sample_rate":44100,"bit_rate":192000,"codec":"mp3","downmix":"mix","equal_loudness":0,"length":173.348571777,"lossless":false,"md5_encoded":"720a52a3191252a6678a408dd895099e","replay_gain":-5.41446495056,"sample_rate":44100},"tags":{"acoustid_fingerprint":["AQADtOIimYe_4UHuQNeDeHXxH02PSswe3KiM9Eey4-nRZFUwkWyC5Tt-HMny7MgLnxWaOApFPPPxX7geXOhx9Aiah4h04q8Evsd1NMf0J_g-hNGRTPxw4seN4w-e8CgPH0ezO_iWw8pxbhwedUiuaRJyHW0uwc9oVA2NL3gYol4Gf3hanDqiNaUExjfe4IiuIeVSQ08WGac240yM9MT9FEdESZDyHkcOH73wCaE2PXDSQ88Dn0RohcWLMkET8fh0xFYeaFwCbzt-5NLB6zgTDd18fA8e_MiDD3qGpswRkrnx7cSPPzh6Yj9-PBnhjXkG9xY6Fz_OTMmIR-zhF0fSXPkQezmeZA0x60Jb8MF5NLh04ZmDv0WmRY40JFce4hTCR4SiLDvOJENOPMwRZ8qIpA9-JXjGC1O6BX0O4j6QXIzwH-8V3DmmD-JyhN6kYXbwHT_yPiF0Is5xHoz94bdwJcieBwmvJB-cYxquLE-ES-3QPC_64AtyPHoCTeKlQFTiFNXxSBly5OgP8akQ_kGv5XCyHdWPH-0Y_C6mNC-u4OmLWD6hHemTg7-MMFM4DXo09BKYPEd-7JeCSzyKPhKBU3uCH2Xh6miEPEhaZsWOhpnQozx8GkafacLN44d6NJgop8cjDT-uY22OmEmO5PKNMruw5yidYd_gOiHxHGWRQ8qXIjqNa-jRRBo6HWEiZin0J_iRM8a5oiSaD4_wXBjB4kX9CFOsZcS3HfdzhHkC7R_yXPg_3Efj6BEq7tzwtEV5FQ33YeZR_8jTQqxyMD-ucNDio1aeoCcLZxFzqFke-Ec-XPCPC9GWI_mH40fTJg--C54v4vGEn3CVLXjGB8kjJUZefLjwXE1xo58eNDvxC8-Mn4L34PrQqBmiB4mUET-mVDReD3YYDacS_MeNmBS0H6mNatzRsccXASeKExea3ugZC6eCUAmfoVlc4Q50BWF6PJ-QX4WTmBI0OccdDydyfMeP52i2VI1RUx2e4cGRFGFy1GlGDlcurL3R3QLno0_wTMGVU0ieF3n2CH-Qz5ASpwifFceJkM4DLZysg88X5Bcu1CoOfzjRE9ye4cmZ4MhNaA_CWBHuHM9XfMuFHIn-olyB53h-pGmQKCeOMsqXwGNy_PBuhMwSZYN-Ij8aJ3tQSieuNImRH5yFpgrCH5eeoo98lE7y4C-e5nCVB3xaPNHh9Yj9IWl-TJbiwmMe_MXrwhWeoVrEoAoPV0KfmDgjfMHk_AjTJhP0H7k14ksI_EGdHM3CZUpw3cgNXcIfKMqyo7aDnMGDesf7BFVmC6eOZ1GOSLmOZGI8Hd8ZFf8ONlWooFRD2NERelCOSErIFNXO4zzoZiNeT_CFS8T8NHi4B_aP48WTC01kFeF0aDpMIj-aP9hxGV9yXMLFD5zK49fQMxGaOhfeaDm-hsKdPMTx4nKe4BqNMFMZ6FIG5od-5PdxXCN-vHpx9MnRyMcPn0geIT9m-WiPp8Tha0Z_PMd_JBWPPGh0RXhE9Dl-IXepI6mJK0fJwHzQsxouST8m58R3vBskPVmwH