{"lowlevel":{"average_loudness":0.767594754696,"barkbands":{"dmean":[0.00396946491674,0.00905745569617,0.00378151843324,0.00128902948927,0.00128740584478,0.000631034316029,0.000395479641156,0.000327246438246,0.000631287577562,0.000584367429838,0.000753893866204,0.000595980964135,0.000540155800991,0.000538904627319,0.000327281304635,0.00019055341545,0.000174508531927,0.00012255157344,0.0000959497847361,0.0000864369721967,0.0000807322430774,0.0000445364203188,0.0000319958235195,0.0000244357506745,0.00000509650953973,0.0000464772892883,0.000347253022483],"dmean2":[0.00658619357273,0.0152364242822,0.00618715165183,0.00206951028667,0.00207796064205,0.00097778334748,0.000614475808106,0.000522865972016,0.00100237270817,0.00094547693152,0.0012577191228,0.00100191519596,0.000916698307265,0.000917574448977,0.000550347554963,0.000321175641147,0.000293791876175,0.000197170520551,0.000149559156853,0.000132309723995,0.000118690535601,0.0000669557484798,0.0000508313678438,0.0000391689973185,0.00000857613031258,0.0000733064152882,0.000553510035388],"dvar":[0.0000865601541591,0.000313819444273,0.00011892071052,0.00000448457876701,0.00000621611980023,0.00000275602133115,0.00000141970167533,0.00000110933194719,0.00000217019783122,0.00000112852706025,0.0000021422813461,0.00000129152624595,8.31531508538e-7,8.76727767718e-7,3.65860927332e-7,1.69516326309e-7,1.9963077591e-7,1.08904444573e-7,6.52771134924e-8,1.51635504153e-7,1.79104986842e-7,3.7461379776e-8,2.80694401056e-8,1.8559445536e-8,7.00809299481e-10,6.61293171333e-8,4.31706780546e-7],"dvar2":[0.000223069233471,0.000895716657396,0.000293477613013,0.0000113073647299,0.0000154549834406,0.00000651401433061,0.00000307198251903,0.0000027612568374,0.00000513997702001,0.00000277775257018,0.00000564779702472,0.00000350107825398,0.00000231129433814,0.00000250894413512,0.00000100641875633,4.6270864118e-7,5.42516772839e-7,2.71417690101e-7,1.57861606453e-7,3.49856321691e-7,3.86686394904e-7,8.53186392646e-8,7.47990043237e-8,5.03304597999e-8,1.93719973396e-9,1.76799431983e-7,0.00000110901305561],"max":[0.207415759563,0.286538481712,0.200275570154,0.0338518284261,0.0585260652006,0.057352822274,0.0482701733708,0.0446604341269,0.0372919179499,0.0253463573754,0.0442594178021,0.0310878194869,0.0250754561275,0.0222974941134,0.0143114021048,0.00988835468888,0.0117224967107,0.0112720765173,0.00945455022156,0.0198691897094,0.0255407653749,0.00865309592336,0.00452281814069,0.00461040157825,0.000944534724113,0.00730362627655,0.0143749844283],"mean":[0.00570504413918,0.0136797130108,0.00480183120817,0.00237225391902,0.00230598892085,0.0010150646558,0.000682431913447,0.000476287328638,0.00110469805077,0.00106377410702,0.00135196209885,0.00111229438335,0.00104331003968,0.00111004186329,0.000648458546493,0.000356051517883,0.000309387454763,0.000230447796639,0.000190122489585,0.000167780031916,0.000152689812239,0.0000831091820146,0.0000446342965006,0.0000267498326139,0.00000467633662993,0.0000590747149545,0.00136161094997],"median":[0.00233964645304,0.00933402683586,0.00204446795397,0.00121802045032,0.00119761074893,0.000266534771072,0.000166724101291,0.000136565518915,0.000425035133958,0.000485230528284,0.000472480052849,0.000485725613544,0.000512858678121,0.000462601165054,0.00024061750446,0.0000814924569568,0.0000656593983877,0.000069229703513,0.000050484573876,0.0000439615978394,0.0000441926422354,0.0000260787455773,0.00000896570236364,0.00000378865979656,0.00000132410286824,0.00000825224196888,0.000293815130135],"min":[1.27542427185e-25,2.35541343132e-24,1.83606626272e-24,1.64119572824e-24,1.16573620502e-23,8.40441048825e-24,1.11516548783e-23,8.9282306954e-24,6.80742548337e-24,1.36515061776e-23,1.19507260102e-23,1.95158508153e-23,2.50794185671e-23,4.0659796943e-23,5.27008025618e-23,5.07301649117e-23,6.52929695179e-23,9.45271890996e-23,1.24508592487e-22,9.10160828064e-23,2.6385877618e-22,3.32495682899e-22,4.23728216516e-22,5.75516767687e-22,8.71872195541e-22,1.33634753906e-21,1.99326495767e-21],"var":[0.0000962517369771,0.000286751514068,0.00011884720152,0.00001024485573,0.0000128347137434,0.00000590400850342,0.00000441866450274,0.00000168730832684,0.00000477198364024,0.00000304199443235,0.00000480834660266,0.00000306957849716,0.00000209136806006,0.00000226087126975,9.2422317266e-7,3.57054489086e-7,3.4975022345e-7,2.14244863628e-7,1.45135643947e-7,2.15990141328e-7,2.40798016193e-7,4.80653774559e-8,2.19641034249e-8,1.32343274117e-8,4.48875381309e-10,4.97365775232e-8,0.00000409796939493]},"barkbands_crest":{"dmean":2.70845341682,"dmean2":4.42962312698,"dvar":6.31839609146,"dvar2":16.3216133118,"max":25.9415397644,"mean":10.8931360245,"median":9.98690509796,"min":2.26682662964,"var":24.4873332977},"barkbands_flatness_db":{"dmean":0.0298178810626,"dmean2":0.0470923036337,"dvar":0.00100577087142,"dvar2":0.00259858230129,"max":0.554291546345,"mean":0.16429965198,"median":0.144469097257,"min":0.0181017238647,"var":0.00720198545605},"barkbands_kurtosis":{"dmean":10.9242734909,"dmean2":17.6481494904,"dvar":1009.40057373,"dvar2":2612.43530273,"max":994.871398926,"mean":21.137506485,"median":4.77866888046,"min":-1.97358465195,"var":2517.20483398},"barkbands_skewness":{"dmean":0.771180927753,"dmean2":1.24267101288,"dvar":1.09704732895,"dvar2":2.94225740433,"max":22.9769935608,"mean":2.73408508301,"median":2.05394291878,"min":-11.3171653748,"var":6.05690336227},"barkbands_spread":{"dmean":6.18486976624,"dmean2":9.79975795746,"dvar":62.8414840698,"dvar2":152.521011353,"max":134.092163086,"mean":26.3519058228,"median":20.9831027985,"min":0.168074846268,"var":450.796936035},"dissonance":{"dmean":0.0150380749255,"dmean2":0.0253422874957,"dvar":0.000285920716124,"dvar2":0.000770682643633,"max":0.500000119209,"mean":0.473875463009,"median":0.482060730457,"min":0.193486824632,"var":0.000656430784147},"dynamic_complexity":4.84908676147,"erbbands":{"dmean":[0.407706201077,1.62096750736,3.76442527771,4.58840322495,4.250395298,3.88430213928,5.05447816849,5.26978969574,5.74784851074,5.83139896393,7.48000192642,12.8219852448,15.1553964615,24.2993392944,28.1965751648,22.9766082764,23.4356193542,27.7917709351,18.3666763306,13.6559915543,9.16722297668,9.4137840271,6.37679719925,6.16770458221,3.92116594315,4.27672815323,3.90997266769,2.65626955032,1.64737176895,1.15342009068,0.911153018475,0.690736651421,0.28919300437,0.0808062031865,0.0278041046113,0.0719488784671,0.11055701226,0.0522060841322,0.0188108738512,0.00766163738444],"dmean2":[0.685405731201,2.72090148926,6.21751213074,7.30544710159,7.05563592911,6.15897321701,7.93625402451,8.22870159149,8.89550590515,9.31519317627,11.962937355,20.4219036102,24.4513263702,39.7044067383,47.1086502075,38.1419219971,39.6194229126,47.2431488037,31.0387973785,22.9068126678,15.3831672668,15.7735805511,10.275352478,9.72651195526,5.98656225204,6.59731245041,5.86430835724,3.91597700119,2.45678138733,1.81009113789,1.45673727989,1.1113011837,0.466190874577,0.134855717421,0.0462179891765,0.116321243346,0.175310656428,0.0789217278361,0.0266167763621,0.0121935606003],"dvar":[0.721132338047,8.99627971649,110.892608643,90.4077529907,63.1910858154,80.9222488403,175.542373657,224.208862305,323.588409424,347.590179443,542.567810059,1035.54406738,1047.30834961,1920.67382812,3067.10302734,1878.09118652,1710.50976562,2272.14599609,1089.97021484,734.334472656,431.80557251,631.213928223,315.231842041,259.094177246,119.899108887,378.877532959,414.082550049,175.453857422,53.2162055969,26.150888443,24.873588562,16.006105423,2.43980908394,0.224909573793,0.0123372403905,0.1741027385,0.377561211586,0.0556876137853,0.00291723851115,0.000194927066332],"dvar2":[2.07288002968,25.1343326569,274.022277832,230.998840332,161.565917969,194.143844604,413.255096436,538.782165527,709.215026855,833.724975586,1322.56323242,2445.68994141,2560.08422852,4998.61376953,8158.27099609,4886.89794922,4710.20507812,6466.75195312,3033.01757812,1977.9642334,1178.07104492,1699.18261719,790.961730957,640.937744141,269.246795654,907.067260742,918.524230957,372.339508057,120.997123718,65.6246643066,66.877822876,43.7630653381,6.56411123276,0.619899213314,0.0336741581559,0.470141321421,1.01393783092,0.142411872745,0.00617453455925,0.00049161730567],"max":[15.0944032669,56.260093689,198.706283569,205.926315308,304.544250488,254.824295044,399.068786621,576.74987793,846.55859375,794.783508301,906.018920898,1143.09191895,859.384521484,1054.28979492,1448.22729492,1338.55859375,1393.08056641,1096.76062012,779.717651367,756.917236328,436.231536865,763.059082031,557.560974121,586.979553223,424.721008301,1004.53277588,1166.35168457,719.656066895,362.661895752,171.0597229,141.709640503,149.99458313,50.3989105225,14.3026685715,4.17675018311,11.6595449448,18.3211650848,5.6058344841,2.17882275581,0.349606066942],"mean":[0.640052258968,2.19148492813,4.90111160278,8.16623783112,7.66130542755,6.58873224258,7.63541507721,8.38391971588,9.76058864594,9.92259597778,11.8758974075,22.6162185669,28.8354454041,48.3678436279,55.0079917908,47.1098403931,48.6879425049,57.8054084778,41.507396698,28.048116684,18.3985462189,17.2099456787,12.5674123764,12.4145650864,8.09243965149,8.19861888885,7.34923934937,5.01119565964,3.12490558624,1.86286854744,1.22982358932,0.804302513599,0.293660283089,0.0738393887877,0.0276439115405,0.0710890740156,0.137381479144,0.0966795161366,0.0601996295154,0.0412764586508],"median":[0.361071586609,1.42504477501,2.34448766708,4.08824634552,4.43139743805,3.08388257027,2.24177789688,2.15038847923,2.1701965332,2.91822361946,4.02316617966,9.2217798233,12.7264194489,22.0930137634,21.3411407471,22.5586872101,24.750825882,25.3005332947,17.8756637573,9.44655227661,4.22206258774,3.81190633774,3.67442083359,3.69037294388,1.99197340012,2.11340808868,2.05406117439,1.45378112793,0.980974853039,0.477791547775,0.237662985921,0.1175359115,0.0416948981583,0.0177284888923,0.00963107682765,0.0110533023253,0.0168687030673,0.025255408138,0.0194050595164,0.0111182453111],"min":[8.39291015843e-23,5.11735861509e-22,2.86955376454e-21,7.82641783328e-21,9.40996545093e-21,2.52634416915e-20,3.56585542103e-20,9.81816405827e-20,9.417842246e-20,1.82030179854e-19,2.30280361692e-19,2.01981401413e-19,5.33353547867e-19,6.87062627436e-19,5.74706529737e-19,1.00232928302e-18,1.7419329754e-18,2.63820508939e-18,2.45973198004e-18,2.55746461018e-18,3.23827044347e-18,3.99328430386e-18,4.64178728666e-18,5.14643322117e-18,6.54233235131e-18,5.32255693079e-18,8.76303394974e-18,9.07845859682e-18,1.25692484629e-17,1.25169507959e-17,1.16839964627e-17,9.98642001364e-18,9.35836658994e-18,8.30460383682e-18,6.62208497007e-18,4.38754215845e-18,2.36576798476e-18,9.92526572377e-19,2.3273460657e-19,2.71522649994e-20],"var":[0.73924356699,8.04428958893,110.419288635,138.285202026,135.987045288,152.083892822,291.792724609,471.808166504,968.721374512,1152.99780273,832.004699707,2113.64916992,2422.7980957,5362.67919922,7636.73681641,4931.82861328,4682.62988281,5994.56445312,3188.50512695,1835.55407715,911.627990723,1116.24206543,621.568847656,591.496826172,277.186737061,507.043395996,553.566101074,239.31892395,69.6734924316,25.8463840485,18.6294441223,11.3355112076,1.73151862621,0.144187629223,0.00840940419585,0.119722425938,0.282741487026,0.0556993409991,0.0112336631864,0.00332018756308]},"erbbands_crest":{"dmean":2.27771472931,"dmean2":3.7072725296,"dvar":4.45240306854,"dvar2":11.0493593216,"max":28.9803371429,"mean":8.51438617706,"median":7.63464450836,"min":2.18280601501,"var":13.5910778046},"erbbands_flatness_db":{"dmean":0.022506704554,"dmean2":0.0344085730612,"dvar":0.000477938330732,"dvar2":0.00116908829659,"max":0.346263557673,"mean":0.141747578979,"median":0.138637587428,"min":0.033471558243,"var":0.0017005429836},"erbbands_kurtosis":{"dmean":1.13295936584,"dmean2":1.8186622858,"dvar":4.65298366547,"dvar2":12.5466146469,"max":59.8022537231,"mean":1.4354903698,"median":0.819405078888,"min":-1.91715490818,"var":8.98523712158},"erbbands_skewness":{"dmean":0.354282468557,"dmean2":0.553226232529,"dvar":0.141857847571,"dvar2":0.343428611755,"max":6.86522006989,"mean":0.0719945728779,"median":-0.00605475343764,"min":-5.42085313797,"var":0.818525135517},"erbbands_spread":{"dmean":6.68679714203,"dmean2":10.3209524155,"dvar":60.5771141052,"dvar2":135.647872925,"max":191.863418579,"mean":30.3539485931,"median":26.799118042,"min":4.51722240448,"var":264.190490723},"gfcc":{"cov":[[19444.1289062,-1116.93713379,-2438.33569336,-452.883148193,203.935058594,-717.441894531,706.735473633,-619.653930664,371.664825439,-523.004882812,-176.000244141,159.258834839,-192.220184326],[-1116.93713379,1350.04711914,207.034072876,-95.4349899292,43.70885849,-6.97213745117,-22.727016449,-83.9653701782,-62.9460983276,51.9341621399,65.5844039917,-106.524658203,50.3605232239],[-2438.33569336,207.034072876,867.42791748,244.33265686,-136.926498413,230.000259399,-205.802490234,212.375457764,-81.3299560547,121.454902649,33.7162399292,-25.6712875366,48.9185295105],[-452.883148193,-95.4349899292,244.33265686,314.309661865,-27.4079818726,-6.73560285568,-9.76578903198,50.5855827332,-16.7736911774,49.1094474792,-15.2438526154,36.2412338257,1.35038590431],[203.935058594,43.70885849,-136.926498413,-27.4079818726,317.234191895,48.8619880676,100.310211182,-29.0521125793,51.5012245178,-67.028678894,20.4917545319,-31.119884491,17.9310150146],[-717.441894531,-6.97213745117,230.000259399,-6.73560285568,48.8619880676,335.461547852,-100.366882324,109.630264282,-63.1879920959,31.6604099274,8.8914680481,-21.0358333588,2.41707730293],[706.735473633,-22.727016449,-205.802490234,-9.76578903198,100.310211182,-100.366882324,251.785583496,-91.4655914307,72.9078063965,-53.3308029175,-29.3744869232,9.3328332901,3.91178417206],[-619.653930664,-83.9653701782,212.375457764,50.5855827332,-29.0521125793,109.630264282,-91.4655914307,205.31401062,5.59969711304,40.3220901489,20.268497467,-12.6568450928,28.6298217773],[371.664825439,-62.9460983276,-81.3299560547,-16.7736911774,51.5012245178,-63.1879920959,72.9078063965,5.59969711304,120.979934692,4.14158964157,14.1635637283,13.6844911575,-9.98211193085],[-523.004882812,51.9341621399,121.454902649,49.1094474792,-67.028678894,31.6604099274,-53.3308029175,40.3220901489,4.14158964157,109.042221069,42.9593734741,10.7634449005,2.58728766441],[-176.000244141,65.5844039917,33.7162399292,-15.2438526154,20.4917545319,8.8914680481,-29.3744869232,20.268497467,14.1635637283,42.9593734741,80.3656692505,22.4971599579,7.85227203369],[159.258834839,-106.524658203,-25.6712875366,36.2412338257,-31.119884491,-21.0358333588,9.3328332901,-12.6568450928,13.6844911575,10.7634449005,22.4971599579,80.3846282959,8.63781356812],[-192.220184326,50.3605232239,48.9185295105,1.35038590431,17.9310150146,2.41707730293,3.91178417206,28.6298217773,-9.98211193085,2.58728766441,7.85227203369,8.63781356812,91.1901702881]],"icov":[[0.0000983178179013,0.0000105082253867,0.000360156147508,-0.000316384830512,0.000393311784137,-0.000266544579063,0.0000106372262962,0.000186071512871,-0.000439641502453,0.000630053458735,-0.000450865307357,0.000322730222251,-0.000173973472556],[0.0000105082253867,0.00121956609655,-0.000577067257836,0.000470821687486,-0.000139839175972,0.000330952228978,-0.000234243110754,0.00112781010102,0.000504519150127,-0.000490703387186,-0.00129068829119,0.00184894015547,-0.00066893157782],[0.000360156147508,-0.000577067257836,0.0053093964234,-0.00533764995635,0.0047616311349,-0.0042384788394,0.00103912129998,0.000560283428058,-0.00385387171991,0.00484084291384,-0.00553833926097,0.00523964408785,-0.0033143486362],[-0.000316384830512,0.000470821687486,-0.00533764995635,0.010973315686,-0.0077971755527,0.00662359595299,-0.00151346030179,-0.00398670695722,0.00770592829213,-0.0107329143211,0.0118418950588,-0.0109303221107,0.00561184249818],[0.000393311784137,-0.000139839175972,0.0047616311349,-0.0077971755527,0.0132818929851,-0.0081654144451,-0.000787522236351,0.00477531785145,-0.00952187087387,0.0137372510508,-0.015019312501,0.0126278810203,-0.00672821840271],[-0.000266544579063,0.000330952228978,-0.0042384788394,0.00662359595299,-0.0081654144451,0.00996005628258,-0.000210351136047,-0.00513456668705,0.00869139283895,-0.00922014936805,0.0095339929685,-0.00822313688695,0.00556461466476],[0.0000106372262962,-0.000234243110754,0.00103912129998,-0.00151346030179,-0.000787522236351,-0.000210351136047,0.00792441982776,0.00269307731651,-0.00483385846019,0.00151874416042,0.00216448446736,0.0000741358162486,-0.00217388244346],[0.000186071512871,0.00112781010102,0.000560283428058,-0.00398670695722,0.00477531785145,-0.00513456668705,0.00269307731651,0.0122581832111,-0.00787794683129,0.00528668984771,-0.00749066704884,0.00864478480071,-0.00642530946061],[-0.000439641502453,0.000504519150127,-0.00385387171991,0.00770592829213,-0.00952187087387,0.00869139283895,-0.00483385846019,-0.00787794683129,0.0215113405138,-0.0126882893965,0.00852676760405,-0.0104700801894,0.00804283190519],[0.000630053458735,-0.000490703387186,0.00484084291384,-0.0107329143211,0.0137372510508,-0.00922014936805,0.00151874416042,0.00528668984771,-0.0126882893965,0.0299203358591,-0.0223467629403,0.0131628252566,-0.00658098235726],[-0.000450865307357,-0.00129068829119,-0.00553833926097,0.0118418950588,-0.015019312501,0.0095339929685,0.00216448446736,-0.00749066704884,0.00852676760405,-0.0223467629403,0.0385804101825,-0.0227830298245,0.00792093668133],[0.000322730222251,0.00184894015547,0.00523964408785,-0.0109303221107,0.0126278810203,-0.00822313688695,0.0000741358162486,0.00864478480071,-0.0104700801894,0.0131628252566,-0.0227830298245,0.0324774347246,-0.0106062116101],[-0.000173973472556,-0.00066893157782,-0.0033143486362,0.00561184249818,-0.00672821840271,0.00556461466476,-0.00217388244346,-0.00642530946061,0.00804283190519,-0.00658098235726,0.00792093668133,-0.0106062116101,0.0173393990844]],"mean":[-21.1852264404,94.7865829468,-82.7106628418,2.7355222702,-4.48227977753,2.85469007492,8.67271518707,-19.0577220917,-6.19112062454,-7.30725574493,-7.60657262802,-3.86449885368,-8.49885749817]},"hfc":{"dmean":45.8110618591,"dmean2":73.779258728,"dvar":6455.5078125,"dvar2":16456.2304688,"max":2145.59301758,"mean":208.039154053,"median":108.633987427,"min":1.09065418126e-16,"var":53281.6914062},"melbands":{"dmean":[0.00310161174275,0.00191333622206,0.000739263836294,0.000292945245747,0.000172611078597,0.000118060874229,0.00008548128244,0.0000639757708996,0.0000630228241789,0.0000895229240996,0.0000774379441282,0.0000998319665086,0.000102780919406,0.0000695897615515,0.0000680768062011,0.0000480833077745,0.0000558913452551,0.0000333748139383,0.0000236823889281,0.0000155364778038,0.0000114704107546,0.0000108481981442,0.00000715768373993,0.00000633182162346,0.00000536555035069,0.00000336275502377,0.00000275175534625,0.00000318898673868,0.00000262515845861,0.0000021103983272,0.00000152277755205,0.00000105499202618,7.75271814746e-7,6.25438531188e-7,5.62143156912e-7,4.75887361517e-7,4.23384648229e-7,2.32324396165e-7,1.15335808459e-7,5.03514456796e-8],"dmean2":[0.00519122229889,0.00317247537896,0.001183343702,0.000473976077046,0.00027067202609,0.000183086056495,0.000131845692522,0.000102579513623,0.000100516503153,0.000142562203109,0.000124890473671,0.000163215605426,0.000171308682184,0.000116652321594,0.000114504669909,0.0000816302926978,0.0000952862028498,0.0000566392627661,0.0000400467361032,0.0000260599845205,0.0000193786690943,0.0000183761021617,0.0000118488687804,0.0000102696931208,0.00000858039675222,0.00000528668124389,0.0000042583137656,0.00000501992826685,0.00000400671160605,0.0000031716929243,0.00000231022704611,0.00000159804176292,0.00000120820618577,0.00000100119677882,9.09566949758e-7,7.71558973156e-7,6.84820747665e-7,3.75250237994e-7,1.91975317421e-7,8.48995611591e-8],"dvar":[0.0000401411671191,0.0000187138957699,0.00000219837738769,3.2756858559e-7,1.83338087822e-7,1.04172976023e-7,6.79034428686e-8,4.18119299184e-8,3.61272149974e-8,4.7836756778e-8,2.69657025598e-8,3.28810898509e-8,4.13520417908e-8,2.0656315769e-8,1.2515790182e-8,6.93163304533e-9,9.283376734e-9,3.57330409706e-9,2.01803973532e-9,1.05720898702e-9,6.84930445694e-10,7.87342635533e-10,3.57749663227e-10,3.0656732708e-10,1.98271260521e-10,8.30442936639e-11,1.02098760002e-10,1.98760161108e-10,1.51402085313e-10,1.54582471823e-10,4.79166428757e-11,2.09773882293e-11,1.10275790235e-11,7.78283947706e-12,9.15903030502e-12,7.5034657307e-12,6.0965477458e-12,1.46433093515e-12,4.66576105008e-13,8.08223862728e-14],"dvar2":[0.000114367183414,0.0000472498795716,0.00000555253700441,8.12837015474e-7,4.36868077713e-7,2.48911931067e-7,1.47931189076e-7,1.02989687889e-7,8.89399913717e-8,1.14360105385e-7,6.57688659089e-8,8.47480947641e-8,1.08635504148e-7,5.56648487304e-8,3.45320607664e-8,1.9172425425e-8,2.65169681768e-8,1.00400905367e-8,5.55376589162e-9,2.8218369863e-9,1.89555238173e-9,2.1466868283e-9,9.4850560739e-10,7.76020581128e-10,5.0389659112e-10,1.98183094935e-10,2.35597985565e-10,4.8528359109e-10,3.30066002308e-10,3.49873630068e-10,1.07834727259e-10,4.80108834633e-11,2.67132878318e-11,2.01590046739e-11,2.47538899101e-11,2.04263411741e-11,1.67479381058e-11,3.91904390884e-12,1.2751325603e-12,2.2416415241e-13],"max":[0.102890811861,0.0780199840665,0.0310847964138,0.0164864622056,0.0109057156369,0.0128105804324,0.0115444157273,0.00840474385768,0.00845095980912,0.00718645844609,0.00416963081807,0.00441923504695,0.0064691202715,0.00460308557376,0.0018466738984,0.00276373303495,0.00199029687792,0.00121701299213,0.000921603525057,0.000887608679477,0.000589496979956,0.000760382448789,0.000419328629505,0.000690914690495,0.000531186698936,0.000236011110246,0.000476465414977,0.000716069771443,0.00058840418933,0.000875283731148,0.000341391336406,0.000237731524976,0.000157390240929,0.0000800868510851,0.000090326058853,0.0000805445524747,0.000110982909973,0.0000416671282437,0.0000188682442968,0.00000939165511227],"mean":[0.00500919576734,0.00267343898304,0.00137939804699,0.000529357464984,0.000265974173089,0.000191262573935,0.000147139377077,0.000105140155938,0.0000990403714241,0.000155277288286,0.000142392193084,0.000189074868103,0.000189591970411,0.000132470304379,0.000123085046653,0.0000968924941844,0.000109479711682,0.0000690632514306,0.0000458769391116,0.0000282457622234,0.0000205154356081,0.0000186505112652,0.0000123117033581,0.0000114147615022,0.0000100914330687,0.00000634306388747,0.00000508596895088,0.00000559201362194,0.00000475610750073,0.00000358771058018,0.00000270752661891,0.00000190399248368,0.00000126785107568,9.26432505821e-7,7.40270991173e-7,5.78011963626e-7,4.61383905304e-7,2.31945705309e-7,1.02464319696e-7,4.4687471501e-8],"median":[0.00326190912165,0.00161886296701,0.000775113643613,0.00027580128517,0.0000856902115629,0.0000490969505336,0.0000343467327184,0.0000313696436933,0.0000354240364686,0.000059865807998,0.0000608476548223,0.0000839521744638,0.0000686293642502,0.0000555578881176,0.0000592652650084,0.000047213939979,0.0000449848157587,0.0000282518485619,0.0000165422770806,0.00000731804948373,0.00000428863086199,0.00000384264694731,0.00000326271810991,0.00000318805382449,0.00000291371475214,0.00000151600158915,0.00000122514586565,0.00000134958702347,0.00000129662237214,9.36780224947e-7,7.80315929205e-7,5.7110275975e-7,3.58445589654e-7,2.04384420499e-7,1.3687700573e-7,1.01894151783e-7,5.4402871541e-8,2.81456156159e-8,1.69077498668e-8,1.15590355065e-8],"min":[1.21540825187e-24,1.19339972286e-24,1.26554795518e-24,1.95971942076e-24,1.23039937008e-24,2.46727292161e-24,1.48585807056e-24,2.26184604771e-24,1.69763675386e-24,8.96354740648e-25,2.49664714349e-24,2.54573578825e-24,1.71668064497e-24,1.94292910803e-24,2.91423697455e-24,2.92009485842e-24,4.62692361676e-24,2.41443186273e-24,2.78344186432e-24,2.91251331348e-24,3.24818289776e-24,3.99007502469e-24,3.53027679646e-24,4.21541945315e-24,3.39782902262e-24,3.99711442497e-24,4.612624724e-24,2.96496211127e-24,4.45814288179e-24,4.47822018069e-24,3.99200063416e-24,6.5571853936e-24,6.1102479647e-24,5.93049299124e-24,5.87997157786e-24,6.27673074786e-24,4.75818691595e-24,5.7198470136e-24,5.9113477315e-24,6.34427656844e-24],"var":[0.0000394637463614,0.0000186099296116,0.00000341183886121,7.35374385386e-7,3.04779263161e-7,2.30848357319e-7,1.99186246164e-7,1.16615765933e-7,5.46360290343e-8,9.86138388726e-8,6.1565607723e-8,8.91859386343e-8,9.55637062816e-8,4.98366787838e-8,2.7277522463e-8,1.81826411705e-8,2.24274909755e-8,9.16217413049e-9,4.75988048976e-9,2.24813434535e-9,1.26144705792e-9,1.30337418636e-9,6.17668860503e-10,5.7054627689e-10,4.10015521535e-10,1.74773875927e-10,1.66466174178e-10,2.52421139546e-10,2.17019999194e-10,1.80468834321e-10,6.25540244603e-11,2.72868689449e-11,1.20478974019e-11,7.06052490779e-12,6.79563219932e-12,5.32231246922e-12,4.26722416083e-12,1.06092478552e-12,3.05938624044e-13,5.10263760498e-14]},"melbands_crest":{"dmean":3.91738820076,"dmean2":6.41682243347,"dvar":12.6077241898,"dvar2":33.7205810547,"max":39.4383773804,"mean":18.670501709,"median":17.6815681458,"min":1.6130759716,"var":57.6872558594},"melbands_flatness_db":{"dmean":0.0376448892057,"dmean2":0.0590367652476,"dvar":0.00138410122599,"dvar2":0.00355533557013,"max":0.699921309948,"mean":0.277674078941,"median":0.261040002108,"min":0.00315374415368,"var":0.010886031203},"melbands_kurtosis":{"dmean":17.9925518036,"dmean2":28.7959957123,"dvar":3768.23266602,"dvar2":9309.45507812,"max":2122.50170898,"mean":34.7542762756,"median":8.57617378235,"min":-1.9161812067,"var":9022.19824219},"melbands_skewness":{"dmean":0.998176157475,"dmean2":1.58718514442,"dvar":1.72569453716,"dvar2":4.32281398773,"max":37.9180641174,"mean":3.53308367729,"median":2.72725439072,"min":-3.49458861351,"var":9.73038578033},"melbands_spread":{"dmean":5.05241584778,"dmean2":8.00968551636,"dvar":51.7914428711,"dvar2":117.475509644,"max":333.961120605,"mean":18.9560317993,"median":14.3119049072,"min":0.0554215162992,"var":370.05355835},"mfcc":{"cov":[[12437.4365234,-578.293151855,-2400.40332031,97.0325393677,-764.581542969,127.240058899,-435.190002441,425.331451416,-100.294876099,95.7461471558,-382.660217285,34.3076553345,-138.663482666],[-578.293151855,1214.08679199,104.785942078,-51.8124923706,53.2215766907,38.0041923523,106.022186279,-120.710121155,4.2536482811,-32.7060165405,86.6279373169,-50.3097229004,-5.98542404175],[-2400.40332031,104.785942078,1080.90930176,5.35356998444,221.064697266,-74.7416229248,93.9529190063,-110.626373291,18.8796138763,-11.0306348801,93.9624328613,22.5830879211,29.9804706573],[97.0325393677,-51.8124923706,5.35356998444,393.965576172,-83.6441955566,-9.1044511795,-36.7031898499,-3.3353703022,37.1228179932,-18.4373245239,-18.7712631226,22.8633747101,33.9813232422],[-764.581542969,53.2215766907,221.064697266,-83.6441955566,327.809417725,13.1551837921,95.5685348511,20.4484424591,16.2608852386,25.471912384,42.7972297668,9.3129940033,19.3265266418],[127.240058899,38.0041923523,-74.7416229248,-9.1044511795,13.1551837921,181.963943481,53.5189590454,31.0907611847,-0.731393158436,2.08673977852,-7.01896810532,-1.7347035408,-11.029914856],[-435.190002441,106.022186279,93.9529190063,-36.7031898499,95.5685348511,53.5189590454,139.279922485,11.2612953186,33.3233222961,-3.97470498085,14.0685739517,-14.3628435135,-0.930958211422],[425.331451416,-120.710121155,-110.626373291,-3.3353703022,20.4484424591,31.0907611847,11.2612953186,136.409561157,34.0625190735,34.9872360229,-26.8348751068,2.26940870285,-5.89363622665],[-100.294876099,4.2536482811,18.8796138763,37.1228179932,16.2608852386,-0.731393158436,33.3233222961,34.0625190735,111.282341003,19.7360649109,-0.922205388546,-11.7921466827,9.18000507355],[95.7461471558,-32.7060165405,-11.0306348801,-18.4373245239,25.471912384,2.08673977852,-3.97470498085,34.9872360229,19.7360649109,82.2732849121,23.5970783234,15.3791360855,-9.6494178772],[-382.660217285,86.6279373169,93.9624328613,-18.7712631226,42.7972297668,-7.01896810532,14.0685739517,-26.8348751068,-0.922205388546,23.5970783234,91.7425003052,20.9612693787,10.2750492096],[34.3076553345,-50.3097229004,22.5830879211,22.8633747101,9.3129940033,-1.7347035408,-14.3628435135,2.26940870285,-11.7921466827,15.3791360855,20.9612693787,65.736656189,29.1038379669],[-138.663482666,-5.98542404175,29.9804706573,33.9813232422,19.3265266418,-11.029914856,-0.930958211422,-5.89363622665,9.18000507355,-9.6494178772,10.2750492096,29.1038379669,72.2342300415]],"icov":[[0.000176370944246,-0.0000402206023864,0.000284493697109,-1.67721367461e-7,0.000130315966089,0.00000323185076923,0.000222963950364,-0.000287833041511,0.000084700062871,-0.000130798638565,0.00039485146408,-0.000358812656486,0.000222418442718],[-0.0000402206023864,0.001093849889,0.0000432562810602,0.00000187554394415,-0.0000189083075384,-0.000172188403667,-0.000746178266127,0.000960732169915,-0.0000724381898181,0.000177811394678,-0.00111393036786,0.00102452293504,-0.000179248789209],[0.000284493697109,0.0000432562810602,0.00182551622856,-0.000210488418816,-0.00058554491261,0.000590423413087,-0.000359913537977,0.000662785954773,-0.000153898334247,0.0000581573222007,-0.0000644059837214,-0.000964004371781,0.000612211588304],[-1.67721367461e-7,0.00000187554394415,-0.000210488418816,0.00312334555201,0.000757739937399,-0.000279750558548,0.000755500106607,0.0000679812801536,-0.00155443313997,0.000789927435108,0.000537776912097,-0.00120019388851,-0.00090215401724],[0.000130315966089,-0.0000189083075384,-0.00058554491261,0.000757739937399,0.00500687025487,0.000280295615084,-0.00260732742026,-0.00150682742242,0.000821132038254,-0.00132164207753,-0.00050386757357,-0.0000864742396516,-0.00149258959573],[0.00000323185076923,-0.000172188403667,0.000590423413087,-0.000279750558548,0.000280295615084,0.00706742936745,-0.00357885449193,-0.00124303984921,0.00126674864441,-0.0000235299630731,0.000274128513411,-0.00112150330096,0.000983860576525],[0.000222963950364,-0.000746178266127,-0.000359913537977,0.000755500106607,-0.00260732742026,-0.00357885449193,0.0132110500708,-0.00129975297023,-0.00359844206832,0.0025441579055,-0.000286994123599,0.000843823945615,0.00087350216927],[-0.000287833041511,0.000960732169915,0.000662785954773,0.0000679812801536,-0.00150682742242,-0.00124303984921,-0.00129975297023,0.0126015301794,-0.00297471135855,-0.00412781815976,0.00283818459138,-0.000387689593481,0.0000238841857936],[0.000084700062871,-0.0000724381898181,-0.000153898334247,-0.00155443313997,0.000821132038254,0.00126674864441,-0.00359844206832,-0.00297471135855,0.0129604376853,-0.0040830927901,0.000201389295398,0.00443637883291,-0.00337227620184],[-0.000130798638565,0.000177811394678,0.0000581573222007,0.000789927435108,-0.00132164207753,-0.0000235299630731,0.0025441579055,-0.00412781815976,-0.0040830927901,0.0190798453987,-0.00603395979851,-0.00481515936553,0.0052799875848],[0.00039485146408,-0.00111393036786,-0.0000644059837214,0.000537776912097,-0.00050386757357,0.000274128513411,-0.000286994123599,0.00283818459138,0.000201389295398,-0.00603395979851,0.017721477896,-0.0053528463468,-0.000351790164132],[-0.000358812656486,0.00102452293504,-0.000964004371781,-0.00120019388851,-0.0000864742396516,-0.00112150330096,0.000843823945615,-0.000387689593481,0.00443637883291,-0.00481515936553,-0.0053528463468,0.0253816824406,-0.0104801803827],[0.000222418442718,-0.000179248789209,0.000612211588304,-0.00090215401724,-0.00149258959573,0.000983860576525,0.00087350216927,0.0000238841857936,-0.00337227620184,0.0052799875848,-0.000351790164132,-0.0104801803827,0.0203955564648]],"mean":[-683.673950195,156.538284302,-10.8435497284,25.5365219116,3.33922362328,33.4571800232,13.6649131775,11.9990701675,2.78267502785,6.78326034546,1.47582674026,1.78542983532,-4.37099838257]},"pitch_salience":{"dmean":0.0739579126239,"dmean2":0.121220305562,"dvar":0.00466305762529,"dvar2":0.0123956818134,"max":0.95159715414,"mean":0.513291716576,"median":0.546631038189,"min":0.054487850517,"var":0.0222968999296},"silence_rate_20dB":{"dmean":0,"dmean2":0,"dvar":0,"dvar2":0,"max":1,"mean":1,"median":1,"min":1,"var":0},"silence_rate_30dB":{"dmean":0.0581742934883,"dmean2":0.116355277598,"dvar":0.054790046066,"dvar2":0.125121980906,"max":1,"mean":0.943036139011,"median":1,"min":0,"var":0.0537189655006},"silence_rate_60dB":{"dmean":0.00885260943323,"dmean2":0.0177062377334,"dvar":0.00877424143255,"dvar2":0.0199221894145,"max":1,"mean":0.0778295099735,"median":0,"min":0,"var":0.0717720761895},"spectral_centroid":{"dmean":183.436477661,"dmean2":274.101898193,"dvar":60504.6953125,"dvar2":117532.6875,"max":11770.6582031,"mean":1110.78967285,"median":967.660522461,"min":89.2615966797,"var":969371.125},"spectral_complexity":{"dmean":3.07300519943,"dmean2":4.7228512764,"dvar":12.6785058975,"dvar2":24.0307483673,"max":62,"mean":19.7916297913,"median":19,"min":0,"var":181.278366089},"spectral_contrast_coeffs":{"dmean":[0.0498627498746,0.0437412261963,0.0354412719607,0.0294602196664,0.0236919224262,0.0387870706618],"dmean2":[0.0823012888432,0.0722821056843,0.0590403415263,0.0489894859493,0.039116691798,0.0604174993932],"dvar":[0.00161100737751,0.00125136657152,0.000774003507104,0.000556526705623,0.000480301328935,0.00141960533801],"dvar2":[0.00430279504508,0.00333127868362,0.00211966503412,0.00151116016787,0.00124489120208,0.00337456050329],"max":[-0.394402354956,-0.491981208324,-0.548974394798,-0.585943996906,-0.658343076706,-0.349521636963],"mean":[-0.698951601982,-0.799885690212,-0.806511938572,-0.806756794453,-0.831798970699,-0.740413844585],"median":[-0.69993698597,-0.80785793066,-0.807474970818,-0.803181946278,-0.821148991585,-0.736682355404],"min":[-0.986371397972,-0.99044328928,-0.978497505188,-0.987312614918,-0.975724935532,-0.963038504124],"var":[0.00575775932521,0.00460032373667,0.00320711988024,0.00273040588945,0.00259274826385,0.00805038679391]},"spectral_contrast_valleys":{"dmean":[0.365587443113,0.405850738287,0.319990932941,0.315273761749,0.346829950809,0.648782014847],"dmean2":[0.601004183292,0.654798746109,0.522772729397,0.504048466682,0.529802918434,1.01716601849],"dvar":[0.0981740429997,0.124170981348,0.0980327352881,0.11916898936,0.171841159463,0.346381425858],"dvar2":[0.24564409256,0.303013861179,0.235301345587,0.274623990059,0.402081131935,0.857399404049],"max":[-4.97292947769,-4.68115854263,-5.00890636444,-5.09102201462,-5.15086650848,-7.76682424545],"mean":[-6.81293153763,-7.06795978546,-7.05074119568,-7.50673818588,-7.96257686615,-11.1876735687],"median":[-6.54399967194,-6.82733106613,-6.64226150513,-7.16021442413,-7.65529727936,-10.947974205],"min":[-28.0737743378,-28.2352848053,-27.8366584778,-27.6066036224,-27.5545368195,-27.4524173737],"var":[2.92845487595,3.07926750183,3.54834842682,3.7006816864,3.50188755989,2.46026539803]},"spectral_decrease":{"dmean":4.13937950583e-9,"dmean2":6.76258959942e-9,"dvar":5.46838978268e-17,"dvar2":1.44712071793e-16,"max":1.2473103439e-8,"mean":-7.99767985171e-9,"median":-6.60926779972e-9,"min":-9.63347162042e-8,"var":6.26859967505e-17},"spectral_energy":{"dmean":0.0161613728851,"dmean2":0.0263985004276,"dvar":0.000796888256446,"dvar2":0.00210303929634,"max":0.391653180122,"mean":0.0490548685193,"median":0.0440187230706,"min":9.91758050502e-21,"var":0.00136354647111},"spectral_energyband_high":{"dmean":0.000385030405596,"dmean2":0.000558334111702,"dvar":0.00000169728548371,"dvar2":0.00000390562854591,"max":0.0492737740278,"mean":0.00112060410902,"median":0.000353353709215,"min":7.1196372363e-21,"var":0.00000367028587789},"spectral_energyband_low":{"dmean":0.0135821355507,"dmean2":0.0224858690053,"dvar":0.000646795262583,"dvar2":0.00176474114414,"max":0.356921970844,"mean":0.0243479721248,"median":0.0183294676244,"min":1.4040248943e-23,"var":0.000669756729621},"spectral_energyband_middle_high":{"dmean":0.00192338658962,"dmean2":0.00309403263964,"dvar":0.00000884035580384,"dvar2":0.0000229085580941,"max":0.0620194673538,"mean":0.0073682339862,"median":0.00409774854779,"min":1.16050875197e-21,"var":0.0000702515390003},"spectral_energyband_middle_low":{"dmean":0.00293380138464,"dmean2":0.00463572703302,"dvar":0.0000236856267293,"dvar2":0.0000584690315009,"max":0.0894664525986,"mean":0.0081704761833,"median":0.00547461304814,"min":1.71344526608e-22,"var":0.0000727492006263},"spectral_entropy":{"dmean":0.196877554059,"dmean2":0.299227416515,"dvar":0.058543946594,"dvar2":0.143751576543,"max":9.81720161438,"mean":7.49992418289,"median":7.60470628738,"min":4.68474388123,"var":0.24869671464},"spectral_flux":{"dmean":0.0276354718953,"dmean2":0.0451127365232,"dvar":0.00146018213127,"dvar2":0.00329018034972,"max":0.519370913506,"mean":0.106904670596,"median":0.0994381979108,"min":6.40796374296e-11,"var":0.00415061181411},"spectral_kurtosis":{"dmean":4.34888219833,"dmean2":6.83652067184,"dvar":45.906879425,"dvar2":122.344749451,"max":140.855819702,"mean":16.2157154083,"median":14.6341342926,"min":-1.41304826736,"var":93.0164718628},"spectral_rms":{"dmean":0.00101606978569,"dmean2":0.00161219842266,"dvar":0.00000187997898138,"dvar2":0.00000472516148875,"max":0.0195473954082,"mean":0.00636744033545,"median":0.00655325083062,"min":3.11057690022e-12,"var":0.00000731411319066},"spectral_rolloff":{"dmean":2347.94360352,"dmean2":4480.47851562,"dvar":33985992,"dvar2":84018664,"max":22050,"mean":9554.25,"median":1744.18945312,"min":43.06640625,"var":100866816},"spectral_skewness":{"dmean":0.359293341637,"dmean2":0.548307359219,"dvar":0.212797015905,"dvar2":0.531731903553,"max":8.81012439728,"mean":2.76173210144,"median":2.69426178932,"min":-0.446567744017,"var":0.729723930359},"spectral_spread":{"dmean":605417.25,"dmean2":919129.625,"dvar":542608523264,"dvar2":1145255624700,"max":42671492,"mean":4428504.5,"median":4074769.5,"min":776716.1875,"var":8658082070530},"spectral_strongpeak":{"dmean":5.03429937363,"dmean2":9.45608329773,"dvar":379.168762207,"dvar2":1066.2244873,"max":211.07963562,"mean":4.11622095108,"median":0.244985222816,"min":0,"var":331.354522705},"zerocrossingrate":{"dmean":0.0320093668997,"dmean2":0.0405109524727,"dvar":0.00130235578399,"dvar2":0.00198182626627,"max":0.8779296875,"mean":0.217557236552,"median":0.2099609375,"min":0.00244140625,"var":0.0211181398481}},"metadata":{"audio_properties":{"analysis_sample_rate":44100,"bit_rate":256000,"codec":"mp3","downmix":"mix","equal_loudness":0,"length":403.931427002,"lossless":false,"md5_encoded":"0b6d8d0393ee6a8c11289356e482d6cf","replay_gain":0.965742111206,"sample_rate":44100},"tags":{"acoustid_id":["3fae0997-e483-4aa5-9aa2-03dea12e39e9"],"album":["The Vertigo of Bliss"],"albumartist":["Biffy Clyro"],"artist":["Biffy Clyro"],"date":["2003"],"discnumber":["1/1"],"file_name":"11 - Biffy Clyro - All the Way Down_ Prologue Chapter 1.mp3","musicbrainz_albumartistid":["892500b7-09a6-4049-ba92-2d192dd70563"],"musicbrainz_albumid":["4eb8fcf8-918f-4cd2-994e-5e7e0b639146"],"musicbrainz_artistid":["892500b7-09a6-4049-ba92-2d192dd70563"],"musicbrainz_recordingid":["2890476b-b753-44c2-bb11-698055dae0f0"],"musicbrainz_releasegroupid":["36d8920f-217c-3222-a34d-a8a8303306e1"],"replaygain_album_gain":["+0.01 dB"],"replaygain_album_peak":["0.385421"],"replaygain_track_gain":["+0.83 dB"],"replaygain_track_peak":["0.385421"],"title":["All the Way Down: Prologue Chapter 1"],"tracknumber":["11/13"]},"version":{"essentia":"2.1-beta1","essentia_build_sha":"e76a03f03bb3900de42a1fa0d9be1e72f12def64","essentia_git_sha":"v2.1_beta1-28-g21ef5f4-dirty","extractor":"music 1.0"}},"rhythm":{"beats_count":867,"beats_loudness":{"dmean":0.028168104589,"dmean2":0.050340693444,"dvar":0.000775371154305,"dvar2":0.00223593483679,"max":0.216641247272,"mean":0.0586559101939,"median":0.0570851489902,"min":0,"var":0.00122629420366},"beats_loudness_band_ratio":{"dmean":[0.162573441863,0.0663474500179,0.0368031524122,0.0592177137733,0.0252962447703,0.0701123178005],"dmean2":[0.27999317646,0.116572730243,0.0632553771138,0.10365088284,0.0444036312401,0.121152326465],"dvar":[0.0173208899796,0.0074670324102,0.00303643429652,0.00427261088043,0.000821270397864,0.00655492162332],"dvar2":[0.0499609671533,0.0205923561007,0.00748717226088,0.0126658678055,0.00237865000963,0.0174138061702],"max":[0.994455873966,0.738561868668,0.626904189587,0.5675511360