{"lowlevel":{"average_loudness":0.939475595951,"barkbands":{"dmean":[0.00066009152215,0.00449987035245,0.00288564013317,0.00157847930677,0.00337166944519,0.00177605601493,0.00114448613022,0.000514818064403,0.000506751995999,0.000375282601453,0.000213313527638,0.000215139007196,0.000155672227265,0.000191302518942,0.000130097003421,0.000132249348098,0.0001888138504,0.000136310220114,0.0000942478363868,0.000141395343235,0.000119905933389,0.0000942715269048,0.0000844438691274,0.0000726340367692,0.0000789342520875,0.0000298043578368,0.0000153554519784],"dmean2":[0.000971290224697,0.00770265050232,0.00483257044107,0.00267372932285,0.00513657834381,0.00291247619316,0.00177914078813,0.000788379460573,0.000761507486459,0.000564246554859,0.00032444531098,0.000334559590556,0.000245278497459,0.000303134904243,0.000203816598514,0.000207404897083,0.000289198360406,0.0002123072627,0.000150736610522,0.000217066088226,0.000186470744666,0.000138247924042,0.000125189559185,0.000105070714199,0.000116831353807,0.0000439398390881,0.0000231881513173],"dvar":[0.0000044594235078,0.000178825095645,0.0000602237632847,0.0000106827146737,0.000051916911616,0.0000196917080757,0.00000501559588884,0.00000154867143465,0.00000146416391544,0.00000120897800571,3.60618201967e-7,3.62952590649e-7,2.51865287737e-7,3.1711755355e-7,1.26977496961e-7,7.87467300256e-8,1.28730604843e-7,6.60356676008e-8,3.43067334541e-8,9.09999116061e-8,9.71636779923e-8,9.05881805124e-8,5.56946098129e-8,1.33905743382e-7,1.78500627612e-7,4.54735165079e-8,2.79263412395e-9],"dvar2":[0.00000933922638069,0.000488144170959,0.00017038405349,0.0000302213866235,0.000115383038064,0.0000491171740578,0.0000114192262117,0.00000330262855641,0.00000300866304315,0.00000236209461946,6.84692679442e-7,8.27306564588e-7,5.68146163005e-7,7.66787479733e-7,2.77914892877e-7,1.81390774401e-7,2.92334277674e-7,1.52865936798e-7,8.90871021397e-8,2.06094071586e-7,2.20299327225e-7,1.92240392494e-7,1.22463291063e-7,2.74873485751e-7,3.55571415867e-7,8.36617175537e-8,6.27500496009e-9],"max":[0.0285750217736,0.128081977367,0.0919352248311,0.0438646003604,0.0776873379946,0.0532411783934,0.0395772494376,0.0289239622653,0.0309300180525,0.0371247567236,0.0360952243209,0.0174576099962,0.0165380258113,0.0143001563847,0.0138701023534,0.00666087912396,0.00685235485435,0.00592273985967,0.00519431568682,0.00650539807975,0.00983451958746,0.0114940162748,0.00604355614632,0.0122238108888,0.0183079186827,0.0154958236963,0.00144777738024],"mean":[0.000718429277185,0.00679354742169,0.00663726823404,0.00305942841806,0.00547245051712,0.00243374309503,0.0021464175079,0.00100141519215,0.000970217457507,0.000693903653882,0.000427487131674,0.00035073372419,0.000227172189625,0.000308208487695,0.000203846924705,0.00024264138483,0.000379674660508,0.000280951993773,0.000195463406271,0.000306102447212,0.000264653295744,0.000201065922738,0.000170321480255,0.000132690067403,0.000123891833937,0.0000411044929933,0.0000177221645572],"median":[0.0000152821303345,0.00259307865053,0.00196198746562,0.00194437243044,0.00221057329327,0.000834809092339,0.00064730795566,0.00028844026383,0.000396307965275,0.000124890924781,0.000125835154904,0.0000767185774748,0.0000408228952438,0.0000473037980555,0.0000502435104863,0.0000818184125819,0.000147576196468,0.000134583839099,0.000105635481304,0.000110232336738,0.0000876181438798,0.0000511641519552,0.0000605342684139,0.000036336165067,0.0000279855685221,0.00000697100176694,0.00000171430292539],"min":[3.86636309652e-24,1.03020572054e-23,6.09069999147e-24,1.50439292945e-23,4.60640305692e-23,8.95062172333e-24,2.99828959125e-23,2.31527062699e-23,4.18107765582e-23,2.80860577777e-23,5.22663863276e-23,4.72127224877e-23,4.94220883804e-23,1.02128943083e-22,1.0647769344e-22,8.15826379772e-23,6.13758081178e-23,1.02173150848e-22,2.16734194699e-22,2.78439904447e-22,3.39399036235e-22,5.10614593551e-22,5.48247575377e-22,7.12596407746e-22,1.0268202293e-21,1.40086459761e-21,2.01820134313e-21],"var":[0.00000549378910364,0.000165229241247,0.000089925226348,0.0000154142944666,0.0000824561793706,0.0000215983127418,0.0000154008976097,0.00000529948329131,0.00000389525894207,0.00000427623353971,0.0000025957467642,8.67221785938e-7,5.59361922114e-7,8.1009426367e-7,3.19089849654e-7,1.90903165276e-7,3.5111742136e-7,1.7631521132e-7,7.81555158369e-8,2.81865652596e-7,2.38510750705e-7,2.52073476759e-7,1.20010213323e-7,2.73568673492e-7,3.58325706884e-7,1.06937434907e-7,3.77532538565e-9]},"barkbands_crest":{"dmean":2.18314313889,"dmean2":3.48070764542,"dvar":4.79493045807,"dvar2":12.0321235657,"max":25.7842407227,"mean":11.5323867798,"median":10.8493204117,"min":2.64660096169,"var":18.9827308655},"barkbands_flatness_db":{"dmean":0.0238922052085,"dmean2":0.0343282483518,"dvar":0.00089928903617,"dvar2":0.00166441814508,"max":0.776693582535,"mean":0.192813888192,"median":0.152532622218,"min":0.0265920255333,"var":0.0174410268664},"barkbands_kurtosis":{"dmean":7.4668097496,"dmean2":11.9369831085,"dvar":367.536193848,"dvar2":929.596801758,"max":422.92010498,"mean":17.2091255188,"median":5.40711975098,"min":-1.95436322689,"var":1494.83630371},"barkbands_skewness":{"dmean":0.661380708218,"dmean2":1.02778446674,"dvar":0.902066409588,"dvar2":2.14604401588,"max":16.9954013824,"mean":2.60536766052,"median":2.21696186066,"min":-5.5737195015,"var":4.21965694427},"barkbands_spread":{"dmean":5.0441532135,"dmean2":7.66480112076,"dvar":65.6240463257,"dvar2":151.179473877,"max":116.196968079,"mean":18.0211257935,"median":15.272354126,"min":0.208594933152,"var":234.110168457},"dissonance":{"dmean":0.0197917129844,"dmean2":0.0326832644641,"dvar":0.000504062802065,"dvar2":0.00128077180125,"max":0.500000178814,"mean":0.450854539871,"median":0.463396936655,"min":0.114267677069,"var":0.00207967241295},"dynamic_complexity":4.02149152756,"erbbands":{"dmean":[0.120889499784,1.08167898655,3.19354987144,4.22402143478,11.3587837219,9.32691001892,7.99860858917,17.9058818817,19.5363712311,11.3812847137,12.3912172318,10.445567131,11.0730276108,10.2120866776,6.95683526993,8.39745521545,6.42409944534,8.39917564392,7.64475345612,5.97925758362,7.43961620331,10.9553461075,7.62194871902,5.13694572449,4.47455644608,6.92707157135,5.08539152145,4.59993505478,3.51590204239,2.69032692909,2.5583088398,1.60191190243,1.18485403061,0.875807642937,0.59324991703,0.161802500486,0.0534734204412,0.0184144992381,0.00194953207392,0.000154908717377],"dmean2":[0.204933047295,1.91286814213,5.48343658447,7.13283443451,17.282289505,14.7861289978,12.9521846771,29.3576984406,30.3860797882,17.2368736267,18.7607955933,15.8092575073,16.1008682251,15.206615448,10.4523048401,13.0126791,9.93612384796,13.0729637146,11.9127178192,9.08203220367,11.5268650055,16.7298946381,11.6456232071,7.95686435699,7.04059267044,10.6546678543,7.84003210068,7.0574965477,5.18201494217,3.9344086647,3.8410179615,2.32667517662,1.74226617813,1.33086073399,0.890759766102,0.236402764916,0.0804640427232,0.0278364866972,0.00294816028327,0.000232277598116],"dvar":[0.14114125073,10.8037757874,83.1723327637,82.61668396,785.054626465,317.955688477,217.637557983,2364.70581055,1583.07080078,668.649536133,898.94732666,750.044189453,990.515380859,994.639099121,377.228302002,589.992126465,327.156311035,647.684082031,471.273803711,229.252151489,228.38899231,486.125762939,205.817886353,108.938995361,77.1873168945,258.90725708,129.990371704,166.861526489,124.62361908,71.4148025513,57.5769042969,54.1619224548,41.2744560242,29.7127189636,7.49923658371,0.907208204269,0.233786016703,0.00587879214436,0.0000438792922068,2.57233551793e-7],"dvar2":[0.324255794287,31.2838115692,237.657974243,231.640625,1778.01538086,781.464050293,568.264038086,5938.34863281,3695.82617188,1387.52526855,1889.74023438,1680.8737793,1866.80932617,1914.91259766,709.400939941,1335.24743652,731.756103516,1517.76757812,1076.3939209,470.973022461,530.896484375,1095.54968262,466.517028809,270.084381104,197.235305786,574.107299805,311.070587158,356.354522705,269.456878662,148.958175659,129.271194458,107.294326782,89.0021209717,56.5525245667,16.2311458588,1.59051203728,0.492698341608,0.0124006429687,0.0000893008109415,6.1496092485e-7],"max":[4.06143522263,31.6186218262,101.89377594,100.677314758,358.028320312,245.066162109,262.054901123,598.215881348,706.518798828,553.706542969,688.533325195,668.99230957,1364.35290527,1517.69165039,1177.98327637,755.309570312,486.857727051,634.73046875,531.641479492,749.991455078,346.825897217,476.392242432,294.637207031,269.26651001,253.765777588,416.442321777,232.132125854,506.702911377,496.09274292,405.025177002,197.625045776,250.056274414,183.903656006,240.418106079,115.902885437,54.167755127,38.13829422,4.31294202805,0.207871377468,0.0143690267578],"mean":[0.143738940358,1.74584150314,7.58677053452,9.26853752136,16.2139835358,15.9693746567,14.5490503311,23.552690506,34.4867935181,22.8711509705,25.8222732544,19.734205246,22.0586395264,20.021402359,13.6988687515,14.2319784164,10.7861919403,14.0455942154,13.1590795517,11.2031602859,15.4641599655,22.5912265778,16.8898162842,11.2578887939,10.3748130798,14.9735097885,11.2218103409,9.70813465118,7.80169630051,5.73320055008,4.89740228653,3.01999235153,2.05431771278,1.44570398331,0.842393934727,0.237589254975,0.0699390769005,0.0216200966388,0.00234773638658,0.000199389367481],"median":[0.0301293414086,0.775615155697,3.07099199295,6.36865377426,6.2384352684,6.9412112236,6.77540206909,6.98215675354,10.4058494568,7.57469129562,9.50134849548,8.75183677673,5.56097745895,6.92775201797,4.34523200989,3.35478591919,2.42684864998,2.30977630615,3.2135477066,3.61657547951,6.16358804703,9.31057548523,8.48481464386,6.27873468399,5.25289344788,5.09749507904,4.15459108353,2.98510169983,1.93129110336,1.77855587006,1.69565165043,0.82657712698,0.546235442162,0.363897234201,0.143015906215,0.0399567894638,0.0103594232351,0.00236249039881,0.000288506678771,0.000061257793277],"min":[3.72140323142e-22,2.44440231673e-21,5.81901971937e-21,3.99306157256e-20,6.89828305814e-20,1.3317101214e-19,1.24050609179e-19,9.41296058792e-20,3.72227501637e-19,3.99718875145e-19,6.66894154645e-19,9.52668357573e-19,8.60842675882e-19,2.72530203801e-18,2.46978532641e-18,1.79794819892e-18,2.36924110936e-18,3.56558767301e-18,5.52918582062e-18,5.96003649115e-18,7.40857698188e-18,4.23632278913e-18,5.98257261335e-18,8.91403907928e-18,8.65358389263e-18,1.30148936723e-17,1.38854772788e-17,1.40362094387e-17,1.71403486168e-17,1.30360339272e-17,1.43764420596e-17,1.39269885106e-17,1.3630393803e-17,1.07403438568e-17,7.54519661339e-18,4.41553932705e-18,2.87259167904e-18,1.20963966628e-18,2.72083743405e-19,2.65594253006e-20],"var":[0.154511645436,9.00772953033,113.787124634,126.921539307,1009.93365479,567.919616699,484.741668701,2408.70117188,4115.29541016,2153.55078125,2947.34277344,1657.0291748,3857.76147461,2991.64794922,2340.86108398,1470.51135254,828.148742676,1740.55566406,1123.66760254,716.546386719,615.778198242,1278.01965332,598.594665527,249.537124634,221.93107605,753.593017578,344.913269043,405.506164551,372.516540527,155.300567627,113.819831848,113.952453613,76.8186950684,58.371383667,14.4206676483,2.21473121643,0.467978328466,0.0104767652228,0.0000702223114786,2.93898210657e-7]},"erbbands_crest":{"dmean":2.30951356888,"dmean2":3.62434625626,"dvar":5.56606864929,"dvar2":12.7499284744,"max":30.4860019684,"mean":9.83181095123,"median":8.46361351013,"min":2.2619304657,"var":24.9047241211},"erbbands_flatness_db":{"dmean":0.0194201935083,"dmean2":0.0262166652828,"dvar":0.000555680133402,"dvar2":0.000934506999329,"max":0.574891149998,"mean":0.167167767882,"median":0.142838209867,"min":0.0334994979203,"var":0.00703568896279},"erbbands_kurtosis":{"dmean":2.37036395073,"dmean2":3.4784219265,"dvar":82.0235900879,"dvar2":157.117614746,"max":280.66595459,"mean":3.54900813103,"median":-0.449730396271,"min":-1.8272382021,"var":337.460357666},"erbbands_skewness":{"dmean":0.440676033497,"dmean2":0.647168040276,"dvar":0.440492361784,"dvar2":0.830246686935,"max":12.6695976257,"mean":0.814435601234,"median":0.556848406792,"min":-4.2237443924,"var":2.07245373726},"erbbands_spread":{"dmean":9.94781112671,"dmean2":14.7782297134,"dvar":200.422775269,"dvar2":440.836914062,"max":181.97052002,"mean":47.9567260742,"median":47.1988296509,"min":0.440999686718,"var":676.443481445},"gfcc":{"cov":[[25792.6191406,-3565.38378906,-4956.87597656,325.076934814,-2314.64355469,338.209838867,-1282.01501465,-206.17779541,-915.164672852,67.7723312378,-577.587097168,191.152297974,-0.53011482954],[-3565.38378906,2889.93286133,1142.14624023,118.229896545,839.807189941,-26.3463535309,407.889587402,131.960220337,317.328948975,-181.070220947,231.752731323,-170.3359375,9.48049354553],[-4956.87597656,1142.14624023,2925.05639648,730.150695801,880.967895508,287.104736328,505.864746094,57.9536094666,229.648269653,-15.4540882111,27.093006134,-131.043624878,-91.8247528076],[325.076934814,118.229896545,730.150695801,995.598876953,226.651260376,296.514862061,151.585998535,86.9282608032,47.7780647278,9.61370372772,-13.2364339828,-70.3316726685,-43.1834754944],[-2314.64355469,839.807189941,880.967895508,226.651260376,757.281555176,150.981552124,267.175445557,83.2237319946,161.495681763,-24.3318328857,31.4379806519,-75.5267562866,-19.2329044342],[338.209838867,-26.3463535309,287.104736328,296.514862061,150.981552124,359.576812744,150.022460938,12.3687963486,-7.29603910446,54.8660049438,-15.3364105225,-34.6061630249,-27.179101944],[-1282.01501465,407.889587402,505.864746094,151.585998535,267.175445557,150.022460938,332.334014893,82.0233840942,91.5190124512,29.9028434753,33.4222488403,-38.974571228,-11.4239997864],[-206.17779541,131.960220337,57.9536094666,86.9282608032,83.2237319946,12.3687963486,82.0233840942,190.57989502,100.9842453,4.19530820847,17.8464412689,14.9922485352,15.6401882172],[-915.164672852,317.328948975,229.648269653,47.7780647278,161.495681763,-7.29603910446,91.5190124512,100.9842453,168.790649414,19.1271152496,27.9444904327,-15.5304861069,12.3069114685],[67.7723312378,-181.070220947,-15.4540882111,9.61370372772,-24.3318328857,54.8660049438,29.9028434753,4.19530820847,19.1271152496,131.092254639,35.0784111023,-0.773948252201,-5.62984800339],[-577.587097168,231.752731323,27.093006134,-13.2364339828,31.4379806519,-15.3364105225,33.4222488403,17.8464412689,27.9444904327,35.0784111023,138.392837524,14.6339406967,2.01391601562],[191.152297974,-170.3359375,-131.043624878,-70.3316726685,-75.5267562866,-34.6061630249,-38.974571228,14.9922485352,-15.5304861069,-0.773948252201,14.6339406967,100.619918823,30.8024845123],[-0.53011482954,9.48049354553,-91.8247528076,-43.1834754944,-19.2329044342,-27.179101944,-11.4239997864,15.6401882172,12.3069114685,-5.62984800339,2.01391601562,30.8024845123,83.6494140625]],"icov":[[0.000114089722047,-0.000111996894702,0.000164334618603,-0.000155177112902,0.000180033239303,-0.000229346987908,0.000260790693574,-0.00018134630227,0.000353543669917,-0.000296501355479,0.000531877798494,-0.000182077186764,0.000132371860673],[-0.000111996894702,0.00121331831906,-0.000222033806494,0.000303021050058,-0.000690827087965,0.000327412271872,-0.000799722853117,0.000488957331982,-0.00149160460569,0.00248408457264,-0.00261008623056,0.00177874567453,-0.000684134021867],[0.000164334618603,-0.000222033806494,0.000961057608947,-0.000641810300294,-0.000214636515011,-0.000120059587061,-0.000265595997917,0.000430832878919,0.000041719442379,-0.000422251323471,0.00100552127697,-0.00061571522383,0.000712636043318],[-0.000155177112902,0.000303021050058,-0.000641810300294,0.00193850137293,-0.000113950751256,-0.00102147285361,0.000146975187818,-0.000779158028308,-0.00042877352098,0.00105330685619,-0.00117515900638,0.00124565453734,-0.000227888463996],[0.000180033239303,-0.000690827087965,-0.000214636515011,-0.000113950751256,0.00327137811109,-0.00122734881006,-0.0000269102420134,-0.000368763721781,-0.000579861341976,-0.000173300286406,0.00128823635168,-0.00016490984126,0.000307006848743],[-0.000229346987908,0.000327412271872,-0.000120059587061,-0.00102147285361,-0.00122734881006,0.00585483759642,-0.00262394873425,0.000658543372992,0.00125148484949,-0.00165787222795,0.0000363077051588,0.000257453648373,0.0000495927197335],[0.000260790693574,-0.000799722853117,-0.000265595997917,0.000146975187818,-0.0000269102420134,-0.00262394873425,0.00698922108859,-0.0025315459352,0.000904165150132,-0.00215136539191,0.00121124845464,-0.0000296059224638,0.000149629908265],[-0.00018134630227,0.000488957331982,0.000430832878919,-0.000779158028308,-0.000368763721781,0.000658543372992,-0.0025315459352,0.00992527510971,-0.00667470879853,0.00206893775612,-0.00119667989202,-0.00212255492806,-0.000126502083731],[0.000353543669917,-0.00149160460569,0.000041719442379,-0.00042877352098,-0.000579861341976,0.00125148484949,0.000904165150132,-0.00667470879853,0.0150242960081,-0.00595859019086,0.00332788401283,0.00000982829169516,-0.00105470244307],[-0.000296501355479,0.00248408457264,-0.000422251323471,0.00105330685619,-0.000173300286406,-0.00165787222795,-0.00215136539191,0.00206893775612,-0.00595859019086,0.0152097735554,-0.00814013089985,0.00371932378039,-0.000735615787562],[0.000531877798494,-0.00261008623056,0.00100552127697,-0.00117515900638,0.00128823635168,0.0000363077051588,0.00121124845464,-0.00119667989202,0.00332788401283,-0.00814013089985,0.015045043081,-0.00572503916919,0.00220193294808],[-0.000182077186764,0.00177874567453,-0.00061571522383,0.00124565453734,-0.00016490984126,0.000257453648373,-0.0000296059224638,-0.00212255492806,0.00000982829169516,0.00371932378039,-0.00572503916919,0.016134897247,-0.00535172177479],[0.000132371860673,-0.000684134021867,0.000712636043318,-0.000227888463996,0.000307006848743,0.0000495927197335,0.000149629908265,-0.000126502083731,-0.00105470244307,-0.000735615787562,0.00220193294808,-0.00535172177479,0.0148517917842]],"mean":[-44.9343528748,85.6069335938,-83.9802474976,34.7635498047,-59.3115921021,-2.61712908745,-35.3907394409,5.91600227356,-20.6872158051,-5.32030487061,-16.7058086395,-2.457924366,-10.6455049515]},"hfc":{"dmean":5.85747814178,"dmean2":8.36807918549,"dvar":169.086715698,"dvar2":330.329589844,"max":417.652526855,"mean":19.7190513611,"median":15.7001905441,"min":1.13418426321e-16,"var":508.322052002},"melbands":{"dmean":[0.00113896641415,0.00159018370323,0.000892848940566,0.000782367773354,0.000304138666252,0.000391915935325,0.000276940671029,0.000115788163384,0.000106397492345,0.0000641805454507,0.0000570925658394,0.0000443224344053,0.0000266479837592,0.0000206660752156,0.0000242094756686,0.0000139008971018,0.0000167215239344,0.0000140947258842,0.0000100567640402,0.00000857207032823,0.00000912815539778,0.0000126277573145,0.00000809540597402,0.000006884990853,0.00000434121784565,0.00000383243468605,0.00000432598335465,0.00000530354282091,0.00000381622339773,0.00000274744115814,0.00000296935422739,0.0000019869062271,0.00000211852398024,0.00000157172735271,0.00000176667458618,0.0000010117482816,0.00000104510172605,8.57228258155e-7,8.18323314888e-7,7.80974460213e-7],"dmean2":[0.00192463980056,0.00278248195536,0.00146369158756,0.0011945492588,0.000496533757541,0.000639312376734,0.00043057728908,0.000176820132765,0.000161714546266,0.000096481780929,0.0000832845762488,0.0000657637428958,0.0000398993543058,0.0000314889293804,0.0000383525475627,0.0000211565911741,0.0000262655812548,0.0000221660957322,0.0000154903973453,0.0000133443863888,0.0000142022026921,0.0000193675969058,0.0000124870266518,0.0000106746583697,0.00000679601089359,0.00000615565204498,0.00000684128644934,0.00000829814143799,0.00000599729037276,0.00000430913087257,0.0000046402674343,0.00000292969116344,0.00000326471467815,0.00000237929953073,0.00000269768725047,0.00000152181348767,0.00000152476627591,0.00000128054932702,0.00000124342386698,0.00000118236073376],"dvar":[0.0000114228469101,0.0000219301746256,0.00000307920163323,0.00000302674902741,3.01670070257e-7,0.00000101159025689,2.97079253642e-7,6.98677311561e-8,6.17896844801e-8,3.08333412136e-8,2.59693795357e-8,1.84125941161e-8,5.99338134677e-9,3.91727139615e-9,5.00885821708e-9,2.27205920744e-9,2.62571941967e-9,1.9020047759e-9,8.80125750058e-10,4.071076809e-10,3.53952256393e-10,6.96834256964e-10,2.36335201409e-10,1.89272861273e-10,8.40420025239e-11,6.59143295501e-11,8.63878760193e-11,1.72518110908e-10,6.9225174204e-11,7.74193070763e-11,6.22605300649e-11,3.68387542693e-11,5.07179506726e-11,1.96774194161e-11,2.62698040404e-11,1.32670419789e-11,2.70906717198e-11,1.94010467414e-11,3.15251401373e-11,2.22116249005e-11],"dvar2":[0.0000284900324914,0.0000635641263216,0.00000834898401081,0.00000670861982144,8.04255535058e-7,0.00000253068742495,6.93792003403e-7,1.45022497122e-7,1.29866876364e-7,6.69405437748e-8,4.90304437051e-8,3.48772886127e-8,1.00243671142e-8,8.31039947968e-9,1.27159669461e-8,5.08035746805e-9,6.25860252512e-9,4.32403846062e-9,1.77180503602e-9,9.32284471844e-10,8.25652102243e-10,1.55372825716e-9,5.50660850251e-10,4.36477048948e-10,2.11288611607e-10,1.77037356996e-10,2.06619846232e-10,3.9429304266e-10,1.65453178935e-10,1.78481909807e-10,1.39373124153e-10,7.44419942356e-11,1.21454374336e-10,4.15201970028e-11,6.09427230902e-11,2.99325633724e-11,5.31137529791e-11,4.3770598257e-11,6.91931650865e-11,4.37213078242e-11],"max":[0.033929374069,0.0475196093321,0.0216045714915,0.0203090738505,0.00760967377573,0.0124749531969,0.00908410735428,0.005550946109,0.00604527024552,0.00487613445148,0.00692296680063,0.00608481327072,0.00537413265556,0.00267112371512,0.00163195456844,0.00192316283938,0.00127132399939,0.00106585584581,0.00137059192639,0.000609959184658,0.000452187785413,0.000601601437666,0.000265422742814,0.000318737700582,0.000233698345255,0.000284949084744,0.000217415436055,0.000359241734259,0.00021865524468,0.00034376163967,0.000253771373536,0.000245221424848,0.000320804334478,0.000187318393728,0.000122959245346,0.0000947543958318,0.000212332714,0.000144849997014,0.000271931145107,0.000244097784162],"mean":[0.00160180707462,0.00345998862758,0.00182026904076,0.00121353252325,0.000554327678401,0.000537545885891,0.000496412336361,0.000230423756875,0.000216418760829,0.000118534175272,0.000111392269901,0.0000834740931168,0.0000530150900886,0.0000335571312462,0.0000377393625968,0.0000214245919778,0.0000265753023996,0.0000226019183174,0.0000159263363457,0.0000152770317072,0.0000175917521119,0.0000246337694989,0.0000166640438692,0.0000135363325171,0.00000846329839987,0.00000777763762017,0.00000852174252941,0.0000102319081634,0.00000765194818086,0.0000052421505643,0.00000578441267862,0.00000418518629886,0.00000408216646974,0.00000303221031572,0.00000318804268318,0.00000182902590495,0.00000185218516435,0.00000143138606745,0.00000130633418394,0.00000120826075545],"median":[0.000554154044949,0.00179975607898,0.00144973525312,0.000487804907607,0.000263989932137,0.000168391721672,0.000156954396516,0.0000657531054458,0.0000741105541238,0.0000473701256851,0.0000244012935582,0.000026875810363,0.0000157482390932,0.00000696169172443,0.00000710828226147,0.00000347743457496,0.00000390901232095,0.00000453202301287,0.00000375535637431,0.00000452083531854,0.00000593853746977,0.00000882822769199,0.00000775512398832,0.00000598642100158,0.00000427522445534,0.00000380445499104,0.00000293441485155,0.00000313234863825,0.0000026151617476,0.00000164502228017,0.00000164319112628,0.00000107757057322,9.0624502036e-7,9.95577579488e-7,0.00000104438629478,5.78463300371e-7,4.40342233787e-7,3.7794032437e-7,3.0198552281e-7,2.83794349798e-7],"min":[2.82030415113e-24,3.67025543092e-24,7.19834471609e-24,5.61152576169e-24,5.32436067066e-24,2.3990778685e-24,5.44492228281e-24,4.46217238329e-24,5.42365814268e-24,5.4841519412e-24,3.75751764654e-24,9.90057433629e-24,8.33934287421e-24,4.89298786186e-24,7.00431806556e-24,3.74547884026e-24,7.04311030058e-24,9.16842385268e-24,7.77792082315e-24,5.20588401789e-24,8.77006250618e-24,3.44849637527e-24,7.38809337393e-24,4.83834307253e-24,7.1198514783e-24,5.48535968724e-24,7.57821595183e-24,7.03232499428e-24,1.06365910272e-23,5.42888237402e-24,8.6653254438e-24,9.8731298654e-24,8.27171935083e-24,7.84323850611e-24,7.60515634061e-24,7.77307248403e-24,9.14525658562e-24,9.04264786995e-24,9.77798929592e-24,9.10013295298e-24],"var":[0.0000119942924357,0.0000238319407799,0.00000427344866694,0.00000442534383183,6.53216204682e-7,0.00000108894369077,7.68469590184e-7,2.30039532312e-7,1.99166521497e-7,7.2561242348e-8,1.02531139134e-7,5.43116520646e-8,4.98321206521e-8,9.15556253034e-9,1.17995870852e-8,5.58543389317e-9,6.53785914295e-9,4.42012071389e-9,2.47410802956e-9,8.98097984869e-10,9.15033215865e-10,1.77969605719e-9,6.25825502532e-10,4.61508137262e-10,1.68832697822e-10,1.5159325184e-10,2.34905123131e-10,4.09714234761e-10,1.859277593e-10,1.38612302192e-10,1.4896736622e-10,1.12621988124e-10,1.15877245299e-10,3.91128206212e-11,4.80915064716e-11,2.43863800681e-11,5.49429078622e-11,3.39676446692e-11,5.05433021825e-11,4.0967208792e-11]},"melbands_crest":{"dmean":2.86350941658,"dmean2":4.60896968842,"dvar":9.35464477539,"dvar2":24.1603679657,"max":34.677898407,"mean":17.0426807404,"median":16.3235816956,"min":2.09683632851,"var":38.2888526917},"melbands_flatness_db":{"dmean":0.0275739114732,"dmean2":0.039057765156,"dvar":0.00125111883972,"dvar2":0.00227420730516,"max":0.964139342308,"mean":0.274972617626,"median":0.225705623627,"min":0.00327982287854,"var":0.0268582962453},"melbands_kurtosis":{"dmean":16.9236907959,"dmean2":26.4638900757,"dvar":1985.1953125,"dvar2":4701.19873047,"max":942.698303223,"mean":37.7622146606,"median":19.4124526978,"min":-1.71508705616,"var":4754.97607422},"melbands_skewness":{"dmean":0.937786817551,"dmean2":1.42922580242,"dvar":2.11851024628,"dvar2":4.75794839859,"max":22.3485546112,"mean":3.88913011551,"median":3.58417987823,"min":-3.71711945534,"var":5.9799041748},"melbands_spread":{"dmean":4.78294467926,"dmean2":7.32937669754,"dvar":103.089836121,"dvar2":221.036437988,"max":218.454483032,"mean":16.0146446228,"median":11.7891988754,"min":0.197858646512,"var":342.094055176},"mfcc":{"cov":[[19110.09375,-1191.1036377,-2716.62329102,-862.131225586,-1390.39172363,-790.489807129,-661.236450195,-369.140075684,-542.344604492,-431.575622559,-576.301086426,-207.707824707,-188.224456787],[-1191.1036377,1946.63867188,316.967437744,171.139373779,337.183502197,7.61069631577,109.011199951,171.228057861,89.3810272217,52.4969329834,98.3507461548,52.3054504395,14.9221172333],[-2716.62329102,316.967437744,1783.09106445,720.442687988,496.489257812,481.645568848,326.018737793,199.684066772,205.882888794,162.888381958,173.075134277,90.3335494995,26.0150051117],[-862.131225586,171.139373779,720.442687988,692.312744141,381.683624268,257.048828125,206.923248291,165.98777771,141.476638794,113.34828949,81.5786743164,61.0097618103,8.65288734436],[-1390.39172363,337.183502197,496.489257812,381.683624268,539.29095459,240.125427246,179.486907959,149.914367676,145.207717896,100.111442566,86.9438781738,48.547088623,18.1169643402],[-790.489807129,7.61069631577,481.645568848,257.048828125,240.125427246,450.26159668,253.235992432,90.9443588257,99.2387008667,128.41355896,82.9311141968,10.3170537949,23.021194458],[-661.236450195,109.011199951,326.018737793,206.923248291,179.486907959,253.235992432,280.688049316,107.911476135,59.2772102356,109.968238831,72.9592666626,26.2354831696,23.6263446808],[-369.140075684,171.228057861,199.684066772,165.98777771,149.914367676,90.9443588257,107.911476135,204.109161377,114.562904358,41.4058418274,40.473400116,37.8921279907,15.2065649033],[-542.344604492,89.3810272217,205.882888794,141.476638794,145.207717896,99.2387008667,59.2772102356,114.562904358,207.849899292,90.7468338013,33.2780647278,32.7156448364,24.2363014221],[-431.575622559,52.4969329834,162.888381958,113.34828949,100.111442566,128.41355896,109.968238831,41.4058418274,90.7468338013,174.977890015,75.9504776001,21.7476959229,22.0963439941],[-576.301086426,98.3507461548,173.075134277,81.5786743164,86.9438781738,82.9311141968,72.9592666626,40.473400116,33.2780647278,75.9504776001,124.358734131,42.1541481018,19.2338428497],[-207.707824707,52.3054504395,90.3335494995,61.0097618103,48.547088623,10.3170537949,26.2354831696,37.8921279907,32.7156448364,21.7476959229,42.1541481018,94.1742706299,37.5668525696],[-188.224456787,14.9221172333,26.0150051117,8.65288734436,18.1169643402,23.021194458,23.6263446808,15.2065649033,24.2363014221,22.0963439941,19.2338428497,37.5668525696,83.666343689]],"icov":[[0.0000830945937196,0.00000186474915154,0.000117201117973,-0.000120137054182,0.000172002444742,-0.0000936192518566,0.0000962534104474,-0.000098533302662,0.000125372054754,-0.0000643527528155,0.000238797016209,-0.0000980530166999,0.000111638910312],[0.00000186474915154,0.000641857041046,-0.0000837585903355,0.000170527593582,-0.000459332484752,0.000443397293566,-0.000186759338249,-0.000366641033906,0.0000975676884991,-0.0000147519467646,-0.000292652024655,0.000110429158667,-0.0000117114404929],[0.000117201117973,-0.0000837585903355,0.00136047007982,-0.00107337709051,0.000246338109719,-0.000819522480015,0.000014494295101,0.000194244930753,-0.000291221687803,0.000487917743158,-0.000419684016379,-0.000375218485715,0.000319808896165],[-0.000120137054182,0.000170527593582,-0.00107337709051,0.00361415464431,-0.00164384313393,0.000263880414423,-0.000505212577991,-0.000819862936623,0.0000989632899291,-0.000692359462846,0.00051843636902,-0.000726452213712,0.000595496443566],[0.000172002444742,-0.000459332484752,0.000246338109719,-0.00164384313393,0.00436121085659,-0.0011516175,0.00000891944000614,-0.000416949100327,-0.00086851825472,0.000370186404325,-0.000190180071513,-0.000334143725922,0.000355634576408],[-0.0000936192518566,0.000443397293566,-0.000819522480015,0.000263880414423,-0.0011516175,0.00616030860692,-0.00440574344248,0.00110997341108,-0.00130022654776,-0.000166113182786,-0.00105000275653,0.00212407601066,-0.000757275905926],[0.0000962534104474,-0.000186759338249,0.000014494295101,-0.000505212577991,0.00000891944000614,-0.00440574344248,0.0104217864573,-0.00417356425896,0.00383431860246,-0.00387326907367,0.000731953419745,-0.000621016602963,-0.00065371504752],[-0.000098533302662,-0.000366641033906,0.000194244930753,-0.000819862936623,-0.000416949100327,0.00110997341108,-0.00417356425896,0.0105103300884,-0.00577472010627,0.00357718067244,-0.00173567153979,-0.000857777078636,0.000433500972576],[0.000125372054754,0.0000975676884991,-0.000291221687803,0.0000989632899291,-0.00086851825472,-0.00130022654776,0.00383431860246,-0.00577472010627,0.0110157970339,-0.00592720368877,0.00318105961196,-0.00121915678028,-0.000951928261202],[-0.0000643527528155,-0.0000147519467646,0.000487917743158,-0.000692359462846,0.000370186404325,-0.000166113182786,-0.00387326907367,0.00357718067244,-0.00592720368877,0.0126789156348,-0.0060924696736,0.00144923955668,-0.000694769434631],[0.000238797016209,-0.000292652024655,-0.000419684016379,0.00051843636902,-0.000190180071513,-0.00105000275653,0.000731953419745,-0.00173567153979,0.00318105961196,-0.0060924696736,0.0151483789086,-0.00528859859332,0.000684901548084],[-0.0000980530166999,0.000110429158667,-0.000375218485715,-0.000726452213712,-0.000334143725922,0.00212407601066,-0.000621016602963,-0.000857777078636,-0.00121915678028,0.00144923955668,-0.00528859859332,0.0166937299073,-0.00653872685507],[0.000111638910312,-0.0000117114404929,0.000319808896165,0.000595496443566,0.000355634576408,-0.000757275905926,-0.00065371504752,0.000433500972576,-0.000951928261202,-0.000694769434631,0.000684901548084,-0.00653872685507,0.0155193554237]],"mean":[-687.739440918,111.653091431,26.2005062103,35.1827087402,2.21160793304,-2.08140301704,-5.25859117508,3.79883313179,-0.169187963009,-2.7331943512,-3.39971613884,-0.842983841896,-2.2683775425]},"pitch_salience":{"dmean":0.0669508874416,"dmean2":0.108197629452,"dvar":0.00487548112869,"dvar2":0.0124179730192,"max":0.903315186501,"mean":0.503492295742,"median":0.529171705246,"min":0.0705611929297,"var":0.0238411854953},"silence_rate_20dB":{"dmean":0,"dmean2":0,"dvar":0,"dvar2":0,"max":1,"mean":1,"median":1,"min":1,"var":0},"silence_rate_30dB":{"dmean":0.00688924221322,"dmean2":0.0137803098187,"dvar":0.00684140482917,"dvar2":0.0194203481078,"max":1,"mean":0.996025979519,"median":1,"min":0,"var":0.00395808415487},"silence_rate_60dB":{"dmean":0.0169581342489,"dmean2":0.0339207649231,"dvar":0.0166712924838,"dvar2":0.0348886847496,"max":1,"mean":0.0925950482488,"median":0,"min":0,"var":0.0840226262808},"spectral_centroid":{"dmean":219.427871704,"dmean2":334.461090088,"dvar":124439.140625,"dvar2":262409.5,"max":10987.6660156,"mean":1103.00268555,"median":978.274841309,"min":101.537796021,"var":594829.625},"spectral_complexity":{"dmean":3.14705872536,"dmean2":4.62249898911,"dvar":19.037115097,"dvar2":36.9549217224,"max":50,"mean":14.6836671829,"median":14,"min":0,"var":96.2422180176},"spectral_contrast_coeffs":{"dmean":[0.0511804968119,0.0453171730042,0.0363268703222,0.029892956838,0.0232652723789,0.0168125275522],"dmean2":[0.08103402704,0.0729738250375,0.0580241717398,0.0468680039048,0.0361444205046,0.0265550222248],"dvar":[0.00229579559527,0.00163784495089,0.00108820875175,0.000744686520193,0.000535434577614,0.000257673935266],"dvar2":[0.005298985634,0.00401323242113,0.00241690664552,0.00162649701815,0.00113158999011,0.000596059253439],"max":[-0.246016740799,-0.406573534012,-0.365724980831,-0.520398199558,-0.538228154182,-0.621088862419],"mean":[-0.580320358276,-0.709949791431,-0.763086616993,-0.790740787983,-0.786147534847,-0.775704562664],"median":[-0.583068490028,-0.716521501541,-0.773490548134,-0.796966195107,-0.783361792564,-0.770440280437],"min":[-0.961236059666,-0.961339950562,-0.959868490696,-0.984798491001,-0.977900087833,-0.96399730444],"var":[0.0104892076924,0.00801195763052,0.00757853314281,0.00566814979538,0.00387817644514,0.00281559466384]},"spectral_contrast_valleys":{"dmean":[0.459195584059,0.396472603083,0.402505278587,0.374032914639,0.296074807644,0.324702620506],"dmean2":[0.735044062138,0.628734588623,0.615721344948,0.563249289989,0.426851302385,0.407656788826],"dvar":[0.234430864453,0.215401992202,0.238598778844,0.244887888432,0.176541402936,0.200839087367],"dvar2":[0.489572376013,0.411918878555,0.439719647169,0.467444419861,0.303489714861,0.326757878065],"max":[-4.97385311127,-4.56967353821,-5.24901866913,-5.77474546432,-5.44057750702,-7.0603351593],"mean":[-7.71369504929,-7.1411986351,-8.22317409515,-8.70498752594,-8.19864654541,-10.4586305618],"median":[-7.12975406647,-6.78743553162,-7.76137733459,-8.24047470093,-7.58441829681,-9.95260334015],"min":[-27.4859161377,-27.9363079071,-27.3248691559,-27.3772640228,-27.2370071411,-27.3667030334],"var":[2.63055324554,2.24177312851,2.81708478928,3.01677298546,3.53130722046,3.40580844879]},"spectral_decrease":{"dmean":3.17560266971e-9,"dmean2":5.22702148231e-9,"dvar":3.77822520281e-17,"dvar2":1.02129634422e-16,"max":3.44904049765e-10,"mean":-8.48191383795e-9,"median":-7.98477906017e-9,"min":-5.18368423741e-8,"var":4.63761986801e-17},"spectral_energy":{"dmean":0.0123628024012,"dmean2":0.0202536266297,"dvar":0.000556206679903,"dvar2":0.00149851210881,"max":0.197775751352,"mean":0.0338011868298,"median":0.0320274271071,"min":1.04022146399e-20,"var":0.00069748761598},"spectral_energyband_high":{"dmean":0.000452943728305,"dmean2":0.000629334826954,"dvar":0.00000181044754299,"dvar2":0.00000349257697962,"max":0.0380440428853,"mean":0.00111840642057,"median":0.000427250692155,"min":7.47594609295e-21,"var":0.00000524795495949},"spectral_energyband_low":{"dmean":0.00733605306596,"dmean2":0.0124308066443,"dvar":0.000425622449256,"dvar2":0.00117494852748,"max":0.189484208822,"mean":0.0157593172044,"median":0.0114071266726,"min":5.27918024004e-23,"var":0.000474262866192},"spectral_energyband_middle_high":{"dmean":0.00107879808638,"dmean2":0.00161768123507,"dvar":0.00000387260843127,"dvar2":0.00000885712324816,"max":0.0410394631326,"mean":0.00336666987278,"median":0.00192136713304,"min":1.41687718657e-21,"var":0.0000201348921109},"spectral_energyband_middle_low":{"dmean":0.00665241945535,"dmean2":0.0104656768963,"dvar":0.000156502384925,"dvar2":0.000370848778402,"max":0.135376051068,"mean":0.015296779573,"median":0.0115212211385,"min":1.8397689076e-22,"var":0.00025375111727},"spectral_entropy":{"dmean":0.204354152083,"dmean2":0.284281283617,"dvar":0.082621909678,"dvar2":0.145642623305,"max":9.8104801178,"mean":7.19119548798,"median":7.48003339767,"min":3.11893892288,"var":0.97835868597},"spectral_flux":{"dmean":0.0313847698271,"dmean2":0.0496659316123,"dvar":0.00199563545175,"dvar2":0.00434882519767,"max":0.420738071203,"mean":0.0814619958401,"median":0.0699675157666,"min":6.94788185318e-11,"var":0.0038882617373},"spectral_kurtosis":{"dmean":5.49456930161,"dmean2":9.06182384491,"dvar":736.13494873,"dvar2":2063.4375,"max":801.931396484,"mean":15.0130243301,"median":3.3139591217,"min":-1.22892284393,"var":3008.95288086},"spectral_rms":{"dmean":0.000891904113814,"dmean2":0.00139457383193,"dvar":0.0000018929183625,"dvar2":0.00000477160028822,"max":0.0138907143846,"mean":0.0052505005151,"median":0.00558983627707,"min":3.18567134477e-12,"var":0.00000540908422408},"spectral_rolloff":{"dmean":426.381469727,"dmean2":715.73425293,"dvar":1380028.125,"dvar2":3101595,"max":21963.8671875,"mean":1196.17004395,"median":538.330078125,"min":64.599609375,"var":3675666.5},"spectral_skewness":{"dmean":0.333961755037,"dmean2":0.507185459137,"dvar":0.525407493114,"dvar2":1.28547334671,"max":24.2764987946,"mean":2.09294366837,"median":1.44253468513,"min":-0.164378255606,"var":6.46410608292},"spectral_spread":{"dmean":718081.125,"dmean2":1015461.25,"dvar":1300173684740,"dvar2":2460145156100,"max":44184872,"mean":5065208,"median":5044348.5,"min":127767.96875,"var":4589973667840},"spectral_strongpeak":{"dmean":0.328194320202,"dmean2":0.548424422741,"dvar":0.331880629063,"dvar2":0.795847773552,"max":11.2598352432,"mean":0.81416362524,"median":0.57122194767,"min":0,"var":0.790276169777},"zerocrossingrate":{"dmean":0.0110743716359,"dmean2":0.0130384741351,"dvar":0.000309890427161,"dvar2":0.00039075728273,"max":0.56884765625,"mean":0.055921819061,"median":0.04736328125,"min":0.00341796875,"var":0.00244360463694}},"metadata":{"audio_properties":{"analysis_sample_rate":44100,"bit_rate":0,"codec":"flac","downmix":"mix","equal_loudness":0,"length":175.253326416,"lossless":true,"md5_encoded":"29854b382ce6029656a37ed42e20c24c","replay_gain":-12.7236824036},"tags":{"acoustid_id":["ce01137b-5fd7-4d8f-9097-28eafa9c20a2"],"album":["Have a Little Faith"],"albumartist":["The BellRays"],"albumartistsort":["BellRays, The"],"artist":["The BellRays"],"artistsort":["BellRays, The"],"barcode":["3526186609020"],"catalognumber":["Reverb 90"],"date":["2006-05-02"],"discnumber":["1"],"disctotal":["1"],"file_name":"10 Everyday I Think of You.flac","label":["Vicious Circle"],"media":["CD"],"musicbrainz_albumartistid":["c754774d-d3ea-4216-9486-368c04b1bbe7"],"musicbrainz_albumid":["126ace5c-07ef-48b7-901c-02c22c9a8460"],"musicbrainz_artistid":["c754774d-d3ea-4216-9486-368c04b1bbe7"],"musicbrainz_recordingid":["28c8785e-5705-4922-876f-0a879043a254"],"musicbrainz_releasegroupid":["543df7c5-eb50-3165-ad61-5e543190f81c"],"musicbrainz_releasetrackid":["caca3f97-932d-3339-a853-0c9e25c33c0f"],"originaldate":["2006-05-02"],"releasecountry":["FR"],"releasestatus":["official"],"releasetype":["album"],"script":["Latn"],"title":["Everyday I Think of You"],"totaldiscs":["1"],"totaltracks":["14"],"tracknumber":["10"],"tracktotal":["14"]},"version":{"essentia":"2.1-beta1","essentia_build_sha":"7598a69e7b456135ce4c070efb04a3d0ebb71fdd","essentia_git_sha":"v2.1_beta1-6-g5578087","extractor":"music 1.0"}},"rhythm":{"beats_count":335,"beats_loudness":{"dmean":0.0291021857411,"dmean2":0.0555620491505,"dvar":0.000398861157009,"dvar2":0.00117725075688,"max":0.112138666213,"mean":0.0509921871126,"median":0.0550900250673,"min":3.25901169163e-7,"var":0.00064051389927},"beats_loudness_band_ratio":{"dmean":[0.298761665821,0.411727547646,0.119544446468,0.0494912266731,0.0440126731992,0.0536412447691],"dmea