{"lowlevel":{"average_loudness":0.853255867958,"barkbands":{"dmean":[0.0000956449221121,0.00454313727096,0.00164581742138,0.00167221552692,0.00148124073166,0.000659247685689,0.00067466753535,0.000764783995692,0.00123389763758,0.000850838550832,0.000370211782865,0.000303511013044,0.000473681138828,0.000303067674395,0.000199953370611,0.000190668346477,0.000240738125285,0.000130389147671,0.000137032824568,0.000222073707846,0.000123439240269,0.0000793449362391,0.0000551052107767,0.0000435307774751,0.0000151445710799,0.00000252608083429,1.74531123776e-7],"dmean2":[0.000126516635646,0.00744249252602,0.00275811599568,0.00277165859006,0.00249745161273,0.00105490814894,0.00105983030517,0.00123869406525,0.001958852401,0.00134583062027,0.000591497635469,0.000477432156913,0.000778724905103,0.000468275451567,0.000316751888022,0.00030563477776,0.000388790969737,0.000210918224184,0.000218825356569,0.000351974187652,0.000200243332074,0.00012990286632,0.0000901352686924,0.000063464154664,0.000021128284061,0.00000358788292942,2.76652770026e-7],"dvar":[4.69669814152e-8,0.0000706081846147,0.0000149950701598,0.0000106371389847,0.00000783582072472,0.00000118602838484,0.00000117509068787,0.00000182940323157,0.00000694378150001,0.00000444806664746,7.67754102071e-7,6.69224164085e-7,0.0000021141106572,9.11611948595e-7,3.44633349414e-7,1.88051885175e-7,3.24271951513e-7,5.94065667769e-8,5.34701882771e-8,1.16128539673e-7,3.5329115633e-8,3.19178212749e-8,1.61590048009e-8,1.49338799105e-8,3.13453929479e-9,3.35274551178e-11,4.52122985318e-13],"dvar2":[8.12496168123e-8,0.000191888946574,0.0000367514076061,0.0000260711130977,0.0000214202173083,0.00000323583549289,0.00000278559014077,0.00000435562196799,0.0000175100376509,0.0000111619820018,0.00000183628912964,0.00000156816349772,0.00000568113046029,0.00000198399311557,8.22074866846e-7,4.38572868688e-7,8.23700077035e-7,1.38110905823e-7,1.30480444227e-7,2.79798001657e-7,8.58785824676e-8,8.85661606276e-8,4.22849133486e-8,2.54432848124e-8,5.00259833558e-9,6.02728145171e-11,1.23473876523e-12],"max":[0.00438837893307,0.108978450298,0.0784498006105,0.0519455373287,0.0412825495005,0.0271696541458,0.0298622790724,0.0505058765411,0.0751021578908,0.0579269714653,0.035708412528,0.0285761188716,0.0452071838081,0.0381048433483,0.0256393440068,0.0105700753629,0.022003442049,0.00832621473819,0.0055287592113,0.00707864528522,0.00452563446015,0.00360975414515,0.00407102843747,0.0049205403775,0.00283553521149,0.00026380745112,0.0000290421339741],"mean":[0.00022713150247,0.0112324962392,0.00274681742303,0.0024675000459,0.00262692850083,0.00145030289423,0.00131846126169,0.00127485895064,0.00245487177745,0.00165434321389,0.000762616691645,0.000590690644458,0.000885934219696,0.000591018702835,0.000398310861783,0.000409413798479,0.000582173932344,0.000304475193843,0.000359502533684,0.000632998533547,0.000346856861142,0.00019749708008,0.00013756743283,0.000114079550258,0.0000388521038985,0.00000553567224415,2.7722711593e-7],"median":[0.0000403045123676,0.00921923853457,0.00109921442345,0.00109861488454,0.00178180937655,0.000958740129136,0.000795679516159,0.000707467261236,0.000995033420622,0.000465662073111,0.000263186113443,0.000234111910686,0.000232634542044,0.000195275453734,0.000191935017938,0.000203647126909,0.000300051295199,0.000197351648239,0.000208428042242,0.000419930176577,0.000235793573665,0.00010965729598,0.0000651280934107,0.0000476105597045,0.0000154469980771,0.00000217266278923,1.08884535166e-7],"min":[6.3967775521e-10,2.33817099016e-9,3.05394243227e-9,3.71444164315e-9,6.25724316805e-9,1.38103417591e-9,3.81434217545e-10,3.98022004244e-10,3.23947757508e-9,3.95487376181e-9,3.26809801443e-9,1.36874978018e-9,3.6736140796e-9,1.49002055139e-9,1.45409950747e-9,8.59085858007e-10,1.99523197963e-9,4.93143824387e-11,2.82257245354e-10,3.8432518279e-10,1.57738558326e-10,1.21956819643e-10,9.16920706029e-11,1.06453949822e-10,8.51954964909e-11,6.94828777847e-11,8.42487676844e-11],"var":[1.48219484686e-7,0.000122881392599,0.0000260411525232,0.0000160101863003,0.00000982463188848,0.00000269389011009,0.00000295879999612,0.00000383176256946,0.0000217445503949,0.0000164200610016,0.00000291152991849,0.00000232476531892,0.00000573620036448,0.00000238934853769,7.39756274015e-7,4.44657899834e-7,0.00000143763247706,1.5496588901e-7,2.39017083459e-7,4.81544816466e-7,1.43018553445e-7,6.32428935887e-8,4.1718699606e-8,5.69324143385e-8,1.16333884748e-8,1.03871349022e-10,4.51131997427e-13]},"barkbands_crest":{"dmean":2.24773621559,"dmean2":3.67813301086,"dvar":5.34675931931,"dvar2":14.1968851089,"max":24.7920722961,"mean":10.9633636475,"median":10.2647514343,"min":2.58777165413,"var":20.580488205},"barkbands_flatness_db":{"dmean":0.0153562501073,"dmean2":0.0241202153265,"dvar":0.000257742154645,"dvar2":0.000666347215883,"max":0.434071660042,"mean":0.138376608491,"median":0.124837256968,"min":0.0355931557715,"var":0.00372156430967},"barkbands_kurtosis":{"dmean":2.37158799171,"dmean2":3.84226608276,"dvar":35.1285705566,"dvar2":83.9444198608,"max":207.831329346,"mean":6.1684012413,"median":1.49894380569,"min":-1.76071131229,"var":325.455047607},"barkbands_skewness":{"dmean":0.399035096169,"dmean2":0.632585942745,"dvar":0.199606001377,"dvar2":0.516241490841,"max":11.9547472,"mean":1.73890006542,"median":1.44674134254,"min":-1.15128958225,"var":2.27581620216},"barkbands_spread":{"dmean":4.43600416183,"dmean2":6.99610328674,"dvar":23.2508850098,"dvar2":58.0710105896,"max":86.39037323,"mean":24.5015392303,"median":23.8227081299,"min":0.480345338583,"var":146.144332886},"dissonance":{"dmean":0.0155502520502,"dmean2":0.0265271551907,"dvar":0.000217850960325,"dvar2":0.000598687911406,"max":0.500000059605,"mean":0.470994800329,"median":0.475212424994,"min":0.185276627541,"var":0.000399556709453},"dynamic_complexity":2.43108010292,"erbbands":{"dmean":[0.132893294096,1.04609274864,1.99592673779,3.58508276939,5.84413576126,4.65612268448,4.99571800232,5.27921819687,8.17369270325,15.2080411911,14.2296905518,27.8884124756,28.3632183075,18.7245788574,14.5607023239,13.8118228912,21.6318569183,15.2435979843,10.3320579529,10.5172538757,10.0756320953,10.3003044128,7.13655614853,5.90106105804,7.46068811417,9.93129348755,7.19011545181,3.11335945129,3.05122685432,2.30951929092,1.3639601469,1.15985739231,0.596245884895,0.24413356185,0.0697869956493,0.0176610089839,0.0034928212408,0.00040577413165,0.0000314624558087,0.00000997706501948],"dmean2":[0.205673202872,1.74240708351,3.33296656609,5.90087175369,9.86441993713,7.79903316498,7.95921850204,8.55732917786,12.8298606873,24.7252426147,22.530632019,43.7788581848,44.739692688,29.6187419891,22.9695224762,21.8213863373,35.4714546204,23.6820068359,16.0189552307,16.7656211853,15.9906578064,16.3371257782,11.4899263382,9.51958942413,12.0721988678,15.7876968384,11.5335321426,5.06012678146,4.98381853104,3.85437989235,2.15904164314,1.72846353054,0.883067965508,0.345477998257,0.0967326313257,0.0245600454509,0.00500427465886,0.000597293430474,0.0000486317258037,0.0000160850104294],"dvar":[0.0774566531181,3.69016170502,21.955072403,41.5025634766,197.555923462,51.6839942932,67.7046813965,89.4975280762,174.068740845,722.817565918,782.962280273,4559.85400391,4976.26708984,2185.89746094,1315.05944824,1457.62512207,5235.09521484,2430.5715332,1049.78442383,830.368591309,491.421417236,431.533905029,178.887298584,133.318664551,139.016921997,240.369003296,134.220581055,28.9072113037,40.6355171204,36.0714569092,9.32109737396,9.43046760559,4.05278587341,0.819786787033,0.0752784013748,0.00213697156869,0.0000557451639907,9.91545221041e-7,1.12477680503e-8,2.07193609492e-10],"dvar2":[0.178058028221,10.4971437454,54.1018333435,104.737884521,537.741943359,140.482650757,174.984375,249.934265137,427.209960938,1790.84606934,1779.33557129,11227.2294922,12674.5576172,5414.34228516,2931.2746582,3444.08349609,14156.5126953,5411.33984375,2540.40234375,1924.99121094,1132.98986816,1049.3560791,410.796966553,338.081817627,340.600250244,580.584350586,314.375,76.2398681641,111.48677063,101.730804443,22.031463623,18.8172283173,7.3759803772,1.31600630283,0.139751166105,0.00346666364931,0.000106671097456,0.00000218934587792,2.97983309139e-8,5.60152535467e-10],"max":[4.09866285324,22.7723808289,99.2793502808,106.008049011,228.868988037,137.240921021,184.446594238,223.672637939,347.233459473,748.635253906,1102.83239746,2258.86621094,1927.62854004,1820.8359375,1905.09729004,1477.06506348,2469.07446289,2173.36791992,1843.97241211,1471.85461426,716.28302002,711.021179199,541.433654785,347.041046143,374.241485596,361.577819824,281.658935547,181.575759888,136.381027222,124.077560425,133.797698975,131.435455322,71.327583313,43.7892417908,20.3256378174,2.70596337318,0.300376117229,0.0345513448119,0.00385357718915,0.000522504153196],"mean":[0.309079349041,2.50658416748,4.02426958084,5.58819246292,8.59788417816,8.46434497833,10.9797811508,11.1737251282,16.4821147919,26.8893127441,28.4374217987,57.3058815002,57.0661354065,40.3104133606,32.1683769226,29.4540901184,42.8504219055,31.7652111053,22.9677524567,23.080783844,25.6932849884,27.6281547546,19.0270137787,16.2098960876,21.6839809418,29.4785671234,21.9751319885,9.03038597107,7.55760717392,5.38009977341,3.73301696777,2.94845533371,1.46056306362,0.610552430153,0.182018458843,0.0419726036489,0.00753506273031,0.000825365015771,0.0000707283397787,0.0000430162690463],"median":[0.176001831889,1.90746307373,1.75955867767,3.17893028259,4.58273172379,5.70534420013,6.58904933929,7.20700454712,10.4249763489,14.6725158691,16.7966747284,24.3444366455,17.4874401093,13.1079044342,13.7266845703,11.6658363342,11.4693460464,11.3745107651,10.0653877258,11.4280176163,12.9508495331,15.7927875519,13.0736198425,9.83101844788,13.8151111603,20.4162902832,14.5501661301,5.99895572662,4.33635997772,2.5196390152,1.82122242451,1.32675933838,0.549407482147,0.218370139599,0.0780729502439,0.0173930414021,0.00286820414476,0.00034223930561,0.0000425203106715,0.0000394599846913],"min":[6.19612876562e-8,5.73218585487e-7,0.00000292862546303,0.0000089275145001,0.0000173737935256,0.000021300978915,0.0000167962825799,0.00000962428566709,0.00000488299838253,0.00000891518720891,0.000011986255231,0.0000691802924848,0.000119522752357,0.000139150535688,0.0000999114927254,0.0000722434342606,0.000170972751221,0.0000811962308944,0.00011120383715,0.0000325545552187,0.0000763124553487,0.00010560186638,0.0000119770020319,0.00000986503891909,0.0000129459376694,0.0000205802516575,0.00000939527672017,0.0000053602961998,0.00000463837432108,0.00000347637433151,0.00000252136487688,0.00000224091559176,0.00000159625597007,9.88618808151e-7,6.03482646966e-7,3.119023404e-7,1.18877309774e-7,3.08896339618e-8,1.17652270148e-8,1.2378804648e-9],"var":[0.164165347815,5.93650722504,42.4054260254,58.6676330566,198.892059326,88.9632110596,184.048019409,186.221298218,425.863342285,1618.64245605,1941.43969727,14736.3203125,17235.4199219,7997.28515625,4669.06298828,5251.99414062,13920.5185547,6183.05126953,2019.45153809,2255.11962891,2057.56201172,2263.75024414,540.944763184,513.702880859,656.740112305,1037.66003418,655.290222168,94.1884613037,85.5370635986,58.5438537598,33.135471344,32.3605728149,12.798324585,3.02060127258,0.25056797266,0.0074788313359,0.000162981712492,0.0000021522462248,1.3521162856e-8,5.28916188625e-10]},"erbbands_crest":{"dmean":2.13913798332,"dmean2":3.45941996574,"dvar":4.71625328064,"dvar2":11.7815914154,"max":28.4744911194,"mean":8.197265625,"median":6.96963596344,"min":2.17633366585,"var":18.330280304},"erbbands_flatness_db":{"dmean":0.0109249418601,"dmean2":0.016493877396,"dvar":0.000112567999167,"dvar2":0.000238448643358,"max":0.285770267248,"mean":0.150049164891,"median":0.145599976182,"min":0.0634592920542,"var":0.00121718517039},"erbbands_kurtosis":{"dmean":0.551944673061,"dmean2":0.885838150978,"dvar":0.543891966343,"dvar2":1.36388659477,"max":13.1147670746,"mean":-0.0571732670069,"median":-0.492762565613,"min":-1.71926414967,"var":1.90510928631},"erbbands_skewness":{"dmean":0.260763168335,"dmean2":0.41444337368,"dvar":0.0561609528959,"dvar2":0.142563968897,"max":3.33824276924,"mean":0.265527874231,"median":0.256188243628,"min":-2.16486239433,"var":0.420046508312},"erbbands_spread":{"dmean":6.25377893448,"dmean2":9.76688671112,"dvar":37.7971305847,"dvar2":85.8264312744,"max":120.232383728,"mean":43.094379425,"median":41.8708953857,"min":5.97100067139,"var":280.329956055},"gfcc":{"cov":[[5058.13818359,-1510.6060791,-570.122802734,106.535163879,-621.731384277,181.811248779,-370.724456787,58.2776069641,-189.32244873,249.822631836,-356.06628418,236.892166138,-183.444671631],[-1510.6060791,767.236633301,62.8618736267,-68.746887207,262.245117188,-102.652839661,209.745773315,-54.459148407,83.5753097534,-91.1390991211,133.210632324,-101.531539917,82.6987762451],[-570.122802734,62.8618736267,476.773620605,87.4039611816,48.2417488098,73.3510055542,-29.4388904572,6.07044124603,20.185333252,-25.1567611694,21.2134552002,11.1873226166,-32.216758728],[106.535163879,-68.746887207,87.4039611816,269.263641357,14.5917377472,-35.6737289429,-4.06132173538,7.76357126236,19.2781009674,-4.36727809906,-30.631111145,1.59745061398,1.23249578476],[-621.731384277,262.245117188,48.2417488098,14.5917377472,242.368972778,-25.3165016174,109.216743469,4.06902599335,29.3908367157,-19.1612701416,42.3860054016,-38.9911804199,34.273223877],[181.811248779,-102.652839661,73.3510055542,-35.6737289429,-25.3165016174,149.706588745,-6.17813634872,-0.243827700615,-15.7835454941,8.00590705872,5.26807880402,20.6693153381,-29.7145824432],[-370.724456787,209.745773315,-29.4388904572,-4.06132173538,109.216743469,-6.17813634872,207.621505737,18.6204013824,18.8538703918,-17.9361591339,36.8618011475,-28.842508316,23.9563140869],[58.2776069641,-54.459148407,6.07044124603,7.76357126236,4.06902599335,-0.243827700615,18.6204013824,90.7209472656,27.2613201141,15.6079473495,-6.4855017662,3.74455499649,10.4235296249],[-189.32244873,83.5753097534,20.185333252,19.2781009674,29.3908367157,-15.7835454941,18.8538703918,27.2613201141,83.8874893188,14.4911203384,18.433971405,-15.8694038391,18.7720394135],[249.822631836,-91.1390991211,-25.1567611694,-4.36727809906,-19.1612701416,8.00590705872,-17.9361591339,15.6079473495,14.4911203384,82.0088577271,10.054599762,22.0272579193,-10.12429142],[-356.06628418,133.210632324,21.2134552002,-30.631111145,42.3860054016,5.26807880402,36.8618011475,-6.4855017662,18.433971405,10.054599762,93.5966415405,7.32942485809,17.578004837],[236.892166138,-101.531539917,11.1873226166,1.59745061398,-38.9911804199,20.6693153381,-28.842508316,3.74455499649,-15.8694038391,22.0272579193,7.32942485809,76.5219039917,1.07654666901],[-183.444671631,82.6987762451,-32.216758728,1.23249578476,34.273223877,-29.7145824432,23.9563140869,10.4235296249,18.7720394135,-10.12429142,17.578004837,1.07654666901,72.0683517456]],"icov":[[0.0010070061544,0.0000530353863724,0.00134397426154,-0.000799161498435,0.00084149686154,-0.0013387579238,0.00039273998118,-0.000499616668094,0.000797927437816,-0.0019997661002,0.00270778103732,-0.00179607630707,0.000984015408903],[0.0000530353863724,0.00860606133938,-0.00185371492989,0.00312499864958,-0.00319626484998,0.00496212858707,-0.00445221923292,0.00649250578135,-0.00600908184424,0.00597882922739,-0.00653494428843,0.00419057440013,-0.00257924641483],[0.00134397426154,-0.00185371492989,0.00532899657264,-0.00294541125186,0.00073067098856,-0.00455808220431,0.00270732445642,-0.00270729116164,0.00133665511385,-0.00209218123928,0.00383501430042,-0.00412170076743,0.00372962397523],[-0.000799161498435,0.00312499864958,-0.00294541125186,0.00642827013507,-0.00197447789833,0.00448585068807,-0.00241609779187,0.00317291170359,-0.00392924482003,0.00351101555862,-0.00231790705584,0.00205575954169,-0.00186264282092],[0.00084149686154,-0.00319626484998,0.00073067098856,-0.00197447789833,0.00858072564006,-0.00219875620678,-0.00084534403868,-0.00237072072923,0.00286695966497,-0.00430325977504,0.00335873500444,-0.000631467439234,-0.000354374205926],[-0.0013387579238,0.00496212858707,-0.00455808220431,0.00448585068807,-0.00219875620678,0.0135728111491,-0.00416490994394,0.00425834069028,-0.00368405668996,0.00558752845973,-0.00755399698392,0.00309121375903,-0.00026480606175],[0.00039273998118,-0.00445221923292,0.00270732445642,-0.00241609779187,-0.00084534403868,-0.00416490994394,0.00984156038612,-0.00556404702365,0.00353091559373,-0.00223322724923,0.0021069329232,-0.00164535304066,0.00185553124174],[-0.000499616668094,0.00649250578135,-0.00270729116164,0.00317291170359,-0.00237072072923,0.00425834069028,-0.00556404702365,0.0188588090241,-0.00928464904428,0.0030499198474,-0.00303166150115,0.00266180490144,-0.00443473737687],[0.000797927437816,-0.00600908184424,0.00133665511385,-0.00392924482003,0.00286695966497,-0.00368405668996,0.00353091559373,-0.00928464904428,0.0221733897924,-0.0100997528061,0.00375965400599,0.00084764265921,-0.00124613160733],[-0.0019997661002,0.00597882922739,-0.00209218123928,0.00351101555862,-0.00430325977504,0.00558752845973,-0.00223322724923,0.0030499198474,-0.0100997528061,0.0248831510544,-0.0127512533218,0.00161444942933,0.000917580560781],[0.00270778103732,-0.00653494428843,0.00383501430042,-0.00231790705584,0.00335873500444,-0.00755399698392,0.0021069329232,-0.00303166150115,0.00375965400599,-0.0127512533218,0.0276800356805,-0.0110978931189,0.00181536015589],[-0.00179607630707,0.00419057440013,-0.00412170076743,0.00205575954169,-0.000631467439234,0.00309121375903,-0.00164535304066,0.00266180490144,0.00084764265921,0.00161444942933,-0.0110978931189,0.0237158536911,-0.00716276979074],[0.000984015408903,-0.00257924641483,0.00372962397523,-0.00186264282092,-0.000354374205926,-0.00026480606175,0.00185553124174,-0.00443473737687,-0.00124613160733,0.000917580560781,0.00181536015589,-0.00716276979074,0.0212409291416]],"mean":[16.5582504272,109.482078552,-125.118438721,51.3305778503,-63.0069351196,18.562002182,-24.2590885162,12.6673374176,-15.9589424133,0.907151699066,-9.21318626404,-6.684694767,-3.67695093155]},"hfc":{"dmean":3.96742296219,"dmean2":6.11599493027,"dvar":25.5472488403,"dvar2":58.8604354858,"max":98.4417495728,"mean":23.414396286,"median":21.0727329254,"min":0.0000402970072173,"var":237.676803589},"melbands":{"dmean":[0.00122275820468,0.00109879148658,0.000678647134919,0.000365556246834,0.000174064785824,0.000120087752293,0.000127389401314,0.000169798688148,0.000126576938783,0.000180110393558,0.00014353991719,0.0000829016498756,0.0000515110405104,0.0000374065020878,0.0000474757944176,0.0000387649197364,0.0000312191114062,0.0000186654378922,0.0000135973177748,0.0000148674835145,0.0000137535780595,0.000012336869986,0.0000114952945296,0.00000568419090996,0.0000053180415307,0.00000529781027581,0.0000074074891927,0.00000742961401556,0.00000609793960393,0.00000282071800939,0.00000185453370705,0.00000186606655461,0.00000164538710123,0.00000135875313845,8.79678168531e-7,7.35671278562e-7,7.70129759076e-7,4.89206797738e-7,3.36473021889e-7,1.8979126537e-7],"dmean2":[0.00196367618628,0.00183602888137,0.0011264232453,0.000615578202996,0.000279234198388,0.00019390801026,0.000198773952434,0.000276967970422,0.000199282425456,0.000283367902739,0.000226611591643,0.00013030206901,0.0000821254070615,0.0000581261156185,0.000077187010902,0.0000626688561169,0.0000481486858916,0.0000290332900477,0.000021433314032,0.0000237437288888,0.0000218418354052,0.0000194474832824,0.0000186510969797,0.00000926564280235,0.00000859535612108,0.00000842774625198,0.0000119111336971,0.0000118391344586,0.00000979812011792,0.00000455107419839,0.00000308233188662,0.00000308241374114,0.00000270487021226,0.0000023082466214,0.00000140726626796,0.00000115725629257,0.00000116772093861,7.42893689676e-7,5.00204180298e-7,2.78221733652e-7],"dvar":[0.00000561956767342,0.00000495534732181,0.00000169516033566,5.61775266306e-7,6.66848976039e-8,4.2768824926e-8,3.9856423939e-8,8.60003694925e-8,6.52971010595e-8,1.74167951172e-7,1.27337258959e-7,4.48814994058e-8,1.49052183929e-8,9.24493992471e-9,1.8272158897e-8,1.40224045708e-8,1.20702727813e-8,3.82723719383e-9,1.63827540423e-9,1.20979870566e-9,1.18184761977e-9,8.71178185147e-10,4.86528706212e-10,1.09475997712e-10,1.18302437291e-10,8.62367469101e-11,1.33144092973e-10,1.4368943535e-10,1.06191139215e-10,2.06288874871e-11,1.128446208e-11,1.47127535849e-11,1.42926495292e-11,1.25404400406e-11,3.66443507482e-12,4.07463472685e-12,4.33962804927e-12,2.93027841575e-12,1.64750862692e-12,5.12673562457e-13],"dvar2":[0.0000143808165376,0.0000131111355586,0.00000428245357398,0.00000154454164658,1.71536498783e-7,1.17346765194e-7,9.64838662298e-8,2.14092722217e-7,1.49849299191e-7,4.25550126693e-7,3.24994630319e-7,1.09908931734e-7,3.5950254329e-8,2.04768983991e-8,4.79205510828e-8,3.58740592787e-8,2.68112767543e-8,9.1149834347e-9,3.74033382045e-9,2.91698998289e-9,2.69237010464e-9,2.10012318647e-9,1.20335941212e-9,2.66072747168e-10,2.9937741175e-10,2.07232467297e-10,3.22759735605e-10,3.51410928134e-10,2.54009757672e-10,5.10117469099e-11,3.06352616886e-11,4.09318551275e-11,3.91943665023e-11,3.57406881868e-11,9.18753267909e-12,9.18421068363e-12,8.67808776228e-12,5.86459006358e-12,3.1775881839e-12,8.91080232605e-13],"max":[0.0335479043424,0.0416613407433,0.0175812933594,0.0112170530483,0.00569217186421,0.00496793398634,0.00559865077958,0.00839162990451,0.00743258651346,0.0135250063613,0.00990386120975,0.00826876610518,0.0048539834097,0.00319211906753,0.00346215395257,0.00366626936011,0.00488311192021,0.00345258321613,0.00240145716816,0.000925122061744,0.00126122578513,0.00103960721754,0.000573933415581,0.000415037065977,0.000323735031998,0.000347217835952,0.000223687922698,0.000276544393273,0.00030397172668,0.000150641586515,0.0000829659111332,0.000079271478171,0.000104592261778,0.0000641253500362,0.0000764563374105,0.00012638757471,0.0000838429405121,0.0000671946763759,0.0000650199799566,0.000029614295272],"mean":[0.00296487798914,0.00259897834621,0.00109172298107,0.00061862450093,0.000382670201361,0.000257417006651,0.000257545820205,0.00029379883199,0.000251899124123,0.000362248945748,0.000281066342723,0.000166137280758,0.000109511842311,0.0000735727880965,0.0000915002747206,0.0000759400354582,0.0000592872966081,0.0000381787467632,0.0000278016832453,0.0000309449569613,0.0000319639475492,0.0000301378877339,0.0000249148106377,0.0000129443342303,0.0000128653955471,0.0000132184113681,0.0000191883009393,0.0000196622841031,0.0000164578486874,0.00000728459554011,0.00000452636732007,0.0000043011436901,0.0000036326209738,0.00000278601191894,0.00000221227674047,0.00000182557892003,0.00000178490836333,0.00000108689266654,7.25475501895e-7,4.39896950866e-7],"median":[0.00223370129243,0.00160174712073,0.000621957005933,0.000398990203394,0.000254627375398,0.000167653881363,0.000164956451044,0.000161273041158,0.000138822215376,0.000145440630149,0.0000796578169684,0.0000484078700538,0.0000412512054027,0.0000313485725201,0.0000293488574243,0.0000205146316148,0.0000197919198399,0.0000150108362504,0.0000133134126372,0.0000151126050696,0.0000144168661791,0.0000152247521328,0.0000139386502269,0.00000876546982909,0.00000702277884557,0.00000779738638812,0.0000115079610623,0.0000124247881104,0.00000991077922663,0.00000475124397781,0.00000246863532993,0.00000247362254413,0.00000183676297638,0.00000117448678338,0.0000010490097111,8.71139434366e-7,7.42892723338e-7,4.00736013262e-7,2.31355613778e-7,1.60344853839e-7],"min":[6.29804874919e-10,1.28506250086e-9,1.7934513874e-9,1.45321843448e-9,6.67174537838e-10,2.19332774165e-10,7.53032566858e-11,9.7605055982e-11,1.13781040145e-10,4.89754070632e-10,5.99631344578e-10,5.59969792757e-10,4.03799521598e-10,1.38735078981e-10,3.15978521126e-10,3.34890615239e-10,1.25458990419e-10,1.9338278201e-10,7.25892818076e-11,3.00711781864e-11,1.06439565495e-10,1.35628508424e-10,2.57205229337e-11,1.82295823402e-12,8.13997393795e-12,1.28934163693e-11,8.04431261187e-12,1.48841720199e-11,7.63055677672e-12,1.95006901252e-12,3.30563788148e-12,2.60610218301e-12,2.32814505521e-12,1.85739054345e-12,1.5377151592e-12,1.32170977721e-12,1.28681234505e-12,1.14075860303e-12,9.39220489576e-13,8.30463464923e-13],"var":[0.0000103956417661,0.0000096810690593,0.00000225933786169,6.43121154553e-7,1.76466670609e-7,9.36880937275e-8,1.01605387215e-7,1.85042125622e-7,1.70013265688e-7,5.54437121991e-7,4.50341019587e-7,1.61213534966e-7,5.80114409843e-8,3.02595033475e-8,4.98864274334e-8,4.10413711904e-8,2.91914794559e-8,7.36516270194e-9,4.07520772683e-9,3.04553271491e-9,4.94427743192e-9,4.34522995363e-9,1.26107435605e-9,2.56100501916e-10,4.26684299004e-10,3.69123565047e-10,5.18146081596e-10,5.42923317415e-10,4.26761848082e-10,7.87061874008e-11,3.07360872864e-11,2.84198879708e-11,2.54709951047e-11,1.78471144113e-11,1.12966806048e-11,1.2870181483e-11,1.3475249562e-11,7.56433544274e-12,4.79597828465e-12,1.63574785227e-12]},"melbands_crest":{"dmean":2.78761649132,"dmean2":4.52638292313,"dvar":7.60877370834,"dvar2":19.5492286682,"max":31.950460434,"mean":15.3138189316,"median":14.9040699005,"min":3.05675768852,"var":28.7767696381},"melbands_flatness_db":{"dmean":0.0188929066062,"dmean2":0.029601983726,"dvar":0.000403156562243,"dvar2":0.00105693703517,"max":0.548616349697,"mean":0.199150457978,"median":0.183885097504,"min":0.0602009706199,"var":0.00573714170605},"melbands_kurtosis":{"dmean":6.01969337463,"dmean2":9.70548057556,"dvar":162.802825928,"dvar2":405.839385986,"max":562.767333984,"mean":16.7882995605,"median":9.37114715576,"min":-1.44478929043,"var":771.811706543},"melbands_skewness":{"dmean":0.590742647648,"dmean2":0.942268431187,"dvar":0.424423784018,"dvar2":1.12409734726,"max":18.3861427307,"mean":2.93331408501,"median":2.73145270348,"min":-0.525596737862,"var":2.99023914337},"melbands_spread":{"dmean":4.94957685471,"dmean2":7.85616588593,"dvar":31.1195812225,"dvar2":77.8415908813,"max":96.5684814453,"mean":23.0328578949,"median":21.8423576355,"min":0.38692215085,"var":177.248031616},"mfcc":{"cov":[[4953.015625,-1192.73925781,-534.496704102,-118.724884033,-366.303894043,-33.6821937561,-284.082946777,-148.790328979,-63.1403617859,-11.1457996368,-98.0384063721,-4.71211147308,-111.142326355],[-1192.73925781,641.223388672,-52.9351425171,14.6533346176,37.5467071533,24.2705917358,108.962768555,34.7107772827,19.3252735138,24.9163093567,20.5406417847,13.3064813614,23.5464572906],[-534.496704102,-52.9351425171,454.868377686,-2.87809586525,110.951316833,35.4786682129,-10.9669895172,42.9692420959,-22.7065029144,-30.8853473663,47.5137901306,-19.259054184,11.0228528976],[-118.724884033,14.6533346176,-2.87809586525,306.31237793,26.1685523987,1.36259865761,7.14169406891,9.17107963562,55.1047172546,5.38806343079,-3.59969973564,0.136711925268,21.1939334869],[-366.303894043,37.5467071533,110.951316833,26.1685523987,162.767852783,16.556968689,-2.79954075813,5.08425712585,8.25942420959,1.1846665144,1.60186851025,0.67528128624,14.3154716492],[-33.6821937561,24.2705917358,35.4786682129,1.36259865761,16.556968689,106.094718933,41.0462188721,16.194234848,-10.3288459778,-6.62429857254,14.7591266632,3.49729919434,0.968084096909],[-284.082946777,108.962768555,-10.9669895172,7.14169406891,-2.79954075813,41.0462188721,130.857788086,43.4161567688,12.0508346558,8.44519233704,10.3462762833,11.4449825287,11.391787529],[-148.790328979,34.7107772827,42.9692420959,9.17107963562,5.08425712585,16.194234848,43.4161567688,82.2163543701,23.8409023285,1.60506844521,7.71912145615,-1.67544817924,7.64410543442],[-63.1403617859,19.3252735138,-22.7065029144,55.1047172546,8.25942420959,-10.3288459778,12.0508346558,23.8409023285,84.3594360352,38.1180953979,-7.37481737137,0.617780566216,5.87173318863],[-11.1457996368,24.9163093567,-30.8853473663,5.38806343079,1.1846665144,-6.62429857254,8.44519233704,1.60506844521,38.1180953979,77.3456192017,13.9059038162,0.50713288784,0.36917835474],[-98.0384063721,20.5406417847,47.5137901306,-3.59969973564,1.60186851025,14.7591266632,10.3462762833,7.71912145615,-7.37481737137,13.9059038162,70.150718689,13.556854248,1.39385807514],[-4.71211147308,13.3064813614,-19.259054184,0.136711925268,0.67528128624,3.49729919434,11.4449825287,-1.67544817924,0.617780566216,0.50713288784,13.556854248,76.2829284668,26.6223869324],[-111.142326355,23.5464572906,11.0228528976,21.1939334869,14.3154716492,0.968084096909,11.391787529,7.64410543442,5.87173318863,0.36917835474,1.39385807514,26.6223869324,55.4263496399]],"icov":[[0.000682420446537,0.00116893253289,0.000794191728346,0.0000592781470914,0.000756555295084,-0.00075231899973,0.000839411804918,-0.000182635107194,0.000329608825268,-0.000338376354193,0.000258261396084,-0.000267134339083,0.000450757535873],[0.00116893253289,0.00394397368655,0.00182130013127,0.000138095958391,0.000533838116098,-0.00106439960655,-0.000104535443825,-0.00045473233331,0.000625834509265,-0.00072894670302,-0.000236632055021,-0.000145889178384,0.000232954756939],[0.000794191728346,0.00182130013127,0.00450756074861,0.000236857260461,-0.0015161933843,-0.00126496714074,0.00165096390992,-0.00223927758634,0.000943809747696,0.00107071036473,-0.00250068423338,0.00121765956283,-0.000414098933106],[0.0000592781470914,0.000138095958391,0.000236857260461,0.00397310825065,-0.000391577632399,-0.000345312524587,0.00000317447302223,0.000742997974157,-0.00339087075554,0.00153947575018,-0.000686961575411,0.000724571698811,-0.00148388184607],[0.000756555295084,0.000533838116098,-0.0015161933843,-0.000391577632399,0.00909775495529,-0.00198026024736,0.00168350036256,0.000946952146478,-0.000543764035683,-0.00125860178377,0.00212109833956,-0.000783398980275,-0.00066131335916],[-0.00075231899973,-0.00106439960655,-0.00126496714074,-0.000345312524587,-0.00198026024736,0.012520766817,-0.00480023166165,-0.000322898762533,0.00141655118205,0.00101479527075,-0.0018302872777,0.000114779686555,0.000485190423205],[0.000839411804918,-0.000104535443825,0.00165096390992,0.00000317447302223,0.00168350036256,-0.00480023166165,0.0132543100044,-0.00567416427657,0.000730618776288,-0.00136428896803,0.000344899861375,-0.00136987015139,-0.000313520547934],[-0.000182635107194,-0.00045473233331,-0.00223927758634,0.000742997974157,0.000946952146478,-0.000322898762533,-0.00567416427657,0.0184094198048,-0.00705381063744,0.0030843114946,-0.00134127680212,0.00160939572379,-0.00163604679983],[0.000329608825268,0.000625834509265,0.000943809747696,-0.00339087075554,-0.000543764035683,0.00141655118205,0.000730618776288,-0.00705381063744,0.0218316987157,-0.0109167797491,0.00454990938306,-0.00133667059708,0.000729858642444],[-0.000338376354193,-0.00072894670302,0.00107071036473,0.00153947575018,-0.00125860178377,0.00101479527075,-0.00136428896803,0.0030843114946,-0.0109167797491,0.0202128104866,-0.00676243659109,0.00204540998675,-0.000798595428932],[0.000258261396084,-0.000236632055021,-0.00250068423338,-0.000686961575411,0.00212109833956,-0.0018302872777,0.000344899861375,-0.00134127680212,0.00454990938306,-0.00676243659109,0.0194914750755,-0.00488016335294,0.00239353370853],[-0.000267134339083,-0.000145889178384,0.00121765956283,0.000724571698811,-0.000783398980275,0.000114779686555,-0.00136987015139,0.00160939572379,-0.00133667059708,0.00204540998675,-0.00488016335294,0.0176598560065,-0.00896466523409],[0.000450757535873,0.000232954756939,-0.000414098933106,-0.00148388184607,-0.00066131335916,0.000485190423205,-0.000313520547934,-0.00163604679983,0.000729858642444,-0.000798595428932,0.00239353370853,-0.00896466523409,0.0241227447987]],"mean":[-615.100585938,121.40070343,3.07224655151,32.4133682251,-3.49334263802,8.51077461243,4.75255680084,8.05345344543,4.57204389572,9.95328807831,-1.77899777889,6.24661970139,0.68200725317]},"pitch_salience":{"dmean":0.0613686069846,"dmean2":0.100666098297,"dvar":0.00345134199597,"dvar2":0.00933126080781,"max":0.903536856174,"mean":0.50218307972,"median":0.514953732491,"min":0.0397419966757,"var":0.0159183200449},"silence_rate_20dB":{"dmean":0,"dmean2":0,"dvar":0,"dvar2":0,"max":1,"mean":1,"median":1,"min":1,"var":0},"silence_rate_30dB":{"dmean":0.00187734665815,"dmean2":0.00375498714857,"dvar":0.00187398819253,"dvar2":0.00499255489558,"max":1,"mean":0.998670339584,"median":1,"min":0,"var":0.00132799544372},"silence_rate_60dB":{"dmean":0.000625782238785,"dmean2":0.00125166238286,"dvar":0.000625455111731,"dvar2":0.0017194703687,"max":1,"mean":0.0173640977591,"median":0,"min":0,"var":0.0170625410974},"spectral_centroid":{"dmean":204.455352783,"dmean2":322.304962158,"dvar":41018.34375,"dvar2":103903.203125,"max":3540.34008789,"mean":1531.42993164,"median":1506.96728516,"min":146.985641479,"var":385564.3125},"spectral_complexity":{"dmean":2.94508767128,"dmean2":4.7473988533,"dvar":7.82376050949,"dvar2":18.5957145691,"max":50,"mean":23.2198677063,"median":24,"min":0,"var":86.7244796753},"spectral_contrast_coeffs":{"dmean":[0.0457935892045,0.0424305051565,0.0362409092486,0.0273918639868,0.0192384477705,0.0157514493912],"dmean2":[0.0761534273624,0.0710531845689,0.0598828271031,0.0453844740987,0.0315215662122,0.0252807047218],"dvar":[0.00153542659245,0.00113477068953,0.000807460979559,0.000489479396492,0.000247035903158,0.000194962543901],"dvar2":[0.00420602597296,0.00311028026044,0.00218002661131,0.00128385156859,0.000618885678705,0.000457301706774],"max":[-0.322510719299,-0.499666959047,-0.473129957914,-0.569180548191,-0.623493432999,-0.581128001213],"mean":[-0.674165189266,-0.747695028782,-0.747867226601,-0.777382493019,-0.783703505993,-0.740341842175],"median":[-0.679473876953,-0.750210165977,-0.7562546134,-0.784007906914,-0.786083459854,-0.737927436829],"min":[-0.944092452526,-0.913177788258,-0.937620639801,-0.925257384777,-0.906519412994,-0.963507413864],"var":[0.00426386576146,0.00342664145865,0.00453306920826,0.0027004473377,0.00207023974508,0.00176033179741]},"spectral_contrast_valleys":{"dmean":[0.318344682455,0.295753419399,0.253341853619,0.209179148078,0.1652687639,0.175629690289],"dmean2":[0.536610305309,0.496323943138,0.422734379768,0.349287897348,0.265726327896,0.255677610636],"dvar":[0.0717417746782,0.054283503443,0.0394395291805,0.0285228658468,0.0232726037502,0.0477170497179],"dvar2":[0.20167183876,0.151780202985,0.10717728734,0.0723577290773,0.0527665056288,0.0903480574489],"max":[-5.19279193878,-4.97219228745,-5.43160152435,-5.82276821136,-5.78470659256,-7.82699680328],"mean":[-6.73227357864,-6.40679931641,-7.04206895828,-7.55070924759,-7.1905169487,-10.0340337753],"median":[-6.64309120178,-6.31378030777,-6.97349357605,-7.42823553085,-7.03355073929,-9.92463302612],"min":[-11.4415903091,-12.7499895096,-12.2380113602,-12.8472614288,-13.5638465881,-15.0400972366],"var":[0.347950935364,0.370651841164,0.394681960344,0.467222571373,0.560646295547,1.00512897968]},"spectral_decrease":{"dmean":2.12435313784e-9,"dmean2":3.45290551707e-9,"dvar":7.78932656348e-18,"dvar2":2.09581693011e-17,"max":-9.87719359969e-15,"mean":-8.39582892098e-9,"median":-7.52886730737e-9,"min":-4.02408844025e-8,"var":2.12377629656e-17},"spectral_energy":{"dmean":0.00824188347906,"dmean2":0.0133759109303,"dvar":0.000114081594802,"dvar2":0.000306271045702,"max":0.154845073819,"mean":0.0338114574552,"median":0.0304854623973,"min":4.09338376528e-8,"var":0.00033138768049},"spectral_energyband_high":{"dmean":0.000315750046866,"dmean2":0.000492395658512,"dvar":2.55641737112e-7,"dvar2":6.07988283718e-7,"max":0.00986293517053,"mean":0.00117917649914,"median":0.000912498042453,"min":9.63058854886e-10,"var":0.00000115785576327},"spectral_energyband_low":{"dmean":0.00579664064571,"dmean2":0.00946178752929,"dvar":0.0000958771488513,"dvar2":0.000259697757429,"max":0.142528027296,"mean":0.0153953256086,"median":0.0125056607649,"min":7.57809193175e-9,"var":0.000190864055185},"spectral_energyband_middle_high":{"dmean":0.0016117679188,"dmean2":0.00251077208668,"dvar":0.00000724850497136,"dvar2":0.0000178567443072,"max":0.0666703954339,"mean":0.00651682075113,"median":0.00410911859944,"min":1.79209465045e-8,"var":0.0000496778920933},"spectral_energyband_middle_low":{"dmean":0.00409671571106,"dmean2":0.00662240060046,"dvar":0.000035089226003,"dvar2":0.0000896133351489,"max":0.0979655012488,"mean":0.0122227622196,"median":0.0101082632318,"min":1.65945888142e-8,"var":0.0000806473544799},"spectral_entropy":{"dmean":0.0946122482419,"dmean2":0.147756248713,"dvar":0.00887413974851,"dvar2":0.0207183789462,"max":8.5065870285,"mean":7.66637039185,"median":7.6907324791,"min":6.05889749527,"var":0.109126113355},"spectral_flux":{"dmean":0.0188383497298,"dmean2":0.0305074341595,"dvar":0.000441328302259,"dvar2":0.00111497286707,"max":0.251306146383,"mean":0.0822456553578,"median":0.0781631469727,"min":0.00275023165159,"var":0.00148573925253},"spectral_kurtosis":{"dmean":1.10607516766,"dmean2":1.91031968594,"dvar":1.87786328793,"dvar2":5.1991944313,"max":33.3383674622,"mean":2.9566090107,"median":2.44135713577,"min":-0.908856153488,"var":6.60240459442},"spectral_rms":{"dmean":0.000650508853141,"dmean2":0.00104342808481,"dvar":5.46587330064e-7,"dvar2":0.00000145918249927,"max":0.0122909871861,"mean":0.00552592705935,"median":0.00545361451805,"min":0.00000631945022178,"var":0.00000245079172601},"spectral_rolloff":{"dmean":379.268585205,"dmean2":640.72064209,"dvar":369285,"dvar2":908681.8125,"max":9345.41015625,"mean":1252.75317383,"median":990.52734375,"min":64.599609375,"var":1052554.125},"spectral_skewness":{"dmean":0.154923215508,"dmean2":0.258036494255,"dvar":0.0228185709566,"dvar2":0.0602478310466,"max":4.14522075653,"mean":1.18652284145,"median":1.12610161304,"min":0.138011112809,"var":0.16981472075},"spectral_spread":{"dmean":274799.625,"dmean2":406112.65625,"dvar":141171539968,"dvar2":209556701184,"max":21987418,"mean":4314950.5,"median":4161491,"min":1729163.375,"var":1218772598780},"spectral_strongpeak":{"dmean":0.474573999643,"dmean2":0.830087542534,"dvar":1.07989919186,"dvar2":2.85458564758,"max":12.756565094,"mean":0.871645748615,"median":0.360821455717,"min":0.0000494970990985,"var":1.84543144703},"zerocrossingrate":{"dmean":0.00682715279981,"dmean2":0.00847874395549,"dvar":0.000050348793593,"dvar2":0.0000657670025248,"max":0.248046875,"mean":0.0543927364051,"median":0.0537109375,"min":0.0029296875,"var":0.000634847907349}},"metadata":{"audio_properties":{"analysis_sample_rate":44100,"bit_rate":0,"codec":"flac","downmix":"mix","equal_loudness":0,"length":296.826660156,"lossless":true,"md5_encoded":"89cb5099266507858b3e726e52120037","replay_gain":-13.6251945496,"sample_rate":44100},"tags":{"album":["Nostradamus (disc 2)"],"albumartist":["Judas Priest"],"albumartistsort":["Judas Priest"],"analysis":["MusicMagic DataAgECJ/erukCiVKaMgX96D11wgAGEkoiW6U+dGmFUllgAg7M0mn31L6ssuTikyr+4gimAASagpWEht8CWhAfaxvqH1pSwQvW+gAKAAbSLrSe2fITu/n5JGJ4EhS2IUfOQmwhLiI8R892XaY4h79CtLriXpwykcYLLg6oDJsYYGMvAnITGyuMBjvjjqg/bMYAvgAE="],"artist":["Judas Priest"],"artistsort":["Judas Priest"],"asin":["B0018C1DQ4"],"barcode":["886973155929"],"catalognumber":["88697315592"],"date":["2008-06-16"],"discid":["940af40a"],"discnumber":["2"],"file_name":"07 New Beginnings.flac","fingerprint":["MusicMagic FingerprintAR7nWUoe0SgEGDQZShG7EQEROA+BEfENVQqkEzENMg10CMsMygYdCYUPiQsnCb0JLwgXBX0E5QTzBg8FsQQBAxUDGgMeAnUCZAJQAh8BzwHolQL7kfPGOtb/GQRuCxQOvP4WBvkPGPzuA7ELCvqYC6QJjACN/cIHKwj0Ay0EBQN4BJADTQIxAigCxAK4AmECmAKWAasBkwGoAO4BDgDNAOol1qcnDUkfXhCoFUQL9wnADb0achdbDjYGxxd2EUYYcAyHDcAHrg3gFLQQTQuuCYYIdwW8AtwFBwcJB1oD9AG8AdgCLAHjAYkBWwEcAUcBTNFTALYnyKSIBpogoP6YC74TWw58BkgTvwUhCUkcRA1JA1YOXwPw/roQ7gnHBn4JzwYOBVwCogL+BasFNwJxABT/iQCKAAEAWABxACkAHwCtAbsKz5uc508jCP/8EL3taia5D3wJiQEsDKYgvgNm9qcFOhY8AdECvwJGAUoBsf/eA2oBHv/tAEH/1f9V/pcAE//c/5f/4AAZAE0ARACDAK/1pO80HuAS0S2wJOEANfYRI/zXx9q8DZ0MYw0p6MjBhe2IHPP/AvSz7qz1ePvO/GX72v6e/q79lvrN+Jv7ogBQAFEAPADfATsAwABsAJgA0AheAiru6P9gxeQGqvP7FHQSk8MZ8vIa5A97AMPgghLZMkcnvg5E+EUb+w6F/NMFfQG5AYgCFgTFA6gFrQKE/y3+3wAeABb/HP7l/vr/Z/8NQzw3Hw=="],"format":["CD"],"genre":["Heavy Metal"],"label":["Columbia Records"],"language":["eng"],"musicbrainz_albumartistid":["6b335658-22c8-485d-93de-0bc29a1d0349"],"musicbrainz_albumid":["cad20d93-766c-4d35-a3a7-3218ba29185b"],"musicbrainz_artistid":["6b335658-22c8-485d-93de-0bc29a1d0349"],"music