{"lowlevel":{"average_loudness":0.84189003706,"barkbands":{"dmean":[0.00011222105968,0.00181591138244,0.00220891879871,0.00226489151828,0.00422504078597,0.0014527158346,0.00102940958459,0.00113765720744,0.000581755768508,0.000684353872202,0.000190616730833,0.000305350142298,0.000293816847261,0.000267721159616,0.000106268336822,0.00014803398517,0.0000981705088634,0.000097473472124,0.0000572597818973,0.0000199133755814,0.0000208963010664,0.0000200224367291,0.0000185143762792,0.0000209905101656,0.0000309921379085,0.0000139173607749,1.25313781574e-9],"dmean2":[0.000197021377971,0.00307965325192,0.0039241714403,0.0038917392958,0.00682927528396,0.00226106285118,0.00158928171732,0.00166801386513,0.000886850466486,0.00103186117485,0.000299045961583,0.000483503565192,0.000467351113912,0.000405392871471,0.000171900697751,0.000231539874221,0.00015639301273,0.00015252038429,0.0000862491579028,0.000030500410503,0.0000308871785819,0.0000281279790215,0.000025412060495,0.000027708523703,0.000041468803829,0.0000196503369807,2.31821806196e-9],"dvar":[3.83010032579e-8,0.0000139128251249,0.0000210241214518,0.0000156672158482,0.0000372582799173,0.00000603349462835,0.00000865803031047,0.00000877651109477,0.00000251459596257,0.00000265274411504,1.52213587512e-7,3.56228525789e-7,3.5082530303e-7,4.0559123704e-7,3.03634912768e-8,1.24486305708e-7,3.29524532106e-8,3.29729346049e-8,2.4928400677e-8,3.97358146387e-9,5.86167248073e-9,5.91048365806e-9,5.82872816679e-9,1.01613029102e-8,1.77122654321e-8,2.85571499781e-9,3.31772734516e-18],"dvar2":[1.08605306082e-7,0.0000370149537048,0.0000613260563114,0.0000435708243458,0.0000965373765212,0.0000133630828714,0.0000206505173992,0.0000194006333913,0.00000608964001003,0.00000620422497377,3.61397525239e-7,8.82667336555e-7,9.15060468287e-7,9.09130108084e-7,7.44315897805e-8,2.65191772542e-7,7.65737908637e-8,8.05283661975e-8,4.96874221767e-8,9.98396298968e-9,1.218869361e-8,1.1362236485e-8,9.81565051461e-9,1.52658810038e-8,2.81698593341e-8,5.72457947712e-9,1.05416956055e-17],"max":[0.00818057078868,0.0558598339558,0.0962982922792,0.0580923333764,0.0927609950304,0.0605065077543,0.0812932252884,0.0682640150189,0.0492895506322,0.0433197207749,0.0114533212036,0.0176073778421,0.0145225618035,0.0337705723941,0.00576479779556,0.0266782492399,0.00474590994418,0.00472173653543,0.00907556526363,0.00372400670312,0.00369841698557,0.00274537177756,0.00394265912473,0.00539264641702,0.00469556590542,0.00165772601031,2.15674234028e-8],"mean":[0.000114799986477,0.00258461595513,0.00331369740888,0.00349402078427,0.00837734341621,0.00296052685007,0.00176339549944,0.00199433835223,0.00110440014396,0.0013281366555,0.000351650465745,0.000551247445401,0.000533819082193,0.000492190883961,0.000191237137187,0.00029140454717,0.000169127437402,0.000176706438651,0.0001052331354,0.0000345651678799,0.0000344571672031,0.0000350929731212,0.000035096094507,0.0000382215475838,0.000054490948969,0.0000225366875384,1.07324482634e-9],"median":[0.0000484522752231,0.00144071946852,0.0017077998491,0.00154145737179,0.00532751437277,0.00145531690214,0.000595279037952,0.000418175448431,0.000463964388473,0.000598681217525,0.000164681885508,0.000275356054772,0.000311386073008,0.000148474849993,0.000113708891149,0.000127564417198,0.0000892982352525,0.0000861617008923,0.0000521842121088,0.0000150267042045,0.0000119696342153,0.0000101747418739,0.0000102642561615,0.00000895686480362,0.0000103286029116,0.00000431929720435,4.21547852181e-10],"min":[9.67062532672e-24,1.49879659242e-23,4.61808135376e-23,2.12371058675e-24,1.78543235777e-23,5.83181012076e-23,4.5066298229e-23,7.08321551568e-23,2.38790231272e-23,1.70142024909e-22,5.3341322907e-23,9.82471857605e-23,7.26102918134e-23,1.1437268911e-22,1.35222989654e-22,1.4907211811e-22,2.57285356029e-22,1.75389893682e-22,4.14264510982e-22,3.10575270448e-22,4.71439028935e-22,4.73831410557e-22,9.06214731246e-22,9.0316167546e-22,1.37344323719e-21,1.92819900338e-21,2.24770094811e-21],"var":[4.55086777151e-8,0.0000144231271406,0.0000223958068091,0.0000289239724225,0.0000946316868067,0.0000214684805542,0.0000172524269146,0.0000222736980504,0.00000534935861651,0.00000653082270219,3.92702730778e-7,8.16438330276e-7,6.57146301819e-7,0.00000106969639546,6.68313475671e-8,4.81324775592e-7,6.40303952082e-8,7.01309943452e-8,5.7134759146e-8,5.25886223457e-9,1.04728634653e-8,1.44634748622e-8,1.70129936805e-8,3.56527252166e-8,5.67622109315e-8,6.30612673191e-9,2.77790472791e-18]},"barkbands_crest":{"dmean":2.40350437164,"dmean2":3.95923399925,"dvar":4.42923974991,"dvar2":11.758313179,"max":24.8317623138,"mean":9.91049861908,"median":9.24241924286,"min":2.8999915123,"var":13.2165126801},"barkbands_flatness_db":{"dmean":0.0201164055616,"dmean2":0.0313721932471,"dvar":0.000321641680785,"dvar2":0.000758932554163,"max":0.362878024578,"mean":0.172438532114,"median":0.172383084893,"min":0.0613843910396,"var":0.00138049956877},"barkbands_kurtosis":{"dmean":3.12335205078,"dmean2":5.03456497192,"dvar":46.7426795959,"dvar2":130.247161865,"max":313.543182373,"mean":5.74141454697,"median":3.65672492981,"min":-1.88402581215,"var":93.0241775513},"barkbands_skewness":{"dmean":0.502592146397,"dmean2":0.78532063961,"dvar":0.254566282034,"dvar2":0.625674247742,"max":15.7795200348,"mean":1.76558530331,"median":1.71220588684,"min":-1.82248556614,"var":1.28972315788},"barkbands_spread":{"dmean":3.46046853065,"dmean2":5.25271606445,"dvar":22.5879001617,"dvar2":43.7739181519,"max":102.32989502,"mean":13.5932149887,"median":11.5416231155,"min":1.0537583828,"var":80.9142303467},"dissonance":{"dmean":0.0232146047056,"dmean2":0.0387388914824,"dvar":0.000430707004853,"dvar2":0.0011668864172,"max":0.500000059605,"mean":0.448543280363,"median":0.455013096333,"min":0.221987888217,"var":0.00102502841037},"dynamic_complexity":3.75070881844,"erbbands":{"dmean":[0.0328935720026,0.48803538084,2.02879810333,5.13801050186,11.3974685669,15.1238250732,14.5825147629,12.5507268906,14.2058544159,17.1221847534,20.6132469177,14.727183342,18.6052913666,14.5582199097,9.76369571686,10.5401210785,14.0228614807,10.8579149246,7.8967871666,5.33728837967,7.93501663208,5.36251831055,4.76949119568,3.79405331612,1.77465796471,0.920518398285,0.859246909618,0.838085472584,0.714030504227,0.679646193981,0.517043352127,0.436229795218,0.366224884987,0.343631148338,0.234521120787,0.104404650629,0.015682272613,0.000320529507007,0.0000157701906573,0.000010637775631],"dmean2":[0.0547360628843,0.833289325237,3.61854982376,8.94161891937,19.0860958099,24.4319725037,22.30626297,19.9061164856,22.2780990601,25.5931339264,30.1265773773,22.3071918488,28.042640686,22.1803855896,15.1903238297,16.8525695801,22.1670951843,16.5414237976,12.3360643387,8.40503787994,12.3264369965,8.45810890198,7.44619369507,5.75052785873,2.70078635216,1.40722537041,1.29712092876,1.20607233047,1.01514649391,0.951272368431,0.716712474823,0.584108769894,0.494347453117,0.455232024193,0.325852155685,0.14450930059,0.0226233974099,0.000458618684206,0.0000219700505113,0.0000165953133546],"dvar":[0.00392116978765,1.05671072006,19.3210391998,82.4966125488,394.889007568,599.927612305,712.700378418,545.047424316,1675.71582031,1599.83166504,2849.10864258,1713.84899902,2656.96020508,1155.08642578,349.120361328,576.826293945,987.388183594,540.154052734,192.832229614,74.3170089722,366.602722168,82.9228515625,75.5877609253,89.9993209839,24.6655483246,8.6696767807,9.52488231659,9.99861812592,6.997153759,7.45522356033,4.50693798065,4.33307933807,3.23704528809,2.66622567177,0.985784769058,0.165654808283,0.00341106532142,0.00000139781866437,2.36840391743e-9,1.85068030345e-10],"dvar2":[0.00998180080205,2.85669136047,56.1301612854,238.742218018,1064.88818359,1524.89868164,1603.6105957,1245.30334473,4207.42138672,3464.70800781,6293.29931641,4064.02197266,6166.51367188,2720.44262695,861.287719727,1369.45568848,2576.6003418,1246.94921875,446.095153809,174.828414917,776.458618164,193.161193848,183.271652222,184.514053345,52.520614624,21.7828083038,22.4783802032,19.9859294891,13.2559766769,14.7404127121,7.68922901154,6.32028341293,5.40475034714,3.89317965508,1.90203404427,0.321578800678,0.0069731771946,0.00000279007826975,4.40466951801e-9,4.41844477672e-10],"max":[0.885789752007,15.2376308441,89.9785995483,138.21081543,289.410705566,408.261199951,892.740783691,491.662017822,1002.73876953,1075.85095215,1162.23828125,1491.89233398,1474.80578613,1131.49804688,513.267822266,865.537475586,809.901794434,1154.25048828,659.763366699,256.997802734,1582.52624512,192.0884552,200.61706543,456.23059082,306.442016602,174.441329956,168.931030273,143.342102051,96.8048782349,125.636459351,104.896362305,111.753852844,94.6234588623,70.3899230957,31.805934906,12.9991369247,1.86130821705,0.0350698679686,0.00148272712249,0.000232831705944],"mean":[0.048677124083,0.701298415661,3.02917933464,8.55322551727,19.4743938446,28.6694736481,31.3186798096,23.674446106,24.7164993286,31.5227432251,38.759147644,29.0505084991,37.9714126587,28.386007309,18.932346344,20.0821647644,26.3013896942,22.3164367676,16.0301475525,11.6073732376,15.9389801025,10.3842821121,8.91378688812,7.22327947617,3.35598802567,1.64020502567,1.42343914509,1.35173952579,1.22128605843,1.18622684479,0.976895570755,0.812493443489,0.637011885643,0.587541937828,0.390258938074,0.17179967463,0.0242337249219,0.000508164463099,0.0000370378147636,0.0000366939348169],"median":[0.025994701311,0.408537775278,1.81926441193,4.94268798828,8.29943656921,16.635225296,14.8890924454,12.0700931549,10.0766239166,10.8267583847,9.57102680206,12.3917341232,16.8066368103,13.4794521332,10.4798221588,9.92556762695,14.4611091614,10.3551197052,9.51051712036,7.0163192749,7.14307355881,5.92814350128,4.76886892319,3.62591695786,1.7378371954,0.738426744938,0.543471455574,0.417513310909,0.35352241993,0.348243355751,0.283497810364,0.194902062416,0.139738768339,0.105134442449,0.0779887065291,0.0345746055245,0.00393486442044,0.0000881550222402,0.0000210330272239,0.0000331397422997],"min":[4.84058077115e-22,4.20633417997e-21,4.36870593758e-20,2.97852939802e-20,2.0946125965e-20,9.12709019939e-20,2.71492671159e-19,4.87176035075e-19,2.47703215236e-19,1.25015187076e-18,1.52823737819e-18,6.75828273947e-19,3.97289140663e-18,3.69587937283e-18,3.61202807414e-18,3.03970304908e-18,3.56486223561e-18,6.3448500111e-18,6.72615752602e-18,6.08286123159e-18,1.03441475044e-17,1.39464206376e-17,1.04710973946e-17,1.49567936317e-17,2.03038760541e-17,1.56007735909e-17,1.80442072177e-17,1.83192811674e-17,1.6298745283e-17,2.02853521714e-17,2.77612467659e-17,1.97322429656e-17,1.55753278609e-17,1.32759783434e-17,1.16319237887e-17,6.70775110303e-18,4.09177463145e-18,1.18395343352e-18,2.77329257561e-19,3.43520515134e-20],"var":[0.00482349656522,1.0356388092,18.2754383087,119.36806488,854.710021973,1439.03552246,2823.91088867,1278.16430664,2892.36035156,4177.12353516,8193.44335938,3749.21142578,6616.94726563,2858.2019043,826.466064453,1392.38354492,1817.95812988,1381.6932373,541.632141113,222.644989014,1472.08984375,184.441223145,152.293365479,212.279022217,50.2904472351,11.3959302902,13.6857872009,19.4088115692,17.1270828247,17.7657794952,13.0442380905,15.7483119965,10.1075172424,8.77044677734,2.42423725128,0.379891246557,0.00741655286402,0.00000320192521031,6.43920561316e-9,6.6476030236e-10]},"erbbands_crest":{"dmean":2.3934841156,"dmean2":3.80997896194,"dvar":4.95905828476,"dvar2":12.3248090744,"max":29.1779537201,"mean":9.01158428192,"median":8.05562400818,"min":2.50217103958,"var":14.9763917923},"erbbands_flatness_db":{"dmean":0.016038607806,"dmean2":0.0224629994482,"dvar":0.000230512523558,"dvar2":0.000421550212195,"max":0.340844929218,"mean":0.177820384502,"median":0.17588070035,"min":0.0318382680416,"var":0.00176399049815},"erbbands_kurtosis":{"dmean":0.867120146751,"dmean2":1.36868166924,"dvar":1.18860113621,"dvar2":2.89516568184,"max":20.6117324829,"mean":0.607454299927,"median":0.137755587697,"min":-1.69276630878,"var":3.13990354538},"erbbands_skewness":{"dmean":0.328684419394,"dmean2":0.501482725143,"dvar":0.0805232971907,"dvar2":0.188349753618,"max":3.82959127426,"mean":0.462505489588,"median":0.48436024785,"min":-3.56405091286,"var":0.485371261835},"erbbands_spread":{"dmean":5.94883203506,"dmean2":8.77783966064,"dvar":42.910774231,"dvar2":86.3870925903,"max":148.258712769,"mean":30.5096321106,"median":28.7886486053,"min":3.92381548882,"var":189.930969238},"gfcc":{"cov":[[9770.94042969,-424.407501221,230.988983154,-2.3002102375,-591.171813965,-0.614687919617,-384.205352783,130.502944946,-458.093475342,-26.700843811,-290.377258301,-24.3684005737,-262.363708496],[-424.407501221,800.468688965,-285.009216309,-108.376266479,199.307952881,-133.140228271,124.000213623,-104.738456726,110.580436707,-121.071083069,113.443473816,-101.965744019,86.9128112793],[230.988983154,-285.009216309,715.663818359,60.6406211853,-117.274551392,189.732437134,-83.0691299438,81.3146286011,-134.348754883,19.6165142059,-95.6767654419,34.1120986938,-99.5985717773],[-2.3002102375,-108.376266479,60.6406211853,286.01965332,51.0182571411,15.3647975922,15.3482627869,-13.2640352249,7.40185403824,-11.0790138245,-13.3218078613,4.45652151108,9.47978591919],[-591.171813965,199.307952881,-117.274551392,51.0182571411,236.393264771,-10.0580406189,54.3313903809,-34.9134368896,58.3905982971,-14.0854024887,35.4348297119,-18.2885837555,50.1916351318],[-0.614687919617,-133.140228271,189.732437134,15.3647975922,-10.0580406189,198.289703369,20.4482765198,43.3918228149,-23.5172462463,22.7182369232,-31.4565505981,2.49286603928,-23.3258876801],[-384.205352783,124.000213623,-83.0691299438,15.3482627869,54.3313903809,20.4482765198,128.809524536,8.97709560394,39.542755127,-22.2982006073,27.3263454437,-19.6465549469,23.8706569672],[130.502944946,-104.738456726,81.3146286011,-13.2640352249,-34.9134368896,43.3918228149,8.97709560394,107.612915039,-4.53082609177,18.6246147156,-23.0530261993,19.5857448578,-27.4565029144],[-458.093475342,110.580436707,-134.348754883,7.40185403824,58.3905982971,-23.5172462463,39.542755127,-4.53082609177,128.747314453,17.6445789337,37.849155426,-17.3146629333,32.568687439],[-26.700843811,-121.071083069,19.6165142059,-11.0790138245,-14.0854024887,22.7182369232,-22.2982006073,18.6246147156,17.6445789337,90.6622467041,7.6865811348,19.9755420685,-14.9251937866],[-290.377258301,113.443473816,-95.6767654419,-13.3218078613,35.4348297119,-31.4565505981,27.3263454437,-23.0530261993,37.849155426,7.6865811348,82.2973937988,6.36864089966,21.7933158875],[-24.3684005737,-101.965744019,34.1120986938,4.45652151108,-18.2885837555,2.49286603928,-19.6465549469,19.5857448578,-17.3146629333,19.9755420685,6.36864089966,70.0345458984,13.2778720856],[-262.363708496,86.9128112793,-99.5985717773,9.47978591919,50.1916351318,-23.3258876801,23.8706569672,-27.4565029144,32.568687439,-14.9251937866,21.7933158875,13.2778720856,78.3779525757]],"icov":[[0.000203956937185,-0.000500388734508,0.000391143141314,-0.000428271072451,0.000565359776374,-0.000325046275975,0.000682920741383,-0.000444928300567,0.000787286728155,-0.000423014978878,0.000659912766423,-0.000166322657606,0.000400805147365],[-0.000500388734508,0.0066487970762,-0.00223275320604,0.0038882244844,-0.00404761265963,0.00330569921061,-0.00364141515456,0.00232155644335,-0.00369377620518,0.00624995538965,-0.00649641593918,0.00603035418317,-0.00334746181034],[0.000391143141314,-0.00223275320604,0.00402949750423,-0.00217374879867,0.00196227314882,-0.00358141632751,0.00317848101258,-0.00181792059448,0.00319182430394,-0.00141734723002,0.00301793939434,-0.00259544071741,0.00324559677392],[-0.000428271072451,0.0038882244844,-0.00217374879867,0.00638701859862,-0.00352768390439,0.00224559917115,-0.00329350493848,0.00271485419944,-0.00340328132734,0.00395204499364,-0.00260594510473,0.00210166745819,-0.00186325167306],[0.000565359776374,-0.00404761265963,0.00196227314882,-0.00352768390439,0.00878400076181,-0.00267285411246,0.00187654595356,-0.00105796009302,0.00198749708943,-0.00362735474482,0.00317140878178,-0.00195435783826,-0.000128948202473],[-0.000325046275975,0.00330569921061,-0.00358141632751,0.00224559917115,-0.00267285411246,0.0100350985304,-0.00526799075305,0.000273394078249,-0.00153738900553,0.000210242331377,-0.00158625037875,0.00391189847142,-0.00272083817981],[0.000682920741383,-0.00364141515456,0.00317848101258,-0.00329350493848,0.00187654595356,-0.00526799075305,0.0156990457326,-0.00587352132425,0.00230937940069,0.000368868815713,-0.000302176427795,0.000773650419433,0.000216614105739],[-0.000444928300567,0.00232155644335,-0.00181792059448,0.00271485419944,-0.00105796009302,0.000273394078249,-0.00587352132425,0.0157951470464,-0.00527866045013,0.00142468116246,0.00208703288808,-0.00509652681649,0.00412651756778],[0.000787286728155,-0.00369377620518,0.00319182430394,-0.00340328132734,0.00198749708943,-0.00153738900553,0.00230937940069,-0.00527866045013,0.0171415638179,-0.00794310402125,0.00059508276172,0.00316404830664,-0.0024207374081],[-0.000423014978878,0.00624995538965,-0.00141734723002,0.00395204499364,-0.00362735474482,0.000210242331377,0.000368868815713,0.00142468116246,-0.00794310402125,0.0216496121138,-0.00805874262005,0.000405357102863,0.001741929329],[0.000659912766423,-0.00649641593918,0.00301793939434,-0.00260594510473,0.00317140878178,-0.00158625037875,-0.000302176427795,0.00208703288808,0.00059508276172,-0.00805874262005,0.0252596419305,-0.0111083062366,0.00495963497087],[-0.000166322657606,0.00603035418317,-0.00259544071741,0.00210166745819,-0.00195435783826,0.00391189847142,0.000773650419433,-0.00509652681649,0.00316404830664,0.000405357102863,-0.0111083062366,0.0293647106737,-0.0135248489678],[0.000400805147365,-0.00334746181034,0.00324559677392,-0.00186325167306,-0.000128948202473,-0.00272083817981,0.000216614105739,0.00412651756778,-0.0024207374081,0.001741929329,0.00495963497087,-0.0135248489678,0.0250642225146]],"mean":[-27.8324604034,130.620834351,-114.933448792,19.0293216705,-54.7657051086,15.1810531616,-50.395690918,8.87052726746,-28.9450893402,-3.82254958153,-16.0536689758,-1.74372446537,-8.59675598145]},"hfc":{"dmean":3.59736847878,"dmean2":5.1420712471,"dvar":23.5926990509,"dvar2":43.4457626343,"max":137.684906006,"mean":14.5563440323,"median":12.1325654984,"min":1.22180902751e-16,"var":129.349975586},"melbands":{"dmean":[0.000409171159845,0.000895516597666,0.00103835971095,0.000923434214201,0.000558496976737,0.000273159646895,0.000216756321606,0.000210326397792,0.000162908501807,0.0000875230689417,0.0000958577365964,0.000063815881731,0.0000292087443086,0.0000320996769005,0.0000292439035547,0.0000279358246189,0.0000238593183894,0.0000168844107975,0.00000856355018186,0.00000976089449978,0.00000859866304381,0.00000658401586406,0.00000647275282972,0.00000337927895089,0.00000340693463841,0.00000177796346179,8.56322060372e-7,6.20384412287e-7,5.64920014767e-7,5.2952407259e-7,5.13182499162e-7,4.26104037388e-7,4.07648002465e-7,3.86891343851e-7,3.21465222441e-7,2.7519104151e-7,2.81416930648e-7,2.49230595273e-7,2.99830787753e-7,3.01287684579e-7],"dmean2":[0.000685047241859,0.00156828784384,0.00177831761539,0.00151137122884,0.000865152804181,0.00043121696217,0.000337586330716,0.000313161552185,0.00023794878507,0.000133591369377,0.000144689445733,0.000097237090813,0.0000453827160527,0.0000507641489094,0.0000464277509309,0.0000447376296506,0.0000361936727131,0.0000260807992163,0.0000138210243676,0.000015406843886,0.0000133147050292,0.000010567409845,0.0000103567053884,0.00000527965994479,0.00000521453148394,0.00000274651142718,0.00000133264802571,9.74779709395e-7,8.78648563685e-7,8.02930799182e-7,7.54005782255e-7,6.19583204298e-7,5.94753259975e-7,5.59993509341e-7,4.57473220195e-7,3.83061518505e-7,3.86968736166e-7,3.4521920611e-7,4.10331352896e-7,4.08965007637e-7],"dvar":[6.53472625345e-7,0.00000356820260095,0.00000294181450045,0.00000206886443266,9.01025259736e-7,2.32302411973e-7,3.84727599112e-7,2.63893156216e-7,1.74171418621e-7,6.13207689071e-8,7.0969761623e-8,2.12276098921e-8,2.97995850218e-9,3.7005307707e-9,3.11612557979e-9,3.46316619826e-9,3.0578841681e-9,1.18162879481e-9,2.27373495032e-10,4.73724004468e-10,3.75045411394e-10,1.46704037807e-10,1.56209614688e-10,4.73033834325e-11,7.84792439368e-11,2.50150143655e-11,6.14402625998e-12,3.81075032641e-12,3.79878463755e-12,4.41879302246e-12,4.1522657708e-12,2.47730785538e-12,2.54085034262e-12,2.54750669344e-12,1.7928553607e-12,1.33069575324e-12,2.04193216155e-12,1.49859909638e-12,2.56802587008e-12,2.04708862708e-12],"dvar2":[0.00000170198552496,0.0000100915012808,0.00000824802555144,0.00000537659707334,0.0000021309560907,5.37552011792e-7,9.48695969782e-7,5.78324488743e-7,3.82777699315e-7,1.4558959549e-7,1.64149312809e-7,5.03033028565e-8,7.28326821076e-9,9.1073859565e-9,7.61886287393e-9,9.06007446844e-9,6.975886091e-9,2.67504751683e-9,5.46573453164e-10,1.02987018913e-9,7.94475429888e-10,3.46526446426e-10,4.0068517948e-10,1.10974375522e-10,1.63580315959e-10,5.22039633744e-11,1.49641063429e-11,9.70859850846e-12,9.41571300095e-12,9.40742362482e-12,9.16066614925e-12,5.06725390814e-12,5.01243534526e-12,5.27140570777e-12,3.30688254557e-12,2.21531213512e-12,3.13065263817e-12,2.61708493418e-12,4.41634185819e-12,3.26011656906e-12],"max":[0.0123749198392,0.0358590818942,0.0217862520367,0.0239226818085,0.0272248797119,0.00946744997054,0.0163542050868,0.0110950479284,0.00876406114548,0.00840656552464,0.00764969363809,0.0047183195129,0.00149524293374,0.00135779054835,0.00155062717386,0.00149959104601,0.00283564953133,0.00177176983561,0.000424909056164,0.00135840242729,0.00157519755885,0.000294033961836,0.00031610429869,0.000199715839699,0.000439196475782,0.000331702962285,0.00014360815112,0.000103709258838,0.0000949732493609,0.000114653477794,0.0000716678259778,0.0000576167913096,0.000070746653364,0.0000691354362061,0.0000688694854034,0.0000519855020684,0.0000804718074505,0.0000545377297385,0.0000919626763789,0.0000624164749752],"mean":[0.000606058863923,0.00141568633262,0.00183003849816,0.00174239859916,0.00118368933909,0.000524585775565,0.000377078104066,0.000376619253075,0.000308324641082,0.000165826873854,0.000191006474779,0.000122174693388,0.0000561681845284,0.0000582926440984,0.0000524729657627,0.0000507358163304,0.000045064065489,0.0000320984290738,0.0000155869693117,0.0000194721160369,0.0000169605245901,0.0000108996073322,0.0000105829776658,0.00000606012736171,0.00000605346303928,0.00000304695799969,0.00000148194692429,9.85083715932e-7,8.80651441548e-7,8.20591480988e-7,7.82307495228e-7,6.91120362717e-7,6.71262228025e-7,6.52916753552e-7,5.7188736946e-7,5.0643478744e-7,4.94012226682e-7,4.22224331942e-7,4.87654972403e-7,4.93190782436e-7],"median":[0.00033811936737,0.000942556769587,0.00105745787732,0.00100615690462,0.000611625204328,0.000267732684733,0.000146135032992,0.000117757677799,0.0000765912991483,0.0000706469072611,0.0000800434936536,0.0000573739234824,0.0000303691958834,0.0000293499360851,0.0000283780882455,0.0000272364159173,0.000016155623598,0.0000151775202539,0.00000909378923097,0.0000093464859674,0.00000746423575038,0.00000570875045014,0.00000467070140076,0.00000328762916979,0.00000285099486064,0.00000150340974869,7.03372052158e-7,4.14649491631e-7,3.33576622324e-7,2.77122154557e-7,2.25103747198e-7,1.94048737967e-7,1.91185208109e-7,1.88105460097e-7,1.66319011896e-7,1.34946418484e-7,1.07590132359e-7,9.56512167249e-8,9.00355985323e-8,8.5303881292e-8],"min":[4.58105963816e-24,1.67569233953e-23,5.06012737173e-24,4.03550355207e-24,8.38076122718e-24,1.08201313497e-23,5.2324816466e-24,1.51285740697e-23,1.08264643251e-23,4.05399405725e-24,2.08247367179e-23,1.61796728502e-23,9.32044208228e-24,1.26777749303e-23,4.55632805992e-24,1.07971439429e-23,1.08948096562e-23,1.09183216554e-23,8.182643544e-24,7.92624797258e-24,1.30528238594e-23,1.47591552409e-23,1.190832237e-23,8.50130548438e-24,1.21289659763e-23,1.66289780451e-23,9.22637751908e-24,1.17145520992e-23,1.24763732192e-23,8.94150328013e-24,1.1922619685e-23,9.23308599222e-24,9.29691588351e-24,1.16643639796e-23,1.55879088421e-23,1.41332083121e-23,1.13439310465e-23,9.94171185477e-24,1.07852976187e-23,1.14286973062e-23],"var":[7.41249380098e-7,0.00000347047762261,0.00000541066765436,0.00000498475537825,0.00000306071092382,5.75437468342e-7,6.97049756582e-7,6.56647671349e-7,5.23948642694e-7,1.30892345851e-7,1.76435705157e-7,5.12355491367e-8,7.32056948394e-9,8.5112237258e-9,6.56278942301e-9,6.36754737826e-9,7.66672325625e-9,3.24727400525e-9,5.04739749996e-10,1.6847148121e-9,1.50108581121e-9,2.71471845004e-10,2.77102008006e-10,9.19698969759e-11,1.74489783733e-10,5.25984499011e-11,9.03102245764e-12,4.68941205312e-12,4.77885049241e-12,7.2037111519e-12,7.2959173425e-12,5.60609848474e-12,5.71252854048e-12,5.63884442611e-12,4.45339988844e-12,4.29925669718e-12,7.15741918858e-12,4.45517624528e-12,7.19163704282e-12,6.14945420974e-12]},"melbands_crest":{"dmean":2.97229385376,"dmean2":4.93462324142,"dvar":6.63579034805,"dvar2":17.717092514,"max":36.5721435547,"mean":13.2035160065,"median":12.4474840164,"min":1.92897450924,"var":21.4623622894},"melbands_flatness_db":{"dmean":0.0236045289785,"dmean2":0.0358565859497,"dvar":0.000473935331684,"dvar2":0.00106734130532,"max":0.442820847034,"mean":0.241194337606,"median":0.241623133421,"min":0.00507583189756,"var":0.00233684666455},"melbands_kurtosis":{"dmean":5.58162641525,"dmean2":8.98511600494,"dvar":177.57649231,"dvar2":457.616668701,"max":708.02331543,"mean":11.8215961456,"median":8.03770160675,"min":-1.65143179893,"var":405.75378418},"melbands_skewness":{"dmean":0.615077733994,"dmean2":0.963377714157,"dvar":0.414292097092,"dvar2":0.99118822813,"max":21.307975769,"mean":2.46755051613,"median":2.37476539612,"min":-0.778800427914,"var":2.01540493965},"melbands_spread":{"dmean":3.86276984215,"dmean2":6.01558351517,"dvar":26.286775589,"dvar2":54.4400215149,"max":159.255310059,"mean":14.6296110153,"median":12.1335716248,"min":0.664167881012,"var":107.288330078},"mfcc":{"cov":[[6987.00341797,193.772354126,197.793807983,18.9809055328,-104.803390503,-147.420700073,-140.939941406,5.89028358459,-144.471817017,-93.6861953735,-106.536849976,-65.195854187,-78.3113327026],[193.772354126,974.421508789,-316.630767822,-42.7219429016,14.1825141907,-41.0565567017,-7.3718662262,4.02812480927,-40.7674255371,-5.24687337875,-9.5421037674,-34.1259307861,-23.0761108398],[197.793807983,-316.630767822,686.571533203,-62.5487632751,28.0053482056,24.3828010559,55.93932724,41.29637146,-8.51885509491,-5.55283975601,-18.2077579498,-2.52229905128,5.36974811554],[18.9809055328,-42.7219429016,-62.5487632751,245.389938354,44.8855628967,17.9616146088,-8.53460502625,3.87484693527,10.4974241257,-23.3087081909,-1.47107791901,-13.5106306076,-3.44410419464],[-104.803390503,14.1825141907,28.0053482056,44.8855628967,138.64515686,48.7923126221,11.8306217194,1.56557583809,13.8647947311,3.98609256744,-0.0933672487736,-10.0288105011,-3.81852436066],[-147.420700073,-41.0565567017,24.3828010559,17.9616146088,48.7923126221,129.467102051,39.866809845,1.76430737972,23.9659538269,19.889125824,-1.71653342247,-2.53129458427,1.37715399265],[-140.939941406,-7.3718662262,55.93932724,-8.53460502625,11.8306217194,39.866809845,111.305679321,39.8141136169,11.6125526428,-2.50258851051,6.63139295578,-2.04194831848,-2.95397782326],[5.89028358459,4.02812480927,41.29637146,3.87484693527,1.56557583809,1.76430737972,39.8141136169,88.3866577148,25.8675117493,6.89914512634,-4.87725019455,2.67110776901,-0.892681181431],[-144.471817017,-40.7674255371,-8.51885509491,10.4974241257,13.8647947311,23.9659538269,11.6125526428,25.8675117493,80.0995788574,27.7289066315,-1.22671604156,-2.16709947586,3.44174432755],[-93.6861953735,-5.24687337875,-5.55283975601,-23.3087081909,3.98609256744,19.889125824,-2.50258851051,6.89914512634,27.7289066315,83.1900939941,26.7478713989,8.72935581207,1.39369475842],[-106.536849976,-9.5421037674,-18.2077579498,-1.47107791901,-0.0933672487736,-1.71653342247,6.63139295578,-4.87725019455,-1.22671604156,26.7478713989,60.5125427246,22.5362224579,1.17004048824],[-65.195854187,-34.1259307861,-2.52229905128,-13.5106306076,-10.0288105011,-2.53129458427,-2.04194831848,2.67110776901,-2.16709947586,8.72935581207,22.5362224579,61.1238212585,23.2141914368],[-78.3113327026,-23.0761108398,5.36974811554,-3.44410419464,-3.81852436066,1.37715399265,-2.95397782326,-0.892681181431,3.44174432755,1.39369475842,1.17004048824,23.2141914368,54.5152053833]],"icov":[[0.0001651282073,-0.0000416400835093,-0.0000819212946226,-0.0000589590781601,0.000115105154691,0.0000392976253352,0.000232934835367,-0.00013516425679,0.000245387258474,0.0000088711076387,0.000212936545722,0.0000186292363651,0.00021318202198],[-0.0000416400835093,0.0014177429257,0.000806087977253,0.000520938425325,-0.000650187779684,0.000393005058868,-0.000287617935101,-0.000616283447016,0.00102227705065,-0.000281355052721,0.000241749556153,0.000807334086858,0.00000635183187114],[-0.0000819212946226,0.000806087977253,0.00210761395283,0.000783836701885,-0.000849616539199,0.0000945025531109,-0.000798903987743,-0.000948593136854,0.00102297961712,-0.000179509690497,0.000577495025937,0.000476742337923,-0.000330667826347],[-0.0000589590781601,0.000520938425325,0.000783836701885,0.0050812670961,-0.00165819539689,-0.00067596626468,0.00100423849653,-0.00119181827176,-0.000453392713098,0.00228075985797,-0.0014534991933,0.00148250197526,-0.00031432590913],[0.000115105154691,-0.000650187779684,-0.000849616539199,-0.00165819539689,0.00932863820344,-0.00329840229824,0.000682389654685,0.000263129506493,-0.000952841306571,0.000403281563194,-0.000850141630508,0.000851657474414,0.000352520029992],[0.0000392976253352,0.000393005058868,0.0000945025531109,-0.00067596626468,-0.00329840229824,0.0115531450137,-0.00499535910785,0.00295680272393,-0.00150333624333,-0.00351806217805,0.00311981560662,-0.000919490121305,-0.0000649203939247],[0.000232934835367,-0.000287617935101,-0.000798903987743,0.00100423849653,0.000682389654685,-0.00499535910785,0.0142064923421,-0.00663297204301,0.000174164539203,0.00378458667547,-0.00447720801458,0.001926881494,0.000357993965736],[-0.00013516425679,-0.000616283447016,-0.000948593136854,-0.00119181827176,0.000263129506493,0.00295680272393,-0.00663297204301,0.0167662408203,-0.00530299264938,-0.00191206834279,0.00340660172515,-0.00315987691283,0.00107810646296],[0.000245387258474,0.00102227705065,0.00102297961712,-0.000453392713098,-0.000952841306571,-0.00150333624333,0.000174164539203,-0.00530299264938,0.0181253198534,-0.00596492365003,0.00278197415173,0.00173313019332,-0.00123989430722],[0.0000088711076387,-0.000281355052721,-0.000179509690497,0.00228075985797,0.000403281563194,-0.00351806217805,0.00378458667547,-0.00191206834279,-0.00596492365003,0.0186523273587,-0.00947194732726,0.0011045334395,-0.0000210106791201],[0.000212936545722,0.000241749556153,0.000577495025937,-0.0014534991933,-0.000850141630508,0.00311981560662,-0.00447720801458,0.00340660172515,0.00278197415173,-0.00947194732726,0.0256815701723,-0.00960596837103,0.00354015245102],[0.0000186292363651,0.000807334086858,0.000476742337923,0.00148250197526,0.000851657474414,-0.000919490121305,0.001926881494,-0.00315987691283,0.00173313019332,0.0011045334395,-0.00960596837103,0.0246846787632,-0.00989220105112],[0.00021318202198,0.00000635183187114,-0.000330667826347,-0.00031432590913,0.000352520029992,-0.0000649203939247,0.000357993965736,0.00107810646296,-0.00123989430722,-0.0000210106791201,0.00354015245102,-0.00989220105112,0.0229437574744]],"mean":[-669.591491699,160.45489502,-0.445014834404,10.8914461136,12.557472229,0.775079727173,-3.17228555679,3.36645150185,-5.59402418137,-4.78637266159,-1.29649400711,-5.09837388992,-5.88559007645]},"pitch_salience":{"dmean":0.0667342916131,"dmean2":0.110928304493,"dvar":0.00324179953896,"dvar2":0.00868470966816,"max":0.855041563511,"mean":0.578056693077,"median":0.584082901478,"min":0.0840528532863,"var":0.0103409420699},"silence_rate_20dB":{"dmean":0,"dmean2":0,"dvar":0,"dvar2":0,"max":1,"mean":1,"median":1,"min":1,"var":0},"silence_rate_30dB":{"dmean":0.00212841434404,"dmean2":0.00425720633939,"dvar":0.0021239083726,"dvar2":0.0061904983595,"max":1,"mean":0.998847186565,"median":1,"min":0,"var":0.0011514571961},"silence_rate_60dB":{"dmean":0.00496629998088,"dmean2":0.00993348099291,"dvar":0.00494165671989,"dvar2":0.0116087943316,"max":1,"mean":0.0544471032917,"median":0,"min":0,"var":0.0514824092388},"spectral_centroid":{"dmean":142.305862427,"dmean2":219.674636841,"dvar":33483.65625,"dvar2":63042.4648438,"max":11104.8701172,"mean":769.463256836,"median":674.619812012,"min":202.973724365,"var":147829.640625},"spectral_complexity":{"dmean":2.46115636826,"dmean2":3.85791563988,"dvar":5.73610687256,"dvar2":12.375421524,"max":48,"mean":16.2479381561,"median":16,"min":0,"var":35.9763450623},"spectral_contrast_coeffs":{"dmean":[0.054179739207,0.0456711910665,0.0363889411092,0.0357797071338,0.0265519302338,0.0186218470335],"dmean2":[0.0903525874019,0.0750661864877,0.0589103326201,0.056174993515,0.0415020883083,0.0293451137841],"dvar":[0.00191855162848,0.00130237650592,0.000814184488263,0.000788556877524,0.000453443033621,0.000282433436951],"dvar2":[0.00527004757896,0.00353668653406,0.00210411194712,0.00191465765238,0.00107679923531,0.000642846978735],"max":[-0.283729314804,-0.433099389076,-0.517761945724,-0.44239410758,-0.556444764137,-0.61867660284],"mean":[-0.59183371067,-0.719037592411,-0.74974489212,-0.736712038517,-0.766862213612,-0.796246826649],"median":[-0.589364767075,-0.723527669907,-0.752032220364,-0.743629395962,-0.77125787735,-0.800840675831],"min":[-0.950553953648,-0.965798854828,-0.951099514961,-0.96350055933,-0.960182011127,-0.958234131336],"var":[0.00795833580196,0.00521043920889,0.00336951087229,0.00404553348199,0.00250507565215,0.00143796543125]},"spectral_contrast_valleys":{"dmean":[0.405339181423,0.315318137407,0.290882349014,0.310999572277,0.298659831285,0.293182790279],"dmean2":[0.677534401417,0.518679201603,0.471612006426,0.474418878555,0.410606116056,0.386545985937],"dvar":[0.128759399056,0.0765245184302,0.0670519992709,0.0799495130777,0.0900185331702,0.10857643187],"dvar2":[0.306478261948,0.17369531095,0.143510907888,0.154890298843,0.141747027636,0.163272842765],"max":[-5.11877727509,-4.91208219528,-5.193400383,-5.99383497238,-5.95296907425,-7.55877494812],"mean":[-7.14547729492,-6.61686515808,-7.31903362274,-8.04419136047,-8.38727092743,-10.7886257172],"median":[-6.92066812515,-6.46139955521,-7.17127895355,-7.87428331375,-8.25884437561,-10.6431388855],"min":[-27.5385093689,-27.0779018402,-27.2259197235,-27.2595596313,-27.2060966492,-27.3321666718],"var":[1.02313125134,0.991580426693,0.938119590282,1.04210615158,1.0684158802,1.41146969795]},"spectral_decrease":{"dmean":2.32416308421e-9,"dmean2":3.70165387231e-9,"dvar":9.17848706676e-18,"dvar2":2.30345580748e-17,"max":-5.63368212507e-29,"mean":-7.63916840896e-9,"median":-6.76314071413e-9,"min":-4.69277097181e-8,"var":2.87053278514e-17},"spectral_energy":{"dmean":0.00900242943317,"dmean2":0.0143139064312,"dvar":0.000136116359499,"dvar2":0.000340139202308,"max":0.179760202765,"mean":0.0301523245871,"median":0.0267735142261,"min":1.12947950274e-20,"var":0.000437464885181},"spectral_energyband_high":{"dmean":0.000117699157272,"dmean2":0.000150548250531,"dvar":1.70064652139e-7,"dvar2":2.55683033856e-7,"max":0.0168953500688,"mean":0.000237153522903,"median":0.0000741718831705,"min":8.13894670199e-21,"var":6.0368006416e-7},"spectral_energyband_low":{"dmean":0.00410238979384,"dmean2":0.00701992120594,"dvar":0.0000612496660324,"dvar2":0.000166901532793,"max":0.152877792716,"mean":0.00744198262691,"median":0.00527029996738,"min":6.6458167562e-23,"var":0.000073546601925},"spectral_energyband_middle_high":{"dmean":0.00122560875025,"dmean2":0.00181247328874,"dvar":0.00000367291295333,"dvar2":0.00000802499562269,"max":0.0485752820969,"mean":0.00411804346368,"median":0.0029770208057,"min":1.69227824734e-21,"var":0.0000162746819115},"spectral_energyband_middle_low":{"dmean":0.00698299799114,"dmean2":0.0110817719251,"dvar":0.0000779580004746,"dvar2":0.000192347884877,"max":0.124915197492,"mean":0.0201489962637,"median":0.0163313038647,"min":2.74899824871e-22,"var":0.000276137900073},"spectral_entropy":{"dmean":0.174223124981,"dmean2":0.250043690205,"dvar":0.0282560084015,"dvar2":0.0541884452105,"max":9.7972612381,"mean":7.14381933212,"median":7.12171649933,"min":5.64808940887,"var":0.148145660758},"spectral_flux":{"dmean":0.021099390462,"dmean2":0.0332796722651,"dvar":0.000612140516751,"dvar2":0.00130342354532,"max":0.365932941437,"mean":0.0772145465016,"median":0.0712672695518,"min":1.06276973333e-10,"var":0.00174542947207},"spectral_kurtosis":{"dmean":2.67642617226,"dmean2":4.31945896149,"dvar":8.36477279663,"dvar2":23.013261795,"max":35.8583335876,"mean":8.57589054108,"median":7.74228334427,"min":-1.22273266315,"var":21.0947551727},"spectral_rms":{"dmean":0.000756200402975,"dmean2":0.00118241284508,"dvar":6.80545497289e-7,"dvar2":0.00000162588275998,"max":0.0132429534569,"mean":0.00502964435145,"median":0.00511082215235,"min":3.31953496809e-12,"var":0.00000411961718783},"spectral_rolloff":{"dmean":250.919631958,"dmean2":422.627593994,"dvar":335871.375,"dvar2":667061.75,"max":18626.2207031,"mean":883.915039063,"median":710.595703125,"min":43.06640625,"var":790254.4375},"spectral_skewness":{"dmean":0.288738787174,"dmean2":0.444237142801,"dvar":0.0760548785329,"dvar2":0.181752696633,"max":4.82921648026,"mean":2.25766181946,"median":2.2274055481,"min":-0.00492877466604,"var":0.318443626165},"spectral_spread":{"dmean":490571.15625,"dmean2":685644.4375,"dvar":493625573376,"dvar2":744380432384,"max":41644008,"mean":3870802.5,"median":3595091.25,"min":1373925.375,"var":2239358042110},"spectral_strongpeak":{"dmean":0.464470922947,"dmean2":0.76992559433,"dvar":0.445074945688,"dvar2":1.07489824295,"max":14.6021032333,"mean":0.961139380932,"median":0.626707971096,"min":0,"var":0.997271835804},"zerocrossingrate":{"dmean":0.00663232803345,"dmean2":0.00793475471437,"dvar":0.0000957189404289,"dvar2":0.00010258070688,"max":0.5048828125,"mean":0.039175208658,"median":0.0341796875,"min":0.00634765625,"var":0.000563856679946}},"metadata":{"audio_properties":{"analysis_sample_rate":44100,"bit_rate":128000,"codec":"mp3","downmix":"mix","equal_loudness":0,"length":261.825317383,"lossless":false,"md5_encoded":"020dfa3052fbb64a95bcf39e8940ba99","replay_gain":-5.0636920929,"sample_rate":44100},"tags":{"acoustid_fingerprint":["AQADtFIySaFSIf-h5kQaHe86mCONa8eNk1TxvEfPFP82_GiOfsEpfsgDbckShMnxEz_6Hk2Po2-O5sOPHleQtxAf5citw8nXoNqPM6vQVD16NsXXo4d_C32I2mh-_MOltAhp5UiWbBneoxKPv6hz_MLR87CPG34y9MinIil34skiXOWClhc8Hb2P2_jh5_jxI08PH2-U45JwLcfNJ9CQ_igZolY9PMd59BH-oDFOvCzyaQ1-OOGLi4ce1UGY7sWPH80zlMGfI_-RNITzkcGZ4-gPj0KbLTjxOEF_pLmg5uJRC9GPM1_w5SkeBa_x5JiS7Qi5lEgeL8OlCw19oRdKpYa7b0hzJFs-CffRVB_6xkH9Cs0TBUez_KiPM8aH8B7eM3hwfRAnBSl3jKEWHAnDXQhFHXSPhzU8ZsF1HP2JhD_CFE8TG2eyBsePHlR39BnyI7mY40SVUF-GPseZZUIeQXuI9EenhQSP__ilgT-8I3k6BrlxG_1hHtUv8NLxHblyaE8VmCMRskcOLecRPkvxT8FzN0QpHT1yGT3xKEaPKj6a7yGOH6k64blwIzaP8IuFXCLE5QgfHtdRqkmDZlmCMzjA14P4HNfxiMedRMOlPQhzJKtC_Dge4vnROMqF_kWeQ4_yIZ2UhwH5KjgcPE2S4IlkXA--HOfB5JkU7IEYUXAi6qh1PD0-57CeHrH6HLqC26iTPNDyH_mOH-fxWVh3MOrh8_iFhD9qEeEZo3FyHHzQh0GYoz98rkKoK-j44wp2EVcO-ypqJUfi8ogXp3gffEIzRkmFtnIk4UfMhIHY7fi-DMIHsSHyBW8SXCLqHb6yo8Yd3RgTEk96PGgeFqFESNQRi0cdRR6ayfHx5chRZcoOMduRbrXRI0eyD6eDHk_24NbRwz9BffiRtxmREGWPZ8_wLMNFHvv0oDmqjRSQj1B_nEGeC51yNM_xo_NiNOOPfIXWJFmOMPFy4jke0bg-CY-WVDjC50iW7sU15cIzNzmaiLlQSkxwhUITST8SH2GC68H3oFlp_KiFXIdyUciPHx2oHFOjDHfxo5TMo3nxB7VzYQp7XEmOMD-05-BvTBeeKEOdMEXzo_qDXMdXoWG2C6WVEdeDoz-aBz_yKMmIpg5VaF2O82hOdGXxJMeNx-iK5gmup9Cr4OgHq1mONn6gK0GPHD4eBtWSvLhMxA-ODn-CS0kSIz9cET0dfEGOE5oWpIePn7h0FvkH3R_yFV6iHh-u4HoQqjqhi0ae2_iNJtRRVbh4fG2QjlFwRTrGIn2PK0_wAE23DHUiWXiSBzEU5vhV5EfTLVWCijl-XEbuGLoVhE4OTzpOPM2OyoyNH9-RZMiew93SBPdw6iMeJ-iHWhmOu8F5pEtwnYYehstwg3coNFwH7Tkm8RORp0T34x_-wFKSZLh05ND0pUOYH-OSSCnI7cP14DLSbsaXLMfDC_MPPzFU07gXE3sOPTkyvcOZHM-PUxcqxg_-E9tx5gh_JDiPJzmejD4u49GDydKRLA_y-viJkFmO5EfP4hSDkjyaJY-Q7LoQ5jkuiegzuBWu40YOjYj44zmuHP3RvEfPw89RpxSqxUGj4g6S20SeSNnw7viE5_jhRjkeVHqGJtGfILmkXAidJA-MKg-uLE