{"lowlevel":{"average_loudness":0.901113510132,"barkbands":{"dmean":[0.0000207112261705,0.00136629084591,0.00195248413365,0.00179825304076,0.00246716686524,0.00131059077103,0.000577903410885,0.000546904164366,0.000899660401046,0.000663968850859,0.000407235434977,0.000577957660425,0.000495165411849,0.000560347107239,0.000336587108904,0.00029803274083,0.000352575647412,0.000175769906491,0.000292956625344,0.000301711785141,0.000182907941053,0.000187810845091,0.000123608842841,0.000071229369496,0.0000440649819211,0.0000361922429875,0.00000432290744357],"dmean2":[0.0000339430807799,0.00222214241512,0.00327593763359,0.00308875157498,0.00431528035551,0.0021001950372,0.000913770694751,0.000882178661413,0.00141131679993,0.00105448986869,0.000675040588249,0.00091630523093,0.000780684989877,0.000913114286959,0.000531482161023,0.000474825908896,0.000571039912757,0.000285701098619,0.000478079513414,0.000488165271236,0.00029184736195,0.000300717656501,0.000188601101399,0.000104304024717,0.0000639683421468,0.000057266701333,0.0000068132189881],"dvar":[1.15216869379e-9,0.00000557325984119,0.00000967094183579,0.00000728151371732,0.0000278646548395,0.00000861855460244,0.00000256496605289,0.00000242047372012,0.0000041385728764,0.0000026985749173,0.00000112190491564,0.0000024863386443,0.00000130514786179,0.00000223008601097,4.59538625819e-7,2.3706000718e-7,3.74713238216e-7,6.60352270643e-8,1.41907463558e-7,1.57131751166e-7,7.86746028325e-8,1.69078631984e-7,1.62644994361e-7,7.61067653343e-8,1.28732535742e-8,1.35053737083e-8,9.47963998965e-11],"dvar2":[3.12912540323e-9,0.0000134152005558,0.0000255692539213,0.0000199077203433,0.0000752657579142,0.0000211952119571,0.0000060953098,0.00000577159062232,0.00000944012390391,0.00000653568031339,0.00000289241097562,0.00000631144894214,0.00000296743951367,0.00000542508314538,0.00000104372736587,5.66949950098e-7,9.24669507185e-7,1.60020931617e-7,3.60236583674e-7,4.00600043804e-7,1.92943417687e-7,3.90706134112e-7,3.21591954844e-7,1.40571501106e-7,2.35682904304e-8,3.68492969471e-8,2.34110869579e-10],"max":[0.000339939520927,0.0322337821126,0.053648609668,0.0407314896584,0.0605136267841,0.0510073080659,0.0389860980213,0.0379540883005,0.0426896214485,0.0408556424081,0.0352773554623,0.0390656515956,0.0292095746845,0.0401612408459,0.0149544682354,0.0108467843384,0.0201379321516,0.00587985990569,0.00862781982869,0.00979693513364,0.00569486198947,0.0123542025685,0.0124180288985,0.00991172902286,0.0033777798526,0.00422274693847,0.000180711227586],"mean":[0.0000280860731436,0.00206128577702,0.00289369886741,0.00228410540149,0.00261587672867,0.00193697481882,0.000942159676924,0.000859501189552,0.00170973816421,0.00117451115511,0.000590168288909,0.00101162085775,0.000816648593172,0.000937954988331,0.000586239679251,0.000566981383599,0.000693545269314,0.000384584564017,0.000729742110707,0.00077580177458,0.000450414954685,0.000396755902329,0.000278492050711,0.000163952325238,0.000124215323012,0.0000768087993492,0.00000762137915444],"median":[0.000012880349459,0.0012471107766,0.0013615519274,0.00126356515102,0.00122156227008,0.000628976034932,0.000320212071529,0.000211445134482,0.000529658980668,0.000457356567495,0.000246996176429,0.000336462311679,0.000338942336384,0.000290569558274,0.000290210184176,0.000320141814882,0.000474742351798,0.000300640997011,0.000595842720941,0.000627584056929,0.000356598233338,0.000254935584962,0.000175704626599,0.0000976421142695,0.000090735629783,0.0000452365275123,0.00000371841679225],"min":[7.43150116098e-15,7.54874746153e-15,1.9010184899e-15,6.06723982646e-16,7.87758375699e-16,8.20657294189e-16,6.73567322981e-16,7.30909230048e-16,1.28569161712e-15,1.82459007179e-15,1.15192955052e-15,3.34168156098e-16,4.65732648658e-16,3.1821622283e-16,8.13311453893e-16,9.33026379038e-16,9.8174692007e-17,3.1961538891e-16,3.02018305901e-16,7.42972832102e-16,1.82689146031e-15,3.77715199883e-15,2.52614680442e-15,1.88309336691e-15,4.10801746759e-15,6.09757377037e-15,3.40662882018e-13],"var":[1.54073609426e-9,0.00000747848253013,0.0000164495213539,0.00000945196188695,0.0000220476413233,0.0000134549736686,0.00000547142280993,0.00000664836488795,0.0000146893398778,0.00000601483361606,0.00000158291754815,0.0000064001355895,0.00000290726597996,0.00000632739738649,0.00000101744194581,6.9338227604e-7,7.13872111646e-7,1.34932975016e-7,3.63167032447e-7,3.9472635649e-7,1.60118233339e-7,3.13130101404e-7,3.45816147274e-7,1.79212563012e-7,3.91309669112e-8,1.35065816309e-8,1.2814389827e-10]},"barkbands_crest":{"dmean":2.15305256844,"dmean2":3.51345396042,"dvar":3.66659212112,"dvar2":9.45113182068,"max":24.159538269,"mean":7.66995334625,"median":6.8918390274,"min":2.34130167961,"var":11.8513908386},"barkbands_flatness_db":{"dmean":0.0142136039212,"dmean2":0.0228047538549,"dvar":0.00015407569299,"dvar2":0.000388570886571,"max":0.265592366457,"mean":0.0837559551001,"median":0.0796385109425,"min":0.019821356982,"var":0.000966264575254},"barkbands_kurtosis":{"dmean":0.995842635632,"dmean2":1.62824189663,"dvar":1.79224336147,"dvar2":4.55286121368,"max":38.1330490112,"mean":0.292187482119,"median":-0.278486728668,"min":-1.98121654987,"var":4.95737504959},"barkbands_skewness":{"dmean":0.399166494608,"dmean2":0.629938960075,"dvar":0.135115340352,"dvar2":0.331624209881,"max":5.97750520706,"mean":0.647882044315,"median":0.689049899578,"min":-3.91466259956,"var":0.777504205704},"barkbands_spread":{"dmean":6.41687297821,"dmean2":10.1688718796,"dvar":36.2477493286,"dvar2":85.0573577881,"max":165.603424072,"mean":35.7933883667,"median":33.6972122192,"min":7.69418334961,"var":232.432601929},"dissonance":{"dmean":0.0105082485825,"dmean2":0.0180814154446,"dvar":0.000121459648653,"dvar2":0.000343399879057,"max":0.500000119209,"mean":0.483676463366,"median":0.487719237804,"min":0.365377008915,"var":0.000203633360798},"dynamic_complexity":2.98879003525,"erbbands":{"dmean":[0.0347115769982,0.34671613574,1.74453008175,4.20850610733,9.76687526703,6.21130847931,5.5070605278,13.2142505646,9.15380954742,7.99575853348,13.4557275772,18.5089931488,21.4261436462,17.5527515411,16.3198490143,23.3256759644,20.4503059387,25.9331970215,19.6481246948,14.9682273865,15.6240186691,19.242515564,10.3133077621,9.65121650696,16.611328125,14.5393152237,8.15523910522,7.25952243805,6.85175275803,4.67537021637,3.80499505997,1.74905061722,1.16048705578,0.553357839584,0.339387565851,0.170876249671,0.0727792829275,0.010754131712,0.000724202371202,0.0000314127246384],"dmean2":[0.0561425760388,0.567689180374,2.91871094704,7.17452335358,17.0305938721,10.8974809647,9.05484962463,21.1995124817,14.073012352,13.0523052216,21.3604164124,28.792596817,33.8111763,27.8222064972,26.4102096558,36.4942436218,31.5723247528,41.0031776428,31.4391098022,23.3488273621,24.5971546173,30.8898162842,16.6265907288,15.6399888992,27.2120990753,23.4580535889,13.0719156265,11.5337314606,11.0486984253,7.43917417526,5.78057956696,2.64017963409,1.70485198498,0.808503746986,0.51670974493,0.267321556807,0.117559164762,0.017094604671,0.00112684443593,0.0000475530250696],"dvar":[0.00345779256895,0.362524390221,8.24824810028,34.1581993103,424.634521484,158.48614502,131.420608521,1018.62908936,554.621582031,493.534057617,1523.40490723,1977.06726074,3018.39282227,1904.01379395,1732.4519043,3886.25512695,2137.67333984,5769.83300781,1541.40698242,901.776489258,626.550415039,1225.53405762,230.696289062,175.71131897,476.914916992,359.218292236,126.097991943,157.51260376,206.167755127,157.207260132,173.280029297,44.5729141235,22.2546901703,3.13674998283,0.561030209064,0.320271551609,0.0507146380842,0.00068432133412,0.00000277358935818,3.44654971229e-9],"dvar2":[0.0082534160465,0.89557248354,21.9895534515,93.4359436035,1142.18200684,432.483581543,339.519256592,2492.10400391,1248.13989258,1111.55407715,3661.81054688,4371.26953125,7755.78564453,4599.86669922,4350.57519531,9644.93066406,4667.31591797,13862.5263672,3620.26049805,2069.76196289,1505.13818359,3066.48364258,559.360900879,438.827056885,1210.63183594,903.013427734,317.414489746,373.87701416,492.258728027,345.589538574,350.03793335,85.0876159668,42.2031936646,5.56583690643,1.20664095879,0.862541735172,0.139991223812,0.00173251377419,0.00000671204725222,8.01916311133e-9],"max":[0.775906085968,8.12939167023,47.9605674744,89.7703475952,281.943908691,163.32182312,289.56842041,557.987426758,684.695678711,653.447875977,984.714294434,1013.38574219,1280.30419922,1147.84680176,1690.53308105,1568.69165039,1586.6973877,2056.93945312,915.676940918,925.270080566,592.732910156,1369.40649414,355.847259521,245.374954224,450.62121582,376.358734131,254.399841309,284.550720215,360.152557373,370.893951416,417.543762207,171.225036621,181.351119995,65.0153579712,19.1215114594,17.0386581421,9.40718460083,0.652053892612,0.0301538128406,0.000986009952612],"mean":[0.0510917939246,0.532249867916,2.66174173355,6.20755672455,10.1701002121,6.98299694061,8.16415214539,18.666059494,15.8053026199,12.6246833801,24.2258605957,35.8202362061,41.0689163208,30.9036922455,27.1519775391,42.8158454895,37.3586044312,46.3794822693,36.8220901489,29.3277511597,33.3823318481,40.0488357544,24.2001609802,24.6469306946,41.9536895752,37.7370109558,21.8445510864,17.552936554,14.4758901596,9.79882240295,8.30300045013,3.97712039948,2.59526014328,1.42852079868,0.867539525032,0.387334495783,0.142430305481,0.0194746442139,0.00130193482619,0.0000862329470692],"median":[0.0263204574585,0.335437834263,1.31403374672,4.19549512863,4.4768409729,3.63233089447,3.64390063286,5.42537879944,5.06108045578,5.66821718216,5.76685523987,11.6806402206,16.6884727478,14.1921463013,12.1672763824,15.4664859772,16.3216533661,14.6036510468,17.1128425598,16.8495197296,20.3218193054,27.8451499939,19.1342163086,19.7953166962,34.9820785522,30.0016441345,18.417350769,12.7527446747,9.37101554871,6.23311376572,5.09734153748,2.38290405273,1.50386452675,0.936508953571,0.645675837994,0.258137315512,0.0796501338482,0.00949890259653,0.000581764965318,0.0000693656184012],"min":[3.32178295287e-13,1.30361671978e-12,2.36000281817e-12,2.22912899077e-12,1.84149201964e-12,2.83247145356e-12,4.78710604143e-12,7.24679691255e-12,8.82774842809e-12,1.28420668197e-11,1.7405424324e-11,2.88160068723e-11,4.47788889302e-11,6.50114059808e-11,3.29165965318e-11,1.47210941354e-11,2.1093038774e-11,1.72189762448e-11,3.59271744299e-11,4.41949150887e-11,3.72778231894e-11,7.0060623969e-12,1.48324824645e-11,1.4696429837e-11,2.81909565136e-11,3.09898634532e-11,6.6016227207e-11,8.31743424135e-11,1.57881305252e-10,1.10967131317e-10,5.26657918665e-11,4.99687617672e-11,2.82660526929e-11,3.67759329933e-11,3.53329171476e-11,2.87349397748e-11,7.16066702461e-12,2.637422572e-11,4.43694005148e-11,6.99423852168e-12],"var":[0.00503771891817,0.471147924662,13.0668945312,49.6201324463,345.937347412,131.569503784,185.629165649,1496.35510254,1437.24414062,818.230041504,4616.99023438,6999.92529297,7634.33056641,3654.48706055,2843.95410156,10500.6513672,5378.8046875,17335.3730469,4106.47265625,2086.31860352,1934.46520996,2517.59423828,505.177429199,412.708282471,1170.56384277,950.136047363,287.545837402,325.338134766,374.832366943,291.858520508,344.000305176,97.8049087524,49.0934677124,9.41716575623,1.27372908592,0.318241029978,0.0502248443663,0.000894653843716,0.00000397298617827,5.96967453248e-9]},"erbbands_crest":{"dmean":2.29856228828,"dmean2":3.74118089676,"dvar":5.38521671295,"dvar2":13.3546991348,"max":29.1958522797,"mean":7.83714532852,"median":6.53094291687,"min":2.35591125488,"var":17.3114967346},"erbbands_flatness_db":{"dmean":0.0127496588975,"dmean2":0.0195181183517,"dvar":0.000143793120515,"dvar2":0.000329165894073,"max":0.30532976985,"mean":0.134950771928,"median":0.128464430571,"min":0.0137979304418,"var":0.00147458596621},"erbbands_kurtosis":{"dmean":0.6896225214,"dmean2":1.10039174557,"dvar":0.872326731682,"dvar2":2.20735096931,"max":18.8501396179,"mean":0.171464458108,"median":-0.301929831505,"min":-1.65343284607,"var":2.44243955612},"erbbands_skewness":{"dmean":0.293180465698,"dmean2":0.460347861052,"dvar":0.0661931931973,"dvar2":0.160534575582,"max":2.65912747383,"mean":-0.170133620501,"median":-0.220323249698,"min":-2.92066812515,"var":0.416094601154},"erbbands_spread":{"dmean":6.84197044373,"dmean2":10.7660617828,"dvar":40.5654716492,"dvar2":98.091003418,"max":117.768737793,"mean":39.7974319458,"median":39.351776123,"min":5.13747835159,"var":247.736053467},"gfcc":{"cov":[[16963.9550781,1156.45544434,-351.610473633,104.080543518,-740.36505127,213.591262817,-645.475769043,29.1334857941,-450.797821045,183.952804565,-474.02532959,140.610153198,-341.306030273],[1156.45544434,812.922424316,-228.620620728,34.7499694824,-26.230266571,-77.3268890381,84.7952957153,-71.4010238647,41.8152046204,-56.3329086304,14.8894329071,-32.8861999512,13.132229805],[-351.610473633,-228.620620728,751.007141113,-118.079444885,-11.167383194,-14.2315683365,-44.9217948914,112.307342529,4.58488464355,98.3251571655,-39.2896842957,126.685043335,-35.0191726685],[104.080543518,34.7499694824,-118.079444885,316.109344482,68.1132202148,39.1460914612,-5.44732713699,15.1861114502,28.2452468872,-24.5705242157,16.5320205688,-53.8424301147,35.148147583],[-740.36505127,-26.230266571,-11.167383194,68.1132202148,229.881561279,27.2211704254,43.4965057373,-30.7192440033,24.6847991943,5.92297506332,25.7060585022,-16.3441066742,6.35547542572],[213.591262817,-77.3268890381,-14.2315683365,39.1460914612,27.2211704254,172.524688721,39.77576828,31.4785938263,-29.4396495819,5.88057518005,12.1553516388,-9.14097976685,-9.26446819305],[-645.475769043,84.7952957153,-44.9217948914,-5.44732713699,43.4965057373,39.77576828,197.06590271,55.6369667053,42.2766571045,-43.5735206604,14.2610855103,-9.87504959106,30.8124275208],[29.1334857941,-71.4010238647,112.307342529,15.1861114502,-30.7192440033,31.4785938263,55.6369667053,169.064117432,38.4164009094,11.0957698822,-32.5670166016,13.6164360046,15.3078966141],[-450.797821045,41.8152046204,4.58488464355,28.2452468872,24.6847991943,-29.4396495819,42.2766571045,38.4164009094,128.199508667,22.123752594,6.60020971298,-16.5528888702,29.7260894775],[183.952804565,-56.3329086304,98.3251571655,-24.5705242157,5.92297506332,5.88057518005,-43.5735206604,11.0957698822,22.123752594,91.4420166016,14.1207294464,25.1122608185,-16.6896476746],[-474.02532959,14.8894329071,-39.2896842957,16.5320205688,25.7060585022,12.1553516388,14.2610855103,-32.5670166016,6.60020971298,14.1207294464,87.8786697388,12.2301225662,11.5295391083],[140.610153198,-32.8861999512,126.685043335,-53.8424301147,-16.3441066742,-9.14097976685,-9.87504959106,13.6164360046,-16.5528888702,25.1122608185,12.2301225662,85.8868560791,13.5997934341],[-341.306030273,13.132229805,-35.0191726685,35.148147583,6.35547542572,-9.26446819305,30.8124275208,15.3078966141,29.7260894775,-16.6896476746,11.5295391083,13.5997934341,69.9081344604]],"icov":[[0.000289154500933,-0.000597948033828,0.000521732668858,-0.00050033046864,0.000574918347411,-0.000727423059288,0.000652293500025,-0.000208660276257,0.000431973370723,-0.000998994335532,0.001945428201,-0.00174395891372,0.00124270364176],[-0.000597948033828,0.00290477625094,-0.000696604256518,0.000527164083906,-0.000588212453295,0.0022913464345,-0.00261969398707,0.0014705718495,-0.0014926684089,0.0021725310944,-0.00372483348474,0.00292184622958,-0.00168992462568],[0.000521732668858,-0.000696604256518,0.00350076239556,-0.000823802372906,0.000589782139286,-0.000920491584111,0.0012965281494,-0.00159070955124,0.00018498506688,-0.00271289329976,0.00462497910485,-0.00689604785293,0.00429960340261],[-0.00050033046864,0.000527164083906,-0.000823802372906,0.00591792026535,-0.00269294297323,-0.000101899597212,0.00164781755302,-0.00165696151089,-0.00106964143924,0.00334654795006,-0.00499128177762,0.00622371723875,-0.00519573828205],[0.000574918347411,-0.000588212453295,0.000589782139286,-0.00269294297323,0.0071172225289,-0.00174426205922,-0.00139259488788,0.00253865891136,0.0000327134403051,-0.00342475064099,0.00390194100328,-0.00312226288952,0.00287880981341],[-0.000727423059288,0.0022913464345,-0.000920491584111,-0.000101899597212,-0.00174426205922,0.0103376377374,-0.00472468603402,-0.000997548457235,0.00292761763558,-0.000575014564674,-0.00586750917137,0.00564169790596,-0.00207428727299],[0.000652293500025,-0.00261969398707,0.0012965281494,0.00164781755302,-0.00139259488788,-0.00472468603402,0.0124300839379,-0.00507351802662,-0.00227279542014,0.00464850943536,0.00116567546502,-0.00364154134877,0.00122289475985],[-0.000208660276257,0.0014705718495,-0.00159070955124,-0.00165696151089,0.00253865891136,-0.000997548457235,-0.00507351802662,0.011681121774,-0.00295763323084,-0.00136849528644,0.00345319812186,-0.000265343114734,-0.00153034040704],[0.000431973370723,-0.0014926684089,0.00018498506688,-0.00106964143924,0.0000327134403051,0.00292761763558,-0.00227279542014,-0.00295763323084,0.015647046268,-0.00949752423912,0.00210559042171,0.0046050902456,-0.00510969245806],[-0.000998994335532,0.0021725310944,-0.00271289329976,0.00334654795006,-0.00342475064099,-0.000575014564674,0.00464850943536,-0.00136849528644,-0.00949752423912,0.024919712916,-0.0114300558344,0.000819886103272,0.00187235616613],[0.001945428201,-0.00372483348474,0.00462497910485,-0.00499128177762,0.00390194100328,-0.00586750917137,0.00116567546502,0.00345319812186,0.00210559042171,-0.0114300558344,0.0292720831931,-0.0164449233562,0.00736912572756],[-0.00174395891372,0.00292184622958,-0.00689604785293,0.00622371723875,-0.00312226288952,0.00564169790596,-0.00364154134877,-0.000265343114734,0.0046050902456,0.000819886103272,-0.0164449233562,0.0352976508439,-0.0188691746444],[0.00124270364176,-0.00168992462568,0.00429960340261,-0.00519573828205,0.00287880981341,-0.00207428727299,0.00122289475985,-0.00153034040704,-0.00510969245806,0.00187235616613,0.00736912572756,-0.0188691746444,0.0297898203135]],"mean":[26.2595367432,55.3696899414,-124.302467346,42.4731025696,-54.3512687683,12.681221962,-30.3135700226,7.51240777969,-29.999376297,1.23735654354,-21.7892894745,-1.62641191483,-13.7904424667]},"hfc":{"dmean":7.13885498047,"dmean2":10.6551027298,"dvar":113.329208374,"dvar2":239.432647705,"max":188.825424194,"mean":30.5944271088,"median":28.147857666,"min":7.93657939369e-9,"var":418.62979126},"melbands":{"dmean":[0.000349285342963,0.000717836257536,0.000851463642903,0.000634116237052,0.000177610840183,0.000277831888525,0.000131724431412,0.0000942986662267,0.00011760272173,0.000122445766465,0.000109934546344,0.0000754979409976,0.0000548490206711,0.000061336068029,0.000068551125878,0.0000423827914346,0.0000531888472324,0.0000365472151316,0.0000248314299824,0.0000199989590328,0.0000200007452804,0.0000216946755245,0.0000161418174685,0.00000746126943341,0.0000086666086645,0.0000130200278363,0.0000124732177937,0.000011011751667,0.00000627445206192,0.00000511571442985,0.00000439247742179,0.00000449673916592,0.00000373379270968,0.00000244789271164,0.00000249991649071,0.00000161608386406,0.00000103899287751,9.61351929618e-7,6.48129059755e-7,4.5843199814e-7],"dmean2":[0.000564778107218,0.00119872216601,0.00144478038419,0.00111135758925,0.000291316508083,0.000444203440566,0.000203816598514,0.000152533160872,0.000185025273822,0.000191023384104,0.000173428968992,0.000119377553347,0.0000902059546206,0.0000978130847216,0.000107826650492,0.0000659975266899,0.0000845520335133,0.000059020039771,0.0000387504151149,0.0000318543534377,0.0000317439444188,0.000035059882066,0.000026359459298,0.0000121492948892,0.0000141269256346,0.0000213791608985,0.0000204990228667,0.0000178886675712,0.0000102324493128,0.00000825842198537,0.0000070588134804,0.00000734605373509,0.00000603845774094,0.00000395434153688,0.00000388341959479,0.00000247743378168,0.00000159401020028,0.00000144331488627,9.83319182524e-7,6.91659408858e-7],"dvar":[3.54598569174e-7,0.00000138175551001,0.0000016621722807,0.00000184387499758,1.22091094568e-7,4.21062622991e-7,1.14995899025e-7,6.33962784491e-8,1.0872697942e-7,7.83192675158e-8,7.69024595115e-8,3.66013068742e-8,1.88215611985e-8,3.78379105825e-8,2.56588226222e-8,1.05796393868e-8,2.66717155029e-8,6.20812201646e-9,2.65953548073e-9,1.34135813568e-9,1.0611937995e-9,1.43992451296e-9,8.15858269831e-10,1.13819231817e-10,1.52632267936e-10,3.51221912664e-10,3.34914124211e-10,2.1576178344e-10,7.71275820988e-11,5.36934871564e-11,6.10891268127e-11,7.55332948965e-11,8.79292541556e-11,4.37758787553e-11,6.66067062616e-11,4.14220081846e-11,1.3941806043e-11,1.5693906244e-11,5.84630174133e-12,1.82458562148e-12],"dvar2":[8.40003906433e-7,0.00000362217383554,0.00000449635535915,0.00000499679981658,3.13716981282e-7,0.00000102896524368,2.65051795623e-7,1.35954877578e-7,2.55316706443e-7,1.74364146233e-7,1.96228498339e-7,8.788792627e-8,4.76923815995e-8,9.78170433541e-8,5.7930456876e-8,2.24695142492e-8,6.45731930149e-8,1.46582710414e-8,5.86982862316e-9,3.15304049536e-9,2.50803622315e-9,3.56678220292e-9,2.00809635587e-9,2.85720225257e-10,3.79821035734e-10,8.97763197116e-10,8.5243323511e-10,5.49430057006e-10,1.99425448377e-10,1.30573510337e-10,1.47451176269e-10,1.85767692895e-10,2.09274472751e-10,9.8754955602e-11,1.40313330399e-10,8.25725321452e-11,2.83232864245e-11,3.11010418808e-11,1.17630714197e-11,3.27468347577e-12],"max":[0.00838332157582,0.0186969786882,0.0170532464981,0.015778016299,0.00891721621156,0.0115740848705,0.0093368338421,0.00777496770024,0.00714952219278,0.00626805331558,0.00625731702894,0.00538813136518,0.00530215492472,0.00560761010274,0.00473371893167,0.00266690272838,0.00455192802474,0.00173221109435,0.00136676419061,0.00107875117101,0.000658260833006,0.00135373382363,0.00086615269538,0.000252324913163,0.00024967364152,0.000384248996852,0.00053981563542,0.000306888512569,0.000225661293371,0.000152153239469,0.000178318921826,0.000162345037097,0.000376327749109,0.000149834741023,0.000246719864663,0.000209242192796,0.000111486559035,0.000167861944647,0.0000789603654994,0.0000557618332095],"mean":[0.000528812292032,0.00117216794752,0.00121863628738,0.000659589888528,0.000271053926554,0.000407160550822,0.000229847006267,0.000143776240293,0.000217007487663,0.000231672005611,0.000206065131351,0.000128386120196,0.0000834718157421,0.000106515457446,0.000117173687613,0.0000688349173288,0.0000890051524038,0.0000616875258856,0.0000431234584539,0.0000369274675904,0.0000387725849578,0.0000415910544689,0.0000315691904689,0.000016052121282,0.0000193246687559,0.0000302880998788,0.000028325133826,0.0000252472382272,0.0000144545474541,0.0000111915887828,0.0000097023712442,0.00000870470103109,0.00000678384913044,0.0000047963067118,0.00000524783536093,0.00000318945967592,0.00000218768127525,0.0000019583892481,0.00000140709948937,0.00000112187331069],"median":[0.000306527363136,0.000689210020937,0.000801607384346,0.000309611321427,0.000129514635773,0.000124214915559,0.0000747611920815,0.0000583316432312,0.00004403461935,0.0000765097793192,0.0000801770074759,0.000053826290241,0.0000367707543774,0.0000337880919687,0.0000448623759439,0.0000261221248365,0.0000244742659561,0.0000253505459114,0.000021720687073,0.0000204836233024,0.0000227376167459,0.0000278393235931,0.0000229554570979,0.0000124364705698,0.0000148745784827,0.0000243286904151,0.0000234494909819,0.000018944763724,0.0000117108993436,0.00000859631472849,0.0000067046012191,0.00000532674175702,0.00000406324943469,0.00000299327894027,0.00000321581910612,0.00000171901911017,0.0000012811722172,0.00000109014968075,8.17449858914e-7,7.34301181637e-7],"min":[2.88924039451e-15,1.42663535845e-15,3.79663301547e-16,1.5973871421e-16,1.63283507389e-16,1.62465035334e-16,1.36447399273e-16,1.45799569453e-16,1.45932381572e-16,1.88176310166e-16,2.26751328785e-16,2.69719774952e-16,1.35850532212e-16,3.94449181466e-17,4.71282779105e-17,4.25062209494e-17,2.89599902922e-17,4.88079210839e-17,6.68375236007e-17,6.96844344237e-17,3.44952579583e-17,5.09738265162e-18,8.09049971579e-18,1.73792185253e-17,1.10318555395e-17,1.16733829082e-17,2.98260450848e-17,1.85057905432e-17,3.31086220102e-17,4.13859470848e-17,5.54663875252e-17,8.78364365101e-17,6.86613906769e-17,6.72448405692e-17,3.07453736176e-17,2.33395544559e-17,3.21759527085e-17,1.73983909176e-17,2.38928324065e-17,2.93903955259e-17],"var":[5.00482428833e-7,0.00000217395381696,0.0000020771490199,0.00000143550619214,1.75531468471e-7,6.54546226997e-7,2.93535407536e-7,1.18827962581e-7,3.73236701989e-7,2.64125645799e-7,1.94691281763e-7,7.05418088387e-8,2.77718523733e-8,8.91476048537e-8,6.83997001261e-8,2.220724582e-8,7.79447262289e-8,1.44809080282e-8,5.93423710171e-9,3.81911213765e-9,2.93001711782e-9,2.92518320677e-9,1.40439371243e-9,2.28847121808e-10,3.17382703452e-10,7.76868736008e-10,6.06672989623e-10,5.40349820444e-10,1.52081763849e-10,1.05690019236e-10,1.20912044266e-10,1.34701000354e-10,1.34987271361e-10,7.8744830101e-11,1.2893164314e-10,7.52804554804e-11,3.00531474706e-11,3.13134934649e-11,1.31160516476e-11,5.463737969e-12]},"melbands_crest":{"dmean":2.91324710846,"dmean2":4.84676599503,"dvar":6.01329851151,"dvar2":16.1324615479,"max":36.6064758301,"mean":11.7092208862,"median":11.1303386688,"min":2.75284194946,"var":20.8742599487},"melbands_flatness_db":{"dmean":0.0203269738704,"dmean2":0.032645162195,"dvar":0.000324595544953,"dvar2":0.000804297509603,"max":0.329681187868,"mean":0.127457723022,"median":0.12531593442,"min":0.024414813146,"var":0.00160179077648},"melbands_kurtosis":{"dmean":3.13784575462,"dmean2":5.06557607651,"dvar":30.8240070343,"dvar2":81.799987793,"max":260.455871582,"mean":5.57079076767,"median":3.3123857975,"min":-1.76649320126,"var":143.436859131},"melbands_skewness":{"dmean":0.554650247097,"dmean2":0.881894946098,"dvar":0.277919560671,"dvar2":0.679519295692,"max":14.2434835434,"mean":1.85386753082,"median":1.7568154335,"min":-1.01288318634,"var":1.62936866283},"melbands_spread":{"dmean":10.7076826096,"dmean2":17.0501422882,"dvar":124.407234192,"dvar2":289.798950195,"max":195.346115112,"mean":44.5737342834,"median":39.6380386353,"min":2.2316467762,"var":542.497802734},"mfcc":{"cov":[[7458.82763672,872.53137207,355.187530518,3.66284513474,-52.4175872803,110.423301697,-120.364624023,-50.3643569946,-41.4718360901,-69.8860397339,-51.4348526001,1.70474731922,-5.42369890213],[872.53137207,703.580749512,-46.3227233887,24.2013378143,-96.1658248901,11.3985500336,-39.5012130737,9.63082122803,-12.6876411438,-17.7745780945,-16.1350669861,8.25334644318,22.6538219452],[355.187530518,-46.3227233887,495.501617432,-28.9659061432,9.99514484406,-81.0355300903,-35.1562614441,10.482966423,29.1655578613,-2.23443889618,10.1872634888,22.8525314331,20.7014770508],[3.66284513474,24.2013378143,-28.9659061432,237.653900146,67.0931777954,11.5266695023,-12.3900690079,15.1488895416,37.3000717163,30.8211421967,-5.30308151245,-15.1268901825,7.81711864471],[-52.4175872803,-96.1658248901,9.99514484406,67.0931777954,164.329711914,45.5878677368,4.06501674652,-31.1260490417,-12.1673936844,10.118098259,6.62175416946,1.54083895683,8.87679004669],[110.423301697,11.3985500336,-81.0355300903,11.5266695023,45.5878677368,133.264266968,52.1391181946,-4.13526010513,-27.3285293579,-2.62218952179,11.7498989105,0.422105371952,-8.46061229706],[-120.364624023,-39.5012130737,-35.1562614441,-12.3900690079,4.06501674652,52.1391181946,143.117507935,64.6986465454,4.87943267822,-0.922214329243,10.3542070389,4.59527921677,-10.6589374542],[-50.3643569946,9.63082122803,10.482966423,15.1488895416,-31.1260490417,-4.13526010513,64.6986465454,113.924728394,65.2156448364,21.289264679,2.53630185127,-0.154676124454,-4.97440004349],[-41.4718360901,-12.6876411438,29.1655578613,37.3000717163,-12.1673936844,-27.3285293579,4.87943267822,65.2156448364,118.341781616,56.1892967224,6.598528862,-4.95166635513,-3.86577439308],[-69.8860397339,-17.7745780945,-2.23443889618,30.8211421967,10.118098259,-2.62218952179,-0.922214329243,21.289264679,56.1892967224,84.0791397095,34.1020278931,-0.990896761417,-11.0471601486],[-51.4348526001,-16.1350669861,10.1872634888,-5.30308151245,6.62175416946,11.7498989105,10.3542070389,2.53630185127,6.598528862,34.1020278931,65.3597488403,22.0775947571,-8.02330589294],[1.70474731922,8.25334644318,22.8525314331,-15.1268901825,1.54083895683,0.422105371952,4.59527921677,-0.154676124454,-4.95166635513,-0.990896761417,22.0775947571,51.8016624451,25.7596416473],[-5.42369890213,22.6538219452,20.7014770508,7.81711864471,8.87679004669,-8.46061229706,-10.6589374542,-4.97440004349,-3.86577439308,-11.0471601486,-8.02330589294,25.7596416473,61.6298522949]],"icov":[[0.000178455084097,-0.000223086564802,-0.0001960091613,0.00000750263870941,0.00000276497939922,-0.000315675599268,0.000141078067827,0.0000509861383762,-0.0000613581578364,0.0000714595225872,0.000166765443282,-0.0000702530887793,0.000207409670111],[-0.000223086564802,0.00202659284696,0.000284601497697,-0.000526590156369,0.0014085448347,-0.000504113733768,0.000750520557631,-0.000648282060865,0.000602350628469,-0.000116023111332,0.0000705543789081,-0.000249454576988,-0.000857539649587],[-0.0001960091613,0.000284601497697,0.00266811694019,0.000465855671791,-0.000904285872821,0.00184856425039,0.000311887386488,-0.000611417286564,-0.000561407068744,0.000839632819407,-0.00102664146107,-0.000436891335994,-0.000524316215888],[0.00000750263870941,-0.000526590156369,0.000465855671791,0.00576625578105,-0.00297942268662,0.0000493847983307,0.00105791224632,-0.00146757496987,-0.000984949525446,-0.0010719737038,0.000325942848576,0.00189313490409,-0.00119599793106],[0.00000276497939922,0.0014085448347,-0.000904285872821,-0.00297942268662,0.0100268069655,-0.00354212266393,-0.000838008068968,0.00351164699532,0.000190715945791,-0.00137641455512,0.000428270170232,-0.000217531793169,-0.00171589292586],[-0.000315675599268,-0.000504113733768,0.00184856425039,0.0000493847983307,-0.00354212266393,0.0126186562702,-0.00478309718892,0.00103360041976,0.0017230969388,-0.0000578305662202,-0.00204861117527,0.000414819776779,0.00068663089769],[0.000141078067827,0.000750520557631,0.000311887386488,0.00105791224632,-0.000838008068968,-0.00478309718892,0.0141548998654,-0.010678967461,0.00344576942734,0.000897632504348,-0.000832996680401,-0.00111210241448,0.00128124770708],[0.0000509861383762,-0.000648282060865,-0.000611417286564,-0.00146757496987,0.00351164699532,0.00103360041976,-0.010678967461,0.0225400775671,-0.0117472019047,0.00184945308138,0.000555246369913,-0.000548806565348,0.000139102223329],[-0.0000613581578364,0.000602350628469,-0.000561407068744,-0.000984949525446,0.000190715945791,0.0017230969388,0.00344576942734,-0.0117472019047,0.0214024540037,-0.0125644169748,0.00415298715234,-0.000312152027618,-0.000295001635095],[0.0000714595225872,-0.000116023111332,0.000839632819407,-0.0010719737038,-0.00137641455512,-0.0000578305662202,0.000897632504348,0.00184945308138,-0.0125644169748,0.0262844413519,-0.014036427252,0.00422133505344,0.000729341991246],[0.000166765443282,0.0000705543789081,-0.00102664146107,0.000325942848576,0.000428270170232,-0.00204861117527,-0.000832996680401,0.000555246369913,0.00415298715234,-0.014036427252,0.0292493402958,-0.0156837664545,0.00795777793974],[-0.0000702530887793,-0.000249454576988,-0.000436891335994,0.00189313490409,-0.000217531793169,0.000414819776779,-0.00111210241448,-0.000548806565348,-0.000312152027618,0.00422133505344,-0.0156837664545,0.0349097549915,-0.0160522703081],[0.000207409670111,-0.000857539649587,-0.000524316215888,-0.00119599793106,-0.00171589292586,0.00068663089769,0.00128124770708,0.000139102223329,-0.000295001635095,0.000729341991246,0.00795777793974,-0.0160522703081,0.0253190565854]],"mean":[-607.080810547,84.7019271851,-10.6926746368,31.0719852448,-2.4253988266,9.28868961334,5.07044124603,4.6070318222,0.0645537152886,2.30457472801,-4.80680608749,-3.59533452988,-1.60016310215]},"pitch_salience":{"dmean":0.0622546859086,"dmean2":0.101581849158,"dvar":0.00255898525938,"dvar2":0.00667504919693,"max":0.907672286034,"mean":0.601415574551,"median":0.606291234493,"min":0.112450376153,"var":0.00905458535999},"silence_rate_20dB":{"dmean":0,"dmean2":0,"dvar":0,"dvar2":0,"max":1,"mean":1,"median":1,"min":1,"var":0},"silence_rate_30dB":{"dmean":0.000255852617556,"dmean2":0.000511770718731,"dvar":0.000255803053733,"dvar2":0.000511501915753,"max":1,"mean":0.999744176865,"median":1,"min":0,"var":0.000255770370131},"silence_rate_60dB":{"dmean":0.0376103371382,"dmean2":0.0752303004265,"dvar":0.0361952334642,"dvar2":0.0767323672771,"max":1,"mean":0.0657457113266,"median":0,"min":0,"var":0.0614239983261},"spectral_centroid":{"dmean":282.035919189,"dmean2":449.831237793,"dvar":67997.1796875,"dvar2":167287.84375,"max":4083.96435547,"mean":2194.24462891,"median":2171.21240234,"min":657.455993652,"var":387985.84375},"spectral_complexity":{"dmean":5.0520658493,"dmean2":7.55706262589,"dvar":20.8820552826,"dvar2":39.0666694641,"max":55,"mean":29.4116134644,"median":31,"min":0,"var":121.376647949},"spectral_contrast_coeffs":{"dmean":[0.05780075863,0.0500491634011,0.0389374904335,0.029988611117,0.0201231203973,0.0167042408139],"dmean2":[0.0966378003359,0.0840989053249,0.0640392899513,0.0487769171596,0.0334895960987,0.0266160201281],"dvar":[0.00229591759853,0.00167218165006,0.00094426801661,0.000578580773436,0.00027267463156,0.000222276372369],"dvar2":[0.00631770072505,0.00446449173614,0.00252853450365,0.00151022197679,0.0007204550202,0.000548100506421],"max":[-0.323907315731,-0.480922758579,-0.449719458818,-0.521191596985,-0.593279957771,-0.590425252914],"mean":[-0.643831014633,-0.760158717632,-0.777263820171,-0.786267638206,-0.792591452599,-0.726446807384],"median":[-0.645495355129,-0.77172088623,-0.787209749222,-0.793315291405,-0.796096742153,-0.728963971138],"min":[-0.941933572292,-0.980951786041,-0.974539339542,-0.954224646091,-0.944415450096,-0.923150837421],"var":[0.00559534691274,0.00624087546021,0.00458204420283,0.00293841399252,0.00129667355213,0.00156276102643]},"spectral_contrast_valleys":{"dmean":[0.416853994131,0.409411489964,0.345615535975,0.298546284437,0.199144661427,0.187975555658],"dmean2":[0.682043969631,0.671806335449,0.53842073679,0.460754752159,0.298944890499,0.267246305943],"dvar":[0.117510281503,0.120765887201,0.0834595859051,0.067022331059,0.0391701608896,0.0721020326018],"dvar2":[0.302585214376,0.307314664125,0.199904859066,0.152192935348,0.0731164887547,0.140064269304],"max":[-5.42861270905,-4.81053638458,-5.32592964172,-5.59521532059,-5.55332374573,-7.26375150681],"mean":[-7.4407453537,-6.88724565506,-7.10456132889,-7.3052520752,-6.78802919388,-9.68406009674],"median":[-7.09776163101,-6.6322221756,-6.88069295883,-7.10254573822,-6.56657028198,-9.34411048889],"min":[-21.1553230286,-20.0234107971,-19.5246105194,-20.3030929565,-20.265329361,-21.5398254395],"var":[2.08983373642,1.8525749445,1.69430243969,1.6037324667,1.43424105644,1.56234812737]},"spectral_decrease":{"dmean":2.07168993072e-9,"dmean2":3.3214837547e-9,"dvar":8.68828577369e-18,"dvar2":2.1838056208e-17,"max":7.87182790341e-17,"mean":-5.91448934273e-9,"median":-5.14481790503e-9,"min":-3.43277868353e-8,"var":1.84890699143e-17},"spectral_energy":{"dmean":0.00828976742923,"dmean2":0.0132237616926,"dvar":0.000135261027026,"dvar2":0.00033832740155,"max":0.134741142392,"mean":0.025097573176,"median":0.0223221108317,"min":4.56880627081e-13,"var":0.000304240587866},"spectral_energyband_high":{"dmean":0.000609365990385,"dmean2":0.000915835087653,"dvar":0.0000014761658349,"dvar2":0.00000296872553918,"max":0.0245504658669,"mean":0.00194352527615,"median":0.00151200196706,"min":3.45925030157e-13,"var":0.0000042248830141},"spectral_energyband_low":{"dmean":0.00330425100401,"dmean2":0.00546258920804,"dvar":0.0000231467965932,"dvar2":0.0000579031911911,"max":0.0712361484766,"mean":0.00613091140985,"median":0.00428255368024,"min":1.34700329233e-14,"var":0.0000416400325776},"spectral_energyband_middle_high":{"dmean":0.00213557947427,"dmean2":0.00326373055577,"dvar":0.00000843279758556,"dvar2":0.0000200807244255,"max":0.0548278540373,"mean":0.0076244417578,"median":0.0055918591097,"min":6.76294779659e-15,"var":0.0000450844236184},"spectral_energyband_middle_low":{"dmean":0.00550880888477,"dmean2":0.00908502005041,"dvar":0.0000864129106048,"dvar2":0.000221825146582,"max":0.0994172394276,"mean":0.0107544241473,"median":0.00732836173847,"min":5.3216818498e-15,"var":0.000135303387651},"spectral_entropy":{"dmean":0.0872745662928,"dmean2":0.137671515346,"dvar":0.00655004568398,"dvar2":0.01618414931,"max":8.98350906372,"mean":7.94819736481,"median":7.9492893219,"min":6.31884670258,"var":0.0494683608413},"spectral_flux":{"dmean":0.0210912730545,"dmean2":0.0326835401356,"dvar":0.000547560397536,"dvar2":0.00115821126383,"max":0.305246353149,"mean":0.0897355154157,"median":0.083944529295,"min":0.0000113473943202,"var":0.00177773914766},"spectral_kurtosis":{"dmean":0.769343554974,"dmean2":1.31072151661,"dvar":0.682879626751,"dvar2":2.01520562172,"max":15.1505336761,"mean":3.18747329712,"median":3.06263971329,"min":-0.486212253571,"var":1.36319434643},"spectral_rms":{"dmean":0.000754390028305,"dmean2":0.00116420746781,"dvar":7.0391644158e-7,"dvar2":0.00000169523468685,"max":0.0114653725177,"mean":0.00460490537807,"median":0.0046666553244,"min":2.11124895344e-8,"var":0.000003280233841},"spectral_rolloff":{"dmean":644.352600098,"dmean2":1049.31005859,"dvar":617694.8125,"dvar2":1381552.25,"max":21576.2695312,"mean":2873.21191406,"median":2605.51757812,"min":64.599609375,"var":5166810.5},"spectral_skewness":{"dmean":0.132383689284,"dmean2":0.215052932501,"dvar":0.0160830207169,"dvar2":0.0415112785995,"max":2.33220171928,"mean":1.17343533039,"median":1.18399572372,"min":0.174599587917,"var":0.069095402956},"spectral_spread":{"dmean":349282.71875,"dmean2":524659.4375,"dvar":145173905408,"dvar2":303953674240,"max":15814772,"mean":4698526.5,"median":4691997.5,"min":1954264.875,"var":2004523679740},"spectral_strongpeak":{"dmean":0.694045186043,"dmean2":1.18201565742,"dvar":1.17646217346,"dvar2":2.94318151474,"max":12.9037036896,"mean":1.13947844505,"median":0.462157487869,"min":0,"var":2.27262115479},"zerocrossingrate":{"dmean":0.0107769174501,"dmean2":0.0131512954831,"dvar":0.000125770384329,"dvar2":0.000154908571858,"max":0.76513671875,"mean":0.10105086118,"median":0.091796875,"min":0.0224609375,"var":0.00401569250971}},"metadata":{"audio_properties":{"analysis_sample_rate":44100,"bit_rate":0,"codec":"flac","downmix":"mix","equal_loudness":0,"length":181.493331909,"lossless":true,"md5_encoded":"5b7c0ab92793b911670e587846a9cc19","replay_gain":-12.7378787994},"tags":{"album":["Van Halen"],"albumartist":["Van Halen"],"albumartistsort":["Van Halen"],"artist":["Van Halen"],"artists":["Van Halen"],"artistsort":["Van Halen"],"asin":["B00004Y6O9"],"barcode":["093624773726"],"catalognumber":["9362-47737-2"],"date":["2000-07"],"discnumber":["1"],"disctotal":["1"],"engineer":["Donn Landee"],"file_name":"07 Atomic Punk.flac","genre":["Hard Rock"],"isrc":["USWB10000269"],"label":["Warner Bros. Records"],"media":["HDCD"],"musicbrainz_albumartistid":["b665b768-0d83-4363-950c-31ed39317c15"],"musicbrainz_albumid":["74d8b208-8aa7-3698-9767-14e847969e5e"],"musicbrainz_artistid":["b665b768-0d83-4363-950c-31ed39317c15"],"musicbrainz_recordingid":["28fa8fee-f6f4-458d-afb9-9ae402fcfe45"],"musicbrainz_releasegroupid":["43a0e8b5-6059-397f-81e6-b8df5a648496"],"musicbrainz_releasetrackid":["c544f2ec-5e24-3cc2-bd7b-11450ac67fdc"],"originaldate":["1978-02-10"],"performer":["Alex Van Halen (drums)","Eddie Van Halen (guitar)","Michael Anthony (electric bass guitar)","Michael Anthony (background vocals)","David Lee Roth (lead vocals)"],"producer":["Ted Templeman"],"releasecountry":["XE"],"releasestatus":["official"],"releasetype":["album"],"script":["Latn"],"title":["Atomic Punk"],"totaldiscs":["1"],"totaltracks":["11"],"tracknumber":["7"],"tracktotal":["11"]},"version":{"essentia":"2.1-beta1","essentia_build_sha":"7598a69e7b456135ce4c070efb04a3d0ebb71fdd","essentia_git_sha":"v2.1_beta1-6-g5578087","extractor":"music 1.0"}},"rhythm":{"beats_count":307,"beats_loudness":{"dmean":0.0128040378913,"dmean2":0.0219541657716,"dvar":0.000175200257218,"dvar2":0.000439665804151,"max":0.0894929990172,"