{"lowlevel":{"average_loudness":0.909939348698,"barkbands":{"dmean":[0.000317186466418,0.00554690277204,0.00134621944744,0.000562326633371,0.00302042765543,0.000963856640738,0.00103628879879,0.000953911221586,0.000670779263601,0.000506458280142,0.000950128422119,0.000711753731593,0.0004127768334,0.000346750195604,0.000240619367105,0.000294544850476,0.000176529763849,0.000144027799251,0.000101029072539,0.00012903699826,0.0000542409361515,0.0000701660319464,0.000038580794353,0.0000360220910807,0.00000895539051271,0.00000257305873674,1.42177071893e-7],"dmean2":[0.000563283450902,0.0094917435199,0.0022055527661,0.000947415479459,0.00488889915869,0.00149480463006,0.00173883058596,0.00147419562563,0.00100929336622,0.000762802199461,0.00143527181353,0.0010595745407,0.000618153251708,0.000531643396243,0.000373476010282,0.000476900022477,0.000277015933534,0.000215708103497,0.000159700372024,0.000202689494472,0.00008048460586,0.0000969331667875,0.0000572321478103,0.0000482334144181,0.0000121499979286,0.00000330616171595,2.12155242707e-7],"dvar":[3.25401856571e-7,0.000192941486603,0.00000822286983748,9.84320990938e-7,0.0000134480587803,0.0000021702014692,0.0000028520619253,0.00000406252866014,0.00000123293170873,9.31200531795e-7,0.00000604450997344,0.00000157368071996,8.264129292e-7,6.91050672685e-7,2.37123387592e-7,1.73773500478e-7,9.73693161654e-8,8.74293775155e-8,3.34209744324e-8,7.01752043142e-8,1.8118949896e-8,6.07786390106e-8,2.269645627e-8,3.73889399441e-8,2.79263678848e-9,3.23138349412e-10,5.70251474079e-13],"dvar2":[9.36605488278e-7,0.00051350198919,0.0000225402545766,0.0000025163706141,0.0000342175844708,0.00000516369027537,0.00000770779661252,0.00000929988163989,0.00000260437445831,0.00000199758756025,0.0000138375835377,0.00000309585038849,0.00000157370266152,0.00000145167416576,4.78097149426e-7,4.56581290109e-7,2.2216656248e-7,1.8605962282e-7,7.37997538636e-8,1.59474979e-7,3.69041437409e-8,1.06104209863e-7,4.60891165233e-8,5.94431028844e-8,4.24094581675e-9,4.74015215968e-10,1.17332597631e-12],"max":[0.00579427927732,0.183190718293,0.039945974946,0.0255254246294,0.0518765747547,0.031967651099,0.0283779986203,0.0425854921341,0.0259750150144,0.0178482793272,0.0624732151628,0.0239570941776,0.0200969632715,0.0196488536894,0.0146061414853,0.0116856843233,0.00745792780071,0.00719765946269,0.00655346363783,0.00932023022324,0.00391245493665,0.00952488463372,0.0047522042878,0.00977166090161,0.00272587896325,0.000883289379999,0.0000390073037124],"mean":[0.000305077002849,0.0066188396886,0.00243120733649,0.000890820519999,0.00663563376293,0.00264804600738,0.00200086180121,0.00183101522271,0.00165449397173,0.00103653804399,0.00156888924539,0.00156152562704,0.000886526249815,0.000703009718563,0.000455877365312,0.000606718938798,0.000373682676582,0.000347495806636,0.000239682674874,0.000304753979435,0.000118443313113,0.00015292855096,0.0000693458350725,0.0000793076105765,0.000020491248506,0.00000515663987244,2.58293965771e-7],"median":[0.000114448535896,0.00148155970965,0.000918013392948,0.000433932465967,0.00522360671312,0.0015403542202,0.00122231629211,0.000939262041356,0.0010128847789,0.000461633084342,0.000649743014947,0.000694742368069,0.000429205480032,0.000342010171153,0.000292543787509,0.000456004054286,0.000208839774132,0.000143012643093,0.000175733322976,0.00018643635849,0.0000625313987257,0.0000466056953883,0.0000173091684701,0.0000104572327473,0.00000271637509286,4.45147719574e-7,7.26167286302e-8],"min":[9.6764627002e-25,1.12980453742e-23,2.16098505338e-24,6.09500638315e-24,3.86208818039e-23,1.75633064789e-23,7.79143006616e-24,2.57663838869e-23,2.46604072087e-23,2.05687513541e-23,4.113306931e-23,5.58929850128e-23,6.57645316343e-23,4.66092659834e-23,7.5762283379e-23,1.03180418939e-22,9.16548518804e-23,1.55959807824e-22,7.58647343224e-23,2.0088154887e-22,3.30763672517e-22,3.88065720879e-22,4.57126693977e-22,6.61726466148e-22,8.92455381472e-22,1.29795008159e-21,2.19848753868e-21],"var":[3.04105100213e-7,0.000186507939361,0.0000142665494423,0.00000175794787083,0.0000312485317409,0.00000989703039522,0.00000560983153264,0.00000742148449717,0.00000400643602916,0.00000295079848911,0.0000107908472273,0.00000531242449142,0.00000246640365731,0.00000245112391895,5.5867684523e-7,3.55729639523e-7,3.32398116143e-7,4.02656979759e-7,8.34703541841e-8,1.98751109792e-7,4.6080359084e-8,2.43315810167e-7,6.815610476e-8,1.83680185728e-7,1.42187772667e-8,1.35885058761e-9,1.57726620393e-12]},"barkbands_crest":{"dmean":2.40396118164,"dmean2":3.97335004807,"dvar":5.97514390945,"dvar2":16.3736724854,"max":25.9110469818,"mean":9.19974803925,"median":8.39039325714,"min":2.69153261185,"var":12.6755418777},"barkbands_flatness_db":{"dmean":0.0161248706281,"dmean2":0.0253671761602,"dvar":0.000251940829912,"dvar2":0.000630325695965,"max":0.392368406057,"mean":0.144608050585,"median":0.14043545723,"min":0.0357605367899,"var":0.00177225365769},"barkbands_kurtosis":{"dmean":1.39936697483,"dmean2":2.26377868652,"dvar":3.81025648117,"dvar2":9.894490242,"max":27.9951038361,"mean":1.88727319241,"median":1.12572646141,"min":-1.98246884346,"var":7.94601297379},"barkbands_skewness":{"dmean":0.377550542355,"dmean2":0.593645036221,"dvar":0.158626124263,"dvar2":0.389090031385,"max":5.40122699738,"mean":1.23559248447,"median":1.23344755173,"min":-2.2808868885,"var":0.541796386242},"barkbands_spread":{"dmean":3.54182243347,"dmean2":5.51251792908,"dvar":32.5069236755,"dvar2":74.8645095825,"max":164.665603638,"mean":18.6533107758,"median":16.7841186523,"min":1.81997537613,"var":143.03213501},"dissonance":{"dmean":0.0155965313315,"dmean2":0.0260994769633,"dvar":0.000216421220102,"dvar2":0.000579175597522,"max":0.500000059605,"mean":0.463225454092,"median":0.469946056604,"min":0.226407602429,"var":0.000876924255863},"dynamic_complexity":2.86643433571,"erbbands":{"dmean":[0.184975489974,1.18318152428,1.67204344273,1.45336270332,6.77341413498,11.3224716187,10.8563013077,6.79082775116,17.2585372925,16.9518527985,17.3323707581,12.1018943787,19.7771224976,8.97343254089,45.398311615,28.1130008698,19.2725868225,19.0692615509,10.874622345,12.1306381226,12.124212265,7.99843263626,7.98445701599,5.45829343796,5.26418876648,6.39369297028,2.69418263435,2.04626059532,2.58466482162,1.96925032139,0.967354118824,0.641192793846,0.691775977612,0.165327176452,0.0312902741134,0.0166286993772,0.00354358972982,0.000370641151676,0.0000262883058895,0.0000115111488412],"dmean2":[0.325157046318,1.99258863926,2.73482060432,2.36806178093,11.1410608292,18.3374652863,17.1288166046,11.0055904388,29.3340930939,25.8429546356,26.7744083405,18.444393158,29.4174041748,13.8537435532,68.4727935791,41.7879981995,28.2194099426,28.8211650848,16.6377868652,19.5558013916,19.4256095886,12.3375720978,11.8861408234,8.53238487244,8.20397567749,10.0523443222,4.02913475037,2.96657013893,3.64960312843,2.74975562096,1.46118175983,0.916124105453,0.943911254406,0.213058978319,0.041583981365,0.0210107136518,0.00476570380852,0.000495076761581,0.0000376462521672,0.0000181714876817],"dvar":[0.16889975965,9.90376186371,14.5038805008,6.65281248093,99.1962738037,233.07069397,209.257507324,136.507141113,866.269958496,1264.87670898,950.121276855,461.208587646,1445.00219727,237.583236694,14881.8974609,2138.99951172,1515.61682129,2226.34667969,493.080596924,334.055389404,264.656433105,196.168075562,312.855377197,148.219543457,83.4824447632,178.271118164,28.9071731567,40.1332206726,82.6750640869,60.4495391846,13.3239603043,7.09430360794,19.8573722839,0.9586135149,0.0332040451467,0.0136127965525,0.000686346145812,0.00000670456529406,1.28345760686e-8,3.12719433682e-10],"dvar2":[0.468818038702,26.0196838379,39.6213912964,16.7570171356,257.91015625,599.281982422,506.985443115,346.556243896,2438.88134766,2835.78295898,2273.17260742,976.791503906,3122.77124023,522.096496582,33783.109375,4291.83105469,2796.99389648,4437.95996094,1007.9677124,794.898681641,682.309020996,427.750183105,648.068908691,310.716552734,174.657608032,411.343109131,57.9455986023,78.0673065186,162.582199097,102.479545593,28.9714813232,12.670126915,36.1451835632,1.34143209457,0.0508024692535,0.0222650840878,0.00100710277911,0.00000835980154079,2.31718555455e-8,7.67365060383e-10],"max":[4.50710678101,43.5633926392,56.5786247253,61.3110847473,161.971832275,261.718383789,400.815734863,260.675628662,482.523895264,662.556152344,655.902099609,566.860107422,768.78527832,522.430297852,3064.18505859,832.00579834,892.420837402,1168.97558594,708.087646484,482.336639404,344.342498779,316.866271973,452.219818115,488.934326172,255.901168823,475.4737854,140.840118408,231.436233521,355.279876709,221.270339966,108.156974792,130.884674072,227.090988159,50.5316238403,9.47259521484,6.29311847687,1.45830273628,0.176784023643,0.00572771765292,0.000275970174698],"mean":[0.204739198089,1.43866014481,2.92029547691,3.03297972679,10.950258255,23.671754837,26.8150596619,17.3004264832,32.1151771545,35.5271987915,39.0027961731,30.2684059143,42.8250579834,20.6804428101,77.5182189941,64.4918823242,45.476764679,39.8419570923,26.2814369202,28.2481784821,28.4792976379,19.6579208374,19.7739868164,12.9442090988,13.1328887939,14.974978447,6.72322034836,4.45325708389,5.48735523224,4.0756816864,1.71153366566,1.30798494816,1.47264778614,0.389645665884,0.0761948600411,0.0337701067328,0.00703359721228,0.000705083017237,0.0000616928155068,0.0000422236626036],"median":[0.037730563432,0.334823250771,1.25816893578,1.76347160339,6.72692489624,17.5363178253,20.1009044647,10.1786022186,17.5619945526,19.3232440948,24.0223960876,18.9275550842,19.6623744965,13.0708236694,26.7479705811,32.1846084595,23.6190242767,20.0786190033,15.2799873352,22.1632080078,21.5016422272,12.2071685791,8.01617431641,7.3097205162,9.50593185425,9.13677120209,4.13837242126,1.93779182434,1.73426830769,0.991257667542,0.462970852852,0.27574211359,0.126243188977,0.0433130003512,0.0135762840509,0.00347524345852,0.00051250460092,0.0000714168563718,0.0000290613570542,0.0000384282102459],"min":[7.40415000656e-22,9.8913827499e-22,3.44969252506e-21,2.34352158258e-20,3.17309294097e-20,6.46513639273e-20,7.64801565467e-20,8.96654090485e-20,1.42824093566e-19,5.25113019509e-19,4.81003975236e-19,6.24345638296e-19,5.91596523869e-19,1.68551201979e-18,1.55665940744e-18,2.28617025558e-18,3.27209158397e-18,2.83924492662e-18,3.83863378936e-18,4.48488725448e-18,4.9722616578e-18,6.48649062893e-18,6.79779963887e-18,8.26240025478e-18,8.6934308371e-18,8.86880801621e-18,1.33746097053e-17,1.19692521784e-17,1.14661931899e-17,1.46620708338e-17,1.42972742575e-17,1.35360919045e-17,8.26071694224e-18,9.52370510514e-18,6.72664721694e-18,3.8684937687e-18,2.36899895224e-18,1.15164624033e-18,2.77024415656e-19,3.16547350893e-20],"var":[0.16858138144,9.31042480469,21.1479434967,16.8296222687,180.904953003,513.215270996,620.883178711,482.850036621,1778.04333496,2691.93139648,2093.42211914,1412.46533203,4809.62207031,656.436584473,27808.1914062,7158.07226562,4986.90234375,6853.49121094,1908.63037109,780.478942871,715.747192383,761.841125488,1553.03857422,428.411132812,253.845458984,479.05557251,97.9579391479,106.803443909,290.298400879,239.369186401,35.8245124817,28.6847915649,87.4097747803,5.2853064537,0.172210887074,0.0515841133893,0.00302332360297,0.0000297191472782,4.71695003057e-8,7.94792953673e-10]},"erbbands_crest":{"dmean":2.05361223221,"dmean2":3.28086090088,"dvar":4.50403690338,"dvar2":10.8021278381,"max":28.9821338654,"mean":7.72816228867,"median":6.85491275787,"min":1.95734381676,"var":12.2041692734},"erbbands_flatness_db":{"dmean":0.0126662077382,"dmean2":0.0185897015035,"dvar":0.000147986371303,"dvar2":0.000306755682686,"max":0.318383723497,"mean":0.185178488493,"median":0.183539927006,"min":0.0125038409606,"var":0.00136412621941},"erbbands_kurtosis":{"dmean":0.475425004959,"dmean2":0.732358217239,"dvar":0.335910260677,"dvar2":0.761619269848,"max":12.0952100754,"mean":-0.0190114565194,"median":-0.340580910444,"min":-1.62046504021,"var":1.21717953682},"erbbands_skewness":{"dmean":0.232223972678,"dmean2":0.354128241539,"dvar":0.0417967662215,"dvar2":0.0947591364384,"max":2.37153530121,"mean":0.249810561538,"median":0.251494646072,"min":-1.84306252003,"var":0.194386303425},"erbbands_spread":{"dmean":4.81361103058,"dmean2":7.32400274277,"dvar":23.7691478729,"dvar2":52.4169807434,"max":103.970581055,"mean":32.3538475037,"median":31.6111679077,"min":5.5622587204,"var":158.293945312},"gfcc":{"cov":[[11111.6806641,55.4619140625,-1510.5177002,805.392211914,-363.831207275,596.182922363,-463.135406494,224.436630249,-111.232887268,165.621032715,159.992919922,19.3939647675,-131.018951416],[55.4619140625,1008.43157959,-52.9522666931,-46.5703849792,148.960006714,-136.23274231,144.82232666,-39.8182754517,63.6543235779,-71.537147522,56.2718505859,-57.6563301086,62.6736717224],[-1510.5177002,-52.9522666931,780.018737793,41.7243270874,98.8720626831,141.332626343,74.4859085083,174.38571167,47.1521072388,34.8209114075,0.501723825932,51.5242195129,34.1594696045],[805.392211914,-46.5703849792,41.7243270874,299.112518311,50.3483734131,143.627685547,-22.3079147339,92.7266235352,48.9302177429,32.3338661194,55.9084739685,11.739616394,15.239607811],[-363.831207275,148.960006714,98.8720626831,50.3483734131,209.975250244,41.2803535461,93.3014602661,49.2358894348,45.4296989441,15.7463798523,33.0139656067,5.71909284592,5.57008314133],[596.182922363,-136.23274231,141.332626343,143.627685547,41.2803535461,281.108673096,28.0534305573,142.91343689,25.9597797394,48.7707901001,42.4870185852,11.0877437592,-2.83259367943],[-463.135406494,144.82232666,74.4859085083,-22.3079147339,93.3014602661,28.0534305573,157.364761353,38.0068588257,37.7313423157,-11.303311348,11.9130535126,-7.75187253952,-4.14154338837],[224.436630249,-39.8182754517,174.38571167,92.7266235352,49.2358894348,142.91343689,38.0068588257,195.540588379,45.008441925,37.5348472595,39.5246391296,16.1817474365,8.1224489212],[-111.232887268,63.6543235779,47.1521072388,48.9302177429,45.4296989441,25.9597797394,37.7313423157,45.008441925,83.7486343384,26.5739631653,29.9167156219,-3.64361286163,14.0567035675],[165.621032715,-71.537147522,34.8209114075,32.3338661194,15.7463798523,48.7707901001,-11.303311348,37.5348472595,26.5739631653,77.2689971924,24.4067573547,13.7891197205,-0.404727190733],[159.992919922,56.2718505859,0.501723825932,55.9084739685,33.0139656067,42.4870185852,11.9130535126,39.5246391296,29.9167156219,24.4067573547,83.6439590454,12.9168615341,21.3908843994],[19.3939647675,-57.6563301086,51.5242195129,11.739616394,5.71909284592,11.0877437592,-7.75187253952,16.1817474365,-3.64361286163,13.7891197205,12.9168615341,65.3465576172,11.7352905273],[-131.018951416,62.6736717224,34.1594696045,15.239607811,5.57008314133,-2.83259367943,-4.14154338837,8.1224489212,14.0567035675,-0.404727190733,21.3908843994,11.7352905273,73.0491104126]],"icov":[[0.000653004390188,-0.00105464435183,0.00159505556803,-0.00130601192359,0.0011424619006,-0.00162814906798,0.00134969863575,-0.0012780133402,0.00130365870427,-0.0013938510092,0.000938202370889,-0.00156254624017,0.00138872140087],[-0.00105464435183,0.00345017015934,-0.0025137856137,0.00218469882384,-0.0026880109217,0.00354965380393,-0.00312726362608,0.00212115771137,-0.00260358513333,0.00357098900713,-0.00288424175233,0.00397917022929,-0.00347640458494],[0.00159505556803,-0.0025137856137,0.00579843018204,-0.0028283263091,0.00220756442286,-0.00440496113151,0.00305276177824,-0.00452249124646,0.00277503370307,-0.00342949130572,0.00373436743394,-0.00500804139301,0.00239097513258],[-0.00130601192359,0.00218469882384,-0.0028283263091,0.0085356682539,-0.00385217391886,0.000529759738129,0.000452793639852,0.00192378542852,-0.00578184612095,0.00465843873098,-0.0033600134775,0.00270912284032,-0.00286183040589],[0.0011424619006,-0.0026880109217,0.00220756442286,-0.00385217391886,0.0100073767826,-0.00255355145782,-0.00174951041117,-0.0019895285368,0.00213615456596,-0.00441320100799,0.000976208597422,-0.00364308361895,0.00325047597289],[-0.00162814906798,0.00354965380393,-0.00440496113151,0.000529759738129,-0.00255355145782,0.0120032466948,-0.00575858261436,-0.000425326201366,-0.000372050271835,0.00117519672494,-0.00390878412873,0.00570393633097,-0.00332900555804],[0.00134969863575,-0.00312726362608,0.00305276177824,0.000452793639852,-0.00174951041117,-0.00575858261436,0.0151656540111,-0.00348778534681,-0.00217783870175,0.00135948345996,0.00191423657816,-0.00357209006324,0.00517952349037],[-0.0012780133402,0.00212115771137,-0.00452249124646,0.00192378542852,-0.0019895285368,-0.000425326201366,-0.00348778534681,0.0129591114819,-0.00502058444545,0.0021871230565,-0.00350230513141,0.00245721079409,-0.00229304144159],[0.00130365870427,-0.00260358513333,0.00277503370307,-0.00578184612095,0.00213615456596,-0.000372050271835,-0.00217783870175,-0.00502058444545,0.0234623849392,-0.0101407878101,-0.000432800181443,0.000523634662386,0.00020961156406],[-0.0013938510092,0.00357098900713,-0.00342949130572,0.00465843873098,-0.00441320100799,0.00117519672494,0.00135948345996,0.0021871230565,-0.0101407878101,0.0232961755246,-0.005984634161,0.00113099743612,-0.00106470950413],[0.000938202370889,-0.00288424175233,0.00373436743394,-0.0033600134775,0.000976208597422,-0.00390878412873,0.00191423657816,-0.00350230513141,-0.000432800181443,-0.005984634161,0.0205520801246,-0.0060254544951,-0.00161617121194],[-0.00156254624017,0.00397917022929,-0.00500804139301,0.00270912284032,-0.00364308361895,0.00570393633097,-0.00357209006324,0.00245721079409,0.000523634662386,0.00113099743612,-0.0060254544951,0.0232027135789,-0.00647418247536],[0.00138872140087,-0.00347640458494,0.00239097513258,-0.00286183040589,0.00325047597289,-0.00332900555804,0.00517952349037,-0.00229304144159,0.00020961156406,-0.00106470950413,-0.00161617121194,-0.00647418247536,0.0202805772424]],"mean":[-9.83776283264,131.854904175,-143.020172119,31.9453849792,-61.840473175,4.04819488525,-30.957824707,-6.13619232178,-18.4913425446,-4.72069215775,-6.93545198441,-6.02496528625,-2.16784381866]},"hfc":{"dmean":4.39716291428,"dmean2":6.31684064865,"dvar":36.5014076233,"dvar2":63.8436927795,"max":157.134033203,"mean":21.9030761719,"median":18.2447624207,"min":1.09367226553e-16,"var":264.615509033},"melbands":{"dmean":[0.00160788197536,0.00106930988841,0.000350083078956,0.000653179246001,0.000423936755396,0.000183838550583,0.000233969258261,0.000199905698537,0.000152493244968,0.0000771794875618,0.0000988964384305,0.0000325506662193,0.000126995801111,0.0000916457647691,0.0000820243585622,0.0000335634795192,0.0000398053161916,0.0000178921527549,0.0000207227967621,0.0000253157304542,0.0000140605407069,0.00000965346862358,0.00000842891950015,0.00000680266884956,0.00000481787992612,0.00000356629061571,0.00000498294866702,0.00000441490283265,0.00000220212200475,0.00000125728877265,0.00000128066415073,0.00000149694392348,0.00000162920014191,0.00000101798968899,6.42800102924e-7,3.57113634664e-7,4.48813551657e-7,5.75705144001e-7,3.22975580502e-7,8.99146712641e-8],"dmean2":[0.00277946796268,0.00175699882675,0.000574099190999,0.00106603943277,0.00067253166344,0.000300150190014,0.000394083472202,0.000304567889543,0.000234382008784,0.000116863739095,0.000147198777995,0.0000507951444888,0.000192609237274,0.000138039642479,0.000118739444588,0.0000505536845594,0.0000604480665061,0.0000275091133517,0.0000323506064888,0.0000414508431277,0.0000225428502745,0.0000150633186422,0.000012929708646,0.0000103217989817,0.00000761829323892,0.00000572535009269,0.00000792692299001,0.00000691806280884,0.00000340564497492,0.00000189962827335,0.00000189791001048,0.00000216224680116,0.00000234354615714,0.00000147997218392,0.00000100918634871,5.42488066912e-7,6.56544727917e-7,8.13163808289e-7,4.36113310798e-7,1.23107071204e-7],"dvar":[0.0000148119252117,0.00000670631152389,2.88694138817e-7,6.89553417033e-7,3.19034597851e-7,9.25202741087e-8,1.55687246206e-7,1.85784514883e-7,6.69358612981e-8,1.83804012011e-8,3.52831577288e-8,3.69745523088e-9,1.10888265681e-7,3.03189864326e-8,2.99845375196e-8,8.47789394243e-9,9.91822535212e-9,1.6702377259e-9,1.72764968998e-9,1.44516942857e-9,4.2885489604e-10,2.69822303389e-10,2.76329320537e-10,2.93522928185e-10,1.14680778762e-10,4.05465556963e-11,1.05974631848e-10,8.2953054148e-11,1.91996245291e-11,1.1657621049e-11,1.90468040645e-11,2.72101039617e-11,3.79255689353e-11,1.94564711564e-11,6.85962441363e-12,1.18885836505e-12,5.27104662001e-12,1.5719444843e-11,4.00594791714e-12,2.58082021466e-13],"dvar2":[0.0000399433411076,0.0000177334950422,7.2864673939e-7,0.00000178117863925,7.8250820934e-7,2.37679884663e-7,4.2895334218e-7,4.15771012285e-7,1.58459471322e-7,3.76739137664e-8,7.62013030453e-8,7.81438203035e-9,2.54659028087e-7,6.57367138501e-8,5.33981214801e-8,1.57955106772e-8,2.00721803623e-8,3.4620264433e-9,3.5789842201e-9,3.85319420815e-9,1.0671360462e-9,5.93229576573e-10,5.99470195706e-10,6.54582887893e-10,2.42823761099e-10,9.42892292022e-11,2.47365045114e-10,1.85736592773e-10,4.14394317472e-11,2.42590079969e-11,4.06565441036e-11,5.54040459344e-11,7.8049670893e-11,3.71368734375e-11,1.64571221234e-11,2.29522303941e-12,1.11792615096e-11,3.22510143591e-11,6.5035719865e-12,4.02281994608e-13],"max":[0.0472790002823,0.033738758415,0.00941840745509,0.013295060955,0.0131092472002,0.00707753654569,0.00653574615717,0.00891212839633,0.00545195071027,0.00371238682419,0.0037601843942,0.00192778534256,0.0085048340261,0.00335057172924,0.00371323828585,0.00275219324976,0.00256306980737,0.00162762473337,0.00148486485705,0.00111952715088,0.000408347375924,0.000372167181922,0.000414969545091,0.000521639070939,0.00042875946383,0.000233134502196,0.000329705158947,0.000343153253198,0.000136906979606,0.00011156842811,0.000175003762706,0.000167181846336,0.000243504167884,0.000160503943334,0.0000879649596754,0.0000380732162739,0.000126700251712,0.000207435252378,0.000103318605397,0.0000237612766796],"mean":[0.00187018304132,0.00167130073532,0.000701294280589,0.00127825897653,0.00103888381273,0.000461542455014,0.000456477660919,0.000391829235014,0.000343420979334,0.000188676000107,0.000210199534195,0.0000678915457684,0.000213864652324,0.000191047103726,0.000171853098436,0.0000702260003891,0.0000768371974118,0.0000401700854127,0.0000383792284993,0.0000468961261504,0.0000307798400172,0.0000206808344956,0.0000194843578356,0.0000153034525283,0.00000993190587906,0.00000817982981971,0.000011019721569,0.00000978065054369,0.00000495396352562,0.00000249663321483,0.00000251414553532,0.00000299881162391,0.00000316349724017,0.00000191685535356,0.00000101174373413,6.6987865921e-7,8.53620349517e-7,0.00000116313822218,6.90298122663e-7,2.0314858773e-7],"median":[0.000371548027033,0.00070809526369,0.000447930477094,0.000965877145063,0.000782471324783,0.000270832388196,0.000254091137322,0.000196629640413,0.000207378994673,0.000114597700303,0.0000942525366554,0.0000387162253901,0.0000802612048574,0.0000816083484096,0.0000830707213026,0.0000299250605167,0.0000372029389837,0.0000209970785363,0.0000248965843639,0.0000341064915119,0.0000216670305235,0.0000123491017803,0.00000906336208573,0.00000507489130541,0.00000561496062801,0.00000607103356742,0.00000724819255993,0.00000563698449696,0.0000029826771879,0.00000129271415972,9.54552433541e-7,9.31891293021e-7,9.09504876745e-7,4.02414059408e-7,2.58949171439e-7,2.09331830092e-7,1.42908817224e-7,9.12065729608e-8,5.75317393725e-8,2.66664450521e-8],"min":[5.00613654808e-24,2.31035507692e-24,3.69809945986e-24,6.19335446107e-24,2.33000362992e-24,2.2944753069e-24,1.907802118e-24,5.19822575622e-24,4.54535382144e-24,3.85484454401e-24,2.68810151582e-24,4.63957734011e-24,5.66869569478e-24,3.98541127902e-24,4.00601632586e-24,7.220820941e-24,4.66409474262e-24,5.99172674129e-24,5.5933279239e-24,5.91808342034e-24,4.15686309702e-24,5.90623551841e-24,6.4642114306e-24,6.76470945421e-24,6.5782251028e-24,3.53740336587e-24,6.8040026159e-24,5.72406544729e-24,8.04809385028e-24,6.63230703988e-24,7.45670691774e-24,4.87766897194e-24,8.0814177015e-24,7.27732468106e-24,6.45488472812e-24,6.24389875142e-24,9.16593736311e-24,5.67489259162e-24,5.55728368585e-24,9.15773084311e-24],"var":[0.0000145944623,0.00000754332995712,6.50437698368e-7,0.00000132796628804,9.12824475563e-7,3.40235629892e-7,3.40156390166e-7,3.78314211957e-7,1.67405147522e-7,5.87922777129e-8,1.18092629009e-7,1.01842978495e-8,2.04372199164e-7,8.48580583579e-8,8.90029241418e-8,2.60101167271e-8,3.01556575266e-8,6.53391074579e-9,3.75721320722e-9,2.53165710618e-9,1.093155233e-9,8.48607295545e-10,1.22319965268e-9,1.17294618462e-9,2.87049634062e-10,9.44567549177e-11,2.6117860652e-10,2.33902730518e-10,6.42586123201e-11,2.54947018358e-11,4.42185350835e-11,8.72238184457e-11,1.2164411145e-10,6.36273603249e-11,1.42365823991e-11,3.90125995745e-12,1.61603855298e-11,6.08144437586e-11,1.82830122569e-11,1.4093167822e-12]},"melbands_crest":{"dmean":2.93970870972,"dmean2":4.87139225006,"dvar":7.67578220367,"dvar2":21.4471073151,"max":39.6423454285,"mean":12.4611339569,"median":11.4791975021,"min":1.60673344135,"var":23.1223182678},"melbands_flatness_db":{"dmean":0.020242318511,"dmean2":0.0316664278507,"dvar":0.000437771581346,"dvar2":0.0010275017703,"max":0.431912571192,"mean":0.207154661417,"median":0.201806053519,"min":0.00432606087998,"var":0.00337351323105},"melbands_kurtosis":{"dmean":3.65519809723,"dmean2":5.76746463776,"dvar":98.4863357544,"dvar2":192.970993042,"max":633.579589844,"mean":7.06272888184,"median":5.05598831177,"min":-1.4289740324,"var":194.26852417},"melbands_skewness":{"dmean":0.504204690456,"dmean2":0.7933344841,"dvar":0.372408896685,"dvar2":0.869677960873,"max":23.9207782745,"mean":2.08183884621,"median":1.99814510345,"min":-0.769951462746,"var":1.24706208706},"melbands_spread":{"dmean":4.65727186203,"dmean2":7.20918655396,"dvar":40.0014228821,"dvar2":74.8218688965,"max":156.150756836,"mean":21.2934513092,"median":19.1572761536,"min":1.32136332989,"var":192.32699585},"mfcc":{"cov":[[7909.23291016,-572.867797852,-778.10333252,209.566329956,127.252975464,243.12298584,-47.6941452026,85.3941192627,-164.807220459,86.714302063,240.882537842,206.656860352,8.05670547485],[-572.867797852,1013.1348877,-108.91469574,94.7774658203,-43.5580291748,-29.0908050537,38.559223175,4.45464277267,18.2668781281,20.0267372131,-68.8048629761,-12.8477067947,42.3028068542],[-778.10333252,-108.91469574,656.622253418,-35.6879997253,158.964996338,-19.7218704224,101.146385193,91.5507965088,125.281867981,-4.2303071022,65.2638397217,29.8208351135,10.743891716],[209.566329956,94.7774658203,-35.6879997253,179.288726807,55.1945571899,25.2222957611,-4.57554340363,25.4049282074,4.16072559357,11.8266716003,8.36874008179,26.39727211,22.5569877625],[127.252975464,-43.5580291748,158.964996338,55.1945571899,181.937652588,31.847202301,66.083442688,60.8500595093,60.1952095032,14.5129089355,63.164478302,55.3617973328,21.9093170166],[243.12298584,-29.0908050537,-19.7218704224,25.2222957611,31.847202301,120.512199402,29.1663532257,20.9426021576,5.7948641777,27.1683597565,16.0171508789,13.6829071045,19.8354949951],[-47.6941452026,38.559223175,101.146385193,-4.57554340363,66.083442688,29.1663532257,130.247451782,80.4657592773,50.7741546631,24.8552360535,48.6683731079,29.1842498779,15.5793828964],[85.3941192627,4.45464277267,91.5507965088,25.4049282074,60.8500595093,20.9426021576,80.4657592773,133.799636841,52.8148002625,21.4006175995,53.4619102478,36.5983200073,13.9429664612],[-164.807220459,18.2668781281,125.281867981,4.16072559357,60.1952095032,5.7948641777,50.7741546631,52.8148002625,97.8156661987,26.3223438263,35.6076164246,17.9314727783,10.606672287],[86.714302063,20.0267372131,-4.2303071022,11.8266716003,14.5129089355,27.1683597565,24.8552360535,21.4006175995,26.3223438263,80.2902832031,37.6932754517,10.5047702789,5.62703466415],[240.882537842,-68.8048629761,65.2638397217,8.36874008179,63.164478302,16.0171508789,48.6683731079,53.4619102478,35.6076164246,37.6932754517,111.587860107,44.3478469849,4.90696287155],[206.656860352,-12.8477067947,29.8208351135,26.39727211,55.3617973328,13.6829071045,29.1842498779,36.5983200073,17.9314727783,10.5047702789,44.3478469849,78.6098251343,29.9862174988],[8.05670547485,42.3028068542,10.743891716,22.5569877625,21.9093170166,19.8354949951,15.5793828964,13.9429664612,10.606672287,5.62703466415,4.90696287155,29.9862174988,64.3071136475]],"icov":[[0.000200497961487,0.000089876812126,0.000283230416244,-0.0000640935832052,-0.000196582899662,-0.000236630046857,0.000165751480381,-0.000186407400179,0.000277086655842,3.54629122512e-7,-0.000342119805282,-0.000326075125486,0.000163564647664],[0.000089876812126,0.00135348539334,0.000344282423612,-0.000945810694247,0.000433373468695,0.000658483419102,-0.00114547275007,0.000188288453501,-0.00043708429439,-0.000515374122187,0.000922470819205,0.00000346231217918,-0.000696264381986],[0.000283230416244,0.000344282423612,0.00300792162307,0.000715601607226,-0.00212159380317,0.000529266078956,-0.000298577971989,-0.000635350763332,-0.00180585600901,0.000934269046411,-0.000542529509403,0.000398608011892,-0.000174218352186],[-0.0000640935832052,-0.000945810694247,0.000715601607226,0.00818884558976,-0.00376701098867,-0.00082849804312,0.00334646482952,-0.00241295271553,0.000894334923942,-0.000765942211729,0.000645830761641,-0.000391847395804,-0.00105739501305],[-0.000196582899662,0.000433373468695,-0.00212159380317,-0.00376701098867,0.0124094039202,-0.00149157759733,-0.00307485740632,0.00161644304171,-0.00346074183472,0.00189911050256,-0.00202801707201,-0.00391686707735,0.000427829829277],[-0.000236630046857,0.000658483419102,0.000529266078956,-0.00082849804312,-0.00149157759733,0.0111081739888,-0.00266176322475,-0.0000451336272818,0.000936884782277,-0.0033916013781,0.00147302774712,0.001545543666,-0.00315566384234],[0.000165751480381,-0.00114547275007,-0.000298577971989,0.00334646482952,-0.00307485740632,-0.00266176322475,0.016328766942,-0.00714144716039,-0.00077015691204,-0.000781159498729,-0.00217532203533,-0.0000215295985981,-0.000558670551982],[-0.000186407400179,0.000188288453501,-0.000635350763332,-0.00241295271553,0.00161644304171,-0.0000451336272818,-0.00714144716039,0.0147603889927,-0.00386353139766,0.000958567252383,-0.00209877290763,-0.00203556264751,0.000507725169882],[0.000277086655842,-0.00043708429439,-0.00180585600901,0.000894334923942,-0.00346074183472,0.000936884782277,-0.00077015691204,-0.00386353139766,0.0190780796111,-0.0048413448967,-0.000670030480251,0.000990063650534,-0.000978437485173],[3.54629122512e-7,-0.000515374122187,0.000934269046411,-0.000765942211729,0.00189911050256,-0.0033916013781,-0.000781159498729,0.000958567252383,-0.0048413448967,0.0180510357022,-0.00660516740754,0.00136347464286,-0.0000806786920293],[-0.000342119805282,0.000922470819205,-0.000542529509403,0.000645830761641,-0.00202801707201,0.00147302774712,-0.00217532203533,-0.00209877290763,-0.000670030480251,-0.00660516740754,0.0182671751827,-0.00632881000638,0.00276449485682],[-0.000326075125486,0.00000346231217918,0.000398608011892,-0.000391847395804,-0.00391686707735,0.001545543666,-0.0000215295985981,-0.00203556264751,0.000990063650534,0.00136347464286,-0.00632881000638,0.0237810239196,-0.00947496946901],[0.000163564647664,-0.000696264381986,-0.000174218352186,-0.00105739501305,0.000427829829277,-0.00315566384234,-0.000558670551982,0.000507725169882,-0.000978437485173,-0.0000806786920293,0.00276449485682,-0.00947496946901,0.0216164253652]],"mean":[-636.225830078,149.086837769,-17.9435100555,24.4514045715,-7.97572612762,7.26920318604,-4.31896591187,-1.61732912064,-6.14829063416,0.597137987614,-8.56787967682,0.0716732367873,3.35505127907]},"pitch_salience":{"dmean":0.0641480535269,"dmean2":0.105212889612,"dvar":0.00374325248413,"dvar2":0.00987167935818,"max":0.851654291153,"mean":0.580886483192,"median":0.587663412094,"min":0.0639385506511,"var":0.0100746536627},"silence_rate_20dB":{"dmean":0,"dmean2":0,"dvar":0,"dvar2":0,"max":1,"mean":1,"median":1,"min":1,"var":0},"silence_rate_30dB":{"dmean":0.0115129519254,"dmean2":0.0230287853628,"dvar":0.0113804042339,"dvar2":0.0297575350851,"max":1,"mean":0.991991996765,"median":1,"min":0,"var":0.00794387981296},"silence_rate_60dB":{"dmean":0.00125140778255,"dmean2":0.00250312895514,"dvar":0.00124984176364,"dvar2":0.00299748894759,"max":1,"mean":0.0609359368682,"median":0,"min":0,"var":0.0572227463126},"spectral_centroid":{"dmean":164.78692627,"dmean2":252.60383606,"dvar":45394.265625,"dvar2":88597.6640625,"max":11659.5722656,"mean":1149.50891113,"median":1071.62841797,"min":301.811462402,"var":330598.375},"spectral_complexity":{"dmean":2.88774871826,"dmean2":4.57146453857,"dvar":7.31226491928,"dvar2":16.6443920135,"max":55,"mean":23.1620368958,"median":24,"min":0,"var":58.5994949341},"spectral_contrast_coeffs":{"dmean":[0.0499433651567,0.0404670014977,0.0349250994623,0.0280162598938,0.0194002911448,0.0151179581881],"dmean2":[0.0814106091857,0.0659542530775,0.0560424663126,0.0454181991518,0.0316966064274,0.0239487942308],"dvar":[0.00174198532477,0.00114022172056,0.00081444933312,0.00049051688984,0.00024361605756,0.000174709537532],"dvar2":[0.00444715423509,0.00309861497954,0.00207961769775,0.00126259285025,0.000606298970524,0.000406947918236],"max":[-0.293530374765,-0.501305878162,-0.502155661583,-0.588409721851,-0.628488898277,-0.604621171951],"mean":[-0.591334700584,-0.709563851357,-0.75467479229,-0.771326065063,-0.787909686565,-0.728985965252],"median":[-0.596999108791,-0.710086464882,-0.761664092541,-0.774807155132,-0.789227604866,-0.726536512375],"min":[-0.969355404377,-0.973350942135,-0.976769685745,-0.970403432846,-0.965671777725,-0.961215734482],"var":[0.00896580889821,0.00359590305015,0.00374702457339,0.00265317293815,0.00161116663367,0.00177801901009]},"spectral_contrast_valleys":{"dmean":[0.38906788826,0.280811458826,0.265447258949,0.223317652941,0.189536899328,0.222611531615],"dmean2":[0.624585092068,0.459654957056,0.433994799852,0.363176643848,0.289257913828,0.3122151196],"dvar":[0.154186829925,0.0883634015918,0.0838049501181,0.0715551823378,0.0641332119703,0.084345497191],"dvar2":[0.345669418573,0.211204946041,0.197961956263,0.157903239131,0.125664919615,0.157953441143],"max":[-5.03315925598,-4.78014612198,-5.06015539169,-5.75401496887,-5.69403219223,-7.59886169434],"mean":[-7.30791711807,-6.42574501038,-7.05094861984,-7.36802387238,-7.51404953003,-10.8790864944],"median":[-7.07851552963,-6.24023771286,-6.84235954285,-7.1164894104,-7.26359510422,-10.7050895691],"min":[-27.786026001,-28.2060852051,-27.7458095551,-27.6101722717,-27.4045448303,-27.3136672974],"var":[1.88957333565,1.41204822063,1.44686949253,1.58393919468,1.50160777569,1.64045119286]},"spectral_decrease":{"dmean":2.51398568629e-9,"dmean2":4.0490082398e-9,"dvar":1.65887366078e-17,"dvar2":4.18931610015e-17,"max":3.95555831335e-15,"mean":-8.36195646059e-9,"median":-7.54407825099e-9,"min":-6.44172857278e-8,"var":3.31564264322e-17},"spectral_energy":{"dmean":0.00974640063941,"dmean2":0.0156570747495,"dvar":0.000241031521,"dvar2":0.000607568887062,"max":0.248380616307,"mean":0.033546641469,"median":0.0303222388029,"min":1.0200044105e-20,"var":0.000505915551912},"spectral_energyband_high":{"dmean":0.000215754495002,"dmean2":0.000287285016384,"dvar":3.5834659684e-7,"dvar2":4.74195473998e-7,"max":0.0183779858053,"mean":0.000591055199038,"median":0.000240765541093,"min":7.41857417044e-21,"var":0.00000197271265279},"spectral_energyband_low":{"dmean":0.00652571162209,"dmean2":0.0109327910468,"dvar":0.000224413975957,"dvar2":0.000586826470681,"max":0.198669880629,"mean":0.00977788679302,"median":0.00401962175965,"min":4.06897799683e-23,"var":0.000253796955803},"spectral_energyband_middle_high":{"dmean":0.00207019154914,"dmean2":0.00303066871129,"dvar":0.0000104960954559,"dvar2":0.0000226911633945,"max":0.0757437795401,"mean":0.00753177143633,"median":0.00496678985655,"min":1.41759228582e-21,"var":0.0000503318624396},"spectral_energyband_middle_low":{"dmean":0.00434265332296,"dmean2":0.00691943615675,"dvar":0.0000240784520429,"dvar2":0.0000590499694226,"max":0.0612477771938,"mean":0.0163648873568,"median":0.0153279192746,"min":2.42990211928e-22,"var":0.0000878289501998},"spectral_entropy":{"dmean":0.110166594386,"dmean2":0.165201440454,"dvar":0.0120703903958,"dvar2":0.0239403024316,"max":9.80973911285,"mean":7.42507410049,"median":7.43933057785,"min":5.57685661316,"var":0.158227980137},"spectral_flux":{"dmean":0.0231055989861,"dmean2":0.0361239686608,"dvar":0.000862193061039,"dvar2":0.00195453525521,"max":0.383480429649,"mean":0.082624591887,"median":0.076882623136,"min":6.64824376106e-11,"var":0.00214457977563},"spectral_kurtosis":{"dmean":2.00365161896,"dmean2":3.49793720245,"dvar":4.95115280151,"dvar2":14.9219465256,"max":50.7917251587,"mean":5.09398651123,"median":4.08065700531,"min":-1.24955272675,"var":21.0274925232},"spectral_rms":{"dmean":0.000724501092918,"dmean2":0.00114335282706,"dvar":8.68342681315e-7,"dvar2":0.00000209494123737,"max":0.0155667131767,"mean":0.00537020340562,"median":0.00543899554759,"min":3.154562115e-12,"var":0.00000388934358853},"spectral_rolloff":{"dmean":307.182952881,"dmean2":506.014099121,"dvar":666144.4375,"dvar2":1375055.125,"max":21813.1347656,"mean":1350.89050293,"median":1141.25976562,"min":21.533203125,"var":3222250.5},"spectral_skewness":{"dmean":0.215806230903,"dmean2":0.35943159461,"dvar":0.0380605272949,"dvar2":0.105772182345,"max":5.65786981583,"mean":1.52116179466,"median":1.44463896751,"min":-0.0443234480917,"var":0.325784683228},"spectral_spread":{"dmean":282010.6875,"dmean2":420182.9375,"dvar":265766551552,"dvar2":495062941696,"max":41681216,"mean":3452756.25,"median":3156209,"min":1322892,"var":3022782988290},"spectral_strongpeak":{"dmean":0.581960320473,"dmean2":0.997709214687,"dvar":1.01822090149,"dvar2":2.50392508507,"max":12.5352573395,"mean":0.953077971935,"median":0.494294703007,"min":0,"var":1.51310098171},"zerocrossingrate":{"dmean":0.00722700264305,"dmean2":0.00845838803798,"dvar":0.000262403133092,"dvar2":0.00035177465179,"max":0.787109375,"mean":0.0497190319002,"median":0.04345703125,"min":0.001953125,"var":0.00185390433762}},"metadata":{"audio_properties":{"analysis_sample_rate":44100,"bit_rate":0,"codec":"flac","downmix":"mix","equal_loudness":0,"length":185.533340454,"lossless":true,"md5_encoded":"4122d073d548afda0b625405afa2fc36","replay_gain":-10.7567977905},"tags":{"album":["Without You I'm Nothing"],"albumartist":["Placebo"],"albumartistsort":["Placebo"],"artist":["Placebo"],"artistsort":["Placebo"],"barcode":["724384653125"],"composer":["Placebo"],"date":["1998-10-12"],"discnumber":["1"],"disctotal":["1"],"file_name":"10. Summer's Gone.flac","mixer":["Jake Davies"],"musicbrainz_albumartistid":["847e8284-8582-4b0e-9c26-b042a4f49e57"],"musicbrainz_albumid":["febbd996-fc2b-4811-a389-ef339c015664"],"musicbrainz_artistid":["847e8284-8582-4b0e-9c26-b042a4f49e57"],"musicbrainz_recordingid":["28fcb839-34ab-423f-947d-4f57399a66d7"],"originaldate":["1998-10-09"],"title":["Summer's Gone"],"totaldiscs":["1"],"totaltracks":["12"],"tracknumber":["10"],"tracktotal":["12"]},"version":{"essentia":"2.1-beta1","essentia_build_sha":"50a0fbec89d6a9cedea3d45b6611406f7e8c7b1a","essentia_git_sha":"v2.1_beta1-7-ge0e83e8-dirty","extractor":"music 1.0"}},"rhythm":{"beats_count":372,"beats_loudness":{"dmean":0.018618863076,"dmean2":0.0321757085621,"dvar":0.000274223013548,"dvar2":0.000764748605434,"max":0.127111881971,"mean":0.0414414927363,"median":0.0392364636064,"min":2.96294970781e-8,"var":0.000520118803252},"beats_loudness_band_ratio":{"dmean":[0.211788997054,0.154553472996,0.11702799052,0.0874600857496,0.039076693356,0.0261927582324],"dmean2":[0.365975141525,0.26823836565,0.203954070807,0.150993824005,0.0655845925212,0.045120537281],"dvar":[0.0289201680571,0.0152701325715,0.00783109292388,0.00786624848843,0.00158484652638,0.00343537610024],"dvar2":[0.0752117484808,0.0422778055072,0.0216377265751,0.0223547369242,0.0042041526176,0.00924380403012],"max":[0.861100614071,0.784338891506,0.568405210972,0.77076536417,0.338112711906,0.532265901566],"mean":[0.340786665678,0.290887266397,0.205948650837,0.148804366589,0.067271977