{"lowlevel":{"average_loudness":0.699394762516,"barkbands":{"dmean":[0.0000134534184326,0.000544711307157,0.000846840732265,0.000772904022597,0.00170477514621,0.00125947128981,0.0011785243405,0.000689294480253,0.000615347758867,0.000465932826046,0.000267577008344,0.000291057047434,0.000420353579102,0.000224916773732,0.000275689206319,0.00020572610083,0.000212387734791,0.000137723909575,0.0000759096292313,0.000050966089475,0.000023137048629,0.0000170297098521,0.00000843277666718,0.0000024164039587,0.00000118209948141,4.40894183384e-7,4.02671993527e-8],"dmean2":[0.0000192062416318,0.000863809662405,0.00135253055487,0.00117907009553,0.00253820070066,0.00185954070184,0.00173829856794,0.00100326247048,0.000922985957004,0.000702176825143,0.000411369372159,0.00045441131806,0.000632107374258,0.000362045539077,0.000434588844655,0.00031797066913,0.000324167776853,0.000208559504244,0.000111137771455,0.000074290765042,0.0000346903652826,0.0000238332686422,0.0000110520222734,0.00000326461076838,0.00000159682645062,6.43348073481e-7,6.85944314682e-8],"dvar":[1.08342756988e-9,0.0000026315078685,0.00000788209126767,0.00000504024092152,0.00000928493409447,0.00000826129598863,0.00000585068346481,0.00000359932164429,0.00000303694218928,0.00000100664863112,3.68943972262e-7,9.22290041672e-7,0.00000371706914848,4.76256360571e-7,4.69668435699e-7,2.81667325908e-7,3.60475866046e-7,8.40862526275e-8,3.80531126609e-8,4.21819095209e-8,1.6748483489e-8,6.2692877556e-9,1.49748236034e-9,1.02726646634e-10,3.01312239048e-11,5.43354640795e-12,1.50699209513e-13],"dvar2":[2.5593280828e-9,0.00000680707671563,0.000021231620849,0.0000114035547085,0.0000214265583054,0.0000178861228051,0.0000122088022181,0.00000806554999144,0.00000746181285649,0.00000241252882915,8.71122324497e-7,0.00000210257917388,0.00000932675538934,0.00000129904299229,0.00000114555246,6.49222272386e-7,8.12305984255e-7,1.89268305917e-7,8.57064463844e-8,9.55164836114e-8,4.32955893359e-8,1.32409967435e-8,2.44807307759e-9,1.77673722956e-10,5.10977926638e-11,1.24437240026e-11,4.09849292091e-13],"max":[0.000579282466788,0.0286183748394,0.0379578173161,0.062190964818,0.0515975579619,0.0763995498419,0.0730454400182,0.0439413264394,0.0423723682761,0.0256571806967,0.0162615329027,0.0412154644728,0.0805864781141,0.014589169994,0.0223358962685,0.0126524493098,0.0231435485184,0.00737745175138,0.00535322446376,0.00883267726749,0.00543780252337,0.00317806052044,0.00190592510626,0.000363327562809,0.000220289686695,0.000055866639741,0.0000122906740216],"mean":[0.0000275899674307,0.00125313072931,0.00191280641593,0.0014826488914,0.00348121207207,0.0024699808564,0.00213593291119,0.00113073410466,0.00108112848829,0.00078308704542,0.000429757230449,0.000458636612166,0.000790060672443,0.000345162668964,0.000455253379187,0.000356268952601,0.000380313111236,0.000262597604888,0.000135304202558,0.0000817603940959,0.0000340907026839,0.0000260974120465,0.0000139385019793,0.0000038451544242,0.00000184100292699,6.94084860697e-7,9.25643135474e-8],"median":[0.0000109027059807,0.0000706723949406,0.00013682997087,0.000187732031918,0.00161832966842,0.00096821290208,0.000753329251893,0.00023815651366,0.000295276404358,0.000291835254757,0.000134700792842,0.000114037829917,0.00014940656547,0.0000762355484767,0.000116084847832,0.0000855791804497,0.0000976507435553,0.0000851203658385,0.0000494525884278,0.0000201469501917,0.00000541153531231,0.00000282629207504,0.0000013828007468,3.76256110712e-7,2.31253608263e-7,1.80740045153e-7,6.57363301571e-8],"min":[1.63882658173e-24,9.58528083197e-24,3.98020795248e-24,5.63273063864e-25,1.16204780697e-23,1.20453025441e-23,1.04312939209e-23,1.15252278486e-23,2.19004921348e-23,3.23257433812e-23,1.36031284937e-23,2.04357478278e-23,3.37281014124e-23,3.22335823394e-23,6.58160347851e-23,9.55809179424e-23,9.79130937008e-23,1.48970336121e-22,2.02716363605e-22,2.258213927e-22,2.60637699332e-22,3.49372030369e-22,4.64007025196e-22,6.35360336559e-22,8.78557495101e-22,1.45276482942e-21,2.16110345825e-21],"var":[2.64120747495e-9,0.00000523624157722,0.0000153373675857,0.000014716260921,0.000026700363378,0.0000223957413255,0.0000171501942532,0.00000786782402429,0.00000694143636792,0.00000221168397729,7.38911694498e-7,0.00000196231326299,0.000010660103726,8.52581763411e-7,9.18401553918e-7,7.02779914263e-7,9.00138672932e-7,2.07000127261e-7,7.65463781249e-8,6.26803995374e-8,1.72748215732e-8,1.09177786811e-8,3.4849119146e-9,2.36545005805e-10,6.35681646211e-11,7.16830327735e-12,9.99011528884e-14]},"barkbands_crest":{"dmean":2.31091618538,"dmean2":3.56875300407,"dvar":5.42980098724,"dvar2":12.8167324066,"max":24.6759033203,"mean":10.821685791,"median":9.93156242371,"min":2.82688975334,"var":21.0657787323},"barkbands_flatness_db":{"dmean":0.0192370396107,"dmean2":0.0274490173906,"dvar":0.000383244158002,"dvar2":0.000788069213741,"max":0.464178621769,"mean":0.18801663816,"median":0.185271084309,"min":0.0541311576962,"var":0.00267015956342},"barkbands_kurtosis":{"dmean":2.55161046982,"dmean2":3.85179042816,"dvar":26.3436546326,"dvar2":59.5285301208,"max":368.616394043,"mean":5.47056102753,"median":1.92611312866,"min":-1.83997774124,"var":370.066589355},"barkbands_skewness":{"dmean":0.454844504595,"dmean2":0.671651959419,"dvar":0.244557186961,"dvar2":0.537165284157,"max":14.637263298,"mean":1.58170318604,"median":1.39812397957,"min":-3.09698081017,"var":1.74000096321},"barkbands_spread":{"dmean":3.29632234573,"dmean2":4.92659282684,"dvar":17.9399814606,"dvar2":39.3170280457,"max":73.2454986572,"mean":13.2832984924,"median":11.6417322159,"min":0.417406111956,"var":63.755027771},"dissonance":{"dmean":0.0217621643096,"dmean2":0.0350852571428,"dvar":0.000412659166614,"dvar2":0.0010771806119,"max":0.500000059605,"mean":0.441817551851,"median":0.449738323689,"min":0.266783356667,"var":0.00148634216748},"dynamic_complexity":4.23722839355,"erbbands":{"dmean":[0.0108006773517,0.148507744074,0.799013197422,1.87135803699,3.69215679169,6.84288883209,8.41829776764,10.5457372665,17.8358078003,12.8148384094,14.9650506973,16.2209129333,12.6418638229,14.2252655029,8.76396656036,14.004365921,19.6555213928,13.0050878525,12.341843605,11.6158380508,11.765791893,9.297747612,8.16434383392,4.61507225037,3.68663406372,2.13505101204,1.10126101971,0.843028724194,0.640675902367,0.438748896122,0.20158021152,0.082189463079,0.0246129017323,0.0139257144183,0.00825035385787,0.00291656842455,0.000646687520202,0.0000855858670548,0.0000084071434685,0.00000638331903247],"dmean2":[0.016783349216,0.236868724227,1.27369785309,2.87640070915,5.63513088226,10.1346483231,12.2113256454,15.8499622345,26.111410141,18.9511814117,21.6575775146,24.1826477051,18.9579944611,21.4636669159,13.863237381,21.7051715851,29.4308776855,20.5322818756,19.718837738,17.6841907501,17.925655365,13.9087877274,12.3224000931,6.70239305496,5.4393901825,3.0618159771,1.62116742134,1.28198838234,0.906137406826,0.610122084618,0.267093390226,0.110784642398,0.031906824559,0.0183821413666,0.0116145126522,0.00420887488872,0.000953973038122,0.000137376147904,0.0000135002892421,0.00000874564921105],"dvar":[0.00104410888162,0.20494312048,7.0841422081,29.4313526154,72.3703155518,190.480010986,374.870605469,825.479675293,1507.75341797,740.345214844,2100.7121582,2430.84472656,837.34954834,980.011657715,466.622680664,2243.66455078,8948.50195312,1576.33007812,878.64855957,1348.5567627,1017.53503418,615.539794922,298.858917236,101.837913513,133.279983521,76.7243347168,20.1396636963,32.1748695374,8.63471412659,4.42802143097,0.846203505993,0.118426606059,0.0120734246448,0.0042513734661,0.00161224009935,0.000204416399356,0.000014647759599,4.88709474666e-7,3.84759335503e-9,1.07240299974e-10],"dvar2":[0.0026503240224,0.538349509239,19.0579090118,70.9865951538,175.75994873,429.828582764,785.142578125,1702.98303223,3254.49291992,1681.7713623,4806.4140625,6015.41796875,1861.1060791,2438.52661133,1213.52807617,5066.90966797,22182.8847656,4315.06445312,2145.08178711,3303.08349609,2281.7109375,1327.78503418,658.347351074,214.765396118,317.301086426,173.926849365,45.2908630371,86.4246444702,19.3136615753,8.0512714386,1.37582397461,0.207493022084,0.0187612473965,0.00645990530029,0.00318923615851,0.000431832333561,0.0000359760160791,0.00000132439583922,1.04949471336e-8,2.159379342e-10],"max":[0.662384212017,7.98026657104,35.5258560181,126.733306885,176.371826172,267.70098877,703.26953125,961.796569824,990.937194824,540.492126465,1216.93457031,1334.74536133,646.192321777,998.864379883,767.508361816,2120.70678711,4421.80126953,1189.26782227,1133.05175781,1791.0949707,882.815124512,796.647399902,368.821228027,326.571746826,384.030883789,370.579467773,143.556228638,251.788818359,80.3899688721,98.1640090942,39.8674278259,11.1815414429,5.80618476868,2.82054662704,1.37279260159,0.425473839045,0.0916182994843,0.0212848354131,0.00163485226221,0.000219611232751],"mean":[0.0235440153629,0.348363161087,1.95176792145,3.89124631882,7.18683862686,13.7512874603,16.7869567871,19.9763240814,32.7311286926,22.9426422119,25.4748764038,28.9617176056,23.221162796,24.4484500885,15.3228416443,23.2998752594,37.6942710876,22.5102386475,21.3319129944,20.8519573212,22.4489192963,17.9789409637,15.6760787964,9.05100250244,6.64585065842,3.51537823677,1.7239035368,1.17193591595,0.973914146423,0.693027436733,0.331200540066,0.129137769341,0.0409175753593,0.022269943729,0.0121693154797,0.00446450989693,0.00100644933991,0.000150187726831,0.0000252006284427,0.0000234838626056],"median":[0.00124286022037,0.0218126550317,0.154160708189,0.682481706142,2.41394114494,5.65735816956,6.36456203461,7.79705429077,11.1235694885,9.15883922577,6.95653247833,7.93431377411,8.89817810059,9.72208976746,5.71001958847,6.22787761688,7.69098854065,6.17434883118,6.00483226776,5.52518177032,5.88631343842,5.19763278961,5.05738019943,3.54701423645,2.14432740211,0.956356406212,0.31645989418,0.174215734005,0.10185199976,0.0703791081905,0.0363090708852,0.0126789081842,0.00453704223037,0.00247951131314,0.00167953188065,0.000904368993361,0.000305035762722,0.0000746838486521,0.0000178936279553,0.000016678852262],"min":[7.91790103534e-23,8.95879719377e-22,3.56795188768e-21,7.33283576904e-21,1.75524947174e-20,2.36182053025e-20,9.40172256382e-20,1.13034437501e-19,9.26291325598e-20,3.22630114e-19,3.58250475731e-19,5.81346256815e-19,7.96429604595e-19,9.58145430602e-19,8.21953813359e-19,1.40456560481e-18,1.96330739363e-18,2.25434696305e-18,4.01982563459e-18,3.80685847331e-18,4.92890209087e-18,5.53750146732e-18,8.50609593505e-18,8.32009031225e-18,7.42565495281e-18,1.21774336863e-17,9.38411920395e-18,1.24658368243e-17,1.17848918179e-17,1.41991325865e-17,1.33162256433e-17,1.30164007954e-17,1.10546228587e-17,9.26492413205e-18,6.92964064798e-18,4.31865000754e-18,2.71787106098e-18,9.89173285571e-19,3.00199250534e-19,2.77931037919e-20],"var":[0.0023884982802,0.383093655109,14.236784935,68.65650177,180.249923706,552.660888672,1191.28796387,2063.87866211,4368.86132812,1640.21118164,4295.29199219,5494.12597656,2129.38525391,2023.06420898,951.226013184,4825.56494141,25910.7734375,2928.0859375,1958.37390137,2338.34960938,2815.29638672,1596.67370605,744.680358887,263.336120605,239.33782959,103.263534546,29.6961688995,28.3474178314,14.2842512131,8.90726852417,1.91332089901,0.259384870529,0.0309206899256,0.0100137200207,0.00282389041968,0.000325669534504,0.0000155616071424,3.46485592218e-7,2.74393463506e-9,4.94553509256e-10]},"erbbands_crest":{"dmean":2.67123913765,"dmean2":4.21264743805,"dvar":7.32523345947,"dvar2":18.1443729401,"max":31.0799407959,"mean":10.2224617004,"median":9.06300544739,"min":1.85691249371,"var":22.6844787598},"erbbands_flatness_db":{"dmean":0.0149142099544,"dmean2":0.0210368521512,"dvar":0.000233997619944,"dvar2":0.000444949488156,"max":0.37800359726,"mean":0.22611810267,"median":0.225762665272,"min":0.0226577185094,"var":0.00180761422962},"erbbands_kurtosis":{"dmean":0.839448273182,"dmean2":1.30005645752,"dvar":1.93661689758,"dvar2":4.6546163559,"max":34.6256332397,"mean":0.283076971769,"median":-0.362704396248,"min":-1.85328543186,"var":5.61325025558},"erbbands_skewness":{"dmean":0.356078326702,"dmean2":0.540133953094,"dvar":0.126044139266,"dvar2":0.291207283735,"max":4.82241773605,"mean":0.407587766647,"median":0.385111093521,"min":-3.57289910316,"var":0.615880429745},"erbbands_spread":{"dmean":5.08444738388,"dmean2":7.53285312653,"dvar":30.586687088,"dvar2":65.8272399902,"max":128.501342773,"mean":27.6165657043,"median":26.1172332764,"min":2.00512886047,"var":138.848876953},"gfcc":{"cov":[[11324.2558594,1024.53991699,-1944.92626953,966.820556641,-212.076461792,163.837661743,78.6778488159,-114.679550171,130.609619141,-133.443588257,-14.0977802277,-105.271728516,-91.0147018433],[1024.53991699,1013.41491699,74.1617660522,-110.059539795,329.38092041,-50.0764350891,93.4631118774,15.0517549515,24.8272571564,-63.1284065247,26.3294372559,-60.1729888916,-12.6389055252],[-1944.92626953,74.1617660522,1084.12475586,126.465026855,197.206359863,218.472564697,107.937080383,103.706878662,7.86132192612,43.7884254456,-35.7723350525,7.47119760513,12.6694583893],[966.820556641,-110.059539795,126.465026855,625.518615723,83.9075241089,199.969177246,137.105987549,51.6142311096,61.7461662292,-8.92501735687,-15.6025342941,-21.6351490021,18.4892082214],[-212.076461792,329.38092041,197.206359863,83.9075241089,353.1378479,108.624450684,90.2540664673,61.1953468323,37.9304275513,4.54871416092,10.2703037262,-13.8140621185,23.9524765015],[163.837661743,-50.0764350891,218.472564697,199.969177246,108.624450684,337.03302002,134.700836182,49.2176589966,59.0337486267,51.3443069458,7.23607492447,14.9886455536,-0.968929171562],[78.6778488159,93.4631118774,107.937080383,137.105987549,90.2540664673,134.700836182,202.631713867,67.7433853149,26.4535961151,12.5580682755,12.8807048798,-10.0299186707,-8.06558036804],[-114.679550171,15.0517549515,103.706878662,51.6142311096,61.1953468323,49.2176589966,67.7433853149,139.566192627,50.0976448059,9.79706096649,-4.6100769043,1.32584297657,11.6839990616],[130.609619141,24.8272571564,7.86132192612,61.7461662292,37.9304275513,59.0337486267,26.4535961151,50.0976448059,124.734901428,41.4466323853,22.0998897552,15.8111610413,10.8283033371],[-133.443588257,-63.1284065247,43.7884254456,-8.92501735687,4.54871416092,51.3443069458,12.5580682755,9.79706096649,41.4466323853,120.486457825,36.1671638489,27.7547073364,20.6484775543],[-14.0977802277,26.3294372559,-35.7723350525,-15.6025342941,10.2703037262,7.23607492447,12.8807048798,-4.6100769043,22.0998897552,36.1671638489,95.6233825684,39.0008010864,3.79711461067],[-105.271728516,-60.1729888916,7.47119760513,-21.6351490021,-13.8140621185,14.9886455536,-10.0299186707,1.32584297657,15.8111610413,27.7547073364,39.0008010864,93.1688156128,36.0447349548],[-91.0147018433,-12.6389055252,12.6694583893,18.4892082214,23.9524765015,-0.968929171562,-8.06558036804,11.6839990616,10.8283033371,20.6484775543,3.79711461067,36.0447349548,99.2648391724]],"icov":[[0.000959278957453,-0.00278905150481,0.00220349896699,-0.00257962569594,0.00267874752171,-0.00223698071204,0.00201604980975,-0.001348328311,0.00132545316592,-0.00143105909228,0.00160059914924,-0.00133828504477,0.000955803145189],[-0.00278905150481,0.0101671852171,-0.0065022232011,0.00819975882769,-0.00978260301054,0.00743245985359,-0.0071463403292,0.00497721461579,-0.00500815734267,0.00545270973817,-0.00543050514534,0.00496614584699,-0.00287702609785],[0.00220349896699,-0.0065022232011,0.00630828505382,-0.00599881540984,0.00571776647121,-0.00577912200242,0.00482021830976,-0.00389744876884,0.00384734128602,-0.00389029597864,0.00440977048129,-0.003534124,0.00242314091884],[-0.00257962569594,0.00819975882769,-0.00599881540984,0.00944967381656,-0.00769361900166,0.00524615217,-0.00677413213998,0.00427027745172,-0.00490954658017,0.00527275120839,-0.00446993531659,0.00480679608881,-0.00359673216008],[0.00267874752171,-0.00978260301054,0.00571776647121,-0.00769361900166,0.0132732894272,-0.00784303434193,0.00605848664418,-0.00525066256523,0.00409447588027,-0.00424733525142,0.0039549972862,-0.00311406329274,0.0011610473739],[-0.00223698071204,0.00743245985359,-0.00577912200242,0.00524615217,-0.00784303434193,0.0112926699221,-0.00782901234925,0.00453090434894,-0.00483253551647,0.00208693509921,-0.00279356539249,0.00180983718019,-0.000968248408753],[0.00201604980975,-0.0071463403292,0.00482021830976,-0.00677413213998,0.00605848664418,-0.00782901234925,0.013766319491,-0.0069462726824,0.0050662397407,-0.00380098517053,0.0017429057043,-0.00215116981417,0.00293543259613],[-0.001348328311,0.00497721461579,-0.00389744876884,0.00427027745172,-0.00525066256523,0.00453090434894,-0.0069462726824,0.0132855782285,-0.00685061700642,0.00333656347357,-0.000946279149503,0.00203080708161,-0.00236544688232],[0.00132545316592,-0.00500815734267,0.00384734128602,-0.00490954658017,0.00409447588027,-0.00483253551647,0.0050662397407,-0.00685061700642,0.0145245771855,-0.00595892872661,0.00120921886992,-0.00309553858824,0.0019167928258],[-0.00143105909228,0.00545270973817,-0.00389029597864,0.00527275120839,-0.00424733525142,0.00208693509921,-0.00380098517053,0.00333656347357,-0.00595892872661,0.0148135684431,-0.0065967226401,0.00292674591765,-0.00400157086551],[0.00160059914924,-0.00543050514534,0.00440977048129,-0.00446993531659,0.0039549972862,-0.00279356539249,0.0017429057043,-0.000946279149503,0.00120921886992,-0.0065967226401,0.0185436028987,-0.00952171720564,0.00430573197082],[-0.00133828504477,0.00496614584699,-0.003534124,0.00480679608881,-0.00311406329274,0.00180983718019,-0.00215116981417,0.00203080708161,-0.00309553858824,0.00292674591765,-0.00952171720564,0.0194090958685,-0.00763840181753],[0.000955803145189,-0.00287702609785,0.00242314091884,-0.00359673216008,0.0011610473739,-0.000968248408753,0.00293543259613,-0.00236544688232,0.0019167928258,-0.00400157086551,0.00430573197082,-0.00763840181753,0.0144043127075]],"mean":[-85.081741333,140.390899658,-143.32144165,6.07057237625,-47.4421310425,-17.8097419739,-38.7286567688,-4.38695526123,-22.3236312866,-7.83733320236,-13.3295602798,-1.90373253822,-11.9952878952]},"hfc":{"dmean":3.64708209038,"dmean2":4.79526090622,"dvar":38.1187782288,"dvar2":75.6504364014,"max":129.348556519,"mean":12.3097982407,"median":7.52519989014,"min":1.11318975752e-16,"var":194.716140747},"melbands":{"dmean":[0.000121767916426,0.000333936943207,0.000350084359525,0.000384423852665,0.000285237329081,0.000241895177169,0.000266502145678,0.000137403432745,0.000118447271234,0.000101940990135,0.0000627136250841,0.0000592291944486,0.0000302586413454,0.000033025880839,0.0000404298734793,0.0000403782141802,0.0000247830685112,0.0000190926857613,0.0000196296005015,0.0000158270395332,0.0000152459633682,0.0000115248631118,0.00000891197578312,0.00000598616406933,0.00000389374235965,0.00000281042707684,0.00000253840039477,0.00000124570669868,7.39913559755e-7,5.72380372432e-7,4.89706678763e-7,3.97940453922e-7,3.05034120629e-7,2.32382944887e-7,1.28809631406e-7,7.87383882539e-8,3.95984862678e-8,1.90187474658e-8,1.22693499804e-8,1.18706422469e-8],"dmean2":[0.00019011060067,0.000530634075403,0.000535244646017,0.000572037301026,0.000416604714701,0.000362491264241,0.000390619359678,0.000202986775548,0.000171693827724,0.000152432228788,0.0000940042882576,0.000089557870524,0.0000473585205327,0.0000518840934092,0.000060784539528,0.0000612688818364,0.0000398624033551,0.0000305381327053,0.0000307155569317,0.000024457622203,0.0000235926818277,0.0000175323966687,0.0000134231031552,0.00000918877503864,0.0000057678248595,0.00000424803238275,0.00000366895710613,0.00000185480166692,0.00000110818575649,8.71904205724e-7,7.54969278205e-7,5.70701331526e-7,4.39529401319e-7,3.18612450201e-7,1.74346851622e-7,1.0748564705e-7,5.56741674984e-8,2.55173926433e-8,1.63009534759e-8,1.63381042029e-8],"dvar":[1.25287428432e-7,0.00000117875958949,8.98222594969e-7,5.3480778206e-7,3.5340354998e-7,3.74770394274e-7,3.19628895795e-7,8.80473223219e-8,1.28250675857e-7,9.7441450464e-8,2.08138892788e-8,1.78919155047e-8,5.09996622711e-9,1.16499077052e-8,2.39432580429e-8,3.35126344453e-8,6.7019496619e-9,2.20739226897e-9,2.42869679923e-9,2.00426408803e-9,2.00057304056e-9,1.10062636782e-9,4.47446579788e-10,1.86292703486e-10,7.59185075916e-11,6.31566743348e-11,9.13623482424e-11,2.78718732122e-11,8.14515382225e-12,9.48760167652e-12,1.14908204479e-11,3.25607401284e-12,2.30547048466e-12,1.12453752907e-12,3.77865842999e-13,1.11047184902e-13,2.99113794985e-14,8.14688062427e-15,3.4308773067e-15,3.53319189871e-15],"dvar2":[3.1757645047e-7,0.00000315829606734,0.00000211176870835,0.00000125014025798,7.5687142953e-7,7.96746746801e-7,6.78782839714e-7,1.96865670432e-7,2.95161385111e-7,2.42373488391e-7,4.58413325077e-8,4.49966179872e-8,1.28720678561e-8,2.76431393331e-8,5.94512314933e-8,8.17071921233e-8,1.87193851531e-8,5.30567900725e-9,5.91294657681e-9,5.09687891892e-9,4.67122029946e-9,2.43209274942e-9,9.47105616156e-10,4.47578724083e-10,1.59971480507e-10,1.59690274892e-10,2.08747047425e-10,6.37962113692e-11,1.81126710852e-11,2.42621912144e-11,3.11052052171e-11,7.46306315358e-12,4.86414424364e-12,1.94688883071e-12,6.3345769602e-13,1.91956205705e-13,5.79674383581e-14,1.29137889279e-14,6.0206669904e-15,5.78616168379e-15],"max":[0.00728565780446,0.0144929345697,0.0226516462862,0.0129555324093,0.0193356983364,0.0186700485647,0.0160635914654,0.00634442130104,0.00977306999266,0.00850903429091,0.00311112613417,0.0043722493574,0.002404010389,0.00492237694561,0.00551901850849,0.00928855966777,0.00180242944043,0.00185110233724,0.00153890915681,0.00165475043468,0.00117924937513,0.00123833550606,0.000629171554465,0.00043520674808,0.000307559297653,0.000254819198744,0.000381286110496,0.00020075001521,0.000105649778561,0.000121248936921,0.000150286650751,0.0000515780629939,0.0000666788910166,0.0000494158521178,0.0000273056230071,0.0000104866576294,0.0000055222485571,0.00000509897154188,0.0000022006920517,0.00000277942581306],"mean":[0.000278352643363,0.000834366190247,0.00075028865831,0.000778308603913,0.000581106811296,0.000461651419755,0.000490251521114,0.000239471977693,0.00019683589926,0.000179834911251,0.000110834975203,0.000098374854133,0.0000497766050103,0.000052538143791,0.0000700612508808,0.0000760434559197,0.0000382871694455,0.0000309637325699,0.0000323772910633,0.0000269208339887,0.0000270377513516,0.0000203113831958,0.0000163282093126,0.000011093881767,0.00000691878130965,0.0000048383030844,0.00000420653850597,0.00000186259785551,0.00000110880569082,7.9993185409e-7,6.3906674086e-7,5.75370847855e-7,4.47476168119e-7,3.65466036101e-7,2.06743322906e-7,1.20085630329e-7,5.97106435407e-8,3.07374321551e-8,1.91126847682e-8,1.81423871481e-8],"median":[0.0000151692547661,0.0000605027234997,0.000156539710588,0.00032152433414,0.000257226638496,0.000182901712833,0.000174045155291,0.0000864894682309,0.0000474709013361,0.000046613462473,0.0000404796010116,0.0000357344215445,0.0000176920148078,0.0000135550108098,0.000015895913748,0.0000152426055138,0.00000846231068863,0.00000817518321128,0.00000790112153481,0.00000668517941449,0.00000627488861937,0.00000516662566952,0.00000468018561151,0.00000365195228369,0.00000253585722021,0.00000169629197444,0.0000010503821386,4.38537341552e-7,1.94431109435e-7,1.14136270213e-7,8.75884040852e-8,5.4192913268e-8,4.51631585463e-8,3.24125792872e-8,2.13380335623e-8,1.25602035439e-8,5.30178567715e-9,3.03063263374e-9,2.17439266592e-9,1.91849913733e-9],"min":[1.65418708406e-24,1.65515659411e-24,1.34005655793e-24,1.68018675621e-24,3.23859468789e-24,2.91812211451e-24,1.61298448455e-24,3.28749400604e-24,3.68334026676e-24,3.51936408912e-24,3.8778023685e-24,3.45851175333e-24,2.69556768985e-24,1.72985028336e-24,3.7439587053e-24,5.35477401957e-24,3.3681706136e-24,6.40242981665e-24,4.59736736523e-24,5.34190454277e-24,4.69087025946e-24,5.61749941089e-24,5.16010010868e-24,6.32152029791e-24,5.69598357678e-24,5.96352496393e-24,4.42717969683e-24,7.67199652511e-24,5.83133002001e-24,6.88519218027e-24,6.85704562317e-24,5.68487838739e-24,6.33388529817e-24,7.44288213038e-24,8.20966991861e-24,5.69902739659e-24,6.43842120102e-24,6.16458312613e-24,7.80645076665e-24,7.280637108e-24],"var":[2.72467360674e-7,0.00000226024326366,0.00000226821452998,0.00000150889411543,0.00000109402890303,9.51331458054e-7,9.38420839702e-7,2.00840503339e-7,2.52059351169e-7,2.2648876552e-7,5.17205975825e-8,3.64113006412e-8,1.00482573373e-8,2.20692406572e-8,5.74740859349e-8,9.56175938427e-8,1.1357711216e-8,4.82436179894e-9,4.92318319445e-9,3.81393538973e-9,4.91687135451e-9,2.60124521922e-9,1.17525467136e-9,3.95125931973e-10,1.83883755445e-10,1.04376000898e-10,1.53831350436e-10,3.4040416319e-11,1.18785094608e-11,1.03780343694e-11,9.65295378352e-12,5.14961727774e-12,3.85694948202e-12,2.47569261098e-12,8.25481068049e-13,2.36551636569e-13,5.878996156e-14,2.05995092403e-14,7.35130662263e-15,7.49037672707e-15]},"melbands_crest":{"dmean":2.94970202446,"dmean2":4.57257270813,"dvar":9.0565071106,"dvar2":21.4345302582,"max":35.8742332458,"mean":14.7079219818,"median":13.7885780334,"min":1.89733147621,"var":32.3843917847},"melbands_flatness_db":{"dmean":0.0234987176955,"dmean2":0.0324123054743,"dvar":0.000616800796706,"dvar2":0.00120679312386,"max":0.613963127136,"mean":0.262429535389,"median":0.262889802456,"min":0.00421534059569,"var":0.0047653275542},"melbands_kurtosis":{"dmean":4.34794378281,"dmean2":6.58059072495,"dvar":59.3346862793,"dvar2":134.6980896,"max":256.771453857,"mean":9.8093996048,"median":5.34448337555,"min":-1.83992373943,"var":263.412963867},"melbands_skewness":{"dmean":0.538986444473,"dmean2":0.795990765095,"dvar":0.365765035152,"dvar2":0.818569123745,"max":11.5205879211,"mean":2.23734045029,"median":2.00688695908,"min":-2.43690872192,"var":1.75658655167},"melbands_spread":{"dmean":4.70724582672,"dmean2":7.01939153671,"dvar":53.1457977295,"dvar2":104.244995117,"max":172.805877686,"mean":17.0220890045,"median":13.957324028,"min":0.430655837059,"var":199.883377075},"mfcc":{"cov":[[9375.09277344,60.1681289673,-1188.30822754,655.586669922,-325.288665771,417.105163574,-156.231826782,283.567932129,-33.4468955994,133.570648193,19.4111785889,32.5017356873,94.1665039062],[60.1681289673,1366.63244629,-113.440963745,-55.3892707825,166.443527222,-81.146484375,83.2346343994,5.02423143387,4.68904590607,-13.3919410706,29.062587738,-9.62062454224,-12.5294532776],[-1188.30822754,-113.440963745,746.613891602,72.3790740967,134.590560913,150.565032959,119.020004272,70.5350341797,87.7513504028,57.0495758057,47.0154533386,16.6050300598,-8.16604137421],[655.586669922,-55.3892707825,72.3790740967,378.727294922,71.5535354614,87.4529190063,69.3192520142,82.64402771,63.4562263489,48.095500946,-11.3900947571,-2.64926075935,24.9156990051],[-325.288665771,166.443527222,134.590560913,71.5535354614,278.25982666,85.6998214722,73.0465621948,45.2275085449,94.5820083618,21.1565303802,1.65441215038,44.6453361511,26.9570140839],[417.105163574,-81.146484375,150.565032959,87.4529190063,85.6998214722,291.823150635,104.100250244,73.30418396,77.3999328613,55.6532821655,47.5432815552,50.2244529724,21.57654953],[-156.231826782,83.2346343994,119.020004272,69.3192520142,73.0465621948,104.100250244,205.001480103,69.2906265259,67.8573608398,39.4040298462,16.9377422333,15.4649896622,27.987039566],[283.567932129,5.02423143387,70.5350341797,82.64402771,45.2275085449,73.30418396,69.2906265259,173.335571289,51.6377105713,42.6040725708,29.0352745056,15.3910369873,24.4400939941],[-33.4468955994,4.68904590607,87.7513504028,63.4562263489,94.5820083618,77.3999328613,67.8573608398,51.6377105713,170.000442505,51.5223197937,0.577055931091,34.8888168335,23.5157661438],[133.570648193,-13.3919410706,57.0495758057,48.095500946,21.1565303802,55.6532821655,39.4040298462,42.6040725708,51.5223197937,113.559738159,45.3707008362,13.1918802261,2.58958649635],[19.4111785889,29.062587738,47.0154533386,-11.3900947571,1.65441215038,47.5432815552,16.9377422333,29.0352745056,0.577055931091,45.3707008362,111.234359741,35.2070274353,-1.52847385406],[32.5017356873,-9.62062454224,16.6050300598,-2.64926075935,44.6453361511,50.2244529724,15.4649896622,15.3910369873,34.8888168335,13.1918802261,35.2070274353,99.7577056885,40.4102668762],[94.1665039062,-12.5294532776,-8.16604137421,24.9156990051,26.9570140839,21.57654953,27.987039566,24.4400939941,23.5157661438,2.58958649635,-1.52847385406,40.4102668762,95.1043014526]],"icov":[[0.000278915889794,-0.000129992971779,0.000491386454087,-0.000488303950988,0.000460267416202,-0.000749742728658,0.000521613983437,-0.000408075080486,0.0000859923966345,-0.000230595134781,0.000178956703166,-0.0000590517302044,-0.000119184645882],[-0.000129992971779,0.00102058961056,0.0000659847355564,0.000401036406402,-0.00109174638055,0.000862302142195,-0.000889394374099,0.00019633876218,0.0000653494062135,0.000300563959172,-0.000739251379855,0.000383430800866,0.000289716612315],[0.000491386454087,0.0000659847355564,0.00263103842735,-0.000807734788395,0.00000198321004063,-0.00161342695355,0.000245695526246,-0.000798605266027,-0.0000801247806521,-0.000405928265536,-0.000383192440495,0.000368145148968,0.000326360808685],[-0.000488303950988,0.000401036406402,-0.000807734788395,0.00422995397821,-0.0013848177623,0.000808849406894,-0.00117852189578,-0.000327859394019,-0.000270724791335,-0.000605490466114,0.000631117029116,0.000972288195044,-0.000320684688631],[0.000460267416202,-0.00109174638055,0.00000198321004063,-0.0013848177623,0.00662108231336,-0.00200837431476,0.000842019217089,-0.000787461060099,-0.00181330961641,0.000142307515489,0.00148043932859,-0.00200555543415,-0.000382643076591],[-0.000749742728658,0.000862302142195,-0.00161342695355,0.000808849406894,-0.00200837431476,0.00754856923595,-0.00323163974099,0.000561693916097,-0.000756897614338,0.0002518700785,-0.00183957873378,-0.00135121110361,0.00089373649098],[0.000521613983437,-0.000889394374099,0.000245695526246,-0.00117852189578,0.000842019217089,-0.00323163974099,0.00858058128506,-0.00201762397774,-0.0010038705077,-0.000979611184448,0.000577646191232,0.000967021507677,-0.00194258370902],[-0.000408075080486,0.00019633876218,-0.000798605266027,-0.000327859394019,-0.000787461060099,0.000561693916097,-0.00201762397774,0.00851457286626,-0.00104896607809,-0.000399761105655,-0.00196965644136,0.000952981354203,-0.00121766701341],[0.0000859923966345,0.0000653494062135,-0.0000801247806521,-0.000270724791335,-0.00181330961641,-0.000756897614338,-0.0010038705077,-0.00104896607809,0.00978412013501,-0.00386361521669,0.00307435076684,-0.00251928297803,0.0000440049770987],[-0.000230595134781,0.000300563959172,-0.000405928265536,-0.000605490466114,0.000142307515489,0.0002518700785,-0.000979611184448,-0.000399761105655,-0.00386361521669,0.0138275148347,-0.00589877692983,0.0015818051761,0.000497123750392],[0.000178956703166,-0.000739251379855,-0.000383192440495,0.000631117029116,0.00148043932859,-0.00183957873378,0.000577646191232,-0.00196965644136,0.00307435076684,-0.00589877692983,0.0148638561368,-0.00593048986048,0.00202029640786],[-0.0000590517302044,0.000383430800866,0.000368145148968,0.000972288195044,-0.00200555543415,-0.00135121110361,0.000967021507677,0.000952981354203,-0.00251928297803,0.0015818051761,-0.00593048986048,0.0166701581329,-0.00636726571247],[-0.000119184645882,0.000289716612315,0.000326360808685,-0.000320684688631,-0.000382643076591,0.00089373649098,-0.00194258370902,-0.00121766701341,0.0000440049770987,0.000497123750392,0.00202029640786,-0.00636726571247,0.0142867909744]],"mean":[-723.806884766,176.572250366,-37.4254302979,23.3157978058,-3.09681677818,-7.96621751785,-13.1094655991,-0.966312229633,-12.1887979507,-5.26373958588,-4.82562303543,-6.42176151276,-2.83707785606]},"pitch_salience":{"dmean":0.0655841976404,"dmean2":0.103083096445,"dvar":0.00420410884544,"dvar2":0.0100417053327,"max":0.940175950527,"mean":0.552673995495,"median":0.562348127365,"min":0.142453595996,"var":0.0143832620233},"silence_rate_20dB":{"dmean":0,"dmean2":0,"dvar":0,"dvar2":0,"max":1,"mean":1,"median":1,"min":1,"var":0},"silence_rate_30dB":{"dmean":0.000936768134125,"dmean2":0.00187382881995,"dvar":0.000935912306886,"dvar2":0.00218268530443,"max":1,"mean":0.999219477177,"median":1,"min":0,"var":0.000779894238804},"silence_rate_60dB":{"dmean":0.0505854785442,"dmean2":0.10118675977,"dvar":0.0480300113559,"dvar2":0.0975176244974,"max":1,"mean":0.151264443994,"median":0,"min":0,"var":0.128387972713},"spectral_centroid":{"dmean":180.813323975,"dmean2":262.514282227,"dvar":67905.4296875,"dvar2":130203.03125,"max":11278.9658203,"mean":965.54901123,"median":837.862426758,"min":126.223640442,"var":497222.90625},"spectral_complexity":{"dmean":2.8765027523,"dmean2":4.0143661499,"dvar":12.2478265762,"dvar2":20.3161449432,"max":61,"mean":14.6509523392,"median":13,"min":0,"var":77.4617843628},"spectral_contrast_coeffs":{"dmean":[0.0450509637594,0.0469973646104,0.0396723970771,0.0317784883082,0.0234534069896,0.018575610593],"dmean2":[0.0709968730807,0.0738711133599,0.0614401325583,0.0495780929923,0.0349315479398,0.0262296944857],"dvar":[0.00164371461142,0.00166172604077,0.00115737284068,0.000762870826293,0.000410025095334,0.000401363329729],"dvar2":[0.00381367863156,0.00398752838373,0.00266562658362,0.00168828526512,0.000859967316501,0.000714464578778],"max":[-0.249612718821,-0.382831722498,-0.434572577477,-0.477778971195,-0.581228911877,-0.538249015808],"mean":[-0.556020617485,-0.67403781414,-0.73094701767,-0.748740375042,-0.751759231091,-0.760506331921],"median":[-0.560055315495,-0.678503930569,-0.735289335251,-0.751870632172,-0.74955034256,-0.752648353577],"min":[-0.981418371201,-0.975117325783,-0.974643409252,-0.972477972507,-0.964988768101,-0.962841510773],"var":[0.0116372099146,0.00752202840522,0.00504670292139,0.00394733855501,0.00285291182809,0.00307813915424]},"spectral_contrast_valleys":{"dmean":[0.437103390694,0.395482122898,0.367110550404,0.352124512196,0.314602911472,0.202591314912],"dmean2":[0.66090297699,0.584915339947,0.535604715347,0.4925801754,0.405567675829,0.258226335049],"dvar":[0.189985409379,0.167068988085,0.160030782223,0.15699057281,0.140419334173,0.0789441019297],"dvar2":[0.355915635824,0.302907735109,0.281539291143,0.265168786049,0.218028306961,0.112745791674],"max":[-5.26518344879,-4.69094705582,-5.12179613113,-5.33923387527,-5.58509397507,-8.91545295715],"mean":[-8.56109428406,-7.20575809479,-7.87766647339,-8.30132484436,-8.60508537292,-12.0848960876],"median":[-8.56276988983,-7.00171947479,-7.67334747314,-8.14935970306,-8.43801498413,-12.1456604004],"min":[-28.0932731628,-27.8475818634,-27.6129970551,-27.6543064117,-27.4557571411,-27.3305664062],"var":[2.89665842056,2.3084397316,2.32771110535,2.30853915215,2.20270419121,1.18649291992]},"spectral_decrease":{"dmean":1.37192024408e-9,"dmean2":1.90279547674e-9,"dvar":4.46697341754e-18,"dvar2":9.04190465837e-18,"max":1.58224810692e-28,"mean":-4.87978502051e-9,"median":-3.41644823543e-9,"min":-3.36544694335e-8,"var":2.16744200305e-17},"spectral_energy":{"dmean":0.00544006191194,"dmean2":0.00750094465911,"dvar":0.0000691367531545,"dvar2":0.000138120041811,"max":0.130240648985,"mean":0.0195338893682,"median":0.0136870946735,"min":1.02515861813e-20,"var":0.000347068969859},"spectral_energyband_high":{"dmean":0.0000620383798378,"dmean2":0.0000851371805766,"dvar":7.63152243621e-8,"dvar2":1.66148907965e-7,"max":0.00846441648901,"mean":0.000106040410174,"median":0.0000184403397725,"min":7.27787511033e-21,"var":1.23228744542e-7},"spectral_energyband_low":{"dmean":0.0015051238006,"dmean2":0.00231927679852,"dvar":0.0000198587949853,"dvar2":0.0000512373990205,"max":0.0672434717417,"mean":0.00395369483158,"median":0.000505598261952,"min":2.50918478596e-23,"var":0.0000404786915169},"spectral_energyband_middle_high":{"dmean":0.00155751861166,"dmean2":0.0021945273038,"dvar":0.0000101037821878,"dvar2":0.0000225106905418,"max":0.088902361691,"mean":0.00428790180013,"median":0.00196315255016,"min":1.3226112114e-21,"var":0.0000408755040553},"spectral_energyband_middle_low":{"dmean":0.00421357294545,"dmean2":0.0059886011295,"dvar":0.0000373215734726,"dvar2":0.0000787819953985,"max":0.0939800664783,"mean":0.0120926788077,"median":0.00787889771163,"min":1.61224438314e-22,"var":0.000152060718392},"spectral_entropy":{"dmean":0.173512756824,"dmean2":0.240456879139,"dvar":0.0334737226367,"dvar2":0.0647580474615,"max":9.81698322296,"mean":6.92698478699,"median":6.94231414795,"min":5.10756397247,"var":0.248133897781},"spectral_flux":{"dmean":0.018443800509,"dmean2":0.0284421946853,"dvar":0.000539991015103,"dvar2":0.00113807339221,"max":0.316433519125,"mean":0.0568025261164,"median":0.0490640290082,"min":6.55610635225e-11,"var":0.00172498379834},"spectral_kurtosis":{"dmean":4.53116083145,"dmean2":7.75578927994,"dvar":18.385761261,"dvar2":50.7451934814,"max":63.6297073364,"mean":11.1587438583,"median":9.28772735596,"min":-1.22892057896,"var":55.5086975098},"spectral_rms":{"dmean":0.000582196400501,"dmean2":0.000770281709265,"dvar":5.26544795321e-7,"dvar2":9.46846512306e-7,"max":0.0112722693011,"mean":0.0038601863198,"median":0.00365421129391,"min":3.16252232735e-12,"var":0.00000415650765717},"spectral_rolloff":{"dmean":286.575500488,"dmean2":471.621643066,"dvar":279325.90625,"dvar2":591293.1875,"max":19250.6835938,"mean":1104.39685059,"median":882.861328125,"min":43.06640625,"var":1332558.25},"spectral_skewness":{"dmean":0.412308722734,"dmean2":0.67201590538,"dvar":0.137830629945,"dvar2":0.34456500411,"max":6.42967748642,"mean":2.1043009758,"median":1.95256173611,"min":-0.0587649680674,"var":0.653487384319},"spectral_spread":{"dmean":266534.28125,"dmean2":399345.0625,"dvar":291015753728,"dvar2":584261828608,"max":41758172,"mean":2703012.75,"median":2400951.75,"min":1204086.5,"var":4554093494270},"spectral_strongpeak":{"dmean":0.422093331814,"dmean2":0.690930902958,"dvar":0.544233798981,"dvar2":1.36907815933,"max":14.5553331375,"mean":0.920398950577,"median":0.599219322205,"min":0,"var":1.12037050724},"zerocrossingrate":{"dmean":0.00604439573362,"dmean2":0.00686079356819,"dvar":0.000099396405858,"dvar2":0.000143909201142,"max":0.52197265625,"mean":0.039950568229,"median":0.03564453125,"min":0,"var":0.000948416127358}},"metadata":{"audio_properties":{"analysis_sample_rate":44100,"bit_rate":0,"codec":"flac","downmix":"mix","equal_loudness":0,"length":148.706665039,"lossless":true,"md5_encoded":"00a5dcc5c3d0748105c775a91bffbffd","replay_gain":-4.28637886047},"tags":{"album":["The Beatles (disc 1)"],"albumartist":["The Beatles"],"albumartistsort":["Beatles, The"],"artist":["The Beatles"],"artistsort":["Beatles, The"],"asin":["B000002UAX"],"catalognumber":["PMC 7067"],"date":["1968-11-22"],"file_name":"09 Martha My Dear.flac","format":["Vinyl"],"genre":["Rock & Roll"],"isrc":["GBAYE0601652"],"label":["Apple Records"],"language":["eng"],"musicbrainz_albumartistid":["b10bbbfc-cf9e-42e0-be17-e2c3e1d2600d"],"musicbrainz_albumid":["d6213baf-e959-4817-9fa2-3ce97f131678"],"musicbrainz_artistid":["b10bbbfc-cf9e-42e0-be17-e2c3e1d2600d"],"musicbrainz_recordingid":["291758ed-60eb-4192-92af-367b1c754745"],"musicip_puid":["1b51f0a9-4ea7-b8fa-de4d-4bf64cbeb8e0"],"producer":["Chris Thomas","George Martin"],"releasecountry":["GB"],"releasestatus":["official"],"releasetype":["album"],"replaygain_album_gain":["-3.16 dB"],"replaygain_album_peak":["0.97302246"],"replaygain_reference_loudness":["89.0 dB"],"replaygain_track_gain":["-0.14 dB"],"replaygain_track_peak":["0.62075806"],"script":["Latn"],"title":["Martha My Dear"],"totaltracks":["17"],"tracknumber":["9"],"tracktotal":["17"]},"version":{"essentia":"2.1-beta1","essentia_build_sha":"eef087cf131c10083d474ad51def18efd0e38295","essentia_git_sha":"v2.1_beta1-7-ge0e83e8-dirty","extractor":"music 1.0"}},"rhythm":{"beats_count":438,"beats_loudness":{"dmean":0.0149644669145,"dmean2":0.0274071861058,"dvar":0.000219750145334,"dvar2":0.000657904194668,"max":0.0978277847171,"mean":0.0304558612406,"median":0.0278853662312,"min":0.0000010141727671,"var":0.000478044559713},"beats_loudness_band_ratio":{"dmean":[0.18484595418,0.184380918741,0.16697563231,0.0867767259479,0.0634815767407,0.0155