{"lowlevel":{"average_loudness":0.942310988903,"barkbands":{"dmean":[0.0249183177948,0.0110135218129,0.00224706879817,0.00118805596139,0.00528236245736,0.00231719017029,0.000970054417849,0.000784057774581,0.000692401255947,0.000644841231406,0.0004833896528,0.000416234135628,0.000163858974702,0.000177824695129,0.000120141492516,0.0000585661946388,0.0000757539382903,0.0000994500442175,0.000102626756416,0.000117046649393,0.0000928499575821,0.0000343468454957,0.000016615500499,0.0000105439985418,0.0000055408481785,0.00000757756924941,0.0000371959649783],"dmean2":[0.0385206267238,0.0176793318242,0.00371841108426,0.00190535758156,0.00810932740569,0.00356803438626,0.00156553566922,0.0012591968989,0.0010889043333,0.00101924233604,0.000780933187343,0.000679147080518,0.000268562318524,0.000278984516626,0.000197204222786,0.0000923840634641,0.000113635833259,0.000142481090734,0.000146229373058,0.000156995694852,0.000123617690406,0.0000473894469906,0.0000234080343944,0.0000152370848809,0.00000879070012161,0.0000109424254333,0.0000467376994493],"dvar":[0.00180653028656,0.000297007267363,0.0000192981078726,0.00000812415510154,0.000129622421809,0.0000305208122882,0.00000718843693903,0.00000651670461593,0.0000033342032566,0.00000274519175036,0.00000102497062926,6.80120024299e-7,9.22491665278e-8,1.791806028e-7,2.28491543908e-7,1.06675432932e-8,3.16892787566e-8,6.55375416159e-8,6.71520510309e-8,3.54676323866e-8,2.37389041757e-8,5.30178256852e-9,1.4326831943e-9,5.53033008277e-10,8.62086166342e-11,1.46407858059e-10,3.43896555677e-9],"dvar2":[0.00369719858281,0.000718446390238,0.0000483090007037,0.0000173214357346,0.000281198474113,0.0000679138465784,0.0000169146533153,0.0000151104122779,0.00000741365329304,0.00000674343164064,0.00000244047305387,0.00000171358612988,2.41527772005e-7,4.19653247263e-7,6.47046419999e-7,2.45558045009e-8,7.3860647376e-8,1.45268572282e-7,1.45618088254e-7,6.94972186466e-8,4.47995063269e-8,9.96150806287e-9,2.61590571426e-9,9.64237134582e-10,1.96132082797e-10,2.80878598158e-10,6.33245278436e-9],"max":[0.648374557495,0.260435730219,0.0764612108469,0.0972901657224,0.174520120025,0.115043662488,0.0718693807721,0.0863934457302,0.0490578822792,0.0368250347674,0.021876802668,0.0116639584303,0.00527374213561,0.0171497371048,0.0219352059066,0.00253338227049,0.00615642406046,0.00832704734057,0.00983791705221,0.0037426459603,0.00311615504324,0.00280228978954,0.00149010273162,0.00110762147233,0.000143444733112,0.000305886962451,0.00167482614052],"mean":[0.0315229296684,0.0145033802837,0.00249992287718,0.00141678145155,0.00605619838461,0.00276234582998,0.00116838794202,0.000898258644156,0.000821401772555,0.00073064834578,0.000602394342422,0.000532560050488,0.000214225845411,0.000246798474109,0.000153499044245,0.0000844293026603,0.000113392365165,0.000148125880514,0.000159747331054,0.000177782407263,0.000138864634209,0.0000528301861777,0.0000266056686087,0.0000149303932631,0.00000625044140179,0.0000116713254101,0.0000786417876952],"median":[0.0121789295226,0.0071642100811,0.000962688121945,0.00044706184417,0.00148292840458,0.000531253463123,0.000248277501669,0.000163713411894,0.000165116216522,0.00015880036517,0.000192672683625,0.000209149060538,0.0000972966299742,0.0000935600110097,0.0000625924440101,0.0000420143369411,0.000049650650908,0.0000595824931224,0.0000624074236839,0.0000630643771729,0.0000433804489148,0.000020965206204,0.0000124341549963,0.00000653985171084,0.00000249889944826,0.00000614581131231,0.0000431320804637],"min":[2.73754066291e-12,3.65818529982e-12,1.85188886795e-12,1.28882039589e-12,1.2512526822e-12,2.19147142382e-13,3.84453292769e-13,2.82116127334e-13,9.78784653154e-14,2.00875774348e-13,6.56400186484e-14,9.10856405491e-14,3.62606808729e-14,4.58010162457e-14,6.30548740933e-14,4.8596157209e-14,3.37452403531e-14,3.29341046622e-14,4.50673163068e-14,3.18710241033e-14,1.88313906434e-14,2.7690310033e-14,1.36343327511e-14,3.76804571703e-14,2.09743450364e-14,4.77838831058e-14,3.96145518732e-14],"var":[0.00289365346543,0.000409710890381,0.0000217397155211,0.0000135469790621,0.000180125789484,0.0000506120377395,0.0000099238141047,0.000011273265045,0.00000529593125975,0.00000333640696226,0.00000166990923844,8.62359115672e-7,1.28489588747e-7,4.44084832907e-7,2.18682245645e-7,1.76061067947e-8,4.73792667322e-8,9.44596010299e-8,1.05804012662e-7,8.11894622643e-8,5.06887580798e-8,1.14354454794e-8,3.20376036811e-9,1.15170128989e-9,1.11941678149e-10,3.09228614936e-10,9.76022462851e-9]},"barkbands_crest":{"dmean":4.18807220459,"dmean2":6.92330503464,"dvar":10.4595031738,"dvar2":27.2199497223,"max":26.0961914062,"mean":13.5125370026,"median":13.1675310135,"min":2.43104577065,"var":23.3687210083},"barkbands_flatness_db":{"dmean":0.0438866876066,"dmean2":0.0677416399121,"dvar":0.00126600707881,"dvar2":0.00302803330123,"max":0.473452717066,"mean":0.18698887527,"median":0.182756245136,"min":0.017946915701,"var":0.00391345191747},"barkbands_kurtosis":{"dmean":19.2153930664,"dmean2":30.2902755737,"dvar":1542.85144043,"dvar2":3760.21362305,"max":858.834899902,"mean":24.244977951,"median":10.3780488968,"min":-1.81030666828,"var":2044.56945801},"barkbands_skewness":{"dmean":1.45539116859,"dmean2":2.1631925106,"dvar":2.39318823814,"dvar2":5.20789432526,"max":21.4161090851,"mean":3.36069655418,"median":2.75724983215,"min":-2.22202777863,"var":6.59369421005},"barkbands_spread":{"dmean":6.13506746292,"dmean2":9.246301651,"dvar":60.6337547302,"dvar2":126.81463623,"max":96.2744369507,"mean":13.4492816925,"median":9.92713165283,"min":0.249168932438,"var":159.925613403},"dissonance":{"dmean":0.0209842193872,"dmean2":0.0340142436326,"dvar":0.000515683088452,"dvar2":0.00122207310051,"max":0.500000119209,"mean":0.466338306665,"median":0.475488305092,"min":0,"var":0.000973263755441},"dynamic_complexity":3.40797472,"erbbands":{"dmean":[0.658936738968,1.57967817783,2.48893451691,3.37711453438,8.03646945953,23.1972637177,21.7409133911,18.986448288,13.1401109695,16.5741329193,16.6239585876,15.0825443268,17.5534000397,21.2398376465,19.7337341309,13.4637002945,7.13603591919,7.69980239868,8.68935489655,3.77642822266,3.15696358681,4.18406963348,5.08507156372,5.83790302277,5.32693481445,5.16433238983,3.98442220688,3.11069250107,1.4025747776,0.694855153561,0.44258788228,0.27430409193,0.1513517946,0.0684519261122,0.0372027009726,0.0258109942079,0.0155002418905,0.00825445819646,0.00522338692099,0.0011924081482],"dmean2":[1.04071092606,2.66414523125,4.12042427063,5.32037115097,12.7183036804,35.7905273438,34.0706710815,29.3811264038,20.5069942474,26.6215190887,26.0453701019,23.9558315277,27.9640407562,33.2008056641,31.3831214905,21.4409141541,11.3846302032,12.2681970596,13.7730112076,6.03369617462,4.86557722092,6.19999265671,7.20182514191,8.24517250061,7.19938707352,7.00747823715,5.33249044418,4.11940765381,1.92970001698,0.99052977562,0.61863732338,0.387172907591,0.227187991142,0.107758201659,0.0589375421405,0.0391610115767,0.0218009445816,0.0110828056931,0.00662557035685,0.00152015057392],"dvar":[1.37695741653,5.60957288742,17.5044994354,56.1802482605,311.750335693,3136.88867188,2871.65405273,2538.20800781,1235.30297852,2426.25830078,3200.15161133,1559.80358887,1903.01513672,3801.92382812,1358.36962891,579.499938965,159.27923584,237.132675171,1023.88287354,50.6274185181,28.0002231598,98.5606002808,232.557922363,146.002243042,143.773468018,73.0942459106,42.0473747253,29.6062145233,8.87877750397,2.67757463455,0.904744684696,0.433419764042,0.110949724913,0.012315758504,0.00414063455537,0.00164542777929,0.000623398518655,0.000251974794082,0.0000733050183044,0.00000247996467806],"dvar2":[3.18807935715,15.292347908,44.7562561035,131.200454712,753.929321289,6741.41162109,6339.14160156,5652.18945312,2952.99731445,5957.97998047,7595.53710938,3647.23486328,4666.31933594,9295.34570312,3207.77368164,1411.91052246,401.700592041,572.891235352,2797.09985352,124.626426697,62.9006538391,231.871841431,505.467437744,303.703216553,314.549316406,143.745574951,79.7434005737,56.3199272156,17.3267364502,4.93288087845,1.49103701115,0.714288175106,0.219017982483,0.0276778489351,0.00942808017135,0.00356753519736,0.0011508485768,0.00045040648547,0.000132651199237,0.00000449759409094],"max":[17.7674980164,30.0436611176,66.2050094604,247.456741333,284.951080322,1024.92626953,1175.58935547,904.108032227,768.994750977,846.875305176,1436.28283691,745.005065918,791.969421387,1531.93811035,864.564453125,320.017364502,219.409179688,366.125701904,1328.96325684,218.931106567,106.621788025,333.848510742,587.918945312,355.522460938,422.593444824,154.571487427,112.024925232,127.714653015,115.476707458,52.0268592834,37.3035545349,28.3314819336,15.7505464554,1.61784732342,1.01222443581,0.572345435619,0.712225496769,0.620300233364,0.194670796394,0.034999255091],"mean":[0.865378916264,1.92363643646,2.93134355545,4.20180082321,9.21540260315,24.9609298706,24.4874610901,22.3597564697,16.2710494995,19.8706607819,19.7961349487,18.0187168121,20.5816516876,25.032207489,26.0582466125,18.6895275116,10.2690830231,11.2635278702,11.7583751678,5.58770275116,4.91032934189,6.45774316788,7.87500810623,8.68872356415,8.39536476135,8.01861572266,6.25259685516,4.63871145248,2.13601112366,1.10203337669,0.713584661484,0.415923535824,0.195333600044,0.0800137519836,0.0416557863355,0.0335847251117,0.0245137549937,0.0145145123824,0.0100875655189,0.00271676643752],"median":[0.354251533747,1.05500745773,1.41145181656,1.62146639824,2.84314870834,4.98890590668,5.27167654037,4.36743068695,3.60840749741,3.94212055206,3.83365702629,3.9488940239,4.95105361938,6.47904634476,9.75925731659,8.20196723938,4.96380615234,5.15913152695,4.43246841431,2.76930618286,2.53968715668,2.91953754425,3.38095331192,3.31514310837,3.20363378525,2.93844795227,2.09371638298,1.43226575851,0.811659574509,0.5046184659,0.332884043455,0.188603118062,0.0781557410955,0.0333672165871,0.0166423246264,0.0153475664556,0.0125303547829,0.00743880681694,0.00465739145875,0.00188216927927],"min":[1.25018884134e-10,7.09558356515e-10,1.99553529256e-9,3.59332497091e-9,4.55099247176e-9,3.94165322604e-9,2.26591057029e-9,1.86315762818e-9,4.35649782915e-9,6.92091761678e-9,5.05965802589e-9,2.19296336645e-9,4.90072027404e-9,5.65518165629e-9,2.1793815641e-9,3.89178378413e-9,1.87771287408e-9,2.60578403299e-9,2.04935401982e-9,3.08427861029e-9,2.9482998265e-9,2.02549754746e-9,2.13472417521e-9,1.64746161158e-9,2.35860064812e-9,1.4632114409e-9,1.21428334054e-9,6.84770795623e-10,1.15158715897e-9,4.95288587921e-10,3.699805462e-10,5.90305249126e-10,7.30974725194e-10,2.91492469051e-10,1.30402147414e-10,1.21121140895e-10,1.09623851663e-10,3.2923056642e-11,5.52715425511e-12,5.56558922213e-13],"var":[1.86270332336,6.59431552887,20.5771942139,81.8567962646,373.000701904,4134.85791016,4228.97265625,3725.39355469,1697.23815918,3287.29516602,4865.61279297,2284.4609375,2315.80029297,4426.97705078,2402.05322266,885.286682129,249.953796387,493.138366699,1241.66503906,82.9142990112,51.9951667786,148.607437134,330.501739502,240.519165039,252.604782104,167.620117188,97.7264175415,60.9940872192,17.9983711243,5.46253490448,2.30280852318,0.929628551006,0.201204821467,0.0173692200333,0.00524324318394,0.00257965316996,0.00142223632429,0.000585710862651,0.000203942152439,0.00000710920767233]},"erbbands_crest":{"dmean":3.38066506386,"dmean2":5.47478055954,"dvar":9.38089370728,"dvar2":23.4475212097,"max":29.2447166443,"mean":8.90875053406,"median":7.94580745697,"min":1.65487778187,"var":19.5319766998},"erbbands_flatness_db":{"dmean":0.0276168882847,"dmean2":0.0416429825127,"dvar":0.000628885580227,"dvar2":0.0013111452572,"max":0.359278857708,"mean":0.133503511548,"median":0.126566827297,"min":0.0252544283867,"var":0.00237655220553},"erbbands_kurtosis":{"dmean":1.82110214233,"dmean2":2.92761015892,"dvar":7.64817905426,"dvar2":19.0992202759,"max":47.7186393738,"mean":1.35518169403,"median":0.316622257233,"min":-1.74511361122,"var":11.6819248199},"erbbands_skewness":{"dmean":0.546369969845,"dmean2":0.814125835896,"dvar":0.275979489088,"dvar2":0.577663838863,"max":6.39593791962,"mean":0.409887313843,"median":0.38359606266,"min":-3.718105793,"var":0.998895049095},"erbbands_spread":{"dmean":11.2673711777,"dmean2":17.2405548096,"dvar":110.138832092,"dvar2":252.336975098,"max":145.477996826,"mean":36.5228843689,"median":34.3584632874,"min":2.17619514465,"var":322.371246338},"gfcc":{"cov":[[6585.9453125,-7.61907958984,-220.126190186,343.053619385,-185.962005615,-192.372909546,90.0899734497,48.528793335,105.917701721,99.0177307129,-20.8186035156,133.339797974,73.1058425903],[-7.61907958984,922.61895752,71.9673614502,-394.985870361,-65.5420684814,-55.3708229065,-109.296585083,-150.23638916,-13.5226173401,-1.33864581585,2.44198250771,-55.7442779541,38.1348686218],[-220.126190186,71.9673614502,441.241912842,127.732246399,-60.2157211304,94.4029464722,-132.238632202,89.8037872314,-10.4949893951,60.8363609314,-5.29462528229,5.81997823715,29.4372558594],[343.053619385,-394.985870361,127.732246399,477.665802002,98.984992981,-25.0139560699,83.3734130859,52.1272354126,13.9794530869,2.50484538078,-1.06440472603,44.6455574036,-21.1501808167],[-185.962005615,-65.5420684814,-60.2157211304,98.984992981,223.447845459,86.0605316162,96.7918014526,-12.545832634,-7.30754852295,-27.2430953979,18.7921276093,-6.6402554512,-1.28172385693],[-192.372909546,-55.3708229065,94.4029464722,-25.0139560699,86.0605316162,273.464233398,36.2236404419,72.2316818237,-43.8740692139,-0.95448076725,-12.694316864,-8.95521640778,22.8548927307],[90.0899734497,-109.296585083,-132.238632202,83.3734130859,96.7918014526,36.2236404419,277.112731934,18.689250946,8.78618526459,-47.1443138123,0.948003470898,14.8685531616,4.17809581757],[48.528793335,-150.23638916,89.8037872314,52.1272354126,-12.545832634,72.2316818237,18.689250946,185.953491211,73.364074707,53.0832214355,0.497606903315,2.32588028908,10.0346651077],[105.917701721,-13.5226173401,-10.4949893951,13.9794530869,-7.30754852295,-43.8740692139,8.78618526459,73.364074707,161.919021606,80.3513183594,26.3947296143,12.2406749725,-11.4426841736],[99.0177307129,-1.33864581585,60.8363609314,2.50484538078,-27.2430953979,-0.95448076725,-47.1443138123,53.0832214355,80.3513183594,116.053146362,43.9783782959,6.97503042221,8.66492366791],[-20.8186035156,2.44198250771,-5.29462528229,-1.06440472603,18.7921276093,-12.694316864,0.948003470898,0.497606903315,26.3947296143,43.9783782959,78.5549926758,41.2835769653,13.1055335999],[133.339797974,-55.7442779541,5.81997823715,44.6455574036,-6.6402554512,-8.95521640778,14.8685531616,2.32588028908,12.2406749725,6.97503042221,41.2835769653,89.6884460449,44.2758216858],[73.1058425903,38.1348686218,29.4372558594,-21.1501808167,-1.28172385693,22.8548927307,4.17809581757,10.0346651077,-11.4426841736,8.66492366791,13.1055335999,44.2758216858,86.520690918]],"icov":[[0.000261824607151,-0.000563965935726,0.00100583338644,-0.00109924003482,0.000789603916928,-0.000494813080877,0.000251486315392,-0.000418697833084,0.000215501277125,-0.000464800017653,0.000238421940594,-0.000270353630185,-0.000227479409659],[-0.000563965935726,0.00489316973835,-0.0058581167832,0.00668517174199,-0.00362629350275,0.00330602284521,-0.00192575284746,0.00416198046878,-0.00206991820596,0.00136259850115,-0.0000814887025626,0.00174512364902,-0.000660507648718],[0.00100583338644,-0.0058581167832,0.0127728870139,-0.0116649484262,0.00809314567596,-0.00730464421213,0.00511135207489,-0.00519428681582,0.00191898457706,-0.00152766366955,-0.00192328135017,0.00121330854017,-0.0029828727711],[-0.00109924003482,0.00668517174199,-0.0116649484262,0.0156517941505,-0.011139433831,0.0091460654512,-0.0050172554329,0.00319010578096,0.000959504279308,-0.00236810836941,0.00634922692552,-0.00601644394919,0.00554962921888],[0.000789603916928,-0.00362629350275,0.00809314567596,-0.011139433831,0.0159715581685,-0.00987577810884,0.00202019838616,0.000965592393186,-0.00444561103359,0.00642518838868,-0.0108704380691,0.00973683968186,-0.00647722138092],[-0.000494813080877,0.00330602284521,-0.00730464421213,0.0091460654512,-0.00987577810884,0.0121301673353,-0.00354366609827,-0.00209860922769,0.00527535565197,-0.00487140659243,0.00704769790173,-0.00559041835368,0.00372480438091],[0.000251486315392,-0.00192575284746,0.00511135207489,-0.0050172554329,0.00202019838616,-0.00354366609827,0.0072944923304,-0.0022774124518,-0.0015605064109,0.00388671411201,-0.00285133486614,0.00168728223071,-0.00247852155007],[-0.000418697833084,0.00416198046878,-0.00519428681582,0.00319010578096,0.000965592393186,-0.00209860922769,-0.0022774124518,0.0143887335435,-0.00841210968792,0.00225846120156,-0.00190280459356,0.00555805908516,-0.00381847494282],[0.000215501277125,-0.00206991820596,0.00191898457706,0.000959504279308,-0.00444561103359,0.00527535565197,-0.0015605064109,-0.00841210968792,0.0185126010329,-0.015184469521,0.00897272117436,-0.0110403336585,0.0081632072106],[-0.000464800017653,0.00136259850115,-0.00152766366955,-0.00236810836941,0.00642518838868,-0.00487140659243,0.00388671411201,0.00225846120156,-0.015184469521,0.0303279403597,-0.0216338802129,0.0164826251566,-0.00953793153167],[0.000238421940594,-0.0000814887025626,-0.00192328135017,0.00634922692552,-0.0108704380691,0.00704769790173,-0.00285133486614,-0.00190280459356,0.00897272117436,-0.0216338802129,0.0369218587875,-0.0249374154955,0.0108985798433],[-0.000270353630185,0.00174512364902,0.00121330854017,-0.00601644394919,0.00973683968186,-0.00559041835368,0.00168728223071,0.00555805908516,-0.0110403336585,0.0164826251566,-0.0249374154955,0.0366896353662,-0.0196383409202],[-0.000227479409659,-0.000660507648718,-0.0029828727711,0.00554962921888,-0.00647722138092,0.00372480438091,-0.00247852155007,-0.00381847494282,0.0081632072106,-0.00953793153167,0.0108985798433,-0.0196383409202,0.0243290793151]],"mean":[-19.1787452698,92.5256118774,-81.7132034302,18.1956787109,-26.0237674713,-4.66832923889,-1.18058168888,-9.41464996338,-12.7370624542,-3.17797255516,-2.09380602837,2.03791260719,-3.47602057457]},"hfc":{"dmean":36.2719306946,"dmean2":51.7541236877,"dvar":3073.09692383,"dvar2":5790.18359375,"max":1010.55603027,"mean":66.9624710083,"median":42.0895347595,"min":6.82310474787e-9,"var":6189.74609375},"melbands":{"dmean":[0.00517883244902,0.00145566707943,0.000643497158308,0.0011178314453,0.000841804081574,0.000418782641646,0.000201462724363,0.000180237097084,0.000136126400321,0.0000953516937443,0.0000896416677278,0.0000888804352144,0.0000667332933517,0.0000533405436727,0.0000221912760026,0.0000150152254719,0.0000153042910824,0.0000159358278324,0.00000783486484579,0.00000417383444073,0.00000376274965674,0.00000440530311607,0.00000474802391182,0.0000050077310334,0.00000500894157085,0.00000379480752599,0.00000480440121464,0.00000326477402268,0.00000267705217993,0.00000214099372897,0.00000179751691576,8.83276243258e-7,4.9928792123e-7,3.56385100986e-7,2.70579761263e-7,2.18886867742e-7,1.55296078219e-7,1.18032552621e-7,7.58057510097e-8,5.27827914709e-8],"dmean2":[0.00768998870626,0.00242587248795,0.00101787899621,0.00172715808731,0.00131611991674,0.00064371037297,0.000315738638164,0.000287811737508,0.000210882033571,0.000152339736815,0.000142930250149,0.000139799987664,0.000107640946226,0.0000869108116603,0.0000355353258783,0.0000243956019403,0.0000244279144681,0.0000251202927757,0.0000129043519337,0.00000657307828078,0.0000058423511291,0.00000662742741042,0.00000700523696651,0.00000729760677132,0.00000730817964723,0.00000553781273993,0.0000066827151386,0.00000456533643955,0.00000369839995074,0.00000294420556202,0.00000249262598118,0.00000124575853988,7.20540015209e-7,5.24191989371e-7,3.87558344528e-7,3.09262702558e-7,2.23302194513e-7,1.7823107612e-7,1.19445445534e-7,8.40783229705e-8],"dvar":[0.0000789541736594,0.00000458623435406,0.00000163459276337,0.0000062715362219,0.00000390773493564,0.00000112529164653,2.88436780238e-7,2.83505784182e-7,2.23078870931e-7,5.97872613639e-8,4.99191976644e-8,6.6674957111e-8,1.61231508145e-8,1.18855751907e-8,1.78009407215e-9,7.07177427728e-10,1.08109243779e-9,2.9951261471e-9,4.70670558084e-10,5.7688201438e-11,4.00122608657e-11,8.18085460486e-11,3.88308746269e-10,1.15836493175e-10,1.1148014456e-10,1.20491477906e-10,7.35436364585e-11,3.28533207583e-11,1.9552555755e-11,1.47610292045e-11,9.91475304635e-12,3.55615515334e-12,1.38621102444e-12,7.73080601271e-13,3.23665166934e-13,2.92582337481e-13,1.4417116047e-13,8.72589557576e-14,1.56685713124e-14,7.65777076624e-15],"dvar2":[0.000169100472704,0.0000123654954223,0.00000376428397431,0.0000134566234919,0.00000874983470567,0.00000251067012869,6.77177013131e-7,6.73321608247e-7,5.11135567649e-7,1.40154057249e-7,1.22078915865e-7,1.63425596611e-7,3.78617102115e-8,3.01182936369e-8,3.94564381168e-9,1.82614567912e-9,2.63611665829e-9,7.89572851545e-9,1.23276588937e-9,1.32759608862e-10,9.25086118819e-11,1.8905224608e-10,9.67459445889e-10,2.45585607406e-10,2.39714609274e-10,2.8745722469e-10,1.54537577179e-10,6.87788020981e-11,4.01030736397e-11,2.79665405417e-11,2.0036944326e-11,7.11968548353e-12,2.6237900741e-12,1.56099688297e-12,5.54175628997e-13,5.28085008448e-13,2.41795515901e-13,1.82443781762e-13,3.38848652642e-14,1.75284710114e-14],"max":[0.139195084572,0.0256199836731,0.0372151210904,0.0454550087452,0.0303864255548,0.0176033601165,0.0137985907495,0.0132351238281,0.0120294000953,0.00394389219582,0.00415319669992,0.00614778697491,0.00276322569698,0.00167376699392,0.00141003483441,0.000436358794104,0.000946611980908,0.00201759510674,0.00092660827795,0.000236491425312,0.000112527653982,0.000217350680032,0.000793822633568,0.000301528867567,0.000277111772448,0.000427045568358,0.000223925322643,0.000128983330796,0.0000633482486592,0.0000943869090406,0.0000657532655168,0.0000653285678709,0.0000533948696102,0.000026280495149,0.0000204301031772,0.0000219499015657,0.0000176673638634,0.0000143336592373,0.0000028737458706,0.00000132267336994],"mean":[0.00784861296415,0.00184933305718,0.000816990970634,0.00125405355357,0.00095565529773,0.000498764042277,0.000250377488555,0.000214730825974,0.00015926186461,0.000111871173431,0.000102600861283,0.000101174402516,0.0000867850540089,0.0000672097085044,0.0000306846231979,0.0000200502236112,0.0000213782950595,0.000020980649424,0.0000101028135759,0.00000593663480686,0.00000557232942811,0.00000645962018098,0.00000696490178598,0.0000072684188126,0.00000703774594513,0.00000577926357437,0.00000671152110954,0.00000492976187161,0.00000402546947953,0.00000326123472405,0.00000248299716077,0.000001305293722,7.39102915759e-7,5.48854814042e-7,4.23851304276e-7,3.33824260679e-7,2.21604153694e-7,1.4850769503e-7,8.97923513321e-8,5.87860391477e-8],"median":[0.00366761023179,0.00106366188265,0.000324646418449,0.000298367114738,0.0002114338713,0.0000943675113376,0.000055093656556,0.00004170279135,0.0000293018711091,0.0000233814062085,0.0000237012736761,0.0000236204177781,0.0000306862493744,0.0000257592000708,0.0000141031423482,0.00000933683168114,0.00000880738025444,0.00000719604031474,0.00000429390729551,0.00000296918233289,0.00000279912501355,0.00000281813981928,0.00000288345063382,0.0000028403928809,0.00000250916400546,0.00000227781697504,0.00000214621013583,0.000001770085305,0.00000132830473376,9.92668333311e-7,7.54287896143e-7,4.67675931759e-7,3.13998157253e-7,2.50185678397e-7,1.94246553065e-7,1.48383719534e-7,9.43682039178e-8,5.50178000935e-8,3.58303111625e-8,2.29352998815e-8],"min":[1.26892571971e-12,1.0277849535e-12,6.6054659572e-13,3.16083639297e-13,9.57369017504e-14,4.24619615456e-14,7.04945270994e-14,7.50693520475e-14,3.60253242981e-14,1.29229758473e-14,2.52881601699e-14,2.43493393444e-14,7.63734626078e-15,9.20277495566e-15,8.35948081183e-15,3.11269869743e-15,5.06016296844e-15,2.49588803469e-15,5.47674224223e-15,2.83917037118e-15,3.52789518993e-15,1.8859480797e-15,1.94495853579e-15,1.83135320636e-15,1.2269079541e-15,1.70470198135e-15,1.36159794529e-15,9.01453437687e-16,8.91198621553e-16,4.35875028435e-16,4.00252634321e-16,7.30927970652e-16,4.19448571428e-16,2.45765312627e-16,2.10277689396e-16,2.35445857291e-16,3.71837617087e-16,6.38064413453e-16,2.2721796453e-16,2.65062152533e-16],"var":[0.000130401880597,0.0000056084309108,0.00000246427384809,0.00000868659753905,0.0000054360316426,0.00000171956457962,4.07987130302e-7,4.37059696878e-7,3.29416792511e-7,8.58019859606e-8,6.07222645499e-8,7.67729204654e-8,2.86595138732e-8,1.49966368213e-8,2.87782997432e-9,1.04556685532e-9,2.32207186812e-9,4.40884084796e-9,5.73264491432e-10,9.36649230399e-11,7.02657446117e-11,1.38465378052e-10,4.09947742419e-10,1.83910442431e-10,1.69508823644e-10,1.61228128071e-10,1.44275980052e-10,6.72585598327e-11,4.28095614513e-11,3.08117489856e-11,1.83751590332e-11,6.97646281023e-12,2.72068131912e-12,1.37805695674e-12,8.03662854581e-13,6.0100898867e-13,2.89288314441e-13,1.43767376476e-13,2.53208437833e-14,9.97529780268e-15]},"melbands_crest":{"dmean":5.6659412384,"dmean2":8.82061958313,"dvar":21.4059352875,"dvar2":48.8600654602,"max":39.167098999,"mean":21.5038032532,"median":20.8624038696,"min":3.08795404434,"var":69.5242996216},"melbands_flatness_db":{"dmean":0.0437551029027,"dmean2":0.065935254097,"dvar":0.00132040295284,"dvar2":0.00303421332501,"max":0.548368752003,"mean":0.277291119099,"median":0.275385141373,"min":0.0249136090279,"var":0.00461406866089},"melbands_kurtosis":{"dmean":29.6260852814,"dmean2":46.3245429993,"dvar":7368.07470703,"dvar2":16978.8789062,"max":3200.71606445,"mean":38.4984779358,"median":16.8926048279,"min":-1.89428305626,"var":9420.65820312},"melbands_skewness":{"dmean":1.68757498264,"dmean2":2.52236366272,"dvar":4.16077327728,"dvar2":8.89704704285,"max":49.4193840027,"mean":4.11192560196,"median":3.39446973801,"min":-2.11920928955,"var":10.521528244},"melbands_spread":{"dmean":6.34418869019,"dmean2":9.69588088989,"dvar":121.261032104,"dvar2":270.954071045,"max":175.91557312,"mean":13.1043624878,"median":8.82718467712,"min":0.132426142693,"var":247.394577026},"mfcc":{"cov":[[6259.30664062,-152.254852295,-249.214279175,438.370758057,-281.956695557,-22.0413074493,-139.777862549,26.0777130127,61.1965789795,64.1711273193,-53.1855010986,91.0692672729,-28.0568752289],[-152.254852295,1085.52526855,44.0101547241,-353.55871582,-46.9626045227,-33.9210205078,-94.9857635498,-164.392700195,-61.380153656,-48.7771835327,-31.8125839233,-63.9137268066,7.85021400452],[-249.214279175,44.0101547241,487.026275635,3.4369866848,106.572227478,-50.0189666748,-41.2508049011,-48.997756958,29.3966159821,-2.65343737602,17.6109924316,9.78715229034,16.9268550873],[438.370758057,-353.55871582,3.4369866848,477.890533447,-8.58043003082,26.5051174164,-1.34000790119,53.907787323,-0.128039494157,21.3069248199,-0.234017640352,45.3750457764,-14.2336082458],[-281.956695557,-46.9626045227,106.572227478,-8.58043003082,227.898788452,35.7495613098,18.3407554626,-10.2400217056,11.1687889099,3.28257584572,32.6847076416,7.11368131638,18.4866523743],[-22.0413074493,-33.9210205078,-50.0189666748,26.5051174164,35.7495613098,169.521591187,107.942977905,53.1745986938,-0.448344916105,-1.69650804996,-22.6272335052,-23.5421676636,-1.00970411301],[-139.777862549,-94.9857635498,-41.2508049011,-1.34000790119,18.3407554626,107.942977905,219.049346924,94.9044799805,32.1132354736,-4.24422693253,-24.2221012115,-36.7770614624,1.30629062653],[26.0777130127,-164.392700195,-48.997756958,53.907787323,-10.2400217056,53.1745986938,94.9044799805,156.251022339,57.3430290222,23.0033969879,-10.3264760971,3.36813902855,1.36352002621],[61.1965789795,-61.380153656,29.3966159821,-0.128039494157,11.1687889099,-0.448344916105,32.1132354736,57.3430290222,126.53289032,53.591583252,25.3077049255,22.6200466156,17.486240387],[64.1711273193,-48.7771835327,-2.65343737602,21.3069248199,3.28257584572,-1.69650804996,-4.24422693253,23.0033969879,53.591583252,100.750724792,49.4781951904,27.0386314392,7.64334964752],[-53.1855010986,-31.8125839233,17.6109924316,-0.234017640352,32.6847076416,-22.6272335052,-24.2221012115,-10.3264760971,25.3077049255,49.4781951904,99.2057189941,53.3912582397,17.211523056],[91.0692672729,-63.9137268066,9.78715229034,45.3750457764,7.11368131638,-23.5421676636,-36.7770614624,3.36813902855,22.6200466156,27.0386314392,53.3912582397,102.173805237,39.8674850464],[-28.0568752289,7.85021400452,16.9268550873,-14.2336082458,18.4866523743,-1.00970411301,1.30629062653,1.36352002621,17.486240387,7.64334964752,17.211523056,39.8674850464,78.9458847046]],"icov":[[0.000192274761503,-0.0000217559590965,0.0000814635641291,-0.000173081469256,0.000172564177774,-0.0000733834967832,0.000133043547976,0.0000891737727216,-0.00020307394152,-0.0000743747295928,0.000222425573156,-0.000179150927579,0.0000708940642653],[-0.0000217559590965,0.00150444812607,-0.000168048645719,0.000980193144642,0.000487797398819,-0.0005660103634,0.000484885764308,0.00112132355571,-3.50760331003e-7,0.0000572310455027,0.000188409059774,0.000567360548303,-0.000426486629294],[0.0000814635641291,-0.000168048645719,0.00262706377544,-0.000407011277275,-0.00126496166922,0.000864220608491,0.0000552758792765,0.000768053461798,-0.0011904615676,0.000362569902791,0.000330469512846,0.000103658545413,-0.000193719111849],[-0.000173081469256,0.000980193144642,-0.000407011277275,0.00326399202459,0.000182660689461,-0.000773933366872,0.000482159288367,-0.000376898766262,0.000914901203942,-0.000605208100751,0.000856331840623,-0.00148142501712,0.00087999959942],[0.000172564177774,0.000487797398819,-0.00126496166922,0.000182660689461,0.00610122457147,-0.00221690861508,0.000250938959653,0.000879190745763,-0.000480622547911,0.000976924202405,-0.00256362580694,0.000914524018299,-0.0010504758684],[-0.0000733834967832,-0.0005660103634,0.000864220608491,-0.000773933366872,-0.00221690861508,0.0100816106424,-0.0044766953215,-0.00122217414901,0.00179385545198,-0.00151512818411,0.00173781323247,0.0000557498460694,-0.000209044155781],[0.000133043547976,0.000484885764308,0.0000552758792765,0.000482159288367,0.000250938959653,-0.0044766953215,0.00934587512165,-0.00360912829638,-0.0015382807469,0.00169620208908,-0.000999891664833,0.00337746110745,-0.00144529459067],[0.0000891737727216,0.00112132355571,0.000768053461798,-0.000376898766262,0.000879190745763,-0.00122217414901,-0.00360912829638,0.0125672770664,-0.0044262916781,-0.000972836220171,0.0025370833464,-0.00169692724012,0.000687123043463],[-0.00020307394152,-3.50760331003e-7,-0.0011904615676,0.000914901203942,-0.000480622547911,0.00179385545198,-0.0015382807469,-0.0044262916781,0.0136282378808,-0.00605702260509,0.000181779483682,-0.00105319358408,-0.00135449517984],[-0.0000743747295928,0.0000572310455027,0.000362569902791,-0.000605208100751,0.000976924202405,-0.00151512818411,0.00169620208908,-0.000972836220171,-0.00605702260509,0.0172823034227,-0.00844751857221,0.00166985066608,0.000188422534848],[0.000222425573156,0.000188409059774,0.000330469512846,0.000856331840623,-0.00256362580694,0.00173781323247,-0.000999891664833,0.0025370833464,0.000181779483682,-0.00844751857221,0.020466806367,-0.00959888659418,0.00190203671809],[-0.000179150927579,0.000567360548303,0.000103658545413,-0.00148142501712,0.000914524018299,0.0000557498460694,0.00337746110745,-0.00169692724012,-0.00105319358408,0.00166985066608,-0.00959888659418,0.0204080361873,-0.00879110768437],[0.0000708940642653,-0.000426486629294,-0.000193719111849,0.00087999959942,-0.0010504758684,-0.000209044155781,-0.00144529459067,0.000687123043463,-0.00135449517984,0.000188422534848,0.00190203671809,-0.00879110768437,0.0174966529012]],"mean":[-681.387145996,144.782485962,3.89293718338,37.5656433105,-2.5668194294,18.1435451508,12.4170589447,8.61448287964,-1.40359175205,3.40426683426,-1.15237879753,3.7061123848,0.547923028469]},"pitch_salience":{"dmean":0.115607142448,"dmean2":0.181760519743,"dvar":0.00861213449389,"dvar2":0.0204395763576,"max":0.841050207615,"mean":0.435431569815,"median":0.444412648678,"min":0.0328416898847,"var":0.0285563636571},"silence_rate_20dB":{"dmean":0.00677473982796,"dmean2":0.0135527588427,"dvar":0.00672875577584,"dvar2":0.0162728298455,"max":1,"mean":0.994436383247,"median":1,"min":0,"var":0.00553240813315},"silence_rate_30dB":{"dmean":0.119525767863,"dmean2":0.239109396935,"dvar":0.105237580836,"dvar2":0.20662547648,"max":1,"mean":0.825592637062,"median":1,"min":0,"var":0.14398765564},"silence_rate_60dB":{"dmean":0.0179046690464,"dmean2":0.0358180068433,"dvar":0.0175839550793,"dvar2":0.0413103178144,"max":1,"mean":0.0507982596755,"median":0,"min":0,"var":0.0482162348926},"spectral_centroid":{"dmean":348.799133301,"dmean2":496.536071777,"dvar":170979.046875,"dvar2":290857.25,"max":10795.9736328,"mean":1156.67565918,"median":934.228027344,"min":202.440597534,"var":588881.875},"spectral_complexity":{"dmean":4.47955465317,"dmean2":5.90464687347,"dvar":17.8996334076,"dvar2":30.509519577,"max":50,"mean":14.4649248123,"median":13,"min":0,"var":76.0935287476},"spectral_contrast_coeffs":{"dmean":[0.0681988969445,0.0576622970402,0.04331414029,0.0332422815263,0.0258476790041,0.042921345681],"dmean2":[0.103495702147,0.0909749120474,0.0697678849101,0.0528894402087,0.0394690856338,0.0623125135899],"dvar":[0.00312906666659,0.00230095419101,0.00123185827397,0.000718054710887,0.000481835595565,0.00128650618717],"dvar2":[0.00676888925955,0.00559816509485,0.00305945402943,0.00174952915404,0.00111078610644,0.00279285362922],"max":[-0.323658257723,-0.391246944666,-0.574261546135,-0.615347504616,-0.595039784908,-0.47600120306],"mean":[-0.707020044327,-0.78234910965,-0.818323373795,-0.832683384418,-0.832561790943,-0.746913313866],"median":[-0.720996201038,-0.797784149647,-0.825911164284,-0.835230827332,-0.83303630352,-0.754075884819],"min":[-0.980572044849,-0.984389603138,-0.96963006258,-0.974904716015,-0.965199172497,-0.957081615925],"var":[0.0102927740663,0.0075058224611,0.00323977298103,0.00212390860543,0.00151935964823,0.00480797514319]},"spectral_contrast_valleys":{"dmean":[0.468202322721,0.5289914608,0.459368020296,0.429272741079,0.407829344273,0.595462918282],"dmean2":[0.718430042267,0.786429345608,0.674958586693,0.629352033138,0.53411257267,0.922413647175],"dvar":[0.185938224196,0.239144012332,0.214428409934,0.199533909559,0.182884603739,0.286428391933],"dvar2":[0.356027752161,0.454186916351,0.367545843124,0.372330486774,0.277453482151,0.611028790474],"max":[-4.70258522034,-4.66142177582,-5.05238771439,-6.04137277603,-5.60362577438,-8.57862091064],"mean":[-6.74422264099,-6.75032758713,-7.10442447662,-7.77451658249,-7.67737197876,-10.7998666763],"median":[-6.58391475677,-6.66648817062,-7.02823877335,-7.66422319412,-7.53243255615,-10.6692018509],"min":[-26.9383487701,-26.8885307312,-27.2945690155,-27.2116069794,-27.0178852081,-27.3782291412],"var":[1.02220380306,0.994805514812,0.862999498844,0.770018160343,0.938468456268,0.956268250942]},"spectral_decrease":{"dmean":9.08501895935e-9,"dmean2":1.31196316033e-8,"dvar":1.6895755611e-16,"dvar2":3.26355177132e-16,"max":3.02624678788e-13,"mean":-1.62945337223e-8,"median":-1.04137614088e-8,"min":-1.86748835063e-7,"var":3.55716488988e-16},"spectral_energy":{"dmean":0.0359970442951,"dmean2":0.0511914305389,"dvar":0.00268002343364,"dvar2":0.00505355326459,"max":0.746525943279,"mean":0.0675730481744,"median":0.0437949895859,"min":1.27633676197e-11,"var":0.00586001947522},"spectral_energyband_high":{"dmean":0.000222992573981,"dmean2":0.00028189556906,"dvar":1.27997026311e-7,"dvar2":2.18111424033e-7,"max":0.00880520045757,"mean":0.000397111725761,"median":0.00018027619808,"min":2.1930361986e-13,"var":3.38663028288e-7},"spectral_energyband_low":{"dmean":0.0208196658641,"dmean2":0.0299320276827,"dvar":0.00116446567699,"dvar2":0.00236884015612,"max":0.525821685791,"mean":0.0348125845194,"median":0.0187703147531,"min":7.58450420524e-12,"var":0.00215374585241},"spectral_energyband_middle_high":{"dmean":0.00165342376567,"dmean2":0.00240095146,"dvar":0.00000654738823869,"dvar2":0.0000147541468323,"max":0.0428418777883,"mean":0.00298073375598,"median":0.00167759123724,"min":6.54675153065e-13,"var":0.0000145065359902},"spectral_energyband_middle_low":{"dmean":0.00874948315322,"dmean2":0.0127629777417,"dvar":0.00019128198619,"dvar2":0.000400827993872,"max":0.177363723516,"mean":0.0133222052827,"median":0.0055679907091,"min":3.57574018138e-12,"var":0.000371823727619},"spectral_entropy":{"dmean":0.243051037192,"dmean2":0.362339407206,"dvar":0.0614467225969,"dvar2":0.126884296536,"max":9.79655456543,"mean":7.53676986694,"median":7.64046096802,"min":5.51911115646,"var":0.198023080826},"spectral_flux":{"dmean":0.0532824993134,"dmean2":0.086084112525,"dvar":0.0028148801066,"dvar2":0.00755378557369,"max":0.620647728443,"mean":0.143878340721,"median":0.132735848427,"min":0.0000317905032716,"var":0.00636700354517},"spectral_kurtosis":{"dmean":2.59755134583,"dmean2":4.01693487167,"dvar":16.3757629395,"dvar2":38.0618743896,"max":74.4030609131,"mean":9.16220283508,"median":7.42157125473,"min":-1.23145842552,"var":47.4623336792},"spectral_rms":{"dmean":0.00198516459204,"dmean2":0.00270027294755,"dvar":0.00000388461967304,"dvar2":0.00000684801761963,"max":0.026987368241,"mean":0.00709302118048,"median":0.00653657549992,"min":1.11588825291e-7,"var":0.0000156141031766},"spectral_rolloff":{"dmean":987.888916016,"dmean2":1829.71313477,"dvar":11537277,"dvar2":32658656,"max":22050,"mean":1036.86450195,"median":344.53125,"min":21.533203125,"var":7967955.5},"spectral_skewness":{"dmean":0.319455802441,"dmean2":0.46114435792,"dvar":0.112136900425,"dvar2":0.234744653106,"max":5.97110366821,"mean":1.98820209503,"median":1.87369942665,"min":0.00818382762372,"var":0.498355150223},"spectral_spread":{"dmean":570245.875,"dmean2":852249.125,"dvar":541631381504,"dvar2":821749874688,"max":42133548,"mean":4205786,"median":4155656.75,"min":1444179.75,"var":1201905991680},"spectral_strongpeak":{"dmean":0.431048870087,"dmean2":0.780942201614,"dvar":5.48161458969,"dvar2":16.2270469666,"max":74.8542098999,"mean":0.353725045919,"median":0,"min":0,"var":2.97045826912},"zerocrossingrate":{"dmean":0.0320144966245,"dmean2":0.0424578972161,"dvar":0.000862086366396,"dvar2":0.00139482796658,"max":0.51416015625,"mean":0.126404717565,"median":0.11962890625,"min":0.00048828125,"var":0.00275426497683}},"metadata":{"audio_properties":{"analysis_sample_rate":44100,"bit_rate":192000,"codec":"mp3","downmix":"mix","equal_loudness":0,"length":95.9477539062,"lossless":false,"md5_encoded":"993d0833fe58b7586360d51d43556117","replay_gain":-0.409917831421,"sample_rate":44100},"tags":{"album":["Fear of a Black Planet"],"album artist credit":["Public Enemy"],"albumartist":["Public Enemy"],"albumartistsort":["Public Enemy"],"artist":["Public Enemy"],"artist credit":["Public Enemy"],"artistsort":["Public Enemy"],"asin":["B000057Q6S"],"bpm":["0"],"catalognumber":["466281 1"],"composer":["K. Shocklee, E. Sadler, C. Ridenhour"],"date":["1990"],"discnumber":["1/1"],"encodedby":["iTunes v4.8.0.32"],"file_name":"15 - Public Enemy - Reggie Jax.mp3","genre":["Hip Hop / Rap"],"label":["Def Jam Recordings"],"language":["eng"],"media":["12\" Vinyl"],"musicbrainz album release country":["XE"],"musicbrainz album status":["Official"],"musicbrainz album type":["album"],"musicbrainz_albumartistid":["bf2e15d0-4b77-469e-bfb4-f8414415baca"],"musicbrainz_albumid":["c24bd141-2df8-4aed-8b61-1a336615d7ef"],"musicbrainz_artistid":["bf2e15d0-4b77-469e-bfb4-f8414415baca"],"musicbrainz_recordingid":["2933e60c-c32b-4973-9fe2-5f240ff2f70c"],"musicbrainz_releasegroupid":["13cf2244-c850-304d-bc46-b30e3f10e0cc"],"originaldate":["1990"],"replaygain_album_gain":["0.00 dB"],"replaygain_album_peak":["0.000000"],"replaygain_track_gain":["4.71 dB"],"replaygain_track_peak":["0.775848"],"script":["Latn"],"title":["Reggie Jax"],"tracknumber":["15/20"]},"version":{"essentia":"2.1-beta1","essentia_build_sha":"5a811adb4c06fd6d02ca903f7349a26d851abfa8","essentia_git_sha":"v2.1_beta1-34-gf95df8b","extractor":"music 1.0"}},"rhythm":{"beats_count":239,"beats_loudness":{"dmean":0.102258816361,"dmean2":0.181635335088,"dvar":0.00939719192684,"dvar2":0.025675194338,"max":0.619636058807,"mean":0.128209665418,"median":0.103904716671,"min":0.0000652086382615,"var":0.01015679