{"lowlevel":{"average_loudness":0.78061234951,"barkbands":{"dmean":[0.000204051262699,0.00180754472967,0.00226429104805,0.00172756332904,0.00138757098466,0.000468917569378,0.000262594927335,0.000346685817931,0.000939073099289,0.000854287063703,0.000566320493817,0.000475705746794,0.000251261226367,0.000325535365846,0.000452999811387,0.000375732575776,0.000220094996621,0.000159345683642,0.000116213937872,0.000118597061373,0.0000715285059414,0.0000840462962515,0.0000859711581143,0.0000941965554375,0.0000694638583809,0.00000881537926034,2.40765103854e-7],"dmean2":[0.00032552430639,0.00298737478442,0.00378743046895,0.00299368635751,0.00232783681713,0.000737831054721,0.000412430032156,0.000553978141397,0.00148343387991,0.00133388489485,0.000883441010956,0.000728556420654,0.000401302968385,0.000512854836415,0.000702714954969,0.000584404275287,0.000346793880453,0.000250971846981,0.000182764357305,0.000184252799954,0.000110585919174,0.000125584105263,0.000127111183247,0.000143138502608,0.00010904778901,0.0000140435076901,3.98056272388e-7],"dvar":[2.49610422998e-7,0.00000995394202619,0.0000159629125847,0.000010881453818,0.00000723892526366,0.00000127059570332,9.97658048618e-7,0.00000218473087443,0.0000126745881062,0.0000139474186653,0.00000836376875668,0.00000297075712297,0.00000126486554564,0.00000138152006457,0.00000295796735372,0.00000131017532112,2.82657907746e-7,1.18336096477e-7,4.69735859099e-8,3.71716808445e-8,1.72827263611e-8,2.25267342557e-8,2.77209419863e-8,2.53202845357e-8,1.67816445185e-8,3.19028053974e-10,3.78586783234e-13],"dvar2":[5.55942335723e-7,0.0000261327204498,0.0000420285141445,0.0000299044804706,0.0000193002179003,0.0000029803175039,0.00000232221350416,0.00000537279129276,0.0000289521249215,0.0000334044052579,0.0000186147372006,0.00000629283204034,0.00000297477026834,0.00000325622886521,0.00000715592841516,0.00000298631357509,6.80939479025e-7,2.95820711926e-7,1.09335999809e-7,8.5803272043e-8,4.26884945171e-8,4.8754809967e-8,5.72042999636e-8,5.69177771581e-8,4.06527433938e-8,7.84817655308e-10,9.46971125647e-13],"max":[0.0130173005164,0.052159845829,0.0524096339941,0.0526588782668,0.0435197018087,0.0213106907904,0.034143678844,0.0491214692593,0.0741935893893,0.111648194492,0.0852977707982,0.0698779374361,0.0329097881913,0.0306721646339,0.0571303255856,0.0515759252012,0.0134100727737,0.00977727863938,0.00497516803443,0.00415698066354,0.00277281203307,0.00390675012022,0.00338601600379,0.00271105859429,0.00222264043987,0.000269139680313,0.0000107879759526],"mean":[0.000240563211264,0.00304943369702,0.00473854504526,0.00300429784693,0.00213886005804,0.000686894636601,0.000373976712581,0.000428891449701,0.00129963667132,0.0012206613319,0.000802634167485,0.000772989063989,0.000323389685946,0.000491840008181,0.00067713460885,0.000599788618274,0.000400235905545,0.000294387398753,0.000241685906076,0.000262939720415,0.000150141786435,0.000166065656231,0.000150716878125,0.000137978757266,0.0000791874190327,0.00000936160358833,2.17075466935e-7],"median":[0.0000382977559639,0.00155808147974,0.00219131750055,0.00107755023055,0.00093396671582,0.000165298508364,0.0000673006070429,0.0000620956925559,0.000126023107441,0.000125833263155,0.0000627651388641,0.000116953699035,0.0000605609166087,0.0000944601706578,0.000171221487108,0.000169023667695,0.000138439689181,0.000111888643005,0.000102224934381,0.000117140552902,0.0000632585870335,0.0000677388525219,0.0000581126514589,0.0000451963023806,0.0000209726640605,0.00000206008394343,1.76938783625e-8],"min":[2.08331977441e-25,2.99994631748e-24,1.13119241985e-24,9.02338546437e-25,7.77848328098e-24,9.23361058472e-24,5.5440809153e-24,6.0138337793e-24,1.18479697776e-23,3.10560433553e-23,1.241705719e-23,3.62194629906e-23,3.1555796205e-23,3.8098580154e-23,5.34813110078e-23,4.80914220283e-23,9.58967084291e-23,1.14790394115e-22,1.33813314149e-22,1.39953012264e-22,2.53406735217e-22,2.68705890991e-22,4.06999947704e-22,5.94736902948e-22,8.28692398214e-22,1.29351458809e-21,1.85008576936e-21],"var":[3.63279042404e-7,0.0000175888944796,0.0000402830846724,0.0000202182745852,0.000010453935829,0.00000255716531683,0.0000017857870489,0.00000297581527775,0.0000226281663345,0.0000241428606387,0.0000149694651554,0.00000696461847838,0.00000176178821221,0.00000297298947771,0.00000391354842577,0.00000234107596953,6.11221196323e-7,2.69650854534e-7,1.3685406941e-7,1.32688427357e-7,4.96592846844e-8,6.58356853478e-8,7.02366236283e-8,5.00172170348e-8,1.96539424735e-8,3.32130878355e-10,3.59270935484e-13]},"barkbands_crest":{"dmean":2.43994545937,"dmean2":3.93867540359,"dvar":5.07363462448,"dvar2":12.5802993774,"max":25.7868347168,"mean":10.2250404358,"median":9.57994365692,"min":2.55516791344,"var":16.1980743408},"barkbands_flatness_db":{"dmean":0.0232310723513,"dmean2":0.0346678346395,"dvar":0.000454207707662,"dvar2":0.000949130801018,"max":0.322296768427,"mean":0.130300223827,"median":0.126161172986,"min":0.0260975379497,"var":0.00186690071132},"barkbands_kurtosis":{"dmean":2.8491153717,"dmean2":4.47543430328,"dvar":22.3126907349,"dvar2":51.2824440002,"max":87.3840332031,"mean":3.81650614738,"median":1.07255029678,"min":-1.89055597782,"var":58.0246582031},"barkbands_skewness":{"dmean":0.58945941925,"dmean2":0.896681904793,"dvar":0.363381356001,"dvar2":0.805202782154,"max":8.60649204254,"mean":1.46522963047,"median":1.29295825958,"min":-3.02726364136,"var":2.06490206718},"barkbands_spread":{"dmean":7.97226524353,"dmean2":12.2845258713,"dvar":81.1420059204,"dvar2":181.83152771,"max":125.994537354,"mean":28.0741024017,"median":25.4062099457,"min":1.35152482986,"var":240.126724243},"dissonance":{"dmean":0.0132935205474,"dmean2":0.0222751237452,"dvar":0.000265519425739,"dvar2":0.000711134518497,"max":0.500000059605,"mean":0.474626928568,"median":0.481529921293,"min":0.311407357454,"var":0.000540474080481},"dynamic_complexity":6.29756593704,"erbbands":{"dmean":[0.0608017668128,0.413612425327,2.11781024933,4.36563205719,5.0476975441,5.03882598877,4.2071557045,3.4638979435,3.5037689209,4.54878377914,9.7485742569,18.5870132446,25.9780197144,26.0714855194,20.1025104523,18.0387210846,11.0601396561,14.7343387604,21.4965019226,22.3873844147,16.6551685333,11.2612581253,8.77472782135,6.14608240128,6.15168523788,5.27975654602,2.82023310661,3.02605223656,3.00567507744,2.90466427803,2.42180681229,1.96129643917,1.60974180698,0.960926115513,0.39371702075,0.0811321884394,0.00888836849481,0.000789314683061,0.0000543585047126,0.00000928042391024],"dmean2":[0.101292431355,0.687804222107,3.53178453445,7.54382896423,8.64232349396,8.46822738647,6.75901031494,5.55459594727,5.46772766113,7.24604892731,15.7454853058,29.1139545441,40.0508956909,41.2323913574,30.7106590271,27.769618988,17.3059463501,23.0300960541,33.7987861633,34.6516418457,25.2549476624,17.3697395325,13.7368354797,9.62049484253,9.48065090179,8.1479101181,4.3859705925,4.60308074951,4.56624126434,4.33037233353,3.63537335396,2.97960948944,2.47842264175,1.50754272938,0.624023079872,0.128547608852,0.0139642143622,0.00124559679534,0.0000877511629369,0.0000142850958582],"dvar":[0.0126792890951,0.554031789303,13.8645410538,62.1513214111,87.5355148315,113.179405212,87.3382949829,94.6956634521,194.9037323,237.640686035,1802.93200684,5883.30761719,11935.8554688,13116.0546875,9192.19433594,3881.91723633,2279.52416992,2772.91674805,7060.62304688,4891.36572266,2125.84936523,610.935424805,386.52444458,142.839981079,119.100708008,76.2602844238,29.002286911,31.4440917969,28.6794376373,34.3410720825,22.7489509583,10.734913826,8.08884811401,3.0755712986,0.626622974873,0.0268565695733,0.000295605947031,0.00000283422559733,1.62193263264e-8,1.53673795911e-10],"dvar2":[0.0343297719955,1.43979394436,35.9148216248,169.451828003,234.68258667,298.174346924,204.543884277,223.964706421,445.82232666,585.957458496,4519.97607422,13435.7861328,27087.5058594,32384.6191406,20281.421875,8834.04492188,5492.74316406,6601.05859375,18382.640625,10925.7373047,4408.33349609,1393.23095703,972.753173828,349.0440979,268.461212158,177.831451416,72.6356430054,73.5231323242,65.2476425171,72.8258666992,47.9628448486,23.4512710571,18.8220691681,7.38875389099,1.55670905113,0.0659473389387,0.00070495653199,0.00000688190993969,4.00223285624e-8,3.51169954227e-10],"max":[1.3443018198,12.6247282028,47.4963951111,117.496337891,114.700759888,212.013290405,221.679107666,221.253341675,530.770690918,388.190856934,1328.98181152,2199.34350586,3608.25341797,3354.05371094,3450.97631836,1852.67883301,1595.80114746,1468.44543457,2953.50366211,3375.35595703,1747.56103516,703.311218262,533.544494629,320.002624512,338.622436523,211.408172607,109.521141052,146.528717041,129.743988037,127.228004456,97.4048843384,53.0773162842,44.5498962402,27.8826904297,13.6318283081,2.91819286346,0.18369102478,0.0234043169767,0.00216694641858,0.000180459435796],"mean":[0.083183594048,0.750399470329,4.49508476257,9.01363754272,7.91536808014,7.34953832626,6.42933177948,5.05336952209,5.08415842056,6.37218236923,12.3677072525,26.5476722717,39.0036392212,39.7990379333,32.2055549622,30.5141983032,16.4553050995,23.0916862488,32.7110939026,36.5005493164,30.241941452,22.6669311523,16.7778053284,13.0969734192,13.2855091095,11.7778682709,6.28895759583,6.36657810211,5.85182094574,5.38197994232,4.17186498642,3.09966349602,2.15113186836,1.13576948643,0.426278412342,0.0872889757156,0.009720467031,0.000846610346343,0.0000628735360806,0.0000304177938233],"median":[0.0310764908791,0.418453335762,2.28814840317,4.82549667358,3.41256117821,2.8027946949,2.13193106651,1.1285777092,0.91435444355,1.30383419991,1.97441768646,2.90510106087,4.11737728119,4.4217915535,3.64209318161,5.26193475723,3.79978108406,4.70195102692,8.02241325378,9.43507766724,9.89509105682,8.2963886261,6.36348152161,5.28539323807,6.008207798,5.16193437576,2.75110268593,2.65982890129,2.49661016464,2.03476762772,1.58859229088,1.10520684719,0.632749378681,0.317796707153,0.103402920067,0.0199619755149,0.00218591373414,0.000169484716025,0.0000220479305426,0.0000278737006738],"min":[9.59185504098e-23,4.38091997827e-22,2.4693570795e-21,4.52855939875e-21,9.77062427594e-21,2.59116297899e-20,3.81347032181e-20,8.618936347e-20,1.44624193675e-19,2.00023568301e-19,3.62860921971e-19,2.71095521067e-19,5.98578600324e-19,7.13589740994e-19,8.30035006052e-19,1.34268691152e-18,1.61338797084e-18,2.13373058805e-18,1.80073869271e-18,2.42724590905e-18,3.95524019954e-18,6.22428264656e-18,5.96829919829e-18,7.16058657988e-18,7.85442733205e-18,7.18848738194e-18,9.99327155065e-18,1.03953855531e-17,9.87434862116e-18,1.01903150715e-17,1.07378085482e-17,1.06984512947e-17,1.01435040935e-17,8.44150057383e-18,6.12859149816e-18,3.97264201168e-18,2.33538667484e-18,9.72528447093e-19,2.491745886e-19,2.66531293543e-20],"var":[0.0178554411978,1.00871217251,34.4168434143,130.216888428,128.491424561,169.169631958,182.356704712,180.571960449,351.93145752,365.818939209,2334.13891602,11112.3125,22816.4453125,23683.8222656,17418.140625,9013.24023438,3424.02539062,5988.66113281,9153.47363281,11136.1259766,4982.21240234,1680.18640137,889.059204102,418.895019531,374.767852783,268.293395996,80.4037628174,95.5815048218,77.2299423218,91.2085342407,53.7532691956,24.7577495575,13.08152771,3.90973520279,0.646233975887,0.0280473269522,0.000339234626153,0.00000305125672639,1.67760685343e-8,6.57860932396e-10]},"erbbands_crest":{"dmean":2.625228405,"dmean2":4.19759178162,"dvar":7.51630210876,"dvar2":18.1393966675,"max":32.2471466064,"mean":8.64368915558,"median":7.37960720062,"min":2.25077557564,"var":22.1139545441},"erbbands_flatness_db":{"dmean":0.0194990653545,"dmean2":0.027657834813,"dvar":0.000343588733813,"dvar2":0.000668074353598,"max":0.380723029375,"mean":0.149633869529,"median":0.145283773541,"min":0.027933659032,"var":0.00175696355291},"erbbands_kurtosis":{"dmean":1.04517149925,"dmean2":1.63441586494,"dvar":3.64646339417,"dvar2":8.47335529327,"max":50.0102500916,"mean":0.612804055214,"median":-0.0934770107269,"min":-1.82770216465,"var":7.61865377426},"erbbands_skewness":{"dmean":0.373358547688,"dmean2":0.567890584469,"dvar":0.141073986888,"dvar2":0.329148113728,"max":6.1257276535,"mean":-0.182506516576,"median":-0.278715014458,"min":-4.33045625687,"var":0.627927780151},"erbbands_spread":{"dmean":10.6661815643,"dmean2":16.0849018097,"dvar":121.39680481,"dvar2":268.283905029,"max":160.532623291,"mean":46.3884277344,"median":43.0390968323,"min":1.71162199974,"var":559.244995117},"gfcc":{"cov":[[31009.7929688,2418.01367188,-1930.12097168,1652.09533691,-1429.1517334,736.122192383,-457.271514893,322.689239502,-208.351928711,-183.566116333,-173.693618774,-296.419342041,263.203674316],[2418.01367188,1381.76281738,-346.229187012,23.5949344635,83.5281448364,-125.274932861,154.712051392,-50.8702583313,97.0869445801,-117.59954071,36.8434638977,-116.994628906,49.0929374695],[-1930.12097168,-346.229187012,796.732666016,100.787162781,82.071762085,71.1571273804,32.8898048401,57.7186164856,47.6059684753,84.7200927734,21.0456352234,28.1515769958,-16.9414234161],[1652.09533691,23.5949344635,100.787162781,504.647766113,-9.54143714905,49.5277671814,-25.0965557098,27.1348247528,49.8999900818,14.4511356354,15.0480670929,-31.5165596008,40.0345535278],[-1429.1517334,83.5281448364,82.071762085,-9.54143714905,280.629974365,-15.6640224457,64.5716171265,-5.74582672119,31.6324501038,-7.18051433563,2.63363027573,-15.0562334061,1.64748704433],[736.122192383,-125.274932861,71.1571273804,49.5277671814,-15.6640224457,245.742080688,57.1014938354,41.6117362976,-46.4229698181,-1.98909640312,-6.2830786705,6.53121423721,-1.25789630413],[-457.271514893,154.712051392,32.8898048401,-25.0965557098,64.5716171265,57.1014938354,322.396209717,65.0341415405,51.9781951904,-1.64112007618,40.8446502686,-15.3296709061,22.3910942078],[322.689239502,-50.8702583313,57.7186164856,27.1348247528,-5.74582672119,41.6117362976,65.0341415405,134.473495483,42.2035827637,26.3277587891,-4.07928037643,-2.60351085663,10.906744957],[-208.351928711,97.0869445801,47.6059684753,49.8999900818,31.6324501038,-46.4229698181,51.9781951904,42.2035827637,159.273117065,44.9975204468,26.5983810425,-3.2066822052,20.7554912567],[-183.566116333,-117.59954071,84.7200927734,14.4511356354,-7.18051433563,-1.98909640312,-1.64112007618,26.3277587891,44.9975204468,103.069969177,31.9858512878,12.2252006531,-2.72296357155],[-173.693618774,36.8434638977,21.0456352234,15.0480670929,2.63363027573,-6.2830786705,40.8446502686,-4.07928037643,26.5983810425,31.9858512878,87.8608703613,33.1815452576,13.6482849121],[-296.419342041,-116.994628906,28.1515769958,-31.5165596008,-15.0562334061,6.53121423721,-15.3296709061,-2.60351085663,-3.2066822052,12.2252006531,33.1815452576,92.375213623,24.3023204803],[263.203674316,49.0929374695,-16.9414234161,40.0345535278,1.64748704433,-1.25789630413,22.3910942078,10.906744957,20.7554912567,-2.72296357155,13.6482849121,24.3023204803,76.6486206055]],"icov":[[0.00018917057605,-0.000504239054862,0.000339537480613,-0.000565701222513,0.000782921037171,-0.00065312627703,0.000392828165786,-0.000628943089396,0.00041952097672,-0.000547202536836,0.000472996674944,-0.000142104719998,-0.000181125462404],[-0.000504239054862,0.00269655324519,-0.000534848368261,0.00158844422549,-0.00222644302994,0.00203332491219,-0.00132659263909,0.00207698205486,-0.00206789909862,0.00318217929453,-0.002734974958,0.00242294115014,-0.00037850078661],[0.000339537480613,-0.000534848368261,0.00229473062791,-0.00136710423976,0.000813321734313,-0.00142723333556,0.000527630443685,-0.00130982277915,0.000400832708692,-0.00168033072259,0.000822734145913,-0.00059823441552,0.000264169473667],[-0.000565701222513,0.00158844422549,-0.00136710423976,0.00428504450247,-0.00217232573777,0.00113207485992,-0.000262841873337,0.00169084011577,-0.00217345706187,0.00222300062887,-0.00277595641091,0.00263775512576,-0.00138818996493],[0.000782921037171,-0.00222644302994,0.000813321734313,-0.00217232573777,0.00734379328787,-0.00244654924609,0.000833426252939,-0.00182428734843,0.00107441272121,-0.00175017409492,0.00230006570928,-0.000176923465915,-0.000836501363665],[-0.00065312627703,0.00203332491219,-0.00142723333556,0.00113207485992,-0.00244654924609,0.00778973288834,-0.0027981530875,0.000774168642238,0.000965237210039,0.00187132542487,-0.00108907814138,-0.000170747269294,0.000974530761596],[0.000392828165786,-0.00132659263909,0.000527630443685,-0.000262841873337,0.000833426252939,-0.0027981530875,0.00574056245387,-0.00340123125352,-0.000169260820257,0.000281097862171,-0.00224763178267,0.00170183030423,-0.00158572278451],[-0.000628943089396,0.00207698205486,-0.00130982277915,0.00169084011577,-0.00182428734843,0.000774168642238,-0.00340123125352,0.0126257771626,-0.00401819637045,-0.0000163294516824,0.00126798998099,0.000541271932889,-0.000404204445658],[0.00041952097672,-0.00206789909862,0.000400832708692,-0.00217345706187,0.00107441272121,0.000965237210039,-0.000169260820257,-0.00401819637045,0.0114490101114,-0.00579501874745,0.00116550794337,-0.00104065216146,-0.00146203651093],[-0.000547202536836,0.00318217929453,-0.00168033072259,0.00222300062887,-0.00175017409492,0.00187132542487,0.000281097862171,-0.0000163294516824,-0.00579501874745,0.0181840565056,-0.00864594709128,0.00341673963703,0.000968329550233],[0.000472996674944,-0.002734974958,0.000822734145913,-0.00277595641091,0.00230006570928,-0.00108907814138,-0.00224763178267,0.00126798998099,0.00116550794337,-0.00864594709128,0.0209898222238,-0.00960905570537,0.000854522164445],[-0.000142104719998,0.00242294115014,-0.00059823441552,0.00263775512576,-0.000176923465915,-0.000170747269294,0.00170183030423,0.000541271932889,-0.00104065216146,0.00341673963703,-0.00960905570537,0.0196776948869,-0.00727187748998],[-0.000181125462404,-0.00037850078661,0.000264169473667,-0.00138818996493,-0.000836501363665,0.000974530761596,-0.00158572278451,-0.000404204445658,-0.00146203651093,0.000968329550233,0.000854522164445,-0.00727187748998,0.0178328957409]],"mean":[-58.9590682983,78.4133911133,-122.023971558,53.0689353943,-50.6832809448,29.8847179413,-41.9594116211,8.21209049225,-27.5005722046,-10.5309772491,-22.0093040466,-9.01220226288,-8.02788639069]},"hfc":{"dmean":5.70529413223,"dmean2":8.11172389984,"dvar":65.665802002,"dvar2":133.965835571,"max":127.034111023,"mean":18.3515205383,"median":12.2412796021,"min":1.08975182648e-16,"var":357.762573242},"melbands":{"dmean":[0.000501379312482,0.000863399473019,0.000742198026273,0.000339399295626,0.000157219605171,0.0000797815373517,0.0000535245417268,0.0000509142555529,0.0000872489690664,0.000129367239424,0.000131975029944,0.000109383181552,0.0000770767001086,0.0000569457370148,0.0000349228103005,0.0000253052203334,0.0000287499351543,0.0000349818255927,0.0000337206329277,0.0000280675485556,0.000020063132979,0.0000133328730954,0.0000116881374197,0.00000663453511152,0.00000530718580194,0.00000455703684565,0.00000540704468222,0.00000344976410815,0.00000192483298633,0.00000198983548216,0.00000183263205145,0.00000176277796982,0.00000182157452855,0.00000167946450347,0.00000149840377617,0.00000135013078761,0.0000012042888784,0.0000012015957509,9.83372387964e-7,7.85754195931e-7],"dmean2":[0.000830207718536,0.00143378879875,0.00127277942374,0.000574751291424,0.000254811748164,0.000126487779198,0.0000834773600218,0.0000806152747828,0.000141022261232,0.000202351438929,0.000203650371986,0.000173657404957,0.000117691168271,0.0000862609158503,0.0000553721583856,0.0000399109740101,0.0000452865242551,0.000055914541008,0.0000524421666341,0.0000434875619248,0.0000308459420921,0.0000210443104152,0.0000184187501873,0.0000105114304461,0.00000843300858833,0.00000723964240024,0.00000848183117341,0.00000539984102943,0.00000307530831378,0.00000315507350024,0.0000027967216738,0.00000274985609394,0.00000274402896139,0.00000255443910646,0.00000229001898333,0.00000205254650609,0.00000185949227216,0.00000188550870917,0.00000152771974626,0.00000125417818708],"dvar":[7.82649294706e-7,0.00000227474720305,0.00000172742090854,4.41342649538e-7,1.01970101696e-7,4.60974973748e-8,4.24154755763e-8,2.83115042521e-8,1.43822319387e-7,2.72513034361e-7,3.10706923301e-7,2.42147137897e-7,1.54699975496e-7,5.01576558065e-8,2.0679419066e-8,1.21122507579e-8,1.09219024935e-8,1.85127042585e-8,1.65936810959e-8,8.15273715205e-9,3.29265437138e-9,1.04093045294e-9,5.93719962083e-10,2.53655596527e-10,1.13571568816e-10,7.4085133861e-11,9.01422131383e-11,3.65256401513e-11,1.55309515248e-11,1.61915741231e-11,1.18242715966e-11,1.04476774454e-11,1.20872105727e-11,1.21946246504e-11,9.87668367231e-12,5.55469645974e-12,4.24791929063e-12,4.79966717412e-12,3.04208242798e-12,2.32482371028e-12],"dvar2":[0.0000020852714897,0.00000583236169405,0.00000471690555059,0.00000118591424325,2.46806848736e-7,1.08625506812e-7,9.66303517203e-8,6.84569627651e-8,3.6338755649e-7,6.15783676494e-7,7.08809011485e-7,5.99474276441e-7,3.41642106605e-7,1.01929281016e-7,5.32706181389e-8,2.8784720385e-8,2.55707170993e-8,4.87135274341e-8,3.97493060689e-8,1.83581239099e-8,6.8257293151e-9,2.49724485535e-9,1.43302236744e-9,6.51640685856e-10,2.83968959458e-10,1.81727854986e-10,2.10911399456e-10,8.62504720422e-11,3.90545477902e-11,4.25523991043e-11,2.74165846276e-11,2.50527446011e-11,2.6873820877e-11,2.63006352808e-11,2.1458616134e-11,1.21164623473e-11,9.77121942386e-12,1.14270103796e-11,7.08648114148e-12,5.81333592375e-12],"max":[0.0122945290059,0.0203234646469,0.0190211571753,0.0107335457578,0.00621320493519,0.00472828140482,0.00691949715838,0.00411998061463,0.0096893152222,0.0133843449876,0.0188837926835,0.015343063511,0.0132388137281,0.010250386782,0.00607763091102,0.00357782025822,0.0030642284546,0.00393046764657,0.00450034392998,0.00447201821953,0.00190804747399,0.000983848236501,0.00076881563291,0.000464447133709,0.000285468850052,0.000170764644281,0.000233398823184,0.000142466044053,0.0000961429759627,0.0000927918590605,0.000109638618596,0.000067718399805,0.0000899237275007,0.0000755175278755,0.0000628082561889,0.0000522309201187,0.0000402178375225,0.000037336089008,0.000032463169191,0.0000309816059598],"mean":[0.000784711970482,0.00191343307961,0.00155424233526,0.000525698298588,0.000248133233981,0.000116679118946,0.0000782955685281,0.0000701166209183,0.000107905289042,0.000182904928806,0.000194375155843,0.000161315838341,0.000113960690214,0.0000909078444238,0.0000522444097442,0.0000341726736224,0.0000430671534559,0.0000509606798005,0.0000499044617754,0.0000440463882114,0.000033963489841,0.0000236898322328,0.0000200473004952,0.0000116586934382,0.0000104861119326,0.00000883592929313,0.0000107460537038,0.00000704950798536,0.00000381868130717,0.00000380387018595,0.00000359632645086,0.00000319405808114,0.00000327445036419,0.00000290567049888,0.00000247024945565,0.00000211137762562,0.00000178423931629,0.00000157080648933,0.00000120578147289,8.88030001533e-7],"median":[0.00038953855983,0.00111256691162,0.000941040751059,0.000234245700995,0.0000896550409379,0.0000258621312241,0.0000137645938594,0.0000131325168695,0.0000143922661664,0.0000174119359144,0.0000181712348422,0.0000163424247148,0.0000102149251688,0.000012620878806,0.0000106897305159,0.0000067363830567,0.00000763492789702,0.0000109554812298,0.000012631609934,0.000010312912309,0.0000111393055704,0.00000801758142188,0.00000711290749678,0.0000041302137106,0.00000393794198317,0.00000360323201676,0.00000458498698208,0.00000288782916869,0.00000151666790771,0.00000146153922742,0.00000142197450259,0.00000132331433633,0.00000116994715427,0.00000108720314529,9.25487199765e-7,7.45586703488e-7,5.96612153458e-7,4.40433467475e-7,3.42733272873e-7,2.42767299596e-7],"min":[1.00706633971e-24,1.21882007528e-24,1.10439935085e-24,1.72433614563e-24,1.97476043442e-24,1.90103408586e-24,2.25488592794e-24,2.02266697112e-24,2.24001274443e-24,1.50021060587e-24,2.90423638764e-24,2.25762169756e-24,2.69566531139e-24,2.24609032606e-24,2.05203843199e-24,3.91422368207e-24,2.96615585503e-24,2.09641008297e-24,4.48572422005e-24,2.22775739584e-24,5.02177492667e-24,4.65635996144e-24,2.35118908117e-24,4.79871937812e-24,5.29021561524e-24,4.05295749402e-24,5.18054777777e-24,4.07897373225e-24,5.44082651699e-24,4.25152482792e-24,5.2162563555e-24,5.33761432273e-24,5.57819520515e-24,5.35319195903e-24,5.57643920078e-24,4.88149494733e-24,5.95765544436e-24,7.36932400641e-24,6.17001522233e-24,5.08317197092e-24],"var":[0.00000126429290503,0.00000555867609364,0.00000339722987519,6.04201716214e-7,2.10855304772e-7,9.11704276518e-8,7.8411829918e-8,4.38729443886e-8,1.80229761781e-7,5.05750676894e-7,5.92040805714e-7,4.28960845511e-7,2.82393074258e-7,1.12993888024e-7,3.54000846414e-8,1.74088174987e-8,2.4247560404e-8,2.57837626805e-8,2.22865619293e-8,1.65236500038e-8,7.13355996496e-9,2.26814744764e-9,1.34248134831e-9,4.76325368037e-10,3.02814412434e-10,1.86268181435e-10,2.55816950956e-10,1.1029279573e-10,3.61270804938e-11,3.82854616066e-11,3.24433917231e-11,2.38740537756e-11,3.13774214944e-11,2.94405645695e-11,2.11018320873e-11,1.23363801813e-11,8.73354080028e-12,7.35846886896e-12,4.3691560786e-12,2.60498372005e-12]},"melbands_crest":{"dmean":3.35073494911,"dmean2":5.49843358994,"dvar":9.19960403442,"dvar2":23.0208492279,"max":37.0255012512,"mean":16.0121955872,"median":15.5680170059,"min":1.58762180805,"var":33.4431800842},"melbands_flatness_db":{"dmean":0.0292658861727,"dmean2":0.0433170422912,"dvar":0.000756733003072,"dvar2":0.0016062449431,"max":0.436849236488,"mean":0.185343205929,"median":0.1846229285,"min":0.00275287986733,"var":0.00408336054534},"melbands_kurtosis":{"dmean":9.36373329163,"dmean2":14.7280654907,"dvar":273.22833252,"dvar2":680.792175293,"max":444.257720947,"mean":18.5690307617,"median":8.67404651642,"min":-1.89032351971,"var":742.103759766},"melbands_skewness":{"dmean":0.8852237463,"dmean2":1.34901034832,"dvar":0.916992247105,"dvar2":2.0659866333,"max":19.6501197815,"mean":3.18605422974,"median":2.84181833267,"min":-2.27474093437,"var":5.32843637466},"melbands_spread":{"dmean":10.2538108826,"dmean2":15.8531980515,"dvar":235.135498047,"dvar2":533.154663086,"max":224.987411499,"mean":30.4044036865,"median":23.8687343597,"min":0.870483994484,"var":690.635559082},"mfcc":{"cov":[[17308.953125,801.644714355,228.883270264,760.03326416,-207.490234375,222.346450806,76.0704879761,322.589263916,261.658813477,295.823303223,1.76749563217,-60.8028335571,-59.022441864],[801.644714355,1186.76965332,-248.725067139,73.5114898682,-33.1923408508,-0.15668925643,33.7866401672,66.4001235962,31.9769039154,35.9423141479,30.1626148224,-37.8863639832,-32.5574111938],[228.883270264,-248.725067139,575.785583496,70.7895278931,68.6241989136,58.5468482971,20.3314037323,10.8862962723,23.3035564423,35.5838088989,33.2634277344,33.5048332214,8.10735225677],[760.03326416,73.5114898682,70.7895278931,379.758361816,72.5243682861,28.7414741516,-18.0068531036,14.51055336,43.4541702271,66.0771484375,6.89309883118,15.0803308487,12.1446609497],[-207.490234375,-33.1923408508,68.6241989136,72.5243682861,242.207962036,34.4316902161,-32.7743225098,-21.1046218872,-1.38914775848,-0.188509553671,-31.3108005524,-7.86834716797,16.6418857574],[222.346450806,-0.15668925643,58.5468482971,28.7414741516,34.4316902161,154.536956787,72.3858642578,36.3904685974,13.3437767029,8.19690322876,13.4018106461,1.32784903049,-2.43949866295],[76.0704879761,33.7866401672,20.3314037323,-18.0068531036,-32.7743225098,72.3858642578,200.183120728,75.0205383301,32.0371627808,15.654302597,18.7725658417,3.25206565857,-14.7115955353],[322.589263916,66.4001235962,10.8862962723,14.51055336,-21.1046218872,36.3904685974,75.0205383301,132.208984375,54.5519332886,18.4041023254,12.7355194092,2.07360768318,4.67745828629],[261.658813477,31.9769039154,23.3035564423,43.4541702271,-1.38914775848,13.3437767029,32.0371627808,54.5519332886,114.999687195,62.5731239319,18.0713024139,-3.75746846199,-4.9669213295],[295.823303223,35.9423141479,35.5838088989,66.0771484375,-0.188509553671,8.19690322876,15.654302597,18.4041023254,62.5731239319,119.794158936,51.5804901123,3.3761920929,-12.0338754654],[1.76749563217,30.1626148224,33.2634277344,6.89309883118,-31.3108005524,13.4018106461,18.7725658417,12.7355194092,18.0713024139,51.5804901123,97.2819671631,31.7158470154,-4.89179086685],[-60.8028335571,-37.8863639832,33.5048332214,15.0803308487,-7.86834716797,1.32784903049,3.25206565857,2.07360768318,-3.75746846199,3.3761920929,31.7158470154,77.7078018188,35.1701622009],[-59.022441864,-32.5574111938,8.10735225677,12.1446609497,16.6418857574,-2.43949866295,-14.7115955353,4.67745828629,-4.9669213295,-12.0338754654,-4.89179086685,35.1701622009,74.6731948853]],"icov":[[0.0000733007254894,-0.000039616938011,-0.0000394242269977,-0.000121056960779,0.000140028321766,-0.000113304478873,0.0000839193962747,-0.000138102652272,0.0000107906707854,-0.000147251310409,0.000167611855431,0.0000176946723514,0.0000345423977706],[-0.000039616938011,0.00104768341407,0.000508073426317,-0.000229204859352,-0.000116549454106,0.000122966404888,-0.0000799915433163,-0.000451587606221,0.0000914930278668,0.0000765689328546,-0.000670824490953,0.00049493816914,0.000191479499335],[-0.0000394242269977,0.000508073426317,0.00220558885485,-0.000218639193918,-0.000613353273366,-0.000447428959887,-0.000085080457211,-0.000106455590867,-0.000131273045554,-0.000110964690975,-0.000710808846634,-0.000587905349676,0.000302154221572],[-0.000121056960779,-0.000229204859352,-0.000218639193918,0.0035763445776,-0.000922637525946,-0.000404432212235,0.000529010198079,0.00000287184434455,-0.000280178181129,-0.00182579236571,0.000941055826843,-0.00115997146349,-0.000161965494044],[0.000140028321766,-0.000116549454106,-0.000613353273366,-0.000922637525946,0.00552240898833,-0.00183307670522,0.00105354958214,0.000613971613348,-0.0000803405855549,-0.00075280823512,0.00218890374526,0.000681954901665,-0.00114946893882],[-0.000113304478873,0.000122966404888,-0.000447428959887,-0.000404432212235,-0.00183307670522,0.00905527081341,-0.00324123399332,-0.000791833503172,0.000398399221012,0.00109748519026,-0.00191048625857,0.00087356986478,-0.000139436117024],[0.0000839193962747,-0.0000799915433163,-0.000085080457211,0.000529010198079,0.00105354958214,-0.00324123399332,0.0078991940245,-0.00358918774873,-0.000149829153088,-0.00066998123657,0.000611272524111,-0.00118933978956,0.00187731010374],[-0.000138102652272,-0.000451587606221,-0.000106455590867,0.00000287184434455,0.000613971613348,-0.000791833503172,-0.00358918774873,0.0126319127157,-0.00551500963047,0.00210635876283,-0.000913042575121,0.000692849454936,-0.00236954819411],[0.0000107906707854,0.0000914930278668,-0.000131273045554,-0.000280178181129,-0.0000803405855549,0.000398399221012,-0.000149829153088,-0.00551500963047,0.0154036628082,-0.00785937905312,0.00180571631063,0.000637787452433,0.0000310100185743],[-0.000147251310409,0.0000765689328546,-0.000110964690975,-0.00182579236571,-0.00075280823512,0.00109748519026,-0.00066998123657,0.00210635876283,-0.00785937905312,0.0173437409103,-0.0088542336598,0.00233909953386,0.000756195222493],[0.000167611855431,-0.000670824490953,-0.000710808846634,0.000941055826843,0.00218890374526,-0.00191048625857,0.000611272524111,-0.000913042575121,0.00180571631063,-0.0088542336598,0.0189712047577,-0.00862390641123,0.00338926678523],[0.0000176946723514,0.00049493816914,-0.000587905349676,-0.00115997146349,0.000681954901665,0.00087356986478,-0.00118933978956,0.000692849454936,0.000637787452433,0.00233909953386,-0.00862390641123,0.0218166224658,-0.0103398272768],[0.0000345423977706,0.000191479499335,0.000302154221572,-0.000161965494044,-0.00114946893882,-0.000139436117024,0.00187731010374,-0.00236954819411,0.0000310100185743,0.000756195222493,0.00338926678523,-0.0103398272768,0.0194817967713]],"mean":[-682.819091797,93.7386016846,-0.411688476801,24.0601902008,18.0877876282,14.0295686722,4.38078069687,10.2884082794,2.69050908089,1.41827106476,-8.55349063873,-7.8143415451,-4.03250026703]},"pitch_salience":{"dmean":0.0733831375837,"dmean2":0.117457531393,"dvar":0.00437088496983,"dvar2":0.010484656319,"max":0.851998090744,"mean":0.51903617382,"median":0.521598637104,"min":0.0842149406672,"var":0.0153659712523},"silence_rate_20dB":{"dmean":0,"dmean2":0,"dvar":0,"dvar2":0,"max":1,"mean":1,"median":1,"min":1,"var":0},"silence_rate_30dB":{"dmean":0.000252334080869,"dmean2":0.00050473184092,"dvar":0.000252278667176,"dvar2":0.00075687590288,"max":1,"mean":0.999873876572,"median":1,"min":0,"var":0.000126132843434},"silence_rate_60dB":{"dmean":0.0189250558615,"dmean2":0.0378548912704,"dvar":0.0185658317059,"dvar2":0.0427320823073,"max":1,"mean":0.252428412437,"median":0,"min":0,"var":0.188705697656},"spectral_centroid":{"dmean":305.058166504,"dmean2":464.141479492,"dvar":122480.6875,"dvar2":269847.09375,"max":12025.7285156,"mean":1614.53491211,"median":1471.20068359,"min":204.480880737,"var":1108827},"spectral_complexity":{"dmean":3.27832460403,"dmean2":4.90649843216,"dvar":16.3011379242,"dvar2":31.754119873,"max":54,"mean":15.4256343842,"median":14,"min":0,"var":141.053253174},"spectral_contrast_coeffs":{"dmean":[0.0471850931644,0.0439597256482,0.037689268589,0.0329771898687,0.0237126126885,0.0256822109222],"dmean2":[0.0783942788839,0.0710309073329,0.059024758637,0.0509978160262,0.0364651121199,0.0369146838784],"dvar":[0.00155744340736,0.00145260395948,0.00111907557584,0.000765829056036,0.00040112627903,0.000508006603923],"dvar2":[0.00413581682369,0.00353020406328,0.00248608831316,0.00178061402403,0.000874436693266,0.000971454370301],"max":[-0.301509618759,-0.383826434612,-0.40338665247,-0.496292978525,-0.600110173225,-0.604719877243],"mean":[-0.621828436852,-0.759597241879,-0.763713598251,-0.773495793343,-0.788588881493,-0.781025707722],"median":[-0.61994022131,-0.769470214844,-0.777239322662,-0.777267456055,-0.788086414337,-0.777838051319],"min":[-0.974324405193,-0.978500783443,-0.984296381474,-0.972297430038,-0.967505156994,-0.965702712536],"var":[0.00808128062636,0.00653111562133,0.00692185480148,0.00383608741686,0.00208582519554,0.00280584883876]},"spectral_contrast_valleys":{"dmean":[0.402256697416,0.373864918947,0.329960852861,0.314752131701,0.303761780262,0.520661830902],"dmean2":[0.661151826382,0.605399429798,0.510874211788,0.466284662485,0.418512612581,0.66825991869],"dvar":[0.118883617222,0.114356100559,0.0981427058578,0.0983543843031,0.113178007305,0.263782322407],"dvar2":[0.300050795078,0.265750706196,0.196107566357,0.18691983819,0.198834508657,0.436554163694],"max":[-5.4085187912,-5.08270740509,-5.13631057739,-5.63149404526,-5.59630632401,-7.70891046524],"mean":[-7.97611904144,-8.00649166107,-8.13780403137,-8.262383461,-8.03286933899,-10.3243560791],"median":[-7.18929100037,-7.4465136528,-7.61766767502,-7.75920915604,-7.51006126404,-9.89511680603],"min":[-28.3193206787,-27.9274864197,-27.6470432281,-27.8370456696,-27.4197769165,-27.3858718872],"var":[5.97307538986,5.03454828262,4.95391988754,4.82038545609,4.89834022522,4.32301712036]},"spectral_decrease":{"dmean":1.64916347245e-9,"dmean2":2.6223967442e-9,"dvar":5.4672233753e-18,"dvar2":1.30493995116e-17,"max":7.54368949032e-18,"mean":-5.58469093193e-9,"median":-5.19709475455e-9,"min":-2.93819848451e-8,"var":2.34326685231e-17},"spectral_energy":{"dmean":0.00656351679936,"dmean2":0.01036118716,"dvar":0.000085470819613,"dvar2":0.000201317801839,"max":0.120215564966,"mean":0.0227424912155,"median":0.0211553014815,"min":1.01364190524e-20,"var":0.000385863910196},"spectral_energyband_high":{"dmean":0.000377434771508,"dmean2":0.000543998146895,"dvar":3.25198016071e-7,"dvar2":6.69959661082e-7,"max":0.0108108185232,"mean":0.000800046313088,"median":0.000411875167629,"min":7.03110144577e-21,"var":0.00000105797244032},"spectral_energyband_low":{"dmean":0.0039300029166,"dmean2":0.00650372356176,"dvar":0.0000385953171644,"dvar2":0.0000991103370325,"max":0.0954623520374,"mean":0.00981297250837,"median":0.00769552588463,"min":1.57980203665e-23,"var":0.000102313279058},"spectral_energyband_middle_high":{"dmean":0.00227794819511,"dmean2":0.00335102598183,"dvar":0.0000274380436167,"dvar2":0.0000612635849393,"max":0.108585700393,"mean":0.00579836918041,"median":0.00194333598483,"min":1.24857470956e-21,"var":0.0000969180036918},"spectral_energyband_middle_low":{"dmean":0.00380843947642,"dmean2":0.00616669934243,"dvar":0.0000385162784369,"dvar2":0.000094872302725,"max":0.0907724797726,"mean":0.00829394906759,"median":0.00553880585358,"min":1.72448237677e-22,"var":0.0000913046242204},"spectral_entropy":{"dmean":0.209147110581,"dmean2":0.293022304773,"dvar":0.0456963256001,"dvar2":0.0837325155735,"max":9.82724475861,"mean":7.74161195755,"median":7.73851203918,"min":6.18955135345,"var":0.186747267842},"spectral_flux":{"dmean":0.0194853954017,"dmean2":0.029994269833,"dvar":0.000552234007046,"dvar2":0.00124382239301,"max":0.311873584986,"mean":0.0694769918919,"median":0.0627752617002,"min":6.42704986453e-11,"var":0.00259154732339},"spectral_kurtosis":{"dmean":1.30428957939,"dmean2":2.02611017227,"dvar":1.84034609795,"dvar2":4.27896118164,"max":19.0032997131,"mean":3.08188223839,"median":2.65953493118,"min":-1.25048410892,"var":5.27788496017},"spectral_rms":{"dmean":0.000607810798101,"dmean2":0.000938412325922,"dvar":5.44862871266e-7,"dvar2":0.00000123068889479,"max":0.0108297495171,"mean":0.00406106421724,"median":0.00454305158928,"min":3.14470823513e-12,"var":0.00000569548319618},"spectral_rolloff":{"dmean":755.63684082,"dmean2":1249.82800293,"dvar":1806297.25,"dvar2":3813054,"max":19466.015625,"mean":2014.38720703,"median":1421.19140625,"min":64.599609375,"var":7290046.5},"spectral_skewness":{"dmean":0.202795743942,"dmean2":0.305009633303,"dvar":0.0376479811966,"dvar2":0.0803058594465,"max":3.02367401123,"mean":1.29848718643,"median":1.27984881401,"min":-0.138552427292,"var":0.172458812594},"spectral_spread":{"dmean":918173.9375,"dmean2":1302298.875,"dvar":1302512271360,"dvar2":2662043746300,"max":50265096,"mean":5338227.5,"median":4741058,"min":1867158.375,"var":11836903653400},"spectral_strongpeak":{"dmean":0.469834536314,"dmean2":0.793563365936,"dvar":1.07706964016,"dvar2":2.61443471909,"max":18.8276062012,"mean":0.808063209057,"median":0.389120161533,"min":0,"var":1.95023834705},"zerocrossingrate":{"dmean":0.0149537520483,"dmean2":0.0179338157177,"dvar":0.000337466102792,"dvar2":0.000465383869596,"max":0.537109375,"mean":0.0756855681539,"median":0.06201171875,"min":0.0048828125,"var":0.00422716420144}},"metadata":{"audio_properties":{"analysis_sample_rate":44100,"bit_rate":194898,"codec":"mp3","downmix":"mix","equal_loudness":0,"length":184.032653809,"lossless":false,"md5_encoded":"71b12e5da2e5139d131ad7a2f6fe61ab","replay_gain":-4.77956390381},"tags":{"acoustid_id":["4f9e7bd0-94ad-4459-8b71-444a8ae3f660"],"album":["Greatest Hits"],"albumartist":["The Who"],"artist":["The Who"],"date":["2009"],"discnumber":["1/1"],"file_name":"09 - The Who - Pinball Wizard.mp3","musicbrainz_albumartistid":["9fdaa16b-a6c4-4831-b87c-bc9ca8ce7eaa"],"musicbrainz_albumid":["55265199-08f9-3e6a-8532-409b6caf6c5e"],"musicbrainz_artistid":["9fdaa16b-a6c4-4831-b87c-bc9ca8ce7eaa"],"musicbrainz_recordingid":["295291be-e403-47fd-b7ab-ae65ad60a275"],"musicbrainz_releasegroupid":["0d1ac15a-0a66-4255-a618-d61db0a2c3bd"],"replaygain_album_gain":["+0.17 dB"],"replaygain_album_peak":["0.449941"],"replaygain_track_gain":["+0.39 dB"],"replaygain_track_peak":["0.416970"],"title":["Pinball Wizard"],"tracknumber":["9/19"]},"version":{"essentia":"2.1-beta1","essentia_build_sha":"46c2b6830b139c2e69ed9f3e0d9145e1b8fbae31","essentia_git_sha":"v2.1_beta1-6-g5578087","extractor":"music 1.0"}},"rhythm":{"beats_count":397,"beats_loudness":{"dmean":0.0117273787037,"dmean2":0.0203056149185,"dvar":0.000169294769876,"dvar2":0.000507970107719,"max":0.0962029546499,"mean":0.0270109288394,"median":0.0264429450035,"min":0,"var":0.000473102525575},"beats_loudness_band_ratio":{"dmean":[0.270097643137,0.0951570048928,0.0953547284007,0.12220299989,0.109176166356,0.0720588862896],"dmean2":[0.474204272032,0.165106400847,0.173192083836,0.216395959258,0.191677168012,0.129919424653],"dvar":[0.0365799404681,0.00910049956292,0.0166681036353,0.0258985552937,0.0130273886025,0.00739566469565],"dvar2":[0