{"lowlevel":{"average_loudness":0.934857726097,"barkbands":{"dmean":[0.0000425107537012,0.00139973789919,0.00210824981332,0.00159352156334,0.00198069238104,0.000507563003339,0.000522686808836,0.000843008572701,0.000641946913674,0.000414295936935,0.000176309535163,0.000490052159876,0.000426494894782,0.000448181061074,0.000282647815766,0.000307065463858,0.000500304857269,0.000223706214456,0.000223085764446,0.000308438902721,0.000240261651925,0.000251847115578,0.000137496957905,0.0000858401472215,0.0000267745563178,0.0000136594653668,0.00000128826764012],"dmean2":[0.0000754825232434,0.00243501644582,0.00363924959674,0.00264623016119,0.00314967497252,0.000823678623419,0.000864612869918,0.00136898702476,0.0010435518343,0.000659830344375,0.000282817374682,0.000793846033048,0.000694525660947,0.00071886763908,0.000445727520855,0.000495618209243,0.000820759159978,0.000346394983353,0.000341588194715,0.000495818268973,0.000384110142477,0.000417613220634,0.000216812011786,0.000134476969833,0.0000434053217759,0.0000224000141316,0.00000224168752538],"dvar":[1.15136673529e-8,0.00000799919507699,0.0000232243237406,0.00000822489801067,0.00000880339030118,0.00000147016419305,0.00000135697564474,0.00000264350046564,0.00000431196576756,0.00000135065897666,1.52782604346e-7,0.00000101237924355,0.00000124165512716,7.71684483425e-7,4.707904111e-7,2.91779343797e-7,5.83212340644e-7,1.88953578117e-7,1.94381854612e-7,3.55738393409e-7,1.12676701747e-7,2.87104938934e-7,7.76503412681e-8,1.15903013409e-7,7.3270243206e-9,5.37314770455e-9,1.82220124406e-11],"dvar2":[3.34190524143e-8,0.0000233941700571,0.0000641610386083,0.0000213867351704,0.0000231772773986,0.00000381023846785,0.00000360807507604,0.00000727319775251,0.0000111940198622,0.00000308613880406,3.17435052466e-7,0.00000253737812272,0.00000310720474772,0.00000174465378677,0.00000104459036265,7.30630574708e-7,0.00000147928790284,4.35706965618e-7,4.36262240555e-7,8.73426301951e-7,2.82314175593e-7,7.72091539147e-7,1.80567099051e-7,2.26311939855e-7,1.64685527437e-8,1.14569864706e-8,4.99530139475e-11],"max":[0.00114107888658,0.037999548018,0.0422187522054,0.0306295827031,0.0384910590947,0.0300417654216,0.0285460911691,0.0308314412832,0.0431476794183,0.0262296777219,0.0128501467407,0.0253276843578,0.0304103139788,0.0233292579651,0.012743842788,0.0120128635317,0.0121181821451,0.00794067792594,0.00858714804053,0.0145383812487,0.00478501990438,0.00937728211284,0.00516685191542,0.0135982437059,0.00284197018482,0.00392718845978,0.0000592962278461],"mean":[0.0000368325709132,0.00177412759513,0.00248090410605,0.00213144440204,0.00389818358235,0.0007768063806,0.000817640626337,0.00134784553666,0.000928584719077,0.000696187838912,0.000290384981781,0.000841135333758,0.000687460531481,0.000815947074443,0.000480746035464,0.000579801329877,0.00101465487387,0.000364152656402,0.000434163957834,0.000584069173783,0.000580085383262,0.000549682124984,0.000356614211341,0.000198816269403,0.0000604622473475,0.0000170616021933,0.00000175089337517],"median":[0.00000228119688472,0.000644526211545,0.000943487451877,0.000915468030144,0.00275750481524,0.000495868560392,0.000564320595004,0.000832262448967,0.000531473080628,0.000365927960956,0.000176737928996,0.00045527133625,0.000392887770431,0.000489407801069,0.000227596057812,0.00036487984471,0.000744415563531,0.000188637524843,0.000136855698656,0.000310585193802,0.000453378190286,0.000130634944071,0.0000763886710047,0.0000527623233211,0.0000181689501915,0.00000260597084889,9.81862967819e-7],"min":[8.7740196297e-25,5.54102723474e-24,1.79144375397e-24,2.04008245611e-24,1.44362492289e-23,1.3331932314e-23,6.18895735038e-24,1.40455958423e-23,1.01173146589e-23,2.17914273815e-23,1.81008079007e-23,2.47273310125e-23,3.08234934713e-23,3.37613976535e-23,5.19647574719e-23,7.3740035293e-23,7.18079760966e-23,1.07663231474e-22,1.22866360787e-22,2.08622470539e-22,2.63268481031e-22,3.34889755839e-22,4.03100273773e-22,6.40761648244e-22,8.54355696913e-22,1.33363183806e-21,2.06260474576e-21],"var":[9.45165901101e-9,0.00000899448059499,0.0000205885189644,0.0000104393120637,0.0000175061468326,0.00000151267011006,0.00000143367913097,0.00000324078678204,0.00000387314821637,0.0000022831827664,2.87751845462e-7,0.00000197373083211,0.00000151700021433,0.00000153153985138,8.50854576129e-7,6.23221239948e-7,0.00000129475802169,3.25788619193e-7,4.94486187108e-7,6.85925442667e-7,3.25786544408e-7,7.79784272709e-7,3.41980467056e-7,2.18121755324e-7,1.38881341982e-8,6.29148733111e-9,1.36345561577e-11]},"barkbands_crest":{"dmean":2.26902866364,"dmean2":3.71273398399,"dvar":4.58907032013,"dvar2":11.9809331894,"max":26.8446369171,"mean":7.91843748093,"median":6.97676134109,"min":2.2476837635,"var":14.0025196075},"barkbands_flatness_db":{"dmean":0.016874762252,"dmean2":0.025459041819,"dvar":0.000325722794514,"dvar2":0.000650627072901,"max":0.437301963568,"mean":0.107608005404,"median":0.0945669561625,"min":0.0262423101813,"var":0.00272443238646},"barkbands_kurtosis":{"dmean":1.92742967606,"dmean2":2.88043189049,"dvar":75.1050643921,"dvar2":123.581268311,"max":414.703582764,"mean":2.00499868393,"median":-0.332749128342,"min":-1.88203191757,"var":202.512542725},"barkbands_skewness":{"dmean":0.484142154455,"dmean2":0.72956609726,"dvar":0.311111569405,"dvar2":0.597336947918,"max":19.5461368561,"mean":0.894648969173,"median":0.759912848473,"min":-2.94111919403,"var":1.5009816885},"barkbands_spread":{"dmean":5.49381303787,"dmean2":8.38684940338,"dvar":32.3401184082,"dvar2":74.4128265381,"max":78.3803253174,"mean":30.3535423279,"median":28.1846923828,"min":0.29156935215,"var":241.898605347},"dissonance":{"dmean":0.0138845462352,"dmean2":0.0230659767985,"dvar":0.000424799130997,"dvar2":0.00103838660289,"max":0.499999940395,"mean":0.474912434816,"median":0.484398156404,"min":0,"var":0.00102190882899},"dynamic_complexity":4.27522468567,"erbbands":{"dmean":[0.0310068055987,0.374163001776,2.05894732475,3.63312077522,7.60493326187,6.19240427017,4.45765209198,3.98960328102,6.96675634384,11.1649312973,16.7779884338,14.5995435715,15.2971076965,9.77302360535,7.01951122284,21.3754730225,18.1133174896,22.248134613,15.2308273315,16.173992157,17.5750427246,25.5814762115,13.1207065582,10.0631923676,11.3163909912,11.9080905914,14.8942565918,6.98076915741,12.2791585922,4.81592655182,3.26500344276,2.17839336395,1.22446477413,0.434931367636,0.102631822228,0.0651404410601,0.0238231532276,0.00379335856996,0.000192559833522,0.0000142931839946],"dmean2":[0.0520171783864,0.655902028084,3.55929970741,6.03273677826,12.531457901,9.67690849304,6.99067974091,6.61473464966,11.2593479156,18.2641220093,27.3650436401,23.755941391,24.3095340729,14.9938011169,11.2245454788,34.4702529907,29.4269657135,35.8153381348,23.9434509277,25.5589122772,28.3603248596,41.4974441528,20.2456016541,15.5248470306,17.3308677673,18.8279190063,23.840587616,10.8893098831,20.561580658,7.62415027618,5.1590218544,3.39295506477,1.95743060112,0.701341867447,0.167652636766,0.104403406382,0.0401728712022,0.00657606078312,0.000334462238243,0.0000231207577599],"dvar":[0.00616033794358,0.537077903748,20.8777256012,46.8040275574,197.942123413,72.2250289917,48.0930404663,161.164749146,297.925750732,405.184448242,1705.06506348,2198.71264648,2365.63037109,578.750244141,170.669937134,2099.19458008,2014.52038574,2076.33227539,964.385314941,1340.06396484,830.232727051,1438.52514648,533.818786621,363.799255371,596.595031738,530.95892334,464.536529541,132.951705933,768.381408691,86.9593048096,43.1553382874,40.1480712891,36.9714889526,1.93456721306,0.255164951086,0.266935676336,0.0085376361385,0.000152526394231,4.28522469065e-7,1.53859391894e-9],"dvar2":[0.0166897773743,1.60072171688,58.0446586609,122.762184143,532.485473633,170.64151001,115.602272034,426.320709229,775.979125977,1091.66833496,4720.45019531,5781.10351562,5614.0625,1137.55004883,421.744842529,5219.07470703,4944.18017578,4744.77783203,2258.95507812,2909.94677734,2021.90551758,3667.84863281,1258.96276855,835.227783203,1249.63635254,1219.96984863,1161.0880127,328.056274414,2106.01196289,208.651077271,102.688499451,81.5116348267,77.8496322632,4.35992765427,0.522424936295,0.513328790665,0.0208948235959,0.000411896879086,0.00000117388731269,4.15326750769e-9],"max":[0.727338969707,10.0503044128,40.847858429,78.361907959,181.457351685,133.923843384,181.661911011,346.90020752,495.852813721,403.862487793,855.711425781,1063.90979004,1260.23950195,657.496520996,228.382568359,1268.51672363,1407.61523438,1285.3034668,700.454040527,836.159423828,544.948547363,752.924865723,391.385894775,333.080871582,571.833312988,744.517883301,337.023803711,189.28112793,484.952056885,174.260406494,111.850921631,253.936294556,217.589141846,37.3911170959,22.5729103088,30.2428798676,3.40570521355,0.137374505401,0.010830595158,0.000621897052042],"mean":[0.0325206592679,0.486030042171,2.56150460243,5.05021286011,12.0782222748,12.4165287018,7.93695640564,5.94713258743,10.772149086,19.0401916504,27.1393871307,21.8870315552,23.4844799042,18.6392669678,13.9000911713,37.1603317261,33.011428833,41.723110199,29.3978271484,29.9563350677,36.5001029968,54.248664856,24.6730041504,18.2114696503,21.9167060852,24.2124900818,34.9982719421,17.070142746,25.1096572876,12.7214260101,8.57117557526,5.30546188354,2.67416477203,1.00692653656,0.219713047147,0.0936588868499,0.0260238833725,0.00412718998268,0.000278421066469,0.0000455086083093],"median":[0.00769641809165,0.198069527745,1.05943369865,2.93499875069,6.84736442566,8.32178592682,5.23190498352,3.72019052505,6.83563709259,13.7254199982,17.3298225403,13.6618995667,11.9749517441,10.7617301941,9.79346847534,20.9650707245,20.5429477692,26.0516586304,17.1922035217,16.2020988464,25.3630485535,41.0506744385,15.8985242844,8.06123828888,8.5101184845,14.5843229294,25.8652629852,9.56258201599,5.24730587006,2.9597632885,1.95748925209,1.3627332449,0.708199679852,0.302275896072,0.0660136044025,0.0190100073814,0.00304249092005,0.000885441433638,0.000169180653756,0.0000434880312241],"min":[1.70025298739e-22,8.89815209173e-22,2.11073631766e-21,8.69742367023e-21,1.60704132419e-20,4.14635623464e-20,6.52183251514e-20,1.25270610109e-19,7.70932007782e-20,1.77919893541e-19,1.82965023193e-19,2.72557847143e-19,7.53249535849e-19,4.32795785739e-19,8.8220166837e-19,1.07003608411e-18,1.34450050502e-18,2.62519126361e-18,2.23053594873e-18,3.15300404554e-18,4.72863215199e-18,4.58840229069e-18,6.0701334035e-18,7.18388743055e-18,7.92495771416e-18,9.31110397128e-18,8.89964200072e-18,1.02911053748e-17,1.17165906875e-17,1.06423932645e-17,9.8782082459e-18,1.05688502906e-17,1.07638994791e-17,8.44516250241e-18,6.57261212481e-18,4.30765925875e-18,2.41875924276e-18,1.06650505687e-18,2.55415071785e-19,2.89178949416e-20],"var":[0.00576166016981,0.599257946014,19.5121173859,52.6776237488,262.562438965,197.316818237,92.3102493286,141.273666382,318.612762451,527.818969727,1673.96081543,1897.77685547,2885.9140625,1623.25354004,319.625061035,4011.03344727,2783.28149414,4019.55371094,1893.22766113,2747.84790039,1980.11120605,3527.99462891,1003.14459229,736.789489746,1432.47314453,1051.73730469,1369.65454102,404.545379639,1832.2791748,384.710693359,188.377151489,95.5530776978,58.4190788269,3.67566490173,0.418015271425,0.344804614782,0.00832818448544,0.000122395038488,3.25261964917e-7,1.80461023902e-9]},"erbbands_crest":{"dmean":2.24110770226,"dmean2":3.69799637794,"dvar":6.03582239151,"dvar2":15.3457450867,"max":33.0371284485,"mean":7.95065927505,"median":6.42579317093,"min":2.50487279892,"var":20.7636375427},"erbbands_flatness_db":{"dmean":0.0149236945435,"dmean2":0.0219391789287,"dvar":0.00027567188954,"dvar2":0.000511786201969,"max":0.421508342028,"mean":0.15852586925,"median":0.144207701087,"min":0.0775175988674,"var":0.00258079217747},"erbbands_kurtosis":{"dmean":0.954571723938,"dmean2":1.47076487541,"dvar":6.91245651245,"dvar2":13.0179386139,"max":136.94229126,"mean":0.54866117239,"median":-0.253539323807,"min":-1.80944728851,"var":21.6477718353},"erbbands_skewness":{"dmean":0.322616934776,"dmean2":0.479112535715,"dvar":0.13243958354,"dvar2":0.247448995709,"max":10.1274814606,"mean":-0.102943010628,"median":-0.229871630669,"min":-3.07584881783,"var":0.775289416313},"erbbands_spread":{"dmean":7.15718460083,"dmean2":10.824221611,"dvar":49.842376709,"dvar2":111.212715149,"max":107.86000824,"mean":38.5364189148,"median":36.8260307312,"min":1.3408216238,"var":294.229034424},"gfcc":{"cov":[[28111.78125,514.183349609,-2232.33813477,2350.42651367,-1360.72021484,1406.26037598,-694.681213379,180.589584351,-312.375152588,-216.130172729,-451.834747314,-146.616622925,-282.018951416],[514.183349609,1015.07006836,-356.962677002,-392.326812744,107.041290283,-345.094421387,-18.7824039459,-132.422912598,13.9066143036,-19.071105957,-43.3816070557,-38.0796279907,61.6345100403],[-2232.33813477,-356.962677002,866.470703125,169.050292969,3.06959271431,199.901473999,-6.0365114212,115.250083923,16.1279373169,12.4336900711,60.2261886597,10.2852258682,-44.962146759],[2350.42651367,-392.326812744,169.050292969,674.433410645,-140.363220215,383.670379639,-54.6423835754,83.1516952515,-14.3978738785,-30.0473232269,-13.2115974426,-27.5848560333,-65.8490066528],[-1360.72021484,107.041290283,3.06959271431,-140.363220215,344.278442383,-99.5910644531,75.3859329224,-51.7668571472,23.9805145264,43.4984893799,-14.7853326797,24.4579658508,8.70223617554],[1406.26037598,-345.094421387,199.901473999,383.670379639,-99.5910644531,469.338287354,-14.889708519,108.822792053,-16.3917694092,-19.4837532043,4.2581911087,-23.0385684967,-50.1228752136],[-694.681213379,-18.7824039459,-6.0365114212,-54.6423835754,75.3859329224,-14.889708519,134.172698975,12.8430786133,10.1600284576,10.3163871765,5.81626367569,13.1319055557,2.35458254814],[180.589584351,-132.422912598,115.250083923,83.1516952515,-51.7668571472,108.822792053,12.8430786133,130.983764648,23.7887401581,2.35378694534,17.9193630219,4.21106386185,-11.8341264725],[-312.375152588,13.9066143036,16.1279373169,-14.3978738785,23.9805145264,-16.3917694092,10.1600284576,23.7887401581,69.9193344116,31.2204723358,7.11968278885,0.793976604939,6.75203990936],[-216.130172729,-19.071105957,12.4336900711,-30.0473232269,43.4984893799,-19.4837532043,10.3163871765,2.35378694534,31.2204723358,72.2091598511,21.8689861298,17.6235771179,-5.66178369522],[-451.834747314,-43.3816070557,60.2261886597,-13.2115974426,-14.7853326797,4.2581911087,5.81626367569,17.9193630219,7.11968278885,21.8689861298,70.5334243774,21.1656837463,7.80926084518],[-146.616622925,-38.0796279907,10.2852258682,-27.5848560333,24.4579658508,-23.0385684967,13.1319055557,4.21106386185,0.793976604939,17.6235771179,21.1656837463,69.0750732422,18.40883255],[-282.018951416,61.6345100403,-44.962146759,-65.8490066528,8.70223617554,-50.1228752136,2.35458254814,-11.8341264725,6.75203990936,-5.66178369522,7.80926084518,18.40883255,63.5378074646]],"icov":[[0.000529186276253,-0.00113790272735,0.00158288888633,-0.00170223135501,0.00123400217853,-0.00104885350447,0.00134919595439,-0.00142405705992,0.00195344188251,-0.00183627498336,0.00242240726948,-0.00205125310458,0.00142234563828],[-0.00113790272735,0.004157604184,-0.00302284490317,0.00421990640461,-0.00299666938372,0.00274702813476,-0.00233387527987,0.00350251747295,-0.00483100907877,0.00472410162911,-0.00510973623022,0.00559244118631,-0.00359107204713],[0.00158288888633,-0.00302284490317,0.00633574835956,-0.00502605829388,0.00312556698918,-0.00338652962819,0.00456595094875,-0.0050985137932,0.00552535569295,-0.0048385807313,0.0059029799886,-0.0060251634568,0.00501607824117],[-0.00170223135501,0.00421990640461,-0.00502605829388,0.00874399486929,-0.00359773775563,0.00121016171761,-0.00344953755848,0.00508342543617,-0.00729504227638,0.00686518196017,-0.0071590282023,0.00635451823473,-0.00319579825737],[0.00123400217853,-0.00299666938372,0.00312556698918,-0.00359773775563,0.00735473725945,-0.00253005884588,0.0007846498047,-0.00139458919875,0.00375863118097,-0.00654271012172,0.00781252980232,-0.00612270506099,0.00340658891946],[-0.00104885350447,0.00274702813476,-0.00338652962819,0.00121016171761,-0.00253005884588,0.00710628507659,-0.00290242373012,0.00039592149551,-0.00219241110608,0.00339473225176,-0.00489655509591,0.00546850496903,-0.00277580949478],[0.00134919595439,-0.00233387527987,0.00456595094875,-0.00344953755848,0.0007846498047,-0.00290242373012,0.0128649519756,-0.00547898188233,0.00445524277166,-0.00348896533251,0.00521419057623,-0.00572900427505,0.00424889381975],[-0.00142405705992,0.00350251747295,-0.0050985137932,0.00508342543617,-0.00139458919875,0.00039592149551,-0.00547898188233,0.0166542492807,-0.0112254396081,0.00687924586236,-0.00759349483997,0.0037416939158,-0.00259461067617],[0.00195344188251,-0.00483100907877,0.00552535569295,-0.00729504227638,0.00375863118097,-0.00219241110608,0.00445524277166,-0.0112254396081,0.0293330289423,-0.0174568593502,0.0103663997725,-0.00361942360178,0.000308065704303],[-0.00183627498336,0.00472410162911,-0.0048385807313,0.00686518196017,-0.00654271012172,0.00339473225176,-0.00348896533251,0.00687924586236,-0.0174568593502,0.0299934763461,-0.0149604063481,0.00257747620344,0.00156226102263],[0.00242240726948,-0.00510973623022,0.0059029799886,-0.0071590282023,0.00781252980232,-0.00489655509591,0.00521419057623,-0.00759349483997,0.0103663997725,-0.0149604063481,0.0307056028396,-0.0129785304889,0.00347786140628],[-0.00205125310458,0.00559244118631,-0.0060251634568,0.00635451823473,-0.00612270506099,0.00546850496903,-0.00572900427505,0.0037416939158,-0.00361942360178,0.00257747620344,-0.0129785304889,0.0280711241066,-0.0120695065707],[0.00142234563828,-0.00359107204713,0.00501607824117,-0.00319579825737,0.00340658891946,-0.00277580949478,0.00424889381975,-0.00259461067617,0.000308065704303,0.00156226102263,0.00347786140628,-0.0120695065707,0.0256518330425]],"mean":[-23.108127594,80.4712371826,-133.128158569,35.2120437622,-60.6087760925,4.58980798721,-33.6641387939,-4.21467113495,-21.5828781128,-1.55165791512,-22.1609859467,-8.0752620697,-13.879067421]},"hfc":{"dmean":6.71652173996,"dmean2":9.78283214569,"dvar":101.528991699,"dvar2":216.802947998,"max":259.865570068,"mean":28.2687149048,"median":24.9883785248,"min":1.1051095926e-16,"var":541.866821289},"melbands":{"dmean":[0.000324057444232,0.00085317005869,0.000738195609301,0.000505391682964,0.000164787576068,0.0000931835529627,0.000106600164145,0.000140703326906,0.000131443259306,0.0000940864847507,0.0000776311499067,0.0000414428650402,0.0000219088869926,0.0000529751341674,0.0000504288946104,0.0000413713642047,0.000044791289838,0.0000278974803223,0.0000212663726415,0.0000205609339901,0.0000252944937529,0.0000296435409837,0.0000225430776482,0.00000799046301836,0.00000895381435839,0.00000924510641198,0.00000694445770932,0.00000982361234492,0.0000126102613649,0.00000591244952375,0.00000391568300984,0.00000694044138072,0.00000476566083307,0.00000324612437907,0.00000236029040934,0.00000165366600413,0.00000129230249968,0.00000101095668015,6.86107625825e-7,2.80934926877e-7],"dmean2":[0.000559829524718,0.00148408184759,0.00121654057875,0.000801527465228,0.000256069004536,0.000152874214109,0.000172548316186,0.000229356359341,0.000214643252548,0.000152881781105,0.000123101242934,0.0000642188679194,0.0000353665491275,0.0000849986099638,0.0000821850044304,0.000067831693741,0.0000725870631868,0.0000447772617918,0.0000335109361913,0.0000329738068103,0.0000415912618337,0.0000487752477056,0.0000367547072528,0.0000121284292618,0.0000141932214319,0.0000143384440889,0.0000106508587123,0.0000158072543854,0.0000204457264772,0.00000951747188083,0.0000062264753069,0.0000115819530038,0.00000791351703811,0.00000515568399351,0.00000382905091101,0.00000258526029029,0.00000205018250199,0.00000163973925282,0.00000111224335342,4.57278986232e-7],"dvar":[5.25013717834e-7,0.0000033773924315,0.00000179667222255,6.10605411566e-7,5.688426441e-8,7.24839708255e-8,6.28694110105e-8,6.03866752158e-8,1.29344684296e-7,9.30619563633e-8,5.89343507329e-8,1.15400906608e-8,1.84198156727e-9,1.27011459128e-8,1.38614151268e-8,1.3605361282e-8,8.04596034243e-9,3.47849260507e-9,3.2444318343e-9,1.64921443169e-9,1.80671000383e-9,2.08140904512e-9,1.24760490827e-9,4.58179938434e-10,2.91888180293e-10,3.52479628818e-10,2.41869524409e-10,3.98650834565e-10,4.13343276273e-10,7.58592008654e-11,4.9039904082e-11,2.28121105339e-10,1.09650476199e-10,4.26399471287e-11,2.32586293974e-11,1.50024853651e-11,1.80712892567e-11,2.68847895335e-11,5.74291872737e-12,6.7546863285e-13],"dvar2":[0.00000149101379066,0.00000955541236181,0.00000458430668004,0.00000159243029429,1.35813223778e-7,1.89435667153e-7,1.64631089206e-7,1.62836158779e-7,3.58819875146e-7,2.43668495159e-7,1.39106901997e-7,2.35075354738e-8,4.21843981968e-9,3.1364230324e-8,3.44987185485e-8,3.56938443247e-8,1.85728090685e-8,8.28192003866e-9,7.29117743958e-9,3.79773368309e-9,4.38637304256e-9,5.30586952152e-9,3.17422244045e-9,1.02318997719e-9,6.96057045335e-10,7.93547394462e-10,5.19916998343e-10,9.69221036762e-10,1.0504024317e-9,1.89517651572e-10,1.24575169624e-10,6.20925089123e-10,2.97954411144e-10,1.02685866754e-10,5.79299837267e-11,3.37551271656e-11,3.51867354698e-11,5.83370851626e-11,1.23437510213e-11,1.58991602436e-12],"max":[0.00839360710233,0.0159319937229,0.0123073700815,0.0101913306862,0.00489046191797,0.00697734951973,0.00659762602299,0.00493144895881,0.00770461885259,0.006713275332,0.00612493790686,0.00296559138224,0.000941784237511,0.00243041897193,0.00273234024644,0.00348770618439,0.00223044189624,0.0012920491863,0.00128709024284,0.0011140400311,0.000718983064871,0.000744800840039,0.000620267761406,0.000508326746058,0.000337177887559,0.000388934102375,0.000426037528086,0.000618356105406,0.000336024357239,0.000120610173326,0.000113531881652,0.000277740531601,0.000169896797161,0.000110319386295,0.0000822236106615,0.0000933682313189,0.000181652372703,0.000179612106876,0.0000810442506918,0.0000205979522434],"mean":[0.000385958293919,0.0011190926889,0.00111105828546,0.000958255841397,0.000318164966302,0.000138725299621,0.000166756799445,0.000236282066908,0.000211282938835,0.000134759495268,0.000114664224384,0.0000759500617278,0.0000387824111385,0.0000888729118742,0.0000867111593834,0.000069746740337,0.0000788878387539,0.0000492780382046,0.0000371544483642,0.0000366773929272,0.0000470083032269,0.0000589223927818,0.0000407425723097,0.0000122135243146,0.000014541159544,0.0000170528473973,0.0000120903077914,0.0000179217549885,0.0000268102558039,0.0000128825240608,0.00000848046147439,0.0000145158528539,0.00000907984031073,0.00000757023826736,0.00000557201019546,0.00000370438601749,0.00000289263584818,0.0000019707190404,0.00000144993794038,6.23005803391e-7],"median":[0.000126532933791,0.000506238022354,0.000642650120426,0.000667892221827,0.00022572465241,0.0000855435209814,0.000109726977826,0.000163412987604,0.000136895396281,0.0000763621137594,0.0000550488075532,0.0000415656140831,0.0000262597841356,0.0000463518481411,0.0000490967286169,0.0000417138289777,0.0000462513635284,0.0000277497019852,0.0000174390042957,0.000020607465558,0.0000311067487928,0.0000421300755988,0.000028391745218,0.00000497277915201,0.00000573172701479,0.0000054357492445,0.00000648158993499,0.00000974884187599,0.0000173154512595,0.0000105578901639,0.00000339645384884,0.00000311979010803,0.00000192270181287,0.00000151938024828,0.00000113578857963,8.86873806394e-7,7.72784176206e-7,4.83797180095e-7,4.09522073141e-7,1.91092055957e-7],"min":[2.42885164843e-24,1.36569335406e-24,1.89487111004e-24,2.49247288601e-24,2.4639389982e-24,2.92885831422e-24,1.02003600185e-24,1.08581418236e-24,1.06575630916e-24,1.79387758708e-24,3.50698212836e-24,1.44330356067e-24,3.14087750148e-24,3.26034476634e-24,2.67731522344e-24,3.02426749083e-24,3.7392077905e-24,3.28684280136e-24,4.15312823506e-24,3.59010952953e-24,4.03918753249e-24,4.78439681952e-24,4.31663385716e-24,4.59618249615e-24,4.50307679338e-24,5.06851532973e-24,5.08708235443e-24,4.82958158888e-24,5.03162582722e-24,4.93886091236e-24,4.90432260978e-24,5.42914545914e-24,5.82281347768e-24,5.31075676435e-24,4.69176364444e-24,6.15164935716e-24,5.63246765214e-24,6.2589127466e-24,6.55875207135e-24,5.66687815926e-24],"var":[5.41275824162e-7,0.00000333297725774,0.00000230580758398,0.00000117669333122,1.29003439042e-7,6.74871145634e-8,6.82897862703e-8,8.37273930188e-8,1.17593771165e-7,8.19943721808e-8,7.22181709989e-8,3.02831324461e-8,3.40057226822e-9,2.28267040825e-8,2.26016911853e-8,1.58396211702e-8,1.51066466003e-8,6.32837293679e-9,5.96485394411e-9,3.45767658949e-9,3.92844290431e-9,4.55708981661e-9,2.37258945823e-9,6.85920265031e-10,5.32658750441e-10,8.55906789887e-10,4.57121507313e-10,6.917961759e-10,1.05337516487e-9,1.64880276099e-10,1.31626792799e-10,5.85114789953e-10,2.40265168872e-10,1.57599780448e-10,8.59718199409e-11,4.25078514055e-11,3.67463663664e-11,4.01517152859e-11,9.81739255862e-12,1.26770284808e-12]},"melbands_crest":{"dmean":3.38509082794,"dmean2":5.48670101166,"dvar":8.96438217163,"dvar2":23.1909427643,"max":34.427822113,"mean":12.1639356613,"median":11.4614591599,"min":1.5584038496,"var":26.3246078491},"melbands_flatness_db":{"dmean":0.0231100935489,"dmean2":0.0350701995194,"dvar":0.000507905904669,"dvar2":0.00116642413195,"max":0.482185393572,"mean":0.152538314462,"median":0.141951352358,"min":0.00316485785879,"var":0.00423950375989},"melbands_kurtosis":{"dmean":4.58911323547,"dmean2":7.02837562561,"dvar":126.492134094,"dvar2":213.250045776,"max":466.378173828,"mean":7.35377883911,"median":3.62124633789,"min":-1.78243362904,"var":325.174194336},"melbands_skewness":{"dmean":0.654055774212,"dmean2":1.00722396374,"dvar":0.506114542484,"dvar2":1.12435472012,"max":16.2172794342,"mean":2.03232526779,"median":1.84982168674,"min":-1.22121429443,"var":1.85632205009},"melbands_spread":{"dmean":10.0305013657,"dmean2":15.5623083115,"dvar":131.499099731,"dvar2":298.177032471,"max":194.598632812,"mean":38.3182601929,"median":34.7479476929,"min":0.385342746973,"var":674.445800781},"mfcc":{"cov":[[17136.7070312,-1307.62072754,553.376464844,363.232757568,376.967224121,866.914489746,78.5797195435,416.225341797,267.359283447,-18.6339759827,-267.586334229,586.537231445,256.186798096],[-1307.62072754,1563.02294922,-662.446411133,-34.5777320862,-133.62147522,-216.579345703,-135.436462402,-216.889587402,22.8949317932,-119.111717224,-49.5556945801,4.22464132309,-72.1528549194],[553.376464844,-662.446411133,936.72869873,10.7388000488,139.237060547,94.1437988281,84.7668228149,160.896881104,-45.1339607239,108.54598999,58.3083686829,-26.3117256165,0.333359003067],[363.232757568,-34.5777320862,10.7388000488,213.125534058,39.7078399658,38.3084373474,-4.36446332932,3.31397747993,4.80972337723,0.621937394142,2.30958175659,3.80804085732,9.59880924225],[376.967224121,-133.62147522,139.237060547,39.7078399658,187.732574463,87.2414550781,29.3332595825,36.3060798645,17.8584766388,27.0440864563,0.81253027916,36.5811958313,-1.75148630142],[866.914489746,-216.579345703,94.1437988281,38.3084373474,87.2414550781,201.437545776,62.5465316772,46.5641174316,27.2672920227,14.1949462891,-0.585872411728,38.2402267456,21.0780410767],[78.5797195435,-135.436462402,84.7668228149,-4.36446332932,29.3332595825,62.5465316772,110.760627747,65.7035217285,0.04949311167,29.7346019745,14.1810436249,-4.63052272797,-1.44352352619],[416.225341797,-216.889587402,160.896881104,3.31397747993,36.3060798645,46.5641174316,65.7035217285,118.676803589,20.4763698578,34.1843338013,13.5575828552,-1.71868312359,7.09037923813],[267.359283447,22.8949317932,-45.1339607239,4.80972337723,17.8584766388,27.2672920227,0.04949311167,20.4763698578,80.554359436,13.5781698227,-7.52164459229,27.6198806763,5.2542848587],[-18.6339759827,-119.111717224,108.54598999,0.621937394142,27.0440864563,14.1949462891,29.7346019745,34.1843338013,13.5781698227,80.7048721313,34.9660339355,-10.8690681458,0.313451886177],[-267.586334229,-49.5556945801,58.3083686829,2.30958175659,0.81253027916,-0.585872411728,14.1810436249,13.5575828552,-7.52164459229,34.9660339355,63.1043128967,2.58092355728,1.94711601734],[586.537231445,4.22464132309,-26.3117256165,3.80804085732,36.5811958313,38.2402267456,-4.63052272797,-1.71868312359,27.6198806763,-10.8690681458,2.58092355728,106.887031555,36.3737487793],[256.186798096,-72.1528549194,0.333359003067,9.59880924225,-1.75148630142,21.0780410767,-1.44352352619,7.09037923813,5.2542848587,0.313451886177,1.94711601734,36.3737487793,60.4186401367]],"icov":[[0.000127064296976,0.0000175847726496,-0.0000130649195853,-0.000162263560924,0.000240884008235,-0.000472330633784,0.000434661546024,-0.000576122256462,0.000215306834434,-0.000339403137332,0.000828964810353,-0.000769903126638,0.000177657799213],[0.0000175847726496,0.00124845351093,0.000460034178104,-0.000065784821345,7.08639959157e-7,0.000868579256348,-0.00026674309629,0.00125365541317,-0.000817703374196,0.000753529078793,-0.000104960701719,-0.000497452507261,0.00133784511127],[-0.0000130649195853,0.000460034178104,0.00211890717037,0.000170459970832,-0.000908216636162,-0.000148532519233,0.00100258155726,-0.00213024113327,0.00204170728102,-0.0014936812222,-0.000367252709111,0.0000387732470699,0.000684127036948],[-0.000162263560924,-0.000065784821345,0.000170459970832,0.00534756388515,-0.00150342681445,-0.000371464382624,0.000472651270684,0.00052874663379,-0.000309728318825,0.000928024644963,-0.00189143826719,0.00211626524106,-0.00139677431434],[0.000240884008235,7.08639959157e-7,-0.000908216636162,-0.00150342681445,0.00907232239842,-0.00354895344935,0.00125904381275,-0.00155486387666,0.00090680248104,-0.00354501791298,0.00398598751053,-0.00533647555858,0.00396076124161],[-0.000472330633784,0.000868579256348,-0.000148532519233,-0.000371464382624,-0.00354895344935,0.0109001193196,-0.0067052016966,0.00413410598412,-0.00403756834567,0.00353583297692,-0.00285379285924,0.00181881117169,-0.00212126970291],[0.000434661546024,-0.00026674309629,0.00100258155726,0.000472651270684,0.00125904381275,-0.0067052016966,0.0190952345729,-0.0116863697767,0.00603517796844,-0.00550685916096,0.00262069073506,-0.00275414763018,0.00303850718774],[-0.000576122256462,0.00125365541317,-0.00213024113327,0.00052874663379,-0.00155486387666,0.00413410598412,-0.0116863697767,0.0222531426698,-0.0090276747942,0.00355441472493,-0.00478036841378,0.00521084340289,-0.00272665126249],[0.000215306834434,-0.000817703374196,0.00204170728102,-0.000309728318825,0.00090680248104,-0.00403756834567,0.00603517796844,-0.0090276747942,0.0209212936461,-0.00928361527622,0.00675870990381,-0.00690373871475,0.00295415869914],[-0.000339403137332,0.000753529078793,-0.0014936812222,0.000928024644963,-0.00354501791298,0.00353583297692,-0.00550685916096,0.00355441472493,-0.00928361527622,0.0253001060337,-0.0142880557105,0.00757296429947,-0.00310776988044],[0.000828964810353,-0.000104960701719,-0.000367252709111,-0.00189143826719,0.00398598751053,-0.00285379285924,0.00262069073506,-0.00478036841378,0.00675870990381,-0.0142880557105,0.0290823616087,-0.00973006244749,0.0028038516175],[-0.000769903126638,-0.000497452507261,0.0000387732470699,0.00211626524106,-0.00533647555858,0.00181881117169,-0.00275414763018,0.00521084340289,-0.00690373871475,0.00757296429947,-0.00973006244749,0.0212173368782,-0.0110312728211],[0.000177657799213,0.00133784511127,0.000684127036948,-0.00139677431434,0.00396076124161,-0.00212126970291,0.00303850718774,-0.00272665126249,0.00295415869914,-0.00310776988044,0.0028038516175,-0.0110312728211,0.025171123445]],"mean":[-650.434448242,105.82649231,-14.0291872025,26.0508575439,-6.9656791687,9.61343669891,-6.91760826111,-3.23911070824,0.80300027132,-1.30710339546,-3.65276145935,3.2701485157,-7.34593248367]},"pitch_salience":{"dmean":0.0641470476985,"dmean2":0.103320837021,"dvar":0.00343426805921,"dvar2":0.00864161830395,"max":0.993476033211,"mean":0.625735402107,"median":0.640436828136,"min":0.0481458902359,"var":0.010209848173},"silence_rate_20dB":{"dmean":0,"dmean2":0,"dvar":0,"dvar2":0,"max":1,"mean":1,"median":1,"min":1,"var":0},"silence_rate_30dB":{"dmean":0,"dmean2":0,"dvar":0,"dvar2":0,"max":1,"mean":1,"median":1,"min":1,"var":0},"silence_rate_60dB":{"dmean":0.0227450989187,"dmean2":0.0454991161823,"dvar":0.0222289841622,"dvar2":0.0512776188552,"max":1,"mean":0.193883553147,"median":0,"min":0,"var":0.156298071146},"spectral_centroid":{"dmean":288.890014648,"dmean2":432.953613281,"dvar":91275.0234375,"dvar2":197907.125,"max":12028.2294922,"mean":1927.48657227,"median":1818.49719238,"min":300.377349854,"var":1592122.625},"spectral_complexity":{"dmean":3.93137264252,"dmean2":5.60855054855,"dvar":18.1979694366,"dvar2":34.0733108521,"max":66,"mean":26.1458530426,"median":30,"min":0,"var":234.096725464},"spectral_contrast_coeffs":{"dmean":[0.0557744950056,0.0470888502896,0.0384144373238,0.0269517451525,0.022087212652,0.0172494705766],"dmean2":[0.089385971427,0.0764450579882,0.0627737939358,0.0445485636592,0.0353467874229,0.0272645205259],"dvar":[0.00211899518035,0.0015573912533,0.00107264926191,0.000510374375153,0.000334351847414,0.000278465566225],"dvar2":[0.00549858110026,0.00387525511906,0.00254321377724,0.00130500947125,0.000836864928715,0.000612475560047],"max":[-0.338925480843,-0.385744571686,-0.472687482834,-0.622492432594,-0.63230240345,-0.568112373352],"mean":[-0.617021679878,-0.771582424641,-0.790432691574,-0.804537415504,-0.791702926159,-0.719974279404],"median":[-0.607775092125,-0.778661131859,-0.800045669079,-0.811604738235,-0.785802006721,-0.715352892876],"min":[-0.996299803257,-0.988441705704,-0.974976122379,-0.975351631641,-0.965396225452,-0.965205907822],"var":[0.0083887334913,0.0055948314257,0.0040224888362,0.00202146824449,0.00243375985883,0.00327209685929]},"spectral_contrast_valleys":{"dmean":[0.447320997715,0.356989324093,0.303332775831,0.248521089554,0.209056705236,0.162563085556],"dmean2":[0.736539304256,0.579909801483,0.489966869354,0.38625651598,0.29626122117,0.238420411944],"dvar":[0.14832380414,0.121631324291,0.0886196345091,0.0701270699501,0.0611573271453,0.0636098533869],"dvar2":[0.3660582304,0.258178055286,0.177106276155,0.121643580496,0.0898028537631,0.10537507385],"max":[-5.64276504517,-4.8288769722,-5.65406131744,-5.66222667694,-5.13938856125,-7.47179365158],"mean":[-7.9428153038,-6.98891544342,-7.53475475311,-7.64853572845,-7.50944519043,-10.4846105576],"median":[-7.25200939178,-6.31614780426,-6.84908485413,-6.93917894363,-6.85986995697,-9.89511013031],"min":[-28.0138111115,-27.9608917236,-27.7255439758,-27.5931224823,-27.597990036,-27.3973312378],"var":[6.27323865891,6.29537343979,5.95106983185,6.08338165283,6.05412530899,5.49608898163]},"spectral_decrease":{"dmean":1.51877355137e-9,"dmean2":2.38135644537e-9,"dvar":5.28918722411e-18,"dvar2":1.32437017559e-17,"max":1.75742431502e-28,"mean":-5.34717781164e-9,"median":-5.51101342339e-9,"min":-2.29948327046e-8,"var":1.47307599119e-17},"spectral_energy":{"dmean":0.00604068255052,"dmean2":0.00936860125512,"dvar":0.0000816967658466,"dvar2":0.00019998489006,"max":0.0938661918044,"mean":0.022745506838,"median":0.023686658591,"min":1.02540321802e-20,"var":0.000255713326624},"spectral_energyband_high":{"dmean":0.000692098052241,"dmean2":0.00105339230504,"dvar":0.00000145953708852,"dvar2":0.00000329342697114,"max":0.0292104501277,"mean":0.00221159029752,"median":0.00104924698826,"min":6.82652772494e-21,"var":0.00000752743562771},"spectral_energyband_low":{"dmean":0.00349165406078,"dmean2":0.0060706846416,"dvar":0.0000498321132909,"dvar2":0.000143633180414,"max":0.0588574148715,"mean":0.00513577787206,"median":0.00290803285316,"min":1.34199187039e-23,"var":0.0000560190419492},"spectral_energyband_middle_high":{"dmean":0.00177402875852,"dmean2":0.00256792106666,"dvar":0.00000738217931939,"dvar2":0.000015881485524,"max":0.0530302710831,"mean":0.00621118955314,"median":0.00519992783666,"min":1.07483083411e-21,"var":0.0000310592222377},"spectral_energyband_middle_low":{"dmean":0.00377284479327,"dmean2":0.00592336291447,"dvar":0.0000294957535516,"dvar2":0.0000732885600883,"max":0.0691977888346,"mean":0.0101713780314,"median":0.00949534215033,"min":1.692696331e-22,"var":0.0000664470062475},"spectral_entropy":{"dmean":0.109622135758,"dmean2":0.157850861549,"dvar":0.0178302377462,"dvar2":0.0300899427384,"max":9.82901573181,"mean":7.78429412842,"median":7.86111402512,"min":5.16868257523,"var":0.242058604956},"spectral_flux":{"dmean":0.0175540372729,"dmean2":0.0259615536779,"dvar":0.000397398660425,"dvar2":0.000798651017249,"max":0.263850092888,"mean":0.0802388414741,"median":0.0799565091729,"min":6.32404545398e-11,"var":0.00220520305447},"spectral_kurtosis":{"dmean":1.18479371071,"dmean2":2.01149988174,"dvar":2.37292265892,"dvar2":6.64671850204,"max":34.990322113,"mean":3.49981999397,"median":2.67249822617,"min":-1.249563694,"var":10.1194267273},"spectral_rms":{"dmean":0.000566379050724,"dmean2":0.000853501667734,"dvar":4.83394558159e-7,"dvar2":0.00000113292867354,"max":0.00956957507879,"mean":0.0042314636521,"median":0.0048071751371,"min":3.16289962971e-12,"var":0.00000428545217801},"spectral_rolloff":{"dmean":573.54309082,"dmean2":935.801513672,"dvar":607460.3125,"dvar2":1403865.375,"max":19487.5488281,"mean":2651.50219727,"median":2260.98632812,"min":193.798828125,"var":5724900.5},"spectral_skewness":{"dmean":0.174008563161,"dmean2":0.277137517929,"dvar":0.0335958078504,"dvar2":0.0795128643513,"max":4.42009925842,"mean":1.17888879776,"median":1.12344574928,"min":-0.0794111266732,"var":0.262748509645},"spectral_spread":{"dmean":359599.40625,"dmean2":531756.25,"dvar":320889618432,"dvar2":553129213952,"max":42433884,"mean":4602052.5,"median":4216920,"min":1668228.625,"var":17106422726700},"spectral_strongpeak":{"dmean":0.538847625256,"dmean2":0.92300516367,"dvar":1.0312461853,"dvar2":2.69504475594,"max":12.2854061127,"mean":0.802394330502,"median":0.421369940042,"min":3.26020821451e-10,"var":1.39769232273},"zerocrossingrate":{"dmean":0.0098483460024,"dmean2":0.0118079986423,"dvar":0.000139987270813,"dvar2":0.000211512320675,"max":0.53759765625,"mean":0.0859781801701,"median":0.07568359375,"min":0.00732421875,"var":0.00357978721149}},"metadata":{"audio_properties":{"analysis_sample_rate":44100,"bit_rate":0,"codec":"flac","downmix":"mix","equal_loudness":0,"length":118.400001526,"lossless":true,"md5_encoded":"ce28c036e0b14a569185ef237e853837","replay_gain":-15.3393821716},"tags":{"acoustid_id":["ba03300b-0d9a-446f-9000-55c0d3b7b7b2"],"album":["De Stijl"],"albumartist":["The White Stripes"],"albumartistsort":["White Stripes, The"],"artist":["The White Stripes"],"artistsort":["White Stripes, The"],"barcode":["634904015022"],"catalognumber":["XLCD 150"],"date":["2001-10-12"],"discnumber":["1"],"disctotal":["1"],"file_name":"10 Let's Build a Home.flac","genre":["Rock"],"isrc":["GBBKS0100386"],"label":["XL Recordings"],"language":["eng"],"media":["CD"],"mixer":["Jack White","Jim Diamond"],"musicbrainz_albumartistid":["11ae9fbb-f3d7-4a47-936f-4c0a04d3b3b5"],"musicbrainz_albumid":["1ebd5f98-a611-35c0-900d-abc3373597e0"],"musicbrainz_artistid":["11ae9fbb-f3d7-4a47-936f-4c0a04d3b3b5"],"musicbrainz_recordingid":["299186b2-e070-49f4-9d4d-99fabe5ae568"],"musicbrainz_releasegroupid":["17d13708-d267-3e28-9f7a-dc27eaaf2eb1"],"musicbrainz_releasetrackid":["397103f0-acdf-321c-9fc1-a0e9989682fd"],"musicbrainz_workid":["2f271aef-4b5b-4b6f-92d8-e342411251a8"],"originaldate":["2000-06-20"],"performer":["Meg White (drums)","Jack White (guitar)","Jack White (lead vocals)"],"producer":["Jack White"],"releasecountry":["GB"],"releasestatus":["official"],"releasetype":["album"],"script":["Latn"],"title":["Let's Build a Home"],"totaldiscs":["1"],"totaltracks":["13"],"tracknumber":["10"],"tracktotal":["13"],"writer":["Jack White","Meg White"]},"version":{"essentia":"2.1-beta1","essentia_build_sha":"7598a69e7b456135ce4c070efb04a3d0ebb71fdd","essentia_git_sha":"v2.1_beta1-6-g5578087","extractor":"music 1.0"}},"rhythm":{"beats_count":307,"beats_loudness":{"dmean":0.0111370338127,"dmean2":0.0194945242256,"dvar":0.0000965330546023,"dvar2":0.000306535221171,"max":0.0754801928997,"mean":0.030253611505,"median":0.0320471785963,"min":0,"var":0.0003