{"lowlevel":{"average_loudness":0.933246552944,"barkbands":{"dmean":[0.0000252847985394,0.00294909323566,0.00219596852548,0.000742555304896,0.000930583802983,0.00031220636447,0.000350161222741,0.000283168774331,0.000277469545836,0.000605266483035,0.0001693310478,0.000216778396862,0.000254329672316,0.000380386045435,0.000392644753447,0.000895877310541,0.000895319040865,0.000435211899457,0.000601917912718,0.000192227060325,0.000150941559696,0.000132148677949,0.0000667241693009,0.0000370346933778,0.0000214430747292,0.0000120653803606,0.0000036471947169],"dmean2":[0.000037781373976,0.00484778406098,0.00381246069446,0.00125200569164,0.00156792660709,0.000525227922481,0.000569575757254,0.000473248306662,0.000457780493889,0.0010128270369,0.000281889631879,0.000353092007572,0.00041475892067,0.000620950595476,0.000639241712634,0.00147823884618,0.00148477929179,0.000717477640137,0.00098914548289,0.000319837185089,0.000244234164711,0.00020464953559,0.000108659347461,0.0000586436653975,0.0000343174579029,0.0000211997157749,0.00000687638657837],"dvar":[3.2551554785e-9,0.0000272395773209,0.0000153762703121,0.00000118652815218,0.0000024332225621,2.9974361837e-7,5.53028996819e-7,4.89657850267e-7,2.95327851063e-7,0.00000301115437651,1.03673926333e-7,1.43228689353e-7,2.18331052793e-7,4.10878413959e-7,4.48981495538e-7,0.00000226277188631,0.00000143336694691,2.89833025136e-7,5.42810482784e-7,5.54876322667e-8,4.57305411317e-8,4.96875784961e-8,1.17552776402e-8,6.28888718879e-9,1.97649674405e-9,8.89150197914e-10,1.56668567008e-10],"dvar2":[7.1480865671e-9,0.0000704722915543,0.0000427776139986,0.00000315778675031,0.00000669342853143,7.73371596097e-7,0.00000137109600473,0.00000127167663777,7.07462447735e-7,0.00000855595953908,2.83860970285e-7,3.46231018966e-7,5.28579846559e-7,0.00000103001207208,0.00000111395308977,0.00000581658241572,0.00000372305453311,7.34379227652e-7,0.00000134330196033,1.45632441217e-7,1.11195134878e-7,1.13317327077e-7,2.91092874249e-8,1.40873703813e-8,4.36393188252e-9,2.43732944938e-9,4.57229087925e-10],"max":[0.00101575627923,0.0508565790951,0.0450375378132,0.0149060711265,0.0231064483523,0.00972310174257,0.0150489676744,0.0139725804329,0.0167383980006,0.0335935205221,0.00870872382075,0.00697393389419,0.0133404228836,0.0123557588086,0.01560387481,0.03095619753,0.0216949693859,0.0115160280839,0.0134343281388,0.00358199165203,0.00445994734764,0.00599255645648,0.00230584689416,0.0025565745309,0.00126521557104,0.000419689458795,0.000240827241214],"mean":[0.0000444735378551,0.00340499309823,0.00255819200538,0.00099094142206,0.00137317704502,0.000463875214336,0.000501368835103,0.000404329301091,0.000446317280876,0.00103772955481,0.000256533821812,0.000360565521987,0.000395344512071,0.000669009110425,0.000695514492691,0.00184888578951,0.00194491469301,0.00095174042508,0.00144149491098,0.000431422115071,0.000334350566845,0.00026636547409,0.000127387873363,0.000078455756011,0.0000373632974515,0.0000145476215039,0.00000278726065517],"median":[0.000013423819837,0.000912302348297,0.00109392090235,0.000565804424696,0.000803564907983,0.000288547540549,0.000250742770731,0.000142287579365,0.000243266709731,0.000169773440575,0.000119773554616,0.000163172226166,0.000179477967322,0.000310615461785,0.000343614257872,0.00109078874812,0.00141987472307,0.000758412876166,0.0011675991118,0.000356500822818,0.000254582002526,0.000159275761689,0.0000741058684071,0.0000405240825785,0.000020382074581,0.0000048755696298,5.07620768531e-7],"min":[1.41651810046e-14,1.02479019736e-13,1.0380219362e-13,7.45148503989e-14,3.84360850981e-14,2.75083521093e-15,9.55257415189e-15,1.03260804042e-14,1.44450220557e-13,5.93629420793e-13,2.68878289859e-13,1.60328917026e-13,1.26462249418e-13,8.61157526582e-14,4.27655381539e-14,1.12184763703e-13,1.59143450371e-13,1.59387843093e-13,1.22952985141e-13,5.41761595437e-14,1.84747982429e-13,8.38096004272e-14,4.86666710078e-14,3.4798884965e-14,3.72503541684e-14,8.49877487179e-14,6.89195540373e-14],"var":[8.41830249954e-9,0.0000318837373925,0.0000160902454809,0.00000170033001723,0.00000285444548354,3.9454181433e-7,8.1692456888e-7,0.00000104377431853,5.75049114104e-7,0.00000662398178974,1.60590133191e-7,3.07799581378e-7,3.9282463149e-7,0.00000103396916984,9.98148493636e-7,0.00000640856342216,0.00000338761287821,6.2082074237e-7,0.00000146396439504,1.25569698639e-7,1.02051018303e-7,1.16975463982e-7,2.53338861e-8,1.47465613054e-8,3.80362452645e-9,8.12440503761e-10,8.71841210337e-11]},"barkbands_crest":{"dmean":2.57092094421,"dmean2":4.27632141113,"dvar":6.09537696838,"dvar2":15.8748292923,"max":25.5821247101,"mean":7.77100658417,"median":6.85407018661,"min":2.20679020882,"var":13.0098638535},"barkbands_flatness_db":{"dmean":0.020607188344,"dmean2":0.0327395312488,"dvar":0.000504691619426,"dvar2":0.00130278267898,"max":0.506878912449,"mean":0.107287205756,"median":0.097752250731,"min":0.0175438951701,"var":0.00211054389365},"barkbands_kurtosis":{"dmean":1.58154141903,"dmean2":2.59635233879,"dvar":43.957660675,"dvar2":107.545310974,"max":406.995269775,"mean":0.652918100357,"median":-0.937713861465,"min":-1.91112589836,"var":123.875526428},"barkbands_skewness":{"dmean":0.545371294022,"dmean2":0.851768314838,"dvar":0.34791135788,"dvar2":0.872916460037,"max":16.2490844727,"mean":0.195607930422,"median":0.0296788327396,"min":-4.46036291122,"var":1.49851596355},"barkbands_spread":{"dmean":7.00766897202,"dmean2":11.3323001862,"dvar":44.6119880676,"dvar2":110.16708374,"max":89.9363861084,"mean":35.249961853,"median":35.5764389038,"min":0.252204924822,"var":138.573944092},"dissonance":{"dmean":0.00619264924899,"dmean2":0.0105914510787,"dvar":0.0000489082704007,"dvar2":0.000136063157697,"max":0.500000119209,"mean":0.490192681551,"median":0.492547571659,"min":0.341623723507,"var":0.0000819686174509},"dynamic_complexity":1.94892096519,"erbbands":{"dmean":[0.05111861974,0.798953413963,2.51909041405,2.47473549843,2.17049598694,3.74203681946,3.21108341217,2.53256487846,4.76088094711,4.92427682877,6.45604658127,6.27954769135,12.6115808487,13.8175916672,6.52024936676,9.16388130188,10.8438444138,14.2672300339,20.8293838501,22.735004425,52.7800941467,45.697555542,22.9523220062,33.742980957,19.3014564514,8.37474822998,6.42990255356,5.5105881691,4.91112089157,3.49829173088,1.66057372093,1.0472458601,0.512043595314,0.31726706028,0.114246755838,0.0491294711828,0.0242637973279,0.00521738873795,0.00070410920307,0.0000342293133144],"dmean2":[0.0838284417987,1.32836389542,4.38986158371,4.19296550751,3.58861041069,6.43344116211,5.45458841324,4.23285913467,7.76089334488,8.1894865036,10.641872406,10.3230028152,20.9911289215,23.2568950653,10.7171268463,14.7964344025,17.5293521881,23.1527023315,33.1373138428,36.9719009399,86.5865783691,75.5448226929,37.3143730164,55.9695625305,31.9253234863,13.8967370987,10.5312585831,8.89997577667,7.71239757538,5.52382421494,2.69094634056,1.66730439663,0.814351677895,0.506203651428,0.184636354446,0.0836099535227,0.0433262735605,0.00956289749593,0.00132935098372,0.0000617972982582],"dvar":[0.00864182878286,2.0503783226,21.1269264221,14.0497903824,8.13284111023,53.2988395691,30.1440200806,22.332868576,112.934608459,99.7557601929,261.874084473,163.028518677,906.999206543,1883.38012695,138.138778687,260.550048828,398.214172363,503.414001465,1483.75622559,1336.68945312,7516.74365234,3703.91040039,834.755371094,1843.46582031,478.319793701,107.382545471,82.806098938,67.7092437744,70.72315979,35.7836341858,7.93041849136,4.21211528778,1.37555778027,0.438409417868,0.0636981800199,0.0118328593671,0.00394437555224,0.000211359045352,0.00000624211543254,1.18324576803e-8],"dvar2":[0.0210149809718,5.41231632233,58.5591773987,38.1193313599,20.8984165192,149.27381897,83.5500946045,57.2072792053,279.488952637,256.899749756,674.795349121,385.185760498,2513.39501953,5423.05712891,368.123840332,629.446105957,966.405578613,1261.58056641,3671.94042969,3358.36108398,19581.4355469,9674.61523438,2054.87524414,4727.37158203,1230.10449219,280.328155518,207.408187866,160.99395752,163.087982178,85.063041687,19.6115646362,9.52166748047,3.2313477993,0.973553776741,0.144831433892,0.030105188489,0.0110438615084,0.000607902358752,0.0000182516905625,3.43942474501e-8],"max":[1.04270553589,13.1202983856,46.6118850708,52.2854347229,41.9474906921,112.384498596,94.0708236694,94.275718689,275.989105225,226.066848755,346.289093018,474.769592285,567.135498047,872.859741211,286.196929932,251.821212769,517.66027832,404.743896484,950.615905762,1091.17102051,1651.29003906,1437.54846191,640.231750488,841.321777344,329.022155762,160.183288574,190.344787598,191.385452271,169.294174194,212.99710083,80.3465805054,65.1683120728,44.3219985962,21.4092769623,8.07145404816,1.4823371172,0.947676420212,0.198961257935,0.051542378962,0.00255297264084],"mean":[0.0611749738455,0.897104799747,2.94113230705,3.49959683418,3.50038385391,4.65226364136,4.44091463089,3.85613441467,6.71337223053,7.06899166107,10.3557300568,10.2676687241,21.4908504486,24.6092605591,11.3267946243,15.969119072,18.5021190643,26.843744278,40.088722229,50.8144264221,117.457290649,106.433364868,56.9754867554,79.1819458008,49.1272239685,20.2083492279,13.9424180984,11.9854593277,9.81906986237,6.63137340546,3.23400092125,2.12593173981,1.0602401495,0.572622358799,0.184589013457,0.0652493536472,0.0274388063699,0.00502179516479,0.000551789416932,0.0000507851436851],"median":[0.017990745604,0.237301930785,1.14837276936,2.06278562546,2.15085577965,2.4661462307,2.64161896706,2.42395424843,3.26848506927,3.47413992882,4.14490318298,5.65245866776,5.59161901474,5.59751176834,5.82952976227,7.66915941238,8.99080944061,14.2503843307,19.3750133514,30.3351097107,74.4412384033,80.6406707764,46.853553772,63.1519355774,42.3709564209,17.2686462402,10.6570653915,8.72045135498,5.96433639526,3.74242949486,1.93476605415,1.08382737637,0.564648985863,0.302963465452,0.100454039872,0.0286908056587,0.00745854061097,0.00111513026059,0.000112206878839,0.0000343247447745],"min":[2.56716653144e-12,2.50454709055e-11,1.04769727616e-10,2.10329864636e-10,2.12731846028e-10,9.5203296635e-11,1.8531240778e-11,3.12073804298e-11,1.23075549752e-10,1.08437391011e-10,6.59035714889e-10,3.27225757601e-9,1.06087174601e-8,2.22714025e-8,6.41036290716e-9,7.11204739545e-9,6.33510843784e-9,3.54652307522e-9,2.7366011679e-9,5.30543564636e-9,5.72797187459e-9,8.21660073314e-9,7.43261940883e-9,7.8405557602e-9,6.12363626473e-9,3.27745341977e-9,7.83354536793e-9,4.53503812281e-9,3.24065196899e-9,2.57183674357e-9,1.04583486316e-9,5.86162229865e-10,7.06780467485e-10,5.88674997637e-10,1.83282070076e-10,1.88927248845e-10,1.89238874571e-10,7.6922142267e-11,1.45176900015e-11,3.24755413533e-13],"var":[0.0112518016249,2.29085683823,22.7597465515,19.1351318359,16.3963909149,45.9066581726,34.3177528381,28.878944397,154.649490356,152.488250732,601.059692383,308.670623779,1908.93432617,4179.04492188,262.530090332,557.051879883,757.634033203,1216.02282715,3660.82568359,4235.84082031,22225.0351562,9007.39746094,2032.41235352,4728.51855469,1279.44885254,244.055709839,171.269073486,150.195724487,157.393615723,79.700920105,16.5360412598,10.3874568939,2.69810080528,0.889191508293,0.10247901082,0.014114712365,0.00327645381913,0.000141455398989,0.00000344578097611,7.01487135046e-9]},"erbbands_crest":{"dmean":2.33519625664,"dmean2":3.90244412422,"dvar":4.92386293411,"dvar2":13.0862941742,"max":29.1596336365,"mean":8.77641105652,"median":7.95227241516,"min":2.73527121544,"var":12.1667861938},"erbbands_flatness_db":{"dmean":0.0187590774149,"dmean2":0.0293309092522,"dvar":0.000343491556123,"dvar2":0.000815099279862,"max":0.42198818922,"mean":0.177061587572,"median":0.170957401395,"min":0.0472456663847,"var":0.00209748069756},"erbbands_kurtosis":{"dmean":1.36319732666,"dmean2":2.20538520813,"dvar":3.26665997505,"dvar2":8.68636703491,"max":59.2504119873,"mean":2.16001796722,"median":1.49792289734,"min":-1.7976732254,"var":8.83498477936},"erbbands_skewness":{"dmean":0.332456588745,"dmean2":0.525286614895,"dvar":0.0983960106969,"dvar2":0.243461161852,"max":7.25059509277,"mean":-1.01723098755,"median":-1.06336319447,"min":-3.88458991051,"var":0.493334263563},"erbbands_spread":{"dmean":6.5967912674,"dmean2":10.5184297562,"dvar":53.9776496887,"dvar2":129.137466431,"max":132.418212891,"mean":27.5294456482,"median":25.1904163361,"min":1.44805777073,"var":201.742294312},"gfcc":{"cov":[[5426.13671875,-890.390319824,218.826324463,-50.2715682983,-448.159942627,432.150085449,-188.770172119,178.94078064,-32.5128364563,105.365234375,-142.011276245,192.188705444,-157.382736206],[-890.390319824,1011.75061035,-262.77645874,147.143936157,218.937942505,-213.93586731,122.896858215,-78.1463775635,50.0550727844,-69.9269180298,116.170143127,-119.608566284,125.583885193],[218.826324463,-262.77645874,790.819030762,62.5670928955,-2.88732147217,178.804397583,-12.1533880234,93.8606033325,-7.10939025879,75.2458724976,-57.3297386169,97.7677230835,-114.293777466],[-50.2715682983,147.143936157,62.5670928955,250.117752075,79.7137680054,5.25702142715,2.98419642448,-8.48437309265,42.1696205139,1.05077707767,29.7033405304,-19.4623413086,27.1735649109],[-448.159942627,218.937942505,-2.88732147217,79.7137680054,306.299591064,-25.9726772308,73.7068557739,8.02059078217,45.327545166,8.96924209595,35.7409172058,-33.5711708069,22.2958488464],[432.150085449,-213.93586731,178.804397583,5.25702142715,-25.9726772308,243.019271851,44.8970489502,62.9277076721,-6.72994089127,15.1220321655,-18.3328361511,58.6489562988,-33.4508972168],[-188.770172119,122.896858215,-12.1533880234,2.98419642448,73.7068557739,44.8970489502,165.975387573,50.7498321533,14.5326442719,-13.8009710312,22.0383739471,2.08059120178,15.1805934906],[178.94078064,-78.1463775635,93.8606033325,-8.48437309265,8.02059078217,62.9277076721,50.7498321533,123.267677307,48.2821273804,18.5263290405,-7.56226634979,23.5617618561,-17.5209712982],[-32.5128364563,50.0550727844,-7.10939025879,42.1696205139,45.327545166,-6.72994089127,14.5326442719,48.2821273804,107.564582825,41.506603241,16.4996337891,-11.6399030685,5.56039905548],[105.365234375,-69.9269180298,75.2458724976,1.05077707767,8.96924209595,15.1220321655,-13.8009710312,18.5263290405,41.506603241,90.394821167,19.8156890869,14.4114561081,-25.9364852905],[-142.011276245,116.170143127,-57.3297386169,29.7033405304,35.7409172058,-18.3328361511,22.0383739471,-7.56226634979,16.4996337891,19.8156890869,75.2840805054,7.66492605209,18.9413127899],[192.188705444,-119.608566284,97.7677230835,-19.4623413086,-33.5711708069,58.6489562988,2.08059120178,23.5617618561,-11.6399030685,14.4114561081,7.66492605209,77.6622695923,-0.648678123951],[-157.382736206,125.583885193,-114.293777466,27.1735649109,22.2958488464,-33.4508972168,15.1805934906,-17.5209712982,5.56039905548,-25.9364852905,18.9413127899,-0.648678123951,81.004234314]],"icov":[[0.000324075110257,-0.000192820647499,0.000413753499743,-0.000340966420481,0.000260026834439,-0.00050937209744,0.000502033391967,-0.000621049432084,0.000390471395804,-0.000644028652459,0.0009147078963,-0.0009399363189,0.000661992409732],[-0.000192820647499,0.00308439834043,-0.00118739227764,0.000137160008308,-0.000509715464432,0.00175246200524,-0.00217610690743,0.00179791497067,-0.0015398436226,0.00279370415956,-0.00466448254883,0.00441106269136,-0.00309095554985],[0.000413753499743,-0.00118739227764,0.00364394299686,-0.00209493958391,-0.000145995261846,-0.00133289000951,0.00129070016555,-0.00237992708571,0.00223714439198,-0.00334470067173,0.00513189239427,-0.00584484497085,0.00475077703595],[-0.000340966420481,0.000137160008308,-0.00209493958391,0.0065183127299,-0.000942806596868,-0.000708449806552,0.000551397446543,0.00216099875979,-0.0033617594745,0.00282294140197,-0.0042313374579,0.0041433153674,-0.00352935073897],[0.000260026834439,-0.000509715464432,-0.000145995261846,-0.000942806596868,0.00481363851577,-0.000155594927492,-0.00143537833355,-0.0000655234907754,-0.000622751074843,-0.00107232050505,-0.0000398629708798,0.000885130604729,-0.0000128202327687],[-0.00050937209744,0.00175246200524,-0.00133289000951,-0.000708449806552,-0.000155594927492,0.00816660560668,-0.00373964360915,0.0000592394753767,-0.000181896335562,0.00155729183462,-0.00142198777758,-0.000871475145686,-0.000384039711207],[0.000502033391967,-0.00217610690743,0.00129070016555,0.000551397446543,-0.00143537833355,-0.00373964360915,0.0114893773571,-0.00612016022205,0.00230722781271,-0.000068059998739,0.000303023291053,-0.00199022050947,0.00109213707037],[-0.000621049432084,0.00179791497067,-0.00237992708571,0.00216099875979,-0.0000655234907754,0.0000592394753767,-0.00612016022205,0.0178793594241,-0.0106517253444,0.00459705526009,-0.00177628244273,0.000232462101849,-0.000399922020733],[0.000390471395804,-0.0015398436226,0.00223714439198,-0.0033617594745,-0.000622751074843,-0.000181896335562,0.00230722781271,-0.0106517253444,0.0203211847693,-0.0113308392465,0.00334431114607,0.000851204502396,-0.00100793945603],[-0.000644028652459,0.00279370415956,-0.00334470067173,0.00282294140197,-0.00107232050505,0.00155729183462,-0.000068059998739,0.00459705526009,-0.0113308392465,0.0236163549125,-0.0123374694958,0.00293522537686,0.00194445683155],[0.0009147078963,-0.00466448254883,0.00513189239427,-0.0042313374579,-0.0000398629708798,-0.00142198777758,0.000303023291053,-0.00177628244273,0.00334431114607,-0.0123374694958,0.0299362167716,-0.0155001077801,0.00534780183807],[-0.0009399363189,0.00441106269136,-0.00584484497085,0.0041433153674,0.000885130604729,-0.000871475145686,-0.00199022050947,0.000232462101849,0.000851204502396,0.00293522537686,-0.0155001077801,0.0324137844145,-0.0137164685875],[0.000661992409732,-0.00309095554985,0.00475077703595,-0.00352935073897,-0.0000128202327687,-0.000384039711207,0.00109213707037,-0.000399922020733,-0.00100793945603,0.00194445683155,0.00534780183807,-0.0137164685875,0.0251955688]],"mean":[10.5375833511,75.3839416504,-148.643569946,57.6686782837,-40.0544929504,3.9377143383,-35.8822441101,10.7906618118,-18.5421409607,-6.37691259384,-17.8899269104,-3.12322664261,-10.8161745071]},"hfc":{"dmean":6.44661569595,"dmean2":10.3483839035,"dvar":45.8935432434,"dvar2":111.576591492,"max":129.081085205,"mean":29.854095459,"median":29.196603775,"min":7.99918442596e-9,"var":261.544250488},"melbands":{"dmean":[0.000641515129246,0.00122086366173,0.000390808942029,0.000217613298446,0.000121545155707,0.0000574206205783,0.0000707799408701,0.0000554903053853,0.0000544477516087,0.0000376995740226,0.0000700310483808,0.0000658691424178,0.0000235466068261,0.0000210351863643,0.0000295812806144,0.0000243178037636,0.0000303334854834,0.0000387503205275,0.0000282321743725,0.0000485776909045,0.0000695835551596,0.0000555142760277,0.0000363654398825,0.0000174567630893,0.0000321062689181,0.0000214244792005,0.000010453930372,0.00000511837743034,0.00000405627179134,0.00000421240565629,0.0000032456473491,0.00000298709301205,0.00000267847008217,0.00000179607650352,0.00000105116259874,8.59134274833e-7,5.7992241409e-7,3.91700126556e-7,3.09793989572e-7,2.71802434781e-7],"dmean2":[0.00104860134888,0.00209137122147,0.000661702593789,0.000365757441614,0.000206217955565,0.0000960002216743,0.000115535091027,0.0000930504538701,0.0000900090162759,0.0000621317522018,0.000116588547826,0.000110979635792,0.0000388707048842,0.0000340653168678,0.0000477937719552,0.0000399126438424,0.0000495049680467,0.0000620327482466,0.0000457555797766,0.0000789218465798,0.000115047027066,0.000092330352345,0.0000599900631642,0.0000286928843707,0.0000534727259947,0.0000354812582373,0.0000174993074324,0.00000854116478877,0.00000669149085297,0.00000692957155479,0.00000527676093043,0.00000477627600048,0.00000419969956056,0.00000294055780614,0.00000173558998995,0.00000138423342833,9.27630480874e-7,6.27437316325e-7,4.9987750117e-7,4.37589960711e-7],"dvar":[0.0000012799544038,0.00000470082432003,3.34650479772e-7,1.31010679638e-7,4.40501608523e-8,1.08382707253e-8,2.4437795787e-8,1.25798917949e-8,1.52585837299e-8,5.72050717906e-9,2.98220044215e-8,4.35910081364e-8,2.1145845075e-9,1.32402555586e-9,3.68803809714e-9,1.8787633671e-9,2.46743869781e-9,5.21654053287e-9,2.10099626585e-9,7.12031500427e-9,1.256002502e-8,5.84795722958e-9,2.13310569208e-9,5.4009119399e-10,1.77439141158e-9,6.97945978789e-10,1.63521710062e-10,4.39358202597e-11,3.43238978906e-11,3.37259768723e-11,2.47753900728e-11,2.48252616381e-11,2.40793756462e-11,9.36829346737e-12,3.04259612297e-12,2.58503136431e-12,1.47722730316e-12,8.53075748063e-13,4.29329911466e-13,3.56166214143e-13],"dvar2":[0.00000315757233693,0.0000129100617414,9.16728936318e-7,3.58692318514e-7,1.22972181771e-7,2.76848215464e-8,6.01897340857e-8,3.25847153704e-8,3.88403016416e-8,1.33064945729e-8,8.28961432831e-8,1.2499044999e-7,5.78455283673e-9,3.21397974901e-9,9.04973251892e-9,4.67127714288e-9,6.25129015219e-9,1.28162014335e-8,5.13523712442e-9,1.74595307101e-8,3.30211449295e-8,1.51608574583e-8,5.4342059741e-9,1.37567812697e-9,4.57370852303e-9,1.70062153249e-9,4.36353259081e-10,1.15534325162e-10,8.67943633631e-11,8.56438808761e-11,5.99830810022e-11,5.93518775793e-11,5.57942095303e-11,2.34719847725e-11,7.73246657676e-12,6.1861063147e-12,3.27605520836e-12,2.01193163692e-12,1.0634172579e-12,7.85424188795e-13],"max":[0.0116397310048,0.0184828881174,0.00725317187607,0.00556735880673,0.00290288776159,0.00208230223507,0.00358222378418,0.00271071423776,0.00257989694364,0.0028185651172,0.00346614373848,0.00401326594874,0.00131582398899,0.00105075980537,0.00200553634204,0.000972032954451,0.000925407861359,0.00159258756321,0.00106493930798,0.00248906877823,0.00246582250111,0.00172729056794,0.000623106025159,0.000590057810768,0.000885740737431,0.000497432658449,0.000217161810724,0.000103263257188,0.000104318314698,0.000121647215565,0.000127650127979,0.0000977432937361,0.000142354139825,0.0000976868032012,0.0000357434400939,0.0000640938887955,0.0000401165998483,0.000035505163396,0.0000256156763498,0.0000221567952394],"mean":[0.000757003261242,0.00147337967064,0.000590870971791,0.000309599883622,0.000165377539815,0.0000882448293851,0.000101040270238,0.000079450685007,0.0000862660672283,0.0000601433166594,0.000118200070574,0.000115180533612,0.0000365492160199,0.0000349099464074,0.0000476418354083,0.0000378136101062,0.0000518508568348,0.0000678585638525,0.0000511040816491,0.0000967501837295,0.000145045138197,0.00011598590936,0.0000744554490666,0.0000383527622034,0.000069297333539,0.0000471218627354,0.0000227258406085,0.0000106092657006,0.00000791980983195,0.00000866519894771,0.00000637050607111,0.00000565221944271,0.00000481781898998,0.00000318698516821,0.00000183970416856,0.00000164864582075,0.00000110884764126,7.72725741172e-7,5.6709046703e-7,4.55207441519e-7],"median":[0.000212217069929,0.00055200047791,0.000368094159057,0.000173271502717,0.0000993525172817,0.000055938733567,0.0000495664935443,0.0000360258818546,0.0000356945383828,0.000032587286114,0.0000265231828962,0.0000219272715185,0.0000172158161149,0.000016421705368,0.00002068075446,0.0000170587190951,0.000025727744287,0.0000291443429887,0.0000262087050942,0.0000546624251001,0.000090621309937,0.000083332444774,0.0000550591794308,0.0000306032779918,0.0000533983547939,0.0000378450276912,0.0000188193880604,0.00000847113096825,0.00000563955791222,0.00000652791140965,0.00000435072888649,0.00000343712372342,0.00000256465727944,0.00000172681825461,0.00000109199163489,8.50428591548e-7,5.56623660941e-7,3.9750895553e-7,3.03694321246e-7,2.31736237311e-7],"min":[2.6358467614e-14,4.86211412928e-14,3.7390328057e-14,1.12477369541e-14,1.00075682757e-15,7.12187737271e-16,1.9291452777e-15,9.81628706034e-16,7.25016834763e-15,2.16120863068e-14,5.54185705301e-14,9.4708258163e-14,2.76840572358e-14,1.61696099354e-14,2.02182021125e-14,8.79440766629e-15,7.06143543094e-15,5.32506786401e-15,4.06133197615e-15,9.31605290686e-15,6.26539640821e-15,8.58995932382e-15,6.74637898511e-15,8.69583928926e-15,6.00964158605e-15,4.41367184771e-15,2.63867640201e-15,2.10359361901e-15,3.50693451262e-15,6.5788528088e-15,1.12992374043e-15,1.67229587721e-15,2.02201884048e-15,1.27955708688e-15,6.32663519623e-16,4.36838396063e-16,3.03181255668e-16,5.24804038185e-16,3.31723513133e-16,6.00894966601e-16],"var":[0.00000155802536028,0.00000528743748873,4.59987433032e-7,1.58186196586e-7,4.55567850111e-8,1.44431044902e-8,3.43811734638e-8,2.0731613759e-8,3.36390186817e-8,1.10504760897e-8,6.32946210999e-8,9.6828252083e-8,3.38102479347e-9,2.71935496343e-9,6.91569779221e-9,3.30703708862e-9,5.37481525953e-9,1.26564758673e-8,5.0672466223e-9,2.17457944984e-8,3.51865985238e-8,1.31009150195e-8,4.52844561849e-9,1.07987907505e-9,4.18601775465e-9,1.6551005011e-9,3.50521167647e-10,8.46636510898e-11,6.46523737324e-11,6.99701824258e-11,4.9206517333e-11,5.08720843229e-11,5.0569527732e-11,1.85284843024e-11,5.5248423024e-12,5.79149055102e-12,3.38318826079e-12,1.60891937794e-12,7.21883924165e-13,6.91972304109e-13]},"melbands_crest":{"dmean":3.63509249687,"dmean2":5.89345121384,"dvar":10.781794548,"dvar2":26.419549942,"max":30.9609622955,"mean":11.9502477646,"median":10.533618927,"min":2.83037614822,"var":33.282585144},"melbands_flatness_db":{"dmean":0.0280655808747,"dmean2":0.0431047864258,"dvar":0.000886968162376,"dvar2":0.0021924439352,"max":0.640346229076,"mean":0.140523388982,"median":0.126421675086,"min":0.0236199069768,"var":0.00382696511224},"melbands_kurtosis":{"dmean":4.49827241898,"dmean2":7.25960826874,"dvar":137.341796875,"dvar2":327.303985596,"max":453.787780762,"mean":4.88251638412,"median":0.332619905472,"min":-1.85374677181,"var":296.425262451},"melbands_skewness":{"dmean":0.747592151165,"dmean2":1.16478490829,"dvar":0.757474184036,"dvar2":1.8793939352,"max":16.6507949829,"mean":1.50236344337,"median":1.11249423027,"min":-3.98197460175,"var":2.78584694862},"melbands_spread":{"dmean":12.9862356186,"dmean2":20.9348373413,"dvar":151.182418823,"dvar2":384.77923584,"max":140.614486694,"mean":54.5865440369,"median":57.8062667847,"min":0.292140185833,"var":543.426757812},"mfcc":{"cov":[[4292.33349609,-549.301818848,192.447219849,-336.324615479,-134.475585938,63.7310142517,-129.306274414,156.338348389,-34.8611412048,34.6027679443,1.57813298702,-63.0323104858,50.9468727112],[-549.301818848,800.529174805,-285.793121338,253.223739624,39.7404289246,-35.2239875793,73.785369873,-42.9528083801,26.0613803864,-16.357793808,2.18633437157,39.1910171509,-31.6998252869],[192.447219849,-285.793121338,704.620544434,-68.8827514648,39.3757629395,81.2243499756,-2.09698605537,92.7771911621,-5.71358108521,17.2084159851,54.1463623047,-6.59616231918,41.2520980835],[-336.324615479,253.223739624,-68.8827514648,301.362976074,99.6880340576,4.79491472244,12.638250351,-33.6355133057,24.963842392,6.03221178055,5.93004226685,30.5317745209,9.24633407593],[-134.475585938,39.7404289246,39.3757629395,99.6880340576,186.102920532,49.0090103149,6.86164474487,7.65546226501,20.8063411713,33.246799469,18.6758155823,14.1834201813,22.0662879944],[63.7310142517,-35.2239875793,81.2243499756,4.79491472244,49.0090103149,131.214569092,51.4219245911,32.999874115,5.01199197769,7.21505832672,14.5487623215,4.14957666397,12.3612241745],[-129.306274414,73.785369873,-2.09698605537,12.638250351,6.86164474487,51.4219245911,132.968017578,62.1136779785,16.9348430634,-1.75378656387,6.33880758286,16.245880127,0.395787984133],[156.338348389,-42.9528083801,92.7771911621,-33.6355133057,7.65546226501,32.999874115,62.1136779785,135.917861938,42.9855003357,21.1296424866,12.1289176941,0.788644313812,10.6225204468],[-34.8611412048,26.0613803864,-5.71358108521,24.963842392,20.8063411713,5.01199197769,16.9348430634,42.9855003357,85.5188446045,40.1981925964,13.811164856,4.26645565033,1.27082335949],[34.6027679443,-16.357793808,17.2084159851,6.03221178055,33.246799469,7.21505832672,-1.75378656387,21.1296424866,40.1981925964,82.7147827148,39.9743804932,13.4547519684,6.7950296402],[1.57813298702,2.18633437157,54.1463623047,5.93004226685,18.6758155823,14.5487623215,6.33880758286,12.1289176941,13.811164856,39.9743804932,75.9508285522,31.0961170197,13.5982437134],[-63.0323104858,39.1910171509,-6.59616231918,30.5317745209,14.1834201813,4.14957666397,16.245880127,0.788644313812,4.26645565033,13.4547519684,31.0961170197,64.6248626709,27.2532405853],[50.9468727112,-31.6998252869,41.2520980835,9.24633407593,22.0662879944,12.3612241745,0.395787984133,10.6225204468,1.27082335949,6.7950296402,13.5982437134,27.2532405853,63.4629821777]],"icov":[[0.000309486174956,0.0000543727619515,0.0000847755582072,0.000114084257802,0.000246220180998,-0.000346754037309,0.000610202783719,-0.000628997571766,0.000330356735503,-0.000208533194382,0.00000216451417145,0.000181555224117,-0.000272329576546],[0.0000543727619515,0.00225568143651,0.000609303941019,-0.00160627567675,0.0000380735073122,0.000661224534269,-0.00126219261438,0.00021702380036,-0.000290431518806,0.000773628940806,-0.000808239215985,-0.000415253045503,0.0010250400519],[0.0000847755582072,0.000609303941019,0.00214363797568,-0.000203359639272,-0.000156873778906,-0.000849449075758,0.000819451001007,-0.00171359675005,0.000786816119216,0.00067982787732,-0.00188584811985,0.000948487373535,-0.000717547547538],[0.000114084257802,-0.00160627567675,-0.000203359639272,0.00607146415859,-0.00268295314163,-0.0000107235755422,0.000258930551354,0.00146608566865,-0.00176299491432,0.000715796835721,0.000762864248827,-0.00147326663136,-0.000530498684384],[0.000246220180998,0.0000380735073122,-0.000156873778906,-0.00268295314163,0.00847936514765,-0.00317903538235,0.00138939789031,-0.000720808166079,0.000500509864651,-0.00322735728696,0.000514717306942,0.00069600099232,-0.00197652890347],[-0.000346754037309,0.000661224534269,-0.000849449075758,-0.0000107235755422,-0.00317903538235,0.011753693223,-0.0057136118412,0.00114374049008,0.0000443823191745,0.000802861759439,-0.00144670624286,0.00128381024115,-0.000505622476339],[0.000610202783719,-0.00126219261438,0.000819451001007,0.000258930551354,0.00138939789031,-0.0057136118412,0.0148035604507,-0.00769804464653,0.00104038335849,0.00123326817993,0.000462071126094,-0.00334868300706,0.00132142193615],[-0.000628997571766,0.00021702380036,-0.00171359675005,0.00146608566865,-0.000720808166079,0.00114374049008,-0.00769804464653,0.0152363842353,-0.0068792020902,-0.000257468782365,0.000470811617561,0.00107532308903,-0.00135815166868],[0.000330356735503,-0.000290431518806,0.000786816119216,-0.00176299491432,0.000500509864651,0.0000443823191745,0.00104038335849,-0.0068792020902,0.019550845027,-0.00888161920011,0.00110717490315,0.00108148378786,0.000155231522513],[-0.000208533194382,0.000773628940806,0.00067982787732,0.000715796835721,-0.00322735728696,0.000802861759439,0.00123326817993,-0.000257468782365,-0.00888161920011,0.0227739345282,-0.010479756631,-0.000150244042743,0.00105828337837],[0.00000216451417145,-0.000808239215985,-0.00188584811985,0.000762864248827,0.000514717306942,-0.00144670624286,0.000462071126094,0.000470811617561,0.00110717490315,-0.010479756631,0.023709770292,-0.00993026513606,0.00101437338162],[0.000181555224117,-0.000415253045503,0.000948487373535,-0.00147326663136,0.00069600099232,0.00128381024115,-0.00334868300706,0.00107532308903,0.00108148378786,-0.000150244042743,-0.00993026513606,0.0265299044549,-0.0106769008562],[-0.000272329576546,0.0010250400519,-0.000717547547538,-0.000530498684384,-0.00197652890347,-0.000505622476339,0.00132142193615,-0.00135815166868,0.000155231522513,0.00105828337837,0.00101437338162,-0.0106769008562,0.0222876425833]],"mean":[-617.289489746,93.540184021,-34.4363174438,45.9370536804,13.5969285965,2.94585323334,-2.60310029984,10.122505188,3.5346121788,0.398050248623,-0.747853219509,-1.89434862137,-2.70893001556]},"pitch_salience":{"dmean":0.0828837901354,"dmean2":0.134805262089,"dvar":0.00624348176643,"dvar2":0.0161419063807,"max":0.871533334255,"mean":0.612870514393,"median":0.638206958771,"min":0.0558112934232,"var":0.0161986723542},"silence_rate_20dB":{"dmean":0,"dmean2":0,"dvar":0,"dvar2":0,"max":1,"mean":1,"median":1,"min":1,"var":0},"silence_rate_30dB":{"dmean":0,"dmean2":0,"dvar":0,"dvar2":0,"max":1,"mean":1,"median":1,"min":1,"var":0},"silence_rate_60dB":{"dmean":0.00185032899026,"dmean2":0.00370103842579,"dvar":0.00184725422878,"dvar2":0.00492238253355,"max":1,"mean":0.0118203312159,"median":0,"min":0,"var":0.0116818454117},"spectral_centroid":{"dmean":217.507293701,"dmean2":345.313446045,"dvar":49160.5898438,"dvar2":117026.203125,"max":3906.14892578,"mean":2380.83398438,"median":2471.70043945,"min":101.085159302,"var":214276.0625},"spectral_complexity":{"dmean":4.71073198318,"dmean2":7.38233804703,"dvar":18.011505127,"dvar2":39.0497436523,"max":62,"mean":32.6212348938,"median":34,"min":0,"var":111.489685059},"spectral_contrast_coeffs":{"dmean":[0.0574158318341,0.0449107773602,0.0358744822443,0.0322431586683,0.0239708665758,0.0193566884845],"dmean2":[0.0956704169512,0.0756327584386,0.0601860620081,0.0532976388931,0.0398455820978,0.0315156131983],"dvar":[0.00202609784901,0.00127725093625,0.000817774911411,0.000664504186716,0.000385424704291,0.000313300144626],"dvar2":[0.00555749889463,0.00350267835893,0.00227769766934,0.00176587246824,0.00101050804369,0.000783331575803],"max":[-0.393870651722,-0.468327581882,-0.562378406525,-0.543744921684,-0.631335258484,-0.567099988461],"mean":[-0.660088181496,-0.787113547325,-0.806724011898,-0.776329219341,-0.758206665516,-0.713469326496],"median":[-0.662252247334,-0.793864369392,-0.817589223385,-0.781751275063,-0.758279800415,-0.713700532913],"min":[-0.95178103447,-0.944658458233,-0.952888071537,-0.944583654404,-0.93552583456,-0.894863307476],"var":[0.00447813188657,0.00319145899266,0.003114632098,0.00225854455493,0.00136687385384,0.0013117461931]},"spectral_contrast_valleys":{"dmean":[0.419484227896,0.364323943853,0.309458523989,0.260746121407,0.214628741145,0.328774154186],"dmean2":[0.695459604263,0.603466153145,0.501789927483,0.41947671771,0.340138435364,0.497702121735],"dvar":[0.114089600742,0.102413579822,0.0696383342147,0.0555183254182,0.0482056364417,0.172681197524],"dvar2":[0.297391980886,0.26806011796,0.167133659124,0.129195138812,0.107509106398,0.412198543549],"max":[-5.56701612473,-4.77237606049,-5.31238031387,-5.63223743439,-5.49365520477,-7.93652391434],"mean":[-7.36198377609,-6.87729406357,-7.23353815079,-7.07446575165,-6.61946153641,-10.0657196045],"median":[-7.2477889061,-6.81153821945,-7.17211389542,-7.00642967224,-6.48748731613,-9.76920795441],"min":[-17.0536384583,-18.6441497803,-16.826292038,-17.7792663574,-17.4695701599,-19.8305587769],"var":[0.703248023987,0.545759499073,0.527201294899,0.514248073101,0.508334875107,1.11810195446]},"spectral_decrease":{"dmean":1.61843538571e-9,"dmean2":2.65592570159e-9,"dvar":4.15820922875e-18,"dvar2":1.11076840135e-17,"max":-5.84172164281e-19,"mean":-4.86834039748e-9,"median":-4.39185088297e-9,"min":-2.06178434325e-8,"var":6.91337207329e-18},"spectral_energy":{"dmean":0.00643810676411,"dmean2":0.010530622676,"dvar":0.0000615740063949,"dvar2":0.000164071156178,"max":0.081330768764,"mean":0.0210820864886,"median":0.0194513816386,"min":2.93034953941e-12,"var":0.000113328889711},"spectral_energyband_high":{"dmean":0.000400771474233,"dmean2":0.000624735315796,"dvar":3.40095908768e-7,"dvar2":7.68475388213e-7,"max":0.0102171283215,"mean":0.00101074134,"median":0.000761688163038,"min":5.77641179247e-13,"var":9.44087219068e-7},"spectral_energyband_low":{"dmean":0.00480323145166,"dmean2":0.00794281903654,"dvar":0.0000620234277449,"dvar2":0.000165043456946,"max":0.0689210817218,"mean":0.00669672572985,"median":0.00305801071227,"min":2.58508058709e-13,"var":0.0000783719224273},"spectral_energyband_middle_high":{"dmean":0.00228352914564,"dmean2":0.0036589265801,"dvar":0.00000656290694678,"dvar2":0.000016739093553,"max":0.0503492355347,"mean":0.00984445773065,"median":0.00909723062068,"min":1.81453506734e-12,"var":0.0000430526124546},"spectral_energyband_middle_low":{"dmean":0.00191519211512,"dmean2":0.00320770870894,"dvar":0.00000616629858996,"dvar2":0.0000167947582668,"max":0.0263194479048,"mean":0.00431006681174,"median":0.00349850952625,"min":3.68602988843e-13,"var":0.00000986382656265},"spectral_entropy":{"dmean":0.112569868565,"dmean2":0.175309658051,"dvar":0.0145002808422,"dvar2":0.0351353436708,"max":8.43186283112,"mean":7.78158426285,"median":7.80555391312,"min":5.05597782135,"var":0.0625863820314},"spectral_flux":{"dmean":0.0190842729062,"dmean2":0.0300448890775,"dvar":0.000391512265196,"dvar2":0.000876672798768,"max":0.23215572536,"mean":0.0885894969106,"median":0.086828187108,"min":0.0000450940715382,"var":0.000988877378404},"spectral_kurtosis":{"dmean":1.81533336639,"dmean2":3.12878417969,"dvar":5.30589771271,"dvar2":16.0312080383,"max":47.8689880371,"mean":5.03155469894,"median":4.40147924423,"min":-0.528443098068,"var":10.7103443146},"spectral_rms":{"dmean":0.000646664295346,"dmean2":0.00103492266499,"dvar":4.74250072102e-7,"dvar2":0.00000123597533275,"max":0.00890769809484,"mean":0.00437470525503,"median":0.00435625482351,"min":5.34684723164e-8,"var":0.00000142983856222},"spectral_rolloff":{"dmean":482.779754639,"dmean2":795.005371094,"dvar":394929.09375,"dvar2":958415.4375,"max":8419.48242188,"mean":2784.88818359,"median":2993.11523438,"min":86.1328125,"var":956710.625},"spectral_skewness":{"dmean":0.220892399549,"dmean2":0.371367871761,"dvar":0.0492976605892,"dvar2":0.142669647932,"max":5.05786943436,"mean":1.19463670254,"median":1.18153440952,"min":0.0862383916974,"var":0.135999724269},"spectral_spread":{"dmean":395588.90625,"dmean2":610913.125,"dvar":180891336704,"dvar2":409641910272,"max":10802583,"mean":3243577.75,"median":3207032.5,"min":908202.8125,"var":880300589056},"spectral_strongpeak":{"dmean":0.898009359837,"dmean2":1.55451869965,"dvar":1.92373979092,"dvar2":4.94903612137,"max":15.6350011826,"mean":1.21504604816,"median":0.393815815449,"min":0.00000321546917803,"var":3.09519267082},"zerocrossingrate":{"dmean":0.00998788140714,"dmean2":0.0121698845178,"dvar":0.0000853887177072,"dvar2":0.000119615338917,"max":0.4814453125,"mean":0.0908835977316,"median":0.09521484375,"min":0.00341796875,"var":0.000781357986853}},"metadata":{"audio_properties":{"analysis_sample_rate":44100,"bit_rate":256000,"codec":"vorbis","downmix":"mix","equal_loudness":0,"length":225.867752075,"lossless":false,"md5_encoded":"164b0ab25cb59b62cb0616fee252ecde","replay_gain":-16.4792633057,"sample_rate":44100},"tags":{"album":["God Hates Us All"],"albumartist":["Slayer"],"albumartistsort":["Slayer"],"artist":["Slayer"],"artistsort":["Slayer"],"asin":["B00005NV8K"],"barcode":["5051011603426"],"bpm":["0"],"catalognumber":["5101160342"],"compilation":["0"],"date":["2001-09-11"],"discnumber":["0"],"disctotal":["0"],"engineer":["Paul Forgues","Dean Maher","Matt Hyde"],"file_name":"03-god_send_death.ogg","genre":["Metal"],"grouping":["Metal"],"label":["American Recordings"],"language":["eng"],"mood":["Angry"],"musicbrainz_albumartistid":["bdacc37b-8633-4bf8-9dd5-4662ee651aec"],"musicbrainz_albumid":["95b6de70-dcc8-48cd-a3bd-91bf1fc0e1c7"],"musicbrainz_artistid":["bdacc37b-8633-4bf8-9dd5-4662ee651aec"],"musicbrainz_discid":["IUf4OfVJq0QegGBQyvVGnntDVgE-"],"musicbrainz_recordingid":["299c6c53-a4af-4793-af80-b2b467c51a14"],"musicip_puid":["640016b7-e254-2131-6f86-3b1f5417a798"],"originaldate":["2001-09-11"],"originalyear":["2006"],"performer":["Tom Araya (bass guitar)","Paul Bostaph (drums)","Tom Araya (lead vocal)","Kerry King (guitars)","Jeff Hanneman (guitars)"],"producer":["Rick Rubin","Matt Hyde"],"releasecountry":["DE"],"releasestatus":["official"],"releasetype":["album"],"script":["Latn"],"title":["God Send Death"],"totaldiscs":["0"],"totaltracks":["13"],"tracknumber":["3"],"tracktotal":["13"]},"version":{"essentia":"2.1-beta2","essentia_build_sha":"70f2e5ece6736b2c40cc944ad0e695b16b925413","essentia_git_sha":"v2.1_beta2","extractor":"music 1.0"}},"rhythm":{"beats_count":377,"beats_loudness":{"dmean":0.00706293433905,"dmean2":0.0125228744,"dvar":0.0000593484728597,"dvar2":0.000176703790203,"max":0.0704825818539,"mean":0.0237515494227,"median":0.0231506433338,"min":4.44435158897e-7,"var":0.000099491328001},"beats_lo