{"lowlevel":{"average_loudness":0.198739916086,"barkbands":{"dmean":[0.0021028299816,0.00638385629281,0.00253466167487,0.00165784347337,0.00169016420841,0.00120149261784,0.00110214145388,0.00135015288834,0.000704566016793,0.000567105889786,0.000417876755819,0.000266855204245,0.000177435853402,0.000223630195251,0.000167583479197,0.0000928052322706,0.0000347370478266,0.0000214784340642,0.0000130797652673,0.00000971983899944,0.00000729398425392,0.00000467479867439,0.00000326634744852,0.00000251522828876,0.00000215266641135,0.00000332518857249,0.0000870663498063],"dmean2":[0.0034393419046,0.010260974057,0.0042639831081,0.00278180930763,0.00268330867402,0.00190080387983,0.00173256429844,0.00216553593054,0.00111972342711,0.00092013599351,0.000681894947775,0.000434374640463,0.000288148468826,0.000352886243491,0.00026375593734,0.000145779122249,0.000054766809626,0.000034175482142,0.0000205017713597,0.0000149067309394,0.0000111795761768,0.00000733124261387,0.00000531047044205,0.0000042065253183,0.00000358129091182,0.00000539819166079,0.000130661268486],"dvar":[0.0000150581827256,0.000114753085654,0.0000363345170626,0.0000196624023374,0.000023484308258,0.0000135850586958,0.0000164783214132,0.0000196343917196,0.00000445578098152,0.00000285298165181,0.00000176912408278,7.53744700432e-7,3.05914198862e-7,4.58012380022e-7,4.35667828924e-7,9.13430540095e-8,1.09320987818e-8,2.60878962877e-9,1.04504782605e-9,8.37510116813e-10,5.70841762748e-10,1.23030197141e-10,4.59947704923e-11,2.4931594983e-11,1.90142016715e-11,5.22570008099e-11,1.70871118144e-7],"dvar2":[0.0000408064188377,0.00029715069104,0.0000953128765104,0.0000502871844219,0.0000546039955225,0.0000316037367156,0.0000330136426783,0.0000466838973807,0.000009597864846,0.00000703947762304,0.00000404271395382,0.00000188959927527,6.92954074566e-7,0.00000106447691905,0.00000101223031379,2.00453911248e-7,2.49662281959e-8,6.27037177736e-9,2.41384712218e-9,1.69602931699e-9,1.2041264652e-9,2.67224825601e-10,1.15537995837e-10,6.40623595838e-11,4.87683192441e-11,1.3186761405e-10,3.63306725149e-7],"max":[0.085469417274,0.169143408537,0.211734861135,0.149423062801,0.31686887145,0.168769598007,0.22623975575,0.130863294005,0.140437215567,0.0747478157282,0.0932316705585,0.0481974370778,0.03392553702,0.024908259511,0.0485511533916,0.0158240459859,0.00566105311736,0.00224213534966,0.00189507508185,0.00168992183171,0.00150966306683,0.000442344025942,0.000169655220816,0.0000928909576032,0.0000711333850631,0.000229504847084,0.0378220416605],"mean":[0.00381364207715,0.0120752556249,0.00377044454217,0.00213917181827,0.00260726362467,0.0019441540353,0.00175929791294,0.00214854069054,0.00118150899652,0.000921279483009,0.000635237549432,0.000442596123321,0.000299838779029,0.000377451971872,0.000290372146992,0.000162960612215,0.000063539329858,0.00004281377187,0.0000237084022956,0.000016322655938,0.0000108059339254,0.00000647083834338,0.00000394108155888,0.00000262690832642,0.00000224245172831,0.00000413655106968,0.000211349193705],"median":[0.00102417520247,0.00494924606755,0.000812586746179,0.000409514992498,0.00073041790165,0.000434761313954,0.000287809903966,0.000209864534554,0.000203283430892,0.000141653043102,0.000107163337816,0.0000768904501456,0.0000614518939983,0.0000767971578171,0.000054491294577,0.0000396076502511,0.0000182232633961,0.000011812880075,0.000007623772035,0.00000427904751632,0.00000276906007457,0.00000185524766039,0.00000116207615974,7.34343927888e-7,6.0015361214e-7,0.00000139540554756,0.0000546776973351],"min":[2.11331054039e-25,1.22877323193e-24,9.55950914062e-25,5.90188011874e-25,4.13740505393e-24,4.77818138445e-24,3.52548486089e-24,3.44248919948e-24,1.14337712595e-23,1.13741199644e-23,1.16043505974e-23,2.45766996003e-23,1.96251332942e-23,2.37654776439e-23,3.29620480537e-23,5.5108800475e-23,3.34859716016e-23,7.12358941681e-23,9.94182339971e-23,1.45035876579e-22,2.26368016509e-22,2.30278292731e-22,3.55415335992e-22,5.32996786242e-22,8.3423668936e-22,1.23318624211e-21,1.67832129107e-21],"var":[0.0000392149522668,0.000281185552012,0.000102608326415,0.0000375486706616,0.0000415025351685,0.0000309391616611,0.0000382146317861,0.0000480610251543,0.0000116199043987,0.00000631691909803,0.00000314497310683,0.00000144477621689,6.00198688971e-7,0.00000100108138668,9.47357250425e-7,1.83089767347e-7,2.37940849246e-8,8.18088707888e-9,2.98797986353e-9,2.40542141761e-9,1.34593680645e-9,2.50448745076e-10,5.9502583416e-11,2.66220691325e-11,2.06991038892e-11,6.44420836138e-11,6.23626362994e-7]},"barkbands_crest":{"dmean":2.90188217163,"dmean2":4.69053125381,"dvar":6.42561626434,"dvar2":16.5409412384,"max":26.462179184,"mean":12.5295505524,"median":11.8355093002,"min":2.54643630981,"var":26.1365356445},"barkbands_flatness_db":{"dmean":0.0339941978455,"dmean2":0.0531343817711,"dvar":0.00101795699447,"dvar2":0.00260770926252,"max":0.584293425083,"mean":0.205056905746,"median":0.193009033799,"min":0.0385918729007,"var":0.00539114512503},"barkbands_kurtosis":{"dmean":19.2740402222,"dmean2":30.2911739349,"dvar":2454.81347656,"dvar2":6074.69677734,"max":1385.62548828,"mean":39.4051132202,"median":11.2348918915,"min":-1.94197821617,"var":6010.35839844},"barkbands_skewness":{"dmean":0.981127977371,"dmean2":1.53104555607,"dvar":1.57459962368,"dvar2":3.83094215393,"max":33.6311759949,"mean":3.54049921036,"median":2.58719420433,"min":-5.00301027298,"var":10.6158227921},"barkbands_spread":{"dmean":3.58683633804,"dmean2":5.67318630219,"dvar":23.8739433289,"dvar2":55.5589103699,"max":139.095550537,"mean":12.276804924,"median":9.65372848511,"min":0.175236538053,"var":144.833251953},"dissonance":{"dmean":0.0257459711283,"dmean2":0.0434860438108,"dvar":0.000611500407103,"dvar2":0.00169873447157,"max":0.500000119209,"mean":0.457405358553,"median":0.465985894203,"min":0.21647772193,"var":0.00118920975365},"dynamic_complexity":6.57881975174,"erbbands":{"dmean":[0.288554310799,1.16656184196,2.5928542614,4.2540230751,5.77469587326,5.59354829788,6.72708177567,11.8573379517,14.1055574417,22.9076843262,23.9034786224,14.6626119614,18.7607326508,16.1431560516,14.8638744354,9.28644371033,7.87659072876,9.75119972229,9.75366783142,7.50463724136,3.84358525276,1.86014032364,1.17506170273,0.850362360477,0.538137853146,0.45412799716,0.342917710543,0.253819704056,0.173460036516,0.125962436199,0.0886979177594,0.0612687878311,0.0372503548861,0.0241733472794,0.0153024382889,0.00909508951008,0.00679114507511,0.00426178053021,0.0023350706324,0.00250439206138],"dmean2":[0.464554160833,1.88674712181,4.36075353622,7.1142334938,9.40410041809,9.02851581573,10.6290626526,18.9743671417,22.0595531464,36.3498001099,38.3547363281,23.3192996979,29.9057407379,26.1445713043,24.1168670654,14.9589967728,12.6043252945,15.2155342102,15.1711788177,11.6923542023,5.9532084465,2.89601397514,1.86002612114,1.3495695591,0.82257515192,0.695441961288,0.521344304085,0.389316141605,0.270728588104,0.201371595263,0.144649133086,0.102067127824,0.0623004212976,0.0402698479593,0.0254158694297,0.0150697045028,0.0110946949571,0.0064430073835,0.00332353939302,0.00374478474259],"dvar":[0.217704623938,4.70469760895,35.8688278198,120.34022522,227.456741333,344.653717041,629.402954102,1697.73388672,2583.70361328,5640.28027344,5358.96289062,1713.98388672,3689.00463867,2243.23193359,2397.60009766,688.959106445,580.979919434,814.989807129,1341.62316895,812.026245117,113.795845032,37.108341217,7.86491155624,4.15734243393,1.89957261086,1.82725024223,1.2250919342,0.689124643803,0.173637703061,0.0784483850002,0.034651491791,0.0158839467913,0.00543153751642,0.00240775034763,0.000951908179559,0.000309866532916,0.000262782530626,0.000143099809065,0.0000628755879006,0.0000819626366138],"dvar2":[0.560139358044,12.4768800735,94.279006958,305.028564453,557.822570801,817.232666016,1286.93322754,4076.43798828,5343.47167969,13029.7001953,12925.140625,3917.12915039,8776.87011719,5359.44628906,5866.62158203,1588.50646973,1251.40612793,1864.30175781,2948.37402344,1786.07629395,250.924041748,83.4375,18.6401596069,9.81208229065,4.22094583511,3.72448277473,2.51202726364,1.43156290054,0.368614345789,0.18780605495,0.0878837183118,0.0406897589564,0.0139260105789,0.00617833156139,0.00243928423151,0.00079106760677,0.000667929998599,0.000323664746247,0.000117554773169,0.000159693547175],"max":[7.43556118011,39.5087356567,202.675216675,377.574676514,450.57220459,1163.94763184,2150.41113281,2079.93798828,2699.03930664,2572.94702148,2262.36108398,2150.06762695,2917.30029297,1935.71862793,2986.39135742,1924.03918457,1462.72827148,980.277038574,3012.14160156,1379.13452148,492.337097168,401.596221924,146.46723938,104.079269409,73.9777450562,70.0361022949,64.4620361328,48.786277771,16.8978290558,9.39888286591,4.83258485794,2.85841202736,1.16170275211,0.797973155975,0.504665076733,0.285283178091,0.590380132198,0.394293516874,0.693045854568,0.858886480331],"mean":[0.535327017307,2.04203748703,4.0491027832,6.24582958221,8.28729629517,8.01860713959,10.4188518524,18.4868793488,23.3853187561,38.3860588074,38.6478996277,25.5180683136,32.0466117859,27.5385894775,24.7863025665,16.8927307129,14.5804243088,17.1758213043,17.9156112671,13.5206642151,7.30131006241,3.6610724926,2.43409156799,1.68706190586,0.980671226978,0.766936659813,0.521223962307,0.372355461121,0.243352308869,0.16231675446,0.105761907995,0.0659404918551,0.0383886918426,0.0250467825681,0.0161004718393,0.00997261609882,0.00833332724869,0.00679894397035,0.00562485540286,0.00865687709302],"median":[0.205151990056,0.753973066807,1.138869524,1.54753434658,1.85891222954,2.10298466682,2.50593233109,3.88194656372,4.75906467438,4.7316699028,4.99348783493,4.67621040344,4.93731880188,5.04095554352,4.39099645615,3.27753162384,3.13640356064,3.90123605728,3.72484731674,2.833943367,2.01046538353,1.14505875111,0.723436832428,0.535490572453,0.310275554657,0.205577790737,0.135338872671,0.0964805781841,0.0693117529154,0.0467667318881,0.0309848468751,0.0187493097037,0.0104720117524,0.00671691587195,0.00441799731925,0.00310881133191,0.00273286714219,0.00203433749266,0.00176714011468,0.00381393381394],"min":[5.4094041361e-23,3.07325617903e-22,1.8504953207e-21,3.46088814e-21,9.300159648e-21,1.36147579569e-20,2.87928000298e-20,5.65694539135e-20,8.70091640805e-20,1.29608771757e-19,1.16365480903e-19,2.48549291755e-19,2.36393148871e-19,5.00771006937e-19,4.58899796413e-19,9.06614973572e-19,8.66475465661e-19,1.28028864541e-18,2.00925334755e-18,2.69009309524e-18,3.338947423e-18,2.12320244001e-18,4.67811871352e-18,5.36133598509e-18,5.08755615953e-18,7.26876939629e-18,8.02613844669e-18,8.08615701757e-18,9.67642249855e-18,9.11383463008e-18,9.87451405729e-18,1.01998036604e-17,8.98082150604e-18,7.32758855529e-18,6.04397877971e-18,3.84700982024e-18,2.19042265211e-18,9.02020915847e-19,2.24694411016e-19,2.45904284812e-20],"var":[0.542847335339,9.95364665985,99.0837402344,271.32635498,377.977142334,544.40447998,1277.66369629,3329.64819336,6171.89208984,15270.140625,12104.0341797,4344.24902344,9315.84277344,5165.11962891,4528.10742188,1560.17480469,1305.04248047,1800.70471191,3250.96923828,1854.76904297,256.784057617,79.6929779053,25.4938011169,13.0272445679,5.55367279053,5.1611456871,3.00046634674,1.62684524059,0.375183284283,0.120247490704,0.0430149808526,0.0171964745969,0.00584074389189,0.00260259280913,0.00104591622949,0.000351111957571,0.000304639834212,0.000268701871391,0.00035143038258,0.000439476716565]},"erbbands_crest":{"dmean":3.04007959366,"dmean2":4.97211265564,"dvar":8.35375213623,"dvar2":20.9941310883,"max":32.4825248718,"mean":9.78959465027,"median":8.53971290588,"min":1.83476686478,"var":25.715921402},"erbbands_flatness_db":{"dmean":0.0265031643212,"dmean2":0.0413636825979,"dvar":0.000530329940375,"dvar2":0.00130410608836,"max":0.38745161891,"mean":0.161918491125,"median":0.160878017545,"min":0.0234050862491,"var":0.00353410164826},"erbbands_kurtosis":{"dmean":1.92935121059,"dmean2":3.13514852524,"dvar":26.4260940552,"dvar2":65.909866333,"max":190.237991333,"mean":2.08400082588,"median":0.577057600021,"min":-1.80420792103,"var":44.268032074},"erbbands_skewness":{"dmean":0.468476802111,"dmean2":0.740145742893,"dvar":0.25489538908,"dvar2":0.616175830364,"max":11.9556751251,"mean":0.725357115269,"median":0.620773255825,"min":-4.63486099243,"var":1.14164447784},"erbbands_spread":{"dmean":6.53397798538,"dmean2":10.3276920319,"dvar":52.9786262512,"dvar2":124.536643982,"max":149.517501831,"mean":28.3650283813,"median":23.4611339569,"min":0.813493490219,"var":326.735748291},"gfcc":{"cov":[[30612.5332031,3898.75024414,-2991.8046875,-1110.81665039,183.838562012,-500.40411377,70.7476654053,-317.187103271,313.913665771,-244.41960144,-16.4485988617,-347.491394043,-70.2177581787],[3898.75024414,1339.09716797,-271.97177124,-338.882995605,180.184082031,-84.5161972046,18.285369873,-97.0584564209,96.0537261963,-94.0479507446,4.30269050598,-133.327331543,10.8600244522],[-2991.8046875,-271.97177124,1192.70874023,715.028625488,-8.91864490509,367.785369873,-105.290481567,149.252426147,-157.507125854,84.1188430786,-40.8787002563,17.6004104614,-40.419467926],[-1110.81665039,-338.882995605,715.028625488,801.348571777,100.945205688,268.48135376,-8.35174369812,119.293823242,-121.326255798,72.6760177612,-36.8761291504,49.0373649597,-46.3185806274],[183.838562012,180.184082031,-8.91864490509,100.945205688,267.495635986,44.2428741455,72.5194091797,-11.0498914719,30.8467159271,-16.4593257904,15.2678070068,-21.9901237488,1.87696611881],[-500.40411377,-84.5161972046,367.785369873,268.48135376,44.2428741455,336.207733154,-3.4695186615,152.991729736,-71.9312210083,48.6006126404,-11.7445678711,12.6781349182,-4.29527616501],[70.7476654053,18.285369873,-105.290481567,-8.35174369812,72.5194091797,-3.4695186615,181.775161743,36.2500801086,48.3493652344,-20.686296463,22.97397995,28.282327652,-18.5077209473],[-317.187103271,-97.0584564209,149.252426147,119.293823242,-11.0498914719,152.991729736,36.2500801086,222.083145142,14.3154411316,46.7953910828,15.3418083191,17.4578952789,5.32235050201],[313.913665771,96.0537261963,-157.507125854,-121.326255798,30.8467159271,-71.9312210083,48.3493652344,14.3154411316,131.187652588,29.7777233124,14.9254388809,-15.1485891342,8.87416172028],[-244.41960144,-94.0479507446,84.1188430786,72.6760177612,-16.4593257904,48.6006126404,-20.686296463,46.7953910828,29.7777233124,92.8271255493,31.8987197876,10.8530836105,9.13365459442],[-16.4485988617,4.30269050598,-40.8787002563,-36.8761291504,15.2678070068,-11.7445678711,22.97397995,15.3418083191,14.9254388809,31.8987197876,91.4028015137,48.3422966003,8.90557098389],[-347.491394043,-133.327331543,17.6004104614,49.0373649597,-21.9901237488,12.6781349182,28.282327652,17.4578952789,-15.1485891342,10.8530836105,48.3422966003,98.9867019653,20.4662818909],[-70.2177581787,10.8600244522,-40.419467926,-46.3185806274,1.87696611881,-4.29527616501,-18.5077209473,5.32235050201,8.87416172028,9.13365459442,8.90557098389,20.4662818909,74.191619873]],"icov":[[0.000131561158923,-0.000466025987407,0.000683791236952,-0.000612184521742,0.00050319818547,-0.000287146976916,0.000186139848665,0.000038415841118,-0.000053739764553,0.0000347821660398,-0.000161521413247,0.000133641500724,0.000182057556231],[-0.000466025987407,0.00291953748092,-0.00250239809975,0.00229422422126,-0.00205021863803,0.000332835450536,-0.000355633848812,0.000405185273848,-0.00122710969299,0.00215145247057,-0.00128194980789,0.00159792229533,-0.00125106750056],[0.000683791236952,-0.00250239809975,0.00609395327047,-0.00551547063515,0.00403021974489,-0.00321341329254,0.00193745479919,0.000598897575401,-0.000927777960896,0.00141254195478,-0.00244052731432,0.00207678345032,0.000699554104358],[-0.000612184521742,0.00229422422126,-0.00551547063515,0.00872983317822,-0.00690508726984,0.00337174464948,-0.00151756650303,-0.00218808301724,0.00533940130845,-0.00732310255989,0.00796734634787,-0.00638825492933,0.00274715409614],[0.00050319818547,-0.00205021863803,0.00403021974489,-0.00690508726984,0.0113232284784,-0.00517020607367,-0.00123129505664,0.00394718535244,-0.00630798563361,0.00814651418477,-0.00941568054259,0.00808082986623,-0.00386236445047],[-0.000287146976916,0.000332835450536,-0.00321341329254,0.00337174464948,-0.00517020607367,0.0102294562384,-0.00149660406169,-0.00591123569757,0.00828864891082,-0.00849920231849,0.00709859514609,-0.00415273476392,0.00115600775462],[0.000186139848665,-0.000355633848812,0.00193745479919,-0.00151756650303,-0.00123129505664,-0.00149660406169,0.0105757033452,-0.00166582479142,-0.0053203930147,0.00559385726228,-0.00156471610535,-0.00376221444458,0.00421190168709],[0.000038415841118,0.000405185273848,0.000598897575401,-0.00218808301724,0.00394718535244,-0.00591123569757,-0.00166582479142,0.00976817775518,-0.00589891476557,0.00375612359494,-0.00543950824067,0.00397027982399,-0.00282024033368],[-0.000053739764553,-0.00122710969299,-0.000927777960896,0.00533940130845,-0.00630798563361,0.00828864891082,-0.0053203930147,-0.00589891476557,0.0235933475196,-0.0195540953428,0.0113536668941,-0.00445760181174,0.00214423984289],[0.0000347821660398,0.00215145247057,0.00141254195478,-0.00732310255989,0.00814651418477,-0.00849920231849,0.00559385726228,0.00375612359494,-0.0195540953428,0.0357970669866,-0.0220378600061,0.0122127560899,-0.00644823303446],[-0.000161521413247,-0.00128194980789,-0.00244052731432,0.00796734634787,-0.00941568054259,0.00709859514609,-0.00156471610535,-0.00543950824067,0.0113536668941,-0.0220378600061,0.0330723039806,-0.0209480728954,0.00749222142622],[0.000133641500724,0.00159792229533,0.00207678345032,-0.00638825492933,0.00808082986623,-0.00415273476392,-0.00376221444458,0.00397027982399,-0.00445760181174,0.0122127560899,-0.0209480728954,0.028706016019,-0.0110070137307],[0.000182057556231,-0.00125106750056,0.000699554104358,0.00274715409614,-0.00386236445047,0.00115600775462,0.00421190168709,-0.00282024033368,0.00214423984289,-0.00644823303446,0.00749222142622,-0.0110070137307,0.0200222861022]],"mean":[-99.4218826294,113.324172974,-69.6827850342,-9.74938678741,-16.7043590546,-5.63413667679,-8.86299800873,-7.18801403046,0.289850860834,-3.84083080292,-4.28331661224,-3.03304886818,-2.73232555389]},"hfc":{"dmean":36.0841255188,"dmean2":56.8817825317,"dvar":4231.87255859,"dvar2":10224.9101562,"max":2978.27929688,"mean":110.346893311,"median":67.6850280762,"min":1.029402251e-16,"var":18556.1171875},"melbands":{"dmean":[0.00211485708132,0.00129601650406,0.000761726056226,0.000388149957871,0.000236610198044,0.000251811055932,0.000220183879719,0.000275205646176,0.000177560490556,0.0000968213716988,0.0000951170222834,0.0000673701506457,0.0000558487045055,0.0000319860337186,0.0000232397924265,0.0000158227576321,0.0000199764926947,0.0000181194063771,0.0000120986369438,0.00000813229689811,0.00000414127953263,0.00000219705339077,0.00000142018109273,0.00000103900890736,7.20962702871e-7,4.56205981436e-7,3.77086536218e-7,2.98840575397e-7,2.36037124068e-7,1.78361631242e-7,1.42043319329e-7,1.03548309482e-7,8.28794881613e-8,6.62175878574e-8,5.30747144012e-8,4.35099849483e-8,3.5396752196e-8,2.68710849127e-8,2.2318888071e-8,1.97284641956e-8],"dmean2":[0.00340173463337,0.00213896529749,0.00126255850773,0.000625086016953,0.000371255533537,0.000401600555051,0.000343838008121,0.000438232440501,0.000285318965325,0.00015362619888,0.000151717133122,0.000109306100057,0.0000908525835257,0.0000522692280356,0.0000376740208594,0.0000253262151091,0.0000314222161251,0.0000286571739707,0.0000190481405298,0.0000128156789287,0.00000651535356155,0.00000346104798155,0.00000229110764849,0.00000167873258761,0.00000116119622362,7.17083139534e-7,5.91076229739e-7,4.62960969116e-7,3.64325018154e-7,2.79532571312e-7,2.18468997559e-7,1.62829820738e-7,1.32148343823e-7,1.06754690421e-7,8.66322409365e-8,7.18949308975e-8,5.9406925601e-8,4.50019754794e-8,3.72372426227e-8,3.28552971496e-8],"dvar":[0.0000116530518426,0.00000728017448637,0.00000340983774549,0.00000104362243292,8.2090110709e-7,6.88099248691e-7,6.47234173812e-7,8.04476826488e-7,2.7280964332e-7,8.32468316503e-8,9.38924671345e-8,3.98597386209e-8,3.61663126114e-8,1.17318030846e-8,4.76407535643e-9,2.39101849431e-9,3.68346331214e-9,4.76104844438e-9,2.01444860792e-9,8.08689171183e-10,1.32433938815e-10,5.86661275115e-11,1.15853047641e-11,7.10966702178e-12,3.24530181374e-12,1.36428791441e-12,1.26645818398e-12,9.09855741096e-13,6.46939424774e-13,4.01197738226e-13,2.08270900526e-13,6.78977748049e-14,3.9302545593e-14,2.09612990349e-14,1.31259799986e-14,8.06212142537e-15,5.59364761202e-15,2.83826849285e-15,2.03974596951e-15,1.60690694539e-15],"dvar2":[0.0000299412204186,0.0000194118110812,0.00000865831498231,0.00000249684694609,0.00000173567298134,0.00000163824165611,0.00000129209161059,0.00000187923262729,6.58229907913e-7,1.82308653507e-7,2.22903167924e-7,9.6114213477e-8,8.37084215277e-8,2.91153980925e-8,1.12537978936e-8,5.67226221548e-9,8.54423731766e-9,1.07803463933e-8,4.64976412928e-9,1.77044479077e-9,3.02113972728e-10,1.3579395941e-10,2.8303259042e-11,1.79321696381e-11,8.01804803108e-12,3.16077502713e-12,2.9407028028e-12,1.92396619469e-12,1.38601662699e-12,9.39770288498e-13,4.20422729833e-13,1.47634522337e-13,9.1457847155e-14,5.15781400879e-14,3.35382085602e-14,2.05839509391e-14,1.44622066601e-14,7.28879135596e-15,5.23301147627e-15,4.12398361513e-15],"max":[0.0588633827865,0.0728363767266,0.053975135088,0.0442457459867,0.0784333869815,0.0404537431896,0.044984024018,0.0262449551374,0.016776047647,0.0185223780572,0.0148606020957,0.00852882675827,0.0140568623319,0.00601909728721,0.00482522882521,0.00225469004363,0.00223673274741,0.00533803040162,0.00209011905827,0.00161378376652,0.000543076253962,0.000490756414365,0.000164089811733,0.000110951783427,0.000091122732556,0.0000675115952617,0.0000596559002588,0.0000515581159561,0.00004908383562,0.0000421189033659,0.0000291819105769,0.0000112388725029,0.00000649487128612,0.00000386456758861,0.00000344173508893,0.00000242088981395,0.00000168542430856,8.25885649647e-7,7.32265391434e-7,6.52438643556e-7],"mean":[0.004232684616,0.00229246844538,0.00117743108422,0.00058066501515,0.000370051566279,0.00040253115003,0.000362623104593,0.00045720039634,0.000283333676634,0.000162702941452,0.000158679773449,0.000110193628643,0.0000879624058143,0.0000529009084858,0.00003961985567,0.0000271762492048,0.000032734740671,0.0000306112924591,0.0000209437148442,0.0000139997355291,0.0000073132646321,0.00000388557236874,0.00000260601268565,0.00000193169489648,0.00000132142804432,7.8894345279e-7,6.20059267931e-7,4.75368295838e-7,3.46438014276e-7,2.52049289884e-7,2.01868516569e-7,1.42665811609e-7,1.08704917068e-7,8.23609838108e-8,6.27835206046e-8,4.95085892283e-8,3.63017989002e-8,2.73295412967e-8,2.29634409266e-8,2.03979499958e-8],"median":[0.00186330860015,0.000913279363886,0.000313815136906,0.000155009387527,0.0000896745550563,0.0000849165808177,0.0000701516619301,0.0000493106090289,0.000038217058318,0.0000276387145277,0.0000233060200117,0.0000188681751752,0.0000149426423377,0.00000938193898037,0.00000722385721019,0.00000605099785389,0.00000677988691677,0.0000058747186813,0.00000390448576582,0.00000314751923725,0.00000190889591067,0.00000108950791855,7.4664052363e-7,5.05185369093e-7,4.05140809789e-7,2.44669109861e-7,1.67342420809e-7,1.20748353538e-7,8.75879138107e-8,6.18952498144e-8,5.17178477821e-8,4.00388699973e-8,3.09281027455e-8,2.37677024728e-8,1.81403549959e-8,1.45777283578e-8,9.68667723811e-9,7.21631554512e-9,6.14792305953e-9,5.37072475382e-9],"min":[5.99867976131e-25,8.42024904029e-25,5.38089616237e-25,1.33137396038e-24,1.19664075789e-24,1.22526684381e-24,1.07022451593e-24,1.32748231232e-24,7.1382450522e-25,1.68872361171e-24,7.65809354191e-25,1.51500559354e-24,1.55688128862e-24,2.11908549526e-24,1.74238804415e-24,1.68387448372e-24,2.01520513582e-24,2.61227206409e-24,2.61971260015e-24,1.9635785283e-24,3.38315936523e-24,1.65226393978e-24,3.31749773892e-24,3.61717850264e-24,3.3942629769e-24,3.65821425807e-24,3.62825371532e-24,4.22423970693e-24,3.9530861257e-24,3.12220910816e-24,4.25069652397e-24,4.92499510423e-24,4.34085780341e-24,4.18194019633e-24,5.27926740917e-24,5.84091783546e-24,4.76227479316e-24,5.07474969747e-24,5.74827440518e-24,5.78770601196e-24],"var":[0.0000317905651173,0.0000182592029887,0.00000722046888768,0.00000183169220236,0.00000157144074819,0.00000145362992043,0.00000153228450017,0.00000215699606088,6.00590112754e-7,2.20572346166e-7,2.3628338397e-7,9.11266795356e-8,6.43494786345e-8,2.25094360928e-8,9.98414773079e-9,4.59966109645e-9,7.52039674978e-9,1.04667394751e-8,4.71686778525e-9,1.67882396873e-9,2.76325351489e-10,1.09325881681e-10,3.01692663907e-11,1.85794712948e-11,8.48775650458e-12,3.64368691469e-12,2.99311768946e-12,2.26608207025e-12,1.44702034643e-12,7.76575635394e-13,4.85565418169e-13,1.40179385569e-13,6.42565495712e-14,2.94405782576e-14,1.5837544221e-14,9.47230592167e-15,5.66291119019e-15,3.01711611153e-15,2.1940921014e-15,1.73834951814e-15]},"melbands_crest":{"dmean":3.92137527466,"dmean2":6.40432977676,"dvar":11.6344070435,"dvar2":30.7071399689,"max":39.4836921692,"mean":19.1836490631,"median":18.0678901672,"min":1.00061428547,"var":69.4948806763},"melbands_flatness_db":{"dmean":0.0402543134987,"dmean2":0.0633102580905,"dvar":0.00132035335992,"dvar2":0.00339444284327,"max":0.748662054539,"mean":0.322182476521,"median":0.317613214254,"min":4.31432951586e-8,"var":0.00866784527898},"melbands_kurtosis":{"dmean":36.7576293945,"dmean2":60.0899200439,"dvar":32285.2421875,"dvar2":90662.9453125,"max":7881.15283203,"mean":61.2198791504,"median":10.0191287994,"min":-1.80466771126,"var":40264.3046875},"melbands_skewness":{"dmean":1.18206834793,"dmean2":1.86926794052,"dvar":3.99994659424,"dvar2":10.359290123,"max":66.8990325928,"mean":3.82526040077,"median":2.56526899338,"min":-2.86703896523,"var":17.9801464081},"melbands_spread":{"dmean":3.27330231667,"dmean2":5.1960310936,"dvar":26.6005458832,"dvar2":61.6654663086,"max":268.562561035,"mean":12.166967392,"median":7.89121437073,"min":0.0353489480913,"var":424.213897705},"mfcc":{"cov":[[13626.4716797,3062.04638672,-2041.18762207,-326.00201416,-273.960083008,-68.6953125,-229.055160522,4.77758264542,36.4871711731,108.589813232,40.7972717285,59.7076263428,39.5837745667],[3062.04638672,1842.22790527,-423.876831055,-226.831268311,15.5200691223,-32.8130607605,-86.5723571777,-34.917804718,28.9858226776,33.5852165222,16.0299777985,-26.7269706726,-5.30112934113],[-2041.18762207,-423.876831055,1193.03088379,338.148620605,302.46383667,174.128738403,188.288162231,46.1750831604,37.0292205811,3.58862423897,25.3137321472,32.3105583191,-21.5786838531],[-326.00201416,-226.831268311,338.148620605,464.328125,168.825881958,146.423095703,98.6508178711,54.6694831848,14.2305221558,9.42272090912,12.1456575394,23.5603904724,1.42289340496],[-273.960083008,15.5200691223,302.46383667,168.825881958,278.53527832,127.431739807,103.526603699,22.3407802582,38.4982719421,20.5267353058,14.7492017746,11.7577934265,-0.916302680969],[-68.6953125,-32.8130607605,174.128738403,146.423095703,127.431739807,188.007858276,88.0342025757,26.7643375397,14.6039524078,5.8799328804,-1.70184862614,6.158639431,1.17718827724],[-229.055160522,-86.5723571777,188.288162231,98.6508178711,103.526603699,88.0342025757,179.202133179,101.126335144,25.20545578,-5.77551317215,20.8784599304,40.2991676331,12.5615873337],[4.77758264542,-34.917804718,46.1750831604,54.6694831848,22.3407802582,26.7643375397,101.126335144,151.158187866,47.9793128967,6.25470638275,25.133102417,40.4543762207,12.527888298],[36.4871711731,28.9858226776,37.0292205811,14.2305221558,38.4982719421,14.6039524078,25.20545578,47.9793128967,103.716133118,59.5679092407,16.5404167175,-0.385835677385,0.585685789585],[108.589813232,33.5852165222,3.58862423897,9.42272090912,20.5267353058,5.8799328804,-5.77551317215,6.25470638275,59.5679092407,100.544692993,35.3118515015,1.49600434303,2.88572072983],[40.7972717285,16.0299777985,25.3137321472,12.1456575394,14.7492017746,-1.70184862614,20.8784599304,25.133102417,16.5404167175,35.3118515015,71.5754928589,42.1125831604,12.4792633057],[59.7076263428,-26.7269706726,32.3105583191,23.5603904724,11.7577934265,6.158639431,40.2991676331,40.4543762207,-0.385835677385,1.49600434303,42.1125831604,79.8468170166,38.4295883179],[39.5837745667,-5.30112934113,-21.5786838531,1.42289340496,-0.916302680969,1.17718827724,12.5615873337,12.527888298,0.585685789585,2.88572072983,12.4792633057,38.4295883179,58.5585746765]],"icov":[[0.000165559060406,-0.00024411350023,0.000255931314314,-0.000156485533807,0.000084651815996,-0.000121312776173,-0.0000325825058098,0.0000419005227741,-0.0000290836451313,-0.000162175478181,0.000207945282455,-0.000502541370224,0.000259654741967],[-0.00024411350023,0.00102511665318,-0.000114375005069,0.000556052022148,-0.000667944783345,0.000017752581698,0.000397499388782,-0.000184947843081,-0.0000711859975127,0.000315611512633,-0.000668777327519,0.000895823934115,-0.000314566743327],[0.000255931314314,-0.000114375005069,0.00186377263162,-0.000696795468684,-0.00089918798767,-0.000113257316116,-0.000914000789635,0.000780134112574,-0.000496027467307,0.0000870364965522,0.000104442529846,-0.00128421245608,0.00135893316474],[-0.000156485533807,0.000556052022148,-0.000696795468684,0.00376931414939,-0.00131081871223,-0.00168022781145,0.000982939032838,-0.00154808897059,0.00110616558231,-0.000454903958598,-0.0000715473943274,0.000220389527385,-0.00017666380154],[0.000084651815996,-0.000667944783345,-0.00089918798767,-0.00131081871223,0.00781570281833,-0.00230306130834,-0.00307138264179,0.00278679095209,-0.00244057062082,0.000110038767161,-0.000532821461093,-0.000114609196316,0.0000218098466576],[-0.000121312776173,0.000017752581698,-0.000113257316116,-0.00168022781145,-0.00230306130834,0.00980184599757,-0.00368454516865,0.00115289341193,0.000426294864155,-0.000961623387411,0.00173872313462,0.000830504694022,-0.000479078793433],[-0.0000325825058098,0.000397499388782,-0.000914000789635,0.000982939032838,-0.00307138264179,-0.00368454516865,0.0150710307062,-0.00891359243542,0.00143201346509,0.00157367426436,-0.000792558130343,-0.00144259538502,-0.000578909472097],[0.0000419005227741,-0.000184947843081,0.000780134112574,-0.00154808897059,0.00278679095209,0.00115289341193,-0.00891359243542,0.0158801339567,-0.00807131268084,0.0030716676265,-0.000795416301116,-0.00460824510083,0.00193825049791],[-0.0000290836451313,-0.0000711859975127,-0.000496027467307,0.00110616558231,-0.00244057062082,0.000426294864155,0.00143201346509,-0.00807131268084,0.0204214937985,-0.0119800968096,0.0025364884641,0.00300933653489,-0.000952962553129],[-0.000162175478181,0.000315611512633,0.0000870364965522,-0.000454903958598,0.000110038767161,-0.000961623387411,0.00157367426436,0.0030716676265,-0.0119800968096,0.0211749989539,-0.011650771834,0.00490317773074,-0.00245089828968],[0.000207945282455,-0.000668777327519,0.000104442529846,-0.0000715473943274,-0.000532821461093,0.00173872313462,-0.000792558130343,-0.000795416301116,0.0025364884641,-0.011650771834,0.0291836000979,-0.0177605524659,0.00612106500193],[-0.000502541370224,0.000895823934115,-0.00128421245608,0.000220389527385,-0.000114609196316,0.000830504694022,-0.00144259538502,-0.00460824510083,0.00300933653489,0.00490317773074,-0.0177605524659,0.0346156656742,-0.017984598875],[0.000259654741967,-0.000314566743327,0.00135893316474,-0.00017666380154,0.0000218098466576,-0.000479078793433,-0.000578909472097,0.00193825049791,-0.000952962553129,-0.00245089828968,0.00612106500193,-0.017984598875,0.0277258902788]],"mean":[-758.741699219,177.535522461,4.69703817368,16.7643699646,8.83274078369,11.7767724991,0.957090079784,6.14221143723,4.86550807953,6.46231174469,3.06156420708,1.54328763485,2.74342274666]},"pitch_salience":{"dmean":0.0790534466505,"dmean2":0.127654567361,"dvar":0.00463936431333,"dvar2":0.0119114546105,"max":0.996084749699,"mean":0.490989297628,"median":0.515363812447,"min":0.0238197743893,"var":0.0281848162413},"silence_rate_20dB":{"dmean":0.0000803406437626,"dmean2":0.000160687748576,"dvar":0.0000803294460638,"dvar2":0.000160642943229,"max":1,"mean":0.999919652939,"median":1,"min":0,"var":0.0000803262228146},"silence_rate_30dB":{"dmean":0.0418574772775,"dmean2":0.0837183147669,"dvar":0.0401117280126,"dvar2":0.0951944813132,"max":1,"mean":0.933279752731,"median":1,"min":0,"var":0.0622454434633},"silence_rate_60dB":{"dmean":0.0278782043606,"dmean2":0.0557586476207,"dvar":0.0270976871252,"dvar2":0.0597093142569,"max":1,"mean":0.181763410568,"median":0,"min":0,"var":0.148727789521},"spectral_centroid":{"dmean":130.135879517,"dmean2":203.386138916,"dvar":30163.2207031,"dvar2":62063.3945312,"max":11987.4150391,"mean":823.333068848,"median":575.343261719,"min":97.0017623901,"var":2006046.5},"spectral_complexity":{"dmean":2.05808639526,"dmean2":3.27618217468,"dvar":5.03877592087,"dvar2":11.2038345337,"max":49,"mean":11.1493873596,"median":11,"min":0,"var":72.276473999},"spectral_contrast_coeffs":{"dmean":[0.0520815886557,0.0493951924145,0.0362260565162,0.0283598359674,0.0258275624365,0.0258870776743],"dmean2":[0.0861813351512,0.0818244665861,0.060123693198,0.0466602779925,0.0420664399862,0.0407635085285],"dvar":[0.00182705139741,0.00166344491299,0.0008929722826,0.000538081279956,0.000531919358764,0.000871837895829],"dvar2":[0.00487699126825,0.00445493357256,0.00240026996471,0.00140439416282,0.00135367072653,0.00202877260745],"max":[-0.289277851582,-0.358572751284,-0.510144174099,-0.584848821163,-0.629123985767,-0.428208112717],"mean":[-0.714487791061,-0.778957426548,-0.824173390865,-0.837631165981,-0.850629508495,-0.820958912373],"median":[-0.717182815075,-0.78684091568,-0.829130649567,-0.834855914116,-0.848862230778,-0.838813662529],"min":[-0.997161626816,-0.9933578372,-0.993400812149,-0.99053800106,-0.988110125065,-0.965063273907],"var":[0.00949942413718,0.00764435110614,0.00488057546318,0.00378082762472,0.00314476341009,0.00308580347337]},"spectral_contrast_valleys":{"dmean":[0.387544751167,0.411437690258,0.377261906862,0.348321914673,0.42776787281,0.596736192703],"dmean2":[0.635882079601,0.667670309544,0.607193410397,0.546131908894,0.670139670372,0.960964798927],"dvar":[0.102093935013,0.129660248756,0.132908254862,0.136877819896,0.18017552793,0.291991859674],"dvar2":[0.25709015131,0.323139101267,0.328211784363,0.329234093428,0.438675105572,0.747694134712],"max":[-4.91118431091,-4.40690898895,-5.07693195343,-5.37508153915,-6.10164022446,-8.90085315704],"mean":[-7.54428577423,-7.22858047485,-7.82405281067,-8.41032123566,-9.03458595276,-11.7108259201],"median":[-6.85182619095,-6.65070676804,-7.24457979202,-7.77249765396,-8.52879428864,-11.4569473267],"min":[-28.2770061493,-28.4251098633,-28.015417099,-27.7210235596,-27.5314655304,-27.489736557],"var":[8.42897129059,8.53484249115,8.30565357208,7.8225646019,6.93480014801,5.17153501511]},"spectral_decrease":{"dmean":2.99198488207e-9,"dmean2":4.76177941522e-9,"dvar":1.96569943453e-17,"dvar2":4.95785026902e-17,"max":2.30307826143e-8,"mean":-7.78164732651e-9,"median":-5.36233679682e-9,"min":-9.00341348142e-8,"var":7.33200586519e-17},"spectral_energy":{"dmean":0.0121647613123,"dmean2":0.0190410353243,"dvar":0.000324178894516,"dvar2":0.000772468280047,"max":0.452674865723,"mean":0.0393785759807,"median":0.0284064225852,"min":9.50394334672e-21,"var":0.0016378123546},"spectral_energyband_high":{"dmean":0.0000534257596883,"dmean2":0.0000787603203207,"dvar":3.96581327777e-8,"dvar2":7.38957410817e-8,"max":0.020106965676,"mean":0.000120508906548,"median":0.0000398395604861,"min":6.75008056515e-21,"var":1.83122566e-7},"spectral_energyband_low":{"dmean":0.00873532891273,"dmean2":0.0141224805266,"dvar":0.00020080973627,"dvar2":0.00051958556287,"max":0.255597174168,"mean":0.0198129937053,"median":0.0110477339476,"min":1.08287701655e-23,"var":0.000649443769362},"spectral_energyband_middle_high":{"dmean":0.00118145335,"dmean2":0.00179633533116,"dvar":0.00000708364041202,"dvar2":0.0000153012879309,"max":0.106460593641,"mean":0.00308587076142,"median":0.000938994984608,"min":1.13892046889e-21,"var":0.0000269006050075},"spectral_energyband_middle_low":{"dmean":0.00519121112302,"dmean2":0.00809279549867,"dvar":0.000100347191619,"dvar2":0.000228651246289,"max":0.370165914297,"mean":0.0121181365103,"median":0.00491467118263,"min":1.32461092962e-22,"var":0.000329438655172},"spectral_entropy":{"dmean":0.259657919407,"dmean2":0.412319034338,"dvar":0.0653144866228,"dvar2":0.165039360523,"max":9.82498645782,"mean":7.18870401382,"median":7.15525102615,"min":4.63175582886,"var":0.356008917093},"spectral_flux":{"dmean":0.0213151779026,"dmean2":0.0346156693995,"dvar":0.000640269659925,"dvar2":0.0015397175448,"max":0.576368451118,"mean":0.0870266482234,"median":0.080485291779,"min":6.24997484322e-11,"var":0.0035487045534},"spectral_kurtosis":{"dmean":7.33527708054,"dmean2":11.7818527222,"dvar":74.6952133179,"dvar2":193.612258911,"max":117.796134949,"mean":22.3535747528,"median":19.5948638916,"min":-1.27115881443,"var":225.876800537},"spectral_rms":{"dmean":0.000863251276314,"dmean2":0.00132553919684,"dvar":9.48212971252e-7,"dvar2":0.00000220169704335,"max":0.0210150908679,"mean":0.00527546927333,"median":0.00526436930522,"min":3.04501888114e-12,"var":0.0000105874569272},"spectral_rolloff":{"dmean":3898.48583984,"dmean2":7628.58496094,"dvar":59418460,"dvar2":150236608,"max":22028.4667969,"mean":7844.82226562,"median":1184.32617188,"min":21.533203125,"var":96452584},"spectral_skewness":{"dmean":0.516549646854,"dmean2":0.822518527508,"dvar":0.272786021233,"dvar2":0.696722745895,"max":7.90233469009,"mean":3.34077000618,"median":3.31504440308,"min":-0.0996400341392,"var":1.31841373444},"spectral_spread":{"dmean":626488.5625,"dmean2":994902,"dvar":390691913728,"dvar2":945050746880,"max":43170068,"mean":4574400,"median":3660898.75,"min":1163951.75,"var":25322363813900},"spectral_strongpeak":{"dmean":2.02290725708,"dmean2":3.73658704758,"dvar":81.5004348755,"dvar2":232.818222046,"max":293.384399414,"mean":1.83549249172,"median":0.277797907591,"min":0,"var":59.7240409851},"zerocrossingrate":{"dmean":0.0359596386552,"dmean2":0.0476510562003,"dvar":0.00113278301433,"dvar2":0.00190092250705,"max":0.8994140625,"mean":0.219913542271,"median":0.19970703125,"min":0.0009765625,"var":0.017386123538}},"metadata":{"audio_properties":{"analysis_sample_rate":44100,"bit_rate":160000,"codec":"mp3","downmix":"mix","equal_loudness":0,"length":578.037536621,"lossless":false,"md5_encoded":"028a72bbcb743a4a37717e07023c1eed","replay_gain":-3.10816574097,"sample_rate":44100},"tags":{"album":["Cheap Thrills"],"album artist credit":["Big Brother & The Holding Company"],"albumartist":["Big Brother & The Holding Company"],"albumartistsort":["Big Brother & Holding Company, The"],"artist":["Big Brother & The Holding Company"],"artist credit":["Big Brother & The Holding Company"],"artistsort":["Big Brother & Holding Company, The"],"asin":["B000025AB5"],"bpm":["0"],"catalognumber":["492863 2"],"composer":["Willie Mae “Big Mama” Thornton"],"date":["1999"],"discnumber":["1/1"],"encodedby":["iTunes v4.8.0.32"],"file_name":"07 - Big Brother & The Holding Company - Ball and Chain.mp3","genre":["Rock - Classic Rock"],"label":["Legacy"],"language":["eng"],"media":["CD"],"musicbrainz album release country":["XE"],"musicbrainz album status":["Official"],"musicbrainz album type":["album"],"musicbrainz_albumartistid":["3cf5a3be-25ef-4408-98fe-e66fee536be1"],"musicbrainz_albumid":["36b49a1c-f0de-3033-87a0-22b77836e6d6"],"musicbrainz_artistid":["3cf5a3be-25ef-4408-98fe-e66fee536be1"],"musicbrainz_recordingid":["29cad37d-5dcc-45d1-a653-8a30bca2c5fe"],"musicbrainz_releasegroupid":["02de8887-e93b-3ea6-8b6d-de072a159bba"],"originaldate":["1968-08-17"],"replaygain_album_gain":["0.00 dB"],"replaygain_album_peak":["0.000000"],"replaygain_track_gain":["-1.27 dB"],"replaygain_track_peak":["1.021545"],"script":["Latn"],"title":["Ball and Chain"],"tracknumber":["7/11"]},"version":{"essentia":"2.1-beta1","essentia_build_sha":"ca57ba49d9b1854bd80e60cf9ccf267278fb7d6b","essentia_git_sha":"v2.1_beta1-28-g21ef5f4-dirty","extractor":"music 1.0"}},"rhythm":{"beats_count":136