{"lowlevel":{"average_loudness":0.699367940426,"barkbands":{"dmean":[0.00000495658241562,0.0000921080427361,0.000188096353668,0.000458399241325,0.000785552663729,0.000486256176373,0.00113301654346,0.00048992614029,0.000492453342304,0.000262673856923,0.00012165629596,0.000099885299278,0.000198780413484,0.000350626680302,0.000240626031882,0.000264710484771,0.000353405805072,0.000261974142632,0.000106352250441,0.0000256842158706,0.0000191889976122,0.0000062468516262,0.00000168680503521,9.76057322077e-7,6.97135988048e-7,0.00000139908820529,0.0000012665103668],"dmean2":[0.00000868590814207,0.00011979930423,0.000262991903583,0.000774641812313,0.00125764391851,0.000705040234607,0.00162970006932,0.000651060778182,0.000659128942061,0.000347049965058,0.000166526937392,0.000142414603033,0.000277111568721,0.000488992605824,0.00033269848791,0.000373051763745,0.000513570324983,0.000388483051211,0.000148031220306,0.0000369214285456,0.0000262689227384,0.00000944547173276,0.0000027050477911,0.0000016051133116,0.00000114238707738,0.00000245500973506,0.00000228264752877],"dvar":[1.90002319433e-11,5.55135386548e-8,0.00000122582389395,9.6076155387e-7,0.00000130661942421,0.00000102546550806,0.00000887418445927,0.00000238386814999,0.00000242647411142,7.43545058413e-7,2.92234716426e-7,1.27689162355e-7,4.62589497374e-7,0.00000141620807881,7.51833056256e-7,3.80282813239e-7,9.81329549177e-7,4.7952011073e-7,5.48338476847e-8,7.80830955449e-9,1.87666948648e-9,1.88836071779e-10,2.11343165191e-11,6.38077221268e-12,3.9571900444e-12,2.00863700672e-11,2.72180108313e-11],"dvar2":[5.83593728898e-11,6.97900475188e-8,0.00000186058116469,0.00000244634588853,0.00000340519886777,0.00000191123149307,0.00001606859405,0.00000393542723032,0.00000390333525502,0.00000105655965399,5.28894361196e-7,2.42728418698e-7,8.4837625991e-7,0.00000246963554673,0.00000147665582517,6.43164923986e-7,0.00000183987822311,0.00000106606864847,1.00480001208e-7,1.63128781594e-8,3.41293548978e-9,3.94340754495e-10,4.93149028558e-11,1.49172185021e-11,8.93341997599e-12,5.56644209893e-11,7.72498801038e-11],"max":[0.0000451682935818,0.00470128376037,0.0470676794648,0.0314754657447,0.0221223626286,0.023946357891,0.0885325223207,0.0671699941158,0.0629427060485,0.0481026731431,0.0223849862814,0.0180908013135,0.0262985620648,0.0585485175252,0.0274068359286,0.0176781862974,0.0263016168028,0.015968574211,0.00536130880937,0.0019905755762,0.00139667571057,0.000408837629948,0.000110585424409,0.0000561724446015,0.0000466696292278,0.000077594188042,0.000117883500934],"mean":[0.0000154760109581,0.000156613896252,0.000274849706329,0.000799687055405,0.00160492525902,0.00109233171679,0.0028397499118,0.000995028181933,0.00124703871552,0.000692634552252,0.000212041704799,0.000204181807931,0.000433050532592,0.000828032963909,0.000496471475344,0.00078502157703,0.000958142627496,0.000612389936578,0.000239494707785,0.0000451165651612,0.0000457609603473,0.0000106149482235,0.00000208107485378,0.00000116302442166,8.20235243282e-7,0.00000118907780688,9.91237357084e-7],"median":[0.0000155635061674,0.0000193604664673,0.0000387795007555,0.00048270879779,0.00100534944795,0.00035285379272,0.000510718731675,0.000111738940177,0.000161641684826,0.000118919655506,0.0000382037324016,0.0000340451151715,0.0000945086139836,0.000113788002636,0.0000815403400338,0.000245683273533,0.000216134940274,0.000225891548325,0.0000470401391794,0.00000944640214584,0.0000098727614386,0.00000231196372624,4.2882265916e-7,1.95017264559e-7,2.0626455921e-7,2.03481306471e-7,1.33194006935e-7],"min":[4.25567334881e-25,1.82035984489e-24,3.80719137957e-25,5.3414826994e-25,7.26020166625e-24,1.04164586027e-23,6.86280351891e-24,6.42472539242e-24,1.68088036216e-23,1.38738671341e-23,1.31347020993e-23,2.4976948691e-23,2.46060468037e-23,3.26474724128e-23,4.84105194199e-23,3.95304762929e-23,5.04410663226e-23,6.39244031324e-23,1.24778547e-22,1.81810754445e-22,2.52117370467e-22,3.15163159255e-22,4.04794141152e-22,5.46934708882e-22,8.26942262964e-22,1.23999432629e-21,1.95419884908e-21],"var":[5.08225232732e-11,1.65317388223e-7,0.00000314315843752,0.00000167302982845,0.00000319446508001,0.00000458115664514,0.0000500261485286,0.00000803255170467,0.0000127294824779,0.00000416255852542,7.90949286511e-7,5.25289749476e-7,0.00000143252179896,0.00000732770604372,0.00000211314477383,0.00000210845905713,0.00000442783175458,0.00000138042651088,2.25439890755e-7,1.58705066866e-8,8.83113937533e-9,4.59628807237e-10,2.97837830787e-11,9.13189749513e-12,5.78840144219e-12,1.45396446619e-11,1.76236455984e-11]},"barkbands_crest":{"dmean":2.0157687664,"dmean2":3.20519828796,"dvar":3.96283483505,"dvar2":9.73974609375,"max":26.1879043579,"mean":10.1407089233,"median":9.3167848587,"min":2.83706092834,"var":15.7567205429},"barkbands_flatness_db":{"dmean":0.0198599193245,"dmean2":0.0295351389796,"dvar":0.000436151953181,"dvar2":0.000917679688428,"max":0.361207425594,"mean":0.180996775627,"median":0.181632548571,"min":0.0314041413367,"var":0.00207085115835},"barkbands_kurtosis":{"dmean":1.98800933361,"dmean2":3.09308886528,"dvar":24.2988643646,"dvar2":66.9508056641,"max":218.565826416,"mean":3.15859246254,"median":0.377878725529,"min":-1.85470187664,"var":66.7068939209},"barkbands_skewness":{"dmean":0.432972967625,"dmean2":0.654514789581,"dvar":0.275989234447,"dvar2":0.591624259949,"max":14.0760974884,"mean":1.02161002159,"median":0.946372270584,"min":-2.5118393898,"var":2.03854942322},"barkbands_spread":{"dmean":3.41014575958,"dmean2":5.23679256439,"dvar":19.5554714203,"dvar2":42.0449676514,"max":131.693222046,"mean":17.7191791534,"median":16.8950481415,"min":1.13388800621,"var":96.1581192017},"dissonance":{"dmean":0.019607713446,"dmean2":0.0321774594486,"dvar":0.000409168686019,"dvar2":0.00103413686156,"max":0.499819874763,"mean":0.444913297892,"median":0.455443948507,"min":0.246392652392,"var":0.00160400278401},"dynamic_complexity":4.19883108139,"erbbands":{"dmean":[0.00104172935244,0.0265080817044,0.146577268839,0.900323271751,2.61887145042,2.51376724243,1.38475930691,5.12508821487,16.8327503204,11.2444725037,10.4127492905,10.7819185257,8.77390670776,5.50245666504,4.08357667923,4.43277359009,7.98660421371,15.8985481262,13.2674818039,12.0478658676,13.6703767776,19.921415329,15.4888973236,7.93677663803,2.96172451973,1.20967948437,0.840824723244,0.681201100349,0.236847981811,0.0940023362637,0.0405690632761,0.0277571380138,0.0118884118274,0.00790811423212,0.00516130402684,0.00392615422606,0.00306729134172,0.00176532263868,0.000162104232004,0.000006973609743],"dmean2":[0.00155118224211,0.0341705530882,0.199015051126,1.46730256081,4.36215925217,3.9197010994,2.11014223099,7.46594333649,24.1150054932,15.3980951309,14.0614671707,14.1919212341,10.8503341675,7.06570672989,5.57902956009,6.28196430206,10.7006807327,21.1053237915,17.6990871429,16.7095489502,18.927570343,28.7601337433,23.1356678009,10.9181423187,3.98944568634,1.71407997608,1.14032530785,0.944450378418,0.349494427443,0.14711548388,0.0649805665016,0.0451214052737,0.019984645769,0.0129868509248,0.00851638056338,0.00675136968493,0.00543658668175,0.00313038285822,0.000295341829769,0.0000108089870992],"dvar":[0.00000491369428346,0.00446623982862,0.486050754786,10.2219200134,15.5524234772,16.4864883423,7.95235538483,106.092956543,1871.44152832,1245.49206543,1042.48608398,1405.44970703,1120.26208496,423.669006348,329.936218262,207.278259277,693.880737305,3356.38378906,2063.27001953,1142.78381348,1032.94030762,3314.84741211,1826.55480957,250.264312744,61.0743598938,19.5275611877,3.65991353989,2.45937657356,0.257160186768,0.0666586831212,0.0112792765722,0.00548970792443,0.00105287588667,0.000498149369378,0.000233026672504,0.000153399116243,0.0001010639171,0.0000409297790611,5.76709169309e-7,4.14837386664e-10],"dvar2":[0.00000914957308851,0.00559784052894,0.734099626541,21.4836063385,44.1381988525,40.9774627686,18.0701408386,208.042221069,3424.02807617,2225.84692383,1798.54199219,2220.29125977,1408.08435059,681.530334473,598.145385742,398.914672852,1237.42016602,5800.23925781,3516.0847168,2410.47119141,1702.40600586,6124.66357422,4028.72363281,466.790161133,106.673355103,39.4165267944,6.92693758011,4.50226020813,0.528925895691,0.13966704905,0.0272781159729,0.0123973572627,0.0027023984585,0.00112259318121,0.000549881602637,0.000416564784246,0.000282570603304,0.000113563917694,0.00000165768540228,1.1457097493e-9],"max":[0.0393217206001,1.33448159695,29.3970966339,115.713546753,75.8333358765,69.4419708252,67.3129501343,226.319152832,1159.79748535,1501.63110352,895.484436035,2017.6315918,2477.83154297,741.230773926,962.165100098,657.200439453,1191.7578125,3499.5234375,1699.36560059,1320.06188965,988.630859375,1625.0090332,1007.95080566,258.40322876,261.441497803,123.681312561,42.8790397644,48.2825889587,15.2064533234,6.59380483627,2.40157318115,1.92393422127,0.519361495972,0.597644746304,0.350500553846,0.240504354239,0.18096101284,0.123837351799,0.0181313212961,0.000534103251994],"mean":[0.00238845334388,0.044238127768,0.234914854169,1.57949435711,5.00851869583,5.1924366951,3.06579017639,12.1163883209,42.0373458862,27.1116199493,23.8167762756,27.6673698425,29.0676288605,13.4044733047,8.27544116974,10.1946086884,20.0594902039,42.7646141052,29.3892555237,34.1743850708,40.9552879333,56.0897712708,38.7293167114,20.3428611755,6.8597984314,2.35998511314,1.87220335007,1.6242017746,0.4612390697,0.138194262981,0.0500268153846,0.0345326066017,0.0130675630644,0.0091192740947,0.00584330363199,0.0037035914138,0.00247407401912,0.00142533401959,0.00013120843505,0.0000208942856261],"median":[0.000331540912157,0.0065522515215,0.056342612952,0.849196016788,3.28733992577,2.95388197899,1.57769680023,4.54406023026,8.28863334656,6.75942754745,4.17495346069,4.63456106186,3.62191796303,2.60474467278,2.08768868446,2.41623973846,4.68158864975,6.25359916687,5.60029125214,10.7644605637,14.079709053,14.0836009979,13.4748325348,6.64852190018,1.54987478256,0.530740976334,0.434082359076,0.337819397449,0.111505702138,0.0278238039464,0.0113299898803,0.00541742425412,0.00280795060098,0.00220016296953,0.0014935657382,0.000822931760922,0.000372253009118,0.000159076254931,0.0000276956689049,0.00001502944815],"min":[4.51576988089e-23,3.2641385562e-22,6.07977750226e-22,2.17929153625e-21,1.33629468916e-20,2.56738492911e-20,4.40852079003e-20,8.65946690454e-20,9.49351699359e-20,1.11314871179e-19,1.93987269479e-19,3.46310278685e-19,7.05342801986e-19,3.59469507309e-19,8.29902553756e-19,1.0801612918e-18,1.27498403954e-18,1.78435162439e-18,2.10460452471e-18,1.9198450495e-18,2.98376806209e-18,3.20559246657e-18,3.7401339492e-18,5.31533771199e-18,7.43467370303e-18,8.83832971936e-18,8.97705866143e-18,9.14747275687e-18,1.13079047351e-17,1.22026999181e-17,1.06985340127e-17,1.15865256352e-17,7.57088718886e-18,8.17522617157e-18,5.49612878821e-18,4.20987617058e-18,1.97694987668e-18,9.67564846429e-19,2.6216969942e-19,2.85298599926e-20],"var":[0.0000212449667742,0.013049450703,1.25853002071,20.2738227844,31.5873088837,41.4632339478,19.3170013428,448.451049805,9797.48242188,6570.52148438,3314.24072266,7159.23339844,10350.9521484,1942.89794922,934.030334473,831.394897461,2942.33032227,21078.7890625,8307.73339844,3573.23120117,5524.47363281,15454.5185547,5590.48779297,979.869506836,267.682769775,44.7392349243,13.4624519348,11.511092186,0.745536148548,0.127500474453,0.0145140662789,0.00869569554925,0.00107799610123,0.000707105733454,0.000310602801619,0.000121302742627,0.0000695811540936,0.0000300071405945,3.46350589098e-7,5.42475453447e-10]},"erbbands_crest":{"dmean":2.18068790436,"dmean2":3.4225051403,"dvar":4.83803606033,"dvar2":11.7961530685,"max":30.7814159393,"mean":11.290802002,"median":10.5371704102,"min":2.69567584991,"var":20.9369773865},"erbbands_flatness_db":{"dmean":0.0193232167512,"dmean2":0.0285791344941,"dvar":0.000482910952996,"dvar2":0.000922086997889,"max":0.387054026127,"mean":0.240050002933,"median":0.248219683766,"min":0.0389802791178,"var":0.00291209970601},"erbbands_kurtosis":{"dmean":0.893259048462,"dmean2":1.39033412933,"dvar":2.13089728355,"dvar2":4.58870220184,"max":39.9646034241,"mean":0.816637992859,"median":-0.247637927532,"min":-1.84628224373,"var":10.3431549072},"erbbands_skewness":{"dmean":0.340342998505,"dmean2":0.504958093166,"dvar":0.154438525438,"dvar2":0.306787282228,"max":4.85159730911,"mean":-0.161687493324,"median":-0.173465996981,"min":-3.73671555519,"var":1.48022818565},"erbbands_spread":{"dmean":4.88216400146,"dmean2":7.57277822495,"dvar":35.9953613281,"dvar2":78.8498001099,"max":142.045883179,"mean":28.4783725739,"median":27.3471164703,"min":3.47578811646,"var":170.198242188},"gfcc":{"cov":[[30277.8261719,3087.81542969,-5218.10009766,27.5758647919,-1032.9029541,-1255.86462402,-806.231079102,-223.731018066,-398.379180908,-173.926757813,-635.493591309,-251.605300903,-507.044891357],[3087.81542969,1450.9609375,-359.018341064,-129.647567749,70.4536209106,-182.505264282,-83.8804626465,3.8938126564,8.29271316528,-76.6659851074,-34.8920593262,-39.0839233398,23.2218379974],[-5218.10009766,-359.018341064,1829.50549316,171.070098877,90.27759552,339.48739624,81.5946731567,20.0122928619,22.9848995209,48.8880310059,61.6201896667,107.062599182,73.5809936523],[27.5758647919,-129.647567749,171.070098877,442.650146484,101.44594574,10.6419372559,25.9700737,-17.8199424744,-16.0943412781,17.3578681946,-13.744685173,28.3302688599,31.0609340668],[-1032.9029541,70.4536209106,90.27759552,101.44594574,479.142883301,105.943847656,-68.2846298218,20.7065887451,34.4969863892,5.00641155243,25.5963535309,19.058259964,74.9057998657],[-1255.86462402,-182.505264282,339.48739624,10.6419372559,105.943847656,286.502105713,77.8487930298,7.21517133713,9.80825328827,13.6378059387,16.4135246277,11.5865364075,15.662894249],[-806.231079102,-83.8804626465,81.5946731567,25.9700737,-68.2846298218,77.8487930298,294.878967285,79.4461975098,2.09641695023,-20.5789737701,27.7610111237,1.27727067471,5.09370565414],[-223.731018066,3.8938126564,20.0122928619,-17.8199424744,20.7065887451,7.21517133713,79.4461975098,129.493255615,32.3073921204,-17.7157001495,22.1871070862,22.1304531097,11.04246521],[-398.379180908,8.29271316528,22.9848995209,-16.0943412781,34.4969863892,9.80825328827,2.09641695023,32.3073921204,127.83291626,53.4514884949,14.1308498383,-3.83816051483,25.2194042206],[-173.926757813,-76.6659851074,48.8880310059,17.3578681946,5.00641155243,13.6378059387,-20.5789737701,-17.7157001495,53.4514884949,127.937179565,27.5380992889,-30.7125091553,3.59751963615],[-635.493591309,-34.8920593262,61.6201896667,-13.744685173,25.5963535309,16.4135246277,27.7610111237,22.1871070862,14.1308498383,27.5380992889,110.276908875,31.8722438812,1.26060509682],[-251.605300903,-39.0839233398,107.062599182,28.3302688599,19.058259964,11.5865364075,1.27727067471,22.1304531097,-3.83816051483,-30.7125091553,31.8722438812,108.652702332,21.7768096924],[-507.044891357,23.2218379974,73.5809936523,31.0609340668,74.9057998657,15.662894249,5.09370565414,11.04246521,25.2194042206,3.59751963615,1.26060509682,21.7768096924,81.9180831909]],"icov":[[0.000279823259916,-0.000582202046644,0.000770390732214,-0.000619700353127,0.000708797830157,-0.000547022675164,0.000743093667552,-0.000687810592353,0.000745346711483,-0.000918921781704,0.00116057146806,-0.000860866333824,0.000964897684753],[-0.000582202046644,0.00206685508601,-0.00158136850223,0.00154422759078,-0.00174694485031,0.00171752809547,-0.00152376503684,0.00153169722762,-0.00176735024434,0.00255077937618,-0.00242361216806,0.00221388763748,-0.00231650518253],[0.000770390732214,-0.00158136850223,0.0029316295404,-0.0019914843142,0.00222888728604,-0.00252147647552,0.00223899772391,-0.00204655947164,0.00212590908632,-0.00277973711491,0.00299406563863,-0.0028979210183,0.00211114017293],[-0.000619700353127,0.00154422759078,-0.0019914843142,0.00432877102867,-0.00265828683041,0.00227944878861,-0.00272183236666,0.00238324911334,-0.000924977066461,0.000910341332201,-0.00124996714294,0.000760387338232,-0.00222125672735],[0.000708797830157,-0.00174694485031,0.00222888728604,-0.00265828683041,0.0053905332461,-0.00350113562308,0.00381975970231,-0.00304734986275,0.00159511482343,-0.00145738467108,0.00138109386899,-0.00118067068979,-0.000332535913913],[-0.000547022675164,0.00171752809547,-0.00252147647552,0.00227944878861,-0.00350113562308,0.00739298714325,-0.00378856062889,0.00281962635927,-0.0015864194138,0.00139022595249,-0.00136471062433,0.0014268286759,-0.000759790069424],[0.000743093667552,-0.00152376503684,0.00223899772391,-0.00272183236666,0.00381975970231,-0.00378856062889,0.00777731463313,-0.00545623479411,0.00224497052841,-0.000873472774401,0.00101026357152,-0.00021950264636,0.000925877364352],[-0.000687810592353,0.00153169722762,-0.00204655947164,0.00238324911334,-0.00304734986275,0.00281962635927,-0.00545623479411,0.0134461596608,-0.00540556618944,0.00438774842769,-0.0035588638857,0.00031464829226,-0.00154018425383],[0.000745346711483,-0.00176735024434,0.00212590908632,-0.000924977066461,0.00159511482343,-0.0015864194138,0.00224497052841,-0.00540556618944,0.0137628996745,-0.00826288666576,0.00391995208338,-0.00275615369901,-0.00021238141926],[-0.000918921781704,0.00255077937618,-0.00277973711491,0.000910341332201,-0.00145738467108,0.00139022595249,-0.000873472774401,0.00438774842769,-0.00826288666576,0.0169159248471,-0.0089078322053,0.00842598825693,-0.00403148494661],[0.00116057146806,-0.00242361216806,0.00299406563863,-0.00124996714294,0.00138109386899,-0.00136471062433,0.00101026357152,-0.0035588638857,0.00391995208338,-0.0089078322053,0.0177742708474,-0.00906671676785,0.00639129336923],[-0.000860866333824,0.00221388763748,-0.0028979210183,0.000760387338232,-0.00118067068979,0.0014268286759,-0.00021950264636,0.00031464829226,-0.00275615369901,0.00842598825693,-0.00906671676785,0.0169545859098,-0.00675249937922],[0.000964897684753,-0.00231650518253,0.00211114017293,-0.00222125672735,-0.000332535913913,-0.000759790069424,0.000925877364352,-0.00154018425383,-0.00021238141926,-0.00403148494661,0.00639129336923,-0.00675249937922,0.0203208569437]],"mean":[-114.871757507,121.903549194,-148.190307617,6.93446016312,-33.9978904724,-34.2800712585,-43.9575805664,-5.05142736435,-21.0728244781,-6.36099004745,-24.1850204468,-3.11286425591,-15.6416358948]},"hfc":{"dmean":3.63857865334,"dmean2":4.6327252388,"dvar":41.6935119629,"dvar2":63.2861862183,"max":176.304504395,"mean":14.5806694031,"median":9.02335929871,"min":1.08858073725e-16,"var":276.20803833},"melbands":{"dmean":[0.0000179321887117,0.0000654878167552,0.000198652895051,0.000204312833375,0.0000543191963516,0.00012001793948,0.000243770584348,0.000115475355415,0.0000854592653923,0.0000688300569891,0.0000434996109107,0.0000235592578974,0.0000150206551552,0.0000117321542348,0.0000153811306518,0.0000208198416658,0.000032650801586,0.0000238167140196,0.0000162471696967,0.000019010672986,0.0000162454671226,0.0000232827387663,0.0000171627852978,0.000011326827007,0.00000664264280203,0.00000339024472851,9.96858830149e-7,8.33263754885e-7,5.65925233786e-7,4.6127610176e-7,4.03166495744e-7,1.50808503463e-7,7.56597700047e-8,4.49346195808e-8,2.4680982591e-8,1.91252578219e-8,1.60599480381e-8,8.46859204984e-9,7.10679204374e-9,6.62767218884e-9],"dmean2":[0.000024347944418,0.0000861225416884,0.000329001952196,0.000329157221131,0.0000822712681838,0.00017513318744,0.000348139088601,0.000155968577019,0.000117070048873,0.0000907140565687,0.0000548767347937,0.0000306136134895,0.0000205526339414,0.0000166958652699,0.0000214967130887,0.0000279423202301,0.0000445280820713,0.0000333843236149,0.0000222722792387,0.0000266153001576,0.0000232176098507,0.0000339602738677,0.0000259619791905,0.0000165412129718,0.00000930778605834,0.00000468037660539,0.00000140088229728,0.00000120281561067,7.93326648818e-7,6.2795896838e-7,5.76099466798e-7,2.23340776984e-7,1.21009293252e-7,7.16593859806e-8,4.00385715693e-8,3.14161567871e-8,2.62619703761e-8,1.43529002017e-8,1.18648397773e-8,1.0899623426e-8],"dvar":[1.83055981484e-9,7.75886519477e-8,2.23032401436e-7,9.14040256816e-8,1.02781010369e-8,5.82452841513e-8,4.02791698662e-7,1.27176406295e-7,6.71832580679e-8,5.87718105294e-8,2.66154227546e-8,7.23974480366e-9,4.85295714725e-9,2.20392037953e-9,2.2901824881e-9,5.25511811844e-9,1.41056810676e-8,7.21554105354e-9,4.17289847121e-9,1.9113226557e-9,1.51011647631e-9,4.68470906512e-9,2.91728663449e-9,7.56894436016e-10,1.83470710846e-10,8.92970697386e-11,8.57968990992e-12,1.19130053045e-11,1.9905652647e-12,1.30090643119e-12,8.75522473531e-13,1.15829898841e-13,4.17854024493e-14,1.74808287962e-14,4.74984058975e-15,2.48678835973e-15,1.99229730139e-15,5.62637823565e-16,3.78379437827e-16,3.90634548736e-16],"dvar2":[2.5851705221e-9,1.14491960801e-7,4.94072253332e-7,2.41476527663e-7,2.32745342998e-8,1.12885565784e-7,7.26519829186e-7,2.20853934252e-7,1.17046177195e-7,9.18686993145e-8,3.35572565291e-8,1.16201670508e-8,8.76159322871e-9,4.22038537451e-9,3.82608522642e-9,9.03590979817e-9,2.46127225267e-8,1.26350272467e-8,8.74009575824e-9,3.32976224371e-9,2.64609822942e-9,8.50199555202e-9,6.37837516138e-9,1.43646161632e-9,3.48553547136e-10,1.6297807548e-10,1.62212760585e-11,2.3602052604e-11,4.05071332379e-12,2.31053782877e-12,1.68557626624e-12,2.41016164275e-13,9.2535815165e-14,3.71802130641e-14,1.1991876574e-14,5.87723085463e-15,4.51953995469e-15,1.48240220775e-15,9.45930925989e-16,8.65294554081e-16],"max":[0.000825173978228,0.0115050971508,0.016584938392,0.00543258106336,0.00193829985801,0.0053030741401,0.0176832936704,0.0157366190106,0.00804171618074,0.0123876240104,0.0119336936623,0.00306430389173,0.00370412808843,0.00268819415942,0.00180494692177,0.00286977412179,0.00701005710289,0.00321337673813,0.00234710774384,0.00104388501495,0.000953458424192,0.0023113291245,0.00123772956431,0.000967813772149,0.000211396079976,0.000298669241602,0.0000980445183814,0.000111719120468,0.0000402165278501,0.0000396631694457,0.0000222060261876,0.0000120434388009,0.00000424863810622,0.00000326698273057,0.00000170730265836,0.00000155525958689,0.00000112045654532,3.41699518458e-7,3.81069526156e-7,5.74915759444e-7],"mean":[0.0000337512065016,0.000103473263152,0.000372083159164,0.000417490722612,0.000120109281852,0.000282306456938,0.000622898165602,0.000264433590928,0.000195235727006,0.000174751490704,0.000139900745125,0.0000537067426194,0.0000280783169728,0.0000232819475059,0.0000354864168912,0.000048377965868,0.0000830520293675,0.0000474077751278,0.0000353914729203,0.0000570807824261,0.0000431245862273,0.0000611011419096,0.0000432832130173,0.0000280168660538,0.00001564235572,0.00000727983979232,0.00000188607873497,0.0000014874954104,0.0000011386521237,0.00000110728637992,9.01670205167e-7,2.72909829846e-7,1.12350527104e-7,5.92712510183e-8,2.86352186407e-8,2.26811067705e-8,1.97268867907e-8,8.75074146478e-9,7.76327624408e-9,7.50829620699e-9],"median":[0.0000046778941396,0.0000185014523595,0.000232019141549,0.000265295471763,0.0000645142717985,0.0000991677006823,0.000122612662381,0.0000564769979974,0.000028773685699,0.0000239424316533,0.0000159233277373,0.0000105204035208,0.00000592952028455,0.00000456401221527,0.00000770439874032,0.00000904177886696,0.0000109046677608,0.00000760705052016,0.00000700491182215,0.0000172672116605,0.0000130257276396,0.000013005234905,0.000010251455933,0.0000101277737485,0.00000358826741831,0.00000117090201002,3.48004533635e-7,2.60373781202e-7,2.70876086006e-7,1.98973793886e-7,1.74618250526e-7,6.03274372679e-8,2.14327684489e-8,9.96703253264e-9,6.26191631881e-9,4.12211154099e-9,2.67384026031e-9,1.77633074916e-9,1.71533331983e-9,1.73779612922e-9],"min":[7.4241533892e-25,4.04326219628e-25,5.94402895691e-25,1.39219779857e-24,1.38725006298e-24,1.92302141423e-24,1.43500089825e-24,1.31274402402e-24,1.88701326657e-24,2.01856292226e-24,3.09853697012e-24,6.52284825054e-25,2.65835219057e-24,3.50039829524e-24,2.66666106527e-24,2.69159636684e-24,2.68585858705e-24,2.38450425492e-24,1.91250175684e-24,2.50637281237e-24,3.54187107961e-24,2.85654402668e-24,3.47766726826e-24,2.29783309334e-24,3.55001882947e-24,4.45716272211e-24,4.82757196573e-24,5.55669716776e-24,5.26140247068e-24,4.68784103359e-24,4.58334339048e-24,6.06080413532e-24,6.12680654953e-24,5.97718290721e-24,5.14875628886e-24,4.50188324683e-24,6.47897456801e-24,4.78031683092e-24,6.40871782693e-24,5.68666791835e-24],"var":[5.83722226111e-9,2.03600308168e-7,4.67017912342e-7,2.20140009333e-7,2.52385810029e-8,2.69391620122e-7,0.00000222399626182,6.50417121051e-7,2.3103225999e-7,3.02954163089e-7,2.46435860163e-7,3.28523377391e-8,1.39256748355e-8,9.54621803828e-9,7.64908314466e-9,2.21845422033e-8,8.46899723683e-8,2.69987072699e-8,1.00811030634e-8,1.02994466289e-8,6.83001299961e-9,2.16120046304e-8,9.81714443071e-9,2.88457191466e-9,6.92023105486e-10,3.40181938174e-10,2.76356403039e-11,2.77217207523e-11,5.45058919874e-12,6.43622958749e-12,3.66190454695e-12,2.97065323729e-13,8.59218092183e-14,3.02686037855e-14,5.45247008961e-15,3.17679939802e-15,3.33637129968e-15,5.3245740438e-16,4.14910036548e-16,5.67880110476e-16]},"melbands_crest":{"dmean":2.75667929649,"dmean2":4.39658784866,"dvar":7.25483512878,"dvar2":17.9778270721,"max":39.5365982056,"mean":13.3887224197,"median":12.500541687,"min":1.6080545187,"var":31.8898887634},"melbands_flatness_db":{"dmean":0.0228199660778,"dmean2":0.0337159559131,"dvar":0.00063536973903,"dvar2":0.00130196998361,"max":0.490879029036,"mean":0.247410222888,"median":0.24498142302,"min":0.00292784557678,"var":0.00445537548512},"melbands_kurtosis":{"dmean":3.89659142494,"dmean2":6.13181257248,"dvar":237.70854187,"dvar2":631.399047852,"max":1029.19384766,"mean":7.94574546814,"median":3.00462269783,"min":-1.82359063625,"var":435.049285889},"melbands_skewness":{"dmean":0.506365716457,"dmean2":0.777465701103,"dvar":0.479415297508,"dvar2":1.07305002213,"max":30.1075973511,"mean":1.88178956509,"median":1.68179368973,"min":-1.45603501797,"var":2.56072998047},"melbands_spread":{"dmean":5.81383943558,"dmean2":9.02854919434,"dvar":61.68567276,"dvar2":138.658050537,"max":169.327331543,"mean":28.7266902924,"median":22.5363330841,"min":0.76755297184,"var":557.023498535},"mfcc":{"cov":[[9665.56835938,1428.02612305,-2151.39306641,379.4793396,-676.911254883,-282.226287842,-399.793670654,-129.397750854,-28.5002536774,-25.4900245667,214.701034546,-74.758682251,-404.840057373],[1428.02612305,1769.6361084,-247.704559326,42.1520767212,131.986740112,-141.346008301,-84.1304092407,-14.0540571213,62.0734939575,-106.490509033,34.5116462708,17.0922489166,-84.8041229248],[-2151.39306641,-247.704559326,1264.82678223,8.73960113525,52.3382034302,137.089752197,87.7119674683,58.4810333252,7.01084947586,-4.08000659943,-28.9195480347,-11.813378334,85.7784500122],[379.4793396,42.1520767212,8.73960113525,431.538879395,78.5936660767,9.34173488617,6.51697826385,3.61836743355,29.6786727905,-31.9230976105,-32.6118927002,-16.0599632263,31.1341876984],[-676.911254883,131.986740112,52.3382034302,78.5936660767,508.367858887,113.765289307,-1.17911422253,-32.2327461243,9.61495494843,19.0559101105,-119.220184326,24.961025238,98.9739608765],[-282.226287842,-141.346008301,137.089752197,9.34173488617,113.765289307,220.086654663,58.9470367432,-9.12889671326,14.2581653595,35.1724472046,-29.997587204,13.6041612625,22.8684978485],[-399.793670654,-84.1304092407,87.7119674683,6.51697826385,-1.17911422253,58.9470367432,206.184860229,83.8108062744,4.36693000793,9.02884960175,5.39783191681,19.9421520233,6.43872737885],[-129.397750854,-14.0540571213,58.4810333252,3.61836743355,-32.2327461243,-9.12889671326,83.8108062744,208.54145813,28.825302124,-40.2168693542,6.76391220093,8.68190479279,10.5377445221],[-28.5002536774,62.0734939575,7.01084947586,29.6786727905,9.61495494843,14.2581653595,4.36693000793,28.825302124,131.242004395,35.1700248718,-5.38674259186,1.43772876263,2.55682897568],[-25.4900245667,-106.490509033,-4.08000659943,-31.9230976105,19.0559101105,35.1724472046,9.02884960175,-40.2168693542,35.1700248718,149.822006226,27.9412326813,-9.09533309937,1.8036134243],[214.701034546,34.5116462708,-28.9195480347,-32.6118927002,-119.220184326,-29.997587204,5.39783191681,6.76391220093,-5.38674259186,27.9412326813,139.072998047,7.06439685822,-55.967212677],[-74.758682251,17.0922489166,-11.813378334,-16.0599632263,24.961025238,13.6041612625,19.9421520233,8.68190479279,1.43772876263,-9.09533309937,7.06439685822,83.4901504517,32.6003913879],[-404.840057373,-84.8041229248,85.7784500122,31.1341876984,98.9739608765,22.8684978485,6.43872737885,10.5377445221,2.55682897568,1.8036134243,-55.967212677,32.6003913879,148.412094116]],"icov":[[0.000327854970237,-0.000277990766335,0.000485190248583,-0.00045396425412,0.000626239692792,-0.00048729867558,0.000586841371842,-0.00027218888863,0.000451824103948,-0.000452777836472,0.00021113101684,-0.0000785086886026,0.000296191108646],[-0.000277990766335,0.00100200891029,-0.000350354559487,0.000418113952037,-0.00107450562064,0.000951294088736,-0.000457533722511,0.000430091487942,-0.00105903192889,0.0011682001641,-0.00068215111969,-0.0000885942281457,0.000254601676716],[0.000485190248583,-0.000350354559487,0.00164332834538,-0.000606088666245,0.00095092819538,-0.00126502593048,0.000653855677228,-0.000505217700265,0.000577184313443,-0.000366311869584,0.0000645100881229,0.000469051097753,-0.000215272550122],[-0.00045396425412,0.000418113952037,-0.000606088666245,0.00323228118941,-0.00129948067479,0.000722894968931,-0.00117846159264,0.000741085736081,-0.00158329110127,0.00173038907815,-0.000617765530478,0.00120268843602,-0.00106436107308],[0.000626239692792,-0.00107450562064,0.00095092819538,-0.00129948067479,0.00457891402766,-0.00247102370486,0.00145918480121,-0.000564152549487,0.00159454357345,-0.00209491699934,0.00282773096114,-0.000839823740534,-0.000630010967143],[-0.00048729867558,0.000951294088736,-0.00126502593048,0.000722894968931,-0.00247102370486,0.00742224231362,-0.00262396899052,0.00131988152862,-0.00149090576451,0.0000584873923799,0.00015549674572,-0.000864292727783,0.000591624877416],[0.000586841371842,-0.000457533722511,0.000653855677228,-0.00117846159264,0.00145918480121,-0.00262396899052,0.00796465203166,-0.00361007940955,0.00189239706378,-0.00218289950863,0.000717264949344,-0.0018595722504,0.00122354819905],[-0.00027218888863,0.000430091487942,-0.000505217700265,0.000741085736081,-0.000564152549487,0.00131988152862,-0.00361007940955,0.00733131589368,-0.00293535273522,0.00335671100765,-0.00135704758577,0.000804097740911,-0.00122986838687],[0.000451824103948,-0.00105903192889,0.000577184313443,-0.00158329110127,0.00159454357345,-0.00149090576451,0.00189239706378,-0.00293535273522,0.0105233769864,-0.00471815373749,0.0022049152758,-0.0012122959597,0.000892394280527],[-0.000452777836472,0.0011682001641,-0.000366311869584,0.00173038907815,-0.00209491699934,0.0000584873923799,-0.00218289950863,0.00335671100765,-0.00471815373749,0.0111981611699,-0.00442976225168,0.0028111259453,-0.00181722547859],[0.00021113101684,-0.00068215111969,0.0000645100881229,-0.000617765530478,0.00282773096114,0.00015549674572,0.000717264949344,-0.00135704758577,0.0022049152758,-0.00442976225168,0.0121049601585,-0.00372321880423,0.0038325083442],[-0.0000785086886026,-0.0000885942281457,0.000469051097753,0.00120268843602,-0.000839823740534,-0.000864292727783,-0.0018595722504,0.000804097740911,-0.0012122959597,0.0028111259453,-0.00372321880423,0.0155310342088,-0.00490025244653],[0.000296191108646,0.000254601676716,-0.000215272550122,-0.00106436107308,-0.000630010967143,0.000591624877416,0.00122354819905,-0.00122986838687,0.000892394280527,-0.00181722547859,0.0038325083442,-0.00490025244653,0.0109307328239]],"mean":[-743.388061523,164.632247925,-53.8255348206,34.3087654114,4.23797750473,-14.0730657578,-20.1882076263,-8.41779327393,-3.02846574783,-14.4520692825,-1.75003123283,-1.4689167738,-13.396689415]},"pitch_salience":{"dmean":0.0598474182189,"dmean2":0.0953274816275,"dvar":0.00343728577718,"dvar2":0.00825232639909,"max":0.929338037968,"mean":0.56959348917,"median":0.572677850723,"min":0.024117058143,"var":0.0144071672112},"silence_rate_20dB":{"dmean":0,"dmean2":0,"dvar":0,"dvar2":0,"max":1,"mean":1,"median":1,"min":1,"var":0},"silence_rate_30dB":{"dmean":0.000591540941969,"dmean2":0.00118325697258,"dvar":0.000591180520132,"dvar2":0.00147762917913,"max":1,"mean":0.998964965343,"median":1,"min":0,"var":0.00103396130726},"silence_rate_60dB":{"dmean":0.0603371784091,"dmean2":0.120692208409,"dvar":0.0566943325102,"dvar2":0.117373727262,"max":1,"mean":0.185420677066,"median":0,"min":0,"var":0.151033297181},"spectral_centroid":{"dmean":194.481048584,"dmean2":296.293518066,"dvar":80359.125,"dvar2":164042.21875,"max":11705.0224609,"mean":1517.13293457,"median":1304.17980957,"min":206.607910156,"var":2102857.25},"spectral_complexity":{"dmean":2.11830830574,"dmean2":3.15752100945,"dvar":6.91027164459,"dvar2":12.2828454971,"max":41,"mean":12.5772590637,"median":13,"min":0,"var":43.9995269775},"spectral_contrast_coeffs":{"dmean":[0.0476194284856,0.0468419902027,0.0374766997993,0.0353021547198,0.0301537122577,0.0221630241722],"dmean2":[0.0784368291497,0.0737945362926,0.0575335845351,0.0531966462731,0.0453043095767,0.032735709101],"dvar":[0.00153948029038,0.00205631088465,0.00121399539057,0.00115794793237,0.000871063675731,0.000547948409803],"dvar2":[0.00400568637997,0.00461872201413,0.00258618057705,0.00228752801195,0.00176902173553,0.00107147393283],"max":[-0.279790729284,-0.341741681099,-0.403117358685,-0.447708189487,-0.504333972931,-0.55967181921],"mean":[-0.557115793228,-0.653130710125,-0.71072602272,-0.705563783646,-0.702436089516,-0.739727675915],"median":[-0.544618844986,-0.648914992809,-0.712294638157,-0.700544714928,-0.696708321571,-0.741027772427],"min":[-0.982830166817,-0.979052841663,-0.980518519878,-0.972557544708,-0.967634737492,-0.965421259403],"var":[0.0107730180025,0.011052663438,0.00908036064357,0.00941728614271,0.00685524381697,0.00506876083091]},"spectral_contrast_valleys":{"dmean":[0.424883037806,0.398799926043,0.370735108852,0.389455884695,0.380627423525,0.337388306856],"dmean2":[0.684883654118,0.624254226685,0.566257953644,0.583911001682,0.544170081615,0.503803730011],"dvar":[0.149365529418,0.163673132658,0.141154438257,0.174453705549,0.177214100957,0.181425154209],"dvar2":[0.306065738201,0.340779930353,0.269495069981,0.331763595343,0.3114579916,0.348479062319],"max":[-6.51859664917,-5.14223909378,-6.1015253067,-6.13396310806,-6.62893295288,-9.62936306],"mean":[-9.19064998627,-8.0261592865,-9.02189159393,-8.95685100555,-9.12109279633,-12.5424432755],"median":[-8.82819271088,-7.5864315033,-8.61377811432,-8.5160074234,-8.65408420563,-12.3563117981],"min":[-28.5560398102,-28.0281429291,-27.870470047,-27.7012329102,-27.5208282471,-27.426410675],"var":[7.57363128662,8.31857204437,7.54693841934,7.75222158432,7.59089040756,4.8170337677]},"spectral_decrease":{"dmean":8.59553039856e-10,"dmean2":1.15255849309e-9,"dvar":1.64498378869e-18,"dvar2":2.53752004484e-18,"max":2.76576723536e-20,"mean":-3.51658102637e-9,"median":-2.48738096786e-9,"min":-2.90843242823e-8,"var":1.24631269806e-17},"spectral_energy":{"dmean":0.0035351132974,"dmean2":0.00471551669762,"dvar":0.0000278196312138,"dvar2":0.0000422271077696,"max":0.125476211309,"mean":0.0145948603749,"median":0.0103099662811,"min":9.81282583526e-21,"var":0.000212097438634},"spectral_energyband_high":{"dmean":0.000039924561861,"dmean2":0.000054998203268,"dvar":7.92731924548e-9,"dvar2":1.48181857895e-8,"max":0.0023721572943,"mean":0.0000877569473232,"median":0.0000238364973484,"min":7.0738926944e-21,"var":2.71329181345e-8},"spectral_energyband_low":{"dmean":0.000418111332692,"dmean2":0.00061497365823,"dvar":0.00000343326655639,"dvar2":0.00000625172788205,"max":0.0716309025884,"mean":0.00073644699296,"median":0.000278688006802,"min":7.9866084536e-24,"var":0.00000779159654485},"spectral_energyband_middle_high":{"dmean":0.0014317658497,"dmean2":0.00182596710511,"dvar":0.0000071309541454,"dvar2":0.0000107840869532,"max":0.0802705511451,"mean":0.0052278325893,"median":0.00269682426006,"min":1.12988974071e-21,"var":0.0000474855332868},"spectral_energyband_middle_low":{"dmean":0.00252897525206,"dmean2":0.00358323846012,"dvar":0.000015156819245,"dvar2":0.0000267694867944,"max":0.0891370326281,"mean":0.00893728900701,"median":0.00526154553518,"min":1.34493236519e-22,"var":0.000104397899122},"spectral_entropy":{"dmean":0.192182689905,"dmean2":0.281431883574,"dvar":0.0424784496427,"dvar2":0.0876808017492,"max":9.83108901978,"mean":6.85903549194,"median":6.80000782013,"min":5.20757436752,"var":0.375609219074},"spectral_flux":{"dmean":0.0171405430883,"dmean2":0.0268924552947,"dvar":0.00041538028745,"dvar2":0.000978995696642,"max":0.267175287008,"mean":0.0475113913417,"median":0.0394335947931,"min":6.25387797104e-11,"var":0.00118357641622},"spectral_kurtosis":{"dmean":4.38086557388,"dmean2":7.58158540726,"dvar":18.7977962494,"dvar2":54.054901123,"max":61.503074646,"mean":10.7680454254,"median":9.27508926392,"min":-1.2554705143,"var":50.3509407043},"spectral_rms":{"dmean":0.000463363510789,"dmean2":0.000615436467342,"dvar":3.47932115119e-7,"dvar2":4.8588054824e-7,"max":0.0110641680658,"mean":0.00332311005332,"median":0.00317151448689,"min":3.09410548398e-12,"var":0.00000319579680763},"spectral_rolloff":{"dmean":276.744628906,"dmean2":463.912780762,"dvar":255845.765625,"dvar2":531940.5,"max":19573.6816406,"mean":1947.14697266,"median":1679.58984375,"min":21.533203125,"var":6645323.5},"spectral_skewness":{"dmean":0.413430958986,"dmean2":0.697668850422,"dvar":0.141353517771,"dvar2":0.399959534407,"max":6.20788002014,"mean":1.8388876915,"median":1.7591574192,"min":-0.104607641697,"var":0.566602468491},"spectral_spread":{"dmean":362861.4375,"dmean2":580272.0625,"dvar":597872934912,"dvar2":1283843424260,"max":50779140,"mean":3252675.75,"median":2341119.75,"min":1189199.125,"var":28107507499000},"spectral_strongpeak":{"dmean":0.649626791477,"dmean2":1.04011011124,"dvar":1.30441296101,"dvar2":2.83841466904,"max":16.3198986053,"mean":1.7807816267,"median":0.870349526405,"min":0,"var":5.22514200211},"zerocrossingrate":{"dmean":0.00653771171346,"dmean2":0.00781119987369,"dvar":0.0000869039067766,"dvar2":0.000137661729241,"max":0.52685546875,"mean":0.0621595829725,"median":0.05029296875,"min":0,"var":0.0046367039904}},"metadata":{"audio_properties":{"analysis_sample_rate":44100,"bit_rate":256000,"codec":"mp3","downmix":"mix","equal_loudness":0,"length":156.995925903,"lossless":false,"md5_encoded":"a107c5269dbad91671d32aac5dbdbf50","replay_gain":-10.9076805115,"sample_rate":44100},"tags":{"acoustid_fingerprint":["AQADtBaTbZGU4BFFIdkXpHFy_Dmqc3iSB7dIoc8G_0iGSOVIwcm-0Hj0geqG6cuRnEbcZA2-D2V2eEQeHUlWU8STwU9y9C4ynsKV49IDfZlyMEeYHW-SY25OnMLzVPiJNg_sHN9ChNMK_UR-nMmLJ5nxH81F9AGeDD9-vNSi4dkz9EfCR0f4HLV-NP5wV-hFCs0u4T4-Hs2UZEd94Q6bENaDM6kOZ_iFH-cRnRP8R_hH6NlxND1-UErzo_qhPZPA5MmDC3O4EJ9uXNSKQ9cHVUoSHbeG5kXlB68l5EpzxBSfoo8KLWeIN-LxcfgrIv3iBH-ENwsqZVIXopl44cdRhizS6Uj2K_hxZ3iM_jjXIzrE5wiP2DnkJfh5ZM2boQtzosnxhJEY1I2F9EoY6PB4XFkOyzy0I3sSjGoyo8lqlLrwHDm0LxNCJn4wLw_-I8fTvJA0KVuOfAkjjA-JG250XMdzGv2C-EfyOPjxBMcDHyEP_RGe4sygGc2RL7zwM3gR5jmSKqqE50cvMfiOj8kK88NsC30eJEp-5McTJpgyiR_aKA-eaCOqZsmQ_9COUEdzfEcpjwjzC9pbNFcTVD-a5MiPVkn0ofnSJMhPJN-Uw8ed4y-aHCWPOU9Y8EdS8kP0oHmeoJdxHM2yIKRFIbkkJThFbE4ekD2-B89FcJaOP4FL5NkDnTmeRbBa4bSHbybyJkZ6Cfp-HHl6wTkAVy3yHKpu5FIGJtFmoz6uYheeycgdw9ZxHc8SD1oi7kR3xNRx_fiNPaXQ5AVzrkSeMELy4Wg4lF0mNN0PZkyP8hu2JdKFynmRexqSPWiMp8cxrgazLMcUNxR-GzWa5_jhM0ZyBnnmzXiSLAy-5ehxX_jR_MTzI1yUk2i6B_mDX_APfMUeKlguFVUjWfjGB8_xZMrxF8-OE3Waoh-PZIl15B8eK09xih2e5OgJX0Ov8Lh4PHlwZWIQiglzaDlyYTrxRBmyOHWwp4Y46bgSBXEeNN8e9GEaPEeOJ8erB5czoj-hwz_-q3hYTAfrY8cHsQqp4cmPv4LfCGqOm0ceCzu-I_QZiCPS_Ed__BHe6ejxBlcXVDvCfUczZosUnBGkyjH6I95xTfjh8iip4Tn66ERTXkbeQ1om5miiLMfMBy_0LMOpDD2PLx_UvIj1Dc1yohb6BvvGor9x3ng4vA54lD3yVTCTzUH5Bf915McZHVN43EeYMxeSO3ikHKaOS8ezB2eDe0juKUibD1-U4w7uH12oo2GQ5wleIdfw40ngLJck_EwS_EfzGxWPJwxChoO2ItaDKzOeKEWp_Lh0-MdE8sVzcD9c5TiTHjkOSeewR8ipDc8VNNlyPI_h6riQVoX2JEF0oeix6zLOCxct-DwuCcejTMMjpriloA-XIhkzHvUPLW6K6BQTlNEZeD3cB7soWE-QVMkZItqWROHQSxx62OFRNsqDPSIV9KkyfDE8Muizo0fzI4-SCMmy45eKM8WxaxvS8EeiPMCo7MOfpOh22KkTtJmS4T3Co