{"lowlevel":{"average_loudness":0.961871683598,"barkbands":{"dmean":[0.00356485066004,0.00930324755609,0.00274497806095,0.00113961775787,0.00152872968465,0.00151143292896,0.000921540660784,0.000655957381241,0.00133988878224,0.00115567550529,0.00138371135108,0.0012511650566,0.000752325402573,0.000842016714159,0.000742068048567,0.000505786854774,0.000280778156593,0.000200219699764,0.000150135572767,0.0000960681209108,0.0000624085951131,0.0000397031981265,0.0000172839863808,0.00000508291623191,0.00000286797740046,0.00000892100251804,0.000574189820327],"dmean2":[0.00611491361633,0.0162781011313,0.0047605051659,0.00194188510068,0.0026086831931,0.00249269395135,0.00152414687909,0.00109772314318,0.00219210819341,0.00193523487542,0.00229343213141,0.00212980969809,0.00128753588069,0.0014400628861,0.00125750980806,0.000864139001351,0.000473234395031,0.000331584276864,0.000238267588429,0.000155577217811,0.0000956722797127,0.0000591390125919,0.0000251510537055,0.00000806810203358,0.00000473340651297,0.0000129874842969,0.000946913613006],"dvar":[0.0000579512379772,0.000271968921879,0.0000236694995692,0.00000300027545563,0.00000604146680416,0.00000703869272911,0.00000161361685969,9.18441855902e-7,0.00000441748170488,0.00000255999884757,0.00000453505936093,0.00000218952982323,8.07018807336e-7,8.58100349888e-7,6.94047741945e-7,3.14954263558e-7,1.10858053404e-7,9.88322028661e-8,1.04193588868e-7,3.21880051501e-8,1.60493645041e-8,7.45445749573e-9,8.83644324379e-10,7.60418117363e-11,1.84714760848e-11,2.25916424457e-10,3.2129892702e-7],"dvar2":[0.000143641169416,0.000765323580708,0.000065122549131,0.00000823507525638,0.0000157964277605,0.0000181022733159,0.00000419461048295,0.0000023251022867,0.0000112093903226,0.00000691663262842,0.0000120173781397,0.00000599349777985,0.0000022524857286,0.00000241947191171,0.00000189904267245,8.53697315506e-7,2.94348041052e-7,2.30434082482e-7,2.30006165225e-7,7.9520397378e-8,3.50860922538e-8,1.50607739613e-8,1.75584624618e-9,1.76023459697e-10,4.58004606463e-11,4.48503761907e-10,8.69183622854e-7],"max":[0.089161619544,0.183511212468,0.0686323195696,0.0258015953004,0.0363100245595,0.055024754256,0.021932227537,0.0218488033861,0.0374583676457,0.0261220317334,0.0463169589639,0.0216676425189,0.0176437143236,0.012351706624,0.0115202739835,0.00923722889274,0.00708397710696,0.0108896149322,0.0135975535959,0.0051271491684,0.0048114489764,0.00517029454932,0.000895226898137,0.000269601034233,0.0000601350729994,0.000433617213275,0.0085842711851],"mean":[0.00369457504712,0.0121015468612,0.00317622371949,0.00143303675577,0.00204521790147,0.00221555680037,0.00147513207048,0.0010019026231,0.00217004772276,0.0018479762366,0.00224015209824,0.00227744015865,0.00136022735387,0.00162823090795,0.00155562360305,0.00109719019383,0.000611557101365,0.000428073573858,0.000366015476175,0.000252598576481,0.000177649781108,0.0000939507808653,0.0000365587256965,0.00000692249068379,0.0000030537528346,0.0000173705448105,0.00217823125422],"median":[0.00145464169327,0.00828654598445,0.00181891222019,0.000796293490566,0.0012213253649,0.00102002581116,0.000927020795643,0.000651338486932,0.00123483361676,0.00119134155102,0.0013069503475,0.00178648415022,0.00108039251063,0.00133287196513,0.00124077429064,0.000934642215725,0.000514395127539,0.000319202255923,0.000256236147834,0.000174555607373,0.00012837772374,0.0000621188592049,0.0000207439916267,0.00000351127823706,0.00000143660486174,0.00000966405514191,0.00201476737857],"min":[2.5240775628e-25,2.08917603125e-24,5.62312773624e-25,7.87109436796e-25,4.9506259839e-24,7.51335738593e-24,8.02358788626e-24,4.32837486845e-24,1.26862993613e-23,1.22820752005e-23,1.54412375117e-23,2.2218128556e-23,2.57026376149e-23,2.4975298394e-23,3.21334632687e-23,4.4007432324e-23,5.94401264721e-23,7.92265250235e-23,1.07385577678e-22,1.03878251607e-22,2.33716994215e-22,3.22216181593e-22,3.54574296671e-22,5.55281639809e-22,7.62368709348e-22,1.27497027312e-21,1.81081024029e-21],"var":[0.0000558497813472,0.000217051812797,0.0000210615235119,0.00000381963036489,0.00000723360972188,0.0000110295695777,0.00000297583869724,0.00000151788935909,0.00000781655853643,0.00000422629318564,0.00000809787343314,0.00000375243666895,0.00000131101614897,0.00000147418040797,0.0000014809880895,5.84946235449e-7,2.09438937304e-7,2.15928437797e-7,2.93615300961e-7,9.31935275617e-8,4.79396113917e-8,1.92771114627e-8,2.58280752341e-9,1.22755722254e-10,2.06824869731e-11,5.98144478392e-10,0.00000137861775329]},"barkbands_crest":{"dmean":2.64290809631,"dmean2":4.43105602264,"dvar":6.31719970703,"dvar2":16.9832611084,"max":23.0262622833,"mean":7.90996074677,"median":6.98197889328,"min":2.32234406471,"var":13.2739782333},"barkbands_flatness_db":{"dmean":0.0186651367694,"dmean2":0.0307585652918,"dvar":0.000361485290341,"dvar2":0.000974022317678,"max":0.314128816128,"mean":0.101291641593,"median":0.0949564352632,"min":0.0155506869778,"var":0.0010676512029},"barkbands_kurtosis":{"dmean":1.62028384209,"dmean2":2.7419834137,"dvar":8.41971206665,"dvar2":22.2006397247,"max":70.7765350342,"mean":1.95537245274,"median":1.0749578476,"min":-1.62858510017,"var":14.213558197},"barkbands_skewness":{"dmean":0.422669053078,"dmean2":0.698723316193,"dvar":0.244078412652,"dvar2":0.641300320625,"max":6.37039899826,"mean":1.223736763,"median":1.13202059269,"min":-2.37428164482,"var":0.689699053764},"barkbands_spread":{"dmean":8.055103302,"dmean2":13.2600002289,"dvar":53.8163833618,"dvar2":140.532196045,"max":99.1282806396,"mean":42.2249755859,"median":41.4188728333,"min":1.68724393845,"var":172.784835815},"dissonance":{"dmean":0.0115943085402,"dmean2":0.0201191864908,"dvar":0.000129957930767,"dvar2":0.000370258057956,"max":0.500000059605,"mean":0.483545511961,"median":0.486891895533,"min":0.263795226812,"var":0.00017744814977},"dynamic_complexity":1.57391428947,"erbbands":{"dmean":[0.445305198431,1.55922353268,3.09613466263,3.2711493969,4.76852035522,5.31264734268,6.57757616043,14.8872003555,13.9645681381,13.7848310471,16.5480079651,30.255771637,34.0090827942,39.8771400452,51.6114616394,47.1480751038,33.7836227417,36.6675262451,35.9680862427,36.9668884277,22.6000041962,14.2378444672,10.5155878067,9.01178359985,6.50628089905,4.37180757523,3.17158961296,2.11245393753,1.54364645481,0.830962896347,0.469457983971,0.181934550405,0.0480327233672,0.031785659492,0.0206335783005,0.0126320654526,0.0191060770303,0.0199062284082,0.0105541916564,0.0123784979805],"dmean2":[0.782735705376,2.72012734413,5.35368347168,5.64265584946,8.12010955811,9.09529590607,10.9811887741,24.68334198,23.0153636932,23.1143341064,27.6310405731,49.5923347473,56.8940887451,66.7480773926,86.3940124512,80.0763778687,57.4926109314,62.8231163025,60.8461723328,62.6266021729,38.1965332031,23.7981948853,17.3935317993,14.5360269547,10.2552175522,6.9954867363,4.90860319138,3.27256560326,2.32771706581,1.23197865486,0.680450975895,0.273056685925,0.0792783424258,0.0525816008449,0.0339594557881,0.0205858238041,0.0277105756104,0.0274974163622,0.01519852411,0.0198689419776],"dvar":[0.78536760807,5.61007833481,22.225643158,30.9059715271,57.6306762695,86.067199707,159.772293091,730.819152832,470.243652344,401.094940186,597.233154297,2470.5234375,2354.78930664,3438.19360352,5342.52197266,3005.47485352,1687.18334961,1728.37805176,1623.86291504,1914.09179688,632.755554199,292.237060547,274.055358887,327.63470459,190.129516602,70.8457489014,35.7508544922,21.7442398071,12.1030931473,2.14642333984,0.741662621498,0.135647058487,0.00520341005176,0.0023287050426,0.000932235154323,0.000315203156788,0.00134536996484,0.00142161769327,0.000378887780244,0.00013968636631],"dvar2":[2.20879745483,15.8046016693,61.7674865723,84.0969238281,150.368637085,229.758743286,422.146697998,1871.87695312,1192.4239502,1032.24169922,1486.1784668,6290.11035156,6177.12890625,9267.15820312,14335.4482422,8280.51660156,4708.82861328,4858.87255859,4407.03662109,5280.72802734,1698.46875,761.033874512,638.944641113,754.685668945,426.452178955,173.132141113,80.4191513062,45.3764457703,24.8970775604,4.46388721466,1.51308333874,0.296502143145,0.0128242420033,0.00577867589891,0.00231018150225,0.000777428096626,0.00273625506088,0.00278718676418,0.000758660782594,0.00036534742685],"max":[8.38257312775,28.4972782135,65.5564727783,73.9879150391,113.098342896,162.473144531,438.651885986,515.383483887,452.675628662,400.279327393,468.858947754,1135.4921875,844.046081543,1188.77075195,1759.88806152,766.221618652,910.89831543,618.097229004,723.940734863,712.741333008,430.984161377,322.85635376,570.429199219,838.001525879,565.076599121,254.706390381,184.48739624,183.498565674,209.516403198,46.062374115,29.793844223,16.4570446014,0.979335784912,0.678814411163,0.422929495573,0.23247602582,1.21613073349,1.50741612911,0.81757491827,0.200859501958],"mean":[0.49745452404,2.1036696434,4.03028774261,4.22599315643,6.32202243805,6.5564455986,8.7253112793,21.340341568,21.9099693298,21.6408157349,26.9497241974,48.6462135315,57.1298065186,70.0590515137,94.3990859985,90.4389648438,67.1350326538,75.6339569092,80.4447860718,81.2447738647,54.3610191345,34.0277938843,23.302740097,21.5960140228,16.5433864594,11.6080207825,8.77530002594,5.84455680847,3.69541406631,1.86154317856,0.96098279953,0.305661350489,0.0557763949037,0.0337714627385,0.0223946943879,0.0152682866901,0.0362433753908,0.0516934655607,0.0459376238286,0.0615423321724],"median":[0.266048938036,1.4433195591,2.53332686424,2.46072864532,3.62242341042,3.55017566681,4.57470226288,9.46650695801,12.7139263153,13.9591588974,17.6903781891,27.9361305237,35.5929794312,46.4374198914,64.4099502563,72.6278457642,54.7194976807,62.877948761,67.4760665894,64.8398742676,47.680393219,28.8588123322,17.7289028168,15.7787246704,11.3433694839,7.9513669014,6.0981593132,4.37564992905,2.48161053658,1.13611972332,0.516569018364,0.143629163504,0.0293137989938,0.0157337188721,0.0108679803088,0.00854986999184,0.0184469241649,0.0325445756316,0.0370588079095,0.058819308877],"min":[6.90121899396e-23,3.3968757e-22,1.95365298258e-21,3.30381126727e-21,1.05740573732e-20,1.54014987761e-20,3.116271449e-20,6.79095249626e-20,9.58265281317e-20,9.34859947391e-20,2.41336767952e-19,3.28598532312e-19,3.77653754757e-19,7.56601685281e-19,8.24630052833e-19,1.02755787811e-18,1.27722973151e-18,1.50343509131e-18,2.60377369639e-18,2.99079206626e-18,2.88102788731e-18,3.9839516386e-18,4.07027992964e-18,5.9384582441e-18,7.15613717536e-18,5.75451850488e-18,9.01026913585e-18,8.56106622266e-18,9.92485130628e-18,9.80197528065e-18,9.97971406041e-18,1.11162304436e-17,9.02258668235e-18,7.25237550373e-18,5.60828579388e-18,3.88322254669e-18,2.32994361962e-18,8.59658049847e-19,2.39304824627e-19,2.63242135853e-20],"var":[0.597050189972,5.10643720627,22.4472904205,32.5626220703,76.2013626099,92.3108291626,181.315811157,1150.27185059,909.629943848,633.439819336,1018.23028564,4236.64550781,4320.32080078,5888.52734375,9853.36621094,5191.00683594,2891.22460938,3005.23779297,3303.90209961,4020.8762207,1276.72021484,614.923461914,585.097229004,769.717651367,579.766784668,200.65763855,113.006332397,58.8006629944,30.5591888428,5.45424699783,2.08351993561,0.278172135353,0.00604551425204,0.00257872627117,0.00105706579052,0.000383454695111,0.00316805206239,0.00410400284454,0.00159219081979,0.000850506999996]},"erbbands_crest":{"dmean":1.88586854935,"dmean2":3.2067732811,"dvar":3.21828842163,"dvar2":8.66948032379,"max":28.0694923401,"mean":6.71643686295,"median":6.14929628372,"min":2.51127076149,"var":6.01715326309},"erbbands_flatness_db":{"dmean":0.0161860026419,"dmean2":0.0259242355824,"dvar":0.000191660757991,"dvar2":0.000480504560983,"max":0.294487118721,"mean":0.150601357222,"median":0.149924889207,"min":0.0385049693286,"var":0.000737669295631},"erbbands_kurtosis":{"dmean":0.653128564358,"dmean2":1.08535194397,"dvar":0.523269414902,"dvar2":1.29949140549,"max":43.7521057129,"mean":0.676025390625,"median":0.532799005508,"min":-1.62084591389,"var":1.18196392059},"erbbands_skewness":{"dmean":0.280751645565,"dmean2":0.461649775505,"dvar":0.0514544174075,"dvar2":0.135744810104,"max":5.61589956284,"mean":-0.163695558906,"median":-0.162609070539,"min":-2.07074451447,"var":0.210511893034},"erbbands_spread":{"dmean":4.21236610413,"dmean2":6.89176130295,"dvar":13.3304233551,"dvar2":34.2607841492,"max":68.4719085693,"mean":23.0858325958,"median":22.1361694336,"min":4.20841312408,"var":43.9413566589},"gfcc":{"cov":[[35078.46875,2388.15380859,-3271.25732422,-246.70413208,-140.108886719,-589.675048828,414.256622314,-707.035095215,216.934936523,-204.892883301,-91.2563476562,26.1082954407,-76.4442062378],[2388.15380859,608.767150879,-282.640991211,-76.7140731812,125.646705627,-86.9046936035,30.305639267,-51.7599143982,25.3619937897,-39.4157562256,-3.07863926888,-48.999294281,15.8980283737],[-3271.25732422,-282.640991211,500.847351074,79.6042785645,-21.5606079102,159.478103638,-109.283874512,110.73400116,-39.7070388794,33.0271530151,-4.84294033051,4.03042221069,-5.59345674515],[-246.70413208,-76.7140731812,79.6042785645,129.026321411,39.9565849304,20.3959712982,25.2110958099,-8.35082626343,-0.139893859625,-2.8629796505,5.02922391891,14.1773605347,-29.7362384796],[-140.108886719,125.646705627,-21.5606079102,39.9565849304,165.466094971,13.6934537888,28.5845394135,19.1551628113,-5.7619934082,-7.08272075653,18.3621234894,-29.3309116364,8.19089698792],[-589.675048828,-86.9046936035,159.478103638,20.3959712982,13.6934537888,182.632293701,-55.4015579224,82.5536346436,-16.2259197235,12.8327436447,-11.456615448,0.479040294886,-4.00609540939],[414.256622314,30.305639267,-109.283874512,25.2110958099,28.5845394135,-55.4015579224,146.059768677,-55.1767463684,56.6196365356,-9.52579879761,6.15171384811,28.2044391632,-16.3514099121],[-707.035095215,-51.7599143982,110.73400116,-8.35082626343,19.1551628113,82.5536346436,-55.1767463684,139.709609985,-15.0616779327,34.4827651978,7.75720357895,-35.8869743347,26.1523914337],[216.934936523,25.3619937897,-39.7070388794,-0.139893859625,-5.7619934082,-16.2259197235,56.6196365356,-15.0616779327,96.0215835571,16.6350135803,5.11857318878,25.408449173,-25.2863349915],[-204.892883301,-39.4157562256,33.0271530151,-2.8629796505,-7.08272075653,12.8327436447,-9.52579879761,34.4827651978,16.6350135803,54.8790206909,28.5954685211,4.59726953506,15.29666996],[-91.2563476562,-3.07863926888,-4.84294033051,5.02922391891,18.3621234894,-11.456615448,6.15171384811,7.75720357895,5.11857318878,28.5954685211,53.4561233521,20.7759284973,16.7980003357],[26.1082954407,-48.999294281,4.03042221069,14.1773605347,-29.3309116364,0.479040294886,28.2044391632,-35.8869743347,25.408449173,4.59726953506,20.7759284973,68.5651397705,0.912564635277],[-76.4442062378,15.8980283737,-5.59345674515,-29.7362384796,8.19089698792,-4.00609540939,-16.3514099121,26.1523914337,-25.2863349915,15.29666996,16.7980003357,0.912564635277,65.6206665039]],"icov":[[0.000160066847457,-0.000482694333186,0.00127523008268,-0.000994993955828,0.00084081327077,-0.000634638941847,0.000296513986541,0.0000186756915355,0.000155453948537,-0.000445009674877,0.000274701131275,-0.000133933994221,-0.0000208466826734],[-0.000482694333186,0.00490303710103,-0.00254507618956,0.0045002149418,-0.00541664613411,0.00203120382503,0.000793755927589,0.00118335452862,-0.00281869457103,0.00324422772974,-0.0011130644707,0.00204573012888,-0.000987466308288],[0.00127523008268,-0.00254507618956,0.0146256526932,-0.0100454576313,0.00621606269851,-0.0064486884512,0.00499372836202,-0.00135093170684,0.00113519676961,-0.0043570259586,0.00354175688699,-0.00234566791914,-0.0000110639839477],[-0.000994993955828,0.0045002149418,-0.0100454576313,0.0204731803387,-0.0111874220893,0.00520037533715,-0.00425222422928,0.000281788292341,0.00272547267377,0.000561263062991,-0.000304742396111,-0.00403200276196,0.00776736484841],[0.00084081327077,-0.00541664613411,0.00621606269851,-0.0111874220893,0.0185413509607,-0.00740091642365,-0.00255886930972,0.000374027848011,-0.000461044401163,0.00384354079142,-0.00934266578406,0.00979400519282,-0.00461906660348],[-0.000634638941847,0.00203120382503,-0.0064486884512,0.00520037533715,-0.00740091642365,0.0145486034453,0.000965758110397,-0.00749016646296,0.00220498000272,-0.00126362510491,0.00719258980826,-0.00956724211574,0.00504928966984],[0.000296513986541,0.000793755927589,0.00499372836202,-0.00425222422928,-0.00255886930972,0.000965758110397,0.0150240575895,0.00141507748049,-0.00720361247659,0.00121905340347,0.00245661241934,-0.00363851198927,-0.00142830482218],[0.0000186756915355,0.00118335452862,-0.00135093170684,0.000281788292341,0.000374027848011,-0.00749016646296,0.00141507748049,0.0194598473608,-0.00520869391039,-0.00268949195743,-0.0059638065286,0.0147022167221,-0.00821723695844],[0.000155453948537,-0.00281869457103,0.00113519676961,0.00272547267377,-0.000461044401163,0.00220498000272,-0.00720361247659,-0.00520869391039,0.0243712030351,-0.0152573967353,0.00904240459204,-0.0136072877795,0.0134911695495],[-0.000445009674877,0.00324422772974,-0.0043570259586,0.000561263062991,0.00384354079142,-0.00126362510491,0.00121905340347,-0.00268949195743,-0.0152573967353,0.0444734282792,-0.0266296695918,0.0132489483804,-0.0102165201679],[0.000274701131275,-0.0011130644707,0.00354175688699,-0.000304742396111,-0.00934266578406,0.00719258980826,0.00245661241934,-0.0059638065286,0.00904240459204,-0.0266296695918,0.0468319542706,-0.0250252485275,0.00339935673401],[-0.000133933994221,0.00204573012888,-0.00234566791914,-0.00403200276196,0.00979400519282,-0.00956724211574,-0.00363851198927,0.0147022167221,-0.0136072877795,0.0132489483804,-0.0250252485275,0.0424379073083,-0.0137672610581],[-0.0000208466826734,-0.000987466308288,-0.0000110639839477,0.00776736484841,-0.00461906660348,0.00504928966984,-0.00142830482218,-0.00821723695844,0.0134911695495,-0.0102165201679,0.00339935673401,-0.0137672610581,0.0296782329679]],"mean":[22.6257648468,93.0732421875,-115.355323792,-5.20413351059,-1.02650415897,-15.5374107361,12.9317054749,-21.5404262543,7.10086631775,-7.45664215088,-4.54066610336,-1.10968530178,-4.43789434433]},"hfc":{"dmean":61.4389762878,"dmean2":100.150398254,"dvar":3763.37182617,"dvar2":10015.2529297,"max":1603.23266602,"mean":293.514099121,"median":287.661437988,"min":1.0549021117e-16,"var":15440.0488281},"melbands":{"dmean":[0.0032664553728,0.00167032668833,0.000583984656259,0.00036259481567,0.000223223265493,0.000323757267324,0.000202567782253,0.000142821212648,0.000153592787683,0.000193776024389,0.000174261120264,0.000163507473189,0.000191732513485,0.00015079244622,0.000103405072878,0.0000686496277922,0.0000766022494645,0.0000657816199237,0.0000583212677157,0.0000437140806753,0.0000276024074992,0.0000178460541065,0.000011448535588,0.00000951904985413,0.00000797924167273,0.00000604388242209,0.00000434384628534,0.00000298074178318,0.00000240857207245,0.00000154193060098,0.00000130242756313,0.0000010071920542,7.0908060934e-7,4.21568842057e-7,3.12891245358e-7,2.01111944875e-7,7.81339508649e-8,3.28527143267e-8,2.89649673135e-8,2.60328203439e-8],"dmean2":[0.00572659121826,0.00288284476846,0.000993305817246,0.000616903416812,0.000375247909687,0.000534655584488,0.000333820091328,0.00023898917425,0.000255435617873,0.000318052363582,0.00029129194445,0.000274292862741,0.000318595499266,0.000257467880147,0.000176331421244,0.000116907067422,0.000131465756567,0.000111733555968,0.0000994649672066,0.0000746277655708,0.0000469846345368,0.0000300882275042,0.0000191587841982,0.0000158745624503,0.000013011410374,0.00000978013849817,0.00000710066433385,0.00000485657437821,0.00000382734333471,0.00000243685485657,0.00000203113654607,0.00000154991914769,0.00000108912354335,6.40512439531e-7,4.66878134375e-7,2.99397839854e-7,1.22734562069e-7,5.46189831141e-8,4.80470383479e-8,4.3044757092e-8],"dvar":[0.0000398103911721,0.00000470650866191,8.45096451485e-7,3.40405165389e-7,1.57342824991e-7,3.23599408603e-7,9.02981298623e-8,4.07960705218e-8,5.03083690262e-8,9.69540820961e-8,6.19571522975e-8,5.66378659528e-8,8.89446596375e-8,3.53413085463e-8,1.48894638841e-8,7.49876249984e-9,7.51112416708e-9,5.75698200223e-9,4.53017312552e-9,2.58194132741e-9,9.34544552855e-10,4.29885516073e-10,3.21111193191e-10,2.35689995298e-10,2.65047733761e-10,1.65975677646e-10,7.61668436655e-11,3.10203390752e-11,1.83570138257e-11,9.50137451355e-12,8.01022703029e-12,5.64338549849e-12,1.82690798253e-12,4.86080468411e-13,3.38927508021e-13,1.96785730072e-13,2.44821710512e-14,2.56194284029e-15,1.9722872068e-15,1.55355159889e-15],"dvar2":[0.000111499495688,0.0000131756469273,0.00000226938345804,8.84710573246e-7,4.17199572667e-7,8.2818280589e-7,2.30142077839e-7,1.05180184562e-7,1.2496084878e-7,2.46789994662e-7,1.62714229646e-7,1.52936820541e-7,2.3527631754e-7,9.74173772761e-8,4.13487946105e-8,2.06336565611e-8,2.1215457835e-8,1.57027635339e-8,1.25028956077e-8,7.0601506863e-9,2.53384024873e-9,1.15674203549e-9,7.9634349115e-10,5.64370106204e-10,6.39295727467e-10,3.79500653125e-10,1.93529497983e-10,7.87757706289e-11,4.25365853651e-11,2.2039927175e-11,1.67102009313e-11,1.20421008235e-11,4.0435588905e-12,1.05895663332e-12,7.30785711892e-13,4.53092939686e-13,5.56931040727e-14,6.35757900385e-15,4.89441429077e-15,3.85494223416e-15],"max":[0.0615972205997,0.0262616686523,0.0112901534885,0.00913711264729,0.01156743709,0.0106068206951,0.00600558752194,0.00375095754862,0.00391201162711,0.00658502755687,0.00415257690474,0.00456252414733,0.00732320360839,0.00302127096802,0.00192309275735,0.00176233320963,0.00139178801328,0.00125684356317,0.00113025109749,0.000881590938661,0.000491964805406,0.000433601235272,0.00060917600058,0.00045631325338,0.000744482735172,0.000599563296419,0.000273808283964,0.000174096174305,0.000107685424155,0.000117086303362,0.000097523763543,0.000147641185322,0.0000581239510211,0.0000179180133273,0.0000204714760912,0.0000212372087844,0.00000451234291177,6.95647088378e-7,6.14143061739e-7,5.57341195417e-7],"mean":[0.00397448334843,0.00239247898571,0.000819279404823,0.000478451780509,0.000299792853184,0.00047672438086,0.000326685898472,0.000225311989198,0.000239450178924,0.000311229523504,0.000282830966171,0.000273609824944,0.000324880995322,0.000266428163741,0.000189807033166,0.000127331193653,0.000144612567965,0.000131425214931,0.000118863943499,0.0000903013715288,0.0000587267204537,0.0000378259646823,0.0000229095749091,0.0000194678577827,0.0000173699718289,0.0000134735937536,0.00000984010239335,0.00000710563517714,0.00000596443169343,0.00000397262465412,0.00000316437785841,0.00000221708319259,0.00000146119054989,8.65778190473e-7,6.01129954703e-7,3.57602630174e-7,1.06387354037e-7,3.3779326003e-8,3.00077047655e-8,2.7400350433e-8],"median":[0.00244348007254,0.00167909893207,0.000507913529873,0.000275400932878,0.000164119963301,0.000217100343434,0.00019680634432,0.000146702019265,0.000149754720042,0.000175218825461,0.000170348153915,0.000177477311809,0.000200664100703,0.000203641233384,0.000151487285621,0.0000999561743811,0.000116984854685,0.000106341329229,0.0000933446572162,0.0000737361624488,0.0000503624469275,0.0000316932964779,0.0000173179105332,0.0000143300285345,0.000012406570022,0.00000904203625396,0.00000644574220132,0.00000481911774841,0.00000404340107707,0.00000290007915282,0.00000232721095017,0.00000147404068684,8.89483885658e-7,5.20273147231e-7,3.20386789099e-7,1.5704569023e-7,4.89460241226e-8,1.4889886657e-8,1.33306166106e-8,1.2595403831e-8],"min":[6.75563272203e-25,9.76258658953e-25,9.83705505898e-25,9.96545794853e-25,1.21881238389e-24,1.64694918665e-24,1.23638199258e-24,8.23203373084e-25,1.75926513157e-24,1.8203963297e-24,1.89151864841e-24,2.78384201401e-24,2.60607220902e-24,2.76644664497e-24,2.26985199982e-24,2.563070415e-24,2.21083199069e-24,2.92027452149e-24,2.88626870002e-24,3.57327681554e-24,2.24848964651e-24,3.38581979863e-24,2.54769452988e-24,3.90127847461e-24,3.76148601132e-24,4.16770835674e-24,2.34039233639e-24,3.04803508104e-24,4.34476305932e-24,4.68267991111e-24,3.71967086132e-24,4.42737139003e-24,4.83868031056e-24,5.09868649834e-24,5.89658222751e-24,5.44929138893e-24,5.61319459693e-24,5.57008847606e-24,6.10980975247e-24,5.76616971481e-24],"var":[0.0000307749687636,0.00000533751199328,9.93210164779e-7,4.24474080774e-7,1.78282050456e-7,5.28122484411e-7,1.79250491783e-7,6.63801742462e-8,8.50489385584e-8,1.70294356394e-7,1.12273006891e-7,9.43160713973e-8,1.59029426072e-7,5.75187897311e-8,2.41146036473e-8,1.23984413847e-8,1.23297203558e-8,1.03695896314e-8,9.22382614732e-9,4.79117723273e-9,1.69107661208e-9,8.01882393819e-10,5.6043331087e-10,4.82188178275e-10,5.48072476292e-10,4.54791398985e-10,1.87904844462e-10,7.54608389664e-11,5.43878067583e-11,2.47166089679e-11,1.98452348305e-11,1.31780749507e-11,3.904971832e-12,1.16287209896e-12,8.44727825015e-13,4.054046866e-13,3.82699887134e-14,2.79330988983e-15,2.16182819293e-15,1.72284352125e-15]},"melbands_crest":{"dmean":4.64398193359,"dmean2":7.76177167892,"dvar":19.3086242676,"dvar2":51.8713226318,"max":35.3190574646,"mean":14.0462694168,"median":13.083111763,"min":1.55704164505,"var":40.6052207947},"melbands_flatness_db":{"dmean":0.0270879957825,"dmean2":0.0447404049337,"dvar":0.000671063433401,"dvar2":0.00183996139094,"max":0.491739809513,"mean":0.197388499975,"median":0.193139776587,"min":0.00274985935539,"var":0.00290738744661},"melbands_kurtosis":{"dmean":3.33413887024,"dmean2":5.71231937408,"dvar":37.4128608704,"dvar2":101.916679382,"max":97.9892959595,"mean":3.602622509,"median":1.41389608383,"min":-1.53390645981,"var":54.8565444946},"melbands_skewness":{"dmean":0.668397128582,"dmean2":1.10990536213,"dvar":0.527993738651,"dvar2":1.42776525021,"max":8.86389255524,"mean":1.62059664726,"median":1.39870095253,"min":-0.419454187155,"var":1.25364661217},"melbands_spread":{"dmean":7.31162595749,"dmean2":12.0729751587,"dvar":46.3762130737,"dvar2":121.318702698,"max":163.073303223,"mean":32.4051589966,"median":30.6709060669,"min":1.63734161854,"var":342.455688477},"mfcc":{"cov":[[9019.42578125,2017.43371582,-806.114318848,464.116699219,-395.373779297,358.012207031,-107.695549011,130.200653076,-20.4017543793,65.8616104126,-41.4220237732,4.72477149963,84.1921768188],[2017.43371582,1092.60241699,-334.781768799,127.620155334,21.6401424408,78.6964569092,9.45797729492,17.21276474,49.1844596863,8.63907718658,25.8344097137,-25.0242500305,27.6935100555],[-806.114318848,-334.781768799,350.858642578,-123.90952301,95.1723556519,-30.37159729,-3.77667951584,-1.74438643456,-3.94771528244,4.25347137451,-7.25841617584,20.4197006226,-35.2050895691],[464.116699219,127.620155334,-123.90952301,209.030792236,-59.3240509033,66.0844650269,-6.04905653,23.5234642029,-25.6435661316,4.96347999573,3.66336131096,1.38659834862,18.9945926666],[-395.373779297,21.6401424408,95.1723556519,-59.3240509033,233.119888306,-38.9542427063,89.7499923706,-15.8550310135,38.8397750854,-9.40684604645,29.7935295105,3.99628305435,-7.2544169426],[358.012207031,78.6964569092,-30.37159729,66.0844650269,-38.9542427063,147.224533081,-27.9116344452,67.5871887207,-22.4717407227,18.0920848846,-14.6750097275,19.669002533,6.80393314362],[-107.695549011,9.45797729492,-3.77667951584,-6.04905653,89.7499923706,-27.9116344452,115.776344299,-16.421459198,33.8748664856,-20.8841094971,15.8126802444,-7.50811338425,6.88022994995],[130.200653076,17.21276474,-1.74438643456,23.5234642029,-15.8550310135,67.5871887207,-16.421459198,87.1324768066,-0.970363736153,26.9416561127,-5.68086910248,15.2498369217,-4.39742469788],[-20.4017543793,49.1844596863,-3.94771528244,-25.6435661316,38.8397750854,-22.4717407227,33.8748664856,-0.970363736153,67.3731613159,15.4365758896,19.5590515137,-3.76011562347,2.09356737137],[65.8616104126,8.63907718658,4.25347137451,4.96347999573,-9.40684604645,18.0920848846,-20.8841094971,26.9416561127,15.4365758896,58.6376724243,16.2545413971,17.7760791779,-0.534708917141],[-41.4220237732,25.8344097137,-7.25841617584,3.66336131096,29.7935295105,-14.6750097275,15.8126802444,-5.68086910248,19.5590515137,16.2545413971,49.5899772644,15.0717811584,9.47476005554],[4.72477149963,-25.0242500305,20.4197006226,1.38659834862,3.99628305435,19.669002533,-7.50811338425,15.2498369217,-3.76011562347,17.7760791779,15.0717811584,47.6301689148,17.4539432526],[84.1921768188,27.6935100555,-35.2050895691,18.9945926666,-7.2544169426,6.80393314362,6.88022994995,-4.39742469788,2.09356737137,-0.534708917141,9.47476005554,17.4539432526,44.5235061646]],"icov":[[0.000241012865445,-0.000458875030745,-0.0000209654317587,-0.0000948873130255,0.00045233083074,-0.000127966501168,-0.000270724645816,0.000037243225961,0.000140669129905,-0.000228735952987,0.000333755509928,-0.00031509299879,0.0000354816293111],[-0.000458875030745,0.00248270551674,0.00172058411408,-0.000014886034478,-0.00208425801247,-0.000793093990069,0.0016823647311,0.00029247259954,-0.0016119859647,0.000720607931726,-0.000868720642757,0.00114252034109,0.0000622509542154],[-0.0000209654317587,0.00172058411408,0.00645418511704,0.00178370717913,-0.00321340514347,-0.000679170072544,0.00201561953872,0.000443671975518,-0.000241095563979,-0.0000455625813629,0.00136184203438,-0.00289549049921,0.00348048075102],[-0.0000948873130255,-0.000014886034478,0.00178370717913,0.00772086298093,0.000891201547347,-0.00259429449216,-0.00166685087606,-0.000230328354519,0.00358632346615,-0.000990100204945,-0.00256022065878,0.00173463765532,-0.00123401009478],[0.00045233083074,-0.00208425801247,-0.00321340514347,0.000891201547347,0.00984405074269,0.000194878230104,-0.00691958004609,-0.000166236903169,0.000315738579957,0.000194544903934,-0.00275417440571,-0.00136907643173,0.00125730445143],[-0.000127966501168,-0.000793093990069,-0.000679170072544,-0.00259429449216,0.000194878230104,0.0140628647059,0.000291325937724,-0.00891490466893,0.00269370852038,-0.00030893960502,0.00362413190305,-0.00328415259719,-0.00135192484595],[-0.000270724645816,0.0016823647311,0.00201561953872,-0.00166685087606,-0.00691958004609,0.000291325937724,0.0175775196403,-0.000370334193576,-0.00770382815972,0.00731776980683,-0.00147171504796,0.00126235699281,-0.00188596185762],[0.000037243225961,0.00029247259954,0.000443671975518,-0.000230328354519,-0.000166236903169,-0.00891490466893,-0.000370334193576,0.0212913695723,-0.00250160275027,-0.00638305768371,0.0033344309777,-0.00372718786821,0.00448460550979],[0.000140669129905,-0.0016119859647,-0.000241095563979,0.00358632346615,0.000315738579957,0.00269370852038,-0.00770382815972,-0.00250160275027,0.0260827932507,-0.00996200554073,-0.00482877995819,0.00601900788024,-0.0030788409058],[-0.000228735952987,0.000720607931726,-0.0000455625813629,-0.000990100204945,0.000194544903934,-0.00030893960502,0.00731776980683,-0.00638305768371,-0.00996200554073,0.0300807151943,-0.00831986684352,-0.00711659342051,0.00407834956422],[0.000333755509928,-0.000868720642757,0.00136184203438,-0.00256022065878,-0.00275417440571,0.00362413190305,-0.00147171504796,0.0033344309777,-0.00482877995819,-0.00831986684352,0.033002730459,-0.0109236603603,-0.000981246004812],[-0.00031509299879,0.00114252034109,-0.00289549049921,0.00173463765532,-0.00136907643173,-0.00328415259719,0.00126235699281,-0.00372718786821,0.00601900788024,-0.00711659342051,-0.0109236603603,0.0383118838072,-0.0164915062487],[0.0000354816293111,0.0000622509542154,0.00348048075102,-0.00123401009478,0.00125730445143,-0.00135192484595,-0.00188596185762,0.00448460550979,-0.0030788409058,0.00407834956422,-0.000981246004812,-0.0164915062487,0.0336460545659]],"mean":[-621.261535645,158.084793091,-48.4808044434,30.021478653,-6.56350803375,26.4949092865,-0.492359936237,11.1555538177,4.78138780594,6.22757196426,1.55697357655,1.31197798252,6.1657128334]},"pitch_salience":{"dmean":0.0774008706212,"dmean2":0.129462495446,"dvar":0.00588785205036,"dvar2":0.0158818010241,"max":0.94853079319,"mean":0.606781601906,"median":0.625088751316,"min":0.128269925714,"var":0.0111883739009},"silence_rate_20dB":{"dmean":0,"dmean2":0,"dvar":0,"dvar2":0,"max":1,"mean":1,"median":1,"min":1,"var":0},"silence_rate_30dB":{"dmean":0.0385944694281,"dmean2":0.0771963521838,"dvar":0.0371066480875,"dvar2":0.0929412767291,"max":1,"mean":0.971968889236,"median":1,"min":0,"var":0.0272440388799},"silence_rate_60dB":{"dmean":0.000192012288608,"dmean2":0.000384061451769,"dvar":0.000191975443158,"dvar2":0.000383889186196,"max":1,"mean":0.0305270235986,"median":0,"min":0,"var":0.0295953042805},"spectral_centroid":{"dmean":172.380371094,"dmean2":271.167480469,"dvar":33339.8203125,"dvar2":72228.3359375,"max":11945.3076172,"mean":1677.29345703,"median":1443.7232666,"min":263.451538086,"var":2041400.25},"spectral_complexity":{"dmean":3.47292637825,"dmean2":5.62496376038,"dvar":8.47401046753,"dvar2":20.4365959167,"max":63,"mean":32.7609672546,"median":33,"min":0,"var":84.1401443481},"spectral_contrast_coeffs":{"dmean":[0.053224530071,0.0479927286506,0.037559427321,0.0260006338358,0.0195607207716,0.0463809929788],"dmean2":[0.0889809429646,0.0812106728554,0.0641812831163,0.0444975756109,0.033069640398,0.0733997747302],"dvar":[0.00176922348328,0.00140955660027,0.000862985267304,0.000408037420129,0.000290639989544,0.00145843438804],"dvar2":[0.00488584209234,0.00398952048272,0.00246815546416,0.00119494716637,0.000807787757367,0.0038011779543],"max":[-0.453639924526,-0.524738430977,-0.594448029995,-0.659578204155,-0.607406675816,-0.397517710924],"mean":[-0.717440366745,-0.78408741951,-0.800488829613,-0.810939967632,-0.805786967278,-0.686784207821],"median":[-0.718326926231,-0.787020504475,-0.801183462143,-0.80985212326,-0.804152548313,-0.682783842087],"min":[-0.98183465004,-0.987312555313,-0.979365170002,-0.977649271488,-0.968928456306,-0.96533870697],"var":[0.00526320934296,0.00367758283392,0.00238293875009,0.00128835614305,0.0011538824765,0.00661504082382]},"spectral_contrast_valleys":{"dmean":[0.388030230999,0.337828487158,0.276641637087,0.21273984015,0.176852077246,0.627299308777],"dmean2":[0.649448990822,0.569467842579,0.464075863361,0.355063736439,0.279843062162,0.993914842606],"dvar":[0.100925929844,0.0797324106097,0.0538858696818,0.0392046608031,0.0419163815677,0.26873165369],"dvar2":[0.264431774616,0.199292421341,0.131301030517,0.0867878571153,0.0848719105124,0.710250794888],"max":[-5.1973195076,-4.71685314178,-4.93670558929,-5.22049665451,-5.17426967621,-9.04451274872],"mean":[-7.04639291763,-6.58221769333,-6.55252885818,-6.77698421478,-7.35338068008,-11.3642759323],"median":[-6.53903055191,-6.06143140793,-6.01262187958,-6.24503087997,-6.84232807159,-10.9661197662],"min":[-28.1535072327,-28.2314624786,-27.9761238098,-27.8701553345,-27.4887199402,-27.3974819183],"var":[9.56854438782,10.0290899277,10.0356273651,9.82778263092,9.32621669769,6.32102060318]},"spectral_decrease":{"dmean":4.30670699103e-9,"dmean2":7.32972305073e-9,"dvar":3.7553391005e-17,"dvar2":1.01231349364e-16,"max":3.20175486124e-9,"mean":-7.72680319727e-9,"median":-6.47748654714e-9,"min":-5.48080301144e-8,"var":3.89200389607e-17},"spectral_energy":{"dmean":0.0163567382842,"dmean2":0.027885787189,"dvar":0.000509324716404,"dvar2":0.00138604291715,"max":0.230327904224,"mean":0.0557853989303,"median":0.0523910149932,"min":9.83716465543e-21,"var":0.000702617631759},"spectral_energyband_high":{"dmean":0.000356776989065,"dmean2":0.000546350609511,"dvar":2.01425123691e-7,"dvar2":4.34186461007e-7,"max":0.0149940364063,"mean":0.00145441677887,"median":0.00128391641192,"min":6.9454098964e-21,"var":9.86501049738e-7},"spectral_energyband_low":{"dmean":0.0130620095879,"dmean2":0.022777704522,"dvar":0.000460771319922,"dvar2":0.00127967109438,"max":0.201736569405,"mean":0.0186284128577,"median":0.0134609406814,"min":6.53170400307e-24,"var":0.000391582376324},"spectral_energyband_middle_high":{"dmean":0.00345670105889,"dmean2":0.00558747770265,"dvar":0.0000129780992211,"dvar2":0.0000334757496603,"max":0.0596465282142,"mean":0.0132726933807,"median":0.012302543968,"min":1.04395888249e-21,"var":0.0000542323468835},"spectral_energyband_middle_low":{"dmean":0.00439422531053,"dmean2":0.00706600910053,"dvar":0.0000269544434559,"dvar2":0.0000680936282151,"max":0.0695832446218,"mean":0.0108960941434,"median":0.00908967480063,"min":1.6509775798e-22,"var":0.0000627671252005},"spectral_entropy":{"dmean":0.0778021886945,"dmean2":0.123342551291,"dvar":0.00549551984295,"dvar2":0.0135103501379,"max":9.82440757751,"mean":7.78065395355,"median":7.7511177063,"min":5.65974569321,"var":0.119167409837},"spectral_flux":{"dmean":0.0267470870167,"dmean2":0.0441626831889,"dvar":0.00113283132669,"dvar2":0.00241156597622,"max":0.409614175558,"mean":0.140320107341,"median":0.136882022023,"min":6.43101127906e-11,"var":0.00251126475632},"spectral_kurtosis":{"dmean":3.00792527199,"dmean2":4.74899578094,"dvar":10.4601240158,"dvar2":25.9218635559,"max":64.9844741821,"mean":20.3766613007,"median":20.1664714813,"min":-1.26648306847,"var":41.5763282776},"spectral_rms":{"dmean":0.000997198745608,"dmean2":0.00167726026848,"dvar":0.00000140611007282,"dvar2":0.00000377632022719,"max":0.0149903353304,"mean":0.0071171792224,"median":0.00714934850112,"min":3.09794030706e-12,"var":0.0000037702627651},"spectral_rolloff":{"dmean":3397.95385742,"dmean2":6509.89306641,"dvar":44717800,"dvar2":112515072,"max":22028.4667969,"mean":18494.640625,"median":21059.4726562,"min":64.599609375,"var":43677352},"spectral_skewness":{"dmean":0.211419329047,"dmean2":0.330029189587,"dvar":0.0369938798249,"dvar2":0.088458225131,"max":5.68245744705,"mean":2.87353801727,"median":2.90141940117,"min":-0.0972991660237,"var":0.351128458977},"spectral_spread":{"dmean":320074.03125,"dmean2":517207.46875,"dvar":270354268160,"dvar2":589936132096,"max":42831980,"mean":4298593.5,"median":3449633.5,"min":1276285.875,"var":29316295426000},"spectral_strongpeak":{"dmean":4.38343858719,"dmean2":8.28866004944,"dvar":240.287872314,"dvar2":669.028869629,"max":196.29145813,"mean":3.14358711243,"median":0.254941880703,"min":0,"var":184.559356689},"zerocrossingrate":{"dmean":0.0347182676196,"dmean2":0.0461805276573,"dvar":0.000859680643771,"dvar2":0.00145060475916,"max":0.60009765625,"mean":0.322689682245,"median":0.32470703125,"min":0.009765625,"var":0.00582203734666}},"metadata":{"audio_properties":{"analysis_sample_rate":44100,"bit_rate":192000,"codec":"mp3","downmix":"mix","equal_loudness":0,"length":241.842697144,"lossless":false,"md5_encoded":"c33881f895b3aa9f6a2bded6261dc8d4","replay_gain":-9.57907295227},"tags":{"album":["Contraband"],"artist":["Velvet Revolver"],"file_name":"11 - Velvet Revolver - Slither.mp3","musicbrainz album status":["official"],"musicbrainz album type":["album"],"musicbrainz trm id":[""],"musicbrainz_albumartistid":[""],"musicbrainz_albumid":["b06b40c3-af14-4cd4-a38c-418db0f8a5b9"],"musicbrainz_artistid":["3a528006-1429-47f4-ae9b-2ea95343e16a"],"musicbrainz_recordingid":["29ed58ff-dcae-49d7-90e4-d1974692e3be"],"originaldate":["2004"],"title":["Slither"],"tracknumber":["11/13"]},"version":{"essentia":"2.1-beta1","essentia_build_sha":"ab033649a6180e58ab3ffa3648ee50b8e9460706","essentia_git_sha":"v2.1_beta1-8-g0ed32f5-dirty","extractor":"music 1.0"}},"rhythm":{"beats_count":668,"beats_loudness":{"dmean":0.0174434240907,"dmean2":0.0299924556166,"dvar":0.000223854163778,"dvar2":0.000669747707434,"max":0.13458327949,"mean":0.0567286834121,"median":0.0564197674394,"min":0,"var":0.000444372562924},"beats_loudness_band_ratio":{"dmean":[0.198783680797,0.0609802529216,0.0585074871778,0.0741434171796,0.0427447557449,0.0841211527586],"dmean2":[0.36431530118,0.107118293643,0.104702673852,0.133486837149,0.0793184414506,0.149889618158],"dvar":[0.0215644519776,0.00322755123489,0.00261463457718,0.00354929524474,0.00118577817921,0.00478759175166],"dvar2":[0.0681388527155,0.00906795822084,0.00692721456289,0.0109406113625,0.00377387786284,0.0148847438395],"max":[0.923962771893,0.37504324317,0.337679326534,0.515110194683,0.238357082009,0.529636085033],"mean":[0.365469783545,0.0801466330886,0.0956940278411,0.149904295802,0.0854308381677,0.223896026611],"median":[0.330303132534,0.0641877055168,0.0830638110638,0.14038798213,0.0807141959667,0.227823272347],"min":[0,0,0,0,0,0],"var":[0.0368392430246,0.00395857496187,0.00411103852093,0.00581022072583,0