{"lowlevel":{"average_loudness":0.908455967903,"barkbands":{"dmean":[0.00516850501299,0.00678386213258,0.00236845924519,0.00142589816824,0.00144953106064,0.00112462055404,0.00075715733692,0.000712080684025,0.000975944509264,0.000794995925389,0.00117505120579,0.00138407957274,0.000669780361932,0.000521631503943,0.000552211422473,0.000458195019746,0.0000980358890956,0.000053640207625,0.0000512323858857,0.0000497597757203,0.000050319446018,0.0000357012359018,0.000025352839657,0.00000842489862407,0.00000261591048911,0.0000273366731562,0.000269411626505],"dmean2":[0.00759176025167,0.0107252616435,0.00397339556366,0.0023299746681,0.00235022371635,0.00172727822792,0.00121061143,0.00113054341637,0.00152473722119,0.00127936026547,0.00191744382028,0.0022405711934,0.00111719314009,0.000855521007907,0.000919349549804,0.000755853368901,0.000160256880918,0.0000863325331011,0.0000808601616882,0.0000780121627031,0.0000776243687142,0.0000522081500094,0.0000382278121833,0.0000140060628837,0.00000430611453339,0.0000429245410487,0.000402965844842],"dvar":[0.000282895576674,0.000342108920449,0.0000478928741359,0.00000968687618297,0.0000100730458144,0.00000649869889457,0.00000163852530477,0.00000185611759207,0.0000041573789531,0.00000288014598482,0.0000064496775849,0.00000584397366765,0.00000166868755969,7.16574675153e-7,7.79519837124e-7,3.91250210896e-7,1.93847800034e-8,6.20681372965e-9,6.41357766895e-9,7.89984788696e-9,2.03879917393e-8,5.2233177783e-9,1.14149445452e-8,1.28380206466e-9,2.46578868435e-11,1.67245595151e-8,1.1995230409e-7],"dvar2":[0.000596858386416,0.000789099896792,0.000132639557705,0.0000259866556007,0.0000246315012191,0.0000144355262819,0.00000384162513001,0.00000387417958336,0.00000793368690211,0.00000694387153999,0.0000162996821018,0.000014089094293,0.00000457588748759,0.00000185677777154,0.00000208683377423,0.00000105962476482,5.03333943414e-8,1.56307429222e-8,1.54343151593e-8,1.73808132331e-8,5.02837700367e-8,1.03093826809e-8,2.7176538353e-8,3.40148131883e-9,6.06825839577e-11,4.2390315258e-8,2.51267834983e-7],"max":[0.363062679768,0.388192504644,0.148436546326,0.0544050261378,0.0585067756474,0.074112907052,0.0261206254363,0.0450870133936,0.0802602395415,0.0516570359468,0.0714380890131,0.0514119900763,0.0263617374003,0.0185484234244,0.0203479174525,0.012323805131,0.00285022333264,0.00159816909581,0.00136148382444,0.00163187342696,0.00819709058851,0.00140044675209,0.00285758730024,0.000768858881202,0.0000788699544501,0.0028052253183,0.00634249253199],"mean":[0.00897076167166,0.0156786628067,0.00317255826667,0.00198725122027,0.00216233544052,0.00191753963009,0.00134480348788,0.00120944681112,0.00184764573351,0.00134902913123,0.00203548464924,0.00257035112008,0.00121615082026,0.000986012280919,0.00109486468136,0.00102774100378,0.000210765982047,0.000120164091641,0.000121129254694,0.000119371303299,0.000119607713714,0.0000823239752208,0.0000323369786202,0.00000834920410853,0.00000281438110505,0.000029831626307,0.00100348889828],"median":[0.00173452682793,0.00963443145156,0.00166928267572,0.000986893195659,0.000944444502238,0.000662287580781,0.000619755825028,0.000642707280349,0.000927937915549,0.000635367934592,0.000960858480539,0.0016178379301,0.000644435349386,0.000603770371526,0.000725195975974,0.000787993427366,0.000137458613608,0.0000714687485015,0.0000718722876627,0.0000652950402582,0.000060938509705,0.0000388113221561,0.00000757215912017,0.0000023176578452,0.00000106409379441,0.0000059687272369,0.000748055521399],"min":[3.04355987313e-24,8.71753146964e-24,1.48097413409e-24,5.35514675635e-24,2.42261203477e-23,1.80785383574e-23,2.11781527143e-23,1.64628581379e-23,3.14616503892e-23,4.04504805904e-23,3.17997940385e-23,4.41829065437e-23,5.77904605471e-23,5.52714067957e-23,5.86287798756e-23,5.38295773202e-23,1.01493897433e-22,1.46260453761e-22,1.46645279043e-22,2.02324091476e-22,3.39330752435e-22,3.31601884561e-22,5.18710704576e-22,7.07948515023e-22,9.83217955938e-22,1.45498141496e-21,2.26209704116e-21],"var":[0.000504264084157,0.000625376764219,0.0000387641048292,0.0000120422464533,0.0000146365064211,0.0000169484173966,0.00000453148959423,0.00000466662640974,0.0000129541185743,0.00000619294632997,0.0000167918915395,0.0000114320455396,0.00000308846665575,0.00000152184134095,0.00000169657801052,0.00000100137867776,5.21277137011e-8,1.8784318101e-8,1.94577740587e-8,2.42505269199e-8,4.26562536404e-8,1.67186389177e-8,1.192922916e-8,9.45210576475e-10,2.75507481412e-11,1.42323468566e-8,7.80542563916e-7]},"barkbands_crest":{"dmean":1.91419458389,"dmean2":3.02849698067,"dvar":3.24151015282,"dvar2":7.88384914398,"max":24.0966682434,"mean":9.79956817627,"median":9.22583580017,"min":2.75321674347,"var":15.0469655991},"barkbands_flatness_db":{"dmean":0.0171365793794,"dmean2":0.0260424874723,"dvar":0.000278726074612,"dvar2":0.000615290540736,"max":0.339086532593,"mean":0.128194868565,"median":0.124151349068,"min":0.0304534416646,"var":0.00150839181151},"barkbands_kurtosis":{"dmean":2.28701996803,"dmean2":3.49765372276,"dvar":30.3249702454,"dvar2":64.4802780151,"max":221.10609436,"mean":4.31344890594,"median":2.22476458549,"min":-1.52133882046,"var":61.7377166748},"barkbands_skewness":{"dmean":0.413889080286,"dmean2":0.626760065556,"dvar":0.256461888552,"dvar2":0.505099415779,"max":12.4620046616,"mean":1.61574530602,"median":1.43298089504,"min":-2.09032201767,"var":1.24622809887},"barkbands_spread":{"dmean":5.16256570816,"dmean2":8.0015001297,"dvar":27.9164009094,"dvar2":61.7615432739,"max":96.3033905029,"mean":30.2484779358,"median":28.7813568115,"min":1.47115206718,"var":162.242752075},"dissonance":{"dmean":0.0158916004002,"dmean2":0.0273318588734,"dvar":0.000262237794232,"dvar2":0.000739524955861,"max":0.500000119209,"mean":0.476523816586,"median":0.481987863779,"min":0.314301073551,"var":0.00039550231304},"dynamic_complexity":3.05237102509,"erbbands":{"dmean":[0.3838532269,1.00734138489,2.49017310143,3.86256885529,5.69471740723,4.18913602829,5.23261022568,10.0691156387,10.9953670502,12.5752696991,17.5463562012,24.1838607788,16.3167972565,33.6760826111,49.0242462158,57.5405082703,28.325717926,23.7629127502,24.8829536438,33.3050613403,17.9514465332,4.80018281937,3.05231261253,2.63278675079,2.48716974258,2.28544139862,1.7338539362,2.20667529106,1.38333654404,0.858749330044,0.725331664085,0.319515883923,0.0772682130337,0.0312679372728,0.0184045676142,0.0192072447389,0.0594720244408,0.0467645376921,0.0186006147414,0.0059745516628],"dmean2":[0.581368684769,1.68996393681,4.16974639893,6.26962661743,9.22169685364,6.86717033386,8.44337177277,15.6291656494,17.3379707336,20.2193145752,27.4881134033,37.3755645752,26.8787670135,54.188747406,79.2293014526,93.5882797241,47.1559333801,38.7675476074,41.0298728943,55.1139755249,29.5165729523,7.66154241562,4.8770980835,4.21504211426,3.86230897903,3.60329294205,2.67228913307,3.43471074104,2.02170944214,1.19652187824,1.13887703419,0.533945441246,0.125692665577,0.051100153476,0.0303426813334,0.030871855095,0.0963376909494,0.0644428506494,0.0262148305774,0.0088952453807],"dvar":[1.29403066635,6.53923368454,50.0235023499,77.7597045898,174.914382935,84.610496521,105.275230408,582.32409668,527.223022461,640.841491699,968.510314941,3154.12451172,619.686889648,5103.71679688,8819.39355469,11683.890625,2970.67138672,1555.64379883,1648.30700684,3136.24951172,637.223266602,47.2942390442,18.4477024078,16.179485321,17.3096160889,16.296043396,9.94720935822,49.5059623718,8.59599304199,6.13389348984,11.5092983246,2.40161943436,0.0536223836243,0.00356301246211,0.00121384626254,0.00335880741477,0.0862039402127,0.0193638391793,0.00147022609599,0.0000574304285692],"dvar2":[2.72617983818,17.3918094635,138.436294556,210.875839233,447.41998291,208.456756592,261.835601807,1304.0168457,1158.89343262,1534.64575195,2127.50512695,5640.67236328,1643.78491211,12403.8652344,21495.3828125,27898.65625,7980.78613281,4037.4597168,4448.94775391,8288.10742188,1688.29675293,119.829406738,46.8282432556,39.2440910339,38.5497283936,38.0698051453,22.2725963593,122.340499878,17.7233104706,11.9402351379,29.156709671,6.39865016937,0.134643420577,0.00870303157717,0.00298309954815,0.00826665107161,0.223410457373,0.0383053421974,0.0029245861806,0.000121875913464],"max":[22.348657608,46.1856002808,152.177947998,128.895324707,294.294921875,198.452926636,178.011611938,655.389282227,587.702880859,641.298461914,818.713439941,2454.20581055,477.5262146,2327.67797852,3390.56469727,2633.78320312,1452.01660156,1087.60424805,938.82635498,1121.22143555,809.124633789,161.703063965,70.7770462036,96.1132125854,71.6697311401,71.6700515747,60.6674880981,415.703765869,94.4967422485,71.8983688354,82.7329559326,31.3762187958,5.03852796555,0.889774143696,0.554820179939,1.46512448788,5.65896892548,3.20610308647,0.890767097473,0.16242133081],"mean":[0.851779043674,1.96794486046,3.72032594681,5.68468046188,8.16483211517,5.79711580276,7.49784183502,17.3664207458,19.326669693,23.3877372742,32.3941764832,45.7204971313,31.5802707672,60.254196167,96.4969177246,106.869674683,57.2250938416,50.8889541626,53.7831535339,68.9032440186,43.586643219,12.577331543,7.45784950256,6.29867744446,5.98076581955,5.49044370651,4.39762973785,5.06567382812,3.28847956657,1.63604259491,0.818297326565,0.302063792944,0.0871178805828,0.0347447171807,0.0195895992219,0.0216723065823,0.061380315572,0.100385479629,0.0606386177242,0.0255267098546],"median":[0.431182682514,1.10620546341,1.79971456528,3.0834414959,3.51787281036,2.48789954185,3.49276328087,5.8610496521,7.31789445877,12.024017334,17.7734184265,22.6309013367,18.3119544983,29.5227012634,59.916633606,65.6082382202,35.4204940796,31.3740310669,36.0197219849,46.7342300415,34.3644828796,8.77718067169,4.6632475853,3.95878052711,3.3787021637,2.98846888542,2.36016178131,2.49921560287,1.55324816704,0.546881079674,0.177178919315,0.0691040754318,0.0306968390942,0.0137007739395,0.00726265460253,0.00768230902031,0.0126052768901,0.036637313664,0.0338497832417,0.0197086464614],"min":[3.2450950753e-22,2.28406094824e-21,4.37716555571e-21,2.72825556394e-20,1.88541377282e-20,7.32784764377e-20,2.41737717905e-19,1.01570224736e-19,3.84738143113e-19,2.91515043175e-19,2.81875829948e-19,6.00593147007e-19,6.08280033042e-19,2.19150294999e-18,1.62772725015e-18,1.32711544329e-18,2.71177411948e-18,2.26066103946e-18,2.16976919298e-18,4.24195878423e-18,4.96589939812e-18,5.43211245343e-18,7.58338671509e-18,8.64989218555e-18,7.799322214e-18,1.01249818652e-17,1.06210743386e-17,1.44469128847e-17,1.26982654774e-17,1.43820420723e-17,1.52157838815e-17,9.35523984723e-18,1.28950227938e-17,1.02613128107e-17,7.09498453986e-18,4.60867111083e-18,2.60632865051e-18,1.13533051634e-18,3.15032511773e-19,2.96922426237e-20],"var":[2.51861453056,8.7365436554,43.3141059875,86.7914276123,239.451034546,108.507331848,146.592025757,1572.74584961,1492.35400391,1861.77355957,2544.52905273,9511.84082031,1451.31982422,11017.9179688,24806.7246094,22240.3457031,5731.61035156,3886.91601562,4040.21362305,6742.02636719,1744.61657715,156.535812378,60.7171516418,48.7622489929,52.7012939453,49.0624961853,31.8355865479,97.0346298218,28.1137695312,12.8650875092,9.85509395599,1.71761131287,0.0483309142292,0.00404715025797,0.00135302497074,0.00310528301634,0.0677180960774,0.0400180518627,0.00561492564157,0.000451871164842]},"erbbands_crest":{"dmean":2.36261558533,"dmean2":3.82247948647,"dvar":5.1200928688,"dvar2":12.5871372223,"max":31.0551452637,"mean":8.80445671082,"median":7.81464767456,"min":2.55609035492,"var":14.5225944519},"erbbands_flatness_db":{"dmean":0.0179480835795,"dmean2":0.0273206401616,"dvar":0.000266085204203,"dvar2":0.000550799595658,"max":0.317134857178,"mean":0.158749639988,"median":0.157350614667,"min":0.0414099693298,"var":0.00133176113013},"erbbands_kurtosis":{"dmean":0.767318129539,"dmean2":1.22239768505,"dvar":0.854903995991,"dvar2":2.10451674461,"max":21.2055187225,"mean":1.01236760616,"median":0.766534805298,"min":-1.36415576935,"var":2.17275738716},"erbbands_skewness":{"dmean":0.267850875854,"dmean2":0.41851529479,"dvar":0.0540006943047,"dvar2":0.128155916929,"max":3.1328060627,"mean":-0.139593347907,"median":-0.176923781633,"min":-2.823179245,"var":0.216104879975},"erbbands_spread":{"dmean":4.29489469528,"dmean2":6.54449748993,"dvar":22.0295810699,"dvar2":45.8439369202,"max":106.111076355,"mean":21.9447460175,"median":20.2008132935,"min":3.04671549797,"var":87.8435974121},"gfcc":{"cov":[[5601.21386719,191.889755249,60.2132911682,33.1507339478,-192.833877563,237.502670288,59.281917572,-80.4954910278,58.2457618713,-28.8030872345,-85.8985900879,148.189819336,-22.9550228119],[191.889755249,824.848022461,87.0992660522,-145.750366211,118.743011475,109.894104004,-4.23414993286,47.2891426086,42.5267753601,25.9462528229,4.75053882599,-35.3849258423,100.055831909],[60.2132911682,87.0992660522,271.701782227,112.547607422,-12.726360321,95.2299804688,-38.2239379883,74.3284912109,-24.3195953369,4.58129405975,-2.09746718407,10.1098241806,-18.0039463043],[33.1507339478,-145.750366211,112.547607422,200.559310913,34.6111984253,-14.7866249084,56.6884880066,5.29658269882,-1.92804718018,-7.48291063309,-0.082051128149,27.5942363739,-54.8097496033],[-192.833877563,118.743011475,-12.726360321,34.6111984253,133.958374023,19.5542316437,60.0178604126,13.2666559219,24.8345470428,5.36263132095,6.48980760574,-4.50557184219,20.3798141479],[237.502670288,109.894104004,95.2299804688,-14.7866249084,19.5542316437,200.715393066,-24.5970973969,85.2360229492,-4.22713804245,18.5879516602,-3.16596841812,10.1282634735,41.2686767578],[59.281917572,-4.23414993286,-38.2239379883,56.6884880066,60.0178604126,-24.5970973969,155.352416992,-11.4865493774,48.3863754272,-3.10663962364,-2.99824333191,24.5920314789,-23.7501983643],[-80.4954910278,47.2891426086,74.3284912109,5.29658269882,13.2666559219,85.2360229492,-11.4865493774,122.258834839,8.0593662262,16.68085289,11.9912405014,-12.0798091888,19.5591640472],[58.2457618713,42.5267753601,-24.3195953369,-1.92804718018,24.8345470428,-4.22713804245,48.3863754272,8.0593662262,72.8890380859,29.6354026794,8.73713111877,16.2699298859,-3.18700623512],[-28.8030872345,25.9462528229,4.58129405975,-7.48291063309,5.36263132095,18.5879516602,-3.10663962364,16.68085289,29.6354026794,59.3761672974,29.8318481445,10.7792062759,14.5243282318],[-85.8985900879,4.75053882599,-2.09746718407,-0.082051128149,6.48980760574,-3.16596841812,-2.99824333191,11.9912405014,8.73713111877,29.8318481445,52.9662246704,25.5625171661,10.6164197922],[148.189819336,-35.3849258423,10.1098241806,27.5942363739,-4.50557184219,10.1282634735,24.5920314789,-12.0798091888,16.2699298859,10.7792062759,25.5625171661,69.4196166992,13.4955482483],[-22.9550228119,100.055831909,-18.0039463043,-54.8097496033,20.3798141479,41.2686767578,-23.7501983643,19.5591640472,-3.18700623512,14.5243282318,10.6164197922,13.4955482483,83.198890686]],"icov":[[0.000287314673187,-0.000406317471061,0.000684528029524,-0.000841113098431,0.00107570493128,-0.000714264111593,0.0000520658541063,0.000205019983696,-0.000228451928706,0.000141595635796,0.000511039339472,-0.000593332282733,0.00021695785108],[-0.000406317471061,0.00414998224005,-0.00595862139016,0.00647131633013,-0.00507446052507,0.00109409331344,-0.00153706781566,0.00219250982627,-0.00251314765774,0.00133758748416,-0.0026605615858,0.00365279847756,-0.00296586682089],[0.000684528029524,-0.00595862139016,0.0172095615417,-0.0150724938139,0.00884099118412,-0.00484406808391,0.00520612485707,-0.00604092609137,0.00417180033401,-0.0024670092389,0.00522077037022,-0.0061596292071,0.00521629443392],[-0.000841113098431,0.00647131633013,-0.0150724938139,0.0248534101993,-0.01525877323,0.006865571253,-0.00491065578535,0.000099230586784,0.00382185867056,-0.00333085982129,0.00207451637834,-0.00499348668382,0.00527695566416],[0.00107570493128,-0.00507446052507,0.00884099118412,-0.01525877323,0.0229643024504,-0.00702039385214,-0.00337489321828,0.00213583977893,-0.00507691409439,0.0052641662769,-0.0059147044085,0.00788542348891,-0.00698583712801],[-0.000714264111593,0.00109409331344,-0.00484406808391,0.006865571253,-0.00702039385214,0.0130987428129,0.000316314952215,-0.00764170009643,0.00560774281621,-0.00658119656146,0.00805807765573,-0.00711843185127,0.000561118475161],[0.0000520658541063,-0.00153706781566,0.00520612485707,-0.00491065578535,-0.00337489321828,0.000316314952215,0.0141652328894,-0.00276429043151,-0.00474555091932,0.0014260787284,0.00475024618208,-0.00734857656062,0.00527281500399],[0.000205019983696,0.00219250982627,-0.00604092609137,0.000099230586784,0.00213583977893,-0.00764170009643,-0.00276429043151,0.019782723859,-0.0099927643314,0.00715779373422,-0.01339746546,0.0149822225794,-0.00834757927805],[-0.000228451928706,-0.00251314765774,0.00417180033401,0.00382185867056,-0.00507691409439,0.00560774281621,-0.00474555091932,-0.0099927643314,0.0348123200238,-0.0227501560003,0.015818271786,-0.0168826580048,0.0118615143001],[0.000141595635796,0.00133758748416,-0.0024670092389,-0.00333085982129,0.0052641662769,-0.00658119656146,0.0014260787284,0.00715779373422,-0.0227501560003,0.0403641685843,-0.0267028994858,0.0150533951819,-0.0105507513508],[0.000511039339472,-0.0026605615858,0.00522077037022,0.00207451637834,-0.0059147044085,0.00805807765573,0.00475024618208,-0.01339746546,0.015818271786,-0.0267028994858,0.0489909946918,-0.0294597297907,0.0115892356262],[-0.000593332282733,0.00365279847756,-0.0061596292071,-0.00499348668382,0.00788542348891,-0.00711843185127,-0.00734857656062,0.0149822225794,-0.0168826580048,0.0150533951819,-0.0294597297907,0.0434869043529,-0.0197690930218],[0.00021695785108,-0.00296586682089,0.00521629443392,0.00527695566416,-0.00698583712801,0.000561118475161,0.00527281500399,-0.00834757927805,0.0118615143001,-0.0105507513508,0.0115892356262,-0.0197690930218,0.0291758030653]],"mean":[20.4610290527,98.4708328247,-106.287826538,-11.6200551987,-2.77095293999,-9.30283641815,11.5951414108,-22.1048126221,6.39119672775,-2.64452242851,-8.95965671539,-1.21332597733,-3.72757148743]},"hfc":{"dmean":31.6553077698,"dmean2":46.2190895081,"dvar":3810.11157227,"dvar2":7735.71142578,"max":1821.07470703,"mean":117.777824402,"median":86.985244751,"min":1.14547110959e-16,"var":12121.3789062},"melbands":{"dmean":[0.0026788841933,0.00124741881154,0.000690273183864,0.000356510630809,0.000169781953446,0.000226958101848,0.000163036776939,0.000135990776471,0.000155247937073,0.000141425916809,0.0000825126844575,0.00013735119137,0.000174150802195,0.000170429120772,0.0000956293661147,0.0000586532987654,0.0000469084516226,0.00004651373456,0.0000394313938159,0.0000430519066867,0.0000197130448214,0.00000565899745197,0.00000443867020294,0.00000257253577729,0.00000241082966568,0.0000020234620024,0.00000194376684703,0.00000156722956035,0.00000125510359794,0.00000111164092687,0.00000160683168815,9.35645743994e-7,5.82702057272e-7,4.73210008067e-7,4.42900841335e-7,3.40596102433e-7,1.42542390336e-7,5.54244437012e-8,3.26242108883e-8,2.39973143579e-8],"dmean2":[0.00406600814313,0.00210715061985,0.00111484946683,0.000577837228775,0.000273987418041,0.000349906826159,0.0002561143192,0.000219398032641,0.000242975977017,0.000220221976633,0.000137013674248,0.000220427347813,0.00028347139596,0.000275751983281,0.000156385445734,0.0000964935097727,0.0000770481128711,0.0000769509351812,0.0000653442621115,0.0000715865389793,0.0000325101900671,0.00000922800245462,0.00000719352874512,0.00000414456417275,0.00000391815910916,0.00000319487207889,0.00000307240543407,0.00000252084601016,0.00000197373833544,0.00000175448587925,0.00000254535052591,0.00000141926363995,8.55002951994e-7,6.67703147883e-7,6.90991100782e-7,5.80025584895e-7,2.3821222328e-7,8.98567833474e-8,5.30670050125e-8,3.9492046966e-8],"dvar":[0.0000622034276603,0.0000100120087154,0.00000251826645581,6.72107375976e-7,1.04964613001e-7,2.89463201852e-7,1.02210940156e-7,7.30866958065e-8,7.22580821844e-8,9.92508120135e-8,1.57129012024e-8,9.02132697433e-8,1.43914590467e-7,8.92222047355e-8,2.91044717216e-8,1.070259259e-8,5.74053959923e-9,6.11890982327e-9,3.8227851995e-9,3.90396559524e-9,8.57282245192e-10,6.68966201878e-11,4.77739098281e-11,1.41510006837e-11,1.38628969415e-11,1.14155299796e-11,1.24022519685e-11,7.2988915259e-12,5.00518376745e-12,4.35347678046e-12,3.9324377088e-11,3.79591497124e-12,1.91145363426e-12,2.31634329773e-12,4.1498310864e-12,3.17572292248e-12,4.27379242022e-13,2.76400657326e-14,4.61861358688e-15,2.07879228256e-15],"dvar2":[0.000127564213471,0.0000274757385341,0.00000671794987284,0.00000165091501003,2.57115516433e-7,6.38518486085e-7,2.24558874606e-7,1.67566668097e-7,1.57610585916e-7,1.80075190315e-7,4.18563779192e-8,2.17983398443e-7,3.63382639534e-7,2.18769642402e-7,7.49792405941e-8,2.74251767962e-8,1.51511176938e-8,1.64316240614e-8,1.00198649378e-8,1.06034114822e-8,2.25253748987e-9,1.73940056802e-10,1.2491502277e-10,3.52406645532e-11,3.47887933738e-11,2.70721361995e-11,2.91688027898e-11,1.75611088171e-11,1.13744551972e-11,1.05558669444e-11,1.00979342943e-10,8.59709439055e-12,3.90340841247e-12,4.65157122889e-12,1.03371955093e-11,8.56482593181e-12,1.13820823426e-12,6.95163056893e-14,1.12447867383e-14,5.11470892562e-15],"max":[0.170609921217,0.0588696710765,0.0269092638046,0.0154023915529,0.00529266009107,0.0155154550448,0.00832588877529,0.00855174940079,0.00559946149588,0.0138661973178,0.0023654953111,0.00975352339447,0.0103467656299,0.00640045804903,0.00356967793778,0.00240615312941,0.00186655600555,0.00206341012381,0.00134916079696,0.000932789000217,0.00098128116224,0.000168903512531,0.00013613232295,0.0000734018467483,0.0000814502855064,0.0000573531651753,0.0000734488421585,0.0000441604206571,0.0000401056277042,0.0000377757387469,0.00038134038914,0.000048349294957,0.0000307758127747,0.0000440332187281,0.0000525584619027,0.0000367917200492,0.0000154265526362,0.0000038337557271,0.00000142817088999,7.21030801287e-7],"mean":[0.00624301191419,0.00218790140934,0.00107894383837,0.000524509698153,0.00024564054911,0.000399559794459,0.000294191209832,0.000250560755376,0.000287281844066,0.000267023511697,0.000150528081576,0.00023302329646,0.000314870558213,0.000313214666676,0.000179581067641,0.000111541601655,0.0000912043105927,0.0000885050030774,0.000080166682892,0.0000891068048077,0.0000421972763434,0.0000121954681163,0.00000879494928085,0.00000533035426997,0.0000050477788136,0.00000446591639047,0.00000412493272961,0.00000349265769728,0.0000028389772524,0.00000247799903264,0.00000321505353895,0.00000205371770789,0.00000117077058803,7.85179167906e-7,5.01260046804e-7,2.99940268178e-7,1.37068113304e-7,6.31064693835e-8,3.67761998632e-8,2.59660168922e-8],"median":[0.00325639918447,0.00112554361112,0.000593318254687,0.000216562591959,0.000117153773317,0.000133140041726,0.000116547445941,0.000134458925459,0.000152333610458,0.000133693596581,0.00008361053915,0.000108015548903,0.0001640158589,0.000198572932277,0.00010859358008,0.0000618232661509,0.000053549232689,0.0000532353078597,0.0000545010479982,0.0000639523132122,0.000030835843063,0.00000806808748166,0.00000495954282087,0.00000309697361445,0.00000309872984872,0.00000247012508225,0.00000225192729886,0.00000188602371054,0.00000149458651322,0.00000131894603328,0.00000147064122302,9.67982714428e-7,4.43753066293e-7,2.17508869582e-7,1.01817420273e-7,5.47235039505e-8,3.45362671794e-8,2.2293669133e-8,1.44816851844e-8,9.93262894156e-9],"min":[2.96791600093e-24,3.74778586398e-24,5.68531620519e-24,2.24608342353e-24,7.49776397241e-24,2.53839070436e-24,5.61863892047e-24,2.97594640773e-24,2.09814557696e-24,3.92630193139e-24,2.95113278795e-24,7.70710162425e-24,5.19060890975e-24,5.75408988777e-24,2.39010142026e-24,4.45694223549e-24,3.75905276986e-24,3.39504434363e-24,4.73246768386e-24,3.70944643512e-24,6.93470819043e-24,5.08592706763e-24,6.89471530911e-24,6.5417682905e-24,5.04666664367e-24,5.42550289391e-24,6.78999875711e-24,5.29911791056e-24,5.4116023759e-24,8.54909783346e-24,7.8294791942e-24,7.18989838238e-24,5.72236702976e-24,8.55702982987e-24,8.42013564154e-24,6.97446678005e-24,4.40429602526e-24,8.27161048803e-24,7.93238215498e-24,8.87384899118e-24],"var":[0.000127001272631,0.0000105285716927,0.00000293896141557,9.60096485869e-7,1.48623399809e-7,8.10647406979e-7,2.97796134419e-7,2.01716844117e-7,2.0462718453e-7,2.98427551115e-7,3.52037226037e-8,1.89897193081e-7,3.80753903073e-7,1.68420100977e-7,5.62330875198e-8,2.32350867435e-8,1.29673010107e-8,1.33846969064e-8,8.61767102123e-9,9.04370534016e-9,2.08503969645e-9,1.7425468013e-10,1.17238663222e-10,3.80910893105e-11,3.5030704032e-11,3.20339310633e-11,2.99393808356e-11,2.0451390581e-11,1.44422798373e-11,1.15786113336e-11,6.10633765774e-11,1.12645353115e-11,4.90626593172e-12,4.05274078186e-12,3.67216413527e-12,2.18104982859e-12,3.07464719917e-13,2.50700864555e-14,5.05786242695e-15,2.32565982328e-15]},"melbands_crest":{"dmean":2.92655086517,"dmean2":4.58841323853,"dvar":8.67396831512,"dvar2":19.5063915253,"max":38.5133895874,"mean":16.6682624817,"median":15.2721500397,"min":1.93296301365,"var":59.5861167908},"melbands_flatness_db":{"dmean":0.0215263850987,"dmean2":0.0327516868711,"dvar":0.000442827265942,"dvar2":0.000984975835308,"max":0.466188788414,"mean":0.232496827841,"median":0.233315974474,"min":0.00412944145501,"var":0.00333889387548},"melbands_kurtosis":{"dmean":3.77974128723,"dmean2":5.84308242798,"dvar":127.015769958,"dvar2":275.783966064,"max":518.330322266,"mean":6.3497877121,"median":2.271068573,"min":-1.69550442696,"var":228.544631958},"melbands_skewness":{"dmean":0.533937573433,"dmean2":0.815641224384,"dvar":0.446633368731,"dvar2":0.913685023785,"max":18.6630325317,"mean":1.94866847992,"median":1.63699817657,"min":-0.781938195229,"var":2.18912291527},"melbands_spread":{"dmean":4.80955457687,"dmean2":7.46409082413,"dvar":25.0773525238,"dvar2":55.3517227173,"max":160.373657227,"mean":25.279964447,"median":23.5398254395,"min":0.52865922451,"var":191.473693848},"mfcc":{"cov":[[3932.97290039,35.854221344,269.582580566,-100.885299683,-123.735565186,235.552276611,-92.3708343506,182.466918945,-15.8925676346,28.1173973083,-81.6674804688,16.9306583405,-43.3154525757],[35.854221344,840.191101074,9.74758148193,-143.66519165,104.209457397,26.4567546844,45.050579071,-45.4940338135,140.221252441,-46.0913963318,2.9095852375,56.6756401062,64.0481262207],[269.582580566,9.74758148193,313.016815186,-9.3219871521,78.3851776123,1.80147969723,23.7837276459,42.7969665527,-8.33806419373,18.1906299591,-18.310552597,19.7091293335,20.3558006287],[-100.885299683,-143.66519165,-9.3219871521,264.062927246,-43.9569320679,28.6296920776,3.38885736465,39.9332122803,-40.3129653931,24.3717441559,17.3630161285,-13.021946907,8.76747512817],[-123.735565186,104.209457397,78.3851776123,-43.9569320679,140.092300415,-2.97649884224,46.1891059875,-0.735505580902,36.8340339661,-1.25090932846,-1.29681503773,14.3766536713,18.1571846008],[235.552276611,26.4567546844,1.80147969723,28.6296920776,-2.97649884224,106.949409485,12.8596630096,34.2579612732,16.2195644379,8.22186279297,-1.26749432087,3.42193603516,9.36917114258],[-92.3708343506,45.050579071,23.7837276459,3.38885736465,46.1891059875,12.8596630096,83.2568054199,28.4556789398,34.1049156189,4.17486095428,6.6162686348,6.31270647049,14.0175390244],[182.466918945,-45.4940338135,42.7969665527,39.9332122803,-0.735505580902,34.2579612732,28.4556789398,99.3664474487,14.6739006042,30.2260150909,-5.71688461304,6.07060146332,12.7289447784],[-15.8925676346,140.221252441,-8.33806419373,-40.3129653931,36.8340339661,16.2195644379,34.1049156189,14.6739006042,94.029258728,10.1954936981,11.9802827835,13.2478466034,17.4596366882],[28.1173973083,-46.0913963318,18.1906299591,24.3717441559,-1.25090932846,8.22186279297,4.17486095428,30.2260150909,10.1954936981,63.6462440491,14.3214006424,6.03474807739,5.39514350891],[-81.6674804688,2.9095852375,-18.310552597,17.3630161285,-1.29681503773,-1.26749432087,6.6162686348,-5.71688461304,11.9802827835,14.3214006424,51.2642745972,19.236492157,10.8308029175],[16.9306583405,56.6756401062,19.7091293335,-13.021946907,14.3766536713,3.42193603516,6.31270647049,6.07060146332,13.2478466034,6.03474807739,19.236492157,55.3515815735,33.1494178772],[-43.3154525757,64.0481262207,20.3558006287,8.76747512817,18.1571846008,9.36917114258,14.0175390244,12.7289447784,17.4596366882,5.39514350891,10.8308029175,33.1494178772,67.6858825684]],"icov":[[0.000417288043536,-0.0000871113006724,-0.000426631682785,0.000328613416059,0.000505443895236,-0.000861281179823,0.00060321285855,-0.000699038326275,0.0000535803519597,0.0000918734731385,0.000199701389647,-0.000275343394605,0.000507130112965],[-0.0000871113006724,0.00209493422881,-0.0000152979828272,0.000210685262573,-0.000505073112436,-0.000384450278943,-0.0000852663506521,0.00146967801265,-0.00286669400521,0.00130962836556,0.000778627814725,-0.00115577375982,-0.0010542718228],[-0.000426631682785,-0.0000152979828272,0.00491201225668,-0.000184664255357,-0.00332535686903,0.00117969175335,-0.000431479944382,-0.00124582904391,0.0020023919642,-0.00123089097906,0.00143279065378,-0.00103278493043,-0.000801324145868],[0.000328613416059,0.000210685262573,-0.000184664255357,0.00562996882945,0.00127118942328,-0.00181805435568,-0.000394159927964,-0.00224350136705,0.00283323507756,-0.000677430594806,-0.00272910739295,0.00252464762889,-0.00172519253101],[0.000505443895236,-0.000505073112436,-0.00332535686903,0.00127118942328,0.0125502897426,-0.000557374383789,-0.00490700174123,0.00202969321981,-0.00225049466826,-0.000293159624562,0.00133469188586,-0.000792097242083,-0.000239985471126],[-0.000861281179823,-0.000384450278943,0.00117969175335,-0.00181805435568,-0.000557374383789,0.0129292327911,-0.0012655465398,-0.00215906254016,-0.0013509793207,0.0000994140136754,0.000279945408693,0.000480825518025,-0.00121843081433],[0.00060321285855,-0.0000852663506521,-0.000431479944382,-0.000394159927964,-0.00490700174123,-0.0012655465398,0.0197146739811,-0.00660924706608,-0.00409983890131,0.00304236682132,-0.00293478765525,0.00157462863717,-0.000187391386135],[-0.000699038326275,0.00146967801265,-0.00124582904391,-0.00224350136705,0.00202969321981,-0.00215906254016,-0.00660924706608,0.0193087570369,-0.0038112688344,-0.00618671765551,0.00608895998448,-0.00248824176379,-0.0019602633547],[0.0000535803519597,-0.00286669400521,0.0020023919642,0.00283323507756,-0.00225049466826,-0.0013509793207,-0.00409983890131,-0.0038112688344,0.0203910022974,-0.00397354504094,-0.00419264659286,0.00214891997166,-0.00119046180043],[0.0000918734731385,0.00130962836556,-0.00123089097906,-0.000677430594806,-0.000293159624562,0.0000994140136754,0.00304236682132,-0.00618671765551,-0.00397354504094,0.0220324210823,-0.00649372022599,0.0000100617889984,0.000178738686373],[0.000199701389647,0.000778627814725,0.00143279065378,-0.00272910739295,0.00133469188586,0.000279945408693,-0.00293478765525,0.00608895998448,-0.00419264659286,-0.00649372022599,0.0293213482946,-0.0118348589167,0.00108293234371],[-0.000275343394605,-0.00115577375982,-0.00103278493043,0.00252464762889,-0.000792097242083,0.000480825518025,0.00157462863717,-0.00248824176379,0.00214891997166,0.0000100617889984,-0.0118348589167,0.0320491939783,-0.0131687764078],[0.000507130112965,-0.0010542718228,-0.000801324145868,-0.00172519253101,-0.000239985471126,-0.00121843081433,-0.000187391386135,-0.0019602633547,-0.00119046180043,0.000178738686373,0.00108293234371,-0.0131687764078,0.0237702280283]],"mean":[-643.19519043,167.363998413,-36.5762214661,21.6193656921,-4.79606342316,29.9288806915,1.41587114334,5.49511623383,11.3506603241,4.93974685669,1.26326036453,3.79613614082,8.53835105896]},"pitch_salience":{"dmean":0.0586760342121,"dmean2":0.0924378558993,"dvar":0.00288811139762,"dvar2":0.00662528024986,"max":0.881910741329,"mean":0.526377081871,"median":0.543308973312,"min":0.110284745693,"var":0.0142047405243},"silence_rate_20dB":{"dmean":0.00657403236255,"dmean2":0.0131500298157,"dvar":0.00653058709577,"dvar2":0.0174609944224,"max":1,"mean":0.99507021904,"median":1,"min":0,"var":0.00490552186966},"silence_rate_30dB":{"dmean":0.0555804558098,"dmean2":0.111177526414,"dvar":0.0524877235293,"dvar2":0.114963956177,"max":1,"mean":0.904840171337,"median":1,"min":0,"var":0.0861026272178},"silence_rate_60dB":{"dmean":0.00268937693909,"dmean2":0.00537955760956,"dvar":0.00268252776004,"dvar2":0.00535209150985,"max":1,"mean":0.046608902514,"median":0,"min":0,"var":0.0444311052561},"spectral_centroid":{"dmean":145.504684448,"dmean2":224.884765625,"dvar":30296.3613281,"dvar2":58556.3789062,"max":11523.1054688,"mean":1268.14697266,"median":1182.76623535,"min":382.848114014,"var":326847.59375},"spectral_complexity":{"dmean":2.83998203278,"dmean2":4.56634807587,"dvar":6.36520004272,"dvar2":14.4846162796,"max":51,"mean":23.4217205048,"median":24,"min":0,"var":73.6508331299},"spectral_contrast_coeffs":{"dmean":[0.0472338758409,0.0457789078355,0.0382329374552,0.0280951149762,0.0196491070092,0.0377236120403],"dmean2":[0.0772443041205,0.0760261565447,0.063356757164,0.0470953211188,0.0326296277344,0.0599571280181],"dvar":[0.00146626168862,0.00127371167764,0.000898465223145,0.000487403158331,0.00024700225913,0.000934731273446],"dvar2":[0.00385324354284,0.0034885792993,0.00243319361471,0.00135853362735,0.000659049779642,0.00231361505575],"max":[-0.423960089684,-0.520877361298,-0.542695105076,-0.611169397831,-0.692228376865,-0.546639502048],"mean":[-0.715314626694,-0.776403009892,-0.778933346272,-0.790054798126,-0.805776715279,-0.705078244209],"median":[-0.72216206789,-0.785133421421,-0.783532738686,-0.79415345192,-0.807949781418,-0.700283110142],"min":[-0.977954864502,-0.970024943352,-0.972111165524,-0.969030022621,-0.966514766216,-0.962775468826],"var":[0.00479099201038,0.00397289730608,0.00270611280575,0.00147590134293,0.000778669666033,0.0036290299613]},"spectral_contrast_valleys":{"dmean":[0.329714983702,0.327884316444,0.268724352121,0.209338024259,0.210944116116,0.541621625423],"dmean2":[0.541511178017,0.538651287556,0.438664764166,0.342415809631,0.321681439877,0.847835481167],"dvar":[0.110309869051,0.102667286992,0.0775534361601,0.0583173781633,0.077857606113,0.216080963612],"dvar2":[0.223799332976,0.208331331611,0.145426943898,0.0972974747419,0.12234852463,0.519206821918],"max":[-4.73608064651,-4.61356306076,-5.07832956314,-5.51693677902,-6.05527734756,-8.87181758881],"mean":[-6.75160932541,-6.33484745026,-6.46002674103,-6.79032659531,-7.5959277153,-11.1399765015],"median":[-6.56387281418,-6.20446300507,-6.28491210938,-6.64068555832,-7.52005195618,-11.0916290283],"min":[-27.6993999481,-27.531671524,-27.3198947906,-27.5644874573,-27.3704586029,-27.3495807648],"var":[1.31673955917,1.05978024006,1.09982645512,0.925838947296,0.864459812641,0.967960476875]},"spectral_decrease":{"dmean":3.84669451847e-9,"dmean2":5.76262593199e-9,"dvar":7.14630315593e-17,"dvar2":1.47956168276e-16,"max":1.36555184937e-8,"mean":-1.14641114379e-8,"median":-8.4211109197e-9,"min":-1.98322979372e-7,"var":1.60999562456e-16},"spectral_energy":{"dmean":0.0160486139357,"dmean2":0.0234623476863,"dvar":0.00117324129678,"dvar2":0.00237978599034,"max":0.789146304131,"mean":0.0539509505033,"median":0.0413352996111,"min":1.00579338295e-20,"var":0.00285209855065},"spectral_energyband_high":{"dmean":0.000270748103503,"dmean2":0.000377870775992,"dvar":3.10002263859e-7,"dvar2":5.88890486597e-7,"max":0.0134621923789,"mean":0.000905255379621,"median":0.000560697517358,"min":7.25649604579e-21,"var":0.00000109332677312},"spectral_energyband_low":{"dmean":0.011276983656,"dmean2":0.0171755645424,"dvar":0.000860212079715,"dvar2":0.00176363892388,"max":0.636250793934,"mean":0.0269017275423,"median":0.0156445428729,"min":3.24160837321e-23,"var":0.00177883391734},"spectral_energyband_middle_high":{"dmean":0.0029713998083,"dmean2":0.00469083013013,"dvar":0.0000172286163433,"dvar2":0.000041798579332,"max":0.0901530236006,"mean":0.0106367366388,"median":0.00860959570855,"min":1.23235209427e-21,"var":0.000083765546151},"spectral_energyband_middle_low":{"dmean":0.00413376558572,"dmean2":0.0063170553185,"dvar":0.0000477631547255,"dvar2":0.000107752915937,"max":0.123154781759,"mean":0.0107470704243,"median":0.00725953886285,"min":2.84262228042e-22,"var":0.000121576573292},"spectral_entropy":{"dmean":0.11134120822,"dmean2":0.16914691031,"dvar":0.0125428531319,"dvar2":0.0264400336891,"max":9.82469749451,"mean":7.55438232422,"median":7.57267951965,"min":6.48761844635,"var":0.0747010037303},"spectral_flux":{"dmean":0.024081831798,"dmean2":0.0384346246719,"dvar":0.00124163297005,"dvar2":0.00285228108987,"max":0.544839203358,"mean":0.10318005085,"median":0.0955132991076,"min":6.54970175318e-11,"var":0.00373796536587},"spectral_kurtosis":{"dmean":3.70258140564,"dmean2":5.71841144562,"dvar":17.4253959656,"dvar2":41.2440452576,"max":79.5853881836,"mean":20.3108081818,"median":19.3929538727,"min":-1.25543093681,"var":55.0234832764},"spectral_rms":{"dmean":0.000887391739525,"dmean2":0.00127362180501,"dvar":0.00000180889378498,"dvar2":0.00000339424900631,"max":0.0277470499277,"mean":0.00662176916376,"median":0.00635036360472,"min":3.13250987649e-12,"var":0.00000878727769305},"spectral_rolloff":{"dmean":1886.03955078,"dmean2":3529.48681641,"dvar":22919098,"dvar2":59483944,"max":21942.3339844,"mean":5294.62304688,"median":1614.99023438,"min":43.06640625,"var":58388444},"spectral_skewness":{"dmean":0.254807591438,"dmean2":0.391255021095,"dvar":0.0748925209045,"dvar2":0.160953700542,"max":6.77796077728,"mean":3.04324293137,"median":2.99460411072,"min":-0.0495774187148,"var":0.355375379324},"spectral_spread":{"dmean":394896.28125,"dmean2":600587.3125,"dvar":332403572736,"dvar2":637598695424,"max":42872956,"mean":3609864,"median":3522596.5,"min":1386214.875,"var":2413121765380},"spectral_strongpeak":{"dmean":1.09131336212,"dmean2":1.96288084984,"dvar":31.8284378052,"dvar2":82.2592391968,"max":212.690383911,"mean":1.22880136967,"median":0.234913975,"min":0,"var":42.7461128235},"zerocrossingrate":{"dmean":0.0224329959601,"dmean2":0.0283185616136,"dvar":0.000440306670498,"dvar2":0.000678174314089,"max":0.64990234375,"mean":0.186584487557,"median":0.166015625,"min":0.01220703125,"var":0.00831892620772}},"metadata":{"audio_properties":{"analysis_sample_rate":44100,"bit_rate":320000,"codec":"mp3","downmix":"mix","equal_loudness":0,"length":155.403518677,"lossless":false,"md5_encoded":"5e4324f9e870e0ce0af871cd1680b873","replay_gain":3.54086875916,"sample_rate":44100},"tags":{"album":["Never Say Die!"],"artist":["Black Sabbath"],"date":["1978-09-28"],"file_name":"08 - Black Sabbath - Breakout.mp3","musicbrainz_albumid":["9f4ffafe-ab3d-4ce8-baf0-0d9b79708b80"],"musicbrainz_artistid":["5182c1d9-c7d2-4dad-afa0-ccfeada921a8"],"musicbrainz_recordingid":["29f362eb-6d0e-4ea3-9c9a-1b9a43aab721"],"title":["Breakout"],"tracknumber":["08/9"]},"version":{"essentia":"2.1-beta1","essentia_build_sha":"ca57ba49d9b1854bd80e60cf9ccf267278fb7d6b","essentia_git_sha":"v2.1_beta1-28-g21ef5f4-dirty","extractor":"music 1.0"}},"rhythm":{"beats_count":293,"beats_loudness":{"dmean":0.0870409682393,"dmean2":0.166213721037,"dvar":0.010917481035,"dvar2":0.0291143860668,"max":0.520976901054,"mean":0.0843809619546,"median":0.0555663071573,"min":0.000279683677945,"var":0.00821765325963},"beats_loudness_band_ratio":{"dmean":[0.225293844938,0.0706027969718,0.0653279498219,0.104403346777,0.0497449710965,0.0920459106565],"dmean2":[0.37977129221,0.122348375618,0.108945481479,0.186893984675,0.0891231149435,0.160077437758],"dvar":[0.0342316888273,0.00729405879974,0.00422602053732,0.00716730579734,0.00241500907578,0.00998109113425],"dvar2":[0.0986622273922,0.0203870218247,0.010737397708,0.0215008724481,0.00852849520743,0.0293834656477],"max":[0.934597611427,0.605920732021,0.550352334976,0.603771746159,0.301321566105,0.745618224144],"mean":[0.512821495533,0.0783735886216,0.0926492288709,0.1388155967,0.0647931993008,0.133363991976],"median":[0.523619055748,0.0494838245213,0.0694791078568,0.117724314332,0.0486555434763,0.0864041000605],"min":[0.00527740782127,0.00349553837441,0.00449787918478,0.0034534658771,0.00266762496904,0.013466370292],"var":[0.0640706270933,0.00662936503068,0.006213991