{"lowlevel":{"average_loudness":0.940089285374,"barkbands":{"dmean":[0.0000885650588316,0.00395029922947,0.00716333230957,0.00339643005282,0.00252545299008,0.000447831989732,0.000215611158637,0.0000918542718864,0.0000626614346402,0.000027994166885,0.0000133111807372,0.00000971525605564,0.00000572459657633,0.00000448493938165,0.00000969776283455,0.0000766558150644,0.00036146590719,0.000438702176325,0.000548327574506,0.000276608683635,0.000108165579149,0.000095800802228,0.0000619002021267,0.0000243390295509,0.00000560887019674,2.75334286925e-7,5.81802517274e-8],"dmean2":[0.000140967065818,0.00659961858764,0.0110393967479,0.00561457080767,0.00412775250152,0.000723355566151,0.000332308263751,0.000148935272591,0.000102237987448,0.000046269124141,0.0000225898875215,0.0000159330793394,0.00000957664360612,0.0000074260119618,0.0000156876485562,0.000126924729557,0.000603566877544,0.00073472521035,0.000916263321415,0.000465987221105,0.000177693276783,0.000151405358338,0.0000955520008574,0.0000365561427316,0.0000084008961494,4.29397829294e-7,9.97297959771e-8],"dvar":[4.87460773968e-8,0.0000283718054561,0.0000762381387176,0.0000282856071863,0.0000141948003147,4.09942060742e-7,8.72743015634e-8,2.22398348626e-8,1.07893010082e-8,3.16907966535e-9,5.39059907823e-10,4.08016953557e-10,1.15246479027e-10,8.2755011177e-11,5.93397775361e-10,1.30812782828e-8,1.83169063916e-7,2.42911397663e-7,3.76242780931e-7,1.24589618622e-7,1.74966636735e-8,2.27777210426e-8,1.02674189151e-8,1.55467216878e-9,1.18112242209e-10,2.4694542201e-13,1.97109691375e-15],"dvar2":[1.28006604427e-7,0.0000836973413243,0.000179092545295,0.0000765168151702,0.0000387502550439,0.00000113302326099,2.2453416193e-7,5.86955266613e-8,2.82835266319e-8,8.07796673996e-9,1.47607270851e-9,9.74310410129e-10,2.7261712332e-10,2.07531977714e-10,1.44113598832e-9,3.04784535388e-8,4.73667085998e-7,6.64857509491e-7,0.00000102341596175,3.35805395935e-7,4.62085338881e-8,5.47616174629e-8,2.36753727734e-8,3.28414606621e-9,2.38725789137e-10,5.25091255199e-13,5.81250737307e-15],"max":[0.00288300821558,0.061595864594,0.143422484398,0.0553741827607,0.0546350255609,0.0104665644467,0.00665331771597,0.0030470804777,0.00204769195989,0.00114932074212,0.00048434259952,0.000523343565874,0.000304131594021,0.000418295559939,0.000883385015186,0.00581123074517,0.0111870579422,0.0107638528571,0.0172730777413,0.0175078846514,0.00293091754429,0.00319354329258,0.00293805566616,0.00122247415129,0.000499845657032,0.0000250629946095,8.05647744073e-7],"mean":[0.000112297326268,0.00827734172344,0.0181489512324,0.00537755573168,0.00454704975709,0.000846183102112,0.000425197969889,0.000147877479321,0.000108970452857,0.0000444055622211,0.000020298652089,0.0000166872760019,0.00000980963341135,0.00000770922633819,0.0000164997582033,0.000157710295753,0.000916003831662,0.00120528554544,0.00164559786208,0.000851667136885,0.000358971679816,0.000283137778752,0.000194644686417,0.0000770105980337,0.0000167094422068,0.00000105195579181,5.33374077349e-7],"median":[0.0000113206488095,0.00588134955615,0.0134604889899,0.00325206806883,0.00303839356638,0.000628383015282,0.000312246615067,0.000101914942206,0.000075563613791,0.0000281887587334,0.0000134058491312,0.0000104221162474,0.00000671800944474,0.0000048795523071,0.00000745246279621,0.000114897557069,0.000810147204902,0.0010638544336,0.00152193126269,0.000812859274447,0.000287267874228,0.000165805526194,0.000106322557258,0.0000436994341726,0.00000848014951771,7.06020614416e-7,5.30377519681e-7],"min":[8.09819046207e-24,1.85607201194e-23,1.46188200413e-23,1.52078971891e-23,1.85050391612e-23,5.16673001127e-23,7.80563823992e-24,7.97687312117e-23,1.36673547087e-22,1.00358171232e-22,1.11542773675e-22,7.03004818394e-23,8.64370797287e-23,8.53017763574e-23,1.48341052311e-22,9.05083593061e-23,2.1968912881e-22,1.84640114522e-22,2.96551746934e-22,2.95887841596e-22,4.52863260505e-22,4.40917003391e-22,5.77338645103e-22,9.05509830385e-22,1.65060397528e-21,1.68841295513e-21,2.33916640395e-21],"var":[8.38808134063e-8,0.0000642416489427,0.000330961018335,0.0000420072501583,0.0000244175880653,6.3854002974e-7,1.89144387264e-7,2.85599242034e-8,1.57165693793e-8,4.46711512225e-9,6.52988718652e-10,8.63859539457e-10,2.08419143055e-10,1.35303671045e-10,1.34964006637e-9,5.4883599887e-8,6.33032129826e-7,8.20422883407e-7,0.00000127346027057,2.62995712319e-7,8.19423036091e-8,9.93829161189e-8,5.26829531111e-8,8.750946634e-9,4.80379624967e-10,7.46238411776e-13,3.84992525801e-15]},"barkbands_crest":{"dmean":2.30777049065,"dmean2":3.68955898285,"dvar":4.9156460762,"dvar2":13.2438306808,"max":24.5908584595,"mean":11.6412734985,"median":10.8951931,"min":3.58117818832,"var":18.1154575348},"barkbands_flatness_db":{"dmean":0.0195783805102,"dmean2":0.0301588419825,"dvar":0.000346982356859,"dvar2":0.000808338285424,"max":0.431708425283,"mean":0.197206228971,"median":0.192607164383,"min":0.0417322590947,"var":0.00199975725263},"barkbands_kurtosis":{"dmean":4.22110700607,"dmean2":6.37143850327,"dvar":103.14654541,"dvar2":199.651611328,"max":345.590698242,"mean":7.17450857162,"median":2.33138847351,"min":-1.92566621304,"var":353.166046143},"barkbands_skewness":{"dmean":0.6168384552,"dmean2":0.945240080357,"dvar":0.447923213243,"dvar2":0.969147920609,"max":16.2669696808,"mean":2.23980689049,"median":1.98393368721,"min":-4.35757827759,"var":2.84194898605},"barkbands_spread":{"dmean":6.80679225922,"dmean2":10.7810201645,"dvar":44.9848327637,"dvar2":114.030006409,"max":121.213783264,"mean":31.245923996,"median":30.7204189301,"min":0.594671308994,"var":230.101257324},"dissonance":{"dmean":0.00439460249618,"dmean2":0.0073693706654,"dvar":0.0000237761287281,"dvar2":0.0000666957930662,"max":0.500000178814,"mean":0.490912050009,"median":0.492056816816,"min":0.418519943953,"var":0.0000420997312176},"dynamic_complexity":1.62318396568,"erbbands":{"dmean":[0.0607621707022,1.14835739136,7.22814083099,9.18402004242,9.87068080902,8.36269950867,4.7341709137,3.48935985565,3.4295527935,2.34727621078,1.68820977211,1.44498324394,0.914955198765,0.744329929352,0.419989615679,0.381761908531,0.256360501051,0.195721969008,0.339270055294,0.958857119083,6.03971338272,20.064661026,23.0108795166,28.7533283234,22.9974079132,11.8334350586,5.81428003311,3.53132081032,3.07068872452,3.23749899864,1.6686617136,0.674249887466,0.351451933384,0.102776922286,0.0159396398813,0.00251727760769,0.000302921398543,0.0000554624821234,0.000012300740309,0.0000114469548862],"dmean2":[0.0998964682221,1.90752470493,11.2118701935,14.7210988998,16.5406112671,13.5327825546,7.2524895668,5.69434309006,5.21783685684,3.83705997467,2.73218274117,2.36237692833,1.5106651783,1.24097824097,0.710428893566,0.622409760952,0.427709966898,0.326041340828,0.545749843121,1.5260848999,9.97317314148,33.4068908691,38.460308075,48.19947052,38.4164199829,19.8017463684,9.6863117218,5.63862705231,4.86803102493,5.13315677643,2.57989382744,1.01914787292,0.537439644337,0.151839315891,0.0231653638184,0.0037403262686,0.000479599548271,0.0000934409690672,0.0000207490356843,0.0000179788112291],"dvar":[0.0155894160271,2.13547372818,73.3585891724,153.767120361,233.091079712,183.249847412,36.1687736511,34.8449630737,25.4973907471,11.9048137665,8.41948318481,5.75139808655,3.21115541458,1.7143137455,0.635805368423,0.663975834846,0.234723478556,0.112069115043,0.797523021698,5.03390645981,63.0291786194,512.804260254,671.176818848,1006.0411377,575.243408203,201.877166748,68.3201599121,24.3721160889,22.7954292297,31.1057109833,7.02173137665,1.08956515789,0.395916730165,0.04190325737,0.000661122379825,0.0000209172740142,1.47802865058e-7,2.03416128386e-9,8.89988638342e-11,1.37762787289e-10],"dvar2":[0.0444065444171,6.22618865967,176.71446228,414.517181396,641.781311035,484.40435791,94.4731903076,96.6677246094,63.3099937439,32.8461723328,22.5530223846,15.3428621292,8.39823627472,4.66908550262,1.72151243687,1.51225090027,0.549661874771,0.286256253719,2.0098464489,11.8079214096,151.493453979,1346.61694336,1797.75817871,2747.28564453,1581.08544922,540.840209961,183.602081299,60.7603988647,54.8794364929,74.0447921753,16.5764198303,2.44823336601,0.830411612988,0.0768307819963,0.00129581813235,0.0000419451098423,3.10950412086e-7,5.47329781497e-9,2.4642218821e-10,3.60566798641e-10],"max":[1.63569939137,17.2971496582,124.510887146,168.683151245,176.794448853,225.958572388,108.246231079,112.522293091,114.45916748,66.1974868774,70.5099945068,45.6766700745,33.8856506348,30.1184768677,15.8921480179,25.010175705,13.9672222137,5.37695217133,35.7913856506,65.5760269165,401.678985596,671.679931641,673.824279785,552.112487793,721.172363281,649.315856934,383.938446045,123.743713379,89.7042160034,129.815689087,61.0331764221,21.827413559,20.5406856537,9.77097511292,0.605549871922,0.2096260041,0.0105215702206,0.000913522497285,0.000182657589903,0.000179635171662],"mean":[0.104224160314,2.56463432312,18.8589115143,20.0959644318,16.8247375488,14.3013677597,9.94466304779,6.31878566742,6.65359640121,4.61620807648,2.93119859695,2.52968621254,1.58092653751,1.24423468113,0.711295902729,0.692489206791,0.482580333948,0.370527178049,0.655636250973,2.17130112648,15.6802463531,53.6800765991,66.4653396606,82.6905288696,70.6863861084,39.2784233093,19.9088401794,11.5481557846,9.12586307526,9.34881877899,5.09932041168,2.1878080368,1.05886089802,0.321786820889,0.0533960536122,0.00852578040212,0.00147234345786,0.000371749221813,0.000104250844743,0.0000598399128648],"median":[0.0539160519838,1.94287383556,14.4312858582,14.2859888077,10.8506164551,8.17114543915,6.7593998909,4.52040100098,4.48358726501,3.54231524467,2.10761857033,1.78454363346,1.0785535574,0.847143888474,0.460412144661,0.442565530539,0.335595548153,0.250263005495,0.31080955267,1.37891173363,13.1110496521,48.2888832092,59.9130439758,74.6288528442,66.39037323,37.5916862488,18.2034912109,7.7666478157,5.39832830429,5.10796976089,2.75307226181,1.21008086205,0.595839321613,0.170598819852,0.0274960901588,0.00478919083253,0.001166514121,0.000357467564754,0.000103773032606,0.0000582250067964],"min":[9.37634265929e-22,2.94288849572e-21,1.4687632214e-20,4.1735094076e-20,5.53119584366e-20,6.26264193254e-20,1.57563250085e-19,5.16954899019e-19,1.92095468644e-19,3.18779148809e-19,2.77326362429e-18,3.45361678298e-18,2.7547374669e-18,5.04825763581e-18,2.82578256215e-18,2.65512217369e-18,3.5923395212e-18,3.62715762113e-18,8.13955318047e-18,5.9691904854e-18,6.83719411555e-18,1.17042144112e-17,1.04929531607e-17,1.3540266685e-17,1.51704163336e-17,1.20226417239e-17,1.56001532054e-17,2.03703979189e-17,1.53374836563e-17,1.82581409396e-17,1.41038446887e-17,2.01319763422e-17,1.42593943485e-17,1.61404096789e-17,1.24956360059e-17,6.10301135131e-18,3.27733632264e-18,1.50628235038e-18,3.43509522679e-19,3.14004966044e-20],"var":[0.0278635080904,5.20038700104,303.205810547,357.932189941,356.428710938,329.277587891,106.404853821,45.9481048584,57.1624488831,17.8197078705,10.4414796829,8.1469669342,4.36358880997,2.34854459763,0.888189852238,1.50262081623,0.459673047066,0.190389722586,2.32736682892,12.5395479202,279.406921387,1821.6685791,2351.77075195,3285.44824219,2114.51977539,511.774902344,175.515335083,120.169021606,98.2678909302,123.471160889,36.6645965576,6.70443868637,1.84124326706,0.185606658459,0.00361581658944,0.0000790479534771,6.68389020575e-7,7.45710782013e-9,3.4634436985e-10,6.56018406264e-10]},"erbbands_crest":{"dmean":1.67812812328,"dmean2":2.79142999649,"dvar":2.27536058426,"dvar2":5.87340784073,"max":27.7388420105,"mean":8.22325515747,"median":7.75972652435,"min":2.30713605881,"var":6.77687883377},"erbbands_flatness_db":{"dmean":0.0104815931991,"dmean2":0.016192285344,"dvar":0.0000992566056084,"dvar2":0.000215075997403,"max":0.34183588624,"mean":0.184897691011,"median":0.182745605707,"min":0.0265589915216,"var":0.000934248557314},"erbbands_kurtosis":{"dmean":1.20814216137,"dmean2":1.91523718834,"dvar":2.72406721115,"dvar2":7.12597417831,"max":51.8156585693,"mean":1.05202174187,"median":0.274306952953,"min":-1.91520380974,"var":11.4023714066},"erbbands_skewness":{"dmean":0.370589315891,"dmean2":0.57391679287,"dvar":0.131087526679,"dvar2":0.314481168985,"max":4.65158033371,"mean":-1.15794944763,"median":-1.2715896368,"min":-5.77624845505,"var":0.914718568325},"erbbands_spread":{"dmean":11.3707351685,"dmean2":17.9928321838,"dvar":115.366790771,"dvar2":290.936187744,"max":153.805267334,"mean":62.6284599304,"median":60.9682693481,"min":2.65381908417,"var":566.756774902},"gfcc":{"cov":[[3117.94750977,159.755706787,-548.916259766,428.236541748,-406.953582764,114.91859436,-190.207000732,147.994125366,85.6349868774,-142.775894165,53.3259735107,-43.4081459045,21.5310287476],[159.755706787,420.668823242,-49.8849334717,-18.7170677185,162.043930054,-219.116348267,74.9384613037,8.59038734436,-3.68819141388,-23.9410171509,2.17753958702,17.7624034882,6.53831624985],[-548.916259766,-49.8849334717,404.503112793,9.37595748901,5.57868051529,131.376815796,26.7822589874,-58.3257827759,-8.77188587189,25.8253860474,-17.4879398346,-31.7037353516,-7.46675539017],[428.236541748,-18.7170677185,9.37595748901,185.884109497,-41.6271972656,38.0445137024,-10.1714134216,20.6392879486,27.2634067535,-29.1387710571,13.6276674271,-10.4716625214,2.03776693344],[-406.953582764,162.043930054,5.57868051529,-41.6271972656,240.94631958,-141.370834351,81.5739593506,18.8079586029,-13.2396907806,8.26498889923,-3.5126683712,25.650302887,-2.89388465881],[114.91859436,-219.116348267,131.376815796,38.0445137024,-141.370834351,272.067810059,-31.4708538055,-17.087097168,24.4740791321,15.9296064377,-2.22081780434,-36.5453834534,-3.07050228119],[-190.207000732,74.9384613037,26.7822589874,-10.1714134216,81.5739593506,-31.4708538055,98.9376525879,12.5441656113,3.18337011337,13.206864357,-4.16818332672,-1.08370661736,-6.30651473999],[147.994125366,8.59038734436,-58.3257827759,20.6392879486,18.8079586029,-17.087097168,12.5441656113,76.4576034546,19.8363399506,-2.80842876434,7.79069042206,5.05326843262,0.477085798979],[85.6349868774,-3.68819141388,-8.77188587189,27.2634067535,-13.2396907806,24.4740791321,3.18337011337,19.8363399506,61.0559577942,16.2142677307,8.48299312592,5.01754617691,-1.159481287],[-142.775894165,-23.9410171509,25.8253860474,-29.1387710571,8.26498889923,15.9296064377,13.206864357,-2.80842876434,16.2142677307,53.5359115601,20.1110229492,7.52012443542,-2.10100841522],[53.3259735107,2.17753958702,-17.4879398346,13.6276674271,-3.5126683712,-2.22081780434,-4.16818332672,7.79069042206,8.48299312592,20.1110229492,43.7863540649,22.3791713715,3.41902184486],[-43.4081459045,17.7624034882,-31.7037353516,-10.4716625214,25.650302887,-36.5453834534,-1.08370661736,5.05326843262,5.01754617691,7.52012443542,22.3791713715,47.2790184021,16.2008628845],[21.5310287476,6.53831624985,-7.46675539017,2.03776693344,-2.89388465881,-3.07050228119,-6.30651473999,0.477085798979,-1.159481287,-2.10100841522,3.41902184486,16.2008628845,29.3052654266]],"icov":[[0.00776437856257,-0.0154106849805,0.0117796463892,-0.015703799203,0.0104630161077,-0.0136542087421,0.0110438307747,-0.0103164343163,0.00829196348786,-0.0053310636431,0.00518921902403,-0.00143104139715,0.00410576397553],[-0.0154106849805,0.0365249849856,-0.0241145603359,0.0324745997787,-0.0219927411526,0.0318225324154,-0.0248745512217,0.0223013889045,-0.0206468906254,0.0164351109415,-0.0159517694265,0.00795160606503,-0.0119560323656],[0.0117796463892,-0.0241145603359,0.0219781901687,-0.0249781701714,0.0144611066207,-0.0236753392965,0.0164478607476,-0.0131591157988,0.0141983870417,-0.0110717481002,0.0101492069662,-0.00205323519185,0.00648249452934],[-0.015703799203,0.0324745997787,-0.0249781701714,0.0408931933343,-0.0209746751934,0.0284940376878,-0.0236793514341,0.0204083416611,-0.0230701174587,0.0215864721686,-0.0204526167363,0.00895849615335,-0.0113607011735],[0.0104630161077,-0.0219927411526,0.0144611066207,-0.0209746751934,0.0236867927015,-0.0151914609596,0.0101486500353,-0.0164054892957,0.0132741825655,-0.00945468433201,0.0106009673327,-0.00745049398392,0.008290393278],[-0.0136542087421,0.0318225324154,-0.0236753392965,0.0284940376878,-0.0151914609596,0.0354142226279,-0.021850053221,0.0188103280962,-0.0198780782521,0.0124119445682,-0.0140894502401,0.00981284491718,-0.0115572595969],[0.0110438307747,-0.0248745512217,0.0164478607476,-0.0236793514341,0.0101486500353,-0.021850053221,0.0327648594975,-0.0175672248006,0.013425742276,-0.0145789887756,0.0123307369649,-0.00242464686744,0.00871065165848],[-0.0103164343163,0.0223013889045,-0.0131591157988,0.0204083416611,-0.0164054892957,0.0188103280962,-0.0175672248006,0.0320805571973,-0.017843009904,0.011732885614,-0.0122715746984,0.00598456896842,-0.00786142516881],[0.00829196348786,-0.0206468906254,0.0141983870417,-0.0230701174587,0.0132741825655,-0.0198780782521,0.013425742276,-0.017843009904,0.0365624427795,-0.0221559312195,0.0170580372214,-0.0128009654582,0.0110887205228],[-0.0053310636431,0.0164351109415,-0.0110717481002,0.0215864721686,-0.00945468433201,0.0124119445682,-0.0145789887756,0.011732885614,-0.0221559312195,0.0477334707975,-0.032238766551,0.0119557436556,-0.00733630126342],[0.00518921902403,-0.0159517694265,0.0101492069662,-0.0204526167363,0.0106009673327,-0.0140894502401,0.0123307369649,-0.0122715746984,0.0170580372214,-0.032238766551,0.05740147084,-0.0310023501515,0.0149841737002],[-0.00143104139715,0.00795160606503,-0.00205323519185,0.00895849615335,-0.00745049398392,0.00981284491718,-0.00242464686744,0.00598456896842,-0.0128009654582,0.0119557436556,-0.0310023501515,0.0517089776695,-0.0268141943961],[0.00410576397553,-0.0119560323656,0.00648249452934,-0.0113607011735,0.008290393278,-0.0115572595969,0.00871065165848,-0.00786142516881,0.0110887205228,-0.00733630126342,0.0149841737002,-0.0268141943961,0.0508147366345]],"mean":[-14.1750831604,84.7546386719,-94.0692672729,112.380355835,-54.571598053,-22.4539585114,-28.3923625946,16.386013031,-18.6007995605,-24.4637565613,-9.67656898499,-4.56161689758,-12.2776870728]},"hfc":{"dmean":3.22189497948,"dmean2":5.17426872253,"dvar":9.40293598175,"dvar2":23.8198413849,"max":88.1591949463,"mean":26.0692062378,"median":25.9019184113,"min":1.24510680108e-16,"var":110.601577759},"melbands":{"dmean":[0.000767084537074,0.00290595018305,0.00147531507537,0.000661159458105,0.000186952544027,0.0000779933980084,0.0000491479186167,0.0000243600625254,0.0000133915855258,0.00000877140973898,0.0000046284144446,0.0000032118314266,0.00000163563993283,0.00000106468485228,9.79077640295e-7,4.43338677769e-7,3.79626214908e-7,5.42713621599e-7,7.9018644783e-7,0.00000248358446697,0.00000905888009584,0.000021346635549,0.0000263224028458,0.0000209997215279,0.0000274898557109,0.0000215380696318,0.0000151483900481,0.00000839903350425,0.0000045195893108,0.00000326714803123,0.00000217265710489,0.00000183900397133,0.00000238680036091,0.00000173472881215,0.00000114173883503,6.94577522609e-7,4.1882668711e-7,3.06410328221e-7,1.77247770239e-7,6.79661695813e-8],"dmean2":[0.00128387403674,0.004559523426,0.00235001323745,0.00108748662751,0.000287443195703,0.000126791448565,0.0000751519910409,0.000039856749936,0.0000217472606892,0.000014327365534,0.0000076368705777,0.00000535167146154,0.00000277690992334,0.00000176835669663,0.00000160747572409,7.43543978388e-7,6.37680898308e-7,8.81445089362e-7,0.00000127324994992,0.00000403078638556,0.000015108934349,0.0000357181452273,0.0000442071577709,0.0000351979469997,0.0000463937758468,0.000036346820707,0.0000256737857853,0.0000141232612805,0.00000759701788411,0.00000544764770893,0.00000349872971128,0.00000296243865705,0.00000382907410312,0.00000278063271253,0.00000179061044037,0.00000108521373932,6.47887475225e-7,4.76465658039e-7,2.75479209222e-7,1.01649412443e-7],"dvar":[0.00000144057753459,0.000011284260836,0.00000387457566831,0.00000102303192762,5.58336559209e-8,1.53620085541e-8,4.91853979767e-9,1.35085231889e-9,5.32829558253e-10,2.07329972635e-10,8.31698945825e-11,3.49748910389e-11,9.34898772981e-12,5.4989224979e-12,3.86331461613e-12,7.21700639788e-13,4.1521611995e-13,2.14783898132e-12,3.72449553837e-12,2.86414433837e-11,1.28301286262e-10,5.50829326595e-10,9.69639368797e-10,6.5137228944e-10,9.39327948757e-10,6.40246633488e-10,2.44529674287e-10,1.40211744992e-10,6.22353765745e-11,1.8548962713e-11,1.05549822355e-11,7.47350705627e-12,1.86031381272e-11,9.79631913783e-12,3.52871876684e-12,1.26988350391e-12,4.73843512171e-13,3.07048765753e-13,1.1003251397e-13,1.97297300703e-14],"dvar2":[0.00000422982611781,0.0000280167023448,0.0000102914736999,0.00000277408571492,1.47237813053e-7,4.24739141636e-8,1.24420962422e-8,3.67805430557e-9,1.42195744068e-9,5.52953904887e-10,2.15610307386e-10,9.42221439759e-11,2.56444830649e-11,1.40130780243e-11,8.30050438105e-12,1.85780275712e-12,1.07875871864e-12,5.35736776122e-12,8.89800125942e-12,6.42694439335e-11,3.2136068806e-10,1.48251988463e-9,2.5690491956e-9,1.73606051757e-9,2.57324583863e-9,1.75229863952e-9,6.69956978783e-10,3.71342651073e-10,1.65391839113e-10,5.16697379327e-11,2.6169226508e-11,1.86141796421e-11,4.62210547614e-11,2.38759255422e-11,8.59873283687e-12,3.22189627408e-12,1.12301433344e-12,6.90040906359e-13,2.30101338374e-13,3.78787746883e-14],"max":[0.0154334194958,0.0451673381031,0.0232884697616,0.0145790502429,0.0039937151596,0.00229580514133,0.00150823500007,0.000655592826661,0.000511654652655,0.000306062720483,0.000176812900463,0.000140775911859,0.0000607685178693,0.0000552508063265,0.0000770726619521,0.0000181359846465,0.0000120248532767,0.0000608924601693,0.0000700043237885,0.000171158157173,0.000506997923367,0.000663214654196,0.000793852261268,0.000622479827143,0.000494639389217,0.000832938647363,0.000450960244052,0.000651264970656,0.000458121794509,0.000113174399303,0.0000782019051258,0.0000451393098047,0.000105685438029,0.000097645985079,0.0000484981974296,0.0000270581713266,0.0000179458820639,0.0000180607839866,0.0000112914112833,0.00000739757160773],"mean":[0.00152113835793,0.00771796377376,0.00351284467615,0.00113616150338,0.000389987486415,0.000144585166709,0.0000970394903561,0.0000460476294393,0.0000226351221499,0.0000151914891831,0.00000766662105889,0.00000519794093634,0.00000257381361735,0.00000177240804078,0.00000171140459315,7.74470095166e-7,6.51888967695e-7,9.34522176976e-7,0.00000137163772251,0.00000499904444951,0.0000206807289942,0.0000515079700563,0.0000659600991639,0.000055037180573,0.0000694692498655,0.0000581307576795,0.0000402716032113,0.0000230446803471,0.0000130319531308,0.00000902300416783,0.00000591241587244,0.00000478210404253,0.00000597833377469,0.00000471314933748,0.00000311722055812,0.00000188849560345,0.0000011575626786,8.09449943517e-7,4.87455508846e-7,1.92126393017e-7],"median":[0.00103096489329,0.00615599146113,0.00262230541557,0.000697219802532,0.000276640930679,0.000106195991975,0.0000684130718582,0.0000353397917934,0.0000156745209097,0.0000106953702925,0.00000506532660438,0.00000344133377439,0.00000166200175045,0.00000107274365746,0.00000111159636162,5.41095914741e-7,4.31742705587e-7,4.15225770212e-7,6.54401389966e-7,0.00000316202158501,0.0000168531169038,0.0000450007537438,0.0000574021942157,0.0000475567503599,0.0000613625234109,0.0000527517986484,0.0000367469765479,0.0000214349965972,0.0000118426059998,0.00000697756149748,0.00000344318232237,0.00000276901505458,0.00000320147773891,0.00000254753695117,0.0000016230123947,9.30264263843e-7,6.29053204193e-7,4.37399648945e-7,2.58928707808e-7,9.49294545194e-8],"min":[7.12863781106e-24,6.05208919447e-24,7.17424107113e-24,4.42355803641e-24,4.68871666919e-24,1.07660375797e-23,2.75593665113e-24,4.48264805695e-24,2.69966124686e-23,1.9355647365e-23,1.28715475677e-23,1.94703856059e-23,1.10289586085e-23,8.62872072007e-24,6.08483481064e-24,8.46823801296e-24,6.3007641842e-24,1.30222018567e-23,1.11103114671e-23,7.2065307257e-24,8.68392126191e-24,1.43713717303e-23,7.65661768176e-24,9.30357860271e-24,1.13540055891e-23,1.0040704432e-23,9.80892053202e-24,7.98697842937e-24,8.52091577762e-24,1.30420014766e-23,1.16556115678e-23,8.8841373151e-24,7.76206077466e-24,1.19035970931e-23,8.3980333367e-24,8.00154869029e-24,1.41971896647e-23,9.24296884164e-24,1.08856659694e-23,1.42647492903e-23],"var":[0.00000271987300948,0.0000440999829152,0.0000092401769507,0.00000178884806701,1.4547802607e-7,2.11644213266e-8,1.07330491161e-8,1.92867677384e-9,6.77825073847e-10,2.89769680473e-10,1.13957343562e-10,4.70781989781e-11,1.15343394558e-11,9.60772433833e-12,8.97851151066e-12,1.00827831327e-12,6.35287829287e-13,6.09485552305e-12,8.26553322314e-12,8.38536670655e-11,4.72067052115e-10,1.70795777521e-9,3.01019453808e-9,2.07508965566e-9,2.57686938454e-9,1.82857184949e-9,7.25877746799e-10,2.36718172841e-10,9.77832884108e-11,6.28716870232e-11,4.1983361232e-11,2.71930325479e-11,5.84455053798e-11,3.33039117117e-11,1.46608367807e-11,5.57430967704e-12,2.16734095948e-12,1.18145554104e-12,4.44725853366e-13,7.16533562627e-14]},"melbands_crest":{"dmean":3.10918283463,"dmean2":5.0060133934,"dvar":9.02400970459,"dvar2":24.5700588226,"max":30.8739738464,"mean":20.1224765778,"median":20.1327056885,"min":2.67305636406,"var":28.7360477448},"melbands_flatness_db":{"dmean":0.0245934166014,"dmean2":0.0375096574426,"dvar":0.000533258891664,"dvar2":0.00123936659656,"max":0.536475360394,"mean":0.262548953295,"median":0.258581548929,"min":0.00646922132,"var":0.00364883011207},"melbands_kurtosis":{"dmean":16.2262058258,"dmean2":24.8449039459,"dvar":683.419006348,"dvar2":1364.28857422,"max":587.759643555,"mean":40.237247467,"median":24.5799560547,"min":-1.92292153835,"var":2979.89794922},"melbands_skewness":{"dmean":1.06181156635,"dmean2":1.64692616463,"dvar":1.15711903572,"dvar2":2.76193141937,"max":18.6485137939,"mean":5.27790355682,"median":4.90260219574,"min":-2.12185668945,"var":6.51531648636},"melbands_spread":{"dmean":7.16918087006,"dmean2":11.2913265228,"dvar":84.8945236206,"dvar2":200.780395508,"max":203.705474854,"mean":22.9297294617,"median":17.3540115356,"min":0.422381907701,"var":459.023834229},"mfcc":{"cov":[[3759.4453125,-410.899719238,-90.8654251099,30.8637752533,-66.5746307373,-164.368331909,-182.349914551,146.640167236,-11.6817502975,-37.7494888306,9.28843021393,52.3509368896,39.1808280945],[-410.899719238,575.355651855,-237.248413086,195.340774536,4.74122190475,-102.034973145,53.9546852112,-17.3161182404,15.8055477142,-34.991065979,-25.2178821564,11.9376144409,38.2250061035],[-90.8654251099,-237.248413086,471.043518066,-138.085906982,16.0820426941,170.16859436,-11.0945863724,-9.77494335175,-9.03439044952,57.8744659424,19.1741600037,-29.1079788208,-65.0731964111],[30.8637752533,195.340774536,-138.085906982,260.841186523,24.1236896515,-82.955078125,28.9764080048,27.7480678558,10.9283208847,-32.0578269958,-17.8988265991,42.6722068787,29.9447154999],[-66.5746307373,4.74122190475,16.0820426941,24.1236896515,75.2918624878,9.18856048584,6.36772584915,12.4438638687,5.75743198395,-2.20181870461,3.22833943367,1.69292497635,6.92556142807],[-164.368331909,-102.034973145,170.16859436,-82.955078125,9.18856048584,145.250946045,10.0898399353,-9.94120979309,2.20938563347,37.3363723755,20.123456955,-19.646905899,-29.5176582336],[-182.349914551,53.9546852112,-11.0945863724,28.9764080048,6.36772584915,10.0898399353,75.4497528076,7.55971717834,6.99378967285,8.79863929749,-0.992939412594,3.33765006065,4.01844263077],[146.640167236,-17.3161182404,-9.77494335175,27.7480678558,12.4438638687,-9.94120979309,7.55971717834,57.6547012329,21.5163497925,1.45304191113,3.02775382996,10.1290454865,10.4671258926],[-11.6817502975,15.8055477142,-9.03439044952,10.9283208847,5.75743198395,2.20938563347,6.99378967285,21.5163497925,48.2289810181,18.6813678741,5.24000167847,4.24254560471,2.28077912331],[-37.7494888306,-34.991065979,57.8744659424,-32.0578269958,-2.20181870461,37.3363723755,8.79863929749,1.45304191113,18.6813678741,54.8891105652,21.8509521484,-1.46254837513,-6.80764055252],[9.28843021393,-25.2178821564,19.1741600037,-17.8988265991,3.22833943367,20.123456955,-0.992939412594,3.02775382996,5.24000167847,21.8509521484,42.5819664001,11.9370546341,6.75170898438],[52.3509368896,11.9376144409,-29.1079788208,42.6722068787,1.69292497635,-19.646905899,3.33765006065,10.1290454865,4.24254560471,-1.46254837513,11.9370546341,55.2710952759,22.3923721313],[39.1808280945,38.2250061035,-65.0731964111,29.9447154999,6.92556142807,-29.5176582336,4.01844263077,10.4671258926,2.28077912331,-6.80764055252,6.75170898438,22.3923721313,50.8474502563]],"icov":[[0.000414311565692,0.000303506327327,0.0000376614552806,-0.00017711527471,0.000438001501607,0.000396998162614,0.000863496970851,-0.00114979385398,0.00043695277418,-0.000150998734171,-0.0000837786064949,-4.81206313907e-7,-0.0000841364380904],[0.000303506327327,0.00334946392104,0.000743539421819,-0.00207300717011,0.000423366756877,0.000738655740861,-0.00101745070424,0.00200507277623,-0.00148552260362,0.000441647338448,-0.000134924484883,0.00150980451144,-0.00106189516373],[0.0000376614552806,0.000743539421819,0.00470128515735,0.000276073202258,-0.00111022382043,-0.0038609886542,0.000865622190759,-0.000890516210347,0.00199347175658,-0.00267749093473,0.00132167292759,-0.0009140939801,0.00306994142011],[-0.00017711527471,-0.00207300717011,0.000276073202258,0.00757704908028,-0.00225675408728,0.00148940528743,-0.00155079562683,-0.00242826272734,0.000221320500714,0.00104014016688,0.00208128197119,-0.0049662119709,0.00142039684579],[0.000438001501607,0.000423366756877,-0.00111022382043,-0.00225675408728,0.0157259795815,-0.00119695509784,0.000435248395661,-0.00308747380041,-0.00111181708053,0.00273132114671,-0.00205641146749,0.00220924685709,-0.00326748588122],[0.000396998162614,0.000738655740861,-0.0038609886542,0.00148940528743,-0.00119695509784,0.0153454113752,-0.00267016538419,0.000986303668469,-0.000772675208282,-0.00218734168448,-0.00418973201886,0.00190654059406,0.00185825186782],[0.000863496970851,-0.00101745070424,0.000865622190759,-0.00155079562683,0.000435248395661,-0.00267016538419,0.0180627126247,-0.0052519692108,0.00251080421731,-0.0047957431525,0.00263097370043,-0.000660997640807,-0.000648064014968],[-0.00114979385398,0.00200507277623,-0.000890516210347,-0.00242826272734,-0.00308747380041,0.000986303668469,-0.0052519692108,0.0291198417544,-0.0137603506446,0.0041485526599,-0.00159164576326,0.000521843496244,-0.00376306776889],[0.00043695277418,-0.00148552260362,0.00199347175658,0.000221320500714,-0.00111181708053,-0.000772675208282,0.00251080421731,-0.0137603506446,0.0328321680427,-0.0143168000504,0.00308443023823,-0.00164827564731,0.00246481201611],[-0.000150998734171,0.000441647338448,-0.00267749093473,0.00104014016688,0.00273132114671,-0.00218734168448,-0.0047957431525,0.0041485526599,-0.0143168000504,0.034617818892,-0.0140874320641,0.00151631294284,0.000108187727164],[-0.0000837786064949,-0.000134924484883,0.00132167292759,0.00208128197119,-0.00205641146749,-0.00418973201886,0.00263097370043,-0.00159164576326,0.00308443023823,-0.0140874320641,0.0359963364899,-0.00870940648019,-0.00436932919547],[-4.81206313907e-7,0.00150980451144,-0.0009140939801,-0.0049662119709,0.00220924685709,0.00190654059406,-0.000660997640807,0.000521843496244,-0.00164827564731,0.00151631294284,-0.00870940648019,0.0274903252721,-0.0093019939959],[-0.0000841364380904,-0.00106189516373,0.00306994142011,0.00142039684579,-0.00326748588122,0.00185825186782,-0.000648064014968,-0.00376306776889,0.00246481201611,0.000108187727164,-0.00436932919547,-0.0093019939959,0.0305523108691]],"mean":[-649.92388916,81.2317199707,26.6678581238,106.742507935,9.75524139404,-14.2902860641,0.643734693527,24.3646354675,-3.95727300644,-4.34523582458,-4.94429922104,3.41213202477,0.0882475823164]},"pitch_salience":{"dmean":0.0831739455462,"dmean2":0.132686138153,"dvar":0.00588076747954,"dvar2":0.015915537253,"max":0.814637303352,"mean":0.495288699865,"median":0.508946537971,"min":0.062261339277,"var":0.0191206783056},"silence_rate_20dB":{"dmean":0,"dmean2":0,"dvar":0,"dvar2":0,"max":1,"mean":1,"median":1,"min":1,"var":0},"silence_rate_30dB":{"dmean":0.0115840518847,"dmean2":0.0231712237,"dvar":0.0114511176944,"dvar2":0.0264042001218,"max":1,"mean":0.983164966106,"median":1,"min":0,"var":0.0165507737547},"silence_rate_60dB":{"dmean":0.00700431037694,"dmean2":0.0140105076134,"dvar":0.00695576611906,"dvar2":0.0138161592185,"max":1,"mean":0.0373063981533,"median":0,"min":0,"var":0.0359115377069},"spectral_centroid":{"dmean":267.978759766,"dmean2":416.661193848,"dvar":82813.1796875,"dvar2":180115.703125,"max":11423.3857422,"mean":2050.40600586,"median":2162.22631836,"min":194.782241821,"var":438283.78125},"spectral_complexity":{"dmean":3.18265080452,"dmean2":5.17984628677,"dvar":7.46472024918,"dvar2":18.1441822052,"max":43,"mean":25.9396629333,"median":28,"min":0,"var":72.4294586182},"spectral_contrast_coeffs":{"dmean":[0.0496972352266,0.0410320237279,0.0309236310422,0.0274179764092,0.0193582288921,0.0141765549779],"dmean2":[0.0821125283837,0.0670698210597,0.0519912876189,0.0460672155023,0.0328300409019,0.0231768637896],"dvar":[0.00168832193594,0.00106642930768,0.000581636908464,0.000471689156257,0.000226914067753,0.000138985211379],"dvar2":[0.00461945403367,0.00294356164522,0.00163333618548,0.0013221167028,0.000646318425424,0.000341941777151],"max":[-0.363053023815,-0.531288504601,-0.663705289364,-0.621044039726,-0.620804429054,-0.621572673321],"mean":[-0.590955853462,-0.76516520977,-0.825033068657,-0.814553797245,-0.780988335609,-0.706027507782],"median":[-0.591725111008,-0.767723143101,-0.825710892677,-0.815908133984,-0.782014429569,-0.701123714447],"min":[-0.937436521053,-0.964952707291,-0.951727390289,-0.959591627121,-0.957932531834,-0.960459709167],"var":[0.00506123760715,0.00290819723159,0.00121137662791,0.00149134243838,0.000973487971351,0.00104478700086]},"spectral_contrast_valleys":{"dmean":[0.37540730834,0.330818772316,0.298411905766,0.244716897607,0.150848522782,0.164154753089],"dmean2":[0.619389057159,0.532058417797,0.489757537842,0.396700680256,0.241454973817,0.228918373585],"dvar":[0.131822556257,0.124687261879,0.106078833342,0.0822955742478,0.0614432021976,0.0618781261146],"dvar2":[0.286376327276,0.251205861568,0.207317233086,0.142625585198,0.0803041905165,0.0752883329988],"max":[-5.23715734482,-5.35923290253,-6.39352226257,-7.21676874161,-5.68708848953,-8.58071613312],"mean":[-6.72222328186,-7.0072555542,-8.30991649628,-8.82883644104,-6.43688440323,-10.0642175674],"median":[-6.62535476685,-6.90941858292,-8.24521064758,-8.76875209808,-6.23905658722,-9.90612030029],"min":[-27.9611282349,-27.0473384857,-27.4779434204,-27.3584518433,-27.3606033325,-27.2063941956],"var":[0.489656656981,0.502012729645,0.409844487906,0.357405215502,0.551358222961,0.640532612801]},"spectral_decrease":{"dmean":2.75782729986e-9,"dmean2":4.32873292766e-9,"dvar":8.48598717436e-18,"dvar2":2.20252935027e-17,"max":5.58109159868e-29,"mean":-1.09825633032e-8,"median":-1.03763122539e-8,"min":-4.13012237743e-8,"var":3.67002435386e-17},"spectral_energy":{"dmean":0.0104839680716,"dmean2":0.016460314393,"dvar":0.000121441094961,"dvar2":0.000315630430123,"max":0.157878741622,"mean":0.0438151806593,"median":0.041742272675,"min":1.10828380734e-20,"var":0.000535246741492},"spectral_energyband_high":{"dmean":0.000272411474725,"dmean2":0.00042399315862,"dvar":1.43608019698e-7,"dvar2":3.35593682621e-7,"max":0.0176925975829,"mean":0.00129718135577,"median":0.0010530151194,"min":8.03033077898e-21,"var":9.0464988034e-7},"spectral_energyband_low":{"dmean":0.0102601023391,"dmean2":0.0162293277681,"dvar":0.000130294385599,"dvar2":0.000337091973051,"max":0.15587849915,"mean":0.0297997258604,"median":0.0261035710573,"min":5.09894224705e-23,"var":0.000495506916195},"spectral_energyband_middle_high":{"dmean":0.000898010388482,"dmean2":0.00145306263585,"dvar":7.87618262166e-7,"dvar2":0.00000204388516067,"max":0.019705677405,"mean":0.00454292120412,"median":0.00444602500647,"min":1.48527256301e-21,"var":0.0000064848591137},"spectral_energyband_middle_low":{"dmean":0.0049170400016,"dmean2":0.00798253249377,"dvar":0.0000479629452457,"dvar2":0.000127562350826,"max":0.0681616738439,"mean":0.0114661948755,"median":0.00874015130103,"min":3.54690467483e-22,"var":0.0000882311287569},"spectral_entropy":{"dmean":0.0830492973328,"dmean2":0.12511010468,"dvar":0.00866316445172,"dvar2":0.0181652791798,"max":9.77987575531,"mean":7.53753232956,"median":7.55243587494,"min":6.09964513779,"var":0.0674345716834},"spectral_flux":{"dmean":0.0204334128648,"dmean2":0.0333117134869,"dvar":0.0005170624936,"dvar2":0.00129362754524,"max":0.270086169243,"mean":0.0865923091769,"median":0.0800934582949,"min":1.05275059503e-10,"var":0.00146527506877},"spectral_kurtosis":{"dmean":1.24765646458,"dmean2":2.20027494431,"dvar":1.82277369499,"dvar2":5.54660272598,"max":31.2371006012,"mean":2.76881074905,"median":2.3022274971,"min":-1.20583176613,"var":3.98125529289},"spectral_rms":{"dmean":0.000776946544647,"dmean2":0.00121425080579,"dvar":5.80499602165e-7,"dvar2":0.00000150301093527,"max":0.0124108027667,"mean":0.00625406717882,"median":0.00638154894114,"min":3.28824033974e-12,"var":0.00000363324534192},"spectral_rolloff":{"dmean":629.388549805,"dmean2":1134.7833252,"dvar":967127.75,"dvar2":2239843,"max":18733.8867188,"mean":1574.27062988,"median":473.73046875,"min":64.599609375,"var":2900911.75},"spectral_skewness":{"dmean":0.159358814359,"dmean2":0.275406122208,"dvar":0.0226193927228,"dvar2":0.0677174627781,"max":2.72725653648,"mean":0.589555382729,"median":0.564309835434,"min":-0.0785856842995,"var":0.068214289844},"spectral_spread":{"dmean":292909.28125,"dmean2":450169.3125,"dvar":227371876352,"dvar2":305962516480,"max":40799540,"mean":3726192.25,"median":3611025.25,"min":1302483.125,"var":1262960377860},"spectral_strongpeak":{"dmean":0.229371801019,"dmean2":0.374846965075,"dvar":0.238722190261,"dvar2":0.647014975548,"max":20.0670547485,"mean":0.643697559834,"median":0.554568231106,"min":0,"var":0.475083589554},"zerocrossingrate":{"dmean":0.00895539671183,"dmean2":0.0108487503603,"dvar":0.000107180792838,"dvar2":0.000133590569021,"max":0.51171875,"mean":0.0614279508591,"median":0.05712890625,"min":0.0048828125,"var":0.00114175258204}},"metadata":{"audio_properties":{"analysis_sample_rate":44100,"bit_rate":0,"codec":"flac","downmix":"mix","equal_loudness":0,"length":172.373336792,"lossless":true,"md5_encoded":"b78a5d3420a7342d6fbfae9673f20961","replay_gain":-11.8403091431,"sample_rate":44100},"tags":{"acoustid_id":["0e5ac07b-ca3c-46b5-a804-f394a9a38728"],"album":["26 Songs"],"albumartist":["Melvins"],"albumartistsort":["Melvins"],"artist":["Melvins"],"artistsort":["Melvins"],"asin":["B00008A7SJ"],"catalognumber":["IPC-038"],"date":["2003-03-11"],"discnumber":["1"],"disctotal":["1"],"file_name":"c07bca3c46b5a804f394a9a38728.flac","label":["Ipecac Recordings"],"media":["CD"],"musicbrainz_albumartistid":["9ccfbc94-a4f4-42f7-b6f5-d903ab77cccb"],"musicbrainz_albumid":["ebd67c0f-8338-443a-bd17-d6e90d12adda"],"musicbrainz_artistid":["9ccfbc94-a4f4-42f7-b6f5-d903ab77cccb"],"musicbrainz_recordingid":["2a0e4657-a947-480f-801e-17fea777349b"],"musicbrainz_releasegroupid":["8a68e5b6-7e98-333c-bc52-ed6a5c5ca01f"],"musicbrainz_releasetrackid":["c1ea3eb3-bebf-3cfb-b872-e2b37e37d7d8"],"originaldate":["1986"],"originalyear":["1986"],"releasecountry":["US"],"releasestatus":["official"],"releasetype":["ep"],"script":["Latn"],"title":["At a Crawl"],"totaldiscs":["1"],"totaltracks":["25"],"tracknumber":["22"],"tracktotal":["25"]},"version":{"essentia":"2.1-beta2","essentia_build_sha":"2d9f1f26377add8aeb1075a9c2973f962c4f09fd","essentia_git_sha":"v2.1_beta2-1-ge3940c0","extractor":"music 1.0"}},"rhythm":{"beats_count":477,"beats_loudness":{"dmean":0.017998971045,"dmean2":0.0314889363945,"dvar":0.000208884477615,"dvar2":0.000591633957811,"max":0.121773645282,"mean":0.0451604500413,"median":0.0438013039529,"min":0.000232087244513,"var":0.000349478475982},"beats_loudness_band_ratio":{"dmean":[0.155261859298,0.107460863888,0.0194945614785,0.0034295739606,0.0466598309577,0.051763240248],"dmean2":[0.268790692091,0.189543902874,0.0346354432404,0.0063642016612,0.080535300076,0.0905317664146],"dvar":[0.0246206