{"lowlevel":{"average_loudness":0.827468454838,"barkbands":{"dmean":[0.0000609238959441,0.00597194861621,0.00197976827621,0.0010813815752,0.00232185050845,0.000597240868956,0.000463467527879,0.000286843802314,0.000678467447869,0.00109409098513,0.000743859040085,0.000729341059923,0.00057562236907,0.000428893865319,0.000245449220529,0.000189813566976,0.000138824121677,0.000107706022391,0.000107462357846,0.000107221530925,0.0000878688733792,0.0000746435835026,0.0000600458879489,0.0000570186166442,0.0000507414297317,0.000049119884352,0.0000222737380682],"dmean2":[0.00010304657917,0.0106099676341,0.00334573118016,0.00180532422382,0.0037334994413,0.00098115275614,0.000698584481142,0.000461028626887,0.000998274073936,0.00157605891582,0.0011025313288,0.00114332709927,0.000900987593923,0.000652833783533,0.000385127321351,0.000312255695462,0.000221599286306,0.000174798580701,0.000175815235707,0.000176361165359,0.000142592616612,0.000115492810437,0.0000917436555028,0.000083907500084,0.000073104412877,0.0000761051560403,0.0000357288772648],"dvar":[2.27869865199e-8,0.000253042206168,0.0000203377348953,0.00000607272386333,0.0000428210041719,0.00000216232660932,0.00000150415758071,8.02213151019e-7,0.00000507499044033,0.0000117014060379,0.00000558493502467,0.00000465493576485,0.00000392896390622,0.00000188107424037,5.43136309261e-7,3.02085879866e-7,1.18652884851e-7,3.96566761651e-8,4.65745557676e-8,4.9703796634e-8,4.85453526267e-8,3.26498579284e-8,2.78095679818e-8,6.49820535159e-8,4.89668501302e-8,1.54671120356e-8,3.89534626777e-9],"dvar2":[5.98586282763e-8,0.000712990411557,0.0000561516935704,0.0000165955134435,0.00010610481695,0.00000556697250431,0.00000321100606016,0.00000191190747501,0.00000967344021774,0.0000234235303651,0.0000113174546641,0.0000101782743513,0.00000852485391079,0.00000410480015489,0.00000113571275051,6.59578574869e-7,2.67609522098e-7,9.81485612783e-8,1.19391444287e-7,1.31390507363e-7,1.27847783915e-7,7.39934833405e-8,5.49294583152e-8,1.26584112081e-7,8.69749001708e-8,3.69580455128e-8,9.28258980792e-9],"max":[0.00313170277514,0.145521253347,0.0482977181673,0.0383689515293,0.0777222663164,0.0434658899903,0.0361642129719,0.0300105512142,0.0616699494421,0.0812722593546,0.0767697542906,0.0545046254992,0.0541014708579,0.0329287536442,0.0489078648388,0.0181369725615,0.00855092145503,0.00420121429488,0.00805666297674,0.00407408596948,0.0044660763815,0.00716071948409,0.00904804095626,0.0134687572718,0.0106755523011,0.00211834791116,0.00145959155634],"mean":[0.0000973796632024,0.00665782904252,0.00309811695479,0.00215532258153,0.0031258915551,0.00102536287159,0.000871352269314,0.000452706939541,0.00129450380336,0.00227093626745,0.00151351036038,0.00123030983377,0.000836639141198,0.000725604943,0.000425985082984,0.000274013989838,0.000260590255493,0.000208006720641,0.000215719846892,0.000213738443563,0.000149647006765,0.000155380505021,0.000125093400129,0.000115387570986,0.000107179024781,0.0000672819005558,0.0000230969035329],"median":[0.0000097730790003,0.00338057335466,0.00159137905575,0.000932253431529,0.000735481502488,0.000261446082732,0.000219587862375,0.0000759839822422,0.000140788702993,0.000224971488933,0.000120869175589,0.000180085131433,0.000127399878693,0.00010882197239,0.0000808644326753,0.000075128460594,0.0000612317890045,0.0000892605312401,0.0000914181218832,0.0000993609646684,0.0000421294826083,0.000042994019168,0.0000414035639551,0.0000288591563731,0.0000310490468109,0.0000107320411189,4.86799535793e-7],"min":[1.08897011902e-24,3.80092866215e-24,6.67079319686e-25,2.86604950477e-25,7.71382824119e-24,1.5109033985e-23,7.68234480246e-24,1.1571333613e-23,1.67325728369e-23,1.94148245546e-23,1.60625238503e-23,2.1799375944e-23,2.04609077575e-23,3.57864698615e-23,4.27366058047e-23,4.9773648976e-23,6.07590514185e-23,8.69022804708e-23,1.4830804637e-22,1.8108043333e-22,2.54332062748e-22,3.25119947031e-22,4.65739641423e-22,5.26605826463e-22,7.77577190294e-22,1.35361614604e-21,1.93134576322e-21],"var":[3.21644790802e-8,0.000189140555449,0.0000212712020584,0.00000951290439843,0.0000470948216389,0.00000464977074444,0.00000505147272634,0.00000162934952641,0.0000178033242264,0.0000506997967022,0.0000243832619162,0.0000121891480376,0.00000735703497412,0.00000428780731454,0.00000172521731656,5.52678841359e-7,4.06986941925e-7,1.0217867441e-7,1.52479117332e-7,1.05078697743e-7,7.87776670563e-8,1.15400879963e-7,8.97303280567e-8,2.0907158671e-7,1.58080709411e-7,2.39764101906e-8,4.89736828868e-9]},"barkbands_crest":{"dmean":3.0883975029,"dmean2":5.08928632736,"dvar":8.98586750031,"dvar2":24.006652832,"max":25.8436489105,"mean":11.0683279037,"median":10.0967674255,"min":2.44197297096,"var":21.5765533447},"barkbands_flatness_db":{"dmean":0.0267171990126,"dmean2":0.0411163382232,"dvar":0.000912398274522,"dvar2":0.00214808131568,"max":0.573314726353,"mean":0.152596727014,"median":0.136544674635,"min":0.0229764636606,"var":0.00519737135619},"barkbands_kurtosis":{"dmean":4.82202529907,"dmean2":8.01135444641,"dvar":135.979766846,"dvar2":375.778808594,"max":331.355957031,"mean":6.83429050446,"median":1.61300039291,"min":-1.94903838634,"var":231.697723389},"barkbands_skewness":{"dmean":0.713511049747,"dmean2":1.12025046349,"dvar":0.890192210674,"dvar2":2.25781726837,"max":16.2933177948,"mean":1.5347507,"median":1.19681370258,"min":-7.08435583115,"var":2.87512564659},"barkbands_spread":{"dmean":6.2141494751,"dmean2":9.60952854156,"dvar":75.9869995117,"dvar2":169.976730347,"max":132.599594116,"mean":21.5279865265,"median":18.7419643402,"min":0.526787221432,"var":253.489562988},"dissonance":{"dmean":0.0248942356557,"dmean2":0.0413497723639,"dvar":0.00060807337286,"dvar2":0.00164388841949,"max":0.5,"mean":0.449351370335,"median":0.458362787962,"min":0.217669948936,"var":0.00145267636981},"dynamic_complexity":5.76770353317,"erbbands":{"dmean":[0.104911275208,1.55617153645,2.8148226738,2.67445611954,7.52783060074,6.6801867485,4.0540895462,5.24024391174,6.39090108871,6.05004119873,7.03994846344,12.6789455414,30.2483768463,31.1022109985,25.0164413452,26.3036231995,23.6537036896,19.749792099,15.993144989,9.64131450653,9.82978439331,7.79649353027,5.78335905075,5.31264448166,4.85091161728,4.72124385834,4.4309015274,2.96843314171,2.82869672775,2.54579353333,1.55038785934,1.16120958328,0.968292474747,0.65582805872,0.340109288692,0.17843593657,0.092593640089,0.0379648208618,0.00349999009632,0.0000578076906095],"dmean2":[0.179992005229,2.78645253181,4.80236101151,4.41221475601,12.2978658676,10.7563724518,6.80723190308,8.47310256958,9.60814476013,9.35514545441,10.9868030548,18.9399528503,43.0006523132,43.7702407837,37.1266517639,39.8059005737,36.0920372009,29.5377063751,24.6687812805,14.7550888062,15.8880186081,12.3171625137,9.19710922241,8.71682453156,7.89902830124,7.72319793701,7.30022144318,4.78092765808,4.41508102417,3.97957110405,2.36063599586,1.75632441044,1.44301426411,0.956599414349,0.500131189823,0.269475549459,0.146458387375,0.0605581700802,0.00559168867767,0.0000894238473848],"dvar":[0.0655368566513,17.5161647797,46.3090820312,31.0748996735,438.19934082,330.97064209,95.6228179932,199.468536377,311.690490723,306.012695312,472.735626221,1833.49743652,9897.77539062,7542.34326172,6147.77050781,6364.66894531,6090.91259766,3691.04174805,2331.6472168,1186.05358887,699.345825195,339.536102295,116.983963013,134.38609314,76.311882019,95.4992904663,132.327301025,62.7452774048,54.5567092896,36.1595535278,23.3784542084,24.7732410431,20.6629276276,11.441327095,1.34384846687,0.200723215938,0.0572316534817,0.011252165772,0.0000989967447822,1.98352374525e-8],"dvar2":[0.177516639233,49.7958030701,127.468482971,83.758392334,1135.20092773,812.854553223,262.650543213,510.694732666,659.427307129,665.78717041,1085.1685791,3716.71484375,20380.2089844,14351.6503906,12432.8232422,13367.5810547,13135.5791016,7925.59667969,5297.60986328,2165.71728516,1507.08972168,744.85925293,276.23046875,346.445159912,194.962478638,249.173477173,362.969543457,162.673995972,132.711807251,79.1111831665,47.9567565918,49.800327301,41.0157585144,21.2976284027,2.6733148098,0.445004910231,0.138178855181,0.027015786618,0.000236298932577,4.6627409489e-8],"max":[2.48088622093,38.1332473755,64.6913604736,101.853271484,249.044876099,205.621429443,224.998275757,469.177001953,616.254150391,519.647888184,763.996032715,1410.63000488,2237.96313477,2674.95874023,2614.23779297,2607.24951172,2374.34765625,1442.77526855,1283.10083008,2594.5690918,1126.32714844,614.522949219,202.241928101,483.079559326,183.060424805,221.669891357,174.458007812,248.492706299,286.187072754,261.904785156,272.182647705,282.520721436,191.905929565,159.307678223,64.1583557129,15.9686632156,4.27311515808,2.22828531265,0.258578509092,0.0033236190211],"mean":[0.140848129988,1.64597189426,3.97906351089,5.67557764053,10.8076705933,8.90418434143,6.15818214417,9.15872192383,12.3047189713,10.4918680191,13.0209236145,25.2997894287,60.8420372009,74.3893814087,53.6230812073,46.0458526611,39.1088371277,35.4683799744,31.0459308624,17.2494945526,16.3668708801,15.6766138077,12.2319059372,10.65122509,10.7908563614,9.75091171265,7.58523750305,5.16425848007,5.52283191681,5.2808599472,3.19715285301,2.32831096649,1.90323245525,1.33691763878,0.691144645214,0.298025161028,0.114715576172,0.0413974970579,0.00362443481572,0.0000865099136718],"median":[0.0572187155485,0.77068811655,2.20853614807,3.39818263054,3.75451421738,2.05609488487,1.86603677273,2.21807312965,3.41908097267,2.80873942375,2.66593837738,4.27919912338,7.73633289337,10.087143898,7.31970024109,7.9996676445,7.32984352112,7.02195596695,5.99880027771,4.68485593796,4.86209058762,4.37156438828,4.87368822098,5.03147649765,5.18726921082,4.61211204529,2.28971719742,1.52151095867,1.49757933617,1.71442270279,1.01197218895,0.656123161316,0.428804576397,0.34816133976,0.211836338043,0.0681058391929,0.0133877173066,0.00203929771669,0.0000984280268312,0.0000373961520381],"min":[1.43578629606e-22,7.27859465245e-22,2.88354495106e-21,3.67219280073e-21,1.13921147652e-20,1.95515366107e-20,8.09403079473e-20,1.05542061694e-19,1.18639917394e-19,2.04770990481e-19,3.33591213544e-19,4.38452977346e-19,6.71029489021e-19,7.20441381406e-19,1.38776701414e-18,1.3445098108e-18,1.63669916127e-18,2.66409212025e-18,2.56440031282e-18,2.62861103505e-18,3.05278201534e-18,3.53475947876e-18,5.21768242324e-18,7.29597784818e-18,7.99036453955e-18,9.32980238903e-18,1.07692306581e-17,9.97359954132e-18,9.64983029622e-18,1.37901811091e-17,1.38761053224e-17,9.97827063024e-18,9.17791052187e-18,8.52931406766e-18,6.37139547773e-18,4.6497340108e-18,2.51849757909e-18,1.0274901527e-18,2.45436300918e-19,2.69053548177e-20],"var":[0.0601885542274,12.6634979248,42.0882415771,51.6710205078,466.661437988,375.571746826,143.453552246,437.403015137,935.160949707,921.800415039,1137.21325684,7325.93408203,33186.828125,43263.921875,28025.1035156,17341.6347656,14234.8730469,8034.5,6150.29052734,3786.4519043,1638.5390625,1299.37609863,385.394134521,387.539031982,236.896194458,220.3462677,200.138778687,101.430648804,156.605026245,123.636070251,69.7815704346,72.2955093384,63.8714408875,33.2108268738,4.31141424179,0.479169517756,0.0781714841723,0.0141544230282,0.000122622528579,2.6829818367e-8]},"erbbands_crest":{"dmean":2.88790798187,"dmean2":4.58057594299,"dvar":7.57058143616,"dvar2":18.0773849487,"max":32.5004653931,"mean":10.7121887207,"median":9.38166618347,"min":2.28957796097,"var":30.2583999634},"erbbands_flatness_db":{"dmean":0.0222662836313,"dmean2":0.0300952997059,"dvar":0.000572743359953,"dvar2":0.000996221089736,"max":0.448804408312,"mean":0.167468875647,"median":0.156103715301,"min":0.0332028120756,"var":0.00446119625121},"erbbands_kurtosis":{"dmean":1.41414690018,"dmean2":2.13782119751,"dvar":7.06513023376,"dvar2":15.2614860535,"max":91.2468643188,"mean":1.76228785515,"median":0.141758680344,"min":-1.79538524151,"var":25.2175045013},"erbbands_skewness":{"dmean":0.434315353632,"dmean2":0.655164361,"dvar":0.20084041357,"dvar2":0.422907263041,"max":7.06686115265,"mean":0.484204053879,"median":0.358520507812,"min":-4.82329177856,"var":1.02252972126},"erbbands_spread":{"dmean":8.79783058167,"dmean2":13.1845941544,"dvar":124.319877625,"dvar2":271.929840088,"max":183.026367188,"mean":36.14793396,"median":31.680398941,"min":1.4460568428,"var":511.526519775},"gfcc":{"cov":[[27796.7285156,1049.13964844,1695.66687012,1872.96984863,-174.346054077,1514.35253906,-854.739685059,-569.707824707,-1334.98242188,-201.123733521,-438.896148682,-124.960189819,-291.396057129],[1049.13964844,2125.18188477,322.635375977,527.5703125,417.571960449,25.568365097,59.180519104,-69.3049087524,-104.567329407,-218.858840942,29.6598262787,-205.011688232,72.5660476685],[1695.66687012,322.635375977,2206.80053711,843.947570801,458.714508057,221.742782593,-66.5107803345,-173.858703613,-106.535224915,-113.814208984,-139.185943604,-31.183599472,-26.0398349762],[1872.96984863,527.5703125,843.947570801,881.99395752,319.487121582,181.954269409,-49.8811149597,-44.8512077332,-58.1551437378,-91.2250747681,-93.9246902466,-94.7447433472,9.26600170135],[-174.346054077,417.571960449,458.714508057,319.487121582,530.252319336,106.574279785,137.165206909,-22.8718147278,22.7194442749,-51.9750480652,-41.1972007751,-52.3942985535,4.45177316666],[1514.35253906,25.568365097,221.742782593,181.954269409,106.574279785,434.016174316,78.9747390747,-13.6401376724,-114.977684021,-14.8368167877,-31.6250095367,-62.3716201782,-39.8165893555],[-854.739685059,59.180519104,-66.5107803345,-49.8811149597,137.165206909,78.9747390747,329.044281006,69.0602645874,64.6922073364,9.54012298584,4.02012968063,-36.1363449097,-12.6386909485],[-569.707824707,-69.3049087524,-173.858703613,-44.8512077332,-22.8718147278,-13.6401376724,69.0602645874,212.647857666,141.448104858,45.493106842,5.56365728378,9.25859832764,6.68302440643],[-1334.98242188,-104.567329407,-106.535224915,-58.1551437378,22.7194442749,-114.977684021,64.6922073364,141.448104858,241.106887817,82.5361251831,21.4117736816,24.1447811127,13.6210374832],[-201.123733521,-218.858840942,-113.814208984,-91.2250747681,-51.9750480652,-14.8368167877,9.54012298584,45.493106842,82.5361251831,148.089569092,52.9274749756,36.616645813,-19.6282634735],[-438.896148682,29.6598262787,-139.185943604,-93.9246902466,-41.1972007751,-31.6250095367,4.02012968063,5.56365728378,21.4117736816,52.9274749756,130.569091797,53.381061554,4.93933868408],[-124.960189819,-205.011688232,-31.183599472,-94.7447433472,-52.3942985535,-62.3716201782,-36.1363449097,9.25859832764,24.1447811127,36.616645813,53.381061554,139.169372559,27.0290737152],[-291.396057129,72.5660476685,-26.0398349762,9.26600170135,4.45177316666,-39.8165893555,-12.6386909485,6.68302440643,13.6210374832,-19.6282634735,4.93933868408,27.0290737152,93.6270294189]],"icov":[[0.0000895684497664,-0.000106452025648,0.0000305747962557,-0.000159573741257,0.000136508882861,-0.000221049020183,0.000132311790367,-0.0000381568097509,0.00038910555304,-0.000325218163198,0.000449868617579,-0.000396183982957,0.000271508557489],[-0.000106452025648,0.00111213093624,0.00000423374649472,-0.000188919453649,-0.000721958465874,0.000659842276946,-0.000129900407046,-0.000229672514251,-0.0000435229922005,0.0014263484627,-0.00218322500587,0.00209281104617,-0.00104324100539],[0.0000305747962557,0.00000423374649472,0.00088839919772,-0.000752665102482,-0.00029301943141,-0.00023827230325,0.000133679728606,0.000645412947051,-0.000143225188367,0.0000631230213912,0.000651364098303,-0.000852190074511,0.000543754082173],[-0.000159573741257,-0.000188919453649,-0.000752665102482,0.00283064972609,-0.000890654686373,-0.000258101616055,0.000681110890582,-0.000423197809141,-0.000818491273094,0.000476905610412,-0.000186646386283,0.00136342039332,-0.000949659501202],[0.000136508882861,-0.000721958465874,-0.00029301943141,-0.000890654686373,0.00384431844577,-0.000892468786333,-0.00130012491718,0.00118729099631,-0.000982803176157,-0.000219686029595,0.00147003936581,-0.00143468135502,0.00060203357134],[-0.000221049020183,0.000659842276946,-0.00023827230325,-0.000258101616055,-0.000892468786333,0.00452622491866,-0.00137610523961,-0.00162976863794,0.00253148679622,-0.000408144842368,-0.00159995979629,0.00234547257423,-0.000388801185181],[0.000132311790367,-0.000129900407046,0.000133679728606,0.000681110890582,-0.00130012491718,-0.00137610523961,0.00478425202891,-0.000962684047408,-0.000479765032651,0.0000987573002931,0.0000513927370775,0.000541253946722,0.000604927656241],[-0.0000381568097509,-0.000229672514251,0.000645412947051,-0.000423197809141,0.00118729099631,-0.00162976863794,-0.000962684047408,0.00955527834594,-0.00663833646104,0.000834258156829,0.00115569401532,-0.00122591108084,0.000152689040988],[0.00038910555304,-0.0000435229922005,-0.000143225188367,-0.000818491273094,-0.000982803176157,0.00253148679622,-0.000479765032651,-0.00663833646104,0.0133722582832,-0.00615444825962,0.00169891491532,-0.000504624971654,-0.000361321843229],[-0.000325218163198,0.0014263484627,0.0000631230213912,0.000476905610412,-0.000219686029595,-0.000408144842368,0.0000987573002931,0.000834258156829,-0.00615444825962,0.013958026655,-0.00651981076226,0.00148023793008,0.00138153135777],[0.000449868617579,-0.00218322500587,0.000651364098303,-0.000186646386283,0.00147003936581,-0.00159995979629,0.0000513927370775,0.00115569401532,0.00169891491532,-0.00651981076226,0.0158555451781,-0.00814096257091,0.00236575724557],[-0.000396183982957,0.00209281104617,-0.000852190074511,0.00136342039332,-0.00143468135502,0.00234547257423,0.000541253946722,-0.00122591108084,-0.000504624971654,0.00148023793008,-0.00814096257091,0.0152918286622,-0.0056021604687],[0.000271508557489,-0.00104324100539,0.000543754082173,-0.000949659501202,0.00060203357134,-0.000388801185181,0.000604927656241,0.000152689040988,-0.000361321843229,0.00138153135777,0.00236575724557,-0.0056021604687,0.0142909372225]],"mean":[-52.1025238037,71.5129623413,-114.618865967,23.2928829193,-49.2543754578,19.0820045471,-26.1767807007,13.571805954,-25.2047615051,2.74019050598,-17.3220558167,3.09116125107,-11.9659786224]},"hfc":{"dmean":5.84406900406,"dmean2":8.53986549377,"dvar":95.4147186279,"dvar2":207.255325317,"max":223.482833862,"mean":20.9789237976,"median":15.1122913361,"min":1.10178379714e-16,"var":473.116333008},"melbands":{"dmean":[0.00134487380274,0.00172585458495,0.00055651483126,0.000605034874752,0.000141226992127,0.000115350223496,0.0000952469417825,0.0000644314204692,0.000061231708969,0.0000908147121663,0.000160086739925,0.000134567264467,0.0000916107237572,0.0000810902638477,0.0000663492974127,0.0000503467672388,0.000038565172872,0.0000308201997541,0.0000172061791091,0.0000123581085063,0.000012138956663,0.00000933473802434,0.00000627586859991,0.00000508594621351,0.00000469211045129,0.00000425915277447,0.00000368546056961,0.00000348900516656,0.00000323414792547,0.00000210178677662,0.00000170959435764,0.00000177213030383,0.00000140844076668,0.00000150454559389,0.00000100780437151,7.06141463525e-7,7.91112256593e-7,7.13733186331e-7,6.97388372828e-7,5.46546857549e-7],"dmean2":[0.00237680529244,0.00300769531168,0.000922303996049,0.000973585178144,0.000236141655478,0.000186073491932,0.000143759520142,0.000100692770502,0.0000938937009778,0.000134239700856,0.000227362223086,0.000190299397218,0.000134675181471,0.000123588339193,0.000104357772216,0.0000768913814682,0.0000581108033657,0.0000474296830362,0.0000265334383585,0.0000196690361918,0.0000195363572857,0.0000148540393639,0.00000987826297205,0.00000814370469016,0.00000778270623414,0.00000691537115927,0.00000602180807618,0.00000576908132643,0.00000543181658941,0.00000339677922057,0.00000279815685644,0.00000281566826743,0.0000021928908609,0.00000237516815105,0.00000155595512297,0.00000108677056687,0.00000120579989016,0.00000109646930468,0.00000101573129996,8.13929489141e-7],"dvar":[0.0000122649116747,0.000019442752091,0.00000142050771501,0.00000300896340377,1.1286920909e-7,8.75232828434e-8,6.49666489494e-8,3.20451363223e-8,3.39371304392e-8,9.8086040623e-8,2.65520867515e-7,1.45773725535e-7,9.09085358103e-8,6.04053482789e-8,5.2103928283e-8,2.62288430974e-8,1.5836000955e-8,1.03649320238e-8,3.53023899002e-9,1.87681070685e-9,1.16554699225e-9,5.24753906994e-10,2.0814189261e-10,9.12303635414e-11,1.15650974908e-10,7.41958786077e-11,4.76717415543e-11,5.92361645846e-11,8.15577050339e-11,3.03125025081e-11,2.00202701639e-11,2.30628155462e-11,1.30858856737e-11,1.26003122866e-11,1.02171847371e-11,5.57207969001e-12,1.34875262001e-11,1.13111950362e-11,1.24961299988e-11,7.68409207791e-12],"dvar2":[0.0000344435866282,0.0000541173358215,0.00000388821354136,0.00000745421766624,3.08554490402e-7,2.22646704628e-7,1.3994009862e-7,7.18373058817e-8,7.34230667376e-8,1.91927469473e-7,5.4473707678e-7,2.74401173783e-7,1.83739103932e-7,1.26888821228e-7,1.13845111116e-7,5.8080161125e-8,3.42828165856e-8,2.33802470717e-8,6.34261532184e-9,4.08809874841e-9,2.52982190752e-9,1.1548071388e-9,4.80919248869e-10,2.22749305112e-10,2.96253466203e-10,1.83137519039e-10,1.20354504141e-10,1.57120844113e-10,2.28721222517e-10,7.33329716396e-11,5.26767449105e-11,5.81077512496e-11,2.91897582494e-11,2.7594581134e-11,2.11706034647e-11,1.19042267363e-11,2.77119733411e-11,2.4763670281e-11,2.27925386898e-11,1.51949355875e-11],"max":[0.0314160436392,0.0393409952521,0.0190336648375,0.0201854612678,0.006547447294,0.0100676752627,0.00861784350127,0.00490073906258,0.00595536082983,0.0103884441778,0.0114835724235,0.0115882353857,0.0111185442656,0.00753975333646,0.00850494392216,0.00613977154717,0.00297475652769,0.00279554375447,0.00493066664785,0.00157437496819,0.00132928066887,0.00069116789382,0.000378545199055,0.000219685782213,0.00046209388529,0.000276524981018,0.000145118610817,0.000183909898624,0.000155715883011,0.00016848660016,0.000136155256769,0.00017751485575,0.00018598868337,0.000164404133102,0.000205217613257,0.000124810278066,0.000207693316042,0.000146639009472,0.000134183021146,0.00013797187421],"mean":[0.00157141732052,0.00219954550266,0.00111557170749,0.00081130687613,0.000217717184569,0.000207375298487,0.000184479969903,0.000107772983029,0.000110871893412,0.000175666660652,0.000316820718581,0.000314206932671,0.000189018901438,0.000143061421113,0.00010459178884,0.0000805055169621,0.0000635085525573,0.0000548798307136,0.000030523584428,0.0000173728494701,0.0000189764286915,0.0000166324771271,0.0000121362581922,0.00000964125320024,0.00000846201783133,0.00000836484559841,0.00000756786039346,0.0000062445169533,0.00000515976080351,0.0000033756641642,0.00000281477309727,0.00000327363181896,0.00000271025282927,0.00000301133286484,0.00000195392476598,0.00000134102140237,0.00000146762863551,0.00000130764635742,0.0000013261934555,0.00000105833521502],"median":[0.000809233170003,0.00125314388424,0.000732553075068,0.000212865736103,0.0000666322303005,0.0000532373742317,0.0000517194457643,0.0000242746682488,0.0000164180346474,0.0000198320522031,0.0000343242063536,0.0000369471636077,0.0000188679205166,0.0000167556136148,0.0000145202302519,0.0000131679316837,0.0000100124798337,0.00000785143129178,0.00000591657362747,0.00000496559641761,0.00000467808513349,0.00000396611585529,0.00000348828757524,0.00000422749599238,0.00000332166496264,0.00000360880767403,0.00000301085424326,0.0000027737489745,0.00000149033269281,7.87457850038e-7,8.21752166758e-7,8.10169524357e-7,7.78449248173e-7,9.85381234386e-7,5.63530818454e-7,4.21973851417e-7,3.57310256049e-7,2.66965628271e-7,2.94589113992e-7,2.77802371329e-7],"min":[1.43630804077e-24,1.65530805541e-24,7.68271783506e-25,1.28377685437e-24,2.374754723e-24,2.39033748689e-24,1.60796506122e-24,2.51706404701e-24,2.96590854714e-24,2.4566804918e-24,3.25555401406e-24,2.77608928625e-24,3.04951873119e-24,3.39821832548e-24,3.21384496585e-24,2.60956331295e-24,3.63598494662e-24,3.501636018e-24,3.25985133384e-24,3.33759752036e-24,3.21068439463e-24,3.26882778208e-24,3.46113747685e-24,4.3960524288e-24,5.71341976937e-24,5.63396214912e-24,4.41901932519e-24,6.55805945148e-24,5.41559085663e-24,5.11857565392e-24,4.20839583008e-24,5.18722587976e-24,4.94854260225e-24,6.32842125311e-24,7.57855121772e-24,5.91051942755e-24,5.97516578988e-24,6.03232941208e-24,6.08499258282e-24,5.96502024977e-24],"var":[0.00000947531043494,0.000015787423763,0.00000200202748601,0.00000323029576066,1.58023311769e-7,1.98638815618e-7,2.01240055731e-7,8.95856047123e-8,9.5625779295e-8,3.83728377074e-7,9.35345042308e-7,8.0890663412e-7,3.72226082845e-7,1.79904915854e-7,1.36783512517e-7,5.95715299312e-8,3.2381176851e-8,2.57547316806e-8,1.23433885335e-8,3.18347326278e-9,2.75719913567e-9,1.73126224468e-9,6.30084706632e-10,2.2992405202e-10,3.13958248288e-10,2.0992997618e-10,1.37067357464e-10,1.0986463822e-10,1.0293996211e-10,4.98303585894e-11,3.17247166037e-11,5.96727736668e-11,3.83743418986e-11,4.11843198433e-11,2.89195733333e-11,1.51745716687e-11,3.59683463569e-11,3.05322815641e-11,3.71536794386e-11,2.02711562813e-11]},"melbands_crest":{"dmean":3.15375494957,"dmean2":5.18849754333,"dvar":8.82518482208,"dvar2":22.6537361145,"max":34.9216117859,"mean":14.310426712,"median":13.8075370789,"min":1.46085035801,"var":24.8280296326},"melbands_flatness_db":{"dmean":0.0314852111042,"dmean2":0.0486445836723,"dvar":0.00138171098661,"dvar2":0.00324740051292,"max":0.732569515705,"mean":0.216654703021,"median":0.199842110276,"min":0.00109910732135,"var":0.00824036262929},"melbands_kurtosis":{"dmean":11.6442670822,"dmean2":19.4365921021,"dvar":776.675048828,"dvar2":2093.91210938,"max":502.720062256,"mean":18.493976593,"median":5.766913414,"min":-1.83206117153,"var":1296.89245605},"melbands_skewness":{"dmean":0.95538932085,"dmean2":1.5079023838,"dvar":1.72243070602,"dvar2":4.21684789658,"max":16.96027565,"mean":2.59486913681,"median":2.0906124115,"min":-4.38493871689,"var":5.38340044022},"melbands_spread":{"dmean":7.87119960785,"dmean2":12.2331008911,"dvar":160.984451294,"dvar2":350.189331055,"max":272.641204834,"mean":24.5321884155,"median":20.7041473389,"min":0.430648267269,"var":527.488708496},"mfcc":{"cov":[[17201.6855469,765.321655273,1470.65844727,631.23260498,525.511657715,1179.6661377,504.183349609,24.0393486023,-478.047302246,-371.055053711,-408.072296143,-315.660919189,-91.858757019],[765.321655273,1623.51965332,179.527572632,412.672058105,289.974395752,133.922988892,214.825302124,69.9811401367,-29.8952026367,8.63117599487,-39.1729278564,-119.140136719,-54.1921463013],[1470.65844727,179.527572632,1348.1072998,588.340576172,434.874420166,322.843170166,85.5855331421,46.5806121826,30.1907138824,-94.9096984863,-96.9142684937,-8.88755226135,-87.1206741333],[631.23260498,412.672058105,588.340576172,713.351196289,391.126678467,186.423217773,70.2780151367,43.9046936035,93.8527603149,-48.0315322876,-67.4947814941,25.0629501343,-41.0230827332],[525.511657715,289.974395752,434.874420166,391.126678467,461.956207275,196.358642578,74.0223007202,50.9420127869,61.2057380676,-24.5516605377,-45.7402038574,-11.7808170319,-32.1966362],[1179.6661377,133.922988892,322.843170166,186.423217773,196.358642578,394.5965271,212.826980591,53.9554367065,-4.29346704483,9.84779644012,-33.342048645,-63.1799736023,-32.3315467834],[504.183349609,214.825302124,85.5855331421,70.2780151367,74.0223007202,212.826980591,271.042236328,89.5536422729,1.48384559155,47.0705299377,2.42188644409,-55.5161590576,-26.4513187408],[24.0393486023,69.9811401367,46.5806121826,43.9046936035,50.9420127869,53.9554367065,89.5536422729,151.236221313,67.2848205566,36.6268882751,21.3139591217,-5.65873527527,-1.97802269459],[-478.047302246,-29.8952026367,30.1907138824,93.8527603149,61.2057380676,-4.29346704483,1.48384559155,67.2848205566,198.374130249,92.2787322998,27.7254714966,37.1538887024,-5.21563768387],[-371.055053711,8.63117599487,-94.9096984863,-48.0315322876,-24.5516605377,9.84779644012,47.0705299377,36.6268882751,92.2787322998,173.457168579,76.7218399048,1.57775044441,-5.7791724205],[-408.072296143,-39.1729278564,-96.9142684937,-67.4947814941,-45.7402038574,-33.342048645,2.42188644409,21.3139591217,27.7254714966,76.7218399048,131.376937866,57.2557182312,18.9240169525],[-315.660919189,-119.140136719,-8.88755226135,25.0629501343,-11.7808170319,-63.1799736023,-55.5161590576,-5.65873527527,37.1538887024,1.57775044441,57.2557182312,146.709671021,59.4115333557],[-91.858757019,-54.1921463013,-87.1206741333,-41.0230827332,-32.1966362,-32.3315467834,-26.4513187408,-1.97802269459,-5.21563768387,-5.7791724205,18.9240169525,59.4115333557,121.619995117]],"icov":[[0.0000855881298776,-0.0000260034539679,-0.0000399355667469,-0.00000183730276149,0.0000543078822375,-0.000263921916485,0.0000791514758021,-0.0000681461897329,0.000187047990039,0.00000791722868598,0.000157469374244,-0.000021209643819,-0.0000215908748942],[-0.0000260034539679,0.000981743331067,0.000169782957528,-0.000725173100363,-0.000406732928241,0.000715887639672,-0.00082913908409,-0.0000268874955509,0.000544217182323,-0.000245965959039,-0.000311203824822,0.000895828357898,-0.000180843097041],[-0.0000399355667469,0.000169782957528,0.00150129979011,-0.000832418329082,-0.000462150666863,-0.00072101992555,0.000455736066215,-0.000367787666619,0.00030984726618,0.00021643776563,0.000170404731762,-0.000375384610379,0.000799692643341],[-0.00000183730276149,-0.000725173100363,-0.000832418329082,0.00395128177479,-0.00163341069128,-0.00032199229463,-0.000137110473588,0.000550403143279,-0.00175137876067,0.000900867802557,0.00100627122447,-0.00180729094427,0.000567090231925],[0.0000543078822375,-0.000406732928241,-0.000462150666863,-0.00163341069128,0.00496627064422,-0.00179464346729,0.00101069593802,-0.000622349733021,-0.000718463968951,0.000461888790596,0.0000183004194696,0.000232363439864,-0.000100114819361],[-0.000263921916485,0.000715887639672,-0.00072101992555,-0.00032199229463,-0.00179464346729,0.00757404556498,-0.00531248608604,0.00132400006987,-0.00006081337051,-0.000386279571103,-0.00052814616356,0.00177641329356,-0.000907510926481],[0.0000791514758021,-0.00082913908409,0.000455736066215,-0.000137110473588,0.00101069593802,-0.00531248608604,0.00989346485585,-0.00451476825401,0.00210585258901,-0.00223848503083,0.000644282088615,-0.000210327008972,0.000890581286512],[-0.0000681461897329,-0.0000268874955509,-0.000367787666619,0.000550403143279,-0.000622349733021,0.00132400006987,-0.00451476825401,0.0110567668453,-0.00490574352443,0.00225686584599,-0.00264942413196,0.00172852596734,-0.00129141286016],[0.000187047990039,0.000544217182323,0.00030984726618,-0.00175137876067,-0.000718463968951,-0.00006081337051,0.00210585258901,-0.00490574352443,0.0117539698258,-0.00731678074226,0.00352667924017,-0.00312269083224,0.00131990178488],[0.00000791722868598,-0.000245965959039,0.00021643776563,0.000900867802557,0.000461888790596,-0.000386279571103,-0.00223848503083,0.00225686584599,-0.00731678074226,0.0135909840465,-0.00759906694293,0.00358633021824,-0.000312741467496],[0.000157469374244,-0.000311203824822,0.000170404731762,0.00100627122447,0.0000183004194696,-0.00052814616356,0.000644282088615,-0.00264942413196,0.00352667924017,-0.00759906694293,0.0157932769507,-0.00775138661265,0.00152251496911],[-0.000021209643819,0.000895828357898,-0.000375384610379,-0.00180729094427,0.000232363439864,0.00177641329356,-0.000210327008972,0.00172852596734,-0.00312269083224,0.00358633021824,-0.00775138661265,0.0147355506197,-0.00593495974317],[-0.0000215908748942,-0.000180843097041,0.000799692643341,0.000567090231925,-0.000100114819361,-0.000907510926481,0.000890581286512,-0.00129141286016,0.00131990178488,-0.000312741467496,0.00152251496911,-0.00593495974317,0.0114985834807]],"mean":[-693.688659668,107.064239502,-3.96763086319,15.0444803238,2.13541722298,7.99243354797,9.50065898895,9.85253429413,2.10925555229,3.59561753273,0.811429679394,-4.05793142319,1.42956650257]},"pitch_salience":{"dmean":0.0780130252242,"dmean2":0.128262430429,"dvar":0.0063877813518,"dvar2":0.0172159336507,"max":0.978537142277,"mean":0.506431460381,"median":0.506714761257,"min":0.054920591414,"var":0.0155583852902},"silence_rate_20dB":{"dmean":0,"dmean2":0,"dvar":0,"dvar2":0,"max":1,"mean":1,"median":1,"min":1,"var":0},"silence_rate_30dB":{"dmean":0.00622054655105,"dmean2":0.0124422656372,"dvar":0.00618157349527,"dvar2":0.01831940189,"max":1,"mean":0.996795773506,"median":1,"min":0,"var":0.00319400825538},"silence_rate_60dB":{"dmean":0.0344957597554,"dmean2":0.0689980238676,"dvar":0.0333060100675,"dvar2":0.0697041302919,"max":1,"mean":0.199321463704,"median":0,"min":0,"var":0.159572213888},"spectral_centroid":{"dmean":266.372131348,"dmean2":399.195037842,"dvar":129726.007812,"dvar2":252293.4375,"max":11661.8300781,"mean":1441.48217773,"median":1301.47436523,"min":133.757720947,"var":1024434.1875},"spectral_complexity":{"dmean":3.06220555305,"dmean2":4.81459140778,"dvar":19.9814834595,"dvar2":47.3781471252,"max":54,"mean":13.9571199417,"median":13,"min":0,"var":111.9220047},"spectral_contrast_coeffs":{"dmean":[0.0468523800373,0.0487786233425,0.045868460089,0.0353211499751,0.0253580566496,0.0173097867519],"dmean2":[0.0768999606371,0.0779663026333,0.0711197555065,0.0552158392966,0.0394619703293,0.0271436218172],"dvar":[0.00182725675404,0.0017611910589,0.00149468285963,0.000922929670196,0.000489806465339,0.000278282648651],"dvar2":[0.00468651391566,0.00404477398843,0.00334273162298,0.00211012060754,0.00109329167753,0.000682863523252],"max":[-0.333039224148,-0.355822473764,-0.35847234726,-0.489831984043,-0.562588572502,-0.629081904888],"mean":[-0.668036997318,-0.710227429867,-0.707741081715,-0.75234490633,-0.775992035866,-0.778809547424],"median":[-0.661896467209,-0.718294382095,-0.712207615376,-0.756485462189,-0.776151180267,-0.77928841114],"min":[-0.980974137783,-0.975232958794,-0.977527558804,-0.974604547024,-0.976644814014,-0.96417927742],"var":[0.00877131335437,0.0080907298252,0.00816741771996,0.00481224711984,0.00255117146298,0.00157229695469]},"spectral_contrast_valleys":{"dmean":[0.447698950768,0.443894863129,0.408890962601,0.367428153753,0.325982272625,0.36193099618],"dmean2":[0.691600263119,0.694972515106,0.613458156586,0.536415755749,0.454558461905,0.457179814577],"dvar":[0.224902763963,0.198244690895,0.185459986329,0.191411435604,0.197470620275,0.288257718086],"dvar2":[0.437705814838,0.440355867147,0.369921684265,0.364300698042,0.367025524378,0.510398745537],"max":[-4.98711633682,-4.50056505203,-5.06583547592,-5.7897028923,-5.79566526413,-7.1587433815],"mean":[-8.08713531494,-7.88079977036,-8.19850540161,-8.47663211823,-8.27407646179,-10.6195631027],"median":[-7.06107473373,-7.4777264595,-7.78963327408,-8.13755893707,-7.83767318726,-10.0355510712],"min":[-28.2148265839,-28.122013092,-27.8015975952,-27.6688308716,-27.4996032715,-27.3752441406],"var":[6.33789300919,4.06956529617,4.0099363327,3.75215983391,3.75197124481,4.16311502457]},"spectral_decrease":{"dmean":2.80152834264e-9,"dmean2":4.58131621528e-9,"dvar":2.94768987657e-17,"dvar2":7.781472649e-17,"max":7.2458334977e-17,"mean":-6.83418832637e-9,"median":-5.42550848692e-9,"min":-4.87504472346e-8,"var":4.59622907365e-17},"spectral_energy":{"dmean":0.0109199574217,"dmean2":0.0177770834416,"dvar":0.000430375774158,"dvar2":0.00113164272625,"max":0.186233580112,"mean":0.0276965964586,"median":0.0222345050424,"min":1.0023844941e-20,"var":0.000717881368473},"spectral_energyband_high":{"dmean":0.000364446110325,"dmean2":0.000534971710294,"dvar":7.6356371892e-7,"dvar2":0.0000015779523892,"max":0.0253572650254,"mean":0.000852279772516,"median":0.000316224439302,"min":7.03149080227e-21,"var":0.0000026844606964},"spectral_energyband_low":{"dmean":0.00771673349664,"dmean2":0.0133594572544,"dvar":0.000373118993593,"dvar2":0.00103453034535,"max":0.168237313628,"mean":0.0110217267647,"median":0.00754557736218,"min":1.82864047836e-23,"var":0.000319499376928},"spectral_energyband_middle_high":{"dmean":0.00247143465094,"dmean2":0.00361856562085,"dvar":0.0000212364811887,"dvar2":0.000042588388169,"max":0.0854449570179,"mean":0.0078962687403,"median":0.00296979467385,"min":1.17746181458e-21,"var":0.000141507465742},"spectral_energyband_middle_low":{"dmean":0.00417430745438,"dmean2":0.00655108317733,"dvar":0.0000794549050624,"dvar2":0.000200084468815,"max":0.0983821302652,"mean":0.00936116371304,"median":0.00571526959538,"min":1.56093447173e-22,"var":0.000137656170409},"spectral_entropy":{"dmean":0.195259213448,"dmean2":0.27281960845,"dvar":0.0583682470024,"dvar2":0.105095759034,"max":9.81668758392,"mean":7.45692110062,"median":7.52078533173,"min":4.12112665176,"var":0.383244603872},"spectral_flux":{"dmean":0.0309172347188,"dmean2":0.0483774468303,"dvar":0.00177206424996,"dvar2":0.00363857764751,"max":0.369349420071,"mean":0.0804880857468,"median":0.0673057213426,"min":6.32738444972e-11,"var":0.00418783212081},"spectral_kurtosis":{"dmean":1.71073865891,"dmean2":2.80745029449,"dvar":10.0988416672,"dvar2":25.5161685944,"max":125.501922607,"mean":5.23011827469,"median":4.32332849503,"min":-1.27744531631,"var":29.9341754913},"spectral_rms":{"dmean":0.000877984683029,"dmean2":0.00136280665174,"dvar":0.00000181688415068,"dvar2":0.00000439816813014,"max":0.0134792914614,"mean":0.00446675717831,"median":0.00465748878196,"min":3.12719706901e-12,"var":0.00000706921855453},"spectral_rolloff":{"dmean":595.750244141,"dmean2":975.798217773,"dvar":1768109.625,"dvar2":3778395.75,"max":19638.28125,"mean":1800.90808105,"median":1184.32617188,"min":64.599609375,"var":6319354},"spectral_skewness":{"dmean":0.225918754935,"dmean2":0.35203948617,"dvar":0.0832728520036,"dvar2":0.198123306036,"max":9.57576560974,"mean":1.65737831593,"median":1.62954628468,"min":-0.428163379431,"var":0.395867198706},"spectral_spread":{"dmean":662876.8125,"dmean2":930849.8125,"dvar":949174927360,"dvar2":1770043736060,"max":43189752,"mean":5169759,"median":4713136,"min":766202.9375,"var":9892199923710},"spectral_strongpeak":{"dmean":0.590660870075,"dmean2":0.968621611595,"dvar":1.05383574963,"dvar2":2.40178489685,"max":15.2421665192,"mean":1.26928806305,"median":0.427020162344,"min":0,"var":3.61649465561},"zerocrossingrate":{"dmean":0.0133509254083,"dmean2":0.0153795015067,"dvar":0.000417491421103,"dvar2":0.000444576813607,"max":0.5986328125,"mean":0.0717246085405,"median":0.05712890625,"min":0.00341796875,"var":0.00424770778045}},"metadata":{"audio_properties":{"analysis_sample_rate":44100,"bit_rate":160017,"codec":"mp3","downmix":"mix","equal_loudness":0,"length":246.360809326,"lossless":false,"md5_encoded":"497c61d248e294ff358073ff5cd875b7","replay_gain":-12.4572067261,"sample_rate":44100},"tags":{"album":["Black Lightning"],"albumartist":["The BellRays"],"albumartistsort":["BellRays, The"],"artist":["The BellRays"],"artistsort":["BellRays, The"],"barcode":["3298490212295"],"date":["2010"],"discnumber":["1/1"],"encoding":["Lavf56.36.100"],"file_name":"The BellRays - Sun Comes Down.mp3","media":["CD"],"musicbrainz album release country":["US"],"musicbrainz album status":["official"],"musicbrainz album type":["album"],"musicbrainz_albumartistid":["c754774d-d3ea-4216-9486-368c04b1bbe7"],"musicbrainz_albumid":["d93a59a4-9298-4854-9844-0b836f608697"],"musicbrainz_artistid":["c754774d-d3ea-4216-9486-368c04b1bbe7"],"musicbrainz_recordingid":["2a79f4c0-55bd-4917-8e89-965f8b096c5c"],"musicbrainz_releasegroupid":["0990adcf-007e-44fd-9562-1332b50b4a30"],"originaldate":["2010"],"originalyear":["2010"],"script":["Latn"],"title":["Sun Comes Down"],"tracknumber":["3/10"]},"version":{"essentia":"2.1-beta2","essentia_build_sha":"70f2e5ece6736b2c40cc944ad0e695b16b925413","essentia_git_sha":"v2.1_beta2","extractor":"music 1.0"}},"rhythm":{"beats_count":443,"beats_loudness":{"dmean":0.0307940430939,"dmean2":0.0587539076805,"dvar":0.000735771493055,"dvar2":0.00253540673293,"max":0.138034567237,"mean":0.0474785715342,"median":0.0482526235282,"min":0,"var":0.000952833448537},"beats_loudness_band_ratio":{"dmean":[0.413476526737,0.164935871959,0.102763056755,0.156216979027,0.0727657824755,0.129662588239],"dmean2":[0.803550601006,0.312446206808,0.188009753823,0.290618091822,0.137676537037,0.250613629818],"dvar":[0.098922342062,0.0224577188492,0.0199916828424,0.0276264306158,0.00612632138655,0.