{"lowlevel":{"average_loudness":0.955459833145,"barkbands":{"dmean":[0.00581083027646,0.0118912020698,0.00278241652995,0.00118102610577,0.00239704595879,0.00262987613678,0.00209232023917,0.00103499717079,0.000943273771554,0.000902176252566,0.000974697235506,0.0013312981464,0.000639693927951,0.000451035361039,0.000235612023971,0.000157341055456,0.000111515480967,0.000118828364066,0.000129489446408,0.000099369273812,0.00010243547149,0.0000555089281988,0.0000447038073617,0.0000133788716994,0.00000285183227788,0.0000415468020947,0.000303626206005],"dmean2":[0.00911036878824,0.0198193378747,0.00462762219831,0.00201764167286,0.00408973358572,0.00414496008307,0.00334123522043,0.00170308025554,0.00155145232566,0.00150033272803,0.00159497233108,0.00220855697989,0.00107249536086,0.000756836554501,0.000395457202103,0.000263475376414,0.00018555294082,0.000191842525965,0.000202440671274,0.000154814944835,0.000150467545609,0.0000814425438875,0.0000605735112913,0.0000202122391784,0.00000475206707051,0.0000561327979085,0.000459484872408],"dvar":[0.000106609084469,0.000297417776892,0.0000189280672203,0.00000502967805005,0.0000197263561859,0.0000316205150739,0.0000200803260668,0.0000036282565361,0.00000292988283945,0.00000248014043791,0.00000242524015448,0.00000548218167751,8.57746158545e-7,4.75041986192e-7,1.17516307796e-7,4.26116493202e-8,2.93203150648e-8,5.22144780746e-8,1.07464558141e-7,5.65441240497e-8,1.19821763178e-7,3.14151193948e-8,1.45284664299e-8,1.64654256896e-9,2.08073419605e-11,1.65219002923e-8,2.02825575002e-7],"dvar2":[0.000239969798713,0.000802687834948,0.0000476243258163,0.0000132890363602,0.000052328043239,0.0000740885516279,0.0000466330529889,0.00000914474185265,0.00000733910883355,0.00000647743945592,0.00000583839482715,0.000012860014067,0.00000219790786105,0.00000123192035062,3.13477215741e-7,1.13770155963e-7,7.3743080975e-8,1.28275928546e-7,2.54509245678e-7,1.22498335031e-7,2.50934505175e-7,7.37953769203e-8,2.64881556689e-8,3.94593202557e-9,5.18017746753e-11,3.21095683375e-8,4.11807576484e-7],"max":[0.136369168758,0.223267287016,0.0871354192495,0.0528328791261,0.0722232982516,0.0918256640434,0.0841923728585,0.0483849421144,0.0431929305196,0.0421313717961,0.0468649156392,0.128566518426,0.0334177091718,0.0430303737521,0.00884357467294,0.00590157043189,0.00494322413579,0.00712439790368,0.00904948357493,0.00786744151264,0.0101924212649,0.0108869131655,0.00700054550543,0.00244971807115,0.0000867649214342,0.00824616011232,0.0291121080518],"mean":[0.00811068993062,0.0167169831693,0.00346052716486,0.00145312631503,0.00306538492441,0.00369325955398,0.00301566137932,0.00149911129847,0.00144408084452,0.00133744534105,0.00162526546046,0.00240067718551,0.00112271448597,0.000822194037028,0.000463543168735,0.000314565229928,0.000222276939894,0.000226320204092,0.000230578589253,0.000174730579602,0.00017745650257,0.0000934727213462,0.0000724949059077,0.0000177754027391,0.00000291278047371,0.0000673512913636,0.00108717102557],"median":[0.00409359205514,0.0107009476051,0.00192434038036,0.000779579742812,0.00163164164405,0.00129019317683,0.00130309991073,0.000805766612757,0.000845432979986,0.000802188413218,0.00101872265805,0.00165275309701,0.000833270256408,0.00064637005562,0.000350541784428,0.000246522948146,0.000166686440934,0.000134190820972,0.0000935316929827,0.0000676718191244,0.0000509681121912,0.0000267655723292,0.0000120474724099,0.0000034196946217,0.00000123311883726,0.0000109158927444,0.000868997653015],"min":[3.2538680704e-25,1.61130677462e-24,1.52126678254e-24,1.14146259998e-24,8.95502593377e-24,3.24757941917e-24,6.54227079489e-24,5.46613080825e-24,1.25491093501e-23,1.27845259546e-23,1.80851505895e-23,1.5889389392e-23,2.67465688052e-23,2.54579787161e-23,4.34591645285e-23,4.80995378293e-23,8.26703004607e-23,1.08235035723e-22,1.07093131164e-22,1.82369507779e-22,2.40300006914e-22,3.17168633003e-22,4.46167813038e-22,5.83905148522e-22,8.72463500432e-22,1.28068864379e-21,1.97111646975e-21],"var":[0.000153112239786,0.000358706893167,0.0000223818242375,0.00000545993907508,0.0000209526315302,0.0000567378265259,0.000036401746911,0.00000569549365537,0.00000424217705586,0.00000342621592608,0.00000483758685732,0.0000118554635264,0.00000158235889103,6.90663455316e-7,2.15767798295e-7,8.69698126849e-8,5.35828199588e-8,9.47016971509e-8,2.12004707123e-7,1.34426912268e-7,2.72710195759e-7,4.78064912102e-8,3.4345273292e-8,2.53620835444e-9,2.27009921278e-11,3.60783047881e-8,0.00000104369348719]},"barkbands_crest":{"dmean":3.07697677612,"dmean2":5.01979637146,"dvar":6.67350816727,"dvar2":17.3973827362,"max":24.8754920959,"mean":10.0607824326,"median":9.45496845245,"min":2.30390691757,"var":17.0056190491},"barkbands_flatness_db":{"dmean":0.0286644604057,"dmean2":0.0448152571917,"dvar":0.000678694457747,"dvar2":0.00172464642674,"max":0.478109031916,"mean":0.143368065357,"median":0.131012424827,"min":0.0252213142812,"var":0.00391111895442},"barkbands_kurtosis":{"dmean":3.77073574066,"dmean2":6.07255983353,"dvar":40.3547592163,"dvar2":104.238510132,"max":322.178924561,"mean":6.336414814,"median":3.76441955566,"min":-1.73965215683,"var":128.812957764},"barkbands_skewness":{"dmean":0.60126543045,"dmean2":0.95101493597,"dvar":0.338083148003,"dvar2":0.840159118176,"max":13.9578132629,"mean":1.9395788908,"median":1.76670455933,"min":-2.46433162689,"var":1.28773057461},"barkbands_spread":{"dmean":6.96490573883,"dmean2":10.711640358,"dvar":48.8413543701,"dvar2":106.97151947,"max":114.772239685,"mean":27.2016105652,"median":25.0059680939,"min":0.667309999466,"var":234.403533936},"dissonance":{"dmean":0.0199349150062,"dmean2":0.0341368950903,"dvar":0.000431584485341,"dvar2":0.00120885542128,"max":0.500000059605,"mean":0.469374924898,"median":0.476359456778,"min":0.165854200721,"var":0.000729155784938},"dynamic_complexity":1.97946095467,"erbbands":{"dmean":[0.609508395195,1.9106771946,3.16449832916,3.36617588997,5.4055929184,8.37368392944,14.1994285583,25.2673606873,30.7029323578,26.6390781403,20.8958950043,21.0305633545,22.3197898865,31.5539207458,42.2397117615,53.3967590332,29.655248642,23.3883476257,14.448390007,10.5340738297,8.19225120544,6.0556101799,6.40955448151,6.04501104355,6.36642408371,4.41858243942,4.52931451797,3.61700057983,2.06558012962,1.52794659138,1.26293563843,0.602436900139,0.0590147003531,0.0320524834096,0.0203590542078,0.0149518279359,0.0985883325338,0.0723974853754,0.0284818932414,0.00602030754089],"dmean2":[1.0257114172,3.1752448082,5.26977348328,5.63210582733,9.25504684448,14.4008102417,23.1426544189,39.9378929138,49.0578384399,43.5857315063,34.2843399048,34.6069030762,36.9055480957,52.249710083,69.0739135742,88.6170349121,49.4401016235,39.121925354,24.1794338226,17.7637500763,13.7822694778,10.0060224533,10.3946990967,9.5029258728,9.9790391922,6.83172798157,6.83371543884,5.35275506973,3.0600297451,2.13404655457,1.72823798656,0.848963856697,0.0943802073598,0.0534193105996,0.0338388122618,0.0236249156296,0.133991554379,0.0967385321856,0.0396451950073,0.00930481497198],"dvar":[0.960567474365,6.41662025452,20.9789714813,32.621723175,82.8539581299,274.018005371,1059.58068848,3414.91552734,4412.56933594,2671.01611328,1456.21130371,1595.08728027,1951.71044922,2324.61669922,5639.99804688,9873.32324219,1921.90722656,1473.68164062,405.903869629,208.677383423,124.174560547,91.8804702759,137.844863892,241.091140747,257.170623779,113.302085876,243.510070801,155.110565186,46.7009239197,18.6101303101,12.3385219574,3.54271173477,0.00942727643996,0.0026499745436,0.00104106822982,0.000561525172088,0.0949321761727,0.043053753674,0.00464323163033,0.0000551742523385],"dvar2":[2.6236076355,17.2760658264,53.5302619934,85.4665603638,220.866226196,736.04095459,2535.97387695,7977.82373047,10652.1044922,6491.83105469,3623.58178711,4138.10888672,5117.81933594,5883.08886719,13930.9990234,21903.2578125,4848.35595703,3819.00146484,1048.49926758,549.313720703,334.227111816,226.789596558,334.996368408,561.600769043,605.69140625,241.871673584,531.500427246,343.404693604,113.685653687,38.7020759583,22.7400360107,7.53225517273,0.0226007923484,0.00659905467182,0.00259376945905,0.00128699105699,0.185625970364,0.0774365589023,0.00894591212273,0.000119408374303],"max":[11.4671325684,39.2664909363,88.0216674805,138.87020874,185.345352173,267.924957275,851.317443848,1014.17071533,1127.61169434,954.783447266,841.430114746,974.685974121,1454.18334961,1354.09899902,2915.8347168,6380.02099609,1844.92871094,2415.40966797,574.824645996,332.473999023,221.776657104,328.26574707,303.565216064,543.420715332,521.832275391,349.736572266,541.494445801,561.827087402,443.577850342,264.0965271,208.084671021,123.867774963,4.7216129303,0.98595893383,0.608830749989,1.29262804985,18.4524879456,16.4392185211,3.74822354317,0.411729365587],"mean":[0.768068730831,2.6873664856,4.2976102829,4.74595308304,7.04634714127,10.1499567032,17.3673400879,35.4017982483,43.8316612244,39.5051002502,32.0712738037,32.843963623,34.1096420288,52.7183990479,79.7476654053,98.0379257202,57.9133224487,44.4794883728,30.6892127991,21.7698001862,16.8894672394,13.0881032944,12.8173103333,11.2381734848,11.2877635956,8.08362197876,7.67273616791,6.16229581833,3.52008032799,2.54549145699,2.00944805145,0.876820802689,0.0732318088412,0.0333753302693,0.0214211195707,0.0200818125159,0.15526008606,0.137007698417,0.073355384171,0.0307119078934],"median":[0.44319152832,1.66757488251,2.70659661293,2.75541615486,3.93521499634,5.2430729866,5.62076711655,12.6657419205,17.4944610596,20.2389698029,18.3643417358,19.5337028503,19.9737281799,36.1558647156,53.4958305359,67.6096115112,44.1715545654,35.4361724854,24.789768219,17.2956047058,13.3479547501,9.84537696838,8.17983722687,5.11560106277,4.35525894165,3.21634316444,2.45098972321,1.64580178261,1.02409267426,0.573010861874,0.305028170347,0.120509408414,0.0306650288403,0.0147018618882,0.00960583239794,0.00950998812914,0.0212927553803,0.035691216588,0.0337046682835,0.0279271360487],"min":[3.07086479453e-23,4.47825607386e-22,2.60669733395e-21,5.96002937611e-21,2.14819515938e-20,2.30669734347e-20,3.73133322569e-20,4.64299838247e-20,5.09653763493e-20,1.30551201893e-19,1.61718242925e-19,3.68834432614e-19,3.14578777357e-19,8.07947164046e-19,8.14180383552e-19,7.39864667863e-19,1.54906309768e-18,1.81898857177e-18,3.21906785914e-18,2.79881171789e-18,3.28312886167e-18,4.95189357599e-18,5.71035781352e-18,6.5764101246e-18,6.31709686078e-18,7.44080145701e-18,9.40402282385e-18,1.00181895394e-17,1.10731583219e-17,1.10826394661e-17,1.23864928328e-17,1.09958235521e-17,1.02964679867e-17,8.91411600708e-18,6.33845755933e-18,3.8019392302e-18,2.40933289929e-18,9.58525830286e-19,2.62678079455e-19,2.85178012502e-20],"var":[1.00717437267,9.01354980469,25.789352417,39.7337341309,100.158493042,272.449920654,1546.14978027,5892.16259766,7287.6640625,4605.71337891,2267.59057617,2208.93969727,2521.31787109,3743.58422852,10374.7451172,23098.328125,4032.84448242,2027.78039551,809.656677246,404.446716309,242.970214844,181.87651062,261.649932861,441.91494751,524.049072266,278.388336182,501.098144531,322.626586914,68.0711364746,35.9804458618,28.3756732941,6.7114739418,0.0143587617204,0.00289578735828,0.00114757393021,0.000978376017883,0.205918595195,0.0975686758757,0.0152985220775,0.000437027949374]},"erbbands_crest":{"dmean":2.7816286087,"dmean2":4.61744356155,"dvar":6.53295564651,"dvar2":16.8109455109,"max":33.2160949707,"mean":8.75318241119,"median":7.90584850311,"min":2.54081130028,"var":14.1267223358},"erbbands_flatness_db":{"dmean":0.0244907252491,"dmean2":0.0377826318145,"dvar":0.000503656920046,"dvar2":0.00125016376842,"max":0.383403658867,"mean":0.156208440661,"median":0.150217562914,"min":0.0438234657049,"var":0.00184585165698},"erbbands_kurtosis":{"dmean":0.988809049129,"dmean2":1.6140396595,"dvar":1.57331573963,"dvar2":3.95819497108,"max":59.4811477661,"mean":0.916714310646,"median":0.565081357956,"min":-1.66122841835,"var":3.04011106491},"erbbands_skewness":{"dmean":0.365579605103,"dmean2":0.56857919693,"dvar":0.103080146015,"dvar2":0.244537040591,"max":3.1274471283,"mean":0.0399496145546,"median":0.0445948503911,"min":-4.20548152924,"var":0.409376710653},"erbbands_spread":{"dmean":5.42118215561,"dmean2":8.39183521271,"dvar":25.6686973572,"dvar2":57.4334449768,"max":83.8678741455,"mean":24.3461761475,"median":22.3837928772,"min":0.988733887672,"var":107.467277527},"gfcc":{"cov":[[13367.0664062,-700.660217285,-1521.70788574,413.12387085,-278.449890137,-710.255126953,297.758331299,-381.623596191,212.426315308,44.7638778687,-31.8111629486,303.134887695,-422.099853516],[-700.660217285,1133.88146973,155.737045288,-416.464935303,192.286529541,149.44102478,-91.3105163574,78.4796600342,-54.4619178772,-17.6332244873,75.8351745605,-138.179672241,233.627944946],[-1521.70788574,155.737045288,494.605621338,-33.875617981,-91.3748092651,249.530319214,-118.000457764,114.625,-58.4835929871,-15.4930858612,-15.4247293472,-40.3841629028,43.0562019348],[413.12387085,-416.464935303,-33.875617981,321.454650879,-22.8285732269,-105.342300415,104.221427917,-59.019443512,18.3588180542,-1.89304924011,-43.0713424683,59.4379577637,-102.118339539],[-278.449890137,192.286529541,-91.3748092651,-22.8285732269,235.372512817,-3.4446747303,54.3625106812,-16.38971138,4.01892948151,-3.47178196907,29.5373878479,-25.7496166229,63.5811576843],[-710.255126953,149.44102478,249.530319214,-105.342300415,-3.4446747303,325.728118896,-90.0480575562,119.824676514,-41.4717216492,-5.08449554443,3.57445168495,-37.0512046814,51.0998649597],[297.758331299,-91.3105163574,-118.000457764,104.221427917,54.3625106812,-90.0480575562,210.269958496,-57.7580337524,52.0949287415,-3.4966480732,-24.6733932495,26.0931224823,-53.892578125],[-381.623596191,78.4796600342,114.625,-59.019443512,-16.38971138,119.824676514,-57.7580337524,146.209457397,-7.62988615036,25.5420246124,12.0967330933,-44.1319084167,54.6403465271],[212.426315308,-54.4619178772,-58.4835929871,18.3588180542,4.01892948151,-41.4717216492,52.0949287415,-7.62988615036,110.56653595,28.3608703613,4.85143899918,34.4887504578,-49.4651832581],[44.7638778687,-17.6332244873,-15.4930858612,-1.89304924011,-3.47178196907,-5.08449554443,-3.4966480732,25.5420246124,28.3608703613,68.2329788208,33.0843162537,4.18942451477,16.9643859863],[-31.8111629486,75.8351745605,-15.4247293472,-43.0713424683,29.5373878479,3.57445168495,-24.6733932495,12.0967330933,4.85143899918,33.0843162537,65.1179656982,15.7322397232,37.8558120728],[303.134887695,-138.179672241,-40.3841629028,59.4379577637,-25.7496166229,-37.0512046814,26.0931224823,-44.1319084167,34.4887504578,4.18942451477,15.7322397232,87.1375198364,-29.1098098755],[-422.099853516,233.627944946,43.0562019348,-102.118339539,63.5811576843,51.0998649597,-53.892578125,54.6403465271,-49.4651832581,16.9643859863,37.8558120728,-29.1098098755,149.302688599]],"icov":[[0.000204519397812,-0.000493984261993,0.00108047190588,-0.000675810675602,0.000688736676238,-0.000355750875315,0.000226691918215,-0.000191126848222,0.000223990282393,-0.000264875270659,0.000313467229716,-0.00062411656836,0.000460738869151],[-0.000493984261993,0.00443035596982,-0.0041510858573,0.00457891868427,-0.00274493149482,0.0013209306635,-0.00155104452278,0.00201449356973,-0.00226775510237,0.00307811563835,-0.00355543382466,0.00505597656593,-0.00379431131296],[0.00108047190588,-0.0041510858573,0.0108480956405,-0.00684356177226,0.00651289103553,-0.00543854478747,0.00247719720937,-0.00148466485552,0.000721319986042,-0.000287602975732,0.00175761687569,-0.00258572795428,0.00158828892745],[-0.000675810675602,0.00457891868427,-0.00684356177226,0.0125993154943,-0.00657500186935,0.00488506210968,-0.00335336965509,-0.00100951932836,0.00377694121562,-0.00287772133015,0.00340775377117,-0.0028428954538,0.00196246546693],[0.000688736676238,-0.00274493149482,0.00651289103553,-0.00657500186935,0.0124203404412,-0.00476612942293,-0.00107194564771,0.00322731724009,-0.00444220099598,0.00494016567245,-0.00641774246469,0.00546314613894,-0.00469960831106],[-0.000355750875315,0.0013209306635,-0.00543854478747,0.00488506210968,-0.00476612942293,0.00873823650181,-0.000263580965111,-0.0050358674489,0.00333108473569,-0.00126696401276,0.0025262539275,-0.00355046079494,0.00253845355473],[0.000226691918215,-0.00155104452278,0.00247719720937,-0.00335336965509,-0.00107194564771,-0.000263580965111,0.00868485029787,0.00014893898333,-0.00186621607281,-0.00144413136877,0.00449071777984,-0.00221412116662,0.00166255398653],[-0.000191126848222,0.00201449356973,-0.00148466485552,-0.00100951932836,0.00322731724009,-0.0050358674489,0.00014893898333,0.0175909809768,-0.0080726724118,0.00103985657915,-0.00572776794434,0.0127624282613,-0.00884186197072],[0.000223990282393,-0.00226775510237,0.000721319986042,0.00377694121562,-0.00444220099598,0.00333108473569,-0.00186621607281,-0.0080726724118,0.0230578705668,-0.0140676349401,0.00952517334372,-0.015756495297,0.0133399767801],[-0.000264875270659,0.00307811563835,-0.000287602975732,-0.00287772133015,0.00494016567245,-0.00126696401276,-0.00144413136877,0.00103985657915,-0.0140676349401,0.0333396419883,-0.0219762697816,0.0140510704368,-0.0101600298658],[0.000313467229716,-0.00355543382466,0.00175761687569,0.00340775377117,-0.00641774246469,0.0025262539275,0.00449071777984,-0.00572776794434,0.00952517334372,-0.0219762697816,0.0406691469252,-0.0217025242746,0.00496896123514],[-0.00062411656836,0.00505597656593,-0.00258572795428,-0.0028428954538,0.00546314613894,-0.00355046079494,-0.00221412116662,0.0127624282613,-0.015756495297,0.0140510704368,-0.0217025242746,0.0351341739297,-0.0119199482724],[0.000460738869151,-0.00379431131296,0.00158828892745,0.00196246546693,-0.00469960831106,0.00253845355473,0.00166255398653,-0.00884186197072,0.0133399767801,-0.0101600298658,0.00496896123514,-0.0119199482724,0.0217805728316]],"mean":[17.4786567688,108.157279968,-91.2362365723,-14.1783838272,-9.47791862488,-9.53878307343,9.28667831421,-20.0163784027,2.24054980278,-4.67445755005,1.18754148483,2.82188820839,-8.47071266174]},"hfc":{"dmean":52.2353515625,"dmean2":84.0969924927,"dvar":3020.61743164,"dvar2":7582.83105469,"max":1061.93127441,"mean":208.635803223,"median":200.083480835,"min":1.07250497836e-16,"var":10212.2558594},"melbands":{"dmean":[0.00433011678979,0.0017902997788,0.000593043514527,0.000482458446641,0.000480783288367,0.000551052275114,0.000451122963568,0.000272671168204,0.000172905260115,0.000134068439365,0.000115437469503,0.000131767839775,0.000140916818054,0.000154360663146,0.000097650270618,0.0000635347532807,0.0000450888474006,0.0000276434439002,0.000017007756469,0.0000115837437988,0.0000104137006929,0.00000670694498695,0.00000679982304064,0.00000573261695536,0.00000518700016983,0.00000518138131156,0.00000431781609223,0.00000283260828837,0.00000310310906571,0.00000266123129222,0.00000200225417757,0.00000129788270442,9.45738463543e-7,8.55864016103e-7,7.41361589007e-7,7.23685957382e-7,2.14057507719e-7,3.35377308147e-8,2.93104793769e-8,2.60715129485e-8],"dmean2":[0.00717552751303,0.00297571416013,0.000991866691038,0.000823709648103,0.000793456158135,0.000867695373017,0.00071876734728,0.000447183847427,0.000284355861368,0.000220950358198,0.000190985956579,0.000218946210225,0.000230030418606,0.000256414525211,0.000162027819897,0.000106368090201,0.0000757524539949,0.0000465326666017,0.0000286334925477,0.0000194884250959,0.0000176146204467,0.0000111909439511,0.0000112928673843,0.00000924551295611,0.00000827217718324,0.00000819274555397,0.00000687499414198,0.00000446654257757,0.00000483223084302,0.0000039627748265,0.000003063062195,0.00000198583552447,0.00000138733798849,0.00000122424285109,0.00000104422713321,0.00000100802526504,3.20786142538e-7,5.60769599645e-8,4.89977480811e-8,4.35059668291e-8],"dvar":[0.0000438153911091,0.00000488572914037,9.31752651923e-7,6.84918063598e-7,0.00000109745690224,0.00000145567616983,9.44213979892e-7,2.69450424639e-7,9.92337092498e-8,6.71152022846e-8,5.19318952286e-8,4.26031299128e-8,5.47179688226e-8,7.47817736624e-8,2.39434196914e-8,8.73326566619e-9,5.94912963336e-9,1.3936295451e-9,6.23173235237e-10,2.47410508747e-10,1.99971941783e-10,1.05036007669e-10,1.2709136521e-10,1.38659556059e-10,1.91675314509e-10,1.74728759239e-10,1.06985115211e-10,5.35065533547e-11,1.10874594228e-10,8.67207208821e-11,4.93637491994e-11,1.89199437367e-11,8.54097782083e-12,5.43120062813e-12,4.15261835335e-12,4.74215978985e-12,4.93513975346e-13,2.98485792052e-15,2.25658216885e-15,1.76031064725e-15],"dvar2":[0.000117639319797,0.0000128119172587,0.00000243310000769,0.00000181908399099,0.00000273090131486,0.00000341468512488,0.00000223924030252,6.64487060931e-7,2.44693637796e-7,1.72528984876e-7,1.36133124329e-7,1.08277227184e-7,1.32024894128e-7,1.77703483928e-7,5.79132510836e-8,2.24921326009e-8,1.5334494563e-8,3.64712260392e-9,1.70151881473e-9,6.46130149384e-10,5.45147760267e-10,2.65776733954e-10,3.22984777812e-10,3.38542527345e-10,4.55940091237e-10,4.27104712708e-10,2.52970006054e-10,1.18149698358e-10,2.4751650729e-10,1.84620124744e-10,1.15374626519e-10,4.76113731773e-11,1.83783439855e-11,1.15732362929e-11,7.95230114398e-12,9.08898217106e-12,1.19545269951e-12,7.41751664702e-15,5.61181477468e-15,4.38025766849e-15],"max":[0.0803648158908,0.0350886918604,0.0209466163069,0.0131189152598,0.0221169814467,0.0199196729809,0.015814255923,0.00919211935252,0.00718476902694,0.00617398694158,0.0074797719717,0.00600864225999,0.00712111033499,0.0145595371723,0.00690180482343,0.00332169514149,0.00545132579282,0.00103026768193,0.000573032069951,0.000471488921903,0.000249961449299,0.000336996046826,0.000282824243186,0.000339125486789,0.000493764819112,0.000377684336854,0.000353196723154,0.000245149683906,0.000349098147126,0.000284302484943,0.000348142144503,0.000274919671938,0.000218173270696,0.000116292671009,0.000113726790005,0.000134363363031,0.0000442230666522,0.00000104996377104,9.13869769192e-7,8.02913461939e-7],"mean":[0.00617051869631,0.00271301530302,0.000881532905623,0.000631164410152,0.000586023903452,0.000785303476732,0.000656259653624,0.000402071105782,0.000258132204181,0.000202750408789,0.000169172490132,0.000207020435482,0.000248300872045,0.000279359781416,0.000178599177161,0.000110196582682,0.0000790893827798,0.000052781910199,0.0000328128735418,0.0000228188837355,0.0000192536699615,0.0000130814632939,0.0000128553338072,0.0000102735957626,0.0000088837241492,0.00000871805332281,0.00000712042083251,0.00000487736861032,0.00000490225738758,0.00000435334050053,0.00000322626624438,0.00000207337234315,0.00000151978463236,0.00000136315736654,0.00000114904651127,0.00000107477922029,2.81703847804e-7,3.32920997437e-8,2.92763626675e-8,2.63631516617e-8],"median":[0.00391411222517,0.00186775648035,0.000540024950169,0.000350810325472,0.000207659497391,0.000286674243398,0.000269117037533,0.000203891977435,0.000144910794916,0.000117608280561,0.0000956585645326,0.000134751870064,0.000158782102517,0.000193174826563,0.000126701255795,0.0000820690693217,0.0000611004143138,0.000041594805225,0.0000247993903031,0.0000178291938937,0.0000146304728332,0.00000962196918408,0.00000885349072632,0.00000558558485864,0.00000379233119929,0.00000338644895237,0.00000266222764367,0.00000189448678611,0.00000156718181188,0.00000116337946565,8.22215326934e-7,5.94365587858e-7,3.99458713218e-7,2.71897192761e-7,1.76879169089e-7,1.14597128231e-7,4.64564813285e-8,1.31760922173e-8,1.18039373831e-8,1.09038928997e-8],"min":[4.4734630536e-25,1.08260706835e-24,1.6303139837e-24,1.66947796942e-24,8.40485343365e-25,1.04520963802e-24,9.83396173816e-25,1.19017190125e-24,1.62012012587e-24,1.67200646583e-24,1.33906476256e-24,2.82172686177e-24,2.48181340303e-24,1.98412657995e-24,2.63984709146e-24,2.19784122652e-24,2.97204253232e-24,3.94944632149e-24,2.30364837872e-24,4.11881751885e-24,3.35200843137e-24,4.52530610483e-24,3.97818965186e-24,4.67004709258e-24,5.00037234145e-24,3.79490373699e-24,2.87569303351e-24,5.27523751324e-24,4.86311054394e-24,4.61029285116e-24,5.02821321494e-24,5.45836289491e-24,5.50166110342e-24,6.01903316152e-24,5.55679025335e-24,6.95420015453e-24,6.19491443351e-24,6.69072534535e-24,5.42622785708e-24,6.84896295433e-24],"var":[0.000052130119002,0.00000712683595339,0.00000118133812066,7.66124117035e-7,0.00000146553986724,0.00000259903231381,0.00000165498965998,4.57975119161e-7,1.51406140958e-7,9.14032725063e-8,6.66532358196e-8,6.5757760126e-8,1.10680325349e-7,1.55113497158e-7,5.08219386575e-8,1.50168482094e-8,7.66679342235e-9,2.5743955856e-9,1.07239084279e-9,4.86462148341e-10,3.52858242625e-10,1.91182680798e-10,2.24748802902e-10,2.36895475458e-10,3.2216185275e-10,3.26345478419e-10,2.10435058268e-10,1.18683729511e-10,2.14575066049e-10,1.86379855993e-10,8.93290719173e-11,2.54522392745e-11,1.42082543647e-11,1.05593034316e-11,9.15900688625e-12,1.0030463439e-11,7.28421717475e-13,3.21533960888e-15,2.4359947585e-15,1.91103677208e-15]},"melbands_crest":{"dmean":4.92428207397,"dmean2":8.06269931793,"dvar":17.2451667786,"dvar2":45.6351051331,"max":37.016368866,"mean":17.076467514,"median":16.2573013306,"min":1.5924706459,"var":46.2436408997},"melbands_flatness_db":{"dmean":0.0374548956752,"dmean2":0.0591118857265,"dvar":0.00106601254083,"dvar2":0.00278041698039,"max":0.651753365993,"mean":0.258492767811,"median":0.24687191844,"min":0.0032341433689,"var":0.00626702420413},"melbands_kurtosis":{"dmean":4.97153377533,"dmean2":8.06416511536,"dvar":52.2843704224,"dvar2":130.405578613,"max":205.480529785,"mean":7.61984968185,"median":4.32711935043,"min":-1.79277634621,"var":145.711257935},"melbands_skewness":{"dmean":0.748128831387,"dmean2":1.19361531734,"dvar":0.491819530725,"dvar2":1.26263272762,"max":10.7232618332,"mean":2.19210910797,"median":1.96262133121,"min":-2.26183366776,"var":1.6182820797},"melbands_spread":{"dmean":6.00503730774,"dmean2":9.54622745514,"dvar":36.6591567993,"dvar2":85.5264511108,"max":160.367843628,"mean":19.9121627808,"median":18.0651702881,"min":0.511837482452,"var":182.906097412},"mfcc":{"cov":[[7174.31982422,-752.772338867,-1168.54077148,919.838012695,-694.348388672,182.344284058,-487.878936768,135.446990967,-352.112670898,125.057609558,-35.3545799255,87.3317871094,94.8956069946],[-752.772338867,1373.60339355,65.5515365601,-395.616912842,265.031036377,-82.2452392578,182.175750732,-113.424133301,149.125900269,-92.3153457642,33.3347854614,5.93697738647,10.3086013794],[-1168.54077148,65.5515365601,663.035827637,-266.591003418,140.860519409,-30.00233078,66.6176223755,31.8498363495,36.1398849487,25.8307361603,-20.3765678406,-14.6294879913,-37.7721748352],[919.838012695,-395.616912842,-266.591003418,498.074462891,-227.027999878,82.2110824585,-99.0003204346,44.2997665405,-76.8392028809,22.4676017761,-3.30036783218,-12.6106081009,5.51547050476],[-694.348388672,265.031036377,140.860519409,-227.027999878,288.079925537,-53.5862045288,119.416419983,-55.4553833008,76.2394180298,-47.3777694702,13.0683059692,3.39358615875,0.568874299526],[182.344284058,-82.2452392578,-30.00233078,82.2110824585,-53.5862045288,160.534210205,-21.2637710571,80.1566925049,-38.31092453,34.9995613098,-14.680727005,5.70548772812,0.0517898760736],[-487.878936768,182.175750732,66.6176223755,-99.0003204346,119.416419983,-21.2637710571,187.124526978,-37.8046150208,91.0111465454,-47.966342926,22.7633171082,-21.722070694,-6.1250872612],[135.446990967,-113.424133301,31.8498363495,44.2997665405,-55.4553833008,80.1566925049,-37.8046150208,130.638885498,-29.0634307861,58.3026504517,-18.3872776031,3.65919733047,-7.9548163414],[-352.112670898,149.125900269,36.1398849487,-76.8392028809,76.2394180298,-38.31092453,91.0111465454,-29.0634307861,128.259536743,-13.280049324,34.4949150085,-4.66235208511,-1.1458479166],[125.057609558,-92.3153457642,25.8307361603,22.4676017761,-47.3777694702,34.9995613098,-47.966342926,58.3026504517,-13.280049324,88.8753128052,10.4659433365,17.2200450897,-1.33340442181],[-35.3545799255,33.3347854614,-20.3765678406,-3.30036783218,13.0683059692,-14.680727005,22.7633171082,-18.3872776031,34.4949150085,10.4659433365,65.2952728271,16.9055366516,9.89952754974],[87.3317871094,5.93697738647,-14.6294879913,-12.6106081009,3.39358615875,5.70548772812,-21.722070694,3.65919733047,-4.66235208511,17.2200450897,16.9055366516,55.4181060791,24.1903839111],[94.8956069946,10.3086013794,-37.7721748352,5.51547050476,0.568874299526,0.0517898760736,-6.1250872612,-7.9548163414,-1.1458479166,-1.33340442181,9.89952754974,24.1903839111,50.9403915405]],"icov":[[0.00026243244065,-0.0000212984232348,0.000333837029757,-0.00016478105681,0.000193120722543,0.000093060596555,0.000139944459079,-0.0000977638701443,0.000288704963168,-0.000170193699887,0.000106215971755,-0.000216818138142,-0.000135519861942],[-0.0000212984232348,0.00112017337233,0.000218993256567,0.000814577040728,-0.000203347866773,-0.00030055877869,-0.000188819205505,0.000307708774926,-0.000622235995252,0.000562786008231,-0.000083876941062,-0.0000835318569443,-0.0000281956381514],[0.000333837029757,0.000218993256567,0.00270670140162,0.000923353771213,-0.000282602850348,0.000505415897351,-0.000401923229219,-0.000800553651061,0.000523529015481,-0.00132326164749,0.00083474960411,0.0000629908245173,0.000855129910633],[-0.00016478105681,0.000814577040728,0.000923353771213,0.00454949960113,0.00192654004786,-0.00134360569064,0.000113056885311,0.0000798206383479,-0.0000455479639641,0.001043700031,-0.00123176805209,0.00163237040397,-0.000169392005773],[0.000193120722543,-0.000203347866773,-0.000282602850348,0.00192654004786,0.00726850982755,0.0000316945770464,-0.00228615500964,0.000750629056711,-0.000516647996847,0.00149273511488,0.00031279376708,-0.00186080194544,-0.000125308113638],[0.000093060596555,-0.00030055877869,0.000505415897351,-0.00134360569064,0.0000316945770464,0.0103418091312,-0.00220232177526,-0.00571946054697,0.00253474246711,-0.00120687438175,0.00103936751839,-0.00146147003397,-0.000243662798312],[0.000139944459079,-0.000188819205505,-0.000401923229219,0.000113056885311,-0.00228615500964,-0.00220232177526,0.0120475376025,-0.000354983814759,-0.00569610670209,0.00480984989554,-0.00300878146663,0.00395330181345,-0.000406661885791],[-0.0000977638701443,0.000307708774926,-0.000800553651061,0.0000798206383479,0.000750629056711,-0.00571946054697,-0.000354983814759,0.0159549787641,-0.000563116453122,-0.00789657048881,0.00414299592376,0.0000133858166009,0.000933015020564],[0.000288704963168,-0.000622235995252,0.000523529015481,-0.0000455479639641,-0.000516647996847,0.00253474246711,-0.00569610670209,-0.000563116453122,0.0151400351897,-0.00251120771281,-0.00466619478539,0.000782827904914,0.0000214669162233],[-0.000170193699887,0.000562786008231,-0.00132326164749,0.001043700031,0.00149273511488,-0.00120687438175,0.00480984989554,-0.00789657048881,-0.00251120771281,0.0223568603396,-0.00688747921959,-0.00334932864644,0.00189645274077],[0.000106215971755,-0.000083876941062,0.00083474960411,-0.00123176805209,0.00031279376708,0.00103936751839,-0.00300878146663,0.00414299592376,-0.00466619478539,-0.00688747921959,0.0234631989151,-0.00689333910123,-0.000719416246284],[-0.000216818138142,-0.0000835318569443,0.0000629908245173,0.00163237040397,-0.00186080194544,-0.00146147003397,0.00395330181345,0.0000133858166009,0.000782827904914,-0.00334932864644,-0.00689333910123,0.0288965292275,-0.0116622410715],[-0.000135519861942,-0.0000281956381514,0.000855129910633,-0.000169392005773,-0.000125308113638,-0.000243662798312,-0.000406661885791,0.000933015020564,0.0000214669162233,0.00189645274077,-0.000719416246284,-0.0116622410715,0.0263678692281]],"mean":[-647.117797852,177.718078613,-21.7277565002,20.7242794037,-6.68280315399,25.168888092,3.68091654778,11.1069412231,-2.39768910408,4.37415885925,2.94781208038,7.8489356041,6.52688312531]},"pitch_salience":{"dmean":0.0834471806884,"dmean2":0.135210692883,"dvar":0.00518174050376,"dvar2":0.0131806591526,"max":0.844127237797,"mean":0.52994787693,"median":0.540641725063,"min":0.104270972311,"var":0.014774100855},"silence_rate_20dB":{"dmean":0,"dmean2":0,"dvar":0,"dvar2":0,"max":1,"mean":1,"median":1,"min":1,"var":0},"silence_rate_30dB":{"dmean":0.0788671970367,"dmean2":0.157743304968,"dvar":0.0726521834731,"dvar2":0.164240643382,"max":1,"mean":0.926552712917,"median":1,"min":0,"var":0.0680445209146},"silence_rate_60dB":{"dmean":0.00135394337121,"dmean2":0.00270803947933,"dvar":0.00135218398646,"dvar2":0.00281383423135,"max":1,"mean":0.0176566820592,"median":0,"min":0,"var":0.0173459127545},"spectral_centroid":{"dmean":194.715026855,"dmean2":290.362579346,"dvar":55689.7578125,"dvar2":98548.9453125,"max":11706.2666016,"mean":1102.25756836,"median":959.044372559,"min":139.018554688,"var":761772.6875},"spectral_complexity":{"dmean":3.5574862957,"dmean2":5.52902698517,"dvar":11.8470144272,"dvar2":25.2695236206,"max":63,"mean":24.9899024963,"median":25,"min":0,"var":89.6750946045},"spectral_contrast_coeffs":{"dmean":[0.0543634705245,0.0526345893741,0.0390967465937,0.0301894359291,0.0237867459655,0.0504324883223],"dmean2":[0.0902587622404,0.087093397975,0.0662322118878,0.0512474142015,0.0398011878133,0.0766346827149],"dvar":[0.00187107909005,0.0018174839206,0.000920690072235,0.000583976157941,0.0004499804636,0.00212599826045],"dvar2":[0.00513131916523,0.00483913440257,0.00256363744847,0.00166016560979,0.00121174496599,0.00487325014547],"max":[-0.421533286572,-0.432025611401,-0.507435262203,-0.638668417931,-0.633216679096,-0.388915747404],"mean":[-0.715313017368,-0.75994259119,-0.794583559036,-0.801242470741,-0.821370124817,-0.726890385151],"median":[-0.72042119503,-0.770298242569,-0.797749459743,-0.80106139183,-0.814055323601,-0.731907367706],"min":[-0.979561626911,-0.97638964653,-0.978069722652,-0.980630993843,-0.972328901291,-0.965352237225],"var":[0.00469903554767,0.00511372508481,0.002192475833,0.00141805945896,0.00215090438724,0.0109305931255]},"spectral_contrast_valleys":{"dmean":[0.374565780163,0.347026020288,0.28977304697,0.252794802189,0.371139496565,0.674783229828],"dmean2":[0.622255921364,0.574610173702,0.477238178253,0.415769666433,0.577154636383,1.09688580036],"dvar":[0.0983128547668,0.0834632888436,0.0612262636423,0.0654606223106,0.184621348977,0.327529489994],"dvar2":[0.251338422298,0.208243057132,0.145902663469,0.159837529063,0.464890301228,0.856018960476],"max":[-5.07578325272,-4.29131746292,-4.95032978058,-5.34384965897,-5.41020584106,-8.80465984344],"mean":[-6.56818056107,-6.20173215866,-6.43351125717,-7.08121538162,-7.6585688591,-11.1694259644],"median":[-6.40241098404,-5.98988389969,-6.2015337944,-6.76529550552,-7.34384250641,-11.0199584961],"min":[-28.3253555298,-28.0775337219,-27.9286441803,-28.0069198608,-27.5747756958,-27.4060592651],"var":[2.58497428894,2.83815002441,2.7495303154,2.79319810867,3.04708504677,2.08365917206]},"spectral_decrease":{"dmean":5.20041743002e-9,"dmean2":8.28608825998e-9,"dvar":3.77923105444e-17,"dvar2":9.60216202819e-17,"max":5.56331247736e-9,"mean":-1.10272626586e-8,"median":-9.14263953433e-9,"min":-7.08191905119e-8,"var":6.79710919122e-17},"spectral_energy":{"dmean":0.0202849451452,"dmean2":0.0320861786604,"dvar":0.000553803110961,"dvar2":0.00139999424573,"max":0.290081381798,"mean":0.0605437345803,"median":0.0550221018493,"min":1.01039675615e-20,"var":0.00113833742216},"spectral_energyband_high":{"dmean":0.000440152303781,"dmean2":0.000592131575104,"dvar":0.00000100462011687,"dvar2":0.00000189698107533,"max":0.0581531524658,"mean":0.00115502718836,"median":0.00061232119333,"min":7.03161116351e-21,"var":0.00000306874676426},"spectral_energyband_low":{"dmean":0.0159998703748,"dmean2":0.0261831097305,"dvar":0.000476720364532,"dvar2":0.00125760165974,"max":0.256040692329,"mean":0.0269759073853,"median":0.0196846611798,"min":5.61211661851e-24,"var":0.000659844605252},"spectral_energyband_middle_high":{"dmean":0.00271985935979,"dmean2":0.00436113402247,"dvar":0.0000125281767396,"dvar2":0.000030490115023,"max":0.133505240083,"mean":0.00870348140597,"median":0.00773072009906,"min":1.21951887983e-21,"var":0.0000393119771616},"spectral_energyband_middle_low":{"dmean":0.00678725307807,"dmean2":0.0108354175463,"dvar":0.000088081418653,"dvar2":0.000218788642087,"max":0.107374504209,"mean":0.0144736832008,"median":0.0100657595322,"min":1.55080827449e-22,"var":0.000172601896338},"spectral_entropy":{"dmean":0.185615241528,"dmean2":0.283006906509,"dvar":0.0373760722578,"dvar2":0.0957381129265,"max":9.82258796692,"mean":7.47419261932,"median":7.54352331161,"min":5.39390563965,"var":0.200627744198},"spectral_flux":{"dmean":0.0306582115591,"dmean2":0.0493931844831,"dvar":0.000973775808234,"dvar2":0.00229711993597,"max":0.428265124559,"mean":0.137721136212,"median":0.133506238461,"min":6.39964053972e-11,"var":0.00290426658466},"spectral_kurtosis":{"dmean":8.48120880127,"dmean2":13.3657369614,"dvar":186.024291992,"dvar2":504.532684326,"max":200.461593628,"mean":24.1786766052,"median":19.3593330383,"min":-1.2787014246,"var":287.9453125},"spectral_rms":{"dmean":0.00120576634072,"dmean2":0.00187470554374,"dvar":0.0000013416853335,"dvar2":0.00000331877140525,"max":0.0168227888644,"mean":0.0073662456125,"median":0.00732667045668,"min":3.13967016448e-12,"var":0.00000480505786982},"spectral_rolloff":{"dmean":5761.56884766,"dmean2":11007.9726562,"dvar":66750972,"dvar2":150856624,"max":22050,"mean":11433.0205078,"median":16559.0332031,"min":43.06640625,"var":95178360},"spectral_skewness":{"dmean":0.591582238674,"dmean2":0.905145823956,"dvar":0.605826854706,"dvar2":1.61441028118,"max":12.3125114441,"mean":3.35253477097,"median":3.08022546768,"min":-0.105347543955,"var":1.52176678181},"spectral_spread":{"dmean":542055.6875,"dmean2":831009.75,"dvar":388073750528,"dvar2":891081981952,"max":43349284,"mean":3881893,"median":3693615,"min":835661.6875,"var":7663975399420},"spectral_strongpeak":{"dmean":3.24021792412,"dmean2":6.18815135956,"dvar":174.398468018,"dvar2":482.153564453,"max":169.501037598,"mean":2.39631867409,"median":0.223034888506,"min":0,"var":129.132583618},"zerocrossingrate":{"dmean":0.037228923291,"dmean2":0.0474345758557,"dvar":0.000905974011403,"dvar2":0.00146585283801,"max":0.654296875,"mean":0.256720066071,"median":0.25048828125,"min":0.0283203125,"var":0.00597746064886}},"metadata":{"audio_properties":{"analysis_sample_rate":44100,"bit_rate":128000,"codec":"mp3","downmix":"mix","equal_loudness":0,"length":411.585296631,"lossless":false,"md5_encoded":"b07cc8e7895a60a85279a49298d9708e","replay_gain":-3.82397079468,"sample_rate":44100},"tags":{"album":["Brave New World"],"albumartist":["Iron Maiden"],"albumartistsort":["Iron Maiden"],"artist":["Iron Maiden"],"artistsort":["Iron Maiden"],"asin":["B00004TH7Z"],"barcode":["724352660520"],"catalognumber":["526 6052"],"date":["2000-05-30"],"file_name":"02 Ghost of the Navigator.mp3","genre":["Heavy Metal"],"label":["EMI Records"],"musicbrainz album release country":["GB"],"musicbrainz album status":["official"],"musicbrainz album type":["album"],"musicbrainz_albumartistid":["ca891d65-d9b0-4258-89f7-e6ba29d83767"],"musicbrainz_albumid":["f64e95fb-5e84-42c7-90e6-6cad939d8eec"],"musicbrainz_artistid":["ca891d65-d9b0-4258-89f7-e6ba29d83767"],"musicbrainz_recordingid":["2a81e062-5069-4160-a2c7-15830adc77fe"],"title":["Ghost of the Navigator"],"tracknumber":["2/10"]},"version":{"essentia":"2.1-beta1","essentia_build_sha":"ec322331fa6aaecceef5ae0ec8bb6dd0710d66ba","essentia_git_sha":"v2.1_beta1-28-g21ef5f4","extractor":"music 1.0"}},"rhythm":{"beats_count":846,"beats_loudness":{"dmean":0.0282925777137,"dmean2":0.0489425621927,"dvar":0.000683551363181,"dvar2":0.00194272270892,"max":0.248545095325,"mean":0.0695879384875,"median":0.0668014287949,"min":0,"var":0.00106338714249},"beats_loudness_band_ratio":{"dmean":[0.196565166116,0.0864527449012,0.0800972133875,0.0668424814939,0.0180187933147,0.0849761888385],"dmean2":[0.340909153223,0.150997787714,0.142423570156,0.116938360035,0.0323265567422,0.144288390875],"dvar":[0.0209832452238,0.00846239086241,0.00659384857863,0.00427577318624,0.000268179894192,0.0046094567515],"dvar2":[0.0626548454165,0.0236055310816,0.0183244459331,0.0127044646069,0.000739445036743,0.0136486375704],"max":[0.95044696331,0.603826403618,0.636800825596,0.5430