{"lowlevel":{"average_loudness":0.932887554169,"barkbands":{"dmean":[0.000101167854154,0.00725818844512,0.00592544022948,0.00199175043963,0.00282129319385,0.00105558091309,0.000937928329222,0.000687222520355,0.000721586635336,0.0003975314321,0.000274737452855,0.000310763571179,0.000304677087115,0.000412581051933,0.000343786610756,0.000432064116467,0.00051705254009,0.00030312986928,0.000270395161351,0.000220887988689,0.000178179863724,0.000108135398477,0.000177844238351,0.0000326373483404,0.0000636968252365,0.00000272384022537,2.77805938254e-8],"dmean2":[0.000157725982717,0.0129419788718,0.0101407784969,0.00347637734376,0.00477986270562,0.00171067775227,0.00160291895736,0.00113815942314,0.00115912151523,0.000631604692899,0.000447930797236,0.000501578731928,0.000488568970468,0.000671591202263,0.000542394467629,0.000695099413861,0.000825492141303,0.00047734985128,0.0004314891994,0.000348129833583,0.000275071273791,0.000163198055816,0.00028642473626,0.0000489798767376,0.000104213446321,0.00000449860544904,4.8759215332e-8],"dvar":[1.72604259774e-8,0.000131527340272,0.0000594830962655,0.00000881357118487,0.0000130621101562,0.00000392261154047,0.00000456730640508,0.00000240971235144,0.00000255451163866,8.03188413556e-7,3.51790333752e-7,4.71475999575e-7,5.39686425327e-7,8.9082550403e-7,5.33471279596e-7,5.81546203193e-7,8.11628808606e-7,3.12607113528e-7,2.49538203434e-7,1.66896214182e-7,1.03907801474e-7,5.07137585259e-8,0.0000011244065945,1.57641029119e-8,2.3548066963e-7,2.95461266564e-10,6.75728055325e-14],"dvar2":[3.91246857134e-8,0.000359633850167,0.000162964119227,0.0000241791276494,0.0000361653947039,0.00000959185217653,0.0000122975452541,0.00000614563032286,0.00000646025728201,0.00000193306505025,8.9777552148e-7,0.00000118724619824,0.0000012586210687,0.00000219342109631,0.00000120493587019,0.00000141643386087,0.00000194298354472,7.3710509696e-7,5.88966940995e-7,3.57775775228e-7,2.41885715013e-7,1.14695382081e-7,0.00000293245329885,3.65503503019e-8,6.10334325302e-7,8.00515320698e-10,1.88182477413e-13],"max":[0.00150349410251,0.0820381194353,0.106174610555,0.0406827256083,0.0382292456925,0.0483536124229,0.0257747676224,0.0319012328982,0.0406112931669,0.0203279759735,0.0114000830799,0.0206073001027,0.0303440764546,0.0266239382327,0.0205967072397,0.0176315382123,0.0218382161111,0.0246405303478,0.0126175358891,0.0135598685592,0.00878713931888,0.00705874990672,0.0292802993208,0.00524481013417,0.0145581578836,0.000598586862907,0.0000115647226266],"mean":[0.000119644624647,0.00750106247142,0.0086759859696,0.00293373200111,0.00480741309002,0.00171665987,0.00100025546271,0.000781816954259,0.00108532712329,0.000592589960434,0.00038423697697,0.000458298891317,0.000455054658232,0.000657275319099,0.000596983300056,0.000726458150893,0.000867006951012,0.000518705986906,0.000452896900242,0.000424556317739,0.000326167384628,0.000201911185286,0.000224881980103,0.000050323214964,0.0000679557124386,0.00000296153598356,2.21739124839e-8],"median":[0.0000531136283826,0.00391400326043,0.00547889620066,0.00170426350087,0.00376249151304,0.00101302692201,0.000317772413837,0.000169299484696,0.000451784173492,0.000264602073003,0.000183034950169,0.000195781118236,0.000185396143934,0.000292630196782,0.000290098803816,0.000385773397284,0.000450446153991,0.00029701195308,0.000259727530647,0.000268092466285,0.00019708275795,0.000127114850329,0.0000714590787538,0.0000211655697058,0.00000772486691858,4.91517710088e-7,4.6030255163e-9],"min":[2.72545674208e-25,1.69683448232e-24,1.06701252084e-25,3.79579431165e-25,4.35101990959e-24,7.08308582695e-24,6.24597897763e-24,7.06544374166e-24,1.30052594911e-23,1.5152216231e-23,9.13745317354e-24,1.19357258201e-23,1.77865793587e-23,2.11739543966e-23,3.68832452661e-23,4.65800244873e-23,7.54507779847e-23,8.47564084146e-23,1.03518240733e-22,1.27890180442e-22,2.18543399853e-22,3.04607670229e-22,3.99765802902e-22,5.59267141807e-22,8.6476765112e-22,1.33017145237e-21,1.79217141347e-21],"var":[2.6202009451e-8,0.000107244406536,0.0000975673465291,0.0000140642450788,0.0000186397846846,0.00000641537235424,0.00000432848719356,0.00000338492054652,0.00000426794395025,0.00000140422196182,5.27732879618e-7,7.27937845113e-7,9.62881358646e-7,0.00000171568001406,0.0000010368837593,0.00000117422678159,0.00000162182197982,5.83336941418e-7,4.27301330319e-7,3.62923543662e-7,1.86137000924e-7,7.70201893374e-8,9.54785377871e-7,1.94937825881e-8,2.03044464797e-7,2.48983361706e-10,4.19390677785e-14]},"barkbands_crest":{"dmean":2.88592815399,"dmean2":4.79202795029,"dvar":6.44069480896,"dvar2":17.0551338196,"max":25.3806724548,"mean":9.81631565094,"median":9.01885890961,"min":2.64271140099,"var":14.9033594131},"barkbands_flatness_db":{"dmean":0.0262630358338,"dmean2":0.0415987372398,"dvar":0.000622203748208,"dvar2":0.00159235135652,"max":0.389314979315,"mean":0.145624265075,"median":0.139154374599,"min":0.0164667759091,"var":0.00229891017079},"barkbands_kurtosis":{"dmean":4.29352426529,"dmean2":7.17833089828,"dvar":91.0909500122,"dvar2":245.433990479,"max":218.294616699,"mean":4.51000642776,"median":1.50294589996,"min":-1.89765119553,"var":125.959762573},"barkbands_skewness":{"dmean":0.744301736355,"dmean2":1.18799412251,"dvar":0.661953032017,"dvar2":1.65736556053,"max":12.8366165161,"mean":1.67536079884,"median":1.48497068882,"min":-2.25232505798,"var":1.98433446884},"barkbands_spread":{"dmean":7.94354867935,"dmean2":12.4674406052,"dvar":74.3227005005,"dvar2":169.967681885,"max":122.005493164,"mean":26.6239376068,"median":25.1324691772,"min":0.891456961632,"var":198.454986572},"dissonance":{"dmean":0.0122965984046,"dmean2":0.0206651985645,"dvar":0.00016907331883,"dvar2":0.000458257389255,"max":0.500000178814,"mean":0.477875977755,"median":0.481764435768,"min":0.232700392604,"var":0.000290497293463},"dynamic_complexity":2.6202917099,"erbbands":{"dmean":[0.136003017426,1.92775762081,6.49358129501,6.35516738892,7.55774021149,11.5649785995,7.57104969025,9.85833454132,11.1504907608,17.2868556976,12.7324485779,14.7075986862,16.1479206085,10.2957992554,12.3239068985,11.3801136017,12.8598613739,18.816652298,19.6854190826,16.3174629211,25.4602127075,27.7013225555,18.0223808289,12.347533226,13.5585803986,9.45856666565,9.53046417236,5.6093173027,4.15327215195,3.5358543396,6.09053468704,1.37410724163,0.585697054863,1.1446980238,0.165722638369,0.0277829021215,0.00220797257498,0.00017856847262,0.0000149324332597,0.0000179323924385],"dmean2":[0.234469145536,3.46923089027,11.2972478867,10.850235939,13.1561393738,19.3038368225,12.7090835571,15.8291702271,18.9443302155,29.7379875183,20.3571739197,23.4347610474,25.7124977112,16.4079418182,20.0698719025,18.14702034,20.2892189026,30.3176593781,31.1372470856,26.007183075,40.5416221619,43.9940185547,28.168548584,19.3408317566,21.5878391266,14.7296991348,15.0244979858,8.59806728363,6.29697847366,5.44028902054,9.87849521637,2.13031888008,0.894040346146,1.87612402439,0.261358737946,0.0450224019587,0.00353867700323,0.000288745592115,0.0000237928798015,0.000029471309972],"dvar":[0.0369303412735,9.58745479584,79.092048645,71.9873504639,117.53855896,224.028060913,139.108917236,455.992401123,585.617431641,1674.19396973,944.613037109,1343.43688965,1213.52307129,490.893707275,703.70715332,581.239624023,1000.25390625,2363.01269531,1678.12841797,1012.69976807,1850.19506836,2404.14306641,1204.59838867,447.647949219,647.000976562,362.358703613,357.389343262,92.615020752,56.3461151123,157.550186157,1549.00170898,39.1554527283,7.68290472031,82.8607559204,0.997161030769,0.0293653383851,0.000191826839,0.00000153925566337,3.78081876917e-9,5.07261732619e-10],"dvar2":[0.0987683460116,26.3627414703,219.537567139,197.977218628,326.628997803,610.506408691,380.957244873,1124.9798584,1565.72399902,4444.65136719,2304.0925293,3402.62280273,3020.8972168,1147.29931641,1765.12353516,1421.10400391,2300.35742188,5881.82421875,3647.96044922,2459.84106445,4480.56152344,5713.62744141,2884.70532227,1077.52807617,1493.16943359,771.41595459,814.650695801,213.935791016,127.428733826,379.767547607,4069.90966797,95.9266357422,18.8712005615,216.046585083,2.52654862404,0.0777739435434,0.000505097210407,0.00000410501206716,9.79656267219e-9,1.29403576743e-9],"max":[1.67896342278,22.9119358063,111.268455505,125.209739685,134.700210571,188.676254272,226.105606079,516.068786621,425.566070557,638.08026123,725.350646973,1024.41137695,823.56829834,534.78125,555.029296875,834.758117676,1432.75,1102.25366211,1884.26049805,752.276000977,1067.59753418,1090.03503418,1529.36523438,391.375183105,746.416259766,596.554443359,589.348999023,171.149291992,211.743545532,298.064544678,1157.06079102,148.822631836,70.6572875977,290.092926025,23.8869037628,6.17238283157,0.362058013678,0.0399639233947,0.00178860349115,0.000341665901942],"mean":[0.143290296197,2.01985311508,8.98053264618,10.6084213257,11.8316173553,18.6061115265,12.6494874954,15.6454868317,13.7069101334,18.4681682587,16.5690994263,21.8042449951,25.5571041107,16.4691028595,18.7824649811,18.220293045,21.1540985107,31.6122837067,34.4408111572,30.2589855194,45.6015281677,48.0810279846,31.9303951263,21.8478221893,23.8600063324,18.1100578308,17.829044342,10.2086858749,7.81371831894,5.88780021667,7.09168672562,1.95307445526,0.796754419804,1.19046831131,0.198828995228,0.0321036092937,0.00251553230919,0.000191194587387,0.0000290283660433,0.0000435947222286],"median":[0.0804044604301,1.05290913582,5.46405267715,8.01643657684,8.51683807373,12.543598175,8.49125862122,8.0448217392,6.41996765137,5.28927087784,4.54451990128,8.98608112335,11.800652504,8.8338727951,9.3419342041,8.80187416077,9.68025779724,13.7008609772,17.7922878265,16.3264160156,24.1640853882,25.7895927429,18.4592056274,13.0940799713,13.9293556213,10.6794452667,11.5842828751,5.94272375107,5.06488275528,3.11281442642,1.82535815239,0.724427342415,0.275784164667,0.11681433022,0.0371996201575,0.00563467666507,0.00057642813772,0.0000490265192639,0.0000223198039748,0.0000408866617363],"min":[7.41586869308e-23,3.07647725588e-22,1.58885360969e-21,2.7833920793e-21,6.73005334314e-21,1.33695497963e-20,1.64690819854e-20,5.13878426913e-20,7.37326115186e-20,1.51056014076e-19,2.07522645562e-19,3.12954039538e-19,3.42806961995e-19,7.04561788391e-19,4.73788788945e-19,9.22173413713e-19,1.17346488675e-18,2.00493215603e-18,1.94596782683e-18,2.70757121479e-18,3.68837849904e-18,4.60311783379e-18,5.21055750303e-18,5.68822204674e-18,6.0304072274e-18,6.97062207066e-18,8.2403327304e-18,8.57296521577e-18,1.00218200351e-17,1.13664401711e-17,1.01864786079e-17,9.33979803955e-18,9.14089584382e-18,7.32740409401e-18,6.10213453986e-18,3.99947492357e-18,2.33256909088e-18,8.63561256664e-19,2.18850638482e-19,2.56489902518e-20],"var":[0.0333815999329,7.75993442535,111.371612549,103.825660706,146.161605835,374.980865479,218.101516724,706.34765625,595.860839844,1669.94238281,1575.34899902,2069.26904297,2215.99633789,893.477172852,1127.7479248,1005.95404053,1877.45812988,4670.99853516,3522.42700195,1871.73669434,4503.02001953,4869.39794922,2088.38574219,801.88848877,1204.96911621,770.678649902,671.104980469,158.039779663,91.9512786865,174.842529297,1282.50683594,41.1854667664,7.77337598801,69.8155899048,0.970657467842,0.0266516692936,0.000160184863489,0.00000115823115721,3.3162343982e-9,8.05774336143e-10]},"erbbands_crest":{"dmean":2.43751764297,"dmean2":4.02343463898,"dvar":5.81727170944,"dvar2":14.6767368317,"max":27.9902191162,"mean":7.6021156311,"median":6.69263315201,"min":2.42117023468,"var":13.017490387},"erbbands_flatness_db":{"dmean":0.0143136428669,"dmean2":0.0217137057334,"dvar":0.000162956959684,"dvar2":0.000361417944077,"max":0.404357045889,"mean":0.157569542527,"median":0.156286418438,"min":0.0464142039418,"var":0.00114234897774},"erbbands_kurtosis":{"dmean":0.806296229362,"dmean2":1.30524396896,"dvar":1.36176645756,"dvar2":3.2849111557,"max":25.5891475677,"mean":-0.13030461967,"median":-0.549860715866,"min":-1.86044025421,"var":2.38263201714},"erbbands_skewness":{"dmean":0.390805661678,"dmean2":0.604323983192,"dvar":0.143673375249,"dvar2":0.333610832691,"max":4.27492380142,"mean":-0.255848288536,"median":-0.264349758625,"min":-4.26600217819,"var":0.503908574581},"erbbands_spread":{"dmean":10.1351442337,"dmean2":15.9856710434,"dvar":95.4687576294,"dvar2":223.339416504,"max":130.897583008,"mean":48.5349349976,"median":45.7085342407,"min":3.86476159096,"var":375.650146484},"gfcc":{"cov":[[40220.7382812,3519.22705078,-4243.33789062,2201.41821289,-1707.68151855,604.44732666,-1011.96673584,135.824127197,-464.996826172,-296.335906982,-371.00769043,-278.417266846,-51.2237663269],[3519.22705078,1181.76416016,-582.908874512,-4.19552612305,-4.89358711243,-141.436782837,107.762367249,-120.935073853,73.0959243774,-112.708396912,25.983745575,-95.7510375977,6.06426382065],[-4243.33789062,-582.908874512,896.421875,-75.4583053589,114.578636169,33.9467506409,83.786895752,37.0242652893,5.04888486862,54.5511817932,30.6077671051,41.0376930237,16.1636314392],[2201.41821289,-4.19552612305,-75.4583053589,446.381164551,-98.4248733521,52.2654762268,-62.4428138733,10.3372125626,-62.2141342163,-13.1971530914,-13.3317527771,-32.8893013,17.7288970947],[-1707.68151855,-4.89358711243,114.578636169,-98.4248733521,269.383087158,-37.9810447693,84.9033126831,-19.9798030853,55.8936805725,-11.2701320648,30.0240573883,2.26003623009,12.8269491196],[604.44732666,-141.436782837,33.9467506409,52.2654762268,-37.9810447693,191.9609375,-29.8273334503,50.7205963135,-23.9478206635,19.1609420776,-20.5329723358,16.1979885101,-5.73301839828],[-1011.96673584,107.762367249,83.786895752,-62.4428138733,84.9033126831,-29.8273334503,199.876785278,-9.07849311829,51.0972976685,-12.7759590149,37.5963783264,-29.4040584564,-14.5355834961],[135.824127197,-120.935073853,37.0242652893,10.3372125626,-19.9798030853,50.7205963135,-9.07849311829,105.831924438,11.2610349655,16.9273071289,-18.0098438263,22.8820972443,0.0864913538098],[-464.996826172,73.0959243774,5.04888486862,-62.2141342163,55.8936805725,-23.9478206635,51.0972976685,11.2610349655,103.634864807,16.1601810455,15.9674663544,-7.60862016678,-4.28763103485],[-296.335906982,-112.708396912,54.5511817932,-13.1971530914,-11.2701320648,19.1609420776,-12.7759590149,16.9273071289,16.1601810455,81.3146209717,18.1894073486,10.215136528,-11.5844831467],[-371.00769043,25.983745575,30.6077671051,-13.3317527771,30.0240573883,-20.5329723358,37.5963783264,-18.0098438263,15.9674663544,18.1894073486,62.0288352966,10.7626972198,-0.941449940205],[-278.417266846,-95.7510375977,41.0376930237,-32.8893013,2.26003623009,16.1979885101,-29.4040584564,22.8820972443,-7.60862016678,10.215136528,10.7626972198,69.8315887451,22.9869804382],[-51.2237663269,6.06426382065,16.1636314392,17.7288970947,12.8269491196,-5.73301839828,-14.5355834961,0.0864913538098,-4.28763103485,-11.5844831467,-0.941449940205,22.9869804382,65.087020874]],"icov":[[0.000261516717728,-0.000800270470791,0.000574687204789,-0.000838241481688,0.000558102678042,-0.000721565447748,0.000687747204211,-0.000792102364358,0.000486072414787,-0.000232736769249,0.000259339285549,-0.00017433577159,0.000403004669352],[-0.000800270470791,0.00457233469933,-0.000531905912794,0.00270511698909,-0.00117696227971,0.00250733131543,-0.00297227036208,0.00357933808118,-0.00292437593453,0.00269524473697,-0.00205087382346,0.0020748404786,-0.00235169031657],[0.000574687204789,-0.000531905912794,0.00335208117031,-0.00168773194309,0.000966482621152,-0.00155011645984,0.000239817149122,-0.00140423118137,0.00100254546851,-0.000552094192244,0.0000246501767833,-0.0000790733101894,-0.000146415797644],[-0.000838241481688,0.00270511698909,-0.00168773194309,0.00578572088853,-0.00110736070201,0.00160626345314,-0.00138382147998,0.00158848904539,-0.000276556849713,0.00141648156568,-0.00276996265166,0.00388651317917,-0.00319879129529],[0.000558102678042,-0.00117696227971,0.000966482621152,-0.00110736070201,0.00657681748271,-0.00143074407242,0.000233204074902,-0.000532640086021,-0.00142760027666,0.00138014217373,-0.000861716049258,-0.000121153301734,-0.00057692482369],[-0.000721565447748,0.00250733131543,-0.00155011645984,0.00160626345314,-0.00143074407242,0.00874284189194,-0.00224081729539,-0.0000296710895782,-0.000194013133296,-0.000576837628614,0.00102447031531,-0.000734252214897,-0.000143711382407],[0.000687747204211,-0.00297227036208,0.000239817149122,-0.00138382147998,0.000233204074902,-0.00224081729539,0.0108245871961,-0.00416854349896,-0.000383670965675,0.00210332823917,-0.00486022140831,0.00399038475007,0.00218466925435],[-0.000792102364358,0.00357933808118,-0.00140423118137,0.00158848904539,-0.000532640086021,-0.0000296710895782,-0.00416854349896,0.0170963648707,-0.00568774109706,-0.000405352882808,0.00501478090882,-0.0052020708099,-0.000429205800174],[0.000486072414787,-0.00292437593453,0.00100254546851,-0.000276556849713,-0.00142760027666,-0.000194013133296,-0.000383670965675,-0.00568774109706,0.0161762405187,-0.00538030453026,-0.0000525924551766,0.00147638574708,0.000253322301432],[-0.000232736769249,0.00269524473697,-0.000552094192244,0.00141648156568,0.00138014217373,-0.000576837628614,0.00210332823917,-0.000405352882808,-0.00538030453026,0.0195448026061,-0.0089064296335,0.00224566389807,0.0016667637974],[0.000259339285549,-0.00205087382346,0.0000246501767833,-0.00276996265166,-0.000861716049258,0.00102447031531,-0.00486022140831,0.00501478090882,-0.0000525924551766,-0.0089064296335,0.0276520997286,-0.0109450845048,0.00298836175352],[-0.00017433577159,0.0020748404786,-0.0000790733101894,0.00388651317917,-0.000121153301734,-0.000734252214897,0.00399038475007,-0.0052020708099,0.00147638574708,0.00224566389807,-0.0109450845048,0.0265715848655,-0.0095579829067],[0.000403004669352,-0.00235169031657,-0.000146415797644,-0.00319879129529,-0.00057692482369,-0.000143711382407,0.00218466925435,-0.000429205800174,0.000253322301432,0.0016667637974,0.00298836175352,-0.0095579829067,0.021129688248]],"mean":[-28.161611557,112.122619629,-131.053436279,67.7651977539,-55.0938682556,15.5323896408,-32.8820800781,0.112677805126,-16.5027828217,-8.76395130157,-12.9284324646,-9.15080547333,-2.07044100761]},"hfc":{"dmean":8.49860858917,"dmean2":12.5869245529,"dvar":254.565612793,"dvar2":594.204284668,"max":371.092407227,"mean":23.5341815948,"median":20.6269130707,"min":1.06294085142e-16,"var":424.824768066},"melbands":{"dmean":[0.00162917422131,0.00305471289903,0.00106790487189,0.0006778256502,0.000309795053909,0.00021228044352,0.000179143462447,0.000183565935004,0.0000985384103842,0.000100996898254,0.0000814113009255,0.000043605818064,0.0000404687052651,0.0000376815005438,0.0000278517727565,0.0000325848086504,0.000036579407606,0.0000348694229615,0.0000227939726756,0.0000250353859883,0.000033225340303,0.0000317811973218,0.0000226195461437,0.0000144258201544,0.0000100714596556,0.0000115892453323,0.0000086559311967,0.00000628690304438,0.00000745113311496,0.00000435754327555,0.00000320797357745,0.00000252498011832,0.00000208642336474,0.00000197966915039,0.00000393233403884,0.00000210832217817,4.91112700729e-7,3.20166719803e-7,8.01157568731e-7,9.70053633864e-7],"dmean2":[0.00287630385719,0.00537672871724,0.00182252947707,0.00115841859952,0.000514021900017,0.00034130786662,0.000303595559672,0.000313253229251,0.000156090070959,0.000162049196661,0.000129450476379,0.0000696459319443,0.0000661844169372,0.0000607563706581,0.0000442402233602,0.0000521614638274,0.0000592665164731,0.0000559039508516,0.0000355966112693,0.000040512491978,0.0000535878934897,0.000051196624554,0.0000359112891601,0.0000227800264838,0.0000160466042871,0.0000187253717741,0.0000137787828862,0.00000994329366222,0.0000119935739349,0.00000692720004736,0.00000501644717588,0.00000390178593079,0.00000318506226904,0.00000309796564579,0.00000641504129817,0.00000338963195645,7.48999298139e-7,4.89490105338e-7,0.00000132338982439,0.00000158495390679],"dvar":[0.00000620110040472,0.0000190566297533,0.00000191499384528,8.36187211917e-7,1.79681180157e-7,1.97182401962e-7,1.48173285197e-7,1.77946134272e-7,5.87066075752e-8,6.02181344789e-8,3.06260155014e-8,9.48827150182e-9,7.41068451049e-9,6.6421694811e-9,5.04747310615e-9,6.07391248408e-9,8.96318663735e-9,5.82091042034e-9,2.7858926277e-9,2.35559860506e-9,3.33346594772e-9,3.27109850318e-9,1.85925852492e-9,8.70343019876e-10,3.26715959842e-10,5.02537955693e-10,2.50039655647e-10,1.84317811014e-10,2.15772108514e-10,6.01614383311e-11,2.94473161133e-11,1.75819844794e-11,3.61362433032e-11,5.63011130772e-11,6.49205855741e-10,1.60763360957e-10,3.02948356505e-12,1.78999024804e-12,3.40708572466e-11,6.16827908195e-11],"dvar2":[0.0000168109199876,0.000052848161431,0.00000525532959728,0.00000231178114518,4.92857736845e-7,4.85498389935e-7,3.98093845888e-7,4.71055614071e-7,1.41455444691e-7,1.5305036527e-7,7.61808891525e-8,2.20812061968e-8,1.87757613901e-8,1.64006870307e-8,1.20551106875e-8,1.46910137389e-8,2.22815970119e-8,1.26546702006e-8,6.30927488032e-9,5.86171688965e-9,8.07050959395e-9,8.09409161917e-9,4.44112080444e-9,2.02183647602e-9,8.07001854231e-10,1.21611321013e-9,5.77370595778e-10,3.99948851815e-10,4.90729568092e-10,1.44153106119e-10,7.0253296236e-11,4.13585242443e-11,8.53765114162e-11,1.41115702457e-10,1.70999503446e-9,4.15544459953e-10,7.05791891945e-12,4.35939435592e-12,8.86868495309e-11,1.61403196364e-10],"max":[0.0195408463478,0.0477768816054,0.0216351151466,0.00987182464451,0.00705359037966,0.0108424779028,0.00557059282437,0.00586600974202,0.00603949185461,0.00730158761144,0.00408048601821,0.00251929927617,0.00180205015931,0.00144492031541,0.00303551414981,0.00171886745375,0.00260044354945,0.0036814736668,0.00165509048384,0.00140030519105,0.00169794878457,0.00131693016738,0.00121946306899,0.00159945618361,0.000368897919543,0.000642243830953,0.000406895094784,0.000448848062661,0.000470400380436,0.000180161368917,0.0000872811215231,0.0000752969863242,0.000231035199249,0.000178323607543,0.000746169069316,0.000346506974893,0.0000781814524089,0.0000548471289221,0.000142699762364,0.000267688534223],"mean":[0.00170135765802,0.00411528116092,0.00191888678819,0.00110755383503,0.000543435278814,0.000338497833582,0.000217755630729,0.000197195840883,0.000128493629745,0.000150265434058,0.000126496277517,0.0000655540279695,0.0000593811673752,0.0000549466167286,0.0000437033595517,0.0000503579722135,0.0000581025342399,0.0000570369629713,0.0000392453657696,0.000041820374463,0.0000564807669434,0.0000519153181813,0.0000363473700418,0.0000239088767557,0.0000163772183441,0.0000188078702195,0.0000146544834934,0.0000113812075142,0.00001331319163,0.00000714609586794,0.00000538656649951,0.0000045291162678,0.00000354100052391,0.00000308642825075,0.00000441757856606,0.00000256476005234,7.50606488964e-7,4.73867572737e-7,8.3470968093e-7,0.00000100550550997],"median":[0.0009196853498,0.00271538062952,0.00155955087394,0.000844951311592,0.000381775491405,0.00018224742962,0.0000994633010123,0.0000531452569703,0.0000348319881596,0.0000604180131631,0.0000558015090064,0.0000323283711623,0.0000292166751024,0.0000221270347538,0.0000205625019589,0.0000194625717995,0.0000238808752329,0.0000281404754787,0.0000196077544388,0.0000229790693993,0.000028022330298,0.0000268904714176,0.0000195549582713,0.0000128693855004,0.00000925822496356,0.0000105329163489,0.00000786706277722,0.00000675762430546,0.00000853331221151,0.00000378544655177,0.00000305089292851,0.00000296023927149,0.0000018783429141,0.00000153874611897,0.00000107711559849,6.82024619891e-7,3.25888919406e-7,2.02360041612e-7,1.1557490609e-7,9.00838799112e-8],"min":[7.36392139389e-25,1.02541889284e-24,9.46286579113e-25,9.90384593968e-25,4.66368552102e-25,1.24378515635e-24,1.24290104049e-24,1.61694604541e-24,1.27341447613e-24,1.76733754522e-24,1.24280894098e-24,1.82464907884e-24,1.75729790969e-24,1.7106957545e-24,2.2792019737e-24,3.05783135298e-24,3.00221488422e-24,2.14865910173e-24,2.8067246995e-24,2.33363239008e-24,3.5108514911e-24,3.96627272459e-24,4.14302489902e-24,3.88437397427e-24,4.1136709903e-24,3.37781443817e-24,3.93827960094e-24,4.17119906625e-24,4.67688967207e-24,4.8260924571e-24,4.65426238029e-24,4.17011004377e-24,3.95600412219e-24,5.68774392463e-24,4.75318948211e-24,5.34259321834e-24,5.12743574517e-24,5.9577970449e-24,5.67557456187e-24,5.96375886119e-24],"var":[0.00000514550220032,0.0000216229600483,0.00000290679599857,0.00000107944629235,3.20949880006e-7,3.09987370883e-7,1.49129391502e-7,1.83454247349e-7,9.79106431487e-8,9.62224078194e-8,5.60901156632e-8,1.69403175931e-8,1.16054108545e-8,1.073535838e-8,8.81750317205e-9,1.1296536151e-8,1.70199960792e-8,1.12770583982e-8,5.1561910297e-9,3.80523745847e-9,7.83809728233e-9,6.10415762381e-9,3.0330049583e-9,1.59322044446e-9,5.13241671385e-10,8.13806078082e-10,5.00217200994e-10,3.46033784959e-10,4.05228517408e-10,9.60318422005e-11,4.61200556912e-11,2.81253371287e-11,4.47320305796e-11,5.60820487272e-11,5.30913868424e-10,1.40903760881e-10,3.8439173719e-12,1.94361172122e-12,2.83819946711e-11,5.18038563435e-11]},"melbands_crest":{"dmean":3.85543727875,"dmean2":6.49545907974,"dvar":10.3731870651,"dvar2":28.0727710724,"max":32.7558746338,"mean":14.7467718124,"median":14.0990839005,"min":1.53076922894,"var":29.2700004578},"melbands_flatness_db":{"dmean":0.0340533442795,"dmean2":0.0541882999241,"dvar":0.00103191717062,"dvar2":0.00256531988271,"max":0.491077363491,"mean":0.194971442223,"median":0.190040558577,"min":0.00217958795838,"var":0.00434845359996},"melbands_kurtosis":{"dmean":13.2526102066,"dmean2":22.0156497955,"dvar":718.237915039,"dvar2":1917.55065918,"max":465.375640869,"mean":19.6860561371,"median":10.1759052277,"min":-1.76694023609,"var":1102.72412109},"melbands_skewness":{"dmean":1.08485925198,"dmean2":1.74979686737,"dvar":1.42218089104,"dvar2":3.60915875435,"max":18.0350627899,"mean":3.38014006615,"median":2.98077988625,"min":-2.00412988663,"var":4.11609220505},"melbands_spread":{"dmean":10.2183504105,"dmean2":16.2903270721,"dvar":144.556274414,"dvar2":350.666168213,"max":169.453125,"mean":26.7783813477,"median":20.9600391388,"min":0.658003687859,"var":575.635559082},"mfcc":{"cov":[[13461.2773438,1765.9720459,-471.145843506,694.19720459,66.5464630127,238.896575928,-137.382751465,244.575363159,26.1908073425,1.32426083088,-109.651237488,86.3628005981,-28.7433681488],[1765.9720459,1298.85290527,-325.894805908,106.619285583,-64.8870162964,40.1912994385,-32.9517669678,50.6859741211,12.5146274567,-7.26259946823,27.4284725189,37.3134231567,-51.7567481995],[-471.145843506,-325.894805908,505.457305908,45.7673454285,11.3817129135,27.8630886078,45.1790504456,-8.9384355545,7.28874635696,10.2707309723,-18.8984985352,-25.1508388519,43.5701141357],[694.19720459,106.619285583,45.7673454285,336.620910645,25.6625652313,36.6146469116,26.4501495361,7.63496685028,-7.41919279099,15.9970722198,-27.1141452789,5.59643697739,-15.7967176437],[66.5464630127,-64.8870162964,11.3817129135,25.6625652313,156.453231812,24.6631660461,-4.56664562225,6.30733680725,11.915312767,-2.85259151459,-23.1307964325,-23.5641479492,12.6212282181],[238.896575928,40.1912994385,27.8630886078,36.6146469116,24.6631660461,108.016067505,36.0451202393,12.5439100266,0.729000866413,13.7667064667,8.88196754456,3.53786969185,-7.64703941345],[-137.382751465,-32.9517669678,45.1790504456,26.4501495361,-4.56664562225,36.0451202393,101.733520508,22.5984554291,0.230526939034,5.4427485466,10.641412735,2.31485939026,-9.13218402863],[244.575363159,50.6859741211,-8.9384355545,7.63496685028,6.30733680725,12.5439100266,22.5984554291,96.30078125,28.5441532135,4.31541442871,-2.61613821983,7.26821804047,0.711794555187],[26.1908073425,12.5146274567,7.28874635696,-7.41919279099,11.915312767,0.729000866413,0.230526939034,28.5441532135,74.5441360474,22.5444068909,-3.41947102547,4.4570016861,13.337480545],[1.32426083088,-7.26259946823,10.2707309723,15.9970722198,-2.85259151459,13.7667064667,5.4427485466,4.31541442871,22.5444068909,64.1314163208,21.0972309113,9.85885715485,-0.0375954434276],[-109.651237488,27.4284725189,-18.8984985352,-27.1141452789,-23.1307964325,8.88196754456,10.641412735,-2.61613821983,-3.41947102547,21.0972309113,84.2496643066,29.703414917,-7.89848804474],[86.3628005981,37.3134231567,-25.1508388519,5.59643697739,-23.5641479492,3.53786969185,2.31485939026,7.26821804047,4.4570016861,9.85885715485,29.703414917,75.1740264893,16.0679111481],[-28.7433681488,-51.7567481995,43.5701141357,-15.7967176437,12.6212282181,-7.64703941345,-9.13218402863,0.711794555187,13.337480545,-0.0375954434276,-7.89848804474,16.0679111481,67.7986068726]],"icov":[[0.000111874971481,-0.000107073203253,0.0000439878094767,-0.000183679672773,1.75461124741e-7,-0.000230782839935,0.000263231078861,-0.000255305931205,0.0000762941926951,0.00000858158909978,0.000128757979837,-0.0000590673153056,-0.0000793051003711],[-0.000107073203253,0.00119175540749,0.000634234864265,-0.000321662577335,0.00061128573725,-0.000500510563143,0.000342317158356,-0.000219973895582,-0.000514607643709,0.000563380715903,-0.000480945978779,0.0000788563920651,0.00028684764402],[0.0000439878094767,0.000634234864265,0.00284540792927,-0.000708552601282,0.000672939175274,-0.000951610389166,-0.000685708073433,0.000119905926113,-0.000323404179653,-0.00000489568401463,-0.0000641210135655,0.00139693613164,-0.00209199031815],[-0.000183679672773,-0.000321662577335,-0.000708552601282,0.00404814258218,-0.000870245217811,0.0000788735778769,-0.00123518775217,0.000526719144545,0.000964348495472,-0.00170604302548,0.00203230045736,-0.00140416098293,0.00145299523138],[1.75461124741e-7,0.00061128573725,0.000672939175274,-0.000870245217811,0.00801076367497,-0.00266903173178,0.00117835612036,-0.000463108270196,-0.00137837952934,0.000920304155443,0.000495589396451,0.0028550431598,-0.00214444799349],[-0.000230782839935,-0.000500510563143,-0.000951610389166,0.0000788735778769,-0.00266903173178,0.01271348726,-0.00437654275447,0.000142148404848,0.00101032853127,-0.00237326254137,-0.000767170451581,-0.000870833988301,0.00140676042065],[0.000263231078861,0.000342317158356,-0.000685708073433,-0.00123518775217,0.00117835612036,-0.00437654275447,0.0135855730623,-0.00373599654995,0.00045855451026,0.000849810836371,-0.00144175603054,0.0000369173430954,0.0014154901728],[-0.000255305931205,-0.000219973895582,0.000119905926113,0.000526719144545,-0.000463108270196,0.000142148404848,-0.00373599654995,0.0136286448687,-0.00527340220287,0.000982838217169,0.000702573219314,-0.00117843865883,0.000624514359515],[0.0000762941926951,-0.000514607643709,-0.000323404179653,0.000964348495472,-0.00137837952934,0.00101032853127,0.00045855451026,-0.00527340220287,0.0187225602567,-0.00749280676246,0.00233929418027,-0.000460891722469,-0.00274583999999],[0.00000858158909978,0.000563380715903,-0.00000489568401463,-0.00170604302548,0.000920304155443,-0.00237326254137,0.000849810836371,0.000982838217169,-0.00749280676246,0.0210451241583,-0.00581779889762,-0.0000122836290757,0.000515320512932],[0.000128757979837,-0.000480945978779,-0.0000641210135655,0.00203230045736,0.000495589396451,-0.000767170451581,-0.00144175603054,0.000702573219314,0.00233929418027,-0.00581779889762,0.017505178228,-0.00685240142047,0.00302170496434],[-0.0000590673153056,0.0000788563920651,0.00139693613164,-0.00140416098293,0.0028550431598,-0.000870833988301,0.0000369173430954,-0.00117843865883,-0.000460891722469,-0.0000122836290757,-0.00685240142047,0.019197229296,-0.00705937901512],[-0.0000793051003711,0.00028684764402,-0.00209199031815,0.00145299523138,-0.00214444799349,0.00140676042065,0.0014154901728,0.000624514359515,-0.00274583999999,0.000515320512932,0.00302170496434,-0.00705937901512,0.019925352186]],"mean":[-636.492492676,113.885360718,-5.23242235184,45.1534996033,6.38001346588,16.0257701874,-2.1774969101,7.50365829468,1.07581233978,2.08909606934,-5.18504571915,-2.40617656708,-3.28329515457]},"pitch_salience":{"dmean":0.0885396525264,"dmean2":0.1508333534,"dvar":0.00661522662267,"dvar2":0.0186274200678,"max":0.950856328011,"mean":0.561395585537,"median":0.57130587101,"min":0.139580771327,"var":0.0136922299862},"silence_rate_20dB":{"dmean":0,"dmean2":0,"dvar":0,"dvar2":0,"max":1,"mean":1,"median":1,"min":1,"var":0},"silence_rate_30dB":{"dmean":0.00112057372462,"dmean2":0.0022413986735,"dvar":0.00111921818461,"dvar2":0.00313320104033,"max":1,"mean":0.999103665352,"median":1,"min":0,"var":0.000895602861419},"silence_rate_60dB":{"dmean":0.0127745401114,"dmean2":0.0255519449711,"dvar":0.0126085812226,"dvar2":0.0331945195794,"max":1,"mean":0.0750700309873,"median":0,"min":0,"var":0.0694298148155},"spectral_centroid":{"dmean":347.92590332,"dmean2":540.375183105,"dvar":136414.6875,"dvar2":296860.75,"max":11741.5400391,"mean":1756.25048828,"median":1503.29199219,"min":191.604431152,"var":2501597},"spectral_complexity":{"dmean":5.73128652573,"dmean2":8.11453533173,"dvar":32.9639511108,"dvar2":59.4844284058,"max":60,"mean":24.6728286743,"median":26,"min":0,"var":169.663574219},"spectral_contrast_coeffs":{"dmean":[0.0532542951405,0.0539172030985,0.0402746163309,0.03024735488,0.0226871259511,0.0188729111105],"dmean2":[0.0873784050345,0.0883128494024,0.0653839632869,0.0493511594832,0.0368099175394,0.0299562644213],"dvar":[0.001799725811,0.00189662608318,0.00111889000982,0.000627239583991,0.00038401139318,0.000287313829176],"dvar2":[0.00488906307146,0.00497277686372,0.00288161542267,0.00158819905482,0.000947880209424,0.000674427952617],"max":[-0.301725000143,-0.396005153656,-0.547833502293,-0.618376672268,-0.579511165619,-0.581978797913],"mean":[-0.634238541126,-0.748314380646,-0.792479991913,-0.796986460686,-0.79505354166,-0.716872811317],"median":[-0.62739688158,-0.749566674232,-0.796075999737,-0.797679305077,-0.795519053936,-0.710164666176],"min":[-0.982805907726,-0.985367834568,-0.976946949959,-0.972502112389,-0.972865045071,-0.965194642544],"var":[0.00794908870012,0.00628471001983,0.00412279227749,0.00276682036929,0.00215685344301,0.00293584354222]},"spectral_contrast_valleys":{"dmean":[0.482280164957,0.496500879526,0.419772565365,0.347840845585,0.299337983131,0.286662906408],"dmean2":[0.776822328568,0.764441072941,0.640258491039,0.515918076038,0.430489242077,0.388355076313],"dvar":[0.187005460262,0.207478925586,0.168933391571,0.128530114889,0.110902428627,0.119342938066],"dvar2":[0.435450136662,0.460584282875,0.360013395548,0.24755872786,0.195650503039,0.201201632619],"max":[-5.16385889053,-4.79103326797,-5.30983114243,-5.74749898911,-5.20608901978,-7.30098056793],"mean":[-7.28908061981,-7.34287261963,-7.72632598877,-7.86609506607,-7.54710435867,-10.7333116531],"median":[-6.61258792877,-6.71705770493,-7.05387401581,-7.16877841949,-6.87609195709,-10.2188682556],"min":[-28.1567420959,-28.1452350616,-28.1959915161,-27.8697681427,-27.5382232666,-27.4046611786],"var":[11.1226577759,11.0168018341,10.5466451645,10.4353256226,10.7061252594,7.89079904556]},"spectral_decrease":{"dmean":3.86772569527e-9,"dmean2":6.51181775169e-9,"dvar":2.1876215704e-17,"dvar2":5.82138017554e-17,"max":2.37567551241e-28,"mean":-8.8747915683e-9,"median":-8.24803514377e-9,"min":-4.3827562024e-8,"var":3.27346238768e-17},"spectral_energy":{"dmean":0.0150617891923,"dmean2":0.0251891650259,"dvar":0.000321359257214,"dvar2":0.000850012700539,"max":0.167561277747,"mean":0.0356301255524,"median":0.0335093252361,"min":9.9388295148e-21,"var":0.000503867922816},"spectral_energyband_high":{"dmean":0.000595202029217,"dmean2":0.000902375672013,"dvar":0.00000352299707629,"dvar2":0.00000850210381032,"max":0.0461945906281,"mean":0.00110512727406,"median":0.00067281012889,"min":6.86193008581e-21,"var":0.00000408077721659},"spectral_energyband_low":{"dmean":0.0122298924252,"dmean2":0.0213382262737,"dvar":0.000286331778625,"dvar2":0.000783627328929,"max":0.161928236485,"mean":0.0179119445384,"median":0.0136174308136,"min":1.51589751912e-23,"var":0.000308788410621},"spectral_energyband_middle_high":{"dmean":0.00215736171231,"dmean2":0.00319673772901,"dvar":0.00000716642898624,"dvar2":0.000015642184735,"max":0.0411057583988,"mean":0.00577253941447,"median":0.00458054617047,"min":1.09666327279e-21,"var":0.0000265674461843},"spectral_energyband_middle_low":{"dmean":0.00550938723609,"dmean2":0.0092736268416,"dvar":0.0000462189236714,"dvar2":0.000124590325868,"max":0.0716738849878,"mean":0.0125345578417,"median":0.0111376689747,"min":1.34851265774e-22,"var":0.0000780854898039},"spectral_entropy":{"dmean":0.136012449861,"dmean2":0.200594291091,"dvar":0.0175873432308,"dvar2":0.038070589304,"max":9.82574367523,"mean":7.74358797073,"median":7.71354293823,"min":5.63144445419,"var":0.19430154562},"spectral_flux":{"dmean":0.0349975824356,"dmean2":0.053573448211,"dvar":0.00135039736051,"dvar2":0.00246484880336,"max":0.326657146215,"mean":0.10510995239,"median":0.10098233819,"min":6.31119115302e-11,"var":0.00288151623681},"spectral_kurtosis":{"dmean":1.37657415867,"dmean2":2.38559770584,"dvar":3.06992149353,"dvar2":9.30893707275,"max":39.0177841187,"mean":2.729773283,"median":2.29441785812,"min":-1.25948405266,"var":6.15174865723},"spectral_rms":{"dmean":0.00116764963605,"dmean2":0.00189780932851,"dvar":0.00000155991460815,"dvar2":0.0000039922833821,"max":0.0127857113257,"mean":0.00548567855731,"median":0.00571769382805,"min":3.11390735246e-12,"var":0.00000466848268843},"spectral_rolloff":{"dmean":716.207519531,"dmean2":1212.15734863,"dvar":1043062.625,"dvar2":2377313,"max":19939.7460938,"mean":1903.38598633,"median":1205.859375,"min":86.1328125,"var":8966933},"spectral_skewness":{"dmean":0.19707134366,"dmean2":0.327764451504,"dvar":0.0378286540508,"dvar2":0.104677081108,"max":4.40926170349,"mean":1.03450489044,"median":1.03152537346,"min":-0.0826614946127,"var":0.154919117689},"spectral_spread":{"dmean":437716.71875,"dmean2":666853.1875,"dvar":627582828544,"dvar2":1195878514690,"max":43162528,"mean":4886148.5,"median":3820423,"min":1468903.125,"var":32766638948400},"spectral_strongpeak":{"dmean":0.358664423227,"dmean2":0.631800115108,"dvar":0.637141823769,"dvar2":1.74857223034,"max":22.6150569916,"mean":0.567557513714,"median":0.445342510939,"min":0,"var":0.524826467037},"zerocrossingrate":{"dmean":0.011029115878,"dmean2":0.0137207414955,"dvar":0.000160490046255,"dvar2":0.000254339916864,"max":0.53125,"mean":0.0683142915368,"median":0.05322265625,"min":0.0048828125,"var":0.00559516483918}},"metadata":{"audio_properties":{"analysis_sample_rate":44100,"bit_rate":191728,"codec":"mp3","downmix":"mix","equal_loudness":0,"length":207.203262329,"lossless":false,"md5_encoded":"9504108ec370d572330f6a5ab2f4294e","replay_gain":-11.8596534729,"sample_rate":44100},"tags":{"album":["Fireball"],"albumartist":["Deep Purple"],"albumartistsort":["Deep Purple"],"artist":["Deep Purple"],"artistsort":["Deep Purple"],"file_name":"01 Fireball.mp3","musicbrainz album status":["official"],"musicbrainz album type":["album"],"musicbrainz_albumartistid":["79491354-3d83-40e3-9d8e-7592d58d790a"],"musicbrainz_albumid":["45ac68bc-6e4c-46a7-836d-246dcb0fd431"],"musicbrainz_artistid":["79491354-3d83-40e3-9d8e-7592d58d790a"],"musicbrainz_recordingid":["2a87ee83-05f6-4e99-ae84-49f175211da7"],"title":["Fireball"],"tracknumber":["1/16"]},"version":{"essentia":"2.1-beta2","essentia_build_sha":"70f2e5ece6736b2c40cc944ad0e695b16b925413","essentia_git_sha":"v2.1_beta2","extractor":"music 1.0"}},"rhythm":{"beats_count":418,"beats_loudness":{"dmean":0.011830736883,"dmean2":0.0205445010215,"dvar":0.000101155987068,"dvar2":0.000302505330183,"max":0.0894947424531,"mean":0.0371265374124,"median":0.0375962331891,"min":0,"var":0.000276158039924},"beats_loudness_band_ratio":{"dmean":[0.17323730886,0.110954724252,0.0743503645062,0.0488582551479,0.0614280439913,0.0489844717085],"dmean2":[0.299001634121,0.194148778915,0.130637079477,0.085071079433,0.107524007559,0.0838466137648],"dvar":[0.0224401503801,0.0108012463897,0.00729950284585,0.00482283672318,0.00496309949085,0.00484687834978],"dvar2":[0.0614001341164,0.0281016025692,0.0210066419095,0.0133222388104,0.0142487967387,0.0147449113429],"max":[0.965659976006,0.896748840809,0.751661062241,0.825090348721,0.534171581268,0.603981971741],"mean":[0.477491974831,0.179561674595,0.102795951068,0.0734847187996,0.102812640369,0.0853332281113],"med