{"lowlevel":{"average_loudness":0.000172572763404,"barkbands":{"dmean":[0.00129955261946,0.0118504585698,0.00393859623,0.00156832369976,0.00103929138277,0.000348017143551,0.000610742659774,0.000312850228511,0.000458837253973,0.000314105418511,0.0000481739589304,0.0000565699592698,0.0000813090009615,0.0000404321181122,0.0000971908448264,0.0000247119205596,0.0000314588360197,0.0000733085907996,0.0000551607408852,0.000011244599591,0.0000166178560903,0.0000044670969146,0.00000271668614005,5.30719546532e-7,1.04393706124e-7,6.8087487648e-8,1.20322463104e-8],"dmean2":[0.00226657791063,0.0203103292733,0.0069117792882,0.00276728160679,0.00179079838563,0.00057445676066,0.000945529551245,0.000397757830797,0.000592253636569,0.000455692323158,0.0000784107905929,0.0000900607046788,0.000132135421154,0.0000661102603772,0.000150433377712,0.0000425343168899,0.000057544450101,0.00013621035032,0.000100866003777,0.0000203111594601,0.0000299260645988,0.00000770764199842,0.00000461167064714,9.63815637078e-7,1.93322520659e-7,1.24850643601e-7,2.17810498526e-8],"dvar":[0.000022134030587,0.00234649167396,0.000271797413006,0.0000432591914432,0.0000171721694642,0.00000145990190958,0.00000482333098262,0.00000124744667573,0.00000330107945956,0.00000153952089477,4.34884377398e-8,1.47836757947e-7,1.55652074341e-7,3.45693642601e-8,2.94839253456e-7,1.67795182193e-8,4.85320654775e-8,2.40374362193e-7,1.43922719076e-7,5.03215602521e-9,1.27044073039e-8,1.9133188367e-9,5.03276142982e-10,1.20661510297e-11,6.51565119133e-13,2.10898830409e-13,1.51896961534e-14],"dvar2":[0.0000671256057103,0.00657702703029,0.000778105400968,0.000129358289996,0.0000487317047373,0.00000407794914281,0.0000115252687465,0.00000172524835307,0.00000460459204987,0.00000327042721437,1.03486733849e-7,3.29812536393e-7,3.85481058629e-7,8.30451440947e-8,6.06802359471e-7,4.48448460588e-8,1.43805664266e-7,7.3192546779e-7,4.31532555467e-7,1.48816292622e-8,3.63529650826e-8,5.43938538655e-9,1.28863975046e-9,3.51164340662e-11,1.93333652039e-12,6.12361073307e-13,4.46639219478e-14],"max":[0.12337051332,1.66050648689,0.420695126057,0.16583801806,0.134201809764,0.0353075675666,0.100727818906,0.0474131442606,0.0947988778353,0.046840723604,0.00761767337099,0.0318804234266,0.0175350382924,0.00802877172828,0.0384714305401,0.00527849234641,0.0064982441254,0.0131759233773,0.00919111445546,0.00305669452064,0.0053988113068,0.00272888736799,0.00146142591257,0.0000988774554571,0.0000366328567907,0.0000211301266972,0.0000093199123512],"mean":[0.00158010190353,0.0174490883946,0.00486939772964,0.00176897423808,0.00159522460308,0.000661858124658,0.00165523518808,0.000918951118365,0.00127756164875,0.000702854362316,0.0000827170515549,0.0000947640510276,0.000138416871778,0.0000788900797488,0.000199210320716,0.0000346243032254,0.0000272304914688,0.0000634247116977,0.0000557292842132,0.0000188578378584,0.0000306134134007,0.0000119743199321,0.00000635931428405,6.51611514968e-7,7.82957130241e-8,6.95764796887e-8,2.95081559187e-8],"median":[0.0000176712819666,0.000116259303468,0.0000111416975415,0.0000100159377325,0.0000566756025364,0.0000226086303883,0.0000148540621012,0.0000067858827606,0.00000451368214271,0.00000202429941965,0.00000101619548332,6.86143323492e-7,9.36649882988e-7,5.78684364427e-7,3.54289284132e-7,1.03609217206e-7,1.71550418315e-8,8.11382072641e-9,1.88979609739e-9,5.47963674435e-10,2.4941224086e-10,1.32620192606e-10,1.47029083353e-10,1.81596584992e-10,3.19933496362e-10,1.07609443578e-9,1.64382090162e-8],"min":[3.63685623771e-15,5.42098926309e-15,3.56221357682e-15,3.49833374007e-15,8.34934945075e-15,7.58820649138e-15,6.63739040875e-15,5.57101108002e-15,5.95046024105e-15,3.93299589673e-15,2.26931497987e-15,1.23895752717e-15,2.88732382365e-16,1.17060482706e-16,4.800602639e-16,6.56043111274e-16,2.2992614062e-16,2.16830812732e-16,1.21170508912e-15,5.22838709989e-16,5.76903340705e-16,6.81460981835e-16,1.82885445916e-15,9.60254359006e-16,4.18227854014e-15,4.74972031107e-15,1.83117460946e-14],"var":[0.0000322842279274,0.00562203675508,0.000360473553883,0.0000511516809638,0.000032203450246,0.00000358691340807,0.0000333483949362,0.0000103299962575,0.0000226940519497,0.00000551929451831,9.84171606433e-8,4.09753909025e-7,3.42382719509e-7,1.05831382768e-7,0.0000012909289353,2.83761458775e-8,3.55634455218e-8,1.87510877936e-7,1.54659502982e-7,2.15755697752e-8,6.6319699954e-8,1.33230368959e-8,3.53213969184e-9,2.33906609359e-11,4.54006705277e-13,1.66029950205e-13,1.27828960795e-14]},"barkbands_crest":{"dmean":2.12616300583,"dmean2":3.60335373878,"dvar":6.62825250626,"dvar2":18.8136978149,"max":26.7976589203,"mean":17.2981719971,"median":18.5124530792,"min":4.00119543076,"var":36.998966217},"barkbands_flatness_db":{"dmean":0.0267368797213,"dmean2":0.0452607683837,"dvar":0.00133120513055,"dvar2":0.00370923732407,"max":0.791544258595,"mean":0.304388284683,"median":0.270813971758,"min":0.0491094663739,"var":0.0160572789609},"barkbands_kurtosis":{"dmean":18.5517120361,"dmean2":33.3381843567,"dvar":25252.34375,"dvar2":81234.6484375,"max":9030.37988281,"mean":36.4696426392,"median":14.0089550018,"min":-1.98244380951,"var":52593.5820312},"barkbands_skewness":{"dmean":0.805844664574,"dmean2":1.37788176537,"dvar":2.57701873779,"dvar2":8.05689430237,"max":67.2345352173,"mean":-0.330587536097,"median":-0.166451498866,"min":-5.85970830917,"var":21.4842262268},"barkbands_spread":{"dmean":3.46463179588,"dmean2":5.93211555481,"dvar":40.1857261658,"dvar2":113.688613892,"max":152.611587524,"mean":13.4700269699,"median":9.01186561584,"min":0.027760496363,"var":142.681655884},"dissonance":{"dmean":0.0262274015695,"dmean2":0.0447665192187,"dvar":0.00128705415409,"dvar2":0.00364553229883,"max":0.500000178814,"mean":0.447102993727,"median":0.472818106413,"min":0,"var":0.00393398851156},"dynamic_complexity":28.7756595612,"erbbands":{"dmean":[0.350870549679,2.73876333237,4.9076757431,4.73183870316,3.83130025864,3.74042010307,2.84014582634,2.94387793541,7.84317302704,10.5057420731,4.69184780121,10.799030304,8.72616672516,6.44096946716,2.06195664406,2.99782109261,3.51564693451,1.67022979259,5.7373085022,1.93565428257,1.28256368637,1.86840522289,3.7342979908,3.94647097588,1.50077652931,0.523507297039,0.619134843349,0.629962265491,0.189096435905,0.119617141783,0.0633795931935,0.0240250509232,0.0037267410662,0.00149950257037,0.000595485209487,0.000349828333128,0.000129874330014,0.0000159489882208,0.00000818246098788,0.0000171108458744],"dmean2":[0.592464506626,4.77218389511,8.59413433075,8.34621047974,6.66929626465,6.40621519089,4.92987108231,4.82236528397,12.6324625015,13.3242959976,6.24434375763,14.0241594315,12.7562665939,9.42716693878,3.32384037971,4.77129030228,5.7053604126,2.63900613785,8.9065656662,3.17665958405,2.23591852188,3.42706179619,6.90174198151,7.24070262909,2.71261930466,0.946537435055,1.12144374847,1.13610386848,0.325317054987,0.199620291591,0.109327964485,0.0430499278009,0.00682818330824,0.00279191788286,0.00109278399032,0.000639036938082,0.000238276683376,0.0000288471310341,0.0000137891520353,0.0000287203129119],"dvar":[2.36248493195,126.226745605,429.322570801,409.144500732,240.148895264,257.686920166,150.830841064,102.340690613,761.336120605,1321.93823242,236.064620972,1768.94140625,1934.85437012,622.575378418,88.4117889404,339.505981445,293.240692139,42.5783157349,1070.98071289,102.270553589,50.6049995422,170.799911499,650.487731934,678.597167969,93.7054672241,11.2437572479,19.0040378571,19.9929122925,3.04314565659,1.35463500023,0.243539884686,0.0275329854339,0.00066954450449,0.000138041286846,0.0000259627813648,0.00000580840742259,8.38409960124e-7,2.87326589188e-8,9.97368188038e-10,3.75900999217e-9],"dvar2":[5.97181415558,366.766937256,1215.89440918,1240.89306641,702.876098633,728.669006348,435.083648682,278.223052979,1970.56738281,1989.63891602,361.532653809,2567.32885742,4391.31152344,1268.83227539,207.267944336,750.871643066,732.536010742,92.306427002,2112.07983398,244.262786865,141.533218384,507.628936768,1985.8269043,2047.29699707,272.76473999,32.5072593689,55.6527519226,57.6696739197,8.52282047272,3.57464146614,0.640735507011,0.0783251896501,0.00200563622639,0.000408316642279,0.0000777728637331,0.0000169360355358,0.00000245294904744,8.24952905987e-8,2.78870615489e-9,1.03858743827e-8],"max":[77.3771820068,256.282684326,556.968688965,508.705749512,414.790039062,453.879669189,435.37197876,321.86126709,982.311340332,1427.03039551,677.225402832,2168.43676758,2005.17102051,823.256286621,361.921112061,1553.27770996,730.48651123,321.187988281,1471.30541992,773.574401855,221.76701355,380.264251709,741.162475586,647.381713867,265.430450439,169.774658203,188.54095459,210.701965332,99.0355453491,83.6519470215,29.4387016296,5.3796415329,0.993513584137,0.345743536949,0.312536805868,0.116203300655,0.0318326540291,0.0134960263968,0.00164973654319,0.0019741228316],"mean":[0.569698572159,3.57430958748,6.35023021698,6.0262670517,5.34733295441,5.32661294937,4.31432962418,5.97907161713,18.0151519775,35.5095367432,15.0847272873,28.8708267212,18.1309185028,14.5830335617,4.09376859665,5.36240386963,6.22748708725,3.92251443863,12.0038576126,3.75279211998,1.6864323616,1.65438425541,3.14667153358,3.64100909233,1.82712984085,0.940596759319,1.11933815479,1.14782249928,0.468744397163,0.330600321293,0.143709421158,0.0352858528495,0.00358686968684,0.00115426373668,0.000472931016702,0.00034164331737,0.000138244344271,0.0000250051834882,0.0000176836838364,0.0000370728048438],"median":[0.00451691634953,0.0164562668651,0.0186452809721,0.0362314246595,0.0826497599483,0.188627958298,0.206275328994,0.177738413215,0.224727615714,0.216030329466,0.147864684463,0.10415636003,0.0744762271643,0.0667339786887,0.0407764799893,0.0332201868296,0.0438417717814,0.0366569384933,0.0275140218437,0.0200450383127,0.0056662838906,0.00140554876998,0.000549632241018,0.000243427610258,0.0000715373462299,0.0000288973842544,0.000015508810975,0.00000822977017378,0.00000547199624634,0.00000518923434356,0.00000480062453789,0.00000434960429629,0.00000372362364942,0.00000350577602148,0.00000319031892104,0.00000292308277494,0.00000250748075814,0.00000158540649409,0.00000116169087505,0.00000129212776301],"min":[1.98173928981e-13,1.09914800785e-12,3.67494056019e-12,8.78442370927e-12,1.73337837139e-11,2.98652109987e-11,4.64384017351e-11,6.64450300336e-11,8.83563708309e-11,1.09604450516e-10,1.26608445949e-10,1.35148420233e-10,1.3127014753e-10,1.12887990622e-10,8.18257614443e-11,4.54713558473e-11,1.60753025474e-11,5.59045821788e-12,1.61569473078e-11,3.28947563633e-11,3.24992359413e-11,1.24680951327e-11,8.07054770235e-12,4.28272001196e-11,6.22990825594e-11,2.40981540278e-11,1.26709545634e-11,2.65362627705e-11,1.37732811267e-11,6.61991711448e-11,4.36294333994e-11,1.56326670359e-11,1.91825999529e-11,1.25380608673e-11,4.83198515921e-11,2.35457348063e-11,7.37053387073e-12,7.55088092746e-12,3.59774644972e-12,2.30650432564e-13],"var":[9.78252506256,200.16569519,586.887268066,532.021118164,386.759460449,412.427490234,236.903076172,275.701599121,3769.71679688,13440.0019531,2156.77514648,11122.8154297,5541.19775391,2248.51611328,220.035202026,990.95300293,648.391967773,210.337585449,4312.50878906,367.309997559,58.9834594727,126.662979126,489.468688965,594.820983887,170.921051025,55.9489479065,87.0214767456,96.5143432617,19.5053100586,10.6069669724,1.74425470829,0.0792317166924,0.000653854920529,0.0000953774215304,0.0000178547652467,0.00000430670706919,6.60264333874e-7,2.74458464844e-8,2.58635957096e-9,1.11462181707e-8]},"erbbands_crest":{"dmean":1.79584729671,"dmean2":2.98733735085,"dvar":4.56859111786,"dvar2":12.3078050613,"max":31.2526435852,"mean":8.0059709549,"median":6.64253139496,"min":1.86235117912,"var":34.2759933472},"erbbands_flatness_db":{"dmean":0.0155488122255,"dmean2":0.0262009762228,"dvar":0.000425842241384,"dvar2":0.00113791099284,"max":0.554954648018,"mean":0.229905262589,"median":0.273586273193,"min":0.0255560111254,"var":0.0217471607029},"erbbands_kurtosis":{"dmean":2.33128499985,"dmean2":4.08704471588,"dvar":158.433563232,"dvar2":534.647705078,"max":560.381530762,"mean":4.06153011322,"median":-0.439129114151,"min":-1.90742480755,"var":806.437194824},"erbbands_skewness":{"dmean":0.400000870228,"dmean2":0.672747969627,"dvar":0.408056616783,"dvar2":1.16383600235,"max":17.2133655548,"mean":0.503184974194,"median":0.000533624202944,"min":-4.14620161057,"var":2.54531240463},"erbbands_spread":{"dmean":5.25893688202,"dmean2":9.06036376953,"dvar":88.5692367554,"dvar2":251.999237061,"max":192.254837036,"mean":32.4460258484,"median":26.4750785828,"min":0.581140875816,"var":544.094482422},"gfcc":{"cov":[[85920.265625,40379.6210938,-4114.49609375,-378.489685059,1608.71386719,-53.2064437866,-714.47668457,747.534240723,1498.66320801,-19.920583725,603.371643066,-1055.69384766,-89.7131958008],[40379.6210938,23911.046875,-402.461639404,-1948.3269043,1366.08740234,94.7683334351,-702.016845703,-70.9150543213,757.09967041,-183.941207886,246.024642944,-818.383544922,25.7910423279],[-4114.49609375,-402.461639404,2253.52392578,572.106750488,300.565124512,187.899200439,177.604003906,-132.062896729,-73.3352737427,-148.680343628,14.8646945953,-17.0788078308,-16.8240909576],[-378.489685059,-1948.3269043,572.106750488,1918.99230957,151.277236938,42.6295280457,323.410064697,157.754776001,-117.49356842,-59.8560638428,48.7547416687,156.570419312,-116.208465576],[1608.71386719,1366.08740234,300.565124512,151.277236938,440.116882324,81.7056350708,-8.02924442291,-27.9502601624,11.5013656616,-68.132194519,33.0147018433,-55.3541030884,-9.06415939331],[-53.2064437866,94.7683334351,187.899200439,42.6295280457,81.7056350708,180.71887207,76.2438354492,-20.4817256927,35.0385360718,17.4568901062,19.6409626007,-2.517131567,36.996673584],[-714.47668457,-702.016845703,177.604003906,323.410064697,-8.02924442291,76.2438354492,237.877410889,103.406684875,51.5121650696,38.3707008362,44.6865196228,46.3945655823,26.0289993286],[747.534240723,-70.9150543213,-132.062896729,157.754776001,-27.9502601624,-20.4817256927,103.406684875,180.830001831,70.3135528564,54.3813781738,37.9313659668,45.5888748169,10.5222606659],[1498.66320801,757.09967041,-73.3352737427,-117.49356842,11.5013656616,35.0385360718,51.5121650696,70.3135528564,150.561904907,74.5658340454,43.3895759583,-12.2053852081,43.621673584],[-19.920583725,-183.941207886,-148.680343628,-59.8560638428,-68.132194519,17.4568901062,38.3707008362,54.3813781738,74.5658340454,108.312652588,40.5000305176,28.7678222656,37.5740966797],[603.371643066,246.024642944,14.8646945953,48.7547416687,33.0147018433,19.6409626007,44.6865196228,37.9313659668,43.3895759583,40.5000305176,64.8964767456,22.9748001099,21.6434402466],[-1055.69384766,-818.383544922,-17.0788078308,156.570419312,-55.3541030884,-2.517131567,46.3945655823,45.5888748169,-12.2053852081,28.7678222656,22.9748001099,85.0388946533,25.1452159882],[-89.7131958008,25.7910423279,-16.8240909576,-116.208465576,-9.06415939331,36.996673584,26.0289993286,10.5222606659,43.621673584,37.5740966797,21.6434402466,25.1452159882,75.3239974976]],"icov":[[0.000528470496647,-0.000974811555352,0.000981497229077,-0.00141196686309,0.0013743173331,-0.000682437035721,0.000598281621933,-0.000918826437555,-0.000546684488654,0.00101906328928,-0.00115342624485,0.00114661187399,-0.000816843472421],[-0.000974811555352,0.00194451375864,-0.00177696184255,0.00253568938933,-0.00256985635497,0.0011265091598,-0.000403410143917,0.00133074074984,0.000349838577677,-0.00100982945878,0.000964103091974,-0.000724177982192,0.00104510632809],[0.000981497229077,-0.00177696184255,0.00249653938226,-0.00273529184051,0.0023541438859,-0.00152854330372,0.000606985297054,-0.000987712759525,-0.00136654346716,0.00298715918325,-0.00271164346486,0.00230965134688,-0.00161319505423],[-0.00141196686309,0.00253568938933,-0.00273529184051,0.00518430024385,-0.00445019640028,0.00190763897263,-0.00364168104716,0.00260112155229,0.00208813487552,-0.00303634093143,0.00395090645179,-0.00690471427515,0.00573503552005],[0.0013743173331,-0.00256985635497,0.0023541438859,-0.00445019640028,0.00810077413917,-0.00384289957583,0.00377642340027,-0.00363373826258,-0.00162121665198,0.00644503999501,-0.00767543585971,0.00692840991542,-0.00414171582088],[-0.000682437035721,0.0011265091598,-0.00152854330372,0.00190763897263,-0.00384289957583,0.0107443761081,-0.00559650780633,0.00543179549277,0.000343668973073,-0.00494816433638,0.00460532307625,-0.00261631608009,-0.00134204130154],[0.000598281621933,-0.000403410143917,0.000606985297054,-0.00364168104716,0.00377642340027,-0.00559650780633,0.0152583559975,-0.00831459276378,-0.00422184448689,0.00653845863417,-0.0100250989199,0.0107797272503,-0.00707459636033],[-0.000918826437555,0.00133074074984,-0.000987712759525,0.00260112155229,-0.00363373826258,0.00543179549277,-0.00831459276378,0.0162290278822,-0.0042688655667,-0.00457851355895,0.00610097730532,-0.0127375591546,0.00699847843498],[-0.000546684488654,0.000349838577677,-0.00136654346716,0.00208813487552,-0.00162121665198,0.000343668973073,-0.00422184448689,-0.0042688655667,0.0227466635406,-0.0136553132907,0.00179123878479,0.00477833813056,-0.00463441805914],[0.00101906328928,-0.00100982945878,0.00298715918325,-0.00303634093143,0.00644503999501,-0.00494816433638,0.00653845863417,-0.00457851355895,-0.0136553132907,0.0315742306411,-0.0185678098351,0.00602846639231,-0.00539103616029],[-0.00115342624485,0.000964103091974,-0.00271164346486,0.00395090645179,-0.00767543585971,0.00460532307625,-0.0100250989199,0.00610097730532,0.00179123878479,-0.0185678098351,0.0420039594173,-0.022349672392,0.00682874396443],[0.00114661187399,-0.000724177982192,0.00230965134688,-0.00690471427515,0.00692840991542,-0.00261631608009,0.0107797272503,-0.0127375591546,0.00477833813056,0.00602846639231,-0.022349672392,0.0494214035571,-0.0242006368935],[-0.000816843472421,0.00104510632809,-0.00161319505423,0.00573503552005,-0.00414171582088,-0.00134204130154,-0.00707459636033,0.00699847843498,-0.00463441805914,-0.00539103616029,0.00682874396443,-0.0242006368935,0.0335504636168]],"mean":[-458.959594727,100.70275116,-70.860496521,-28.2763309479,-13.0964279175,-8.51732063293,-18.1440906525,-1.9416667223,-4.24872398376,-0.792765259743,-5.03965091705,-4.78631591797,-4.90246725082]},"hfc":{"dmean":2.38322854042,"dmean2":3.82978582382,"dvar":36.5049057007,"dvar2":98.5090942383,"max":138.465316772,"mean":6.97998428345,"median":0.175638899207,"min":5.90355653252e-10,"var":191.154785156},"melbands":{"dmean":[0.00318177114241,0.0028511271812,0.000742149015423,0.000260528468061,0.000104919257865,0.000064750056481,0.000122909026686,0.000108457177703,0.0000522536429344,0.000061629609263,0.0000443709868705,0.0000295755162369,0.0000063389047682,0.00000766411176301,0.00000921607352211,0.00000555062297281,0.00000277412482319,0.00000991701017483,0.00000487127817905,0.00000184104942491,0.00000146456989114,0.00000177561651071,0.00000276146079159,0.00000366254062101,0.00000335808272212,0.00000168923952515,4.72654534178e-7,3.24134475704e-7,4.21692647024e-7,4.40120970779e-7,3.26130191297e-7,1.07492340362e-7,8.26566619594e-8,7.11522787356e-8,4.18046113282e-8,2.76572471591e-8,9.17058340377e-9,2.46403208948e-9,1.55754753539e-9,1.1294370994e-9],"dmean2":[0.00541568314657,0.00500524695963,0.00129986426327,0.000453004613519,0.000180376402568,0.000105342543975,0.000196669076104,0.000136124974233,0.0000676708295941,0.0000810817291494,0.000064794519858,0.0000430102008977,0.0000102723688542,0.0000121159964692,0.0000149620100274,0.00000895384528121,0.0000044453809096,0.0000154661902343,0.00000781114340498,0.00000312492943522,0.00000258229920291,0.00000325775181409,0.00000508449147674,0.00000681297660776,0.00000621152958047,0.00000306419269691,8.50154549425e-7,5.86575254147e-7,7.79585832333e-7,7.85083045685e-7,5.85447821777e-7,1.86047927286e-7,1.40128079806e-7,1.20557615446e-7,7.18197057381e-8,4.8758483473e-8,1.65032805199e-8,4.53935422584e-9,2.89670087916e-9,2.09760919745e-9],"dvar":[0.000175811801455,0.000135978407343,0.00000937171262194,0.00000112997884116,1.96017751364e-7,4.81577977496e-8,1.99185251404e-7,1.43785015894e-7,4.0608494345e-8,5.41880922356e-8,4.65253968684e-8,1.39085880591e-8,8.57181770009e-10,2.45834086421e-9,2.09322492672e-9,6.77029987628e-10,1.59045415726e-10,3.50335982446e-9,1.23418852915e-9,1.08183413616e-10,8.0212968212e-11,1.63672755904e-10,3.18021303736e-10,6.67062405313e-10,5.24394194734e-10,1.30266963883e-10,9.29820977158e-12,5.03676831146e-12,9.69541807949e-12,9.41035183805e-12,5.92501178329e-12,1.05852934924e-12,7.50460023985e-13,4.86390062341e-13,1.21236638892e-13,4.03488955572e-14,3.72150362827e-15,3.55504360174e-16,1.61859340602e-16,8.16915698198e-17],"dvar2":[0.000477995636174,0.000388286425732,0.0000282505716314,0.00000323941185343,5.57899909381e-7,1.30944187049e-7,5.06049673277e-7,2.0624459296e-7,5.52964358747e-8,8.13646892084e-8,1.05166201081e-7,2.79927547808e-8,2.03329864057e-9,5.50766188212e-9,5.16286169372e-9,1.68869229711e-9,3.57129770201e-10,6.98029101187e-9,2.80178791279e-9,2.86327767052e-10,2.30545027513e-10,4.8433418387e-10,9.58204182666e-10,2.04132422077e-9,1.58784629889e-9,3.80284609358e-10,2.69178169338e-11,1.45792457967e-11,2.91224197535e-11,2.70295626159e-11,1.70891443357e-11,2.92111148638e-12,2.16557848043e-12,1.29514086088e-12,3.25496980714e-13,1.13761024255e-13,1.07879022488e-14,1.07474092034e-15,4.80807505778e-16,2.40929575061e-16],"max":[0.555887281895,0.288074493408,0.0794488936663,0.0339619033039,0.013663305901,0.00641780346632,0.0180618539453,0.015356682241,0.0105319628492,0.0116038583219,0.00972372852266,0.00400089332834,0.00112725095823,0.00401615118608,0.00200003781356,0.000999468029477,0.000665948784444,0.0026673420798,0.0030894393567,0.000397018273361,0.000263180612819,0.000380858342396,0.000363072787877,0.000739205919672,0.000586693524383,0.000322530482663,0.0000981248012977,0.000114691763883,0.00011174048268,0.00013153567852,0.000113841415441,0.0000601839165029,0.0000489320300403,0.0000486232383992,0.000019892155251,0.00000684157248543,0.00000189866443634,6.43457099159e-7,4.51118779665e-7,2.33664664506e-7],"mean":[0.0049881185405,0.00392343848944,0.00103515572846,0.000390823406633,0.000165000281413,0.000131479100673,0.000298348051729,0.000362798309652,0.000152754422743,0.00016480855993,0.0000898225334822,0.0000651565860608,0.0000111917088361,0.0000131048091134,0.0000156823280122,0.00000992325658444,0.00000578492472414,0.0000199437454285,0.00000968360654952,0.00000278125276054,0.00000169089548763,0.00000153517316903,0.0000023175921342,0.00000308621179101,0.00000302151420328,0.00000189756281088,6.45825650736e-7,6.05743309734e-7,6.73999295486e-7,7.72110524849e-7,5.94234393247e-7,2.59494925103e-7,2.02338966915e-7,1.76759499482e-7,9.2533099405e-8,4.14552800976e-8,1.19576144542e-8,1.89499926861e-9,1.11011644321e-9,8.18125123203e-10],"median":[0.0000400828648708,0.0000165755391208,0.00000777676177677,0.0000109952479761,0.00000765266850067,0.00000424266954724,0.00000330976899932,0.00000212389113585,0.00000116574574349,5.92311039327e-7,3.43342009046e-7,2.57386091107e-7,1.31425579752e-7,7.77019337761e-8,8.93402685165e-8,8.45942835781e-8,5.39463407279e-8,4.11791134525e-8,2.50860523465e-8,1.1447021997e-8,3.74177089313e-9,1.09564235462e-9,5.36145239316e-10,3.09210573812e-10,1.55128382362e-10,5.63774964213e-11,2.66589007814e-11,1.34782809913e-11,9.1615152964e-12,5.73272722695e-12,3.4378214251e-12,2.73390381514e-12,2.493724411e-12,2.58188479277e-12,2.3425096498e-12,2.3682208538e-12,2.21013832236e-12,2.16155500617e-12,2.30979753553e-12,2.60019696746e-12],"min":[1.81093251255e-15,1.79041038654e-15,1.74997769232e-15,1.68992051526e-15,1.60325739806e-15,1.49668985362e-15,1.3631246163e-15,1.20596548799e-15,1.03224951254e-15,8.41988707235e-16,6.48318435493e-16,4.63339145307e-16,2.96773080845e-16,1.62342692013e-16,6.95942982067e-17,1.99493150106e-17,8.56160471724e-18,2.16352745352e-17,4.0132741987e-17,4.70886195632e-17,3.59426751377e-17,1.50771517195e-17,2.67683442399e-18,1.20252465156e-17,3.6087239839e-17,4.99910044268e-17,3.6357410262e-17,1.04928266021e-17,3.76532408039e-18,1.58125764955e-17,1.47941517253e-17,3.55559036813e-18,1.99907154003e-17,4.44747155927e-17,3.06421646382e-17,9.49174119191e-18,9.37830577861e-18,1.30654881745e-17,1.33731803372e-17,6.53074396452e-18],"var":[0.000545036396943,0.00020185484027,0.0000143089228004,0.00000202430896934,3.33276204856e-7,1.35819817615e-7,0.00000112641225769,0.00000144165551319,3.0386397043e-7,3.44461312807e-7,1.32730960445e-7,4.89135771886e-8,1.92928961695e-9,6.774838468e-9,4.76005768135e-9,1.53437806905e-9,7.26319226985e-10,1.27952040074e-8,4.87531126581e-9,2.10235787113e-10,7.76958844484e-11,1.18715398623e-10,2.44622266887e-10,4.98291019557e-10,4.37907071715e-10,1.92535112853e-10,2.3039875563e-11,2.57435513878e-11,3.1311848947e-11,4.35478528238e-11,2.69477044845e-11,6.15009692478e-12,4.05445078552e-12,3.05824528028e-12,7.49886697876e-13,1.16704836441e-13,8.60152217058e-15,2.58847736497e-16,1.07728045747e-16,5.55428421749e-17]},"melbands_crest":{"dmean":3.0896999836,"dmean2":5.2117061615,"dvar":7.960085392,"dvar2":22.3632545471,"max":36.7591705322,"mean":14.3198328018,"median":12.2337064743,"min":2.9703335762,"var":50.6671791077},"melbands_flatness_db":{"dmean":0.0292399618775,"dmean2":0.0495880432427,"dvar":0.0022760189604,"dvar2":0.00628178473562,"max":0.979400515556,"mean":0.323375165462,"median":0.377204418182,"min":0.00987667031586,"var":0.0718971565366},"melbands_kurtosis":{"dmean":10.4336681366,"dmean2":18.1842193604,"dvar":2206.64916992,"dvar2":6891.14306641,"max":2424.73608398,"mean":18.9376468658,"median":1.09661960602,"min":-1.82585310936,"var":8412.140625},"melbands_skewness":{"dmean":0.662584722042,"dmean2":1.12410604954,"dvar":1.30405580997,"dvar2":3.83588814735,"max":36.1638946533,"mean":1.84072804451,"median":0.789118111134,"min":-2.7386174202,"var":7.3624920845},"melbands_spread":{"dmean":5.80572366714,"dmean2":9.93705558777,"dvar":75.9019317627,"dvar2":221.375427246,"max":162.859451294,"mean":55.601890564,"median":11.9101552963,"min":0.0975970551372,"var":3657.03759766},"mfcc":{"cov":[[26089.2167969,16800.3105469,-198.663299561,374.226409912,726.594055176,232.609954834,-302.523712158,267.107208252,316.644927979,830.111022949,640.570739746,391.654693604,2.24928355217],[16800.3105469,14285.8027344,1304.41845703,-714.086303711,724.482971191,269.372497559,-269.163482666,-105.610519409,315.026245117,580.382324219,447.40725708,101.331359863,8.3592710495],[-198.663299561,1304.41845703,1592.1595459,383.897735596,319.321289062,317.327911377,153.908584595,23.5029163361,4.76399183273,-25.3860149384,28.8228549957,-45.0676803589,-71.6548995972],[374.226409912,-714.086303711,383.897735596,1222.49023438,317.333831787,124.947860718,239.376754761,297.062255859,-37.4978027344,-45.4294929504,59.0387496948,103.270294189,-53.6093559265],[726.594055176,724.482971191,319.321289062,317.333831787,374.809753418,174.283981323,97.4217300415,99.1900100708,27.9781322479,-8.37112522125,44.6146507263,26.8130531311,-17.7898731232],[232.609954834,269.372497559,317.327911377,124.947860718,174.283981323,319.220581055,85.6165390015,34.1537513733,13.0595092773,20.1661891937,-9.9463558197,-14.2701244354,-15.4388132095],[-302.523712158,-269.163482666,153.908584595,239.376754761,97.4217300415,85.6165390015,131.774719238,97.0257110596,15.8321380615,-3.33787226677,20.5711193085,22.9824581146,2.18604850769],[267.107208252,-105.610519409,23.5029163361,297.062255859,99.1900100708,34.1537513733,97.0257110596,166.431518555,46.7067146301,19.9904918671,41.0373191833,56.3014221191,14.8399171829],[316.644927979,315.026245117,4.76399183273,-37.4978027344,27.9781322479,13.0595092773,15.8321380615,46.7067146301,83.6854400635,61.1845436096,29.5777225494,27.8407917023,39.3329353333],[830.111022949,580.382324219,-25.3860149384,-45.4294929504,-8.37112522125,20.1661891937,-3.33787226677,19.9904918671,61.1845436096,110.015739441,61.8118476868,26.5480861664,35.2557487488],[640.570739746,447.40725708,28.8228549957,59.0387496948,44.6146507263,-9.9463558197,20.5711193085,41.0373191833,29.5777225494,61.8118476868,83.1680374146,43.2552528381,14.5341892242],[391.654693604,101.331359863,-45.0676803589,103.270294189,26.8130531311,-14.2701244354,22.9824581146,56.3014221191,27.8407917023,26.5480861664,43.2552528381,62.9215011597,30.026725769],[2.24928355217,8.3592710495,-71.6548995972,-53.6093559265,-17.7898731232,-15.4388132095,2.18604850769,14.8399171829,39.3329353333,35.2557487488,14.5341892242,30.026725769,61.0508651733]],"icov":[[0.0021780738607,-0.00323217781261,0.0036366363056,-0.00418843375519,0.00410769786686,-0.00366826495156,0.00232082931325,-0.00117897498421,0.000903724343516,0.00044757273281,0.000212467493839,-0.00292433192953,0.00197248230688],[-0.00323217781261,0.00498775066808,-0.00564956106246,0.00661954050884,-0.00688268011436,0.00583407143131,-0.00302589428611,0.00143080297858,-0.000491261889692,-0.00261339941062,0.000597489823122,0.00312179885805,-0.00200363644399],[0.0036366363056,-0.00564956106246,0.00760697107762,-0.00835594721138,0.00820050481707,-0.00786741264164,0.00302633922547,0.000485236087115,-0.00277137197554,0.00628324970603,-0.00441684154794,-0.000459398172097,0.00183858152013],[-0.00418843375519,0.00661954050884,-0.00835594721138,0.0126341991127,-0.0118720009923,0.00996887311339,-0.00630740216002,-0.00367819028907,0.00870710797608,-0.0118653224781,0.00925610493869,-0.0045577455312,0.00199670507573],[0.00410769786686,-0.00688268011436,0.00820050481707,-0.0118720009923,0.0187030024827,-0.0137556530535,0.00578247848898,0.000336976459948,-0.0115557545796,0.021681888029,-0.0171475820243,0.00627180328593,-0.00240492168814],[-0.00366826495156,0.00583407143131,-0.00786741264164,0.00996887311339,-0.0137556530535,0.0161998029798,-0.00946579873562,0.000191118713701,0.00911260955036,-0.019982336089,0.0177751071751,-0.00506826210767,0.0031665826682],[0.00232082931325,-0.00302589428611,0.00302633922547,-0.00630740216002,0.00578247848898,-0.00946579873562,0.0255902949721,-0.0102518470958,-0.00242832512595,0.00969765614718,-0.0122088259086,0.0058200773783,-0.00478262361139],[-0.00117897498421,0.00143080297858,0.000485236087115,-0.00367819028907,0.000336976459948,0.000191118713701,-0.0102518470958,0.0274846963584,-0.0217477735132,0.0113380234689,-0.00874442514032,0.00137253128923,-0.00010949694115],[0.000903724343516,-0.000491261889692,-0.00277137197554,0.00870710797608,-0.0115557545796,0.00911260955036,-0.00242832512595,-0.0217477735132,0.0591001585126,-0.048099771142,0.0370556972921,-0.0263248886913,0.00256370380521],[0.00044757273281,-0.00261339941062,0.00628324970603,-0.0118653224781,0.021681888029,-0.019982336089,0.00969765614718,0.0113380234689,-0.048099771142,0.0817205682397,-0.0665571764112,0.0429041273892,-0.0260012391955],[0.000212467493839,0.000597489823122,-0.00441684154794,0.00925610493869,-0.0171475820243,0.0177751071751,-0.0122088259086,-0.00874442514032,0.0370556972921,-0.0665571764112,0.0799983590841,-0.0529634617269,0.0264812596142],[-0.00292433192953,0.00312179885805,-0.000459398172097,-0.0045577455312,0.00627180328593,-0.00506826210767,0.0058200773783,0.00137253128923,-0.0263248886913,0.0429041273892,-0.0529634617269,0.077132858336,-0.0380008891225],[0.00197248230688,-0.00200363644399,0.00183858152013,0.00199670507573,-0.00240492168814,0.0031665826682,-0.00478262361139,-0.00010949694115,0.00256370380521,-0.0260012391955,0.0264812596142,-0.0380008891225,0.046539824456]],"mean":[-966.742919922,133.275894165,14.6891231537,1.85295140743,8.29573249817,4.34015130997,-1.51086091995,-0.0462228059769,2.02527332306,5.2627658844,4.20561122894,1.22758185863,-0.984362244606]},"pitch_salience":{"dmean":0.0668556988239,"dmean2":0.113399602473,"dvar":0.00563438143581,"dvar2":0.0163455698639,"max":0.957517266273,"mean":0.614705085754,"median":0.632646799088,"min":0.00878055952489,"var":0.0355108603835},"silence_rate_20dB":{"dmean":0.0101522840559,"dmean2":0.0203059241176,"dvar":0.0100521799177,"dvar2":0.0229759495705,"max":1,"mean":0.98170042038,"median":1,"min":0,"var":0.0179653968662},"silence_rate_30dB":{"dmean":0.0162970870733,"dmean2":0.0325963534415,"dvar":0.0160271245986,"dvar2":0.0398017503321,"max":1,"mean":0.912642776966,"median":1,"min":0,"var":0.0797633826733},"silence_rate_60dB":{"dmean":0.00788137875497,"dmean2":0.0157638099045,"dvar":0.00781831052154,"dvar2":0.0189858395606,"max":1,"mean":0.539036929607,"median":1,"min":0,"var":0.248452723026},"spectral_centroid":{"dmean":133.682800293,"dmean2":231.202819824,"dvar":97927.703125,"dvar2":264199.71875,"max":11343.2900391,"mean":1698.96008301,"median":731.048828125,"min":52.1271972656,"var":2222722.25},"spectral_complexity":{"dmean":1.0041410923,"dmean2":1.72934341431,"dvar":5.31360054016,"dvar2":14.5372009277,"max":55,"mean":4.78027105331,"median":2,"min":0,"var":47.3807601929},"spectral_contrast_coeffs":{"dmean":[0.0420852601528,0.0320751667023,0.0249027777463,0.019394274801,0.0141829075292,0.0179973803461],"dmean2":[0.0715601667762,0.0545073077083,0.0417920202017,0.0327508784831,0.0240366198123,0.0308265984058],"dvar":[0.00127571844496,0.00085976428818,0.00052296865033,0.000332318682922,0.000232468271861,0.000665210653096],"dvar2":[0.00368613260798,0.00243473029695,0.00142735801637,0.00090256909607,0.000648531655315,0.00179164437577],"max":[-0.386134028435,-0.352636963129,-0.470135122538,-0.546601772308,-0.595715582371,-0.375656723976],"mean":[-0.760830581188,-0.816161513329,-0.842884719372,-0.850044727325,-0.847810864449,-0.872772336006],"median":[-0.781763792038,-0.846314370632,-0.873203396797,-0.860894620419,-0.840881943703,-0.90011548996],"min":[-0.996859252453,-0.985202312469,-0.971164047718,-0.969120740891,-0.963858604431,-0.962013781071],"var":[0.0107138082385,0.0151915345341,0.010835500434,0.00651022093371,0.00524997571483,0.00533767230809]},"spectral_contrast_valleys":{"dmean":[0.396304696798,0.315815597773,0.279200166464,0.241215676069,0.254326671362,0.362831324339],"dmean2":[0.673894643784,0.543835043907,0.478602260351,0.413759201765,0.429218620062,0.627896249294],"dvar":[0.102636523545,0.072490170598,0.0898602828383,0.105093382299,0.283136278391,0.339157164097],"dvar2":[0.280781537294,0.186240300536,0.228314489126,0.263868540525,0.695956408978,0.920399427414],"max":[-4.40657329559,-4.71558570862,-5.32384443283,-6.24334192276,-5.5343298912,-9.37032604218],"mean":[-11.138256073,-10.371673584,-11.1044168472,-11.6153793335,-12.5448551178,-14.9954137802],"median":[-8.68791103363,-8.2528591156,-9.5662355423,-10.4229640961,-13.2690553665,-15.7619123459],"min":[-27.1258335114,-26.8775558472,-27.0929603577,-27.272813797,-27.0725708008,-27.2961273193],"var":[20.6275272369,14.9713258743,11.218629837,8.92655944824,4.96905755997,1.83904635906]},"spectral_decrease":{"dmean":4.10704137366e-9,"dmean2":6.90357992994e-9,"dvar":2.22221052476e-16,"dvar2":6.14081734342e-16,"max":5.8844746804e-15,"mean":-8.66133742505e-9,"median":-2.12783943243e-10,"min":-4.59881022152e-7,"var":6.45464146219e-16},"spectral_energy":{"dmean":0.015683947131,"dmean2":0.0263445042074,"dvar":0.00320727890357,"dvar2":0.00886215176433,"max":1.74825441837,"mean":0.0333229415119,"median":0.000819757871795,"min":9.71161898729e-14,"var":0.00938278995454},"spectral_energyband_high":{"dmean":0.0000272923371085,"dmean2":0.0000481153838336,"dvar":3.24416333797e-8,"dvar2":9.16312288268e-8,"max":0.00968365557492,"mean":0.000061280981754,"median":1.61916897667e-8,"min":3.0945630444e-14,"var":2.73919027904e-7},"spectral_energyband_low":{"dmean":0.0145208947361,"dmean2":0.0248876735568,"dvar":0.00319739221595,"dvar2":0.00887950137258,"max":1.72947001457,"mean":0.0247487872839,"median":0.000224880888709,"min":1.25595275621e-14,"var":0.00827058404684},"spectral_energyband_middle_high":{"dmean":0.000513892795425,"dmean2":0.000822030589916,"dvar":0.00000259977150563,"dvar2":0.00000625084521744,"max":0.0444949790835,"mean":0.00130289630033,"median":0.0000146848760778,"min":1.04113723868e-14,"var":0.0000117533218145},"spectral_energyband_middle_low":{"dmean":0.00306984013878,"dmean2":0.00491132307798,"dvar":0.0000767409001128,"dvar2":0.000215900072362,"max":0.212349608541,"mean":0.00812535639852,"median":0.000264421047177,"min":3.8912131167e-14,"var":0.000295849051327},"spectral_entropy":{"dmean":0.152937710285,"dmean2":0.25489911437,"dvar":0.0660800561309,"dvar2":0.171434357762,"max":9.80129146576,"mean":7.07403898239,"median":6.42321443558,"min":3.43289923668,"var":2.47076058388},"spectral_flux":{"dmean":0.0165280327201,"dmean2":0.0275822244585,"dvar":0.00148043374065,"dvar2":0.00397697836161,"max":0.865433394909,"mean":0.0526716597378,"median":0.0148539189249,"min":0.0000789966143202,"var":0.00733139086515},"spectral_kurtosis":{"dmean":22.4601650238,"dmean2":38.7645683289,"dvar":1847.17297363,"dvar2":5586.96826172,"max":791.079650879,"mean":75.6800460815,"median":23.8271598816,"min":-1.21685421467,"var":11830.0634766},"spectral_rms":{"dmean":0.000715393107384,"dmean2":0.00117640499957,"dvar":0.00000267146015176,"dvar2":0.00000731683940103,"max":0.0412990786135,"mean":0.00318333599716,"median":0.000894295109902,"min":9.73383329494e-9,"var":0.000022374017135},"spectral_rolloff":{"dmean":163.703018188,"dmean2":284.61428833,"dvar":333788.0625,"dvar2":913342.5,"max":21468.6035156,"mean":8685.53222656,"median":861.328125,"min":43.06640625,"var":100837248},"spectral_skewness":{"dmean":0.948061704636,"dmean2":1.63682460785,"dvar":2.00371599197,"dvar2":5.61458778381,"max":23.6773548126,"mean":5.00518846512,"median":3.22599029541,"min":-0.161859795451,"var":18.9721565247},"spectral_spread":{"dmean":414038.28125,"dmean2":716005.6875,"dvar":265999613952,"dvar2":581849841664,"max":42222352,"mean":6547438.5,"median":1767663.625,"min":101408.0625,"var":43062864642000},"spectral_strongpeak":{"dmean":0.206665441394,"dmean2":0.336950212717,"dvar":0.202464088798,"dvar2":0.483367055655,"max":11.4483766556,"mean":0.556548953056,"median":0.0424184463918,"min":0,"var":1.1330960989},"zerocrossingrate":{"dmean":0.00442267628387,"dmean2":0.00604185648263,"dvar":0.0000676183699397,"dvar2":0.0000782301649451,"max":0.85546875,"mean":0.340303599834,"median":0.0322265625,"min":0.00146484375,"var":0.155749261379}},"metadata":{"audio_properties":{"analysis_sample_rate":44100,"bit_rate":0,"codec":"flac","downmix":"mix","equal_loudness":0,"length":347.626678467,"lossless":true,"md5_encoded":"b628c36af32a6d8fd731172a474da7ac","replay_gain":-4.33194160461,"sample_rate":44100},"tags":{"acoustid_id":["baa26369-81b2-4938-b069-084eab8f9fa9"],"album":["Pigs of the Roman Empire"],"albumartist":["Melvins & Lustmord"],"albumartistsort":["Melvins & Lustmord"],"artist":["Melvins & Lustmord"],"artistsort":["Melvins & Lustmord"],"asin":["B0002KV386"],"barcode":["689230005421"],"catalognumber":["IPC-054"],"date":["2004-08-23"],"discnumber":["1"],"disctotal":["1"],"file_name":"09_Pigs_of_the_Roman_Empire_-_Untitled_Track_9.flac","genre":["Favourites; Industrial; Male Vocal; Noise"],"label":["Ipecac Recordings"],"language":["eng"],"media":["CD"],"musicbrainz_albumartistid":["9ccfbc94-a4f4-42f7-b6f5-d903ab77cccb","15f2bb82-bce4-44c9-863a-995ae9bde0b4"],"musicbrainz_albumid":["e49980be-ea93-4d03-ab54-e64e3443a2ba"],"musicbrainz_artistid":["9ccfbc94-a4f4-42f7-b6f5-d903ab77cccb","15f2bb82-bce4-44c9-863a-995ae9bde0b4"],"musicbrainz_recordingid":["2ab12071-5f56-4f08-a479-1fe2620f215b"],"musicbrainz_releasegroupid":["560a9c41-0b9e-35c1-ad41-a5f337f5adc4"],"musicbrainz_releasetrackid":["32151144-8649-3af4-839b-00790b1c632b"],"originaldate":["2004-08-23"],"releasecountry":["US"],"releasestatus":["official"],"releasetype":["album"],"script":["Latn"],"title":["[untitled]"],"totaldiscs":["1"],"totaltracks":["9"],"tracknumber":["9"],"tracktotal":["9"]},"version":{"essentia":"2.1-beta2","essentia_build_sha":"70f2e5ece6736b2c40cc944ad0e695b16b925413","essentia_git_sha":"v2.1_beta2","extractor":"music 1.0"}},"rhythm":{"beats_count":695,"beats_loudness":{"dmean":0.0224896576256,"dmean2":0.0375323556364,"dvar":0.00575945852324,"dvar2":0.0146202817559,"max":0.930435121059,"mean":0.0303968861699,"m