{"lowlevel":{"average_loudness":0.920430541039,"barkbands":{"dmean":[0.00068532617297,0.00578994117677,0.00248393439688,0.00093044427922,0.00114906299859,0.00041492813034,0.000492410559673,0.000692091183737,0.000841361645143,0.000522561836988,0.000534635211807,0.000552457931917,0.00031136488542,0.000396706513129,0.000368128821719,0.000460023409687,0.000311028008582,0.00026976535446,0.000359230558388,0.000206191296456,0.000227287499001,0.0001796745928,0.000170392479049,0.000191035331227,0.000176444897079,0.0000905007400434,0.0000137029583129],"dmean2":[0.00124271516688,0.00878569483757,0.00418679555878,0.00156569364481,0.00181991758291,0.000646575994324,0.000749922881369,0.00106238399167,0.00125527055934,0.000786767224781,0.000858883722685,0.000885966757778,0.000502240087371,0.000650585629046,0.000608206784818,0.000763500691392,0.000499223649967,0.000447967875516,0.000561348279007,0.000336083408911,0.000383826089092,0.000294256198686,0.000277419807389,0.000298312370433,0.000276869133813,0.000139320618473,0.0000223028564506],"dvar":[6.70103418088e-7,0.0000662552265567,0.0000131803426484,0.0000021886714876,0.00000288343017019,4.52339804724e-7,8.15023042833e-7,0.0000014216384443,0.00000285104601971,0.00000130295882173,0.00000121846937873,9.42524877701e-7,8.35698244828e-7,0.00000100665101854,3.66962666476e-7,5.27636700554e-7,2.29855373846e-7,1.77964039949e-7,3.45697884541e-7,1.03568289944e-7,1.3891623496e-7,8.74334062928e-8,7.27474116502e-8,9.5335465744e-8,7.90517589166e-8,1.51796815118e-8,4.04447364488e-10],"dvar2":[0.00000216458488467,0.000146695034346,0.000037091482227,0.00000600532484896,0.00000736138963475,0.00000105356559743,0.00000167463088019,0.00000308630160362,0.00000540057908438,0.00000253589064414,0.00000280333438241,0.00000226411202675,0.00000185116925877,0.00000238898883254,9.16811416118e-7,0.00000137045014981,5.48685875401e-7,4.55327096915e-7,7.66326422763e-7,2.50157597748e-7,3.58464490091e-7,2.09222648095e-7,1.72596486436e-7,2.22303356168e-7,1.84395972269e-7,3.5672051979e-8,9.93885751477e-10],"max":[0.00705252075568,0.101152911782,0.0690693929791,0.0332116261125,0.035359621048,0.0124647738412,0.0311230309308,0.024157654494,0.0489005185664,0.0404299758375,0.0336870476604,0.0392141416669,0.0459680184722,0.0455016978085,0.0222115330398,0.0153099037707,0.0100527536124,0.00687623023987,0.0107862865552,0.010439241305,0.00385477067903,0.00707486039028,0.00587650854141,0.00803297106177,0.00594265526161,0.00220975419506,0.000199723945116],"mean":[0.000737016496714,0.0102583924308,0.0054860082455,0.0017771354178,0.00238076248206,0.000879822939169,0.00101753522176,0.00140785053372,0.00223783706315,0.00126787880436,0.000919552810956,0.00106126535684,0.000519972585607,0.000694024318364,0.000691250665113,0.000837878149468,0.000614171847701,0.000463659263914,0.00072429026477,0.000407453830121,0.000363325234503,0.000302854779875,0.000299420964438,0.000371475296561,0.000332965835696,0.00014592151274,0.0000168581209437],"median":[0.00027840907569,0.00624447967857,0.00404004426673,0.00118955527432,0.0014695012942,0.000438928022049,0.000402385136113,0.00049029989168,0.000520341447555,0.000356850709068,0.000391551700886,0.00057037640363,0.000253609323408,0.000401854369557,0.000450490653748,0.000527800351847,0.000368533103028,0.000301180931274,0.000396879971959,0.000253399193753,0.000218127315748,0.000171917927219,0.000188471021829,0.000230748628383,0.00018177270249,0.0000935385687626,0.00000996300786937],"min":[4.34125460045e-24,5.76184912363e-24,1.8230256031e-24,1.74469881496e-24,1.57995649561e-23,1.57931594056e-23,5.16154569628e-24,1.16787401807e-23,2.90789654447e-23,2.7023566268e-23,3.49280661343e-23,2.19371426125e-23,3.00704626284e-23,6.15416771672e-23,5.95874541348e-23,6.60692843792e-23,1.19317079937e-22,1.12881741999e-22,1.42634369413e-22,1.85548364792e-22,2.81739791655e-22,3.62341358035e-22,5.05113216437e-22,6.25032544344e-22,1.03953247666e-21,1.2696180349e-21,2.18975407853e-21],"var":[9.39658832522e-7,0.000137816430652,0.0000284091165668,0.00000445259956905,0.00000725113386579,0.00000145937883644,0.00000499989982927,0.00000552099709239,0.0000230853220273,0.00000818222815724,0.00000301839804706,0.00000236376445173,0.00000174833337496,0.00000174236015482,7.85065140008e-7,9.76775936579e-7,6.50204071917e-7,2.89891545435e-7,9.91012939267e-7,2.67630696271e-7,1.9378293814e-7,1.8698189308e-7,1.50093569573e-7,2.10752901353e-7,1.94982007429e-7,2.69202455883e-8,4.33495989105e-10]},"barkbands_crest":{"dmean":2.49309372902,"dmean2":3.85366606712,"dvar":5.32309055328,"dvar2":12.2770633698,"max":26.3526535034,"mean":9.51805782318,"median":8.85066509247,"min":2.05438804626,"var":14.0936174393},"barkbands_flatness_db":{"dmean":0.020459247753,"dmean2":0.0305405892432,"dvar":0.00041889376007,"dvar2":0.000906907138415,"max":0.382974296808,"mean":0.0927712991834,"median":0.08680100739,"min":0.0167457554489,"var":0.00149414804764},"barkbands_kurtosis":{"dmean":1.95969760418,"dmean2":3.03155016899,"dvar":41.2515602112,"dvar2":95.3872375488,"max":317.592376709,"mean":2.14401817322,"median":0.747732162476,"min":-1.92423021793,"var":51.4493904114},"barkbands_skewness":{"dmean":0.461075782776,"dmean2":0.710542559624,"dvar":0.317479819059,"dvar2":0.711572647095,"max":17.5565319061,"mean":1.31566774845,"median":1.1679340601,"min":-3.71503400803,"var":0.968500852585},"barkbands_spread":{"dmean":7.59960842133,"dmean2":11.5268259048,"dvar":70.2339859009,"dvar2":148.800720215,"max":109.066223145,"mean":33.9446029663,"median":31.8459758759,"min":0.679958999157,"var":235.52130127},"dissonance":{"dmean":0.0143562983721,"dmean2":0.0240927897394,"dvar":0.000222480375669,"dvar2":0.000609703478403,"max":0.499999970198,"mean":0.472135096788,"median":0.477450966835,"min":0.261027932167,"var":0.000453196000308},"dynamic_complexity":2.86103796959,"erbbands":{"dmean":[0.204032883048,1.23089945316,2.61069512367,2.95507359505,2.75264191628,4.95595598221,4.49503469467,3.23757266998,3.22064805031,13.4578962326,15.2829408646,16.0740203857,17.4278736115,18.5040149689,20.6259040833,20.4352760315,12.6027450562,19.1366214752,18.4840049744,21.2437496185,22.9476051331,16.7384319305,13.8695659637,18.2672958374,13.7698459625,9.36972808838,9.42258834839,8.60190200806,6.52954101562,5.71185588837,4.81531620026,4.07972383499,3.20855760574,2.30742478371,1.11962938309,0.436404556036,0.180046051741,0.0244217552245,0.00215361989103,0.0000971492627286],"dmean2":[0.309852182865,1.92402088642,4.37653160095,4.96040153503,4.5918211937,7.79014778137,7.10958433151,5.05095243454,4.90133523941,20.8311347961,23.2167720795,23.8693675995,26.2632350922,27.9025058746,32.8050308228,32.8300857544,20.0548171997,31.6278324127,30.3545284271,34.8873634338,38.040348053,26.5621700287,22.9381465912,28.6856002808,21.7269058228,15.2243261337,15.8441581726,14.3752908707,10.6714963913,9.39223194122,7.86656093597,6.41167736053,4.98227739334,3.68427181244,1.76073336601,0.679333090782,0.274612337351,0.0392331928015,0.00342157715932,0.000153135348228],"dvar":[0.0812925025821,3.28734111786,12.7759389877,20.3951053619,25.7424201965,59.1839294434,46.3597068787,36.6168136597,67.9921035767,500.191070557,823.339233398,1580.18969727,823.116271973,1468.15698242,1550.69433594,1496.53637695,852.278198242,2255.81958008,1037.09863281,1509.91955566,1265.03088379,720.047851562,478.152526855,872.294372559,460.719390869,214.066436768,226.517745972,210.689102173,115.574272156,106.052185059,56.7149200439,41.1479454041,30.657333374,15.9688072205,3.03191280365,0.420691937208,0.055070117116,0.00135596771725,0.0000101563045973,2.30883703267e-8],"dvar2":[0.163978502154,7.84155702591,36.4345207214,56.8433380127,66.6466827393,148.636566162,117.584281921,83.6510848999,145.400192261,1103.55212402,1766.91601562,2999.92944336,1642.1583252,2834.28344727,3479.92089844,3648.98339844,1782.24462891,5239.09667969,2521.18310547,3845.78100586,3307.06811523,1657.53308105,1227.42114258,1978.40319824,1076.50476074,502.728607178,581.904052734,543.291931152,283.8621521,254.107437134,135.34173584,96.9746322632,71.8117446899,38.2065963745,6.97391939163,0.981223940849,0.13030320406,0.00333621515892,0.0000246143190452,5.5085095596e-8],"max":[3.04998326302,22.2295379639,57.7309303284,92.830909729,95.0891952515,196.223464966,121.7706604,149.114379883,450.137329102,556.515808105,659.299804688,1355.4654541,663.64831543,1419.87658691,1213.61315918,1961.72460938,1506.49829102,2221.4128418,1555.54321289,1575.79431152,504.954803467,640.859375,345.129394531,561.233398438,472.876159668,457.833007812,221.626815796,240.340362549,255.538650513,266.329406738,199.945480347,124.972549438,154.315292358,110.421936035,33.0544204712,12.0327415466,3.68969202042,0.51911509037,0.0332857295871,0.00147161632776],"mean":[0.381000488997,1.98401033878,5.81558609009,6.84760570526,4.6452794075,10.2262868881,9.43373298645,6.53134441376,8.2048330307,26.4053230286,33.8979415894,44.2607650757,43.99817276,47.6818275452,40.9527816772,40.5747642517,24.3926773071,35.9238777161,36.3946037292,39.8596763611,44.7114372253,35.6203346252,25.6742362976,36.9961776733,28.2927894592,19.0915088654,15.7206096649,13.807765007,10.9053506851,9.15187740326,8.56963253021,7.98019170761,6.03197956085,4.29222345352,1.98097336292,0.751353263855,0.268695026636,0.0319399908185,0.00286414963193,0.000175649824087],"median":[0.145206585526,1.22786962986,4.39647054672,5.26437330246,3.09321689606,5.32366037369,5.74529027939,2.97657012939,3.20649981499,12.5464992523,11.3157682419,10.8994789124,18.0962028503,19.3840770721,24.0306777954,23.456035614,13.5954265594,20.3911342621,23.5970439911,27.4042778015,28.9051456451,21.8036117554,18.2001190186,20.6759090424,17.3808231354,12.4506950378,9.64423847198,8.0369348526,6.2301325798,5.07695770264,5.40983104706,5.17733287811,3.40937042236,2.26989126205,1.06856572628,0.461978137493,0.177067682147,0.0193736255169,0.00181696296204,0.000135119247716],"min":[2.57462464768e-22,1.09375632666e-21,2.46546795737e-21,6.91697637064e-21,1.17972151611e-20,6.07835061571e-20,6.97211409769e-20,1.43333029363e-19,1.44653558587e-19,4.37279208056e-19,4.17191773115e-19,5.67219976507e-19,7.64871837045e-19,1.22156574956e-18,1.29277896927e-18,8.28088598372e-19,1.54382663081e-18,2.94638322071e-18,3.70556358986e-18,3.71513861904e-18,3.39552388856e-18,7.446109475e-18,7.55291586287e-18,7.13668354172e-18,7.77373255457e-18,8.28619906819e-18,1.12241510437e-17,1.14235437576e-17,1.15055446532e-17,1.29874395478e-17,1.35886774304e-17,1.1207779485e-17,1.16179808323e-17,9.11775960209e-18,7.28456937317e-18,4.02968438672e-18,2.63458576062e-18,1.04514177338e-18,2.80710823604e-19,3.11836008005e-20],"var":[0.22070966661,5.29239416122,29.470287323,41.0290985107,32.6194076538,179.396713257,127.093460083,107.904136658,735.726867676,1640.1060791,3392.57055664,12370.7275391,5326.39257812,9284.53613281,3813.03588867,3484.4309082,2254.85961914,5236.92285156,2418.59790039,2723.63842773,2535.18286133,2246.63232422,770.499145508,2465.18115234,1153.10571289,576.205932617,361.517089844,303.759429932,231.840286255,201.386230469,118.30065918,91.9352111816,65.1747894287,36.5173225403,7.21346282959,0.888866007328,0.0848114937544,0.00154498964548,0.0000113849473564,2.92625372822e-8]},"erbbands_crest":{"dmean":2.12964677811,"dmean2":3.37572598457,"dvar":4.02235984802,"dvar2":9.41906642914,"max":29.1619911194,"mean":8.13408088684,"median":7.09823703766,"min":1.81041777134,"var":15.6233997345},"erbbands_flatness_db":{"dmean":0.014280247502,"dmean2":0.020660854876,"dvar":0.000187769372133,"dvar2":0.000377615710022,"max":0.441777408123,"mean":0.116952769458,"median":0.111241854727,"min":0.0384676270187,"var":0.00124223786406},"erbbands_kurtosis":{"dmean":0.647063970566,"dmean2":1.00403261185,"dvar":0.710039079189,"dvar2":1.56466507912,"max":26.4461421967,"mean":0.311279416084,"median":-0.0306324958801,"min":-1.67899405956,"var":2.17312335968},"erbbands_skewness":{"dmean":0.287824779749,"dmean2":0.432972043753,"dvar":0.068174533546,"dvar2":0.1437304914,"max":2.39871191978,"mean":0.090334802866,"median":0.0898190587759,"min":-3.87166285515,"var":0.428758144379},"erbbands_spread":{"dmean":7.72947692871,"dmean2":11.9612321854,"dvar":67.4306869507,"dvar2":153.069549561,"max":146.487350464,"mean":43.1576309204,"median":40.0718002319,"min":1.07713639736,"var":309.315307617},"gfcc":{"cov":[[13148.4150391,522.95489502,370.561279297,729.692993164,601.701416016,726.635864258,387.235809326,189.441802979,18.9370918274,172.421722412,-89.5785369873,-27.5243053436,-156.961471558],[522.95489502,677.367736816,-12.8878421783,-34.9358596802,144.66229248,44.9932365417,102.44631958,2.32590270042,31.2389812469,2.0543243885,30.2683906555,-16.8900604248,10.4695796967],[370.561279297,-12.8878421783,620.032409668,262.746398926,115.419212341,191.662094116,99.7676086426,73.94090271,32.5106124878,40.497833252,9.01696586609,-11.0517787933,-33.7158660889],[729.692993164,-34.9358596802,262.746398926,353.1534729,138.901275635,123.432556152,66.0680999756,53.3946533203,24.3127651215,40.3891677856,15.1738500595,-10.2667961121,-16.720085144],[601.701416016,144.66229248,115.419212341,138.901275635,303.753234863,123.515510559,78.1940155029,23.6988830566,29.192943573,24.3301696777,3.94312143326,8.4832906723,-1.87485253811],[726.635864258,44.9932365417,191.662094116,123.432556152,123.515510559,270.04019165,115.90473938,36.1664466858,15.5202445984,32.245891571,16.3103199005,-13.8703384399,-13.2229404449],[387.235809326,102.44631958,99.7676086426,66.0680999756,78.1940155029,115.90473938,182.735671997,49.0639610291,30.1314868927,19.4336872101,8.61126899719,-10.3624954224,-8.63036632538],[189.441802979,2.32590270042,73.94090271,53.3946533203,23.6988830566,36.1664466858,49.0639610291,142.16897583,41.1358299255,12.6613063812,7.05116415024,-23.3969020844,-3.84293484688],[18.9370918274,31.2389812469,32.5106124878,24.3127651215,29.192943573,15.5202445984,30.1314868927,41.1358299255,104.787406921,29.1539402008,1.94584476948,0.160817742348,-2.75407528877],[172.421722412,2.0543243885,40.497833252,40.3891677856,24.3301696777,32.245891571,19.4336872101,12.6613063812,29.1539402008,83.1964111328,38.0832061768,0.377905249596,-3.23906135559],[-89.5785369873,30.2683906555,9.01696586609,15.1738500595,3.94312143326,16.3103199005,8.61126899719,7.05116415024,1.94584476948,38.0832061768,81.2082214355,18.2401046753,4.61108255386],[-27.5243053436,-16.8900604248,-11.0517787933,-10.2667961121,8.4832906723,-13.8703384399,-10.3624954224,-23.3969020844,0.160817742348,0.377905249596,18.2401046753,71.7119522095,29.7195091248],[-156.961471558,10.4695796967,-33.7158660889,-16.720085144,-1.87485253811,-13.2229404449,-8.63036632538,-3.84293484688,-2.75407528877,-3.23906135559,4.61108255386,29.7195091248,68.8866119385]],"icov":[[0.00012058759603,-0.000144217832712,0.000155488800374,-0.000250808545388,0.0000287643106276,-0.000299367529806,0.0000337004894391,-0.000207405231777,0.000246767624049,-0.000383761362173,0.00053559121443,-0.000417647330323,0.000384034356102],[-0.000144217832712,0.00225227163173,-0.00026449438883,0.00104933232069,-0.00130244914908,0.000780525500886,-0.00119818421081,0.000904207234271,-0.000948645174503,0.00137970957439,-0.00223389687017,0.00209626369178,-0.00125887524337],[0.000155488800374,-0.00026449438883,0.00295794685371,-0.0019426306244,0.000388904212741,-0.00163532793522,-0.0000113026335384,-0.000945049279835,0.000330315699102,-0.000791118829511,0.00130140851252,-0.00145958352368,0.00153185217641],[-0.000250808545388,0.00104933232069,-0.0019426306244,0.00566647248343,-0.00197884021327,0.000497034401633,-0.000305325171212,-0.00000778337107477,-0.000436472037109,0.000114403046609,-0.00188036833424,0.00183096993715,-0.000979670556262],[0.0000287643106276,-0.00130244914908,0.000388904212741,-0.00197884021327,0.00550284981728,-0.00178070110269,-0.0000519309323863,-0.00024030811619,-0.000212019091123,-0.000870113843121,0.00185947993305,-0.00231054378673,0.000584552530199],[-0.000299367529806,0.000780525500886,-0.00163532793522,0.000497034401633,-0.00178070110269,0.00754315732047,-0.00323308352381,0.0010110931471,0.0000258043437498,0.000372268434148,-0.00238575786352,0.00259302649647,-0.00137015909422],[0.0000337004894391,-0.00119818421081,-0.0000113026335384,-0.000305325171212,-0.0000519309323863,-0.00323308352381,0.00893663056195,-0.00207480811514,-0.00069345603697,-0.000485341181047,0.000818409433123,-0.000867541646585,0.000830061326269],[-0.000207405231777,0.000904207234271,-0.000945049279835,-0.00000778337107477,-0.00024030811619,0.0010110931471,-0.00207480811514,0.0102116512135,-0.00408861041069,0.00230273185298,-0.00331223732792,0.00517793791369,-0.00264454260468],[0.000246767624049,-0.000948645174503,0.000330315699102,-0.000436472037109,-0.000212019091123,0.0000258043437498,-0.00069345603697,-0.00408861041069,0.0133305229247,-0.00617052754387,0.00434100069106,-0.00342316506431,0.00187547667883],[-0.000383761362173,0.00137970957439,-0.000791118829511,0.000114403046609,-0.000870113843121,0.000372268434148,-0.000485341181047,0.00230273185298,-0.00617052754387,0.0202217306942,-0.0112845953554,0.00444628437981,-0.00178686820436],[0.00053559121443,-0.00223389687017,0.00130140851252,-0.00188036833424,0.00185947993305,-0.00238575786352,0.000818409433123,-0.00331223732792,0.00434100069106,-0.0112845953554,0.0215146075934,-0.00880313850939,0.00325158354826],[-0.000417647330323,0.00209626369178,-0.00145958352368,0.00183096993715,-0.00231054378673,0.00259302649647,-0.000867541646585,0.00517793791369,-0.00342316506431,0.00444628437981,-0.00880313850939,0.0231206733733,-0.0102385766804],[0.000384034356102,-0.00125887524337,0.00153185217641,-0.000979670556262,0.000584552530199,-0.00137015909422,0.000830061326269,-0.00264454260468,0.00187547667883,-0.00178686820436,0.00325158354826,-0.0102385766804,0.0199948139489]],"mean":[43.8520889282,54.5950622559,-103.642524719,29.9175987244,-48.6329612732,25.0969676971,-33.5295715332,19.0160331726,-25.637966156,2.37787151337,-19.9058799744,0.351727932692,-12.0191335678]},"hfc":{"dmean":10.4998874664,"dmean2":16.1319217682,"dvar":201.013320923,"dvar2":483.510192871,"max":244.571792603,"mean":34.863948822,"median":32.4629745483,"min":1.07489242013e-16,"var":528.227233887},"melbands":{"dmean":[0.00170104147401,0.00129284034483,0.000473089166917,0.000252075726166,0.000173615902895,0.0000719563322491,0.0000611619107076,0.00014630316582,0.000122516939882,0.000110528460937,0.0000900399245438,0.000078698139987,0.000080646823335,0.0000651397640468,0.0000388031148759,0.0000339633770636,0.0000365966843674,0.0000324071115756,0.0000252926729445,0.0000332687450282,0.0000276503633359,0.0000199163296202,0.0000132722007038,0.0000148111648741,0.0000160458894243,0.0000135368281917,0.00000808349977888,0.00000637730863673,0.00000618924286755,0.00000587008162256,0.00000505747357238,0.00000398082283937,0.00000337904680237,0.00000319996775033,0.00000288673936666,0.00000269763586402,0.00000264302275355,0.00000243647377829,0.00000229180614042,0.00000194083963834],"dmean2":[0.0025674989447,0.00212075887248,0.000789052457549,0.000408300780691,0.000271526223514,0.000111958383059,0.0000926436259761,0.000225459662033,0.000184823817108,0.000164702709299,0.000135612441227,0.000118136653327,0.000128910891362,0.000104213788291,0.0000626262990409,0.0000542591878911,0.0000606764442637,0.0000531499717908,0.0000416337134084,0.0000550543736608,0.0000460759438283,0.0000317992999044,0.0000215328655031,0.0000249188215093,0.0000251491237577,0.00002128363667,0.0000131796841742,0.0000104138935058,0.0000103510101326,0.0000100668248706,0.00000842242843646,0.00000658979797663,0.0000055573264035,0.00000528672080691,0.00000475277010992,0.00000439251198259,0.00000413416864831,0.00000379730568056,0.00000361374191016,0.0000031294434848],"dvar":[0.00000574777459406,0.00000287449574898,4.79918071505e-7,1.77601748419e-7,5.72336666949e-8,1.6678383119e-8,1.75421561721e-8,5.223277455e-8,5.46919842748e-8,5.67486537761e-8,2.19815525782e-8,2.91321953227e-8,2.69979949508e-8,1.42404026349e-8,5.43851985668e-9,8.64014104707e-9,9.33643917733e-9,4.03613320543e-9,2.13889927991e-9,3.28860449983e-9,1.84918735879e-9,1.16129217353e-9,3.99241195659e-10,5.60717694498e-10,7.20566661894e-10,5.2946230733e-10,1.92260915521e-10,1.01383207385e-10,9.96300611456e-11,1.02319645812e-10,7.25468990437e-11,4.13794519483e-11,3.76262597468e-11,3.42980192858e-11,2.07974956701e-11,1.73862816505e-11,1.80723717241e-11,1.75376605599e-11,1.64551584164e-11,1.23788696307e-11],"dvar2":[0.0000120831400636,0.0000077536506069,0.00000131790113755,4.66219887585e-7,1.43247362416e-7,3.76453641593e-8,3.62523593367e-8,1.16492167024e-7,1.1613123263e-7,1.07657001536e-7,4.36185843e-8,5.59232837816e-8,6.23211420248e-8,3.22295647948e-8,1.29845556529e-8,1.59044031278e-8,2.14879740668e-8,1.02952810721e-8,5.26740295825e-9,8.53568060677e-9,4.89845097817e-9,2.6791069363e-9,9.77830039162e-10,1.47285195151e-9,1.62635127587e-9,1.17154608237e-9,4.75435080194e-10,2.41153680358e-10,2.51342474611e-10,2.73945005569e-10,1.82359863321e-10,1.04251919597e-10,8.98060445453e-11,8.32878488399e-11,5.0061055995e-11,4.22191379079e-11,4.28241470063e-11,4.21858312172e-11,3.86016461851e-11,3.02703279109e-11],"max":[0.0287006311119,0.0243991278112,0.0136126419529,0.00903251115233,0.00399038335308,0.00296893552877,0.00703461281955,0.00502241170034,0.00496590137482,0.00730956718326,0.00337284384295,0.00639280537143,0.00523010035977,0.00380617426708,0.00276308460161,0.00595335615799,0.00446467520669,0.00317032029852,0.00205262517557,0.00178447482176,0.000709498592187,0.000878062332049,0.000332954456098,0.000449221843155,0.000536309031304,0.000390083529055,0.00049296382349,0.000265511538601,0.000211040081922,0.000119968070067,0.000168080368894,0.000184376112884,0.000223949362407,0.00018598146562,0.00010916973406,0.0000920701349969,0.0000875259574968,0.000118342555652,0.000092332578788,0.0000963596467045],"mean":[0.00304243830033,0.00292589119636,0.00113523611799,0.000486817094497,0.000385473569622,0.000146803140524,0.000147565282532,0.000291957403533,0.000277654908132,0.000293955672532,0.000222015092731,0.00019796846027,0.000144763020216,0.000123595411424,0.0000682861937094,0.0000589213159401,0.0000645486652502,0.0000581575550314,0.0000473525396956,0.0000581333806622,0.0000497602341056,0.0000396313334932,0.000023343391149,0.0000237079166254,0.000030896084354,0.0000263385772996,0.0000150623627633,0.0000119973528854,0.0000101087562143,0.00000848457148095,0.00000794672541815,0.00000630587828709,0.00000537440746484,0.00000491722903462,0.00000488174146085,0.00000488464365844,0.0000049058253353,0.00000426879705628,0.0000040948766582,0.00000343415717907],"median":[0.00154099822976,0.0023747542873,0.00092409417266,0.000282823602902,0.000248669995926,0.000068927751272,0.0000590102063143,0.000142400502227,0.0000745658326196,0.0000682638201397,0.0000838298292365,0.0000672350797686,0.0000715690039215,0.0000613350275671,0.0000380428828066,0.000028809379728,0.0000354911244358,0.0000357060380338,0.000031020714232,0.000036260298657,0.0000300495885313,0.0000212200593523,0.0000148724193423,0.0000146279016917,0.0000155180514412,0.000014397920495,0.00000865220408741,0.00000743533882996,0.00000594560560785,0.00000496504753755,0.00000438724555352,0.00000357611634172,0.00000284865245703,0.00000272077159025,0.00000303109936794,0.00000314401131618,0.00000307821073875,0.00000246233662438,0.00000192517154574,0.00000175075035713],"min":[3.17762520625e-24,1.52180616619e-24,1.5360875068e-24,2.07890170961e-24,2.57800157978e-24,3.00003881142e-24,1.83591618194e-24,4.21692893849e-24,3.26960481007e-24,3.87429667064e-24,4.02856197053e-24,4.2699297417e-24,4.24416396681e-24,2.71039847209e-24,2.24358510104e-24,3.2368682658e-24,5.00476945213e-24,4.87383905225e-24,4.89280563499e-24,4.50288865005e-24,3.1275640932e-24,7.41147363344e-24,6.46608891955e-24,5.65411833411e-24,5.48155934983e-24,5.88666506264e-24,6.31452389054e-24,4.22167393684e-24,6.09024284658e-24,5.98371467551e-24,6.3509503317e-24,5.93220245283e-24,7.44018343722e-24,5.96344292239e-24,7.57303550227e-24,6.45212450381e-24,6.2496933292e-24,7.14302190081e-24,7.11289372511e-24,6.65392182868e-24],"var":[0.0000133046187329,0.0000064775372266,9.80750655799e-7,3.42493990502e-7,1.77069068741e-7,5.18466407584e-8,1.80970531005e-7,1.7379498729e-7,2.62749011881e-7,4.37477808646e-7,1.43978581946e-7,1.86454158779e-7,6.45313278369e-8,3.69820725155e-8,1.06972821712e-8,2.40458088996e-8,1.81561254919e-8,7.65921726043e-9,4.21607415646e-9,5.79922110333e-9,3.60184215786e-9,3.72487996003e-9,7.36630312304e-10,8.31315183358e-10,2.06183869977e-9,1.38451372589e-9,4.61232663174e-10,2.53568138708e-10,1.70552141854e-10,1.20685128557e-10,1.11093245714e-10,7.81967129937e-11,7.52667719817e-11,6.09914063698e-11,4.16211752563e-11,3.58131961586e-11,3.79712199183e-11,3.32619105869e-11,3.91545233736e-11,2.53382089616e-11]},"melbands_crest":{"dmean":3.34052038193,"dmean2":5.39671134949,"dvar":8.78091239929,"dvar2":22.4714355469,"max":39.7297210693,"mean":15.2719449997,"median":14.9634180069,"min":1.51599764824,"var":27.0510101318},"melbands_flatness_db":{"dmean":0.0277384053916,"dmean2":0.0420720987022,"dvar":0.000774633837864,"dvar2":0.00176898902282,"max":0.412558615208,"mean":0.16423304379,"median":0.159868568182,"min":0.00452311942354,"var":0.0027206109371},"melbands_kurtosis":{"dmean":6.31929445267,"dmean2":10.0016593933,"dvar":252.549179077,"dvar2":624.939025879,"max":644.804077148,"mean":11.817527771,"median":6.37288093567,"min":-1.59376037121,"var":385.018218994},"melbands_skewness":{"dmean":0.691174447536,"dmean2":1.07920563221,"dvar":0.707248389721,"dvar2":1.66743421555,"max":24.188369751,"mean":2.67035412788,"median":2.34265899658,"min":-3.05648803711,"var":2.53881573677},"melbands_spread":{"dmean":8.8864440918,"dmean2":14.1410589218,"dvar":109.741966248,"dvar2":258.467559814,"max":157.496841431,"mean":30.5692424774,"median":27.5326786041,"min":1.31031501293,"var":307.232025146},"mfcc":{"cov":[[8366.78027344,371.931945801,270.387634277,469.333526611,360.027191162,423.135681152,296.709014893,275.322479248,256.582183838,228.150405884,107.246055603,47.5526809692,21.0300884247],[371.931945801,709.415283203,-112.381721497,-12.6589174271,20.4197368622,32.4660377502,35.5060081482,37.9641265869,9.10994911194,41.8386077881,-19.2820110321,5.03060102463,0.998090386391],[270.387634277,-112.381721497,541.133544922,115.137001038,83.692199707,101.516975403,106.235984802,64.5510635376,53.9719810486,60.4072952271,31.7011070251,45.9755134583,23.542224884],[469.333526611,-12.6589174271,115.137001038,259.220306396,102.917785645,55.8417778015,50.823261261,35.4026870728,38.2809104919,27.2678222656,18.4354095459,21.1396865845,15.4998455048],[360.027191162,20.4197368622,83.692199707,102.917785645,226.157897949,89.9443969727,58.9548530579,41.9122009277,36.6767120361,32.8607521057,8.33864402771,21.1361846924,17.4231452942],[423.135681152,32.4660377502,101.516975403,55.8417778015,89.9443969727,241.937301636,90.6714630127,50.7138786316,29.616897583,33.4414215088,14.6253738403,12.042722702,12.9270715714],[296.709014893,35.5060081482,106.235984802,50.823261261,58.9548530579,90.6714630127,177.124221802,58.2642402649,27.9430503845,56.2224884033,18.1640586853,9.18241596222,12.917678833],[275.322479248,37.9641265869,64.5510635376,35.4026870728,41.9122009277,50.7138786316,58.2642402649,117.211845398,53.0302734375,36.2217102051,6.75104951859,5.77396726608,3.82109212875],[256.582183838,9.10994911194,53.9719810486,38.2809104919,36.6767120361,29.616897583,27.9430503845,53.0302734375,106.423545837,44.5794372559,18.2648792267,2.7676782608,1.93883776665],[228.150405884,41.8386077881,60.4072952271,27.2678222656,32.8607521057,33.4414215088,56.2224884033,36.2217102051,44.5794372559,115.234085083,40.8129501343,9.72879219055,2.57780194283],[107.246055603,-19.2820110321,31.7011070251,18.4354095459,8.33864402771,14.6253738403,18.1640586853,6.75104951859,18.2648792267,40.8129501343,83.0413894653,29.5977687836,7.91601657867],[47.5526809692,5.03060102463,45.9755134583,21.1396865845,21.1361846924,12.042722702,9.18241596222,5.77396726608,2.7676782608,9.72879219055,29.5977687836,73.0297622681,26.755153656],[21.0300884247,0.998090386391,23.542224884,15.4998455048,17.4231452942,12.9270715714,12.917678833,3.82109212875,1.93883776665,2.57780194283,7.91601657867,26.755153656,60.2074317932]],"icov":[[0.000153410219355,-0.0000606338762736,0.0000287718485197,-0.00019296327082,-0.0000429752399214,-0.000147566694068,-0.0000332738018187,-0.000113933667308,-0.000150958483573,-0.000058910511143,-0.0000834870588733,0.0000196215460164,0.000053977171774],[-0.0000606338762736,0.00164661603048,0.000536272651516,0.00012481691374,-0.00000862548404257,-0.000136286398629,-0.000198319510673,-0.000408485066146,0.000208337703953,-0.000883083324879,0.000947730790358,-0.000658701581415,0.0000514988496434],[0.0000287718485197,0.000536272651516,0.00259007676505,-0.000643091683742,-0.00000332827039529,-0.00047431353596,-0.00084648601478,-0.000421996955993,-0.000395540089812,-0.000661594152916,0.000441855925601,-0.00137066608295,0.0000371202440874],[-0.00019296327082,0.00012481691374,-0.000643091683742,0.00534170866013,-0.00180229067337,0.00021192751592,-0.000334991782438,0.0000715378046152,-0.000617643818259,0.000411264802096,-0.000397358031478,-0.000242296780925,-0.000352795846993],[-0.0000429752399214,-0.00000862548404257,-0.00000332827039529,-0.00180229067337,0.00635702675208,-0.00147941685282,-0.000386137893656,-0.00029085035203,-0.000671840447467,-0.000602360989433,0.00107368151657,-0.00110200280324,-0.000544271781109],[-0.000147566694068,-0.000136286398629,-0.00047431353596,0.00021192751592,-0.00147941685282,0.00592468259856,-0.00194897642359,-0.000658790464513,0.0000978650059551,0.000513138482347,-0.000483160692966,0.000326974521158,-0.000306179659674],[-0.0000332738018187,-0.000198319510673,-0.00084648601478,-0.000334991782438,-0.000386137893656,-0.00194897642359,0.00903829280287,-0.00258368672803,0.00144023983739,-0.00281818094663,-0.000159325209097,0.000972911133431,-0.00114998477511],[-0.000113933667308,-0.000408485066146,-0.000421996955993,0.0000715378046152,-0.00029085035203,-0.000658790464513,-0.00258368672803,0.013243233785,-0.00515885697678,-0.000506459560711,0.00140362489037,-0.000642344006337,0.000421337899752],[-0.000150958483573,0.000208337703953,-0.000395540089812,-0.000617643818259,-0.000671840447467,0.0000978650059551,0.00144023983739,-0.00515885697678,0.0142132127658,-0.00353421340697,-0.00118474278133,0.00141077477019,-0.000222784423386],[-0.000058910511143,-0.000883083324879,-0.000661594152916,0.000411264802096,-0.000602360989433,0.000513138482347,-0.00281818094663,-0.000506459560711,-0.00353421340697,0.0143409213051,-0.00616106530651,0.00138798821718,0.000582018634304],[-0.0000834870588733,0.000947730790358,0.000441855925601,-0.000397358031478,0.00107368151657,-0.000483160692966,-0.000159325209097,0.00140362489037,-0.00118474278133,-0.00616106530651,0.0179693792015,-0.00721616810188,0.000827190640848],[0.0000196215460164,-0.000658701581415,-0.00137066608295,-0.000242296780925,-0.00110200280324,0.000326974521158,0.000972911133431,-0.000642344006337,0.00141077477019,0.00138798821718,-0.00721616810188,0.0202807169408,-0.00748536316678],[0.000053977171774,0.0000514988496434,0.0000371202440874,-0.000352795846993,-0.000544271781109,-0.000306179659674,-0.00114998477511,0.000421337899752,-0.000222784423386,0.000582018634304,0.000827190640848,-0.00748536316678,0.0203089471906]],"mean":[-602.405273438,92.995765686,4.71857976913,14.7269172668,11.2572307587,6.49790477753,8.90200233459,9.82777023315,5.68277072906,5.92883300781,-2.01470971107,-0.297486513853,-0.592411100864]},"pitch_salience":{"dmean":0.0700474604964,"dmean2":0.110845610499,"dvar":0.00419615162537,"dvar2":0.00996557995677,"max":0.944629251957,"mean":0.524355053902,"median":0.520002365112,"min":0.0194915048778,"var":0.010644402355},"silence_rate_20dB":{"dmean":0,"dmean2":0,"dvar":0,"dvar2":0,"max":1,"mean":1,"median":1,"min":1,"var":0},"silence_rate_30dB":{"dmean":0.000197706598556,"dmean2":0.000395452312659,"dvar":0.000197665460291,"dvar2":0.000593013945036,"max":1,"mean":0.999901175499,"median":1,"min":0,"var":0.0000988332467386},"silence_rate_60dB":{"dmean":0.0106761567295,"dmean2":0.0213544238359,"dvar":0.0105626154691,"dvar2":0.0224819369614,"max":1,"mean":0.0622714236379,"median":0,"min":0,"var":0.0583917535841},"spectral_centroid":{"dmean":290.212249756,"dmean2":445.210571289,"dvar":105970.273438,"dvar2":222155.109375,"max":11581.6904297,"mean":1751.58581543,"median":1690.39831543,"min":232.640701294,"var":502152.46875},"spectral_complexity":{"dmean":4.94167661667,"dmean2":7.59703397751,"dvar":31.0791225433,"dvar2":61.7350158691,"max":59,"mean":25.9355545044,"median":26,"min":0,"var":154.272460938},"spectral_contrast_coeffs":{"dmean":[0.0455370284617,0.0477531813085,0.0395337603986,0.029624864459,0.0210144259036,0.0176439732313],"dmean2":[0.0730775594711,0.0773424357176,0.0648139864206,0.0490103922784,0.0343336611986,0.0281787887216],"dvar":[0.00137240346521,0.00149504712317,0.00100042740814,0.000569796364289,0.000297233113088,0.000242393347435],"dvar2":[0.00340849673375,0.00375461438671,0.0025158491917,0.00148522877134,0.000737797643524,0.000570772041101],"max":[-0.326240926981,-0.468670457602,-0.496091842651,-0.577224075794,-0.611799061298,-0.659930944443],"mean":[-0.656916558743,-0.722663462162,-0.746197044849,-0.781731903553,-0.789695441723,-0.787840545177],"median":[-0.662592709064,-0.724244117737,-0.752626895905,-0.78372335434,-0.791168212891,-0.786972880363],"min":[-0.971077382565,-0.976643621922,-0.974636435509,-0.971491396427,-0.969539940357,-0.962780356407],"var":[0.00612483872101,0.00518449349329,0.00474157277495,0.00201286654919,0.00130552018527,0.0010957660852]},"spectral_contrast_valleys":{"dmean":[0.36777061224,0.386562675238,0.31635260582,0.301779568195,0.285073250532,0.313975840807],"dmean2":[0.581471443176,0.639260649681,0.523149967194,0.485786736012,0.429674714804,0.448839724064],"dvar":[0.132522448897,0.152091443539,0.112714894116,0.129621386528,0.126489043236,0.123431935906],"dvar2":[0.252817600965,0.341504007578,0.234478592873,0.251017928123,0.241019025445,0.239867568016],"max":[-5.20600700378,-4.96089458466,-5.00576066971,-5.52129650116,-5.47841072083,-7.17644643784],"mean":[-7.06890535355,-7.02474927902,-7.09670686722,-7.32110071182,-7.11151027679,-9.1947259903],"median":[-6.64836168289,-6.81560182571,-6.87704896927,-7.0889134407,-6.88165855408,-8.95598220825],"min":[-28.0981292725,-28.0686435699,-27.6461105347,-27.6993103027,-27.4320030212,-27.3556632996],"var":[3.07570385933,1.90276539326,1.81056797504,1.86732709408,1.73341476917,1.65038323402]},"spectral_decrease":{"dmean":2.00063476896e-9,"dmean2":3.02191405233e-9,"dvar":4.83221873933e-18,"dvar2":1.08350510738e-17,"max":1.5891544917e-28,"mean":-8.75792860455e-9,"median":-8.42116243405e-9,"min":-3.5536132259e-8,"var":2.31831676893e-17},"spectral_energy":{"dmean":0.0078848246485,"dmean2":0.0118604237214,"dvar":0.0000703859841451,"dvar2":0.000156781694386,"max":0.138315185905,"mean":0.036216724664,"median":0.0354342870414,"min":1.02537890343e-20,"var":0.00037122509093},"spectral_energyband_high":{"dmean":0.000972096459009,"dmean2":0.00152931443881,"dvar":0.000001995378625,"dvar2":0.00000478199626741,"max":0.0253090169281,"mean":0.00203470839188,"median":0.00140032672789,"min":7.34063501593e-21,"var":0.00000425012194682},"spectral_energyband_low":{"dmean":0.0069670160301,"dmean2":0.0109544629231,"dvar":0.0000787575772847,"dvar2":0.000175542911165,"max":0.119688421488,"mean":0.0176122505218,"median":0.0142831448466,"min":3.33413765531e-23,"var":0.00020875397604},"spectral_energyband_middle_high":{"dmean":0.00214545242488,"dmean2":0.00331133720465,"dvar":0.0000077403983596,"dvar2":0.0000177857564267,"max":0.0578700751066,"mean":0.00791565701365,"median":0.00699206534773,"min":1.18389821275e-21,"var":0.0000401263641834},"spectral_energyband_middle_low":{"dmean":0.00261591002345,"dmean2":0.00409312918782,"dvar":0.00000903529416973,"dvar2":0.0000216936077777,"max":0.0576166585088,"mean":0.0098482221365,"median":0.00834091939032,"min":1.73664913629e-22,"var":0.000054321870266},"spectral_entropy":{"dmean":0.149396941066,"dmean2":0.220569193363,"dvar":0.0232163220644,"dvar2":0.0471902303398,"max":9.81744384766,"mean":7.958568573,"median":7.97632455826,"min":6.13199472427,"var":0.0958684012294},"spectral_flux":{"dmean":0.0215396992862,"dmean2":0.0321573279798,"dvar":0.000445887009846,"dvar2":0.00094959884882,"max":0.277552962303,"mean":0.0879056379199,"median":0.0843455418944,"min":6.43815556423e-11,"var":0.00155585398898},"spectral_kurtosis":{"dmean":0.800378143787,"dmean2":1.27363228798,"dvar":1.09081292152,"dvar2":2.43946790695,"max":42.9034309387,"mean":3.22269701958,"median":2.94368886948,"min":-1.35161244869,"var":4.81758737564},"spectral_rms":{"dmean":0.000629179587122,"dmean2":0.000943075749092,"dvar":3.67425769809e-7,"dvar2":7.96775623257e-7,"max":0.0116164386272,"mean":0.00564113026485,"median":0.00587962893769,"min":3.16286211631e-12,"var":0.00000351117796527},"spectral_rolloff":{"dmean":757.635681152,"dmean2":1257.21398926,"dvar":1212153,"dvar2":2833069.25,"max":19401.4160156,"mean":2010.05834961,"median":1550.390625,"min":21.533203125,"var":3276401.5},"spectral_skewness":{"dmean":0.146918341517,"dmean2":0.228368610144,"dvar":0.0244632754475,"dvar2":0.0508785992861,"max":5.15511131287,"mean":1.4393954277,"median":1.42978656292,"min":-0.0655920356512,"var":0.118878550828},"spectral_spread":{"dmean":660633.0625,"dmean2":976151.9375,"dvar":877265616896,"dvar2":1911559159810,"max":50756088,"mean":6008358.5,"median":5784508,"min":1340265.625,"var":4800151814140},"spectral_strongpeak":{"dmean":0.396255731583,"dmean2":0.696541070938,"dvar":0.645894527435,"dvar2":1.60861587524,"max":12.6721105576,"mean":0.801382780075,"median":0.382426530123,"min":0,"var":1.36627972126},"zerocrossingrate":{"dmean":0.0140014989302,"dmean2":0.0170432124287,"dvar":0.000176509594894,"dvar2":0.000230852921959,"max":0.53125,"mean":0.0842798426747,"median":0.07666015625,"min":0.00244140625,"var":0.00169322185684}},"metadata":{"audio_properties":{"analysis_sample_rate":44100,"bit_rate":0,"codec":"flac","downmix":"mix","equal_loudness":0,"length":234.880004883,"lossless":true,"md5_encoded":"6662b66877e479c325a845bb8ffb41cb","replay_gain":-14.6390609741,"sample_rate":44100},"tags":{"acoustid_id":["fa043112-381b-4231-b15a-d0fc11cb1c0b"],"album":["Not Your Kind of People"],"album artist":["Garbage"],"albumartist":["Garbage"],"albumartistsort":["Garbage"],"artist":["Garbage"],"artistsort":["Garbage"],"asin":["B007HTQ0K6"],"barcode":["602537002672"],"catalognumber":["STNVOL-011"],"date":["2012-05-14"],"disc":["1"],"discnumber":["1"],"disctotal":["1"],"encoder":["reference libFLAC 1.2.1 20070917"],"ensemble":["Garbage"],"file_name":"07. Garbage - I Hate Love.flac","genre":["Alternative"],"isrc":["USZXT1201661"],"label":["STUNVOLUME"],"media":["CD"],"musicbrainz_albumartistid":["f9ef7a22-4262-4596-a2a8-1d19345b8e50"],"musicbrainz_albumid":["15025210-42c8-4960-b6d1-eca70df9b699"],"musicbrainz_artistid":["f9ef7a22-4262-4596-a2a8-1d19345b8e50"],"musicbrainz_recordingid":["2ad5a189-921d-4515-8235-08c2e81a6be5"],"originaldate":["2012-05-11"],"releasecountry":["GB"],"releasestatus":["official"],"releasetype":["album"],"replaygain_album_gain":["-10.7600002288818 dB"],"replaygain_track_gain":["-9.84000015258789 dB"],"replaygain_track_peak":["0.966064453125"],"script":["Latn"],"title":["I Hate Love"],"totaldiscs":["1"],"totaltracks":["15"],"tracknumber":["7"],"tracktotal":["15"]},"version":{"essentia":"2.1-beta1","essentia_build_sha":"ca57ba49d9b1854bd80e60cf9ccf267278fb7d6b","essentia_git_sha":"v2.1_beta1-28-g21ef5f4-dirty","extractor":"music 1.0"}},"rhythm":{"beats_count":531,"beats_loudness":{"dmean":0.0129526238889,"dmean2":0.0229736976326,"dvar":0.000149477476953,"dvar2":0.000460514129372,"max":0.115152917802,"mean":0.0567414984107,"median":0.0585160180926,"min":1.82187132047e-9,"var":0.0004890