{"lowlevel":{"average_loudness":0.949032783508,"barkbands":{"dmean":[0.00287561491132,0.00605093827471,0.00151876406744,0.00188267382327,0.000939803139772,0.00187679589726,0.00113832508214,0.00072710972745,0.00095438194694,0.00121119886171,0.000712224922609,0.000935073476285,0.000977389630862,0.000827905721962,0.000473509193398,0.000475640583318,0.000313891621772,0.000173816151801,0.000138747112942,0.000199028625502,0.000182451112778,0.000129816835397,0.0000618194171693,0.0000095072109616,0.00000209766881198,0.00000971690769802,0.000213026301935],"dmean2":[0.00480559282005,0.0102719059214,0.00248216860928,0.00319275748916,0.00154990761075,0.00302533945069,0.00185619376134,0.00121034821495,0.00156917027198,0.00201241858304,0.00118610612117,0.00158577796537,0.00167237385176,0.00140361161903,0.000802710885182,0.000794696563389,0.000512436381541,0.000277342362097,0.000209943973459,0.000294888624921,0.000253896141658,0.000185676879482,0.0000890548399184,0.0000142839962791,0.00000346162096321,0.0000134993460961,0.000336487893946],"dvar":[0.0000380417659471,0.000100085293525,0.00000603809257882,0.0000109687698568,0.00000246500007961,0.0000132079840114,0.00000396130189984,0.00000110858786684,0.00000156403154961,0.0000036441872453,9.52370555751e-7,0.00000162379956237,0.00000131353010602,0.00000114005456453,3.88433022636e-7,3.50878224253e-7,1.55079987962e-7,8.40878513486e-8,9.96707854029e-8,4.94190544487e-7,4.18432136939e-7,6.16699864509e-8,1.68863429906e-8,3.31116883912e-10,1.19035415205e-11,3.21793813818e-10,5.67230102888e-8],"dvar2":[0.0000945424471865,0.000262259796727,0.0000140756901601,0.0000299884995911,0.00000608415894021,0.0000332086638082,0.00000912742143555,0.00000269195834335,0.00000406015215049,0.00000919679405342,0.000002539282832,0.00000446740295956,0.00000365836103811,0.00000316557088809,0.00000103086051695,9.38212906476e-7,4.0248590949e-7,2.08335251273e-7,2.03693574008e-7,9.74722070168e-7,7.82109225383e-7,1.33227530341e-7,3.67474939367e-8,6.99657110026e-10,2.82939019436e-11,6.19174156391e-10,1.51837312501e-7],"max":[0.0514958612621,0.0816681534052,0.0324777849019,0.0508471913636,0.0397227406502,0.0928004384041,0.0424665957689,0.0225696917623,0.0179567188025,0.0499480366707,0.0176728069782,0.0427422039211,0.0157810710371,0.0196244269609,0.0123594030738,0.00808219984174,0.005274112802,0.00541960354894,0.00884551368654,0.0159192234278,0.0188506394625,0.00424709776416,0.00310614448972,0.000282626890112,0.0000446906524303,0.000330215640133,0.00370409409516],"mean":[0.00250211707316,0.00587058672681,0.00181742745917,0.00234032119624,0.00141847296618,0.00285912887193,0.00184827845078,0.00115416676272,0.00171886850148,0.00198640231974,0.00119642307982,0.0016727715265,0.00178446737118,0.00156142818742,0.000923052779399,0.00099849968683,0.000640137295704,0.000329265021719,0.00027157436125,0.000369125918951,0.000352226517862,0.000236508814851,0.000107631851279,0.0000148910448843,0.00000216753119275,0.0000182614930964,0.000730147061404],"median":[0.000290483585559,0.00248270481825,0.000878597376868,0.00102575239725,0.000885274552274,0.00167691975366,0.00097782863304,0.000726800877601,0.00115987355821,0.00127797282767,0.000861934269778,0.00130958063528,0.00137812818866,0.00106838310603,0.000650294241495,0.000728833780158,0.000483191281091,0.000178303555003,0.000124426820548,0.000120511249406,0.000135092166602,0.000094579445431,0.0000340571750712,0.00000489218837174,8.78855587416e-7,0.0000073198480095,0.000668261724059],"min":[3.92318326841e-25,1.56536696677e-24,1.24830966807e-24,8.90251028002e-25,5.26331427508e-24,3.95819242234e-24,5.60541642841e-24,4.66530446082e-24,9.83591219675e-24,1.31412772549e-23,1.75869943942e-23,2.00813157785e-23,2.66039364427e-23,1.80550350356e-23,3.47273925418e-23,5.74506445127e-23,5.27650032177e-23,9.49594280777e-23,1.06428266571e-22,1.518967324e-22,2.34118568592e-22,3.38484765378e-22,3.8594657543e-22,5.69371124717e-22,7.06573498911e-22,1.27251781186e-21,1.90101796155e-21],"var":[0.0000358485522156,0.0000870349467732,0.0000075553998613,0.0000146113216033,0.00000398831934945,0.0000183444044524,0.00000798078326625,0.00000213427824747,0.00000305055959871,0.00000573233319301,0.00000157147246682,0.00000231615877055,0.00000240765803028,0.00000230463911066,8.15190503545e-7,8.34015679629e-7,3.43990365081e-7,1.66484468878e-7,2.22315819087e-7,0.00000106485924789,9.06435332126e-7,1.41938883758e-7,3.4944214633e-8,6.71705024935e-10,1.34593213311e-11,8.23436152597e-10,2.29734510526e-7]},"barkbands_crest":{"dmean":2.43965411186,"dmean2":4.07238101959,"dvar":5.0829410553,"dvar2":13.1030330658,"max":23.9061069489,"mean":6.4116358757,"median":5.69215202332,"min":2.14080548286,"var":8.19612121582},"barkbands_flatness_db":{"dmean":0.0187215320766,"dmean2":0.0294224396348,"dvar":0.000324547436321,"dvar2":0.000804870214779,"max":0.261271327734,"mean":0.0921652466059,"median":0.0880348682404,"min":0.0122580742463,"var":0.00101692823227},"barkbands_kurtosis":{"dmean":1.34460031986,"dmean2":2.25546216965,"dvar":3.99944734573,"dvar2":10.7035417557,"max":39.046546936,"mean":1.54017853737,"median":1.06937265396,"min":-1.69767045975,"var":5.17780208588},"barkbands_skewness":{"dmean":0.422141671181,"dmean2":0.685546398163,"dvar":0.182835400105,"dvar2":0.47040694952,"max":4.92269229889,"mean":0.979619324207,"median":0.938816070557,"min":-2.47774553299,"var":0.515527904034},"barkbands_spread":{"dmean":6.1218919754,"dmean2":9.67736530304,"dvar":28.8760318756,"dvar2":71.479309082,"max":97.1379776001,"mean":31.984079361,"median":30.5289974213,"min":4.53715896606,"var":98.0590667725},"dissonance":{"dmean":0.0120576806366,"dmean2":0.0208758115768,"dvar":0.000126739498228,"dvar2":0.000363620754797,"max":0.500000178814,"mean":0.48253518343,"median":0.485608011484,"min":0.373207956553,"var":0.000177309018909},"dynamic_complexity":2.50741267204,"erbbands":{"dmean":[0.298350691795,0.927880823612,1.77600634098,4.05697870255,4.47827720642,3.16451597214,8.49208450317,17.3542556763,14.5108785629,20.7936935425,15.809753418,19.9751968384,29.5150318146,37.3630027771,29.2904319763,36.0948829651,46.6068572998,35.5856971741,30.0811672211,23.9134597778,24.2976741791,15.4625911713,9.6971282959,7.89902257919,6.8913526535,9.55932235718,9.36489868164,5.81729841232,4.95319414139,3.34306430817,1.43169653416,0.39498269558,0.0736880078912,0.0242860484868,0.0148725705221,0.0107442969456,0.0205329228193,0.0285001304001,0.00911409314722,0.00443486263976],"dmean2":[0.519635140896,1.54940104485,2.85671234131,6.90209150314,7.3883099556,5.300157547,13.7140769958,28.3412036896,23.859003067,33.6908950806,26.1938495636,33.1152915955,49.3301467896,61.4046630859,48.9465446472,61.355556488,79.8822174072,60.5064353943,51.0359382629,39.9528083801,40.3369178772,25.1324691772,15.5198144913,12.2755489349,10.1080284119,14.2577133179,13.4955053329,7.90681505203,7.14032077789,4.79911231995,2.05952596664,0.565399825573,0.113635271788,0.0398033075035,0.0244623981416,0.0168759208173,0.0280310567468,0.0383682511747,0.0118886297569,0.00700917746872],"dvar":[0.396691381931,1.79990673065,9.27107810974,45.060874939,76.9673461914,21.3005962372,347.710144043,1330.23840332,466.617553711,2539.50146484,467.900726318,765.70300293,1772.2755127,4121.77880859,1294.6184082,2448.74145508,3169.37890625,1923.11743164,1502.3371582,1179.27587891,870.963134766,389.261322021,244.945175171,226.268981934,330.910675049,1214.36120605,1342.5222168,268.908996582,90.7674255371,45.4654846191,8.57506370544,0.594649970531,0.017443921417,0.00154627056327,0.000588333175983,0.000243497634074,0.00149570859503,0.00306604988873,0.000184095028089,0.000019422141122],"dvar2":[1.06627333164,4.60006093979,21.0666103363,122.987510681,195.599853516,55.7436256409,813.168762207,3477.96118164,1180.92785645,5499.42089844,1166.69836426,2011.31774902,4648.50927734,10284.8505859,3403.23608398,6669.68994141,8870.95605469,5338.81640625,4186.46826172,3162.30859375,2365.54638672,992.369445801,607.682983398,507.442016602,602.733398438,2482.86083984,2688.14599609,479.67074585,194.186233521,102.022453308,18.3485336304,1.21496415138,0.0379693284631,0.00366550288163,0.00139826175291,0.000552371668164,0.00280811567791,0.00587873812765,0.000336042954586,0.0000493569277751],"max":[4.93275642395,13.2529640198,34.8137397766,103.912712097,246.114639282,86.1689453125,765.791931152,1105.32556152,355.269744873,1322.23071289,326.716278076,536.039245605,1096.71655273,1816.47241211,484.744049072,1727.48059082,830.440002441,548.607849121,672.905944824,744.964599609,444.135223389,274.581848145,260.566986084,381.641235352,464.670501709,789.154907227,1166.37976074,458.935760498,153.819046021,149.647857666,62.2069816589,12.6828804016,2.10984539986,0.506898641586,0.314466774464,0.200634106994,0.685106933117,1.01074659824,0.270132780075,0.0750095546246],"mean":[0.252694994211,0.996854901314,2.18931674957,5.30599832535,6.08632421494,4.56289672852,12.4438018799,25.3693580627,23.440656662,31.9539871216,28.5374355316,36.1873130798,50.4543495178,62.7618026733,56.9446182251,70.2341079712,87.0326080322,73.9906845093,63.9534072876,49.4063606262,53.964427948,34.5069351196,19.8777236938,15.6849317551,13.5950841904,17.5668373108,16.9498348236,11.5694475174,9.09107875824,5.82570981979,2.54939985275,0.683355391026,0.104233533144,0.0267731845379,0.0158628001809,0.0147003289312,0.0395428016782,0.0609787665308,0.0294042676687,0.0222349017859],"median":[0.0672430694103,0.507715702057,1.09627211094,2.63596081734,3.06032371521,2.79487037659,6.71716165543,14.4909000397,14.1597032547,14.9985351562,18.6372146606,24.8217563629,34.6521186829,40.6524124146,44.2886161804,56.2050895691,67.0231628418,55.0074615479,44.1645278931,34.6294746399,40.0875434875,27.3179264069,11.8985671997,7.94358634949,5.51977920532,5.82067060471,5.98761034012,4.81842756271,3.72603344917,2.02996587753,0.836333930492,0.221260204911,0.0368866585195,0.0120714195073,0.00687159225345,0.00732992449775,0.0152014680207,0.0276991762221,0.0205171536654,0.0214277617633],"min":[5.92982640378e-23,5.55374031199e-22,2.02943209709e-21,4.73125419175e-21,1.45103360663e-20,1.99671334762e-20,3.06786264236e-20,4.00845165559e-20,7.37774085187e-20,2.19448250625e-19,1.60901919058e-19,2.61599151593e-19,5.21002759045e-19,6.66258931633e-19,8.86273464936e-19,1.2674380844e-18,1.40513935796e-18,1.66240276483e-18,2.35933169242e-18,3.00496249733e-18,3.30690782274e-18,4.16734130272e-18,5.27358577057e-18,5.11098274166e-18,6.82147437518e-18,7.58275226756e-18,9.0364634643e-18,8.72893921925e-18,1.09400806778e-17,1.10701721999e-17,1.02281106081e-17,1.07991481265e-17,9.16870648319e-18,7.03938145908e-18,5.44628784759e-18,4.08764120993e-18,2.17916555115e-18,9.24009858071e-19,2.4715391561e-19,2.54651962127e-20],"var":[0.301055073738,1.82776796818,11.3803472519,60.8060684204,111.549957275,31.9835453033,466.405212402,1662.03100586,855.063842773,4900.09228516,969.350646973,1377.21777344,2919.28637695,6360.62011719,2549.72558594,3660.04589844,5715.96875,4254.65283203,3530.6574707,2396.45776367,2271.28808594,906.80670166,504.47076416,485.820678711,809.578369141,2517.96801758,2589.05004883,667.586547852,207.469451904,94.8997344971,18.6392211914,1.34203827381,0.0318525396287,0.0018002676079,0.000672194815706,0.000394911214244,0.0039611523971,0.00820775330067,0.000796788313892,0.000146071179188]},"erbbands_crest":{"dmean":1.82871365547,"dmean2":3.11313724518,"dvar":3.08732676506,"dvar2":8.36120700836,"max":24.3591556549,"mean":6.40815782547,"median":5.96524143219,"min":2.46605062485,"var":5.02810764313},"erbbands_flatness_db":{"dmean":0.0168076045811,"dmean2":0.0249499380589,"dvar":0.000199431597139,"dvar2":0.000425897247624,"max":0.28921726346,"mean":0.15403097868,"median":0.151294752955,"min":0.0523860007524,"var":0.00119987642393},"erbbands_kurtosis":{"dmean":0.59205532074,"dmean2":0.963996112347,"dvar":0.339489042759,"dvar2":0.86468309164,"max":10.4253368378,"mean":0.277823507786,"median":0.156193971634,"min":-1.41105926037,"var":0.752668857574},"erbbands_skewness":{"dmean":0.271181464195,"dmean2":0.429238826036,"dvar":0.0538120977581,"dvar2":0.129280716181,"max":2.26774215698,"mean":-0.055333878845,"median":-0.034035153687,"min":-2.46238422394,"var":0.187018215656},"erbbands_spread":{"dmean":4.79528093338,"dmean2":7.40153503418,"dvar":18.6405029297,"dvar2":43.6274261475,"max":74.8888549805,"mean":26.2774162292,"median":24.5057907104,"min":5.5222120285,"var":97.7312927246},"gfcc":{"cov":[[36833.1210938,2263.59716797,-3122.51416016,287.210174561,-442.769927979,-599.52947998,430.400482178,-814.373046875,190.589447021,-293.49029541,-190.905349731,46.6243476868,-290.994598389],[2263.59716797,897.059143066,-279.15737915,-297.40057373,195.571517944,-85.8546295166,2.32925128937,-52.8393707275,37.8956947327,13.9580039978,43.0375404358,-92.5984573364,119.515510559],[-3122.51416016,-279.15737915,515.847045898,67.2148895264,1.88029718399,163.673995972,-83.6396026611,108.812759399,-30.5536727905,31.890794754,19.9036769867,34.4243965149,2.66953969002],[287.210174561,-297.40057373,67.2148895264,377.459411621,-50.6339073181,-46.34973526,115.794441223,-27.2677078247,-46.0492172241,-51.3478507996,-33.5681610107,42.167301178,-88.7884750366],[-442.769927979,195.571517944,1.88029718399,-50.6339073181,170.2918396,-1.45149314404,25.2901744843,39.4141197205,-9.92951869965,16.1912841797,22.6304779053,-57.3916702271,58.4770545959],[-599.52947998,-85.8546295166,163.673995972,-46.34973526,-1.45149314404,202.159744263,-59.9494018555,65.42137146,30.1304111481,23.7540035248,-1.30878388882,32.8362579346,-3.16456842422],[430.400482178,2.32925128937,-83.6396026611,115.794441223,25.2901744843,-59.9494018555,162.180603027,-34.3058624268,15.7803783417,-19.7289237976,-3.35223436356,4.87886285782,-20.2690639496],[-814.373046875,-52.8393707275,108.812759399,-27.2677078247,39.4141197205,65.42137146,-34.3058624268,135.901275635,-17.5400829315,44.5088653564,20.3716068268,-22.6338577271,47.2592430115],[190.589447021,37.8956947327,-30.5536727905,-46.0492172241,-9.92951869965,30.1304111481,15.7803783417,-17.5400829315,124.158668518,22.816028595,14.0269212723,39.9226837158,-28.4461307526],[-293.49029541,13.9580039978,31.890794754,-51.3478507996,16.1912841797,23.7540035248,-19.7289237976,44.5088653564,22.816028595,76.1385955811,43.3095245361,-1.99788117409,41.5194358826],[-190.905349731,43.0375404358,19.9036769867,-33.5681610107,22.6304779053,-1.30878388882,-3.35223436356,20.3716068268,14.0269212723,43.3095245361,62.2492446899,16.0885639191,32.3507804871],[46.6243476868,-92.5984573364,34.4243965149,42.167301178,-57.3916702271,32.8362579346,4.87886285782,-22.6338577271,39.9226837158,-1.99788117409,16.0885639191,88.5729904175,-18.776845932],[-290.994598389,119.515510559,2.66953969002,-88.7884750366,58.4770545959,-3.16456842422,-20.2690639496,47.2592430115,-28.4461307526,41.5194358826,32.3507804871,-18.776845932,109.409103394]],"icov":[[0.000131202788907,-0.000524502713233,0.000868249509949,-0.00071945291711,0.000691245193593,-0.000605820387136,0.000260594475549,-0.0000621620129095,0.000129716470838,-0.000130651795189,-0.000144906807691,0.0000234791441471,0.000135202484671],[-0.000524502713233,0.00506374007091,-0.00255281105638,0.00387950544246,-0.00489457091317,0.00219741417095,-0.000625333050266,0.00225341389887,-0.00210973713547,0.00282070203684,-0.00164956517983,0.00203727348708,-0.00290705100633],[0.000868249509949,-0.00255281105638,0.00965156592429,-0.00594478612766,0.00325281685218,-0.0063583990559,0.00369788031094,-0.0011448765872,0.00135817565024,-0.000396646792069,-0.00298651913181,-0.0000127421244542,0.000679695804138],[-0.00071945291711,0.00387950544246,-0.00594478612766,0.0123558407649,-0.00612199539319,0.00640554120764,-0.00670787366107,-0.00124008441344,0.00545269902796,-0.00274474127218,0.00544014619663,-0.00759449740872,0.00631842203438],[0.000691245193593,-0.00489457091317,0.00325281685218,-0.00612199539319,0.0185892134905,-0.00633060373366,-0.00143947044853,-0.00126510311384,-0.00358926365152,0.00637957407162,-0.00895381625742,0.0123732192442,-0.00628438871354],[-0.000605820387136,0.00219741417095,-0.0063583990559,0.00640554120764,-0.00633060373366,0.0140254814178,-0.000591283547692,-0.00446627056226,0.00036360003287,-0.00428451597691,0.00920645147562,-0.00938556622714,0.00433812756091],[0.000260594475549,-0.000625333050266,0.00369788031094,-0.00670787366107,-0.00143947044853,-0.000591283547692,0.0127373682335,0.00112387968693,-0.00457494985312,0.00246778153814,-0.00257217488252,0.00187656551134,-0.00257448339835],[-0.0000621620129095,0.00225341389887,-0.0011448765872,-0.00124008441344,-0.00126510311384,-0.00446627056226,0.00112387968693,0.016057042405,-0.00175590859726,-0.00171380478423,-0.00374480849132,0.0082350904122,-0.00707152951509],[0.000129716470838,-0.00210973713547,0.00135817565024,0.00545269902796,-0.00358926365152,0.00036360003287,-0.00457494985312,-0.00175590859726,0.021355163306,-0.015154896304,0.0081818299368,-0.0163365118206,0.0149617819116],[-0.000130651795189,0.00282070203684,-0.000396646792069,-0.00274474127218,0.00637957407162,-0.00428451597691,0.00246778153814,-0.00171380478423,-0.015154896304,0.0415259823203,-0.0272602904588,0.0188729260117,-0.0163821056485],[-0.000144906807691,-0.00164956517983,-0.00298651913181,0.00544014619663,-0.00895381625742,0.00920645147562,-0.00257217488252,-0.00374480849132,0.0081818299368,-0.0272602904588,0.0447654612362,-0.024012606591,0.00721182767302],[0.0000234791441471,0.00203727348708,-0.0000127421244542,-0.00759449740872,0.0123732192442,-0.00938556622714,0.00187656551134,0.0082350904122,-0.0163365118206,0.0188729260117,-0.024012606591,0.0392876528203,-0.0159867964685],[0.000135202484671,-0.00290705100633,0.000679695804138,0.00631842203438,-0.00628438871354,0.00433812756091,-0.00257448339835,-0.00707152951509,0.0149617819116,-0.0163821056485,0.00721182767302,-0.0159867964685,0.0290788765997]],"mean":[7.09436798096,89.998840332,-118.348274231,-6.32147121429,-17.9152793884,-14.000869751,5.83868408203,-28.5717029572,8.4618806839,-8.26837253571,-7.4489364624,2.14189910889,-8.76087379456]},"hfc":{"dmean":24.7970314026,"dmean2":38.3703765869,"dvar":529.82598877,"dvar2":1230.18347168,"max":409.559204102,"mean":140.226150513,"median":143.770278931,"min":1.07677548025e-16,"var":3383.62963867},"melbands":{"dmean":[0.00221588462591,0.000969007262029,0.000712635111995,0.000238888693275,0.000247450720053,0.000377019081498,0.000216295811697,0.000210574798984,0.000142118398799,0.00013096263865,0.000151994463522,0.000161098359968,0.0000972210909822,0.000111904839287,0.000103717735328,0.0000897365825949,0.0000765498480177,0.0000590899544477,0.0000332306844939,0.0000345493244822,0.0000299374969472,0.0000184090531548,0.0000132874984047,0.00000796978383732,0.00000684802080286,0.00000528474356543,0.00000589350929658,0.00000690327487973,0.00000675152614349,0.00000450699326393,0.00000331683645527,0.00000305436583403,0.00000254627070717,0.00000171590750142,9.70997575678e-7,4.34059359122e-7,1.74359811922e-7,5.8829041194e-8,2.32566357283e-8,1.92928926168e-8],"dmean2":[0.00379849015735,0.0015654132003,0.00119904463645,0.000394027796574,0.000400545832235,0.00061311328318,0.000354373420123,0.000342551153153,0.000235218845773,0.000216799642658,0.000253870384768,0.000265733979177,0.000161451491294,0.000190264152479,0.000177190944669,0.000153380038682,0.000130432948936,0.000100769429991,0.0000560915941605,0.0000578052786295,0.0000501087779412,0.0000303022061416,0.000021869162083,0.0000127070616145,0.0000108366821223,0.00000798176824901,0.00000884609835339,0.0000105911258288,0.00000997937331704,0.00000634108573649,0.00000473047930427,0.00000453436678072,0.00000376011030312,0.00000252898962572,0.00000143547424614,6.31943748886e-7,2.61933877255e-7,9.2715922051e-8,3.83553313554e-8,3.1872207984e-8],"dvar":[0.0000178436166607,0.00000237789981838,0.00000142619785493,1.68497820141e-7,2.57483918631e-7,5.67141228203e-7,9.88010810943e-8,2.29863118761e-7,4.05927949032e-8,3.25668203516e-8,4.63039384613e-8,7.82572371349e-8,1.60177826558e-8,2.78080438676e-8,1.3236384433e-8,1.28904948937e-8,9.42449851493e-9,6.31765262327e-9,2.12099804386e-9,2.16337658898e-9,1.38218070322e-9,5.37759892172e-10,4.26254781472e-10,1.99761110431e-10,1.70570751967e-10,1.74350381354e-10,3.22812582221e-10,6.73622824188e-10,6.98020030665e-10,2.87733586957e-10,7.17823370189e-11,3.5785999164e-11,2.53642558345e-11,1.29709801927e-11,4.04633011125e-12,7.30736272273e-13,1.24592976452e-13,1.32476266353e-14,1.38462612415e-15,1.01615990995e-15],"dvar2":[0.0000473306754429,0.00000556362056159,0.00000385290422855,4.20576071747e-7,5.97083840148e-7,0.00000146912850596,2.46280933425e-7,4.99350335303e-7,1.01552586784e-7,8.45798240334e-8,1.21290483435e-7,1.95381204549e-7,4.24984953895e-8,7.59238432124e-8,3.68274761797e-8,3.60230423269e-8,2.61060808526e-8,1.75435168615e-8,5.54482015858e-9,5.79265968526e-9,3.80495146501e-9,1.41433953438e-9,1.10534925657e-9,4.98328212029e-10,3.92631899215e-10,3.56468465856e-10,6.58603283021e-10,1.43353517945e-9,1.46118062094e-9,5.93515903091e-10,1.42662090474e-10,7.91496729269e-11,5.97476373931e-11,2.95758174895e-11,8.93316757372e-12,1.58582652218e-12,2.62339466556e-13,3.01532954963e-14,3.29065100228e-15,2.41460442373e-15],"max":[0.0341824777424,0.0187921710312,0.020566182211,0.0108093107119,0.0199070740491,0.0219068452716,0.00512973824516,0.0126733034849,0.00322490907274,0.00342540256679,0.00563157489523,0.00804134365171,0.00210643862374,0.00605613226071,0.00150245381519,0.00138251495082,0.00117364828475,0.00157648988534,0.00106250040699,0.000759447168093,0.000503314950038,0.000333136296831,0.000369901506929,0.000289067014819,0.000338469748385,0.000327624962665,0.00043013622053,0.000593169941567,0.000747771176975,0.000547212024685,0.000291912088869,0.0000934278068598,0.000101152290881,0.0000821975045255,0.0000403186641051,0.0000137247652674,0.00000590841636949,0.00000195157599592,4.68774743467e-7,4.12964482166e-7],"mean":[0.00203644647263,0.00120833329856,0.000977404182777,0.000353928393451,0.000379448785679,0.000571162847336,0.000361124286428,0.000322537787724,0.000244500784902,0.000230907549849,0.000253394886386,0.00025868328521,0.000176966219442,0.00019287840405,0.000194828055101,0.000161733056302,0.000139896132168,0.000113182366476,0.0000646627959213,0.0000675182236591,0.0000618174453848,0.0000372468457499,0.000024195507649,0.0000144143732541,0.000012533852896,0.00000960999022936,0.0000103546844912,0.0000119533542602,0.0000114365057016,0.00000802355680207,0.00000623533742328,0.00000529947783434,0.00000423464371124,0.00000284293150798,0.00000163986885582,7.5096505725e-7,2.68840324225e-7,7.46752988334e-8,2.43346622852e-8,1.97683611702e-8],"median":[0.000698521733284,0.000664847146254,0.000509410223458,0.000213023260585,0.000219852197915,0.000337380595738,0.00021469675994,0.000158415612532,0.000156769048772,0.000155565707246,0.000170930026798,0.000162675554748,0.000131118140416,0.000147065613419,0.000160050243721,0.000118758282042,0.0000991457272903,0.0000744709104765,0.0000444304459961,0.0000477808935102,0.0000442556083726,0.0000285628084384,0.0000144265204653,0.00000732771695766,0.00000616133411313,0.00000399812324758,0.00000353709901901,0.00000368072596757,0.0000037636664274,0.00000290105731438,0.0000026803631954,0.00000209514450944,0.00000154820361331,9.20724005482e-7,5.12925396379e-7,2.51318709843e-7,7.63683445371e-8,2.08183088546e-8,9.99341409624e-9,7.8253892255e-9],"min":[7.55275250789e-25,9.79950330774e-25,1.18476475279e-24,1.16516195372e-24,9.01864638248e-25,8.92535569183e-25,1.07832414528e-24,2.39024341522e-24,1.05094002224e-24,1.07089021593e-24,2.23758285563e-24,2.43263956128e-24,2.76457112817e-24,2.43024300185e-24,2.99787674089e-24,2.83646298069e-24,1.89560021473e-24,3.218654848e-24,2.67242724406e-24,3.9872075153e-24,2.59278325542e-24,2.45198203625e-24,3.71509704579e-24,4.40187698329e-24,2.92786494112e-24,4.25356718881e-24,4.15459867179e-24,4.44639240417e-24,4.78174466916e-24,4.70402727607e-24,4.64873562079e-24,4.43715642069e-24,4.92724020237e-24,5.29089561334e-24,4.18169131072e-24,6.65839072571e-24,5.90588526417e-24,5.83798721719e-24,5.29400056987e-24,5.50429037681e-24],"var":[0.0000145238027471,0.00000282984115074,0.0000020058832888,2.66909211177e-7,3.61111972325e-7,7.48554441543e-7,1.94967469724e-7,4.47779825663e-7,7.94919188252e-8,5.85906967387e-8,7.61163789775e-8,1.17295499535e-7,2.97180484665e-8,3.65924286427e-8,2.35793589098e-8,2.28229328769e-8,1.79848687054e-8,1.2941212546e-8,4.20857038108e-9,4.39402603192e-9,3.30499561052e-9,1.14624931769e-9,7.69079744334e-10,3.74178216189e-10,3.35402455809e-10,3.62228663731e-10,6.55535126182e-10,1.31174915374e-9,1.2474526967e-9,5.62415447547e-10,1.57159105174e-10,7.45227143883e-11,4.95915010446e-11,2.47522193714e-11,8.14748355588e-12,1.57193767551e-12,2.46927126099e-13,2.1347266538e-14,1.59434999958e-15,1.14476195772e-15]},"melbands_crest":{"dmean":4.85348558426,"dmean2":8.00586986542,"dvar":24.7790660858,"dvar2":60.8194580078,"max":34.594039917,"mean":11.2396850586,"median":9.54959106445,"min":1.61382710934,"var":37.8649902344},"melbands_flatness_db":{"dmean":0.0269535761327,"dmean2":0.0416010022163,"dvar":0.000614504504483,"dvar2":0.00147766782902,"max":0.415359944105,"mean":0.176253542304,"median":0.175003126264,"min":0.00262424745597,"var":0.00273868720978},"melbands_kurtosis":{"dmean":2.37786197662,"dmean2":4.01420879364,"dvar":12.9824838638,"dvar2":34.6319923401,"max":44.1822166443,"mean":2.35828638077,"median":1.12648248672,"min":-1.6837272644,"var":15.9814062119},"melbands_skewness":{"dmean":0.580637991428,"dmean2":0.933458447456,"dvar":0.33372721076,"dvar2":0.843188464642,"max":5.50965213776,"mean":1.3274948597,"median":1.18527472019,"min":-0.763100743294,"var":0.728737652302},"melbands_spread":{"dmean":7.85670375824,"dmean2":12.3750886917,"dvar":61.035861969,"dvar2":132.538330078,"max":154.401153564,"mean":34.5992851257,"median":31.3276920319,"min":3.00917601585,"var":381.414306641},"mfcc":{"cov":[[11790.2167969,1856.18237305,-857.295043945,937.586914062,-553.279724121,560.031982422,-253.081558228,337.913879395,-140.399597168,118.815162659,-87.3537368774,85.6781692505,-55.8763923645],[1856.18237305,1575.03955078,-406.445526123,-126.701759338,100.030807495,33.7426261902,17.7184028625,-124.781738281,103.034408569,-7.48162841797,34.0961761475,-2.82671284676,80.5561523438],[-857.295043945,-406.445526123,391.30758667,-102.141609192,77.0860748291,14.9589605331,-23.8068408966,53.3737106323,-33.9370613098,-11.2955093384,7.32114982605,16.1159324646,-8.36217975616],[937.586914062,-126.701759338,-102.141609192,453.727325439,-169.081787109,64.6453552246,35.7933540344,72.6490631104,-61.3018798828,16.8953781128,-37.9017486572,-19.0356369019,-44.5279045105],[-553.279724121,100.030807495,77.0860748291,-169.081787109,208.132156372,-58.9999961853,57.3052101135,-52.2376441956,56.4953269958,-10.9477567673,31.2186527252,-2.86912727356,22.5136528015],[560.031982422,33.7426261902,14.9589605331,64.6453552246,-58.9999961853,164.543609619,-62.8180923462,93.1651000977,-35.0652427673,22.8528938293,-13.4163980484,31.5416126251,-6.93090677261],[-253.081558228,17.7184028625,-23.8068408966,35.7933540344,57.3052101135,-62.8180923462,168.927230835,-48.9944725037,56.4382820129,-15.333024025,11.4656925201,-28.8897628784,2.94320321083],[337.913879395,-124.781738281,53.3737106323,72.6490631104,-52.2376441956,93.1651000977,-48.9944725037,140.401016235,-32.8443336487,25.3347835541,-14.1550292969,18.7498264313,-17.2595024109],[-140.399597168,103.034408569,-33.9370613098,-61.3018798828,56.4953269958,-35.0652427673,56.4382820129,-32.8443336487,89.821937561,8.20248031616,19.2451267242,-7.02580690384,16.7152805328],[118.815162659,-7.48162841797,-11.2955093384,16.8953781128,-10.9477567673,22.8528938293,-15.333024025,25.3347835541,8.20248031616,55.4169235229,16.7147502899,17.2184810638,2.98762464523],[-87.3537368774,34.0961761475,7.32114982605,-37.9017486572,31.2186527252,-13.4163980484,11.4656925201,-14.1550292969,19.2451267242,16.7147502899,55.867515564,15.9447927475,16.3384151459],[85.6781692505,-2.82671284676,16.1159324646,-19.0356369019,-2.86912727356,31.5416126251,-28.8897628784,18.7498264313,-7.02580690384,17.2184810638,15.9447927475,60.5611114502,13.6819200516],[-55.8763923645,80.5561523438,-8.36217975616,-44.5279045105,22.5136528015,-6.93090677261,2.94320321083,-17.2595024109,16.7152805328,2.98762464523,16.3384151459,13.6819200516,48.032169342]],"icov":[[0.000186191973626,-0.000267374096438,0.0000880482766661,-0.00031478216988,0.000150497973664,-0.000126487968373,0.000160252151545,-0.000302721484331,0.00000112872760383,-0.00000392145557271,-0.00000573440456719,-0.00020698417211,0.000241902802372],[-0.000267374096438,0.00167375185993,0.00138884410262,0.000613934767898,-0.00126666610595,-0.00129100249615,0.000175800989382,0.00117699010298,-0.000420878175646,0.000703198602423,-0.000408592954045,0.00080362270819,-0.00147481868044],[0.0000880482766661,0.00138884410262,0.00549364788458,0.000939994584769,-0.00278081302531,-0.00143522280268,0.0000950665053097,-0.00160347705241,0.00194652413484,0.00168364588171,-0.00110551319085,0.0000376555290131,-0.000301486928947],[-0.00031478216988,0.000613934767898,0.000939994584769,0.00534814223647,0.00245042284951,-0.000650004134513,-0.00387547072023,-0.000797039654572,0.0031317321118,-0.00169460347388,0.000505643489305,0.00126201205421,0.000918560603168],[0.000150497973664,-0.00126666610595,-0.00278081302531,0.00245042284951,0.0106405736879,0.00137742573861,-0.00309685687535,-0.0000980435652309,-0.00175469962414,-0.000354417948984,-0.00135563337244,-0.000311474897899,0.00063533114735],[-0.000126487968373,-0.00129100249615,-0.00143522280268,-0.000650004134513,0.00137742573861,0.0130901467055,0.00120345351752,-0.006547447294,0.000715740839951,-0.00128028052859,0.00200330512598,-0.00399625347927,0.000269826996373],[0.000160252151545,0.000175800989382,0.0000950665053097,-0.00387547072023,-0.00309685687535,0.00120345351752,0.0118973087519,0.00127484183758,-0.00696537271142,0.0035066746641,-0.00172604864929,0.00169950188138,-0.0000214368355955],[-0.000302721484331,0.00117699010298,-0.00160347705241,-0.000797039654572,-0.0000980435652309,-0.006547447294,0.00127484183758,0.0154459904879,-0.000824209535494,-0.00379697605968,0.00164618273266,0.000183842101251,0.00113980309106],[0.00000112872760383,-0.000420878175646,0.00194652413484,0.0031317321118,-0.00175469962414,0.000715740839951,-0.00696537271142,-0.000824209535494,0.0212602112442,-0.00615882733837,-0.00085573567776,0.00187332218047,-0.00225234171376],[-0.00000392145557271,0.000703198602423,0.00168364588171,-0.00169460347388,-0.000354417948984,-0.00128028052859,0.0035066746641,-0.00379697605968,-0.00615882733837,0.0267633292824,-0.00856025796384,-0.0035939947702,0.000354517163942],[-0.00000573440456719,-0.000408592954045,-0.00110551319085,0.000505643489305,-0.00135563337244,0.00200330512598,-0.00172604864929,0.00164618273266,-0.00085573567776,-0.00856025796384,0.0262608584017,-0.0056961691007,-0.00390332564712],[-0.00020698417211,0.00080362270819,0.0000376555290131,0.00126201205421,-0.000311474897899,-0.00399625347927,0.00169950188138,0.000183842101251,0.00187332218047,-0.0035939947702,-0.0056961691007,0.0242041330785,-0.00626611430198],[0.000241902802372,-0.00147481868044,-0.000301486928947,0.000918560603168,0.00063533114735,0.000269826996373,-0.0000214368355955,0.00113980309106,-0.00225234171376,0.000354517163942,-0.00390332564712,-0.00626611430198,0.0283997356892]],"mean":[-633.161682129,150.380355835,-40.0316848755,22.4345207214,-14.893532753,28.985370636,-12.0643386841,9.68557262421,-0.471065074205,3.16112422943,-1.73286056519,5.51919651031,2.50137257576]},"pitch_salience":{"dmean":0.0768068283796,"dmean2":0.126999095082,"dvar":0.0062083080411,"dvar2":0.015982363373,"max":0.893595099449,"mean":0.651753664017,"median":0.673038303852,"min":0.207291543484,"var":0.00930092390627},"silence_rate_20dB":{"dmean":0,"dmean2":0,"dvar":0,"dvar2":0,"max":1,"mean":1,"median":1,"min":1,"var":0},"silence_rate_30dB":{"dmean":0.0031312268693,"dmean2":0.0062633450143,"dvar":0.00312127172947,"dvar2":0.00907052401453,"max":1,"mean":0.998292326927,"median":1,"min":0,"var":0.00170473312028},"silence_rate_60dB":{"dmean":0.00142328499351,"dmean2":0.00284697511233,"dvar":0.00142125296406,"dvar2":0.00312354182824,"max":1,"mean":0.0584886856377,"median":0,"min":0,"var":0.0550684146583},"spectral_centroid":{"dmean":213.904464722,"dmean2":313.214904785,"dvar":59479.0429688,"dvar2":104467.335938,"max":11821.6914062,"mean":1666.98950195,"median":1372.72021484,"min":248.58013916,"var":2056661},"spectral_complexity":{"dmean":3.72530603409,"dmean2":5.58975076675,"dvar":12.0089426041,"dvar2":23.2464122772,"max":63,"mean":30.3358478546,"median":30,"min":0,"var":122.343223572},"spectral_contrast_coeffs":{"dmean":[0.0565441958606,0.0490857250988,0.035259667784,0.0267229638994,0.0202718004584,0.045654669404],"dmean2":[0.0926015973091,0.0823534578085,0.0597200132906,0.0459842942655,0.0338063053787,0.0690129101276],"dvar":[0.00196455139667,0.00152128830086,0.000759681628551,0.00042050058255,0.00026235965197,0.00143158400897],"dvar2":[0.00528507959098,0.00419807014987,0.00217998679727,0.00122220348567,0.000692642584909,0.00338888238184],"max":[-0.402516752481,-0.472555398941,-0.638657689095,-0.679150700569,-0.686852633953,-0.384384572506],"mean":[-0.702549993992,-0.776721835136,-0.81279104948,-0.809342563152,-0.802242338657,-0.662753880024],"median":[-0.701882481575,-0.778431236744,-0.813372135162,-0.806698799133,-0.800359904766,-0.65198302269],"min":[-0.979565262794,-0.982458233833,-0.976073920727,-0.971219480038,-0.967778146267,-0.964072048664],"var":[0.00675415201113,0.00401494558901,0.00204466446303,0.00140838767402,0.00135976087768,0.00860486831516]},"spectral_contrast_valleys":{"dmean":[0.454403489828,0.328964024782,0.272874206305,0.226697102189,0.227245464921,0.572273910046],"dmean2":[0.733702242374,0.551272213459,0.455825209618,0.376149207354,0.325436681509,0.900491416454],"dvar":[0.149575576186,0.0910186469555,0.0723742097616,0.0607145279646,0.082491800189,0.254276186228],"dvar2":[0.338512003422,0.206514939666,0.149943485856,0.113015212119,0.135908380151,0.608009040356],"max":[-5.36699962616,-4.69486093521,-5.05405569077,-5.46448087692,-5.28609228134,-9.13662910461],"mean":[-7.43431377411,-6.5258436203,-6.67954063416,-6.96279191971,-7.62110137939,-11.5050477982],"median":[-6.89535856247,-5.96626472473,-6.11106014252,-6.40882539749,-7.05934762955,-11.0782012939],"min":[-28.5851039886,-28.1002883911,-27.7487468719,-27.6516246796,-27.5716781616,-27.4479293823],"var":[9.16803073883,9.79244327545,9.60613155365,9.36240577698,9.07840156555,6.06464195251]},"spectral_decrease":{"dmean":3.23655346968e-9,"dmean2":5.12411713061e-9,"dvar":1.66468245392e-17,"dvar2":4.13407400099e-17,"max":7.47116035704e-10,"mean":-7.04246438943e-9,"median":-6.17527984303e-9,"min":-4.4137220101e-8,"var":2.86351796267e-17},"spectral_energy":{"dmean":0.0126225380227,"dmean2":0.0198529418558,"dvar":0.000242428635829,"dvar2":0.00059845886426,"max":0.177035808563,"mean":0.0392989106476,"median":0.0376034714282,"min":9.87438132065e-21,"var":0.000522545014974},"spectral_energyband_high":{"dmean":0.000500977796037,"dmean2":0.000655958370771,"dvar":0.00000145748356317,"dvar2":0.00000254428437074,"max":0.0274570956826,"mean":0.00125039590057,"median":0.000706809049007,"min":7.11474766184e-21,"var":0.00000404040338253},"spectral_energyband_low":{"dmean":0.00926124118268,"dmean2":0.015386344865,"dvar":0.000209215431823,"dvar2":0.000542008318007,"max":0.115921840072,"mean":0.0106624113396,"median":0.00537657737732,"min":6.84502732728e-24,"var":0.000202809038456},"spectral_energyband_middle_high":{"dmean":0.0029295780696,"dmean2":0.00466697663069,"dvar":0.00000982987785392,"dvar2":0.0000251728160947,"max":0.0670536234975,"mean":0.0112754944712,"median":0.010184975341,"min":1.16503916121e-21,"var":0.0000504109011672},"spectral_energyband_middle_low":{"dmean":0.00439081341028,"dmean2":0.00701540755108,"dvar":0.0000330636867147,"dvar2":0.0000816709944047,"max":0.10273501277,"mean":0.0118673238903,"median":0.00995234120637,"min":1.56752846537e-22,"var":0.0000804356241133},"spectral_entropy":{"dmean":0.101438120008,"dmean2":0.142663598061,"dvar":0.00917644705623,"dvar2":0.0169132519513,"max":9.82400608063,"mean":7.76917648315,"median":7.76227045059,"min":6.33544158936,"var":0.147264957428},"spectral_flux":{"dmean":0.0251821707934,"dmean2":0.0411670692265,"dvar":0.000820266490337,"dvar2":0.00189134222455,"max":0.312981158495,"mean":0.120094671845,"median":0.1202115044,"min":6.4692820545e-11,"var":0.00237192166969},"spectral_kurtosis":{"dmean":3.59350395203,"dmean2":4.99891757965,"dvar":23.2834339142,"dvar2":48.8072509766,"max":102.782775879,"mean":16.508605957,"median":13.4711112976,"min":-1.28071057796,"var":116.605224609},"spectral_rms":{"dmean":0.000910245173145,"dmean2":0.00139720714651,"dvar":9.62412627814e-7,"dvar2":0.00000227359169003,"max":0.0131422169507,"mean":0.00583433778957,"median":0.00605692295358,"min":3.10379478195e-12,"var":0.00000430066484114},"spectral_rolloff":{"dmean":5624.75244141,"dmean2":10552.7119141,"dvar":56603948,"dvar2":116732520,"max":21985.4003906,"mean":11770.7285156,"median":13436.71875,"min":64.599609375,"var":80196072},"spectral_skewness":{"dmean":0.301273107529,"dmean2":0.401027172804,"dvar":0.110571138561,"dvar2":0.201916188002,"max":8.14569282532,"mean":2.4815621376,"median":2.30772805214,"min":-0.0809546560049,"var":0.989318847656},"spectral_spread":{"dmean":376133.5625,"dmean2":568578.0625,"dvar":406123544576,"dvar2":843135254528,"max":42778396,"mean":4326433,"median":3513649,"min":1612420,"var":27807614763000},"spectral_strongpeak":{"dmean":2.92841672897,"dmean2":5.46849346161,"dvar":94.0713272095,"dvar2":246.876953125,"max":92.4555664062,"mean":2.45388126373,"median":0.33959659934,"min":0,"var":81.216293335},"zerocrossingrate":{"dmean":0.0334523394704,"dmean2":0.0412837788463,"dvar":0.000785567390267,"dvar2":0.0011798463529,"max":0.56982421875,"mean":0.265116631985,"median":0.2548828125,"min":0.0888671875,"var":0.00520100723952}},"metadata":{"audio_properties":{"analysis_sample_rate":44100,"bit_rate":192000,"codec":"mp3","downmix":"mix","equal_loudness":0,"length":163.134689331,"lossless":false,"md5_encoded":"a0141323fa70681af43adb619680f5e0","replay_gain":-9.13447952271,"sample_rate":44100},"tags":{"album":["Iron Fist"],"albumartist":["Motörhead"],"albumartistsort":["Motörhead"],"artist":["Motörhead"],"artistsort":["Motörhead"],"asin":["B000110PG2"],"composer":["\"Fast\" Eddie Clarke/\"Philthy Animal\" Taylor/Lemmy"],"date":["1982"],"discnumber":["1/1"],"file_name":"12. Motörhead - Bang to Rights.mp3","genre":["Heavy Metal"],"label":["Bronze Records Ltd."],"musicbrainz album release country":["GB"],"musicbrainz album status":["official"],"musicbrainz album type":["album"],"musicbrainz_albumartistid":["57961a97-3796-4bf7-9f02-a985a8979ae9"],"musicbrainz_albumid":["99c3b030-dd36-47e2-9b30-43816bb50c5d"],"musicbrainz_artistid":["57961a97-3796-4bf7-9f02-a985a8979ae9"],"musicbrainz_recordingid":["2adc59b7-2ca1-4243-a181-2610b1989227"],"musicip_puid":["1ce916fc-30bf-dfa8-d605-ec322d27a915"],"title":["Bang to Rights"],"tracknumber":["12/12"]},"version":{"essentia":"2.1-beta1","essentia_build_sha":"ca57ba49d9b1854bd80e60cf9ccf267278fb7d6b","essentia_git_sha":"v2.1_beta1-28-g21ef5f4-dirty","extractor":"music 1.0"}},"rhythm":{"beats_count":301,"beats_loudness":{"dmean":0.0138990087435,"dmean2":0.0244518369436,"dvar":0.000142881690408,"dvar2":0.000433880253695,"max":0.103759989142,"mean":0.0454225838184,"median":0.0456011556089,"min":0,"var":0.000372214562958},"beats_loudness_band_ratio":{"dmean":[0.144519090652,0.0690746828914,0.0684862136841,0.0707489997149,0.0406590923667,0.0681673288345],"dmean2":[0.254142343998,0.124921195209,0.12046623975,0.124438382685,0.0712110549212,0.116080418229],"dvar":[0.0117677226663,0.00664615398273,0.00505982711911,0.00490882527083,0.00112186407205,0.00429415609688],"dvar2":[0.0357746258378,0.01882