{"lowlevel":{"average_loudness":0.942232310772,"barkbands":{"dmean":[0.000147157436004,0.00413273042068,0.00262566935271,0.00159159186296,0.00377828418277,0.00115248665679,0.000571460986976,0.000528707401827,0.000413556204876,0.000568646122701,0.00024430709891,0.000276859616861,0.000208534693229,0.000449281797046,0.000471751875011,0.000281905202428,0.000236539024627,0.000172936794115,0.000196836190298,0.000146254111314,0.0000775786538725,0.000079222721979,0.0000411408873333,0.0000394201852032,0.0000446969243058,0.0000339655707648,0.00000388459784517],"dmean2":[0.000231426252867,0.00696243252605,0.00469385553151,0.00279028015211,0.00630628410727,0.00190799275879,0.000943723483942,0.00085666362429,0.000656749878544,0.000905872904696,0.000390769389924,0.000443829630967,0.000332783791237,0.000721142918337,0.000738961622119,0.000459622358903,0.000385980674764,0.000281158223515,0.000312639895128,0.000235929706832,0.000125757593196,0.000124205704196,0.0000644792089588,0.0000572235294385,0.0000607303663855,0.0000456024390587,0.00000541110466656],"dvar":[8.04204134397e-8,0.0000496438224218,0.00002073140422,0.00000643399789624,0.0000227016880672,0.00000225474536819,0.00000113794237677,0.00000116992737276,0.00000103900458726,0.00000294130768452,1.34844299282e-7,3.73296330736e-7,4.35500083995e-7,0.00000207775610761,5.90621311858e-7,3.00281897125e-7,1.45913915617e-7,2.05772224149e-7,2.28935959967e-7,1.54152232312e-7,2.08070218832e-8,2.7399847724e-8,1.22291572424e-8,2.26114487134e-8,3.9860630352e-8,4.32904485592e-8,4.32740593359e-10],"dvar2":[1.82447067232e-7,0.000130458560307,0.000061219870986,0.0000178919162863,0.0000617360201431,0.00000626928613201,0.00000288002297566,0.00000305620892505,0.00000221779623644,0.00000668378379487,3.16837969194e-7,9.04478099528e-7,9.9478120319e-7,0.00000513591703566,0.00000138102211622,6.79768902501e-7,3.62041561175e-7,5.02500597577e-7,5.31351417976e-7,3.86652430961e-7,5.06232211706e-8,6.69052653279e-8,2.81691701076e-8,4.27587885099e-8,6.63422667913e-8,9.20248481862e-8,8.0613193898e-10],"max":[0.0034939092584,0.0784134492278,0.059179469943,0.0418067127466,0.0636249408126,0.0302090607584,0.0283330492675,0.0293302126229,0.0397518314421,0.0541685335338,0.0164202023298,0.0142633309588,0.0315507948399,0.0629994720221,0.0277585107833,0.0415659807622,0.0117764696479,0.0158516950905,0.0144725488499,0.0168901719153,0.00661598332226,0.00459405966103,0.00443939073011,0.00697488104925,0.00873415265232,0.0128720961511,0.000887197733391],"mean":[0.000205491538509,0.00813266355544,0.00358632486314,0.002017355524,0.00709038740024,0.00253407191485,0.00102146284189,0.00100027199369,0.000774776679464,0.00103916355874,0.000471384002594,0.000510866870172,0.000382632453693,0.000810855824966,0.00111618754454,0.000641202845145,0.000550809025299,0.000387169828173,0.000463833421236,0.000311087438604,0.000210993748624,0.000216157655814,0.000104511309473,0.0000954190691118,0.000104625578388,0.0000699761949363,0.00000743076088838],"median":[0.0000822603033157,0.00603521289304,0.00240818224847,0.00122053176165,0.00559310894459,0.00195358227938,0.000592600787058,0.000579551036935,0.000351517344825,0.000420736469096,0.000322887965012,0.000270692486083,0.000199967791559,0.000379961187718,0.000792918144725,0.000473795749713,0.000370655092411,0.000202305207495,0.00022847414948,0.000192387611605,0.000128460873384,0.000115761715278,0.0000473047693959,0.0000272752004093,0.0000195887078007,0.00000783373252489,7.35286562303e-7],"min":[4.69178894954e-13,5.90466694636e-13,2.58985053455e-13,1.5146891174e-13,1.25835079119e-13,6.28390975322e-14,3.51729245501e-14,1.52166216368e-14,1.41380971261e-14,1.35756401441e-14,2.60206276759e-15,4.02792796133e-15,5.31941349557e-15,4.7277245595e-15,8.03313511088e-15,5.22396431736e-15,8.9288029959e-15,8.46216407493e-15,1.56233628346e-15,1.26641071202e-15,5.32042315884e-15,2.90964838283e-15,5.2665158645e-15,6.52855641591e-15,1.97834692286e-14,1.73935844026e-14,2.72942340387e-14],"var":[1.09544302518e-7,0.0000654586328892,0.0000182809308171,0.00000651850359645,0.0000359182849934,0.00000473843101645,0.00000229283295994,0.00000252658446698,0.00000329597810378,0.00000803109924163,3.7606088199e-7,7.93974834323e-7,9.36846959121e-7,0.00000434092407886,0.00000161999560078,6.96723702731e-7,4.72444554589e-7,5.35044307526e-7,7.9893044358e-7,2.93045275157e-7,1.05485348456e-7,1.19892916928e-7,5.0933927298e-8,9.48712468585e-8,1.6635564748e-7,1.19438084312e-7,1.27897481494e-9]},"barkbands_crest":{"dmean":2.30851411819,"dmean2":3.88463139534,"dvar":4.54656934738,"dvar2":12.3836956024,"max":26.9301757812,"mean":9.3415927887,"median":8.76743125916,"min":2.12649250031,"var":11.1898374557},"barkbands_flatness_db":{"dmean":0.0158511158079,"dmean2":0.0253424458206,"dvar":0.000228296965361,"dvar2":0.000553684832994,"max":0.664944469929,"mean":0.126284167171,"median":0.11090798676,"min":0.0236289482564,"var":0.00351899140514},"barkbands_kurtosis":{"dmean":3.97261738777,"dmean2":5.38382148743,"dvar":11878.8681641,"dvar2":18249.4746094,"max":17347.3339844,"mean":13.9184169769,"median":1.63650226593,"min":-1.83967161179,"var":134492.875},"barkbands_skewness":{"dmean":0.389151453972,"dmean2":0.619891941547,"dvar":0.771884441376,"dvar2":1.37678134441,"max":122.83807373,"mean":1.65263235569,"median":1.53276515007,"min":-1.2756909132,"var":10.3710680008},"barkbands_spread":{"dmean":4.45913171768,"dmean2":7.0239071846,"dvar":20.6701869965,"dvar2":45.0230255127,"max":104.044677734,"mean":24.262676239,"median":21.9442443848,"min":0.0280078109354,"var":168.545516968},"dissonance":{"dmean":0.0114211188629,"dmean2":0.0195102412254,"dvar":0.000110770626634,"dvar2":0.000309339695377,"max":0.500000119209,"mean":0.476751983166,"median":0.479791402817,"min":0.227482885122,"var":0.000232483303989},"dynamic_complexity":1.62158215046,"erbbands":{"dmean":[0.109689801931,1.0101224184,2.75735712051,4.1712808609,10.980348587,13.7462844849,10.0977468491,9.83739471436,8.65417480469,8.92043304443,12.2566595078,9.9640083313,19.8719863892,8.74879169464,8.11818790436,12.374171257,8.58738517761,19.867565155,26.3041667938,20.1157894135,13.1928329468,12.6317672729,9.95743370056,6.37631797791,11.7008552551,6.5752158165,3.24114847183,3.20878148079,3.1218225956,1.91088593006,1.09743010998,0.789478123188,0.725871801376,0.513743519783,0.330053448677,0.181345611811,0.0588809140027,0.00895941071212,0.000674057751894,0.0000333852440235],"dmean2":[0.183029592037,1.72031354904,4.91651105881,7.37066268921,18.4846153259,23.0221424103,16.9885482788,16.2137622833,14.1474103928,14.9063673019,19.6311225891,15.8511838913,31.5244350433,14.023317337,12.9821748734,19.7971611023,13.6718931198,31.6539020538,40.6635894775,32.6358718872,21.4727058411,20.4069824219,16.0758914948,10.3088331223,18.462469101,10.5665721893,5.27139568329,5.1797170639,4.94828224182,2.97086262703,1.72170472145,1.19318330288,1.05642926693,0.740172147751,0.451075255871,0.245458051562,0.0813009440899,0.0123818321154,0.000902981148101,0.0000473893014714],"dvar":[0.0430022999644,2.90155935287,21.3573150635,53.6989402771,214.366424561,306.055114746,163.136199951,201.54524231,213.80456543,385.381866455,631.183227539,741.272460938,3381.01025391,328.361572266,151.497879028,742.99822998,567.004089355,4288.55322266,2415.44189453,1279.24230957,403.723144531,449.861083984,681.040649414,211.20904541,968.972473145,232.8853302,35.3387107849,41.8098182678,43.6056251526,17.4114990234,10.6308507919,8.63259410858,8.08959770203,5.82113552094,2.19194102287,1.25133395195,0.120641827583,0.00391740398481,0.0000126113754959,1.29929222936e-8],"dvar2":[0.113660104573,7.78044986725,62.4224319458,153.984603882,563.365356445,835.389404297,449.636413574,542.283752441,555.502929688,1002.27575684,1642.90795898,1611.91418457,7744.32958984,705.535583496,350.318511963,1790.34838867,1297.55102539,10558.5224609,5765.37744141,3015.73168945,1019.77996826,1094.99731445,1635.25244141,510.104675293,2222.67529297,574.36138916,89.5589523315,102.458396912,106.974319458,40.0648078918,24.6511440277,17.5155792236,16.175786972,11.6662540436,3.62567090988,2.6914396286,0.249849677086,0.00833077356219,0.0000224471114052,2.20194351641e-8],"max":[2.40280342102,18.4116516113,56.2940826416,110.666145325,188.411560059,260.227661133,284.285125732,367.948577881,378.709777832,609.125976562,750.893371582,1151.38500977,1824.49255371,827.702575684,461.077026367,661.421508789,1224.87683105,2957.94628906,1642.50830078,2200.13476562,923.523742676,667.883239746,943.112731934,672.769592285,963.151306152,825.426147461,262.288330078,226.116638184,197.779067993,159.487243652,155.107879639,172.384033203,134.76524353,118.017044067,64.8875350952,74.5362472534,19.6650352478,5.24464845657,0.167173162103,0.00495501933619],"mean":[0.213799089193,1.89014482498,4.10231494904,6.07483005524,16.3148117065,25.2194976807,19.8988304138,20.63256073,16.957025528,15.6613578796,23.3280544281,19.0752983093,37.2400627136,19.0033149719,17.3983840942,23.358379364,18.3679065704,37.7327232361,57.9907646179,47.1331748962,34.5753746033,31.6243038177,23.8077087402,17.010641098,26.3608188629,15.1733188629,8.79409217834,8.57637500763,8.18747234344,4.94815444946,2.75003933907,1.93169474602,1.65680539608,1.16322588921,0.741343915462,0.376750677824,0.115732178092,0.0169180631638,0.00134868035093,0.0000948545275605],"median":[0.149983674288,1.3399887085,3.02853894234,3.97147369385,11.2168464661,18.6858787537,15.1817512512,14.2496547699,10.941324234,7.9743938446,13.4046020508,9.84669780731,15.0910367966,11.6800632477,12.3750209808,12.6192684174,10.7341117859,19.3069114685,36.8155937195,35.1413726807,26.5515823364,21.1127643585,12.5876064301,10.2718639374,11.8860549927,9.56967353821,5.79355335236,4.90284061432,4.23995494843,2.58120393753,1.22076058388,0.684392809868,0.403853923082,0.240907013416,0.118676587939,0.0471705831587,0.011616660282,0.00150576303713,0.000153433793457,0.0000503329756611],"min":[2.34305960051e-11,1.11765360855e-10,2.86480700273e-10,4.47629378009e-10,4.74480787993e-10,3.86487369886e-10,3.9265501961e-10,5.51809709037e-10,5.68749991547e-10,3.88653109695e-10,3.42174483192e-10,3.20465209924e-10,3.98963195813e-10,3.03122360545e-10,1.36792591143e-10,1.48292572666e-10,2.35520408731e-10,2.66471289478e-10,3.60389135201e-10,2.91268981156e-10,4.02724048554e-10,4.6645365348e-10,5.36341027146e-10,1.59498150798e-10,7.18481038553e-11,7.15083825487e-11,1.4779200086e-10,2.22165563724e-10,1.01406140429e-10,1.14768881898e-10,1.73837555462e-10,1.82434581331e-10,8.96586138666e-11,2.39254199785e-10,1.36287092722e-10,3.2260048799e-11,3.69802556632e-11,1.63255971242e-11,4.22416658943e-12,4.27776141333e-13],"var":[0.0544906929135,3.70478916168,19.0972385406,50.6488685608,294.89074707,549.359924316,323.632568359,466.063354492,410.357879639,706.048522949,1440.3112793,1852.30664062,9319.41894531,1106.18200684,426.222015381,1580.42724609,1269.34313965,7856.20166016,5782.00146484,2961.70825195,1255.09521484,1556.27868652,1917.32775879,794.155822754,3025.29052734,579.498962402,170.482040405,190.32913208,180.913818359,75.8688049316,40.9833908081,35.0535087585,30.2800788879,20.615032196,8.8397064209,3.21143436432,0.343578755856,0.00986087042838,0.0000407372644986,4.71743177854e-8]},"erbbands_crest":{"dmean":1.87886059284,"dmean2":3.03212881088,"dvar":3.57065796852,"dvar2":9.03784561157,"max":28.832201004,"mean":6.97095108032,"median":6.07560253143,"min":1.97304308414,"var":10.4388971329},"erbbands_flatness_db":{"dmean":0.0115135405213,"dmean2":0.0172071810812,"dvar":0.000126714308863,"dvar2":0.000266658025794,"max":0.394269376993,"mean":0.146451637149,"median":0.135628014803,"min":0.0227519851178,"var":0.00269360630773},"erbbands_kurtosis":{"dmean":0.393695622683,"dmean2":0.635224580765,"dvar":0.24901022017,"dvar2":0.627947151661,"max":13.0004005432,"mean":-0.520865142345,"median":-0.736394047737,"min":-1.75419414043,"var":0.722442448139},"erbbands_skewness":{"dmean":0.234744414687,"dmean2":0.372918635607,"dvar":0.0389221645892,"dvar2":0.0965907275677,"max":2.79660701752,"mean":-0.0616679042578,"median":-0.0768575966358,"min":-2.13509917259,"var":0.223129078746},"erbbands_spread":{"dmean":6.04556941986,"dmean2":9.53351402283,"dvar":30.3461666107,"dvar2":73.9683609009,"max":147.339813232,"mean":42.9215393066,"median":42.2070083618,"min":3.46776819229,"var":177.748840332},"gfcc":{"cov":[[15915.0898438,-898.787109375,-302.546386719,541.641601562,-940.530883789,703.045776367,-581.999084473,299.086090088,-464.566314697,168.503295898,-295.378601074,197.750488281,-245.535186768],[-898.787109375,2371.98632812,-717.324584961,-42.1448173523,571.006713867,-571.513671875,281.137756348,-304.651916504,274.143615723,-145.675094604,172.798034668,-205.688781738,205.477005005],[-302.546386719,-717.324584961,769.916992188,17.687412262,-21.6696567535,216.124938965,-86.776802063,100.664970398,-79.3427810669,96.3337860107,-46.753452301,113.340896606,-46.7174339294],[541.641601562,-42.1448173523,17.687412262,221.893508911,-42.152671814,86.5436706543,-3.43952393532,-5.62463617325,5.64823770523,-7.50431537628,6.95506381989,18.8633975983,10.4107580185],[-940.530883789,571.006713867,-21.6696567535,-42.152671814,352.302429199,-153.225601196,93.4376449585,-62.8140869141,75.1344223022,-10.6465787888,66.7560577393,-48.5356674194,69.4357910156],[703.045776367,-571.513671875,216.124938965,86.5436706543,-153.225601196,269.009124756,-55.3606338501,101.209533691,-83.021697998,33.9550361633,-39.6705207825,65.205039978,-49.6934051514],[-581.999084473,281.137756348,-86.776802063,-3.43952393532,93.4376449585,-55.3606338501,135.652893066,-20.9785022736,58.05078125,-30.4182910919,25.6213970184,-24.8608436584,28.8169994354],[299.086090088,-304.651916504,100.664970398,-5.62463617325,-62.8140869141,101.209533691,-20.9785022736,123.360038757,-34.4428253174,30.3146781921,-20.9652042389,24.2942047119,-31.0039844513],[-464.566314697,274.143615723,-79.3427810669,5.64823770523,75.1344223022,-83.021697998,58.05078125,-34.4428253174,108.034980774,-1.17928910255,25.1548995972,-28.2607936859,29.7082920074],[168.503295898,-145.675094604,96.3337860107,-7.50431537628,-10.6465787888,33.9550361633,-30.4182910919,30.3146781921,-1.17928910255,73.5645599365,5.10391664505,28.1519432068,-14.3740110397],[-295.378601074,172.798034668,-46.753452301,6.95506381989,66.7560577393,-39.6705207825,25.6213970184,-20.9652042389,25.1548995972,5.10391664505,70.6253890991,0.430375158787,25.2905750275],[197.750488281,-205.688781738,113.340896606,18.8633975983,-48.5356674194,65.205039978,-24.8608436584,24.2942047119,-28.2607936859,28.1519432068,0.430375158787,75.5943832397,2.21539998055],[-245.535186768,205.477005005,-46.7174339294,10.4107580185,69.4357910156,-49.6934051514,28.8169994354,-31.0039844513,29.7082920074,-14.3740110397,25.2905750275,2.21539998055,64.8439025879]],"icov":[[0.000157732880325,-0.000327447080053,0.000230255755014,-0.00035088401637,0.000176103305421,-0.000295267615002,0.000517953827512,-0.000354994961526,0.000539077678695,-0.000599134713411,0.00073600379983,-0.000500117137562,0.000392571033444],[-0.000327447080053,0.00257911742665,0.000204346404644,0.00031160141225,-0.00170210038777,0.00191422156058,-0.00187560881022,0.00192074850202,-0.00176593742799,0.00174981879536,-0.00235042534769,0.00227913958952,-0.00223808432929],[0.000230255755014,0.000204346404644,0.00313806021586,-0.000463326403406,-0.00197404180653,-0.00155798112974,0.00129136815667,-0.000140005417052,0.000381060119253,-0.00190948683303,0.00261110439897,-0.00328999897465,0.00133476697374],[-0.00035088401637,0.00031160141225,-0.000463326403406,0.00738960597664,0.000248913827818,-0.00386842945591,-0.000225008145208,0.00265565374866,-0.00363286701031,0.00276470393874,-0.0028804927133,0.000882448686752,-0.00232707569376],[0.000176103305421,-0.00170210038777,-0.00197404180653,0.000248913827818,0.00775840040296,0.000954462448135,-0.00170869287103,-0.000845982809551,0.00191092595924,-0.00264845555648,-0.00216598669067,0.00348508404568,-0.00336010335013],[-0.000295267615002,0.00191422156058,-0.00155798112974,-0.00386842945591,0.000954462448135,0.0131460456178,-0.0032360162586,-0.00368901505135,0.00301671703346,0.000746550853364,-0.00125136016868,-0.000475779845146,0.000329227506882],[0.000517953827512,-0.00187560881022,0.00129136815667,-0.000225008145208,-0.00170869287103,-0.0032360162586,0.0148843983188,-0.00316145410761,-0.00437477929518,0.00390096800402,0.00149070168845,-0.00390361342579,0.00251563847996],[-0.000354994961526,0.00192074850202,-0.000140005417052,0.00265565374866,-0.000845982809551,-0.00368901505135,-0.00316145410761,0.015245705843,-0.00111723854207,-0.00206160917878,-0.00135958939791,0.00277986028232,-0.000694505986758],[0.000539077678695,-0.00176593742799,0.000381060119253,-0.00363286701031,0.00191092595924,0.00301671703346,-0.00437477929518,-0.00111723854207,0.0201361142099,-0.00942134205252,0.00263176998124,0.0027528621722,-0.002263761824],[-0.000599134713411,0.00174981879536,-0.00190948683303,0.00276470393874,-0.00264845555648,0.000746550853364,0.00390096800402,-0.00206160917878,-0.00942134205252,0.026151265949,-0.00745398923755,-0.00524075096473,0.00425537955016],[0.00073600379983,-0.00235042534769,0.00261110439897,-0.0028804927133,-0.00216598669067,-0.00125136016868,0.00149070168845,-0.00135958939791,0.00263176998124,-0.00745398923755,0.0249425452203,-0.00729165412486,0.000289330579108],[-0.000500117137562,0.00227913958952,-0.00328999897465,0.000882448686752,0.00348508404568,-0.000475779845146,-0.00390361342579,0.00277986028232,0.0027528621722,-0.00524075096473,-0.00729165412486,0.0293320566416,-0.0132415760309],[0.000392571033444,-0.00223808432929,0.00133476697374,-0.00232707569376,-0.00336010335013,0.000329227506882,0.00251563847996,-0.000694505986758,-0.002263761824,0.00425537955016,0.000289330579108,-0.0132415760309,0.0300557482988]],"mean":[13.7030153275,109.749916077,-120.462120056,39.6778869629,-40.421672821,5.67343473434,-36.4279327393,1.19807314873,-18.9967250824,3.17361688614,-19.2016334534,-1.07639622688,-3.98059415817]},"hfc":{"dmean":4.49245882034,"dmean2":6.71011066437,"dvar":57.3680000305,"dvar2":110.164627075,"max":320.250335693,"mean":23.7972660065,"median":18.505065918,"min":1.43947476161e-9,"var":475.058044434},"melbands":{"dmean":[0.00106296839658,0.00132304267026,0.000825856754091,0.000952173140831,0.000365306710592,0.000217170629185,0.000127326769871,0.0000959576791502,0.0000977710733423,0.0000642928789603,0.000101201461803,0.000038409307308,0.0000333210409735,0.0000264750833594,0.0000268722287728,0.0000231139765674,0.0000427134073107,0.0000455321351183,0.0000295407644444,0.0000248755586654,0.0000159072878887,0.0000158974798978,0.0000110936916826,0.00000790820286056,0.00000561306615054,0.00000852841731103,0.00000825614461064,0.00000400212366003,0.00000226181373364,0.00000207026482713,0.00000201295938496,0.00000204511115953,0.00000154675547037,0.00000100299553196,7.07925607912e-7,5.57927307909e-7,5.2505140502e-7,5.66165169857e-7,4.43171529696e-7,4.79414154597e-7],"dmean2":[0.00178700545803,0.00228872476146,0.00142540060915,0.00160299590789,0.000614245596807,0.000357656739652,0.000207792516449,0.000160087394761,0.000156716923811,0.000101927740616,0.000160814481205,0.0000613147203694,0.0000532946651219,0.0000426369078923,0.0000424281170126,0.0000367774082406,0.0000683169419062,0.0000706583450665,0.0000472955543955,0.0000403109152103,0.0000261490386038,0.0000258696891251,0.000017864333131,0.0000129887121147,0.00000922995604924,0.0000135636810228,0.0000131299702844,0.00000655222038404,0.00000373585248781,0.00000340006386068,0.00000330143961946,0.00000330080774802,0.00000246825720751,0.00000158614125212,0.00000113176417926,8.86687985258e-7,8.00051850547e-7,8.57340921812e-7,6.49147125387e-7,7.04092087744e-7],"dvar":[0.00000362081891581,0.00000450048037237,0.00000149028846863,0.00000154997485424,1.91564907936e-7,9.02966874605e-8,4.7055937813e-8,4.34215117195e-8,3.88634262549e-8,3.14623704867e-8,8.96595508948e-8,8.03024491347e-9,2.31255703476e-9,3.24664806151e-9,4.17979029166e-9,5.80824544016e-9,2.15916262647e-8,8.81058870306e-9,2.27614105341e-9,2.56476506699e-9,5.42318912e-10,7.27586824123e-10,7.41925798575e-10,4.82505424504e-10,1.65738492375e-10,4.63083321689e-10,6.04213401534e-10,7.47429687586e-11,1.83825923233e-11,1.47218574137e-11,1.85577404138e-11,1.94567764678e-11,1.11712713732e-11,5.28464338262e-12,4.14348546793e-12,3.73555873734e-12,4.10641355988e-12,4.6509046614e-12,3.9072885552e-12,5.73745218002e-12],"dvar2":[0.00000951076708589,0.0000126236864162,0.00000413608677263,0.00000425585449193,5.27355723534e-7,2.46032868745e-7,1.20979379403e-7,1.13867159257e-7,1.00134876391e-7,6.68044322083e-8,2.0532581857e-7,1.69080411894e-8,5.50991607895e-9,7.74305863871e-9,9.81825998281e-9,1.2952039441e-8,5.34380575345e-8,2.11366675273e-8,5.37978639414e-9,5.68316904648e-9,1.42877099041e-9,1.7654420148e-9,1.75603509511e-9,1.23568999477e-9,4.10585787591e-10,1.09041253804e-9,1.47614920287e-9,1.87193607837e-10,4.82436972316e-11,3.6889168803e-11,4.77875829186e-11,5.0233490978e-11,2.78540853577e-11,1.26334394335e-11,1.00623962287e-11,8.69370461037e-12,8.51979944927e-12,9.82742880129e-12,8.38544598342e-12,1.18483547626e-11],"max":[0.0209671184421,0.0256992373616,0.0192916244268,0.014988027513,0.00907947681844,0.00725970603526,0.00602171011269,0.00564062967896,0.00613608909771,0.00687011936679,0.00946960225701,0.00367940287106,0.00152538530529,0.00200687069446,0.0018623661017,0.00373724941164,0.00685021840036,0.00365463481285,0.00168458663393,0.00387401669286,0.000985673628747,0.000831606506836,0.000965530110989,0.000787451106589,0.000563069421332,0.000860219472088,0.000964442093391,0.00041974557098,0.000191863582586,0.000138074610732,0.00012850514031,0.00013787507487,0.000129269828903,0.000081673526438,0.0000943680570344,0.0000924293490243,0.000107352359919,0.0000829327618703,0.0000980749537121,0.000119845128211],"mean":[0.00213396735489,0.00234639225528,0.00129339809064,0.0016111289151,0.000766915094573,0.000467608158942,0.000248826865572,0.00017016819038,0.000181226903806,0.000118679476145,0.000186915422091,0.0000772090570536,0.0000650106012472,0.0000499575908179,0.0000509532655997,0.000042133473471,0.0000746748337406,0.0000938924858929,0.0000699968659319,0.0000545191796846,0.0000372498361685,0.0000352985516656,0.0000239961282205,0.0000169459690369,0.0000128345818666,0.0000185009794222,0.0000166620411619,0.00000852048015076,0.00000537486721441,0.00000499665429743,0.00000488649129693,0.00000487962006446,0.00000370553266293,0.00000233218065659,0.00000160366141699,0.00000128452541048,0.00000115073169127,0.00000122172139072,9.71005533756e-7,9.95519371827e-7],"median":[0.00156882498413,0.00184641033411,0.000936423544772,0.00119883066509,0.000623959407676,0.000340178667102,0.000158974449732,0.0000875470286701,0.000102448801044,0.000055039068684,0.0000732630578568,0.0000431944499724,0.0000446273406851,0.000028053229471,0.0000274082012766,0.000021679821657,0.0000338028621627,0.0000549899923499,0.0000526345393155,0.0000397684052587,0.0000281864722638,0.00002270119694,0.0000132852674142,0.00000918131991057,0.00000763789103075,0.00000859082956595,0.00000797988741397,0.00000546619685338,0.00000344702357324,0.0000030365620205,0.00000266400047622,0.00000248470769293,0.00000191184153664,0.00000113589715056,7.04374201632e-7,4.96554150686e-7,3.60609192285e-7,2.79761081856e-7,2.31754043512e-7,1.84197205044e-7],"min":[2.09159499074e-13,1.52212538906e-13,7.98152031121e-14,3.10552500599e-14,1.41631286438e-14,1.23751979462e-14,8.35761310419e-15,3.93842707199e-15,2.74205359685e-15,1.96409195128e-15,2.02052234502e-15,1.33201987241e-15,3.71546052464e-16,5.30081106386e-16,3.16123045599e-16,5.8535530015e-16,4.73589779216e-16,5.11786306456e-16,6.1724662001e-16,2.30060765919e-16,5.67083581868e-16,4.69228618329e-16,5.6676266226e-16,3.58600742052e-16,1.04858218712e-16,4.61515893653e-17,6.20681259202e-17,3.416447174e-17,7.57847326226e-17,1.19155406943e-16,1.24760898934e-16,3.90119751227e-17,8.05657505363e-17,5.79996877082e-17,9.94458965549e-17,8.67186905094e-17,1.24905238642e-16,5.90423587965e-17,8.07363615008e-17,2.41649367778e-16],"var":[0.0000047264152272,0.00000474975968245,0.000001625911068,0.00000223584356718,3.87544389469e-7,2.02256686066e-7,9.37741901907e-8,8.0121026258e-8,9.07107491344e-8,8.60817692683e-8,2.4717186875e-7,2.43287310298e-8,6.03029270962e-9,6.89435131207e-9,8.41482172831e-9,1.29339703392e-8,4.02722761805e-8,1.98644247718e-8,6.42801545325e-9,5.48887912899e-9,1.51019940997e-9,2.23229434937e-9,1.82969606133e-9,1.04390962541e-9,5.17583864657e-10,1.53304791084e-9,1.19461107673e-9,1.80714207487e-10,7.27535046097e-11,5.77662258305e-11,6.89012596977e-11,6.75947423034e-11,3.84154826005e-11,1.98219773928e-11,1.34853708061e-11,1.32155657945e-11,1.46391700845e-11,1.65874397551e-11,1.17948055836e-11,1.77087493974e-11]},"melbands_crest":{"dmean":2.7924888134,"dmean2":4.70961284637,"dvar":6.01292943954,"dvar2":16.6444511414,"max":39.9859542847,"mean":12.7720651627,"median":12.1573438644,"min":3.18504524231,"var":16.2304477692},"melbands_flatness_db":{"dmean":0.0200475882739,"dmean2":0.0320264175534,"dvar":0.000355261989171,"dvar2":0.000846373906825,"max":0.646076500416,"mean":0.20189730823,"median":0.186763003469,"min":0.0438627116382,"var":0.00497090350837},"melbands_kurtosis":{"dmean":8.96289825439,"dmean2":13.8474245071,"dvar":41858.1523438,"dvar2":105289.796875,"max":25007.0195312,"mean":24.4178142548,"median":9.20910263062,"min":-1.64814913273,"var":207024.609375},"melbands_skewness":{"dmean":0.563921749592,"dmean2":0.904844939709,"dvar":1.31075191498,"dvar2":2.84467315674,"max":147.676620483,"mean":2.91458749771,"median":2.77174901962,"min":-0.660930037498,"var":11.5838689804},"melbands_spread":{"dmean":5.16958236694,"dmean2":8.29365062714,"dvar":27.4319057465,"dvar2":66.9578323364,"max":104.789871216,"mean":22.0473442078,"median":19.2983493805,"min":0.0271181426942,"var":161.311187744},"mfcc":{"cov":[[7516.55322266,-798.889709473,653.58581543,38.7557296753,-97.2419586182,254.161590576,-2.31930994987,208.223129272,-65.2430419922,31.1559677124,-22.00091362,-169.79888916,8.65979671478],[-798.889709473,1947.85449219,-590.982055664,352.609558105,183.322143555,-51.9839935303,11.5758161545,-126.246536255,70.8308105469,-2.94767403603,-3.70131421089,54.5015449524,0.483333855867],[653.58581543,-590.982055664,530.268493652,-85.9440155029,21.0026187897,77.6520004272,1.45338487625,44.8079490662,-21.1341381073,-3.43528485298,-15.8631772995,-13.367275238,28.5550708771],[38.7557296753,352.609558105,-85.9440155029,199.783660889,50.0039291382,42.7465019226,-6.84613275528,-9.67564582825,18.5504016876,5.25451374054,-4.96092557907,3.53281664848,17.1286048889],[-97.2419586182,183.322143555,21.0026187897,50.0039291382,173.725326538,5.25324440002,32.1980552673,-30.8848152161,4.74768352509,3.54514312744,-2.15750169754,6.75829219818,10.0542974472],[254.161590576,-51.9839935303,77.6520004272,42.7465019226,5.25324440002,113.811729431,7.48898649216,27.618013382,0.0732354745269,-1.47103476524,-5.77400922775,-1.94217073917,12.8413076401],[-2.31930994987,11.5758161545,1.45338487625,-6.84613275528,32.1980552673,7.48898649216,86.786491394,26.6129894257,-2.47489237785,3.87249517441,3.36145830154,-1.8615654707,2.14424395561],[208.223129272,-126.246536255,44.8079490662,-9.67564582825,-30.8848152161,27.618013382,26.6129894257,83.1595230103,11.8595218658,8.77427768707,0.460250288248,-8.99709796906,-1.92126393318],[-65.2430419922,70.8308105469,-21.1341381073,18.5504016876,4.74768352509,0.0732354745269,-2.47489237785,11.8595218658,58.6691894531,17.9006767273,4.26704025269,2.4387216568,0.640667259693],[31.1559677124,-2.94767403603,-3.43528485298,5.25451374054,3.54514312744,-1.47103476524,3.87249517441,8.77427768707,17.9006767273,53.9408798218,19.1698589325,-1.71060431004,-2.40120959282],[-22.00091362,-3.70131421089,-15.8631772995,-4.96092557907,-2.15750169754,-5.77400922775,3.36145830154,0.460250288248,4.26704025269,19.1698589325,50.3555107117,14.9703712463,0.861564397812],[-169.79888916,54.5015449524,-13.367275238,3.53281664848,6.75829219818,-1.94217073917,-1.8615654707,-8.99709796906,2.4387216568,-1.71060431004,14.9703712463,49.7317466736,17.4441890717],[8.65979671478,0.483333855867,28.5550708771,17.1286048889,10.0542974472,12.8413076401,2.14424395561,-1.92126393318,0.640667259693,-2.40120959282,0.861564397812,17.4441890717,50.9196929932]],"icov":[[0.000178705362487,-0.0000300116353174,-0.000196183391381,-0.0000921218233998,0.0000830808930914,-0.000169984108652,0.000118785064842,-0.00031490623951,0.000271309312666,-0.0000862546949065,-0.000181736817467,0.000595708435867,-0.00008800777141],[-0.0000300116353174,0.00137721514329,0.00110068102367,-0.00171363935806,-0.000773254607338,0.000341469974956,-0.000537053099833,0.00113759946544,-0.00106079760008,0.000371399801224,0.000588367751334,-0.00118085124996,0.000508777273353],[-0.000196183391381,0.00110068102367,0.00396505370736,0.000882564636413,-0.00205746828578,-0.00173159735277,0.000868418428581,-0.000412163150031,-0.000149564191815,-0.0000263904894382,0.00119158020243,-0.000511307909619,-0.00155105011072],[-0.0000921218233998,-0.00171363935806,0.000882564636413,0.0100937671959,-0.00173127243761,-0.00429695798084,0.0026308784727,-0.00146005419083,-0.000099372191471,-0.00105575798079,0.000231852362049,0.00206195632927,-0.00335762579925],[0.0000830808930914,-0.000773254607338,-0.00205746828578,-0.00173127243761,0.00907980743796,0.000289032730507,-0.00478007644415,0.00453397072852,-0.000778680667281,-0.000860204454511,0.000257044943282,-0.0000221538684855,0.00020848539134],[-0.000169984108652,0.000341469974956,-0.00173159735277,-0.00429695798084,0.000289032730507,0.0129242008552,-0.000770387239754,-0.00285068713129,0.000377295480575,0.000903727894183,0.000530841003638,-0.00115730799735,-0.000523994734976],[0.000118785064842,-0.000537053099833,0.000868418428581,0.0026308784727,-0.00478007644415,-0.000770387239754,0.0164253283292,-0.00831750594079,0.0032111464534,-0.000457473623101,-0.00132437585853,0.0016476084711,-0.00185847503599],[-0.00031490623951,0.00113759946544,-0.000412163150031,-0.00146005419083,0.00453397072852,-0.00285068713129,-0.00831750594079,0.0208770036697,-0.00610788818449,-0.00101218570489,0.000840170716401,-0.000215889129322,0.00181551917922],[0.000271309312666,-0.00106079760008,-0.000149564191815,-0.000099372191471,-0.000778680667281,0.000377295480575,0.0032111464534,-0.00610788818449,0.0221385620534,-0.00700713647529,0.000652627611998,-0.0000396763134631,-0.000832276884466],[-0.0000862546949065,0.000371399801224,-0.0000263904894382,-0.00105575798079,-0.000860204454511,0.000903727894183,-0.000457473623101,-0.00101218570489,-0.00700713647529,0.0249702483416,-0.00991755072027,0.00329239340499,0.000609669077676],[-0.000181736817467,0.000588367751334,0.00119158020243,0.000231852362049,0.000257044943282,0.000530841003638,-0.00132437585853,0.000840170716401,0.000652627611998,-0.00991755072027,0.0270279701799,-0.0099656842649,0.00166281522252],[0.000595708435867,-0.00118085124996,-0.000511307909619,0.00206195632927,-0.0000221538684855,-0.00115730799735,0.0016476084711,-0.000215889129322,-0.0000396763134631,0.00329239340499,-0.0099656842649,0.029813978821,-0.0101676378399],[-0.00008800777141,0.000508777273353,-0.00155105011072,-0.00335762579925,0.00020848539134,-0.000523994734976,-0.00185847503599,0.00181551917922,-0.000832276884466,0.000609669077676,0.00166281522252,-0.0101676378399,0.0253802482039]],"mean":[-620.696228027,135.034194946,-12.8128061295,35.4799346924,12.1461849213,11.1588935852,-4.22901248932,-1.68859505653,4.06839847565,1.65310251713,-3.55273389816,-6.8598856926,-0.486254841089]},"pitch_salience":{"dmean":0.0618565306067,"dmean2":0.103974223137,"dvar":0.00287883891724,"dvar2":0.00808802433312,"max":0.858160436153,"mean":0.599595844746,"median":0.610026717186,"min":0.00310210022144,"var":0.00880616344512},"silence_rate_20dB":{"dmean":0,"dmean2":0,"dvar":0,"dvar2":0,"max":1,"mean":1,"median":1,"min":1,"var":0},"silence_rate_30dB":{"dmean":0.000454055290902,"dmean2":0.000908162095584,"dvar":0.000453834218206,"dvar2":0.00136135879438,"max":1,"mean":0.999772965908,"median":1,"min":0,"var":0.000226937467232},"silence_rate_60dB":{"dmean":0.00261081778444,"dmean2":0.00522193219513,"dvar":0.00260400027037,"dvar2":0.00598927307874,"max":1,"mean":0.0247446075082,"median":0,"min":0,"var":0.0241303239018},"spectral_centroid":{"dmean":206.252380371,"dmean2":332.251617432,"dvar":41070.1445312,"dvar2":94944.9453125,"max":10857.8183594,"mean":1310.19128418,"median":1240.35717773,"min":227.937698364,"var":285622.40625},"spectral_complexity":{"dmean":3.25727915764,"dmean2":5.3411283493,"dvar":7.79649353027,"dvar2":19.9363594055,"max":62,"mean":26.2661743164,"median":26,"min":0,"var":81.2867507935},"spectral_contrast_coeffs":{"dmean":[0.0498329997063,0.0446944758296,0.0351434648037,0.0270200055093,0.0186919383705,0.0154956933111],"dmean2":[0.0842650011182,0.0756175369024,0.0586100518703,0.0447913706303,0.0311251971871,0.0246173515916],"dvar":[0.00158222578466,0.00125344318803,0.00076109362999,0.000437584501924,0.000225414929446,0.000188694524695],"dvar2":[0.00446956465021,0.00352655234747,0.00207750382833,0.00120551534928,0.000603482010774,0.000424604833825],"max":[-0.360410988331,-0.476899474859,-0.50820851326,-0.590950548649,-0.620042264462,-0.573435902596],"mean":[-0.645971953869,-0.735914826393,-0.786283791065,-0.782979846001,-0.798410892487,-0.732640326023],"median":[-0.648218989372,-0.73751270771,-0.791462242603,-0.785495460033,-0.803472995758,-0.732116281986],"min":[-0.981700956821,-0.986383318901,-0.973719716072,-0.975983262062,-0.964808881283,-0.956956624985],"var":[0.00518013210967,0.00377721758559,0.00273502664641,0.00171924161259,0.00135185103863,0.00202934467234]},"spectral_contrast_valleys":{"dmean":[0.351282149553,0.310741633177,0.259120225906,0.197145447135,0.167535349727,0.216994017363],"dmean2":[0.592264473438,0.526794075966,0.435011535883,0.329506635666,0.272067815065,0.315698355436],"dvar":[0.0916026756167,0.0712252631783,0.0539021752775,0.0338397808373,0.033901527524,0.0685324072838],"dvar2":[0.235207751393,0.178841143847,0.126126259565,0.0730328187346,0.0646421536803,0.136559382081],"max":[-4.8902463913,-4.83543872833,-5.18290710449,-5.2539305687,-4.92154788971,-7.28454113007],"mean":[-6.66498231888,-6.51689910889,-7.09805393219,-7.10308694839,-7.19935846329,-10.4273414612],"median":[-6.41790390015,-6.35007476807,-6.9205493927,-6.91625976562,-6.9344625473,-9.95250701904],"min":[-26.838136673,-27.6682224274,-27.8460922241,-27.2280082703,-27.2202453613,-27.3097267151],"var":[1.68384456635,1.46666669846,1.40693581104,1.40718233585,1.4791892767,2.55332136154]},"spectral_decrease":{"dmean":2.36682140553e-9,"dmean2":3.90991905519e-9,"dvar":9.11073683868e-18,"dvar2":2.30285924482e-17,"max":-4.61999552361e-19,"mean":-8.39872082992e-9,"median":-7.70925723259e-9,"min":-4.4580971803e-8,"var":1.71092317365e-17},"spectral_energy":{"dmean":0.0091658346355,"dmean2":0.0151127818972,"dvar":0.000134306363179,"dvar2":0.000339062826242,"max":0.17304970324,"mean":0.03385720402,"median":0.0311293136328,"min":1.87425921137e-12,"var":0.000270675285719},"spectral_energyband_high":{"dmean":0.000274934980553,"dmean2":0.000390976987546,"dvar":4.57305191048e-7,"dvar2":8.12942346329e-7,"max":0.0297455210239,"mean":0.000930499925744,"median":0.000497708329931,"min":8.3949374416e-14,"var":0.00000296867187899},"spectral_energyband_low":{"dmean":0.00595374824479,"dmean2":0.00996804609895,"dvar":0.0000885866465978,"dvar2":0.000228972581681,"max":0.103692367673,"mean":0.0129361776635,"median":0.0103458222002,"min":1.16937405939e-12,"var":0.000118926749565},"spectral_energyband_middle_high":{"dmean":0.0014290031977,"dmean2":0.00216587865725,"dvar":0.00000611246377957,"dvar2":0.000013614459931,"max":0.0774957388639,"mean":0.00636828877032,"median":0.00465385243297,"min":6.15569268193e-14,"var":0.0000390602654079},"spectral_energyband_middle_low":{"dmean":0.00540746981278,"dmean2":0.00901021622121,"dvar":0.0000403291305702,"dvar2":0.000108195454231,"max":0.096165984869,"mean":0.0149792656302,"median":0.0132616758347,"min":4.08819245817e-13,"var":0.0000783659415902},"spectral_entropy":{"dmean":0.100633725524,"dmean2":0.157001078129,"dvar":0.00871938467026,"dvar2":0.0197198372334,"max":9.79298973083,"mean":7.68471717834,"median":7.74475288391,"min":5.30660009384,"var":0.139854803681},"spectral_flux":{"dmean":0.0203113183379,"dmean2":0.0318075940013,"dvar":0.000513243954629,"dvar2":0.00103973248042,"max":0.299461305141,"mean":0.0894645452499,"median":0.0841371715069,"min":0.0000104628261397,"var":0.00157730921637},"spectral_kurtosis":{"dmean":1.77648758888,"dmean2":3.0595498085,"dvar":9.62906265259,"dvar2":28.9464759827,"max":109.269309998,"mean":4.72582483292,"median":3.6965982914,"min":-1.16086578369,"var":15.9875001907},"spectral_rms":{"dmean":0.000722860277165,"dmean2":0.00118058058433,"dvar":6.17470107045e-7,"dvar2":0.00000153287078319,"max":0.0129934204742,"mean":0.00555108347908,"median":0.0055109038949,"min":4.27614956777e-8,"var":0.00000221671893996},"spectral_rolloff":{"dmean":399.352020264,"dmean2":659.300170898,"dvar":406648.6875,"dvar2":880691.9375,"max":12919.921875,"mean":1334.85632324,"median":1033.59375,"min":21.533203125,"var":1518138.75},"spectral_skewness":{"dmean":0.193087339401,"dmean2":0.323383063078,"dvar":0.058577246964,"dvar2":0.17087097466,"max":8.1416425705,"mean":1.44331216812,"median":1.39084494114,"min":0.0199079811573,"var":0.149795934558},"spectral_spread":{"dmean":350389.375,"dmean2":501093.4375,"dvar":239558426624,"dvar2":354954772480,"max":39409640,"mean":4132090.75,"median":3990055,"min":642002.5625,"var":2818010251260},"spectral_strongpeak":{"dmean":0.418929189444,"dmean2":0.731345534325,"dvar":0.951561391354,"dvar2":2.50761675835,"max":17.1811752319,"mean":0.673681855202,"median":0.367465525866,"min":0,"var":1.24551463127},"zerocrossingrate":{"dmean":0.00762950861827,"dmean2":0.0092844106257,"dvar":0.0000770539409132,"dvar2":0.0000921902392292,"max":0.45849609375,"mean":0.0578889288008,"median":0.05078125,"min":0,"var":0.00120634399354}},"metadata":{"audio_properties":{"analysis_sample_rate":44100,"bit_rate":0,"codec":"flac","downmix":"mix","equal_loudness":0,"length":409.093322754,"lossless":true,"md5_encoded":"e0d79972f6037c1f6aa47ba9ac14150a","replay_gain":-9.65902709961,"sample_rate":44100},"tags":{"album":["Wish"],"albumartist":["The Cure"],"albumartistsort":["Cure, The"],"artist":["The Cure"],"artistsort":["Cure, The"],"asin":["B0000263H7"],"barcode":["731451326127"],"catalognumber":["513 261-2"],"date":["1992-04-17"],"discid":["a40f8c0c"],"file_name":"12 - The Cure - End.flac","format":["CD"],"genre":["Alternative Rock","Please Stop Loving Me","Britpop","Atmospheric","Cure","Indie","Punk","Best Of The Cure","The Cure","Goth","British","New Wave","Post-Punk","Despair","Rock","80S","Alternative","Gothic Rock"],"label":["Fiction Records"],"language":["eng"],"musicbrainz_albumartistid":["69ee3720-a7cb-4402-b48d-a02c366f2bcf"],"musicbrainz_albumid":["8068c3b5-fe31-4277-be2a-391a80d30754"],"musicbrainz_artistid":["69ee3720-a7cb-4402-b48d-a02c366f2bcf"],"musicbrainz_recordingid":["2af8acf6-add8-4e43-b19e-efe7e5f6f66a"],"musicip_puid":["b76c2677-eb44-6e4f-5364-2d8dd96fd656"],"originaldate":["1992"],"releasecountry":["DE"],"releasestatus":["official"],"releasetype":["album"],"replaygain_album_gain":["-3.42 dB"],"replaygain_album_peak":["0.99996948"],"replaygain_reference_loudness":["89.0 dB"],"replaygain_track_gain":["-4.48 dB"],"replaygain_track_peak":["0.97723389"],"script":["Latn"],"title":["End"],"totaltracks":["12"],"tracknumber":["12"],"tracktotal":["12"]},"version":{"essentia":"2.1-beta1","essentia_build_sha":"81dca3489dfd3c4275b86ac4d56d870715677d3f","essentia_git_sha":"v2.1_beta1-28-g21ef5f4","extractor":"music 1.0"}},"rhythm":{"beats_count":1153,"beats_loudness":{"dmean":0.0154451318085,"dmean2":0.0260718110949,"dvar":0.00017193974054,"dvar2":0.000476114073535,"max":0.115145504475,"mean":0.04