{"lowlevel":{"average_loudness":0.536886096001,"barkbands":{"dmean":[0.00000211713927456,0.0000740155228414,0.00026684103068,0.000615635130089,0.00459505151957,0.000436654459918,0.000149293526192,0.0000363671097148,0.00000316325781569,0.00000788310626376,0.0000114587037388,0.00000255237546298,0.00000284482030111,0.00000245618548433,9.98737050395e-7,5.97351288434e-7,7.91560523794e-7,3.31100295625e-7,6.76593629123e-7,2.45667365562e-7,2.17730985241e-7,1.43162040445e-7,6.6316907521e-8,4.64537812661e-8,3.76645168387e-8,2.95684525753e-8,2.20164597664e-8],"dmean2":[0.00000346259594153,0.000118563693832,0.000339118443662,0.000817690452095,0.00678845541552,0.000534648366738,0.000162003561854,0.0000466252713522,0.00000480470862385,0.00000958715190791,0.0000155114157678,0.000003396018883,0.00000432012984675,0.00000350714276465,0.00000138170310038,8.1002076513e-7,9.77171453087e-7,5.01317231283e-7,9.70215978668e-7,3.50794010728e-7,3.04323322098e-7,2.24688150752e-7,1.07219257472e-7,7.58392673106e-8,6.24508089686e-8,4.96946874762e-8,3.76619873066e-8],"dvar":[3.36009236927e-12,2.29414034436e-8,4.8514317541e-7,0.00000769123289501,0.000466142431833,9.28996371385e-7,1.49523955884e-7,6.73698341558e-9,7.38712216397e-11,7.02663094376e-10,1.38164424346e-9,7.19412446282e-11,5.8222142385e-11,7.49709877512e-11,5.12046958653e-12,8.64765290626e-12,6.85990717356e-12,8.31192048783e-13,3.67824867786e-12,5.89269410177e-13,2.44279531499e-13,2.0639899837e-13,3.5696326537e-14,6.4269192385e-15,2.37342316414e-15,6.25991388157e-16,3.01262223116e-16],"dvar2":[8.41597191242e-12,4.96679106732e-8,9.75043349172e-7,0.0000112943580461,0.000929248169996,0.00000129871398258,1.9127483597e-7,1.12919105177e-8,1.76028261412e-10,1.68979097381e-9,2.50320852935e-9,1.43975581457e-10,1.39900521723e-10,1.71825303985e-10,9.94750462557e-12,1.70496342738e-11,1.11551800783e-11,1.68522704472e-12,8.60544968617e-12,1.0162196605e-12,4.84098384209e-13,4.67918618349e-13,8.88005489454e-14,1.58956676218e-14,6.0162963004e-15,1.8086059248e-15,8.85132224524e-16],"max":[0.0000166487570823,0.00180790247396,0.00812647864223,0.071691468358,0.514186501503,0.024352831766,0.0108681917191,0.001660313108,0.000141888100188,0.000613475393038,0.000977538409643,0.000187484940398,0.000150368403411,0.000218904038775,0.0000631259536021,0.0000831796132843,0.0000950882094912,0.0000211925034819,0.000045670196414,0.0000223260612984,0.00000725499967302,0.00000663171795168,0.00000407898824051,0.00000135258619594,0.00000121189248148,4.1996011646e-7,2.6861994229e-7],"mean":[0.00000379421294383,0.000104348022433,0.00039872227353,0.00108806975186,0.0119073512033,0.00178893201519,0.000593237986322,0.000136271992233,0.00000638309029455,0.0000252735571848,0.000034947617678,0.00000737654499972,0.00000388266744267,0.00000442892542196,0.00000220560627895,9.96269818643e-7,0.00000182319286068,5.48799050648e-7,0.00000139511303132,5.36186746558e-7,4.31763396591e-7,2.79511965573e-7,1.75280959525e-7,1.79246896437e-7,2.00013644758e-7,2.0964935743e-7,1.9554383357e-7],"median":[0.00000347708191839,0.0000389425695175,0.0000277052458841,0.0000165325545822,0.00340666156262,0.00118797109462,0.00037558778422,0.0000515539577464,0.00000233317496168,0.00000787491990195,0.00000755201426728,0.00000191312415154,9.48745764617e-7,6.85657369104e-7,6.8075416948e-7,1.58545446993e-7,2.95362724501e-7,1.68720902138e-7,2.94502228826e-7,1.45145463648e-7,1.45878630065e-7,1.16020039798e-7,1.2257845583e-7,1.53610244524e-7,1.89824334029e-7,2.09281324715e-7,1.96867404156e-7],"min":[5.14395449253e-24,2.20281897827e-23,5.90816112788e-24,1.13378292074e-23,1.7887137036e-23,4.58268548049e-23,2.76173197833e-23,1.50847449578e-23,1.46417743159e-23,4.59019985393e-23,5.64926328967e-23,3.86954638693e-23,3.62533840095e-23,1.09066432008e-22,1.34673727894e-22,6.93466669634e-23,9.41866031369e-23,1.25244315722e-22,2.16644125716e-22,2.86550581e-22,3.64828276748e-22,5.09081704283e-22,5.24691507171e-22,7.50492477839e-22,1.10627520844e-21,1.64573823073e-21,2.47029048496e-21],"var":[4.71889931644e-12,3.62144021437e-8,8.86822590473e-7,0.0000285539354081,0.000921235536225,0.00000459373086414,7.06787261606e-7,4.7402508585e-8,1.73632164202e-10,1.71238134783e-9,6.62260601914e-9,2.80575840339e-10,7.5075709538e-11,1.58571433762e-10,2.19463423129e-11,1.50058368509e-11,3.73687747413e-11,1.73722082726e-12,9.4699473957e-12,2.23938142335e-12,5.69405037443e-13,3.21184078682e-13,4.92117434856e-14,1.32674700761e-14,5.11387713927e-15,1.5925052677e-15,8.46593443034e-16]},"barkbands_crest":{"dmean":1.57438004017,"dmean2":2.2277905941,"dvar":4.13756990433,"dvar2":8.62377166748,"max":26.6807823181,"mean":17.4289054871,"median":17.0451641083,"min":5.91515541077,"var":25.9025039673},"barkbands_flatness_db":{"dmean":0.0179652515799,"dmean2":0.0257166661322,"dvar":0.000700622040313,"dvar2":0.00126221089158,"max":0.568854987621,"mean":0.333446085453,"median":0.329294085503,"min":0.0590447112918,"var":0.0062500834465},"barkbands_kurtosis":{"dmean":27.4922237396,"dmean2":39.2971229553,"dvar":5596.4140625,"dvar2":9455.74902344,"max":2065.58837891,"mean":76.3590774536,"median":40.5992164612,"min":0.617130279541,"var":19387.4296875},"barkbands_skewness":{"dmean":1.07943367958,"dmean2":1.65892291069,"dvar":2.12043070793,"dvar2":4.49141168594,"max":24.2301826477,"mean":4.05554628372,"median":3.24150466919,"min":-1.96809101105,"var":9.97115516663},"barkbands_spread":{"dmean":0.546434879303,"dmean2":0.810831427574,"dvar":2.50237035751,"dvar2":5.54812192917,"max":33.9491424561,"mean":1.81489181519,"median":1.15162277222,"min":0.0606461167336,"var":5.74448251724},"dissonance":{"dmean":0.0409769453108,"dmean2":0.0677689388394,"dvar":0.00160338892601,"dvar2":0.00420126365498,"max":0.496572703123,"mean":0.306788235903,"median":0.30597281456,"min":0.111353203654,"var":0.00518674682826},"dynamic_complexity":5.39090061188,"erbbands":{"dmean":[0.00111655239016,0.0261562690139,0.28284111619,1.11368370056,14.4895009995,11.2524700165,5.28551101685,3.3778629303,4.02740430832,1.17139792442,0.415331155062,0.0810482725501,0.167882338166,0.257663041353,0.435744732618,0.128755450249,0.109968587756,0.175373107195,0.0455384142697,0.0395004041493,0.0429307110608,0.0383646935225,0.0199838224798,0.0237865578383,0.0337503030896,0.012645537965,0.00528390612453,0.00998385157436,0.00556746544316,0.00370405730791,0.00131728721317,0.000917971599847,0.000855675549246,0.000451667758171,0.00031974245212,0.000161849427968,0.0000639451827738,0.0000194792064576,0.00000581076392336,0.0000062991402956],"dmean2":[0.00196440075524,0.0388224907219,0.355717837811,1.49886786938,20.863653183,17.0573196411,7.3973865509,3.99336719513,4.09041261673,1.5000140667,0.519047915936,0.108761794865,0.258958280087,0.270324081182,0.607616662979,0.163049682975,0.161339595914,0.250937193632,0.0573741011322,0.0624183751643,0.0566241107881,0.0464534014463,0.0296448171139,0.0330302156508,0.0486806072295,0.0180687233806,0.00743435649201,0.0141031472012,0.00851099193096,0.00604244275019,0.00223447009921,0.00150343752466,0.00142741994932,0.000750795530621,0.000538663764019,0.000274368852843,0.000108056694444,0.0000331759183609,0.00000940372137848,0.00000886595080374],"dvar":[0.00000128157330437,0.00360738579184,0.511456251144,21.7995071411,7049.86621094,1683.38574219,224.223220825,66.9782562256,143.679855347,6.20408821106,0.969522595406,0.0344975069165,1.02465867996,0.355448395014,1.80544483662,0.166735082865,0.0676854401827,0.419036477804,0.0138071160764,0.00799356680363,0.0376282632351,0.0229939557612,0.00266734184697,0.00451692240313,0.011867210269,0.00126135034952,0.000140713891597,0.000527975440491,0.000240470137214,0.000207074190257,0.0000054835481933,0.00000148606864059,0.00000240371537075,2.72058059636e-7,1.57871284046e-7,2.40346320624e-8,2.77063394449e-9,2.31870148082e-10,1.26445451332e-10,7.00579094737e-10],"dvar2":[0.00000346532033291,0.0074234912172,0.979025423527,34.4035797119,13375.3955078,3510.26953125,416.311737061,87.4201049805,173.017227173,11.7444171906,1.45183038712,0.0675144121051,2.79221701622,0.468818068504,3.54346132278,0.33139577508,0.151949048042,0.990368902683,0.0226203072816,0.0205267388374,0.073706574738,0.0327812321484,0.00553039135411,0.00927888695151,0.0307715218514,0.00257758353837,0.000249508942943,0.00104697328061,0.00053514027968,0.000528871139977,0.000014349410776,0.00000342423595612,0.00000647476781523,6.9716179496e-7,4.14291974948e-7,6.81925769186e-8,7.88522847017e-9,6.43777198217e-10,2.37950520399e-10,1.32751920567e-9],"max":[0.01151007507,0.722723424435,8.28122997284,120.328269958,2085.93994141,807.390075684,303.203979492,214.010528564,334.794006348,38.4702796936,16.7059879303,2.9080915451,26.1840820313,11.8163995743,32.5616874695,9.37320613861,4.44813680649,16.0612640381,3.5294778347,1.34263348579,5.57573413849,6.30414819717,1.13536715508,1.28317761421,2.55719351768,0.90944057703,0.241018727422,0.277137517929,0.233751326799,0.241218924522,0.0334636121988,0.0190054066479,0.0263657290488,0.0123608093709,0.00959311984479,0.00257907481864,0.000871830561664,0.000230415491387,0.000302902946714,0.000648550747428],"mean":[0.0015777037479,0.0375479012728,0.43694242835,1.86735355854,23.9692020416,39.5563468933,26.773317337,14.3275356293,15.3066577911,4.8636097908,1.92738461494,0.296551197767,0.443977624178,0.982426702976,1.319678545,0.402134895325,0.186220735312,0.292126864195,0.104024253786,0.0838677361608,0.0815574526787,0.0967141538858,0.036712307483,0.0548509955406,0.0639065727592,0.0297843180597,0.0122752198949,0.0191668979824,0.0112998243421,0.0068869558163,0.00421950267628,0.00349344080314,0.00308610615321,0.00213207839988,0.00148701271974,0.000850792916026,0.000392889487557,0.0001295725815,0.0000348565554305,0.0000204265088541],"median":[0.00123236398213,0.008684175089,0.0345617420971,0.0804832652211,1.04695427418,13.0948238373,12.8494281769,8.16520690918,5.42293930054,2.43823957443,0.692241072655,0.155969887972,0.141173094511,0.300590932369,0.352520108223,0.133818387985,0.074124917388,0.0489026755095,0.0346130281687,0.026565913111,0.0184978619218,0.0160862542689,0.0130479075015,0.0150568308309,0.0138579811901,0.00904285162687,0.00552793592215,0.00621218467131,0.00458436645567,0.00373474508524,0.00344187882729,0.00303890462965,0.00263053132221,0.0020119631663,0.00141283392441,0.000837481231429,0.000387978914659,0.00012896041153,0.0000316396253766,0.0000101550158433],"min":[7.11808405122e-22,2.65718443189e-21,6.92762389764e-21,2.59365809175e-20,3.80403852413e-20,6.26623758327e-20,1.91053725136e-19,3.94828919406e-19,1.67989202547e-19,3.90518300288e-19,3.42888154942e-19,2.98186099719e-19,9.98731977935e-19,1.69121263838e-18,2.5271924881e-18,2.31450036437e-18,1.84637073159e-18,4.42031133201e-18,4.88968132212e-18,6.57692132222e-18,5.15382490713e-18,6.36128815782e-18,7.50407994669e-18,7.51269503276e-18,9.63744161219e-18,1.2594428668e-17,1.61686363901e-17,1.43643238636e-17,1.63405377563e-17,1.86870175436e-17,1.41998737404e-17,1.52042463663e-17,1.24030174199e-17,1.01830069308e-17,8.79367850989e-18,5.32160401872e-18,2.95656664123e-18,1.49502804115e-18,3.45431838724e-19,3.23412432989e-20],"var":[0.00000179839980774,0.0061868224293,1.0000295639,67.5507507324,14576.1347656,5363.15576172,1874.28320313,339.558502197,686.922119141,38.0432701111,6.92520093918,0.148699223995,1.197006464,2.45093297958,7.57087945938,0.66097921133,0.112931318581,0.743294656277,0.0641194358468,0.0226091742516,0.0672638267279,0.147652804852,0.00575455930084,0.0144814429805,0.0253162309527,0.00498239090666,0.000396978721255,0.00114031275734,0.000418351759436,0.000213286140934,0.00000915478267416,0.0000035758400827,0.00000409319773098,6.09407493357e-7,3.0290345876e-7,4.34772573499e-8,6.45808873045e-9,5.94817528565e-10,3.0259436623e-10,1.56481572144e-9]},"erbbands_crest":{"dmean":1.5466183424,"dmean2":2.17741370201,"dvar":3.68805217743,"dvar2":8.44841384888,"max":28.6162223816,"mean":16.0660591125,"median":16.092086792,"min":2.75064253807,"var":17.3269100189},"erbbands_flatness_db":{"dmean":0.0149291334674,"dmean2":0.0212279837579,"dvar":0.000503410818055,"dvar2":0.00090235384414,"max":0.474099010229,"mean":0.302958667278,"median":0.305691897869,"min":0.0254810173064,"var":0.0044040014036},"erbbands_kurtosis":{"dmean":6.91057729721,"dmean2":9.37306213379,"dvar":231.08152771,"dvar2":459.415161133,"max":290.006591797,"mean":27.962228775,"median":17.3335399628,"min":-1.5636651516,"var":1003.1015625},"erbbands_skewness":{"dmean":0.462399452925,"dmean2":0.617550969124,"dvar":0.489235728979,"dvar2":0.959209799767,"max":11.3531942368,"mean":3.41760230064,"median":2.98965454102,"min":-0.731651306152,"var":3.10556793213},"erbbands_spread":{"dmean":1.5824559927,"dmean2":2.23755526543,"dvar":19.3193473816,"dvar2":34.4690742493,"max":127.003005981,"mean":6.80937814713,"median":4.88274383545,"min":0.51984924078,"var":66.2452926636},"gfcc":{"cov":[[4882.03076172,1421.27539063,-856.04888916,-150.113830566,112.137611389,-134.243301392,-34.115447998,-252.401245117,-248.74420166,-255.732589722,-124.94593811,-248.449203491,-161.383239746],[1421.27539063,705.241088867,-128.194793701,-160.122970581,56.7143173218,-62.6750640869,-47.1199226379,-173.611572266,-95.0787353516,-152.333221436,-85.0619659424,-145.180877686,-23.9581508636],[-856.04888916,-128.194793701,601.963928223,60.0860214233,-81.9206695557,-16.1482429504,-107.898086548,-65.3344726563,35.9836578369,-4.2605843544,-33.009223938,14.6109085083,83.205329895],[-150.113830566,-160.122970581,60.0860214233,280.07824707,113.168029785,17.7489337921,35.0282783508,36.5741577148,4.60259866714,10.0844831467,-9.4347820282,-10.636382103,-35.7215805054],[112.137611389,56.7143173218,-81.9206695557,113.168029785,216.81401062,61.3655204773,-0.310259193182,-31.2677230835,-19.4632759094,-53.0073814392,-47.8451881409,-58.3351516724,-24.3312892914],[-134.243301392,-62.6750640869,-16.1482429504,17.7489337921,61.3655204773,122.74773407,48.2426300049,19.4695911407,9.2389831543,1.87275564671,-23.1381893158,-10.3048381805,-31.9142093658],[-34.115447998,-47.1199226379,-107.898086548,35.0282783508,-0.310259193182,48.2426300049,141.668029785,85.8642883301,-8.01466083527,17.7411365509,20.2939128876,-11.4956636429,-60.7291679382],[-252.401245117,-173.611572266,-65.3344726563,36.5741577148,-31.2677230835,19.4695911407,85.8642883301,148.754699707,55.1449661255,67.0116119385,45.7711830139,44.0362167358,-27.9585590363],[-248.74420166,-95.0787353516,35.9836578369,4.60259866714,-19.4632759094,9.2389831543,-8.01466083527,55.1449661255,85.6166152954,62.1452827454,9.10407447815,25.083108902,4.32376623154],[-255.732589722,-152.333221436,-4.2605843544,10.0844831467,-53.0073814392,1.87275564671,17.7411365509,67.0116119385,62.1452827454,128.929351807,80.2325363159,41.106300354,-24.7927589417],[-124.94593811,-85.0619659424,-33.009223938,-9.4347820282,-47.8451881409,-23.1381893158,20.2939128876,45.7711830139,9.10407447815,80.2325363159,114.193138123,53.9343719482,-20.93019104],[-248.449203491,-145.180877686,14.6109085083,-10.636382103,-58.3351516724,-10.3048381805,-11.4956636429,44.0362167358,25.083108902,41.106300354,53.9343719482,113.383842468,62.3479003906],[-161.383239746,-23.9581508636,83.205329895,-35.7215805054,-24.3312892914,-31.9142093658,-60.7291679382,-27.9585590363,4.32376623154,-24.7927589417,-20.93019104,62.3479003906,125.939002991]],"icov":[[0.00177235004958,-0.00464775925502,0.00286834035069,-0.00406778231263,0.00418104231358,-0.0031294778455,0.00492955977097,-0.00259075639769,0.00326417642646,-0.00121837016195,0.000969164771959,-0.00023038686777,0.0000780162663432],[-0.00464775925502,0.0163719970733,-0.00688101584092,0.0129086924717,-0.0119575457647,0.0110656106845,-0.0150800300762,0.0110407760367,-0.0112339137122,0.00694440025836,-0.00388983939774,0.00350556359626,0.000410410197219],[0.00286834035069,-0.00688101584092,0.0086913164705,-0.0102944262326,0.0123015511781,-0.00933201331645,0.0109828682616,-0.00241428543814,0.000965519517194,0.00255474983715,-0.0036502124276,0.00608772505075,-0.00467427866533],[-0.00406778231263,0.0129086924717,-0.0102944262326,0.0208043120801,-0.0208325255662,0.0170776676387,-0.0172681715339,0.00625980924815,-0.00259853014722,-0.00353094143793,0.00753166945651,-0.00873622577637,0.00828178972006],[0.00418104231358,-0.0119575457647,0.0123015511781,-0.0208325255662,0.0292819030583,-0.0223151035607,0.0204185061157,-0.00638614175841,0.000572945340537,0.00889456551522,-0.0115188416094,0.0158217083663,-0.010538475588],[-0.0031294778455,0.0110656106845,-0.00933201331645,0.0170776676387,-0.0223151035607,0.0303527824581,-0.0223057903349,0.0106611745432,-0.00364381773397,-0.0067905918695,0.0154228564352,-0.016587568447,0.0136587582529],[0.00492955977097,-0.0150800300762,0.0109828682616,-0.0172681715339,0.0204185061157,-0.0223057903349,0.0400497578084,-0.0254290457815,0.0194464363158,-0.00124990695622,-0.00313172792085,0.0103227207437,-0.00329106161371],[-0.00259075639769,0.0110407760367,-0.00241428543814,0.00625980924815,-0.00638614175841,0.0106611745432,-0.0254290457815,0.0341465994716,-0.0252841673791,0.00787856336683,-0.00467013986781,-0.00571441650391,0.00340925017372],[0.00326417642646,-0.0112339137122,0.000965519517194,-0.00259853014722,0.000572945340537,-0.00364381773397,0.0194464363158,-0.0252841673791,0.0498520769179,-0.0312963165343,0.0252717006952,-0.010333718732,0.00506549980491],[-0.00121837016195,0.00694440025836,0.00255474983715,-0.00353094143793,0.00889456551522,-0.0067905918695,-0.00124990695622,0.00787856336683,-0.0312963165343,0.0427941456437,-0.0328344926238,0.0166546553373,-0.00598856527358],[0.000969164771959,-0.00388983939774,-0.0036502124276,0.00753166945651,-0.0115188416094,0.0154228564352,-0.00313172792085,-0.00467013986781,0.0252717006952,-0.0328344926238,0.047309435904,-0.0322808884084,0.0206978842616],[-0.00023038686777,0.00350556359626,0.00608772505075,-0.00873622577637,0.0158217083663,-0.016587568447,0.0103227207437,-0.00571441650391,-0.010333718732,0.0166546553373,-0.0322808884084,0.0489360503852,-0.029523814097],[0.0000780162663432,0.000410410197219,-0.00467427866533,0.00828178972006,-0.010538475588,0.0136587582529,-0.00329106161371,0.00340925017372,0.00506549980491,-0.00598856527358,0.0206978842616,-0.029523814097,0.0308539699763]],"mean":[-210.133865356,139.063171387,-40.0565757751,-4.78187799454,-65.8741607666,-25.0513935089,-48.955280304,-18.2430210114,-31.6431217194,-0.791346907616,-2.6370871067,9.27736759186,-1.77659952641]},"hfc":{"dmean":1.24589967728,"dmean2":1.71397840977,"dvar":23.9831790924,"dvar2":45.9804840088,"max":117.990180969,"mean":4.08993196487,"median":2.06172513962,"min":1.1531861239e-16,"var":56.7128868103},"melbands":{"dmean":[0.0000133511957756,0.000103615668195,0.000556402781513,0.00106881093234,0.000232908234466,0.0000834208331071,0.0000552189849259,0.0000113287951535,0.0000026438160603,4.21592858402e-7,8.47371154578e-7,0.00000102265767055,0.0000016746359961,4.45911780389e-7,2.30139491464e-7,3.48781924231e-7,2.99436152318e-7,6.64709958187e-8,6.01609855266e-8,4.74670400763e-8,5.18009279915e-8,4.60261375679e-8,2.73053473165e-8,1.84921713497e-8,1.8714571226e-8,2.70381601553e-8,1.82814421379e-8,6.19171691696e-9,3.05451419713e-9,4.63351668145e-9,7.27169346959e-9,3.77215592096e-9,2.31642927062e-9,2.03304506563e-9,8.67767524504e-10,5.86055093343e-10,6.8976280243e-10,7.60606688743e-10,4.83967588227e-10,4.47442305429e-10],"dmean2":[0.0000223121805902,0.000135147740366,0.000751509855036,0.00160035910085,0.000327707297402,0.0000958701712079,0.0000559740292374,0.0000148600074681,0.00000330993862008,6.04333479259e-7,0.00000130474529669,0.00000102862406948,0.00000232965044233,6.03238333952e-7,3.03938065827e-7,5.14088867476e-7,4.28527272334e-7,8.34734166233e-8,8.78691963635e-8,7.12421126536e-8,6.74384779131e-8,5.46361498266e-8,4.26917452501e-8,2.57472212439e-8,2.73935114592e-8,3.63232857126e-8,2.8531228935e-8,8.82744100039e-9,4.42718084415e-9,6.71174360534e-9,1.03963531117e-8,5.68928282263e-9,3.86751919379e-9,3.25263083134e-9,1.4737628895e-9,9.96770666006e-10,1.12016262932e-9,1.25634724846e-9,8.23073387224e-10,7.56501083998e-10],"dvar":[4.72081873593e-10,6.98033559843e-8,0.00000893681590242,0.0000283388944808,4.86237297537e-7,4.33605684691e-8,2.64566324404e-8,6.63022359237e-10,4.43005042372e-11,1.40047554716e-12,2.50547169817e-11,5.67872094834e-12,3.15655938887e-11,1.5226163429e-12,3.98224991394e-13,1.20744657762e-12,1.18171824322e-12,3.07156440582e-14,1.7215610922e-14,1.7877252074e-14,4.81009207617e-14,4.45692744863e-14,7.3053051103e-15,3.63550267907e-15,3.76899845968e-15,6.44732002703e-15,5.72252918066e-15,3.46616364049e-16,4.87152834727e-17,1.52676444663e-16,3.53706612153e-16,1.06210261967e-16,1.12053512136e-16,5.78482607165e-17,2.23064989286e-18,4.01152715189e-19,1.14082547715e-18,2.33293491151e-18,3.08924041443e-19,2.78707909148e-19],"dvar2":[1.06914477271e-9,1.3765313156e-7,0.0000152520678967,0.0000565149603062,9.18937075767e-7,5.54114514273e-8,3.17719859311e-8,1.25769916703e-9,6.87850609804e-11,3.23366116869e-12,6.82557760312e-11,6.99392019993e-12,5.9193233648e-11,3.18366426971e-12,6.56471025543e-13,2.90125215519e-12,2.79014485127e-12,5.22618684711e-14,3.66375021142e-14,4.0163042976e-14,9.43345336742e-14,6.53844857488e-14,1.6368738911e-14,6.36074055433e-15,8.1411767044e-15,1.13301168374e-14,1.58287096673e-14,6.62017022893e-16,8.85538006245e-17,2.9953840519e-16,7.04660526046e-16,2.12912054506e-16,2.97954162411e-16,1.44691028318e-16,5.71455947744e-18,1.03205784404e-18,2.41138306644e-18,6.19707584903e-18,8.56630258613e-19,6.8111101123e-19],"max":[0.0002641142637,0.00288918591104,0.0769904851913,0.12763518095,0.0154816713184,0.00553848221898,0.00453673163429,0.000385516497772,0.00010750911315,0.0000233868340729,0.000129216641653,0.0000506478827447,0.000145628466271,0.0000212760696741,0.0000138250352393,0.0000260011838691,0.0000269318425126,0.00000499430507261,0.00000304271839013,0.0000027297141969,0.00000625011580269,0.00000890100091056,0.00000168386827681,0.00000157829038017,0.00000122531366742,0.00000141423993227,0.00000193625851352,5.3970160252e-7,1.506777636e-7,2.88558595685e-7,2.37501510014e-7,1.88398075807e-7,1.90831997315e-7,1.35688850378e-7,2.52998422212e-8,1.03684110186e-8,1.84599837638e-8,2.92305770699e-8,8.9958751559e-9,1.1893909857e-8],"mean":[0.0000193031773961,0.000155504400027,0.000962045334745,0.00229697185569,0.00129353557713,0.000342778657796,0.00021088324138,0.0000445386576757,0.0000121090524772,0.00000108900621854,0.00000218201603275,0.00000385434077543,0.00000509832898388,0.00000125470739931,5.79761774588e-7,5.14990802003e-7,5.00630051192e-7,1.4313137342e-7,1.30022570488e-7,8.86572948389e-8,9.0881229653e-8,1.2313493869e-7,3.76068065577e-8,3.51052449332e-8,4.22514716547e-8,4.95998691008e-8,3.61247209923e-8,1.43582186141e-8,6.47091891182e-9,8.57096615903e-9,1.29307355934e-8,7.46320072409e-9,3.58500273911e-9,3.75733000268e-9,2.45004505572e-9,1.99241445564e-9,2.240396757e-9,2.26567387074e-9,1.8788106626e-9,1.76567926946e-9],"median":[0.0000106930474431,0.0000145693738887,0.0000152036127474,0.000533207203262,0.000536339939572,0.000185782118933,0.0000793498693383,0.0000171881183633,0.00000410243319493,5.18416527484e-7,6.14506234342e-7,9.02493070498e-7,0.00000114196564027,3.31484386606e-7,1.65718176959e-7,9.59497583608e-8,7.54525331104e-8,3.63747858501e-8,3.79400262318e-8,2.43962645641e-8,1.65861564483e-8,1.30527784137e-8,1.02004733549e-8,9.64019530869e-9,8.68802807474e-9,8.89168028095e-9,6.42657127514e-9,3.70206754141e-9,2.83277734603e-9,3.11829495558e-9,3.6090350708e-9,2.54999177329e-9,2.04148342675e-9,2.03601935311e-9,1.97276550651e-9,1.84058712716e-9,1.84047044272e-9,1.83833259726e-9,1.7330300528e-9,1.65470304125e-9],"min":[6.42900732941e-24,3.89501886333e-24,4.76587673205e-24,3.43692457465e-24,7.57983863871e-24,8.59923152171e-24,3.67934231969e-24,3.9323844434e-24,2.671620831e-24,1.86178746697e-24,5.15542492452e-24,6.52888185318e-24,8.37527075528e-24,6.30200427354e-24,4.58223780193e-24,4.31352811178e-24,9.06564237648e-24,7.4339829905e-24,1.03748596006e-23,8.09082960096e-24,5.36834794917e-24,5.97729255888e-24,7.77585006328e-24,4.67478696333e-24,5.75184676179e-24,7.75136224306e-24,6.77928602602e-24,8.48416511463e-24,9.97252870604e-24,9.10632077792e-24,8.19012194538e-24,9.5946367223e-24,9.70407381796e-24,1.00371553468e-23,8.40149722493e-24,8.47982874624e-24,9.36154489089e-24,8.39751426622e-24,8.44443807945e-24,8.28826649718e-24],"var":[7.26591509181e-10,1.29688700667e-7,0.0000235269908444,0.0000512563165103,0.00000485821055918,2.17988059603e-7,1.27414708118e-7,4.12537781713e-9,3.05017233693e-10,3.66215217873e-12,2.93687782427e-11,4.09613350183e-11,1.44169079452e-10,5.50534270949e-12,1.65167955268e-12,1.86593535761e-12,2.12870411402e-12,1.36840137745e-13,6.00460978682e-14,3.33955241661e-14,8.66270759552e-14,2.91092508171e-13,1.00670958454e-14,8.95055649605e-15,1.18850453906e-14,1.53040998114e-14,1.36113840874e-14,1.49643574374e-15,1.40185263025e-16,3.04103939245e-16,6.82760277436e-16,2.31253653007e-16,9.09717885214e-17,6.39451046092e-17,4.32096900839e-18,6.63805927526e-19,2.866773911e-18,3.73896762453e-18,6.20763170762e-19,5.89896512614e-19]},"melbands_crest":{"dmean":1.82727396488,"dmean2":2.66601896286,"dvar":4.64752578735,"dvar2":10.5540246964,"max":32.5247039795,"mean":17.9327583313,"median":17.8329277039,"min":1.96787571907,"var":20.4998378754},"melbands_flatness_db":{"dmean":0.018658451736,"dmean2":0.0268560964614,"dvar":0.000839429849293,"dvar2":0.00155552790966,"max":0.699065923691,"mean":0.446390599012,"median":0.440585017204,"min":0.00342960492708,"var":0.0069990917109},"melbands_kurtosis":{"dmean":8.37654495239,"dmean2":12.9939336777,"dvar":289.709014893,"dvar2":704.040405273,"max":414.354095459,"mean":24.3848323822,"median":18.8878364563,"min":-1.32952165604,"var":536.943847656},"melbands_skewness":{"dmean":0.59221893549,"dmean2":0.935948550701,"dvar":0.587961673737,"dvar2":1.45011973381,"max":16.3450832367,"mean":1.88808572292,"median":1.75563311577,"min":-1.75361645222,"var":1.91106700897},"melbands_spread":{"dmean":0.684432685375,"dmean2":1.07168018818,"dvar":16.9129638672,"dvar2":39.0443191528,"max":149.040603638,"mean":2.56324887276,"median":1.75362253189,"min":0.291560828686,"var":42.1558036804},"mfcc":{"cov":[[3130.73193359,1145.40979004,-763.978820801,18.3007946014,-26.0087928772,74.3600921631,133.747543335,21.8940601349,-54.6337966919,-97.357208252,32.9230499268,-87.9158401489,-155.487991333],[1145.40979004,800.083007813,-68.4302062988,-116.681015015,-11.7115259171,5.11967897415,-30.2006149292,-74.4425506592,-47.1871948242,-65.7899932861,-111.871604919,-105.443710327,-55.5520935059],[-763.978820801,-68.4302062988,477.825622559,28.3843860626,0.702462077141,-14.3269290924,-84.9133911133,-56.0733833313,-4.27088451385,2.32178044319,-64.5713348389,-17.6908416748,17.626449585],[18.3007946014,-116.681015015,28.3843860626,233.260955811,84.0800628662,18.8516712189,35.5537338257,21.7737083435,6.2697558403,4.22012281418,20.1805019379,10.8773460388,-6.71596193314],[-26.0087928772,-11.7115259171,0.702462077141,84.0800628662,196.07913208,90.075012207,-10.4571857452,-1.76598906517,22.0919151306,-2.30304837227,-55.970199585,-45.7318000793,-17.3334579468],[74.3600921631,5.11967897415,-14.3269290924,18.8516712189,90.075012207,133.253494263,42.8611030579,8.25049686432,18.0850276947,5.92971277237,-4.62980031967,-30.1477890015,-39.3742523193],[133.747543335,-30.2006149292,-84.9133911133,35.5537338257,-10.4571857452,42.8611030579,127.703285217,58.3395500183,-17.5629768372,12.4963521957,55.7345542908,16.7943534851,-14.8610477448],[21.8940601349,-74.4425506592,-56.0733833313,21.7737083435,-1.76598906517,8.25049686432,58.3395500183,93.4719085693,39.9638710022,6.38020372391,24.5666599274,11.8766059875,1.31893754005],[-54.6337966919,-47.1871948242,-4.27088451385,6.2697558403,22.0919151306,18.0850276947,-17.5629768372,39.9638710022,104.546928406,26.7195453644,-35.8872261047,-16.328414917,3.53999090195],[-97.357208252,-65.7899932861,2.32178044319,4.22012281418,-2.30304837227,5.92971277237,12.4963521957,6.38020372391,26.7195453644,80.7596969604,56.5473594666,4.37079000473,-7.04476308823],[32.9230499268,-111.871604919,-64.5713348389,20.1805019379,-55.970199585,-4.62980031967,55.7345542908,24.5666599274,-35.8872261047,56.5473594666,201.668136597,92.6847610474,-22.5013008118],[-87.9158401489,-105.443710327,-17.6908416748,10.8773460388,-45.7318000793,-30.1477890015,16.7943534851,11.8766059875,-16.328414917,4.37079000473,92.6847610474,124.710418701,51.742389679],[-155.487991333,-55.5520935059,17.626449585,-6.71596193314,-17.3334579468,-39.3742523193,-14.8610477448,1.31893754005,3.53999090195,-7.04476308823,-22.5013008118,51.742389679,116.853805542]],"icov":[[0.00553010078147,-0.00840087141842,0.00812138710171,-0.00763712730259,0.0061991000548,-0.0064590126276,0.00522171379998,-0.0043120579794,0.00161798333284,0.000504271592945,-0.00106224254705,-0.000454157154309,0.00113457196858],[-0.00840087141842,0.0145819569007,-0.0120062511414,0.0123332533985,-0.00943665858358,0.0102149061859,-0.00874276645482,0.00828236807138,-0.00263422890566,0.000532566744369,0.0018033022061,0.00183795101475,-0.00124413368758],[0.00812138710171,-0.0120062511414,0.0149427521974,-0.0126195717603,0.0111696040258,-0.0117705827579,0.0113198738545,-0.00765641499311,0.00533754937351,-0.00213347747922,0.00132413033862,-0.0018384589348,0.00211490970105],[-0.00763712730259,0.0123332533985,-0.0126195717603,0.0181178655475,-0.0147659219801,0.0144124403596,-0.0139153189957,0.0100273964927,-0.00694173155352,0.00373376649804,-0.0021600513719,0.00178413686808,-0.00134146981873],[0.0061991000548,-0.00943665858358,0.0111696040258,-0.0147659219801,0.0218579731882,-0.0202361810952,0.0169485658407,-0.0125040700659,0.0102950138971,-0.00681188609451,0.00624701846391,-0.0023751379922,0.00148130347952],[-0.0064590126276,0.0102149061859,-0.0117705827579,0.0144124403596,-0.0202361810952,0.0302924662828,-0.0235373210162,0.0182075556368,-0.0159614253789,0.00935953203589,-0.00684562139213,0.00500446232036,0.000385649327654],[0.00522171379998,-0.00874276645482,0.0113198738545,-0.0139153189957,0.0169485658407,-0.0235373210162,0.0361140631139,-0.0285417530686,0.0229653436691,-0.0143067762256,0.00815336685628,-0.00609787087888,0.0024945368059],[-0.0043120579794,0.00828236807138,-0.00765641499311,0.0100273964927,-0.0125040700659,0.0182075556368,-0.0285417530686,0.0401189811528,-0.0274415798485,0.0178512185812,-0.0125958034769,0.00875386968255,-0.00426553143188],[0.00161798333284,-0.00263422890566,0.00533754937351,-0.00694173155352,0.0102950138971,-0.0159614253789,0.0229653436691,-0.0274415798485,0.0352949462831,-0.0234641246498,0.0183710437268,-0.0104745328426,0.00476754875854],[0.000504271592945,0.000532566744369,-0.00213347747922,0.00373376649804,-0.00681188609451,0.00935953203589,-0.0143067762256,0.0178512185812,-0.0234641246498,0.0355492979288,-0.0228965152055,0.0157491080463,-0.00694569712505],[-0.00106224254705,0.0018033022061,0.00132413033862,-0.0021600513719,0.00624701846391,-0.00684562139213,0.00815336685628,-0.0125958034769,0.0183710437268,-0.0228965152055,0.0279911477119,-0.0204460956156,0.011425556615],[-0.000454157154309,0.00183795101475,-0.0018384589348,0.00178413686808,-0.0023751379922,0.00500446232036,-0.00609787087888,0.00875386968255,-0.0104745328426,0.0157491080463,-0.0204460956156,0.0282772742212,-0.0140824187547],[0.00113457196858,-0.00124413368758,0.00211490970105,-0.00134146981873,0.00148130347952,0.000385649327654,0.0024945368059,-0.00426553143188,0.00476754875854,-0.00694569712505,0.011425556615,-0.0140824187547,0.0176674481481]],"mean":[-889.72442627,191.636062622,57.4528541565,23.6751384735,-1.29252541065,-9.16042709351,-12.2265481949,-19.1938514709,-22.8465595245,-21.1688232422,-13.5885372162,-6.01423025131,3.54131126404]},"pitch_salience":{"dmean":0.0520078502595,"dmean2":0.0775105729699,"dvar":0.00447728810832,"dvar2":0.00951097719371,"max":0.804664969444,"mean":0.44521766901,"median":0.474488317966,"min":0.078934662044,"var":0.0228182971478},"silence_rate_20dB":{"dmean":0.00287562911399,"dmean2":0.00575539562851,"dvar":0.002867361065,"dvar2":0.00716117816046,"max":1,"mean":0.997844815254,"median":1,"min":0,"var":0.00215050484985},"silence_rate_30dB":{"dmean":0.0129403304309,"dmean2":0.0258992798626,"dvar":0.0127730760723,"dvar2":0.0295453686267,"max":1,"mean":0.977729856968,"median":1,"min":0,"var":0.0217741075903},"silence_rate_60dB":{"dmean":0.0517613217235,"dmean2":0.103597119451,"dvar":0.0490813963115,"dvar2":0.097181327641,"max":1,"mean":0.291666656733,"median":0,"min":0,"var":0.206596881151},"spectral_centroid":{"dmean":28.7938976288,"dmean2":45.0367126465,"dvar":76127.0390625,"dvar2":153798.421875,"max":11281.3798828,"mean":349.865264893,"median":310.661865234,"min":193.816940308,"var":244752.765625},"spectral_complexity":{"dmean":0.672897219658,"dmean2":1.08776974678,"dvar":0.714722931385,"dvar2":1.28581106663,"max":10,"mean":4.09339094162,"median":4,"min":0,"var":3.31744980812},"spectral_contrast_coeffs":{"dmean":[0.0444256477058,0.0326391272247,0.0286931246519,0.0236060917377,0.0161124207079,0.0114658949897],"dmean2":[0.0704536288977,0.0498435199261,0.0452648475766,0.0367835387588,0.0234662164003,0.0182043686509],"dvar":[0.00233555375598,0.00127589306794,0.000731227220967,0.000482066679979,0.000305104098516,0.000164874261827],"dvar2":[0.00430506933481,0.00281047075987,0.00165220513009,0.000995943322778,0.000474560743896,0.000382658734452],"max":[-0.209827229381,-0.385161727667,-0.549211204052,-0.635996222496,-0.687343358994,-0.752319455147],"mean":[-0.512280881405,-0.594007611275,-0.731598854065,-0.793778061867,-0.836868703365,-0.854562342167],"median":[-0.491026937962,-0.592996954918,-0.720030426979,-0.788562178612,-0.839832663536,-0.861272335052],"min":[-0.966755926609,-0.965393424034,-0.965669512749,-0.963339149952,-0.959076583385,-0.961886882782],"var":[0.0169808231294,0.00634112115949,0.00505415070802,0.00374012533575,0.00250374083407,0.000583562243264]},"spectral_contrast_valleys":{"dmean":[0.447539776564,0.33939152956,0.364826828241,0.321235895157,0.212875857949,0.101340986788],"dmean2":[0.749091148376,0.539183080196,0.591325461864,0.52569270134,0.353301972151,0.168959930539],"dvar":[0.286154985428,0.28238478303,0.225905358791,0.209386214614,0.142757698894,0.0813203975558],"dvar2":[0.584068894386,0.53701376915,0.439513862133,0.417904466391,0.250094741583,0.108552180231],"max":[-6.51289367676,-6.3061299324,-7.93003034592,-8.90520954132,-9.05917644501,-11.9977903366],"mean":[-8.80846500397,-8.47438526154,-10.1796569824,-11.0213098526,-10.8417024612,-12.4858226776],"median":[-8.82275009155,-8.36775970459,-10.1934709549,-11.0430335999,-10.8491125107,-12.4556217194],"min":[-27.6556663513,-27.2440738678,-27.5688438416,-27.3858375549,-27.4686126709,-27.3388404846],"var":[1.11051523685,1.37795436382,1.00189459324,0.830669820309,0.70239764452,0.508317768574]},"spectral_decrease":{"dmean":1.46955625446e-9,"dmean2":2.04923589209e-9,"dvar":3.97221394571e-17,"dvar2":7.54243664256e-17,"max":4.10430446643e-29,"mean":-4.1707259868e-9,"median":-1.72525282949e-9,"min":-1.53783702217e-7,"var":8.83660041557e-17},"spectral_energy":{"dmean":0.0056588826701,"dmean2":0.00788883958012,"dvar":0.00058710668236,"dvar2":0.00111502141226,"max":0.591114938259,"mean":0.0161121655256,"median":0.00671010138467,"min":1.0666321131e-20,"var":0.00130733801052},"spectral_energyband_high":{"dmean":4.40187704953e-7,"dmean2":6.3193982669e-7,"dvar":9.40460816862e-13,"dvar2":2.14708242505e-12,"max":0.0000158552593348,"mean":0.00000173990963503,"median":0.00000120396464354,"min":8.00179143226e-21,"var":2.12273297898e-12},"spectral_energyband_low":{"dmean":0.00036838898086,"dmean2":0.000493797590025,"dvar":9.01881492155e-7,"dvar2":0.0000018909361188,"max":0.0119852470234,"mean":0.000568051880691,"median":0.0000803602015367,"min":3.45999063086e-23,"var":0.00000155922452905},"spectral_energyband_middle_high":{"dmean":0.0000217028646148,"dmean2":0.0000281258962787,"dvar":3.10152215022e-9,"dvar2":6.03678085298e-9,"max":0.0014290669933,"mean":0.0000790418416727,"median":0.0000451057130704,"min":1.43738979153e-21,"var":1.31971811257e-8},"spectral_energyband_middle_low":{"dmean":0.0054077799432,"dmean2":0.00765879638493,"dvar":0.00057817978086,"dvar2":0.00110371620394,"max":0.589515507221,"mean":0.0155277429149,"median":0.00633900146931,"min":2.00258373999e-22,"var":0.00128023675643},"spectral_entropy":{"dmean":0.176032319665,"dmean2":0.255847662687,"dvar":0.0762728899717,"dvar2":0.149800300598,"max":9.80529022217,"mean":5.18688774109,"median":5.15171718597,"min":3.27123045921,"var":0.559386193752},"spectral_flux":{"dmean":0.0174359623343,"dmean2":0.0287959035486,"dvar":0.00167171633802,"dvar2":0.0044094142504,"max":0.465940088034,"mean":0.0264033451676,"median":0.0124857528135,"min":6.78359174389e-11,"var":0.00184387667105},"spectral_kurtosis":{"dmean":6.65060949326,"dmean2":10.6086616516,"dvar":72.6093978882,"dvar2":145.480743408,"max":152.103317261,"mean":35.0439491272,"median":29.7109184265,"min":-1.19529354572,"var":539.921691895},"spectral_rms":{"dmean":0.000481001741719,"dmean2":0.00063273543492,"dvar":0.00000134772255933,"dvar2":0.00000231719195654,"max":0.0240145269781,"mean":0.00308876205236,"median":0.00255860108882,"min":3.22585903302e-12,"var":0.00000617874775344},"spectral_rolloff":{"dmean":36.1775169373,"dmean2":66.8610076904,"dvar":246191.046875,"dvar2":497435.8125,"max":18540.0878906,"mean":400.85534668,"median":387.59765625,"min":64.599609375,"var":703925.75},"spectral_skewness":{"dmean":0.452515006065,"dmean2":0.714270472527,"dvar":0.255826145411,"dvar2":0.532912969589,"max":10.8816652298,"mean":4.83373260498,"median":4.65604114532,"min":-0.00166385399643,"var":2.51830863953},"spectral_spread":{"dmean":422089.9375,"dmean2":688022.0625,"dvar":1201426530300,"dvar2":2633310928900,"max":40662572,"mean":2889789.25,"median":2426934,"min":779470.9375,"var":4911052357630},"spectral_strongpeak":{"dmean":0.164489910007,"dmean2":0.250853478909,"dvar":0.115672715008,"dvar2":0.266765356064,"max":6.56937360764,"mean":0.824350297451,"median":0.685778319836,"min":0,"var":0.441974848509},"zerocrossingrate":{"dmean":0.00255338451825,"dmean2":0.00354126864113,"dvar":0.000194061882212,"dvar2":0.000388864224078,"max":0.501953125,"mean":0.0181214790791,"median":0.015625,"min":0,"var":0.000549953838345}},"metadata":{"audio_properties":{"analysis_sample_rate":44100,"bit_rate":0,"codec":"flac","downmix":"mix","equal_loudness":0,"length":32.2933349609,"lossless":true,"md5_encoded":"803ad2789d04a35bfd5c4b32d40f3690","replay_gain":-2.02407073975,"sample_rate":44100},"tags":{"acoustid_id":["3de62848-a7eb-4df7-a128-1b0f20b355f0"],"album":["Bookends"],"albumartist":["Simon & Garfunkel"],"albumartistsort":["Simon & Garfunkel"],"artist":["Simon & Garfunkel"],"artistsort":["Simon & Garfunkel"],"asin":["B00005ML9E"],"barcode":["5099749508323"],"catalognumber":["495083 2"],"composer":["Paul Simon"],"composersort":["Simon, Paul"],"date":["2001-08-20"],"discnumber":["1"],"disctotal":["1"],"file_name":"01 Bookends Theme.flac","genre":["Acoustic"],"grouping":["Folk"],"isrc":["USSM16801382"],"label":["Legacy"],"language":["eng"],"lyricist":["Paul Simon"],"media":["CD"],"mood":["Sad; Chill; Mellow; Peaceful"],"musicbrainz_albumartistid":["5d02f264-e225-41ff-83f7-d9b1f0b1874a"],"musicbrainz_albumid":["0455cc23-9081-3ef1-b047-d2cd1cc797dd"],"musicbrainz_artistid":["5d02f264-e225-41ff-83f7-d9b1f0b1874a"],"musicbrainz_recordingid":["2b2e4c37-93b2-4dcd-8fe3-3aa1367e014d"],"musicbrainz_releasegroupid":["f4a26672-dcd8-342d-ad09-2b612d91c9fb"],"musicbrainz_releasetrackid":["dab2659b-5bfc-3731-b062-aa98237b19c7"],"musicbrainz_workid":["07a425c3-66bd-3efa-9cfa-60e9d09fc90c"],"originaldate":["1968-04-03"],"originalyear":["1968"],"producer":["Bob Johnston","Paul Simon","Roy Halee","Art Garfunkel"],"releasecountry":["GB"],"releasestatus":["official"],"releasetype":["album"],"script":["Latn"],"title":["Bookends Theme"],"totaldiscs":["1"],"totaltracks":["14"],"tracknumber":["1"],"tracktotal":["14"],"work"