{"lowlevel":{"average_loudness":0.810484647751,"barkbands":{"dmean":[0.00000122423989524,0.000972102745436,0.0010269099148,0.000891145551577,0.000754118955228,0.000543178932276,0.000562282162718,0.000290259486064,0.00145714066457,0.00175229739398,0.00375620648265,0.00129665166605,0.00149227888323,0.000192525127204,0.0000788268880569,0.0000470790982945,0.0000371845271729,0.0000476600034744,0.0000197478548216,0.00000691671402819,0.00000126135751088,3.11102581918e-7,1.06504124631e-7,9.04224108922e-8,6.6481725014e-8,3.2965488117e-8,3.82579523617e-9],"dmean2":[0.00000203420995604,0.00105676334351,0.00161518889945,0.00129858846776,0.00132964516524,0.00091918639373,0.00093130330788,0.00050523650134,0.00211339141242,0.0027796451468,0.00597875658423,0.00216361228377,0.00241070007905,0.000323511107126,0.000133153022034,0.0000788480247138,0.0000646940825391,0.0000842643712531,0.0000341462437063,0.0000118105153888,0.0000021599264528,5.16719296684e-7,1.71020772655e-7,1.56747290703e-7,1.17123953203e-7,5.65302755717e-8,6.54832810199e-9],"dvar":[1.31789032812e-11,0.00000365894334209,0.00000528783266418,0.00000318360821439,0.00000230102250498,7.930732977e-7,4.87261672788e-7,2.52463735251e-7,0.00000591486286794,0.0000118052439575,0.0000572470926272,0.00000957170959737,0.0000104581804408,9.38726572031e-8,1.98723490996e-8,1.18083613998e-8,8.26000956522e-9,1.6979374351e-8,3.29917426711e-9,4.63557747743e-10,1.14590602632e-11,2.34172642215e-12,7.9003784851e-13,1.32958119341e-12,1.40232465397e-12,4.20731049826e-13,1.5465558479e-15],"dvar2":[3.46247787386e-11,0.00000407588004236,0.0000103398915599,0.00000615228373135,0.00000676488889439,0.00000215308523366,0.00000136164521791,6.7552349492e-7,0.0000120178101497,0.0000276289811154,0.000136627961183,0.0000247653133556,0.0000256909061136,2.5912575552e-7,5.4414957873e-8,3.0429450959e-8,2.4818042732e-8,5.16149043506e-8,9.60473744982e-9,1.42466105579e-9,3.06231776048e-11,5.53441927703e-12,1.3525466554e-12,3.33329045789e-12,3.01669236466e-12,9.13480012119e-13,3.5564901752e-15],"max":[0.0000839553322294,0.0262013114989,0.0251062177122,0.0261198971421,0.0135757802054,0.00933379027992,0.00859982986003,0.00752083864063,0.0332213081419,0.0436517745256,0.10443829,0.0452438220382,0.0466402508318,0.00334759918042,0.00198706029914,0.00207833526656,0.00139092095196,0.0017496686196,0.00121951231267,0.000553675403353,0.0000714249836165,0.000061955943238,0.0000396893046855,0.000042837622459,0.0000453090724477,0.0000251641395153,0.00000179580331405],"mean":[0.00000143606530401,0.00499276444316,0.00312833231874,0.0031186491251,0.00143578031566,0.000920841412153,0.0011062421836,0.000405596656492,0.00252822670154,0.00295423064381,0.00526808388531,0.0016859251773,0.00216515432112,0.000319431943353,0.000125211066916,0.0000812271609902,0.0000645800027996,0.0000797027023509,0.0000370932393707,0.0000136664202728,0.00000269879956249,7.36572076221e-7,2.5256829872e-7,1.91240403069e-7,1.46585932725e-7,8.35294144963e-8,9.09511577163e-9],"median":[1.01966875832e-7,0.000139823940117,0.0011551741045,0.000580976367928,0.000644420739263,0.000594413315412,0.000908810354304,0.000232088568737,0.000921194965485,0.00109554291703,0.00144425663166,0.000253829319263,0.000463193253381,0.000177110938239,0.0000533469537913,0.0000347954846802,0.0000240597564698,0.000013283327462,0.00000575718831897,0.00000203580680136,5.51608195565e-7,1.47793301153e-7,4.99104011453e-8,2.01548306933e-8,6.45813802436e-9,2.79360889976e-9,2.40796205198e-9],"min":[2.25115974345e-24,8.25974996432e-24,2.59382672119e-24,2.98475897011e-24,1.62732001991e-23,1.84252458807e-23,1.4387242034e-23,2.38425067559e-23,4.1981741649e-23,1.66166307942e-23,9.33218427686e-24,5.62228613998e-23,5.09198417832e-23,5.75709931324e-23,9.64292968252e-23,8.40669250508e-23,7.50600015358e-23,1.54122014351e-22,1.56679413053e-22,2.69230451939e-22,3.42113777978e-22,2.99629213232e-22,5.5108601051e-22,7.1779577104e-22,8.66687069609e-22,1.44738704472e-21,1.97823838173e-21],"var":[1.97013690084e-11,0.0000534574537596,0.0000223094466492,0.0000317601843562,0.00000384278291676,0.00000125378335269,0.00000102700835214,3.16902458053e-7,0.0000157628819579,0.0000261464520008,0.0000924908672459,0.0000136748949444,0.0000163370441442,1.67694835795e-7,3.72671991045e-8,1.95122691338e-8,1.40917233438e-8,2.98159008594e-8,6.01104810372e-9,9.93163773444e-10,3.20037087109e-11,5.98119817563e-12,2.69386422891e-12,3.17581269442e-12,4.14367585383e-12,1.40481170533e-12,7.40239033264e-15]},"barkbands_crest":{"dmean":2.39814138412,"dmean2":3.73976874352,"dvar":4.82568883896,"dvar2":11.7147674561,"max":25.716588974,"mean":12.1539573669,"median":11.5782556534,"min":4.14578056335,"var":16.9683647156},"barkbands_flatness_db":{"dmean":0.0166019629687,"dmean2":0.0251549370587,"dvar":0.000272664095974,"dvar2":0.000568939896766,"max":0.566826760769,"mean":0.291647523642,"median":0.291178286076,"min":0.0277844611555,"var":0.00429516891018},"barkbands_kurtosis":{"dmean":1.24551522732,"dmean2":1.88993573189,"dvar":3.83183050156,"dvar2":8.44257640839,"max":44.7471656799,"mean":1.18227910995,"median":0.215898036957,"min":-1.7851023674,"var":12.0738773346},"barkbands_skewness":{"dmean":0.412280887365,"dmean2":0.601767420769,"dvar":0.123393848538,"dvar2":0.256659716368,"max":4.39427661896,"mean":0.539647400379,"median":0.449347257614,"min":-2.75330471992,"var":1.05226421356},"barkbands_spread":{"dmean":2.01284503937,"dmean2":3.08307170868,"dvar":5.74677991867,"dvar2":13.3813323975,"max":94.8092193604,"mean":11.3595018387,"median":10.1452798843,"min":0.572532594204,"var":60.8338623047},"dissonance":{"dmean":0.0424129478633,"dmean2":0.0728041604161,"dvar":0.00160731910728,"dvar2":0.00437999144197,"max":0.499490529299,"mean":0.41667303443,"median":0.437143176794,"min":0,"var":0.00478922436014},"dynamic_complexity":6.51854038239,"erbbands":{"dmean":[0.00967242661864,0.272141337395,0.906127810478,2.30959177017,2.56364250183,2.70919442177,3.34110975266,4.9953827858,8.87209224701,7.10797214508,8.51797294617,29.4863548279,40.2081680298,66.7943115234,132.515045166,53.417755127,76.8293914795,11.4875020981,4.77534294128,4.72166538239,2.43958711624,2.04330587387,1.867613554,2.21526551247,0.512867331505,0.388531178236,0.0799457356334,0.0225321240723,0.0118046412244,0.00468571763486,0.00277868239209,0.00217377138324,0.00126486539375,0.00074748886982,0.000481182971271,0.000195046290173,0.0000513102895638,0.00000712324481356,0.00000405083483201,0.00000809577068139],"dmean2":[0.0105736413971,0.303679794073,1.43855381012,3.37786388397,4.17236852646,4.57342767715,5.76404094696,8.44738101959,15.1457033157,11.5453500748,13.622918129,43.0719146729,64.4763793945,104.277359009,211.987380981,87.7291564941,122.695518494,19.0310058594,8.01069068909,8.08348178864,4.11032342911,3.55305480957,3.30387091637,3.92838001251,0.889261484146,0.666802465916,0.132863417268,0.0380078330636,0.0192563086748,0.00771899009123,0.00464290985838,0.00373153574765,0.00234190118499,0.00128655915614,0.000858512241393,0.000340164755471,0.0000922300532693,0.0000120990607684,0.00000639010340819,0.0000124146681628],"dvar":[0.000366010383004,0.271171540022,3.17495727539,16.9565944672,24.571138382,27.2664718628,45.8216629028,68.6140594482,139.330093384,125.143028259,187.531158447,2813.58056641,4886.53564453,15539.8007812,89294.34375,14628.2167969,27318.6699219,314.747070312,62.3553390503,82.3994369507,43.2959442139,24.1413784027,28.3263072968,49.6590080261,1.54047608376,1.3770570755,0.0382615104318,0.00692417472601,0.00322442455217,0.000816955696791,0.00075581530109,0.000583238317631,0.00033241478377,0.00016665700241,0.0000748265811126,0.000014801821635,0.00000104078014829,1.10408979737e-8,8.36980415531e-11,1.37633071606e-10],"dvar2":[0.00046908450895,0.308186680079,6.31958246231,35.5366973877,62.0542068481,75.0872573853,132.649917603,186.168029785,394.469604492,332.261352539,443.014160156,5565.40673828,12449.2001953,34421.0078125,222723.046875,37572.7773438,66684.6875,859.417541504,166.560806274,229.709243774,115.016029358,72.4497375488,86.0912628174,154.156784058,4.3052983284,4.15162611008,0.102064855397,0.0155374975875,0.00691436743364,0.0015622068895,0.00144246337004,0.0014571743086,0.000770750571974,0.000364262261428,0.000167614649399,0.0000309171446133,0.00000239647397393,2.50387905965e-8,2.03447134139e-10,3.17336157352e-10],"max":[0.246279135346,7.19202518463,18.9543266296,41.297328949,53.7775611877,57.6523170471,83.654624939,86.3077774048,117.87563324,209.772232056,186.111663818,847.289916992,761.193847656,1738.28076172,4947.45166016,1823.83886719,2479.07617188,233.863021851,100.408210754,137.817153931,149.41267395,90.4980163574,78.9882202148,121.699516296,24.3869476318,28.6233596802,4.32146120071,2.66749596596,2.4625813961,1.28930366039,1.16512167454,1.00797760487,0.621336936951,0.500076174736,0.303736239672,0.144978821278,0.0410917848349,0.00416852254421,0.000327063957229,0.000172299565747],"mean":[0.0439162291586,1.41954684258,3.72578001022,7.22292947769,7.68283176422,4.74049329758,5.94648694992,8.71564769745,15.4441070557,12.503153801,14.9650239944,53.4650344849,76.8232192993,116.791114807,191.064956665,83.8263626099,116.318717957,21.5843448639,8.49801921844,7.40795135498,4.40575695038,3.62916994095,3.6559574604,3.88932800293,1.17944872379,0.747014403343,0.189317837358,0.0599756538868,0.0302066281438,0.0113672362641,0.00680325506255,0.00489683682099,0.00272225239314,0.00178807601333,0.000970794237219,0.000493646599352,0.000139775132993,0.0000202192804863,0.0000166398640431,0.0000349224465026],"median":[0.00260798819363,0.124977037311,1.95077502728,2.1454334259,1.70347976685,2.07551431656,4.21221542358,6.03480815887,12.0855093002,8.01672744751,8.54099082947,22.2501678467,34.8254089355,44.0437545776,47.5636749268,17.1880245209,22.3920707703,12.6198129654,4.53307199478,3.65737724304,1.72190654278,1.46448397636,0.871000528336,0.504074037075,0.200381651521,0.0974214300513,0.0364378876984,0.0134472819045,0.0061978190206,0.00277944747359,0.00119919364806,0.000482491654111,0.000323305954225,0.000114897411549,0.000050963855756,0.0000276211230812,0.0000141195350807,0.00000343156443705,0.0000140187048601,0.0000316679906973],"min":[1.7637942818e-22,8.94909963199e-22,3.87070443474e-21,6.78244400662e-21,9.59057759118e-21,7.47403049128e-20,7.94693675606e-20,1.38530392877e-19,1.68124226857e-19,2.77705469643e-19,4.92102671105e-19,8.72217184787e-19,9.23538054929e-19,1.37828566316e-18,9.3596054997e-19,2.54523536521e-18,2.29409836816e-18,1.96450080846e-18,4.65508959168e-18,4.66332376109e-18,4.84348907517e-18,4.87250987979e-18,8.45646178957e-18,7.02840311799e-18,8.84062679992e-18,1.19483071382e-17,9.59542993605e-18,1.47691940318e-17,8.79682758649e-18,1.19477223215e-17,1.56405030757e-17,1.46185214289e-17,1.18301394246e-17,8.30888201495e-18,7.14151427649e-18,4.69286320794e-18,2.54944178542e-18,9.82618292807e-19,2.98573375342e-19,2.76836477636e-20],"var":[0.00410774117336,4.04630947113,17.2025585175,89.4501724243,170.109786987,44.3472366333,50.7893943787,99.2822494507,231.070281982,244.840805054,392.588104248,7604.03564453,11240.1191406,36847.953125,136541.03125,24300.4082031,45740.3476562,649.697937012,121.272285461,125.341804504,70.7751846313,38.1497688293,54.5028190613,83.0483703613,5.20136833191,2.99320983887,0.131906673312,0.0204744841903,0.00945326592773,0.00239830301143,0.00242921267636,0.00163355865516,0.000794538646005,0.00054553267546,0.000187426514458,0.0000475160231872,0.00000328295209329,4.78480330912e-8,3.83584608521e-10,8.13462075477e-10]},"erbbands_crest":{"dmean":3.45995283127,"dmean2":5.56908607483,"dvar":9.05945682526,"dvar2":24.0752735138,"max":30.909280777,"mean":12.3798484802,"median":11.5801115036,"min":3.00747227669,"var":25.3751430511},"erbbands_flatness_db":{"dmean":0.0183544959873,"dmean2":0.02800764516,"dvar":0.00028148945421,"dvar2":0.000591104151681,"max":0.57885825634,"mean":0.328988492489,"median":0.326069682837,"min":0.0564458742738,"var":0.00437101721764},"erbbands_kurtosis":{"dmean":1.86979722977,"dmean2":2.97279524803,"dvar":6.21655607224,"dvar2":14.709561348,"max":34.1787910461,"mean":2.81285309792,"median":1.89946556091,"min":-1.46095561981,"var":14.1781835556},"erbbands_skewness":{"dmean":0.420261770487,"dmean2":0.660170197487,"dvar":0.140211328864,"dvar2":0.33639973402,"max":2.99993562698,"mean":-0.283314406872,"median":-0.369862556458,"min":-3.13784408569,"var":0.820685446262},"erbbands_spread":{"dmean":2.78913187981,"dmean2":4.34884023666,"dvar":7.0622677803,"dvar2":17.3842334747,"max":68.58934021,"mean":12.439031601,"median":10.2033805847,"min":1.08494949341,"var":70.3199310303},"gfcc":{"cov":[[29388.6035156,7239.87060547,-2546.52392578,2563.62695312,1877.72021484,259.251678467,1386.89941406,-790.818847656,-203.74420166,-1462.29650879,6.06024503708,-1294.04040527,-311.606079102],[7239.87060547,2793.40356445,22.0047702789,612.203796387,771.561035156,78.0040817261,334.022094727,-164.846191406,130.238342285,-302.997283936,-53.9362449646,-373.862548828,-69.1491546631],[-2546.52392578,22.0047702789,1598.60327148,420.484008789,246.970275879,419.030212402,78.5806274414,260.707855225,178.949478149,162.307434082,-80.9066467285,30.5000305176,-70.9811401367],[2563.62695312,612.203796387,420.484008789,992.753601074,400.234283447,331.133087158,377.780578613,32.3558959961,16.872385025,-191.506011963,-20.767457962,-177.710647583,-113.58441925],[1877.72021484,771.561035156,246.970275879,400.234283447,439.440612793,195.39364624,206.161056519,17.4598426819,83.405418396,-55.3054428101,8.67301273346,-105.996757507,-13.2212133408],[259.251678467,78.0040817261,419.030212402,331.133087158,195.39364624,325.513427734,213.156387329,123.050209045,58.3277816772,24.6368293762,40.3625640869,-10.2244739532,-25.7306270599],[1386.89941406,334.022094727,78.5806274414,377.780578613,206.161056519,213.156387329,348.960510254,92.1142501831,38.8500366211,-56.8522224426,80.7062835693,-47.2595710754,-10.2359838486],[-790.818847656,-164.846191406,260.707855225,32.3558959961,17.4598426819,123.050209045,92.1142501831,198.684753418,104.739044189,114.873901367,61.393535614,68.9001693726,26.3944416046],[-203.74420166,130.238342285,178.949478149,16.872385025,83.405418396,58.3277816772,38.8500366211,104.739044189,136.638565063,101.835769653,37.8020973206,24.8545303345,29.7910938263],[-1462.29650879,-302.997283936,162.307434082,-191.506011963,-55.3054428101,24.6368293762,-56.8522224426,114.873901367,101.835769653,222.469284058,84.4887161255,112.498512268,59.0008583069],[6.06024503708,-53.9362449646,-80.9066467285,-20.767457962,8.67301273346,40.3625640869,80.7062835693,61.393535614,37.8020973206,84.4887161255,138.976318359,66.3169403076,45.1565742493],[-1294.04040527,-373.862548828,30.5000305176,-177.710647583,-105.996757507,-10.2244739532,-47.2595710754,68.9001693726,24.8545303345,112.498512268,66.3169403076,136.113601685,63.5476799011],[-311.606079102,-69.1491546631,-70.9811401367,-113.58441925,-13.2212133408,-25.7306270599,-10.2359838486,26.3944416046,29.7910938263,59.0008583069,45.1565742493,63.5476799011,98.4538803101]],"icov":[[0.000823063252028,-0.00240504834801,0.00238582887687,-0.00184734282084,0.00117088586558,-0.00271163391881,0.00149081740528,-0.00174467277247,0.00237969332375,-0.000749113620259,0.000415235903347,0.000444112840341,-0.000172326355823],[-0.00240504834801,0.00855851639062,-0.00748123601079,0.00613009743392,-0.00531063694507,0.009142418392,-0.00503214308992,0.00646656472236,-0.00971370376647,0.0045328726992,-0.00307843345217,0.00121939030942,0.000344737869455],[0.00238582887687,-0.00748123601079,0.00905154738575,-0.00634419871494,0.00332632660866,-0.00997188780457,0.0055078859441,-0.00668543064967,0.00757048092782,-0.00463764183223,0.00489822449163,-0.00136368337553,0.000830850622151],[-0.00184734282084,0.00613009743392,-0.00634419871494,0.00781633239239,-0.00423299893737,0.00576738966629,-0.00538520189002,0.0050601628609,-0.00706481654197,0.00513581419364,-0.00291902734898,0.00141652789898,0.00140919315163],[0.00117088586558,-0.00531063694507,0.00332632660866,-0.00423299893737,0.0109263602644,-0.00782060902566,0.00208126776852,-0.000236124265939,0.0010286658071,-0.00222400506027,0.00100105640013,0.00178444525227,-0.00339579209685],[-0.00271163391881,0.009142418392,-0.00997188780457,0.00576738966629,-0.00782060902566,0.0209631510079,-0.00989957712591,0.00420802459121,-0.00551449134946,0.00119097647257,-0.00257184472866,-0.000728238082957,0.00217891740613],[0.00149081740528,-0.00503214308992,0.0055078859441,-0.00538520189002,0.00208126776852,-0.00989957712591,0.015597211197,-0.00977849308401,0.00524075655267,0.0038390092086,-0.00619175331667,0.00328412908129,-0.00228866119869],[-0.00174467277247,0.00646656472236,-0.00668543064967,0.0050601628609,-0.000236124265939,0.00420802459121,-0.00977849308401,0.023403884843,-0.0181358810514,0.00196988950484,-0.00109892443288,-0.00425095297396,0.00136993790511],[0.00237969332375,-0.00971370376647,0.00757048092782,-0.00706481654197,0.0010286658071,-0.00551449134946,0.00524075655267,-0.0181358810514,0.0363522730768,-0.0169311333448,0.00637943856418,0.00204936391674,-0.00298157916404],[-0.000749113620259,0.0045328726992,-0.00463764183223,0.00513581419364,-0.00222400506027,0.00119097647257,0.0038390092086,0.00196988950484,-0.0169311333448,0.025890275836,-0.0147872967646,0.0011726282537,-0.00108887441456],[0.000415235903347,-0.00307843345217,0.00489822449163,-0.00291902734898,0.00100105640013,-0.00257184472866,-0.00619175331667,-0.00109892443288,0.00637943856418,-0.0147872967646,0.0259797088802,-0.0128304315731,0.00172602257226],[0.000444112840341,0.00121939030942,-0.00136368337553,0.00141652789898,0.00178444525227,-0.000728238082957,0.00328412908129,-0.00425095297396,0.00204936391674,0.0011726282537,-0.0128304315731,0.0320669747889,-0.0116924000904],[-0.000172326355823,0.000344737869455,0.000830850622151,0.00140919315163,-0.00339579209685,0.00217891740613,-0.00228866119869,0.00136993790511,-0.00298157916404,-0.00108887441456,0.00172602257226,-0.0116924000904,0.0198967587203]],"mean":[-167.180450439,200.762008667,-158.537384033,-31.9801216125,-31.6735153198,-11.3343439102,-7.75727128983,-11.0171556473,-18.039182663,-17.731546402,0.0677849054337,-9.026927948,-4.65899848938]},"hfc":{"dmean":6.07742214203,"dmean2":9.45683670044,"dvar":94.7784194946,"dvar2":225.248657227,"max":128.509063721,"mean":18.5710430145,"median":9.25535297394,"min":1.04418449794e-16,"var":379.220062256},"melbands":{"dmean":[0.000186098754057,0.000427832448622,0.00038348036469,0.000162765543791,0.00012070624507,0.000113269939902,0.000121641431178,0.0000723459743313,0.000100651042885,0.000192082734429,0.000211799138924,0.000266078393906,0.000548042182345,0.0000941623002291,0.000265044829575,0.0000902715473785,0.0000187148216355,0.000010128548638,0.00000511213875143,0.00000527876181877,0.00000290587991003,0.00000252631025432,0.00000149228901591,0.00000298296845358,0.00000187349110092,5.11745042786e-7,3.08148003114e-7,2.39650375988e-7,6.64919923565e-8,2.33206485234e-8,1.33537705338e-8,8.70483862769e-9,3.9624183934e-9,2.55701992913e-9,1.85524551277e-9,1.47979828391e-9,1.47195267086e-9,1.01476560488e-9,7.3705302972e-10,7.24148130349e-10],"dmean2":[0.000197637447855,0.000627151399385,0.000545600778423,0.000282933469862,0.00020550643967,0.000189815793419,0.000207208897336,0.000118908516015,0.000153779779794,0.000281283806544,0.00033888296457,0.000416531751398,0.000868450384587,0.000158317299793,0.000429314299254,0.000144506178913,0.0000313391537929,0.0000169865925272,0.00000862790693645,0.0000089125805971,0.0000050146063586,0.00000443089857072,0.00000264695449914,0.00000530624174644,0.00000331036903845,8.88993724857e-7,5.38327810773e-7,4.11475497231e-7,1.11484780518e-7,3.99365092107e-8,2.25114558106e-8,1.44617704478e-8,6.35819930039e-9,4.03659283776e-9,3.04777203475e-9,2.59968535588e-9,2.37821518034e-9,1.79115666743e-9,1.18186227471e-9,1.26949728507e-9],"dvar":[1.3475781202e-7,5.93174945607e-7,4.76093504176e-7,1.1971604863e-7,5.90791628952e-8,3.31293676936e-8,2.55706993357e-8,1.37516273924e-8,3.25928759537e-8,1.04057860995e-7,1.34485503622e-7,2.72694620662e-7,0.00000120880656596,8.39760545546e-8,3.49138559841e-7,4.10488887326e-8,9.27544985263e-10,2.89623436345e-10,8.80731321207e-11,9.35227520427e-11,6.15300796425e-11,4.08535323626e-11,1.53204775255e-11,7.96570864825e-11,3.95102388306e-11,1.44883627665e-12,1.05879042513e-12,4.77832129333e-13,2.92954815137e-14,6.3358407503e-15,2.6777970422e-15,1.6834428308e-15,4.53023131043e-16,1.96583893026e-16,3.34030327956e-16,1.59068949376e-16,3.0517940639e-16,1.99075731608e-16,9.75313109266e-17,1.77843011136e-16],"dvar2":[1.5344707549e-7,0.00000107996163479,9.30611690819e-7,3.41495649536e-7,1.70916408138e-7,9.01125787323e-8,7.2802009754e-8,3.67178287775e-8,6.84998511247e-8,2.10355239005e-7,3.41759403e-7,6.06631147093e-7,0.00000284178986476,2.30589520811e-7,8.78907599144e-7,1.00118015212e-7,2.56282151057e-9,7.79347253399e-10,2.38294106669e-10,2.55717141906e-10,1.66625532816e-10,1.22622759169e-10,4.75178195403e-11,2.42404596396e-10,1.23983198708e-10,4.24099947868e-12,3.12636570278e-12,1.43327342182e-12,8.18386767317e-14,1.73096857892e-14,6.64025168605e-15,4.04730722813e-15,8.60858060201e-16,3.18211193572e-16,6.3048156275e-16,3.68313695328e-16,7.97864378732e-16,4.68213343463e-16,2.02818148162e-16,4.15044688317e-16],"max":[0.00491884443909,0.00803828891367,0.00854007992893,0.00349688972346,0.00290104025044,0.00189130508807,0.00176769669633,0.00231458456255,0.00308829080313,0.00456901965663,0.00420281803235,0.00754210492596,0.0146179618314,0.00572502240539,0.00956754013896,0.00318351201713,0.000393459777115,0.000220599904424,0.000134978661663,0.000131441818667,0.000178937843884,0.000125147140352,0.0000726016587578,0.000130855391035,0.000111668479803,0.0000207605044125,0.0000265744747594,0.0000150367695824,0.00000304657191919,0.0000017504232801,0.00000164916900758,0.00000166179358985,8.88545287125e-7,6.86818054874e-7,7.61984495057e-7,5.56793679607e-7,7.14815939773e-7,4.76123375392e-7,4.25207758781e-7,5.23452342804e-7],"mean":[0.000914040370844,0.00210701324977,0.00138381193392,0.000392037676647,0.000228574979701,0.000206915065064,0.000216623113374,0.000118965472211,0.000172129221028,0.000339973834343,0.000395223789383,0.000459708593553,0.000774492800701,0.000135403097374,0.00039024327998,0.000134245085064,0.0000313801865559,0.0000152621796587,0.00000820039804239,0.00000843037105369,0.00000451408777735,0.00000397394933316,0.00000252281620305,0.00000456183806818,0.00000302356738757,9.31602926357e-7,6.40541429675e-7,4.20705532633e-7,1.30937777953e-7,4.82143569513e-8,2.97297102492e-8,1.93672065052e-8,8.83366624294e-9,5.17285725365e-9,3.95621668758e-9,3.43643846712e-9,2.79000600401e-9,1.95148652793e-9,1.55024959536e-9,1.51005097315e-9],"median":[0.0000251786168519,0.00102628569584,0.000397914292989,0.000126516504679,0.000153435554239,0.000146787395352,0.000173515043571,0.0000724805431673,0.0000798041583039,0.00013259757543,0.000175329696503,0.000183672265848,0.000204655050766,0.0000287434977508,0.0000599554987275,0.0000383654114557,0.0000172869476955,0.00000746425848774,0.00000363825938621,0.00000395036704504,0.00000133445723804,0.00000155707243721,7.41407120586e-7,7.52393304992e-7,3.34785852374e-7,1.76122739504e-7,8.95757708008e-8,5.06320603222e-8,2.35742998456e-8,1.19703775781e-8,5.96024962718e-9,3.47896977893e-9,1.77950598701e-9,1.22369814282e-9,7.17240433712e-10,4.05454420038e-10,2.26191523844e-10,2.13648557179e-10,1.51391704728e-10,5.53467514874e-11],"min":[2.60840881502e-24,2.71822653607e-24,1.57665181923e-24,3.64012488865e-24,3.55578027509e-24,3.30312765146e-24,2.54906951444e-24,3.78469074928e-24,3.90613628007e-24,5.36287443778e-24,4.17648482874e-24,6.04509830912e-24,1.75508614093e-24,8.6222449609e-24,7.08404665953e-24,3.85371568405e-24,3.27598945581e-24,6.14932931724e-24,5.86147081748e-24,8.24696726221e-24,5.03823450945e-24,4.12731867839e-24,7.81529863057e-24,5.73052937355e-24,5.00562576065e-24,6.9089392601e-24,6.91630169892e-24,7.86758985339e-24,5.10062394073e-24,8.57050436299e-24,7.48156550259e-24,4.47228755225e-24,6.03460685352e-24,6.29393343762e-24,7.9065698373e-24,6.55667184515e-24,9.66039222306e-24,8.37218552028e-24,6.99806476517e-24,6.64606714065e-24],"var":[0.00000180899166935,0.00000553928157387,0.00000370881980416,3.4039055663e-7,7.42003294363e-8,5.12773823402e-8,4.31777955612e-8,2.47832616651e-8,8.16405218984e-8,2.79309489315e-7,3.0661331607e-7,6.34222260487e-7,0.0000020148099793,1.05207611512e-7,5.88812099522e-7,6.40807726882e-8,1.66397950974e-9,4.71006234015e-10,1.62575883311e-10,1.56976653898e-10,9.29673144023e-11,5.28387784915e-11,2.22788228837e-11,1.17772874786e-10,5.84320161701e-11,2.80722558914e-12,2.69970547653e-12,9.1679441816e-13,6.7166466887e-14,1.42883074079e-14,5.94453524559e-15,3.80273154681e-15,1.42795609457e-15,5.80951999374e-16,9.59278365293e-16,6.22634649527e-16,6.23302323248e-16,4.03440760456e-16,3.31707763614e-16,4.63085511879e-16]},"melbands_crest":{"dmean":2.50251436234,"dmean2":3.92059135437,"dvar":5.85440015793,"dvar2":13.990026474,"max":31.8931274414,"mean":15.2646474838,"median":14.8704223633,"min":1.93141722679,"var":23.9521942139},"melbands_flatness_db":{"dmean":0.0154861016199,"dmean2":0.022515501827,"dvar":0.00025488063693,"dvar2":0.000504454888869,"max":0.568961858749,"mean":0.360172659159,"median":0.360189557076,"min":0.00429316516966,"var":0.00557267200202},"melbands_kurtosis":{"dmean":1.59168708324,"dmean2":2.46351838112,"dvar":4.02081155777,"dvar2":9.01085186005,"max":21.7220935822,"mean":2.28242754936,"median":0.729805469513,"min":-1.85431563854,"var":16.3909492493},"melbands_skewness":{"dmean":0.453278928995,"dmean2":0.665905117989,"dvar":0.141923576593,"dvar2":0.29701846838,"max":4.26289415359,"mean":1.03870868683,"median":0.883518159389,"min":-2.33355665207,"var":1.24944746494},"melbands_spread":{"dmean":2.93689990044,"dmean2":4.54968881607,"dvar":9.35116481781,"dvar2":20.6228466034,"max":141.743621826,"mean":16.8357963562,"median":14.1826467514,"min":1.41229820251,"var":129.919952393},"mfcc":{"cov":[[14463.1210938,6479.68701172,-1876.3013916,1799.19140625,267.159210205,861.616699219,1605.18310547,985.128723145,151.489181519,57.6889533997,-180.272171021,-415.134796143,-620.255126953],[6479.68701172,4254.40087891,-241.547454834,669.044189453,516.224304199,416.036865234,728.369262695,458.779998779,213.000671387,126.942497253,-36.3754386902,-176.272460938,-269.029083252],[-1876.3013916,-241.547454834,942.262451172,59.4238510132,262.177825928,43.6726989746,-35.4566726685,31.8695869446,178.104064941,116.353164673,33.5374794006,44.4355659485,64.3533630371],[1799.19140625,669.044189453,59.4238510132,761.604858398,175.792678833,287.218597412,452.525360107,309.508087158,163.710586548,80.0886764526,-39.4122467041,-94.8875045776,-125.831977844],[267.159210205,516.224304199,262.177825928,175.792678833,333.064147949,148.945022583,92.7295608521,74.3666915894,119.761528015,87.0366592407,22.2718334198,-4.34709358215,-27.0360012054],[861.616699219,416.036865234,43.6726989746,287.218597412,148.945022583,243.169998169,241.888702393,149.854309082,95.6887435913,67.6123428345,20.7515335083,-12.3436765671,-35.3430938721],[1605.18310547,728.369262695,-35.4566726685,452.525360107,92.7295608521,241.888702393,442.519927979,282.582000732,114.258430481,79.9386291504,7.68076276779,-49.9876937866,-70.6944274902],[985.128723145,458.779998779,31.8695869446,309.508087158,74.3666915894,149.854309082,282.582000732,247.181274414,118.468856812,65.4098739624,13.7898216248,-22.7095241547,-36.3744125366],[151.489181519,213.000671387,178.104064941,163.710586548,119.761528015,95.6887435913,114.258430481,118.468856812,146.570663452,88.8010787964,21.2501621246,6.59168863297,-1.50750374794],[57.6889533997,126.942497253,116.353164673,80.0886764526,87.0366592407,67.6123428345,79.9386291504,65.4098739624,88.8010787964,119.71346283,71.3685073853,43.0242004395,28.9465293884],[-180.272171021,-36.3754386902,33.5374794006,-39.4122467041,22.2718334198,20.7515335083,7.68076276779,13.7898216248,21.2501621246,71.3685073853,129.643508911,90.611869812,59.9843940735],[-415.134796143,-176.272460938,44.4355659485,-94.8875045776,-4.34709358215,-12.3436765671,-49.9876937866,-22.7095241547,6.59168863297,43.0242004395,90.611869812,123.724845886,93.4944763184],[-620.255126953,-269.029083252,64.3533630371,-125.831977844,-27.0360012054,-35.3430938721,-70.6944274902,-36.3744125366,-1.50750374794,28.9465293884,59.9843940735,93.4944763184,127.442825317]],"icov":[[0.00208966620266,-0.00281248777173,0.00295267207548,-0.00307817268185,0.00261644856073,-0.00266352039762,0.00285027595237,-0.00280991988257,0.00279806274921,-0.00262894178741,0.00208027847111,-0.00151448731776,0.00106053624768],[-0.00281248777173,0.0042993449606,-0.00364188640378,0.00452541140839,-0.00464084232226,0.00417603878304,-0.00502991396934,0.00377552001737,-0.00397746730596,0.00369027536362,-0.00270025222562,0.0019713875372,-0.0009046390187],[0.00295267207548,-0.00364188640378,0.00622579967603,-0.00429741246626,0.00180109986104,-0.00267429021187,0.00355655094609,-0.00348774483427,0.00155998358969,-0.00351215107366,0.00311513873748,-0.00181021122262,0.000591444259044],[-0.00307817268185,0.00452541140839,-0.00429741246626,0.00917272921652,-0.00494676595554,0.00316510372795,-0.00776659883559,0.0031875683926,-0.00520772486925,0.00394782470539,-0.00154697848484,0.00182677619159,0.00065817363793],[0.00261644856073,-0.00464084232226,0.00180109986104,-0.00494676595554,0.0122704738751,-0.00882960297167,0.00808846578002,-0.00305398716591,0.00241397740319,-0.00554751232266,0.00221471255645,-0.00160112301819,0.00233395327814],[-0.00266352039762,0.00417603878304,-0.00267429021187,0.00316510372795,-0.00882960297167,0.0180242992938,-0.0128840841353,0.00776864122599,-0.00758061045781,0.00620886357501,-0.00414024991915,0.000364667386748,-0.00129507563543],[0.00285027595237,-0.00502991396934,0.00355655094609,-0.00776659883559,0.00808846578002,-0.0128840841353,0.0243879295886,-0.0183897688985,0.0124769480899,-0.0110111879185,0.00381002156064,0.00046599045163,0.000725563964806],[-0.00280991988257,0.00377552001737,-0.00348774483427,0.0031875683926,-0.00305398716591,0.00776864122599,-0.0183897688985,0.028246562928,-0.0190393514931,0.011535753496,-0.00730424420908,0.002368432004,-0.00257460423745],[0.00279806274921,-0.00397746730596,0.00155998358969,-0.00520772486925,0.00241397740319,-0.00758061045781,0.0124769480899,-0.0190393514931,0.0336408093572,-0.0209766160697,0.0106046972796,-0.00390089279972,0.00222159991972],[-0.00262894178741,0.00369027536362,-0.00351215107366,0.00394782470539,-0.00554751232266,0.00620886357501,-0.0110111879185,0.011535753496,-0.0209766160697,0.0332148075104,-0.0166927557439,0.00398250157014,-0.00446098251268],[0.00208027847111,-0.00270025222562,0.00311513873748,-0.00154697848484,0.00221471255645,-0.00414024991915,0.00381002156064,-0.00730424420908,0.0106046972796,-0.0166927557439,0.0266481526196,-0.0170022826642,0.0045217582956],[-0.00151448731776,0.0019713875372,-0.00181021122262,0.00182677619159,-0.00160112301819,0.000364667386748,0.00046599045163,0.002368432004,-0.00390089279972,0.00398250157014,-0.0170022826642,0.0319891870022,-0.0162116214633],[0.00106053624768,-0.0009046390187,0.000591444259044,0.00065817363793,0.00233395327814,-0.00129507563543,0.000725563964806,-0.00257460423745,0.00222159991972,-0.00446098251268,0.0045217582956,-0.0162116214633,0.0220577362925]],"mean":[-779.662841797,219.583969116,-45.0612869263,-12.4560947418,-8.04533863068,-6.25418901443,8.96210861206,3.4246764183,-7.2573800087,-5.1383061409,-2.73708796501,-1.13483428955,-1.5224840641]},"pitch_salience":{"dmean":0.0626500844955,"dmean2":0.101185999811,"dvar":0.00310641853139,"dvar2":0.0080431913957,"max":0.953838706017,"mean":0.493480861187,"median":0.488358467817,"min":0.130583062768,"var":0.011184877716},"silence_rate_20dB":{"dmean":0,"dmean2":0,"dvar":0,"dvar2":0,"max":1,"mean":1,"median":1,"min":1,"var":0},"silence_rate_30dB":{"dmean":0.00501504493877,"dmean2":0.0100351227447,"dvar":0.00498983543366,"dvar2":0.0139486547559,"max":1,"mean":0.996992468834,"median":1,"min":0,"var":0.00299848127179},"silence_rate_60dB":{"dmean":0.0145436311141,"dmean2":0.0291018560529,"dvar":0.0143323065713,"dvar2":0.0302619040012,"max":1,"mean":0.203508764505,"median":0,"min":0,"var":0.162090435624},"spectral_centroid":{"dmean":80.2990951538,"dmean2":125.492675781,"dvar":46349.9921875,"dvar2":99957.3359375,"max":11303.1865234,"mean":814.670715332,"median":766.001525879,"min":324.536529541,"var":452289.78125},"spectral_complexity":{"dmean":1.81193578243,"dmean2":3.07927751541,"dvar":3.5298101902,"dvar2":8.7293176651,"max":32,"mean":13.911277771,"median":15,"min":0,"var":49.2677497864},"spectral_contrast_coeffs":{"dmean":[0.0424030534923,0.0413255728781,0.0424777045846,0.032800834626,0.0201027262956,0.0158136449754],"dmean2":[0.0725601986051,0.0697615221143,0.0695388838649,0.0537994392216,0.0340452864766,0.0267771538347],"dvar":[0.00130378932226,0.00110837130342,0.00123712909408,0.000753120868467,0.000270117103355,0.000184828430065],"dvar2":[0.0034869085066,0.00315531529486,0.00308260810561,0.00197206321172,0.000774222775362,0.000497849541716],"max":[-0.292838335037,-0.359086155891,-0.349432677031,-0.459683656693,-0.633499026299,-0.644960224628],"mean":[-0.627878427505,-0.733512222767,-0.693805873394,-0.719564378262,-0.779083013535,-0.780693113804],"median":[-0.647539615631,-0.753768146038,-0.703094184399,-0.729571938515,-0.776008367538,-0.770524740219],"min":[-0.975788295269,-0.969590961933,-0.987107396126,-0.970819175243,-0.963869988918,-0.963660240173],"var":[0.0179307181388,0.0104625476524,0.010714687407,0.00853556767106,0.00240404088981,0.00310683599673]},"spectral_contrast_valleys":{"dmean":[0.444206118584,0.343335002661,0.28849375248,0.228596866131,0.172848328948,0.218172386289],"dmean2":[0.763230741024,0.57601159811,0.470276385546,0.369900316,0.270192712545,0.37217438221],"dvar":[0.178550481796,0.122725747526,0.0974226221442,0.0816254168749,0.0724596232176,0.0778884962201],"dvar2":[0.434570759535,0.264043986797,0.18242302537,0.131427466869,0.109836883843,0.156941026449],"max":[-5.81677532196,-5.05548143387,-5.32168149948,-6.0539431572,-6.87716960907,-9.5986366272],"mean":[-8.7173871994,-7.33749485016,-7.60829734802,-8.69941997528,-9.64479637146,-13.7344646454],"median":[-7.8018116951,-6.43878793716,-6.75756025314,-7.92738819122,-9.09957408905,-13.6016454697],"min":[-27.8141441345,-27.3897075653,-27.2549705505,-27.7599525452,-27.3724727631,-27.3251667023],"var":[6.72309541702,5.80527830124,5.68147563934,5.24023914337,4.20335483551,1.63598465919]},"spectral_decrease":{"dmean":1.69049652055e-9,"dmean2":2.57914467561e-9,"dvar":5.82301030037e-18,"dvar2":1.33271551807e-17,"max":8.23792218846e-29,"mean":-7.6179338393e-9,"median":-7.24992377243e-9,"min":-3.56919365174e-8,"var":3.692721859e-17},"spectral_energy":{"dmean":0.00690160412341,"dmean2":0.0105512663722,"dvar":0.0000985134465736,"dvar2":0.000226489137276,"max":0.146365523338,"mean":0.0304362587631,"median":0.0283045042306,"min":1.02962822071e-20,"var":0.000603690685239},"spectral_energyband_high":{"dmean":0.00000322793425767,"dmean2":0.00000530852912561,"dvar":1.0865796457e-10,"dvar2":2.40865577483e-10,"max":0.000369791785488,"mean":0.00000806784919405,"median":0.00000165954031672,"min":7.4108064275e-21,"var":3.54351464837e-10},"spectral_energyband_low":{"dmean":0.00182958133519,"dmean2":0.00266685662791,"dvar":0.0000100330371424,"dvar2":0.000018939268557,"max":0.0326912738383,"mean":0.0094342045486,"median":0.0069645261392,"min":1.80289868485e-23,"var":0.0000808339900686},"spectral_energyband_middle_high":{"dmean":0.00541065214202,"dmean2":0.00848715845495,"dvar":0.0000799089611974,"dvar2":0.000187505022041,"max":0.11686117202,"mean":0.0125932358205,"median":0.00465455884114,"min":1.24598815456e-21,"var":0.000242800131673},"spectral_energyband_middle_low":{"dmean":0.00283293589018,"dmean2":0.00434955907986,"dvar":0.0000178578284249,"dvar2":0.0000414413152612,"max":0.0573774985969,"mean":0.00997581332922,"median":0.00694015994668,"min":1.64462617666e-22,"var":0.0000968104723142},"spectral_entropy":{"dmean":0.119808107615,"dmean2":0.180929377675,"dvar":0.0139220897108,"dvar2":0.027632560581,"max":9.80929756165,"mean":6.51496315002,"median":6.53543567657,"min":4.24695968628,"var":0.349156290293},"spectral_flux":{"dmean":0.0171734057367,"dmean2":0.0287864971906,"dvar":0.000434791931184,"dvar2":0.00108666089363,"max":0.265384882689,"mean":0.0668827146292,"median":0.0566981211305,"min":6.51509748928e-11,"var":0.00218518986367},"spectral_kurtosis":{"dmean":16.0663928986,"dmean2":28.3450565338,"dvar":209.755050659,"dvar2":622.542114258,"max":124.819854736,"mean":34.5500602722,"median":28.9151420593,"min":-1.27244913578,"var":571.115600586},"spectral_rms":{"dmean":0.00054314173758,"dmean2":0.000820402754471,"dvar":4.23464740607e-7,"dvar2":9.53379185376e-7,"max":0.0119497124106,"mean":0.00477629154921,"median":0.00525491684675,"min":3.16940896271e-12,"var":0.00000688099180479},"spectral_rolloff":{"dmean":145.094665527,"dmean2":248.4793396,"dvar":105225.617188,"dvar2":216290.015625,"max":19315.2832031,"mean":1034.39208984,"median":990.52734375,"min":21.533203125,"var":1396474.75},"spectral_skewness":{"dmean":0.989059865475,"dmean2":1.74797534943,"dvar":0.714975953102,"dvar2":2.16426634789,"max":8.83713817596,"mean":3.60647845268,"median":3.35208129883,"min":-0.044381968677,"var":2.30096888542},"spectral_spread":{"dmean":218785.265625,"dmean2":378613.625,"dvar":471949574144,"dvar2":875688099840,"max":43009340,"mean":1743620.125,"median":1278176.875,"min":616064.5,"var":7619122561020},"spectral_strongpeak":{"dmean":0.855253219604,"dmean2":1.48676085472,"dvar":2.81142091751,"dvar2":7.00901985168,"max":12.8374710083,"mean":1.34562540054,"median":0.59747749567,"min":0,"var":3.3830845356},"zerocrossingrate":{"dmean":0.00355411949567,"dmean2":0.00437713647261,"dvar":0.0000293337016046,"dvar2":0.0000398505289922,"max":0.51806640625,"mean":0.0364172160625,"median":0.03466796875,"min":0,"var":0.00135091529228}},"metadata":{"audio_properties":{"analysis_sample_rate":44100,"bit_rate":0,"codec":"flac","downmix":"mix","equal_loudness":0,"length":46.2933349609,"lossless":true,"md5_encoded":"7081f996e9774a7cba98c50839d53b7b","replay_gain":-5.14326095581},"tags":{"acoustid_id":["4a251270-d621-4c5f-9119-7e920b331691"],"album":["Kasabian"],"album artist":["Kasabian"],"albumartist":["Kasabian"],"albumartist_credit":["Kasabian"],"albumartistsort":["Kasabian"],"artist":["Kasabian"],"artist_credit":["Kasabian"],"artistsort":["Kasabian"],"asin":["B0002LI58Q"],"barcode":["828766383829"],"bpm":["0"],"catalognumber":["PARADISE16"],"compilation":["0"],"date":["2004-9-6"],"disc":["1"],"discc":["1"],"discnumber":["1"],"disctotal":["1"],"file_name":"05. Orange.flac","genre":["Indie Rock"],"isrc":["GBARL0400696"],"label":["RCA"],"language":["eng"],"media":["CD"],"musicbrainz_albumartistid":["69b39eab-6577-46a4-a9f5-817839092033"],"musicbrainz_albumid":["95bc8942-e8b5-4f74-a58c-5ba086798c23"],"musicbrainz_albumstatus":["Official"],"musicbrainz_albumtype":["album"],"musicbrainz_artistid":["69b39eab-6577-46a4-a9f5-817839092033"],"musicbrainz_discid":["6w9or_Ceik0ZHWyLQCVfaAD4QWo-"],"musicbrainz_recordingid":["2b3597e0-3d53-4e88-bcdb-0f4744303a49"],"musicbrainz_releasegroupid":["6a5a0cc6-245e-3e29-a143-c1bab026def6"],"originaldate":["2004-8-25"],"publisher":["RCA"],"releasecountry":["GB"],"releasestatus":["official"],"releasetype":["album"],"replaygain_album_gain":["-7.06 dB"],"replaygain_album_peak":["1.000000"],"replaygain_reference_loudness":["89.0 dB"],"replaygain_track_gain":["-1.25 dB"],"replaygain_track_peak":["0.652130"],"script":["Latn"],"title":["Orange"],"totaldiscs":["1"],"totaltracks":["13"],"track":["5"],"trackc":["13"],"tracknumber":["5"],"tracktotal":["13"],"year":["2004"]},"version":{"essentia":"2.1-beta1","essentia_build_sha":"12879b851c9f4b0d899e1af4e221aa110f283a84","essentia_git_sha":"v2.1_beta1-7-ge0e83e8-dirty","extracto