{"lowlevel":{"average_loudness":0.876669049263,"barkbands":{"dmean":[0.00604631192982,0.0105623295531,0.00305300136097,0.00209985789843,0.00261270999908,0.00218355003744,0.000942234881222,0.000882543390617,0.00122900761198,0.000860251893755,0.000550345052034,0.000621963699814,0.000432315515354,0.000424032041337,0.000343021383742,0.000268570729531,0.00024798058439,0.000208605051739,0.000132031971589,0.0000958442760748,0.0000849452699185,0.0000496033026138,0.0000219406520046,0.00000760577677283,0.00000232266643252,0.0000133456687763,0.000129454405396],"dmean2":[0.00995095539838,0.0182842426002,0.00525978161022,0.00348815484904,0.00420589093119,0.0034336973913,0.00148021045607,0.0014294499997,0.00195489358157,0.00134130334482,0.000880615785718,0.000976066337898,0.000703932950273,0.000674059381709,0.000542170600966,0.000424439931521,0.000388342043152,0.000323377142195,0.000201332150027,0.000140457952511,0.000118825388199,0.0000711563552613,0.0000313354394166,0.0000111667350211,0.00000387664658774,0.0000184936307051,0.000183520765859],"dvar":[0.0000803243165137,0.000272108009085,0.0000348775392922,0.0000167724574567,0.0000280510666926,0.0000258035488514,0.0000068049530455,0.00000736725178285,0.0000105219251054,0.00000620362425252,0.00000173220291799,0.00000157674799084,8.78856724285e-7,0.00000112524480755,5.381151027e-7,4.28844202816e-7,1.88426241721e-7,1.45321862988e-7,5.60724622289e-8,3.37746506318e-8,3.23369704347e-8,9.70999014527e-9,1.42443312701e-9,1.37247838095e-10,1.41435986187e-11,4.59830062916e-10,4.39714291645e-8],"dvar2":[0.000198137044208,0.000717871706001,0.0000936644573812,0.000042372255848,0.0000683992984705,0.0000605118402746,0.0000159271130542,0.000018720236767,0.0000242577989411,0.0000142613753269,0.00000421753748014,0.00000359183786713,0.00000227094665206,0.00000274759759122,0.00000131511569634,0.00000108138431187,4.5090138201e-7,3.47225153519e-7,1.36523510719e-7,7.25399544876e-8,6.11524484384e-8,1.8890519371e-8,2.82147749608e-9,2.71631578341e-10,3.47337887618e-11,8.30241764227e-10,8.30815665154e-8],"max":[0.0970030725002,0.162888899446,0.0844097137451,0.0867746174335,0.148114919662,0.123190768063,0.0567601807415,0.0973624959588,0.0744251608849,0.0763220787048,0.0352083258331,0.034912198782,0.0322859026492,0.0356528423727,0.034290175885,0.0237316265702,0.0195022840053,0.0117841009051,0.00955769326538,0.00884082168341,0.00756193324924,0.0037362575531,0.000614141405094,0.000262705114437,0.0000566949711356,0.000356347271008,0.0141362836584],"mean":[0.00742156151682,0.0116037046537,0.00288183987141,0.00214683706872,0.00298375217244,0.00274609564804,0.0011008012807,0.000976075476501,0.00142650841735,0.000999880256131,0.000718267110642,0.000868248869665,0.000641675957013,0.00063485163264,0.000561780296266,0.000476213055663,0.000452258449513,0.000379376113415,0.000252091616858,0.000199491638341,0.000183844444109,0.000104240149085,0.0000447058919235,0.0000139107878567,0.0000023028992473,0.0000299243820336,0.000471020728583],"median":[0.00380774680525,0.00609738286585,0.00118855002802,0.0007653098437,0.00102726370096,0.000590773939621,0.000253246864304,0.00021128730441,0.000364028441254,0.000237591521,0.000243186528678,0.000335291319061,0.000310544273816,0.000315304729156,0.000287811941234,0.000204208496143,0.000269583659247,0.000219147201278,0.000135441878228,0.0000922942053876,0.0000802145077614,0.000042429761379,0.0000186096185644,0.00000596555264565,8.89447278496e-7,0.000012688696188,0.000339596561389],"min":[7.86573584044e-10,6.73352706926e-10,9.7244967634e-10,1.49483569967e-9,1.56613111368e-9,2.53814214091e-9,1.23250953887e-9,6.14410022859e-10,9.16088593872e-10,3.38699179814e-10,4.2560324709e-10,4.11317341298e-10,3.17922715931e-10,2.64763322377e-10,2.28163307692e-10,1.95722202334e-10,1.64069716146e-10,1.52830609279e-10,1.36966826769e-10,1.22376622724e-10,1.12816228581e-10,8.12389999022e-12,8.21440224869e-12,9.86579221096e-12,1.19413923194e-11,1.76666858226e-11,8.3436896281e-11],"var":[0.000104697021015,0.000254390528426,0.0000278480438283,0.0000167366160895,0.0000319426835631,0.0000516071886523,0.00000895186622074,0.00000778586218075,0.0000136658027259,0.00000798812470748,0.00000243376462095,0.0000026974857974,0.00000122766027744,0.00000143465865676,8.28684846965e-7,9.67641653915e-7,3.89289169789e-7,2.76255150311e-7,1.22170703776e-7,1.03116043704e-7,9.91793953631e-8,2.90588708651e-8,4.2509240572e-9,3.92978261043e-10,1.50619568901e-11,1.70924419063e-9,2.27326481195e-7]},"barkbands_crest":{"dmean":3.4558300972,"dmean2":5.76229000092,"dvar":8.29447841644,"dvar2":21.3239555359,"max":26.6315784454,"mean":10.3928537369,"median":9.85373973846,"min":2.20978069305,"var":17.7710208893},"barkbands_flatness_db":{"dmean":0.0322030857205,"dmean2":0.050996106118,"dvar":0.000808484153822,"dvar2":0.00201150914654,"max":0.392570346594,"mean":0.136072635651,"median":0.129710152745,"min":0.0260131005198,"var":0.00288949743845},"barkbands_kurtosis":{"dmean":7.50068473816,"dmean2":12.3775548935,"dvar":212.78276062,"dvar2":545.358276367,"max":571.680114746,"mean":8.98264789581,"median":3.86798429489,"min":-1.74893045425,"var":249.391845703},"barkbands_skewness":{"dmean":0.973675251007,"dmean2":1.52363574505,"dvar":1.12071835995,"dvar2":2.6713449955,"max":22.5972709656,"mean":2.20564508438,"median":1.85770702362,"min":-1.47173070908,"var":2.63463044167},"barkbands_spread":{"dmean":8.94054603577,"dmean2":13.8212184906,"dvar":78.8144607544,"dvar2":173.773864746,"max":103.067863464,"mean":26.176815033,"median":22.9177093506,"min":0.785169184208,"var":263.674133301},"dissonance":{"dmean":0.0178223215044,"dmean2":0.0293189045042,"dvar":0.000371736852685,"dvar2":0.000933736620937,"max":0.500000119209,"mean":0.473034441471,"median":0.481029510498,"min":0.289797067642,"var":0.000639898527879},"dynamic_complexity":2.40002727509,"erbbands":{"dmean":[0.518430411816,1.75163161755,3.40633583069,5.69708490372,5.33881187439,10.0221061707,19.5778541565,15.3661556244,11.4381122589,16.8234348297,20.2156028748,27.6542205811,28.4609222412,22.0951290131,23.0626888275,23.8175296783,18.6919574738,19.6989707947,19.1685581207,15.6195859909,13.8389453888,13.6737575531,11.4092750549,8.43684482574,5.29507923126,4.46736955643,4.1025185585,2.88238167763,1.87966966629,1.18958890438,0.531316518784,0.250185519457,0.0748254731297,0.0269239880145,0.0164015498012,0.0144014647231,0.0309334304184,0.0265626180917,0.0127587914467,0.00314138154499],"dmean2":[0.909304022789,3.00913333893,5.8137140274,9.4833650589,8.74689292908,16.19764328,31.3484706879,23.7036552429,17.6658115387,26.7362957001,32.32604599,43.9676246643,44.4400253296,34.2445411682,36.1057853699,37.174571991,29.9592037201,31.1670036316,29.8174877167,24.5930213928,21.8068294525,21.2916126251,17.5454292297,12.8482151031,7.87572050095,6.48111343384,5.80839157104,4.11356782913,2.69721841812,1.71762645245,0.759599864483,0.358843564987,0.113664768636,0.0446234494448,0.0273156818002,0.0222481954843,0.0427311770618,0.0353663936257,0.0168400835246,0.00455655902624],"dvar":[0.720910549164,7.11182546616,32.615776062,128.096038818,149.42489624,450.292053223,2110.21850586,1538.70861816,937.707702637,2545.7253418,3283.20849609,6005.48974609,6576.09716797,4175.68115234,2650.92480469,2461.05615234,1650.38916016,1836.79956055,1874.42810059,848.576293945,920.09576416,603.952087402,442.191741943,194.878341675,104.354171753,72.827911377,69.9307861328,41.1294708252,14.7336874008,4.48809862137,0.816634953022,0.160639494658,0.0121424756944,0.00180831761099,0.000702192308381,0.000397556839744,0.00261559919454,0.00187471997924,0.000375595729565,0.0000235662555497],"dvar2":[1.98466157913,18.6410102844,85.9742126465,327.826202393,387.638946533,1091.73840332,5038.72216797,3543.11621094,2140.37939453,6053.02490234,8037.11181641,14084.9150391,15573.1074219,9661.21289062,6505.75683594,5624.61865234,4214.93359375,4405.27490234,4441.13378906,2034.55749512,2275.07861328,1420.95935059,1043.08166504,461.615661621,245.105056763,150.716522217,138.380203247,80.6731262207,28.7282276154,9.0761384964,1.57661056519,0.308592051268,0.0248716548085,0.00444030528888,0.0017270311946,0.000879577244632,0.00467476528138,0.00318233971484,0.0006647623959,0.000047104756959],"max":[7.75980854034,28.1098766327,80.4365158081,189.425857544,417.43951416,585.148254395,1141.89135742,1526.015625,957.508850098,1229.36865234,2322.18164062,1638.75195312,2431.89575195,2667.50048828,1426.42810059,1393.46118164,1536.50805664,1385.7364502,1742.0456543,1039.93823242,1054.90332031,1051.54516602,578.260559082,310.779174805,451.200805664,374.408691406,297.244659424,277.187225342,141.698318481,47.2252120972,15.0506677628,7.79096269608,2.24638795853,0.66798222065,0.387229263783,0.33140951395,0.857236981392,0.883405447006,0.582792818546,0.326965898275],"mean":[0.551334142685,1.80863797665,3.40356087685,5.97317314148,6.27450561523,10.8912916183,21.5543479919,21.0592918396,14.431889534,19.5702610016,23.8001079559,32.3050422668,33.7113380432,28.3625106812,32.480884552,34.5806655884,29.5527362823,32.1638031006,31.3151512146,27.7887172699,26.5851993561,26.0265464783,21.3362674713,16.4833316803,10.7281475067,9.46788883209,8.71248817444,6.09293603897,3.92384958267,2.4408056736,1.09726345539,0.49796962738,0.118396408856,0.0291784200817,0.0167944282293,0.0223181452602,0.0695019885898,0.0710575431585,0.0405133366585,0.0123077454045],"median":[0.254451304674,0.830329537392,1.5731729269,2.33423233032,2.45475459099,3.42562222481,5.01394605637,4.41448926926,3.75747871399,4.38038921356,6.11792230606,8.64769744873,8.5514793396,9.03839206696,12.0092573166,14.267036438,14.576415062,17.4672222137,15.163561821,13.9653701782,13.1487636566,15.628911972,12.4597291946,9.30027770996,5.51665115356,4.40534543991,3.79549813271,2.65193986893,1.58136773109,0.995748102665,0.458431750536,0.203173741698,0.0580033957958,0.0138348182663,0.0069831898436,0.0121865840629,0.0276260823011,0.0323359929025,0.0237247440964,0.00937494635582],"min":[2.69367692596e-8,1.92445483549e-7,0.00000114804754503,0.00000310582231577,0.00000348953517459,0.00000721296328265,0.0000117342715384,0.0000210433227039,0.0000213236035052,0.0000124285188576,0.0000128259607663,0.0000205922024179,0.0000193038285943,0.0000186038651009,0.0000174939050339,0.0000164127559401,0.000014994267076,0.0000138373752634,0.0000127484836412,0.0000115866751003,0.0000103532129287,0.0000094354736575,0.00000850988362799,0.00000755561313781,0.00000648052855468,0.00000577688524572,0.0000050574180932,0.00000407965626437,7.25136658275e-7,2.98493716855e-7,2.31225953939e-7,2.18033193278e-7,1.64195469665e-7,1.47339235923e-7,8.21377739157e-8,5.24371053245e-8,3.64071190972e-8,5.04699180226e-8,1.13795817214e-8,1.42960754346e-9],"var":[0.643943667412,6.67018699646,28.2084236145,121.097488403,173.813262939,485.746765137,2409.08325195,4990.92333984,1320.67468262,3164.328125,3778.54443359,7384.83740234,8076.19580078,5341.12792969,4172.88867188,3863.89355469,2381.81396484,2735.50366211,2880.41845703,1834.13671875,2274.09448242,1284.54980469,862.815307617,484.368438721,235.223052979,231.229446411,216.63633728,113.712203979,43.4522132874,13.5752401352,2.50280785561,0.507817268372,0.0279621649534,0.0019730583299,0.000749327125959,0.000796279811766,0.00956305768341,0.00906035210937,0.00236339936964,0.000119665957754]},"erbbands_crest":{"dmean":2.94897079468,"dmean2":4.7803606987,"dvar":8.24876785278,"dvar2":19.8998165131,"max":29.3768463135,"mean":8.16679954529,"median":7.04909944534,"min":2.19619584084,"var":16.3359889984},"erbbands_flatness_db":{"dmean":0.02392924577,"dmean2":0.0349575430155,"dvar":0.000447115948191,"dvar2":0.000913510390092,"max":0.335976302624,"mean":0.140660986304,"median":0.135419145226,"min":0.0465382821858,"var":0.00154013384599},"erbbands_kurtosis":{"dmean":1.13872683048,"dmean2":1.80740439892,"dvar":2.45767498016,"dvar2":5.76681232452,"max":27.8789634705,"mean":0.582730650902,"median":0.0336892604828,"min":-1.79713070393,"var":4.17321586609},"erbbands_skewness":{"dmean":0.448953181505,"dmean2":0.667015075684,"dvar":0.167975619435,"dvar2":0.349285274744,"max":3.69524002075,"mean":-0.0526021793485,"median":-0.104269728065,"min":-4.09113740921,"var":0.605198144913},"erbbands_spread":{"dmean":8.81316661835,"dmean2":13.489569664,"dvar":63.4856567383,"dvar2":142.579666138,"max":105.779281616,"mean":32.715713501,"median":31.6870441437,"min":3.10808253288,"var":176.640090942},"gfcc":{"cov":[[3109.15966797,-717.243591309,-223.936019897,118.47832489,-390.744262695,-130.20640564,67.7264404297,-179.077270508,80.0206985474,58.4757080078,-142.788406372,114.483726501,-168.808609009],[-717.243591309,1048.46496582,106.531784058,-290.523223877,103.981735229,-68.296836853,-85.1303329468,81.2372131348,-43.113986969,-12.9527292252,112.755897522,-77.3036117554,128.310623169],[-223.936019897,106.531784058,391.717498779,140.892349243,-18.4834442139,129.162765503,-103.143257141,93.281578064,-15.8803710938,55.8210678101,14.807756424,-9.05750656128,7.67316627502],[118.47832489,-290.523223877,140.892349243,359.692199707,124.605186462,59.6107597351,63.3219985962,-26.3958930969,27.3716716766,16.7963600159,-31.8114261627,23.3823738098,-59.0700187683],[-390.744262695,103.981735229,-18.4834442139,124.605186462,304.446014404,81.1391372681,82.8065338135,8.12857723236,-5.72946310043,-41.6982154846,17.0924263,-27.5583362579,23.5672874451],[-130.20640564,-68.296836853,129.162765503,59.6107597351,81.1391372681,285.101287842,52.1626815796,83.1277236938,-48.5801773071,-9.52358722687,-16.4225711823,-2.70997953415,12.3431520462],[67.7264404297,-85.1303329468,-103.143257141,63.3219985962,82.8065338135,52.1626815796,246.041107178,-17.3531665802,41.9718322754,-29.9138660431,-27.7508544922,22.4452209473,-18.0586891174],[-179.077270508,81.2372131348,93.281578064,-26.3958930969,8.12857723236,83.1277236938,-17.3531665802,177.945602417,25.7574367523,32.5014762878,27.9868335724,-26.8414554596,30.7735385895],[80.0206985474,-43.113986969,-15.8803710938,27.3716716766,-5.72946310043,-48.5801773071,41.9718322754,25.7574367523,146.367584229,59.6982421875,10.9055252075,17.101398468,-41.4248733521],[58.4757080078,-12.9527292252,55.8210678101,16.7963600159,-41.6982154846,-9.52358722687,-29.9138660431,32.5014762878,59.6982421875,105.561813354,50.0827445984,13.1211671829,0.938858807087],[-142.788406372,112.755897522,14.807756424,-31.8114261627,17.0924263,-16.4225711823,-27.7508544922,27.9868335724,10.9055252075,50.0827445984,95.4381408691,34.512966156,32.7376403809],[114.483726501,-77.3036117554,-9.05750656128,23.3823738098,-27.5583362579,-2.70997953415,22.4452209473,-26.8414554596,17.101398468,13.1211671829,34.512966156,88.5777893066,14.6119718552],[-168.808609009,128.310623169,7.67316627502,-59.0700187683,23.5672874451,12.3431520462,-18.0586891174,30.7735385895,-41.4248733521,0.938858807087,32.7376403809,14.6119718552,109.1145401]],"icov":[[0.000609339796938,-0.000400303921197,0.00122588383965,-0.0010901192436,0.00111639103852,-0.000394099246478,0.000292423617793,-0.000169847829966,0.000331365241436,-0.00106154859532,0.0014347282704,-0.00105953286402,0.000483186275233],[-0.000400303921197,0.00451781786978,-0.00649595819414,0.0072971181944,-0.00516782002524,0.00395328272134,-0.00247764890082,0.000863118097186,0.000287676462904,0.00150991475675,-0.00330305402167,0.00240264390595,-0.000743767479435],[0.00122588383965,-0.00649595819414,0.0167560502887,-0.0160907711834,0.012145427987,-0.00971785839647,0.00677191652358,-0.00172016175929,-0.00248487107456,-0.000601339444984,0.00121167779434,0.000314801320201,-0.00161583034787],[-0.0010901192436,0.0072971181944,-0.0160907711834,0.0230001695454,-0.0183027815074,0.0114351529628,-0.00631284713745,-0.000943055783864,0.00747941527516,-0.00827052071691,0.00773041043431,-0.00834010448307,0.00690446421504],[0.00111639103852,-0.00516782002524,0.012145427987,-0.0183027815074,0.0211989674717,-0.0119772972539,0.00335676805116,0.00426726182923,-0.0106506990269,0.0132516073063,-0.0141220809892,0.0138062899932,-0.00859940517694],[-0.000394099246478,0.00395328272134,-0.00971785839647,0.0114351529628,-0.0119772972539,0.0140201114118,-0.00537569401786,-0.00571500649676,0.0103247538209,-0.0083462940529,0.00920989178121,-0.009017967619,0.00577445235103],[0.000292423617793,-0.00247764890082,0.00677191652358,-0.00631284713745,0.00335676805116,-0.00537569401786,0.00882395077497,0.000158748647664,-0.00436907913536,0.00222773244604,0.00141102832276,-0.0013356085401,-0.00115145859309],[-0.000169847829966,0.000863118097186,-0.00172016175929,-0.000943055783864,0.00426726182923,-0.00571500649676,0.000158748647664,0.0134269455448,-0.00989085342735,0.00817765574902,-0.012188767083,0.012928663753,-0.00760272145271],[0.000331365241436,0.000287676462904,-0.00248487107456,0.00747941527516,-0.0106506990269,0.0103247538209,-0.00436907913536,-0.00989085342735,0.0249666757882,-0.0225654672831,0.0192620698363,-0.0185822732747,0.0139789097011],[-0.00106154859532,0.00150991475675,-0.000601339444984,-0.00827052071691,0.0132516073063,-0.0083462940529,0.00222773244604,0.00817765574902,-0.0225654672831,0.0407434292138,-0.0346743650734,0.0246550925076,-0.0135243134573],[0.0014347282704,-0.00330305402167,0.00121167779434,0.00773041043431,-0.0141220809892,0.00920989178121,0.00141102832276,-0.012188767083,0.0192620698363,-0.0346743650734,0.0514771305025,-0.0355700552464,0.0128127224743],[-0.00105953286402,0.00240264390595,0.000314801320201,-0.00834010448307,0.0138062899932,-0.009017967619,-0.0013356085401,0.012928663753,-0.0185822732747,0.0246550925076,-0.0355700552464,0.0418696664274,-0.0170324686915],[0.000483186275233,-0.000743767479435,-0.00161583034787,0.00690446421504,-0.00859940517694,0.00577445235103,-0.00115145859309,-0.00760272145271,0.0139789097011,-0.0135243134573,0.0128127224743,-0.0170324686915,0.021656094119]],"mean":[13.0403547287,87.7691574097,-100.735778809,9.38774204254,-5.5772857666,-15.0825958252,3.15388441086,-17.8935985565,0.73801523447,-9.2738237381,-5.97911453247,2.17624425888,-9.33043384552]},"hfc":{"dmean":25.6248474121,"dmean2":39.963092804,"dvar":1258.29772949,"dvar2":3177.24462891,"max":1401.99157715,"mean":76.7758255005,"median":59.6775512695,"min":0.0000225327166845,"var":4267.83007812},"melbands":{"dmean":[0.00383986951783,0.00190553464927,0.000937795382924,0.000487463577883,0.000643974752165,0.000353932118742,0.000180307979463,0.000185298544238,0.000176287896466,0.000176362984348,0.000143675992149,0.0000925749482121,0.0000772469065851,0.0000723231569282,0.0000536311854376,0.0000417044830101,0.0000390456407331,0.0000346559427271,0.0000248808046308,0.000020053346816,0.0000165681121871,0.0000153924065671,0.0000133468274726,0.00000970240762399,0.00000718994579074,0.0000047234111662,0.00000361969318874,0.00000313264763463,0.0000028831752843,0.00000233745709011,0.00000159484727646,0.00000118664706861,8.72597013313e-7,6.20937726126e-7,3.47517044474e-7,2.1353777413e-7,1.41726303582e-7,6.18520203943e-8,2.75090172863e-8,2.13291073692e-8],"dmean2":[0.00662501389161,0.00324656045996,0.00154667324387,0.000789045647252,0.00102391443215,0.000548064068425,0.000279202213278,0.000295898062177,0.000281542597804,0.000280979293166,0.00022562056256,0.000144785502926,0.000122596844449,0.00011351780995,0.0000859773208504,0.0000679969307384,0.000062364146288,0.0000547076997464,0.0000394027956645,0.0000318320126098,0.000026530085961,0.0000244216244027,0.0000209400841413,0.0000152234897541,0.0000111803865366,0.00000727493852537,0.00000545787452211,0.00000467134032078,0.00000423766186941,0.00000341286499861,0.0000023439938559,0.00000174410320142,0.00000128285842038,9.22284073113e-7,5.1068849416e-7,3.10795229552e-7,2.08991693285e-7,9.50359435592e-8,4.52270363382e-8,3.56023832637e-8],"dvar":[0.0000364475054084,0.00000758784790378,0.00000316858404403,9.41971052271e-7,0.00000201333955374,7.22661297914e-7,2.25784091867e-7,3.06310084852e-7,2.25963432854e-7,2.45398609877e-7,1.70306137193e-7,7.94588501662e-8,3.29743450322e-8,2.1799694494e-8,1.41395490871e-8,7.48176720577e-9,8.74975025766e-9,6.73757050151e-9,2.86589196818e-9,2.53108201065e-9,1.09839537465e-9,7.30562943474e-10,7.3381944965e-10,3.09020475875e-10,1.45453316058e-10,7.82647627262e-11,5.19991549819e-11,3.60101462538e-11,3.79164061259e-11,2.75976394515e-11,1.22102250186e-11,6.52333829315e-12,2.55495234344e-12,1.22576471542e-12,3.60385549528e-13,1.19914671183e-13,5.44495750029e-14,9.37950753307e-15,1.666994298e-15,1.20824061849e-15],"dvar2":[0.0000973010464804,0.0000195418397197,0.00000806850221124,0.00000234621961681,0.00000481156666865,0.00000166754307429,5.21913079865e-7,7.45162083149e-7,5.40059261311e-7,5.7501961237e-7,4.01509510084e-7,1.83307037105e-7,8.09930540413e-8,4.99093815165e-8,3.25433617832e-8,1.92322371362e-8,2.12318465032e-8,1.58588839838e-8,6.84394452222e-9,6.52979759153e-9,2.69984923307e-9,1.75364234245e-9,1.83066362069e-9,7.50345341416e-10,3.54637319511e-10,1.9168139298e-10,1.22910764899e-10,7.73630395856e-11,8.21228085535e-11,6.00062846634e-11,2.41969205089e-11,1.34070072752e-11,5.27442499398e-12,2.63904349762e-12,7.49821374695e-13,2.39790094248e-13,1.12546236707e-13,1.9611745157e-14,4.04387970931e-15,2.96874650683e-15],"max":[0.0549489557743,0.030926913023,0.0308486167341,0.0236425343901,0.0320639126003,0.02961502783,0.0123997684568,0.016716921702,0.0157245583832,0.0108862817287,0.0127352410927,0.0118408221751,0.0052230944857,0.00517085241154,0.00339279975742,0.00243977759965,0.00323778786696,0.00244941096753,0.00230284593999,0.00179929181468,0.00104453787208,0.00100093870424,0.000893261982128,0.000392450514482,0.00026385471574,0.000342761661159,0.000239185785176,0.000264975387836,0.000235396350035,0.000267632945906,0.000119796888612,0.000103494654468,0.0000347409186361,0.000021680165446,0.0000102128087747,0.00000531762589162,0.00000469015731142,0.0000023457239422,5.69451628962e-7,5.60351850254e-7],"mean":[0.00445841252804,0.00201234244741,0.00103845866397,0.000564345449675,0.000723489036318,0.000475839333376,0.000222729911911,0.000213477105717,0.000202923678444,0.00020359379414,0.000166435755091,0.000113554233394,0.000104509570519,0.000100117140391,0.0000756830777391,0.0000636054755887,0.0000590265008213,0.0000517465559824,0.0000405732353101,0.0000341801824106,0.0000299782041111,0.0000273273708444,0.0000225814474106,0.0000169228005689,0.0000131273864099,0.00000864245885168,0.00000667061112836,0.0000061619753069,0.00000564661240787,0.00000459958573629,0.00000312919587486,0.00000230582736549,0.0000017244603896,0.00000118292518891,6.62367654058e-7,4.18663887558e-7,2.53959740348e-7,9.13970197303e-8,3.01664186964e-8,2.09770760762e-8],"median":[0.0023631779477,0.000990521395579,0.000434488960309,0.000206252909265,0.000191542159882,0.000101492834801,0.000055348577007,0.0000464323857159,0.0000496543834743,0.0000517894804943,0.0000392310284951,0.0000328277455992,0.0000365305058949,0.0000388006410503,0.0000317289741361,0.0000320685539918,0.00003020636359,0.0000231780450122,0.0000204057450901,0.0000148505823745,0.0000149410407175,0.0000161276202562,0.0000127680068545,0.00000933561841521,0.00000716329941497,0.00000442623695562,0.00000306089282276,0.00000277239882962,0.00000238413940679,0.00000189703951037,0.00000131485751353,8.95044422577e-7,6.71051793688e-7,4.83628468828e-7,2.71832107046e-7,1.75043183503e-7,9.55469232622e-8,4.06479863102e-8,1.41021638811e-8,7.87296716709e-9],"min":[3.57291141118e-10,4.1494324643e-10,5.47206113755e-10,3.61259328008e-10,4.09323824835e-10,4.80666451086e-10,3.16398740541e-10,1.33060520935e-10,9.34353358573e-11,1.27359442437e-10,9.53994661046e-11,7.42441733093e-11,5.91837967523e-11,4.74645496518e-11,3.80320636095e-11,3.04354146052e-11,2.50051507278e-11,2.07195476054e-11,1.70540196548e-11,1.40927660167e-11,1.16284343266e-11,9.86209031106e-12,8.42783915572e-12,7.06592683669e-12,6.03244927969e-12,4.97531746704e-12,4.27264907482e-12,3.71456164439e-12,3.26278782638e-12,2.69013392291e-12,2.24383098907e-12,1.48804864372e-13,1.65732431576e-13,1.46295315814e-13,1.26753330596e-13,1.38183044109e-13,1.26876075835e-13,1.16626164021e-13,1.14458681248e-13,1.21251167201e-13],"var":[0.0000355581687472,0.00000729232033336,0.00000319280889016,0.00000110799214781,0.00000233509581449,0.00000208228652809,3.11138933284e-7,3.65664448054e-7,2.75290119589e-7,3.04964316911e-7,2.09976491305e-7,9.92706503666e-8,4.8442224454e-8,3.70650177217e-8,2.17210640585e-8,1.10475122383e-8,1.15755396379e-8,9.68331725915e-9,4.65856553333e-9,4.93257035217e-9,2.65135247091e-9,1.43589140578e-9,1.17680565292e-9,5.9498267424e-10,3.26557031416e-10,1.58801694017e-10,1.14526187145e-10,1.05980106635e-10,9.95968862938e-11,6.74410180479e-11,3.19800713688e-11,1.66539091545e-11,7.43852028584e-12,3.22502549839e-12,9.61826646974e-13,3.58057306677e-13,1.46180932485e-13,1.98841475647e-14,1.97898003764e-15,1.28176381947e-15]},"melbands_crest":{"dmean":5.65303659439,"dmean2":9.34848213196,"dvar":20.6082668304,"dvar2":53.0095863342,"max":38.7897872925,"mean":17.9755573273,"median":16.8948707581,"min":2.98791527748,"var":53.4336853027},"melbands_flatness_db":{"dmean":0.0419101081789,"dmean2":0.06609005481,"dvar":0.00128315854818,"dvar2":0.00314153707586,"max":0.53462356329,"mean":0.23751989007,"median":0.233968600631,"min":0.0485388860106,"var":0.00495247077197},"melbands_kurtosis":{"dmean":14.1151857376,"dmean2":23.5065040588,"dvar":679.438415527,"dvar2":1777.70410156,"max":522.130249023,"mean":16.8346118927,"median":7.59238147736,"min":-1.76491725445,"var":784.217590332},"melbands_skewness":{"dmean":1.34366214275,"dmean2":2.11187171936,"dvar":2.12580633163,"dvar2":5.09837818146,"max":20.2482700348,"mean":3.0004799366,"median":2.51362013817,"min":-1.88101768494,"var":4.60501861572},"melbands_spread":{"dmean":9.25786972046,"dmean2":14.4880485535,"dvar":111.771575928,"dvar2":251.730484009,"max":176.354278564,"mean":21.7484912872,"median":17.4006347656,"min":0.633909225464,"var":298.201080322},"mfcc":{"cov":[[3289.08569336,-787.25604248,-164.170471191,124.908302307,-512.680786133,137.115234375,-325.412780762,17.5396080017,-144.312103271,134.426864624,-152.342178345,11.4611530304,-42.0728378296],[-787.25604248,1101.04504395,1.83767437935,-211.497192383,127.275985718,-237.232116699,91.2535705566,-114.219406128,33.7928199768,-116.863510132,87.1148223877,-45.0067749023,43.5963859558],[-164.170471191,1.83767437935,471.915344238,-27.3371887207,98.4344100952,-28.7058506012,2.15011143684,-31.6092948914,12.5968751907,11.3592472076,26.0056419373,37.5699157715,23.6120491028],[124.908302307,-211.497192383,-27.3371887207,325.021118164,21.4320735931,100.870750427,-36.8139915466,19.8595104218,-13.3012628555,34.8150482178,-7.74111127853,33.7045898438,4.46678495407],[-512.680786133,127.275985718,98.4344100952,21.4320735931,306.264404297,-4.12869405746,102.368415833,-6.95585870743,41.1685180664,-31.7603683472,52.8744888306,-1.96690177917,18.8618927002],[137.115234375,-237.232116699,-28.7058506012,100.870750427,-4.12869405746,247.575622559,58.9890365601,93.712097168,1.70318448544,42.8590202332,-45.4846191406,2.03522276878,-16.4521160126],[-325.412780762,91.2535705566,2.15011143684,-36.8139915466,102.368415833,58.9890365601,224.781921387,63.4104385376,63.1729278564,-31.2017230988,6.9061255455,-40.1745223999,4.27371120453],[17.5396080017,-114.219406128,-31.6092948914,19.8595104218,-6.95585870743,93.712097168,63.4104385376,155.895172119,39.3477210999,39.2478713989,-7.27957820892,-2.59104728699,-22.4151706696],[-144.312103271,33.7928199768,12.5968751907,-13.3012628555,41.1685180664,1.70318448544,63.1729278564,39.3477210999,111.326896667,32.3098907471,26.0285148621,-4.75395059586,7.21903371811],[134.426864624,-116.863510132,11.3592472076,34.8150482178,-31.7603683472,42.8590202332,-31.2017230988,39.2478713989,32.3098907471,105.279396057,24.9736385345,29.0230846405,-0.547490179539],[-152.342178345,87.1148223877,26.0056419373,-7.74111127853,52.8744888306,-45.4846191406,6.9061255455,-7.27957820892,26.0285148621,24.9736385345,104.548599243,41.1478691101,21.327501297],[11.4611530304,-45.0067749023,37.5699157715,33.7045898438,-1.96690177917,2.03522276878,-40.1745223999,-2.59104728699,-4.75395059586,29.0230846405,41.1478691101,93.3744735718,39.7377891541],[-42.0728378296,43.5963859558,23.6120491028,4.46678495407,18.8618927002,-16.4521160126,4.27371120453,-22.4151706696,7.21903371811,-0.547490179539,21.327501297,39.7377891541,77.145111084]],"icov":[[0.000513291219249,0.000231182406424,0.0000325184882968,-0.00000162762137279,0.00056432193378,-0.0000975508519332,0.000358361925464,0.0000393558184442,0.000268317846349,-0.000318472128129,0.00011249333329,0.000390630797483,-0.00028745160671],[0.000231182406424,0.0016352700768,0.000173805194208,0.000494496838655,0.0000603641674388,0.000732443702873,-0.000237701678998,0.000481517665321,-0.000129882420879,0.000842119043227,-0.0010783263715,0.000933873991016,-0.00075015303446],[0.0000325184882968,0.000173805194208,0.00250214640982,0.000458715570858,-0.0010027801618,0.000299013452604,-0.000110131259135,0.000609412207268,-0.0000142996332215,-0.000766112469137,0.000658882316202,-0.00123249320313,0.0000678409196553],[-0.00000162762137279,0.000494496838655,0.000458715570858,0.00420572515577,-0.00102659943514,-0.0016153746983,0.00113880087156,0.000359400612069,-0.0000420802352892,-0.00010218857642,-0.0000514050625497,-0.00076954747783,-0.000302590167848],[0.00056432193378,0.0000603641674388,-0.0010027801618,-0.00102659943514,0.00579290604219,-0.000622857536655,-0.00128970760852,0.000646261032671,-0.000714768422768,0.0017234662082,-0.00272199860774,0.00113041733857,-0.000400591583457],[-0.0000975508519332,0.000732443702873,0.000299013452604,-0.0016153746983,-0.000622857536655,0.00869515072554,-0.00371110229753,-0.00236753420904,0.00247318600304,-0.00373367220163,0.00409871991724,-0.00181330228224,0.000602183048613],[0.000358361925464,-0.000237701678998,-0.000110131259135,0.00113880087156,-0.00128970760852,-0.00371110229753,0.010434769094,-0.0030926251784,-0.00408434541896,0.00483873020858,-0.0023492842447,0.00449067167938,-0.00290236156434],[0.0000393558184442,0.000481517665321,0.000609412207268,0.000359400612069,0.000646261032671,-0.00236753420904,-0.0030926251784,0.0112174358219,-0.00223847152665,-0.00245156069286,0.00042856176151,-0.00212208623998,0.00347643368877],[0.000268317846349,-0.000129882420879,-0.0000142996332215,-0.0000420802352892,-0.000714768422768,0.00247318600304,-0.00408434541896,-0.00223847152665,0.0150832552463,-0.00716805132106,-0.000398864533054,0.00201001646928,-0.00188281876035],[-0.000318472128129,0.000842119043227,-0.000766112469137,-0.00010218857642,0.0017234662082,-0.00373367220163,0.00483873020858,-0.00245156069286,-0.00716805132106,0.0193043649197,-0.00659905793145,-0.000699459516909,0.00038523733383],[0.00011249333329,-0.0010783263715,0.000658882316202,-0.0000514050625497,-0.00272199860774,0.00409871991724,-0.0023492842447,0.00042856176151,-0.000398864533054,-0.00659905793145,0.0186057593673,-0.00879288930446,0.00164235103875],[0.000390630797483,0.000933873991016,-0.00123249320313,-0.00076954747783,0.00113041733857,-0.00181330228224,0.00449067167938,-0.00212208623998,0.00201001646928,-0.000699459516909,-0.00879288930446,0.0226299241185,-0.0108403339982],[-0.00028745160671,-0.00075015303446,0.0000678409196553,-0.000302590167848,-0.000400591583457,0.000602183048613,-0.00290236156434,0.00347643368877,-0.00188281876035,0.00038523733383,0.00164235103875,-0.0108403339982,0.0199325438589]],"mean":[-649.407287598,148.981842041,-28.7398166656,40.1278152466,1.97325706482,23.2880153656,-0.312867462635,13.9258337021,-0.7595718503,4.76931524277,0.276230961084,5.55024909973,-2.5263299942]},"pitch_salience":{"dmean":0.100399546325,"dmean2":0.164396554232,"dvar":0.00687201460823,"dvar2":0.0176542922854,"max":0.836504757404,"mean":0.519340336323,"median":0.531833052635,"min":0.0640744715929,"var":0.0178294219077},"silence_rate_20dB":{"dmean":0,"dmean2":0,"dvar":0,"dvar2":0,"max":1,"mean":1,"median":1,"min":1,"var":0},"silence_rate_30dB":{"dmean":0.0215996857733,"dmean2":0.0432021990418,"dvar":0.0211335439235,"dvar2":0.0566558949649,"max":1,"mean":0.983899474144,"median":1,"min":0,"var":0.015841493383},"silence_rate_60dB":{"dmean":0.00824715290219,"dmean2":0.0164299272001,"dvar":0.00817977637053,"dvar2":0.0189123861492,"max":1,"mean":0.0102100921795,"median":0,"min":0,"var":0.0101083135232},"spectral_centroid":{"dmean":318.19833374,"dmean2":464.194824219,"dvar":95030.984375,"dvar2":175982.25,"max":4350.86572266,"mean":1378.39123535,"median":1242.92712402,"min":161.970855713,"var":437706.5625},"spectral_complexity":{"dmean":4.66396141052,"dmean2":6.41218805313,"dvar":16.8778400421,"dvar2":28.3919315338,"max":62,"mean":22.4486541748,"median":21,"min":0,"var":129.117538452},"spectral_contrast_coeffs":{"dmean":[0.0656365007162,0.057405244559,0.0432671792805,0.0296850372106,0.0239032618701,0.0458768755198],"dmean2":[0.105586469173,0.0907066315413,0.0695909336209,0.0487647391856,0.0379118062556,0.06912188977],"dvar":[0.00281029846519,0.00212729652412,0.00124990520999,0.000569503812585,0.000434319867054,0.00149256223813],"dvar2":[0.00696059083566,0.00506942579523,0.00301919737831,0.00149027223233,0.00100087700412,0.00342421210371],"max":[-0.279388546944,-0.369181036949,-0.497140020132,-0.595535755157,-0.569489955902,-0.414113223553],"mean":[-0.696495294571,-0.764564335346,-0.800122022629,-0.80804002285,-0.802641749382,-0.700816988945],"median":[-0.708191871643,-0.778161168098,-0.810524106026,-0.813024759293,-0.808544397354,-0.69513887167],"min":[-0.940461874008,-0.977816283703,-0.959109485149,-0.966412961483,-0.943424344063,-0.914378404617],"var":[0.00730435457081,0.00688929995522,0.00342553108931,0.00145469617564,0.00124360877089,0.00673482334241]},"spectral_contrast_valleys":{"dmean":[0.461741119623,0.44796538353,0.36813467741,0.293886512518,0.290070444345,0.609630942345],"dmean2":[0.742083251476,0.68917286396,0.558346033096,0.43821400404,0.390434533358,0.95675265789],"dvar":[0.152028024197,0.134935811162,0.0986746102571,0.0722303315997,0.0841269418597,0.282528191805],"dvar2":[0.346702188253,0.297154486179,0.203658372164,0.13548964262,0.140959560871,0.710686326027],"max":[-5.08296966553,-4.53105401993,-5.08542537689,-5.47229719162,-5.34088802338,-9.10743713379],"mean":[-6.7605214119,-6.67995023727,-6.90912532806,-7.10032129288,-7.2703742981,-11.0662937164],"median":[-6.68980312347,-6.63713121414,-6.8835568428,-7.06448936462,-7.17863845825,-10.9767017365],"min":[-17.6781635284,-17.7051067352,-18.605260849,-18.470489502,-17.8910923004,-19.5304107666],"var":[0.418157398701,0.492398530245,0.398545622826,0.357035040855,0.525736272335,0.609302699566]},"spectral_decrease":{"dmean":5.40520783687e-9,"dmean2":8.67893223955e-9,"dvar":3.70809716135e-17,"dvar2":9.34285744977e-17,"max":9.10997410841e-9,"mean":-9.44990752316e-9,"median":-7.57387041972e-9,"min":-5.3896346941e-8,"var":5.43636201111e-17},"spectral_energy":{"dmean":0.0216344539076,"dmean2":0.0346048772335,"dvar":0.000584515219089,"dvar2":0.00147165940143,"max":0.214710012078,"mean":0.0426300317049,"median":0.0358295924962,"min":4.43520846716e-8,"var":0.000907646608539},"spectral_energyband_high":{"dmean":0.000268965610303,"dmean2":0.000346605986124,"dvar":1.84783260693e-7,"dvar2":2.95169172659e-7,"max":0.0122158657759,"mean":0.000840595050249,"median":0.000497454660945,"min":6.55656640092e-10,"var":0.00000100209524589},"spectral_energyband_low":{"dmean":0.0164215117693,"dmean2":0.0276706293225,"dvar":0.000495654880069,"dvar2":0.00127685558982,"max":0.202943146229,"mean":0.0209425501525,"median":0.0131462942809,"min":3.26822702235e-9,"var":0.000545738206711},"spectral_energyband_middle_high":{"dmean":0.00248106545769,"dmean2":0.00351051008329,"dvar":0.0000138565064844,"dvar2":0.000028356547773,"max":0.103918127716,"mean":0.00589682906866,"median":0.00373818259686,"min":2.86935053495e-9,"var":0.000042523657612},"spectral_energyband_middle_low":{"dmean":0.00717510189861,"dmean2":0.0108063155785,"dvar":0.00009530265379,"dvar2":0.000217238542973,"max":0.162148669362,"mean":0.0117517886683,"median":0.00694966269657,"min":8.50601278302e-9,"var":0.00018961992464},"spectral_entropy":{"dmean":0.167436793447,"dmean2":0.243366464972,"dvar":0.0264350138605,"dvar2":0.0542778074741,"max":8.69024658203,"mean":7.63443088531,"median":7.68057632446,"min":5.83691930771,"var":0.104543380439},"spectral_flux":{"dmean":0.040465336293,"dmean2":0.0655385479331,"dvar":0.00162078114226,"dvar2":0.00366475200281,"max":0.398948311806,"mean":0.130554631352,"median":0.123772777617,"min":0.000210599348065,"var":0.00302674993873},"spectral_kurtosis":{"dmean":3.46235156059,"dmean2":5.11685037613,"dvar":17.0887432098,"dvar2":37.8956108093,"max":67.7070770264,"mean":14.6679925919,"median":12.9839582443,"min":2.69298315048,"var":43.6679115295},"spectral_rms":{"dmean":0.0015812019119,"dmean2":0.00244387891144,"dvar":0.00000220296669795,"dvar2":0.00000524432880411,"max":0.0144731877372,"mean":0.00605586403981,"median":0.00591233465821,"min":0.00000657801820125,"var":0.00000491688206239},"spectral_rolloff":{"dmean":2518.36547852,"dmean2":4590.96337891,"dvar":28135738,"dvar2":68789424,"max":21963.8671875,"mean":3682.84814453,"median":1313.52539062,"min":21.533203125,"var":38944520},"spectral_skewness":{"dmean":0.288095027208,"dmean2":0.409413278103,"dvar":0.0906630679965,"dvar2":0.182273939252,"max":5.95292949677,"mean":2.39624500275,"median":2.28581571579,"min":0.925337433815,"var":0.338037073612},"spectral_spread":{"dmean":450014.46875,"dmean2":667205.6875,"dvar":171856281600,"dvar2":364948193280,"max":9639920,"mean":3762280.5,"median":3759670,"min":1490803.125,"var":579321987072},"spectral_strongpeak":{"dmean":1.04136419296,"dmean2":1.90069031715,"dvar":34.0726928711,"dvar2":99.3346099854,"max":136.259246826,"mean":0.861358046532,"median":0.204853445292,"min":0,"var":22.0046768188},"zerocrossingrate":{"dmean":0.0313165076077,"dmean2":0.0394993238151,"dvar":0.000735273235478,"dvar2":0.00110236974433,"max":0.669921875,"mean":0.170307278633,"median":0.1572265625,"min":0,"var":0.00455320160836}},"metadata":{"audio_properties":{"analysis_sample_rate":44100,"bit_rate":192000,"codec":"mp3","downmix":"mix","equal_loudness":0,"length":354.742858887,"lossless":false,"md5_encoded":"d6455d733362da1676324eb5bd5b5074","replay_gain":-11.960111618,"sample_rate":44100},"tags":{"album":["Muse Sick-N-Hour Mess Age"],"album artist credit":["Public Enemy"],"albumartist":["Public Enemy"],"albumartistsort":["Public Enemy"],"artist":["Public Enemy"],"artist credit":["Public Enemy"],"artistsort":["Public Enemy"],"asin":["B0000024IB"],"bpm":["0"],"catalognumber":["523 362-2"],"composer":["Carlton Ridenour (Chuck D), Kerwin Young"],"date":["1994"],"discnumber":["1/1"],"encodedby":["iTunes v4.8.0.32"],"file_name":"13 - Public Enemy - Live and Undrugged, Parts 1 & 2.mp3","genre":["Hip Hop / Rap"],"label":["Def Jam Recordings"],"language":["eng"],"media":["CD"],"musicbrainz album release country":["GB"],"musicbrainz album status":["Official"],"musicbrainz album type":["album"],"musicbrainz_albumartistid":["bf2e15d0-4b77-469e-bfb4-f8414415baca"],"musicbrainz_albumid":["cd9edfd7-a9da-31f0-94a9-b5550975e9f0"],"musicbrainz_artistid":["bf2e15d0-4b77-469e-bfb4-f8414415baca"],"musicbrainz_recordingid":["2b751aad-f1ad-437d-93b2-9ebb34da296b"],"musicbrainz_releasegroupid":["f2b8f394-4197-3ee3-8b3e-37d3131a59ba"],"originaldate":["1994-08-23"],"replaygain_album_gain":["0.00 dB"],"replaygain_album_peak":["0.000000"],"replaygain_track_gain":["-9.34 dB"],"replaygain_track_peak":["1.076172"],"script":["Latn"],"title":["Live and Undrugged, Parts 1 & 2"],"tracknumber":["13/21"]},"version":{"essentia":"2.1-beta1","essentia_build_sha":"5a811adb4c06fd6d02ca903f7349a26d851abfa8","essentia_git_sha":"v2.1_beta1-34-gf95df8b","extractor":"music 1.0"}},"rhythm":{"beats_count":580,"beats_loudness":{"dmean":0.0230593532324,"dmean2":0.0381805896759,"dvar":0.000307537498884,"dvar2":0.000931164366193,"max":0.148918643594,"mean":0.0499387644231,"median":0.0477669276297,"min":0.0038926647976,"var":0.000436482601799},"beats_loudness_band_ratio":