{"lowlevel":{"average_loudness":0.924462914467,"barkbands":{"dmean":[0.000130527201691,0.00887116789818,0.0045506847091,0.00159464986064,0.00134570582304,0.000547510862816,0.000538573134691,0.000517904176377,0.000713670393452,0.000374545226805,0.000333013449563,0.000250421464443,0.000419766060077,0.000295272970106,0.000466316909296,0.000341014500009,0.000735526671633,0.000306414585793,0.00020177391707,0.000121199765999,0.0000966809238889,0.0000754751017666,0.0000701229873812,0.0000458870599687,0.0000161760781339,0.00000618071635472,7.12093594757e-7],"dmean2":[0.000228903896641,0.0152600798756,0.00791882071644,0.0027001586277,0.00224698497914,0.000912864226848,0.000916107266676,0.000814441358671,0.00111755728722,0.000578133040108,0.000525659706909,0.000404782098485,0.000675828487147,0.000471729523269,0.000749698316213,0.000557049294002,0.00124532741029,0.000504272058606,0.000332049879944,0.00020131340716,0.000158881550306,0.000125076505356,0.000111762092274,0.0000698992807884,0.0000248282649409,0.00000948714478,0.00000118863692933],"dvar":[4.12637213287e-8,0.00036736560287,0.0000800587586127,0.00000737029449738,0.00000624139420324,0.00000132662921715,0.0000022139581688,0.00000117733191018,0.00000317542935591,9.92230866359e-7,7.25448273897e-7,6.18433830368e-7,9.41701443935e-7,4.40706827476e-7,9.68531594481e-7,3.95476860149e-7,9.66445782069e-7,2.0832506209e-7,1.37443521453e-7,6.14505992758e-8,5.87219908255e-8,4.81813948738e-8,2.74013469692e-8,1.46517562527e-8,1.67234803783e-9,2.99332975073e-10,6.12774241071e-12],"dvar2":[1.22210693121e-7,0.000994370668195,0.000227321346756,0.000020274270355,0.0000166903719219,0.00000349650213138,0.00000606652019997,0.00000283327813122,0.00000776043998485,0.00000242816599894,0.00000191947015082,0.00000166132485901,0.00000240839312937,0.00000106319316728,0.0000023943468932,0.00000101828220522,0.00000269453335022,5.36496827408e-7,3.39506243563e-7,1.58402869488e-7,1.5091802652e-7,1.26926877897e-7,6.85915537701e-8,3.03225569098e-8,3.90435106468e-9,7.02054692159e-10,1.69676390993e-11],"max":[0.00236592837609,0.172297984362,0.0889560431242,0.0479934848845,0.044202581048,0.0345791056752,0.058868393302,0.0221274551004,0.0414793714881,0.0366408489645,0.0416050255299,0.0329092331231,0.0180186014622,0.0127895390615,0.0232466105372,0.0192531440407,0.0151643678546,0.00782212428749,0.0107573205605,0.00621321937069,0.0122572602704,0.00614182092249,0.00392643595114,0.00460688723251,0.00169720686972,0.000578384497203,0.000100084667793],"mean":[0.000194707274204,0.010941923596,0.00707311974838,0.00284885172732,0.00223856768571,0.000842398148961,0.000713305955287,0.000908377522137,0.00133319792803,0.000711606175173,0.000631130824331,0.000434799236245,0.000765340402722,0.000525293231476,0.000888093491085,0.000722396827769,0.00152114790399,0.000675133895129,0.000429246661952,0.000235646642977,0.000203168427106,0.000143113778904,0.000154969660798,0.000117311268696,0.0000420355427195,0.0000132572567964,0.00000119287233247],"median":[0.000110777800728,0.00549975084141,0.0036523740273,0.00167006498668,0.00151944428217,0.000365697429515,0.000220063579036,0.000281781307422,0.000334956916049,0.000230903460761,0.000204956406378,0.000129688094603,0.000227346259635,0.000142118224176,0.00032491364982,0.000387319625588,0.00101991812699,0.000440166069893,0.000258754414972,0.000111108289275,0.0000834658058011,0.0000517823791597,0.0000440073854406,0.0000352613860741,0.000014439547158,0.00000363136200576,2.95066001854e-7],"min":[8.22238320096e-24,2.26009769528e-23,3.6455124142e-24,7.70167426122e-24,5.2313604386e-23,1.46391347873e-23,2.17588726697e-23,4.27649132894e-23,4.82382416645e-23,6.02088051599e-23,8.09202535632e-23,4.34088004929e-23,5.48684440235e-23,1.70686477773e-22,1.73291119777e-22,1.67697843524e-22,2.09310357248e-22,2.48555354246e-22,2.5426443528e-22,3.948194557e-22,4.51254842539e-22,4.82890361027e-22,9.51011731295e-22,8.07373110395e-22,1.51683689469e-21,1.3392622602e-21,2.38352800327e-21],"var":[5.59965087632e-8,0.000311946147121,0.0000885497865966,0.0000123329964481,0.00000781341532274,0.00000226894553634,0.00000274811100098,0.00000271808107755,0.00000857805480337,0.00000285938699562,0.00000233340961131,0.00000146743161622,0.00000252949166679,0.00000123873894609,0.00000285435908154,0.00000133692481086,0.00000257974556916,5.86631301758e-7,3.2713097653e-7,1.30257049591e-7,1.38815494211e-7,8.1517612216e-8,7.86886360515e-8,6.17866575681e-8,5.68199798323e-9,6.60506815908e-10,6.5815035713e-12]},"barkbands_crest":{"dmean":2.90380430222,"dmean2":4.7430973053,"dvar":7.78993320465,"dvar2":20.7061710358,"max":26.7856178284,"mean":11.047706604,"median":10.3446817398,"min":2.44719791412,"var":20.7843780518},"barkbands_flatness_db":{"dmean":0.0232488531619,"dmean2":0.0373111404479,"dvar":0.000600535713602,"dvar2":0.00156779238023,"max":0.501569449902,"mean":0.149338573217,"median":0.133801087737,"min":0.0320133119822,"var":0.00483640981838},"barkbands_kurtosis":{"dmean":3.75434350967,"dmean2":6.31115961075,"dvar":149.435119629,"dvar2":340.920349121,"max":468.83883667,"mean":3.52086496353,"median":0.481203883886,"min":-1.87870705128,"var":178.754470825},"barkbands_skewness":{"dmean":0.653999388218,"dmean2":1.05917882919,"dvar":0.742015004158,"dvar2":1.76300120354,"max":18.7116107941,"mean":1.47682905197,"median":1.21797919273,"min":-4.84897899628,"var":1.91757178307},"barkbands_spread":{"dmean":6.07842111588,"dmean2":9.9102268219,"dvar":39.62159729,"dvar2":100.022254944,"max":108.549034119,"mean":27.2297687531,"median":26.8536891937,"min":0.341996788979,"var":163.836883545},"dissonance":{"dmean":0.0151492180303,"dmean2":0.0256832949817,"dvar":0.000417879782617,"dvar2":0.00114155374467,"max":0.499997645617,"mean":0.469920516014,"median":0.479720473289,"min":0.11371345818,"var":0.00125920481514},"dynamic_complexity":4.84017086029,"erbbands":{"dmean":[0.187577411532,2.25147628784,5.24963665009,5.18541955948,5.66247320175,3.49236798286,3.64163351059,4.94516849518,6.21223926544,9.59090709686,10.2822504044,19.0717735291,12.62312603,8.38230323792,15.0680952072,11.6554222107,18.3431434631,14.6786174774,25.0982666016,18.244310379,15.4139814377,31.5737247467,24.021282196,9.00615978241,10.6713294983,5.4259147644,3.93891000748,3.814650774,2.76781773567,2.25738096237,1.96618795395,1.23366832733,0.658734619617,0.25380897522,0.0850956961513,0.0447696447372,0.0064565744251,0.00101660110522,0.00012012332445,0.0000196903911274],"dmean2":[0.310373753309,3.9199988842,9.20061397552,8.83481502533,9.4638299942,5.82613706589,6.02466678619,8.32552623749,10.494591713,15.8137350082,16.2466926575,29.9234867096,19.2733898163,13.1392402649,23.7793636322,18.9045772552,29.4710865021,23.4487476349,40.3823394775,29.5876255035,25.2341823578,53.1955337524,40.0343437195,14.8766965866,17.4397201538,8.89480400085,6.49503183365,6.28105115891,4.5658955574,3.79544019699,3.08733582497,1.88172507286,0.994760751724,0.389877527952,0.131890654564,0.0693401917815,0.00977491214871,0.00160623481497,0.000196294015041,0.0000323086351273],"dvar":[0.121079221368,25.7185764313,121.845619202,80.5694732666,121.888954163,37.2479171753,62.0651054382,117.512550354,318.45803833,507.232269287,566.485961914,2392.19116211,1478.59362793,380.407684326,1346.79211426,1433.23754883,1865.90686035,925.890136719,3206.71044922,1258.15759277,622.212219238,1746.74829102,1022.28771973,249.450927734,404.702087402,137.298294067,77.3581619263,106.786735535,69.3162078857,34.5204200745,24.2895488739,8.33384227753,3.61558818817,0.471700847149,0.0372493043542,0.0191295221448,0.000198991023353,0.00000833290778246,1.65459667301e-7,1.50968604284e-9],"dvar2":[0.303484141827,70.7751846313,347.431213379,223.130340576,325.868438721,101.683197021,163.283401489,305.564300537,851.575561523,1363.03356934,1358.01293945,5895.36669922,3549.83300781,946.92175293,3475.18652344,3883.41967773,4792.43212891,2278.93432617,8023.26318359,3231.45458984,1597.48925781,4809.93359375,2731.28222656,634.403564453,992.143005371,345.28314209,197.106643677,275.668731689,180.707382202,95.333984375,58.0161323547,17.8292884827,7.69712305069,1.09114277363,0.0879012942314,0.0455973818898,0.000459437811514,0.0000214500923903,4.54669333294e-7,3.97410726549e-9],"max":[2.75515246391,44.7628669739,103.388664246,151.548706055,162.006027222,98.0904159546,167.364379883,357.900543213,855.896240234,514.999389648,602.724914551,1032.23205566,1492.42028809,545.502807617,1798.83557129,1668.05566406,962.266479492,592.121337891,1460.07421875,1293.60656738,588.630981445,831.716918945,460.597717285,365.90020752,536.066162109,310.117950439,282.577880859,566.576293945,221.689559937,117.129394531,105.246643066,90.6176528931,76.0518417358,32.492641449,6.47790813446,4.87060022354,0.292454689741,0.0709949880838,0.0174285117537,0.00116781762335],"mean":[0.237126097083,2.73212647438,7.97419691086,9.75593566895,9.01576042175,6.33448791504,5.83839654922,7.25641489029,8.93613529205,15.2753343582,19.4594173431,36.2407493591,24.9046192169,16.7942123413,30.5210647583,22.5164661407,35.1091537476,30.27784729,49.6654624939,38.7945556641,39.3072090149,70.911026001,56.0705986023,20.8876800537,22.4672412872,11.1929912567,8.52319717407,7.78061294556,5.15749359131,4.70847177505,4.17693281174,3.05254888535,1.61629593372,0.631319522858,0.22240498662,0.0906324014068,0.0164630133659,0.00219011981972,0.000227070995606,0.0000524886672792],"median":[0.121749125421,1.37010121346,4.3515958786,6.54715442657,5.74077749252,4.10753631592,2.9216735363,2.98689484596,3.16905784607,5.00735235214,7.01057529449,9.84476566315,7.19330978394,7.27202701569,11.0865411758,7.60118770599,11.4117736816,10.0662117004,15.9562578201,20.2828865051,22.57396698,49.0752182007,41.556312561,12.8546724319,13.5531492233,5.51691150665,3.71346735954,2.95401501656,1.80958616734,1.68570446968,1.12257874012,0.875637412071,0.491577744484,0.207102537155,0.07788913697,0.0239105336368,0.0052290558815,0.000648481538519,0.0000769891194068,0.0000464215190732],"min":[8.22263926521e-22,4.2137638613e-21,5.84587400871e-21,2.00397395776e-20,2.35138819945e-20,2.3550318008e-19,2.56775809742e-19,1.20188464125e-19,3.46588392316e-19,3.6307301625e-19,1.02269209156e-18,1.35391526795e-18,1.43996821125e-18,1.60806216846e-18,3.6137577088e-18,2.58045257979e-18,2.17521224821e-18,4.90992904916e-18,1.29427974373e-17,9.37254694718e-18,1.0987785838e-17,7.92454743257e-18,9.5110649582e-18,1.62388276282e-17,1.67904214392e-17,1.78444215931e-17,1.53956840842e-17,1.90380779586e-17,2.082619098e-17,1.99676354069e-17,2.88815239393e-17,1.79722127259e-17,1.46251537631e-17,1.60752625882e-17,1.03050284789e-17,5.30575689255e-18,2.59188897214e-18,1.32161345144e-18,3.10779666051e-19,3.68848462373e-20],"var":[0.131580486894,20.4099407196,112.286834717,122.380340576,146.278366089,57.1221237183,87.6189498901,198.171981812,459.611938477,842.954772949,1362.95922852,6445.81933594,3997.0012207,1093.64086914,4750.84375,3451.11010742,5161.76318359,2803.78857422,9737.41503906,3709.12084961,2432.7590332,5288.45507812,3017.11303711,619.205383301,955.585693359,294.544250488,192.959869385,247.975296021,120.843475342,67.3879547119,61.2567558289,36.3207931519,13.2608118057,1.47102713585,0.140435665846,0.0366790108383,0.000750064034946,0.000016163350665,1.92452503711e-7,2.00056460287e-9]},"erbbands_crest":{"dmean":2.55812835693,"dmean2":4.23902893066,"dvar":5.36500120163,"dvar2":14.0841598511,"max":32.5001029968,"mean":9.27947425842,"median":8.32900238037,"min":2.54562807083,"var":17.5826320648},"erbbands_flatness_db":{"dmean":0.0158536098897,"dmean2":0.0246610399336,"dvar":0.00024329770531,"dvar2":0.000545455375686,"max":0.431168437004,"mean":0.166381031275,"median":0.154466450214,"min":0.0702491626143,"var":0.00294738332741},"erbbands_kurtosis":{"dmean":1.06998610497,"dmean2":1.73047029972,"dvar":8.83624744415,"dvar2":20.0350399017,"max":142.325256348,"mean":0.564423561096,"median":-0.0205600038171,"min":-1.82491660118,"var":11.3004999161},"erbbands_skewness":{"dmean":0.367286235094,"dmean2":0.576033711433,"dvar":0.1554171592,"dvar2":0.352470457554,"max":10.6376962662,"mean":-0.397578537464,"median":-0.478266775608,"min":-3.09868764877,"var":0.67763030529},"erbbands_spread":{"dmean":8.18294525146,"dmean2":13.2080898285,"dvar":70.3620071411,"dvar2":178.256774902,"max":126.025772095,"mean":38.4986419678,"median":36.0749435425,"min":1.64210891724,"var":287.493988037},"gfcc":{"cov":[[22702.3632812,3893.23144531,60.0571517944,1490.68322754,1114.96057129,1560.57788086,610.930969238,1038.30065918,-386.923675537,-377.232818604,389.118621826,-67.9334945679,-1711.31420898],[3893.23144531,2228.23730469,-115.410827637,137.277084351,581.654785156,102.536437988,313.185394287,147.370910645,-73.1662063599,-286.623321533,229.696304321,-141.602722168,-351.447784424],[60.0571517944,-115.410827637,506.345825195,238.892166138,72.513343811,85.5550384521,-13.7987794876,7.47747993469,3.87392449379,34.9097747803,-60.0544052124,14.086306572,-17.4101810455],[1490.68322754,137.277084351,238.892166138,539.840209961,311.410980225,180.904968262,23.7056732178,74.6609802246,45.3968009949,-13.4451646805,-4.03343629837,-42.3897895813,-114.034996033],[1114.96057129,581.654785156,72.513343811,311.410980225,579.215942383,157.026672363,127.844528198,92.0670089722,52.2954139709,-82.914276123,58.811920166,-68.3047714233,-136.919509888],[1560.57788086,102.536437988,85.5550384521,180.904968262,157.026672363,309.984039307,116.939697266,81.836479187,-29.4977111816,-3.26915121078,5.31349611282,-5.23598146439,-125.616333008],[610.930969238,313.185394287,-13.7987794876,23.7056732178,127.844528198,116.939697266,220.767547607,71.0244979858,-21.2211360931,-49.0209579468,52.7784881592,-24.0613975525,-77.7463912964],[1038.30065918,147.370910645,7.47747993469,74.6609802246,92.0670089722,81.836479187,71.0244979858,174.83996582,33.0996170044,-18.6711177826,22.0360813141,15.8905687332,-87.8339767456],[-386.923675537,-73.1662063599,3.87392449379,45.3968009949,52.2954139709,-29.4977111816,-21.2211360931,33.0996170044,121.736495972,41.4946632385,-5.04284620285,-11.2530498505,36.4461135864],[-377.232818604,-286.623321533,34.9097747803,-13.4451646805,-82.914276123,-3.26915121078,-49.0209579468,-18.6711177826,41.4946632385,122.995597839,4.18726873398,29.1979656219,44.7269554138],[389.118621826,229.696304321,-60.0544052124,-4.03343629837,58.811920166,5.31349611282,52.7784881592,22.0360813141,-5.04284620285,4.18726873398,120.01865387,30.9100551605,-35.3886108398],[-67.9334945679,-141.602722168,14.086306572,-42.3897895813,-68.3047714233,-5.23598146439,-24.0613975525,15.8905687332,-11.2530498505,29.1979656219,30.9100551605,116.318481445,33.6150970459],[-1711.31420898,-351.447784424,-17.4101810455,-114.034996033,-136.919509888,-125.616333008,-77.7463912964,-87.8339767456,36.4461135864,44.7269554138,-35.3886108398,33.6150970459,202.00831604]],"icov":[[0.000388612301322,-0.000703278754372,0.000494277803227,-0.000846537819598,0.000690561777446,-0.00108767813072,0.000784818839747,-0.000997174880467,0.000712414737791,-0.000738303177059,0.000534076360054,-0.000673426548019,0.00153404381126],[-0.000703278754372,0.00267502269708,-0.00119875150267,0.00197565415874,-0.001868919353,0.00230602920055,-0.00163838360459,0.00181088212412,-0.00144509039819,0.00363589264452,-0.0034317523241,0.0024289812427,-0.0015175845474],[0.000494277803227,-0.00119875150267,0.00377084175125,-0.00274950568564,0.000797276676167,-0.000976053532213,0.000240409295657,-0.000886270834599,0.00180887477472,-0.00298383762129,0.00361859868281,-0.00262688403018,0.00192056258675],[-0.000846537819598,0.00197565415874,-0.00274950568564,0.00622613076121,-0.00312724197283,0.000688349478878,0.0000450931329397,0.00184050120879,-0.00283678807318,0.00292354286648,-0.00273851188831,0.00288563710637,-0.00242592999712],[0.000690561777446,-0.001868919353,0.000797276676167,-0.00312724197283,0.00552039500326,-0.0031184758991,0.000914188742172,-0.00119636615273,-0.00157561106607,0.000729799328838,-0.000214010389755,-0.000725372985471,0.00274202111177],[-0.00108767813072,0.00230602920055,-0.000976053532213,0.000688349478878,-0.0031184758991,0.0105306031182,-0.00593500072137,0.0021461986471,0.00093327765353,-0.00134218775202,0.00156975944992,0.000084737133875,-0.0014245302882],[0.000784818839747,-0.00163838360459,0.000240409295657,0.0000450931329397,0.000914188742172,-0.00593500072137,0.0107882125303,-0.0048435498029,0.00220673065633,0.000959288387094,-0.00345219043083,0.00214372039773,0.00124739587773],[-0.000997174880467,0.00181088212412,-0.000886270834599,0.00184050120879,-0.00119636615273,0.0021461986471,-0.0048435498029,0.01430887077,-0.00878072623163,0.00425868248567,0.000372549082385,-0.00372101948597,0.00187241111416],[0.000712414737791,-0.00144509039819,0.00180887477472,-0.00283678807318,-0.00157561106607,0.00093327765353,0.00220673065633,-0.00878072623163,0.0186463017017,-0.00949874147773,0.0023232777603,0.00251438096166,-0.00265298690647],[-0.000738303177059,0.00363589264452,-0.00298383762129,0.00292354286648,0.000729799328838,-0.00134218775202,0.000959288387094,0.00425868248567,-0.00949874147773,0.0205361358821,-0.00964456982911,0.0023489005398,-0.00156843557488],[0.000534076360054,-0.0034317523241,0.00361859868281,-0.00273851188831,-0.000214010389755,0.00156975944992,-0.00345219043083,0.000372549082385,0.0023232777603,-0.00964456982911,0.0205822475255,-0.0100978650153,0.00398663291708],[-0.000673426548019,0.0024289812427,-0.00262688403018,0.00288563710637,-0.000725372985471,0.000084737133875,0.00214372039773,-0.00372101948597,0.00251438096166,0.0023489005398,-0.0100978650153,0.0174048375338,-0.00694727525115],[0.00153404381126,-0.0015175845474,0.00192056258675,-0.00242592999712,0.00274202111177,-0.0014245302882,0.00124739587773,0.00187241111416,-0.00265298690647,-0.00156843557488,0.00398663291708,-0.00694727525115,0.0190490502864]],"mean":[-20.7540397644,88.2245559692,-125.811935425,47.5031661987,-41.940196991,16.0523662567,-36.0441017151,14.3992853165,-15.0269460678,-6.09131479263,-16.6776676178,-4.16289329529,-8.41588783264]},"hfc":{"dmean":5.1713924408,"dmean2":8.26503753662,"dvar":57.3550872803,"dvar2":144.265274048,"max":151.832611084,"mean":24.0718955994,"median":20.7716331482,"min":1.23106246542e-16,"var":347.207183838},"melbands":{"dmean":[0.00212303036824,0.00280443765223,0.000873324635904,0.000335643067956,0.000121415127069,0.000105736435216,0.000101513775007,0.00010655598453,0.0000859676438267,0.000119887328765,0.0000613884549239,0.000034938850149,0.0000467717254651,0.0000355090014637,0.0000316585501423,0.0000413597954321,0.0000287093644147,0.0000409228850913,0.0000255446193478,0.0000310555151373,0.0000192165953194,0.0000311164549203,0.0000446279846074,0.0000148361632455,0.0000074258650784,0.00000942157657846,0.00000560000489713,0.00000367053121408,0.00000273043360721,0.00000273405066764,0.00000222207768275,0.00000173290629846,0.00000141841292134,0.0000013486737771,0.00000113023031645,0.00000119042408642,6.98962992374e-7,5.81632036756e-7,3.0971929732e-7,2.01308225201e-7],"dmean2":[0.00360169890337,0.00489778583869,0.00148321769666,0.000561394030228,0.000200998285436,0.000177277688636,0.000171767082065,0.00017347431276,0.000135609254357,0.00018825600273,0.0000936232318054,0.0000547572635696,0.0000736375513952,0.0000569332187297,0.0000514970670338,0.0000660870646243,0.0000458373433503,0.0000658887438476,0.0000410250286222,0.0000509919264005,0.0000316708392347,0.0000518184860994,0.0000760678885854,0.0000246225499723,0.0000124334019347,0.0000154441895575,0.00000924381856748,0.00000610087363384,0.00000458653948954,0.00000452717995358,0.00000368741370949,0.00000287486091111,0.00000240873214352,0.00000227912869377,0.00000181764528406,0.00000185553449228,0.00000108243432351,9.03902389382e-7,4.73593047445e-7,3.169238596e-7],"dvar":[0.0000189419097296,0.0000365267296729,0.00000212327290683,4.03386991366e-7,5.95882418963e-8,5.18315879106e-8,8.17232006511e-8,5.51459429232e-8,3.95746546644e-8,9.57315364758e-8,3.59149332496e-8,7.07970393421e-9,1.45023930642e-8,9.17825015989e-9,6.06606809228e-9,1.06784003862e-8,4.02443234293e-9,8.746122937e-9,3.15618242652e-9,3.69288866153e-9,1.09956621586e-9,1.89496529579e-9,3.77918851768e-9,5.5792498399e-10,1.89853757715e-10,4.26562923872e-10,1.15452647442e-10,6.83257894707e-11,3.49840920122e-11,4.28482353765e-11,3.68770743109e-11,2.62147820812e-11,1.8228885415e-11,1.20918856525e-11,7.80096039849e-12,8.26568674617e-12,3.20362681695e-12,3.15546113544e-12,7.55094229331e-13,2.95480382783e-13],"dvar2":[0.0000500271453348,0.000102686622995,0.00000587122622164,0.00000109185464225,1.5671565734e-7,1.34679453367e-7,2.20501803483e-7,1.4440045959e-7,9.38846156373e-8,2.35692951378e-7,8.63496936176e-8,1.74488015148e-8,3.77965712062e-8,2.45335147753e-8,1.61775588481e-8,2.64691237817e-8,9.87634685146e-9,2.16395381614e-8,7.54007345449e-9,9.55387413626e-9,2.83124679257e-9,4.9291202231e-9,1.07777875513e-8,1.45990486367e-9,4.97458962911e-10,1.05459707633e-9,2.92930596446e-10,1.76237038851e-10,9.12817668675e-11,1.10647345453e-10,9.59018142677e-11,6.82454301404e-11,5.0084731501e-11,3.34963827509e-11,1.94188692904e-11,1.92549223094e-11,6.93268706331e-12,7.20125348241e-12,1.64169383383e-12,7.19971499953e-13],"max":[0.0386505350471,0.0508439354599,0.0214510206133,0.0114333219826,0.00451276497915,0.00773438578472,0.0133856525645,0.00462293252349,0.00464503793046,0.00696438644081,0.00730543863028,0.0022473752033,0.0065601025708,0.00374516285956,0.00181589997374,0.00240147649311,0.00133119057864,0.00251331273466,0.00205838563852,0.001877532457,0.000722903001588,0.000973671791144,0.000924921885598,0.000435590336565,0.000303399196127,0.000703562807757,0.000292402342893,0.000219851179281,0.000154137000209,0.000318233796861,0.000289133866318,0.000131184089696,0.000107516927528,0.0000901431267266,0.0000670545632602,0.0000736440488254,0.0000687873980496,0.0000744916251278,0.000037160316424,0.0000276417085843],"mean":[0.00261885719374,0.00413995189592,0.00169531523716,0.000569873373024,0.000207883349503,0.000157661779667,0.000140734802699,0.000175575958565,0.000160018447787,0.00022507677204,0.000116721588711,0.0000636377444607,0.0000916121498449,0.0000672980677336,0.0000564430192753,0.0000778547982918,0.0000522119808011,0.0000782618735684,0.0000493597217428,0.0000614358432358,0.0000426426558988,0.0000700693417457,0.0000826754039736,0.0000314560202241,0.0000139298026625,0.0000181269369932,0.0000111473245852,0.00000670313147566,0.00000538436279385,0.00000523288917975,0.00000422017274104,0.00000303648539557,0.00000241018983616,0.00000274862941296,0.00000225356052397,0.00000248410083259,0.00000164497498645,0.00000129668239879,7.01838189343e-7,4.68238226858e-7],"median":[0.00134516134858,0.00257912138477,0.00124909169972,0.000396217103116,0.000118176700198,0.0000657107229927,0.0000467794816359,0.0000572674580326,0.0000537309642823,0.0000577032988076,0.0000318922902807,0.0000242654223257,0.0000307642985717,0.0000246950785368,0.0000197020781343,0.0000215933341678,0.0000147083965203,0.0000228935950872,0.0000199221613002,0.0000324427383021,0.0000227580821957,0.0000446712801931,0.0000580967134738,0.000020024679543,0.00000743210785004,0.0000101490741145,0.00000599689565206,0.00000292049776363,0.00000220037736653,0.00000202253727366,0.00000150569121615,0.00000103077729818,8.5679073436e-7,9.0497127303e-7,6.19511467903e-7,6.14459736425e-7,4.76536769156e-7,3.69167366898e-7,2.28165262683e-7,1.49663080151e-7],"min":[7.26984312423e-24,4.16999408121e-24,2.9092016754e-24,8.03558724949e-24,1.09805004608e-23,3.19309713518e-24,4.60715081817e-24,5.84560366923e-24,8.55256803259e-24,7.64891208844e-24,7.48039877731e-24,6.34172854772e-24,1.24303589626e-23,5.75158367668e-24,8.2900477451e-24,2.91970141404e-24,1.04612793128e-23,2.20897840422e-23,1.39062530297e-23,1.17877402474e-23,1.49101637286e-23,9.78709748393e-24,6.36569177544e-24,1.09482265835e-23,1.31758759054e-23,1.05324700652e-23,1.30795394228e-23,1.15640910811e-23,7.97411447459e-24,1.28849929129e-23,9.01968334014e-24,1.14571767626e-23,1.00686316858e-23,1.17768405563e-23,1.60367138992e-23,1.46843680717e-23,9.76021231542e-24,9.88953738336e-24,1.20476020737e-23,1.36185649239e-23],"var":[0.0000172741965798,0.0000303521719616,0.00000314274552693,4.96781069614e-7,8.75285977031e-8,8.92970888344e-8,1.13193728168e-7,1.04483277141e-7,9.64081152688e-8,2.58594297975e-7,9.68142543911e-8,1.9808895857e-8,4.77402792853e-8,2.34445867164e-8,1.48653196419e-8,3.07873975203e-8,1.1539802891e-8,2.63387622823e-8,8.55664517019e-9,1.12456399748e-8,3.19414339423e-9,6.2889071728e-9,7.5744228667e-9,1.47553547158e-9,3.8258451962e-10,8.34862790011e-10,2.50902298937e-10,1.35370797905e-10,8.08021705101e-11,9.69286526042e-11,8.01989377686e-11,4.56860452247e-11,2.36154828331e-11,2.65126202242e-11,1.76340123059e-11,2.44413326383e-11,1.23442671016e-11,9.65977905304e-12,2.29522303941e-12,7.92108837289e-13]},"melbands_crest":{"dmean":3.28592610359,"dmean2":5.37089157104,"dvar":9.05731678009,"dvar2":23.1200523376,"max":34.18359375,"mean":16.6783733368,"median":16.3278369904,"min":2.24117898941,"var":30.9743938446},"melbands_flatness_db":{"dmean":0.0297902263701,"dmean2":0.0471330061555,"dvar":0.000948759843595,"dvar2":0.00242493581027,"max":0.569045066833,"mean":0.21648427844,"median":0.207642644644,"min":0.00672376761213,"var":0.00548299029469},"melbands_kurtosis":{"dmean":10.2817831039,"dmean2":17.4237613678,"dvar":485.331481934,"dvar2":1276.28430176,"max":431.882263184,"mean":15.3632287979,"median":7.25173902512,"min":-1.76431810856,"var":644.470581055},"melbands_skewness":{"dmean":0.944691717625,"dmean2":1.52955126762,"dvar":1.32136619091,"dvar2":3.32244563103,"max":16.1265850067,"mean":3.0435063839,"median":2.64406561852,"min":-2.20240545273,"var":3.93319129944},"melbands_spread":{"dmean":8.25513648987,"dmean2":13.3301534653,"dvar":78.6187591553,"dvar2":193.750167847,"max":165.38117981,"mean":27.51030159,"median":24.8014640808,"min":0.391491800547,"var":317.764251709},"mfcc":{"cov":[[18950.6542969,2214.09277344,-500.076019287,1079.23327637,1186.05688477,785.372741699,795.058654785,1198.76623535,42.635471344,417.696624756,1267.68859863,419.528533936,-886.243774414],[2214.09277344,1495.5814209,-371.688476562,284.429595947,321.272979736,69.8646621704,215.453796387,254.567169189,-2.27704954147,65.4092025757,220.309020996,33.5488433838,-150.95916748],[-500.076019287,-371.688476562,496.286834717,18.5727825165,-54.4230155945,50.3414077759,-55.6252288818,-90.5178833008,28.8386478424,-23.7007808685,-106.874687195,-3.76999306679,61.5808067322],[1079.23327637,284.429595947,18.5727825165,362.157684326,261.165771484,97.5394668579,66.599822998,106.606323242,28.6337718964,48.931476593,86.5135574341,29.8169879913,-43.5365028381],[1186.05688477,321.272979736,-54.4230155945,261.165771484,382.58505249,133.964355469,80.1286010742,126.155151367,37.5029144287,53.7882575989,123.361328125,31.1192092896,-73.2379074097],[785.372741699,69.8646621704,50.3414077759,97.5394668579,133.964355469,216.788650513,117.961303711,57.5396499634,22.2959194183,31.3632831573,62.7865486145,29.737203598,-48.7773361206],[795.058654785,215.453796387,-55.6252288818,66.599822998,80.1286010742,117.961303711,206.397003174,131.280776978,6.15121269226,26.2660579681,93.952331543,37.6219711304,-59.1744194031],[1198.76623535,254.567169189,-90.5178833008,106.606323242,126.155151367,57.5396499634,131.280776978,219.299346924,39.3715133667,26.071269989,119.460601807,47.1222000122,-65.0006790161],[42.635471344,-2.27704954147,28.8386478424,28.6337718964,37.5029144287,22.2959194183,6.15121269226,39.3715133667,100.014221191,37.5826797485,2.85575222969,1.71553397179,-0.0834230035543],[417.696624756,65.4092025757,-23.7007808685,48.931476593,53.7882575989,31.3632831573,26.2660579681,26.071269989,37.5826797485,107.102546692,57.6556968689,6.51110696793,-22.3486557007],[1267.68859863,220.309020996,-106.874687195,86.5135574341,123.361328125,62.7865486145,93.952331543,119.460601807,2.85575222969,57.6556968689,199.217178345,65.4822006226,-82.1049804688],[419.528533936,33.5488433838,-3.76999306679,29.8169879913,31.1192092896,29.737203598,37.6219711304,47.1222000122,1.71553397179,6.51110696793,65.4822006226,82.6529312134,5.0075135231],[-886.243774414,-150.95916748,61.5808067322,-43.5365028381,-73.2379074097,-48.7773361206,-59.1744194031,-65.0006790161,-0.0834230035543,-22.3486557007,-82.1049804688,5.0075135231,127.598823547]],"icov":[[0.000145104320836,-0.0000658608259982,-0.0000744399658288,-0.00011192587408,0.00010239083349,-0.000312625663355,0.000363900733646,-0.000550229509827,0.000318826612784,-0.000240848763497,-0.000274274992989,-0.000254301325185,0.000546893046703],[-0.0000658608259982,0.00121791777201,0.000648997491226,-0.000526371703018,-0.000461533636553,0.000682870158926,-0.000998826813884,0.0000669835790177,0.0000184299678949,0.00013273692457,0.0000244199145527,0.00036880877451,0.0000821869180072],[-0.0000744399658288,0.000648997491226,0.00326094636694,-0.0011686028447,0.000629928312264,-0.00117923691869,0.000105004633951,0.000923253246583,-0.00114162638783,0.000566470669582,0.00141066533979,-0.000825524330139,-0.000253349164268],[-0.00011192587408,-0.000526371703018,-0.0011686028447,0.00631966814399,-0.00379703566432,0.000243892631261,0.0000901923704077,-0.000847907038406,0.000671885733027,-0.0011377906194,0.000646855274681,-0.000147408398334,-0.000932973402087],[0.00010239083349,-0.000461533636553,0.000629928312264,-0.00379703566432,0.00727161066607,-0.00351704121567,0.00254461751319,-0.00159024610184,-0.000659027544316,0.000206465061638,-0.00187128246762,0.000787773868069,0.000565499183722],[-0.000312625663355,0.000682870158926,-0.00117923691869,0.000243892631261,-0.00351704121567,0.0111026410013,-0.00751858344302,0.00433007627726,-0.00208197557367,0.000267607130809,0.000846781826112,-0.00125047680922,0.000872891279869],[0.000363900733646,-0.000998826813884,0.000105004633951,0.0000901923704077,0.00254461751319,-0.00751858344302,0.0139936693013,-0.0080457450822,0.00351948477328,-0.00182562961709,-0.000762401963584,-0.00092299003154,0.00153148442041],[-0.000550229509827,0.0000669835790177,0.000923253246583,-0.000847907038406,-0.00159024610184,0.00433007627726,-0.0080457450822,0.0149298449978,-0.00702792452648,0.00417943065986,-0.00220316206105,-0.00110222236253,-0.000507504853886],[0.000318826612784,0.0000184299678949,-0.00114162638783,0.000671885733027,-0.000659027544316,-0.00208197557367,0.00351948477328,-0.00702792452648,0.0158122107387,-0.00697890808806,0.00290301255882,-0.000631463422906,0.000575102807488],[-0.000240848763497,0.00013273692457,0.000566470669582,-0.0011377906194,0.000206465061638,0.000267607130809,-0.00182562961709,0.00417943065986,-0.00697890808806,0.0151240536943,-0.00602025678381,0.00372630613856,-0.0020498232916],[-0.000274274992989,0.0000244199145527,0.00141066533979,0.000646855274681,-0.00187128246762,0.000846781826112,-0.000762401963584,-0.00220316206105,0.00290301255882,-0.00602025678381,0.01743298769,-0.0105456430465,0.00601633358747],[-0.000254301325185,0.00036880877451,-0.000825524330139,-0.000147408398334,0.000787773868069,-0.00125047680922,-0.00092299003154,-0.00110222236253,-0.000631463422906,0.00372630613856,-0.0105456430465,0.0230790842324,-0.0090364087373],[0.000546893046703,0.0000821869180072,-0.000253349164268,-0.000932973402087,0.000565499183722,0.000872891279869,0.00153148442041,-0.000507504853886,0.000575102807488,-0.0020498232916,0.00601633358747,-0.0090364087373,0.0165139324963]],"mean":[-655.797851562,111.130241394,-10.3224859238,31.7147331238,18.1117572784,5.61661243439,-0.149265989661,14.0805225372,5.63627004623,3.92590260506,-3.29562330246,3.91929674149,-1.27504301071]},"pitch_salience":{"dmean":0.0743971168995,"dmean2":0.121494017541,"dvar":0.00480948295444,"dvar2":0.0126297753304,"max":0.842570602894,"mean":0.47265869379,"median":0.478584140539,"min":0.0441531762481,"var":0.0121255936101},"silence_rate_20dB":{"dmean":0,"dmean2":0,"dvar":0,"dvar2":0,"max":1,"mean":1,"median":1,"min":1,"var":0},"silence_rate_30dB":{"dmean":0.0277354456484,"dmean2":0.0554751195014,"dvar":0.0269661918283,"dvar2":0.0723625794053,"max":1,"mean":0.982247591019,"median":1,"min":0,"var":0.0174372345209},"silence_rate_60dB":{"dmean":0.00365742156282,"dmean2":0.0073154005222,"dvar":0.00364404474385,"dvar2":0.00832871440798,"max":1,"mean":0.111466668546,"median":0,"min":0,"var":0.0990418493748},"spectral_centroid":{"dmean":260.385803223,"dmean2":421.252319336,"dvar":66222.484375,"dvar2":158215.0625,"max":10619.3876953,"mean":1696.75878906,"median":1682.12341309,"min":250.0909729,"var":348623.34375},"spectral_complexity":{"dmean":3.23666572571,"dmean2":5.23371171951,"dvar":12.6896457672,"dvar2":29.9902610779,"max":62,"mean":21.790019989,"median":23,"min":0,"var":123.46661377},"spectral_contrast_coeffs":{"dmean":[0.0478541962802,0.0441010147333,0.0376134738326,0.033758815378,0.0265557765961,0.0167162772268],"dmean2":[0.0789684057236,0.0731300860643,0.0605724267662,0.0544950701296,0.0429061949253,0.0272520389408],"dvar":[0.00168326555286,0.00127134576906,0.000942841812503,0.000733670021873,0.000534512277227,0.00024372493499],"dvar2":[0.00448920950294,0.00349891232327,0.00234370492399,0.00179917004425,0.00132739497349,0.000617476121988],"max":[-0.353009849787,-0.413963317871,-0.450084626675,-0.459360867739,-0.557115674019,-0.5822930336],"mean":[-0.653096675873,-0.736874461174,-0.747776985168,-0.724598169327,-0.7336769104,-0.757531523705],"median":[-0.645841181278,-0.746026873589,-0.762566030025,-0.73288577795,-0.733481884003,-0.757228255272],"min":[-0.955196678638,-0.969611525536,-0.961918473244,-0.960566222668,-0.96123278141,-0.958675384521],"var":[0.00775946164504,0.00640767114237,0.00632595922798,0.00431840261444,0.00205931416713,0.00101160490885]},"spectral_contrast_valleys":{"dmean":[0.381379157305,0.345066398382,0.311900436878,0.28415068984,0.252259671688,0.24336849153],"dmean2":[0.632253289223,0.572734832764,0.499684333801,0.441091656685,0.390557587147,0.349098771811],"dvar":[0.116835474968,0.0971656963229,0.0853173360229,0.083239518106,0.102293260396,0.113811910152],"dvar2":[0.288176864386,0.243727907538,0.196050330997,0.180633321404,0.220052093267,0.218407511711],"max":[-5.00193452835,-4.78483581543,-5.38952207565,-5.78670358658,-5.38429689407,-7.74291658401],"mean":[-7.41876602173,-7.40284156799,-7.82517433167,-8.1378288269,-7.84857845306,-10.4965953827],"median":[-6.7571721077,-6.86068582535,-7.25118398666,-7.52952051163,-7.2511305809,-9.97286891937],"min":[-27.8454990387,-26.9785060883,-26.9627819061,-27.0521717072,-27.1893577576,-27.2174224854],"var":[4.47179746628,3.49554634094,3.6790163517,3.87356877327,3.50383639336,2.97607207298]},"spectral_decrease":{"dmean":3.57889184954e-9,"dmean2":6.05971361978e-9,"dvar":4.2451924814e-17,"dvar2":1.13342259531e-16,"max":3.03669830368e-29,"mean":-8.77689565471e-9,"median":-8.10161626674e-9,"min":-5.52409353816e-8,"var":5.01366378454e-17},"spectral_energy":{"dmean":0.0137683153152,"dmean2":0.0232844036072,"dvar":0.000612947274931,"dvar2":0.00163277925458,"max":0.213871181011,"mean":0.0353094339371,"median":0.0330047532916,"min":1.10514876051e-20,"var":0.000761960225645},"spectral_energyband_high":{"dmean":0.000289480492938,"dmean2":0.000450155232102,"dvar":4.66425632339e-7,"dvar2":0.00000112542124953,"max":0.0172302927822,"mean":0.000790555030107,"median":0.000314632197842,"min":7.951520823e-21,"var":0.0000016076880911},"spectral_energyband_low":{"dmean":0.012322710827,"dmean2":0.0210334192961,"dvar":0.000609433685895,"dvar2":0.00165362213738,"max":0.196797221899,"mean":0.0199738908559,"median":0.0150729734451,"min":3.88807767622e-23,"var":0.000555377046112},"spectral_energyband_middle_high":{"dmean":0.00176986434963,"dmean2":0.00285207666457,"dvar":0.00000537835057912,"dvar2":0.0000137368569995,"max":0.0548660829663,"mean":0.00722983619198,"median":0.00542761525139,"min":1.64499738305e-21,"var":0.0000410392021877},"spectral_energyband_middle_low":{"dmean":0.00342228752561,"dmean2":0.00563363125548,"dvar":0.000026074145353,"dvar2":0.0000677517891745,"max":0.075249157846,"mean":0.00924193672836,"median":0.00786215160042,"min":2.04146991256e-22,"var":0.0000608070076851},"spectral_entropy":{"dmean":0.14632178843,"dmean2":0.225227117538,"dvar":0.0245060492307,"dvar2":0.0569178760052,"max":9.80958461761,"mean":7.40470790863,"median":7.56976079941,"min":3.91000747681,"var":0.395543664694},"spectral_flux":{"dmean":0.0289979614317,"dmean2":0.0449351780117,"dvar":0.00172983575612,"dvar2":0.00320520158857,"max":0.391576886177,"mean":0.0896141454577,"median":0.0801015198231,"min":1.05126053696e-10,"var":0.00386685295962},"spectral_kurtosis":{"dmean":1.52885997295,"dmean2":2.59785032272,"dvar":3.39806699753,"dvar2":9.66774559021,"max":50.8795318604,"mean":4.66337633133,"median":4.08659029007,"min":-1.25138938427,"var":9.55666255951},"spectral_rms":{"dmean":0.000961221696343,"dmean2":0.00157633342315,"dvar":0.00000195057646124,"dvar2":0.0000049855520956,"max":0.0144448885694,"mean":0.00533051881939,"median":0.00567448325455,"min":3.28358629349e-12,"var":0.00000603379612585},"spectral_rolloff":{"dmean":528.495422363,"dmean2":914.275878906,"dvar":487992.75,"dvar2":1197765.875,"max":19875.1464844,"mean":1651.68933105,"median":1571.92382812,"min":64.599609375,"var":1787102.5},"spectral_skewness":{"dmean":0.19248868525,"dmean2":0.320750117302,"dvar":0.0364623777568,"dvar2":0.100842632353,"max":5.7908987999,"mean":1.43578529358,"median":1.41606390476,"min":0.0595085769892,"var":0.145385593176},"spectral_spread":{"dmean":395873.375,"dmean2":597334.4375,"dvar":264076869632,"dvar2":437528821760,"max":41915680,"mean":4023974,"median":3974213.5,"min":1622098.125,"var":1291310071810},"spectral_strongpeak":{"dmean":0.425471752882,"dmean2":0.752475202084,"dvar":0.916452825069,"dvar2":2.47261166573,"max":12.4728431702,"mean":0.668813467026,"median":0.409591168165,"min":0,"var":1.0506131649},"zerocrossingrate":{"dmean":0.00838895794004,"dmean2":0.0105530964211,"dvar":0.0000677483694744,"dvar2":0.0000974126378424,"max":0.50439453125,"mean":0.0616686753929,"median":0.0556640625,"min":0.00537109375,"var":0.00113811413758}},"metadata":{"audio_properties":{"analysis_sample_rate":44100,"bit_rate":0,"codec":"flac","downmix":"mix","equal_loudness":0,"length":304.733337402,"lossless":true,"md5_encoded":"48369810b6a99c186db8cae3df7e107c","replay_gain":-14.5971412659},"tags":{"acoustid_id":["efd18041-5020-47b8-9f7c-fb8868ffbca7"],"album":["Hot Fuss"],"albumartist":["The Killers"],"albumartistsort":["Killers, The"],"artist":["The Killers"],"artists":["The Killers"],"artistsort":["Killers, The"],"asin":["B00030GMO0"],"barcode":["602498635247"],"catalognumber":["0602498635247"],"composer":["Brandon Flowers","Ronnie Vannucci Jr."],"composersort":["Flowers, Brandon","Vannucci, Ronnie Jr."],"date":["2004"],"discnumber":["1"],"disctotal":["1"],"file_name":"09 Believe Me Natalie.flac","genre":["Indie Rock"],"grouping":["Rock"],"isrc":["USIR20400272"],"label":["Island Records"],"media":["CD"],"mixer":["Alan Moulder"],"mood":["Mellow; Melancholy; Funky; Chill"],"musicbrainz_albumartistid":["95e1ead9-4d31-4808-a7ac-32c3614c116b"],"musicbrainz_albumid":["f5ee7a25-0121-432b-8ac2-0cdf3e714c2a"],"musicbrainz_artistid":["95e1ead9-4d31-4808-a7ac-32c3614c116b"],"musicbrainz_recordingid":["2bb6ce74-92f2-4750-8891-0627f6ee48ff"],"musicbrainz_releasegroupid":["e8c09b4e-33ae-368b-8f70-24b4e14fb9ad"],"musicbrainz_releasetrackid":["ed4fdee1-14a8-3533-937c-8971b5b30e8c"],"musicbrainz_workid":["d8fa1afe-17a0-3bf2-bb1b-b0a91593b28a"],"originaldate":["2004-06-07"],"originalyear":["2004"],"producer":["Jeff Saltzman","The Killers"],"releasecountry":["XE"],"releasestatus":["official"],"releasetype":["album"],"replaygain_album_gain":["-11.68 dB"],"replaygain_album_peak":["0.988617"],"replaygain_track_gain":["-10.98 dB"],"replaygain_track_peak":["0.988556"],"script":["Latn"],"title":["Believe Me Natalie"],"totaldiscs":["1"],"totaltracks":["12"],"tracknumber":["9"],"tracktotal":["12"],"work":["Believe Me Natalie"]},"version":{"essentia":"2.1-beta1","essentia_build_sha":"50a0f