{"lowlevel":{"average_loudness":0.943211495876,"barkbands":{"dmean":[0.0000169285631273,0.00462353928015,0.0023738942109,0.00139321503229,0.00153337372467,0.00162181083579,0.000893814954907,0.000624590495136,0.000773194362409,0.000499235407915,0.00033135767444,0.000503676070366,0.000459027767647,0.000469376856927,0.000578544451855,0.000517705339007,0.000360818725312,0.000279284722637,0.000261528533883,0.000205439049751,0.000148821985931,0.000116217444884,0.000089273948106,0.0000445074947493,0.0000196523797058,0.00000915805139812,0.00000132444802148],"dmean2":[0.0000264873724518,0.00773970689625,0.0040853000246,0.00241812807508,0.00257413135841,0.00276703131385,0.00147728901356,0.0010144803673,0.00122329371516,0.000797291751951,0.000525820418261,0.000808811513707,0.000744971330278,0.000764639524277,0.000933431787416,0.000840615248308,0.000585791480262,0.000459596980363,0.000422587036155,0.000333000731189,0.000242944675847,0.000185094206245,0.000137915834785,0.0000691166496836,0.0000303605593217,0.0000138835512189,0.00000210314624383],"dvar":[1.17955145651e-9,0.000129899126478,0.0000270728342002,0.00000846954389999,0.00000542413863514,0.00000986539180303,0.00000309456981995,0.00000263889455709,0.00000232754155149,0.0000013512710666,6.17807586423e-7,8.03248894954e-7,0.00000126629777242,8.96618530533e-7,0.00000126129918954,9.14446957268e-7,3.10981420171e-7,1.96644819539e-7,1.85531021657e-7,1.17215911644e-7,9.22211498278e-8,8.97108876075e-8,6.8761373484e-8,2.53236844827e-8,1.84861015384e-9,2.29975857802e-10,5.13520085829e-12],"dvar2":[2.80038414679e-9,0.000311782147037,0.000074628929724,0.0000233927294175,0.0000145740823427,0.0000271750013781,0.00000797777192929,0.00000663196124151,0.00000557302428206,0.00000347001946466,0.00000154442932399,0.00000204142202165,0.00000307797176902,0.00000217456977225,0.00000304890659208,0.00000228889780374,7.52868572818e-7,4.98113081449e-7,4.76489731227e-7,2.93926348149e-7,2.40352449055e-7,2.17988045392e-7,1.5285982613e-7,5.81828771828e-8,4.20448742489e-9,5.22230481081e-10,1.25493625908e-11],"max":[0.000375028670533,0.0924327671528,0.0528786294162,0.0312420614064,0.0352036729455,0.0388416722417,0.0435859002173,0.0470757633448,0.0516813844442,0.047774437815,0.0213179271668,0.0184755045921,0.0301371030509,0.0216275379062,0.0363478735089,0.0310296434909,0.0212813299149,0.0114832883701,0.0107067571953,0.00719309411943,0.0045893448405,0.00914020650089,0.0069851023145,0.00537345604971,0.000828796124551,0.000493840954732,0.0000477318681078],"mean":[0.0000188704107131,0.00391915719956,0.00271145626903,0.00153041980229,0.00251259398647,0.00245991768315,0.00137045967858,0.0010023561772,0.00138558505569,0.000870769144967,0.000557056278922,0.000911107170396,0.000751280516852,0.00079115171684,0.00100256048609,0.00105759396683,0.000711735978257,0.000536657753401,0.000508621160407,0.000400572986109,0.000261518289335,0.000189019105164,0.000147208047565,0.0000795118467067,0.0000394687594962,0.0000142405297083,0.00000150597998072],"median":[0.0000024625601327,0.000563227047678,0.00138754898217,0.000709219893906,0.00174129463267,0.00136418628972,0.000717111281119,0.000436432659626,0.000734001398087,0.000476192886708,0.000272730103461,0.000455011206213,0.000338108453434,0.000377749616746,0.000518296437804,0.000449847371783,0.000462433905341,0.000322869542288,0.000347937311744,0.000260573113337,0.000165508885402,0.0000976918527158,0.0000706388309482,0.0000416099828726,0.0000211020396819,0.00000830429053167,5.07265269789e-7],"min":[3.27140680504e-23,8.38842816631e-24,9.96023983085e-24,2.52142822275e-23,1.14818704755e-22,5.99371971948e-23,2.58617271937e-23,1.85803911549e-23,5.41893420692e-23,1.75713856768e-22,1.0649113563e-22,6.95964455696e-23,5.34034662136e-23,7.50335084312e-23,9.35478025086e-23,1.70494917102e-22,1.37607230233e-22,2.04641790059e-22,4.5970486812e-22,4.86116284636e-22,4.96055073761e-22,4.50237779951e-22,6.00194204825e-22,6.44631888198e-22,9.69864219509e-22,1.71733984081e-21,2.49943284958e-21],"var":[1.45463352474e-9,0.000110263259558,0.0000206237564271,0.00000674690772939,0.00000711521806807,0.0000118244452096,0.00000473576710647,0.00000419039224653,0.00000515299052495,0.00000226363954425,0.00000115708735393,0.00000175334969299,0.00000218405330088,0.00000176909099991,0.00000240590088652,0.00000318422689816,8.59212548221e-7,4.62266768864e-7,3.05529567868e-7,2.29094837323e-7,1.12399646923e-7,1.12226508975e-7,1.06269069988e-7,3.94704571249e-8,3.58891893981e-9,3.63410995741e-10,6.09379777541e-12]},"barkbands_crest":{"dmean":2.68764853477,"dmean2":4.48396730423,"dvar":8.57101917267,"dvar2":22.0791625977,"max":23.8486404419,"mean":7.49310684204,"median":6.5455160141,"min":2.18489933014,"var":12.3898448944},"barkbands_flatness_db":{"dmean":0.0174201764166,"dmean2":0.0277273915708,"dvar":0.000266965827905,"dvar2":0.000662390200887,"max":0.232709333301,"mean":0.099237523973,"median":0.0965915545821,"min":0.0258347857744,"var":0.000648503773846},"barkbands_kurtosis":{"dmean":1.18987667561,"dmean2":1.9695006609,"dvar":4.30333185196,"dvar2":10.6534280777,"max":46.5649261475,"mean":0.382192015648,"median":-0.284438848495,"min":-1.83496177197,"var":5.4928150177},"barkbands_skewness":{"dmean":0.445327997208,"dmean2":0.697172701359,"dvar":0.219916597009,"dvar2":0.477275907993,"max":6.26867246628,"mean":0.826483130455,"median":0.753460228443,"min":-1.76160776615,"var":0.557723283768},"barkbands_spread":{"dmean":4.99937725067,"dmean2":8.04274654388,"dvar":26.8590812683,"dvar2":61.3217010498,"max":138.185409546,"mean":28.0180225372,"median":27.1264610291,"min":4.4887752533,"var":129.191802979},"dissonance":{"dmean":0.0121654430404,"dmean2":0.0204841215163,"dvar":0.000130238186102,"dvar2":0.000351346592652,"max":0.500000119209,"mean":0.477659493685,"median":0.48093944788,"min":0.298402935266,"var":0.00023923831759},"dynamic_complexity":2.74954128265,"erbbands":{"dmean":[0.0786967873573,1.20623672009,2.53761363029,4.15021276474,4.31982803345,5.71229600906,9.67217254639,14.3853178024,13.4551038742,11.2270965576,13.7646808624,16.7122097015,15.0465126038,15.7903718948,14.6929798126,18.8122844696,20.5746479034,19.7023563385,27.6188468933,29.1947822571,24.9505462646,18.3024768829,13.983584404,13.4583692551,12.5450057983,9.4841709137,6.45067310333,5.65392065048,4.22007989883,3.58989024162,2.32961320877,1.33697104454,0.525305449963,0.266995608807,0.121280558407,0.0541739054024,0.0142627041787,0.00207412103191,0.000212580431253,0.0000222206963372],"dmean2":[0.133268266916,2.00917243958,4.13140964508,7.17757415771,7.34084415436,9.62666606903,16.460357666,24.3902320862,22.4743366241,18.2248210907,22.305109024,26.4889812469,23.7934932709,25.22605896,23.3664608002,30.3188400269,33.2245750427,31.9228801727,43.8026275635,47.4127235413,40.8933868408,29.5464115143,22.85247612,21.9569797516,20.2242984772,15.2813844681,10.495306015,9.21416568756,6.79182291031,5.64349365234,3.6045987606,2.05635619164,0.819225728512,0.41855096817,0.187832683325,0.0833324939013,0.0217606630176,0.00320778787136,0.000333134783432,0.0000336626617354],"dvar":[0.0391448400915,8.62345504761,30.0444049835,77.6955795288,54.3753356934,87.1616287231,255.793151855,868.075805664,709.607177734,705.051513672,1265.90039062,1261.54931641,1188.15686035,1402.86523438,883.191894531,1304.54650879,2381.09155273,1615.62097168,2905.63110352,3479.31616211,1765.41625977,693.574462891,456.359924316,484.404052734,475.269897461,240.821640015,153.222122192,153.558731079,118.239967346,87.4489517212,53.4484558105,26.5925617218,2.09622573853,0.377745449543,0.0656224787235,0.00855118595064,0.000608983915299,0.0000137658944368,1.35720867434e-7,9.96097759831e-10],"dvar2":[0.0979350805283,20.4662818909,75.4803619385,214.22946167,144.138214111,238.690536499,695.391235352,2375.17114258,1876.64245605,1663.08972168,3202.74121094,3007.70776367,2685.03271484,3784.21972656,2168.69506836,3425.48535156,5699.2109375,4114.19042969,6809.21337891,8985.64648438,4488.21044922,1705.42529297,1167.68676758,1256.11669922,1223.09020996,605.258666992,395.913452148,400.78515625,289.338745117,201.894668579,119.231971741,59.7494010925,4.77586889267,0.868224859238,0.152131482959,0.0195906478912,0.001394279534,0.0000324277643813,3.29909141783e-7,2.24210139343e-9],"max":[1.36057460308,24.6804046631,56.1639213562,92.9368209839,115.042007446,175.470474243,210.656524658,480.18927002,609.673583984,661.71875,1203.11767578,1385.8092041,1100.59204102,1950.44091797,844.189025879,827.095214844,1362.74694824,1106.66015625,1390.44689941,1345.54248047,1533.21191406,806.971130371,492.193939209,675.010498047,712.734008789,228.959640503,191.483795166,261.113830566,322.637695312,212.830825806,209.026184082,172.462402344,40.8608894348,15.8355464935,5.31426525116,3.16450858116,0.751186132431,0.068244419992,0.00847554206848,0.000410361128161],"mean":[0.0632420480251,1.05048501492,2.96236753464,4.71902132034,6.03216075897,8.68413734436,14.3041028976,21.7902545929,20.7902889252,19.5004558563,23.8523483276,29.8626232147,27.4474716187,29.8746757507,28.0779380798,36.0899467468,36.6864852905,35.6181526184,50.6421203613,56.2098083496,54.3448905945,38.9326477051,29.4718551636,27.2383460999,25.53399086,18.9355220795,11.699754715,9.59915828705,6.85398435593,5.81068897247,3.82973718643,2.29268932343,0.980411410332,0.525140941143,0.23079097271,0.0892610773444,0.0211084000766,0.00270308973268,0.000263911526417,0.00004608321251],"median":[0.00675952620804,0.179142415524,1.41958916187,2.3604953289,3.50226426125,5.44257164001,8.46316432953,11.7799863815,11.3092222214,9.72276973724,11.9804639816,15.2592372894,15.1969347,18.6113357544,16.030500412,18.6660346985,17.9025554657,18.6211299896,26.3502464294,27.7149658203,26.6500473022,27.0861244202,20.1236572266,18.0267162323,17.514465332,12.3655128479,7.5185918808,5.75942087173,3.5497906208,2.89271736145,1.81149840355,1.12626969814,0.539053559303,0.281455338001,0.119766332209,0.0549692250788,0.0111036421731,0.00108386750799,0.000103750120616,0.0000365399573639],"min":[3.652800353e-22,2.07304305424e-21,1.00617498463e-20,5.88450148539e-20,1.14785785652e-19,5.69672825517e-19,3.83011326036e-19,5.4856508914e-19,4.79594717966e-19,3.83950537923e-19,2.96892285843e-19,9.03414508384e-19,6.8610930178e-18,3.58903410747e-18,3.47227425529e-18,3.0648323825e-18,2.60092633393e-18,2.3856488572e-18,5.37593903162e-18,5.88403555006e-18,9.33628500349e-18,9.29737194593e-18,1.10579175191e-17,1.23820525272e-17,3.08344411172e-17,2.42187614202e-17,1.7769384731e-17,1.93423662731e-17,1.24596122902e-17,1.99969523421e-17,1.61605548356e-17,1.24674580983e-17,1.19733334876e-17,1.08782977306e-17,7.88670888263e-18,6.45623525725e-18,2.93415459613e-18,1.23985647066e-18,3.5687709742e-19,3.83798750281e-20],"var":[0.0314992517233,7.44302177429,26.4889526367,60.848400116,60.4120979309,112.338256836,344.343170166,1087.50610352,987.193908691,1345.78955078,1925.62976074,2870.56933594,2381.49536133,1935.27978516,1797.48181152,2674.84106445,4479.33251953,3113.38549805,5998.31396484,7860.26220703,7860.86132812,1694.32128906,1051.16662598,1002.4564209,807.309753418,488.328521729,204.45425415,176.890289307,145.383789062,119.98916626,84.1841430664,43.0732955933,3.38012671471,0.694988667965,0.121672466397,0.0137545866892,0.000919902464375,0.0000190907448996,1.68509998844e-7,1.46136247547e-9]},"erbbands_crest":{"dmean":2.23622727394,"dmean2":3.63351082802,"dvar":5.02432250977,"dvar2":12.5497331619,"max":29.8899402618,"mean":7.48550796509,"median":6.52774000168,"min":2.24723887444,"var":13.3268842697},"erbbands_flatness_db":{"dmean":0.0165952388197,"dmean2":0.0236308109015,"dvar":0.000227741533308,"dvar2":0.000452261563623,"max":0.282719343901,"mean":0.151120483875,"median":0.15026371181,"min":0.0258906781673,"var":0.000896083423868},"erbbands_kurtosis":{"dmean":0.586255311966,"dmean2":0.949813902378,"dvar":0.499652326107,"dvar2":1.2320523262,"max":12.4036130905,"mean":-0.0477442853153,"median":-0.351454496384,"min":-1.70553851128,"var":1.30914747715},"erbbands_skewness":{"dmean":0.266426712275,"dmean2":0.416599839926,"dvar":0.0557688288391,"dvar2":0.133296504617,"max":2.31336069107,"mean":-0.16353084147,"median":-0.168421968818,"min":-2.84353113174,"var":0.278714507818},"erbbands_spread":{"dmean":6.55253505707,"dmean2":10.0136137009,"dvar":39.8809089661,"dvar2":85.373878479,"max":134.122390747,"mean":35.8875541687,"median":34.877784729,"min":5.84278440475,"var":156.650253296},"gfcc":{"cov":[[12410.4941406,678.258422852,-421.341583252,202.262313843,-304.236785889,51.3635673523,-240.772964478,82.3533706665,-79.3793029785,37.111328125,-109.273780823,-4.3451385498,-47.0518341064],[678.258422852,630.331176758,-183.913864136,43.359085083,89.0091781616,-59.9745597839,84.0039901733,-15.9669475555,0.0865426659584,-36.5822257996,27.684885025,-33.338809967,10.5855979919],[-421.341583252,-183.913864136,443.526580811,36.6745414734,47.1328659058,88.5404510498,10.4455900192,32.6400985718,11.1929273605,14.8329792023,-6.0034160614,44.9465484619,-25.9162025452],[202.262313843,43.359085083,36.6745414734,260.789611816,49.8898353577,19.7031021118,27.1331653595,12.7897138596,39.8307571411,0.650562107563,20.4817409515,17.4195842743,27.1081142426],[-304.236785889,89.0091781616,47.1328659058,49.8898353577,213.3800354,2.3725476265,64.9774398804,23.0607089996,15.7149047852,16.8504562378,-0.309763282537,9.81724262238,2.98651885986],[51.3635673523,-59.9745597839,88.5404510498,19.7031021118,2.3725476265,181.572387695,51.8654899597,21.4643440247,22.6016921997,24.1120643616,12.8878660202,12.6075582504,-5.99013233185],[-240.772964478,84.0039901733,10.4455900192,27.1331653595,64.9774398804,51.8654899597,159.764923096,22.1765956879,7.12554645538,9.38715553284,22.3182907104,5.3389339447,-14.6416454315],[82.3533706665,-15.9669475555,32.6400985718,12.7897138596,23.0607089996,21.4643440247,22.1765956879,94.4398269653,34.5352592468,18.5442905426,5.30160522461,1.40074157715,7.28276014328],[-79.3793029785,0.0865426659584,11.1929273605,39.8307571411,15.7149047852,22.6016921997,7.12554645538,34.5352592468,92.5157623291,38.0444946289,4.29143381119,2.15507888794,15.0493164062],[37.111328125,-36.5822257996,14.8329792023,0.650562107563,16.8504562378,24.1120643616,9.38715553284,18.5442905426,38.0444946289,75.896697998,21.4844245911,7.81644010544,2.92818617821],[-109.273780823,27.684885025,-6.0034160614,20.4817409515,-0.309763282537,12.8878660202,22.3182907104,5.30160522461,4.29143381119,21.4844245911,69.0144500732,23.2242927551,4.93914079666],[-4.3451385498,-33.338809967,44.9465484619,17.4195842743,9.81724262238,12.6075582504,5.3389339447,1.40074157715,2.15507888794,7.81644010544,23.2242927551,63.6670417786,15.7448596954],[-47.0518341064,10.5855979919,-25.9162025452,27.1081142426,2.98651885986,-5.99013233185,-14.6416454315,7.28276014328,15.0493164062,2.92818617821,4.93914079666,15.7448596954,62.9644699097]],"icov":[[0.000140469273902,-0.000320349878166,0.000155601548613,-0.000284895126242,0.000324988563079,-0.000238885753788,0.000396754650865,-0.000446893129265,0.000525735958945,-0.000612864620052,0.000704084872268,-0.000521901238244,0.000429456791608],[-0.000320349878166,0.00316305318847,0.000421381613705,0.000571123964619,-0.00179641880095,0.00109627027996,-0.0019728934858,0.00158951024059,-0.00198344420642,0.0032012257725,-0.00324488547631,0.0025647925213,-0.00135834678076],[0.000155601548613,0.000421381613705,0.00354101741686,-0.000781426497269,-0.000604386965279,-0.0015153940767,0.000941672129557,-0.00132804259192,0.000635699136183,-0.000288929557428,0.00153484835755,-0.00289030023851,0.00256027351134],[-0.000284895126242,0.000571123964619,-0.000781426497269,0.00535607431084,-0.00155340938363,0.000310030038236,-0.00113615079317,0.00148027343675,-0.00348917185329,0.00316033093259,-0.0031040944159,0.00111637916416,-0.00261741993017],[0.000324988563079,-0.00179641880095,-0.000604386965279,-0.00155340938363,0.00730018224567,0.000488908612169,-0.00141729100142,-0.00187568354886,0.00184566632379,-0.00388213875704,0.00402210187167,-0.0023198290728,0.000556512211915],[-0.000238885753788,0.00109627027996,-0.0015153940767,0.000310030038236,0.000488908612169,0.00781433656812,-0.00353877316229,0.000661986763589,-0.0018888306804,-0.0000606296707701,-0.0015647438122,0.00109031551983,-0.000994898960926],[0.000396754650865,-0.0019728934858,0.000941672129557,-0.00113615079317,-0.00141729100142,-0.00353877316229,0.0106005743146,-0.00295603787526,0.00208409223706,-0.00146505841985,0.0000637143675704,-0.00220706197433,0.00415932619944],[-0.000446893129265,0.00158951024059,-0.00132804259192,0.00148027343675,-0.00187568354886,0.000661986763589,-0.00295603787526,0.0147716822103,-0.00623163860291,0.00204697507434,-0.00337518448941,0.00340277585201,-0.00322100333869],[0.000525735958945,-0.00198344420642,0.000635699136183,-0.00348917185329,0.00184566632379,-0.0018888306804,0.00208409223706,-0.00623163860291,0.019419580698,-0.0110049135983,0.00571182928979,-0.00165284657851,-0.000736137444619],[-0.000612864620052,0.0032012257725,-0.000288929557428,0.00316033093259,-0.00388213875704,-0.0000606296707701,-0.00146505841985,0.00204697507434,-0.0110049135983,0.0238569956273,-0.0106747718528,0.00333358976059,-0.00135018129367],[0.000704084872268,-0.00324488547631,0.00153484835755,-0.0031040944159,0.00402210187167,-0.0015647438122,0.0000637143675704,-0.00337518448941,0.00571182928979,-0.0106747718528,0.0249101743102,-0.0108362399042,0.0029922965914],[-0.000521901238244,0.0025647925213,-0.00289030023851,0.00111637916416,-0.0023198290728,0.00109031551983,-0.00220706197433,0.00340277585201,-0.00165284657851,0.00333358976059,-0.0108362399042,0.0246424861252,-0.00825656205416],[0.000429456791608,-0.00135834678076,0.00256027351134,-0.00261741993017,0.000556512211915,-0.000994898960926,0.00415932619944,-0.00322100333869,-0.000736137444619,-0.00135018129367,0.0029922965914,-0.00825656205416,0.0218993034214]],"mean":[13.8381547928,86.6366882324,-138.042297363,34.3121528625,-58.2733535767,7.53504133224,-40.916847229,4.09031438828,-25.0240325928,-0.449581444263,-18.5138301849,-1.34024882317,-11.6345758438]},"hfc":{"dmean":7.24070978165,"dmean2":11.2040328979,"dvar":131.654296875,"dvar2":322.116271973,"max":143.036880493,"mean":24.5019721985,"median":22.3931789398,"min":1.15439804276e-16,"var":287.028381348},"melbands":{"dmean":[0.00104843475856,0.00139817083254,0.000694742193446,0.00034403760219,0.000308373535518,0.000312854215736,0.00020204341854,0.000122923884192,0.000115288792585,0.000107109393866,0.0000768517420511,0.0000680494267726,0.0000494958658237,0.0000560746775591,0.0000552886995138,0.0000396444629587,0.0000384575760108,0.0000466743040306,0.0000430118088843,0.0000389977394661,0.0000307953559968,0.0000209178760997,0.0000170534895005,0.0000145963149407,0.0000114883259812,0.0000104596301753,0.0000090571875262,0.00000621864273853,0.00000429303145211,0.000003954665317,0.00000325311452798,0.00000258200498138,0.00000216708554035,0.00000204755269806,0.00000151127585468,0.00000105695698949,7.63256082337e-7,4.03480584055e-7,2.82903755533e-7,2.21233193543e-7],"dmean2":[0.00176844955422,0.00224150624126,0.00119364482816,0.000580895226449,0.000522175745573,0.000531339377631,0.000336494238582,0.000199512200197,0.000186420511454,0.000169677790836,0.000121494369523,0.000108685679152,0.0000785086085671,0.000089318404207,0.0000905594279175,0.000063860861701,0.000062611172325,0.0000742587362765,0.0000700946329744,0.0000624378080829,0.0000507842487423,0.0000338020581694,0.0000279730211332,0.0000240113313339,0.0000188821668416,0.0000168896222021,0.0000147807959365,0.000010011483937,0.00000700468399373,0.00000654607856632,0.00000533209095011,0.00000419224670622,0.00000348676280737,0.00000325412497659,0.00000238051097767,0.00000163774200246,0.00000119595949855,6.39821962523e-7,4.50712121847e-7,3.50484157252e-7],"dvar":[0.0000068971089604,0.00000887373880687,0.00000199956571123,3.06433207697e-7,2.33401252103e-7,3.98249824229e-7,1.5612292259e-7,8.86028388436e-8,8.05225823797e-8,4.75733479277e-8,3.07706358171e-8,2.61404551338e-8,1.27637242997e-8,9.69988178667e-9,1.91825382245e-8,8.74530847739e-9,6.39718322759e-9,9.3257561673e-9,8.59777049556e-9,6.71962574472e-9,2.97656965742e-9,1.04259012534e-9,6.86488643709e-10,5.91476534417e-10,3.69261232702e-10,2.8842908617e-10,2.58479793125e-10,1.08162603873e-10,6.60852206291e-11,6.49467840619e-11,5.59688510815e-11,4.36072809806e-11,3.33457879365e-11,2.93251360695e-11,2.21559628283e-11,1.30499812345e-11,1.05497407685e-11,1.24156880523e-12,4.43577168269e-13,2.50037783447e-13],"dvar2":[0.0000169227914739,0.0000194596977963,0.00000551078801436,8.20382922484e-7,6.33659794858e-7,0.00000109472659915,4.11694145441e-7,2.14178797364e-7,2.05695172895e-7,1.12770415228e-7,7.0245015138e-8,7.03138667291e-8,3.17426902541e-8,2.39618689335e-8,4.88304152668e-8,2.20174598553e-8,1.61487125894e-8,2.182402703e-8,2.12695994151e-8,1.62472151288e-8,7.69684938007e-9,2.51949727748e-9,1.72357106365e-9,1.51969448137e-9,9.62299240292e-10,7.28402005379e-10,6.49541864739e-10,2.70322791929e-10,1.71138755944e-10,1.7071288827e-10,1.47391904237e-10,1.07801802207e-10,8.20093229437e-11,6.81409095815e-11,5.10116358876e-11,2.87163903767e-11,2.52014017293e-11,2.87992568161e-12,1.04500045769e-12,5.80009402052e-13],"max":[0.0193759780377,0.0261046774685,0.0145450495183,0.00959075335413,0.0056209852919,0.00933246593922,0.00966402888298,0.0093127861619,0.00861766561866,0.00746602425352,0.00529463309795,0.00796971749514,0.00320616434328,0.00199098605663,0.00444070156664,0.00369768566452,0.00246389303356,0.00235060695559,0.00306043634191,0.00259477598593,0.00196817028336,0.00127435219474,0.000646323896945,0.000855605001561,0.000589102390222,0.000351491122274,0.00044129890739,0.000201355142053,0.000128297760966,0.00011968184117,0.00020984353614,0.00020170478092,0.000142072007293,0.000133515306516,0.000146118312841,0.0000948104789131,0.000122773315525,0.0000289411582344,0.0000223174993152,0.0000111444214781],"mean":[0.00085969036445,0.00158732302953,0.000859150895849,0.000518635497428,0.000485008873511,0.000477842724649,0.000315016397508,0.000211835693335,0.000198930487386,0.000189108759514,0.000136274029501,0.000123422738397,0.0000887386704562,0.000103134174424,0.0000926629072637,0.0000694536574883,0.0000642299710307,0.0000796003951109,0.0000746827936382,0.0000738872622605,0.0000615039389231,0.0000403143239964,0.0000311705298373,0.0000267376890406,0.0000212337545236,0.0000199498681468,0.0000167083544511,0.0000114660833788,0.00000731354839445,0.00000640117059447,0.00000522068876307,0.0000039878896132,0.0000033165986224,0.000003178031875,0.00000231267358686,0.00000175152831616,0.00000124016173686,7.04945534835e-7,5.19250988873e-7,4.16222945887e-7],"median":[0.000109941582195,0.000642174272798,0.000495340907946,0.000337260164088,0.000307191512547,0.000261645880528,0.000173739274032,0.000102888414403,0.000100160912552,0.0000971287154243,0.0000728859376977,0.0000732434782549,0.000045533721277,0.0000506676733494,0.0000432417837146,0.0000343282845279,0.0000311835792672,0.0000366568492609,0.000037416255509,0.000030851286283,0.0000284582056338,0.0000260860651906,0.0000196470391529,0.0000150515143105,0.0000132740824483,0.0000133363419081,0.0000106419602162,0.00000697591258358,0.00000439750419901,0.00000386654028262,0.00000293218204206,0.00000198169436771,0.00000160540355409,0.0000015160970861,0.00000100564932382,8.12278130979e-7,5.88252987654e-7,3.68008755913e-7,2.93425443942e-7,2.11996066923e-7],"min":[5.27106877778e-24,4.12619928477e-24,9.2825956915e-24,2.57476973498e-23,1.65965258851e-23,1.19613748436e-23,7.21706044107e-24,4.39825887275e-24,1.96633875261e-24,7.80970797333e-24,3.41944034044e-23,1.31494072554e-23,1.34769927904e-23,8.76832780105e-24,7.78087747383e-24,3.74042263629e-24,4.39870181815e-24,8.69890409709e-24,7.24967116203e-24,1.04953510041e-23,9.81244831798e-24,8.11951258347e-24,1.12903524026e-23,9.41440409357e-24,9.48833929305e-24,1.80109550659e-23,2.04565074914e-23,1.66665546454e-23,9.95816985984e-24,1.37046028274e-23,9.79117747253e-24,4.74394679332e-24,1.27009642855e-23,1.03887206756e-23,8.96920491968e-24,9.4686382808e-24,6.63638939506e-24,9.30815399596e-24,7.14749789758e-24,9.54989016518e-24],"var":[0.00000566228300158,0.00000902614556253,0.00000161647960795,3.61480118727e-7,3.27895776309e-7,4.89598164677e-7,2.21086253305e-7,1.65516809147e-7,1.25949085827e-7,1.0600108169e-7,6.16534805431e-8,3.70858046495e-8,2.5305720186e-8,2.43601068206e-8,3.06196490385e-8,1.4176356089e-8,1.16405125539e-8,1.84333668329e-8,1.53684229787e-8,1.82653501213e-8,1.2469011601e-8,2.5117774527e-9,1.49397427762e-9,1.38904698854e-9,7.02907010375e-10,4.97909602437e-10,4.64557059487e-10,2.19073911789e-10,8.88429954604e-11,7.44861186619e-11,6.17364701028e-11,5.20686931071e-11,4.04249897445e-11,3.90239195125e-11,3.20063420212e-11,2.28188318935e-11,1.46978193505e-11,1.89714021402e-12,7.0450893383e-13,4.61741539101e-13]},"melbands_crest":{"dmean":3.03621292114,"dmean2":4.91372108459,"dvar":7.70391082764,"dvar2":17.8812465668,"max":33.7439613342,"mean":10.7549886703,"median":9.86424350739,"min":2.92302441597,"var":17.178894043},"melbands_flatness_db":{"dmean":0.0236308313906,"dmean2":0.0375828370452,"dvar":0.000610129674897,"dvar2":0.00136725511402,"max":0.318812251091,"mean":0.145331010222,"median":0.139936685562,"min":0.0100151309744,"var":0.00143406924326},"melbands_kurtosis":{"dmean":3.78428697586,"dmean2":6.10163259506,"dvar":47.2552947998,"dvar2":110.498680115,"max":175.113540649,"mean":4.99298238754,"median":2.78541612625,"min":-1.67519414425,"var":59.9237594604},"melbands_skewness":{"dmean":0.623620212078,"dmean2":0.965410768986,"dvar":0.521052598953,"dvar2":1.07148396969,"max":10.896692276,"mean":1.84345471859,"median":1.664473176,"min":-0.619666576385,"var":1.16033947468},"melbands_spread":{"dmean":8.52311897278,"dmean2":13.534913063,"dvar":86.6512527466,"dvar2":182.382232666,"max":205.770431519,"mean":34.4280586243,"median":32.3879318237,"min":2.60394048691,"var":251.544509888},"mfcc":{"cov":[[6933.27832031,434.797790527,-29.1865844727,146.250106812,-44.6945915222,44.5858306885,-62.1646080017,6.34698629379,-2.7295229435,33.625328064,-1.65764975548,3.15052556992,21.6355419159],[434.797790527,618.556640625,-180.471603394,79.0837631226,-7.55422735214,-0.330332428217,56.5080718994,21.7828330994,-3.66772770882,12.9368877411,8.05403709412,-1.97491657734,-23.7927837372],[-29.1865844727,-180.471603394,362.646118164,-39.7722396851,39.1816291809,41.279876709,-4.26385307312,36.8931503296,2.34666180611,-7.52150821686,14.3481302261,12.5513525009,14.7092485428],[146.250106812,79.0837631226,-39.7722396851,259.527282715,53.166557312,16.7731647491,13.8638839722,26.8858108521,14.938372612,9.9217672348,-11.6123847961,-1.41016364098,30.8832416534],[-44.6945915222,-7.55422735214,39.1816291809,53.166557312,142.439987183,16.8841590881,-7.12886571884,7.69988489151,28.1769065857,14.8974952698,-8.90717983246,4.08606243134,18.3548870087],[44.5858306885,-0.330332428217,41.279876709,16.7731647491,16.8841590881,145.779937744,44.5303497314,33.4400787354,13.3542871475,15.3139228821,29.0361938477,21.2720012665,-2.1523706913],[-62.1646080017,56.5080718994,-4.26385307312,13.8638839722,-7.12886571884,44.5303497314,123.375640869,46.7585792542,-1.79694318771,8.90182876587,28.2351951599,7.67134809494,-3.93860673904],[6.34698629379,21.7828330994,36.8931503296,26.8858108521,7.69988489151,33.4400787354,46.7585792542,91.516418457,20.0068225861,7.22742652893,16.5580291748,12.293009758,4.5220284462],[-2.7295229435,-3.66772770882,2.34666180611,14.938372612,28.1769065857,13.3542871475,-1.79694318771,20.0068225861,87.384437561,34.4735679626,3.72124147415,10.2057199478,8.73855495453],[33.625328064,12.9368877411,-7.52150821686,9.9217672348,14.8974952698,15.3139228821,8.90182876587,7.22742652893,34.4735679626,81.4000549316,30.4929561615,4.29993057251,0.191796958447],[-1.65764975548,8.05403709412,14.3481302261,-11.6123847961,-8.90717983246,29.0361938477,28.2351951599,16.5580291748,3.72124147415,30.4929561615,83.0595397949,25.9084358215,-7.07284259796],[3.15052556992,-1.97491657734,12.5513525009,-1.41016364098,4.08606243134,21.2720012665,7.67134809494,12.293009758,10.2057199478,4.29993057251,25.9084358215,66.4992599487,22.9322357178],[21.6355419159,-23.7927837372,14.7092485428,30.8832416534,18.3548870087,-2.1523706913,-3.93860673904,4.5220284462,8.73855495453,0.191796958447,-7.07284259796,22.9322357178,71.2098999023]],"icov":[[0.000157903123181,-0.000137124210596,-0.0000629612113698,-0.000073099603469,0.000121423770906,-0.000095025243354,0.000191484039533,-0.00000710276754035,0.0000328886053467,-0.0000856925471453,0.0000152174352479,0.0000238456068473,-0.0000821843204903],[-0.000137124210596,0.00220172828995,0.00104864395689,-0.000417486007791,-0.000245590985287,0.000247956748353,-0.000854833982885,-0.000499886868056,0.000270041346084,-0.000122817407828,0.0000434229514212,-0.000363964092685,0.000885735207703],[-0.0000629612113698,0.00104864395689,0.00383589160629,0.000757315254305,-0.00124233728275,-0.000754097301979,0.000586343870964,-0.00199658074416,0.000610435323324,0.000596940808464,-0.000706419115886,0.000270340708084,-0.000528381031472],[-0.000073099603469,-0.000417486007791,0.000757315254305,0.0049565625377,-0.00170113774948,-0.000514848681632,0.0000680318698869,-0.00150842836592,0.000252741854638,-0.000218496308662,0.000418851064751,0.00107685290277,-0.00223648082465],[0.000121423770906,-0.000245590985287,-0.00124233728275,-0.00170113774948,0.00885669607669,-0.000813753518742,0.000595232937485,0.000652352464385,-0.00204651546665,-0.0011424125405,0.00135047535878,-0.0000710341191734,-0.00102931214496],[-0.000095025243354,0.000247956748353,-0.000754097301979,-0.000514848681632,-0.000813753518742,0.0089080510661,-0.00258831400424,-0.000895227771252,-0.000517201959155,-0.000420465512434,-0.00112257862929,-0.00217869528569,0.00153818994295],[0.000191484039533,-0.000854833982885,0.000586343870964,0.0000680318698869,0.000595232937485,-0.00258831400424,0.0121520813555,-0.0054234736599,0.00175920128822,-0.000242137684836,-0.00247975857928,0.00114653282799,-0.000540296721738],[-0.00000710276754035,-0.000499886868056,-0.00199658074416,-0.00150842836592,0.000652352464385,-0.000895227771252,-0.0054234736599,0.0163981467485,-0.00403914134949,0.00135204242542,-0.000857458275277,-0.000994368107058,0.0000923209227039],[0.0000328886053467,0.000270041346084,0.000610435323324,0.000252741854638,-0.00204651546665,-0.000517201959155,0.00175920128822,-0.00403914134949,0.0160500444472,-0.00704854913056,0.00260279746726,-0.00219516362995,-0.000274960504612],[-0.0000856925471453,-0.000122817407828,0.000596940808464,-0.000218496308662,-0.0011424125405,-0.000420465512434,-0.000242137684836,0.00135204242542,-0.00704854913056,0.0183335635811,-0.00771725550294,0.00304170744494,-0.000791503989603],[0.0000152174352479,0.0000434229514212,-0.000706419115886,0.000418851064751,0.00135047535878,-0.00112257862929,-0.00247975857928,-0.000857458275277,0.00260279746726,-0.00771725550294,0.019217196852,-0.00777343148366,0.0036228641402],[0.0000238456068473,-0.000363964092685,0.000270340708084,0.00107685290277,-0.0000710341191734,-0.00217869528569,0.00114653282799,-0.000994368107058,-0.00219516362995,0.00304170744494,-0.00777343148366,0.0217031706125,-0.00807282980531],[-0.0000821843204903,0.000885735207703,-0.000528381031472,-0.00223648082465,-0.00102931214496,0.00153818994295,-0.000540296721738,0.0000923209227039,-0.000274960504612,-0.000791503989603,0.0036228641402,-0.00807282980531,0.0187145154923]],"mean":[-616.144592285,112.715339661,-19.1761341095,24.1395893097,-0.127306997776,3.71457982063,-5.65736627579,1.2334510088,-3.81530427933,0.136907696724,-5.22399425507,-3.32108998299,-1.70300173759]},"pitch_salience":{"dmean":0.0755227804184,"dmean2":0.122215270996,"dvar":0.00541844964027,"dvar2":0.0136447492987,"max":0.862887680531,"mean":0.597713947296,"median":0.60832375288,"min":0.160996258259,"var":0.00985431019217},"silence_rate_20dB":{"dmean":0,"dmean2":0,"dvar":0,"dvar2":0,"max":1,"mean":1,"median":1,"min":1,"var":0},"silence_rate_30dB":{"dmean":0.000185597629752,"dmean2":0.000371229689335,"dvar":0.000185534430784,"dvar2":0.000556591665372,"max":1,"mean":0.999907195568,"median":1,"min":0,"var":0.0000927743967623},"silence_rate_60dB":{"dmean":0.00872308854014,"dmean2":0.0174477957189,"dvar":0.00864719506353,"dvar2":0.0191858354956,"max":1,"mean":0.0610559508204,"median":0,"min":0,"var":0.057328697294},"spectral_centroid":{"dmean":237.629455566,"dmean2":375.569854736,"dvar":55674.3984375,"dvar2":125169.578125,"max":11160.8007812,"mean":1729.54992676,"median":1715.43347168,"min":419.811950684,"var":232135.296875},"spectral_complexity":{"dmean":4.46956205368,"dmean2":6.72426891327,"dvar":22.8637046814,"dvar2":43.9399185181,"max":64,"mean":26.8835487366,"median":27,"min":0,"var":113.900947571},"spectral_contrast_coeffs":{"dmean":[0.0535623431206,0.0475326403975,0.0365715548396,0.0318936258554,0.02179935202,0.0204947199672],"dmean2":[0.0880692005157,0.0788264349103,0.0596921443939,0.0514234490693,0.03518724069,0.0319777131081],"dvar":[0.00190864759497,0.00147713569459,0.000859097461216,0.000659846933559,0.000325307977619,0.000363483472029],"dvar2":[0.00506155472249,0.00411071302369,0.00218608509749,0.00163273059297,0.000793774670456,0.000820385757834],"max":[-0.350414603949,-0.454580664635,-0.550610363483,-0.531049787998,-0.595457196236,-0.579580664635],"mean":[-0.625815749168,-0.739610016346,-0.769842624664,-0.764247477055,-0.776765167713,-0.738649725914],"median":[-0.626811623573,-0.742978811264,-0.772960960865,-0.769461035728,-0.780277490616,-0.73829972744],"min":[-0.970238029957,-0.9750187397,-0.971079170704,-0.962029516697,-0.965295433998,-0.959036529064],"var":[0.00590223167092,0.00414863834158,0.00318454578519,0.0032420756761,0.00180089904461,0.00162600597832]},"spectral_contrast_valleys":{"dmean":[0.492310076952,0.341617673635,0.311849325895,0.280067741871,0.249759078026,0.28606197238],"dmean2":[0.785363554955,0.555083334446,0.498566001654,0.43553814292,0.373466283083,0.400406211615],"dvar":[0.194908797741,0.0933657363057,0.0887703076005,0.0814929977059,0.0863184630871,0.120632067323],"dvar2":[0.418019771576,0.21914292872,0.191880166531,0.165478229523,0.169599801302,0.240877702832],"max":[-5.20385313034,-4.64557790756,-5.09385251999,-5.29248714447,-5.41988229752,-7.77616548538],"mean":[-7.49840354919,-6.55120229721,-7.03048229218,-7.29321289062,-7.149995327,-10.0603542328],"median":[-7.37839460373,-6.35931444168,-6.85668325424,-7.13931894302,-7.00262308121,-9.84532260895],"min":[-26.9325389862,-26.7026519775,-27.5836219788,-27.2235107422,-27.283241272,-27.2649974823],"var":[1.59078705311,1.36320793629,1.27386271954,1.22674405575,1.17823517323,1.17987692356]},"spectral_decrease":{"dmean":2.49643328232e-9,"dmean2":3.78449271921e-9,"dvar":1.51375309412e-17,"dvar2":2.93273048063e-17,"max":-1.10993862955e-29,"mean":-6.23172180525e-9,"median":-5.08431430291e-9,"min":-3.15587129762e-8,"var":2.51524762782e-17},"spectral_energy":{"dmean":0.00987629499286,"dmean2":0.0149353817105,"dvar":0.000229850251344,"dvar2":0.000445050740382,"max":0.125112488866,"mean":0.0257423967123,"median":0.0214217454195,"min":1.05126198257e-20,"var":0.00039824473788},"spectral_energyband_high":{"dmean":0.000440521747805,"dmean2":0.000677755044308,"dvar":9.18154000829e-7,"dvar2":0.0000021584426122,"max":0.018133495003,"mean":0.000904762418941,"median":0.000593836070038,"min":7.42852618719e-21,"var":0.00000141027317113},"spectral_energyband_low":{"dmean":0.00651023769751,"dmean2":0.0103569189087,"dvar":0.000184754244401,"dvar2":0.000383963924833,"max":0.105788357556,"mean":0.00751347886398,"median":0.00296562956646,"min":5.07463239385e-23,"var":0.000200530936127},"spectral_energyband_middle_high":{"dmean":0.00234011095017,"dmean2":0.00372463604435,"dvar":0.0000110053679236,"dvar2":0.0000275609381788,"max":0.067352630198,"mean":0.00783601682633,"median":0.00680289184675,"min":1.68580903256e-21,"var":0.0000338984646078},"spectral_energyband_middle_low":{"dmean":0.00461464608088,"dmean2":0.00759959220886,"dvar":0.0000468943690066,"dvar2":0.000121154233057,"max":0.0757797136903,"mean":0.0104241855443,"median":0.00859757419676,"min":4.18516180961e-22,"var":0.0000658154895063},"spectral_entropy":{"dmean":0.107498891652,"dmean2":0.1612534374,"dvar":0.011898024939,"dvar2":0.0245120730251,"max":9.81268310547,"mean":7.76783657074,"median":7.7694849968,"min":6.62478065491,"var":0.056890014559},"spectral_flux":{"dmean":0.0273768641055,"dmean2":0.0429185330868,"dvar":0.0012204364175,"dvar2":0.00250893132761,"max":0.318162918091,"mean":0.0907889008522,"median":0.0791225731373,"min":1.0253106697e-10,"var":0.00279948906973},"spectral_kurtosis":{"dmean":1.15239202976,"dmean2":1.95957100391,"dvar":1.41608047485,"dvar2":4.06278991699,"max":31.78307724,"mean":3.86146569252,"median":3.64526796341,"min":-1.18822729588,"var":2.98552131653},"spectral_rms":{"dmean":0.000847572810017,"dmean2":0.00126118713524,"dvar":0.00000119956894196,"dvar2":0.00000213886573874,"max":0.0110481204465,"mean":0.00464500114322,"median":0.00457157148048,"min":3.20253242328e-12,"var":0.00000353842642653},"spectral_rolloff":{"dmean":514.325561523,"dmean2":848.322875977,"dvar":515218.53125,"dvar2":1105779.125,"max":18863.0859375,"mean":2068.58764648,"median":1981.0546875,"min":86.1328125,"var":2029191.875},"spectral_skewness":{"dmean":0.175558581948,"dmean2":0.282391399145,"dvar":0.0274449083954,"dvar2":0.0667811855674,"max":3.98593378067,"mean":1.34039103985,"median":1.33272492886,"min":-0.0277060549706,"var":0.0920910835266},"spectral_spread":{"dmean":385879.71875,"dmean2":577596.9375,"dvar":269862076416,"dvar2":475695742976,"max":40639156,"mean":4069643,"median":3962170.25,"min":1737240.625,"var":1183318802430},"spectral_strongpeak":{"dmean":0.703921079636,"dmean2":1.22496044636,"dvar":1.31263303757,"dvar2":3.32794094086,"max":15.2371721268,"mean":1.07031750679,"median":0.500029921532,"min":0,"var":2.22456502914},"zerocrossingrate":{"dmean":0.00910692568868,"dmean2":0.0114560527727,"dvar":0.0000920342499739,"dvar2":0.00012943688489,"max":0.505859375,"mean":0.0729088559747,"median":0.06884765625,"min":0.01611328125,"var":0.00105781946331}},"metadata":{"audio_properties":{"analysis_sample_rate":44100,"bit_rate":0,"codec":"flac","downmix":"mix","equal_loudness":0,"length":250.199996948,"lossless":true,"md5_encoded":"071f52c46369efb92fecd2a2046965eb","replay_gain":-14.3364963531,"sample_rate":44100},"tags":{"album":["Steel Wheels"],"albumartist":["The Rolling Stones"],"albumartistsort":["Rolling Stones, The"],"artist":["The Rolling Stones"],"artistsort":["Rolling Stones, The"],"asin":["B000000W64"],"barcode":["602527015675"],"catalognumber":["2701567"],"date":["2009-07-14"],"discnumber":["1"],"disctotal":["1"],"file_name":"01-08 Can't Be Seen.flac","genre":["Rock"],"label":["Polydor"],"labelno":["2701567"],"media":["CD"],"musicbrainz_albumartistid":["b071f9fa-14b0-4217-8e97-eb41da73f598"],"musicbrainz_albumid":["5e691543-4853-3d4b-897f-26123e725175"],"musicbrainz_artistid":["b071f9fa-14b0-4217-8e97-eb41da73f598"],"musicbrainz_recordingid":["2bdb95d6-0729-4ced-9bab-90dfee22ef23"],"musicbrainz_releasegroupid":["ef78739b-ea31-32e2-a927-58fe228c7354"],"originaldate":["1989-08-28"],"publisher":["Polydor"],"release date":["2009-07-14"],"releasecountry":["AR"],"releasestatus":["official"],"releasetype":["album"],"script":["Latn"],"title":["Can't Be Seen"],"totaldiscs":["1"],"totaltracks":["12"],"tracknumber":["8"],"tracktotal":["12"]},"version":{"essentia":"2.1-beta1","essentia_build_sha":"ca57ba49d9b1854bd80e60cf9ccf267278fb7d6b","essentia_git_sha":"v2.1_beta1-28-g21ef5f4-dirty","extractor":"music 1.0"}},"rhythm":{"beats_count":591,"beats_loudness":{"dmean":0.0214715376496,"dmean2":0.0383679382503,"dvar":0.000339339283528,"dvar2":0.00107504846528,"max":0.109981745481,"mean":0.0554501563311,"median":0.0614870600402,"min":3.81945253203e-10,"var":0.000655498472042},"beats_loudness_band_ratio":{"dmean":[0.219249114394,0.0764221549034,0.065581664443,0.0614876374602