{"lowlevel":{"average_loudness":0.937546372414,"barkbands":{"dmean":[0.000324859895045,0.000757405010518,0.002493864391,0.00313604273833,0.00143318355549,0.000506461132318,0.000670863024425,0.000784748524893,0.000791124533862,0.000993465422653,0.000763782474678,0.00128728873096,0.000549708551262,0.000213062172406,0.000298467813991,0.00030545660411,0.000405680766562,0.000106491839688,0.000055830081692,0.0000239957607846,0.0000354258190782,0.000048200989113,0.0000296877442452,0.0000193049145309,0.00000583072824156,2.07225923532e-7,1.04704556136e-8],"dmean2":[0.000583847984672,0.00125903158914,0.00404089782387,0.00547620048746,0.00234415917657,0.000816563086119,0.00102329766378,0.00122645043302,0.00123067363165,0.00142722635064,0.00118017161731,0.00193320191465,0.000841287721414,0.000321451661875,0.000455731817055,0.000461968622403,0.000615586177446,0.000156035559485,0.0000802923750598,0.0000360014491889,0.0000522505179106,0.0000680831290083,0.0000423568271799,0.0000275507991319,0.00000815434577817,2.89675284648e-7,1.64054796414e-8],"dvar":[2.30210829955e-7,0.00000143139232023,0.0000133940602609,0.0000191065209947,0.00000539862412552,9.45234091887e-7,0.00000167051518929,0.00000449115941592,0.00000376628076992,0.00000621748358753,0.00000491829086968,0.0000148842655108,0.00000307707000502,4.04648375252e-7,8.67352355272e-7,8.17625561922e-7,0.00000173731677933,7.34958049975e-8,3.43151107529e-8,7.79332065548e-9,1.51396655212e-8,3.41748673804e-8,1.00370876055e-8,4.28179491863e-9,2.18447593348e-10,1.11005811747e-12,1.9110140716e-14],"dvar2":[7.33122192287e-7,0.0000037666368371,0.0000323096137436,0.0000574255864194,0.0000141018590512,0.00000239547375713,0.00000351992616743,0.0000104357768578,0.00000853390884004,0.0000123561339933,0.0000114755921459,0.0000278650732071,0.00000683760436004,7.99369161086e-7,0.00000191051913134,0.00000183463009762,0.0000038829107325,1.61013431921e-7,6.81894931631e-8,1.66372515764e-8,3.30127747361e-8,6.78008547084e-8,2.14268194298e-8,9.92127535682e-9,4.53970472325e-10,2.44225234654e-12,4.53635508335e-14],"max":[0.00611472595483,0.0177041590214,0.0530537217855,0.0554613992572,0.0327145308256,0.0189230106771,0.0349644124508,0.0534951537848,0.0364761166275,0.0828402191401,0.0459284856915,0.0926418751478,0.0527457855642,0.0167065039277,0.0259712804109,0.0261889994144,0.0484969131649,0.00717455614358,0.00764130894095,0.00305518670939,0.00366228306666,0.00676820613444,0.00455586193129,0.00303664035164,0.000362227816368,0.0000629372298135,0.00000720229081708],"mean":[0.000310395029373,0.0010589241283,0.00480345822871,0.00472384737805,0.00246363203041,0.000799429952167,0.00116325670388,0.00128117785789,0.0013688110048,0.00172309449408,0.0011686119251,0.00202503078617,0.000863108609337,0.000320045452099,0.00045874362695,0.000499395944644,0.000712615728844,0.000169436621945,0.0000912857794901,0.000037904977944,0.0000581831045565,0.0000766729644965,0.0000478012188978,0.0000268536787189,0.00000792031005403,3.14482520025e-7,1.26679715606e-8],"median":[0.000144438497955,0.000516571337357,0.00231418688782,0.00301339197904,0.00151477940381,0.000388934684452,0.00041854463052,0.00039995109546,0.000488906633109,0.000467856152682,0.0002376450866,0.000471789040603,0.000184232398169,0.0000777385794208,0.0000827589901746,0.000119276046462,0.000098805379821,0.0000394055532524,0.000015757887013,0.00000789688147051,0.0000102759486253,0.0000147290993482,0.00000803789225756,0.00000551257926418,0.00000133723006002,8.54996926591e-8,4.10583478327e-9],"min":[7.09983738688e-25,2.95610123115e-24,9.90145667721e-25,1.44791208608e-24,1.09622848737e-23,7.65698134664e-24,1.29199599614e-23,6.42784573173e-24,1.93182001378e-23,1.46242174276e-23,2.056968221e-23,2.01781768536e-23,3.73131555268e-23,4.26973773296e-23,4.14280969776e-23,7.06661914441e-23,7.45188745093e-23,8.42265147674e-23,1.40592393494e-22,1.56256659338e-22,2.53766834443e-22,2.61085974274e-22,4.18506335977e-22,5.0298291334e-22,7.96372022242e-22,1.25380476901e-21,2.03062520819e-21],"var":[2.48784715495e-7,0.00000207133143704,0.000040092440031,0.000028370792279,0.00000834366801428,0.00000154317001488,0.00000438199822383,0.00000841892870085,0.00000716551494406,0.0000161494190252,0.00000840895063448,0.0000378080585506,0.00000601782767262,7.60051364068e-7,0.0000019056299152,0.00000148615049511,0.00000537790356248,1.57658050171e-7,7.90809622231e-8,1.46259777623e-8,3.12941921266e-8,6.53412968177e-8,2.54437964031e-8,5.59575719095e-9,3.47589457217e-10,1.40987655578e-12,1.65481540417e-14]},"barkbands_crest":{"dmean":2.6880812645,"dmean2":4.44436502457,"dvar":6.18999814987,"dvar2":16.1072273254,"max":26.7523899078,"mean":10.2712926865,"median":9.26922893524,"min":2.21224474907,"var":19.587682724},"barkbands_flatness_db":{"dmean":0.0261554047465,"dmean2":0.0375772863626,"dvar":0.000670568959322,"dvar2":0.00139577977825,"max":0.523980379105,"mean":0.189005479217,"median":0.181630223989,"min":0.0405394993722,"var":0.00362444506027},"barkbands_kurtosis":{"dmean":8.86953353882,"dmean2":14.3333263397,"dvar":9348.56152344,"dvar2":27947.7402344,"max":3756.32763672,"mean":10.6080532074,"median":1.9619243145,"min":-1.86719691753,"var":10245.6484375},"barkbands_skewness":{"dmean":0.679521977901,"dmean2":1.06402480602,"dvar":2.02374100685,"dvar2":5.57880163193,"max":56.2789344788,"mean":1.60297346115,"median":1.30022907257,"min":-3.04946613312,"var":5.67845392227},"barkbands_spread":{"dmean":3.92012763023,"dmean2":6.02710151672,"dvar":24.0878944397,"dvar2":52.9959831238,"max":107.935066223,"mean":14.0172357559,"median":12.6645908356,"min":0.084410622716,"var":80.7752151489},"dissonance":{"dmean":0.0262615531683,"dmean2":0.0440313257277,"dvar":0.000678683572914,"dvar2":0.0018336311914,"max":0.499994516373,"mean":0.450100928545,"median":0.459728807211,"min":0.216308787465,"var":0.00147877249401},"dynamic_complexity":3.64248514175,"erbbands":{"dmean":[0.0111711323261,0.227660939097,2.06766366959,7.46745157242,7.05372428894,4.41220521927,4.04750680923,4.47349357605,8.18337154388,12.6687841415,18.3770942688,18.2317390442,24.0928688049,28.9000244141,34.675365448,54.3401985168,27.0715007782,10.5199890137,12.8105964661,18.2119293213,14.9597244263,24.5508804321,7.83178567886,3.20405602455,2.08631205559,0.985484540462,0.839287102222,1.91132199764,1.80215704441,1.2840461731,0.75123912096,0.444734781981,0.302157908678,0.0991518944502,0.0225184708834,0.00257804384455,0.000201115602977,0.0000277655544778,0.00000581315998716,0.0000090204348453],"dmean2":[0.0183966271579,0.380328893661,3.38657426834,12.7250032425,12.0785675049,7.06451511383,6.58281946182,7.14285707474,12.5082864761,19.4795303345,28.5004482269,27.9533824921,35.5734176636,42.1986541748,51.7720298767,82.41015625,40.4900932312,15.6145296097,18.8968811035,27.5540714264,22.684223175,37.3342857361,11.0896759033,4.52517080307,3.00605869293,1.43864536285,1.22358465195,2.78650975227,2.61539578438,1.83024442196,1.06951713562,0.640562236309,0.438068896532,0.137933820486,0.0316674634814,0.00354398414493,0.000281238520984,0.0000390677778341,0.00000838408504933,0.0000135205900733],"dvar":[0.000444418430561,0.119902163744,9.48348903656,101.844734192,124.391944885,42.0171470642,43.900138855,98.4818115234,329.374084473,882.31262207,2065.15673828,2079.29321289,3650.22509766,5972.29638672,9034.76855469,22774.6269531,7315.74267578,956.332336426,2039.62390137,2472.91308594,2556.56689453,6221.98730469,394.985198975,129.812042236,39.3050117493,8.79813575745,7.26385974884,49.756942749,44.754776001,23.3811798096,7.81616210938,1.82831645012,1.1565567255,0.0668003261089,0.00383378053084,0.0000941966063692,0.00000195727670871,4.91538578729e-8,9.69951896579e-10,1.0490068536e-10],"dvar2":[0.00114042672794,0.313538968563,23.2380752563,299.369689941,344.675476074,104.562339783,120.047767639,244.537765503,676.871032715,2019.89758301,4720.61279297,4641.22705078,7262.50439453,12426.3564453,19930.6621094,44175.2226563,15740.5634766,1967.11853027,4351.31689453,5469.89306641,5656.69287109,14286.1064453,822.011230469,247.888565063,81.3811798096,18.7924308777,14.6170120239,109.422569275,90.1340713501,48.9577827454,17.848695755,3.91592144966,2.79450702667,0.138321459293,0.00819219462574,0.000197412606212,0.00000469648784929,1.20309692875e-7,2.2345998385e-9,2.20122226002e-10],"max":[0.344000756741,5.10704231262,44.3293228149,158.241119385,142.639663696,95.6388778687,105.891464233,195.205764771,510.042388916,630.820800781,1027.00537109,910.521240234,1740.98376465,2541.87646484,1875.45019531,4459.20361328,2953.67724609,984.531982422,1703.4395752,1131.55383301,1799.21179199,2861.89306641,573.162902832,501.645965576,166.061828613,80.3851318359,109.573577881,214.593444824,249.576385498,201.797744751,138.064590454,44.4515419006,54.8237075806,9.23706150055,2.52173280716,0.545609414577,0.0839080587029,0.0113000040874,0.00182182330173,0.000119616765005],"mean":[0.01642479375,0.352607429028,3.9080517292,13.0594959259,10.7771100998,7.84894275665,7.27502155304,6.96700429916,14.2643213272,20.8162155151,30.8782997131,31.9361839294,43.9198150635,51.8788566589,56.9135437012,89.4759979248,45.3454818726,17.4864006042,21.6057739258,29.1734428406,26.6737480164,42.8180084229,13.8506288528,5.53614187241,3.51435446739,1.6729875803,1.44741022587,3.08746266365,2.86963272095,2.13179540634,1.15328502655,0.635211765766,0.40331107378,0.137351796031,0.029577491805,0.00370636046864,0.000345273292623,0.0000487390461785,0.0000165343371918,0.0000308156268147],"median":[0.00897360034287,0.223496943712,2.0915915966,8.78275489807,6.8197183609,4.70355606079,4.17001342773,2.88230609894,4.68697166443,7.73163938522,10.4900922775,11.7550439835,13.8249502182,16.1452026367,16.54063797,23.1420726776,11.6136455536,5.36586380005,4.42923355103,6.16769313812,5.98509168625,6.52284145355,3.0999815464,1.15320575237,0.700516343117,0.383367866278,0.341266006231,0.474038302898,0.577210605145,0.347325593233,0.207194268703,0.12979234755,0.082069195807,0.0245513711125,0.00470702257007,0.000764382479247,0.000127490828163,0.0000204384523386,0.0000130806902234,0.0000271725584753],"min":[1.38713175356e-22,4.70736399993e-22,2.88833395522e-21,6.40731436765e-21,1.12679730499e-20,3.52453774944e-20,5.1608276631e-20,8.13877157234e-20,1.1576613685e-19,1.88473839278e-19,2.57567990275e-19,5.142421602e-19,6.5142375754e-19,6.50541724513e-19,9.86541610452e-19,1.04392343974e-18,1.90462058353e-18,2.82046958108e-18,2.90428924011e-18,3.35168497046e-18,4.74732891538e-18,4.60374566388e-18,5.2211015743e-18,5.80325805452e-18,6.98504479182e-18,7.07780813444e-18,1.0756750157e-17,9.5268128227e-18,8.95369411785e-18,1.23445622203e-17,1.1064910504e-17,9.76986247491e-18,8.65501822381e-18,6.77964757392e-18,6.14965565246e-18,4.24207293516e-18,2.20808047664e-18,9.72990117272e-19,2.63747417192e-19,2.7132697008e-20],"var":[0.000571819138713,0.171946689487,23.2811565399,190.680053711,158.965682983,90.127456665,83.7246780396,158.290313721,935.105041504,1400.74609375,4356.63037109,4056.18017578,9989.51757813,12999.3232422,16457.1445313,63544.7929688,14935.5761719,1683.74060059,5436.15722656,4625.67333984,5301.45410156,17687.40625,1109.05383301,314.420379639,83.3968200684,20.7038879395,15.4230709076,99.9279327393,84.5055389404,58.7153549194,14.4332647324,3.09463047981,1.31023597717,0.107274457812,0.005589784123,0.000136598362587,0.00000206457184504,4.73696104564e-8,9.78030434418e-10,4.38198727304e-10]},"erbbands_crest":{"dmean":2.782289505,"dmean2":4.475440979,"dvar":6.79421043396,"dvar2":16.7243309021,"max":33.6574783325,"mean":10.0170078278,"median":8.82362556458,"min":2.11646223068,"var":23.4979934692},"erbbands_flatness_db":{"dmean":0.0195196978748,"dmean2":0.027287280187,"dvar":0.000354007264832,"dvar2":0.000656643416733,"max":0.47208315134,"mean":0.211692601442,"median":0.212706625462,"min":0.0269854366779,"var":0.00254577747546},"erbbands_kurtosis":{"dmean":1.22487080097,"dmean2":1.87643432617,"dvar":8.36476707458,"dvar2":16.4967536926,"max":126.931282043,"mean":1.30954897404,"median":0.1319296211,"min":-1.80864346027,"var":27.4744319916},"erbbands_skewness":{"dmean":0.384853214025,"dmean2":0.595551967621,"dvar":0.140125989914,"dvar2":0.310280501842,"max":9.58164787292,"mean":0.217242509127,"median":0.165886491537,"min":-4.2568230629,"var":0.711153209209},"erbbands_spread":{"dmean":6.14940071106,"dmean2":9.42822360992,"dvar":51.0251121521,"dvar2":108.40662384,"max":138.696899414,"mean":27.8683795929,"median":25.7057762146,"min":0.785191237926,"var":231.700393677},"gfcc":{"cov":[[25328.5195313,1844.08154297,-3650.99462891,649.839477539,-1584.83691406,406.811004639,-962.781433105,-140.867843628,-171.097869873,-650.723937988,-197.324661255,-368.753723145,-61.6011276245],[1844.08154297,1341.15991211,-105.504646301,-390.240997314,247.871047974,-118.491744995,74.0204620361,-79.3825912476,23.0464191437,-143.533340454,-65.5057067871,-22.7607688904,0.487755388021],[-3650.99462891,-105.504646301,1146.96801758,67.7835769653,118.155143738,91.3247680664,124.121780396,-23.9712562561,-25.4120178223,67.3122711182,8.37042999268,31.3305797577,-10.3246335983],[649.839477539,-390.240997314,67.7835769653,446.073638916,-152.271896362,99.6309051514,-81.3858413696,-13.9770879745,-22.7326927185,20.2202682495,7.57498168945,-26.467628479,-20.1105327606],[-1584.83691406,247.871047974,118.155143738,-152.271896362,535.252441406,-70.8723678589,107.657295227,-1.90215551853,22.3225917816,-9.18230438232,-38.1771430969,-5.16644001007,6.27248954773],[406.811004639,-118.491744995,91.3247680664,99.6309051514,-70.8723678589,203.293258667,1.42800712585,0.543206989765,-40.9050750732,-17.3894062042,-4.38672018051,-13.716545105,-4.20156478882],[-962.781433105,74.0204620361,124.121780396,-81.3858413696,107.657295227,1.42800712585,251.876083374,9.62307453156,-10.8483181,5.98622274399,6.01526403427,18.665063858,-11.2389659882],[-140.867843628,-79.3825912476,-23.9712562561,-13.9770879745,-1.90215551853,0.543206989765,9.62307453156,111.915275574,29.3057727814,9.85532283783,-3.13357615471,-4.69389247894,-0.556929886341],[-171.097869873,23.0464191437,-25.4120178223,-22.7326927185,22.3225917816,-40.9050750732,-10.8483181,29.3057727814,115.54360199,19.9879417419,-8.52509689331,-2.82883501053,-1.82491266727],[-650.723937988,-143.533340454,67.3122711182,20.2202682495,-9.18230438232,-17.3894062042,5.98622274399,9.85532283783,19.9879417419,116.251434326,34.340511322,11.5985355377,-5.9067773819],[-197.324661255,-65.5057067871,8.37042999268,7.57498168945,-38.1771430969,-4.38672018051,6.01526403427,-3.13357615471,-8.52509689331,34.340511322,82.3747940063,29.9244232178,4.70094537735],[-368.753723145,-22.7607688904,31.3305797577,-26.467628479,-5.16644001007,-13.716545105,18.665063858,-4.69389247894,-2.82883501053,11.5985355377,29.9244232178,85.2050552368,22.7488517761],[-61.6011276245,0.487755388021,-10.3246335983,-20.1105327606,6.27248954773,-4.20156478882,-11.2389659882,-0.556929886341,-1.82491266727,-5.9067773819,4.70094537735,22.7488517761,60.5649414063]],"icov":[[0.000542350811884,-0.00136063352693,0.00155257445294,-0.00134087691549,0.00119018787518,-0.00131846091244,0.000764829979744,-0.000308930786559,0.000586750509683,0.000333386851707,0.000331848481437,0.000490051170345,0.000146748367115],[-0.00136063352693,0.00476553104818,-0.00390312355012,0.00437564449385,-0.00321003305726,0.00359831913374,-0.00200934847817,0.00187262881082,-0.00191155984066,0.000612107629422,-0.000723548000678,-0.00076958804857,-0.000060985716118],[0.00155257445294,-0.00390312355012,0.0055078053847,-0.00403723726049,0.00312878680415,-0.00432335957885,0.00177135271952,-0.000623302825261,0.00176741695032,0.000217868524487,0.00121872359887,0.000925394822843,0.000540271867067],[-0.00134087691549,0.00437564449385,-0.00403723726049,0.00705642672256,-0.00256467354484,0.00231566932052,-0.00112904736307,0.00190214149188,-0.00162567105144,-0.000372104812413,-0.000836678955238,-0.000248108961387,0.000562880479265],[0.00119018787518,-0.00321003305726,0.00312878680415,-0.00256467354484,0.00509236846119,-0.00222422322258,0.000856855011079,-0.000637969584204,0.00112295243889,0.000549121701624,0.00173071050085,0.00148643378634,-0.000215648557059],[-0.00131846091244,0.00359831913374,-0.00432335957885,0.00231566932052,-0.00222422322258,0.00977721251547,-0.0023385763634,0.000214226791286,0.000285418092972,0.000645182270091,-0.00053664232837,-0.0001808515226,-0.000680355587974],[0.000764829979744,-0.00200934847817,0.00177135271952,-0.00112904736307,0.000856855011079,-0.0023385763634,0.00611107982695,-0.00116550014354,0.00153652194422,0.000342931831256,0.0000138761251947,-0.000448104488896,0.0018404769944],[-0.000308930786559,0.00187262881082,-0.000623302825261,0.00190214149188,-0.000637969584204,0.000214226791286,-0.00116550014354,0.0109458807856,-0.0032763092313,0.00014760652266,0.000216522312257,0.000685132225044,-0.000197115339688],[0.000586750509683,-0.00191155984066,0.00176741695032,-0.00162567105144,0.00112295243889,0.000285418092972,0.00153652194422,-0.0032763092313,0.0113537805155,-0.002054708777,0.00205430830829,0.00029855480534,0.000402302102884],[0.000333386851707,0.000612107629422,0.000217868524487,-0.000372104812413,0.000549121701624,0.000645182270091,0.000342931831256,0.00014760652266,-0.002054708777,0.0129280481488,-0.00441004196182,0.000788967998233,0.00154551689047],[0.000331848481437,-0.000723548000678,0.00121872359887,-0.000836678955238,0.00173071050085,-0.00053664232837,0.0000138761251947,0.000216522312257,0.00205430830829,-0.00441004196182,0.0168537013233,-0.00473159272224,0.000162266907864],[0.000490051170345,-0.00076958804857,0.000925394822843,-0.000248108961387,0.00148643378634,-0.0001808515226,-0.000448104488896,0.000685132225044,0.00029855480534,0.000788967998233,-0.00473159272224,0.0164325647056,-0.00538239208981],[0.000146748367115,-0.000060985716118,0.000540271867067,0.000562880479265,-0.000215648557059,-0.000680355587974,0.0018404769944,-0.000197115339688,0.000402302102884,0.00154551689047,0.000162266907864,-0.00538239208981,0.0194267593324]],"mean":[-71.7468032837,143.857803345,-129.271377563,21.8431301117,-56.1921882629,23.0539054871,-32.4656524658,-3.53192591667,-15.4310646057,-23.0869941711,-16.0346431732,-9.79800224304,-8.83720207214]},"hfc":{"dmean":5.43544387817,"dmean2":7.21377277374,"dvar":72.3170318604,"dvar2":131.804580688,"max":144.983505249,"mean":17.0947608948,"median":9.92224121094,"min":1.06582658679e-16,"var":345.746063232},"melbands":{"dmean":[0.0001534223411,0.000802391208708,0.00121301121544,0.000369599991245,0.000149645959027,0.000100814962934,0.000123138903291,0.00014012423344,0.000149611165398,0.000117065705126,0.000126165919937,0.000125292586745,0.00011530071788,0.000158933515195,0.0000971886183834,0.0000438451752416,0.0000177223446371,0.0000208784640563,0.0000236898249568,0.0000216577536776,0.0000192066909221,0.0000274486556009,0.0000139655612656,0.00000361591992259,0.0000027756250347,0.00000194555900634,0.00000121547020626,5.68349719288e-7,4.56505688362e-7,7.68722259181e-7,0.00000130673299736,0.00000114907015814,8.50172966693e-7,7.14054124273e-7,4.86481781081e-7,3.19608147947e-7,2.75814613815e-7,2.43466047323e-7,1.50135278432e-7,6.3326595523e-8],"dmean2":[0.000253934587818,0.00131165015046,0.00207570614293,0.000610362330917,0.0002399218356,0.000160449068062,0.000187905898201,0.000215711188503,0.000231333877309,0.000180768663995,0.00018489282229,0.000181787618203,0.000177065463504,0.000234064311371,0.000151625208673,0.0000646162079647,0.0000266747174464,0.0000309405222652,0.00003638234557,0.0000330134789692,0.0000296241596516,0.0000424808968091,0.00002025642425,0.00000526285793967,0.00000400788803745,0.00000285384157905,0.00000185574435818,8.44470605443e-7,6.88311445174e-7,0.00000113357361897,0.00000193318601305,0.00000168578640114,0.00000126184102101,0.00000103847082755,7.06176479071e-7,4.71553448733e-7,4.01052034249e-7,3.62332258419e-7,2.2092972074e-7,8.87304807407e-8],"dvar":[6.03579266567e-8,0.00000135318703087,0.00000256055864156,3.58269318212e-7,5.03903017091e-8,4.51465496099e-8,6.80186857949e-8,1.29405322014e-7,1.37305235626e-7,8.73040519878e-8,9.76373613071e-8,1.17496945506e-7,1.08744465876e-7,2.83828541114e-7,7.14948669156e-8,2.03069756566e-8,3.21615756249e-9,6.60968124677e-9,5.90980953064e-9,3.6836955708e-9,4.93062257689e-9,7.75100961192e-9,2.21646812015e-9,7.4749553769e-11,1.26813490264e-10,3.58476685836e-11,2.64744441647e-11,2.78774833079e-12,2.07640610435e-12,7.40343116673e-12,2.57862134423e-11,1.89749500834e-11,1.29001410248e-11,6.25250589151e-12,3.76879603914e-12,1.11565401015e-12,7.45277971281e-13,7.62591487354e-13,2.5901237535e-13,2.13260195636e-14],"dvar2":[1.60446987252e-7,0.00000331279147758,0.00000748974025555,9.52585992309e-7,1.32569667244e-7,1.11217751453e-7,1.40216030786e-7,3.03175710314e-7,3.21079824062e-7,1.95342636289e-7,1.93071457488e-7,2.39982483663e-7,2.53449286447e-7,5.0664129958e-7,1.61864988968e-7,4.21727150979e-8,6.65693544732e-9,1.41788367714e-8,1.36033895259e-8,8.24463697313e-9,1.09499564971e-8,1.81426038637e-8,4.58339899367e-9,1.61215096828e-10,2.42576680964e-10,7.41565073237e-11,5.42804100279e-11,6.22517965995e-12,4.41248686894e-12,1.50520724357e-11,5.83329218262e-11,4.00464765515e-11,2.76117583659e-11,1.32389143051e-11,8.85632279318e-12,2.56620484411e-12,1.62356293774e-12,1.90878020855e-12,5.66127982167e-13,4.38760661104e-14],"max":[0.00390032492578,0.0168851669878,0.0225096605718,0.00851235818118,0.00350989005528,0.00478647835553,0.00795002281666,0.00894406158477,0.00718471221626,0.00573999574408,0.00882647559047,0.0119319949299,0.00741388648748,0.0129395099357,0.00774592440575,0.00522453244776,0.00186864635907,0.00300965295173,0.00216831080616,0.00164328399114,0.00246342038736,0.00250398670323,0.00216023670509,0.000177351103048,0.000502154580317,0.000146908409079,0.000195946224267,0.0000469139158668,0.000050479600759,0.000107449632196,0.000139980227686,0.000172786458279,0.000140803065733,0.00010789775115,0.0000970395485638,0.0000336179182341,0.0000283290119114,0.0000434695284639,0.0000239712044277,0.00000283020790448],"mean":[0.000229531797231,0.00154832203407,0.00222484907135,0.000625921646133,0.000280894280877,0.000159587085363,0.000217395237996,0.000229731376749,0.000246451818384,0.00019895787409,0.000225100462558,0.000215412423131,0.000177173511474,0.00025192645262,0.000154082314111,0.0000696960560163,0.0000260014076048,0.0000335641379934,0.0000359049117833,0.0000342006533174,0.0000312520933221,0.0000464868826384,0.0000236958239839,0.00000592251808484,0.00000438274901171,0.0000030993510336,0.00000185566034361,8.81185712842e-7,7.19495915291e-7,0.00000124914106436,0.00000199841952053,0.00000171313899955,0.00000130055855152,0.00000115569207537,7.19180036413e-7,4.33000678868e-7,3.74764738353e-7,3.0784167393e-7,2.03095652296e-7,8.44511589548e-8],"median":[0.000125601131003,0.00090110488236,0.00161932525225,0.000399236800149,0.000165748468135,0.0000679481017869,0.00007787640061,0.0000847054034239,0.000079181692854,0.000069788104156,0.000066348547989,0.0000625107131782,0.0000403254271077,0.0000550716504222,0.0000398803313146,0.0000159743849508,0.00000692789490131,0.00000587591694057,0.00000721182550478,0.00000759433032727,0.00000582763595958,0.0000064421924435,0.00000417188812207,0.00000139680105349,7.12097914857e-7,5.48290302049e-7,3.29893055095e-7,2.01735360861e-7,1.77468209017e-7,2.28846445793e-7,2.60500740978e-7,3.27772255559e-7,2.50303429539e-7,1.5700993572e-7,1.16101411152e-7,8.32217068591e-8,7.04208176217e-8,6.09956458675e-8,3.67807331259e-8,1.32820359156e-8],"min":[1.10388264696e-24,1.83218309492e-24,2.36439895146e-24,2.92755235499e-24,1.92225049991e-24,1.50578459842e-24,2.34403608492e-24,1.64406649169e-24,2.10265687526e-24,3.34569004995e-24,2.54625229493e-24,2.28013815438e-24,3.04244245165e-24,2.62506285202e-24,2.6657313927e-24,3.62226231674e-24,4.81881797626e-24,3.82742886654e-24,3.83002816322e-24,2.99423437288e-24,4.40479774079e-24,4.1707632206e-24,3.68688343551e-24,3.71992487453e-24,3.53296405113e-24,4.37786366291e-24,4.34344013958e-24,3.89387028185e-24,5.71702723029e-24,5.46715396084e-24,4.29651198762e-24,5.0416518549e-24,5.46779057159e-24,5.47819998567e-24,5.96091028446e-24,6.25242081578e-24,4.84936779811e-24,6.02896570918e-24,5.42019031014e-24,5.60615756323e-24],"var":[8.75242491816e-8,0.0000033601368159,0.00000473049067296,5.32781996299e-7,1.09388317071e-7,7.58427418646e-8,1.94204545778e-7,1.99772088649e-7,2.61397019585e-7,1.66538512758e-7,2.72728470918e-7,2.57211752341e-7,1.87518566008e-7,7.14955092462e-7,1.33029701033e-7,3.94346848509e-8,5.24406029712e-9,1.72630496564e-8,1.07842677011e-8,6.30556318271e-9,1.00532444591e-8,2.1830100394e-8,6.59724896934e-9,1.83819057198e-10,2.90591245511e-10,7.41289807316e-11,4.47816575488e-11,5.92327836085e-12,4.14373006394e-12,1.66034911514e-11,4.61997523571e-11,3.16603583628e-11,2.3069780461e-11,1.86452225187e-11,6.44866278432e-12,1.76840942064e-12,1.16518372641e-12,7.92241055744e-13,3.45836938731e-13,3.59476954226e-14]},"melbands_crest":{"dmean":3.64505076408,"dmean2":6.10202360153,"dvar":11.1799373627,"dvar2":29.905128479,"max":39.8671226501,"mean":15.2034196854,"median":14.591884613,"min":1.59412443638,"var":36.9703216553},"melbands_flatness_db":{"dmean":0.0317316204309,"dmean2":0.0438231900334,"dvar":0.00098927388899,"dvar2":0.00177444668952,"max":0.639746904373,"mean":0.257547616959,"median":0.249319642782,"min":0.00289308698848,"var":0.00678318506107},"melbands_kurtosis":{"dmean":11.1464262009,"dmean2":17.7837734222,"dvar":7097.60498047,"dvar2":19486.4082031,"max":4363.16748047,"mean":18.4012908936,"median":4.88206005096,"min":-1.82956254482,"var":12210.7021484},"melbands_skewness":{"dmean":0.79060614109,"dmean2":1.22312808037,"dvar":1.53327620029,"dvar2":3.66179966927,"max":58.9260063171,"mean":2.46513581276,"median":2.0190346241,"min":-3.57934260368,"var":7.00422239304},"melbands_spread":{"dmean":5.16143274307,"dmean2":7.97151756287,"dvar":48.9408416748,"dvar2":103.331085205,"max":188.409835815,"mean":18.5573272705,"median":14.7807369232,"min":0.142370805144,"var":315.434417725},"mfcc":{"cov":[[10991.4238281,46.0061454773,-910.345092773,-159.926177979,-158.164001465,-119.09488678,-467.23550415,72.6940994263,-158.809310913,-192.73638916,-55.8347244263,-59.3410720825,-203.453094482],[46.0061454773,2099.85083008,-269.591125488,-103.953079224,101.883399963,11.8959274292,42.802192688,96.8095474243,105.716239929,-72.8686294556,-90.3816986084,10.3957538605,28.52917099],[-910.345092773,-269.591125488,885.540466309,50.7224464417,-33.6705818176,115.80934906,55.410697937,4.12123012543,-42.7312812805,6.37857961655,9.95748710632,-4.59565591812,-4.2147397995],[-159.926177979,-103.953079224,50.7224464417,229.853912354,38.5853805542,42.126739502,20.8924865723,-14.0963897705,-4.87289190292,15.9228544235,17.8477363586,-6.42139482498,-0.0546996220946],[-158.164001465,101.883399963,-33.6705818176,38.5853805542,267.841766357,29.0052471161,-5.96720933914,-10.6188907623,31.3648777008,-1.32943868637,-21.6300354004,-0.91147851944,-22.6047706604],[-119.09488678,11.8959274292,115.80934906,42.126739502,29.0052471161,163.099136353,61.2622909546,17.6844959259,4.51716184616,-10.2666492462,-0.315683633089,-7.81435680389,-1.37445235252],[-467.23550415,42.802192688,55.410697937,20.8924865723,-5.96720933914,61.2622909546,184.660995483,38.6687507629,3.29385209084,8.56527042389,-8.20321559906,-6.11660146713,20.6591796875],[72.6940994263,96.8095474243,4.12123012543,-14.0963897705,-10.6188907623,17.6844959259,38.6687507629,120.056228638,33.4791641235,-8.58767127991,-4.1290640831,-3.27641177177,-4.69003915787],[-158.809310913,105.716239929,-42.7312812805,-4.87289190292,31.3648777008,4.51716184616,3.29385209084,33.4791641235,100.287200928,20.9126358032,-3.38234376907,4.6049952507,-6.74001741409],[-192.73638916,-72.8686294556,6.37857961655,15.9228544235,-1.32943868637,-10.2666492462,8.56527042389,-8.58767127991,20.9126358032,99.5334091187,24.8555698395,-5.73696327209,3.51912808418],[-55.8347244263,-90.3816986084,9.95748710632,17.8477363586,-21.6300354004,-0.315683633089,-8.20321559906,-4.1290640831,-3.38234376907,24.8555698395,74.4975204468,19.320684433,-2.84884166718],[-59.3410720825,10.3957538605,-4.59565591812,-6.42139482498,-0.91147851944,-7.81435680389,-6.11660146713,-3.27641177177,4.6049952507,-5.73696327209,19.320684433,70.5891571045,20.1251163483],[-203.453094482,28.52917099,-4.2147397995,-0.0546996220946,-22.6047706604,-1.37445235252,20.6591796875,-4.69003915787,-6.74001741409,3.51912808418,-2.84884166718,20.1251163483,76.7613754272]],"icov":[[0.000132752960781,0.00000511408688908,0.000154415829456,0.0000125574506455,0.000108654487121,-0.000143945420859,0.00035008098348,-0.000239260101807,0.000325101194903,0.0000673278409522,0.000147600570926,-0.0000192028128367,0.000314996315865],[0.00000511408688908,0.000586863141507,0.000151219443069,0.000195842600078,-0.000164687109645,-0.0000794447405497,-0.0000722123077139,-0.000280978973024,-0.000460285955342,0.000361270853318,0.000443850527517,-0.0000710476742825,-0.000265647046035],[0.000154415829456,0.000151219443069,0.00152298761532,-0.0000669441797072,0.000320259539876,-0.00113741715904,0.000319786398904,-0.000421546137659,0.000913964118809,-0.000182041461812,0.000403302779887,-0.0002605272457,0.000570636882912],[0.0000125574506455,0.000195842600078,-0.0000669441797072,0.00499532278627,-0.000822878966574,-0.00102905521635,-0.000325872388203,0.000505784933921,0.000137897819513,-0.000325583881931,-0.00128140568268,0.000729975581635,-0.00039366693818],[0.000108654487121,-0.000164687109645,0.000320259539876,-0.000822878966574,0.00457014329731,-0.00101667339914,0.000520230038092,0.000700077041984,-0.000930961687118,-0.000188399717445,0.00177090009674,-0.000871913565788,0.00181778264232],[-0.000143945420859,-0.0000794447405497,-0.00113741715904,-0.00102905521635,-0.00101667339914,0.0085098715499,-0.00279180146754,0.0000242322712438,-0.00110858329572,0.00162127020303,-0.00124367966782,0.00104123738129,-0.000300157873426],[0.00035008098348,-0.0000722123077139,0.000319786398904,-0.000325872388203,0.000520230038092,-0.00279180146754,0.00801912136376,-0.0028514531441,0.00161826936528,-0.00120688404422,0.00144055101555,0.000265047478024,-0.00107580237091],[-0.000239260101807,-0.000280978973024,-0.000421546137659,0.000505784933921,0.000700077041984,0.0000242322712438,-0.0028514531441,0.0111239124089,-0.00447914749384,0.00172228843439,-0.00103444629349,0.000742200994864,0.000395943352487],[0.000325101194903,-0.000460285955342,0.000913964118809,0.000137897819513,-0.000930961687118,-0.00110858329572,0.00161826936528,-0.00447914749384,0.0143174035475,-0.00411505345255,0.00185723497998,-0.00218393211253,0.00216711242683],[0.0000673278409522,0.000361270853318,-0.000182041461812,-0.000325583881931,-0.000188399717445,0.00162127020303,-0.00120688404422,0.00172228843439,-0.00411505345255,0.0132885491475,-0.00502843922004,0.00329018966295,-0.00158222310711],[0.000147600570926,0.000443850527517,0.000403302779887,-0.00128140568268,0.00177090009674,-0.00124367966782,0.00144055101555,-0.00103444629349,0.00185723497998,-0.00502843922004,0.0185144171119,-0.00654890434816,0.00309350457974],[-0.0000192028128367,-0.0000710476742825,-0.0002605272457,0.000729975581635,-0.000871913565788,0.00104123738129,0.000265047478024,0.000742200994864,-0.00218393211253,0.00329018966295,-0.00654890434816,0.0181865990162,-0.00565614691004],[0.000314996315865,-0.000265647046035,0.000570636882912,-0.00039366693818,0.00181778264232,-0.000300157873426,-0.00107580237091,0.000395943352487,0.00216711242683,-0.00158222310711,0.00309350457974,-0.00565614691004,0.0166962537915]],"mean":[-695.454101563,162.265884399,-4.49968481064,4.58775234222,3.77260756493,12.8691625595,-4.54708385468,16.3302497864,2.79592609406,-9.30947113037,-5.02118492126,0.713242411613,-3.73260736465]},"pitch_salience":{"dmean":0.0803684443235,"dmean2":0.132070884109,"dvar":0.0049480041489,"dvar2":0.0127449920401,"max":0.914645493031,"mean":0.542524039745,"median":0.562261104584,"min":0.00980183295906,"var":0.0189635418355},"silence_rate_20dB":{"dmean":0,"dmean2":0,"dvar":0,"dvar2":0,"max":1,"mean":1,"median":1,"min":1,"var":0},"silence_rate_30dB":{"dmean":0,"dmean2":0,"dvar":0,"dvar2":0,"max":1,"mean":1,"median":1,"min":1,"var":0},"silence_rate_60dB":{"dmean":0.0134831462055,"dmean2":0.0269706211984,"dvar":0.0133022451773,"dvar2":0.0304167773575,"max":1,"mean":0.0637136921287,"median":0,"min":0,"var":0.0596534200013},"spectral_centroid":{"dmean":178.97946167,"dmean2":264.296173096,"dvar":61699.03125,"dvar2":113319.15625,"max":11567.2304688,"mean":960.060180664,"median":736.526977539,"min":126.977897644,"var":1407397},"spectral_complexity":{"dmean":2.94285702705,"dmean2":4.04495096207,"dvar":8.18547725677,"dvar2":13.4619445801,"max":44,"mean":15.2131280899,"median":15,"min":0,"var":59.7014656067},"spectral_contrast_coeffs":{"dmean":[0.0540027730167,0.0453559048474,0.0385123826563,0.0310985762626,0.0256247315556,0.0203995909542],"dmean2":[0.0901259481907,0.0739470422268,0.0602583698928,0.0493003427982,0.0392482504249,0.031311172992],"dvar":[0.00190524745267,0.00137585110497,0.00102875835728,0.000681978068314,0.000507112592459,0.000416901340941],"dvar2":[0.00522309634835,0.00349292019382,0.0023674920667,0.00163828954101,0.00111592561007,0.000893586780876],"max":[-0.320147931576,-0.385829478502,-0.401957571507,-0.498166412115,-0.545428693295,-0.570753574371],"mean":[-0.582967638969,-0.754702270031,-0.762844145298,-0.776677668095,-0.772629499435,-0.772591471672],"median":[-0.574324548244,-0.760826587677,-0.77284091711,-0.784232139587,-0.780609667301,-0.778115868568],"min":[-0.978085935116,-0.995159208775,-0.975415229797,-0.973310351372,-0.967147648335,-0.964835047722],"var":[0.00799857079983,0.00587333412841,0.00609131110832,0.00377303804271,0.00403145002201,0.00263888365589]},"spectral_contrast_valleys":{"dmean":[0.447179853916,0.375636190176,0.328223884106,0.337154120207,0.359884053469,0.431576639414],"dmean2":[0.731203854084,0.579852461815,0.485264629126,0.462668657303,0.452666968107,0.500995576382],"dvar":[0.164585322142,0.118047088385,0.0952354371548,0.110011734068,0.136019095778,0.220978751779],"dvar2":[0.381150305271,0.234401747584,0.170079082251,0.177224963903,0.212132886052,0.366832375526],"max":[-5.7659497261,-5.00895643234,-4.5424079895,-5.56681728363,-6.11697292328,-8.05867767334],"mean":[-7.7575135231,-7.10191965103,-7.28725814819,-8.15155792236,-8.81352901459,-11.2986116409],"median":[-7.36533164978,-6.72897386551,-6.916015625,-7.79795503616,-8.48237133026,-11.0124721527],"min":[-28.3883666992,-27.8275737762,-27.953710556,-27.6200237274,-27.4843425751,-27.4108047485],"var":[5.51737785339,6.02340745926,5.92114782333,5.65712690353,5.26930761337,4.47912359238]},"spectral_decrease":{"dmean":1.96084992687e-9,"dmean2":3.00807867504e-9,"dvar":4.81171375912e-18,"dvar2":1.06774384256e-17,"max":6.52149543298e-23,"mean":-6.54686971302e-9,"median":-5.93425220075e-9,"min":-2.49195704072e-8,"var":1.83683925347e-17},"spectral_energy":{"dmean":0.00778546836227,"dmean2":0.0118453986943,"dvar":0.0000768159443396,"dvar2":0.00016652760678,"max":0.100186437368,"mean":0.0262599550188,"median":0.0234800465405,"min":9.97183919112e-21,"var":0.000304793182295},"spectral_energyband_high":{"dmean":0.000124293190311,"dmean2":0.00016687187599,"dvar":1.41484505889e-7,"dvar2":2.65891202389e-7,"max":0.013214587234,"mean":0.000231663667364,"median":0.000055304972193,"min":6.98600152314e-21,"var":3.62473400628e-7},"spectral_energyband_low":{"dmean":0.00418932875618,"dmean2":0.00688162958249,"dvar":0.0000273122477665,"dvar2":0.000070963978942,"max":0.076045833528,"mean":0.00877134781331,"median":0.00619931798428,"min":1.96971578726e-23,"var":0.0000754573193262},"spectral_energyband_middle_high":{"dmean":0.00309306127019,"dmean2":0.00426390441135,"dvar":0.0000319767168548,"dvar2":0.0000604920096521,"max":0.0941850692034,"mean":0.00787302106619,"median":0.00303352158517,"min":1.23726378208e-21,"var":0.000127784325741},"spectral_energyband_middle_low":{"dmean":0.00483541516587,"dmean2":0.00779391406104,"dvar":0.0000348542780557,"dvar2":0.000090060319053,"max":0.0691520348191,"mean":0.0121811283752,"median":0.0101779904217,"min":1.38949391866e-22,"var":0.000086719293904},"spectral_entropy":{"dmean":0.217005446553,"dmean2":0.296860218048,"dvar":0.0464829690754,"dvar2":0.0855926796794,"max":9.82447338104,"mean":7.09180212021,"median":7.10327720642,"min":4.10098934174,"var":0.342495441437},"spectral_flux":{"dmean":0.0237153302878,"dmean2":0.0358878485858,"dvar":0.000583092449233,"dvar2":0.00129717541859,"max":0.272007912397,"mean":0.0796567127109,"median":0.0738429129124,"min":6.33727376131e-11,"var":0.00189694634173},"spectral_kurtosis":{"dmean":4.61438465118,"dmean2":7.47916316986,"dvar":31.9156932831,"dvar2":81.0237350464,"max":70.1044769287,"mean":10.2584724426,"median":7.35978746414,"min":-1.25299835205,"var":81.0696792603},"spectral_rms":{"dmean":0.000749443250243,"dmean2":0.00112314568833,"dvar":5.70978272663e-7,"dvar2":0.00000117517129183,"max":0.00988649949431,"mean":0.0047027724795,"median":0.0047861635685,"min":3.11907422633e-12,"var":0.00000350334676114},"spectral_rolloff":{"dmean":270.998199463,"dmean2":448.433624268,"dvar":366357.53125,"dvar2":850807.25,"max":19530.6152344,"mean":1172.05114746,"median":861.328125,"min":21.533203125,"var":4298414},"spectral_skewness":{"dmean":0.422125399113,"dmean2":0.647827327251,"dvar":0.188581705093,"dvar2":0.448017865419,"max":6.48392486572,"mean":2.25743365288,"median":2.1187505722,"min":-0.0816071480513,"var":0.797129809856},"spectral_spread":{"dmean":510277.125,"dmean2":737944.5625,"dvar":595825000448,"dvar2":1156806213630,"max":44038372,"mean":3683925.25,"median":3069106.75,"min":949584.1875,"var":17481312763900},"spectral_strongpeak":{"dmean":0.657505512238,"dmean2":1.07300078869,"dvar":1.68348312378,"dvar2":3.77290248871,"max":21.8823280334,"mean":1.16896283627,"median":0.510640084743,"min":0,"var":3.77874207497},"zerocrossingrate":{"dmean":0.00680897617713,"dmean2":0.00784409046173,"dvar":0.000115336784802,"dvar2":0.000173513355548,"max":0.53076171875,"mean":0.0430372394621,"median":0.03515625,"min":0,"var":0.0029391204007}},"metadata":{"audio_properties":{"analysis_sample_rate":44100,"bit_rate":125427,"codec":"mp3","downmix":"mix","equal_loudness":0,"length":144.63999939,"lossless":false,"md5_encoded":"7d286c7683677a0514ad74722b6f92a7","replay_gain":-11.3860321045,"sample_rate":44100},"tags":{"album":["Hooker & The Hogs"],"albumartist":["John Lee Hooker & The Groundhogs"],"albumartistsort":["Hooker, John Lee & Groundhogs, The"],"artist":["John Lee Hooker & The Groundhogs"],"artistsort":["Hooker, John Lee & Groundhogs, The"],"asin":["B000002XU4"],"barcode":["766126405920"],"catalognumber":["IGOCD 2059"],"date":["1996"],"discnumber":["1/1"],"file_name":"08 - No One Pleases Me but You.mp3","genre":["Blues"],"label":["Indigo Recordings"],"media":["CD"],"musicbrainz album release country":["GB"],"musicbrainz album status":["official"],"musicbrainz album type":["album"],"musicbrainz_albumartistid":["b0122194-c49a-46a1-ade7-84d1d76bd8e9 / e7cab571-1fa7-4ccc-8fb5-b4f1093df973"],"musicbrainz_albumid":["fa7cbf56-61e9-4082-abe1-94c60fdd8222"],"musicbrainz_artistid":["b0122194-c49a-46a1-ade7-84d1d76bd8e9 / e7cab571-1fa7-4ccc-8fb5-b4f1093df973"],"musicbrainz_recordingid":["2be51352-c787-4e2c-b90b-3a791fc2c58a"],"musicbrainz_releasegroupid":["5de8b225-6ff1-3e25-87dd-26e65845d38d"],"musicip_puid":["12fbe169-c058-eda6-598e-fade33b9fff8"],"originaldate":["1996"],"script":["Latn"],"title":["No One Pleases Me but You"],"tracknumber":["8/15"]},"version":{"essentia":"2.1-beta2","essentia_build_sha":"2d9f1f26377add8aeb1075a9c2973f962c4f09fd","essentia_git_sha":"v2.1_beta2-1-ge3940c0","extractor":"music 1.0"}},"rhythm":{"beats_count":343,"beats_loudness":{"dmean":0.0146153168753,"dmean2":0.0250650197268,"dvar":0.00017140127602,"dvar2":0.000489795289468,"max":0.0952149480581,"mean":0.0371480770409,"median":0.0372191444039,"min":0,"var":0.00029861665098},"beats_loudness_band_ratio":{"dmean":[0.206146523356,0.0