{"lowlevel":{"average_loudness":0.845077037811,"barkbands":{"dmean":[0.000840139051434,0.00525306491181,0.00246948748827,0.00082000286784,0.00139468407724,0.00127941800747,0.000828941469081,0.00125240976922,0.00260316790082,0.000689478998538,0.000396540650399,0.000215817912249,0.000116815244837,0.000105994113255,0.000158962720889,0.000168507976923,0.000120675540529,0.000130489483126,0.000135255904752,0.0000686928760842,0.0000352753922925,0.0000143407796713,0.00000399870532419,0.00000166665495271,0.00000175978505013,0.00000260960928244,0.000124564685393],"dmean2":[0.00142580713145,0.00866631418467,0.00416415790096,0.00138677400537,0.00217678234912,0.00200601131655,0.00132918730378,0.00205751881003,0.00414966931567,0.00110094202682,0.000663481187075,0.000347903638612,0.00019244858413,0.000170734710991,0.000259344145888,0.000271087366855,0.000195717904717,0.000200459384359,0.000201532442588,0.0000978720345302,0.000052195347962,0.0000217783872358,0.0000063729626163,0.0000027978073831,0.00000294066944662,0.00000427121130997,0.000186822377145],"dvar":[0.0000022694900963,0.0000969180036918,0.0000129886193463,0.00000161874754667,0.00000757072348279,0.00000827268740977,0.00000977015224635,0.0000180759343493,0.0000960571705946,0.00000509565825269,9.20873503674e-7,1.64283562754e-7,5.21025853573e-8,4.41835261711e-8,1.08037880864e-7,1.17850596837e-7,6.61045973516e-8,1.66434190874e-7,1.36923461014e-7,6.52794724942e-8,9.12394959585e-9,1.76466852242e-9,1.13177960059e-10,8.14534897864e-12,8.14024628953e-12,1.47457410865e-11,3.43525528024e-8],"dvar2":[0.00000577028731641,0.000253337580943,0.0000364766056009,0.00000445353180112,0.0000153160035552,0.0000176863541128,0.0000250413868343,0.0000453385218862,0.000235934727243,0.0000116519750009,0.00000240032295551,4.22166522185e-7,1.41504756357e-7,1.05926659444e-7,2.68899640332e-7,2.86517064296e-7,1.63174448176e-7,3.8818569692e-7,2.85934817157e-7,1.17108086783e-7,1.75799250712e-8,3.89813870072e-9,2.77209172284e-10,2.09133717288e-11,2.09406589291e-11,3.74311900919e-11,6.98783821917e-8],"max":[0.0527889430523,0.166276246309,0.0599990710616,0.0210554152727,0.0903737470508,0.132182702422,0.119459576905,0.103960625827,0.28012752533,0.0620887503028,0.0326823554933,0.013316902332,0.00616132281721,0.00627842079848,0.0073621799238,0.00683536333963,0.00436294265091,0.0244039148092,0.0108280638233,0.0130717149004,0.00362321734428,0.00128083757591,0.000329235655954,0.0000399359996663,0.0000381343816116,0.0000401747529395,0.00422144494951],"mean":[0.000933299656026,0.00728215556592,0.00392317119986,0.00113464973401,0.00250147585757,0.00224225409329,0.001170077594,0.00151613960043,0.0032107050065,0.000972454785369,0.000553798221517,0.000341124105034,0.000173510619788,0.000157230373588,0.000250883575063,0.000276187231066,0.000184591364814,0.000210432888707,0.000246839073952,0.000121394383314,0.0000672126334393,0.0000237554540945,0.00000523240396433,0.00000170894497842,0.00000186692648185,0.00000324060442836,0.000310361414449],"median":[0.00045837572543,0.00374999386258,0.00198836368509,0.000605870271102,0.000978753087111,0.000705250597093,0.000472941726912,0.000473434425658,0.000549497781321,0.000292748823995,0.000247333955485,0.000149046987644,0.0000858226630953,0.0000659663273836,0.000109519605758,0.0000990791886579,0.0000609592134424,0.0000373156944988,0.0000418840754719,0.0000150085488713,0.0000091497804533,0.00000366510494132,0.00000146657748701,6.72831731663e-7,8.14285840534e-7,0.00000164771336131,0.000201117436518],"min":[1.45684465394e-24,3.03423573444e-24,1.11574001523e-24,9.69655301531e-25,1.02128717469e-23,5.7812835009e-24,8.25181796791e-24,6.73023781037e-24,2.20116079265e-23,1.65261752696e-23,1.76563573559e-23,1.87868881186e-23,3.07499148369e-23,3.1341077733e-23,5.23803262414e-23,5.5050872841e-23,5.82417079176e-23,9.23188329489e-23,1.15827739894e-22,1.86097411982e-22,2.17914153908e-22,3.29904710276e-22,3.88699434932e-22,5.04031833287e-22,7.48656211601e-22,1.14037681972e-21,1.95772628164e-21],"var":[0.00000238339657699,0.000135985566885,0.0000261244003923,0.00000234269214161,0.0000241826455749,0.0000256511320913,0.0000125443220895,0.0000207542070711,0.000117499585031,0.00000844558690005,0.00000125240626403,2.99165265005e-7,7.6837274321e-8,7.48241788529e-8,1.94224924144e-7,2.40187489453e-7,1.18955746586e-7,4.00222091912e-7,3.42039953694e-7,1.47662206018e-7,2.43550388745e-8,3.83564113804e-9,1.47687154173e-10,8.66853377274e-12,8.95923092659e-12,1.9809881166e-11,1.13875238128e-7]},"barkbands_crest":{"dmean":3.20918703079,"dmean2":5.328748703,"dvar":7.46608972549,"dvar2":19.2875576019,"max":25.8121967316,"mean":10.7868251801,"median":10.0172157288,"min":2.38793468475,"var":19.5515098572},"barkbands_flatness_db":{"dmean":0.0291439760476,"dmean2":0.0463313981891,"dvar":0.000635821314063,"dvar2":0.00160409498494,"max":0.403816431761,"mean":0.162203401327,"median":0.160527288914,"min":0.0441404171288,"var":0.00285004591569},"barkbands_kurtosis":{"dmean":5.94491529465,"dmean2":9.78353309631,"dvar":102.663795471,"dvar2":271.471832275,"max":218.261413574,"mean":10.550786972,"median":6.76756668091,"min":-1.81009483337,"var":186.012359619},"barkbands_skewness":{"dmean":0.733468294144,"dmean2":1.16831970215,"dvar":0.551548659801,"dvar2":1.40135037899,"max":12.8150234222,"mean":2.28525805473,"median":2.09231424332,"min":-2.81867170334,"var":2.13359951973},"barkbands_spread":{"dmean":6.14572572708,"dmean2":9.70971488953,"dvar":41.2106285095,"dvar2":99.0984268188,"max":119.747695923,"mean":21.1053104401,"median":17.0325946808,"min":0.667220592499,"var":198.64402771},"dissonance":{"dmean":0.0274537354708,"dmean2":0.0470785759389,"dvar":0.000791527912952,"dvar2":0.00220461143181,"max":0.499999970198,"mean":0.455982863903,"median":0.466431587934,"min":0.227713882923,"var":0.00138204917312},"dynamic_complexity":3.34930515289,"erbbands":{"dmean":[0.146363258362,1.26369893551,2.87911462784,2.75349402428,3.19817614555,5.46884584427,8.5801525116,10.7522640228,9.3191204071,17.3307819366,36.0044212341,61.8084411621,26.7856407166,19.9354858398,13.259727478,8.32984447479,5.41565275192,5.27557134628,6.51194238663,7.80738162994,8.93471336365,6.49083995819,6.82808256149,7.57916736603,5.60463237762,3.20349979401,2.0213637352,0.993262767792,0.560301542282,0.279363572598,0.0758676379919,0.0367221496999,0.0270167700946,0.0191556476057,0.0128472447395,0.00802682712674,0.00474417768419,0.00534915272146,0.00592040969059,0.00455154757947],"dmean2":[0.248714670539,2.08823990822,4.8458404541,4.62915372849,5.13481473923,8.57026386261,13.3338947296,16.9349575043,14.7678909302,28.3386993408,58.7651634216,98.7379302979,42.7494354248,32.7395515442,22.0668735504,13.1983594894,8.83116054535,8.48101139069,10.583861351,12.5697631836,14.2103338242,10.3596334457,10.5106801987,11.5602197647,8.18949127197,4.54153633118,2.92207670212,1.43626952171,0.848322272301,0.429132372141,0.12212048471,0.06160030514,0.0453032888472,0.0320480503142,0.021439505741,0.0133487349376,0.00781158916652,0.0078300870955,0.00805281568319,0.00696149514988],"dvar":[0.0553730428219,6.28360462189,19.8463497162,15.0298519135,33.7997207642,179.039581299,410.646484375,770.836486816,1295.02783203,4774.71875,15258.4960938,54523.7421875,7558.59570312,4595.94335938,646.490905762,291.243041992,102.274993896,111.501968384,169.315292358,240.748733521,340.91897583,205.058578491,374.488555908,450.714141846,305.628295898,136.164810181,35.2458763123,7.03126573563,2.794662714,0.705405056477,0.0244777817279,0.00398936960846,0.00210065115243,0.00100193289109,0.000420421478339,0.000152297507157,0.0000490130660182,0.000141574346344,0.000204874610063,0.0000278049319604],"dvar2":[0.154090806842,16.3152580261,54.6972808838,42.225063324,74.2586212158,350.6875,857.928161621,1613.15808105,2815.14648438,13232.7958984,37354.9453125,131282.09375,18212.421875,11618.1328125,1591.9329834,735.407409668,277.506011963,271.865631104,423.976318359,558.776367188,824.135559082,492.559509277,841.93762207,996.402404785,632.474365234,239.70223999,64.6235122681,13.6348199844,6.24031925201,1.67530274391,0.0590643510222,0.0102230962366,0.005395389162,0.00257555046119,0.00108216993976,0.000393470691051,0.00012591725681,0.000289707910269,0.000320042978274,0.0000613406446064],"max":[3.28668212891,43.9057044983,70.3884506226,50.7659187317,200.459945679,489.922943115,446.050750732,1643.14318848,2190.21044922,3410.7800293,2639.45703125,6082.74169922,2164.44702148,2524.90600586,890.690979004,598.69140625,259.526763916,310.006378174,257.297790527,534.894226074,362.605194092,281.708435059,975.307983398,787.258605957,640.32635498,534.760925293,275.122192383,75.9319000244,49.4759368896,18.9242191315,4.07273340225,0.884856700897,0.638285040855,0.431971520185,0.268287748098,0.147893637419,0.0738083645701,0.24804700911,0.621596157551,0.100077666342],"mean":[0.189399495721,1.71051049232,4.45825338364,4.52429533005,5.29992723465,9.07096290588,13.9919462204,19.0951728821,14.9904260635,23.25415802,45.2131919861,76.2098007202,38.3502845764,29.3999614716,20.1865158081,14.3367671967,8.71718502045,8.14871311188,10.4997425079,13.4195594788,15.2861385345,10.5079021454,11.1733455658,13.4702243805,10.0776062012,5.79565763474,3.80879092216,1.88044786453,0.937976658344,0.420228898525,0.0988409817219,0.0385910980403,0.0280031487346,0.020164206624,0.0137657551095,0.00875616259873,0.00582633260638,0.00977538991719,0.0141874756664,0.0165225081146],"median":[0.104555428028,0.82743293047,2.35209131241,2.70625376701,2.38033223152,3.17969918251,4.42913103104,5.75629472733,5.76301527023,9.55726623535,11.4009571075,12.7663574219,10.1556682587,11.3135585785,10.6458177567,6.435090065,4.75844526291,3.64552736282,4.86196660995,6.35974884033,5.08809709549,3.47512078285,2.25397443771,2.40945625305,1.52273333073,0.734137058258,0.494396358728,0.253791123629,0.142906814814,0.0815222710371,0.0342997424304,0.0155766941607,0.0113144731149,0.00853940751404,0.00618198793381,0.0041009564884,0.00304973009042,0.00367690995336,0.00579317333177,0.014521015808],"min":[5.20778548822e-23,7.45288419246e-22,1.64603973968e-21,3.6705146096e-21,1.23137272535e-20,2.67395761907e-20,3.24169238626e-20,9.8131066243e-20,1.21889121615e-19,1.92629581751e-19,2.60906284432e-19,5.16747224986e-19,5.63464990116e-19,6.33137741027e-19,9.45677647421e-19,1.38050240381e-18,1.68426535521e-18,1.73686649415e-18,3.09621892367e-18,3.23114014658e-18,3.71590086597e-18,4.33304212302e-18,6.03113059685e-18,6.38124926677e-18,7.65766505256e-18,7.8043994486e-18,9.13908928136e-18,8.53016606369e-18,1.10179183734e-17,1.04919497906e-17,1.13248098253e-17,1.02298716756e-17,9.61454525283e-18,7.85738036684e-18,5.73195798085e-18,4.12398669886e-18,2.27204511264e-18,9.26103452201e-19,2.46573105573e-19,2.72314029195e-20],"var":[0.0695316120982,8.58074378967,33.1464385986,28.6780967712,100.922645569,524.697509766,1015.86883545,2719.36303711,2045.99841309,5166.58251953,18455.5546875,68174.0078125,10956.7207031,7195.42333984,1038.20593262,584.544494629,161.516036987,188.844345093,283.651306152,504.805328369,758.094604492,389.783538818,877.970031738,1131.54626465,675.564575195,324.983856201,91.4933547974,19.5978488922,5.86516952515,1.13510727882,0.0352956689894,0.00429913681,0.00225076568313,0.00109044637065,0.000467717647552,0.000173367399839,0.00006219316856,0.00032628752524,0.000634830445051,0.000127979321405]},"erbbands_crest":{"dmean":3.32749223709,"dmean2":5.47304296494,"dvar":10.3956594467,"dvar2":25.8574905396,"max":32.0933990479,"mean":9.95340442657,"median":8.50325775146,"min":2.59841227531,"var":28.7187652588},"erbbands_flatness_db":{"dmean":0.0263058338314,"dmean2":0.0417742580175,"dvar":0.000548388750758,"dvar2":0.00134510803036,"max":0.425296097994,"mean":0.172590970993,"median":0.162151396275,"min":0.030389206484,"var":0.00263111083768},"erbbands_kurtosis":{"dmean":1.89399969578,"dmean2":2.99200153351,"dvar":17.4377632141,"dvar2":42.841255188,"max":102.449134827,"mean":1.7400342226,"median":0.193710327148,"min":-1.86410224438,"var":28.5383796692},"erbbands_skewness":{"dmean":0.437002897263,"dmean2":0.691313564777,"dvar":0.189359456301,"dvar2":0.456703305244,"max":7.10083055496,"mean":0.338103413582,"median":0.239656865597,"min":-4.53658771515,"var":0.816877603531},"erbbands_spread":{"dmean":6.33365488052,"dmean2":10.0060338974,"dvar":32.9499435425,"dvar2":77.5866241455,"max":115.827293396,"mean":26.9028072357,"median":26.0616149902,"min":0.612978696823,"var":195.99055481},"gfcc":{"cov":[[23639.1796875,2135.77416992,-1178.59594727,813.046020508,-115.429870605,-747.432617188,212.782470703,21.2966594696,-387.761657715,-154.500610352,-98.7468338013,-260.844146729,-18.2081222534],[2135.77416992,1074.47705078,234.121643066,-177.247573853,75.1959228516,-22.0421409607,-0.370212823153,4.59280490875,9.70815467834,-68.4989395142,48.7035675049,-69.3603820801,47.9889221191],[-1178.59594727,234.121643066,743.593017578,-12.7220830917,-35.6698875427,287.417510986,-170.376541138,116.585418701,-50.0792579651,17.3064460754,39.1364860535,-27.2503070831,6.11888027191],[813.046020508,-177.247573853,-12.7220830917,647.930419922,153.260101318,-161.133056641,128.277084351,-82.3367996216,-79.8886795044,47.8485107422,-21.0047473907,5.13086557388,-72.4564285278],[-115.429870605,75.1959228516,-35.6698875427,153.260101318,330.350830078,17.1600494385,78.3472595215,-59.5538444519,8.29455566406,-12.5986824036,24.8645553589,-0.523399949074,-6.28340959549],[-747.432617188,-22.0421409607,287.417510986,-161.133056641,17.1600494385,362.199981689,-98.7943954468,94.8925094604,-3.7331635952,-11.1519098282,18.6536369324,-2.59066462517,21.7365436554],[212.782470703,-0.370212823153,-170.376541138,128.277084351,78.3472595215,-98.7943954468,217.608078003,-19.0404262543,28.9106693268,-9.16945075989,-28.1540126801,1.50101494789,-18.0018692017],[21.2966594696,4.59280490875,116.585418701,-82.3367996216,-59.5538444519,94.8925094604,-19.0404262543,168.244369507,19.4397335052,7.59043312073,-3.83759570122,-38.0629882812,18.1668815613],[-387.761657715,9.70815467834,-50.0792579651,-79.8886795044,8.29455566406,-3.7331635952,28.9106693268,19.4397335052,128.215316772,27.5867862701,-1.64898192883,9.34528923035,-6.13741159439],[-154.500610352,-68.4989395142,17.3064460754,47.8485107422,-12.5986824036,-11.1519098282,-9.16945075989,7.59043312073,27.5867862701,83.0743484497,32.2314720154,5.81330537796,-15.6301546097],[-98.7468338013,48.7035675049,39.1364860535,-21.0047473907,24.8645553589,18.6536369324,-28.1540126801,-3.83759570122,-1.64898192883,32.2314720154,77.977935791,24.6106739044,5.9448800087],[-260.844146729,-69.3603820801,-27.2503070831,5.13086557388,-0.523399949074,-2.59066462517,1.50101494789,-38.0629882812,9.34528923035,5.81330537796,24.6106739044,77.9422683716,13.4539260864],[-18.2081222534,47.9889221191,6.11888027191,-72.4564285278,-6.28340959549,21.7365436554,-18.0018692017,18.1668815613,-6.13741159439,-15.6301546097,5.9448800087,13.4539260864,68.6347503662]],"icov":[[0.000163014337886,-0.000724044570234,0.000891362607945,-0.000624025706202,0.000345675245626,-0.000444617995527,0.000515898864251,-0.000635169213638,0.000550800876226,-0.000268636184046,0.000388551066862,-0.000299143197481,0.000300206243992],[-0.000724044570234,0.00504129612818,-0.00521190976724,0.00336703658104,-0.00178120413329,0.00316143129021,-0.00314057595097,0.00375557923689,-0.00336025725119,0.00339886685833,-0.00419818563387,0.0039330329746,-0.00261361594312],[0.000891362607945,-0.00521190976724,0.00832454580814,-0.00484534865245,0.00258397846483,-0.00511793419719,0.00478757126257,-0.00483236880973,0.00350161618553,-0.00238375458866,0.00244283536449,-0.00246808887459,0.00245797680691],[-0.000624025706202,0.00336703658104,-0.00484534865245,0.00673521868885,-0.00381635432132,0.0040989452973,-0.00374488229863,0.00220668967813,0.001789222355,-0.00284932577051,0.0016922041541,-0.00073275831528,0.00131681596395],[0.000345675245626,-0.00178120413329,0.00258397846483,-0.00381635432132,0.0065083578229,-0.00346890767105,-0.000152960710693,0.001360093127,-0.00183968944475,0.00295368069783,-0.00406144419685,0.00283306487836,-0.00132322590798],[-0.000444617995527,0.00316143129021,-0.00511793419719,0.0040989452973,-0.00346890767105,0.00796226970851,-0.00110220024362,-0.000438547780504,-0.000509615405463,0.00129568285774,-0.000442348013166,-0.000553476740606,-0.000160875089932],[0.000515898864251,-0.00314057595097,0.00478757126257,-0.00374488229863,-0.000152960710693,-0.00110220024362,0.00989132467657,-0.00431613856927,0.000107160914922,0.0000467576755909,0.00364340655506,-0.00305231520906,0.00232732808217],[-0.000635169213638,0.00375557923689,-0.00483236880973,0.00220668967813,0.001360093127,-0.000438547780504,-0.00431613856927,0.01373910252,-0.00535061769187,0.00189032941125,-0.00467654597014,0.00917842891067,-0.00598133960739],[0.000550800876226,-0.00336025725119,0.00350161618553,0.001789222355,-0.00183968944475,-0.000509615405463,0.000107160914922,-0.00535061769187,0.0162905417383,-0.0106260897592,0.00870836526155,-0.00750369112939,0.00526304822415],[-0.000268636184046,0.00339886685833,-0.00238375458866,-0.00284932577051,0.00295368069783,0.00129568285774,0.0000467576755909,0.00189032941125,-0.0106260897592,0.0261681918055,-0.0163970980793,0.00710889184847,-0.000835393730085],[0.000388551066862,-0.00419818563387,0.00244283536449,0.0016922041541,-0.00406144419685,-0.000442348013166,0.00364340655506,-0.00467654597014,0.00870836526155,-0.0163970980793,0.0286194272339,-0.0136028463021,0.003800944658],[-0.000299143197481,0.0039330329746,-0.00246808887459,-0.00073275831528,0.00283306487836,-0.000553476740606,-0.00305231520906,0.00917842891067,-0.00750369112939,0.00710889184847,-0.0136028463021,0.0252751950175,-0.00900654960424],[0.000300206243992,-0.00261361594312,0.00245797680691,0.00131681596395,-0.00132322590798,-0.000160875089932,0.00232732808217,-0.00598133960739,0.00526304822415,-0.000835393730085,0.003800944658,-0.00900654960424,0.0214880220592]],"mean":[-53.877784729,115.633262634,-89.1894454956,-10.7955188751,-8.90926837921,-24.6178607941,3.54277896881,-7.26378202438,1.31245851517,-10.4632472992,-6.74517345428,-7.43173360825,-0.216975644231]},"hfc":{"dmean":75.2814559937,"dmean2":119.864891052,"dvar":8065.66992188,"dvar2":21513.8964844,"max":2322.55810547,"mean":249.451858521,"median":207.456161499,"min":1.05630884814e-16,"var":34554.6015625},"melbands":{"dmean":[0.00137014966458,0.00155106198508,0.000454226596048,0.000299722334603,0.000279052008409,0.000238326581893,0.000146972102812,0.000197261819267,0.000340553291608,0.000383480015444,0.000131765482365,0.0000848798081279,0.000051248633099,0.0000264077825705,0.0000160203362611,0.000011056290532,0.000010269392078,0.0000101152854768,0.0000134316815092,0.0000114131416922,0.000010315918189,0.00000705896536601,0.00000671861607771,0.0000061205532802,0.00000658979251966,0.00000504025501868,0.0000031238430438,0.00000206817935577,0.00000151198378262,8.51762990806e-7,5.1941970014e-7,3.64875205605e-7,2.19649592736e-7,1.40934744763e-7,4.84253952493e-8,2.43895623697e-8,2.14537205778e-8,1.91170350661e-8,1.72394489795e-8,1.5770982742e-8],"dmean2":[0.00226181955077,0.0025799756404,0.000753864238504,0.000469513528515,0.000434749323176,0.000374223454855,0.000232439691899,0.000323246902553,0.000552273588255,0.000612085859757,0.000211797945667,0.000139760959428,0.0000860073996591,0.000042783380195,0.0000258720065176,0.000018222581275,0.0000166518693732,0.0000165680630744,0.0000220675738092,0.000018442489818,0.0000164940593095,0.0000114750691864,0.0000107015157482,0.00000937712866289,0.0000101716241261,0.00000758022042646,0.0000046612699407,0.00000299410453408,0.00000221391155719,0.00000128687008782,7.70655617544e-7,5.64083904919e-7,3.43528341773e-7,2.20066098677e-7,7.84372318208e-8,4.10599305667e-8,3.6056555075e-8,3.2076023615e-8,2.8880437597e-8,2.63773376474e-8],"dvar":[0.00000567213874092,0.00000685444092596,3.92256367832e-7,4.22224786689e-7,3.54894098109e-7,3.33789785145e-7,2.89967516665e-7,5.30036459168e-7,0.0000015174125565,0.00000202449405151,1.96503052052e-7,8.62764295562e-8,1.237660463e-8,2.39883468645e-9,8.84537831869e-10,4.715696722e-10,4.40571190641e-10,4.12274658856e-10,8.64800620004e-10,5.1552700997e-10,4.55800314159e-10,2.36465652614e-10,2.94430729797e-10,4.67556604544e-10,3.31268262821e-10,2.27499186156e-10,1.37104036457e-10,5.55587242879e-11,2.05478550841e-11,6.46461573509e-12,1.86580135023e-12,1.30315680122e-12,4.23795628582e-13,1.93466824592e-13,1.1675065076e-14,1.81233710493e-15,1.37082001651e-15,1.05977776569e-15,8.35042401793e-16,6.72615363827e-16],"dvar2":[0.0000150342248162,0.0000182721123565,0.00000106508491626,8.24982521408e-7,7.44030046462e-7,7.07094159225e-7,6.57613952626e-7,0.00000144638613619,0.00000375154377252,0.00000487659553983,4.78291838135e-7,2.15148148186e-7,3.10816368199e-8,6.35561558937e-9,2.24761320666e-9,1.27630428448e-9,1.08174480484e-9,1.04530328837e-9,2.16723927693e-9,1.23707111221e-9,1.12457321233e-9,5.83899706363e-10,7.00444646728e-10,1.14530240847e-9,7.47279849111e-10,4.9187320883e-10,2.75615780199e-10,9.89747103719e-11,3.96097217525e-11,1.36606117043e-11,3.76562019413e-12,3.0028100232e-12,1.00688392086e-12,4.71026321246e-13,2.89085229821e-14,4.64965692088e-15,3.51982593056e-15,2.72189315391e-15,2.14621546988e-15,1.72930119456e-15],"max":[0.0363481529057,0.0430945828557,0.00979996565729,0.02501424402,0.012063100934,0.0318991020322,0.0282722823322,0.0353236235678,0.0363812372088,0.0326202064753,0.011188050732,0.0102369161323,0.00328646157868,0.00180020101834,0.000851846241858,0.000575214566197,0.000667346525006,0.000396476505557,0.000725158315618,0.0005398101639,0.000456634239526,0.00028244688292,0.000449930172181,0.00133349106181,0.000568304094486,0.000519105407875,0.000669170694891,0.00027345502167,0.000200398120796,0.000102545505797,0.0000372799950128,0.0000408349806094,0.000016620653696,0.0000123277422972,0.00000284367365566,5.96158713506e-7,5.1954606306e-7,4.54310736586e-7,3.99126804496e-7,3.52266738446e-7],"mean":[0.00194649980403,0.00239893700927,0.00080448074732,0.000522079819348,0.000473366875667,0.000425963924499,0.000231111043831,0.000257456063991,0.000413479981944,0.000469616963528,0.000181573923328,0.000120426564536,0.0000738541784813,0.0000417551636929,0.0000263329402515,0.0000164602734003,0.00001479196726,0.000014991606804,0.0000204056323128,0.0000182386283996,0.000017137013856,0.000010617274711,0.0000102998947114,0.00000972350062511,0.0000112448760774,0.00000859162355482,0.00000532010790266,0.00000348294383912,0.00000266621532319,0.00000151333870235,9.31867077725e-7,5.79106824716e-7,3.27526834099e-7,1.9639178106e-7,5.98690093057e-8,2.46372469093e-8,2.18467874902e-8,1.96684730724e-8,1.79378663034e-8,1.66112297251e-8],"median":[0.00107291596942,0.0013409802923,0.000510578043759,0.000200319977012,0.00015977039584,0.000133986279252,0.0000914978736546,0.000103853286419,0.0000935117059271,0.0000775892622187,0.0000463749238406,0.0000417877163272,0.0000343327556038,0.0000196474356926,0.0000119113174151,0.00000797475968284,0.00000603963462709,0.00000658636599837,0.00000847358296596,0.00000767455367168,0.00000532553076482,0.00000347417562807,0.00000242227497438,0.00000163870049619,0.00000196843552658,0.00000137468839512,6.70700217142e-7,4.19565623133e-7,3.34215513931e-7,2.0574714199e-7,1.23155487586e-7,8.16640763901e-8,5.63285205146e-8,3.8965755067e-8,1.9962433484e-8,9.16884257407e-9,8.42316616456e-9,7.82229481189e-9,7.36023952896e-9,7.0785315387e-9],"min":[9.65939076414e-25,7.79382051191e-25,4.84030654732e-25,1.59216121906e-24,1.0683059076e-24,2.2204919869e-24,1.69026839857e-24,2.05974047544e-24,2.08648325455e-24,2.8553565938e-24,2.46646473361e-24,2.17244621626e-24,3.54896412244e-24,2.03229166581e-24,3.77137990479e-24,3.93084616463e-24,1.54035701924e-24,3.31561196693e-24,3.9274509073e-24,3.59111611605e-24,4.13921903958e-24,4.07601944816e-24,3.81391765139e-24,4.88854578611e-24,4.27287929263e-24,3.61878620116e-24,4.87448276275e-24,4.81791275837e-24,5.5926467425e-24,4.87163734146e-24,3.69831403003e-24,6.04059785766e-24,5.69273504758e-24,5.55978476935e-24,5.72443423976e-24,6.14791410078e-24,5.91718254119e-24,6.18057846428e-24,6.28191948047e-24,5.49892138949e-24],"var":[0.00000822364017949,0.0000101368887044,8.21122966954e-7,0.00000142743976994,9.20721959119e-7,0.00000113801377211,4.46409330834e-7,5.83686698974e-7,0.00000174323395186,0.00000256808220911,2.73832654329e-7,1.36133891715e-7,1.81702741742e-8,4.03545907801e-9,1.80965020746e-9,6.70161093286e-10,7.05286495872e-10,6.19977513772e-10,1.45152423414e-9,9.91471793554e-10,9.88487180997e-10,4.10380007754e-10,5.21531207109e-10,1.0771503689e-9,7.77491515613e-10,4.83543816099e-10,2.56192012049e-10,1.33028435489e-10,4.80617420862e-11,1.42500091588e-11,4.97848724051e-12,2.54841742327e-12,7.16601799601e-13,2.68048875197e-13,1.49694438702e-14,1.90883956861e-15,1.45108485859e-15,1.13102117749e-15,8.99752383771e-16,7.33816988277e-16]},"melbands_crest":{"dmean":3.74722003937,"dmean2":6.25833320618,"dvar":9.89299583435,"dvar2":26.5761394501,"max":38.0270576477,"mean":15.1227464676,"median":14.7006444931,"min":1.65689492226,"var":27.4484767914},"melbands_flatness_db":{"dmean":0.0364929772913,"dmean2":0.057689126581,"dvar":0.00095588422846,"dvar2":0.00242587830871,"max":0.575984954834,"mean":0.279545247555,"median":0.280946433544,"min":0.00335778202862,"var":0.00536752818152},"melbands_kurtosis":{"dmean":7.15365552902,"dmean2":11.7467346191,"dvar":265.630432129,"dvar2":699.302246094,"max":887.014587402,"mean":11.4250574112,"median":6.10303592682,"min":-1.85058319569,"var":369.995666504},"melbands_skewness":{"dmean":0.844536602497,"dmean2":1.34023356438,"dvar":0.699638843536,"dvar2":1.72924399376,"max":25.4232654572,"mean":2.35704183578,"median":2.13047814369,"min":-3.28142309189,"var":2.98477888107},"melbands_spread":{"dmean":5.1918888092,"dmean2":8.12539482117,"dvar":39.5147094727,"dvar2":86.0250778198,"max":160.955581665,"mean":16.4528503418,"median":12.4159994125,"min":0.509275436401,"var":284.426147461},"mfcc":{"cov":[[10343.6806641,1388.78771973,-740.999511719,1851.82958984,-524.508850098,74.5883331299,204.187301636,17.2575263977,2.80396938324,-63.5864067078,90.6711196899,-260.777801514,9.84127902985],[1388.78771973,1647.46350098,195.005340576,-49.7655448914,105.960105896,-21.3283748627,43.1063652039,51.2196540833,35.351436615,25.510892868,-2.53383588791,4.53019094467,-1.54585289955],[-740.999511719,195.005340576,714.169921875,-346.220336914,169.073440552,-36.4688110352,-3.22451043129,20.4907569885,-27.0355834961,48.7561607361,-41.5137634277,55.2445602417,-16.6537723541],[1851.82958984,-49.7655448914,-346.220336914,944.068969727,-120.298141479,106.191329956,87.5038452148,-47.0837478638,-11.4853115082,-50.2088127136,52.1048431396,-80.5799407959,45.6730995178],[-524.508850098,105.960105896,169.073440552,-120.298141479,290.2578125,86.2021484375,44.8799476624,19.5992431641,-16.6884059906,6.35280179977,-20.8041172028,58.5672225952,5.55821561813],[74.5883331299,-21.3283748627,-36.4688110352,106.191329956,86.2021484375,186.056655884,54.5238189697,21.3556098938,-4.90009117126,-33.0371017456,8.64722824097,5.15955543518,31.9604072571],[204.187301636,43.1063652039,-3.22451043129,87.5038452148,44.8799476624,54.5238189697,135.182693481,38.4737854004,4.57718896866,5.8432598114,-13.0606832504,1.21551012993,-9.2954492569],[17.2575263977,51.2196540833,20.4907569885,-47.0837478638,19.5992431641,21.3556098938,38.4737854004,100.4090271,51.0211753845,8.3389043808,1.27680456638,-1.76783454418,-6.69934749603],[2.80396938324,35.351436615,-27.0355834961,-11.4853115082,-16.6884059906,-4.90009117126,4.57718896866,51.0211753845,101.547080994,48.3639373779,4.26628541946,1.15409946442,-9.97464179993],[-63.5864067078,25.510892868,48.7561607361,-50.2088127136,6.35280179977,-33.0371017456,5.8432598114,8.3389043808,48.3639373779,88.2843933105,25.4689807892,9.44643688202,-14.6445074081],[90.6711196899,-2.53383588791,-41.5137634277,52.1048431396,-20.8041172028,8.64722824097,-13.0606832504,1.27680456638,4.26628541946,25.4689807892,74.4324493408,25.6607666016,10.6146259308],[-260.777801514,4.53019094467,55.2445602417,-80.5799407959,58.5672225952,5.15955543518,1.21551012993,-1.76783454418,1.15409946442,9.44643688202,25.6607666016,83.7302322388,29.9068489075],[9.84127902985,-1.54585289955,-16.6537723541,45.6730995178,5.55821561813,31.9604072571,-9.2954492569,-6.69934749603,-9.97464179993,-14.6445074081,10.6146259308,29.9068489075,67.9596328735]],"icov":[[0.000232162667089,-0.000251667777775,0.000114296104584,-0.000536653562449,0.000510887766723,-0.000256730796536,0.000326357258018,-0.000708741252311,0.000842573354021,-0.000743519107345,0.000711493834388,-0.000537979183719,0.000492120394483],[-0.000251667777775,0.00095964060165,-0.000369324581698,0.000669261906296,-0.00106282881461,0.00088475755183,-0.000955605995841,0.00109264394268,-0.00182675977703,0.00163816462737,-0.00175297493115,0.00157246063463,-0.00116748153232],[0.000114296104584,-0.000369324581698,0.00242977007292,-0.000220017202082,0.0000312618467433,-0.000617057841737,0.00162653694861,-0.00256978534162,0.00387663114816,-0.00406295340508,0.00367679493502,-0.00267697963864,0.00127236428671],[-0.000536653562449,0.000669261906296,-0.000220017202082,0.00378859136254,-0.00181815016549,0.00139594182838,-0.00454155541956,0.0057059628889,-0.00573107181117,0.00580708310008,-0.00696307467297,0.00661641033366,-0.00448755687103],[0.000510887766723,-0.00106282881461,0.0000312618467433,-0.00181815016549,0.00900583248585,-0.00618028221652,0.00331008201465,-0.00549668213353,0.00814370345324,-0.00822887476534,0.00965803861618,-0.0103821121156,0.00569463660941],[-0.000256730796536,0.00088475755183,-0.000617057841737,0.00139594182838,-0.00618028221652,0.012524315156,-0.00714459270239,0.00491646165028,-0.00876021292061,0.0113953677937,-0.0111131239682,0.00988682452589,-0.0083544831723],[0.000326357258018,-0.000955605995841,0.00162653694861,-0.00454155541956,0.00331008201465,-0.00714459270239,0.0186055731028,-0.0141623653471,0.0144858378917,-0.0153969395906,0.0167548134923,-0.0139752784744,0.00996122695506],[-0.000708741252311,0.00109264394268,-0.00256978534162,0.0057059628889,-0.00549668213353,0.00491646165028,-0.0141623653471,0.0291499197483,-0.0250127017498,0.0204084794968,-0.0195955447853,0.0164426006377,-0.00871178507805],[0.000842573354021,-0.00182675977703,0.00387663114816,-0.00573107181117,0.00814370345324,-0.00876021292061,0.0144858378917,-0.0250127017498,0.0388255231082,-0.0311735067517,0.0250649172813,-0.020051619038,0.0114976428449],[-0.000743519107345,0.00163816462737,-0.00406295340508,0.00580708310008,-0.00822887476534,0.0113953677937,-0.0153969395906,0.0204084794968,-0.0311735067517,0.0419718958437,-0.0301335789263,0.0197319593281,-0.0090414416045],[0.000711493834388,-0.00175297493115,0.00367679493502,-0.00696307467297,0.00965803861618,-0.0111131239682,0.0167548134923,-0.0195955447853,0.0250649172813,-0.0301335789263,0.0435340330005,-0.0285389199853,0.013179063797],[-0.000537979183719,0.00157246063463,-0.00267697963864,0.00661641033366,-0.0103821121156,0.00988682452589,-0.0139752784744,0.0164426006377,-0.020051619038,0.0197319593281,-0.0285389199853,0.0397467054427,-0.0208048950881],[0.000492120394483,-0.00116748153232,0.00127236428671,-0.00448755687103,0.00569463660941,-0.0083544831723,0.00996122695506,-0.00871178507805,0.0114976428449,-0.0090414416045,0.013179063797,-0.0208048950881,0.0287477914244]],"mean":[-713.553039551,181.254074097,-19.6029033661,29.6819400787,0.192593991756,2.62157988548,2.61503005028,6.95787334442,11.0471534729,3.11908912659,2.58372282982,-2.02726817131,4.521920681]},"pitch_salience":{"dmean":0.0756813362241,"dmean2":0.124517261982,"dvar":0.00406757090241,"dvar2":0.0105107957497,"max":0.969654381275,"mean":0.535418987274,"median":0.543249428272,"min":0.0931826159358,"var":0.0124148000032},"silence_rate_20dB":{"dmean":0,"dmean2":0,"dvar":0,"dvar2":0,"max":1,"mean":1,"median":1,"min":1,"var":0},"silence_rate_30dB":{"dmean":0.0214602854103,"dmean2":0.0429258681834,"dvar":0.0209986623377,"dvar2":0.0521813482046,"max":1,"mean":0.979652225971,"median":1,"min":0,"var":0.0199331138283},"silence_rate_60dB":{"dmean":0.00148001976777,"dmean2":0.00296040461399,"dvar":0.00147771125194,"dvar2":0.00369244115427,"max":1,"mean":0.0709088668227,"median":0,"min":0,"var":0.0658878684044},"spectral_centroid":{"dmean":195.700134277,"dmean2":295.858795166,"dvar":61679.4257812,"dvar2":118354.9375,"max":11756.4902344,"mean":1083.61682129,"median":770.113891602,"min":138.587051392,"var":1376369.5},"spectral_complexity":{"dmean":3.54168725014,"dmean2":5.25595188141,"dvar":18.4265384674,"dvar2":32.5489234924,"max":62,"mean":16.1547660828,"median":14,"min":0,"var":114.235046387},"spectral_contrast_coeffs":{"dmean":[0.0501161031425,0.0518466085196,0.0429952591658,0.0295236185193,0.0271394010633,0.0408870354295],"dmean2":[0.0835293680429,0.0870159566402,0.0701036304235,0.0490782931447,0.0444323644042,0.0644774958491],"dvar":[0.00158361787908,0.00172333803494,0.00123210658785,0.000528584059794,0.000591287971474,0.0015591600677],"dvar2":[0.00437201280147,0.00465312087908,0.00315688038245,0.00146469473839,0.00157632713672,0.00366525631398],"max":[-0.362715125084,-0.42196187377,-0.446076750755,-0.654047250748,-0.557245194912,-0.4446618855],"mean":[-0.691291630268,-0.76288998127,-0.772979855537,-0.811732470989,-0.812570273876,-0.782304644585],"median":[-0.691370725632,-0.768527567387,-0.780361533165,-0.812535762787,-0.81009054184,-0.806872487068],"min":[-0.98340767622,-0.975205600262,-0.990122258663,-0.969220817089,-0.967891633511,-0.964298188686],"var":[0.00629917252809,0.00508345803246,0.00488268584013,0.00168921297882,0.00175054918509,0.00731519190595]},"spectral_contrast_valleys":{"dmean":[0.400469183922,0.364042371511,0.325195252895,0.325802862644,0.375826954842,0.666134953499],"dmean2":[0.660533249378,0.593656122684,0.510375678539,0.493684142828,0.554487943649,1.06728553772],"dvar":[0.111931338906,0.0937995538116,0.0838210731745,0.0986079797149,0.154395088553,0.294482767582],"dvar2":[0.279457420111,0.223031669855,0.177924931049,0.203007102013,0.32245850563,0.786076903343],"max":[-5.08249807358,-4.61355447769,-5.19882011414,-5.70203590393,-5.51192188263,-9.20903968811],"mean":[-7.29206037521,-6.79346466064,-7.41186857224,-8.01402568817,-8.31458759308,-11.5896244049],"median":[-6.81593704224,-6.39618349075,-7.02920007706,-7.70004892349,-8.01391601562,-11.2886714935],"min":[-28.358581543,-27.9806175232,-27.8550567627,-27.6555271149,-27.505399704,-27.3893508911],"var":[5.84104633331,5.66992330551,5.25093698502,4.91106081009,5.38611125946,3.73378705978]},"spectral_decrease":{"dmean":2.83796364187e-9,"dmean2":4.50814230391e-9,"dvar":1.723491025e-17,"dvar2":4.28591590645e-17,"max":5.56110046901e-9,"mean":-4.1861185629e-9,"median":-2.45501530216e-9,"min":-7.28100957303e-8,"var":3.16453328892e-17},"spectral_energy":{"dmean":0.0125430226326,"dmean2":0.01941934973,"dvar":0.000278500840068,"dvar2":0.000680751691107,"max":0.309276759624,"mean":0.0384253263474,"median":0.0336309820414,"min":9.88006737956e-21,"var":0.00077124586096},"spectral_energyband_high":{"dmean":0.000154756533448,"dmean2":0.000216253378312,"dvar":1.01140848585e-7,"dvar2":1.63963363775e-7,"max":0.00957510340959,"mean":0.000360309379175,"median":0.000147052196553,"min":7.17210908303e-21,"var":3.49704038172e-7},"spectral_energyband_low":{"dmean":0.00722355768085,"dmean2":0.0118934530765,"dvar":0.00013526242401,"dvar2":0.000352645030944,"max":0.19789300859,"mean":0.0125841526315,"median":0.00821941811591,"min":1.75974215576e-23,"var":0.000219848865527},"spectral_energyband_middle_high":{"dmean":0.00144263729453,"dmean2":0.00217549363151,"dvar":0.00000790066860645,"dvar2":0.0000176322737389,"max":0.0794287919998,"mean":0.00329598854296,"median":0.00190994190052,"min":1.243204195e-21,"var":0.0000200506638066},"spectral_energyband_middle_low":{"dmean":0.00559091893956,"dmean2":0.00864125229418,"dvar":0.000135572961881,"dvar2":0.000326438981574,"max":0.292330592871,"mean":0.0120610119775,"median":0.00660183420405,"min":1.3981968846e-22,"var":0.000266923831077},"spectral_entropy":{"dmean":0.211080342531,"dmean2":0.328254044056,"dvar":0.0419949926436,"dvar2":0.0986449718475,"max":9.82988071442,"mean":7.23453426361,"median":7.26296710968,"min":4.93487977982,"var":0.26740282774},"spectral_flux":{"dmean":0.0233648605645,"dmean2":0.0372707806528,"dvar":0.000674883893225,"dvar2":0.00156286568381,"max":0.442085832357,"mean":0.101690463722,"median":0.0983757227659,"min":6.44148831497e-11,"var":0.0023651055526},"spectral_kurtosis":{"dmean":7.67065525055,"dmean2":12.3787145615,"dvar":84.2224273682,"dvar2":225.119995117,"max":129.582061768,"mean":25.6323375702,"median":21.5184574127,"min":-1.26312041283,"var":196.454696655},"spectral_rms":{"dmean":0.000924055406358,"dmean2":0.00140133372042,"dvar":9.38449602472e-7,"dvar2":0.00000216872558667,"max":0.0173704754561,"mean":0.00565321044996,"median":0.00572806363925,"min":3.10468838138e-12,"var":0.0000055295013226},"spectral_rolloff":{"dmean":2651.08422852,"dmean2":5150.72119141,"dvar":41896692,"dvar2":106042024,"max":22050,"mean":19091.5761719,"median":21856.2011719,"min":43.06640625,"var":46081112},"spectral_skewness":{"dmean":0.545590937138,"dmean2":0.8592004776,"dvar":0.341192692518,"dvar2":0.865628540516,"max":8.9903459549,"mean":3.42243266106,"median":3.25519275665,"min":-0.0712729617953,"var":1.59697663784},"spectral_spread":{"dmean":535531.0625,"dmean2":868322.4375,"dvar":448855572480,"dvar2":1043699728380,"max":43269444,"mean":3823098.75,"median":3377044.5,"min":1344852.125,"var":14515453296600},"spectral_strongpeak":{"dmean":15.2276391983,"dmean2":28.0904769897,"dvar":884.888122559,"dvar2":2420.14697266,"max":260.182067871,"mean":13.7448921204,"median":0.597938299179,"min":0,"var":940.836608887},"zerocrossingrate":{"dmean":0.0453735999763,"dmean2":0.0571210160851,"dvar":0.00135384208988,"dvar2":0.00216744630598,"max":0.7607421875,"mean":0.3751116395,"median":0.3759765625,"min":0.05224609375,"var":0.0113466046751}},"metadata":{"audio_properties":{"analysis_sample_rate":44100,"bit_rate":128000,"codec":"mp3","downmix":"mix","equal_loudness":0,"length":188.265548706,"lossless":false,"md5_encoded":"d438aacaec92141ea2625bb79cbbed33","replay_gain":-9.49854850769,"sample_rate":44100},"tags":{"album":["Strange Days"],"albumartist":["The Doors"],"albumartistsort":["Doors, The"],"artist":["The Doors"],"artistsort":["Doors, The"],"asin":["B000002I27"],"catalognumber":["EKS 74014"],"date":["1967-10"],"file_name":"01 - The Doors - Strange Days.mp3","genre":["60S","The Doors","Psychedelic Rock","Rock","Psychedelic","Classic Rock"],"label":["Elektra"],"musicbrainz album release country":["US"],"musicbrainz album status":["official"],"musicbrainz album type":["album"],"musicbrainz_albumartistid":["9efff43b-3b29-4082-824e-bc82f646f93d"],"musicbrainz_albumid":["c8a31b83-ce83-4b58-9df7-416a8645946f"],"musicbrainz_artistid":["9efff43b-3b29-4082-824e-bc82f646f93d"],"musicbrainz_recordingid":["2bec9276-6da1-4a13-8839-149b009a57ff"],"title":["Strange Days"],"tracknumber":["1/10"]},"version":{"essentia":"2.1-beta1","essentia_build_sha":"81dca3489dfd3c4275b86ac4d56d870715677d3f","essentia_git_sha":"v2.1_beta1-28-g21ef5f4","extractor":"music 1.0"}},"rhythm":{"beats_count":380,"beats_loudness":{"dmean":0.0239721331745,"dmean2":0.0420830883086,"dvar":0.0005506206071,"dvar2":0.0017326871166,"max":0.163595989347,"mean":0.052198920399,"median":0.0490970425308,"min":0,"var":0.00080777722178},"beats_loudness_band_ratio":{"dmean":[0.187171876431,0.0830342844129,0.142620414495,0.0611644089222,0.0327040925622,0.104237042367],"dmean2":[0.3264336586,0.139818489552,0.239088311791,0.111149258912,0.0593603141606,0.175315976143],"dvar":[0.0297498609871,0.00985343009233,0.0315635874867,0.00734710833058,0.00225993944332,0.00744488369673],"dvar2":[0.0731884613633,0.0261458158493,0.0766575187445,0.020446466282,0.00665676221251,0.0221384875476],"max":[0.849982917309,0.658831238747,0.849721670151,0.608827531338,0.390350311995,0