{"lowlevel":{"average_loudness":0.94489979744,"barkbands":{"dmean":[0.0078546134755,0.0173361375928,0.00518443156034,0.000762168667279,0.000665774859954,0.000417605799157,0.000385638093576,0.000355787487933,0.000528458505869,0.000598461192567,0.000302471918985,0.00084734155098,0.00131500267889,0.000774225394707,0.000390395434806,0.00032628455665,0.000458578811958,0.000389145570807,0.000288624025416,0.000192046863958,0.000203571064048,0.000175601308001,0.0000695853668731,0.000017168944396,0.00000306892661683,0.0000665560655762,0.000490975508001],"dmean2":[0.0127422967926,0.0291209444404,0.00907778274268,0.00130301585887,0.00110462750308,0.000681586039718,0.000616745732259,0.000592170108575,0.000889767077751,0.000990737695247,0.000498808978591,0.00138572067954,0.0021454973612,0.00127746001817,0.000641786493361,0.00052571145352,0.000745228026062,0.000620072649326,0.000457526242826,0.000305088382447,0.000312557705911,0.000261745590251,0.000104828788608,0.0000261466466327,0.00000507936874783,0.00009786622104,0.000726057274733],"dvar":[0.000205572418054,0.000857459730469,0.0000816082319943,0.00000142146348026,0.00000182300493634,0.00000112310010536,0.00000211829137697,0.00000109302004603,0.0000014089398519,0.00000138876168876,3.98528442247e-7,0.00000274892727248,0.00000497051996717,0.00000110081441562,3.74441981421e-7,2.35699445739e-7,3.58265992872e-7,3.12639741651e-7,1.83427715683e-7,6.38100061678e-8,7.66746097725e-8,9.21425709066e-8,1.49444918662e-8,1.16272214079e-9,2.5989960184e-11,1.35510802579e-8,4.04306462087e-7],"dvar2":[0.000485982105602,0.00222040782683,0.000222417656914,0.00000379679067919,0.00000481579309053,0.00000279830487671,0.0000047318221732,0.00000282201540358,0.00000376739467356,0.00000351931271325,9.32487807859e-7,0.00000654211544315,0.0000118317502711,0.00000278048491964,9.61030764302e-7,5.81911535846e-7,9.14449799438e-7,7.433991982e-7,4.33382467691e-7,1.57172038939e-7,1.80350227197e-7,2.08527481504e-7,3.25260280931e-8,2.80292078436e-9,6.35110020131e-11,2.83305308102e-8,9.46284501424e-7],"max":[0.171826928854,0.333971589804,0.108298242092,0.0243473351002,0.0481216982007,0.0301353856921,0.0515651889145,0.0172272268683,0.0197899322957,0.0240740031004,0.0197963248938,0.0547247044742,0.0507856756449,0.0222643390298,0.0172574464232,0.012543220073,0.0107262711972,0.0103236846626,0.00850726291537,0.005692363251,0.00600776541978,0.00859197694808,0.00176310969982,0.0013431411935,0.0000662003294565,0.00283953920007,0.0196821596473],"mean":[0.00730680767447,0.0193201098591,0.00523137161508,0.000887415080797,0.000950884073973,0.000593935139477,0.000500590074807,0.000466535013402,0.000764237018302,0.000893149932381,0.000453101703897,0.00139054353349,0.00222896481864,0.0014062654227,0.000697308161762,0.00062801776221,0.000941047561355,0.000809940102044,0.000646500382572,0.000462811643956,0.000549606629647,0.000452278472949,0.000163201009855,0.0000345470143657,0.00000314562453241,0.000167476406205,0.00213277200237],"median":[0.00190889614169,0.00890208035707,0.00255252839997,0.000471391482279,0.000597189180553,0.000307109061396,0.000167082558619,0.000155391375301,0.000203631236218,0.00036214775173,0.000267328287009,0.000869254232384,0.00156061770394,0.00104240467772,0.000496476888657,0.000427298102295,0.000683331047185,0.000513489707373,0.000411329674534,0.000344978820067,0.000413882778957,0.00030911155045,0.000100101620774,0.0000208497149288,0.0000013457984096,0.00010611442849,0.00184229621664],"min":[6.60986226148e-14,2.12498408084e-14,9.66000588169e-15,1.43801478022e-14,4.57328165409e-15,2.62671057932e-15,7.16709305023e-15,7.68152749931e-15,7.78536272722e-15,1.02211821499e-14,6.77463134555e-15,1.41899363895e-14,1.17378268292e-14,4.45963016136e-15,3.4305508602e-14,1.58659554001e-14,5.64474953325e-15,1.43577844384e-14,8.17130651337e-15,2.93919890596e-14,1.34961418668e-14,5.03524732489e-14,5.9506490447e-14,1.10229906528e-13,1.22785719851e-13,1.69955155093e-13,2.92917166217e-13],"var":[0.000207274715649,0.000829210912343,0.0000677410716889,0.00000162598314546,0.00000186266299806,0.00000170490534401,0.00000359421073881,0.0000016147058659,0.00000260349952441,0.00000253871326095,5.52086987682e-7,0.00000460084402221,0.00000782141432865,0.0000018653039433,6.00674979978e-7,5.0787747341e-7,7.8033014006e-7,8.01393866823e-7,5.17898058661e-7,1.90004115552e-7,2.65495941676e-7,2.65319386017e-7,3.84566227751e-8,2.05236494466e-9,2.74776191383e-11,3.72986939112e-8,0.00000202198430088]},"barkbands_crest":{"dmean":3.36858534813,"dmean2":5.50969266891,"dvar":8.50789356232,"dvar2":21.0192260742,"max":26.9202270508,"mean":10.1802110672,"median":9.20300960541,"min":2.4409725666,"var":24.7349624634},"barkbands_flatness_db":{"dmean":0.0267545860261,"dmean2":0.0423659682274,"dvar":0.000660981691908,"dvar2":0.00154577149078,"max":0.505264043808,"mean":0.103994622827,"median":0.0924523621798,"min":0.0297851804644,"var":0.00266989413649},"barkbands_kurtosis":{"dmean":4.14089393616,"dmean2":6.48328495026,"dvar":234.500808716,"dvar2":351.221740723,"max":1346.65527344,"mean":7.61762046814,"median":0.338778376579,"min":-1.73774504662,"var":3722.09619141},"barkbands_skewness":{"dmean":0.760368168354,"dmean2":1.16294252872,"dvar":0.753838479519,"dvar2":1.59748983383,"max":36.0623435974,"mean":1.57423365116,"median":1.09438800812,"min":-1.54453206062,"var":5.75161218643},"barkbands_spread":{"dmean":12.4997358322,"dmean2":19.5811195374,"dvar":118.382637024,"dvar2":272.654022217,"max":115.720794678,"mean":50.9311904907,"median":52.1859779358,"min":0.40401288867,"var":369.334625244},"dissonance":{"dmean":0.00778598664328,"dmean2":0.01343658939,"dvar":0.0000727759033907,"dvar2":0.000200177397346,"max":0.500000059605,"mean":0.489237397909,"median":0.492409914732,"min":0.406868338585,"var":0.0000989817999653},"dynamic_complexity":1.79938960075,"erbbands":{"dmean":[0.82079833746,2.93833947182,6.22481679916,3.46813702583,2.21967720985,2.27655506134,2.22570180893,3.96266484261,5.90151786804,6.00971698761,7.29944086075,12.3499927521,16.5345306396,15.4311447144,15.4475536346,35.704044342,60.7030525208,40.5296363831,25.3354320526,17.6163024902,16.825302124,25.5127067566,21.2444038391,15.9546136856,12.9365911484,8.80766868591,8.69530963898,8.06786441803,6.92927312851,3.758893013,1.70017766953,0.605069458485,0.153214603662,0.0375448539853,0.022093584761,0.0382528342307,0.131750375032,0.187403574586,0.0465721972287,0.0108875343576],"dmean2":[1.3942283392,4.96031570435,10.7751874924,6.00125551224,3.68389868736,3.80352926254,3.63758301735,6.48669719696,9.49386787415,10.0045480728,11.9477748871,20.7536582947,27.1736106873,25.1038837433,25.4057788849,58.1733932495,99.1386795044,66.3712692261,41.7292785645,28.2555446625,26.8614273071,41.3585472107,33.7866630554,24.7596073151,20.4083805084,13.874417305,13.5984535217,12.3386039734,10.4359312057,5.60727024078,2.54056382179,0.910738050938,0.231569334865,0.0608840584755,0.0363356247544,0.0571331903338,0.190151944757,0.269612044096,0.0670125186443,0.0167302377522],"dvar":[2.6995036602,18.8607254028,100.315078735,31.4620304108,13.4289360046,33.1354255676,33.7078170776,109.613296509,551.217895508,274.906402588,296.230163574,914.014587402,1260.12121582,1038.41601562,1018.32293701,4669.53369141,12465.2646484,3188.50415039,1369.41357422,766.252197266,591.45526123,1133.88208008,873.867736816,649.696899414,338.855194092,135.837890625,129.59928894,138.680831909,145.794433594,44.6444625854,9.04653739929,1.52778434753,0.049249574542,0.00338065228425,0.00130023667589,0.00296300789341,0.0596019364893,0.0921930596232,0.00349766900763,0.000238830674789],"dvar2":[7.1344370842,49.259563446,272.680541992,85.1362762451,33.2380142212,91.0947341919,74.7988739014,283.088012695,1318.02807617,701.789306641,737.029418945,2497.71508789,3309.40820312,2393.84130859,2474.82641602,11123.2353516,29546.8515625,8157.03417969,3577.64038086,1818.00537109,1511.55065918,2877.88500977,2093.4597168,1478.05200195,796.742370605,329.36932373,314.899047852,314.238372803,339.427490234,98.6445236206,19.0100345612,3.56778240204,0.108261212707,0.00819667056203,0.00316707231104,0.00649133464321,0.128375574946,0.187645852566,0.00676062470302,0.000617074838374],"max":[15.8765535355,54.5078048706,113.861221313,67.5634078979,84.7299423218,209.783920288,207.767852783,307.37689209,579.167175293,426.007507324,260.885742188,438.167419434,564.907958984,868.227355957,901.424865723,2235.55371094,2668.29394531,1273.61425781,1015.94720459,853.023132324,532.462341309,568.067810059,547.717651367,651.257263184,372.372406006,290.658813477,220.882461548,222.314682007,288.113861084,153.620391846,52.9397087097,49.3008155823,5.03732395172,0.836737155914,0.481027960777,1.18876552582,7.79202032089,6.6406788826,1.41345882416,0.384277194738],"mean":[0.77257412672,3.52249217033,6.74773645401,4.09938097,3.10383582115,3.0677690506,3.18171906471,5.42411470413,7.6246304512,8.36887741089,9.94380950928,17.7581882477,24.8846359253,24.8350124359,26.6769180298,63.0211639404,104.735877991,79.0131912231,50.017036438,34.7737617493,36.4059410095,54.2212257385,46.7284355164,36.0796928406,29.0506210327,21.9515781403,22.6208782196,21.2112884521,17.4295730591,9.33565235138,4.01061534882,1.29521381855,0.312519878149,0.0506279245019,0.025363072753,0.0833464413881,0.33605119586,0.582452952862,0.190301924944,0.04997568205],"median":[0.238206490874,1.84049344063,3.74446153641,2.28799462318,1.93615007401,1.90428316593,1.76603364944,2.6630191803,2.46535873413,3.04090166092,3.90276861191,4.82306337357,8.11084938049,12.9921722412,17.6647624969,41.4830703735,71.859085083,60.0059051514,37.5980911255,24.7594985962,26.8146247864,39.7076034546,31.5945663452,21.5554084778,19.8270301819,16.2883262634,17.0702419281,15.5565757751,11.8786840439,5.97550868988,2.49795937538,0.764189243317,0.207019090652,0.030923275277,0.0128503702581,0.0564286932349,0.21634209156,0.403097987175,0.157710149884,0.0391426086426],"min":[1.61659954086e-12,1.72611664545e-12,7.29606652872e-12,3.61338632626e-11,3.09158601497e-11,9.21709410184e-12,1.59282986106e-11,2.56658791442e-11,1.06361724983e-10,9.75853356455e-11,1.57681409596e-10,1.75066502961e-10,3.97291116672e-10,2.16563517119e-10,3.58696322644e-10,6.17102424716e-10,6.54979459558e-10,2.05671216169e-10,8.13273559608e-10,2.05252526086e-9,6.47783160446e-10,4.18277551484e-10,7.5493211682e-10,3.44180628442e-10,6.4180905035e-10,1.70155733947e-9,6.97769453328e-10,6.44929498694e-10,2.44805531402e-9,1.14097431503e-9,1.61784130537e-9,2.37240804779e-9,1.90483206985e-9,1.36205668966e-9,8.31887836394e-10,6.05325289893e-10,3.21848325768e-10,1.22162238658e-10,5.1689697661e-11,3.86693021354e-12],"var":[2.16396522522,22.1528911591,89.2406463623,29.979642868,16.822429657,27.7130355835,51.7264404297,153.68460083,850.118103027,467.421142578,417.273193359,1563.18981934,2071.921875,2034.75341797,1449.1081543,7750.40332031,19800.8554688,5258.82958984,2393.54003906,1736.40649414,1216.08349609,2520.85253906,2267.24829102,1941.20422363,929.223510742,422.794799805,440.456054688,436.226837158,402.937469482,121.287376404,23.2867908478,2.94306135178,0.118366077542,0.00404939614236,0.0014140617568,0.00772082293406,0.152772158384,0.353632301092,0.0204356350005,0.00145546102431]},"erbbands_crest":{"dmean":2.1916615963,"dmean2":3.67258024216,"dvar":4.6148352623,"dvar2":11.8062610626,"max":30.7560272217,"mean":7.3307352066,"median":6.50219535828,"min":2.50196266174,"var":10.7804918289},"erbbands_flatness_db":{"dmean":0.0144366612658,"dmean2":0.0224689617753,"dvar":0.000151782660396,"dvar2":0.00034908845555,"max":0.284026324749,"mean":0.121259473264,"median":0.11865247786,"min":0.0306197740138,"var":0.00086579262279},"erbbands_kurtosis":{"dmean":0.818295240402,"dmean2":1.32857716084,"dvar":1.04744279385,"dvar2":2.58193922043,"max":24.8112220764,"mean":1.14632868767,"median":0.822600126266,"min":-1.50473642349,"var":2.7566113472},"erbbands_skewness":{"dmean":0.312178492546,"dmean2":0.500060319901,"dvar":0.0683513507247,"dvar2":0.172495111823,"max":2.09792470932,"mean":-0.320007354021,"median":-0.341233074665,"min":-2.50296354294,"var":0.290248662233},"erbbands_spread":{"dmean":6.3779964447,"dmean2":10.306312561,"dvar":36.781829834,"dvar2":92.0135421753,"max":100.612701416,"mean":30.4465179443,"median":28.9742107391,"min":2.69605302811,"var":130.367401123},"gfcc":{"cov":[[15627.2919922,1325.48779297,-487.396362305,176.285217285,372.688781738,-292.123748779,441.231323242,-473.374267578,74.4769363403,-238.556594849,-155.271484375,-62.5436210632,-329.33770752],[1325.48779297,651.276184082,-67.8783721924,-118.008766174,179.545303345,-52.7807312012,70.9663848877,-45.9265975952,37.743686676,-18.4279060364,29.1207332611,-59.7864112854,65.474609375],[-487.396362305,-67.8783721924,266.792144775,114.063652039,-38.8530273438,82.5620422363,-77.9953994751,45.9795265198,-28.6486968994,41.6776657104,30.6961402893,29.2821788788,-14.8577947617],[176.285217285,-118.008766174,114.063652039,242.240463257,62.6443710327,18.1730422974,19.9032287598,-5.58128547668,-22.6691913605,-3.80419397354,7.34135103226,30.2313671112,-40.1735305786],[372.688781738,179.545303345,-38.8530273438,62.6443710327,228.405761719,14.0980367661,60.079120636,-34.8225631714,-8.83244037628,-32.0825080872,33.4111557007,-6.63951253891,32.1075363159],[-292.123748779,-52.7807312012,82.5620422363,18.1730422974,14.0980367661,126.598266602,-6.16357183456,43.3561515808,-14.1095905304,8.48685741425,9.27928447723,9.49026012421,10.9948234558],[441.231323242,70.9663848877,-77.9953994751,19.9032287598,60.079120636,-6.16357183456,149.842529297,-1.45223701,40.7572631836,-17.7108478546,-27.8440113068,-6.94996118546,-4.51558971405],[-473.374267578,-45.9265975952,45.9795265198,-5.58128547668,-34.8225631714,43.3561515808,-1.45223701,111.982528687,21.8260383606,26.4054164886,-6.192029953,-16.7546749115,17.9646453857],[74.4769363403,37.743686676,-28.6486968994,-22.6691913605,-8.83244037628,-14.1095905304,40.7572631836,21.8260383606,81.1854248047,29.53099823,-5.17253780365,-2.98238277435,-9.28798866272],[-238.556594849,-18.4279060364,41.6776657104,-3.80419397354,-32.0825080872,8.48685741425,-17.7108478546,26.4054164886,29.53099823,65.8156509399,27.2384853363,5.06620454788,4.57693243027],[-155.271484375,29.1207332611,30.6961402893,7.34135103226,33.4111557007,9.27928447723,-27.8440113068,-6.192029953,-5.17253780365,27.2384853363,76.3729476929,31.4281787872,16.9745311737],[-62.5436210632,-59.7864112854,29.2821788788,30.2313671112,-6.63951253891,9.49026012421,-6.94996118546,-16.7546749115,-2.98238277435,5.06620454788,31.4281787872,65.6685638428,7.0796751976],[-329.33770752,65.474609375,-14.8577947617,-40.1735305786,32.1075363159,10.9948234558,-4.51558971405,17.9646453857,-9.28798866272,4.57693243027,16.9745311737,7.0796751976,85.3779678345]],"icov":[[0.000142016360769,-0.000614537741058,0.000614276446868,-0.000519327644724,0.000272188975941,-0.000309851631755,0.000106943363789,0.0000741223775549,0.000324196298607,-0.000259024760453,0.00048748505651,-0.000642974686343,0.000814779254142],[-0.000614537741058,0.00713491346687,-0.00686980923638,0.00609341822565,-0.00440046796575,0.00430090166628,-0.00307025806978,0.00219241739251,-0.00438143312931,0.00387493241578,-0.00488925585523,0.00783138908446,-0.00605487078428],[0.000614276446868,-0.00686980923638,0.0163961779326,-0.0106081245467,0.00569908460602,-0.00884214695543,0.0069287950173,-0.00354594085366,0.00540879601613,-0.00742121599615,0.00408888142556,-0.00825008098036,0.00646508065984],[-0.000519327644724,0.00609341822565,-0.0106081245467,0.0150096733123,-0.00927736982703,0.0071383244358,-0.00503687979653,-0.000694025307894,0.00117563584354,0.0000328239802911,0.000659788958728,-0.000179062102688,0.000999430660158],[0.000272188975941,-0.00440046796575,0.00569908460602,-0.00927736982703,0.0148013504222,-0.00651605660096,-0.000913056428544,0.00342342979275,-0.00182747957297,0.00626718252897,-0.00854991935194,0.0051223966293,-0.00370441749692],[-0.000309851631755,0.00430090166628,-0.00884214695543,0.0071383244358,-0.00651605660096,0.0159431174397,-0.00391734344885,-0.00411234237254,0.00184190447908,0.000771497841924,-0.000114940594358,0.0000851595104905,-0.0014431560412],[0.000106943363789,-0.00307025806978,0.0069287950173,-0.00503687979653,-0.000913056428544,-0.00391734344885,0.0143614178523,-0.00229250243865,-0.00411570491269,-0.00105693435762,0.00694059068337,-0.00574092753232,0.00239762174897],[0.0000741223775549,0.00219241739251,-0.00354594085366,-0.000694025307894,0.00342342979275,-0.00411234237254,-0.00229250243865,0.0180415697396,-0.00821533985436,0.00240673986264,-0.0038618016988,0.0114436652511,-0.00821819901466],[0.000324196298607,-0.00438143312931,0.00540879601613,0.00117563584354,-0.00182747957297,0.00184190447908,-0.00411570491269,-0.00821533985436,0.0292432233691,-0.019468896091,0.0101502211764,-0.012866073288,0.0113398237154],[-0.000259024760453,0.00387493241578,-0.00742121599615,0.0000328239802911,0.00626718252897,0.000771497841924,-0.00105693435762,0.00240673986264,-0.019468896091,0.0387788638473,-0.021225804463,0.0149038825184,-0.00947794225067],[0.00048748505651,-0.00488925585523,0.00408888142556,0.000659788958728,-0.00854991935194,-0.000114940594358,0.00694059068337,-0.0038618016988,0.0101502211764,-0.021225804463,0.0362970419228,-0.0233504530042,0.00802358146757],[-0.000642974686343,0.00783138908446,-0.00825008098036,-0.000179062102688,0.0051223966293,0.0000851595104905,-0.00574092753232,0.0114436652511,-0.012866073288,0.0149038825184,-0.0233504530042,0.039434581995,-0.0154809085652],[0.000814779254142,-0.00605487078428,0.00646508065984,0.000999430660158,-0.00370441749692,-0.0014431560412,0.00239762174897,-0.00821819901466,0.0113398237154,-0.00947794225067,0.00802358146757,-0.0154809085652,0.0259594302624]],"mean":[44.0486335754,45.6597633362,-103.015281677,16.5263118744,4.4657034874,-5.53936958313,17.4875240326,-25.1365966797,3.49718952179,-4.49424791336,-6.2161488533,6.6804599762,-19.6944217682]},"hfc":{"dmean":53.0944976807,"dmean2":84.3765106201,"dvar":3542.24047852,"dvar2":8841.86035156,"max":1082.26330566,"mean":207.892868042,"median":182.99432373,"min":1.15828813207e-8,"var":13141.8183594},"melbands":{"dmean":[0.0060892496258,0.00327915721573,0.00057286611991,0.000164751152624,0.0000773882857175,0.0000882380700205,0.0000849044881761,0.000070276997576,0.000065663451096,0.0000805504023447,0.000084512437752,0.0000664064646116,0.0000455979970866,0.0000870434741955,0.000120401833556,0.00012939334556,0.0000775829030317,0.0000484591982968,0.0000283243298327,0.0000238324719248,0.0000214044684981,0.0000298485610983,0.0000242943460762,0.0000186462639249,0.000013885757653,0.0000115187867777,0.00000793121762399,0.00000619486718278,0.0000060907605075,0.0000055469158724,0.00000514891189596,0.00000453019902125,0.00000319551554639,0.00000200548038265,0.00000117616048101,6.18398303232e-7,3.00202344761e-7,1.26270506939e-7,4.75641392939e-8,2.79944547543e-8],"dmean2":[0.010098433122,0.00557650346309,0.000985278282315,0.000272682053037,0.00012765172869,0.000143060227856,0.00013625191059,0.000117244388093,0.000107175859739,0.000135626440169,0.000139104013215,0.000108449421532,0.0000753349813749,0.000142730074003,0.000197020839551,0.000213340463233,0.00012833038636,0.0000807698597782,0.0000465498123958,0.0000383108126698,0.0000346200504282,0.0000487535362481,0.0000393035552406,0.0000298288432532,0.0000220753736357,0.0000183009051398,0.0000126834756884,0.00000998605992208,0.00000974153408606,0.00000865802667249,0.00000798391374701,0.00000700011605659,0.00000490779166284,0.00000309091046802,0.00000179570304226,9.47665853346e-7,4.64809403411e-7,1.94042897306e-7,7.53756594918e-8,4.64309088954e-8],"dvar":[0.000125126258354,0.0000206593776966,8.02240037956e-7,1.18702871532e-7,3.19172386298e-8,5.19076266414e-8,1.10664927888e-7,4.3515100856e-8,2.41870896645e-8,3.69879238349e-8,3.2243917758e-8,2.01177510206e-8,9.84978587582e-9,2.50525769019e-8,4.90678750964e-8,4.40845582261e-8,1.20429399786e-8,4.93544227709e-9,2.19663109924e-9,1.33125166446e-9,1.02942510072e-9,1.74581815671e-9,1.04674802159e-9,8.05700006712e-10,5.02507035982e-10,2.87748908034e-10,1.19881660154e-10,6.62434065934e-11,6.60435386934e-11,6.10178643723e-11,6.02062011357e-11,6.42196018585e-11,3.15990705824e-11,1.24990538752e-11,4.37095975733e-12,1.20464846865e-12,4.27841274778e-13,3.37372477502e-14,4.06356179039e-15,2.20340332284e-15],"dvar2":[0.000321403989801,0.0000554926009499,0.00000215275645132,3.13711780109e-7,7.32569347406e-8,1.34480259817e-7,2.60398081764e-7,1.13267873303e-7,5.97037299599e-8,1.01841415301e-7,8.48089172223e-8,4.63162308506e-8,2.34005383959e-8,6.07583245937e-8,1.13856856387e-7,1.06455914306e-7,3.10226297984e-8,1.2977323216e-8,5.6280509142e-9,3.18961812518e-9,2.77802558735e-9,4.51422454972e-9,2.63116195498e-9,1.90087146024e-9,1.18113174796e-9,6.95423774122e-10,3.00816455079e-10,1.62621319189e-10,1.6522135049e-10,1.51010412508e-10,1.40600170395e-10,1.5709439305e-10,7.17114076454e-11,2.91940603636e-11,9.68059660211e-12,2.6567882009e-12,1.07591800053e-12,7.67024586749e-14,9.74383334434e-15,5.38529148304e-15],"max":[0.11322363466,0.0520711392164,0.0108588077128,0.0131286792457,0.00569372763857,0.00690338248387,0.0102480053902,0.00381545047276,0.00281614460982,0.00262133893557,0.0027205045335,0.00387971382588,0.00319703901187,0.00499771814793,0.00732736894861,0.0042981938459,0.00265290169045,0.00168413657229,0.00113686569966,0.00107346393634,0.000751553976443,0.000748979160562,0.000629873364232,0.000575185229536,0.000553146935999,0.00034617682104,0.000182654024684,0.000210505750147,0.000170279512531,0.000190132821444,0.000162217576872,0.0002185900521,0.000165994177223,0.0000528843484062,0.0000313981799991,0.0000258325453615,0.0000286515969492,0.00000324436200572,0.00000107378377834,6.12062024175e-7],"mean":[0.00648061512038,0.00396707560867,0.000712200650014,0.000233118131291,0.000112983143481,0.000123109217384,0.000111114946776,0.0000957411757554,0.0000847172850627,0.00011441737297,0.000124370504636,0.00010252573702,0.0000729599923943,0.000140885720612,0.000204607000342,0.000217668464757,0.000139095514896,0.0000870839867275,0.0000492575381941,0.0000434721514466,0.0000421193944931,0.0000575031881453,0.0000490957318107,0.0000366787171515,0.0000283839181066,0.0000238034899667,0.0000165807850863,0.0000140431193358,0.0000142075268741,0.0000131242350108,0.0000120876766232,0.000010488859516,0.00000732614626031,0.00000440239773525,0.00000254028282143,0.00000127421355955,5.78727338052e-7,2.42914126147e-7,7.70807986328e-8,2.78809118015e-8],"median":[0.00256695901044,0.00236525200307,0.000426658632932,0.000144030884258,0.0000661938174744,0.0000604630040471,0.0000366087151633,0.0000324895881931,0.0000314698991133,0.0000291381547868,0.0000398370357289,0.0000500122696394,0.0000453948159702,0.0000909458467504,0.000134284491651,0.000154292880325,0.000102488411358,0.0000637099874439,0.0000339008183801,0.0000282738401438,0.0000301673644572,0.0000403092890338,0.0000342346575053,0.0000214057363337,0.000016511992726,0.0000150106016008,0.0000115458142318,0.0000103026650322,0.0000105469016489,0.00000958005512075,0.00000855182952364,0.00000700330383552,0.00000473492718811,0.00000268778717327,0.00000155021780301,7.51795084852e-7,3.36541745583e-7,1.60356705692e-7,5.19450651382e-8,1.1176197745e-8],"min":[1.32912022452e-14,3.08268874362e-15,6.2561307148e-15,1.22588240896e-15,5.27882897069e-16,6.17220838445e-16,1.58149182769e-15,1.2587696278e-15,1.12095620262e-15,1.21096531172e-15,1.94858595439e-15,7.99934421376e-16,1.01573385238e-15,1.32903725765e-15,1.87107629873e-15,9.97216971e-16,2.87044033943e-16,9.55902938998e-16,2.80399224584e-15,2.03801357538e-15,5.01525349333e-16,3.37752984819e-16,8.28071426516e-16,4.81115031678e-16,2.30446536487e-16,3.85738036556e-16,6.88153230332e-16,1.20453950803e-15,4.52692152918e-16,2.29983685921e-16,3.17612023641e-16,1.62986947919e-15,6.22091119073e-16,6.81597671777e-16,8.33223080901e-16,1.1917210408e-15,1.67854507454e-15,1.43104437669e-15,1.29742387047e-15,1.06712503536e-15],"var":[0.000114286202006,0.0000222385642701,7.90550132024e-7,1.18969147422e-7,4.73505394893e-8,7.5137073452e-8,1.79510180942e-7,7.01266671399e-8,3.12516625911e-8,6.48138254178e-8,5.31752988309e-8,3.97865136392e-8,1.32019222221e-8,4.18188967899e-8,8.11926668121e-8,6.93338222391e-8,1.8674493063e-8,8.19197243374e-9,3.41960459949e-9,2.99844860052e-9,1.86487758569e-9,3.30878457966e-9,2.39035324867e-9,1.93795002268e-9,1.35700339854e-9,7.15696668596e-10,2.93173041399e-10,1.82734286036e-10,1.91297269692e-10,1.62311025731e-10,1.6329707031e-10,1.53613899379e-10,8.1771367455e-11,2.91917948148e-11,9.97582919049e-12,2.72538957548e-12,6.47597698123e-13,7.4674451735e-14,6.92226114144e-15,2.30697321767e-15]},"melbands_crest":{"dmean":5.66019964218,"dmean2":9.08933830261,"dvar":21.0289497375,"dvar2":52.0777702332,"max":39.9352073669,"mean":18.6679592133,"median":18.2231140137,"min":3.26886892319,"var":51.4999961853},"melbands_flatness_db":{"dmean":0.0390822999179,"dmean2":0.0615915060043,"dvar":0.00113882415462,"dvar2":0.00276745064184,"max":0.47931432724,"mean":0.189967900515,"median":0.181419879198,"min":0.0305316783488,"var":0.00386722455733},"melbands_kurtosis":{"dmean":11.2312822342,"dmean2":18.2658081055,"dvar":776.555786133,"dvar2":1592.30834961,"max":1817.92321777,"mean":17.4497203827,"median":4.55990505219,"min":-1.73086309433,"var":7104.17675781},"melbands_skewness":{"dmean":1.22854244709,"dmean2":1.9187694788,"dvar":1.70442903042,"dvar2":4.01311635971,"max":40.7369003296,"mean":2.81473827362,"median":2.23685336113,"min":-2.01099133492,"var":8.58325958252},"melbands_spread":{"dmean":13.316488266,"dmean2":21.0828723907,"dvar":147.118041992,"dvar2":352.882019043,"max":167.046401978,"mean":35.8681488037,"median":34.3754768372,"min":0.450447022915,"var":425.973876953},"mfcc":{"cov":[[7466.25585938,822.381835938,-476.411682129,541.12310791,-223.094116211,431.950042725,-70.7799224854,250.433959961,-99.79737854,92.9656219482,-11.1419372559,83.3129348755,-135.10295105],[822.381835938,758.27355957,-209.602783203,-8.6443567276,36.3130149841,44.3652381897,41.4039497375,-29.3179225922,67.8515319824,-28.6693897247,45.6230278015,9.32633209229,19.7727603912],[-476.411682129,-209.602783203,357.477661133,-35.4579582214,51.8848075867,-37.7611923218,-10.3134288788,-15.966252327,-36.8002891541,18.9829673767,9.55283355713,10.8926544189,16.4387340546],[541.12310791,-8.6443567276,-35.4579582214,253.491836548,20.0346546173,78.0387878418,21.5505256653,42.8454666138,-29.0489959717,9.47720336914,-4.76360750198,3.12286496162,-0.522226154804],[-223.094116211,36.3130149841,51.8848075867,20.0346546173,182.028442383,13.8018360138,67.2473144531,-12.6167573929,-14.2202997208,-35.143081665,6.75283098221,-0.68777859211,39.7224388123],[431.950042725,44.3652381897,-37.7611923218,78.0387878418,13.8018360138,129.841659546,25.8943214417,46.4472808838,-21.9742259979,4.2843413353,-15.3077745438,14.2706108093,-2.66895985603],[-70.7799224854,41.4039497375,-10.3134288788,21.5505256653,67.2473144531,25.8943214417,108.227828979,18.30509758,24.5192584991,-17.2262916565,4.96720933914,-12.3979921341,15.8641996384],[250.433959961,-29.3179225922,-15.966252327,42.8454666138,-12.6167573929,46.4472808838,18.30509758,91.9541473389,6.9184679985,26.8710155487,-13.625169754,6.67919826508,-20.3301467896],[-99.79737854,67.8515319824,-36.8002891541,-29.0489959717,-14.2202997208,-21.9742259979,24.5192584991,6.9184679985,117.04460907,26.0219230652,27.2523651123,-15.3342847824,-7.08928108215],[92.9656219482,-28.6693897247,18.9829673767,9.47720336914,-35.143081665,4.2843413353,-17.2262916565,26.8710155487,26.0219230652,79.8685836792,19.0500278473,13.4953584671,-19.5304031372],[-11.1419372559,45.6230278015,9.55283355713,-4.76360750198,6.75283098221,-15.3077745438,4.96720933914,-13.625169754,27.2523651123,19.0500278473,59.8175048828,15.7204971313,12.1497898102],[83.3129348755,9.32633209229,10.8926544189,3.12286496162,-0.68777859211,14.2706108093,-12.3979921341,6.67919826508,-15.3342847824,13.4953584671,15.7204971313,53.7396430969,16.6371841431],[-135.10295105,19.7727603912,16.4387340546,-0.522226154804,39.7224388123,-2.66895985603,15.8641996384,-20.3301467896,-7.08928108215,-19.5304031372,12.1497898102,16.6371841431,62.5719604492]],"icov":[[0.000255506398389,-0.000308890477754,0.0000562478307984,-0.000367387314327,0.000268543342827,-0.000395470793592,0.000229989309446,-0.000383372651413,0.00031182586099,-0.0000202496794373,-0.00017676668358,-0.0000851084550959,0.000347188324668],[-0.000308890477754,0.00230230600573,0.00100541359279,0.000726441678125,-0.000850094889756,-0.000581965898164,-0.000235187340877,0.00133010174613,-0.00130707351491,0.000720336218365,-0.00112800800707,-0.000390202185372,-0.000246393552516],[0.0000562478307984,0.00100541359279,0.00410547899082,0.000598253158387,-0.00160360801965,0.000482989125885,0.000275918631814,0.000277136656223,0.00132964970544,-0.00183470046613,-0.000952043803409,0.0000100908791865,-0.000450978928711],[-0.000367387314327,0.000726441678125,0.000598253158387,0.00583585212007,-0.000935119576752,-0.00203610491008,-0.000399964133976,-0.000812128710095,0.00123147410341,-0.000949834415223,-0.00132925191429,0.00186509336345,-0.0011816881597],[0.000268543342827,-0.000850094889756,-0.00160360801965,-0.000935119576752,0.00954054389149,-0.000618221587501,-0.00495576439425,0.000392422283767,0.00167740741745,0.00186650292017,-0.000750014267396,0.000233058904996,-0.00258076540194],[-0.000395470793592,-0.000581965898164,0.000482989125885,-0.00203610491008,-0.000618221587501,0.0136567698792,-0.00297243217938,-0.00360615272075,0.00194886012468,-0.00098556978628,0.00344136194326,-0.0032988730818,-0.000134842848638],[0.000229989309446,-0.000235187340877,0.000275918631814,-0.000399964133976,-0.00495576439425,-0.00297243217938,0.0165170654655,-0.00482662254944,-0.00372622720897,0.00332896737382,-0.00256713945419,0.00434606475756,-0.00228173425421],[-0.000383372651413,0.00133010174613,0.000277136656223,-0.000812128710095,0.000392422283767,-0.00360615272075,-0.00482662254944,0.0193521492183,-0.0025759076234,-0.00501378206536,0.00581508781761,-0.00462456094101,0.0040244939737],[0.00031182586099,-0.00130707351491,0.00132964970544,0.00123147410341,0.00167740741745,0.00194886012468,-0.00372622720897,-0.0025759076234,0.0149840824306,-0.00524215679616,-0.0055928369984,0.00575241399929,-0.000508743862156],[-0.0000202496794373,0.000720336218365,-0.00183470046613,-0.000949834415223,0.00186650292017,-0.00098556978628,0.00332896737382,-0.00501378206536,-0.00524215679616,0.0220374278724,-0.0066926991567,-0.00471530249342,0.005340593867],[-0.00017676668358,-0.00112800800707,-0.000952043803409,-0.00132925191429,-0.000750014267396,0.00344136194326,-0.00256713945419,0.00581508781761,-0.0055928369984,-0.0066926991567,0.0275521315634,-0.00873913802207,-0.00237191631459],[-0.0000851084550959,-0.000390202185372,0.0000100908791865,0.00186509336345,0.000233058904996,-0.0032988730818,0.00434606475756,-0.00462456094101,0.00575241399929,-0.00471530249342,-0.00873913802207,0.0296124238521,-0.00993738975376],[0.000347188324668,-0.000246393552516,-0.000450978928711,-0.0011816881597,-0.00258076540194,-0.000134842848638,-0.00228173425421,0.0040244939737,-0.000508743862156,0.005340593867,-0.00237191631459,-0.00993738975376,0.0251485016197]],"mean":[-613.17590332,111.004272461,-36.9124565125,42.7307167053,-1.70572912693,42.8304481506,4.76039648056,19.1813640594,-2.58132243156,6.6683344841,6.25668621063,11.1373090744,-2.74640417099]},"pitch_salience":{"dmean":0.0967713519931,"dmean2":0.155822843313,"dvar":0.0072998967953,"dvar2":0.0177583862096,"max":0.811105310917,"mean":0.512099981308,"median":0.536571383476,"min":0.0058981156908,"var":0.0191019587219},"silence_rate_20dB":{"dmean":0,"dmean2":0,"dvar":0,"dvar2":0,"max":1,"mean":1,"median":1,"min":1,"var":0},"silence_rate_30dB":{"dmean":0.114906385541,"dmean2":0.229845628142,"dvar":0.101700253785,"dvar2":0.21648183465,"max":1,"mean":0.894541323185,"median":1,"min":0,"var":0.094330817461},"silence_rate_60dB":{"dmean":0.000285836780677,"dmean2":0.000571755284909,"dvar":0.00028573430609,"dvar2":0.000571448821574,"max":1,"mean":0.0244355536997,"median":0,"min":0,"var":0.0238383561373},"spectral_centroid":{"dmean":256.292175293,"dmean2":405.18460083,"dvar":51028.515625,"dvar2":120677.351562,"max":4047.40112305,"mean":2147.12817383,"median":2120.77734375,"min":532.959777832,"var":267482.3125},"spectral_complexity":{"dmean":4.85579538345,"dmean2":7.06146383286,"dvar":19.5026721954,"dvar2":35.0621490479,"max":61,"mean":33.8313789368,"median":34,"min":0,"var":136.404953003},"spectral_contrast_coeffs":{"dmean":[0.0568519756198,0.0493744201958,0.0394455567002,0.0291674118489,0.0189747177064,0.0298498850316],"dmean2":[0.0951185747981,0.0823925212026,0.0668772161007,0.0492169521749,0.0317417308688,0.0469464473426],"dvar":[0.00201480300166,0.00157105806284,0.000994912232272,0.000511709367856,0.000227277647355,0.000694256450515],"dvar2":[0.00556062581018,0.00422455603257,0.00276091042906,0.00142829422839,0.000627734523732,0.00167001795489],"max":[-0.450902312994,-0.519928276539,-0.545448005199,-0.616028487682,-0.628624796867,-0.472949564457],"mean":[-0.71579426527,-0.79538422823,-0.802764713764,-0.796732962132,-0.801233291626,-0.639713823795],"median":[-0.717642426491,-0.80445587635,-0.807267785072,-0.797847032547,-0.801393568516,-0.629956126213],"min":[-0.940521895885,-0.96269017458,-0.962784826756,-0.946527063847,-0.944185137749,-0.937232494354],"var":[0.00443418417126,0.00417640153319,0.00264244782738,0.00148671970237,0.000920575752389,0.00391321722418]},"spectral_contrast_valleys":{"dmean":[0.422279328108,0.385173588991,0.29416897893,0.240076467395,0.197821125388,0.371210575104],"dmean2":[0.672223508358,0.629807651043,0.474271923304,0.383516550064,0.300786525011,0.566748201847],"dvar":[0.107159405947,0.093011520803,0.0527111776173,0.042334433645,0.0389977917075,0.114039227366],"dvar2":[0.26738640666,0.237457677722,0.13109973073,0.0953648090363,0.0754114314914,0.273973613977],"max":[-4.95293426514,-5.12044668198,-5.24657344818,-5.28935909271,-5.28402709961,-8.95685005188],"mean":[-6.88554048538,-6.96415138245,-6.88466978073,-6.72612190247,-6.78026247025,-10.6520032883],"median":[-6.70862436295,-6.79876804352,-6.70798873901,-6.5478925705,-6.60383224487,-10.4874277115],"min":[-18.4325847626,-18.7958202362,-18.5252170563,-18.6351585388,-18.4234638214,-19.5244121552],"var":[2.01518392563,1.52602744102,1.52486228943,1.50551998615,1.42568647861,0.976531863213]},"spectral_decrease":{"dmean":7.190284812e-9,"dmean2":1.14240608085e-8,"dvar":1.03017245541e-16,"dvar2":2.54042889164e-16,"max":3.79282250051e-9,"mean":-9.9490611305e-9,"median":-6.45944941979e-9,"min":-1.038287607e-7,"var":1.18281440995e-16},"spectral_energy":{"dmean":0.0279780793935,"dmean2":0.0441887304187,"dvar":0.00151296239346,"dvar2":0.00371670280583,"max":0.406732320786,"mean":0.0564065612853,"median":0.0442448630929,"min":1.14439924551e-12,"var":0.0018940201262},"spectral_energyband_high":{"dmean":0.000747448415495,"dmean2":0.00104450818617,"dvar":9.57993847805e-7,"dvar2":0.00000182634209978,"max":0.0197990257293,"mean":0.00317056803033,"median":0.0026138657704,"min":8.16962979471e-13,"var":0.00000523148037246},"spectral_energyband_low":{"dmean":0.0248961932957,"dmean2":0.0406233780086,"dvar":0.00139818375465,"dvar2":0.00350360013545,"max":0.382865905762,"mean":0.0301022771746,"median":0.01615748927,"min":6.9393513017e-14,"var":0.00148688617628},"spectral_energyband_middle_high":{"dmean":0.00313094700687,"dmean2":0.00472529418766,"dvar":0.0000145619142131,"dvar2":0.0000316346122418,"max":0.0676987990737,"mean":0.0101784467697,"median":0.00880878418684,"min":1.37496364663e-13,"var":0.0000473664185847},"spectral_energyband_middle_low":{"dmean":0.00223559397273,"dmean2":0.00365916499868,"dvar":0.00000879396793607,"dvar2":0.0000221963164222,"max":0.0547170378268,"mean":0.00444939313456,"median":0.00324032036588,"min":5.01137793643e-14,"var":0.0000163710283232},"spectral_entropy":{"dmean":0.0724815651774,"dmean2":0.114899814129,"dvar":0.00393677130342,"dvar2":0.00927839055657,"max":8.9073343277,"mean":7.9816904068,"median":7.98463249207,"min":6.99794149399,"var":0.0327723436058},"spectral_flux":{"dmean":0.0420075505972,"dmean2":0.0673123821616,"dvar":0.00231353775598,"dvar2":0.00471488805488,"max":0.49804905057,"mean":0.147820815444,"median":0.134147942066,"min":0.0000220153924602,"var":0.00436134357005},"spectral_kurtosis":{"dmean":1.68796241283,"dmean2":2.59857702255,"dvar":3.692704916,"dvar2":8.14738464355,"max":49.0968132019,"mean":13.1035175323,"median":12.0351791382,"min":1.82222747803,"var":31.3507728577},"spectral_rms":{"dmean":0.00162594602443,"dmean2":0.00246801204048,"dvar":0.00000319527657666,"dvar2":0.0000073229298323,"max":0.0199201405048,"mean":0.00695249438286,"median":0.00657006213441,"min":3.34138761104e-8,"var":0.00000669359178573},"spectral_rolloff":{"dmean":5738.35693359,"dmean2":10452.0126953,"dvar":51137432,"dvar2":104301696,"max":22050,"mean":13179.640625,"median":18410.8886719,"min":21.533203125,"var":76089616},"spectral_skewness":{"dmean":0.163995802402,"dmean2":0.24788030982,"dvar":0.0269793309271,"dvar2":0.0562194362283,"max":5.17807912827,"mean":2.27465748787,"median":2.1752269268,"min":1.09050393105,"var":0.281003832817},"spectral_spread":{"dmean":318699.1875,"dmean2":503374.96875,"dvar":77207904256,"dvar2":188568944640,"max":12181942,"mean":4528301,"median":4455759,"min":2386963,"var":769195900928},"spectral_strongpeak":{"dmean":5.09955120087,"dmean2":9.62720966339,"dvar":254.393386841,"dvar2":680.04083252,"max":152.114074707,"mean":3.64551258087,"median":0.290426105261,"min":0,"var":191.903900146},"zerocrossingrate":{"dmean":0.0464325658977,"dmean2":0.0565802529454,"dvar":0.00153319060337,"dvar2":0.00222958507948,"max":0.75341796875,"mean":0.272313565016,"median":0.27392578125,"min":0,"var":0.00859238952398}},"metadata":{"audio_properties":{"analysis_sample_rate":44100,"bit_rate":320000,"codec":"mp3","downmix":"mix","equal_loudness":0,"length":162.456573486,"lossless":false,"md5_encoded":"945992bd7ff02515c3e04cc70b2b37a6","replay_gain":-1.93435096741,"sample_rate":44100},"tags":{"album":["Fistful of Metal"],"albumartist":["Anthrax"],"albumartistsort":["Anthrax"],"artist":["Anthrax"],"artistsort":["Anthrax"],"asin":["B000003T8M"],"date":["1984"],"discnumber":["1/1"],"file_name":"02. Anthrax - Metal Thrashing Mad.mp3","genre":["Thrash Metal"],"musicbrainz album release country":["US"],"musicbrainz album status":["official"],"musicbrainz album type":["album"],"musicbrainz_albumartistid":["b616d6f0-ec1f-4c69-8a79-12a97ece7372"],"musicbrainz_albumid":["29b48fd3-0efe-4b48-a24f-b73854cf7581"],"musicbrainz_artistid":["b616d6f0-ec1f-4c69-8a79-12a97ece7372"],"musicbrainz_recordingid":["2c049d63-d09b-4c89-8303-629d4827bea3"],"musicip_puid":["24b792dc-ca37-22ad-b700-04110b36eee7"],"title":["Metal Thrashing Mad"],"tracknumber":["2/10"]},"version":{"essentia":"2.1-beta1","essentia_build_sha":"ca57ba49d9b1854bd80e60cf9ccf267278fb7d6b","essentia_git_sha":"v2.1_beta1-28-g21ef5f4-dirty","extractor":"music 1.0"}},"rhythm":{"beats_count":274,"beats_loudness":{"dmean":0.0278482437134,"dmean2":0.0493069551885,"dvar":0.00125389336608,"dvar2":0.00412130309269,"max":0.377220660448,"mean":0.0611604899168,"median":0.0542092509568,"min":6.75729783239e-9,"var":0.00141878740396},"beats_loudness_band_ratio":{"dmean":[0.201114669442,0.0223831646144,0.029489506036,0.0713837072253,0.0544949471951,0.102499514818],"dmean2":[0.358271747828,0.040168594569,0.0531849488616,0.126307144761,0.0949651375413,0.173067107797],"dvar":[0.0253035556525,0.000650333357044,0.00172531860881,0.00520974723622,0.00182383449282,0.00623437995091],"dvar2":[0.0779007002711,0.00180197553709,0.00541123049334,0.016723593697,0.0059847519733,0.0185689851642],"max":[0.989147245884,0.157612040639,0.288566559553,0.538991630077,0.293538659811,0.516667068005],"mean":[0.455672413111,0.0262648761272,0.0339495800436,0.123922809958,0.109265752137,0.257511079311],