{"lowlevel":{"average_loudness":0.756285011768,"barkbands":{"dmean":[0.0000301905529341,0.00371773191728,0.00106225628406,0.000341765611665,0.000838846142869,0.000925396976527,0.000664860417601,0.000801397603936,0.000761536299251,0.000577792525291,0.000597921665758,0.000471455365187,0.000459142058389,0.000360071921023,0.000308228074573,0.000301557942294,0.000223012131755,0.000205564705539,0.000199849353521,0.000129363615997,0.00008898761007,0.0000892561874934,0.000104312559415,0.0000873683165992,0.0000520397334185,0.0000271455355687,0.0000116149476526],"dmean2":[0.0000508677476319,0.00616858713329,0.00187297980301,0.000582913053222,0.00133886269759,0.00142954010516,0.00104737025686,0.00125020742416,0.00120755669195,0.000895805831533,0.00094054400688,0.000745334662497,0.000744454329833,0.000569126626942,0.000491582439281,0.000475863722386,0.000353260489646,0.000321567611536,0.00031812247471,0.000207196266274,0.000141483964399,0.000136187038152,0.000156136040459,0.000132592467708,0.0000752461783122,0.0000377012765966,0.0000157035428856],"dvar":[7.08870073751e-9,0.0001479840721,0.0000125237729662,7.62983120239e-7,0.00000207538505492,0.00000279366486211,0.00000203388458431,0.00000315964121,0.00000373154603039,0.00000173455362074,0.00000201985608328,0.00000152847042045,0.00000133886385356,7.04290641806e-7,4.93582490435e-7,5.57756038688e-7,2.13799836501e-7,1.52311514512e-7,1.08202918625e-7,6.1775118354e-8,3.14377963662e-8,4.38655725077e-8,1.30134068854e-7,1.46986010918e-7,2.05175449963e-8,2.23183760362e-9,6.86988910203e-10],"dvar2":[1.8656228562e-8,0.00037452072138,0.0000354496332875,0.00000198086422643,0.00000507186678078,0.00000664714798404,0.00000498092640555,0.00000738289190849,0.00000915878808883,0.00000397388066631,0.00000532882495463,0.00000360835474567,0.00000336196399076,0.00000163042977874,0.00000112080590497,0.00000122017740978,5.12171425271e-7,3.32519874746e-7,2.50824740533e-7,1.54827304755e-7,7.61928120596e-8,9.82151178164e-8,2.95692956342e-7,3.39859212772e-7,4.8999300617e-8,4.4646233377e-9,1.3343451899e-9],"max":[0.00145824311767,0.210387170315,0.0490742996335,0.0198862608522,0.0277777835727,0.0440318025649,0.0449025221169,0.0388388000429,0.0357157699764,0.0355698913336,0.0314559191465,0.0452002249658,0.0345787741244,0.0266260225326,0.0279570557177,0.0397653914988,0.0151749392971,0.0156894568354,0.00877354387194,0.00900109857321,0.00517115462571,0.00777220353484,0.0145579846576,0.0154360719025,0.00787849444896,0.000905809982214,0.000614831398707],"mean":[0.0000510699173901,0.00522846588865,0.00142681563739,0.000470226485049,0.00165309780277,0.0019292057259,0.00123987521511,0.00146154139657,0.00127419340424,0.00111535412725,0.00115484767593,0.000860993866809,0.00081125885481,0.000655756215565,0.00056774308905,0.000597486970946,0.000474104745081,0.000448030477855,0.000520204252098,0.000314383360092,0.000227424374316,0.000207882083487,0.000229741010116,0.000184801756404,0.000122218276374,0.0000588185939705,0.0000190489408851],"median":[0.0000119978103612,0.00253924680874,0.000647945213132,0.000199172180146,0.000887388479896,0.000886308785994,0.000512519152835,0.000621162704192,0.000458045164123,0.000436697504483,0.000486049772007,0.000354836636689,0.000325599190546,0.000267244497081,0.000284478184767,0.000263432739303,0.000226637988817,0.000224780349527,0.00028795178514,0.000191565253772,0.000116786977742,0.0000878824939718,0.000101002624433,0.0000815548410174,0.0000664134568069,0.0000271852150036,0.00000318918137054],"min":[6.60612028444e-26,7.43279891029e-24,2.24821965886e-24,8.62891852694e-25,1.26829388138e-23,1.57922332829e-23,1.66001230909e-23,5.86097580726e-24,2.52008021723e-23,3.55385718998e-23,1.37872659839e-23,4.0786399652e-23,2.29711373108e-23,4.57764118832e-23,7.17317405787e-23,7.09781575332e-23,9.81259914819e-23,9.833765864e-23,1.13896141393e-22,1.67389846983e-22,3.06733909115e-22,3.58272855248e-22,3.99978833212e-22,6.54197426208e-22,8.41356177963e-22,1.3430818111e-21,2.03182740697e-21],"var":[8.3326359146e-9,0.000136418195325,0.00000959220960794,8.85705389919e-7,0.00000509513120051,0.00000892879052117,0.00000621392109679,0.00000674643342791,0.00000640022562948,0.00000466258370579,0.00000448298987976,0.00000310128507408,0.0000028427396046,0.00000186195916285,9.97888264465e-7,0.00000137304732561,5.76973491206e-7,4.47497484402e-7,4.49154242688e-7,1.60263098792e-7,1.05826380548e-7,1.53146118009e-7,2.41655243371e-7,2.39001195723e-7,3.73475010917e-8,6.28271479286e-9,1.41977674062e-9]},"barkbands_crest":{"dmean":2.35284399986,"dmean2":3.78101587296,"dvar":6.17444229126,"dvar2":15.0347547531,"max":25.2549552917,"mean":8.9936132431,"median":7.986992836,"min":2.09449863434,"var":16.9913845062},"barkbands_flatness_db":{"dmean":0.0157785657793,"dmean2":0.0241252072155,"dvar":0.000287527043838,"dvar2":0.000671636429615,"max":0.255872160196,"mean":0.098771803081,"median":0.0919753462076,"min":0.0158534515649,"var":0.0015856847167},"barkbands_kurtosis":{"dmean":1.54911470413,"dmean2":2.49640083313,"dvar":11.3717041016,"dvar2":29.1448402405,"max":86.2821426392,"mean":1.68295264244,"median":0.49521458149,"min":-1.94646906853,"var":16.5317821503},"barkbands_skewness":{"dmean":0.398514509201,"dmean2":0.608970820904,"dvar":0.251228034496,"dvar2":0.573006272316,"max":8.89187240601,"mean":1.0663933754,"median":0.958676934242,"min":-5.00490379333,"var":0.843047261238},"barkbands_spread":{"dmean":5.31491756439,"dmean2":8.15442848206,"dvar":43.1051597595,"dvar2":94.0198974609,"max":111.795310974,"mean":28.0802078247,"median":26.5703163147,"min":3.18840360641,"var":170.913253784},"dissonance":{"dmean":0.0146267199889,"dmean2":0.0247276797891,"dvar":0.000251172226854,"dvar2":0.000689626205713,"max":0.499999970198,"mean":0.4713280797,"median":0.477071970701,"min":0,"var":0.000547661504243},"dynamic_complexity":3.40718340874,"erbbands":{"dmean":[0.0763088390231,0.935044646263,1.42904210091,1.06223845482,1.69398748875,3.23073005676,5.04728507996,8.78398799896,10.5738639832,11.4458312988,15.6659460068,18.1668224335,15.3935775757,17.2541847229,23.713476181,19.3564014435,21.0945110321,17.5699939728,15.1451148987,16.2406864166,13.3819818497,10.6233844757,10.7275686264,10.4117183685,9.27761173248,6.01882743835,4.05999469757,3.38509702682,3.07155537605,3.21526885033,3.0209300518,2.3956618309,1.1813699007,0.645163416862,0.36056292057,0.15555728972,0.0426291115582,0.0111996671185,0.00202748947777,0.000114610549645],"dmean2":[0.126290038228,1.55595946312,2.46114039421,1.81123268604,2.82828426361,5.17558479309,7.78375530243,13.6025371552,16.6158905029,18.1173419952,24.4982337952,28.880355835,24.2539596558,26.5235519409,37.994556427,30.0361537933,34.0403709412,27.5277576447,23.6423511505,25.755569458,20.8088550568,16.7415599823,16.5400600433,16.7393627167,14.7749576569,9.60150814056,6.51847457886,5.21577548981,4.68945646286,4.8674659729,4.58087444305,3.61258387566,1.78730034828,0.958095550537,0.520040035248,0.221407085657,0.0586908496916,0.0152247967198,0.00279034953564,0.000155964895384],"dvar":[0.0620668157935,9.33851337433,20.4920215607,10.2706365585,11.6660757065,36.0157470703,100.438163757,303.824584961,506.021759033,563.024108887,1251.07507324,2312.07788086,1441.95581055,1706.99304199,3702.23852539,2315.71069336,2659.36303711,1675.0291748,1108.35461426,1511.91052246,810.20098877,522.221435547,479.665527344,308.048309326,280.704650879,122.135902405,73.0695037842,43.1128311157,49.6441268921,68.0745773315,131.902374268,128.380172729,22.4037303925,4.50081729889,0.519462227821,0.0739234909415,0.00555686559528,0.00050246756291,0.0000222356356971,7.01488502841e-8],"dvar2":[0.154760152102,23.7700901031,55.7326812744,27.8828716278,31.004070282,86.8621368408,226.601745605,723.333496094,1240.35473633,1355.44885254,2871.01293945,5709.79248047,3442.57250977,4048.56469727,9680.92480469,5278.69189453,6648.53759766,3871.27099609,2487.77954102,3475.81030273,1827.5402832,1252.76586914,1015.921875,757.369628906,676.032958984,296.996185303,184.902984619,95.85206604,110.68712616,146.729904175,307.997741699,283.588653564,55.3868675232,10.8711652756,1.14524185658,0.157408669591,0.0108570707962,0.000959908880759,0.0000449393846793,1.38397624028e-7],"max":[4.05360555649,52.8835792542,54.6367874146,49.4434127808,53.3917236328,113.894340515,278.444061279,459.645721436,538.454162598,598.726013184,816.855224609,984.749633789,1022.07739258,1086.88928223,2062.98168945,1347.96936035,1738.00720215,1316.38684082,1019.52148438,1642.36975098,803.446777344,962.215332031,940.254516602,437.724182129,478.747497559,302.705230713,208.414016724,261.438323975,277.200317383,242.882720947,541.611206055,536.153259277,218.821884155,125.33416748,26.7251930237,5.04696130753,1.45126974583,0.445685178041,0.120055101812,0.00542479241267],"mean":[0.113455086946,1.27935910225,2.03928375244,1.56793820858,2.65020179749,6.10261487961,10.2408657074,17.7937374115,20.6932697296,22.5927371979,30.3443088531,31.5337085724,29.5034103394,36.8913841248,48.4550361633,39.2781867981,40.2623062134,34.4039649963,29.6154842377,33.3695449829,30.3703022003,25.2550048828,24.9456138611,25.5238876343,24.1455841064,15.3494920731,10.2065544128,8.55126667023,7.3174905777,7.26193809509,6.46648359299,4.82346963882,2.52344536781,1.45166480541,0.821865677834,0.340088814497,0.0905399620533,0.0210452675819,0.00327009474859,0.000197015397134],"median":[0.0434870012105,0.603988111019,1.06101095676,0.765524625778,1.24310338497,3.03993439674,4.84041404724,7.81619119644,8.92216110229,9.66017150879,13.7119865417,13.0744495392,13.3209953308,15.1649303436,21.191204071,18.3242950439,18.0271072388,15.1280097961,14.6008872986,17.498008728,14.2030344009,13.2624740601,12.6643104553,14.7198390961,13.2572669983,9.47202968597,5.78566837311,4.10019016266,3.16135787964,3.06584692001,2.85295677185,2.00067520142,1.17920839787,0.766233682632,0.439213454723,0.168962076306,0.0395281538367,0.00620865449309,0.000574989826418,0.0000585005109315],"min":[2.07421899972e-22,1.37594123782e-21,3.75029311006e-21,1.34151053145e-20,2.29890035841e-20,2.20458706673e-20,9.36451623836e-20,1.21840744473e-19,2.26394784162e-19,2.40506821455e-19,3.37343175556e-19,5.89432464291e-19,8.77045231227e-19,8.92713582992e-19,8.36939327528e-19,1.59290646188e-18,1.15403906705e-18,2.65799600593e-18,4.02021689102e-18,4.93758459217e-18,5.50100708588e-18,5.02034235809e-18,5.46212794273e-18,7.26497346446e-18,6.36113306146e-18,8.10729644531e-18,1.00490756363e-17,1.05159777331e-17,1.19157790877e-17,1.30433064992e-17,1.11880892777e-17,1.22928526787e-17,1.12710232331e-17,9.08350853446e-18,6.22956791708e-18,4.44574217276e-18,2.66164904231e-18,1.07232096376e-18,2.69127916884e-19,2.48458188797e-20],"var":[0.0607335492969,8.47594070435,16.7479858398,10.3831281662,17.8491001129,88.1117630005,280.907012939,977.868286133,1453.05883789,1568.95446777,2838.31445312,3726.3737793,3066.31860352,5071.96337891,8701.24707031,5317.99072266,6106.87597656,4450.98486328,2604.48828125,3154.07299805,2539.91333008,1382.52880859,1397.17236328,1111.20495605,1027.33532715,369.098693848,204.113098145,167.619369507,182.80380249,182.591827393,220.290893555,209.568786621,34.3589172363,7.29756832123,1.26098704338,0.199516892433,0.0157998800278,0.00126273836941,0.0000425227735832,1.2888651213e-7]},"erbbands_crest":{"dmean":2.26589202881,"dmean2":3.64161968231,"dvar":5.0613527298,"dvar2":12.3745355606,"max":28.2172527313,"mean":8.37419700623,"median":7.41588497162,"min":2.17658615112,"var":15.5573472977},"erbbands_flatness_db":{"dmean":0.0135468896478,"dmean2":0.019330676645,"dvar":0.000175984299858,"dvar2":0.000331470801029,"max":0.311597049236,"mean":0.138543024659,"median":0.133715957403,"min":0.0429838523269,"var":0.00162916362751},"erbbands_kurtosis":{"dmean":0.654117166996,"dmean2":1.02253639698,"dvar":0.946574926376,"dvar2":2.20303750038,"max":21.6987609863,"mean":0.336042970419,"median":-0.148042321205,"min":-1.76777744293,"var":2.92068195343},"erbbands_skewness":{"dmean":0.279164999723,"dmean2":0.42304494977,"dvar":0.0763502940536,"dvar2":0.167219296098,"max":3.89957618713,"mean":0.29511320591,"median":0.286592960358,"min":-3.67926859856,"var":0.447960227728},"erbbands_spread":{"dmean":6.03229904175,"dmean2":9.07484722137,"dvar":44.775592804,"dvar2":98.5462036133,"max":109.555519104,"mean":36.6148033142,"median":34.752281189,"min":5.92577838898,"var":198.338104248},"gfcc":{"cov":[[13828.7041016,-886.11920166,-154.120330811,42.6393699646,18.9199123383,284.700775146,-106.219161987,279.0675354,-172.929199219,127.277442932,-186.845932007,242.242752075,125.722335815],[-886.11920166,979.248352051,-145.219711304,107.355697632,80.3098678589,-5.27094650269,57.8569564819,-28.5933589935,49.4750328064,-56.3000526428,70.5119552612,-45.4829292297,2.80884671211],[-154.120330811,-145.219711304,810.531494141,20.6238002777,226.88067627,85.4188842773,40.022605896,29.4575824738,16.9391613007,79.9122848511,-35.9208335876,75.4679946899,13.0661802292],[42.6393699646,107.355697632,20.6238002777,336.009613037,54.6865692139,39.5044555664,29.3717861176,26.4226570129,57.0808448792,-10.0169773102,-5.82766485214,0.160462781787,35.9079437256],[18.9199123383,80.3098678589,226.88067627,54.6865692139,386.970672607,51.030292511,118.565841675,86.3017349243,60.9577941895,27.5832767487,-50.4076576233,6.70857191086,31.6998538971],[284.700775146,-5.27094650269,85.4188842773,39.5044555664,51.030292511,201.025054932,90.3536376953,34.356426239,1.24569416046,10.1033420563,-0.0607499703765,10.4818964005,-0.510871291161],[-106.219161987,57.8569564819,40.022605896,29.3717861176,118.565841675,90.3536376953,220.351959229,69.1617736816,33.4066047668,9.99667930603,-15.5524368286,-17.8262462616,-9.17605018616],[279.0675354,-28.5933589935,29.4575824738,26.4226570129,86.3017349243,34.356426239,69.1617736816,151.99710083,57.4382095337,22.5731639862,-18.5842914581,-1.70284187794,9.31847286224],[-172.929199219,49.4750328064,16.9391613007,57.0808448792,60.9577941895,1.24569416046,33.4066047668,57.4382095337,144.697769165,26.8007297516,-10.8520107269,-20.0519237518,-0.888100206852],[127.277442932,-56.3000526428,79.9122848511,-10.0169773102,27.5832767487,10.1033420563,9.99667930603,22.5731639862,26.8007297516,101.086410522,14.3369960785,18.2057323456,2.73698091507],[-186.845932007,70.5119552612,-35.9208335876,-5.82766485214,-50.4076576233,-0.0607499703765,-15.5524368286,-18.5842914581,-10.8520107269,14.3369960785,108.427940369,37.9544868469,-4.49493837357],[242.242752075,-45.4829292297,75.4679946899,0.160462781787,6.70857191086,10.4818964005,-17.8262462616,-1.70284187794,-20.0519237518,18.2057323456,37.9544868469,90.6315689087,32.9780387878],[125.722335815,2.80884671211,13.0661802292,35.9079437256,31.6998538971,-0.510871291161,-9.17605018616,9.31847286224,-0.888100206852,2.73698091507,-4.49493837357,32.9780387878,75.3406829834]],"icov":[[0.000099863842479,0.0000348703797499,0.00011518503743,-0.0000406204126193,-0.000018885026293,-0.000179294103873,0.000152647757204,-0.000218197252252,0.00017303135246,-0.000169588340214,0.000344909873093,-0.000401396973757,0.0000882258173078],[0.0000348703797499,0.00141648191493,0.000201131231734,-0.000293238699669,-0.000605719280429,0.0000355960546585,-0.000229814468184,0.000529184064362,-0.000372648413759,0.000769307196606,-0.00154643831775,0.00101759971585,-0.000414487614762],[0.00011518503743,0.000201131231734,0.0020424737595,-0.000157586546266,-0.00114528392442,-0.000782887393143,0.000498754903674,0.000239517015871,0.000182971576578,-0.00122725276742,0.00136621191632,-0.00234533310868,0.00118371692952],[-0.0000406204126193,-0.000293238699669,-0.000157586546266,0.00363751128316,0.0000169191043824,-0.000665659666993,-0.0000399314121751,0.000129072592244,-0.00152617041022,0.000816810177639,-0.000204569107154,0.000435651047155,-0.00191064027604],[-0.000018885026293,-0.000605719280429,-0.00114528392442,0.0000169191043824,0.00459937285632,0.000342457497027,-0.00174995220732,-0.0011832449818,-0.000634617637843,-0.00023488169245,0.00167025299743,-0.000281998334685,-0.00153087032959],[-0.000179294103873,0.0000355960546585,-0.000782887393143,-0.000665659666993,0.000342457497027,0.0069594332017,-0.00299257715233,-0.000193355008378,0.000582296343055,0.000301190622849,-0.000940347323194,0.000116169139801,0.000202404800802],[0.000152647757204,-0.000229814468184,0.000498754903674,-0.0000399314121751,-0.00174995220732,-0.00299257715233,0.0075672538951,-0.00226935534738,0.000319320097333,-0.000448261096608,0.000464216456749,0.000413731555454,0.00147135893349],[-0.000218197252252,0.000529184064362,0.000239517015871,0.000129072592244,-0.0011832449818,-0.000193355008378,-0.00226935534738,0.0101542780176,-0.00344247417524,-0.000386526400689,-0.000184397373232,0.000237222819123,-0.000935828313231],[0.00017303135246,-0.000372648413759,0.000182971576578,-0.00152617041022,-0.000634617637843,0.000582296343055,0.000319320097333,-0.00344247417524,0.0101826405153,-0.0029433988966,0.000597110250965,0.00149435189087,0.000764919852372],[-0.000169588340214,0.000769307196606,-0.00122725276742,0.000816810177639,-0.00023488169245,0.000301190622849,-0.000448261096608,-0.000386526400689,-0.0029433988966,0.0130123924464,-0.00349537678994,0.000170789848198,-0.000618771358859],[0.000344909873093,-0.00154643831775,0.00136621191632,-0.000204569107154,0.00167025299743,-0.000940347323194,0.000464216456749,-0.000184397373232,0.000597110250965,-0.00349537678994,0.0164177529514,-0.0103960335255,0.00437692878768],[-0.000401396973757,0.00101759971585,-0.00234533310868,0.000435651047155,-0.000281998334685,0.000116169139801,0.000413731555454,0.000237222819123,0.00149435189087,0.000170789848198,-0.0103960335255,0.0228143408895,-0.00962361879647],[0.0000882258173078,-0.000414487614762,0.00118371692952,-0.00191064027604,-0.00153087032959,0.000202404800802,0.00147135893349,-0.000935828313231,0.000764919852372,-0.000618771358859,0.00437692878768,-0.00962361879647,0.0192921180278]],"mean":[13.5508260727,67.3437957764,-119.016159058,22.3957386017,-58.4279594421,15.545384407,-34.9415817261,12.45125103,-21.8800125122,5.47306442261,-8.96506404877,4.02916669846,-10.9942274094]},"hfc":{"dmean":5.24409246445,"dmean2":7.47125959396,"dvar":65.445640564,"dvar2":136.055236816,"max":193.939651489,"mean":24.8359394073,"median":20.6994953156,"min":1.07434112079e-16,"var":402.365478516},"melbands":{"dmean":[0.0008977772668,0.000925435160752,0.000196905297344,0.000161861840752,0.000174450789928,0.000193137442693,0.000152560736751,0.000138652874739,0.00013455626322,0.000110071843665,0.0000783721188782,0.0000720913376426,0.0000819453853182,0.0000549303331354,0.0000537646010343,0.0000404049751523,0.0000364789084415,0.000026710495149,0.0000222265316552,0.0000256129405898,0.0000156979658641,0.0000127668063215,0.0000126643899421,0.00000909424306883,0.00000960673696682,0.00000797429493105,0.00000590407034906,0.00000411845303461,0.00000285514784082,0.00000245987189373,0.00000206953404813,0.00000190998889593,0.0000018344065893,0.00000192909942598,0.00000187030718735,0.00000177702906967,0.00000145953924857,9.06140542156e-7,6.86770874836e-7,5.43762496363e-7],"dmean2":[0.00148163421545,0.00154135329649,0.000334802782163,0.000264225964202,0.000270086573437,0.00029848748818,0.000240058754571,0.00021991826361,0.000210432335734,0.000175716719241,0.000122896177345,0.000110642817162,0.000129528925754,0.0000862917950144,0.0000849279458635,0.0000647499982733,0.0000575467129238,0.0000420709729951,0.0000350207919837,0.0000402881087211,0.0000244880411628,0.0000203683503059,0.0000196115015569,0.0000143372662933,0.0000156211135618,0.0000127624925881,0.00000946365526033,0.00000663372657073,0.0000046069567361,0.00000399510327043,0.00000324189386447,0.00000298287136502,0.00000283847475657,0.00000295732525046,0.00000290959610538,0.00000263634842668,0.00000227511327466,0.00000140351357913,0.00000105902688574,8.19052957013e-7],"dvar":[0.0000086847021521,0.00000830095359561,2.68534847692e-7,8.96632812442e-8,1.01040328104e-7,1.30631505613e-7,1.04744451335e-7,9.1847773831e-8,8.89879103738e-8,8.38478939613e-8,3.77312474598e-8,3.00623419491e-8,3.92996071241e-8,1.98696543663e-8,1.8993246087e-8,1.0057489952e-8,7.8419342131e-9,3.63858543295e-9,3.14005532687e-9,4.9836610394e-9,1.12970488519e-9,8.09857791939e-10,6.99795887904e-10,3.68739094814e-10,2.78565032152e-10,1.98032409915e-10,1.40029585149e-10,5.57838462922e-11,3.38713224135e-11,2.58024643318e-11,1.6647093426e-11,1.83698264933e-11,2.17232638128e-11,2.67217636907e-11,4.69186078877e-11,5.62380211844e-11,4.65069649458e-11,1.28275038161e-11,7.08241668437e-12,2.82164612855e-12],"dvar2":[0.0000217541164602,0.0000213726925722,7.31992827241e-7,2.2577482639e-7,2.32559628444e-7,3.12814449899e-7,2.56126270415e-7,2.20699988063e-7,2.03903056217e-7,2.09608060686e-7,8.90853328883e-8,7.05672889012e-8,1.04191322237e-7,4.73569308213e-8,4.39559855181e-8,2.59915093892e-8,1.83062933701e-8,8.08420974607e-9,7.04132707696e-9,1.04528128375e-8,2.59357091359e-9,1.98650274008e-9,1.5158984068e-9,8.24117940557e-10,6.92711277228e-10,4.89916940349e-10,3.43000183811e-10,1.39635983332e-10,8.54682505325e-11,6.69011790411e-11,3.79616130197e-11,4.35318239789e-11,4.86338434802e-11,5.80917536297e-11,1.13483555886e-10,1.12541614916e-10,1.08616685091e-10,3.21146165216e-11,1.80465815902e-11,6.75080998047e-12],"max":[0.0507461875677,0.0438133887947,0.00740077672526,0.00567596312612,0.00879236590117,0.00883869919926,0.00855261832476,0.00733315804973,0.00682428013533,0.0055399374105,0.00524501781911,0.00463289069012,0.00511194719002,0.00540159083903,0.00597382429987,0.0022343848832,0.00265970779583,0.00172736984678,0.00294105103239,0.00422065937892,0.000818543659989,0.00092117942404,0.0006852139486,0.00109723012429,0.000443947094027,0.000306751171593,0.000549523974769,0.000217911525397,0.000177833848284,0.000169999344507,0.00015491139493,0.000186958859558,0.000183218013262,0.00015754706692,0.000305655557895,0.000395514129195,0.000299038452795,0.000152296459419,0.000115249735245,0.000108972075395],"mean":[0.00128277298063,0.00135572417639,0.00030590678216,0.000297181657515,0.000367576576537,0.000398949865485,0.000298210012261,0.000263613124844,0.000256364350207,0.000184670323506,0.00014400712098,0.000145608180901,0.00016347959172,0.000104721206299,0.000100416305941,0.0000727983060642,0.0000651366790407,0.0000475440065202,0.0000411587498093,0.0000482248869957,0.0000330474031216,0.0000264238497039,0.0000261509831034,0.0000191055642063,0.0000208546771319,0.0000189129841601,0.0000136134667628,0.00000938323410082,0.00000649711637379,0.00000549078868062,0.00000471140720038,0.00000413698762713,0.00000394565904571,0.00000405983519158,0.00000372968656848,0.000003445047696,0.00000274965941571,0.00000179779704013,0.00000140364033996,0.00000116429168884],"median":[0.000574034987949,0.0007780463784,0.000162246928085,0.00015311644529,0.000187028141227,0.00018126773648,0.000126653045299,0.000107561878394,0.000108727843326,0.000071775415563,0.0000597923717578,0.0000544278009329,0.0000674466136843,0.0000459822622361,0.0000471230596304,0.0000303665819956,0.0000260432170762,0.0000212506492971,0.0000211910046346,0.0000223956049012,0.0000139929388752,0.0000126764616653,0.0000115058928714,0.0000101630394056,0.0000110205055535,0.00000975390503299,0.00000763643129176,0.00000550492541151,0.00000348331650457,0.0000026823799999,0.00000206349295695,0.00000178196000888,0.00000153474400122,0.00000169249074133,0.00000165345443293,0.00000141602913573,0.00000107542155092,8.10030769571e-7,6.7332132403e-7,6.09490371062e-7],"min":[3.52421479483e-24,1.95594590462e-24,3.01743023615e-24,2.98081644052e-24,2.9184976123e-24,3.2434428298e-24,3.79833922623e-24,2.68816975229e-24,3.71936991088e-24,3.17856513402e-24,4.23758328914e-24,3.28215183999e-24,2.01436775996e-24,4.49671265803e-24,2.449548992e-24,3.17573233451e-24,4.80460546376e-24,6.23487023836e-24,6.40245624349e-24,4.99133948965e-24,6.01544423884e-24,4.60543149583e-24,4.23007727763e-24,5.05056282768e-24,3.97920609913e-24,3.91761696725e-24,3.71110974834e-24,4.3946782331e-24,4.74668098522e-24,6.61299611935e-24,4.88628096645e-24,5.81315860906e-24,5.94226831798e-24,6.50079524951e-24,5.88138363888e-24,6.32934382594e-24,7.34798689664e-24,7.11602392519e-24,7.87814796775e-24,6.94200357608e-24],"var":[0.00000822602214612,0.00000749705941416,2.82833269694e-7,1.88691501535e-7,2.89544402676e-7,4.21602720735e-7,3.22892418581e-7,2.31392533578e-7,2.13896612422e-7,1.32074916337e-7,8.05925495229e-8,8.97289638147e-8,9.62435109386e-8,4.18489669585e-8,3.75926063612e-8,2.19894786824e-8,1.94264480058e-8,8.11012146329e-9,5.88916693189e-9,1.04200319484e-8,3.37828764962e-9,1.93655158576e-9,1.89371029968e-9,8.60346516252e-10,8.63307814125e-10,7.01838809292e-10,3.3033661917e-10,1.53833654148e-10,8.96003202189e-11,7.01819019566e-11,5.61995484871e-11,6.00319585708e-11,6.58793228303e-11,6.08155609205e-11,6.8110399265e-11,1.08609753136e-10,7.01583721674e-11,1.8910017649e-11,9.6549808079e-12,4.60871315069e-12]},"melbands_crest":{"dmean":2.66340398788,"dmean2":4.25500822067,"dvar":6.84288454056,"dvar2":16.6109008789,"max":31.5645465851,"mean":12.349770546,"median":11.6542835236,"min":1.69503462315,"var":22.4100418091},"melbands_flatness_db":{"dmean":0.0200277045369,"dmean2":0.030620817095,"dvar":0.000520893605426,"dvar2":0.00117030076217,"max":0.363637834787,"mean":0.15376290679,"median":0.146326705813,"min":0.00375986122526,"var":0.00274419179186},"melbands_kurtosis":{"dmean":4.06179332733,"dmean2":6.52449703217,"dvar":99.9516906738,"dvar2":254.364456177,"max":245.491455078,"mean":7.25588178635,"median":4.19755554199,"min":-1.89407503605,"var":130.325378418},"melbands_skewness":{"dmean":0.535851895809,"dmean2":0.818766832352,"dvar":0.516830325127,"dvar2":1.16774022579,"max":12.5014381409,"mean":2.0042951107,"median":1.8248000145,"min":-2.44828414917,"var":1.53379642963},"melbands_spread":{"dmean":7.30216646194,"dmean2":11.1594238281,"dvar":107.085510254,"dvar2":228.024856567,"max":272.447387695,"mean":31.6963634491,"median":28.7853469849,"min":1.40410542488,"var":398.825836182},"mfcc":{"cov":[[8243.98925781,-161.196289062,-296.156005859,-3.69608283043,0.890177428722,23.0465393066,36.8671264648,112.057929993,164.12663269,161.964584351,31.0271053314,-84.5391464233,-62.4038276672],[-161.196289062,794.405151367,-42.8542747498,51.8824005127,92.5988006592,31.2159500122,64.4329376221,26.8755531311,-1.26278448105,-5.20781946182,6.86813735962,23.4262866974,42.4703559875],[-296.156005859,-42.8542747498,483.307159424,35.2619400024,75.28175354,88.4406814575,14.4403915405,-0.276854842901,9.88609886169,-35.3215446472,17.4106826782,24.1124897003,38.4190673828],[-3.69608283043,51.8824005127,35.2619400024,262.749786377,105.123306274,27.2038249969,7.79689645767,22.200510025,82.5015640259,15.9754734039,0.970356583595,15.9024515152,19.5214595795],[0.890177428722,92.5988006592,75.28175354,105.123306274,238.805877686,45.3882980347,12.6610908508,34.7985191345,78.8368225098,30.2148170471,-0.449081301689,-1.77236235142,18.0625591278],[23.0465393066,31.2159500122,88.4406814575,27.2038249969,45.3882980347,169.275543213,75.0843734741,32.3585739136,46.5700569153,5.30716371536,24.1025066376,7.71613693237,-3.84213256836],[36.8671264648,64.4329376221,14.4403915405,7.79689645767,12.6610908508,75.0843734741,177.636245728,63.534526825,47.101940155,9.50222682953,26.2327766418,5.62776851654,3.27141499519],[112.057929993,26.8755531311,-0.276854842901,22.200510025,34.7985191345,32.3585739136,63.534526825,134.506027222,54.9379768372,41.7128143311,17.8922958374,0.780764877796,4.13190126419],[164.12663269,-1.26278448105,9.88609886169,82.5015640259,78.8368225098,46.5700569153,47.101940155,54.9379768372,206.650741577,67.6705551147,29.3933944702,4.35744380951,-18.2023601532],[161.964584351,-5.20781946182,-35.3215446472,15.9754734039,30.2148170471,5.30716371536,9.50222682953,41.7128143311,67.6705551147,116.436195374,43.0549125671,5.69745349884,-14.6667966843],[31.0271053314,6.86813735962,17.4106826782,0.970356583595,-0.449081301689,24.1025066376,26.2327766418,17.8922958374,29.3933944702,43.0549125671,91.3750076294,26.4378242493,-2.6171734333],[-84.5391464233,23.4262866974,24.1124897003,15.9024515152,-1.77236235142,7.71613693237,5.62776851654,0.780764877796,4.35744380951,5.69745349884,26.4378242493,74.1571884155,29.2778015137],[-62.4038276672,42.4703559875,38.4190673828,19.5214595795,18.0625591278,-3.84213256836,3.27141499519,4.13190126419,-18.2023601532,-14.6667966843,-2.6171734333,29.2778015137,90.0388641357]],"icov":[[0.000130156840896,0.0000275853089988,0.0000771234626882,0.00000946852924244,0.0000162632495631,-0.0000512923979841,0.0000160008130479,-0.0000515977735631,-0.0000630891663604,-0.000113641712232,-0.0000131331671582,0.000151440195623,-0.0000423199417128],[0.0000275853089988,0.00145306647755,0.000356417818693,-0.0000985508813756,-0.000688951229677,-0.0000996643284452,-0.000525621580891,-0.00000973192800302,0.000341351056704,0.000187072873814,-0.000134825706482,-0.00029654573882,-0.000451501342468],[0.0000771234626882,0.000356417818693,0.00272022257559,0.0000585479174333,-0.000864777539391,-0.00135947449598,0.000344442378264,0.0000263175006694,-0.00000752525374992,0.00117979373317,-0.000829145428725,-0.000251648481935,-0.000937927979976],[0.00000946852924244,-0.0000985508813756,0.0000585479174333,0.00511294929311,-0.00166440370958,-0.000131706110551,0.000410851847846,-0.0000442901873612,-0.00174745824188,0.000536638312042,0.000415227987105,-0.000934640003834,-0.000714970228728],[0.0000162632495631,-0.000688951229677,-0.000864777539391,-0.00166440370958,0.0064156325534,-0.000929095316678,0.000783520226832,-0.000514992163517,-0.00142696721014,-0.00136728549842,0.00106034253258,0.00134871550836,-0.00118435011245],[-0.0000512923979841,-0.0000996643284452,-0.00135947449598,-0.000131706110551,-0.000929095316678,0.00868803728372,-0.00309279793873,-0.000184476812137,-0.000675331684761,0.00083224021364,-0.00109552580398,-0.000435373978689,0.0014068208402],[0.0000160008130479,-0.000525621580891,0.000344442378264,0.000410851847846,0.000783520226832,-0.00309279793873,0.0086808623746,-0.00329487398267,-0.00127678911667,0.00163560104556,-0.00157200288959,0.000453289831057,-0.000615164870396],[-0.0000515977735631,-0.00000973192800302,0.0000263175006694,-0.0000442901873612,-0.000514992163517,-0.000184476812137,-0.00329487398267,0.010530221276,-0.000926310312934,-0.0030953665264,0.000465283897938,0.000693049572874,-0.00120419217274],[-0.0000630891663604,0.000341351056704,-0.00000752525374992,-0.00174745824188,-0.00142696721014,-0.000675331684761,-0.00127678911667,-0.000926310312934,0.00806223601103,-0.00320216431282,-0.000138431292726,-0.000551663164515,0.00180730235297],[-0.000113641712232,0.000187072873814,0.00117979373317,0.000536638312042,-0.00136728549842,0.00083224021364,0.00163560104556,-0.0030953665264,-0.00320216431282,0.0145944999531,-0.00606583571061,-0.000145089259604,0.00120652536862],[-0.0000131331671582,-0.000134825706482,-0.000829145428725,0.000415227987105,0.00106034253258,-0.00109552580398,-0.00157200288959,0.000465283897938,-0.000138431292726,-0.00606583571061,0.016261190176,-0.00537389470264,0.00129857484717],[0.000151440195623,-0.00029654573882,-0.000251648481935,-0.000934640003834,0.00134871550836,-0.000435373978689,0.000453289831057,0.000693049572874,-0.000551663164515,-0.000145089259604,-0.00537389470264,0.0184230040759,-0.00606450391933],[-0.0000423199417128,-0.000451501342468,-0.000937927979976,-0.000714970228728,-0.00118435011245,0.0014068208402,-0.000615164870396,-0.00120419217274,0.00180730235297,0.00120652536862,0.00129857484717,-0.00606450391933,0.0147920427844]],"mean":[-626.251831055,103.242271423,-4.13999509811,11.6732959747,0.832086920738,1.94007980824,1.48233366013,4.97447919846,-4.46689367294,3.52711653709,-0.190455853939,2.36269855499,4.60348844528]},"pitch_salience":{"dmean":0.0620028413832,"dmean2":0.0992119461298,"dvar":0.00387398083694,"dvar2":0.00920442026109,"max":0.927722275257,"mean":0.563107609749,"median":0.572703123093,"min":0.120822794735,"var":0.0134667288512},"silence_rate_20dB":{"dmean":0,"dmean2":0,"dvar":0,"dvar2":0,"max":1,"mean":1,"median":1,"min":1,"var":0},"silence_rate_30dB":{"dmean":0.00536018842831,"dmean2":0.0107212476432,"dvar":0.00533172721043,"dvar2":0.0140182143077,"max":1,"mean":0.996345639229,"median":1,"min":0,"var":0.00364123238251},"silence_rate_60dB":{"dmean":0.0154308453202,"dmean2":0.0308641977608,"dvar":0.0151929100975,"dvar2":0.0346161983907,"max":1,"mean":0.0719506219029,"median":0,"min":0,"var":0.0667835026979},"spectral_centroid":{"dmean":213.432510376,"dmean2":326.276794434,"dvar":70604.4140625,"dvar2":144996.328125,"max":11531.6884766,"mean":1662.49157715,"median":1613.9387207,"min":348.250701904,"var":568468.5625},"spectral_complexity":{"dmean":3.21546339989,"dmean2":4.99285268784,"dvar":11.159907341,"dvar2":23.2397098541,"max":61,"mean":23.384765625,"median":23,"min":0,"var":138.486694336},"spectral_contrast_coeffs":{"dmean":[0.045385915786,0.0442874133587,0.034802954644,0.0294578727335,0.0197064783424,0.0146341733634],"dmean2":[0.0744625404477,0.0723627731204,0.0563723035157,0.0477008894086,0.0316283293068,0.0231043193489],"dvar":[0.00144152110443,0.00135118677281,0.000827762414701,0.000582670676522,0.000276991253486,0.000177003690624],"dvar2":[0.00379345240071,0.00348420604132,0.00214082142338,0.00147639284842,0.000664808612783,0.000407408369938],"max":[-0.307228952646,-0.417629390955,-0.503301978111,-0.55394089222,-0.591949939728,-0.616579771042],"mean":[-0.674140453339,-0.721779823303,-0.758304834366,-0.767808437347,-0.785920619965,-0.780235946178],"median":[-0.680851638317,-0.727950572968,-0.760828375816,-0.771830916405,-0.792044997215,-0.781077504158],"min":[-0.9935593009,-0.971801578999,-0.986787199974,-0.971079051495,-0.983214616776,-0.973406910896],"var":[0.00649560149759,0.00531562650576,0.00322741572745,0.0024751550518,0.00180402526166,0.00153845199384]},"spectral_contrast_valleys":{"dmean":[0.362926185131,0.310693800449,0.264101713896,0.229563385248,0.192960262299,0.197090029716],"dmean2":[0.598038256168,0.510021686554,0.427107006311,0.363270610571,0.294207006693,0.26765537262],"dvar":[0.112832739949,0.0792301148176,0.0640104115009,0.0544053353369,0.0571011826396,0.0730065405369],"dvar2":[0.26949596405,0.188179656863,0.142240479589,0.108922243118,0.103040717542,0.117651708424],"max":[-5.41320466995,-4.87507963181,-4.99730491638,-5.51418495178,-5.65576457977,-7.3927063942],"mean":[-7.56838321686,-6.7868142128,-7.19586896896,-7.54396104813,-7.40188932419,-9.72928333282],"median":[-7.19443130493,-6.56021690369,-6.97718334198,-7.28353261948,-7.12418794632,-9.44195175171],"min":[-27.9105358124,-27.6828765869,-27.6195831299,-27.702539444,-27.4531879425,-27.3555450439],"var":[2.3095061779,1.9779047966,2.05331397057,2.03311634064,2.03626513481,2.09045219421]},"spectral_decrease":{"dmean":1.69431513264e-9,"dmean2":2.66655519887e-9,"dvar":1.3134523014e-17,"dvar2":3.1624329119e-17,"max":1.87884149974e-19,"mean":-5.57780577282e-9,"median":-4.71516514722e-9,"min":-6.36755856931e-8,"var":2.23866854036e-17},"spectral_energy":{"dmean":0.00668775942177,"dmean2":0.010468271561,"dvar":0.000191451661522,"dvar2":0.000458281458123,"max":0.243756562471,"mean":0.0233046077192,"median":0.0198341868818,"min":1.00844278429e-20,"var":0.000359067256795},"spectral_energyband_high":{"dmean":0.000390928937122,"dmean2":0.000547252770048,"dvar":7.75100090777e-7,"dvar2":0.00000161204707183,"max":0.0223801657557,"mean":0.00119897315744,"median":0.000718425493687,"min":7.24558679367e-21,"var":0.00000269818769993},"spectral_energyband_low":{"dmean":0.00444936705753,"dmean2":0.00725003145635,"dvar":0.000187982106581,"dvar2":0.000462974596303,"max":0.232514694333,"mean":0.00694116810337,"median":0.00396926514804,"min":2.88149810314e-23,"var":0.00018588048988},"spectral_energyband_middle_high":{"dmean":0.00178528635297,"dmean2":0.00268241669983,"dvar":0.00000807933702163,"dvar2":0.0000181846298801,"max":0.0800113305449,"mean":0.00719684036449,"median":0.00499738613144,"min":1.31633465538e-21,"var":0.0000542538728041},"spectral_energyband_middle_low":{"dmean":0.00259613455273,"dmean2":0.00408362178132,"dvar":0.0000116006849566,"dvar2":0.0000284205343632,"max":0.0525931566954,"mean":0.00841628573835,"median":0.00680224318057,"min":1.99467556718e-22,"var":0.0000480822891404},"spectral_entropy":{"dmean":0.107630893588,"dmean2":0.156060531735,"dvar":0.0133865019307,"dvar2":0.0248499065638,"max":9.81499671936,"mean":7.816177845,"median":7.84328556061,"min":6.26322364807,"var":0.117587246001},"spectral_flux":{"dmean":0.0189550593495,"dmean2":0.0297258123755,"dvar":0.000690502405632,"dvar2":0.00152146292385,"max":0.416738510132,"mean":0.0758914351463,"median":0.0698692947626,"min":6.46379963443e-11,"var":0.00212686322629},"spectral_kurtosis":{"dmean":0.824003040791,"dmean2":1.32489275932,"dvar":0.770305335522,"dvar2":2.09698390961,"max":19.1925525665,"mean":3.756336689,"median":3.60749840736,"min":-1.25407099724,"var":3.05110263824},"spectral_rms":{"dmean":0.00058189482661,"dmean2":0.000882578198798,"dvar":7.60339219141e-7,"dvar2":0.00000168824965385,"max":0.0154211306944,"mean":0.00440576625988,"median":0.00439891219139,"min":3.13663309735e-12,"var":0.0000033253966194},"spectral_rolloff":{"dmean":499.826171875,"dmean2":808.059753418,"dvar":677706.5,"dvar2":1414030.375,"max":19509.0820312,"mean":2009.85046387,"median":1636.5234375,"min":64.599609375,"var":2866518.75},"spectral_skewness":{"dmean":0.135706245899,"dmean2":0.207501173019,"dvar":0.0187593922019,"dvar2":0.0406800843775,"max":3.07412147522,"mean":1.4979711771,"median":1.50601089001,"min":-0.0646781995893,"var":0.122467808425},"spectral_spread":{"dmean":449950.25,"dmean2":618931.875,"dvar":377399181312,"dvar2":651342512128,"max":42772412,"mean":5196631,"median":4984561,"min":2162119.25,"var":4612916510720},"spectral_strongpeak":{"dmean":0.519976913929,"dmean2":0.885925889015,"dvar":0.747770726681,"dvar2":1.89485025406,"max":15.6708440781,"mean":0.924948334694,"median":0.449367880821,"min":0,"var":1.31502020359},"zerocrossingrate":{"dmean":0.0109181404114,"dmean2":0.0126209519804,"dvar":0.000171133986441,"dvar2":0.000214024810703,"max":0.51806640625,"mean":0.0796321555972,"median":0.07373046875,"min":0.005859375,"var":0.00184669415466}},"metadata":{"audio_properties":{"analysis_sample_rate":44100,"bit_rate":0,"codec":"flac","downmix":"mix","equal_loudness":0,"length":285.906677246,"lossless":true,"md5_encoded":"318123f4d1b89e4d997f50a02f372344","replay_gain":-13.2292461395},"tags":{"album":["Made in Heaven"],"albumartist":["Queen"],"albumartistsort":["Queen"],"artist":["Queen"],"artistsort":["Queen"],"asin":["B0000255EM"],"barcode":["724383608829"],"catalognumber":["CDPCSD 167"],"date":["1995-11-06"],"file_name":"03 Let Me Live.flac","format":["CD"],"label":["Parlophone"],"language":["eng"],"musicbrainz_albumartistid":["0383dadf-2a4e-4d10-a46a-e9e041da8eb3"],"musicbrainz_albumid":["97a776fd-9b24-4ada-9f52-81ef96ccf4b9"],"musicbrainz_artistid":["0383dadf-2a4e-4d10-a46a-e9e041da8eb3"],"musicbrainz_recordingid":["2c05b2ab-7718-4538-aed7-1eff46c6f3de"],"performer":["Miriam Stockley (background vocal)","Catherine Porter (background vocal)","Gary Martin (background vocal)","Rebecca Leigh-White (background vocal)"],"releasecountry":["GB"],"releasestatus":["official"],"releasetype":["album"],"replaygain_album_gain":["-7.28 dB"],"replaygain_album_peak":["0.99218750"],"replaygain_reference_loudness":["89.0 dB"],"replaygain_track_gain":["-8.21 dB"],"replaygain_track_peak":["0.99218750"],"script":["Latn"],"title":["Let Me Live"],"totaltracks":["13"],"tracknumber":["3"],"tracktotal":["13"]},"version":{"essentia":"2.1-beta1","essentia_build_sha":"d95b123ab7c93145a6f110a2dd6bea92b4529a00","essentia_git_sha":"v2.1_beta1-6-g5578087-dirty","extractor":"music 1.0"}},"rhythm":{"beats_count":736,"beats_loudness":{"dmean":0.0165501646698,"dmean2":0.03016869165,"dvar":0.00036077236291,"dvar2":0.000995901646093,"max":0.200783714652,"mean":0.0309526454657,"median":0.0266629755497,"min":9.53256432124e-11,"var":0.0004786538