{"lowlevel":{"average_loudness":0.15899412334,"barkbands":{"dmean":[0.00060506229056,0.00511131901294,0.000875997473486,0.000633638119325,0.0010019968031,0.00110072328243,0.00138516735751,0.000911767943762,0.000513319100719,0.000441917945864,0.000492685532663,0.000397291471018,0.00042310016579,0.00038960025995,0.000260657689068,0.000115619906865,0.0000672011228744,0.000110179920739,0.000102834506833,0.0000572569369979,0.0000340537953889,0.0000493344887218,0.0000352380848199,0.000028792044759,0.0000297080041491,0.0000187357545656,0.0000126521917991],"dmean2":[0.000893668271601,0.00833497755229,0.00156368978787,0.00103256409056,0.0016161724925,0.00174782495014,0.0022341622971,0.00140831863973,0.000779590569437,0.000683826510794,0.000738019414712,0.000594354118221,0.000634198717307,0.000604070839472,0.000406744133215,0.000182961928658,0.000105247141619,0.000171930601937,0.000165186022059,0.0000913646290428,0.0000534590872121,0.0000766431403463,0.0000528613963979,0.0000420436881541,0.0000420745891461,0.0000265179915004,0.0000189182355825],"dvar":[0.00000789217392594,0.00070951593807,0.0000199340720428,0.0000112462430479,0.00000682296195009,0.00000813328824734,0.0000144883379107,0.00000958094278758,0.00000528275859324,0.00000268152757599,0.00000272364309239,0.00000288282376459,0.00000385585417462,0.00000204215962185,0.0000013095354916,2.34387215414e-7,4.45666614723e-8,1.30743444515e-7,1.42201983522e-7,4.46476313698e-8,3.68798005468e-8,6.81395135871e-8,2.6754550575e-8,1.35358808606e-8,1.82577615249e-8,8.22664159017e-9,2.7499049704e-9],"dvar2":[0.0000164690445672,0.00182897259947,0.0000579493171244,0.0000283817480522,0.000016766731278,0.000020453318939,0.0000371742280549,0.0000228037715715,0.0000117081008284,0.00000620551872998,0.00000604703518547,0.00000563077855986,0.00000767838264437,0.00000457518763142,0.00000315680244967,5.57959538128e-7,1.04673873125e-7,3.06050168319e-7,3.63092425459e-7,1.10762321981e-7,8.29883504139e-8,1.65909256111e-7,6.31084517977e-8,2.67247592944e-8,3.7174292089e-8,1.68641811626e-8,5.73407765714e-9],"max":[0.0423817560077,0.434545427561,0.0954295992851,0.102170288563,0.0966842323542,0.073324367404,0.102263085544,0.0806322172284,0.109597623348,0.0672633871436,0.0645208805799,0.0585507526994,0.109502106905,0.0388835370541,0.0491124130785,0.0150322122499,0.00589321972802,0.0107553834096,0.01137953531,0.00822656881064,0.00533028133214,0.00981720443815,0.00881324987859,0.00435633957386,0.00485783768818,0.00307457032613,0.00143160135485],"mean":[0.000558650644962,0.00559542467818,0.00129450624809,0.00112271192484,0.00205051107332,0.00197389605455,0.00233919895254,0.00146811362356,0.000909524969757,0.000765985925682,0.000882084714249,0.000658967357595,0.000713505432941,0.000615260621998,0.000399881188059,0.000178488495294,0.000120108627016,0.000179171896889,0.000172545900568,0.0000913083058549,0.0000503546834807,0.0000794761581346,0.0000639797726762,0.0000566394774069,0.0000509672318003,0.0000280929525616,0.0000153483797476],"median":[0.00000638556093691,0.00140968267806,0.000291934120469,0.000304482062347,0.000898100901395,0.00049878959544,0.000426019047154,0.000119920863654,0.000101566896774,0.0000693609035807,0.000072062779509,0.0000527109004906,0.0000623706364422,0.0000597208818363,0.0000370748784917,0.0000207177836273,0.0000230398181884,0.0000301219988614,0.0000237608037423,0.0000134353758767,0.00000603770695307,0.0000149302250065,0.0000173067219293,0.0000150129435497,0.0000110090795715,0.00000337340566148,0.00000136688663588],"min":[6.38693106645e-24,4.78137114352e-23,2.04494736131e-24,1.84156107336e-23,5.67636665711e-23,2.69584316008e-23,5.65681994606e-23,6.31611518076e-23,3.60321937226e-23,1.14537680946e-22,7.78777306477e-23,1.1856547851e-22,2.52392433643e-23,1.82053622629e-22,6.9420346572e-23,1.42744355556e-22,3.63179948731e-22,4.0570316135e-22,3.21315920906e-22,3.20527438655e-22,3.28274431397e-22,4.95753362864e-22,5.18972833588e-22,1.07440623761e-21,1.132029081e-21,1.57448972741e-21,2.38980193395e-21],"var":[0.0000085415886133,0.000562374771107,0.0000159119699674,0.0000138442683237,0.0000165398450918,0.0000184858181456,0.0000251735928032,0.0000200011272682,0.0000114231042971,0.0000076511869338,0.0000077869699453,0.00000813515816844,0.0000123233658087,0.00000395315282731,0.00000222753988055,4.37597719838e-7,1.02444658978e-7,2.51578342159e-7,2.38413576881e-7,7.60212230944e-8,5.8087195498e-8,9.02113725942e-8,4.15663414799e-8,3.0470484802e-8,3.36659198297e-8,1.41838647494e-8,3.9912197991e-9]},"barkbands_crest":{"dmean":2.63356637955,"dmean2":4.27511644363,"dvar":6.43205356598,"dvar2":15.9479484558,"max":26.6162815094,"mean":11.7250833511,"median":10.7313203812,"min":2.72059750557,"var":22.5355567932},"barkbands_flatness_db":{"dmean":0.0221722200513,"dmean2":0.0335274673998,"dvar":0.000566127535421,"dvar2":0.00129513314459,"max":0.480515003204,"mean":0.171132385731,"median":0.159986883402,"min":0.0219130571932,"var":0.00405838899314},"barkbands_kurtosis":{"dmean":6.99038171768,"dmean2":11.3862371445,"dvar":487.661376953,"dvar2":1280.375,"max":571.481445313,"mean":12.9877996445,"median":5.13024997711,"min":-1.98978102207,"var":947.006164551},"barkbands_skewness":{"dmean":0.660453617573,"dmean2":1.0102212429,"dvar":1.00149774551,"dvar2":2.32114696503,"max":20.5762691498,"mean":1.81605803967,"median":1.72777891159,"min":-16.1591453552,"var":5.42589139938},"barkbands_spread":{"dmean":4.42667770386,"dmean2":6.73055171967,"dvar":60.3648033142,"dvar2":135.317596436,"max":165.127456665,"mean":14.9514665604,"median":12.0657196045,"min":0.366640359163,"var":194.895309448},"dissonance":{"dmean":0.0284477379173,"dmean2":0.0475692525506,"dvar":0.000765620963648,"dvar2":0.00208575860597,"max":0.500000119209,"mean":0.437770932913,"median":0.446710199118,"min":0.156218215823,"var":0.00192464899737},"dynamic_complexity":7.28617095947,"erbbands":{"dmean":[0.210129082203,0.946656107903,1.15269052982,1.6464356184,2.18558192253,3.72744941711,6.43811893463,9.87805843353,17.7487354279,21.5600643158,16.0353565216,11.105465889,9.20754718781,16.9200630188,18.4141902924,12.8969669342,15.4647550583,16.9671058655,15.4279747009,10.9697275162,4.93672180176,3.7980761528,5.19499731064,6.34713935852,3.90138840675,2.44826889038,1.65101969242,1.26316690445,1.60147285461,1.79888534546,0.831107378006,0.642459154129,0.481547772884,0.349784433842,0.206963866949,0.0867881849408,0.0333387665451,0.0115142213181,0.00186014105566,0.000146620193846],"dmean2":[0.327422440052,1.68406295776,2.10327553749,2.69476079941,3.50906538963,6.13440990448,10.0177507401,15.6265802383,28.2488098145,34.5293197632,24.3289890289,16.7035541534,14.292547226,25.4309329987,27.3779602051,18.9719600677,22.5838775635,25.7802696228,24.1324691772,16.6705265045,7.58350992203,5.91165685654,8.04020881653,9.74823856354,6.19606351852,3.85659790039,2.60751414299,1.94146358967,2.47124481201,2.81893658638,1.23299849033,0.951850235462,0.699193775654,0.509531855583,0.296626776457,0.123438984156,0.0478496514261,0.0165710486472,0.00276972888969,0.000223430426558],"dvar":[1.09790015221,29.029340744,42.4294700623,58.2923469543,90.7084732056,69.4066619873,297.262908936,871.02911377,2856.45629883,4039.42602539,3609.6809082,2353.78320313,857.739379883,3415.27294922,4355.55810547,2597.09692383,6026.69873047,4129.26708984,4806.49853516,2228.75878906,318.497711182,142.777069092,336.539550781,442.519805908,249.472732544,97.4373626709,68.5279464722,56.4162902832,79.1800460815,86.7306594849,13.8786535263,5.95877218246,4.26481485367,2.27307057381,0.979844391346,0.175086989999,0.0262802876532,0.00286688702181,0.0000595443925704,3.41049172903e-7],"dvar2":[2.59281206131,82.2470932007,124.254951477,143.531005859,245.875869751,171.688461304,735.490783691,2131.15136719,7267.84814453,10320.0966797,8370.49121094,5293.24609375,2036.10852051,7169.66748047,9444.4609375,5278.8125,11502.4619141,9244.84472656,11419.9228516,5111.26855469,712.751831055,332.744659424,792.998901367,1018.05041504,667.281799316,244.029907227,159.349136353,124.717643738,187.9324646,227.066192627,29.9520721436,12.1869029999,8.35168266296,4.65946292877,2.03161382675,0.362619847059,0.0543983541429,0.00601152796298,0.000122724333778,7.48341847157e-7],"max":[17.140542984,92.8861846924,126.870079041,322.330596924,377.168640137,327.237640381,775.362792969,948.993530273,1779.08483887,1765.3963623,2232.72558594,1678.51513672,971.748535156,1605.75219727,2823.62133789,2614.61743164,4524.87060547,2272.83447266,3317.22021484,2003.27954102,585.895629883,367.439147949,771.449523926,787.615539551,548.665100098,440.367034912,228.583816528,295.494720459,312.403411865,464.887634277,167.678573608,85.7530593872,95.0433349609,54.1928329468,35.7242240906,13.2980957031,5.63552331924,1.75430572033,0.224061250687,0.0183537174016],"mean":[0.208701431751,1.0505437851,1.59830582142,2.99107813835,4.38599443436,7.04121303558,12.4332180023,17.5201358795,30.3245601654,37.9530448914,27.427110672,19.6487922668,17.6533908844,31.292257309,35.4058189392,25.3343162537,29.2067127228,28.9633712769,25.524766922,19.0788249969,8.63576698303,7.24104499817,9.47802066803,11.0234518051,6.51659679413,3.96767139435,2.4011733532,2.01704001427,2.59325814247,2.97041153908,1.57631921768,1.25973761082,0.892128705978,0.615498244762,0.333980113268,0.130104780197,0.0494438558817,0.0151403890923,0.0023020778317,0.000185967452126],"median":[0.0318868979812,0.332670927048,0.463505446911,0.930146038532,1.72471547127,3.2313170433,4.13810348511,4.32232952118,6.20203208923,6.58953285217,4.11399364471,2.96169376373,2.91782665253,3.96516156197,3.91140604019,2.90727329254,2.97857499123,3.87718963623,3.67703914642,2.27304363251,1.46938371658,1.49012029171,1.86047673225,1.59023809433,1.09563994408,0.614174962044,0.304938048124,0.27452147007,0.454262733459,0.659034609795,0.442849457264,0.354655325413,0.212463527918,0.147444456816,0.0556371361017,0.0161671005189,0.00577816274017,0.00147679401562,0.000222130620386,0.0000368610490113],"min":[2.01097482188e-21,8.25558320733e-21,4.17684931088e-21,2.91595770833e-20,7.61773696684e-20,2.82965743803e-19,2.74167592314e-19,1.81150705917e-19,7.31635203045e-19,1.27737148959e-18,1.00250660986e-18,8.3273027068e-19,3.0739845156e-18,3.93113863803e-18,2.90679394301e-18,4.21155576082e-18,1.68403364124e-18,9.06334187113e-18,4.81847265191e-18,5.68597335624e-18,1.15536443787e-17,1.73252482991e-17,2.02430749703e-17,1.73584281678e-17,1.99605812106e-17,1.68913308564e-17,1.44235466867e-17,1.2225392791e-17,1.86566467802e-17,2.10363047818e-17,1.09121633321e-17,1.47532542614e-17,2.07045060945e-17,1.31239830787e-17,8.30479491554e-18,5.65859243719e-18,3.39778312561e-18,1.26278602064e-18,3.28588295952e-19,3.38698795333e-20],"var":[0.987594902515,18.8668556213,29.7071552277,86.9140777588,103.065299988,177.552215576,839.046569824,1851.97741699,5052.35107422,7832.17773438,7305.09033203,4824.05419922,2526.7409668,9519.87011719,14350.9541016,9699.32519531,21393.3789063,8325.5078125,8198.63574219,4842.19287109,696.569641113,333.055206299,677.806335449,948.385864258,348.569885254,155.890945435,100.863975525,90.4362411499,110.114006042,98.0138015747,25.7116146088,12.9573602676,9.24376010895,4.3232460022,1.73221087456,0.302159458399,0.0443960092962,0.00430031865835,0.0000892961907084,4.52747599411e-7]},"erbbands_crest":{"dmean":3.0327630043,"dmean2":4.90717124939,"dvar":8.04125022888,"dvar2":19.7775688171,"max":31.5479164124,"mean":11.466758728,"median":10.3826169968,"min":2.03562664986,"var":28.7159538269},"erbbands_flatness_db":{"dmean":0.0202057100832,"dmean2":0.0300726611167,"dvar":0.000429812294897,"dvar2":0.000872945354786,"max":0.378393471241,"mean":0.161814302206,"median":0.160313099623,"min":0.0109120579436,"var":0.00262671848759},"erbbands_kurtosis":{"dmean":1.78350925446,"dmean2":2.8683655262,"dvar":8.51335716248,"dvar2":21.4074058533,"max":65.2534561157,"mean":2.48222732544,"median":1.11246430874,"min":-1.86705350876,"var":22.0269527435},"erbbands_skewness":{"dmean":0.443761706352,"dmean2":0.69143217802,"dvar":0.201559007168,"dvar2":0.479773551226,"max":6.58462333679,"mean":0.997359037399,"median":0.895029783249,"min":-3.44852042198,"var":1.00491511822},"erbbands_spread":{"dmean":7.95723295212,"dmean2":12.373290062,"dvar":130.95501709,"dvar2":285.454040527,"max":188.510681152,"mean":32.7415084839,"median":28.1957130432,"min":2.10067105293,"var":419.074707031},"gfcc":{"cov":[[30345.7070313,701.755187988,-3197.41577148,-258.30267334,-1584.76245117,466.086639404,-753.856750488,477.246917725,-433.200164795,293.520751953,-93.4936981201,180.913406372,-640.284179688],[701.755187988,1537.9822998,40.5051002502,60.2817344666,88.6911010742,-61.4755401611,-68.5540237427,-82.9950485229,-7.90306186676,-107.789978027,-6.75893211365,10.361782074,57.4525299072],[-3197.41577148,40.5051002502,1296.47631836,130.700775146,197.671875,-33.7159042358,53.8200950623,-105.684326172,-4.41060256958,-68.7392959595,-126.111862183,66.9652099609,135.988693237],[-258.30267334,60.2817344666,130.700775146,376.809906006,148.596084595,-41.4093170166,-3.06543850899,-4.29927539825,35.7431526184,-19.0149116516,-54.4260787964,-5.44126462936,27.7710208893],[-1584.76245117,88.6911010742,197.671875,148.596084595,398.992370605,-33.0039138794,60.1766891479,-31.1654167175,39.2768936157,-8.89145565033,-31.3797740936,-7.91488838196,67.8006286621],[466.086639404,-61.4755401611,-33.7159042358,-41.4093170166,-33.0039138794,222.282363892,59.3302459717,10.1026172638,-30.9434738159,25.2202987671,41.2791557312,-31.8486022949,-39.4685821533],[-753.856750488,-68.5540237427,53.8200950623,-3.06543850899,60.1766891479,59.3302459717,217.126739502,12.1197328568,-31.9527225494,6.08318567276,19.2307529449,-24.3961105347,-16.2421512604],[477.246917725,-82.9950485229,-105.684326172,-4.29927539825,-31.1654167175,10.1026172638,12.1197328568,124.931365967,43.8367195129,21.2914714813,12.9905471802,-6.93612623215,-21.8213367462],[-433.200164795,-7.90306186676,-4.41060256958,35.7431526184,39.2768936157,-30.9434738159,-31.9527225494,43.8367195129,142.490325928,25.5332946777,6.9615073204,-8.93748664856,6.15811061859],[293.520751953,-107.789978027,-68.7392959595,-19.0149116516,-8.89145565033,25.2202987671,6.08318567276,21.2914714813,25.5332946777,118.111228943,49.8456573486,-25.1667938232,-25.6634941101],[-93.4936981201,-6.75893211365,-126.111862183,-54.4260787964,-31.3797740936,41.2791557312,19.2307529449,12.9905471802,6.9615073204,49.8456573486,144.165328979,-1.57100296021,-23.1990871429],[180.913406372,10.361782074,66.9652099609,-5.44126462936,-7.91488838196,-31.8486022949,-24.3961105347,-6.93612623215,-8.93748664856,-25.1667938232,-1.57100296021,130.836791992,48.8445625305],[-640.284179688,57.4525299072,135.988693237,27.7710208893,67.8006286621,-39.4685821533,-16.2421512604,-21.8213367462,6.15811061859,-25.6634941101,-23.1990871429,48.8445625305,118.845527649]],"icov":[[0.000110522822069,-0.00012023353338,0.000217009379412,-0.000122911558719,0.000216950982576,-0.000276282837149,0.000335487973643,-0.000372112757759,0.000455099128885,-0.000493693398312,0.000525937182829,-0.000462141499156,0.000358392542694],[-0.00012023353338,0.000879899656866,-0.000196356064407,0.0000760559560149,-0.000373854854843,0.000372556300135,-0.000129861291498,0.000776649801992,-0.000544404610991,0.0012922892347,-0.00092410412617,0.000695917988196,-0.000563495210372],[0.000217009379412,-0.000196356064407,0.00148369674571,-0.000374891940737,0.000262824381934,-0.000716959184501,0.000247980671702,0.0000661393714836,0.000598292623181,-0.000929319416173,0.00178164558019,-0.00126552267466,-0.0000518280903634],[-0.000122911558719,0.0000760559560149,-0.000374891940737,0.00346379587427,-0.00137038482353,0.000508478202391,-0.000144895035191,0.000146827631397,-0.000927701767068,0.000681504199747,0.000259343360085,0.000644879590254,-0.000140747724799],[0.000216950982576,-0.000373854854843,0.000262824381934,-0.00137038482353,0.00422172201797,-0.00030044693267,-0.00077270087786,0.000233026148635,-0.000272263889201,-0.00131731387228,0.00120581954252,-0.000244602881139,-0.00113645661622],[-0.000276282837149,0.000372556300135,-0.000716959184501,0.000508478202391,-0.00030044693267,0.00626392802224,-0.00188792985864,0.000549770193174,-0.0000127565162984,0.000829241296742,-0.00252264342271,0.00206538685597,-0.0000340027800121],[0.000335487973643,-0.000129861291498,0.000247980671702,-0.000144895035191,-0.00077270087786,-0.00188792985864,0.00708588724956,-0.00263465498574,0.00330154947005,-0.00103036337532,0.000528848438989,-0.000573558732867,0.00186421710532],[-0.000372112757759,0.000776649801992,0.0000661393714836,0.000146827631397,0.000233026148635,0.000549770193174,-0.00263465498574,0.012032574974,-0.00545706320554,0.00129084812943,-0.00120077247266,0.000802743132226,-0.000594132870901],[0.000455099128885,-0.000544404610991,0.000598292623181,-0.000927701767068,-0.000272263889201,-0.0000127565162984,0.00330154947005,-0.00545706320554,0.0115992557257,-0.00365198566578,0.00130700040609,-0.000927101238631,0.00109406968113],[-0.000493693398312,0.0012922892347,-0.000929319416173,0.000681504199747,-0.00131731387228,0.000829241296742,-0.00103036337532,0.00129084812943,-0.00365198566578,0.0139570441097,-0.00605075946078,0.00373253365979,-0.000769337289967],[0.000525937182829,-0.00092410412617,0.00178164558019,0.000259343360085,0.00120581954252,-0.00252264342271,0.000528848438989,-0.00120077247266,0.00130700040609,-0.00605075946078,0.0122336065397,-0.00376043980941,0.00206634169444],[-0.000462141499156,0.000695917988196,-0.00126552267466,0.000644879590254,-0.000244602881139,0.00206538685597,-0.000573558732867,0.000802743132226,-0.000927101238631,0.00373253365979,-0.00376043980941,0.0119620198384,-0.00543068349361],[0.000358392542694,-0.000563495210372,-0.0000518280903634,-0.000140747724799,-0.00113645661622,-0.0000340027800121,0.00186421710532,-0.000594132870901,0.00109406968113,-0.000769337289967,0.00206634169444,-0.00543068349361,0.0139049738646]],"mean":[-79.2311553955,94.0517044067,-84.4380340576,16.6584415436,-48.9583854675,11.2596530914,-37.7055397034,3.95826745033,-15.5686616898,0.564487040043,-5.39180850983,1.69071686268,-12.2372846603]},"hfc":{"dmean":4.65256929398,"dmean2":6.7205491066,"dvar":121.95275116,"dvar2":258.875488281,"max":303.465179443,"mean":14.249669075,"median":6.82633399963,"min":1.12121155658e-16,"var":464.813903809},"melbands":{"dmean":[0.00160650420003,0.000813880062196,0.000286735885311,0.000206843644264,0.000210579761188,0.000223884955631,0.000268888456048,0.000234013597947,0.000129167747218,0.0000650239453535,0.0000495033818879,0.0000719379313523,0.000065296277171,0.0000425734942837,0.0000447818201792,0.000032952742913,0.0000344512773154,0.0000302968346659,0.0000183132960956,0.000010956119695,0.00000544120075574,0.00000412161671193,0.00000418600757257,0.0000059528588281,0.00000576806678509,0.00000355793986273,0.0000025869583169,0.00000156081841851,0.00000122973767702,8.10631433978e-7,7.70025565089e-7,9.15226905818e-7,0.00000112938744223,9.87231828731e-7,5.0868135304e-7,4.29078568231e-7,4.08917742334e-7,3.68500877812e-7,3.06704066588e-7,3.13608239821e-7],"dmean2":[0.00254178000614,0.00146851723548,0.000469982915092,0.000338439858751,0.000329175032675,0.000355155236321,0.000427471211879,0.00037263619015,0.000195738946786,0.0000976095543592,0.0000773439242039,0.000107628256956,0.000096638344985,0.0000611265058978,0.0000652966555208,0.0000496810534969,0.0000528125565324,0.0000477216453874,0.0000281523971353,0.000016736526959,0.00000847346655064,0.00000643494149699,0.00000645963973511,0.00000918994010135,0.00000895066386875,0.00000564229685551,0.00000417830233346,0.00000247848288382,0.0000019794445052,0.00000129648606162,0.00000119892752082,0.00000142411943216,0.00000178943821538,0.00000155057546181,7.80869527262e-7,6.4233017838e-7,6.16724264546e-7,5.41384736152e-7,4.56433383533e-7,4.67211862087e-7],"dvar":[0.0000660838850308,0.0000219030807784,0.00000176520268269,3.32887594823e-7,2.99315303209e-7,3.92464215793e-7,5.9137386188e-7,4.82277073388e-7,2.70317400464e-7,7.73308244106e-8,2.66434643237e-8,6.4142170686e-8,4.50458692569e-8,3.4993686171e-8,5.1806630097e-8,2.70759592524e-8,1.68217511032e-8,1.89229485414e-8,6.7194290132e-9,2.01292116309e-9,4.15901063588e-10,1.79901454844e-10,1.89532556316e-10,4.37539449116e-10,3.90818516438e-10,1.99189997829e-10,9.65150181997e-11,4.69709410256e-11,3.31383566421e-11,2.08756015946e-11,2.23997903559e-11,2.5009189164e-11,3.208087615e-11,2.57041748997e-11,5.47514854635e-12,2.61611695848e-12,2.57284081193e-12,2.3965298062e-12,1.62991354354e-12,1.92625949913e-12],"dvar2":[0.000162042328157,0.000063390842115,0.00000449927802038,8.67312792252e-7,7.16029603609e-7,9.73410465122e-7,0.00000149742527356,0.00000121146115362,6.16813338183e-7,1.70285886725e-7,6.45846114367e-8,1.34005006203e-7,9.89314798971e-8,6.67733388582e-8,1.02815192804e-7,5.66040867511e-8,3.79768323455e-8,4.47327401787e-8,1.59481743367e-8,4.4821888423e-9,9.32047883317e-10,4.24731333437e-10,4.35443958668e-10,1.02380026679e-9,8.9947416182e-10,5.27675125817e-10,2.4911928076e-10,1.19095219797e-10,7.87761314514e-11,4.80529470381e-11,5.20177581564e-11,5.92446577907e-11,8.17257719832e-11,6.8241266804e-11,1.22028272903e-11,5.3373334398e-12,5.64804539943e-12,4.64830517827e-12,3.40517414613e-12,4.12709233108e-12],"max":[0.125311464071,0.0795986875892,0.044486798346,0.0234650503844,0.0275466982275,0.0182032007724,0.0242250654846,0.0169150978327,0.0246325396001,0.0117283752188,0.0056534903124,0.00805339217186,0.0103337662295,0.0076114856638,0.0139001961797,0.00707193790004,0.00414103129879,0.0057425070554,0.00306991767138,0.0014526770683,0.000611039111391,0.00047663677833,0.000402536883485,0.000681465666275,0.000724214594811,0.000507284130435,0.000267196097411,0.000338620477123,0.000174947548658,0.000134097819682,0.000213744831854,0.000166874291608,0.000213822568185,0.000276615348412,0.000107493600808,0.0000496820975968,0.000067156724981,0.0000801686546765,0.0000423674282501,0.0000517047519679],"mean":[0.00170772720594,0.00104572053533,0.000544084294233,0.000409681233577,0.000420132069848,0.000401966186473,0.000461872521555,0.000408532156143,0.000219166977331,0.000112619898573,0.000091118257842,0.00012816110393,0.000122954632388,0.0000741215990274,0.0000837190746097,0.0000531970217708,0.0000549994656467,0.0000457626701973,0.0000300007359328,0.0000173608750629,0.00000833254489407,0.00000714271072866,0.00000724114761397,0.00000938106404647,0.00000920246020542,0.0000053430430853,0.0000039397209548,0.00000226941506298,0.00000164322568708,0.00000117467197924,0.00000114968770504,0.0000013621255448,0.00000174672845787,0.00000157981128268,8.95354276054e-7,7.87291526194e-7,7.57488294312e-7,6.51845539323e-7,5.26673829881e-7,5.22401251146e-7],"median":[0.00036471139174,0.000360297155567,0.000183891519555,0.000189639205928,0.00015380930563,0.000100984754681,0.0000902955944184,0.0000549216092622,0.0000268424173555,0.0000131435372168,0.0000110647533802,0.0000140354059113,0.000011271299627,0.00000597882535658,0.00000522399568581,0.00000487471606903,0.00000567020379094,0.00000461182389699,0.00000261981745098,0.00000192994775716,0.00000134273295771,0.00000133741821173,0.00000134437550514,0.00000145907995375,0.00000109875486487,7.59805971029e-7,5.34905268523e-7,3.10705786433e-7,1.80296751751e-7,1.29149825057e-7,1.47919834603e-7,2.09952432328e-7,3.37215738e-7,3.49358629137e-7,2.31415015151e-7,2.14521705288e-7,1.95155337224e-7,1.42382333479e-7,1.13784281552e-7,1.18808898719e-7],"min":[1.59658599904e-23,4.92818959647e-24,5.94256926841e-24,1.35926729312e-23,9.59458465748e-24,4.62104739188e-24,1.07242800166e-23,1.44039453748e-23,6.7330863871e-24,5.75008089665e-24,1.57717718087e-23,1.57040796545e-23,9.68754244883e-24,1.36401008266e-23,6.22935373405e-24,3.64894119812e-24,1.90382381357e-23,7.96925035825e-24,5.4008947724e-24,9.49738594991e-24,1.64378196928e-23,2.08687220242e-23,1.5164404132e-23,1.98588759359e-23,1.26162698121e-23,1.41992896124e-23,1.23100450528e-23,1.07280531383e-23,9.90885264263e-24,5.45874628131e-24,7.54549952351e-24,1.04221873106e-23,9.38906193699e-24,1.3134765997e-23,5.58984549743e-24,7.0021684196e-24,1.00698512648e-23,1.57209249902e-23,1.19813874559e-23,1.07054877721e-23],"var":[0.0000568397445022,0.0000144546438605,0.00000233488481172,5.728440442e-7,9.20422337458e-7,8.48932472763e-7,0.00000105700416952,9.88009446701e-7,5.47939521311e-7,1.66173734328e-7,7.64030474443e-8,1.76305960053e-7,1.46330989992e-7,1.10343052029e-7,2.06638461009e-7,6.30854373185e-8,3.24094813209e-8,3.20989173019e-8,1.43232519179e-8,4.28792290563e-9,7.36649463651e-10,4.04765110318e-10,3.99971361587e-10,7.90049525801e-10,7.8932138603e-10,2.72168371174e-10,1.56481133606e-10,6.29310631384e-11,4.53588590299e-11,3.36770125675e-11,3.15655244998e-11,3.46554243635e-11,3.86064236135e-11,2.79826561228e-11,9.45253597617e-12,5.55380351083e-12,4.91910245176e-12,5.17790584714e-12,3.2100977692e-12,3.3191210197e-12]},"melbands_crest":{"dmean":3.16197943687,"dmean2":5.02999544144,"dvar":11.6807804108,"dvar2":25.7866973877,"max":38.7111091614,"mean":14.3564138412,"median":13.1285114288,"min":1.43084204197,"var":35.9004364014},"melbands_flatness_db":{"dmean":0.0242433045059,"dmean2":0.0361627675593,"dvar":0.000780171249062,"dvar2":0.00172716833185,"max":0.648399293423,"mean":0.251854151487,"median":0.23905596137,"min":0.00271442928351,"var":0.00722162565216},"melbands_kurtosis":{"dmean":10.76450634,"dmean2":17.0742321014,"dvar":978.702331543,"dvar2":2369.47363281,"max":1073.40087891,"mean":19.7318782806,"median":9.43933868408,"min":-1.69413876534,"var":1450.21154785},"melbands_skewness":{"dmean":0.753978312016,"dmean2":1.14902710915,"dvar":1.25309586525,"dvar2":2.76997518539,"max":27.6074848175,"mean":2.5721039772,"median":2.14634943008,"min":-1.8099527359,"var":4.18836259842},"melbands_spread":{"dmean":4.28628206253,"dmean2":6.5962896347,"dvar":50.738243103,"dvar2":111.154418945,"max":236.70223999,"mean":16.6382484436,"median":12.1680841446,"min":0.20154286921,"var":341.82510376},"mfcc":{"cov":[[17634.0761719,542.878540039,-1582.52978516,-771.371887207,-703.317504883,-295.906738281,-141.690307617,99.5373001099,-366.220733643,143.300857544,375.095703125,-133.156417847,102.272285461],[542.878540039,1402.50524902,140.889404297,34.5350494385,91.766418457,9.24569511414,-34.6143760681,44.8250160217,-11.1601047516,-81.7235183716,-49.8178825378,-39.5281829834,-28.6623477936],[-1582.52978516,140.889404297,794.661865234,100.278556824,80.4076919556,86.1867523193,4.06503534317,18.208896637,58.5514450073,-62.9383506775,-74.7936401367,-8.8568944931,-58.1027259827],[-771.371887207,34.5350494385,100.278556824,411.033569336,159.903945923,41.6703338623,-21.1189250946,15.4303665161,95.6673278809,-25.9730072021,-56.6357421875,28.3169956207,0.167623028159],[-703.317504883,91.766418457,80.4076919556,159.903945923,293.078826904,44.2649230957,-44.5571899414,-4.19297409058,56.607963562,11.6652078629,-46.1431503296,19.1640415192,-2.5215818882],[-295.906738281,9.24569511414,86.1867523193,41.6703338623,44.2649230957,175.49949646,84.428604126,7.23108673096,19.2193832397,1.28973209858,3.55502128601,-0.643976271152,-22.7012500763],[-141.690307617,-34.6143760681,4.06503534317,-21.1189250946,-44.5571899414,84.428604126,215.884170532,12.0003833771,-16.6591720581,22.9586906433,34.2347335815,5.00786542892,-5.79858541489],[99.5373001099,44.8250160217,18.208896637,15.4303665161,-4.19297409058,7.23108673096,12.0003833771,130.287643433,23.414937973,-20.3275966644,1.867218256,-25.758354187,-15.8383560181],[-366.220733643,-11.1601047516,58.5514450073,95.6673278809,56.607963562,19.2193832397,-16.6591720581,23.414937973,153.922195435,-5.58322525024,-46.631187439,11.5629806519,-26.590719223],[143.300857544,-81.7235183716,-62.9383506775,-25.9730072021,11.6652078629,1.28973209858,22.9586906433,-20.3275966644,-5.58322525024,155.495254517,57.1131668091,16.4011268616,23.3710346222],[375.095703125,-49.8178825378,-74.7936401367,-56.6357421875,-46.1431503296,3.55502128601,34.2347335815,1.867218256,-46.631187439,57.1131668091,127.900741577,27.9711894989,21.0348873138],[-133.156417847,-39.5281829834,-8.8568944931,28.3169956207,19.1640415192,-0.643976271152,5.00786542892,-25.758354187,11.5629806519,16.4011268616,27.9711894989,110.227416992,45.7696380615],[102.272285461,-28.6623477936,-58.1027259827,0.167623028159,-2.5215818882,-22.7012500763,-5.79858541489,-15.8383560181,-26.590719223,23.3710346222,21.0348873138,45.7696380615,127.41696167]],"icov":[[0.0000846462862683,-0.0000570377342228,0.000144521312905,0.0000505003408762,0.000145477679325,-0.0000312002521241,0.000119775002531,-0.0000748708334868,0.0000399932359869,-0.000038301684981,-0.00012288299331,0.000069134250225,-0.0000106482184492],[-0.0000570377342228,0.0008159406716,-0.000191517334315,0.0000129188747451,-0.000405946426326,0.0000603070038778,-0.000043950840336,-0.000178614704055,0.000200760681764,0.000363067985745,0.000125369842863,0.000115300048492,0.000033673895814],[0.000144521312905,-0.000191517334315,0.00173017103225,-0.0000260884316958,0.000160802854225,-0.000709738698788,0.00028620386729,-0.00021374617063,-0.00000952018217504,0.000196600303752,0.000374486058718,-0.000152781169163,0.000448114908068],[0.0000505003408762,0.0000129188747451,-0.0000260884316958,0.00358523451723,-0.00146444060374,-0.000285334332148,-0.00000769240978116,-0.000318634236464,-0.00138673908077,0.000564864894841,0.000343900726875,-0.00052358355606,-0.000435720867245],[0.000145477679325,-0.000405946426326,0.000160802854225,-0.00146444060374,0.0054589798674,-0.00162369303871,0.00163324410096,-0.00010216012015,-0.0000430584659625,-0.00158352172002,0.00128251628485,-0.000760192226153,0.0000903524196474],[-0.0000312002521241,0.0000603070038778,-0.000709738698788,-0.000285334332148,-0.00162369303871,0.0083843357861,-0.00359921716154,0.000373278657207,-0.000710084917955,0.000536344130524,-0.00102791108657,0.000505027826875,0.00080132484436],[0.000119775002531,-0.000043950840336,0.00028620386729,-0.00000769240978116,0.00163324410096,-0.00359921716154,0.00675451988354,-0.00085579638835,0.000786347547546,-0.00098623870872,-0.000499758985825,-0.000570215459447,0.000248906377237],[-0.0000748708334868,-0.000178614704055,-0.00021374617063,-0.000318634236464,-0.00010216012015,0.000373278657207,-0.00085579638835,0.00912049692124,-0.00226812646724,0.00163332279772,-0.00217833789065,0.00278580188751,-0.000331888208166],[0.0000399932359869,0.000200760681764,-0.00000952018217504,-0.00138673908077,-0.0000430584659625,-0.000710084917955,0.000786347547546,-0.00226812646724,0.00965789146721,-0.00161764409859,0.00362863857299,-0.00275079184212,0.0023383256048],[-0.000038301684981,0.000363067985745,0.000196600303752,0.000564864894841,-0.00158352172002,0.000536344130524,-0.00098623870872,0.00163332279772,-0.00161764409859,0.00890647619963,-0.00433545606211,0.00111602712423,-0.00123270275071],[-0.00012288299331,0.000125369842863,0.000374486058718,0.000343900726875,0.00128251628485,-0.00102791108657,-0.000499758985825,-0.00217833789065,0.00362863857299,-0.00433545606211,0.0133340135217,-0.00430495897308,0.000743472308386],[0.000069134250225,0.000115300048492,-0.000152781169163,-0.00052358355606,-0.000760192226153,0.000505027826875,-0.000570215459447,0.00278580188751,-0.00275079184212,0.00111602712423,-0.00430495897308,0.0132236145437,-0.00452141510323],[-0.0000106482184492,0.000033673895814,0.000448114908068,-0.000435720867245,0.0000903524196474,0.00080132484436,0.000248906377237,-0.000331888208166,0.0023383256048,-0.00123270275071,0.000743472308386,-0.00452141510323,0.0103994123638]],"mean":[-726.510620117,131.317123413,21.8485641479,14.7123365402,13.0988168716,4.19197225571,-2.88566017151,3.92428588867,-9.16950893402,2.15623044968,4.34411478043,-3.02925491333,3.33904695511]},"pitch_salience":{"dmean":0.066699065268,"dmean2":0.105796985328,"dvar":0.00425084959716,"dvar2":0.00974271260202,"max":0.868618488312,"mean":0.5215934515,"median":0.528846144676,"min":0.0796014592052,"var":0.0148050766438},"silence_rate_20dB":{"dmean":0.000286307360511,"dmean2":0.000572655699216,"dvar":0.000286211579805,"dvar2":0.000715410686098,"max":1,"mean":0.99978530407,"median":1,"min":0,"var":0.000214654079173},"silence_rate_30dB":{"dmean":0.0244792792946,"dmean2":0.0489620603621,"dvar":0.0238828267902,"dvar2":0.053434625268,"max":1,"mean":0.973446905613,"median":1,"min":0,"var":0.0258461292833},"silence_rate_60dB":{"dmean":0.0259108152241,"dmean2":0.0518253408372,"dvar":0.0252395179123,"dvar2":0.0555819161236,"max":1,"mean":0.19646435976,"median":0,"min":0,"var":0.15784651041},"spectral_centroid":{"dmean":156.920730591,"dmean2":240.188461304,"dvar":50984.4960938,"dvar2":108296.75,"max":11555.9052734,"mean":897.676574707,"median":763.129516602,"min":155.285003662,"var":360472.15625},"spectral_complexity":{"dmean":1.85570108891,"dmean2":2.9748032093,"dvar":7.65821170807,"dvar2":15.599609375,"max":62,"mean":10.8952188492,"median":10,"min":0,"var":64.340675354},"spectral_contrast_coeffs":{"dmean":[0.0379198528826,0.0456108823419,0.0372615866363,0.0305562056601,0.0215710066259,0.0149210551754],"dmean2":[0.0625459030271,0.0731530562043,0.0590617097914,0.0486406870186,0.0340478643775,0.0237815957516],"dvar":[0.00112863758113,0.00156282423995,0.00104242155794,0.000722305034287,0.000385528343031,0.000216067521251],"dvar2":[0.00292388536036,0.00379322469234,0.00245719775558,0.00166373280808,0.000853760167956,0.000516346946824],"max":[-0.289182513952,-0.352099984884,-0.38622918725,-0.436689645052,-0.547742068768,-0.616084992886],"mean":[-0.68725591898,-0.681260704994,-0.748046159744,-0.763373911381,-0.786925971508,-0.811376214027],"median":[-0.691288709641,-0.684984207153,-0.759445905685,-0.772065162659,-0.793582558632,-0.813341081142],"min":[-0.950765490532,-0.972831785679,-0.971377193928,-0.964566588402,-0.96238720417,-0.955988764763],"var":[0.00652123382315,0.0101193264127,0.00898558087647,0.00735464692116,0.004200367257,0.00166337576229]},"spectral_contrast_valleys":{"dmean":[0.292110919952,0.309312701225,0.293268352747,0.255487501621,0.248208329082,0.261154711246],"dmean2":[0.472699612379,0.505998432636,0.478279411793,0.415098130703,0.383199095726,0.358371287584],"dvar":[0.0969221666455,0.0756069049239,0.0748469084501,0.0684468522668,0.108800314367,0.121237225831],"dvar2":[0.203736335039,0.182680666447,0.175621673465,0.155058756471,0.237514585257,0.22241102159],"max":[-4.69940090179,-4.90992689133,-5.44475412369,-5.72064161301,-5.26576185226,-7.44664382935],"mean":[-7.6265630722,-7.5469288826,-8.47015476227,-8.78667640686,-8.94087982178,-10.8858642578],"median":[-7.29736614227,-7.11763477325,-8.1173658371,-8.45450019836,-8.59237670898,-10.4889125824],"min":[-27.6127567291,-26.9438934326,-27.0917682648,-27.2108325958,-27.2589035034,-27.3057498932],"var":[2.74794173241,3.04854249954,3.01155638695,2.80176496506,2.67369842529,2.69607877731]},"spectral_decrease":{"dmean":2.61781929467e-9,"dmean2":4.07964106941e-9,"dvar":6.95019848503e-17,"dvar2":1.7317484051e-16,"max":1.32186860606e-15,"mean":-5.60190560606e-9,"median":-3.16149351143e-9,"min":-1.40359034617e-7,"var":8.34812379408e-17},"spectral_energy":{"dmean":0.0102247968316,"dmean2":0.015886483714,"dvar":0.00101836398244,"dvar2":0.00253558531404,"max":0.545920312405,"mean":0.022435400635,"median":0.0125806499273,"min":1.05579031175e-20,"var":0.00127128034364},"spectral_energyband_high":{"dmean":0.000196031338419,"dmean2":0.000272942270385,"dvar":8.43765235459e-7,"dvar2":0.00000171566989593,"max":0.0324161611497,"mean":0.000381638441468,"median":0.0000931574686547,"min":7.45286581515e-21,"var":0.00000162995263508},"spectral_energyband_low":{"dmean":0.00638650311157,"dmean2":0.0100846644491,"dvar":0.000952636997681,"dvar2":0.00237899250351,"max":0.50722014904,"mean":0.00806199479848,"median":0.00230037700385,"min":6.15976926023e-23,"var":0.000837244559079},"spectral_energyband_middle_high":{"dmean":0.0016249299515,"dmean2":0.00237587164156,"dvar":0.0000133236862894,"dvar2":0.0000282912515104,"max":0.118186421692,"mean":0.0046979538165,"median":0.00126895029098,"min":1.97464329646e-21,"var":0.0000773163119447},"spectral_energyband_middle_low":{"dmean":0.00389653071761,"dmean2":0.00621674535796,"dvar":0.0000568922077946,"dvar2":0.00014439295046,"max":0.178854852915,"mean":0.00999973993748,"median":0.0063347555697,"min":3.11454780938e-22,"var":0.000148684630403},"spectral_entropy":{"dmean":0.199746400118,"dmean2":0.298133403063,"dvar":0.0500011742115,"dvar2":0.104419350624,"max":9.79090213776,"mean":7.16274118423,"median":7.2006072998,"min":4.74887371063,"var":0.353211641312},"spectral_flux":{"dmean":0.0247854888439,"dmean2":0.039027120918,"dvar":0.00198884448037,"dvar2":0.00430087605491,"max":0.663840770721,"mean":0.0666813254356,"median":0.0492154583335,"min":1.02751654407e-10,"var":0.00454641599208},"spectral_kurtosis":{"dmean":1.78639125824,"dmean2":2.81393527985,"dvar":7.79802131653,"dvar2":16.8409843445,"max":116.25402832,"mean":6.87253761292,"median":5.49784469604,"min":-1.22208416462,"var":33.2855453491},"spectral_rms":{"dmean":0.000752703053877,"dmean2":0.00111265783198,"dvar":0.00000214316310121,"dvar2":0.00000473618956676,"max":0.0230782404542,"mean":0.0038655679673,"median":0.00350339896977,"min":3.20942252809e-12,"var":0.00000694570098858},"spectral_rolloff":{"dmean":333.957397461,"dmean2":569.084777832,"dvar":1437476.125,"dvar2":3554638,"max":21662.4023438,"mean":1286.40466309,"median":624.462890625,"min":21.533203125,"var":7897057},"spectral_skewness":{"dmean":0.235742539167,"dmean2":0.364173024893,"dvar":0.0846274197102,"dvar2":0.17970572412,"max":9.34566116333,"mean":2.09132623672,"median":1.98653924465,"min":-0.0332291126251,"var":0.464790552855},"spectral_spread":{"dmean":660967.4375,"dmean2":963711.75,"dvar":923341815808,"dvar2":1655384178690,"max":41121472,"mean":5147404.5,"median":4649455,"min":1021620.125,"var":5157430493180},"spectral_strongpeak":{"dmean":0.503550350666,"dmean2":0.806918501854,"dvar":0.716107130051,"dvar2":1.64287757874,"max":16.3067188263,"mean":1.09857106209,"median":0.537887692451,"min":0,"var":2.13608765602},"zerocrossingrate":{"dmean":0.00952048785985,"dmean2":0.0113646853715,"dvar":0.000233756392845,"dvar2":0.000290003197733,"max":0.8837890625,"mean":0.0588927567005,"median":0.0419921875,"min":0.001953125,"var":0.0101694269106}},"metadata":{"audio_properties":{"analysis_sample_rate":44100,"bit_rate":0,"codec":"flac","downmix":"mix","equal_loudness":0,"length":324.399993896,"lossless":true,"md5_encoded":"d436fcb5c2cd0ab9c8002e444158613d","replay_gain":-8.21816635132,"sample_rate":44100},"tags":{"acoustid_id":["dd11e027-8030-4b33-ab11-811d213be7c8"],"album":["The Columbia Masters"],"albumartist":["Earth, Wind & Fire"],"albumartistsort":["Earth, Wind & Fire"],"artist":["Earth, Wind & Fire"],"artistsort":["Earth, Wind & Fire"],"asin":["B005L12SH6"],"barcode":["886978946928"],"catalognumber":["88697894692"],"date":["2012"],"discnumber":["13"],"discsubtitle":["Electric Universe"],"disctotal":["16"],"file_name":"1307. Earth, Wind & Fire ~ We're Living in Our Own Time.flac","genre":["Funk","Soul","Disco"],"grouping":["R&B"],"label":["Legacy"],"media":["CD"],"mood":["Funky"],"musicbrainz_albumartistid":["535afeda-2538-435d-9dd1-5e10be586774"],"musicbrainz_albumid":["728bbd58-e625-4d6a-8544-28c829c363c2"],"musicbrainz_artistid":["535afeda-2538-435d-9dd1-5e10be586774"],"musicbrainz_recordingid":["2c1f2871-f259-46bf-8dfe-e6988a74cd31"],"musicbrainz_releasegroupid":["93ded9dc-3e27-40a1-83e5-92e36a48f808"],"musicbrainz_releasetrackid":["f5c20f4f-5d5a-4279-9dc1-fc63ff50ffc6"],"originaldate":["2012-06-12"],"originalyear":["2012"],"releasestatus":["official"],"releasetype":["album","compilation"],"script":["Latn"],"title":["We're Living in Our Own Time"],"totaldiscs":["16"],"totaltracks":["8"],"tracknumber":["7"],"tracktotal":["8"],"website":["http://www.earthwindandfire.com/"]},"version":{"essentia":"2.1-beta2","essentia_build_sha":"2d9f1f26377add8aeb1075a9c2973f962c4f09fd","essentia_git_sha":"v2.1_beta2-1-ge3940c0","extractor":"music 1.0"}},"rhythm":{"