{"lowlevel":{"average_loudness":0.951663970947,"barkbands":{"dmean":[0.00654055504128,0.0260373074561,0.00460533890873,0.00136173598003,0.0013173079351,0.000896079407539,0.000998806557618,0.000629141286481,0.000707771338057,0.000821006658953,0.000773973180912,0.000959782744758,0.00181054580025,0.00141181866638,0.00118669494987,0.000489654776175,0.000299059756799,0.000253463193076,0.000148481907672,0.000106964922452,0.0000806447278592,0.0000677724601701,0.0000410988432122,0.00000659007446302,0.0000037082381823,0.0000326762674376,0.000922533567064],"dmean2":[0.0110652530566,0.0436904169619,0.00782846007496,0.00230294419453,0.00221079634503,0.00148230977356,0.00164806016255,0.00106387364212,0.00117216899525,0.00136461853981,0.00131131906528,0.00161073321942,0.00305137573741,0.00238553574309,0.00197330233641,0.000821812776849,0.0005045539001,0.000424938742071,0.000236714899074,0.000167360136402,0.000120530050481,0.000096505638794,0.0000584703666391,0.0000104242435555,0.00000613151132711,0.000045564109314,0.00148528546561],"dvar":[0.0000741409894545,0.00149050285108,0.0000410591965192,0.00000290463390229,0.00000334047922479,0.00000612476242168,0.00000886819452717,0.00000326219151248,0.00000325283031088,0.00000298336158266,0.00000247443972512,0.00000181282689482,0.00000438499773736,0.00000341484269484,0.00000226900124289,4.87552256345e-7,1.311365736e-7,9.15550799618e-8,6.68120705427e-8,4.28597530799e-8,6.55702834251e-8,3.83356706379e-8,9.37799349288e-9,1.30499791529e-10,3.08933295612e-11,4.94951235552e-9,8.94880486157e-7],"dvar2":[0.000181978102773,0.00373306730762,0.000109295215225,0.00000763187017583,0.00000844033638714,0.0000153291548486,0.000023229062208,0.00000879652179719,0.00000832178011478,0.00000743585633245,0.00000647869410386,0.0000047554331104,0.0000118694788398,0.00000920686306927,0.00000581639824304,0.00000125704514176,3.59723770771e-7,2.50389376788e-7,1.729827801e-7,1.0042882792e-7,1.3934487697e-7,7.58977591886e-8,2.03654675346e-8,3.0585417532e-10,7.74091346578e-11,9.98603866265e-9,0.00000230597674999],"max":[0.0989580303431,0.398558974266,0.136431604624,0.0319505892694,0.0461875721812,0.121407270432,0.0798022225499,0.0692581832409,0.0630539730191,0.0605408772826,0.0670287907124,0.0470834337175,0.0461711473763,0.058225300163,0.0342237129807,0.025693140924,0.00568287959322,0.00496122147888,0.0052319644019,0.00633312063292,0.0121764056385,0.00979210902005,0.00332679320127,0.000526253308635,0.0000929640809773,0.00152144406457,0.0158576909453],"mean":[0.00617727590725,0.026961222291,0.00567022990435,0.0018452971708,0.00205895048566,0.00129386701155,0.00139614648651,0.00092648138525,0.00108125212137,0.00127349968534,0.00119860563427,0.00168004003353,0.00333249033429,0.00264362525195,0.00232541491278,0.000950224231929,0.000640242069494,0.000559110718314,0.000312808901072,0.000237296932028,0.000176324581844,0.000141172029544,0.000076468961197,0.00000979345622909,0.00000398988231609,0.0000598622791586,0.00321095623076],"median":[0.002366758883,0.0136015564203,0.00325290998444,0.00122402177658,0.00138847704511,0.000576087099034,0.000369269109797,0.000262425281107,0.000441768788733,0.000699069467373,0.000687150284648,0.00123396189883,0.00271827401593,0.00214248010889,0.00179612671491,0.000715219823178,0.000515064457431,0.000444357749075,0.000175283654244,0.000131022650748,0.0000908256770344,0.000071142509114,0.0000374691917386,0.00000550053573534,0.00000194955782717,0.0000288255832857,0.00284666987136],"min":[6.97698610596e-25,5.51745390153e-25,2.62303962101e-24,9.96550133588e-25,1.12675582668e-23,8.54179377034e-24,1.53293013047e-23,1.01838889972e-23,1.93437071663e-23,1.12319088536e-23,1.95949704087e-23,2.30435784078e-23,2.89188109037e-23,3.1531817989e-23,6.07748728128e-23,4.86382225425e-23,9.02714044228e-23,9.1955313222e-23,9.80109061421e-23,1.69831428283e-22,2.67923719627e-22,2.79158335851e-22,2.60784616787e-22,5.78211516539e-22,8.05528059401e-22,1.34253059297e-21,1.99110390793e-21],"var":[0.0000778085086495,0.00147885759361,0.0000592235664953,0.00000449031722383,0.00000671947054798,0.0000119208025353,0.0000146250040416,0.00000690893102728,0.00000585307725487,0.00000440879603048,0.00000367672851098,0.00000304134778162,0.00000750431854613,0.00000547408171769,0.00000457964597445,9.19294620871e-7,2.69446161383e-7,2.04364951628e-7,1.55747102326e-7,1.37834419434e-7,1.7117216089e-7,8.52561683473e-8,1.75744006015e-8,2.25080301619e-10,3.37017774799e-11,1.02637800481e-8,0.00000397743860958]},"barkbands_crest":{"dmean":3.94694232941,"dmean2":6.53360652924,"dvar":11.775437355,"dvar2":29.1692028046,"max":24.2760219574,"mean":9.78277587891,"median":8.64638710022,"min":2.55141115189,"var":21.1222496033},"barkbands_flatness_db":{"dmean":0.0277539752424,"dmean2":0.0452895313501,"dvar":0.00058174028527,"dvar2":0.00151669105981,"max":0.347945213318,"mean":0.12024153024,"median":0.115061804652,"min":0.0355727411807,"var":0.00130917923525},"barkbands_kurtosis":{"dmean":3.28117346764,"dmean2":5.48126077652,"dvar":50.4370536804,"dvar2":122.411979675,"max":207.987869263,"mean":2.98763132095,"median":1.02218174934,"min":-1.67748606205,"var":60.2655220032},"barkbands_skewness":{"dmean":0.709805428982,"dmean2":1.13939189911,"dvar":0.568103671074,"dvar2":1.40429913998,"max":13.179271698,"mean":1.45490217209,"median":1.25580382347,"min":-2.20853304863,"var":1.21902930737},"barkbands_spread":{"dmean":11.889705658,"dmean2":19.1911354065,"dvar":102.187568665,"dvar2":264.012634277,"max":110.660240173,"mean":46.0052909851,"median":45.5408782959,"min":1.04115486145,"var":291.048980713},"dissonance":{"dmean":0.00916042178869,"dmean2":0.0158724598587,"dvar":0.000108696694952,"dvar2":0.000306666654069,"max":0.500000178814,"mean":0.486989736557,"median":0.490493416786,"min":0.245341673493,"var":0.000143802782986},"dynamic_complexity":1.48432838917,"erbbands":{"dmean":[0.888096153736,5.52105617523,6.72402381897,4.32504034042,4.6829457283,4.39613628387,4.92560148239,8.39284706116,13.6127634048,14.7037010193,12.9814558029,16.1149253845,18.2293205261,29.4944934845,27.2762203217,41.3772315979,77.546081543,57.3379058838,74.2134170532,40.1576690674,21.2525730133,16.2223396301,14.5170583725,8.35878753662,6.56075286865,5.05597877502,3.74548745155,3.03495812416,2.55301380157,1.97093749046,0.971020877361,0.257388472557,0.0630014017224,0.0409282892942,0.0268140155822,0.0173076596111,0.0560965724289,0.0888403728604,0.0254954006523,0.0185753870755],"dmean2":[1.53858244419,9.23140525818,11.3155698776,7.18469142914,7.97107601166,7.42707109451,8.18974685669,14.0636234283,22.5487155914,24.282585144,21.8611049652,26.9272899628,30.1930046082,49.1824073792,45.8336868286,69.3146820068,130.327041626,95.9449234009,124.030509949,66.1355514526,35.7635040283,27.2548751831,24.3530635834,13.3169059753,10.4579639435,7.87430906296,5.72882604599,4.52450609207,3.65679931641,2.82819724083,1.37603867054,0.379387676716,0.103321626782,0.0678013414145,0.0442083962262,0.0279641468078,0.0766861438751,0.119002841413,0.0344493053854,0.029436096549],"dvar":[1.48777902126,79.357673645,93.8994979858,30.0054244995,37.1106452942,44.5289421082,93.0974273682,610.485900879,1752.9161377,2777.21948242,1214.14282227,1663.59594727,1620.66589355,3371.07373047,2705.36376953,3341.42407227,8425.8515625,4207.90039062,8863.81445312,3016.64819336,789.731811523,390.724914551,290.681091309,170.032974243,143.016021729,92.6261749268,112.178016663,111.719696045,62.22681427,22.7655086517,5.1194601059,0.251420140266,0.00974924862385,0.00388278393075,0.0015657984186,0.000565134512726,0.0137367658317,0.0385631285608,0.0030554428231,0.000316182908136],"dvar2":[3.9313313961,196.167327881,246.62008667,75.0070419312,99.4777984619,112.861434937,227.27923584,1573.62255859,4567.76416016,6995.58203125,3426.89257812,4276.11376953,4041.88720703,8615.21972656,7061.00537109,8840.8515625,22549.8984375,11281.9433594,23626.3066406,7561.30859375,2090.84204102,1064.82897949,798.767272949,434.775604248,363.416564941,220.709884644,257.415252686,240.003158569,122.394165039,48.3183708191,11.0368738174,0.544436216354,0.0241188555956,0.00973351672292,0.00392228411511,0.00140570534859,0.0263293292373,0.0717671811581,0.00528986705467,0.000781110429671],"max":[13.9482374191,97.1287994385,134.570236206,118.897506714,121.99230957,162.934112549,392.122436523,1116.85778809,1255.66918945,2433.62915039,877.626953125,1088.34265137,1485.22021484,2478.96044922,2082.7878418,2021.27734375,1993.79797363,1647.96557617,3006.41870117,1453.49353027,856.185546875,326.995147705,318.351104736,257.651702881,252.790618896,307.730621338,534.071533203,506.659545898,432.092010498,178.900024414,68.3533706665,19.9880065918,2.53482294083,1.05035877228,0.655344367027,0.366473585367,3.17939257622,6.67723989487,2.84356474876,0.384309649467],"mean":[0.829469561577,5.71909046173,8.21778774261,6.46928930283,6.80103349686,6.35726547241,7.17319345474,11.7199678421,18.9417572021,22.1065292358,20.1648349762,24.7116374969,29.6758785248,48.7677230835,48.1308784485,78.7603683472,148.120483398,127.09400177,152.661651611,87.6530303955,45.0845184326,37.6428565979,33.8101081848,18.6692943573,14.3987178802,11.254073143,8.13474369049,6.46140575409,5.25902271271,3.83661937714,1.8155323267,0.458107799292,0.0754003226757,0.044117026031,0.0294894594699,0.0226832199842,0.108287252486,0.19016392529,0.0925355032086,0.0850030705333],"median":[0.397133529186,2.60263586044,4.54912853241,4.28210544586,4.55210542679,3.99948596954,3.99248313904,4.86027145386,5.40327644348,5.61644935608,6.97077512741,10.1871099472,14.8924541473,28.9572849274,30.4182739258,60.4434051514,121.222946167,111.433151245,123.358520508,69.4264831543,34.7965126038,30.9229202271,28.1231155396,11.2186164856,8.22179985046,6.36264276505,4.32697486877,3.18632984161,2.61200976372,1.94678628445,0.901870787144,0.245986700058,0.0408811345696,0.021391350776,0.0147936753929,0.0139858843759,0.0539611615241,0.0941413119435,0.0554546415806,0.0788808763027],"min":[2.54433879447e-23,1.81525249906e-22,2.90419498191e-21,6.37236881405e-21,1.90372823013e-20,1.56163201662e-20,1.98925692833e-20,7.32792583818e-20,1.19548006611e-19,2.3140297503e-19,2.27779665454e-19,4.46989015978e-19,3.35120437852e-19,4.53040772737e-19,1.21958175686e-18,1.49662822205e-18,1.56250767777e-18,1.97788872667e-18,2.8329184425e-18,2.78227927258e-18,3.44789414071e-18,5.38557072267e-18,5.72118808928e-18,6.58127270583e-18,7.59823129837e-18,8.13803943995e-18,8.90229146022e-18,8.05946307202e-18,9.63371350917e-18,1.13840814521e-17,8.0488106401e-18,1.00839810038e-17,1.12564987687e-17,7.38285249201e-18,6.78475086471e-18,3.70823621041e-18,2.4915281824e-18,9.81181376685e-19,2.59083540254e-19,2.77402934797e-20],"var":[1.28539681435,80.4262008667,114.773269653,54.7784233093,63.1649169922,77.3564682007,156.84992981,1069.0411377,2929.14599609,5854.55908203,2159.67529297,2942.87841797,2575.48681641,5294.34033203,4343.36035156,5676.95556641,14824.4375,8515.71777344,16582.3769531,6395.44628906,1572.98791504,861.470458984,653.836914062,439.548675537,341.359008789,299.298980713,288.53302002,257.983612061,135.348754883,46.3732681274,9.85263729095,0.544760882854,0.0114552695304,0.00418078387156,0.00173492811155,0.000723316567019,0.0324197374284,0.102773651481,0.0158925782889,0.00191880017519]},"erbbands_crest":{"dmean":2.22409653664,"dmean2":3.75231456757,"dvar":3.82355713844,"dvar2":10.4236869812,"max":27.8484420776,"mean":8.37326335907,"median":7.95973682404,"min":2.76498603821,"var":7.68491458893},"erbbands_flatness_db":{"dmean":0.018987102434,"dmean2":0.0288216266781,"dvar":0.000238736305619,"dvar2":0.000541005865671,"max":0.301583647728,"mean":0.153520971537,"median":0.151394814253,"min":0.0320823937654,"var":0.00109570962377},"erbbands_kurtosis":{"dmean":1.27514779568,"dmean2":2.09167456627,"dvar":1.6022092104,"dvar2":4.13027238846,"max":23.4237976074,"mean":2.40056347847,"median":2.14204692841,"min":-1.6118144989,"var":4.69884347916},"erbbands_skewness":{"dmean":0.339346826077,"dmean2":0.537610530853,"dvar":0.0794682502747,"dvar2":0.198965355754,"max":2.58896803856,"mean":-0.65552765131,"median":-0.705793857574,"min":-3.09982657433,"var":0.366509735584},"erbbands_spread":{"dmean":5.63172626495,"dmean2":8.8349571228,"dvar":33.3084373474,"dvar2":77.7526321411,"max":110.877357483,"mean":21.4310112,"median":19.2773513794,"min":3.78078699112,"var":97.6295089722},"gfcc":{"cov":[[15311.0292969,990.71496582,-735.067932129,319.751525879,-37.9978713989,-127.699768066,335.419525146,-293.271148682,223.162307739,27.7253284454,-63.9538536072,139.852890015,-241.929580688],[990.71496582,700.086608887,-0.527041733265,-179.376266479,121.98551178,9.93063735962,-38.8253097534,-14.3001880646,11.8164606094,-48.8031616211,35.7859039307,-61.2468147278,41.4133682251],[-735.067932129,-0.527041733265,305.435424805,69.1153717041,-36.3762931824,104.413223267,-72.4145812988,89.9514465332,-39.3313026428,20.3325309753,2.9224562645,-4.06835222244,8.17902469635],[319.751525879,-179.376266479,69.1153717041,285.06829834,41.1937713623,-8.69687271118,107.491546631,-8.13326072693,11.5288276672,24.7379417419,-13.2977771759,43.5900917053,-42.380115509],[-37.9978713989,121.98551178,-36.3762931824,41.1937713623,250.187606812,48.7141189575,18.9570579529,-30.6642131805,-28.4848918915,-57.9425010681,19.8781051636,-19.732881546,22.4355201721],[-127.699768066,9.93063735962,104.413223267,-8.69687271118,48.7141189575,177.454299927,-49.9739532471,61.5919380188,-40.1660194397,-16.7214546204,-0.228576526046,-2.30480146408,24.3282737732],[335.419525146,-38.8253097534,-72.4145812988,107.491546631,18.9570579529,-49.9739532471,185.240081787,-32.2143821716,70.9137802124,6.95517206192,-21.8156452179,39.398651123,-42.5981254578],[-293.271148682,-14.3001880646,89.9514465332,-8.13326072693,-30.6642131805,61.5919380188,-32.2143821716,136.971740723,-2.1674554348,39.9434509277,8.90374469757,-30.9148845673,27.9846534729],[223.162307739,11.8164606094,-39.3313026428,11.5288276672,-28.4848918915,-40.1660194397,70.9137802124,-2.1674554348,106.575431824,33.7362213135,2.32059168816,30.0498027802,-43.8950309753],[27.7253284454,-48.8031616211,20.3325309753,24.7379417419,-57.9425010681,-16.7214546204,6.95517206192,39.9434509277,33.7362213135,75.8191986084,23.1936721802,7.05501842499,-0.281850755215],[-63.9538536072,35.7859039307,2.9224562645,-13.2977771759,19.8781051636,-0.228576526046,-21.8156452179,8.90374469757,2.32059168816,23.1936721802,52.3511428833,14.8546829224,15.9883232117],[139.852890015,-61.2468147278,-4.06835222244,43.5900917053,-19.732881546,-2.30480146408,39.398651123,-30.9148845673,30.0498027802,7.05501842499,14.8546829224,79.6014633179,-11.2271203995],[-241.929580688,41.4133682251,8.17902469635,-42.380115509,22.4355201721,24.3282737732,-42.5981254578,27.9846534729,-43.8950309753,-0.281850755215,15.9883232117,-11.2271203995,80.9453811646]],"icov":[[0.000187884594197,-0.000763033109251,0.00117307610344,-0.00101973593701,0.000536682084203,-0.000546366965864,0.00055305386195,-0.000180064220331,0.000419103482272,-0.00054058706155,0.000689827138558,-0.000670590961818,0.000664388702717],[-0.000763033109251,0.00577883515507,-0.00635987427086,0.00586654618382,-0.00290406611748,0.00229863356799,-0.00344255869277,0.00226934487,-0.00429271766916,0.00432149041444,-0.0058108032681,0.00588908372447,-0.00435340823606],[0.00117307610344,-0.00635987427086,0.0148099483922,-0.0107152089477,0.00572606828064,-0.00620384281501,0.00717562297359,-0.00463197240606,0.00399210909382,-0.00289752683602,0.00481241336092,-0.0057832938619,0.00571053661406],[-0.00101973593701,0.00586654618382,-0.0107152089477,0.0166949424893,-0.00926227681339,0.00632479880005,-0.00838891323656,0.000338321377058,0.00436023809016,-0.00591224292293,0.00228421320207,-0.00255813007243,0.00144682533573],[0.000536682084203,-0.00290406611748,0.00572606828064,-0.00926227681339,0.0137269431725,-0.0073092780076,0.000277502957033,0.00304438103922,-0.00410570623353,0.0113200377673,-0.0119185838848,0.00870381947607,-0.00347814685665],[-0.000546366965864,0.00229863356799,-0.00620384281501,0.00632479880005,-0.0073092780076,0.0137051157653,-0.000326421606587,-0.00624184589833,0.00362307974137,-0.00052152533317,0.00518969539553,-0.00687779439613,0.00100614828989],[0.00055305386195,-0.00344255869277,0.00717562297359,-0.00838891323656,0.000277502957033,-0.000326421606587,0.0157157294452,-0.00270253466442,-0.00456039840356,-0.00176659005228,0.00973493140191,-0.00706515600905,0.00214116508141],[-0.000180064220331,0.00226934487,-0.00463197240606,0.000338321377058,0.00304438103922,-0.00624184589833,-0.00270253466442,0.0189281776547,-0.00791971758008,-0.00176630762871,-0.0071000950411,0.0141150811687,-0.00892867520452],[0.000419103482272,-0.00429271766916,0.00399210909382,0.00436023809016,-0.00410570623353,0.00362307974137,-0.00456039840356,-0.00791971758008,0.0311885904521,-0.0189907010645,0.0120189785957,-0.0177885368466,0.0177210345864],[-0.00054058706155,0.00432149041444,-0.00289752683602,-0.00591224292293,0.0113200377673,-0.00052152533317,-0.00176659005228,-0.00176630762871,-0.0189907010645,0.0444327183068,-0.0299165472388,0.0175023190677,-0.0117360502481],[0.000689827138558,-0.0058108032681,0.00481241336092,0.00228421320207,-0.0119185838848,0.00518969539553,0.00973493140191,-0.0071000950411,0.0120189785957,-0.0299165472388,0.0523976199329,-0.0277038738132,0.00728716468439],[-0.000670590961818,0.00588908372447,-0.0057832938619,-0.00255813007243,0.00870381947607,-0.00687779439613,-0.00706515600905,0.0141150811687,-0.0177885368466,0.0175023190677,-0.0277038738132,0.0387507900596,-0.0134541308507],[0.000664388702717,-0.00435340823606,0.00571053661406,0.00144682533573,-0.00347814685665,0.00100614828989,0.00214116508141,-0.00892867520452,0.0177210345864,-0.0117360502481,0.00728716468439,-0.0134541308507,0.027886249125]],"mean":[40.7482337952,83.0611801147,-106.708786011,-1.95742845535,13.9700870514,-5.20857334137,8.16986465454,-27.5414962769,7.34656381607,-7.69775676727,-4.33022022247,-0.524595022202,-12.9034318924]},"hfc":{"dmean":124.057678223,"dmean2":204.040908813,"dvar":21800.2578125,"dvar2":56387.453125,"max":2907.79492188,"mean":412.208374023,"median":370.183135986,"min":1.10119319019e-16,"var":50244.46875},"melbands":{"dmean":[0.00776506680995,0.00482406513765,0.000722660799511,0.000318463455187,0.000168035796378,0.000185351324035,0.000205593838473,0.000154618333909,0.00011134770466,0.000100234574347,0.0000959103708738,0.000124281868921,0.000102578560472,0.0000811952850199,0.000158962444402,0.000193692118046,0.00011248865485,0.000138971488923,0.0000844684182084,0.0000419119278376,0.0000246727922786,0.0000179377639142,0.0000187919049495,0.0000107535215648,0.00000719101490176,0.00000597750749876,0.00000435996571468,0.00000345237413057,0.00000268624148703,0.00000210150915336,0.00000179694109192,0.00000160492504619,0.00000131418687488,0.00000111687791104,6.68488951305e-7,3.02207837422e-7,9.92183757376e-8,4.35935412213e-8,3.72460533526e-8,3.35272254404e-8],"dmean2":[0.0130794728175,0.00802942737937,0.0011995898094,0.000537805724889,0.00027808570303,0.000308420247165,0.000338930258295,0.000256212922977,0.000187437894056,0.000167063408298,0.000159475661349,0.000207149030757,0.00017322684289,0.000135672991746,0.000267735362286,0.000327950489009,0.00018982878828,0.000234222767176,0.000140197196743,0.0000697206342011,0.0000417687479057,0.000030365485145,0.0000317271260428,0.0000178953341674,0.0000116088231152,0.00000969801476458,0.00000699642487234,0.00000542661655345,0.0000042373812903,0.00000324083862324,0.00000272206602858,0.00000235824882111,0.00000194582162294,0.00000164272421443,9.76076762527e-7,4.39744013647e-7,1.56597337764e-7,7.23344157905e-8,6.18310451728e-8,5.55280443848e-8],"dvar":[0.000116644405352,0.0000550494441995,7.66953803577e-7,1.97552395775e-7,9.34815886922e-8,2.97413976114e-7,3.75459848101e-7,2.80053029655e-7,8.36173086327e-8,6.50128271218e-8,4.54689121909e-8,6.23590139526e-8,4.60504416822e-8,1.62804116854e-8,4.94669301077e-8,5.15791320765e-8,1.73502048284e-8,3.37846195464e-8,1.30624320249e-8,4.39259251195e-9,1.01546138165e-9,5.24188858986e-10,4.42699155112e-10,1.91997084897e-10,1.34543737262e-10,1.20402077197e-10,6.50077561226e-11,4.74728797939e-11,5.45318130929e-11,4.70711247758e-11,3.78975913151e-11,2.87630076007e-11,1.03117844125e-11,7.26178188762e-12,2.51047316616e-12,3.98447822045e-13,4.71497637483e-14,5.28636015238e-15,3.30799611946e-15,2.59009122743e-15],"dvar2":[0.000297199439956,0.000137903698487,0.00000195381653612,4.85436544295e-7,2.32129892197e-7,7.52795585868e-7,9.74324052549e-7,7.04860269707e-7,2.31896734704e-7,1.67002610851e-7,1.13282396796e-7,1.58180966991e-7,1.18946466898e-7,4.29522195589e-8,1.30780179575e-7,1.39470628824e-7,4.66586378423e-8,9.03358881033e-8,3.29091420781e-8,1.10771924966e-8,2.77751288635e-9,1.4195058462e-9,1.22798038404e-9,5.1996940087e-10,3.48857692734e-10,3.12703307692e-10,1.64036173533e-10,1.14572844268e-10,1.3367533469e-10,1.01939345853e-10,8.28302010314e-11,5.88642190547e-11,2.16407291392e-11,1.6227295549e-11,5.60599570237e-12,8.55129443818e-13,1.12627592528e-13,1.29851124902e-14,8.2900842495e-15,6.49425158154e-15],"max":[0.123523063958,0.0828976333141,0.0184202305973,0.0125248869881,0.0110474303365,0.0268853716552,0.0170283988118,0.0253082662821,0.0074125691317,0.00752248661593,0.00747376959771,0.010684906505,0.00988234113902,0.00666893739253,0.00589182507247,0.005967176985,0.00294606946409,0.00662176962942,0.00301734451205,0.00256855087355,0.000564732006751,0.000420629337896,0.000431048538303,0.000248926808126,0.000260662229266,0.000235867351876,0.000197697270778,0.000238762251684,0.000374976923922,0.000335799326422,0.000270144926617,0.000319248181768,0.0000936820724746,0.000103876031062,0.0000433115310443,0.0000174417418748,0.0000134915053422,0.00000171158967532,9.6590576959e-7,8.57806298882e-7],"mean":[0.00792728550732,0.00571441510692,0.00115656317212,0.000488378515001,0.000252337631537,0.000264565722318,0.000290549214697,0.000233685335843,0.000168442493305,0.000151339947479,0.00014992247452,0.000198257053853,0.000164402808878,0.000149953993969,0.000284166773781,0.000336653145496,0.000223133363761,0.000262516463408,0.000162000578712,0.0000801308706286,0.0000461725649075,0.0000367901375284,0.0000396399045712,0.0000227505097428,0.0000142043636515,0.0000116468600027,0.00000886083580554,0.00000708949983164,0.00000532604417458,0.00000420225569542,0.00000353169730261,0.000003085571052,0.00000249270874519,0.0000020079821752,0.00000117260992738,5.50007371203e-7,1.48758871887e-7,4.51304984495e-8,3.902769663e-8,3.56772211774e-8],"median":[0.00410105194896,0.00302705704235,0.00083266425645,0.000324589957017,0.0001470715506,0.000110516601126,0.0000820384884719,0.0000584469125897,0.0000609649650869,0.0000617504992988,0.0000738562157494,0.000115292074042,0.0000954390707193,0.000110201872303,0.000214857500396,0.000269623094937,0.000189260012121,0.000207380799111,0.000122077850392,0.0000605641107541,0.0000342468774761,0.0000287214807031,0.0000327435300278,0.0000172444852069,0.00000786886812421,0.00000642820032226,0.0000047237626859,0.00000392952415496,0.00000277963226836,0.00000202817545869,0.00000166448467098,0.00000146240722643,0.00000124167650029,9.69859001998e-7,5.57959879188e-7,2.80079717641e-7,7.9456285107e-8,1.97615506181e-8,1.80721322351e-8,1.71584844111e-8],"min":[2.58661722277e-25,1.09221135126e-24,1.07467724131e-24,1.94484485674e-24,4.74665051546e-25,1.78806624601e-24,2.42181185371e-24,1.76190682953e-24,1.75026166485e-24,3.06008453694e-24,1.19247162801e-24,1.34354785908e-24,3.08635478837e-24,2.34000855556e-24,2.7383612246e-24,2.72735247345e-24,3.1496450988e-24,3.9203026442e-24,3.5061770958e-24,3.30937917692e-24,4.05401377878e-24,4.91749737576e-24,4.40537913128e-24,4.23270457888e-24,4.00796599559e-24,4.2434177044e-24,4.54063801095e-24,4.11282572584e-24,5.81877411542e-24,5.23253765573e-24,4.0870631064e-24,4.52199407232e-24,5.80302845175e-24,5.66377320273e-24,3.72207649265e-24,5.29323931909e-24,5.08426572657e-24,7.2285107571e-24,5.62503855456e-24,6.41423472567e-24],"var":[0.000112069887109,0.0000614216696704,0.00000141298846756,4.23311462328e-7,1.5579887247e-7,5.65741288483e-7,6.43142300305e-7,6.26144185389e-7,1.4734783349e-7,1.11664498093e-7,6.97903175251e-8,9.50208800532e-8,6.84496015424e-8,2.65682835732e-8,7.98074495378e-8,8.24194543725e-8,3.1040936932e-8,5.61888420236e-8,2.56347902905e-8,7.75682273968e-9,1.81524051346e-9,9.9235109019e-10,9.24764487209e-10,4.09643347021e-10,3.10382580748e-10,2.35185676489e-10,1.64224300825e-10,1.36380920446e-10,1.20968721151e-10,1.1161527258e-10,8.08780750705e-11,5.49399518934e-11,2.21450826426e-11,1.2942365929e-11,4.44176466441e-12,8.07279753028e-13,7.75874115931e-14,5.73063782707e-15,3.51401846091e-15,2.79302211039e-15]},"melbands_crest":{"dmean":5.51656389236,"dmean2":9.20091247559,"dvar":21.9912910461,"dvar2":59.6276245117,"max":35.3949050903,"mean":16.1474933624,"median":16.1366119385,"min":1.00015711784,"var":36.7096824646},"melbands_flatness_db":{"dmean":0.0399413816631,"dmean2":0.0646655783057,"dvar":0.00108953483868,"dvar2":0.00283365207724,"max":0.514494776726,"mean":0.224561169744,"median":0.221299618483,"min":-2.93373716431e-7,"var":0.00328833027743},"melbands_kurtosis":{"dmean":7.54139232635,"dmean2":12.5385913849,"dvar":219.399185181,"dvar2":576.009033203,"max":612.084777832,"mean":7.25259828568,"median":2.61395359039,"min":-1.7299721241,"var":231.554962158},"melbands_skewness":{"dmean":1.11344099045,"dmean2":1.76861965656,"dvar":1.20108282566,"dvar2":2.9938082695,"max":19.6593990326,"mean":2.15651965141,"median":1.837485075,"min":-1.74971807003,"var":2.67685246468},"melbands_spread":{"dmean":10.7245016098,"dmean2":17.4361076355,"dvar":86.3240432739,"dvar2":218.699630737,"max":167.068664551,"mean":30.4818592072,"median":28.5614891052,"min":0.578632712364,"var":322.091461182},"mfcc":{"cov":[[5802.50585938,610.614440918,-176.155807495,549.386230469,-338.562194824,347.619506836,-126.368110657,195.265365601,-32.5499038696,200.225708008,75.3692855835,27.122800827,125.323486328],[610.614440918,934.932312012,-106.068580627,-134.845596313,137.87689209,13.4527893066,18.0234661102,-7.27765989304,14.4440755844,-35.7250976562,19.6498126984,18.4916286469,-29.9864406586],[-176.155807495,-106.068580627,323.742004395,-68.6585159302,39.036529541,-63.6717338562,13.1774225235,-15.532459259,16.9217128754,4.74866962433,13.7350654602,9.63762950897,3.35998511314],[549.386230469,-134.845596313,-68.6585159302,362.033752441,-112.142211914,112.166152954,-13.2573843002,60.7204818726,-18.674074173,58.5728683472,8.75438785553,0.330089062452,35.5171508789],[-338.562194824,137.87689209,39.036529541,-112.142211914,297.454071045,-14.6886892319,117.910270691,-22.7286148071,18.3814964294,-69.9996643066,8.29119968414,-4.39031219482,-34.6390419006],[347.619506836,13.4527893066,-63.6717338562,112.166152954,-14.6886892319,173.44354248,-2.66802954674,88.6401138306,-29.5573177338,19.0705299377,-19.2607135773,-5.57781362534,6.73657846451],[-126.368110657,18.0234661102,13.1774225235,-13.2573843002,117.910270691,-2.66802954674,132.402420044,-5.61663246155,40.3314476013,-33.0057106018,-1.78333437443,-12.1076717377,-14.4237518311],[195.265365601,-7.27765989304,-15.532459259,60.7204818726,-22.7286148071,88.6401138306,-5.61663246155,115.649917603,-2.56418156624,34.4926338196,-3.85819101334,-0.842816352844,3.97853183746],[-32.5499038696,14.4440755844,16.9217128754,-18.674074173,18.3814964294,-29.5573177338,40.3314476013,-2.56418156624,78.6049041748,14.4981908798,15.5665206909,-0.191441103816,-3.94883036613],[200.225708008,-35.7250976562,4.74866962433,58.5728683472,-69.9996643066,19.0705299377,-33.0057106018,34.4926338196,14.4981908798,78.4257736206,27.8662567139,14.5920495987,17.0165042877],[75.3692855835,19.6498126984,13.7350654602,8.75438785553,8.29119968414,-19.2607135773,-1.78333437443,-3.85819101334,15.5665206909,27.8662567139,60.3614501953,25.3955612183,7.26375961304],[27.122800827,18.4916286469,9.63762950897,0.330089062452,-4.39031219482,-5.57781362534,-12.1076717377,-0.842816352844,-0.191441103816,14.5920495987,25.3955612183,44.9514884949,16.0183086395],[125.323486328,-29.9864406586,3.35998511314,35.5171508789,-34.6390419006,6.73657846451,-14.4237518311,3.97853183746,-3.94883036613,17.0165042877,7.26375961304,16.0183086395,48.1334762573]],"icov":[[0.000283399771433,-0.000291912874673,-0.0000966965526459,-0.000269971817033,0.00029118344537,-0.000399416632717,-0.0000388789994759,0.0000469705846626,0.0000165512501553,-0.000159001414431,-0.000400294258725,0.000388211454265,-0.000475075328723],[-0.000291912874673,0.00164169818163,0.000654032279272,0.00076081592124,-0.000897575344425,-0.0000827640542411,0.000590783194639,0.00000621161098024,-0.000539554923307,0.000479562353576,-0.0000780100526754,-0.00100003671832,0.000848684285302],[-0.0000966965526459,0.000654032279272,0.00379268545657,0.000661586003844,-0.000928753754124,0.00151305808686,-0.0000345227199432,-0.000656382879242,0.0000717967413948,-0.00100969139021,0.000282325258013,-0.000643797626253,-0.000395448470954],[-0.000269971817033,0.00076081592124,0.000661586003844,0.00507521210238,0.00130690215155,-0.00243140058592,-0.00194210663904,0.000451949395938,0.00113355100621,-0.00158084218856,-0.00153905944899,0.000851383258123,-0.00135197339114],[0.00029118344537,-0.000897575344425,-0.000928753754124,0.00130690215155,0.00820155255497,-0.00183227309026,-0.00603231228888,-0.0000396562609239,0.00145968154538,0.00415369169787,-0.00438936334103,-0.0000547626004845,0.00146936252713],[-0.000399416632717,-0.0000827640542411,0.00151305808686,-0.00243140058592,-0.00183227309026,0.0142228528857,-0.00080247403821,-0.00854400824755,0.00416682241485,-0.0012614185689,0.00471647083759,-0.00116524868645,0.000297265825793],[-0.0000388789994759,0.000590783194639,-0.0000345227199432,-0.00194210663904,-0.00603231228888,-0.00080247403821,0.0167660508305,-0.000321196945151,-0.00914296880364,0.00512050790712,0.000476267625345,0.00183727988042,-0.00051700178301],[0.0000469705846626,0.00000621161098024,-0.000656382879242,0.000451949395938,-0.0000396562609239,-0.00854400824755,-0.000321196945151,0.0166525952518,-0.00127820682246,-0.00638784375042,0.00145462492947,0.0000895728589967,0.00119255273603],[0.0000165512501553,-0.000539554923307,0.0000717967413948,0.00113355100621,0.00145968154538,0.00416682241485,-0.00914296880364,-0.00127820682246,0.0208058580756,-0.00782539974898,-0.00182982336264,0.00174553552642,0.000781090522651],[-0.000159001414431,0.000479562353576,-0.00100969139021,-0.00158084218856,0.00415369169787,-0.0012614185689,0.00512050790712,-0.00638784375042,-0.00782539974898,0.0298529006541,-0.0120012238622,-0.00059246388264,-0.00200969609432],[-0.000400294258725,-0.0000780100526754,0.000282325258013,-0.00153905944899,-0.00438936334103,0.00471647083759,0.000476267625345,0.00145462492947,-0.00182982336264,-0.0120012238622,0.0310724973679,-0.0139735024422,0.00236694840714],[0.000388211454265,-0.00100003671832,-0.000643797626253,0.000851383258123,-0.0000547626004845,-0.00116524868645,0.00183727988042,0.0000895728589967,0.00174553552642,-0.00059246388264,-0.0139735024422,0.0347978286445,-0.0106692044064],[-0.000475075328723,0.000848684285302,-0.000395448470954,-0.00135197339114,0.00146936252713,0.000297265825793,-0.00051700178301,0.00119255273603,0.000781090522651,-0.00200969609432,0.00236694840714,-0.0106692044064,0.028296712786]],"mean":[-618.421508789,152.873733521,-45.8569602966,28.5318164825,9.88135623932,40.1053924561,0.51997512579,13.9327192307,-1.39340615273,8.08957004547,6.59961605072,2.09013080597,1.31780719757]},"pitch_salience":{"dmean":0.104281030595,"dmean2":0.171528100967,"dvar":0.007852261886,"dvar2":0.0204903334379,"max":0.99609798193,"mean":0.545954287052,"median":0.562166690826,"min":0.114808872342,"var":0.0145355919376},"silence_rate_20dB":{"dmean":0,"dmean2":0,"dvar":0,"dvar2":0,"max":1,"mean":1,"median":1,"min":1,"var":0},"silence_rate_30dB":{"dmean":0.179158359766,"dmean2":0.358350753784,"dvar":0.147060632706,"dvar2":0.287697225809,"max":1,"mean":0.793028116226,"median":1,"min":0,"var":0.164134517312},"silence_rate_60dB":{"dmean":0.000379975303076,"dmean2":0.000760022783652,"dvar":0.000379830918973,"dvar2":0.000759445189033,"max":1,"mean":0.0186170209199,"median":0,"min":0,"var":0.0182704273611},"spectral_centroid":{"dmean":200.883987427,"dmean2":312.340393066,"dvar":46548.5625,"dvar2":104078.007812,"max":11817.8144531,"mean":1562.63586426,"median":1457.48144531,"min":141.478134155,"var":792469.8125},"spectral_complexity":{"dmean":3.699249506,"dmean2":5.75907278061,"dvar":9.64869594574,"dvar2":21.7293376923,"max":61,"mean":32.0933685303,"median":32,"min":0,"var":80.5272827148},"spectral_contrast_coeffs":{"dmean":[0.05711626634,0.0479368008673,0.0366172939539,0.0289040058851,0.0213503949344,0.0483751520514],"dmean2":[0.0959496423602,0.0811352133751,0.0619411692023,0.0494926013052,0.0356269814074,0.0751078501344],"dvar":[0.00190777203534,0.00139461504295,0.000828287389595,0.000504156458192,0.000305100169498,0.00167424767278],"dvar2":[0.00541410548612,0.00392418447882,0.00238119903952,0.00144659122452,0.000819883774966,0.00402889959514],"max":[-0.383749783039,-0.445778161287,-0.604499399662,-0.632086157799,-0.647065222263,-0.379085630178],"mean":[-0.703215003014,-0.78993666172,-0.811832249165,-0.793032109737,-0.790065586567,-0.697072803974],"median":[-0.704175889492,-0.798692584038,-0.815729618073,-0.793686032295,-0.790961384773,-0.696556210518],"min":[-0.97947716713,-0.996420383453,-0.998829007149,-0.98714953661,-0.98788022995,-0.96535807848],"var":[0.00421758135781,0.00403464073315,0.00200626417063,0.0012478971621,0.00113209453411,0.00747604202479]},"spectral_contrast_valleys":{"dmean":[0.418047845364,0.355291962624,0.282098770142,0.224478036165,0.227772861719,0.613353729248],"dmean2":[0.691355764866,0.59245967865,0.467581659555,0.364524930716,0.344459861517,0.986857295036],"dvar":[0.113212905824,0.0864867866039,0.0606786906719,0.0445980727673,0.0631952807307,0.281540364027],"dvar2":[0.286468744278,0.219941288233,0.141682386398,0.0930273681879,0.121079266071,0.705113887787],"max":[-4.88746023178,-4.46391916275,-4.99174642563,-5.17191791534,-5.54407548904,-8.79269313812],"mean":[-6.62340068817,-6.62548685074,-6.59211730957,-6.33247518539,-7.21421003342,-10.9987659454],"median":[-6.3638381958,-6.43769359589,-6.37811756134,-6.08956956863,-6.948158741,-10.8054800034],"min":[-28.1795692444,-27.9130268097,-27.7585964203,-27.5546035767,-27.5515918732,-27.4199142456],"var":[3.71342635155,3.5260477066,3.37344455719,3.37548446655,3.31168270111,2.46939682961]},"spectral_decrease":{"dmean":9.19441145442e-9,"dmean2":1.48731986727e-8,"dvar":1.32229850175e-16,"dvar2":3.25477015724e-16,"max":2.76380429653e-8,"mean":-1.15061924433e-8,"median":-8.31420798875e-9,"min":-1.19309774504e-7,"var":1.60743493808e-16},"spectral_energy":{"dmean":0.0339327640831,"dmean2":0.0555072054267,"dvar":0.00179073261097,"dvar2":0.00449452828616,"max":0.474808514118,"mean":0.0808155536652,"median":0.0709310099483,"min":9.93563549903e-21,"var":0.00233126129024},"spectral_energyband_high":{"dmean":0.00049413240049,"dmean2":0.000692465575412,"dvar":6.77220498346e-7,"dvar2":0.00000130385524244,"max":0.028158519417,"mean":0.00183072336949,"median":0.00131933344528,"min":7.09826059514e-21,"var":0.00000330896864398},"spectral_energyband_low":{"dmean":0.0314978212118,"dmean2":0.0522483438253,"dvar":0.00185447186232,"dvar2":0.00463613634929,"max":0.436251997948,"mean":0.0379907488823,"median":0.0234377030283,"min":2.06051998834e-23,"var":0.00198580161668},"spectral_energyband_middle_high":{"dmean":0.00410901429132,"dmean2":0.00658209528774,"dvar":0.0000188485555555,"dvar2":0.0000487409015477,"max":0.094055339694,"mean":0.0149302082136,"median":0.0137279052287,"min":1.12800162422e-21,"var":0.0000718167430023},"spectral_energyband_middle_low":{"dmean":0.00375865632668,"dmean2":0.00612969137728,"dvar":0.0000279193627648,"dvar2":0.000071316237154,"max":0.158775106072,"mean":0.00884491950274,"median":0.00613423623145,"min":2.00637342777e-22,"var":0.0000802678259788},"spectral_entropy":{"dmean":0.103702731431,"dmean2":0.152320027351,"dvar":0.00892491359264,"dvar2":0.0191117469221,"max":9.81919002533,"mean":7.71299028397,"median":7.72709369659,"min":6.19437599182,"var":0.0797837749124},"spectral_flux":{"dmean":0.0446500107646,"dmean2":0.0750146210194,"dvar":0.0022673367057,"dvar2":0.00559489289299,"max":0.578910648823,"mean":0.176845103502,"median":0.169680118561,"min":6.45976189206e-11,"var":0.00429224874824},"spectral_kurtosis":{"dmean":4.43640756607,"dmean2":6.59757375717,"dvar":24.272359848,"dvar2":54.3359031677,"max":81.6944656372,"mean":23.0040016174,"median":21.2251739502,"min":-1.27117133141,"var":96.0672988892},"spectral_rms":{"dmean":0.00170146662276,"dmean2":0.00272480305284,"dvar":0.00000304228365167,"dvar2":0.00000744358521843,"max":0.0215227268636,"mean":0.00848196819425,"median":0.00831871293485,"min":3.11340688473e-12,"var":0.00000690065553499},"spectral_rolloff":{"dmean":5071.51220703,"dmean2":9659.16992188,"dvar":62124932,"dvar2":134708224,"max":22028.4667969,"mean":17223.4140625,"median":20801.0742188,"min":64.599609375,"var":61254556},"spectral_skewness":{"dmean":0.337064296007,"dmean2":0.482998013496,"dvar":0.115874513984,"dvar2":0.239385545254,"max":7.36943006516,"mean":3.25959181786,"median":3.15729951859,"min":-0.0979421883821,"var":0.708655834198},"spectral_spread":{"dmean":385179.96875,"dmean2":597983.6875,"dvar":275987300352,"dvar2":581296324608,"max":42863244,"mean":3974462.75,"median":3706070,"min":1860240.75,"var":9011442221060},"spectral_strongpeak":{"dmean":14.3993177414,"dmean2":26.8667125702,"dvar":1021.42529297,"dvar2":2695.89135742,"max":306.764007568,"mean":10.8657960892,"median":0.354551255703,"min":0,"var":920.926330566},"zerocrossingrate":{"dmean":0.0553060732782,"dmean2":0.0700439140201,"dvar":0.00195939419791,"dvar2":0.00315222330391,"max":0.80126953125,"mean":0.334722310305,"median":0.3291015625,"min":0.0654296875,"var":0.00942252762616}},"metadata":{"audio_properties":{"analysis_sample_rate":44100,"bit_rate":160000,"codec":"mp3","downmix":"mix","equal_loudness":0,"length":244.427749634,"lossless":false,"md5_encoded":"e24ade3e741f595b75b0d1e433a40748","replay_gain":2.51475334167,"sample_rate":44100},"tags":{"acoustid_id":["52836b60-c509-4920-8f9f-e895cc2b9467"],"album":["Ride the Lightning"],"albumartist":["Metallica"],"artist":["Metallica"],"date":["1984"],"discnumber":["1/1"],"file_name":"05 - Metallica - Trapped Under Ice.mp3","musicbrainz_albumartistid":["65f4f0c5-ef9e-490c-aee3-909e7ae6b2ab"],"musicbrainz_albumid":["51eb10e0-2b9e-3906-a8f1-db74b346cba5"],"musicbrainz_artistid":["65f4f0c5-ef9e-490c-aee3-909e7ae6b2ab"],"musicbrainz_recordingid":["2c5d97fb-cad2-4765-9d4c-056e04498362"],"musicbrainz_releasegroupid":["0da580f2-6768-498f-af9d-2becaddf15e0"],"replaygain_album_gain":["+0.29 dB"],"replaygain_album_peak":["0.617100"],"replaygain_track_gain":["+0.23 dB"],"replaygain_track_peak":["0.501807"],"title":["Trapped Under Ice"],"tracknumber":["5/8"]},"version":{"essentia":"2.1-beta1","essentia_build_sha":"e76a03f03bb3900de42a1fa0d9be1e72f12def64","essentia_git_sha":"v2.1_beta1-28-g21ef5f4-dirty","extractor":"music 1.0"}},"rhythm":{"beats_count":657,"beats_loudness":{"dmean":0.0402874685824,"dmean2":0.0699144676328,"dvar":0.00150493986439,"dvar2":0.00439800973982,"max":0.319115847349,"mean":0.0941075533628,"median":0.0868719145656,"min":0,"var":0.00212390022352},"beats_loudness_band_ratio":{"dmean":[0.191132158041,0.0272165481001,0.0330559238791,0.0561324954033,0.0435744635761,0.101977206767],"dmean2":[0.333893626928,0.0487304180861,0.0571232438087,0.0980816930532,0.0732418820262,0.180129751563],"dvar":[0.0229915864766,0.00227671093307,0.00296489079483,0.00314939790405,0.00158332381397,0.00972840189934],"dvar2":[0.0672511309385,0.00687414873391,0.00755563890561,0.00875874888152,0.00468867598101,0.0282197259367],"max":[0.921861350536,0.714432895184,0.611307621002,0.463709741831,0.432705283165,0.805191099644],"mean":[0.55740106