{"lowlevel":{"average_loudness":0.906406581402,"barkbands":{"dmean":[0.00391258765012,0.00666983379051,0.00210515875369,0.00105921563227,0.00210298853926,0.00107203994412,0.00119236169849,0.000850618293043,0.000994228292257,0.00107484136242,0.000861943350174,0.000790493097156,0.000852430355735,0.000461828924017,0.000434385496192,0.000382971600629,0.000231687183259,0.000208284356631,0.000119198331959,0.0000675215269439,0.0000453942957392,0.000013935885363,0.00000369763665731,0.00000231404578699,0.00000228713565775,0.0000032678824482,0.00042617568397],"dmean2":[0.00638884166256,0.0113098695874,0.0036312120501,0.00181043171324,0.0034372122027,0.00175463559572,0.00193710217718,0.00137230369728,0.00165463227313,0.00177021103445,0.00141612335574,0.00128002802376,0.00140471989289,0.000762405688874,0.000714080699254,0.000618839228991,0.000372986192815,0.000318690872518,0.000178800328285,0.0000990841144812,0.0000630924041616,0.0000199315618374,0.000005784519999,0.00000381714653486,0.00000375519039153,0.00000516655427418,0.000623821048066],"dvar":[0.0000466926394438,0.00012952349789,0.0000154672252393,0.00000356975533577,0.0000124691623569,0.00000447568618256,0.00000734842524253,0.00000382981579605,0.00000275936031358,0.00000428789326179,0.00000242082205659,0.000002128780352,0.00000222863218369,5.47337890566e-7,3.4654482306e-7,4.41901136128e-7,1.06569494562e-7,1.05758417135e-7,5.37346203089e-8,4.54064128519e-8,7.15777659366e-8,1.0240208681e-9,4.0022277159e-11,1.69532322208e-11,1.58951463103e-11,3.43428792349e-11,2.58522618424e-7],"dvar2":[0.000120643308037,0.00033550633816,0.0000413728157582,0.00000925049971556,0.0000312834163196,0.0000102022058854,0.0000164011144079,0.00000868182451086,0.00000722697814126,0.0000112616471597,0.00000610041388427,0.00000537396408617,0.00000568023369851,0.00000139933354149,8.85572944753e-7,9.99423491521e-7,2.63728082928e-7,2.47956194244e-7,1.14702224607e-7,8.66949179112e-8,1.54837749733e-7,2.16492068716e-9,9.38830818642e-11,4.22898903396e-11,3.95059401859e-11,8.74232353176e-11,5.09516041802e-7],"max":[0.10476154089,0.134038448334,0.0714139193296,0.0370995663106,0.0645120218396,0.06023074314,0.083017937839,0.0577656216919,0.0381394587457,0.0437318086624,0.0367643982172,0.0386325903237,0.0345594696701,0.0175766944885,0.0176282841712,0.0530535876751,0.00859733857214,0.00690035801381,0.00896383915097,0.00993158202618,0.0146871320903,0.00142055621836,0.000321333383908,0.0000940059544519,0.0000909731897991,0.000306742469547,0.0178740080446],"mean":[0.00455371104181,0.00790220871568,0.00223037856631,0.00126399379224,0.00318659259938,0.00162228499539,0.00177662470378,0.00129766040482,0.00155357294716,0.00162603135686,0.00133886467665,0.0013175138738,0.00145902554505,0.000852088793181,0.000848917290568,0.000767616205849,0.000481143360958,0.000424761994509,0.000242068606894,0.000136615504744,0.0000784704607213,0.0000239929013333,0.00000495611811857,0.00000224968675866,0.00000230238515542,0.00000428873545388,0.00150867877528],"median":[0.00197820411995,0.00389370042831,0.00114846299402,0.000663094688207,0.0016733976081,0.000802643946372,0.000739614712074,0.000473659689305,0.000880381383467,0.000736439193133,0.000699660275131,0.000677179195918,0.000777998473495,0.000555815757252,0.000648621062282,0.000540920067579,0.000330783950631,0.0002191036765,0.000120803553727,0.0000574997029616,0.0000235259722103,0.00000896859091881,0.00000228590693041,8.2016788383e-7,9.09362256607e-7,0.00000228807175517,0.00134246516973],"min":[5.77229009215e-24,7.57793906166e-24,6.05930845504e-24,1.82863105148e-24,1.95240944118e-23,1.33614956652e-23,2.05398080475e-23,2.34747256023e-23,2.18461759061e-23,4.96854606377e-23,3.27810612739e-23,2.07216688852e-23,6.16840949595e-23,5.19119132576e-23,8.18630306974e-23,1.0453579557e-22,7.72103606328e-23,1.72416279344e-22,1.48885593527e-22,2.62830328751e-22,3.00653747911e-22,4.09996887081e-22,3.92595751472e-22,6.95858016271e-22,9.90215467712e-22,1.4478382984e-21,2.20522271949e-21],"var":[0.0000548706120753,0.000147439452121,0.0000135454683914,0.00000427649865742,0.0000223127972276,0.00000903129330254,0.0000142022317959,0.00000881769392436,0.00000457792475572,0.00000743611826692,0.00000413442421632,0.00000415878321292,0.00000434511548519,0.00000122624692267,7.44556700738e-7,0.00000136260371164,2.70636661526e-7,2.96827238344e-7,1.4834408546e-7,1.35318231287e-7,1.28788713027e-7,2.25709340107e-9,7.01339541997e-11,1.73365505979e-11,1.66006808994e-11,4.74396320838e-11,0.00000126312818338]},"barkbands_crest":{"dmean":2.58106064796,"dmean2":4.31962013245,"dvar":5.03181552887,"dvar2":13.3798236847,"max":24.8369159698,"mean":7.88080835342,"median":7.05356788635,"min":2.21688747406,"var":12.3700456619},"barkbands_flatness_db":{"dmean":0.0236582029611,"dmean2":0.0378435701132,"dvar":0.000462594762212,"dvar2":0.00116897921544,"max":0.435531556606,"mean":0.133441790938,"median":0.125110089779,"min":0.0456744581461,"var":0.00225567817688},"barkbands_kurtosis":{"dmean":3.51587986946,"dmean2":5.78707122803,"dvar":116.864547729,"dvar2":308.946899414,"max":341.798797607,"mean":6.26708364487,"median":1.94986963272,"min":-1.64092636108,"var":371.238311768},"barkbands_skewness":{"dmean":0.504449903965,"dmean2":0.815366744995,"dvar":0.328674614429,"dvar2":0.84877461195,"max":13.4600219727,"mean":1.67846798897,"median":1.37402904034,"min":-2.11048579216,"var":1.76228189468},"barkbands_spread":{"dmean":7.98038291931,"dmean2":12.6866064072,"dvar":53.5792198181,"dvar2":133.608001709,"max":105.342773438,"mean":37.215927124,"median":36.4064407349,"min":0.718609690666,"var":250.237548828},"dissonance":{"dmean":0.0155159989372,"dmean2":0.026588993147,"dvar":0.000245089002419,"dvar2":0.00065492867725,"max":0.5,"mean":0.476783245802,"median":0.481838256121,"min":0.00019705046725,"var":0.000376095995307},"dynamic_complexity":2.77470850945,"erbbands":{"dmean":[0.314507126808,1.17187917233,2.60951352119,2.58785486221,5.91038274765,7.09624004364,8.30062866211,9.36647701263,15.3220338821,19.0142650604,18.3413066864,22.0879688263,28.7982559204,33.9361419678,30.9120349884,30.6001815796,39.5288658142,22.7665042877,22.5338363647,21.5507698059,17.5001373291,12.400604248,11.0517883301,8.12148475647,4.78288936615,3.21653079987,2.44763970375,1.32174670696,0.570975840092,0.240222334862,0.081146016717,0.0512774884701,0.0371439307928,0.0255271196365,0.016327066347,0.00952678918839,0.00562044465914,0.0159804448485,0.0211489181966,0.00987205281854],"dmean2":[0.545323014259,1.9769026041,4.44375753403,4.38095140457,10.041097641,11.6194658279,13.7973136902,15.2711591721,24.9587020874,30.5448627472,29.8465938568,36.7618026733,47.2051467896,55.966003418,49.7152938843,49.3272705078,64.8073120117,37.194606781,37.1187820435,34.4521217346,28.2616405487,19.6852645874,16.9457530975,12.1108055115,7.08141994476,4.73442220688,3.50676965714,1.83578073978,0.811863899231,0.349595010281,0.129498183727,0.0846000760794,0.0612295158207,0.0419734977186,0.0267601739615,0.015547009185,0.00879114493728,0.021105542779,0.0272800195962,0.0141222868115],"dvar":[0.380452007055,3.73605847359,20.2258338928,23.9197978973,96.7686080933,193.636367798,301.56463623,371.132293701,1183.13378906,1946.57470703,1729.11621094,1322.92919922,3708.12768555,3876.65478516,3155.48681641,3282.57714844,5245.22216797,1549.61157227,908.409729004,1328.4597168,673.022521973,300.728424072,307.82144165,172.545257568,130.456283569,108.529022217,210.900314331,48.9024925232,1.98405528069,0.202957227826,0.0178719703108,0.00834114197642,0.00434524565935,0.00201336131431,0.000796795007773,0.000256411120063,0.0000747285885154,0.00165306311101,0.00532823847607,0.000123708479805],"dvar2":[1.05107498169,9.08005428314,52.6230201721,62.441116333,253.566452026,483.411682129,740.589599609,860.375366211,2724.40258789,4258.79345703,4108.99365234,3348.83105469,9850.54980469,10317.1582031,7757.16845703,8251.46289062,13331.9658203,3915.86352539,2415.20288086,2640.14379883,1683.24536133,726.760681152,721.16595459,380.701904297,284.593719482,202.290252686,497.439605713,77.3846588135,3.91364717484,0.4137609303,0.0432192049921,0.0208119545132,0.0108336741105,0.00501138158143,0.00197710283101,0.000632362090982,0.000173167718458,0.00276100868359,0.00917549524456,0.000237106185523],"max":[8.7827911377,31.0109329224,80.1875610352,90.2590255737,264.484313965,302.096588135,506.01171875,725.287475586,910.467895508,1298.87341309,1275.97229004,940.43762207,1694.20739746,1610.34973145,1408.21289062,1543.17456055,1577.51879883,1027.4720459,703.439147949,3102.27368164,835.791564941,427.978393555,366.182769775,325.766235352,488.680938721,454.225708008,792.192687988,542.771179199,57.9044532776,26.0053443909,4.27097654343,2.07980895042,1.50632309914,1.0253931284,0.643068432808,0.361791044474,0.216902583838,1.678571105,3.4746389389,0.307762116194],"mean":[0.324301034212,1.40955245495,2.91776156425,3.33664345741,7.81923961639,10.0302782059,11.6360712051,14.0856962204,23.4596633911,28.7366847992,29.5122947693,35.2488975525,45.8317909241,55.2542724609,54.9931335449,54.8782157898,69.3402786255,45.5922966003,46.4109611511,44.9016036987,38.0229644775,27.5297679901,23.4160003662,17.0261306763,9.96451759338,6.5094203949,4.3292388916,2.29742264748,0.993119001389,0.389128088951,0.100880436599,0.0505640916526,0.036425281316,0.025437541306,0.0166561659425,0.0100901685655,0.00780525803566,0.0311625879258,0.0536763742566,0.0407358780503],"median":[0.114752233028,0.750267744064,1.58113694191,1.85822701454,4.27610254288,4.67712497711,5.46940994263,6.67166996002,9.37839126587,11.9679222107,13.0695905685,20.3381614685,22.3775405884,30.3578529358,29.8011016846,30.2227287292,36.6489105225,29.0662841797,35.8955078125,33.3737106323,28.2914676666,18.8198490143,12.5368461609,8.82307815552,4.81014823914,2.82181310654,1.4512257576,0.684407770634,0.368230342865,0.154083430767,0.048557177186,0.0189105719328,0.0135957282037,0.00986322201788,0.00676895258948,0.00439340388402,0.00443289941177,0.0120617412031,0.0284631960094,0.0373878777027],"min":[3.02608532612e-22,1.69397370507e-21,6.70500002956e-21,9.68824871916e-21,2.57879113583e-20,5.8215498096e-20,1.59988466093e-19,1.13949725773e-19,2.8878079766e-19,5.10420792565e-19,6.5429898565e-19,5.82170490597e-19,1.19503155327e-18,1.43321386795e-18,1.29995310672e-18,1.43625603145e-18,2.67376392956e-18,2.75812187638e-18,4.51144719677e-18,4.67021955226e-18,7.60428543327e-18,5.6410524859e-18,7.06611428212e-18,9.15487602335e-18,1.00390584791e-17,1.37681317827e-17,1.14561528717e-17,1.11640472732e-17,1.58001936017e-17,1.07483617185e-17,1.16453803629e-17,1.23132749408e-17,1.16283445782e-17,1.02132263202e-17,7.3118315918e-18,4.93755812239e-18,3.01270842338e-18,1.14869341234e-18,2.78608725023e-19,2.90548288759e-20],"var":[0.3500636518,4.93104791641,19.5893936157,26.2100467682,131.801254272,299.266265869,477.261871338,743.218078613,2685.27319336,3721.12280273,3647.45019531,2280.26220703,6055.82568359,6806.24560547,6290.52880859,6621.67724609,10163.5039062,3698.05322266,1960.59240723,4532.73291016,1656.72473145,836.699645996,863.263000488,521.933654785,339.716400146,308.122467041,333.465515137,112.854988098,4.5018787384,0.513227105141,0.0253733545542,0.00854427926242,0.00445755943656,0.00208607874811,0.000839626474772,0.000278507126495,0.000116880517453,0.00469461223111,0.0152712520212,0.00073224568041]},"erbbands_crest":{"dmean":2.39782524109,"dmean2":4.0419960022,"dvar":5.67300415039,"dvar2":15.020819664,"max":28.1761550903,"mean":7.63631343842,"median":6.69241333008,"min":2.06706833839,"var":11.44099617},"erbbands_flatness_db":{"dmean":0.0229909643531,"dmean2":0.0352855585515,"dvar":0.00035452816519,"dvar2":0.000868083152454,"max":0.331129580736,"mean":0.170387268066,"median":0.16978520155,"min":0.0445887818933,"var":0.00129679101519},"erbbands_kurtosis":{"dmean":0.783508598804,"dmean2":1.28019690514,"dvar":1.14738440514,"dvar2":2.67175674438,"max":62.1756286621,"mean":0.407417953014,"median":0.0932449102402,"min":-1.47727572918,"var":2.87772917747},"erbbands_skewness":{"dmean":0.322009772062,"dmean2":0.515080392361,"dvar":0.0786524489522,"dvar2":0.200354874134,"max":3.83453774452,"mean":-0.15560144186,"median":-0.221842691302,"min":-5.47904348373,"var":0.399146586657},"erbbands_spread":{"dmean":5.00832033157,"dmean2":7.92709922791,"dvar":21.77485466,"dvar2":53.8665237427,"max":104.330558777,"mean":24.1674404144,"median":22.6043052673,"min":1.7959061861,"var":89.6907348633},"gfcc":{"cov":[[7937.63427734,-265.38571167,-1308.19799805,-281.691436768,108.612106323,-516.383728027,226.159759521,-205.629089355,-38.0334281921,-50.9455108643,114.563438416,106.732414246,32.652961731],[-265.38571167,601.399902344,4.06608772278,-229.035583496,139.767318726,-22.1643276215,-9.35147666931,-16.4366855621,55.1717338562,-44.94008255,27.3327960968,-40.3610267639,43.52709198],[-1308.19799805,4.06608772278,560.139465332,177.067459106,-120.91683197,273.941589355,-166.01499939,128.169692993,-28.3766613007,27.6688861847,-28.9727058411,-27.4952869415,-12.4850196838],[-281.691436768,-229.035583496,177.067459106,374.968231201,-10.8819465637,-8.29095172882,80.0249938965,-16.9620857239,-30.9498558044,37.3738555908,-32.9306755066,36.384727478,-54.5282592773],[108.612106323,139.767318726,-120.91683197,-10.8819465637,214.573150635,-68.1794662476,74.9106750488,-56.8253097534,18.3076133728,-27.6475582123,15.2250881195,1.75650441647,19.2885360718],[-516.383728027,-22.1643276215,273.941589355,-8.29095172882,-68.1794662476,318.651031494,-147.950576782,116.150108337,-27.2983341217,-0.995580613613,0.113492034376,-27.6248226166,15.3573846817],[226.159759521,-9.35147666931,-166.01499939,80.0249938965,74.9106750488,-147.950576782,243.136123657,-71.7811584473,35.195854187,15.9976358414,-23.3761863708,40.6292457581,-23.732126236],[-205.629089355,-16.4366855621,128.169692993,-16.9620857239,-56.8253097534,116.150108337,-71.7811584473,156.070373535,26.9456863403,14.0487737656,12.726808548,-30.4181060791,7.3308634758],[-38.0334281921,55.1717338562,-28.3766613007,-30.9498558044,18.3076133728,-27.2983341217,35.195854187,26.9456863403,98.342666626,28.2444953918,-0.264887869358,2.08507752419,-2.83154034615],[-50.9455108643,-44.94008255,27.6688861847,37.3738555908,-27.6475582123,-0.995580613613,15.9976358414,14.0487737656,28.2444953918,64.6325683594,19.9814758301,11.9060249329,-10.0293636322],[114.563438416,27.3327960968,-28.9727058411,-32.9306755066,15.2250881195,0.113492034376,-23.3761863708,12.726808548,-0.264887869358,19.9814758301,73.3242034912,20.2040519714,13.409822464],[106.732414246,-40.3610267639,-27.4952869415,36.384727478,1.75650441647,-27.6248226166,40.6292457581,-30.4181060791,2.08507752419,11.9060249329,20.2040519714,68.7919769287,5.30164527893],[32.652961731,43.52709198,-12.4850196838,-54.5282592773,19.2885360718,15.3573846817,-23.732126236,7.3308634758,-2.83154034615,-10.0293636322,13.409822464,5.30164527893,56.6363067627]],"icov":[[0.000249570817687,-0.000235574741964,0.00113506312482,-0.000505436793901,0.000272127188509,-0.000227474025451,0.000423492805567,-0.000329337461153,0.000292454962619,-0.000224658331717,0.000218430868699,-0.000328262831317,-0.0000563124958717],[-0.000235574741964,0.0054173017852,-0.00602364819497,0.00542150996625,-0.00294615118764,0.0022908905521,-0.00318491621874,0.00261416146532,-0.00278777326457,0.00402425136417,-0.00436717504635,0.00297916657291,-0.0000980916011031],[0.00113506312482,-0.00602364819497,0.0156160248443,-0.0102976774797,0.00438347877935,-0.00622864905745,0.00744690839201,-0.00467286072671,0.00295353191905,-0.00600482290611,0.00713902339339,-0.00376784545369,-0.000828906137031],[-0.000505436793901,0.00542150996625,-0.0102976774797,0.0123828668147,-0.00516276247799,0.00437671272084,-0.00550763355568,0.00147936842404,0.00155305291992,0.0000632011142443,-0.00123019143939,-0.000933178991545,0.00431632529944],[0.000272127188509,-0.00294615118764,0.00438347877935,-0.00516276247799,0.0103607987985,-0.00253896089271,-0.000953210634179,0.00246055447496,-0.00315276766196,0.00480572460219,-0.00434856303036,0.00355298514478,-0.00406455853954],[-0.000227474025451,0.0022908905521,-0.00622864905745,0.00437671272084,-0.00253896089271,0.00874192174524,-0.000186123186722,-0.00245680985972,0.00168075889815,0.000645615509711,-0.000149046027218,-0.00064583827043,0.000239630026044],[0.000423492805567,-0.00318491621874,0.00744690839201,-0.00550763355568,-0.000953210634179,-0.000186123186722,0.012338353321,-0.00276334234513,0.000869244802743,-0.00630567688495,0.00887407828122,-0.00688458466902,0.00191558420192],[-0.000329337461153,0.00261416146532,-0.00467286072671,0.00147936842404,0.00246055447496,-0.00245680985972,-0.00276334234513,0.0153355235234,-0.00874852761626,0.00564823392779,-0.00921607110649,0.00897103734314,-0.0028345475439],[0.000292454962619,-0.00278777326457,0.00295353191905,0.00155305291992,-0.00315276766196,0.00168075889815,0.000869244802743,-0.00874852761626,0.0205726772547,-0.013885688968,0.0100582316518,-0.00676657212898,0.00305635086261],[-0.000224658331717,0.00402425136417,-0.00600482290611,0.0000632011142443,0.00480572460219,0.000645615509711,-0.00630567688495,0.00564823392779,-0.013885688968,0.0334868021309,-0.0184255130589,0.0067051127553,-0.000440495379735],[0.000218430868699,-0.00436717504635,0.00713902339339,-0.00123019143939,-0.00434856303036,-0.000149046027218,0.00887407828122,-0.00921607110649,0.0100582316518,-0.0184255130589,0.031524464488,-0.0151327149943,0.00124500517268],[-0.000328262831317,0.00297916657291,-0.00376784545369,-0.000933178991545,0.00355298514478,-0.00064583827043,-0.00688458466902,0.00897103734314,-0.00676657212898,0.0067051127553,-0.0151327149943,0.0274967737496,-0.00705218408257],[-0.0000563124958717,-0.0000980916011031,-0.000828906137031,0.00431632529944,-0.00406455853954,0.000239630026044,0.00191558420192,-0.0028345475439,0.00305635086261,-0.000440495379735,0.00124500517268,-0.00705218408257,0.0246663372964]],"mean":[-0.050616081804,114.579483032,-109.087257385,-16.9155864716,6.77529621124,-24.930393219,3.85051131248,-16.0491008759,0.598369657993,-10.2229118347,-3.79638934135,-6.66164064407,0.162032082677]},"hfc":{"dmean":32.7604751587,"dmean2":49.1039199829,"dvar":2025.94506836,"dvar2":4483.36376953,"max":1437.15270996,"mean":148.824859619,"median":136.719024658,"min":1.11573429744e-16,"var":8520.10839844},"melbands":{"dmean":[0.00237031374127,0.00138955668081,0.000519524444826,0.000466070428956,0.00029620656278,0.000212690749322,0.000234777020523,0.000200571637833,0.000154864144861,0.00014196781558,0.000148590814206,0.00014191318769,0.000113435817184,0.0000923892803257,0.0000867165072123,0.0000795435480541,0.0000431063599535,0.0000400679782615,0.0000323744861817,0.000030342309401,0.0000208257879422,0.0000143730285345,0.0000120385784612,0.0000101681580418,0.00000686824296281,0.00000427926670454,0.00000285592932414,0.00000223503047891,0.00000177012123004,0.00000111082670173,7.09038886271e-7,3.65052500229e-7,1.98120659434e-7,1.15098352182e-7,4.86986735382e-8,3.44168036293e-8,3.00170945877e-8,2.63869157635e-8,2.33732784238e-8,2.08863113471e-8],"dmean2":[0.00403687916696,0.00232115550898,0.000880917999893,0.000766503741033,0.000487597193569,0.000345810491126,0.000381095916964,0.000320761551848,0.000253168545896,0.000236675405176,0.000243950547883,0.000234389459365,0.000184574979357,0.000150203311932,0.000140984207974,0.000130865577376,0.0000709346713847,0.0000666785490466,0.000053219635447,0.0000487909273943,0.0000340501319442,0.0000233297178056,0.0000191369654203,0.0000158078182722,0.0000104306327557,0.0000065144358814,0.00000433927971244,0.00000337316464538,0.00000264141158368,0.0000016165387251,0.00000101397722574,5.34616447112e-7,2.89859713121e-7,1.72418893385e-7,7.85900127198e-8,5.68906273202e-8,4.95637237918e-8,4.35162412771e-8,3.84866822856e-8,3.43280319726e-8],"dvar":[0.0000185581302503,0.00000505026855535,7.78841695137e-7,5.92648689235e-7,3.80931055588e-7,1.78688722485e-7,2.81319898932e-7,2.06727136742e-7,1.08910320762e-7,5.48296306135e-8,9.57434806992e-8,7.15220309644e-8,4.36182290287e-8,3.27988090021e-8,2.36774759799e-8,2.08360937393e-8,5.85297499356e-9,2.99292945982e-9,2.13407047589e-9,3.36270700174e-9,9.41811961752e-10,3.93742399796e-10,3.80071057959e-10,2.7186394802e-10,1.29932259396e-10,8.80036252204e-11,6.90702842143e-11,5.72450351011e-11,1.02752736875e-10,3.9204361979e-11,1.67345703267e-11,7.93303953344e-13,1.42732925631e-13,4.88107242071e-14,6.73038403845e-15,3.78204192004e-15,2.86524204529e-15,2.19817225911e-15,1.70668181498e-15,1.34252106926e-15],"dvar2":[0.0000499127454532,0.0000125758378999,0.00000202331148103,0.00000150051857872,9.47734349666e-7,4.11434598391e-7,6.32642695564e-7,4.50613555358e-7,2.6739408554e-7,1.41401812925e-7,2.53239250014e-7,1.89807821016e-7,1.06935289068e-7,8.34243323311e-8,6.0432434168e-8,5.28247561249e-8,1.4844999896e-8,8.0996302998e-9,5.17149034707e-9,6.96811008893e-9,2.39778374933e-9,9.84164638673e-10,9.41778766084e-10,6.5019190032e-10,2.98463143089e-10,1.91470284072e-10,1.71030814511e-10,1.11628289945e-10,2.47850157065e-10,8.61682392106e-11,2.59868723762e-11,1.77157615834e-12,2.83960816016e-13,1.07680506764e-13,1.65207965716e-14,9.44797235917e-15,7.15196758289e-15,5.4821996755e-15,4.25251070048e-15,3.34066003925e-15],"max":[0.0580135025084,0.0365526936948,0.0134393023327,0.0160680152476,0.0137509712949,0.0142144178972,0.0162658896297,0.0135677307844,0.00860542524606,0.00581947760656,0.00851343013346,0.00695135537535,0.00442740600556,0.00581650156528,0.00321016972885,0.00461499253288,0.00203289790079,0.00123414199334,0.00218911608681,0.00532063655555,0.000793342769612,0.000499985530041,0.000453116779681,0.000287793722237,0.000273516779998,0.000388935470255,0.000409639033023,0.000338072422892,0.000521312933415,0.000329627713654,0.000366177468095,0.0000363538783859,0.0000186192846741,0.0000131837987283,0.00000289864965453,0.00000139579753977,0.00000122050380469,0.00000107122366444,9.44378655277e-7,8.37141271859e-7],"mean":[0.00278460420668,0.00168284808751,0.000716161739547,0.000665382482111,0.00042781594675,0.000324514228851,0.00036317735794,0.000306390342303,0.00024177103478,0.000220985501073,0.000228762699408,0.000222757473239,0.000188040939975,0.000153803106514,0.000148363571498,0.000134811125463,0.0000781179478508,0.0000749598184484,0.0000624755120953,0.0000575027042942,0.0000413751149608,0.0000288338887913,0.0000233649207075,0.0000196077762666,0.0000133075691338,0.00000834161528473,0.00000530447823621,0.00000413087036577,0.00000296239090858,0.00000185027613497,0.00000114257284167,6.07332026448e-7,3.18235976238e-7,1.72148929778e-7,5.78932954909e-8,3.30762013334e-8,2.90207129439e-8,2.5724302688e-8,2.30228192066e-8,2.08345429797e-8],"median":[0.00128382653929,0.000964243081398,0.000425993872341,0.000355827622116,0.000194163425476,0.000152053195052,0.000150062667672,0.000122897443362,0.000109075379441,0.000126896135043,0.00010597538494,0.000115690621897,0.0000987860403256,0.0000777987515903,0.0000771984632593,0.0000730575920898,0.0000478025431221,0.0000559515719942,0.0000464844561066,0.0000396372561227,0.0000299767852994,0.0000199419137061,0.0000128778929138,0.00000975514376478,0.00000669860537528,0.00000395896677219,0.00000231686090046,0.00000164898415278,9.6938617844e-7,5.3074910511e-7,3.36410039381e-7,2.24214090849e-7,1.18740089761e-7,6.88085535216e-8,2.67659370223e-8,1.16805605188e-8,1.03990718259e-8,9.48367606668e-9,8.6798150889e-9,8.10537770235e-9],"min":[2.94158934594e-24,3.97893985858e-24,1.77514016843e-24,4.57192817876e-24,4.90400982643e-24,2.92326844584e-24,4.32245801723e-24,5.22610843935e-24,4.99601782925e-24,3.57296994865e-24,5.78319846074e-24,5.59166145523e-24,4.74801968217e-24,2.88743897517e-24,4.24238193003e-24,4.08719681832e-24,4.13556858574e-24,7.61132996605e-24,5.3370349044e-24,7.09260658921e-24,9.05925891404e-24,5.17816660113e-24,4.65747580519e-24,8.29089971488e-24,6.49461491875e-24,5.51803825024e-24,8.92904243327e-24,8.51527542215e-24,6.64993886997e-24,7.21363126271e-24,5.76373568449e-24,8.84295798699e-24,7.43872877771e-24,4.59883425208e-24,6.4583789875e-24,6.22475349168e-24,7.17087894595e-24,7.16822758445e-24,9.19053246841e-24,8.42377307917e-24],"var":[0.0000193096457224,0.00000588726334172,9.38451819366e-7,9.09734012566e-7,6.51621462566e-7,3.83466641551e-7,6.15584440311e-7,4.29908510569e-7,2.16133813069e-7,9.16181264188e-8,1.57468292628e-7,1.24230567167e-7,8.12237956893e-8,6.25109919383e-8,4.53335680106e-8,3.8543568337e-8,1.2914445513e-8,5.74488501215e-9,5.27236654335e-9,1.10819478039e-8,1.97490468423e-9,9.57439572069e-10,8.86112017096e-10,6.87804979638e-10,3.45236866872e-10,2.26767313261e-10,1.46089251807e-10,1.46689799196e-10,1.56526222539e-10,7.2064798573e-11,3.29245485042e-11,1.56330102943e-12,3.65829057585e-13,1.06315550439e-13,9.30691850356e-15,3.84452881111e-15,2.92128068629e-15,2.25073552393e-15,1.75745646385e-15,1.39334431664e-15]},"melbands_crest":{"dmean":4.56222820282,"dmean2":7.6969408989,"dvar":15.7904644012,"dvar2":44.266254425,"max":36.4285888672,"mean":13.4011249542,"median":12.3399791718,"min":1.00198149681,"var":33.285949707},"melbands_flatness_db":{"dmean":0.0329244993627,"dmean2":0.0529892444611,"dvar":0.000797388434876,"dvar2":0.00206368020736,"max":0.572915077209,"mean":0.2412661165,"median":0.233968392015,"min":3.02003009267e-8,"var":0.00371630280279},"melbands_kurtosis":{"dmean":5.09679937363,"dmean2":8.48167514801,"dvar":185.622589111,"dvar2":514.725891113,"max":380.552734375,"mean":8.05820465088,"median":1.85898256302,"min":-1.93091082573,"var":640.476989746},"melbands_skewness":{"dmean":0.687016367912,"dmean2":1.11643350124,"dvar":0.4650862813,"dvar2":1.2155932188,"max":15.9595870972,"mean":1.84376573563,"median":1.48345565796,"min":-0.809815168381,"var":2.31871914864},"melbands_spread":{"dmean":6.61210823059,"dmean2":10.6060180664,"dvar":45.093963623,"dvar2":107.520988464,"max":153.818161011,"mean":25.662065506,"median":24.9011707306,"min":0.370711266994,"var":174.672393799},"mfcc":{"cov":[[6474.47949219,202.395339966,-1489.39599609,250.733352661,-544.583740234,-78.4751739502,-65.3870925903,-60.3034629822,-121.576713562,-195.972625732,65.6501617432,-101.926483154,59.357837677],[202.395339966,874.577026367,-289.251983643,-200.589065552,64.8633651733,-60.7442474365,-38.9949645996,-25.6108760834,21.7826213837,-23.6659584045,-32.6515045166,22.6765956879,-2.1587460041],[-1489.39599609,-289.251983643,876.269775391,-152.008285522,227.123199463,21.2933979034,20.9744777679,47.8153381348,11.2740011215,97.8734817505,-28.7834625244,54.613368988,-29.7531166077],[250.733352661,-200.589065552,-152.008285522,484.566131592,-158.59765625,76.8523406982,30.301858902,-10.2765779495,2.14550089836,-42.4510993958,69.0849990845,-60.0384063721,20.8346729279],[-544.583740234,64.8633651733,227.123199463,-158.59765625,272.251403809,-8.37820243835,18.5047740936,22.5066871643,-7.00829362869,33.5598449707,-41.8580322266,49.0137367249,-26.3316669464],[-78.4751739502,-60.7442474365,21.2933979034,76.8523406982,-8.37820243835,132.713790894,31.2603130341,8.55174446106,6.62946557999,-22.2758235931,3.5811085701,-20.5484809875,13.3497362137],[-65.3870925903,-38.9949645996,20.9744777679,30.301858902,18.5047740936,31.2603130341,89.6302642822,20.4623832703,-8.52188301086,-2.25896978378,-8.85295009613,0.0703268051147,-7.98141336441],[-60.3034629822,-25.6108760834,47.8153381348,-10.2765779495,22.5066871643,8.55174446106,20.4623832703,69.0336380005,24.8598499298,9.60876083374,9.76994800568,-1.20574247837,-2.03561878204],[-121.576713562,21.7826213837,11.2740011215,2.14550089836,-7.00829362869,6.62946557999,-8.52188301086,24.8598499298,79.391456604,37.0228157043,5.09540510178,3.05674099922,-2.87420773506],[-195.972625732,-23.6659584045,97.8734817505,-42.4510993958,33.5598449707,-22.2758235931,-2.25896978378,9.60876083374,37.0228157043,74.7080612183,19.4209270477,16.1031188965,-5.46972560883],[65.6501617432,-32.6515045166,-28.7834625244,69.0849990845,-41.8580322266,3.5811085701,-8.85295009613,9.76994800568,5.09540510178,19.4209270477,70.3346099854,11.8948945999,11.3895988464],[-101.926483154,22.6765956879,54.613368988,-60.0384063721,49.0137367249,-20.5484809875,0.0703268051147,-1.20574247837,3.05674099922,16.1031188965,11.8948945999,64.308883667,15.8360261917],[59.357837677,-2.1587460041,-29.7531166077,20.8346729279,-26.3316669464,13.3497362137,-7.98141336441,-2.03561878204,-2.87420773506,-5.46972560883,11.3895988464,15.8360261917,48.784412384]],"icov":[[0.000294881669106,0.0000553726604267,0.00054345006356,-0.0000437061935372,0.000420711468905,-0.000153058979777,0.000403206300689,-0.000670907902531,0.000910527538508,-0.000532432226464,0.00053316244157,-0.000529885583092,0.000342184532201],[0.0000553726604267,0.00181718391832,0.000766474404372,0.00104034715332,-0.00117240997497,0.00076559378067,-0.000397379655624,0.00142190279439,-0.00212012976408,0.00201243464835,-0.00134953402448,0.000952769827563,-0.000705288839526],[0.00054345006356,0.000766474404372,0.00332732941024,-0.000307685812004,0.000175647131982,-0.00191835639998,0.0022820928134,-0.00333796208724,0.00394437462091,-0.00502642383799,0.00379003048874,-0.00353461899795,0.00231858645566],[-0.0000437061935372,0.00104034715332,-0.000307685812004,0.00512130418792,-0.00116396369413,0.00125624425709,-0.00417683087289,0.00516812270507,-0.00583987124264,0.0070463786833,-0.00877249706537,0.00699178455397,-0.00349090178497],[0.000420711468905,-0.00117240997497,0.000175647131982,-0.00116396369413,0.00992412492633,-0.00413292180747,0.00365732400678,-0.00769090233371,0.00927314627916,-0.00910977646708,0.010433120653,-0.01112601161,0.00750625319779],[-0.000153058979777,0.00076559378067,-0.00191835639998,0.00125624425709,-0.00413292180747,0.0142466165125,-0.00803430844098,0.00713278073817,-0.011004364118,0.0128753203899,-0.0099177826196,0.0115506034344,-0.00927127711475],[0.000403206300689,-0.000397379655624,0.0022820928134,-0.00417683087289,0.00365732400678,-0.00803430844098,0.020664094016,-0.013593217358,0.0141487773508,-0.0134214581922,0.0148732857779,-0.013162182644,0.00978261511773],[-0.000670907902531,0.00142190279439,-0.00333796208724,0.00516812270507,-0.00769090233371,0.00713278073817,-0.013593217358,0.0315261222422,-0.0222990233451,0.0191251132637,-0.0211529545486,0.0175633914769,-0.0103074777871],[0.000910527538508,-0.00212012976408,0.00394437462091,-0.00583987124264,0.00927314627916,-0.011004364118,0.0141487773508,-0.0222990233451,0.0385990217328,-0.0311005078256,0.0234553515911,-0.0191207714379,0.0126168075949],[-0.000532432226464,0.00201243464835,-0.00502642383799,0.0070463786833,-0.00910977646708,0.0128753203899,-0.0134214581922,0.0191251132637,-0.0311005078256,0.0466608181596,-0.0300130229443,0.0187423527241,-0.0108538037166],[0.00053316244157,-0.00134953402448,0.00379003048874,-0.00877249706537,0.010433120653,-0.0099177826196,0.0148732857779,-0.0211529545486,0.0234553515911,-0.0300130229443,0.0439385771751,-0.0261804386973,0.0115026962012],[-0.000529885583092,0.000952769827563,-0.00353461899795,0.00699178455397,-0.01112601161,0.0115506034344,-0.013162182644,0.0175633914769,-0.0191207714379,0.0187423527241,-0.0261804386973,0.042860634625,-0.0218674596399],[0.000342184532201,-0.000705288839526,0.00231858645566,-0.00349090178497,0.00750625319779,-0.00927127711475,0.00978261511773,-0.0103074777871,0.0126168075949,-0.0108538037166,0.0115026962012,-0.0218674596399,0.0346540994942]],"mean":[-664.060119629,186.461212158,-47.2940063477,27.4469890594,6.12415933609,10.7409124374,5.04483222961,4.25163841248,8.19638824463,-0.488819658756,3.86204195023,-0.212283983827,2.5724594593]},"pitch_salience":{"dmean":0.0760618001223,"dmean2":0.126968309283,"dvar":0.00444759288803,"dvar2":0.0120836095884,"max":0.996079444885,"mean":0.616116404533,"median":0.632110357285,"min":0.164332121611,"var":0.00994739960879},"silence_rate_20dB":{"dmean":0,"dmean2":0,"dvar":0,"dvar2":0,"max":1,"mean":1,"median":1,"min":1,"var":0},"silence_rate_30dB":{"dmean":0.0323723778129,"dmean2":0.0647509545088,"dvar":0.0313236601651,"dvar2":0.0774226486683,"max":1,"mean":0.973089456558,"median":1,"min":0,"var":0.026185175404},"silence_rate_60dB":{"dmean":0.00325639313087,"dmean2":0.0065134097822,"dvar":0.00324572832324,"dvar2":0.00838644150645,"max":1,"mean":0.0286343619227,"median":0,"min":0,"var":0.0278147067875},"spectral_centroid":{"dmean":196.008041382,"dmean2":296.389282227,"dvar":41133.7578125,"dvar2":81402,"max":11390.5556641,"mean":1231.75415039,"median":1174.26953125,"min":127.072174072,"var":296535.03125},"spectral_complexity":{"dmean":3.63011217117,"dmean2":5.4865899086,"dvar":10.3843984604,"dvar2":20.1875019073,"max":60,"mean":27.2565593719,"median":28,"min":0,"var":98.0874481201},"spectral_contrast_coeffs":{"dmean":[0.0550566203892,0.0485182330012,0.0382148399949,0.0277984030545,0.02413578704,0.0460419841111],"dmean2":[0.0928070023656,0.0813973993063,0.0642097294331,0.0469904653728,0.0388001315296,0.0710229948163],"dvar":[0.00186328438576,0.00145813613199,0.000900354702026,0.000462976720883,0.000383924256312,0.001701460802],"dvar2":[0.00518630119041,0.00395467458293,0.00253446423449,0.00131246855017,0.00100045651197,0.0039465110749],"max":[-0.374885827303,-0.457970142365,-0.595386564732,-0.514532387257,-0.617037951946,-0.369533628225],"mean":[-0.692770421505,-0.778527855873,-0.801941514015,-0.811676442623,-0.785826146603,-0.760422229767],"median":[-0.698349714279,-0.786908268929,-0.805712103844,-0.812311351299,-0.783478617668,-0.771370410919],"min":[-0.999259889126,-0.995928704739,-0.992321193218,-0.986133396626,-0.993076443672,-0.96261626482],"var":[0.00466187624261,0.00412174966186,0.00253198086284,0.0016475347802,0.00224834424444,0.00645768409595]},"spectral_contrast_valleys":{"dmean":[0.429980069399,0.350783288479,0.299834519625,0.251604914665,0.300253272057,0.713113963604],"dmean2":[0.704344153404,0.578379631042,0.485819041729,0.394797891378,0.405596703291,1.12266409397],"dvar":[0.12770858407,0.0910429805517,0.0735051780939,0.0621272958815,0.099608078599,0.327410548925],"dvar2":[0.31025403738,0.213761225343,0.163127094507,0.127503171563,0.180007651448,0.864323198795],"max":[-4.87809991837,-4.68139505386,-5.03772258759,-5.44282579422,-5.20316028595,-8.77935218811],"mean":[-6.81778001785,-6.34057378769,-6.52925443649,-6.80344772339,-7.56445217133,-11.2788572311],"median":[-6.7344994545,-6.20532464981,-6.33910369873,-6.58693218231,-7.34209442139,-11.1904306412],"min":[-27.4345722198,-27.7030258179,-27.3931083679,-27.4153900146,-27.3122138977,-27.3864631653],"var":[0.82740598917,0.971389651299,1.14810836315,1.16717743874,1.26949083805,1.0503731966]},"spectral_decrease":{"dmean":3.57567020437e-9,"dmean2":5.67572389087e-9,"dvar":2.33810408723e-17,"dvar2":5.61806050446e-17,"max":5.42993916497e-9,"mean":-7.31646387919e-9,"median":-5.72892888684e-9,"min":-6.02788787774e-8,"var":4.33414020529e-17},"spectral_energy":{"dmean":0.0145022049546,"dmean2":0.0224742460996,"dvar":0.000375819683541,"dvar2":0.000868204922881,"max":0.295066922903,"mean":0.041112948209,"median":0.0349307283759,"min":1.02828712183e-20,"var":0.00084524822887},"spectral_energyband_high":{"dmean":0.000347103370586,"dmean2":0.000480364833493,"dvar":4.66873046889e-7,"dvar2":8.21973060283e-7,"max":0.0285926833749,"mean":0.001064295182,"median":0.000809905992355,"min":7.34523943926e-21,"var":0.00000161065895554},"spectral_energyband_low":{"dmean":0.00997494813055,"dmean2":0.0165355037898,"dvar":0.000254570069956,"dvar2":0.000641976483166,"max":0.197546347976,"mean":0.0137243121862,"median":0.00784658454359,"min":2.33267652732e-23,"var":0.000320920313243},"spectral_energyband_middle_high":{"dmean":0.00283294566907,"dmean2":0.00427162880078,"dvar":0.0000123106910905,"dvar2":0.0000289545660053,"max":0.0662332177162,"mean":0.00918220635504,"median":0.00723173562437,"min":1.34519469615e-21,"var":0.0000566904273001},"spectral_energyband_middle_low":{"dmean":0.00469555938616,"dmean2":0.007391883526,"dvar":0.0000367835928046,"dvar2":0.0000865119145601,"max":0.0901815444231,"mean":0.0111804353073,"median":0.00820170156658,"min":1.84374173734e-22,"var":0.0000996501403279},"spectral_entropy":{"dmean":0.140998795629,"dmean2":0.211629912257,"dvar":0.0242090560496,"dvar2":0.0584548301995,"max":9.81893348694,"mean":7.4783949852,"median":7.51398706436,"min":5.51686143875,"var":0.0773970782757},"spectral_flux":{"dmean":0.0248031076044,"dmean2":0.0386900901794,"dvar":0.000829382974189,"dvar2":0.00173621950671,"max":0.385266244411,"mean":0.11948119849,"median":0.113669969141,"min":6.45332121074e-11,"var":0.0025317708496},"spectral_kurtosis":{"dmean":6.99066114426,"dmean2":10.5883264542,"dvar":53.4460945129,"dvar2":125.94103241,"max":95.0178451538,"mean":29.7068061829,"median":27.3098506927,"min":-1.23690366745,"var":155.170913696},"spectral_rms":{"dmean":0.00102543248795,"dmean2":0.00155852630269,"dvar":0.0000012353045804,"dvar2":0.00000269460929303,"max":0.0169667378068,"mean":0.00594128249213,"median":0.0058377017267,"min":3.16734420809e-12,"var":0.00000481130746266},"spectral_rolloff":{"dmean":4905.38134766,"dmean2":9385.07128906,"dvar":56265680,"dvar2":131223232,"max":22050,"mean":11716.4052734,"median":18583.1542969,"min":43.06640625,"var":89112720},"spectral_skewness":{"dmean":0.451344162226,"dmean2":0.657631456852,"dvar":0.206054314971,"dvar2":0.450791627169,"max":7.64881801605,"mean":3.66985607147,"median":3.52752065659,"min":-0.0390924625099,"var":0.858447909355},"spectral_spread":{"dmean":399804.8125,"dmean2":624451.6875,"dvar":236885131264,"dvar2":503687315456,"max":41320944,"mean":3229358.25,"median":3106716,"min":1440231.25,"var":1464226152450},"spectral_strongpeak":{"dmean":1.93275022507,"dmean2":3.56686449051,"dvar":62.0493965149,"dvar2":168.866287231,"max":183.36895752,"mean":1.54758787155,"median":0.206982582808,"min":0,"var":48.8285484314},"zerocrossingrate":{"dmean":0.0330046974123,"dmean2":0.0426756888628,"dvar":0.000824613322038,"dvar2":0.00135365058668,"max":0.65234375,"mean":0.262494534254,"median":0.25537109375,"min":0.0146484375,"var":0.00631181104109}},"metadata":{"audio_properties":{"analysis_sample_rate":44100,"bit_rate":128000,"codec":"mp3","downmix":"mix","equal_loudness":0,"length":242.417388916,"lossless":false,"md5_encoded":"05d42f5a65dcb7801b96f03841c21040","replay_gain":-4.45464324951,"sample_rate":44100},"tags":{"album":["Draw the Line"],"albumartist":["Aerosmith"],"albumartistsort":["Aerosmith"],"artist":["Aerosmith"],"artistsort":["Aerosmith"],"asin":["B0000029AU"],"composer":["Joe Perry/Steven Tyler"],"date":["1977"],"discnumber":["1/1"],"file_name":"04. Aerosmith - Get It Up.mp3","genre":["Rock"],"label":["Columbia"],"musicbrainz album release country":["US"],"musicbrainz album status":["official"],"musicbrainz album type":["album"],"musicbrainz_albumartistid":["3d2b98e5-556f-4451-a3ff-c50ea18d57cb"],"musicbrainz_albumid":["58cfaa7f-37e4-4e27-9a61-4a2cccfd1417"],"musicbrainz_artistid":["3d2b98e5-556f-4451-a3ff-c50ea18d57cb"],"musicbrainz_recordingid":["2c5f2ee8-06b4-46c1-80ea-63582245ad0e"],"musicip_puid":["cb19f253-d0f3-6602-4e2a-0b5e5a6b6b30"],"title":["Get It Up"],"tracknumber":["4/9"]},"version":{"essentia":"2.1-beta1","essentia_build_sha":"ca57ba49d9b1854bd80e60cf9ccf267278fb7d6b","essentia_git_sha":"v2.1_beta1-28-g21ef5f4-dirty","extractor":"music 1.0"}},"rhythm":{"beats_count":486,"beats_loudness":{"dmean":0.0251556951553,"dmean2":0.0431254766881,"dvar":0.000645694555715,"dvar2":0.00194306834601,"max":0.183469444513,"mean":0.0592817552388,"median":0.0562995709479,"min":0.0000105080926005,"var":0.00093716243282},"beats_loudness_band_ratio":{"dmean":[0.181759268045,0.07460834831,0.087471537292,0.0783542916179,0.0438538230956,0.0704857558012],"dmean2":[0.319968134165,0.133789107203,0.155555456877,0.136155039072,0.0784146562219,0.124257735908],"dvar":[0.0204173680395,0.00670631788671,0.00927806273103,0.00480376230553,0.00212045479566,0.00478131463751],"dvar2":[0.0592182576656,0.020409559831,0.0279058068991,0.0140120508149,0.00626080948859,0.0141424424946],"max":[0.977854371071,0.502919256687,0.529649376869,0.389075636864,0.432655245066,0.49646058678