{"lowlevel":{"average_loudness":0.552783787251,"barkbands":{"dmean":[0.00540285464376,0.0171144213527,0.004135443829,0.00277025299147,0.00386987021193,0.00111448438838,0.000672105525155,0.000425712758442,0.000540222565178,0.000394541973947,0.000257483654423,0.000231401747442,0.000154629276949,0.000142362172483,0.000174566157511,0.000134222354973,0.0000881108717294,0.0000938632583711,0.0000937150034588,0.0000874379838933,0.0000363949220628,0.0000165540659509,0.0000114012855192,0.00000492594745083,0.00000419909065386,0.00000745591478335,0.000163858465385],"dmean2":[0.00923518463969,0.0280842222273,0.00679514696822,0.00458900025114,0.00628959899768,0.00181071949191,0.00107900169678,0.000703126424924,0.00087583088316,0.00063655723352,0.000412855006289,0.000370735768229,0.000250546843745,0.000231453377637,0.000280601409031,0.000209632620681,0.00013602458057,0.000138167451951,0.000133681722218,0.000119770833408,0.0000517679873155,0.0000241294856096,0.0000171952287928,0.00000811743575468,0.00000703583373252,0.0000115081393233,0.000236453473917],"dvar":[0.000103136379039,0.000758952752221,0.0000530834113306,0.000025339108106,0.0000341954983014,0.00000645449154035,0.00000253473399425,0.00000131950423565,0.00000142866235819,7.5129474908e-7,5.53092036171e-7,2.26729568453e-7,1.23903717508e-7,6.14120452269e-8,1.32353434878e-7,8.52607158208e-8,4.3495731461e-8,6.92096122634e-8,1.42729263075e-7,4.89265914894e-7,2.46843505636e-8,1.96673677344e-9,1.03462483025e-9,6.29709270838e-11,4.76046528586e-11,2.43182224358e-10,7.7399214149e-8],"dvar2":[0.000278892344795,0.00219523510896,0.000135665002745,0.0000630696449662,0.0000860162181198,0.0000156223140948,0.00000521433685208,0.00000310402106152,0.00000343240208167,0.00000177615027042,0.00000129322290832,5.31232615231e-7,2.99251382785e-7,1.50633965745e-7,3.21529654457e-7,1.96812223408e-7,9.79611343155e-8,1.49096379687e-7,2.88210998178e-7,8.0619935261e-7,5.2944518103e-8,4.28940261088e-9,2.39591324558e-9,1.54481108461e-10,1.18762194523e-10,5.60255897231e-10,1.48252254917e-7],"max":[0.188465118408,0.55309176445,0.23341807723,0.140974104404,0.137590587139,0.16366314888,0.156418740749,0.0534658655524,0.0669799223542,0.0319510325789,0.043758019805,0.0227569080889,0.0219103079289,0.00505591137335,0.0188463013619,0.0102488612756,0.00861578900367,0.0139722637832,0.0279562100768,0.0812945440412,0.0155263096094,0.00240640854463,0.00247839069925,0.000282670313027,0.000198249035748,0.00105016701855,0.011776172556],"mean":[0.00728059606627,0.0340499542654,0.00593626732007,0.00408710818738,0.00748406536877,0.00179642683361,0.00119927723426,0.000649198249448,0.000960111268796,0.000647348642815,0.000409411033615,0.000415942224208,0.000242401802097,0.00024057731207,0.000317793252179,0.000226033429499,0.000147911894601,0.000155798188644,0.000147508602822,0.000143602781463,0.0000551691009605,0.0000250560588029,0.000016231839254,0.00000563628464079,0.00000427373061029,0.0000109630827865,0.000511041667778],"median":[0.00476469099522,0.0225028023124,0.00277849193662,0.00181188574061,0.00420093443245,0.000884505105205,0.000568553572521,0.000300117389997,0.000414079840994,0.000259145424934,0.000160981173394,0.000175114924787,0.000108589272713,0.000117965391837,0.000138584524393,0.0000869835930644,0.000052306750149,0.0000451351770607,0.0000332101772074,0.00002459735515,0.0000143483330248,0.00000926435313886,0.00000627039480605,0.00000281447501038,0.00000186666466107,0.00000569806979911,0.000294069584925],"min":[1.9742927293e-7,9.26153376213e-8,1.05560982178e-8,1.00621333488e-8,7.87982301631e-9,7.49113393539e-9,6.34196384297e-9,1.99985294991e-9,2.52560083958e-9,3.90276877482e-9,2.23264207122e-9,1.69894176505e-9,8.44069369954e-10,7.92081955581e-10,9.58481072288e-10,1.27156773999e-9,7.19991621878e-10,7.4485340118e-10,2.03417671596e-10,1.37732408811e-10,9.10502645501e-11,1.26824731272e-10,9.47596168199e-11,7.16338169338e-11,7.25174434391e-11,1.99196839579e-10,1.0739773515e-9],"var":[0.0000938983794185,0.00142283330206,0.0000951124384301,0.0000498968220199,0.0000931377289817,0.0000109277616502,0.00000628739371678,0.00000228260614676,0.00000336635957865,0.00000160658373716,0.00000112528039153,6.31792261174e-7,2.27685717391e-7,1.21089925642e-7,2.79214702914e-7,1.58205864409e-7,8.78161117157e-8,1.45489920556e-7,3.75051342871e-7,0.00000168083727203,4.84275091139e-8,2.91960988719e-9,1.24567978155e-9,7.20341980509e-11,4.94094695713e-11,3.26087407077e-10,3.9239733951e-7]},"barkbands_crest":{"dmean":2.87239027023,"dmean2":4.68289613724,"dvar":6.02501392365,"dvar2":15.6406002045,"max":26.4014759064,"mean":13.6821975708,"median":13.2719955444,"min":2.30163812637,"var":24.750951767},"barkbands_flatness_db":{"dmean":0.0337093286216,"dmean2":0.0523545853794,"dvar":0.000956650415901,"dvar2":0.00245470879599,"max":0.61070305109,"mean":0.199000775814,"median":0.191556915641,"min":0.0325701609254,"var":0.00475790258497},"barkbands_kurtosis":{"dmean":18.2659702301,"dmean2":29.8162937164,"dvar":2148.86181641,"dvar2":6387.31982422,"max":1207.23120117,"mean":37.021697998,"median":19.3768978119,"min":-1.77610599995,"var":3832.37939453},"barkbands_skewness":{"dmean":1.01633679867,"dmean2":1.61596119404,"dvar":1.6217058897,"dvar2":4.54734182358,"max":28.2275104523,"mean":4.20282840729,"median":3.64502978325,"min":-1.79388689995,"var":6.29629325867},"barkbands_spread":{"dmean":4.19953393936,"dmean2":6.44046068192,"dvar":26.4062995911,"dvar2":58.4663925171,"max":93.0227432251,"mean":13.5547504425,"median":9.95301151276,"min":0.103003785014,"var":144.489547729},"dissonance":{"dmean":0.0202639643103,"dmean2":0.0339660793543,"dvar":0.000370514171664,"dvar2":0.00101222342346,"max":0.500000119209,"mean":0.462881803513,"median":0.469236820936,"min":0.204815044999,"var":0.000760239199735},"dynamic_complexity":2.3104929924,"erbbands":{"dmean":[0.742416918278,3.15384745598,4.92971658707,6.53096723557,13.9699659348,11.5925550461,9.56211948395,9.35046768188,10.1533279419,10.220369339,8.81126022339,12.9409694672,11.3176679611,11.6360864639,10.3162260056,9.53468227386,7.11188364029,6.98887586594,7.65729761124,8.79540538788,6.53335762024,4.87719869614,4.98427963257,4.69875717163,4.93628740311,4.27351903915,2.13285970688,1.03304386139,0.614696085453,0.45991808176,0.30593124032,0.139654606581,0.0688737183809,0.0469659529626,0.0299186818302,0.0173426903784,0.0144638130441,0.0124311167747,0.00868115201592,0.00474473275244],"dmean2":[1.22517848015,5.21300888062,8.1935749054,10.5549926758,23.1211643219,18.8570079803,15.6121549606,15.329041481,16.2291202545,16.7659893036,14.302857399,21.0460205078,18.3599185944,18.5985774994,16.3606376648,15.2055444717,11.4253644943,11.2919998169,12.2968616486,13.816447258,10.0733633041,7.37508249283,7.3529624939,6.78745937347,7.00121688843,5.86885166168,2.97006988525,1.46542918682,0.891480028629,0.685783565044,0.464154630899,0.221540778875,0.115548335016,0.0787972956896,0.0500428490341,0.0288337338716,0.0220762062818,0.0174825992435,0.0113450717181,0.00696757202968],"dvar":[1.63121581078,25.7447605133,63.7912139893,147.366149902,545.517333984,352.257354736,596.921264648,387.788787842,641.384765625,538.774780273,605.975524902,759.262695312,724.235717773,727.15045166,1079.75463867,414.039367676,282.438690186,143.98916626,211.482040405,373.998352051,200.231445312,138.400253296,187.322433472,217.8671875,782.706115723,1275.88220215,127.504463196,8.6989736557,2.59254026413,1.72437369823,0.698139965534,0.0685482472181,0.0131263677031,0.00605297833681,0.00237688445486,0.000751009501982,0.000779242196586,0.00110848550685,0.000666454492602,0.0000439940013166],"dvar2":[4.55023384094,76.1177215576,172.073501587,338.764709473,1433.40002441,873.965698242,1401.7635498,950.434082031,1354.70983887,1313.85571289,1403.47619629,1810.50439453,1829.52978516,1640.63671875,2506.91040039,959.055419922,673.715881348,351.751251221,510.606719971,862.64855957,449.406219482,302.078643799,411.065948486,427.747650146,1551.90930176,2175.38183594,244.784500122,17.0473175049,5.49345397949,4.01129817963,1.60904955864,0.159191384912,0.0327830165625,0.0151116866618,0.00592528609559,0.00186750851572,0.00171651283745,0.0023723822087,0.00103962956928,0.0000848680283525],"max":[24.5845985413,114.29724884,192.081741333,425.005462646,578.061889648,543.165649414,1606.64416504,809.542602539,2746.02514648,993.767944336,1421.36340332,1300.45300293,916.174438477,1129.59655762,2040.3984375,1026.32055664,1179.3347168,314.196685791,449.772369385,1221.86437988,316.682617188,508.837768555,702.979248047,1149.90100098,2872.61035156,4144.85449219,1216.12817383,211.080093384,87.3108215332,82.7403106689,65.4254074097,15.8397445679,3.27961945534,2.23606824875,1.39938092232,0.776956915855,1.80677616596,2.20159816742,2.3516368866,0.20541806519],"mean":[1.43308663368,5.78036832809,7.82398509979,10.826376915,23.829454422,21.2528266907,15.5496435165,15.0815582275,17.1912574768,18.2318229675,15.0515575409,23.2538871765,18.3479175568,20.2237358093,17.9309253693,17.7488040924,11.9768638611,12.491230011,13.9015598297,16.2885475159,11.6964511871,8.5451374054,8.32630729675,7.74564838409,7.70632457733,6.93623352051,3.31104016304,1.58804905415,0.936421692371,0.664399445057,0.433786481619,0.180276498199,0.070173278451,0.0473300889134,0.0308822095394,0.0189292766154,0.0217911917716,0.0220904704183,0.0207276195288,0.0210464037955],"median":[0.846669197083,3.5234644413,3.87616324425,5.30197191238,11.2541952133,12.2033967972,8.29927349091,7.14763402939,7.88775157928,7.91951560974,7.66243600845,10.0195150375,7.59719610214,8.85842704773,7.43720436096,7.47559547424,5.72067689896,6.45184230804,6.93040657043,6.7452878952,4.71435594559,2.98775577545,2.50229763985,2.05245494843,1.52793967724,1.17247498035,0.717097461224,0.485257685184,0.340760290623,0.2493288517,0.170128047466,0.0858593508601,0.0306855905801,0.0202317405492,0.0137734757736,0.00926390755922,0.0112295532599,0.00956596434116,0.0094574522227,0.0165222529322],"min":[0.00000689160833645,0.00000695721973898,0.0000100324359664,0.0000388465487049,0.0000282729015453,0.0000204370171559,0.0000167001035152,0.0000628460620646,0.000102103236713,0.0000785658703535,0.0000492411782034,0.0000613111333223,0.000110054636025,0.0000817364270915,0.0000897935387911,0.0000676705822116,0.0000425395810453,0.0000470325539936,0.0000527501906618,0.0000579441511945,0.0000438887545897,0.0000379792836611,0.0000423077908636,0.0000206001204788,0.00000976690716925,0.00000698009353073,0.00000484730344397,0.00000357389308192,0.00000492807384944,0.00000339091775459,0.0000027839514587,0.00000156138605689,0.00000124569078253,7.29211649286e-7,6.55140922845e-7,5.67378720007e-7,3.16562818625e-7,1.85680434583e-7,6.74072566653e-8,2.88415353822e-8],"var":[2.70992040634,52.8532524109,126.273513794,340.565582275,1290.88085938,788.40246582,923.121337891,735.279052734,1298.78063965,1781.57641602,1034.96691895,2006.29846191,1308.55993652,1671.70068359,2261.76708984,1164.79992676,529.029785156,307.619293213,410.194702148,809.779602051,406.084136963,295.334838867,374.031555176,578.490844727,2133.46459961,4217.71826172,341.955352783,17.3121795654,4.10636234283,2.13494992256,0.854118645191,0.088535644114,0.013478984125,0.00623184815049,0.00248935446143,0.000813699443825,0.00118754326832,0.00179587758612,0.00252528418787,0.000320849765558]},"erbbands_crest":{"dmean":2.47485804558,"dmean2":4.05270290375,"dvar":5.6004114151,"dvar2":14.2649641037,"max":32.979839325,"mean":8.50196170807,"median":7.43719768524,"min":2.2687318325,"var":18.1526317596},"erbbands_flatness_db":{"dmean":0.0230799857527,"dmean2":0.036457285285,"dvar":0.000448785780463,"dvar2":0.00115709786769,"max":0.342431128025,"mean":0.135041192174,"median":0.130247086287,"min":0.0409460179508,"var":0.00128921854775},"erbbands_kurtosis":{"dmean":1.21528613567,"dmean2":1.97875332832,"dvar":8.35961055756,"dvar2":22.8199291229,"max":170.801361084,"mean":0.997026562691,"median":0.113818883896,"min":-1.89444625378,"var":13.7974853516},"erbbands_skewness":{"dmean":0.384166687727,"dmean2":0.59413766861,"dvar":0.153262168169,"dvar2":0.37198767066,"max":10.742275238,"mean":0.595685839653,"median":0.518906474113,"min":-4.78668022156,"var":0.780558049679},"erbbands_spread":{"dmean":7.16536617279,"dmean2":11.2474470139,"dvar":46.4906730652,"dvar2":113.087661743,"max":113.288139343,"mean":34.8708839417,"median":33.3132629395,"min":1.18317115307,"var":200.343566895},"gfcc":{"cov":[[3697.83740234,-460.998046875,-756.909057617,-71.9596862793,-101.085159302,-176.071868896,23.4247207642,-129.580245972,69.1785583496,-41.8251991272,-60.3651123047,72.6253128052,-82.7420272827],[-460.998046875,508.849639893,153.447631836,-164.68927002,61.929473877,-13.5217447281,13.4495992661,-13.9771776199,21.5380764008,-23.7871646881,30.7938861847,-35.4111557007,53.6300354004],[-756.909057617,153.447631836,573.328308105,133.614547729,-62.8793296814,203.577316284,-102.183479309,136.779342651,-61.9127578735,52.0364074707,9.3091468811,-14.1418275833,38.3161048889],[-71.9596862793,-164.68927002,133.614547729,370.792022705,69.5237197876,19.2033500671,38.7146911621,28.1646251678,-8.62520122528,30.4016494751,-10.1762371063,22.0837059021,-35.0141563416],[-101.085159302,61.929473877,-62.8793296814,69.5237197876,200.861541748,-14.1254930496,63.9677848816,-26.2723064423,31.9735450745,-5.97473573685,13.445394516,-7.55803346634,12.3860845566],[-176.071868896,-13.5217447281,203.577316284,19.2033500671,-14.1254930496,236.580062866,-32.3345527649,101.264900208,-29.4896869659,38.4555473328,11.9636650085,5.82656478882,25.2846698761],[23.4247207642,13.4495992661,-102.183479309,38.7146911621,63.9677848816,-32.3345527649,160.004943848,-17.1419696808,48.3237609863,-13.9875049591,8.19916725159,23.5665569305,-21.5015830994],[-129.580245972,-13.9771776199,136.779342651,28.1646251678,-26.2723064423,101.264900208,-17.1419696808,139.448242188,1.80981242657,43.9392738342,12.7418174744,-7.51340913773,24.8624725342],[69.1785583496,21.5380764008,-61.9127578735,-8.62520122528,31.9735450745,-29.4896869659,48.3237609863,1.80981242657,103.172218323,25.2359294891,15.7108860016,17.1627445221,-10.8823051453],[-41.8251991272,-23.7871646881,52.0364074707,30.4016494751,-5.97473573685,38.4555473328,-13.9875049591,43.9392738342,25.2359294891,72.403793335,33.882900238,6.91502714157,9.6160736084],[-60.3651123047,30.7938861847,9.3091468811,-10.1762371063,13.445394516,11.9636650085,8.19916725159,12.7418174744,15.7108860016,33.882900238,54.7009162903,24.9785327911,14.7372083664],[72.6253128052,-35.4111557007,-14.1418275833,22.0837059021,-7.55803346634,5.82656478882,23.5665569305,-7.51340913773,17.1627445221,6.91502714157,24.9785327911,59.8230781555,8.83800029755],[-82.7420272827,53.6300354004,38.3161048889,-35.0141563416,12.3860845566,25.2846698761,-21.5015830994,24.8624725342,-10.8823051453,9.6160736084,14.7372083664,8.83800029755,72.2311401367]],"icov":[[0.000471486739116,-0.000284963200102,0.00113008962944,-0.000456831563497,0.000507537042722,-0.00041263338062,0.000575796759222,-0.000210437719943,-0.0000738508024369,-0.000243671805947,0.00080522231292,-0.000768120749854,0.000183009935427],[-0.000284963200102,0.00689428672194,-0.00598511751741,0.00454834802076,-0.00286253145896,0.00273042172194,-0.00319029437378,0.00249358057044,-0.00266790087335,0.00421973038465,-0.00590970413759,0.00542840920389,-0.00276065710932],[0.00113008962944,-0.00598511751741,0.0107800336555,-0.0068626194261,0.00516478484496,-0.00563053833321,0.00511551881209,-0.00305093242787,0.00122792646289,-0.00162192480639,0.00311616086401,-0.00255992729217,0.00042988275527],[-0.000456831563497,0.00454834802076,-0.0068626194261,0.00983157008886,-0.00708545045927,0.00496136490256,-0.00366401067004,-0.000477358989883,0.0030967341736,-0.00484665995464,0.00451060943305,-0.00477761309594,0.0038338417653],[0.000507537042722,-0.00286253145896,0.00516478484496,-0.00708545045927,0.012362501584,-0.00486470898613,-0.000293857825454,0.00297204428352,-0.00465046381578,0.00512580526993,-0.00674117589369,0.00849978905171,-0.00604278640822],[-0.00041263338062,0.00273042172194,-0.00563053833321,0.00496136490256,-0.00486470898613,0.0105523867533,-0.00199539144523,-0.00413814047351,0.00369515595958,-0.00368014792912,0.00280737597495,-0.00450721662492,0.0018879288109],[0.000575796759222,-0.00319029437378,0.00511551881209,-0.00366401067004,-0.000293857825454,-0.00199539144523,0.0123513666913,-0.00313653377816,-0.00271553290077,0.00316933076829,0.000588296854403,-0.00551754422486,0.00376782240346],[-0.000210437719943,0.00249358057044,-0.00305093242787,-0.000477358989883,0.00297204428352,-0.00413814047351,-0.00313653377816,0.0160590726882,-0.00453970069066,-0.000892187526915,-0.00502094067633,0.00974795874208,-0.00696136569604],[-0.0000738508024369,-0.00266790087335,0.00122792646289,0.0030967341736,-0.00465046381578,0.00369515595958,-0.00271553290077,-0.00453970069066,0.020011048764,-0.0150640159845,0.010862512514,-0.0124079398811,0.00732648931444],[-0.000243671805947,0.00421973038465,-0.00162192480639,-0.00484665995464,0.00512580526993,-0.00368014792912,0.00316933076829,-0.000892187526915,-0.0150640159845,0.0408206619322,-0.0310940556228,0.0174258146435,-0.00673348456621],[0.00080522231292,-0.00590970413759,0.00311616086401,0.00451060943305,-0.00674117589369,0.00280737597495,0.000588296854403,-0.00502094067633,0.010862512514,-0.0310940556228,0.0530113205314,-0.030016258359,0.00655328994617],[-0.000768120749854,0.00542840920389,-0.00255992729217,-0.00477761309594,0.00849978905171,-0.00450721662492,-0.00551754422486,0.00974795874208,-0.0124079398811,0.0174258146435,-0.030016258359,0.0430899746716,-0.0140833649784],[0.000183009935427,-0.00276065710932,0.00042988275527,0.0038338417653,-0.00604278640822,0.0018879288109,0.00376782240346,-0.00696136569604,0.00732648931444,-0.00673348456621,0.00655328994617,-0.0140833649784,0.0240136887878]],"mean":[-5.4837679863,114.22858429,-65.7011871338,7.53404664993,-7.26293849945,-11.9670152664,-2.01068878174,-12.0970277786,-1.77454912663,-9.37550163269,-4.62531614304,-4.81401109695,-2.82325673103]},"hfc":{"dmean":68.7329559326,"dmean2":109.655067444,"dvar":6118.57763672,"dvar2":15377.0595703,"max":2173.05957031,"mean":269.038208008,"median":235.180831909,"min":0.000297445803881,"var":34262.8867188},"melbands":{"dmean":[0.00560170970857,0.00290520628914,0.00127935851924,0.000916883931495,0.000368515000446,0.000211729566217,0.000148971070303,0.000106819519715,0.0000768070822232,0.0000793528088252,0.0000565825939702,0.0000489291269332,0.0000355724223482,0.0000291310498142,0.0000185730550584,0.0000147944501805,0.0000139073290484,0.0000124962934933,0.0000134416468427,0.0000108910580821,0.00000738435619496,0.00000551820812689,0.00000491129503644,0.00000432107390225,0.00000393040636482,0.00000378088680009,0.00000359109958481,0.00000284380121229,0.00000155847305905,8.35853654735e-7,5.45211491954e-7,3.69025030977e-7,2.94629387554e-7,2.45988275083e-7,1.90940284028e-7,1.34874170499e-7,6.60838423983e-8,4.85765134783e-8,4.30213162872e-8,3.84126117581e-8],"dmean2":[0.0092167975381,0.00482568191364,0.00208576419391,0.00149554084055,0.000598031736445,0.000344566913554,0.000237977626966,0.00017578934785,0.00012418969709,0.000129220934468,0.0000919344965951,0.0000784206713433,0.0000568046707485,0.0000464587392344,0.0000297467322525,0.0000241249163082,0.000022723352231,0.0000202091632673,0.000021636904421,0.0000171352403413,0.0000115460652523,0.00000859601095726,0.00000751110019337,0.00000643013981971,0.00000586452551943,0.00000553028576178,0.0000051441238611,0.00000401134775529,0.00000224958807848,0.00000122575625028,8.01867315658e-7,5.45784359929e-7,4.42529056954e-7,3.74024267558e-7,2.92905127708e-7,2.07955849874e-7,1.08435720847e-7,8.17157967958e-8,7.22811250853e-8,6.44275104378e-8],"dvar":[0.0000886439811438,0.0000187991681742,0.0000046489694796,0.00000195668462766,6.28343059361e-7,1.97354680154e-7,1.31382819291e-7,6.18777349359e-8,4.69654750646e-8,2.77719625075e-8,1.79555748048e-8,1.36149642671e-8,1.19094352158e-8,3.79911835324e-9,1.55367674282e-9,9.81560943636e-10,5.71088842882e-10,5.66618252318e-10,9.03876695713e-10,5.54421897281e-10,2.58622956384e-10,1.77423006842e-10,1.77462725071e-10,1.60716689956e-10,1.5830457778e-10,2.79824385885e-10,9.22207754606e-10,5.57801249634e-10,7.68037924925e-11,1.38295113208e-11,1.95169379789e-12,9.46027978177e-13,7.13660359107e-13,5.29853396401e-13,2.92574016229e-13,1.06668234629e-13,1.16028436587e-14,6.61509904268e-15,5.13790365233e-15,4.03412443086e-15],"dvar2":[0.000252927158726,0.0000524144779774,0.0000113961932584,0.00000496782740811,0.00000148750518747,4.82165148696e-7,2.72203891427e-7,1.51975640961e-7,1.1083804452e-7,6.6452727765e-8,4.53329036532e-8,3.0762336678e-8,2.76821552347e-8,8.7373521751e-9,3.67855168548e-9,2.3815198702e-9,1.42803646686e-9,1.37520939081e-9,2.23379759134e-9,1.28816779466e-9,5.93893989542e-10,4.07036432337e-10,4.130427389e-10,3.51636914031e-10,3.35319910727e-10,6.01873051398e-10,1.79485404317e-9,9.97621207866e-10,1.68657157684e-10,3.00732910796e-11,4.06058390037e-12,2.04775345986e-12,1.65973528324e-12,1.26571734864e-12,6.81745133436e-13,2.46035939018e-13,2.82693163447e-14,1.65329294715e-14,1.28342855684e-14,1.00700257323e-14],"max":[0.172536879778,0.11672321707,0.0590138211846,0.0346826016903,0.0431256853044,0.0178259462118,0.0367905944586,0.00991419143975,0.0136306909844,0.00711876433343,0.00449176831171,0.0048013376072,0.00668221758679,0.00322508602403,0.00173540436663,0.00172990222927,0.000641557504423,0.000707686704118,0.00136931275483,0.00100180122536,0.000364974024706,0.000570624077227,0.000482452276628,0.000799505796749,0.000969636836089,0.00118079944514,0.00325073557906,0.00267023220658,0.00106927589513,0.000428159779403,0.0000367618558812,0.0000553081481485,0.0000568146606383,0.0000498268855154,0.0000453919710708,0.0000205247106351,0.00000436055006503,0.00000232981278714,0.00000205920196095,0.00000182586973096],"mean":[0.0111178355291,0.00534707400948,0.00228164508007,0.00172087608371,0.000631583272479,0.000347731023794,0.000258988060523,0.000185619530384,0.000131643260829,0.00014000700321,0.0000879333019839,0.000081487960415,0.0000580737723794,0.0000529258104507,0.0000324319044012,0.0000232030160987,0.0000233785358432,0.0000209675927181,0.0000239312612393,0.0000187897876458,0.0000123991085275,0.00000899057340575,0.00000777869354351,0.00000699285328665,0.00000613666452409,0.00000562410696148,0.00000548753268959,0.00000440039957539,0.00000229443367061,0.00000122901758459,8.04948115274e-7,5.43587077573e-7,4.24389980935e-7,3.42268208442e-7,2.64702805453e-7,1.85212371662e-7,7.64093144312e-8,4.77339590077e-8,4.27560173932e-8,3.87054086559e-8],"median":[0.00744447205216,0.00314611638896,0.0012495770352,0.000956655596383,0.000333652336849,0.000165682286024,0.000121748118545,0.0000820646819193,0.0000632104056422,0.0000604541273788,0.0000337986093655,0.0000339303696819,0.0000232451493503,0.000021211355488,0.0000149640491145,0.000010699759514,0.0000114915192171,0.0000102097910712,0.00000978871139523,0.00000759167642173,0.00000479439586343,0.00000312017459692,0.00000224413884098,0.00000206612412512,0.00000158293642016,0.00000115171712878,9.40464872201e-7,7.1525283829e-7,4.6598387371e-7,3.23182575812e-7,2.57906464185e-7,1.92127828313e-7,1.58880965273e-7,1.26224250607e-7,1.01318505585e-7,7.62327800885e-8,3.80347486839e-8,1.94415168409e-8,1.78350951785e-8,1.65844049604e-8],"min":[5.44186384843e-8,5.5929811893e-9,8.19246182004e-9,2.75937672711e-9,4.81542028474e-10,1.94887395111e-9,1.31394850555e-9,6.29398699825e-10,3.70761116253e-10,3.11872999648e-10,5.13529940793e-10,3.33734789804e-10,3.07571829117e-10,1.98994348777e-10,1.22337973085e-10,1.20188026198e-10,7.32592805863e-11,8.4891760288e-11,5.71915188818e-11,1.03639402615e-10,4.25613398691e-11,3.88392477901e-11,2.86635281482e-11,4.66740569804e-11,1.24815982203e-11,5.54107627837e-12,7.56363721655e-12,3.4575912012e-12,2.69799308762e-12,2.33108280942e-12,1.87041896728e-12,2.07905264185e-12,2.27444343741e-12,1.7745393913e-12,1.55367342256e-12,9.61517866195e-13,8.93340089403e-13,7.51514139547e-13,5.10857144347e-13,5.01825143939e-13],"var":[0.000145078171045,0.0000451838277513,0.0000104257587736,0.00000514836756338,0.00000112015254672,3.79847421073e-7,2.77638349644e-7,1.78037950604e-7,8.35331803728e-8,6.85440042503e-8,3.20999085091e-8,3.02270564134e-8,2.45372309138e-8,1.16528839911e-8,3.57322749167e-9,1.67786928795e-9,1.14610587687e-9,9.89400228413e-10,1.86150361792e-9,1.04645692112e-9,4.90320339885e-10,3.38757077945e-10,3.24493432124e-10,3.10809100679e-10,3.78768877374e-10,6.60766996674e-10,2.35321984121e-9,1.78240355808e-9,1.72300312906e-10,2.45532188331e-11,3.31820747095e-12,1.44876298458e-12,8.95287858606e-13,6.05278468405e-13,3.43544610077e-13,1.34794939425e-13,1.34992860531e-14,6.72472458781e-15,5.25426183885e-15,4.1601345578e-15]},"melbands_crest":{"dmean":3.97012639046,"dmean2":6.55279636383,"dvar":12.4508075714,"dvar2":33.6360473633,"max":37.7591819763,"mean":20.1320590973,"median":19.8309440613,"min":4.70699739456,"var":43.7950286865},"melbands_flatness_db":{"dmean":0.0409144386649,"dmean2":0.0637497231364,"dvar":0.00131696509197,"dvar2":0.00339945382439,"max":0.79078233242,"mean":0.32781329751,"median":0.322349250317,"min":0.0842423960567,"var":0.00659699412063},"melbands_kurtosis":{"dmean":17.4053249359,"dmean2":28.2505817413,"dvar":897.204406738,"dvar2":2355.10693359,"max":896.083740234,"mean":39.5879096985,"median":21.5496501923,"min":-1.83505260944,"var":3022.9987793},"melbands_skewness":{"dmean":1.01831746101,"dmean2":1.64273238182,"dvar":1.10924863815,"dvar2":2.88162136078,"max":21.806388855,"mean":4.20849132538,"median":3.73035812378,"min":-1.11730384827,"var":5.29841136932},"melbands_spread":{"dmean":2.76528191566,"dmean2":4.30245113373,"dvar":17.2069950104,"dvar2":37.3408203125,"max":141.124649048,"mean":7.92816972733,"median":5.57909870148,"min":0.164661943913,"var":69.3011245728},"mfcc":{"cov":[[4029.90039062,-451.156860352,-834.285888672,6.69442796707,-324.337677002,10.2304077148,-259.739929199,32.4102325439,-126.999221802,38.8644256592,-79.5181732178,-46.7206878662,-9.76927471161],[-451.156860352,642.10760498,23.1276531219,-158.576248169,24.5254268646,-46.0422782898,1.74392390251,-33.7227058411,19.6294651031,-21.1941642761,3.85502910614,-19.0643157959,-7.8697977066],[-834.285888672,23.1276531219,686.822814941,-68.306060791,151.92906189,-23.4883060455,99.2897872925,-7.16261863708,53.9990234375,-16.5632266998,40.0472335815,24.0387687683,-6.31732845306],[6.69442796707,-158.576248169,-68.306060791,360.028686523,2.02635002136,60.1863517761,0.0833031237125,30.1865367889,-14.5015573502,26.8389167786,-6.02847528458,8.1797618866,5.90755653381],[-324.337677002,24.5254268646,151.92906189,2.02635002136,194.962753296,16.4388179779,62.7821540833,-19.7430458069,42.8493728638,-3.28572058678,19.1695575714,7.37026643753,4.36371326447],[10.2304077148,-46.0422782898,-23.4883060455,60.1863517761,16.4388179779,118.604095459,18.9263076782,39.177280426,-7.03808403015,16.5982685089,-2.53738808632,6.36144733429,11.7950115204],[-259.739929199,1.74392390251,99.2897872925,0.0833031237125,62.7821540833,18.9263076782,125.974273682,18.6093158722,37.2272720337,-11.9350309372,13.1646194458,12.502746582,3.54236984253],[32.4102325439,-33.7227058411,-7.16261863708,30.1865367889,-19.7430458069,39.177280426,18.6093158722,88.584854126,15.5966405869,19.3887729645,2.32678699493,5.8261885643,7.15312147141],[-126.999221802,19.6294651031,53.9990234375,-14.5015573502,42.8493728638,-7.03808403015,37.2272720337,15.5966405869,72.3140411377,22.4383182526,15.2714061737,5.662296772,2.11819124222],[38.8644256592,-21.1941642761,-16.5632266998,26.8389167786,-3.28572058678,16.5982685089,-11.9350309372,19.3887729645,22.4383182526,59.8130683899,26.3057079315,9.65336799622,9.84607124329],[-79.5181732178,3.85502910614,40.0472335815,-6.02847528458,19.1695575714,-2.53738808632,13.1646194458,2.32678699493,15.2714061737,26.3057079315,54.5100326538,31.1528053284,10.7270116806],[-46.7206878662,-19.0643157959,24.0387687683,8.1797618866,7.37026643753,6.36144733429,12.502746582,5.8261885643,5.662296772,9.65336799622,31.1528053284,50.0861701965,27.7733535767],[-9.76927471161,-7.8697977066,-6.31732845306,5.90755653381,4.36371326447,11.7950115204,3.54236984253,7.15312147141,2.11819124222,9.84607124329,10.7270116806,27.7733535767,45.102268219]],"icov":[[0.000414107460529,0.000311357784085,0.000402989942813,0.00023473323381,0.000121636061522,0.0000507587465108,0.000391000939999,-0.00015656366304,0.000170604515006,-0.000213903287658,0.000227859680308,-0.00002861746907,0.000140915741213],[0.000311357784085,0.00206198054366,0.000394531904021,0.000834141683299,-0.0000363855433534,0.000139356823638,0.000456344452687,0.000166361205629,-0.000499299785588,0.000673031434417,-0.00082024972653,0.00128632737324,-0.000442408461822],[0.000402989942813,0.000394531904021,0.00238434132189,0.000536443199962,-0.00117252592463,0.000591577263549,-0.00034386490006,-0.000534479157068,0.00000121631489947,0.000360859266948,-0.000523528957274,-0.000761938164942,0.00100521463901],[0.00023473323381,0.000834141683299,0.000536443199962,0.00370367593132,-0.000621234474238,-0.000733869557735,-0.000201078859391,-0.000522116024513,0.00146229448728,-0.00242654653266,0.00200383644551,-0.00158179923892,0.00109555642121],[0.000121636061522,-0.0000363855433534,-0.00117252592463,-0.000621234474238,0.00877139996737,-0.00290694506839,-0.00153991486877,0.00394945265725,-0.00488259689882,0.00269531528465,-0.00327658117749,0.00298984488472,-0.00207762909122],[0.0000507587465108,0.000139356823638,0.000591577263549,-0.000733869557735,-0.00290694506839,0.0129626737908,-0.0026773980353,-0.00518966279924,0.00600085454062,-0.00586625281721,0.00442118523642,-0.00189321325161,-0.000747959595174],[0.000391000939999,0.000456344452687,-0.00034386490006,-0.000201078859391,-0.00153991486877,-0.0026773980353,0.0138823324814,-0.00255021639168,-0.00695288553834,0.0086878510192,-0.00428824918345,0.0000737097579986,-0.000289756484563],[-0.00015656366304,0.000166361205629,-0.000534479157068,-0.000522116024513,0.00394945265725,-0.00518966279924,-0.00255021639168,0.0166923999786,-0.00454492634162,-0.00267995684408,0.00124063296244,-0.000252090074355,-0.000824709481094],[0.000170604515006,-0.000499299785588,0.00000121631489947,0.00146229448728,-0.00488259689882,0.00600085454062,-0.00695288553834,-0.00454492634162,0.026252232492,-0.0148938754573,0.00523474998772,-0.00272135948762,0.0023776977323],[-0.000213903287658,0.000673031434417,0.000360859266948,-0.00242654653266,0.00269531528465,-0.00586625281721,0.0086878510192,-0.00267995684408,-0.0148938754573,0.0380489267409,-0.0237931348383,0.0124421175569,-0.00815407931805],[0.000227859680308,-0.00082024972653,-0.000523528957274,0.00200383644551,-0.00327658117749,0.00442118523642,-0.00428824918345,0.00124063296244,0.00523474998772,-0.0237931348383,0.0472530424595,-0.0312990583479,0.0118545843288],[-0.00002861746907,0.00128632737324,-0.000761938164942,-0.00158179923892,0.00298984488472,-0.00189321325161,0.0000737097579986,-0.000252090074355,-0.00272135948762,0.0124421175569,-0.0312990583479,0.0535104013979,-0.0275365095586],[0.000140915741213,-0.000442408461822,0.00100521463901,0.00109555642121,-0.00207762909122,-0.000747959595174,-0.000289756484563,-0.000824709481094,0.0023776977323,-0.00815407931805,0.0118545843288,-0.0275365095586,0.0384781844914]],"mean":[-678.533569336,175.960449219,3.97435522079,38.9736595154,11.093419075,17.2746734619,4.7559466362,9.74243927002,3.13308238983,6.79848766327,-0.0453968010843,-0.731587707996,2.36475205421]},"pitch_salience":{"dmean":0.0814195051789,"dmean2":0.133714035153,"dvar":0.00507852807641,"dvar2":0.0135911460966,"max":0.834019482136,"mean":0.490486383438,"median":0.50502204895,"min":0.0507162436843,"var":0.018129888922},"silence_rate_20dB":{"dmean":0.00137275608722,"dmean2":0.00274558458477,"dvar":0.00136982568074,"dvar2":0.00368597824126,"max":1,"mean":0.999023258686,"median":1,"min":0,"var":0.000975921051577},"silence_rate_30dB":{"dmean":0.10385427624,"dmean2":0.207714036107,"dvar":0.0930371358991,"dvar2":0.200899168849,"max":1,"mean":0.741585493088,"median":1,"min":0,"var":0.191696286201},"silence_rate_60dB":{"dmean":0.00190073915292,"dmean2":0.00380157865584,"dvar":0.00189730210695,"dvar2":0.00436855619773,"max":1,"mean":0.00562287168577,"median":0,"min":0,"var":0.00559015711769},"spectral_centroid":{"dmean":161.380569458,"dmean2":235.871643066,"dvar":40849.6484375,"dvar2":73684.3359375,"max":3820.26538086,"mean":672.962341309,"median":550.645690918,"min":81.7261505127,"var":195482.84375},"spectral_complexity":{"dmean":3.63437175751,"dmean2":5.15541601181,"dvar":17.5753803253,"dvar2":26.4507312775,"max":60,"mean":16.144821167,"median":14,"min":0,"var":103.395446777},"spectral_contrast_coeffs":{"dmean":[0.0543432533741,0.0479850508273,0.0360706746578,0.0270590465516,0.0226410124451,0.0383772552013],"dmean2":[0.0905919596553,0.0808114930987,0.0602412968874,0.0451870188117,0.0371764600277,0.0595305375755],"dvar":[0.00182725465856,0.00138633523602,0.000801704183687,0.000456524809124,0.000369549321476,0.0014559533447],"dvar2":[0.00499527761713,0.00385728152469,0.00219054659829,0.00124204903841,0.000956011004746,0.00321151735261],"max":[-0.324355870485,-0.429119557142,-0.534158706665,-0.621597349644,-0.629736065865,-0.432725131512],"mean":[-0.675730764866,-0.777070820332,-0.810734033585,-0.832551777363,-0.837443768978,-0.784196972847],"median":[-0.681145071983,-0.781738996506,-0.815112948418,-0.832679092884,-0.835861623287,-0.803967654705],"min":[-0.897628545761,-0.956522881985,-0.965047001839,-0.982698976994,-0.966028153896,-0.952422142029],"var":[0.00642529409379,0.00380535540171,0.00299621466547,0.00178244640119,0.0014952957863,0.00494224298745]},"spectral_contrast_valleys":{"dmean":[0.375038474798,0.396657735109,0.363849461079,0.3452873528,0.379203379154,0.674994528294],"dmean2":[0.62434399128,0.651230812073,0.583548128605,0.544139206409,0.566715478897,1.10648226738],"dvar":[0.094070956111,0.109591245651,0.10559155792,0.114844329655,0.142434284091,0.321323662996],"dvar2":[0.24858944118,0.290137022734,0.264095008373,0.274570077658,0.336027354002,0.831415534019],"max":[-4.5376329422,-4.27922916412,-5.15716552734,-5.55994224548,-4.79701280594,-8.38475418091],"mean":[-6.21063566208,-6.45459318161,-7.06067609787,-7.52973461151,-7.81014823914,-10.8787059784],"median":[-6.13563013077,-6.38002109528,-6.96928548813,-7.44621562958,-7.81162166595,-10.8298902512],"min":[-11.9938993454,-12.108549118,-12.426653862,-13.0692634583,-13.7711896896,-16.1757316589],"var":[0.376029551029,0.42590034008,0.470540881157,0.542467415333,0.613068044186,0.652824163437]},"spectral_decrease":{"dmean":6.39798214408e-9,"dmean2":1.04639443776e-8,"dvar":8.49666955022e-17,"dvar2":2.32277133505e-16,"max":1.22155627835e-8,"mean":-1.43232057326e-8,"median":-1.13596003715e-8,"min":-1.58745109502e-7,"var":1.60239800372e-16},"spectral_energy":{"dmean":0.0248074121773,"dmean2":0.040308278054,"dvar":0.00126376003027,"dvar2":0.00343311391771,"max":0.634474158287,"mean":0.0784610286355,"median":0.0673206448555,"min":0.00000193723076336,"var":0.00292327278294},"spectral_energyband_high":{"dmean":0.000197693472728,"dmean2":0.000263728492428,"dvar":3.65158172144e-7,"dvar2":6.04184265285e-7,"max":0.0645136758685,"mean":0.000445322977612,"median":0.000213496634387,"min":1.74256087337e-9,"var":0.00000127000066641},"spectral_energyband_low":{"dmean":0.0214031673968,"dmean2":0.0353497862816,"dvar":0.00109061284456,"dvar2":0.00305350567214,"max":0.59740871191,"mean":0.0469994209707,"median":0.035355027765,"min":2.23551197109e-7,"var":0.00204300461337},"spectral_energyband_middle_high":{"dmean":0.00110317987856,"dmean2":0.00157160346862,"dvar":0.00000421625645686,"dvar2":0.00000790274498286,"max":0.101592972875,"mean":0.00290101929568,"median":0.00168944429606,"min":1.48537342426e-8,"var":0.0000155280649778},"spectral_energyband_middle_low":{"dmean":0.00648807780817,"dmean2":0.0104175806046,"dvar":0.0000930471069296,"dvar2":0.000227739990805,"max":0.286695092916,"mean":0.016387687996,"median":0.0116419093683,"min":8.67384528647e-8,"var":0.000274132966297},"spectral_entropy":{"dmean":0.253794074059,"dmean2":0.397970587015,"dvar":0.0656008124352,"dvar2":0.170840129256,"max":8.14261245728,"mean":7.24603271484,"median":7.30985784531,"min":4.50228357315,"var":0.193441212177},"spectral_flux":{"dmean":0.0336045473814,"dmean2":0.0547251664102,"dvar":0.00157652678899,"dvar2":0.00373867689632,"max":0.621429204941,"mean":0.126783341169,"median":0.116206601262,"min":0.000662544392981,"var":0.00349236140028},"spectral_kurtosis":{"dmean":5.9176659584,"dmean2":9.5155544281,"dvar":48.8615989685,"dvar2":127.796684265,"max":130.35055542,"mean":18.9572849274,"median":16.5687294006,"min":4.49765825272,"var":92.9360427856},"spectral_rms":{"dmean":0.00130650727078,"dmean2":0.00209058541805,"dvar":0.0000021678149551,"dvar2":0.00000565504706174,"max":0.024879693985,"mean":0.00826338585466,"median":0.00810423865914,"min":0.0000434739158663,"var":0.00000826444011182},"spectral_rolloff":{"dmean":5249.16064453,"dmean2":10250.3203125,"dvar":73764776,"dvar2":180347488,"max":22050,"mean":11818.53125,"median":20478.0761719,"min":43.06640625,"var":107698016},"spectral_skewness":{"dmean":0.483442664146,"dmean2":0.750791192055,"dvar":0.26459774375,"dvar2":0.674766898155,"max":9.57987976074,"mean":3.06834435463,"median":2.93130278587,"min":0.950260102749,"var":0.710709512234},"spectral_spread":{"dmean":588456.0625,"dmean2":948334.5625,"dvar":290969387008,"dvar2":748366725120,"max":21781730,"mean":4084420,"median":4030616.25,"min":1361033.875,"var":646938492928},"spectral_strongpeak":{"dmean":3.64682126045,"dmean2":6.81099796295,"dvar":266.786529541,"dvar2":721.670715332,"max":256.63458252,"mean":3.20070934296,"median":0.423611670732,"min":0,"var":250.906784058},"zerocrossingrate":{"dmean":0.0414995737374,"dmean2":0.0545423254371,"dvar":0.00118760112673,"dvar2":0.00197121105157,"max":0.8447265625,"mean":0.250822305679,"median":0.24267578125,"min":0.00390625,"var":0.00979751255363}},"metadata":{"audio_properties":{"analysis_sample_rate":44100,"bit_rate":128000,"codec":"mp3","downmix":"mix","equal_loudness":0,"length":879.568969727,"lossless":false,"md5_encoded":"7aa33e0f00acef868f92257bb01bc0cd","replay_gain":-1.97297286987,"sample_rate":44100},"tags":{"album":["Sleeps With Angels"],"albumartist":["Neil Young & Crazy Horse"],"albumartistsort":["Young, Neil & Crazy Horse"],"artist":["Neil Young & Crazy Horse"],"artistsort":["Young, Neil & Crazy Horse"],"asin":["B000002MUC"],"barcode":["093624574927"],"catalognumber":["9362-45749-2"],"composer":["Neil Young"],"date":["1994-08"],"file_name":"06 - Neil Young & Crazy Horse - Change Your Mind.mp3","genre":["Folk Rock","90S","Neil Young","Blues-Rock","Hermosos Tema","Epic","Bijzonder","Folk-Rock","Canadian","Crazy Horse","Op Cd","Alternative Folk","Singer-Songwriter","Rock","Hard Rock","Classic Rock","Unknown","Americana","Indie","De Meest Fabuleuse","Easy Listening","Folk"],"label":["Reprise Records"],"musicbrainz album release country":["GB"],"musicbrainz album status":["official"],"musicbrainz album type":["album"],"musicbrainz_albumartistid":["0f3515b0-75c9-46c9-b26c-4cd05d26eae7"],"musicbrainz_albumid":["103a0641-976c-4329-99c4-9ede6c5d2002"],"musicbrainz_artistid":["0f3515b0-75c9-46c9-b26c-4cd05d26eae7"],"musicbrainz_recordingid":["2c8aa275-32b9-4712-8d3c-6261ff395b51"],"performer:frank sampedro":["Neil Young"],"performer:ralph molina":["Billy Talbot"],"title":["Change Your Mind"],"tracknumber":["6/12"]},"version":{"essentia":"2.1-beta1","essentia_build_sha":"81dca3489dfd3c4275b86ac4d56d870715677d3f","essentia_git_sha":"v2.1_beta1-28-g21ef5f4","extractor":"music 1.0"}},"rhythm":{"beats_count":1323,"beats_loudness":{"dmean":0.0440610907972,"dmean2":0.0750056356192,"dvar":0.00182938831858,"dvar2":0.00520286755636,"max":0.586626529694,"mean":0.0966958031058,"median":0.0859856754541,"min":0.0000156509850058,"var":0.00310064922087},"beats_loudness_