{"lowlevel":{"average_loudness":0.815350711346,"barkbands":{"dmean":[0.00374913495034,0.0059041948989,0.00108754413668,0.00118892209139,0.0039195609279,0.00178395712283,0.000636258511804,0.00051362166414,0.000696560717188,0.000421443895902,0.000171490974026,0.00011699735478,0.0000650341171422,0.0000706910141162,0.0000857804261614,0.0000196123764908,0.0000108720705612,0.0000093314138212,0.00000850564356369,0.00000533838829142,0.00000389990191252,0.00000278346919913,0.0000019059909846,0.00000173971477579,0.00000166557674675,0.00000165014932918,0.00000434606863564],"dmean2":[0.00573192862794,0.00917890481651,0.00180372444447,0.00195447774604,0.00595532124862,0.00285214022733,0.000980732846074,0.000811464851722,0.00109525118023,0.000655565003399,0.000268081232207,0.000179667506018,0.000101360565168,0.000109613247332,0.000132421017042,0.0000308169364871,0.0000177430865733,0.0000150581108755,0.0000135962018248,0.00000849856587593,0.00000643407884127,0.00000458540171167,0.0000031511999623,0.00000287500256491,0.00000275732804766,0.00000272859074357,0.00000668306165608],"dvar":[0.0000655854164506,0.0000978136231424,0.00000413568159274,0.0000066284260356,0.000072650371294,0.0000163124259416,0.00000206661593438,0.00000317089961754,0.0000049159439186,0.00000216373177864,2.87219648953e-7,1.12062338076e-7,3.60633194418e-8,3.8460061802e-8,4.55130262367e-8,2.16478168724e-9,5.24400967095e-10,4.1013969998e-10,4.73271977164e-10,1.31350055832e-10,5.25868272538e-11,2.74822612584e-11,1.65294531534e-11,1.50126907433e-11,1.39641952515e-11,1.33714818731e-11,4.92808537034e-11],"dvar2":[0.000141463795444,0.000226285992539,0.00000933540377446,0.0000163901877386,0.000153575936565,0.0000416126204072,0.00000471253360956,0.00000768250629335,0.0000115453049148,0.00000491084438181,6.54083692098e-7,2.60437900579e-7,7.96446641971e-8,8.58299031847e-8,1.10182419633e-7,5.05217556679e-9,1.32794764074e-9,9.61119073217e-10,1.05582154131e-9,3.0496863368e-10,1.24651095001e-10,6.49607798109e-11,3.88371210192e-11,3.52637155587e-11,3.27631741182e-11,3.13918786798e-11,1.13132676838e-10],"max":[0.151643097401,0.11365506798,0.061807975173,0.0919320061803,0.162998169661,0.0770453438163,0.0318450406194,0.0600523985922,0.0746829584241,0.0566260293126,0.0149156376719,0.0154260639101,0.00846102181822,0.00848272908479,0.0054190447554,0.00111969502177,0.000297651684377,0.000810583354905,0.000682898389641,0.000338406680385,0.000141317446833,0.0000819608467282,0.0000680283337715,0.0000655297844787,0.0000628811758361,0.0000612259536865,0.00011963556608],"mean":[0.00643279170617,0.0108909755945,0.00147937762085,0.0016394489212,0.00632717180997,0.00277043506503,0.00110092945397,0.000729558814783,0.000989918829873,0.000613342388533,0.000254254409811,0.000188239413546,0.000105084756797,0.000117169278383,0.000144570149132,0.0000280916628981,0.0000116223855002,0.0000102296326077,0.00000981405173661,0.00000661307285554,0.00000430399995821,0.00000293056405098,0.00000199321470973,0.00000169888835444,0.00000160085437528,0.0000016435761836,0.00000733880960979],"median":[0.00183086586185,0.00614490266889,0.00058186071692,0.000508395256475,0.00181420601439,0.000831352255773,0.000327213376295,0.000145302139572,0.000179559399839,0.0000929461675696,0.0000511516045663,0.0000454582841485,0.0000305315261357,0.0000300563551718,0.0000267469113169,0.00000786258897278,0.00000388753051084,0.00000336906714438,0.00000308263975057,0.00000226100382861,0.00000137641666242,8.984801525e-7,5.96561392285e-7,3.92219874357e-7,3.32824612315e-7,4.21084621394e-7,0.00000258523641605],"min":[7.08141363473e-14,2.13185944727e-14,2.41296266212e-15,9.04067063725e-15,1.49245036902e-14,4.47960658639e-14,1.10636583987e-13,1.01824154848e-13,1.60790014658e-13,1.53913543694e-14,6.88978022312e-14,1.66733123076e-13,2.66972018494e-13,1.427786112e-13,1.24352486858e-13,3.109622206e-13,2.82340828234e-13,3.44851697111e-13,5.21914976515e-13,8.17731353551e-13,9.93229153437e-13,1.69185553154e-12,9.49832768861e-13,4.57213477148e-12,2.87254313218e-12,5.6344763924e-12,7.3878334006e-12],"var":[0.00011946891027,0.000179405731615,0.00000758260966904,0.0000131773949761,0.000161829579156,0.0000303164724755,0.00000536864172318,0.00000509728215548,0.000008286810953,0.00000394132393922,5.62844604701e-7,2.72687969982e-7,6.33444443565e-8,8.14764575807e-8,1.15815367963e-7,4.17320666912e-9,5.08007635958e-10,4.83702355947e-10,6.76247613463e-10,1.85592749502e-10,6.83445661176e-11,3.29664594234e-11,1.90437613595e-11,1.68504724063e-11,1.56363099552e-11,1.50779701225e-11,1.32252528373e-10]},"barkbands_crest":{"dmean":2.70987200737,"dmean2":4.41981840134,"dvar":5.61977958679,"dvar2":14.3312225342,"max":25.3242816925,"mean":11.9036912918,"median":11.4703063965,"min":2.76533937454,"var":15.1344213486},"barkbands_flatness_db":{"dmean":0.0416126474738,"dmean2":0.0646837130189,"dvar":0.00119723775424,"dvar2":0.00299103930593,"max":0.483579367399,"mean":0.242530167103,"median":0.23707062006,"min":0.0467015244067,"var":0.00470819463953},"barkbands_kurtosis":{"dmean":7.31339740753,"dmean2":11.5964345932,"dvar":154.252578735,"dvar2":366.695129395,"max":249.626541138,"mean":13.2709569931,"median":6.81863069534,"min":-1.83236718178,"var":393.746734619},"barkbands_skewness":{"dmean":0.740441143513,"dmean2":1.14365434647,"dvar":0.55319839716,"dvar2":1.24337625504,"max":12.2399778366,"mean":2.27646040916,"median":1.92015552521,"min":-2.56331944466,"var":2.46349191666},"barkbands_spread":{"dmean":2.24892449379,"dmean2":3.53945827484,"dvar":10.1118078232,"dvar2":26.4132270813,"max":123.403503418,"mean":7.16298246384,"median":5.66295146942,"min":0.347514361143,"var":74.4234848022},"dissonance":{"dmean":0.0328226499259,"dmean2":0.0558112226427,"dvar":0.000846613314934,"dvar2":0.00234639109112,"max":0.500000178814,"mean":0.443766593933,"median":0.450920701027,"min":0.247420489788,"var":0.00139982625842},"dynamic_complexity":5.19523286819,"erbbands":{"dmean":[0.349063634872,0.739122092724,1.05497419834,2.63996386528,8.46317100525,14.6860551834,18.3264846802,13.1452503204,10.1392660141,9.59562015533,12.0309638977,14.3158340454,16.1798801422,9.41556072235,5.84447717667,4.55814933777,2.97155094147,3.02165174484,5.08693027496,2.39535069466,0.888604938984,0.613835036755,0.522137403488,0.442557573318,0.388985186815,0.257039964199,0.18305554986,0.137765094638,0.10379268229,0.0721739158034,0.0523462221026,0.0387704372406,0.0277712345123,0.0188276711851,0.0117368977517,0.00649761967361,0.00306628248654,0.00123759265989,0.000403489102609,0.0000873403478181],"dmean2":[0.550223946571,1.13325464725,1.72358548641,4.29003143311,13.4835319519,22.5759773254,29.0199317932,21.122215271,15.6972064972,14.6759204865,18.8660793304,22.4100990295,25.6356811523,14.1141653061,9.00896644592,6.87299585342,4.58463907242,4.60493469238,7.83256816864,3.68749117851,1.40191650391,0.991243958473,0.843010127544,0.712845265865,0.620442390442,0.411581456661,0.300322651863,0.227086395025,0.171114236116,0.119059979916,0.0865505188704,0.0640143454075,0.0459423623979,0.0311610531062,0.0194255933166,0.0107523137704,0.00506440363824,0.00203845766373,0.000650473579299,0.000127789244289],"dvar":[0.403395503759,1.43335831165,3.34816837311,28.0809249878,398.924377441,1317.67480469,1686.35754395,1077.22619629,522.087341309,622.007202148,1690.4864502,1825.65771484,5336.875,727.014343262,309.754119873,143.456222534,77.8417282104,71.6113815308,156.096450806,34.9102935791,4.31951808929,1.59555876255,1.23256909847,0.772584140301,1.34657180309,0.331101715565,0.123745538294,0.0623930133879,0.0376791618764,0.0212527066469,0.012683053501,0.00734224449843,0.00385997444391,0.00178356084507,0.000693258305546,0.00021219336486,0.0000458862486994,0.0000060774668782,5.34717059963e-7,1.77030301529e-8],"dvar2":[0.969505190849,3.04407525063,7.76340579987,66.2552566528,850.667602539,2809.02099609,4091.89331055,2802.25415039,1220.85351562,1398.57788086,4047.11889648,4209.73535156,12511.9130859,1563.22253418,716.983703613,313.980651855,167.758346558,160.343811035,379.023498535,81.7491760254,10.5358247757,3.98001909256,2.95245075226,1.83217561245,2.97613620758,0.797192752361,0.292622089386,0.148956760764,0.0895020365715,0.0499699264765,0.029760170728,0.0172637365758,0.00905770901591,0.00418395828456,0.00162610784173,0.000497776956763,0.000107775653305,0.0000142792378028,0.00000123624613479,3.86536243013e-8],"max":[6.81363868713,17.7063598633,53.3622550964,231.530685425,598.47076416,683.978515625,744.945373535,806.29498291,551.400390625,618.624633789,1352.99816895,1209.74731445,2876.6003418,927.178100586,602.071105957,435.566650391,407.928253174,386.568359375,254.167709351,246.187255859,56.4172744751,15.7753562927,37.2722511292,19.4392261505,41.6567802429,20.0515270233,7.87464857101,3.54744935036,3.0026717186,2.40184044838,1.88182640076,1.44672596455,1.04621887207,0.711101412773,0.442943394184,0.245239987969,0.114168785512,0.0406629480422,0.0112900761887,0.00251446245238],"mean":[0.643672168255,1.21119356155,1.57754302025,4.05756902695,13.1583776474,21.3952503204,25.726776123,20.8763332367,16.9846057892,16.0428409576,17.5593643188,21.2324371338,23.310590744,15.0223560333,9.82156181335,7.76834726334,5.16731977463,5.32884788513,8.67069911957,4.2816529274,1.2717615366,0.689345359802,0.575846910477,0.505942940712,0.461138755083,0.314766049385,0.207721009851,0.149745851755,0.109234258533,0.076582685113,0.0544355995953,0.0385705828667,0.026857515797,0.0181288681924,0.0113023389131,0.00627976097167,0.00307130324654,0.00132199749351,0.000499962479807,0.000192095176317],"median":[0.297798812389,0.615838646889,0.752093672752,1.54504656792,3.69692349434,5.31526660919,7.09235191345,6.4061665535,5.35147571564,3.81900501251,3.8188328743,4.33516645432,2.8916990757,2.94287729263,2.36199140549,1.9181022644,1.50463366508,1.52210617065,1.79882895947,0.892096042633,0.417392730713,0.243099376559,0.19480034709,0.168647050858,0.146456241608,0.104817271233,0.0685906112194,0.0469182133675,0.0336112380028,0.0236320663244,0.0159451887012,0.00986407604069,0.00582543481141,0.00380616006441,0.00237082364038,0.00134015851654,0.000799960107543,0.00041308105574,0.000187468816875,0.0000938819284784],"min":[1.58139885735e-12,1.7996322748e-12,2.19082239329e-12,1.7808272218e-11,4.76513793701e-11,4.63233548742e-11,1.37018438262e-10,4.59965981969e-10,1.09687314787e-9,2.22729323873e-9,2.60864263524e-9,3.84545417731e-9,1.0824997565e-9,1.48264678312e-9,3.71067043758e-9,7.73679165178e-9,1.03749622227e-8,9.31459975817e-9,7.28546778461e-9,1.09866382658e-8,1.19329666148e-8,1.39527998044e-8,1.96957437026e-8,1.94111322571e-8,3.17633066516e-8,3.58208609441e-8,3.76490625342e-8,4.17574668177e-8,5.30528190268e-8,5.12195050817e-8,2.9123823353e-8,7.43860724128e-8,7.93588057491e-8,3.06547285334e-8,2.36663577624e-8,2.09123420802e-8,9.63540625065e-9,4.49122428137e-9,9.45571176914e-10,9.80704961684e-11],"var":[0.689882278442,2.83939385414,6.25313806534,61.9756355286,975.211486816,2453.85302734,2848.46264648,1839.00500488,1081.31640625,1694.5925293,2731.78930664,3154.07202148,8748.9609375,1584.45556641,694.525024414,414.39151001,146.834472656,150.828048706,391.219421387,103.495445251,6.6989440918,1.66740942001,1.41380405426,0.984921991825,1.96326637268,0.424883753061,0.166550368071,0.0778392553329,0.0450376868248,0.0251946225762,0.014543518424,0.00826822966337,0.00432635610923,0.00199843500741,0.000776922388468,0.000237849366385,0.0000517954540555,0.00000723171706341,7.77072784786e-7,6.29487004744e-8]},"erbbands_crest":{"dmean":2.87878751755,"dmean2":4.7243180275,"dvar":6.70820856094,"dvar2":17.5296630859,"max":28.3924026489,"mean":9.64131450653,"median":8.89622116089,"min":1.95559942722,"var":15.3699607849},"erbbands_flatness_db":{"dmean":0.0366293787956,"dmean2":0.0576798208058,"dvar":0.00095925538335,"dvar2":0.00244322279468,"max":0.364240735769,"mean":0.194490522146,"median":0.19299864769,"min":0.0359645076096,"var":0.00299643678591},"erbbands_kurtosis":{"dmean":1.53305852413,"dmean2":2.4708147049,"dvar":4.72159290314,"dvar2":11.6507120132,"max":46.978679657,"mean":1.68405759335,"median":0.934485435486,"min":-1.61700356007,"var":8.87600231171},"erbbands_skewness":{"dmean":0.448450505733,"dmean2":0.702836334705,"dvar":0.160575628281,"dvar2":0.392645925283,"max":4.9208111763,"mean":0.809973955154,"median":0.788245916367,"min":-2.02991104126,"var":0.594494223595},"erbbands_spread":{"dmean":5.74829149246,"dmean2":8.88900852203,"dvar":32.7417984009,"dvar2":74.3408203125,"max":110.198928833,"mean":22.0084037781,"median":19.4485607147,"min":2.66343307495,"var":143.139801025},"gfcc":{"cov":[[12477.7724609,1559.50219727,-486.379852295,-527.613952637,-37.6131057739,-124.57723999,-80.3245239258,-180.687789917,-86.5863571167,35.8737678528,-142.789108276,-249.837860107,228.866882324],[1559.50219727,1486.75708008,-72.1839904785,-322.629730225,158.167602539,-140.658569336,135.81072998,-211.633255005,98.8054885864,-63.1535263062,41.0486679077,-125.724769592,64.8846054077],[-486.379852295,-72.1839904785,416.488311768,189.079666138,-57.5924224854,143.588241577,-76.2141952515,119.220558167,-40.0944709778,38.4386863708,-4.55663204193,23.1216659546,-6.63054227829],[-527.613952637,-322.629730225,189.079666138,332.411773682,88.073348999,40.0188446045,22.848531723,83.7152709961,-5.67317581177,6.99325418472,6.42070245743,58.8988838196,-35.7355003357],[-37.6131057739,158.167602539,-57.5924224854,88.073348999,218.425811768,2.45378184319,106.62853241,-50.2894096375,38.7218017578,-27.3379707336,29.6435432434,-5.44656467438,6.44598197937],[-124.57723999,-140.658569336,143.588241577,40.0188446045,2.45378184319,201.654937744,-9.43642234802,75.1357879639,-56.3723907471,20.7413024902,-2.81924533844,20.1023483276,13.4628162384],[-80.3245239258,135.81072998,-76.2141952515,22.848531723,106.62853241,-9.43642234802,177.318969727,3.27879524231,49.1012039185,-29.2073478699,25.2449398041,18.7305908203,9.59376144409],[-180.687789917,-211.633255005,119.220558167,83.7152709961,-50.2894096375,75.1357879639,3.27879524231,168.837051392,21.0563163757,42.0256156921,10.7920017242,39.0335693359,3.26879405975],[-86.5863571167,98.8054885864,-40.0944709778,-5.67317581177,38.7218017578,-56.3723907471,49.1012039185,21.0563163757,115.298294067,42.3288574219,28.2196769714,-0.653186261654,2.12074899673],[35.8737678528,-63.1535263062,38.4386863708,6.99325418472,-27.3379707336,20.7413024902,-29.2073478699,42.0256156921,42.3288574219,84.3763275146,40.2209815979,9.63503170013,4.00872087479],[-142.789108276,41.0486679077,-4.55663204193,6.42070245743,29.6435432434,-2.81924533844,25.2449398041,10.7920017242,28.2196769714,40.2209815979,77.033706665,46.0935096741,8.33890151978],[-249.837860107,-125.724769592,23.1216659546,58.8988838196,-5.44656467438,20.1023483276,18.7305908203,39.0335693359,-0.653186261654,9.63503170013,46.0935096741,91.7931060791,20.1706733704],[228.866882324,64.8846054077,-6.63054227829,-35.7355003357,6.44598197937,13.4628162384,9.59376144409,3.26879405975,2.12074899673,4.00872087479,8.33890151978,20.1706733704,68.6715011597]],"icov":[[0.000213251798414,-0.000840668333694,0.00141018570866,-0.00120466086082,0.000533104059286,-0.000366411928553,0.000369934627088,-0.000613401469309,0.00121719599701,-0.00185234216042,0.00153942068573,-0.000332189840265,-0.000426648010034],[-0.000840668333694,0.00727487215772,-0.0142742022872,0.0170545522124,-0.0131442034617,0.0104760769755,-0.0054746652022,0.00176912697498,-0.000138071220135,0.00141962699126,0.000298942293739,-0.00361068383791,0.00423100823537],[0.00141018570866,-0.0142742022872,0.0461160950363,-0.0627234876156,0.0598558224738,-0.0478580892086,0.0194116029888,0.00714859832078,-0.0291311945766,0.0416093841195,-0.0498489066958,0.0465210229158,-0.0278291199356],[-0.00120466086082,0.0170545522124,-0.0627234876156,0.101289249957,-0.102878294885,0.0777819082141,-0.027176335454,-0.0226109046489,0.0620416551828,-0.0898967012763,0.103950329125,-0.0906558558345,0.051171682775],[0.000533104059286,-0.0131442034617,0.0598558224738,-0.102878294885,0.118448898196,-0.0860550701618,0.0242702513933,0.0318042933941,-0.0795853510499,0.115687206388,-0.130054593086,0.106706880033,-0.0561117641628],[-0.000366411928553,0.0104760769755,-0.0478580892086,0.0777819082141,-0.0860550701618,0.0742694959044,-0.0237898100168,-0.0247566178441,0.0663458704948,-0.0913165211678,0.0972676873207,-0.0779721960425,0.0395705699921],[0.000369934627088,-0.0054746652022,0.0194116029888,-0.027176335454,0.0242702513933,-0.0237898100168,0.0204308573157,0.00239620287903,-0.0226749461144,0.0330286845565,-0.0311514977366,0.0223736651242,-0.012927364558],[-0.000613401469309,0.00176912697498,0.00714859832078,-0.0226109046489,0.0318042933941,-0.0247566178441,0.00239620287903,0.0246031545103,-0.0324441939592,0.0385862588882,-0.0415691696107,0.0297710299492,-0.0152884107083],[0.00121719599701,-0.000138071220135,-0.0291311945766,0.0620416551828,-0.0795853510499,0.0663458704948,-0.0226749461144,-0.0324441939592,0.0919639021158,-0.119441010058,0.114670231938,-0.0832173004746,0.0393731072545],[-0.00185234216042,0.00141962699126,0.0416093841195,-0.0898967012763,0.115687206388,-0.0913165211678,0.0330286845565,0.0385862588882,-0.119441010058,0.191840112209,-0.189012691379,0.135287582874,-0.0616345256567],[0.00153942068573,0.000298942293739,-0.0498489066958,0.103950329125,-0.130054593086,0.0972676873207,-0.0311514977366,-0.0415691696107,0.114670231938,-0.189012691379,0.217715859413,-0.158808171749,0.0710384249687],[-0.000332189840265,-0.00361068383791,0.0465210229158,-0.0906558558345,0.106706880033,-0.0779721960425,0.0223736651242,0.0297710299492,-0.0832173004746,0.135287582874,-0.158808171749,0.136606797576,-0.0636064186692],[-0.000426648010034,0.00423100823537,-0.0278291199356,0.051171682775,-0.0561117641628,0.0395705699921,-0.012927364558,-0.0152884107083,0.0393731072545,-0.0616345256567,0.0710384249687,-0.0636064186692,0.0484098903835]],"mean":[-108.47895813,153.29699707,-70.0211334229,0.108960956335,-30.8785839081,-1.09399175644,-17.9680957794,-7.51962375641,-9.67308235168,1.31821775436,-6.2460808754,-1.02098214626,-1.83946692944]},"hfc":{"dmean":2.64753842354,"dmean2":3.68226790428,"dvar":20.3939361572,"dvar2":40.6980743408,"max":120.965240479,"mean":7.42804813385,"median":3.7666580677,"min":3.45507970678e-7,"var":94.4465713501},"melbands":{"dmean":[0.00241813086905,0.00061623682268,0.000561374705285,0.000824494403787,0.000643371138722,0.000299796578474,0.000144148041727,0.000105099119537,0.000100105411548,0.0000950550238485,0.0000806498428574,0.0000399921373173,0.0000230487894441,0.0000139603134812,0.00000933826049732,0.00000589297542319,0.00000575610783926,0.00000860903764988,0.00000531491514266,0.00000186661327461,9.5881659945e-7,6.5532589133e-7,5.31532975856e-7,4.36614953969e-7,3.55971707222e-7,3.22445771417e-7,2.25396803444e-7,1.62774341561e-7,1.20625287536e-7,9.47588958411e-8,7.57970539667e-8,6.17657036628e-8,4.75487915708e-8,3.72627795286e-8,3.07577359138e-8,2.63667576661e-8,2.26481535748e-8,1.9770535431e-8,1.73716667717e-8,1.53643693324e-8],"dmean2":[0.00373404356651,0.000969479617197,0.000903505133465,0.00126639811788,0.00100802257657,0.000479805574287,0.000223241557251,0.000162236145115,0.000156160269398,0.000149862768012,0.000127930063172,0.0000603758526267,0.0000360532867489,0.0000215053714783,0.0000143787019624,0.0000091195852292,0.00000896560959518,0.0000134067622639,0.00000819508477434,0.00000292488380182,0.00000155397049184,0.00000106834295366,8.52547429986e-7,7.14050599981e-7,5.78232629778e-7,5.18872639077e-7,3.5775468632e-7,2.6466651093e-7,1.96450443468e-7,1.567788388e-7,1.25061731637e-7,1.01982038814e-7,7.86976741551e-8,6.14978574731e-8,5.09008906135e-8,4.35471569915e-8,3.7431252764e-8,3.27074936024e-8,2.8750964276e-8,2.54309693304e-8],"dvar":[0.0000185415628948,8.8702836365e-7,0.00000131544277338,0.0000034294530451,0.00000214621491068,5.0490666581e-7,1.05658408245e-7,8.31307360727e-8,1.03749798086e-7,8.93989380302e-8,1.28729936932e-7,1.39195064364e-8,5.48916556653e-9,1.69864500243e-9,6.26848462026e-10,2.61903276844e-10,2.51958565123e-10,4.60243065881e-10,1.71308633945e-10,2.20648343346e-11,5.406564519e-12,1.94034697164e-12,1.57106088122e-12,8.1612418646e-13,5.32509366463e-13,9.53973553798e-13,3.88221139264e-13,1.43197248764e-13,5.60612313679e-14,3.1532614112e-14,1.89449574328e-14,1.3279164213e-14,8.66448805878e-15,5.89194339341e-15,4.35040399226e-15,3.32208905364e-15,2.53077753354e-15,1.9526174077e-15,1.51784418384e-15,1.1878614293e-15],"dvar2":[0.0000430935397162,0.00000196209362002,0.00000303839624394,0.00000732060107111,0.00000498566760143,0.00000130565331347,2.45285946221e-7,1.92126023535e-7,2.3983329811e-7,2.05703642564e-7,3.01829373939e-7,2.98465607784e-8,1.25805819096e-8,4.05190814234e-9,1.37895239671e-9,5.69779723403e-10,5.82323578247e-10,1.1184326798e-9,4.12665873695e-10,5.11992150065e-11,1.36568300071e-11,4.93062448509e-12,3.59411610716e-12,2.06334233553e-12,1.29291672854e-12,2.18514377599e-12,8.41440090348e-13,3.64041560568e-13,1.33920584583e-13,7.58732269721e-14,4.53812944797e-14,3.17378908527e-14,2.04201618722e-14,1.38725404387e-14,1.02175949654e-14,7.8020009954e-15,5.94917020987e-15,4.58132973764e-15,3.56099257883e-15,2.78660816515e-15],"max":[0.0485795401037,0.0197032224387,0.0335988625884,0.0332184359431,0.0304893832654,0.0160764437169,0.00824870355427,0.00583597039804,0.0109177622944,0.00924229528755,0.0139194112271,0.0040577352047,0.00217792508192,0.00191534589976,0.000860114872921,0.000689967127983,0.000682444544509,0.000436031346908,0.000410339445807,0.00012712746684,0.0000630912472843,0.0000186194902199,0.0000605375571467,0.0000147360569827,0.0000170281564351,0.0000392540823668,0.0000290975822281,0.0000146947922985,0.0000053321609812,0.00000334965557158,0.00000193349796973,0.00000176124751761,0.00000150320715875,0.00000127021530716,0.00000109069264909,9.67940422925e-7,8.50950812037e-7,7.43921532376e-7,6.5615654421e-7,5.80166442887e-7],"mean":[0.00462621217594,0.00103698449675,0.000929858419113,0.00129215721972,0.000935027434025,0.000485497148475,0.000247593648965,0.000168622544152,0.000143816767377,0.000137574184919,0.000113968104415,0.0000609219532635,0.0000358219876944,0.0000224927098316,0.0000152359298227,0.00000988180454442,0.00000949402237893,0.0000142464050441,0.00000901283237909,0.00000299864268527,0.00000116461876587,6.99322640685e-7,5.77063758556e-7,4.70846146072e-7,4.00876928097e-7,3.68196651834e-7,2.74443095805e-7,1.93780167024e-7,1.35116010824e-7,1.03731132128e-7,8.06751572213e-8,6.4299257474e-8,4.99759629236e-8,3.94628614231e-8,3.19800399495e-8,2.68837769823e-8,2.21610090279e-8,1.90848652437e-8,1.67235256754e-8,1.47717553745e-8],"median":[0.00239878986031,0.000566507922485,0.000328246154822,0.000351123395376,0.000257542764302,0.000149287894601,0.0000773387000663,0.0000380256315111,0.0000311206531478,0.0000251800574915,0.0000127130251713,0.0000114822187243,0.00000768973950471,0.00000548967591385,0.00000362384434993,0.00000305135540657,0.00000259971284322,0.0000029451575756,0.00000172921443209,6.90204274179e-7,3.8323634044e-7,2.34035468338e-7,1.89324737221e-7,1.56269848617e-7,1.30565439349e-7,1.13464125207e-7,8.64551310542e-8,6.33282155604e-8,4.34035065666e-8,3.22034914291e-8,2.50080880448e-8,1.93302049922e-8,1.51272629978e-8,1.22159571347e-8,9.36173272237e-9,7.48522666072e-9,5.19130072263e-9,4.11764666808e-9,3.50627749057e-9,3.0750548774e-9],"min":[1.34354358625e-14,1.3519245114e-15,4.02154006236e-15,3.51413238684e-15,4.13803419766e-15,1.009099488e-14,1.85856223396e-14,2.39029326524e-14,2.32273967719e-14,2.32290400158e-14,4.53529392047e-15,5.20097118449e-15,1.10200129932e-14,1.75606531812e-14,2.50092677958e-14,2.36503474275e-14,1.54750412246e-14,1.08105485216e-14,1.0492515602e-14,2.36515298855e-14,1.08700788442e-14,1.02242839846e-14,2.20290857089e-14,1.81994075029e-14,1.36946575906e-14,2.55442826044e-14,1.83030860298e-14,2.67208774367e-14,2.26978859834e-14,2.68980597886e-14,2.29699444957e-14,2.22745338342e-14,4.51025122198e-14,2.08063716267e-14,1.4861640293e-14,2.50770761714e-14,5.03150411689e-14,5.25402882008e-14,5.16620844411e-14,1.84115181055e-14],"var":[0.000033114109101,0.00000183110876151,0.00000332383569912,0.00000767563869886,0.0000037519603211,9.15093210097e-7,2.3143961414e-7,1.92783943476e-7,1.730456205e-7,1.54577264766e-7,2.1345847756e-7,2.86438499586e-8,1.11923439405e-8,4.07452294127e-9,1.39017863887e-9,5.13218412213e-10,4.96976737541e-10,1.10019593436e-9,4.3817974249e-10,5.83958437161e-11,6.31576822091e-12,1.88852861301e-12,1.86805106973e-12,8.49105616547e-13,6.42934002478e-13,1.27004147216e-12,6.00763687929e-13,1.58539983442e-13,7.47439829756e-14,4.00085916003e-14,2.2825957365e-14,1.56721237686e-14,1.02702948142e-14,6.94007255025e-15,4.99072108984e-15,3.76922419396e-15,2.83965826215e-15,2.18862175087e-15,1.70010174541e-15,1.3306782781e-15]},"melbands_crest":{"dmean":4.08707046509,"dmean2":6.46307325363,"dvar":14.3646364212,"dvar2":31.9125862122,"max":38.5522079468,"mean":19.924407959,"median":17.8754730225,"min":2.04072880745,"var":74.3631286621},"melbands_flatness_db":{"dmean":0.0485604740679,"dmean2":0.075550749898,"dvar":0.00158040039241,"dvar2":0.00398732628673,"max":0.627511680126,"mean":0.366070836782,"median":0.363420903683,"min":0.00782262720168,"var":0.00663654645905},"melbands_kurtosis":{"dmean":11.9890680313,"dmean2":18.8979530334,"dvar":653.027648926,"dvar2":1574.45300293,"max":551.229187012,"mean":21.3678760529,"median":10.0736446381,"min":-1.50112259388,"var":1415.42163086},"melbands_skewness":{"dmean":0.913227856159,"dmean2":1.39475250244,"dvar":1.04166781902,"dvar2":2.3419573307,"max":18.1288890839,"mean":2.97596120834,"median":2.46341514587,"min":-0.526808619499,"var":4.49937915802},"melbands_spread":{"dmean":2.30805158615,"dmean2":3.61641430855,"dvar":10.0790653229,"dvar2":25.8097305298,"max":200.065109253,"mean":7.51496171951,"median":5.69279289246,"min":0.197105407715,"var":135.513473511},"mfcc":{"cov":[[7455.98535156,1222.16650391,-466.697753906,-53.1320800781,-248.160720825,120.099731445,-142.212722778,-182.630645752,1.97586274147,95.8748931885,-126.769058228,-210.981170654,-99.5319442749],[1222.16650391,1626.07897949,-49.616355896,-126.160766602,-29.2535896301,62.3886947632,0.528996348381,-108.645263672,-20.3514595032,76.9202270508,-16.7995624542,-102.201400757,-32.1413574219],[-466.697753906,-49.616355896,469.501739502,21.7303180695,87.6426239014,-16.1423740387,23.3591270447,28.5285797119,15.6961221695,3.1066300869,21.8580379486,34.2013664246,2.41517496109],[-53.1320800781,-126.160766602,21.7303180695,276.919799805,74.3798446655,16.5249595642,14.1973571777,60.1980819702,21.6043548584,-0.260151535273,27.2770366669,30.192155838,21.0464134216],[-248.160720825,-29.2535896301,87.6426239014,74.3798446655,137.116317749,50.0451164246,34.5223693848,21.686416626,2.43693733215,0.112134180963,17.0704936981,20.8609199524,15.4347114563],[120.099731445,62.3886947632,-16.1423740387,16.5249595642,50.0451164246,117.293952942,64.8074188232,12.2121152878,1.26638686657,-1.45070195198,-11.0365104675,-11.4146051407,3.90106296539],[-142.212722778,0.528996348381,23.3591270447,14.1973571777,34.5223693848,64.8074188232,119.320777893,70.7217254639,13.9461288452,-13.8014116287,-5.5709028244,11.1887226105,13.7121706009],[-182.630645752,-108.645263672,28.5285797119,60.1980819702,21.686416626,12.2121152878,70.7217254639,119.633026123,47.261013031,-16.9138298035,7.02982902527,28.1198139191,15.9787139893],[1.97586274147,-20.3514595032,15.6961221695,21.6043548584,2.43693733215,1.26638686657,13.9461288452,47.261013031,69.1656341553,35.873336792,8.25888156891,4.48107528687,2.7955391407],[95.8748931885,76.9202270508,3.1066300869,-0.260151535273,0.112134180963,-1.45070195198,-13.8014116287,-16.9138298035,35.873336792,81.1075973511,33.1578903198,-12.4609994888,-3.10721135139],[-126.769058228,-16.7995624542,21.8580379486,27.2770366669,17.0704936981,-11.0365104675,-5.5709028244,7.02982902527,8.25888156891,33.1578903198,69.7194137573,49.5938568115,10.5347547531],[-210.981170654,-102.201400757,34.2013664246,30.192155838,20.8609199524,-11.4146051407,11.1887226105,28.1198139191,4.48107528687,-12.4609994888,49.5938568115,99.5043563843,42.1736221313],[-99.5319442749,-32.1413574219,2.41517496109,21.0464134216,15.4347114563,3.90106296539,13.7121706009,15.9787139893,2.7955391407,-3.10721135139,10.5347547531,42.1736221313,58.4552230835]],"icov":[[0.000194439911866,-0.00012676831102,0.0000774042709963,-0.00014610553626,0.000384927494451,-0.000485289085191,0.000454609165899,-0.000202294453629,0.000216886386625,-0.00049623020459,0.000660136924125,-0.000354439514922,0.000290180498268],[-0.00012676831102,0.0008247118094,-0.0000709612577339,0.000266757619102,-0.000109389482532,0.0000268562725978,-0.000690855202265,0.000786414369941,-0.00014321054914,-0.0000384703016607,-0.000835092796478,0.00101539911702,-0.000458589172922],[0.0000774042709963,-0.0000709612577339,0.00274930382147,0.00027432438219,-0.00223562377505,0.00157239323016,-0.00075010053115,0.000114365771879,-0.00041568998131,-0.000515674706548,0.000868910981808,-0.00124113541096,0.00124179304112],[-0.00014610553626,0.000266757619102,0.00027432438219,0.00528180459514,-0.00290649710223,-0.00037466629874,0.0022990826983,-0.00379632995464,0.00082023628056,-0.0000399253367505,-0.00170985574368,0.000939346326049,-0.00113515916746],[0.000384927494451,-0.000109389482532,-0.00223562377505,-0.00290649710223,0.013495660387,-0.00658086175099,0.000846828741487,-0.000042341540393,0.00126029469538,-0.000280194275547,-0.00151228450704,-0.0000960127363214,-0.00131057947874],[-0.000485289085191,0.0000268562725978,0.00157239323016,-0.00037466629874,-0.00658086175099,0.0189234279096,-0.0134735414758,0.00860287342221,-0.00565948709846,0.00436391262338,-0.00243972614408,0.00373710459098,-0.00121177081019],[0.000454609165899,-0.000690855202265,-0.00075010053115,0.0022990826983,0.000846828741487,-0.0134735414758,0.0269263535738,-0.0222325529903,0.0144265126437,-0.0117422454059,0.0104157980531,-0.00666474597529,0.00165117462166],[-0.000202294453629,0.000786414369941,0.000114365771879,-0.00379632995464,-0.000042341540393,0.00860287342221,-0.0222325529903,0.040693026036,-0.0359676294029,0.030679397285,-0.0214577019215,0.0125503307208,-0.00685777748004],[0.000216886386625,-0.00014321054914,-0.00041568998131,0.00082023628056,0.00126029469538,-0.00565948709846,0.0144265126437,-0.0359676294029,0.0575117059052,-0.0473397858441,0.0334753356874,-0.0220897570252,0.0111423432827],[-0.00049623020459,-0.0000384703016607,-0.000515674706548,-0.0000399253367505,-0.000280194275547,0.00436391262338,-0.0117422454059,0.030679397285,-0.0473397858441,0.0643540471792,-0.0517435595393,0.0356620065868,-0.0173985268921],[0.000660136924125,-0.000835092796478,0.000868910981808,-0.00170985574368,-0.00151228450704,-0.00243972614408,0.0104157980531,-0.0214577019215,0.0334753356874,-0.0517435595393,0.068485237658,-0.0454755537212,0.0213443320245],[-0.000354439514922,0.00101539911702,-0.00124113541096,0.000939346326049,-0.0000960127363214,0.00373710459098,-0.00666474597529,0.0125503307208,-0.0220897570252,0.0356620065868,-0.0454755537212,0.0469060391188,-0.0251170434058],[0.000290180498268,-0.000458589172922,0.00124179304112,-0.00113515916746,-0.00131057947874,-0.00121177081019,0.00165117462166,-0.00685777748004,0.0111423432827,-0.0173985268921,0.0213443320245,-0.0251170434058,0.0324374251068]],"mean":[-769.55291748,202.011444092,19.2738265991,19.1390399933,7.23161029816,11.7132406235,3.07113242149,-1.19538497925,0.166006043553,5.98603105545,1.02173352242,-3.61305451393,0.221879556775]},"pitch_salience":{"dmean":0.0903241708875,"dmean2":0.143748089671,"dvar":0.00595672987401,"dvar2":0.014270843938,"max":0.875594973564,"mean":0.497560918331,"median":0.527256011963,"min":0.0627045184374,"var":0.0281580649316},"silence_rate_20dB":{"dmean":0,"dmean2":0,"dvar":0,"dvar2":0,"max":1,"mean":1,"median":1,"min":1,"var":0},"silence_rate_30dB":{"dmean":0.030419331044,"dmean2":0.060847312212,"dvar":0.0294952206314,"dvar2":0.0679475292563,"max":1,"mean":0.960204660892,"median":1,"min":0,"var":0.0382139794528},"silence_rate_60dB":{"dmean":0.0278606973588,"dmean2":0.0557293146849,"dvar":0.0270852874964,"dvar2":0.0614420361817,"max":1,"mean":0.0899658873677,"median":0,"min":0,"var":0.0818680301309},"spectral_centroid":{"dmean":101.954353333,"dmean2":159.412689209,"dvar":20194.8515625,"dvar2":45593.75,"max":4235.81738281,"mean":496.900085449,"median":421.430847168,"min":165.777420044,"var":143728.546875},"spectral_complexity":{"dmean":2.0068230629,"dmean2":3.1290872097,"dvar":3.73893213272,"dvar2":7.9954662323,"max":28,"mean":9.43618488312,"median":9,"min":0,"var":27.2015151978},"spectral_contrast_coeffs":{"dmean":[0.0548458658159,0.0502342097461,0.0380127988756,0.0293152425438,0.0286693442613,0.0311515126377],"dmean2":[0.087136156857,0.083696551621,0.0623437725008,0.0472036600113,0.0455447733402,0.0518117398024],"dvar":[0.00193762034178,0.00159884768073,0.000962771300692,0.000570994219743,0.00055696326308,0.00154623074923],"dvar2":[0.00482649542391,0.00431340467185,0.00248988205567,0.0014376945328,0.00137041707058,0.00380785157904],"max":[-0.297352135181,-0.462449729443,-0.489109307528,-0.560310542583,-0.711310148239,-0.536890208721],"mean":[-0.690792560577,-0.761848330498,-0.803286314011,-0.832472980022,-0.873879551888,-0.828126132488],"median":[-0.703994512558,-0.766807675362,-0.810854792595,-0.836045026779,-0.870220661163,-0.844948410988],"min":[-0.950993955135,-0.981705069542,-0.969243109226,-0.969935357571,-0.968170404434,-0.92244386673],"var":[0.0100917909294,0.00446663983166,0.00380613445304,0.00227227248251,0.0015352332266,0.00214886991307]},"spectral_contrast_valleys":{"dmean":[0.363999247551,0.375132679939,0.357786417007,0.383937686682,0.581797301769,0.869943797588],"dmean2":[0.584006845951,0.596979618073,0.541667878628,0.563310563564,0.889278054237,1.39410352707],"dvar":[0.0895782485604,0.0920521914959,0.0851766988635,0.105747774243,0.236134752631,0.550761520863],"dvar2":[0.213376060128,0.222917765379,0.188923239708,0.234988391399,0.586369156837,1.52182137966],"max":[-5.10324954987,-4.33783578873,-5.30411434174,-6.11153936386,-6.5538225174,-8.95878314972],"mean":[-6.91653490067,-6.80162858963,-7.69663763046,-8.43590927124,-9.04002952576,-11.7789430618],"median":[-6.69611644745,-6.68311023712,-7.56615257263,-8.312707901,-8.97050666809,-11.6601667404],"min":[-18.9009037018,-16.8515968323,-17.5480937958,-17.2206459045,-16.7288074493,-17.7898235321],"var":[1.61117708683,1.62329471111,1.50454425812,1.37505984306,1.1960965395,1.46717250347]},"spectral_decrease":{"dmean":3.41394135184e-9,"dmean2":5.02081398679e-9,"dvar":2.53876917029e-17,"dvar2":5.42745724638e-17,"max":1.71223805995e-17,"mean":-8.79971473466e-9,"median":-6.4526419763e-9,"min":-7.28665767724e-8,"var":8.020020288e-17},"spectral_energy":{"dmean":0.0130772488192,"dmean2":0.0192060768604,"dvar":0.000370799214579,"dvar2":0.000791086407844,"max":0.281259834766,"mean":0.0338858477771,"median":0.0247547514737,"min":2.93688476316e-11,"var":0.00118929788005},"spectral_energyband_high":{"dmean":0.0000186339511856,"dmean2":0.0000304164896079,"dvar":1.21829946131e-9,"dvar2":2.86452594978e-9,"max":0.000561702298,"mean":0.0000209992831515,"median":0.00000714682664693,"min":2.41329664585e-11,"var":1.5432441991e-9},"spectral_energyband_low":{"dmean":0.00878517515957,"dmean2":0.0133847361431,"dvar":0.000216668224311,"dvar2":0.000489149359055,"max":0.174903929234,"mean":0.0183416195214,"median":0.0118758929893,"min":5.91339924618e-14,"var":0.000429218343925},"spectral_energyband_middle_high":{"dmean":0.000607704801951,"dmean2":0.000866753107402,"dvar":0.00000166184440786,"dvar2":0.00000351495236828,"max":0.0322324000299,"mean":0.00131964334287,"median":0.000413888657931,"min":2.51426245275e-12,"var":0.00000575959575144},"spectral_energyband_middle_low":{"dmean":0.00612612115219,"dmean2":0.00899149570614,"dvar":0.000125542632304,"dvar2":0.000267848314252,"max":0.204316928983,"mean":0.0138189019635,"median":0.00567571166903,"min":4.46011256356e-13,"var":0.000432965229265},"spectral_entropy":{"dmean":0.35369309783,"dmean2":0.554892897606,"dvar":0.0922666192055,"dvar2":0.227951571345,"max":8.94102859497,"mean":6.78153610229,"median":6.74908161163,"min":5.04886770248,"var":0.300699293613},"spectral_flux":{"dmean":0.0268305782229,"dmean2":0.0433852598071,"dvar":0.00102508044802,"dvar2":0.00259245443158,"max":0.341525495052,"mean":0.0815997123718,"median":0.0703309029341,"min":0.0000216105909203,"var":0.00270935776643},"spectral_kurtosis":{"dmean":10.3228702545,"dmean2":16.8093757629,"dvar":133.032424927,"dvar2":348.436737061,"max":118.930206299,"mean":21.323633194,"median":17.0719261169,"min":0.821451663971,"var":219.892044067},"spectral_rms":{"dmean":0.00102126295678,"dmean2":0.00144379714038,"dvar":0.0000013647547803,"dvar2":0.00000257388728642,"max":0.0165650192648,"mean":0.00505913747475,"median":0.00491436477751,"min":1.6927059221e-7,"var":0.00000746450314182},"spectral_rolloff":{"dmean":122.925170898,"dmean2":200.171813965,"dvar":71589.0234375,"dvar2":161524.28125,"max":18626.2207031,"mean":488.720855713,"median":301.46484375,"min":43.06640625,"var":1980775.625},"spectral_skewness":{"dmean":0.745567202568,"dmean2":1.17547249794,"dvar":0.490940034389,"dvar2":1.25966334343,"max":8.85925388336,"mean":3.3667652607,"median":3.24970769882,"min":0.896266222,"var":1.1811504364},"spectral_spread":{"dmean":829485.0625,"dmean2":1348101.25,"dvar":508906536960,"dvar2":1312359055360,"max":11762918,"mean":2926769,"median":2719044,"min":774383,"var":1813208104960},"spectral_strongpeak":{"dmean":0.254509866238,"dmean2":0.432751148939,"dvar":0.191487029195,"dvar2":0.465212196112,"max":8.64056682587,"mean":0.382316052914,"median":0.215112954378,"min":0,"var":0.293077796698},"zerocrossingrate":{"dmean":0.00320738670416,"dmean2":0.00399760296568,"dvar":0.0000219262637984,"dvar2":0.0000401184042857,"max":0.50830078125,"mean":0.0178843755275,"median":0.01318359375,"min":0.0009765625,"var":0.00145718432032}},"metadata":{"audio_properties":{"analysis_sample_rate":44100,"bit_rate":138327,"codec":"mp3","downmix":"mix","equal_loudness":0,"length":163.344741821,"lossless":false,"md5_encoded":"e701d8b307d9654da8055d8fb5089cc9","replay_gain":-1.33796882629,"sample_rate":44100},"tags":{"album":["The Complete Columbia Album Collection"],"albumartist":["Johnny Cash"],"albumartistsort":["Cash, Johnny"],"artist":["Johnny Cash"],"artists":["Johnny Cash"],"artistsort":["Cash, Johnny"],"asin":["B008DDC874"],"barcode":["886979104723"],"catalognumber":["88697910472"],"date":["2012-12-04"],"discnumber":["15/63"],"file_name":"02 - The Road to Kentuck.mp3","label":["Columbia","Legacy"],"media":["CD"],"musicbrainz album release country":["US"],"musicbrainz album status":["official"],"musicbrainz album type":["album","compilation"],"musicbrainz release track id":["b058d79e-8e28-306c-a139-45cd9fc6a150"],"musicbrainz_albumartistid":["d43d12a1-2dc9-4257-a2fd-0a3bb1081b86"],"musicbrainz_albumid":["de36c451-000c-4488-9375-b6d40b6636e5"],"musicbrainz_artistid":["d43d12a1-2dc9-4257-a2fd-0a3bb1081b86"],"musicbrainz_recordingid":["2caf9d54-70af-4187-b63d-0fb0804fe5ab"],"musicbrainz_releasegroupid":["30578604-ce5e-4d3d-a09c-6c06fc4c526b"],"originaldate":["2012"],"script":["Latn"],"title":["The Road to Kentuck"],"tracknumber":["2/26"]},"version":{"essentia":"2.1-beta1","essentia_build_sha":"ca57ba49d9b1854bd80e60cf9ccf267278fb7d6b","essentia_git_sha":"v2.1_beta1-28-g21ef5f4-dirty","extractor":"music 1.0"}},"rhythm":{"beats_count":283,"beats_loudness":{"dmean":0.0365118719637,"dmean2":0.0651717111468,"dvar":0.0011912669288,"dvar2":0.0034470744431,"max":0.227144256234,"mean":0.0648188218474,"median":0.0558882132173,"min":1.4832639561e-9,"var":0.00162096938584},"beats_loudness_band_ratio":{"dmean":[0.200839668512,0.145705148578,0.0666963458061,0.0299592856318,0.00689672073349,0.00468651251867],"dmean2":[0.347882121801,0.25732383132,0.116586431861,0.0555750131607,0.0124478414655,0.00547196762636],"dvar":[0.0312601290643,0.0202554669231,0.00736015988514,0.0