{"lowlevel":{"average_loudness":0.771352410316,"barkbands":{"dmean":[0.0000131631259137,0.000925611355342,0.00170395197347,0.000542714144103,0.00125419348478,0.000767166493461,0.000724180426914,0.000616917794105,0.000439142080722,0.000173640801222,0.000185428056284,0.000143644458149,0.00011891592294,0.000131454522489,0.0000828281772556,0.0000968433887465,0.000127450679429,0.000156731170136,0.000343557883753,0.0000904851622181,0.0000939899546211,0.0000946550499066,0.0000241338184424,0.0000111904691948,0.00000879586332303,0.0000266186689259,0.00000690748493071],"dmean2":[0.0000213384519157,0.00146088504698,0.00265414034948,0.00090211071074,0.00202528689988,0.00114546727855,0.00109129329212,0.000852578086779,0.000592513883021,0.000274615245871,0.000290728261461,0.000210329701076,0.000164941986441,0.000178261412657,0.000124088139273,0.000143014505738,0.000191905215615,0.00022449826065,0.000499590183608,0.000149585393956,0.000159235700266,0.000165765319252,0.0000419451280322,0.000019043804059,0.0000156044534378,0.0000491724495078,0.0000129541358547],"dvar":[7.78803133095e-10,0.00000329658132614,0.0000239868732024,6.86565329033e-7,0.00000318498246088,0.00000138446466735,0.00000244178636422,0.00000331914611706,0.00000125437577481,1.17319530091e-7,1.92342596961e-7,7.96110697365e-8,9.4247482707e-8,1.34335948587e-7,6.75492017876e-8,4.19734362822e-8,1.00118683122e-7,1.21408234577e-7,7.88320846823e-7,4.48139587661e-8,4.19470147506e-8,5.09265873916e-8,3.19415494054e-9,6.71998734436e-10,4.38001052094e-10,4.63068028367e-9,4.40385422573e-10],"dvar2":[2.03318184511e-9,0.00000768674362916,0.0000499793313793,0.00000181680002243,0.00000824786184239,0.00000300807755593,0.00000520723551745,0.00000572263706999,0.00000192897323359,2.79348256527e-7,4.26934150255e-7,1.69228556501e-7,1.63557558608e-7,2.18950788167e-7,1.40703050988e-7,9.53821484018e-8,2.14010526634e-7,2.46266409931e-7,0.00000164750986187,1.15175204485e-7,1.1036227221e-7,1.39306351343e-7,8.51580583827e-9,1.75890679799e-9,1.21266197084e-9,1.29754393896e-8,1.25362575876e-9],"max":[0.000916371471249,0.0235427059233,0.0635314360261,0.0131398867816,0.0292153842747,0.0301953405142,0.0296284258366,0.0626550912857,0.0434643104672,0.00898320414126,0.0187245402485,0.00661486759782,0.00743292225525,0.0127002578229,0.00825417973101,0.00598632404581,0.00653159758076,0.00758613739163,0.0287396162748,0.00363505887799,0.00263468269259,0.00231255055405,0.00094914319925,0.000641977996565,0.000247557822149,0.000788536912296,0.000447527534561],"mean":[0.0000331968658429,0.00150704931002,0.00233517284505,0.000869072449859,0.00247292662971,0.00166525144596,0.00132084183861,0.00133355148137,0.00104136101436,0.000306194153382,0.000298485392705,0.000269894982921,0.000216907748836,0.000254529673839,0.000148324645124,0.000171827123268,0.000223450217163,0.000312438205583,0.000755387358367,0.0000856484402902,0.0000789763507782,0.0000691139357514,0.000020001500161,0.0000100366114566,0.00000654244649922,0.0000161423540703,0.00000401324587074],"median":[0.0000311804396915,0.000494345964398,0.000753105676267,0.000464059237856,0.00164988008328,0.00101128511596,0.000410910142818,0.000243358372245,0.000238700784394,0.000102714351669,0.0000746147925383,0.000096604861028,0.0000593311560806,0.0000549065807718,0.0000454233195342,0.0000477977337141,0.0000555272526981,0.0000634767857264,0.0000712708861101,0.0000198537982214,0.0000118553780339,0.00000669216524329,0.00000249841514233,0.00000175151899384,8.74200679846e-7,3.96410200665e-7,1.48115928411e-8],"min":[3.04916102221e-23,5.17223633927e-24,4.61615527098e-24,1.78657478614e-23,2.54136873317e-23,2.54993166052e-23,1.93821562468e-23,2.06918136553e-23,6.37553344632e-23,7.58021681863e-23,2.3368683764e-23,5.71704537409e-23,8.84527771137e-23,1.59959925837e-22,1.41689427645e-22,5.44419479528e-23,1.25370318897e-22,1.70968523946e-22,2.96364818454e-22,3.09738522531e-22,3.84736197744e-22,6.36289198187e-22,5.6566552319e-22,9.19115800356e-22,9.63799305408e-22,1.56742607753e-21,2.371054055e-21],"var":[9.53160106398e-10,0.00000520423918715,0.0000333306816174,0.00000132104412387,0.00000704241801941,0.00000432905744674,0.00000615384215052,0.0000165183064382,0.00000673957447361,2.90503322731e-7,4.97956364143e-7,2.32454510751e-7,2.9264279533e-7,5.05439174958e-7,1.59231461794e-7,1.12689605203e-7,2.10489801589e-7,3.5620627159e-7,0.00000308855192088,3.95363031203e-8,3.23592175278e-8,3.38118262277e-8,2.56215493266e-9,6.05152816746e-10,2.94166940806e-10,2.75499312252e-9,2.49703480115e-10]},"barkbands_crest":{"dmean":2.45204353333,"dmean2":3.84437084198,"dvar":5.01211738586,"dvar2":11.5875453949,"max":26.1827507019,"mean":9.98260974884,"median":9.27257823944,"min":2.77015590668,"var":15.7822551727},"barkbands_flatness_db":{"dmean":0.0365700535476,"dmean2":0.0473970584571,"dvar":0.00107436673716,"dvar2":0.00184091192205,"max":0.366996198893,"mean":0.165371462703,"median":0.168532133102,"min":0.0205567348748,"var":0.00364986271597},"barkbands_kurtosis":{"dmean":3.68623065948,"dmean2":5.69721841812,"dvar":45.9595909119,"dvar2":107.390182495,"max":160.061096191,"mean":5.63988733292,"median":2.67062568665,"min":-1.86643874645,"var":85.6620025635},"barkbands_skewness":{"dmean":0.574118554592,"dmean2":0.880121946335,"dvar":0.424443811178,"dvar2":1.00589573383,"max":11.5952987671,"mean":1.77033269405,"median":1.62305927277,"min":-1.91083586216,"var":1.19992077351},"barkbands_spread":{"dmean":6.8441195488,"dmean2":10.2513790131,"dvar":75.2895278931,"dvar2":172.513137817,"max":118.17591095,"mean":18.1874427795,"median":15.1449241638,"min":0.759059607983,"var":181.136672974},"dissonance":{"dmean":0.0211552679539,"dmean2":0.0323524139822,"dvar":0.000402523844969,"dvar2":0.000887487898581,"max":0.499999850988,"mean":0.443520873785,"median":0.451607406139,"min":0.215884625912,"var":0.00139686814509},"dynamic_complexity":3.98902320862,"erbbands":{"dmean":[0.00836114957929,0.28889811039,1.83232581615,1.64287960529,2.39720392227,5.84631490707,4.53575134277,7.19747114182,10.1271448135,7.56304931641,16.5381259918,9.56529521942,5.83524894714,8.14007854462,4.89637708664,5.99474573135,4.8906083107,6.55261850357,5.13939523697,3.99894785881,6.24287509918,5.93088626862,6.21072816849,19.944185257,8.8430147171,4.69475841522,4.01939153671,4.08518409729,3.93509531021,1.26141953468,0.620209038258,0.312761336565,0.145415619016,0.0589793473482,0.0832911804318,0.107782296836,0.0510229319334,0.0146526060998,0.000753817032091,0.0000175899840542],"dmean2":[0.0130378333852,0.455113142729,2.87567281723,2.59030151367,4.00520515442,9.44660282135,6.88796043396,10.8320894241,15.1814956665,11.2243766785,22.2291183472,12.7972974777,8.78593635559,12.712474823,7.61564970016,8.72785377502,6.6239733696,8.48475837708,7.03121614456,5.72734594345,8.89368724823,8.7898349762,8.72801971436,28.2676010132,13.1716098785,7.7221121788,6.87254333496,6.89851284027,6.89958906174,2.20061922073,1.07750761509,0.531749904156,0.251452505589,0.100562982261,0.150222539902,0.198174804449,0.0945132821798,0.0272683911026,0.00141236640047,0.0000298890099657],"dvar":[0.000276566541288,0.34322053194,26.5506763458,7.99633693695,12.8020362854,77.9748306274,55.6211204529,155.203887939,475.168945312,288.316589355,2748.80761719,522.258361816,208.536254883,357.12588501,91.7833557129,154.578781128,141.281661987,286.088165283,249.073394775,148.02444458,171.682739258,180.821975708,202.773880005,2675.36791992,505.739501953,125.073204041,83.8862533569,84.0432281494,91.9607620239,8.24298286438,2.16693377495,0.558269739151,0.115446448326,0.0172843746841,0.0421716049314,0.0735386162996,0.0184442866594,0.00159726233687,0.0000052259892982,1.42458178587e-9],"dvar2":[0.000619325204752,0.77647036314,55.9969558716,17.791633606,34.4477348328,203.677963257,130.501556396,342.780517578,989.709655762,646.824951172,4531.26757812,798.182434082,515.119995117,790.032775879,206.903610229,324.469604492,236.978759766,409.10244751,463.905334473,342.085083008,332.56942749,387.265716553,397.399749756,5618.31054688,1106.8223877,320.747589111,224.585006714,223.583633423,252.572677612,22.3095836639,5.66179656982,1.43342912197,0.31475430727,0.0469669103622,0.117240116,0.205461114645,0.0519433766603,0.00450374977663,0.0000148706139953,3.94093380152e-9],"max":[0.270245224237,7.91871786118,67.6891326904,34.5338287354,61.2002220154,147.691207886,145.381652832,339.70123291,392.817504883,358.232025146,1943.0255127,658.563842773,598.227722168,780.203979492,271.295166016,266.303161621,310.645324707,557.276855469,528.670959473,371.427398682,258.744934082,281.401153564,285.582946777,1759.2265625,578.922912598,194.644424438,107.968421936,121.727577209,108.308113098,31.3056221008,30.7256221771,21.9766902924,4.1028585434,1.49978673458,2.22895145416,2.40323543549,1.99484288692,0.585957348347,0.0524927936494,0.000744713412132],"mean":[0.0154340434819,0.464396119118,2.51748251915,2.84236860275,4.14400339127,11.2010688782,10.1108894348,15.2595062256,19.2362327576,15.2602024078,38.2599182129,23.7978172302,12.1102933884,13.5328807831,8.70861816406,11.7089939117,10.03211689,13.3195228577,9.67569255829,7.77405929565,11.7233285904,11.3492565155,13.1708154678,46.2021179199,17.7304782867,4.75997447968,3.30720543861,3.39217495918,2.85183429718,0.980621576309,0.523222923279,0.289557874203,0.122534386814,0.0523423217237,0.0575119554996,0.0670334249735,0.0304725654423,0.00862263422459,0.000447215483291,0.0000260858032561],"median":[0.0049233129248,0.178946211934,0.916654288769,1.62457764149,2.84193444252,6.61618804932,5.5573143959,8.28178215027,6.10837602615,5.4020152092,6.36404418945,5.97852420807,3.96832823753,3.61808753014,3.05616164207,4.1801867485,3.00626158714,3.06026911736,2.89414262772,2.37191748619,3.30825209618,3.16706824303,3.33511734009,4.87423086166,2.3730700016,1.16511416435,0.565093040466,0.457146406174,0.270815849304,0.110904149711,0.0672355517745,0.0460121817887,0.0223020762205,0.0104605462402,0.00550424540415,0.0024639966432,0.000554264639504,0.0000727443402866,0.0000113006644824,0.0000154747376655],"min":[3.17431090182e-22,8.8798161875e-22,6.36039044714e-21,2.52905124695e-20,4.62241903356e-20,9.24634702551e-20,1.55923041403e-19,2.59504316692e-19,1.92741638874e-19,7.11807632063e-19,6.95306723011e-19,1.36940887781e-18,2.18042514043e-18,1.63148451129e-18,8.6670717963e-19,2.78283575834e-18,4.60088361896e-18,9.2801277117e-18,7.72932701775e-18,8.1623014745e-18,3.61489466855e-18,7.63570506166e-18,7.83690268359e-18,1.17400197512e-17,1.70704502006e-17,1.41192319025e-17,1.31364230479e-17,1.74919417361e-17,2.65825408628e-17,1.74771004616e-17,1.6407425235e-17,2.00503418876e-17,1.43802371642e-17,1.14782212232e-17,6.28274694507e-18,4.35011926677e-18,3.26590013708e-18,1.25643203276e-18,2.88780022178e-19,3.57746115277e-20],"var":[0.000560138025321,0.505969822407,35.4782218933,14.0477390289,19.0156345367,181.67729187,197.710098267,458.749938965,1343.02868652,711.547668457,15302.3212891,3006.11816406,667.824890137,920.656066895,244.406860352,456.162536621,544.673217773,1226.45666504,652.439147949,399.65536499,476.265472412,463.572113037,579.292358398,9686.65136719,1766.19812012,114.15738678,61.5663833618,63.2241973877,60.3255462646,5.84176301956,1.8410923481,0.543361485004,0.0875569060445,0.0138149457052,0.0269803274423,0.0444035194814,0.010809394531,0.000928641937207,0.00000296750454254,1.17480070116e-9]},"erbbands_crest":{"dmean":2.35209274292,"dmean2":3.62442374229,"dvar":4.93672657013,"dvar2":11.0787639618,"max":31.2527694702,"mean":9.04104423523,"median":8.50814437866,"min":2.36249041557,"var":12.8120365143},"erbbands_flatness_db":{"dmean":0.0289799999446,"dmean2":0.0367866493762,"dvar":0.000634883821476,"dvar2":0.00105717836414,"max":0.384724259377,"mean":0.183851182461,"median":0.190532416105,"min":0.0449216999114,"var":0.0026244239416},"erbbands_kurtosis":{"dmean":0.945527613163,"dmean2":1.44627213478,"dvar":1.86960244179,"dvar2":4.1784157753,"max":18.7587985992,"mean":0.186630025506,"median":-0.497744083405,"min":-1.81556177139,"var":4.19339227676},"erbbands_skewness":{"dmean":0.407027721405,"dmean2":0.597237944603,"dvar":0.166205689311,"dvar2":0.358124792576,"max":3.72805356979,"mean":0.469983488321,"median":0.43472391367,"min":-4.18410539627,"var":0.689251303673},"erbbands_spread":{"dmean":9.52788925171,"dmean2":14.229470253,"dvar":109.651939392,"dvar2":240.64125061,"max":110.348930359,"mean":37.8477287292,"median":36.205280304,"min":4.49621248245,"var":265.952178955},"gfcc":{"cov":[[14439.2900391,-104.927719116,-1595.98840332,436.4921875,-501.81628418,-439.226867676,-10.6053266525,179.718582153,-16.6410331726,-110.409088135,-46.995059967,-23.0089759827,-484.438049316],[-104.927719116,1924.4822998,-266.70401001,-229.356018066,272.91229248,-99.7455291748,59.1573600769,9.053814888,133.595687866,-157.607925415,252.717590332,-219.377258301,176.482879639],[-1595.98840332,-266.70401001,896.932067871,28.839925766,72.0016174316,210.002975464,-32.7829093933,-147.9609375,-60.6179351807,132.283569336,-143.352676392,108.047615051,44.6887130737],[436.4921875,-229.356018066,28.839925766,451.973480225,35.6923522949,14.7537908554,-77.7059326172,23.7386779785,22.359041214,6.40123844147,74.6185531616,-23.466878891,-18.3755817413],[-501.81628418,272.91229248,72.0016174316,35.6923522949,259.610626221,37.0015907288,-0.482480883598,-4.09981155396,46.2075386047,22.4052143097,43.8088531494,-30.3969402313,40.0871047974],[-439.226867676,-99.7455291748,210.002975464,14.7537908554,37.0015907288,195.655563354,44.4019126892,0.162653818727,-4.06418037415,53.4571876526,-35.01720047,9.64339447021,16.8287734985],[-10.6053266525,59.1573600769,-32.7829093933,-77.7059326172,-0.482480883598,44.4019126892,275.997497559,79.1823425293,7.04093265533,-7.74344396591,-24.2716999054,31.8993091583,-2.83422875404],[179.718582153,9.053814888,-147.9609375,23.7386779785,-4.09981155396,0.162653818727,79.1823425293,202.356918335,48.1904716492,-33.7242431641,65.0758743286,-17.7647972107,-31.7293548584],[-16.6410331726,133.595687866,-60.6179351807,22.359041214,46.2075386047,-4.06418037415,7.04093265533,48.1904716492,111.930023193,4.4810757637,50.1409606934,-30.2417392731,4.61330652237],[-110.409088135,-157.607925415,132.283569336,6.40123844147,22.4052143097,53.4571876526,-7.74344396591,-33.7242431641,4.4810757637,119.391326904,-35.5865745544,30.8739509583,-5.11852312088],[-46.995059967,252.717590332,-143.352676392,74.6185531616,43.8088531494,-35.01720047,-24.2716999054,65.0758743286,50.1409606934,-35.5865745544,183.295333862,-52.2649421692,1.71029019356],[-23.0089759827,-219.377258301,108.047615051,-23.466878891,-30.3969402313,9.64339447021,31.8993091583,-17.7647972107,-30.2417392731,30.8739509583,-52.2649421692,121.692878723,5.94497489929],[-484.438049316,176.482879639,44.6887130737,-18.3755817413,40.0871047974,16.8287734985,-2.83422875404,-31.7293548584,4.61330652237,-5.11852312088,1.71029019356,5.94497489929,116.49621582]],"icov":[[0.000149044644786,-0.000259541819105,0.000358884892194,-0.00038103145198,0.000269657495664,-0.0000992568093352,0.00012556774891,-0.0000285451169475,0.0000905149136088,-0.000266247225227,0.000548157840967,-0.000504092138726,0.000734422996175],[-0.000259541819105,0.00204837927595,-0.000851449498441,0.0017168339109,-0.00149242510088,0.000906511559151,-0.000998684205115,0.000816207553726,-0.000842932669912,0.00167119072285,-0.00270357728004,0.00301946769468,-0.00301196961664],[0.000358884892194,-0.000851449498441,0.00307932589203,-0.00126528204419,0.000243048896664,-0.00230236491188,0.000873334589414,0.000719006464351,0.00061408628244,-0.00139963696711,0.00225534988567,-0.00294233299792,0.00189870363101],[-0.00038103145198,0.0017168339109,-0.00126528204419,0.00426256190985,-0.00152325769886,0.000392989517422,-0.0000532092999492,0.000233188649872,-0.000730585656129,0.00142819900066,-0.00358659820631,0.00264195469208,-0.00248850160278],[0.000269657495664,-0.00149242510088,0.000243048896664,-0.00152325769886,0.00610519852489,-0.000835326383822,0.000303483655443,-0.0001891481661,-0.00089087424567,-0.00209233839996,0.000972260371782,-0.000986981904134,0.00100388540886],[-0.0000992568093352,0.000906511559151,-0.00230236491188,0.000392989517422,-0.000835326383822,0.00884755048901,-0.00199531717226,-0.00118795025628,0.000286276917905,-0.00185231701471,-0.000580330728553,0.00358779914677,-0.00247090216726],[0.00012556774891,-0.000998684205115,0.000873334589414,-0.0000532092999492,0.000303483655443,-0.00199531717226,0.00551223149523,-0.0024291886948,0.000290736847091,-0.000129877385916,0.00224123336375,-0.00313131813891,0.00145764579065],[-0.0000285451169475,0.000816207553726,0.000719006464351,0.000233188649872,-0.0001891481661,-0.00118795025628,-0.0024291886948,0.00860555563122,-0.002933770651,0.0023238081485,-0.00293059484102,0.00017758597096,0.00117945263628],[0.0000905149136088,-0.000842932669912,0.00061408628244,-0.000730585656129,-0.00089087424567,0.000286276917905,0.000290736847091,-0.002933770651,0.0126482844353,-0.00328387925401,-0.000561850145459,0.000791966100223,0.0000984608705039],[-0.000266247225227,0.00167119072285,-0.00139963696711,0.00142819900066,-0.00209233839996,-0.00185231701471,-0.000129877385916,0.0023238081485,-0.00328387925401,0.0134667688981,-0.00131044711452,-0.000292992976028,-0.000503445102368],[0.000548157840967,-0.00270357728004,0.00225534988567,-0.00358659820631,0.000972260371782,-0.000580330728553,0.00224123336375,-0.00293059484102,-0.000561850145459,-0.00131044711452,0.0126153640449,-0.00276885251515,0.00387064740062],[-0.000504092138726,0.00301946769468,-0.00294233299792,0.00264195469208,-0.000986981904134,0.00358779914677,-0.00313131813891,0.00017758597096,0.000791966100223,-0.000292992976028,-0.00276885251515,0.0163865555078,-0.00617134058848],[0.000734422996175,-0.00301196961664,0.00189870363101,-0.00248850160278,0.00100388540886,-0.00247090216726,0.00145764579065,0.00117945263628,0.0000984608705039,-0.000503445102368,0.00387064740062,-0.00617134058848,0.0156803075224]],"mean":[-73.9810791016,125.219345093,-116.695159912,27.7542266846,-50.9245758057,-10.8205089569,-34.6605758667,1.65690732002,-27.0174160004,-1.35239946842,-15.9588527679,-1.54068636894,-15.7821502686]},"hfc":{"dmean":4.76820087433,"dmean2":6.96106863022,"dvar":58.9620132446,"dvar2":132.44303894,"max":174.576828003,"mean":11.6134300232,"median":6.18668413162,"min":1.16126496533e-16,"var":213.443084717},"melbands":{"dmean":[0.000162296753842,0.000750898965634,0.000297151156701,0.000301105814287,0.000171612336999,0.000154215595103,0.000155640780577,0.0000797001994215,0.000140782954986,0.0000558463434572,0.0000285695878119,0.0000319388091157,0.0000191450108105,0.0000165663586813,0.0000117925965242,0.0000129449581436,0.0000131273072839,0.00000949589320953,0.00000616812894805,0.0000057304037,0.0000087485768745,0.00000773934880272,0.00000349613128492,0.00000796462518338,0.0000184290383913,0.0000100926290543,0.00000303569868265,0.00000325957739733,0.00000271300427812,0.000002038057346,0.00000258852060142,0.00000265810103883,0.00000108503502361,5.64787058011e-7,3.8062449903e-7,2.56605147797e-7,1.62191412301e-7,1.15076318252e-7,5.6991854791e-8,4.78266137804e-8],"dmean2":[0.000255218270468,0.00117808801588,0.000474539236166,0.000483551557409,0.000267972063739,0.000231916783378,0.00023225210316,0.000117925264931,0.000187067285879,0.0000755474320613,0.0000433955428889,0.0000499692287121,0.0000302354328596,0.0000245070405072,0.0000165835353982,0.0000175156237674,0.0000173692551471,0.0000131500146381,0.00000899507540453,0.00000860016916704,0.0000126270433611,0.0000116283281386,0.00000523929611518,0.0000111985509648,0.0000262300691247,0.0000146419888551,0.00000491768832944,0.00000543041278434,0.00000469944461656,0.00000347929562849,0.00000439653649664,0.00000468709731649,0.00000190107209619,9.89204522739e-7,6.62025399834e-7,4.40336066276e-7,2.74460461469e-7,2.01117799747e-7,9.62652464409e-8,8.25769035373e-8],"dvar":[9.95036160134e-8,0.00000381350992029,2.2723662596e-7,2.08501120369e-7,5.84742920751e-8,6.54962732938e-8,1.06168073444e-7,2.88511401436e-8,2.12590194337e-7,1.69048277598e-8,4.89640816781e-9,5.16443243725e-9,1.6429003713e-9,9.65069024694e-10,7.97171995082e-10,1.07284692241e-9,1.29813015892e-9,9.70098668063e-10,4.49666137659e-10,2.17090512233e-10,3.72567865448e-10,3.45152018077e-10,4.66784388919e-11,3.7681099907e-10,2.32125452193e-9,7.07351066609e-10,5.63924497377e-11,7.11483719162e-11,4.4065463084e-11,2.09044379029e-11,3.63305427409e-11,4.55495571816e-11,6.45055233187e-12,1.8550477994e-12,8.72001689606e-13,4.26627537551e-13,1.53631041265e-13,7.83522213581e-14,1.72680795308e-14,1.29601419589e-14],"dvar2":[2.30738351092e-7,0.00000802068734629,5.14034695698e-7,5.28825694346e-7,1.46533281509e-7,1.43875766412e-7,2.22798760774e-7,6.25900469231e-8,3.43339507936e-7,2.59010963788e-8,1.2145872752e-8,1.15252358768e-8,3.77236952787e-9,2.10499906395e-9,1.37187239346e-9,1.7633089433e-9,1.94737515002e-9,1.83519732744e-9,9.41405509103e-10,4.9912435296e-10,7.33056726432e-10,7.40587591253e-10,9.90433846049e-11,7.45775552424e-10,4.90610796433e-9,1.42030365247e-9,1.46461717754e-10,1.82584933284e-10,1.19404763854e-10,5.53914934753e-11,9.77046568651e-11,1.26046312277e-10,1.75538160396e-11,5.06733327174e-12,2.27187713087e-12,1.11924510458e-12,3.96536563351e-13,2.15755852854e-13,4.66986068955e-14,3.5727998793e-14],"max":[0.003278051503,0.0259680468589,0.0056179529056,0.00792073644698,0.0038737966679,0.00698777707294,0.0063889445737,0.00374237750657,0.0178001485765,0.00407401891425,0.00288752699271,0.00284741539508,0.00144295440987,0.000739910872653,0.000717828399502,0.000802903203294,0.00115042901598,0.00104291108437,0.000847118149977,0.000472801388241,0.000378326629288,0.00039212332922,0.000105110288132,0.000420566269895,0.00161997240502,0.000619076716248,0.000179989918252,0.000163282660651,0.0000857704071677,0.0000751374172978,0.0000767888996052,0.0000878635546542,0.0000270407199423,0.0000198810666916,0.0000225610619964,0.000016110829165,0.0000113746546049,0.00000316761816066,0.00000185233727734,0.00000156700548359],"mean":[0.00028288885369,0.00109575805254,0.000513065315317,0.000582270498853,0.000382053724024,0.000328238122165,0.000294409110211,0.000166078680195,0.000324765802361,0.000135699126986,0.000055185311794,0.0000517781954841,0.0000313491291308,0.0000310054965666,0.0000229595116252,0.0000234643412114,0.0000250548037002,0.0000162649666891,0.0000109326756501,0.0000102798003354,0.0000153753371706,0.0000138634850373,0.00000651930849926,0.0000165338806255,0.0000421775112045,0.0000210526923183,0.00000386770943805,0.00000289086665362,0.00000216237549466,0.00000169552515672,0.00000209758172787,0.00000190526839106,7.88668728546e-7,4.48924993179e-7,3.14530012702e-7,2.2759076046e-7,1.50734209114e-7,9.24383840584e-8,5.24925098944e-8,4.08125160334e-8],"median":[0.0000894613258424,0.000490653852466,0.00032267376082,0.000343524385244,0.000256751081906,0.000186238714377,0.0000930962123675,0.0000538955791853,0.0000456596535514,0.0000352772549377,0.0000175160857907,0.0000133971561809,0.00000937873574003,0.000011221600289,0.00000687443116476,0.00000635720516584,0.0000051685174185,0.00000440901294496,0.00000331904448103,0.00000257743818111,0.00000392613219447,0.0000032346831631,0.00000212858003579,0.00000319307400787,0.00000384316854252,0.0000019811088805,8.06809453024e-7,5.72379576624e-7,3.4487635503e-7,2.33315432752e-7,2.60348485881e-7,1.63627490224e-7,7.70842518705e-8,4.94697225406e-8,3.71663730903e-8,3.07257401744e-8,2.48261979863e-8,1.49520698045e-8,1.03326778245e-8,7.51318918191e-9],"min":[3.72689682721e-24,2.25734046865e-24,6.02711977466e-24,3.84393144225e-24,5.96907499483e-24,5.66773643992e-24,3.06943707462e-24,8.28895359503e-24,6.91491961462e-24,8.47415762519e-24,1.12764408406e-23,7.07309095928e-24,2.7599345982e-24,5.40333550804e-24,8.50641256988e-24,1.11924019106e-23,1.76351717074e-23,1.01616904514e-23,1.14754010272e-23,6.31668221398e-24,3.81604560368e-24,8.51244893353e-24,6.94832156307e-24,7.04191912061e-24,8.78907326514e-24,1.24531010336e-23,1.06099014962e-23,8.72476532414e-24,7.47916184341e-24,7.21618953863e-24,1.09473335929e-23,1.66858438723e-23,1.01732969619e-23,9.06590822261e-24,7.55315305201e-24,1.04534301468e-23,1.26702594525e-23,8.77131758388e-24,8.46701212311e-24,9.98019170087e-24],"var":[1.7626882709e-7,0.00000512453425472,3.85124195645e-7,4.8297823696e-7,1.80857242071e-7,1.9691518105e-7,2.99593779118e-7,9.08195829652e-8,0.00000121271864373,9.32017982791e-8,1.53082240217e-8,1.29375656854e-8,3.98726385242e-9,2.89232215955e-9,2.56323562375e-9,3.43451422857e-9,4.82043738259e-9,2.26341145826e-9,9.93624293955e-10,6.15099526868e-10,9.10740816096e-10,8.18646761491e-10,1.18774295954e-10,1.06382491705e-9,8.43012770702e-9,2.94314483895e-9,8.21527082473e-11,6.13706030439e-11,3.09882362826e-11,1.5828010777e-11,2.63718023114e-11,2.92442181582e-11,4.33202041947e-12,1.31910378887e-12,7.35674216858e-13,3.80093986884e-13,1.48494674131e-13,5.61516504409e-14,1.4255171479e-14,9.63588746555e-15]},"melbands_crest":{"dmean":3.22762870789,"dmean2":5.14872837067,"dvar":9.08758449554,"dvar2":20.5599594116,"max":35.0756416321,"mean":13.7056283951,"median":12.6094331741,"min":1.92452430725,"var":26.2942619324},"melbands_flatness_db":{"dmean":0.0430360399187,"dmean2":0.056207112968,"dvar":0.00154071953148,"dvar2":0.00283679296263,"max":0.491836816072,"mean":0.245311304927,"median":0.240442097187,"min":0.00636391434819,"var":0.00578599004075},"melbands_kurtosis":{"dmean":7.07952356339,"dmean2":11.2561340332,"dvar":162.38520813,"dvar2":418.639373779,"max":262.113769531,"mean":13.4774188995,"median":8.85221099854,"min":-1.76469004154,"var":240.70489502},"melbands_skewness":{"dmean":0.692348361015,"dmean2":1.07600986958,"dvar":0.644450724125,"dvar2":1.58622062206,"max":11.9262399673,"mean":2.70076775551,"median":2.51900744438,"min":-0.18852353096,"var":1.61081254482},"melbands_spread":{"dmean":7.00530481339,"dmean2":10.6888875961,"dvar":83.3920822144,"dvar2":194.652404785,"max":134.905487061,"mean":18.5213718414,"median":14.6161298752,"min":0.710289955139,"var":217.635559082},"mfcc":{"cov":[[9383.33105469,-512.576965332,-1069.60571289,478.322967529,-502.44039917,-344.526855469,-233.694107056,321.174682617,-274.541503906,78.5809631348,282.681762695,-34.7220726013,-129.345581055],[-512.576965332,1911.1875,-197.454040527,-102.557495117,144.624710083,-93.8141174316,116.272918701,-27.2350006104,34.9964103699,-10.7958745956,-4.82741785049,36.5290184021,14.4897146225],[-1069.60571289,-197.454040527,641.704956055,-1.6909070015,81.3405075073,220.434585571,17.8661937714,-74.645690918,48.7168617249,-30.3194599152,-86.2864685059,-3.71841907501,29.878950119],[478.322967529,-102.557495117,-1.6909070015,305.252075195,90.0595092773,12.238951683,-14.5028524399,17.637840271,-49.3802337646,23.0427837372,29.3857898712,-26.122756958,-7.61637449265],[-502.44039917,144.624710083,81.3405075073,90.0595092773,363.576629639,44.8038635254,-24.4104595184,-72.0444335938,-40.2086029053,41.4390411377,24.8480091095,-12.7525997162,5.88045978546],[-344.526855469,-93.8141174316,220.434585571,12.238951683,44.8038635254,264.695587158,27.8462810516,-78.6555633545,66.1338653564,-16.9659538269,-53.6844558716,-1.10653042793,7.04671859741],[-233.694107056,116.272918701,17.8661937714,-14.5028524399,-24.4104595184,27.8462810516,165.223754883,56.0258560181,38.3640632629,25.2730941772,16.8012161255,14.3428401947,3.01896452904],[321.174682617,-27.2350006104,-74.645690918,17.637840271,-72.0444335938,-78.6555633545,56.0258560181,187.326370239,14.9708166122,29.1096458435,59.987651825,10.2562179565,3.61145734787],[-274.541503906,34.9964103699,48.7168617249,-49.3802337646,-40.2086029053,66.1338653564,38.3640632629,14.9708166122,162.404373169,1.92710280418,-51.9228134155,26.1629333496,26.1432762146],[78.5809631348,-10.7958745956,-30.3194599152,23.0427837372,41.4390411377,-16.9659538269,25.2730941772,29.1096458435,1.92710280418,120.154067993,70.310256958,2.37685465813,-6.6116938591],[282.681762695,-4.82741785049,-86.2864685059,29.3857898712,24.8480091095,-53.6844558716,16.8012161255,59.987651825,-51.9228134155,70.310256958,154.628829956,11.616402626,-26.0655956268],[-34.7220726013,36.5290184021,-3.71841907501,-26.122756958,-12.7525997162,-1.10653042793,14.3428401947,10.2562179565,26.1629333496,2.37685465813,11.616402626,90.2774429321,35.9465637207],[-129.345581055,14.4897146225,29.878950119,-7.61637449265,5.88045978546,7.04671859741,3.01896452904,3.61145734787,26.1432762146,-6.6116938591,-26.0655956268,35.9465637207,72.9876556396]],"icov":[[0.000189998798305,8.42440570636e-8,0.00027372391196,-0.000304818473523,0.000314534408972,-0.000206337630516,0.000350718415575,-0.000241723726504,0.000231177153182,-0.000119312877359,-0.0000430107793363,-0.0000979986216407,0.000124153579236],[8.42440570636e-8,0.000670700217597,0.000235847503063,0.00021934058168,-0.000480725371744,0.000373367685825,-0.000706362887286,0.000314078672091,-0.000254594924627,0.000353917275788,0.0000374759401893,-0.000129306630697,0.0000100197366919],[0.00027372391196,0.000235847503063,0.00281114690006,-0.00015275151236,-0.000114415634016,-0.00206249789335,0.000212098064367,-0.000556158018298,0.000665958563332,-0.0000750352992327,0.000786222110037,-0.0000462521675217,-0.000443164375611],[-0.000304818473523,0.00021934058168,-0.00015275151236,0.00453786505386,-0.00158731779084,-0.000494407780934,-0.00031054293504,-0.000821099209134,0.000828380172607,-0.000148868610268,0.000240710520302,0.000949199486058,-0.000510292011313],[0.000314534408972,-0.000480725371744,-0.000114415634016,-0.00158731779084,0.00457655545324,-0.000696937553585,0.00117704330478,0.0010946203256,0.00101682171226,-0.00167063891422,-0.000972377776634,0.000428368715802,-0.000944027153309],[-0.000206337630516,0.000373367685825,-0.00206249789335,-0.000494407780934,-0.000696937553585,0.0075426469557,-0.00230331788771,0.00347383320332,-0.00331613514572,0.00111053674482,-0.000585663074162,0.000300826563034,0.000535352039151],[0.000350718415575,-0.000706362887286,0.000212098064367,-0.00031054293504,0.00117704330478,-0.00230331788771,0.00908943545073,-0.00348039157689,-1.94222721461e-7,-0.00188400864135,-0.000062255152443,-0.000823625538033,0.000779127061833],[-0.000241723726504,0.000314078672091,-0.000556158018298,-0.000821099209134,0.0010946203256,0.00347383320332,-0.00348039157689,0.00991559959948,-0.00295795314014,0.00088325527031,-0.00397770944983,0.0013016150333,-0.0020410483703],[0.000231177153182,-0.000254594924627,0.000665958563332,0.000828380172607,0.00101682171226,-0.00331613514572,-1.94222721461e-7,-0.00295795314014,0.0105511471629,-0.00316507858224,0.00469908071682,-0.00247848453,-0.000508541706949],[-0.000119312877359,0.000353917275788,-0.0000750352992327,-0.000148868610268,-0.00167063891422,0.00111053674482,-0.00188400864135,0.00088325527031,-0.00316507858224,0.0131946215406,-0.00661871349439,0.00156523589976,-0.00101054692641],[-0.0000430107793363,0.0000374759401893,0.000786222110037,0.000240710520302,-0.000972377776634,-0.000585663074162,-0.000062255152443,-0.00397770944983,0.00469908071682,-0.00661871349439,0.0142271444201,-0.00463547557592,0.00503498874605],[-0.0000979986216407,-0.000129306630697,-0.0000462521675217,0.000949199486058,0.000428368715802,0.000300826563034,-0.000823625538033,0.0013016150333,-0.00247848453,0.00156523589976,-0.00463547557592,0.0161508638412,-0.00870412401855],[0.000124153579236,0.0000100197366919,-0.000443164375611,-0.000510292011313,-0.000944027153309,0.000535352039151,0.000779127061833,-0.0020410483703,-0.000508541706949,-0.00101054692641,0.00503498874605,-0.00870412401855,0.0203158035874]],"mean":[-714.870239258,157.488555908,-9.33981227875,37.4939727783,-2.0399274826,-2.33790040016,-3.89728045464,-0.359717160463,-8.00796031952,-3.80243229866,0.76713013649,-3.07485342026,-5.93355894089]},"pitch_salience":{"dmean":0.0720789954066,"dmean2":0.113127410412,"dvar":0.00521558569744,"dvar2":0.0116324285045,"max":0.941676557064,"mean":0.63904094696,"median":0.663245677948,"min":0.0889130458236,"var":0.0141315711662},"silence_rate_20dB":{"dmean":0,"dmean2":0,"dvar":0,"dvar2":0,"max":1,"mean":1,"median":1,"min":1,"var":0},"silence_rate_30dB":{"dmean":0.00117831898388,"dmean2":0.00235710083507,"dvar":0.00117695715744,"dvar2":0.00353020033799,"max":1,"mean":0.999214589596,"median":1,"min":0,"var":0.000784799398389},"silence_rate_60dB":{"dmean":0.0412411615252,"dmean2":0.0824985280633,"dvar":0.039538230747,"dvar2":0.0878702029586,"max":1,"mean":0.122128412127,"median":0,"min":0,"var":0.107212990522},"spectral_centroid":{"dmean":338.04586792,"dmean2":497.740264893,"dvar":166688.96875,"dvar2":352062.46875,"max":10824.1142578,"mean":1166.44360352,"median":1019.62579346,"min":163.955276489,"var":511368.40625},"spectral_complexity":{"dmean":3.54399061203,"dmean2":5.41779613495,"dvar":21.4306945801,"dvar2":47.9637908936,"max":47,"mean":13.7374830246,"median":13,"min":0,"var":72.1502456665},"spectral_contrast_coeffs":{"dmean":[0.0483332239091,0.0455447211862,0.038227353245,0.0285498835146,0.0308406855911,0.0372473634779],"dmean2":[0.0802441388369,0.0716747120023,0.0611477605999,0.0447820164263,0.0464644171298,0.0543342679739],"dvar":[0.00156050361693,0.00147012853995,0.00104920216836,0.000563444918953,0.000846273323987,0.00106247270014],"dvar2":[0.00422824826092,0.00362506345846,0.00255288858898,0.00129522755742,0.00174029439222,0.0022411539685],"max":[-0.334860980511,-0.374934315681,-0.490940928459,-0.584571123123,-0.529387295246,-0.545185506344],"mean":[-0.608041644096,-0.696584224701,-0.780153810978,-0.794065833092,-0.775038599968,-0.738409698009],"median":[-0.609004437923,-0.696467518806,-0.789596259594,-0.801676273346,-0.792146086693,-0.737855195999],"min":[-0.968570291996,-0.954861044884,-0.966465592384,-0.963713943958,-0.958983838558,-0.960811853409],"var":[0.0073434766382,0.00644078338519,0.00499056093395,0.00323281437159,0.00629392033443,0.0032530897297]},"spectral_contrast_valleys":{"dmean":[0.440996259451,0.395386189222,0.485489070415,0.404524713755,0.574762821198,0.65142428875],"dmean2":[0.715421617031,0.613443791866,0.710548937321,0.557187974453,0.740755140781,0.803832352161],"dvar":[0.178922265768,0.178817689419,0.251535147429,0.183123826981,0.3137575984,0.338665753603],"dvar2":[0.423363208771,0.375851422548,0.520530760288,0.338384747505,0.631378471851,0.633976340294],"max":[-5.76295471191,-5.14498996735,-5.58102703094,-6.07538747787,-5.67672014236,-8.9863948822],"mean":[-7.80120706558,-7.16125631332,-7.88115358353,-8.35899734497,-8.26703071594,-11.668920517],"median":[-7.61505174637,-7.00797080994,-7.73108768463,-8.21771812439,-8.10374927521,-11.6457567215],"min":[-26.7203159332,-27.6189098358,-27.0182056427,-27.2313537598,-27.4393005371,-27.266702652],"var":[1.54158473015,1.59756684303,1.58773481846,1.51505935192,1.76635205746,1.55974292755]},"spectral_decrease":{"dmean":1.2456695675e-9,"dmean2":1.76889214387e-9,"dvar":3.34952251354e-18,"dvar2":6.5352843589e-18,"max":3.0859732213e-30,"mean":-3.91416499212e-9,"median":-2.94356561348e-9,"min":-2.81350072129e-8,"var":1.26525389332e-17},"spectral_energy":{"dmean":0.00503502972424,"dmean2":0.00711911916733,"dvar":0.0000522021255165,"dvar2":0.000101664591057,"max":0.114506602287,"mean":0.0158263370395,"median":0.0118195572868,"min":1.05213625755e-20,"var":0.000209196063224},"spectral_energyband_high":{"dmean":0.000310677976813,"dmean2":0.000525640731212,"dvar":4.17261361463e-7,"dvar2":0.00000110051882984,"max":0.00577175058424,"mean":0.000254137383308,"median":0.0000407707520935,"min":7.89140240236e-21,"var":3.18497740182e-7},"spectral_energyband_low":{"dmean":0.00261233584024,"dmean2":0.00406857347116,"dvar":0.0000378747317882,"dvar2":0.0000786174641689,"max":0.0818641260266,"mean":0.00431929342449,"median":0.00239132530987,"min":2.62484930737e-23,"var":0.0000536048646609},"spectral_energyband_middle_high":{"dmean":0.00109325139783,"dmean2":0.0015066153137,"dvar":0.00000385377461498,"dvar2":0.00000773189276515,"max":0.0654724091291,"mean":0.00291799823754,"median":0.00135003833566,"min":1.53842325926e-21,"var":0.0000175104942173},"spectral_energyband_middle_low":{"dmean":0.00270124571398,"dmean2":0.00395925017074,"dvar":0.000012898375644,"dvar2":0.0000272099423455,"max":0.0971704348922,"mean":0.00883075408638,"median":0.00643887370825,"min":2.21160373331e-22,"var":0.0000738130765967},"spectral_entropy":{"dmean":0.319969713688,"dmean2":0.412647485733,"dvar":0.0818201526999,"dvar2":0.145094141364,"max":9.7913274765,"mean":7.18389225006,"median":7.16038417816,"min":5.49757575989,"var":0.276632875204},"spectral_flux":{"dmean":0.0192874614149,"dmean2":0.0302063897252,"dvar":0.000486358767375,"dvar2":0.00118203449529,"max":0.239028930664,"mean":0.056102681905,"median":0.047106448561,"min":1.07068506838e-10,"var":0.00128949841019},"spectral_kurtosis":{"dmean":4.03581666946,"dmean2":6.45844221115,"dvar":22.6466026306,"dvar2":53.1774711609,"max":61.8052902222,"mean":7.53773927689,"median":5.43676757812,"min":-1.31633913517,"var":40.5575256348},"spectral_rms":{"dmean":0.000594494049437,"dmean2":0.000820273999125,"dvar":4.67955885597e-7,"dvar2":8.39166204969e-7,"max":0.0105694727972,"mean":0.00354660185985,"median":0.00339577300474,"min":3.20386382355e-12,"var":0.00000286191902887},"spectral_rolloff":{"dmean":574.165771484,"dmean2":970.811706543,"dvar":906376.0625,"dvar2":2244798.5,"max":19358.3496094,"mean":1235.82788086,"median":710.595703125,"min":21.533203125,"var":1524165.25},"spectral_skewness":{"dmean":0.489800572395,"dmean2":0.739455401897,"dvar":0.238959133625,"dvar2":0.547203302383,"max":5.97226047516,"mean":1.73069918156,"median":1.50691282749,"min":-0.0029694812838,"var":0.616986453533},"spectral_spread":{"dmean":716690.125,"dmean2":991246,"dvar":1319596851200,"dvar2":3134547296260,"max":51681144,"mean":3439799.25,"median":3068543.25,"min":1010283.4375,"var":2416364224510},"spectral_strongpeak":{"dmean":0.315880268812,"dmean2":0.522066712379,"dvar":0.434256851673,"dvar2":1.14920294285,"max":12.3208150864,"mean":0.704421699047,"median":0.404617190361,"min":0,"var":0.818556129932},"zerocrossingrate":{"dmean":0.0110808778554,"dmean2":0.0136518292129,"dvar":0.000139786643558,"dvar2":0.000176848072442,"max":0.5048828125,"mean":0.0431441962719,"median":0.03857421875,"min":0,"var":0.00083978328621}},"metadata":{"audio_properties":{"analysis_sample_rate":44100,"bit_rate":160000,"codec":"mp3","downmix":"mix","equal_loudness":0,"length":118.230201721,"lossless":false,"md5_encoded":"e963f14bd921de099f877e0d3d8a8dd3","replay_gain":-10.5953273773,"sample_rate":44100},"tags":{"album":["Now Here's Johnny Cash"],"albumartist":["Johnny Cash"],"albumartistsort":["Cash, Johnny"],"artist":["Johnny Cash"],"artistsort":["Cash, Johnny"],"asin":["B006GP3T0Q"],"composer":["Jack Clement/Johnny Cash"],"date":["1961"],"discnumber":["1/1"],"file_name":"03-Life Goes On- Now Here's Johnny Cash-Johnny Cash.mp3","genre":["Country"],"label":["Get Back Records"],"language":["eng"],"musicbrainz album release country":["US"],"musicbrainz album status":["official"],"musicbrainz album type":["album"],"musicbrainz_albumartistid":["d43d12a1-2dc9-4257-a2fd-0a3bb1081b86"],"musicbrainz_albumid":["8810ac93-e31c-4f68-af63-902eb42d12fb"],"musicbrainz_artistid":["d43d12a1-2dc9-4257-a2fd-0a3bb1081b86"],"musicbrainz_recordingid":["2cbd95ed-b77a-48af-9f4c-8d433d740a65"],"originaldate":["1961"],"script":["Latn"],"title":["Life Goes On"],"tracknumber":["3/12"]},"version":{"essentia":"2.1-beta2","essentia_build_sha":"70f2e5ece6736b2c40cc944ad0e695b16b925413","essentia_git_sha":"v2.1_beta2","extractor":"music 1.0"}},"rhythm":{"beats_count":195,"beats_loudness":{"dmean":0.0114267878234,"dmean2":0.0199430976063,"dvar":0.000167333331774,"dvar2":0.000457389454823,"max":0.109760597348,"mean":0.0182620286942,"median":0.0143677424639,"min":1.92342881178e-7,"var":0.000179454335012},"beats_loudness_band_ratio":{"dmean":[0.152587577701,0.186906084418,0.13903708756,0.0491385124624,0.0576884523034,0.0495878793299],"dmean2":[0.26251116395,0.339901506901,0.246697366238,0.0885291621089,0.100415490568,0.0874752104282],"dv