{"lowlevel":{"average_loudness":0.929919421673,"barkbands":{"dmean":[0.0121004162356,0.013221883215,0.00284809572622,0.00151273957454,0.00323709542863,0.00220057577826,0.000929974718019,0.000786930089816,0.000893791671842,0.000671368092299,0.000453766988358,0.000403109763283,0.000323968182784,0.000137704832014,0.00011185578478,0.0000550624572497,0.0000384623162972,0.0000448484715889,0.000043339397962,0.0000371128298866,0.0000287193124677,0.0000241666893999,0.0000251622641372,0.0000225503354159,0.00000343950591741,0.000018274764443,0.000058916179114],"dmean2":[0.0201979093254,0.0224060826004,0.00481147691607,0.0026037490461,0.00512196915224,0.00342978606932,0.0015417895047,0.00128317740746,0.00143344583921,0.00109717331361,0.000746754638385,0.000661069003399,0.000529284880031,0.000222826391109,0.000175935769221,0.0000873660392244,0.000059417594457,0.0000707866784069,0.0000664582184982,0.0000559351137781,0.0000416675684392,0.0000338629906764,0.0000328018431901,0.0000291190117423,0.00000581208269068,0.0000234215895034,0.0000897410209291],"dvar":[0.00141640985385,0.000969932123553,0.0000205275282497,0.00000906234890863,0.0000453491229564,0.0000328131100105,0.00000582624716117,0.00000395369670514,0.00000446361991635,0.00000224193036047,8.56727581322e-7,0.00000114978195143,5.70414954382e-7,6.75649332038e-8,4.45381473924e-8,9.39273014922e-9,4.16072154508e-9,8.9268512582e-9,8.57294324419e-9,7.5162720492e-9,4.68059768721e-9,3.01688007909e-9,4.44693526447e-9,3.688311212e-9,6.94578700111e-11,2.1013235596e-9,1.85057853486e-8],"dvar2":[0.00346997519955,0.00266320677474,0.000055452423112,0.0000246652871283,0.000106968305772,0.0000736161528039,0.0000149520228661,0.00000889875082066,0.0000101770765468,0.00000554680218556,0.00000215313866647,0.00000276796595244,0.0000015059732732,1.70970366753e-7,1.05286524388e-7,2.27381367068e-8,9.50400025346e-9,2.1679385398e-8,2.12481161554e-8,1.81759798323e-8,1.09557811712e-8,6.30730312423e-9,7.2370678339e-9,5.46977840798e-9,1.85503001848e-10,3.02549341136e-9,4.46729444548e-8],"max":[0.513110160828,0.521136701107,0.0537370927632,0.0439821481705,0.113499462605,0.142603844404,0.0586147084832,0.0629645511508,0.0602391697466,0.0360799990594,0.0176090020686,0.0374150313437,0.0171567387879,0.00674432283267,0.00435952330008,0.00247675762512,0.00107312772889,0.00320867472328,0.00221699150279,0.00253266631626,0.00194456940517,0.00140053324867,0.00261170696467,0.00154745904729,0.000139758078149,0.00150089641102,0.00538723357022],"mean":[0.0132550857961,0.0186929218471,0.0033860350959,0.00170799391344,0.00429566483945,0.00312727317214,0.00116992765106,0.00100658996962,0.00119706906844,0.000865407462697,0.000650979054626,0.00058563076891,0.000510847661644,0.000213849401916,0.000171940992004,0.0000853774690768,0.0000608037989878,0.0000700987438904,0.0000668581706122,0.0000563316571061,0.0000412613371736,0.0000345906300936,0.0000337922538165,0.0000293803022942,0.00000313896020998,0.0000248241976806,0.000130421714857],"median":[0.00285713747144,0.00811004824936,0.00151727302,0.000718520197552,0.00162066647317,0.000746706209611,0.000369570712792,0.000339541031281,0.000409386440879,0.000272489385679,0.000278453109786,0.000190023652976,0.000148566163261,0.0000863646127982,0.0000684423212078,0.0000401270699513,0.0000275195543509,0.0000297024434985,0.0000248388460022,0.0000195189968508,0.0000124525968204,0.00000955441555561,0.00000542771113032,0.00000350036748387,9.03530349206e-7,0.00000434387538917,0.0000697495997883],"min":[1.96932167235e-23,2.61002519101e-23,1.15866162153e-23,9.03334798874e-24,2.10533422973e-23,4.64665421129e-23,1.61216773741e-23,4.95288528154e-23,3.06790309514e-23,2.46905969156e-23,5.67260473722e-23,9.31783000605e-23,6.87375085724e-23,6.04922712822e-23,1.34801409765e-22,1.9279344005e-22,1.03225333524e-22,1.25713202022e-22,2.2492701376e-22,3.78014698935e-22,2.48029051494e-22,5.75121049814e-22,5.35482821432e-22,9.71601682497e-22,1.27340062925e-21,1.75840261315e-21,2.03972722415e-21],"var":[0.00126756750979,0.000952760979999,0.0000243666308961,0.00000864831781655,0.0000651775189908,0.0000689314692863,0.00000777625064075,0.00000726971347831,0.00000676696708979,0.00000296269172395,0.00000134109791361,0.0000021339246814,0.00000123460256418,1.218540433e-7,8.40820320036e-8,1.57140966905e-8,7.5928241472e-9,1.4198588083e-8,1.32152067067e-8,1.22633609934e-8,6.55488952006e-9,5.17354203922e-9,8.93920137912e-9,7.85213671861e-9,5.79498185549e-11,4.65287541829e-9,3.61960417194e-8]},"barkbands_crest":{"dmean":3.21372413635,"dmean2":5.32305431366,"dvar":7.19006347656,"dvar2":19.0554161072,"max":25.3339195251,"mean":12.0697040558,"median":11.6937170029,"min":2.32596087456,"var":20.1704101562},"barkbands_flatness_db":{"dmean":0.0369389280677,"dmean2":0.0571555569768,"dvar":0.00109772221185,"dvar2":0.00267502036877,"max":0.618832945824,"mean":0.182272732258,"median":0.173705309629,"min":0.0229194164276,"var":0.00538162933663},"barkbands_kurtosis":{"dmean":12.2440519333,"dmean2":19.8732128143,"dvar":485.813964844,"dvar2":1216.32397461,"max":439.513641357,"mean":20.9436130524,"median":10.3847446442,"min":-1.83888101578,"var":1091.21887207},"barkbands_skewness":{"dmean":0.992926001549,"dmean2":1.57451403141,"dvar":1.08505010605,"dvar2":2.59502911568,"max":15.376502037,"mean":3.10097265244,"median":2.70702338219,"min":-2.03819179535,"var":3.93746519089},"barkbands_spread":{"dmean":5.13444042206,"dmean2":7.97024011612,"dvar":44.1204490662,"dvar2":94.7317047119,"max":127.026679993,"mean":14.1387443542,"median":10.9062538147,"min":0.246327251196,"var":167.725296021},"dissonance":{"dmean":0.0244132336229,"dmean2":0.0412584505975,"dvar":0.000532622158062,"dvar2":0.00144765677396,"max":0.500000059605,"mean":0.459773421288,"median":0.468747198582,"min":0.224718555808,"var":0.00109439727385},"dynamic_complexity":3.4422109127,"erbbands":{"dmean":[0.782720565796,1.7250893116,3.06501746178,4.15267086029,6.86465597153,12.3272838593,15.7299623489,19.0137672424,14.8154363632,15.3363370895,16.176776886,19.9200801849,21.1428871155,20.9331645966,15.2683992386,16.4407539368,14.775932312,7.55155134201,6.61379909515,3.97932910919,2.7349717617,2.04201102257,2.18399739265,2.42912316322,2.09264707565,1.7742215395,1.33416974545,1.0536595583,0.873584330082,0.766135811806,0.718221724033,0.551200866699,0.318624913692,0.0547103285789,0.0247946195304,0.0417107716203,0.0421235635877,0.0139938294888,0.0043255193159,0.0020890343003],"dmean2":[1.32930791378,2.93142104149,5.15951824188,7.06148576736,11.5416164398,19.6395378113,24.3089370728,29.8680725098,23.6648235321,25.221200943,25.8260326385,31.8882713318,34.3735733032,33.8174667358,24.787935257,26.6813812256,23.9381103516,12.0811223984,10.4455127716,6.16359186172,4.24473905563,3.12032318115,3.40091824532,3.76851272583,3.17005228996,2.67458152771,1.94038152695,1.53702628613,1.23228466511,1.02700984478,0.943733274937,0.719393908978,0.418798297644,0.0844350531697,0.0413019694388,0.0575251951814,0.0540224462748,0.0183331836015,0.00626131845638,0.00317603931762],"dvar":[3.87058758736,12.6766319275,24.9499588013,49.1754074097,241.545303345,745.589294434,1612.44714355,3080.49682617,1503.65441895,1588.63330078,1597.42492676,2326.94335938,2387.83789062,2289.52832031,1068.33227539,2102.38256836,1241.17077637,188.93359375,172.066345215,55.2096328735,21.5513572693,11.4671802521,16.8984565735,38.4981536865,21.8032474518,18.6505661011,10.1974945068,5.98464870453,3.64769172668,3.8488175869,3.83277153969,2.22841906548,0.760347485542,0.0123022561893,0.00342835625634,0.00972932484001,0.0121603943408,0.00100452487823,0.0000784506919445,0.0000164779485203],"dvar2":[10.690990448,34.536491394,67.0249328613,133.576843262,646.516296387,1736.47070312,3533.2277832,7054.38427734,3465.91699219,3986.75537109,3389.8894043,5210.11425781,5894.31738281,5677.90771484,2642.79443359,5161.08447266,3234.48706055,477.296813965,419.485992432,128.109848022,50.4230499268,26.0968379974,41.8620986938,89.4040985107,54.0600814819,45.681388855,24.1820354462,13.7661685944,7.80108785629,7.12796115875,6.22872257233,3.3656733036,1.18855202198,0.0282802209258,0.00913394242525,0.0156803652644,0.0177730936557,0.0016991882585,0.000180167116923,0.0000389683191315],"max":[31.1458053589,55.3903312683,67.6919326782,86.4994506836,261.125335693,458.60736084,818.760070801,1740.71569824,808.963378906,951.248596191,1660.71142578,1385.57385254,1184.64978027,1300.30615234,933.85369873,1619.91503906,782.76776123,326.524871826,310.558868408,182.065719604,80.3246917725,50.8321533203,91.5708999634,223.053009033,107.311767578,110.971160889,79.7557830811,65.0718383789,46.5831794739,58.5530509949,83.3395462036,43.846496582,23.7675971985,1.63275754452,0.985192000866,2.42837095261,3.48693823814,0.991357862949,0.242510929704,0.162413224578],"mean":[1.0505245924,2.30197525024,3.80553603172,5.22377157211,8.41938209534,15.7380933762,21.204826355,26.5820198059,19.5252685547,19.8915634155,22.0774688721,26.8022174835,27.9236793518,29.1803340912,23.6429023743,25.0644550323,24.3805580139,13.1660852432,10.6022815704,6.5847864151,4.50050449371,3.41580343246,3.55907773972,3.80702924728,3.25127029419,2.67579102516,1.94121789932,1.49446475506,1.24920165539,1.05491507053,0.953833520412,0.723689258099,0.404297530651,0.0609071440995,0.0239498652518,0.0528400912881,0.0570322573185,0.021286547184,0.00850912090391,0.00686829024926],"median":[0.3686825037,1.16644394398,1.9207495451,2.57654523849,3.76446890831,4.99727916718,5.58567523956,6.03856515884,5.22819280624,7.23813533783,7.48154687881,9.38253593445,8.96621131897,11.31204319,10.5926647186,8.11910152435,7.26061964035,5.402987957,4.07993602753,3.08838415146,2.0963973999,1.64465618134,1.64151465893,1.42692947388,1.13594567776,0.916808724403,0.610815823078,0.43899127841,0.352284252644,0.229425087571,0.146444752812,0.0915692150593,0.046688310802,0.017377667129,0.00808938406408,0.00970966182649,0.00910046603531,0.00598030351102,0.00387813569978,0.00506538990885],"min":[7.0870794195e-22,2.94446954968e-21,1.28073190113e-20,4.30163580707e-20,4.20841869127e-20,4.64618787459e-20,1.29724331473e-19,4.8463979592e-19,3.64307014628e-19,3.68502526393e-19,9.6590469494e-19,8.54817854192e-19,1.0003888207e-18,7.45572007294e-19,3.38157803702e-18,4.5095599842e-18,3.43974310295e-18,2.89343394214e-18,5.12006228966e-18,9.73531858535e-18,8.45500098861e-18,6.24688701115e-18,6.14103436253e-18,1.19811031951e-17,1.27408694149e-17,1.73732876403e-17,1.17921519821e-17,1.48105265927e-17,2.25502322456e-17,1.7333189233e-17,1.58334379905e-17,1.88156490919e-17,1.71246751985e-17,1.27021987213e-17,8.99861581538e-18,5.75259406919e-18,3.18742882109e-18,1.4243717208e-18,2.67788065237e-19,2.82186720612e-20],"var":[3.69532513618,12.4504928589,28.3427295685,54.6423912048,222.409927368,1095.57385254,2837.47924805,6111.21826172,2462.44726562,2137.14111328,3541.03100586,3591.49316406,3263.01196289,3114.43847656,1851.21838379,3760.84155273,2755.28588867,449.770355225,336.817321777,102.468482971,41.4628334045,22.1386508942,28.6030960083,58.8497924805,34.4964408875,28.5729541779,14.4289798737,8.58680057526,6.10992670059,7.16005039215,7.61269569397,4.66994190216,1.5339602232,0.0159308537841,0.00292549328879,0.0195335634053,0.0264617633075,0.0021429869812,0.000150270177983,0.0000442314594693]},"erbbands_crest":{"dmean":2.58439302444,"dmean2":4.29177045822,"dvar":6.03657674789,"dvar2":15.6019620895,"max":30.6404304504,"mean":7.93080186844,"median":6.85626554489,"min":2.30858254433,"var":14.6364765167},"erbbands_flatness_db":{"dmean":0.0256168078631,"dmean2":0.0389563627541,"dvar":0.000500839785673,"dvar2":0.00117640127428,"max":0.336497038603,"mean":0.139727056026,"median":0.137357071042,"min":0.0256202016026,"var":0.00210333289579},"erbbands_kurtosis":{"dmean":1.05966734886,"dmean2":1.73944246769,"dvar":1.91459727287,"dvar2":4.78938341141,"max":37.4521331787,"mean":0.953046023846,"median":0.485208779573,"min":-1.66750657558,"var":4.05501031876},"erbbands_skewness":{"dmean":0.382551401854,"dmean2":0.602402627468,"dvar":0.114025875926,"dvar2":0.272534370422,"max":4.47317123413,"mean":0.485213637352,"median":0.460725426674,"min":-3.77963805199,"var":0.4263856709},"erbbands_spread":{"dmean":7.47267246246,"dmean2":11.7155179977,"dvar":58.9960403442,"dvar2":131.553543091,"max":110.848274231,"mean":29.9558506012,"median":27.188501358,"min":3.57138967514,"var":193.278427124},"gfcc":{"cov":[[14681.2070312,81.4009475708,-825.043701172,310.47088623,-501.239135742,166.55355835,-12.7957038879,-267.644958496,-28.2939033508,64.5417251587,-118.952430725,181.093582153,-224.092681885],[81.4009475708,1234.12304688,95.7018661499,-276.883392334,269.733551025,-155.589553833,106.019271851,-77.638130188,6.04875707626,-49.9650993347,89.7429046631,-113.224937439,115.771018982],[-825.043701172,95.7018661499,492.582733154,120.433357239,67.9508972168,113.429542542,-2.02231287956,126.99672699,38.2130470276,16.0734367371,11.6723680496,-10.830247879,54.9950866699],[310.47088623,-276.883392334,120.433357239,274.08706665,0.355060786009,122.923278809,28.0279979706,51.7543869019,23.4316501617,36.388874054,-25.2556934357,41.9407348633,-30.6729774475],[-501.239135742,269.733551025,67.9508972168,0.355060786009,273.487854004,-14.2955560684,106.037780762,9.16208648682,15.1741762161,-36.7691612244,53.5321884155,-37.8392372131,46.8007698059],[166.55355835,-155.589553833,113.429542542,122.923278809,-14.2955560684,232.346160889,14.2187728882,64.3904647827,-5.95917034149,56.2415428162,-17.9030971527,26.813501358,-6.0384554863],[-12.7957038879,106.019271851,-2.02231287956,28.0279979706,106.037780762,14.2187728882,159.399078369,27.3915405273,43.1795425415,-14.8774356842,21.998752594,1.41202282906,13.2860918045],[-267.644958496,-77.638130188,126.99672699,51.7543869019,9.16208648682,64.3904647827,27.3915405273,148.100570679,43.4932289124,26.9759674072,6.57882547379,6.59888362885,20.7761974335],[-28.2939033508,6.04875707626,38.2130470276,23.4316501617,15.1741762161,-5.95917034149,43.1795425415,43.4932289124,97.1366271973,33.6876220703,11.9833087921,11.4568719864,6.74268388748],[64.5417251587,-49.9650993347,16.0734367371,36.388874054,-36.7691612244,56.2415428162,-14.8774356842,26.9759674072,33.6876220703,93.7870330811,21.4764156342,24.8748989105,5.04702854156],[-118.952430725,89.7429046631,11.6723680496,-25.2556934357,53.5321884155,-17.9030971527,21.998752594,6.57882547379,11.9833087921,21.4764156342,76.5916595459,22.27094841,20.7026309967],[181.093582153,-113.224937439,-10.830247879,41.9407348633,-37.8392372131,26.813501358,1.41202282906,6.59888362885,11.4568719864,24.8748989105,22.27094841,67.7040939331,9.24445915222],[-224.092681885,115.771018982,54.9950866699,-30.6729774475,46.8007698059,-6.0384554863,13.2860918045,20.7761974335,6.74268388748,5.04702854156,20.7026309967,9.24445915222,74.142539978]],"icov":[[0.000115151691716,-0.000266508082859,0.000370864581782,-0.00045827330905,0.000339246937074,-0.000254882790614,0.000173486536369,-0.0000348841422237,-0.000212019920582,0.000362091872375,-0.0000948378583416,-0.000198290945264,0.0000891322924872],[-0.000266508082859,0.00274655409157,-0.00187405815814,0.00268411287107,-0.00129904411733,0.00097540859133,-0.00197104667313,0.00197615195066,0.000589414732531,-0.00179581798147,-0.000918954203371,0.0032110249158,-0.00196990091354],[0.000370864581782,-0.00187405815814,0.00599032593891,-0.00494036544114,0.00212403316982,-0.00331590464339,0.00375779741444,-0.00253818882629,-0.00349592440762,0.00531438179314,-0.00376761099324,0.00289996271022,-0.00336629222147],[-0.00045827330905,0.00268411287107,-0.00494036544114,0.0119798658416,-0.0056885140948,0.00133102631662,-0.00342643191107,0.00058969197562,0.0028830897063,-0.00700748758391,0.00815127789974,-0.00761415902525,0.0060803880915],[0.000339246937074,-0.00129904411733,0.00212403316982,-0.0056885140948,0.0120356958359,-0.0030585587956,-0.00240413774736,0.00163206527941,-0.00310714775696,0.00786912534386,-0.0117504280061,0.0110823707655,-0.00710181891918],[-0.000254882790614,0.00097540859133,-0.00331590464339,0.00133102631662,-0.0030585587956,0.010598459281,-0.00371324759908,-0.00227926997468,0.00756214279681,-0.00997946877033,0.00749836722389,-0.00518759014085,0.00335936690681],[0.000173486536369,-0.00197104667313,0.00375779741444,-0.00342643191107,-0.00240413774736,-0.00371324759908,0.0136211197823,-0.00249166088179,-0.00730308936909,0.00727986637503,-0.00242504640482,-0.00158009235747,-0.0000875401892699],[-0.0000348841422237,0.00197615195066,-0.00253818882629,0.00058969197562,0.00163206527941,-0.00227926997468,-0.00249166088179,0.0128279039636,-0.00431658653542,0.000333021627739,-0.00363787892275,0.00569706968963,-0.00475309789181],[-0.000212019920582,0.000589414732531,-0.00349592440762,0.0028830897063,-0.00310714775696,0.00756214279681,-0.00730308936909,-0.00431658653542,0.0212078914046,-0.0136367408559,0.00803489331156,-0.00684555899352,0.00492971623316],[0.000362091872375,-0.00179581798147,0.00531438179314,-0.00700748758391,0.00786912534386,-0.00997946877033,0.00727986637503,0.000333021627739,-0.0136367408559,0.0284309517592,-0.0165400598198,0.00766457850114,-0.00715266726911],[-0.0000948378583416,-0.000918954203371,-0.00376761099324,0.00815127789974,-0.0117504280061,0.00749836722389,-0.00242504640482,-0.00363787892275,0.00803489331156,-0.0165400598198,0.035991974175,-0.0245828907937,0.0102073177695],[-0.000198290945264,0.0032110249158,0.00289996271022,-0.00761415902525,0.0110823707655,-0.00518759014085,-0.00158009235747,0.00569706968963,-0.00684555899352,0.00766457850114,-0.0245828907937,0.0424602739513,-0.0179746765643],[0.0000891322924872,-0.00196990091354,-0.00336629222147,0.0060803880915,-0.00710181891918,0.00335936690681,-0.0000875401892699,-0.00475309789181,0.00492971623316,-0.00715266726911,0.0102073177695,-0.0179746765643,0.0273789223284]],"mean":[-35.4940681458,110.55493927,-71.857460022,-2.73776698112,-22.7710208893,-4.3212556839,-2.27764487267,-10.0150403976,-5.80057811737,-7.52966594696,-1.35945355892,-2.38455843925,-5.08584356308]},"hfc":{"dmean":42.0295181274,"dmean2":65.1009674072,"dvar":3197.68652344,"dvar2":8425.67578125,"max":1060.45300293,"mean":134.486038208,"median":112.385002136,"min":1.13265139828e-16,"var":11678.1708984},"melbands":{"dmean":[0.00550645496696,0.00165618502069,0.00075183523586,0.000661768019199,0.000563992478419,0.000419687799877,0.00021953995747,0.000171516046976,0.000137286129757,0.00012624367082,0.000106435036287,0.0000864406247274,0.0000552444362256,0.000043475858547,0.0000433796740253,0.0000284126363113,0.0000136006556204,0.0000114023250717,0.00000756471945351,0.00000439803352492,0.00000321350762533,0.00000235972788687,0.0000018445959995,0.0000023192237677,0.00000205513288165,0.00000161371042395,0.00000143945260334,0.00000117938463973,8.99842120816e-7,6.87883073169e-7,6.20204389179e-7,5.11773180278e-7,4.63761324454e-7,4.27458559216e-7,4.24314322345e-7,3.96095828137e-7,3.29456185e-7,2.65495856411e-7,1.02263811641e-7,3.10895984512e-8],"dmean2":[0.009191904217,0.00276736728847,0.00126455095597,0.00107558525633,0.000858387618791,0.000654476927593,0.000352245260729,0.000282425811747,0.00021846134041,0.000202120354516,0.000173789871042,0.000140072472277,0.0000907144276425,0.0000713675326551,0.0000711124084773,0.0000464867043775,0.0000220867495955,0.0000182742332981,0.0000117804183901,0.00000700329837855,0.00000506018841406,0.00000365651067114,0.00000292025606541,0.00000367062875739,0.00000322329697156,0.00000248236824518,0.00000217804517888,0.00000181607526883,0.00000133943285618,0.0000010264127468,9.22936010284e-7,7.36791946565e-7,6.59458009977e-7,5.82245775149e-7,5.66985590922e-7,5.36553898201e-7,4.37001062892e-7,3.49885993955e-7,1.46063371176e-7,5.26907619758e-8],"dvar":[0.000194159787497,0.00000775574699219,0.00000184328712294,0.00000196221276383,0.00000185314490864,0.00000135597827011,3.20447071545e-7,1.89950810636e-7,1.09392651382e-7,9.04281449721e-8,6.12040693682e-8,3.98631136989e-8,1.28768506968e-8,1.03979402866e-8,1.38296174512e-8,5.55008972114e-9,5.93954885275e-10,5.91197035771e-10,2.21335255679e-10,6.68954544536e-11,3.16776639642e-11,1.63127809871e-11,1.05368240175e-11,2.66500727736e-11,3.06182128262e-11,1.19392395276e-11,1.03381365968e-11,9.25574721033e-12,4.73103934501e-12,2.82227908578e-12,2.24100534137e-12,1.23367310291e-12,1.4191670842e-12,1.24983226893e-12,1.37100086058e-12,1.25481482843e-12,8.27066930567e-13,5.86958650087e-13,5.82066404624e-14,5.87937384799e-15],"dvar2":[0.000516361033078,0.0000207850171137,0.00000500085434396,0.00000485855252919,0.0000040680542952,0.00000306602896671,7.4696822594e-7,4.64036730818e-7,2.29986554245e-7,2.02652614689e-7,1.50831624524e-7,9.88706148064e-8,3.23039657246e-8,2.52877114804e-8,3.44555886045e-8,1.46597969319e-8,1.52113244223e-9,1.46483047914e-9,5.0323695211e-10,1.65954291975e-10,7.56396958956e-11,3.79431902564e-11,2.59359062005e-11,6.6844217661e-11,7.1746684982e-11,3.00736623104e-11,2.43633377361e-11,2.3348076944e-11,1.140120897e-11,6.82671844401e-12,5.25612322763e-12,2.73968781689e-12,3.02895599227e-12,2.32448500552e-12,2.29698248269e-12,2.18773870547e-12,1.32340416837e-12,9.58794892439e-13,1.06182986394e-13,1.57279567923e-14],"max":[0.215048357844,0.0459404028952,0.0211958121508,0.0230862293392,0.02348857373,0.0339520014822,0.0111656617373,0.00952174328268,0.0114962672815,0.00882066600025,0.00603039097041,0.00541388988495,0.0022445472423,0.00292941369116,0.0040478031151,0.0022221209947,0.000435226218542,0.000656857795548,0.00048000109382,0.0002295893064,0.000100194803963,0.0000626601249678,0.0000557374842174,0.000187383993762,0.000204810901778,0.0000643506718916,0.0000976375522441,0.0000735521971365,0.0000480518501718,0.0000466461497126,0.00004050048301,0.0000307926711685,0.0000243960421358,0.0000325249020534,0.000052459177823,0.0000363019098586,0.0000249753702519,0.0000213780022023,0.00000660769410388,0.00000128871147353],"mean":[0.00777480518445,0.0022933029104,0.00100146501791,0.000849188829307,0.000774678948801,0.000594901444856,0.00028947746614,0.000220419795369,0.000183511700016,0.000168506987393,0.000136457398185,0.00011626027117,0.0000824773233035,0.0000643553285045,0.0000655761978123,0.000045127399062,0.0000215418767766,0.0000172548134287,0.0000117153886094,0.00000665202333039,0.00000496799839311,0.00000365050232176,0.00000294520191346,0.0000034479326132,0.00000306477477352,0.00000236192158809,0.00000220166020881,0.00000166029906268,0.00000126753320728,9.47984347022e-7,8.47451133268e-7,7.1673042612e-7,6.25969391876e-7,5.71073712763e-7,5.52426740796e-7,5.08883658767e-7,4.20108193566e-7,3.31489871996e-7,1.2318831466e-7,2.78576877122e-8],"median":[0.00316293141805,0.00134749221615,0.000528371601831,0.000344582571415,0.000210383994272,0.000137314433232,0.0000791058846517,0.0000780585469329,0.0000598569895374,0.0000580205014558,0.000041497656639,0.000043491821998,0.0000362714417861,0.0000227895307034,0.000017865195332,0.0000136643702717,0.00000885641475179,0.00000617010846327,0.00000499356656292,0.00000315342708745,0.0000021389032554,0.00000163113418239,0.00000144853527217,0.00000135236462029,0.00000110954749744,8.2285936287e-7,7.26507892068e-7,5.57213866159e-7,3.89400042877e-7,2.81810031311e-7,2.41007739987e-7,2.05627202376e-7,1.53135445657e-7,1.11283419812e-7,8.42560368142e-8,6.76085534224e-8,5.00433685602e-8,3.46701227727e-8,2.10319601734e-8,7.54534479341e-9],"min":[8.56759504397e-24,5.31677340648e-24,7.5360805243e-24,4.39052921917e-24,4.29389336385e-24,1.14525603486e-23,5.12971989192e-24,4.98191496842e-24,8.60902759643e-24,4.81978906404e-24,4.86763702781e-24,2.20821691679e-24,9.63766750696e-24,1.00698851858e-23,1.0953248472e-23,5.80709621301e-24,4.98078650289e-24,6.29772825301e-24,9.42361956666e-24,1.42620135207e-23,8.38510785076e-24,6.24371889113e-24,7.36674758669e-24,5.20893493744e-24,1.01529001743e-23,9.47686925548e-24,1.23546669699e-23,1.11114600486e-23,5.2820524826e-24,5.79943242931e-24,1.04478276566e-23,1.33649840082e-23,8.19020950894e-24,8.84206341872e-24,9.11387254336e-24,9.4272648929e-24,1.17981547891e-23,1.24954249989e-23,1.02441682256e-23,9.9578196056e-24],"var":[0.000190813691006,0.00000879248909769,0.0000019702854388,0.00000230381488109,0.00000325931750922,0.00000279096298073,5.19960678957e-7,2.70405337233e-7,2.28510785405e-7,1.40686609029e-7,8.21014296548e-8,5.26658752165e-8,2.11141824025e-8,1.95776870271e-8,2.45482230099e-8,1.15465663697e-8,1.14980358568e-9,1.05818831475e-9,4.02114175291e-10,1.00783853485e-10,5.66870508867e-11,2.83312609484e-11,1.76116239647e-11,3.92594012855e-11,4.42332316608e-11,1.77792225386e-11,1.86440168859e-11,1.22138618663e-11,6.4104160348e-12,3.65614873446e-12,3.01307741778e-12,1.96990926175e-12,2.20605890326e-12,2.28389377722e-12,2.63943294304e-12,2.31116753339e-12,1.64655203534e-12,1.13060461601e-12,1.03745130705e-13,4.86342897852e-15]},"melbands_crest":{"dmean":5.00237417221,"dmean2":8.26994609833,"dvar":19.022562027,"dvar2":48.8917808533,"max":39.0548171997,"mean":19.7226161957,"median":18.4191036224,"min":1.82763957977,"var":67.3567504883},"melbands_flatness_db":{"dmean":0.0436053909361,"dmean2":0.0666723027825,"dvar":0.00145404285286,"dvar2":0.00342233921401,"max":0.795324265957,"mean":0.297622710466,"median":0.290145933628,"min":0.00440764101222,"var":0.00805765762925},"melbands_kurtosis":{"dmean":15.754196167,"dmean2":26.2306003571,"dvar":1113.03076172,"dvar2":3008.08374023,"max":783.659606934,"mean":25.8402671814,"median":12.1775665283,"min":-1.79266536236,"var":2151.28393555},"melbands_skewness":{"dmean":1.11973798275,"dmean2":1.80160427094,"dvar":1.52444350719,"dvar2":3.85797095299,"max":22.3203582764,"mean":3.45591640472,"median":2.92134404182,"min":-0.744683742523,"var":5.17064905167},"melbands_spread":{"dmean":4.17159795761,"dmean2":6.57239437103,"dvar":35.6146888733,"dvar2":77.6747589111,"max":191.890060425,"mean":11.211388588,"median":8.51918792725,"min":0.0948590934277,"var":166.688110352},"mfcc":{"cov":[[9373.43457031,-124.2995224,-454.775421143,79.3874511719,-513.428710938,369.251464844,-257.332183838,69.5603637695,-238.992538452,183.078567505,-186.745803833,91.8291015625,-97.5731887817],[-124.2995224,1520.18432617,-58.1425666809,-13.797618866,107.8463974,-62.0884666443,139.222747803,-83.0077056885,46.4945755005,-78.0867843628,94.9621276855,-88.3215866089,41.5831375122],[-454.775421143,-58.1425666809,441.643615723,30.1942539215,104.021766663,12.3174304962,16.1939964294,38.8135757446,72.6249542236,31.5974025726,29.8566551208,23.4135074615,14.6549386978],[79.3874511719,-13.797618866,30.1942539215,174.02394104,37.1313858032,33.8847045898,19.5151386261,48.5906410217,22.9710903168,25.5656509399,13.7799596786,12.8865880966,2.2560942173],[-513.428710938,107.8463974,104.021766663,37.1313858032,172.361343384,10.05189991,73.2668838501,11.6954498291,45.5255012512,-8.418592453,35.2524299622,0.108708642423,23.1729812622],[369.251464844,-62.0884666443,12.3174304962,33.8847045898,10.05189991,159.470550537,38.8041687012,26.8261451721,1.69675171375,28.4307727814,-8.4736661911,21.8486118317,3.28592634201],[-257.332183838,139.222747803,16.1939964294,19.5151386261,73.2668838501,38.8041687012,144.859375,41.3664665222,41.8294296265,-12.4128332138,29.1814289093,0.670934557915,24.7868766785],[69.5603637695,-83.0077056885,38.8135757446,48.5906410217,11.6954498291,26.8261451721,41.3664665222,112.659385681,40.6339454651,33.1416053772,-5.12258434296,29.3016319275,-2.76212048531],[-238.992538452,46.4945755005,72.6249542236,22.9710903168,45.5255012512,1.69675171375,41.8294296265,40.6339454651,116.553665161,31.3522377014,24.7193183899,10.6960611343,21.6359634399],[183.078567505,-78.0867843628,31.5974025726,25.5656509399,-8.418592453,28.4307727814,-12.4128332138,33.1416053772,31.3522377014,82.2269439697,9.7382478714,28.0990371704,0.581638336182],[-186.745803833,94.9621276855,29.8566551208,13.7799596786,35.2524299622,-8.4736661911,29.1814289093,-5.12258434296,24.7193183899,9.7382478714,82.0686035156,12.390376091,19.5241851807],[91.8291015625,-88.3215866089,23.4135074615,12.8865880966,0.108708642423,21.8486118317,0.670934557915,29.3016319275,10.6960611343,28.0990371704,12.390376091,74.1127319336,20.3125228882],[-97.5731887817,41.5831375122,14.6549386978,2.2560942173,23.1729812622,3.28592634201,24.7868766785,-2.76212048531,21.6359634399,0.581638336182,19.5241851807,20.3125228882,56.620098114]],"icov":[[0.000168355472852,-0.0000948007000261,0.0000747682424844,-0.000071185422712,0.000352877250407,-0.000403181533329,0.000247420626692,-0.000172165877302,0.00023505082936,-0.000259780470515,0.000161892952747,-0.000111872788693,0.00000265604103333],[-0.0000948007000261,0.000967694912106,0.000112282061309,-0.0000435903275502,-0.000291749136522,0.000486263772473,-0.000948721019085,0.000775543157943,-0.000440435687779,0.000398490461521,-0.000802347436547,0.000915491895285,-0.000244602066232],[0.0000747682424844,0.000112282061309,0.00305471732281,0.000235983869061,-0.00184769218322,-0.000423637888161,0.00130868598353,-0.000779723282903,-0.00113166612573,-0.000274145859294,-0.000492075807415,-0.000218628891162,0.0000995462251012],[-0.000071185422712,-0.0000435903275502,0.000235983869061,0.00730190286413,-0.0019483367214,-0.00114259624388,0.00140250369441,-0.00345875229686,0.000222946284339,-0.000666452106088,-0.00148512667511,0.000926688313484,-0.000260379427345],[0.000352877250407,-0.000291749136522,-0.00184769218322,-0.0019483367214,0.0105668026954,-0.000543131143786,-0.00367084448226,0.00150006625336,-0.000904327724129,0.000864967878442,-0.000718982832041,-0.000195959335542,-0.000579828745686],[-0.000403181533329,0.000486263772473,-0.000423637888161,-0.00114259624388,-0.000543131143786,0.0093959281221,-0.00479008257389,0.00182302598841,0.00106538541149,-0.00302398996428,0.0020505709108,-0.00150053086691,0.000421342003392],[0.000247420626692,-0.000948721019085,0.00130868598353,0.00140250369441,-0.00367084448226,-0.00479008257389,0.0154112577438,-0.00766138080508,-0.00158069992904,0.00455590384081,-0.00346170528792,0.00230253161862,-0.00368664087728],[-0.000172165877302,0.000775543157943,-0.000779723282903,-0.00345875229686,0.00150006625336,0.00182302598841,-0.00766138080508,0.0177757162601,-0.00397053221241,-0.00334489298984,0.00419253017753,-0.00578583404422,0.00515632750466],[0.00023505082936,-0.000440435687779,-0.00113166612573,0.000222946284339,-0.000904327724129,0.00106538541149,-0.00158069992904,-0.00397053221241,0.014492993243,-0.00581775372848,-0.000778670771979,0.00215996871702,-0.00416562287137],[-0.000259780470515,0.000398490461521,-0.000274145859294,-0.000666452106088,0.000864967878442,-0.00302398996428,0.00455590384081,-0.00334489298984,-0.00581775372848,0.0204838104546,-0.00388681748882,-0.0035584892612,0.00165060756262],[0.000161892952747,-0.000802347436547,-0.000492075807415,-0.00148512667511,-0.000718982832041,0.0020505709108,-0.00346170528792,0.00419253017753,-0.000778670771979,-0.00388681748882,0.0175346042961,-0.00395052554086,-0.00134166388307],[-0.000111872788693,0.000915491895285,-0.000218628891162,0.000926688313484,-0.000195959335542,-0.00150053086691,0.00230253161862,-0.00578583404422,0.00215996871702,-0.0035584892612,-0.00395052554086,0.0215377826244,-0.00912172254175],[0.00000265604103333,-0.000244602066232,0.0000995462251012,-0.000260379427345,-0.000579828745686,0.000421342003392,-0.00368664087728,0.00515632750466,-0.00416562287137,0.00165060756262,-0.00134166388307,-0.00912172254175,0.025218622759]],"mean":[-699.995239258,170.126296997,8.14130210876,21.4553413391,0.301950484514,15.0240850449,6.94710111618,10.427271843,-2.03644275665,6.92224168777,-0.541078388691,3.4834651947,-1.00997197628]},"pitch_salience":{"dmean":0.097666233778,"dmean2":0.159963235259,"dvar":0.00730890780687,"dvar2":0.0188775900751,"max":0.947474598885,"mean":0.493941903114,"median":0.509115040302,"min":0.0703154951334,"var":0.0239826776087},"silence_rate_20dB":{"dmean":0.00599315064028,"dmean2":0.0119875846431,"dvar":0.00595723278821,"dvar2":0.0150548424572,"max":1,"mean":0.995612621307,"median":1,"min":0,"var":0.00436812406406},"silence_rate_30dB":{"dmean":0.0826198607683,"dmean2":0.165257409215,"dvar":0.0757938176394,"dvar2":0.156999096274,"max":1,"mean":0.875976443291,"median":1,"min":0,"var":0.108641706407},"silence_rate_60dB":{"dmean":0.0149828763679,"dmean2":0.0299689602107,"dvar":0.0147583903745,"dvar2":0.0331380367279,"max":1,"mean":0.0536115579307,"median":0,"min":0,"var":0.0507373586297},"spectral_centroid":{"dmean":184.496795654,"dmean2":276.392791748,"dvar":65755.2578125,"dvar2":114588.601562,"max":10941.2128906,"mean":759.637634277,"median":636.009399414,"min":106.499702454,"var":252050.6875},"spectral_complexity":{"dmean":3.14619016647,"dmean2":4.55549621582,"dvar":11.2397584915,"dvar2":21.168466568,"max":53,"mean":13.9676828384,"median":14,"min":0,"var":54.3131332397},"spectral_contrast_coeffs":{"dmean":[0.0573371611536,0.0501470156014,0.0383753180504,0.0302852205932,0.0239267796278,0.0303498972207],"dmean2":[0.0939668565989,0.0840822383761,0.0641612559557,0.0501613914967,0.0387785211205,0.0471728518605],"dvar":[0.00210800953209,0.00163501140196,0.000957658223342,0.000601165695116,0.000447389873443,0.000868301664013],"dvar2":[0.00540387956426,0.00434765545651,0.00262014009058,0.00160260079429,0.00115031073801,0.0019981933292],"max":[-0.329765856266,-0.392259448767,-0.532391011715,-0.573098480701,-0.616695344448,-0.587803244591],"mean":[-0.702887833118,-0.781018972397,-0.811923384666,-0.824959456921,-0.845090806484,-0.788790881634],"median":[-0.71537822485,-0.793238162994,-0.817532062531,-0.830385506153,-0.843947172165,-0.787345528603],"min":[-0.968137979507,-0.969321012497,-0.967905163765,-0.984870910645,-0.97111171484,-0.958116769791],"var":[0.00766697898507,0.00520245824009,0.0026506211143,0.00244446308352,0.00164923584089,0.00353860948235]},"spectral_contrast_valleys":{"dmean":[0.421376436949,0.423425257206,0.377483695745,0.373286217451,0.42416369915,0.624559164047],"dmean2":[0.671806037426,0.665253102779,0.580706357956,0.558639883995,0.608248651028,0.921145617962],"dvar":[0.147606387734,0.155091702938,0.141483321786,0.144158139825,0.202326729894,0.296334713697],"dvar2":[0.303851753473,0.314892739058,0.2623000741,0.276366353035,0.415106505156,0.708909392357],"max":[-4.56894779205,-4.4708480835,-4.68487930298,-5.88639974594,-5.89058732986,-8.55661201477],"mean":[-6.75383281708,-6.57593631744,-7.05629253387,-7.8542470932,-8.19560337067,-11.0617332458],"median":[-6.51190710068,-6.42357301712,-6.8686709404,-7.62419033051,-7.96455430984,-10.9004144669],"min":[-27.4615383148,-27.3718910217,-27.1792163849,-27.3764629364,-27.2405929565,-27.3433361053],"var":[1.76639103889,1.49227702618,1.54259264469,1.49626922607,1.51412975788,1.43294012547]},"spectral_decrease":{"dmean":7.21806037163e-9,"dmean2":1.13676978941e-8,"dvar":2.54596372256e-16,"dvar2":6.18935444888e-16,"max":3.01168001648e-9,"mean":-1.18674670091e-8,"median":-7.28386995164e-9,"min":-2.13814431049e-7,"var":2.92297411691e-16},"spectral_energy":{"dmean":0.0286313071847,"dmean2":0.0445903092623,"dvar":0.00360285537317,"dvar2":0.0087064485997,"max":0.817146837711,"mean":0.0569888576865,"median":0.0401188209653,"min":1.04685142969e-20,"var":0.00451046926901},"spectral_energyband_high":{"dmean":0.00016535758914,"dmean2":0.000221742870053,"dvar":1.08173253466e-7,"dvar2":1.93167693396e-7,"max":0.00772447744384,"mean":0.000282013992546,"median":0.000109350316052,"min":7.69198240449e-21,"var":2.41133136569e-7},"spectral_energyband_low":{"dmean":0.0207630172372,"dmean2":0.0338150672615,"dvar":0.00244789710268,"dvar2":0.00627205334604,"max":0.710556089878,"mean":0.0319996476173,"median":0.016089014709,"min":7.01550663755e-23,"var":0.00258243549615},"spectral_energyband_middle_high":{"dmean":0.00147776049562,"dmean2":0.00223225494847,"dvar":0.00000650480160402,"dvar2":0.0000147422706505,"max":0.0502814203501,"mean":0.00314522767439,"median":0.0015320823295,"min":1.45772730725e-21,"var":0.000018692591766},"spectral_energyband_middle_low":{"dmean":0.00687335012481,"dmean2":0.0104243559763,"dvar":0.000141859884025,"dvar2":0.000329499889631,"max":0.187283784151,"mean":0.0128113850951,"median":0.0061880168505,"min":2.53293543144e-22,"var":0.000296749174595},"spectral_entropy":{"dmean":0.256533563137,"dmean2":0.385588288307,"dvar":0.0583274737,"dvar2":0.13597984612,"max":9.79710006714,"mean":7.3405919075,"median":7.37243890762,"min":4.95174360275,"var":0.240680158138},"spectral_flux":{"dmean":0.0424488857388,"dmean2":0.0672350823879,"dvar":0.00343435653485,"dvar2":0.00751120969653,"max":0.777259111404,"mean":0.123047195375,"median":0.105107150972,"min":1.02315760031e-10,"var":0.00740184914321},"spectral_kurtosis":{"dmean":6.42403459549,"dmean2":9.81593704224,"dvar":68.7981185913,"dvar2":175.305648804,"max":141.518386841,"mean":17.2276744843,"median":14.1453037262,"min":-1.25801110268,"var":142.426422119},"spectral_rms":{"dmean":0.00157211034093,"dmean2":0.00234454264864,"dvar":0.00000453855727756,"dvar2":0.00000952431309997,"max":0.0282350219786,"mean":0.00656425254419,"median":0.00625622225925,"min":3.19580733404e-12,"var":0.000012509476619},"spectral_rolloff":{"dmean":4132.56347656,"dmean2":7986.08056641,"dvar":61174172,"dvar2":146616656,"max":22028.4667969,"mean":9222.875,"median":1335.05859375,"min":21.533203125,"var":103380448},"spectral_skewness":{"dmean":0.534274458885,"dmean2":0.787863910198,"dvar":0.342839479446,"dvar2":0.830650687218,"max":9.90044498444,"mean":2.92893266678,"median":2.76443624496,"min":-0.0127338683233,"var":1.02741861343},"spectral_spread":{"dmean":694838.6875,"dmean2":1051205.125,"dvar":596461486080,"dvar2":1082572537860,"max":41141792,"mean":4150647.75,"median":3969469,"min":1269380,"var":1942864003070},"spectral_strongpeak":{"dmean":3.02045702934,"dmean2":5.64137220383,"dvar":128.494293213,"dvar2":355.651611328,"max":134.375778198,"mean":2.68810319901,"median":0.256471723318,"min":0,"var":113.300018311},"zerocrossingrate":{"dmean":0.0424513109028,"dmean2":0.0530488863587,"dvar":0.00145822542254,"dvar2":0.00211028265767,"max":0.66943359375,"mean":0.223305404186,"median":0.19970703125,"min":0.01513671875,"var":0.0144750829786}},"metadata":{"audio_properties":{"analysis_sample_rate":44100,"bit_rate":239369,"codec":"mp3","downmix":"mix","equal_loudness":0,"length":216.947998047,"lossless":false,"md5_encoded":"99aeb480403abc15b83bacdbc85fc9b8","replay_gain":0.719789505005,"sample_rate":44100},"tags":{"acoustid_id":["5de6d5d6-b8ff-4489-ae7c-0d45aa82032d"],"album":["Brothers"],"albumartist":["The Black Keys"],"artist":["The Black Keys"],"date":["2010"],"discnumber":["1/1"],"file_name":"11 - The Black Keys - The Go Getter.mp3","musicbrainz_albumartistid":["d15721d8-56b4-453d-b506-fc915b14cba2"],"musicbrainz_albumid":["6ba8fde9-a0b9-4b93-a626-f2c2f5d698ae"],"musicbrainz_artistid":["d15721d8-56b4-453d-b506-fc915b14cba2"],"musicbrainz_recordingid":["2ce6b348-9a3c-4dbe-83d4-b8b9e55d1b0b"],"musicbrainz_releasegroupid":["2a2b851c-bba6-4584-80c0-19af4a55e286"],"replaygain_album_gain":["+0.26 dB"],"replaygain_album_peak":["0.384602"],"replaygain_track_gain":["+1.23 dB"],"replaygain_track_peak":["0.366474"],"title":["The Go Getter"],"tracknumber":["11/16"]},"version":{"essentia":"2.1-beta1","essentia_build_sha":"e76a03f03bb3900de42a1fa0d9be1e72f12def64","essentia_git_sha":"v2.1_beta1-28-g21ef5f4-dirty","extractor":"music 1.0"}},"rhythm":{"beats_count":575,"beats_loudness":{"dmean":0.0818562060595,"dmean2":0.142696157098,"dvar":0.00499054137617,"dvar2":0.0134964985773,"max":0.411694347858,"mean":0.099203132093,"median":0.0782825425267,"min":1.9931614692e-10,"var":0.00577176036313},"beats_loudness_band_ratio":{"dmean":[0.293270796537,0.121769949794,0.0889536440372,0.0644803345203,0.0193317290395,0.0855808034539],"dmean2":[0.503009796143,0.215414762497,0.157422617078,0.116510361433,0.034189902246,0.150363519788],"dvar":[0.0439813621342,0.0189444571733,0.00771577423438,0.0038516742643,0.000642948958557,0.00993044395],"dvar2":[0.123250380158,0.0531020388007,0.0215083658695,0.0106253428385,0.00187815632671,0.0273023825139],"max":[0.981421351433,0.747630238533,0.6570586562