{"lowlevel":{"average_loudness":0.346955835819,"barkbands":{"dmean":[0.00254018837586,0.00908607523888,0.00338918878697,0.00123477575835,0.00149768881965,0.00176376593299,0.000597400648985,0.000345815060427,0.000347163324477,0.000360574427759,0.000281360174995,0.000411158805946,0.000271674565738,0.000228844670346,0.000173932538019,0.00011147276382,0.0000980093536782,0.0000899751539691,0.0000936445285333,0.0000874677643878,0.000065582942625,0.0000369493282051,0.0000308469825541,0.00000639374184175,0.00000226005158765,0.0000219695193664,0.000176932007889],"dmean2":[0.00436657387763,0.0147650605068,0.00561199430376,0.00204204907641,0.0024130360689,0.00266383145936,0.000956779404078,0.000567753915675,0.00056421814952,0.000594105746131,0.000458358263131,0.00067819270771,0.000450838328106,0.000373765185941,0.000285321933916,0.000180570132216,0.000155206536874,0.000140907533932,0.000140079151606,0.000127964318381,0.000093908944109,0.000050955619372,0.0000413777597714,0.00000973649548541,0.00000380865640182,0.0000292631375487,0.000236598483752],"dvar":[0.0000335191398335,0.000259232940152,0.000040057078877,0.00000739696815799,0.0000102852618511,0.0000261319037236,0.00000255031886809,0.00000106681966372,8.55552571011e-7,0.00000108282290512,5.51469270249e-7,0.00000128745284655,6.26039934559e-7,2.70849767503e-7,1.61639391649e-7,4.79314010704e-8,5.1353435282e-8,5.41874989324e-8,6.54239897813e-8,7.29732221316e-8,3.02851859146e-8,9.95727855724e-9,7.63862129105e-9,3.32771726841e-10,2.53725183225e-11,3.59863716604e-9,1.43581488032e-7],"dvar2":[0.0000909184018383,0.000662079604808,0.000107786952867,0.0000192321404029,0.0000254788064922,0.0000531310106453,0.00000610048846283,0.00000267434143097,0.00000210227813113,0.00000277253298009,0.00000141776001783,0.00000345367288901,0.00000169195618582,7.18512978892e-7,4.13026583601e-7,1.21856572832e-7,1.26875832507e-7,1.24013737945e-7,1.3861945547e-7,1.41026916367e-7,6.07661121421e-8,1.88006588075e-8,1.32291031463e-8,7.30181026753e-10,6.67450261727e-11,6.22126972161e-9,2.44182530196e-7],"max":[0.103438280523,0.274809956551,0.119912177324,0.0795831009746,0.0773822814226,0.135258629918,0.0494170933962,0.0292167123407,0.029287153855,0.0347141139209,0.0250178966671,0.0273290853947,0.0292647425085,0.0119457188994,0.013874264434,0.00414551561698,0.00577255897224,0.00658972561359,0.00799894984812,0.0158729497343,0.00541563285515,0.00342114921659,0.00216150889173,0.000584427732974,0.0000899068181752,0.0015760040842,0.0124760195613],"mean":[0.00267101707868,0.0154798366129,0.00530930189416,0.00158910651226,0.00223503354937,0.00278655672446,0.000910512462724,0.000449974206276,0.000483363168314,0.000518400454894,0.000415608432377,0.000609252136201,0.000380227254936,0.000360197620466,0.000286799942842,0.000208236757317,0.000186686680536,0.000175392779056,0.000183580530575,0.000178033238626,0.00013673347712,0.0000755944347475,0.0000537013038411,0.00000819584056444,0.00000222846074394,0.0000386983083445,0.000675220857374],"median":[0.000525140319951,0.00471463100985,0.00133392505813,0.000506142270751,0.000608483213,0.000226388729061,0.000139180279803,0.0000797446991783,0.0000933562114369,0.000109646702185,0.0000756155786803,0.00011837623606,0.0000845503091114,0.0000875690457178,0.0000767845340306,0.0000533231068403,0.0000393642476411,0.0000244709081016,0.0000195222582988,0.0000175537861651,0.0000127385410451,0.00000828787051432,0.00000500076839671,9.92891841634e-7,3.81348172596e-7,0.00000448512173534,0.000175831955858],"min":[1.81495410158e-25,2.86360965659e-24,8.14914565034e-25,1.25891156421e-24,8.40420144011e-24,7.36679886265e-24,9.7696541916e-24,1.224882708e-23,1.07755259987e-23,1.55709152005e-23,1.08071254e-23,2.22374240938e-23,2.59359842484e-23,3.06525694012e-23,6.22732225944e-23,5.95679724258e-23,7.96996648618e-23,7.70150702271e-23,1.31448347021e-22,1.59412494234e-22,2.40183053552e-22,3.01303289669e-22,3.9598348623e-22,5.62773016375e-22,8.1815442821e-22,1.37155946259e-21,1.77693844628e-21],"var":[0.0000350775226252,0.000571612501517,0.000075443625974,0.00000957813062996,0.0000203230665647,0.0000662877064315,0.00000482689529235,0.00000145046283251,0.0000013064053519,0.00000158980026299,7.97979282652e-7,0.00000173353703303,6.52270387036e-7,4.33454346194e-7,2.85862142846e-7,1.15572341031e-7,1.20591849395e-7,1.34553260978e-7,1.52893051109e-7,1.78354824243e-7,8.77591403992e-8,2.8110759942e-8,1.81117538745e-8,4.93905250032e-10,2.56818507433e-11,8.5336173683e-9,0.00000121661287267]},"barkbands_crest":{"dmean":3.08111548424,"dmean2":5.03228569031,"dvar":6.81294298172,"dvar2":18.0398368835,"max":25.9101905823,"mean":13.051112175,"median":12.7886476517,"min":2.72680878639,"var":20.4339046478},"barkbands_flatness_db":{"dmean":0.0354800783098,"dmean2":0.0561887919903,"dvar":0.00103438016959,"dvar2":0.00266386591829,"max":0.520798802376,"mean":0.191356748343,"median":0.181316763163,"min":0.0304803680629,"var":0.00686676288024},"barkbands_kurtosis":{"dmean":13.9044046402,"dmean2":22.3497600555,"dvar":643.456787109,"dvar2":1696.99975586,"max":652.216369629,"mean":28.8386192322,"median":15.0355195999,"min":-1.76719355583,"var":1660.63256836},"barkbands_skewness":{"dmean":0.973329007626,"dmean2":1.53741979599,"dvar":1.00384092331,"dvar2":2.49534630775,"max":22.1562747955,"mean":3.68172764778,"median":3.25415754318,"min":-2.15483379364,"var":4.84211730957},"barkbands_spread":{"dmean":5.5319647789,"dmean2":8.47846221924,"dvar":49.8078918457,"dvar2":109.518997192,"max":123.938179016,"mean":18.1514492035,"median":11.3089284897,"min":0.261728823185,"var":355.171142578},"dissonance":{"dmean":0.0176636930555,"dmean2":0.0297383628786,"dvar":0.00030338804936,"dvar2":0.000828085758258,"max":0.500000119209,"mean":0.469563812017,"median":0.475352168083,"min":0.322841852903,"var":0.000556215236429},"dynamic_complexity":8.79134368896,"erbbands":{"dmean":[0.283839374781,2.11961221695,4.30412626266,3.68947720528,4.53047847748,4.62707328796,9.90683364868,15.2106084824,9.67430019379,8.20744895935,7.239818573,7.6955037117,9.94931030273,11.1974782944,11.3778123856,16.3427371979,12.022813797,11.5145635605,10.1826524734,7.46804952621,5.44323158264,5.47381591797,4.88322687149,4.64647483826,4.5197520256,4.15931653976,3.2466275692,2.25663590431,1.39787554741,1.09402132034,0.841698229313,0.284883081913,0.0411001555622,0.0254151020199,0.0160658285022,0.0100855398923,0.0453994236887,0.0459719337523,0.0194675046951,0.00388461491093],"dmean2":[0.472462892532,3.44945478439,7.05159807205,6.00686073303,7.46891212463,7.56109905243,15.4027872086,23.1079502106,15.2195911407,13.2137670517,11.7190113068,12.5581264496,16.2756347656,18.3480930328,18.2655410767,27.0404891968,19.7864875793,18.7438545227,16.5498714447,12.2345399857,8.71293449402,8.59695148468,7.56128025055,7.00307846069,6.76470279694,6.11096954346,4.72470855713,3.23775219917,1.9499078989,1.49163973331,1.1496566534,0.397588729858,0.0674252063036,0.0428261719644,0.0270178765059,0.0163929052651,0.060633867979,0.0586753450334,0.0259876269847,0.00549841858447],"dvar":[0.290764957666,14.4043903351,62.6437072754,57.2796173096,91.9373931885,122.433303833,900.103637695,2351.89868164,879.67565918,464.959289551,561.175720215,451.341033936,1112.80371094,808.071228027,758.052246094,2163.13549805,1174.72558594,802.744262695,636.292907715,237.660949707,114.082969666,168.035766602,167.770065308,150.245574951,159.748733521,165.033920288,83.0472640991,33.2813644409,14.4711732864,9.14859485626,6.05052757263,0.705088973045,0.00764297926798,0.00323466095142,0.00126571406145,0.000428330007708,0.016310159117,0.0146313235164,0.00206962693483,0.0000630144932074],"dvar2":[0.769050061703,36.3055648804,165.367111206,147.054290771,232.938995361,308.566864014,1953.41577148,4763.32373047,2035.45141602,1119.7845459,1329.18969727,1125.57287598,2840.11743164,2104.82543945,1939.4029541,5839.24023438,3173.82666016,2122.43286133,1680.86962891,613.695129395,283.97064209,410.167266846,381.744537354,325.475402832,331.778564453,334.128662109,167.484069824,67.2093887329,28.8528347015,16.412481308,10.9219455719,1.31103348732,0.0195563118905,0.0085134357214,0.00332571030594,0.00109078036621,0.0282861478627,0.0240712668747,0.00359039474279,0.00011953527428],"max":[13.8577919006,69.2115249634,148.108306885,220.174484253,214.299850464,287.756286621,787.621704102,1296.09094238,1093.96276855,912.46887207,792.758361816,591.058837891,1200.00769043,883.071594238,728.330444336,1242.56518555,1201.20935059,1061.55847168,926.060424805,256.219177246,238.581817627,343.188140869,415.461425781,382.988586426,377.966400146,774.03918457,327.922607422,130.617965698,130.926742554,69.5134735107,64.4113540649,21.9673461914,1.50993800163,1.02014100552,0.631489634514,0.345766752958,3.16429066658,3.10180807114,1.24392664433,0.253504484892],"mean":[0.407001852989,3.51174926758,7.22948980331,5.64604139328,6.18184137344,6.72606801987,15.5950202942,23.1677513123,15.4267625809,12.2849273682,10.0240345001,10.8358030319,14.4878530502,17.2113399506,19.0090198517,24.4084758759,18.0285663605,18.5306339264,17.2482719421,13.3754854202,10.8944263458,10.8537654877,9.76865768433,9.32872867584,8.94337463379,8.4081993103,6.7072467804,4.65609121323,2.86365675926,2.04110813141,1.41438734531,0.424451619387,0.0473070479929,0.0253044534475,0.0162254795432,0.0126596046612,0.0781488716602,0.103515893221,0.0623468980193,0.0176737625152],"median":[0.134512126446,0.951341986656,1.91906738281,1.97649240494,2.13894057274,1.62128353119,1.47291922569,1.93939733505,2.26905536652,2.05640745163,1.96225047112,2.16904211044,3.05405902863,4.13663768768,3.86535644531,5.17240333557,4.34207439423,4.71796894073,4.79528427124,3.8282661438,2.93699932098,2.35468506813,1.57083487511,1.07412695885,0.928929924965,0.805770635605,0.613498687744,0.453173279762,0.317387998104,0.213609158993,0.129201173782,0.0418372862041,0.00977568514645,0.00467254035175,0.00303443381563,0.00308051239699,0.00860508531332,0.0125431371853,0.00838061608374,0.00858466513455],"min":[7.62921644044e-23,4.36529321171e-22,1.52104196508e-21,2.80283728605e-21,1.05212680636e-20,2.6035999303e-20,4.08126358278e-20,7.82523393103e-20,1.43737507757e-19,2.06087706919e-19,2.42972517614e-19,3.64775457348e-19,3.4805208841e-19,6.648822446e-19,9.24886359327e-19,1.37409340842e-18,1.57872196874e-18,1.99357496622e-18,2.4754304205e-18,4.03670094626e-18,3.66801455313e-18,5.24089145686e-18,5.07854278599e-18,4.96707234023e-18,9.13692372252e-18,8.90976007398e-18,1.03937336734e-17,8.82108962103e-18,1.12774868224e-17,1.1195569472e-17,1.19731093216e-17,1.21693918364e-17,9.50297844053e-18,8.27638374304e-18,5.69442383338e-18,4.133401255e-18,2.42360093768e-18,9.89507466539e-19,2.30560103836e-19,2.74906917298e-20],"var":[0.458581954241,32.3821372986,134.256759644,91.1144638062,129.163116455,229.349868774,2427.76220703,5527.88085938,2200.43505859,880.254638672,790.507446289,668.265014648,1457.54309082,1271.93225098,1345.6628418,2772.09619141,1312.16699219,1144.07885742,1097.44213867,477.448944092,314.935882568,410.020690918,406.580413818,374.783294678,377.080993652,386.274871826,228.08946228,97.7762832642,39.5933151245,22.931722641,13.2988538742,1.35475313663,0.00916413869709,0.0032725429628,0.00130053714383,0.000556156795938,0.0370612218976,0.0469033941627,0.0126616144553,0.00062269566115]},"erbbands_crest":{"dmean":2.53980112076,"dmean2":4.13369226456,"dvar":5.92179822922,"dvar2":14.3285322189,"max":29.0825099945,"mean":8.30637741089,"median":7.26253318787,"min":2.02568340302,"var":17.0172176361},"erbbands_flatness_db":{"dmean":0.0251837074757,"dmean2":0.0400621406734,"dvar":0.000575495010708,"dvar2":0.00151984777767,"max":0.32117754221,"mean":0.134081825614,"median":0.127858877182,"min":0.0269517786801,"var":0.00160745263565},"erbbands_kurtosis":{"dmean":1.14643168449,"dmean2":1.85478210449,"dvar":4.3937163353,"dvar2":11.5183229446,"max":47.9834861755,"mean":0.652293145657,"median":-0.0949119329453,"min":-1.8439874649,"var":7.41395235062},"erbbands_skewness":{"dmean":0.404172539711,"dmean2":0.61773788929,"dvar":0.15860798955,"dvar2":0.37108078599,"max":5.96056032181,"mean":0.365433186293,"median":0.238920152187,"min":-3.86507320404,"var":0.831217825413},"erbbands_spread":{"dmean":8.01656532288,"dmean2":12.5727005005,"dvar":53.9830436707,"dvar2":133.138061523,"max":111.50340271,"mean":36.942527771,"median":35.6121673584,"min":3.79118680954,"var":186.087341309},"gfcc":{"cov":[[36196.2734375,-2051.60717773,-3422.00927734,501.382019043,-514.345092773,-1505.72216797,1085.92358398,-1419.14355469,916.536254883,168.031082153,-262.032867432,1023.16149902,-666.116271973],[-2051.60717773,1148.48999023,391.351287842,-294.810638428,165.22807312,244.942596436,-166.163314819,80.5564117432,-130.135055542,-36.4442405701,77.6552734375,-163.351547241,151.174468994],[-3422.00927734,391.351287842,709.551818848,-14.0785341263,-22.5631198883,324.318206787,-207.730545044,208.052642822,-134.648742676,-1.45065379143,24.6924476624,-119.999847412,83.8553085327],[501.382019043,-294.810638428,-14.0785341263,283.372497559,9.21059036255,-75.7392959595,71.1547241211,-4.01272153854,14.1001386642,-3.60135626793,-26.4523620605,36.5931015015,-46.7985992432],[-514.345092773,165.22807312,-22.5631198883,9.21059036255,217.461532593,9.09665584564,62.4551620483,-10.9008951187,-13.1420717239,-24.3519611359,23.8522148132,-40.3466110229,28.0053520203],[-1505.72216797,244.942596436,324.318206787,-75.7392959595,9.09665584564,367.467956543,-113.176689148,112.754104614,-97.9322967529,10.7388982773,4.17153739929,-66.7057342529,52.2406692505],[1085.92358398,-166.163314819,-207.730545044,71.1547241211,62.4551620483,-113.176689148,224.826980591,-66.2725753784,83.8978500366,-12.7264060974,-10.8904571533,47.2177772522,-63.3333702087],[-1419.14355469,80.5564117432,208.052642822,-4.01272153854,-10.9008951187,112.754104614,-66.2725753784,199.418762207,-30.0419578552,21.6788864136,21.0645294189,-72.2108840942,41.3194923401],[916.536254883,-130.135055542,-134.648742676,14.1001386642,-13.1420717239,-97.9322967529,83.8978500366,-30.0419578552,145.518615723,39.1758766174,-4.00441026688,51.7711906433,-47.5099182129],[168.031082153,-36.4442405701,-1.45065379143,-3.60135626793,-24.3519611359,10.7388982773,-12.7264060974,21.6788864136,39.1758766174,71.9642028809,27.8534946442,12.9904975891,5.1804189682],[-262.032867432,77.6552734375,24.6924476624,-26.4523620605,23.8522148132,4.17153739929,-10.8904571533,21.0645294189,-4.00441026688,27.8534946442,64.4392623901,7.6627907753,23.7810134888],[1023.16149902,-163.351547241,-119.999847412,36.5931015015,-40.3466110229,-66.7057342529,47.2177772522,-72.2108840942,51.7711906433,12.9904975891,7.6627907753,107.987213135,-16.9833660126],[-666.116271973,151.174468994,83.8553085327,-46.7985992432,28.0053520203,52.2406692505,-63.3333702087,41.3194923401,-47.5099182129,5.1804189682,23.7810134888,-16.9833660126,94.4500808716]],"icov":[[0.0000792263817857,-0.000177803070983,0.000391340494389,-0.000242618887569,0.000266422925051,-0.0000912187679205,-0.000045522738219,0.000133701993036,-0.0000256529256148,-0.000256689294474,0.000233819882851,-0.000300413288642,0.000146405436681],[-0.000177803070983,0.00293958396651,-0.00194416521117,0.00215493980795,-0.00142181653064,-0.000229174285778,0.00030108896317,0.00140118913259,-0.00123854272533,0.00263074901886,-0.00327045843005,0.00351460371166,-0.00233980105259],[0.000391340494389,-0.00194416521117,0.00633549969643,-0.0037361336872,0.00303077464923,-0.00314737483859,0.00151683483273,-0.000838041887619,-0.0011479286477,0.00104383286089,-0.00106229097582,0.000166920683114,0.000284423818812],[-0.000242618887569,0.00215493980795,-0.0037361336872,0.00833396147937,-0.00441591674462,0.00315311551094,-0.00122237741016,-0.00234014401212,0.00421097921208,-0.00294045219198,0.00427572662011,-0.00371078285389,0.00259127514437],[0.000266422925051,-0.00142181653064,0.00303077464923,-0.00441591674462,0.0113914022222,-0.00307304761373,-0.0033806276042,0.00399948330596,-0.00410893792287,0.00512466579676,-0.00742820650339,0.0077137821354,-0.00550922285765],[-0.0000912187679205,-0.000229174285778,-0.00314737483859,0.00315311551094,-0.00307304761373,0.00717760017142,-0.000469193269964,-0.00298741692677,0.00571150286123,-0.00609535071999,0.00649154512212,-0.00458655972034,0.0027617693413],[-0.000045522738219,0.00030108896317,0.00151683483273,-0.00122237741016,-0.0033806276042,-0.000469193269964,0.0100608533248,-0.000700451841112,-0.00394372874871,0.00384752475657,-0.00145392492414,-0.00135443906765,0.00348703702912],[0.000133701993036,0.00140118913259,-0.000838041887619,-0.00234014401212,0.00399948330596,-0.00298741692677,-0.000700451841112,0.013041973114,-0.00576492259279,0.00262330938131,-0.00792954396456,0.0113916257396,-0.00642282376066],[-0.0000256529256148,-0.00123854272533,-0.0011479286477,0.00421097921208,-0.00410893792287,0.00571150286123,-0.00394372874871,-0.00576492259279,0.0209359135479,-0.0162413325161,0.0123569220304,-0.0120164165273,0.00899385940284],[-0.000256689294474,0.00263074901886,0.00104383286089,-0.00294045219198,0.00512466579676,-0.00609535071999,0.00384752475657,0.00262330938131,-0.0162413325161,0.0340826027095,-0.0216932315379,0.0107951918617,-0.00775645440444],[0.000233819882851,-0.00327045843005,-0.00106229097582,0.00427572662011,-0.00742820650339,0.00649154512212,-0.00145392492414,-0.00792954396456,0.0123569220304,-0.0216932315379,0.0374508984387,-0.0182937327772,0.00573799712583],[-0.000300413288642,0.00351460371166,0.000166920683114,-0.00371078285389,0.0077137821354,-0.00458655972034,-0.00135443906765,0.0113916257396,-0.0120164165273,0.0107951918617,-0.0182937327772,0.0310255400836,-0.0118247196078],[0.000146405436681,-0.00233980105259,0.000284423818812,0.00259127514437,-0.00550922285765,0.0027617693413,0.00348703702912,-0.00642282376066,0.00899385940284,-0.00775645440444,0.00573799712583,-0.0118247196078,0.0230291374028]],"mean":[-99.6124649048,106.124313354,-67.357635498,8.53553581238,-3.33540177345,-5.17598342896,4.27937459946,-17.2872943878,-2.79084682465,-7.31305265427,-3.91299247742,-2.08271861076,-8.77158260345]},"hfc":{"dmean":38.4141578674,"dmean2":56.5240783691,"dvar":6193.98095703,"dvar2":12120.7548828,"max":2711.22412109,"mean":132.462127686,"median":79.7207565308,"min":1.07736019768e-16,"var":31868.921875},"melbands":{"dmean":[0.00248198816553,0.00240660202689,0.000623516156338,0.000320816674503,0.000311482057441,0.000337332690833,0.000138014976983,0.000084857980255,0.0000601943938818,0.0000488998121,0.0000509070014232,0.0000468201797048,0.0000393192203774,0.0000469562837679,0.0000349013680534,0.0000264154732577,0.0000218733221118,0.000018384112991,0.0000120818212963,0.00000915957571124,0.00000641203132545,0.0000060793809098,0.00000519855348102,0.00000449953267889,0.00000399040845878,0.0000038725934246,0.00000305983030557,0.0000029114080462,0.00000229638749261,0.0000017887565491,0.00000128530916754,8.79345179783e-7,6.77004720728e-7,6.23858738891e-7,5.26386600086e-7,3.91981643588e-7,9.01251198115e-8,2.66042086139e-8,2.33345485157e-8,2.07222079496e-8],"dmean2":[0.00407848553732,0.00389103428461,0.00101080175955,0.000520359433722,0.000487105135107,0.000509211968165,0.000217894164962,0.000137437236845,0.000096816351288,0.0000798787295935,0.0000833896265249,0.0000769260659581,0.0000635687974864,0.0000774289947003,0.0000578848739679,0.0000439060859208,0.0000357684293704,0.0000301030777337,0.0000197931894945,0.0000150165997184,0.0000104371492853,0.00000972586713033,0.00000819427805254,0.00000710712856744,0.00000614577311353,0.00000594069933868,0.00000464255435872,0.00000435050469605,0.00000347869718098,0.0000026542049909,0.00000191032336261,0.00000127735825117,9.6113581094e-7,8.70341523296e-7,7.3770797826e-7,5.42573445728e-7,1.34952372832e-7,4.49505392908e-8,3.94134147541e-8,3.49523681109e-8],"dvar":[0.0000202675091714,0.0000179732869583,0.00000148090487073,4.57128521703e-7,7.56695669679e-7,0.00000104566026948,1.64664044178e-7,4.90841927103e-8,3.72891264533e-8,1.78329990774e-8,2.87248465014e-8,1.41589913127e-8,9.64779367507e-9,1.61100235374e-8,9.43120603836e-9,6.57199450416e-9,2.65678390399e-9,2.12021156187e-9,7.32355454058e-10,3.38382655229e-10,1.67594466083e-10,2.00272978756e-10,1.92073121297e-10,1.38354550039e-10,1.12949267994e-10,1.14182226174e-10,9.27792009886e-11,8.2494518161e-11,4.51040524374e-11,2.41100750475e-11,1.06647104342e-11,6.08156233706e-12,3.56190077433e-12,3.00268187051e-12,2.40971327094e-12,1.38347883497e-12,6.6060424817e-14,3.60621185623e-15,2.75671954882e-15,2.15140015855e-15],"dvar2":[0.0000526873081981,0.0000459666371171,0.00000378002391699,0.00000114803356155,0.00000168897975072,0.00000212560144064,3.80583117021e-7,1.21540836062e-7,8.59098534534e-8,4.49009220915e-8,7.32872607045e-8,3.67470782692e-8,2.45630307205e-8,4.26724824365e-8,2.53858392085e-8,1.78976033993e-8,6.98507740537e-9,5.73460878783e-9,1.86609594444e-9,8.76468564392e-10,4.26616769689e-10,5.03014019326e-10,4.49045856055e-10,3.37766259406e-10,2.54158138979e-10,2.52160292646e-10,1.98741037516e-10,1.75455650009e-10,9.6961827456e-11,5.20436124751e-11,2.27269349173e-11,1.3179905084e-11,7.056816069e-12,5.62429746873e-12,4.60404891295e-12,2.56173684696e-12,1.39082728624e-13,9.50165730736e-15,7.26222586163e-15,5.66324788578e-15],"max":[0.0846473276615,0.0660538226366,0.0325753986835,0.0133470576257,0.020736515522,0.0294859092683,0.0155379939824,0.00843762326986,0.00705769192427,0.00367619120516,0.00613098312169,0.00391896348447,0.00293626263738,0.00305326539092,0.00268414639868,0.00330594857223,0.00162424042355,0.00179608899634,0.000938006327488,0.000321844476275,0.000322349602357,0.000371075351723,0.000480724091176,0.000344964093529,0.000344887695974,0.000326683191815,0.000439063733211,0.000531550089363,0.000273579847999,0.000135827067425,0.0000680486045894,0.0000993762732833,0.0000542997368029,0.0000381973477488,0.0000430369800597,0.0000273532295978,0.00000731889713279,0.00000107404798655,9.43092345551e-7,8.31748309338e-7],"mean":[0.00411300873384,0.00430043973029,0.0010160257807,0.000455625384348,0.000497489934787,0.000527344702277,0.000221856709686,0.000122908080812,0.0000807824690128,0.0000675874616718,0.000072227921919,0.0000693810652592,0.0000617847617832,0.000069508991146,0.0000496222855872,0.0000370456837118,0.0000337783785653,0.0000289103063551,0.000019760489522,0.0000160622967087,0.0000118271082101,0.0000112105835797,0.00000969771463133,0.00000828683914733,0.00000735345702196,0.0000070915912147,0.00000570666679778,0.00000556191071155,0.00000444432180302,0.00000338134850608,0.00000245459523285,0.00000169502652625,0.0000012406649148,0.00000108676294985,8.582967439e-7,5.94477228333e-7,1.17243970976e-7,2.5474873766e-8,2.25137810617e-8,2.02340064703e-8],"median":[0.00130968971644,0.00124839344062,0.000398919102736,0.000143185447087,0.0000544088616152,0.0000452280364698,0.0000329748072545,0.0000204387870326,0.0000145740850712,0.0000129703730636,0.0000142367971421,0.000016080277419,0.0000115530529001,0.00001321509626,0.0000111401477625,0.00000782403003541,0.00000782562074164,0.00000735073035685,0.00000533616685061,0.00000410827033193,0.00000296265284305,0.00000231008425544,0.00000170600833371,9.98509904093e-7,8.14331485799e-7,7.04914270955e-7,5.98176541189e-7,4.99374152696e-7,3.81476468192e-7,2.99954137972e-7,2.31371870996e-7,1.7960326204e-7,1.30309501856e-7,1.04423278913e-7,7.61048326581e-8,4.34376978831e-8,1.32787292273e-8,4.05862587982e-9,3.66011798647e-9,3.38315686577e-9],"min":[1.33380010209e-24,7.90137134254e-25,8.30134995251e-25,1.15008682182e-24,1.55238882437e-24,1.46240523585e-24,2.18080025324e-24,2.91696110847e-24,1.73725216523e-24,1.72307061552e-24,1.43286002837e-24,2.43968211701e-24,1.85874956362e-24,2.27366002862e-24,2.93263360529e-24,3.12441259389e-24,3.05087774131e-24,2.38670241584e-24,3.88043203633e-24,3.95520500609e-24,3.6808928258e-24,4.99208259662e-24,3.84581090335e-24,3.14281454944e-24,3.58014187757e-24,4.62270242206e-24,5.81818128645e-24,4.6017747311e-24,6.19617542767e-24,5.10255428336e-24,4.3227037474e-24,4.85191660769e-24,5.63185431279e-24,5.2514632177e-24,6.06868682791e-24,5.50712120417e-24,6.04811688538e-24,6.56710255847e-24,6.91441868794e-24,6.3180205165e-24],"var":[0.0000401920697186,0.0000438935239799,0.00000253165376307,7.08733807642e-7,0.00000209762356462,0.00000259314469986,4.2314590587e-7,8.88889815087e-8,5.42658149527e-8,2.59621781851e-8,3.75297055655e-8,2.21397904454e-8,1.5750657667e-8,2.3231271129e-8,1.08528519505e-8,6.56387610931e-9,3.92610699507e-9,3.35232375193e-9,1.26421761948e-9,7.15877301882e-10,4.0655198652e-10,4.4892048412e-10,4.03840405561e-10,3.23435139782e-10,2.46824782835e-10,2.45184761383e-10,1.87159829301e-10,1.76221440218e-10,1.08120006004e-10,5.83825279787e-11,2.79951287846e-11,1.46914893445e-11,8.35004461408e-12,6.89704283269e-12,4.96304516581e-12,2.73514566031e-12,1.0401305739e-13,3.57138016738e-15,2.74361954901e-15,2.16113023778e-15]},"melbands_crest":{"dmean":3.89566421509,"dmean2":6.46704339981,"dvar":11.2401857376,"dvar2":30.767074585,"max":38.5576515198,"mean":18.8597049713,"median":18.7726669312,"min":1.00018894672,"var":30.6112194061},"melbands_flatness_db":{"dmean":0.0442639105022,"dmean2":0.0699929073453,"dvar":0.00151208194438,"dvar2":0.00392094394192,"max":0.677248716354,"mean":0.319502621889,"median":0.311328947544,"min":-1.38058368293e-7,"var":0.0105621712282},"melbands_kurtosis":{"dmean":17.6580734253,"dmean2":28.4084873199,"dvar":1413.0447998,"dvar2":3882.61157227,"max":2082.79516602,"mean":36.7143554688,"median":23.0380172729,"min":-1.79814183712,"var":2204.56054688},"melbands_skewness":{"dmean":1.1224668026,"dmean2":1.78562831879,"dvar":1.30647885799,"dvar2":3.31149196625,"max":30.2263317108,"mean":4.2903380394,"median":3.9804289341,"min":-1.3948007822,"var":4.41601657867},"melbands_spread":{"dmean":4.0951089859,"dmean2":6.48031425476,"dvar":39.0851287842,"dvar2":89.8991928101,"max":157.789291382,"mean":11.0102405548,"median":6.39379501343,"min":0.081698872149,"var":231.452651978},"mfcc":{"cov":[[25691.5332031,367.122619629,-3989.87915039,1806.75842285,-2165.21801758,687.334350586,-1372.89904785,272.086090088,-507.201812744,165.545532227,-326.797332764,249.879547119,386.410003662],[367.122619629,1323.29089355,154.186279297,-254.318099976,209.363571167,75.1111831665,114.493171692,-52.7503433228,-4.88443279266,-56.4225616455,4.13233089447,-20.3954181671,-17.8975086212],[-3989.87915039,154.186279297,1030.31066895,-365.240661621,417.661651611,-122.096809387,240.04864502,-42.4439430237,80.9214935303,-15.8830833435,57.5393333435,-34.8194274902,-68.7350692749],[1806.75842285,-254.318099976,-365.240661621,479.075958252,-208.972366333,43.2950172424,-123.67931366,66.4688949585,-35.281463623,27.2706222534,-19.1594867706,24.0433311462,28.9672851562],[-2165.21801758,209.363571167,417.661651611,-208.972366333,367.982788086,-48.549747467,190.65246582,-52.8375663757,66.4629898071,-39.4116630554,38.8058166504,-26.8164997101,-42.9087104797],[687.334350586,75.1111831665,-122.096809387,43.2950172424,-48.549747467,169.340988159,-5.45604562759,47.0008926392,-33.3681144714,13.9769601822,-24.4178752899,7.55074071884,5.00846719742],[-1372.89904785,114.493171692,240.04864502,-123.67931366,190.65246582,-5.45604562759,223.424331665,-2.66593837738,54.3621292114,-31.5517463684,27.2797260284,-19.6957645416,-24.7761688232],[272.086090088,-52.7503433228,-42.4439430237,66.4688949585,-52.8375663757,47.0008926392,-2.66593837738,96.7400054932,5.20093154907,27.1657333374,-7.64532995224,10.4690666199,3.07814407349],[-507.201812744,-4.88443279266,80.9214935303,-35.281463623,66.4629898071,-33.3681144714,54.3621292114,5.20093154907,87.0463562012,18.450920105,26.6942939758,-1.28469634056,-2.24695968628],[165.545532227,-56.4225616455,-15.8830833435,27.2706222534,-39.4116630554,13.9769601822,-31.5517463684,27.1657333374,18.450920105,76.4691772461,24.0520954132,14.2730760574,9.45817279816],[-326.797332764,4.13233089447,57.5393333435,-19.1594867706,38.8058166504,-24.4178752899,27.2797260284,-7.64532995224,26.6942939758,24.0520954132,62.8224067688,23.0608921051,4.3894071579],[249.879547119,-20.3954181671,-34.8194274902,24.0433311462,-26.8164997101,7.55074071884,-19.6957645416,10.4690666199,-1.28469634056,14.2730760574,23.0608921051,57.4706001282,29.4073944092],[386.410003662,-17.8975086212,-68.7350692749,28.9672851562,-42.9087104797,5.00846719742,-24.7761688232,3.07814407349,-2.24695968628,9.45817279816,4.3894071579,29.4073944092,56.6955184937]],"icov":[[0.000165573292179,-0.000208052297239,0.00034211089951,-0.000207096250961,0.000395300361561,-0.00012141004845,0.000222563874559,0.0000704873236828,-0.00000694440404914,-0.0000893901305972,0.000254330574535,-0.000238404070842,-0.00015163810167],[-0.000208052297239,0.0012260285439,-0.000307143200189,0.000677513715345,-0.00102261744905,-0.000544647977222,-0.000176450164872,0.0000675860064803,0.000180496179382,0.000597073871177,-0.000669485307299,0.000536000006832,-0.0000387583277188],[0.00034211089951,-0.000307143200189,0.00304361898452,0.000467536330689,-0.00130608200561,0.0011602321174,-0.000210470083402,-0.000871700642165,0.00104893511161,-0.00159208511468,0.000823428330477,-0.000818788190372,0.000554936705157],[-0.000207096250961,0.000677513715345,0.000467536330689,0.00371691538021,-0.000312896241667,0.000259707740042,0.000334205280524,-0.00196795491502,0.000362938037142,0.00048974173842,-0.00100433989428,0.000408021500334,0.0000850399737828],[0.000395300361561,-0.00102261744905,-0.00130608200561,-0.000312896241667,0.00973689183593,-0.00117344176397,-0.0028236056678,0.00329101388343,-0.00309206964448,0.00211146520451,-0.00100738543551,-0.000580903084483,0.00152414850891],[-0.00012141004845,-0.000544647977222,0.0011602321174,0.000259707740042,-0.00117344176397,0.00991689693183,-0.00267760036513,-0.00365220149979,0.00450347084552,-0.00432848418131,0.00417970074341,-0.00212085852399,0.000870527466759],[0.000222563874559,-0.000176450164872,-0.000210470083402,0.000334205280524,-0.0028236056678,-0.00267760036513,0.0111359488219,-0.00311847752891,-0.0038086255081,0.00595319876447,-0.00476216664538,0.0031084055081,-0.00125087809283],[0.0000704873236828,0.0000675860064803,-0.000871700642165,-0.00196795491502,0.00329101388343,-0.00365220149979,-0.00311847752891,0.0169731397182,-0.00308561231941,-0.0049118748866,0.0051417327486,-0.00436614593491,0.00258238823153],[-0.00000694440404914,0.000180496179382,0.00104893511161,0.000362938037142,-0.00309206964448,0.00450347084552,-0.0038086255081,-0.00308561231941,0.0193255878985,-0.00674987724051,-0.00208090548404,0.00170277978759,-0.00187445746269],[-0.0000893901305972,0.000597073871177,-0.00159208511468,0.00048974173842,0.00211146520451,-0.00432848418131,0.00595319876447,-0.0049118748866,-0.00674987724051,0.0244726911187,-0.0128287477419,0.00378869613633,-0.00185612007044],[0.000254330574535,-0.000669485307299,0.000823428330477,-0.00100433989428,-0.00100738543551,0.00417970074341,-0.00476216664538,0.0051417327486,-0.00208090548404,-0.0128287477419,0.0325278639793,-0.0159010253847,0.00386184197851],[-0.000238404070842,0.000536000006832,-0.000818788190372,0.000408021500334,-0.000580903084483,-0.00212085852399,0.0031084055081,-0.00436614593491,0.00170277978759,0.00378869613633,-0.0159010253847,0.0326364077628,-0.0143255991861],[-0.00015163810167,-0.0000387583277188,0.000554936705157,0.0000850399737828,0.00152414850891,0.000870527466759,-0.00125087809283,0.00258238823153,-0.00187445746269,-0.00185612007044,0.00386184197851,-0.0143255991861,0.0270453542471]],"mean":[-758.474304199,158.098190308,5.28541231155,34.7967796326,8.74039840698,28.5389995575,8.44113349915,11.8740997314,0.333241820335,5.94908189774,1.47249281406,2.30992889404,2.58375573158]},"pitch_salience":{"dmean":0.0850247144699,"dmean2":0.137657284737,"dvar":0.00510764587671,"dvar2":0.013524081558,"max":0.996097266674,"mean":0.488919407129,"median":0.494385838509,"min":0.0622361153364,"var":0.0152819957584},"silence_rate_20dB":{"dmean":0.00023265281925,"dmean2":0.000465332705062,"dvar":0.000232579855947,"dvar2":0.000581373926252,"max":1,"mean":0.999767363071,"median":1,"min":0,"var":0.000232566322666},"silence_rate_30dB":{"dmean":0.0610713660717,"dmean2":0.122149839997,"dvar":0.0573382824659,"dvar2":0.129203364253,"max":1,"mean":0.894498109818,"median":1,"min":0,"var":0.0943640246987},"silence_rate_60dB":{"dmean":0.0348979234695,"dmean2":0.0697999075055,"dvar":0.0336825363338,"dvar2":0.0768024995923,"max":1,"mean":0.267709672451,"median":0,"min":0,"var":0.196065291762},"spectral_centroid":{"dmean":185.140548706,"dmean2":276.362854004,"dvar":55626.4804688,"dvar2":102870.304688,"max":11898.0976562,"mean":899.611022949,"median":640.414245605,"min":99.3687057495,"var":980733.5625},"spectral_complexity":{"dmean":2.90257668495,"dmean2":4.12296438217,"dvar":15.9166316986,"dvar2":26.2786426544,"max":62,"mean":14.9892406464,"median":12,"min":0,"var":219.296417236},"spectral_contrast_coeffs":{"dmean":[0.0486364327371,0.0470846258104,0.0347635746002,0.0289270840585,0.0232750102878,0.037828296423],"dmean2":[0.0812357217073,0.0777122750878,0.058075606823,0.0478937514126,0.0387327410281,0.0592421554029],"dvar":[0.00152392790187,0.00156621262431,0.000782411370892,0.000551938370336,0.000432097906014,0.00158265640493],"dvar2":[0.00422187941149,0.00403870083392,0.00212700781412,0.00147316837683,0.00114762980957,0.0037132743746],"max":[-0.375351786613,-0.372578173876,-0.532130897045,-0.606699228287,-0.640205860138,-0.394580602646],"mean":[-0.710688471794,-0.790475726128,-0.830380141735,-0.832773983479,-0.851995229721,-0.765398740768],"median":[-0.71143591404,-0.80362957716,-0.832870841026,-0.829084038734,-0.841636300087,-0.785196661949],"min":[-0.979603290558,-0.997534513474,-0.998512804508,-0.989901900291,-0.987463355064,-0.963943898678],"var":[0.00582233350724,0.00699080666527,0.00259460019879,0.00225936039351,0.00238127587363,0.0134499585256]},"spectral_contrast_valleys":{"dmean":[0.389027744532,0.41527992487,0.35290491581,0.351796478033,0.410392701626,0.690829157829],"dmean2":[0.641914129257,0.67642480135,0.567599654198,0.554426491261,0.645604670048,1.14055728912],"dvar":[0.103749997914,0.12368811667,0.0987008586526,0.11370960623,0.210512191057,0.348453074694],"dvar2":[0.259421795607,0.314621031284,0.241441473365,0.276420295238,0.534710407257,0.905854344368],"max":[-4.70982980728,-4.6979842186,-4.88100624084,-5.43732023239,-5.43023872375,-8.7855796814],"mean":[-7.2451004982,-7.56162261963,-7.96612548828,-8.42238426208,-8.68537521362,-11.8919382095],"median":[-6.90550804138,-7.01480770111,-7.29958486557,-7.64835834503,-8.03225326538,-11.6053409576],"min":[-28.2847881317,-27.8739738464,-27.7083015442,-27.8392734528,-27.5217952728,-27.439994812],"var":[3.80988907814,4.38830280304,4.60741853714,4.87649440765,5.37627029419,3.28758049011]},"spectral_decrease":{"dmean":3.58010843193e-9,"dmean2":5.6706563889e-9,"dvar":3.30608639104e-17,"dvar2":8.23353545644e-17,"max":1.49139420813e-8,"mean":-7.76713271478e-9,"median":-3.06204173128e-9,"min":-7.60404361699e-8,"var":1.00104577168e-16},"spectral_energy":{"dmean":0.0138208577409,"dmean2":0.0217711627483,"dvar":0.000485065451358,"dvar2":0.00120512396097,"max":0.41216313839,"mean":0.0413296408951,"median":0.0248151756823,"min":9.88278883609e-21,"var":0.00224518240429},"spectral_energyband_high":{"dmean":0.000304263056023,"dmean2":0.000377131771529,"dvar":5.10263646447e-7,"dvar2":7.8652033153e-7,"max":0.0209603272378,"mean":0.000935971154831,"median":0.000158688941156,"min":7.03962124452e-21,"var":0.00000278185711977},"spectral_energyband_low":{"dmean":0.0117636686191,"dmean2":0.0191146396101,"dvar":0.000396174902562,"dvar2":0.00101388245821,"max":0.305600315332,"mean":0.0234816744924,"median":0.00829845666885,"min":1.83849966196e-23,"var":0.0010465728119},"spectral_energyband_middle_high":{"dmean":0.00127970625181,"dmean2":0.00192951015197,"dvar":0.00000726710231902,"dvar2":0.0000174347223947,"max":0.0647703036666,"mean":0.0033328239806,"median":0.00126321986318,"min":1.2261767144e-21,"var":0.0000225454114116},"spectral_energyband_middle_low":{"dmean":0.00394502654672,"dmean2":0.00600311160088,"dvar":0.0000528762902832,"dvar2":0.000118603260489,"max":0.154684111476,"mean":0.00861010234803,"median":0.00308693526313,"min":1.51715912859e-22,"var":0.000172148676938},"spectral_entropy":{"dmean":0.258727192879,"dmean2":0.410783082247,"dvar":0.082088381052,"dvar2":0.221746757627,"max":9.81971168518,"mean":7.30647230148,"median":7.431599617,"min":5.11932849884,"var":0.361487269402},"spectral_flux":{"dmean":0.021760892123,"dmean2":0.0351333245635,"dvar":0.000784682284575,"dvar2":0.00196720357053,"max":0.391711592674,"mean":0.0871348753572,"median":0.0831087976694,"min":6.35526978265e-11,"var":0.00527726626024},"spectral_kurtosis":{"dmean":6.42537021637,"dmean2":10.4962453842,"dvar":96.8911972046,"dvar2":266.822143555,"max":169.968902588,"mean":17.6916923523,"median":14.4780216217,"min":-1.27289068699,"var":133.637207031},"spectral_rms":{"dmean":0.000861567503307,"dmean2":0.00134158972651,"dvar":0.00000119333026305,"dvar2":0.00000295637983072,"max":0.0200526900589,"mean":0.00510241137818,"median":0.0049203587696,"min":3.10511599072e-12,"var":0.0000142870330819},"spectral_rolloff":{"dmean":4870.31982422,"dmean2":9354.17675781,"dvar":65071756,"dvar2":150734464,"max":22028.4667969,"mean":9466.30175781,"median":1981.0546875,"min":21.533203125,"var":101520624},"spectral_skewness":{"dmean":0.508953809738,"dmean2":0.813433945179,"dvar":0.415051728487,"dvar2":1.13184988499,"max":10.3504686356,"mean":2.90629267693,"median":2.67032170296,"min":-0.115595296025,"var":0.971709787846},"spectral_spread":{"dmean":636735.75,"dmean2":1019368.625,"dvar":505181995008,"dvar2":1249050099710,"max":47415692,"mean":4314235,"median":4169709.5,"min":1070156.875,"var":7903993921540},"spectral_strongpeak":{"dmean":2.85166621208,"dmean2":5.24491691589,"dvar":263.640045166,"dvar2":665.200195312,"max":259.50012207,"mean":2.65568256378,"median":0.174482494593,"min":0,"var":291.92288208},"zerocrossingrate":{"dmean":0.0423885397613,"dmean2":0.0537413544953,"dvar":0.00136384181678,"dvar2":0.00221861270256,"max":0.73291015625,"mean":0.232065498829,"median":0.22119140625,"min":0,"var":0.00977192819118}},"metadata":{"audio_properties":{"analysis_sample_rate":44100,"bit_rate":128000,"codec":"mp3","downmix":"mix","equal_loudness":0,"length":399.203277588,"lossless":false,"md5_encoded":"d12cb3d53113b6fdc472fbf8ea758ed6","replay_gain":-2.75629043579,"sample_rate":44100},"tags":{"album":["The X Factor"],"albumartist":["Iron Maiden"],"albumartistsort":["Iron Maiden"],"artist":["Iron Maiden"],"artistsort":["Iron Maiden"],"asin":["B000063DGJ"],"barcode":["724383581924"],"catalognumber":["7243 8 35819 2 4"],"date":["1995-10-02"],"file_name":"09 The Edge of Darkness.mp3","genre":["Rock"],"label":["EMI Records"],"musicbrainz album release country":["GB"],"musicbrainz album status":["official"],"musicbrainz album type":["album"],"musicbrainz_albumartistid":["ca891d65-d9b0-4258-89f7-e6ba29d83767"],"musicbrainz_albumid":["6a16d5db-205b-44f1-9a96-0e1d07dfa492"],"musicbrainz_artistid":["ca891d65-d9b0-4258-89f7-e6ba29d83767"],"musicbrainz_recordingid":["2d0f1df3-d7f6-4779-b5c4-e3d5e818db88"],"title":["The Edge of Darkness"],"tracknumber":["9/11"]},"version":{"essentia":"2.1-beta1","essentia_build_sha":"ec322331fa6aaecceef5ae0ec8bb6dd0710d66ba","essentia_git_sha":"v2.1_beta1-28-g21ef5f4","extractor":"music 1.0"}},"rhythm":{"beats_count":896,"beats_loudness":{"dmean":0.0242595467716,"dmean2":0.0406020358205,"dvar":0.00100919406395,"dvar2":0.00275680329651,"max":0.250409305096,"mean":0.0549332015216,"median":0.050524443388,"min":0,"var":0.00294903106987},"beats_loudness_band_ratio":{"dmean":[0.172338470817,0.081736177206,0.0370406396687,0.0360208675265,0.0209094528109,0.0850277841091],"dmean2":[0.302257269621,0.140894815326,0.0660406649113,0.0641458407044,0.0382783524692,0.151577875018],"dvar":[0.0200439244509,0.00822788849473,0.00291119259782,0.00178428879008,0.000613489362877,0.00563302449882],"dvar2":[0.0599404796958,0.0208146292716,0.0082920091226