{"lowlevel":{"average_loudness":0.94794768095,"barkbands":{"dmean":[0.000212441867916,0.00125980458688,0.00150783592835,0.00130534404889,0.0017329234397,0.0012474139221,0.000700897478964,0.000373020622646,0.000614632328507,0.000765769160353,0.00034621937084,0.000486821401864,0.000682517129462,0.00143979222048,0.00160421803594,0.001984649105,0.000862688058987,0.0000429915417044,0.0000137420875035,0.000018716975319,0.0000127111634356,0.00000335675599672,0.00000271615613201,0.00000219972912419,0.00000197008398573,0.00000310412679028,0.0011608278146],"dmean2":[0.000360428879503,0.00212445110083,0.0024275011383,0.0021724360995,0.00280321505852,0.00197326485068,0.00111536064651,0.000588983180933,0.000961609184742,0.00121869926807,0.000563037465326,0.00078295514686,0.0010925878305,0.0023522709962,0.00261766603217,0.00324042397551,0.00142885814421,0.0000717485745554,0.000022649872335,0.0000305814901367,0.0000205010819627,0.00000554604412173,0.0000044298976718,0.00000359716295861,0.00000322321830026,0.00000497369546792,0.001896908856],"dvar":[4.91848709316e-7,0.0000106360839709,0.0000120470149341,0.0000071201479841,0.00000969946086116,0.00000476556670037,0.00000139493420193,5.78876722557e-7,0.00000113750650144,0.00000293852212963,3.45326469642e-7,7.54222412525e-7,0.00000120206368592,0.00000500264559378,0.00000706970877218,0.00000784901840234,0.00000225712506108,4.13834078117e-9,3.20432486101e-10,7.53571260947e-10,4.45332826171e-10,2.14337401994e-11,1.68510622123e-11,1.11535858674e-11,8.68910065427e-12,1.83037404677e-11,0.00000200648833015],"dvar2":[0.00000131225465339,0.000029946637369,0.000029002336305,0.0000193434134417,0.000024218672479,0.000011690496649,0.00000342067846759,0.0000014286571286,0.00000251707751886,0.00000652337166684,8.23816606044e-7,0.00000176902528892,0.00000274584931503,0.0000117903573482,0.000019658189558,0.0000201737784664,0.00000539274378752,1.09556497208e-8,8.23475510003e-10,1.89144655494e-9,1.09123166059e-9,5.14288160669e-11,3.76383021972e-11,2.65053708148e-11,2.06698339e-11,4.12388422022e-11,0.00000549770629732],"max":[0.0147770252079,0.0609082207084,0.0769307762384,0.056633066386,0.0584428310394,0.0404986813664,0.0203563980758,0.0201154816896,0.0233608949929,0.0595126785338,0.00817312579602,0.0249096360058,0.023213846609,0.0430787838995,0.0465651154518,0.0381453894079,0.0415395461023,0.00142566626891,0.000315943645546,0.000723611447029,0.000491359387524,0.0000708550142008,0.000112646121124,0.0000806625102996,0.0000357604367309,0.000117803516332,0.0205037519336],"mean":[0.000231347934459,0.00169353187084,0.00223934231326,0.00177460745908,0.00288161821663,0.00204993202351,0.00107163749635,0.000577178085223,0.00103286642116,0.00117881677579,0.000520569039509,0.000841510656755,0.00120275688823,0.00257957284339,0.00313370977528,0.00400112243369,0.00158677739091,0.0000842541703605,0.0000307724039885,0.0000442916643806,0.0000262491084868,0.00000582521670367,0.00000443933186034,0.00000304406034957,0.00000222337826017,0.00000579964353165,0.00380207737908],"median":[0.0000388165062759,0.00039514907985,0.00044735884876,0.000519608322065,0.00116881192662,0.00097622780595,0.000530621910002,0.000250836485066,0.000509332399815,0.000564669899177,0.000317838188494,0.000585685716942,0.000816763844341,0.00184295093641,0.00232977978885,0.00301825813949,0.00114067154936,0.0000693192268955,0.0000250130196946,0.0000345253865817,0.0000186197812582,0.00000403600051868,0.00000287299485535,0.00000177213519237,0.00000103485353975,0.00000409082031183,0.0037211435847],"min":[9.76037876507e-25,4.80645692031e-24,2.10825384338e-24,1.97990992119e-24,1.71281282051e-23,1.71632214713e-23,1.84395005972e-23,8.2632714394e-24,2.56644330813e-23,1.93326915126e-23,2.14010769175e-23,4.74411766059e-23,5.29649731463e-23,4.81564588768e-23,7.17004764433e-23,6.63815597017e-23,1.00883066657e-22,1.66808450185e-22,1.66770597483e-22,1.48656066558e-22,3.18964156154e-22,3.49759872255e-22,4.20933604184e-22,5.89253499241e-22,9.80294954916e-22,1.39866780301e-21,2.11345474496e-21],"var":[6.03044156833e-7,0.0000172274430952,0.0000303415272356,0.0000129876907522,0.0000228846947721,0.0000107683117676,0.00000264936102212,0.00000120603033338,0.00000249997401625,0.00000543713395018,5.18547437878e-7,0.00000131103809053,0.00000249109189099,0.00000945685133047,0.0000131598544613,0.0000163653548952,0.00000380863912142,6.83706424809e-9,8.15505274421e-10,2.03375316588e-9,9.6079566525e-10,3.90947690887e-11,2.97195254517e-11,1.56357930076e-11,1.09623031139e-11,3.99794780614e-11,0.00000695391418049]},"barkbands_crest":{"dmean":2.20240950584,"dmean2":3.6596353054,"dvar":4.13631820679,"dvar2":11.1430578232,"max":25.1008758545,"mean":7.58989286423,"median":6.60113239288,"min":2.86426448822,"var":11.2919645309},"barkbands_flatness_db":{"dmean":0.0193157345057,"dmean2":0.0308855231851,"dvar":0.000333445903379,"dvar2":0.000887593720108,"max":0.376629084349,"mean":0.150561183691,"median":0.142628014088,"min":0.0501535050571,"var":0.00129280448891},"barkbands_kurtosis":{"dmean":1.67470347881,"dmean2":2.77705192566,"dvar":27.3510475159,"dvar2":75.2610397339,"max":130.307952881,"mean":2.10961842537,"median":0.085582613945,"min":-1.51143145561,"var":61.0974197388},"barkbands_skewness":{"dmean":0.348664909601,"dmean2":0.568424344063,"dvar":0.186716362834,"dvar2":0.513535380363,"max":10.1130952835,"mean":1.00042152405,"median":0.727747678757,"min":-1.99038183689,"var":0.900014638901},"barkbands_spread":{"dmean":7.20452880859,"dmean2":11.8495531082,"dvar":38.4276199341,"dvar2":102.755737305,"max":81.8836135864,"mean":40.7984046936,"median":42.9786605835,"min":1.28793823719,"var":196.876495361},"dissonance":{"dmean":0.0145051926374,"dmean2":0.0249130073935,"dvar":0.000282895343844,"dvar2":0.000802675785962,"max":0.500000119209,"mean":0.477916181087,"median":0.483120679855,"min":0.271370828152,"var":0.000399199343519},"dynamic_complexity":3.38308310509,"erbbands":{"dmean":[0.038605440408,0.300255149603,1.39333236217,3.30959296227,5.2834982872,6.08201503754,6.25403356552,12.5416612625,11.4625444412,7.36982965469,8.67747211456,11.877579689,29.2692699432,9.38128566742,16.9491863251,21.1169624329,29.6642475128,53.6140365601,77.3148803711,86.9606018066,108.41544342,37.3801193237,3.59736275673,0.795520603657,0.703394830227,0.917212069035,0.787215590477,0.25855833292,0.124603495002,0.104709051549,0.0729042813182,0.049367710948,0.0350945964456,0.0222160220146,0.0140288276598,0.00931531842798,0.00587255414575,0.00632190424949,0.0187271144241,0.0259445458651],"dmean2":[0.0658283010125,0.509793460369,2.25438213348,5.39595985413,8.5611410141,10.0573291779,10.101524353,20.0313262939,18.4196548462,11.4899511337,13.7179555893,18.6256351471,45.9040870667,15.1154956818,27.5293827057,33.7253494263,47.4755554199,86.4056777954,124.699996948,143.009277344,179.172912598,61.3499526978,5.84780597687,1.29173445702,1.15127778053,1.50863790512,1.28419017792,0.415801554918,0.206020757556,0.171771600842,0.118817940354,0.0807867348194,0.0572687536478,0.0363435000181,0.0229059644043,0.0149417938665,0.00939141213894,0.0100085996091,0.0301894396544,0.0426064059138],"dvar":[0.0138662606478,0.582596361637,9.93420600891,47.9288825989,113.09047699,143.600219727,110.768859863,551.624633789,354.082733154,195.89024353,363.43963623,450.12512207,4389.11865234,262.220794678,1270.97094727,1053.10217285,2164.55102539,8339.27441406,14517.2587891,25579.890625,22907.7910156,3151.37060547,27.0436058044,1.07083511353,0.936411798,2.00875139236,1.90224170685,0.143346428871,0.0299153644592,0.0256393365562,0.0110349319875,0.00555898714811,0.00283148232847,0.00111562944949,0.000429837149568,0.000172101703356,0.0000614630407654,0.0000837296756799,0.000763185147662,0.00103230017703],"dvar2":[0.0413824357092,1.58391845226,24.7843799591,120.871520996,262.311920166,383.081329346,273.789520264,1376.84936523,868.618835449,418.14352417,896.656433105,1018.5489502,9568.88378906,625.247802734,3063.76904297,2423.77514648,4886.49707031,18321.5664062,34618.4296875,74687.8515625,59979.6835938,7798.88818359,67.427154541,2.73274731636,2.39685106277,5.10345935822,4.66221094131,0.346562534571,0.0722903683782,0.059494972229,0.0250441208482,0.013224190101,0.00673044612631,0.00265235290863,0.00102204456925,0.000398964446504,0.000141897951835,0.000200272537768,0.00189382850658,0.00283601391129],"max":[2.16235256195,14.6641130447,68.7879562378,138.406417847,242.09387207,228.544952393,188.70690918,447.739654541,344.707611084,356.689971924,605.5,498.580474854,2218.7265625,533.493835449,1105.51745605,828.784973145,979.645690918,2443.92773438,2139.08129883,2808.49682617,2334.73632812,1459.01538086,100.309837341,18.4832992554,21.526473999,40.6656112671,32.2713661194,8.69782543182,2.81963276863,4.27620792389,2.34251832962,1.77669298649,1.2806032896,0.465056568384,0.248746827245,0.304906010628,0.213668033481,0.212973982096,0.458151012659,0.509447872639],"mean":[0.046236731112,0.409824252129,2.1172451973,5.0155506134,7.92094898224,9.26332187653,10.2154035568,19.7242679596,18.4336681366,12.2671232224,15.2454786301,21.2966461182,44.6512489319,18.4607028961,28.5297813416,40.4709968567,56.936794281,100.363929749,157.951843262,184.459625244,222.176681519,83.6495361328,9.40299415588,2.0001680851,1.69490242004,2.1307413578,1.67454969883,0.57251060009,0.223540052772,0.176250830293,0.117105185986,0.0715838596225,0.0466192886233,0.0259426943958,0.0158059392124,0.0133426478133,0.0115907788277,0.0172862373292,0.0610119402409,0.0908678546548],"median":[0.00992047879845,0.10017362237,0.48933455348,1.43621122837,2.65754318237,3.65584516525,4.79552173615,8.56810569763,9.8905582428,6.7253985405,6.73320770264,11.1906738281,20.7168827057,12.4156684875,18.750957489,30.1611843109,41.0079956055,72.5496749878,120.797462463,139.820770264,177.118896484,68.4195175171,8.44936180115,1.74629974365,1.38139164448,1.66793107986,1.17580199242,0.447003901005,0.158975630999,0.117272123694,0.0750963240862,0.0440343767405,0.0262126624584,0.0128852650523,0.00739630497992,0.007942317985,0.00852229446173,0.0138468351215,0.0537178143859,0.0907859951258],"min":[1.11537270581e-22,9.24299714597e-22,2.91626806261e-21,5.42913048025e-21,2.62603607351e-20,4.67976785317e-20,2.7960294442e-20,1.7702290664e-19,2.42221127425e-19,2.16550468918e-19,3.11243197387e-19,4.50876247869e-19,8.49912104473e-19,8.53452437494e-19,1.19331835882e-18,1.7569727733e-18,2.5117730143e-18,3.8384613222e-18,2.85322800128e-18,4.61406887792e-18,4.58901399076e-18,5.42589867267e-18,8.48999982751e-18,7.79449561513e-18,1.12558386786e-17,8.81026596272e-18,1.28886262062e-17,1.2820536834e-17,1.30821815064e-17,1.23530987243e-17,1.21633186763e-17,1.19257648121e-17,1.16725557276e-17,8.79859361709e-18,7.30797858451e-18,4.74948165292e-18,2.72429163689e-18,9.47229955238e-19,2.73027789129e-19,3.03140271815e-20],"var":[0.0178373213857,0.943603277206,24.6588459015,115.633674622,244.227493286,262.02633667,270.004882812,1159.74609375,723.98651123,360.81640625,923.319946289,1014.6708374,7693.89355469,668.743408203,1757.82763672,2276.98632812,4599.55029297,16933.6113281,29289.8203125,46309.1367188,45897.734375,6647.46777344,64.5722961426,2.87690758705,2.53165221214,4.97111272812,4.01556873322,0.342953562737,0.0547820776701,0.045886516571,0.0192113053054,0.00794090609998,0.00393901439384,0.00141966156662,0.000548056792468,0.000278204330243,0.000140183008625,0.000273208221188,0.00272776652128,0.0037050107494]},"erbbands_crest":{"dmean":2.82766318321,"dmean2":4.76189899445,"dvar":6.53404951096,"dvar2":17.6204719543,"max":32.4435272217,"mean":10.7076559067,"median":9.71958732605,"min":2.46058678627,"var":18.4118537903},"erbbands_flatness_db":{"dmean":0.0207319781184,"dmean2":0.0331236682832,"dvar":0.000308924383717,"dvar2":0.000787499709986,"max":0.394624739885,"mean":0.218237921596,"median":0.217119008303,"min":0.0228950120509,"var":0.00141796993557},"erbbands_kurtosis":{"dmean":1.66392421722,"dmean2":2.70895290375,"dvar":4.92737340927,"dvar2":12.1530990601,"max":54.4519615173,"mean":2.03907680511,"median":1.3250951767,"min":-1.77257466316,"var":10.5660104752},"erbbands_skewness":{"dmean":0.382630437613,"dmean2":0.618151068687,"dvar":0.110759712756,"dvar2":0.288844048977,"max":3.64474248886,"mean":-1.04371964931,"median":-1.17141962051,"min":-4.17536687851,"var":0.652807116508},"erbbands_spread":{"dmean":4.06547451019,"dmean2":6.56800079346,"dvar":13.7806091309,"dvar2":36.3602676392,"max":94.8709869385,"mean":17.9368801117,"median":16.0305862427,"min":1.23104381561,"var":87.3437728882},"gfcc":{"cov":[[16007.1542969,-514.412475586,-2130.10644531,178.486236572,1307.20910645,-520.941833496,-148.589309692,-390.594421387,383.474304199,-26.8408260345,-219.473815918,-258.284118652,9.60642814636],[-514.412475586,1127.09069824,475.751373291,76.1698989868,158.061676025,136.389846802,-22.5115814209,-104.738319397,-87.6369552612,-96.1870040894,28.3034725189,53.5553131104,37.9137916565],[-2130.10644531,475.751373291,741.220947266,194.108261108,-169.997344971,210.872299194,-38.4932632446,51.4289474487,-160.023788452,-24.8275432587,34.509677887,61.4244880676,0.120065256953],[178.486236572,76.1698989868,194.108261108,265.654815674,109.74546814,93.3134384155,-11.2053346634,13.9782838821,-32.6753044128,-1.29929053783,-5.23665714264,23.9714298248,-3.84339499474],[1307.20910645,158.061676025,-169.997344971,109.74546814,374.516479492,2.79321861267,28.0426120758,-65.5595092773,71.5368499756,-18.7046699524,-17.6372184753,-3.46965026855,21.8663291931],[-520.941833496,136.389846802,210.872299194,93.3134384155,2.79321861267,218.747406006,-0.714390575886,71.4430847168,-44.5097503662,-2.57173681259,-4.41648721695,28.2923069,13.3246965408],[-148.589309692,-22.5115814209,-38.4932632446,-11.2053346634,28.0426120758,-0.714390575886,114.82649231,32.8914299011,34.8407325745,-3.79577279091,-3.2398378849,-3.89459753036,-5.1745057106],[-390.594421387,-104.738319397,51.4289474487,13.9782838821,-65.5595092773,71.4430847168,32.8914299011,120.60848999,32.1498146057,29.4832897186,-8.33444309235,-1.63649713993,-4.22736263275],[383.474304199,-87.6369552612,-160.023788452,-32.6753044128,71.5368499756,-44.5097503662,34.8407325745,32.1498146057,119.370872498,47.5931892395,4.03826189041,-17.4137401581,-3.32412028313],[-26.8408260345,-96.1870040894,-24.8275432587,-1.29929053783,-18.7046699524,-2.57173681259,-3.79577279091,29.4832897186,47.5931892395,83.5132675171,47.4420433044,6.32388448715,-12.4979276657],[-219.473815918,28.3034725189,34.509677887,-5.23665714264,-17.6372184753,-4.41648721695,-3.2398378849,-8.33444309235,4.03826189041,47.4420433044,81.7092208862,50.1808509827,7.04693555832],[-258.284118652,53.5553131104,61.4244880676,23.9714298248,-3.46965026855,28.2923069,-3.89459753036,-1.63649713993,-17.4137401581,6.32388448715,50.1808509827,91.5723114014,47.4736976624],[9.60642814636,37.9137916565,0.120065256953,-3.84339499474,21.8663291931,13.3246965408,-5.1745057106,-4.22736263275,-3.32412028313,-12.4979276657,7.04693555832,47.4736976624,71.1704483032]],"icov":[[0.000197259010747,-0.000323740532622,0.00103277142625,-0.000803323811851,-0.00000330570765072,0.000149511819473,0.000389842491131,-0.000248928379733,0.000460606970591,-0.000248508615186,0.0000217524684558,0.000442114076577,-0.00023189408239],[-0.000323740532622,0.00364803289995,-0.00527033675462,0.00398122193292,-0.00261831074022,-0.00139747979119,-0.000149957006215,0.00315322796814,-0.00365772121586,0.00424906937405,-0.00215521082282,-0.000249633943895,0.000521925685462],[0.00103277142625,-0.00527033675462,0.0132717108354,-0.0103515218943,0.00559781026095,-0.000492498278618,0.00148498627823,-0.00399586884305,0.00636811880395,-0.00246286648326,-0.00169073033612,0.00348308333196,-0.00196125009097],[-0.000803323811851,0.00398122193292,-0.0103515218943,0.0151502368972,-0.00854600314051,0.000328699476086,-0.00037681235699,-0.000372151524061,0.00123038433958,-0.00286712334491,0.0056879715994,-0.00752077950165,0.00534526910633],[-0.00000330570765072,-0.00261831074022,0.00559781026095,-0.00854600314051,0.0120392302051,-0.00438209949061,-0.00204185140319,0.00700596999377,-0.00789438281208,0.00361105659977,-0.00231322692707,0.00303840031847,-0.00321878585964],[0.000149511819473,-0.00139747979119,-0.000492498278618,0.000328699476086,-0.00438209949061,0.0122565971687,0.00101710017771,-0.0112613812089,0.00978242792189,-0.00629314174876,0.00468011433259,-0.00291364360601,0.0000314691023959],[0.000389842491131,-0.000149957006215,0.00148498627823,-0.00037681235699,-0.00204185140319,0.00101710017771,0.0127939032391,-0.00594215141609,-0.00239459075965,0.00687349401414,-0.00466528534889,0.000958955672104,0.00193601381034],[-0.000248928379733,0.00315322796814,-0.00399586884305,-0.000372151524061,0.00700596999377,-0.0112613812089,-0.00594215141609,0.0291209518909,-0.0171453189105,-0.000494521285873,0.00589010305703,-0.00189091695938,-0.000615497934632],[0.000460606970591,-0.00365772121586,0.00636811880395,0.00123038433958,-0.00789438281208,0.00978242792189,-0.00239459075965,-0.0171453189105,0.035664819181,-0.0235134400427,0.009441498667,-0.000898499798495,-0.00145528255962],[-0.000248508615186,0.00424906937405,-0.00246286648326,-0.00286712334491,0.00361105659977,-0.00629314174876,0.00687349401414,-0.000494521285873,-0.0235134400427,0.0509094148874,-0.0376860052347,0.0140641164035,0.0003503022308],[0.0000217524684558,-0.00215521082282,-0.00169073033612,0.0056879715994,-0.00231322692707,0.00468011433259,-0.00466528534889,0.00589010305703,0.009441498667,-0.0376860052347,0.0541329048574,-0.0315190516412,0.0107880402356],[0.000442114076577,-0.000249633943895,0.00348308333196,-0.00752077950165,0.00303840031847,-0.00291364360601,0.000958955672104,-0.00189091695938,-0.000898499798495,0.0140641164035,-0.0315190516412,0.0406923443079,-0.0223642047495],[-0.00023189408239,0.000521925685462,-0.00196125009097,0.00534526910633,-0.00321878585964,0.0000314691023959,0.00193601381034,-0.000615497934632,-0.00145528255962,0.0003503022308,0.0107880402356,-0.0223642047495,0.0290264859796]],"mean":[-23.345489502,97.0602416992,-117.540618896,-37.946182251,9.41626739502,-22.9538879395,-22.7001571655,-28.3647193909,8.15949821472,-13.7002983093,-12.0702877045,-11.9194173813,7.13369655609]},"hfc":{"dmean":34.4920120239,"dmean2":55.5200462341,"dvar":1401.13818359,"dvar2":3484.46875,"max":732.139831543,"mean":178.240814209,"median":187.452087402,"min":1.13272313138e-16,"var":9692.08984375},"melbands":{"dmean":[0.000336174620315,0.000602674670517,0.000591121439356,0.000394917879021,0.000232487203903,0.00026706061908,0.00017105419829,0.0000776153610786,0.0000751058760216,0.000081981641415,0.000147347760503,0.0000415084323322,0.0000527290139871,0.0000559456566407,0.0000806716125226,0.0000497926921526,0.000118077303341,0.00014541411656,0.000123969555716,0.000115212234959,0.000153433516971,0.0000512323531439,0.00000852261200635,0.00000120927370517,6.54729944927e-7,5.55509870992e-7,5.98689268827e-7,6.76672641475e-7,5.57739383567e-7,3.46377674987e-7,1.11933999847e-7,7.30995353138e-8,6.5146025463e-8,5.81699239888e-8,4.56557138762e-8,3.37651613336e-8,2.95636812808e-8,2.55360443902e-8,2.14589626069e-8,1.7915338546e-8],"dmean2":[0.00057110999478,0.000973284710199,0.000968424254097,0.000639573612716,0.000380399404094,0.000424458528869,0.000272564124316,0.000121443219541,0.000117959047202,0.000128986182972,0.000231174271903,0.0000669034197927,0.0000851265722304,0.0000896127021406,0.000127278835862,0.0000808453260106,0.000190852748347,0.000233993690927,0.000204668118386,0.000186574266991,0.000254532118561,0.0000843774178065,0.000013925841813,0.00000199947794499,0.00000107916798697,9.17352679153e-7,9.87977387013e-7,0.00000112057909973,9.11226891276e-7,5.54182520318e-7,1.83661626352e-7,1.21038723933e-7,1.08667308041e-7,9.51984873154e-8,7.4790662552e-8,5.48789707011e-8,4.85384887838e-8,4.18230747812e-8,3.49985462833e-8,2.93586168709e-8],"dvar":[8.61525847995e-7,0.00000176066419044,0.00000123624408843,5.28965699687e-7,1.58154037422e-7,2.3693282003e-7,7.56124975965e-8,2.08450661177e-8,2.63158472791e-8,1.88460305139e-8,1.0914729387e-7,5.57010082503e-9,1.01942934094e-8,1.13007896374e-8,1.8497962273e-8,5.3755160323e-9,3.99566637554e-8,5.45792744333e-8,4.26535926579e-8,4.07846130202e-8,5.19753626804e-8,6.62561250309e-9,2.36735547832e-10,2.71113253375e-12,7.65615327213e-13,6.09086511696e-13,7.35604394238e-13,1.25068824654e-12,9.36537089199e-13,3.21341206682e-13,2.70107524401e-14,1.04046545685e-14,8.36091568565e-15,9.06475432504e-15,4.39893474497e-15,2.54829692775e-15,1.98099872891e-15,1.51324055977e-15,1.03956226562e-15,7.26125558539e-16],"dvar2":[0.00000249326080848,0.00000441709516963,0.00000316559226121,0.00000131217348098,4.03153279649e-7,5.83598762205e-7,1.81181391667e-7,4.49274040193e-8,6.13047603792e-8,4.26325499348e-8,2.38170997591e-7,1.32340565173e-8,2.43757742879e-8,2.58429544431e-8,4.34303686347e-8,1.18584306819e-8,8.75770140851e-8,1.27193146682e-7,1.16083469948e-7,1.08094276641e-7,1.36981995524e-7,1.61322510905e-8,5.6187604569e-10,7.24281181905e-12,2.0049975135e-12,1.5625115134e-12,1.91510978083e-12,3.16824171065e-12,2.3162906055e-12,7.79706540218e-13,6.74563554429e-14,2.56045608571e-14,2.06421133035e-14,2.05737577446e-14,9.96961251753e-15,6.12055843291e-15,4.77732045614e-15,3.60815071465e-15,2.47267869666e-15,1.727711949e-15],"max":[0.0155969085172,0.0254017263651,0.0205727349967,0.0135537106544,0.00680727185681,0.00904902908951,0.00486562307924,0.0036064083688,0.0048883263953,0.00265792594291,0.0111638121307,0.0023576815147,0.00248276325874,0.00310420431197,0.00310983438976,0.00201269169338,0.00555996131152,0.00443882588297,0.00360218132846,0.00337447598577,0.00348816206679,0.00235677463934,0.000337945937645,0.0000465626690129,0.0000134082310979,0.0000137971228469,0.0000126779086713,0.0000352787865268,0.0000210296002479,0.0000107588402898,0.00000425748658017,0.00000135321965899,0.00000154626798121,0.00000285142732537,0.00000137366669151,0.00000116294540931,0.00000105027606878,0.00000100232034583,6.20962225639e-7,3.19964300388e-7],"mean":[0.000448332051747,0.000932097842451,0.000946985033806,0.00063015561318,0.000380985176889,0.000428027211456,0.000275602884358,0.000126871673274,0.000132856977871,0.000140693839057,0.000224488481763,0.0000734294299036,0.0000827847397886,0.000096708543424,0.000140155127156,0.0000970216788119,0.000200880429475,0.00025945881498,0.000236399151618,0.000231611309573,0.00028120278148,0.000101804180304,0.0000160010549735,0.0000025969904982,0.00000132517470774,0.00000116599994726,0.00000129361251311,0.00000145403691931,0.00000114001875318,6.644955306e-7,2.20948095375e-7,1.21169279055e-7,1.06385769527e-7,9.45424929455e-8,7.19227344348e-8,4.98222938461e-8,4.12009377726e-8,3.40358781159e-8,2.6620313065e-8,1.99837177917e-8],"median":[0.00010444628424,0.000229510071222,0.000319727696478,0.000246061885264,0.000175063876668,0.000191743631149,0.000147346276208,0.0000686295970809,0.0000532079939148,0.0000733641645638,0.000103477228549,0.0000450164370704,0.0000515142128279,0.000066676948336,0.0000927375949686,0.0000722175245755,0.000134360743687,0.000186979450518,0.000176824250957,0.000166151934536,0.000209500431083,0.0000778082830948,0.0000119134465422,0.00000219872254092,0.00000105958679342,9.03755676518e-7,9.90108901533e-7,0.00000108871404336,7.94707091245e-7,4.46972137524e-7,1.75048000983e-7,8.35896116769e-8,7.1253957401e-8,5.98950862241e-8,4.59046631818e-8,3.15905523962e-8,2.45165487911e-8,1.90383993015e-8,1.41042022506e-8,9.10092179396e-9],"min":[1.42995130099e-24,1.85047756817e-24,1.53159316901e-24,2.12554192734e-24,1.59325931344e-24,4.28235903412e-24,3.05937140668e-24,1.46036386104e-24,2.51700724902e-24,3.20182548667e-24,3.65410744819e-24,3.11841665936e-24,3.48848215684e-24,5.13880480854e-24,5.95527032342e-24,3.69076029243e-24,7.01347989612e-24,4.29352338809e-24,6.18023767637e-24,5.05011948785e-24,5.21751103877e-24,5.01657791102e-24,6.73078922415e-24,8.12027935627e-24,5.45088804341e-24,7.31265618328e-24,6.74370524375e-24,5.17191408959e-24,6.55672864313e-24,6.06101831105e-24,7.61057739275e-24,6.75285524139e-24,4.85885976695e-24,7.17676621489e-24,6.67208929533e-24,6.68557329478e-24,6.174259294e-24,7.70066530812e-24,7.74556569313e-24,6.83960469741e-24],"var":[0.00000131967067318,0.00000421608319812,0.00000303239835375,0.00000117246065656,3.65225758969e-7,5.14979376476e-7,1.60102800351e-7,3.87717307149e-8,7.31432052703e-8,4.1090611802e-8,1.94465954451e-7,1.42774965184e-8,1.45892968817e-8,2.00040854992e-8,3.81666431792e-8,1.12797220453e-8,7.98848844852e-8,1.00261033253e-7,7.47659640865e-8,7.77327002766e-8,9.30154371304e-8,1.24097443432e-8,3.80596165694e-10,5.42659276889e-12,1.61276103149e-12,1.372319142e-12,1.77364600871e-12,2.67749906448e-12,1.90642206882e-12,7.05398196452e-13,4.91646789469e-14,1.75275596039e-14,1.45403420614e-14,1.55962668859e-14,7.67294197336e-15,3.6695161341e-15,2.75884538976e-15,2.11800461406e-15,1.38687859652e-15,9.08779955043e-16]},"melbands_crest":{"dmean":3.34353256226,"dmean2":5.51345396042,"dvar":8.46883869171,"dvar2":22.5012168884,"max":34.332862854,"mean":10.9924001694,"median":9.96557617188,"min":1.81283211708,"var":25.1289653778},"melbands_flatness_db":{"dmean":0.0248468089849,"dmean2":0.0391513668001,"dvar":0.000529443088453,"dvar2":0.00138777308166,"max":0.549045920372,"mean":0.23408024013,"median":0.222246944904,"min":0.00485719647259,"var":0.00299938488752},"melbands_kurtosis":{"dmean":1.98668777943,"dmean2":3.30408930779,"dvar":27.2949371338,"dvar2":73.7516937256,"max":137.329162598,"mean":1.94414377213,"median":-0.523574709892,"min":-1.87758815289,"var":83.7649078369},"melbands_skewness":{"dmean":0.515159964561,"dmean2":0.829243004322,"dvar":0.230075865984,"dvar2":0.587827682495,"max":10.0238742828,"mean":0.873196601868,"median":0.693278670311,"min":-3.91396474838,"var":1.72343814373},"melbands_spread":{"dmean":6.47663879395,"dmean2":10.4488859177,"dvar":33.917175293,"dvar2":86.9169998169,"max":154.273086548,"mean":33.5386276245,"median":35.054649353,"min":0.949952840805,"var":216.773834229},"mfcc":{"cov":[[10033.2138672,727.46472168,-2388.61303711,452.634277344,525.347717285,289.080200195,-327.538848877,-194.721954346,199.364212036,108.193878174,-233.518371582,300.555877686,98.9215393066],[727.46472168,1147.12182617,-59.9020500183,58.0069007874,266.279785156,200.385620117,26.5607585907,6.97502851486,4.99068117142,-75.1352005005,-87.6298904419,0.987218916416,6.12800073624],[-2388.61303711,-59.9020500183,1051.33569336,-15.5697584152,-30.9478302002,-11.7400217056,160.592407227,83.8913803101,-78.9057846069,-86.1285247803,58.2158508301,-110.898323059,-29.2492332458],[452.634277344,58.0069007874,-15.5697584152,223.100341797,90.4437026978,61.4229393005,17.4489364624,5.47795152664,-3.48532748222,-16.1929779053,-26.8897094727,35.7999839783,9.52131938934],[525.347717285,266.279785156,-30.9478302002,90.4437026978,237.111495972,136.491470337,27.2186336517,18.8643302917,27.2693061829,-24.159406662,-27.6093349457,10.6227807999,20.7959194183],[289.080200195,200.385620117,-11.7400217056,61.4229393005,136.491470337,139.339263916,54.0265274048,27.6763648987,13.539431572,-16.0677871704,-29.6926250458,4.60596084595,14.759262085],[-327.538848877,26.5607585907,160.592407227,17.4489364624,27.2186336517,54.0265274048,101.023071289,57.3178024292,0.606632530689,-18.6376247406,2.59870648384,-17.8421707153,-3.34285593033],[-194.721954346,6.97502851486,83.8913803101,5.47795152664,18.8643302917,27.6763648987,57.3178024292,86.188331604,44.4410896301,-1.06724834442,-2.70923686028,-8.48124599457,-8.56608104706],[199.364212036,4.99068117142,-78.9057846069,-3.48532748222,27.2693061829,13.539431572,0.606632530689,44.4410896301,91.1757507324,50.5214614868,-2.52888321877,5.38275957108,-1.58286070824],[108.193878174,-75.1352005005,-86.1285247803,-16.1929779053,-24.159406662,-16.0677871704,-18.6376247406,-1.06724834442,50.5214614868,104.520812988,47.6006698608,2.71665525436,3.63880324364],[-233.518371582,-87.6298904419,58.2158508301,-26.8897094727,-27.6093349457,-29.6926250458,2.59870648384,-2.70923686028,-2.52888321877,47.6006698608,90.9486923218,25.9019470215,4.20340251923],[300.555877686,0.987218916416,-110.898323059,35.7999839783,10.6227807999,4.60596084595,-17.8421707153,-8.48124599457,5.38275957108,2.71665525436,25.9019470215,87.9700012207,35.1192054749],[98.9215393066,6.12800073624,-29.2492332458,9.52131938934,20.7959194183,14.759262085,-3.34285593033,-8.56608104706,-1.58286070824,3.63880324364,4.20340251923,35.1192054749,57.7961654663]],"icov":[[0.000299099890981,-0.0000435885667684,0.000629396701697,-0.000403556186939,-0.000374034570996,0.0000220473648369,4.73801833323e-7,0.000285604066448,-0.000219619469135,0.000124051497551,0.0000353920113412,-0.00000782223287388,0.0000373631191906],[-0.0000435885667684,0.00137799023651,-0.000247529154876,0.000685325241648,-0.00104497780558,-0.00130047730636,0.000519768393133,0.0000702761244611,0.000496279564686,-0.000176014189492,0.00113506999332,-0.000874371908139,0.000912331452128],[0.000629396701697,-0.000247529154876,0.00369742093608,-0.00203892518766,-0.0000317799931508,0.000638612837065,-0.0017898051301,-0.000202932031243,-0.00125012721401,0.00457921950147,-0.00518601294607,0.00531236082315,-0.00230255140923],[-0.000403556186939,0.000685325241648,-0.00203892518766,0.00853053387254,-0.00436525465921,0.00142485683318,-0.00171950925142,-0.00155557109974,0.00661571370438,-0.0079943370074,0.00947577040642,-0.00962076801807,0.00489899376407],[-0.000374034570996,-0.00104497780558,-0.0000317799931508,-0.00436525465921,0.0170032475144,-0.0151246404275,0.00610255775973,0.00300502148457,-0.0121554704383,0.0134152239189,-0.0130039202049,0.00996065419167,-0.00628755567595],[0.0000220473648369,-0.00130047730636,0.000638612837065,0.00142485683318,-0.0151246404275,0.030535241589,-0.0165403541178,-0.000913100317121,0.00875829532743,-0.0121464235708,0.0133756604046,-0.0077387415804,0.0014751330018],[4.73801833323e-7,0.000519768393133,-0.0017898051301,-0.00171950925142,0.00610255775973,-0.0165403541178,0.0321475937963,-0.0176157057285,0.0042235464789,0.00449071265757,-0.00778593961149,0.00644849659875,-0.00292099430226],[0.000285604066448,0.0000702761244611,-0.000202932031243,-0.00155557109974,0.00300502148457,-0.000913100317121,-0.0176157057285,0.0382655486465,-0.0273440815508,0.0126022957265,-0.00509708095342,0.00141591881402,0.00142978248186],[-0.000219619469135,0.000496279564686,-0.00125012721401,0.00661571370438,-0.0121554704383,0.00875829532743,0.0042235464789,-0.0273440815508,0.046950802207,-0.0341076441109,0.0244469549507,-0.0168289616704,0.00881062820554],[0.000124051497551,-0.000176014189492,0.00457921950147,-0.0079943370074,0.0134152239189,-0.0121464235708,0.00449071265757,0.0126022957265,-0.0341076441109,0.047382414341,-0.0375659093261,0.026893472299,-0.0136835845187],[0.0000353920113412,0.00113506999332,-0.00518601294607,0.00947577040642,-0.0130039202049,0.0133756604046,-0.00778593961149,-0.00509708095342,0.0244469549507,-0.0375659093261,0.0475436374545,-0.0319157540798,0.014661192894],[-0.00000782223287388,-0.000874371908139,0.00531236082315,-0.00962076801807,0.00996065419167,-0.0077387415804,0.00644849659875,0.00141591881402,-0.0168289616704,0.026893472299,-0.0319157540798,0.040735244751,-0.0212307050824],[0.0000373631191906,0.000912331452128,-0.00230255140923,0.00489899376407,-0.00628755567595,0.0014751330018,-0.00292099430226,0.00142978248186,0.00881062820554,-0.0136835845187,0.014661192894,-0.0212307050824,0.0300349295139]],"mean":[-684.904846191,175.203094482,-54.4458885193,1.154748559,21.5786762238,13.1937618256,-17.3555049896,-9.55059623718,9.77559947968,1.47985005379,-16.3362216949,2.19765925407,1.43163883686]},"pitch_salience":{"dmean":0.0636003389955,"dmean2":0.10263273865,"dvar":0.00291622360237,"dvar2":0.00727459508926,"max":0.903062582016,"mean":0.630721330643,"median":0.65344440937,"min":0.0730764940381,"var":0.0106710055843},"silence_rate_20dB":{"dmean":0,"dmean2":0,"dvar":0,"dvar2":0,"max":1,"mean":1,"median":1,"min":1,"var":0},"silence_rate_30dB":{"dmean":0.000474270811537,"dmean2":0.000948766595684,"dvar":0.000474047032185,"dvar2":0.000947870954406,"max":1,"mean":0.998814582825,"median":1,"min":0,"var":0.00118399283383},"silence_rate_60dB":{"dmean":0.00474270805717,"dmean2":0.00948766618967,"dvar":0.00472057890147,"dvar2":0.0103472722694,"max":1,"mean":0.0972024649382,"median":0,"min":0,"var":0.087760001421},"spectral_centroid":{"dmean":159.736709595,"dmean2":255.469314575,"dvar":29274.2949219,"dvar2":58957.9414062,"max":11572.5771484,"mean":1405.02331543,"median":1460.47509766,"min":184.732330322,"var":475512.15625},"spectral_complexity":{"dmean":2.51553225517,"dmean2":4.22675514221,"dvar":4.56134796143,"dvar2":11.9110088348,"max":38,"mean":23.5149364471,"median":27,"min":0,"var":76.4210205078},"spectral_contrast_coeffs":{"dmean":[0.0576174072921,0.0521830171347,0.0388547591865,0.0317630618811,0.0291304010898,0.0264036189765],"dmean2":[0.0962433367968,0.0847960710526,0.0646363571286,0.0529948659241,0.0486452803016,0.0426187328994],"dvar":[0.00209857523441,0.00161475827917,0.000905484950636,0.000634871656075,0.000582985871006,0.000530429068021],"dvar2":[0.00571942795068,0.00428988412023,0.00243346276693,0.00167585827876,0.00156712939497,0.00137715635356],"max":[-0.329010218382,-0.432628720999,-0.552554309368,-0.531283199787,-0.548751175404,-0.65089482069],"mean":[-0.637980639935,-0.749320983887,-0.793642222881,-0.767493069172,-0.7366579175,-0.794193148613],"median":[-0.638675689697,-0.755006313324,-0.800796627998,-0.770352840424,-0.722999453545,-0.791265487671],"min":[-0.971470355988,-0.970641970634,-0.969196557999,-0.9661693573,-0.970551788807,-0.962787330151],"var":[0.00800564233214,0.00521531887352,0.00295349140652,0.00358588946983,0.00382707593963,0.00231306999922]},"spectral_contrast_valleys":{"dmean":[0.432933688164,0.340371161699,0.284872412682,0.229338169098,0.266760408878,0.544703900814],"dmean2":[0.716283619404,0.561763465405,0.468184232712,0.37051525712,0.42369928956,0.857828855515],"dvar":[0.135848641396,0.0909074917436,0.0705357789993,0.0630793944001,0.108406163752,0.216964498162],"dvar2":[0.323928833008,0.202336877584,0.152308061719,0.124788053334,0.245188996196,0.533590018749],"max":[-5.57175588608,-5.10967445374,-5.31327676773,-5.30213737488,-6.6044626236,-9.25742149353],"mean":[-7.80194807053,-6.74590206146,-6.96422195435,-6.73470973969,-8.14387702942,-11.3772716522],"median":[-7.52476119995,-6.47598648071,-6.66440153122,-6.27218484879,-7.68815565109,-11.1744813919],"min":[-27.6804943085,-27.8551425934,-27.8938140869,-27.4942741394,-27.4310112,-27.3293571472],"var":[2.57945489883,2.23632740974,2.2678835392,3.0725376606,2.68767809868,1.8970413208]},"spectral_decrease":{"dmean":1.73894543209e-9,"dmean2":2.83234502518e-9,"dvar":3.72586136132e-18,"dvar2":9.89039427069e-18,"max":3.4493623513e-9,"mean":-5.24831733628e-9,"median":-4.92273333208e-9,"min":-3.32292167116e-8,"var":1.26482301494e-17},"spectral_energy":{"dmean":0.00751486700028,"dmean2":0.0121273016557,"dvar":0.0000631724469713,"dvar2":0.000166580561199,"max":0.138325616717,"mean":0.0359753444791,"median":0.0373585596681,"min":1.01415299623e-20,"var":0.000322441803291},"spectral_energyband_high":{"dmean":0.000825419498142,"dmean2":0.00134657765739,"dvar":0.00000118027219287,"dvar2":0.00000315719853461,"max":0.0200423672795,"mean":0.00219675223343,"median":0.00194955884945,"min":7.39336697219e-21,"var":0.00000321910329149},"spectral_energyband_low":{"dmean":0.00289397547022,"dmean2":0.00467135803774,"dvar":0.000034640514059,"dvar2":0.0000882768581505,"max":0.115688294172,"mean":0.00510969338939,"median":0.00159676384646,"min":2.3727960997e-23,"var":0.0000957187730819},"spectral_energyband_middle_high":{"dmean":0.0038732602261,"dmean2":0.00629286654294,"dvar":0.0000215059189941,"dvar2":0.0000568964023842,"max":0.0607161521912,"mean":0.0148327546194,"median":0.0146079529077,"min":1.41270937566e-21,"var":0.0000919112426345},"spectral_energyband_middle_low":{"dmean":0.00385783449747,"dmean2":0.00618646014482,"dvar":0.0000227691962209,"dvar2":0.0000582098327868,"max":0.073148727417,"mean":0.0100322254002,"median":0.00830617547035,"min":1.73461602085e-22,"var":0.0000691163222655},"spectral_entropy":{"dmean":0.143282234669,"dmean2":0.230514645576,"dvar":0.0216158255935,"dvar2":0.0548258423805,"max":9.81714439392,"mean":7.18023300171,"median":7.22358608246,"min":5.54820299149,"var":0.0952682644129},"spectral_flux":{"dmean":0.015829982236,"dmean2":0.0259979106486,"dvar":0.000223682218348,"dvar2":0.000614327844232,"max":0.233651489019,"mean":0.107359074056,"median":0.114625573158,"min":6.50299744609e-11,"var":0.0015393870417},"spectral_kurtosis":{"dmean":8.38062667847,"dmean2":13.3405609131,"dvar":73.4027633667,"dvar2":183.885513306,"max":122.427955627,"mean":41.4019889832,"median":41.3420410156,"min":-1.29996085167,"var":167.006790161},"spectral_rms":{"dmean":0.000592719530687,"dmean2":0.000951176101808,"dvar":3.24646549643e-7,"dvar2":8.5432719743e-7,"max":0.0116168772802,"mean":0.00558691192418,"median":0.00603716634214,"min":3.14550100376e-12,"var":0.00000388434409615},"spectral_rolloff":{"dmean":2658.40820312,"dmean2":5149.74951172,"dvar":34494608,"dvar2":87689808,"max":22050,"mean":16108.7509766,"median":19961.2792969,"min":64.599609375,"var":58914204},"spectral_skewness":{"dmean":0.483946561813,"dmean2":0.768748223782,"dvar":0.245249912143,"dvar2":0.628176033497,"max":9.13030719757,"mean":4.69767093658,"median":4.71272134781,"min":-0.0796932354569,"var":0.650751650333},"spectral_spread":{"dmean":371842.25,"dmean2":606584.125,"dvar":512161447936,"dvar2":1269463777280,"max":48553512,"mean":2998048.75,"median":2789065,"min":1204827,"var":5196146540540},"spectral_strongpeak":{"dmean":2.94811415672,"dmean2":5.27369022369,"dvar":78.1529693604,"dvar2":210.12059021,"max":128.721939087,"mean":3.12020468712,"median":0.954230904579,"min":0,"var":67.9465560913},"zerocrossingrate":{"dmean":0.0291583910584,"dmean2":0.0381804443896,"dvar":0.000879230792634,"dvar2":0.00155649462249,"max":0.98388671875,"mean":0.305565088987,"median":0.30517578125,"min":0.02099609375,"var":0.00834191869944}},"metadata":{"audio_properties":{"analysis_sample_rate":44100,"bit_rate":320000,"codec":"mp3","downmix":"mix","equal_loudness":0,"length":97.9080047607,"lossless":false,"md5_encoded":"d56c0d356d03c64ec7d5b93d525ac5c4","replay_gain":-7.12404251099,"sample_rate":44100},"tags":{"album":["Projects in the Jungle"],"albumartist":["Pantera"],"albumartistsort":["Pantera"],"artist":["Pantera"],"artistsort":["Pantera"],"catalognumber":["MMR 1984"],"date":["1984"],"discnumber":["1/1"],"file_name":"03. Pantera - Blue Light Turnin' Red.mp3","genre":["Thrash Metal"],"label":["Metal Magic Records"],"musicbrainz album release country":["US"],"musicbrainz album status":["official"],"musicbrainz album type":["album"],"musicbrainz_albumartistid":["541f16f5-ad7a-428e-af89-9fa1b16d3c9c"],"musicbrainz_albumid":["b106b1bf-cff8-466a-bb66-f21727b9b9da"],"musicbrainz_artistid":["541f16f5-ad7a-428e-af89-9fa1b16d3c9c"],"musicbrainz_recordingid":["2d1c0075-ca9f-4e0b-bbfb-f0be344d65cb"],"musicip_puid":["2c6e5729-ecfd-fcef-55ab-3c9fd0c43ede"],"replaygain_album_gain":["-6.47 dB"],"replaygain_album_peak":["0.99337769"],"replaygain_track_gain":["-8.72 dB"],"replaygain_track_peak":["0.82324219"],"title":["Blue Light Turnin' Red"],"tracknumber":["3/10"]},"version":{"essentia":"2.1-beta1","essentia_build_sha":"ca57ba49d9b1854bd80e60cf9ccf267278fb7d6b","essentia_git_sha":"v2.1_beta1-28-g21ef5f4-dirty","extractor":"music 1.0"}},"rhythm":{"beats_count":180,"beats_loudness":{"dmean":0.0127148712054,"dmean2":0.0215461663902,"dvar":0.000188451449503,"dvar2":0.000479123351397,"max":0.0917243137956,"mean":0.0358022861183,"median":0.0367860496044,"min":0.000023290514946,"var":0.000323462300003},"beats_loudness_band_ratio":{"dmean":[0.137082323432,0.0981547310948,0.068852558732,0.069208547473,0.111630037427,0.0650589540601],"dmean2":[0.240087866783,0.170175492764,0.120945081115,0.11809168011,0.190234109759,0.109777823091],"dvar":[0.0202412288636,0.00827