{"lowlevel":{"average_loudness":0.856258630753,"barkbands":{"dmean":[0.00196018768474,0.0094642713666,0.00422007683665,0.00283395615406,0.00197331490926,0.00070506305201,0.000775372434873,0.000560803688131,0.000646226399112,0.000499993853737,0.000535083876457,0.000716312672012,0.00068603613181,0.000433764216723,0.000351929222234,0.000223549839575,0.000186416684301,0.000184379750863,0.000152590902871,0.000129669104354,0.000137333932798,0.000086038831796,0.0000236732721532,0.00000448816263088,0.00000281727216134,0.0000121591638162,0.000370269000996],"dmean2":[0.00321790785529,0.0157778300345,0.00697909947485,0.00458912504837,0.00321863149293,0.00113503320608,0.00124232715461,0.000914511969313,0.00105547264684,0.000821864639875,0.000879055180121,0.00117948383559,0.00111793156248,0.000710538413841,0.000586605165154,0.000370595167624,0.00030749826692,0.000307450070977,0.000243137576035,0.000194142645341,0.000199657122721,0.000122562501929,0.0000339696161973,0.00000673226895742,0.00000455685540146,0.0000172979889612,0.000563672045246],"dvar":[0.0000147679365909,0.000168683778611,0.0000541145309398,0.0000328861933667,0.0000178168120328,0.0000013326774706,0.00000319580703945,0.0000029168538731,0.00000177968252046,0.00000113604357921,0.00000158222792379,0.00000172101499629,0.00000249345634984,6.24375786629e-7,2.89497165795e-7,1.07514594561e-7,9.69108384652e-8,1.25683897068e-7,1.37224802188e-7,1.97121437395e-7,2.72818823532e-7,4.25035047158e-8,3.06374570158e-9,5.60589144549e-11,1.97621346371e-11,7.27014559665e-10,2.02963931883e-7],"dvar2":[0.0000365225678252,0.000441738229711,0.000135144902742,0.0000787870958447,0.0000442492564616,0.00000314434760185,0.00000776339675213,0.00000746690557207,0.00000471057774121,0.00000275660545412,0.00000405620676247,0.0000041826724555,0.00000594281118538,0.00000149874949784,7.50540948502e-7,2.72441980087e-7,2.43276076617e-7,3.23470828789e-7,3.18871002492e-7,4.15434698198e-7,5.50466609184e-7,8.50153014653e-8,6.02100191927e-9,1.10413608811e-10,4.87298430774e-11,1.25850252441e-9,4.51945822988e-7],"max":[0.0515558198094,0.139367848635,0.185734346509,0.140033066273,0.128593146801,0.037549443543,0.0480114966631,0.0511579364538,0.0280442852527,0.0294383279979,0.0386919006705,0.0424367077649,0.0553772896528,0.0250910669565,0.0117918681353,0.00756637891755,0.00655913492665,0.00650841882452,0.0080408891663,0.0119242388755,0.0127691822127,0.00454421760514,0.00153876515105,0.000194718741113,0.0000714632915333,0.000929256726522,0.0101309763268],"mean":[0.00210320367478,0.0133200585842,0.00627482729033,0.00412278855219,0.00295261107385,0.0011675786227,0.00128634343855,0.000807126692962,0.00108358822763,0.000786973570939,0.00083832279779,0.00129151262809,0.0011813925812,0.000809945515357,0.000682832440361,0.000436242640717,0.000354229559889,0.000330395705532,0.000278283638181,0.000230320409173,0.000232961421716,0.000158245777129,0.0000429629799328,0.00000754504299039,0.00000309066899717,0.0000240953195316,0.00144767772872],"median":[0.000805782387033,0.00873326510191,0.00288541568443,0.00143946241587,0.00134662701748,0.000696397852153,0.00055448024068,0.000269397336524,0.000513831502758,0.00040410325164,0.000424832454883,0.000768614234403,0.000611667521298,0.000490744248964,0.000462724361569,0.000296526879538,0.000204119627597,0.000139770883834,0.000109676402644,0.0000874635734363,0.0000775140579208,0.0000570709125896,0.0000152651082317,0.00000389125034417,0.00000136318180921,0.0000106508123281,0.00121086416766],"min":[7.28863004391e-25,2.42375126825e-24,2.55222929679e-25,1.14879841475e-24,6.82631791319e-24,7.6432346565e-24,6.82636051168e-24,3.19204775296e-24,1.4202280973e-23,2.26945942319e-23,1.33122029027e-23,2.24731436209e-23,1.96959446045e-23,4.2692849268e-23,4.14204797367e-23,6.07833420235e-23,5.4024583736e-23,7.86110241908e-23,9.90080137046e-23,1.86961132632e-22,2.60579386734e-22,2.74263435001e-22,4.05614304058e-22,5.77409882398e-22,8.13036046222e-22,1.20233549507e-21,1.96639350271e-21],"var":[0.0000149941279233,0.000217217791942,0.00012474542018,0.000073536648415,0.0000298061513604,0.00000260016145148,0.0000073152305049,0.00000482261293655,0.00000354747908204,0.00000194554399968,0.0000029058637665,0.00000363871754416,0.00000462246316602,0.00000141564396472,6.06108869761e-7,2.1371518244e-7,1.82520167868e-7,2.37226373656e-7,2.78027556533e-7,3.44960199072e-7,4.78478909827e-7,9.13209916575e-8,7.05708691484e-9,1.37895292407e-10,2.35852413988e-11,2.01239691577e-9,0.00000141153680033]},"barkbands_crest":{"dmean":3.24363684654,"dmean2":5.40971803665,"dvar":7.3735537529,"dvar2":19.9260406494,"max":24.8397674561,"mean":10.1037607193,"median":9.43699455261,"min":2.22307181358,"var":17.9453544617},"barkbands_flatness_db":{"dmean":0.0235286429524,"dmean2":0.0372270010412,"dvar":0.000418730865931,"dvar2":0.00102841539774,"max":0.342745780945,"mean":0.121936626732,"median":0.115752831101,"min":0.0248339083046,"var":0.00176409014966},"barkbands_kurtosis":{"dmean":3.85709095001,"dmean2":6.23067855835,"dvar":71.8692932129,"dvar2":172.658721924,"max":303.895202637,"mean":6.14658212662,"median":2.59673261642,"min":-1.78996098042,"var":159.973190308},"barkbands_skewness":{"dmean":0.613870561123,"dmean2":0.977180063725,"dvar":0.430868685246,"dvar2":1.03300845623,"max":15.2475357056,"mean":1.97390937805,"median":1.69516062737,"min":-2.14554429054,"var":1.84050107002},"barkbands_spread":{"dmean":8.86222076416,"dmean2":14.1825294495,"dvar":71.6720504761,"dvar2":173.75843811,"max":117.682357788,"mean":37.7391357422,"median":36.0663528442,"min":1.05581271648,"var":336.847717285},"dissonance":{"dmean":0.0130361141637,"dmean2":0.022258695215,"dvar":0.000193263796973,"dvar2":0.00054048927268,"max":0.500000178814,"mean":0.47936925292,"median":0.484271675348,"min":0.189456954598,"var":0.000312683667289},"dynamic_complexity":2.75993466377,"erbbands":{"dmean":[0.327454417944,2.03477549553,4.66364526749,7.1397395134,8.51202964783,6.41714906693,5.59859609604,5.62482309341,9.89258575439,11.6938238144,13.2454481125,13.137843132,14.4813241959,16.041425705,23.0407924652,26.6510238647,30.1548786163,21.7615585327,18.0113830566,15.4137029648,10.6137552261,10.0221967697,9.46511268616,8.88060665131,7.17460441589,5.77545595169,6.44514226913,4.59995603561,3.3316450119,1.78001153469,0.468893021345,0.13395370543,0.0603495314717,0.0317135453224,0.0202848501503,0.0141716981307,0.0206943377852,0.0536891072989,0.0234467480332,0.00821457151324],"dmean2":[0.559094786644,3.39239001274,7.68349790573,11.5040493011,13.7874832153,10.6001291275,9.14372634888,9.09956073761,15.9468431473,18.9017410278,21.6769104004,21.5121421814,23.7892513275,25.7084293365,38.1658172607,43.8638496399,49.0264053345,35.5444259644,29.8477210999,25.3530063629,17.468952179,16.5284919739,15.702041626,14.397356987,11.3233594894,8.56084823608,9.48893070221,6.64361286163,4.77965307236,2.54392337799,0.658841848373,0.193755820394,0.0933273509145,0.0512028001249,0.032706361264,0.022009305656,0.0279835946858,0.0707052499056,0.0309935547411,0.0126406885684],"dvar":[0.313365995884,7.68156003952,53.2358818054,183.703948975,346.410736084,159.999206543,99.8050765991,89.391204834,725.198669434,848.322875977,1375.84558105,747.788146973,908.522460938,1470.81921387,2688.15332031,2570.31542969,5732.06201172,1705.10827637,748.948425293,532.512573242,273.553833008,283.24319458,342.245330811,357.394958496,363.489501953,390.416931152,753.185241699,204.88999939,62.8134841919,17.9447307587,1.26839804649,0.0631977319717,0.00966909527779,0.00252575310878,0.000995915499516,0.000426554615842,0.00186901376583,0.0162331480533,0.00249004364014,0.000085280793428],"dvar2":[0.843350708485,20.0145492554,134.83253479,445.087860107,833.689208984,410.548034668,239.708953857,217.500869751,1802.20910645,2055.375,3526.61206055,1938.40100098,2313.38745117,3281.28881836,7165.91552734,6113.99853516,13536.6865234,4143.82666016,1848.04919434,1364.14672852,686.518371582,714.510986328,874.728820801,851.73614502,849.11730957,803.905578613,1586.43774414,396.545501709,125.924285889,36.1147766113,2.33920764923,0.115634091198,0.020787935704,0.00621627038345,0.00245339144021,0.000960576289799,0.00293339672498,0.026739994064,0.00458153849468,0.000194425156224],"max":[7.33459281921,37.8619270325,134.616607666,323.368225098,548.946166992,253.237747192,370.265197754,242.437515259,849.785461426,923.036865234,929.446594238,702.925170898,837.660522461,1213.2520752,1444.2355957,1808.82922363,2725.63183594,1275.77062988,882.172241211,566.52130127,388.727996826,390.638824463,325.234466553,448.042785645,655.137451172,460.248413086,771.098388672,369.971008301,166.603240967,91.5406646729,35.580581665,7.48199319839,2.18493294716,0.805307507515,0.504713833332,0.337998896837,1.60535097122,4.5246629715,1.67366182804,0.267640888691],"mean":[0.417307257652,2.83736920357,7.03446912766,11.4160966873,12.6096601486,9.01376724243,8.77818202972,9.40198898315,16.3358459473,18.6033916473,20.7135944366,22.5128231049,24.3193588257,27.6667690277,40.895111084,51.7434272766,55.4428138733,43.728553772,38.1230545044,32.1539573669,22.394695282,19.9571685791,17.5983257294,16.3127746582,13.3848438263,10.4763765335,10.547121048,8.06485557556,6.05176067352,3.22645711899,0.902103424072,0.244746774435,0.0932387039065,0.036677710712,0.0228748768568,0.0213192179799,0.0440378524363,0.117704130709,0.0701947808266,0.0423730686307],"median":[0.229018256068,1.84279942513,3.71382951736,4.68735027313,4.83716106415,3.95984315872,5.08275127411,5.63991308212,7.25297546387,7.2914390564,7.8790769577,11.0633716583,13.1373033524,14.5079059601,24.1835479736,31.6705169678,29.9719657898,25.8547382355,26.4754295349,22.6339950562,14.9789237976,11.5349807739,7.87066555023,6.84546661377,5.45020580292,4.01719522476,3.30073833466,2.85826516151,2.17123794556,1.12273263931,0.342591941357,0.11841057241,0.0493182837963,0.0173440128565,0.0105262594298,0.012341959402,0.020886760205,0.0432881452143,0.0354938022792,0.0383242964745],"min":[8.99106046883e-23,5.25425236165e-22,1.09138050481e-21,5.39047715417e-21,1.14058311e-20,2.20110886919e-20,5.02130329639e-20,6.59082584057e-20,5.99069144276e-20,7.74035227549e-20,2.20875085483e-19,3.60144745183e-19,6.94612511682e-19,6.30057217028e-19,7.75328433964e-19,1.32551898471e-18,1.78234426384e-18,1.65609023938e-18,2.22790592797e-18,3.64840623671e-18,3.2523360294e-18,3.92514612808e-18,4.76980341262e-18,4.39174630392e-18,4.39063622753e-18,8.22949335566e-18,8.64230942088e-18,1.04441428871e-17,1.11834909807e-17,8.61752626255e-18,1.10494107937e-17,1.12769069688e-17,9.62925086976e-18,8.85241908673e-18,6.04518315469e-18,4.03843637119e-18,2.45610872216e-18,8.87523024648e-19,2.31539821723e-19,2.79513473205e-20],"var":[0.321922272444,10.1882152557,108.524597168,416.924316406,677.325561523,242.17515564,172.48916626,172.948547363,1560.13879395,1776.57617188,2336.95483398,1508.42333984,1584.5090332,2909.24072266,4524.14111328,5704.83935547,10513.3398438,3958.76293945,1915.00415039,1155.83618164,564.025939941,560.871887207,637.785461426,715.688171387,712.009460449,695.47064209,1227.81152344,398.483703613,133.755615234,38.807094574,3.1675965786,0.169144287705,0.0203542802483,0.00307658361271,0.0012092726538,0.000813310558442,0.00594719219953,0.0489563792944,0.011013828218,0.00080565479584]},"erbbands_crest":{"dmean":2.17660784721,"dmean2":3.60203313828,"dvar":5.00621032715,"dvar2":12.5724277496,"max":31.2491722107,"mean":7.31615447998,"median":6.33497524261,"min":2.30012512207,"var":12.2773265839},"erbbands_flatness_db":{"dmean":0.0166266486049,"dmean2":0.0254136510193,"dvar":0.000205494667171,"dvar2":0.000464921438834,"max":0.303662598133,"mean":0.132329180837,"median":0.128406882286,"min":0.0371968075633,"var":0.00110479805153},"erbbands_kurtosis":{"dmean":0.808171749115,"dmean2":1.29887926579,"dvar":1.25068759918,"dvar2":2.82665395737,"max":32.4272117615,"mean":0.561183810234,"median":0.254697442055,"min":-1.75628221035,"var":2.69344830513},"erbbands_skewness":{"dmean":0.311546117067,"dmean2":0.486350119114,"dvar":0.0885316878557,"dvar2":0.190309375525,"max":3.8969244957,"mean":-0.209842145443,"median":-0.242264568806,"min":-4.63000392914,"var":0.391624987125},"erbbands_spread":{"dmean":6.56325149536,"dmean2":10.2640914917,"dvar":42.4467468262,"dvar2":99.500617981,"max":121.632553101,"mean":32.478302002,"median":29.8650512695,"min":4.439494133,"var":210.981826782},"gfcc":{"cov":[[18718.9472656,699.678161621,-1098.02258301,333.98928833,-97.0898208618,-273.877624512,211.545028687,-399.133270264,-30.7346801758,-131.228942871,-141.346740723,9.11400032043,-222.852767944],[699.678161621,764.311523438,-40.0523681641,-282.98147583,137.103134155,22.1643104553,-89.6982192993,12.4195947647,-9.60567760468,-29.6302490234,48.896270752,-88.6866607666,59.1305580139],[-1098.02258301,-40.0523681641,354.123626709,73.7099533081,-48.7366447449,86.9906005859,-65.9378585815,69.2279815674,-44.9883041382,24.5049648285,-16.2084255219,-1.35297966003,14.0557670593],[333.98928833,-282.98147583,73.7099533081,371.024780273,-15.8912706375,-74.626083374,94.2498168945,-32.7386779785,-15.3935041428,-16.9289340973,-38.2146873474,44.8739967346,-70.6123199463],[-97.0898208618,137.103134155,-48.7366447449,-15.8912706375,190.40071106,13.0223617554,-15.9775857925,6.25848674774,3.34289932251,-31.0594978333,22.8523311615,-20.2455062866,31.3341770172],[-273.877624512,22.1643104553,86.9906005859,-74.626083374,13.0223617554,159.472549438,-41.7614936829,49.7809066772,-18.031332016,16.0500774384,1.41073763371,-3.34139657021,34.2313766479],[211.545028687,-89.6982192993,-65.9378585815,94.2498168945,-15.9775857925,-41.7614936829,182.627319336,-44.9990692139,51.9207038879,0.0624911673367,-14.934882164,38.1822090149,-45.5571250916],[-399.133270264,12.4195947647,69.2279815674,-32.7386779785,6.25848674774,49.7809066772,-44.9990692139,137.158966064,5.89488077164,26.7604846954,21.6797370911,-23.4535503387,29.0981616974],[-30.7346801758,-9.60567760468,-44.9883041382,-15.3935041428,3.34289932251,-18.031332016,51.9207038879,5.89488077164,106.72882843,37.2906074524,5.57540225983,16.5980834961,-13.6570615768],[-131.228942871,-29.6302490234,24.5049648285,-16.9289340973,-31.0594978333,16.0500774384,0.0624911673367,26.7604846954,37.2906074524,67.8856201172,25.2901000977,9.05050754547,6.03495550156],[-141.346740723,48.896270752,-16.2084255219,-38.2146873474,22.8523311615,1.41073763371,-14.934882164,21.6797370911,5.57540225983,25.2901000977,61.6567115784,17.261636734,22.6441841125],[9.11400032043,-88.6866607666,-1.35297966003,44.8739967346,-20.2455062866,-3.34139657021,38.1822090149,-23.4535503387,16.5980834961,9.05050754547,17.261636734,74.9058837891,7.69329166412],[-222.852767944,59.1305580139,14.0557670593,-70.6123199463,31.3341770172,34.2313766479,-45.5571250916,29.0981616974,-13.6570615768,6.03495550156,22.6441841125,7.69329166412,81.3238983154]],"icov":[[0.000109622094897,-0.000356967415428,0.000617450044956,-0.000487881101435,0.000294292811304,-0.000263787136646,0.000209702935535,-0.0000213613748201,0.000189857310033,-0.000351677415892,0.000529431912582,-0.000309410243062,0.0000922067483771],[-0.000356967415428,0.00382147659548,-0.0029935115017,0.0034668368753,-0.00207891408354,0.00145187973976,-0.00113029859494,0.00109354872257,-0.00123994913884,0.00306060770527,-0.00439186254516,0.00384117127396,-0.000639636418782],[0.000617450044956,-0.0029935115017,0.00872593000531,-0.00531396083534,0.00304537918419,-0.00402583600953,0.00300657516345,-0.0019660028629,0.00247607636265,-0.00452443491668,0.00562156131491,-0.00309417024255,0.000134284709929],[-0.000487881101435,0.0034668368753,-0.00531396083534,0.0100974151865,-0.00547638302669,0.00573963532224,-0.00335159269162,-0.00144714349881,0.0036075853277,-0.000923090963624,0.0019359679427,-0.00355984456837,0.00463459128514],[0.000294292811304,-0.00207891408354,0.00304537918419,-0.00547638302669,0.0115043139085,-0.00472132489085,0.00131120765582,0.00179019384086,-0.00570909073576,0.00842848047614,-0.00740852812305,0.00613976689056,-0.00541687058285],[-0.000263787136646,0.00145187973976,-0.00402583600953,0.00573963532224,-0.00472132489085,0.0121538937092,-0.00147239246871,-0.00330118858255,0.00447276839986,-0.00469165761024,0.005458495114,-0.00455895625055,0.000971214205492],[0.000209702935535,-0.00113029859494,0.00300657516345,-0.00335159269162,0.00131120765582,-0.00147239246871,0.0101921213791,0.000758614507504,-0.00377031764947,0.000152376946062,0.00226074899547,-0.00394353223965,0.00261848419905],[-0.0000213613748201,0.00109354872257,-0.0019660028629,-0.00144714349881,0.00179019384086,-0.00330118858255,0.000758614507504,0.0128712020814,-0.00515663297847,0.00256232474931,-0.00873797573149,0.0094450507313,-0.00476760556921],[0.000189857310033,-0.00123994913884,0.00247607636265,0.0036075853277,-0.00570909073576,0.00447276839986,-0.00377031764947,-0.00515663297847,0.0220896527171,-0.0179936215281,0.0132982814685,-0.0111037250608,0.00656874803826],[-0.000351677415892,0.00306060770527,-0.00452443491668,-0.000923090963624,0.00842848047614,-0.00469165761024,0.000152376946062,0.00256232474931,-0.0179936215281,0.0385998599231,-0.0245375279337,0.01247866638,-0.00554705038667],[0.000529431912582,-0.00439186254516,0.00562156131491,0.0019359679427,-0.00740852812305,0.005458495114,0.00226074899547,-0.00873797573149,0.0132982814685,-0.0245375279337,0.0433476008475,-0.0223933961242,0.00440600235015],[-0.000309410243062,0.00384117127396,-0.00309417024255,-0.00355984456837,0.00613976689056,-0.00455895625055,-0.00394353223965,0.0094450507313,-0.0111037250608,0.01247866638,-0.0223933961242,0.0337797291577,-0.011983265169],[0.0000922067483771,-0.000639636418782,0.000134284709929,0.00463459128514,-0.00541687058285,0.000971214205492,0.00261848419905,-0.00476760556921,0.00656874803826,-0.00554705038667,0.00440600235015,-0.011983265169,0.0232878047973]],"mean":[11.4979152679,90.7923965454,-93.8280792236,2.12088990211,-1.39985990524,-12.3581504822,9.51121711731,-23.7336177826,2.35199141502,-8.15242290497,-6.50883197784,-2.07532572746,-9.99457168579]},"hfc":{"dmean":73.874130249,"dmean2":117.181297302,"dvar":8867.19921875,"dvar2":22115.234375,"max":2400.68725586,"mean":279.16885376,"median":248.104797363,"min":1.06677023443e-16,"var":38351.9335938},"melbands":{"dmean":[0.00273432536051,0.00243456917815,0.00123476563022,0.000511001097038,0.000194322507014,0.000130847038236,0.00014684748021,0.000124030862935,0.000115574337542,0.0000836454855744,0.0000753192289267,0.0000673399990774,0.0000747984304326,0.000084554150817,0.0000762652198318,0.0000641920123599,0.0000414634996559,0.0000323744752677,0.0000272878751275,0.0000180072711373,0.0000128880064949,0.0000113096475616,0.0000099752596725,0.0000089219356596,0.00000756170311433,0.0000059387652982,0.0000048823499128,0.00000398664587919,0.00000445661817139,0.00000357357066605,0.00000257525312009,0.0000021055752768,0.00000147553237184,8.49148534598e-7,3.09720547875e-7,1.21659553542e-7,6.81172096506e-8,4.57155699962e-8,3.12916590417e-8,2.55421852557e-8],"dmean2":[0.00460019009188,0.00397489545867,0.00197998154908,0.000830618257169,0.000316180929076,0.000210749174585,0.00023633929959,0.000200270005735,0.000189138561836,0.000137016191729,0.000123888734379,0.000108285050374,0.000123329285998,0.000139082709211,0.00012542278273,0.000103884871351,0.0000681995225023,0.0000538401072845,0.000045623841288,0.0000298088143609,0.0000214360479731,0.000018704959075,0.0000167841826624,0.0000148422177517,0.0000123380032164,0.00000960248416959,0.00000768979407439,0.00000601179135629,0.00000666272308081,0.00000524477945874,0.00000379697848985,0.00000310652126245,0.00000215509498958,0.00000124887890252,4.4896640361e-7,1.79038877945e-7,1.0194922595e-7,7.0880659564e-8,5.02211889852e-8,4.13828793455e-8],"dvar":[0.0000167539292306,0.0000118439838843,0.00000489426975037,0.00000115167540571,1.25307948906e-7,4.69219472166e-8,1.38852541909e-7,1.08055047576e-7,9.40946236483e-8,3.08710177421e-8,2.40889193037e-8,2.5554472316e-8,3.24083977432e-8,2.41414550572e-8,2.40026238885e-8,2.85496266628e-8,6.01447824877e-9,2.63331378925e-9,1.89280435769e-9,6.74241940057e-10,4.31135960266e-10,3.4297917284e-10,3.46030426535e-10,3.0463739864e-10,2.68987332408e-10,2.28219790288e-10,2.14671613818e-10,2.09434775078e-10,3.69463792893e-10,2.01232863706e-10,5.28087608365e-11,2.71019196668e-11,1.21271144168e-11,4.19222295767e-12,5.92067302303e-13,7.53693033548e-14,1.43022783693e-14,5.79171440828e-15,2.44651998991e-15,1.66453578487e-15],"dvar2":[0.0000441663141828,0.0000298066643154,0.0000117270710689,0.00000284543125417,3.08429804363e-7,1.13826772008e-7,3.42567204825e-7,2.67444022484e-7,2.45869529181e-7,7.88901672877e-8,6.13853927689e-8,5.72354998951e-8,8.51988417594e-8,5.97174718564e-8,5.84104427048e-8,6.81643967937e-8,1.47464263023e-8,6.43076214502e-9,4.98089391954e-9,1.71356751011e-9,1.08924191888e-9,8.7515256153e-10,9.09479214162e-10,7.8033773887e-10,6.56639853602e-10,5.50754608586e-10,5.01130137387e-10,4.47486131483e-10,8.11655409549e-10,4.17528345231e-10,1.05243556925e-10,5.70185947069e-11,2.50346288838e-11,8.82496332955e-12,1.14983402574e-12,1.56574392666e-13,2.82254993304e-14,1.24861702737e-14,5.91389382872e-15,4.10526206941e-15],"max":[0.053774997592,0.0515873096883,0.0484941229224,0.0324732214212,0.00970186945051,0.00530873984098,0.0113997356966,0.0110366670415,0.00718940561637,0.00443083839491,0.00413593370467,0.00464580673724,0.00585243944079,0.00425759889185,0.00545200984925,0.00696745701134,0.00232788152061,0.00180556776468,0.00106716167647,0.00053345906781,0.000466869416414,0.000394372938899,0.000367511209333,0.000341657578247,0.000425608159276,0.000418843206717,0.000610573100857,0.000388289859984,0.000541788467672,0.000448737147963,0.00020339708135,0.000132769462653,0.0000875777332112,0.00004951606752,0.0000262767771346,0.0000119489914141,0.00000365278287973,0.00000185226542726,7.53960364364e-7,6.57144198613e-7],"mean":[0.00380227691494,0.00382748199627,0.00209155399352,0.000766538723838,0.000315065612085,0.000225696654525,0.000246139563387,0.0001940762304,0.000177386464202,0.000141033888212,0.000121764824144,0.000110110588139,0.000124592101201,0.000147146114614,0.000132742265123,0.000111504530651,0.000076733987953,0.0000617661935394,0.0000513510349265,0.0000345442385878,0.0000243872254941,0.0000210008111026,0.0000172394684341,0.0000153160945047,0.0000130028092826,0.0000103462052721,0.00000841409473651,0.00000659054467178,0.00000682860581946,0.00000560770376978,0.00000439108316641,0.0000036364792777,0.00000256500629803,0.00000146387719724,5.61353601825e-7,2.15305078655e-7,1.1535011879e-7,7.03128364421e-8,3.89262737599e-8,2.76583538295e-8],"median":[0.00239920057356,0.00237475545146,0.000923733052332,0.000328448746586,0.000184089323739,0.000134380738018,0.000110926484922,0.0000726041616872,0.0000670064910082,0.0000691994500812,0.0000636732438579,0.000055573444115,0.0000687703868607,0.0000866881164256,0.0000728825689293,0.000056369437516,0.0000448808568763,0.0000413186862716,0.0000338135068887,0.0000238688880927,0.0000150306295836,0.0000122104147522,0.00000820540299173,0.00000627744111625,0.00000531694058736,0.00000399587679567,0.00000339358530255,0.00000236335336012,0.0000020047673388,0.00000175392119672,0.00000158039892995,0.00000128526789922,8.72352984516e-7,4.91406808578e-7,2.01165448743e-7,9.57495487341e-8,5.72625680206e-8,3.63047973906e-8,1.89121003302e-8,1.19253371622e-8],"min":[7.99392543432e-25,6.05522481796e-25,1.26934622183e-24,1.54068804499e-24,1.86665335825e-24,1.51698090125e-24,1.09169553483e-24,7.86609151071e-25,2.59597163399e-24,1.94929777934e-24,3.17521168631e-24,2.23662419242e-24,2.09270421165e-24,2.96325225525e-24,3.45125383857e-24,2.053090378e-24,3.02789861758e-24,2.51030350905e-24,3.28959868693e-24,3.72520274841e-24,3.00983744994e-24,3.26339430538e-24,3.27116182429e-24,3.73818503233e-24,2.83938314655e-24,2.94741271714e-24,3.34515480783e-24,4.05496830047e-24,4.97733878631e-24,4.4294240061e-24,5.17592978603e-24,5.84008124847e-24,5.41176527567e-24,4.30486089701e-24,5.64601160502e-24,5.66598871858e-24,5.20560752215e-24,5.89224862013e-24,5.34276203457e-24,5.92409296272e-24],"var":[0.000019623848857,0.000021729087166,0.0000121278553706,0.00000203804597732,2.0841866899e-7,1.01468984326e-7,3.0486737046e-7,2.12613144868e-7,1.66911462429e-7,6.17610780296e-8,4.19248458172e-8,4.8486707982e-8,5.70948870404e-8,4.83892961256e-8,4.78670649784e-8,4.91615921305e-8,1.28804602539e-8,6.17405371273e-9,3.65163632665e-9,1.34410782504e-9,7.95027321754e-10,6.42492892222e-10,5.80026027208e-10,5.42061229236e-10,4.94834950793e-10,4.25197238529e-10,3.47288531266e-10,3.36254524225e-10,5.66186764139e-10,3.31503491324e-10,1.00054721452e-10,5.21091572669e-11,2.51926517841e-11,8.38008828996e-12,1.35472167338e-12,1.64451284079e-13,3.44115605152e-14,1.21178456199e-14,3.47552187225e-15,1.96362735371e-15]},"melbands_crest":{"dmean":4.19699382782,"dmean2":6.98207426071,"dvar":12.320098877,"dvar2":32.9679374695,"max":34.4913635254,"mean":16.0093040466,"median":15.6304416656,"min":1.60948061943,"var":30.0345745087},"melbands_flatness_db":{"dmean":0.0325587056577,"dmean2":0.0512771829963,"dvar":0.000747659651097,"dvar2":0.0018142585177,"max":0.4815081954,"mean":0.231457665563,"median":0.227317780256,"min":0.00354461092502,"var":0.00382311758585},"melbands_kurtosis":{"dmean":7.94985055923,"dmean2":12.956867218,"dvar":200.24369812,"dvar2":499.420013428,"max":343.508270264,"mean":13.5384607315,"median":6.35951423645,"min":-1.75702702999,"var":555.705993652},"melbands_skewness":{"dmean":0.873564898968,"dmean2":1.3974930048,"dvar":0.698523700237,"dvar2":1.7631162405,"max":15.2113666534,"mean":2.82324838638,"median":2.46916389465,"min":-0.729075789452,"var":3.16799497604},"melbands_spread":{"dmean":7.27393102646,"dmean2":11.6738786697,"dvar":74.2732543945,"dvar2":167.304504395,"max":164.939987183,"mean":22.5078678131,"median":19.8150901794,"min":0.568215608597,"var":306.184356689},"mfcc":{"cov":[[7655.07177734,638.587646484,-468.570922852,656.877502441,-298.106567383,344.740539551,-96.7582397461,147.653747559,-131.114746094,25.8525943756,5.62069606781,-10.928601265,-83.5782470703],[638.587646484,1198.23339844,-154.85005188,-230.990112305,186.230514526,-29.4995231628,42.2793807983,-59.9510650635,28.2469291687,-22.0975131989,19.1220111847,-1.05971062183,22.5665893555],[-468.570922852,-154.85005188,377.390960693,-17.5350017548,7.6069521904,-17.1052074432,18.0176353455,-11.8180856705,17.8239860535,-11.2667713165,3.99788689613,-3.36751031876,5.50334787369],[656.877502441,-230.990112305,-17.5350017548,427.491790771,-100.668205261,71.9797058105,-14.0718107224,64.6447525024,-39.7422065735,10.6024875641,-4.18935441971,-5.29197597504,-22.3837852478],[-298.106567383,186.230514526,7.6069521904,-100.668205261,257.75201416,-59.1086730957,49.7493057251,-27.9913692474,23.0009765625,-20.3406677246,-9.30836391449,-6.1172618866,3.95353126526],[344.740539551,-29.4995231628,-17.1052074432,71.9797058105,-59.1086730957,153.428527832,-10.0715522766,38.269657135,-7.05954694748,2.57312893867,-14.6273241043,-2.79384875298,1.06216812134],[-96.7582397461,42.2793807983,18.0176353455,-14.0718107224,49.7493057251,-10.0715522766,93.2694091797,9.56553077698,7.18549346924,-15.3160276413,-6.90617418289,-6.652364254,4.17346954346],[147.653747559,-59.9510650635,-11.8180856705,64.6447525024,-27.9913692474,38.269657135,9.56553077698,80.5882339478,8.99543952942,10.7551059723,0.189809769392,1.04027020931,-2.58452773094],[-131.114746094,28.2469291687,17.8239860535,-39.7422065735,23.0009765625,-7.05954694748,7.18549346924,8.99543952942,67.0234603882,24.1391372681,8.11343097687,1.91287362576,7.54577207565],[25.8525943756,-22.0975131989,-11.2667713165,10.6024875641,-20.3406677246,2.57312893867,-15.3160276413,10.7551059723,24.1391372681,66.7954940796,29.2777080536,11.0583810806,-1.82679092884],[5.62069606781,19.1220111847,3.99788689613,-4.18935441971,-9.30836391449,-14.6273241043,-6.90617418289,0.189809769392,8.11343097687,29.2777080536,67.0933609009,19.7041854858,5.23731946945],[-10.928601265,-1.05971062183,-3.36751031876,-5.29197597504,-6.1172618866,-2.79384875298,-6.652364254,1.04027020931,1.91287362576,11.0583810806,19.7041854858,44.1391296387,17.2376079559],[-83.5782470703,22.5665893555,5.50334787369,-22.3837852478,3.95353126526,1.06216812134,4.17346954346,-2.58452773094,7.54577207565,-1.82679092884,5.23731946945,17.2376079559,46.3167457581]],"icov":[[0.000207048593438,-0.00019907639944,0.000124367012177,-0.000287426315481,0.000148869716213,-0.000255385530181,0.000106781968498,-0.000127459221403,0.000192846069694,-0.0000182821731869,-0.0000306613619614,-0.0000566014095966,0.000285737332888],[-0.00019907639944,0.00133350142278,0.000437378825154,0.0006837733672,-0.000752814346924,-0.000148134684423,-0.000361655518645,0.00069463904947,-0.00051571149379,0.00050396512961,-0.00074099691119,0.000348735746229,-0.000533560989425],[0.000124367012177,0.000437378825154,0.00312624615617,-0.0000691888926667,0.0000314938733936,-0.000174574379344,-0.00054832897149,0.000743400363717,-0.00119519117288,0.00116077589337,-0.000876389327459,0.000353295181412,-0.0000932602488319],[-0.000287426315481,0.0006837733672,-0.0000691888926667,0.00371755775996,0.000189663202036,-0.000391913519707,-0.000220872563659,-0.00178100692574,0.00168169976678,-0.000559938082006,-0.000103153273812,0.000329997244989,0.000459125905763],[0.000148869716213,-0.000752814346924,0.0000314938733936,0.000189663202036,0.00568027701229,0.00129302893765,-0.00215744320303,0.000695140915923,-0.0014905272983,0.00097978184931,0.000831668090541,-0.000265011272859,0.000728080805857],[-0.000255385530181,-0.000148134684423,-0.000174574379344,-0.000391913519707,0.00129302893765,0.0088255032897,0.000543248082977,-0.00318831205368,0.000288012233796,-0.000495631946251,0.00239694304764,0.000432470289525,-0.00159541121684],[0.000106781968498,-0.000361655518645,-0.00054832897149,-0.000220872563659,-0.00215744320303,0.000543248082977,0.0132716624066,-0.00329752638936,-0.000652678019833,0.00267620873637,-0.000181136696483,0.00170206814073,-0.00128196284641],[-0.000127459221403,0.00069463904947,0.000743400363717,-0.00178100692574,0.000695140915923,-0.00318831205368,-0.00329752638936,0.0174428075552,-0.00412005698308,-0.000743656477425,-0.00027227748069,-0.00101846177131,0.000818469503429],[0.000192846069694,-0.00051571149379,-0.00119519117288,0.00168169976678,-0.0014905272983,0.000288012233796,-0.000652678019833,-0.00412005698308,0.0215579718351,-0.00944986008108,0.00125999806914,0.00212084432133,-0.00331312906928],[-0.0000182821731869,0.00050396512961,0.00116077589337,-0.000559938082006,0.00097978184931,-0.000495631946251,0.00267620873637,-0.000743656477425,-0.00944986008108,0.0243185628206,-0.00895371194929,-0.00245253485627,0.00338193075731],[-0.0000306613619614,-0.00074099691119,-0.000876389327459,-0.000103153273812,0.000831668090541,0.00239694304764,-0.000181136696483,-0.00027227748069,0.00125999806914,-0.00895371194929,0.0216976553202,-0.00733810802922,-0.0000457458299934],[-0.0000566014095966,0.000348735746229,0.000353295181412,0.000329997244989,-0.000265011272859,0.000432470289525,0.00170206814073,-0.00101846177131,0.00212084432133,-0.00245253485627,-0.00733810802922,0.0313250310719,-0.0116227036342],[0.000285737332888,-0.000533560989425,-0.0000932602488319,0.000459125905763,0.000728080805857,-0.00159541121684,-0.00128196284641,0.000818469503429,-0.00331312906928,0.00338193075731,-0.0000457458299934,-0.0116227036342,0.0277385506779]],"mean":[-647.184570312,154.812255859,-26.1327590942,34.0545883179,-0.0365850143135,29.4615478516,2.74607419968,10.4527797699,2.40830278397,2.83646202087,4.34519195557,1.62638294697,2.10038042068]},"pitch_salience":{"dmean":0.078863941133,"dmean2":0.129859045148,"dvar":0.00460477173328,"dvar2":0.0122880991548,"max":0.966630518436,"mean":0.555583059788,"median":0.568216562271,"min":0.131395563483,"var":0.0120331859216},"silence_rate_20dB":{"dmean":0,"dmean2":0,"dvar":0,"dvar2":0,"max":1,"mean":1,"median":1,"min":1,"var":0},"silence_rate_30dB":{"dmean":0.0523966625333,"dmean2":0.104800105095,"dvar":0.0496520847082,"dvar2":0.114133492112,"max":1,"mean":0.932082772255,"median":1,"min":0,"var":0.0633130669594},"silence_rate_60dB":{"dmean":0.00245811510831,"dmean2":0.00491654826328,"dvar":0.00245216395706,"dvar2":0.00528038991615,"max":1,"mean":0.0446959882975,"median":0,"min":0,"var":0.0426992066205},"spectral_centroid":{"dmean":241.303695679,"dmean2":368.639526367,"dvar":84094.4921875,"dvar2":160196.640625,"max":11738.5419922,"mean":1362.68969727,"median":1206.27661133,"min":180.130859375,"var":1135058.375},"spectral_complexity":{"dmean":3.89986419678,"dmean2":5.93595552444,"dvar":16.535785675,"dvar2":30.7153434753,"max":62,"mean":25.2501945496,"median":25,"min":0,"var":131.858825684},"spectral_contrast_coeffs":{"dmean":[0.0541827455163,0.0466600991786,0.0357907041907,0.0268249418586,0.0206873249263,0.0401801727712],"dmean2":[0.0898210853338,0.0780632644892,0.0603329688311,0.0451443903148,0.0341163612902,0.0605543702841],"dvar":[0.00183814321645,0.0013773671817,0.000795928761363,0.00044857073226,0.000313548836857,0.00131573772524],"dvar2":[0.00499982107431,0.00383092020638,0.00223533180542,0.00125636300072,0.000810785451904,0.00282182078809],"max":[-0.298118948936,-0.514856517315,-0.575442194939,-0.594162106514,-0.637857317924,-0.403914153576],"mean":[-0.688166797161,-0.779241263866,-0.809875369072,-0.81372064352,-0.81148815155,-0.704451501369],"median":[-0.693933486938,-0.784858882427,-0.814674854279,-0.81688773632,-0.812094688416,-0.696303248405],"min":[-0.984350204468,-0.982082307339,-0.975552678108,-0.969839215279,-0.966599464417,-0.964944779873],"var":[0.00669260183349,0.00383444852196,0.00239279051311,0.00160855369177,0.00114304712042,0.00690559111536]},"spectral_contrast_valleys":{"dmean":[0.385829478502,0.337487876415,0.274617910385,0.235993087292,0.24259762466,0.505777716637],"dmean2":[0.642499029636,0.558353722095,0.453062623739,0.379700809717,0.354832470417,0.783309698105],"dvar":[0.0958559736609,0.0754132717848,0.0542181059718,0.0516253635287,0.0790095850825,0.186829090118],"dvar2":[0.253917187452,0.19371175766,0.126711145043,0.105919703841,0.137765496969,0.474814325571],"max":[-5.02840995789,-4.88693094254,-5.1558880806,-5.3466553688,-5.28827857971,-8.96016693115],"mean":[-6.79108905792,-6.67665576935,-6.86257982254,-7.06792020798,-7.53800725937,-11.1236286163],"median":[-6.48099374771,-6.39119243622,-6.56703901291,-6.7398223877,-7.27633190155,-10.8853263855],"min":[-27.9762306213,-28.2401351929,-28.2396240234,-27.7520599365,-27.4840335846,-27.4684104919],"var":[4.40452241898,4.3521604538,4.21825408936,4.2087931633,4.20517396927,3.05964207649]},"spectral_decrease":{"dmean":4.10941503048e-9,"dmean2":6.57742704746e-9,"dvar":2.43611771063e-17,"dvar2":6.04636337598e-17,"max":2.28729479801e-8,"mean":-7.31583460478e-9,"median":-5.63455149205e-9,"min":-6.49306244327e-8,"var":4.9585490712e-17},"spectral_energy":{"dmean":0.0160830356181,"dmean2":0.0256339665502,"dvar":0.000361505488399,"dvar2":0.000890507071745,"max":0.266434788704,"mean":0.0529329776764,"median":0.0473584793508,"min":9.71255280421e-21,"var":0.00113446207251},"spectral_energyband_high":{"dmean":0.000467110832687,"dmean2":0.000626893248409,"dvar":0.00000117970262181,"dvar2":0.00000219153594117,"max":0.0256217624992,"mean":0.00134493480437,"median":0.000776374945417,"min":6.91799338274e-21,"var":0.00000359228465641},"spectral_energyband_low":{"dmean":0.0133301084861,"dmean2":0.0217839572579,"dvar":0.000295652280329,"dvar2":0.000751204206608,"max":0.232590779662,"mean":0.0232828557491,"median":0.0165059268475,"min":1.84436878709e-23,"var":0.000516322324984},"spectral_energyband_middle_high":{"dmean":0.00207495386712,"dmean2":0.0032447129488,"dvar":0.00000913099211175,"dvar2":0.0000210752750718,"max":0.0763769745827,"mean":0.00700059346855,"median":0.00526753766462,"min":1.2037163172e-21,"var":0.0000395901115553},"spectral_energyband_middle_low":{"dmean":0.00502011179924,"dmean2":0.00795346777886,"dvar":0.0000624013773631,"dvar2":0.00014959287364,"max":0.169462010264,"mean":0.0116229373962,"median":0.00750814005733,"min":1.23881706814e-22,"var":0.000171178136952},"spectral_entropy":{"dmean":0.122132919729,"dmean2":0.181967392564,"dvar":0.0146442754194,"dvar2":0.0294626690447,"max":9.82401657104,"mean":7.67901802063,"median":7.72296762466,"min":5.81137561798,"var":0.123817004263},"spectral_flux":{"dmean":0.0260458178818,"dmean2":0.0426546037197,"dvar":0.000740761985071,"dvar2":0.0017981788842,"max":0.361928552389,"mean":0.123605139554,"median":0.121107406914,"min":6.4345140327e-11,"var":0.00255073211156},"spectral_kurtosis":{"dmean":3.73847436905,"dmean2":5.59172058105,"dvar":22.2285041809,"dvar2":48.7429161072,"max":80.8029098511,"mean":18.8445129395,"median":16.739112854,"min":-1.29795920849,"var":92.8635864258},"spectral_rms":{"dmean":0.00102732691448,"dmean2":0.00161717890296,"dvar":0.00000106942729872,"dvar2":0.0000025823701435,"max":0.0161225423217,"mean":0.00675563933328,"median":0.00679730810225,"min":3.07825618294e-12,"var":0.00000600355997449},"spectral_rolloff":{"dmean":3755.04785156,"dmean2":7150.30126953,"dvar":48136560,"dvar2":117534504,"max":22028.4667969,"mean":17360.9589844,"median":21210.2050781,"min":64.599609375,"var":60859896},"spectral_skewness":{"dmean":0.316135674715,"dmean2":0.457890719175,"dvar":0.131622135639,"dvar2":0.254969477654,"max":6.39167881012,"mean":2.85862064362,"median":2.73527288437,"min":-0.0904952734709,"var":0.808766841888},"spectral_spread":{"dmean":408365.40625,"dmean2":628651,"dvar":254046633984,"dvar2":541077143552,"max":42942760,"mean":4402815.5,"median":4054970.75,"min":1549639,"var":11695867035600},"spectral_strongpeak":{"dmean":7.59321689606,"dmean2":14.2078838348,"dvar":537.826171875,"dvar2":1430.17407227,"max":251.724212646,"mean":6.91911172867,"median":0.317684650421,"min":0,"var":577.270996094},"zerocrossingrate":{"dmean":0.043114233762,"dmean2":0.0546755902469,"dvar":0.00125440978445,"dvar2":0.00205846433528,"max":0.82080078125,"mean":0.326959222555,"median":0.3232421875,"min":0.03466796875,"var":0.00930348038673}},"metadata":{"audio_properties":{"analysis_sample_rate":44100,"bit_rate":320000,"codec":"mp3","downmix":"mix","equal_loudness":0,"length":358.949645996,"lossless":false,"md5_encoded":"1c3c50370b5ffd30ff24cf6afedb30d7","replay_gain":-6.71369552612,"sample_rate":44100},"tags":{"album":["The Eternal Idol"],"albumartist":["Black Sabbath"],"albumartistsort":["Black Sabbath","Black Sabbath"],"albumsort":["Eternal Idol, The"],"artist":["Black Sabbath"],"artistsort":["Black Sabbath"],"asin":["B000002LB4"],"barcode":["042283270817"],"catalognumber":["832 708-1"],"date":["1987"],"discnumber":["1/1"],"file_name":"01. Black Sabbath - The Shining.mp3","genre":["Heavy Metal"],"label":["Vertigo"],"language":["eng"],"media":["Vinyl"],"musicbrainz album release country":["GB"],"musicbrainz album status":["official"],"musicbrainz album type":["album"],"musicbrainz_albumartistid":["5182c1d9-c7d2-4dad-afa0-ccfeada921a8"],"musicbrainz_albumid":["2ad68aea-404a-4494-afa4-258722da3c16"],"musicbrainz_artistid":["5182c1d9-c7d2-4dad-afa0-ccfeada921a8"],"musicbrainz_recordingid":["2d1d177c-3955-4a1d-91a6-40d8420cd1d9"],"script":["Latn"],"title":["The Shining"],"tracknumber":["1/9"]},"version":{"essentia":"2.1-beta1","essentia_build_sha":"ca57ba49d9b1854bd80e60cf9ccf267278fb7d6b","essentia_git_sha":"v2.1_beta1-28-g21ef5f4-dirty","extractor":"music 1.0"}},"rhythm":{"beats_count":590,"beats_loudness":{"dmean":0.0331433154643,"dmean2":0.0595996566117,"dvar":0.000759136048146,"dvar2":0.00232782401145,"max":0.222395792603,"mean":0.0692957639694,"median":0.065683029592,"min":0,"var":0.0013799094595},"beats_loudness_band_ratio":{"dmean":[0.181228280067,0.0586865283549,0.0501629412174,0.0550899282098,0.0368933044374,0.104888834059],"dmean2":[0.313403785229,0.107161015272,0.087196290493,0.0972954258323,0.0644596144557,0.184271842241],"dvar":[0.0166410077363,0.00422438653186,0.00430720485747,0.00399326207116,0.00126118725166,0.00707432767376],"dv