{"lowlevel":{"average_loudness":0.90261900425,"barkbands":{"dmean":[0.00144006661139,0.00350056122988,0.00122961052693,0.000754705863073,0.00158131483477,0.00112949684262,0.000705049780663,0.000495236192364,0.000726236030459,0.000911630049814,0.000741130090319,0.00126584258396,0.00096933968598,0.000806156429462,0.000666154315695,0.000206563519896,0.000220938512939,0.000290690601105,0.000249034288572,0.000131071254145,0.0000609493690717,0.0000374440423911,0.0000201362945518,0.0000034519455312,0.00000190305877368,0.00000839434505906,0.000360017322237],"dmean2":[0.00242290017195,0.00583045650274,0.00204973993823,0.00127228931524,0.00255237310193,0.00178817298729,0.00110555021092,0.000800949637778,0.00117108016275,0.00147264823318,0.00121618132107,0.00207631429657,0.00161093461793,0.00133825012017,0.00110473972745,0.000346789573086,0.000366446183762,0.000473205553135,0.000391218811274,0.000199429880013,0.0000905830092961,0.0000567326496821,0.0000307214068016,0.00000556099575988,0.0000031729884995,0.0000128338915601,0.000576612481382],"dvar":[0.0000164687571669,0.0000504792951688,0.00000413527959608,0.00000151581514274,0.00000586154055782,0.00000701721410223,0.00000268172993856,0.00000125756673697,0.00000309332244797,0.00000394282596972,0.00000210962912206,0.00000587140402786,0.00000240032863985,0.00000199183682525,0.00000126681243273,1.13014593239e-7,1.71158987428e-7,3.46499575699e-7,5.49627827695e-7,1.78798543971e-7,2.77222600431e-8,8.78959749429e-9,3.64634966665e-9,6.6395756948e-11,9.55134148856e-12,1.00939201442e-9,2.93228083592e-7],"dvar2":[0.0000413079396822,0.00013424109784,0.0000114173617476,0.00000412310419051,0.0000147034043039,0.0000168006008607,0.00000596640757067,0.00000304045352095,0.00000739938559491,0.0000101724672277,0.00000550426420887,0.0000147316804942,0.00000623945970801,0.0000052965406212,0.00000323213453157,3.01538648273e-7,4.44305754854e-7,8.77807224242e-7,0.00000120771733236,3.66857221934e-7,5.50440582003e-8,1.85470536707e-8,8.72048122602e-9,1.68878730444e-10,2.42463896183e-11,2.49791676232e-9,7.66655034568e-7],"max":[0.0734117478132,0.128000095487,0.0492748580873,0.0248384363949,0.0491593927145,0.0646621435881,0.0536028444767,0.0321293435991,0.0841091275215,0.0525328665972,0.039440408349,0.0677527263761,0.0472364239395,0.0303629040718,0.0315614938736,0.00661114323884,0.0108464192599,0.0173602066934,0.0433723442256,0.0180880911648,0.00590017391369,0.00379476207308,0.00268987519667,0.000292537821224,0.0000418055096816,0.00227321893908,0.0181537810713],"mean":[0.00157607672736,0.00460513588041,0.00171736732591,0.00105551234446,0.00301290908828,0.00181061693002,0.00115846726112,0.000786469026934,0.00116032524966,0.00145128136501,0.00118662568275,0.0022784024477,0.00173464429099,0.00147612672299,0.00129306747112,0.000414847425418,0.000463800184662,0.000623468542472,0.000503332936205,0.000263384572463,0.000129651365569,0.0000773588544689,0.000031011608371,0.00000464642698716,0.00000204327557185,0.0000139066587508,0.0013459068723],"median":[0.000540847657248,0.00215218961239,0.000839576474391,0.000535856524948,0.00153885548934,0.000681715260725,0.000498776847962,0.000316340127029,0.000563404057175,0.000686449056957,0.00063999381382,0.0011681112228,0.00109028676525,0.000957218464464,0.000806880183518,0.000270979013294,0.00026585982414,0.000325985602103,0.000193684318219,0.000108191277832,0.0000562812856515,0.0000345411790477,0.0000118932020996,0.00000216925286622,8.58825274008e-7,0.0000066508373493,0.00098338490352],"min":[9.97985485726e-24,6.84827191218e-24,4.42943426129e-24,8.79332443655e-24,6.24462545008e-23,8.97028376585e-23,6.54332352977e-23,1.0086047368e-23,5.71100269956e-23,2.60036227601e-23,8.54933748941e-23,1.02039378971e-22,6.12326961278e-23,1.01590397209e-22,6.11106057032e-23,1.75826215804e-22,2.27645062408e-22,2.48270758475e-22,3.0917801477e-22,3.38175128007e-22,4.83391243525e-22,4.32015067797e-22,7.3202959856e-22,7.98879817371e-22,9.57431569694e-22,1.76720513965e-21,2.20133804023e-21],"var":[0.0000146565116665,0.0000546072951693,0.00000662252568873,0.00000255270242633,0.0000187424866454,0.0000143042116179,0.00000579150992053,0.00000268104327006,0.00000571830651097,0.00000712800920155,0.00000363312983609,0.000014507607375,0.00000510980180479,0.00000367446955352,0.00000293698008136,2.45878084115e-7,4.10909876791e-7,8.53624442243e-7,0.00000122524113522,4.05169572559e-7,6.93861892387e-8,2.08444870253e-8,4.88800955267e-9,7.916784589e-11,1.0434678295e-11,1.2006099448e-9,0.00000217327169594]},"barkbands_crest":{"dmean":2.26915121078,"dmean2":3.73409342766,"dvar":4.39437437057,"dvar2":11.5075845718,"max":25.4957809448,"mean":7.66156816483,"median":6.69418716431,"min":2.14227414131,"var":12.8450918198},"barkbands_flatness_db":{"dmean":0.0174007192254,"dmean2":0.0272120907903,"dvar":0.000251652149018,"dvar2":0.000622085412033,"max":0.34298029542,"mean":0.109174512327,"median":0.104346714914,"min":0.0305991042405,"var":0.00117203989066},"barkbands_kurtosis":{"dmean":1.62258625031,"dmean2":2.61943054199,"dvar":13.8898077011,"dvar2":34.9368934631,"max":172.491470337,"mean":2.82015299797,"median":1.18631029129,"min":-1.61938202381,"var":67.8366851807},"barkbands_skewness":{"dmean":0.379788398743,"dmean2":0.596715688705,"dvar":0.170487329364,"dvar2":0.412337958813,"max":11.2103071213,"mean":1.19318425655,"median":1.0385351181,"min":-2.12394213676,"var":0.933976411819},"barkbands_spread":{"dmean":6.57077884674,"dmean2":10.3627500534,"dvar":37.6935806274,"dvar2":91.8299102783,"max":95.8622131348,"mean":35.6379928589,"median":34.2282066345,"min":1.07014763355,"var":211.821365356},"dissonance":{"dmean":0.0152790239081,"dmean2":0.0261500254273,"dvar":0.000253300386248,"dvar2":0.000721091753803,"max":0.500000119209,"mean":0.475294291973,"median":0.481411755085,"min":0.263209074736,"var":0.000483936950332},"dynamic_complexity":3.08623766899,"erbbands":{"dmean":[0.155668720603,0.635702550411,1.33156383038,1.97136831284,4.50628662109,5.33228969574,5.25870275497,10.92233181,11.8980455399,9.56944465637,10.8597536087,14.74010849,22.988193512,31.4501495361,33.9017410278,48.3365402222,42.7693977356,38.4446563721,36.8347969055,20.8546524048,9.81688213348,11.5436372757,14.7563066483,14.413564682,10.1856145859,6.04996013641,3.23511147499,2.09124112129,1.48656773567,0.870205402374,0.469145029783,0.110713817179,0.0437279641628,0.0222891066223,0.0133133176714,0.00995343830436,0.0138163911179,0.0195993296802,0.0130645167083,0.00800190772861],"dmean2":[0.263653069735,1.05855453014,2.22891950607,3.2756023407,7.50285482407,8.55767822266,8.47846126556,17.2185649872,18.5552959442,15.1903362274,17.6119251251,23.5976390839,37.3379554749,50.7272872925,55.6650505066,79.298034668,70.6233978271,63.6957206726,61.2772102356,34.266834259,16.4086532593,18.9480609894,23.9487171173,22.8810386658,15.6510314941,9.12113571167,4.8454618454,3.1215941906,2.26098942757,1.31264770031,0.711978495121,0.171430006623,0.0720031931996,0.0372269265354,0.0221614912152,0.0162608195096,0.0204967558384,0.0288155451417,0.0191519800574,0.0126328645274],"dvar":[0.160836979747,1.19223153591,4.69653367996,9.53255844116,48.9273376465,88.1330795288,127.39176178,741.667236328,949.791564941,336.506469727,655.213500977,1213.33825684,3574.6184082,4406.64794922,3570.23339844,8434.65527344,4897.11328125,4761.97802734,2884.56835938,1547.66333008,273.060546875,489.629150391,807.714172363,1274.47509766,1082.54089355,376.785919189,87.1809005737,34.5621871948,14.232875824,4.92541217804,2.12346410751,0.0819820910692,0.00873477756977,0.00140276632737,0.000458516587969,0.000314507633448,0.0020667721983,0.00263280095533,0.000585035711993,0.000132472778205],"dvar2":[0.433945566416,3.13463020325,13.1131858826,24.8107299805,131.8671875,215.377349854,320.05947876,1770.48754883,2098.85888672,764.120300293,1643.39331055,2833.43603516,9257.87890625,10683.5566406,9031.82421875,21293.7109375,12529.7363281,12616.1191406,7691.03759766,3868.9855957,707.607543945,1251.10217285,2018.00537109,2983.07275391,2311.58837891,733.731811523,177.458740234,70.5187149048,30.6404628754,11.4112997055,5.00324869156,0.202657178044,0.0225884299725,0.00359129649587,0.00115976692177,0.000783250143286,0.00484609603882,0.00589693523943,0.00116235215683,0.000341285980539],"max":[7.43488168716,14.2768936157,44.9778938293,65.892364502,150.431289673,219.998931885,349.185791016,736.000854492,964.223449707,676.417602539,818.437194824,1481.64990234,1853.21594238,2156.84472656,1198.52062988,3350.03344727,2061.16870117,1596.56274414,952.546813965,1085.92504883,452.103179932,549.131408691,840.318603516,1189.76611328,1875.74975586,718.179931641,353.843200684,287.426544189,158.689422607,81.8968276978,77.922668457,14.5087013245,2.50196957588,0.715206027031,0.293443322182,0.480324447155,3.35863232613,2.57176446915,0.729177117348,0.392402112484],"mean":[0.177649587393,0.87127405405,1.93689131737,3.11261606216,7.50236177444,9.61166381836,8.60804748535,17.162935257,19.6226902008,16.1117019653,17.7520008087,24.4892711639,37.0999717712,54.1720161438,61.759437561,92.455871582,81.5462112427,76.171257019,76.9940032959,45.06665802,22.1166687012,26.367975235,34.0056686401,29.5342617035,21.3642349243,12.5215139389,6.65941381454,4.5211520195,3.04134249687,1.6224091053,0.731109082699,0.172772333026,0.0508694909513,0.0240766946226,0.0145994359627,0.0123177971691,0.0247915200889,0.0469846352935,0.0493874922395,0.0370748415589],"median":[0.0682485327125,0.415400862694,0.983033061028,1.76049888134,3.81098842621,4.18413972855,4.04106903076,5.87385368347,6.83530139923,7.85858345032,8.09976863861,12.5859622955,18.6965751648,26.8534564972,38.7148170471,51.7289047241,53.2618637085,52.6330490112,54.464050293,29.7919979095,15.023273468,15.7530841827,19.653717041,12.1676578522,7.94146108627,5.3010725975,2.83010315895,1.95734739304,1.34955096245,0.699367046356,0.294067531824,0.083196207881,0.0221719481051,0.0102934353054,0.00629571639001,0.00601013796404,0.0127754900604,0.0265707410872,0.0321969278157,0.0303079523146],"min":[3.9882197185e-22,8.79006830273e-22,3.69342605853e-21,2.6864356063e-20,1.6586878967e-19,1.89850862353e-19,1.81379822022e-19,8.52429887161e-19,1.02224086453e-18,6.20981546444e-19,2.94279739276e-19,1.10891109136e-18,1.17837492747e-18,1.75624423397e-18,3.72979377795e-18,3.55558871376e-18,3.58431504208e-18,2.78780008278e-18,4.92283885698e-18,5.28763543328e-18,1.06023891558e-17,1.4290168776e-17,1.15755315777e-17,1.46423210695e-17,1.92733711382e-17,1.62132660929e-17,1.47614168797e-17,2.40238611243e-17,1.47072646737e-17,2.17559502604e-17,1.77876174461e-17,1.655131992e-17,1.19887438624e-17,1.0187582894e-17,7.11615374609e-18,7.23312370215e-18,3.14192789034e-18,1.48824919264e-18,3.13254564594e-19,2.71281992134e-20],"var":[0.139155521989,1.58843493462,7.41995239258,17.7733802795,112.990783691,269.642913818,232.54246521,1440.50097656,2238.57006836,831.531921387,1179.265625,2259.86547852,5119.92333984,9193.49804688,6899.21240234,22251.890625,11328.1542969,8774.97753906,7248.47314453,3589.34863281,673.785766602,1294.24438477,2304.54956055,2708.43920898,2675.04785156,895.201904297,203.393493652,84.0952148438,33.1320838928,9.0815076828,2.86503458023,0.112665645778,0.00870020780712,0.00148001057096,0.000510279031005,0.000362275488442,0.00298938085325,0.00547135807574,0.00363970268518,0.00126383942552]},"erbbands_crest":{"dmean":2.44255638123,"dmean2":4.0532412529,"dvar":5.15384626389,"dvar2":13.3864412308,"max":29.0453338623,"mean":8.77841186523,"median":7.9509100914,"min":2.75114321709,"var":13.1698684692},"erbbands_flatness_db":{"dmean":0.0185385812074,"dmean2":0.028550369665,"dvar":0.000237895786995,"dvar2":0.000551234639715,"max":0.308516532183,"mean":0.16681855917,"median":0.165042877197,"min":0.0607882961631,"var":0.00112339213956},"erbbands_kurtosis":{"dmean":0.982912540436,"dmean2":1.58124792576,"dvar":1.75064718723,"dvar2":4.47581243515,"max":49.5337905884,"mean":1.28468453884,"median":0.808935046196,"min":-1.75679135323,"var":6.29619264603},"erbbands_skewness":{"dmean":0.309534817934,"dmean2":0.486546427011,"dvar":0.0764294862747,"dvar2":0.17955994606,"max":6.1255607605,"mean":-0.128184080124,"median":-0.191180974245,"min":-4.71051883698,"var":0.534639775753},"erbbands_spread":{"dmean":4.63210535049,"dmean2":7.27797031403,"dvar":18.6568241119,"dvar2":44.8529205322,"max":83.5574874878,"mean":22.1977462769,"median":20.7010231018,"min":3.54837059975,"var":84.4149093628},"gfcc":{"cov":[[5618.99511719,-388.809448242,-837.196228027,440.479064941,450.568572998,-78.9462432861,171.055908203,-91.369102478,79.528717041,42.1684341431,136.63067627,91.5089111328,-78.9409484863],[-388.809448242,592.209472656,66.6728515625,-212.954391479,86.6790161133,17.4238243103,-43.8813209534,-8.18701934814,12.5422592163,-15.7441577911,44.1369132996,-22.4877643585,61.2513427734],[-837.196228027,66.6728515625,390.394226074,-27.6422901154,-144.25302124,101.968544006,-91.0485916138,71.6882171631,-31.6166343689,3.97171735764,-46.9880409241,-9.31746387482,24.6072998047],[440.479064941,-212.954391479,-27.6422901154,322.653900146,100.082183838,-33.7542419434,88.0342788696,-15.1787986755,13.1643199921,1.41803967953,-10.8535709381,12.1338891983,-48.8437309265],[450.568572998,86.6790161133,-144.25302124,100.082183838,336.138183594,37.0084724426,18.1588859558,-20.6743583679,11.932267189,-31.2653827667,38.2610855103,-2.03412556648,22.7444915771],[-78.9462432861,17.4238243103,101.968544006,-33.7542419434,37.0084724426,192.41293335,-39.0180053711,56.7812232971,-19.5843925476,5.98261976242,-7.72967195511,7.91545248032,25.2594127655],[171.055908203,-43.8813209534,-91.0485916138,88.0342788696,18.1588859558,-39.0180053711,216.32232666,-14.8333864212,53.3793487549,-8.11931419373,-17.0559616089,6.87197637558,-49.1987762451],[-91.369102478,-8.18701934814,71.6882171631,-15.1787986755,-20.6743583679,56.7812232971,-14.8333864212,139.032989502,3.66852617264,23.575553894,8.19633197784,-24.2697582245,25.1925411224],[79.528717041,12.5422592163,-31.6166343689,13.1643199921,11.932267189,-19.5843925476,53.3793487549,3.66852617264,113.863433838,31.8840999603,-4.10062026978,18.7597675323,-27.7318477631],[42.1684341431,-15.7441577911,3.97171735764,1.41803967953,-31.2653827667,5.98261976242,-8.11931419373,23.575553894,31.8840999603,82.6450424194,37.2270431519,3.65348911285,-1.31713426113],[136.63067627,44.1369132996,-46.9880409241,-10.8535709381,38.2610855103,-7.72967195511,-17.0559616089,8.19633197784,-4.10062026978,37.2270431519,88.088973999,27.1371822357,16.99817276],[91.5089111328,-22.4877643585,-9.31746387482,12.1338891983,-2.03412556648,7.91545248032,6.87197637558,-24.2697582245,18.7597675323,3.65348911285,27.1371822357,75.422706604,13.1134119034],[-78.9409484863,61.2513427734,24.6072998047,-48.8437309265,22.7444915771,25.2594127655,-49.1987762451,25.1925411224,-27.7318477631,-1.31713426113,16.99817276,13.1134119034,80.8267669678]],"icov":[[0.000334115262376,-0.000135710361064,0.000959987461101,-0.000616710633039,0.000172007479705,-0.000375077419449,0.000307274109218,-0.000211028149351,0.00000148702713432,-0.000059296573454,0.0000567800780118,-0.000319642393151,0.000125306411064],[-0.000135710361064,0.00416646199301,-0.00311083346605,0.00357032986358,-0.00236887624487,0.00103951175697,-0.00151618092787,0.00213143276051,-0.00217089895159,0.00165271037258,-0.00392411928624,0.00329407141544,-0.00185787398368],[0.000959987461101,-0.00311083346605,0.00955990422517,-0.00563145009801,0.00513180019334,-0.00461648218334,0.00369895878248,-0.00257711578161,0.00018238647317,0.000498456065543,0.00317733851261,-0.00171185983345,-0.000284903158899],[-0.000616710633039,0.00357032986358,-0.00563145009801,0.0102800196037,-0.00717386091128,0.00526968669146,-0.00363299809396,-0.000624848878942,0.00366035848856,-0.0046293376945,0.00278789945878,-0.00356350676157,0.00414625927806],[0.000172007479705,-0.00236887624487,0.00513180019334,-0.00717386091128,0.0108988881111,-0.00692361453548,0.0022201759275,0.00276565388776,-0.00657935719937,0.00894022360444,-0.00764493038878,0.00759317819029,-0.00608405657113],[-0.000375077419449,0.00103951175697,-0.00461648218334,0.00526968669146,-0.00692361453548,0.0117708500475,-0.0012220076751,-0.00481125991791,0.00639286171645,-0.00711209140718,0.00750077702105,-0.0082026058808,0.00429225061089],[0.000307274109218,-0.00151618092787,0.00369895878248,-0.00363299809396,0.0022201759275,-0.0012220076751,0.00794841721654,-0.00148101651575,-0.0024900904391,0.00199985480867,0.00137393537443,-0.00116125191562,0.00226212572306],[-0.000211028149351,0.00213143276051,-0.00257711578161,-0.000624848878942,0.00276565388776,-0.00481125991791,-0.00148101651575,0.0144596137106,-0.00737928133458,0.00438792165369,-0.00991601962596,0.0127156926319,-0.00853531435132],[0.00000148702713432,-0.00217089895159,0.00018238647317,0.00366035848856,-0.00657935719937,0.00639286171645,-0.0024900904391,-0.00737928133458,0.0226596239954,-0.0168056748807,0.0164562147111,-0.016905810684,0.0112236114219],[-0.000059296573454,0.00165271037258,0.000498456065543,-0.0046293376945,0.00894022360444,-0.00711209140718,0.00199985480867,0.00438792165369,-0.0168056748807,0.0313666909933,-0.0230101812631,0.0158655792475,-0.007692954503],[0.0000567800780118,-0.00392411928624,0.00317733851261,0.00278789945878,-0.00764493038878,0.00750077702105,0.00137393537443,-0.00991601962596,0.0164562147111,-0.0230101812631,0.0363646410406,-0.0232089534402,0.00886978302151],[-0.000319642393151,0.00329407141544,-0.00171185983345,-0.00356350676157,0.00759317819029,-0.0082026058808,-0.00116125191562,0.0127156926319,-0.016905810684,0.0158655792475,-0.0232089534402,0.0346425436437,-0.0149655500427],[0.000125306411064,-0.00185787398368,-0.000284903158899,0.00414625927806,-0.00608405657113,0.00429225061089,0.00226212572306,-0.00853531435132,0.0112236114219,-0.007692954503,0.00886978302151,-0.0149655500427,0.025190860033]],"mean":[12.8450365067,93.1226196289,-114.66053009,-10.046585083,-6.21122789383,-19.4544448853,7.64214706421,-27.3603496552,-2.82658982277,-11.7804222107,-2.90456199646,-2.67136240005,-9.78277683258]},"hfc":{"dmean":31.707824707,"dmean2":49.8973007202,"dvar":1270.8927002,"dvar2":3189.33007812,"max":975.295349121,"mean":156.70513916,"median":155.157684326,"min":1.12582457742e-16,"var":10398.1044922},"melbands":{"dmean":[0.00118227198254,0.000701915705577,0.000368420442101,0.000376865820726,0.000185944678378,0.00024199114705,0.000169394843397,0.00010449229012,0.0000916525677894,0.00010057711188,0.000118803225632,0.000131959808641,0.000104881641164,0.000154991823365,0.000108946929686,0.0000890107039595,0.0000786336968304,0.0000641880615149,0.000047611676564,0.0000184263735719,0.0000121078328448,0.0000120222030091,0.0000161626758199,0.0000144646528497,0.0000126122413349,0.00000965563049249,0.0000059554931795,0.00000397855274059,0.00000241470456785,0.0000015311760535,0.00000123833353882,9.63198772297e-7,6.23111930054e-7,5.13558120474e-7,3.48486224766e-7,1.08883725147e-7,5.20090956968e-8,3.23791411461e-8,2.32593677651e-8,1.73553029725e-8],"dmean2":[0.00196898914874,0.00116498686839,0.000614045071416,0.000612740928773,0.000296896352665,0.000379957375117,0.000264614995103,0.000166721933056,0.000148364080815,0.000161727584782,0.000192901439732,0.000213140214328,0.000171893261722,0.000255129823927,0.000179614347871,0.000147507656948,0.000130910368171,0.000107034480607,0.0000790982012404,0.0000307859445456,0.0000203756462724,0.0000200173199119,0.0000265350026893,0.0000238581178564,0.0000202750070457,0.000015193049876,0.00000920997626963,0.00000610416373092,0.00000372707108909,0.0000023354075438,0.00000190572563952,0.00000149990546561,9.63438310464e-7,7.93315678038e-7,5.37762161912e-7,1.67690956232e-7,8.32042985621e-8,5.35753805764e-8,3.89083858465e-8,2.89831092459e-8],"dvar":[0.00000773043120716,0.00000118906029911,2.82313351363e-7,3.57001766815e-7,1.32926587071e-7,3.44478053194e-7,1.7549503184e-7,4.13759195794e-8,4.45690631068e-8,5.94443996249e-8,9.15835158821e-8,7.81368640901e-8,3.63660426217e-8,1.02044189987e-7,3.32178906604e-8,1.96175129474e-8,2.21740084072e-8,8.78917383318e-9,8.78514239133e-9,8.70144178933e-10,4.6381892771e-10,5.32228372485e-10,1.01459174395e-9,9.07081354473e-10,1.00586117213e-9,1.22804322267e-9,3.90278753759e-10,1.56071877644e-10,5.15287673641e-11,1.66856962275e-11,1.29683598929e-11,6.07374784148e-12,2.3791630558e-12,2.0443135032e-12,1.25969579819e-12,9.04709521275e-14,1.71078378379e-14,5.2406246084e-15,2.15577360142e-15,8.09833113095e-16],"dvar2":[0.0000204077605304,0.00000322989126289,7.51622053485e-7,9.12493590022e-7,3.20458838132e-7,8.17456452751e-7,3.90141536855e-7,9.38791089311e-8,1.11668562397e-7,1.40077787592e-7,2.36769068351e-7,1.90052119819e-7,9.38381177207e-8,2.55872038224e-7,8.45145677886e-8,5.1100879972e-8,5.89863553557e-8,2.36445512058e-8,2.21692424418e-8,2.29637175941e-9,1.21647314444e-9,1.38700406715e-9,2.66452726549e-9,2.33859598353e-9,2.40304176558e-9,2.89070745119e-9,8.51603676466e-10,3.16744019901e-10,1.13788235778e-10,3.51896393969e-11,2.73120883548e-11,1.34517197728e-11,5.49454665794e-12,4.95689123428e-12,2.98093602753e-12,2.24168597639e-13,4.34796546911e-14,1.3640551667e-14,5.68257844819e-15,2.06108209418e-15],"max":[0.0510459132493,0.0172911994159,0.00920427683741,0.0136081073433,0.0092910900712,0.0146807059646,0.0126810511574,0.0063050785102,0.00666899234056,0.0122374352068,0.00906302966177,0.00897243898362,0.0049102678895,0.00947473477572,0.00608977116644,0.00419739587232,0.00362313794903,0.001748775132,0.00318935420364,0.000591045478359,0.000695599243045,0.00051990285283,0.000791612197645,0.000734046800062,0.0011176961707,0.00238530454226,0.0008944113506,0.000435438007116,0.000271707336651,0.000138819406857,0.000195947563043,0.0000975777365966,0.0000527129304828,0.0000477135909023,0.0000525116010976,0.0000189691745618,0.00000520594630871,0.0000020722343379,0.00000119279275168,3.87415326486e-7],"mean":[0.00152104347944,0.00107867049519,0.000634996802546,0.000686136016157,0.00032108835876,0.000389449909562,0.00028411418316,0.000172669271706,0.00014489829482,0.000162900483701,0.000185959186638,0.000217424865696,0.00018015797832,0.000268790783593,0.000200108188437,0.0001603046112,0.000141195239848,0.000126396291307,0.0000897599311429,0.0000365059822798,0.0000235235165746,0.0000248046271736,0.0000334710421157,0.0000288677256322,0.0000234413273574,0.0000181424493348,0.0000114618933367,0.00000753540052756,0.00000447331967734,0.00000298447685054,0.00000249195045399,0.00000183210158866,0.0000012015594848,8.20431864668e-7,5.03888543335e-7,1.7146444975e-7,7.13480403647e-8,3.57421683361e-8,2.43721238746e-8,1.84090058752e-8],"median":[0.000689071253873,0.00059406622313,0.000399349548388,0.000320886902045,0.000149617466377,0.000134743953822,0.000106631676317,0.0000808169497759,0.0000658691933495,0.000080380581494,0.0000912506657187,0.000101826459286,0.000105533516034,0.000133857742185,0.000123268066091,0.000101026147604,0.0000898236758076,0.0000867366034072,0.0000534255086677,0.0000239376277023,0.0000141031459862,0.0000141253258334,0.0000187599780475,0.000014327621102,0.00000904213629838,0.00000649565163258,0.00000408359119319,0.00000314603903462,0.00000179037238013,0.00000119532546705,0.00000103725801637,7.69266989664e-7,5.24576989847e-7,3.14388955758e-7,1.84584649787e-7,7.86197702496e-8,3.27739897443e-8,1.44437599658e-8,9.88076465092e-9,7.55057527613e-9],"min":[3.52898898103e-24,1.73749296502e-24,6.8943705769e-24,1.59992698275e-23,5.57298004571e-24,1.89184306746e-23,1.6834900718e-23,5.76878991631e-24,2.2117427306e-24,8.37635465016e-24,6.17415555879e-24,6.47663598986e-24,1.2953791839e-23,1.18044798758e-23,8.29216820322e-24,5.69625100063e-24,5.46748409913e-24,9.71298952391e-24,4.21606986897e-24,1.12596893793e-23,1.08812996243e-23,1.58951622761e-23,9.8157954548e-24,1.15200860532e-23,1.16674373817e-23,1.31789532518e-23,1.47457793154e-23,9.81907080528e-24,7.66473269389e-24,9.28434775157e-24,1.69404550403e-23,8.57501980281e-24,7.52901943034e-24,1.43253764063e-23,1.1797140314e-23,7.17040089624e-24,1.14100636227e-23,8.61060768483e-24,8.14901598133e-24,8.53650840228e-24],"var":[0.00000747562808101,0.00000188902833997,5.68301288695e-7,0.00000104878142793,3.21458230701e-7,7.22668289654e-7,4.17677227915e-7,1.03215803904e-7,7.88295224652e-8,1.1278515899e-7,1.32490754368e-7,1.63762422289e-7,6.66804922389e-8,2.22435659225e-7,7.69897710029e-8,4.23030321883e-8,3.69391699451e-8,2.05999022285e-8,1.82185928566e-8,1.91881510681e-9,9.37058097783e-10,1.19678800203e-9,2.56225440864e-9,1.94713445367e-9,1.90920701471e-9,2.23796314813e-9,8.71806793423e-10,3.35693695064e-10,1.02704268701e-10,3.837094531e-11,2.87496363521e-11,1.32587942361e-11,4.90053874216e-12,2.93174512445e-12,1.62317381758e-12,1.22602543894e-13,2.06573497321e-14,4.97062057448e-15,1.98075668924e-15,8.73984582724e-16]},"melbands_crest":{"dmean":3.52196121216,"dmean2":5.81950139999,"dvar":12.0753574371,"dvar2":31.564458847,"max":35.5259742737,"mean":11.7484388351,"median":10.6015663147,"min":1.96344351768,"var":26.1475925446},"melbands_flatness_db":{"dmean":0.0242380313575,"dmean2":0.0377043560147,"dvar":0.000465336343041,"dvar2":0.00113022478763,"max":0.482985705137,"mean":0.202216729522,"median":0.197092801332,"min":0.00806672405452,"var":0.00240900134668},"melbands_kurtosis":{"dmean":2.4229798317,"dmean2":3.93390321732,"dvar":30.1726055145,"dvar2":73.436630249,"max":272.675842285,"mean":3.38300585747,"median":0.91454410553,"min":-1.82962143421,"var":148.304351807},"melbands_skewness":{"dmean":0.527769863605,"dmean2":0.834334671497,"dvar":0.285633683205,"dvar2":0.711585462093,"max":12.4025478363,"mean":1.34222555161,"median":1.16125500202,"min":-1.7779943943,"var":1.26640295982},"melbands_spread":{"dmean":6.69730186462,"dmean2":10.4289541245,"dvar":50.9547805786,"dvar2":108.279045105,"max":178.139724731,"mean":31.5215740204,"median":29.9139213562,"min":1.00051093102,"var":235.664291382},"mfcc":{"cov":[[5379.68652344,-431.086090088,-1064.74865723,539.441955566,49.4150772095,292.690338135,10.0650072098,159.020339966,-140.753311157,-14.1887655258,206.91305542,97.8576660156,-14.5201053619],[-431.086090088,737.604492188,-14.7946453094,-226.190429688,102.120368958,-41.7604904175,12.8165454865,-43.7304840088,22.9296207428,-50.3902816772,2.77081775665,17.8359603882,-1.93861508369],[-1064.74865723,-14.7946453094,564.078430176,-156.914093018,-39.779006958,-85.9726638794,-20.8357658386,-31.4139003754,44.9794654846,16.0150089264,-49.0530815125,-16.5946598053,-0.577921390533],[539.441955566,-226.190429688,-156.914093018,374.417449951,-44.9548797607,72.2383804321,4.64208030701,47.1340484619,-33.8294181824,52.5983810425,17.2508296967,-27.2318210602,10.990568161],[49.4150772095,102.120368958,-39.779006958,-44.9548797607,317.616455078,20.4697570801,51.4210929871,-12.7917823792,25.1763401031,-66.4253540039,3.35921263695,44.4223175049,-26.4439620972],[292.690338135,-41.7604904175,-85.9726638794,72.2383804321,20.4697570801,165.399215698,4.76999950409,49.8465385437,-3.79707050323,-7.16983270645,10.0163974762,18.5295982361,-5.83840465546],[10.0650072098,12.8165454865,-20.8357658386,4.64208030701,51.4210929871,4.76999950409,133.518951416,18.1388149261,8.74882030487,1.24795603752,2.6772608757,-18.6446552277,4.36480426788],[159.020339966,-43.7304840088,-31.4139003754,47.1340484619,-12.7917823792,49.8465385437,18.1388149261,110.755012512,30.6404266357,15.4485082626,1.80707597733,10.8156061172,-8.85782527924],[-140.753311157,22.9296207428,44.9794654846,-33.8294181824,25.1763401031,-3.79707050323,8.74882030487,30.6404266357,101.813278198,16.479385376,0.624327480793,13.828742981,-5.8147559166],[-14.1887655258,-50.3902816772,16.0150089264,52.5983810425,-66.4253540039,-7.16983270645,1.24795603752,15.4485082626,16.479385376,109.825279236,23.7618541718,-20.4880447388,17.8682136536],[206.91305542,2.77081775665,-49.0530815125,17.2508296967,3.35921263695,10.0163974762,2.6772608757,1.80707597733,0.624327480793,23.7618541718,88.2986679077,26.0872440338,2.23581552505],[97.8576660156,17.8359603882,-16.5946598053,-27.2318210602,44.4223175049,18.5295982361,-18.6446552277,10.8156061172,13.828742981,-20.4880447388,26.0872440338,92.3927841187,8.66380405426],[-14.5201053619,-1.93861508369,-0.577921390533,10.990568161,-26.4439620972,-5.83840465546,4.36480426788,-8.85782527924,-5.8147559166,17.8682136536,2.23581552505,8.66380405426,69.4544830322]],"icov":[[0.000366889988072,0.000176422065124,0.000555727572646,-0.000122276382172,-0.0000373287221009,-0.000114055452286,0.0000739186580176,-0.000280762847979,0.000264544069069,0.000152640262968,-0.000519391731359,-0.000134781439556,0.0000577583086852],[0.000176422065124,0.00188397208694,0.000641310005449,0.00109520263504,-0.000418865325628,0.000031684696296,0.000089530229161,0.0000795114465291,-0.000126549974084,0.0002425723942,-0.00047551037278,0.000329126574798,-0.000329550937749],[0.000555727572646,0.000641310005449,0.00324989017099,0.00087380228797,0.000116980729217,0.000428459316026,0.000316422752803,-0.0000105072485894,-0.000451539439382,-0.000506389711518,0.00042299364577,-0.000128982777824,0.000177127018105],[-0.000122276382172,0.00109520263504,0.00087380228797,0.00462354673073,-0.00032836329774,-0.000974477559794,0.000359473167919,-0.00103528774343,0.0010965266265,-0.00174243270885,0.00000357409135177,0.00150159327313,-0.000728276441805],[-0.0000373287221009,-0.000418865325628,0.000116980729217,-0.00032836329774,0.00475022615865,-0.000515409687068,-0.00228768168017,0.00173451192677,-0.00153730122838,0.00200042617507,0.000269046955509,-0.00237238430418,0.00180761050433],[-0.000114055452286,0.000031684696296,0.000428459316026,-0.000974477559794,-0.000515409687068,0.00810493994504,0.00025979129714,-0.00323369773105,0.000720794487279,0.000771051854827,-0.0000760362236178,-0.000974310736638,0.000177110967343],[0.0000739186580176,0.000089530229161,0.000316422752803,0.000359473167919,-0.00228768168017,0.00025979129714,0.00940000731498,-0.00260545406491,-0.0000749151295167,0.000156619222253,-0.00140221952461,0.00397499557585,-0.00230575655587],[-0.000280762847979,0.0000795114465291,-0.0000105072485894,-0.00103528774343,0.00173451192677,-0.00323369773105,-0.00260545406491,0.0138711277395,-0.00450693909079,-0.00132750335615,0.00210369634442,-0.00282483245246,0.00267745857127],[0.000264544069069,-0.000126549974084,-0.000451539439382,0.0010965266265,-0.00153730122838,0.000720794487279,-0.0000749151295167,-0.00450693909079,0.0133836492896,-0.00329901534133,0.000295227888273,-0.00181528530084,0.000965842686128],[0.000152640262968,0.0002425723942,-0.000506389711518,-0.00174243270885,0.00200042617507,0.000771051854827,0.000156619222253,-0.00132750335615,-0.00329901534133,0.0144976750016,-0.00536159332842,0.00379408500157,-0.00334912026301],[-0.000519391731359,-0.00047551037278,0.00042299364577,0.00000357409135177,0.000269046955509,-0.0000760362236178,-0.00140221952461,0.00210369634442,0.000295227888273,-0.00536159332842,0.0159034077078,-0.0058310078457,0.00195304094814],[-0.000134781439556,0.000329126574798,-0.000128982777824,0.00150159327313,-0.00237238430418,-0.000974310736638,0.00397499557585,-0.00282483245246,-0.00181528530084,0.00379408500157,-0.0058310078457,0.0170111879706,-0.00491524813697],[0.0000577583086852,-0.000329550937749,0.000177127018105,-0.000728276441805,0.00180761050433,0.000177110967343,-0.00230575655587,0.00267745857127,0.000965842686128,-0.00334912026301,0.00195304094814,-0.00491524813697,0.0171997305006]],"mean":[-648.071838379,160.98135376,-43.7063446045,26.5383720398,-7.79993486404,22.9199256897,2.54131364822,8.08970737457,-6.30450391769,2.37282013893,2.20063328743,-3.07368659973,-0.736608684063]},"pitch_salience":{"dmean":0.0618899799883,"dmean2":0.101096451283,"dvar":0.00325642712414,"dvar2":0.00861241202801,"max":0.891623556614,"mean":0.612694501877,"median":0.627996504307,"min":0.144202142954,"var":0.00848628208041},"silence_rate_20dB":{"dmean":0,"dmean2":0,"dvar":0,"dvar2":0,"max":1,"mean":1,"median":1,"min":1,"var":0},"silence_rate_30dB":{"dmean":0.000648140674457,"dmean2":0.00129638635553,"dvar":0.000647742243018,"dvar2":0.00194298569113,"max":1,"mean":0.999675929546,"median":1,"min":0,"var":0.000323903223034},"silence_rate_60dB":{"dmean":0.0105322850868,"dmean2":0.0210662782192,"dvar":0.0104245766997,"dvar2":0.0238683391362,"max":1,"mean":0.064403757453,"median":0,"min":0,"var":0.060258589685},"spectral_centroid":{"dmean":191.021896362,"dmean2":285.292633057,"dvar":43213.140625,"dvar2":78076.0390625,"max":10910.6572266,"mean":1428.18481445,"median":1345.89196777,"min":251.525115967,"var":309216.9375},"spectral_complexity":{"dmean":3.32042455673,"dmean2":5.19348573685,"dvar":9.3087015152,"dvar2":19.9886379242,"max":63,"mean":26.6890792847,"median":27,"min":0,"var":140.830245972},"spectral_contrast_coeffs":{"dmean":[0.0531459636986,0.0478465370834,0.0386148616672,0.0298040118068,0.0222984123975,0.0426531508565],"dmean2":[0.088330052793,0.0789564698935,0.06432287395,0.0496887639165,0.0364209040999,0.0668615922332],"dvar":[0.00174317136407,0.00138322927523,0.000935357995331,0.000550879747607,0.00032127375016,0.00126068491954],"dvar2":[0.00476895133033,0.00372746633366,0.00257812696509,0.00149651360698,0.000814190134406,0.00308373058215],"max":[-0.368121773005,-0.42592638731,-0.558104932308,-0.586795091629,-0.570147931576,-0.414281606674],"mean":[-0.673597991467,-0.765842080116,-0.78455466032,-0.786904394627,-0.784942984581,-0.704521238804],"median":[-0.678931713104,-0.773998498917,-0.791241288185,-0.790064811707,-0.788245201111,-0.701819896698],"min":[-0.974496245384,-0.968666136265,-0.959123909473,-0.976001143456,-0.972332835197,-0.961315989494],"var":[0.0053260573186,0.00425570970401,0.00271335197613,0.00175769696943,0.00181358959526,0.0058039939031]},"spectral_contrast_valleys":{"dmean":[0.38114413619,0.331093996763,0.269690811634,0.228577569127,0.223198726773,0.580846130848],"dmean2":[0.635832607746,0.547160625458,0.443018496037,0.371485650539,0.332431823015,0.92941647768],"dvar":[0.108074702322,0.0848191082478,0.0639326050878,0.0524298623204,0.0652376487851,0.245742857456],"dvar2":[0.261069774628,0.194302245975,0.133944183588,0.10016361624,0.111690051854,0.604056417942],"max":[-5.28850507736,-4.95645904541,-5.0704460144,-5.48337078094,-5.18394756317,-9.16111850739],"mean":[-7.07788848877,-6.5550737381,-6.54816818237,-6.89253807068,-7.42227125168,-11.2682971954],"median":[-6.94108629227,-6.46569681168,-6.39876365662,-6.59554433823,-7.20581865311,-11.1962833405],"min":[-26.6943473816,-27.226518631,-27.177280426,-27.5038566589,-27.1305332184,-27.2632522583],"var":[0.686530411243,0.503064632416,0.559240400791,0.890073359013,1.05968940258,0.752622127533]},"spectral_decrease":{"dmean":2.02895433787e-9,"dmean2":3.24727467138e-9,"dvar":8.19899437929e-18,"dvar2":2.08072551615e-17,"max":3.02822944498e-9,"mean":-5.53823875649e-9,"median":-5.09121811376e-9,"min":-4.79342574522e-8,"var":1.81193185261e-17},"spectral_energy":{"dmean":0.00797005835921,"dmean2":0.0127789154649,"dvar":0.000113530819362,"dvar2":0.000292873126455,"max":0.186827853322,"mean":0.0351162105799,"median":0.03720286116,"min":1.02443507743e-20,"var":0.000439881201601},"spectral_energyband_high":{"dmean":0.000296547776088,"dmean2":0.000437874405179,"dvar":3.32860054186e-7,"dvar2":6.73152953823e-7,"max":0.0197470616549,"mean":0.00106207362842,"median":0.0006913888501,"min":7.24762001008e-21,"var":0.00000165854714851},"spectral_energyband_low":{"dmean":0.00500040408224,"dmean2":0.00822297111154,"dvar":0.0000945321153267,"dvar2":0.000244512368226,"max":0.167547136545,"mean":0.00803380087018,"median":0.00486200349405,"min":2.54722397435e-23,"var":0.000115727001685},"spectral_energyband_middle_high":{"dmean":0.0031835436821,"dmean2":0.00506103783846,"dvar":0.0000160567396961,"dvar2":0.0000405760874855,"max":0.0808603912592,"mean":0.0113842589781,"median":0.0105393137783,"min":1.60421471313e-21,"var":0.0000789436307969},"spectral_energyband_middle_low":{"dmean":0.00342592457309,"dmean2":0.00539863854647,"dvar":0.0000214237497858,"dvar2":0.0000522661539435,"max":0.0901654586196,"mean":0.00935258995742,"median":0.00715572200716,"min":2.96735721919e-22,"var":0.0000701041717548},"spectral_entropy":{"dmean":0.116923131049,"dmean2":0.176369309425,"dvar":0.0142599400133,"dvar2":0.0313848331571,"max":9.80492973328,"mean":7.54274892807,"median":7.58298254013,"min":5.05026960373,"var":0.087432526052},"spectral_flux":{"dmean":0.0167235508561,"dmean2":0.0269346404821,"dvar":0.000398823613068,"dvar2":0.000989274703898,"max":0.382019847631,"mean":0.101843222976,"median":0.108014509082,"min":1.01214377157e-10,"var":0.00200453610159},"spectral_kurtosis":{"dmean":4.00398588181,"dmean2":6.08445835114,"dvar":21.8013515472,"dvar2":48.8734397888,"max":78.4404067993,"mean":21.7699317932,"median":19.6299514771,"min":-1.2192094326,"var":84.8612060547},"spectral_rms":{"dmean":0.000618453370407,"dmean2":0.000969951972365,"dvar":4.60515821032e-7,"dvar2":0.00000114393401418,"max":0.0135007807985,"mean":0.00548973446712,"median":0.00602457253262,"min":3.16140603279e-12,"var":0.00000412259350924},"spectral_rolloff":{"dmean":4157.15429688,"dmean2":7874.26074219,"dvar":47347816,"dvar2":111207920,"max":22006.9335938,"mean":14207.2529297,"median":20305.8105469,"min":43.06640625,"var":77720032},"spectral_skewness":{"dmean":0.298647344112,"dmean2":0.44598582387,"dvar":0.104997955263,"dvar2":0.222821459174,"max":7.19369077682,"mean":3.02265882492,"median":2.8938498497,"min":-0.0196400154382,"var":0.642010748386},"spectral_spread":{"dmean":338983.1875,"dmean2":524448.0625,"dvar":210973212672,"dvar2":364596199424,"max":40733988,"mean":3452728.5,"median":3370820.75,"min":1782533.125,"var":568387829760},"spectral_strongpeak":{"dmean":2.74066019058,"dmean2":5.07622289658,"dvar":91.6935424805,"dvar2":252.57093811,"max":144.880340576,"mean":2.55306649208,"median":0.430687427521,"min":0,"var":86.8144226074},"zerocrossingrate":{"dmean":0.0299148317426,"dmean2":0.0380740277469,"dvar":0.000667175569106,"dvar2":0.00106006953865,"max":0.59033203125,"mean":0.285089075565,"median":0.2802734375,"min":0.0341796875,"var":0.00559080578387}},"metadata":{"audio_properties":{"analysis_sample_rate":44100,"bit_rate":320000,"codec":"mp3","downmix":"mix","equal_loudness":0,"length":286.589385986,"lossless":false,"md5_encoded":"82d02de80dd02011d14babebeb4ae4f2","replay_gain":-11.0316925049,"sample_rate":44100},"tags":{"album":["Sonic Temple"],"albumartist":["The Cult"],"albumartistsort":["Cult, The"],"artist":["The Cult"],"artistsort":["Cult, The"],"asin":["B000002LH5"],"barcode":["5012093009827"],"catalognumber":["BEGA 98 CD"],"date":["1989"],"discnumber":["1/1"],"file_name":"04. The Cult - Edie (Ciao Baby).mp3","genre":["Classic Rock"],"label":["Beggars Banquet"],"musicbrainz album release country":["GB"],"musicbrainz album status":["official"],"musicbrainz album type":["album"],"musicbrainz_albumartistid":["8846e4ff-0c19-4af2-872b-7a8dc7497f68"],"musicbrainz_albumid":["d159093b-cada-4f11-afb7-3c55b2b98d76"],"musicbrainz_artistid":["8846e4ff-0c19-4af2-872b-7a8dc7497f68"],"musicbrainz_recordingid":["2d805358-d49c-4465-afb3-0d32a55db46d"],"musicip_puid":["8f79a70d-49a7-fd3a-0044-1f6d3d27be12"],"title":["Edie (Ciao Baby)"],"tracknumber":["4/11"]},"version":{"essentia":"2.1-beta1","essentia_build_sha":"ca57ba49d9b1854bd80e60cf9ccf267278fb7d6b","essentia_git_sha":"v2.1_beta1-28-g21ef5f4-dirty","extractor":"music 1.0"}},"rhythm":{"beats_count":484,"beats_loudness":{"dmean":0.0116852400824,"dmean2":0.0199318751693,"dvar":0.000134067915496,"dvar2":0.000372598151444,"max":0.117762334645,"mean":0.0388856604695,"median":0.0413634963334,"min":0.0000993971480057,"var":0.000426798680564},"beats_loudness_band_ratio":{"dmean":[0.203043341637,0.0927772298455,0.0758143737912,0.0968910977244,0.077168032527,0.100121952593],"dmean2":[0.361787438393,0.164077311754,0.133664175868,0.168967336416,0.141359657049,0.17665886879],"dvar":[0.0277406461537,0.0081190885976,0.00773029681295,0.0082833757624,0.00438540661708,0.00704617938027],"dvar2":[0.0914581343532,0.0218175519258,0.0214120335877,0.023510