{"lowlevel":{"average_loudness":0.284879893064,"barkbands":{"dmean":[0.000266289018327,0.0043349978514,0.00453039444983,0.00106211204547,0.00293651944958,0.000447375699878,0.00017329675029,0.000150919877342,0.000184137679753,0.000202654046007,0.000317963218549,0.000194343854673,0.0000624812091701,0.0000323789136019,0.0000316603363899,0.0000240857352765,0.0000171427236637,0.0000126696249936,0.00000872538839758,0.00000779899164627,0.00000588963985138,0.00000314589510708,0.00000179452445082,0.00000144025636928,0.00000143762929383,0.00000194438166545,0.000079929275671],"dmean2":[0.000476662477013,0.00785185024142,0.00797495990992,0.00175106921233,0.00420155981556,0.000711506116204,0.000273884565104,0.000247870630119,0.000288920040475,0.000294574390864,0.000479252019431,0.000286349561065,0.0000951097899815,0.0000504823910887,0.0000481582537759,0.0000371676833311,0.0000273946207017,0.0000197907465918,0.000013741919247,0.0000117611898531,0.00000928784265852,0.00000495020140079,0.00000294270171253,0.00000243025556301,0.00000242152259489,0.00000317153580909,0.000114607566502],"dvar":[7.99802023721e-7,0.000101106110378,0.00010349220247,0.0000101379864645,0.0000586708556511,0.00000171597059762,3.37825952101e-7,2.49455780477e-7,3.90014321283e-7,5.77507307753e-7,0.00000138212567435,7.25664335732e-7,4.98070384936e-8,1.4477088861e-8,1.98078033975e-8,1.21725083346e-8,7.55476925463e-9,4.01581656817e-9,4.6011980892e-9,2.70876276964e-9,3.85543863501e-9,5.39061295601e-10,4.27941189429e-11,1.50659918569e-11,1.45311410474e-11,3.37827960051e-11,1.39651007203e-7],"dvar2":[0.00000224811105909,0.000337145436788,0.000336161785526,0.0000270630480372,0.000116016955872,0.00000417012643084,7.15518922334e-7,6.44736303457e-7,8.80407299064e-7,9.81450057225e-7,0.00000278489505945,0.00000131836429773,1.08337985694e-7,3.1556581348e-8,4.22799217858e-8,2.74950302526e-8,1.899105051e-8,9.73656444359e-9,1.10203233206e-8,4.31762092745e-9,7.21173520901e-9,1.14415499297e-9,9.73400596238e-11,4.14259945791e-11,3.96880514564e-11,7.97021060261e-11,2.83865119854e-7],"max":[0.0287220962346,0.132410615683,0.141384765506,0.110530763865,0.171143591404,0.0309766735882,0.0466158650815,0.0190894827247,0.025448013097,0.0359049290419,0.049161337316,0.0542284846306,0.0090954862535,0.00356638198718,0.00612447597086,0.00445150444284,0.00363860768266,0.00271627516486,0.00419872906059,0.00440381560475,0.0046103564091,0.00201317039318,0.000387679931009,0.0000743727869121,0.0000715750502422,0.000312028074404,0.0146307600662],"mean":[0.000226647767704,0.00531951570883,0.00735745579004,0.00140825880226,0.00640155840665,0.000724090496078,0.000287565257167,0.00021537655266,0.000323172978824,0.000419887568569,0.000610113784205,0.000407213490689,0.000107594772999,0.0000529782228114,0.000047157976951,0.0000382030448236,0.0000232713446167,0.0000181137220352,0.0000109756865641,0.00000947816442931,0.00000668055827191,0.00000355761062565,0.0000019075439468,0.00000142575333939,0.00000140289876072,0.00000221640607379,0.000149555358803],"median":[0.0000275370293821,0.000564978283364,0.000552972778678,0.00016248592874,0.000310050701955,0.0000415134636569,0.0000158113089128,0.0000149472098201,0.000024178174499,0.0000170682087628,0.0000194985677808,0.0000153523615154,0.00000408789765061,0.0000021754331101,0.00000234505841945,0.00000198303632715,0.00000119067181004,9.9747967397e-7,7.67465508034e-7,6.38325900582e-7,5.64857089103e-7,3.64112906936e-7,2.54171538927e-7,1.71804714455e-7,1.24942147295e-7,3.74895506638e-7,0.00000833454578242],"min":[5.40147951554e-25,4.65727267351e-24,3.32358656182e-24,1.06148097887e-24,1.18333095865e-23,4.6710394796e-24,1.13551604815e-23,6.36670072853e-24,1.50782826092e-23,1.58550203001e-23,1.81110220717e-23,8.76939591872e-24,2.51194343254e-23,2.19355128258e-23,4.60078731391e-23,8.84284170889e-23,7.96557978845e-23,7.14992033165e-23,1.3458663765e-22,2.01873607723e-22,2.26532730666e-22,3.43664085294e-22,4.56719111635e-22,6.58347819068e-22,8.61262937755e-22,1.30854722248e-21,1.93352498832e-21],"var":[6.26441192253e-7,0.000128650644911,0.000237532876781,0.0000147539667523,0.000242185953539,0.00000389055958294,0.00000131468516429,4.29102271937e-7,9.38164987474e-7,0.0000030643827813,0.00000437656080976,0.00000277055778497,1.55460440965e-7,3.22618127768e-8,4.05300895068e-8,3.22967608213e-8,1.04222230846e-8,6.13367090452e-9,6.42470121548e-9,6.47571107848e-9,5.96267790698e-9,7.64780072604e-10,5.45874838387e-11,1.4347466791e-11,1.42259780345e-11,4.20371341903e-11,3.48932388761e-7]},"barkbands_crest":{"dmean":3.0600039959,"dmean2":5.10880947113,"dvar":7.08728790283,"dvar2":19.0706691742,"max":26.0327777863,"mean":12.880194664,"median":12.5866355896,"min":3.4510781765,"var":17.3799228668},"barkbands_flatness_db":{"dmean":0.043459597975,"dmean2":0.0720926597714,"dvar":0.00147780263796,"dvar2":0.00423481874168,"max":0.495924264193,"mean":0.21912753582,"median":0.214508756995,"min":0.0387152582407,"var":0.0048824721016},"barkbands_kurtosis":{"dmean":16.2743835449,"dmean2":27.2100658417,"dvar":719.443847656,"dvar2":2002.62463379,"max":534.896179199,"mean":29.6001186371,"median":17.8716316223,"min":-1.94078147411,"var":1324.14819336},"barkbands_skewness":{"dmean":1.15566563606,"dmean2":1.88704931736,"dvar":1.48878121376,"dvar2":3.81392717361,"max":19.908744812,"mean":3.79288268089,"median":3.42882299423,"min":-2.07980561256,"var":5.4193110466},"barkbands_spread":{"dmean":5.48149967194,"dmean2":8.83437156677,"dvar":88.9787139893,"dvar2":201.108383179,"max":136.900390625,"mean":12.810256958,"median":8.18295669556,"min":0.34649798274,"var":226.447128296},"dissonance":{"dmean":0.0261621791869,"dmean2":0.0438463464379,"dvar":0.000755881948862,"dvar2":0.00202641775832,"max":0.500000178814,"mean":0.451525509357,"median":0.460981786251,"min":0.166055470705,"var":0.00150258478243},"dynamic_complexity":10.7767305374,"erbbands":{"dmean":[0.045102827251,1.28516805172,5.83486747742,2.8338508606,9.86966514587,7.64438343048,5.39578962326,2.68368268013,2.28249692917,2.56470441818,3.67080497742,4.67586374283,4.63175106049,8.43617343903,11.3292808533,7.10044193268,3.18559098244,1.92943954468,1.48050475121,1.54011869431,1.22142469883,0.92795085907,0.731844007969,0.502345204353,0.423893541098,0.350386023521,0.286511570215,0.20100556314,0.120538674295,0.0741973370314,0.0485719516873,0.0327341705561,0.0229448229074,0.0159183871001,0.010329070501,0.00613485137001,0.00370380003005,0.00365383201279,0.00396980158985,0.00340570416301],"dmean2":[0.0777730569243,2.34112977982,10.4209651947,4.64511489868,14.7306184769,11.0123748779,8.33452606201,4.2424993515,3.7731859684,3.90341281891,6.00977706909,7.34854841232,7.04428386688,12.2420883179,16.8109798431,10.6843709946,4.70795249939,2.94156002998,2.26538109779,2.34006881714,1.90847420692,1.47151768208,1.13305902481,0.775733351707,0.653867304325,0.530012607574,0.448620170355,0.322581976652,0.18900077045,0.11953689903,0.0800314992666,0.0551087372005,0.0387927256525,0.0268588904291,0.0173658262938,0.0102661959827,0.00603561522439,0.00548536702991,0.00595721742138,0.00479606771842],"dvar":[0.0228426195681,9.10181045532,183.035308838,49.7281303406,653.465820312,389.104949951,275.704956055,68.583114624,47.3402671814,100.320106506,152.134429932,295.56854248,305.440795898,873.486877441,1860.60144043,1044.29284668,132.831863403,52.9328956604,39.0777435303,52.4277763367,28.7645454407,22.9722595215,14.4070501328,8.18277263641,11.3511629105,4.57509565353,9.16389465332,4.90535354614,0.935256659985,0.120020374656,0.0269898865372,0.00806082133204,0.00387199455872,0.00182166474406,0.000735377252568,0.00024345399288,0.000125628852402,0.00109226314817,0.00149096501991,0.000121801786008],"dvar2":[0.0621051415801,30.8582992554,609.033203125,127.62991333,1390.97131348,807.37298584,613.20111084,154.278427124,120.982032776,170.867950439,389.6690979,665.493225098,605.265136719,1578.00695801,3532.56152344,2033.86877441,263.499755859,106.86706543,91.6268768311,107.960357666,67.0642547607,57.2846603394,35.3101577759,19.3017978668,23.7642326355,7.70746421814,17.3514728546,9.83207702637,2.04206991196,0.226359307766,0.0638707652688,0.0219214390963,0.0106595605612,0.00499211112037,0.00200155400671,0.000655268551782,0.000297754828352,0.00200983276591,0.00274390587583,0.000241859786911],"max":[4.59631204605,40.6446723938,186.475402832,215.771118164,601.311645508,409.562652588,564.650085449,287.872406006,254.302749634,1066.58447266,450.869384766,722.419372559,755.757080078,1346.90026855,2428.32373047,1992.03942871,527.656188965,242.271255493,321.154052734,332.792785645,168.388092041,216.760848999,177.328704834,163.393539429,227.006622314,162.343841553,199.829727173,159.462280273,83.2014541626,22.434513092,9.34225463867,2.24104738235,1.18676173687,0.807761669159,0.505090236664,0.2799295187,0.645342648029,2.72776198387,2.50629925728,0.324330329895],"mean":[0.0631468445063,1.58813488483,8.82740497589,5.47860860825,19.0151920319,15.9121751785,11.0565013885,4.22678756714,3.5093524456,4.42905950546,5.70683574677,8.23312664032,9.22445011139,18.7022647858,23.9767208099,14.8547725677,6.0967092514,3.42238020897,2.39600682259,2.47727489471,1.8838789463,1.31083440781,1.05086243153,0.696273744106,0.527012348175,0.430089682341,0.330055803061,0.2252959162,0.134739160538,0.0835590586066,0.0512169264257,0.0331398025155,0.0223637651652,0.0154491346329,0.0101783592254,0.00632724026218,0.00432588905096,0.00493458565325,0.00648849923164,0.00956426654011],"median":[0.010175190866,0.152033209801,0.674552321434,0.821303248405,1.04744195938,0.832007527351,0.475550979376,0.31586253643,0.242308080196,0.240454375744,0.438027620316,0.61592400074,0.521325647831,0.754552006721,0.860663414001,0.597698271275,0.254304647446,0.133367925882,0.124871388078,0.12970675528,0.10163654387,0.0697934031487,0.0557859316468,0.0456149950624,0.0355567224324,0.0297988653183,0.0255756229162,0.0199405103922,0.0136383604258,0.00993758626282,0.00704941805452,0.00453934492543,0.00235699303448,0.0013793798862,0.000931587186642,0.000769678037614,0.0007783601759,0.000647623557597,0.000712560489774,0.00172514980659],"min":[9.96536995109e-23,4.72095512669e-22,4.03697823918e-21,3.52855337204e-21,1.00349359466e-20,4.21189446543e-20,6.51688041745e-20,9.84639159667e-20,1.96009842399e-19,1.52290477743e-19,2.69357252709e-19,3.16473848141e-19,5.97569388278e-19,7.52776957225e-19,8.40897696952e-19,5.93394297533e-19,1.45064308045e-18,1.84527120176e-18,2.99517012645e-18,3.7522935042e-18,4.75985118908e-18,5.05803077475e-18,4.44694902927e-18,7.65781146353e-18,8.27829370307e-18,1.00218655301e-17,8.42201385296e-18,9.63526281845e-18,1.16600768809e-17,1.20448076828e-17,1.25799927119e-17,1.18784294015e-17,1.04954016153e-17,7.0529869258e-18,6.26467098073e-18,3.7796165206e-18,2.53536461896e-18,1.03465488097e-18,2.4741845831e-19,2.83444842936e-20],"var":[0.0241788309067,11.6270608902,352.573120117,112.438438416,2255.359375,1380.11743164,1180.24926758,127.184417725,90.9644393921,535.606994629,289.553009033,668.952331543,1151.81433105,4219.63134766,6540.84375,3802.89794922,471.20010376,137.990859985,76.2693939209,140.607543945,58.3266220093,32.9315490723,21.3289928436,12.1337766647,19.699798584,10.5006341934,14.7140789032,6.68392276764,1.25282526016,0.215875178576,0.0321576781571,0.00774637935683,0.00367673393339,0.00175920419861,0.000730311614461,0.000251937366556,0.000155691974214,0.00188009801786,0.00295416964218,0.000476071611047]},"erbbands_crest":{"dmean":2.9287135601,"dmean2":4.88787174225,"dvar":7.34707736969,"dvar2":20.142873764,"max":28.2408428192,"mean":10.4975242615,"median":9.74843597412,"min":2.19700217247,"var":19.1647491455},"erbbands_flatness_db":{"dmean":0.0316279828548,"dmean2":0.0509519204497,"dvar":0.000841640518047,"dvar2":0.0022032042034,"max":0.363216221333,"mean":0.15834005177,"median":0.157228559256,"min":0.0291664358228,"var":0.00386750232428},"erbbands_kurtosis":{"dmean":1.90903902054,"dmean2":3.10717868805,"dvar":10.9547462463,"dvar2":29.3113498688,"max":105.583869934,"mean":2.11167502403,"median":0.699285030365,"min":-1.80404651165,"var":22.2105445862},"erbbands_skewness":{"dmean":0.499465048313,"dmean2":0.780638456345,"dvar":0.251172721386,"dvar2":0.604622423649,"max":9.11368370056,"mean":0.616601228714,"median":0.589661717415,"min":-4.71582508087,"var":1.26708841324},"erbbands_spread":{"dmean":8.35070896149,"dmean2":13.4172105789,"dvar":93.4659729004,"dvar2":222.313644409,"max":147.117401123,"mean":33.8325843811,"median":26.9972381592,"min":1.76442849636,"var":507.858337402},"gfcc":{"cov":[[21643.859375,3450.015625,-1240.16174316,-1422.69006348,509.382385254,-641.176391602,-303.421112061,-654.91607666,-550.199768066,-551.422790527,96.3423690796,-444.389984131,544.923828125],[3450.015625,1565.51416016,151.117980957,-624.802124023,-40.2911186218,65.9416275024,19.0612182617,-130.32194519,-139.584945679,-159.781204224,71.3479614258,-109.954444885,123.753715515],[-1240.16174316,151.117980957,596.231018066,200.923355103,-173.872573853,152.860107422,-32.3725547791,119.78742218,-34.6264076233,46.0638542175,-18.5759925842,10.9259176254,-31.9420948029],[-1422.69006348,-624.802124023,200.923355103,734.480834961,143.564910889,-85.4722518921,-18.8629951477,107.840171814,75.3889541626,79.8324813843,-75.0709075928,31.207529068,-66.3000640869],[509.382385254,-40.2911186218,-173.872573853,143.564910889,408.114379883,-75.1481552124,54.4744033813,-74.9823532104,43.3513679504,-62.1633605957,-9.01905632019,-39.3390235901,34.3202133179],[-641.176391602,65.9416275024,152.860107422,-85.4722518921,-75.1481552124,358.468414307,47.8348464966,87.2761993408,-63.3082313538,11.8729410172,8.08390712738,25.8905658722,-14.9911937714],[-303.421112061,19.0612182617,-32.3725547791,-18.8629951477,54.4744033813,47.8348464966,203.387207031,21.0110092163,42.1568756104,-24.576675415,4.58636856079,12.1865615845,-9.58387947083],[-654.91607666,-130.32194519,119.78742218,107.840171814,-74.9823532104,87.2761993408,21.0110092163,162.630386353,38.2698249817,55.8322525024,-11.5686616898,14.1027135849,-20.5559024811],[-550.199768066,-139.584945679,-34.6264076233,75.3889541626,43.3513679504,-63.3082313538,42.1568756104,38.2698249817,145.669616699,70.1441116333,2.44029259682,0.0633287876844,-28.7412662506],[-551.422790527,-159.781204224,46.0638542175,79.8324813843,-62.1633605957,11.8729410172,-24.576675415,55.8322525024,70.1441116333,123.969718933,29.76263237,14.5329828262,-31.6421051025],[96.3423690796,71.3479614258,-18.5759925842,-75.0709075928,-9.01905632019,8.08390712738,4.58636856079,-11.5686616898,2.44029259682,29.76263237,67.9957809448,20.6848888397,8.28719043732],[-444.389984131,-109.954444885,10.9259176254,31.207529068,-39.3390235901,25.8905658722,12.1865615845,14.1027135849,0.0633287876844,14.5329828262,20.6848888397,69.0627593994,4.91810274124],[544.923828125,123.753715515,-31.9420948029,-66.3000640869,34.3202133179,-14.9911937714,-9.58387947083,-20.5559024811,-28.7412662506,-31.6421051025,8.28719043732,4.91810274124,71.8418884277]],"icov":[[0.000161896488862,-0.000491013517603,0.000604705070145,-0.00027128108195,0.0000240710887738,0.000170115090441,0.000117253635835,-0.000170479455846,0.000617693003733,-0.00038406951353,0.000194295629626,0.000297076476272,-0.000337604287779],[-0.000491013517603,0.00352804199792,-0.00333649362437,0.00203918968327,0.0000647663982818,-0.0005014744238,-0.000651375798043,0.00117239647079,-0.00244350126013,0.00330692599528,-0.00335203437135,0.00255660689436,-0.00115098571405],[0.000604705070145,-0.00333649362437,0.00673446897417,-0.0045468872413,0.00301023572683,-0.00162120000459,0.00109683012124,-0.000714186637197,0.00105014722794,-0.0000831519500935,-0.000604173750617,0.00215221033432,-0.00156971847173],[-0.00027128108195,0.00203918968327,-0.0045468872413,0.00776798464358,-0.00625743251294,0.00406286399812,-0.000786258839071,-0.0032649547793,0.00451586814597,-0.00647200457752,0.00793750956655,-0.00694785779342,0.00500626675785],[0.0000240710887738,0.0000647663982818,0.00301023572683,-0.00625743251294,0.00979899615049,-0.00453788042068,0.000105111939774,0.00493510020897,-0.00834344886243,0.0102999657393,-0.00994108524173,0.0102023165673,-0.00728554138914],[0.000170115090441,-0.0005014744238,-0.00162120000459,0.00406286399812,-0.00453788042068,0.00764238554984,-0.00193908612709,-0.00504403933883,0.00868119113147,-0.00763553706929,0.00640303222463,-0.00599635671824,0.00444469740614],[0.000117253635835,-0.000651375798043,0.00109683012124,-0.000786258839071,0.000105111939774,-0.00193908612709,0.00769305089489,-0.00106945855077,-0.0048661166802,0.00588726298884,-0.00277905724943,-0.000947148131672,0.00129181751981],[-0.000170479455846,0.00117239647079,-0.000714186637197,-0.0032649547793,0.00493510020897,-0.00504403933883,-0.00106945855077,0.0137272225693,-0.00715451221913,0.00239273346961,-0.00282221240923,0.00518698059022,-0.00552009325475],[0.000617693003733,-0.00244350126013,0.00105014722794,0.00451586814597,-0.00834344886243,0.00868119113147,-0.0048661166802,-0.00715451221913,0.0259643290192,-0.0218366403133,0.014137364924,-0.00796720478684,0.00694364495575],[-0.00038406951353,0.00330692599528,-0.0000831519500935,-0.00647200457752,0.0102999657393,-0.00763553706929,0.00588726298884,0.00239273346961,-0.0218366403133,0.0369607768953,-0.0268080551177,0.0134986126795,-0.0041254661046],[0.000194295629626,-0.00335203437135,-0.000604173750617,0.00793750956655,-0.00994108524173,0.00640303222463,-0.00277905724943,-0.00282221240923,0.014137364924,-0.0268080551177,0.0411890558898,-0.0217700693756,0.00685142772272],[0.000297076476272,0.00255660689436,0.00215221033432,-0.00694785779342,0.0102023165673,-0.00599635671824,-0.000947148131672,0.00518698059022,-0.00796720478684,0.0134986126795,-0.0217700693756,0.0351128876209,-0.0140141434968],[-0.000337604287779,-0.00115098571405,-0.00156971847173,0.00500626675785,-0.00728554138914,0.00444469740614,0.00129181751981,-0.00552009325475,0.00694364495575,-0.0041254661046,0.00685142772272,-0.0140141434968,0.0265157353133]],"mean":[-174.847000122,106.853538513,-46.443195343,-1.85377776623,-17.0079917908,0.558054745197,0.403484106064,-14.5919981003,-13.5894527435,-19.9585781097,-11.0199298859,-5.74955177307,-6.81393814087]},"hfc":{"dmean":41.3258285522,"dmean2":60.9772453308,"dvar":6813.75048828,"dvar2":13723.6318359,"max":1907.66870117,"mean":112.718955994,"median":36.11378479,"min":1.12030112851e-16,"var":31026.2929688},"melbands":{"dmean":[0.000734959787223,0.00261486042291,0.000616134435404,0.000761578674428,0.000178753107321,0.0000636245458736,0.0000346460474248,0.0000277890721918,0.0000300999054161,0.0000289565959974,0.0000230338682741,0.0000339466059813,0.0000475575798191,0.0000224611594604,0.0000116791015898,0.00000611741779721,0.00000354501298716,0.0000023551342565,0.00000233190735344,0.00000183331906101,0.00000141264285958,0.00000101623004412,8.21446803911e-7,5.9600182567e-7,4.01809671757e-7,3.34028300131e-7,3.05043215576e-7,2.26344880616e-7,1.95036946593e-7,1.48200555827e-7,1.13287235592e-7,7.25977145066e-8,5.12318614199e-8,3.75800972563e-8,2.89300245981e-8,2.32463541749e-8,1.88249273947e-8,1.62799160819e-8,1.44902694288e-8,1.30539588028e-8],"dmean2":[0.00130360736512,0.00470285816118,0.000993152731098,0.00109055265784,0.0002726931707,0.00010062065121,0.0000566987546335,0.0000426317164965,0.0000486460339744,0.0000456802008557,0.0000353766481567,0.0000494190317113,0.000071249960456,0.000032961506804,0.0000179197595571,0.00000923052266444,0.00000550951426703,0.00000365267715097,0.00000353813175025,0.00000281249276668,0.00000222397966354,0.00000162972992257,0.00000130298167278,9.35966852467e-7,6.26493829259e-7,5.3826357771e-7,4.68920887897e-7,3.53539746811e-7,3.07541085931e-7,2.30513080623e-7,1.79011479418e-7,1.15507383214e-7,8.06023194855e-8,6.14692439171e-8,4.76406825101e-8,3.91018737389e-8,3.17781676529e-8,2.75388902793e-8,2.44899442947e-8,2.20149729557e-8],"dvar":[0.00000305809680867,0.0000371498863387,0.00000194369818018,0.00000399547298002,2.57066773202e-7,3.46314443789e-8,1.08809237176e-8,9.82674119854e-9,9.53429601935e-9,1.1131076505e-8,7.4730284183e-9,1.4576853502e-8,3.25843423354e-8,9.12711595191e-9,3.19907078605e-9,5.03707464627e-10,1.97022606563e-10,1.04530925582e-10,1.19620882644e-10,8.00501470666e-11,3.76656830725e-11,2.49603775149e-11,2.05191436758e-11,9.88509534644e-12,5.21275947754e-12,9.98385922546e-12,4.88799452303e-12,2.20937764611e-12,4.86866406565e-12,2.86446279023e-12,1.76341211598e-12,4.47223855171e-13,6.24374006273e-14,3.00222866045e-14,1.01461977112e-14,5.3648441077e-15,2.57482557614e-15,1.95701499101e-15,1.53339539112e-15,1.21840130809e-15],"dvar2":[0.0000094871948022,0.000125217775349,0.00000509557412443,0.00000803407328931,5.44530450952e-7,7.99332653401e-8,2.6745430759e-8,1.82734591903e-8,2.36555504074e-8,2.56371599505e-8,1.48732270944e-8,2.66222457412e-8,6.43854392024e-8,1.6791160462e-8,5.6397806425e-9,1.0247431792e-9,4.17521711649e-10,2.5591648245e-10,2.40205216828e-10,1.79050801963e-10,8.99735216886e-11,6.24528900817e-11,5.24196554219e-11,2.45804245014e-11,1.23550033052e-11,2.51442928978e-11,1.05335540637e-11,4.03331361365e-12,9.3688754671e-12,6.0197519712e-12,3.97023299653e-12,1.05447876993e-12,1.07044764491e-13,6.40316318305e-14,2.40293862011e-14,1.42943382825e-14,7.06818374243e-15,5.39118259719e-15,4.2135725959e-15,3.33594820672e-15],"max":[0.0346452519298,0.0841113999486,0.0373664014041,0.0432895943522,0.0170891266316,0.00555355288088,0.0042832638137,0.00954171270132,0.00343600730412,0.00472012674436,0.00370339001529,0.00565454224125,0.00883112475276,0.00527004478499,0.00451566185802,0.000784928502981,0.000461725983769,0.000542388646863,0.000584860565141,0.000377050309908,0.000179594208021,0.000200947426492,0.000227039432502,0.000141299562529,0.000133820212795,0.000220845045988,0.000195367712877,0.000116825460282,0.000165920020663,0.000135256981594,0.000105854451249,0.0000578647122893,0.0000170711264218,0.00000991952583718,0.00000561828801438,0.0000035427194689,9.61366026786e-7,8.43408940909e-7,7.44316992041e-7,6.59486318e-7],"mean":[0.000988285522908,0.0037721216213,0.00131330476142,0.00152994832024,0.000384417915484,0.000101076737337,0.0000546235642105,0.0000463860378659,0.000048489375331,0.0000501574104419,0.0000442192940682,0.0000724345591152,0.000094157498097,0.0000477589128423,0.0000214110623347,0.0000105708659248,0.00000575750345888,0.00000363755043509,0.00000353145401277,0.0000029191626254,0.00000203351441996,0.00000136326855227,0.00000110015753307,8.30694318665e-7,5.33588149665e-7,3.97794622131e-7,3.48439641584e-7,2.7071803288e-7,2.21325393568e-7,1.60606560939e-7,1.20295666761e-7,7.90521781369e-8,5.84618078392e-8,4.11156229063e-8,3.02857294798e-8,2.38393145224e-8,1.87137931817e-8,1.58039270559e-8,1.4033297191e-8,1.26440777848e-8],"median":[0.000130606640596,0.00032937922515,0.000174373009941,0.0000760063703638,0.0000187000077858,0.00000717059083399,0.0000035669954741,0.00000271017961495,0.00000372075942323,0.000003593212341,0.0000022608242034,0.00000287389730147,0.00000295768995784,0.00000175391494395,9.07409798856e-7,3.5184766034e-7,2.09175794907e-7,1.72442440771e-7,1.81015650469e-7,1.49115351178e-7,1.05707030684e-7,7.09061964699e-8,5.35105932897e-8,4.49710810813e-8,3.45526238732e-8,2.61552983716e-8,2.18670415109e-8,1.83668653619e-8,1.53890677979e-8,1.34112685402e-8,1.02289998694e-8,7.57897122838e-9,6.21046591931e-9,5.08594588666e-9,4.12871870026e-9,3.35465966117e-9,2.37245822987e-9,1.65054503398e-9,1.3342770222e-9,1.0809984019e-9],"min":[9.79427414602e-25,2.25036614938e-24,9.7399857246e-25,2.27087436355e-24,2.45143377792e-24,1.84060615723e-24,2.76006732405e-24,1.79218686095e-24,2.03762416831e-24,1.82306070741e-24,2.8883757475e-24,2.48626987549e-24,2.25659341737e-24,1.45299659044e-24,2.70108320809e-24,3.62615021771e-24,2.12553798303e-24,3.54821154914e-24,2.48475112104e-24,5.72155450303e-24,4.50422498043e-24,4.73123863857e-24,3.94423865622e-24,3.28315290448e-24,5.85635347679e-24,3.93086115299e-24,5.80555162335e-24,5.21715250149e-24,3.94814470099e-24,4.40006970296e-24,5.88223324208e-24,6.50389902274e-24,5.4873551109e-24,6.02247180621e-24,6.04047992295e-24,3.94600531022e-24,6.53868384436e-24,6.76466606686e-24,5.9991964652e-24,6.05021919969e-24],"var":[0.00000423972005592,0.0000629847418168,0.00000576911133976,0.0000140002566695,0.00000122182973428,6.92141952641e-8,2.54205563266e-8,4.61681537445e-8,2.075037564e-8,2.38148896159e-8,2.7762959931e-8,6.84246970195e-8,1.05773530379e-7,3.53135227726e-8,1.01152792809e-8,1.5353390781e-9,4.40312813987e-10,1.81643186603e-10,2.56407256538e-10,2.28888547005e-10,6.64758526003e-11,3.5338811738e-11,2.63688064439e-11,1.41977965842e-11,7.28298758107e-12,1.28924241075e-11,7.97894909865e-12,4.57638657872e-12,7.47393726769e-12,3.77401061791e-12,1.99660990866e-12,5.00546219057e-13,1.36817166212e-13,4.49713982958e-14,1.19491369856e-14,5.03167555635e-15,2.44953436841e-15,1.85296504025e-15,1.46341744654e-15,1.18056222875e-15]},"melbands_crest":{"dmean":4.24835538864,"dmean2":7.26984262466,"dvar":13.4557294846,"dvar2":37.8773880005,"max":36.3947410583,"mean":19.533290863,"median":19.1977386475,"min":1.4280141592,"var":37.4401245117},"melbands_flatness_db":{"dmean":0.0514296591282,"dmean2":0.0848762840033,"dvar":0.0020692567341,"dvar2":0.00582658080384,"max":0.663818597794,"mean":0.347457230091,"median":0.346735179424,"min":0.00261590932496,"var":0.00771313160658},"melbands_kurtosis":{"dmean":23.3679866791,"dmean2":38.8273658752,"dvar":1425.75354004,"dvar2":3911.28051758,"max":543.329467773,"mean":45.0949630737,"median":25.0919628143,"min":-1.90142023563,"var":3374.74243164},"melbands_skewness":{"dmean":1.26228559017,"dmean2":2.05650281906,"dvar":1.69214475155,"dvar2":4.2536149025,"max":17.3316383362,"mean":4.37310934067,"median":3.91851711273,"min":-2.81145620346,"var":7.40062141418},"melbands_spread":{"dmean":3.61020517349,"dmean2":5.95175552368,"dvar":51.6395950317,"dvar2":119.521339417,"max":175.315795898,"mean":8.34456634521,"median":4.55998802185,"min":0.275280296803,"var":175.91394043},"mfcc":{"cov":[[16690.1894531,3748.67529297,-1832.78149414,-168.440231323,-237.873214722,36.1897735596,-192.065643311,-212.372787476,-402.42755127,-440.381744385,-416.497436523,-274.427490234,-200.740814209],[3748.67529297,2146.62548828,-45.5045585632,-494.097808838,-181.266433716,40.5091896057,74.2276535034,9.72111988068,-113.340354919,-147.291976929,-111.720436096,-63.162902832,-49.0903015137],[-1832.78149414,-45.5045585632,897.686279297,-47.7556266785,-22.9312534332,-30.5829906464,78.5875167847,39.7791748047,36.7134819031,50.1101264954,54.2943115234,32.6502494812,20.7483196259],[-168.440231323,-494.097808838,-47.7556266785,682.984313965,196.145019531,-14.2304372787,-79.0200271606,-17.9005680084,59.2636375427,56.6705970764,-0.747687458992,-12.3773164749,8.28848743439],[-237.873214722,-181.266433716,-22.9312534332,196.145019531,248.270126343,63.2663345337,7.13347673416,3.91281700134,29.9439411163,12.2576665878,-3.1881377697,-9.41300582886,-0.181855678558],[36.1897735596,40.5091896057,-30.5829906464,-14.2304372787,63.2663345337,136.442871094,78.025062561,35.8140335083,14.9004354477,-6.81873130798,-6.19685077667,4.40539598465,2.86061143875],[-192.065643311,74.2276535034,78.5875167847,-79.0200271606,7.13347673416,78.025062561,158.137802124,91.0466766357,21.8066692352,-11.8390483856,-14.3742084503,0.893875002861,5.04558706284],[-212.372787476,9.72111988068,39.7791748047,-17.9005680084,3.91281700134,35.8140335083,91.0466766357,118.847686768,58.3015594482,2.60967874527,-10.0803594589,-4.92634344101,5.60109901428],[-402.42755127,-113.340354919,36.7134819031,59.2636375427,29.9439411163,14.9004354477,21.8066692352,58.3015594482,101.618743896,54.8964767456,13.4081430435,8.49852657318,9.83816432953],[-440.381744385,-147.291976929,50.1101264954,56.6705970764,12.2576665878,-6.81873130798,-11.8390483856,2.60967874527,54.8964767456,96.3149185181,60.5711936951,23.7137336731,11.7540683746],[-416.497436523,-111.720436096,54.2943115234,-0.747687458992,-3.1881377697,-6.19685077667,-14.3742084503,-10.0803594589,13.4081430435,60.5711936951,91.4773101807,47.9450874329,8.34649372101],[-274.427490234,-63.162902832,32.6502494812,-12.3773164749,-9.41300582886,4.40539598465,0.893875002861,-4.92634344101,8.49852657318,23.7137336731,47.9450874329,67.317741394,33.4162254333],[-200.740814209,-49.0903015137,20.7483196259,8.28848743439,-0.181855678558,2.86061143875,5.04558706284,5.60109901428,9.83816432953,11.7540683746,8.34649372101,33.4162254333,58.0111808777]],"icov":[[0.000180553935934,-0.000322204024997,0.00030646979576,-0.0002136296971,0.000111902627395,-0.0000358451507054,0.0000777526511229,0.0000378348595405,0.000273728132015,-0.0000378054282919,0.000248033989919,-0.0000375593408535,0.000211930033402],[-0.000322204024997,0.00120967742987,-0.000570981414057,0.000737140071578,0.0000135069030875,-0.000236113628489,-0.0000225275580306,-0.00021989364177,-0.0000936557989917,0.000142753735418,0.000191620158148,0.0000835637765704,-0.0000462673087895],[0.00030646979576,-0.000570981414057,0.00185328745283,-0.000348972796928,0.000109049142338,0.001015639049,-0.00140429893509,0.000713382905815,-0.000130804473883,0.0000322331070493,-0.000588938477449,0.000225395444431,-0.0000615884273429],[-0.0002136296971,0.000737140071578,-0.000348972796928,0.0027442574501,-0.00188249943312,0.000386470288504,0.00128698092885,-0.000709102198016,-0.000178836780833,-0.00156180444174,0.00143466156442,-0.000220820962568,-0.000183603056939],[0.000111902627395,0.0000135069030875,0.000109049142338,-0.00188249943312,0.00670961663127,-0.00350745324977,-0.000143654542626,0.00169683864806,-0.00190132379066,0.00199733907357,-0.00158311112318,0.00227175094187,-0.000491801183671],[-0.0000358451507054,-0.000236113628489,0.001015639049,0.000386470288504,-0.00350745324977,0.0134758930653,-0.00807338021696,0.00292040547356,-0.00242736004293,0.00149470835458,-0.00122526707128,-0.00116848491598,-0.0000394287853851],[0.0000777526511229,-0.0000225275580306,-0.00140429893509,0.00128698092885,-0.000143654542626,-0.00807338021696,0.0196477081627,-0.0153364865109,0.00795146543533,-0.0051360107027,0.00638198759407,-0.00442408025265,0.00206025177613],[0.0000378348595405,-0.00021989364177,0.000713382905815,-0.000709102198016,0.00169683864806,0.00292040547356,-0.0153364865109,0.0280653443187,-0.0195129290223,0.0125133618712,-0.0090902755037,0.00858057197183,-0.00458453735337],[0.000273728132015,-0.0000936557989917,-0.000130804473883,-0.000178836780833,-0.00190132379066,-0.00242736004293,0.00795146543533,-0.0195129290223,0.0324946343899,-0.0238239783794,0.0159831903875,-0.0102368220687,0.00515991123393],[-0.0000378054282919,0.000142753735418,0.0000322331070493,-0.00156180444174,0.00199733907357,0.00149470835458,-0.0051360107027,0.0125133618712,-0.0238239783794,0.0394112318754,-0.0289995800704,0.0151521125808,-0.00912809744477],[0.000248033989919,0.000191620158148,-0.000588938477449,0.00143466156442,-0.00158311112318,-0.00122526707128,0.00638198759407,-0.0090902755037,0.0159831903875,-0.0289995800704,0.0434366762638,-0.0294869914651,0.0153052406386],[-0.0000375593408535,0.0000835637765704,0.000225395444431,-0.000220820962568,0.00227175094187,-0.00116848491598,-0.00442408025265,0.00858057197183,-0.0102368220687,0.0151521125808,-0.0294869914651,0.0440651848912,-0.0229616649449],[0.000211930033402,-0.0000462673087895,-0.0000615884273429,-0.000183603056939,-0.000491801183671,-0.0000394287853851,0.00206025177613,-0.00458453735337,0.00515991123393,-0.00912809744477,0.0153052406386,-0.0229616649449,0.0302433650941]],"mean":[-848.104064941,168.317703247,29.6377830505,20.3798313141,8.62508392334,17.5275344849,15.8745679855,14.510802269,5.19464349747,-2.70175552368,-5.67950725555,-2.92059755325,-1.11018967628]},"pitch_salience":{"dmean":0.100289896131,"dmean2":0.168423950672,"dvar":0.00752548314631,"dvar2":0.0216327868402,"max":0.872282743454,"mean":0.503211379051,"median":0.51825940609,"min":0.0769353061914,"var":0.0193502418697},"silence_rate_20dB":{"dmean":0,"dmean2":0,"dvar":0,"dvar2":0,"max":1,"mean":1,"median":1,"min":1,"var":0},"silence_rate_30dB":{"dmean":0.0394500903785,"dmean2":0.0789069160819,"dvar":0.0378940217197,"dvar2":0.0938578397036,"max":1,"mean":0.911714494228,"median":1,"min":0,"var":0.0804994776845},"silence_rate_60dB":{"dmean":0.0517462231219,"dmean2":0.103501282632,"dvar":0.0490703955293,"dvar2":0.105099871755,"max":1,"mean":0.40770149231,"median":0,"min":0,"var":0.241498932242},"spectral_centroid":{"dmean":152.051055908,"dmean2":240.033309937,"dvar":69565.6328125,"dvar2":138411.0625,"max":11629.9902344,"mean":583.602783203,"median":410.367889404,"min":105.812110901,"var":614466.3125},"spectral_complexity":{"dmean":1.40397918224,"dmean2":2.21878743172,"dvar":4.12428331375,"dvar2":8.63304901123,"max":45,"mean":5.89335727692,"median":3,"min":0,"var":37.3560714722},"spectral_contrast_coeffs":{"dmean":[0.0521558895707,0.0425560362637,0.0335226245224,0.0339404121041,0.0252215322107,0.0238370187581],"dmean2":[0.0854029133916,0.0710222274065,0.0547933094203,0.0556469857693,0.0414520166814,0.0380407422781],"dvar":[0.00183757673949,0.00120844272897,0.000757781148423,0.000827508338261,0.000556025770493,0.000821917434223],"dvar2":[0.00474210688844,0.00326425512321,0.0019859066233,0.00215979944915,0.0013824935304,0.00185552705079],"max":[-0.285986930132,-0.511137068272,-0.530071794987,-0.587088227272,-0.664873361588,-0.433528363705],"mean":[-0.664665997028,-0.818420052528,-0.822646260262,-0.849395573139,-0.882817924023,-0.828274667263],"median":[-0.671574056149,-0.82824242115,-0.827478945255,-0.854357004166,-0.893540740013,-0.841756343842],"min":[-0.971505105495,-0.979701578617,-0.972794771194,-0.98559397459,-0.970076203346,-0.964979410172],"var":[0.0120059307665,0.00444178422913,0.00373203796335,0.00358466641046,0.00243244483136,0.00236325571314]},"spectral_contrast_valleys":{"dmean":[0.439130365849,0.505168139935,0.41801276803,0.518235683441,0.539986610413,0.583662986755],"dmean2":[0.695824563503,0.792456865311,0.645239055157,0.825870811939,0.865416765213,0.943811237812],"dvar":[0.147940456867,0.204045176506,0.17779096961,0.253896087408,0.301111668348,0.294563740492],"dvar2":[0.322418302298,0.461280435324,0.369402736425,0.603215038776,0.750136375427,0.749376773834],"max":[-4.9864730835,-4.90539550781,-5.14227437973,-6.12849807739,-5.67521524429,-8.89402961731],"mean":[-7.98408222198,-8.15071678162,-8.48297977448,-9.4766292572,-9.64465236664,-12.17278862],"median":[-7.79920959473,-7.95219898224,-8.28913879395,-9.31055831909,-9.51078796387,-12.270149231],"min":[-27.8361263275,-27.9330596924,-27.8379192352,-27.5975208282,-27.4666118622,-27.4119815826],"var":[3.44119119644,3.69347238541,3.80321788788,3.29404425621,2.8438129425,2.23881411552]},"spectral_decrease":{"dmean":2.58211008131e-9,"dmean2":4.47213999166e-9,"dvar":2.93845787919e-17,"dvar2":9.44150105392e-17,"max":4.55958248935e-9,"mean":-4.96952257123e-9,"median":-1.84794818336e-10,"min":-7.19671291449e-8,"var":8.55111060768e-17},"spectral_energy":{"dmean":0.0110747758299,"dmean2":0.0181677546352,"dvar":0.00040217131027,"dvar2":0.00120566156693,"max":0.289994031191,"mean":0.0289801638573,"median":0.00618693698198,"min":1.00565444245e-20,"var":0.00181388738565},"spectral_energyband_high":{"dmean":0.0000649712310405,"dmean2":0.0000979332035058,"dvar":1.44613352404e-7,"dvar2":2.92895549592e-7,"max":0.0207585953176,"mean":0.000106588115159,"median":0.0000087582066044,"min":7.21535350384e-21,"var":3.01811979853e-7},"spectral_energyband_low":{"dmean":0.00862036831677,"dmean2":0.0153025928885,"dvar":0.000363799510524,"dvar2":0.00121413648594,"max":0.270350426435,"mean":0.0134681742638,"median":0.00165255193133,"min":2.21999421567e-23,"var":0.00068303081207},"spectral_energyband_middle_high":{"dmean":0.000607300316915,"dmean2":0.000846658775117,"dvar":0.00000398112069888,"dvar2":0.00000668820848659,"max":0.10964435339,"mean":0.00166943762451,"median":0.000112054192869,"min":1.28122158559e-21,"var":0.0000221408081416},"spectral_energyband_middle_low":{"dmean":0.00383581966162,"dmean2":0.00563050247729,"dvar":0.0000781356939115,"dvar2":0.000167068006704,"max":0.190359935164,"mean":0.00947847869247,"median":0.000932136725169,"min":1.23890327486e-22,"var":0.000375707895728},"spectral_entropy":{"dmean":0.35989177227,"dmean2":0.581004500389,"dvar":0.118770696223,"dvar2":0.321612089872,"max":9.82106304169,"mean":6.93875455856,"median":6.94594144821,"min":4.73483276367,"var":0.480281859636},"spectral_flux":{"dmean":0.0206950642169,"dmean2":0.0318827405572,"dvar":0.000753264757805,"dvar2":0.00168897723779,"max":0.403350740671,"mean":0.0627581104636,"median":0.0407780557871,"min":6.40811986807e-11,"var":0.00378867192194},"spectral_kurtosis":{"dmean":10.2674407959,"dmean2":16.8564300537,"dvar":223.714141846,"dvar2":611.171386719,"max":172.30708313,"mean":23.5524616241,"median":17.3424739838,"min":-1.27077376842,"var":403.40612793},"spectral_rms":{"dmean":0.000823074835353,"dmean2":0.00127740530297,"dvar":0.00000118498576285,"dvar2":0.00000316690648106,"max":0.016820255667,"mean":0.0038566228468,"median":0.00245683453977,"min":3.13229346974e-12,"var":0.0000133997073135},"spectral_rolloff":{"dmean":3270.22460938,"dmean2":6423.35351562,"dvar":53074704,"dvar2":146651952,"max":22050,"mean":13598.0576172,"median":21382.4707031,"min":43.06640625,"var":105767784},"spectral_skewness":{"dmean":0.755718111992,"dmean2":1.23066103458,"dvar":0.835164427757,"dvar2":2.29072570801,"max":10.4756097794,"mean":3.54206752777,"median":3.18415164948,"min":-0.0601571537554,"var":2.27442979813},"spectral_spread":{"dmean":753582.625,"dmean2":1216216.5,"dvar":608159203328,"dvar2":1450127654910,"max":42692420,"mean":4666187,"median":4324233,"min":979672.5,"var":7483859402750},"spectral_strongpeak":{"dmean":5.83427095413,"dmean2":10.3504600525,"dvar":269.796966553,"dvar2":704.386474609,"max":207.009933472,"mean":6.51277446747,"median":0.418548107147,"min":0,"var":330.011047363},"zerocrossingrate":{"dmean":0.0509426482022,"dmean2":0.0678632110357,"dvar":0.00219225767069,"dvar2":0.00350595661439,"max":0.9091796875,"mean":0.313829571009,"median":0.2861328125,"min":0.015625,"var":0.0290863476694}},"metadata":{"audio_properties":{"analysis_sample_rate":44100,"bit_rate":320000,"codec":"mp3","downmix":"mix","equal_loudness":0,"length":271.909637451,"lossless":false,"md5_encoded":"e44562bb2f9dd2a0339fcfa7f948a16d","replay_gain":-4.97255516052,"sample_rate":44100},"tags":{"album":["Hooker 'n Heat"],"albumartist":["Canned Heat & John Lee Hooker"],"albumartistsort":["Canned Heat & Hooker, John Lee","Canned Heat & Hooker, John Lee"],"artist":["Canned Heat & John Lee Hooker"],"artistsort":["Canned Heat & Hooker, John Lee"],"catalognumber":["LST-35002"],"date":["1971"],"discnumber":["1/2"],"file_name":"06. Canned Heat & John Lee Hooker - Alimonia Blues.mp3","genre":["Blues"],"label":["Liberty Records"],"language":["eng"],"musicbrainz album release country":["US"],"musicbrainz album status":["official"],"musicbrainz album type":["album"],"musicbrainz_albumartistid":["815a0279-558c-4522-ac3b-6a1e259e95b5/b0122194-c49a-46a1-ade7-84d1d76bd8e9"],"musicbrainz_albumid":["fbc91a4b-b909-4ef1-8940-bdcc1f3a63e6"],"musicbrainz_artistid":["815a0279-558c-4522-ac3b-6a1e259e95b5/b0122194-c49a-46a1-ade7-84d1d76bd8e9"],"musicbrainz_recordingid":["2da7821c-8f3f-4be7-9adf-3baf54fe24dd"],"script":["Latn"],"title":["Alimonia Blues"],"tracknumber":["6/10"]},"version":{"essentia":"2.1-beta1","essentia_build_sha":"ca57ba49d9b1854bd80e60cf9ccf267278fb7d6b","essentia_git_sha":"v2.1_beta1-28-g21ef5f4-dirty","extractor":"music 1.0"}},"rhythm":{"beats_count":626,"beats_loudness":{"dmean":0.0221141688526,"dmean2":0.0373854748905,"dvar":0.00100598740391,"dvar2":0.00241178856231,"max":0.199395462871,"mean":0.0336856693029,"median":0.0110978018492,"min":2.60353827386e-9,"var":0.00182479107752},"beats_loudness_band_ratio":{"dmean":[0.222558304667,0.130617439747,0.0370059721172,0.046593952924,0.00705114752054,0.138202607632],"dmean2":[0.375961780548,0.226042717695,0.0651359930634,0.0811414718628,0.0128582306206