{"lowlevel":{"average_loudness":0.622794032097,"barkbands":{"dmean":[0.0000278913794318,0.00065545673715,0.000832573627122,0.000641254941002,0.000862863322254,0.000790606543887,0.000776575237978,0.000853388512041,0.000798602239229,0.00039425920113,0.000542173802387,0.000463526259409,0.000294649158604,0.000400028307922,0.000288857059786,0.000267729250481,0.000226215575822,0.000134041110869,0.0000954045390245,0.000132852888783,0.000166500147316,0.000119588527014,0.00010411972471,0.0000757335437811,0.0000162685555551,0.0000034212657738,1.10215331972e-7],"dmean2":[0.000044779626478,0.00104730774183,0.00130498735234,0.00107689178549,0.00139652111102,0.00127872661687,0.00122573459521,0.00131997931749,0.00123838835862,0.000619070255198,0.000877962796949,0.00074009981472,0.000465332501335,0.000626301451121,0.000447549129603,0.000426804181188,0.000362075516023,0.000208359531825,0.000143706434756,0.000189800863154,0.000231775135035,0.000169940729393,0.000150671519805,0.000106866427814,0.0000216484495468,0.00000470615668746,1.7045606171e-7],"dvar":[5.67005598029e-9,0.00000122021083371,0.00000235177458308,0.00000162523531344,0.0000024112121082,0.00000264579102804,0.00000413295265389,0.00000574018395127,0.0000062899648583,0.00000137409028866,0.00000337370147463,0.00000208613164432,6.86544694872e-7,0.00000130036335122,5.88628779497e-7,3.1287615343e-7,1.59391859711e-7,7.65794183621e-8,3.51557289946e-8,6.02126704052e-8,1.3804218213e-7,4.81455053603e-8,1.31570999429e-7,6.93474433433e-8,1.29547239602e-9,2.44891801282e-10,1.25433693922e-13],"dvar2":[1.45610661306e-8,0.000003128700655,0.00000611113318882,0.00000437244261775,0.00000599648410571,0.00000675847559251,0.0000101527793959,0.0000117908393804,0.0000155170419021,0.00000324862821799,0.00000863550212671,0.00000475978094983,0.0000014810364064,0.00000275022671303,0.00000142616272569,7.76151296122e-7,3.99414716412e-7,1.77329624762e-7,7.9190130009e-8,1.22194819596e-7,2.76396178833e-7,1.01946049824e-7,2.77097853996e-7,1.42827047966e-7,2.50249176936e-9,4.24325408144e-10,2.81706326018e-13],"max":[0.00463148765266,0.0135742425919,0.0302751660347,0.0223096609116,0.0300347749144,0.0417240075767,0.0596510544419,0.0678772926331,0.0653433725238,0.0238860659301,0.0381517373025,0.0464950613678,0.0195606332272,0.0481045879424,0.0164991375059,0.0110644437373,0.00650971708819,0.00578621169552,0.00364269386046,0.00589762255549,0.0132331820205,0.00501088006422,0.00978663749993,0.00730465492234,0.00105892540887,0.000783211260568,0.0000162268952408],"mean":[0.0000383522165066,0.00112877984066,0.00153427780606,0.000847575021908,0.00150230177678,0.0012498338474,0.00125614064746,0.00134762329981,0.00135060306638,0.000645877851639,0.000890912895557,0.000847096904181,0.000497180852108,0.000728089478798,0.000511863327119,0.000538626685739,0.000457442656625,0.000276851205854,0.00019423381309,0.00026078443625,0.000356789591024,0.000269721262157,0.000199271526071,0.000149031562614,0.000030924413295,0.00000616411170995,1.69599232436e-7],"median":[0.0000180039278348,0.000594882818405,0.000623570755124,0.00036311004078,0.000743691809475,0.000508939730935,0.000406913808547,0.000317148689646,0.000226722826483,0.000173694323166,0.000138767034514,0.000168936036061,0.000136945600389,0.00019840420282,0.000141277472721,0.000160327224876,0.00017248756194,0.000081711114035,0.0000695716662449,0.0000914843622013,0.000110634762677,0.0000979803007795,0.0000592789438087,0.000039632042899,0.00000778801040724,0.00000170134637756,5.08122752763e-8],"min":[1.51749496246e-23,7.95660728452e-24,6.97795196753e-24,2.01053287045e-23,1.81868205607e-23,3.00043939498e-23,1.33227846829e-23,4.93992208805e-23,1.10465883876e-22,7.38871673181e-23,1.21139020462e-22,6.21707085421e-23,4.80918574795e-23,1.42968859059e-22,1.93621327482e-22,2.55578917362e-22,2.41654373804e-22,2.21107412365e-22,4.2151455922e-22,3.50033890979e-22,4.71421206989e-22,4.9207502437e-22,4.7388911731e-22,7.33183733619e-22,1.39806417926e-21,1.56702046419e-21,2.76893398809e-21],"var":[8.1024369436e-9,0.00000206452273233,0.00000563995990888,0.0000019059391434,0.00000516092904945,0.00000442283953817,0.00000693677384334,0.0000138675231938,0.0000146142765516,0.00000272697002401,0.00000769574671722,0.0000049183995543,0.000001444735517,0.00000379812740903,0.00000128764520468,9.0658852514e-7,4.63292764152e-7,2.35067361132e-7,9.78247669536e-8,1.76200018132e-7,5.19675381838e-7,1.75463966912e-7,2.66779153435e-7,1.46953937019e-7,3.78878395324e-9,5.04805697243e-10,2.16408068223e-13]},"barkbands_crest":{"dmean":2.22139286995,"dmean2":3.59270787239,"dvar":4.52617406845,"dvar2":11.1531524658,"max":24.6438579559,"mean":8.42332553864,"median":7.482609272,"min":2.50757455826,"var":15.4482088089},"barkbands_flatness_db":{"dmean":0.0157855935395,"dmean2":0.0235051158816,"dvar":0.000254980608588,"dvar2":0.000541613670066,"max":0.314223110676,"mean":0.11112395674,"median":0.101492121816,"min":0.0290660876781,"var":0.00180329557043},"barkbands_kurtosis":{"dmean":1.74645352364,"dmean2":2.67792105675,"dvar":18.3363952637,"dvar2":39.8298721313,"max":129.246505737,"mean":2.37348818779,"median":0.417830705643,"min":-1.88660395145,"var":46.3027420044},"barkbands_skewness":{"dmean":0.411705106497,"dmean2":0.616670191288,"dvar":0.207614853978,"dvar2":0.424898982048,"max":10.2210464478,"mean":1.11021113396,"median":0.929706335068,"min":-3.30244469643,"var":1.12407767773},"barkbands_spread":{"dmean":5.50217533112,"dmean2":8.01620101929,"dvar":39.5414581299,"dvar2":74.6173782349,"max":97.2490615845,"mean":26.7174282074,"median":25.0433654785,"min":0.904483377934,"var":221.824539185},"dissonance":{"dmean":0.0160217918456,"dmean2":0.0266999304295,"dvar":0.000280048203422,"dvar2":0.000724627927411,"max":0.499999970198,"mean":0.469773292542,"median":0.477334499359,"min":0.275518387556,"var":0.00071763608139},"dynamic_complexity":7.01028966904,"erbbands":{"dmean":[0.0150326443836,0.174788579345,0.847715854645,1.53174543381,2.92402410507,2.76239204407,3.26032781601,7.83092212677,10.2988119125,13.6241865158,17.7618713379,17.9566555023,13.5231075287,12.5402708054,22.646232605,15.0773067474,12.8060655594,18.2394390106,15.9796361923,12.6628236771,13.5038452148,12.0898914337,7.59001922607,5.12586402893,4.99315261841,6.16717386246,8.59658718109,5.02295064926,4.57211112976,3.4483897686,2.94568562508,2.20853257179,0.891985833645,0.282598644495,0.0652536824346,0.0233044400811,0.00485449563712,0.00050982425455,0.0000176415487658,0.00000646360876999],"dmean2":[0.0235557183623,0.279799282551,1.31252658367,2.4951274395,4.89382886887,4.46483755112,5.19073963165,12.8116016388,16.1417331696,21.9326381683,27.1459560394,27.8219127655,21.1007957458,19.7009963989,36.580821991,23.5433101654,20.2098503113,28.1157855988,24.7793674469,19.3190135956,21.1389446259,19.1480140686,11.6998710632,7.84242343903,7.39953756332,8.84964847565,12.1899251938,6.97471094131,6.5314450264,4.90649986267,4.27880764008,3.16634321213,1.25030267239,0.381609767675,0.0843841955066,0.0323319248855,0.00664546852931,0.000694798131008,0.0000246762174356,0.00000894587174116],"dvar":[0.000711941800546,0.0911988019943,2.24590659142,9.18788051605,35.1990203857,27.0519237518,50.0640487671,282.942932129,600.598022461,1607.88378906,2594.62011719,3308.97583008,2189.95922852,1653.19873047,6253.61669922,1605.13708496,1236.70666504,3223.80883789,2131.12036133,830.646606445,747.982299805,454.397796631,225.685760498,131.469970703,86.2446670532,136.888046265,455.971374512,113.27204895,71.4705200195,49.6522903442,136.825042725,73.9813461304,7.55782651901,0.413951843977,0.0270418338478,0.0122482283041,0.000426741753472,0.00000269160295829,2.99206703858e-9,7.92760648793e-11],"dvar2":[0.00181580684148,0.232729449868,5.69768333435,24.0558605194,90.4962768555,66.0978851318,116.105186462,739.543212891,1494.13476562,3959.88598633,5481.9609375,8226.73925781,4890.43798828,4277.83300781,16157.6777344,3644.44580078,2726.33935547,6601.50146484,5361.85693359,1903.79638672,1858.77978516,1141.25415039,523.053833008,300.378997803,188.558059692,278.00402832,991.973083496,232.863845825,151.771316528,101.527656555,289.851135254,158.07244873,15.6623086929,0.837333083153,0.0477707311511,0.0229342021048,0.000710945925675,0.00000447732145403,6.22442541953e-9,1.56045981692e-10],"max":[0.54323130846,3.95283985138,22.5586013794,57.2917861938,132.536605835,139.50138855,168.687728882,486.556793213,604.169067383,1472.28308105,1557.6496582,1423.42578125,1972.11755371,1327.51403809,2952.77246094,1018.27368164,965.548828125,2358.62426758,1439.62573242,922.491516113,683.285827637,386.730865479,314.432525635,265.810882568,184.13482666,307.826019287,771.375305176,300.62802124,169.705612183,167.145858765,346.948852539,216.561676025,68.1977539062,19.9763469696,6.55619907379,5.79534864426,0.86628639698,0.0642634853721,0.00211161514744,0.000178465794306],"mean":[0.0244499053806,0.293428868055,1.53763604164,2.66134667397,4.24089717865,4.69657707214,5.60958147049,12.0074548721,17.0915489197,24.0701198578,28.9808654785,30.8632488251,23.527967453,23.0145549774,41.7353286743,30.4078521729,23.7480239868,35.6134529114,30.9755020142,27.3105430603,29.0057945251,25.7863712311,16.7983036041,10.6302719116,10.3199005127,12.3250312805,17.2122383118,11.0465135574,10.0185852051,7.51594305038,5.5206360817,4.19798469543,1.74738287926,0.540336489677,0.124668970704,0.041151355952,0.00897768046707,0.000973388378043,0.0000392729889427,0.0000237603817368],"median":[0.0138990636915,0.150368869305,0.663716733456,1.22268164158,1.69704806805,2.17258262634,2.54742074013,4.93457126617,6.18034219742,6.97169351578,8.00211429596,5.93777942657,6.24317455292,5.97814655304,6.56035995483,6.79795742035,7.14081859589,10.1776046753,9.54981899261,9.22954559326,10.2833909988,9.79062271118,5.20358610153,3.55157184601,3.77604341507,4.25356149673,5.06302785873,3.68653464317,3.59781575203,2.70993900299,1.49722468853,0.998520433903,0.513944923878,0.146652340889,0.0333207994699,0.0113388346508,0.00248526479118,0.000282105902443,0.0000174415981746,0.0000177520087163],"min":[4.91416117255e-22,1.01695929128e-21,5.11376706392e-21,5.05263728574e-20,4.34925523785e-20,6.98425103448e-20,1.09003922418e-19,3.30068923399e-19,2.43887482769e-19,2.54050689064e-19,1.71219603917e-18,2.90135254214e-18,1.89505940963e-18,4.09320110441e-18,4.0382055878e-18,2.87438479981e-18,2.09040514232e-18,6.15291557126e-18,9.188426469e-18,1.15234688299e-17,1.29371759179e-17,1.64005033876e-17,1.38547458647e-17,1.42562692602e-17,2.30039424659e-17,1.76627594957e-17,1.12820404517e-17,2.292096467e-17,2.06251927086e-17,1.36919277688e-17,1.32989896809e-17,1.53224637107e-17,1.33346775612e-17,1.64342490479e-17,8.80392893204e-18,5.52745866751e-18,3.19234516906e-18,1.52131852936e-18,4.06622162646e-19,3.73307030498e-20],"var":[0.00107622961514,0.148620903492,4.96298599243,16.9705562592,52.8855667114,64.5945053101,91.9519271851,431.282958984,1095.87792969,3936.93286133,5373.41308594,7671.88818359,4808.34033203,3609.47167969,16677.6757812,4539.31152344,2748.23950195,9972.56933594,4888.46191406,2672.16601562,2137.06079102,1453.55859375,771.418884277,328.702880859,254.312332153,405.530212402,1312.30456543,420.511505127,260.119384766,146.719787598,259.952575684,145.151260376,16.494468689,1.16139960289,0.0691718906164,0.0225550793111,0.000944022613112,0.00000707556273483,6.28317176066e-9,5.17325959848e-10]},"erbbands_crest":{"dmean":2.52645397186,"dmean2":4.1217250824,"dvar":6.48594236374,"dvar2":16.0496425629,"max":30.7563304901,"mean":8.50882530212,"median":7.33765697479,"min":2.22212553024,"var":18.2292327881},"erbbands_flatness_db":{"dmean":0.0142729906365,"dmean2":0.0207185987383,"dvar":0.000203195333597,"dvar2":0.000424288911745,"max":0.314402014017,"mean":0.156164720654,"median":0.155250534415,"min":0.0237583164126,"var":0.00152133696247},"erbbands_kurtosis":{"dmean":0.862778902054,"dmean2":1.35231673717,"dvar":1.99827754498,"dvar2":4.88790464401,"max":33.4388160706,"mean":0.404404938221,"median":-0.215082883835,"min":-1.83041846752,"var":4.59982919693},"erbbands_skewness":{"dmean":0.338077902794,"dmean2":0.509256124496,"dvar":0.127143710852,"dvar2":0.267443656921,"max":3.75505304337,"mean":0.207970499992,"median":0.151168584824,"min":-5.06554079056,"var":0.611844301224},"erbbands_spread":{"dmean":7.33933877945,"dmean2":11.0451450348,"dvar":67.2519683838,"dvar2":149.408889771,"max":168.06036377,"mean":39.0377922058,"median":35.1650314331,"min":4.4720864296,"var":410.370361328},"gfcc":{"cov":[[28021.3027344,1586.24780273,-3508.47680664,926.195861816,-1864.7232666,417.634765625,-617.215637207,128.360702515,228.228179932,-115.374984741,-136.4894104,-318.147399902,-2.47012877464],[1586.24780273,1165.61132812,-178.820526123,-175.059951782,146.618927002,-118.724960327,20.3559131622,-73.6063766479,20.0554065704,-44.7967300415,24.3039360046,-54.7092056274,-31.2437782288],[-3508.47680664,-178.820526123,931.601745605,29.229681015,231.45413208,-11.9732599258,36.3463439941,-6.91329813004,-67.7620697021,15.0816841125,-4.57562446594,-2.46550559998,-11.2602233887],[926.195861816,-175.059951782,29.229681015,409.962738037,-37.1377258301,7.10572862625,-62.1959037781,29.6398906708,-3.38926935196,3.79113101959,-32.4746284485,-32.5380973816,27.8289356232],[-1864.7232666,146.618927002,231.45413208,-37.1377258301,371.857055664,-20.635017395,78.4791793823,-2.15830373764,-23.1256484985,8.83055019379,-0.795999467373,17.6812591553,-14.9829893112],[417.634765625,-118.724960327,-11.9732599258,7.10572862625,-20.635017395,214.790939331,53.2267570496,18.6420459747,5.72032356262,-4.22772359848,4.86095428467,-2.07038927078,-6.90139293671],[-617.215637207,20.3559131622,36.3463439941,-62.1959037781,78.4791793823,53.2267570496,154.653305054,26.9416007996,-20.4261951447,19.7059497833,-2.1914203167,15.3554058075,-9.60904598236],[128.360702515,-73.6063766479,-6.91329813004,29.6398906708,-2.15830373764,18.6420459747,26.9416007996,106.476829529,39.1495857239,14.41248703,-5.41915464401,-6.60791349411,3.50477170944],[228.228179932,20.0554065704,-67.7620697021,-3.38926935196,-23.1256484985,5.72032356262,-20.4261951447,39.1495857239,124.798805237,19.3492603302,5.66877985001,-6.4867773056,-3.14154624939],[-115.374984741,-44.7967300415,15.0816841125,3.79113101959,8.83055019379,-4.22772359848,19.7059497833,14.41248703,19.3492603302,77.0495986938,13.8630437851,6.4799580574,1.38793849945],[-136.4894104,24.3039360046,-4.57562446594,-32.4746284485,-0.795999467373,4.86095428467,-2.1914203167,-5.41915464401,5.66877985001,13.8630437851,85.6851806641,36.7328643799,0.310175955296],[-318.147399902,-54.7092056274,-2.46550559998,-32.5380973816,17.6812591553,-2.07038927078,15.3554058075,-6.60791349411,-6.4867773056,6.4799580574,36.7328643799,78.5402069092,17.1264228821],[-2.47012877464,-31.2437782288,-11.2602233887,27.8289356232,-14.9829893112,-6.90139293671,-9.60904598236,3.50477170944,-3.14154624939,1.38793849945,0.310175955296,17.1264228821,56.5043830872]],"icov":[[0.000345763284713,-0.000927104381844,0.00084696628619,-0.000850065669511,0.00128466100432,-0.00125328800641,0.001288497122,-0.00107589096297,0.000865752110258,-0.00083579076454,0.000975330010988,-0.000736478541512,0.000849888834637],[-0.000927104381844,0.00389784271829,-0.00184212916065,0.00265557249077,-0.0042063491419,0.00423489138484,-0.00414744811133,0.00395049480721,-0.00293694389984,0.00328410393558,-0.00387970986776,0.00406373199075,-0.00256308238022],[0.00084696628619,-0.00184212916065,0.00354379345663,-0.00207261298783,0.00206050672568,-0.00288042030297,0.00321326917037,-0.0024807266891,0.00267799664289,-0.00212804134935,0.0019520772621,-0.000955029972829,0.00212021474726],[-0.000850065669511,0.00265557249077,-0.00207261298783,0.00523777678609,-0.00341961439699,0.00279180496,-0.00163657905068,0.00168298184872,-0.00149410869926,0.00157567870338,-0.00188624765724,0.00323015637696,-0.00360041670501],[0.00128466100432,-0.0042063491419,0.00206050672568,-0.00341961439699,0.00891280733049,-0.00431988155469,0.00312683125958,-0.00413762591779,0.00318827130832,-0.00333554064855,0.00448943069205,-0.00460901483893,0.00408075749874],[-0.00125328800641,0.00423489138484,-0.00288042030297,0.00279180496,-0.00431988155469,0.0106093287468,-0.00788303650916,0.00451117334887,-0.00423814635724,0.00495031382889,-0.00525859324262,0.00442412542179,-0.00280149979517],[0.001288497122,-0.00414744811133,0.00321326917037,-0.00163657905068,0.00312683125958,-0.00788303650916,0.0159674249589,-0.00807853415608,0.00668233353645,-0.0067964955233,0.00626862840727,-0.00577023997903,0.00454518431798],[-0.00107589096297,0.00395049480721,-0.0024807266891,0.00168298184872,-0.00413762591779,0.00451117334887,-0.00807853415608,0.0165891870856,-0.00761720119044,0.00304157938808,-0.0038283073809,0.00483833113685,-0.00407852372155],[0.000865752110258,-0.00293694389984,0.00267799664289,-0.00149410869926,0.00318827130832,-0.00423814635724,0.00668233353645,-0.00761720119044,0.0132640916854,-0.00542876310647,0.00270751887001,-0.00226294738241,0.00316188996658],[-0.00083579076454,0.00328410393558,-0.00212804134935,0.00157567870338,-0.00333554064855,0.00495031382889,-0.0067964955233,0.00304157938808,-0.00542876310647,0.0180194061249,-0.0061161890626,0.00349333370104,-0.00281472550705],[0.000975330010988,-0.00387970986776,0.0019520772621,-0.00188624765724,0.00448943069205,-0.00525859324262,0.00626862840727,-0.0038283073809,0.00270751887001,-0.0061161890626,0.0198043081909,-0.0117544103414,0.0048218332231],[-0.000736478541512,0.00406373199075,-0.000955029972829,0.00323015637696,-0.00460901483893,0.00442412542179,-0.00577023997903,0.00483833113685,-0.00226294738241,0.00349333370104,-0.0117544103414,0.0235198754817,-0.00880550313741],[0.000849888834637,-0.00256308238022,0.00212021474726,-0.00360041670501,0.00408075749874,-0.00280149979517,0.00454518431798,-0.00407852372155,0.00316188996658,-0.00281472550705,0.0048218332231,-0.00880550313741,0.023166641593]],"mean":[-53.6106872559,88.7353515625,-129.94770813,37.8579483032,-66.0102539062,18.6659526825,-37.1498069763,2.20088577271,-16.0366744995,2.10829591751,-15.7389202118,-1.9463994503,-10.6810846329]},"hfc":{"dmean":5.60776424408,"dmean2":7.32914161682,"dvar":72.4215164185,"dvar2":133.818588257,"max":183.160690308,"mean":19.6942901611,"median":11.8243875504,"min":1.19767772059e-16,"var":489.641296387},"melbands":{"dmean":[0.000148904160596,0.000357684970368,0.000291709497105,0.000207658682484,0.000111682071292,0.000172180531081,0.000155418980285,0.000158825627295,0.000145645142766,0.000114071102871,0.000068381872552,0.0000514638304594,0.0000742769916542,0.0000526445583091,0.0000378614822694,0.000027975111152,0.0000385533239751,0.000029233391615,0.0000196984001377,0.0000199313271878,0.0000163330460055,0.0000148068838826,0.00000855531106936,0.0000064862315412,0.00000437258358943,0.00000355224619852,0.00000395780443796,0.00000455296412838,0.00000597378902967,0.00000405976106777,0.00000300181181956,0.00000286339377453,0.00000240638019022,0.00000193119126379,0.00000177304082172,0.00000175687114279,0.00000127391069782,7.4283889262e-7,3.79408845674e-7,2.02570021202e-7],"dmean2":[0.000236355437664,0.000553879828658,0.00047570237075,0.000338543701218,0.000178150425199,0.00027916955878,0.000243402231717,0.000255680264672,0.000223357812501,0.000176697503775,0.00010684443987,0.0000812784201116,0.000118829906569,0.0000843281450216,0.000060499583924,0.0000437645649072,0.0000602373329457,0.0000460992851004,0.0000301550990116,0.0000314728422381,0.0000259423613898,0.000023753143978,0.0000134269430418,0.0000100925144579,0.00000681281426296,0.0000054653864936,0.0000058868367887,0.00000674146804158,0.00000854494646774,0.00000589597902945,0.00000436796881331,0.00000419601656176,0.00000357255498784,0.00000282305654764,0.00000261683317149,0.00000259778062173,0.00000185311876066,0.00000107862456389,5.36386664862e-7,2.80549443232e-7],"dvar":[6.16398665443e-8,3.81764266422e-7,2.9450197303e-7,1.52651779217e-7,4.73233434661e-8,1.28967784008e-7,1.36049280286e-7,1.93404630977e-7,1.68668449874e-7,1.42581242812e-7,5.47497549519e-8,2.7659531554e-8,6.1975001131e-8,2.84823613583e-8,1.48288252788e-8,6.14304473956e-9,1.53018575588e-8,7.54422302407e-9,2.32203412054e-9,1.97302707505e-9,1.19605669813e-9,6.92643720157e-10,2.69066241509e-10,2.45499898188e-10,1.03386958716e-10,4.46903833384e-11,5.70786404253e-11,8.26949134169e-11,1.84524617808e-10,9.46274517077e-11,5.15786927058e-11,3.0078953217e-11,2.17542771991e-11,1.85739288533e-11,4.5488019601e-11,6.12618220042e-11,2.12592703858e-11,5.77217874193e-12,9.69683209597e-13,2.02387206386e-13],"dvar2":[1.59018341606e-7,9.45550141296e-7,7.70229974023e-7,3.7792253238e-7,1.1186921256e-7,3.35614714686e-7,3.39999473908e-7,4.65155693519e-7,3.71818117628e-7,3.51678579591e-7,1.23524372952e-7,7.13048748935e-8,1.59730788596e-7,6.48822577887e-8,3.38784538201e-8,1.36198057277e-8,3.09203223026e-8,1.92428881718e-8,5.29824362161e-9,4.79665951403e-9,3.05146485857e-9,1.77346282104e-9,6.44843844988e-10,5.60122392912e-10,2.3792309789e-10,1.03102686111e-10,1.25648921823e-10,1.78904113746e-10,3.99805522022e-10,2.11439615816e-10,1.17290593904e-10,6.83682624403e-11,5.10030420675e-11,3.87579100758e-11,9.9787914043e-11,1.34541863761e-10,4.67291830231e-11,1.26363329522e-11,1.95110312455e-12,4.40204323731e-13],"max":[0.00362068554386,0.00881963782012,0.00906837079674,0.00780124263838,0.0044868811965,0.00966951716691,0.00836431514472,0.0140357902274,0.0108921043575,0.0107077276334,0.00957207288593,0.00514850858599,0.00704024825245,0.00632355036214,0.00345488032326,0.00254620285705,0.00507132383063,0.00290270429105,0.00110650702845,0.00100573920645,0.000964071135968,0.000523526046891,0.000318851001794,0.000430460146163,0.00022267102031,0.000121613498777,0.000163475167938,0.000244708760874,0.000412092078477,0.000351259368472,0.000222711634706,0.000130130327307,0.000117955642054,0.000117779884022,0.000220421439735,0.000238930326304,0.000128671294078,0.0000650074725854,0.0000329391004925,0.0000107255800685],"mean":[0.000259390042629,0.000677308940794,0.000497803033795,0.00034450730891,0.000197849440156,0.00027052720543,0.000257139268797,0.000277444662061,0.000237556087086,0.000190941485926,0.000113970680104,0.0000881711312104,0.000131725581014,0.000103667800431,0.0000646165644866,0.0000479566988361,0.0000703812256688,0.0000518407832715,0.000036243814975,0.0000394857634092,0.0000320215331158,0.0000289771123789,0.000017735243091,0.0000125202413983,0.00000811855807115,0.00000706331320544,0.00000725008885638,0.00000844770966069,0.0000111853423732,0.00000808838285593,0.00000599434861215,0.00000576074035052,0.00000499092175232,0.00000386054080082,0.00000315187935485,0.00000305858884531,0.00000235550191974,0.00000136953588026,6.9813194159e-7,3.61257235681e-7],"median":[0.000148128441651,0.000320943334373,0.000250578101259,0.00014953869686,0.000097376483609,0.000111907465907,0.0000903500331333,0.0000733855777071,0.0000585718153161,0.0000317576705129,0.0000271163262369,0.0000221116533794,0.0000205838205147,0.0000186123688763,0.0000146832353494,0.0000130093339976,0.0000176583307621,0.0000141928621815,0.0000101954237834,0.0000114843833217,0.0000111530698632,0.0000107388977995,0.00000590178342463,0.00000329038539348,0.00000263256697508,0.00000258680938714,0.00000256702287516,0.00000277303342955,0.00000317305170938,0.00000239805217461,0.00000189480010704,0.00000192856350623,0.00000177044967131,0.00000133474600261,8.62896627041e-7,6.05247009844e-7,5.7056007563e-7,3.78003562673e-7,1.90114192833e-7,8.31374507015e-8],"min":[4.37402979891e-24,2.1848770864e-24,7.83707513585e-24,4.2447181416e-24,3.63999117672e-24,6.94487345205e-24,3.27045382162e-24,3.7148576265e-24,1.5728548542e-23,1.72339602064e-23,8.64427074623e-24,1.52757202943e-23,1.4454680175e-23,9.224024347e-24,6.51981744695e-24,3.6400219423e-24,1.21882480845e-23,1.38467492516e-23,1.63961867696e-23,1.44186197653e-23,1.52765312433e-23,1.77777662046e-23,1.27527033057e-23,9.88363433721e-24,1.17388813584e-23,1.51321854749e-23,1.64961070473e-23,1.01955672941e-23,4.87670616721e-24,1.11722906907e-23,1.52161581405e-23,1.1725669516e-23,8.99331487552e-24,7.15947832815e-24,7.1620863023e-24,8.87634179164e-24,9.45107902591e-24,8.87307511863e-24,1.00599550047e-23,1.52173051443e-23],"var":[1.04036566029e-7,8.51126060297e-7,5.01239185269e-7,3.3162493196e-7,9.26455854255e-8,2.05864495229e-7,2.43223723828e-7,5.41609722404e-7,3.62760715689e-7,3.25465890683e-7,1.17381631526e-7,5.70623690521e-8,1.63573176337e-7,8.46503596108e-8,2.95309696696e-8,1.35601174733e-8,4.58736835185e-8,1.62085527222e-8,6.04356920064e-9,5.9703157973e-9,2.71009326092e-9,1.98848648658e-9,7.77993391932e-10,6.58174847956e-10,2.18180098988e-10,1.22291760052e-10,1.3650661157e-10,2.13457501674e-10,5.12674513953e-10,2.81797335466e-10,1.42052661301e-10,9.3201411866e-11,6.11446102083e-11,4.61896562665e-11,8.05651378943e-11,1.12869408264e-10,3.98579745597e-11,1.12733164817e-11,2.32607292802e-12,5.30460820668e-13]},"melbands_crest":{"dmean":2.98915219307,"dmean2":4.86277151108,"dvar":7.60920286179,"dvar2":19.2636756897,"max":37.7540130615,"mean":12.4582681656,"median":11.4428319931,"min":1.72675704956,"var":26.357717514},"melbands_flatness_db":{"dmean":0.0203082859516,"dmean2":0.02958265692,"dvar":0.000450399296824,"dvar2":0.000889723363798,"max":0.44019138813,"mean":0.161857172847,"median":0.146589249372,"min":0.00892914645374,"var":0.00417669350281},"melbands_kurtosis":{"dmean":4.5031914711,"dmean2":6.86374664307,"dvar":231.016235352,"dvar2":526.786132812,"max":926.6015625,"mean":10.567738533,"median":4.2438993454,"min":-1.91590952873,"var":914.065185547},"melbands_skewness":{"dmean":0.555373668671,"dmean2":0.840144574642,"dvar":0.411016345024,"dvar2":0.831376135349,"max":24.1502666473,"mean":2.1928358078,"median":1.82004714012,"min":-0.981368124485,"var":3.28950119019},"melbands_spread":{"dmean":8.07097053528,"dmean2":12.1632843018,"dvar":151.116943359,"dvar2":303.64151001,"max":239.369476318,"mean":31.391078949,"median":27.9993686676,"min":0.689307391644,"var":510.833770752},"mfcc":{"cov":[[17751.5976562,-66.5146408081,-325.032531738,276.298522949,-423.678314209,63.2640419006,-525.943115234,20.8578681946,31.2021560669,-4.51254034042,-193.1355896,201.124923706,-37.5355186462],[-66.5146408081,1535.58483887,-141.076690674,39.2813568115,71.6746139526,36.5011291504,34.9569282532,-0.409440815449,-67.4287109375,-4.81711912155,32.8538970947,-65.3667755127,-12.2069368362],[-325.032531738,-141.076690674,467.929107666,44.6693000793,54.2897415161,15.19419384,19.7728252411,-20.6369285583,-3.01897549629,17.1920986176,-35.1559486389,21.0218601227,-22.0153770447],[276.298522949,39.2813568115,44.6693000793,337.862213135,84.7986373901,-16.1268081665,-3.04762864113,-44.1274452209,37.1137657166,-22.8085422516,-10.8941020966,-19.5451755524,31.2380123138],[-423.678314209,71.6746139526,54.2897415161,84.7986373901,196.890594482,20.3222637177,12.3533830643,7.32646465302,6.85336017609,23.9389686584,-8.56541538239,-6.82244443893,2.09561347961],[63.2640419006,36.5011291504,15.19419384,-16.1268081665,20.3222637177,146.763870239,53.7370414734,22.7258300781,4.29285669327,4.21423053741,6.41775560379,-1.86443471909,-11.070063591],[-525.943115234,34.9569282532,19.7728252411,-3.04762864113,12.3533830643,53.7370414734,174.678741455,28.2138671875,15.1094751358,-23.9261817932,26.0214614868,-19.7023506165,12.1134195328],[20.8578681946,-0.409440815449,-20.6369285583,-44.1274452209,7.32646465302,22.7258300781,28.2138671875,97.7041397095,13.2547254562,12.9598903656,4.07095813751,6.78953886032,3.73497033119],[31.2021560669,-67.4287109375,-3.01897549629,37.1137657166,6.85336017609,4.29285669327,15.1094751358,13.2547254562,111.627113342,28.1138648987,14.8312530518,-5.78733205795,9.87900066376],[-4.51254034042,-4.81711912155,17.1920986176,-22.8085422516,23.9389686584,4.21423053741,-23.9261817932,12.9598903656,28.1138648987,89.0922241211,19.0081634521,11.5510053635,-18.1947555542],[-193.1355896,32.8538970947,-35.1559486389,-10.8941020966,-8.56541538239,6.41775560379,26.0214614868,4.07095813751,14.8312530518,19.0081634521,73.7357635498,9.46356868744,5.75680875778],[201.124923706,-65.3667755127,21.0218601227,-19.5451755524,-6.82244443893,-1.86443471909,-19.7023506165,6.78953886032,-5.78733205795,11.5510053635,9.46356868744,79.0768127441,23.8447322845],[-37.5355186462,-12.2069368362,-22.0153770447,31.2380123138,2.09561347961,-11.070063591,12.1134195328,3.73497033119,9.87900066376,-18.1947555542,5.75680875778,23.8447322845,78.2353439331]],"icov":[[0.0000781679191277,-0.0000160607523867,0.0000642083759885,-0.000163681805134,0.000235281811911,-0.000146838385263,0.000205231801374,-0.000108045729576,-0.0000529340868525,-0.00000736625997888,0.000227841068408,-0.000262518442469,0.000132939385367],[-0.0000160607523867,0.000760232971516,0.000211204533116,-0.000086231957539,-0.000308055226924,-0.000129090476548,-0.0000961325858952,-8.26554241939e-7,0.000689275038894,-0.000191805796931,-0.000454724067822,0.000702098710462,-0.000102485246316],[0.0000642083759885,0.000211204533116,0.00270608183928,-0.000506934535224,-0.000310165138217,-0.000145695899846,-0.0008924867725,0.000722464930732,0.000197344605112,-0.000885878456756,0.00183808186557,-0.0015980041353,0.00123989593703],[-0.000163681805134,-0.000086231957539,-0.000506934535224,0.004626957234,-0.00241428916343,0.000535610655788,0.00011806281691,0.00204233173281,-0.00181218306534,0.00174698082265,-0.000566608447116,0.00151759525761,-0.00184315280057],[0.000235281811911,-0.000308055226924,-0.000310165138217,-0.00241428916343,0.00739401159808,-0.00112850568257,0.00000512473206982,-0.00126282370184,0.000768202648032,-0.00296174082905,0.00194021279458,-0.000334367505275,-0.000183377895155],[-0.000146838385263,-0.000129090476548,-0.000145695899846,0.000535610655788,-0.00112850568257,0.00846358854324,-0.0029705169145,-0.000761268893257,-0.0000835825921968,-0.000209845165955,-0.0000705585844116,-0.000558808329515,0.00151588593144],[0.000205231801374,-0.0000961325858952,-0.0008924867725,0.00011806281691,0.00000512473206982,-0.0029705169145,0.00930387526751,-0.00246610818431,-0.00126596330665,0.00380137679167,-0.00363314687274,0.00232040113769,-0.00135404756293],[-0.000108045729576,-8.26554241939e-7,0.000722464930732,0.00204233173281,-0.00126282370184,-0.000761268893257,-0.00246610818431,0.0127824833617,-0.00142936140765,-0.00168307102285,0.00137127761263,-0.000979422358796,-0.00097975297831],[-0.0000529340868525,0.000689275038894,0.000197344605112,-0.00181218306534,0.000768202648032,-0.0000835825921968,-0.00126596330665,-0.00142936140765,0.0120989689603,-0.00516104185954,-0.00124810973648,0.00256545818411,-0.00232500885613],[-0.00000736625997888,-0.000191805796931,-0.000885878456756,0.00174698082265,-0.00296174082905,-0.000209845165955,0.00380137679167,-0.00168307102285,-0.00516104185954,0.0178791359067,-0.00529158907011,-0.00234701950103,0.00447557773441],[0.000227841068408,-0.000454724067822,0.00183808186557,-0.000566608447116,0.00194021279458,-0.0000705585844116,-0.00363314687274,0.00137127761263,-0.00124810973648,-0.00529158907011,0.0187211148441,-0.00399532588199,-0.0000159421433636],[-0.000262518442469,0.000702098710462,-0.0015980041353,0.00151759525761,-0.000334367505275,-0.000558808329515,0.00232040113769,-0.000979422358796,0.00256545818411,-0.00234701950103,-0.00399532588199,0.0186490286142,-0.00771434232593],[0.000132939385367,-0.000102485246316,0.00123989593703,-0.00184315280057,-0.000183377895155,0.00151588593144,-0.00135404756293,-0.00097975297831,-0.00232500885613,0.00447557773441,-0.0000159421433636,-0.00771434232593,0.018077224493]],"mean":[-676.141540527,107.377098083,-4.85037755966,17.2500305176,-3.03355050087,11.9646186829,-8.51798534393,2.10862016678,-0.0441341288388,2.25018954277,-3.20336079597,4.24290990829,-0.968623876572]},"pitch_salience":{"dmean":0.0610423386097,"dmean2":0.0984729900956,"dvar":0.00307404110208,"dvar2":0.00767768500373,"max":0.863835036755,"mean":0.581538259983,"median":0.591587722301,"min":0.114118009806,"var":0.0105724846944},"silence_rate_20dB":{"dmean":0,"dmean2":0,"dvar":0,"dvar2":0,"max":1,"mean":1,"median":1,"min":1,"var":0},"silence_rate_30dB":{"dmean":0.000289184506983,"dmean2":0.000578452658374,"dvar":0.000289105257252,"dvar2":0.000578106148168,"max":1,"mean":0.999710857868,"median":1,"min":0,"var":0.000289063493256},"silence_rate_60dB":{"dmean":0.0404858291149,"dmean2":0.0809833705425,"dvar":0.0388430431485,"dvar2":0.0807820558548,"max":1,"mean":0.209050163627,"median":0,"min":0,"var":0.16534870863},"spectral_centroid":{"dmean":245.482772827,"dmean2":355.377868652,"dvar":94104.140625,"dvar2":164391.859375,"max":10795.3574219,"mean":1558.07470703,"median":1553.89831543,"min":178.793457031,"var":493688.0625},"spectral_complexity":{"dmean":3.51243495941,"dmean2":4.9182934761,"dvar":17.1445350647,"dvar2":29.9490337372,"max":56,"mean":18.3469715118,"median":17,"min":0,"var":177.860961914},"spectral_contrast_coeffs":{"dmean":[0.049522139132,0.0461078770459,0.0356976687908,0.0280771665275,0.019178070128,0.0166448671371],"dmean2":[0.0802727788687,0.075322791934,0.0581412650645,0.0460254400969,0.0313020907342,0.0253559853882],"dvar":[0.0018992027035,0.00155771919526,0.000908026588149,0.000540397188161,0.000257588719251,0.000244873459451],"dvar2":[0.00500600365922,0.00392461428419,0.00226850784384,0.00138917460572,0.000626001914497,0.000509204459377],"max":[-0.373920321465,-0.376624345779,-0.500287652016,-0.568129718304,-0.663550615311,-0.623593628407],"mean":[-0.668240129948,-0.743909418583,-0.781264841557,-0.781505942345,-0.808831453323,-0.745633065701],"median":[-0.66858959198,-0.749364614487,-0.790444612503,-0.784516870975,-0.808852374554,-0.737170934677],"min":[-0.957793831825,-0.97151196003,-0.964086174965,-0.962681651115,-0.959924817085,-0.957329928875],"var":[0.00665878830478,0.00629905657843,0.00528199784458,0.00313096190803,0.00169788952917,0.00278654508293]},"spectral_contrast_valleys":{"dmean":[0.404849410057,0.352809488773,0.284774720669,0.250122278929,0.2678373456,0.282500177622],"dmean2":[0.632288336754,0.557248473167,0.460688918829,0.385745257139,0.359966099262,0.339056134224],"dvar":[0.152100756764,0.131921574473,0.0823372229934,0.0755649730563,0.115201026201,0.110918752849],"dvar2":[0.306914836168,0.259476512671,0.160656899214,0.131324291229,0.167175605893,0.151707336307],"max":[-5.75758218765,-4.82030200958,-5.34407138824,-5.66449260712,-5.72502565384,-7.87571907043],"mean":[-7.94451951981,-7.16150474548,-7.69422101974,-7.97151279449,-7.89912366867,-10.51060009],"median":[-7.52098703384,-6.78548717499,-7.33130311966,-7.55809164047,-7.45126056671,-10.0840539932],"min":[-27.2276706696,-27.8307666779,-27.2171020508,-27.1800327301,-27.2743320465,-27.3003826141],"var":[2.54132318497,2.99410843849,2.77901554108,2.82501983643,2.92224168777,2.54712820053]},"spectral_decrease":{"dmean":1.13878007024e-9,"dmean2":1.64930913371e-9,"dvar":2.28389033901e-18,"dvar2":4.89292428371e-18,"max":-1.94301625319e-29,"mean":-4.06180378221e-9,"median":-3.11519676721e-9,"min":-2.65638995245e-8,"var":1.43597644441e-17},"spectral_energy":{"dmean":0.00468558771536,"dmean2":0.00671720458195,"dvar":0.0000384835766454,"dvar2":0.0000808260738268,"max":0.116871364415,"mean":0.0171165261418,"median":0.0131205655634,"min":1.09366330924e-20,"var":0.000256729952525},"spectral_energyband_high":{"dmean":0.000465105578769,"dmean2":0.000593458826188,"dvar":8.39125220864e-7,"dvar2":0.00000148086473928,"max":0.0207111053169,"mean":0.00117691361811,"median":0.000469464517664,"min":7.84131920121e-21,"var":0.00000349124661625},"spectral_energyband_low":{"dmean":0.00147108954843,"dmean2":0.002224966418,"dvar":0.00000586675787417,"dvar2":0.0000141808332046,"max":0.0385656021535,"mean":0.00320393871516,"median":0.00183161650784,"min":3.88461804784e-23,"var":0.000015472072846},"spectral_energyband_middle_high":{"dmean":0.00169220066164,"dmean2":0.00247300020419,"dvar":0.00000974963586486,"dvar2":0.0000219765479414,"max":0.0842319577932,"mean":0.0055650700815,"median":0.00253257388249,"min":2.00045189703e-21,"var":0.0000615357712377},"spectral_energyband_middle_low":{"dmean":0.00306448084302,"dmean2":0.00474785733968,"dvar":0.0000219336725422,"dvar2":0.000051759841881,"max":0.0824873521924,"mean":0.00777862267569,"median":0.00529962126166,"min":2.68127637015e-22,"var":0.0000742178308428},"spectral_entropy":{"dmean":0.123164400458,"dmean2":0.174040839076,"dvar":0.0200539715588,"dvar2":0.0364806577563,"max":9.78302001953,"mean":7.74953079224,"median":7.82819700241,"min":5.74246454239,"var":0.16638378799},"spectral_flux":{"dmean":0.0152145829052,"dmean2":0.0231238957494,"dvar":0.000285688292934,"dvar2":0.000612998614088,"max":0.256280124187,"mean":0.0643025264144,"median":0.061626303941,"min":1.04578359861e-10,"var":0.00175610173028},"spectral_kurtosis":{"dmean":1.14042031765,"dmean2":1.85881388187,"dvar":1.98765158653,"dvar2":4.93856191635,"max":31.8740310669,"mean":3.30668854713,"median":2.38935661316,"min":-1.20639038086,"var":8.15752506256},"spectral_rms":{"dmean":0.000527305994183,"dmean2":0.000735709734727,"dvar":3.37745234447e-7,"dvar2":6.48022080441e-7,"max":0.0106780538335,"mean":0.00355439889245,"median":0.00357778603211,"min":3.26647910109e-12,"var":0.00000406531535191},"spectral_rolloff":{"dmean":494.295288086,"dmean2":787.353881836,"dvar":743646.8125,"dvar2":1360261,"max":18497.0214844,"mean":1905.59545898,"median":1658.05664062,"min":43.06640625,"var":2157410.75},"spectral_skewness":{"dmean":0.181825086474,"dmean2":0.272596031427,"dvar":0.0412712618709,"dvar2":0.080603659153,"max":4.7121758461,"mean":1.3153386116,"median":1.20100450516,"min":-0.424052834511,"var":0.267436355352},"spectral_spread":{"dmean":369584.6875,"dmean2":520276.5625,"dvar":306060197888,"dvar2":459757748224,"max":40295012,"mean":4597893,"median":4335400.5,"min":1947322.375,"var":2646853812220},"spectral_strongpeak":{"dmean":0.541602611542,"dmean2":0.912913143635,"dvar":0.844406247139,"dvar2":2.18922877312,"max":11.272772789,"mean":0.963311731815,"median":0.404649078846,"min":0,"var":1.70965540409},"zerocrossingrate":{"dmean":0.0103682102636,"dmean2":0.0116035109386,"dvar":0.000213186998735,"dvar2":0.000234961611568,"max":0.51611328125,"mean":0.0735907703638,"median":0.068359375,"min":0.005859375,"var":0.00178319157567}},"metadata":{"audio_properties":{"analysis_sample_rate":44100,"bit_rate":193642,"codec":"mp3","downmix":"mix","equal_loudness":0,"length":160.574691772,"lossless":false,"md5_encoded":"62d0823e9cc0a5213018a662fe663675","replay_gain":-7.39994239807,"sample_rate":44100},"tags":{"album":["The Turtles - 20 Greatest Hits"],"albumartist":["The Turtles"],"artist":["The Turtles"],"date":["1990"],"encodedby":["KillerRips2003"],"file_name":"81168.mp3","genre":["Oldies"],"length":["160533"],"musicbrainz_recordingid":["2dbd3dd4-ca8b-42f2-b418-d4cbc26e1108"],"title":["The Story Of Rock & Roll"],"tracknumber":["17"]},"version":{"essentia":"2.1-beta2","essentia_build_sha":"70f2e5ece6736b2c40cc944ad0e695b16b925413","essentia_git_sha":"v2.1_beta2","extractor":"music 1.0"}},"rhythm":{"beats_count":316,"beats_loudness":{"dmean":0.00905085820705,"dmean2":0.0153671037406,"dvar":0.0000900092127267,"dvar2":0.000250092038186,"max":0.0849616825581,"mean":0.0254511106759,"median":0.024899225682,"min":2.49079179504e-9,"var":0.000296802463708},"beats_loudness_band_ratio":{"dmean":[0.167187720537,0.112908452749,0.11295928061,0.108298175037,0.0647326335311,0.0621715188026],"dmean2":[0.282323718071,0.206768810749,0.193766400218,0.19425983727,0.115528024733,0.111995980144],"dvar":[0.0256994012743,0.0109013952315,0.01200717967,0.0137922409922,0.00433075428009,0.0055739665404],"dvar2":[0.074302688241,0.0320891030133,0.0332817770541,0.0409512445331,0.0129579314962,0.0148553950712],"max":[0.974371016026,0.715804219246,0.745006024837,0.650781452656,0.439444094896,0.58984965086],"mean":[0.389136791229,0.159257888794,0.162957563996,0.130067780614,0.111882403493,0.102987118065],"median":[0.353418052197,0.132466077805,0.134585604072,0.08518127352,0.0945306867361,0.0902609303594],"min":[0.0247228443623,0.003710