{"lowlevel":{"average_loudness":0.946825742722,"barkbands":{"dmean":[0.000262193265371,0.00315786898136,0.00216639530845,0.00166548439302,0.00239681196399,0.00123667251319,0.0011236454593,0.00168654951267,0.00151290290523,0.000738216738682,0.000497780565638,0.000761615985539,0.000663590210024,0.000796453969087,0.000553241639864,0.000425659032771,0.000342979328707,0.000183912023203,0.000163905569934,0.00010094272875,0.0000942389160627,0.000119203607028,0.000107093939732,0.0000651685113553,0.0000386235260521,0.0000171900192072,0.0000029995044315],"dmean2":[0.000448766280897,0.00506398547441,0.00365543784574,0.00288831884973,0.00397661048919,0.00198887079023,0.00180813856423,0.00265650241636,0.00236143707298,0.0011585841421,0.000787655240856,0.0012129037641,0.00107204122469,0.00126409425866,0.000894186436199,0.00068652984919,0.000561543914955,0.000301945576211,0.000269602925982,0.00016725709429,0.000145872036228,0.000180264905794,0.000156882160809,0.0000940622121561,0.0000553684549232,0.000025351471777,0.0000044535431698],"dvar":[9.29918485326e-7,0.0000290595598926,0.00000870915755513,0.0000079464252849,0.0000120117820188,0.00000484991642224,0.0000054196302699,0.000013111741282,0.0000105413628262,0.00000378163076675,0.00000162965488926,0.00000265650646725,0.00000180024244401,0.00000206489221455,0.00000109834491013,6.29556893728e-7,4.43885056711e-7,7.32751104238e-8,5.94291940104e-8,1.78169052845e-8,2.08927257717e-8,7.76505046929e-8,1.05198658673e-7,4.48743726622e-8,2.17583515649e-8,3.79037645715e-9,6.31110025351e-11],"dvar2":[0.00000247173647949,0.0000705508136889,0.000023853379389,0.0000215407635551,0.0000315564066113,0.0000117419276648,0.0000127541597976,0.0000305432949972,0.0000245752635237,0.00000886299494596,0.00000377902438231,0.0000065790318331,0.00000434881440015,0.0000047722223826,0.00000269588372248,0.00000160012473316,0.00000114623423997,1.84888833132e-7,1.56530916229e-7,4.77763464346e-8,4.80422492899e-8,1.62466477605e-7,2.05440812806e-7,8.49866950148e-8,4.34517275494e-8,7.73304797974e-9,1.41026260114e-10],"max":[0.0408004075289,0.0625397786498,0.03446771577,0.060511469841,0.0464543253183,0.0424666553736,0.0445952005684,0.0552640520036,0.0505681410432,0.0305959321558,0.0256290379912,0.0268032513559,0.0211719553918,0.023221231997,0.0180735122412,0.0173693392426,0.017832679674,0.0065543493256,0.00592570705339,0.00275484169833,0.00446707662195,0.00733967451379,0.00805648043752,0.00526123540476,0.00350171257742,0.00196911790408,0.000162844968145],"mean":[0.00026416964829,0.00485174590722,0.00356509699486,0.00205433415249,0.00437413947657,0.00214765220881,0.00178074638825,0.00303524103947,0.00277217454277,0.00104694103356,0.00076126208296,0.00116026820615,0.00104997889139,0.00130781449843,0.000938922923524,0.000801547896117,0.000716326176189,0.000415174697991,0.00038144516293,0.000262224290054,0.000246497744229,0.000253759033512,0.000194111897144,0.000112953188363,0.0000604042652412,0.0000252007084782,0.00000470602435598],"median":[0.0000518427186762,0.00293432013132,0.0024539611768,0.00107281655073,0.00297907856293,0.00121963222045,0.000838273670524,0.000848866882734,0.000676555908285,0.000347787718056,0.000292232027277,0.000497627654113,0.000536161358468,0.00068308156915,0.00046787399333,0.00044671469368,0.000450071354862,0.000329263624735,0.000287255214062,0.000207537275855,0.000181294948561,0.000154846769874,0.0000867483977345,0.0000453738211945,0.0000200996673811,0.00000815144994704,0.00000192475931726],"min":[8.2858951813e-24,1.52828989285e-23,1.39645672055e-23,3.00188987353e-24,1.99524222175e-23,1.95632440008e-23,2.8391908617e-23,3.12907231637e-23,6.71803539435e-23,2.75236851493e-23,5.38300001497e-23,3.79113803057e-23,4.01959467308e-23,3.55935523494e-23,9.00761645042e-23,8.75865825962e-23,1.00614929679e-22,1.89012726343e-22,2.31610596758e-22,2.46479350023e-22,3.23478384285e-22,3.44995682502e-22,5.15099513922e-22,6.94493955859e-22,1.14175259314e-21,1.64064468839e-21,2.25364529902e-21],"var":[0.00000135669074552,0.0000385915736842,0.0000140898173413,0.00000865941001393,0.0000217771121243,0.00000923737752601,0.0000104416776594,0.0000418081108364,0.0000345138105331,0.0000063665684138,0.00000292170921057,0.00000432244360127,0.0000030887590583,0.00000354486269316,0.0000018777270725,0.00000117865920402,8.36884169075e-7,1.53618742615e-7,1.44491878018e-7,5.54880266179e-8,6.44772555347e-8,1.58851378274e-7,2.09456629818e-7,8.5918593129e-8,3.40495702744e-8,5.2621289548e-9,8.95148677404e-11]},"barkbands_crest":{"dmean":2.63591980934,"dmean2":4.32606935501,"dvar":5.44584608078,"dvar2":14.2733659744,"max":26.8897266388,"mean":9.354637146,"median":8.13762569427,"min":2.73916864395,"var":19.3606967926},"barkbands_flatness_db":{"dmean":0.0181312020868,"dmean2":0.0283119119704,"dvar":0.000308660441078,"dvar2":0.000764217576943,"max":0.584798634052,"mean":0.124132223427,"median":0.102739654481,"min":0.0131061244756,"var":0.00666818022728},"barkbands_kurtosis":{"dmean":2.74132394791,"dmean2":4.48166179657,"dvar":177.192932129,"dvar2":374.60244751,"max":1110.16333008,"mean":6.69847488403,"median":0.493144035339,"min":-1.85877037048,"var":3056.19726562},"barkbands_skewness":{"dmean":0.467868685722,"dmean2":0.737028479576,"dvar":0.338675230742,"dvar2":0.804076910019,"max":32.9228363037,"mean":1.29403138161,"median":0.986697018147,"min":-2.61101698875,"var":4.61195421219},"barkbands_spread":{"dmean":5.13140773773,"dmean2":7.78818321228,"dvar":34.6055221558,"dvar2":69.209564209,"max":100.959815979,"mean":24.1531944275,"median":23.4864006042,"min":0.209935843945,"var":154.103622437},"dissonance":{"dmean":0.0183060690761,"dmean2":0.0311454571784,"dvar":0.000524578616023,"dvar2":0.0015611309791,"max":0.5,"mean":0.46708291769,"median":0.474855273962,"min":0.197955697775,"var":0.0008754003793},"dynamic_complexity":3.08005070686,"erbbands":{"dmean":[0.108440808952,0.68754285574,2.23973464966,3.7502655983,6.2911529541,9.64834403992,11.4891242981,10.4935131073,11.9421834946,25.3798923492,35.5530090332,30.2568149567,34.4631347656,16.1902084351,21.5537662506,29.5437507629,27.9785881042,38.765953064,28.5464305878,25.6513671875,23.5721206665,16.6932964325,10.2359838486,7.7174372673,8.03707122803,4.39963102341,4.06984567642,3.69279265404,4.2353143692,3.94907951355,2.96777105331,1.67337369919,0.964523613453,0.494417577982,0.255785495043,0.0989462211728,0.0283017065376,0.00490453513339,0.000504740572069,0.0000281495576928],"dmean2":[0.176286518574,1.12824273109,3.76627898216,6.37201738358,10.8891239166,15.9404659271,18.6834831238,16.8860225677,19.1450176239,40.7174682617,56.172203064,47.3959846497,52.6770324707,25.4551467896,33.9948730469,46.5570755005,44.5149726868,61.0013122559,45.8006858826,40.7097167969,38.0758018494,27.1164798737,16.6014194489,12.5760240555,13.3020133972,7.22764778137,6.52219104767,5.66386795044,6.41347360611,5.93442296982,4.31847763062,2.44162845612,1.38977313042,0.710082232952,0.369211703539,0.143984034657,0.0426039732993,0.00730466609821,0.000745103869122,0.0000408140513173],"dvar":[0.0544811747968,1.16006720066,9.62981128693,33.2600097656,104.083457947,227.228973389,368.45916748,449.211242676,598.512268066,3129.18847656,6575.20410156,4941.20898438,6283.50830078,1563.7512207,2495.60253906,4301.40625,3586.48486328,5619.35742188,2675.66113281,2984.68481445,1725.13964844,1003.34197998,239.696456909,118.80140686,165.790802002,36.9793052673,33.7283210754,41.5196418762,95.7083358765,106.25566864,93.8084335327,25.9012184143,12.7067613602,3.80860280991,1.00177967548,0.163183480501,0.00840351358056,0.000193823434529,0.00000184499663192,3.69913832898e-9],"dvar2":[0.141602277756,2.7930419445,26.4463729858,90.485786438,294.085296631,580.79284668,945.920532227,1071.2545166,1391.26550293,7534.92919922,15238.2841797,11602.6542969,14320.9111328,3698.59765625,5910.65039062,10745.9814453,8638.56933594,12753.9667969,6558.25585938,7136.80371094,4392.32324219,2550.47265625,580.794128418,295.982116699,453.627960205,96.6457519531,82.6308670044,91.7934875488,206.070877075,209.676376343,184.25440979,49.5159606934,24.8033332825,7.89687108994,1.95822012424,0.329192996025,0.017917888239,0.000424042838858,0.00000407438437833,8.18357470678e-9],"max":[3.62503433228,11.4803504944,36.1819839478,114.968452454,136.309524536,204.297134399,322.90335083,439.796813965,730.15032959,1048.6529541,1244.22473145,1155.64575195,1262.97192383,1013.45184326,1101.27026367,1274.88513184,1154.22753906,1378.53076172,825.3828125,1074.74462891,910.93536377,781.945068359,352.78314209,254.780044556,363.736419678,158.438858032,131.076141357,288.970550537,307.99710083,274.218505859,256.390808105,114.929450989,82.959312439,46.0870475769,28.1964168549,15.092253685,2.39585971832,0.285396009684,0.0270792152733,0.00126434315462],"mean":[0.122245766222,1.15465402603,3.9388115406,5.64820861816,8.64657497406,16.4582042694,19.8663291931,17.6863059998,20.0764541626,44.1661453247,65.3686599731,52.1566886902,62.7961730957,27.9375991821,35.127532959,47.7034683228,49.0949935913,67.2602767944,51.9918479919,47.5409965515,49.9814453125,36.7975616455,24.5136966705,19.7336978912,18.8125782013,12.0554542542,10.5778427124,9.2525396347,9.11617660522,7.59629678726,5.26442670822,3.02753829956,1.54586005211,0.782794296741,0.3806681633,0.141515761614,0.0414249114692,0.00737114390358,0.000811921432614,0.0000801184287411],"median":[0.0473949424922,0.760771393776,2.95400905609,3.70408296585,5.10929632187,8.63291835785,11.9694070816,9.40159416199,11.4501485825,16.2289772034,21.6462993622,17.4884929657,15.9602746964,14.2415361404,17.0700569153,22.3430023193,26.9312419891,36.4645462036,28.7211723328,25.1931381226,29.7575378418,26.2828941345,19.3456172943,16.4872436523,13.3521785736,9.55258750916,8.20029735565,6.32166385651,5.58710956573,4.09027767181,2.20995998383,1.30233836174,0.515579819679,0.262995570898,0.119957648218,0.0423906780779,0.0141240824014,0.00272745219991,0.000346471380908,0.000067132190452],"min":[3.63822952411e-22,4.61405586598e-21,1.50817837759e-20,1.3134416437e-20,4.52322715342e-20,8.69096633001e-20,1.02941922836e-19,1.91223917547e-19,2.40568162067e-19,5.8512580013e-19,6.82835424313e-19,1.88194342704e-18,1.35498305473e-18,1.53142481529e-18,2.30410683998e-18,1.99145779744e-18,2.25896738716e-18,2.1261680893e-18,2.48905077646e-18,5.25986615293e-18,5.55508567278e-18,5.52790534504e-18,8.15683215629e-18,9.16926400293e-18,1.20053404142e-17,1.10068225727e-17,1.35371589675e-17,1.39943739521e-17,1.31459711937e-17,1.62611813571e-17,1.25022948098e-17,1.07596924385e-17,1.4351360289e-17,1.19422116442e-17,9.52865329956e-18,5.93786763715e-18,2.63001165863e-18,1.36604018477e-18,3.02566874092e-19,3.10315223524e-20],"var":[0.0543647222221,1.70412695408,14.2249240875,41.1871261597,115.913345337,446.088928223,602.722961426,808.989685059,982.536315918,6970.47949219,19241.0585938,10681.1748047,18198.1015625,2894.14135742,4094.63208008,6993.75488281,6437.11914062,9957.56542969,4883.88085938,5259.64208984,3727.94067383,1708.97973633,552.406311035,305.173980713,392.090270996,121.435829163,102.144111633,114.52230835,193.362350464,206.195114136,182.237060547,52.5628433228,22.3379955292,5.78729629517,1.5262387991,0.223107337952,0.0114420000464,0.000271812576102,0.00000262412095253,6.20243012506e-9]},"erbbands_crest":{"dmean":2.86611294746,"dmean2":4.65631771088,"dvar":7.35641622543,"dvar2":18.66132164,"max":30.9268894196,"mean":9.69649028778,"median":8.32784461975,"min":2.11979413033,"var":25.4499130249},"erbbands_flatness_db":{"dmean":0.0158530548215,"dmean2":0.0233126580715,"dvar":0.000227224969422,"dvar2":0.000485526485136,"max":0.528382182121,"mean":0.161359012127,"median":0.149554029107,"min":0.0244865790009,"var":0.00428960332647},"erbbands_kurtosis":{"dmean":1.00459372997,"dmean2":1.62581086159,"dvar":4.66722297668,"dvar2":13.3440637589,"max":83.7472305298,"mean":0.86301368475,"median":-0.0775740146637,"min":-1.71657288074,"var":13.5970058441},"erbbands_skewness":{"dmean":0.351846963167,"dmean2":0.55070745945,"dvar":0.113197550178,"dvar2":0.271709948778,"max":6.83807992935,"mean":0.180521667004,"median":0.037122502923,"min":-4.65008831024,"var":0.799767196178},"erbbands_spread":{"dmean":6.58258771896,"dmean2":9.89374446869,"dvar":46.1798248291,"dvar2":95.7674255371,"max":113.653747559,"mean":34.3250961304,"median":32.8778266907,"min":0.811360836029,"var":263.588256836},"gfcc":{"cov":[[24156.7636719,-2227.81323242,-1376.93591309,1140.46508789,-1186.53381348,1104.17175293,-584.310180664,486.235687256,-443.400543213,21.4809055328,-914.135375977,-241.994094849,-687.386108398],[-2227.81323242,1744.4732666,-147.172073364,-392.089630127,266.423553467,-426.926574707,120.719940186,-234.422775269,113.830841064,-81.817741394,219.505661011,46.6050033569,171.469497681],[-1376.93591309,-147.172073364,537.200622559,-70.4169921875,-2.29323577881,7.73342418671,-42.2009544373,-0.197283521295,-21.7772216797,12.802570343,21.2931404114,13.4059667587,20.3111019135],[1140.46508789,-392.089630127,-70.4169921875,475.298309326,51.9634819031,94.3883514404,-15.8150606155,53.6528701782,19.4532089233,23.6515865326,-48.7726707458,-28.3462810516,-29.9029579163],[-1186.53381348,266.423553467,-2.29323577881,51.9634819031,332.998199463,-42.7722625732,68.5144042969,-29.1592998505,67.2611923218,10.8847017288,66.6024093628,23.49193573,60.5650253296],[1104.17175293,-426.926574707,7.73342418671,94.3883514404,-42.7722625732,266.947998047,23.5240592957,87.6552734375,-30.5095291138,12.7948865891,-67.5599899292,-17.5159416199,-54.2304115295],[-584.310180664,120.719940186,-42.2009544373,-15.8150606155,68.5144042969,23.5240592957,191.540435791,44.8309020996,17.4937801361,-2.43515324593,30.960811615,6.65031290054,13.0932760239],[486.235687256,-234.422775269,-0.197283521295,53.6528701782,-29.1592998505,87.6552734375,44.8309020996,138.5105896,27.521238327,28.1775341034,-41.5160636902,-17.7107448578,-36.0955200195],[-443.400543213,113.830841064,-21.7772216797,19.4532089233,67.2611923218,-30.5095291138,17.4937801361,27.521238327,124.644187927,29.8345031738,29.5684719086,-5.88298892975,10.8541240692],[21.4809055328,-81.817741394,12.802570343,23.6515865326,10.8847017288,12.7948865891,-2.43515324593,28.1775341034,29.8345031738,73.4909973145,20.3813400269,3.091183424,-19.3175735474],[-914.135375977,219.505661011,21.2931404114,-48.7726707458,66.6024093628,-67.5599899292,30.960811615,-41.5160636902,29.5684719086,20.3813400269,109.408782959,42.2593231201,34.3244285583],[-241.994094849,46.6050033569,13.4059667587,-28.3462810516,23.49193573,-17.5159416199,6.65031290054,-17.7107448578,-5.88298892975,3.091183424,42.2593231201,67.6911315918,27.2972736359],[-687.386108398,171.469497681,20.3111019135,-29.9029579163,60.5650253296,-54.2304115295,13.0932760239,-36.0955200195,10.8541240692,-19.3175735474,34.3244285583,27.2972736359,84.4253692627]],"icov":[[0.000183077878319,-0.000413631903939,0.000342689949321,-0.000458172347862,0.000412555527873,-0.00065132486634,0.000652882619761,-0.000488491496071,0.000570088392124,-0.000484459742438,0.00105427904055,-0.000680298544466,0.000668719876558],[-0.000413631903939,0.00305129680783,-0.000175761058927,0.00222427630797,-0.00165195018053,0.00312424986623,-0.00246686139144,0.00269805896096,-0.00262026162818,0.00291469157673,-0.00412047142163,0.00283317500725,-0.00224387086928],[0.000342689949321,-0.000175761058927,0.00289354310371,-0.000149316780153,0.000400596065447,-0.00106401217636,0.0018317309441,-0.00125436147209,0.00146575155668,-0.000775360676926,0.000570319767576,-0.000470230414066,0.000161211821251],[-0.000458172347862,0.00222427630797,-0.000149316780153,0.00442425580695,-0.00227606878616,0.00185377791058,-0.00151562329847,0.00157430709805,-0.00221326434985,0.00163703435101,-0.00293844169937,0.00291842990555,-0.00200310372747],[0.000412555527873,-0.00165195018053,0.000400596065447,-0.00227606878616,0.00576850352809,-0.00225918157957,0.000157822592882,0.0000267762989097,-0.00033043694566,-0.00228061294183,0.00221512606367,-0.00212806952186,-0.000482689996716],[-0.00065132486634,0.00312424986623,-0.00106401217636,0.00185377791058,-0.00225918157957,0.00960095413029,-0.0039706742391,0.000604623113759,-0.00146443757694,0.00255045015365,-0.0026174117811,0.00208182330243,-0.000910855887923],[0.000652882619761,-0.00246686139144,0.0018317309441,-0.00151562329847,0.000157822592882,-0.0039706742391,0.0107857389376,-0.00736641697586,0.00399261154234,0.0000588320253883,-0.000186876772204,-0.00132632791065,0.00186747754924],[-0.000488491496071,0.00269805896096,-0.00125436147209,0.00157430709805,0.0000267762989097,0.000604623113759,-0.00736641697586,0.017675800249,-0.00751258200034,-0.00218516751193,0.00295389257371,0.000584795081522,-0.000453084416222],[0.000570088392124,-0.00262026162818,0.00146575155668,-0.00221326434985,-0.00033043694566,-0.00146443757694,0.00399261154234,-0.00751258200034,0.0151877617463,-0.00547305401415,0.000369966030121,0.00110857014079,0.000578318664338],[-0.000484459742438,0.00291469157673,-0.000775360676926,0.00163703435101,-0.00228061294183,0.00255045015365,0.0000588320253883,-0.00218516751193,-0.00547305401415,0.0236113015562,-0.0118118552491,0.00244291336276,0.00335171585903],[0.00105427904055,-0.00412047142163,0.000570319767576,-0.00293844169937,0.00221512606367,-0.0026174117811,-0.000186876772204,0.00295389257371,0.000369966030121,-0.0118118552491,0.029655020684,-0.0148648563772,0.00379545870237],[-0.000680298544466,0.00283317500725,-0.000470230414066,0.00291842990555,-0.00212806952186,0.00208182330243,-0.00132632791065,0.000584795081522,0.00110857014079,0.00244291336276,-0.0148648563772,0.0260792598128,-0.00879898481071],[0.000668719876558,-0.00224387086928,0.000161211821251,-0.00200310372747,-0.000482689996716,-0.000910855887923,0.00186747754924,-0.000453084416222,0.000578318664338,0.00335171585903,0.00379545870237,-0.00879898481071,0.0223708171397]],"mean":[10.0589933395,99.8514480591,-123.172195435,30.7255439758,-48.4213294983,8.77182102203,-33.5476493835,1.26652479172,-16.0602970123,2.09906506538,-15.5248384476,-0.680061638355,-13.2486715317]},"hfc":{"dmean":5.71225690842,"dmean2":8.55002880096,"dvar":51.5104866028,"dvar2":102.881462097,"max":133.06300354,"mean":28.6389560699,"median":28.7316608429,"min":1.16829930926e-16,"var":290.184051514},"melbands":{"dmean":[0.000907579320483,0.000990578206256,0.000711061817128,0.000494058593176,0.000419163756305,0.000231225960306,0.000195024200366,0.000301890191622,0.000273438869044,0.000204761570785,0.000173799155164,0.0000682373138261,0.000074553914601,0.0000851391232572,0.0000702807083144,0.0000708023071638,0.000074979448982,0.0000520453359059,0.0000397229487135,0.0000298655813822,0.000030234510632,0.0000195333304873,0.0000148342869579,0.00000882669610291,0.00000671109773975,0.00000771170743974,0.00000464263757749,0.00000303595152218,0.00000294441224469,0.00000236696382672,0.00000234257845477,0.00000253586040344,0.0000026420773338,0.00000218374725591,0.00000190522746379,0.00000139647090691,9.27591770505e-7,7.29691009838e-7,5.47703336906e-7,3.98303910742e-7],"dmean2":[0.00144345476292,0.00164711324032,0.00121189712081,0.000830730481539,0.000680632132571,0.000371403380996,0.000311306794174,0.000480802147649,0.000434521585703,0.000319482613122,0.000265851529548,0.000107346015284,0.000117693009088,0.000136447095429,0.000111001434561,0.000113514339318,0.000118162162835,0.0000841121727717,0.0000641672959318,0.0000481294555357,0.0000493237712362,0.0000320892868331,0.000024021783247,0.0000146307502291,0.0000110298769869,0.0000128430347104,0.00000774809450377,0.00000502944340042,0.0000048467659326,0.00000371881264982,0.00000365033224625,0.00000393220989281,0.00000409586618844,0.00000331629780703,0.00000284229759018,0.00000206754975807,0.00000137021754654,0.00000107618052425,7.95017740529e-7,5.88526006595e-7],"dvar":[0.00000300526517094,0.00000187527462003,0.00000116392084237,5.52105007046e-7,4.38080121512e-7,2.01661720212e-7,1.46862561223e-7,3.89682469404e-7,3.80041370818e-7,2.11568504938e-7,1.58885384849e-7,3.16448662829e-8,3.46300517151e-8,3.64474708192e-8,2.3642266811e-8,1.85355926163e-8,2.16212345805e-8,9.87626602722e-9,7.32194260777e-9,3.85638676548e-9,2.95084445767e-9,1.49944334726e-9,8.77540040634e-10,1.38831460217e-10,9.56059467705e-11,1.69725927757e-10,4.51071402452e-11,1.90054881555e-11,1.74403633896e-11,1.38337995573e-11,1.79569380199e-11,3.02448795175e-11,4.50048331935e-11,3.44472471381e-11,3.93140520139e-11,2.09165306603e-11,8.60471936759e-12,7.28951361079e-12,4.37286144794e-12,2.70958776249e-12],"dvar2":[0.00000754321581553,0.00000491279797643,0.00000316470232065,0.00000147460980315,0.00000112207771963,4.79198206449e-7,3.35865252055e-7,9.30095893636e-7,8.88749070782e-7,4.90757543048e-7,3.60886673434e-7,7.48882627022e-8,8.08468882951e-8,9.05020129949e-8,5.58161268316e-8,4.4757626938e-8,4.89063900488e-8,2.40502320281e-8,1.78199766054e-8,9.46738687446e-9,7.64099361561e-9,3.92487686796e-9,2.04181360708e-9,3.59425572638e-10,2.41120012845e-10,4.66971850077e-10,1.23992011103e-10,4.99033731005e-11,4.47192144426e-11,3.34414301806e-11,4.04154106015e-11,6.74569844428e-11,9.48356532193e-11,6.99259677939e-11,8.18566048277e-11,4.1814000179e-11,1.74145455001e-11,1.46048693972e-11,8.6164434962e-12,6.05067341716e-12],"max":[0.0241711772978,0.017656005919,0.0199619717896,0.0122620426118,0.0121423564851,0.00908163841814,0.0103073045611,0.0107039147988,0.00975016131997,0.0072464402765,0.00618781521916,0.00445422716439,0.00363165698946,0.00354952504858,0.00277715036646,0.00273088715039,0.00303162029013,0.00182617513929,0.00202369503677,0.00131489569321,0.00122817908414,0.00109273928683,0.000731922220439,0.000163905584486,0.000228698627325,0.000381242745789,0.000149214756675,0.000106558443804,0.0000831111901789,0.000114709902846,0.000196597029571,0.000166831610841,0.00017290294636,0.000148386956425,0.000159947550856,0.000102143734694,0.000081819773186,0.000065787047788,0.0000538477033842,0.0000437994603999],"mean":[0.00121618527919,0.00193059851881,0.00110846804455,0.000835775514133,0.000756655994337,0.000394624395994,0.00032639640267,0.000546615745407,0.000485543219838,0.00036295177415,0.000312323478283,0.000107221319922,0.000116598239401,0.000127957318909,0.000110192442662,0.000117243056593,0.00012276135385,0.0000852834273246,0.0000667682252242,0.0000548181487829,0.0000598406659265,0.0000394965572923,0.0000284937323158,0.0000190739865502,0.0000150658534039,0.0000158595648827,0.0000103976844912,0.0000072783145697,0.00000688358613843,0.00000551899074708,0.00000526407166035,0.00000520326648257,0.00000481934921481,0.00000397157600673,0.00000318805768984,0.00000240606368607,0.00000158115119575,0.00000111131021185,8.40391408019e-7,6.01193164584e-7],"median":[0.000644533138257,0.00151082314551,0.000761679955758,0.000510238867719,0.000483728945255,0.000216152708163,0.000180440867553,0.000182898584171,0.000155894522322,0.0000936450087465,0.0000734912828193,0.0000469764418085,0.0000484573793074,0.000054198451835,0.0000489457197546,0.0000615456519881,0.0000623547457508,0.0000422264529334,0.0000333575553668,0.0000307216250803,0.0000335532859026,0.0000261283803411,0.000018559725504,0.0000149605639308,0.0000121158882394,0.0000105938970592,0.00000777578952693,0.00000542856514585,0.00000525676432517,0.00000393879736293,0.00000342647217622,0.00000308901462631,0.00000266079337052,0.00000205199671655,0.00000127897237689,9.72825205281e-7,6.66381311021e-7,3.45486824926e-7,2.54044152825e-7,2.03576007607e-7],"min":[4.01051598846e-24,9.77693537775e-24,3.18053787792e-24,4.77989005717e-24,3.67197238668e-24,4.92065518596e-24,4.75860343451e-24,7.52498440681e-24,5.9400058649e-24,1.3035999034e-23,6.20697098915e-24,4.92907745942e-24,6.93539292169e-24,6.04069370426e-24,4.1558241672e-24,4.1996753672e-24,3.75776771544e-24,3.32164123083e-24,6.08364875827e-24,7.30534186497e-24,5.88602135214e-24,5.94589550042e-24,4.27850071544e-24,4.64745372182e-24,7.38912678171e-24,9.58605549338e-24,6.08228639549e-24,6.91076073993e-24,7.03960223613e-24,9.29861272331e-24,7.89455548571e-24,7.55738134647e-24,5.96976051495e-24,9.45509906108e-24,6.48038071257e-24,8.13345964428e-24,5.90550700536e-24,9.20211136878e-24,9.51250131371e-24,9.51151365986e-24],"var":[0.00000347624722963,0.0000030188728033,0.00000146011927882,9.10137828214e-7,7.78805315349e-7,3.7628350924e-7,2.59606792952e-7,0.00000102166427496,0.00000103173670141,5.83731207371e-7,4.64721352955e-7,5.68348035301e-8,6.06735284236e-8,5.71678668848e-8,4.16702299333e-8,3.17202655253e-8,3.71069752703e-8,1.659640958e-8,1.1339920114e-8,6.6530101428e-9,5.91569593311e-9,2.3780113434e-9,1.63678826048e-9,3.09606645876e-10,2.07713013456e-10,3.49244189124e-10,1.04752977126e-10,5.24045216943e-11,4.61040754185e-11,3.61017570005e-11,4.40538716617e-11,6.03683353306e-11,7.90888188273e-11,6.33285507368e-11,6.95583729504e-11,4.0768777243e-11,1.53614846538e-11,1.24062721901e-11,7.24568582217e-12,3.59770351531e-12]},"melbands_crest":{"dmean":3.25675034523,"dmean2":5.41623544693,"dvar":8.39627170563,"dvar2":22.9824123383,"max":39.9659118652,"mean":12.9615573883,"median":11.8280858994,"min":1.92265868187,"var":27.9586009979},"melbands_flatness_db":{"dmean":0.0225210040808,"dmean2":0.0349504351616,"dvar":0.000452027132269,"dvar2":0.00108475587331,"max":0.722820341587,"mean":0.191183507442,"median":0.168061360717,"min":0.00461492221802,"var":0.00850770436227},"melbands_kurtosis":{"dmean":5.66851806641,"dmean2":9.19613456726,"dvar":853.500427246,"dvar2":1839.03076172,"max":2110.99975586,"mean":14.9059123993,"median":4.35706996918,"min":-1.86355471611,"var":8799.65429688},"melbands_skewness":{"dmean":0.60378241539,"dmean2":0.942232131958,"dvar":0.614725649357,"dvar2":1.33827531338,"max":43.969329834,"mean":2.23701429367,"median":1.86213600636,"min":-1.12191772461,"var":7.3100194931},"melbands_spread":{"dmean":6.63707113266,"dmean2":10.3775730133,"dvar":55.2345046997,"dvar2":116.300376892,"max":243.889663696,"mean":26.4621639252,"median":25.5871753693,"min":0.313521802425,"var":205.318511963},"mfcc":{"cov":[[12881.7148438,-538.284118652,-815.889587402,125.954246521,-202.423294067,440.531860352,-175.082183838,301.831298828,169.923873901,351.037078857,140.93157959,-145.762329102,-199.144058228],[-538.284118652,1010.71905518,-192.15234375,39.2559013367,24.6793708801,-37.9987449646,37.0514450073,-3.0168170929,-12.0569458008,-50.6666183472,17.0438022614,56.1244621277,38.9945526123],[-815.889587402,-192.15234375,492.537109375,-22.9488716125,-46.0331077576,-68.3192367554,-13.6420812607,-60.8364028931,-62.7455253601,-48.9794425964,-37.641872406,-3.70232987404,5.67575979233],[125.954246521,39.2559013367,-22.9488716125,217.921813965,104.405059814,14.8509531021,-7.76369762421,-4.81145715714,28.0553970337,17.611946106,-4.95814943314,9.71098136902,16.8562984467],[-202.423294067,24.6793708801,-46.0331077576,104.405059814,253.705657959,53.6962089539,-4.07148075104,-15.5057010651,25.6714115143,19.5395431519,-7.41576957703,3.28095388412,20.6951789856],[440.531860352,-37.9987449646,-68.3192367554,14.8509531021,53.6962089539,120.670578003,39.8202629089,31.7889289856,19.9395828247,21.2974224091,16.2661304474,-6.7962064743,-10.2153949738],[-175.082183838,37.0514450073,-13.6420812607,-7.76369762421,-4.07148075104,39.8202629089,136.472396851,40.8448905945,22.4696464539,-11.5972976685,5.41976928711,14.7927398682,-12.4525918961],[301.831298828,-3.0168170929,-60.8364028931,-4.81145715714,-15.5057010651,31.7889289856,40.8448905945,100.470535278,44.2617759705,26.5704345703,20.2701187134,-2.28956222534,-1.89366412163],[169.923873901,-12.0569458008,-62.7455253601,28.0553970337,25.6714115143,19.9395828247,22.4696464539,44.2617759705,97.4277114868,54.5166435242,15.0996961594,-3.88492393494,-6.24581575394],[351.037078857,-50.6666183472,-48.9794425964,17.611946106,19.5395431519,21.2974224091,-11.5972976685,26.5704345703,54.5166435242,104.425605774,39.6872634888,-2.58538198471,-3.86040759087],[140.93157959,17.0438022614,-37.641872406,-4.95814943314,-7.41576957703,16.2661304474,5.41976928711,20.2701187134,15.0996961594,39.6872634888,76.2981567383,28.9093837738,2.9961681366],[-145.762329102,56.1244621277,-3.70232987404,9.71098136902,3.28095388412,-6.7962064743,14.7927398682,-2.28956222534,-3.88492393494,-2.58538198471,28.9093837738,80.1283950806,36.1464500427],[-199.144058228,38.9945526123,5.67575979233,16.8562984467,20.6951789856,-10.2153949738,-12.4525918961,-1.89366412163,-6.24581575394,-3.86040759087,2.9961681366,36.1464500427,79.7963180542]],"icov":[[0.000132602319354,0.0000456658781331,0.000158680559252,-0.000175517488969,0.000290940661216,-0.000516657775734,0.00038496896741,-0.000266030518105,0.00013218006643,-0.000263379857643,0.000117217379739,-0.0000617267069174,0.00026773364516],[0.0000456658781331,0.00127140409313,0.000704527425114,-0.00027358692023,-0.0000542096640856,0.000669827219099,-0.000392727524741,0.0000615055178059,0.000195440166863,0.000711362343282,-0.000463134841993,-0.000291388016194,-0.000260579487076],[0.000158680559252,0.000704527425114,0.00297883502208,-0.000339023943525,0.000493395375088,0.000832914898638,-0.000379835517379,0.00065632670885,0.00126827741042,-0.0000590323688812,0.000488947378471,0.0000382971011277,-0.0000928622321226],[-0.000175517488969,-0.00027358692023,-0.000339023943525,0.00622328184545,-0.0026042945683,0.000693348760251,-0.00000904521220946,0.000530127726961,-0.00160309835337,-0.0000239492419496,0.000729710387532,-0.000776572269388,-0.000621743500233],[0.000290940661216,-0.0000542096640856,0.000493395375088,-0.0026042945683,0.00663454644382,-0.00415209308267,0.00117503467482,0.00159410212655,-0.0010476942407,-0.00100737717003,0.00135675561614,-0.0000452840649814,-0.000924565538298],[-0.000516657775734,0.000669827219099,0.000832914898638,0.000693348760251,-0.00415209308267,0.014851369895,-0.0052371956408,-0.00121528806631,0.00157921528444,0.0000820444256533,-0.00278321094811,0.00219473289326,-0.00045256933663],[0.00038496896741,-0.000392727524741,-0.000379835517379,-0.00000904521220946,0.00117503467482,-0.0052371956408,0.0121042281389,-0.00429949723184,-0.00256692734547,0.00250454386696,0.00130767480005,-0.00408132607117,0.0037132028956],[-0.000266030518105,0.0000615055178059,0.00065632670885,0.000530127726961,0.00159410212655,-0.00121528806631,-0.00429949723184,0.0166147071868,-0.0059356871061,0.000532534148078,-0.00289213377982,0.00279912655242,-0.00329652545042],[0.00013218006643,0.000195440166863,0.00126827741042,-0.00160309835337,-0.0010476942407,0.00157921528444,-0.00256692734547,-0.0059356871061,0.0196166448295,-0.00958251673728,0.0026485575363,-0.000128287792904,0.00144575873856],[-0.000263379857643,0.000711362343282,-0.0000590323688812,-0.0000239492419496,-0.00100737717003,0.0000820444256533,0.00250454386696,0.000532534148078,-0.00958251673728,0.0197283197194,-0.00946745090187,0.00264376914129,-0.000958147575147],[0.000117217379739,-0.000463134841993,0.000488947378471,0.000729710387532,0.00135675561614,-0.00278321094811,0.00130767480005,-0.00289213377982,0.0026485575363,-0.00946745090187,0.02272750251,-0.00994547270238,0.00315825501457],[-0.0000617267069174,-0.000291388016194,0.0000382971011277,-0.000776572269388,-0.0000452840649814,0.00219473289326,-0.00408132607117,0.00279912655242,-0.000128287792904,0.00264376914129,-0.00994547270238,0.0216080509126,-0.00942491739988],[0.00026773364516,-0.000260579487076,-0.0000928622321226,-0.000621743500233,-0.000924565538298,-0.00045256933663,0.0037132028956,-0.00329652545042,0.00144575873856,-0.000958147575147,0.00315825501457,-0.00942491739988,0.0183659996837]],"mean":[-620.439758301,123.955154419,-9.19145393372,24.4139938354,4.32291603088,10.4865436554,-5.77707338333,2.68497085571,-2.10295844078,2.33231782913,1.7316044569,1.15042924881,-1.32143414021]},"pitch_salience":{"dmean":0.069636695087,"dmean2":0.114586740732,"dvar":0.00361801474355,"dvar2":0.00963444914669,"max":0.948506712914,"mean":0.561376333237,"median":0.572451174259,"min":0.00565438019112,"var":0.013048350811},"silence_rate_20dB":{"dmean":0,"dmean2":0,"dvar":0,"dvar2":0,"max":1,"mean":1,"median":1,"min":1,"var":0},"silence_rate_30dB":{"dmean":0,"dmean2":0,"dvar":0,"dvar2":0,"max":1,"mean":1,"median":1,"min":1,"var":0},"silence_rate_60dB":{"dmean":0.00458916090429,"dmean2":0.00917932484299,"dvar":0.00456980289891,"dvar2":0.0108431875706,"max":1,"mean":0.0741833299398,"median":0,"min":0,"var":0.0686708390713},"spectral_centroid":{"dmean":209.28868103,"dmean2":325.294281006,"dvar":50809.0039062,"dvar2":106735.3125,"max":11239.3183594,"mean":1395.7253418,"median":1362.46911621,"min":135.695022583,"var":303610.75},"spectral_complexity":{"dmean":3.52338290215,"dmean2":5.57359838486,"dvar":10.3661746979,"dvar2":23.9127807617,"max":56,"mean":26.3473186493,"median":28,"min":0,"var":117.941574097},"spectral_contrast_coeffs":{"dmean":[0.0532701388001,0.0493429936469,0.0399678312242,0.0305442772806,0.0199485868216,0.0170232076198],"dmean2":[0.0873655825853,0.0812815725803,0.0648466646671,0.04959128052,0.0327939987183,0.0270600672811],"dvar":[0.00176593312062,0.00156975886784,0.00107019988354,0.000621173530817,0.000276580569334,0.00023258550209],"dvar2":[0.00465744314715,0.00409442558885,0.00264153000899,0.00161147862673,0.000701939337887,0.000555374892429],"max":[-0.342677503824,-0.403245896101,-0.495516121387,-0.612480938435,-0.635085105896,-0.550332605839],"mean":[-0.646976172924,-0.735322535038,-0.771269857883,-0.776986479759,-0.790795445442,-0.734574198723],"median":[-0.647572278976,-0.743472337723,-0.783784151077,-0.779574513435,-0.791623353958,-0.728158295155],"min":[-0.994018793106,-0.973078072071,-0.97537612915,-0.968753755093,-0.962287306786,-0.962017774582],"var":[0.00629994692281,0.00534291984513,0.00589243881404,0.00255271373317,0.00135322043207,0.00198401929811]},"spectral_contrast_valleys":{"dmean":[0.39539912343,0.33208322525,0.294105738401,0.236668676138,0.176297262311,0.26296132803],"dmean2":[0.654310822487,0.553776860237,0.488602519035,0.383811742067,0.280106514692,0.362724602222],"dvar":[0.110046684742,0.0764288604259,0.0623803511262,0.0415535494685,0.0328273996711,0.0903322845697],"dvar2":[0.274785012007,0.195102527738,0.15848018229,0.096155539155,0.0709349662066,0.17261955142],"max":[-5.21685552597,-4.78523206711,-4.97945070267,-5.6850438118,-5.7865228653,-7.45612430573],"mean":[-7.04698324203,-6.50086832047,-7.11112308502,-7.27299880981,-7.35726499557,-10.3655586243],"median":[-6.75247859955,-6.18264865875,-6.77232885361,-6.90735292435,-6.87773704529,-9.86056137085],"min":[-27.6323738098,-27.4702682495,-27.3757514954,-27.2665596008,-27.3678684235,-27.2939033508],"var":[2.43709969521,2.12685394287,2.02981710434,2.32437872887,2.86868000031,3.51396751404]},"spectral_decrease":{"dmean":1.94130245212e-9,"dmean2":3.09987657765e-9,"dvar":4.62548066165e-18,"dvar2":1.10645357912e-17,"max":2.15056391309e-28,"mean":-8.47513970115e-9,"median":-8.69473115728e-9,"min":-2.58995083158e-8,"var":1.84944250815e-17},"spectral_energy":{"dmean":0.00755392992869,"dmean2":0.0120474472642,"dvar":0.0000685834747856,"dvar2":0.000164235272678,"max":0.10139516741,"mean":0.0345847904682,"median":0.0359426662326,"min":1.04689771626e-20,"var":0.000297809252515},"spectral_energyband_high":{"dmean":0.000387116335332,"dmean2":0.000542498251889,"dvar":7.0308112754e-7,"dvar2":0.00000122904521049,"max":0.0157340876758,"mean":0.00102075957693,"median":0.000663670885842,"min":7.69151792319e-21,"var":0.00000195399593395},"spectral_energyband_low":{"dmean":0.00465056160465,"dmean2":0.00748984934762,"dvar":0.0000450347979495,"dvar2":0.000106564686575,"max":0.0844776779413,"mean":0.00960275810212,"median":0.00748763093725,"min":5.13039507797e-23,"var":0.0000755532018957},"spectral_energyband_middle_high":{"dmean":0.00250547821634,"dmean2":0.00379861006513,"dvar":0.0000097455103969,"dvar2":0.0000220438414544,"max":0.0392882525921,"mean":0.00844434835017,"median":0.00720305554569,"min":1.3284413605e-21,"var":0.0000396986652049},"spectral_energyband_middle_low":{"dmean":0.00573653634638,"dmean2":0.00924185663462,"dvar":0.0000429476858699,"dvar2":0.000108475309389,"max":0.0766074210405,"mean":0.0166365094483,"median":0.0144459996372,"min":2.55363185993e-22,"var":0.000138641800731},"spectral_entropy":{"dmean":0.120990142226,"dmean2":0.181682437658,"dvar":0.0151791488752,"dvar2":0.0337955616415,"max":9.81566333771,"mean":7.62522983551,"median":7.72640514374,"min":4.1783657074,"var":0.313558995724},"spectral_flux":{"dmean":0.022881841287,"dmean2":0.0361968874931,"dvar":0.000480385235278,"dvar2":0.0011185730109,"max":0.259544819593,"mean":0.0994407609105,"median":0.0998808518052,"min":6.93771359805e-11,"var":0.00184512673877},"spectral_kurtosis":{"dmean":3.10235643387,"dmean2":5.37461805344,"dvar":186.214141846,"dvar2":577.508605957,"max":433.957763672,"mean":9.75238800049,"median":3.80178260803,"min":-1.19692182541,"var":1355.08203125},"spectral_rms":{"dmean":0.000622973660938,"dmean2":0.000987924169749,"dvar":4.01615409373e-7,"dvar2":9.28659289912e-7,"max":0.00994595978409,"mean":0.00550447590649,"median":0.00592165673152,"min":3.19587802403e-12,"var":0.00000344196382684},"spectral_rolloff":{"dmean":414.820556641,"dmean2":682.034545898,"dvar":531851.5,"dvar2":1089729.375,"max":19724.4140625,"mean":1533.17712402,"median":1442.72460938,"min":21.533203125,"var":1493718.5},"spectral_skewness":{"dmean":0.227669537067,"dmean2":0.377699404955,"dvar":0.178456872702,"dvar2":0.515492141247,"max":16.6208457947,"mean":1.69527602196,"median":1.4146746397,"min":-0.0124000636861,"var":2.83381748199},"spectral_spread":{"dmean":408543.25,"dmean2":580881.5,"dvar":386322923520,"dvar2":658883936256,"max":40193096,"mean":4044875.5,"median":3929950.5,"min":239164.078125,"var":2392850432000},"spectral_strongpeak":{"dmean":0.710813760757,"dmean2":1.21257150173,"dvar":1.1518599987,"dvar2":2.88302469254,"max":10.2624387741,"mean":1.2459448576,"median":0.519239425659,"min":0,"var":2.1868929863},"zerocrossingrate":{"dmean":0.00843506958336,"dmean2":0.00998482108116,"dvar":0.000120542332297,"dvar2":0.000133920708322,"max":0.53125,"mean":0.0584875382483,"median":0.0556640625,"min":0,"var":0.000946905871388}},"metadata":{"audio_properties":{"analysis_sample_rate":44100,"bit_rate":300280,"codec":"mp3","downmix":"mix","equal_loudness":0,"length":212.506118774,"lossless":false,"md5_encoded":"8e4b25693afdef8bf8ac3de232839c5c","replay_gain":-14.7674446106,"sample_rate":44100},"tags":{"file_name":"2046685.mp3","musicbrainz_recordingid":["2dc98ab6-6cdb-4eb8-b0fa-378c5e14fd88"]},"version":{"essentia":"2.1-beta2","essentia_build_sha":"70f2e5ece6736b2c40cc944ad0e695b16b925413","essentia_git_sha":"v2.1_beta2","extractor":"music 1.0"}},"rhythm":{"beats_count":549,"beats_loudness":{"dmean":0.012038721703,"dmean2":0.0215244982392,"dvar":0.000112755929877,"dvar2":0.000349325244315,"max":0.0948528572917,"mean":0.0410093292594,"median":0.043295159936,"min":5.71481617584e-9,"var":0.000266346265562},"beats_loudness_band_ratio":{"dmean":[0.187728837132,0.140716075897,0.147155404091,0.0929387509823,0.0719892904162,0.0365262813866],"dmean2":[0.340217709541,0.262952923775,0.260007858276,0.162578746676,0.130725771189,0.066646002233],"dvar":[0.0266325268894,0.0120247667655,0.0188175179064,0.0106401760131,0.00626317318529,0.00138412031811],"dvar2":[0.0873107388616,0.0372879393399,0.0557893887162,0.0304441638291,0.0185473170131,0.00422306917608],"max":[0.998736917973,0.963901996613,0.752244830132,0.637893438339,0.480054825544,0.269550412893],"mean":[0.386673510075,0.180219516158,0.199719429016,0.124489039183,0.0970656573772,0.0432271175086],"median":[0.3446007967,0.137107133865,0.15267328918,0.0878511592746,0.0758654177189,0.033347889781],"min":[0.00803434848785,0.00000399775899496,0.00000710279255145,0.0000714162961231,0.000088175656856,0.00000192790935216],"var":[0.0449533462524,0.0231067035347,0.0258590746671,0.0123946527019,0.00629194686189,0.00149895891082]},"beats_position":[0.603718817234,1.21904754639,1.83437633514,2.4497051239,3.06503391266,3.68036270142,4.29569149017,4.80653047562,5.31736946106,5.8282084465,6.33904743195,6.84988641739,7.36072540283,7.8831744194,8.4056234359