{"lowlevel":{"average_loudness":0.880418479443,"barkbands":{"dmean":[0.000512375554536,0.00958529300988,0.00329571240582,0.00127631775104,0.00258586159907,0.00071173789911,0.00121306173969,0.00151351338718,0.000513081497047,0.00112266815268,0.000821674766485,0.000450496969279,0.000404535850976,0.000203069081181,0.00015988748055,0.000086366708274,0.000108377760625,0.000093938462669,0.0000843843372422,0.000138539253385,0.000175690220203,0.000143721466884,0.000248158117756,0.000150623862282,0.000203086849069,0.000100365396065,0.0000121799939734],"dmean2":[0.000848624506034,0.0166871063411,0.00564324436709,0.00219203345478,0.00424067815766,0.00115748937242,0.00180509814527,0.00218926393427,0.000708018837031,0.00156889599748,0.00112924096175,0.000680294411723,0.000600328552537,0.000308247108478,0.000240072113229,0.000136578062666,0.000172041574842,0.000156213209266,0.000138759671245,0.000224064715439,0.000269732321613,0.000199531190447,0.000332085532136,0.000204767595278,0.000282619846985,0.000145517056808,0.0000179277794814],"dvar":[0.0000013424713643,0.000510578451212,0.0000451535961474,0.0000107374626168,0.0000149859561134,0.00000137030008318,0.00000785288466432,0.0000233182017837,0.00000140776330682,0.0000099333065009,0.00000743012833482,0.00000168046506133,0.00000177784659172,4.76884792988e-7,2.24530623427e-7,3.98640089827e-8,3.61146277328e-8,3.09235232976e-8,3.36357999231e-8,1.33418666337e-7,2.72079006436e-7,1.79927909016e-7,7.20031380297e-7,1.4180824337e-7,2.70435265293e-7,8.33118605215e-8,1.8221756326e-9],"dvar2":[0.00000339975849784,0.0013651298359,0.000119859883853,0.0000274257326964,0.0000396317627747,0.00000371761689166,0.0000157917529577,0.0000450927582278,0.00000284764882963,0.0000188031826838,0.0000147624550664,0.00000366293306797,0.00000372923045688,0.00000109078973765,4.64734597472e-7,9.08772648245e-8,8.50867607483e-8,7.84680835864e-8,7.86474316783e-8,3.20014947874e-7,6.45443492431e-7,3.15016507102e-7,0.00000128895806029,2.73829897424e-7,5.37480559615e-7,1.79387498633e-7,4.25982049634e-9],"max":[0.013986106962,0.184643656015,0.0903052389622,0.111934281886,0.0756573528051,0.0277120601386,0.0542360804975,0.140106007457,0.0362717248499,0.0682924315333,0.0947619825602,0.0370158404112,0.0415955036879,0.0222066063434,0.0273847132921,0.0103547321633,0.00601360062137,0.00332258245908,0.00493762968108,0.0142299393192,0.0241009313613,0.0142063004896,0.0410058237612,0.0105695445091,0.0138391582295,0.0100991344079,0.0019747405313],"mean":[0.00048841140233,0.00896430108696,0.00408465880901,0.00144982349593,0.00434110453352,0.00131063011941,0.0019081531791,0.00268419948407,0.000986454775557,0.00183880410623,0.00135965028312,0.000728618528228,0.00063734856667,0.000328085152432,0.000258508021943,0.000136364702485,0.000192046893062,0.000128890824271,0.000105742503365,0.000172640007804,0.000234097955399,0.000233219660004,0.000396873016143,0.000225188588956,0.000279948551906,0.000123444056953,0.0000129878353619],"median":[0.0000414261630794,0.00278348010033,0.00163269974291,0.000677892530803,0.00297903362662,0.000857434002683,0.000545234768651,0.000429726380389,0.000300399929984,0.000318471051287,0.000290875323117,0.000140181320603,0.0000976120209089,0.0000610780989518,0.0000864455287228,0.0000526704025106,0.0000874533725437,0.0000552288911422,0.0000413487177866,0.0000549311298528,0.0000619915081188,0.0000538502281415,0.0000643863895675,0.0000376207281079,0.0000461447962152,0.000021405163352,0.00000176393064066],"min":[3.01822545724e-25,1.72855872084e-24,1.26351525784e-24,1.24413205793e-24,8.86401426227e-24,8.44532633683e-24,1.22817872663e-23,6.82098205802e-24,1.45554713552e-23,9.23858356387e-24,1.70119084834e-23,1.85101856898e-23,2.73976030885e-23,2.43897648094e-23,4.7697029441e-23,6.41390174748e-23,5.92527688517e-23,7.36595967242e-23,1.0591933138e-22,1.78300891396e-22,2.68700993743e-22,3.06553720662e-22,3.62254267791e-22,6.04845328722e-22,9.70764101542e-22,1.35578456689e-21,1.87914775852e-21],"var":[0.00000127263751892,0.000388778862543,0.0000431026637671,0.0000100973429653,0.0000225987496378,0.00000239617793341,0.0000165499168361,0.00006488996587,0.00000373525290343,0.0000242117439484,0.0000168463302543,0.00000445598107035,0.00000420596552431,0.00000117062609206,5.5861266901e-7,9.86670727343e-8,9.11919073587e-8,4.13797245358e-8,5.29590131748e-8,1.90392569266e-7,4.33209265793e-7,4.28057376212e-7,0.00000191024241758,3.13797357876e-7,5.14299301813e-7,1.162412957e-7,1.96527416563e-9]},"barkbands_crest":{"dmean":3.05223369598,"dmean2":5.08417844772,"dvar":8.56724357605,"dvar2":23.4161548615,"max":26.9169902802,"mean":10.2619018555,"median":9.38236045837,"min":2.62595129013,"var":16.0033550262},"barkbands_flatness_db":{"dmean":0.0254566241056,"dmean2":0.0402141548693,"dvar":0.000734796398319,"dvar2":0.00176880334038,"max":1,"mean":0.137568339705,"median":0.130728632212,"min":0.023542733863,"var":0.00261086598039},"barkbands_kurtosis":{"dmean":11.8737401962,"dmean2":22.1043548584,"dvar":182374.65625,"dvar2":547995.1875,"max":29302.28125,"mean":10.2851009369,"median":3.57075357437,"min":-1.94028460979,"var":92500.7578125},"barkbands_skewness":{"dmean":0.702559530735,"dmean2":1.08539783955,"dvar":3.43998289108,"dvar2":10.1405858994,"max":108.513175964,"mean":1.80944252014,"median":1.69573712349,"min":-3.08663082123,"var":3.42178750038},"barkbands_spread":{"dmean":7.52183914185,"dmean2":11.1568241119,"dvar":103.032585144,"dvar2":198.960830688,"max":116.315254211,"mean":22.1076202393,"median":16.0599403381,"min":0.00306499376893,"var":339.854248047},"dissonance":{"dmean":0.025491764769,"dmean2":0.0422771535814,"dvar":0.000585142348427,"dvar2":0.00152300880291,"max":0.500000059605,"mean":0.449384897947,"median":0.456421583891,"min":0.192507520318,"var":0.00129133986775},"dynamic_complexity":4.25995111465,"erbbands":{"dmean":[0.272928744555,2.22194957733,4.13688564301,3.39811420441,6.17581558228,10.1811933517,9.70618534088,4.3329873085,11.6267204285,26.8868103027,27.1863231659,11.8639688492,28.3894271851,37.0238876343,20.0190353394,14.6278047562,18.6691951752,9.33053302765,8.07925510406,7.52693986893,4.87771606445,6.13722467422,5.32839155197,3.85538029671,4.85488033295,6.3842215538,6.70069551468,6.9986281395,4.93017816544,5.8772187233,7.23970842361,4.17008256912,2.3686413765,2.08821296692,1.55521476269,0.57633626461,0.154790371656,0.0282271001488,0.00209821481258,0.0000661297453917],"dmean2":[0.472400426865,3.9367582798,7.13619661331,5.67753267288,10.2653589249,16.8071060181,16.0552177429,6.9669084549,17.5893611908,39.81772995,38.2057914734,16.6562824249,38.8789672852,51.931842804,27.8359355927,21.8003921509,27.458530426,13.8199491501,12.1710119247,11.2048072815,7.64531993866,9.74535274506,8.76577281952,6.3312330246,7.90338516235,10.259850502,10.5097703934,10.3407468796,6.84256744385,8.12783908844,9.69260501862,5.46953105927,3.28094983101,2.86711716652,2.2341427803,0.832005739212,0.226351112127,0.0414237901568,0.00307332724333,0.0000955830400926],"dvar":[0.405029147863,28.2976379395,73.3849029541,66.8716964722,150.775588989,252.753128052,257.411468506,64.8393859863,652.260498047,4174.27685547,6481.49414062,799.79699707,9181.26269531,11446.1845703,5386.50439453,1621.14733887,3979.15869141,789.461914062,471.650299072,571.663879395,88.8739089966,133.474029541,98.7582550049,61.9201889038,111.857048035,298.319488525,398.115844727,404.049530029,207.456985474,368.600524902,676.148132324,168.840423584,31.5380363464,28.7571735382,18.4040222168,2.52845883369,0.203108072281,0.00913819298148,0.0000526642761542,2.85372347975e-8],"dvar2":[1.07048821449,77.8333587646,200.158584595,173.611404419,383.855499268,671.932312012,697.158874512,167.313781738,1433.00976562,8653.31347656,12048.5585938,1630.47058105,16174.0917969,26835.7304688,9467.90039062,3552.91796875,8116.28027344,1798.66418457,1018.88415527,1133.36779785,201.870681763,311.981903076,247.707885742,153.512115479,255.531616211,710.610046387,967.061462402,901.971740723,365.050445557,658.681884766,1237.7208252,292.760040283,64.6352081299,54.7904129028,39.1660690308,5.42434597015,0.445000916719,0.0210360176861,0.000121171018691,6.40512851646e-8],"max":[4.65443277359,46.2639579773,105.016609192,240.775894165,363.115570068,365.380279541,339.011322021,204.501312256,717.858703613,1706.8951416,2620.50854492,944.000671387,2641.43847656,4235.49316406,3682.11401367,1348.12976074,2247.61083984,1298.48803711,679.240539551,1742.6829834,504.771392822,414.620819092,248.901062012,224.165039062,340.965576172,664.786437988,901.954223633,954.17199707,462.323913574,852.173400879,1457.01953125,448.218719482,133.467056274,116.561477661,152.450622559,48.6907196045,15.0433111191,4.51910734177,0.300620079041,0.00639230664819],"mean":[0.229108378291,2.09147310257,5.0730047226,4.44018745422,8.65695858002,16.2587966919,16.9779510498,8.28639125824,19.102350235,44.4721488953,51.6850738525,22.8528270721,47.534286499,65.3061981201,36.3916130066,24.0187015533,30.7332954407,16.5465831757,14.3199510574,12.8454418182,8.97416877747,10.8591861725,7.83864879608,5.13232135773,6.24539422989,7.98894023895,8.7091960907,9.62544727325,8.02813529968,9.14971923828,11.5801620483,6.56260824203,3.33142900467,2.96906065941,2.02402043343,0.732868373394,0.184731155634,0.0319384075701,0.00223584100604,0.0000955164505285],"median":[0.0411793589592,0.747634112835,2.51126432419,2.27874231339,5.06271362305,10.3396463394,11.8891010284,5.61217975616,7.04784059525,11.1134824753,13.211265564,7.96642780304,8.27520561218,17.6664810181,9.15157985687,5.7948551178,5.32120513916,3.70319080353,4.55357074738,4.90322875977,4.2625246048,5.18777513504,3.62719750404,2.36465644836,2.34039759636,2.41709375381,2.30899572372,2.47286343575,1.92872059345,1.9220252037,1.72290635109,0.896568357944,0.583995103836,0.484281212091,0.326855063438,0.128302812576,0.0305284410715,0.00491775479168,0.000324646825902,0.0000439544637629],"min":[8.84560524642e-23,4.1749141909e-22,1.52230020453e-21,4.02938417185e-21,8.39955787035e-21,2.32110224148e-20,4.45785758992e-20,7.01973449782e-20,7.4210708988e-20,1.19028175294e-19,2.87396485055e-19,3.76324061922e-19,5.3149916403e-19,4.69654023256e-19,1.37635212848e-18,1.22906300444e-18,1.80569309099e-18,1.9521644436e-18,2.50970009969e-18,2.77220669426e-18,3.37594865937e-18,5.05401646724e-18,5.09922188771e-18,3.83486308654e-18,7.83333091771e-18,8.22417789304e-18,9.9347617572e-18,1.14527258624e-17,1.20370032337e-17,1.11102615083e-17,9.98280854308e-18,1.1932244945e-17,9.46614739658e-18,8.95701607519e-18,6.51262167807e-18,4.31143161593e-18,2.30285531571e-18,9.29821525657e-19,2.52705745086e-19,2.98396649496e-20],"var":[0.311708301306,20.2870998383,61.4342956543,65.4487304688,170.661148071,378.892669678,392.267669678,117.109855652,1308.77612305,9012.68554688,18370.2109375,1891.92480469,22889.9335938,27126.09375,13284.1992188,3695.80615234,9680.86328125,2093.52392578,1245.37402344,1465.21325684,250.403305054,320.216674805,141.620880127,78.8243331909,202.697006226,439.083526611,599.790283203,708.18170166,492.076263428,843.746032715,1764.01525879,441.103149414,58.8245925903,60.302696228,29.2887687683,3.72092986107,0.270938634872,0.0104307495058,0.000057633704273,3.53635876138e-8]},"erbbands_crest":{"dmean":2.85413146019,"dmean2":4.39807271957,"dvar":7.4382147789,"dvar2":16.1354846954,"max":35.7643623352,"mean":9.81147766113,"median":8.63837337494,"min":2.24410891533,"var":24.0903968811},"erbbands_flatness_db":{"dmean":0.0219677332789,"dmean2":0.0302674304694,"dvar":0.000466008146759,"dvar2":0.000838942243718,"max":0.454162508249,"mean":0.139646232128,"median":0.135566532612,"min":0.0393847003579,"var":0.00215677986853},"erbbands_kurtosis":{"dmean":1.64907312393,"dmean2":2.47690367699,"dvar":21.8841533661,"dvar2":43.1272850037,"max":319.425476074,"mean":1.8258998394,"median":0.77622872591,"min":-1.83990085125,"var":31.8608856201},"erbbands_skewness":{"dmean":0.47136709094,"dmean2":0.68021517992,"dvar":0.241145208478,"dvar2":0.470898807049,"max":16.624332428,"mean":0.777460753918,"median":0.795657157898,"min":-4.39175462723,"var":0.890286445618},"erbbands_spread":{"dmean":12.1235933304,"dmean2":17.2774219513,"dvar":198.82421875,"dvar2":384.457824707,"max":185.366638184,"mean":43.0112953186,"median":36.1396408081,"min":1.37075471878,"var":720.306213379},"gfcc":{"cov":[[24193.0371094,-37.1390304565,-491.279510498,515.180480957,-670.140686035,584.260864258,-277.234100342,293.893829346,-357.040985107,203.843200684,-266.193634033,81.0963821411,-217.722213745],[-37.1390304565,1503.17980957,-221.362564087,4.6713552475,238.051437378,-131.208572388,108.150657654,-62.6368293762,79.3808822632,-99.66822052,47.0314178467,-57.1761741638,35.8329429626],[-491.279510498,-221.362564087,1079.92492676,291.258575439,168.402084351,56.8967475891,-23.8246974945,79.7727279663,-50.5143623352,49.513381958,10.7704658508,22.7264823914,-16.9517860413],[515.180480957,4.6713552475,291.258575439,587.078063965,74.4437637329,22.2421894073,7.02542161942,-9.32245826721,31.2816085815,-1.6430721283,10.2515211105,-10.827299118,13.9195451736],[-670.140686035,238.051437378,168.402084351,74.4437637329,322.012390137,21.0131816864,69.5932846069,37.9969558716,18.6083774567,19.1148891449,25.8907623291,-7.29768705368,16.8215427399],[584.260864258,-131.208572388,56.8967475891,22.2421894073,21.0131816864,218.139572144,80.6377029419,24.781167984,-21.4573917389,13.6118278503,10.9232778549,17.562702179,-2.69669365883],[-277.234100342,108.150657654,-23.8246974945,7.02542161942,69.5932846069,80.6377029419,195.916809082,35.826965332,14.079120636,-7.88823699951,18.2884902954,3.73798155785,16.6445446014],[293.893829346,-62.6368293762,79.7727279663,-9.32245826721,37.9969558716,24.781167984,35.826965332,135.300186157,29.5305709839,25.4245357513,-8.04896259308,13.6639184952,2.51213955879],[-357.040985107,79.3808822632,-50.5143623352,31.2816085815,18.6083774567,-21.4573917389,14.079120636,29.5305709839,136.561904907,16.6432437897,2.20486354828,-12.0080718994,6.67717027664],[203.843200684,-99.66822052,49.513381958,-1.6430721283,19.1148891449,13.6118278503,-7.88823699951,25.4245357513,16.6432437897,102.624778748,20.0993442535,-5.90319728851,-18.4809513092],[-266.193634033,47.0314178467,10.7704658508,10.2515211105,25.8907623291,10.9232778549,18.2884902954,-8.04896259308,2.20486354828,20.0993442535,86.9583435059,19.1641330719,-5.61397314072],[81.0963821411,-57.1761741638,22.7264823914,-10.827299118,-7.29768705368,17.562702179,3.73798155785,13.6639184952,-12.0080718994,-5.90319728851,19.1641330719,69.6774139404,25.004365921],[-217.722213745,35.8329429626,-16.9517860413,13.9195451736,16.8215427399,-2.69669365883,16.6445446014,2.51213955879,6.67717027664,-18.4809513092,-5.61397314072,25.004365921,78.8583297729]],"icov":[[0.0000872327218531,-0.000159555173013,0.000117283248983,-0.000200565962587,0.000242622205405,-0.0003482264583,0.000261985871475,-0.000380700977985,0.000377647258574,-0.000382233847631,0.000407031562645,-0.000304645218421,0.000271145021543],[-0.000159555173013,0.00139032211155,-0.0000333138632413,0.000423876306741,-0.00130373483989,0.00131371058524,-0.000963687838521,0.00110272178426,-0.00113492028322,0.00184781674761,-0.00150736724027,0.00139149755705,-0.000682335463353],[0.000117283248983,-0.0000333138632413,0.00155043241102,-0.00093753047986,-0.0004491674772,-0.000533345155418,0.000791801779997,-0.00127173308283,0.00125096866395,-0.000714288267773,0.00057826761622,-0.00081765151117,0.000815793231595],[-0.000200565962587,0.000423876306741,-0.00093753047986,0.00261705834419,-0.000712307810318,0.000568160961848,-0.000616686767898,0.00156705162954,-0.00176257861312,0.00131860375404,-0.00126888975501,0.0014017438516,-0.0012347525917],[0.000242622205405,-0.00130373483989,-0.0004491674772,-0.000712307810318,0.00537271006033,-0.00123469973914,-0.000201412127353,-0.00193641893566,0.00118713709526,-0.00227352511138,0.000485063588712,-0.0000371113492292,-0.000379677687306],[-0.0003482264583,0.00131371058524,-0.000533345155418,0.000568160961848,-0.00123469973914,0.00778292957693,-0.00408258615062,0.00153530295938,-0.0006069142255,0.00112154486123,-0.00167524255812,0.000122221696074,-0.00027477106778],[0.000261985871475,-0.000963687838521,0.000791801779997,-0.000616686767898,-0.000201412127353,-0.00408258615062,0.00845818128437,-0.00318302866071,0.000922518549487,-0.00000281521602119,-0.000287733768346,0.000140141812153,-0.000483915122459],[-0.000380700977985,0.00110272178426,-0.00127173308283,0.00156705162954,-0.00193641893566,0.00153530295938,-0.00318302866071,0.0118866786361,-0.00430554011837,-0.000206997981877,0.000835498445667,-0.00156371342018,-0.000472053157864],[0.000377647258574,-0.00113492028322,0.00125096866395,-0.00176257861312,0.00118713709526,-0.0006069142255,0.000922518549487,-0.00430554011837,0.0108234388754,-0.00349780870602,0.00146495422814,0.000138389936183,0.000131074761157],[-0.000382233847631,0.00184781674761,-0.000714288267773,0.00131860375404,-0.00227352511138,0.00112154486123,-0.00000281521602119,-0.000206997981877,-0.00349780870602,0.0150269903243,-0.00598905002698,0.00411607977003,0.000335606804583],[0.000407031562645,-0.00150736724027,0.00057826761622,-0.00126888975501,0.000485063588712,-0.00167524255812,-0.000287733768346,0.000835498445667,0.00146495422814,-0.00598905002698,0.01731653139,-0.0083640050143,0.00438758358359],[-0.000304645218421,0.00139149755705,-0.00081765151117,0.0014017438516,-0.0000371113492292,0.000122221696074,0.000140141812153,-0.00156371342018,0.000138389936183,0.00411607977003,-0.0083640050143,0.0223546102643,-0.00859497487545],[0.000271145021543,-0.000682335463353,0.000815793231595,-0.0012347525917,-0.000379677687306,-0.00027477106778,-0.000483915122459,-0.000472053157864,0.000131074761157,0.000335606804583,0.00438758358359,-0.00859497487545,0.0174269191921]],"mean":[-16.8572731018,80.5990753174,-87.3794174194,23.0809001923,-64.6607894897,17.7072505951,-36.8216400146,9.87483978271,-24.8782291412,2.38326597214,-20.9280986786,4.7794084549,-10.0438642502]},"hfc":{"dmean":11.6978902817,"dmean2":15.9043340683,"dvar":389.41809082,"dvar2":736.313781738,"max":489.315917969,"mean":25.5935096741,"median":14.8223781586,"min":1.07985729051e-16,"var":1072.1907959},"melbands":{"dmean":[0.00255101895891,0.00245027127676,0.000656921067275,0.000597955193371,0.000353713287041,0.000106168881757,0.000203233474167,0.000329737144057,0.000196448978386,0.0000716463400749,0.000150073363329,0.000154928915435,0.000079331897723,0.000055344786233,0.0000330177936121,0.0000456195011793,0.0000167477119248,0.0000151819403982,0.0000152211132445,0.00000675375349601,0.00000607772153671,0.00000690899514666,0.00000580402092965,0.00000365594041796,0.00000318857655657,0.00000345295529769,0.00000399491727876,0.00000453417351309,0.00000422362609243,0.00000452755784863,0.00000397368921767,0.0000027929722819,0.00000303838305626,0.00000355245151695,0.00000417062983615,0.00000433750847151,0.00000200247018256,0.00000162652872859,0.00000174016486199,0.00000181753057404],"dmean2":[0.00439870869741,0.00423473259434,0.00108675356023,0.000980083132163,0.000584282970522,0.00017013955221,0.00030511667137,0.00048506303574,0.000273558223853,0.000100959397969,0.000206305849133,0.000218559871428,0.000109062253614,0.0000830425560707,0.0000487374818476,0.000067131157266,0.0000253377056652,0.00002318528459,0.0000227405707847,0.000010603537703,0.000009603187209,0.0000110183709694,0.00000957302108873,0.00000602122327109,0.00000527374049852,0.00000572669978283,0.00000651940308671,0.00000733568140276,0.00000671954921927,0.00000703553359926,0.00000584104600421,0.0000039398169065,0.00000432157548858,0.00000501890826854,0.00000569462372368,0.00000582763368584,0.00000273120190286,0.00000231864623856,0.00000247126808972,0.00000252986478699],"dvar":[0.0000358029028575,0.0000277378239844,0.00000221630307351,9.474097169e-7,3.17287089047e-7,3.60396121835e-8,2.01699407398e-7,7.01568808381e-7,2.91107312478e-7,3.44581110312e-8,2.45205114879e-7,1.78671115236e-7,6.93901895943e-8,3.09977963298e-8,9.91542314921e-9,2.40930422279e-8,3.43485506704e-9,2.39105268918e-9,2.09774220217e-9,3.99851679544e-10,1.18512658021e-10,1.79599321526e-10,1.37566097402e-10,4.19657815443e-11,4.49896023214e-11,6.11163619713e-11,8.3760505476e-11,1.70886207962e-10,1.54710494416e-10,1.83098577966e-10,1.24421833947e-10,6.66107030645e-11,9.94549304023e-11,1.44724940365e-10,2.11080861123e-10,2.82742274038e-10,3.17337996159e-11,1.54277753767e-11,1.97110418265e-11,2.3683574199e-11],"dvar2":[0.0000943029444898,0.0000764699507272,0.00000566301650906,0.00000246260356107,8.57984275626e-7,9.0915797557e-8,4.27932775438e-7,0.00000142965166106,5.42105965451e-7,7.00255284869e-8,4.38044793327e-7,4.14623286815e-7,1.23668272067e-7,6.68123902869e-8,1.96538838537e-8,5.07139397143e-8,7.95008059384e-9,5.2851478749e-9,4.46223369366e-9,8.40281344505e-10,2.76069972438e-10,4.13111489461e-10,3.56425305936e-10,1.04847457105e-10,1.12559267462e-10,1.44350031928e-10,1.99920704991e-10,4.14474343735e-10,3.75963343791e-10,4.44330183758e-10,2.68111977064e-10,1.20923618341e-10,1.876344774e-10,2.6748153692e-10,3.77478159841e-10,5.28124044497e-10,5.98755212078e-11,3.23394470925e-11,4.13146079847e-11,4.54455847954e-11],"max":[0.0474619977176,0.0545909367502,0.0482330843806,0.0162020530552,0.0119771035388,0.00494727957994,0.0117417825386,0.0235436093062,0.0171504355967,0.00625357171521,0.0131198521703,0.015791958198,0.0135592604056,0.00517275743186,0.00469998177141,0.00552474334836,0.00283035682514,0.00164112634957,0.00223359442316,0.00112222402822,0.000434751505964,0.000436840578914,0.00032162212301,0.000135943264468,0.000197640416445,0.000215493419091,0.000320555700455,0.0005182470195,0.000557082006708,0.000524124887306,0.000559441919904,0.000271966942819,0.000393972266465,0.000547913718037,0.00076426344458,0.000851433025673,0.000174978049472,0.000112709138193,0.00011448051373,0.000120386066556],"mean":[0.0023059383966,0.00278597068973,0.000905260327272,0.0009305231506,0.000629247631878,0.000200602167752,0.000328836293193,0.000563092820812,0.000380946003133,0.000129173524329,0.000244069859036,0.000270771241048,0.000140183226904,0.0000875166442711,0.0000516174477525,0.000069531815825,0.0000272576162388,0.0000243452832365,0.0000243576032517,0.0000105805502244,0.000010408446542,0.0000118950028991,0.00000854210975376,0.00000510102563567,0.0000040080162762,0.00000420710284743,0.00000509260189574,0.00000536546849617,0.00000523784547113,0.00000582935172133,0.00000544605109098,0.00000435411857325,0.00000466071242045,0.00000524874621988,0.00000650284073345,0.00000660486193738,0.00000303525825984,0.00000219008279601,0.00000239150472225,0.00000254488259088],"median":[0.000594695680775,0.00139339396264,0.000543750589713,0.000582265725825,0.000464724667836,0.000132705405122,0.000105114835605,0.000119208867545,0.0000997621900751,0.0000369022927771,0.0000362572827726,0.0000719628296793,0.0000348673311237,0.0000142697463161,0.000010501305951,0.0000088653741841,0.00000578330855205,0.00000551237462787,0.00000757671659812,0.00000369088274965,0.00000431107037002,0.00000512880023962,0.0000038122298065,0.00000227809960052,0.00000169815393747,0.00000158970931352,0.00000169216593804,0.00000144998261931,0.00000129131558424,0.00000145523222272,0.00000131894637434,0.0000010114813449,9.08686217826e-7,0.00000106371544462,0.00000101663408714,7.11914879048e-7,4.42314217253e-7,3.76464981855e-7,3.95555673549e-7,3.90611262446e-7],"min":[5.34111785123e-25,7.25713674442e-25,6.6395838873e-25,5.99759014718e-25,1.71168971924e-24,1.53203808656e-24,1.41900910998e-24,1.13203226089e-24,1.73305384749e-24,1.8965154906e-24,2.66897301937e-24,1.17099094556e-24,2.96044193828e-24,2.94916379113e-24,3.86045295062e-24,2.81102576637e-24,2.66202335201e-24,3.50608519351e-24,3.75496804809e-24,3.70420997644e-24,3.38724448143e-24,3.09640980669e-24,4.22113908914e-24,3.25187141414e-24,2.84290659378e-24,4.08735182949e-24,4.37882094561e-24,4.16860844703e-24,5.15500406723e-24,4.82847323931e-24,5.80658818658e-24,6.61161521833e-24,5.24723058452e-24,5.19294236031e-24,5.48835656982e-24,5.46184729353e-24,6.20193292898e-24,6.06972654659e-24,6.03372885133e-24,7.3287095027e-24],"var":[0.0000279289088212,0.0000213101757254,0.00000226067572839,0.00000133631829158,4.99424459122e-7,7.02328364355e-8,4.24653023856e-7,0.00000174103001882,8.39937570163e-7,7.93225396478e-8,6.06004562087e-7,4.2785350729e-7,1.6812055037e-7,8.02310182735e-8,2.38196165014e-8,5.43004290421e-8,8.10773848059e-9,5.68451152816e-9,5.11261877278e-9,1.02913455535e-9,2.94245738885e-10,4.46112063957e-10,1.8848846095e-10,5.99326907547e-11,5.38312866505e-11,9.70056743266e-11,1.47628062552e-10,2.26123231251e-10,2.21317922322e-10,2.72144251579e-10,2.27893010019e-10,1.48523165988e-10,2.17799556168e-10,3.08435249563e-10,5.34313204792e-10,7.12844061557e-10,7.27989127314e-11,2.64535251343e-11,3.49677439782e-11,4.90649465501e-11]},"melbands_crest":{"dmean":3.54261469841,"dmean2":5.7369184494,"dvar":10.7584400177,"dvar2":27.6659259796,"max":40,"mean":13.7404375076,"median":13.0661315918,"min":1.64787101746,"var":23.5975074768},"melbands_flatness_db":{"dmean":0.0312568545341,"dmean2":0.0485709607601,"dvar":0.00111887091771,"dvar2":0.00264991098084,"max":1,"mean":0.215093567967,"median":0.210365131497,"min":0.00382402865216,"var":0.00476329494268},"melbands_kurtosis":{"dmean":3690880.75,"dmean2":6935860.5,"dvar":70418252265700000,"dvar2":141978493386000000,"max":21353529344,"mean":3467471.25,"median":10.1871862411,"min":-1.85198020935,"var":69839926329300000},"melbands_skewness":{"dmean":16.2574520111,"dmean2":30.5977077484,"dvar":1238943,"dvar2":2475519,"max":88610.6953125,"mean":17.5376224518,"median":2.48481035233,"min":-2.0474858284,"var":1246998.875},"melbands_spread":{"dmean":7.67888212204,"dmean2":11.6673965454,"dvar":201.210174561,"dvar2":397.761993408,"max":220.173690796,"mean":20.5439319611,"median":15.0042304993,"min":1.07931690252e-8,"var":530.196594238},"mfcc":{"cov":[[12818.96875,424.701324463,94.0848388672,-19.015832901,-139.447219849,247.003967285,141.022155762,175.88772583,87.5037612915,51.5021972656,55.5933074951,89.56640625,-42.354637146],[424.701324463,1517.44750977,-183.300384521,81.2721405029,72.004737854,-12.2591524124,43.9090576172,43.5408706665,37.0532341003,-22.8797988892,25.7865581512,-16.8310565948,18.4434890747],[94.0848388672,-183.300384521,763.834106445,240.652236938,168.903915405,58.5726356506,56.2155342102,20.8440971375,7.38518381119,9.46423435211,-18.979341507,9.63105297089,23.676366806],[-19.015832901,81.2721405029,240.652236938,492.570678711,166.778442383,54.0600967407,8.32265758514,16.6445922852,30.6196327209,27.7161827087,-19.967414856,10.3827152252,36.106212616],[-139.447219849,72.004737854,168.903915405,166.778442383,255.894424438,33.5139923096,37.021938324,3.27595996857,21.4606266022,23.0777435303,4.8237862587,10.7576322556,23.3238811493],[247.003967285,-12.2591524124,58.5726356506,54.0600967407,33.5139923096,174.946533203,74.7996749878,25.6012535095,7.1183257103,13.4119968414,16.0363368988,7.77318000793,-3.01309800148],[141.022155762,43.9090576172,56.2155342102,8.32265758514,37.021938324,74.7996749878,206.615463257,46.6254043579,18.337644577,-0.115929931402,29.9983882904,-1.94356715679,10.9911527634],[175.88772583,43.5408706665,20.8440971375,16.6445922852,3.27595996857,25.6012535095,46.6254043579,129.128005981,42.6825942993,10.1296958923,3.81891441345,-5.13122081757,9.90029430389],[87.5037612915,37.0532341003,7.38518381119,30.6196327209,21.4606266022,7.1183257103,18.337644577,42.6825942993,126.871864319,36.7635116577,2.88080835342,0.647313654423,-1.64544665813],[51.5021972656,-22.8797988892,9.46423435211,27.7161827087,23.0777435303,13.4119968414,-0.115929931402,10.1296958923,36.7635116577,93.7955932617,32.5543823242,9.58482646942,0.679205536842],[55.5933074951,25.7865581512,-18.979341507,-19.967414856,4.8237862587,16.0363368988,29.9983882904,3.81891441345,2.88080835342,32.5543823242,94.9026184082,29.2654514313,0.675110757351],[89.56640625,-16.8310565948,9.63105297089,10.3827152252,10.7576322556,7.77318000793,-1.94356715679,-5.13122081757,0.647313654423,9.58482646942,29.2654514313,83.3861694336,25.0890712738],[-42.354637146,18.4434890747,23.676366806,36.106212616,23.3238811493,-3.01309800148,10.9911527634,9.90029430389,-1.64544665813,0.679205536842,0.675110757351,25.0890712738,75.7279968262]],"icov":[[0.0000849842253956,-0.0000335427903337,-0.0000290973966912,0.00000921479022509,0.0000881055675563,-0.00010707504407,-0.0000109746633825,-0.0000824135204311,-0.0000150197238327,-0.0000443421231466,0.0000323820422636,-0.000134493835503,0.0000857166451169],[-0.0000335427903337,0.000766683719121,0.000310909643304,-0.000206963013625,-0.000330775452312,0.000178752379725,-0.0000945596184465,-0.000165612029377,-0.000191418352188,0.000494102598168,-0.000413220986957,0.000336986442562,-0.000176201094291],[-0.0000290973966912,0.000310909643304,0.00181883259211,-0.000640604062937,-0.000860721629579,-0.0000437924536527,-0.000359589030268,-0.000204651994864,0.000192201958271,0.000167401085491,0.000292356708087,-0.0000684482874931,0.00000982582241704],[0.00000921479022509,-0.000206963013625,-0.000640604062937,0.00306151551194,-0.00134456041269,-0.00076711276779,0.000575082318392,-0.0000708233128535,-0.000290142401354,-0.00060781132197,0.000827107462101,-0.0000571287091589,-0.000883761327714],[0.0000881055675563,-0.000330775452312,-0.000860721629579,-0.00134456041269,0.00581468828022,-0.000258637126535,-0.000734355126042,0.000732250511646,-0.000446611957159,-0.000890669994988,-0.0000600717175985,-0.000266163784545,-0.000663321116008],[-0.00010707504407,0.000178752379725,-0.0000437924536527,-0.00076711276779,-0.000258637126535,0.00747276935726,-0.00256296014413,-0.00065803353209,0.000671251153108,-0.000763685093261,-0.0000836198814795,-0.00082286586985,0.00140582432505],[-0.0000109746633825,-0.0000945596184465,-0.000359589030268,0.000575082318392,-0.000734355126042,-0.00256296014413,0.00687087001279,-0.00158372800797,-0.000701599696185,0.00158592220396,-0.00251952325925,0.00145778059959,-0.00130083935801],[-0.0000824135204311,-0.000165612029377,-0.000204651994864,-0.0000708233128535,0.000732250511646,-0.00065803353209,-0.00158372800797,0.00982286594808,-0.00305555853993,0.00000150245739405,-0.0000365901614714,0.00115905469283,-0.00166412885301],[-0.0000150197238327,-0.000191418352188,0.000192201958271,-0.000290142401354,-0.000446611957159,0.000671251153108,-0.000701599696185,-0.00305555853993,0.0103736994788,-0.00419681752101,0.00164919078816,-0.000782897986937,0.00128974521067],[-0.0000443421231466,0.000494102598168,0.000167401085491,-0.00060781132197,-0.000890669994988,-0.000763685093261,0.00158592220396,0.00000150245739405,-0.00419681752101,0.0148588838056,-0.00576966349036,0.00088482449064,-0.000360290257959],[0.0000323820422636,-0.000413220986957,0.000292356708087,0.000827107462101,-0.0000600717175985,-0.0000836198814795,-0.00251952325925,-0.0000365901614714,0.00164919078816,-0.00576966349036,0.015311807394,-0.0055699730292,0.00181507109664],[-0.000134493835503,0.000336986442562,-0.0000684482874931,-0.0000571287091589,-0.000266163784545,-0.00082286586985,0.00145778059959,0.00115905469283,-0.000782897986937,0.00088482449064,-0.0055699730292,0.0160111989826,-0.00570241361856],[0.0000857166451169,-0.000176201094291,0.00000982582241704,-0.000883761327714,-0.000663321116008,0.00140582432505,-0.00130083935801,-0.00166412885301,0.00128974521067,-0.000360290257959,0.00181507109664,-0.00570241361856,0.0162852182984]],"mean":[-663.36126709,116.104034424,26.6405467987,14.3987207413,-0.377151936293,5.45068454742,-1.57007825375,5.5888004303,2.39406681061,-1.4364361763,-4.19477844238,-0.949586689472,0.35986751318]},"pitch_salience":{"dmean":0.0793761089444,"dmean2":0.130218178034,"dvar":0.00567663274705,"dvar2":0.0148832192644,"max":0.847059845924,"mean":0.543476104736,"median":0.547488451004,"min":0.0000164573175425,"var":0.0115226283669},"silence_rate_20dB":{"dmean":0,"dmean2":0,"dvar":0,"dvar2":0,"max":1,"mean":1,"median":1,"min":1,"var":0},"silence_rate_30dB":{"dmean":0.0471869334579,"dmean2":0.0943820253015,"dvar":0.0449603274465,"dvar2":0.11572470516,"max":1,"mean":0.966038703918,"median":1,"min":0,"var":0.0328079164028},"silence_rate_60dB":{"dmean":0.0117535218596,"dmean2":0.0235090758651,"dvar":0.0116153769195,"dvar2":0.0262407548726,"max":1,"mean":0.0854649171233,"median":0,"min":0,"var":0.0781606659293},"spectral_centroid":{"dmean":267.967163086,"dmean2":399.953704834,"dvar":140210.421875,"dvar2":261414.59375,"max":11796.3632812,"mean":1115.20166016,"median":901.845947266,"min":202.732574463,"var":953381.25},"spectral_complexity":{"dmean":3.65482664108,"dmean2":5.69057893753,"dvar":24.9595870972,"dvar2":55.0007133484,"max":54,"mean":14.1946077347,"median":13,"min":0,"var":66.6092071533},"spectral_contrast_coeffs":{"dmean":[0.0525520816445,0.0480555556715,0.0432370379567,0.0335411801934,0.0237299352884,0.0225514862686],"dmean2":[0.0857724696398,0.076564706862,0.0652176588774,0.0506050810218,0.036352455616,0.0346854813397],"dvar":[0.00191947561689,0.00158887996804,0.00130090815946,0.0007876023883,0.000440962496214,0.000484221236547],"dvar2":[0.00479190470651,0.0037490890827,0.00281931413338,0.00168320350349,0.00096506648697,0.00110425171442],"max":[-0.269540756941,-0.369336634874,-0.378623574972,-0.451372563839,-0.62536072731,-0.600853919983],"mean":[-0.638554573059,-0.71490162611,-0.732296228409,-0.767262756824,-0.800385951996,-0.786008477211],"median":[-0.639272212982,-0.720420181751,-0.737729072571,-0.771330237389,-0.803122341633,-0.786224603653],"min":[-0.984902262688,-0.987465977669,-0.979565799236,-0.989833593369,-0.966169476509,-0.965718209743],"var":[0.00750177446753,0.00681061530486,0.00744718359783,0.00437053199857,0.00203364761546,0.00201783282682]},"spectral_contrast_valleys":{"dmean":[0.505371391773,0.354086697102,0.399613410234,0.383092731237,0.41404157877,0.428422242403],"dmean2":[0.78977316618,0.566315412521,0.626076757908,0.589519500732,0.602609992027,0.521384000778],"dvar":[0.289783835411,0.121636256576,0.185612663627,0.204085677862,0.283942162991,0.234921395779],"dvar2":[0.549231767654,0.258161395788,0.390771329403,0.414807409048,0.609471142292,0.439414680004],"max":[-4.82486391068,-4.95229673386,-5.28493213654,-6.10730743408,-5.60680103302,-7.01633834839],"mean":[-7.38689041138,-6.9465970993,-7.8580083847,-8.46075439453,-8.21254634857,-10.0615854263],"median":[-6.87799263,-6.61326885223,-7.58097219467,-8.16102409363,-7.91110134125,-9.77566719055],"min":[-27.896818161,-28.0557193756,-27.6562900543,-27.7475605011,-27.4978694916,-27.4163341522],"var":[4.42260503769,3.70151877403,3.60432577133,3.48835349083,3.66732406616,3.71723031998]},"spectral_decrease":{"dmean":4.55168924773e-9,"dmean2":7.23997573004e-9,"dvar":6.02555283526e-17,"dvar2":1.53263081153e-16,"max":1.77424177604e-28,"mean":-8.29012680725e-9,"median":-5.73727110265e-9,"min":-7.35202831947e-8,"var":7.24001544015e-17},"spectral_energy":{"dmean":0.0179655700922,"dmean2":0.0283757001162,"dvar":0.000904607062694,"dvar2":0.00228907796554,"max":0.305764585733,"mean":0.0336102694273,"median":0.0236456766725,"min":1.00913813299e-20,"var":0.00113166403025},"spectral_energyband_high":{"dmean":0.000993064953946,"dmean2":0.00131281255744,"dvar":0.00000507359891344,"dvar2":0.00000902754254639,"max":0.050801102072,"mean":0.0016033500433,"median":0.000399400567403,"min":7.14292511704e-21,"var":0.0000131682600113},"spectral_energyband_low":{"dmean":0.0126497261226,"dmean2":0.021186478436,"dvar":0.00072415341856,"dvar2":0.00188783090562,"max":0.24500207603,"mean":0.0140782156959,"median":0.0062677715905,"min":8.60592263991e-24,"var":0.000610551156569},"spectral_energyband_middle_high":{"dmean":0.00244622398168,"dmean2":0.00336454994977,"dvar":0.0000222014550673,"dvar2":0.0000440791191068,"max":0.12848123908,"mean":0.00559823354706,"median":0.00242637610063,"min":1.24856794429e-21,"var":0.0000805151357781},"spectral_energyband_middle_low":{"dmean":0.00553428241983,"dmean2":0.00850778445601,"dvar":0.0000665290353936,"dvar2":0.000150603460497,"max":0.173881977797,"mean":0.0131666464731,"median":0.00971080362797,"min":1.36382539454e-22,"var":0.000168376078364},"spectral_entropy":{"dmean":0.233876496553,"dmean2":0.32646715641,"dvar":0.0627503544092,"dvar2":0.121321737766,"max":9.82359313965,"mean":7.53913164139,"median":7.5453081131,"min":4.6032371521,"var":0.317702174187},"spectral_flux":{"dmean":0.0384474508464,"dmean2":0.0605407133698,"dvar":0.00279807113111,"dvar2":0.00563890300691,"max":0.496507138014,"mean":0.0946048870683,"median":0.0754387900233,"min":6.36721092517e-11,"var":0.00524414004758},"spectral_kurtosis":{"dmean":1.47195661068,"dmean2":2.21487021446,"dvar":9.24579620361,"dvar2":19.7218933105,"max":226.617111206,"mean":4.08896923065,"median":3.6333398819,"min":-1.27721345425,"var":21.2105312347},"spectral_rms":{"dmean":0.00129818962887,"dmean2":0.00195093406364,"dvar":0.0000030910980513,"dvar2":0.00000732196394893,"max":0.0172715634108,"mean":0.00508482242003,"median":0.00480301491916,"min":3.13771426376e-12,"var":0.00000693508673066},"spectral_rolloff":{"dmean":679.977294922,"dmean2":1141.8013916,"dvar":2389831.75,"dvar2":5068080,"max":19552.1484375,"mean":1539.89013672,"median":839.794921875,"min":21.533203125,"var":5806290.5},"spectral_skewness":{"dmean":0.259382665157,"dmean2":0.372174084187,"dvar":0.0945283249021,"dvar2":0.192610681057,"max":13.7868852615,"mean":1.64989292622,"median":1.67591714859,"min":-0.215956047177,"var":0.424162447453},"spectral_spread":{"dmean":1013342.4375,"dmean2":1378870.25,"dvar":1846661349380,"dvar2":3590011486210,"max":48595816,"mean":6367815,"median":5619226,"min":726359.75,"var":11661384613900},"spectral_strongpeak":{"dmean":0.568319559097,"dmean2":0.92442214489,"dvar":0.960882425308,"dvar2":2.19689869881,"max":17.1082248688,"mean":1.02657091618,"median":0.45037150383,"min":0,"var":2.02813863754},"zerocrossingrate":{"dmean":0.0156528092921,"dmean2":0.0178141202778,"dvar":0.00042352854507,"dvar2":0.000501347298268,"max":0.52783203125,"mean":0.0685212388635,"median":0.05029296875,"min":0,"var":0.0036139159929}},"metadata":{"audio_properties":{"analysis_sample_rate":44100,"bit_rate":0,"codec":"flac","downmix":"mix","equal_loudness":0,"length":268.666656494,"lossless":true,"md5_encoded":"a1052ab0b32b729a8bb06c802d75b933","replay_gain":-3.84279823303},"tags":{"album":["...Nothing Like the Sun"],"albumartist":["Sting"],"albumartistsort":["Sting"],"arranger":["Sting"],"artist":["Sting"],"artists":["Sting"],"artistsort":["Sting"],"asin":["B000002GKZ"],"barcode":["08283939122"],"catalognumber":["39 3912-2"],"composer":["Sting"],"composersort":["Sting"],"date":["1987"],"discnumber":["1"],"disctotal":["1"],"file_name":"09 Rock Steady.flac","genre":["Soft Rock"],"grouping":["Rock"],"isrc":["USAM18700046"],"label":["A&M Records"],"media":["CD"],"mood":["Mellow; Smooth; Sad"],"musicbrainz_albumartistid":["7944ed53-2a58-4035-9b93-140a71e41c34"],"musicbrainz_albumid":["20979597-8503-33d4-8fca-764ca3ae339f"],"musicbrainz_artistid":["7944ed53-2a58-4035-9b93-140a71e41c34"],"musicbrainz_recordingid":["2dd6a17b-c40c-44b1-acf8-ccc4775f48a7"],"musicbrainz_releasegroupid":["ec048bb5-1fc3-32a7-b560-c07ddd0df544"],"musicbrainz_releasetrackid":["0b2ab356-4644-356a-850b-609b0671d637"],"musicbrainz_workid":["428b0daf-9359-3adc-9e33-e3a78b5b0829"],"originaldate":["1987-10-01"],"originalyear":["1987"],"performer":["Manu Katché (drums)","Mino Cinelu (percussion)","Branford Marsalis (soprano saxophone and tenor saxophone)","Hiram Bullock (acoustic guitar and electric guitar)","Kenny Kirkland (electric piano, piano and synthesizer)"],"producer":["Neil Dorfsman"],"releasecountry":["DE"],"releasestatus":["official"],"releasetype":["album"],"replaygain_album_gain":["+2.38 dB"],"replaygain_album_peak":["0.812805"],"replaygain_track_gain":["+0.95 dB"],"replaygain_track_peak":["0.760803"],"script":["Latn"],"title":["Rock Steady"],"totaldiscs":["1"],"totaltracks":["12"],"tracknumber":["9"],"tracktotal":["12"],"work":["Rock Steady"]},"version":{"ess