{"lowlevel":{"average_loudness":0.0380105599761,"barkbands":{"dmean":[0.000272793171462,0.00050089211436,0.000584128312767,0.000607188558206,0.00116962508764,0.00220315414481,0.00101887993515,0.000458979833638,0.000343269872246,0.000160703551956,0.000112652465759,0.0000985268998193,0.0000751196785131,0.000055161279306,0.000137193361297,0.0000368386754417,0.0000354776166205,0.0000305688845401,0.0000215175714402,0.00000452503309134,0.00000140206509514,9.76967271527e-7,7.17193358923e-7,6.5603069288e-7,6.28961629445e-7,6.22820266472e-7,0.00000717188413546],"dmean2":[0.000481665192638,0.000819529930595,0.000981357996352,0.000957987213042,0.00173947273288,0.00325080682524,0.00144398817793,0.000698339659721,0.000486028991872,0.000244119015406,0.000169528080733,0.000158262701007,0.00012037196575,0.0000882869790075,0.000220145986532,0.0000597210055275,0.0000553498102818,0.0000464288677904,0.0000330434741045,0.00000704885405867,0.00000227945861297,0.00000161779246355,0.00000120755657917,0.00000110905227757,0.00000106501454411,0.00000105213052848,0.0000106493444036],"dvar":[3.24127881868e-7,9.68195081441e-7,0.000001567836307,0.00000233196078625,0.0000114421372928,0.0000335885670211,0.0000112790603453,0.00000754220081944,0.00000222046264753,4.56625770084e-7,1.69529130289e-7,1.14323860601e-7,4.96489427348e-8,3.81595910426e-8,6.10259917266e-7,1.76385555051e-8,1.3414294564e-8,1.52640424744e-8,8.31201685259e-9,2.12504042141e-10,1.10592342575e-11,5.69985725285e-12,3.70609359174e-12,3.37522327795e-12,3.13152867353e-12,2.99813819604e-12,5.23094567662e-10],"dvar2":[8.90760645689e-7,0.00000259434364125,0.00000378742197427,0.00000453177972304,0.0000213653238461,0.0000658855424263,0.0000192923325812,0.0000183032116183,0.00000412370400227,9.733519164e-7,3.22842822698e-7,2.59284348658e-7,1.18386914494e-7,8.5578150788e-8,0.0000014520358036,3.77403353014e-8,2.9776677124e-8,3.54298279603e-8,1.99191489969e-8,4.51828380266e-10,2.57067058612e-11,1.38582556888e-11,9.12072327386e-12,8.34952332968e-12,7.75427291821e-12,7.40729960008e-12,1.07591857645e-9],"max":[0.0154371308163,0.0284612961113,0.042801849544,0.0372099280357,0.0801951140165,0.18653023243,0.117778919637,0.100528426468,0.0506036281586,0.0278435312212,0.0275551434606,0.0126357711852,0.00776901561767,0.00668298453093,0.0290650259703,0.00844619330019,0.00356417614967,0.00527178635821,0.00269845477305,0.000512740924023,0.0000969062821241,0.0000689939697622,0.0000585764137213,0.0000591420539422,0.000057389428548,0.0000551810189791,0.000732187239919],"mean":[0.000297099584714,0.000798378780019,0.000748610764276,0.00115570833441,0.00195771129802,0.00515660177916,0.0020448686555,0.000580398016609,0.000580142776016,0.000228139921091,0.000168846439919,0.000119328637084,0.0000943113336689,0.0000658622229821,0.000202129434911,0.0000435341389675,0.0000489884041599,0.0000445030418632,0.0000321816914948,0.00000676857371218,0.00000173756700406,0.0000010501679526,7.05917614141e-7,6.18226408733e-7,5.75682577164e-7,5.92374192365e-7,0.0000128199599203],"median":[0.000156503650942,0.000239193148445,0.000203240881092,0.000114814843982,0.000362859922461,0.000409067404689,0.000130351996631,0.0000346048946085,0.0000525160976395,0.0000221361078729,0.000017690605091,0.0000153089713422,0.0000117434628919,0.0000057688466768,0.00000568449058846,0.00000437474272985,0.00000325372616317,0.0000022248368623,0.00000165337701219,6.67483050165e-7,3.50848921471e-7,2.32029933045e-7,1.3498409146e-7,9.99806815116e-8,7.70943771045e-8,1.00054663221e-7,9.90658236333e-7],"min":[3.84953708784e-23,7.34593207176e-23,5.86353842191e-24,1.91589811858e-23,7.06731081766e-23,3.4779488916e-23,9.71736596644e-23,1.9728041777e-23,1.37650642826e-23,4.00421819631e-23,1.15682564244e-22,4.11822689869e-23,9.75970507786e-23,1.04494484502e-22,2.33050564522e-22,1.40507095542e-22,1.14262336936e-22,1.58786088188e-22,4.12309902986e-22,2.60853127779e-22,2.82693164769e-22,3.80483972408e-22,5.06993709374e-22,9.33343064553e-22,1.23745472429e-21,1.92708747944e-21,2.91582720928e-21],"var":[2.81949610326e-7,0.00000274814306067,0.00000315911393045,0.0000123095587696,0.0000266738352366,0.000223004783038,0.000041044298996,0.000010268965525,0.00000466715255243,0.00000100490569821,6.18826675236e-7,1.59145699286e-7,6.79050558006e-8,6.92705981464e-8,0.00000152623761096,3.01831022398e-8,3.51068010218e-8,3.52321301023e-8,1.88675688406e-8,6.0118215961e-10,1.86330655766e-11,6.39498176636e-12,3.76177778164e-12,3.31634155901e-12,3.06233163827e-12,2.96780070137e-12,2.25395369036e-9]},"barkbands_crest":{"dmean":3.03341436386,"dmean2":4.95508241653,"dvar":7.7738237381,"dvar2":19.2581214905,"max":26.1600475311,"mean":12.4451532364,"median":11.6953468323,"min":3.19468593597,"var":20.987531662},"barkbands_flatness_db":{"dmean":0.0407270789146,"dmean2":0.0645175352693,"dvar":0.00125012383796,"dvar2":0.00317714153789,"max":0.518190979958,"mean":0.224105671048,"median":0.220434710383,"min":0.0321452654898,"var":0.00440518418327},"barkbands_kurtosis":{"dmean":8.71738910675,"dmean2":14.1524486542,"dvar":296.318054199,"dvar2":748.049621582,"max":499.530639648,"mean":14.6623096466,"median":7.59628677368,"min":-1.69954228401,"var":605.697937012},"barkbands_skewness":{"dmean":0.896808564663,"dmean2":1.42664194107,"dvar":0.915838599205,"dvar2":2.2324821949,"max":15.7479419708,"mean":2.02986860275,"median":1.78000640869,"min":-2.65485501289,"var":3.56951880455},"barkbands_spread":{"dmean":3.1811978817,"dmean2":5.04691362381,"dvar":21.4654273987,"dvar2":51.2141075134,"max":123.654533386,"mean":8.32128620148,"median":5.50423717499,"min":0.281667500734,"var":72.8543777466},"dissonance":{"dmean":0.0377749167383,"dmean2":0.0619328543544,"dvar":0.00144153402653,"dvar2":0.00369590264745,"max":0.500000119209,"mean":0.421074599028,"median":0.440179347992,"min":0.103029966354,"var":0.0045366268605},"dynamic_complexity":7.62351799011,"erbbands":{"dmean":[0.0188532806933,0.111404769123,0.551141321659,1.53138661385,2.04445672035,5.24384212494,9.82996082306,20.0560302734,14.7045536041,12.7435321808,11.6037130356,7.46409749985,5.02508974075,4.81975507736,4.10759210587,4.07602548599,3.49610519409,2.3438911438,6.60458707809,4.27472734451,1.87643635273,2.01875066757,1.78188562393,1.38300478458,0.640714168549,0.209819942713,0.0772843062878,0.0476846694946,0.0364070162177,0.0266518369317,0.0195878334343,0.0145775349811,0.010487113148,0.00711147347465,0.00443199137226,0.00245593115687,0.00115464965347,0.000455375644378,0.000301398162264,0.000172129308339],"dmean2":[0.0304558724165,0.186348497868,0.919334888458,2.44813799858,3.18694853783,7.70084285736,14.0366487503,29.7218265533,21.4370861053,18.0760726929,17.0073299408,10.4215431213,7.79342842102,7.22547769547,6.1946439743,6.52136850357,5.5322637558,3.66778993607,10.4885816574,6.90357589722,3.029317379,3.11257910728,2.69678807259,2.09027194977,0.986887872219,0.323923826218,0.121655479074,0.0780669227242,0.0602296628058,0.0445910692215,0.0330278836191,0.0246311798692,0.017742138356,0.0120380250737,0.00750198122114,0.00415578391403,0.00194981694221,0.000757542962674,0.000448863807833,0.000250466458965],"dvar":[0.00175651698373,0.0485119819641,1.42646229267,12.3874692917,27.1292858124,279.670379639,1278.67004395,3240.83911133,1616.15429688,2961.85693359,5353.58105469,856.290893555,486.414337158,310.774658203,237.48425293,183.391418457,99.5405197144,42.1939735413,1375.02233887,515.515319824,23.565284729,44.9768867493,48.1850204468,37.8696517944,5.97279119492,0.46613445878,0.0450132451952,0.0124838957563,0.00760314567015,0.00475300522521,0.00284178368747,0.00165467662737,0.000866523536388,0.000399922777433,0.000155474685016,0.0000476015156892,0.0000103352213046,0.00000135337529628,6.8056363034e-7,2.58422574007e-7],"dvar2":[0.00465856166556,0.131985485554,3.45121908188,24.8626499176,54.0552597046,525.121826172,2105.92919922,6504.52050781,3121.85668945,5575.65722656,12261.875,1570.08081055,1060.82092285,631.465637207,491.636291504,399.336761475,236.297012329,91.0415802002,3181.74633789,1274.06384277,52.1797027588,101.45993042,110.813354492,88.1745986938,14.0021276474,0.97119563818,0.0952359065413,0.0299859959632,0.018347915262,0.0116685265675,0.00699501577765,0.00409101648256,0.00214458536357,0.000990109983832,0.000384872459108,0.000117827774375,0.0000255292761722,0.00000329980525748,0.00000140928887049,5.13587224305e-7],"max":[1.47589552402,3.72912216187,36.4594421387,80.6629943848,186.519989014,432.093811035,1728.00817871,1337.26135254,1258.75366211,1504.72973633,2617.54052734,896.459350586,776.80065918,630.500427246,1030.22253418,592.589782715,319.325714111,251.09828186,1689.21899414,952.834350586,172.626358032,216.259933472,341.99887085,187.557479858,84.5459671021,23.8957271576,8.14604473114,3.02560639381,2.44565343857,2.06565785408,1.66551530361,1.30626130104,0.953325271606,0.648389279842,0.404567986727,0.223266780376,0.103228695691,0.0353333577514,0.0219907332212,0.0149107575417],"mean":[0.0318929851055,0.151704624295,0.729148805141,2.8136651516,3.47018432617,8.72593975067,22.8372402191,43.0434761047,32.0041160583,22.726978302,16.5660800934,13.044924736,8.05247879028,6.80358934402,6.14093923569,5.14882898331,4.65840435028,3.09602379799,9.17772102356,6.41437673569,2.3453040123,2.8598780632,2.69684123993,2.05560612679,1.02784276009,0.326791763306,0.10952681303,0.0558329336345,0.0396124310791,0.0272821895778,0.0192254055291,0.0139085864648,0.00980703905225,0.00654081907123,0.00405962858349,0.00228094286285,0.00110993615817,0.000493401894346,0.000527796451934,0.000329444243107],"median":[0.00628630910069,0.0538244917989,0.218325614929,0.412826001644,0.795368492603,1.31199729443,2.12812924385,3.53710150719,2.55375170708,1.28734493256,0.99362808466,1.20267128944,0.893997013569,0.670290708542,0.825755655766,0.725345671177,0.61768913269,0.377037763596,0.367478430271,0.27338680625,0.244711712003,0.195276424289,0.1439666152,0.0943740084767,0.0683891177177,0.0326544232666,0.0180369224399,0.0120801329613,0.00868846382946,0.00567306252196,0.00365863367915,0.00238988595083,0.00152559159324,0.000898204278201,0.000541672634427,0.000336122699082,0.000195302054635,0.000107559892058,0.00007040608034,0.0000422767370765],"min":[3.6086590289e-21,1.09502880348e-20,7.98579873522e-21,3.44917836446e-20,2.42573661462e-19,1.56352257668e-19,1.87619646049e-19,3.83693310602e-19,1.17102253259e-18,9.61991717052e-19,6.30939508549e-19,3.59653891037e-19,1.23326973484e-18,2.962029342e-18,2.47035256551e-18,2.0194011993e-18,4.86446223961e-18,4.95560017232e-18,1.09554223966e-17,8.46588420393e-18,6.90684892698e-18,6.85984480226e-18,8.14429706129e-18,9.86148265392e-18,2.54545824903e-17,1.07030793702e-17,1.19463889063e-17,1.40537704831e-17,1.12543208022e-17,1.71842024241e-17,1.28563926321e-17,1.43299528548e-17,1.9923990049e-17,1.32878326688e-17,9.20732341009e-18,7.35789810729e-18,3.65405381234e-18,1.36047212187e-18,4.22373594364e-19,4.49275201019e-20],"var":[0.00685363030061,0.0756525397301,2.67758488655,59.5314064026,72.943649292,651.269836426,11027.2958984,12230.4707031,5858.12695312,7299.16699219,7936.54833984,2047.8338623,1306.6472168,636.120422363,804.333129883,275.99230957,151.54095459,91.4502258301,2904.40380859,1355.19641113,51.9967765808,118.483100891,120.432945251,82.5942382812,16.5740337372,1.40111899376,0.109836995602,0.0169422477484,0.00878730136901,0.00496403686702,0.00287019042298,0.00163264712319,0.000849648087751,0.000391512061469,0.000152256921865,0.0000466759302071,0.0000102543108369,0.00000150793709963,0.00000270265582003,0.00000118211391964]},"erbbands_crest":{"dmean":3.24361300468,"dmean2":5.24918699265,"dvar":9.41574764252,"dvar2":22.7430782318,"max":31.3239250183,"mean":11.4768466949,"median":10.5010414124,"min":2.48783135414,"var":29.3716526031},"erbbands_flatness_db":{"dmean":0.0364683493972,"dmean2":0.0574190467596,"dvar":0.000991714186966,"dvar2":0.0024735587649,"max":0.472498983145,"mean":0.212701320648,"median":0.209744870663,"min":0.0385323688388,"var":0.00483905756846},"erbbands_kurtosis":{"dmean":3.28044986725,"dmean2":5.15774726868,"dvar":29.5015239716,"dvar2":69.0157165527,"max":100.743904114,"mean":4.23188114166,"median":1.70124006271,"min":-1.79385375977,"var":61.2007980347},"erbbands_skewness":{"dmean":0.634439706802,"dmean2":0.975779592991,"dvar":0.409246861935,"dvar2":0.96965444088,"max":8.9474029541,"mean":1.11161828041,"median":1.07661318779,"min":-4.32643508911,"var":1.68523204327},"erbbands_spread":{"dmean":6.7851433754,"dmean2":10.6122617722,"dvar":50.9693069458,"dvar2":119.634490967,"max":94.0904846191,"mean":21.8371829987,"median":18.1357345581,"min":0.986723959446,"var":218.168365479},"gfcc":{"cov":[[24410.171875,4579.23291016,-1652.01599121,-1679.26464844,-242.773757935,-1275.3458252,-351.547576904,-158.999542236,-353.342010498,-655.720092773,130.702255249,-276.821594238,98.6902389526],[4579.23291016,2116.65112305,-69.6621170044,-448.668182373,-103.509307861,-319.940704346,22.6074123383,-135.193481445,1.72046244144,-183.565109253,68.0632781982,-19.3191509247,10.1822319031],[-1652.01599121,-69.6621170044,841.712036133,364.967559814,-274.814575195,288.434387207,-91.5671615601,50.5180702209,-46.6379013062,141.203399658,-72.3727264404,98.3169708252,-27.9987163544],[-1679.26464844,-448.668182373,364.967559814,652.288635254,379.13092041,252.955230713,73.5711135864,60.6641349792,23.4806632996,35.4775543213,-57.7247085571,14.4905595779,-8.90111541748],[-242.773757935,-103.509307861,-274.814575195,379.13092041,765.955322266,91.0653991699,173.183364868,10.6041812897,76.3359527588,-121.296974182,-1.82974076271,-86.8703536987,20.8726158142],[-1275.3458252,-319.940704346,288.434387207,252.955230713,91.0653991699,393.502044678,48.8376197815,76.6005783081,-10.1342544556,66.6128234863,-68.0724487305,48.0740318298,-7.4851808548],[-351.547576904,22.6074123383,-91.5671615601,73.5711135864,173.183364868,48.8376197815,178.186035156,25.8219814301,44.4105110168,-27.4389953613,10.8257074356,-8.75392436981,-0.575055778027],[-158.999542236,-135.193481445,50.5180702209,60.6641349792,10.6041812897,76.6005783081,25.8219814301,110.656509399,36.9077377319,36.3597488403,-6.46547651291,4.86121463776,-0.465377599001],[-353.342010498,1.72046244144,-46.6379013062,23.4806632996,76.3359527588,-10.1342544556,44.4105110168,36.9077377319,105.507789612,36.3606452942,17.1071586609,-0.310511112213,2.62206554413],[-655.720092773,-183.565109253,141.203399658,35.4775543213,-121.296974182,66.6128234863,-27.4389953613,36.3597488403,36.3606452942,118.797546387,23.4712753296,38.720615387,-2.30981445312],[130.702255249,68.0632781982,-72.3727264404,-57.7247085571,-1.82974076271,-68.0724487305,10.8257074356,-6.46547651291,17.1071586609,23.4712753296,78.1317825317,26.9641284943,14.5039701462],[-276.821594238,-19.3191509247,98.3169708252,14.4905595779,-86.8703536987,48.0740318298,-8.75392436981,4.86121463776,-0.310511112213,38.720615387,26.9641284943,90.3580245972,37.4916000366],[98.6902389526,10.1822319031,-27.9987163544,-8.90111541748,20.8726158142,-7.4851808548,-0.575055778027,-0.465377599001,2.62206554413,-2.30981445312,14.5039701462,37.4916000366,69.2852096558]],"icov":[[0.000227679294767,-0.000840316235553,0.00149589090142,-0.00106804957613,0.000562312081456,-0.0000477543690067,0.00082107342314,-0.00117021473125,0.0015652643051,-0.000992281245999,0.000671760470141,0.000076188975072,-0.00018329868908],[-0.000840316235553,0.00447969557717,-0.00883817579597,0.00819800794125,-0.00561166089028,0.00268083810806,-0.00429804809391,0.00410296488553,-0.00508590368554,0.00357374711893,-0.000817697262391,-0.00293390871957,0.00206267717294],[0.00149589090142,-0.00883817579597,0.0299532599747,-0.0361394137144,0.035289555788,-0.0235571842641,0.0153408711776,0.000468381243991,-0.0104429805651,0.0211168974638,-0.0267860107124,0.0291521493345,-0.0154843991622],[-0.00106804957613,0.00819800794125,-0.0361394137144,0.0557400994003,-0.0598908439279,0.0416790619493,-0.0206596199423,-0.0109408283606,0.0359691642225,-0.0562415271997,0.0631080716848,-0.0598109662533,0.0310914255679],[0.000562312081456,-0.00561166089028,0.035289555788,-0.0598908439279,0.0722232609987,-0.0532113872468,0.0212492235005,0.018837461248,-0.0546714104712,0.0804875940084,-0.0853257998824,0.0779833048582,-0.040197327733],[-0.0000477543690067,0.00268083810806,-0.0235571842641,0.0416790619493,-0.0532113872468,0.0466511212289,-0.0177358891815,-0.0185141861439,0.0474463440478,-0.0672671273351,0.0728182792664,-0.0629705935717,0.031100505963],[0.00082107342314,-0.00429804809391,0.0153408711776,-0.0206596199423,0.0212492235005,-0.0177358891815,0.0181214511395,0.000837889499962,-0.0145266242325,0.0237342249602,-0.0255366656929,0.0213510785252,-0.0100209154189],[-0.00117021473125,0.00410296488553,0.000468381243991,-0.0109408283606,0.018837461248,-0.0185141861439,0.000837889499962,0.0259833410382,-0.0314173921943,0.0315101258457,-0.0322706587613,0.0266165602952,-0.0130538549274],[0.0015652643051,-0.00508590368554,-0.0104429805651,0.0359691642225,-0.0546714104712,0.0474463440478,-0.0145266242325,-0.0314173921943,0.0804617851973,-0.0926971137524,0.0855857953429,-0.0672547966242,0.0325243659317],[-0.000992281245999,0.00357374711893,0.0211168974638,-0.0562415271997,0.0804875940084,-0.0672671273351,0.0237342249602,0.0315101258457,-0.0926971137524,0.137313961983,-0.126085489988,0.0950302779675,-0.0458521619439],[0.000671760470141,-0.000817697262391,-0.0267860107124,0.0631080716848,-0.0853257998824,0.0728182792664,-0.0255366656929,-0.0322706587613,0.0855857953429,-0.126085489988,0.144276514649,-0.110888414085,0.051948633045],[0.000076188975072,-0.00293390871957,0.0291521493345,-0.0598109662533,0.0779833048582,-0.0629705935717,0.0213510785252,0.0266165602952,-0.0672547966242,0.0950302779675,-0.110888414085,0.113970331848,-0.0582658685744],[-0.00018329868908,0.00206267717294,-0.0154843991622,0.0310914255679,-0.040197327733,0.031100505963,-0.0100209154189,-0.0130538549274,0.0325243659317,-0.0458521619439,0.051948633045,-0.0582658685744,0.0453213490546]],"mean":[-181.856918335,138.783508301,-82.9977264404,-2.16155004501,-30.6043167114,-16.5037784576,-26.4780044556,-9.21872615814,-11.9676094055,-5.20864152908,-3.26570653915,0.0792470872402,-6.88420963287]},"hfc":{"dmean":2.34115743637,"dmean2":3.21260762215,"dvar":24.1492805481,"dvar2":40.7475624084,"max":152.186721802,"mean":6.369099617,"median":1.47483384609,"min":1.2689441611e-16,"var":164.431442261},"melbands":{"dmean":[0.000151963817189,0.000231975573115,0.000261770444922,0.00024886339088,0.000315616518492,0.000435818015831,0.000227217344218,0.000124160869746,0.0000989578256849,0.0000430262989539,0.0000251877536357,0.0000199241421797,0.0000141401715155,0.0000107193918666,0.0000104905775515,0.00000645278714728,0.00000416467992181,0.000010264858247,0.00000957183965511,0.00000311641156259,0.00000210908251574,0.0000020408861019,0.00000220066226575,0.00000127231612623,0.00000119328876735,6.72490557463e-7,2.57783256075e-7,1.18496345181e-7,5.39006919098e-8,3.35057990242e-8,2.60455017553e-8,2.15474731391e-8,1.70689649082e-8,1.40469644805e-8,1.15159197733e-8,9.84584413999e-9,8.54106474435e-9,7.4644557202e-9,6.56576792935e-9,5.8020908078e-9],"dmean2":[0.000247089395998,0.000385485152947,0.000414156005718,0.000368276174413,0.000451846513897,0.000647182750981,0.000326861685608,0.000177044756128,0.000144845849718,0.0000603108055657,0.0000394142844016,0.0000300850169879,0.0000212202376133,0.0000170613784576,0.0000168986680364,0.0000102924759631,0.00000665704874336,0.0000162497581186,0.000015274676116,0.00000505889329361,0.00000344488444171,0.00000322200571645,0.00000344771615346,0.00000192095490092,0.00000184245448054,0.00000104613559415,3.99835414555e-7,1.88241585874e-7,8.50904910976e-8,5.48960485958e-8,4.29000266422e-8,3.56159119974e-8,2.84338756984e-8,2.35271677695e-8,1.9422760289e-8,1.66367950527e-8,1.4430962203e-8,1.2627810797e-8,1.11131965852e-8,9.82225945023e-9],"dvar":[9.63546327171e-8,2.32835077441e-7,3.25154360326e-7,5.68327777728e-7,9.88287865766e-7,0.00000136769699566,3.99875176527e-7,2.89888703264e-7,3.93324398829e-7,2.95970927766e-8,1.3097372964e-8,5.78611469848e-9,3.17969672814e-9,1.50505174989e-9,9.57095847021e-10,3.04966801812e-10,1.6486935428e-10,3.23182480777e-9,3.29983285141e-9,1.85978135669e-10,2.92357596465e-11,4.6080108479e-11,7.9810553999e-11,2.67766381984e-11,3.13629226756e-11,7.50141615491e-12,7.2522001425e-13,1.78641118825e-13,3.0120301869e-14,6.44898021161e-15,3.87181174234e-15,2.60291805911e-15,1.895121023e-15,1.32874841941e-15,9.70623842226e-16,7.4936951904e-16,5.6991055433e-16,4.38838664368e-16,3.40261472893e-16,2.66383868038e-16],"dvar2":[2.56004511812e-7,5.73826923755e-7,6.64824540308e-7,0.00000107509595182,0.00000167147697994,0.00000277565277429,7.29103533104e-7,5.68435098103e-7,8.70904386829e-7,5.3629708674e-8,2.87637753615e-8,1.18300826912e-8,5.73289682393e-9,3.71175468139e-9,2.02529570892e-9,7.40417949174e-10,3.61551177885e-10,7.66476393466e-9,7.86399301234e-9,4.02454736204e-10,6.97454594079e-11,1.08013126221e-10,1.82511963875e-10,6.14726741732e-11,7.50127182592e-11,1.78401113327e-11,1.6632696739e-12,3.88926602512e-13,6.47755368224e-14,1.50138605839e-14,9.48287265769e-15,6.28067434147e-15,4.66108170127e-15,3.2712670768e-15,2.38906638037e-15,1.84936769132e-15,1.41057751959e-15,1.08613690162e-15,8.42412435467e-16,6.59492547073e-16],"max":[0.0101521266624,0.0134434271604,0.0126113807783,0.0218408182263,0.0444277748466,0.0259054061025,0.022590931505,0.0138631900772,0.0239804983139,0.0072703063488,0.00380770582706,0.0031791459769,0.00448028696701,0.00156100932509,0.00110997713637,0.000376785901608,0.000516012776643,0.00256796367466,0.00202962523326,0.000879073981196,0.000116869516205,0.00018071604427,0.00043070470565,0.000168674247107,0.000165372184711,0.0000950814137468,0.0000231103658734,0.0000149658862938,0.00000837016250443,0.0000019412614165,0.00000164971561389,0.00000136232904424,0.00000135408276947,0.0000010431855344,9.55016275839e-7,8.93448770967e-7,7.63890625421e-7,6.80267078224e-7,5.9640069594e-7,5.29483031642e-7],"mean":[0.000252608442679,0.000313523021759,0.000486672186526,0.000406469451264,0.00071100902278,0.000976323790383,0.00049802463036,0.000210962665733,0.000140211472171,0.000075477619248,0.0000379309640266,0.0000265702401521,0.0000215332893276,0.0000135244945341,0.0000128762194436,0.00000845989870868,0.00000498191593579,0.0000133377534439,0.0000147128148456,0.00000396954874304,0.00000243498243435,0.00000275431784758,0.00000316232717523,0.00000186555416803,0.00000169401050698,0.000001017548243,3.89243439258e-7,1.69717935705e-7,7.42692165545e-8,4.02343687256e-8,2.89823383071e-8,2.32676171663e-8,1.7831682797e-8,1.40568090501e-8,1.12988782774e-8,9.45779898842e-9,8.10152389619e-9,6.98813540367e-9,6.07164674093e-9,5.31069099807e-9],"median":[0.000069334062573,0.000114175105409,0.0000811060963315,0.0000836222170619,0.0000775320659159,0.0000803266593721,0.0000361099846486,0.0000109521088234,0.0000083451741375,0.00000705186675987,0.00000362224454875,0.0000023051215976,0.00000256733233073,0.00000203069407689,0.00000161193656822,0.00000103820934783,5.17039552506e-7,5.56489681003e-7,3.96396472979e-7,3.1457653904e-7,2.57346840726e-7,1.88915691979e-7,1.58968006758e-7,9.12321738156e-8,7.23486124343e-8,5.87313628841e-8,3.05444523008e-8,1.78302652643e-8,1.13293312509e-8,8.2571416371e-9,6.35743679922e-9,5.06038499992e-9,3.76344777564e-9,2.79896905653e-9,2.14343964799e-9,1.686262463e-9,1.36482580793e-9,1.09522213521e-9,8.80343908882e-10,7.10299763451e-10],"min":[2.81802414589e-23,7.47541396525e-24,1.2788238334e-23,1.51589815021e-23,6.90658924346e-24,8.9537803224e-24,1.77936775291e-23,8.06821848083e-24,5.02847393347e-24,1.80532001451e-24,6.19484935248e-24,1.12610399091e-23,1.28180769978e-23,2.68434042424e-24,7.90532738137e-24,1.06819568401e-23,9.20148106892e-24,1.56065306926e-23,1.87770068469e-23,1.02446044657e-23,6.91248203442e-24,7.95032716285e-24,4.58952214352e-24,9.02886015905e-24,7.06841064753e-24,1.66261980992e-23,1.52375378488e-23,5.99182968764e-24,8.2042220452e-24,6.49405206649e-24,8.83842834767e-24,5.80471306421e-24,7.8798337635e-24,1.02112640484e-23,7.39624546252e-24,7.40646909985e-24,8.68371063605e-24,1.44861383702e-23,1.05574998328e-23,1.16071778748e-23],"var":[3.21397237713e-7,4.10458625311e-7,0.00000151705739881,0.000001269588779,0.0000079476430983,0.00000615651879343,0.00000156222529313,6.58294766254e-7,6.01432475378e-7,7.16340409213e-8,3.26685629659e-8,1.0901848313e-8,1.34754607473e-8,1.86132853575e-9,1.70443126279e-9,4.58467902531e-10,3.055195541e-10,6.13780937186e-9,9.31788068925e-9,3.81377707193e-10,5.23838680766e-11,1.08989900438e-10,1.78823358898e-10,6.30253488287e-11,6.213547038e-11,1.88338789009e-11,2.01190539922e-12,4.40966192597e-13,6.4886613335e-14,1.01183786081e-14,4.67191948783e-15,3.01232296384e-15,2.01445758912e-15,1.36925639369e-15,9.83153577098e-16,7.43123392208e-16,5.6036983991e-16,4.30138683088e-16,3.32927041072e-16,2.60606679821e-16]},"melbands_crest":{"dmean":3.8245909214,"dmean2":6.19653224945,"dvar":12.7973041534,"dvar2":31.2948818207,"max":36.1063308716,"mean":16.7143173218,"median":15.7246990204,"min":1.72404420376,"var":43.8157272339},"melbands_flatness_db":{"dmean":0.0451078675687,"dmean2":0.0712718591094,"dvar":0.0014999647392,"dvar2":0.00381877133623,"max":0.675582110882,"mean":0.334070295095,"median":0.334993839264,"min":0.00555235473439,"var":0.00775870727375},"melbands_kurtosis":{"dmean":11.4340610504,"dmean2":18.4261684418,"dvar":562.30657959,"dvar2":1339.93835449,"max":644.765014648,"mean":20.0108184814,"median":9.65118122101,"min":-1.75329971313,"var":1300.97509766},"melbands_skewness":{"dmean":0.931893587112,"dmean2":1.45469689369,"dvar":1.0422655344,"dvar2":2.37919068336,"max":18.1187229156,"mean":2.53622150421,"median":2.08061480522,"min":-1.80941462517,"var":4.3938574791},"melbands_spread":{"dmean":3.49704194069,"dmean2":5.56713342667,"dvar":36.5235099792,"dvar2":85.7105255127,"max":159.489898682,"mean":11.7163658142,"median":5.55413007736,"min":0.228337794542,"var":576.025146484},"mfcc":{"cov":[[11223.0673828,2951.58032227,-1856.60644531,-114.943130493,-503.965545654,-716.313659668,-449.009490967,-265.372833252,-448.570953369,-187.887710571,-107.780258179,-205.025970459,-94.8987960815],[2951.58032227,2098.24560547,-125.981117249,-126.143722534,-179.527328491,-250.252853394,-172.588394165,-124.571380615,-169.458267212,-111.061637878,-23.9872093201,-20.7691707611,5.04279136658],[-1856.60644531,-125.981117249,1256.21203613,-28.2294006348,-94.0943222046,134.091751099,-43.3046379089,-56.1841697693,13.4218225479,-29.6805381775,0.78592389822,84.0677871704,20.7207279205],[-114.943130493,-126.143722534,-28.2294006348,393.460266113,274.265258789,101.091377258,95.0877304077,58.2892303467,50.9872512817,42.1708374023,10.7880468369,-20.522480011,-18.0330295563],[-503.965545654,-179.527328491,-94.0943222046,274.265258789,440.599975586,218.263168335,145.473754883,119.341796875,109.537475586,54.3591384888,7.88677930832,-7.76576042175,-15.1994924545],[-716.313659668,-250.252853394,134.091751099,101.091377258,218.263168335,257.372497559,138.366088867,86.4385070801,92.3143234253,26.4416866302,-4.19538450241,14.6468105316,0.9889087677],[-449.009490967,-172.588394165,-43.3046379089,95.0877304077,145.473754883,138.366088867,168.912902832,100.557563782,58.6465606689,30.8983955383,4.7758231163,-5.59920406342,-4.38151359558],[-265.372833252,-124.571380615,-56.1841697693,58.2892303467,119.341796875,86.4385070801,100.557563782,116.983299255,79.5678329468,24.2569293976,6.13721227646,2.75048279762,-1.98504805565],[-448.570953369,-169.458267212,13.4218225479,50.9872512817,109.537475586,92.3143234253,58.6465606689,79.5678329468,123.660316467,54.4935913086,6.28059530258,18.2302951813,3.90488433838],[-187.887710571,-111.061637878,-29.6805381775,42.1708374023,54.3591384888,26.4416866302,30.8983955383,24.2569293976,54.4935913086,78.8239746094,44.4534950256,8.2320728302,-1.75409495831],[-107.780258179,-23.9872093201,0.78592389822,10.7880468369,7.88677930832,-4.19538450241,4.7758231163,6.13721227646,6.28059530258,44.4534950256,74.4314041138,33.7391586304,-1.02141976357],[-205.025970459,-20.7691707611,84.0677871704,-20.522480011,-7.76576042175,14.6468105316,-5.59920406342,2.75048279762,18.2302951813,8.2320728302,33.7391586304,67.6649246216,30.8912601471],[-94.8987960815,5.04279136658,20.7207279205,-18.0330295563,-15.1994924545,0.9889087677,-4.38151359558,-1.98504805565,3.90488433838,-1.75409495831,-1.02141976357,30.8912601471,54.1019630432]],"icov":[[0.000359101424692,-0.000444610777777,0.000628442037851,-0.000614920980297,0.000866387970746,-0.00104288023431,0.00168220198248,-0.00168757128995,0.00211611622944,-0.00200071628205,0.00196122098714,-0.00130073342007,0.00112458481453],[-0.000444610777777,0.0011406095,-0.0007811843534,0.000895790290087,-0.00138538819738,0.00185410876293,-0.00204937416129,0.00232405890711,-0.00257839355618,0.00336673832498,-0.00287501513958,0.00188151234761,-0.00162556162104],[0.000628442037851,-0.0007811843534,0.00231983908452,-0.00164960848633,0.00266262399964,-0.00378421787173,0.00400905637071,-0.00282708439045,0.00393419666216,-0.00365006667562,0.00408004363999,-0.00406087143347,0.00276840059087],[-0.000614920980297,0.000895790290087,-0.00164960848633,0.0063575906679,-0.00580420950428,0.00460930494592,-0.00566142052412,0.00548608647659,-0.00486375857145,0.00442704511806,-0.00500918598846,0.00445808609948,-0.00252881762572],[0.000866387970746,-0.00138538819738,0.00266262399964,-0.00580420950428,0.0107392119244,-0.00947909429669,0.00754804257303,-0.00898183044046,0.00697139510885,-0.00824197567999,0.00676884222776,-0.00478921830654,0.00425848783925],[-0.00104288023431,0.00185410876293,-0.00378421787173,0.00460930494592,-0.00947909429669,0.0194027200341,-0.0171123538166,0.0138713391498,-0.016297576949,0.0146405724809,-0.00953576806933,0.00576594378799,-0.00473236711696],[0.00168220198248,-0.00204937416129,0.00400905637071,-0.00566142052412,0.00754804257303,-0.0171123538166,0.0328010618687,-0.0305583085865,0.0269320830703,-0.0253233164549,0.0190352071077,-0.0107598826289,0.00742599787191],[-0.00168757128995,0.00232405890711,-0.00282708439045,0.00548608647659,-0.00898183044046,0.0138713391498,-0.0305583085865,0.0510178357363,-0.0438486672938,0.0390414223075,-0.0319868065417,0.0203844290227,-0.0114576267079],[0.00211611622944,-0.00257839355618,0.00393419666216,-0.00486375857145,0.00697139510885,-0.016297576949,0.0269320830703,-0.0438486672938,0.0623116157949,-0.05679615587,0.0474290326238,-0.0339682139456,0.0176047571003],[-0.00200071628205,0.00336673832498,-0.00365006667562,0.00442704511806,-0.00824197567999,0.0146405724809,-0.0253233164549,0.0390414223075,-0.05679615587,0.0770931765437,-0.0617401711643,0.039459977299,-0.0212488695979],[0.00196122098714,-0.00287501513958,0.00408004363999,-0.00500918598846,0.00676884222776,-0.00953576806933,0.0190352071077,-0.0319868065417,0.0474290326238,-0.0617401711643,0.0716886743903,-0.0490968562663,0.0268816314638],[-0.00130073342007,0.00188151234761,-0.00406087143347,0.00445808609948,-0.00478921830654,0.00576594378799,-0.0107598826289,0.0203844290227,-0.0339682139456,0.039459977299,-0.0490968562663,0.0572131127119,-0.0308536011726],[0.00112458481453,-0.00162556162104,0.00276840059087,-0.00252881762572,0.00425848783925,-0.00473236711696,0.00742599787191,-0.0114576267079,0.0176047571003,-0.0212488695979,0.0268816314638,-0.0308536011726,0.0363332554698]],"mean":[-829.551025391,186.763427734,7.88485336304,20.0701713562,10.891617775,-2.85369825363,-2.608045578,-2.12211370468,-6.98598098755,-4.40922927856,-0.809728622437,-0.643763184547,1.6395097971]},"pitch_salience":{"dmean":0.0932405218482,"dmean2":0.152224168181,"dvar":0.00723757082596,"dvar2":0.0179067514837,"max":0.965740323067,"mean":0.568324923515,"median":0.584754705429,"min":0.0606648512185,"var":0.0231249332428},"silence_rate_20dB":{"dmean":0,"dmean2":0,"dvar":0,"dvar2":0,"max":1,"mean":1,"median":1,"min":1,"var":0},"silence_rate_30dB":{"dmean":0.00431581633165,"dmean2":0.00863272789866,"dvar":0.00429753493518,"dvar2":0.0093210497871,"max":1,"mean":0.987942636013,"median":1,"min":0,"var":0.0119116446003},"silence_rate_60dB":{"dmean":0.11474993825,"dmean2":0.229529008269,"dvar":0.101584136486,"dvar2":0.191834703088,"max":1,"mean":0.400050759315,"median":0,"min":0,"var":0.240014374256},"spectral_centroid":{"dmean":134.533737183,"dmean2":212.338027954,"dvar":45696.421875,"dvar2":93008.53125,"max":10968.3808594,"mean":658.58416748,"median":448.556060791,"min":147.972061157,"var":438829.1875},"spectral_complexity":{"dmean":2.21756792068,"dmean2":3.38682246208,"dvar":7.77073049545,"dvar2":16.1923122406,"max":38,"mean":6.5522274971,"median":5,"min":0,"var":33.3839607239},"spectral_contrast_coeffs":{"dmean":[0.0549581199884,0.0534939728677,0.0347420908511,0.0311781223863,0.0346226617694,0.0258185770363],"dmean2":[0.0880090966821,0.0844347327948,0.0567960031331,0.0505418628454,0.0550673566759,0.0438505671918],"dvar":[0.002159422962,0.00195004395209,0.000843598274514,0.000711577595212,0.000933013914619,0.000767679244746],"dvar2":[0.00507655972615,0.00483593158424,0.00207790196873,0.00176130246837,0.00220286753029,0.00199747830629],"max":[-0.253864973783,-0.317027837038,-0.509620904922,-0.573326587677,-0.60142159462,-0.61828571558],"mean":[-0.670793771744,-0.734809279442,-0.830582439899,-0.843367934227,-0.841618716717,-0.832664787769],"median":[-0.685013651848,-0.742410182953,-0.838168561459,-0.852451860905,-0.849459528923,-0.84228348732],"min":[-0.97086763382,-0.986885428429,-0.976651847363,-0.977948725224,-0.965192019939,-0.960444867611],"var":[0.0136031918228,0.010990800336,0.00408103689551,0.00354493758641,0.00386408041231,0.00128244177904]},"spectral_contrast_valleys":{"dmean":[0.495659649372,0.512923836708,0.533912479877,0.606202363968,0.534613907337,0.766629576683],"dmean2":[0.766972661018,0.770220637321,0.811535418034,0.910240232944,0.829001307487,1.2563996315],"dvar":[0.190583914518,0.225865915418,0.280977874994,0.35951974988,0.260871618986,0.456270247698],"dvar2":[0.417526453733,0.453519493341,0.593717992306,0.79922491312,0.601857066154,1.16149890423],"max":[-5.8001666069,-4.38449287415,-5.31677436829,-5.50863313675,-6.59270334244,-9.00496864319],"mean":[-8.26207637787,-7.61856746674,-8.48497486115,-9.0472574234,-9.56630325317,-12.4751472473],"median":[-7.96618413925,-7.36168193817,-8.22695064545,-8.90138816833,-9.47148036957,-12.4489517212],"min":[-27.0800800323,-27.3957881927,-27.1377105713,-27.3954944611,-27.3215007782,-27.1791553497],"var":[2.89740180969,3.33105921745,3.1408560276,2.40144252777,2.01724886894,1.7208507061]},"spectral_decrease":{"dmean":1.29417743189e-9,"dmean2":1.80466253052e-9,"dvar":5.67354993062e-18,"dvar2":9.57915846623e-18,"max":9.1729896244e-18,"mean":-3.66391161855e-9,"median":-1.26127763789e-9,"min":-7.06078182588e-8,"var":3.95698191104e-17},"spectral_energy":{"dmean":0.00507575366646,"dmean2":0.00706652970985,"dvar":0.0000879025392351,"dvar2":0.000148141058162,"max":0.277843624353,"mean":0.0144061287865,"median":0.00491028791294,"min":1.09764314658e-20,"var":0.000616656849161},"spectral_energyband_high":{"dmean":0.0000101082723631,"dmean2":0.0000156293572218,"dvar":5.54457701973e-10,"dvar2":1.16651488469e-9,"max":0.000713383196853,"mean":0.000015612147763,"median":0.00000263536480816,"min":8.16317323885e-21,"var":1.73629333133e-9},"spectral_energyband_low":{"dmean":0.00131142267492,"dmean2":0.00209636916406,"dvar":0.00000532756985194,"dvar2":0.000012531532775,"max":0.049695186317,"mean":0.00239449413493,"median":0.000899607723113,"min":1.0872224884e-22,"var":0.0000160476974997},"spectral_energyband_middle_high":{"dmean":0.000555196660571,"dmean2":0.000814304687083,"dvar":0.00000218247669181,"dvar2":0.00000428361045124,"max":0.0515143498778,"mean":0.000995472888462,"median":0.000151689804625,"min":1.56367407836e-21,"var":0.00000854635345604},"spectral_energyband_middle_low":{"dmean":0.00415327167138,"dmean2":0.00572220701724,"dvar":0.0000800315392553,"dvar2":0.000134194182465,"max":0.269569724798,"mean":0.0115742301568,"median":0.00223469734192,"min":2.71851868281e-22,"var":0.000530491641257},"spectral_entropy":{"dmean":0.35078945756,"dmean2":0.552753567696,"dvar":0.105006448925,"dvar2":0.257879823446,"max":9.80763339996,"mean":6.74819517136,"median":6.81925296783,"min":4.00704193115,"var":0.500346243382},"spectral_flux":{"dmean":0.0188900567591,"dmean2":0.0292001292109,"dvar":0.000569021969568,"dvar2":0.00127366126981,"max":0.350650161505,"mean":0.0479018725455,"median":0.0374864339828,"min":1.04768464737e-10,"var":0.00157428102102},"spectral_kurtosis":{"dmean":9.20120429993,"dmean2":15.3367576599,"dvar":169.903884888,"dvar2":470.557312012,"max":178.28036499,"mean":21.369562149,"median":17.0396671295,"min":-1.18605434895,"var":277.761322021},"spectral_rms":{"dmean":0.000645253632683,"dmean2":0.000883248110767,"dvar":6.67382948905e-7,"dvar2":0.00000109098664325,"max":0.0164641123265,"mean":0.00288923224434,"median":0.00218872679397,"min":3.27241705955e-12,"var":0.0000057070328694},"spectral_rolloff":{"dmean":163.346389771,"dmean2":272.24609375,"dvar":139743.84375,"dvar2":269088.59375,"max":20047.4121094,"mean":1017.70483398,"median":409.130859375,"min":21.533203125,"var":9252640},"spectral_skewness":{"dmean":0.640481114388,"dmean2":1.05228936672,"dvar":0.574314892292,"dvar2":1.56684732437,"max":10.9036636353,"mean":3.20596027374,"median":2.89690685272,"min":0.0282776001841,"var":1.50710749626},"spectral_spread":{"dmean":736320.625,"dmean2":1213595.875,"dvar":562958893056,"dvar2":1282991849470,"max":40772912,"mean":2932569,"median":2611052.5,"min":517658.96875,"var":2184880324610},"spectral_strongpeak":{"dmean":0.260762155056,"dmean2":0.406358987093,"dvar":0.193282783031,"dvar2":0.405148357153,"max":8.37767696381,"mean":0.612076938152,"median":0.229967102408,"min":0,"var":0.831941306591},"zerocrossingrate":{"dmean":0.00473771663383,"dmean2":0.00622783321887,"dvar":0.0000555254191568,"dvar2":0.0000882882231963,"max":0.521484375,"mean":0.0364518463612,"median":0.02099609375,"min":0,"var":0.00630085077137}},"metadata":{"audio_properties":{"analysis_sample_rate":44100,"bit_rate":192000,"codec":"mp3","downmix":"mix","equal_loudness":0,"length":182.909393311,"lossless":false,"md5_encoded":"aff6a8adbd18aeefb37cc9cb01f29484","replay_gain":-6.18902587891,"sample_rate":44100},"tags":{"acoustid_fingerprint":["AQADtGKyJEkdYRSjWHjQD-k-QThl4fGFeciL7_CL_PghqstRPh10Hz_8Hufxox1zND_xox0DLd9xopG4HNqD60dbpWie_Xg_3IHPVFC5r8ilDH52nMd92GEaHLWyoAmV4YwQS8qgv0N5OBd-PA80ymiFGb5i5OjxJjt-ZJfwD8VxEdkJVzr-4RncEf8An5qObueCT3iiFcmPXD96XWiqK8GaOMZlReiPHw-OM0WYKCOHh8cz3Xj1ED-QozucIz96qHlwC8eVBA9-6PiTQBdRHY0eC89w5vjRNjlS7keX0kGPN-vgRKOH83gWw7GOylkOxGIZyFr0ILzQfNlwEs2YBT3OGKmaCPrRNRKJVCnxHc3-4KHRxDsqZwGeLWEQi9nRW2ge4iLxjCnu7NA-Z3C-o8wZqCqhG30UFlpyXCTRaaEF8T3ejPBOvFmO70L6RBlKiR8qpfJwRYmD60ZzZniSGfUT-DeeEt961AoZYs9E8BF-RGeD5D36o2EiTsIkPjGoPcO0JjL6B01YHV8SPNFTvENy5ciF83CURU_xpBeSszPyjIH_oEezC-0Z4snywFFnRPtx4i_Iw4GP8OLxHkcfpE5Y_IeI0MO549_Qo8lGvMmRH36gOhG-4EYb4d5B_HCM79CPH70dIfzg4xfiH6cOfQd1ZNcOl2hHrGEIVEdaHX04AboQo2N24etTPKibD4-M8vXQSD9xHT_2HOeL8FCVkrh6nMFzXLgOvRSMF_8B8UOPHoFv3EgPCObRH69yNEefQz-K4_hh6Al0H0d-4PAEXEzxC3HyB3quCk24B2p6fAzS5yF-HFeqC2X-CNSPvcfz6KisC3-QPxN0Qg-RD3hyHM5xHz8iZVpVXDWkxJQk4gJpND8mLT_61HB3aEcPv0IoKrji42_Qs0OY6An0BbsqIqtUDEf9wz9O-AgTHg-PQ46UUQj1CEYf4TuBUjqa0ziaX-iX42i-1Ojxcwgf5tDy40d-ow_hojmD5JmR48f0JDKY4zqSb0ccPZVxbWiOnjhxZRf6gdKPysX54USWG-JxiSFFmOPxiDNywj--4_CzFB8TI9H-IhfKHOVDTKl0xFmOZBeaWNhTKQHzJEqxO0Kb5EDlVDma48fT4LgP58eR4zm0TDrRB9MrHNdRKiK-QzXhB5cOWkxC5C-eHf3hSghEXFGOD2kPPLmQ56ghM8ecHOeDMEcffMEV4YqOkId_oeeD67hqPDqa56iO4_ygLuHx0UEjtH2Rj8d-1LZhZju6zBXO7SJ6E9uDijpWHqGoFEmU42GK69Fw9fiy5ujhDb023Jlw5ULiHLFzxWgcZkIk0XjzBNJlGdGi8sGNKUtYhM6z4IdlRsT_QPyhC3lk8AJnWM6xKx8e6kTKyIR-hHyCZuHxo6mDPsONJ_geROaPZC_KOThX4ceTzqgeOKwzdM0yXBtKpA8Px8cxcoQFPbCEKwL84sGhZpoMbNxxZUd_9PCLBzdeEsJDETlx7Due7PjxLEd_9B2CZPlx5jiP28X2KAavUNilBA59XNLxJ0We9IEe5EPzo12OJ3rwhkT6I3lyjHrQJMmNWg_45LjyoieYB_kjKM9-nEdfDU2c4z2u43rQRjVCHkcpNNQRS72w_gn-QzuoSTpa5UpwLsdPCsyRBl2z_JjJBw-PTyuK5nhy_Ay6Ix0JZUd-cBPei9jO49HR5D