{"lowlevel":{"average_loudness":0.605576992035,"barkbands":{"dmean":[0.0000730645479052,0.00286627234891,0.00181638041977,0.00157149357256,0.00176964374259,0.000790052989032,0.000607692520134,0.000478151981952,0.000387718464481,0.00030852254713,0.000202672483283,0.000275791244349,0.00037213973701,0.000367262284271,0.000263521360466,0.000103637015854,0.000147688842844,0.000142099248478,0.0000971849585767,0.000130934146,0.00010470901907,0.0000925659041968,0.0000992986460915,0.0000954024508246,0.0000470810955449,0.00000925933818507,3.75679292119e-7],"dmean2":[0.0000953441558522,0.00457477895543,0.00308414781466,0.00263622915372,0.0029155514203,0.00129691616166,0.000936955621,0.000720023177564,0.000587297487073,0.000468635233119,0.000303650595015,0.000429991370765,0.000596762110945,0.000588953960687,0.000420794967795,0.000162163953064,0.000230339239351,0.000219757625018,0.000149780331412,0.000201040413231,0.00015866443573,0.000133515088237,0.000143703728099,0.000135955502628,0.0000656711272313,0.0000130545950014,5.49168305497e-7],"dvar":[7.86774521089e-8,0.000153086351929,0.000026874091418,0.0000114267395475,0.0000141406344483,0.00000482684072267,0.00000300977944789,0.00000233224636759,8.397562965e-7,4.22722223448e-7,1.64331169117e-7,3.62087746453e-7,6.12849021309e-7,4.35314603919e-7,3.69240240161e-7,8.05146882499e-8,3.29808784727e-7,1.83557489208e-7,9.44454257024e-8,2.22991985765e-7,1.92109254726e-7,1.18284624762e-7,3.18917074082e-7,4.95079177654e-7,6.49984386314e-8,1.32080679727e-9,2.45027175633e-12],"dvar2":[1.43872981084e-7,0.000357888086,0.0000720046955394,0.0000308730523102,0.0000383895239793,0.0000128006031446,0.00000673102931614,0.00000461691797682,0.00000171536555627,9.19783360587e-7,3.89078792296e-7,8.73196142948e-7,0.00000154302972533,0.00000108632275442,8.63350237523e-7,1.75191786411e-7,7.52956168526e-7,4.57150150623e-7,2.20556870545e-7,5.14328746704e-7,4.6437810397e-7,2.34456877024e-7,6.74976092796e-7,0.00000102754961517,1.24875114693e-7,2.80565881638e-9,5.51966502019e-12],"max":[0.00655523920432,0.202451378107,0.0921247452497,0.051857445389,0.0633597373962,0.0443069301546,0.0632698982954,0.0872072130442,0.0239105150104,0.0177590604872,0.0122395120561,0.0189682412893,0.0194289833307,0.0226799976081,0.022367104888,0.00927920546383,0.0295711830258,0.0165146347135,0.0127777103335,0.0142610063776,0.0154982777312,0.01162791159,0.0263512395322,0.0362693853676,0.0125245247036,0.00148291827645,0.000049090864195],"mean":[0.000103041558759,0.00349267804995,0.00217367825098,0.00212834961712,0.00297852372751,0.00124531425536,0.00111898675095,0.00109761906788,0.000849250762258,0.000782744609751,0.000452100823168,0.000621959101409,0.000930355512537,0.000849674921483,0.000611035851762,0.000200036607566,0.000251785037108,0.000252665020525,0.000179622569703,0.000215829626541,0.000159105940838,0.000147555547301,0.000144126592204,0.000143048237078,0.000069822963269,0.0000137473762152,4.85428358843e-7],"median":[0.00000999981239147,0.000529945013113,0.00062523613451,0.000897220743354,0.00147108698729,0.000448673847131,0.000439041526988,0.000431668478996,0.000275328784483,0.000392711634049,0.00022844292107,0.000338994694175,0.000373286486138,0.000446540652774,0.00030571987736,0.000076582073234,0.0000632807350485,0.0000542537891306,0.0000369319022866,0.0000341352933901,0.0000199755413632,0.0000164274697454,0.0000116280498332,0.00000811388417787,0.00000366018662135,6.03235605467e-7,3.95899810712e-8],"min":[1.03266034013e-24,9.00767687716e-24,2.72113664395e-24,1.4206711413e-24,1.00953922143e-23,1.11197391438e-23,1.91898714012e-23,1.70531769528e-23,2.59520123243e-23,1.81394478856e-23,1.88346236697e-23,3.48960510034e-23,4.0851632138e-23,5.30054322444e-23,5.60564685468e-23,1.07251660651e-22,6.18832286956e-23,1.32244440203e-22,1.43291597832e-22,2.26020614788e-22,2.53417438482e-22,3.63658389715e-22,4.11801624127e-22,6.3045854422e-22,1.00102536122e-21,1.47386692174e-21,2.14825247234e-21],"var":[1.41217270766e-7,0.000170604893356,0.0000250680132012,0.0000133302637551,0.0000183443080459,0.00000632874161965,0.00000686429120833,0.0000115665106932,0.0000035393577491,0.00000165397273122,5.1541172752e-7,0.00000105714821075,0.00000200461909117,0.00000135542063617,0.00000105663400518,1.95734003228e-7,5.66797154988e-7,3.56331014473e-7,2.84105055925e-7,5.1785099231e-7,3.32035824613e-7,2.55154304796e-7,5.29668682248e-7,9.84653411251e-7,1.27445574094e-7,2.37416242221e-9,3.37271421728e-12]},"barkbands_crest":{"dmean":2.27242803574,"dmean2":3.70172452927,"dvar":5.24716615677,"dvar2":13.4836702347,"max":25.7669429779,"mean":9.19039440155,"median":8.06798744202,"min":2.31846761703,"var":20.1929512024},"barkbands_flatness_db":{"dmean":0.0200308542699,"dmean2":0.030284659937,"dvar":0.000456189969555,"dvar2":0.00100992666557,"max":0.408473521471,"mean":0.141819313169,"median":0.138307824731,"min":0.0307592246681,"var":0.00258977198973},"barkbands_kurtosis":{"dmean":3.05810022354,"dmean2":4.9001083374,"dvar":40.6619148254,"dvar2":104.880386353,"max":135.159545898,"mean":4.85957384109,"median":0.82172870636,"min":-1.9499489069,"var":108.796630859},"barkbands_skewness":{"dmean":0.536457419395,"dmean2":0.818907856941,"dvar":0.409344911575,"dvar2":0.942304730415,"max":9.97479915619,"mean":1.45871806145,"median":1.11280250549,"min":-4.71664905548,"var":2.09644198418},"barkbands_spread":{"dmean":4.8456454277,"dmean2":7.4932179451,"dvar":52.1182556152,"dvar2":115.955528259,"max":110.156135559,"mean":19.2803840637,"median":17.5447807312,"min":0.986926674843,"var":143.562011719},"dissonance":{"dmean":0.0154682723805,"dmean2":0.0254008248448,"dvar":0.000250786310062,"dvar2":0.000626298366114,"max":0.500000178814,"mean":0.464184165001,"median":0.471546918154,"min":0.257310926914,"var":0.000801769201644},"dynamic_complexity":6.55020523071,"erbbands":{"dmean":[0.0650054514408,0.725652515888,1.96077263355,3.54388070107,6.72868061066,5.39241886139,4.22978067398,7.4008898735,9.72693157196,7.26827716827,11.3727674484,9.50977230072,8.00606536865,9.4435300827,7.13848733902,12.0431261063,17.4833488464,18.9428119659,13.2792863846,11.0638389587,5.78309726715,7.08852672577,7.29145050049,5.96619129181,5.53046798706,6.19409704208,3.68242573738,4.81240272522,3.21971893311,3.25348877907,2.7308318615,2.28674173355,1.47425615788,0.72824972868,0.24422493577,0.0653799176216,0.0123285800219,0.00103048537858,0.0000738326780265,0.0000119281030493],"dmean2":[0.098471686244,1.17359447479,3.25982785225,5.93678855896,11.1130008698,8.95569038391,6.9182062149,12.2746772766,14.9935131073,11.1419944763,17.1750907898,14.2904024124,11.9113483429,14.5092048645,10.6872091293,18.9862709045,27.6848602295,29.9553127289,21.8740081787,17.5337371826,8.84961891174,10.9083547592,11.0634117126,9.30681419373,8.41254615784,9.51110076904,5.43534660339,7.28710079193,4.63899087906,4.74390554428,4.01325178146,3.33595228195,2.12634325027,1.03546738625,0.338181853294,0.0910798534751,0.0171764940023,0.00144594046287,0.000102748344943,0.0000161617026606],"dvar":[0.0678061172366,10.1944761276,35.6361122131,68.5750579834,174.579147339,169.686904907,183.750030518,444.306335449,725.986572266,347.718078613,1505.21862793,524.071716309,419.952728271,397.43572998,148.878738403,811.427307129,1349.93371582,1092.10083008,743.097412109,930.792480469,376.240997314,545.370849609,592.916137695,359.159759521,345.685424805,607.024719238,186.314483643,482.896392822,149.282119751,182.598373413,264.800048828,319.712432861,173.604248047,18.6371326447,1.5654873848,0.0752899050713,0.00166699045803,0.0000125530659716,7.52187077069e-8,8.60465421137e-10],"dvar2":[0.15119497478,23.9748954773,88.3104019165,182.605056763,471.121154785,460.338470459,490.27633667,1194.42431641,1585.94250488,825.137756348,2824.29174805,1052.74462891,878.009277344,942.338928223,351.169708252,1960.12805176,3374.50830078,2651.19360352,1868.74938965,2107.59082031,780.753234863,1233.01965332,1404.44750977,961.666381836,804.301696777,1408.58728027,410.591156006,1211.00085449,308.532043457,376.368743896,552.63482666,667.267456055,412.301055908,38.4719543457,2.95742869377,0.152190282941,0.00328242382966,0.0000259237294813,1.57108146936e-7,1.57751611773e-9],"max":[5.0559926033,54.7729492188,112.747322083,135.756057739,175.459793091,220.219223022,264.606231689,422.98034668,1028.94641113,655.450073242,2098.45678711,715.560302734,783.64251709,675.228271484,277.525939941,904.49798584,912.824829102,758.041992188,828.441955566,1364.22583008,1035.5189209,760.670288086,1164.65454102,456.859069824,800.78302002,830.665466309,440.24230957,734.506652832,406.217712402,465.179779053,838.056091309,1049.59973145,853.75982666,178.626266479,65.5678939819,11.0746479034,1.27527797222,0.112218216062,0.00769385416061,0.000752457301132],"mean":[0.0856218189001,0.83620595932,2.45907974243,5.02531719208,10.6320095062,8.76317214966,6.20590877533,11.3033094406,17.5797138214,15.8176660538,26.5791225433,21.5529155731,20.050863266,24.515542984,19.0716381073,28.5976200104,46.7883758545,46.8946533203,31.4979610443,26.5219554901,12.3947257996,13.2040481567,13.05722332,11.1601581573,10.0745668411,10.5119991302,5.70355081558,7.19824647903,5.0827665329,4.98887491226,4.07549333572,3.39480257034,2.1235845089,1.04777002335,0.36458170414,0.0980524495244,0.0185588337481,0.00149270903785,0.000110167718958,0.0000320039071084],"median":[0.00674838013947,0.146786808968,0.731791436672,2.34326839447,4.92496109009,4.02888965607,2.39891982079,4.07618141174,6.50480175018,7.45663452148,11.0963697433,7.37325668335,9.14241695404,12.445350647,12.2058992386,15.9607954025,20.5427093506,26.5169200897,19.1367301941,10.9027175903,4.91929483414,3.62794423103,3.23871135712,2.22562122345,1.90413045883,1.61772429943,0.901501119137,0.782378911972,0.604656398296,0.418923258781,0.333484947681,0.194478437304,0.115758940578,0.054266769439,0.0176595114172,0.00439654011279,0.000818883127067,0.0000784184885561,0.0000165573346749,0.0000188722351595],"min":[2.15378994773e-22,1.47966970683e-21,3.74643104902e-21,7.0699369293e-21,3.68955640423e-20,5.32385526831e-20,1.03505420241e-19,9.79209946792e-20,2.16307458764e-19,2.76766464552e-19,5.06960902858e-19,4.81399005677e-19,6.19689852218e-19,7.67075911486e-19,1.34796535781e-18,1.56284041117e-18,2.14425563417e-18,2.76739953413e-18,3.59306330424e-18,3.03241765584e-18,5.06473466002e-18,4.16268965254e-18,6.41661661463e-18,7.89748539165e-18,8.88166819319e-18,1.15713336361e-17,1.0401416527e-17,1.05907680953e-17,1.34064917276e-17,1.3577977022e-17,1.26882350853e-17,1.28060107153e-17,1.059813083e-17,9.43328268366e-18,7.30994810154e-18,4.69756035305e-18,2.75401906054e-18,1.04603916095e-18,2.77895023251e-19,2.69505880263e-20],"var":[0.099397957325,10.2854223251,36.3851165771,74.2005157471,245.800979614,212.132202148,191.984603882,542.363098145,1697.45373535,759.149719238,7829.32275391,2173.44726562,1762.93713379,1464.30786133,560.792724609,2408.88989258,4715.45068359,3615.0144043,1975.89172363,2711.55761719,928.041809082,1231.56164551,1005.34790039,970.26373291,964.985534668,1479.2220459,303.040863037,855.727416992,302.423217773,358.512420654,464.952697754,649.272583008,224.869934082,32.6307868958,3.06152701378,0.14524127543,0.00350528187118,0.0000232979746215,1.27154265783e-7,2.25580398805e-9]},"erbbands_crest":{"dmean":2.2323038578,"dmean2":3.50116848946,"dvar":4.84383964539,"dvar2":11.2987279892,"max":28.2137565613,"mean":9.3463602066,"median":8.36430835724,"min":2.60140419006,"var":17.0249767303},"erbbands_flatness_db":{"dmean":0.0175465457141,"dmean2":0.0237195529044,"dvar":0.000328457274009,"dvar2":0.000560521672014,"max":0.362425357103,"mean":0.174952656031,"median":0.174964979291,"min":0.03127354756,"var":0.00202370481566},"erbbands_kurtosis":{"dmean":0.984061002731,"dmean2":1.54722166061,"dvar":2.95358181,"dvar2":6.83066320419,"max":47.0031166077,"mean":0.8898832798,"median":0.294384002686,"min":-1.82821667194,"var":6.53062009811},"erbbands_skewness":{"dmean":0.357363760471,"dmean2":0.543765246868,"dvar":0.158318296075,"dvar2":0.354646354914,"max":5.07071113586,"mean":0.194990769029,"median":0.100955881178,"min":-5.14972114563,"var":0.775683939457},"erbbands_spread":{"dmean":7.22165060043,"dmean2":10.8302879333,"dvar":90.6386032104,"dvar2":215.284317017,"max":149.559967041,"mean":32.499004364,"median":27.8693695068,"min":2.26955461502,"var":303.805206299},"gfcc":{"cov":[[24569.1054688,263.732788086,-2964.41455078,418.646606445,-703.90020752,1582.3548584,246.762649536,566.12677002,-474.316192627,290.058044434,163.622253418,-135.41746521,-98.3481140137],[263.732788086,1375.9675293,-406.680969238,-339.872589111,280.724029541,-119.082397461,143.918319702,-138.738937378,66.7595977783,-93.1322021484,108.82333374,-129.763061523,35.4145431519],[-2964.41455078,-406.680969238,943.106018066,142.82208252,31.8675327301,-106.748428345,-89.6905288696,-2.19309353828,33.344707489,46.1111450195,-65.8092880249,76.8003387451,-5.13915348053],[418.646606445,-339.872589111,142.82208252,457.591949463,-61.6484603882,-30.2190303802,-66.5810241699,-1.69758868217,-20.6450843811,-13.8360586166,-5.61979436874,16.7668800354,3.82207942009],[-703.90020752,280.724029541,31.8675327301,-61.6484603882,309.069519043,16.4741802216,75.0144500732,-6.91043376923,34.813419342,12.8491888046,27.4137935638,17.2988090515,19.2833595276],[1582.3548584,-119.082397461,-106.748428345,-30.2190303802,16.4741802216,389.920074463,141.823196411,99.2018280029,-13.5893554688,92.1323242188,17.4214267731,23.986869812,-11.1089954376],[246.762649536,143.918319702,-89.6905288696,-66.5810241699,75.0144500732,141.823196411,223.769683838,58.7478790283,8.03705692291,27.0548095703,34.1085510254,2.77029371262,-1.51975083351],[566.12677002,-138.738937378,-2.19309353828,-1.69758868217,-6.91043376923,99.2018280029,58.7478790283,155.652832031,17.6150989532,51.0518074036,-5.4377207756,28.3164653778,0.153463706374],[-474.316192627,66.7595977783,33.344707489,-20.6450843811,34.813419342,-13.5893554688,8.03705692291,17.6150989532,110.446166992,28.7468547821,15.6858816147,4.42056083679,16.049955368],[290.058044434,-93.1322021484,46.1111450195,-13.8360586166,12.8491888046,92.1323242188,27.0548095703,51.0518074036,28.7468547821,119.926483154,26.0322666168,30.8455638885,-0.478553324938],[163.622253418,108.82333374,-65.8092880249,-5.61979436874,27.4137935638,17.4214267731,34.1085510254,-5.4377207756,15.6858816147,26.0322666168,90.2600479126,14.5777540207,8.76749706268],[-135.41746521,-129.763061523,76.8003387451,16.7668800354,17.2988090515,23.986869812,2.77029371262,28.3164653778,4.42056083679,30.8455638885,14.5777540207,90.7428588867,22.8253574371],[-98.3481140137,35.4145431519,-5.13915348053,3.82207942009,19.2833595276,-11.1089954376,-1.51975083351,0.153463706374,16.049955368,-0.478553324938,8.76749706268,22.8253574371,60.0364875793]],"icov":[[0.00025741517311,-0.000603204302024,0.000676245545037,-0.000718521012459,0.000648160814308,-0.000940372585319,0.000773365376517,-0.000888023700099,0.00100570777431,-0.000788927776739,0.000443229626399,-0.000483248848468,0.000364637729945],[-0.000603204302024,0.00372126000002,-0.0011453529587,0.00283782416955,-0.00305011123419,0.00286167883314,-0.00279138400219,0.00317676621489,-0.00309548038058,0.00290767173283,-0.00316301849671,0.00402111792937,-0.00224770186469],[0.000676245545037,-0.0011453529587,0.00337018119171,-0.00211854861118,0.00111747311894,-0.00178610999137,0.00189228809904,-0.00177791609894,0.00205260515213,-0.00291615305468,0.00235784938559,-0.00219528446905,0.00148810923565],[-0.000718521012459,0.00283782416955,-0.00211854861118,0.00508057465777,-0.00217917538248,0.00274253566749,-0.00196965713985,0.00266148312949,-0.00272718630731,0.00338213471696,-0.00305674946867,0.00274962140247,-0.00204801838845],[0.000648160814308,-0.00305011123419,0.00111747311894,-0.00217917538248,0.00659382622689,-0.00271141598932,0.00109393242747,-0.00213406025432,0.00211401283741,-0.00258310930803,0.00202898285352,-0.00365151418373,0.00101513869595],[-0.000940372585319,0.00286167883314,-0.00178610999137,0.00274253566749,-0.00271141598932,0.00823558401316,-0.00544012757018,0.0025580341462,-0.00258372258395,-0.000052590672567,-0.00118035858031,0.00204155221581,-0.00121897587087],[0.000773365376517,-0.00279138400219,0.00189228809904,-0.00196965713985,0.00109393242747,-0.00544012757018,0.0101764192805,-0.00529800541699,0.0033282621298,-0.00125743728131,-0.000358735531336,-0.00165728863794,0.00189668661915],[-0.000888023700099,0.00317676621489,-0.00177791609894,0.00266148312949,-0.00213406025432,0.0025580341462,-0.00529800541699,0.0131417363882,-0.00544753205031,0.00057551660575,0.000454472203273,0.000372502981918,-0.00140626134817],[0.00100570777431,-0.00309548038058,0.00205260515213,-0.00272718630731,0.00211401283741,-0.00258372258395,0.0033282621298,-0.00544753205031,0.0155000537634,-0.00634696986526,0.000881257059518,-0.000694139918778,-0.0012952456018],[-0.000788927776739,0.00290767173283,-0.00291615305468,0.00338213471696,-0.00258310930803,-0.000052590672567,-0.00125743728131,0.00057551660575,-0.00634696986526,0.0171300619841,-0.00663344934583,0.000786938879173,-0.000182996620424],[0.000443229626399,-0.00316301849671,0.00235784938559,-0.00305674946867,0.00202898285352,-0.00118035858031,-0.000358735531336,0.000454472203273,0.000881257059518,-0.00663344934583,0.0180558357388,-0.00661374442279,0.00169718463439],[-0.000483248848468,0.00402111792937,-0.00219528446905,0.00274962140247,-0.00365151418373,0.00204155221581,-0.00165728863794,0.000372502981918,-0.000694139918778,0.000786938879173,-0.00661374442279,0.0204954165965,-0.00865337625146],[0.000364637729945,-0.00224770186469,0.00148810923565,-0.00204801838845,0.00101513869595,-0.00121897587087,0.00189668661915,-0.00140626134817,-0.0012952456018,-0.000182996620424,0.00169718463439,-0.00865337625146,0.0217244047672]],"mean":[-69.1808700562,109.369766235,-123.074226379,26.7007980347,-56.8372535706,16.2380867004,-42.7830543518,-3.4447453022,-22.4984264374,-0.921942174435,-15.7024068832,-11.6953029633,-14.0342769623]},"hfc":{"dmean":5.21337747574,"dmean2":7.02042913437,"dvar":221.151748657,"dvar2":414.444549561,"max":603.502441406,"mean":17.2544174194,"median":10.1343479156,"min":1.12543361878e-16,"var":752.926940918},"melbands":{"dmean":[0.000694659247529,0.000982634257525,0.00068893347634,0.000436208880274,0.000161067218869,0.000163929435075,0.000142868419061,0.0000810966957943,0.0000924175401451,0.000056338874856,0.0000406535182265,0.0000401200049964,0.0000271667522611,0.0000305474604829,0.0000306024630845,0.0000406557992392,0.0000382373254979,0.0000231898902712,0.0000178468872036,0.0000107377854874,0.0000074546187534,0.00000827813255455,0.00000731591353542,0.00000685262284605,0.00000494669893669,0.00000350116715708,0.00000495883296026,0.0000043677814574,0.00000253622465607,0.00000244794023274,0.00000289090371552,0.00000186096997368,0.00000184188229468,0.00000187570810795,0.0000015866786498,0.00000162125979841,0.00000136354583447,0.00000107848859443,8.70571682299e-7,5.61049319003e-7],"dmean2":[0.00108932226431,0.00158153253142,0.0011419095099,0.000721760909073,0.000262130051851,0.000270020682365,0.000219601963181,0.000124313810375,0.000138996721944,0.0000851536242408,0.0000607367510383,0.0000619439742877,0.0000407513070968,0.0000475600136269,0.0000484577176394,0.0000651683294564,0.0000605036366323,0.0000384368977393,0.0000282504424831,0.0000170490275195,0.0000114779941214,0.0000129147456391,0.0000113164187496,0.0000106644283733,0.00000789053865446,0.00000541050349057,0.00000783600262366,0.00000673263502904,0.00000383455153496,0.0000037261761463,0.00000444877150585,0.00000273154137176,0.00000274771377917,0.00000279350388155,0.00000232542902268,0.00000245502269536,0.00000203498711926,0.00000157951933488,0.00000129539137106,8.09578864391e-7],"dvar":[0.0000086919108071,0.0000112349789561,0.0000021447265226,7.56897804877e-7,2.39694941229e-7,2.05471081927e-7,1.51063233034e-7,4.10149851859e-8,8.26279489274e-8,1.7844804745e-8,1.04988435723e-8,7.22022885924e-9,2.49558662624e-9,4.37458558267e-9,4.61143967456e-9,7.5412378564e-9,4.72738825863e-9,2.36139552356e-9,1.92986360226e-9,7.54301843209e-10,9.1414720238e-10,8.07198308195e-10,6.05508698737e-10,4.37053199187e-10,2.69515965101e-10,1.19361548423e-10,2.92248641953e-10,3.8075553821e-10,7.98258750767e-11,1.19363685602e-10,1.71308689456e-10,4.81907673489e-11,5.13256867563e-11,6.65333482752e-11,6.99102095658e-11,1.57663021527e-10,1.19324189418e-10,6.97208263345e-11,7.22729306957e-11,9.62843606928e-12],"dvar2":[0.0000200948961719,0.0000257799383689,0.00000569815438212,0.0000020509407932,6.40109021788e-7,5.44690067272e-7,3.34136274205e-7,9.49515239768e-8,1.56141922503e-7,3.6748172505e-8,2.2024511992e-8,1.71036678154e-8,5.86742565645e-9,1.03485495728e-8,1.16437828268e-8,1.96932390395e-8,1.13535376656e-8,6.00946359341e-9,4.4600216853e-9,1.70338920746e-9,1.93433469242e-9,1.7768855276e-9,1.49417200834e-9,1.08593356529e-9,7.3370759468e-10,2.80033857214e-10,7.31520788388e-10,9.08055630688e-10,1.81493819973e-10,2.90028445704e-10,4.3622686019e-10,1.00779572187e-10,1.05698845509e-10,1.43548062326e-10,1.42749242982e-10,3.57995660893e-10,2.47557779831e-10,1.5846310375e-10,1.82079837319e-10,1.93165258094e-11],"max":[0.046862475574,0.0687460899353,0.0245222579688,0.0139467418194,0.00898543186486,0.00905679631978,0.0147011522204,0.00778903672472,0.0139875421301,0.00404797308147,0.00382449524477,0.0028563789092,0.00145851226989,0.00203848909587,0.00260070129298,0.00216633058153,0.00158333429135,0.00161137874238,0.00182861473877,0.000851923367009,0.00183437438682,0.00126284919679,0.000676358642522,0.000837243977003,0.000407608196838,0.000376251089619,0.000552307115868,0.000712659733836,0.000243424030486,0.000420171447331,0.000441596610472,0.000226682270295,0.000235457642702,0.000283315021079,0.000390631670598,0.000722395780031,0.000689361826517,0.000505728879943,0.000543645990547,0.000150417748955],"mean":[0.000873284239788,0.00125516753178,0.00106327026151,0.0007470974233,0.000237987071159,0.00025623885449,0.000263001391431,0.000181696101208,0.000211917678826,0.000124635887914,0.0000977375530056,0.000100367622508,0.0000629470814602,0.000069721856562,0.0000752365085646,0.000104079554148,0.0000869898067322,0.000050271541113,0.0000420571741415,0.0000226697375183,0.0000137410688694,0.0000144862106026,0.0000117906047308,0.0000119117330541,0.00000875991463545,0.00000610833467363,0.00000824503240437,0.00000682470908941,0.00000350513641934,0.00000361495608558,0.00000416886041421,0.00000276314176517,0.00000284885072688,0.00000270090117738,0.00000231622880165,0.00000226129463954,0.00000197732720153,0.00000153856979068,0.00000114787121674,8.01786484317e-7],"median":[0.000108627180452,0.000353086856194,0.000544908165466,0.000369409361156,0.0000975614966592,0.0000934728450375,0.000099214608781,0.0000834208913147,0.0000861246298882,0.0000407934894611,0.0000427774357377,0.0000495053463965,0.0000363506442227,0.0000374441769964,0.0000420421019953,0.0000373877774109,0.0000433530840382,0.0000286693011731,0.0000194628100871,0.00000880573315953,0.00000407324660046,0.00000358450097337,0.0000030303983749,0.00000242594273914,0.00000160818740369,0.00000129114539504,0.00000126288637148,9.65885874393e-7,5.52359551875e-7,4.06960595001e-7,4.59566450672e-7,3.46624403846e-7,2.55451453768e-7,2.07807545394e-7,1.95861943553e-7,1.43469776503e-7,1.04648925969e-7,8.17310024104e-8,5.73193581488e-8,3.91769248154e-8],"min":[3.76870684962e-24,2.51971738066e-24,1.70538317073e-24,3.08715272118e-24,3.43317906308e-24,2.08308918051e-24,3.95996538723e-24,3.08256943932e-24,3.43457731903e-24,2.80312769099e-24,3.14072327918e-24,3.0975873788e-24,3.57564892028e-24,3.46781794542e-24,3.13346615328e-24,3.61269225067e-24,4.07547434527e-24,5.05131027339e-24,4.01577335197e-24,3.85885945159e-24,4.38835117421e-24,3.433732449e-24,4.74822439158e-24,5.65505195099e-24,5.54472383694e-24,6.10367911995e-24,6.72406576265e-24,6.20532700303e-24,5.09935150809e-24,5.59653858778e-24,5.7512977146e-24,6.36073181249e-24,7.85313949933e-24,5.23821548209e-24,6.06214007126e-24,5.72116993334e-24,7.54185577499e-24,6.55020397458e-24,6.15825093965e-24,7.90721275894e-24],"var":[0.0000106340685306,0.0000123284416986,0.0000026271002298,0.00000108885683403,2.42137843998e-7,2.71143960617e-7,3.62974361678e-7,1.12278733866e-7,4.10297104736e-7,7.24827913245e-8,4.27350208554e-8,2.55393644011e-8,7.74927144676e-9,1.4589960351e-8,1.15154978886e-8,2.62698485187e-8,1.42880027809e-8,5.98117866346e-9,6.14772721619e-9,1.79545800449e-9,1.78164993869e-9,1.78177039789e-9,9.56783541284e-10,8.0857859297e-10,7.00495605965e-10,2.85535539657e-10,6.66038890706e-10,8.1658052542e-10,1.12175324585e-10,1.94510865748e-10,2.83489870467e-10,9.09564437657e-11,1.07773810709e-10,1.14222513392e-10,1.27845845022e-10,2.47509346352e-10,2.52883658458e-10,1.04592459693e-10,7.47156087e-11,1.76432514432e-11]},"melbands_crest":{"dmean":3.17202472687,"dmean2":5.1824965477,"dvar":8.46498680115,"dvar2":22.316411972,"max":32.9696426392,"mean":13.5519952774,"median":12.5242700577,"min":1.86785638332,"var":31.1392269135},"melbands_flatness_db":{"dmean":0.0259520933032,"dmean2":0.0392872355878,"dvar":0.000751512881834,"dvar2":0.00162701972295,"max":0.545152664185,"mean":0.209727868438,"median":0.207101300359,"min":0.00356808444485,"var":0.0046817981638},"melbands_kurtosis":{"dmean":6.98180437088,"dmean2":11.21159935,"dvar":245.449066162,"dvar2":630.450317383,"max":402.782958984,"mean":13.1746492386,"median":4.07277965546,"min":-1.86990952492,"var":583.514099121},"melbands_skewness":{"dmean":0.695307552814,"dmean2":1.0728136301,"dvar":0.729054689407,"dvar2":1.69625687599,"max":17.3555870056,"mean":2.42847919464,"median":1.88735508919,"min":-1.82388997078,"var":3.49461317062},"melbands_spread":{"dmean":6.76013565063,"dmean2":10.39939785,"dvar":146.500305176,"dvar2":288.010681152,"max":279.793640137,"mean":24.1540584564,"median":20.4259490967,"min":0.841263532639,"var":481.671234131},"mfcc":{"cov":[[20520.6347656,1039.98291016,-1793.74401855,-886.479553223,-557.821472168,486.85635376,616.60357666,324.469909668,80.4292297363,268.070007324,332.595397949,228.120864868,24.552986145],[1039.98291016,1741.78808594,-664.078063965,-211.563110352,-29.3917503357,55.9619026184,72.2449798584,-21.9380054474,-38.461730957,41.0407600403,25.4800014496,-4.22301673889,-10.1186666489],[-1793.74401855,-664.078063965,750.162414551,186.398300171,79.2991104126,-33.0924186707,-90.1060638428,-42.0411911011,8.21691894531,-24.7164478302,-36.4091835022,-15.3667116165,17.2137489319],[-886.479553223,-211.563110352,186.398300171,406.242614746,95.0385818481,-61.1603279114,-84.9202041626,-38.5524673462,-44.2993278503,-47.1125602722,-59.1519775391,-29.7435016632,-15.588344574],[-557.821472168,-29.3917503357,79.2991104126,95.0385818481,191.213012695,19.6381969452,-25.6085319519,-15.0682430267,10.0653915405,-13.0505151749,-16.8653907776,4.28575706482,11.261223793],[486.85635376,55.9619026184,-33.0924186707,-61.1603279114,19.6381969452,191.469497681,95.8901443481,35.3560447693,23.4039173126,25.3588466644,30.0919704437,26.5827407837,19.8544235229],[616.60357666,72.2449798584,-90.1060638428,-84.9202041626,-25.6085319519,95.8901443481,199.183029175,73.0408859253,42.1940002441,30.5764389038,51.1822662354,36.8606987,23.6077613831],[324.469909668,-21.9380054474,-42.0411911011,-38.5524673462,-15.0682430267,35.3560447693,73.0408859253,111.349472046,47.7102012634,12.640458107,27.9031600952,21.0280380249,4.46538257599],[80.4292297363,-38.461730957,8.21691894531,-44.2993278503,10.0653915405,23.4039173126,42.1940002441,47.7102012634,113.337791443,35.7229042053,25.4625091553,24.3776187897,23.7249889374],[268.070007324,41.0407600403,-24.7164478302,-47.1125602722,-13.0505151749,25.3588466644,30.5764389038,12.640458107,35.7229042053,88.6787338257,35.6020355225,14.023771286,19.5513858795],[332.595397949,25.4800014496,-36.4091835022,-59.1519775391,-16.8653907776,30.0919704437,51.1822662354,27.9031600952,25.4625091553,35.6020355225,93.8745422363,40.6960296631,12.1090126038],[228.120864868,-4.22301673889,-15.3667116165,-29.7435016632,4.28575706482,26.5827407837,36.8606987,21.0280380249,24.3776187897,14.023771286,40.6960296631,92.5088043213,42.4804267883],[24.552986145,-10.1186666489,17.2137489319,-15.588344574,11.261223793,19.8544235229,23.6077613831,4.46538257599,23.7249889374,19.5513858795,12.1090126038,42.4804267883,86.2944107056]],"icov":[[0.0000734812929295,0.000033267922845,0.000164470096934,0.0000246456747846,0.00013040858903,-0.000126452971017,-0.0000352281458618,-0.0000438019633293,0.0000562626810279,-0.000107804160507,-0.0000336357152264,-0.0000908290530788,0.0000370065936295],[0.000033267922845,0.000942477374338,0.000880874111317,0.000215485022636,-0.000230958175962,-0.00015257744235,-0.00012486866035,0.000474446656881,0.000290834344923,-0.00033283533412,0.000023029413569,0.000158077309607,-0.0000464864060632],[0.000164470096934,0.000880874111317,0.00268301088363,-0.000406464911066,-0.000129305466544,-0.00051970226923,0.000362199323718,0.000646271160804,-0.000303413689835,-0.000197916597244,-0.000159177536261,0.000227799871936,-0.000509758538101],[0.0000246456747846,0.000215485022636,-0.000406464911066,0.00361265963875,-0.00156590586994,0.000720030686352,0.000187384954188,-0.000294305587886,0.00119232677389,0.00023953289201,0.00100005755667,0.0000050380385801,0.000229693541769],[0.00013040858903,-0.000230958175962,-0.000129305466544,-0.00156590586994,0.00697129918262,-0.00184181821533,0.000842257926706,0.000668749737088,-0.00166321336292,0.000790906662587,0.000274142686976,-0.000721310905647,-0.000477571244119],[-0.000126452971017,-0.00015257744235,-0.00051970226923,0.000720030686352,-0.00184181821533,0.00768512161449,-0.00326465885155,-0.000289810530376,0.000609939277638,-0.000804357347079,0.000107010891952,-0.000288141018245,-0.000226504169405],[-0.0000352281458618,-0.00012486866035,0.000362199323718,0.000187384954188,0.000842257926706,-0.00326465885155,0.00930620729923,-0.00390951056033,-0.000465001212433,0.0000502211478306,-0.00195719162002,-0.000156268375576,-0.00127739761956],[-0.0000438019633293,0.000474446656881,0.000646271160804,-0.000294305587886,0.000668749737088,-0.000289810530376,-0.00390951056033,0.0143960341811,-0.00504835695028,0.00156619679183,-0.000937988283113,-0.000822338741273,0.00175955926534],[0.0000562626810279,0.000290834344923,-0.000303413689835,0.00119232677389,-0.00166321336292,0.000609939277638,-0.000465001212433,-0.00504835695028,0.013527915813,-0.00431747734547,0.000131736174808,-0.000785074487794,-0.00161390355788],[-0.000107804160507,-0.00033283533412,-0.000197916597244,0.00023953289201,0.000790906662587,-0.000804357347079,0.0000502211478306,0.00156619679183,-0.00431747734547,0.0159654859453,-0.00509211467579,0.00236507528462,-0.00281849200837],[-0.0000336357152264,0.000023029413569,-0.000159177536261,0.00100005755667,0.000274142686976,0.000107010891952,-0.00195719162002,-0.000937988283113,0.000131736174808,-0.00509211467579,0.0171630494297,-0.00676427222788,0.00278724660166],[-0.0000908290530788,0.000158077309607,0.000227799871936,0.0000050380385801,-0.000721310905647,-0.000288141018245,-0.000156268375576,-0.000822338741273,-0.000785074487794,0.00236507528462,-0.00676427222788,0.0179188326001,-0.00794621277601],[0.0000370065936295,-0.0000464864060632,-0.000509758538101,0.000229693541769,-0.000477571244119,-0.000226504169405,-0.00127739761956,0.00175955926534,-0.00161390355788,-0.00281849200837,0.00278724660166,-0.00794621277601,0.0166911613196]],"mean":[-701.757873535,131.181427002,-3.24877381325,13.2785072327,5.92595672607,11.6432828903,-3.34600090981,-4.10916137695,-6.3682217598,3.17939591408,-0.262117147446,-4.21602725983,-6.11573171616]},"pitch_salience":{"dmean":0.0675866901875,"dmean2":0.110525093973,"dvar":0.0042639230378,"dvar2":0.0115556484088,"max":0.846501469612,"mean":0.569242596626,"median":0.583864331245,"min":0.111372217536,"var":0.0123873082921},"silence_rate_20dB":{"dmean":0,"dmean2":0,"dvar":0,"dvar2":0,"max":1,"mean":1,"median":1,"min":1,"var":0},"silence_rate_30dB":{"dmean":0.021887158975,"dmean2":0.0437796413898,"dvar":0.021406872198,"dvar2":0.0479469411075,"max":1,"mean":0.978966593742,"median":1,"min":0,"var":0.0205910876393},"silence_rate_60dB":{"dmean":0.0204280149192,"dmean2":0.0408609993756,"dvar":0.0200115349144,"dvar2":0.0425933264196,"max":1,"mean":0.188814595342,"median":0,"min":0,"var":0.153161451221},"spectral_centroid":{"dmean":225.201889038,"dmean2":338.089324951,"dvar":109468.007812,"dvar2":210911.9375,"max":11456.8242188,"mean":1115.67321777,"median":968.623413086,"min":165.597061157,"var":588861.375},"spectral_complexity":{"dmean":2.72276258469,"dmean2":4.0634803772,"dvar":15.3204345703,"dvar2":26.1256828308,"max":60,"mean":17.3742256165,"median":18,"min":0,"var":145.263473511},"spectral_contrast_coeffs":{"dmean":[0.0503109134734,0.0411939583719,0.0298899877816,0.0261021126062,0.0203883107752,0.0171087011695],"dmean2":[0.0823738053441,0.0670731142163,0.0477511137724,0.0420679114759,0.0322280228138,0.0265775155276],"dvar":[0.00179054983892,0.00127917481586,0.000656221876852,0.000469074380817,0.000319889077218,0.000251095218118],"dvar2":[0.00451785465702,0.00313419173472,0.00157773925457,0.00115073809866,0.000740057381336,0.000564110348932],"max":[-0.284271925688,-0.391824841499,-0.488156914711,-0.599975466728,-0.600727915764,-0.569307804108],"mean":[-0.614647507668,-0.730229496956,-0.773374259472,-0.76508641243,-0.801784753799,-0.77968275547],"median":[-0.619088709354,-0.740263521671,-0.771571397781,-0.761688768864,-0.801829993725,-0.777178883553],"min":[-0.969503819942,-0.967610478401,-0.976433873177,-0.965792655945,-0.965035557747,-0.963965773582],"var":[0.00918710883707,0.00611151149496,0.00375528656878,0.00305020157248,0.00200681108981,0.00204423884861]},"spectral_contrast_valleys":{"dmean":[0.422349005938,0.332524895668,0.27289518714,0.248836562037,0.275068253279,0.359308451414],"dmean2":[0.67248237133,0.534712553024,0.434173226357,0.392032116652,0.374865561724,0.438705921173],"dvar":[0.162261396646,0.114375561476,0.0876228064299,0.0798677280545,0.106210745871,0.180310294032],"dvar2":[0.327790290117,0.241955518723,0.180249556899,0.150041088462,0.162803277373,0.284639298916],"max":[-4.6186876297,-4.76524734497,-5.40016889572,-5.41270685196,-5.40237808228,-6.68381738663],"mean":[-7.98651027679,-7.30036115646,-7.91037988663,-8.06861495972,-8.3897819519,-10.9146642685],"median":[-7.56714773178,-6.80910778046,-7.18870592117,-7.48543357849,-8.02956771851,-10.7215604782],"min":[-28.311870575,-27.6509990692,-27.7332878113,-27.4796390533,-27.4001731873,-27.376209259],"var":[3.00015735626,2.88302230835,3.659501791,3.31678819656,3.07640814781,2.95154380798]},"spectral_decrease":{"dmean":1.83298121126e-9,"dmean2":2.67727595649e-9,"dvar":1.92805659552e-17,"dvar2":3.77971578228e-17,"max":1.37905274777e-28,"mean":-5.20585530239e-9,"median":-3.64282093379e-9,"min":-7.95070036474e-8,"var":4.35912668461e-17},"spectral_energy":{"dmean":0.00721073988825,"dmean2":0.0104637313634,"dvar":0.000283409754047,"dvar2":0.000548622803763,"max":0.303786069155,"mean":0.0212131198496,"median":0.0149394040927,"min":1.02141538352e-20,"var":0.000685424369294},"spectral_energyband_high":{"dmean":0.000455208239146,"dmean2":0.000628171372227,"dvar":0.0000035317534639,"dvar2":0.00000673527119943,"max":0.078145109117,"mean":0.000784570525866,"median":0.000088989683718,"min":7.37093131366e-21,"var":0.00000844592523208},"spectral_energyband_low":{"dmean":0.0045656086877,"dmean2":0.00709420954809,"dvar":0.000221249458264,"dvar2":0.000475629844004,"max":0.28338482976,"mean":0.00672599067912,"median":0.00217786803842,"min":2.33384640805e-23,"var":0.000301018357277},"spectral_energyband_middle_high":{"dmean":0.00112821394578,"dmean2":0.00170436943881,"dvar":0.00000428898283644,"dvar2":0.00000953670041781,"max":0.0622647069395,"mean":0.00509975571185,"median":0.00373017368838,"min":1.17899258339e-21,"var":0.0000334929936798},"spectral_energyband_middle_low":{"dmean":0.00383675238118,"dmean2":0.00598735688254,"dvar":0.000056353466789,"dvar2":0.000137534923851,"max":0.109224408865,"mean":0.00966350734234,"median":0.00657772598788,"min":1.62285134376e-22,"var":0.00012714668992},"spectral_entropy":{"dmean":0.175739616156,"dmean2":0.248229041696,"dvar":0.0398551300168,"dvar2":0.0791938379407,"max":9.81477642059,"mean":7.41266775131,"median":7.41654253006,"min":5.23030757904,"var":0.235667526722},"spectral_flux":{"dmean":0.0191267263144,"dmean2":0.0296507161111,"dvar":0.000916335964575,"dvar2":0.00197148369625,"max":0.395895302296,"mean":0.0629170164466,"median":0.0520216263831,"min":6.7073062382e-11,"var":0.00294929556549},"spectral_kurtosis":{"dmean":2.14585137367,"dmean2":3.41026973724,"dvar":7.61448764801,"dvar2":19.6129207611,"max":58.960193634,"mean":6.00880050659,"median":4.85151290894,"min":-1.24619174004,"var":23.3408946991},"spectral_rms":{"dmean":0.000615330471192,"dmean2":0.000873019802384,"dvar":9.59927547228e-7,"dvar2":0.00000168764779573,"max":0.0172155927867,"mean":0.00385306007229,"median":0.00381772546098,"min":3.15674331293e-12,"var":0.00000584975259699},"spectral_rolloff":{"dmean":379.020355225,"dmean2":630.338256836,"dvar":785786.25,"dvar2":1688488.625,"max":19143.0175781,"mean":1392.24304199,"median":1248.92578125,"min":86.1328125,"var":2230617.25},"spectral_skewness":{"dmean":0.260285615921,"dmean2":0.390700906515,"dvar":0.0744007825851,"dvar2":0.163269326091,"max":5.96209764481,"mean":1.78811299801,"median":1.75408136845,"min":-0.427164882421,"var":0.369152069092},"spectral_spread":{"dmean":549142.3125,"dmean2":752050.4375,"dvar":587971821568,"dvar2":1065438347260,"max":41886640,"mean":4203184,"median":3865741.25,"min":1195185.625,"var":4906212130820},"spectral_strongpeak":{"dmean":0.413849532604,"dmean2":0.71086704731,"dvar":0.664466619492,"dvar2":1.59799015522,"max":19.517162323,"mean":0.7102470994,"median":0.35871475935,"min":0,"var":1.13942301273},"zerocrossingrate":{"dmean":0.00938296783715,"dmean2":0.0110759623349,"dvar":0.000229340177611,"dvar2":0.000268556643277,"max":0.5205078125,"mean":0.0537847876549,"median":0.04541015625,"min":0.005859375,"var":0.00166051508859}},"metadata":{"audio_properties":{"analysis_sample_rate":44100,"bit_rate":0,"codec":"flac","downmix":"mix","equal_loudness":0,"length":190.960006714,"lossless":true,"md5_encoded":"326ba5711fa5fa44d5cd5cad09733aca","replay_gain":-4.44104003906},"tags":{"album":["The Beatles (disc 2)"],"albumartist":["The Beatles"],"albumartistsort":["Beatles, The"],"artist":["The Beatles"],"artistsort":["Beatles, The"],"asin":["B000002UAX"],"catalognumber":["SWBO 101"],"date":["1968-11-25"],"file_name":"11 Cry Baby Cry.flac","format":["Vinyl"],"genre":["Rock & Roll"],"isrc":["GBAYE0601671"],"label":["Apple Records"],"language":["eng"],"musicbrainz_albumartistid":["b10bbbfc-cf9e-42e0-be17-e2c3e1d2600d"],"musicbrainz_albumid":["5e2f85af-4e35-41b3-beeb-88af7ed2e70c"],"musicbrainz_artistid":["b10bbbfc-cf9e-42e0-be17-e2c3e1d2600d"],"musicbrainz_recordingid":["2e3af7de-3f9c-4a2d-a28f-10c2edd13c49"],"musicip_puid":["a7869fb3-dcb6-fb36-67b9-3ffae1cc5e22"],"producer":["Chris Thomas","George Martin"],"releasecountry":["US"],"releasestatus":["official"],"releasetype":["album"],"replaygain_album_gain":["-3.14 dB"],"replaygain_album_peak":["0.92208862"],"replaygain_reference_loudness":["89.0 dB"],"replaygain_track_gain":["-0.13 dB"],"replaygain_track_peak":["0.87454224"],"script":["Latn"],"title":["Cry Baby Cry"],"totaltracks":["13"],"tracknumber":["11"],"tracktotal":["13"]},"version":{"essentia":"2.1-beta1","essentia_build_sha":"eef087cf131c10083d474ad51def18efd0e38295","essentia_git_sha":"v2.1_beta1-7-ge0e83e8-dirty","extractor":"music 1.0"}},"rhythm":{"beats_count":479,"beats_loudness":{"dmean":0.0314880423248,"dmean2":0.0624900348485,"dvar":0.00112993165385,"dvar2":0.00383957661688,"max":0.206763282418,"mean":0.0356619618833,"median":0.0256966985762,"min":3.99208545332e-7,"var":0.00123393069953},"beats_loudness_band_ratio":{"dmean":[0.239787608385,0.145452931523,0.108159758151,0.08896628022