{"lowlevel":{"average_loudness":0.601238667965,"barkbands":{"dmean":[0.00349672161974,0.00774611020461,0.0015400222037,0.000887824979145,0.00233321543783,0.00165052164812,0.00105320010334,0.000764339638408,0.000838069303427,0.000865250476636,0.000330825452693,0.00037177032209,0.000215882522753,0.000359122030204,0.00020271044923,0.0000977946547209,0.0000620140417595,0.0000548119896848,0.0000565535083297,0.0000512659426022,0.0000514842176926,0.0000344155014318,0.0000168868773471,0.0000069813436312,0.00000247853768087,0.00000857961003931,0.000105952116428],"dmean2":[0.00598339224234,0.012746995315,0.00265031866729,0.0014936971711,0.00354633736424,0.00255804741755,0.00164028711151,0.00124082423281,0.00137596030254,0.00139400758781,0.000546860159375,0.000612611183897,0.000358079269063,0.000592085823882,0.000333923235303,0.000157041911734,0.000100989978819,0.0000862771921675,0.0000877321799635,0.0000772493513068,0.0000770474580349,0.0000479973750771,0.0000242495389102,0.000010696748177,0.00000411892597185,0.0000124334446809,0.000159433780937],"dvar":[0.0000325226938003,0.000140047588502,0.00000536928655492,0.00000370561951968,0.0000194230560737,0.0000128707069962,0.00000855874259287,0.00000263064202954,0.00000346255774275,0.00000821494359116,6.64709887133e-7,6.20573189281e-7,1.87951613384e-7,6.95906010151e-7,2.14961517031e-7,4.50463701895e-8,1.49544039374e-8,1.62181770236e-8,2.45728042358e-8,2.30089902686e-8,2.29310135325e-8,1.0796329164e-8,1.4209813326e-9,1.28452373738e-10,1.86755090559e-11,2.11781481241e-10,3.892457201e-8],"dvar2":[0.000087741878815,0.000355412164936,0.000014812308109,0.00000916525641514,0.0000406181461585,0.0000287042348646,0.0000173118351086,0.0000065009521677,0.00000851743152452,0.0000194355652638,0.00000168520614352,0.00000158358591307,4.85684608975e-7,0.00000182764358669,5.74860678171e-7,1.14920602812e-7,3.79004632123e-8,3.93082757455e-8,5.37380628884e-8,4.91597056396e-8,5.05422548258e-8,2.03275689614e-8,2.58650412199e-9,2.75111100567e-10,4.72020963982e-11,3.94366650447e-10,8.94180303135e-8],"max":[0.0797803252935,0.160506382585,0.0385142937303,0.0678308308125,0.135275200009,0.118147559464,0.107427887619,0.0391372404993,0.0434484854341,0.096706584096,0.0245696883649,0.0190114919096,0.00968128442764,0.0210612397641,0.0130784045905,0.00605467241257,0.00280820182525,0.00459284102544,0.00767552340403,0.00754647841677,0.00596236949787,0.00496071670204,0.00168934813701,0.000198927125894,0.0000716641588951,0.000408278749092,0.00651832483709],"mean":[0.00413391320035,0.0141190914437,0.00207835552283,0.00118728063535,0.00431440025568,0.002781821182,0.00166812050156,0.00112686492503,0.00127108558081,0.00128217635211,0.000517985608894,0.00061935337726,0.000364409468602,0.000597993261181,0.000400481629185,0.000169731589267,0.000109298853204,0.0000981626217254,0.000104138416646,0.000104791906779,0.0001065536635,0.0000607454785495,0.0000269232477876,0.00000799939607532,0.00000252331437878,0.0000128874307848,0.000338411831763],"median":[0.00221952330321,0.00662832567468,0.000999180832878,0.000449193292297,0.00191126600839,0.00115901930258,0.000533877057023,0.000399310374632,0.000481238850625,0.000270040531177,0.0001720158034,0.000202937051654,0.000141242344398,0.000160139723448,0.0000988969986793,0.0000638155470369,0.0000323396088788,0.0000253434682236,0.0000340920414601,0.0000401678116759,0.0000411881846958,0.0000199717578653,0.00000834643924463,0.00000222102335101,9.01208750292e-7,0.00000463721016786,0.000136860573548],"min":[2.54718305219e-25,2.2009132481e-24,5.27949154427e-25,1.88780121535e-25,9.76497230212e-24,8.67578021737e-24,7.90319351263e-24,1.28226389804e-23,1.6245711552e-23,1.04838328461e-23,1.99322999535e-23,2.26135545511e-23,2.71468557612e-23,3.53767765281e-23,5.06235961143e-23,6.82490837652e-23,5.71984488367e-23,1.09574205996e-22,1.15476564263e-22,1.45309617624e-22,2.42869421546e-22,3.11118814545e-22,3.4285197508e-22,5.61896408894e-22,9.10101228045e-22,1.30365603243e-21,1.83675879109e-21],"var":[0.0000348627763742,0.000338673678925,0.00000914792781259,0.00000724078563508,0.0000573667202843,0.0000300192768918,0.0000230011992244,0.0000046538539209,0.00000579450852456,0.0000151344747792,0.00000142466763009,0.00000123655081552,3.60538024324e-7,0.00000135751565722,5.74373416384e-7,8.90575364565e-8,3.48609354717e-8,3.86710539146e-8,5.38876747669e-8,7.95538213083e-8,7.10428977868e-8,2.95702040631e-8,3.99572552823e-9,1.97765678833e-10,2.0647287699e-11,5.40949063321e-10,2.99346794463e-7]},"barkbands_crest":{"dmean":2.90504693985,"dmean2":4.74740123749,"dvar":5.79336071014,"dvar2":14.376291275,"max":26.1429233551,"mean":11.8645524979,"median":11.313170433,"min":2.52626991272,"var":22.2836837769},"barkbands_flatness_db":{"dmean":0.0284580793232,"dmean2":0.044525153935,"dvar":0.000627263274509,"dvar2":0.001548970351,"max":0.430946081877,"mean":0.162751823664,"median":0.155810624361,"min":0.0368762649596,"var":0.00342948245816},"barkbands_kurtosis":{"dmean":7.48022508621,"dmean2":12.1217775345,"dvar":209.424438477,"dvar2":505.464416504,"max":369.885986328,"mean":15.4593572617,"median":8.18006896973,"min":-1.89395833015,"var":558.376831055},"barkbands_skewness":{"dmean":0.727144956589,"dmean2":1.1649068594,"dvar":0.633120715618,"dvar2":1.54752135277,"max":16.2202205658,"mean":2.7409517765,"median":2.35558271408,"min":-3.07116270065,"var":3.10028934479},"barkbands_spread":{"dmean":4.52694129944,"dmean2":7.06520605087,"dvar":30.7133235931,"dvar2":69.4228820801,"max":129.34815979,"mean":16.6013069153,"median":14.0635509491,"min":0.493524104357,"var":149.983062744},"dissonance":{"dmean":0.021767148748,"dmean2":0.0370958670974,"dvar":0.000410637963796,"dvar2":0.00115860986989,"max":0.500000059605,"mean":0.462157726288,"median":0.46841686964,"min":0.260222136974,"var":0.000791969243437},"dynamic_complexity":4.91268730164,"erbbands":{"dmean":[0.434072732925,1.08192133904,1.67959678173,2.28422164917,4.01934862137,9.00076580048,10.9040956497,17.6297626495,18.3091564178,12.7965145111,15.2469444275,19.5292434692,28.2924995422,13.8291511536,14.2092494965,15.0082807541,9.18371391296,15.7348079681,12.4623451233,8.56140327454,4.21207666397,3.37580561638,3.10244107246,2.77508234978,2.6140358448,2.36918282509,2.48675227165,1.78033196926,1.2672097683,0.87423235178,0.428149908781,0.214431971312,0.0768385827541,0.029885314405,0.0172049589455,0.013966399245,0.0190148502588,0.0174552556127,0.00663317926228,0.00258253118955],"dmean2":[0.72879588604,1.75047302246,2.88337159157,3.83617019653,6.49099111557,13.8297176361,16.7019691467,27.1801109314,28.1532459259,20.9856777191,24.9730396271,32.229347229,45.4838409424,22.6505756378,23.5616016388,24.8125152588,15.1526432037,26.0126876831,20.4849319458,13.8793678284,6.6358962059,5.45535945892,4.8613910675,4.30358839035,4.02346754074,3.58824563026,3.78546595573,2.62356114388,1.7796112299,1.22046911716,0.61634093523,0.319616615772,0.119794197381,0.0493453815579,0.0285098142922,0.0220793727785,0.0275014284998,0.0231738723814,0.00884813535959,0.00390547327697],"dvar":[0.455512464046,2.76977181435,6.0367732048,18.0776519775,85.4199905396,301.264404297,536.99041748,1682.59375,2834.50170898,605.851318359,1322.52880859,1890.62609863,8821.19726562,1251.5604248,1040.54370117,1083.04016113,317.256835938,1315.05432129,720.053344727,461.426544189,67.7289123535,44.3895645142,47.5758590698,48.8712615967,53.0636711121,44.4482765198,58.9741821289,33.8974952698,15.8028917313,5.06432104111,0.844301700592,0.140611082315,0.0138230342418,0.00247189588845,0.000929383735638,0.000423349090852,0.00106188084465,0.00181749812327,0.000257775391219,0.000019750199499],"dvar2":[1.22207760811,6.99189662933,16.8356361389,47.0218582153,212.036605835,628.510681152,1184.32641602,3663.52905273,5741.92724609,1551.96362305,3271.37963867,4622.16992188,20204.890625,3225.66381836,2686.47314453,2776.9519043,822.604492188,3486.34423828,1896.93688965,1186.06469727,165.983520508,109.696357727,114.671691895,106.190002441,119.156944275,94.2129821777,134.916671753,72.1765060425,29.6314258575,9.31826496124,1.60807514191,0.287750631571,0.0304425470531,0.00621513137594,0.00234984070994,0.000994340050966,0.00203455029987,0.00296116573736,0.000413214875152,0.0000430830623372],"max":[8.94459819794,24.7497348785,40.2592887878,124.183479309,347.86416626,552.977844238,579.044799805,1368.01708984,1904.37316895,650.666137695,1039.5090332,901.376708984,3275.23242188,979.192138672,919.083618164,959.529907227,439.658843994,875.400634766,598.32220459,732.723632812,167.197143555,153.745880127,211.82585144,358.948028564,276.840209961,305.723999023,284.18548584,309.099151611,187.710388184,108.304985046,39.9529571533,8.96123409271,1.65546572208,0.788776934147,0.517582833767,0.310008019209,0.76046448946,2.1945297718,0.667163908482,0.170722037554],"mean":[0.718347430229,1.96872210503,2.37538385391,3.46973967552,6.29172611237,16.1500015259,19.1785907745,29.0479927063,29.5957431793,20.2794685364,23.7509422302,30.2553653717,43.5745239258,23.0116996765,23.7740058899,25.8234977722,17.529340744,27.788854599,25.5789756775,17.0207271576,8.13716316223,6.24866294861,5.64752244949,5.19961643219,4.99152231216,4.90066432953,4.97610330582,3.58749437332,2.27524590492,1.46292817593,0.663108825684,0.268333554268,0.0843008235097,0.031116290018,0.0178212877363,0.0161053910851,0.0273532606661,0.0345518998802,0.0187010616064,0.0116860605776],"median":[0.304247021675,1.00620222092,1.32224464417,1.70999193192,2.67861652374,6.7170624733,8.00121307373,10.8152389526,9.03818130493,8.06416606903,9.5329990387,11.5688123703,10.2464504242,7.64698266983,8.98303031921,8.38770103455,7.14046096802,8.57747650146,7.16496276855,5.0742354393,3.1048438549,1.94267213345,1.59799206257,1.60352742672,1.67187201977,1.9253051281,1.80094957352,1.36909222603,0.775276899338,0.446057915688,0.197921216488,0.0728626400232,0.0257338676602,0.0119356215,0.00648597907275,0.00622904021293,0.00911797303706,0.012782515958,0.0085034230724,0.00518243573606],"min":[5.68747571192e-23,5.49294778762e-22,1.68938028792e-21,4.26318426783e-21,4.12890716658e-21,2.98647647113e-20,3.12021121979e-20,9.58380311121e-20,1.027568024e-19,2.08905303806e-19,2.82482644476e-19,4.2134424564e-19,6.42209017215e-19,5.54725051462e-19,9.58897337778e-19,1.04656349006e-18,1.76037703511e-18,2.42592696956e-18,2.69148296546e-18,2.33018556995e-18,4.18925621227e-18,3.37920092674e-18,5.85481332697e-18,6.81711017027e-18,6.37856092978e-18,8.03808128037e-18,1.01197565653e-17,8.7055862562e-18,1.18522656788e-17,1.1360856702e-17,9.49827095567e-18,1.12940552501e-17,1.00616678068e-17,8.84977045441e-18,6.63359187957e-18,3.93114029239e-18,2.41380691243e-18,9.44254172985e-19,2.70008631592e-19,2.50453568154e-20],"var":[0.969003498554,6.20797777176,9.5610742569,33.5297966003,175.177825928,910.437072754,1346.24645996,3937.51269531,7454.25537109,1160.23828125,2289.56323242,3280.32861328,16734.1933594,2267.15722656,2270.27978516,2153.05297852,726.269226074,2625.25390625,1963.08032227,1119.63635254,176.254379272,111.185195923,116.608451843,119.395751953,126.102241516,161.941085815,179.557434082,95.3396148682,43.7843475342,13.9751873016,2.26810669899,0.260806620121,0.0191827919334,0.00278554484248,0.00103122449946,0.000577708764467,0.00241623958573,0.00611859327182,0.00122726836707,0.000267057534074]},"erbbands_crest":{"dmean":2.57439541817,"dmean2":4.22985649109,"dvar":5.57947826385,"dvar2":14.3627586365,"max":30.0930576324,"mean":8.6046705246,"median":7.60343837738,"min":2.20352005959,"var":16.0863666534},"erbbands_flatness_db":{"dmean":0.0210440959781,"dmean2":0.0322571732104,"dvar":0.000332206254825,"dvar2":0.000760976690799,"max":0.35086235404,"mean":0.140247583389,"median":0.136603474617,"min":0.0265364088118,"var":0.00158917228691},"erbbands_kurtosis":{"dmean":1.24162971973,"dmean2":1.9941239357,"dvar":8.2156829834,"dvar2":18.7332630157,"max":129.000045776,"mean":1.42615568638,"median":0.308963537216,"min":-1.78320515156,"var":27.9822673798},"erbbands_skewness":{"dmean":0.362605690956,"dmean2":0.569134652615,"dvar":0.113227412105,"dvar2":0.263479918242,"max":9.0568113327,"mean":0.681875169277,"median":0.572029173374,"min":-4.39508581161,"var":0.857904195786},"erbbands_spread":{"dmean":6.94764184952,"dmean2":10.7416505814,"dvar":53.0746421814,"dvar2":112.86743927,"max":152.693695068,"mean":33.8636741638,"median":29.6132965088,"min":2.04454040527,"var":311.685577393},"gfcc":{"cov":[[23466.0742188,1297.26220703,-2503.60131836,-399.532775879,102.200767517,-203.651977539,591.810119629,-426.669494629,359.778839111,27.5070133209,56.5821075439,-62.3788223267,-294.188415527],[1297.26220703,814.310424805,-113.591712952,-244.403503418,85.6148300171,-105.211128235,84.7278671265,-78.2793197632,42.5484466553,2.33365058899,41.6598129272,-76.3011856079,84.6960449219],[-2503.60131836,-113.591712952,634.454162598,218.467712402,-102.958236694,123.616424561,-147.560195923,130.49105835,-77.8134841919,17.7089691162,-23.5423984528,30.7146892548,45.8768157959],[-399.532775879,-244.403503418,218.467712402,417.356811523,-6.69164705276,11.6400995255,22.9683303833,7.78616714478,-0.872382938862,22.4436588287,-65.2534103394,62.2374610901,-40.0614852905],[102.200767517,85.6148300171,-102.958236694,-6.69164705276,203.636703491,22.1509552002,84.7247161865,-7.47334289551,32.9903297424,-7.6562371254,28.3084697723,-19.8320732117,6.19786214828],[-203.651977539,-105.211128235,123.616424561,11.6400995255,22.1509552002,215.007080078,-35.9403152466,110.004730225,-18.2621307373,17.261089325,15.8238677979,16.4946842194,2.41737484932],[591.810119629,84.7278671265,-147.560195923,22.9683303833,84.7247161865,-35.9403152466,208.014190674,-31.3205451965,81.2137908936,4.05680036545,1.55850124359,9.24172973633,-22.9668960571],[-426.669494629,-78.2793197632,130.49105835,7.78616714478,-7.47334289551,110.004730225,-31.3205451965,211.636627197,24.7072658539,23.9167976379,20.2208366394,8.04413032532,24.5174026489],[359.778839111,42.5484466553,-77.8134841919,-0.872382938862,32.9903297424,-18.2621307373,81.2137908936,24.7072658539,127.69568634,26.8346195221,5.90556192398,28.6682167053,-19.0484294891],[27.5070133209,2.33365058899,17.7089691162,22.4436588287,-7.6562371254,17.261089325,4.05680036545,23.9167976379,26.8346195221,88.1461105347,31.2894001007,1.55873584747,25.8497905731],[56.5821075439,41.6598129272,-23.5423984528,-65.2534103394,28.3084697723,15.8238677979,1.55850124359,20.2208366394,5.90556192398,31.2894001007,82.0991973877,11.3520269394,20.4248466492],[-62.3788223267,-76.3011856079,30.7146892548,62.2374610901,-19.8320732117,16.4946842194,9.24172973633,8.04413032532,28.6682167053,1.55873584747,11.3520269394,83.3634338379,-3.52227163315],[-294.188415527,84.6960449219,45.8768157959,-40.0614852905,6.19786214828,2.41737484932,-22.9668960571,24.5174026489,-19.0484294891,25.8497905731,20.4248466492,-3.52227163315,87.4721832275]],"icov":[[0.000162909826031,-0.00051088858163,0.00109792989679,-0.000829263590276,0.000780412054155,-0.00071743724402,0.000220434521907,-0.000072735681897,-0.000157332236995,0.000360013335012,-0.00051198102301,0.000301271909848,0.000120768389024],[-0.00051088858163,0.00388261419721,-0.00418201554567,0.00368604785763,-0.0027398604434,0.00271265697666,-0.00159079232253,0.00145678583067,-0.00112289516255,-0.000376864336431,0.000948796747252,0.000960895093158,-0.00261893402785],[0.00109792989679,-0.00418201554567,0.0112750800326,-0.00881229247898,0.00737828947604,-0.00677600409836,0.00325492839329,-0.00152892223559,-0.00122423213907,0.00453890860081,-0.0050324308686,0.00325683387928,-0.00156163913198],[-0.000829263590276,0.00368604785763,-0.00881229247898,0.0124735133722,-0.00861605722457,0.00726590724662,-0.00330789387226,-0.000738146773074,0.0058207619004,-0.010181513615,0.0114519577473,-0.00952381268144,0.00494342902675],[0.000780412054155,-0.0027398604434,0.00737828947604,-0.00861605722457,0.0144732641056,-0.00822265353054,-0.000571600161493,0.00194672495127,-0.00649816356599,0.0102993547916,-0.0112476749346,0.0100790914148,-0.00545872049406],[-0.00071743724402,0.00271265697666,-0.00677600409836,0.00726590724662,-0.00822265353054,0.013006313704,-0.00135967251845,-0.00457637896761,0.00662133609876,-0.00804875604808,0.00688078999519,-0.00777617329732,0.00489164097235],[0.000220434521907,-0.00159079232253,0.00325492839329,-0.00330789387226,-0.000571600161493,-0.00135967251845,0.00935084931552,0.000459158211015,-0.00461132638156,0.00159022666048,-0.00133772601839,0.000783718831372,0.000333913456416],[-0.000072735681897,0.00145678583067,-0.00152892223559,-0.000738146773074,0.00194672495127,-0.00457637896761,0.000459158211015,0.00982035882771,-0.00728102587163,0.00412059761584,-0.00440703332424,0.00556292198598,-0.00538502307609],[-0.000157332236995,-0.00112289516255,-0.00122423213907,0.0058207619004,-0.00649816356599,0.00662133609876,-0.00461132638156,-0.00728102587163,0.0225086808205,-0.0145754506811,0.0111052971333,-0.0151988659054,0.0109773529693],[0.000360013335012,-0.000376864336431,0.00453890860081,-0.010181513615,0.0102993547916,-0.00804875604808,0.00159022666048,0.00412059761584,-0.0145754506811,0.0289436858147,-0.0187139604241,0.0157742332667,-0.0134351765737],[-0.00051198102301,0.000948796747252,-0.0050324308686,0.0114519577473,-0.0112476749346,0.00688078999519,-0.00133772601839,-0.00440703332424,0.0111052971333,-0.0187139604241,0.030334636569,-0.0169817749411,0.00691620493308],[0.000301271909848,0.000960895093158,0.00325683387928,-0.00952381268144,0.0100790914148,-0.00777617329732,0.000783718831372,0.00556292198598,-0.0151988659054,0.0157742332667,-0.0169817749411,0.0291170589626,-0.0106734624133],[0.000120768389024,-0.00261893402785,-0.00156163913198,0.00494342902675,-0.00545872049406,0.00489164097235,0.000333913456416,-0.00538502307609,0.0109773529693,-0.0134351765737,0.00691620493308,-0.0106734624133,0.0236220229417]],"mean":[-35.6698951721,104.48790741,-77.9508895874,5.04515838623,-24.7795448303,-15.2268285751,1.83268964291,-19.1341323853,1.66489648819,0.0195482876152,-6.19079208374,0.718636572361,-2.42370629311]},"hfc":{"dmean":29.4915409088,"dmean2":46.5593109131,"dvar":2113.76879883,"dvar2":5356.95605469,"max":1495.96936035,"mean":119.408157349,"median":62.0387077332,"min":1.06336006655e-16,"var":17702.9433594},"melbands":{"dmean":[0.00294331344776,0.000923436135054,0.00041745355702,0.000416393799242,0.000426513433922,0.000376740528736,0.000249315460678,0.00014540682605,0.000128841740661,0.00012611769489,0.00014633142564,0.0000626224427833,0.0000469147671538,0.000041034683818,0.0000312393603963,0.0000217273118324,0.0000340291589964,0.0000237440744968,0.0000144164941958,0.00000911065671971,0.00000456897123513,0.00000377749802283,0.0000033059868656,0.00000259717853623,0.00000240897338699,0.00000225937628784,0.00000168942449363,0.00000172015143107,0.0000017970544377,0.00000132367358674,0.00000102163789961,7.88268494034e-7,6.24414269623e-7,4.45451973974e-7,2.63980581394e-7,1.81284804057e-7,1.13672626867e-7,6.00184435484e-8,3.17614130552e-8,2.31009558149e-8],"dmean2":[0.0048974934034,0.0015476308763,0.000692343863193,0.000649883935694,0.000642228114884,0.000579546380322,0.000384224200388,0.000237722459133,0.000211733480683,0.000207486184081,0.000235281462665,0.000103130943899,0.0000777703826316,0.0000677202042425,0.0000512255901413,0.0000362150931323,0.0000564619804209,0.0000390776986023,0.0000237180101976,0.0000148266044562,0.00000728644818082,0.00000623992718829,0.00000530246006747,0.0000041158705244,0.0000038166590457,0.00000357501153303,0.0000026337959298,0.00000265170729108,0.00000280470203506,0.00000204712227969,0.00000152302629886,0.00000114925319394,8.83509983396e-7,6.42320799216e-7,3.87481776443e-7,2.66572271812e-7,1.74975653522e-7,9.41189384207e-8,5.19873886162e-8,3.84996177161e-8],"dvar":[0.0000205030646612,0.00000168617305008,6.15913450019e-7,5.03136107e-7,8.43092834657e-7,7.15367661996e-7,4.87368026825e-7,8.31440871707e-8,9.49081382373e-8,8.67923830583e-8,2.36672022425e-7,3.02408480479e-8,1.44348000219e-8,7.09437530944e-9,4.89544005333e-9,2.22113261117e-9,6.63816868141e-9,2.74742983919e-9,1.09607312115e-9,4.39188740931e-10,8.17711801049e-11,5.78904008064e-11,4.30664601203e-11,4.59381664653e-11,3.78684479607e-11,4.97242420849e-11,1.81370196639e-11,2.70790005003e-11,3.9714464356e-11,1.34859545406e-11,1.22297883626e-11,7.01955204033e-12,3.20747443362e-12,1.24026787104e-12,3.5430580453e-13,1.21576021277e-13,3.91893379456e-14,9.07826958274e-15,2.54850106269e-15,1.60529895922e-15],"dvar2":[0.0000539795073564,0.00000456418229078,0.00000158864770583,0.00000116219848678,0.00000174873605374,0.00000156725434408,9.93755293166e-7,2.10714034665e-7,2.36892859107e-7,2.11074720369e-7,5.44912211353e-7,7.93871066662e-8,3.69511106157e-8,1.82847088581e-8,1.26515553589e-8,5.73198599696e-9,1.76706258515e-8,7.0935701757e-9,2.91243051898e-9,1.12752318593e-9,2.05359396155e-10,1.49949219708e-10,1.03559771869e-10,1.14694129194e-10,8.60902252264e-11,1.18207249544e-10,4.08597322643e-11,5.91725557442e-11,9.72303973445e-11,3.24814203312e-11,2.47525871327e-11,1.47273339357e-11,6.11932379768e-12,2.33886326105e-12,6.94771497278e-13,2.45863957448e-13,8.44147885273e-14,1.99343410431e-14,6.28998069247e-15,4.05974844806e-15],"max":[0.0614487566054,0.0204852111638,0.0224010534585,0.021647579968,0.0277695637196,0.027227750048,0.0251778662205,0.00580656994134,0.00973135698587,0.00675998069346,0.0169949736446,0.00531161297113,0.00400204071775,0.00183721003123,0.00165685790125,0.00124530738685,0.00205078022555,0.00130997982342,0.000940218742471,0.000726782775018,0.000155192770762,0.000175740919076,0.00013116102491,0.000296054087812,0.000321125029586,0.000307451409753,0.000136647562613,0.000241686313529,0.000252612895565,0.00014879432274,0.000188284597243,0.000131160850287,0.0000984976795735,0.0000489814665343,0.0000281823777186,0.0000134106576297,0.00000367620464203,0.00000161796663178,7.2854066957e-7,6.48501440992e-7],"mean":[0.0051447651349,0.00163372966927,0.000678735377733,0.000749189057387,0.00077668967424,0.000629964808468,0.000407889427152,0.000220981994062,0.000195678658201,0.000189771570149,0.000220927016926,0.0000974197755568,0.0000751987172407,0.0000700004675309,0.0000525932264281,0.000036095669202,0.0000556626291655,0.000044521104428,0.0000280260210275,0.0000165765122802,0.00000792326136434,0.00000651067921353,0.00000560126864002,0.00000451655432698,0.00000416746934206,0.00000389600518247,0.00000319833657159,0.00000328250325765,0.00000329790418618,0.00000253314919973,0.00000191564504348,0.00000133548996928,0.00000101889486359,7.1620104336e-7,4.03042747621e-7,2.44287576834e-7,1.28833022472e-7,6.33027923413e-8,3.25711297933e-8,2.3283863726e-8],"median":[0.00249756360427,0.00108380510937,0.00034156354377,0.000368122622604,0.000309359747916,0.000238122127485,0.000129514141008,0.000084444465756,0.0000778687463026,0.0000693714391673,0.0000494305495522,0.0000294524597848,0.0000255110680882,0.0000249187796726,0.0000163405638887,0.0000126856493807,0.0000152425991473,0.0000115028178698,0.00000709926280251,0.00000553335576114,0.00000279735195363,0.00000185731073543,0.0000016568681076,0.0000011265227613,0.00000125689712149,0.0000012038103705,0.00000117836964364,0.00000119936601095,0.00000108418248601,9.68176664173e-7,6.72171495353e-7,4.39375526184e-7,2.96853386317e-7,2.14823444367e-7,1.1916554854e-7,6.42267252715e-8,3.15087618219e-8,1.68868474759e-8,1.13689608838e-8,8.20736190121e-9],"min":[6.86757159144e-25,9.20149546563e-25,1.44401994498e-24,1.78068448009e-24,1.24972774416e-24,1.87944158238e-24,1.38399315212e-24,2.08644420594e-24,2.56705120434e-24,2.6311980205e-24,2.69043812182e-24,1.84444968478e-24,3.38811104513e-24,2.46767524067e-24,2.99695554857e-24,2.33696631348e-24,3.27438649045e-24,3.59676436013e-24,3.257099787e-24,3.25670101782e-24,4.3189696743e-24,3.2997736121e-24,3.31082397566e-24,4.83772539444e-24,4.11074352748e-24,4.1199333626e-24,4.65416850585e-24,5.37012604165e-24,5.6813450794e-24,4.42513654708e-24,4.06924155526e-24,5.45901331073e-24,5.65023358859e-24,6.09822454122e-24,4.58941130857e-24,5.77270700513e-24,5.91292505888e-24,5.78865540605e-24,6.46757355578e-24,6.63993690255e-24],"var":[0.00004448162872,0.00000325247924593,0.00000128302974645,0.00000137548738621,0.00000235217976297,0.00000168001452039,0.00000130581202029,1.51389599523e-7,1.59962183943e-7,1.46400012113e-7,4.45183502507e-7,5.06262836097e-8,3.17211643619e-8,1.40944953486e-8,9.80323910937e-9,4.00671362755e-9,1.22595622543e-8,6.56407905808e-9,2.82119438921e-9,9.85255099728e-10,1.79467510297e-10,1.28182395254e-10,9.91043150322e-11,9.61344406858e-11,8.12225842139e-11,8.95259699707e-11,5.25807800078e-11,8.58961582417e-11,1.00607834563e-10,3.67260978573e-11,3.23386005474e-11,1.70823754447e-11,7.71324063648e-12,3.35641757443e-12,9.10931269651e-13,2.55733205879e-13,5.94371828231e-14,1.20189680758e-14,2.93019062586e-15,1.75919796359e-15]},"melbands_crest":{"dmean":4.52921009064,"dmean2":7.55043125153,"dvar":15.4551773071,"dvar2":41.7378540039,"max":37.8146247864,"mean":18.4283237457,"median":17.57563591,"min":1.7047713995,"var":54.759185791},"melbands_flatness_db":{"dmean":0.0340414866805,"dmean2":0.0528803505003,"dvar":0.000859686522745,"dvar2":0.00206534913741,"max":0.564731061459,"mean":0.274223536253,"median":0.271693408489,"min":0.00351004418917,"var":0.00536271790043},"melbands_kurtosis":{"dmean":12.8564958572,"dmean2":21.0901756287,"dvar":1105.23681641,"dvar2":2802.36572266,"max":912.658569336,"mean":23.9768276215,"median":10.4523067474,"min":-1.59709596634,"var":2103.10791016},"melbands_skewness":{"dmean":0.905880331993,"dmean2":1.45790493488,"dvar":1.24162828922,"dvar2":3.09092068672,"max":25.3958778381,"mean":3.15858006477,"median":2.57210016251,"min":-0.742762506008,"var":5.11713790894},"melbands_spread":{"dmean":3.95229387283,"dmean2":6.25091505051,"dvar":27.7932662964,"dvar2":66.3489456177,"max":232.831390381,"mean":13.7735996246,"median":10.5883207321,"min":0.319693177938,"var":246.239028931},"mfcc":{"cov":[[11446.9697266,1285.33544922,-1574.32067871,-55.3950080872,-429.105255127,390.055389404,-115.790794373,166.409439087,-191.034088135,342.257537842,65.7050323486,84.2518081665,21.0687046051],[1285.33544922,1199.80810547,-244.117446899,-93.1382522583,-60.0629043579,4.61257171631,37.5681495667,-88.0640411377,40.3959846497,28.5756149292,43.6779518127,-33.1094818115,19.8565254211],[-1574.32067871,-244.117446899,707.259521484,70.5044937134,122.459434509,-56.6622085571,15.3593111038,0.312936484814,40.6900787354,-44.2600708008,-29.837141037,12.5276222229,1.00095677376],[-55.3950080872,-93.1382522583,70.5044937134,383.091491699,-38.5238037109,93.2517776489,-28.780040741,11.8412485123,28.0539913177,0.742325246334,-19.2556285858,5.51396894455,9.23635387421],[-429.105255127,-60.0629043579,122.459434509,-38.5238037109,194.232269287,-23.5718669891,52.2931365967,18.0642318726,27.5042152405,-19.0597610474,17.0843391418,13.0031223297,5.66995191574],[390.055389404,4.61257171631,-56.6622085571,93.2517776489,-23.5718669891,172.321456909,5.85713386536,21.2053222656,-10.3793458939,13.3537073135,-9.63868427277,4.55762243271,10.0747747421],[-115.790794373,37.5681495667,15.3593111038,-28.780040741,52.2931365967,5.85713386536,126.734207153,-2.28222203255,18.0394077301,1.1085896492,10.3788518906,1.22637867928,13.540848732],[166.409439087,-88.0640411377,0.312936484814,11.8412485123,18.0642318726,21.2053222656,-2.28222203255,158.852340698,27.4242782593,9.56466293335,22.4508361816,40.5939292908,2.6019589901],[-191.034088135,40.3959846497,40.6900787354,28.0539913177,27.5042152405,-10.3793458939,18.0394077301,27.4242782593,118.237098694,10.6945667267,32.1039505005,21.4510231018,5.12734746933],[342.257537842,28.5756149292,-44.2600708008,0.742325246334,-19.0597610474,13.3537073135,1.1085896492,9.56466293335,10.6945667267,91.9237823486,18.3974742889,10.6951808929,7.0773935318],[65.7050323486,43.6779518127,-29.837141037,-19.2556285858,17.0843391418,-9.63868427277,10.3788518906,22.4508361816,32.1039505005,18.3974742889,74.5065078735,31.8816013336,11.7068567276],[84.2518081665,-33.1094818115,12.5276222229,5.51396894455,13.0031223297,4.55762243271,1.22637867928,40.5939292908,21.4510231018,10.6951808929,31.8816013336,76.6567840576,21.873052597],[21.0687046051,19.8565254211,1.00095677376,9.23635387421,5.66995191574,10.0747747421,13.540848732,2.6019589901,5.12734746933,7.0773935318,11.7068567276,21.873052597,56.2116889954]],"icov":[[0.000176931018359,-0.000166385434568,0.000276607141132,-0.00000837737934489,0.0000483200856252,-0.000206211494515,0.0000978905154625,-0.000223922324949,0.000306080357404,-0.000452578795375,0.000161208939971,-0.000315351469908,0.000125978403958],[-0.000166385434568,0.00119667884428,0.0000156170426635,0.000263684487436,0.000247017189395,0.0000340073165717,-0.000300667597912,0.000802762748208,-0.000914748874493,0.000412342953496,-0.000726609432604,0.000873506069183,-0.000556754937861],[0.000276607141132,0.0000156170426635,0.00235245982185,-0.000472909159726,-0.0010199561948,0.000382875470677,0.00017202248273,-0.0000880291554495,-0.000172255808138,-0.000312324758852,0.00140720745549,-0.000964402861428,0.0000607515321462],[-0.00000837737934489,0.000263684487436,-0.000472909159726,0.00353990774602,0.0007713715313,-0.00204663188197,0.000783731578849,0.000227496653679,-0.00148763589095,0.000205366552109,0.000595698249526,0.000125066639157,-0.000636444601696],[0.0000483200856252,0.000247017189395,-0.0010199561948,0.0007713715313,0.00721459416673,0.0000593311924604,-0.00250113103539,-0.000560204847716,-0.000690823071636,0.0012133421842,-0.00148989108857,-0.0000592860560573,-0.0000802726208349],[-0.000206211494515,0.0000340073165717,0.000382875470677,-0.00204663188197,0.0000593311924604,0.00786301493645,-0.00122455542441,-0.000955056108069,0.000864944828209,-0.000305093737552,0.00110638153274,-0.000015917537894,-0.000946033687796],[0.0000978905154625,-0.000300667597912,0.00017202248273,0.000783731578849,-0.00250113103539,-0.00122455542441,0.00970067083836,0.000298345519695,-0.00104584835935,-0.000473547464935,-0.00014367273252,0.000879158324096,-0.00209832540713],[-0.000223922324949,0.000802762748208,-0.0000880291554495,0.000227496653679,-0.000560204847716,-0.000955056108069,0.000298345519695,0.00836920831352,-0.00185900635552,0.000372357317246,-0.000920013932046,-0.00314923841506,0.00107267813291],[0.000306080357404,-0.000914748874493,-0.000172255808138,-0.00148763589095,-0.000690823071636,0.000864944828209,-0.00104584835935,-0.00185900635552,0.011805688031,-0.00158616481349,-0.00344068091363,-0.00150409771595,0.00113325403072],[-0.000452578795375,0.000412342953496,-0.000312324758852,0.000205366552109,0.0012133421842,-0.000305093737552,-0.000473547464935,0.000372357317246,-0.00158616481349,0.013344919309,-0.0029062347021,0.000431405991549,-0.00107320828829],[0.000161208939971,-0.000726609432604,0.00140720745549,0.000595698249526,-0.00148989108857,0.00110638153274,-0.00014367273252,-0.000920013932046,-0.00344068091363,-0.0029062347021,0.0205385368317,-0.0070461188443,-0.000753406551667],[-0.000315351469908,0.000873506069183,-0.000964402861428,0.000125066639157,-0.0000592860560573,-0.000015917537894,0.000879158324096,-0.00314923841506,-0.00150409771595,0.000431405991549,-0.0070461188443,0.0208136439323,-0.00679957633838],[0.000125978403958,-0.000556754937861,0.0000607515321462,-0.000636444601696,-0.0000802726208349,-0.000946033687796,-0.00209832540713,0.00107267813291,0.00113325403072,-0.00107320828829,-0.000753406551667,-0.00679957633838,0.0215108171105]],"mean":[-693.520446777,161.669586182,1.1217417717,34.9473991394,-9.00000190735,21.1676521301,-3.17807936668,2.17023491859,2.98805165291,6.65910053253,0.676710665226,0.785219371319,0.700267255306]},"pitch_salience":{"dmean":0.0824041515589,"dmean2":0.135168582201,"dvar":0.00500200036913,"dvar2":0.0130109861493,"max":0.850928604603,"mean":0.515275239944,"median":0.532520413399,"min":0.063768915832,"var":0.0185537487268},"silence_rate_20dB":{"dmean":0,"dmean2":0,"dvar":0,"dvar2":0,"max":1,"mean":1,"median":1,"min":1,"var":0},"silence_rate_30dB":{"dmean":0.0392041541636,"dmean2":0.0784159973264,"dvar":0.0376659817994,"dvar2":0.0840281322598,"max":1,"mean":0.932575464249,"median":1,"min":0,"var":0.0628768056631},"silence_rate_60dB":{"dmean":0.0111731840298,"dmean2":0.0223485585302,"dvar":0.0110463714227,"dvar2":0.0277256499976,"max":1,"mean":0.0642885118723,"median":0,"min":0,"var":0.0601484775543},"spectral_centroid":{"dmean":174.530181885,"dmean2":261.527038574,"dvar":51783.2890625,"dvar2":97653.5078125,"max":11869.9179688,"mean":953.870178223,"median":766.203063965,"min":163.920883179,"var":1085639.75},"spectral_complexity":{"dmean":2.85288643837,"dmean2":4.39580488205,"dvar":9.97096157074,"dvar2":19.8047924042,"max":59,"mean":15.4360055923,"median":15,"min":0,"var":99.1921615601},"spectral_contrast_coeffs":{"dmean":[0.052116330713,0.0502169430256,0.0391502119601,0.0277804359794,0.0206217747182,0.0442063361406],"dmean2":[0.0849687680602,0.0838023275137,0.0651319772005,0.0464765392244,0.0342491306365,0.0694072842598],"dvar":[0.00165620504413,0.00153685803525,0.000946479092818,0.000506710144691,0.00028960063355,0.00147627713159],"dvar2":[0.00450983503833,0.00429476471618,0.00262287445366,0.00139640481211,0.00077180750668,0.00365481991321],"max":[-0.262452453375,-0.455170571804,-0.504040718079,-0.625452756882,-0.68894970417,-0.428589254618],"mean":[-0.700702011585,-0.766172885895,-0.799762845039,-0.819484949112,-0.833567976952,-0.727137327194],"median":[-0.709310412407,-0.771475970745,-0.801595926285,-0.820878326893,-0.830846309662,-0.727776885033],"min":[-0.981744468212,-0.979710280895,-0.974651217461,-0.981757462025,-0.970585107803,-0.966444432735],"var":[0.00817530043423,0.00437666894868,0.00326935108751,0.00251890067011,0.00150683161337,0.00643572304398]},"spectral_contrast_valleys":{"dmean":[0.385722786188,0.36977404356,0.333042562008,0.29608169198,0.312629729509,0.652314662933],"dmean2":[0.63358092308,0.60571616888,0.540333628654,0.467594444752,0.470284253359,1.04060053825],"dvar":[0.106489315629,0.103563003242,0.0944070443511,0.0867017135024,0.113454215229,0.3172134161],"dvar2":[0.260681033134,0.248368963599,0.218115746975,0.193934053183,0.240782126784,0.790121734142],"max":[-4.80236005783,-4.55932235718,-5.10750246048,-5.35637760162,-5.59844303131,-8.90540599823],"mean":[-6.97502374649,-6.69092941284,-7.39562606812,-7.92130327225,-8.19268798828,-11.3826198578],"median":[-6.62209415436,-6.319190979,-6.97582292557,-7.53583478928,-7.87759494781,-11.1061553955],"min":[-28.2045211792,-27.881729126,-27.8645324707,-27.7402362823,-27.4829139709,-27.3912181854],"var":[4.59320497513,4.86570358276,4.85047721863,4.70194387436,4.35673189163,3.13779067993]},"spectral_decrease":{"dmean":3.35768679527e-9,"dmean2":5.35050714845e-9,"dvar":1.94200137172e-17,"dvar2":4.92661956868e-17,"max":1.29978849905e-9,"mean":-8.31610336149e-9,"median":-6.25721385816e-9,"min":-7.01157105709e-8,"var":5.96169581546e-17},"spectral_energy":{"dmean":0.0132265752181,"dmean2":0.0208074916154,"dvar":0.000294253608445,"dvar2":0.000727124221157,"max":0.325363099575,"mean":0.0422175563872,"median":0.0325870141387,"min":9.95227604651e-21,"var":0.00136743742041},"spectral_energyband_high":{"dmean":0.0001711101213,"dmean2":0.000231182246353,"dvar":1.59289442081e-7,"dvar2":2.66406289029e-7,"max":0.0159750003368,"mean":0.000442272808868,"median":0.00021208554972,"min":6.90733212324e-21,"var":7.16360773367e-7},"spectral_energyband_low":{"dmean":0.0101748220623,"dmean2":0.0168778616935,"dvar":0.000222473157919,"dvar2":0.000587757152971,"max":0.218572169542,"mean":0.0197598468512,"median":0.012268608436,"min":1.59252178766e-23,"var":0.000495797023177},"spectral_energyband_middle_high":{"dmean":0.0014745509252,"dmean2":0.00228292238899,"dvar":0.00000970626661001,"dvar2":0.0000229277393373,"max":0.0946051999927,"mean":0.00410038698465,"median":0.00184372183867,"min":1.16906863747e-21,"var":0.0000365592713933},"spectral_energyband_middle_low":{"dmean":0.00484505807981,"dmean2":0.00739033380523,"dvar":0.0000533668498974,"dvar2":0.000119931231893,"max":0.139059454203,"mean":0.0129145849496,"median":0.00804960913956,"min":1.527753215e-22,"var":0.000209690726479},"spectral_entropy":{"dmean":0.195245936513,"dmean2":0.293320178986,"dvar":0.0362263917923,"dvar2":0.0812518373132,"max":9.82117652893,"mean":7.42326831818,"median":7.46103191376,"min":5.07311820984,"var":0.226570248604},"spectral_flux":{"dmean":0.0226036440581,"dmean2":0.0367112085223,"dvar":0.000622339139227,"dvar2":0.0014916958753,"max":0.360403716564,"mean":0.0981366708875,"median":0.0929816812277,"min":6.34636371233e-11,"var":0.00284467427991},"spectral_kurtosis":{"dmean":3.28965163231,"dmean2":5.07204532623,"dvar":27.3199329376,"dvar2":70.275177002,"max":171.927688599,"mean":13.5484724045,"median":11.442281723,"min":-1.25051617622,"var":82.9292297363},"spectral_rms":{"dmean":0.000943728431594,"dmean2":0.00146277458407,"dvar":9.32036016366e-7,"dvar2":0.00000221545565182,"max":0.0178164932877,"mean":0.00576432840899,"median":0.00563845783472,"min":3.11601308992e-12,"var":0.00000796025142336},"spectral_rolloff":{"dmean":3500.55737305,"dmean2":6744.03076172,"dvar":49071436,"dvar2":125609104,"max":22050,"mean":7453.20166016,"median":1227.39257812,"min":21.533203125,"var":90192080},"spectral_skewness":{"dmean":0.296805351973,"dmean2":0.442696720362,"dvar":0.136804565787,"dvar2":0.32463696599,"max":11.3650226593,"mean":2.45777344704,"median":2.35616779327,"min":-0.0803903117776,"var":0.770033955574},"spectral_spread":{"dmean":505380.78125,"dmean2":775962.75,"dvar":378167033856,"dvar2":787315359744,"max":42602500,"mean":4521358.5,"median":4089678,"min":1325175.125,"var":11820688474100},"spectral_strongpeak":{"dmean":1.11047577858,"dmean2":2.06756925583,"dvar":39.6583518982,"dvar2":119.213500977,"max":100.472389221,"mean":0.975709676743,"median":0.270391821861,"min":0,"var":23.9044914246},"zerocrossingrate":{"dmean":0.0320924669504,"dmean2":0.0411711744964,"dvar":0.000753280939534,"dvar2":0.00122026388999,"max":0.70068359375,"mean":0.205609381199,"median":0.1943359375,"min":0.009765625,"var":0.0105999810621}},"metadata":{"audio_properties":{"analysis_sample_rate":44100,"bit_rate":192000,"codec":"mp3","downmix":"mix","equal_loudness":0,"length":236.904495239,"lossless":false,"md5_encoded":"99277298ab3083e7d466f57839a32f9e","replay_gain":-8.14911651611},"tags":{"album":["The Best of Bond... James Bond"],"albumartist":["Various Artists"],"artist":["Garbage"],"composer":["David Arnold"],"date":["2002-09-16"],"discnumber":["1/1"],"file_name":"20 - The World Is Not Enough.mp3","lyricist":["Don Black"],"musicbrainz album type":["album","compilation","soundtrack"],"musicbrainz release track id":["28db1820-19f3-3d98-857e-11717acb029b"],"musicbrainz_albumartistid":["89ad4ac3-39f7-470e-963a-56509c546377"],"musicbrainz_albumid":["40db2e86-38c3-476a-be6c-6ceb56a24fc4"],"musicbrainz_artistid":["f9ef7a22-4262-4596-a2a8-1d19345b8e50"],"musicbrainz_recordingid":["2e6ec1ef-bd10-4c3f-a9c3-4380492353ba"],"musicbrainz_releasegroupid":["d06b41a6-9d62-4ede-9f22-4bf1398ca13d"],"musicbrainz_workid":["35042d30-d055-41cf-9163-1c4e8f08f0b2"],"performer:additional bass guitar":["Daniel Shulman"],"title":["The World Is Not Enough"],"tracknumber":["20/22"]},"version":{"essentia":"2.1-beta1","essentia_build_sha":"0a826ad6289770054bb7564d59068f1232327ff9","essentia_git_sha":"v2.1_beta1-5-gf9dded9","extractor":"music 1.0"}},"rhythm":{"beats_count":668,"beats_loudness":{"dmean":0.0227225851268,"dmean2":0.0390457771719,"dvar":0.000577514932957,"dvar2":0.00162539072335,"max":0.221318408847,"mean":0.0515829771757,"median":0.0409395173192,"min":0,"var":0.00165677478071},"beats_loudness_band_ratio":{"dmean":[0.182019650936,0.116741664708,0.0796878486872,0.0418658666313,0.0201327875257,0.0587312616408],"dmean2":[0.298991560936,0.195895835757,0.132908210158,0.0705101341009,0.0344355143607,0.100980065763],"dvar":[0.0223880056292,0.0125164650381,0.00819457508624,0.00206495821476,0.000648370303679,0.00508558470756],"dvar2":[0.0587846152484,0.0320321917534,0.02