{"lowlevel":{"average_loudness":0.913354873657,"barkbands":{"dmean":[0.000022165275368,0.0011683589546,0.00139100791421,0.00273746089078,0.00127829797566,0.000460647919681,0.000418666459154,0.000381356861908,0.000461969088065,0.000616512203123,0.000963577476796,0.000388434389606,0.000582452223171,0.00103683071211,0.000551351811737,0.000332228693878,0.000299485196592,0.00026044587139,0.000206824333873,0.000254614162259,0.00012574113498,0.0000389507986256,0.0000196604705707,0.0000188482154044,0.0000158139373525,0.0000177649217221,0.00000280257654595],"dmean2":[0.0000327346897393,0.0021057263948,0.00260141887702,0.0044874958694,0.00221041101031,0.000820644316263,0.00070440035779,0.0006149149267,0.000722068536561,0.00100375642069,0.00154685019515,0.000634879863355,0.000932686030865,0.00162841705605,0.000889611314051,0.000533013662789,0.000497485976666,0.000427060062066,0.000338767596986,0.000410988199292,0.000198525711312,0.0000607726506132,0.0000304402528855,0.0000276486425719,0.0000222709768423,0.0000243719423452,0.00000411253631682],"dvar":[8.776324667e-10,0.00000929575344344,0.0000132724189825,0.0000497540240758,0.00001199896451,8.60491013555e-7,5.92624985529e-7,9.32862121772e-7,0.00000256776274909,0.00000455553572465,0.00000715533587936,0.0000011271083622,0.00000191909998648,0.00000758371061238,0.00000156572934884,7.97124698693e-7,1.6960478888e-7,1.19667319609e-7,9.08616470952e-8,1.18806482874e-7,3.45477459973e-8,4.29100577293e-9,3.66774965954e-9,5.16418063867e-9,2.90436052985e-9,9.30339694172e-10,2.44190483806e-11],"dvar2":[1.67544977892e-9,0.0000256950588664,0.0000381876889151,0.000125208112877,0.0000329866525135,0.00000259556736637,0.00000143493139149,0.00000213505859392,0.00000535754816156,0.0000124433172459,0.0000187738332897,0.00000285034843728,0.00000465342873213,0.0000192266725207,0.00000391509729525,0.00000204265870707,4.50494582083e-7,3.21685263316e-7,2.33970496311e-7,3.07149434775e-7,8.20957737346e-8,1.0010686502e-8,8.29672508473e-9,9.66144497738e-9,5.64282087723e-9,1.57442048287e-9,4.55230401986e-11],"max":[0.000437749607954,0.0263595022261,0.0348047018051,0.07388651371,0.0488887019455,0.0152742192149,0.0339974798262,0.0358673632145,0.064139932394,0.0551207214594,0.068953409791,0.0447916202247,0.0398579388857,0.107576854527,0.0356620065868,0.0216982066631,0.0116677349433,0.00746193900704,0.00717933429405,0.00883559882641,0.00406286725774,0.00180175469723,0.00245663803071,0.00325551233254,0.00179333519191,0.00165382411797,0.000205984411878],"mean":[0.0000585700108786,0.000948492495809,0.00103395001497,0.00265119294636,0.00159892684314,0.000618809426669,0.000622291583568,0.000604978471529,0.000816969084553,0.000987129518762,0.00158536259551,0.000646934262477,0.000982446479611,0.00174180627801,0.00098771462217,0.000647389446385,0.000685822684318,0.000622651190497,0.000513769628014,0.000690170563757,0.000350118760252,0.000100892022601,0.0000564397378184,0.0000479924565298,0.0000399993696192,0.0000469681835966,0.00000566055132367],"median":[0.0000483605981572,0.000265333161224,0.000251165707596,0.000634925207123,0.000890106952284,0.000338485027896,0.000356493954314,0.000220894638915,0.000344832078554,0.00027173027047,0.000415610003984,0.000303955486743,0.000411314686062,0.000542031775694,0.000401377386879,0.000277703744359,0.000536792969797,0.000470118800877,0.000361679994967,0.000534435734153,0.000264639791567,0.0000666077103233,0.0000442412492703,0.0000319284117722,0.000028007218134,0.0000346489941876,0.00000377587753064],"min":[2.74810424842e-23,1.62395095275e-23,1.49463771773e-23,1.46374860681e-23,4.41664193508e-23,6.29328680834e-23,3.33809931478e-23,6.27823408009e-23,2.74131941355e-23,6.26531758717e-23,2.58493089453e-23,5.59193834541e-23,9.56191303646e-23,1.02154710436e-22,1.12944522705e-22,9.49235633055e-23,1.72729248864e-22,2.1447257466e-22,2.5303908817e-22,2.07107630409e-22,4.12464393505e-22,4.88276728531e-22,8.90953390309e-22,1.05037175367e-21,1.18274852055e-21,1.67839308372e-21,2.348721996e-21],"var":[1.7475624281e-9,0.00000612288158663,0.00000787399949331,0.0000460558330815,0.00000902351075638,8.36573917695e-7,9.0649990625e-7,0.00000186962768112,0.00000597221469434,0.00000941400867305,0.0000159338687808,0.00000206476215681,0.0000039775723053,0.0000171615665749,0.00000358614033757,0.00000218761442738,3.84211574556e-7,3.35682244668e-7,2.7509011602e-7,4.10925139249e-7,1.14054479639e-7,1.33697861671e-8,6.54943788092e-9,9.25178333944e-9,5.14566034227e-9,2.81742162933e-9,6.5001254379e-11]},"barkbands_crest":{"dmean":2.54088592529,"dmean2":4.09084033966,"dvar":6.16772460938,"dvar2":14.7762651443,"max":25.0537338257,"mean":7.71239423752,"median":6.45478248596,"min":1.98546528816,"var":17.9243659973},"barkbands_flatness_db":{"dmean":0.0174431484193,"dmean2":0.0276280790567,"dvar":0.000379431701731,"dvar2":0.000937297241762,"max":0.254815489054,"mean":0.0799325108528,"median":0.0715117901564,"min":0.0127632571384,"var":0.00137490697671},"barkbands_kurtosis":{"dmean":1.25660538673,"dmean2":2.10627841949,"dvar":5.67779111862,"dvar2":15.3305549622,"max":58.7280349731,"mean":0.913002312183,"median":-0.48140835762,"min":-1.95821416378,"var":31.4808235168},"barkbands_skewness":{"dmean":0.468291759491,"dmean2":0.740348875523,"dvar":0.296324968338,"dvar2":0.714286506176,"max":5.45751905441,"mean":0.320563018322,"median":0.284900248051,"min":-7.01244401932,"var":1.31167256832},"barkbands_spread":{"dmean":5.42379522324,"dmean2":8.48416137695,"dvar":31.1160507202,"dvar2":75.313949585,"max":156.843200684,"mean":28.6384105682,"median":28.7244110107,"min":2.37166309357,"var":172.118270874},"dissonance":{"dmean":0.00998222455382,"dmean2":0.0171916335821,"dvar":0.000120256736409,"dvar2":0.000343870255165,"max":0.500000119209,"mean":0.484395235777,"median":0.488121747971,"min":0.360048025846,"var":0.000185569442692},"dynamic_complexity":3.07702159882,"erbbands":{"dmean":[0.0213118772954,0.318724393845,1.41721022129,5.23361873627,8.13536643982,2.94691324234,2.92453861237,4.13042402267,5.23600769043,7.63571405411,8.1442117691,10.165640831,13.0001392365,25.1833572388,36.5469284058,14.9044027328,22.837884903,52.7128448486,30.2783107758,25.0559425354,13.545545578,15.6675100327,13.604883194,11.077589035,10.2982397079,12.2721757889,7.38859415054,3.59931588173,1.56281197071,0.789544999599,0.528453409672,0.395498603582,0.324384778738,0.196005955338,0.109528839588,0.078614987433,0.0363024435937,0.00579914869741,0.000491374696139,0.0000190609043784],"dmean2":[0.03613505885,0.582011520863,2.61356878281,8.76760101318,13.661863327,5.04005670547,5.11502170563,7.39551448822,8.94676876068,12.5634469986,12.9284982681,15.7735586166,20.9911212921,40.3944282532,59.0143508911,24.1100273132,36.4783935547,81.3364257812,48.4200515747,39.9732131958,21.5522766113,25.966884613,22.282743454,18.0554161072,16.8958072662,19.762834549,11.7219867706,5.66319561005,2.42469263077,1.21676087379,0.816183686256,0.597097635269,0.472413480282,0.279716610909,0.157304316759,0.111418448389,0.0515181683004,0.00815153680742,0.000713096698746,0.0000263074616669],"dvar":[0.00236216560006,0.718889415264,13.1993370056,150.082458496,543.795532227,38.7399749756,39.1577148438,70.1115570068,92.3164672852,251.724075317,622.193359375,1375.83093262,1877.57299805,5151.63574219,11705.5800781,1472.92297363,2529.42358398,18721.7910156,5020.17480469,3584.55712891,635.381713867,494.781524658,305.300079346,296.228851318,228.224334717,319.258453369,104.512481689,29.7511711121,6.33683013916,2.94521355629,2.97708559036,1.75473177433,1.68188846111,0.731702446938,0.0749670565128,0.0162339881063,0.00429994193837,0.000138056129799,7.00954899457e-7,7.22590154378e-10],"dvar2":[0.00618915632367,2.00338435173,37.5554504395,386.72177124,1411.71850586,108.230491638,112.478050232,212.31427002,244.219436646,600.18182373,1374.37072754,2803.92211914,4764.35107422,13544.6152344,31634.8867188,3470.62084961,6140.44726562,44389.1835938,13188.3408203,8980.52441406,1517.08789062,1307.00158691,790.320678711,793.137023926,568.127380371,826.948852539,258.173706055,68.584564209,14.734041214,6.87622070312,6.50533819199,3.43759703636,3.1675362587,1.42758953571,0.154766887426,0.0310525167733,0.00745655130595,0.000236591047724,0.00000130783143959,1.23714383182e-9],"max":[0.454808503389,7.14576196671,31.1039791107,130.965103149,279.502990723,92.7021179199,104.914833069,144.594909668,300.382202148,451.042053223,953.003845215,1462.23474121,1210.1541748,1755.96838379,2729.70483398,1924.75720215,1507.26586914,4713.08544922,2222.73730469,1357.9251709,857.161132812,776.783630371,478.547698975,508.150787354,412.569580078,417.151092529,251.869857788,152.757080078,55.1544113159,69.6601867676,72.5218887329,50.816570282,58.1358337402,28.3083934784,11.6084012985,3.61412858963,4.18655824661,0.735559761524,0.0378646105528,0.00147417315748],"mean":[0.0201919227839,0.247564673424,1.08927237988,5.06510162354,8.22221755981,4.40874624252,4.22393703461,5.44538068771,7.5942606926,11.9535732269,13.945599556,18.384431839,22.3836574554,44.2208175659,61.8687438965,28.5147476196,43.6355895996,93.0623931885,57.4200210571,50.5801467896,31.5022106171,38.1841430664,35.530216217,27.8687343597,27.3721485138,32.9428405762,21.1430091858,10.0955114365,4.24086380005,2.23547410965,1.50886356831,1.02277314663,0.765791118145,0.444537222385,0.283521831036,0.209589138627,0.0884143263102,0.0135072311386,0.00100763654336,0.000055025328038],"median":[0.0055034738034,0.0665291249752,0.275480121374,1.38162386417,2.73887252808,2.79650688171,2.49633717537,2.87468767166,4.37867689133,5.74046754837,5.51013946533,8.00055789948,8.97791481018,13.3279857635,18.1709289551,15.2845001221,21.966501236,30.1735553741,26.342130661,19.8551559448,19.3931179047,30.2057514191,28.0587558746,19.6361427307,20.1297569275,25.1247272491,16.3479499817,7.38744115829,2.87160825729,1.69184839725,1.17033481598,0.716730237007,0.479688435793,0.285022854805,0.201107472181,0.154370337725,0.0645660236478,0.0096482001245,0.000674758339301,0.0000466341953143],"min":[2.67311790756e-22,4.86432646889e-21,1.92732791919e-20,3.8257332744e-20,5.18269560431e-20,1.71683287765e-19,1.69175987006e-19,6.0358728233e-19,8.21966376164e-19,1.17361998311e-18,6.24484242748e-19,4.12980338123e-19,1.75789507968e-18,1.59518110517e-18,1.46008638112e-18,2.43261803353e-18,4.6790455694e-18,5.26984856857e-18,4.93570482422e-18,7.99379816628e-18,5.33829735067e-18,9.16598257744e-18,9.30807235434e-18,1.15324850986e-17,1.4485444612e-17,9.05298143395e-18,1.40686630429e-17,1.77474694079e-17,1.93763385809e-17,1.69089994343e-17,3.11154476062e-17,2.2189153019e-17,1.70833889598e-17,1.23581569337e-17,9.16717702624e-18,5.25840204325e-18,3.20670109539e-18,1.42570544614e-18,3.2719196338e-19,3.51582908855e-20],"var":[0.0019208205631,0.454376190901,8.0610332489,135.245864868,446.683197021,35.197593689,36.1234283447,69.3488311768,123.556213379,431.772857666,1163.30175781,3026.06298828,3722.33178711,11659.7109375,24653.5078125,2987.63769531,5907.14550781,45059.578125,11638.6201172,9988.21875,2075.95996094,1158.5682373,977.848693848,806.871643066,757.66192627,1067.57421875,373.215545654,103.899536133,22.0313930511,6.25281095505,5.32421350479,3.16458630562,2.97763323784,1.20466339588,0.13937830925,0.0466329902411,0.0118096610531,0.000384457409382,0.00000188532692391,2.4043536051e-9]},"erbbands_crest":{"dmean":2.41182947159,"dmean2":3.96620368958,"dvar":6.50594043732,"dvar2":16.2275028229,"max":30.9638977051,"mean":8.13490104675,"median":6.60989618301,"min":2.20775055885,"var":20.9670791626},"erbbands_flatness_db":{"dmean":0.014164977707,"dmean2":0.0203794948757,"dvar":0.000167711739778,"dvar2":0.000343801162671,"max":0.336751401424,"mean":0.149853795767,"median":0.145149946213,"min":0.0330251418054,"var":0.00151614297647},"erbbands_kurtosis":{"dmean":0.693454742432,"dmean2":1.13230717182,"dvar":0.766111969948,"dvar2":1.97337460518,"max":24.2803649902,"mean":0.319309175014,"median":0.0359635353088,"min":-1.72152423859,"var":1.7826513052},"erbbands_skewness":{"dmean":0.26486119628,"dmean2":0.42163413763,"dvar":0.0563907288015,"dvar2":0.142735719681,"max":2.96820306778,"mean":-0.176596194506,"median":-0.27681517601,"min":-1.81778490543,"var":0.330859333277},"erbbands_spread":{"dmean":6.68485355377,"dmean2":10.4055519104,"dvar":57.2962532043,"dvar2":131.278808594,"max":121.467155457,"mean":31.2390632629,"median":28.802740097,"min":2.28734087944,"var":202.106414795},"gfcc":{"cov":[[29047.0761719,2783.73095703,-2689.97314453,746.33795166,-941.666870117,45.7789535522,-778.85748291,-44.2957954407,-923.874450684,6.59632825851,-623.105773926,-263.093902588,-316.60144043],[2783.73095703,904.840515137,-353.376495361,161.688964844,-64.6076660156,-81.0718307495,-56.5368652344,-51.7197341919,-75.9505462646,-35.1505203247,-22.9176063538,-42.8226699829,-30.0980396271],[-2689.97314453,-353.376495361,749.143798828,19.8577423096,143.007217407,3.76121926308,44.234500885,17.3743915558,52.9987792969,15.815612793,14.7128515244,49.2700080872,-17.7555217743],[746.33795166,161.688964844,19.8577423096,247.31552124,40.0846710205,-20.8314342499,-47.7151565552,-16.7436618805,-28.7887821198,-25.0900974274,-17.518037796,-23.7986621857,-1.5198417902],[-941.666870117,-64.6076660156,143.007217407,40.0846710205,175.899276733,29.8620376587,61.500869751,20.4523773193,33.4340133667,6.32137966156,14.3312597275,9.09818267822,13.0512561798],[45.7789535522,-81.0718307495,3.76121926308,-20.8314342499,29.8620376587,127.997177124,67.9172592163,25.1147575378,4.43515968323,8.21856594086,2.06289696693,-1.71648359299,-1.15138828754],[-778.85748291,-56.5368652344,44.234500885,-47.7151565552,61.500869751,67.9172592163,145.888671875,28.7599754333,28.11577034,12.2603826523,21.8580112457,10.2834405899,9.71091175079],[-44.2957954407,-51.7197341919,17.3743915558,-16.7436618805,20.4523773193,25.1147575378,28.7599754333,83.9817276001,39.5340309143,13.709731102,-2.71513938904,1.81771862507,2.45638036728],[-923.874450684,-75.9505462646,52.9987792969,-28.7887821198,33.4340133667,4.43515968323,28.11577034,39.5340309143,110.06879425,31.1701335907,24.496799469,2.3638958931,10.6649093628],[6.59632825851,-35.1505203247,15.815612793,-25.0900974274,6.32137966156,8.21856594086,12.2603826523,13.709731102,31.1701335907,67.1692810059,19.5653896332,7.55972290039,-5.15401220322],[-623.105773926,-22.9176063538,14.7128515244,-17.518037796,14.3312597275,2.06289696693,21.8580112457,-2.71513938904,24.496799469,19.5653896332,73.0448608398,24.9987316132,13.4219074249],[-263.093902588,-42.8226699829,49.2700080872,-23.7986621857,9.09818267822,-1.71648359299,10.2834405899,1.81771862507,2.3638958931,7.55972290039,24.9987316132,58.245552063,22.1150512695],[-316.60144043,-30.0980396271,-17.7555217743,-1.5198417902,13.0512561798,-1.15138828754,9.71091175079,2.45638036728,10.6649093628,-5.15401220322,13.4219074249,22.1150512695,57.6162261963]],"icov":[[0.000289729476208,-0.000461219489807,0.000685321632773,-0.000616831472144,0.000501404807437,-0.000925072468817,0.000957380456384,-0.00102577870712,0.00165732833557,-0.00165530655067,0.00172583886888,-0.00101226347033,0.000828009622637],[-0.000461219489807,0.00261064106598,-0.000109470987809,-0.000346864777384,-0.000719478179235,0.0027633223217,-0.00238057551906,0.00200771493837,-0.0023527003359,0.00283369957469,-0.00273081380874,0.00116248591803,0.000199243717361],[0.000685321632773,-0.000109470987809,0.00398711208254,-0.0023029288277,-0.000192238934687,-0.00129470508546,0.00175430334639,-0.00192317960318,0.00313901738264,-0.00358817656524,0.00470304349437,-0.00498125795275,0.00459496723488],[-0.000616831472144,-0.000346864777384,-0.0023029288277,0.0075953733176,-0.00337401474826,0.00118308735546,0.000836680468637,0.00187947391532,-0.00229349639267,0.00429181056097,-0.00406701071188,0.00505065498874,-0.00369597994722],[0.000501404807437,-0.000719478179235,-0.000192238934687,-0.00337401474826,0.0099511789158,-0.00207077967934,-0.00178501917981,-0.00210258620791,0.00147676246706,-0.0028895069845,0.00266475882381,-0.00143934402149,-0.000274028483545],[-0.000925072468817,0.0027633223217,-0.00129470508546,0.00118308735546,-0.00207077967934,0.0148418676108,-0.00856014899909,0.00132216978818,-0.0032822159119,0.00443699583411,-0.00507070822641,0.00382886524312,-0.00113941379823],[0.000957380456384,-0.00238057551906,0.00175430334639,0.000836680468637,-0.00178501917981,-0.00856014899909,0.0155391311273,-0.00492636626586,0.00506307650357,-0.00498658698052,0.00332090165466,-0.00258530606516,0.001239638892],[-0.00102577870712,0.00200771493837,-0.00192317960318,0.00187947391532,-0.00210258620791,0.00132216978818,-0.00492636626586,0.0199198573828,-0.0118924137205,0.0050088558346,-0.00214415648952,0.00137502863072,-0.00202609132975],[0.00165732833557,-0.0023527003359,0.00313901738264,-0.00229349639267,0.00147676246706,-0.0032822159119,0.00506307650357,-0.0118924137205,0.0245591644198,-0.0140862846747,0.00562774250284,-0.00072563107824,0.00119988224469],[-0.00165530655067,0.00283369957469,-0.00358817656524,0.00429181056097,-0.0028895069845,0.00443699583411,-0.00498658698052,0.0050088558346,-0.0140862846747,0.0286434218287,-0.0134302880615,0.00341477175243,-0.000250449433224],[0.00172583886888,-0.00273081380874,0.00470304349437,-0.00406701071188,0.00266475882381,-0.00507070822641,0.00332090165466,-0.00214415648952,0.00562774250284,-0.0134302880615,0.0298408567905,-0.0138859292492,0.00436098268256],[-0.00101226347033,0.00116248591803,-0.00498125795275,0.00505065498874,-0.00143934402149,0.00382886524312,-0.00258530606516,0.00137502863072,-0.00072563107824,0.00341477175243,-0.0138859292492,0.0313111431897,-0.0139210019261],[0.000828009622637,0.000199243717361,0.00459496723488,-0.00369597994722,-0.000274028483545,-0.00113941379823,0.001239638892,-0.00202609132975,0.00119988224469,-0.000250449433224,0.00436098268256,-0.0139210019261,0.0273284371942]],"mean":[-4.25954580307,56.7266845703,-135.877624512,23.4928741455,-44.081577301,3.7383620739,-32.4119338989,4.62023353577,-35.5760650635,6.15019035339,-22.8511543274,-0.92917817831,-16.3900775909]},"hfc":{"dmean":5.73624181747,"dmean2":8.42009830475,"dvar":51.5249938965,"dvar2":118.207260132,"max":187.671142578,"mean":25.0762233734,"median":21.5924072266,"min":1.152651302e-16,"var":312.425964355},"melbands":{"dmean":[0.000258972431766,0.000616973033175,0.00107638339978,0.000367238506442,0.0000983769787126,0.0000909804512048,0.000080219564552,0.0000835746832308,0.0000703707919456,0.0000641629376332,0.0000691727545927,0.000101882265881,0.000135617679916,0.0000528559430677,0.0000424956597271,0.0000649043504382,0.000107852021756,0.0000541639892617,0.000037379002606,0.0000306674737658,0.000015846118913,0.0000177789879672,0.0000174487340701,0.0000125935403048,0.00000993713001662,0.00000819708111521,0.00000835591163195,0.00000933211049414,0.00000616497118244,0.00000311498342853,0.00000213200564758,0.0000011142378753,5.51741607069e-7,4.69457546615e-7,3.59180461373e-7,2.82525036255e-7,2.4930986342e-7,2.54952709611e-7,2.17239801259e-7,1.59971321523e-7],"dmean2":[0.000457769201603,0.0011303544743,0.00179119734094,0.000619458267465,0.000170471539604,0.000162431941135,0.000136541159009,0.000137418974191,0.00011102022836,0.0000991060369415,0.000112321489723,0.000163931719726,0.000217350578168,0.0000857545892359,0.0000681559831719,0.000103577534901,0.000166595695191,0.0000872115560924,0.000059531070292,0.0000487447214255,0.0000257095580309,0.0000295895133604,0.0000288633636956,0.0000206970598811,0.0000162949781952,0.0000135225536724,0.0000136768167067,0.0000151392368934,0.00000998880932457,0.00000499892985317,0.00000340865767612,0.00000175875004516,8.72938187513e-7,7.43054386021e-7,5.70807912936e-7,4.38779778733e-7,3.81652483838e-7,3.83108442747e-7,3.17830341601e-7,2.37012372395e-7],"dvar":[4.1642749693e-7,0.00000252788868238,0.00000711996290192,9.80476443146e-7,3.9816853814e-8,3.27699289926e-8,2.16281943466e-8,3.15337267409e-8,5.7624124139e-8,5.37257527355e-8,5.51745884536e-8,9.52289127554e-8,1.54586942358e-7,1.93584810404e-8,1.56164006171e-8,2.20989200272e-8,8.58390123426e-8,1.99574650139e-8,7.14326153783e-9,7.57912754779e-9,6.33337771117e-10,6.41303676829e-10,5.6116139513e-10,3.24858084877e-10,2.67535354981e-10,1.57410903756e-10,1.53404164371e-10,2.008403166e-10,7.74384167901e-11,2.26005811288e-11,1.0436438172e-11,3.15903618368e-12,1.07767386594e-12,1.22376869922e-12,1.25479336123e-12,7.30841873565e-13,7.76741355697e-13,9.95083898093e-13,7.74393895363e-13,5.12272841334e-13],"dvar2":[0.00000113185740247,0.00000707521303411,0.0000181804807653,0.00000258635941464,1.13663077173e-7,9.89520643202e-8,5.50942118593e-8,7.42129344644e-8,1.29887155254e-7,1.06483994955e-7,1.42071584719e-7,2.53232286695e-7,4.06584717894e-7,5.10792013131e-8,3.75112101381e-8,5.34040296429e-8,2.0465061823e-7,5.54408359221e-8,1.72517449215e-8,1.95335747577e-8,1.56905100024e-9,1.7041201783e-9,1.54193269264e-9,8.68437710633e-10,7.21793957936e-10,3.94802579518e-10,3.93226173845e-10,5.23112386741e-10,1.99111560573e-10,5.15347937935e-11,2.5280040214e-11,7.49429424768e-12,2.48861304827e-12,3.0269649634e-12,2.91464964143e-12,1.48622563909e-12,1.55456507042e-12,1.96625810252e-12,1.4985895554e-12,1.01902676835e-12],"max":[0.00577829452232,0.0130818672478,0.027948345989,0.0136423129588,0.00334696331993,0.0033051664941,0.00588995451108,0.00460569886491,0.0086630852893,0.0100814364851,0.00677438918501,0.00746566662565,0.0101797021925,0.00394420512021,0.00500647490844,0.00513164279982,0.0103415604681,0.00540698785335,0.00251883617602,0.00218550674617,0.00069424364483,0.000821338500828,0.000489270256367,0.000410871143686,0.000522824702784,0.000306251895381,0.000392688729335,0.000342875369824,0.000256801315118,0.000137784896651,0.0000672172391205,0.0000431817352364,0.0000266712559096,0.0000536644329259,0.0000517797889188,0.0000343788888131,0.0000354895601049,0.0000440965195594,0.0000373636976292,0.0000257855226664],"mean":[0.000225053154281,0.000479343318148,0.00104850216303,0.000442571006715,0.000154495151946,0.000122077966807,0.000118839765491,0.000132934990688,0.000118164112791,0.000114353155368,0.000112073685159,0.000171207924723,0.000223054084927,0.0000901193197933,0.0000749792161514,0.000112975103548,0.000181958239409,0.0000932065304369,0.0000688398286002,0.0000590692106925,0.0000326577137457,0.0000390618733945,0.0000380602359655,0.0000286181166302,0.0000217462893488,0.0000188549693121,0.0000203502422664,0.0000226672036661,0.0000154758708959,0.00000777901095717,0.00000516763429914,0.00000262156754616,0.00000132913260131,0.00000119118271869,9.27835685616e-7,6.82235622662e-7,5.88780096678e-7,5.58804913453e-7,4.63418047048e-7,3.37374160608e-7],"median":[0.0000651824302622,0.000123959762277,0.000295824196655,0.000220315676415,0.0000981787015917,0.0000659854049445,0.0000700680102454,0.000062057566538,0.0000452290914836,0.0000491163737024,0.0000404128732043,0.000046812594519,0.0000591429088672,0.0000368473047274,0.0000375358249585,0.0000444756551587,0.000052291979955,0.0000362780410796,0.0000278439238173,0.0000198851303139,0.0000213966104639,0.000030120179872,0.0000284656925942,0.0000205567557714,0.0000144956911754,0.0000127704770421,0.0000150597606989,0.0000165625478985,0.0000115788507173,0.00000569351277591,0.00000352726306119,0.00000166799100043,8.77434956692e-7,9.03870443381e-7,7.16132888101e-7,4.89244939672e-7,3.86604483538e-7,3.46095674786e-7,2.78212667126e-7,2.1526925309e-7],"min":[5.37015246849e-24,8.7728345634e-24,6.09686020628e-24,8.00368177018e-24,6.68786966888e-24,1.41235179448e-23,1.13597248306e-23,1.41787492522e-23,4.14898671531e-24,2.96313175675e-24,9.29258188169e-24,6.97152117343e-24,3.91260533392e-24,6.84864898769e-24,6.77765150622e-24,1.0555978909e-23,9.59657416469e-24,7.35898913969e-24,9.44174127938e-24,9.66657689256e-24,6.18102180411e-24,1.1348595581e-23,6.05734576911e-24,9.580255788e-24,8.38433397822e-24,1.34426568306e-23,5.79921785915e-24,5.99284929036e-24,9.22568489921e-24,8.64235223651e-24,1.07652447745e-23,1.12625789768e-23,8.5841445569e-24,9.4322631156e-24,1.96018713639e-23,1.28306293525e-23,1.37935752934e-23,1.26744814361e-23,1.0490378025e-23,1.00625487794e-23],"var":[2.93593842571e-7,0.00000159483579409,0.00000635581909592,8.06996524716e-7,3.95012520471e-8,3.29553060396e-8,3.07910781316e-8,5.80450816301e-8,9.62092201462e-8,1.32462119495e-7,1.05787371751e-7,2.09480944591e-7,3.31001842824e-7,3.79228204395e-8,3.17529220695e-8,4.64579237303e-8,2.03476616889e-7,4.14973619911e-8,1.76276255814e-8,2.13953299522e-8,1.63430635691e-9,1.33714506134e-9,1.33869826335e-9,8.65024774033e-10,6.23351259499e-10,4.48700465672e-10,4.68606542459e-10,5.88595228113e-10,2.32571559233e-10,6.96308566361e-11,3.12577706774e-11,9.97348904852e-12,2.63602204301e-12,2.1933804599e-12,2.18130504978e-12,1.24927553111e-12,1.32098444596e-12,1.63100772037e-12,1.34187160081e-12,7.82318003781e-13]},"melbands_crest":{"dmean":3.73632001877,"dmean2":5.98090076447,"dvar":13.8653469086,"dvar2":31.5174121857,"max":34.384979248,"mean":10.7821855545,"median":9.24921131134,"min":1.66120231152,"var":31.425611496},"melbands_flatness_db":{"dmean":0.0240017697215,"dmean2":0.0375691130757,"dvar":0.000826313858852,"dvar2":0.00198814319447,"max":0.313607871532,"mean":0.124255798757,"median":0.115197494626,"min":0.00430903444067,"var":0.00201306329109},"melbands_kurtosis":{"dmean":3.45752096176,"dmean2":5.78307199478,"dvar":54.7616500854,"dvar2":141.384017944,"max":135.010055542,"mean":3.24664831161,"median":0.796988725662,"min":-1.5391074419,"var":58.4697113037},"melbands_skewness":{"dmean":0.668440818787,"dmean2":1.04102051258,"dvar":0.760486185551,"dvar2":1.82507121563,"max":10.9158306122,"mean":1.28609776497,"median":1.01204240322,"min":-2.72951984406,"var":1.58661282063},"melbands_spread":{"dmean":9.88924598694,"dmean2":15.788225174,"dvar":100.862556458,"dvar2":247.467132568,"max":199.536117554,"mean":43.2869186401,"median":42.6315231323,"min":3.40294837952,"var":378.634429932},"mfcc":{"cov":[[11585.3291016,1191.18261719,-855.240600586,512.303405762,-119.523422241,134.282699585,156.101867676,-104.506286621,9.50243282318,37.3295249939,-149.824188232,-121.0651474,-196.78086853],[1191.18261719,545.828918457,-98.3397140503,123.50151825,-2.81261873245,20.4937114716,34.7175331116,3.19750666618,-13.6314525604,-0.0198575351387,-8.64091682434,17.0655708313,-12.9863958359],[-855.240600586,-98.3397140503,374.979980469,30.6324176788,56.2365074158,9.1140203476,-15.4134149551,6.87375259399,-11.2482805252,-34.3374099731,19.276304245,10.3259620667,12.125746727],[512.303405762,123.50151825,30.6324176788,242.790328979,84.4425811768,18.6169261932,0.56337761879,-11.245434761,-12.153963089,-6.41743087769,-44.111656189,-2.90600562096,7.13335990906],[-119.523422241,-2.81261873245,56.2365074158,84.4425811768,127.152648926,10.9543838501,-4.94754838943,7.38171195984,5.03879737854,10.4485330582,-13.7422103882,1.31756520271,9.59572124481],[134.282699585,20.4937114716,9.1140203476,18.6169261932,10.9543838501,91.7635650635,47.5639381409,13.2378787994,9.6975030899,-3.66532850266,12.1631364822,-4.23403692245,-4.35686159134],[156.101867676,34.7175331116,-15.4134149551,0.56337761879,-4.94754838943,47.5639381409,106.728012085,34.3850784302,10.3287382126,-3.73000693321,7.24781799316,7.29424667358,-5.39014482498],[-104.506286621,3.19750666618,6.87375259399,-11.245434761,7.38171195984,13.2378787994,34.3850784302,70.044090271,28.3590946198,6.69448947906,8.0900554657,2.62544536591,3.59989857674],[9.50243282318,-13.6314525604,-11.2482805252,-12.153963089,5.03879737854,9.6975030899,10.3287382126,28.3590946198,77.4080734253,33.0325012207,10.7517204285,-1.21316361427,7.41395616531],[37.3295249939,-0.0198575351387,-34.3374099731,-6.41743087769,10.4485330582,-3.66532850266,-3.73000693321,6.69448947906,33.0325012207,67.4660186768,26.1779727936,4.96396589279,-1.06376218796],[-149.824188232,-8.64091682434,19.276304245,-44.111656189,-13.7422103882,12.1631364822,7.24781799316,8.0900554657,10.7517204285,26.1779727936,72.8886260986,23.2846927643,-0.0860643386841],[-121.0651474,17.0655708313,10.3259620667,-2.90600562096,1.31756520271,-4.23403692245,7.29424667358,2.62544536591,-1.21316361427,4.96396589279,23.2846927643,61.9276847839,28.0819702148],[-196.78086853,-12.9863958359,12.125746727,7.13335990906,9.59572124481,-4.35686159134,-5.39014482498,3.59989857674,7.41395616531,-1.06376218796,-0.0860643386841,28.0819702148,60.6676826477]],"icov":[[0.000157675895025,-0.00021101871971,0.000268946983851,-0.000317423720844,0.000209551493754,-0.000110957633296,-0.000125386999571,0.000277846935205,-0.000201109345653,0.0000172472718987,0.0000656645715935,0.00010562602256,0.000357173208613],[-0.00021101871971,0.00271705561318,0.000359181140084,-0.00128528557252,0.000469577906188,0.0000616166144027,-0.000158180992003,-0.000823303940706,0.000560106709599,0.000226007468882,-0.00057004916016,-0.0012281521922,0.000444631645223],[0.000268946983851,0.000359181140084,0.00409933319315,-0.00126722047571,-0.00126143940724,-0.000133843204821,0.000510486133862,-0.000106102655991,-0.000639585428871,0.0033928565681,-0.00265973573551,0.0000818890694063,0.000616432458628],[-0.000317423720844,-0.00128528557252,-0.00126722047571,0.00810333807021,-0.00445528747514,-0.00132578343619,0.000303536915453,0.000875177967828,0.00107203132939,-0.0012735145865,0.00418082531542,-0.000609765236732,-0.00128487939946],[0.000209551493754,0.000469577906188,-0.00126143940724,-0.00445528747514,0.0124935703352,-0.00171437696554,0.000991163076833,-0.00186499767005,0.000567241862882,-0.00417080288753,0.00249511841685,-0.000649021298159,-0.000182776188012],[-0.000110957633296,0.0000616166144027,-0.000133843204821,-0.00132578343619,-0.00171437696554,0.0163658540696,-0.00729737756774,0.00142787920777,-0.00223242654465,0.00345376250334,-0.00563290575519,0.00389996147715,-0.000930510519538],[-0.000125386999571,-0.000158180992003,0.000510486133862,0.000303536915453,0.000991163076833,-0.00729737756774,0.0154823157936,-0.00695302151144,0.000608314468991,0.000896734884009,0.0012373700738,-0.00387365627103,0.00226520234719],[0.000277846935205,-0.000823303940706,-0.000106102655991,0.000875177967828,-0.00186499767005,0.00142787920777,-0.00695302151144,0.0211888682097,-0.00747835589573,0.00176223088056,-0.00114582839888,0.00124093121849,-0.000465474935481],[-0.000201109345653,0.000560106709599,-0.000639585428871,0.00107203132939,0.000567241862882,-0.00223242654465,0.000608314468991,-0.00747835589573,0.0206988565624,-0.0105963749811,0.0018118621083,0.00205311272293,-0.00394598254934],[0.0000172472718987,0.000226007468882,0.0033928565681,-0.0012735145865,-0.00417080288753,0.00345376250334,0.000896734884009,0.00176223088056,-0.0105963749811,0.0267583932728,-0.0114819500595,0.000575363985263,0.00194026960526],[0.0000656645715935,-0.00057004916016,-0.00265973573551,0.00418082531542,0.00249511841685,-0.00563290575519,0.0012373700738,-0.00114582839888,0.0018118621083,-0.0114819500595,0.0254619754851,-0.00991064403206,0.00371056655422],[0.00010562602256,-0.0012281521922,0.0000818890694063,-0.000609765236732,-0.000649021298159,0.00389996147715,-0.00387365627103,0.00124093121849,0.00205311272293,0.000575363985263,-0.00991064403206,0.026737594977,-0.01253124699],[0.000357173208613,0.000444631645223,0.000616432458628,-0.00128487939946,-0.000182776188012,-0.000930510519538,0.00226520234719,-0.000465474935481,-0.00394598254934,0.00194026960526,0.00371056655422,-0.01253124699,0.0242777653039]],"mean":[-633.128601074,97.8564147949,-32.5072975159,24.0164966583,-1.94036602974,4.00427770615,6.44118022919,-3.85948324203,-2.46941280365,-0.526488423347,-5.78453731537,0.138076663017,-6.14543104172]},"pitch_salience":{"dmean":0.072096452117,"dmean2":0.117243751884,"dvar":0.0049698012881,"dvar2":0.0122839920223,"max":0.923043489456,"mean":0.631619513035,"median":0.649696171284,"min":0.172509774566,"var":0.0109319789335},"silence_rate_20dB":{"dmean":0,"dmean2":0,"dvar":0,"dvar2":0,"max":1,"mean":1,"median":1,"min":1,"var":0},"silence_rate_30dB":{"dmean":0,"dmean2":0,"dvar":0,"dvar2":0,"max":1,"mean":1,"median":1,"min":1,"var":0},"silence_rate_60dB":{"dmean":0.00263157906011,"dmean2":0.00526373507455,"dvar":0.00262473663315,"dvar2":0.00589412124828,"max":1,"mean":0.0607389546931,"median":0,"min":0,"var":0.0570526868105},"spectral_centroid":{"dmean":251.228866577,"dmean2":401.404052734,"dvar":68352.6015625,"dvar2":162632.484375,"max":10608.2724609,"mean":2148.89306641,"median":2181.68261719,"min":521.378356934,"var":298536.6875},"spectral_complexity":{"dmean":3.91359639168,"dmean2":6.24805355072,"dvar":13.0966501236,"dvar2":30.8787212372,"max":58,"mean":29.4322986603,"median":31,"min":0,"var":121.984977722},"spectral_contrast_coeffs":{"dmean":[0.0515000633895,0.0460579097271,0.0370151512325,0.0300629492849,0.018386028707,0.0156767647713],"dmean2":[0.084559880197,0.0776090323925,0.0606681481004,0.0487685166299,0.0305944625288,0.0249575227499],"dvar":[0.00230912561528,0.00133208953775,0.000898417143617,0.000601202365942,0.000212285187445,0.000193809944903],"dvar2":[0.00599049171433,0.00381265580654,0.00236113811843,0.00148170487955,0.000568402349018,0.000476551911561],"max":[-0.327348947525,-0.468059360981,-0.499517738819,-0.522549331188,-0.675737202168,-0.602677702904],"mean":[-0.632958829403,-0.771336734295,-0.778052389622,-0.775045454502,-0.799614787102,-0.739001274109],"median":[-0.633722245693,-0.773307859898,-0.786825299263,-0.781443536282,-0.799566447735,-0.735109269619],"min":[-0.956975281239,-0.963946819305,-0.97779583931,-0.970182776451,-0.956721067429,-0.962718844414],"var":[0.00756990117952,0.00381972407922,0.00463657733053,0.00372696015984,0.00127310736571,0.00189868372399]},"spectral_contrast_valleys":{"dmean":[0.426776170731,0.327413469553,0.264033555984,0.216802567244,0.16318333149,0.140216723084],"dmean2":[0.67995351553,0.554272532463,0.435291111469,0.356354057789,0.262538999319,0.193923160434],"dvar":[0.165723979473,0.0815594270825,0.0538438111544,0.0435937196016,0.0377623178065,0.0316040329635],"dvar2":[0.370057195425,0.204281285405,0.125701457262,0.0921359956264,0.068558908999,0.0447328947484],"max":[-5.63580369949,-5.21261167526,-5.40686511993,-5.80408477783,-5.6016459465,-7.75307226181],"mean":[-8.04137229919,-7.0655798912,-7.24246931076,-7.36212539673,-6.98779201508,-10.2403764725],"median":[-7.73930883408,-6.73372888565,-6.9025349617,-7.0051779747,-6.62112569809,-9.92070293427],"min":[-27.3700714111,-27.1999340057,-26.8262519836,-27.0387268066,-27.3601646423,-27.1729297638],"var":[3.34743714333,3.06029987335,2.91426873207,2.90375733376,2.884786129,2.05416941643]},"spectral_decrease":{"dmean":2.02401961857e-9,"dmean2":3.26534266293e-9,"dvar":1.14815340816e-17,"dvar2":2.94137253279e-17,"max":1.06028871185e-16,"mean":-4.61522597917e-9,"median":-3.52138584958e-9,"min":-3.53812019682e-8,"var":1.61894780329e-17},"spectral_energy":{"dmean":0.00805845484138,"dmean2":0.0129212066531,"dvar":0.000172200234374,"dvar2":0.000440108560724,"max":0.138084962964,"mean":0.0196933764964,"median":0.015433379449,"min":1.03720039683e-20,"var":0.000267019699095},"spectral_energyband_high":{"dmean":0.000289391464321,"dmean2":0.000436594185885,"dvar":1.67346343005e-7,"dvar2":3.81658566084e-7,"max":0.00855705980211,"mean":0.00104382261634,"median":0.00087600882398,"min":7.9574597213e-21,"var":6.82310428601e-7},"spectral_energyband_low":{"dmean":0.00328010693192,"dmean2":0.00558926118538,"dvar":0.0000511934049428,"dvar2":0.000136760005262,"max":0.067673034966,"mean":0.00310480524786,"median":0.000977923045866,"min":5.39264620611e-23,"var":0.0000396870018449},"spectral_energyband_middle_high":{"dmean":0.00287290289998,"dmean2":0.00430871313438,"dvar":0.0000210105936276,"dvar2":0.0000516242689628,"max":0.112239137292,"mean":0.00962457247078,"median":0.00641549564898,"min":1.26478854008e-21,"var":0.0000940093013924},"spectral_energyband_middle_low":{"dmean":0.00443735485896,"dmean2":0.00717392750084,"dvar":0.000102115816844,"dvar2":0.000257844483713,"max":0.111773021519,"mean":0.00710488529876,"median":0.00409525167197,"min":2.57654770125e-22,"var":0.000107512954855},"spectral_entropy":{"dmean":0.081425793469,"dmean2":0.126164957881,"dvar":0.00610245997086,"dvar2":0.0145620685071,"max":9.79431915283,"mean":7.85575771332,"median":7.85515403748,"min":6.61645698547,"var":0.0664411559701},"spectral_flux":{"dmean":0.022588018328,"dmean2":0.0350416190922,"dvar":0.000978591619059,"dvar2":0.00205498863943,"max":0.344417631626,"mean":0.0827492401004,"median":0.0741669386625,"min":1.01843034006e-10,"var":0.00221450300887},"spectral_kurtosis":{"dmean":1.02208185196,"dmean2":1.74476826191,"dvar":1.07700395584,"dvar2":3.16095614433,"max":20.8418636322,"mean":4.96712207794,"median":4.85015296936,"min":-1.20647358894,"var":2.74458003044},"spectral_rms":{"dmean":0.000772830739152,"dmean2":0.00119233212899,"dvar":0.00000108889753392,"dvar2":0.0000026354266538,"max":0.0116067668423,"mean":0.0040135094896,"median":0.0038803294301,"min":3.18104201834e-12,"var":0.00000310469727083},"spectral_rolloff":{"dmean":558.59942627,"dmean2":909.275390625,"dvar":506023.8125,"dvar2":1122534.75,"max":19832.0800781,"mean":2908.53320312,"median":2648.58398438,"min":129.19921875,"var":7451726.5},"spectral_skewness":{"dmean":0.147564083338,"dmean2":0.243552565575,"dvar":0.0189891606569,"dvar2":0.0514646917582,"max":3.39703035355,"mean":1.43073749542,"median":1.43534886837,"min":0.042638130486,"var":0.0737202391028},"spectral_spread":{"dmean":293766.625,"dmean2":423555.65625,"dvar":172811960320,"dvar2":258643640320,"max":40969176,"mean":4153026.5,"median":3862064.25,"min":1953050.625,"var":3111174537220},"spectral_strongpeak":{"dmean":0.89150583744,"dmean2":1.45891165733,"dvar":1.46555352211,"dvar2":3.56404066086,"max":23.6450881958,"mean":1.49552512169,"median":0.621573865414,"min":0,"var":3.49588799477},"zerocrossingrate":{"dmean":0.0100602535531,"dmean2":0.012595503591,"dvar":0.000125980935991,"dvar2":0.000161936884979,"max":0.75537109375,"mean":0.101423420012,"median":0.0888671875,"min":0.01171875,"var":0.00798326171935}},"metadata":{"audio_properties":{"analysis_sample_rate":44100,"bit_rate":320039,"codec":"mp3","downmix":"mix","equal_loudness":0,"length":211.748565674,"lossless":false,"md5_encoded":"a565ad51dcfb7a558ff3fd53307f0278","replay_gain":-13.9997558594,"sample_rate":44100},"tags":{"album":["State Of Confusion (2004 SACD)"],"artist":["The Kinks"],"asin":["B00000IM7R"],"barcode":["634677980664"],"bpm":["145"],"composer":["Ray Davies"],"date":["1983"],"file_name":"10 Bernadette.mp3","genre":["Classic Rock"],"initialkey":["A"],"isrc":["USKO10403255"],"language":["eng"],"musicbrainz_albumid":["0525b842-872c-4f04-966d-0d9c28a30ba5"],"musicbrainz_recordingid":["2e9a301e-b1d9-41e0-84a2-e9ffdfa80766"],"musicbrainz_releasegroupid":["db8ce5b0-702c-35af-9bce-e4906f0927da"],"title":["Bernadette"],"tracknumber":["10"]},"version":{"essentia":"2.1-beta2","essentia_build_sha":"cead25079874084f62182a551b7393616cd33d87","essentia_git_sha":"v2.1_beta2-1-ge3940c0","extractor":"music 1.0"}},"rhythm":{"beats_count":511,"beats_loudness":{"dmean":0.0162717532367,"dmean2":0.0303713325411,"dvar":0.000166297075339,"dvar2":0.000561873835977,"max":0.0733486190438,"mean":0.0285264737904,"median":0.0270746480674,"min":3.52324891484e-10,"var":0.00023249995138},"beats_loudness_band_ratio":{"dmean":[0.281251907349,0.0632565543056,0.0742291733623,0.164888039231,0.108679644763,0.0434843711555],"dmean2":[0.53114938736,0.113062158227,0.13100348413,0.302855312824,0.200543358922,0.0767580866814],"dvar":[0.0323550179601,0.00376663100906,0.0106619959697,0.0271326526999,0.0101916724816,0.00224442663603],"dvar2":[0.0996408835053,0.0106690200046,0.0308289993554,0.0844125747681,0.0298616215587,0.00573416193947],"max":[0.916715860367,0.591118812561,0.781709194183,0.816414952278,0.651490271091,0.976145207882],"mean":[0.413554668427,0.0957390218973,0.0963810160756,0.184727057815,0.147414073348,0.0975660458207],"median":[0.419929891825,0.0757889449596,0.0636344403028,0.127369880676,0.114818155766,0.0796118378639],"min":[0.0011356092291,0.000710724852979,0.00171399011742,0.003606519196