{"lowlevel":{"average_loudness":0.944197714329,"barkbands":{"dmean":[0.000198728972464,0.00320706283674,0.00141501845792,0.00221068924293,0.00125849596225,0.00063582835719,0.000458725931821,0.000514728832059,0.000343546853401,0.000567850715015,0.000373112299712,0.000294219033094,0.000258334999671,0.000352399743861,0.000358392746421,0.000316421122989,0.000298442260828,0.000334345182637,0.000252634839853,0.000265707087237,0.000151161075337,0.000112381676445,0.0000977995296125,0.0000694258706062,0.0000554020298296,0.0000217737997446,0.0000107676187326],"dmean2":[0.000342011539033,0.00532171083614,0.00244104489684,0.00378779298626,0.0021375992801,0.000993406400084,0.000730109168217,0.000797447399236,0.000531697587576,0.000862771703396,0.000586388981901,0.00045892628259,0.000399148004362,0.000554062833544,0.000560767832212,0.000491097511258,0.000483965181047,0.000527479045559,0.000406624341849,0.000402773090173,0.000238459309912,0.000170732149854,0.000143289827975,0.0001025724996,0.0000783070281614,0.0000309478782583,0.0000155298603204],"dvar":[1.41317002544e-7,0.0000441863194283,0.00000598411179453,0.0000267973082373,0.00000663114451527,9.29826455831e-7,8.87390513071e-7,8.24485994144e-7,5.32727540303e-7,0.00000111697363536,5.83952441957e-7,3.36424733405e-7,2.641619119e-7,4.69451180152e-7,5.38926371974e-7,4.84100326048e-7,3.07110752829e-7,4.14367917756e-7,2.15965471284e-7,2.78483724969e-7,1.04563739001e-7,5.69503413317e-8,4.49448371853e-8,3.80613869311e-8,4.2100907649e-8,5.46788747613e-9,2.32744556961e-9],"dvar2":[3.94770950152e-7,0.000110036307888,0.0000167758698808,0.000072104492574,0.0000187923014892,0.00000227000032282,0.00000212223267226,0.00000189176546428,0.00000120787399283,0.00000261450759353,0.00000147796049532,8.01001135642e-7,5.46697094705e-7,0.00000109232939849,0.00000126683789858,0.00000109235497803,7.15531029982e-7,0.00000100079159893,5.39721781934e-7,6.26864050446e-7,2.51030712661e-7,1.2279127759e-7,9.41644913155e-8,7.77593385237e-8,8.36838083274e-8,1.07553690398e-8,4.9559174542e-9],"max":[0.00424310564995,0.0598564296961,0.0301887951791,0.0699608102441,0.0346029512584,0.0163373500109,0.0235307645053,0.0157717559487,0.0144012020901,0.0196795444936,0.0196596104652,0.0181647986174,0.0142241399735,0.0151164447889,0.0135908033699,0.0132119655609,0.0142322331667,0.0121999280527,0.0108108865097,0.0101598547772,0.0106419911608,0.00448496360332,0.00616053538397,0.00502786133438,0.0048719253391,0.00236208969727,0.00111592072062],"mean":[0.000220877045649,0.00388937979005,0.00238851038739,0.00282793329097,0.00232687406242,0.00137222115882,0.000837793340907,0.00100712117273,0.000668859749567,0.00122812681366,0.000727327424102,0.00053935253527,0.000462881871499,0.000651943439152,0.000673390168231,0.000592405325733,0.00060506828595,0.000710266642272,0.000603346910793,0.000596672878601,0.000308575195959,0.000235672603594,0.000215527645196,0.000160563868121,0.000107875894173,0.0000402737277909,0.0000169787053892],"median":[0.0000774899453972,0.00166782015003,0.00128335109912,0.00135747925378,0.00149989780039,0.000942447921261,0.000488361751195,0.000529856828507,0.000272325298283,0.000624924781732,0.000272741453955,0.000256144005107,0.000246277020779,0.000282386667095,0.000303284497932,0.000259926717263,0.000361307407729,0.000367133325199,0.000415201415308,0.000313101627398,0.000197052635485,0.000128208746901,0.000110111483082,0.0000883525790414,0.0000390993700421,0.0000100577253761,0.00000141693431033],"min":[2.20371922634e-23,3.70558511877e-23,2.69987960356e-23,5.27958350573e-23,1.59657533364e-22,2.26205280815e-23,1.84119661962e-23,1.11446684106e-22,6.85732046231e-23,6.30855600002e-23,5.27034121137e-23,1.134283027e-22,5.21494550534e-23,1.03029115418e-22,2.01104727087e-22,3.48954173903e-22,2.13348959052e-22,9.92130418093e-23,2.84094307955e-22,3.73891720569e-22,3.66172369513e-22,4.35820280368e-22,6.90924013164e-22,1.01203558754e-21,1.69652522202e-21,1.44263085717e-21,2.10279732248e-21],"var":[1.49473265765e-7,0.0000459009315819,0.00000859105148265,0.0000254288061114,0.00000764159995015,0.00000202986120712,0.00000147827211094,0.00000189624574887,0.00000149815207351,0.00000334710784955,0.00000184338352938,7.59465592637e-7,6.97960444995e-7,0.00000124534267343,0.0000013072829006,0.00000109689733563,8.18583941964e-7,9.43836425904e-7,4.83472490487e-7,7.22633330952e-7,1.92150409362e-7,1.35281325697e-7,1.13459215356e-7,8.58739994669e-8,9.21639298213e-8,1.07343192113e-8,3.56146312441e-9]},"barkbands_crest":{"dmean":2.28364849091,"dmean2":3.7486076355,"dvar":5.27338886261,"dvar2":13.8522853851,"max":22.9201622009,"mean":7.8625793457,"median":7.198097229,"min":2.46391153336,"var":10.3855886459},"barkbands_flatness_db":{"dmean":0.0164270699024,"dmean2":0.025000071153,"dvar":0.000334933574777,"dvar2":0.000692349509336,"max":0.423581421375,"mean":0.105239070952,"median":0.0857553258538,"min":0.0178020521998,"var":0.00336579163559},"barkbands_kurtosis":{"dmean":1.63050746918,"dmean2":2.51621937752,"dvar":12.6372823715,"dvar2":25.5617599487,"max":118.190040588,"mean":1.7859801054,"median":0.0214034318924,"min":-1.93103027344,"var":35.7212677002},"barkbands_skewness":{"dmean":0.43794298172,"dmean2":0.676470041275,"dvar":0.244221970439,"dvar2":0.552697598934,"max":7.94979047775,"mean":1.07577908039,"median":0.946811199188,"min":-3.25404763222,"var":0.929842293262},"barkbands_spread":{"dmean":5.45604658127,"dmean2":8.33455848694,"dvar":52.5575752258,"dvar2":105.60080719,"max":107.358100891,"mean":29.996711731,"median":30.2401771545,"min":0.426697552204,"var":246.055419922},"dissonance":{"dmean":0.0137803917751,"dmean2":0.0225181654096,"dvar":0.000227995711612,"dvar2":0.000564056856092,"max":0.5,"mean":0.46738576889,"median":0.477683782578,"min":0.22863176465,"var":0.00101134227589},"dynamic_complexity":2.96530604362,"erbbands":{"dmean":[0.11001355201,0.692369401455,1.44186639786,4.90760087967,5.73128414154,3.84451961517,4.47217559814,5.417491436,7.38958406448,6.96970272064,11.0372238159,8.59259700775,17.874382019,11.5749893188,14.9083089828,13.0737380981,11.8858156204,15.8611412048,15.9803800583,18.9066352844,14.7622184753,13.7536077499,17.3743438721,14.357462883,11.85916996,12.2537956238,8.33768844604,5.06654119492,4.08270120621,3.57456946373,2.6286303997,1.59724652767,1.16774630547,0.70761859417,0.365047544241,0.112913683057,0.038708049804,0.0114700393751,0.00191422237549,0.0000918352016015],"dmean2":[0.176521226764,1.17476642132,2.48571133614,8.42792606354,9.96461200714,6.4324221611,6.94060850143,8.65240001678,11.618309021,10.9139614105,17.0243835449,13.0597362518,27.1858005524,17.3185520172,23.5455589294,20.253704071,18.2256336212,24.9479522705,24.763425827,29.0371589661,23.2034511566,22.0122852325,27.3150520325,23.0708637238,18.7992935181,18.4611492157,13.004524231,7.98107290268,6.25309705734,5.24484682083,3.88820910454,2.32582950592,1.7365385294,1.01355814934,0.524079859257,0.162523537874,0.0562925040722,0.0165241379291,0.00278497720137,0.000130852029542],"dvar":[0.0505991987884,2.18611073494,6.98558855057,107.133239746,195.449142456,56.8432006836,62.8838539124,78.359046936,208.242507935,213.062789917,409.782928467,370.842376709,1294.39440918,589.579101562,931.393432617,662.47442627,547.391479492,945.031677246,1094.71496582,1698.55944824,942.000549316,552.272094727,1062.64123535,926.764038086,501.184143066,590.754089355,300.801025391,125.919151306,82.601348877,55.9301795959,34.8951148987,16.4003868103,12.0846672058,6.4369301796,1.93433022499,0.151435539126,0.0194592420012,0.00201258226298,0.0000772491621319,1.67663145589e-7],"dvar2":[0.123764783144,5.660779953,19.0552177429,294.584838867,544.63494873,155.621505737,146.059280396,197.615570068,501.0027771,488.339080811,963.313476562,835.079589844,2968.80566406,1247.50769043,2346.60546875,1574.55407715,1128.53063965,2263.87475586,2500.85058594,3838.13793945,2120.84179688,1307.76599121,2492.32739258,2378.8269043,1216.72802734,1253.91870117,692.898620605,304.151855469,186.018920898,115.897293091,75.7176437378,33.6269798279,24.8785018921,13.1007766724,3.84047436714,0.295251309872,0.0406340286136,0.00421700626612,0.000166148063727,3.57754089464e-7],"max":[2.17403888702,14.3106403351,32.527507782,131.467483521,184.945953369,125.594909668,184.53074646,140.430221558,282.029052734,403.754150391,355.983978271,397.602813721,751.499694824,648.154602051,710.650817871,880.837890625,792.865844727,570.537658691,657.46484375,873.597717285,881.897888184,550.296875,635.299743652,603.967407227,515.613952637,623.834777832,446.570129395,356.804626465,186.880844116,199.986083984,158.463577271,110.133346558,85.51537323,66.10105896,32.9158744812,9.56557273865,5.37425994873,1.17652881145,0.206070885062,0.0125849517062],"mean":[0.128230705857,0.813923597336,2.25012898445,7.21783828735,8.47121620178,6.93956327438,9.36659622192,10.8834953308,14.3519983292,13.7682313919,22.5273170471,18.2864360809,36.9801254272,26.4055938721,29.9366073608,25.9752540588,23.4171104431,30.2217197418,32.7256546021,39.2599411011,32.7895278931,31.6726474762,38.586479187,33.1311149597,29.3751506805,28.4874229431,17.7419300079,10.0091600418,8.31707000732,7.94135713577,5.6510643959,3.59708309174,2.55974674225,1.40674674511,0.671691000462,0.213172242045,0.0682443082333,0.0186606310308,0.00303556397557,0.000164002165548],"median":[0.0431394651532,0.362044245005,1.38925600052,4.26247358322,4.4997253418,3.97871518135,5.28796672821,7.42630577087,8.69518280029,7.30761098862,11.4734916687,9.35783004761,17.9873886108,13.0971851349,13.972360611,13.7640714645,13.5059318542,15.5778198242,16.7318878174,16.6764144897,17.211063385,20.6151180267,21.7621841431,20.8081855774,20.5379199982,15.1142711639,10.9773006439,5.97388076782,4.47809410095,4.42486953735,2.68355250359,1.92246007919,1.32871615887,0.603115797043,0.199649274349,0.0625601410866,0.0141747761518,0.00251574954018,0.000265522103291,0.0000465032280772],"min":[7.22000387043e-22,9.65894439193e-21,2.74537884885e-20,1.2132700069e-19,2.4345693526e-19,8.04490789857e-19,2.35774805514e-19,2.42754426275e-19,2.05059211225e-19,9.01698108613e-19,2.76846163404e-18,1.84228818168e-18,1.2170412784e-18,2.2439557134e-18,3.44861192668e-18,3.58994069742e-18,2.72712700524e-18,3.9796337558e-18,1.02763691522e-17,1.02377795223e-17,1.91821794388e-17,1.08807751366e-17,6.16115801247e-18,1.02290966074e-17,1.7577007336e-17,1.70462733657e-17,1.51071800301e-17,1.67348497912e-17,1.50022819479e-17,1.67113131941e-17,1.72228780808e-17,2.33438954997e-17,1.61048376039e-17,1.74905206398e-17,1.28920904386e-17,4.53905931279e-18,2.97154336661e-18,1.24892361095e-18,2.75897588866e-19,2.98260972489e-20],"var":[0.0572799928486,2.020622015,7.49836444855,109.396484375,174.625732422,81.5141296387,160.683486938,138.840820312,368.529052734,471.908630371,937.178771973,1042.0390625,3430.45263672,2141.85620117,2456.74536133,1548.63671875,1592.09802246,2115.69824219,2883.81884766,4812.30175781,2752.02636719,1687.68212891,2591.80737305,1763.07788086,1151.8828125,1693.15539551,614.788696289,225.88571167,178.692810059,143.780441284,82.9445953369,38.0411911011,26.2083034515,13.6025104523,4.19342279434,0.315321296453,0.0337171554565,0.00337219447829,0.000115871895105,2.49046308909e-7]},"erbbands_crest":{"dmean":2.04558300972,"dmean2":3.23679351807,"dvar":4.15787887573,"dvar2":9.82659912109,"max":24.7147121429,"mean":7.89613723755,"median":7.11737108231,"min":2.2475104332,"var":12.8663444519},"erbbands_flatness_db":{"dmean":0.0134004028514,"dmean2":0.0190717615187,"dvar":0.000222545204451,"dvar2":0.000419840915129,"max":0.348530828953,"mean":0.145552709699,"median":0.140278220177,"min":0.0348773524165,"var":0.00207142881118},"erbbands_kurtosis":{"dmean":0.69896543026,"dmean2":1.05452108383,"dvar":2.14896965027,"dvar2":3.94430780411,"max":57.4112052917,"mean":0.244795560837,"median":-0.282559275627,"min":-1.82701563835,"var":5.3674659729},"erbbands_skewness":{"dmean":0.289595156908,"dmean2":0.427243977785,"dvar":0.112649790943,"dvar2":0.211757317185,"max":4.95413064957,"mean":0.0177919603884,"median":-0.0308365989476,"min":-5.6930346489,"var":0.55267816782},"erbbands_spread":{"dmean":6.91447114944,"dmean2":10.5344200134,"dvar":73.6657028198,"dvar2":160.148071289,"max":146.715423584,"mean":38.9453010559,"median":35.6383666992,"min":3.07767939568,"var":322.510314941},"gfcc":{"cov":[[11581.5673828,-3111.74975586,-853.674865723,868.553588867,-282.874786377,636.91217041,-143.167449951,323.72833252,-250.561431885,50.4027748108,-262.533477783,123.800971985,-141.516403198],[-3111.74975586,1871.63342285,-255.622833252,-253.241760254,190.506774902,-289.510131836,120.886238098,-116.429824829,113.891464233,-84.150100708,181.86618042,-88.4194717407,85.524848938],[-853.674865723,-255.622833252,915.10736084,-17.3983230591,-9.19587898254,72.6162719727,10.9997339249,-49.6061592102,9.20376491547,60.9945755005,-57.8340110779,41.5083732605,-30.5465259552],[868.553588867,-253.241760254,-17.3983230591,445.183288574,-11.2115459442,93.8749160767,-26.2906455994,21.7134475708,35.7113609314,28.6874523163,-23.8529281616,25.8358955383,32.4727935791],[-282.874786377,190.506774902,-9.19587898254,-11.2115459442,207.070419312,1.62396132946,67.8948364258,14.0218667984,38.9475250244,5.74434661865,21.5963039398,16.7910060883,24.6186885834],[636.91217041,-289.510131836,72.6162719727,93.8749160767,1.62396132946,253.640182495,66.8846282959,67.4624176025,-12.2372236252,37.4038543701,-4.94993448257,34.8224716187,-10.3841991425],[-143.167449951,120.886238098,10.9997339249,-26.2906455994,67.8948364258,66.8846282959,172.722854614,31.3234367371,20.1762676239,8.59051513672,24.1610279083,12.4491920471,5.63713741302],[323.72833252,-116.429824829,-49.6061592102,21.7134475708,14.0218667984,67.4624176025,31.3234367371,153.12512207,34.7043380737,24.7100257874,7.14111280441,8.5938167572,3.2755651474],[-250.561431885,113.891464233,9.20376491547,35.7113609314,38.9475250244,-12.2372236252,20.1762676239,34.7043380737,108.440597534,21.5531902313,10.8880500793,0.0627245306969,18.1614189148],[50.4027748108,-84.150100708,60.9945755005,28.6874523163,5.74434661865,37.4038543701,8.59051513672,24.7100257874,21.5531902313,81.0925445557,11.054517746,14.6032819748,6.87517595291],[-262.533477783,181.86618042,-57.8340110779,-23.8529281616,21.5963039398,-4.94993448257,24.1610279083,7.14111280441,10.8880500793,11.054517746,87.1025390625,9.16084575653,6.3049287796],[123.800971985,-88.4194717407,41.5083732605,25.8358955383,16.7910060883,34.8224716187,12.4491920471,8.5938167572,0.0627245306969,14.6032819748,9.16084575653,73.3318557739,24.7070636749],[-141.516403198,85.524848938,-30.5465259552,32.4727935791,24.6186885834,-10.3841991425,5.63713741302,3.2755651474,18.1614189148,6.87517595291,6.3049287796,24.7070636749,75.4158630371]],"icov":[[0.000254756334471,0.000380702054827,0.000360591628123,-0.000268794392468,-0.0000481521710753,-0.000140024261782,-0.0000795462256065,-0.0000792170976638,0.000212486600503,0.0000831136421766,0.000125195569126,-0.000106767321995,0.000279694650089],[0.000380702054827,0.00205770693719,0.000561301538255,0.0000387515683542,-0.000677920063026,0.000602103944402,-0.000995543668978,0.00096251082141,-0.000947077933233,0.0014110354241,-0.00252963765524,0.00193863245659,-0.00139586685691],[0.000360591628123,0.000561301538255,0.00191972753964,-0.000103167265479,-0.0000342032544722,-0.000571393116843,-0.00020140792185,0.000801189453341,-0.000288704730337,-0.00100750150159,0.00132372952066,-0.00113017065451,0.00119580072351],[-0.000268794392468,0.0000387515683542,-0.000103167265479,0.00331474817358,0.00003562189886,-0.00114605750423,0.000806552416179,0.000920094782487,-0.00198662467301,-0.000092542868515,-0.0000638217752567,0.000354332878487,-0.00191097543575],[-0.0000481521710753,-0.000677920063026,-0.0000342032544722,0.00003562189886,0.00636818958446,0.000080842859461,-0.00183436449151,-0.000279249885352,-0.0011869140435,-0.000285053713014,0.000615248456597,-0.00175453734118,-0.000434024841525],[-0.000140024261782,0.000602103944402,-0.000571393116843,-0.00114605750423,0.000080842859461,0.00730095012113,-0.00313882040791,-0.00197154167108,0.00167943793349,-0.00109921151306,-0.000968508305959,-0.000928157067392,0.00069643027382],[-0.0000795462256065,-0.000995543668978,-0.00020140792185,0.000806552416179,-0.00183436449151,-0.00313882040791,0.00876056496054,-0.000857518636622,-0.000531160854734,0.0000571892378503,-0.0000417715637013,-0.000892900628969,0.00051860359963],[-0.0000792170976638,0.00096251082141,0.000801189453341,0.000920094782487,-0.000279249885352,-0.00197154167108,-0.000857518636622,0.00970308668911,-0.00418131193146,-0.000625568034593,-0.00151264329907,0.00119646429084,-0.00105104455724],[0.000212486600503,-0.000947077933233,-0.000288704730337,-0.00198662467301,-0.0011869140435,0.00167943793349,-0.000531160854734,-0.00418131193146,0.0139970993623,-0.00345619535074,0.00146447622683,-0.0000525889736309,-0.000109628206701],[0.0000831136421766,0.0014110354241,-0.00100750150159,-0.000092542868515,-0.000285053713014,-0.00109921151306,0.0000571892378503,-0.000625568034593,-0.00345619535074,0.0168883036822,-0.00497578643262,0.00089577952167,-0.00243261852302],[0.000125195569126,-0.00252963765524,0.00132372952066,-0.0000638217752567,0.000615248456597,-0.000968508305959,-0.0000417715637013,-0.00151264329907,0.00146447622683,-0.00497578643262,0.0187401603907,-0.00616963626817,0.00395737728104],[-0.000106767321995,0.00193863245659,-0.00113017065451,0.000354332878487,-0.00175453734118,-0.000928157067392,-0.000892900628969,0.00119646429084,-0.0000525889736309,0.00089577952167,-0.00616963626817,0.0211595017463,-0.00903473887593],[0.000279694650089,-0.00139586685691,0.00119580072351,-0.00191097543575,-0.000434024841525,0.00069643027382,0.00051860359963,-0.00105104455724,-0.000109628206701,-0.00243261852302,0.00395737728104,-0.00903473887593,0.0197964701802]],"mean":[10.7314138412,85.7027053833,-118.777305603,36.0583572388,-53.3676109314,8.83402919769,-33.5538444519,7.55948448181,-23.1425094604,-2.80311703682,-13.2683448792,-4.46113395691,-11.5876646042]},"hfc":{"dmean":5.93350172043,"dmean2":8.53515911102,"dvar":85.9678878784,"dvar2":173.842193604,"max":147.976455688,"mean":25.6313095093,"median":22.6858215332,"min":1.11865312003e-16,"var":376.622161865},"melbands":{"dmean":[0.000927851127926,0.000770503655076,0.000861000153236,0.00031670628232,0.000155150482897,0.000124450147268,0.000105942570372,0.0000809441917227,0.0000889185612323,0.0000519242421433,0.0000897734498722,0.0000477444482385,0.000052667579439,0.0000366981876141,0.0000296302314382,0.0000235498537222,0.0000341905106325,0.0000276801984,0.0000250266512012,0.0000274863396044,0.000018799884856,0.0000164741486515,0.0000172418622242,0.000016326948753,0.0000125935157484,0.0000100577744888,0.00000896378423931,0.00000872629607329,0.00000680298671796,0.00000354494932253,0.00000289962872557,0.00000252025711234,0.00000220208676183,0.00000210204689211,0.00000172180057234,0.00000126080897189,9.80239974524e-7,9.33229443945e-7,7.2187646083e-7,6.05853301749e-7],"dmean2":[0.0015150901163,0.00130783312488,0.00147626805119,0.000544376671314,0.000241914676735,0.00019635281933,0.00016671323101,0.000126909842947,0.000136689923238,0.0000793169965618,0.000136483460665,0.0000711424727342,0.0000825681127026,0.0000570445808989,0.0000454450491816,0.0000362770260836,0.0000542098896403,0.0000427849663538,0.0000390610366594,0.0000421319964516,0.000029970675314,0.0000267357227131,0.0000272754750767,0.0000256115945376,0.0000204694842978,0.0000162224332598,0.0000139618750836,0.0000133359189931,0.0000107655059765,0.00000568716723137,0.00000460365299659,0.00000394513699575,0.00000336206016982,0.00000314654744216,0.00000260555157183,0.00000190913920051,0.00000145018623243,0.00000142984208651,0.00000107155517526,8.91136835435e-7],"dvar":[0.00000360742978955,0.00000225845769819,0.00000364281731891,5.11502776135e-7,6.85283083612e-8,3.80072116002e-8,4.26867785563e-8,2.68043969243e-8,2.56299674817e-8,1.3348534722e-8,3.27077316342e-8,1.044694109e-8,1.21281091836e-8,5.02027264204e-9,3.38934569299e-9,2.21956875102e-9,4.56233051338e-9,3.3860547699e-9,2.91880652981e-9,3.68245012261e-9,1.79367742881e-9,9.37169564175e-10,8.61480664582e-10,1.19108301e-9,7.1460420914e-10,3.31228267036e-10,3.57325696809e-10,3.41370043344e-10,2.29230870397e-10,8.3920412286e-11,4.04375179175e-11,2.99353458688e-11,2.59514562617e-11,2.00645697973e-11,1.54700158933e-11,8.89319520803e-12,6.82612386754e-12,7.61074276517e-12,4.98196059059e-12,5.21301404821e-12],"dvar2":[0.00000890340106707,0.0000059710887399,0.00000996178278001,0.00000144517446188,1.61194904535e-7,9.43388016594e-8,1.02388789003e-7,6.09160863974e-8,6.04681176242e-8,2.99575901863e-8,7.51805728783e-8,2.21913829535e-8,3.08459782161e-8,1.22794689972e-8,7.34405380953e-9,4.60574289818e-9,1.09479074695e-8,7.44716377454e-9,7.01620006538e-9,8.34216873358e-9,4.02460109683e-9,2.19362594756e-9,2.06924144486e-9,2.85383405796e-9,1.8464335616e-9,8.19186996015e-10,8.57926452102e-10,7.48389905603e-10,5.3740972783e-10,2.09586903388e-10,9.68971569648e-11,6.90708532036e-11,5.90354154451e-11,4.27360404009e-11,3.50850737352e-11,1.97353019343e-11,1.43739551511e-11,1.6251115037e-11,1.00810219547e-11,1.11901347563e-11],"max":[0.0170836541802,0.0158904157579,0.0261306036264,0.00952923111618,0.0055751381442,0.00354490452446,0.00409818300977,0.00382633414119,0.00291368085891,0.00250761350617,0.00373921450227,0.00273702386767,0.0031717827078,0.00198635016568,0.00167998380493,0.00141688843723,0.00127663195599,0.0013128031278,0.0010109822033,0.00134828675073,0.00125014968216,0.000789116777014,0.000506742449943,0.000721243210137,0.000577496539336,0.000508871977217,0.000434381770901,0.000478373782244,0.000442094955361,0.000405984843383,0.000138501010952,0.000104616825411,0.000141412965604,0.000164834666066,0.000111886627565,0.0000759938338888,0.0000811787540442,0.0000656556439935,0.0000544597241969,0.0000653204915579],"mean":[0.00111259159166,0.00117269472685,0.00131019181572,0.000529482611455,0.000331865245244,0.000258786662016,0.000207092205528,0.000157297443366,0.000183476673556,0.000105381230242,0.000181824158062,0.000102411468106,0.000103851794847,0.0000687276406097,0.0000578654689889,0.0000426580554631,0.000060322941863,0.0000529127428308,0.0000473980471725,0.0000518325505254,0.0000371046699001,0.0000330192269757,0.0000352340248355,0.0000329523027176,0.0000259805729002,0.0000225014391617,0.0000197065310203,0.000018600749172,0.0000130447506308,0.00000681604751662,0.00000524380902789,0.00000470995337309,0.00000441599877377,0.00000443007320428,0.00000340400265486,0.00000260039860223,0.00000202542446459,0.00000190674518308,0.00000144549017023,0.00000110288738142],"median":[0.000441354408395,0.000723792123608,0.000835023238324,0.000311473791953,0.000200540700462,0.000177961876034,0.000125869381009,0.0000843292946229,0.0000918524747249,0.0000497030887345,0.0000849995485623,0.0000461101226392,0.0000412031731685,0.0000357572571374,0.000032195905078,0.0000241422130784,0.0000274608992186,0.0000242183778028,0.0000211600017792,0.0000205298365472,0.0000183592419489,0.0000201059483516,0.0000192405641428,0.0000170659550349,0.0000155661291501,0.000015377492673,0.0000117019508252,0.00000872750933922,0.00000723121502233,0.00000426953783972,0.00000280858284896,0.00000241290990743,0.00000225870144277,0.00000238027723753,0.00000149440631958,0.00000129938075588,0.00000100259501323,9.64756623034e-7,6.82061568114e-7,4.18652007284e-7],"min":[9.89039881947e-24,1.45297008471e-23,2.22123430502e-23,3.96324349872e-23,1.49083966801e-23,4.83760627644e-24,3.1881056178e-24,1.1056410968e-23,2.5142331802e-23,9.17831222413e-24,5.9427944882e-24,9.34751499969e-24,8.42920280878e-24,1.64366001138e-23,4.09481997568e-24,5.55732983421e-24,7.39188621716e-24,1.63931875205e-23,1.41393772044e-23,2.10293735476e-23,2.15882120792e-23,1.02951049742e-23,9.00130209219e-24,4.87406427204e-24,8.29169252009e-24,1.2011138556e-23,1.3776149356e-23,1.09793574014e-23,9.81640051112e-24,7.69509200583e-24,1.05063051267e-23,9.37169121985e-24,6.98089520756e-24,9.92111785198e-24,7.82222404045e-24,1.58478353549e-23,1.35830803826e-23,1.06468241309e-23,1.23675553794e-23,1.5215990902e-23],"var":[0.00000390874720324,0.00000230788464251,0.00000351571020474,5.0411989605e-7,1.72001264787e-7,7.36646725841e-8,7.61887690715e-8,6.21100966214e-8,6.18552604692e-8,3.70332351451e-8,8.61308748767e-8,3.76493289878e-8,3.80901816754e-8,1.07646913605e-8,8.37919689189e-9,5.55508483657e-9,9.94576598856e-9,9.56582812961e-9,6.6010290567e-9,8.6794651466e-9,4.71449723705e-9,2.50538256807e-9,2.22448393039e-9,2.38516872919e-9,1.24066223961e-9,7.2877431867e-10,7.37704175524e-10,8.52635684279e-10,4.14850626074e-10,1.22930027269e-10,7.17705478381e-11,5.98855964817e-11,5.42690163641e-11,4.794716707e-11,3.3833748303e-11,1.84227771927e-11,1.45327257173e-11,1.50800986282e-11,1.08889217088e-11,1.01002678443e-11]},"melbands_crest":{"dmean":3.14664077759,"dmean2":5.15153980255,"dvar":9.69414234161,"dvar2":24.4417667389,"max":36.2335243225,"mean":12.1090106964,"median":11.336763382,"min":2.81332278252,"var":19.382818222},"melbands_flatness_db":{"dmean":0.023341583088,"dmean2":0.03552807495,"dvar":0.000642028928269,"dvar2":0.001349914819,"max":0.562833845615,"mean":0.169740632176,"median":0.149532645941,"min":0.00929749198258,"var":0.00582555122674},"melbands_kurtosis":{"dmean":4.56066560745,"dmean2":7.27532529831,"dvar":65.0706329346,"dvar2":152.206939697,"max":170.0496521,"mean":8.26622581482,"median":4.27635192871,"min":-1.92877089977,"var":164.345916748},"melbands_skewness":{"dmean":0.614362835884,"dmean2":0.970151901245,"dvar":0.492698043585,"dvar2":1.17583715916,"max":9.91984653473,"mean":2.21623587608,"median":1.9477635622,"min":-0.755464017391,"var":1.58786141872},"melbands_spread":{"dmean":8.33393859863,"dmean2":12.9034280777,"dvar":121.642272949,"dvar2":251.266296387,"max":247.417617798,"mean":33.1762046814,"median":30.5441131592,"min":0.449188232422,"var":472.582702637},"mfcc":{"cov":[[9561.82617188,-1917.77600098,-929.52734375,51.4179840088,5.42648839951,208.419662476,128.941955566,271.690246582,89.6015090942,103.684494019,-48.1877975464,-73.6013717651,-8.01101779938],[-1917.77600098,1385.02075195,-270.825592041,-40.3439292908,-20.9759960175,-141.032867432,13.0815906525,-62.0175590515,-95.1818618774,0.0393120497465,-20.9766044617,17.9866256714,20.1358699799],[-929.52734375,-270.825592041,767.74420166,38.2791137695,16.1159477234,120.527130127,-22.2936382294,-22.162569046,34.0923156738,-30.1714782715,38.3127975464,8.02456665039,-13.5061988831],[51.4179840088,-40.3439292908,38.2791137695,247.496032715,63.0239334106,41.0206832886,-40.8254699707,-3.71546268463,38.9459037781,-12.2446899414,3.53243660927,20.8602428436,13.3547716141],[5.42648839951,-20.9759960175,16.1159477234,63.0239334106,141.372085571,20.2855091095,-14.8832550049,9.32926940918,24.1994342804,2.76789307594,3.85454463959,11.2280464172,5.88776874542],[208.419662476,-141.032867432,120.527130127,41.0206832886,20.2855091095,192.008560181,51.0865478516,29.6377601624,38.1457290649,-18.7089385986,37.7808532715,5.92328310013,-8.36330795288],[128.941955566,13.0815906525,-22.2936382294,-40.8254699707,-14.8832550049,51.0865478516,146.417648315,51.3604545593,12.7964601517,15.7755613327,21.6836280823,8.61078643799,13.6324491501],[271.690246582,-62.0175590515,-22.162569046,-3.71546268463,9.32926940918,29.6377601624,51.3604545593,120.706123352,33.3144798279,32.5213890076,16.7866401672,6.25892448425,19.8179149628],[89.6015090942,-95.1818618774,34.0923156738,38.9459037781,24.1994342804,38.1457290649,12.7964601517,33.3144798279,126.516525269,10.1044912338,22.8411712646,10.5745410919,5.19379281998],[103.684494019,0.0393120497465,-30.1714782715,-12.2446899414,2.76789307594,-18.7089385986,15.7755613327,32.5213890076,10.1044912338,117.55973053,22.8356208801,-3.10755062103,11.5871753693],[-48.1877975464,-20.9766044617,38.3127975464,3.53243660927,3.85454463959,37.7808532715,21.6836280823,16.7866401672,22.8411712646,22.8356208801,84.1857681274,23.1308860779,0.526959061623],[-73.6013717651,17.9866256714,8.02456665039,20.8602428436,11.2280464172,5.92328310013,8.61078643799,6.25892448425,10.5745410919,-3.10755062103,23.1308860779,65.329246521,21.8449440002],[-8.01101779938,20.1358699799,-13.5061988831,13.3547716141,5.88776874542,-8.36330795288,13.6324491501,19.8179149628,5.19379281998,11.5871753693,0.526959061623,21.8449440002,66.1582641602]],"icov":[[0.000242994661676,0.000397022202378,0.000451198051451,-0.0000728175073164,0.0000453093452961,-0.000274430844001,-0.0000609442431596,-0.000209651334444,0.00013089775166,-0.000136894945172,0.00019764364697,0.0000656086049275,0.0000424955724156],[0.000397022202378,0.00152100075502,0.000962696794886,-0.000172442625626,0.0000105518302007,0.0000540103901585,-0.000492799794301,0.000117335446703,0.00065665517468,-0.000159852323122,0.000154135123012,-0.000124380021589,-0.0000949383247644],[0.000451198051451,0.000962696794886,0.00242197094485,-0.0000659674406052,0.0000897906211321,-0.00142610212788,0.000344792380929,0.000118744799693,0.000142368051456,-0.0000778677349444,-0.000108451538836,0.0000482878203911,-0.0000381158170057],[-0.0000728175073164,-0.000172442625626,-0.0000659674406052,0.00538501981646,-0.00169682502747,-0.00140206841752,0.00196160981432,0.000342833402101,-0.00121102656703,0.000157636066433,0.000477205583593,-0.00120691908523,-0.00112778157927],[0.0000453093452961,0.0000105518302007,0.0000897906211321,-0.00169682502747,0.00826541893184,-0.000713763467502,0.000923497369513,-0.000658130564261,-0.000784801726695,-0.000493486586493,0.00048834097106,-0.0009001030121,-0.0000144733648995],[-0.000274430844001,0.0000540103901585,-0.00142610212788,-0.00140206841752,-0.000713763467502,0.00876988470554,-0.00317810289562,-0.000666129111778,-0.000722088559996,0.00231398129836,-0.00310038565658,0.000993405585177,0.00131687498651],[-0.0000609442431596,-0.000492799794301,0.000344792380929,0.00196160981432,0.000923497369513,-0.00317810289562,0.0101424306631,-0.00305904448032,-0.000189602375031,-0.00043352987268,-0.0006198353949,-0.000790337857325,-0.00148378603626],[-0.000209651334444,0.000117335446703,0.000118744799693,0.000342833402101,-0.000658130564261,-0.000666129111778,-0.00305904448032,0.0120118865743,-0.00210585212335,-0.00224541407079,-0.000310361210722,0.000254176644376,-0.00262242066674],[0.00013089775166,0.00065665517468,0.000142368051456,-0.00121102656703,-0.000784801726695,-0.000722088559996,-0.000189602375031,-0.00210585212335,0.00989185459912,-0.000288448965875,-0.00144583242945,-0.000390968663851,0.000152525302838],[-0.000136894945172,-0.000159852323122,-0.0000778677349444,0.000157636066433,-0.000493486586493,0.00231398129836,-0.00043352987268,-0.00224541407079,-0.000288448965875,0.0107163218781,-0.0040551032871,0.00251315603964,-0.00156902335584],[0.00019764364697,0.000154135123012,-0.000108451538836,0.000477205583593,0.00048834097106,-0.00310038565658,-0.0006198353949,-0.000310361210722,-0.00144583242945,-0.0040551032871,0.0168872438371,-0.00640705879778,0.00244863308035],[0.0000656086049275,-0.000124380021589,0.0000482878203911,-0.00120691908523,-0.0009001030121,0.000993405585177,-0.000790337857325,0.000254176644376,-0.000390968663851,0.00251315603964,-0.00640705879778,0.0205853302032,-0.0065638627857],[0.0000424955724156,-0.0000949383247644,-0.0000381158170057,-0.00112778157927,-0.0000144733648995,0.00131687498651,-0.00148378603626,-0.00262242066674,0.000152525302838,-0.00156902335584,0.00244863308035,-0.0065638627857,0.0190389063209]],"mean":[-627.404296875,111.234703064,-3.41477799416,27.182390213,4.43940114975,2.07458233833,2.00140094757,4.42306804657,-3.74559020996,4.30915737152,-3.92055392265,-1.77509140968,-1.12075269222]},"pitch_salience":{"dmean":0.0624785535038,"dmean2":0.101954087615,"dvar":0.00351938325912,"dvar2":0.00925441458821,"max":0.931383252144,"mean":0.593132913113,"median":0.592464208603,"min":0.128344878554,"var":0.00984180532396},"silence_rate_20dB":{"dmean":0,"dmean2":0,"dvar":0,"dvar2":0,"max":1,"mean":1,"median":1,"min":1,"var":0},"silence_rate_30dB":{"dmean":0,"dmean2":0,"dvar":0,"dvar2":0,"max":1,"mean":1,"median":1,"min":1,"var":0},"silence_rate_60dB":{"dmean":0.0140350880101,"dmean2":0.0280735716224,"dvar":0.0138394096866,"dvar2":0.0311622433364,"max":1,"mean":0.0526252128184,"median":0,"min":0,"var":0.0498496107757},"spectral_centroid":{"dmean":245.785995483,"dmean2":374.189941406,"dvar":93596.2421875,"dvar2":183235.546875,"max":10437.1289062,"mean":1700.90478516,"median":1773.67504883,"min":145.780838013,"var":523610.125},"spectral_complexity":{"dmean":4.07017564774,"dmean2":6.16577911377,"dvar":19.407283783,"dvar2":40.4956016541,"max":59,"mean":24.8198642731,"median":26,"min":0,"var":164.228469849},"spectral_contrast_coeffs":{"dmean":[0.0487873665988,0.042296551168,0.0350237153471,0.0293373782188,0.0226602740586,0.0175808053464],"dmean2":[0.0809738114476,0.0683750361204,0.0553557388484,0.046640586108,0.0357833318412,0.0281296838075],"dvar":[0.00177428033203,0.00120966904797,0.00082746159751,0.0006139317411,0.000428798375651,0.000302672939142],"dvar2":[0.00472642946988,0.00310277752578,0.00195967638865,0.00143416912761,0.000963235390373,0.000704475154635],"max":[-0.333129942417,-0.39179879427,-0.491174727678,-0.554130196571,-0.586274981499,-0.60034430027],"mean":[-0.637620031834,-0.733654499054,-0.758616328239,-0.778715729713,-0.784148931503,-0.758765101433],"median":[-0.645643353462,-0.739654541016,-0.763426303864,-0.783214628696,-0.788688063622,-0.75307148695],"min":[-0.968821763992,-0.973475396633,-0.961656749249,-0.960588276386,-0.960281133652,-0.957308590412],"var":[0.00745164742693,0.00450083054602,0.00441054161638,0.00319851050153,0.00229426985607,0.00159024784807]},"spectral_contrast_valleys":{"dmean":[0.39176762104,0.332943677902,0.303070962429,0.291381746531,0.258544147015,0.251356601715],"dmean2":[0.631771147251,0.527537584305,0.467950582504,0.436625599861,0.37956187129,0.330882251263],"dvar":[0.135925784707,0.101212881505,0.0891044288874,0.102004423738,0.11921890825,0.136603489518],"dvar2":[0.296278446913,0.20707988739,0.167131438851,0.17814218998,0.211928397417,0.207269459963],"max":[-5.33102035522,-5.02039718628,-5.37676715851,-5.76408910751,-5.20598888397,-7.47373819351],"mean":[-7.25045156479,-6.73804235458,-7.30996513367,-7.55195331573,-7.24305534363,-10.0520362854],"median":[-7.00809574127,-6.57672977448,-7.06724643707,-7.25796985626,-6.80842018127,-9.58760166168],"min":[-27.5662689209,-26.9999160767,-27.196144104,-27.2545032501,-27.1709346771,-27.2643203735],"var":[0.987507522106,0.738378465176,0.976682364941,1.18321180344,1.64872360229,2.21399307251]},"spectral_decrease":{"dmean":1.9175785404e-9,"dmean2":3.05839376047e-9,"dvar":8.54372272675e-18,"dvar2":2.09913375893e-17,"max":-1.70294673839e-28,"mean":-5.74726843894e-9,"median":-5.32804644848e-9,"min":-2.90197643693e-8,"var":1.49764375169e-17},"spectral_energy":{"dmean":0.00756187876686,"dmean2":0.011975698173,"dvar":0.000128942789161,"dvar2":0.000314984819852,"max":0.115423426032,"mean":0.0240164157003,"median":0.0225430745631,"min":1.07892463093e-20,"var":0.000246945302933},"spectral_energyband_high":{"dmean":0.000513897626661,"dmean2":0.000724484096281,"dvar":9.81673565548e-7,"dvar2":0.00000189684988072,"max":0.0174893960357,"mean":0.00139065261465,"median":0.000882135063875,"min":7.68833036978e-21,"var":0.00000306495621771},"spectral_energyband_low":{"dmean":0.00504420278594,"dmean2":0.00830460619181,"dvar":0.00007380770694,"dvar2":0.00018164490757,"max":0.0724739059806,"mean":0.00803766213357,"median":0.00503753311932,"min":1.00858176517e-22,"var":0.0000907633730094},"spectral_energyband_middle_high":{"dmean":0.00156744825654,"dmean2":0.00241047353484,"dvar":0.00000480337257613,"dvar2":0.0000112083635031,"max":0.0353108346462,"mean":0.00675512570888,"median":0.0054602525197,"min":1.71442673526e-21,"var":0.0000312915508403},"spectral_energyband_middle_low":{"dmean":0.00376829598099,"dmean2":0.00619617942721,"dvar":0.0000523941343999,"dvar2":0.000138675779453,"max":0.092479839921,"mean":0.00975018367171,"median":0.00816888175905,"min":4.42510426689e-22,"var":0.0000656710835756},"spectral_entropy":{"dmean":0.123480670154,"dmean2":0.17213074863,"dvar":0.0268494505435,"dvar2":0.0449168756604,"max":9.79923725128,"mean":7.6822681427,"median":7.80917167664,"min":4.84040737152,"var":0.243168950081},"spectral_flux":{"dmean":0.0223780572414,"dmean2":0.0337278917432,"dvar":0.000721612013876,"dvar2":0.00156607315876,"max":0.316242426634,"mean":0.0793666541576,"median":0.0736703202128,"min":1.03871293511e-10,"var":0.00203052093275},"spectral_kurtosis":{"dmean":1.51385843754,"dmean2":2.5610203743,"dvar":8.04718017578,"dvar2":21.4822368622,"max":71.1577148438,"mean":4.73370456696,"median":3.47315764427,"min":-1.19679284096,"var":30.3642501831},"spectral_rms":{"dmean":0.000678093230817,"dmean2":0.00104525627103,"dvar":7.47369028886e-7,"dvar2":0.00000172343800386,"max":0.0106117017567,"mean":0.00454352470115,"median":0.00468969531357,"min":3.24439411968e-12,"var":0.00000278701168099},"spectral_rolloff":{"dmean":586.397766113,"dmean2":948.526916504,"dvar":1037096,"dvar2":2114010,"max":18109.4238281,"mean":2076.5234375,"median":1808.7890625,"min":43.06640625,"var":2850014},"spectral_skewness":{"dmean":0.196955248713,"dmean2":0.316684663296,"dvar":0.0744539946318,"dvar2":0.176945701241,"max":6.79321956635,"mean":1.43414449692,"median":1.297265172,"min":-0.0912482440472,"var":0.442072451115},"spectral_spread":{"dmean":432564.40625,"dmean2":610397.25,"dvar":532862631936,"dvar2":783889924096,"max":40936232,"mean":4392416,"median":4121309.5,"min":1027800.125,"var":2579845611520},"spectral_strongpeak":{"dmean":0.545936048031,"dmean2":0.954931080341,"dvar":1.0253367424,"dvar2":2.51296234131,"max":10.8138933182,"mean":0.870169937611,"median":0.427253216505,"min":0,"var":1.52213406563},"zerocrossingrate":{"dmean":0.010625272058,"dmean2":0.0121159218252,"dvar":0.000223660463234,"dvar2":0.000223375041969,"max":0.49658203125,"mean":0.0737854018807,"median":0.0712890625,"min":0.001953125,"var":0.00175821478479}},"metadata":{"audio_properties":{"analysis_sample_rate":44100,"bit_rate":0,"codec":"flac","downmix":"mix","equal_loudness":0,"length":191.893325806,"lossless":true,"md5_encoded":"723b064dd63db987bd199357c49083bf","replay_gain":-16.7149791718,"sample_rate":44100},"tags":{"album":["Shaka Rock"],"albumartist":["Jet"],"albumartistsort":["Jet"],"artist":["Jet"],"artistsort":["Jet"],"asin":["B0029LHW4A"],"barcode":["0846070072024"],"date":["2009-08-25"],"discnumber":["1"],"disctotal":["1"],"file_name":"10. Let Me Out.flac","genre":["Rock"],"label":["Five Seven Music"],"language":["eng"],"media":["CD"],"musicbrainz_albumartistid":["4efa55ba-93cf-497f-baf3-2ca9da7e193e"],"musicbrainz_albumid":["5aca9cda-fc06-47ce-a5f3-bf415b1710e4"],"musicbrainz_artistid":["4efa55ba-93cf-497f-baf3-2ca9da7e193e"],"musicbrainz_recordingid":["2e9a1c38-3b26-4913-a28e-7248f3ba80c3"],"musicbrainz_releasegroupid":["518145c0-e65e-4eeb-b662-ad63fd7ff467"],"musicip_puid":["a473e509-fa23-e979-b5be-9a56cdc57c7b"],"originaldate":["2009-08-19"],"owner":["-=udachee=-"],"releasecountry":["US"],"releasestatus":["official"],"releasetype":["album"],"script":["Latn"],"title":["Let Me Out"],"totaldiscs":["1"],"totaltracks":["12"],"tracknumber":["10"],"tracktotal":["12"]},"version":{"essentia":"2.1-beta2","essentia_build_sha":"70f2e5ece6736b2c40cc944ad0e695b16b925413","essentia_git_sha":"v2.1_beta2","extractor":"music 1.0"}},"rhythm":{"beats_count":385,"beats_loudness":{"dmean":0.0125113865361,"dmean2":0.0219969768077,"dvar":0.000116640352644,"dvar2":0.000347578112269,"max":0.0737150087953,"mean":0.0329932458699,"median":0.0349594205618,"min":0.0000254655515164,"var":0.000262350513367},"beats_loudness_band_ratio":{"dmean":[0.156864956021,0.0968437418342,0.0925321504474,0.0676123574376,0.0676101073623,0.0706241205335],"dmean2":[0.259458124638,0.168909847736,0.161899805069,0.118887461722,0.11669614166,0.130405962467],"dvar":[0.0135242687538,0.0101033542305,0.0103976