{"lowlevel":{"average_loudness":0.963637053967,"barkbands":{"dmean":[0.000307204900309,0.00394540699199,0.00255918665789,0.00183806358837,0.00114313000813,0.000478665431729,0.000234410705161,0.000123046935187,0.000172493149876,0.000184502918273,0.000223796654609,0.000194391875993,0.00016200816026,0.000176718836883,0.00026868461282,0.000234837236349,0.000437929295003,0.000377790856874,0.000296955928206,0.000245395116508,0.00011036406795,0.0000692223620717,0.0000516300242452,0.0000275443944702,0.0000105839417301,0.00000167765244896,4.29603716157e-7],"dmean2":[0.000377479882445,0.00633051991463,0.00453076697886,0.0032548867166,0.00191025750246,0.000765689066611,0.000369892310118,0.000193518819287,0.000273237121291,0.000291173288133,0.000350167450961,0.000310963136144,0.000255867314991,0.00028026883956,0.000437675713329,0.000371104571968,0.000681199715473,0.000590264215134,0.000462410214823,0.000378269469365,0.000164885350387,0.0000996920789476,0.0000753908825573,0.0000381251120416,0.000014188831301,0.00000217236242861,5.76672221086e-7],"dvar":[4.55208692074e-7,0.00004150640234,0.0000217420601984,0.0000156006044563,0.00000545620514458,7.53084805183e-7,1.33926590706e-7,7.68289751818e-8,1.44476658193e-7,1.3244158481e-7,3.04716678556e-7,1.22108374967e-7,9.63513784313e-8,1.94482353777e-7,3.39010341577e-7,1.65717068512e-7,5.717250815e-7,3.79770369818e-7,3.36446333904e-7,2.9887954156e-7,4.77343533589e-8,3.29579989966e-8,3.41314461139e-8,7.61441132369e-9,6.87724710513e-10,1.47780780668e-11,1.90452710026e-12],"dvar2":[6.58770773043e-7,0.000104910228401,0.0000614065211266,0.0000435331712652,0.000014181799088,0.00000181194025117,3.33552691245e-7,1.74323432134e-7,3.58084975005e-7,3.23732564311e-7,7.86986845469e-7,3.05124302713e-7,2.44932152782e-7,4.54102575986e-7,9.2712082278e-7,3.83855109476e-7,0.00000132668708375,8.88649253739e-7,7.67020992498e-7,6.53427946418e-7,1.04369547671e-7,6.69798012609e-8,8.49978363249e-8,1.49325316556e-8,1.35308031446e-9,3.39509531599e-11,5.0359217664e-12],"max":[0.00735899619758,0.0776949375868,0.0417192056775,0.043119750917,0.0292396508157,0.0115570165217,0.00531552685425,0.00530253816396,0.00802480429411,0.00851768255234,0.00857794098556,0.00653667515144,0.00584147358313,0.0130332764238,0.0135844117031,0.00991415418684,0.0129128992558,0.0125330323353,0.0209095645696,0.0159868150949,0.00478629488498,0.00534754013643,0.00737053947523,0.00252299779095,0.000912769348361,0.000121388133266,0.0000365505184163],"mean":[0.000440055475337,0.0073775537312,0.00360146188177,0.00206334842369,0.00156189734116,0.000758185109589,0.000427105202107,0.000184455901035,0.000261831533862,0.000340160244377,0.000370206369553,0.000344769534422,0.000290053372737,0.000315515004331,0.000435060443124,0.000434731598943,0.000899362610653,0.000846684968565,0.000679411343299,0.000545263581444,0.000245508010266,0.000140421136166,0.0000944765706663,0.0000507080039824,0.0000195915636141,0.00000317543435813,6.73348324653e-7],"median":[0.0000317130361509,0.00502317398787,0.00194202386774,0.0010415505385,0.000847716117278,0.000378310331143,0.000221994676394,0.0000615690660197,0.0000926084685489,0.000128401792608,0.0000755709334044,0.000132571323775,0.000121414930618,0.00009711572784,0.000205244286917,0.000222374626901,0.000439730123617,0.000486080534756,0.000351439404767,0.000249356991844,0.000120221884572,0.0000671839952702,0.0000351353373844,0.0000166831960087,0.0000069057687142,0.00000116874593914,1.80030781394e-7],"min":[4.3296734321e-25,4.52528993318e-24,2.02622808646e-24,2.53118564329e-24,8.49385705971e-24,6.69214923929e-24,8.12005216433e-24,8.65409127564e-24,1.67444451935e-23,2.12022129719e-23,1.47564731138e-23,2.30833811736e-23,2.91276791833e-23,3.25365459477e-23,4.92632528149e-23,4.6150123693e-23,7.92000382297e-23,1.16244523509e-22,1.1955246341e-22,1.68703546515e-22,2.26826060705e-22,2.74041241283e-22,3.79922480148e-22,5.69772800068e-22,9.05689564454e-22,1.40589664666e-21,2.0449005361e-21],"var":[0.00000105055585209,0.0000656374177197,0.0000206550630537,0.0000121452876556,0.00000535214439878,0.00000120581808005,3.21412414905e-7,1.41837418255e-7,2.53055134181e-7,3.29941116206e-7,6.24107201475e-7,3.11204388481e-7,2.12235974573e-7,5.03687147102e-7,5.43207761439e-7,3.82709146152e-7,0.00000166057793649,0.00000109733855425,0.00000113322755624,9.16944088658e-7,1.3588191905e-7,7.05058269546e-8,4.86816986722e-8,1.84096311528e-8,1.71044900465e-9,2.81264352087e-11,2.06134653617e-12]},"barkbands_crest":{"dmean":2.47178554535,"dmean2":3.96330547333,"dvar":5.61093330383,"dvar2":13.7036914825,"max":26.5417556763,"mean":10.3792028427,"median":9.74295520782,"min":1.96415615082,"var":18.4209880829},"barkbands_flatness_db":{"dmean":0.021954536438,"dmean2":0.03229598701,"dvar":0.000523545953911,"dvar2":0.00108719035052,"max":0.553871810436,"mean":0.145336449146,"median":0.136653065681,"min":0.0249371249229,"var":0.00304905814119},"barkbands_kurtosis":{"dmean":3.52124929428,"dmean2":5.42672729492,"dvar":63.2543258667,"dvar2":129.082290649,"max":278.89074707,"mean":4.97858142853,"median":0.362273573875,"min":-1.93484985828,"var":185.832321167},"barkbands_skewness":{"dmean":0.631676733494,"dmean2":0.962636530399,"dvar":0.530630886555,"dvar2":1.1305809021,"max":15.143404007,"mean":1.52167332172,"median":1.241776824,"min":-4.3819065094,"var":2.79505944252},"barkbands_spread":{"dmean":6.72142314911,"dmean2":10.3498706818,"dvar":56.1896286011,"dvar2":123.774871826,"max":101.89427948,"mean":30.1670627594,"median":29.4679965973,"min":0.332636803389,"var":263.957977295},"dissonance":{"dmean":0.0103981234133,"dmean2":0.0171663407236,"dvar":0.000160639887326,"dvar2":0.000412287394283,"max":0.5,"mean":0.479965209961,"median":0.48565608263,"min":0.291962921619,"var":0.000364441861166},"dynamic_complexity":2.20120930672,"erbbands":{"dmean":[0.108551852405,0.972529888153,2.71054244041,4.87947034836,4.90402698517,3.50892925262,4.86530637741,3.10207247734,3.49465107918,2.82240581512,2.92478322983,3.76820635796,4.69378185272,6.81397151947,8.15560054779,7.70886611938,7.26738882065,8.22238826752,9.07794475555,16.7862682343,14.7760591507,20.7437744141,20.2089576721,17.02876091,13.4719076157,11.7086820602,5.80805206299,3.42701721191,2.62257814407,2.19725418091,1.23491764069,0.686635434628,0.409870713949,0.171528846025,0.0490973033011,0.0105635458604,0.00268403044902,0.000512969505507,0.0000738207672839,0.0000116457431432],"dmean2":[0.159197747707,1.62084794044,4.73957586288,8.68242549896,8.59317398071,5.83034420013,7.89424180984,4.89990997314,5.48474979401,4.51254272461,4.61405611038,5.88892507553,7.37677764893,10.7391557693,12.6525840759,12.3614206314,11.4858675003,12.8057146072,14.2545061111,26.9997138977,23.100856781,32.0424537659,31.4354400635,26.3091773987,20.7043037415,17.9849586487,8.74338626862,5.08765554428,3.82056069374,3.19724965096,1.77042913437,0.964895248413,0.590004444122,0.233724996448,0.0665182247758,0.0138012766838,0.00353286811151,0.00064721039962,0.0000977642412181,0.0000172272339114],"dvar":[0.0439213588834,2.68621754646,22.3632888794,102.183898926,123.045349121,42.9323196411,129.989624023,24.5249271393,28.2286567688,35.1320152283,46.4411468506,80.062713623,86.1197280884,225.734130859,276.754241943,189.775192261,207.136993408,446.680053711,330.717041016,1448.4765625,615.849121094,1245.2052002,1061.1574707,1007.17578125,838.920898438,821.274353027,154.50328064,47.3131713867,47.1730766296,58.4659233093,11.9684762955,4.53869104385,1.90207493305,0.222713470459,0.00937224365771,0.000367408210877,0.0000620056453045,0.00000111636620659,5.81759351803e-8,4.00841193571e-10],"dvar2":[0.093432366848,7.26152849197,63.4432411194,281.788116455,344.383483887,109.465751648,314.836334229,60.3387451172,70.9994430542,82.1391296387,108.684577942,195.888259888,220.509872437,558.341918945,680.59942627,475.371246338,539.262268066,1071.74047852,760.554992676,3945.76196289,1395.6505127,2864.1472168,2501.04614258,2120.01171875,1933.76037598,1798.33666992,334.310668945,101.435394287,97.887046814,143.565139771,26.3574008942,8.59743404388,4.27417898178,0.433703184128,0.018785668537,0.000727338599972,0.000155027941219,0.00000233565742747,1.55852660555e-7,9.50667211619e-10],"max":[2.27669525146,19.9732227325,50.1711273193,135.14112854,139.997924805,88.0684356689,174.960632324,95.9207992554,85.6568832397,165.942230225,168.60508728,183.845092773,171.929199219,240.386352539,265.497253418,227.000686646,289.340057373,657.774902344,427.336334229,743.028808594,420.189605713,672.246948242,607.336853027,1472.04602051,1181.57409668,848.014770508,310.550842285,161.61100769,220.432113647,297.693359375,86.9326324463,62.1451759338,35.9247589111,15.5895347595,2.66883039474,0.350096225739,0.279393434525,0.0196021702141,0.00705172726884,0.000466359138954],"mean":[0.167624562979,1.7673214674,4.43223810196,5.91277170181,5.88897609711,4.95419359207,6.19725370407,5.66684103012,6.85456991196,4.39652395248,4.63533782959,5.84262895584,8.46290969849,12.8959474564,15.0836830139,14.7574930191,13.7768783569,15.4763221741,16.8842029572,28.8063335419,30.5802726746,45.9193649292,46.8532333374,39.6231040955,32.5169334412,26.2786407471,13.3236875534,7.46954011917,5.30865430832,4.03131818771,2.37336039543,1.30604708195,0.71024119854,0.31075116992,0.092225715518,0.0206231046468,0.00490332022309,0.000917509838473,0.00012646507821,0.0000335355580319],"median":[0.0652170777321,1.25673031807,3.02081108093,3.16651630402,3.29367446899,2.44846057892,2.63670825958,2.90035104752,3.75230646133,2.0798830986,1.86414170265,2.18992590904,3.70197486877,4.813331604,5.09590005875,6.57180213928,6.41842079163,5.04856967926,8.52727508545,12.3271360397,16.7979106903,24.3028526306,27.6705245972,22.3189163208,16.7073707581,11.5160531998,6.17460680008,3.92542362213,2.58452534676,1.65883970261,0.906749367714,0.451571017504,0.235550060868,0.105458274484,0.0343665853143,0.00811036117375,0.00172414700501,0.000285598594928,0.0000451662381238,0.0000272951383522],"min":[9.70026661746e-23,3.94152748328e-22,3.07591392084e-21,5.72255220381e-21,1.48818387122e-20,2.71573508677e-20,3.80238933278e-20,6.89857321759e-20,1.21103674849e-19,1.43923817266e-19,2.85184190507e-19,4.53405559387e-19,6.14923534131e-19,1.10175463489e-18,1.26019074147e-18,1.14398561728e-18,1.30041105458e-18,1.93439143416e-18,2.8190948069e-18,2.35595224603e-18,4.0166761444e-18,4.85960751659e-18,5.78677524005e-18,5.62517020454e-18,6.94790769104e-18,8.54002688378e-18,8.67552733992e-18,8.94639011304e-18,9.76515168132e-18,1.18588492093e-17,1.20273500359e-17,1.14271527466e-17,1.02710164665e-17,9.39613152081e-18,6.51242480908e-18,3.65219306955e-18,2.47112763375e-18,9.94737109166e-19,2.51119729659e-19,2.93377408012e-20],"var":[0.0772862657905,3.50334787369,22.984331131,83.6249160767,90.400138855,54.4276657104,138.578216553,64.6522064209,82.2393341064,59.5375823975,80.9247665405,134.913696289,190.436386108,496.178039551,662.362976074,494.91003418,452.107574463,1062.91247559,704.644470215,2659.26928711,1675.54748535,3873.51708984,3167.45288086,3149.71289062,2805.5222168,2381.15917969,489.459075928,112.923561096,96.6048812866,79.8368377686,26.3069896698,11.7482385635,3.65247249603,0.540914714336,0.025314822793,0.00101083959453,0.0000865049732965,0.00000242121268457,6.13189925502e-8,6.63362476061e-10]},"erbbands_crest":{"dmean":1.99617552757,"dmean2":3.26423788071,"dvar":3.89786577225,"dvar2":9.77188396454,"max":28.5041275024,"mean":7.67029619217,"median":6.95686721802,"min":1.6782271862,"var":9.42571353912},"erbbands_flatness_db":{"dmean":0.0167199093848,"dmean2":0.0228623729199,"dvar":0.000303925597109,"dvar2":0.00057231914252,"max":0.359593391418,"mean":0.164006248116,"median":0.158181458712,"min":0.0220162644982,"var":0.00166507763788},"erbbands_kurtosis":{"dmean":1.19697284698,"dmean2":1.83892178535,"dvar":4.34689044952,"dvar2":8.88185119629,"max":107.797035217,"mean":1.17635023594,"median":0.203231811523,"min":-1.87756180763,"var":11.8155593872},"erbbands_skewness":{"dmean":0.385314285755,"dmean2":0.579412400723,"dvar":0.181600317359,"dvar2":0.400377631187,"max":8.14472961426,"mean":-0.66696870327,"median":-0.685998678207,"min":-4.66618394852,"var":0.881791174412},"erbbands_spread":{"dmean":9.35349655151,"dmean2":14.2806091309,"dvar":111.90436554,"dvar2":251.746139526,"max":159.797927856,"mean":40.3430175781,"median":36.2144088745,"min":2.31593489647,"var":427.035644531},"gfcc":{"cov":[[16254.9931641,127.861717224,-1933.34411621,863.485595703,-650.597717285,347.421478271,-421.577392578,271.822631836,-315.140411377,15.7319278717,-205.095153809,48.1931266785,-135.94090271],[127.861717224,1285.72949219,-94.7449493408,-279.310180664,167.900619507,-151.341156006,153.630310059,-47.695892334,15.8994607925,-141.078460693,84.8833465576,-39.9660682678,27.4391384125],[-1933.34411621,-94.7449493408,1084.49243164,163.247756958,73.9023895264,90.7215194702,-19.6586055756,-41.3469161987,45.8995780945,67.3452453613,-19.8932723999,-6.41449689865,-18.2835006714],[863.485595703,-279.310180664,163.247756958,566.20123291,13.8976221085,5.22391223907,-107.570350647,-31.5167350769,19.8682975769,63.9203872681,-20.6656074524,-21.0959281921,-7.9962053299],[-650.597717285,167.900619507,73.9023895264,13.8976221085,326.542633057,-18.8450489044,41.7562408447,-7.13907337189,14.4777936935,14.3210983276,14.4552726746,-14.0956058502,8.64897823334],[347.421478271,-151.341156006,90.7215194702,5.22391223907,-18.8450489044,251.683670044,52.5978851318,21.6684455872,-22.0196056366,15.6710796356,-18.546415329,-18.544549942,-26.0425128937],[-421.577392578,153.630310059,-19.6586055756,-107.570350647,41.7562408447,52.5978851318,206.038131714,51.4516906738,-6.88925600052,-33.3452224731,29.9919052124,-1.49125671387,6.44916725159],[271.822631836,-47.695892334,-41.3469161987,-31.5167350769,-7.13907337189,21.6684455872,51.4516906738,112.460868835,12.7523269653,1.41860342026,-2.9545674324,19.7201004028,2.3729596138],[-315.140411377,15.8994607925,45.8995780945,19.8682975769,14.4777936935,-22.0196056366,-6.88925600052,12.7523269653,95.8437042236,35.0457038879,6.45765018463,-5.91505002975,5.0304775238],[15.7319278717,-141.078460693,67.3452453613,63.9203872681,14.3210983276,15.6710796356,-33.3452224731,1.41860342026,35.0457038879,105.595405579,9.92300891876,-6.11789464951,-13.2920780182],[-205.095153809,84.8833465576,-19.8932723999,-20.6656074524,14.4552726746,-18.546415329,29.9919052124,-2.9545674324,6.45765018463,9.92300891876,75.4026031494,25.5591964722,10.8118190765],[48.1931266785,-39.9660682678,-6.41449689865,-21.0959281921,-14.0956058502,-18.544549942,-1.49125671387,19.7201004028,-5.91505002975,-6.11789464951,25.5591964722,90.1192398071,30.8562602997],[-135.94090271,27.4391384125,-18.2835006714,-7.9962053299,8.64897823334,-26.0425128937,6.44916725159,2.3729596138,5.0304775238,-13.2920780182,10.8118190765,30.8562602997,58.2872619629]],"icov":[[0.000395935639972,-0.000965583487414,0.00085089483764,-0.00107621762436,0.000746610516217,-0.00114846113138,0.00112695572898,-0.0014975409722,0.00147095497232,-0.00140863854904,0.00155336561147,-0.00130597257521,0.000764646218158],[-0.000965583487414,0.00386391766369,-0.00214189966209,0.00311077851802,-0.00240471586585,0.00350924767554,-0.0032794252038,0.00426288088784,-0.00432096375152,0.0054663894698,-0.00547980284318,0.00446741795167,-0.00193103880156],[0.00085089483764,-0.00214189966209,0.00292278919369,-0.00257588946261,0.00139668560587,-0.00291857053526,0.00223919330165,-0.00257251854055,0.00260577979498,-0.00349334650673,0.00393319223076,-0.00343857589178,0.001971202204],[-0.00107621762436,0.00311077851802,-0.00257588946261,0.00522445095703,-0.0023284018971,0.00323619646952,-0.0022121493239,0.00424311682582,-0.00413427036256,0.003629878629,-0.00467400951311,0.00449919141829,-0.00253250007518],[0.000746610516217,-0.00240471586585,0.00139668560587,-0.0023284018971,0.00502009829506,-0.0019162397366,0.00130127451848,-0.00271049933508,0.00303331017494,-0.00411285134032,0.00332748820074,-0.00216464884579,0.000686306681018],[-0.00114846113138,0.00350924767554,-0.00291857053526,0.00323619646952,-0.0019162397366,0.00877458322793,-0.0053641134873,0.00413222657517,-0.00293672038242,0.00345856370404,-0.0037900719326,0.00465527595952,-0.000891207251698],[0.00112695572898,-0.0032794252038,0.00223919330165,-0.0022121493239,0.00130127451848,-0.0053641134873,0.0116061763838,-0.00833734124899,0.00462332554162,-0.00178798043635,0.000465534103569,-0.00158584187739,0.000982996192761],[-0.0014975409722,0.00426288088784,-0.00257251854055,0.00424311682582,-0.00271049933508,0.00413222657517,-0.00833734124899,0.0180930942297,-0.00835248455405,0.00478053418919,-0.00284147728235,0.000902404775843,-0.00142954732291],[0.00147095497232,-0.00432096375152,0.00260577979498,-0.00413427036256,0.00303331017494,-0.00293672038242,0.00462332554162,-0.00835248455405,0.0192248281091,-0.0106089618057,0.00563303939998,-0.00281810434535,0.000149727246026],[-0.00140863854904,0.0054663894698,-0.00349334650673,0.003629878629,-0.00411285134032,0.00345856370404,-0.00178798043635,0.00478053418919,-0.0106089618057,0.0214422307909,-0.0116012990475,0.00680056354031,0.0000595291676291],[0.00155336561147,-0.00547980284318,0.00393319223076,-0.00467400951311,0.00332748820074,-0.0037900719326,0.000465534103569,-0.00284147728235,0.00563303939998,-0.0116012990475,0.0264364313334,-0.012786722742,0.00340564060025],[-0.00130597257521,0.00446741795167,-0.00343857589178,0.00449919141829,-0.00216464884579,0.00465527595952,-0.00158584187739,0.000902404775843,-0.00281810434535,0.00680056354031,-0.012786722742,0.022605733946,-0.0108716292307],[0.000764646218158,-0.00193103880156,0.001971202204,-0.00253250007518,0.000686306681018,-0.000891207251698,0.000982996192761,-0.00142954732291,0.000149727246026,0.0000595291676291,0.00340564060025,-0.0108716292307,0.0246933046728]],"mean":[-28.2767715454,96.3171157837,-127.12461853,67.2391281128,-37.1070594788,9.89624023438,-28.8716945648,6.77863025665,-20.5589065552,-6.33764982224,-8.33336353302,-1.45401036739,-7.65314006805]},"hfc":{"dmean":4.62775707245,"dmean2":6.37614393234,"dvar":49.993473053,"dvar2":90.8920669556,"max":119.238136292,"mean":18.5471324921,"median":14.377035141,"min":1.08439460778e-16,"var":254.637207031},"melbands":{"dmean":[0.00099628220778,0.00134011660703,0.000841430213768,0.000283504719846,0.000160782175953,0.0000742580523365,0.0000510516947543,0.0000291102405754,0.0000258603686234,0.0000235927891481,0.0000242804853769,0.0000281830907625,0.000030238119507,0.0000237920266954,0.0000175856384885,0.0000144828773045,0.0000171174015122,0.000015147373233,0.000019727875042,0.0000198057277885,0.0000207406956179,0.0000233076625591,0.0000264064983639,0.0000167636771948,0.0000152072552737,0.0000116391738629,0.0000107514806587,0.00000766889297665,0.00000439786163042,0.00000274129911304,0.00000198050133804,0.00000155580016781,0.00000142925421187,0.00000131389288072,8.09413279512e-7,5.16722195698e-7,4.08028313359e-7,3.40520358577e-7,2.01047910764e-7,1.33658929258e-7],"dmean2":[0.00154175714124,0.00229152292013,0.00148872693535,0.000483485870063,0.000260999106104,0.000117357034469,0.0000800732523203,0.0000463603864773,0.0000410789252783,0.0000368512846762,0.0000382084290322,0.0000445086225227,0.0000471636740258,0.0000377280593966,0.0000280780586763,0.0000226754436881,0.0000268970597972,0.0000240279969148,0.0000320685030601,0.0000316480873153,0.0000327862690028,0.00003619009658,0.000041697974666,0.0000262593930529,0.0000237064705289,0.0000182566964213,0.0000167371890711,0.0000119655614981,0.00000682859399603,0.00000415273598264,0.00000302899229609,0.00000232592105931,0.00000211082010537,0.00000198729435397,0.00000119699791412,7.39541064831e-7,5.88533850987e-7,5.12707060807e-7,2.85979723458e-7,1.86288517057e-7],"dvar":[0.0000028902854865,0.00000501306749356,0.0000030156450066,3.41512418345e-7,1.28439239688e-7,1.37760149954e-8,5.8045479534e-9,3.57990170841e-9,3.54268481217e-9,2.9252147371e-9,2.31321872768e-9,3.70714992037e-9,5.20342879895e-9,1.8879269259e-9,1.16736786904e-9,8.59531612551e-10,2.20741469548e-9,9.95727500452e-10,1.75831582627e-9,1.59496971186e-9,1.38222500112e-9,1.69489300372e-9,2.32335750638e-9,7.23449800066e-10,9.04062047447e-10,4.97238916708e-10,5.54186696533e-10,3.57024021458e-10,9.87513751327e-11,2.54996839616e-11,2.02996976867e-11,1.59547999812e-11,1.45397808377e-11,3.30064933718e-11,5.58546091323e-12,1.85533467929e-12,1.96715690612e-12,1.49319814326e-12,4.02218379046e-13,1.16429733693e-13],"dvar2":[0.00000674293141856,0.0000140160027513,0.00000835111131892,9.32698469569e-7,3.13094034254e-7,3.38136061373e-8,1.45509870819e-8,8.22668244638e-9,8.49648618129e-9,7.23861859342e-9,5.92667648291e-9,9.11090847211e-9,1.32672903774e-8,4.61094584736e-9,3.05852654314e-9,2.07064188018e-9,5.27994803434e-9,2.31144259288e-9,4.75833594749e-9,4.01396560434e-9,3.21478221821e-9,3.82268749988e-9,5.67355096237e-9,1.68669644918e-9,1.88412885294e-9,1.14196008205e-9,1.30587562985e-9,7.7826334266e-10,2.19266091395e-10,5.70966884883e-11,4.5204666399e-11,3.3900885571e-11,3.07590793114e-11,8.67451943609e-11,1.2996445066e-11,3.73761395098e-12,3.85634189512e-12,3.65847760073e-12,7.9652072698e-13,2.33081999881e-13],"max":[0.0187117569149,0.0255509037524,0.0195944719017,0.00736998999491,0.00548508064821,0.0020432616584,0.00121412600856,0.00159177673049,0.00149651430547,0.0012810981134,0.000919251528103,0.000945216161199,0.0011934179347,0.000923810643144,0.000847801798955,0.000621313112788,0.00149044301361,0.000866364454851,0.000865291221999,0.000827826617751,0.000718917173799,0.000887407164555,0.00100746843964,0.000763713906053,0.00148165668361,0.000961750978604,0.000641123740934,0.000513571372721,0.000291559932521,0.000115646013001,0.000131545588374,0.000131379172672,0.0000996019589365,0.000257444888121,0.0000597295584157,0.0000343646352121,0.0000441281626991,0.0000316082005156,0.000020192384909,0.0000100395764093],"mean":[0.00179259805009,0.00245311530307,0.00105370220263,0.000375966890715,0.000216192493099,0.000133790716063,0.000099149896414,0.0000443401186203,0.0000392982110498,0.0000360367848771,0.0000427691556979,0.000052117753512,0.0000514319399372,0.0000434979046986,0.00003248977373,0.0000261432232946,0.0000301132749883,0.0000260585547949,0.0000327446396113,0.0000345755652233,0.0000386838182749,0.0000471158600703,0.0000518914348504,0.0000364200568583,0.0000315750912705,0.0000246576619247,0.0000227514610742,0.0000156033565872,0.00000904015905689,0.00000547194667888,0.00000388531407225,0.00000296379926112,0.00000261089985543,0.00000216957187149,0.00000144114540035,9.7586200809e-7,7.21930291547e-7,5.40864277809e-7,3.51095081896e-7,2.31283962648e-7],"median":[0.00105971703306,0.00181877682917,0.000603974622209,0.000211152597331,0.00010042230133,0.0000696943607181,0.0000554123616894,0.0000191323088075,0.0000151254698721,0.0000127312196128,0.0000173978496605,0.0000186024881259,0.0000133222147269,0.0000173002372321,0.000014574551642,0.0000108200283648,0.00000799245481176,0.0000117223598863,0.0000149122433868,0.0000152149441419,0.0000194893473235,0.0000227485033975,0.0000262557332462,0.0000213296189031,0.0000163845797942,0.0000123931695271,0.0000100484594441,0.00000667247786623,0.00000391148205381,0.00000270544228442,0.00000190653668142,0.00000140266001836,0.00000116448927656,7.84407063747e-7,5.29517706127e-7,3.60830654245e-7,2.29800690477e-7,1.67847915122e-7,1.17782164466e-7,7.6945696037e-8],"min":[1.53409563302e-24,1.49028545378e-24,1.46352147403e-24,2.15445565167e-24,1.51743055196e-24,1.66609355892e-24,1.9220962776e-24,1.66629826832e-24,2.27291790773e-24,2.67463427966e-24,2.54330077185e-24,3.98672591571e-24,3.37010529497e-24,2.93240463842e-24,2.31445518148e-24,2.97105724505e-24,3.28516449978e-24,4.33107553376e-24,3.62906387547e-24,3.3205762686e-24,3.95459285003e-24,3.68838779326e-24,3.77341122162e-24,4.98066777933e-24,3.98711087984e-24,5.00760146278e-24,5.28921494519e-24,4.91666197206e-24,4.92596264213e-24,4.66868985739e-24,4.80842078953e-24,4.79483778804e-24,4.38505255234e-24,4.96399796511e-24,5.09620829181e-24,6.25018202853e-24,5.4412994391e-24,5.98555390471e-24,6.32808007077e-24,7.10576163367e-24],"var":[0.00000501027261635,0.00000564194851904,0.0000023952736683,2.99774683299e-7,1.3924794473e-7,3.30743041843e-8,1.61286113354e-8,6.34175512104e-9,5.85537529574e-9,5.09885378364e-9,5.14429476794e-9,8.31569302306e-9,1.09336744103e-8,5.07882980116e-9,2.52178811166e-9,1.84177839646e-9,5.13100673061e-9,2.13860684717e-9,3.06851544174e-9,3.30799299064e-9,3.33628902283e-9,5.00951813365e-9,5.49476331102e-9,1.97820448911e-9,2.51508258664e-9,1.69659275517e-9,1.58883883827e-9,9.11946185234e-10,2.78704059831e-10,6.44738290534e-11,3.89844961868e-11,3.13846032496e-11,2.84189460159e-11,3.3535188515e-11,1.06802145253e-11,4.81786529075e-12,4.53863118963e-12,2.36465556337e-12,8.60661802243e-13,2.77636773164e-13]},"melbands_crest":{"dmean":3.12047672272,"dmean2":5.02221775055,"dvar":8.70378875732,"dvar2":21.6812782288,"max":38.8018569946,"mean":15.8685283661,"median":15.8448123932,"min":1.59070158005,"var":28.627281189},"melbands_flatness_db":{"dmean":0.0291539710015,"dmean2":0.0433173850179,"dvar":0.000912694376893,"dvar2":0.00190978392493,"max":0.703439354897,"mean":0.207547813654,"median":0.201532125473,"min":0.00310798641294,"var":0.00621016323566},"melbands_kurtosis":{"dmean":10.8170423508,"dmean2":16.5600223541,"dvar":450.110748291,"dvar2":915.212341309,"max":614.43170166,"mean":20.7761268616,"median":8.21238327026,"min":-1.85838878155,"var":1332.38720703},"melbands_skewness":{"dmean":0.928740143776,"dmean2":1.42632269859,"dvar":1.13839280605,"dvar2":2.46855998039,"max":18.7769622803,"mean":3.31964445114,"median":2.84718537331,"min":-2.67522954941,"var":5.37377119064},"melbands_spread":{"dmean":9.83089542389,"dmean2":15.2478704453,"dvar":160.523162842,"dvar2":360.267852783,"max":209.34223938,"mean":33.2689628601,"median":25.6654472351,"min":0.364883512259,"var":783.547973633},"mfcc":{"cov":[[7228.70361328,-566.785827637,-617.037231445,85.8440933228,-125.883712769,-1.91451048851,-20.735502243,114.842681885,26.3947162628,31.4866142273,-29.5187740326,24.79479599,31.520526886],[-566.785827637,1529.93261719,-192.995895386,-97.0550079346,-10.0832605362,-85.7009735107,113.244949341,98.5877151489,-8.26904773712,-44.746307373,-14.6111621857,-0.853745996952,-6.03835391998],[-617.037231445,-192.995895386,859.469360352,128.776977539,103.886276245,134.657196045,-21.284526825,-33.7614364624,15.6970243454,13.3186635971,27.2242774963,4.60230875015,-5.96104431152],[85.8440933228,-97.0550079346,128.776977539,467.515991211,154.754943848,39.011051178,-39.6200523376,-51.7043991089,-0.648553192616,6.40412092209,-7.08777284622,19.9570674896,26.3111248016],[-125.883712769,-10.0832605362,103.886276245,154.754943848,256.95135498,79.8164978027,-18.2381439209,-48.6035995483,13.6549434662,12.0474100113,10.5571756363,9.89839267731,-6.22078132629],[-1.91451048851,-85.7009735107,134.657196045,39.011051178,79.8164978027,176.011138916,45.9096221924,-17.1920928955,8.73607730865,34.8933448792,24.7911911011,5.1488404274,-17.3392086029],[-20.735502243,113.244949341,-21.284526825,-39.6200523376,-18.2381439209,45.9096221924,175.330673218,71.367515564,12.0709095001,10.8953485489,4.23282003403,7.92357063293,-0.778583586216],[114.842681885,98.5877151489,-33.7614364624,-51.7043991089,-48.6035995483,-17.1920928955,71.367515564,133.317825317,29.8364772797,-17.1279678345,-7.49107694626,-1.05882894993,9.92764949799],[26.3947162628,-8.26904773712,15.6970243454,-0.648553192616,13.6549434662,8.73607730865,12.0709095001,29.8364772797,79.1108474731,31.0583839417,2.53856539726,1.74066066742,0.190201371908],[31.4866142273,-44.746307373,13.3186635971,6.40412092209,12.0474100113,34.8933448792,10.8953485489,-17.1279678345,31.0583839417,100.282012939,37.2728996277,3.29257631302,-12.7537431717],[-29.5187740326,-14.6111621857,27.2242774963,-7.08777284622,10.5571756363,24.7911911011,4.23282003403,-7.49107694626,2.53856539726,37.2728996277,74.1079101562,24.3936367035,-5.71055221558],[24.79479599,-0.853745996952,4.60230875015,19.9570674896,9.89839267731,5.1488404274,7.92357063293,-1.05882894993,1.74066066742,3.29257631302,24.3936367035,60.5399665833,22.1519145966],[31.520526886,-6.03835391998,-5.96104431152,26.3111248016,-6.22078132629,-17.3392086029,-0.778583586216,9.92764949799,0.190201371908,-12.7537431717,-5.71055221558,22.1519145966,61.4096908569]],"icov":[[0.000165165241924,0.0000728773738956,0.000152104286826,-0.0000819413544377,0.0000799334302428,-0.000152388223796,0.000137704788358,-0.000272844918072,0.0000456519737781,-0.000101951569377,0.000111110246507,-0.000120320932183,0.0000156067690114],[0.0000728773738956,0.000797038548626,0.000152491425979,0.0000729120220058,-0.000307317968691,0.000465721677756,-0.000463123928057,-0.000441515090642,0.00021854613442,0.000131207416416,-0.0000190383016161,-0.0000866320478963,0.000246452254942],[0.000152104286826,0.000152491425979,0.00155731465202,-0.000335745193297,0.0000209058907785,-0.00121339899488,0.000462502677692,-0.000267117138719,-0.000332814728608,0.000399535318138,-0.000404996768339,0.000141196331242,-0.0000640874786768],[-0.0000819413544377,0.0000729120220058,-0.000335745193297,0.00299050612375,-0.00174406403676,0.000256678846199,0.000184372227523,0.000362848921213,0.000434664776549,-0.000547805975657,0.000937838340178,-0.000586481473874,-0.00124152028002],[0.0000799334302428,-0.000307317968691,0.0000209058907785,-0.00174406403676,0.00621485803276,-0.00258037005551,0.000561486987863,0.00165127380751,-0.00202894909307,0.00121442612726,-0.000457217654912,-0.000373642105842,0.000669952481985],[-0.000152388223796,0.000465721677756,-0.00121339899488,0.000256678846199,-0.00258037005551,0.00963837932795,-0.00366871547885,0.0013859202154,0.000371753092622,-0.00147697539069,-0.00119904917665,0.000145435667946,0.00161386490799],[0.000137704788358,-0.000463123928057,0.000462502677692,0.000184372227523,0.000561486987863,-0.00366871547885,0.0094232801348,-0.00544669572264,0.00151208916213,-0.00198155851103,0.00145754311234,-0.00188964453992,0.000271644705208],[-0.000272844918072,-0.000441515090642,-0.000267117138719,0.000362848921213,0.00165127380751,0.0013859202154,-0.00544669572264,0.0139362970367,-0.00656750192866,0.00465884711593,-0.0019256308442,0.00192006467842,-0.00173197605181],[0.0000456519737781,0.00021854613442,-0.000332814728608,0.000434664776549,-0.00202894909307,0.000371753092622,0.00151208916213,-0.00656750192866,0.0183528978378,-0.00804544612765,0.00360866170377,-0.00168091850355,-0.0000259836142504],[-0.000101951569377,0.000131207416416,0.000399535318138,-0.000547805975657,0.00121442612726,-0.00147697539069,-0.00198155851103,0.00465884711593,-0.00804544612765,0.0171071663499,-0.00847637094557,0.0027946094051,0.00104790844489],[0.000111110246507,-0.0000190383016161,-0.000404996768339,0.000937838340178,-0.000457217654912,-0.00119904917665,0.00145754311234,-0.0019256308442,0.00360866170377,-0.00847637094557,0.0216167140752,-0.00991798937321,0.003261114005],[-0.000120320932183,-0.0000866320478963,0.000141196331242,-0.000586481473874,-0.000373642105842,0.000145435667946,-0.00188964453992,0.00192006467842,-0.00168091850355,0.0027946094051,-0.00991798937321,0.024307180196,-0.00911777559668],[0.0000156067690114,0.000246452254942,-0.0000640874786768,-0.00124152028002,0.000669952481985,0.00161386490799,0.000271644705208,-0.00173197605181,-0.0000259836142504,0.00104790844489,0.003261114005,-0.00911777559668,0.0214429572225]],"mean":[-655.50958252,108.909347534,-14.0332098007,54.3137207031,16.2803382874,11.6143484116,7.12136650085,12.4361867905,-1.4719260931,0.168189570308,-2.47506737709,0.815074324608,1.74963152409]},"pitch_salience":{"dmean":0.074221149087,"dmean2":0.120906405151,"dvar":0.004753254354,"dvar2":0.0119319446385,"max":0.977724075317,"mean":0.520259201527,"median":0.52586388588,"min":0.0471590980887,"var":0.0127954576164},"silence_rate_20dB":{"dmean":0,"dmean2":0,"dvar":0,"dvar2":0,"max":1,"mean":1,"median":1,"min":1,"var":0},"silence_rate_30dB":{"dmean":0,"dmean2":0,"dvar":0,"dvar2":0,"max":1,"mean":1,"median":1,"min":1,"var":0},"silence_rate_60dB":{"dmean":0.0111509356648,"dmean2":0.0223048329353,"dvar":0.0110267456621,"dvar2":0.0247304644436,"max":1,"mean":0.0376957803965,"median":0,"min":0,"var":0.0362729281187},"spectral_centroid":{"dmean":304.057647705,"dmean2":465.409545898,"dvar":140358.25,"dvar2":298155.875,"max":11585.3378906,"mean":1993.41748047,"median":2006.28161621,"min":113.207061768,"var":1359238},"spectral_complexity":{"dmean":3.97106075287,"dmean2":5.67896986008,"dvar":19.4296360016,"dvar2":32.288318634,"max":58,"mean":21.2807273865,"median":21,"min":0,"var":146.220367432},"spectral_contrast_coeffs":{"dmean":[0.0482027083635,0.0454396568239,0.0374467298388,0.0317687168717,0.0232646688819,0.0186704657972],"dmean2":[0.0803489759564,0.0736218243837,0.0590094402432,0.0506687127054,0.036608055234,0.0288107078522],"dvar":[0.00182084681001,0.0013812618563,0.000998175120912,0.000705907586962,0.000447044032626,0.000337652600138],"dvar2":[0.00495182862505,0.00364042026922,0.00233153253794,0.00167342519853,0.000980218639597,0.000750486040488],"max":[-0.327335804701,-0.426585435867,-0.4680814147,-0.539402484894,-0.483208656311,-0.597893238068],"mean":[-0.665267586708,-0.734318137169,-0.776945948601,-0.769031941891,-0.771115362644,-0.738590955734],"median":[-0.665311038494,-0.737070500851,-0.783328592777,-0.77278316021,-0.77725404501,-0.731885671616],"min":[-0.980152964592,-0.975682377815,-0.980820059776,-0.995305359364,-0.987242221832,-0.963530302048],"var":[0.00506975594908,0.00477225473151,0.005268514622,0.00359024596401,0.00317823188379,0.00209109741263]},"spectral_contrast_valleys":{"dmean":[0.414188683033,0.415316015482,0.374508589506,0.335062414408,0.276587039232,0.35438644886],"dmean2":[0.659044802189,0.639944851398,0.556642651558,0.481311917305,0.372672528028,0.40484520793],"dvar":[0.161887213588,0.168364360929,0.147458508611,0.128094390035,0.116627685726,0.18680793047],"dvar2":[0.337702214718,0.336257427931,0.266388386488,0.21457888186,0.172279581428,0.292130738497],"max":[-5.38789749146,-5.4034371376,-5.67360401154,-5.96744203568,-5.25766706467,-7.80110788345],"mean":[-7.25685548782,-7.56933546066,-7.99053001404,-8.05877876282,-7.35812616348,-10.5819921494],"median":[-6.98598575592,-7.29354000092,-7.666036129,-7.75939273834,-7.02454185486,-10.262960434],"min":[-28.1060123444,-27.8335494995,-27.768907547,-27.6027488708,-27.4340209961,-27.3898048401],"var":[4.28584480286,4.14123344421,4.16557693481,4.06780385971,4.42014694214,3.54672932625]},"spectral_decrease":{"dmean":2.0787427335e-9,"dmean2":3.31868910131e-9,"dvar":9.27835671801e-18,"dvar2":2.29333988489e-17,"max":1.44648364772e-28,"mean":-5.57714008309e-9,"median":-4.71797889645e-9,"min":-3.24860991441e-8,"var":1.39231867886e-17},"spectral_energy":{"dmean":0.00810300838202,"dmean2":0.0128510184586,"dvar":0.000137610521051,"dvar2":0.000336525088642,"max":0.126434937119,"mean":0.0227316208184,"median":0.0195175148547,"min":1.02266633264e-20,"var":0.000216534768697},"spectral_energyband_high":{"dmean":0.000296762184007,"dmean2":0.000405418657465,"dvar":3.50557598949e-7,"dvar2":6.65190498239e-7,"max":0.0108094681054,"mean":0.000759405083954,"median":0.00040058628656,"min":7.0669480931e-21,"var":0.00000111101485345},"spectral_energyband_low":{"dmean":0.00620807334781,"dmean2":0.0102437958121,"dvar":0.0000914852425922,"dvar2":0.000236496969592,"max":0.0971052795649,"mean":0.0125445611775,"median":0.00939268805087,"min":1.08540413246e-23,"var":0.000133565365104},"spectral_energyband_middle_high":{"dmean":0.00140660395846,"dmean2":0.00203790701926,"dvar":0.00000447555839855,"dvar2":0.00000882774475031,"max":0.046185977757,"mean":0.0052755586803,"median":0.00414211675525,"min":1.24390889391e-21,"var":0.000024469474738},"spectral_energyband_middle_low":{"dmean":0.003167321207,"dmean2":0.00528579996899,"dvar":0.0000371629794245,"dvar2":0.0000974970680545,"max":0.0626283660531,"mean":0.00532881123945,"median":0.00380484620109,"min":1.79122556294e-22,"var":0.0000344663094438},"spectral_entropy":{"dmean":0.140281036496,"dmean2":0.197762593627,"dvar":0.0292607638985,"dvar2":0.0570599325001,"max":9.83355140686,"mean":7.60365009308,"median":7.66717624664,"min":4.52780771255,"var":0.185182854533},"spectral_flux":{"dmean":0.0243929903954,"dmean2":0.0367251262069,"dvar":0.000908932706807,"dvar2":0.00165070639923,"max":0.279882520437,"mean":0.0757484585047,"median":0.0656765177846,"min":6.36877703353e-11,"var":0.00192121439613},"spectral_kurtosis":{"dmean":1.71212029457,"dmean2":2.90804553032,"dvar":4.73284387589,"dvar2":12.8464403152,"max":48.063533783,"mean":4.14229154587,"median":3.46384119987,"min":-1.27193045616,"var":9.32010173798},"spectral_rms":{"dmean":0.000773538427893,"dmean2":0.00119212234858,"dvar":9.33018498017e-7,"dvar2":0.00000212527311305,"max":0.0111063569784,"mean":0.00445668678731,"median":0.00436365418136,"min":3.15867579488e-12,"var":0.00000231517105931},"spectral_rolloff":{"dmean":512.091308594,"dmean2":851.927307129,"dvar":660413.375,"dvar2":1398738.625,"max":19573.6816406,"mean":1929.84790039,"median":1722.65625,"min":21.533203125,"var":4526418},"spectral_skewness":{"dmean":0.215764954686,"dmean2":0.350292950869,"dvar":0.0533384494483,"dvar2":0.131109133363,"max":5.27759981155,"mean":1.11467552185,"median":1.05934214592,"min":-0.177425250411,"var":0.185587123036},"spectral_spread":{"dmean":417352.875,"dmean2":590051.0625,"dvar":485218091008,"dvar2":942428913664,"max":42747964,"mean":3930583.75,"median":3506632.5,"min":1168889.75,"var":13382243582000},"spectral_strongpeak":{"dmean":0.369276434183,"dmean2":0.649905800819,"dvar":1.16479194164,"dvar2":3.00383543968,"max":18.3961048126,"mean":0.570797801018,"median":0.306455373764,"min":0,"var":1.50829041004},"zerocrossingrate":{"dmean":0.010011613369,"dmean2":0.0117051359266,"dvar":0.000159849922056,"dvar2":0.000227677577641,"max":0.5234375,"mean":0.065667539835,"median":0.05712890625,"min":0,"var":0.00289561552927}},"metadata":{"audio_properties":{"analysis_sample_rate":44100,"bit_rate":0,"codec":"flac","downmix":"mix","equal_loudness":0,"length":174.906661987,"lossless":true,"md5_encoded":"dc45187549dc74d001f7afa6148cf7ef","replay_gain":-6.64661979675},"tags":{"album":["The Beatles (disc 2)"],"albumartist":["The Beatles"],"albumartistsort":["Beatles, The"],"artist":["The Beatles"],"artistsort":["Beatles, The"],"asin":["B000002UAX"],"catalognumber":["SWBO 101"],"date":["1968-11-25"],"file_name":"10 Savoy Truffle.flac","format":["Vinyl"],"genre":["Rock & Roll"],"isrc":["GBAYE0601670"],"label":["Apple Records"],"language":["eng"],"musicbrainz_albumartistid":["b10bbbfc-cf9e-42e0-be17-e2c3e1d2600d"],"musicbrainz_albumid":["5e2f85af-4e35-41b3-beeb-88af7ed2e70c"],"musicbrainz_artistid":["b10bbbfc-cf9e-42e0-be17-e2c3e1d2600d"],"musicbrainz_recordingid":["2eb16581-560c-4a4d-82af-6f33e38fffad"],"musicip_puid":["1989d3ae-8aad-665d-251a-82fc73da767e"],"producer":["Chris Thomas","George Martin"],"releasecountry":["US"],"releasestatus":["official"],"releasetype":["album"],"replaygain_album_gain":["-3.14 dB"],"replaygain_album_peak":["0.92208862"],"replaygain_reference_loudness":["89.0 dB"],"replaygain_track_gain":["-4.04 dB"],"replaygain_track_peak":["0.85394287"],"script":["Latn"],"title":["Savoy Truffle"],"totaltracks":["13"],"tracknumber":["10"],"tracktotal":["13"]},"version":{"essentia":"2.1-beta1","essentia_build_sha":"eef087cf131c10083d474ad51def18efd0e38295","essentia_git_sha":"v2.1_beta1-7-ge0e83e8-dirty","extractor":"music 1.0"}},"rhythm":{"beats_count":353,"beats_loudness":{"dmean":0.0142440358177,"dmean2":0.025011619553,"dvar":0.000139740295708,"dvar2":0.000379152625101,"max":0.0788731575012,"mean":0.034958627075,"median":0.0352289043367,"min":0,"var":0.000200596026843},"beats_loudness_band_ratio":{"dmean":[0.297821342945,0.141489699483,0.0372272357345,0.0545236133039,0.110496498644,0.0557934679091],"dmean2":[0.551353752613,0.275710523129,0.0665317699313,0.0934768170118,0.199999168515,0.0976213440299],"dvar":[0.0386242605746,0.0