{"lowlevel":{"average_loudness":0.585791230202,"barkbands":{"dmean":[0.00000537517098564,0.000386278203223,0.000864218105562,0.000663692946546,0.00139532529283,0.000641959020868,0.000803466828074,0.000912154850084,0.000865560374223,0.000813754100818,0.000696135160979,0.00032815700979,0.000191155282664,0.000188446501852,0.000375013914891,0.000209710531635,0.000130312444526,0.0000948020315263,0.0000954579518293,0.0000721613250789,0.0000503994815517,0.000026183335649,0.0000114392059913,0.00000748345382817,0.00000461435820398,0.00000113618557407,2.8649984074e-7],"dmean2":[0.00000886382986209,0.000596069789026,0.00138442916796,0.00112419179641,0.00224828883074,0.000970554770902,0.00117087375838,0.00139614706859,0.00134329230059,0.00134189764503,0.00114905333612,0.000503216811921,0.000302305736113,0.000294687517453,0.000613489013631,0.000325048778905,0.000214287705603,0.000148204897414,0.000150572639541,0.000108876934974,0.0000753548665671,0.0000375486379198,0.0000155891339091,0.0000103266747828,0.00000647309389024,0.00000162375204127,4.20220999331e-7],"dvar":[2.05541098031e-10,7.80141249379e-7,0.000003441936542,0.00000223918664233,0.0000133449093482,0.00000133749574616,0.00000219476874008,0.00000565039727007,0.00000550051390746,0.00000733551405574,0.00000926275788515,0.00000105367701053,1.91946483596e-7,4.91938180858e-7,0.00000104673688384,3.24239465499e-7,5.3600363259e-8,4.4902119356e-8,4.05740436804e-8,2.53541880824e-8,1.23479138026e-8,3.89900600695e-9,8.42055647432e-10,4.71658267998e-10,2.04791600344e-10,1.46785309602e-11,1.04784442841e-12],"dvar2":[5.16400477935e-10,0.00000190331695649,0.0000093650251074,0.00000609722883382,0.0000340370243066,0.00000308602511723,0.00000493693460157,0.0000146954944285,0.0000142826183946,0.0000192272873392,0.0000266139359155,0.00000223117467613,4.95209576457e-7,0.0000011976726455,0.00000291298579214,7.99726990408e-7,1.36312266363e-7,1.11102224309e-7,1.02632334631e-7,5.76302205957e-8,2.86875803113e-8,8.3775626436e-9,1.55389623391e-9,9.40150290951e-10,3.94460270003e-10,3.00351583882e-11,2.1514404841e-12],"max":[0.000153205299284,0.0109278913587,0.0298806559294,0.0280153956264,0.0462434664369,0.0199606139213,0.0344268009067,0.0483906008303,0.0590543933213,0.0637827441096,0.0784677565098,0.0331141836941,0.00962352287024,0.0216858163476,0.0215175505728,0.0167428031564,0.00429958337918,0.00548490090296,0.00579444831237,0.0035530696623,0.00306009943597,0.00195360742509,0.000594923272729,0.000579158542678,0.000508848403115,0.000106618885184,0.0000376796269848],"mean":[0.00000570719021198,0.000944247934967,0.00196383241564,0.00121930753812,0.00224642385729,0.001211837749,0.00159183342475,0.00183175154962,0.00177327822894,0.00139980611857,0.00107417535037,0.000489166937768,0.000358265649993,0.000290488183964,0.000631218310446,0.000394580041757,0.000221805355977,0.000183585230843,0.000196207183762,0.000154116933118,0.000117077936011,0.0000573807556066,0.0000229306861002,0.0000139763342304,0.00000726342341295,0.00000183992972325,3.82736459414e-7],"median":[0.000001343841177,0.000371014990378,0.0012869911734,0.000590017065406,0.000886765134055,0.000531979952939,0.000737523776479,0.000469303980935,0.000254596583545,0.000139667157782,0.00015644254745,0.0000853830497363,0.0000699198353686,0.0000532644262421,0.000130428466946,0.0000599682389293,0.0000747636149754,0.0000487938668812,0.0000649492576485,0.0000404960519518,0.0000256247130892,0.000014324962649,0.00000454538940176,0.00000245666615228,0.0000010341284451,2.86220739554e-7,6.8908732942e-8],"min":[3.04824886235e-24,1.5014197127e-23,1.57329945621e-23,1.30200845541e-23,4.39128952331e-23,2.89402142778e-23,3.88353604622e-23,2.65514424826e-23,5.08108085843e-23,8.31385367396e-23,8.0810848022e-23,1.1988805115e-22,1.45350398577e-22,1.02338407742e-22,1.61290879335e-22,8.1248236684e-23,1.61431801447e-22,1.39966277749e-22,3.47115231848e-22,3.41202233425e-22,6.40675466768e-22,3.94333542626e-22,5.36180755074e-22,7.17565701335e-22,1.31715143566e-21,2.1394422718e-21,2.39999951994e-21],"var":[1.94585833557e-10,0.00000155910436206,0.00000583972723689,0.00000294372512144,0.0000156241003424,0.00000343625333699,0.00000562184777664,0.0000198560865101,0.0000153106557264,0.0000169140676007,0.0000188823851204,0.00000212858367377,5.65032678423e-7,9.89427235254e-7,0.00000221031450565,0.00000103017464426,1.2870147259e-7,1.24134544421e-7,1.15074684004e-7,8.24630674856e-8,5.21525578279e-8,1.49205181543e-8,2.35792296799e-9,1.18361842549e-9,4.05249944713e-10,2.67036306262e-11,1.49500756826e-12]},"barkbands_crest":{"dmean":2.38870549202,"dmean2":3.86575460434,"dvar":5.69686698914,"dvar2":14.6933193207,"max":24.2700214386,"mean":9.86673641205,"median":9.07641220093,"min":2.7789785862,"var":16.0751266479},"barkbands_flatness_db":{"dmean":0.0215052217245,"dmean2":0.0299966465682,"dvar":0.000490254838951,"dvar2":0.000949177192524,"max":0.462608337402,"mean":0.175957247615,"median":0.167018696666,"min":0.0369920581579,"var":0.00405677361414},"barkbands_kurtosis":{"dmean":2.91074562073,"dmean2":4.41416931152,"dvar":36.2796478271,"dvar2":72.3456726074,"max":147.228622437,"mean":5.57499361038,"median":2.49380207062,"min":-1.92526435852,"var":112.438583374},"barkbands_skewness":{"dmean":0.458764463663,"dmean2":0.697781503201,"dvar":0.296026110649,"dvar2":0.629503250122,"max":9.7361164093,"mean":1.45158576965,"median":1.29066002369,"min":-6.49600982666,"var":1.53651368618},"barkbands_spread":{"dmean":3.78083992004,"dmean2":5.82294797897,"dvar":25.3309707642,"dvar2":63.6107444763,"max":151.154281616,"mean":15.6552143097,"median":13.140920639,"min":0.653653562069,"var":179.834869385},"dissonance":{"dmean":0.0254416428506,"dmean2":0.0418953709304,"dvar":0.000528894132003,"dvar2":0.00133506348357,"max":0.500000119209,"mean":0.436299711466,"median":0.445966869593,"min":0.208453401923,"var":0.00191623088904},"dynamic_complexity":5.30535697937,"erbbands":{"dmean":[0.0064012366347,0.111256539822,0.75753891468,1.75866770744,3.63725280762,5.09450483322,3.30180644989,6.4684472084,12.8870840073,16.9377708435,11.454328537,24.3749198914,15.9281673431,25.8640918732,33.0358276367,13.057466507,8.451587677,7.94580841064,22.7915363312,9.70230960846,8.48344326019,5.20790195465,5.2207326889,5.7038936615,3.78907299042,3.13981127739,2.80689525604,1.33326792717,0.956132590771,0.552213013172,0.309295475483,0.182456031442,0.112461984158,0.0648731514812,0.0261056423187,0.00735616032034,0.00172227446456,0.000327824207488,0.0000552207457076,0.00000794026072981],"dmean2":[0.0100301122293,0.173432469368,1.21401882172,2.88130927086,6.02955722809,8.24373531342,5.19879007339,9.87924098969,18.645986557,25.7863903046,17.4938812256,37.4204750061,25.3008441925,41.957862854,54.4027748108,20.2391929626,13.4723062515,12.3368635178,37.55260849,14.8703718185,13.3120775223,8.29911708832,8.05529975891,9.0363445282,5.92046976089,4.71926116943,4.2577123642,1.91235542297,1.34525036812,0.768022477627,0.426067531109,0.25120395422,0.157538309693,0.0916067883372,0.0365866683424,0.0105674173683,0.00246601598337,0.000475075445138,0.0000804587616585,0.0000111735707833],"dvar":[0.000289406918455,0.0613187476993,2.71660089493,14.0082139969,84.176109314,207.332351685,44.6499137878,145.588394165,559.63293457,1855.34216309,627.868713379,4438.99804688,1966.82067871,7888.65039062,21243.7714844,1286.36914062,374.952209473,794.167297363,4208.078125,473.256103516,408.968078613,100.496269226,106.334106445,203.910140991,69.2846679688,48.7168273926,37.3836250305,9.78953933716,5.46508789062,1.88010728359,0.629058480263,0.282907396555,0.107621178031,0.0390392690897,0.00732233328745,0.000604913511779,0.0000314511853503,0.0000012995689076,3.70813530992e-8,1.78674477991e-10],"dvar2":[0.000670690904371,0.155081227422,7.43661355972,36.2646484375,220.761352539,531.618041992,106.973251343,351.768890381,1223.95812988,4650.54882812,1513.54333496,11446.2109375,4938.78857422,19810.4902344,59231.5,3227.515625,970.221252441,1926.81469727,11815.7109375,1061.70153809,1007.67504883,235.381408691,256.971557617,546.975952148,170.179107666,108.746704102,92.3277740479,21.0375747681,11.3986206055,3.72211289406,1.20845985413,0.563375353813,0.217901498079,0.0790261775255,0.0139567283913,0.00127150968183,0.0000605268905929,0.00000256285761679,7.54777929046e-8,3.39190897591e-10],"max":[0.2087302953,2.93447375298,27.4095745087,98.3662185669,97.3516540527,193.26272583,145.132476807,183.734298706,585.685668945,1106.95874023,488.492645264,1664.51257324,1297.16369629,2538.37304688,3710.21069336,1292.97399902,530.349975586,968.862915039,1314.84216309,608.55670166,524.530883789,263.650085449,200.370635986,469.382049561,189.113845825,175.507278442,155.389205933,99.3400421143,81.5415878296,27.3172836304,17.356174469,14.9901065826,8.55423641205,6.56362247467,3.27144312859,0.678914248943,0.180409625173,0.0374451056123,0.00617509149015,0.000437375158072],"mean":[0.0117571251467,0.281578511,1.75704276562,3.9056763649,5.57787179947,7.71093273163,6.19019460678,11.9883451462,26.2779197693,33.51121521,24.8452377319,50.2491416931,30.5239486694,45.8685646057,54.0792579651,22.2306880951,16.6788921356,14.9106016159,39.458442688,20.8944015503,16.4948959351,10.1691036224,10.2735843658,11.8120450974,8.57043266296,7.19327497482,6.77260351181,3.27175760269,2.21132111549,1.16050493717,0.633330762386,0.350634902716,0.19797514379,0.102856315672,0.0396886654198,0.0115950051695,0.00282760406844,0.000497566827107,0.0000804199080449,0.000025152174203],"median":[0.00769486185163,0.140284538269,1.20420312881,2.4413497448,2.13656353951,2.86022734642,2.70828056335,5.46198511124,13.0194730759,9.29101085663,8.14235115051,8.93523979187,6.97910881042,6.05290126801,7.88723182678,4.82384347916,3.7970058918,4.0598320961,6.96864271164,5.68764829636,4.48282337189,3.40631175041,3.60450768471,3.10383749008,2.26226115227,2.08598256111,1.62448239326,0.747124314308,0.452245682478,0.30110681057,0.148331910372,0.0644833222032,0.0324338041246,0.0144670475274,0.00549950543791,0.00180355657358,0.000445119163487,0.000080977093603,0.0000211890983337,0.000017504011339],"min":[3.83440219184e-22,3.60797280826e-21,1.5150556089e-20,3.49488267824e-20,1.17303283997e-19,9.35210594423e-20,3.28908725042e-19,1.29824575424e-19,4.51984980083e-19,4.78073429422e-19,7.67421052597e-19,1.43318977632e-18,1.44081162528e-18,3.94074427289e-18,5.04968410878e-18,3.43214586262e-18,6.82281027187e-18,5.62790982673e-18,5.64358862165e-18,8.70667068998e-18,5.98508517446e-18,9.33513935834e-18,7.99401654196e-18,1.14667242399e-17,2.19316070265e-17,1.64140923107e-17,2.24220076701e-17,2.28692195596e-17,1.55487323498e-17,1.66310055371e-17,1.23713661809e-17,1.55544845638e-17,1.25115873568e-17,1.28985209407e-17,9.66283274827e-18,6.44821450044e-18,4.01692098987e-18,1.56161091059e-18,3.67245186013e-19,3.68107230996e-20],"var":[0.000318706646794,0.125780493021,4.34553003311,24.0346126556,83.0891265869,237.273193359,108.9063797,334.838500977,1548.94848633,6117.55761719,2241.93115234,12038.9169922,4907.72802734,18620.5664062,47952.7304688,2579.27050781,1159.46496582,1741.77099609,10186.2470703,1842.29162598,1187.76208496,301.700378418,267.475463867,545.531921387,251.048843384,170.766998291,155.616348267,47.6673927307,25.5257644653,5.16750907898,1.713966012,0.729345023632,0.246717259288,0.0758208930492,0.0139949200675,0.00107312796172,0.0000609924973105,0.00000224792916015,5.43426459387e-8,6.44834685648e-10]},"erbbands_crest":{"dmean":2.98627614975,"dmean2":4.79813909531,"dvar":8.24896717072,"dvar2":20.3649349213,"max":31.7259159088,"mean":11.2019290924,"median":10.002448082,"min":1.95693218708,"var":28.0817146301},"erbbands_flatness_db":{"dmean":0.0190185625106,"dmean2":0.0259232278913,"dvar":0.000350663787685,"dvar2":0.000650631438475,"max":0.38134983182,"mean":0.203941479325,"median":0.20337896049,"min":0.0286078322679,"var":0.00266837631352},"erbbands_kurtosis":{"dmean":1.50099897385,"dmean2":2.295337677,"dvar":8.53262329102,"dvar2":17.0903759003,"max":75.618522644,"mean":2.0159099102,"median":0.160198450089,"min":-1.78122437,"var":31.1023540497},"erbbands_skewness":{"dmean":0.413950771093,"dmean2":0.636767148972,"dvar":0.177138030529,"dvar2":0.389452010393,"max":7.39667892456,"mean":0.82511049509,"median":0.629764437675,"min":-2.32085394859,"var":1.10737240314},"erbbands_spread":{"dmean":5.74568557739,"dmean2":8.71448993683,"dvar":39.7663841248,"dvar2":92.1252975464,"max":125.862251282,"mean":27.8105964661,"median":25.6140193939,"min":1.87965524197,"var":226.567230225},"gfcc":{"cov":[[21948.4277344,1628.35595703,-2989.84667969,836.937194824,-1098.20825195,439.566619873,-23.3838977814,187.304504395,-126.710922241,-87.8694763184,-230.102966309,-225.115447998,-18.7822780609],[1628.35595703,1792.90112305,255.492523193,-29.9037799835,242.434356689,-304.126617432,-104.448158264,-165.104446411,20.7980289459,-109.627388,2.46417665482,-120.126571655,-74.0528106689],[-2989.84667969,255.492523193,1381.32104492,204.923934937,319.803741455,31.5145874023,-36.0516471863,-29.0917892456,-18.3465557098,-47.4353904724,2.65921115875,-8.426030159,-61.2649993896],[836.937194824,-29.9037799835,204.923934937,623.601928711,138.887161255,144.023864746,116.447662354,50.8410186768,-32.5131263733,-81.9198989868,-51.9718360901,3.03809642792,4.45154666901],[-1098.20825195,242.434356689,319.803741455,138.887161255,428.538146973,14.3325853348,-10.8531484604,-38.7771606445,-45.7434616089,-54.6629447937,-9.88541603088,19.4717025757,5.36565542221],[439.566619873,-304.126617432,31.5145874023,144.023864746,14.3325853348,303.058776855,122.841835022,78.9152755737,-12.9968357086,8.05480003357,-34.3769721985,-7.76415538788,-5.81989192963],[-23.3838977814,-104.448158264,-36.0516471863,116.447662354,-10.8531484604,122.841835022,246.842498779,110.663124084,50.3517379761,4.74124765396,-27.8858299255,-38.9967193604,-25.2698745728],[187.304504395,-165.104446411,-29.0917892456,50.8410186768,-38.7771606445,78.9152755737,110.663124084,187.24369812,82.8093032837,23.3500823975,-14.8407459259,-25.4397697449,-31.965265274],[-126.710922241,20.7980289459,-18.3465557098,-32.5131263733,-45.7434616089,-12.9968357086,50.3517379761,82.8093032837,148.309402466,51.0125160217,7.00014877319,-31.5263328552,-43.062877655],[-87.8694763184,-109.627388,-47.4353904724,-81.9198989868,-54.6629447937,8.05480003357,4.74124765396,23.3500823975,51.0125160217,105.780952454,41.8509635925,0.506221950054,-19.1268844604],[-230.102966309,2.46417665482,2.65921115875,-51.9718360901,-9.88541603088,-34.3769721985,-27.8858299255,-14.8407459259,7.00014877319,41.8509635925,88.3608169556,33.6699790955,-6.01045608521],[-225.115447998,-120.126571655,-8.426030159,3.03809642792,19.4717025757,-7.76415538788,-38.9967193604,-25.4397697449,-31.5263328552,0.506221950054,33.6699790955,103.652435303,47.4505729675],[-18.7822780609,-74.0528106689,-61.2649993896,4.45154666901,5.36565542221,-5.81989192963,-25.2698745728,-31.965265274,-43.062877655,-19.1268844604,-6.01045608521,47.4505729675,92.1192703247]],"icov":[[0.000383678794606,-0.000987585051917,0.000916717515793,-0.000969731656369,0.00117807788774,-0.00130245229229,0.0012598981848,-0.0011060150573,0.00110089674126,-0.000932210823521,0.000791404745542,-0.000391667184886,0.000326246139593],[-0.000987585051917,0.00356360315345,-0.0023704811465,0.00248381216079,-0.00355182029307,0.00411393446848,-0.00329810287803,0.00369876599871,-0.00351347774267,0.00358500820585,-0.00271624303423,0.0023825832177,-0.000490233418532],[0.000916717515793,-0.0023704811465,0.00314250960946,-0.0025287414901,0.00219586747698,-0.00326112983748,0.00332955433987,-0.00255580875091,0.0025061131455,-0.00204795901664,0.00170242588501,-0.000937633623835,0.00152640708257],[-0.000969731656369,0.00248381216079,-0.0025287414901,0.00476063415408,-0.00335040735081,0.00257845991291,-0.00394884683192,0.00253071007319,-0.00269779819064,0.00386782456189,-0.001763159642,0.000474582862807,-0.000777434674092],[0.00117807788774,-0.00355182029307,0.00219586747698,-0.00335040735081,0.00699875084683,-0.00439623510465,0.00378055102192,-0.00335810775869,0.00391518976539,-0.00258080614731,0.00273345597088,-0.0024322650861,0.0009192431462],[-0.00130245229229,0.00411393446848,-0.00326112983748,0.00257845991291,-0.00439623510465,0.010225485079,-0.00621148897335,0.002786437748,-0.00169134046882,0.0014915735228,-0.00110396544915,0.00158229586668,-0.000454859196907],[0.0012598981848,-0.00329810287803,0.00332955433987,-0.00394884683192,0.00378055102192,-0.00621148897335,0.011084263213,-0.006105333101,0.0024916944094,-0.00265192706138,0.00240613287315,0.000374590104911,0.000898416503333],[-0.0011060150573,0.00369876599871,-0.00255580875091,0.00253071007319,-0.00335810775869,0.002786437748,-0.006105333101,0.013698650524,-0.00845371745527,0.00398842897266,-0.00206452072598,0.00140747241676,0.000392635265598],[0.00110089674126,-0.00351347774267,0.0025061131455,-0.00269779819064,0.00391518976539,-0.00169134046882,0.0024916944094,-0.00845371745527,0.0163103882223,-0.00858938694,0.00390030886047,-0.00117968255654,0.00331562175415],[-0.000932210823521,0.00358500820585,-0.00204795901664,0.00386782456189,-0.00258080614731,0.0014915735228,-0.00265192706138,0.00398842897266,-0.00858938694,0.0204398725182,-0.0102079762146,0.00300466199405,0.0000589512856095],[0.000791404745542,-0.00271624303423,0.00170242588501,-0.001763159642,0.00273345597088,-0.00110396544915,0.00240613287315,-0.00206452072598,0.00390030886047,-0.0102079762146,0.0209983885288,-0.00917851366103,0.00471163354814],[-0.000391667184886,0.0023825832177,-0.000937633623835,0.000474582862807,-0.0024322650861,0.00158229586668,0.000374590104911,0.00140747241676,-0.00117968255654,0.00300466199405,-0.00917851366103,0.0189133044332,-0.00824697688222],[0.000326246139593,-0.000490233418532,0.00152640708257,-0.000777434674092,0.0009192431462,-0.000454859196907,0.000898416503333,0.000392635265598,0.00331562175415,0.0000589512856095,0.00471163354814,-0.00824697688222,0.0179986786097]],"mean":[-84.8274002075,119.029006958,-129.553894043,22.0342578888,-56.0691299438,-4.62573814392,-29.3454647064,0.191347554326,-18.8562412262,-1.81098079681,-15.1210002899,-7.229991436,-9.93793010712]},"hfc":{"dmean":3.7232067585,"dmean2":5.30721569061,"dvar":37.3164253235,"dvar2":78.6127853394,"max":124.817741394,"mean":13.8114328384,"median":7.55181932449,"min":1.23708394323e-16,"var":281.141876221},"melbands":{"dmean":[0.0000794828520156,0.000308584916638,0.00032859435305,0.000339316087775,0.000134044908918,0.000143237761222,0.000186614517588,0.000200708003831,0.0000793766521383,0.000162478914717,0.0000832242149045,0.000112435416668,0.0000979590331553,0.000054033476772,0.0000219993908104,0.0000173088956217,0.0000154790504894,0.0000380418605346,0.0000161061998369,0.0000192093721125,0.00000824268954602,0.00000559386353416,0.00000710764425094,0.00000409660015066,0.00000517636590303,0.00000327445468429,0.00000231019748753,0.00000235402899307,0.000002270206096,0.00000120300467188,7.6786614045e-7,6.25574671176e-7,4.34047962017e-7,2.81850475403e-7,2.04944228699e-7,1.33919272116e-7,1.08452908876e-7,8.0137951386e-8,7.7326873793e-8,4.88725575565e-8],"dmean2":[0.000123508987599,0.000487549783429,0.000541132991202,0.000556260347366,0.000210161611903,0.000216824948438,0.00026866706321,0.000307510257699,0.000120006727229,0.000250879995292,0.000132342087454,0.000183403506526,0.000161852207384,0.0000852256416692,0.0000348329995177,0.0000269771608146,0.0000241033139901,0.0000624006497674,0.0000252721292782,0.0000296252510452,0.0000131922070068,0.00000897180871107,0.0000114598879009,0.00000638595201963,0.00000826762970974,0.00000516510544912,0.00000346859837919,0.00000360392641596,0.00000353796667696,0.00000181555571999,0.00000112542784336,9.09915115699e-7,6.20595756118e-7,3.97524189566e-7,2.92198649277e-7,1.85152600807e-7,1.53993838126e-7,1.13892795639e-7,1.12858330681e-7,6.95574442489e-8],"dvar":[3.6873270659e-8,4.28013038345e-7,5.03123544604e-7,9.38919129112e-7,7.28544051753e-8,7.11098167017e-8,1.12999941848e-7,2.85435220349e-7,2.91314403711e-8,1.99172035309e-7,5.53113856938e-8,1.58246933779e-7,1.95355212895e-7,2.914763364e-8,3.11819836618e-9,1.73483150068e-9,3.7746730186e-9,1.23620900183e-8,1.46455381156e-9,2.59444155049e-9,3.18340159788e-10,1.23854607126e-10,2.22946133777e-10,8.56127460591e-11,1.80475315248e-10,5.55482500275e-11,2.44069434802e-11,2.98479851946e-11,2.60930530654e-11,8.01555696817e-12,3.78843180784e-12,2.5897977339e-12,1.15741292418e-12,5.13717649149e-13,2.66759189608e-13,1.41573235882e-13,1.02269639968e-13,5.82060102699e-14,5.33034377813e-14,2.30192248726e-14],"dvar2":[8.76015420204e-8,0.00000115324348826,0.00000132936781938,0.00000240574377131,1.74292694055e-7,1.64814522918e-7,2.48533979175e-7,7.32634248379e-7,6.74895801467e-8,5.1749020713e-7,1.40076082289e-7,4.03148135319e-7,5.60329738164e-7,6.77885765299e-8,8.32504287729e-9,4.21047197108e-9,9.02541685832e-9,3.42052182134e-8,3.63147534266e-9,6.38244213036e-9,8.0342976716e-10,2.9072405594e-10,5.81706571801e-10,2.09762138215e-10,4.87015205941e-10,1.39205161287e-10,5.63312729795e-11,6.98836266633e-11,6.73793451589e-11,1.89262598649e-11,8.33641142228e-12,5.62467693949e-12,2.42278506285e-12,1.04337653968e-12,5.4743964353e-13,2.84414012524e-13,2.13863296647e-13,1.22124099028e-13,1.1458069465e-13,4.71114609184e-14],"max":[0.00251078116708,0.0106474366039,0.0138473184779,0.0128419725224,0.00577041972429,0.00428381934762,0.0081242788583,0.0128481490538,0.00365519197658,0.0113339358941,0.006255609449,0.0110183348879,0.0114104812965,0.00513825565577,0.00167545105796,0.00117641547695,0.00185932754539,0.00202702754177,0.000768199795857,0.00163149624132,0.000405138009228,0.000295579287922,0.000384828832466,0.000277329207165,0.000457835529232,0.000144060628372,0.0000967500527622,0.000138417279231,0.000110864326416,0.0000718175142538,0.0000635369069641,0.0000542813795619,0.0000277822036878,0.000014197335986,0.0000106984962258,0.0000106547540781,0.00000929795169213,0.00000634760453977,0.00000672922578815,0.00000519072455063],"mean":[0.0001808302477,0.00077126105316,0.000709551677573,0.000502003997099,0.000251382443821,0.000267872266704,0.000381727179047,0.000397020950913,0.000163483797223,0.000331090821419,0.000149200393935,0.000190674545593,0.000158905953867,0.0000881760352058,0.0000380246892746,0.0000331012051902,0.0000245860792347,0.0000646767221042,0.0000287090442725,0.000036091554648,0.0000146332959048,0.0000100707020465,0.0000118493753689,0.00000817045292933,0.00000987242856354,0.00000673038994137,0.0000045259575927,0.00000495530730404,0.00000502029342897,0.00000261784839495,0.00000169276097495,0.00000138661187066,8.29770840483e-7,5.419215654e-7,3.91950180756e-7,2.52299400927e-7,1.93572262219e-7,1.37040828463e-7,1.23085342807e-7,7.37035321663e-8],"median":[0.000089080655016,0.000574230100028,0.0004532240564,0.000193657790078,0.000108401087346,0.000117385287012,0.000189216909348,0.0000972853449639,0.0000487033867103,0.0000478717665828,0.0000300671108562,0.0000188402536878,0.0000202492919925,0.0000192491606867,0.00000766629182181,0.0000071213571573,0.00000572392764298,0.0000097851634564,0.00000642341410639,0.00000794555944594,0.00000407115385315,0.0000029295999866,0.00000319240848512,0.00000199679220714,0.00000215567933992,0.00000142105727718,0.00000104433877368,0.00000119844287383,0.00000105745891688,4.69335134312e-7,3.07140510358e-7,2.39310679717e-7,1.84120892754e-7,1.18511053415e-7,8.09232716392e-8,4.3225593771e-8,3.07742986649e-8,2.14582200897e-8,1.7294205179e-8,9.51641254687e-9],"min":[4.03155964197e-24,7.21109744148e-24,8.52043772792e-24,7.7408909034e-24,9.6592270755e-24,3.54277432535e-24,7.65532868304e-24,4.9912002557e-24,7.11218453916e-24,8.41449844151e-24,6.31040998092e-24,1.52067501854e-23,1.42726962751e-23,1.48871037466e-23,1.03381562693e-23,1.44386678764e-23,9.65645975145e-24,8.45462069601e-24,1.18729111928e-23,7.70732013872e-24,7.13063205143e-24,1.02523368803e-23,8.2206792614e-24,6.0536038074e-24,9.43321527071e-24,1.32851039529e-23,1.74968070823e-23,8.41530939052e-24,1.52495269568e-23,1.05723083297e-23,1.41264651291e-23,8.57822336695e-24,7.86891040655e-24,1.0109039508e-23,6.11779460255e-24,9.68951381224e-24,8.91239115728e-24,7.46794581906e-24,1.09299683978e-23,1.11528539469e-23],"var":[5.71328619969e-8,7.38383391763e-7,7.58457701977e-7,9.06594266326e-7,1.91845302311e-7,1.79690033519e-7,3.13310920319e-7,9.78066736934e-7,9.72418447986e-8,5.40254404768e-7,1.31483631094e-7,3.64053590829e-7,4.41042573129e-7,6.97279460837e-8,7.13012004994e-9,5.25141841123e-9,7.73533592735e-9,3.06158796093e-8,3.38244876552e-9,8.29057622553e-9,7.74368402734e-10,3.36970118475e-10,4.30578128707e-10,2.59033017258e-10,4.38012959236e-10,1.83165149714e-10,6.88673978955e-11,9.58487039737e-11,9.22948870108e-11,3.00398941833e-11,1.57484112556e-11,1.17195827695e-11,3.03231723585e-12,1.28537089826e-12,6.69992869778e-13,3.70773127912e-13,2.35619927432e-13,1.26780991304e-13,1.04105255232e-13,4.21062585298e-14]},"melbands_crest":{"dmean":2.89430165291,"dmean2":4.70923471451,"dvar":8.67719268799,"dvar2":22.5130081177,"max":33.3276329041,"mean":13.3633594513,"median":12.660200119,"min":1.71428859234,"var":22.8948402405},"melbands_flatness_db":{"dmean":0.0240331683308,"dmean2":0.0333474949002,"dvar":0.000697121606208,"dvar2":0.00135861709714,"max":0.615335047245,"mean":0.240420550108,"median":0.229622736573,"min":0.00423336075619,"var":0.00722553115338},"melbands_kurtosis":{"dmean":4.98689413071,"dmean2":7.66904878616,"dvar":99.6293945312,"dvar2":215.009841919,"max":228.642410278,"mean":10.5376348495,"median":5.64198875427,"min":-1.60767018795,"var":269.872741699},"melbands_skewness":{"dmean":0.563324391842,"dmean2":0.864230930805,"dvar":0.450367450714,"dvar2":0.989462435246,"max":11.6508026123,"mean":2.04037284851,"median":1.81471979618,"min":-1.55970907211,"var":2.00467705727},"melbands_spread":{"dmean":4.88433933258,"dmean2":7.65073347092,"dvar":44.0756340027,"dvar2":105.773674011,"max":160.986251831,"mean":18.8438072205,"median":15.237443924,"min":0.494125902653,"var":229.168334961},"mfcc":{"cov":[[15910.6542969,481.187103271,-1649.05664062,22.1853866577,-845.211853027,159.655487061,62.5948028564,213.913482666,196.048065186,204.649734497,-82.9308242798,-122.002182007,-231.505722046],[481.187103271,1991.73620605,99.310043335,198.300689697,221.008773804,-81.9571914673,-102.48513031,-135.043319702,-106.356811523,-104.176620483,-8.40261936188,29.399225235,-17.1697406769],[-1649.05664062,99.310043335,921.431091309,247.059463501,220.145126343,107.742492676,78.5042495728,73.8642883301,20.8850440979,-2.57710051537,35.5685653687,14.7874736786,15.448390007],[22.1853866577,198.300689697,247.059463501,508.18951416,166.267623901,108.881103516,76.7900085449,97.2288894653,53.6398696899,-29.2491130829,-45.9305114746,12.3480548859,40.4456176758],[-845.211853027,221.008773804,220.145126343,166.267623901,382.054656982,81.4115447998,54.6645393372,12.2601289749,-19.3733615875,-74.0952301025,-58.7247390747,-11.2998209,34.6682090759],[159.655487061,-81.9571914673,107.742492676,108.881103516,81.4115447998,207.731704712,111.679153442,65.2185592651,38.9095497131,3.06036257744,-13.7182130814,-24.3615036011,-3.59115958214],[62.5948028564,-102.48513031,78.5042495728,76.7900085449,54.6645393372,111.679153442,181.279129028,89.6882553101,46.5710220337,32.901309967,-5.49593353271,-17.9085597992,1.0782469511],[213.913482666,-135.043319702,73.8642883301,97.2288894653,12.2601289749,65.2185592651,89.6882553101,176.939849854,105.18825531,49.2115097046,15.9864444733,12.0895519257,20.8583545685],[196.048065186,-106.356811523,20.8850440979,53.6398696899,-19.3733615875,38.9095497131,46.5710220337,105.18825531,159.020370483,75.4633407593,24.7138938904,16.7156238556,2.28785228729],[204.649734497,-104.176620483,-2.57710051537,-29.2491130829,-74.0952301025,3.06036257744,32.901309967,49.2115097046,75.4633407593,165.819366455,88.6999740601,17.3963317871,-19.5238742828],[-82.9308242798,-8.40261936188,35.5685653687,-45.9305114746,-58.7247390747,-13.7182130814,-5.49593353271,15.9864444733,24.7138938904,88.6999740601,162.665115356,64.5577545166,-12.593337059],[-122.002182007,29.399225235,14.7874736786,12.3480548859,-11.2998209,-24.3615036011,-17.9085597992,12.0895519257,16.7156238556,17.3963317871,64.5577545166,143.239364624,66.5207290649],[-231.505722046,-17.1697406769,15.448390007,40.4456176758,34.6682090759,-3.59115958214,1.0782469511,20.8583545685,2.28785228729,-19.5238742828,-12.593337059,66.5207290649,139.796920776]],"icov":[[0.000106115054223,-0.0000761758710723,0.000190540900803,-0.0000732382250135,0.000239728367887,-0.000224409508519,0.0000480070739286,-0.000219817506149,0.0000645578038529,-0.000113615271403,0.00015584861103,-0.0000343709543813,0.000147188417031],[-0.0000761758710723,0.000695598602761,-0.0000987831081147,-0.000301797961583,-0.000542050169315,0.000476199609693,0.0000999511466944,0.000573219207581,0.0000341222003044,0.00023921499087,-0.000344267609762,-0.000131650493131,0.000182355419383],[0.000190540900803,-0.0000987831081147,0.00179087650031,-0.000631189846899,-0.000260507047642,-0.000595894234721,0.0000707046710886,-0.000671058136504,0.000356145115802,-0.000150781226694,-0.000518210756127,0.0000477618341392,0.000340697268257],[-0.0000732382250135,-0.000301797961583,-0.000631189846899,0.00315034273081,-0.00063064187998,-0.000735621899366,0.000044343782065,-0.00112155312672,-0.000453481130535,0.00023319934553,0.000919794780202,-0.000520521251019,-0.000325020984747],[0.000239728367887,-0.000542050169315,-0.000260507047642,-0.00063064187998,0.00463851634413,-0.00131725124083,-0.000696341390721,-0.000128974003019,0.000206446173252,0.000855907099321,0.000936194555834,0.000136401475174,-0.00048227928346],[-0.000224409508519,0.000476199609693,-0.000595894234721,-0.000735621899366,-0.00131725124083,0.00871540140361,-0.00425294041634,0.000639749399852,-0.00112325313967,0.00132842420135,-0.00108566030394,0.00106273544952,0.0000538564709132],[0.0000480070739286,0.0000999511466944,0.0000707046710886,0.000044343782065,-0.000696341390721,-0.00425294041634,0.0104939024895,-0.00412641139701,0.00150020094588,-0.00236107385717,0.00109030620661,0.000410328997532,0.000217980326852],[-0.000219817506149,0.000573219207581,-0.000671058136504,-0.00112155312672,-0.000128974003019,0.000639749399852,-0.00412641139701,0.0132657345384,-0.0068240724504,0.000853712728713,-0.00152293243445,0.000632658309769,-0.00200136820786],[0.0000645578038529,0.0000341222003044,0.000356145115802,-0.000453481130535,0.000206446173252,-0.00112325313967,0.00150020094588,-0.0068240724504,0.0129017215222,-0.00493256608024,0.00206649932079,-0.0017866701819,0.00126580731012],[-0.000113615271403,0.00023921499087,-0.000150781226694,0.00023319934553,0.000855907099321,0.00132842420135,-0.00236107385717,0.000853712728713,-0.00493256608024,0.0124165769666,-0.00643276562914,0.00179678190034,-0.000116525072372],[0.00015584861103,-0.000344267609762,-0.000518210756127,0.000919794780202,0.000936194555834,-0.00108566030394,0.00109030620661,-0.00152293243445,0.00206649932079,-0.00643276562914,0.0130756655708,-0.0065718353726,0.0033385369461],[-0.0000343709543813,-0.000131650493131,0.0000477618341392,-0.000520521251019,0.000136401475174,0.00106273544952,0.000410328997532,0.000632658309769,-0.0017866701819,0.00179678190034,-0.0065718353726,0.0132477134466,-0.00664746109396],[0.000147188417031,0.000182355419383,0.000340697268257,-0.000325020984747,-0.00048227928346,0.0000538564709132,0.000217980326852,-0.00200136820786,0.00126580731012,-0.000116525072372,0.0033385369461,-0.00664746109396,0.0113205499947]],"mean":[-720.879333496,146.636108398,-12.4769601822,25.9324512482,-7.48613834381,0.263552516699,-5.57465696335,-2.30079698563,-0.522625803947,1.02079975605,-4.12443590164,-1.93802785873,1.07321321964]},"pitch_salience":{"dmean":0.0606761723757,"dmean2":0.0975340157747,"dvar":0.00334695749916,"dvar2":0.00852425117046,"max":0.864437580109,"mean":0.536385297775,"median":0.537700891495,"min":0.122621797025,"var":0.0113053023815},"silence_rate_20dB":{"dmean":0,"dmean2":0,"dvar":0,"dvar2":0,"max":1,"mean":1,"median":1,"min":1,"var":0},"silence_rate_30dB":{"dmean":0,"dmean2":0,"dvar":0,"dvar2":0,"max":1,"mean":1,"median":1,"min":1,"var":0},"silence_rate_60dB":{"dmean":0.0398182794452,"dmean2":0.0796471983194,"dvar":0.038234077394,"dvar2":0.0797210782766,"max":1,"mean":0.151369407773,"median":0,"min":0,"var":0.128447845578},"spectral_centroid":{"dmean":190.584716797,"dmean2":291.341003418,"dvar":65264.3789062,"dvar2":134114.359375,"max":10698.5566406,"mean":1114.22668457,"median":976.942565918,"min":135.878829956,"var":416163.78125},"spectral_complexity":{"dmean":2.58337783813,"dmean2":3.57984757423,"dvar":10.8965234756,"dvar2":16.1041812897,"max":49,"mean":14.080160141,"median":13,"min":0,"var":92.4349975586},"spectral_contrast_coeffs":{"dmean":[0.0452494211495,0.0471151135862,0.0435891598463,0.0344821028411,0.0249933451414,0.0168198980391],"dmean2":[0.0733113288879,0.0744103640318,0.0663201659918,0.0530645847321,0.0377736128867,0.025310523808],"dvar":[0.00189485831652,0.00175521394704,0.00145297287963,0.000906896893866,0.000542694295291,0.000250014098128],"dvar2":[0.0046408129856,0.00422532809898,0.00315938703716,0.00203329883516,0.001119386754,0.000527029391378],"max":[-0.310432195663,-0.32313233614,-0.406245857477,-0.485159873962,-0.529845476151,-0.584060311317],"mean":[-0.626161813736,-0.685459196568,-0.694029033184,-0.728298187256,-0.749909579754,-0.751417338848],"median":[-0.625283181667,-0.687020003796,-0.698630690575,-0.724685251713,-0.752483963966,-0.746094703674],"min":[-0.974227309227,-0.962499916553,-0.966516017914,-0.949166536331,-0.95490449667,-0.960973799229],"var":[0.00804654601961,0.00933985877782,0.0109971277416,0.00564843509346,0.00463553750888,0.0036155723501]},"spectral_contrast_valleys":{"dmean":[0.432877182961,0.434158533812,0.411784976721,0.377077192068,0.320324450731,0.297223567963],"dmean2":[0.664996087551,0.657643437386,0.586031913757,0.520287334919,0.400695830584,0.3493745327],"dvar":[0.236660704017,0.239651322365,0.211862236261,0.194049075246,0.160471141338,0.153827980161],"dvar2":[0.423339396715,0.427115380764,0.34466907382,0.307615786791,0.220319867134,0.191986262798],"max":[-5.81341075897,-4.64483737946,-5.36611700058,-5.73893356323,-5.94806146622,-8.45392417908],"mean":[-8.13750648499,-7.48163986206,-8.30535697937,-8.84188556671,-8.86226272583,-11.6623573303],"median":[-7.61351299286,-7.15379428864,-8.04100418091,-8.63319683075,-8.7016954422,-11.6266441345],"min":[-26.5862998962,-26.9299602509,-27.4636917114,-27.3863048553,-27.360912323,-27.2374668121],"var":[2.79337143898,2.52888512611,2.60523557663,2.53668022156,2.52552223206,1.89259445667]},"spectral_decrease":{"dmean":1.36288114128e-9,"dmean2":2.06238026657e-9,"dvar":4.11100906223e-18,"dvar2":9.65277257766e-18,"max":1.63702034309e-16,"mean":-4.54390125526e-9,"median":-3.45832895654e-9,"min":-2.56071253091e-8,"var":1.6145177548e-17},"spectral_energy":{"dmean":0.00543599249795,"dmean2":0.00819150544703,"dvar":0.0000652486414765,"dvar2":0.000151937900227,"max":0.10628965497,"mean":0.0184024367481,"median":0.01383213792,"min":1.09355142983e-20,"var":0.000271601835266},"spectral_energyband_high":{"dmean":0.000112537432869,"dmean2":0.000156310488819,"dvar":5.26076213703e-8,"dvar2":1.00515094914e-7,"max":0.00525733595714,"mean":0.000316877209116,"median":0.0000979769247351,"min":8.11621619881e-21,"var":2.98434315482e-7},"spectral_energyband_low":{"dmean":0.00136734172702,"dmean2":0.00213450216688,"dvar":0.00000776885553933,"dvar2":0.000019716382667,"max":0.0587562769651,"mean":0.00364013039507,"median":0.00286800623871,"min":3.91021689976e-23,"var":0.0000150065652633},"spectral_energyband_middle_high":{"dmean":0.00185069267172,"dmean2":0.00285206083208,"dvar":0.0000191816998267,"dvar2":0.0000494880368933,"max":0.0960048362613,"mean":0.00518310908228,"median":0.00152891187463,"min":1.64505342373e-21,"var":0.0000950290414039},"spectral_energyband_middle_low":{"dmean":0.00373278348707,"dmean2":0.00565570499748,"dvar":0.0000354759067704,"dvar2":0.0000857990162331,"max":0.0710991099477,"mean":0.0100904051214,"median":0.00692883180454,"min":2.23698284014e-22,"var":0.000107185333036},"spectral_entropy":{"dmean":0.184145480394,"dmean2":0.246649056673,"dvar":0.0416322126985,"dvar2":0.0750552266836,"max":9.79685306549,"mean":6.951836586,"median":6.9976272583,"min":4.8014421463,"var":0.379113137722},"spectral_flux":{"dmean":0.0180920176208,"dmean2":0.0284237004817,"dvar":0.000538650725503,"dvar2":0.00125072221272,"max":0.24397970736,"mean":0.0564084537327,"median":0.0467021465302,"min":1.04573009974e-10,"var":0.00171767128631},"spectral_kurtosis":{"dmean":2.94909024239,"dmean2":4.9092798233,"dvar":15.9157714844,"dvar2":41.2720832825,"max":76.696472168,"mean":7.93033313751,"median":5.43315219879,"min":-1.19924855232,"var":52.8473243713},"spectral_rms":{"dmean":0.000584637979046,"dmean2":0.000845348229632,"dvar":5.68660652789e-7,"dvar2":0.00000119066544357,"max":0.0101831834763,"mean":0.00374704715796,"median":0.00367352273315,"min":3.26631213396e-12,"var":0.00000391323692384},"spectral_rolloff":{"dmean":317.071289062,"dmean2":535.895202637,"dvar":461194.34375,"dvar2":1157188.25,"max":20068.9453125,"mean":1357.22814941,"median":882.861328125,"min":107.666015625,"var":4554669},"spectral_skewness":{"dmean":0.296439945698,"dmean2":0.475938916206,"dvar":0.108544811606,"dvar2":0.256988197565,"max":6.87378406525,"mean":1.90174150467,"median":1.67815852165,"min":-0.0107850683853,"var":0.662372291088},"spectral_spread":{"dmean":376824.90625,"dmean2":541652.25,"dvar":306270208000,"dvar2":519019167744,"max":40487492,"mean":3470233,"median":3255866.75,"min":1128113.625,"var":2336151568380},"spectral_strongpeak":{"dmean":0.524042785168,"dmean2":0.871111392975,"dvar":0.667049467564,"dvar2":1.74482822418,"max":10.2942228317,"mean":1.14289498329,"median":0.571940660477,"min":0,"var":1.86152720451},"zerocrossingrate":{"dmean":0.00659049209207,"dmean2":0.00779409892857,"dvar":0.0000784721487435,"dvar2":0.000109471082396,"max":0.76025390625,"mean":0.0518016517162,"median":0.0419921875,"min":0.00390625,"var":0.00367665058002}},"metadata":{"audio_properties":{"analysis_sample_rate":44100,"bit_rate":320048,"codec":"mp3","downmix":"mix","equal_loudness":0,"length":173.766525269,"lossless":false,"md5_encoded":"fd640434ca12079cb9d54e94cd6b4bf8","replay_gain":-11.2099342346,"sample_rate":44100},"tags":{"album":["Small Talk"],"artist":["Sly & The Family Stone"],"date":["1974"],"discnumber":["1/1"],"file_name":"copy5726094408194142796.mp3","genre":["Funk"],"musicbrainz_recordingid":["2eb4d8df-b243-40e5-96c6-adb367bddbc2"],"title":["This Is Love"],"tracknumber":["11"]},"version":{"essentia":"2.1-beta2","essentia_build_sha":"cead25079874084f62182a551b7393616cd33d87","essentia_git_sha":"v2.1_beta2-1-ge3940c0","extractor":"music 1.0"}},"rhythm":{"beats_count":478,"beats_loudness":{"dmean":0.0107972295955,"dmean2":0.0188648626208,"dvar":0.000108353582618,"dvar2":0.00028949638363,"max":0.0823266133666,"mean":0.0266867931932,"median":0.0250985063612,"min":5.15219977792e-10,"var":0.000256613478996},"beats_loudness_band_ratio":{"dmean":[0.187384754419,0.124295651913,0.138163343072,0.089604139328,0.0579500831664,0.0283698383719],"dmean2":[0.312647819519,0.204825744033,0.228099256754,0.156181111932,0.102261781693,0.0486219339073],"dvar":[0.027335986495,0.0131791066378,0.0157205276191,0.0125417606905,0.00365209486336,0.00150712160394],"dvar2":[0.0715707242489,0.0344704650342,0.0376442149282,0.0356086678803,0.00962657853961,0.00303532974795],"max":[0.927231550217,0.845989882946,0.88560718298,0.837752640247,0.472039818764,0.957450151443],"mean":[0.32418730855,0.208097666502,0.290262281895,0.125195622444,0.0818688496947,0.0384403839707],"median":[0.300179183483,0.180343270302,0.242673546076,0.082869283855,0.0594814494252,0.0194831080735],"min":[0.00108840502799,0.001007148996,0.00399240665138,0.0015912981471,0.000568425282836,0.000474848726299],"var":[0.0505090728402,0.0215389765799,0.0402250699699,0.0183408427984,0.00531864026