{"lowlevel":{"average_loudness":0.947242319584,"barkbands":{"dmean":[0.000113777299703,0.00227402197197,0.000918893958442,0.000602185784373,0.00217985501513,0.00150370283518,0.00153917248826,0.00112303125206,0.000697645999026,0.000448171107564,0.000294086436043,0.000164095094078,0.000277343322523,0.000207642282476,0.000195244065253,0.000238735956373,0.000164048644365,0.000133854948217,0.0000789390833233,0.0000674138354952,0.0000563473658985,0.000035290071537,0.0000270195869234,0.000025632642064,0.00000816278134153,0.00000146992579175,1.9359688963e-7],"dmean2":[0.000183667885722,0.00358439795673,0.00157817045692,0.000995522830635,0.00346758915111,0.00223670830019,0.00245293136686,0.00160358403809,0.00103862851392,0.000659990357235,0.000442489370471,0.000245565577643,0.000424303667387,0.000329742179019,0.000306864531012,0.000356855191058,0.000263517751591,0.000213689680095,0.000130124448333,0.00010455922893,0.0000879945437191,0.0000534729151696,0.0000400466160499,0.0000376032548957,0.0000119883488878,0.00000228296380556,2.9248667488e-7],"dvar":[6.95369237746e-8,0.000045949836931,0.00000536895049663,0.00000232011302614,0.0000129677573568,0.00000685697432345,0.0000225746643991,0.00000738609560358,0.00000279490450339,0.00000102830495052,6.04516515068e-7,2.18715229039e-7,4.32329130717e-7,2.53114961879e-7,1.36204093337e-7,7.54777715883e-7,1.12601696856e-7,1.13893207754e-7,4.34503846236e-8,3.04608143153e-8,3.13302521704e-8,7.81980613596e-9,6.22498008696e-9,8.47562464656e-9,7.17547132822e-10,1.74517414409e-11,2.74410756704e-13],"dvar2":[1.79441883574e-7,0.00011089824693,0.0000150326723087,0.00000577407263336,0.0000343669344147,0.0000165109904628,0.0000581090462219,0.0000142202625284,0.00000625082111583,0.00000205210062632,0.00000133306889438,4.44467445959e-7,9.88164742921e-7,6.0067202412e-7,3.30982800278e-7,0.00000164003472491,2.86185155574e-7,2.90079867682e-7,1.14670605456e-7,7.75045734258e-8,7.51831308321e-8,1.61728106463e-8,1.1320008042e-8,1.53451846785e-8,1.45688228148e-9,4.3740185085e-11,6.54929832155e-13],"max":[0.00436998391524,0.0802777186036,0.032470330596,0.0611674189568,0.0486893728375,0.0502833537757,0.0615470036864,0.0692491829395,0.0580975674093,0.0319480001926,0.0314032919705,0.0173354446888,0.0181457027793,0.0130651341751,0.00764909945428,0.0373234450817,0.00601584697142,0.00695523945615,0.00356094748713,0.00584978656843,0.00588491139933,0.00260403193533,0.00377055234276,0.00366171845235,0.000832289515529,0.0000908620277187,0.0000113009609777],"mean":[0.000126897546579,0.00288111437112,0.00222342647612,0.00116842205171,0.00705749820918,0.00374887534417,0.00224736449309,0.00289090489969,0.00149590778165,0.000968146370724,0.000534391088877,0.000276443082839,0.0005447602598,0.000373885006411,0.000377735879738,0.000421936332714,0.000330730370479,0.000240929060965,0.000124708181829,0.000124332946143,0.0000961734549492,0.0000741871699574,0.0000533598540642,0.0000471169623779,0.0000138468803925,0.00000172146997102,2.34441301927e-7],"median":[0.0000207545144804,0.00102230196353,0.0010397041915,0.000615817902144,0.00642959354445,0.00249507976696,0.000685912906192,0.000479785318021,0.000524941075128,0.000378196156817,0.000207641947782,0.000101004821772,0.000228127537412,0.000109443957626,0.000163852862897,0.000108497333713,0.000144893027027,0.0000957179581746,0.0000527728552697,0.0000529990975338,0.0000231335743592,0.0000153077016876,0.0000115235916383,0.0000102409221654,0.00000346648312188,2.6159960953e-7,3.97508159722e-8],"min":[5.27781077751e-23,2.88682354534e-23,1.3166140573e-23,2.11351061524e-23,9.26659317472e-23,3.67578794911e-23,7.86995596279e-23,5.93345074632e-23,3.83980506862e-23,5.2708798456e-23,8.09089318315e-23,1.90950017265e-22,1.42473340814e-22,1.40363283043e-22,1.12270507326e-22,8.42631431569e-23,1.40317857277e-22,1.16390216652e-22,2.45559146932e-22,3.72170312478e-22,5.15796235873e-22,5.51936667623e-22,5.29392461834e-22,9.12198361119e-22,1.29379226713e-21,1.56028790871e-21,2.62563100542e-21],"var":[8.22566050829e-8,0.0000446863268735,0.00000722639197193,0.00000340617611982,0.0000259101379925,0.0000206516742765,0.0000252676218224,0.0000421350996476,0.0000107544019556,0.00000403289777751,0.00000197320514417,5.56965744636e-7,0.00000134879928737,5.49635956304e-7,3.64195443581e-7,0.00000156824512487,2.46816767913e-7,1.9772937776e-7,4.94810414864e-8,5.03947035213e-8,5.11486568655e-8,2.47628690886e-8,2.13694288931e-8,2.73267133366e-8,1.98470195834e-9,2.02461259563e-11,3.5012365728e-13]},"barkbands_crest":{"dmean":1.89982938766,"dmean2":3.00484275818,"dvar":4.16451597214,"dvar2":10.5888490677,"max":25.5100784302,"mean":10.5386676788,"median":9.97563648224,"min":3.00880074501,"var":13.1112957001},"barkbands_flatness_db":{"dmean":0.0187732055783,"dmean2":0.0263060610741,"dvar":0.000401398690883,"dvar2":0.000838132516947,"max":0.368438631296,"mean":0.172456711531,"median":0.169984549284,"min":0.0403428226709,"var":0.00234669842757},"barkbands_kurtosis":{"dmean":2.22172689438,"dmean2":3.40817737579,"dvar":9.35552310944,"dvar2":21.502155304,"max":71.0890731812,"mean":5.68508291245,"median":3.80344152451,"min":-1.85585153103,"var":49.5972137451},"barkbands_skewness":{"dmean":0.381886541843,"dmean2":0.574962556362,"dvar":0.167288303375,"dvar2":0.383242815733,"max":7.28538513184,"mean":1.57529985905,"median":1.68708062172,"min":-6.32873916626,"var":1.9428665638},"barkbands_spread":{"dmean":3.12619662285,"dmean2":4.63973808289,"dvar":20.2500228882,"dvar2":40.5688323975,"max":132.300598145,"mean":14.4388513565,"median":11.9498300552,"min":1.44111907482,"var":117.947746277},"dissonance":{"dmean":0.0186107959598,"dmean2":0.0304309614003,"dvar":0.000352477334673,"dvar2":0.000905232387595,"max":0.499999940395,"mean":0.44477185607,"median":0.450688123703,"min":0.241160586476,"var":0.00121110177133},"dynamic_complexity":2.42905855179,"erbbands":{"dmean":[0.0716524869204,0.509450078011,1.06074762344,1.46249341965,4.52353906631,8.47780323029,7.64844799042,16.1532764435,22.6085166931,21.1478614807,19.0006999969,18.2616386414,14.9066944122,10.5740318298,11.3387565613,6.87542963028,11.8342170715,11.3735332489,10.7833747864,10.107334137,10.2338562012,7.61022949219,7.44793844223,5.35310697556,3.31609344482,2.90509819984,3.09298181534,1.59591770172,1.29652225971,1.03784608841,0.758261561394,0.644281923771,0.367792278528,0.136727556586,0.0354681871831,0.00950360205024,0.00227954378352,0.000333071890054,0.0000344238433172,0.0000102673247966],"dmean2":[0.114079371095,0.818667769432,1.8300498724,2.46426939964,7.47750663757,13.1124744415,12.1012973785,24.0619525909,36.9423561096,31.3587474823,26.5510425568,26.7210769653,21.91588974,15.6834955215,16.8944950104,10.1415872574,17.9970321655,17.7955951691,16.969373703,15.3473644257,15.6037321091,12.0557928085,11.7757425308,8.80900764465,5.33437728882,4.50360107422,4.84711122513,2.44005727768,1.97857367992,1.55531477928,1.12949466705,0.949245989323,0.542246639729,0.201303601265,0.051562871784,0.0142043596134,0.00361155788414,0.000512186263222,0.0000514844359714,0.0000152628872456],"dvar":[0.0475007668138,2.33377718925,7.44499731064,12.7250576019,76.1435699463,204.771591187,227.132202148,869.540466309,6076.20214844,2537.93969727,2839.10766602,1822.3392334,1258.19958496,428.879974365,1013.30664062,300.37399292,777.050048828,720.595275879,459.354949951,804.401245117,878.194824219,284.241638184,316.833496094,224.139358521,76.121055603,59.8945770264,92.7983398438,32.3391876221,10.8899021149,8.71595573425,5.30595588684,5.48727035522,1.76006436348,0.2168764323,0.0115067763254,0.000685345439706,0.0000474945227324,8.49367779665e-7,7.09484515582e-9,3.04109931681e-10],"dvar2":[0.115479640663,5.7978925705,20.7130241394,33.1945228577,205.984848022,515.997497559,549.989013672,2101.95336914,16074.5527344,5491.57666016,5114.45507812,4054.20751953,2555.65332031,965.691711426,2149.87109375,632.094604492,1812.79309082,1673.01452637,1143.62402344,1826.62341309,2005.7791748,726.75177002,763.919189453,620.989135742,196.138900757,151.643783569,237.06413269,71.8851852417,23.3538551331,17.8981227875,10.2187452316,10.8085298538,3.25282692909,0.432090371847,0.0217986479402,0.0015592770651,0.000123242920381,0.00000208756023312,1.69196514577e-8,7.23149151671e-10],"max":[2.30409193039,18.7919063568,32.3911018372,114.78527832,124.095039368,213.027038574,378.663879395,582.547546387,1086.64831543,1044.72644043,1888.05285645,1404.02770996,1044.93518066,537.415405273,1625.58666992,892.475036621,755.629943848,729.443908691,395.776245117,958.048400879,1168.60534668,339.192016602,449.012420654,391.361663818,161.57598877,278.402069092,349.562194824,320.89050293,97.1893234253,128.362197876,88.405670166,96.0310897827,49.7901344299,13.8525438309,3.97765803337,0.983407855034,0.135218307376,0.0147655457258,0.00164850172587,0.000188072634046],"mean":[0.0786150991917,0.684355378151,2.38325572014,3.12552857399,10.8985738754,29.8853816986,22.1983165741,40.2322540283,33.5825271606,49.1141166687,49.8711662292,41.3062515259,33.2507972717,23.0251979828,21.5132369995,13.4856176376,24.2367897034,23.0489807129,21.8550357819,18.9581432343,20.4777584076,16.301618576,14.2797355652,9.39723777771,5.44692516327,5.62079000473,5.68322467804,2.76541829109,2.64457416534,2.1440012455,1.48557043076,1.17657160759,0.647085905075,0.236788868904,0.0565320812166,0.0125366654247,0.00249521131627,0.000393155380152,0.0000545471484656,0.0000352274619217],"median":[0.0103263454512,0.296176582575,1.41513228416,2.34456062317,8.44433403015,24.3838481903,15.3219261169,25.6126174927,13.055439949,12.0371627808,9.69405174255,15.5769920349,11.6767940521,11.7621088028,7.80970287323,6.23538589478,11.0046806335,8.73548603058,8.89645195007,7.77902793884,7.74246835709,7.2547082901,6.74928188324,3.65974235535,2.37656903267,2.4681892395,1.50240075588,0.699545621872,0.581900596619,0.405492335558,0.335117965937,0.231401264668,0.150038227439,0.0636046379805,0.012376151979,0.00216173636727,0.00037160894135,0.0000703668411006,0.0000227508735406,0.000030461962524],"min":[2.04664537021e-21,2.32791646489e-21,1.07930267832e-20,4.88662569109e-20,2.62323632563e-19,2.39753001423e-19,2.39467624111e-19,4.20960459685e-19,1.1241835338e-18,1.09818441997e-18,1.07650804862e-18,7.95715954521e-19,1.40954357774e-18,1.52782213353e-18,6.10897036044e-18,7.2958107577e-18,6.62379971548e-18,8.02137057763e-18,5.2979466532e-18,4.82074863936e-18,5.48718944733e-18,7.10117515956e-18,7.22104934675e-18,9.29881785764e-18,1.31932114785e-17,1.87593032029e-17,1.69124454688e-17,2.24075932208e-17,2.03180555841e-17,1.63648982254e-17,1.65727984918e-17,1.6234091192e-17,1.61421831541e-17,1.33509664018e-17,1.01422889652e-17,6.81602077341e-18,2.61691552837e-18,1.52298529829e-18,3.61607614096e-19,3.34700023306e-20],"var":[0.0472439192235,2.11336159706,7.77844381332,15.042388916,119.217697144,623.630554199,705.477355957,2639.34570312,5751.32470703,9865.87792969,18123.2617188,8101.17480469,5104.18212891,1323.6965332,4571.78320312,739.388061523,2267.38305664,1856.79870605,1266.2064209,1582.66308594,1782.12438965,564.970947266,586.913208008,287.871063232,89.3628082275,102.329841614,140.765151978,62.8028182983,31.0292987823,27.6533718109,16.7078418732,16.2622032166,5.41110181808,0.607014358044,0.032477799803,0.00117018003948,0.000046273584303,9.96079620563e-7,9.60849089182e-9,5.44889744436e-10]},"erbbands_crest":{"dmean":2.01349520683,"dmean2":3.08323788643,"dvar":4.45437097549,"dvar2":10.3205623627,"max":31.6843757629,"mean":9.6021270752,"median":8.54265403748,"min":2.16771006584,"var":19.9460029602},"erbbands_flatness_db":{"dmean":0.0163299944252,"dmean2":0.0224351156503,"dvar":0.000341024599038,"dvar2":0.000667379703373,"max":0.337113171816,"mean":0.193528726697,"median":0.193504229188,"min":0.043919801712,"var":0.00206582457758},"erbbands_kurtosis":{"dmean":0.753764331341,"dmean2":1.13990366459,"dvar":1.15026974678,"dvar2":2.45548892021,"max":24.5524768829,"mean":0.641147851944,"median":-0.189157247543,"min":-1.83999955654,"var":6.31321287155},"erbbands_skewness":{"dmean":0.286101132631,"dmean2":0.428036868572,"dvar":0.0770897939801,"dvar2":0.168087139726,"max":4.63787651062,"mean":0.608824431896,"median":0.592311680317,"min":-2.7178747654,"var":0.726369023323},"erbbands_spread":{"dmean":5.37785434723,"dmean2":7.85719251633,"dvar":43.2745018005,"dvar2":83.639541626,"max":133.443969727,"mean":33.4563751221,"median":31.5438022614,"min":4.89114665985,"var":229.406204224},"gfcc":{"cov":[[28605.5429688,4523.73681641,-2360.06176758,1469.83203125,-1966.22717285,133.546707153,-999.835388184,-194.236831665,-135.470733643,-416.437438965,-230.25062561,-518.956420898,-142.151748657],[4523.73681641,2768.12011719,-683.727844238,-39.8350944519,281.494628906,-350.095367432,-53.3302001953,-218.061431885,-0.389762103558,-272.366333008,119.040016174,-183.926727295,103.070396423],[-2360.06176758,-683.727844238,733.416503906,-38.3991966248,-14.4547233582,145.622192383,60.5193214417,38.6751174927,-21.1858520508,94.5483703613,-37.6687850952,87.0949401855,-10.704949379],[1469.83203125,-39.8350944519,-38.3991966248,337.328430176,-124.216110229,35.0171546936,-76.1337814331,12.5351438522,-8.22634220123,-11.89494133,-32.4520454407,-18.0078010559,21.9375648499],[-1966.22717285,281.494628906,-14.4547233582,-124.216110229,612.240356445,-138.166046143,77.6178665161,33.1486701965,-31.882106781,-22.582036972,59.2327804565,28.5636749268,65.5998001099],[133.546707153,-350.095367432,145.622192383,35.0171546936,-138.166046143,252.651763916,45.7365646362,36.0748558044,-1.21628177166,34.0030250549,-26.1279525757,7.31986522675,-47.0368118286],[-999.835388184,-53.3302001953,60.5193214417,-76.1337814331,77.6178665161,45.7365646362,212.898696899,4.15188932419,28.9801845551,16.4242019653,11.8236484528,16.3166599274,-24.9481945038],[-194.236831665,-218.061431885,38.6751174927,12.5351438522,33.1486701965,36.0748558044,4.15188932419,134.304901123,10.4129991531,39.3594894409,-0.259485661983,12.0178365707,-5.48777198792],[-135.470733643,-0.389762103558,-21.1858520508,-8.22634220123,-31.882106781,-1.21628177166,28.9801845551,10.4129991531,120.515609741,27.9624042511,11.193444252,-11.6501550674,-3.23353672028],[-416.437438965,-272.366333008,94.5483703613,-11.89494133,-22.582036972,34.0030250549,16.4242019653,39.3594894409,27.9624042511,115.474952698,14.2634954453,31.3206996918,-16.136505127],[-230.25062561,119.040016174,-37.6687850952,-32.4520454407,59.2327804565,-26.1279525757,11.8236484528,-0.259485661983,11.193444252,14.2634954453,95.0590591431,19.0429058075,10.859790802],[-518.956420898,-183.926727295,87.0949401855,-18.0078010559,28.5636749268,7.31986522675,16.3166599274,12.0178365707,-11.6501550674,31.3206996918,19.0429058075,113.275688171,27.2360401154],[-142.151748657,103.070396423,-10.704949379,21.9375648499,65.5998001099,-47.0368118286,-24.9481945038,-5.48777198792,-3.23353672028,-16.136505127,10.859790802,27.2360401154,97.9880599976]],"icov":[[0.000464472017484,-0.00114749686327,0.000940644356888,-0.00120303488802,0.00127573939972,-0.00102013885044,0.00107656873297,-0.00101598293986,0.00080485153012,-0.00111327483319,0.0014735503355,-0.00107570725959,0.00110527779907],[-0.00114749686327,0.00361289293505,-0.00200505089015,0.00298680202104,-0.00332274101675,0.00288130389526,-0.00272193807177,0.00323278130963,-0.00208956911229,0.00376089964993,-0.00454333610833,0.00360615109093,-0.00320552149788],[0.000940644356888,-0.00200505089015,0.00396289257333,-0.00218591769226,0.00234985677525,-0.00286947493441,0.00198814133182,-0.00159669329878,0.00201556435786,-0.00316967396066,0.00371104502119,-0.00283362925984,0.00178301997948],[-0.00120303488802,0.00298680202104,-0.00218591769226,0.00682435184717,-0.00268959184177,0.002024699701,-0.00190033589024,0.00207643699832,-0.00188101467211,0.00298005854711,-0.00309445429593,0.00326130096801,-0.00438350765035],[0.00127573939972,-0.00332274101675,0.00234985677525,-0.00268959184177,0.00617799116299,-0.00146277958993,0.00166523945518,-0.00427499460056,0.0033584672492,-0.00278396927752,0.00319962226786,-0.00285191391595,0.00164154544473],[-0.00102013885044,0.00288130389526,-0.00286947493441,0.002024699701,-0.00146277958993,0.00863662548363,-0.00410369923338,0.000943869177718,-0.001002099365,0.00287139904685,-0.00347236101516,0.00278433621861,-0.00109360413626],[0.00107656873297,-0.00272193807177,0.00198814133182,-0.00190033589024,0.00166523945518,-0.00410369923338,0.00893812347203,-0.00163584365509,-0.000199473754037,-0.00232974719256,0.00346631836146,-0.00360239529982,0.00439380249009],[-0.00101598293986,0.00323278130963,-0.00159669329878,0.00207643699832,-0.00427499460056,0.000943869177718,-0.00163584365509,0.0120614646003,-0.00261548161507,0.000422078941483,-0.00333182723261,0.00287330686115,-0.00238578673452],[0.00080485153012,-0.00208956911229,0.00201556435786,-0.00188101467211,0.0033584672492,-0.001002099365,-0.000199473754037,-0.00261548161507,0.0116065023467,-0.00500467559323,0.00167648144998,0.000167705860804,0.000406614301028],[-0.00111327483319,0.00376089964993,-0.00316967396066,0.00298005854711,-0.00278396927752,0.00287139904685,-0.00232974719256,0.000422078941483,-0.00500467559323,0.0169332195073,-0.00686739431694,0.000866865797434,-0.000768324127421],[0.0014735503355,-0.00454333610833,0.00371104502119,-0.00309445429593,0.00319962226786,-0.00347236101516,0.00346631836146,-0.00333182723261,0.00167648144998,-0.00686739431694,0.0185500811785,-0.00661470135674,0.0036090798676],[-0.00107570725959,0.00360615109093,-0.00283362925984,0.00326130096801,-0.00285191391595,0.00278433621861,-0.00360239529982,0.00287330686115,0.000167705860804,0.000866865797434,-0.00661470135674,0.0158834084868,-0.00743733765557],[0.00110527779907,-0.00320552149788,0.00178301997948,-0.00438350765035,0.00164154544473,-0.00109360413626,0.00439380249009,-0.00238578673452,0.000406614301028,-0.000768324127421,0.0036090798676,-0.00743733765557,0.0172719899565]],"mean":[-49.5335731506,133.326889038,-126.467254639,28.796831131,-59.1248168945,1.05242729187,-40.8099746704,-2.49929022789,-17.2334518433,-9.42537403107,-7.60659122467,-8.76809597015,-1.60927009583]},"hfc":{"dmean":4.36339712143,"dmean2":6.33059406281,"dvar":73.290473938,"dvar2":175.590820312,"max":139.823486328,"mean":16.0861358643,"median":13.4681301117,"min":1.18466213291e-16,"var":161.645080566},"melbands":{"dmean":[0.000635281205177,0.000578705396038,0.0003099682217,0.00048503067228,0.000290757830953,0.000340671569575,0.000331707968144,0.000235224171774,0.000143056298839,0.000114979797218,0.0000739118186175,0.0000444287325081,0.0000373715629394,0.0000226991087402,0.0000203112194868,0.000027676936952,0.000022591340894,0.0000181678697118,0.0000115242819447,0.0000199506575882,0.0000112039551823,0.00000839912445372,0.00000944269504544,0.00000534981109013,0.00000459580587631,0.00000283579561255,0.00000194333165382,0.00000210584835258,0.00000251508708971,0.00000116275793971,9.18721070775e-7,7.88657246176e-7,7.22200752534e-7,5.59219472507e-7,4.58364041833e-7,4.46330403747e-7,4.01317038268e-7,2.90310850914e-7,1.8678936442e-7,9.73562492845e-8],"dmean2":[0.000997636234388,0.000966081803199,0.000515013060067,0.00077655602945,0.000456385256257,0.00051058223471,0.000538050953764,0.000345787819242,0.000198701076442,0.000168923696037,0.000108836342406,0.0000659204888507,0.0000562250570511,0.000033698437619,0.0000308539347316,0.000042577732529,0.0000355907468474,0.0000287935326924,0.0000179528215085,0.0000294805086014,0.0000176157809619,0.0000134344481921,0.0000149463385242,0.00000857323084347,0.00000762338777349,0.0000046475106501,0.0000030893256735,0.00000328979922415,0.00000398410156777,0.00000183405472853,0.00000140426379858,0.0000012303235053,0.00000108959716272,8.57440511481e-7,6.94965763159e-7,6.84713995724e-7,5.98679548602e-7,4.29162128057e-7,2.84277348328e-7,1.46071329254e-7],"dvar":[0.00000365001596947,0.00000233544938055,4.31089887343e-7,7.21754076949e-7,2.80387666862e-7,3.77346367486e-7,0.00000119814728805,3.01007133885e-7,1.65509845829e-7,6.89397197107e-8,3.18621289352e-8,7.52284101679e-9,1.07433750784e-8,3.74157504979e-9,3.18404214106e-9,4.32179136922e-9,2.94847946058e-9,1.3880248062e-9,6.60253907103e-10,6.42201447576e-9,7.16304349169e-10,3.14721554373e-10,6.21137696832e-10,1.69133859695e-10,1.68813976686e-10,6.24224491541e-11,2.45261554122e-11,3.48796581895e-11,5.7969202355e-11,1.64199903674e-11,1.18168955524e-11,4.42490401958e-12,3.44951671394e-12,2.82926069725e-12,1.83347369405e-12,2.47184195855e-12,2.31186402487e-12,1.11794015885e-12,4.67899644811e-13,1.05841767642e-13],"dvar2":[0.0000087866674221,0.00000614245846009,0.00000109206098386,0.00000193487312572,6.93584979672e-7,9.28020540414e-7,0.00000314511180477,6.37585628738e-7,3.04299106801e-7,1.53321835228e-7,6.45631459406e-8,1.66005431623e-8,2.40234303561e-8,7.72549135775e-9,7.30730098653e-9,9.66297175609e-9,6.85587453475e-9,3.47449979898e-9,1.61070323745e-9,1.37200055761e-8,1.77371362042e-9,8.0245765588e-10,1.60517821257e-9,4.3697476193e-10,4.71298944316e-10,1.64387253809e-10,6.17737597186e-11,8.97927149301e-11,1.49590728693e-10,3.96874269559e-11,2.63073920287e-11,1.03452975353e-11,7.21990696395e-12,6.17996235783e-12,3.74902322728e-12,5.52762132941e-12,4.548719474e-12,2.06286767182e-12,9.83451818246e-13,2.1927342483e-13],"max":[0.0208510551602,0.0168520063162,0.02056401968,0.00936701707542,0.0126695604995,0.0113287493587,0.0149345155805,0.0114439660683,0.0139614092186,0.00819092430174,0.00534814083949,0.0024544512853,0.00424677878618,0.00212574005127,0.00217544753104,0.00181994319428,0.00147546397056,0.000696398783475,0.000799095199909,0.0034448755905,0.000727939535864,0.000366250664229,0.000831985031255,0.000253135833191,0.000342704035575,0.000144928693771,0.00010807855142,0.000219211957301,0.00020341828349,0.000155064219143,0.000217187931412,0.000069171510404,0.0000686401108396,0.0000755704240873,0.000042127478082,0.0000648454151815,0.0000627948029432,0.0000420208198193,0.000022730037017,0.0000102125932244],"mean":[0.000758258393034,0.00114274595398,0.000721688789781,0.00153367966413,0.000958011602052,0.000826260540634,0.000494744279422,0.000571381533518,0.000366157881217,0.000250324839726,0.000159458388225,0.0000924593987293,0.0000680609518895,0.0000420935393777,0.0000388029984606,0.0000542950147064,0.0000417585033574,0.0000347315217368,0.0000212014165299,0.0000349234942405,0.000021728574211,0.000016617907022,0.0000177088277269,0.00000940677000472,0.00000754338725528,0.00000411716064264,0.0000032239979646,0.00000390780451198,0.00000443996941613,0.00000185514943496,0.00000147709499743,0.00000148035769598,0.00000145755791436,0.00000106755135221,8.58679527482e-7,7.62924173614e-7,7.08825382389e-7,4.84631641484e-7,3.15647724847e-7,1.59138281219e-7],"median":[0.000191329832887,0.000747312151361,0.000528062228113,0.00119027600158,0.000794692779891,0.00053367583314,0.000185111668543,0.000125930979266,0.0000673731847201,0.0000925210842979,0.0000534652572242,0.0000458931936009,0.0000249467921094,0.0000165334186022,0.0000165893343365,0.0000237608346652,0.0000116484670798,0.0000125644237414,0.0000101347695818,0.00000865946367412,0.0000086453737822,0.00000740567929824,0.00000706406717654,0.00000406755088989,0.00000266704569185,0.00000148036372138,0.0000015047605757,0.00000142328065067,0.00000108770109364,4.23410483563e-7,3.39026229312e-7,3.27526009869e-7,2.53089979196e-7,2.0000835832e-7,1.99658117594e-7,1.35360949116e-7,1.36955719654e-7,9.91360451508e-8,7.89874832208e-8,3.93191577075e-8],"min":[1.49743344077e-23,4.68798736728e-24,1.42807458118e-23,2.01253247507e-23,8.47951556846e-24,8.26668168509e-24,1.73274544232e-23,1.24996138503e-23,8.09766034754e-24,5.11962365563e-24,7.84067470817e-24,5.99064126868e-24,1.68299750705e-23,2.49693046288e-23,1.43206590181e-23,1.46233623024e-23,1.43324067347e-23,7.41931569969e-24,8.61239445478e-24,5.5410927102e-24,6.43862275499e-24,6.54578556465e-24,8.1295547828e-24,5.8501494802e-24,7.26145122192e-24,1.09329116379e-23,9.08118609176e-24,1.35485172309e-23,9.45560393206e-24,1.2524921297e-23,1.31599448594e-23,1.26908416224e-23,9.53917664522e-24,8.22414157192e-24,9.45267094722e-24,8.82813450172e-24,1.07065219687e-23,9.190415717e-24,1.48641573606e-23,9.83603920335e-24],"var":[0.00000362330729331,0.00000218544164454,6.25188249614e-7,0.00000158804778039,8.71003919656e-7,0.00000107387381831,0.00000120376432733,0.00000138304767461,0.00000105213837287,3.04546915686e-7,1.26737461414e-7,2.44867202071e-8,3.74101389866e-8,1.32068835867e-8,9.72072822236e-9,1.17929346288e-8,7.40917549535e-9,3.6963696548e-9,1.18540599559e-9,1.37572611081e-8,1.398203886e-9,5.75141823056e-10,1.04723529848e-9,2.58221388716e-10,2.08891029474e-10,6.6958279199e-11,3.23371468491e-11,6.09840511423e-11,8.96217822177e-11,2.39016445525e-11,2.34024952195e-11,1.04496064579e-11,1.05655085375e-11,7.95347902122e-12,5.144515456e-12,6.43439338269e-12,6.41223272396e-12,3.28948673856e-12,1.20309296379e-12,2.71789535322e-13]},"melbands_crest":{"dmean":2.24971795082,"dmean2":3.55628108978,"dvar":5.99957132339,"dvar2":14.8364305496,"max":32.1008491516,"mean":12.6423969269,"median":12.0872507095,"min":1.58265244961,"var":19.0391197205},"melbands_flatness_db":{"dmean":0.021834935993,"dmean2":0.0302691347897,"dvar":0.000620756298304,"dvar2":0.00130386964884,"max":0.480998367071,"mean":0.23248103261,"median":0.230729326606,"min":0.00333967572078,"var":0.00516588939354},"melbands_kurtosis":{"dmean":3.93383812904,"dmean2":5.93359327316,"dvar":33.5146942139,"dvar2":76.9424362183,"max":129.452423096,"mean":11.2668523788,"median":8.53430747986,"min":-1.78383886814,"var":114.428977966},"melbands_skewness":{"dmean":0.458065479994,"dmean2":0.677942276001,"dvar":0.267817050219,"dvar2":0.600093483925,"max":9.79343032837,"mean":2.41483974457,"median":2.3203868866,"min":-1.08547663689,"var":1.35045647621},"melbands_spread":{"dmean":3.95694208145,"dmean2":5.99923801422,"dvar":37.7779693604,"dvar2":85.2198562622,"max":194.04019165,"mean":18.5851249695,"median":12.8486604691,"min":1.38010883331,"var":502.443756104},"mfcc":{"cov":[[10917.0986328,971.188049316,101.333335876,259.459869385,-327.288726807,21.5262107849,-374.159454346,26.388174057,-44.4371910095,86.0554656982,-65.44115448,102.068092346,-158.315979004],[971.188049316,2218.30883789,-527.948547363,161.068969727,269.774353027,-99.7028427124,106.022850037,-5.17399644852,-57.5472679138,-35.8655357361,-25.0171871185,-99.5872039795,2.00826358795],[101.333335876,-527.948547363,729.585632324,-105.569885254,-160.95866394,121.917778015,-58.1768302917,-5.94585752487,24.4267463684,9.20979404449,-7.77054643631,61.7424163818,-0.108124881983],[259.459869385,161.068969727,-105.569885254,272.7371521,110.07624054,-38.8666152954,9.03876399994,-20.1486587524,20.3032093048,-35.264957428,-47.4381752014,-13.9506826401,14.308930397],[-327.288726807,269.774353027,-160.95866394,110.07624054,292.059356689,-64.8120040894,59.3059692383,-19.6664714813,9.86699676514,-34.1814651489,-25.432636261,-47.4116783142,18.660528183],[21.5262107849,-99.7028427124,121.917778015,-38.8666152954,-64.8120040894,161.031158447,15.7552595139,31.5111980438,4.52609539032,19.1003017426,13.6434354782,6.16277694702,-12.9018650055],[-374.159454346,106.022850037,-58.1768302917,9.03876399994,59.3059692383,15.7552595139,160.890090942,32.7363128662,-4.27961444855,-2.86524891853,14.9102449417,-29.5796089172,10.5107088089],[26.388174057,-5.17399644852,-5.94585752487,-20.1486587524,-19.6664714813,31.5111980438,32.7363128662,101.635726929,11.3571910858,8.24799156189,11.4794864655,-2.99213957787,-1.95607876778],[-44.4371910095,-57.5472679138,24.4267463684,20.3032093048,9.86699676514,4.52609539032,-4.27961444855,11.3571910858,89.3080749512,19.3862361908,-9.52484893799,3.87634778023,4.52836370468],[86.0554656982,-35.8655357361,9.20979404449,-35.264957428,-34.1814651489,19.1003017426,-2.86524891853,8.24799156189,19.3862361908,103.40032959,46.7297935486,8.09900856018,-7.18349695206],[-65.44115448,-25.0171871185,-7.77054643631,-47.4381752014,-25.432636261,13.6434354782,14.9102449417,11.4794864655,-9.52484893799,46.7297935486,107.681999207,24.6305427551,-3.54759550095],[102.068092346,-99.5872039795,61.7424163818,-13.9506826401,-47.4116783142,6.16277694702,-29.5796089172,-2.99213957787,3.87634778023,8.09900856018,24.6305427551,104.713813782,17.6616363525],[-158.315979004,2.00826358795,-0.108124881983,14.308930397,18.660528183,-12.9018650055,10.5107088089,-1.95607876778,4.52836370468,-7.18349695206,-3.54759550095,17.6616363525,77.2511444092]],"icov":[[0.000125844613649,-0.0000880049410625,-0.0000481806673633,-0.000201295159059,0.000161948613822,0.0000160102845257,0.000269154261332,-0.000149480547407,0.000118855365145,-0.000171028703335,0.0000968644308159,-0.000113034860988,0.000227975775488],[-0.0000880049410625,0.000653938797768,0.000346769549651,0.0000159823230206,-0.000411461223848,-0.000025268722311,-0.000314485165291,0.0000753227286623,0.000292279466521,0.0000354719559255,0.0000243667454924,0.000235934145167,-0.000126619095681],[-0.0000481806673633,0.000346769549651,0.00207584304735,0.000528529228177,0.000328601367073,-0.0012959720334,0.000111559027573,0.000633669318631,-0.000513312872499,0.000342538201949,0.000523546885233,-0.000585925881751,-0.000277755985735],[-0.000201295159059,0.0000159823230206,0.000528529228177,0.00521849608049,-0.00155573152006,-0.0000872321397765,-0.000354523770511,0.000858295767102,-0.00138711417094,0.000968109001406,0.00135185581166,-0.000416994997067,-0.000618856400251],[0.000161948613822,-0.000411461223848,0.000328601367073,-0.00155573152006,0.00570194609463,0.00119472970255,-0.00126239843667,0.000879247963894,-0.00101463950705,0.000843426561914,-0.000159302377142,0.00132816121913,-0.000525635958184],[0.0000160102845257,-0.000025268722311,-0.0012959720334,-0.0000872321397765,0.00119472970255,0.00832966715097,-0.00129963993095,-0.00192573561799,0.000093664319138,-0.00084925966803,-0.000159342656843,0.000250663171755,0.00112934887875],[0.000269154261332,-0.000314485165291,0.000111559027573,-0.000354523770511,-0.00126239843667,-0.00129963993095,0.00881257466972,-0.00271653290838,0.000724142126273,0.000184530756087,-0.00157232594211,0.00174833089113,-0.00105154397897],[-0.000149480547407,0.0000753227286623,0.000633669318631,0.000858295767102,0.000879247963894,-0.00192573561799,-0.00271653290838,0.0120087210089,-0.00227422756143,0.000694206217304,-0.000673770031426,0.000271674245596,-0.000221905385843],[0.000118855365145,0.000292279466521,-0.000513312872499,-0.00138711417094,-0.00101463950705,0.000093664319138,0.000724142126273,-0.00227422756143,0.0135820806026,-0.00425727525726,0.00260024867021,-0.000780335802119,-0.000297411781503],[-0.000171028703335,0.0000354719559255,0.000342538201949,0.000968109001406,0.000843426561914,-0.00084925966803,0.000184530756087,0.000694206217304,-0.00425727525726,0.0140073439106,-0.00614662328735,0.0011296622688,0.000128178799059],[0.0000968644308159,0.0000243667454924,0.000523546885233,0.00135185581166,-0.000159302377142,-0.000159342656843,-0.00157232594211,-0.000673770031426,0.00260024867021,-0.00614662328735,0.0140576055273,-0.00381374987774,0.000950446119532],[-0.000113034860988,0.000235934145167,-0.000585925881751,-0.000416994997067,0.00132816121913,0.000250663171755,0.00174833089113,0.000271674245596,-0.000780335802119,0.0011296622688,-0.00381374987774,0.0127085326239,-0.00360117829405],[0.000227975775488,-0.000126619095681,-0.000277755985735,-0.000618856400251,-0.000525635958184,0.00112934887875,-0.00105154397897,-0.000221905385843,-0.000297411781503,0.000128178799059,0.000950446119532,-0.00360117829405,0.0148788923398]],"mean":[-671.120361328,153.141448975,-4.22192001343,22.6581134796,4.18467998505,-1.38029015064,-8.00057220459,-1.49144244194,-5.58511781693,-1.95593726635,-6.74558448792,-1.77545940876,-5.86285686493]},"pitch_salience":{"dmean":0.0526795983315,"dmean2":0.0810301303864,"dvar":0.00301030348055,"dvar2":0.00714850379154,"max":0.920793235302,"mean":0.621220529079,"median":0.628141641617,"min":0.155239075422,"var":0.011432335712},"silence_rate_20dB":{"dmean":0,"dmean2":0,"dvar":0,"dvar2":0,"max":1,"mean":1,"median":1,"min":1,"var":0},"silence_rate_30dB":{"dmean":0,"dmean2":0,"dvar":0,"dvar2":0,"max":1,"mean":1,"median":1,"min":1,"var":0},"silence_rate_60dB":{"dmean":0.00428643450141,"dmean2":0.00857395026833,"dvar":0.00426859082654,"dvar2":0.010013920255,"max":1,"mean":0.0485314503312,"median":0,"min":0,"var":0.0461759902537},"spectral_centroid":{"dmean":148.163818359,"dmean2":222.065994263,"dvar":46071.8398438,"dvar2":92207.796875,"max":11394.6064453,"mean":968.605773926,"median":801.202514648,"min":268.655731201,"var":452519.71875},"spectral_complexity":{"dmean":2.72289466858,"dmean2":4.03303480148,"dvar":12.7798995972,"dvar2":23.9342269897,"max":55,"mean":16.9104995728,"median":16,"min":0,"var":51.287437439},"spectral_contrast_coeffs":{"dmean":[0.0432600863278,0.0415063537657,0.0343457609415,0.0283861644566,0.0222189500928,0.0171184968203],"dmean2":[0.0690040066838,0.0658397078514,0.054749276489,0.0444876775146,0.0356494188309,0.0269522294402],"dvar":[0.00165471935179,0.00131793413311,0.000886950176209,0.000574581790715,0.000418943702243,0.000311952753691],"dvar2":[0.00397872459143,0.00324991042726,0.00218555680476,0.00136148568708,0.000989441527054,0.000724722864106],"max":[-0.286592960358,-0.3987672925,-0.461135149002,-0.548385977745,-0.578449428082,-0.593158245087],"mean":[-0.562697529793,-0.670287668705,-0.738639593124,-0.75189691782,-0.764955163002,-0.769247591496],"median":[-0.545283854008,-0.667965650558,-0.74060344696,-0.752268254757,-0.765040695667,-0.770143508911],"min":[-0.990613102913,-0.963930308819,-0.972896754742,-0.955689549446,-0.95713442564,-0.962118446827],"var":[0.011544412002,0.00887843035161,0.00531917484477,0.00441754003987,0.00322861899622,0.00214756419882]},"spectral_contrast_valleys":{"dmean":[0.390147745609,0.340176492929,0.314696341753,0.286238789558,0.285829156637,0.34705016017],"dmean2":[0.627618670464,0.52695864439,0.485632032156,0.434670776129,0.403715193272,0.451755940914],"dvar":[0.164015650749,0.110663965344,0.107323087752,0.0950347259641,0.123825609684,0.222826465964],"dvar2":[0.365294605494,0.233161360025,0.214659273624,0.17883579433,0.223001301289,0.410679459572],"max":[-5.10968208313,-4.15981817245,-4.96644163132,-5.39524269104,-5.57374429703,-7.77293682098],"mean":[-7.78362464905,-7.01515817642,-7.65402364731,-8.17618370056,-8.31095695496,-11.118185997],"median":[-7.48289489746,-6.74193191528,-7.41001081467,-7.94306182861,-8.05299568176,-10.7799167633],"min":[-27.389793396,-27.4705257416,-27.0471038818,-27.3401241302,-27.3234500885,-27.1828269958],"var":[4.09677124023,3.34286093712,2.8390455246,2.58787322044,2.51865243912,2.55905175209]},"spectral_decrease":{"dmean":1.98789651407e-9,"dmean2":3.02164337995e-9,"dvar":1.1891722194e-17,"dvar2":2.86353318279e-17,"max":1.9725417402e-16,"mean":-7.15005121776e-9,"median":-6.29200247459e-9,"min":-3.34819496572e-8,"var":2.10672595347e-17},"spectral_energy":{"dmean":0.00782857835293,"dmean2":0.0118727535009,"dvar":0.000184468430234,"dvar2":0.000444132689154,"max":0.137497067451,"mean":0.0284450557083,"median":0.0250108335167,"min":1.08105042048e-20,"var":0.00033132408862},"spectral_energyband_high":{"dmean":0.000159657705808,"dmean2":0.000228060118388,"dvar":1.70812171518e-7,"dvar2":3.45816033587e-7,"max":0.015539442189,"mean":0.000365511106793,"median":0.000110174740257,"min":8.07166961476e-21,"var":5.38716392384e-7},"spectral_energyband_low":{"dmean":0.00310029531829,"dmean2":0.00484844716266,"dvar":0.000065815205744,"dvar2":0.000156949172379,"max":0.089146733284,"mean":0.00559054501355,"median":0.0031910345424,"min":7.63138738566e-23,"var":0.0000708020306774},"spectral_energyband_middle_high":{"dmean":0.00136594986543,"dmean2":0.00197808840312,"dvar":0.00000768924019212,"dvar2":0.0000177308302227,"max":0.0492185428739,"mean":0.00400786614046,"median":0.00258428766392,"min":1.44420807411e-21,"var":0.0000195077318494},"spectral_energyband_middle_low":{"dmean":0.00519105652347,"dmean2":0.00809544883668,"dvar":0.0000858021376189,"dvar2":0.000215352323721,"max":0.113129809499,"mean":0.0190602671355,"median":0.0165228135884,"min":3.2924173895e-22,"var":0.000189632046386},"spectral_entropy":{"dmean":0.165175110102,"dmean2":0.228341132402,"dvar":0.0336456187069,"dvar2":0.0680354163051,"max":9.80982685089,"mean":7.14366579056,"median":7.10376405716,"min":5.28902482986,"var":0.298449069262},"spectral_flux":{"dmean":0.0232861768454,"dmean2":0.0348843336105,"dvar":0.000983003759757,"dvar2":0.00206744298339,"max":0.302067637444,"mean":0.0651255398989,"median":0.0521063916385,"min":1.03973572807e-10,"var":0.00235639582388},"spectral_kurtosis":{"dmean":3.07145619392,"dmean2":5.18805551529,"dvar":18.8123054504,"dvar2":49.4367256165,"max":71.3154067993,"mean":7.21406507492,"median":5.23711204529,"min":-1.24257981777,"var":49.0191764832},"spectral_rms":{"dmean":0.000651545356959,"dmean2":0.000954151852056,"dvar":9.54373035711e-7,"dvar2":0.00000212713848668,"max":0.0115820327774,"mean":0.00495515018702,"median":0.00493971817195,"min":3.2475888298e-12,"var":0.00000319754349221},"spectral_rolloff":{"dmean":240.956695557,"dmean2":396.346679688,"dvar":283685.1875,"dvar2":555500.5,"max":21511.6699219,"mean":1513.7545166,"median":689.0625,"min":64.599609375,"var":11876391},"spectral_skewness":{"dmean":0.306730985641,"dmean2":0.497819393873,"dvar":0.118120655417,"dvar2":0.298380404711,"max":5.8710103035,"mean":1.84444475174,"median":1.73907005787,"min":0.000122918150737,"var":0.473650306463},"spectral_spread":{"dmean":434700.40625,"dmean2":624882.875,"dvar":415433261056,"dvar2":754729222144,"max":41451488,"mean":3822009,"median":3482218.75,"min":925138.625,"var":5555086688260},"spectral_strongpeak":{"dmean":0.414247393608,"dmean2":0.696265280247,"dvar":0.568294405937,"dvar2":1.3062556982,"max":14.5177927017,"mean":1.14636087418,"median":0.870632648468,"min":0,"var":1.3037443161},"zerocrossingrate":{"dmean":0.00649712001905,"dmean2":0.00761043978855,"dvar":0.0000816078099888,"dvar2":0.0000849790740176,"max":0.73193359375,"mean":0.0597633980215,"median":0.0380859375,"min":0.00390625,"var":0.0120625961572}},"metadata":{"audio_properties":{"analysis_sample_rate":44100,"bit_rate":320000,"codec":"mp3","downmix":"mix","equal_loudness":0,"length":184.163269043,"lossless":false,"md5_encoded":"6261cf685026c4a17aaa9a87669a8c42","replay_gain":-9.3503074646,"sample_rate":44100},"tags":{"album":["Farther Along"],"albumartist":["Byrds"],"artist":["The Byrds"],"asin":["B00004OCE8"],"barcode":["074646584927"],"bpm":["73"],"composer":["Skip Battin/Kim Fowley"],"date":["1971"],"discnumber":["1/1"],"encodedby":["iTunes v7.1.1"],"file_name":"copy4729523916767901138.mp3","genre":["Classic Rock"],"initialkey":["F"],"isrc":["USSM17100685"],"language":["eng"],"musicbrainz_albumid":["45bcdb30-9984-40ed-9f3c-f2430ebeef0f"],"musicbrainz_artistid":["2819834e-4e08-47b0-a2c4-b7672318e8f0"],"musicbrainz_recordingid":["2ebce003-eff8-4bba-a60b-74e9c0b59993"],"musicbrainz_releasegroupid":["84cfd878-876b-3b87-97c2-f3e8960066d1"],"title":["Percious Kate"],"tracknumber":["08"]},"version":{"essentia":"2.1-beta2","essentia_build_sha":"cead25079874084f62182a551b7393616cd33d87","essentia_git_sha":"v2.1_beta2-1-ge3940c0","extractor":"music 1.0"}},"rhythm":{"beats_count":446,"beats_loudness":{"dmean":0.0142595861107,"dmean2":0.0261598583311,"dvar":0.000150168518303,"dvar2":0.000461690040538,"max":0.105355381966,"mean":0.0391660965979,"median":0.0377807617188,"min":8.9377999446e-10,"var":0.000281815096969},"beats_loudness_band_ratio":{"dmean":[0.219695836306,0.17836804688,0.177368760109,0.0778323486447,0.0493769310415,0.0193978454918],"dmean2":[0.37251791358,0.317961037159,0.311625689268,0.139080196619,0.0892532020807,0.0313144885004],"dvar":[0.0326752848923,0.0193447563797,0.0216042716056,0.00513661466539,0.00278318300843,0.00120086455718],"dvar2":[0.0788234993815,0.0602806024253,0.0552376359701,0.0140466298908,0.0084262797609,0.00163591571618],"max":[0.899891793728,0.934086203575,0.787271797657,0.563055574894,0.366081088781,0.975