{"lowlevel":{"average_loudness":0.910930216312,"barkbands":{"dmean":[0.000106404040707,0.00177341187373,0.00180880213156,0.00262781465426,0.00289346277714,0.0011128449114,0.000826207222417,0.000378281227313,0.000566158327274,0.000514072715305,0.000460358540295,0.000248032156378,0.000243345391937,0.000309730676236,0.000244977563852,0.000258464133367,0.000433233275544,0.000308060174575,0.000257532723481,0.00015553443518,0.000129110936541,0.000140501200804,0.000133900306537,0.0000912617906579,0.0000701103635947,0.0000349227520928,0.00000896231358638],"dmean2":[0.000168729471625,0.00288092461415,0.00304427254014,0.00453458912671,0.00491832429543,0.00178494595457,0.00133883929811,0.000609280250501,0.000904190354049,0.00083543889923,0.000752186810132,0.00040660938248,0.000404818478273,0.000511425430886,0.000410165259382,0.000430599058745,0.000714642344974,0.000513850769494,0.000426819751738,0.000253696722211,0.000207523888093,0.000224034462008,0.000207143937587,0.00013187933655,0.0000967358282651,0.0000453952452517,0.0000121255015983],"dvar":[5.58578570065e-8,0.0000132142531584,0.0000078934344856,0.0000224460036407,0.0000387626569136,0.00000439353016191,0.00000300974170386,6.43868816042e-7,0.00000184992620689,0.00000186242550626,0.00000397854546463,7.1737918006e-7,4.96489178659e-7,5.52876656457e-7,3.18719258985e-7,3.53643400786e-7,8.75183673088e-7,3.89352123875e-7,1.73753846866e-7,8.54132764516e-8,5.52357661832e-8,5.98024314513e-8,5.49920606829e-8,2.17959232884e-8,1.51614152344e-8,3.61087160172e-9,3.1190736105e-10],"dvar2":[1.29122867065e-7,0.0000319570935972,0.0000216313928831,0.0000626266701147,0.00010336102423,0.0000103672909972,0.00000755660448704,0.00000161394336828,0.00000466082792627,0.00000494521191285,0.0000105207554952,0.00000185093483651,0.00000131234457967,0.00000144519310652,8.55894484175e-7,9.37341724239e-7,0.00000211497945202,0.00000108100380203,4.52191670774e-7,2.14907231566e-7,1.3814560873e-7,1.47986014554e-7,1.33654495471e-7,4.63243772231e-8,3.1322489491e-8,6.70828992355e-9,6.4711214165e-10],"max":[0.00508322007954,0.0520312525332,0.0602333880961,0.0899659842253,0.0799735784531,0.0660804659128,0.0496858544648,0.0237285699695,0.03072841838,0.0306961350143,0.0589549168944,0.024231120944,0.0225078444928,0.016187209636,0.0156737398356,0.0249406583607,0.026079364121,0.0234074369073,0.0110853491351,0.00710193673149,0.00672986963764,0.00393216358498,0.00559875601903,0.00359689560719,0.00212179357186,0.000776890257839,0.000199761998374],"mean":[0.000135478025186,0.00253541092388,0.00298236031085,0.00352493580431,0.00386808137409,0.001947455341,0.00127154530492,0.000605525507126,0.000929040252231,0.000789303216152,0.000656864896882,0.000363134400686,0.000367581815226,0.000482411356643,0.0004083775857,0.00045546333422,0.000808226061054,0.000572402961552,0.000552942452487,0.000363934697816,0.000326181849232,0.000363571249181,0.000325994304148,0.000233511949773,0.000179492737516,0.000087088883447,0.0000186459546967],"median":[0.0000616443358012,0.00132156186737,0.00199595885351,0.00216782232746,0.00237444997765,0.00103688181844,0.000598035112489,0.000304938643239,0.000460962444777,0.000337803561706,0.000148646242451,0.000126051265397,0.000164120807312,0.000255153747275,0.000236126274103,0.000283030531136,0.000504517229274,0.000376076495741,0.000399300188292,0.000185327604413,0.000144448786159,0.000152158318087,0.000148512292071,0.000129458814627,0.000106131927168,0.0000432682718383,0.00000662314732836],"min":[8.31808563661e-25,2.77525033268e-24,8.52378506195e-25,1.4798267359e-24,1.0991621033e-23,1.30442710294e-23,9.65825598773e-24,4.76003521705e-24,1.80388791642e-23,1.13331055083e-23,1.97701133068e-23,3.30221624101e-23,3.2712244204e-23,4.85663794021e-23,4.16533167661e-23,5.55220878587e-23,8.1893720542e-23,1.0287435353e-22,1.52436578317e-22,2.0000487828e-22,2.8134000957e-22,3.50287740108e-22,3.99162507326e-22,6.30387205951e-22,1.00007176092e-21,1.30282208655e-21,2.12718804339e-21],"var":[6.33489776192e-8,0.0000161530333571,0.000012722939573,0.0000226759366342,0.0000341506711266,0.0000108790673039,0.0000054457314036,0.00000116891771995,0.00000312238921651,0.00000271502858595,0.00000701381941326,0.00000103331524315,6.72403075441e-7,8.07246635759e-7,4.47103843726e-7,4.69726188612e-7,0.00000171799206328,5.70493625673e-7,3.31990321456e-7,2.31701534403e-7,1.69316024312e-7,2.45380164188e-7,2.017541334e-7,8.10706168863e-8,4.27404955872e-8,1.17870273542e-8,7.01221802846e-10]},"barkbands_crest":{"dmean":2.38898682594,"dmean2":3.99088716507,"dvar":4.83008146286,"dvar2":13.02389431,"max":23.2363243103,"mean":8.06488609314,"median":7.35559654236,"min":2.23204350471,"var":11.3484954834},"barkbands_flatness_db":{"dmean":0.0175635423511,"dmean2":0.0279519427568,"dvar":0.000282836845145,"dvar2":0.000724969606381,"max":0.449228227139,"mean":0.107790671289,"median":0.0844767093658,"min":0.0197834242135,"var":0.00518609257415},"barkbands_kurtosis":{"dmean":2.00765967369,"dmean2":3.26663303375,"dvar":14.0921831131,"dvar2":37.8220024109,"max":143.977340698,"mean":2.40811347961,"median":0.3701826334,"min":-1.88649904728,"var":44.7109336853},"barkbands_skewness":{"dmean":0.46912959218,"dmean2":0.745561301708,"dvar":0.2092307657,"dvar2":0.536926805973,"max":9.23093891144,"mean":1.30600583553,"median":1.16539573669,"min":-3.93009972572,"var":1.03435862064},"barkbands_spread":{"dmean":6.22530698776,"dmean2":9.70954322815,"dvar":41.2159767151,"dvar2":93.3019104004,"max":124.997360229,"mean":32.1175003052,"median":30.0817260742,"min":0.509197950363,"var":285.305938721},"dissonance":{"dmean":0.0120889861137,"dmean2":0.0205920357257,"dvar":0.000221436537686,"dvar2":0.000641684920993,"max":0.500000119209,"mean":0.47724032402,"median":0.483050912619,"min":0.265338212252,"var":0.000486891483888},"dynamic_complexity":3.18407201767,"erbbands":{"dmean":[0.060401558876,0.396569490433,1.6485196352,5.19274568558,12.4119558334,7.66207361221,8.87098884583,8.27046871185,11.5264091492,8.960896492,8.59081268311,11.8813781738,14.4374990463,20.9082927704,10.8291387558,9.88827705383,10.4226751328,11.9493331909,16.1625175476,9.39552211761,15.9479522705,23.4183216095,17.1958599091,13.7751846313,11.157043457,7.04126930237,5.21203613281,5.80857038498,5.00554084778,4.91565418243,3.56132268906,1.99917161465,1.50606489182,0.84964466095,0.496940851212,0.208165556192,0.0522288419306,0.0130360880867,0.00155104242731,0.0000701028329786],"dmean2":[0.0948586389422,0.665339529514,2.77748274803,8.87130260468,21.8625392914,12.7659759521,14.5666046143,13.2968759537,18.7579307556,14.3719205856,13.8085279465,19.1926822662,23.161687851,34.0967178345,17.8183059692,16.2144756317,17.2435398102,19.7008953094,26.7800369263,15.5657691956,26.604473114,38.3665542603,28.4819793701,22.9341545105,18.3562164307,11.3849544525,8.38016414642,9.38372707367,8.05097389221,7.72697162628,5.50196313858,2.95060324669,2.20059847832,1.20903742313,0.700790762901,0.282145142555,0.0688132718205,0.0180210862309,0.00210745539516,0.0000903761247173],"dvar":[0.0172905735672,0.620205402374,6.71591043472,67.4028701782,877.808959961,191.600585938,251.395492554,261.900726318,630.980285645,358.10647583,378.086639404,852.197998047,1317.68286133,5386.10009766,1022.16009521,1122.59204102,842.067016602,1028.12536621,1347.4473877,369.642913818,1287.71142578,3270.44726563,1460.74768066,471.455688477,379.088989258,166.863998413,96.0687103271,112.440696716,74.3873748779,80.9725646973,34.9223594666,11.2741994858,6.40022945404,2.09219503403,0.830815553665,0.13421279192,0.00761510804296,0.000641738530248,0.00000960103625403,1.76312120459e-8],"dvar2":[0.0386909097433,1.6450381279,18.4146499634,188.084655762,2432.20019531,495.449920654,639.411499023,663.130126953,1580.11645508,911.770324707,953.270446777,2177.42358398,3353.76245117,14239.9003906,2718.21459961,2895.56274414,2211.57519531,2694.16992188,3559.67358398,964.854980469,3466.50146484,7845.57714844,4123.55615234,1246.90148926,960.002380371,407.512420654,242.948699951,290.091583252,186.652832031,200.917755127,82.8918075562,24.2954158783,14.4313488007,4.49611330032,1.71399259567,0.260897099972,0.0140663124621,0.00134555285331,0.0000203261351999,3.31596403669e-8],"max":[2.34745049477,10.3600072861,51.8795394897,134.191238403,379.507904053,224.901031494,321.038238525,602.250366211,777.763427734,512.944030762,437.058319092,746.613525391,922.073791504,1859.0255127,824.564086914,974.965148926,908.074584961,801.905883789,1048.03979492,416.150695801,1681.71801758,1813.26977539,1643.08166504,642.831787109,488.210784912,310.002960205,277.243408203,196.770523071,150.004074097,227.607406616,135.452255249,77.0705108643,66.6413497925,29.8717288971,18.1917572021,5.19517326355,1.00342714787,0.342468112707,0.0408791005611,0.00147150678094],"mean":[0.0839608535171,0.55908614397,2.91476821899,8.12987041473,14.4046316147,11.4688644409,14.2831192017,14.3841962814,17.9066944122,15.0742731094,14.8254671097,19.5688705444,24.2931804657,31.6392822266,17.3648033142,15.5489597321,16.9968032837,20.0010223389,28.0059814453,18.2537918091,30.9037342072,45.6756668091,33.7911682129,29.2817401886,24.9566135406,17.3270931244,13.1314496994,13.5625371933,12.6387081146,12.3076639175,8.6861114502,5.14008331299,3.64878892899,2.1161198616,1.2070735693,0.506510198116,0.127448126674,0.0290646441281,0.00324408523738,0.000167029691511],"median":[0.0390891693532,0.310033589602,2.06380200386,5.86798906326,7.9761300087,7.01439094543,7.43754053116,7.65463113785,8.25494766235,8.73750305176,7.54460525513,10.1568098068,12.8990011215,8.74373245239,6.1264629364,5.79696989059,7.85485076904,10.2650365829,17.3006916046,10.6379489899,21.0259990692,28.4914245605,22.934173584,22.0370960236,15.8837852478,9.09079360962,6.28038167953,5.46550607681,5.58994293213,4.91732025146,4.21392011642,2.62299180031,2.05673742294,1.24387335777,0.691518247128,0.269627571106,0.0609342679381,0.0114426882938,0.00120526878163,0.000078532480984],"min":[9.08827022046e-23,5.85447731312e-22,1.46776394037e-21,4.77899640714e-21,1.77085765904e-20,2.6764982914e-20,4.0093046856e-20,1.28547214687e-19,1.36664350963e-19,2.82795551392e-19,3.43894394308e-19,5.0446871107e-19,6.4443976823e-19,9.52810839434e-19,1.50969488399e-18,1.53192060667e-18,1.45372205348e-18,2.51765137332e-18,3.33747421433e-18,2.82428970794e-18,3.46286383505e-18,4.67961797838e-18,6.29385225838e-18,6.16170767399e-18,8.33265435857e-18,8.66215431096e-18,9.6881022888e-18,1.18626782283e-17,1.04884260012e-17,1.08294245913e-17,1.22647177845e-17,1.00732011861e-17,1.15531249092e-17,8.3910326303e-18,6.51943888709e-18,4.12500289024e-18,2.30200766238e-18,1.08875104547e-18,2.78536682761e-19,2.92443113973e-20],"var":[0.0213422905654,0.702203631401,11.0539598465,82.5377655029,671.756591797,219.689834595,486.854034424,528.726745605,1183.86181641,609.193908691,675.186584473,1366.66674805,2057.22998047,9281.015625,1895.05151367,1670.15332031,1255.48815918,1592.32128906,1942.76135254,673.700561523,1663.9395752,6564.19433594,2000.37805176,898.913818359,872.579650879,505.13973999,251.148696899,342.124633789,277.640106201,318.505950928,131.728179932,45.0918197632,19.6392211914,5.91554641724,2.17264103889,0.402554661036,0.024843275547,0.00154479814228,0.0000208501387533,4.65048017873e-8]},"erbbands_crest":{"dmean":2.29969143867,"dmean2":3.82054257393,"dvar":6.22871541977,"dvar2":16.1985473633,"max":32.5606765747,"mean":7.31662893295,"median":5.95977210999,"min":2.21876215935,"var":18.7408981323},"erbbands_flatness_db":{"dmean":0.013557641767,"dmean2":0.0202801786363,"dvar":0.00023031370074,"dvar2":0.000491733779199,"max":0.42509073019,"mean":0.137686029077,"median":0.113184399903,"min":0.0351257920265,"var":0.00426530186087},"erbbands_kurtosis":{"dmean":0.690552473068,"dmean2":1.12852692604,"dvar":1.62412822247,"dvar2":4.38512039185,"max":40.0033073425,"mean":-0.10352127254,"median":-0.660927891731,"min":-1.78414785862,"var":3.53150057793},"erbbands_skewness":{"dmean":0.309489667416,"dmean2":0.491691768169,"dvar":0.085641823709,"dvar2":0.216127231717,"max":4.39966011047,"mean":-0.0981159359217,"median":-0.160792693496,"min":-4.23847198486,"var":0.502570569515},"erbbands_spread":{"dmean":8.00936317444,"dmean2":12.5485162735,"dvar":59.4123420715,"dvar2":137.068740845,"max":135.508163452,"mean":48.0078926086,"median":47.409236908,"min":2.18394994736,"var":382.704101563},"gfcc":{"cov":[[21659.1777344,-4010.50415039,8.47859954834,1664.52734375,-1440.6072998,1438.46618652,-641.086120605,416.353546143,-204.753631592,700.569946289,-48.2820205688,666.62701416,-190.128036499],[-4010.50415039,3101.37719727,-918.324462891,-435.202484131,646.759643555,-861.481384277,252.699890137,-207.019256592,76.3493423462,-341.828552246,104.397781372,-355.548278809,145.932907104],[8.47859954834,-918.324462891,1108.23815918,95.711151123,-116.931373596,355.934753418,-114.609725952,90.082572937,7.35606908798,89.4569244385,-80.0626678467,109.936950684,-122.083389282],[1664.52734375,-435.202484131,95.711151123,493.24105835,-130.419906616,181.873535156,-0.992455720901,36.4192733765,36.1426925659,99.578918457,2.84365558624,40.0143852234,7.88619756699],[-1440.6072998,646.759643555,-116.931373596,-130.419906616,326.264160156,-153.306976318,66.1482391357,-10.2734918594,17.1810016632,-69.7715835571,14.015411377,-79.5161361694,28.0818653107],[1438.46618652,-861.481384277,355.934753418,181.873535156,-153.306976318,442.358886719,-12.0379514694,106.903282166,-19.1273059845,93.9075012207,-42.9311294556,117.718315125,-63.0265045166],[-641.086120605,252.699890137,-114.609725952,-0.992455720901,66.1482391357,-12.0379514694,157.08013916,11.0436601639,11.8059558868,-40.5452537537,15.591753006,-38.4007263184,22.2518901825],[416.353546143,-207.019256592,90.082572937,36.4192733765,-10.2734918594,106.903282166,11.0436601639,136.235153198,23.754032135,37.6635818481,-22.2618122101,31.1706562042,-22.0267772675],[-204.753631592,76.3493423462,7.35606908798,36.1426925659,17.1810016632,-19.1273059845,11.8059558868,23.754032135,82.6835098267,26.1578807831,5.90689659119,-17.9001312256,4.10818862915],[700.569946289,-341.828552246,89.4569244385,99.578918457,-69.7715835571,93.9075012207,-40.5452537537,37.6635818481,26.1578807831,117.920005798,23.9577255249,44.9979362488,-14.611913681],[-48.2820205688,104.397781372,-80.0626678467,2.84365558624,14.015411377,-42.9311294556,15.591753006,-22.2618122101,5.90689659119,23.9577255249,76.0399398804,17.0220108032,13.839392662],[666.62701416,-355.548278809,109.936950684,40.0143852234,-79.5161361694,117.718315125,-38.4007263184,31.1706562042,-17.9001312256,44.9979362488,17.0220108032,104.987281799,0.0107266483828],[-190.128036499,145.932907104,-122.083389282,7.88619756699,28.0818653107,-63.0265045166,22.2518901825,-22.0267772675,4.10818862915,-14.611913681,13.839392662,0.0107266483828,67.4864654541]],"icov":[[0.000149458937813,-0.000124751226394,0.000265250157099,-0.000378514319891,0.000345142616425,-0.000297501537716,0.000549599761143,-0.000298082071822,0.000478311616462,-0.000351509836037,0.000231011770666,-0.000425747857662,0.000362405204214],[-0.000124751226394,0.00178498332389,0.00001248458193,0.000356009695679,-0.00165118672885,0.00141508853994,-0.000772570958361,0.000236469510128,-0.0016732790973,0.00307573145255,-0.00243754312396,0.00229000439867,-0.000622459396254],[0.000265250157099,0.00001248458193,0.00211533578113,-0.000704571488313,-0.000051657185395,-0.00103386689443,0.0013512680307,0.0000894015101949,-0.000266992981778,-0.000440574483946,0.00169971643481,-0.0021332250908,0.00284150266089],[-0.000378514319891,0.000356009695679,-0.000704571488313,0.00407129200175,-0.0000174430642801,-0.000802533933893,-0.00140184361953,0.000942702172324,-0.00215057539754,-0.000598349724896,-0.00121838017367,0.0029768163804,-0.00330813392065],[0.000345142616425,-0.00165118672885,-0.000051657185395,-0.0000174430642801,0.00688161561266,-0.00150733825285,0.00129000411835,-0.00253013940528,0.0019619257655,-0.0012850293424,-0.000497433997225,0.00136861705687,-0.00136677850969],[-0.000297501537716,0.00141508853994,-0.00103386689443,-0.000802533933893,-0.00150733825285,0.00926513038576,-0.00563908088952,-0.00000491252239954,0.000248713564361,-0.00108624435961,0.00428527314216,-0.0057088509202,0.00433495873585],[0.000549599761143,-0.000772570958361,0.0013512680307,-0.00140184361953,0.00129000411835,-0.00563908088952,0.013995715417,-0.00452303048223,0.000824725604616,0.00462031830102,-0.00693440530449,0.0060601728037,-0.00369569240138],[-0.000298082071822,0.000236469510128,0.0000894015101949,0.000942702172324,-0.00253013940528,-0.00000491252239954,-0.00452303048223,0.0133172096685,-0.00490885786712,-0.00334102031775,0.00688437698409,-0.00579996965826,0.00375119177625],[0.000478311616462,-0.0016732790973,-0.000266992981778,-0.00215057539754,0.0019619257655,0.000248713564361,0.000824725604616,-0.00490885786712,0.0198394916952,-0.00850507803261,0.00142193189822,0.00215908163227,-0.00106521043926],[-0.000351509836037,0.00307573145255,-0.000440574483946,-0.000598349724896,-0.0012850293424,-0.00108624435961,0.00462031830102,-0.00334102031775,-0.00850507803261,0.0253902841359,-0.0155627429485,0.0064551779069,-0.00225643068552],[0.000231011770666,-0.00243754312396,0.00169971643481,-0.00121838017367,-0.000497433997225,0.00428527314216,-0.00693440530449,0.00688437698409,0.00142193189822,-0.0155627429485,0.0320640616119,-0.0190860535949,0.00785296130925],[-0.000425747857662,0.00229000439867,-0.0021332250908,0.0029768163804,0.00136861705687,-0.0057088509202,0.0060601728037,-0.00579996965826,0.00215908163227,0.0064551779069,-0.0190860535949,0.0331565514207,-0.014975618571],[0.000362405204214,-0.000622459396254,0.00284150266089,-0.00330813392065,-0.00136677850969,0.00433495873585,-0.00369569240138,0.00375119177625,-0.00106521043926,-0.00225643068552,0.00785296130925,-0.014975618571,0.0277400370687]],"mean":[5.70364713669,78.42943573,-108.718048096,33.9637374878,-48.0276260376,-0.130123212934,-40.0741767883,8.56223011017,-25.2704353333,-5.47172212601,-20.6454925537,-2.69821667671,-13.5474910736]},"hfc":{"dmean":6.22377443314,"dmean2":9.13408088684,"dvar":79.1748504639,"dvar2":171.118438721,"max":121.203491211,"mean":27.2307548523,"median":23.6901683807,"min":1.08067566992e-16,"var":398.414886475},"melbands":{"dmean":[0.000499893212691,0.000697727897204,0.0011151424842,0.000745154335164,0.000282364664599,0.000190916834981,0.000173671563971,0.0000926652792259,0.0000730462415959,0.000078204786405,0.0000743598284316,0.0000866330301506,0.0000468795878987,0.0000233729606407,0.0000344899381162,0.0000203237323149,0.0000244968214247,0.000029793343856,0.0000162131818797,0.0000140821630339,0.0000218932127609,0.0000263496931439,0.0000213225212065,0.0000142178905662,0.0000121918810692,0.0000100588895293,0.00000707676554157,0.00000486291537527,0.00000376212665287,0.00000318123306897,0.00000384765507988,0.00000306587912746,0.00000328260261995,0.00000307142158817,0.00000248640571954,0.00000149348682044,0.00000128102590224,0.00000122694223137,9.2373767302e-7,7.3828209679e-7],"dmean2":[0.000802415655926,0.00116902159061,0.00191976793576,0.0012816679664,0.000461427145638,0.000305967929307,0.000282148801489,0.000148752660607,0.000117750227218,0.000125694306917,0.000119153759442,0.000141702257679,0.0000770349070081,0.0000376371499442,0.000057687258959,0.0000336550474458,0.0000404528873332,0.000049424921599,0.0000271864410024,0.0000232888269238,0.0000368327346223,0.0000433821987826,0.0000354176991095,0.000023597100153,0.00002036954902,0.0000166998233908,0.0000116463625091,0.00000792865375843,0.00000612758549323,0.00000519808327226,0.00000628690077065,0.0000049976970331,0.00000533092907062,0.0000049242271416,0.00000392221591028,0.00000231503827308,0.00000191226217794,0.00000184989733043,0.00000137682775403,0.00000108287906642],"dvar":[0.00000113483486075,0.00000124541679725,0.0000042338951971,0.00000272348347607,2.36588277858e-7,1.32510038497e-7,1.39010779776e-7,3.57034153353e-8,3.22310640399e-8,3.37796528527e-8,3.50966828933e-8,8.34245241776e-8,3.1282137769e-8,6.90235957279e-9,1.39507188024e-8,2.66581845487e-9,4.58388216273e-9,4.83170303767e-9,1.64700486582e-9,1.04701769477e-9,2.56479326666e-9,4.03412681038e-9,1.70747183059e-9,1.02858366269e-9,3.6625469324e-10,3.12023962223e-10,1.83396423048e-10,7.70254346416e-11,5.38136375738e-11,3.6231843914e-11,4.92254362272e-11,2.7251053844e-11,3.85626808264e-11,3.71302641411e-11,1.6788324203e-11,7.1772813387e-12,4.38925762056e-12,4.18203145724e-12,2.39305623928e-12,1.58752004598e-12],"dvar2":[0.0000026416964829,0.00000339521284332,0.0000117652580229,0.00000739303686714,6.07982713063e-7,3.25812607116e-7,3.48984599441e-7,9.11301043516e-8,8.18111161038e-8,8.59881481574e-8,8.96975009823e-8,2.21403325895e-7,8.38999909547e-8,1.6372398548e-8,3.74878332821e-8,7.15367631798e-9,1.19826326639e-8,1.27282264728e-8,4.52323378752e-9,2.61770916055e-9,6.96750968032e-9,9.82037740016e-9,4.25484092403e-9,2.87698176393e-9,9.79731407114e-10,8.1555778797e-10,4.61332916313e-10,1.93497246004e-10,1.41191919267e-10,9.38500457903e-11,1.28918833942e-10,6.96599861127e-11,9.9802888176e-11,9.5658168886e-11,4.12430679886e-11,1.69293086494e-11,9.57402213064e-12,9.65548301035e-12,5.55728726925e-12,3.50876099009e-12],"max":[0.0167330913246,0.0192357376218,0.0348113626242,0.02075278759,0.0098047265783,0.0121103106067,0.0116453664377,0.00489597162232,0.00394967617467,0.00448668794706,0.00446140253916,0.00686523178592,0.0053865914233,0.00303923827596,0.003657824127,0.00122830842156,0.00170144205913,0.00174784951378,0.000859077146742,0.00102832424454,0.00238146167248,0.00196803919971,0.000897021847777,0.00130562938284,0.000523895490915,0.000451694621006,0.000381231016945,0.000222304966883,0.000156786467414,0.000200487163966,0.000130818239995,0.0000815417515696,0.000133669323986,0.000165426958119,0.0000907199428184,0.0000574338810111,0.0000418547242589,0.0000526798066858,0.0000305474131892,0.0000268662970484],"mean":[0.0007058653282,0.00124293507542,0.00165082595777,0.000958848395385,0.000480015471112,0.000339144142345,0.000271759810857,0.000157342277816,0.000122806624859,0.000126918544993,0.000121798664622,0.000128670988488,0.0000702026809449,0.0000364953593817,0.0000490476450068,0.0000317634585372,0.0000377530741389,0.0000486899552925,0.0000270714135695,0.0000246279960265,0.0000389539090975,0.0000477608045912,0.0000386558676837,0.0000253569924098,0.000023590917408,0.0000202756218641,0.000014803286831,0.0000107146570372,0.00000848269974085,0.00000698266467225,0.00000823909340397,0.00000689446960678,0.00000736961010261,0.00000679038703311,0.00000549315154785,0.00000351537755705,0.00000300173087453,0.00000271085764325,0.00000206625622923,0.00000171796295945],"median":[0.000351645430783,0.000882011605427,0.00114541500807,0.000580480962526,0.000286279799184,0.000183916956303,0.000128993255203,0.0000921366518014,0.0000592016913288,0.0000650302827125,0.0000618108751951,0.0000355387783202,0.0000195542270376,0.0000128622914417,0.0000189855563804,0.0000143089891935,0.0000182443218364,0.000029315100619,0.0000142980479723,0.0000133805124278,0.0000260840897681,0.000028149524951,0.0000256781731878,0.000015524601622,0.0000172615891643,0.0000137586312121,0.00000702777560946,0.00000551634457224,0.00000391390267396,0.00000335733170687,0.00000292561867354,0.00000301983800455,0.00000288490286948,0.0000025164915769,0.00000266901156465,0.00000147703076436,0.00000159384717335,0.00000150272944666,0.00000114824774755,0.00000100085389931],"min":[1.07280586603e-24,8.09911757084e-25,1.37265534737e-24,2.89911608872e-24,1.71567681947e-24,2.90809845342e-24,2.42473537223e-24,2.92638365756e-24,3.1731470401e-24,2.49523094095e-24,2.63369693463e-24,3.41924896278e-24,4.36460015008e-24,3.55166321003e-24,3.23389287968e-24,1.92018092333e-24,4.44006771187e-24,4.43611354658e-24,3.78311302747e-24,3.64400411215e-24,3.89234265271e-24,3.9882385565e-24,5.30118472613e-24,4.49517398483e-24,4.65783237032e-24,5.66194225657e-24,5.26028583807e-24,5.24300544551e-24,5.22220712774e-24,5.95461832988e-24,6.48565069785e-24,5.59817429087e-24,5.89545060654e-24,5.40063918146e-24,6.4470458173e-24,6.34612368625e-24,4.87388993378e-24,7.04795390654e-24,6.96628234816e-24,6.15360257676e-24],"var":[0.00000137748861562,0.00000202688079298,0.00000421347294832,0.00000226436736739,4.32678717743e-7,2.97486366208e-7,2.54493187413e-7,6.2131803702e-8,5.5317723735e-8,5.54289449894e-8,5.42962048655e-8,1.41067815207e-7,5.47561818109e-8,1.16446612353e-8,1.84386905744e-8,4.21248547156e-9,6.66284005746e-9,6.73938460594e-9,2.35339769894e-9,1.83739257142e-9,3.03881586561e-9,7.88006104813e-9,2.77719447439e-9,1.42268963277e-9,6.51212583858e-10,5.37213773466e-10,4.83970308274e-10,1.97351981979e-10,1.2024804763e-10,7.87752502118e-11,1.43886513815e-10,8.40192637686e-11,1.21304480349e-10,1.09235544221e-10,5.34245495065e-11,2.51199408496e-11,1.47893034624e-11,1.11519890544e-11,6.42010012861e-12,4.03092706783e-12]},"melbands_crest":{"dmean":3.26885271072,"dmean2":5.49924564362,"dvar":7.8773560524,"dvar2":21.952796936,"max":32.7593269348,"mean":12.7757883072,"median":12.1518754959,"min":1.77406513691,"var":19.5592193604},"melbands_flatness_db":{"dmean":0.0232953801751,"dmean2":0.0368824712932,"dvar":0.000465093937237,"dvar2":0.00119219277985,"max":0.578084409237,"mean":0.176777288318,"median":0.156727552414,"min":0.00400213059038,"var":0.00758627336472},"melbands_kurtosis":{"dmean":5.70421218872,"dmean2":9.28450298309,"dvar":68.6469802856,"dvar2":180.949966431,"max":230.991897583,"mean":11.3511600494,"median":7.42002630234,"min":-1.87348401546,"var":183.185699463},"melbands_skewness":{"dmean":0.685706436634,"dmean2":1.0976678133,"dvar":0.44601598382,"dvar2":1.13707852364,"max":10.9926586151,"mean":2.71204185486,"median":2.57615542412,"min":-1.42980122566,"var":1.86163139343},"melbands_spread":{"dmean":8.473320961,"dmean2":13.5364875793,"dvar":95.4923095703,"dvar2":223.439819336,"max":261.176208496,"mean":31.0456733704,"median":28.217748642,"min":0.497709214687,"var":445.692260742},"mfcc":{"cov":[[12724.5390625,-2366.22241211,355.860229492,299.39163208,-121.554924011,538.293762207,47.991153717,198.493453979,-42.6212005615,118.325256348,173.233657837,109.529914856,277.982025146],[-2366.22241211,2299.27587891,-898.480163574,206.618927002,78.7696609497,-349.712768555,30.3372516632,-104.615585327,-3.36838269234,-29.2170696259,-87.0800323486,-13.8155431747,-108.310585022],[355.860229492,-898.480163574,1121.00366211,-168.659896851,102.334037781,194.493408203,-61.0059204102,101.639213562,0.542500138283,2.94285821915,58.6451263428,-0.813871324062,43.7999458313],[299.39163208,206.618927002,-168.659896851,331.43447876,10.3369579315,-4.64303398132,11.2927894592,-41.3368759155,23.5023975372,49.1980018616,-10.6012973785,14.6934528351,14.7846832275],[-121.554924011,78.7696609497,102.334037781,10.3369579315,178.889404297,13.0563564301,-2.94119930267,13.0997571945,17.666847229,11.3182506561,13.9146928787,3.96486878395,4.16606521606],[538.293762207,-349.712768555,194.493408203,-4.64303398132,13.0563564301,175.401092529,38.6032485962,42.6935005188,8.19045639038,17.4641780853,17.4963111877,2.31532549858,21.2542629242],[47.991153717,30.3372516632,-61.0059204102,11.2927894592,-2.94119930267,38.6032485962,117.451065063,51.1627578735,13.8520898819,11.5374536514,9.45314884186,0.738691270351,-0.520816504955],[198.493453979,-104.615585327,101.639213562,-41.3368759155,13.0997571945,42.6935005188,51.1627578735,120.186248779,39.1816520691,11.9208364487,20.8969078064,-4.73498773575,1.35436058044],[-42.6212005615,-3.36838269234,0.542500138283,23.5023975372,17.666847229,8.19045639038,13.8520898819,39.1816520691,82.4088821411,45.2655830383,6.50775241852,-4.52601051331,-4.073117733],[118.325256348,-29.2170696259,2.94285821915,49.1980018616,11.3182506561,17.4641780853,11.5374536514,11.9208364487,45.2655830383,81.3476333618,31.9976348877,5.28200483322,3.37900853157],[173.233657837,-87.0800323486,58.6451263428,-10.6012973785,13.9146928787,17.4963111877,9.45314884186,20.8969078064,6.50775241852,31.9976348877,74.7898483276,30.0989990234,8.93524551392],[109.529914856,-13.8155431747,-0.813871324062,14.6934528351,3.96486878395,2.31532549858,0.738691270351,-4.73498773575,-4.52601051331,5.28200483322,30.0989990234,62.6325569153,28.8072853088],[277.982025146,-108.310585022,43.7999458313,14.7846832275,4.16606521606,21.2542629242,-0.520816504955,1.35436058044,-4.073117733,3.37900853157,8.93524551392,28.8072853088,71.3746948242]],"icov":[[0.000125432663481,0.000133432913572,0.000131278298795,-0.000188182428246,-0.00000709804817234,-0.000192361403606,0.000196169916308,-0.000353726907633,0.000325102097122,-0.0000846462571644,-0.000121203738672,0.0000323722379107,-0.000237109969021],[0.000133432913572,0.00110113434494,0.000603843422141,-0.000534288759809,-0.000871016643941,0.00118600169662,-0.000280540203676,-0.000476986024296,0.000621005543508,-0.0000829023847473,0.000542348250747,-0.000427968072472,0.000740272167604],[0.000131278298795,0.000603843422141,0.00198079505935,0.00017706345534,-0.00112247117795,-0.00123606645502,0.0018722062232,-0.00175094022416,0.00100972410291,-0.000104946171632,-0.000519793946296,0.000358156859875,-0.000383583741495],[-0.000188182428246,-0.000534288759809,0.00017706345534,0.00447283824906,-0.000197489571292,-0.000667602173053,-0.000503765884787,0.00188894034363,-0.000761336530559,-0.00286391144618,0.001825514948,-0.00103703630157,-0.000660069345031],[-0.00000709804817234,-0.000871016643941,-0.00112247117795,-0.000197489571292,0.00693240948021,-0.000871676718816,0.000206593860639,0.000445858109742,-0.00187407550402,0.00065235880902,-0.00156854267698,0.000420700962422,-0.000827675219625],[-0.000192361403606,0.00118600169662,-0.00123606645502,-0.000667602173053,-0.000871676718816,0.0110232736915,-0.00446428358555,-0.000107369931357,0.000692634668667,-0.00140259542968,0.00147463695612,-0.000193731146283,0.000183046999155],[0.000196169916308,-0.000280540203676,0.0018722062232,-0.000503765884787,0.000206593860639,-0.00446428358555,0.0140651511028,-0.0072972853668,0.00241992343217,-0.0012036934495,-0.000683835416567,-0.0000506776304974,-0.000374709343305],[-0.000353726907633,-0.000476986024296,-0.00175094022416,0.00188894034363,0.000445858109742,-0.000107369931357,-0.0072972853668,0.0173365511,-0.0100159514695,0.00480155926198,-0.00420838221908,0.00245202099904,-0.000300931511447],[0.000325102097122,0.000621005543508,0.00100972410291,-0.000761336530559,-0.00187407550402,0.000692634668667,0.00241992343217,-0.0100159514695,0.0248958989978,-0.0149296727031,0.00644560903311,-0.00155819999054,0.00127463461831],[-0.0000846462571644,-0.0000829023847473,-0.000104946171632,-0.00286391144618,0.00065235880902,-0.00140259542968,-0.0012036934495,0.00480155926198,-0.0149296727031,0.0270647481084,-0.0132594611496,0.00477860728279,-0.00126083171926],[-0.000121203738672,0.000542348250747,-0.000519793946296,0.001825514948,-0.00156854267698,0.00147463695612,-0.000683835416567,-0.00420838221908,0.00644560903311,-0.0132594611496,0.0260902605951,-0.0131654227152,0.00400621537119],[0.0000323722379107,-0.000427968072472,0.000358156859875,-0.00103703630157,0.000420700962422,-0.000193731146283,-0.0000506776304974,0.00245202099904,-0.00155819999054,0.00477860728279,-0.0131654227152,0.0267607513815,-0.0102620646358],[-0.000237109969021,0.000740272167604,-0.000383583741495,-0.000660069345031,-0.000827675219625,0.000183046999155,-0.000374709343305,-0.000300931511447,0.00127463461831,-0.00126083171926,0.00400621537119,-0.0102620646358,0.0201990269125]],"mean":[-633.064086914,108.240028381,-0.112129740417,31.1287536621,9.63960170746,-3.52756810188,-3.64819407463,4.34447383881,-1.65299344063,-1.61697554588,-2.52208900452,-5.09541130066,-6.90613603592]},"pitch_salience":{"dmean":0.0707569271326,"dmean2":0.118703946471,"dvar":0.00406260974705,"dvar2":0.0114813568071,"max":0.967847824097,"mean":0.625230193138,"median":0.642614006996,"min":0.0899887084961,"var":0.0105756297708},"silence_rate_20dB":{"dmean":0,"dmean2":0,"dvar":0,"dvar2":0,"max":1,"mean":1,"median":1,"min":1,"var":0},"silence_rate_30dB":{"dmean":0.000912741874345,"dmean2":0.00182565033901,"dvar":0.0009119118331,"dvar2":0.00273529160768,"max":1,"mean":0.99954366684,"median":1,"min":0,"var":0.000456056382973},"silence_rate_60dB":{"dmean":0.0120481923223,"dmean2":0.0240985844284,"dvar":0.0119031434879,"dvar2":0.0288114398718,"max":1,"mean":0.0665328130126,"median":0,"min":0,"var":0.06210462749},"spectral_centroid":{"dmean":259.573822021,"dmean2":419.009033203,"dvar":73881.8671875,"dvar2":175117.359375,"max":11926.0244141,"mean":1667.86523438,"median":1649.11804199,"min":151.558898926,"var":739586.5625},"spectral_complexity":{"dmean":4.07064628601,"dmean2":6.26745796204,"dvar":18.1661529541,"dvar2":36.40234375,"max":64,"mean":26.2217769623,"median":27,"min":0,"var":152.800613403},"spectral_contrast_coeffs":{"dmean":[0.0552664101124,0.0461104959249,0.0388858616352,0.0280502531677,0.0204630102962,0.015032353811],"dmean2":[0.0922201797366,0.0767859742045,0.0635267645121,0.0467121116817,0.0340212285519,0.0246630609035],"dvar":[0.0021626567468,0.00140797742642,0.000974205147941,0.000533974787686,0.000297973398119,0.000188019053894],"dvar2":[0.0058445376344,0.00382345030084,0.00264821201563,0.00144088373054,0.000772907747887,0.000464338401798],"max":[-0.290382236242,-0.462807774544,-0.497004777193,-0.562813937664,-0.59825772047,-0.598930239677],"mean":[-0.613510549068,-0.754727900028,-0.774799644947,-0.806278884411,-0.788825511932,-0.765585541725],"median":[-0.618113458157,-0.760141909122,-0.779473900795,-0.811819791794,-0.791027724743,-0.764971554279],"min":[-0.97730910778,-0.997920393944,-0.989032685757,-0.970151603222,-0.970492184162,-0.964024722576],"var":[0.00641464395449,0.00449039926752,0.00336876488291,0.00197527604178,0.00133430946153,0.00233647669666]},"spectral_contrast_valleys":{"dmean":[0.391413271427,0.322016239166,0.289417356253,0.23646683991,0.182376220822,0.2133423388],"dmean2":[0.643011033535,0.527391433716,0.467850625515,0.375485867262,0.284568727016,0.284191548824],"dvar":[0.129773035645,0.0916645973921,0.078848823905,0.0622598603368,0.0570724494755,0.100235179067],"dvar2":[0.294053167105,0.200058057904,0.159432724118,0.115720570087,0.098351329565,0.171941563487],"max":[-5.31858634949,-4.82833480835,-5.27040481567,-5.68678474426,-5.50076961517,-7.80985975266],"mean":[-7.36608743668,-6.6981511116,-7.44515562057,-7.56472873688,-7.24173736572,-10.0634698868],"median":[-6.9505314827,-6.44840526581,-7.1910700798,-7.22779893875,-6.83757257462,-9.2529592514],"min":[-27.9377307892,-27.9433460236,-27.5819282532,-27.5767993927,-27.4172115326,-27.3736495972],"var":[2.91830801964,2.52388048172,2.55947494507,2.68398952484,3.25609850883,4.62673091888]},"spectral_decrease":{"dmean":1.9928627637e-9,"dmean2":3.19698578721e-9,"dvar":9.32731671129e-18,"dvar2":2.28890735486e-17,"max":2.05566178915e-28,"mean":-6.01060223815e-9,"median":-5.53272760939e-9,"min":-4.34525091464e-8,"var":1.77647839525e-17},"spectral_energy":{"dmean":0.00783810950816,"dmean2":0.0125242788345,"dvar":0.000143773737364,"dvar2":0.000349280424416,"max":0.169574245811,"mean":0.0251553356647,"median":0.0233817063272,"min":9.9293363248e-21,"var":0.000294877507258},"spectral_energyband_high":{"dmean":0.000497989589348,"dmean2":0.000684568309225,"dvar":6.32421688351e-7,"dvar2":0.00000136609855872,"max":0.013295955956,"mean":0.0017073370982,"median":0.00105189322494,"min":7.05586354977e-21,"var":0.00000347486798091},"spectral_energyband_low":{"dmean":0.0035760437604,"dmean2":0.00580751197413,"dvar":0.0000290319476335,"dvar2":0.0000707346553099,"max":0.0840399339795,"mean":0.00728465849534,"median":0.00586059689522,"min":1.24450317754e-23,"var":0.0000544445465493},"spectral_energyband_middle_high":{"dmean":0.0017690215027,"dmean2":0.00281473784707,"dvar":0.00000907195044419,"dvar2":0.0000232621478062,"max":0.0646279975772,"mean":0.00554991560057,"median":0.00411305110902,"min":1.31167126312e-21,"var":0.0000295504942187},"spectral_energyband_middle_low":{"dmean":0.00568501744419,"dmean2":0.00934061594307,"dvar":0.00010462559294,"dvar2":0.000270578369964,"max":0.153451055288,"mean":0.0123570691794,"median":0.009765249677,"min":1.43441140617e-22,"var":0.000136554066557},"spectral_entropy":{"dmean":0.11609711498,"dmean2":0.177347496152,"dvar":0.0148928761482,"dvar2":0.0335860401392,"max":9.82092380524,"mean":7.76897382736,"median":7.91845417023,"min":4.97137308121,"var":0.327367603779},"spectral_flux":{"dmean":0.0189899466932,"dmean2":0.0299627687782,"dvar":0.000594673736487,"dvar2":0.00127457338385,"max":0.343555659056,"mean":0.0850309729576,"median":0.0817678049207,"min":6.51542708674e-11,"var":0.00186509639025},"spectral_kurtosis":{"dmean":2.01484370232,"dmean2":3.48207473755,"dvar":23.8050289154,"dvar2":74.6147155762,"max":112.876541138,"mean":5.81396102905,"median":2.96270775795,"min":-1.26271224022,"var":100.827568054},"spectral_rms":{"dmean":0.000694479269441,"dmean2":0.00109352148138,"dvar":7.20991863545e-7,"dvar2":0.00000166571112459,"max":0.0128622818738,"mean":0.00462319748476,"median":0.0047761304304,"min":3.11241982708e-12,"var":0.0000031678303003},"spectral_rolloff":{"dmean":653.648071289,"dmean2":1069.79650879,"dvar":768255.75,"dvar2":1692367.875,"max":20068.9453125,"mean":2287.58007813,"median":2110.25390625,"min":107.666015625,"var":4379216.5},"spectral_skewness":{"dmean":0.200706228614,"dmean2":0.335613757372,"dvar":0.0990282818675,"dvar2":0.304049491882,"max":7.97242689133,"mean":1.47907173634,"median":1.2863304615,"min":-0.0833940729499,"var":0.74289560318},"spectral_spread":{"dmean":459561.03125,"dmean2":636966.25,"dvar":475286831104,"dvar2":837461868544,"max":42610040,"mean":5024547.5,"median":5192520.5,"min":692634.1875,"var":8106409984000},"spectral_strongpeak":{"dmean":0.492413580418,"dmean2":0.840418815613,"dvar":0.874817550182,"dvar2":2.25036120415,"max":15.3944482803,"mean":0.696761012077,"median":0.343713402748,"min":0,"var":1.20399904251},"zerocrossingrate":{"dmean":0.0114408722147,"dmean2":0.0134482150897,"dvar":0.000168685990502,"dvar2":0.000229779383517,"max":0.52001953125,"mean":0.0867972150445,"median":0.0810546875,"min":0.00537109375,"var":0.00269998353906}},"metadata":{"audio_properties":{"analysis_sample_rate":44100,"bit_rate":320033,"codec":"mp3","downmix":"mix","equal_loudness":0,"length":254.380401611,"lossless":false,"md5_encoded":"9d7ec3d97c7f35c7ae5aeea5ad3c1f07","replay_gain":-13.88189888,"sample_rate":44100},"tags":{"acoustid_fingerprint":["AQADtJmeMErEQJ8u-Ec-RcefMMiP5tCE51aQLzns40kP70eeKD1UH07iB7md4nKxMQJ7nMZk0Wic40PIHmUONQ_O4-hTRMrx6EbWv4KaRkeYaOHRHuzxZTkaHqW2YD-SLynS5A-uC89zNMf0LLiRhUeyOHrwPGjCg-mILlLwHpcOPxLCI3ke_Ame5agyEU3a4PjBEmEV5tCZD7FUWBOPisIR5kHPBzqqHM6kHSVr3CgHk4cm6Uac3pi8Y8pCJVVwHrzRY1sWlG-QfEecHc2eZ6iUW_iDG80xPVmOPEZy6cF3oUn7oEq05fh2zD_Ko1mcIHkSRFdOVE3RPMWT4xmaD4yeIz9-nNAeNL_wF98RPoV_MObxlEkRyjkeiD5KCdeOFnyUGV51VCbU_BnKYMrEB31ow53Q40l-qGquDNchesebHLmGK8MT5gquB3t-lBKPhpzBXrh02Bau5Cirw5eO-NCiI1bG44W7HXxuXDgeHaMk4skR5tBIDRfM0UeuLcUehNYFh8qMvjk-4mKEnRZCK4uFKVsO9PHhMcOzZziP66AqpuiD57iP50iWT0ckH8_x5JgkiTn8HOVCPD34tEE7xnDo4zsoS0LJhzjCTGJQmcdZGlr0HD8u4kuOPtLxIz8YK5GFZklS8C_6iULz4xlTEbMf7IefHMnZ40ou5A_-I40efNLxB1lKNJOKr3iiXEi3LHiK50HPo3GyhFCVXMWPJp9RPsGPNspyeMsH1zGmZyfCTEfL4bMTrI1iVDSaZynY7PiRnDe8LsezCz-D5iiXLNBnypC6B32UE83IBH-K_2jcnOh3XMjLoYnkoEsu9BnB0ziaJ0eufHi0QyfCh2CSjcXzcPgJphGDZtqOC4lyHWF68MWPkw58pfhS_MjyQ6URFsOPhvLR4zryow-84fvxJ_BeTHPwqmiJVEc_sAt-TG_hp7jQLGtx5siTQ-NvNAyv4PuCn3ASGXdyXDKD6EejbQEjZTR-nIYnBx_uC1HTC6XEQ-QzoVYu4W2MMFdkTI2OfgmaScF39MlhRjyoG5OOEx414yr2GaGVCFoc5kSeXHiPz0bjFMxnGR9G82iuOHiOZokYfEWeG_cDLWJz9Dli6miW5SjlRUJONP4wPTreGM2EUD7xJpJR6aCaZMZMHB6j4wkTBj5CPtBz_MFnQ9x8KI8yXLqE_I8GKlJS3Dj6pWiiDp9-vC7S416hZf8w-iGm6Mc3KUc7Es3DIxfawZOiwFdCcM7xTEcfWsS7GMlzhA-Y1BnOHs_RK9rgx3heRAuVE_p64Q_yF79wHccuGH3BLjseFVN84XLgU4WfIzx0PciPNxTxoK-xrehDIz9oh8a9Qz_OH805QTPKnzCr4wl3ODLa-PgdaHGO6cEfPHli6MYXKUX441SKB84fdNGLpJNrRD6YnEE_zNOOR9PR7DH8IDQVJMu6o4xyBT8Z_GheTE-U45Ca7Lhe3GFFMEofNMf84jleeIyO5C0ipX5Q7nge_EejB30ycBaSHiF7WIL3g_lR8ULz40EOhUm2WUQpJYfzC31YFfvxSMcPJlaOfsETBU-PK3kT47fwHtsjfHjx6MaVRUd9pCZu