{"lowlevel":{"average_loudness":0.869679331779,"barkbands":{"dmean":[0.000396201445255,0.00662117311731,0.00477013271302,0.00351021322422,0.0022735807579,0.00073368626181,0.00066562538268,0.00129203661345,0.000908862682991,0.000907015695702,0.000298909697449,0.000467268982902,0.000273588171694,0.000259373948211,0.000265193695668,0.000199034649995,0.000127785941004,0.000173569598701,0.000121745528304,0.000157882692292,0.000119869262562,0.00014313198335,0.000123226782307,0.0000596797945036,0.0000162031228683,0.00000600205248702,0.00000215389081859],"dmean2":[0.000653116847388,0.00939577817917,0.00823395140469,0.0060848579742,0.00386351300403,0.00118596304674,0.00105781923048,0.00207713572308,0.00136244494934,0.00150880950969,0.000478307862068,0.00076498585986,0.000452925625723,0.000437829847215,0.000440148229245,0.000327277259203,0.000205078409635,0.000281470507616,0.00019358289137,0.000234762381297,0.000158225389896,0.000179338807357,0.000158882903634,0.0000892589159776,0.0000255549148278,0.00000972706948232,0.00000365839946426],"dvar":[0.00000107283995021,0.000189906961168,0.000154557274072,0.000102305173641,0.0000245424689638,0.00000158544935402,0.00000227484611059,0.00000833342255646,0.00000532251806362,0.00000622440256848,9.48269246237e-7,0.0000021778100745,5.69345559143e-7,3.88200049883e-7,5.1774060239e-7,2.83852671146e-7,8.34416908901e-8,1.19897649142e-7,5.35132400614e-8,8.65431388775e-8,6.03628294016e-8,9.94709168367e-8,6.72233539945e-8,2.30599930262e-8,1.39223199636e-9,1.62518262736e-10,1.85624935561e-11],"dvar2":[0.00000269223073701,0.000332419411279,0.00040785750025,0.000261291192146,0.0000683960388415,0.00000394194648834,0.00000560366470381,0.0000204430616577,0.0000123347144836,0.0000163871536643,0.0000026076982067,0.00000547972194909,0.0000014671562667,0.00000101355408333,0.00000137265692501,7.22758727534e-7,1.94244876184e-7,3.14055029094e-7,1.32848214207e-7,1.94501154738e-7,9.72534834887e-8,1.48972944203e-7,1.04293278014e-7,4.76458410503e-8,2.91119106599e-9,3.59383495185e-10,5.00705067685e-11],"max":[0.0136263892055,0.143052771688,0.112795948982,0.1225489676,0.0778049007058,0.0291285309941,0.0537210293114,0.0657640919089,0.0587164722383,0.0683106258512,0.0529841668904,0.0503224097192,0.0247367676347,0.0166653152555,0.0206828583032,0.017671007663,0.00984294619411,0.00771512277424,0.00518173770979,0.00623063044623,0.00440700026229,0.0057796984911,0.0070602404885,0.00684740301222,0.00139798293822,0.000488086428959,0.000112955058285],"mean":[0.000492852297612,0.0122588146478,0.00570667767897,0.00356204132549,0.00319252256304,0.00126222020481,0.00103013473563,0.00177874439396,0.00149377400521,0.00126877229195,0.000444824283477,0.000643771665636,0.000395733019104,0.000344300409779,0.000364411971532,0.00030523337773,0.000214729880099,0.000292337470455,0.000214258485357,0.000288005598122,0.000195999949938,0.000227529948461,0.000204030046007,0.0000873157332535,0.000021308873329,0.00000909017035156,0.00000392988886233],"median":[0.000121411227155,0.0056078620255,0.00192792108282,0.00112649798393,0.00181035371497,0.000664929044433,0.000484658783535,0.000688546453603,0.000526602962054,0.000422119686846,0.000165566336364,0.0002079566475,0.000145082885865,0.00013457237219,0.000130817032186,0.000123332545627,0.0000939673918765,0.000144503370393,0.00010094314348,0.000108926484245,0.0000430831642007,0.0000265208036581,0.000028543319786,0.0000164565171872,0.00000812437065179,0.00000170367275132,2.04341574772e-7],"min":[3.89721994303e-23,6.53763994472e-23,1.21027931492e-23,1.49152629254e-23,6.00567380209e-23,8.41950991707e-23,2.4771303697e-23,3.44316359667e-23,8.0858305894e-23,4.24528430707e-23,1.76583231972e-22,6.85069592397e-23,8.59296086638e-23,1.11307756234e-22,8.34976893325e-23,2.24661325407e-22,2.61589330641e-22,1.74718352171e-22,3.17399359041e-22,2.49896796438e-22,5.61682394085e-22,6.09969870137e-22,7.51093627715e-22,7.30056916183e-22,1.09840982346e-21,1.64916418422e-21,2.53342581262e-21],"var":[0.00000123606412217,0.000404884456657,0.000129979700432,0.0000834275997477,0.0000228962580877,0.00000377035098609,0.00000359102068614,0.0000122818510135,0.00000873921544553,0.00000944187922869,0.00000120881168186,0.00000281887150777,8.46719728997e-7,4.91790558499e-7,7.01013732396e-7,4.23648970127e-7,1.74089748839e-7,2.07720319167e-7,1.06259150812e-7,2.16577006995e-7,1.73002575821e-7,3.01886871057e-7,2.16139682152e-7,5.84582160457e-8,2.92826207726e-9,3.6082883903e-10,5.32659125141e-11]},"barkbands_crest":{"dmean":2.74473690987,"dmean2":4.2315826416,"dvar":7.31543684006,"dvar2":15.0687456131,"max":26.777097702,"mean":11.2280626297,"median":10.0496139526,"min":2.31063866615,"var":24.6245937347},"barkbands_flatness_db":{"dmean":0.0315856188536,"dmean2":0.0442466586828,"dvar":0.001197027741,"dvar2":0.00245317700319,"max":0.739631950855,"mean":0.173204809427,"median":0.146176964045,"min":0.0275625828654,"var":0.00881316605955},"barkbands_kurtosis":{"dmean":8.22539997101,"dmean2":12.6052970886,"dvar":1377.37390137,"dvar2":3518.43432617,"max":2195.17895508,"mean":10.7627267838,"median":2.97808814049,"min":-1.90182125568,"var":1508.51147461},"barkbands_skewness":{"dmean":0.821252882481,"dmean2":1.21423685551,"dvar":1.45413303375,"dvar2":3.09451436996,"max":39.9359092712,"mean":2.07951498032,"median":1.64265727997,"min":-4.74515247345,"var":3.6019525528},"barkbands_spread":{"dmean":6.01949453354,"dmean2":8.93641376495,"dvar":67.5539627075,"dvar2":128.950897217,"max":132.168182373,"mean":18.7676143646,"median":15.5023670197,"min":0.0590150617063,"var":256.213409424},"dissonance":{"dmean":0.0240745954216,"dmean2":0.0402756743133,"dvar":0.00066934368806,"dvar2":0.00176627072506,"max":0.500000059605,"mean":0.45529332757,"median":0.467604458332,"min":0.100437857211,"var":0.00183327111881},"dynamic_complexity":3.98615479469,"erbbands":{"dmean":[0.249596834183,1.45907497406,4.29781723022,10.6118059158,7.63921642303,7.80855178833,8.761759758,6.0580124855,8.40075302124,16.280538559,24.79920578,19.135175705,28.1074810028,18.2696304321,15.7141971588,13.8957138062,12.9563970566,10.4291982651,14.1942167282,13.8930654526,9.90074539185,7.02308750153,9.43679237366,6.11748695374,6.9904127121,7.21218204498,5.09021043777,4.72168636322,5.02415800095,4.8523144722,3.26691246033,1.74634301662,0.724967777729,0.248330295086,0.0852341279387,0.0330629274249,0.00999283604324,0.00241814809851,0.000407024635933,0.0000352827773895],"dmean2":[0.332933753729,2.10887432098,7.28761053085,18.273393631,13.2952461243,13.3643465042,14.0008897781,9.71282863617,13.3658399582,25.9306869507,39.8543319702,28.8224697113,45.4415092468,30.1669216156,25.3459815979,22.5195789337,21.3405799866,17.4224491119,23.8514022827,22.7110729218,16.0855731964,11.1394414902,15.2796220779,9.72575569153,10.9226312637,10.6242103577,7.0151720047,6.04669618607,6.34836959839,6.21921157837,4.25574159622,2.49337744713,1.11490261555,0.3903901577,0.134556308389,0.0524465590715,0.0165184028447,0.00408249208704,0.000692124129273,0.0000572575736442],"dvar":[0.330399990082,9.35890865326,121.708824158,938.09185791,413.010162354,318.210540771,218.135848999,131.642959595,370.871185303,1340.58666992,2933.85009766,2105.13549805,5132.06738281,2531.68798828,2144.18457031,1635.77478027,1315.28747559,612.166992188,1228.0657959,1768.0916748,552.356262207,203.557373047,390.652374268,129.464782715,180.148880005,189.627761841,92.2698440552,110.997833252,130.040298462,116.010253906,45.8220100403,17.0494995117,3.6392147541,0.365785837173,0.0356011278927,0.00573671562597,0.00041901433724,0.0000212660470424,6.43668784051e-7,5.58318458133e-9],"dvar2":[0.540498793125,19.4633178711,317.951293945,2375.19091797,1137.74987793,881.438293457,522.928344727,319.677978516,901.129272461,3310.67626953,7343.61425781,4760.82861328,12964.8310547,6965.69091797,5400.12255859,3911.29907227,3370.85473633,1607.37133789,3254.61669922,4586.83691406,1347.52990723,486.935028076,1014.11151123,329.766052246,433.154907227,421.700927734,168.758087158,174.483596802,205.082504272,182.660568237,73.7485733032,33.3994979858,8.01362133026,0.787246406078,0.0752293244004,0.0116827012971,0.000992884626612,0.0000559814143344,0.00000178166840215,1.49289185458e-8],"max":[7.21212100983,34.5006980896,133.456359863,329.716949463,267.814300537,359.493347168,274.912353516,324.613616943,860.185546875,929.274353027,1378.18225098,1308.0645752,2107.69873047,1449.71447754,2154.27905273,1240.88183594,1300.02978516,828.622680664,1413.87731934,1273.18774414,700.614135742,330.14352417,510.242980957,261.888946533,359.171386719,345.980743408,158.958236694,184.623565674,188.119674683,210.975128174,181.928604126,181.844573975,77.4170150757,21.4352111816,6.84738779068,3.04061460495,0.901826441288,0.116238862276,0.0134736727923,0.003521225648],"mean":[0.405716866255,2.58595657349,5.49084281921,11.8039503098,8.98753738403,10.0487585068,13.4713897705,10.5997419357,13.7016906738,24.0645313263,36.3990745544,32.4382896423,42.0824508667,28.2107143402,24.1084938049,20.6141662598,19.3257408142,15.5784826279,20.0059738159,19.773273468,16.3436450958,12.6810054779,16.1107139587,11.1484384537,13.0029230118,13.411283493,8.70097064972,7.57712602615,7.89650583267,7.88716268539,5.3475728035,2.69030237198,1.00160861015,0.325654625893,0.113054081798,0.0470445975661,0.0148340668529,0.00399369094521,0.000698659801856,0.0000817977052066],"median":[0.1683729738,1.13846874237,2.4217634201,4.21160507202,3.92550134659,5.33140850067,6.76574993134,5.31951236725,7.12502527237,11.6516876221,16.4845542908,13.1327209473,17.1359214783,11.9327526093,10.2624740601,7.80569171906,7.28328847885,6.97793579102,8.58351230621,7.09994411469,7.15597915649,6.22208738327,7.812312603,5.85021400452,5.77491474152,5.06182193756,2.72626209259,1.24836885929,0.923761248589,0.959095239639,0.769455611706,0.436753451824,0.223504722118,0.113380163908,0.0382115319371,0.0111149325967,0.00233932677656,0.000398714095354,0.0000603533626418,0.0000481753231725],"min":[4.30795703407e-21,5.40816298652e-21,9.3457030493e-21,4.4415647168e-20,6.57837031e-20,2.41713884764e-19,3.97777094506e-19,8.31069912396e-19,4.78826887562e-19,6.53718821848e-19,9.21515598331e-19,1.58949165352e-18,1.27618531259e-18,3.92129725669e-18,5.64415813551e-18,3.16816192347e-18,3.64776103583e-18,6.37418886666e-18,4.01692305782e-18,9.7660185666e-18,1.20945617694e-17,1.37383193663e-17,9.8403208923e-18,1.93928127099e-17,1.0641451933e-17,1.08024030822e-17,2.43676985982e-17,1.86449835336e-17,1.76125529412e-17,2.14591115345e-17,2.1660728537e-17,1.94393052235e-17,1.06678150063e-17,1.14995550384e-17,8.03833357046e-18,5.95056196442e-18,3.49441374438e-18,1.25079727843e-18,3.5132798213e-19,3.70362655258e-20],"var":[0.62229269743,16.7250461578,104.640716553,787.252746582,341.415893555,275.201385498,397.366241455,335.130828857,582.255004883,1916.63037109,4213.83544922,3514.35668945,7548.05273438,3749.42138672,2884.0378418,2454.66113281,1947.89379883,917.297180176,1617.29504395,2317.17773438,972.901977539,448.795043945,681.182922363,250.918182373,416.404693604,474.912750244,249.86555481,317.398071289,374.228942871,344.972320557,145.332229614,48.8379707336,7.57473754883,0.727565228939,0.0753975212574,0.0134583348408,0.000814916158561,0.0000443397948402,0.0000015928336552,1.43060381319e-8]},"erbbands_crest":{"dmean":2.95610833168,"dmean2":4.8347158432,"dvar":8.26351642609,"dvar2":20.6727676392,"max":32.5200004578,"mean":9.11846542358,"median":7.86589431763,"min":2.28822827339,"var":22.8858623505},"erbbands_flatness_db":{"dmean":0.0228974800557,"dmean2":0.0336535610259,"dvar":0.000608453177847,"dvar2":0.00123232533224,"max":0.556957423687,"mean":0.168770968914,"median":0.153345912695,"min":0.0430243648589,"var":0.00410752510652},"erbbands_kurtosis":{"dmean":1.59123837948,"dmean2":2.51732635498,"dvar":16.7447319031,"dvar2":35.2392349243,"max":168.94883728,"mean":1.22598433495,"median":0.0356677770615,"min":-1.84165656567,"var":29.2515087128},"erbbands_skewness":{"dmean":0.472219437361,"dmean2":0.715610742569,"dvar":0.245428219438,"dvar2":0.540907919407,"max":9.85228824615,"mean":0.504233241081,"median":0.423290610313,"min":-3.72529363632,"var":0.86730492115},"erbbands_spread":{"dmean":9.97789859772,"dmean2":15.0936861038,"dvar":135.955032349,"dvar2":294.27230835,"max":157.679473877,"mean":37.2354507446,"median":33.5311889648,"min":0.349482834339,"var":432.908721924},"gfcc":{"cov":[[19002.6113281,-1711.86999512,-1260.49365234,1313.83752441,-223.92980957,1174.30310059,292.378692627,1019.63433838,73.6369781494,372.800628662,-52.7234306335,256.864959717,-47.1763763428],[-1711.86999512,1791.57824707,32.2842788696,-263.039520264,277.523620605,-243.530822754,178.062759399,-135.277404785,120.508888245,-154.105758667,160.438217163,-131.246536255,98.2768554688],[-1260.49365234,32.2842788696,1132.10632324,29.6421737671,261.034210205,105.073188782,81.3742828369,-14.0083236694,66.6798019409,103.287132263,-48.5194168091,91.8695983887,-22.0166110992],[1313.83752441,-263.039520264,29.6421737671,777.148193359,-66.0311203003,233.030181885,109.799232483,58.6392707825,114.236183167,-15.5608634949,69.3941574097,-12.6297254562,40.0654335022],[-223.92980957,277.523620605,261.034210205,-66.0311203003,489.493621826,47.7041816711,144.689346313,132.33052063,76.1226654053,83.7369995117,41.9875679016,46.4397239685,30.4508914948],[1174.30310059,-243.530822754,105.073188782,233.030181885,47.7041816711,379.375427246,133.017196655,94.9235916138,46.0439224243,65.5755386353,45.4116210938,33.4188919067,5.91421842575],[292.378692627,178.062759399,81.3742828369,109.799232483,144.689346313,133.017196655,331.814605713,75.1853408813,55.2434120178,21.1232509613,62.1860160828,33.7900276184,20.3395118713],[1019.63433838,-135.277404785,-14.0083236694,58.6392707825,132.33052063,94.9235916138,75.1853408813,299.642669678,62.7247924805,71.4318466187,32.9051551819,38.7297592163,21.2703838348],[73.6369781494,120.508888245,66.6798019409,114.236183167,76.1226654053,46.0439224243,55.2434120178,62.7247924805,181.545822144,45.2396736145,40.8739318848,-0.957895219326,22.5146579742],[372.800628662,-154.105758667,103.287132263,-15.5608634949,83.7369995117,65.5755386353,21.1232509613,71.4318466187,45.2396736145,153.753585815,12.4797277451,51.1981811523,-11.0273456573],[-52.7234306335,160.438217163,-48.5194168091,69.3941574097,41.9875679016,45.4116210938,62.1860160828,32.9051551819,40.8739318848,12.4797277451,141.317184448,3.40522670746,36.6864013672],[256.864959717,-131.246536255,91.8695983887,-12.6297254562,46.4397239685,33.4188919067,33.7900276184,38.7297592163,-0.957895219326,51.1981811523,3.40522670746,103.032028198,11.616189003],[-47.1763763428,98.2768554688,-22.0166110992,40.0654335022,30.4508914948,5.91421842575,20.3395118713,21.2703838348,22.5146579742,-11.0273456573,36.6864013672,11.616189003,85.3860168457]],"icov":[[0.000123529593111,-0.000142581513501,0.000217518987483,-0.000235677071032,0.000102575722849,-0.000334335461957,0.0000998919349513,-0.000371489761164,0.000197450775886,-0.000299005128909,0.000436589005403,-0.000433864770457,0.000235116589465],[-0.000142581513501,0.00173699134029,-0.000432623666711,0.00101400574204,-0.000856455124449,0.00115513661876,-0.00104601855855,0.00122680212371,-0.00140561396256,0.00174565298948,-0.00207341532223,0.00230865343474,-0.00132351578213],[0.000217518987483,-0.000432623666711,0.00164328422397,-0.000629652058706,-0.000464818411274,-0.000940283527598,0.000322146370308,-0.000114213122288,0.000109511413029,-0.000939432939049,0.00162694859318,-0.00187433743849,0.000925660075154],[-0.000235677071032,0.00101400574204,-0.000629652058706,0.00275045633316,0.0000805284580565,-0.0000962612612057,-0.000835271959659,0.000910545815714,-0.00202117930166,0.00198045000434,-0.00190201785881,0.001928591053,-0.00145660398994],[0.000102575722849,-0.000856455124449,-0.000464818411274,0.0000805284580565,0.00382651225664,-0.000343065388734,-0.000623583968263,-0.0017932462506,0.000246451963903,-0.0016867055092,0.000655863143038,-0.000802831084002,-0.000316218909575],[-0.000334335461957,0.00115513661876,-0.000940283527598,-0.0000962612612057,-0.000343065388734,0.00543960835785,-0.00188208685722,0.000692520581651,-0.000473251886433,-0.0000154035114974,-0.0023891562596,0.00205347570591,-0.000820200424641],[0.0000998919349513,-0.00104601855855,0.000322146370308,-0.000835271959659,-0.000623583968263,-0.00188208685722,0.0050036511384,-0.000894474389497,0.00034200437949,0.000127666527987,0.000148215287481,-0.00259991944768,0.00133411993738],[-0.000371489761164,0.00122680212371,-0.000114213122288,0.000910545815714,-0.0017932462506,0.000692520581651,-0.000894474389497,0.00624299794436,-0.00197940645739,0.000397073163185,-0.00183627766091,0.00126180634834,-0.00163401453756],[0.000197450775886,-0.00140561396256,0.000109511413029,-0.00202117930166,0.000246451963903,-0.000473251886433,0.00034200437949,-0.00197940645739,0.00901652127504,-0.00400705356151,0.000892850803211,0.000118058269436,-0.000234609105974],[-0.000299005128909,0.00174565298948,-0.000939432939049,0.00198045000434,-0.0016867055092,-0.0000154035114974,0.000127666527987,0.000397073163185,-0.00400705356151,0.0126810837537,-0.00333777233027,-0.00177348044235,0.001497016754],[0.000436589005403,-0.00207341532223,0.00162694859318,-0.00190201785881,0.000655863143038,-0.0023891562596,0.000148215287481,-0.00183627766091,0.000892850803211,-0.00333777233027,0.0124749597162,-0.00288681522943,-0.00134031346533],[-0.000433864770457,0.00230865343474,-0.00187433743849,0.001928591053,-0.000802831084002,0.00205347570591,-0.00259991944768,0.00126180634834,0.000118058269436,-0.00177348044235,-0.00288681522943,0.0172747876495,-0.00520603638142],[0.000235116589465,-0.00132351578213,0.000925660075154,-0.00145660398994,-0.000316218909575,-0.000820200424641,0.00133411993738,-0.00163401453756,-0.000234609105974,0.001497016754,-0.00134031346533,-0.00520603638142,0.0160850565881]],"mean":[-37.7415542603,116.10900116,-107.645614624,33.0384140015,-55.2058830261,9.59188461304,-25.7709064484,4.70549154282,-13.503068924,-5.58808135986,-11.2449092865,-6.36436510086,-9.71188926697]},"hfc":{"dmean":6.64583873749,"dmean2":9.35814380646,"dvar":75.3050079346,"dvar2":155.643371582,"max":125.767036438,"mean":18.4685554504,"median":13.6871032715,"min":1.18331720341e-16,"var":320.692443848},"melbands":{"dmean":[0.00198341696523,0.00205618189648,0.00167425477412,0.000513827835675,0.000320178078255,0.000131624809001,0.000128274274175,0.000217689303099,0.000185006618267,0.000125963721075,0.000148211067426,0.000086484986241,0.0000493966108479,0.0000559175423405,0.0000261757577391,0.0000302927674056,0.0000196563905774,0.0000262564899458,0.0000188341400644,0.0000162125870702,0.0000115766069939,0.00000758478336138,0.00000948971228354,0.00000810920209915,0.0000049742666306,0.00000509855090058,0.00000612257372268,0.00000493998459206,0.00000345422722603,0.00000303104957311,0.00000279006303572,0.00000292670802082,0.00000290527168545,0.00000277030153484,0.00000207141374631,0.00000148123319832,9.44376154166e-7,5.89460682932e-7,3.08737782007e-7,1.78074387236e-7],"dmean2":[0.00267376261763,0.0032393229194,0.00286731100641,0.000893716991413,0.000514770450536,0.000211655060411,0.000203748379136,0.000347203138517,0.000294277968351,0.000189072598005,0.000240550434683,0.000143483222928,0.0000790958074504,0.000091417292424,0.0000427849954576,0.0000504231720697,0.0000329927206622,0.0000444178185717,0.0000310094619635,0.000026448202334,0.000018987841031,0.0000122308838399,0.0000154608624143,0.0000132270688482,0.0000080387790149,0.00000817686486698,0.00000959787848842,0.00000739467623134,0.00000500297210237,0.00000414891292166,0.00000368607152268,0.0000038618736653,0.0000037913689539,0.00000366661788576,0.00000275355773738,0.00000209410427487,0.00000139394671805,9.22826643546e-7,4.91554601467e-7,2.82138358898e-7],"dvar":[0.0000176094526978,0.000020091456463,0.0000214510509977,0.00000172193938397,2.84948100671e-7,5.86096540189e-8,8.43883114499e-8,2.27715162282e-7,1.52106110818e-7,9.59325916483e-8,1.43903250205e-7,5.77955567849e-8,2.12576445335e-8,3.25370166365e-8,7.26046911481e-9,7.58066764917e-9,2.48284748317e-9,4.42043601723e-9,2.97857050136e-9,2.16451523372e-9,8.83739248447e-10,2.88802676218e-10,3.63112317991e-10,3.06237618597e-10,9.38941285833e-11,9.79942585411e-11,1.5874000725e-10,1.05031566777e-10,4.33618800588e-11,4.2259161448e-11,4.42873480944e-11,4.88323929904e-11,4.34304571473e-11,4.02407690503e-11,1.95089569499e-11,1.03432254081e-11,6.6706765979e-12,2.75699732141e-12,5.86070851138e-13,2.15916558721e-13],"dvar2":[0.00002851516183,0.0000501544018334,0.0000544024296687,0.00000483108306071,7.05462639417e-7,1.43530002106e-7,2.04474631005e-7,5.55359918053e-7,3.79447811838e-7,2.19976016069e-7,3.64504671779e-7,1.57318595484e-7,5.54084280679e-8,8.06626871963e-8,1.74686896059e-8,1.96440215205e-8,6.5081211531e-9,1.17470335681e-8,7.75381092666e-9,5.52567369638e-9,2.14104778351e-9,7.06806613238e-10,9.17433073955e-10,8.21632317738e-10,2.44793657567e-10,2.42648040549e-10,3.91417870338e-10,2.3764970547e-10,9.01474520032e-11,7.74388955738e-11,7.67544569569e-11,8.73705413573e-11,7.0948059927e-11,7.04538510865e-11,3.28153684781e-11,2.10803267203e-11,1.31708663073e-11,6.16148885385e-12,1.36037958242e-12,4.47994722916e-13],"max":[0.0485675707459,0.0561402514577,0.0493054762483,0.0205123964697,0.00900937896222,0.00671808607876,0.0127633567899,0.0129040703177,0.0100076282397,0.00719318166375,0.0111229754984,0.00725766969845,0.00810467451811,0.00631379708648,0.00332163553685,0.00242470623925,0.00186167855281,0.00267188809812,0.00171254982706,0.00138215604238,0.00113840692211,0.000392064190237,0.000551086908672,0.000489464320708,0.000207865567063,0.000254379934631,0.000335958815413,0.000307926005917,0.000114251000923,0.000122523371829,0.000127104125568,0.000112226734927,0.000145298748976,0.00015004890156,0.000126904764329,0.000109824461106,0.000142776727444,0.0000631263028481,0.0000208949404623,0.0000225435178436],"mean":[0.00355700589716,0.00314074056223,0.00192964507733,0.000644999556243,0.000487595621962,0.000232756938203,0.000208505036426,0.000313438184094,0.000277679326246,0.000207286415389,0.000217194567085,0.000127069055452,0.0000745290890336,0.0000771189879742,0.000037506211811,0.000042985255277,0.0000269111096713,0.0000345356893376,0.0000257612318819,0.000023539081667,0.0000178833233804,0.0000122381525216,0.0000152200464072,0.0000132982022478,0.0000083416725829,0.00000863160948938,0.0000105235094452,0.00000857493432704,0.00000559432737646,0.0000045936017159,0.00000428404973718,0.00000440480425823,0.00000451201049145,0.00000435824267697,0.00000330510306412,0.00000222671269512,0.00000140209567689,7.85018471561e-7,3.85966217209e-7,2.27950096132e-7],"median":[0.0016284508165,0.00167701358441,0.000783951720223,0.000317621510476,0.000259500578977,0.0001197179663,0.000105095750769,0.000141810945934,0.000125788486912,0.0000745093202568,0.0000821542853373,0.0000488460900669,0.0000299152397929,0.0000245322371484,0.000013921559912,0.0000147179589476,0.0000108507392724,0.000013300226783,0.00000855194593896,0.0000087679054559,0.00000725765039533,0.00000538186395715,0.00000697832911101,0.00000617233035882,0.00000425282723882,0.0000038198850234,0.0000039565620682,0.0000029424402328,0.0000017366778593,8.63205116275e-7,6.02360216817e-7,4.79266873299e-7,4.94027290188e-7,5.27460656485e-7,4.54584039744e-7,3.37505753123e-7,2.2674963418e-7,1.57754371344e-7,1.13499325494e-7,8.23106347525e-8],"min":[2.78516966691e-23,5.25402543792e-24,6.76121243382e-24,1.1711122132e-23,1.30921880185e-23,1.70542403373e-23,7.39224436001e-24,7.09979153434e-24,8.95875645699e-24,1.0514016242e-23,6.27056974419e-24,1.42581907008e-23,2.38123328262e-23,8.27660871072e-24,7.98889615023e-24,8.38288720732e-24,1.18221716594e-23,5.42966689619e-24,9.40119777315e-24,1.50157985146e-23,1.52056158034e-23,1.67489827214e-23,8.0433172975e-24,8.33685875122e-24,1.75536445106e-23,7.58628599889e-24,8.7740533535e-24,6.27373623187e-24,1.37711385116e-23,1.56108457618e-23,1.02286797306e-23,9.19729221751e-24,1.3119357177e-23,1.11943606523e-23,1.20417858022e-23,1.26156134799e-23,1.15017608144e-23,6.17164461453e-24,8.82091248013e-24,9.85543098213e-24],"var":[0.0000377116630261,0.0000226961801673,0.000018294342226,0.00000141075065585,4.73095809639e-7,1.49304014485e-7,1.35569635518e-7,3.33702104172e-7,2.24853991426e-7,1.58941062978e-7,2.12417361922e-7,8.4830709568e-8,2.83682926039e-8,4.31239719489e-8,1.03051931433e-8,1.11669686831e-8,3.26471960577e-9,5.33164046246e-9,4.04368316609e-9,2.94553248459e-9,1.43125378216e-9,5.28469767946e-10,6.38820940591e-10,4.9842180383e-10,1.52553594757e-10,1.86765797272e-10,3.35994176925e-10,2.29799082541e-10,1.01146382936e-10,1.03519547101e-10,1.13500410459e-10,1.22335697128e-10,1.20856519237e-10,1.08263870091e-10,5.77642898791e-11,2.59791389789e-11,1.83234382528e-11,5.44382898135e-12,9.47076726938e-13,4.3986223084e-13]},"melbands_crest":{"dmean":3.43915438652,"dmean2":5.36121797562,"dvar":11.5948629379,"dvar2":24.9021568298,"max":36.0898551941,"mean":15.6740550995,"median":14.1936607361,"min":2.30723118782,"var":39.3963394165},"melbands_flatness_db":{"dmean":0.0378511846066,"dmean2":0.0520767867565,"dvar":0.00178330868948,"dvar2":0.00357550359331,"max":0.931765377522,"mean":0.252003282309,"median":0.225492596626,"min":0.00553846079856,"var":0.0121350931004},"melbands_kurtosis":{"dmean":13.8777122498,"dmean2":21.9713420868,"dvar":1079.41259766,"dvar2":2499.52050781,"max":1027.11218262,"mean":21.0074310303,"median":9.24177932739,"min":-1.82235455513,"var":1585.83117676},"melbands_skewness":{"dmean":1.02847218513,"dmean2":1.56894671917,"dvar":1.72886490822,"dvar2":3.79071307182,"max":22.4012355804,"mean":3.07287025452,"median":2.60307526588,"min":-2.07897853851,"var":4.30512857437},"melbands_spread":{"dmean":6.52556276321,"dmean2":9.70130157471,"dvar":106.357894897,"dvar2":202.440109253,"max":241.604873657,"mean":18.1790122986,"median":14.7264537811,"min":0.103075630963,"var":319.139038086},"mfcc":{"cov":[[15067.4775391,-1515.77355957,-873.123901367,745.508605957,-87.9993743896,559.735168457,452.911437988,885.599487305,413.186920166,820.063415527,152.815597534,232.276733398,282.809295654],[-1515.77355957,1665.33166504,-115.530822754,-135.112609863,157.502792358,-121.16947937,120.888259888,-17.2054023743,63.9787902832,-26.3434085846,86.9397277832,5.23795509338,25.360118866],[-873.123901367,-115.530822754,768.830810547,116.683479309,56.1650733948,206.08454895,-18.5639953613,8.35746097565,42.5559425354,-53.2795753479,45.5007705688,34.5736999512,-23.3707962036],[745.508605957,-135.112609863,116.683479309,447.960144043,103.651702881,127.729034424,69.3769226074,136.041687012,84.5671005249,101.834716797,47.7894592285,55.5264625549,56.4027099609],[-87.9993743896,157.502792358,56.1650733948,103.651702881,322.893157959,39.5221328735,46.3810501099,44.8794441223,76.0565338135,81.8979110718,55.5070953369,42.8913536072,46.2202186584],[559.735168457,-121.16947937,206.08454895,127.729034424,39.5221328735,363.841278076,106.872207642,94.4351272583,69.7108459473,53.8075866699,74.2690124512,61.6844482422,28.6745967865],[452.911437988,120.888259888,-18.5639953613,69.3769226074,46.3810501099,106.872207642,276.270599365,142.815444946,59.4662132263,79.7144546509,56.1248512268,50.0066223145,52.5123100281],[885.599487305,-17.2054023743,8.35746097565,136.041687012,44.8794441223,94.4351272583,142.815444946,233.169723511,100.190071106,108.84475708,56.6129264832,52.9538841248,57.9477310181],[413.186920166,63.9787902832,42.5559425354,84.5671005249,76.0565338135,69.7108459473,59.4662132263,100.190071106,178.278778076,83.7141113281,65.4713745117,41.9602775574,35.4208450317],[820.063415527,-26.3434085846,-53.2795753479,101.834716797,81.8979110718,53.8075866699,79.7144546509,108.84475708,83.7141113281,184.840301514,70.1867752075,52.8045043945,57.0884590149],[152.815597534,86.9397277832,45.5007705688,47.7894592285,55.5070953369,74.2690124512,56.1248512268,56.6129264832,65.4713745117,70.1867752075,128.720123291,65.5887908936,34.34532547],[232.276733398,5.23795509338,34.5736999512,55.5264625549,42.8913536072,61.6844482422,50.0066223145,52.9538841248,41.9602775574,52.8045043945,65.5887908936,99.5499954224,51.3524932861],[282.809295654,25.360118866,-23.3707962036,56.4027099609,46.2202186584,28.6745967865,52.5123100281,57.9477310181,35.4208450317,57.0884590149,34.34532547,51.3524932861,98.3080749512]],"icov":[[0.000131027307361,0.0000857794802869,0.000185843644431,-0.0000589082446822,0.000119339878438,-0.00017007610586,0.0000648605710012,-0.000287120172288,-0.0000705161946826,-0.00035725501948,0.000138124640216,-0.0000482769646624,0.0000168429796759],[0.0000857794802869,0.000865435868036,0.000212976185139,0.000178019341547,-0.000355023948941,0.000285391375655,-0.000521320383996,0.0000310318864649,-0.000407085055485,0.000424782250775,-0.000784984440543,0.00036654190626,-0.00019489742408],[0.000185843644431,0.000212976185139,0.00210138969123,-0.000431099761045,-0.000218463639612,-0.00119386124425,0.000464745622594,-0.000442371092504,-0.000427470455179,0.000799432746135,-0.000329681439325,-0.000471863284474,0.000672220950946],[-0.0000589082446822,0.000178019341547,-0.000431099761045,0.00326337316073,-0.000711650412995,-0.000357412412995,0.00025878145243,-0.0011497400701,-0.000109804954263,-0.000517067266628,0.000368315086234,-0.00015535071725,-0.000580627878662],[0.000119339878438,-0.000355023948941,-0.000218463639612,-0.000711650412995,0.00428416440263,-0.0000259988300968,-0.00000170500618424,0.000579043175094,-0.00088056421373,-0.00181797519326,0.000143342695083,-0.000285395595711,-0.000770429964177],[-0.00017007610586,0.000285391375655,-0.00119386124425,-0.000357412412995,-0.0000259988300968,0.00464294757694,-0.00150369596668,0.000262112997007,-0.000360602571163,0.000623236584943,-0.00149154255632,-0.000568278541323,0.000229513956583],[0.0000648605710012,-0.000521320383996,0.000464745622594,0.00025878145243,-0.00000170500618424,-0.00150369596668,0.00630875816569,-0.00348346261308,0.000768334371969,-0.000625809188932,0.0000415685863118,-0.000507538556121,-0.000630078895483],[-0.000287120172288,0.0000310318864649,-0.000442371092504,-0.0011497400701,0.000579043175094,0.000262112997007,-0.00348346261308,0.0100975232199,-0.00265344721265,-0.00139995967038,0.0000893570395419,-0.000112213063403,-0.0012710847659],[-0.0000705161946826,-0.000407085055485,-0.000427470455179,-0.000109804954263,-0.00088056421373,-0.000360602571163,0.000768334371969,-0.00265344721265,0.00923545192927,-0.00161022797693,-0.00200609047897,0.0002435122733,0.000123248843011],[-0.00035725501948,0.000424782250775,0.000799432746135,-0.000517067266628,-0.00181797519326,0.000623236584943,-0.000625809188932,-0.00139995967038,-0.00161022797693,0.012065581046,-0.0039719492197,0.000141101249028,-0.00187517260201],[0.000138124640216,-0.000784984440543,-0.000329681439325,0.000368315086234,0.000143342695083,-0.00149154255632,0.0000415685863118,0.0000893570395419,-0.00200609047897,-0.0039719492197,0.0155316013843,-0.0075604096055,0.00136068661232],[-0.0000482769646624,0.00036654190626,-0.000471863284474,-0.00015535071725,-0.000285395595711,-0.000568278541323,-0.000507538556121,-0.000112213063403,0.0002435122733,0.000141101249028,-0.0075604096055,0.0196674298495,-0.00714340852574],[0.0000168429796759,-0.00019489742408,0.000672220950946,-0.000580627878662,-0.000770429964177,0.000229513956583,-0.000630078895483,-0.0012710847659,0.000123248843011,-0.00187517260201,0.00136068661232,-0.00714340852574,0.0163485445082]],"mean":[-676.54486084,138.129501343,8.80387878418,24.7542991638,-0.0580718107522,5.53428888321,-0.705680072308,8.81673145294,-1.4719209671,7.86285161972,-2.25317215919,-0.533914625645,-1.66443538666]},"pitch_salience":{"dmean":0.0823258236051,"dmean2":0.1299251616,"dvar":0.00654210383072,"dvar2":0.0150029677898,"max":0.893423914909,"mean":0.51798760891,"median":0.534541368484,"min":0.012095592916,"var":0.0185441914946},"silence_rate_20dB":{"dmean":0,"dmean2":0,"dvar":0,"dvar2":0,"max":1,"mean":1,"median":1,"min":1,"var":0},"silence_rate_30dB":{"dmean":0.052937079221,"dmean2":0.105882354081,"dvar":0.0501381754875,"dvar2":0.120065845549,"max":1,"mean":0.954186677933,"median":1,"min":0,"var":0.0437169708312},"silence_rate_60dB":{"dmean":0.0253850314766,"dmean2":0.0507739931345,"dvar":0.0247372761369,"dvar2":0.0532923266292,"max":1,"mean":0.107413716614,"median":0,"min":0,"var":0.0958921611309},"spectral_centroid":{"dmean":276.748016357,"dmean2":407.177490234,"dvar":134206.234375,"dvar2":244741.25,"max":10838.3955078,"mean":1122.47949219,"median":1004.4788208,"min":54.6233482361,"var":499744.09375},"spectral_complexity":{"dmean":3.77695226669,"dmean2":5.5438079834,"dvar":16.1817817688,"dvar2":31.592874527,"max":62,"mean":18.3655014038,"median":18,"min":0,"var":143.483200073},"spectral_contrast_coeffs":{"dmean":[0.0534863211215,0.0493978224695,0.0410011783242,0.0332840830088,0.0236503910273,0.0237114112824],"dmean2":[0.0856519192457,0.0804445818067,0.0667741596699,0.0547297857702,0.037952683866,0.0333492718637],"dvar":[0.0025226410944,0.00166692759376,0.00117011228576,0.000775854859967,0.000408750143833,0.000529168231878],"dvar2":[0.00603175442666,0.00426575634629,0.00295729958452,0.00195870152675,0.000976528099272,0.000889256596565],"max":[-0.174030154943,-0.406594932079,-0.436032921076,-0.531648814678,-0.6351583004,-0.571811914444],"mean":[-0.642166554928,-0.740205287933,-0.765926241875,-0.789483070374,-0.79972577095,-0.762796580791],"median":[-0.666424632072,-0.748121738434,-0.772294521332,-0.796070098877,-0.800516486168,-0.768460929394],"min":[-0.96859818697,-0.986330509186,-0.971713125706,-0.963033914566,-0.950968027115,-0.95789372921],"var":[0.0113553171977,0.00526594370604,0.00476111378521,0.002987555461,0.00189142907038,0.00337098143063]},"spectral_contrast_valleys":{"dmean":[0.391989558935,0.378204733133,0.368851840496,0.394602328539,0.387120723724,0.510188817978],"dmean2":[0.629575610161,0.610861480236,0.582853019238,0.607698321342,0.543260931969,0.679754555225],"dvar":[0.174142882228,0.145881578326,0.15946495533,0.214402288198,0.248233646154,0.387766420841],"dvar2":[0.370088666677,0.332474827766,0.338594257832,0.456277221441,0.480837762356,0.656086146832],"max":[-5.04344987869,-4.47744846344,-5.28183460236,-5.27478265762,-5.77053689957,-7.79895162582],"mean":[-7.25187921524,-6.83217382431,-7.49982023239,-8.08006477356,-8.01453781128,-10.7770442963],"median":[-6.68601417542,-6.46703147888,-7.01342487335,-7.61092472076,-7.47497463226,-10.3686923981],"min":[-27.0486984253,-27.453622818,-26.9594745636,-27.2566375732,-27.4085674286,-27.248840332],"var":[3.10847806931,1.65197992325,2.01066637039,2.10400676727,2.56046319008,2.62555217743]},"spectral_decrease":{"dmean":3.9490175574e-9,"dmean2":6.01145400125e-9,"dvar":4.00629444869e-17,"dvar2":9.15278788861e-17,"max":-4.4522330396e-29,"mean":-9.17490261543e-9,"median":-6.95449298149e-9,"min":-5.53262218261e-8,"var":7.78508180345e-17},"spectral_energy":{"dmean":0.0152866989374,"dmean2":0.0232364460826,"dvar":0.000585101020988,"dvar2":0.00133976794314,"max":0.213733121753,"mean":0.0363033078611,"median":0.0279238261282,"min":1.09010699806e-20,"var":0.00117027177475},"spectral_energyband_high":{"dmean":0.000489036552608,"dmean2":0.000602221814916,"dvar":7.75519481522e-7,"dvar2":0.00000103108686744,"max":0.0146123468876,"mean":0.000885409244802,"median":0.000220782429096,"min":7.7936674587e-21,"var":0.00000289629406325},"spectral_energyband_low":{"dmean":0.0115341991186,"dmean2":0.0176219996065,"dvar":0.00045635868446,"dvar2":0.0010253660148,"max":0.18016640842,"mean":0.0208372883499,"median":0.0107820704579,"min":1.14407903861e-22,"var":0.000765076605603},"spectral_energyband_middle_high":{"dmean":0.00197042687796,"dmean2":0.00311129400507,"dvar":0.0000120110453281,"dvar2":0.0000301493510051,"max":0.0718628913164,"mean":0.00455110194162,"median":0.00287462817505,"min":1.67430453756e-21,"var":0.000033591495594},"spectral_energyband_middle_low":{"dmean":0.0071812174283,"dmean2":0.0118005536497,"dvar":0.00019974616589,"dvar2":0.000521952402778,"max":0.146837085485,"mean":0.012574528344,"median":0.00890425406396,"min":3.11786935555e-22,"var":0.000218454559217},"spectral_entropy":{"dmean":0.23339471221,"dmean2":0.340327292681,"dvar":0.087046995759,"dvar2":0.184783026576,"max":9.79521942139,"mean":7.34714317322,"median":7.5115571022,"min":3.57878470421,"var":0.515594065189},"spectral_flux":{"dmean":0.0364714749157,"dmean2":0.0594925433397,"dvar":0.00247082579881,"dvar2":0.00551798427477,"max":0.417459219694,"mean":0.0910414382815,"median":0.0756637752056,"min":1.04408190427e-10,"var":0.00479287235066},"spectral_kurtosis":{"dmean":3.96394467354,"dmean2":6.37375879288,"dvar":97.7396087646,"dvar2":239.849609375,"max":321.217468262,"mean":8.55474281311,"median":4.57164287567,"min":-1.17457580566,"var":336.022857666},"spectral_rms":{"dmean":0.00111683260184,"dmean2":0.00163312035147,"dvar":0.00000213169209928,"dvar2":0.00000447367347078,"max":0.0144402254373,"mean":0.00524729862809,"median":0.00521945953369,"min":3.26116390836e-12,"var":0.0000078835983004},"spectral_rolloff":{"dmean":449.331848145,"dmean2":732.177062988,"dvar":788273.3125,"dvar2":1526943.25,"max":19530.6152344,"mean":1150.56799316,"median":710.595703125,"min":21.533203125,"var":2983406},"spectral_skewness":{"dmean":0.399802833796,"dmean2":0.594084262848,"dvar":0.360963106155,"dvar2":0.787529230118,"max":15.9049711227,"mean":1.85356628895,"median":1.56993746758,"min":-0.1445094347,"var":1.85638666153},"spectral_spread":{"dmean":629771.625,"dmean2":914729.4375,"dvar":656812867584,"dvar2":1198923972610,"max":39638864,"mean":4048972.75,"median":3892827.5,"min":409067.3125,"var":2291544621060},"spectral_strongpeak":{"dmean":0.381602585316,"dmean2":0.649461507797,"dvar":0.449001312256,"dvar2":1.16282069683,"max":10.0317306519,"mean":0.60262387991,"median":0.371636331081,"min":0,"var":0.582322120667},"zerocrossingrate":{"dmean":0.0102646760643,"dmean2":0.0112545425072,"dvar":0.000175504945219,"dvar2":0.000172714862856,"max":0.51611328125,"mean":0.046435803175,"median":0.0380859375,"min":0.001953125,"var":0.00179443496745}},"metadata":{"audio_properties":{"analysis_sample_rate":44100,"bit_rate":320028,"codec":"mp3","downmix":"mix","equal_loudness":0,"length":300.016326904,"lossless":false,"md5_encoded":"74e1e0f3d04fcd948fe6c135d3e78993","replay_gain":-14.4127159119,"sample_rate":44100},"tags":{"acoustid_id":["448861d5-3a18-4866-90c7-41911f22af58"],"album":["Little Dark Age"],"albumartist":["MGMT"],"albumartistsort":["MGMT"],"artist":["MGMT"],"artistsort":["MGMT"],"artistwebpage":["http://whoismgmt.com/"],"barcode":["886446696393"],"composer":["MGMT"],"date":["2018"],"discnumber":["1/1"],"file_name":"02. MGMT - Little Dark Age.mp3","genre":["Progressive Rock"],"label":["Columbia"],"media":["Digital Media"],"musicbrainz album release country":["US"],"musicbrainz album status":["official"],"musicbrainz album type":["album"],"musicbrainz_albumartistid":["c485632c-b784-4ee9-8ea1-c5fb365681fc"],"musicbrainz_albumid":["c5ccb9e5-61da-473d-8369-c8f3978d18dc"],"musicbrainz_artistid":["c485632c-b784-4ee9-8ea1-c5fb365681fc"],"musicbrainz_recordingid":["2ed9e30b-e3e7-46db-976e-550cb17965fe"],"musicbrainz_releasegroupid":["ff9b0645-2327-46f4-b2b4-a7f41946d39e"],"originaldate":["2018"],"originalyear":["2018"],"script":["Latn"],"title":["Little Dark Age"],"tracknumber":["2/10"]},"version":{"essentia":"2.1-beta2","essentia_build_sha":"c0e182ba78c2de26e491b7b7a4a2c98c1ed34208","essentia_git_sha":"v2.1_beta2-2-gbb40004","extractor":"music 1.0"}},"rhythm":{"beats_count":487,"beats_loudness":{"dmean":0.0365666411817,"dmean2":0.0695909485221,"dvar":0.000580597668886,"dvar2":0.00202248524874,"max":0.167322978377,"mean":0.0781610757113,"median":0.0811370760202,"min":6.97188751175e-10,"var":0.00138315896038},"beats_loudness_band_ratio":{"dmean":[0.221232816577,0.0882039144635,0.0874144732952,0.0489460416138,0.0236080307513,0.0785853043199],"dmean2":[0.420347958803,0.166513800621,0.160235315561,0.0902589708567,0.