{"lowlevel":{"average_loudness":0.891468405724,"barkbands":{"dmean":[0.000748651043978,0.0144779318944,0.00278571201488,0.00111820886377,0.00149859848898,0.0010156595381,0.00211655092426,0.00140316458419,0.000576782855205,0.000327344343532,0.000195726097445,0.000228547985898,0.000195641288883,0.000128789484734,0.0000861456210259,0.0000649887515465,0.0000469608821732,0.000041587263695,0.0000199401583814,0.0000298443010252,0.0000182248531928,0.0000142408862303,0.0000107942869363,0.0000111139543151,0.00000692167259331,0.00000259366402133,5.88806940982e-8],"dmean2":[0.0012282471871,0.0226653032005,0.00480167195201,0.00184748950414,0.00236572884023,0.00148653925862,0.00337383919396,0.00196845643222,0.000822655041702,0.000535423285328,0.000323153130012,0.000344152998878,0.00030332771712,0.000195207627257,0.000141937227454,0.000108013533463,0.0000736016663723,0.0000639059217065,0.0000319799037243,0.0000436678965343,0.0000280662989098,0.0000214243700611,0.0000168068654602,0.0000171060073626,0.0000104117862065,0.0000039712213038,1.02089508403e-7],"dvar":[0.00000160194042564,0.000772922299802,0.0000510620229761,0.00000386176088796,0.00000494841515319,0.00000363611616194,0.0000380655183108,0.0000345648440998,0.0000026006432563,8.21465221179e-7,3.5802170828e-7,5.47530419226e-7,4.76414754758e-7,1.92443948777e-7,5.80528620731e-8,3.20287796285e-8,8.38559000016e-9,9.39163502522e-9,2.41139264112e-9,5.26004306778e-9,6.27150775756e-9,1.0351930424e-9,7.38029415359e-10,7.8868439557e-10,3.81243453473e-10,4.74547796891e-11,3.68822573665e-14],"dvar2":[0.00000427928216595,0.00186407589354,0.0001453638979,0.0000108156264105,0.0000130492690005,0.00000800549514679,0.000092903181212,0.0000472098763566,0.00000470422583021,0.00000203048421099,8.95149810276e-7,8.51669653912e-7,9.55623022492e-7,3.86945544051e-7,1.39460695436e-7,8.51185433248e-8,2.02035561614e-8,2.09662740502e-8,5.60722446252e-9,1.04700728087e-8,1.52131196529e-8,2.18969331556e-9,1.71636638235e-9,1.71877434507e-9,7.71362695939e-10,1.06083392071e-10,9.99915753495e-14],"max":[0.0280468221754,0.478857904673,0.0961961001158,0.0332093127072,0.0526747889817,0.0476604551077,0.225651457906,0.295792609453,0.0467989593744,0.0270564537495,0.0170687232167,0.0458544306457,0.0450094603002,0.0196781940758,0.0100252153352,0.00713507365435,0.0025770443026,0.00286193587817,0.0023708275985,0.00265915505588,0.00485275592655,0.000739600218367,0.000467872217996,0.000757133529987,0.000642788771074,0.000142696982948,0.00000416887041865],"mean":[0.00145268812776,0.0563918463886,0.00544810248539,0.00176715175621,0.0036635431461,0.00264194863848,0.00384691287763,0.00330809224397,0.00154333841056,0.000529888435267,0.000252394878771,0.000460782990558,0.000335630087648,0.000206723532756,0.000120298267575,0.0000973390124273,0.000098065691418,0.0000833700178191,0.0000325588516716,0.0000640461366856,0.0000261219865934,0.0000228281660384,0.0000133695593831,0.0000140531128636,0.00000848008585308,0.00000302707439914,5.34094901639e-8],"median":[0.000813665683381,0.0445108562708,0.00280991522595,0.00109069817699,0.0022846441716,0.00124809739646,0.000663155922666,0.000306172587443,0.000166757352417,0.0000979241522145,0.0000284095385723,0.0000908007132239,0.0000326601730194,0.0000165877809195,0.000024983255571,0.0000265806011157,0.0000356142554665,0.0000272683319054,0.0000140018082675,0.0000232780294027,0.00000694883328833,0.00000639685913484,0.00000299831845041,0.00000287843340629,0.00000196505061467,6.31539592177e-7,1.28523911513e-8],"min":[9.99069558104e-25,2.57989681811e-24,7.89288152287e-24,4.50561534777e-24,2.92655058052e-23,3.0593565761e-23,4.52422836306e-23,1.04801346661e-23,6.62925446372e-23,4.6619527486e-23,2.23438934947e-23,5.85344194896e-23,6.0264265237e-23,8.13938730289e-23,6.61702396425e-23,1.32658585867e-22,1.23073875382e-22,1.95923501283e-22,2.97238119031e-22,2.28814848467e-22,2.77768350314e-22,4.29739008448e-22,6.57595258386e-22,6.67547931463e-22,9.46506161701e-22,1.61138165961e-21,2.04421411352e-21],"var":[0.00000247454772762,0.00304000568576,0.000074706695159,0.00000482839232063,0.0000191532399185,0.0000167056405189,0.000117656010843,0.000237395695876,0.0000162358519447,0.00000229579609368,5.58653880489e-7,0.00000233437845054,0.00000188797582723,5.78640140247e-7,1.11991234064e-7,4.58134934433e-8,2.6242590323e-8,3.00089730843e-8,5.09101560908e-9,1.72072791571e-8,8.98632013246e-9,2.26697505212e-9,9.66738911146e-10,1.14934428641e-9,6.30162588777e-10,6.06064642916e-11,2.85833402574e-14]},"barkbands_crest":{"dmean":2.21726727486,"dmean2":3.53788375854,"dvar":7.42401456833,"dvar2":17.9964694977,"max":26.3743495941,"mean":17.133934021,"median":17.8044452667,"min":4.04972076416,"var":33.0955848694},"barkbands_flatness_db":{"dmean":0.0263658836484,"dmean2":0.0376223213971,"dvar":0.000958527030889,"dvar2":0.0018865969032,"max":0.504372954369,"mean":0.269239664078,"median":0.266823559999,"min":0.0362685769796,"var":0.00540767190978},"barkbands_kurtosis":{"dmean":12.6444511414,"dmean2":18.9977703094,"dvar":606.069213867,"dvar2":1249.29992676,"max":648.624572754,"mean":31.411567688,"median":13.3061828613,"min":-1.85822105408,"var":2438.35717773},"barkbands_skewness":{"dmean":0.885234236717,"dmean2":1.32038664818,"dvar":1.30647182465,"dvar2":2.76356124878,"max":21.5796451569,"mean":3.73739385605,"median":3.009329319,"min":-1.90251171589,"var":7.74979496002},"barkbands_spread":{"dmean":1.83221113682,"dmean2":2.74658823013,"dvar":11.2414894104,"dvar2":22.6983852386,"max":93.1275253296,"mean":6.28642368317,"median":5.09212303162,"min":0.181528404355,"var":34.2709541321},"dissonance":{"dmean":0.0285094734281,"dmean2":0.0475214757025,"dvar":0.000696070608683,"dvar2":0.00185630179476,"max":0.499634534121,"mean":0.422673970461,"median":0.431544482708,"min":0.0724798291922,"var":0.00202622776851},"dynamic_complexity":3.32775187492,"erbbands":{"dmean":[0.381636530161,3.44978451729,4.20173454285,3.01742911339,4.78820133209,4.6218495369,7.1938586235,9.37202644348,23.9135131836,31.9355220795,29.2658004761,14.2105226517,10.090265274,12.2906894684,6.32892942429,9.38075447083,7.6202583313,7.40062618256,5.12230825424,4.31288433075,3.02793645859,2.15957689285,2.43114089966,1.19005703926,1.10185146332,1.49367916584,0.893336296082,0.593237817287,0.534254789352,0.376839369535,0.315349847078,0.251746445894,0.170669466257,0.0924504548311,0.042553063482,0.0160760879517,0.00389828160405,0.000417793693487,0.0000152474258357,0.0000208453002415],"dmean2":[0.603453934193,5.39963102341,7.05555915833,5.13161087036,7.62436294556,7.31369447708,10.4376449585,14.1496591568,38.2245826721,48.1130867004,40.1999282837,19.5244274139,15.6096172333,20.1731452942,9.92561817169,13.9982852936,11.7771883011,10.9776248932,8.02435207367,7.25639867783,4.8922085762,3.3382358551,3.69455933571,1.87612497807,1.7094078064,2.17783904076,1.34463810921,0.904729187489,0.806640386581,0.572987556458,0.493204385042,0.389713257551,0.262767612934,0.141208603978,0.0644346997142,0.0243990980089,0.00601042434573,0.00065623113187,0.0000230884306802,0.000032329968235],"dvar":[0.550852477551,44.9168052673,89.6520385742,52.0042495728,50.6728973389,72.2497787476,212.335281372,414.520477295,4365.61132813,11691.2695313,17421.5761719,1640.81225586,757.921813965,1197.40246582,341.027862549,1102.72338867,717.727416992,654.66217041,258.913787842,152.701721191,50.6976699829,16.4119319916,32.6766204834,7.61174201965,8.46785736084,12.3869457245,17.4364471436,4.39623165131,1.4801735878,0.778049826622,0.642816185951,0.384560912848,0.204357668757,0.0666560530663,0.0155116785318,0.00186955125537,0.000110843284347,0.00000134715310196,8.31651469912e-10,1.28913957287e-9],"dvar2":[1.36649787426,108.799880981,250.577835083,148.361755371,132.770477295,181.731307983,445.018218994,927.959960938,10753.7226563,21967.5625,20646.6796875,2818.06640625,1626.89343262,3045.01171875,785.370483398,1610.17492676,1497.8807373,1199.26318359,544.521179199,405.696014404,128.399963379,38.5822525024,71.8022384644,18.2179527283,19.2157058716,23.6799488068,38.7410049438,10.3048210144,3.11929416656,1.74841237068,1.5095795393,0.8707062006,0.43476074934,0.136181131005,0.0323406979442,0.0040520154871,0.000253684906056,0.00000331622777594,1.95879956699e-9,3.08581449282e-9],"max":[12.5981559753,111.841278076,148.630889893,116.264770508,154.989273071,290.437988281,483.459655762,562.45123291,1837.78601074,4709.58935547,7884.21972656,1212.7713623,853.097717285,924.130859375,960.663757324,2376.09863281,1481.50695801,1778.02148438,797.737792969,419.55090332,208.28137207,104.14163208,186.627532959,67.3740615845,178.251251221,126.329574585,316.873840332,83.8529891968,28.2795181274,20.7883758545,12.4745388031,13.7723207474,15.1893310547,7.44298791885,4.04936504364,0.927322804928,0.266231685877,0.0275461953133,0.00051933247596,0.000570960924961],"mean":[1.38212132454,13.1753778458,11.5999040604,5.40271425247,8.9750957489,11.6126375198,19.9488925934,22.5126132965,47.2806663513,60.9758377075,69.4326248169,36.5730133057,20.8434619904,19.6509437561,10.8745384216,20.0533618927,13.8939180374,13.3080434799,8.28128051758,5.99580764771,5.56231975555,5.0143122673,5.26710319519,2.2488822937,2.12035775185,3.28286027908,1.48916184902,0.827417016029,0.83701723814,0.55991011858,0.386586159468,0.31716376543,0.213284865022,0.112677074969,0.051112614572,0.019146675244,0.00442530820146,0.000470003287774,0.0000478465553897,0.0000907035500859],"median":[1.18466353416,8.59088134766,8.25114250183,3.69476175308,6.00815582275,5.38817596436,8.54914951324,8.12729454041,12.1380214691,8.6571559906,8.75830078125,4.69505596161,2.99104261398,3.72043561935,2.35664463043,4.31125068665,1.91479873657,1.11293947697,1.20333790779,1.50448966026,1.69626903534,1.85336232185,1.87330508232,0.915646076202,1.04432296753,1.15570127964,0.436841130257,0.23071795702,0.238598585129,0.141814395785,0.0817483067513,0.0647238045931,0.0426114276052,0.0262976996601,0.0101685477421,0.004020255059,0.0008867107681,0.000105087659904,0.0000399436321459,0.0000792245336925],"min":[5.34028225032e-23,8.27223375125e-22,7.96214007723e-21,1.58241072898e-20,2.02104748259e-20,1.13190154251e-19,1.26970311172e-19,2.49417262712e-19,6.44696401015e-19,6.37940455061e-19,5.08179650093e-19,1.33047627812e-18,1.57091079882e-18,1.78372668944e-18,1.85716006191e-18,2.82847772338e-18,3.40086602775e-18,4.08215162579e-18,3.29391571045e-18,6.02056253734e-18,7.68586033092e-18,7.48018931623e-18,1.0702881674e-17,1.14790632931e-17,1.58477366346e-17,1.07262420817e-17,8.8906745357e-18,1.64040619186e-17,1.41424061945e-17,1.42706522767e-17,1.76169585052e-17,1.2787387571e-17,1.25312709467e-17,1.0429889738e-17,6.87334935294e-18,5.49178319487e-18,2.94474767785e-18,1.1947399721e-18,2.5759508044e-19,3.2390712577e-20],"var":[1.54372024536,201.311264038,176.642120361,47.165977478,98.7365112305,338.436004639,1215.7980957,1687.60998535,16145.4814453,41700.328125,134391.40625,9162.35839844,2719.75512695,2796.03930664,665.156616211,5036.68945313,1849.18017578,3083.84350586,829.537597656,202.968200684,113.085449219,60.6560401917,110.437385559,16.7147789001,21.3744544983,44.8958930969,25.9662513733,6.56455183029,3.18478775024,1.41259098053,0.82963258028,0.53551363945,0.311128914356,0.107278287411,0.0246627219021,0.00266685313545,0.000129201565869,0.00000135409709401,1.59635371588e-9,4.71295269477e-9]},"erbbands_crest":{"dmean":2.29794764519,"dmean2":3.51655936241,"dvar":4.99279880524,"dvar2":11.3875417709,"max":32.0985679626,"mean":11.5006809235,"median":10.5611772537,"min":2.37016272545,"var":21.3967037201},"erbbands_flatness_db":{"dmean":0.0167237687856,"dmean2":0.0231502745301,"dvar":0.000279217027128,"dvar2":0.00055622466607,"max":0.318076699972,"mean":0.188898056746,"median":0.190616875887,"min":0.0272024646401,"var":0.00149506819434},"erbbands_kurtosis":{"dmean":1.11072778702,"dmean2":1.71366214752,"dvar":1.87700974941,"dvar2":4.21608877182,"max":39.1258468628,"mean":1.79051208496,"median":1.17506289482,"min":-1.78180420399,"var":7.55165672302},"erbbands_skewness":{"dmean":0.307483404875,"dmean2":0.462066084146,"dvar":0.0897397398949,"dvar2":0.193536609411,"max":5.44729709625,"mean":1.00198853016,"median":0.986664175987,"min":-3.31258320808,"var":0.49942690134},"erbbands_spread":{"dmean":6.29334020615,"dmean2":9.41381263733,"dvar":70.8794555664,"dvar2":151.716217041,"max":148.218582153,"mean":31.7174091339,"median":28.0781135559,"min":3.83163714409,"var":323.885650635},"gfcc":{"cov":[[8855.75585938,-228.676330566,-616.087768555,-134.863830566,-607.60723877,304.554412842,-158.768386841,249.552490234,-4.02032232285,197.377639771,-70.6153869629,-108.50201416,-149.966430664],[-228.676330566,722.028442383,44.1087760925,-127.409156799,246.142379761,-105.37802887,185.708877563,-58.7858428955,112.095291138,-99.7897186279,114.949829102,-9.92266750336,43.2417602539],[-616.087768555,44.1087760925,538.856689453,210.87953186,225.416671753,46.5032043457,71.3091506958,3.08782315254,27.7563896179,-8.68047332764,28.5295734406,51.8421859741,80.1689300537],[-134.863830566,-127.409156799,210.87953186,422.142364502,183.861373901,-86.882194519,-75.6913833618,0.0822723805904,17.8676948547,-15.05423069,-19.6985721588,51.4023094177,127.985649109],[-607.60723877,246.142379761,225.416671753,183.861373901,441.345825195,-47.6860809326,57.5668983459,-18.5921192169,101.647926331,-25.1499061584,36.6625709534,15.0401697159,109.206222534],[304.554412842,-105.37802887,46.5032043457,-86.882194519,-47.6860809326,253.466506958,99.090965271,17.6016178131,-7.33899641037,42.1534233093,-5.38961315155,-38.0705337524,-64.4800415039],[-158.768386841,185.708877563,71.3091506958,-75.6913833618,57.5668983459,99.090965271,295.394714355,25.5964412689,36.635055542,-20.0155773163,49.9503669739,-16.5900993347,-34.2950286865],[249.552490234,-58.7858428955,3.08782315254,0.0822723805904,-18.5921192169,17.6016178131,25.5964412689,116.669563293,18.9104785919,20.3476142883,7.65732431412,-17.4952945709,-0.0164916273206],[-4.02032232285,112.095291138,27.7563896179,17.8676948547,101.647926331,-7.33899641037,36.635055542,18.9104785919,141.48727417,18.9900035858,23.1132831573,-8.659116745,19.8934211731],[197.377639771,-99.7897186279,-8.68047332764,-15.05423069,-25.1499061584,42.1534233093,-20.0155773163,20.3476142883,18.9900035858,130.188674927,15.8185997009,-44.6108360291,-27.7818622589],[-70.6153869629,114.949829102,28.5295734406,-19.6985721588,36.6625709534,-5.38961315155,49.9503669739,7.65732431412,23.1132831573,15.8185997009,104.214561462,-0.466633677483,-1.52120566368],[-108.50201416,-9.92266750336,51.8421859741,51.4023094177,15.0401697159,-38.0705337524,-16.5900993347,-17.4952945709,-8.659116745,-44.6108360291,-0.466633677483,115.706260681,43.7559700012],[-149.966430664,43.2417602539,80.1689300537,127.985649109,109.206222534,-64.4800415039,-34.2950286865,-0.0164916273206,19.8934211731,-27.7818622589,-1.52120566368,43.7559700012,135.637924194]],"icov":[[0.000195710934349,-0.000557873339858,0.000288018287392,-0.000509669422172,0.000400727294618,-0.000629954854958,0.000347968132701,-0.000627208093647,0.0000943321356317,-0.000452164764283,0.000327290093992,-0.000299421750242,0.000164528828464],[-0.000557873339858,0.00721725914627,-0.00127080758102,0.0048306863755,-0.00324784708209,0.00480710528791,-0.00331337703392,0.00471000000834,-0.00265768449754,0.00502284104005,-0.00463717244565,0.00338136591017,-0.00238598813303],[0.000288018287392,-0.00127080758102,0.0036075708922,-0.0022851373069,-0.000393989932491,-0.00235592806712,0.000168891157955,-0.00130600901321,0.000884930719621,-0.00125591165852,0.000198103050934,-0.0018270846922,0.000191926243133],[-0.000509669422172,0.0048306863755,-0.0022851373069,0.00778461713344,-0.00323257991113,0.0042713470757,-0.00146495050285,0.00286905537359,-0.00126049097162,0.00283344648778,-0.00192327308469,0.00194839702453,-0.00372010585852],[0.000400727294618,-0.00324784708209,-0.000393989932491,-0.00323257991113,0.00621655676514,-0.00196468224749,0.000774206535425,-0.000953684793785,-0.00142702786252,-0.00160086562391,0.00130484974943,-0.0000978969110292,-0.00105430628173],[-0.000629954854958,0.00480710528791,-0.00235592806712,0.0042713470757,-0.00196468224749,0.00973521266133,-0.00428407872096,0.00342439464293,-0.00112558086403,0.00152170879301,-0.00125188566744,0.00292216567323,-0.000219859939534],[0.000347968132701,-0.00331337703392,0.000168891157955,-0.00146495050285,0.000774206535425,-0.00428407872096,0.00696493731812,-0.00339062325656,0.000297512044199,-0.0000887238129508,-0.0000422851517214,-0.00123618845828,0.00216072704643],[-0.000627208093647,0.00471000000834,-0.00130600901321,0.00286905537359,-0.000953684793785,0.00342439464293,-0.00339062325656,0.0132309477776,-0.00304449955001,0.002408324508,-0.00327056832612,0.00366394640878,-0.00286908564158],[0.0000943321356317,-0.00265768449754,0.000884930719621,-0.00126049097162,-0.00142702786252,-0.00112558086403,0.000297512044199,-0.00304449955001,0.0106068281457,-0.00373681494966,0.00125485914759,-0.00138983118813,0.000448007078376],[-0.000452164764283,0.00502284104005,-0.00125591165852,0.00283344648778,-0.00160086562391,0.00152170879301,-0.0000887238129508,0.002408324508,-0.00373681494966,0.0144041161984,-0.00579844182357,0.00580334896222,-0.000481139315525],[0.000327290093992,-0.00463717244565,0.000198103050934,-0.00192327308469,0.00130484974943,-0.00125188566744,-0.0000422851517214,-0.00327056832612,0.00125485914759,-0.00579844182357,0.0148636531085,-0.0031259872485,0.0016845180653],[-0.000299421750242,0.00338136591017,-0.0018270846922,0.00194839702453,-0.0000978969110292,0.00292216567323,-0.00123618845828,0.00366394640878,-0.00138983118813,0.00580334896222,-0.0031259872485,0.0136057483032,-0.00404344778508],[0.000164528828464,-0.00238598813303,0.000191926243133,-0.00372010585852,-0.00105430628173,-0.000219859939534,0.00216072704643,-0.00286908564158,0.000448007078376,-0.000481139315525,0.0016845180653,-0.00404344778508,0.0141612682492]],"mean":[-52.972869873,149.320083618,-82.3065872192,37.9824562073,-42.447681427,8.49622821808,-22.5520324707,12.8543844223,-10.1398487091,3.29170823097,-2.37087202072,-0.277899861336,-3.9445309639]},"hfc":{"dmean":4.17201662064,"dmean2":6.19067430496,"dvar":61.7424240112,"dvar2":138.280303955,"max":229.437438965,"mean":15.1042690277,"median":11.4389543533,"min":1.1620373535e-16,"var":258.252319336},"melbands":{"dmean":[0.0037955546286,0.0030470774509,0.000558822997846,0.000341289356584,0.000228880628129,0.000201816539629,0.000397074472858,0.00034373314702,0.0002118472039,0.0000864897738211,0.0000516281288583,0.0000512984515808,0.0000234098661167,0.0000242381429416,0.0000229415854847,0.0000179507351277,0.0000136274766191,0.00000934152831178,0.00000547636091142,0.00000531860359843,0.00000338138306688,0.00000225386065722,0.00000279407049675,0.00000204993375519,9.22796687064e-7,7.61376270475e-7,0.00000102008061731,0.00000104656430722,6.41581436867e-7,4.48045000212e-7,3.33499428962e-7,3.19403199001e-7,2.69931973662e-7,1.96633067162e-7,1.95283845983e-7,1.56997771228e-7,1.57690351443e-7,1.26941102963e-7,1.00603372744e-7,7.40145864597e-8],"dmean2":[0.00590800447389,0.00491797924042,0.000928140536416,0.000547357951291,0.000335613003699,0.000303497276036,0.000632192881312,0.000510945217684,0.000287804024993,0.000119381220429,0.0000794540828792,0.0000839212152641,0.0000373591501557,0.000037198249629,0.0000343002284353,0.0000275823913398,0.0000200238810066,0.0000146090978888,0.00000914688098419,0.00000893046490091,0.00000542300494999,0.00000353264204023,0.00000428207022196,0.00000315709917231,0.00000149281709128,0.00000121438142742,0.00000154525685048,0.00000152856580371,9.66773654909e-7,7.0549162956e-7,5.11871917297e-7,4.85945349737e-7,4.14027766737e-7,3.0471440482e-7,3.09294392764e-7,2.44989877274e-7,2.46065610554e-7,1.95934404701e-7,1.56777616667e-7,1.13631294596e-7],"dvar":[0.0000528803611815,0.0000384645973099,0.00000131512570078,2.81505037947e-7,1.97490436449e-7,1.76490488002e-7,0.00000120790855362,0.00000136788446525,9.17393549571e-7,6.22549620743e-8,1.97321661233e-8,2.08131911705e-8,4.85889017909e-9,5.14812459329e-9,5.84734838327e-9,6.20343554303e-9,2.31726682287e-9,1.06542674683e-9,2.25071156157e-10,2.41815206747e-10,6.12810704959e-11,2.00865487437e-11,3.32114891144e-11,2.95532313899e-11,5.18597534707e-12,3.6935584799e-12,6.31206632101e-12,7.49556753471e-12,9.67562054782e-12,5.16477962828e-12,1.03553439695e-12,5.63789574921e-13,3.95084626906e-13,2.35783316699e-13,2.57375094544e-13,1.56245459279e-13,1.53635459389e-13,1.16814937172e-13,7.92070876661e-14,4.59296093996e-14],"dvar2":[0.000126972954604,0.000100545359601,0.0000036991914385,7.61493311074e-7,4.30075090208e-7,3.9754553427e-7,0.00000300806300402,0.00000238527331931,0.0000010618326769,1.10448880264e-7,4.16758396682e-8,5.2345502155e-8,1.16289413654e-8,9.31055943454e-9,1.02698418658e-8,1.32182202961e-8,4.21326262767e-9,2.1928381333e-9,5.8188737162e-10,6.50808074099e-10,1.48969850344e-10,4.82470591257e-11,7.77988437561e-11,6.28771618105e-11,1.27098236449e-11,7.70951445045e-12,1.42367853617e-11,1.53591896146e-11,2.05751613663e-11,1.36694440489e-11,2.25248834342e-12,1.20255769318e-12,8.9695693364e-13,5.46668287894e-13,6.17086189005e-13,3.63032845972e-13,3.48426176149e-13,2.52640898653e-13,1.73757289481e-13,9.71521379512e-14],"max":[0.12391191721,0.0936530902982,0.0178380627185,0.0128595875576,0.0134966848418,0.0108582908288,0.0281126629561,0.0558893941343,0.0550777800381,0.00740727130324,0.00420642411336,0.00413910206407,0.00230528274551,0.00459213461727,0.00384586956352,0.00570328952745,0.00289155822247,0.00162764370907,0.00038659494021,0.00061026297044,0.000206973709282,0.000110908164061,0.000198823065148,0.000187213052413,0.0000493716142955,0.000126096987515,0.000103030586615,0.000110249195131,0.000240604829742,0.000113408539619,0.0000402249388571,0.0000188298454304,0.000014720809304,0.000012391720702,0.00000903221189219,0.00000701291537553,0.00000937417280511,0.0000135413883982,0.00000943868053582,0.00000518756451129],"mean":[0.0147280832753,0.0106095243245,0.00105245248415,0.000743195647374,0.000652399554383,0.000484847492771,0.000760394730605,0.000696568924468,0.000500608119182,0.000221758469706,0.000103554826637,0.000081624602899,0.000034853877878,0.0000486902827106,0.0000426262304245,0.0000305656612909,0.0000229990855587,0.0000142427079481,0.0000072446619015,0.00000746877776692,0.00000627916188023,0.00000486539465783,0.00000582207621846,0.00000400357612307,0.00000149224524648,0.00000127250496007,0.00000201031321012,0.00000218117975237,0.00000101672310393,5.84456643082e-7,4.38964150362e-7,4.75764807106e-7,4.31853806049e-7,2.60459955825e-7,2.2804864841e-7,1.90723255855e-7,1.95982352125e-7,1.56330955292e-7,1.1936008093e-7,8.68020180178e-8],"median":[0.0122219081968,0.00716820638627,0.000754487002268,0.000442506163381,0.00029554075445,0.000192187872017,0.000181174313184,0.0000864945322974,0.0000578749204578,0.0000239822475123,0.0000138348696055,0.0000148318813444,0.00000531955265615,0.0000107607929749,0.00000713938015906,0.00000263329729933,0.00000174643412265,0.00000169041004483,0.00000160337503985,0.00000203312674785,0.00000180376184744,0.00000167356529346,0.00000207630409932,0.00000122587903206,5.42933662473e-7,5.49217702428e-7,7.92837056451e-7,6.57506461721e-7,2.61332445461e-7,1.33242011202e-7,1.11471663899e-7,1.33816001835e-7,1.07213217859e-7,6.28337488706e-8,4.68230183515e-8,3.67550399005e-8,3.97618933334e-8,2.83524848044e-8,2.64771671254e-8,1.88184579031e-8],"min":[9.4295354318e-25,3.05732944023e-24,2.74654782585e-24,4.65294064385e-24,5.09253574986e-24,6.4396565572e-24,9.19239023584e-24,7.16692359737e-24,5.04118721582e-24,7.94601524914e-24,7.79553766489e-24,7.11569733677e-24,5.08334275931e-24,6.26283535745e-24,4.51026528838e-24,6.56032742658e-24,7.27248580827e-24,6.12867575545e-24,4.87541480191e-24,9.26655420499e-24,9.23648913817e-24,7.70443921869e-24,6.32026719236e-24,8.39810670076e-24,9.15383308138e-24,1.03034156239e-23,7.81217710796e-24,6.69652110642e-24,5.12176501856e-24,5.51744344912e-24,9.69907796185e-24,8.40972109987e-24,7.73632182104e-24,7.42994796697e-24,1.0364161069e-23,8.88838927538e-24,7.38972710486e-24,7.91588234029e-24,9.10465707027e-24,7.3023205277e-24],"var":[0.000186812278116,0.000123539153719,0.00000139647022479,8.79903836903e-7,0.00000113377325306,7.15488795322e-7,0.00000404220099881,0.00000514800649398,0.00000698521080267,3.53433534883e-7,7.1584622674e-8,5.3140070122e-8,8.77037997782e-9,1.99915213273e-8,1.9764263115e-8,2.09343724578e-8,9.68512381405e-9,3.23488191789e-9,3.13279874264e-10,3.11720788071e-10,1.55935320212e-10,6.84651571548e-11,9.88282303216e-11,1.02047752193e-10,9.07665869548e-12,1.03291472597e-11,1.69723107096e-11,2.32486217777e-11,1.35603698409e-11,6.19635115787e-12,1.66012288551e-12,1.13965867993e-12,8.97557419013e-13,3.41447681761e-13,3.15739540633e-13,2.02450876159e-13,2.16752627674e-13,1.74625003585e-13,1.14871220175e-13,6.97929669786e-14]},"melbands_crest":{"dmean":2.3543446064,"dmean2":3.78675699234,"dvar":7.64112758636,"dvar2":19.0753059387,"max":39.3277130127,"mean":19.0030040741,"median":19.685710907,"min":2.31797218323,"var":25.7141475677},"melbands_flatness_db":{"dmean":0.0306326746941,"dmean2":0.0431616902351,"dvar":0.00133940426167,"dvar2":0.00262542627752,"max":0.646832764149,"mean":0.371240526438,"median":0.371774673462,"min":0.00449492689222,"var":0.00799608975649},"melbands_kurtosis":{"dmean":16.7325744629,"dmean2":25.302444458,"dvar":836.414733887,"dvar2":1786.62609863,"max":620.717956543,"mean":44.7712364197,"median":25.0086479187,"min":-1.43915748596,"var":3169.38061523},"melbands_skewness":{"dmean":0.911805689335,"dmean2":1.38041841984,"dvar":1.27152955532,"dvar2":2.79918980598,"max":18.6913661957,"mean":4.18506860733,"median":3.85262060165,"min":-0.880803525448,"var":6.32031583786},"melbands_spread":{"dmean":1.83727288246,"dmean2":2.83089518547,"dvar":15.372382164,"dvar2":31.9836330414,"max":150.559539795,"mean":6.10097408295,"median":4.35724210739,"min":0.354709059,"var":48.5603218079},"mfcc":{"cov":[[6177.31689453,55.8224639893,-291.936004639,-483.276153564,-412.586608887,-142.980194092,-94.6781311035,-29.0468158722,-42.0522918701,209.676559448,180.441925049,63.2978744507,-85.3615951538],[55.8224639893,1047.70251465,-116.487197876,23.9662322998,10.9942274094,23.8234119415,72.3813323975,108.838760376,-0.983785510063,12.7532014847,74.6911773682,-3.89572501183,63.3544654846],[-291.936004639,-116.487197876,353.383392334,74.8008117676,48.5404472351,67.1011962891,65.9227600098,31.8958377838,32.5337753296,-24.8624477386,-16.8992061615,23.510137558,27.8261547089],[-483.276153564,23.9662322998,74.8008117676,508.321990967,264.652526855,-5.86292457581,-31.8931083679,7.60671424866,82.101524353,-75.5349655151,-116.473007202,6.96630001068,76.1960296631],[-412.586608887,10.9942274094,48.5404472351,264.652526855,380.000640869,29.3667373657,-37.6186981201,-45.6709289551,75.2575912476,-22.3911323547,-67.6016769409,13.698472023,39.8220672607],[-142.980194092,23.8234119415,67.1011962891,-5.86292457581,29.3667373657,205.021072388,54.7299919128,34.6199493408,24.1141319275,27.790140152,44.5989570618,-2.80042219162,-24.2672634125],[-94.6781311035,72.3813323975,65.9227600098,-31.8931083679,-37.6186981201,54.7299919128,189.856460571,49.9572792053,13.4819326401,37.3765525818,46.403503418,23.3337535858,6.57956504822],[-29.0468158722,108.838760376,31.8958377838,7.60671424866,-45.6709289551,34.6199493408,49.9572792053,185.104644775,21.609500885,-9.69172000885,6.63901185989,-14.9285793304,4.08349323273],[-42.0522918701,-0.983785510063,32.5337753296,82.101524353,75.2575912476,24.1141319275,13.4819326401,21.609500885,124.192840576,25.6721363068,-16.5748577118,6.1788110733,7.81154727936],[209.676559448,12.7532014847,-24.8624477386,-75.5349655151,-22.3911323547,27.790140152,37.3765525818,-9.69172000885,25.6721363068,152.949905396,76.2535858154,5.67706203461,-21.785905838],[180.441925049,74.6911773682,-16.8992061615,-116.473007202,-67.6016769409,44.5989570618,46.403503418,6.63901185989,-16.5748577118,76.2535858154,170.904800415,25.2097473145,-27.0555839539],[63.2978744507,-3.89572501183,23.510137558,6.96630001068,13.698472023,-2.80042219162,23.3337535858,-14.9285793304,6.1788110733,5.67706203461,25.2097473145,94.2869720459,18.902973175],[-85.3615951538,63.3544654846,27.8261547089,76.1960296631,39.8220672607,-24.2672634125,6.57956504822,4.08349323273,7.81154727936,-21.785905838,-27.0555839539,18.902973175,119.48374939]],"icov":[[0.000197588655283,-0.0000175616460183,0.0000700294331182,0.0000810048368294,0.000162621072377,0.000096432697319,0.000183588956133,-0.0000191232065845,-0.0000887464630068,-0.00021861854475,-0.0000242944297497,-0.000206906435778,0.0000316100740747],[-0.0000175616460183,0.00123157410417,0.000618237187155,-0.0000780062255217,-0.00026668474311,-0.0000696086281096,-0.000440927222371,-0.00070220255293,0.000134455331136,0.000225416282774,-0.000708686420694,0.000278180988971,-0.0008089527837],[0.0000700294331182,0.000618237187155,0.00381303741597,-0.000216089509195,-0.000133093213663,-0.00102964846883,-0.00119026575703,-0.000463302625576,-0.000406740233302,0.000753763713874,0.0000216026000999,-0.000600930070505,-0.000847379851621],[0.0000810048368294,-0.0000780062255217,-0.000216089509195,0.00390830589458,-0.00207931245677,0.000256078899838,0.000162423428264,-0.000502151902765,-0.0012033659732,0.00092329538893,0.000992719084024,-0.000124501428218,-0.00109807390254],[0.000162621072377,-0.00026668474311,-0.000133093213663,-0.00207931245677,0.00506499921903,-0.00101382797584,0.000905655324459,0.00156633986626,-0.00155482930131,-0.000487859011628,0.000625219254289,-0.000687367166393,-0.000119801399705],[0.000096432697319,-0.0000696086281096,-0.00102964846883,0.000256078899838,-0.00101382797584,0.00649102870375,-0.00105735950638,-0.000804510782473,-0.000566574337427,-0.000204694544664,-0.00163937290199,0.000847954011988,0.00141858926509],[0.000183588956133,-0.000440927222371,-0.00119026575703,0.000162423428264,0.000905655324459,-0.00105735950638,0.00747173186392,-0.00127462425735,-0.000280360778561,-0.00162963068578,-0.000469214952318,-0.00173715362325,-0.00045612824033],[-0.0000191232065845,-0.00070220255293,-0.000463302625576,-0.000502151902765,0.00156633986626,-0.000804510782473,-0.00127462425735,0.00717960018665,-0.0017891889438,0.00119075132534,-0.0000715285132173,0.00139724591281,0.0000230176210607],[-0.0000887464630068,0.000134455331136,-0.000406740233302,-0.0012033659732,-0.00155482930131,-0.000566574337427,-0.000280360778561,-0.0017891889438,0.0112355202436,-0.00332185556181,0.00159612181596,-0.000783020164818,0.0003522062907],[-0.00021861854475,0.000225416282774,0.000753763713874,0.00092329538893,-0.000487859011628,-0.000204694544664,-0.00162963068578,0.00119075132534,-0.00332185556181,0.0103693706915,-0.00400974275544,0.00119369581807,0.000141074371641],[-0.0000242944297497,-0.000708686420694,0.0000216026000999,0.000992719084024,0.000625219254289,-0.00163937290199,-0.000469214952318,-0.0000715285132173,0.00159612181596,-0.00400974275544,0.010233880952,-0.00295783905312,0.00115708191879],[-0.000206906435778,0.000278180988971,-0.000600930070505,-0.000124501428218,-0.000687367166393,0.000847954011988,-0.00173715362325,0.00139724591281,-0.000783020164818,0.00119369581807,-0.00295783905312,0.0128757571802,-0.00206469604746],[0.0000316100740747,-0.0008089527837,-0.000847379851621,-0.00109807390254,-0.000119801399705,0.00141858926509,-0.00045612824033,0.0000230176210607,0.0003522062907,0.000141074371641,0.00115708191879,-0.00206469604746,0.0106621775776]],"mean":[-705.897033691,175.484542847,23.8820266724,39.1837348938,11.25,5.95726490021,4.98017549515,9.22345161438,4.40125274658,5.24462080002,4.13767910004,9.85731983185,8.64183807373]},"pitch_salience":{"dmean":0.0654989406466,"dmean2":0.104229472578,"dvar":0.00524559570476,"dvar2":0.0125659098849,"max":0.974397063255,"mean":0.389158725739,"median":0.373937129974,"min":0.0321849770844,"var":0.0233583934605},"silence_rate_20dB":{"dmean":0.00101430166978,"dmean2":0.00202880916186,"dvar":0.00101320608519,"dvar2":0.00283594918437,"max":1,"mean":0.999188661575,"median":1,"min":0,"var":0.000810616009403},"silence_rate_30dB":{"dmean":0.0852013379335,"dmean2":0.170419961214,"dvar":0.0779443457723,"dvar2":0.16999271512,"max":1,"mean":0.68062877655,"median":1,"min":0,"var":0.217391207814},"silence_rate_60dB":{"dmean":0.00365148601122,"dmean2":0.00730371288955,"dvar":0.00363811687566,"dvar2":0.00907635502517,"max":1,"mean":0.0341784991324,"median":0,"min":0,"var":0.0330094732344},"spectral_centroid":{"dmean":94.0770645142,"dmean2":138.813674927,"dvar":29197.5605469,"dvar2":52836.7421875,"max":11541.6308594,"mean":548.932739258,"median":499.098602295,"min":109.383529663,"var":139346.9375},"spectral_complexity":{"dmean":2.02495193481,"dmean2":3.21606826782,"dvar":7.0473575592,"dvar2":15.3649606705,"max":34,"mean":10.6707906723,"median":10,"min":0,"var":21.8034896851},"spectral_contrast_coeffs":{"dmean":[0.041517470032,0.0420558154583,0.0348053909838,0.0294582936913,0.0229763388634,0.0212604142725],"dmean2":[0.0687603354454,0.0665300637484,0.055431958288,0.0468535721302,0.0352806560695,0.0324044600129],"dvar":[0.0012043218594,0.00133824453223,0.00088824640261,0.000615242752247,0.000372905982658,0.000328043854097],"dvar2":[0.00327995815314,0.00317257968709,0.00207334011793,0.0014732592972,0.000813814462163,0.000737791298889],"max":[-0.408926963806,-0.304177641869,-0.42531850934,-0.545495927334,-0.595911204815,-0.523772060871],"mean":[-0.661902785301,-0.666873157024,-0.741558253765,-0.772043645382,-0.774534702301,-0.772814452648],"median":[-0.662754893303,-0.666389167309,-0.75222837925,-0.780870199203,-0.776584148407,-0.777097344398],"min":[-0.965720593929,-0.990762412548,-0.970099210739,-0.959727466106,-0.966435194016,-0.960139453411],"var":[0.00470016291365,0.00725641474128,0.00547728221864,0.00339587288909,0.00199764641002,0.00164170237258]},"spectral_contrast_valleys":{"dmean":[0.344218254089,0.369689583778,0.371075510979,0.345781594515,0.312731981277,0.460562348366],"dmean2":[0.554493606091,0.583774149418,0.579070627689,0.526036560535,0.43704226613,0.583948731422],"dvar":[0.103440098464,0.151111409068,0.178985908628,0.181747794151,0.112480223179,0.219860360026],"dvar2":[0.234817162156,0.321871846914,0.384162515402,0.383261173964,0.195052355528,0.343262016773],"max":[-4.66561031342,-4.44913578033,-5.18397521973,-5.77564954758,-6.42501306534,-8.43482208252],"mean":[-6.57434654236,-6.95483589172,-8.02161407471,-8.68423748016,-8.73792743683,-11.5181427002],"median":[-6.40957927704,-6.91233778,-8.01882839203,-8.6595916748,-8.63408565521,-11.4622068405],"min":[-27.3730602264,-27.6236228943,-27.4090442657,-27.4513072968,-27.5947875977,-27.3204574585],"var":[1.04742741585,1.06703495979,1.13582491875,1.07465684414,1.03327655792,1.52199470997]},"spectral_decrease":{"dmean":4.92942220376e-9,"dmean2":7.67462715601e-9,"dvar":7.46642933218e-17,"dvar2":1.7958514615e-16,"max":1.26254373615e-28,"mean":-2.14779589669e-8,"median":-1.87935143003e-8,"min":-1.37154742674e-7,"var":2.70612097692e-16},"spectral_energy":{"dmean":0.0189121589065,"dmean2":0.0294253472239,"dvar":0.00108723796438,"dvar2":0.0026120217517,"max":0.522120416164,"mean":0.0824324861169,"median":0.0720547288656,"min":1.0781773411e-20,"var":0.00395803013816},"spectral_energyband_high":{"dmean":0.0000705156708136,"dmean2":0.000103039135865,"dvar":3.0734529588e-8,"dvar2":6.19582394279e-8,"max":0.00791224651039,"mean":0.000117913426948,"median":0.00003916462083,"min":7.63827786478e-21,"var":6.12002466482e-8},"spectral_energyband_low":{"dmean":0.0164013803005,"dmean2":0.0258829966187,"dvar":0.00101147172973,"dvar2":0.00246915593743,"max":0.512761592865,"mean":0.0636654645205,"median":0.0531815774739,"min":3.02879200255e-23,"var":0.00345778861083},"spectral_energyband_middle_high":{"dmean":0.000959075405262,"dmean2":0.00149969721679,"dvar":0.00000503866613144,"dvar2":0.0000122970204757,"max":0.0534927174449,"mean":0.00219712546095,"median":0.000892254407518,"min":1.46495231388e-21,"var":0.0000153740147653},"spectral_energyband_middle_low":{"dmean":0.00541839888319,"dmean2":0.00822037644684,"dvar":0.000100266275695,"dvar2":0.000216578511754,"max":0.307566523552,"mean":0.0168653447181,"median":0.0114632183686,"min":2.96921135786e-22,"var":0.000461010669824},"spectral_entropy":{"dmean":0.197064593434,"dmean2":0.280128657818,"dvar":0.0469994209707,"dvar2":0.0859739333391,"max":9.80919837952,"mean":6.71827697754,"median":6.69432449341,"min":5.37916517258,"var":0.206307217479},"spectral_flux":{"dmean":0.0337806381285,"dmean2":0.0531240589917,"dvar":0.00211615348235,"dvar2":0.0044794450514,"max":0.626737415791,"mean":0.082450427115,"median":0.0631574094296,"min":6.89029874823e-11,"var":0.00417825439945},"spectral_kurtosis":{"dmean":3.87712597847,"dmean2":6.49854278564,"dvar":16.2443466187,"dvar2":43.622177124,"max":79.4443283081,"mean":10.0534391403,"median":8.42745780945,"min":-1.24006211758,"var":46.0019340515},"spectral_rms":{"dmean":0.00104121048935,"dmean2":0.00156689702999,"dvar":0.00000230372370424,"dvar2":0.00000504550871483,"max":0.0225695762783,"mean":0.00820153858513,"median":0.0083843478933,"min":3.24327045255e-12,"var":0.0000131567585413},"spectral_rolloff":{"dmean":90.5074539185,"dmean2":155.380218506,"dvar":127232.53125,"dvar2":265482.15625,"max":19056.8847656,"mean":340.939025879,"median":236.865234375,"min":21.533203125,"var":361447.59375},"spectral_skewness":{"dmean":0.368671238422,"dmean2":0.59518969059,"dvar":0.111384637654,"dvar2":0.280883580446,"max":7.32314729691,"mean":2.36818814278,"median":2.27049994469,"min":-0.0829842686653,"var":0.506753325462},"spectral_spread":{"dmean":509913.78125,"dmean2":748899.125,"dvar":461535051776,"dvar2":931691298816,"max":42043308,"mean":3462441.75,"median":3206127.25,"min":999961.5625,"var":1909547204610},"spectral_strongpeak":{"dmean":0.252051919699,"dmean2":0.410087674856,"dvar":0.298105448484,"dvar2":0.671160638332,"max":13.1840324402,"mean":0.925783455372,"median":0.656783699989,"min":0,"var":1.14857888222},"zerocrossingrate":{"dmean":0.00382165890187,"dmean2":0.00479623163119,"dvar":0.0000614791570115,"dvar2":0.0000942563565332,"max":0.5224609375,"mean":0.0167222470045,"median":0.013671875,"min":0.001953125,"var":0.000323634507367}},"metadata":{"audio_properties":{"analysis_sample_rate":44100,"bit_rate":128000,"codec":"mp3","downmix":"mix","equal_loudness":0,"length":228.911026001,"lossless":false,"md5_encoded":"07f2908e7401df3fc26d00e0e0aff1e5","replay_gain":-5.3517036438,"sample_rate":44100},"tags":{"acoustid_fingerprint":["AQADtMmUREsURUkIXzwOP7gufHg6VDtOHfnhkFuRL0kNVfwwHflxB08ozFp-XI7gBP_hy2imLARyIWki5cSjJqh6PD_OB78Ea0d1fHXwiClO7HCQN8epQ9-CWtIBP4eaC87Rs7h0nA-0K2iYDeeJHy9KicKZQqj-4TnCw4wuHLaLI9ojVHmS4nqh2So2Jg1KovgjE9YTaKQ-XMH7wXWgZy9yHT3sJDw-BozwzMkj4Amm-nCVHV6jIPk-RHsWMLqko5NOODxuHn2OP-ox3hGu4wlqNA_iQ2H64kpyodWMy_ihPTv-Ik6MaocnXUWdI2CUTyO0RFWFnMevo3bhMyKYY6dwvAp1dM-CRhT6oMGJ_ML1QHMTOGlQdUdwAUdvozke1_hR24ngH9_xot-BXFD64-GBXMOFHz2c4-KRw88K9UfYikF3NPGDHzlhRwp041cTvCCJy0cz6mB2aPoK8wg_Cp50EUdTDiVzxOmO5kq2QJGW4zH67DB044f_oJKSS9ARPkVzHheeY77QZ9LB5NLxhcRz40fzWJjKD00TpsKH9Kmg6RLiKJeOOnvhH72UY6ee4z-eHFfyo2HQJ8N_5JCeg0mkHufw-Ap--MFL_PhphNHyFdcoocnRJyfxZWjqGr2W4Tr4oPyHJLqGPyOeKfugxR48ZpFQbccj6Dru5MGpQ8tEVD46ccYppDbyr9DSH7mKN1XQXD_8CO_QP5iZ-biM4yQ-HvmDpu-gnQ9sLSRu4gsaXcSFJ8c5QXyLnLAe9MYVPcF75EiWW0O_GHuD6ffhBxfINccVHv4x9YnwF7mconkSHuUiJcMJLclDHFdxXLvgnMQf4WiWGM8HXQ-aPEeVJjp0aUek7xaO83iPP5GDKvfwG08OijiO5wiTrEXVfdAs4oRPqL_g5DqK19JwXeiZVGhCQ3ae4TxR7riIB1fhiNKhKTp-_MGXCv6gSz-e5oh34-jH4Mb-46FwM8WPdgjE78iH6wzyJBKOUjxOQRSqiriEH8eHZK7QHE9xygpa2TF-4sQPH0ef4UnyYjfyQz_GLaUQruRQPsfYo6KM9DS0X8hC3Csqd8If4SFcGnfxRg7C_Bsq8miTEOoD_4IaPfDRe3jy4YWWV0H1HBl1HBVFuBGL70cI_cgd_MKzPIEZFdkP_cizB6eDfoK_DOfhpEzQkLuEJ9sxH7V59AzK6Whe5ELS8PiPNsJz_BGQbPMR98GFGFrGHpGGJ8ez0cJFoW_Rifj14w-u4zn4w5ODD3E-3B-aT8YXHk94_Pg6_Mcv9Pg1PEdztFXwBGqPRi9OZPJxMSh-lGyxjcd5PNtCPD-OhDEzxFOSCz8Ja9KFv3iPMByN6yHywxXxL3ioF2eOHq54PCv-HONTNH9wHQ-MvIP68CCnOdhH4TtqHX_wHKIe_CTCP3ie4IerEHFC4XOgSKK8wA_y4sXLIr7QHTquXMIXUM-h88i1