{"lowlevel":{"average_loudness":0.822851777077,"barkbands":{"dmean":[0.0000284622547042,0.00271604838781,0.00236069131643,0.0011100647971,0.00128991622478,0.000531131634489,0.000347127293935,0.000145782818436,0.00017657681019,0.000325555854943,0.0000867875496624,0.000106998966658,0.000116007337056,0.000359222351108,0.000273346435279,0.000270902179182,0.000303226523101,0.000384310464142,0.000225814219448,0.0000905308261281,0.0000518159613421,0.0000239326182054,0.0000317040394293,0.0000271693024843,0.00000966465631791,0.00000272174588645,3.74504566025e-7],"dmean2":[0.0000419018906541,0.00443948060274,0.00397071009502,0.00189247820526,0.002214160515,0.000873170734849,0.000555152655579,0.000238171152887,0.000279020925518,0.000499167188536,0.000142566714203,0.000174226763193,0.000179087917786,0.000570115691517,0.00042256465531,0.000431884342106,0.000500835594721,0.000605451350566,0.000366127496818,0.000145420330227,0.0000852499579196,0.0000378155709768,0.0000481331335322,0.0000392171932617,0.0000131341712404,0.00000392523634218,5.82285792916e-7],"dvar":[2.70279620906e-9,0.000031289189792,0.000016429932657,0.00000372595604858,0.0000137766210173,0.00000180219490176,6.9241428946e-7,1.12131260721e-7,1.64303799011e-7,0.00000115717773497,7.47852695326e-8,8.18644281253e-8,1.18928817017e-7,4.83323844946e-7,4.24744882821e-7,2.72606257568e-7,4.60753426523e-7,0.00000177864819761,2.32369174569e-7,4.80058588437e-8,1.31089281652e-8,4.26144186605e-9,1.18855485454e-8,1.12453353296e-8,4.53942794465e-9,1.43422995702e-10,1.20003009266e-12],"dvar2":[6.0678866376e-9,0.0000711695465725,0.0000456402376585,0.0000102085095932,0.0000382024809369,0.00000497068413097,0.00000187494595139,2.99852217722e-7,4.02125635901e-7,0.00000276937726085,1.77955485015e-7,2.02277547601e-7,2.44175055286e-7,0.00000113140356461,9.1744357178e-7,6.41831320536e-7,0.00000119033347801,0.00000409294170822,5.64581739582e-7,1.10997881109e-7,3.25256444e-8,9.63374713336e-9,2.25948664223e-8,1.94567579825e-8,7.80491493657e-9,2.71659056361e-10,2.8631905874e-12],"max":[0.000664589111693,0.0563389062881,0.0504128709435,0.0287589021027,0.0714380294085,0.0231611896306,0.0244339685887,0.00690057314932,0.0111553072929,0.0325104035437,0.015742668882,0.0135423894972,0.0182149354368,0.0132723106071,0.0165264047682,0.0111316544935,0.0184146389365,0.0663904100657,0.0136824892834,0.00662364065647,0.003761658445,0.00214220886119,0.00366645702161,0.00299248751253,0.00400243233889,0.000559733307455,0.0000320895051118],"mean":[0.0000481823408336,0.00350926467218,0.00448551913723,0.00146453944035,0.00189103197772,0.00113536347635,0.000748462451156,0.000278499850538,0.000338232173817,0.000637712364551,0.000133478315547,0.000195746702957,0.00021893515077,0.000748995866161,0.000560752116144,0.000589578121435,0.000671283516567,0.000858995656017,0.000545276910998,0.000187243436812,0.000111973269668,0.0000371968017134,0.00005570407302,0.0000527975462319,0.0000160253621289,0.00000426144106314,4.77496655549e-7],"median":[0.0000290998559649,0.00172177073546,0.00291757751256,0.000835388666019,0.00109930732287,0.000538570107892,0.000306037429255,0.0000764940632507,0.000131418244564,0.00011429481674,0.0000382188190997,0.0000862232845975,0.0000753191852709,0.000365842162864,0.000212924234802,0.000256211846136,0.000274330202956,0.000256659230217,0.000275074591627,0.0000685093327775,0.0000415185349993,0.00000764708511269,0.0000093948419817,0.0000083337254182,0.00000165584447132,4.73083957786e-7,6.22516012072e-8],"min":[1.41578779648e-24,9.60457558085e-24,5.85867864431e-25,2.23927476506e-24,2.13383119884e-23,5.94777535596e-24,1.21466514489e-23,5.7000028231e-24,1.00060758049e-23,2.95375397552e-23,2.23110689924e-23,3.41142930017e-23,3.70282726104e-23,5.65233353632e-23,5.80830963885e-23,9.70379187908e-23,1.30009553082e-22,1.11324568438e-22,1.34394105102e-22,1.68516491817e-22,3.12581400528e-22,3.06525927515e-22,3.91981651656e-22,6.07064993983e-22,9.64656879254e-22,1.2429150049e-21,1.97656140229e-21],"var":[3.77629483239e-9,0.0000372351096303,0.000025248815291,0.0000042337414925,0.0000113857222459,0.00000302986040879,0.00000190110529275,2.52988769489e-7,4.34437367858e-7,0.00000324034817822,2.12643826103e-7,2.07391451568e-7,3.30605956833e-7,0.00000144588386775,0.00000124757093545,9.26390669065e-7,0.00000136484982249,0.00000402379737352,7.87889973708e-7,1.22014995441e-7,3.86261795882e-8,9.63067758875e-9,3.20217843353e-8,3.3060349125e-8,9.08842778813e-9,3.64357349847e-10,1.83833287135e-12]},"barkbands_crest":{"dmean":2.20637202263,"dmean2":3.62504291534,"dvar":4.29924201965,"dvar2":11.0164203644,"max":23.5070362091,"mean":9.64327907562,"median":8.93537998199,"min":2.75622105598,"var":14.1020059586},"barkbands_flatness_db":{"dmean":0.0180332064629,"dmean2":0.0281249005347,"dvar":0.00032178426045,"dvar2":0.000781070208177,"max":0.567536175251,"mean":0.156743243337,"median":0.143862873316,"min":0.0355023741722,"var":0.00387750356458},"barkbands_kurtosis":{"dmean":2.16319274902,"dmean2":3.4115819931,"dvar":31.906036377,"dvar2":70.5400619507,"max":238.655075073,"mean":3.52117228508,"median":0.526968121529,"min":-1.944439888,"var":128.835113525},"barkbands_skewness":{"dmean":0.456034421921,"dmean2":0.709341824055,"dvar":0.222758501768,"dvar2":0.509202361107,"max":12.740026474,"mean":1.34405243397,"median":1.18760716915,"min":-2.29134893417,"var":1.76172876358},"barkbands_spread":{"dmean":4.62569665909,"dmean2":7.25411224365,"dvar":30.7471599579,"dvar2":63.5313148499,"max":140.249954224,"mean":25.6733150482,"median":25.0180130005,"min":0.327083647251,"var":219.369033813},"dissonance":{"dmean":0.0118219219148,"dmean2":0.0197763051838,"dvar":0.000227278113016,"dvar2":0.000623217551038,"max":0.500000119209,"mean":0.46946683526,"median":0.481979131699,"min":0.159007027745,"var":0.00148189568426},"dynamic_complexity":3.64230680466,"erbbands":{"dmean":[0.0624247156084,0.691090404987,2.44218921661,3.12147307396,3.84799718857,5.10130357742,3.61583209038,4.52919149399,5.56342315674,3.51229929924,3.42415547371,3.95888113976,8.34663200378,8.07796001434,2.87314963341,5.1572060585,5.0816411972,16.926404953,12.2532215118,13.2648429871,15.7178783417,16.738325119,21.209854126,13.891910553,8.47291183472,4.66336202621,2.68186354637,1.60723173618,0.870424151421,0.863693535328,0.912869393826,0.784495592117,0.314453184605,0.11969486624,0.0665693208575,0.0171297620982,0.00485503487289,0.000632342125755,0.0000709455998731,0.00000933634782996],"dmean2":[0.100785449147,1.1407803297,4.12208366394,5.29587125778,6.50747299194,8.85069274902,6.12246417999,7.58525323868,8.89801025391,5.75985193253,5.49902486801,6.26616764069,13.0070981979,12.2717056274,4.64016389847,8.35348987579,7.75342845917,26.7935085297,18.9169883728,20.4582862854,25.3558559418,27.3311653137,33.4732666016,21.9374599457,13.991944313,7.50977325439,4.34082698822,2.66885304451,1.39435553551,1.31999611855,1.38161194324,1.13745820522,0.453389465809,0.165585845709,0.0913482606411,0.0244286209345,0.00703553576022,0.000966626277659,0.000108150095912,0.0000141916125358],"dvar":[0.0224876776338,1.84020900726,16.9810733795,30.6093521118,68.0295791626,263.382629395,74.9535140991,170.544052124,147.430755615,109.857460022,60.5572891235,64.5445556641,697.7890625,1110.40551758,52.9331512451,197.494567871,299.619537354,1100.00402832,875.231628418,817.990661621,988.166320801,1477.11889648,6789.13525391,1302.73132324,370.706970215,125.967803955,36.2177810669,14.0646123886,5.62925958633,7.56781005859,10.4518699646,8.98641490936,1.82967317104,0.644730210304,0.209201350808,0.00561485206708,0.000710366701242,0.00000824652397569,5.26156256342e-8,2.70898720123e-10],"dvar2":[0.0501357391477,4.37855529785,47.8044013977,83.1954956055,182.217315674,735.475219727,206.910949707,480.896362305,405.247467041,281.89666748,155.075073242,154.439865112,1738.92932129,2408.52416992,122.384529114,488.52243042,590.194274902,2582.75561523,1852.32275391,1872.45300293,2376.75146484,3747.15161133,16131.7529297,2656.67578125,968.158569336,296.176361084,88.0715179443,34.8723640442,13.3218688965,15.4063587189,20.1256828308,16.377040863,3.04500722885,1.07249474525,0.373604476452,0.00987748708576,0.00139761983883,0.0000199268542929,1.18107543301e-7,5.95166416151e-10],"max":[1.40072035789,14.3734064102,57.8207359314,87.4190444946,142.962356567,293.569488525,174.092086792,222.597381592,314.740386963,231.747177124,212.157302856,173.898803711,1010.36816406,1246.64099121,437.573272705,682.592468262,1007.97241211,597.838745117,794.700317383,634.455566406,765.768371582,906.237731934,4421.99658203,1591.79541016,683.874572754,366.244750977,159.593917847,149.16619873,78.3830795288,82.0547637939,107.318901062,107.005142212,54.9526786804,46.5080566406,26.5326747894,3.86628556252,1.32320022583,0.128128916025,0.00931237544864,0.000330800714437],"mean":[0.0730389878154,0.94495087862,4.6899061203,5.16273403168,5.61111450195,6.73559713364,6.05307722092,9.22647857666,12.8838157654,7.10648393631,7.43897438049,8.46441268921,16.7211875916,15.0109472275,5.2631483078,9.57814693451,11.0472402573,36.0505905151,28.9055995941,29.3475456238,37.3243408203,40.872833252,48.5154037476,35.877571106,19.8498592377,9.73035335541,5.9267373085,3.19317126274,1.3647094965,1.44857525826,1.63116180897,1.48430418968,0.594909608364,0.203785002232,0.106608249247,0.0273505784571,0.00743131898344,0.000883507775143,0.000103173479147,0.0000282730234176],"median":[0.0325357280672,0.513701856136,3.16593074799,3.70033049583,3.13194417953,3.68942165375,3.11369633675,4.0348982811,5.4192276001,2.37073945999,2.52403473854,3.7094347477,3.88793992996,2.4812476635,2.36962366104,4.21193313599,4.35877037048,17.951007843,13.3874359131,13.7437152863,16.5261917114,17.3813667297,14.8374519348,16.1773338318,10.4004507065,3.84079623222,2.03186917305,1.29229283333,0.311064481735,0.271780192852,0.266022562981,0.217211574316,0.0950528681278,0.0235906038433,0.0108947865665,0.00334470509551,0.000750884995796,0.0000871083611855,0.0000236369869526,0.0000223710303544],"min":[1.22754052238e-22,1.60827720796e-21,2.37921297198e-21,4.15490438694e-21,1.55458821827e-20,6.4292044424e-20,1.78638910595e-20,8.71544570626e-20,2.22039885032e-19,1.17134668399e-19,3.27544135525e-19,3.44707383603e-19,7.63064395708e-19,1.37121916259e-18,1.27009664289e-18,1.68600532963e-18,2.20176867498e-18,3.66422027566e-18,3.18797000401e-18,4.60451783698e-18,5.45777738629e-18,7.11928876062e-18,5.61061348012e-18,5.53519446059e-18,6.65057761986e-18,7.89018386839e-18,1.06292998226e-17,1.26991439433e-17,1.13658503914e-17,1.22778881542e-17,1.14687342888e-17,1.12004862336e-17,1.09122261978e-17,1.02124727586e-17,6.64434315958e-18,3.77382873786e-18,2.31434836994e-18,9.60545805342e-19,2.84894625594e-19,2.85692706251e-20],"var":[0.0242833159864,2.19731545448,26.2117385864,37.2996711731,73.2979660034,200.794021606,107.249168396,235.436279297,411.492126465,292.092193604,169.550842285,227.569671631,2155.98852539,3104.0480957,158.511856079,498.841400146,873.354431152,3373.67089844,3057.97705078,2415.73120117,3630.63354492,5017.68017578,14560.8037109,4350.02294922,1070.72399902,308.102783203,107.566635132,34.4817771912,11.793050766,18.0445404053,28.2706489563,25.3769683838,5.06192493439,1.28931808472,0.431962668896,0.0144433202222,0.00163260416593,0.0000116549772429,9.56353574111e-8,7.08724190446e-10]},"erbbands_crest":{"dmean":2.13824295998,"dmean2":3.42210102081,"dvar":4.71469783783,"dvar2":11.0107975006,"max":30.1739177704,"mean":9.22294521332,"median":8.0067615509,"min":2.38912391663,"var":20.2928657532},"erbbands_flatness_db":{"dmean":0.0150382770225,"dmean2":0.0205616652966,"dvar":0.000210702215554,"dvar2":0.000375937786885,"max":0.400410830975,"mean":0.184061452746,"median":0.183166384697,"min":0.0302782990038,"var":0.00243288977072},"erbbands_kurtosis":{"dmean":0.95355027914,"dmean2":1.50410783291,"dvar":3.22601103783,"dvar2":7.31115198135,"max":74.913269043,"mean":1.16039299965,"median":-0.0559462308884,"min":-1.92414772511,"var":21.387172699},"erbbands_skewness":{"dmean":0.299474388361,"dmean2":0.461488932371,"dvar":0.0928389802575,"dvar2":0.207259476185,"max":6.23223638535,"mean":-0.40961265564,"median":-0.513582885265,"min":-4.69927024841,"var":1.04940748215},"erbbands_spread":{"dmean":6.24167108536,"dmean2":9.60192298889,"dvar":49.1621780396,"dvar2":110.737823486,"max":159.441055298,"mean":36.8851203918,"median":35.8644485474,"min":2.23501348495,"var":311.090667725},"gfcc":{"cov":[[15245.9384766,-323.182189941,-2662.42700195,1173.21936035,-249.86882019,311.571502686,-86.2167358398,419.798522949,-102.997314453,10.7989282608,-107.021636963,-64.6491622925,-222.903213501],[-323.182189941,1423.37060547,-220.059570312,-185.607803345,357.696960449,-232.308349609,231.493850708,-114.829437256,11.639585495,-44.9245452881,117.677536011,-138.46232605,72.6651763916],[-2662.42700195,-220.059570312,1383.9354248,-147.357116699,-117.729324341,156.556213379,-28.202129364,-56.070640564,-26.6303672791,73.9472579956,-78.0847625732,84.584312439,-30.4568519592],[1173.21936035,-185.607803345,-147.357116699,418.357757568,11.0259466171,10.9299945831,36.6735610962,22.038028717,44.4662590027,31.7169113159,-6.14563179016,5.74835062027,-30.2063922882],[-249.86882019,357.696960449,-117.729324341,11.0259466171,381.92098999,-94.7999649048,135.537887573,2.018014431,-12.3028364182,34.1443099976,33.091129303,-16.4316749573,23.6007823944],[311.571502686,-232.308349609,156.556213379,10.9299945831,-94.7999649048,269.368041992,-2.57910823822,38.2575531006,-22.177022934,-43.364440918,-17.4186267853,-6.23134183884,-7.5543255806],[-86.2167358398,231.493850708,-28.202129364,36.6735610962,135.537887573,-2.57910823822,259.25894165,1.49271440506,-31.528345108,21.5718784332,15.7817401886,-32.4113311768,0.817148327827],[419.798522949,-114.829437256,-56.070640564,22.038028717,2.018014431,38.2575531006,1.49271440506,114.910606384,21.7604064941,-11.1346940994,-11.6036243439,8.7323513031,-10.6183109283],[-102.997314453,11.639585495,-26.6303672791,44.4662590027,-12.3028364182,-22.177022934,-31.528345108,21.7604064941,111.265991211,-8.47425270081,10.5265960693,-1.09972202778,-1.16846382618],[10.7989282608,-44.9245452881,73.9472579956,31.7169113159,34.1443099976,-43.364440918,21.5718784332,-11.1346940994,-8.47425270081,136.861343384,-2.39311480522,25.9129390717,-19.0595149994],[-107.021636963,117.677536011,-78.0847625732,-6.14563179016,33.091129303,-17.4186267853,15.7817401886,-11.6036243439,10.5265960693,-2.39311480522,89.1011428833,5.47977018356,16.5679149628],[-64.6491622925,-138.46232605,84.584312439,5.74835062027,-16.4316749573,-6.23134183884,-32.4113311768,8.7323513031,-1.09972202778,25.9129390717,5.47977018356,93.2177734375,6.7490439415],[-222.903213501,72.6651763916,-30.4568519592,-30.2063922882,23.6007823944,-7.5543255806,0.817148327827,-10.6183109283,-1.16846382618,-19.0595149994,16.5679149628,6.7490439415,67.1568984985]],"icov":[[0.000362130114809,-0.000713442568667,0.00082297087647,-0.000987827428617,0.000593762262724,-0.00105058168992,0.000668620166834,-0.00111081963405,0.00110985152423,-0.000723438512068,0.00105995219201,-0.00104757410008,0.00105000496842],[-0.000713442568667,0.00329759274609,-0.00171574915294,0.00269408104941,-0.00216637831181,0.00319710443728,-0.00238564703614,0.0033770292066,-0.00291185313836,0.00221158121713,-0.00357762142085,0.00424289517105,-0.00278528616764],[0.00082297087647,-0.00171574915294,0.00295000360347,-0.00174987036735,0.00144632416777,-0.00330551480874,0.00135674851481,-0.00160226388834,0.00203684414737,-0.00229074666277,0.00347244297154,-0.00364291178994,0.0028836322017],[-0.000987827428617,0.00269408104941,-0.00174987036735,0.00596458744258,-0.00204007141292,0.00260711880401,-0.00289208046161,0.00391183188185,-0.00490550743416,0.00148556649219,-0.00277747702785,0.0028093715664,-0.00190153729636],[0.000593762262724,-0.00216637831181,0.00144632416777,-0.00204007141292,0.00531301507726,-0.0010481076315,-0.0000978772368398,-0.00325537589379,0.00257424032316,-0.0022284372244,0.00175437750295,-0.00236441427842,0.000771767576225],[-0.00105058168992,0.00319710443728,-0.00330551480874,0.00260711880401,-0.0010481076315,0.00916713289917,-0.0028926176019,0.00143345771357,-0.00175059225876,0.00429150136188,-0.00462308432907,0.00548263639212,-0.00383441033773],[0.000668620166834,-0.00238564703614,0.00135674851481,-0.00289208046161,-0.0000978772368398,-0.0028926176019,0.00725838448852,-0.00327973766252,0.00412096502259,-0.00239639589563,0.00179317058064,-0.00106752791908,0.00227366853505],[-0.00111081963405,0.0033770292066,-0.00160226388834,0.00391183188185,-0.00325537589379,0.00143345771357,-0.00327973766252,0.0154126947746,-0.00693221576512,0.003220745828,-0.00177485216409,0.00162903685123,-0.00145842449274],[0.00110985152423,-0.00291185313836,0.00203684414737,-0.00490550743416,0.00257424032316,-0.00175059225876,0.00412096502259,-0.00693221576512,0.0149732008576,-0.00160168984439,0.00147298548836,-0.00236292066984,0.00298398011364],[-0.000723438512068,0.00221158121713,-0.00229074666277,0.00148556649219,-0.0022284372244,0.00429150136188,-0.00239639589563,0.003220745828,-0.00160168984439,0.0113663403317,-0.00280911964364,0.000481086230138,0.00048203728511],[0.00105995219201,-0.00357762142085,0.00347244297154,-0.00277747702785,0.00175437750295,-0.00462308432907,0.00179317058064,-0.00177485216409,0.00147298548836,-0.00280911964364,0.0178194567561,-0.00715006701648,0.00182650913484],[-0.00104757410008,0.00424289517105,-0.00364291178994,0.0028093715664,-0.00236441427842,0.00548263639212,-0.00106752791908,0.00162903685123,-0.00236292066984,0.000481086230138,-0.00715006701648,0.0196161754429,-0.00685022445396],[0.00105000496842,-0.00278528616764,0.0028836322017,-0.00190153729636,0.000771767576225,-0.00383441033773,0.00227366853505,-0.00145842449274,0.00298398011364,0.00048203728511,0.00182650913484,-0.00685022445396,0.021307580173]],"mean":[-51.364906311,117.241645813,-127.973609924,49.3545532227,-33.2669143677,1.45657646656,-41.1164741516,5.99617576599,-17.4034900665,-5.61413908005,-9.33618164062,-10.7759160995,-10.069231987]},"hfc":{"dmean":3.78687787056,"dmean2":5.78464365005,"dvar":50.4399490356,"dvar2":114.132759094,"max":242.702880859,"mean":15.819270134,"median":11.2142448425,"min":1.11498758495e-16,"var":275.88583374},"melbands":{"dmean":[0.000666208972689,0.00109139841516,0.000531492754817,0.00032341197948,0.000137628609082,0.000102343998151,0.0000815334715298,0.0000351467097062,0.0000287043549179,0.0000259016451309,0.0000420568212576,0.0000344106920238,0.0000109392021841,0.0000107734413177,0.000012558832168,0.0000127981247715,0.000037113106373,0.0000221081772906,0.0000191147501027,0.0000169176510099,0.000019919456463,0.0000180119313882,0.0000229241195484,0.0000162545911735,0.0000125692349684,0.0000086053769337,0.00000351914013663,0.00000336470634466,0.00000192582024283,0.00000152607879045,8.18235434963e-7,5.11016082783e-7,4.66366770979e-7,5.18822901086e-7,5.55261010504e-7,5.6097644574e-7,4.82404232116e-7,2.65552188239e-7,1.1536200617e-7,1.04059019179e-7],"dmean2":[0.00107750494499,0.00182147102896,0.000893713266123,0.000555871461984,0.000236343315919,0.000170031562448,0.000130399857881,0.0000578355102334,0.0000457065179944,0.0000410913962696,0.0000656587435515,0.0000523593298567,0.0000178026220965,0.0000177965957846,0.000019894214347,0.0000196820838028,0.0000587836366321,0.0000342373241438,0.0000295377012662,0.000026049265216,0.0000322690757457,0.0000297039532597,0.0000371362402802,0.0000254458955169,0.0000200724898605,0.0000143909028338,0.0000058107757468,0.00000544072963748,0.00000314573298965,0.00000255170994024,0.00000137899587571,8.33192814298e-7,7.3726522487e-7,8.0162493532e-7,8.5177919118e-7,8.52413336361e-7,7.01992519225e-7,3.92073275179e-7,1.69064605871e-7,1.46186096117e-7],"dvar":[0.00000218424906961,0.00000338221320817,8.03759064638e-7,8.79330343651e-7,1.24356702713e-7,7.79562938646e-8,3.33404841513e-8,1.02619406306e-8,4.58149340687e-9,2.96162050439e-9,1.79192021221e-8,2.14172679591e-8,1.08854913972e-9,7.2299816134e-10,1.13414522218e-9,1.09608822019e-9,5.4760254109e-9,2.40313702271e-9,2.30381758115e-9,1.05313879839e-9,1.58563795427e-9,1.63291957733e-9,5.32643040785e-9,3.14421577663e-9,1.03991115719e-9,3.98228811038e-10,8.67196384147e-11,6.62152555009e-11,1.9754619815e-11,1.20862772915e-11,4.12584766699e-12,2.1541642168e-12,1.95330925913e-12,3.06624560811e-12,3.79581956145e-12,4.6869869097e-12,3.53540677636e-12,1.34931323927e-12,2.94210836249e-13,6.64573539429e-13],"dvar2":[0.00000483949452246,0.00000917143916013,0.00000215830800698,0.00000243356862484,3.47514657051e-7,2.17956042547e-7,9.17195919214e-8,2.67068251958e-8,1.14711653509e-8,7.34513072587e-9,4.48859687197e-8,4.70725218804e-8,2.51752085845e-9,1.82471016075e-9,2.52860687944e-9,2.30283725422e-9,1.27752111112e-8,5.17024068003e-9,5.10931386088e-9,2.34187491621e-9,3.90548260398e-9,4.16491241495e-9,1.40946454508e-8,6.65254562549e-9,2.20579932098e-9,1.04314568095e-9,2.20287926789e-10,1.58729418498e-10,4.87927302728e-11,3.06323126587e-11,1.06712564132e-11,5.34317382006e-12,4.46334245605e-12,6.40362242399e-12,7.80300737219e-12,9.81877513323e-12,6.537095084e-12,2.34106744407e-12,5.10190631062e-13,1.16072949863e-12],"max":[0.0142419748008,0.0256564281881,0.0130511606112,0.0179196633399,0.00527964159846,0.00483111431822,0.00512482365593,0.00232990807854,0.00202812440693,0.00129269936588,0.00505869882181,0.00548216328025,0.00220965431072,0.0010992550524,0.00125627720263,0.00155171472579,0.00138441671152,0.00108668731991,0.00168872880749,0.000634403899312,0.00095155776944,0.000997737632133,0.00337649788707,0.0024983282201,0.00140816136263,0.000940250291023,0.000299928273307,0.000273939658655,0.000133456094773,0.000123593927128,0.0000742252013879,0.0000507993463543,0.0000391049870814,0.0000534451355634,0.000054502619605,0.0000820997884148,0.0000640086364001,0.0000435712136095,0.0000259102871496,0.0000475684028061],"mean":[0.000818080501631,0.00205989833921,0.000936284894124,0.00046421206207,0.00022206279391,0.000218428001972,0.000192160907318,0.0000678036158206,0.0000615955796093,0.0000518802626175,0.000082477396063,0.000062403109041,0.0000177780857484,0.0000198236757569,0.0000237187668972,0.0000252405152423,0.0000752301421016,0.0000473205691378,0.0000385781058867,0.0000366493986803,0.0000444082907052,0.0000387132786273,0.0000497879045724,0.0000358318247891,0.0000289443032671,0.0000183190477401,0.00000764561173128,0.0000061544133132,0.00000378088975594,0.00000306584706777,0.00000139589371884,7.20713956071e-7,7.22328820757e-7,8.40749009967e-7,9.37079164487e-7,9.68970425674e-7,8.86881196038e-7,4.80179380702e-7,1.93356868294e-7,1.64573236816e-7],"median":[0.000380903016776,0.00143952225335,0.000697520328686,0.000264628499281,0.000123212943436,0.0000940838435781,0.0000800263951533,0.0000208975852729,0.0000210978359974,0.0000207000703085,0.0000162660853675,0.00000889993134479,0.00000591740990785,0.00000915530927159,0.00000863938748807,0.000010599333109,0.0000343396022799,0.000020757488528,0.0000154374956765,0.0000170211624209,0.0000179698436114,0.0000159865321621,0.0000140955007737,0.0000117521449283,0.0000125122296595,0.00000973660826276,0.00000330846569341,0.00000223835559154,0.000001172181328,0.00000116084925139,5.25662812834e-7,1.37545924872e-7,1.33183547746e-7,1.44721056472e-7,1.44550313053e-7,1.40683638961e-7,1.24578235727e-7,7.36929379741e-8,2.3344979283e-8,1.40245575153e-8],"min":[2.38729425873e-24,1.3098851921e-24,8.44902964434e-25,3.1600600349e-24,1.00373852998e-24,1.61511391596e-24,2.97949391522e-24,1.06308542335e-24,3.29943755736e-24,1.54613404486e-24,3.45970924418e-24,5.34486474331e-24,3.40306705903e-24,4.47339195751e-24,4.30778323224e-24,4.46664128032e-24,3.99155492775e-24,4.62043129151e-24,4.79357048299e-24,5.05543286048e-24,5.84545615224e-24,6.79874564683e-24,5.13300234215e-24,4.41217990114e-24,3.53522295433e-24,5.11509835505e-24,4.21978067067e-24,5.42724903752e-24,5.47988735914e-24,5.72045246434e-24,6.12204932385e-24,5.83022955905e-24,5.90492522045e-24,5.91118049299e-24,6.12692330095e-24,6.46421103617e-24,6.00403967673e-24,6.09817168754e-24,7.78747471758e-24,7.48796395339e-24],"var":[0.00000250552488978,0.0000050233102229,0.00000105273795725,7.2028399245e-7,1.37798480182e-7,1.24347550923e-7,9.6574233055e-8,2.54923691045e-8,1.29562067741e-8,8.86018991508e-9,5.49282290763e-8,5.84481973931e-8,3.48874995559e-9,1.73932523939e-9,3.07350034312e-9,3.09903769313e-9,1.62079238919e-8,8.12373546211e-9,5.94756510708e-9,3.27874083439e-9,5.67430102905e-9,4.91339546826e-9,1.18688916473e-8,7.6793194026e-9,3.07614711481e-9,1.05292086161e-9,1.99387381605e-10,1.37996919447e-10,4.97398268406e-11,3.27932299371e-11,7.75245579537e-12,3.79584081181e-12,4.26159324843e-12,6.72057375029e-12,9.32824911065e-12,1.1425191522e-11,9.33117125235e-12,3.4490687216e-12,6.72643418829e-13,1.17804485784e-12]},"melbands_crest":{"dmean":3.1133491993,"dmean2":5.15356826782,"dvar":7.35246324539,"dvar2":20.35871315,"max":34.8451385498,"mean":15.2312297821,"median":14.7319345474,"min":1.76825869083,"var":28.5478229523},"melbands_flatness_db":{"dmean":0.0231164079159,"dmean2":0.0365129485726,"dvar":0.000539147411473,"dvar2":0.00133171712514,"max":0.736476242542,"mean":0.227572262287,"median":0.211131930351,"min":0.003691714257,"var":0.00701249111444},"melbands_kurtosis":{"dmean":5.91029548645,"dmean2":9.34813785553,"dvar":157.417114258,"dvar2":377.788665771,"max":615.151123047,"mean":12.990067482,"median":6.47091150284,"min":-1.84712302685,"var":554.715454102},"melbands_skewness":{"dmean":0.645286142826,"dmean2":1.01049029827,"dvar":0.478273302317,"dvar2":1.15479290485,"max":17.0985221863,"mean":2.72169733047,"median":2.45719480515,"min":-1.02026844025,"var":2.98115086555},"melbands_spread":{"dmean":6.7612862587,"dmean2":10.59740448,"dvar":73.0511398315,"dvar2":150.203231812,"max":224.445007324,"mean":28.4524669647,"median":23.4359931946,"min":0.351272106171,"var":466.593688965},"mfcc":{"cov":[[9991.33691406,-582.631286621,-1607.80151367,607.369506836,-110.618141174,44.2160263062,80.3478164673,246.028457642,62.9057693481,151.282943726,60.8400306702,194.850112915,-30.6392250061],[-582.631286621,1344.11547852,-303.512817383,89.9562606812,57.7900123596,-34.9818382263,176.407699585,-79.0356216431,12.8213348389,18.6408481598,30.1133613586,-14.5157814026,-10.6924695969],[-1607.80151367,-303.512817383,1188.38317871,-238.206634521,-2.10212254524,130.223175049,-69.2825241089,20.0261268616,-22.1276454926,-8.54927062988,-13.901011467,-58.0315284729,25.5255317688],[607.369506836,89.9562606812,-238.206634521,421.544494629,12.6492862701,42.7813224792,43.7618370056,-25.812795639,43.2044143677,-15.8280229568,54.0848236084,50.2962760925,71.1807098389],[-110.618141174,57.7900123596,-2.10212254524,12.6492862701,190.862121582,-0.756491065025,-21.6379985809,21.8286743164,4.12309455872,5.08020544052,-5.29627275467,-8.34419727325,-15.4387264252],[44.2160263062,-34.9818382263,130.223175049,42.7813224792,-0.756491065025,152.856735229,69.2774047852,2.22309947014,14.5646095276,1.74497044086,27.639623642,-14.5050554276,16.428768158],[80.3478164673,176.407699585,-69.2825241089,43.7618370056,-21.6379985809,69.2774047852,244.594329834,-1.95797026157,44.5193099976,-3.3690674305,34.0935707092,-8.25666427612,-8.40736293793],[246.028457642,-79.0356216431,20.0261268616,-25.812795639,21.8286743164,2.22309947014,-1.95797026157,143.67678833,9.23453807831,26.8315887451,-16.5853462219,1.13290727139,-24.0654315948],[62.9057693481,12.8213348389,-22.1276454926,43.2044143677,4.12309455872,14.5646095276,44.5193099976,9.23453807831,92.1048049927,12.8021860123,19.9724273682,-7.45312452316,3.27926659584],[151.282943726,18.6408481598,-8.54927062988,-15.8280229568,5.08020544052,1.74497044086,-3.3690674305,26.8315887451,12.8021860123,89.8077468872,1.66220021248,2.15679478645,-18.5128688812],[60.8400306702,30.1133613586,-13.901011467,54.0848236084,-5.29627275467,27.639623642,34.0935707092,-16.5853462219,19.9724273682,1.66220021248,78.3929977417,19.2668819427,20.4332809448],[194.850112915,-14.5157814026,-58.0315284729,50.2962760925,-8.34419727325,-14.5050554276,-8.25666427612,1.13290727139,-7.45312452316,2.15679478645,19.2668819427,76.0375976562,24.4394016266],[-30.6392250061,-10.6924695969,25.5255317688,71.1807098389,-15.4387264252,16.428768158,-8.40736293793,-24.0654315948,3.27926659584,-18.5128688812,20.4332809448,24.4394016266,94.056350708]],"icov":[[0.00017040441162,0.000113656431495,0.000252507597907,-0.000131818698719,0.000109611239168,-0.000235755433096,0.0000162537453434,-0.000244654976996,0.0000509510573465,-0.000220040630666,0.00000239451810558,-0.000184085583896,0.0000999144249363],[0.000113656431495,0.00105294724926,0.000289217074169,-0.000220986068598,-0.00036718355841,0.000455061352113,-0.000889450486284,0.000399778364226,0.000439785071649,-0.000643974693958,-0.000168843849679,0.00034629253787,-0.000066882254032],[0.000252507597907,0.000289217074169,0.00164533720817,0.000687271996867,0.0000940840909607,-0.00173384556547,0.000539811328053,-0.000449024984846,-0.0000089919394668,-0.000164171899087,-0.0000687174033374,0.000189428639715,-0.000666141568217],[-0.000131818698719,-0.000220986068598,0.000687271996867,0.00397111475468,-0.000522697635461,-0.00148948398419,0.00032527311123,0.000325683096889,-0.00149404630065,0.000803082250059,-0.000724752491806,-0.00138115067966,-0.00224661221728],[0.000109611239168,-0.00036718355841,0.0000940840909607,-0.000522697635461,0.00582529651001,-0.000587523623835,0.00114910374396,-0.00116638257168,-0.00040488212835,0.000178969276021,-4.87995464482e-7,0.000306574074784,0.00119687896222],[-0.000235755433096,0.000455061352113,-0.00173384556547,-0.00148948398419,-0.000587523623835,0.0109345978126,-0.00347492727451,0.0000798190376372,0.00129909941461,-0.000933210074436,-0.00239992956631,0.00316043524072,-0.0012526710052],[0.0000162537453434,-0.000889450486284,0.000539811328053,0.00032527311123,0.00114910374396,-0.00347492727451,0.00658601382747,-0.000546736118849,-0.00255371956155,0.00136826152448,-0.00116034841631,-0.00028628326254,0.00144072750118],[-0.000244654976996,0.000399778364226,-0.000449024984846,0.000325683096889,-0.00116638257168,0.0000798190376372,-0.000546736118849,0.00875649414957,-0.0010344927432,-0.00180393806659,0.00193739228416,-0.00114363187458,0.00138459482696],[0.0000509510573465,0.000439785071649,-0.0000089919394668,-0.00149404630065,-0.00040488212835,0.00129909941461,-0.00255371956155,-0.0010344927432,0.0138543117791,-0.00238980608992,-0.00285568227991,0.00327318510972,-0.00077014049748],[-0.000220040630666,-0.000643974693958,-0.000164171899087,0.000803082250059,0.000178969276021,-0.000933210074436,0.00136826152448,-0.00180393806659,-0.00238980608992,0.0132360802963,-0.000747863436118,-0.00137508672196,0.00235334201716],[0.00000239451810558,-0.000168843849679,-0.0000687174033374,-0.000724752491806,-4.87995464482e-7,-0.00239992956631,-0.00116034841631,0.00193739228416,-0.00285568227991,-0.000747863436118,0.017235442996,-0.00443908153102,-0.00127869308926],[-0.000184085583896,0.00034629253787,0.000189428639715,-0.00138115067966,0.000306574074784,0.00316043524072,-0.00028628326254,-0.00114363187458,0.00327318510972,-0.00137508672196,-0.00443908153102,0.0181333459914,-0.00397881586105],[0.0000999144249363,-0.000066882254032,-0.000666141568217,-0.00224661221728,0.00119687896222,-0.0012526710052,0.00144072750118,0.00138459482696,-0.00077014049748,0.00235334201716,-0.00127869308926,-0.00397881586105,0.015237858519]],"mean":[-683.888427734,135.817779541,-19.9547805786,45.205165863,23.9536209106,2.53801965714,-2.05574226379,3.24618053436,-6.31586933136,9.51552867889,-4.6800327301,1.98727011681,-10.5121259689]},"pitch_salience":{"dmean":0.0671697705984,"dmean2":0.111239187419,"dvar":0.00381936621852,"dvar2":0.0106206601486,"max":0.858635723591,"mean":0.527425169945,"median":0.527352690697,"min":0.152601405978,"var":0.0117764072493},"silence_rate_20dB":{"dmean":0,"dmean2":0,"dvar":0,"dvar2":0,"max":1,"mean":1,"median":1,"min":1,"var":0},"silence_rate_30dB":{"dmean":0.000912512827199,"dmean2":0.00182523380499,"dvar":0.000911713519599,"dvar2":0.00273465528153,"max":1,"mean":0.999543786049,"median":1,"min":0,"var":0.000456006353488},"silence_rate_60dB":{"dmean":0.0148283336312,"dmean2":0.0296600498259,"dvar":0.0146093098447,"dvar2":0.0340315178037,"max":1,"mean":0.104242697358,"median":0,"min":0,"var":0.0933734625578},"spectral_centroid":{"dmean":203.90612793,"dmean2":322.205383301,"dvar":60108.6054688,"dvar2":129358.234375,"max":11778.6425781,"mean":1547.49707031,"median":1550.47851562,"min":125.673812866,"var":654925.6875},"spectral_complexity":{"dmean":2.95676970482,"dmean2":4.73785066605,"dvar":11.3229217529,"dvar2":25.7356758118,"max":58,"mean":18.689666748,"median":18,"min":0,"var":130.123580933},"spectral_contrast_coeffs":{"dmean":[0.0492033921182,0.0408389978111,0.0331431254745,0.0272894669324,0.0202749278396,0.0172382555902],"dmean2":[0.0837818458676,0.0674249231815,0.0543945208192,0.0443292334676,0.0327565148473,0.027328774333],"dvar":[0.001635080087,0.00118546991143,0.000759935704991,0.000538942229468,0.000292025244562,0.00026003093808],"dvar2":[0.0046170828864,0.00316235562786,0.00197844346985,0.00134171464015,0.00072353129508,0.00061621615896],"max":[-0.382738411427,-0.46285071969,-0.393639355898,-0.44280102849,-0.549455046654,-0.589908242226],"mean":[-0.646950244904,-0.725861310959,-0.779741048813,-0.766736447811,-0.770485699177,-0.75150758028],"median":[-0.647352397442,-0.730132579803,-0.79528182745,-0.77588558197,-0.776823461056,-0.747505187988],"min":[-0.972787797451,-0.977241039276,-0.971246123314,-0.9671407938,-0.963921844959,-0.96264320612],"var":[0.00434968434274,0.00555745931342,0.0058775935322,0.00416736537591,0.003106567543,0.0027120904997]},"spectral_contrast_valleys":{"dmean":[0.406987130642,0.334317862988,0.291817218065,0.237073943019,0.214324653149,0.304474771023],"dmean2":[0.685886263847,0.556312203407,0.48198723793,0.385781377554,0.326328217983,0.394290626049],"dvar":[0.128497153521,0.118808858097,0.0982519388199,0.0801810249686,0.0806827321649,0.140975445509],"dvar2":[0.314092278481,0.280956685543,0.218991234899,0.168389365077,0.153723463416,0.251965045929],"max":[-5.239320755,-4.60699892044,-5.5357003212,-5.75250148773,-5.36782884598,-7.74311923981],"mean":[-7.35601758957,-7.32764005661,-8.03481769562,-7.93608236313,-7.76887989044,-11.1710348129],"median":[-7.05611753464,-7.09019994736,-7.68435001373,-7.42905235291,-7.30661487579,-11.0676584244],"min":[-28.3142204285,-27.9151744843,-27.5733604431,-27.5272903442,-27.5490703583,-27.3205318451],"var":[2.24068617821,2.18003821373,2.2989757061,2.68939185143,3.01423692703,2.20187854767]},"spectral_decrease":{"dmean":1.5719858748e-9,"dmean2":2.48128961822e-9,"dvar":7.04530407227e-18,"dvar2":1.66216451613e-17,"max":1.52664362053e-28,"mean":-4.79321071722e-9,"median":-4.06873290615e-9,"min":-3.63237973033e-8,"var":1.54872033472e-17},"spectral_energy":{"dmean":0.00616184202954,"dmean2":0.00969673972577,"dvar":0.000107162464701,"dvar2":0.000252921687206,"max":0.143350452185,"mean":0.0195254869759,"median":0.0165862217546,"min":9.7975512667e-21,"var":0.000251572928391},"spectral_energyband_high":{"dmean":0.000167006015545,"dmean2":0.000253915175563,"dvar":1.48068494354e-7,"dvar2":2.92636258337e-7,"max":0.0085527068004,"mean":0.000378222728614,"median":0.00013877627498,"min":7.10683774723e-21,"var":4.82792643197e-7},"spectral_energyband_low":{"dmean":0.00450281333178,"dmean2":0.0072856200859,"dvar":0.0000594613084104,"dvar2":0.000141343072755,"max":0.0930420160294,"mean":0.00883264839649,"median":0.00642600562423,"min":2.7379219474e-23,"var":0.0000943742779782},"spectral_energyband_middle_high":{"dmean":0.00129444524646,"dmean2":0.00198094476946,"dvar":0.0000057203533288,"dvar2":0.0000128855335788,"max":0.0866991430521,"mean":0.00511460844427,"median":0.00307667837478,"min":1.21706157179e-21,"var":0.0000347967725247},"spectral_energyband_middle_low":{"dmean":0.00259010540321,"dmean2":0.00432805810124,"dvar":0.0000338180761901,"dvar2":0.0000928026856855,"max":0.0971801280975,"mean":0.00613383762538,"median":0.00470741465688,"min":2.16364300976e-22,"var":0.0000406157487305},"spectral_entropy":{"dmean":0.121936924756,"dmean2":0.18137139082,"dvar":0.0206906814128,"dvar2":0.042253151536,"max":9.82862281799,"mean":7.35686254501,"median":7.48040103912,"min":4.1759262085,"var":0.345827251673},"spectral_flux":{"dmean":0.0173518601805,"dmean2":0.0275898370892,"dvar":0.000526260992046,"dvar2":0.0011416823836,"max":0.301781356335,"mean":0.0653951689601,"median":0.0589533373713,"min":6.5781373404e-11,"var":0.00175644364208},"spectral_kurtosis":{"dmean":2.5069937706,"dmean2":4.35011196136,"dvar":11.3602952957,"dvar2":33.7164421082,"max":96.8236312866,"mean":6.73978853226,"median":4.79496049881,"min":-1.27660810947,"var":72.0196914673},"spectral_rms":{"dmean":0.000594600569457,"dmean2":0.000922443694435,"dvar":5.93638390001e-7,"dvar2":0.00000133022331283,"max":0.0118259927258,"mean":0.00401008175686,"median":0.00402264576405,"min":3.09169638675e-12,"var":0.00000296847588288},"spectral_rolloff":{"dmean":383.559631348,"dmean2":637.450561523,"dvar":473367.28125,"dvar2":942269.0625,"max":19595.2148438,"mean":1648.35473633,"median":1571.92382812,"min":43.06640625,"var":2781626.5},"spectral_skewness":{"dmean":0.259878844023,"dmean2":0.438875615597,"dvar":0.0771678760648,"dvar2":0.209476858377,"max":8.19062900543,"mean":1.47842609882,"median":1.2907807827,"min":-0.455853193998,"var":0.781389057636},"spectral_spread":{"dmean":361785.21875,"dmean2":516493.28125,"dvar":455085981696,"dvar2":865137590272,"max":46435348,"mean":3448101.25,"median":3033635.75,"min":922387.4375,"var":5467704655870},"spectral_strongpeak":{"dmean":0.476030111313,"dmean2":0.836231946945,"dvar":1.26676309109,"dvar2":3.20777058601,"max":17.0497627258,"mean":0.777795732021,"median":0.338781356812,"min":0,"var":1.92630362511},"zerocrossingrate":{"dmean":0.00714187230915,"dmean2":0.00880827941,"dvar":0.000115356953756,"dvar2":0.000158151116921,"max":0.5205078125,"mean":0.0556762032211,"median":0.05078125,"min":0.00439453125,"var":0.0015488966601}},"metadata":{"audio_properties":{"analysis_sample_rate":44100,"bit_rate":0,"codec":"flac","downmix":"mix","equal_loudness":0,"length":203.559997559,"lossless":true,"md5_encoded":"be6295e6006d3a1660bad5f756880df8","replay_gain":-5.91611099243},"tags":{"album":["Rid of Me"],"albumartist":["PJ Harvey"],"albumartistsort":["Harvey, PJ"],"artist":["PJ Harvey"],"artistsort":["Harvey, PJ"],"asin":["B000001DYD"],"barcode":["731451469626"],"catalognumber":["CID 8002/514 696-2"],"composer":["PJ Harvey"],"date":["1993-04-05"],"discnumber":["1"],"disctotal":["1"],"engineer":["John Loder"],"file_name":"11 Dry.flac","genre":["Indie Rock","Alternative Rock"],"label":["Island Records"],"media":["CD"],"musicbrainz_albumartistid":["e795e03d-b5d5-4a5f-834d-162cfb308a2c"],"musicbrainz_albumid":["7ccd7178-b401-4ee8-acd6-d9bf0aaec04a"],"musicbrainz_artistid":["e795e03d-b5d5-4a5f-834d-162cfb308a2c"],"musicbrainz_recordingid":["2edf9f16-3cdf-48ef-a323-d14f0897c415"],"musicbrainz_releasegroupid":["c1bb54cc-751d-300c-ba29-d7502d571c2d"],"musicbrainz_releasetrackid":["54903059-ab65-39f4-8361-5c5ceaa44197"],"musicbrainz_workid":["126b6ba1-90b9-372b-9c62-5e44c782fb20"],"originaldate":["1993-04-05"],"performer":["PJ Harvey (cello, guitars, organ and violin)","Stephen Vaughan (bass)","Rob Ellis (drums and percussion)","Rob Ellis (background vocals)"],"releasecountry":["GB"],"releasestatus":["official"],"releasetype":["album"],"script":["Latn"],"title":["Dry"],"totaldiscs":["1"],"totaltracks":["14"],"tracknumber":["11"],"tracktotal":["14"]},"version":{"essentia":"2.1-beta1","essentia_build_sha":"7598a69e7b456135ce4c070efb04a3d0ebb71fdd","essentia_git_sha":"v2.1_beta1-6-g5578087","extractor":"music 1.0"}},"rhythm":{"beats_count":341,"beats_loudness":{"dmean":0.0152263892815,"dmean2":0.0264357514679,"dvar":0.000195351502043,"dvar2":0.000608831760474,"max":0.0998425707221,"mean":0.0346394367516,"median":0.0357952564955,"min":8.6