{"lowlevel":{"average_loudness":0.802551984787,"barkbands":{"dmean":[0.00180981401354,0.0188107211143,0.00807282049209,0.00434602750465,0.00358532043174,0.00104457861744,0.000385312159779,0.000288572249701,0.00031985816895,0.000287424511043,0.00055819156114,0.000410594191635,0.000263628287939,0.000125925987959,0.000107882442535,0.0000681896490278,0.000045605134801,0.0000305855937768,0.000015386927771,0.0000137891302074,0.00000934664330998,0.00000589988576394,0.00000430150066677,0.0000039611104512,0.0000040724498831,0.00000522706159245,0.000176754911081],"dmean2":[0.0031725843437,0.0308444816619,0.0130129670724,0.00701338425279,0.00558721693233,0.00168290303554,0.000636502169073,0.00047240810818,0.000535379105713,0.000458173628431,0.000858835992403,0.000666600593831,0.000421132310294,0.000200988419238,0.000178980917553,0.000112574351078,0.0000759053727961,0.0000504055460624,0.0000256759540207,0.0000231930680457,0.000015653002265,0.0000098955069916,0.00000722982076695,0.00000669616838422,0.00000683140751789,0.00000856872975419,0.000257263222011],"dvar":[0.0000132030227178,0.000948516710196,0.000173733395059,0.000052507424698,0.00004298508793,0.00000408309551858,7.21747596799e-7,5.54292228117e-7,6.22462209776e-7,4.32898019653e-7,0.00000190988430404,0.00000141763302963,7.09662003828e-7,1.43905708683e-7,8.50794776852e-8,3.22669571062e-8,1.5418578414e-8,6.80185241464e-9,1.16420406648e-9,1.56142998531e-9,8.39899483296e-10,1.39940350974e-10,7.43645214851e-11,6.14809106403e-11,6.14055611914e-11,9.06271446777e-11,1.92020664258e-7],"dvar2":[0.0000349351685145,0.0024781099055,0.000464168580947,0.00013206739095,0.0000982868950814,0.0000100048064269,0.00000184430120953,0.00000138091809276,0.00000163092636285,0.00000101282353171,0.00000400566977987,0.00000343180249729,0.00000158651675974,3.62177445368e-7,2.20238320026e-7,8.04467603643e-8,3.96743367048e-8,1.71312457553e-8,2.83137757684e-9,4.10513356641e-9,1.98207295021e-9,3.45536849133e-10,1.91926655124e-10,1.64338306852e-10,1.62709248852e-10,2.26264312841e-10,3.87717363992e-7],"max":[0.0462401583791,0.342187792063,0.208310291171,0.104759655893,0.131281971931,0.0558348484337,0.0215462166816,0.0271568689495,0.0194174889475,0.0191515646875,0.0377964638174,0.0416069068015,0.0396655797958,0.0143595486879,0.00703625148162,0.0040622074157,0.00251691625454,0.00254188547842,0.00104814197402,0.00116019695997,0.00172619707882,0.000305053661577,0.000244811177254,0.000137486567837,0.000133095280034,0.000202150229597,0.0109383845702],"mean":[0.00159384380095,0.0242259260267,0.0111695434898,0.00594384409487,0.00524525158107,0.00143976509571,0.000484347547172,0.000360539794201,0.000384167127777,0.000379114091629,0.000777562439907,0.000528241798747,0.000336278812028,0.000151302636368,0.000123564735986,0.0000771807681303,0.0000509689343744,0.0000353501818608,0.0000171920128196,0.0000149129518832,0.00000989498767012,0.0000062723006522,0.00000440636176791,0.00000384470422432,0.00000397609437641,0.0000059335370679,0.000285613408778],"median":[0.00042060596752,0.00884778611362,0.0043444330804,0.0022966186516,0.00188680982683,0.000461438088678,0.000133957713842,0.000103021055111,0.000115040718811,0.000092362970463,0.000121104654681,0.0000902154133655,0.0000499851375935,0.0000246179151873,0.0000149942407006,0.00000918653859117,0.00000617478053755,0.0000046472455324,0.0000032082693906,0.00000261978630078,0.00000227301370614,0.00000179235087217,0.00000136537767048,0.00000115201055451,0.00000115864895633,0.00000212901136365,0.0000319455866702],"min":[6.21839872405e-25,5.34378913147e-24,1.26838006444e-24,1.55182399996e-24,1.3509826759e-23,9.58646727877e-24,7.96501890835e-24,6.6560138878e-24,1.87267564073e-23,2.15957031023e-23,1.72234573123e-23,2.86592535778e-23,3.10784343832e-23,2.85839015841e-23,5.68438274608e-23,4.65017978845e-23,7.84249476805e-23,7.74935553869e-23,8.38897784459e-23,1.74860523838e-22,2.1362656236e-22,3.43620035301e-22,3.64255828788e-22,5.65809058009e-22,7.84744843588e-22,1.272744196e-21,1.96437745192e-21],"var":[0.0000112098205136,0.00133363110945,0.000314239936415,0.0000985913575278,0.0000931113318074,0.00000784161420597,0.00000117991601201,7.06418688878e-7,7.04747378677e-7,7.00653060903e-7,0.0000043137602006,0.00000239733549279,0.00000143025920352,2.1600430955e-7,1.2119397752e-7,4.59007729603e-8,2.05246184493e-8,9.72046176884e-9,1.73603120768e-9,1.70223124485e-9,9.00729379971e-10,1.72520178698e-10,8.21585299793e-11,5.92411189548e-11,6.14277101407e-11,1.12081913195e-10,5.5345731198e-7]},"barkbands_crest":{"dmean":3.86374163628,"dmean2":6.54826021194,"dvar":9.80802345276,"dvar2":27.3693141937,"max":25.8574886322,"mean":13.7940340042,"median":13.4218883514,"min":2.99824404716,"var":20.4075984955},"barkbands_flatness_db":{"dmean":0.0512073487043,"dmean2":0.0840363651514,"dvar":0.00172780873254,"dvar2":0.00479475734755,"max":0.500675022602,"mean":0.23017308116,"median":0.227923944592,"min":0.0344439409673,"var":0.00511414604262},"barkbands_kurtosis":{"dmean":25.3986587524,"dmean2":42.0254058838,"dvar":1654.3848877,"dvar2":4365.54931641,"max":959.874267578,"mean":40.0721054077,"median":26.6458320618,"min":-1.9384919405,"var":2268.32470703},"barkbands_skewness":{"dmean":1.45069539547,"dmean2":2.35700201988,"dvar":2.1193985939,"dvar2":5.49077320099,"max":21.9100513458,"mean":4.40664625168,"median":4.03868293762,"min":-2.17557883263,"var":5.13984298706},"barkbands_spread":{"dmean":5.08488368988,"dmean2":8.20893573761,"dvar":62.3009414673,"dvar2":154.313568115,"max":132.174926758,"mean":10.5278701782,"median":5.39184093475,"min":0.181718036532,"var":203.835296631},"dissonance":{"dmean":0.023914212361,"dmean2":0.0405816920102,"dvar":0.000505439587869,"dvar2":0.00138200330548,"max":0.500000238419,"mean":0.460818856955,"median":0.467067778111,"min":0.262570053339,"var":0.000835866725538},"dynamic_complexity":6.17882490158,"erbbands":{"dmean":[0.439197123051,4.670545578,10.4233169556,10.9540119171,13.4121265411,11.9524974823,10.1940536499,7.57425928116,5.36630487442,5.77642011642,6.44055557251,6.898832798,8.06901741028,12.3775491714,21.7778377533,16.3189506531,13.0130643845,7.36142921448,4.92638587952,5.30919027328,3.33475518227,2.50588560104,1.82451319695,0.995855569839,0.759844779968,0.645102858543,0.453299790621,0.31656435132,0.22104652226,0.160792291164,0.118412949145,0.0874553471804,0.0638614594936,0.0447978451848,0.0294572673738,0.0177882295102,0.00998755730689,0.00618495419621,0.00538071617484,0.00993097014725],"dmean2":[0.748892068863,7.63911485672,16.7394504547,17.5693473816,21.2809257507,18.7970581055,16.5084400177,12.2691249847,8.85593032837,9.41390991211,10.5336780548,11.5028572083,13.0427045822,19.3066749573,33.1464004517,25.9235401154,20.5288944244,11.6564846039,8.08802509308,8.66191387177,5.44669866562,4.13408517838,2.99573802948,1.63181424141,1.27424764633,1.08480668068,0.761542201042,0.531490504742,0.371155440807,0.269769400358,0.198942869902,0.147751584649,0.107909068465,0.0753532648087,0.0492669194937,0.0295474212617,0.0163302700967,0.00986229628325,0.00795764476061,0.0137165607885],"dvar":[0.742115199566,55.285282135,287.059448242,304.111938477,482.467895508,657.555236816,396.579528809,258.388793945,139.443511963,171.768234253,249.012649536,290.960418701,431.995941162,589.369140625,3056.99829102,2304.61083984,1917.95092773,459.527069092,135.950317383,243.288162231,74.0624465942,46.2778778076,26.1201438904,4.92590999603,3.74963712692,3.39217948914,1.99598157406,0.724676609039,0.198326408863,0.118200205266,0.0553834848106,0.0299944337457,0.0159281063825,0.00759686063975,0.00315044540912,0.0010915013263,0.000327358138748,0.000234415507293,0.000254450482316,0.000331936200382],"dvar2":[1.99998104572,144.100418091,767.414855957,748.334655762,1179.56494141,1480.14123535,971.245361328,597.479614258,353.202789307,420.785675049,614.854858398,769.485107422,1046.18554688,1372.04418945,6489.16308594,5155.75292969,4043.08862305,1120.53771973,345.923309326,604.24230957,184.579772949,118.389541626,65.9804992676,11.9511404037,9.6150970459,9.09107780457,4.64456129074,1.7875123024,0.497393786907,0.293231397867,0.143960848451,0.079914316535,0.042561057955,0.0202066637576,0.00831634551287,0.00284325843677,0.000813591643237,0.000491303333547,0.000528824690264,0.000601405336056],"max":[11.1904249191,86.1435775757,225.634262085,281.953125,383.398406982,638.329833984,453.056121826,654.641113281,328.525604248,388.093078613,558.279296875,502.533752441,796.630493164,421.748138428,1384.29492188,2090.72314453,2164.32568359,797.842224121,311.700286865,439.524475098,203.322647095,141.785949707,159.373397827,42.3910102844,48.3083686829,55.6546020508,74.1802139282,48.7646064758,11.6014127731,12.6021785736,5.83491134644,3.03204846382,2.19516277313,1.49697387218,0.94239461422,0.528626143932,0.419084370136,0.728531658649,0.846462309361,0.496454954147],"mean":[0.482810348272,6.03554439545,14.7999248505,16.7416362762,19.7650737762,16.0034885406,13.4895439148,10.4110774994,7.00749635696,7.30441617966,8.3762550354,8.50852775574,10.1157598495,17.9678783417,31.05235672,22.1816711426,17.7516231537,9.37277889252,5.75900316238,6.3188829422,3.84323334694,2.83630824089,2.09871172905,1.19108176231,0.820927202702,0.698471128941,0.480751246214,0.335520029068,0.233583822846,0.168300971389,0.120900735259,0.0865889638662,0.0611378774047,0.0432523265481,0.029110616073,0.0183152556419,0.0115703139454,0.00847465358675,0.00940066669136,0.0216411165893],"median":[0.192082256079,2.07205080986,5.58448123932,7.69393157959,8.28803634644,4.77663326263,4.22713470459,3.27626562119,2.08153152466,2.1107301712,2.51867103577,2.67694234848,2.66460895538,4.07889652252,5.04655647278,3.88224577904,2.61684298515,1.56561541557,0.930017352104,0.703462481499,0.482780665159,0.348592191935,0.266507178545,0.198396980762,0.147514805198,0.125387012959,0.101696699858,0.0838769972324,0.0655474662781,0.0504270866513,0.0375072658062,0.0271051488817,0.0173265915364,0.0123621057719,0.0085893990472,0.00577044766396,0.00429319497198,0.0028130474966,0.00266294251196,0.00901034008712],"min":[1.03838410976e-22,1.25545771659e-21,3.31843576396e-21,4.00370481826e-21,1.3635516636e-20,3.24589840581e-20,2.94251214469e-20,8.11589550476e-20,1.36992341001e-19,2.12278804838e-19,3.40102494983e-19,4.05214249544e-19,4.19717750062e-19,7.32311526593e-19,9.82489149234e-19,1.28702530772e-18,1.32081398138e-18,1.90394208863e-18,2.38929817126e-18,3.97903694499e-18,3.6206865872e-18,5.55687445086e-18,4.84649298157e-18,5.59396026644e-18,6.33283603988e-18,8.75873261055e-18,7.2004781921e-18,9.26426404192e-18,1.21204194354e-17,9.77401078568e-18,9.87216569153e-18,1.15882155652e-17,8.50694544954e-18,8.40603024199e-18,5.91268784571e-18,3.76070386308e-18,2.26467059068e-18,1.00816007916e-18,2.670131521e-19,2.54951782788e-20],"var":[0.666060805321,86.3584136963,540.028076172,695.528381348,924.768310547,1281.38842773,685.899230957,508.204681396,243.752365112,250.345443726,358.80166626,328.498748779,594.012634277,1196.25830078,6908.09130859,4510.31835938,4349.08398438,806.584533691,198.045074463,391.079376221,102.551460266,62.5844726562,36.7429199219,8.00016784668,4.73221254349,3.57409644127,2.20635890961,0.755336225033,0.238361760974,0.139098286629,0.0604250691831,0.0296134408563,0.0153269860893,0.00747720338404,0.00320091820322,0.00116031640209,0.000415616756072,0.000385002495022,0.000511961989105,0.00117668241728]},"erbbands_crest":{"dmean":2.92678165436,"dmean2":4.86953020096,"dvar":6.89451026917,"dvar2":18.1291389465,"max":27.1841983795,"mean":8.92222309113,"median":8.09889411926,"min":1.82084178925,"var":15.3987674713},"erbbands_flatness_db":{"dmean":0.0333016104996,"dmean2":0.054316136986,"dvar":0.00080802757293,"dvar2":0.00223112944514,"max":0.327133953571,"mean":0.146185785532,"median":0.146877333522,"min":0.0256273951381,"var":0.00221064500511},"erbbands_kurtosis":{"dmean":1.70860028267,"dmean2":2.80773806572,"dvar":8.76162624359,"dvar2":24.3084545135,"max":83.3466262817,"mean":1.21796607971,"median":0.283384203911,"min":-1.78079748154,"var":12.384812355},"erbbands_skewness":{"dmean":0.558524310589,"dmean2":0.861773431301,"dvar":0.268924593925,"dvar2":0.650193274021,"max":7.58414554596,"mean":0.627022385597,"median":0.586081504822,"min":-3.04991912842,"var":0.948253750801},"erbbands_spread":{"dmean":8.70894432068,"dmean2":14.3159341812,"dvar":70.0979995728,"dvar2":184.977676392,"max":140.802246094,"mean":32.9107437134,"median":30.0668182373,"min":3.26691222191,"var":245.938674927},"gfcc":{"cov":[[23196.2148438,3268.31494141,-1293.36633301,-968.218994141,348.782501221,-501.40826416,-241.470153809,-473.229492188,-338.762634277,-388.462890625,37.3925323486,-306.749786377,305.044555664],[3268.31494141,1421.33520508,105.591125488,-468.329162598,130.508499146,-15.5935325623,64.5447158813,-161.44631958,-31.2229404449,-126.890220642,80.0367279053,-100.703132629,87.2111206055],[-1293.36633301,105.591125488,611.539794922,98.9242858887,-126.349220276,163.150726318,30.6923561096,84.5176696777,-30.34557724,21.8864784241,4.66140508652,-13.6511211395,-14.7048082352],[-968.218994141,-468.329162598,98.9242858887,408.822235107,-48.6848945618,17.9949169159,2.53031897545,116.134178162,23.6693077087,57.1429252625,-48.8256492615,28.8570289612,-30.3557071686],[348.782501221,130.508499146,-126.349220276,-48.6848945618,211.578079224,-24.8782958984,54.2549095154,-59.5475997925,29.7373542786,-43.8139877319,7.32254981995,-7.21055650711,25.4059810638],[-501.40826416,-15.5935325623,163.150726318,17.9949169159,-24.8782958984,214.275588989,40.7332382202,57.4488258362,-27.0056724548,26.4745044708,18.313829422,14.0397491455,-11.2326631546],[-241.470153809,64.5447158813,30.6923561096,2.53031897545,54.2549095154,40.7332382202,136.303527832,18.7894706726,30.0622177124,-17.7662601471,4.99477767944,3.75400424004,8.91172409058],[-473.229492188,-161.44631958,84.5176696777,116.134178162,-59.5475997925,57.4488258362,18.7894706726,132.766952515,30.9727573395,42.9783248901,-14.9978322983,10.2757701874,-4.45544958115],[-338.762634277,-31.2229404449,-30.34557724,23.6693077087,29.7373542786,-27.0056724548,30.0622177124,30.9727573395,88.5701065063,34.8160362244,3.93970942497,3.49923062325,-2.62314510345],[-388.462890625,-126.890220642,21.8864784241,57.1429252625,-43.8139877319,26.4745044708,-17.7662601471,42.9783248901,34.8160362244,90.0825881958,29.2416267395,17.6756134033,-15.5088310242],[37.3925323486,80.0367279053,4.66140508652,-48.8256492615,7.32254981995,18.313829422,4.99477767944,-14.9978322983,3.93970942497,29.2416267395,62.3652229309,21.2941188812,6.41738986969],[-306.749786377,-100.703132629,-13.6511211395,28.8570289612,-7.21055650711,14.0397491455,3.75400424004,10.2757701874,3.49923062325,17.6756134033,21.2941188812,51.9202651978,9.77463912964],[305.044555664,87.2111206055,-14.7048082352,-30.3557071686,25.4059810638,-11.2326631546,8.91172409058,-4.45544958115,-2.62314510345,-15.5088310242,6.41738986969,9.77463912964,52.4640083313]],"icov":[[0.000126232684124,-0.000440800155047,0.000435693509644,-0.000232469974435,0.000029090046155,0.0000801759088063,0.000147681304952,-0.000259355234448,0.000686978513841,-0.000289819494355,0.000234255159739,0.000144883408211,-0.000164612560184],[-0.000440800155047,0.00364545080811,-0.0021777569782,0.00193460064474,-0.000037780522689,-0.000389684573747,-0.000730543280952,0.00157684693113,-0.00343895307742,0.00344152632169,-0.00474619306624,0.00406645704061,-0.00212670885958],[0.000435693509644,-0.0021777569782,0.00445590121672,-0.00229966291226,0.00215742504224,-0.00182530644815,0.000270115066087,-0.000872015429195,0.00183573598042,0.000141184224049,-0.000279433850665,0.00182502937969,-0.000722662196495],[-0.000232469974435,0.00193460064474,-0.00229966291226,0.00634345877916,-0.00233243452385,0.00203542085364,-0.00116748618893,-0.00277556828223,0.00140058028046,-0.00340156070888,0.00424560206011,-0.00300758890808,0.00179494649637],[0.000029090046155,-0.000037780522689,0.00215742504224,-0.00233243452385,0.0101409908384,-0.00319457286969,-0.0014547026949,0.00538642611355,-0.00700820423663,0.00662546977401,-0.00442023808137,0.00412417016923,-0.00436100363731],[0.0000801759088063,-0.000389684573747,-0.00182530644815,0.00203542085364,-0.00319457286969,0.00985470041633,-0.00309503404424,-0.00553005049005,0.00859966315329,-0.00601008813828,0.00171042291913,-0.00361090502702,0.0036775697954],[0.000147681304952,-0.000730543280952,0.000270115066087,-0.00116748618893,-0.0014547026949,-0.00309503404424,0.0119809675962,-0.00177297496703,-0.00579395284876,0.0070093376562,-0.00316934473813,-0.000372934446204,-0.000148503560922],[-0.000259355234448,0.00157684693113,-0.000872015429195,-0.00277556828223,0.00538642611355,-0.00553005049005,-0.00177297496703,0.0189022254199,-0.00961467530578,-0.000703971658368,0.0024178950116,0.00255401944742,-0.00630998238921],[0.000686978513841,-0.00343895307742,0.00183573598042,0.00140058028046,-0.00700820423663,0.00859966315329,-0.00579395284876,-0.00961467530578,0.0306461509317,-0.0191444437951,0.0094250747934,-0.00403585005552,0.00392183987424],[-0.000289819494355,0.00344152632169,0.000141184224049,-0.00340156070888,0.00662546977401,-0.00601008813828,0.0070093376562,-0.000703971658368,-0.0191444437951,0.0377927459776,-0.0259562302381,0.00810609292239,0.000169448248926],[0.000234255159739,-0.00474619306624,-0.000279433850665,0.00424560206011,-0.00442023808137,0.00171042291913,-0.00316934473813,0.0024178950116,0.0094250747934,-0.0259562302381,0.0450832881033,-0.0225549954921,0.00364220119081],[0.000144883408211,0.00406645704061,0.00182502937969,-0.00300758890808,0.00412417016923,-0.00361090502702,-0.000372934446204,0.00255401944742,-0.00403585005552,0.00810609292239,-0.0225549954921,0.0406116954982,-0.0139338159934],[-0.000164612560184,-0.00212670885958,-0.000722662196495,0.00179494649637,-0.00436100363731,0.0036775697954,-0.000148503560922,-0.00630998238921,0.00392183987424,0.000169448248926,0.00364220119081,-0.0139338159934,0.0291743110865]],"mean":[-93.0221786499,115.123062134,-42.4978218079,-1.33341312408,-9.35021495819,6.18066978455,-2.85183525085,-13.617026329,-11.1656064987,-13.1232433319,-5.15765714645,-5.79416370392,-4.97046232224]},"hfc":{"dmean":184.633621216,"dmean2":271.64151001,"dvar":64382.875,"dvar2":142839.21875,"max":3821.76977539,"mean":396.257629395,"median":239.791229248,"min":1.07014559455e-16,"var":203151.390625},"melbands":{"dmean":[0.00455669034272,0.00575501751155,0.00187207909767,0.000914684263989,0.000361649494153,0.000171359191881,0.0000798897453933,0.0000619688071311,0.0000523045855516,0.0000454257642559,0.0000413067136833,0.0000477565336041,0.0000821999492473,0.0000445923578809,0.0000407956467825,0.0000225683015742,0.0000127968360175,0.00000756462441132,0.00000846263719723,0.00000560150147066,0.00000376716843675,0.00000279196183328,0.00000199381474886,0.00000140433485285,7.71108489062e-7,5.59108343623e-7,5.454417078e-7,4.10385581517e-7,3.03353488107e-7,2.27633648819e-7,1.72088491013e-7,1.30969411316e-7,1.03920221761e-7,8.42858796091e-8,6.98014446243e-8,5.95976707984e-8,5.12181443924e-8,4.52750974489e-8,4.0564867021e-8,3.68028310049e-8],"dmean2":[0.00759213231504,0.00923118833452,0.00296887382865,0.00142355414573,0.000579861807637,0.000276117381873,0.000131592198159,0.000100896701042,0.0000856563638081,0.000076542768511,0.0000669168439345,0.0000751119077904,0.000125576480059,0.0000715339192539,0.0000665396873956,0.0000352893584932,0.0000205690521398,0.0000124598518596,0.0000139760031743,0.00000920993443287,0.00000618796502749,0.00000466710480396,0.00000328819123752,0.00000233198215938,0.00000126775239551,9.4179097232e-7,9.13516373657e-7,7.00286022948e-7,5.14209261837e-7,3.80100573238e-7,2.90404159387e-7,2.20343437718e-7,1.74277957399e-7,1.41743313975e-7,1.17340377415e-7,1.00302635531e-7,8.67130509619e-8,7.65635803646e-8,6.8411935672e-8,6.18572784106e-8],"dvar":[0.0000639854479232,0.0000777839959483,0.0000078740704339,0.00000297485712508,4.49726599072e-7,1.19762788131e-7,3.04558760433e-8,2.11429558306e-8,1.58568820297e-8,1.33695223781e-8,1.13353317843e-8,8.91440965489e-9,4.58053115437e-8,1.45272283092e-8,1.57842396931e-8,5.49780532211e-9,1.40164579943e-9,3.26753346602e-10,5.60147150885e-10,2.55309079433e-10,1.02957822823e-10,6.03352090511e-11,3.27153512614e-11,1.46646306209e-11,3.0038551941e-12,1.87382813259e-12,2.64070623007e-12,1.41824919864e-12,8.73965450791e-13,6.8314424213e-13,1.65098620539e-13,6.71787251478e-14,5.14598129733e-14,3.1549348095e-14,1.91170491167e-14,1.39032004903e-14,1.03215276021e-14,8.03891611075e-15,6.33615881117e-15,5.09790463898e-15],"dvar2":[0.000169323175214,0.000204152369406,0.0000196101682377,0.00000679251297697,0.00000107563266738,2.81709390038e-7,7.71898527319e-8,5.14843740973e-8,3.84092828654e-8,3.58078082741e-8,2.74766804864e-8,2.12546780176e-8,9.5322413074e-8,3.4204862942e-8,3.79903219994e-8,1.1348870288e-8,3.52152107475e-9,8.28032364897e-10,1.4450157737e-9,6.30146879121e-10,2.59291810245e-10,1.57356308539e-10,8.30369939475e-11,3.65982279205e-11,7.37621162067e-12,4.63799181352e-12,6.98291684892e-12,3.84264278383e-12,2.0622685417e-12,1.67805255368e-12,4.08668677241e-13,1.73591216813e-13,1.21979303828e-13,7.97280671387e-14,4.97597670262e-14,3.6515149899e-14,2.75894504318e-14,2.14942589416e-14,1.68944888732e-14,1.35481369843e-14],"max":[0.0965120941401,0.0974525809288,0.0393299721181,0.0359589681029,0.0157140102237,0.0129451397806,0.00434152549133,0.00539169600233,0.00493942759931,0.00326074706391,0.00389696098864,0.00173868122511,0.00609429227188,0.00388455530629,0.003614412155,0.00349565781653,0.00134800211526,0.000560707703698,0.000577947299462,0.000487140874611,0.000291842472507,0.000158847673447,0.000143220735481,0.000124112484627,0.0000339528996847,0.0000488218574901,0.0000492045255669,0.0000340837832482,0.0000422018856625,0.0000541955269,0.0000195496613742,0.00000569828262087,0.00000783819723438,0.00000652159906167,0.00000316270370604,0.00000255674262917,0.00000178159041297,0.00000156036458066,0.00000137748588713,0.00000122262633795],"mean":[0.00561619829386,0.00824918132275,0.00304076564498,0.00134317541961,0.000489980797283,0.000239544388023,0.000104086808278,0.0000778360918048,0.0000682425015839,0.0000534145074198,0.00005034037531,0.0000673946124152,0.00011502745474,0.0000591525968048,0.0000528735545231,0.00003065781857,0.0000152917036758,0.00000854774134496,0.00000967224696069,0.00000649416779197,0.00000415814974986,0.00000304709647025,0.00000221101322495,0.00000161916682373,8.94330128176e-7,5.94021514644e-7,5.69262169847e-7,4.35314518654e-7,3.15023328312e-7,2.37462231212e-7,1.79252523935e-7,1.35726537565e-7,1.09164155049e-7,8.68448779556e-8,7.09805618726e-8,6.00691834052e-8,4.97798353649e-8,4.31398099465e-8,3.88655614358e-8,3.55671687657e-8],"median":[0.00222343020141,0.00326122879051,0.00156862940639,0.000491194892675,0.000158324750373,0.00007644508878,0.0000305435241899,0.0000223971837841,0.0000203685649467,0.0000157728973136,0.000012530593267,0.0000153306409629,0.0000171376450453,0.0000111444933282,0.0000077888234955,0.00000434759613199,0.00000252725317296,0.00000139050769121,0.00000109667143988,7.17872808309e-7,5.12692622578e-7,3.68827073771e-7,2.63897163677e-7,2.11799800809e-7,1.51994527187e-7,1.10966112743e-7,9.19670810617e-8,7.89521124034e-8,6.40001047714e-8,5.44375495792e-8,4.61209879177e-8,3.71872204141e-8,3.13105665839e-8,2.60503547622e-8,2.19662581458e-8,1.88531767975e-8,1.51443018126e-8,1.20868488551e-8,1.09404991733e-8,1.01421377963e-8],"min":[1.36066042148e-24,1.69601643356e-24,9.19553562149e-25,2.12070206847e-24,1.20709267185e-24,1.78861746257e-24,2.11667453912e-24,2.68709690145e-24,3.5161179265e-24,2.53914386931e-24,1.85876021324e-24,2.93323885882e-24,2.51708968499e-24,2.83438630436e-24,1.96502431313e-24,2.81730845184e-24,2.49572358458e-24,2.64163149483e-24,4.93340278376e-24,3.98749663282e-24,3.66782731706e-24,4.28156267904e-24,3.39867783696e-24,4.3659293807e-24,3.84184884946e-24,3.54877913456e-24,3.93605737977e-24,5.45736814131e-24,3.31922021671e-24,4.52928314708e-24,5.66031680868e-24,5.44750185797e-24,5.99252585739e-24,5.2671276287e-24,4.48755003861e-24,6.20594823099e-24,6.92895739443e-24,5.22126128352e-24,6.41172575356e-24,6.49051954736e-24],"var":[0.0000725363424863,0.000149908941239,0.0000178745049197,0.00000632148385193,8.21774790438e-7,2.42275689288e-7,5.33228714517e-8,2.94659390221e-8,2.44303244301e-8,1.4170710827e-8,1.54813886155e-8,1.66003228941e-8,1.03585080069e-7,2.67963180534e-8,2.80179808243e-8,1.32004238651e-8,2.1272132944e-9,4.69095984279e-10,7.95635279882e-10,4.14599188314e-10,1.30086955097e-10,7.5401414279e-11,4.55712689806e-11,2.1045160406e-11,4.58916888865e-12,2.55490398803e-12,2.91699021708e-12,1.40701426204e-12,9.49094318761e-13,6.56531252974e-13,1.79035714205e-13,7.74669431792e-14,6.50369244137e-14,3.5863330941e-14,2.07590580603e-14,1.47790308637e-14,9.96122773839e-15,7.70539604073e-15,6.15895316586e-15,5.037425216e-15]},"melbands_crest":{"dmean":4.20953035355,"dmean2":7.06584119797,"dvar":11.7268600464,"dvar2":31.6318302155,"max":37.6719932556,"mean":19.2353725433,"median":19.0757160187,"min":1.56083726883,"var":28.3733139038},"melbands_flatness_db":{"dmean":0.0605623796582,"dmean2":0.0993967950344,"dvar":0.00239708204754,"dvar2":0.00668351305649,"max":0.642680168152,"mean":0.366803795099,"median":0.369176536798,"min":0.00309225684032,"var":0.00842865090817},"melbands_kurtosis":{"dmean":23.6556129456,"dmean2":38.3611183167,"dvar":1028.91650391,"dvar2":2498.98779297,"max":610.786804199,"mean":43.8050498962,"median":30.7759189606,"min":-1.85095870495,"var":2096.97387695},"melbands_skewness":{"dmean":1.27832663059,"dmean2":2.08170104027,"dvar":1.46898341179,"dvar2":3.68088889122,"max":19.3290252686,"mean":4.56833171844,"median":4.33158349991,"min":-1.68175494671,"var":4.27397155762},"melbands_spread":{"dmean":3.18170976639,"dmean2":5.20282173157,"dvar":36.7848205566,"dvar2":94.3407363892,"max":261.960266113,"mean":6.89805030823,"median":3.33148670197,"min":0.163769811392,"var":213.596359253},"mfcc":{"cov":[[14908.4306641,2886.51831055,-1370.90795898,-56.0361328125,-50.048576355,-96.5872344971,-141.601776123,-210.68145752,-183.397338867,-353.21270752,-212.658859253,-172.546157837,-44.5302848816],[2886.51831055,1910.79418945,-30.0662479401,-252.127319336,-9.06667709351,98.7508773804,66.8497009277,-1.34338080883,-66.7619857788,-106.8542099,-41.8133201599,-17.2551460266,-29.184135437],[-1370.90795898,-30.0662479401,740.332946777,12.1947374344,-1.60598111153,23.8894615173,100.077896118,50.9599456787,23.3977947235,58.1124076843,46.2016029358,17.2520027161,-8.05592250824],[-56.0361328125,-252.127319336,12.1947374344,285.258666992,27.7271404266,-23.991027832,-32.5808525085,17.220375061,43.1378555298,42.6939468384,-5.68638706207,-14.8107976913,2.20492005348],[-50.048576355,-9.06667709351,-1.60598111153,27.7271404266,96.4736175537,34.09608078,7.19961977005,7.97537946701,7.78365135193,1.62725663185,0.708596050739,0.921057343483,3.91252732277],[-96.5872344971,98.7508773804,23.8894615173,-23.991027832,34.09608078,103.088562012,63.4873008728,24.0775985718,0.582853794098,-1.29605770111,0.258469164371,10.2060556412,9.77268791199],[-141.601776123,66.8497009277,100.077896118,-32.5808525085,7.19961977005,63.4873008728,109.866714478,55.6881217957,11.8269577026,1.65280473232,-0.647007882595,6.88611936569,7.82011127472],[-210.68145752,-1.34338080883,50.9599456787,17.220375061,7.97537946701,24.0775985718,55.6881217957,85.6797790527,48.0686264038,16.9454040527,-2.38825154305,-5.21235704422,1.05735492706],[-183.397338867,-66.7619857788,23.3977947235,43.1378555298,7.78365135193,0.582853794098,11.8269577026,48.0686264038,76.2944107056,47.1789360046,7.43522548676,-5.49750566483,-2.42638421059],[-353.21270752,-106.8542099,58.1124076843,42.6939468384,1.62725663185,-1.29605770111,1.65280473232,16.9454040527,47.1789360046,72.9568099976,35.1736602783,9.26196289062,2.16921210289],[-212.658859253,-41.8133201599,46.2016029358,-5.68638706207,0.708596050739,0.258469164371,-0.647007882595,-2.38825154305,7.43522548676,35.1736602783,59.9409255981,35.8540878296,4.88332986832],[-172.546157837,-17.2551460266,17.2520027161,-14.8107976913,0.921057343483,10.2060556412,6.88611936569,-5.21235704422,-5.49750566483,9.26196289062,35.8540878296,53.2929954529,25.211151123],[-44.5302848816,-29.184135437,-8.05592250824,2.20492005348,3.91252732277,9.77268791199,7.82011127472,1.05735492706,-2.42638421059,2.16921210289,4.88332986832,25.211151123,42.4411811829]],"icov":[[0.000160065406817,-0.000267642637482,0.00028003306943,-0.000291371659841,0.0000204760053748,0.000418041163357,-0.000523899856489,0.000633353716694,-0.000412672321545,0.0006764276186,-0.000600663130172,0.000739269074984,-0.000393396534491],[-0.000267642637482,0.00110577384476,-0.000493442930747,0.000916419900022,0.000117076182505,-0.0013783358736,0.00099698244594,-0.00110999355093,0.000567915500142,-0.000335520337103,0.000968133914284,-0.00112102599815,0.00109296292067],[0.00028003306943,-0.000493442930747,0.00227813795209,-0.000709327985533,-0.000133898211061,0.00171656010207,-0.00326037709601,0.00104694371112,0.000336474040523,-0.000484515709104,-0.00163002905902,0.00114657124504,0.000165989171364],[-0.000291371659841,0.000916419900022,-0.000709327985533,0.00544531876221,-0.00149784574751,-0.000494825828355,0.0031703573186,-0.00276417843997,0.000871711992659,-0.00433548213914,0.00380340591073,-0.00129527121317,0.000246865645749],[0.0000204760053748,0.000117076182505,-0.000133898211061,-0.00149784574751,0.0130543457344,-0.00633964175358,0.00254048220813,0.000125877661048,-0.00253814668395,0.00358092412353,-0.0029106689617,0.00209082267247,-0.00129572662991],[0.000418041163357,-0.0013783358736,0.00171656010207,-0.000494825828355,-0.00633964175358,0.0207454171032,-0.0135924257338,0.00351984449662,0.000914081581868,-0.00195272034034,0.000997522845864,-0.00123683491256,-0.00116132141557],[-0.000523899856489,0.00099698244594,-0.00326037709601,0.0031703573186,0.00254048220813,-0.0135924257338,0.0281894896179,-0.0181160494685,0.00709588173777,-0.00356408464722,0.00513239903376,-0.00446748081595,0.000156254784088],[0.000633353716694,-0.00110999355093,0.00104694371112,-0.00276417843997,0.000125877661048,0.00351984449662,-0.0181160494685,0.0355658568442,-0.0248482171446,0.0131534840912,-0.00726265553385,0.00761151127517,-0.00390521599911],[-0.000412672321545,0.000567915500142,0.000336474040523,0.000871711992659,-0.00253814668395,0.000914081581868,0.00709588173777,-0.0248482171446,0.0443849675357,-0.0311563722789,0.014304254204,-0.00692183105275,0.00590702937916],[0.0006764276186,-0.000335520337103,-0.000484515709104,-0.00433548213914,0.00358092412353,-0.00195272034034,-0.00356408464722,0.0131534840912,-0.0311563722789,0.05057355389,-0.0334966517985,0.0185888670385,-0.0104933772236],[-0.000600663130172,0.000968133914284,-0.00163002905902,0.00380340591073,-0.0029106689617,0.000997522845864,0.00513239903376,-0.00726265553385,0.014304254204,-0.0334966517985,0.0589194297791,-0.0435701347888,0.0204346552491],[0.000739269074984,-0.00112102599815,0.00114657124504,-0.00129527121317,0.00209082267247,-0.00123683491256,-0.00446748081595,0.00761151127517,-0.00692183105275,0.0185888670385,-0.0435701347888,0.0622250661254,-0.0322805605829],[-0.000393396534491,0.00109296292067,0.000165989171364,0.000246865645749,-0.00129572662991,-0.00116132141557,0.000156254784088,-0.00390521599911,0.00590702937916,-0.0104933772236,0.0204346552491,-0.0322805605829,0.0420731492341]],"mean":[-767.441833496,179.614746094,27.5905437469,20.3777256012,15.7692108154,23.6043434143,16.2098560333,11.9057369232,3.00201916695,-0.592052221298,-1.61014020443,1.43049693108,0.408853024244]},"pitch_salience":{"dmean":0.105791322887,"dmean2":0.176286503673,"dvar":0.00760849984363,"dvar2":0.0207282006741,"max":0.902902305126,"mean":0.492925167084,"median":0.507047891617,"min":0.0653236210346,"var":0.0172442495823},"silence_rate_20dB":{"dmean":0.00136814499274,"dmean2":0.00273660197854,"dvar":0.00136630469933,"dvar2":0.00364142656326,"max":1,"mean":0.998860001564,"median":1,"min":0,"var":0.00113866419997},"silence_rate_30dB":{"dmean":0.131569951773,"dmean2":0.263169884682,"dvar":0.114266037941,"dvar2":0.218075841665,"max":1,"mean":0.71967625618,"median":1,"min":0,"var":0.20175153017},"silence_rate_60dB":{"dmean":0.0332915298641,"dmean2":0.0665906518698,"dvar":0.0321845076978,"dvar2":0.0719632580876,"max":1,"mean":0.131668940187,"median":0,"min":0,"var":0.114331759512},"spectral_centroid":{"dmean":151.56137085,"dmean2":243.674087524,"dvar":48744.5546875,"dvar2":106480.84375,"max":11684.3896484,"mean":563.348144531,"median":343.255432129,"min":101.704048157,"var":1054463.25},"spectral_complexity":{"dmean":3.22152543068,"dmean2":4.68346643448,"dvar":14.0984621048,"dvar2":27.1819648743,"max":42,"mean":9.89341068268,"median":9,"min":0,"var":56.9986152649},"spectral_contrast_coeffs":{"dmean":[0.0593353174627,0.0488497801125,0.0367953069508,0.039463698864,0.0341550372541,0.0246059522033],"dmean2":[0.0971777439117,0.0815183520317,0.0612171068788,0.0642631798983,0.0551493652165,0.040038574487],"dvar":[0.00217766058631,0.00147590809502,0.000867305439897,0.0010204135906,0.000940407335293,0.000843875459395],"dvar2":[0.00573456240818,0.00408905744553,0.00224749534391,0.00263141421601,0.00221125571989,0.0021578411106],"max":[-0.306519776583,-0.473140835762,-0.594948768616,-0.605656087399,-0.656628966331,-0.479428112507],"mean":[-0.66773211956,-0.803432404995,-0.832639396191,-0.841636836529,-0.884883999825,-0.838846564293],"median":[-0.665520787239,-0.806427598,-0.835224926472,-0.841550946236,-0.893788456917,-0.848681986332],"min":[-0.972956240177,-0.978151321411,-0.979741513729,-0.983669161797,-0.970675766468,-0.965143501759],"var":[0.00918131880462,0.00426995800808,0.00283155124635,0.00373256392777,0.00310757150874,0.00172954658046]},"spectral_contrast_valleys":{"dmean":[0.502216398716,0.546770870686,0.511868655682,0.634815514088,0.716863393784,0.692244708538],"dmean2":[0.776796221733,0.838774085045,0.755285024643,0.980191469193,1.1509411335,1.10017895699],"dvar":[0.198196098208,0.24266333878,0.240800395608,0.367338478565,0.420926690102,0.351348489523],"dvar2":[0.404393941164,0.508951127529,0.457577615976,0.829220235348,1.06640779972,0.891760289669],"max":[-4.64288806915,-4.7291431427,-5.05015802383,-5.62354278564,-6.19365787506,-8.58554077148],"mean":[-6.95458507538,-7.32576370239,-7.74115180969,-8.55476284027,-8.94396877289,-11.3671560287],"median":[-6.50041484833,-6.85472202301,-7.31839036942,-8.21952629089,-8.63904762268,-11.1306400299],"min":[-28.0099201202,-28.033159256,-27.7574157715,-27.672586441,-27.5693302155,-27.3936519623],"var":[4.8873052597,4.92595243454,4.7843413353,4.43215942383,3.97120857239,3.12053537369]},"spectral_decrease":{"dmean":7.09994596448e-9,"dmean2":1.14872200641e-8,"dvar":1.06169611003e-16,"dvar2":2.85809695181e-16,"max":2.12615614004e-8,"mean":-9.32128862985e-9,"median":-3.91086807383e-9,"min":-9.38992528177e-8,"var":1.7502736774e-16},"spectral_energy":{"dmean":0.0337939485908,"dmean2":0.0502550154924,"dvar":0.00197863182984,"dvar2":0.00455774599686,"max":0.48347774148,"mean":0.0711224526167,"median":0.0466154813766,"min":9.87683701309e-21,"var":0.00543089210987},"spectral_energyband_high":{"dmean":0.000110810149636,"dmean2":0.000165985678905,"dvar":6.11337753753e-8,"dvar2":1.19538995591e-7,"max":0.0080615952611,"mean":0.00017298302555,"median":0.0000350359114236,"min":6.60813588736e-21,"var":1.71734754417e-7},"spectral_energyband_low":{"dmean":0.026061585173,"dmean2":0.0415604822338,"dvar":0.00146021263208,"dvar2":0.00378790427931,"max":0.372328966856,"mean":0.0398764200509,"median":0.0194459632039,"min":1.70549629339e-23,"var":0.0026161945425},"spectral_energyband_middle_high":{"dmean":0.00146954494994,"dmean2":0.00217823730782,"dvar":0.0000096939438663,"dvar2":0.0000197028766706,"max":0.0846801325679,"mean":0.00244610453956,"median":0.000578125822358,"min":1.22619600048e-21,"var":0.0000263501497102},"spectral_energyband_middle_low":{"dmean":0.00757585139945,"dmean2":0.0113393729553,"dvar":0.000117103467346,"dvar2":0.00027195000439,"max":0.152324333787,"mean":0.0139388311654,"median":0.00725366827101,"min":1.70514480852e-22,"var":0.000324664346408},"spectral_entropy":{"dmean":0.427602231503,"dmean2":0.69594347477,"dvar":0.145664855838,"dvar2":0.409392803907,"max":9.82043552399,"mean":6.97333955765,"median":6.97358226776,"min":4.6691942215,"var":0.446902185678},"spectral_flux":{"dmean":0.0465441308916,"dmean2":0.0736492201686,"dvar":0.00287475483492,"dvar2":0.00642582308501,"max":0.528175413609,"mean":0.133501455188,"median":0.126626431942,"min":6.22360704639e-11,"var":0.00773584842682},"spectral_kurtosis":{"dmean":11.7508449554,"dmean2":19.366065979,"dvar":184.620101929,"dvar2":507.331634521,"max":149.484115601,"mean":23.8583221436,"median":19.5899085999,"min":-1.28517949581,"var":293.655487061},"spectral_rms":{"dmean":0.00188901717775,"dmean2":0.00265759625472,"dvar":0.00000410299435316,"dvar2":0.00000817798900243,"max":0.0217183250934,"mean":0.00702137453482,"median":0.00674377661198,"min":3.10418075793e-12,"var":0.000020088011297},"spectral_rolloff":{"dmean":5291.80664062,"dmean2":10428.9414062,"dvar":79461984,"dvar2":198819760,"max":22050,"mean":16192.3388672,"median":21856.2011719,"min":43.06640625,"var":86617960},"spectral_skewness":{"dmean":0.926385819912,"dmean2":1.51826369762,"dvar":0.82432705164,"dvar2":2.30185580254,"max":10.1821594238,"mean":3.64476180077,"median":3.47820138931,"min":-0.0857572630048,"var":1.82101035118},"spectral_spread":{"dmean":908376.625,"dmean2":1480104.25,"dvar":841253060608,"dvar2":2111020204030,"max":47458444,"mean":4630402,"median":4186666.75,"min":1213204,"var":11943272251400},"spectral_strongpeak":{"dmean":12.5187511444,"dmean2":23.2677993774,"dvar":1085.07739258,"dvar2":2980.171875,"max":325.532714844,"mean":10.2910747528,"median":0.401591271162,"min":0,"var":1045.22375488},"zerocrossingrate":{"dmean":0.059931665659,"dmean2":0.0774321109056,"dvar":0.00245401822031,"dvar2":0.00419033458456,"max":0.8798828125,"mean":0.308247536421,"median":0.3017578125,"min":0.02685546875,"var":0.0157759934664}},"metadata":{"audio_properties":{"analysis_sample_rate":44100,"bit_rate":320000,"codec":"mp3","downmix":"mix","equal_loudness":0,"length":203.651672363,"lossless":false,"md5_encoded":"e6996923024ebc253952541068b55f63","replay_gain":-1.40106010437,"sample_rate":44100},"tags":{"album":["Hooker 'n Heat"],"albumartist":["Canned Heat & John Lee Hooker"],"albumartistsort":["Canned Heat & Hooker, John Lee","Canned Heat & Hooker, John Lee"],"artist":["Canned Heat & John Lee Hooker"],"artistsort":["Canned Heat & Hooker, John Lee"],"catalognumber":["LST-35002"],"date":["1971"],"discnumber":["1/2"],"file_name":"01. Canned Heat & John Lee Hooker - Messin' With the Hook.mp3","genre":["Blues"],"label":["Liberty Records"],"language":["eng"],"musicbrainz album release country":["US"],"musicbrainz album status":["official"],"musicbrainz album type":["album"],"musicbrainz_albumartistid":["815a0279-558c-4522-ac3b-6a1e259e95b5/b0122194-c49a-46a1-ade7-84d1d76bd8e9"],"musicbrainz_albumid":["fbc91a4b-b909-4ef1-8940-bdcc1f3a63e6"],"musicbrainz_artistid":["815a0279-558c-4522-ac3b-6a1e259e95b5/b0122194-c49a-46a1-ade7-84d1d76bd8e9"],"musicbrainz_recordingid":["2ee9c293-ceda-49d0-8418-961f66e21a87"],"script":["Latn"],"title":["Messin' With the Hook"],"tracknumber":["1/10"]},"version":{"essentia":"2.1-beta1","essentia_build_sha":"ca57ba49d9b1854bd80e60cf9ccf267278fb7d6b","essentia_git_sha":"v2.1_beta1-28-g21ef5f4-dirty","extractor":"music 1.0"}},"rhythm":{"beats_count":404,"beats_loudness":{"dmean":0.0628607049584,"dmean2":0.110985502601,"dvar":0.00364809809253,"dvar2":0.0107191223651,"max":0.475554049015,"mean":0.114822849631,"median":0.109597310424,"min":0,"var":0.00510649615899},"beats_loudness_band_ratio":{"dmean":[0.178604915738,0.0618592724204,0.0173795409501,0.0317678377032,0.00753377191722,0.120111405849],"dmean2":[0.307162851095,0.108052924275,0.0313616208732,0.0567528530955,0.0137217743322,0.207151189446],"d