{"lowlevel":{"average_loudness":0.950423061848,"barkbands":{"dmean":[0.0000146962156578,0.00159931415692,0.00104945024941,0.000825677881949,0.00197428627871,0.000699105497915,0.00115604302846,0.000597414327785,0.000367894041119,0.000313993979944,0.000361176847946,0.000360522448318,0.000531685131136,0.000509375240654,0.000583659450058,0.000469995371532,0.000568885239772,0.000271450349828,0.000290041090921,0.000167067395523,0.000132806453621,0.0000975842121989,0.0000657914279145,0.0000419915450038,0.000037929010432,0.0000317065896525,0.00000342015869137],"dmean2":[0.0000242552141572,0.00288299657404,0.00192276958842,0.00142307078931,0.00318832043558,0.00110251025762,0.00183050753549,0.000907798996195,0.000565799651667,0.000482599512907,0.000579923973419,0.000574647099711,0.000869511626661,0.00081470987061,0.000933872070163,0.000763998541515,0.000924885913264,0.000434894842329,0.000474190514069,0.000263302354142,0.000202462120797,0.000140076954267,0.0000914643460419,0.0000563372486795,0.0000543736823602,0.0000453187567473,0.00000496953407492],"dvar":[1.21488974436e-9,0.0000209759855352,0.00000752827554606,0.00000189277159279,0.00000771229497332,0.0000018702558009,0.00000660483101456,0.00000214818896893,5.55006067771e-7,3.65188896012e-7,6.10181871252e-7,7.29119506104e-7,7.55354051307e-7,8.71492090937e-7,8.74662759998e-7,8.20194372864e-7,0.00000122722394735,1.52928976149e-7,1.78160348696e-7,8.71834373584e-8,9.25583023559e-8,8.6980755043e-8,5.46224647735e-8,7.35232230653e-9,4.70551508869e-9,3.42661277131e-9,3.70571628938e-11],"dvar2":[2.89918933305e-9,0.0000577014507144,0.0000217433207581,0.00000514578459843,0.0000194398744497,0.00000440894064013,0.0000158568091138,0.00000477799767395,0.00000125762858261,8.31446982374e-7,0.00000159311537118,0.00000181959671863,0.000002043657787,0.00000225237045015,0.0000021787066089,0.00000211788938032,0.00000324366669702,3.85750013265e-7,4.79335994896e-7,2.17210654796e-7,2.03714520808e-7,1.93296202156e-7,1.2013236983e-7,1.27194219601e-8,1.03522079797e-8,7.51856710224e-9,8.2896411957e-11],"max":[0.000366596650565,0.0409345291555,0.0303089134395,0.0221910662949,0.0466497167945,0.0308101661503,0.0480863042176,0.0342754684389,0.0182289313525,0.0118108475581,0.0148492828012,0.0246395599097,0.0146500924602,0.0168541185558,0.0202070679516,0.0220821723342,0.0245408061892,0.00989425275475,0.00793270207942,0.0101824803278,0.0172599349171,0.0157609134912,0.0134002473205,0.00264933356084,0.000898431695532,0.000750311650336,0.0000718599185348],"mean":[0.0000138716359288,0.00137033732608,0.00133263436146,0.00119963125326,0.00375947542489,0.00129823363386,0.00194490212016,0.00110510236118,0.000634297088254,0.000625837477855,0.00065605196869,0.000668661668897,0.000956316594966,0.000949834939092,0.00104810181074,0.00094296928728,0.00128741248045,0.000611470662989,0.000683764694259,0.000386069354136,0.00029655333492,0.000197372719413,0.000125716178445,0.0000836000035633,0.0000574727164349,0.0000393483023799,0.00000391303547076],"median":[0.00000245348996941,0.00041972467443,0.000704671489075,0.000757415255066,0.00248457817361,0.000643363979179,0.000705337384716,0.000337108271196,0.000269033655059,0.000285115587758,0.000280570297036,0.000284923502477,0.000555583741516,0.000450856343377,0.000663371349219,0.000471982435556,0.000619496917352,0.000404042686569,0.000448395963758,0.000232290709391,0.000164277036674,0.0000825777824502,0.0000420319775003,0.0000361294078175,0.0000229854977079,0.0000109504790089,8.94793799944e-7],"min":[3.55504801496e-25,3.55403556129e-25,2.86899442113e-25,8.14240779213e-25,9.40099345818e-24,5.31962119435e-24,3.93900338082e-24,8.03282150315e-24,1.38609976573e-23,1.31174962541e-23,1.51722343653e-23,2.45263923627e-23,3.99322463074e-23,4.23218195853e-23,3.45711980826e-23,2.71357675323e-23,6.78642837265e-23,8.2747179689e-23,9.01978447211e-23,1.67882512706e-22,2.59489269315e-22,2.46858886781e-22,3.75718570964e-22,5.78940146337e-22,8.76003554765e-22,1.35999559476e-21,2.08288662469e-21],"var":[1.1316443338e-9,0.0000136382177516,0.00000517963280799,0.00000224393534154,0.0000163531749422,0.00000413471161664,0.0000144091300172,0.00000693059337209,0.00000121495031635,0.00000110690757538,0.0000013368440932,0.00000214092597162,0.00000155021382398,0.00000210300345316,0.0000018985032284,0.00000268892677013,0.0000047086905397,4.63465170242e-7,5.43456394553e-7,2.76481358696e-7,1.88552107261e-7,1.85673414421e-7,1.14469941082e-7,2.01552019519e-8,7.743055086e-9,4.78404071913e-9,4.778801313e-11]},"barkbands_crest":{"dmean":2.31700825691,"dmean2":3.80549788475,"dvar":4.79447460175,"dvar2":12.3021154404,"max":23.4238071442,"mean":8.06314659119,"median":7.06858491898,"min":2.19161558151,"var":13.6726732254},"barkbands_flatness_db":{"dmean":0.0169801656157,"dmean2":0.0253838244826,"dvar":0.000249016127782,"dvar2":0.000549650227185,"max":0.351853191853,"mean":0.105881258845,"median":0.0973977521062,"min":0.0272485427558,"var":0.0019306964241},"barkbands_kurtosis":{"dmean":1.07566595078,"dmean2":1.74299001694,"dvar":3.52129673958,"dvar2":9.00130939484,"max":50.7724838257,"mean":0.649361073971,"median":-0.488711595535,"min":-1.83996891975,"var":17.1607837677},"barkbands_skewness":{"dmean":0.402572751045,"dmean2":0.631087183952,"dvar":0.153459861875,"dvar2":0.380733221769,"max":5.85464334488,"mean":0.691834628582,"median":0.590442717075,"min":-2.1771914959,"var":0.883151590824},"barkbands_spread":{"dmean":4.73831987381,"dmean2":7.11133241653,"dvar":23.1664276123,"dvar2":49.0043373108,"max":100.371414185,"mean":27.5294933319,"median":27.2618141174,"min":1.95395183563,"var":110.65789032},"dissonance":{"dmean":0.0123650347814,"dmean2":0.0206851474941,"dvar":0.000187052341062,"dvar2":0.000511784281116,"max":0.500000059605,"mean":0.473160564899,"median":0.479158759117,"min":0.203111857176,"var":0.000498973298818},"dynamic_complexity":2.75040531158,"erbbands":{"dmean":[0.0307946503162,0.413034588099,1.12730288506,2.09142804146,4.66199111938,8.10301589966,3.95886659622,7.14757394791,14.6029901505,16.9915428162,8.72030544281,9.90854358673,8.32993984222,11.4519815445,11.9100370407,17.127614975,23.8268585205,25.8380622864,25.6913433075,25.7880439758,26.1748123169,24.6559562683,16.1247081757,14.3008718491,13.0090360641,7.8199968338,5.71888542175,4.77543020248,3.69271469116,2.58117341995,1.795981884,1.08579814434,0.614163577557,0.392198264599,0.296830862761,0.147357478738,0.0601582378149,0.00854496564716,0.000593195087276,0.0000302248208754],"dmean2":[0.0545716360211,0.748854100704,2.06556773186,3.64878511429,7.84324169159,12.9675264359,6.26224708557,11.1998720169,23.163728714,26.6913604736,13.0851020813,15.1505270004,12.6695661545,17.7719516754,19.2231826782,27.1244907379,38.8400840759,41.1625328064,41.3672790527,41.312953949,42.4408950806,39.5475997925,25.8780937195,23.3088951111,20.9268817902,12.2371997833,8.68910694122,7.23748683929,5.40377855301,3.63584709167,2.51353096962,1.46602284908,0.843186914921,0.552594304085,0.441174715757,0.213056668639,0.08652048558,0.0122946929187,0.000855888181832,0.0000434417561337],"dvar":[0.00723735615611,1.42098391056,9.7769536972,13.9366149902,49.3486633301,151.856719971,49.0501594543,204.966888428,1062.6784668,1311.31970215,529.960632324,398.524047852,324.490783691,667.509765625,594.295349121,1588.2355957,1579.88098145,2220.56103516,1587.71679688,1765.82836914,2574.90380859,2332.23364258,496.364837646,498.255432129,352.635864258,224.270980835,125.731185913,134.562316895,147.118286133,65.8347702026,34.8943252563,6.34292316437,1.35639953613,0.477358072996,0.32426944375,0.0721411406994,0.0130683565512,0.000250559591223,0.00000111094857402,2.22510387893e-9],"dvar2":[0.0195417422801,3.93470716476,28.0304851532,38.6169319153,132.953155518,373.760894775,120.0102005,473.93939209,2490.82226562,3152.39208984,1192.62695312,894.181945801,769.660827637,1644.53967285,1512.39318848,3923.91870117,4299.59082031,5796.20410156,3947.50512695,4353.25048828,6955.62646484,6189.05908203,1226.6973877,1399.7010498,904.332275391,568.157592773,271.02355957,273.719268799,344.426269531,128.410095215,69.5540466309,11.2231607437,2.49667358398,0.989807665348,0.758893728256,0.159237071872,0.0291892923415,0.000558789761271,0.00000244146622208,4.8965196342e-9],"max":[0.77879601717,10.8654756546,36.3453712463,45.0312957764,100.609069824,171.773666382,169.120895386,354.646728516,691.352905273,696.472167969,660.757995605,489.561676025,501.933685303,594.385742188,469.479888916,1274.6385498,742.682312012,831.696594238,910.030029297,955.879150391,1418.17822266,1585.88684082,594.732055664,464.432678223,379.931091309,481.647125244,504.207244873,592.66003418,643.216918945,518.952392578,236.471588135,87.3422317505,29.2508087158,10.6918821335,7.46152448654,4.24737548828,1.57525873184,0.19111046195,0.0119715929031,0.000547584611923],"mean":[0.0269192550331,0.359838873148,1.33639121056,3.06795477867,7.85473823547,14.7556257248,8.44051265717,13.3285598755,25.1053619385,31.0338191986,16.9919338226,17.8904418945,17.1862430573,24.1420345306,23.4745845795,33.7527580261,45.0471611023,52.169418335,50.0099143982,53.0253677368,59.9776191711,61.579662323,40.1282043457,34.3779830933,29.8763790131,18.8552589417,13.0642805099,10.4860162735,7.38057041168,5.12340211868,3.38463354111,2.14552092552,1.17822754383,0.646345496178,0.404182255268,0.189167350531,0.0726966634393,0.0101135028526,0.000706277845893,0.0000565117188671],"median":[0.00719438213855,0.119215384126,0.761552810669,2.16324234009,5.17966365814,8.51091194153,5.47600269318,6.27222442627,9.36521244049,11.7817277908,7.25643539429,8.11212253571,7.23802804947,11.5377054214,11.3397769928,15.8458909988,26.3709774017,28.2510509491,33.6103591919,32.9393615723,30.6410694122,30.6596412659,27.9242172241,21.4711704254,21.1208324432,11.090929985,7.55596208572,5.588804245,3.14635658264,1.7805737257,1.1047219038,0.850742518902,0.524612784386,0.278367608786,0.143260583282,0.0575985312462,0.0192268509418,0.00251997611485,0.000175862209289,0.0000389795532101],"min":[2.79577164194e-23,1.26074942079e-22,7.31392804794e-22,3.86252956384e-21,9.97893404202e-21,2.45553670092e-20,3.22720509331e-20,4.38408438839e-20,1.13201683081e-19,1.48112414318e-19,3.51130725403e-19,2.90704483723e-19,4.28670119036e-19,6.80166732862e-19,1.05535797094e-18,9.67536929084e-19,2.04378338184e-18,2.15326652617e-18,2.25712132682e-18,3.44886090805e-18,2.32357039979e-18,4.24058070133e-18,4.316027845e-18,6.27643638418e-18,6.21515264054e-18,8.73416617354e-18,1.07849503985e-17,1.01648329456e-17,9.09809751892e-18,1.2041818252e-17,1.0816329495e-17,1.03391199007e-17,9.38068640441e-18,8.09954989887e-18,6.1065016399e-18,4.16660221684e-18,2.2023950575e-18,9.47502201057e-19,2.59226073813e-19,2.83354693174e-20],"var":[0.00497327791527,0.909066081047,6.24478912354,13.5504970551,80.2706756592,329.992156982,106.990325928,497.060333252,2258.01000977,3568.02099609,1321.27880859,903.32232666,977.607849121,1953.02624512,1324.69555664,4668.87109375,3271.1484375,5475.77587891,3391.75097656,4877.68261719,8877.04101562,10194.6113281,1792.82116699,1600.19372559,911.717712402,766.645751953,295.419342041,302.598297119,280.951934814,159.345062256,78.6267776489,16.400308609,3.52635216713,0.944276928902,0.437763541937,0.101945266128,0.0175881031901,0.000330726179527,0.00000149176901232,3.30304805729e-9]},"erbbands_crest":{"dmean":2.23006176949,"dmean2":3.61757445335,"dvar":4.42002677917,"dvar2":10.9051761627,"max":27.5702133179,"mean":8.35430717468,"median":7.4317946434,"min":2.02337050438,"var":14.2887468338},"erbbands_flatness_db":{"dmean":0.017594313249,"dmean2":0.024835748598,"dvar":0.000284668814857,"dvar2":0.00052992196288,"max":0.366119295359,"mean":0.161846414208,"median":0.158761098981,"min":0.0250248946249,"var":0.00181771174539},"erbbands_kurtosis":{"dmean":0.723868906498,"dmean2":1.14707219601,"dvar":0.870494902134,"dvar2":2.09041142464,"max":23.0659999847,"mean":0.413083612919,"median":-0.0429327487946,"min":-1.77350699902,"var":3.17532992363},"erbbands_skewness":{"dmean":0.280664950609,"dmean2":0.427450120449,"dvar":0.0614783465862,"dvar2":0.140220358968,"max":3.56656622887,"mean":-0.227055877447,"median":-0.251775979996,"min":-3.14994764328,"var":0.58178460598},"erbbands_spread":{"dmean":5.80045795441,"dmean2":9.09443950653,"dvar":29.6655502319,"dvar2":68.341217041,"max":123.992996216,"mean":32.713054657,"median":31.3575019836,"min":4.45079517365,"var":148.061309814},"gfcc":{"cov":[[26200.1738281,-10.6789894104,-1965.58874512,860.284790039,-196.512405396,507.871704102,-965.910522461,440.231811523,-625.343017578,285.675689697,-514.450256348,-72.9947891235,-565.341430664],[-10.6789894104,820.679077148,-361.109863281,-74.1752624512,-29.9531383514,-124.120681763,40.7372932434,-35.4900436401,43.4522857666,-54.0732116699,80.086730957,-35.7587471008,69.3329086304],[-1965.58874512,-361.109863281,1082.5916748,34.734790802,414.068115234,149.694091797,56.1246490479,165.268218994,4.59656476974,141.286376953,-33.8622169495,67.2623977661,-66.9877471924],[860.284790039,-74.1752624512,34.734790802,311.070709229,104.105178833,97.7786331177,-48.4652786255,28.7438354492,-5.10225248337,-4.12445211411,-16.8357105255,3.14370965958,2.08288884163],[-196.512405396,-29.9531383514,414.068115234,104.105178833,499.742645264,137.889358521,22.5205307007,170.129684448,-17.394367218,79.5322723389,-27.4619407654,32.7050933838,-29.5921382904],[507.871704102,-124.120681763,149.694091797,97.7786331177,137.889358521,247.113739014,63.7688598633,81.7878952026,-36.065788269,21.3937969208,-14.6922826767,1.75633144379,-39.6447486877],[-965.910522461,40.7372932434,56.1246490479,-48.4652786255,22.5205307007,63.7688598633,185.75579834,26.5403079987,10.6716365814,-15.1183900833,31.2424621582,4.29302120209,8.48931407928],[440.231811523,-35.4900436401,165.268218994,28.7438354492,170.129684448,81.7878952026,26.5403079987,159.663238525,2.99255156517,52.9075279236,-18.4855194092,7.4030418396,-34.6522750854],[-625.343017578,43.4522857666,4.59656476974,-5.10225248337,-17.394367218,-36.065788269,10.6716365814,2.99255156517,101.707344055,16.9838542938,17.4266891479,-6.69748973846,21.3280658722],[285.675689697,-54.0732116699,141.286376953,-4.12445211411,79.5322723389,21.3937969208,-15.1183900833,52.9075279236,16.9838542938,106.445007324,0.39196434617,5.93233442307,-35.4346351624],[-514.450256348,80.086730957,-33.8622169495,-16.8357105255,-27.4619407654,-14.6922826767,31.2424621582,-18.4855194092,17.4266891479,0.39196434617,79.5635299683,12.4286756516,18.7773609161],[-72.9947891235,-35.7587471008,67.2623977661,3.14370965958,32.7050933838,1.75633144379,4.29302120209,7.4030418396,-6.69748973846,5.93233442307,12.4286756516,61.9932670593,13.971991539],[-565.341430664,69.3329086304,-66.9877471924,2.08288884163,-29.5921382904,-39.6447486877,8.48931407928,-34.6522750854,21.3280658722,-35.4346351624,18.7773609161,13.971991539,83.3953475952]],"icov":[[0.000270207325229,-0.000305625493638,0.000733542023227,-0.000575501762796,0.000528640870471,-0.000562459114008,0.000954149174504,-0.00105913041625,0.00123136956245,-0.00127245625481,0.00135146058165,-0.00109037570655,0.00109521881677],[-0.000305625493638,0.00234753359109,-0.0000847584888106,0.000964548846241,-0.00159916782286,0.00151736929547,-0.00147123914212,0.000955423398409,-0.00162715208717,0.00186441873666,-0.00324524589814,0.00255115586333,-0.00190345325973],[0.000733542023227,-0.0000847584888106,0.00392345199361,-0.00126469682436,-0.0000113442010843,-0.00145655998494,0.00197212747298,-0.00265041436069,0.00277397269383,-0.00446342630312,0.00379019440152,-0.00395722407848,0.0034314529039],[-0.000575501762796,0.000964548846241,-0.00126469682436,0.00589227071032,-0.0021779614035,-0.00118569063488,0.000213173785596,0.00250160670839,-0.00377098959871,0.00401533069089,-0.00327544705942,0.00240286649205,-0.00317956903018],[0.000528640870471,-0.00159916782286,-0.0000113442010843,-0.0021779614035,0.00593256531283,-0.00191433366854,0.00212761084549,-0.00521484669298,0.00364590785466,-0.00354529288597,0.00365907675587,-0.00300564663485,0.00101097440347],[-0.000562459114008,0.00151736929547,-0.00145655998494,-0.00118569063488,-0.00191433366854,0.00908559467643,-0.00538458442315,0.000420624011895,-0.000150340070832,0.00242472416721,-0.00317256944254,0.00346271088347,-0.000649148831144],[0.000954149174504,-0.00147123914212,0.00197212747298,0.000213173785596,0.00212761084549,-0.00538458442315,0.0118134599179,-0.00504822609946,0.00286536710337,-0.00149212428369,0.00169610965531,-0.00363024580292,0.00302471034229],[-0.00105913041625,0.000955423398409,-0.00265041436069,0.00250160670839,-0.00521484669298,0.000420624011895,-0.00504822609946,0.0163914952427,-0.00665177404881,0.00220924732275,-0.00299466867,0.00324231060222,-0.00172034837306],[0.00123136956245,-0.00162715208717,0.00277397269383,-0.00377098959871,0.00364590785466,-0.000150340070832,0.00286536710337,-0.00665177404881,0.0188681874424,-0.00971208233386,0.00460836989805,-0.0016955465544,0.000483637966681],[-0.00127245625481,0.00186441873666,-0.00446342630312,0.00401533069089,-0.00354529288597,0.00242472416721,-0.00149212428369,0.00220924732275,-0.00971208233386,0.0221570730209,-0.00961596518755,0.00452375039458,0.00040848297067],[0.00135146058165,-0.00324524589814,0.00379019440152,-0.00327544705942,0.00365907675587,-0.00317256944254,0.00169610965531,-0.00299466867,0.00460836989805,-0.00961596518755,0.0244343671948,-0.0102804722264,0.00431548245251],[-0.00109037570655,0.00255115586333,-0.00395722407848,0.00240286649205,-0.00300564663485,0.00346271088347,-0.00363024580292,0.00324231060222,-0.0016955465544,0.00452375039458,-0.0102804722264,0.0255556087941,-0.0100660286844],[0.00109521881677,-0.00190345325973,0.0034314529039,-0.00317956903018,0.00101097440347,-0.000649148831144,0.00302471034229,-0.00172034837306,0.000483637966681,0.00040848297067,0.00431548245251,-0.0100660286844,0.0236259084195]],"mean":[-1.29652070999,77.124420166,-138.367172241,29.0191059113,-52.6628303528,0.653500497341,-45.7513999939,-0.303002148867,-29.1606407166,1.62418305874,-18.0198707581,-2.08786606789,-14.2072000504]},"hfc":{"dmean":6.51691675186,"dmean2":9.31506347656,"dvar":58.9460639954,"dvar2":122.364082336,"max":202.901855469,"mean":26.5386199951,"median":24.1471939087,"min":1.0988702685e-16,"var":302.106872559},"melbands":{"dmean":[0.000370846770238,0.000583934423048,0.000392006710172,0.000495436834171,0.000175093126018,0.000154609020683,0.000232816659263,0.000178287635208,0.0000670088847983,0.0000604797751294,0.0000417797527916,0.0000456725356344,0.000043310381443,0.0000433640052506,0.0000447589009127,0.0000532675694558,0.0000547830641153,0.0000410319844377,0.0000407309707953,0.0000379966841138,0.0000355553238478,0.0000309966708301,0.0000197882673092,0.0000136872795338,0.0000129330173877,0.000011279705177,0.00000807900141808,0.00000500055421071,0.00000395312508772,0.00000340702763424,0.00000283692565972,0.00000238397137764,0.00000170319026438,0.00000145160947795,0.00000117308616154,8.28077418191e-7,6.44066631139e-7,4.62745020968e-7,3.72807846816e-7,3.29858124815e-7],"dmean2":[0.000663625134621,0.00105588801671,0.000674651295412,0.000806698284578,0.000274599704426,0.000242103793425,0.000368418259313,0.000278208521195,0.000100509692857,0.0000925012718653,0.0000636831027805,0.0000707086364855,0.0000698520525475,0.0000692495013936,0.000072891903983,0.0000861540684127,0.0000874127945281,0.0000666656997055,0.0000647191700409,0.0000618496560492,0.0000582408538321,0.0000501285139762,0.0000322184605466,0.0000222243761527,0.0000213221665035,0.0000184369200724,0.0000129809159262,0.00000792888658907,0.00000612655048826,0.00000534885748493,0.0000043635845941,0.00000357916610483,0.00000249283152698,0.00000214209626392,0.00000169507347891,0.00000115649925192,8.99960411971e-7,6.58862802538e-7,5.26005123902e-7,4.79155005451e-7],"dvar":[0.0000011003145346,0.00000260198271462,4.11375822296e-7,5.22840821304e-7,7.97331338731e-8,9.27398033923e-8,2.63985725724e-7,1.43392981045e-7,3.06860030719e-8,1.52578891743e-8,8.2833793158e-9,1.04364357156e-8,8.19916845529e-9,1.0689973351e-8,6.20363360682e-9,7.8454327479e-9,1.12530358365e-8,3.92901045032e-9,5.70134472966e-9,4.66424099343e-9,5.83214543326e-9,3.72500985613e-9,1.03299113707e-9,4.2798817268e-10,4.36946423488e-10,3.05756725494e-10,1.48952600254e-10,9.80413458751e-11,5.15444215088e-11,8.35665009413e-11,4.77366306206e-11,7.64106417028e-11,1.95959637406e-11,3.66347958913e-11,1.80903677455e-11,5.31357423339e-12,1.98810889626e-12,8.36938211877e-13,4.38090617385e-13,3.69215779911e-13],"dvar2":[0.00000300559713651,0.000007313367405,0.00000112514965167,0.00000131304750539,1.9078036928e-7,2.14323691239e-7,6.23308835657e-7,3.39487172596e-7,7.00349218619e-8,3.4353984546e-8,1.96246006112e-8,2.53169574194e-8,2.16403570619e-8,2.68738560294e-8,1.61655258069e-8,2.05917398688e-8,2.94699287195e-8,9.81997327898e-9,1.39252369635e-8,1.18654188697e-8,1.60718833797e-8,9.73096803136e-9,2.69988209567e-9,1.12463005575e-9,1.2357125323e-9,8.0367618116e-10,3.79778070103e-10,2.50235693278e-10,1.12645108519e-10,2.06489297883e-10,9.98384985795e-11,1.92199117732e-10,4.12295371455e-11,8.38889929744e-11,3.75492692495e-11,1.03215699876e-11,3.70834829858e-12,1.65920142209e-12,8.72344243282e-13,8.15867989487e-13],"max":[0.00890379305929,0.0181141477078,0.00837354175746,0.012359207496,0.00572312204167,0.00681037735194,0.0101568186656,0.00799490232021,0.00478076003492,0.00335060223006,0.00242390530184,0.00223162188195,0.00198969850317,0.00330208986998,0.0017894442426,0.00173906935379,0.00182926491834,0.00137628708035,0.00204376806505,0.00210980302654,0.00206610001624,0.00178127211984,0.000843558227643,0.000559210951906,0.000433143461123,0.000455561355921,0.000251881254371,0.000351834547473,0.000196253778995,0.000615752593148,0.00026459703804,0.000487672863528,0.000135030335514,0.000465780321974,0.000189413403859,0.0000702921242919,0.0000475260785606,0.0000245278661168,0.0000140592655953,0.0000098739974419],"mean":[0.00031836348353,0.000645112071652,0.000637554796413,0.000887282192707,0.000377714779461,0.000282224005787,0.000399837415898,0.00032744530472,0.000124502083054,0.000106595056423,0.0000817488398752,0.0000933224364417,0.000079258425103,0.0000814287850517,0.0000825232491479,0.00009690492152,0.000100897901575,0.0000754142238293,0.000074796989793,0.0000719462695997,0.0000740085379221,0.0000701472963556,0.0000444121578766,0.0000301576201309,0.0000274964331766,0.0000240589706664,0.0000175257246156,0.0000109037382572,0.00000828862630442,0.00000708546258466,0.00000573651959712,0.00000443870203526,0.00000317729859489,0.00000269074234893,0.00000208135111279,0.00000146471495555,0.00000123783763684,8.67226049195e-7,6.34610728412e-7,5.07164315877e-7],"median":[0.0000952958289417,0.00035299063893,0.000461377872853,0.000552681623958,0.000245787581662,0.000128843836137,0.000145408324897,0.000118477721117,0.0000515739957336,0.0000460116389149,0.000032163450669,0.0000427453887824,0.0000354514522769,0.0000376565258193,0.0000452135500382,0.0000571209020563,0.000047120029194,0.000048990954383,0.0000441867960035,0.0000401767974836,0.00003378238398,0.000033187916415,0.0000265423714154,0.0000190838654817,0.0000159248429554,0.0000155241486937,0.0000112556635941,0.00000586571604799,0.00000469775341116,0.00000392571973862,0.00000283514418697,0.0000018625867142,0.00000114245017357,8.86682471446e-7,6.65669574573e-7,5.01618842463e-7,5.18168576491e-7,3.84608625836e-7,2.72277304703e-7,2.07596045243e-7],"min":[3.80402213089e-25,3.26023738265e-25,1.08092275171e-24,6.04794708307e-25,1.48007591734e-24,8.52595048514e-25,2.02163612713e-24,1.53586978119e-24,2.82770583578e-24,1.92992986361e-24,1.84605718609e-24,2.28692038601e-24,2.7939887374e-24,3.10132874886e-24,2.64072154377e-24,2.87411215626e-24,3.42529518719e-24,2.98253950996e-24,3.67130343264e-24,2.49208200543e-24,2.81744314984e-24,2.85475469293e-24,3.15235483601e-24,3.14392092686e-24,3.92897577543e-24,3.72153415078e-24,4.52591195e-24,4.73212492379e-24,4.20415136398e-24,4.36749448074e-24,4.49707474518e-24,4.15973336742e-24,5.53385293924e-24,5.83670255721e-24,5.53835260184e-24,4.99254408025e-24,6.07981923301e-24,5.49602587554e-24,6.27500866451e-24,6.13391181971e-24],"var":[7.29278269773e-7,0.00000169105828718,4.79391019326e-7,0.00000103434808807,2.07817379305e-7,2.18105014937e-7,5.73748366151e-7,4.33347423723e-7,7.13820824672e-8,3.43460122565e-8,2.43307223258e-8,3.1029706804e-8,1.73039449436e-8,3.06317922139e-8,1.36667361872e-8,1.704875352e-8,2.6090640759e-8,7.80840458958e-9,1.30797017661e-8,1.39419906731e-8,1.74491265881e-8,1.4530980863e-8,3.53268991837e-9,1.21885102011e-9,1.23083543357e-9,7.623766618e-10,4.44965397861e-10,2.8549010378e-10,1.21451751434e-10,1.27159102692e-10,1.05439990072e-10,1.20824433791e-10,4.52098115888e-11,6.57444584884e-11,3.69109916243e-11,1.13635533275e-11,4.86256738e-12,2.00772970298e-12,9.62493106049e-13,6.22874798614e-13]},"melbands_crest":{"dmean":2.99853801727,"dmean2":4.95551776886,"dvar":7.81915950775,"dvar2":19.9674797058,"max":30.2873153687,"mean":11.1540079117,"median":10.3494195938,"min":1.56897294521,"var":20.6385746002},"melbands_flatness_db":{"dmean":0.0204133111984,"dmean2":0.0315438061953,"dvar":0.000437719543697,"dvar2":0.00101192109287,"max":0.427575439215,"mean":0.146960794926,"median":0.141175851226,"min":0.00276857148856,"var":0.00303919240832},"melbands_kurtosis":{"dmean":2.71830201149,"dmean2":4.45210695267,"dvar":23.1645584106,"dvar2":62.3289375305,"max":127.281280518,"mean":4.1863527298,"median":1.87459564209,"min":-1.78287041187,"var":69.8024749756},"melbands_skewness":{"dmean":0.512111723423,"dmean2":0.819154024124,"dvar":0.295055687428,"dvar2":0.757559537888,"max":9.67520046234,"mean":1.64098918438,"median":1.52856171131,"min":-1.19537425041,"var":1.054469347},"melbands_spread":{"dmean":8.2324590683,"dmean2":12.7332105637,"dvar":77.7351913452,"dvar2":168.713912964,"max":176.770355225,"mean":38.9843864441,"median":36.4114227295,"min":1.87676882744,"var":473.095153809},"mfcc":{"cov":[[10408.2822266,413.071777344,-293.63067627,424.184814453,666.635253906,256.767578125,156.891662598,104.326301575,0.0137513205409,143.853363037,89.6810684204,7.20915555954,-85.6983642578],[413.071777344,848.897033691,-223.408950806,32.1425018311,11.114988327,-99.4121398926,13.0260438919,-43.5894470215,5.2874417305,-12.8393068314,24.4678421021,19.0040855408,26.9991722107],[-293.63067627,-223.408950806,401.400634766,28.9977436066,92.6497116089,69.1502456665,42.9057693481,23.9034175873,26.7425003052,39.0989151001,28.7809448242,24.8984298706,31.0200862885],[424.184814453,32.1425018311,28.9977436066,230.179397583,187.027282715,38.3228111267,20.15675354,19.723241806,35.8546447754,16.5591487885,-6.99966335297,27.7375106812,25.6301631927],[666.635253906,11.114988327,92.6497116089,187.027282715,446.471435547,96.7823867798,109.342559814,61.7720832825,86.5046691895,70.6698913574,30.0271987915,44.6626930237,37.4723548889],[256.767578125,-99.4121398926,69.1502456665,38.3228111267,96.7823867798,155.463851929,84.1369857788,56.4244651794,16.2545185089,39.5403022766,16.0443630219,0.249645963311,0.659438431263],[156.891662598,13.0260438919,42.9057693481,20.15675354,109.342559814,84.1369857788,202.313064575,94.3998031616,33.8338012695,43.3477783203,46.7054901123,6.59461069107,-1.54334318638],[104.326301575,-43.5894470215,23.9034175873,19.723241806,61.7720832825,56.4244651794,94.3998031616,128.035385132,36.2694320679,25.4330615997,20.5873126984,-0.00141262088437,-5.44091272354],[0.0137513205409,5.2874417305,26.7425003052,35.8546447754,86.5046691895,16.2545185089,33.8338012695,36.2694320679,103.241790771,37.6496543884,12.7919368744,20.2304000854,13.9938087463],[143.853363037,-12.8393068314,39.0989151001,16.5591487885,70.6698913574,39.5403022766,43.3477783203,25.4330615997,37.6496543884,97.8312606812,47.0842056274,5.19490909576,6.26610040665],[89.6810684204,24.4678421021,28.7809448242,-6.99966335297,30.0271987915,16.0443630219,46.7054901123,20.5873126984,12.7919368744,47.0842056274,94.1216506958,17.8701534271,0.423202931881],[7.20915555954,19.0040855408,24.8984298706,27.7375106812,44.6626930237,0.249645963311,6.59461069107,-0.00141262088437,20.2304000854,5.19490909576,17.8701534271,77.1493759155,32.2586555481],[-85.6983642578,26.9991722107,31.0200862885,25.6301631927,37.4723548889,0.659438431263,-1.54334318638,-5.44091272354,13.9938087463,6.26610040665,0.423202931881,32.2586555481,70.8031311035]],"icov":[[0.000124873244204,-0.0000548627613171,0.0001181474654,-0.000122615252621,-0.000167896549101,-0.000178728325409,0.000086909836682,-0.0000392232468585,0.00018898890994,-0.000105350693048,-0.0000691498207743,-0.0000284095258394,0.000239419183345],[-0.0000548627613171,0.00168927712366,0.000896799261682,-0.000312190473778,-0.0000160688869073,0.00110324297566,-0.00089962023776,0.00077568506822,-0.000240401321207,0.000243319402216,-0.000695787952282,0.000108527114207,-0.000971544825006],[0.0001181474654,0.000896799261682,0.00352826388553,-0.000130822125357,-0.000476911693113,-0.000717257149518,-0.000275247322861,0.000482849427499,-0.0000575076010136,-0.000241053887294,-0.000948373402935,-0.000244965165621,-0.00125724240206],[-0.000122615252621,-0.000312190473778,-0.000130822125357,0.00721709150821,-0.00284996209666,-0.000568090355955,0.0011229388183,-0.000569446361624,-0.000200942609808,0.000436940637883,0.00133229105268,-0.000908020825591,-0.00068344763713],[-0.000167896549101,-0.0000160688869073,-0.000476911693113,-0.00284996209666,0.00492125982419,-0.00077031168621,-0.00151080614887,0.000429721345427,-0.00195746333338,-0.00104172539432,0.000232221194892,-0.000666498031933,-0.00077243236592],[-0.000178728325409,0.00110324297566,-0.000717257149518,-0.000568090355955,-0.00077031168621,0.0110078360885,-0.00321220676415,-0.00152865459677,0.00153302145191,-0.00251346942969,0.00132340413984,0.000448441976914,-0.000292240147246],[0.000086909836682,-0.00089962023776,-0.000275247322861,0.0011229388183,-0.00151080614887,-0.00321220676415,0.0101132206619,-0.00545931980014,0.000265865004621,0.0000963963466347,-0.00259420229122,0.000162199969054,0.000673294474836],[-0.0000392232468585,0.00077568506822,0.000482849427499,-0.000569446361624,0.000429721345427,-0.00152865459677,-0.00545931980014,0.0135517250746,-0.00353165622801,0.000819839478936,-0.000577214930672,0.000834398495499,0.000609268434346],[0.00018898890994,-0.000240401321207,-0.0000575076010136,-0.000200942609808,-0.00195746333338,0.00153302145191,0.000265865004621,-0.00353165622801,0.0144439348951,-0.00500178430229,0.00192940433044,-0.00264056865126,-0.000046097451559],[-0.000105350693048,0.000243319402216,-0.000241053887294,0.000436940637883,-0.00104172539432,-0.00251346942969,0.0000963963466347,0.000819839478936,-0.00500178430229,0.0176932234317,-0.00808130949736,0.00312960799783,-0.00158787798136],[-0.0000691498207743,-0.000695787952282,-0.000948373402935,0.00133229105268,0.000232221194892,0.00132340413984,-0.00259420229122,-0.000577214930672,0.00192940433044,-0.00808130949736,0.0170520823449,-0.00478061614558,0.00228875339963],[-0.0000284095258394,0.000108527114207,-0.000244965165621,-0.000908020825591,-0.000666498031933,0.000448441976914,0.000162199969054,0.000834398495499,-0.00264056865126,0.00312960799783,-0.00478061614558,0.0183618906885,-0.0073159057647],[0.000239419183345,-0.000971544825006,-0.00125724240206,-0.00068344763713,-0.00077243236592,-0.000292240147246,0.000673294474836,0.000609268434346,-0.000046097451559,-0.00158787798136,0.00228875339963,-0.0073159057647,0.0195243433118]],"mean":[-627.56048584,106.758987427,-26.7083740234,24.3495330811,3.81983089447,1.44021761417,-6.24658346176,-6.64895868301,-7.57973575592,-4.59014034271,-4.72522974014,-2.0560593605,-4.31751298904]},"pitch_salience":{"dmean":0.0596763715148,"dmean2":0.0972340703011,"dvar":0.00294081727043,"dvar2":0.00765913259238,"max":0.889871478081,"mean":0.590827703476,"median":0.597174167633,"min":0.207497686148,"var":0.00835650041699},"silence_rate_20dB":{"dmean":0,"dmean2":0,"dvar":0,"dvar2":0,"max":1,"mean":1,"median":1,"min":1,"var":0},"silence_rate_30dB":{"dmean":0,"dmean2":0,"dvar":0,"dvar2":0,"max":1,"mean":1,"median":1,"min":1,"var":0},"silence_rate_60dB":{"dmean":0.00624622218311,"dmean2":0.012493702583,"dvar":0.00620634667575,"dvar2":0.0135432556272,"max":1,"mean":0.0842147693038,"median":0,"min":0,"var":0.0771122872829},"spectral_centroid":{"dmean":225.728393555,"dmean2":344.262573242,"dvar":63527.5390625,"dvar2":127586.625,"max":11890.7910156,"mean":1869.21350098,"median":1803.38671875,"min":233.671295166,"var":1247250.125},"spectral_complexity":{"dmean":3.75498700142,"dmean2":5.52362728119,"dvar":14.0808420181,"dvar2":25.6191215515,"max":59,"mean":26.8348941803,"median":27,"min":0,"var":122.201835632},"spectral_contrast_coeffs":{"dmean":[0.0508447363973,0.0468865260482,0.0353023856878,0.0304068867117,0.0220493841916,0.0177709497511],"dmean2":[0.0833146721125,0.0767298638821,0.0569356419146,0.0491652712226,0.0353888459504,0.0278407614678],"dvar":[0.00186684867367,0.00151298078708,0.000800709822215,0.000588092836551,0.000342957326211,0.000247317249887],"dvar2":[0.00472443504259,0.00395212508738,0.00208773673512,0.00148292724043,0.000823043403216,0.000549801450688],"max":[-0.293158113956,-0.432742774487,-0.48119032383,-0.554889202118,-0.589053153992,-0.560526192188],"mean":[-0.58821618557,-0.710747122765,-0.755132555962,-0.752235531807,-0.760566830635,-0.739337146282],"median":[-0.587199866772,-0.716787815094,-0.759443879128,-0.753153204918,-0.760908484459,-0.738775134087],"min":[-0.978044688702,-0.979506015778,-0.979892909527,-0.974152982235,-0.968752741814,-0.964836061001],"var":[0.00893002562225,0.00648018019274,0.00448098732159,0.00315944501199,0.00249684019946,0.00246307463385]},"spectral_contrast_valleys":{"dmean":[0.437490612268,0.3436653018,0.293857246637,0.265872091055,0.226521790028,0.304614752531],"dmean2":[0.69439715147,0.561663806438,0.469976693392,0.412471085787,0.330592542887,0.388972014189],"dvar":[0.196236625314,0.116756111383,0.0820768550038,0.0717903152108,0.0688399523497,0.120883122087],"dvar2":[0.417327165604,0.267952114344,0.172315552831,0.143110856414,0.121001504362,0.204891636968],"max":[-5.31653165817,-5.0274810791,-5.3948264122,-5.8185544014,-5.66122102737,-7.89205980301],"mean":[-8.05229854584,-7.12767601013,-7.61839389801,-7.56294393539,-7.44833946228,-10.3630962372],"median":[-7.50466585159,-6.78466463089,-7.23430252075,-7.0948176384,-6.98647022247,-9.95217514038],"min":[-27.9622135162,-27.9527187347,-27.7604618073,-27.8970603943,-27.4907360077,-27.4836521149],"var":[5.86181354523,5.42835092545,5.40529918671,5.73938560486,5.74495363235,4.8841509819]},"spectral_decrease":{"dmean":1.6608551201e-9,"dmean2":2.65133137667e-9,"dvar":4.84163370906e-18,"dvar2":1.24044352074e-17,"max":1.57582308426e-28,"mean":-5.26512211607e-9,"median":-5.12399722652e-9,"min":-2.87950463473e-8,"var":9.56946225509e-18},"spectral_energy":{"dmean":0.00672200834379,"dmean2":0.0106327338144,"dvar":0.0000744276549085,"dvar2":0.000189189915545,"max":0.113147191703,"mean":0.022278919816,"median":0.0219205729663,"min":9.9586059169e-21,"var":0.000162124808412},"spectral_energyband_high":{"dmean":0.000386241794331,"dmean2":0.000524030358065,"dvar":6.18474246039e-7,"dvar2":0.00000106689617496,"max":0.0314091145992,"mean":0.000949431851041,"median":0.000523477385286,"min":7.15489177094e-21,"var":0.00000194129506781},"spectral_energyband_low":{"dmean":0.00279838056304,"dmean2":0.0049313986674,"dvar":0.0000476581262774,"dvar2":0.000129920386826,"max":0.0763284862041,"mean":0.00326812732965,"median":0.00185711984523,"min":1.06818550771e-23,"var":0.0000343059946317},"spectral_energyband_middle_high":{"dmean":0.0021286434494,"dmean2":0.00326792150736,"dvar":0.00000613168640484,"dvar2":0.0000152204920596,"max":0.0388880632818,"mean":0.00854138005525,"median":0.00712046353146,"min":1.17305348314e-21,"var":0.0000388473417843},"spectral_energyband_middle_low":{"dmean":0.0036907272879,"dmean2":0.00581327825785,"dvar":0.0000217003380385,"dvar2":0.0000530414909008,"max":0.0813523605466,"mean":0.0102123590186,"median":0.00843899231404,"min":1.32675738859e-22,"var":0.0000567105453229},"spectral_entropy":{"dmean":0.119560062885,"dmean2":0.169862776995,"dvar":0.0151788750663,"dvar2":0.0270621087402,"max":9.82395935059,"mean":7.67244338989,"median":7.66948890686,"min":5.95043706894,"var":0.170554876328},"spectral_flux":{"dmean":0.0199641808867,"dmean2":0.0306683648378,"dvar":0.000512129568961,"dvar2":0.00100086454768,"max":0.276663899422,"mean":0.0779033824801,"median":0.0746694505215,"min":6.41537309387e-11,"var":0.00145940994844},"spectral_kurtosis":{"dmean":1.24847042561,"dmean2":2.10236382484,"dvar":1.7877651453,"dvar2":5.10620450974,"max":26.1118679047,"mean":4.69914340973,"median":4.42000484467,"min":-1.2676564455,"var":5.35509586334},"spectral_rms":{"dmean":0.00065066863317,"dmean2":0.00100389367435,"dvar":5.2638682746e-7,"dvar2":0.00000127884436552,"max":0.0105065461248,"mean":0.0043930709362,"median":0.00462449202314,"min":3.11700383386e-12,"var":0.00000243648037213},"spectral_rolloff":{"dmean":429.411437988,"dmean2":680.359069824,"dvar":351525.21875,"dvar2":698367.5625,"max":19789.0136719,"mean":2386.12744141,"median":2196.38671875,"min":86.1328125,"var":4060569.75},"spectral_skewness":{"dmean":0.176106989384,"dmean2":0.277093857527,"dvar":0.0266980044544,"dvar2":0.0644768178463,"max":3.96325874329,"mean":1.44690680504,"median":1.43524992466,"min":-0.101778209209,"var":0.155156582594},"spectral_spread":{"dmean":449416.34375,"dmean2":633026.5625,"dvar":408266113024,"dvar2":789522219008,"max":42759560,"mean":4351645,"median":3762383.25,"min":1903385,"var":15304403976200},"spectral_strongpeak":{"dmean":0.808479607105,"dmean2":1.38498282433,"dvar":1.70298838615,"dvar2":4.48913574219,"max":18.352722168,"mean":1.32990586758,"median":0.690379917622,"min":0,"var":2.85229301453},"zerocrossingrate":{"dmean":0.00947878602892,"dmean2":0.0109581137076,"dvar":0.000121190183563,"dvar2":0.0001578819938,"max":0.53369140625,"mean":0.0825858861208,"median":0.0751953125,"min":0.01318359375,"var":0.00275957025588}},"metadata":{"audio_properties":{"analysis_sample_rate":44100,"bit_rate":0,"codec":"flac","downmix":"mix","equal_loudness":0,"length":230.479995728,"lossless":true,"md5_encoded":"cdfdc84f1b7c47305f66488bbc806ccb","replay_gain":-8.72965431213},"tags":{"album":["Lifes Rich Pageant"],"albumartist":["R.E.M."],"albumartistsort":["R.E.M."],"albumsort":["Lifes Rich Pageant (1993, R.E.M., 1f233a68-c3c2-348b-a135-10edc450edf7)"],"artist":["R.E.M."],"artists":["R.E.M."],"artistsort":["R.E.M."],"asin":["B000005RQF"],"barcode":["077771320125"],"catalognumber":["0777 7 13201 2 5"],"date":["1993"],"discnumber":["1"],"disctotal":["1"],"file_name":"08 - R.E.M. - I Believe.flac","genre":["Alternative Rock"],"label":["EMI"],"media":["CD"],"mixer":["Don Gehman"],"musicbrainz_albumartistid":["ea4dfa26-f633-4da6-a52a-f49ea4897b58"],"musicbrainz_albumid":["1f233a68-c3c2-348b-a135-10edc450edf7"],"musicbrainz_artistid":["ea4dfa26-f633-4da6-a52a-f49ea4897b58"],"musicbrainz_recordingid":["2f07435f-3f64-4ca3-9596-4adaeaf38ade"],"musicbrainz_releasegroupid":["8b6b2628-7bd4-3fed-9d65-cf4e5dc45939"],"musicbrainz_releasetrackid":["e33790d2-ce3f-35d3-8371-76c2e10ff3c5"],"musicip_puid":["90add200-5b7f-2b61-0858-1fe1987a6fae"],"originaldate":["1986-07-28"],"producer":["Don Gehman"],"releasecountry":["XE"],"releasestatus":["official"],"releasetype":["album"],"replaygain_album_gain":["-3.430000"],"replaygain_album_peak":["0.977234"],"replaygain_track_gain":["-3.350000"],"replaygain_track_peak":["0.843506"],"script":["Latn"],"title":["I Believe"],"totaldiscs":["1"],"totaltracks":["18"],"tracknumber":["8"],"tracktotal":["18"]},"version":{"essentia":"2.1-beta1","essentia_build_sha":"5a55991247aa8bc5301991e5ebe36927b56abb96","essentia_git_sha":"v2.1_beta1-6-g5578087","extractor":"music 1.0"}},"rhythm":{"beats_count":350,"beats_loudness":{"dmean":0.00838195253164,"dmean2":0.0145321646705,"dvar":0.0000508199082105,"dvar2":0.000150440391735,"max":0.0628266781569,"mean