{"lowlevel":{"average_loudness":0.979464530945,"barkbands":{"dmean":[0.00049956899602,0.00738043710589,0.00339929549955,0.00144234125037,0.00169284979347,0.000966540246736,0.000537957297638,0.000538476393558,0.00117885996588,0.00075894681504,0.000526558549609,0.000766378769185,0.000539856147952,0.000531229830813,0.000442433578428,0.000470721977763,0.000463245436549,0.000352138886228,0.000495589978527,0.00029898394132,0.000191879182239,0.000187671030289,0.000113100330054,0.000105343708128,0.0000469966471428,0.000013853411474,0.00000185039380085],"dmean2":[0.000699299562257,0.0128199411556,0.00592321529984,0.00250455015339,0.00280776340514,0.00165381759871,0.000901166349649,0.00086251355242,0.00179986353032,0.00117456971202,0.000848295690957,0.00119036401156,0.000860739906784,0.000840908731334,0.000713657820597,0.000777115463279,0.000782365677878,0.000596351048443,0.000847260584123,0.000512757280376,0.000327002198901,0.000335284508765,0.000191048355191,0.00016676922678,0.0000698829317116,0.0000207911743928,0.00000302815624309],"dvar":[4.45056571152e-7,0.000142649980262,0.0000435870024376,0.00000638276287646,0.0000107684090835,0.00000394291828343,0.00000148532694766,0.00000135141260671,0.00000387058207707,0.00000221829304792,0.00000145419187447,0.00000250125049206,0.00000138495806823,0.00000141403450016,0.00000130399507725,8.00015357072e-7,3.70298636199e-7,1.99577414151e-7,3.24713710143e-7,1.42587339269e-7,4.62714737637e-8,1.13753259257e-7,5.59521886601e-8,1.30416466959e-7,2.5810576787e-8,1.7966358401e-9,4.09052756944e-11],"dvar2":[8.07297624306e-7,0.000395157549065,0.000121188917547,0.0000174917058757,0.0000281682841887,0.0000106600127765,0.00000374653654944,0.00000318678280564,0.00000842233021103,0.00000520383491676,0.00000353748828275,0.00000549044352738,0.00000311519784191,0.00000329190447701,0.00000323087920151,0.00000202922205972,9.54043684942e-7,5.26360167896e-7,8.89597345122e-7,3.89019078284e-7,1.28263039301e-7,3.1399045497e-7,1.27701866859e-7,2.23188294513e-7,4.50041994782e-8,3.20805604304e-9,1.03275957231e-10],"max":[0.00790284201503,0.134856820107,0.0696730092168,0.0467219240963,0.0657390356064,0.0297189559788,0.024701628834,0.0242939293385,0.0338746458292,0.0309749655426,0.0207924023271,0.0297281816602,0.0279047563672,0.0275490470231,0.0316656976938,0.0244327224791,0.0149930855259,0.00761590199545,0.00737350666896,0.00650538690388,0.00340840383433,0.00501771271229,0.00434221839532,0.0109023563564,0.00462502986193,0.00166889431421,0.000206976023037],"mean":[0.000943259976339,0.0105137526989,0.00380346924067,0.00178394641262,0.00241405842826,0.00132544827648,0.000723069359083,0.000867784197908,0.00269502261654,0.00172238925006,0.000879185332451,0.00146262289491,0.000907233799808,0.000930423731916,0.000770223268773,0.00091260013869,0.000959893339314,0.000707398052327,0.00111864076462,0.000671459769364,0.000536206876859,0.000322032923577,0.000188590216567,0.000190823047888,0.0000893894102774,0.000026753077691,0.00000183619590644],"median":[0.000579941086471,0.00694198720157,0.00210520019755,0.00104730192106,0.00144329271279,0.000647840206511,0.000315685610985,0.000313183933031,0.000959682627581,0.000443522061687,0.000291022646707,0.000590482144617,0.000422197801527,0.000404092192184,0.000341585837305,0.000552616082132,0.000719890347682,0.000571462267544,0.00097860454116,0.000583955203183,0.000496931548696,0.000233018785366,0.000107987005322,0.0000822920701467,0.0000410525572079,0.0000138494224302,2.81864146245e-7],"min":[1.35198766004e-25,2.080901472e-24,2.06039049682e-24,1.48353990418e-24,7.42641308126e-24,1.89873597628e-23,1.60794733157e-23,1.1716300215e-23,1.38261158058e-23,1.69570321634e-23,2.16324166888e-23,3.12388981576e-23,4.65644208186e-23,3.41134441874e-23,3.64239136491e-23,5.88126033992e-23,6.99674247652e-23,7.38428648897e-23,1.4572712068e-22,1.80239318278e-22,2.82709976973e-22,3.46159511084e-22,3.01805989703e-22,6.19114295263e-22,7.72111204636e-22,1.15590483351e-21,1.90467585277e-21],"var":[0.00000117838374081,0.000139819749165,0.0000329743270413,0.00000651954496789,0.000011731163795,0.0000045481019697,0.00000188299281945,0.00000238735401581,0.000017899526938,0.0000125028118418,0.00000344763498106,0.00000642408531348,0.00000255988788922,0.00000315203624268,0.00000269782935902,0.00000181247582987,8.90182263902e-7,3.22386540574e-7,5.88426075865e-7,2.29944376429e-7,1.0427883268e-7,1.12696312726e-7,1.03489625758e-7,3.95517588458e-7,6.88279087058e-8,4.60218707588e-9,3.66234542692e-11]},"barkbands_crest":{"dmean":2.74055528641,"dmean2":4.63605117798,"dvar":6.43501377106,"dvar2":18.0604343414,"max":26.5498809814,"mean":9.12295532227,"median":8.38370800018,"min":2.22965860367,"var":15.0380830765},"barkbands_flatness_db":{"dmean":0.0200597066432,"dmean2":0.0336942672729,"dvar":0.000455759669421,"dvar2":0.00124935631175,"max":0.336056768894,"mean":0.0994150787592,"median":0.093013420701,"min":0.0177314598113,"var":0.00121345033403},"barkbands_kurtosis":{"dmean":1.57170200348,"dmean2":2.69923043251,"dvar":11.2935161591,"dvar2":32.5084457397,"max":206.378372192,"mean":1.19510614872,"median":-0.281643152237,"min":-1.87758243084,"var":74.7601852417},"barkbands_skewness":{"dmean":0.497873038054,"dmean2":0.824754476547,"dvar":0.319234073162,"dvar2":0.864341676235,"max":14.1322374344,"mean":0.940099656582,"median":0.733391463757,"min":-2.27275419235,"var":1.20223033428},"barkbands_spread":{"dmean":6.96800136566,"dmean2":11.4681386948,"dvar":56.9827461243,"dvar2":148.599853516,"max":134.935195923,"mean":34.0452041626,"median":33.4257965088,"min":2.2304110527,"var":158.820236206},"dissonance":{"dmean":0.0115895057097,"dmean2":0.0198366492987,"dvar":0.000152769644046,"dvar2":0.000425047066528,"max":0.500000119209,"mean":0.479816645384,"median":0.485269755125,"min":0.24792650342,"var":0.00030909004272},"dynamic_complexity":1.78723883629,"erbbands":{"dmean":[0.242785900831,1.68646001816,3.97160434723,3.99972200394,6.38571977615,5.2226395607,6.93990421295,7.90519523621,7.57963848114,7.39285564423,14.9124135971,26.3150596619,24.1123561859,20.6696853638,19.5424976349,27.0412540436,22.675951004,20.6967754364,26.4538955688,17.2629852295,26.5461521149,25.856584549,18.3625621796,22.2885417938,23.4171409607,13.7390851974,9.29938411713,7.51882266998,7.1362991333,4.42089891434,3.31340384483,2.28581285477,1.74584448338,0.675591409206,0.28767862916,0.0960108116269,0.0185930225998,0.00307016097941,0.000330343755195,0.0000244307684625],"dmean2":[0.414839625359,2.92022919655,6.93363428116,6.88468742371,10.7808761597,8.9239358902,11.7709217072,13.6484098434,12.7314043045,12.2790584564,23.7343177795,40.4295578003,37.2486000061,32.8645439148,30.7723579407,41.8086128235,35.6706085205,32.4071922302,41.8091773987,28.016160965,44.0182266235,43.6298370361,30.9508228302,37.9758987427,40.3157806396,23.6279506683,15.7382717133,13.1167917252,12.7865753174,7.51056671143,5.71338176727,3.67347383499,2.7746732235,1.00146853924,0.435344725847,0.142895638943,0.0284523554146,0.00491261715069,0.000543938891497,0.0000389149136026],"dvar":[0.119783982635,8.9967250824,64.1339874268,39.4775848389,186.378952026,106.002830505,180.373153687,301.536682129,308.817108154,265.641876221,973.676452637,2265.10522461,1764.49475098,1664.94067383,2236.56298828,3027.7824707,2004.33581543,2040.71118164,3577.76025391,1401.27819824,2297.66845703,1249.2791748,601.561767578,601.120056152,864.343994141,313.914001465,100.505599976,91.5777740479,165.001174927,65.1448669434,52.6852684021,64.8720397949,30.1251029968,5.35040378571,1.05904245377,0.106345877051,0.00271979835816,0.000087599575636,0.00000154310271228,2.22266427485e-9],"dvar2":[0.335452288389,24.8237419128,178.802200317,106.149589539,501.402008057,286.04864502,484.689910889,813.526184082,772.495666504,671.321960449,2351.6315918,4936.95800781,4162.74755859,4242.02001953,5460.48095703,6671.43115234,4552.42138672,4540.87109375,8496.60546875,3507.04150391,5783.72167969,3229.80078125,1583.29943848,1631.78149414,2378.74951172,855.412414551,276.353729248,256.657867432,460.027526855,156.789001465,125.4193573,117.676933289,53.5343284607,9.44307041168,2.03946232796,0.181668892503,0.00577207375318,0.000220178539166,0.00000404559204981,5.16580245247e-9],"max":[3.35800743103,34.1357688904,76.5813827515,104.369773865,291.578765869,208.335235596,223.024780273,332.584259033,416.904144287,363.185699463,608.56439209,987.357788086,953.391296387,837.112304688,1354.1496582,1187.78710938,959.159606934,1194.03491211,1371.33605957,964.969238281,1667.99597168,893.556640625,482.045196533,472.703125,426.824676514,275.434295654,162.390075684,121.985847473,183.201202393,223.026275635,151.808044434,280.962280273,158.695266724,76.5721817017,36.5353660583,12.3807373047,2.16163611412,0.303922861814,0.0437751896679,0.0010948368581],"mean":[0.359651207924,2.0974855423,4.68735456467,5.29732131958,7.79657840729,7.30321264267,9.54437828064,10.4036417007,10.3384666443,11.3406839371,27.8891048431,59.86145401,59.8680534363,45.6363182068,36.9708747864,54.5533866882,44.9475898743,40.7675514221,51.3819389343,35.9787139893,55.5231895447,55.7244415283,38.9840545654,53.0824203491,49.9839134216,31.1725883484,25.4130954742,17.6206798553,12.2313585281,8.27327442169,5.10257530212,4.08419752121,3.01770687103,1.28863143921,0.502804219723,0.183310642838,0.0356654003263,0.00437985360622,0.000350469374098,0.0000609255585005],"median":[0.214625313878,1.31898152828,2.75362896919,3.28293848038,4.2084980011,4.27011919022,4.96628808975,4.82749509811,4.81430673599,5.48872995377,11.5441980362,21.0582504272,21.3081588745,15.7138490677,14.8409557343,25.1115627289,24.2974300385,21.1324996948,22.9252262115,21.2199630737,36.5094642639,41.8767356873,31.3681793213,46.9465026855,42.7044944763,27.604467392,23.4120597839,15.7091426849,8.92154884338,5.58096218109,2.76881599426,1.86113333702,1.31884586811,0.605968415737,0.216509312391,0.0893234834075,0.0188416875899,0.0018689421704,0.0000773672945797,0.000049484482588],"min":[6.16957322356e-23,6.85721469184e-22,2.84167115398e-21,6.1966906769e-21,1.20112885343e-20,2.69156994221e-20,3.44880128642e-20,1.54509570682e-19,1.79617281083e-19,1.98679942642e-19,3.34917209915e-19,4.15759639132e-19,6.6363382226e-19,5.39020924136e-19,8.07743987808e-19,1.48191381633e-18,1.96063332551e-18,1.52904553365e-18,2.09734560124e-18,3.17581168977e-18,4.16294483776e-18,4.12105434359e-18,4.99975300546e-18,6.31698560498e-18,8.64775475085e-18,8.53944289426e-18,6.51148016882e-18,1.16004537023e-17,1.20944095682e-17,1.25697083754e-17,9.700006245e-18,1.11918339244e-17,9.64941505155e-18,7.75118857416e-18,6.45416896008e-18,4.03659051765e-18,2.29835483279e-18,9.2739499133e-19,2.28338917096e-19,3.0047687949e-20],"var":[0.157480582595,7.61671161652,47.4095077515,43.3623809814,163.089935303,116.357650757,220.811141968,326.973419189,388.844726562,342.01373291,2262.0847168,10351.0302734,8663.84765625,6067.58837891,4637.59033203,8318.06347656,4679.41894531,4704.34228516,8856.67480469,3087.13256836,5582.39501953,3063.1159668,1041.84155273,1243.41601562,1306.04162598,462.911102295,244.118591309,136.209960938,153.895309448,111.871818542,88.5274734497,187.306716919,85.3933181763,13.9418420792,2.55355405807,0.291714787483,0.00601474521682,0.0000904268817976,0.00000125338237922,2.66748045874e-9]},"erbbands_crest":{"dmean":2.23390197754,"dmean2":3.64000964165,"dvar":5.21729946136,"dvar2":12.9889411926,"max":27.3232955933,"mean":8.16056251526,"median":6.8629655838,"min":2.41286754608,"var":17.1145801544},"erbbands_flatness_db":{"dmean":0.0135008245707,"dmean2":0.0207490324974,"dvar":0.000159909177455,"dvar2":0.000365156476619,"max":0.258455008268,"mean":0.143723383546,"median":0.143662840128,"min":0.0437493287027,"var":0.000810499594081},"erbbands_kurtosis":{"dmean":0.7087469697,"dmean2":1.14884448051,"dvar":0.669595241547,"dvar2":1.65888690948,"max":22.1934967041,"mean":0.248092114925,"median":-0.0642445087433,"min":-1.69143331051,"var":1.94156801701},"erbbands_skewness":{"dmean":0.293952733278,"dmean2":0.465777754784,"dvar":0.0682839155197,"dvar2":0.166443273425,"max":3.53909301758,"mean":-0.17905625701,"median":-0.276262462139,"min":-2.8254673481,"var":0.499175429344},"erbbands_spread":{"dmean":7.31839132309,"dmean2":11.6502876282,"dvar":59.1120033264,"dvar2":147.990325928,"max":168.028396606,"mean":37.0306625366,"median":34.2196731567,"min":5.12538385391,"var":241.497909546},"gfcc":{"cov":[[12957.7070312,611.333312988,-1111.94262695,158.53868103,-688.961120605,188.530853271,-391.775787354,85.5608215332,-307.816223145,-51.7604827881,-244.369415283,-12.4024906158,-79.6668243408],[611.333312988,566.374755859,-207.840881348,57.2652816772,26.2454490662,-80.3533401489,74.6822814941,-50.944934845,5.31669473648,-29.6228256226,30.5547218323,-44.3249778748,41.2601547241],[-1111.94262695,-207.840881348,496.410858154,17.9855976105,67.0260162354,1.25347280502,-27.7032489777,13.1218538284,16.9837341309,-7.22877836227,12.5898008347,28.5501613617,-6.28810548782],[158.53868103,57.2652816772,17.9855976105,251.276412964,57.8452758789,-33.5494384766,-44.8996734619,-38.7384414673,32.0740242004,-5.31314134598,36.9673233032,-15.1186933517,-0.897909283638],[-688.961120605,26.2454490662,67.0260162354,57.8452758789,196.728530884,0.393889188766,61.1696166992,-18.1197814941,35.6034622192,16.6016254425,17.189031601,-5.73331737518,9.77306652069],[188.530853271,-80.3533401489,1.25347280502,-33.5494384766,0.393889188766,152.605239868,44.5721969604,43.4055366516,-29.4614810944,0.719174027443,-5.46248531342,3.83357954025,-7.946144104],[-391.775787354,74.6822814941,-27.7032489777,-44.8996734619,61.1696166992,44.5721969604,178.403503418,48.5450706482,0.0362937562168,-20.5719165802,1.03656744957,-9.95542049408,-1.22309648991],[85.5608215332,-50.944934845,13.1218538284,-38.7384414673,-18.1197814941,43.4055366516,48.5450706482,109.910194397,22.4300022125,9.32862758636,-28.506734848,-7.18939256668,-3.73481869698],[-307.816223145,5.31669473648,16.9837341309,32.0740242004,35.6034622192,-29.4614810944,0.0362937562168,22.4300022125,100.704711914,37.4565925598,1.64725184441,-23.9067668915,-2.54631733894],[-51.7604827881,-29.6228256226,-7.22877836227,-5.31314134598,16.6016254425,0.719174027443,-20.5719165802,9.32862758636,37.4565925598,80.441734314,21.4652042389,4.8923163414,-8.868932724],[-244.369415283,30.5547218323,12.5898008347,36.9673233032,17.189031601,-5.46248531342,1.03656744957,-28.506734848,1.64725184441,21.4652042389,84.0600280762,26.588602066,8.14405345917],[-12.4024906158,-44.3249778748,28.5501613617,-15.1186933517,-5.73331737518,3.83357954025,-9.95542049408,-7.18939256668,-23.9067668915,4.8923163414,26.588602066,67.5686187744,18.3697452545],[-79.6668243408,41.2601547241,-6.28810548782,-0.897909283638,9.77306652069,-7.946144104,-1.22309648991,-3.73481869698,-2.54631733894,-8.868932724,8.14405345917,18.3697452545,55.0439224243]],"icov":[[0.000203413743293,-0.000429821317084,0.000295050325803,-0.000368444016203,0.000348038651282,-0.000442865421064,0.000639893638436,-0.000474384898553,0.000496246502735,-0.000212003447814,0.000783649040386,-0.000629340589512,0.00058347650338],[-0.000429821317084,0.00421319156885,0.000402755162213,0.000190508682863,-0.000380948680686,0.0026601573918,-0.00341951870359,0.00212023453787,-0.000509062490892,0.000584494264331,-0.00297015975229,0.00415357248858,-0.00408767769113],[0.000295050325803,0.000402755162213,0.00329594453797,-0.00022953755979,-0.00114269554615,-0.000164074066561,0.00199952092953,-0.00182336277794,0.000176925896085,0.00180711667053,-0.00023785851954,-0.00147462624591,0.00142449932173],[-0.000368444016203,0.000190508682863,-0.00022953755979,0.00684325909242,-0.00337843154557,0.000580145628192,0.00247535505332,-0.0000348090943589,-0.0028438558802,0.00425941124558,-0.00525324977934,0.00228517292999,0.00071493833093],[0.000348038651282,-0.000380948680686,-0.00114269554615,-0.00337843154557,0.0100926803425,-0.0013182759285,-0.00510021205992,0.00447378540412,-0.00106991489884,-0.00491605186835,0.00398019701242,-0.000748099875636,-0.00236922991462],[-0.000442865421064,0.0026601573918,-0.000164074066561,0.000580145628192,-0.0013182759285,0.0107700834051,-0.00346916611306,-0.0024237674661,0.00371432909742,-0.00104418711271,-0.00301327742636,0.00343412836082,-0.00179363926873],[0.000639893638436,-0.00341951870359,0.00199952092953,0.00247535505332,-0.00510021205992,-0.00346916611306,0.0150504196063,-0.00882223900408,0.00105390732642,0.00633902149275,-0.00215659663081,-0.00225341250189,0.00603995611891],[-0.000474384898553,0.00212023453787,-0.00182336277794,-0.0000348090943589,0.00447378540412,-0.0024237674661,-0.00882223900408,0.0190732721239,-0.00636753393337,-0.00395512953401,0.0050254794769,0.000563718785997,-0.00439436035231],[0.000496246502735,-0.000509062490892,0.000176925896085,-0.0028438558802,-0.00106991489884,0.00371432909742,0.00105390732642,-0.00636753393337,0.0198536366224,-0.00893101189286,0.00134819478262,0.00569741846994,-0.00123027211521],[-0.000212003447814,0.000584494264331,0.00180711667053,0.00425941124558,-0.00491605186835,-0.00104418711271,0.00633902149275,-0.00395512953401,-0.00893101189286,0.0233878903091,-0.00913146138191,-0.0020724479109,0.0055234618485],[0.000783649040386,-0.00297015975229,-0.00023785851954,-0.00525324977934,0.00398019701242,-0.00301327742636,-0.00215659663081,0.0050254794769,0.00134819478262,-0.00913146138191,0.0239128507674,-0.0107039986178,0.00102436600719],[-0.000629340589512,0.00415357248858,-0.00147462624591,0.00228517292999,-0.000748099875636,0.00343412836082,-0.00225341250189,0.000563718785997,0.00569741846994,-0.0020724479109,-0.0107039986178,0.0274304132909,-0.0111797172576],[0.00058347650338,-0.00408767769113,0.00142449932173,0.00071493833093,-0.00236922991462,-0.00179363926873,0.00603995611891,-0.00439436035231,-0.00123027211521,0.0055234618485,0.00102436600719,-0.0111797172576,0.0266605149955]],"mean":[41.6277923584,80.6036376953,-131.377929688,53.6593399048,-50.021270752,21.0747947693,-24.7842826843,17.7373962402,-23.695318222,3.01935243607,-16.2455024719,-0.53796339035,-8.43124198914]},"hfc":{"dmean":8.2596654892,"dmean2":13.8000192642,"dvar":126.64982605,"dvar2":324.769165039,"max":191.760314941,"mean":34.8311462402,"median":33.4560127258,"min":1.10023663853e-16,"var":319.143615723},"melbands":{"dmean":[0.00205667014234,0.00205309176818,0.000749323691707,0.000405782193411,0.000228766963119,0.000177678812179,0.00011484418792,0.0000831069337437,0.000136180737172,0.000174488057382,0.000126736122184,0.0000915477867238,0.0000644045940135,0.0000740089672036,0.000079806537542,0.0000498339577462,0.0000414087808167,0.0000489717822347,0.0000329734903062,0.0000285562691715,0.0000329223476001,0.0000308737580781,0.0000217053748202,0.0000155796733452,0.000020170929929,0.0000209132085729,0.0000143452671182,0.00000910468315851,0.00000730337569621,0.00000512072074343,0.00000438998404206,0.00000452077983937,0.00000351632957063,0.0000022278754841,0.00000217858018914,0.0000014791828562,0.00000148298829572,0.00000145271360452,8.10424182873e-7,5.25675034169e-7],"dmean2":[0.00356067158282,0.00355247198604,0.00128197565209,0.000681690056808,0.000388675776776,0.000305207591737,0.00019236242224,0.000136643138831,0.000216856220504,0.000266964925686,0.000195271451958,0.000144712161273,0.000101566372905,0.000113503279863,0.000127182196593,0.000079795390775,0.0000647494744044,0.000077599499491,0.0000530243160028,0.0000468942525913,0.0000546072551515,0.0000519144377904,0.0000367061984434,0.0000262981593551,0.0000343658030033,0.0000358078432328,0.0000248989472311,0.0000155966808961,0.0000123761501527,0.00000876752892509,0.00000771845134295,0.00000811574227555,0.0000061609612203,0.00000371714531866,0.00000380854635296,0.00000243838303504,0.00000238040411205,0.0000023737295578,0.00000121056586977,8.03509749403e-7],"dvar":[0.00000979859396466,0.0000165509463841,0.00000144187515616,6.77326227105e-7,1.91801333926e-7,1.46418329905e-7,6.72679689728e-8,3.00828730815e-8,7.89291689784e-8,9.9220194727e-8,5.02834858196e-8,3.0535801443e-8,2.07401988916e-8,2.87464345661e-8,2.81768546273e-8,1.07073478972e-8,8.8735365722e-9,1.30500126261e-8,9.18868359179e-9,3.92854548892e-9,3.25732685269e-9,1.99505278964e-9,8.89022855333e-10,3.8655678658e-10,4.92573037914e-10,5.76000247499e-10,3.45124345769e-10,1.439586228e-10,6.31622462666e-11,3.20445579793e-11,3.36601059525e-11,6.24120893855e-11,3.94611184007e-11,1.85466399183e-11,2.21101713327e-11,2.03136622107e-11,3.13811476804e-11,1.85602869879e-11,9.37875038048e-12,3.14926405266e-12],"dvar2":[0.0000274641843134,0.000045706936362,0.00000389464003092,0.00000181134350896,5.15931105838e-7,3.95222400584e-7,1.69457095467e-7,7.4756577817e-8,1.90417111412e-7,2.16121819108e-7,1.18246298086e-7,7.6192918641e-8,4.93756537878e-8,6.20853271016e-8,6.84481094027e-8,2.5511980084e-8,1.96638954009e-8,3.05800078593e-8,2.29800232177e-8,9.92392301669e-9,8.05684052807e-9,5.0801864937e-9,2.2732482563e-9,1.03061381651e-9,1.34362232451e-9,1.57263713163e-9,9.4044338983e-10,3.79548698026e-10,1.71349434641e-10,8.76436909159e-11,9.43652794794e-11,1.74578212997e-10,1.06403198752e-10,4.21954519936e-11,5.65445676393e-11,4.25578322583e-11,5.77601924623e-11,3.60713646452e-11,1.62849699004e-11,6.3489105466e-12],"max":[0.0312430560589,0.0377179831266,0.0163387283683,0.0164405815303,0.00915734376758,0.00678122602403,0.00576074933633,0.00339641631581,0.00552977388725,0.00663164397702,0.00502230320126,0.00323052867316,0.00345175224356,0.00438686739653,0.00416979752481,0.00250538345426,0.00246607861482,0.00303732114844,0.0030698350165,0.00199114228599,0.00199284916744,0.00117707950994,0.000631703936961,0.000346773769706,0.000469977705507,0.000450408580946,0.000358168646926,0.000261223729467,0.00015118806914,0.000120723991131,0.0000596723257331,0.000126965038362,0.000118616095278,0.000110548564408,0.0000934408963076,0.000141631899169,0.000219358989852,0.000116427516332,0.000109346634417,0.0000686395651428],"mean":[0.00303257745691,0.00262044090778,0.0010177034419,0.000548843177967,0.00032619308331,0.000239451197558,0.000156937167048,0.000132750195917,0.000250094308285,0.000396685820306,0.000305474299239,0.0002009660966,0.000112601846922,0.000141063152114,0.000147005543113,0.0000864246176207,0.0000739653696655,0.0000879159706528,0.0000566532035009,0.0000522109185113,0.0000646885819151,0.0000606800640526,0.0000402800105803,0.0000318054590025,0.0000441834163212,0.0000431801672676,0.0000275393413176,0.0000186801353266,0.0000172369036591,0.0000126943914438,0.00000882881977304,0.00000700289501765,0.00000584608142162,0.00000404273760068,0.00000300154488286,0.00000243098884312,0.00000253602183875,0.00000230959562941,0.00000150094570017,9.42168753681e-7],"median":[0.00193710776512,0.00166010460816,0.000652340822853,0.000316725665471,0.000181657174835,0.000115085022117,0.0000729638122721,0.0000564598703932,0.000096364885394,0.000130901578814,0.0000982998972177,0.0000589572518948,0.0000436195805378,0.0000514907078468,0.0000656827469356,0.0000372361610061,0.0000339822108799,0.0000352237693733,0.0000252815498243,0.0000300041883747,0.0000427135346399,0.0000438485112682,0.0000303630204144,0.0000259735497821,0.0000379299235647,0.000036407745938,0.0000223820625251,0.0000159386745509,0.0000152616066771,0.0000115310413094,0.00000753885615268,0.0000049366467465,0.00000397218127546,0.00000258923637375,0.00000155014811298,0.00000119948902011,0.0000010548139926,9.79153924163e-7,6.41587291739e-7,4.44928588195e-7],"min":[1.14174481497e-24,1.12401220789e-24,1.64286909944e-24,1.19020592088e-24,1.07796018458e-24,4.36215349798e-24,2.52229241987e-24,2.24314353615e-24,3.12555585055e-24,1.82476287203e-24,3.21871578751e-24,1.54745982422e-24,3.08377284663e-24,2.96368455103e-24,4.43576763107e-24,4.58421232077e-24,1.73976409557e-24,2.87168404239e-24,3.01127771273e-24,3.46595465597e-24,4.15234568504e-24,3.73299038327e-24,4.52445886821e-24,3.87046122892e-24,4.07950621336e-24,5.12604932213e-24,5.22306935271e-24,4.52103560632e-24,3.94277729139e-24,5.20670837754e-24,5.22446839753e-24,6.21038399586e-24,5.48660095988e-24,5.63587829226e-24,5.43959628841e-24,5.19797963162e-24,6.83425306503e-24,6.45351211014e-24,6.27011102158e-24,6.56779123404e-24],"var":[0.0000107544747152,0.0000127773364511,0.0000014788745375,6.71682585107e-7,2.31857697486e-7,1.60812319905e-7,8.45451495479e-8,4.63412348495e-8,2.13102651969e-7,4.77861362924e-7,2.57187849684e-7,1.24848781979e-7,4.25576658358e-8,7.6375926028e-8,7.85486093946e-8,2.28316814344e-8,2.01747525352e-8,3.12793737578e-8,1.83349708749e-8,7.98149013548e-9,7.78983633154e-9,4.45292824836e-9,1.57316148997e-9,6.45273501299e-10,9.7811059252e-10,1.02046116002e-9,5.10408881826e-10,2.11390294158e-10,1.42341943787e-10,6.59672177994e-11,4.23361311286e-11,5.5167707208e-11,4.71521016676e-11,3.46202025381e-11,2.88064381376e-11,4.55979247416e-11,8.78446065888e-11,4.82433884508e-11,2.48087418664e-11,6.74206610679e-12]},"melbands_crest":{"dmean":3.59148454666,"dmean2":6.0514216423,"dvar":10.5220413208,"dvar2":27.7455539703,"max":31.510175705,"mean":13.9226799011,"median":13.144906044,"min":1.65113580227,"var":27.2079429626},"melbands_flatness_db":{"dmean":0.0278559178114,"dmean2":0.047022473067,"dvar":0.000876943813637,"dvar2":0.00241190311499,"max":0.458454996347,"mean":0.155576765537,"median":0.147908404469,"min":0.00260139559396,"var":0.00253896671347},"melbands_kurtosis":{"dmean":5.69690942764,"dmean2":9.67107868195,"dvar":142.521774292,"dvar2":384.780517578,"max":966.066101074,"mean":10.3337593079,"median":3.28920888901,"min":-1.7519929409,"var":2081.84570312},"melbands_skewness":{"dmean":0.759505152702,"dmean2":1.2523406744,"dvar":0.801572501659,"dvar2":2.12573957443,"max":25.3121128082,"mean":2.2694106102,"median":1.84392511845,"min":-1.02688455582,"var":3.75324249268},"melbands_spread":{"dmean":10.3286485672,"dmean2":17.188791275,"dvar":120.503967285,"dvar2":313.536895752,"max":176.749649048,"mean":37.6258773804,"median":35.5973052979,"min":0.586882948875,"var":382.529510498},"mfcc":{"cov":[[5151.29003906,447.151306152,-94.6524429321,2.85172772408,-66.7872772217,27.5545215607,-35.4226074219,27.5817909241,-20.9497795105,6.18827629089,-35.4036140442,-49.4795684814,-57.254737854],[447.151306152,514.315429688,-138.858413696,90.4730834961,-60.6406707764,11.504825592,42.4932060242,2.57766652107,30.0703296661,-16.8465995789,10.9101896286,-8.77301311493,-8.2628993988],[-94.6524429321,-138.858413696,316.229614258,-4.60444927216,63.0641136169,-28.3699989319,-22.6831855774,9.21430397034,-27.9427375793,-13.3165359497,-15.6920166016,-4.77982664108,13.1908502579],[2.85172772408,90.4730834961,-4.60444927216,248.127746582,77.0776443481,19.3170909882,-31.7567882538,-23.9572238922,-16.1494445801,2.99715161324,-3.00214624405,20.7421779633,4.59348011017],[-66.7872772217,-60.6406707764,63.0641136169,77.0776443481,140.975570679,32.0634040833,-27.3714466095,-28.8769741058,-6.83068990707,9.98090362549,-2.40011525154,8.39070606232,8.06596279144],[27.5545215607,11.504825592,-28.3699989319,19.3170909882,32.0634040833,89.8974075317,38.3103370667,5.88939094543,-8.45449447632,-3.28170418739,8.8092956543,4.30394172668,-0.242521032691],[-35.4226074219,42.4932060242,-22.6831855774,-31.7567882538,-27.3714466095,38.3103370667,139.711578369,65.0081863403,17.0083427429,-13.1546373367,2.19574284554,6.66567373276,1.41243875027],[27.5817909241,2.57766652107,9.21430397034,-23.9572238922,-28.8769741058,5.88939094543,65.0081863403,95.5856552124,37.8685493469,4.04526329041,-6.53412389755,-5.13667917252,-4.09021139145],[-20.9497795105,30.0703296661,-27.9427375793,-16.1494445801,-6.83068990707,-8.45449447632,17.0083427429,37.8685493469,91.5547485352,46.6534347534,13.8954267502,-11.9556293488,-14.3249902725],[6.18827629089,-16.8465995789,-13.3165359497,2.99715161324,9.98090362549,-3.28170418739,-13.1546373367,4.04526329041,46.6534347534,87.9497833252,35.3434562683,3.701141119,-20.8567619324],[-35.4036140442,10.9101896286,-15.6920166016,-3.00214624405,-2.40011525154,8.8092956543,2.19574284554,-6.53412389755,13.8954267502,35.3434562683,65.6768035889,25.8756103516,1.98085236549],[-49.4795684814,-8.77301311493,-4.77982664108,20.7421779633,8.39070606232,4.30394172668,6.66567373276,-5.13667917252,-11.9556293488,3.701141119,25.8756103516,61.982131958,27.090511322],[-57.254737854,-8.2628993988,13.1908502579,4.59348011017,8.06596279144,-0.242521032691,1.41243875027,-4.09021139145,-14.3249902725,-20.8567619324,1.98085236549,27.090511322,60.6327018738]],"icov":[[0.000227268654271,-0.000283394445432,-0.00000322170717482,0.000160384704941,-0.0000424311037932,-0.000155100598931,0.000297015882097,-0.000332387193339,0.00035502796527,-0.000262124201981,0.000224160670768,-0.0000253062462434,0.000137914728839],[-0.000283394445432,0.00331026013009,0.000661493570078,-0.00207748101093,0.00183788442519,0.000122999656014,-0.00149769405834,0.00176186126191,-0.00231101410463,0.00200426648371,-0.00140110391658,0.00115369551349,-0.000219524808927],[-0.00000322170717482,0.000661493570078,0.00463355192915,0.000398630450945,-0.00309747550637,0.00275631132536,0.000156302965479,-0.00254944292828,0.00238675856963,0.000311374198645,-0.000945292704273,0.00143156794365,-0.00064141972689],[0.000160384704941,-0.00207748101093,0.000398630450945,0.00658751931041,-0.00420408556238,-0.000184642834938,0.00202026194893,-0.00182513985783,0.00221101334319,-0.00123461522162,0.00170048582368,-0.0027470709756,0.000940403086133],[-0.0000424311037932,0.00183788442519,-0.00309747550637,-0.00420408556238,0.0143130496144,-0.00664553837851,0.000530709512532,0.00543594034389,-0.00441642431542,-0.00099854147993,0.00255501852371,-0.000921324652154,-0.00143227342051],[-0.000155100598931,0.000122999656014,0.00275631132536,-0.000184642834938,-0.00664553837851,0.0176879391074,-0.00576786138117,-0.00129941070918,0.00430798530579,0.000472576357424,-0.00427853362635,0.00278206449002,0.000363273604307],[0.000297015882097,-0.00149769405834,0.000156302965479,0.00202026194893,0.000530709512532,-0.00576786138117,0.0144653758034,-0.00917979050428,0.000186839271919,0.00230360566638,-0.000138129791594,-0.00314498250373,0.00108563934918],[-0.000332387193339,0.00176186126191,-0.00254944292828,-0.00182513985783,0.00543594034389,-0.00129941070918,-0.00917979050428,0.0224831476808,-0.0102255316451,0.000832872465253,0.00383877963759,-0.000925538770389,-0.000219922032556],[0.00035502796527,-0.00231101410463,0.00238675856963,0.00221101334319,-0.00441642431542,0.00430798530579,0.000186839271919,-0.0102255316451,0.0237493030727,-0.0116705019027,-0.00130546465516,0.00530426390469,-0.00148663821165],[-0.000262124201981,0.00200426648371,0.000311374198645,-0.00123461522162,-0.00099854147993,0.000472576357424,0.00230360566638,0.000832872465253,-0.0116705019027,0.0245800986886,-0.0107835652307,-0.00187472451944,0.00707651348785],[0.000224160670768,-0.00140110391658,-0.000945292704273,0.00170048582368,0.00255501852371,-0.00427853362635,-0.000138129791594,0.00383877963759,-0.00130546465516,-0.0107835652307,0.0270283501595,-0.0113427257165,0.000169799503055],[-0.0000253062462434,0.00115369551349,0.00143156794365,-0.0027470709756,-0.000921324652154,0.00278206449002,-0.00314498250373,-0.000925538770389,0.00530426390469,-0.00187472451944,-0.0113427257165,0.0284145697951,-0.0115421637893],[0.000137914728839,-0.000219524808927,-0.00064141972689,0.000940403086133,-0.00143227342051,0.000363273604307,0.00108563934918,-0.000219922032556,-0.00148663821165,0.00707651348785,0.000169799503055,-0.0115421637893,0.0240476708859]],"mean":[-586.934265137,98.6875991821,-13.5489826202,35.8789138794,2.98365330696,9.64216804504,10.9225053787,11.3844032288,6.80662202835,5.02710914612,1.8212941885,1.03471755981,-2.00948023796]},"pitch_salience":{"dmean":0.0740278586745,"dmean2":0.125037491322,"dvar":0.00486084679142,"dvar2":0.0131221599877,"max":0.891160130501,"mean":0.546099066734,"median":0.544730484486,"min":0.0326144509017,"var":0.0123063372448},"silence_rate_20dB":{"dmean":0,"dmean2":0,"dvar":0,"dvar2":0,"max":1,"mean":1,"median":1,"min":1,"var":0},"silence_rate_30dB":{"dmean":0.000826582894661,"dmean2":0.00165330246091,"dvar":0.000825925613753,"dvar2":0.00247642653994,"max":1,"mean":0.999586760998,"median":1,"min":0,"var":0.000413038593251},"silence_rate_60dB":{"dmean":0.000165316581842,"dmean2":0.000330660492182,"dvar":0.000165261939401,"dvar2":0.000330551149091,"max":1,"mean":0.0176047608256,"median":0,"min":0,"var":0.0172948800027},"spectral_centroid":{"dmean":271.213562012,"dmean2":447.444244385,"dvar":80249.484375,"dvar2":205749.453125,"max":11748.4179688,"mean":2120.17602539,"median":2108.33349609,"min":434.285552979,"var":614009.9375},"spectral_complexity":{"dmean":4.8703918457,"dmean2":7.86641311646,"dvar":20.0539913177,"dvar2":48.2826385498,"max":61,"mean":35.768825531,"median":38,"min":0,"var":114.791763306},"spectral_contrast_coeffs":{"dmean":[0.0524994954467,0.0473930425942,0.0385940372944,0.030512964353,0.0191587079316,0.0174015145749],"dmean2":[0.0873645320535,0.0786654129624,0.0631984323263,0.0501093231142,0.0324797332287,0.0282273944467],"dvar":[0.00186731864233,0.00144289352465,0.000967720232438,0.000611421244685,0.000224677583901,0.00023259241425],"dvar2":[0.00503705115989,0.00390028976835,0.0024941128213,0.00156458735,0.000625785789452,0.000561359513085],"max":[-0.407478153706,-0.461654007435,-0.475574970245,-0.563928604126,-0.643346786499,-0.588771760464],"mean":[-0.702346980572,-0.755687713623,-0.747845649719,-0.775185525417,-0.796990156174,-0.719184160233],"median":[-0.707203984261,-0.761351466179,-0.761902570724,-0.782091081142,-0.798022687435,-0.717541277409],"min":[-0.979001700878,-0.976311802864,-0.975077092648,-0.969512820244,-0.966076374054,-0.96577590704],"var":[0.00435426086187,0.00466027576476,0.0066481330432,0.00279268855229,0.000778674788307,0.00148056470789]},"spectral_contrast_valleys":{"dmean":[0.351973772049,0.349955260754,0.288209855556,0.243163272738,0.204171210527,0.264708071947],"dmean2":[0.585782408714,0.580051243305,0.477753162384,0.396204948425,0.336576163769,0.418426990509],"dvar":[0.10064201057,0.10107563436,0.0679503232241,0.0573545247316,0.0584678500891,0.125688746572],"dvar2":[0.239879995584,0.241335809231,0.151929184794,0.120731577277,0.11847499758,0.274516612291],"max":[-5.04802083969,-4.63998031616,-5.32875204086,-5.40459775925,-5.36769342422,-7.25383615494],"mean":[-6.72788572311,-6.71659517288,-7.04454469681,-7.15285158157,-6.5643119812,-9.71366596222],"median":[-6.51304101944,-6.55383491516,-6.85702228546,-6.94976854324,-6.33911180496,-9.51574802399],"min":[-28.4018268585,-27.8896865845,-27.8795089722,-27.5588150024,-27.5416145325,-27.3957901001],"var":[2.78924322128,2.77793478966,2.70212197304,2.59965467453,2.6623044014,2.25632953644]},"spectral_decrease":{"dmean":3.16099635356e-9,"dmean2":5.28557952961e-9,"dvar":1.94180781146e-17,"dvar2":5.20225434676e-17,"max":3.43418329248e-21,"mean":-9.09008956995e-9,"median":-8.31855562211e-9,"min":-4.86241980013e-8,"var":2.23399281923e-17},"spectral_energy":{"dmean":0.0122415423393,"dmean2":0.0204084347934,"dvar":0.000281623040792,"dvar2":0.000750423292629,"max":0.186058327556,"mean":0.0374675616622,"median":0.0348161458969,"min":1.00563238969e-20,"var":0.000336834113114},"spectral_energyband_high":{"dmean":0.000644398620352,"dmean2":0.00108696869574,"dvar":0.00000117451668302,"dvar2":0.00000277298477158,"max":0.0217434633523,"mean":0.00166861817706,"median":0.00137845845893,"min":7.18793214342e-21,"var":0.00000257910846813},"spectral_energyband_low":{"dmean":0.00999520160258,"dmean2":0.0170556940138,"dvar":0.00027481187135,"dvar2":0.000746143690776,"max":0.166201770306,"mean":0.0161762945354,"median":0.0116219222546,"min":1.57728856803e-23,"var":0.000269724230748},"spectral_energyband_middle_high":{"dmean":0.00264922715724,"dmean2":0.0042663202621,"dvar":0.00000823503614811,"dvar2":0.0000208630026464,"max":0.0448047742248,"mean":0.010633517988,"median":0.00933503359556,"min":1.2972398291e-21,"var":0.0000444251600129},"spectral_energyband_middle_low":{"dmean":0.00411270232871,"dmean2":0.00674862228334,"dvar":0.0000400012468162,"dvar2":0.00010618527449,"max":0.101220361888,"mean":0.0100695956498,"median":0.00779840815812,"min":1.24844091875e-22,"var":0.0000599343693466},"spectral_entropy":{"dmean":0.093497864902,"dmean2":0.151595070958,"dvar":0.00943583063781,"dvar2":0.0233939364552,"max":9.82019519806,"mean":7.90672206879,"median":7.90412950516,"min":7.00598049164,"var":0.0518704727292},"spectral_flux":{"dmean":0.0276205372065,"dmean2":0.042587891221,"dvar":0.00100620149169,"dvar2":0.00203785439953,"max":0.368184834719,"mean":0.10868807137,"median":0.101099334657,"min":6.28751495313e-11,"var":0.00218480662443},"spectral_kurtosis":{"dmean":0.978196561337,"dmean2":1.68805265427,"dvar":0.809876918793,"dvar2":2.43434476852,"max":12.863366127,"mean":3.16536784172,"median":3.02416944504,"min":-1.26907992363,"var":1.56059074402},"spectral_rms":{"dmean":0.000905256136321,"dmean2":0.00148318894207,"dvar":0.00000110906023565,"dvar2":0.00000287994043902,"max":0.013472947292,"mean":0.00585687719285,"median":0.00582811888307,"min":3.13225920895e-12,"var":0.00000225069447879},"spectral_rolloff":{"dmean":656.550109863,"dmean2":1119.33557129,"dvar":660728.25,"dvar2":1526363.5,"max":19702.8808594,"mean":2104.85327148,"median":1981.0546875,"min":64.599609375,"var":3017271},"spectral_skewness":{"dmean":0.145760193467,"dmean2":0.244503721595,"dvar":0.0168027523905,"dvar2":0.0460877344012,"max":2.2604970932,"mean":1.11011731625,"median":1.10119056702,"min":-0.0688019245863,"var":0.0578786209226},"spectral_spread":{"dmean":370345.15625,"dmean2":563012.9375,"dvar":305256497152,"dvar2":550637273088,"max":42842776,"mean":4255216,"median":3953222.5,"min":2009501.75,"var":7221495201790},"spectral_strongpeak":{"dmean":0.729728460312,"dmean2":1.29078543186,"dvar":1.53891444206,"dvar2":3.97592401505,"max":12.0384073257,"mean":1.10881984234,"median":0.312552690506,"min":0,"var":2.58565855026},"zerocrossingrate":{"dmean":0.0093382075429,"dmean2":0.0118839591742,"dvar":0.000120684868307,"dvar2":0.000168836675584,"max":0.5244140625,"mean":0.0751569718122,"median":0.07080078125,"min":0.0078125,"var":0.0016335262917}},"metadata":{"audio_properties":{"analysis_sample_rate":44100,"bit_rate":256024,"codec":"mp3","downmix":"mix","equal_loudness":0,"length":280.894683838,"lossless":false,"md5_encoded":"1c54306463269fa95fbdb9b58b29a305","replay_gain":-4.55350112915,"sample_rate":44100},"tags":{"acoustid_fingerprint":["AQADtAkXRcmSiEmgh9GPH2GaHpUSMTve40dz9ImQizk-fdCJvGjUMLh0-DX6D_3RvHhz4fuDH312hBmlQI8eXA-RagmDayOeAVbz4MyRC38FXUfOoMmiFs80oqlj_GgqKUcfHmf04xfxLPlRyggjMcp06DzywE2Y48l2nBeK5nnwCvmh_MhDNE0xa8sB50O-o7FxKXnwIPbx9DAjprhW4jr6G83ZBcfDN_iUo7mEig9-XHywv8gv6MdzHP50HM-OSWJ0QYt-_PjCE3-OevAP7QwuG3p2_M8R5suLyoyxKzme4pE-xD16QfzRhxWuV8bjHD8m8RD94dKCljQeLeoMLSdCTjs-Gs8IP4guHc-hL0bAJjs-_Gi-gDmLCyfy6Pgq-DGOT9oMLZuO7T2iCWd4tMoVlFKRQxcDHyGtgD6u4QzCxIkOzWJe8Mfj4GtxBar4ouGP8A5yKdGJnofoFD3u4wnRuEc9QkePshee4EdVo6mC48flS3gyXETEoZQPq0Y57cjV4IdmHUcaMQuHP8iXw9HCoD_0Q9F-OGLTICf8EGUvVFoOt7EilHmOxM4RBtN2Co_W41LQw3WOkOuDKzv0H3uJWkdzVVCVET-yag96OM6CvaHQ6D_Oo3GD0OJ6HLp14VSCPMMT6TjRHBW-49GJ5EVcHXN2PMdL9B-a4ryQ_Ajfwj7sCBWV4cmO8rGOKXyM5MyHXAp33MbxHx4z48pT4sWH_HhzKDKaG0-CXhTEVy06ijgP5jlOpKMd9Dz249pT3MzRJTrSSLSg00iPUsrRK9inHWVH3BRFnLUQVkL-C72O3-iY5PCyHiF1QW6OMBWNSQ_KXXj2ws_xZiERnoE85FoeHJ9yRPpyaOmUHrl0XNFx7egHKi5-9LwRtXFRST5Eh8GVEz5RC49KvOGHTtnh4_gFEe6O_Ed_XEJ7wzv6TAgt5tB1CU9c9Bgf4aMSHpN-eM-hdZmFS3JxhsWpJcUfoWEvYqIO5jpcH5r0VMiTPph-NLFufHhc_B_qT4e7D71f5JIOFXmEkkcbDaN2fEeT7-iDXMeHKznC52gUZlmD9ziOpo7RZ8gDbXmJMtpe_PigH32GKZuGxzgPTU0yNJOPXPuE30JOaDkiPTtuFpxkYddR3nAv_HiOX-iRByq1XAjHaDuO_riO4xt25DHhH1K_42ygR2GL_-hnNBWD41mDJo8DKSti9fgu_Ch2nfBP5GSgjw887Rr8o_JidM1CwTv6D9r34dyHF9pRabYYpGOOWgymDl5x68jOCj2hB9eF_PhCIs-g9wmqw8_B-HgC6TrCnMlC9Cv-oPMuoQn1IRcFPUIz8oUvFNqNMD9OHJUIKxOL-NAYaXiL_QhvhHlwZYuJNTq0SzIa5XkQ7ziY1GjHHN-xH7_gj8ejhfiEnMmc44cWBc-wq3A59Nah5ZDio2TW4KtRkuhnWBOD_oeuGc2eC-FxBWSX40evI4dIrkQeUTm284LforqJ_mhC6UF-JE4ynBeO5gzqHUmLfMfEollGHD3hX0i_I5nFEN_x7ain4-TxEg6H_ETZxXiQ_weTK0ePJ0LOFFrCI9IejIofXCJ-XNh_hOah5ch7jMqFR3wxJSz6MOhx_EO5ZB5OY