{"lowlevel":{"average_loudness":0.80940413475,"barkbands":{"dmean":[0.00459249736741,0.0177091397345,0.00407051388174,0.00113979890011,0.00186619651504,0.000950718531385,0.000468840240501,0.000383182748919,0.000466383848106,0.00039261803613,0.000243898277404,0.000175575813046,0.000217026390601,0.000141963755595,0.000154841865879,0.000112426627311,0.000114784110337,0.000150952400872,0.00015115601127,0.000133600871777,0.0000584813387832,0.0000547174968233,0.0000316927726089,0.0000186878114619,0.00000281012307823,0.0000689869339112,0.000454308028566],"dmean2":[0.00788059458137,0.0293630268425,0.00674360292032,0.00194334983826,0.00290850317106,0.00147044030018,0.000731617619749,0.000612187199295,0.000766429875512,0.000635347736534,0.000399969547288,0.00029129430186,0.000354062154656,0.000228462886298,0.00025087656104,0.00018013746012,0.000180605100468,0.000231693149544,0.000227491138503,0.000202830793569,0.0000805865493021,0.0000774619256845,0.0000412614972447,0.0000251793862844,0.00000469216365673,0.0000893250617082,0.000614603108261],"dvar":[0.000295865873341,0.00163823796902,0.0000843681264087,0.000005654787401,0.0000248565247603,0.0000111085328172,0.00000301497266264,0.00000246526656156,0.00000364529955732,0.00000173935177372,8.56718372688e-7,2.50686781555e-7,4.78121364722e-7,1.49710032815e-7,1.8638317556e-7,1.00491277522e-7,1.33626102183e-7,2.66113033831e-7,2.12640188124e-7,1.9883121638e-7,2.38462920521e-8,3.91250125631e-8,1.1642778297e-8,5.24656140755e-9,4.25590188091e-11,6.17109918721e-8,0.00000145925218931],"dvar2":[0.000773492851295,0.00418997416273,0.000211176564335,0.0000145959429574,0.0000584812587476,0.0000224868526857,0.00000600325256528,0.00000544069462194,0.00000921293940337,0.00000413018005929,0.00000180443407771,6.14236114416e-7,0.00000120783090551,3.73453701741e-7,4.61017748421e-7,2.39666064772e-7,3.02613358372e-7,5.88033401527e-7,4.72138765417e-7,4.74893909086e-7,4.70372363282e-8,8.32601543266e-8,2.02408738659e-8,9.95659554803e-9,1.07699973939e-10,1.04372318788e-7,0.00000288799333248],"max":[0.270112156868,0.549487650394,0.240172341466,0.0771298781037,0.239738047123,0.162588626146,0.154479116201,0.0896631404757,0.0908952429891,0.0482370071113,0.0549778752029,0.0196112133563,0.0227860212326,0.0121803833172,0.0206486303359,0.00652877986431,0.00841401983052,0.0117108114064,0.0137808145955,0.0114541677758,0.00553977768868,0.00509399594739,0.00329472194426,0.00202244054526,0.000190886625205,0.00716301752254,0.0250391028821],"mean":[0.00371329928748,0.0231122113764,0.00503936083987,0.00138808891643,0.00297509413213,0.00138099980541,0.000682813522872,0.000526529212948,0.000611711642705,0.000525585957803,0.000294474040857,0.000227391850785,0.000310427509248,0.000211128513911,0.000239504894125,0.000168092476088,0.000173455875483,0.000235600324231,0.000258084852248,0.000219688634388,0.00010223154095,0.0000769856051193,0.000046182605729,0.0000227658965741,0.00000269350789495,0.0000941096368479,0.00100320810452],"median":[0.000532423146069,0.00659059267491,0.00190615630709,0.000606048037298,0.000914753763936,0.00037625891855,0.000144914403791,0.0000797491011326,0.0000861673397594,0.0000616050820099,0.0000389088527299,0.0000421997028752,0.0000455274130218,0.0000334927608492,0.0000371141650248,0.0000315082033921,0.0000248884607572,0.00003617531911,0.0000352748138539,0.0000292113982141,0.000014985413145,0.0000101377536339,0.00000434643652625,0.00000167913185578,7.37784944249e-7,0.00000606766252531,0.000250420649536],"min":[2.20199164458e-10,8.37441713197e-11,2.94854071714e-12,3.6558915617e-12,9.39441927028e-12,2.17442253439e-12,2.20542833128e-12,6.43564466041e-13,2.75326679858e-12,1.35747641426e-12,1.61536333355e-12,3.78960144515e-12,4.87521308046e-12,2.86966457541e-12,2.29056443951e-12,6.09853010106e-12,5.04014581806e-12,5.54820078769e-12,8.97086745166e-12,1.46668146378e-11,1.49113377895e-11,2.17600694408e-11,1.09416763844e-11,1.53339216324e-11,1.42830400285e-11,1.58801444217e-11,1.59363858915e-11],"var":[0.000223472394282,0.00199647573754,0.000103478138044,0.00000661544891045,0.0000460766168544,0.0000239853325184,0.00000769852249505,0.00000543014539289,0.00000554163125344,0.00000293898119708,0.00000170341991179,3.75348832904e-7,8.45281022066e-7,2.83849317384e-7,3.61826948847e-7,1.55636683985e-7,2.17102254396e-7,4.33835168678e-7,4.33389260479e-7,3.22519014162e-7,5.73415519511e-8,5.55311281403e-8,2.40288304809e-8,8.81413253495e-9,4.12626807722e-11,1.25147948893e-7,0.00000366377116734]},"barkbands_crest":{"dmean":3.47712302208,"dmean2":5.79622459412,"dvar":9.06347370148,"dvar2":24.499288559,"max":26.9441566467,"mean":14.2122068405,"median":13.6381206512,"min":2.83170843124,"var":29.2820262909},"barkbands_flatness_db":{"dmean":0.038671284914,"dmean2":0.0617325007915,"dvar":0.00126488204114,"dvar2":0.00318842101842,"max":0.832872629166,"mean":0.188644498587,"median":0.175109624863,"min":0.0159484893084,"var":0.00690545653924},"barkbands_kurtosis":{"dmean":41.9369049072,"dmean2":66.1265487671,"dvar":241128.609375,"dvar2":365874.0625,"max":47984.7265625,"mean":164.711654663,"median":13.6521720886,"min":-1.84435367584,"var":3478810},"barkbands_skewness":{"dmean":1.41028785706,"dmean2":2.22550749779,"dvar":6.57508087158,"dvar2":13.5098485947,"max":171.780349731,"mean":4.89636802673,"median":3.25499343872,"min":-1.44353222847,"var":98.9210205078},"barkbands_spread":{"dmean":9.65220069885,"dmean2":15.069355011,"dvar":169.735351562,"dvar2":371.975921631,"max":141.37121582,"mean":25.5076560974,"median":16.0527000427,"min":0.00609697261825,"var":669.738525391},"dissonance":{"dmean":0.018165756017,"dmean2":0.030454909429,"dvar":0.000453136570286,"dvar2":0.00121725187637,"max":0.500000178814,"mean":0.469300299883,"median":0.479160487652,"min":0.222823932767,"var":0.000941462989431},"dynamic_complexity":6.35504007339,"erbbands":{"dmean":[0.589597821236,3.81566572189,5.78472757339,3.65320062637,4.85932445526,7.04564332962,7.20893716812,7.88038253784,6.4686164856,8.00919437408,8.35669898987,10.4518556595,10.0358533859,12.9826631546,8.49473762512,7.36987638474,9.66706371307,6.90203285217,7.89052963257,6.50356245041,6.11403608322,6.41136455536,7.75035905838,8.69339561462,6.62510251999,7.1520152092,2.89378213882,2.04469609261,1.67227208614,1.59641933441,0.905489861965,0.622713208199,0.165289193392,0.0360298231244,0.0195731427521,0.0272631179541,0.17485845089,0.161554738879,0.055479709059,0.00847871974111],"dmean2":[1.01147902012,6.21567630768,9.29926109314,6.10501241684,7.78419685364,11.0007972717,11.4004297256,12.11465168,10.1369962692,12.5913715363,13.1040048599,17.0540351868,16.3642959595,20.8364582062,13.8697824478,12.1029071808,15.7264871597,11.029589653,12.7105674744,10.3981027603,9.68301391602,9.94668102264,11.9045009613,13.2239246368,9.86570739746,10.9139595032,4.05800247192,2.84167122841,2.31097507477,2.22949814796,1.18852603436,0.81527453661,0.233848929405,0.0584399625659,0.0323692448437,0.0380502603948,0.22813141346,0.217009797692,0.0740789026022,0.0120043456554],"dvar":[3.40816998482,67.7880477905,189.389801025,49.4464454651,173.00958252,485.623901367,400.328277588,1100.13830566,815.262939453,613.540222168,1370.48901367,1887.32836914,1577.72351074,1854.22521973,993.662658691,426.584075928,946.051757812,383.119873047,416.271240234,332.558135986,310.502227783,440.177612305,675.31817627,1010.67242432,338.157226562,702.17755127,59.815246582,31.5050163269,26.0651168823,34.0528945923,10.2600317001,5.74785804749,0.373558908701,0.00735507626086,0.00187294790521,0.00626047234982,0.42326399684,0.331395000219,0.0258684176952,0.000440814939793],"dvar2":[9.48506355286,157.717529297,429.749755859,127.843772888,423.423858643,1131.07373047,863.719848633,2238.4621582,1573.34570312,1419.31530762,2832.98632812,4709.67529297,3993.61474609,4322.56933594,2059.34521484,1014.43963623,2363.96704102,955.37322998,1026.15905762,798.379455566,728.962341309,984.812072754,1501.86364746,2267.01806641,747.063781738,1703.63500977,120.291488647,62.9581031799,52.639377594,72.4008483887,18.3186435699,10.6290149689,0.734092950821,0.0180740188807,0.00467414502054,0.0114363553002,0.756554245949,0.690655529499,0.0532650761306,0.000896899204236],"max":[26.7120227814,155.905776978,394.646240234,166.097167969,738.062316895,1223.05371094,784.061462402,1772.10620117,2747.96166992,1458.53881836,2211.42724609,2443.1953125,1719.19543457,1953.66833496,2248.17675781,916.988586426,1187.62255859,810.36932373,522.003845215,761.734802246,372.845733643,458.857879639,554.534851074,766.613464355,930.804382324,718.768249512,259.068054199,154.056518555,108.896469116,141.251754761,100.945098877,69.3560943604,15.3268022537,2.99016594887,1.26172232628,1.98347318172,20.5004959106,10.5698928833,4.12006855011,0.434410989285],"mean":[0.660026431084,5.02170085907,7.57783508301,5.14185667038,7.0542011261,10.6794261932,10.8741998672,11.1088008881,9.23551082611,11.549115181,11.9030456543,13.8843336105,14.0336723328,17.1552429199,11.1265335083,10.3097219467,14.1756820679,11.0999994278,12.9317359924,10.556016922,9.38460063934,10.0388469696,12.2072649002,14.0240430832,12.1900434494,11.1816959381,5.28628826141,3.40505671501,2.49482059479,2.16070747375,1.29997646809,0.800047874451,0.187035277486,0.0367211997509,0.0196273215115,0.0332196205854,0.230551451445,0.219866156578,0.108468562365,0.021591803059],"median":[0.163923531771,1.42366433144,2.61127471924,2.59723234177,2.57511162758,2.80548429489,3.19324588776,2.73454236984,2.02952265739,2.271733284,1.79177117348,2.01053452492,1.96845173836,2.03807759285,1.7102534771,1.95740103722,2.18927598,1.80142903328,2.14726448059,1.84619808197,1.85084056854,1.49002671242,1.89834666252,1.99560344219,1.61161160469,1.45431733131,0.780131042004,0.497236818075,0.363594174385,0.2318918854,0.11517265439,0.0544687360525,0.0177699960768,0.00930386409163,0.00585245946422,0.00521722901613,0.0123972194269,0.0195208676159,0.0168401971459,0.00779766589403],"min":[1.9925745498e-9,1.97906206978e-8,6.12779800235e-8,1.40433172646e-7,1.19537205023e-7,3.12776677447e-7,2.34048584957e-7,1.79413945034e-7,1.59620370255e-7,1.16792378435e-7,1.19327339121e-7,1.23352151604e-7,9.69272306861e-8,1.15398620437e-7,1.30272027832e-7,2.46902374101e-7,2.73336269174e-7,2.03457446446e-7,1.45965046272e-7,3.6455489294e-7,3.23619218534e-7,3.42836557365e-7,4.05248471225e-7,4.93633024234e-7,5.6712639207e-7,5.87899876336e-7,5.76664433538e-7,6.33510921944e-7,7.2678807328e-7,4.37706205503e-7,3.13460475354e-7,3.54314551032e-7,2.43911557618e-7,1.62855073427e-7,9.99764395715e-8,5.67938229779e-8,3.04021732234e-8,1.16071117162e-8,1.99456096084e-9,2.92598389962e-10],"var":[2.6798658371,101.338920593,264.674346924,66.3139648438,229.646118164,891.035644531,873.62298584,2180.16992188,2074.26879883,1214.44299316,3141.14038086,2782.67749023,2493.2265625,3054.55664062,2195.39648438,730.278137207,1672.18920898,804.938659668,932.772766113,603.363891602,490.541809082,721.751953125,1100.21691895,1615.0020752,910.984924316,963.009643555,146.087783813,67.8715515137,44.1736717224,47.8479232788,20.4796123505,10.3104343414,0.576754629612,0.00795568618923,0.00193212600425,0.0112943397835,0.803352177143,0.47750839591,0.0565130859613,0.00130425335374]},"erbbands_crest":{"dmean":2.67614173889,"dmean2":4.33115768433,"dvar":6.87970733643,"dvar2":16.5826225281,"max":33.3677864075,"mean":8.29272460938,"median":7.0813999176,"min":2.36133623123,"var":19.012802124},"erbbands_flatness_db":{"dmean":0.0230849459767,"dmean2":0.0355765931308,"dvar":0.00050108373398,"dvar2":0.00115861464292,"max":0.391552269459,"mean":0.12298977375,"median":0.116592548788,"min":0.027090869844,"var":0.0019108915003},"erbbands_kurtosis":{"dmean":1.64902460575,"dmean2":2.64562416077,"dvar":15.6633930206,"dvar2":39.7115287781,"max":137.880264282,"mean":1.40131664276,"median":0.0862793922424,"min":-1.811393857,"var":26.526758194},"erbbands_skewness":{"dmean":0.462498158216,"dmean2":0.703469634056,"dvar":0.231164187193,"dvar2":0.502703726292,"max":9.04743003845,"mean":0.406808823347,"median":0.3518255651,"min":-5.111287117,"var":1.29836475849},"erbbands_spread":{"dmean":10.4049034119,"dmean2":16.0923213959,"dvar":116.729003906,"dvar2":268.133026123,"max":169.660308838,"mean":44.5066490173,"median":41.0744056702,"min":0.890576303005,"var":603.76361084},"gfcc":{"cov":[[18373.28125,122.4973526,-637.346374512,577.947387695,609.086242676,-584.1328125,380.010162354,-52.2122344971,-34.3483276367,51.6187324524,-19.2837657928,-241.537582397,-401.459564209],[122.4973526,1321.3717041,225.747802734,-340.415466309,-38.1926498413,24.7877750397,-144.505203247,27.5618419647,-91.9526290894,13.3846035004,12.0602645874,-164.810958862,130.960891724],[-637.346374512,225.747802734,713.196533203,314.235473633,-141.404815674,174.62310791,-180.904373169,169.949447632,-100.093139648,47.0665550232,-8.01810455322,-3.93910861015,13.0093917847],[577.947387695,-340.415466309,314.235473633,632.854125977,198.29083252,-39.5478515625,36.2632484436,63.0260543823,-15.014093399,1.13705766201,4.09325218201,47.432220459,-86.6127090454],[609.086242676,-38.1926498413,-141.404815674,198.29083252,367.54473877,-70.1583938599,128.2474823,-48.5882606506,32.0751228333,-9.15946483612,31.3334140778,-13.6886863708,-23.8381080627],[-584.1328125,24.7877750397,174.62310791,-39.5478515625,-70.1583938599,321.664550781,-63.3050575256,129.345046997,-34.8308944702,58.3114280701,6.9081530571,-3.67742085457,41.265789032],[380.010162354,-144.505203247,-180.904373169,36.2632484436,128.2474823,-63.3050575256,244.01461792,-31.7387866974,85.138092041,-14.1169128418,2.04664897919,35.4836540222,-54.2941360474],[-52.2122344971,27.5618419647,169.949447632,63.0260543823,-48.5882606506,129.345046997,-31.7387866974,193.983276367,13.5121517181,48.1779060364,10.3945045471,-8.81387424469,22.4458618164],[-34.3483276367,-91.9526290894,-100.093139648,-15.014093399,32.0751228333,-34.8308944702,85.138092041,13.5121517181,122.396858215,35.820186615,15.4193115234,28.7719173431,-25.1583805084],[51.6187324524,13.3846035004,47.0665550232,1.13705766201,-9.15946483612,58.3114280701,-14.1169128418,48.1779060364,35.820186615,95.1988601685,39.4567375183,-8.38703918457,9.1659822464],[-19.2837657928,12.0602645874,-8.01810455322,4.09325218201,31.3334140778,6.9081530571,2.04664897919,10.3945045471,15.4193115234,39.4567375183,62.3712387085,11.5068254471,18.3296833038],[-241.537582397,-164.810958862,-3.93910861015,47.432220459,-13.6886863708,-3.67742085457,35.4836540222,-8.81387424469,28.7719173431,-8.38703918457,11.5068254471,97.0876922607,-6.75740909576],[-401.459564209,130.960891724,13.0093917847,-86.6127090454,-23.8381080627,41.265789032,-54.2941360474,22.4458618164,-25.1583805084,9.1659822464,18.3296833038,-6.75740909576,90.3449249268]],"icov":[[0.0000886576017365,-0.000153284956468,0.00036342869862,-0.000266556540737,0.000095259216323,0.000110662556835,-0.0000472366955364,-0.000231156809605,0.000445775687695,-0.000419721298385,0.000130543005071,-0.000033309639548,0.00044965359848],[-0.000153284956468,0.00274888821878,-0.00388769898564,0.0041229063645,-0.00271458365023,0.00149194616824,-0.000277899758657,-0.0000162285450642,-0.000389188906411,0.00111471454147,-0.000642717292067,0.00205979286693,-0.00165113841649],[0.00036342869862,-0.00388769898564,0.0100909564644,-0.0090645449236,0.00621716445312,-0.00293472036719,0.0013265350135,-0.00128450884949,0.00263472413644,-0.00312408828177,0.0012271074811,-0.00175915786531,0.00187460787129],[-0.000266556540737,0.0041229063645,-0.0090645449236,0.0123667670414,-0.00885653216392,0.0045348466374,-0.0000178194422915,-0.00256836018525,0.00181205221452,0.00028549626586,0.000494894513395,-0.0017771217972,0.0024617689196],[0.000095259216323,-0.00271458365023,0.00621716445312,-0.00885653216392,0.0103956619278,-0.00338295125403,-0.00208234903403,0.0027375521604,-0.0018258128548,0.00152909278404,-0.00378889380954,0.00351707171649,-0.00230284454301],[0.000110662556835,0.00149194616824,-0.00293472036719,0.0045348466374,-0.00338295125403,0.00756489904597,-0.000560683838557,-0.00452385563403,0.00495386030525,-0.004879840184,0.00274713407271,-0.00208936771378,0.000699168769643],[-0.0000472366955364,-0.000277899758657,0.0013265350135,-0.0000178194422915,-0.00208234903403,-0.000560683838557,0.00842738430947,-0.000616824021563,-0.00386265898123,0.00186317623593,0.000386033556424,-0.00248241866939,0.00338063691743],[-0.000231156809605,-0.0000162285450642,-0.00128450884949,-0.00256836018525,0.0027375521604,-0.00452385563403,-0.000616824021563,0.011499046348,-0.00666559068486,0.00197361293249,-0.00167919381056,0.00407173344865,-0.00513107143342],[0.000445775687695,-0.000389188906411,0.00263472413644,0.00181205221452,-0.0018258128548,0.00495386030525,-0.00386265898123,-0.00666559068486,0.0221245698631,-0.0133785353974,0.00446840887889,-0.00737905176356,0.00655293371528],[-0.000419721298385,0.00111471454147,-0.00312408828177,0.00028549626586,0.00152909278404,-0.004879840184,0.00186317623593,0.00197361293249,-0.0133785353974,0.0271916538477,-0.0161772929132,0.00819677114487,-0.0020846852567],[0.000130543005071,-0.000642717292067,0.0012271074811,0.000494894513395,-0.00378889380954,0.00274713407271,0.000386033556424,-0.00167919381056,0.00446840887889,-0.0161772929132,0.0298844054341,-0.00819516647607,-0.00358630740084],[-0.000033309639548,0.00205979286693,-0.00175915786531,-0.0017771217972,0.00351707171649,-0.00208936771378,-0.00248241866939,0.00407173344865,-0.00737905176356,0.00819677114487,-0.00819516647607,0.0197255704552,-0.00495371548459],[0.00044965359848,-0.00165113841649,0.00187460787129,0.0024617689196,-0.00230284454301,0.000699168769643,0.00338063691743,-0.00513107143342,0.00655293371528,-0.0020846852567,-0.00358630740084,-0.00495371548459,0.0223232135177]],"mean":[-60.1577148438,85.9495697021,-65.4198913574,15.4462919235,-6.91128015518,-17.8963356018,5.59490394592,-16.2597885132,-1.75343239307,-8.19817733765,-5.44590997696,0.190699353814,-9.83893108368]},"hfc":{"dmean":33.7890701294,"dmean2":49.6205215454,"dvar":3843.08520508,"dvar2":8270.79492188,"max":1276.22717285,"mean":89.2312011719,"median":50.2464599609,"min":0.00000523382277606,"var":12175.3691406},"melbands":{"dmean":[0.00520070549101,0.00372367352247,0.000628131150734,0.000433031702414,0.000259034859482,0.000175800741999,0.0000947726730374,0.0000859838692122,0.0000690878878231,0.0000676251656841,0.0000513751947437,0.0000550106196897,0.0000318358688673,0.000018610197003,0.0000225606618187,0.0000205966243811,0.0000128291721921,0.0000132458071676,0.0000117475501611,0.0000077497024904,0.000007424474461,0.00000678634069118,0.00000729179510017,0.00000756669760449,0.00000763640582591,0.00000548093430552,0.00000470497843708,0.00000505817342855,0.00000190158527857,0.00000154722158641,0.00000114483964353,8.17009208731e-7,0.00000146648153532,6.72847136229e-7,5.44425233784e-7,4.81522874907e-7,3.49519496012e-7,1.37839549552e-7,4.15644088037e-8,2.57598671283e-8],"dmean2":[0.00878519378603,0.00587304029614,0.00103616283741,0.000676356139593,0.000406245089835,0.000270049495157,0.000147998449393,0.000135940150358,0.000109193984827,0.000111079440103,0.0000838254636619,0.0000882778913365,0.0000520845278515,0.0000310155191983,0.0000368742148567,0.0000337073179253,0.0000206754975807,0.0000214292413148,0.0000190831506188,0.0000125697933981,0.0000118810030472,0.0000107088089862,0.0000115944412755,0.0000117208001029,0.0000118662028399,0.00000833554622659,0.00000722352888261,0.00000785497741163,0.00000279125492852,0.00000223631286644,0.00000165162032317,0.00000116512626391,0.00000219158619075,9.2936920737e-7,7.36288939152e-7,6.45268755761e-7,4.76364903079e-7,1.99429280201e-7,6.66077966116e-8,4.30858868583e-8],"dvar":[0.000187118494068,0.0000710821332177,0.00000152017832988,0.00000147886692048,4.78639378798e-7,4.75249237297e-7,1.51889523181e-7,7.64037721979e-8,8.95274681056e-8,7.8685900462e-8,4.09702565207e-8,3.3954144385e-8,1.53993493512e-8,2.6944233511e-9,4.65213867429e-9,4.92260676666e-9,1.30822652711e-9,1.21603982439e-9,1.33696520521e-9,4.69493999233e-10,4.80308959272e-10,4.65909366643e-10,6.43714803683e-10,6.74442501847e-10,8.22221679631e-10,2.17300677452e-10,1.91285973172e-10,3.81798731519e-10,2.5315503166e-11,1.70664316013e-11,1.08703714433e-11,4.90091821292e-12,4.48423485844e-11,4.61635590865e-12,3.95139867007e-12,3.2441126608e-12,2.03406410638e-12,3.08466414304e-13,1.50616417125e-14,3.71585773016e-15],"dvar2":[0.000509956618771,0.000151508545969,0.00000382963116863,0.00000348283128915,0.00000105550282115,9.60887064139e-7,2.95836542819e-7,1.78999897571e-7,1.85998729307e-7,1.98940156793e-7,1.03450460642e-7,7.91136187672e-8,3.17939168326e-8,6.753408055e-9,1.17258345256e-8,1.23544614539e-8,3.31066174475e-9,3.04307823384e-9,3.2731306554e-9,1.14931542061e-9,1.15017950719e-9,1.06160613633e-9,1.50786316766e-9,1.55042889638e-9,1.90742066586e-9,4.8044196399e-10,4.60365662258e-10,9.44303080175e-10,5.32818164589e-11,3.64263098851e-11,2.3013972672e-11,9.90337672979e-12,1.01828843968e-10,9.26335744222e-12,7.54287517862e-12,5.99580237889e-12,3.95617089435e-12,6.37350036029e-13,3.53334610105e-14,9.3975171476e-15],"max":[0.197696551681,0.225014194846,0.0413498319685,0.0651476681232,0.0205690730363,0.0360058918595,0.0360745936632,0.0137911820784,0.0148844039068,0.0133807584643,0.00874960981309,0.00733925309032,0.00905040465295,0.00185733346734,0.00237427186221,0.00292406091467,0.00138243625406,0.000924228283111,0.00228447606787,0.000584819936194,0.000522351649124,0.000477173307445,0.000685261795297,0.000600202474743,0.000704101519659,0.000454638997326,0.000670102832373,0.000585381058045,0.000169189224835,0.000115671311505,0.0000896670680959,0.000050466376706,0.000202911222004,0.0000516497384524,0.0000644569445285,0.000055648804846,0.000038150788896,0.0000159686096595,0.00000543814167031,0.00000206910976885],"mean":[0.0063958838582,0.00519621325657,0.000949922716245,0.00066303065978,0.000407279469073,0.000251930789091,0.000138140429044,0.000122996614664,0.0000960238976404,0.000087700500444,0.0000700487071299,0.0000713524932507,0.0000399665914301,0.0000243444392254,0.0000310476934828,0.0000294162236969,0.0000193286232388,0.0000205538090086,0.0000178679256351,0.0000115847051347,0.0000107198511614,0.0000100746838143,0.0000105948192868,0.0000114162230602,0.000011452997569,0.00000922289746086,0.00000810514393379,0.00000724343317415,0.0000032978591662,0.00000256248608821,0.00000175943000613,0.00000123469158098,0.00000181407733635,9.29419570639e-7,7.62075956118e-7,6.50202309771e-7,4.19268189944e-7,1.4909959134e-7,4.12009022455e-8,2.44531257465e-8],"median":[0.00177462561987,0.0017501632683,0.000493443920277,0.000205599804758,0.000114855269203,0.0000636883996776,0.0000306051661028,0.0000233178980125,0.0000134699530463,0.0000124058005895,0.00000937323420658,0.00000806319985713,0.00000557180464966,0.00000445504747404,0.00000544883187104,0.00000396813447878,0.00000302272792396,0.0000033100213841,0.00000263694892055,0.00000211579481402,0.00000185904582395,0.00000143519082485,0.0000014627555629,0.00000175987042894,0.00000151715948959,0.0000012025147953,0.00000103105855942,8.90125818387e-7,4.57375506357e-7,3.72460021936e-7,2.55281577211e-7,1.99546860813e-7,1.6753580212e-7,1.05098521885e-7,6.721263901e-8,4.63488980529e-8,2.44250841774e-8,1.11386952995e-8,8.22697732161e-9,6.58851639912e-9],"min":[2.40881412039e-11,2.36976428064e-11,4.52581808835e-12,1.94020385695e-12,9.40451601143e-13,4.64581552482e-13,6.18884663569e-13,1.50383042607e-13,4.11177602383e-13,3.85853323034e-13,1.82582315694e-13,2.4919606309e-13,2.26331038872e-13,4.16924876784e-13,5.1725637662e-13,3.26434029547e-13,2.91474906277e-13,1.82704654357e-13,2.37316026205e-13,3.43455190503e-13,3.25860432387e-13,2.86426373071e-13,4.40286289415e-13,2.29876474843e-13,3.87452765184e-13,3.03572623853e-13,4.25291095743e-13,3.40752843693e-13,2.77008369584e-13,3.0676248217e-13,2.94819209193e-13,3.72617437122e-13,2.16747152453e-13,2.29575039534e-13,1.5414996753e-13,2.27675219172e-13,2.06388115691e-13,1.67196023194e-13,1.39241699768e-13,1.3810620128e-13],"var":[0.000176065572305,0.000113662943477,0.00000216377225115,0.00000239383666667,0.00000111659562663,9.83810423349e-7,3.92038003838e-7,1.51857719288e-7,1.98071461455e-7,1.19498025697e-7,6.47989963909e-8,5.55339596531e-8,3.33383987083e-8,4.08349487557e-9,7.49111617182e-9,8.35626856599e-9,2.53340148859e-9,2.54954013457e-9,2.41220110553e-9,7.22053195013e-10,7.08393788074e-10,7.33607452563e-10,9.32527277619e-10,1.03140718188e-9,1.19437437718e-9,5.00256280844e-10,4.48952569565e-10,4.64088767416e-10,5.86109841216e-11,3.70766924107e-11,1.99419179087e-11,9.3536237783e-12,5.21155583966e-11,7.75266396219e-12,7.31688928196e-12,6.0695446065e-12,3.3029249908e-12,4.33535667218e-13,1.70698009764e-14,3.55286614473e-15]},"melbands_crest":{"dmean":3.94390726089,"dmean2":6.46900415421,"dvar":12.7772140503,"dvar2":32.4273338318,"max":39.9992828369,"mean":19.0342884064,"median":18.6513557434,"min":3.83482766151,"var":42.9864234924},"melbands_flatness_db":{"dmean":0.0462325699627,"dmean2":0.0736142024398,"dvar":0.00170237291604,"dvar2":0.00430095521733,"max":0.827320218086,"mean":0.302538901567,"median":0.297587394714,"min":0.0625161230564,"var":0.0079806689173},"melbands_kurtosis":{"dmean":133.554519653,"dmean2":217.346984863,"dvar":10049650,"dvar2":19954034,"max":293114.75,"mean":400.901672363,"median":27.1113471985,"min":-1.78191065788,"var":58986236},"melbands_skewness":{"dmean":1.75222659111,"dmean2":2.798609972,"dvar":30.1697387695,"dvar2":51.4379196167,"max":520.965026855,"mean":6.08877706528,"median":4.25165557861,"min":-1.49424040318,"var":306.490264893},"melbands_spread":{"dmean":5.11629772186,"dmean2":8.22143745422,"dvar":64.2646102905,"dvar2":151.638626099,"max":139.521026611,"mean":11.9322710037,"median":6.70938587189,"min":0.00312453554943,"var":226.621353149},"mfcc":{"cov":[[14364.9423828,832.457458496,-1379.12219238,1297.75317383,-381.677459717,367.845275879,-117.906455994,192.31036377,-297.804840088,351.556732178,-121.32359314,86.194519043,-47.5724754333],[832.457458496,1553.51074219,70.7995376587,-218.824554443,11.7203865051,-99.6419830322,33.8673820496,-196.391601562,21.9167346954,-84.5517425537,36.3813476562,-124.524177551,-21.9137592316],[-1379.12219238,70.7995376587,921.783813477,-111.205551147,125.531478882,-103.149353027,24.2056770325,-27.3132801056,29.410276413,-38.5491981506,-19.1339149475,31.987247467,-30.5191001892],[1297.75317383,-218.824554443,-111.205551147,786.683044434,80.6432495117,106.698875427,-10.603219986,108.486961365,-77.0835113525,40.4839324951,-43.3999862671,37.2177200317,14.3859548569],[-381.677459717,11.7203865051,125.531478882,80.6432495117,241.50189209,12.0909957886,65.1735458374,-17.7492027283,23.7222824097,-29.0779590607,8.84659099579,14.5938663483,15.0895605087],[367.845275879,-99.6419830322,-103.149353027,106.698875427,12.0909957886,160.299530029,34.0822067261,44.6490249634,-23.6808509827,32.4097633362,-9.72183227539,22.0700645447,1.28240609169],[-117.906455994,33.8673820496,24.2056770325,-10.603219986,65.1735458374,34.0822067261,123.764717102,14.6892061234,35.5175895691,-4.63376998901,13.8858804703,1.72955548763,12.9221105576],[192.31036377,-196.391601562,-27.3132801056,108.486961365,-17.7492027283,44.6490249634,14.6892061234,148.982650757,24.3710174561,28.6571006775,-14.064324379,35.4625396729,14.7998380661],[-297.804840088,21.9167346954,29.410276413,-77.0835113525,23.7222824097,-23.6808509827,35.5175895691,24.3710174561,94.0925979614,19.0842018127,35.5048904419,4.83233737946,19.8534603119],[351.556732178,-84.5517425537,-38.5491981506,40.4839324951,-29.0779590607,32.4097633362,-4.63376998901,28.6571006775,19.0842018127,100.25945282,29.6362857819,37.0555725098,8.04873752594],[-121.32359314,36.3813476562,-19.1339149475,-43.3999862671,8.84659099579,-9.72183227539,13.8858804703,-14.064324379,35.5048904419,29.6362857819,77.2228317261,20.1207637787,24.516368866],[86.194519043,-124.524177551,31.987247467,37.2177200317,14.5938663483,22.0700645447,1.72955548763,35.4625396729,4.83233737946,37.0555725098,20.1207637787,81.3196334839,29.5208015442],[-47.5724754333,-21.9137592316,-30.5191001892,14.3859548569,15.0895605087,1.28240609169,12.9221105576,14.7998380661,19.8534603119,8.04873752594,24.516368866,29.5208015442,60.1561737061]],"icov":[[0.000139934811159,-0.000181613431778,0.000188235964742,-0.00017633526295,0.000112606532639,0.0000495287240483,-0.0000801033602329,-0.000105524617538,0.00027206246159,-0.000491938088089,0.000330691138515,-0.000356583419489,0.000212285624002],[-0.000181613431778,0.00111262931023,-0.000331478222506,0.000189149664948,0.0000531663208676,-0.0000311609364871,-0.00019729223277,0.00107586872764,-0.000644460727926,0.000957206706516,-0.00086774805095,0.00145952915773,-0.000464672863018],[0.000188235964742,-0.000331478222506,0.00175210519228,-0.0000608134068898,-0.000627901463304,0.00118366454262,-0.000395057082642,-0.000140439267852,0.0000621333747404,-0.000484902557218,0.00129066070076,-0.00226824427955,0.00181471125688],[-0.00017633526295,0.000189149664948,-0.0000608134068898,0.00226705800742,-0.00159103574697,-0.000192106759641,0.000518032058608,-0.00176018162165,0.00224208133295,-0.000804318173323,-0.0000422614502895,0.00121023016982,-0.00112761417404],[0.000112606532639,0.0000531663208676,-0.000627901463304,-0.00159103574697,0.00692976685241,-0.00102955615148,-0.00263303029351,0.00286817341112,-0.00301858619787,0.00289284088649,0.0000525096074853,-0.00240300805308,0.000081016580225],[0.0000495287240483,-0.0000311609364871,0.00118366454262,-0.000192106759641,-0.00102955615148,0.0102009801194,-0.00389271532185,-0.00229632714763,0.00462050922215,-0.00361567293294,0.00117778161075,-0.00135289935861,0.00125896872487],[-0.0000801033602329,-0.00019729223277,-0.000395057082642,0.000518032058608,-0.00263303029351,-0.00389271532185,0.0122292144224,-0.00101351365447,-0.004022707697,0.00173473439645,-0.00124354474247,0.00163851794787,-0.00129543361254],[-0.000105524617538,0.00107586872764,-0.000140439267852,-0.00176018162165,0.00286817341112,-0.00229632714763,-0.00101351365447,0.0131613947451,-0.00804675463587,0.00143312290311,0.00462991697714,-0.00415931269526,-0.000414483598433],[0.00027206246159,-0.000644460727926,0.0000621333747404,0.00224208133295,-0.00301858619787,0.00462050922215,-0.004022707697,-0.00804675463587,0.0231749024242,-0.00690087024122,-0.00593868270516,0.00520165869966,-0.00387928099371],[-0.000491938088089,0.000957206706516,-0.000484902557218,-0.000804318173323,0.00289284088649,-0.00361567293294,0.00173473439645,0.00143312290311,-0.00690087024122,0.0194409992546,-0.00659492099658,-0.00583566818386,0.00376007636078],[0.000330691138515,-0.00086774805095,0.00129066070076,-0.0000422614502895,0.0000525096074853,0.00117778161075,-0.00124354474247,0.00462991697714,-0.00593868270516,-0.00659492099658,0.0234273672104,-0.00533522479236,-0.00438710162416],[-0.000356583419489,0.00145952915773,-0.00226824427955,0.00121023016982,-0.00240300805308,-0.00135289935861,0.00163851794787,-0.00415931269526,0.00520165869966,-0.00583566818386,-0.00533522479236,0.0255588367581,-0.0111917639151],[0.000212285624002,-0.000464672863018,0.00181471125688,-0.00112761417404,0.000081016580225,0.00125896872487,-0.00129543361254,-0.000414483598433,-0.00387928099371,0.00376007636078,-0.00438710162416,-0.0111917639151,0.0262027531862]],"mean":[-729.024291992,146.334915161,3.45938491821,47.9948158264,5.17487001419,19.9190940857,5.9063539505,11.5574913025,-0.08768004179,7.32826042175,1.53605949879,0.322091341019,0.808078944683]},"pitch_salience":{"dmean":0.0985828563571,"dmean2":0.162582144141,"dvar":0.00740457279608,"dvar2":0.0200922712684,"max":0.808354794979,"mean":0.467070788145,"median":0.486093223095,"min":0.000745864235796,"var":0.0242620985955},"silence_rate_20dB":{"dmean":0.00859777163714,"dmean2":0.0171965155751,"dvar":0.00852462183684,"dvar2":0.0209757331759,"max":1,"mean":0.993099570274,"median":1,"min":0,"var":0.0068520186469},"silence_rate_30dB":{"dmean":0.076814301312,"dmean2":0.153637290001,"dvar":0.0709093958139,"dvar2":0.14915971458,"max":1,"mean":0.880090475082,"median":1,"min":0,"var":0.105543367565},"silence_rate_60dB":{"dmean":0.0124441431835,"dmean2":0.0248896926641,"dvar":0.0122887548059,"dvar2":0.0277760531753,"max":1,"mean":0.145192310214,"median":0,"min":0,"var":0.124094620347},"spectral_centroid":{"dmean":256.960327148,"dmean2":385.456726074,"dvar":99446.453125,"dvar2":194863.78125,"max":4154.09619141,"mean":1083.55090332,"median":825.14440918,"min":97.9629745483,"var":595577.9375},"spectral_complexity":{"dmean":3.38967132568,"dmean2":4.78628826141,"dvar":23.9056911469,"dvar2":37.3178901672,"max":64,"mean":12.8066177368,"median":9,"min":0,"var":153.211029053},"spectral_contrast_coeffs":{"dmean":[0.0530499853194,0.0487854704261,0.0371531359851,0.0290718059987,0.0233835242689,0.0453205294907],"dmean2":[0.0878761261702,0.0811318010092,0.062068734318,0.0479536801577,0.0376504696906,0.07054143399],"dvar":[0.00174252281431,0.00149452616461,0.000908470305149,0.000564456975553,0.00045432485058,0.00177265121602],"dvar2":[0.00472568254918,0.00403820956126,0.00241340207867,0.00145340221934,0.00105342292227,0.00391598464921],"max":[-0.332950264215,-0.390915006399,-0.476413160563,-0.56996512413,-0.573862075806,-0.442438006401],"mean":[-0.693676829338,-0.789080262184,-0.831615149975,-0.841020286083,-0.832590579987,-0.74488568306],"median":[-0.696685910225,-0.796764910221,-0.841059446335,-0.843440890312,-0.828563630581,-0.753119468689],"min":[-0.964439749718,-0.965442478657,-0.973905086517,-0.986086666584,-0.967739582062,-0.917607069016],"var":[0.00580590497702,0.00519515341148,0.00381524045952,0.00292539340444,0.00208849529736,0.00700087286532]},"spectral_contrast_valleys":{"dmean":[0.426272422075,0.475314050913,0.472781807184,0.413017123938,0.373207598925,0.681309938431],"dmean2":[0.697319507599,0.769620537758,0.754819452763,0.643668889999,0.535428225994,1.08011198044],"dvar":[0.122422777116,0.173937216401,0.218754097819,0.18113720417,0.177605524659,0.33789741993],"dvar2":[0.304774850607,0.42405834794,0.521533071995,0.407095968723,0.364781409502,0.870256721973],"max":[-4.61127090454,-4.72029781342,-4.98695230484,-5.46880674362,-5.16582298279,-8.53491592407],"mean":[-7.11553859711,-7.24929046631,-7.80833387375,-8.1755065918,-8.13235187531,-11.4650363922],"median":[-6.69963645935,-6.99341678619,-7.65094566345,-7.96544218063,-7.91013717651,-11.2309455872],"min":[-15.4179000854,-15.8108119965,-15.9533519745,-16.0389270782,-16.1141338348,-18.7983226776],"var":[2.47977614403,1.76667547226,1.63740980625,1.75130057335,2.09245443344,1.73753881454]},"spectral_decrease":{"dmean":6.64521726534e-9,"dmean2":1.06401571998e-8,"dvar":2.20083657478e-16,"dvar2":5.41889275066e-16,"max":2.7509896583e-9,"mean":-1.0124006522e-8,"median":-4.25271906579e-9,"min":-2.26903182465e-7,"var":2.89718725762e-16},"spectral_energy":{"dmean":0.0262096077204,"dmean2":0.0412934049964,"dvar":0.00331046548672,"dvar2":0.00802352279425,"max":0.892655670643,"mean":0.0463039167225,"median":0.0231625754386,"min":1.57820079227e-9,"var":0.00480538140982},"spectral_energyband_high":{"dmean":0.000658589939121,"dmean2":0.00082845572615,"dvar":0.00000316825116897,"dvar2":0.00000594750008531,"max":0.0364524386823,"mean":0.00128876371309,"median":0.000223107286729,"min":1.2743639477e-10,"var":0.00000738857488614},"spectral_energyband_low":{"dmean":0.0227699205279,"dmean2":0.0371634215117,"dvar":0.00279665342532,"dvar2":0.00702255964279,"max":0.81638777256,"mean":0.0315639339387,"median":0.0110350120813,"min":2.11334880151e-10,"var":0.00339748128317},"spectral_energyband_middle_high":{"dmean":0.00131167029031,"dmean2":0.00192159065045,"dvar":0.0000101497116702,"dvar2":0.0000208979436138,"max":0.0755603611469,"mean":0.00270776008256,"median":0.000715152302291,"min":8.96334464984e-11,"var":0.0000276604496321},"spectral_energyband_middle_low":{"dmean":0.00370033737272,"dmean2":0.00568651175126,"dvar":0.0000562160603295,"dvar2":0.000124171885545,"max":0.246989607811,"mean":0.00768158491701,"median":0.00342616904527,"min":5.80374082126e-11,"var":0.000157668007887},"spectral_entropy":{"dmean":0.236143961549,"dmean2":0.359355777502,"dvar":0.0713490769267,"dvar2":0.166567653418,"max":8.79226970673,"mean":7.44655227661,"median":7.5630235672,"min":4.16430425644,"var":0.251627743244},"spectral_flux":{"dmean":0.0376787930727,"dmean2":0.0609745569527,"dvar":0.00378066604026,"dvar2":0.00862521119416,"max":0.747432887554,"mean":0.103800565004,"median":0.082093320787,"min":0.0000259102489508,"var":0.00817563198507},"spectral_kurtosis":{"dmean":4.05266475677,"dmean2":6.43155193329,"dvar":32.6858062744,"dvar2":84.7605514526,"max":122.709411621,"mean":15.220164299,"median":13.8433141708,"min":1.45513010025,"var":70.4933166504},"spectral_rms":{"dmean":0.00144833617378,"dmean2":0.00219514523633,"dvar":0.00000497138034916,"dvar2":0.0000110672926894,"max":0.0295107364655,"mean":0.00548154301941,"median":0.00475369673222,"min":0.0000012408497696,"var":0.0000151268832269},"spectral_rolloff":{"dmean":3886.20678711,"dmean2":7383.09570312,"dvar":50221056,"dvar2":123653112,"max":22028.4667969,"mean":6516.86376953,"median":667.529296875,"min":21.533203125,"var":81042016},"spectral_skewness":{"dmean":0.349840968847,"dmean2":0.536789536476,"dvar":0.193114459515,"dvar2":0.47105589509,"max":9.17754268646,"mean":2.66497325897,"median":2.55293369293,"min":1.08741164207,"var":0.610346257687},"spectral_spread":{"dmean":551887.5625,"dmean2":860748.8125,"dvar":308416577536,"dvar2":730300022784,"max":11009166,"mean":4676206.5,"median":4527501,"min":1154590,"var":1278858756100},"spectral_strongpeak":{"dmean":1.48911178112,"dmean2":2.7975924015,"dvar":78.25050354,"dvar2":219.077194214,"max":159.510223389,"mean":1.20323562622,"median":0.259633779526,"min":0,"var":52.3539009094},"zerocrossingrate":{"dmean":0.0384597927332,"dmean2":0.0490713529289,"dvar":0.00121903850231,"dvar2":0.00189997814596,"max":0.64990234375,"mean":0.187049105763,"median":0.17431640625,"min":0,"var":0.0108952503651}},"metadata":{"audio_properties":{"analysis_sample_rate":44100,"bit_rate":192000,"codec":"mp3","downmix":"mix","equal_loudness":0,"length":410.48815918,"lossless":false,"md5_encoded":"f85cca3614d1c1d722f814c2bb9335e3","replay_gain":-1.2878112793,"sample_rate":44100},"tags":{"album":["The Top"],"albumartist":["The Cure"],"albumartistsort":["Cure, The"],"artist":["The Cure"],"artistsort":["Cure, The"],"asin":["B000005S0E"],"barcode":["042282113627"],"date":["1984-09-25"],"file_name":"10 The Top.mp3","musicbrainz album release country":["DE"],"musicbrainz album status":["official"],"musicbrainz album type":["album"],"musicbrainz_albumartistid":["69ee3720-a7cb-4402-b48d-a02c366f2bcf"],"musicbrainz_albumid":["6e605ceb-7c51-4a4d-8dd2-3744ade5d011"],"musicbrainz_artistid":["69ee3720-a7cb-4402-b48d-a02c366f2bcf"],"musicbrainz_recordingid":["2f141105-f009-4bc5-9a70-7d414068880c"],"title":["The Top"],"tracknumber":["10/10"]},"version":{"essentia":"2.1-beta1","essentia_build_sha":"9f04d4dd351e2d05498f0c7e4880499648f24ac0","essentia_git_sha":"v2.1_beta1-34-gf95df8b","extractor":"music 1.0"}},"rhythm":{"beats_count":877,"beats_loudness":{"dmean":0.0831375196576,"dmean2":0.156619369984,"dvar":0.010664598085,"dvar2":0.0320379249752,"max":0.888420641422,"mean":0.0956844836473,"median":0.0723992958665,"min":0.0000714040870662,"var":0.00957359280437},"beats_loudness_band_ratio":{"dmean":[0.186335191131,0.0733367279172,0.0425647236407,0.028889734298,0.0181594714522,0.0994044169784],"dmean2":[0.316735059023,0.12456125021,0.0750783011317,0.0500357560813,0.0309356600046,0.174418240786],"dvar":[0.0269009526819,0.00839599594474,0.00472053512931,0.00146356283221,0.000373220798792,0.00963189266622],"dvar2":[0.0688471198082,0.0224648173898,0.0133197065443,0.00403025839478,0.000952334376052,0.0258763618767],"max":[0.995312809944,0.742182910442,0.670122265816,0.313472092152,0.13845603168,0.610429227352],"mean":[0.706080853939,0.0893669500947,0.0421622246504,0.0301879923791,0.0224024560302,0.129635810852],"median":[0.760554075241,0.04738822