{"lowlevel":{"average_loudness":0.726141393185,"barkbands":{"dmean":[0.0000270479249593,0.000502637645695,0.00104608561378,0.00140850094613,0.00108868884854,0.000919813697692,0.00102873099968,0.000660520629026,0.00084333360428,0.00041930162115,0.00047267053742,0.000322293810314,0.000393935304601,0.000288979732431,0.000348377041519,0.000261381646851,0.00021256650507,0.000197294721147,0.000136838672915,0.00020261919417,0.0000794067818788,0.0000501220602018,0.0000307257832901,0.0000255934937741,0.0000099228345789,7.30023430151e-7,1.34091322934e-7],"dmean2":[0.0000373104085156,0.00082447915338,0.00160547567066,0.00225056451745,0.00172569032293,0.0014123194851,0.00148733856622,0.00101231853478,0.0013006645022,0.000655472453218,0.000724743877072,0.000522527261637,0.000635964155663,0.000476065353723,0.000558889296371,0.000422920827987,0.000335820572218,0.000320444320096,0.000213624691241,0.000303769862512,0.000116853130748,0.000071992399171,0.0000435543879576,0.0000346508713847,0.0000142965172927,0.00000106708000658,2.13682980643e-7],"dvar":[4.28616964143e-9,7.43361283639e-7,0.00000457032911072,0.00000781690505391,0.0000039000160541,0.00000265841595137,0.00000580906862524,0.0000022433673621,0.0000091793399406,0.00000272669876722,0.00000254654037235,0.00000239350197262,9.23882794268e-7,0.00000104129594547,9.60056468102e-7,7.07998822236e-7,2.55810761018e-7,2.20155328634e-7,9.3192170425e-8,1.56452671263e-7,2.49958294063e-8,9.33040933404e-9,8.93395757373e-9,1.74591363589e-8,2.28287322379e-9,1.56566964254e-11,6.04956677201e-13],"dvar2":[7.07198921646e-9,0.00000191367394109,0.00000990015450952,0.0000189968195627,0.00000977798390522,0.00000593598997511,0.000010180047866,0.00000503073715663,0.0000203664112632,0.00000642169925413,0.0000054381694099,0.00000613467000221,0.00000214208034777,0.00000279755499832,0.00000240192593992,0.00000178546440566,6.1618430891e-7,5.81492884066e-7,2.16574733258e-7,3.30736838805e-7,5.42382103674e-8,1.90953741708e-8,1.62470126241e-8,2.57305785567e-8,3.68841046594e-9,2.59135352065e-11,1.49763892694e-12],"max":[0.00148098426871,0.0195559579879,0.0626775771379,0.0599367171526,0.0329682528973,0.032556694001,0.0820584520698,0.0430267974734,0.0880203768611,0.0505260191858,0.050354629755,0.0650765299797,0.0371055044234,0.033538594842,0.0367277525365,0.0223362930119,0.0154111431912,0.0092202462256,0.00813004653901,0.00853221025318,0.00501690385863,0.00226945988834,0.00392713490874,0.00639789365232,0.00306168943644,0.000218053581193,0.0000398113916162],"mean":[0.0000444696852355,0.000903188425582,0.00203115376644,0.00237461575307,0.00197053235024,0.00175507634412,0.00217492156662,0.00114245107397,0.0013398504816,0.000632867217064,0.000772504135966,0.000480519986013,0.000657251104712,0.000444613571744,0.000580592080951,0.00044288978097,0.00040978108882,0.000380852550734,0.00028453883715,0.000477567518828,0.000193215921172,0.000126427199575,0.0000690402521286,0.0000508906596224,0.0000196528344532,0.00000170310897829,5.55557733151e-7],"median":[0.00000659840588924,0.00047736603301,0.000706184306182,0.000929107132833,0.00104265636764,0.000845268310513,0.000880908570252,0.000462687399704,0.000500764814205,0.000231198500842,0.000225674230023,0.000174446540768,0.000249564734986,0.000145380021422,0.000213309045648,0.000139752286486,0.00015287057613,0.000150639243657,0.000127672567032,0.00018369461759,0.0000948143569985,0.0000636904587736,0.0000335155855282,0.0000167166308529,0.00000479908976558,7.43624809729e-7,4.59881249526e-7],"min":[5.09429362778e-26,1.40011598991e-24,2.39589008158e-24,1.63340414908e-24,9.6573969182e-24,1.12730369058e-23,1.23473629068e-23,6.9490978022e-24,2.02079027102e-23,1.82478894388e-23,1.97550870843e-23,1.77209461313e-23,2.7508759901e-23,3.66148337654e-23,6.39039621686e-23,5.57787642646e-23,8.3573218031e-23,1.04620134267e-22,1.54357359958e-22,1.50342499712e-22,2.35213507528e-22,3.44403115434e-22,4.14203976952e-22,6.25254384652e-22,8.99496615073e-22,1.33750742965e-21,1.92582025328e-21],"var":[1.15973355364e-8,0.00000158469299549,0.0000125017777464,0.0000159470346262,0.00000815572911961,0.00000721454034647,0.0000260069355136,0.00000515022884429,0.0000176744288183,0.00000466748088002,0.0000063547395257,0.00000349256197296,0.00000177008143964,0.00000145528349549,0.00000203016247724,0.00000116641297154,7.43687621707e-7,5.13844042871e-7,2.23862798521e-7,5.6682944205e-7,1.08543467547e-7,3.6704470574e-8,2.44050539777e-8,5.34349773318e-8,8.01361732528e-9,4.87021464823e-11,9.88550712643e-13]},"barkbands_crest":{"dmean":2.2848880291,"dmean2":3.69943666458,"dvar":4.58320522308,"dvar2":11.2083425522,"max":25.827381134,"mean":8.64249515533,"median":7.60665893555,"min":2.50492429733,"var":15.8929853439},"barkbands_flatness_db":{"dmean":0.015092224814,"dmean2":0.0231338590384,"dvar":0.000224280185648,"dvar2":0.000503644463606,"max":0.371510654688,"mean":0.122830204666,"median":0.111578211188,"min":0.0425054468215,"var":0.00198996602558},"barkbands_kurtosis":{"dmean":1.93108141422,"dmean2":3.03550028801,"dvar":15.0722045898,"dvar2":35.8132781982,"max":102.849693298,"mean":3.17007017136,"median":1.00056004524,"min":-1.90409553051,"var":57.198802948},"barkbands_skewness":{"dmean":0.42217245698,"dmean2":0.647622406483,"dvar":0.190165191889,"dvar2":0.436847627163,"max":7.5554022789,"mean":1.25884842873,"median":1.16393280029,"min":-3.2071826458,"var":1.09010827541},"barkbands_spread":{"dmean":4.21982812881,"dmean2":6.4259262085,"dvar":27.2450180054,"dvar2":62.1808280945,"max":152.088241577,"mean":21.3584842682,"median":20.511844635,"min":0.648488104343,"var":131.070449829},"dissonance":{"dmean":0.0175163056701,"dmean2":0.0297427251935,"dvar":0.000358758290531,"dvar2":0.00100855273195,"max":0.500000059605,"mean":0.463861018419,"median":0.472186625004,"min":0.205684989691,"var":0.00104937923606},"dynamic_complexity":3.66188812256,"erbbands":{"dmean":[0.01486744266,0.123302675784,0.809902131557,3.50610089302,3.7340927124,3.7506980896,4.55837059021,9.29025268555,15.7483787537,12.051981926,13.3038063049,21.010137558,14.117058754,10.9601402283,21.1270141602,14.8212718964,18.0894908905,14.7304859161,17.1532535553,15.0447435379,11.8060874939,10.3227100372,11.0008821487,5.52427530289,8.80325317383,9.13702106476,4.46773195267,2.35317063332,1.93070030212,1.3263502121,0.832000792027,0.596675992012,0.40686750412,0.181828066707,0.0361812636256,0.00613295193762,0.000896882265806,0.000155065572471,0.0000245462724706,0.00000679749928167],"dmean2":[0.0238015986979,0.201650083065,1.26041471958,5.50539207458,6.08634805679,5.90858078003,7.14210557938,14.2439537048,22.4001407623,18.5328617096,20.5729160309,32.2224960327,21.9506587982,16.9359512329,32.3236198425,23.828874588,29.2330036163,24.1475696564,27.4707355499,23.7514152527,18.651517868,16.2887134552,17.6417884827,8.68531799316,13.3314819336,13.7136611938,6.58917713165,3.45576739311,2.78409719467,1.92355823517,1.1902153492,0.81071293354,0.567634344101,0.259674072266,0.0523790717125,0.00880540721118,0.0012871081708,0.000241091329372,0.0000383089500247,0.00000945116153162],"dvar":[0.0009570234688,0.0404254794121,2.20811200142,52.1605072021,51.597618103,56.8011436462,100.177719116,288.428649902,1360.7019043,712.886169434,1353.95068359,5239.5234375,4599.93847656,866.764160156,5158.86279297,5484.88574219,1834.95874023,2361.23950195,2497.46533203,2083.19506836,1372.13464355,585.817382812,657.535583496,214.161956787,324.959411621,351.114929199,94.6586532593,17.9064273834,13.1823072433,8.89197921753,7.91211080551,8.30326652527,6.00122022629,0.959244549274,0.0328237302601,0.00131824659184,0.0000131582783069,5.72799081056e-7,2.23821547962e-8,1.13363318732e-10],"dvar2":[0.00241567194462,0.103482104838,4.83039283752,118.148597717,138.161514282,134.028167725,231.72857666,634.825866699,2290.75927734,1594.4342041,3260.71899414,11256.3808594,11147.4648438,1838.48083496,11027.7783203,14396.1865234,4461.04492188,6408.62207031,6228.87792969,4938.12060547,3449.23974609,1391.04101562,1752.25231934,540.831237793,741.665771484,761.126159668,197.567657471,37.5056877136,27.5487728119,17.5390644073,14.6274185181,13.5679531097,10.2817134857,1.74651515484,0.056556455791,0.00190589914564,0.0000211536280403,0.00000131240085466,5.59477086881e-8,2.27025870325e-10],"max":[0.711087703705,4.27388143539,39.6021766663,155.008789062,104.213623047,195.303344727,252.934127808,368.313171387,1360.65490723,718.716369629,1163.26489258,2536.8293457,2294.25463867,1404.62609863,2314.68994141,3228.59228516,1464.97521973,1956.20874023,1909.50598145,1333.00842285,1501.2755127,959.531799316,655.030700684,495.365570068,496.26776123,386.800750732,302.409301758,145.795379639,106.575157166,112.53012085,106.819099426,152.261260986,129.064559937,59.4856948853,13.2843742371,2.32602930069,0.220792651176,0.0334521979094,0.00788020994514,0.000382621743483],"mean":[0.0254417229444,0.224163755774,1.65602552891,6.38818979263,6.35412359238,6.61951398849,8.44635772705,17.7052307129,34.4354476929,24.2280902863,24.1602745056,33.850063324,22.4960098267,18.2184181213,35.5311698914,24.4108715057,31.2523899078,25.4172267914,29.8863525391,26.8833293915,22.893409729,22.5514354706,22.6232757568,12.4765396118,19.8083992004,21.9426898956,11.41710186,5.85526514053,4.79510116577,3.3587911129,1.83006596565,1.14746248722,0.787172496319,0.355118989944,0.0688642114401,0.0131846517324,0.00230873585679,0.000464769138489,0.0000916924327612,0.0000314312310365],"median":[0.00972075853497,0.12619549036,0.721225142479,2.57811021805,3.09159374237,3.24150085449,3.79214000702,8.40918159485,14.241809845,11.3448867798,10.6678438187,13.7397537231,7.31332731247,8.81488418579,10.525888443,9.52575492859,12.2462482452,9.80781078339,11.3714790344,8.59502220154,7.99372005463,8.98191452026,9.56744003296,6.01757526398,9.65774154663,8.5235042572,4.69358921051,3.24375677109,2.37798976898,1.70608198643,0.845674276352,0.425951838493,0.223814070225,0.0836926847696,0.0204196125269,0.00468851625919,0.00120850140229,0.000310596835334,0.0000724411365809,0.0000273012265097],"min":[6.37588306947e-23,2.25289586853e-22,2.54365672009e-21,3.05408107826e-21,1.06090816867e-20,2.73845928916e-20,6.98376054222e-20,8.39399427294e-20,1.07599259878e-19,8.13852471063e-20,2.81539400084e-19,5.16804093653e-19,5.73526970183e-19,1.17311540294e-18,9.83628176937e-19,9.15711271973e-19,1.46917089219e-18,1.98839888354e-18,3.06194469499e-18,3.67656429194e-18,2.96016342933e-18,4.88463882911e-18,6.41634612657e-18,6.34359352375e-18,7.76598435377e-18,7.43904866129e-18,9.76638087171e-18,1.0952415595e-17,1.14509614861e-17,1.33121426798e-17,1.14990802367e-17,1.10814144116e-17,1.06681773114e-17,8.44206719255e-18,5.87262252556e-18,4.2416700982e-18,2.25229658911e-18,9.83772209761e-19,2.36196745174e-19,2.5442589302e-20],"var":[0.00187243975233,0.0892445892096,6.31265068054,123.67666626,82.9938735962,129.451416016,230.154403687,790.629516602,6272.81933594,1899.41430664,2513.60229492,9804.7578125,7790.83398438,1717.37255859,12778.0966797,7728.28710938,3619.58666992,3252.19262695,5421.9765625,4408.75195312,2714.68286133,1981.60766602,1582.91491699,564.84375,880.946960449,1204.31323242,452.14730835,67.9298400879,51.7003974915,34.4105262756,20.5362071991,21.042804718,16.5756721497,2.9473528862,0.0966170802712,0.00438867742196,0.0000448931787105,0.00000119341643767,3.57706078091e-8,5.67849711697e-10]},"erbbands_crest":{"dmean":2.53437423706,"dmean2":4.08562421799,"dvar":6.36911249161,"dvar2":15.5815315247,"max":30.8737716675,"mean":8.99341201782,"median":7.65710544586,"min":2.60431599617,"var":22.0327186584},"erbbands_flatness_db":{"dmean":0.0130863040686,"dmean2":0.0194043889642,"dvar":0.000145572470501,"dvar2":0.00030025045271,"max":0.368917733431,"mean":0.170431166887,"median":0.16530123353,"min":0.0277510918677,"var":0.00152139167767},"erbbands_kurtosis":{"dmean":0.882696092129,"dmean2":1.36961197853,"dvar":4.34637308121,"dvar2":9.04654979706,"max":77.4327163696,"mean":0.550260603428,"median":-0.296051740646,"min":-1.7061920166,"var":15.1382045746},"erbbands_skewness":{"dmean":0.308422714472,"dmean2":0.473232716322,"dvar":0.0891081318259,"dvar2":0.194471165538,"max":6.63371324539,"mean":0.369329720736,"median":0.301886051893,"min":-2.5154106617,"var":0.683592736721},"erbbands_spread":{"dmean":6.27492666245,"dmean2":9.61315250397,"dvar":35.7943878174,"dvar2":79.8646469116,"max":116.422958374,"mean":35.2683944702,"median":34.6536636353,"min":1.28332555294,"var":184.292724609},"gfcc":{"cov":[[24752.8320312,1850.08911133,-2822.99853516,1678.20593262,-1165.55957031,371.53302002,-597.665466309,-134.02230835,-478.911590576,-280.297210693,-117.929153442,-428.217559814,-115.876052856],[1850.08911133,731.631530762,48.1478347778,35.78490448,44.6075706482,-51.7443351746,29.1022853851,-30.7966060638,0.994007110596,-30.3762874603,-31.0037231445,-38.2929916382,-71.7923583984],[-2822.99853516,48.1478347778,811.265991211,-110.798980713,180.678756714,-12.8423633575,53.0424194336,48.6437339783,55.2647094727,24.1437358856,-11.2542476654,26.7872085571,-19.1546154022],[1678.20593262,35.78490448,-110.798980713,489.546722412,21.4140129089,93.7915802002,-48.3300819397,-67.6046905518,-60.9403038025,-71.0321578979,-23.233745575,-73.1108322144,-15.7108745575],[-1165.55957031,44.6075706482,180.678756714,21.4140129089,234.109085083,-2.91928315163,54.7641448975,-8.48556995392,12.8772211075,-4.45938062668,-17.1468868256,-7.07468509674,-14.8886899948],[371.53302002,-51.7443351746,-12.8423633575,93.7915802002,-2.91928315163,199.35635376,44.514251709,-36.2330474854,-49.421585083,-21.7364826202,-0.347717225552,-25.6545562744,-10.2032299042],[-597.665466309,29.1022853851,53.0424194336,-48.3300819397,54.7641448975,44.514251709,169.342758179,14.980140686,10.7167654037,0.187560871243,-6.15193510056,2.55971956253,-15.4888525009],[-134.02230835,-30.7966060638,48.6437339783,-67.6046905518,-8.48556995392,-36.2330474854,14.980140686,137.12449646,62.4873542786,24.6677761078,-1.42373585701,5.94287538528,28.2797031403],[-478.911590576,0.994007110596,55.2647094727,-60.9403038025,12.8772211075,-49.421585083,10.7167654037,62.4873542786,135.050842285,38.4100265503,-11.870344162,23.4504909515,17.8237037659],[-280.297210693,-30.3762874603,24.1437358856,-71.0321578979,-4.45938062668,-21.7364826202,0.187560871243,24.6677761078,38.4100265503,84.8207244873,32.5756072998,15.9969501495,5.86619901657],[-117.929153442,-31.0037231445,-11.2542476654,-23.233745575,-17.1468868256,-0.347717225552,-6.15193510056,-1.42373585701,-11.870344162,32.5756072998,83.6471862793,30.6778736115,-1.14632976055],[-428.217559814,-38.2929916382,26.7872085571,-73.1108322144,-7.07468509674,-25.6545562744,2.55971956253,5.94287538528,23.4504909515,15.9969501495,30.6778736115,84.495765686,31.0257377625],[-115.876052856,-71.7923583984,-19.1546154022,-15.7108745575,-14.8886899948,-10.2032299042,-15.4888525009,28.2797031403,17.8237037659,5.86619901657,-1.14632976055,31.0257377625,84.0662384033]],"icov":[[0.000710529275239,-0.00221805577166,0.00185070640873,-0.00182399654295,0.00219759391621,-0.00147081096657,0.00167503103148,-0.00240625650622,0.00174320035148,-0.00132527342066,0.00145727745257,-0.000650703208521,0.000477656110888],[-0.00221805577166,0.00853983033448,-0.00585163757205,0.00556283490732,-0.00686888583004,0.00530962552875,-0.00561490794644,0.00783586874604,-0.00565329194069,0.00458777137101,-0.00432632863522,0.00235319999047,-0.000349618698237],[0.00185070640873,-0.00585163757205,0.0064786048606,-0.00442351493984,0.00438544340432,-0.0042187422514,0.00464290846139,-0.00694512948394,0.00441726623103,-0.00363708450459,0.00417060824111,-0.00248830625787,0.00195205665659],[-0.00182399654295,0.00556283490732,-0.00442351493984,0.00785012543201,-0.00640581268817,0.0024914580863,-0.00306498561986,0.00698888907209,-0.0050752600655,0.00555696664378,-0.00474154343829,0.00408189743757,-0.00193507550284],[0.00219759391621,-0.00686888583004,0.00438544340432,-0.00640581268817,0.0127733433619,-0.00356021453626,0.00310720643029,-0.00628203852102,0.00502675119787,-0.00424701301381,0.0050124055706,-0.00146881234832,0.00132211006712],[-0.00147081096657,0.00530962552875,-0.0042187422514,0.0024914580863,-0.00356021453626,0.0102715399116,-0.00635495409369,0.00627864152193,-0.00212611444294,0.00283362460323,-0.00352176907472,0.002908840077,-0.00152395456098],[0.00167503103148,-0.00561490794644,0.00464290846139,-0.00306498561986,0.00310720643029,-0.00635495409369,0.0119777088985,-0.00720277009532,0.00365730584599,-0.00264153419994,0.00401276396587,-0.00273478939198,0.00288058817387],[-0.00240625650622,0.00783586874604,-0.00694512948394,0.00698888907209,-0.00628203852102,0.00627864152193,-0.00720277009532,0.0193575080484,-0.0103958575055,0.00482610147446,-0.00669203232974,0.0063167992048,-0.00564591260627],[0.00174320035148,-0.00565329194069,0.00441726623103,-0.0050752600655,0.00502675119787,-0.00212611444294,0.00365730584599,-0.0103958575055,0.01695734635,-0.00910421740264,0.00882760342211,-0.00597257260233,0.00180073780939],[-0.00132527342066,0.00458777137101,-0.00363708450459,0.00555696664378,-0.00424701301381,0.00283362460323,-0.00264153419994,0.00482610147446,-0.00910421740264,0.0216322448105,-0.0116061121225,0.00485597830266,-0.00174708641134],[0.00145727745257,-0.00432632863522,0.00417060824111,-0.00474154343829,0.0050124055706,-0.00352176907472,0.00401276396587,-0.00669203232974,0.00882760342211,-0.0116061121225,0.0225624665618,-0.0105724856257,0.00497680995613],[-0.000650703208521,0.00235319999047,-0.00248830625787,0.00408189743757,-0.00146881234832,0.002908840077,-0.00273478939198,0.0063167992048,-0.00597257260233,0.00485597830266,-0.0105724856257,0.022051313892,-0.00858236569911],[0.000477656110888,-0.000349618698237,0.00195205665659,-0.00193507550284,0.00132211006712,-0.00152395456098,0.00288058817387,-0.00564591260627,0.00180073780939,-0.00174708641134,0.00497680995613,-0.00858236569911,0.0177929606289]],"mean":[-36.1091003418,100.594192505,-134.85395813,32.0633468628,-65.0824279785,2.10772252083,-32.5194091797,-1.2315094471,-17.3234119415,-1.37116861343,-10.6156187057,-8.16551876068,-11.0138092041]},"hfc":{"dmean":4.14349031448,"dmean2":5.57806253433,"dvar":38.0505332947,"dvar2":67.5572509766,"max":134.364639282,"mean":17.5465602875,"median":13.0933551788,"min":1.06753011563e-16,"var":275.786865234},"melbands":{"dmean":[0.000130536791403,0.000327167334035,0.000576319231186,0.000258092972217,0.000158615846885,0.000196422071895,0.000235308907577,0.00013383726764,0.000113176771265,0.000131129083456,0.0000698768708389,0.0000447073398391,0.0000666164851282,0.0000441600277554,0.0000405759674322,0.0000349145302607,0.0000299132570944,0.0000292062995868,0.0000205876822292,0.0000220794245251,0.0000140833981277,0.0000111895724331,0.0000150773539644,0.00000670321014695,0.00000460228966404,0.00000654696259517,0.00000800839552539,0.00000644961983198,0.00000347064838024,0.00000211945507544,0.0000013893944697,0.00000121595860492,9.86913050838e-7,7.17095304026e-7,5.46133151147e-7,4.14389205616e-7,3.61169952612e-7,2.97126746318e-7,2.81482186892e-7,1.17846006731e-7],"dmean2":[0.000213061153772,0.00050712475786,0.000903570558876,0.000410803215345,0.000248553988058,0.000301188440062,0.000334274140187,0.000207562683499,0.00017670050147,0.000200381080504,0.000109562977741,0.0000693827387295,0.000102024809166,0.0000697630239301,0.0000652170638205,0.00005685659562,0.0000494782289024,0.0000470248160127,0.0000328368514602,0.0000353854084096,0.0000224371306103,0.0000178401878657,0.0000242771857302,0.000010751849004,0.00000737662230677,0.0000103602569652,0.0000120920858535,0.0000098534319477,0.00000520841103935,0.0000031260783544,0.00000210756252272,0.00000181637449259,0.00000145270496432,0.00000106418906398,7.92696766894e-7,5.94147763877e-7,5.01726788116e-7,4.12429244534e-7,4.20802564349e-7,1.70270823219e-7],"dvar":[5.94146882804e-8,3.3858708548e-7,0.00000125956034935,2.31719241128e-7,1.06553770252e-7,1.24343827679e-7,3.00342037463e-7,8.52212593827e-8,1.3100921592e-7,2.08027529425e-7,1.15064878514e-7,1.64164486449e-8,5.66925280054e-8,2.68366342482e-8,1.86277979708e-8,7.32407601234e-9,1.1621532181e-8,7.70003083517e-9,4.96208363288e-9,4.90858642621e-9,2.25343921301e-9,8.32421631625e-10,1.19934140397e-9,2.47606352088e-10,1.71918271286e-10,2.84670453876e-10,2.37520281221e-10,2.07674363817e-10,6.55530144056e-11,1.76347703801e-11,7.66339249003e-12,5.21814839602e-12,4.19328807788e-12,2.89151406811e-12,2.88756605432e-12,3.58044149884e-12,2.97735252251e-12,3.16606419901e-12,3.59273136415e-12,2.9990785788e-13],"dvar2":[1.53308661766e-7,7.36175536531e-7,0.00000294197320727,5.82240886615e-7,2.45398041443e-7,2.74818518164e-7,5.05031721332e-7,1.89507844084e-7,3.2798774896e-7,4.43641027914e-7,2.79424881455e-7,3.35937926366e-8,1.23311735933e-7,6.8669478992e-8,4.4327002513e-8,1.87371558269e-8,3.15622372682e-8,1.88970243897e-8,1.2367982194e-8,1.16972502795e-8,5.69484637225e-9,2.00902539049e-9,2.93037460963e-9,6.52197906792e-10,4.36564978612e-10,6.99369950841e-10,5.29653321202e-10,4.63986626897e-10,1.39122366405e-10,3.65365064592e-11,1.80149055395e-11,1.15786946003e-11,8.72131533658e-12,5.77316883535e-12,5.74031057063e-12,6.66695604973e-12,4.73632721584e-12,5.46383424616e-12,7.93672419452e-12,4.81272031776e-13],"max":[0.00595051934943,0.0154613852501,0.0224286746234,0.00802648533136,0.0069526094012,0.00738096795976,0.019734185189,0.00835161842406,0.00894881319255,0.0171319022775,0.0111708175391,0.00669982004911,0.00783428642899,0.00698179472238,0.00458852620795,0.00214118883014,0.00431610038504,0.002534174826,0.00211824011058,0.00197871262208,0.00182959809899,0.00116117356811,0.000722086057067,0.000418421812356,0.000431051186752,0.000571688055061,0.000275485042948,0.000360904698027,0.000239803921431,0.000151780142915,0.000114781199954,0.0000544167196495,0.0000652577364235,0.0000678923897794,0.0000650843066978,0.0000953989729169,0.0000883534739842,0.000103151687654,0.000101607387478,0.000034545755625],"mean":[0.000233297323575,0.000691519060638,0.0010957630584,0.000458774651634,0.000301574647892,0.000375006406102,0.000514461367857,0.000257411622442,0.000195933811483,0.000208012526855,0.000106939121906,0.0000686669591232,0.000109099892143,0.0000716083377483,0.0000657514756313,0.0000600189378019,0.0000454570908914,0.0000472646242997,0.0000352779352397,0.0000359642872354,0.0000250606954069,0.0000218776949623,0.0000283160225081,0.0000133681960506,0.00000902545525605,0.0000125602173284,0.0000169302475115,0.0000141426799019,0.00000796404492576,0.00000462572324977,0.00000300466831504,0.00000273949763141,0.00000233790638049,0.00000166145855474,0.00000111817610104,7.68372558468e-7,6.62174443278e-7,5.47394165551e-7,4.96008453865e-7,2.320379906e-7],"median":[0.000111986941192,0.000325492583215,0.000503702904098,0.000242263660766,0.000142975375638,0.000179577444214,0.000212870552787,0.000117525465612,0.0000823971495265,0.0000785397569416,0.0000317651101795,0.0000302476619254,0.0000318897909892,0.0000271350327239,0.0000236794694501,0.0000228067219723,0.0000151582535182,0.0000162986088981,0.0000120720778796,0.0000111348444989,0.0000081547350419,0.00000784216172178,0.0000106016377686,0.00000585006455367,0.00000372728936782,0.00000525013729202,0.0000072286275099,0.00000476321702081,0.00000268921394309,0.00000220076276491,0.00000158268198902,0.00000133782782541,0.00000106319566839,8.38223627397e-7,5.17508965459e-7,2.8787900419e-7,2.28246733514e-7,1.56644873073e-7,1.06634985286e-7,5.27334691469e-8],"min":[8.34623811017e-25,1.31537329742e-24,1.36232452356e-24,1.81930237684e-24,2.11427324652e-24,1.8936219488e-24,2.03025817961e-24,7.15715355506e-25,2.14894190837e-24,2.98105270436e-24,2.36803816403e-24,4.012965796e-24,3.21216252275e-24,2.52514060217e-24,2.47279297579e-24,2.77036333937e-24,3.24765455817e-24,3.80796017383e-24,4.93785866458e-24,4.43424749611e-24,2.93953672986e-24,3.76873406532e-24,4.3658386617e-24,4.63588941538e-24,4.38260432252e-24,5.26736783685e-24,4.93317046422e-24,4.49003297831e-24,5.68144132043e-24,5.87811262714e-24,4.96216583565e-24,5.82833234857e-24,6.39770690641e-24,5.52443788433e-24,4.77525313277e-24,5.51943808392e-24,6.37505594881e-24,6.3173133027e-24,6.46412386704e-24,7.06877589013e-24],"var":[1.20612313026e-7,0.00000101044633993,0.00000287131524601,4.49502095989e-7,2.49683324682e-7,3.39756638823e-7,0.0000014041089571,2.19463743178e-7,2.01996670057e-7,4.1261904471e-7,1.92465606119e-7,3.19479482869e-8,1.33074991027e-7,3.89387579958e-8,3.94964914108e-8,1.33624427079e-8,1.49967185337e-8,1.59430175728e-8,9.70895364105e-9,7.93041543545e-9,4.00419208901e-9,2.64408672734e-9,2.82471868118e-9,5.6988086472e-10,4.04248440278e-10,5.66739655206e-10,6.68647248681e-10,6.382808726e-10,2.68074284993e-10,7.2129156814e-11,2.16268062486e-11,1.69093957586e-11,1.72017105421e-11,9.45903598504e-12,6.8577639227e-12,7.8277592741e-12,7.84104899065e-12,8.33774455727e-12,7.45216995751e-12,1.12911492222e-12]},"melbands_crest":{"dmean":3.14195799828,"dmean2":5.06509113312,"dvar":8.51957798004,"dvar2":21.20611763,"max":39.6718215942,"mean":12.5192298889,"median":11.5894517899,"min":1.67461013794,"var":27.2040328979},"melbands_flatness_db":{"dmean":0.0193425156176,"dmean2":0.0289396587759,"dvar":0.00036502678995,"dvar2":0.000800545909442,"max":0.42008498311,"mean":0.175692796707,"median":0.165035694838,"min":0.0037444436457,"var":0.00390722835436},"melbands_kurtosis":{"dmean":3.98946428299,"dmean2":6.31431341171,"dvar":62.3961486816,"dvar2":152.540817261,"max":278.158111572,"mean":8.2027349472,"median":5.21104049683,"min":-1.70212125778,"var":140.764694214},"melbands_skewness":{"dmean":0.542959094048,"dmean2":0.83951228857,"dvar":0.366142094135,"dvar2":0.847250163555,"max":16.2965869904,"mean":2.07441544533,"median":1.93516814709,"min":-1.41948890686,"var":1.40548503399},"melbands_spread":{"dmean":6.21904993057,"dmean2":9.54429721832,"dvar":62.7571487427,"dvar2":141.257171631,"max":203.240905762,"mean":26.8508090973,"median":22.9503498077,"min":1.13013482094,"var":395.334899902},"mfcc":{"cov":[[11722.7548828,284.19329834,-519.874511719,750.941101074,61.9067344666,347.735900879,185.035308838,-18.6951065063,-224.914993286,-10.9995641708,-222.117874146,-91.7449035645,10.8794021606],[284.19329834,1051.94873047,89.4979171753,65.7065429688,-12.4176158905,-31.9098205566,-21.0883255005,25.0943202972,13.4379940033,56.7054595947,63.8268623352,1.48528254032,-19.5456695557],[-519.874511719,89.4979171753,403.07925415,8.24353885651,60.0789108276,9.02054214478,10.1965093613,21.5949954987,12.4784498215,11.6414108276,17.9501304626,8.8902797699,-23.1410427094],[750.941101074,65.7065429688,8.24353885651,288.66229248,89.6203308105,50.6002502441,7.93758106232,13.0908203125,-3.61142420769,9.19836807251,-32.8500404358,-9.49607563019,-0.737770438194],[61.9067344666,-12.4176158905,60.0789108276,89.6203308105,170.636474609,20.3618659973,1.4088511467,-8.08817195892,4.68779373169,-2.76587820053,-14.0471277237,-7.79278850555,-4.223695755],[347.735900879,-31.9098205566,9.02054214478,50.6002502441,20.3618659973,221.566055298,78.519493103,25.038236618,-24.2355613708,-22.1788711548,-14.9730825424,-6.55387067795,-17.7660808563],[185.035308838,-21.0883255005,10.1965093613,7.93758106232,1.4088511467,78.519493103,159.198074341,23.1280975342,-26.2407283783,-8.26236057281,-0.616749942303,-10.1697397232,-2.3393676281],[-18.6951065063,25.0943202972,21.5949954987,13.0908203125,-8.08817195892,25.038236618,23.1280975342,91.3134613037,29.8220252991,6.87982654572,1.87368714809,-8.78410625458,-0.976109802723],[-224.914993286,13.4379940033,12.4784498215,-3.61142420769,4.68779373169,-24.2355613708,-26.2407283783,29.8220252991,123.840698242,40.6185150146,-2.29643678665,-3.95683002472,3.04819750786],[-10.9995641708,56.7054595947,11.6414108276,9.19836807251,-2.76587820053,-22.1788711548,-8.26236057281,6.87982654572,40.6185150146,98.853729248,29.2967262268,-10.7939872742,-7.18151712418],[-222.117874146,63.8268623352,17.9501304626,-32.8500404358,-14.0471277237,-14.9730825424,-0.616749942303,1.87368714809,-2.29643678665,29.2967262268,85.1332015991,16.5911197662,-0.583742320538],[-91.7449035645,1.48528254032,8.8902797699,-9.49607563019,-7.79278850555,-6.55387067795,-10.1697397232,-8.78410625458,-3.95683002472,-10.7939872742,16.5911197662,76.1370391846,19.7499256134],[10.8794021606,-19.5456695557,-23.1410427094,-0.737770438194,-4.223695755,-17.7660808563,-2.3393676281,-0.976109802723,3.04819750786,-7.18151712418,-0.583742320538,19.7499256134,69.5742263794]],"icov":[[0.000124327256344,-0.0000443668286607,0.000149657236761,-0.000285076035652,0.0000769778271206,-0.000104851969809,-0.0000690438901074,0.0000345532462234,0.00021543665207,-0.000145216792589,0.000257449108176,0.0000366031526937,-0.0000417474511778],[-0.0000443668286607,0.00109098909888,-0.000270190415904,-0.000324245280353,0.000260333879851,0.000200732785743,0.000149880404933,-0.000221770140342,-0.0000203828494705,-0.00020337717433,-0.000855600286741,0.0000467999816465,0.00024855294032],[0.000149657236761,-0.000270190415904,0.00302986800671,-0.00000402789964937,-0.00118128710892,-0.0000598822261964,-0.000270579446806,-0.000730325991753,0.000197840650799,-0.000293840101222,0.0000104152295535,-0.000698162824847,0.000961339217611],[-0.000285076035652,-0.000324245280353,-0.00000402789964937,0.00547549407929,-0.00269916164689,-0.000663031940348,0.000502625480294,-0.00106603594031,0.000421909237048,-0.00117665075231,0.00157971365843,-0.000449048529845,-0.000320229592035],[0.0000769778271206,0.000260333879851,-0.00118128710892,-0.00269916164689,0.00787785835564,-0.000322239968227,-0.0000466773781227,0.00171961204614,-0.000840124441311,0.000728560960852,-0.0000419214484282,0.00095473654801,-0.00010127294081],[-0.000104851969809,0.000200732785743,-0.0000598822261964,-0.000663031940348,-0.000322239968227,0.00623616855592,-0.00259355455637,-0.00127815350424,0.000349261768861,0.00109476677608,0.000129100226332,-0.000506331503857,0.00175608787686],[-0.0000690438901074,0.000149880404933,-0.000270579446806,0.000502625480294,-0.0000466773781227,-0.00259355455637,0.00825226679444,-0.00190240086522,0.00179031060543,-0.00043731147889,-0.000406723760534,0.00100526912138,-0.000858443032485],[0.0000345532462234,-0.000221770140342,-0.000730325991753,-0.00106603594031,0.00171961204614,-0.00127815350424,-0.00190240086522,0.0138152902946,-0.0042551276274,0.00118762487546,-0.00112984562293,0.00175654701889,-0.000613146403339],[0.00021543665207,-0.0000203828494705,0.000197840650799,0.000421909237048,-0.000840124441311,0.000349261768861,0.00179031060543,-0.0042551276274,0.0117885973305,-0.00538972765207,0.00301570002921,-0.000618674152065,-0.000802346447017],[-0.000145216792589,-0.00020337717433,-0.000293840101222,-0.00117665075231,0.000728560960852,0.00109476677608,-0.00043731147889,0.00118762487546,-0.00538972765207,0.0149438399822,-0.00617358181626,0.00286368094385,0.00109504850116],[0.000257449108176,-0.000855600286741,0.0000104152295535,0.00157971365843,-0.0000419214484282,0.000129100226332,-0.000406723760534,-0.00112984562293,0.00301570002921,-0.00617358181626,0.0167083162814,-0.00408482737839,0.000270858581644],[0.0000366031526937,0.0000467999816465,-0.000698162824847,-0.000449048529845,0.00095473654801,-0.000506331503857,0.00100526912138,0.00175654701889,-0.000618674152065,0.00286368094385,-0.00408482737839,0.0160261113197,-0.00450332416221],[-0.0000417474511778,0.00024855294032,0.000961339217611,-0.000320229592035,-0.00010127294081,0.00175608787686,-0.000858443032485,-0.000613146403339,-0.000802346447017,0.00109504850116,0.000270858581644,-0.00450332416221,0.0165994670242]],"mean":[-660.078613281,121.617759705,-11.6954488754,24.1328220367,-9.20797634125,2.73977637291,-6.79991817474,-2.72266721725,-4.60999536514,1.61731421947,-1.51472735405,1.3580480814,0.437906861305]},"pitch_salience":{"dmean":0.0627447515726,"dmean2":0.101094916463,"dvar":0.00315807177685,"dvar2":0.00804095435888,"max":0.939310133457,"mean":0.580573856831,"median":0.587913751602,"min":0.0279478542507,"var":0.0104925017804},"silence_rate_20dB":{"dmean":0,"dmean2":0,"dvar":0,"dvar2":0,"max":1,"mean":1,"median":1,"min":1,"var":0},"silence_rate_30dB":{"dmean":0.000323991582263,"dmean2":0.000648088112939,"dvar":0.000323892018059,"dvar2":0.000647689739708,"max":1,"mean":0.999514102936,"median":1,"min":0,"var":0.000485673430376},"silence_rate_60dB":{"dmean":0.0123116802424,"dmean2":0.0246273484081,"dvar":0.0121607668698,"dvar2":0.0269364826381,"max":1,"mean":0.102526724339,"median":0,"min":0,"var":0.0920078605413},"spectral_centroid":{"dmean":223.950424194,"dmean2":334.935180664,"dvar":72316.7734375,"dvar2":147250.015625,"max":11618.5302734,"mean":1532.5390625,"median":1357.71691895,"min":210.472259521,"var":1362560.625},"spectral_complexity":{"dmean":2.84918189049,"dmean2":4.2932600975,"dvar":7.44829559326,"dvar2":15.1204710007,"max":49,"mean":19.0651111603,"median":19,"min":0,"var":86.3893814087},"spectral_contrast_coeffs":{"dmean":[0.0479974448681,0.0449396371841,0.037589315325,0.0297837834805,0.022179370746,0.0159597005695],"dmean2":[0.0792490020394,0.0739577636123,0.0613355636597,0.0484612360597,0.0345605947077,0.0252619124949],"dvar":[0.0015424679732,0.00131820212118,0.000932422408368,0.000582257925998,0.000355311727617,0.000198849491426],"dvar2":[0.00417924951762,0.00345825543627,0.00230211298913,0.00149178365245,0.000753048399929,0.000451792351669],"max":[-0.339689731598,-0.476213335991,-0.424961835146,-0.49162247777,-0.582946717739,-0.618506252766],"mean":[-0.631362259388,-0.73296391964,-0.759916305542,-0.765024840832,-0.771610438824,-0.740424275398],"median":[-0.623695611954,-0.736094713211,-0.765842616558,-0.768025398254,-0.774399101734,-0.732345819473],"min":[-0.980488777161,-0.980863392353,-0.975355923176,-0.969364225864,-0.965527057648,-0.965814828873],"var":[0.00768412137404,0.00539455609396,0.00465010711923,0.00323421228677,0.0030655269511,0.00269347871654]},"spectral_contrast_valleys":{"dmean":[0.392298787832,0.316417962313,0.277291715145,0.232334643602,0.206324532628,0.231403708458],"dmean2":[0.644364655018,0.523321509361,0.454907506704,0.366872429848,0.294813126326,0.304795324802],"dvar":[0.12853358686,0.087325245142,0.0711236521602,0.0565236359835,0.0584774687886,0.0801522582769],"dvar2":[0.298077195883,0.200038835406,0.15395231545,0.110912263393,0.098036698997,0.129655182362],"max":[-5.67156791687,-4.90739202499,-5.38372278214,-6.15325880051,-5.94509077072,-7.45117950439],"mean":[-7.94923973083,-6.86400699615,-7.62291097641,-8.03675556183,-7.95746088028,-10.7629299164],"median":[-7.48647260666,-6.45419645309,-7.21386480331,-7.5849943161,-7.50261878967,-10.4225711823],"min":[-28.3183097839,-27.9593772888,-27.8720607758,-27.6118144989,-27.4900283813,-27.3853683472],"var":[5.44897937775,5.61230564117,5.2257809639,5.18307447433,5.33873796463,4.02248907089]},"spectral_decrease":{"dmean":1.22681054204e-9,"dmean2":1.72933611875e-9,"dvar":2.63753238475e-18,"dvar2":5.13541434823e-18,"max":2.1692128313e-17,"mean":-4.81428319432e-9,"median":-4.06373867889e-9,"min":-3.14587360606e-8,"var":1.41083941821e-17},"spectral_energy":{"dmean":0.0049156518653,"dmean2":0.00688172876835,"dvar":0.0000414625901612,"dvar2":0.0000796887252363,"max":0.129618823528,"mean":0.0197617039084,"median":0.0166954826564,"min":1.00675312249e-20,"var":0.000232685822994},"spectral_energyband_high":{"dmean":0.000235430547036,"dmean2":0.00032271456439,"dvar":2.22155733809e-7,"dvar2":3.85095688671e-7,"max":0.0159487705678,"mean":0.00068337720586,"median":0.000349527806975,"min":7.1634107619e-21,"var":0.00000104884259144},"spectral_energyband_low":{"dmean":0.00199019862339,"dmean2":0.00303452461958,"dvar":0.0000143350825965,"dvar2":0.0000303330034512,"max":0.0943800508976,"mean":0.0044137025252,"median":0.00208767736331,"min":1.23923421779e-23,"var":0.000042759009375},"spectral_energyband_middle_high":{"dmean":0.00164842244703,"dmean2":0.00244208844379,"dvar":0.00000954178631218,"dvar2":0.0000218863187911,"max":0.0754540041089,"mean":0.00518614193425,"median":0.00320700649172,"min":1.23290937086e-21,"var":0.0000406582148571},"spectral_energyband_middle_low":{"dmean":0.00363643141463,"dmean2":0.00540278153494,"dvar":0.000028133046726,"dvar2":0.0000612028816249,"max":0.0939362123609,"mean":0.0110268052667,"median":0.00806923117489,"min":1.20857542269e-22,"var":0.000109246357169},"spectral_entropy":{"dmean":0.112515211105,"dmean2":0.168275877833,"dvar":0.013172053732,"dvar2":0.0276907049119,"max":9.82070922852,"mean":7.51342439651,"median":7.57588768005,"min":5.16432762146,"var":0.22722132504},"spectral_flux":{"dmean":0.0148659646511,"dmean2":0.0234207399189,"dvar":0.000283803587081,"dvar2":0.000654002884403,"max":0.354258656502,"mean":0.065925642848,"median":0.0635095387697,"min":6.46968381646e-11,"var":0.00122971925884},"spectral_kurtosis":{"dmean":1.28306269646,"dmean2":2.16839647293,"dvar":1.81996655464,"dvar2":5.08452510834,"max":35.7864723206,"mean":4.01344108582,"median":3.17495560646,"min":-1.25684463978,"var":11.0070505142},"spectral_rms":{"dmean":0.000516791536938,"dmean2":0.000710066757165,"dvar":3.14644324817e-7,"dvar2":5.63886089822e-7,"max":0.0112453280017,"mean":0.00401214789599,"median":0.00403587333858,"min":3.13400412393e-12,"var":0.00000318238176078},"spectral_rolloff":{"dmean":398.638031006,"dmean2":650.7890625,"dvar":691615.6875,"dvar2":1378816.875,"max":19659.8144531,"mean":1783.0670166,"median":1335.05859375,"min":21.533203125,"var":4763074},"spectral_skewness":{"dmean":0.176366791129,"dmean2":0.28075248003,"dvar":0.0277766939253,"dvar2":0.0665915161371,"max":4.7895450592,"mean":1.37320280075,"median":1.25258159637,"min":-0.0880283489823,"var":0.320331096649},"spectral_spread":{"dmean":315384.1875,"dmean2":470898.65625,"dvar":394371727360,"dvar2":785509449728,"max":42404472,"mean":4290611.5,"median":3747762,"min":1926134.375,"var":14658290319400},"spectral_strongpeak":{"dmean":0.562718391418,"dmean2":0.938202261925,"dvar":0.972300291061,"dvar2":2.57728409767,"max":12.3033723831,"mean":1.02166247368,"median":0.547310471535,"min":0,"var":1.71525061131},"zerocrossingrate":{"dmean":0.00797678995878,"dmean2":0.00939205661416,"dvar":0.000164142431458,"dvar2":0.000216360218474,"max":0.52734375,"mean":0.0649372935295,"median":0.05712890625,"min":0.005859375,"var":0.00303852465004}},"metadata":{"audio_properties":{"analysis_sample_rate":44100,"bit_rate":359600,"codec":"vorbis","downmix":"mix","equal_loudness":0,"length":143.32081604,"lossless":false,"md5_encoded":"150a68a70df8d83901c18eadf90b1bd3","replay_gain":-14.1250152588,"sample_rate":44100},"tags":{"acoustid_id":["e5f6d69b-4754-44d4-b03c-94700c735d11"],"album":["Pirate Radio"],"albumartist":["Various Artists"],"albumartistsort":["Various Artists"],"artist":["The Beach Boys"],"artistsort":["Beach Boys, The"],"asin":["B002R0HT6O"],"barcode":["602527234243"],"catalognumber":["B0013630-02"],"compilation":["1"],"composer":["Brian Wilson"],"composersort":["Wilson, Brian"],"discnumber":["1"],"disctotal":["2"],"file_name":"1-06 The Beach Boys - Wouldn't It Be Nice.ogg","isrc":["USCA20100776","USCA28600052"],"label":["Universal Republic Records"],"language":["eng"],"lyricist":["Brian Wilson","Mike Love","Tony Asher"],"media":["CD"],"musicbrainz_albumartistid":["89ad4ac3-39f7-470e-963a-56509c546377"],"musicbrainz_albumid":["5136ee2c-ebcb-4f05-a726-e79287a095a6"],"musicbrainz_artistid":["ebfc1398-8d96-47e3-82c3-f782abcdb13d"],"musicbrainz_recordingid":["2f1e07af-b446-40b4-8ffc-3269ca5388b3"],"musicbrainz_releasegroupid":["7fc53b25-3616-4a2f-82f0-964250e35770"],"musicbrainz_releasetrackid":["3b212f67-e500-3e54-9864-0941ae932cb2"],"musicbrainz_workid":["8d9c97e9-dde0-3f8d-bfd4-4af58ad2c910"],"producer":["Nick Angel","Richard Curtis"],"releasecountry":["US"],"releasestatus":["official"],"releasetype":["album","soundtrack"],"script":["Latn"],"title":["Wouldn't It Be Nice"],"totaldiscs":["2"],"totaltracks":["15"],"tracknumber":["6"],"tracktotal":["15"],"work":["Wouldn't It Be Nice"]},"version":{"essentia":"2.1-beta2","essentia_build_sha":"cead25079874084f62182a551b7393616cd33d87","essentia_git_sha":"v2.1_beta2-1-ge3940c0","extract