{"lowlevel":{"average_loudness":0.958970010281,"barkbands":{"dmean":[0.000525885552634,0.00919825211167,0.00385391595773,0.000911214156076,0.00132105697412,0.000667340296786,0.000576324760914,0.000787193886936,0.00063592888182,0.000179690672667,0.000145585159771,0.000253315054579,0.000307579553919,0.000255173043115,0.000247191113885,0.00027898416738,0.000415330432588,0.000348161440343,0.000238083855947,0.000302689208183,0.000341449806001,0.000239188229898,0.000372622540453,0.000257595151197,0.000293909863103,0.0000664619801682,0.000004649416951],"dmean2":[0.000787137250882,0.0139105692506,0.00696523301303,0.00161131774075,0.00223191431724,0.00109313707799,0.000961759767961,0.00124979193788,0.000989308464341,0.00029158682446,0.000228449338465,0.000409675121773,0.000486629258376,0.000411514658481,0.000391866022255,0.000455927016446,0.000660314282868,0.000537141342647,0.000381084450055,0.000441888201749,0.000515424297191,0.000356195581844,0.000563766690902,0.000393820286263,0.00045493003563,0.000102746977063,0.00000778514458943],"dvar":[0.00000218090281123,0.000456064124592,0.000123558522318,0.00000727373753762,0.0000110056198537,0.00000280495760308,0.00000210560915548,0.00000380681058232,0.00000261311561189,1.77444547944e-7,1.35527372436e-7,3.53555151378e-7,3.72276076632e-7,2.50036038096e-7,2.45889509642e-7,3.44639715877e-7,6.54820269119e-7,5.27359190983e-7,3.97822248033e-7,2.42900142666e-7,4.47456130814e-7,4.35584922798e-7,9.47384080519e-7,3.94415224036e-7,3.29978632863e-7,1.8267872548e-8,3.29516941511e-10],"dvar2":[0.00000496179291076,0.000986710307188,0.0003903779143,0.0000210881262319,0.0000304516943288,0.0000069909128797,0.00000531509931534,0.00000936627202464,0.00000610105780652,4.18742843067e-7,3.15125248562e-7,8.80348579813e-7,8.83663403783e-7,6.12529674981e-7,5.73324200559e-7,9.03964632926e-7,0.00000167573296039,0.00000123703500776,0.00000107365644908,5.33225716026e-7,0.00000104594562345,0.00000105288893337,0.00000225413714361,9.33926855851e-7,7.82135543886e-7,4.32470663725e-8,8.65677363127e-10],"max":[0.0206369254738,0.183624535799,0.118347130716,0.0359350033104,0.03383827582,0.0339373610914,0.0298718176782,0.0331187695265,0.0424296781421,0.0103294448927,0.00685784872621,0.0106250690296,0.0104616787285,0.00799323059618,0.0143448524177,0.0165075063705,0.0180056132376,0.0217072106898,0.0141725372523,0.0124493772164,0.0100173931569,0.0163591131568,0.0185612719506,0.0132413981482,0.00937798153609,0.00251329177991,0.000539354339708],"mean":[0.00074749335181,0.0143971238285,0.00412347866222,0.000927890068851,0.00143891340122,0.000759884133004,0.000570963369682,0.000823036476504,0.000831444747746,0.00023989895999,0.000193281914108,0.000289832270937,0.000419078249251,0.000349580252077,0.000344026484527,0.000412198860431,0.000619309488684,0.000564202608075,0.000335866730893,0.000546444847714,0.000526154297404,0.000340175873134,0.000467168807518,0.00028524841764,0.000292646000162,0.0000687090723659,0.00000426640508522],"median":[0.0000546436858713,0.00126691488549,0.000303611508571,0.000216490210732,0.000520846690051,0.00015290628653,0.000140163203469,0.000113481270091,0.000163952252478,0.0000713390327292,0.0000625587708782,0.0000878493665368,0.000170753133716,0.000145209400216,0.000105208077002,0.000133992507472,0.000231588885072,0.000205424963497,0.000108396547148,0.000272980658337,0.000180969567737,0.000146045480506,0.00016705103917,0.0000886745256139,0.0000625317261438,0.000015137853552,9.73387955128e-7],"min":[1.00456858171e-15,1.38646280922e-15,7.61521847795e-16,5.96504000742e-16,8.25393108337e-16,2.74843371371e-16,1.01208936078e-16,1.27673152063e-17,2.61649218561e-16,6.43017015095e-16,1.96617522881e-16,6.32459914078e-16,9.76377207641e-16,1.9116659058e-15,6.20276615681e-16,7.93672042099e-16,1.85365833672e-15,3.86890387823e-15,6.65268305922e-16,3.1197112832e-16,1.32460435307e-14,5.26495817091e-15,7.563387579e-15,1.75567060076e-14,3.38638385183e-14,2.54572465809e-14,7.97537678124e-15],"var":[0.00000322837604472,0.000908452202566,0.000105286286271,0.00000474076659884,0.00000891523086466,0.00000319141850014,0.00000202264072868,0.00000406169601774,0.00000357663634531,2.98573382906e-7,1.708230144e-7,3.83119612479e-7,5.47380409444e-7,3.67242648736e-7,4.11914328424e-7,5.926032145e-7,9.80886625257e-7,8.74474551438e-7,4.47635073897e-7,5.22295295013e-7,8.22767560749e-7,4.96027382724e-7,0.0000010417413705,4.1884115376e-7,3.50326359921e-7,2.05717380908e-8,2.65234334496e-10]},"barkbands_crest":{"dmean":3.20066046715,"dmean2":5.07715940475,"dvar":8.62597179413,"dvar2":20.9930706024,"max":25.8770160675,"mean":10.7450895309,"median":9.58498954773,"min":2.45080828667,"var":29.6358337402},"barkbands_flatness_db":{"dmean":0.0304923858494,"dmean2":0.044503737241,"dvar":0.00103784562089,"dvar2":0.00204804423265,"max":0.484834551811,"mean":0.131612017751,"median":0.112503945827,"min":0.0233194325119,"var":0.00527551723644},"barkbands_kurtosis":{"dmean":9.23421955109,"dmean2":14.108464241,"dvar":1127.42614746,"dvar2":2562.64648438,"max":943.070251465,"mean":10.3442316055,"median":0.430133342743,"min":-1.95416295528,"var":1583.31982422},"barkbands_skewness":{"dmean":0.980449259281,"dmean2":1.40719914436,"dvar":1.54931664467,"dvar2":3.26106619835,"max":24.9128494263,"mean":1.57840549946,"median":0.9485937953,"min":-6.58991336823,"var":6.38161563873},"barkbands_spread":{"dmean":10.4659605026,"dmean2":15.919336319,"dvar":142.958358765,"dvar2":322.428863525,"max":120.845817566,"mean":31.4120807648,"median":30.1162204742,"min":0.189871907234,"var":344.122833252},"dissonance":{"dmean":0.0154456850141,"dmean2":0.0249677207321,"dvar":0.000307903974317,"dvar2":0.000748073798604,"max":0.500000059605,"mean":0.473092734814,"median":0.480655014515,"min":0.122458182275,"var":0.000692190486006},"dynamic_complexity":3.27562856674,"erbbands":{"dmean":[0.286020189524,2.2034778595,4.73632049561,3.17301154137,4.15526199341,4.30844068527,4.90354204178,5.48027086258,6.03958129883,13.3983592987,16.4040298462,15.4084196091,7.67229318619,4.61239242554,7.32919788361,9.71583557129,12.7198934555,12.7712469101,12.3419866562,12.344584465,17.6077537537,22.4048500061,18.5584125519,11.7003192902,11.7937984467,14.006978035,16.0902805328,10.9673805237,8.38963985443,11.5291433334,9.7960100174,5.33020973206,4.55452013016,2.93969035149,2.29640507698,0.533702194691,0.0956056341529,0.0123778227717,0.000901315768715,0.0000433626919403],"dmean2":[0.46239233017,3.26604533195,8.08706188202,5.74344491959,7.28503513336,7.28799152374,7.78948497772,8.99432468414,9.96246623993,22.3175849915,25.8346824646,23.446105957,11.9392766953,7.40452003479,11.2811574936,15.7500591278,19.7986564636,20.5793609619,19.1650123596,19.2308750153,28.7710609436,35.063419342,28.4059829712,18.6145896912,18.5335693359,20.2699890137,23.4218864441,16.8973655701,12.6270093918,17.2093677521,14.8096179962,8.07423782349,7.03515815735,4.5284743309,3.57869744301,0.827876389027,0.149811983109,0.0196810141206,0.00151265377644,0.0000684342667228],"dvar":[0.618584156036,28.4003219604,164.218002319,97.7340240479,127.937545776,114.001327515,112.853988647,249.527450562,288.453063965,1123.65405273,1842.31945801,1652.62353516,297.752838135,117.984558105,318.162322998,556.502685547,625.462341309,604.316162109,628.243347168,540.279846191,1417.91809082,1982.61108398,1370.61303711,892.648803711,772.045471191,498.282165527,750.012634277,844.040344238,517.259643555,1043.6361084,641.499633789,186.449539185,110.335289001,35.6823883057,21.9939823151,1.14105081558,0.0368621423841,0.000710946973413,0.0000141168502523,1.3242985375e-8],"dvar2":[1.51871204376,56.5439682007,437.224487305,296.00592041,356.781311035,312.43170166,281.742370605,612.642822266,718.102233887,2896.14257812,4411.22949219,3837.45898438,664.726257324,307.325256348,753.948974609,1406.94506836,1455.10778809,1527.70446777,1511.64074707,1287.14050293,3855.96435547,4993.61962891,3175.11108398,2312.13818359,2049.44189453,1045.94995117,1585.96472168,2057.09301758,1252.17248535,2512.29516602,1528.90515137,449.066375732,259.840576172,85.6103973389,51.9055290222,2.71116709709,0.0882689878345,0.00171115878038,0.000037658985093,3.40982211355e-8],"max":[7.27103614807,48.7234268188,132.294647217,108.4320755,104.261634827,117.547523499,153.084014893,381.292816162,502.984588623,566.547424316,626.299743652,835.228942871,510.949798584,361.792907715,367.54397583,518.757263184,463.38848877,467.718353271,411.590820312,628.881958008,869.474853516,1179.29797363,894.441223145,1027.90612793,544.649536133,544.324157715,677.35925293,325.15838623,601.730529785,689.020385742,435.174407959,316.759552002,213.865325928,136.361099243,83.8922424316,19.0481929779,3.41428112984,0.705791056156,0.119585871696,0.00410742266104],"mean":[0.372656285763,3.25879073143,5.95458507538,3.47622036934,4.21956682205,4.5650396347,5.99541807175,6.13849687576,6.29475831985,13.6637086868,18.3440628052,19.8737392426,11.2097330093,6.59157705307,9.5319890976,12.0426101685,18.1160240173,19.1568050385,17.9211807251,19.2068843842,26.451499939,34.9897880554,31.5276069641,20.2124118805,17.2050075531,24.7641773224,30.0009040833,14.3406887054,11.5909967422,15.5168018341,11.9523248672,6.14337539673,4.94604969025,3.11618065834,2.1747341156,0.532518625259,0.0959184914827,0.0122936274856,0.000828275398817,0.0000662780657876],"median":[0.0467525050044,0.251380115747,0.379162669182,1.0286796093,0.980116963387,1.55216181278,1.84193587303,1.27938103676,1.89912307262,3.12800383568,3.76865673065,4.50433254242,3.04279255867,2.71192121506,3.13222980499,4.19864606857,8.23604679108,9.88342094421,5.66338157654,7.15184116364,9.18349266052,13.7387332916,13.4758625031,6.96943044662,6.63148117065,12.6101579666,13.3366241455,4.42699766159,4.68661022186,6.03888463974,4.33157444,2.01344323158,1.48991036415,0.82439994812,0.371390551329,0.103648394346,0.0209220387042,0.00311042065732,0.000204898256925,0.000035489378206],"min":[5.26116964664e-14,2.72520450217e-13,8.08844148343e-13,1.60062067767e-12,2.38866435312e-12,2.7769316794e-12,2.59222070892e-12,2.11822746843e-12,1.67544558956e-12,9.37982655956e-13,4.92149344281e-13,5.28692237559e-12,1.69151793267e-11,1.74379278378e-11,7.68576174925e-12,3.09750072813e-11,4.55731494209e-11,8.00872215767e-11,7.10528649805e-11,4.00238939213e-11,4.49945566916e-11,1.11140402437e-10,1.82469081511e-10,1.25344803981e-10,1.72459581338e-11,2.06794997792e-11,1.35348399155e-10,8.02400701438e-10,2.08320943829e-10,8.42084527108e-11,2.64563232433e-10,2.21375098808e-10,3.65110608413e-10,1.62803895365e-10,3.24228199844e-10,1.75539513481e-10,3.4315075087e-11,4.01011992709e-12,1.23025103559e-12,1.22594642771e-13],"var":[0.725077152252,54.5214385986,217.86088562,63.3361968994,100.215820312,91.5514831543,134.536560059,281.524139404,294.003387451,1056.47900391,2008.28344727,2207.4309082,584.86315918,151.927490234,395.401550293,606.583007812,967.129089355,896.949584961,1043.15039062,961.090148926,2157.11181641,2985.1418457,2403.03735352,1310.58764648,942.664489746,1143.47351074,2067.20361328,1038.85217285,588.706481934,1151.30554199,695.717224121,195.414962769,118.135726929,37.9041557312,23.0055847168,1.24061667919,0.0403147488832,0.000751339364797,0.0000107695859697,1.27614887546e-8]},"erbbands_crest":{"dmean":2.97069311142,"dmean2":4.91081094742,"dvar":8.00300693512,"dvar2":19.9466953278,"max":32.1103210449,"mean":8.55224514008,"median":7.65870666504,"min":2.40951299667,"var":14.8798694611},"erbbands_flatness_db":{"dmean":0.0216023735702,"dmean2":0.0315803922713,"dvar":0.000423029530793,"dvar2":0.000881450192537,"max":0.396425634623,"mean":0.144242435694,"median":0.140568822622,"min":0.058839045465,"var":0.00146346434485},"erbbands_kurtosis":{"dmean":1.30536830425,"dmean2":2.11968278885,"dvar":6.30942583084,"dvar2":15.3861846924,"max":42.0346641541,"mean":0.402946799994,"median":-0.286786317825,"min":-1.90946233273,"var":7.64109992981},"erbbands_skewness":{"dmean":0.497414916754,"dmean2":0.755105853081,"dvar":0.304173409939,"dvar2":0.659381568432,"max":5.84087467194,"mean":-0.225274518132,"median":-0.277661591768,"min":-5.66127920151,"var":0.767599105835},"erbbands_spread":{"dmean":14.9630699158,"dmean2":22.3883190155,"dvar":283.965362549,"dvar2":642.76361084,"max":208.445266724,"mean":48.6623001099,"median":42.8684692383,"min":3.32704901695,"var":722.948608398},"gfcc":{"cov":[[8390.68261719,-633.400268555,-480.593353271,-72.5000076294,-329.959777832,128.075134277,-226.256698608,66.3214416504,-22.7435054779,65.5453872681,-308.283843994,-108.065582275,-25.7240028381],[-633.400268555,1801.95373535,429.938934326,167.343902588,482.561767578,83.653137207,311.308410645,90.4096450806,210.196243286,-154.447921753,37.533946991,-76.1805496216,90.109085083],[-480.593353271,429.938934326,1494.31188965,511.104217529,244.755981445,201.63671875,54.9814147949,37.5316123962,57.5227851868,-10.1071624756,22.3671207428,14.2357301712,34.0524787903],[-72.5000076294,167.343902588,511.104217529,546.566894531,267.272613525,103.00377655,33.0162010193,-4.46288919449,24.5671424866,-15.6107330322,18.830406189,-11.7427806854,1.74189138412],[-329.959777832,482.561767578,244.755981445,267.272613525,541.204040527,164.301239014,163.474945068,71.6474914551,103.433914185,-46.978061676,-4.2566819191,-46.8183097839,5.69912433624],[128.075134277,83.653137207,201.63671875,103.00377655,164.301239014,280.562713623,177.095916748,62.1003723145,16.9022502899,-19.7051200867,-11.6228485107,-38.8401031494,-21.0813503265],[-226.256698608,311.308410645,54.9814147949,33.0162010193,163.474945068,177.095916748,388.844848633,112.826408386,39.5733184814,-67.9708328247,27.4570236206,-25.2159099579,-15.1389904022],[66.3214416504,90.4096450806,37.5316123962,-4.46288919449,71.6474914551,62.1003723145,112.826408386,162.954269409,55.3838615417,-8.99351978302,-14.0670118332,-13.2045736313,2.43909311295],[-22.7435054779,210.196243286,57.5227851868,24.5671424866,103.433914185,16.9022502899,39.5733184814,55.3838615417,188.247283936,22.3575019836,-8.67654132843,-29.7020740509,30.4382019043],[65.5453872681,-154.447921753,-10.1071624756,-15.6107330322,-46.978061676,-19.7051200867,-67.9708328247,-8.99351978302,22.3575019836,131.653411865,19.8295230865,9.72467708588,7.84693527222],[-308.283843994,37.533946991,22.3671207428,18.830406189,-4.2566819191,-11.6228485107,27.4570236206,-14.0670118332,-8.67654132843,19.8295230865,115.627830505,44.9176940918,3.81997466087],[-108.065582275,-76.1805496216,14.2357301712,-11.7427806854,-46.8183097839,-38.8401031494,-25.2159099579,-13.2045736313,-29.7020740509,9.72467708588,44.9176940918,122.116615295,32.0900306702],[-25.7240028381,90.109085083,34.0524787903,1.74189138412,5.69912433624,-21.0813503265,-15.1389904022,2.43909311295,30.4382019043,7.84693527222,3.81997466087,32.0900306702,104.429275513]],"icov":[[0.000150759355165,-0.0000262927533186,0.0000957565425779,-0.000128649684484,0.000179841023055,-0.000239434884861,0.000135160938953,-0.000123846562929,-0.0000136739599839,-0.0000756496010581,0.000373536924599,-0.0000343398351106,0.00000164049390605],[-0.0000262927533186,0.00116295320913,-0.000377262651455,0.000418990704929,-0.000862665649038,0.000786588469055,-0.000689021369908,0.000327834277414,-0.000667754153255,0.0010897773318,-0.000733344757464,0.000861620763317,-0.000920798163861],[0.0000957565425779,-0.000377262651455,0.00125676463358,-0.00118613103405,0.000567127659451,-0.00107040000148,0.000545867893379,-0.000380998564651,-0.0000639797726762,-0.00023190502543,0.000325373606756,-0.000580114778131,0.00000252723953054],[-0.000128649684484,0.000418990704929,-0.00118613103405,0.00372463907115,-0.00195071089547,0.000431049382314,-0.0000120394161058,0.000807824893855,0.000198795169126,0.000414138979977,-0.00104931485839,0.000549688586034,-0.000115307746455],[0.000179841023055,-0.000862665649038,0.000567127659451,-0.00195071089547,0.00419666105881,-0.00187118211761,0.000209999881918,-0.00067388539901,-0.00100237049628,0.0000333482093993,0.000828407239169,-0.000312874530209,0.000431190594099],[-0.000239434884861,0.000786588469055,-0.00107040000148,0.000431049382314,-0.00187118211761,0.00737673882395,-0.00335499946959,0.00013116588525,0.000695800408721,-0.000552912591957,0.000298762432067,0.00147771963384,0.0000797080647317],[0.000135160938953,-0.000689021369908,0.000545867893379,-0.0000120394161058,0.000209999881918,-0.00335499946959,0.00582327367738,-0.00270829955116,-0.0000399441851187,0.00181483500637,-0.00186203338671,-0.0000893992037163,0.00063960038824],[-0.000123846562929,0.000327834277414,-0.000380998564651,0.000807824893855,-0.00067388539901,0.00013116588525,-0.00270829955116,0.0089982515201,-0.00208351900801,-0.000299473729683,0.0013467874378,-0.000567537732422,0.0000127691673697],[-0.0000136739599839,-0.000667754153255,-0.0000639797726762,0.000198795169126,-0.00100237049628,0.000695800408721,-0.0000399441851187,-0.00208351900801,0.00806092377752,-0.00261882832274,0.00039915178786,0.00171399291139,-0.00186564074829],[-0.0000756496010581,0.0010897773318,-0.00023190502543,0.000414138979977,0.0000333482093993,-0.000552912591957,0.00181483500637,-0.000299473729683,-0.00261882832274,0.0107431011274,-0.00344899715856,0.000877190439496,-0.000920931983273],[0.000373536924599,-0.000733344757464,0.000325373606756,-0.00104931485839,0.000828407239169,0.000298762432067,-0.00186203338671,0.0013467874378,0.00039915178786,-0.00344899715856,0.0131555115804,-0.00496298167855,0.0015365795698],[-0.0000343398351106,0.000861620763317,-0.000580114778131,0.000549688586034,-0.000312874530209,0.00147771963384,-0.0000893992037163,-0.000567537732422,0.00171399291139,0.000877190439496,-0.00496298167855,0.0124313319102,-0.00446022022516],[0.00000164049390605,-0.000920798163861,0.00000252723953054,-0.000115307746455,0.000431190594099,0.0000797080647317,0.00063960038824,0.0000127691673697,-0.00186564074829,-0.000920931983273,0.0015365795698,-0.00446022022516,0.0123842293397]],"mean":[-7.56621646881,46.4295158386,-110.535102844,51.0991706848,-55.9657173157,21.7400932312,-37.0505409241,17.0279426575,-19.5844593048,8.60087490082,-14.7435626984,1.79933667183,-12.1123905182]},"hfc":{"dmean":14.7813434601,"dmean2":21.0907287598,"dvar":566.178466797,"dvar2":1265.0826416,"max":294.641998291,"mean":27.7260475159,"median":17.5100517273,"min":1.2842458208e-9,"var":977.726928711},"melbands":{"dmean":[0.00250269821845,0.00244973320514,0.000596919795498,0.00031347994809,0.000166459780303,0.000121086894069,0.00010046823445,0.000155272486154,0.000135063790367,0.000093672220828,0.000037473597331,0.0000190626433323,0.0000223339357035,0.0000277289054793,0.0000294005130854,0.0000299128587358,0.00002484867764,0.0000213292551052,0.000018657920009,0.0000174908309418,0.0000232412057812,0.0000260916385741,0.0000214907067857,0.0000151257445395,0.0000093069356808,0.000009515725651,0.0000086347490651,0.0000105793942566,0.0000118111538541,0.00000679045297147,0.00000709998039383,0.00000446636568086,0.00000562955528949,0.00000722045888324,0.00000651798336548,0.00000423603432864,0.00000298704981105,0.00000337487199431,0.00000277805270343,0.00000242090641223],"dmean2":[0.00388970202766,0.00371261057444,0.00107125926297,0.00054152298253,0.000263579713646,0.000198989699129,0.000166332552908,0.000257259118371,0.000211223625229,0.0001429401309,0.0000586654859944,0.000030990337109,0.000034436230635,0.0000443647913926,0.000047812336561,0.0000475460328744,0.0000402828809456,0.0000334504766215,0.000029582028219,0.0000276430782833,0.000038261172449,0.0000414715068473,0.0000327990455844,0.0000241788056883,0.0000149793413584,0.0000152237153088,0.0000136908129207,0.0000152723569045,0.0000171590399987,0.0000104545997601,0.000011159809219,0.00000688833870299,0.00000857878512761,0.0000109058610178,0.0000100057668533,0.0000065578651629,0.00000455792405774,0.00000525638961335,0.00000430784803029,0.00000376376351596],"dvar":[0.0000335343538609,0.0000379189950763,0.00000277947128779,7.6630857393e-7,1.05888425139e-7,1.1094203245e-7,7.03612244024e-8,1.4506453283e-7,1.22002006719e-7,5.96468581193e-8,7.33013516552e-9,2.04085637279e-9,3.02252978202e-9,4.95369167908e-9,4.78799266901e-9,3.61777496849e-9,2.6237219064e-9,2.10096984254e-9,1.66722413653e-9,1.366687985e-9,2.59246024648e-9,2.64860844368e-9,1.90616233908e-9,1.33830846405e-9,6.57257692716e-10,7.4239714376e-10,3.25646259958e-10,2.85573092951e-10,3.93844207247e-10,1.82634962709e-10,4.51393700196e-10,1.49352002987e-10,2.73799705131e-10,4.08241940253e-10,2.96283664269e-10,1.20530252445e-10,6.79198988718e-11,6.55798471083e-11,4.00499494679e-11,2.45141441868e-11],"dvar2":[0.0000792661085143,0.0000753056519898,0.00000839597123559,0.00000214425767808,2.61315761918e-7,2.73428412356e-7,1.76407638719e-7,3.72271074411e-7,2.90584580398e-7,1.36852790433e-7,1.62925068992e-8,5.31391908254e-9,6.99495172896e-9,1.21441940948e-8,1.22718777362e-8,8.27394952552e-9,6.54483134355e-9,5.12303310884e-9,3.91412635636e-9,3.49759399221e-9,7.04270330942e-9,6.72020572523e-9,4.53772930342e-9,3.4389806558e-9,1.74214787041e-9,2.02894678836e-9,8.64931459787e-10,5.99551797098e-10,8.14371015068e-10,4.08087619252e-10,1.13451426031e-9,3.65107000189e-10,6.82148781905e-10,9.77713243699e-10,7.04011293706e-10,2.95726582111e-10,1.65704686084e-10,1.55185891915e-10,9.72898497875e-11,5.89601006906e-11],"max":[0.0507583096623,0.055661611259,0.0181426815689,0.00906406808645,0.00452975416556,0.00765133742243,0.00708566885442,0.00634204596281,0.00691104354337,0.00483040511608,0.00254766363651,0.00146050937474,0.00109718053136,0.000951858703047,0.00159540434834,0.00140251708217,0.000931032234803,0.000748132821172,0.00147451437078,0.00096878875047,0.000989114399999,0.00123840314336,0.000851135817356,0.00146190763917,0.0010066726245,0.000641366292257,0.000526632298715,0.00042685950757,0.000428168452345,0.000289942749077,0.000251119374298,0.000261558307102,0.000479739246657,0.000412487919675,0.000289047107799,0.000250443292316,0.000221676469664,0.000164350363775,0.000115544564323,0.000122752040625],"mean":[0.00368737243116,0.00372443674132,0.000659102748614,0.000317648460623,0.000209981182707,0.000136848757393,0.000102414982393,0.000159584873472,0.0001499321952,0.000121474382468,0.0000527358170075,0.0000254438837146,0.000029512340916,0.0000315445249726,0.000035843677324,0.0000415909598814,0.0000344592663168,0.00002837559623,0.0000255940358329,0.0000269047159236,0.0000321001716657,0.0000374677765649,0.0000311809635605,0.000025738047043,0.0000151696012836,0.0000129224690681,0.000012140070794,0.0000178121699719,0.0000218348122871,0.000010410757568,0.0000079417040979,0.00000590240824749,0.00000754506527301,0.00000935783828027,0.00000777454442868,0.00000473020054415,0.00000335053914569,0.00000360551825906,0.00000295733889288,0.00000250534435509],"median":[0.000388208136428,0.000253678445006,0.000205282034585,0.0000997134338832,0.0000731496547814,0.0000284438938252,0.0000291375199595,0.0000310636642098,0.0000286650447379,0.0000228519529628,0.0000120526656247,0.00000962677495409,0.00000946507043409,0.00000882136919245,0.0000122134169942,0.0000174210326804,0.0000157607028086,0.00000775108219386,0.00000828262272989,0.00000909992741072,0.0000100011948234,0.0000133852236104,0.0000124057987705,0.00000847958017403,0.00000452479434898,0.00000400077897211,0.00000453798838862,0.00000876040030562,0.00000953204835241,0.00000314257499667,0.00000153886355747,0.0000020978077373,0.00000320467211168,0.00000324935763274,0.00000256592375081,0.00000160889794643,0.00000103608215341,0.00000107070695776,8.00380462351e-7,6.11300265518e-7],"min":[4.75491421122e-16,4.09240103878e-16,3.02422843543e-16,1.90322797534e-16,9.83660817484e-17,4.81588920142e-17,2.44524101648e-17,8.23459954158e-18,4.68254454339e-18,3.89484906651e-17,8.73685831556e-17,7.48845682102e-17,2.33255370532e-17,5.34822955643e-17,1.06899171068e-16,9.57264359172e-17,1.60827270661e-16,1.39256650217e-16,3.3491699278e-17,6.99665294823e-17,4.77500662683e-17,1.30550355894e-16,7.83779041382e-17,2.28584122794e-16,9.0485062214e-17,9.86566322473e-18,8.83723039632e-18,1.23712991793e-17,3.06350641198e-17,2.35299479409e-16,5.66366197901e-16,1.41395567227e-16,1.74219936892e-17,4.97651245625e-17,1.46003333816e-16,1.13104057984e-16,1.78180739054e-16,3.14737617335e-16,1.98036673645e-16,9.77034505208e-17],"var":[0.0000567117713217,0.0000753683780204,0.00000186377474165,5.74934915676e-7,1.32976396117e-7,1.26378878917e-7,6.99458269082e-8,1.40518395142e-7,1.35022020231e-7,8.34263360616e-8,1.44002836322e-8,2.5520925373e-9,3.83012244143e-9,5.24936760726e-9,5.11315878526e-9,5.89204507406e-9,3.61284890893e-9,3.04366265524e-9,2.48045339823e-9,2.52353204999e-9,3.43690564897e-9,3.7707259537e-9,2.78848188984e-9,1.98606198154e-9,8.70946814668e-10,7.83117015679e-10,4.23809404237e-10,6.37539576687e-10,1.07214526146e-9,3.75973391309e-10,4.78735162623e-10,1.66857236361e-10,2.88256613024e-10,4.52297199693e-10,3.2333571931e-10,1.20451634777e-10,6.78435224666e-11,6.82231146576e-11,4.11969729164e-11,2.53342589962e-11]},"melbands_crest":{"dmean":4.15775728226,"dmean2":6.80609083176,"dvar":12.8846149445,"dvar2":34.2770118713,"max":35.6828079224,"mean":15.3348913193,"median":15.0234594345,"min":2.80814862251,"var":43.708782196},"melbands_flatness_db":{"dmean":0.0389570482075,"dmean2":0.0550657808781,"dvar":0.00159611250274,"dvar2":0.00300683593377,"max":0.657056510448,"mean":0.181556627154,"median":0.158364251256,"min":0.0154342669994,"var":0.0111719351262},"melbands_kurtosis":{"dmean":22.3389644623,"dmean2":33.3425750732,"dvar":2616.18896484,"dvar2":5713.48730469,"max":1175.34912109,"mean":33.6509513855,"median":6.08702230453,"min":-1.90985131264,"var":5982.62939453},"melbands_skewness":{"dmean":1.35567307472,"dmean2":1.97695839405,"dvar":2.92575764656,"dvar2":5.86459732056,"max":23.8123493195,"mean":3.42588400841,"median":2.34487819672,"min":-3.90095496178,"var":12.2955207825},"melbands_spread":{"dmean":16.3230304718,"dmean2":24.9043579102,"dvar":509.842956543,"dvar2":1192.86901855,"max":261.596862793,"mean":42.4754867554,"median":33.3641433716,"min":0.225358903408,"var":1372.93127441},"mfcc":{"cov":[[7588.68261719,-425.65612793,-516.041809082,-307.361175537,-251.755096436,-77.5889358521,-206.808013916,-125.537582397,66.9155578613,113.093788147,-144.501052856,-50.5240707397,-33.4519805908],[-425.65612793,1486.59033203,90.1105880737,208.952011108,210.323608398,111.254257202,160.347457886,231.51574707,176.873260498,126.233123779,-5.21297740936,-40.1420974731,102.699264526],[-516.041809082,90.1105880737,1185.75073242,329.33694458,247.45954895,174.837738037,88.7158508301,37.5368804932,40.5019989014,-4.32091093063,-59.989566803,42.656578064,91.5376968384],[-307.361175537,208.952011108,329.33694458,490.685119629,277.385284424,132.060928345,70.2063522339,77.487159729,51.0609741211,11.7491960526,-2.95572352409,4.2344379425,53.6139945984],[-251.755096436,210.323608398,247.45954895,277.385284424,449.145324707,158.470977783,27.904214859,42.2964897156,90.7595291138,71.7086486816,0.184028550982,-9.91371440887,23.2299289703],[-77.5889358521,111.254257202,174.837738037,132.060928345,158.470977783,260.628967285,132.024520874,91.6327209473,65.7862014771,51.722568512,29.5424633026,1.66589426994,-3.80891466141],[-206.808013916,160.347457886,88.7158508301,70.2063522339,27.904214859,132.024520874,309.343719482,181.563247681,61.805305481,29.3319206238,67.1109008789,8.46840667725,-12.0787258148],[-125.537582397,231.51574707,37.5368804932,77.487159729,42.2964897156,91.6327209473,181.563247681,268.486724854,93.5745010376,44.4343414307,59.7828941345,-33.9864425659,11.1102457047],[66.9155578613,176.873260498,40.5019989014,51.0609741211,90.7595291138,65.7862014771,61.805305481,93.5745010376,186.163009644,106.151100159,8.93351840973,-8.51719093323,19.3521823883],[113.093788147,126.233123779,-4.32091093063,11.7491960526,71.7086486816,51.722568512,29.3319206238,44.4343414307,106.151100159,173.908828735,23.5872249603,0.616586863995,9.89226150513],[-144.501052856,-5.21297740936,-59.989566803,-2.95572352409,0.184028550982,29.5424633026,67.1109008789,59.7828941345,8.93351840973,23.5872249603,141.67010498,17.8516178131,-36.866897583],[-50.5240707397,-40.1420974731,42.656578064,4.2344379425,-9.91371440887,1.66589426994,8.46840667725,-33.9864425659,-8.51719093323,0.616586863995,17.8516178131,105.479171753,24.6963500977],[-33.4519805908,102.699264526,91.5376968384,53.6139945984,23.2299289703,-3.80891466141,-12.0787258148,11.1102457047,19.3521823883,9.89226150513,-36.866897583,24.6963500977,134.676818848]],"icov":[[0.000149099199916,0.0000454429027741,0.0000569480398553,0.00000989137242868,0.0000864489193191,-0.0000820269997348,0.0000771087143221,-0.00000794189054432,-0.0000843475572765,-0.00012696403428,0.000190492515685,0.0000230975074373,0.000019433135094],[0.0000454429027741,0.000922646257095,0.000104944003397,-0.000140305986861,-0.000222472139285,0.000114189249871,-0.000196410168428,-0.000490320322569,-0.000261511013377,-0.000321811443428,0.000298406579532,0.00022839315352,-0.00054230313981],[0.0000569480398553,0.000104944003397,0.00120891490951,-0.000500853988342,-0.000204154348467,-0.000470921426313,-0.000227197466302,0.0000692622852512,-0.0000268101975962,0.000151303480379,0.000646643922664,-0.000379170349333,-0.000453085784102],[0.00000989137242868,-0.000140305986861,-0.000500853988342,0.00377561780624,-0.00196254299954,-0.000265890208539,-0.000126621875097,-0.000576525111683,0.000194500316866,0.000824357150123,-0.000100291850686,-0.000144097153679,-0.000775511143729],[0.0000864489193191,-0.000222472139285,-0.000204154348467,-0.00196254299954,0.00454122386873,-0.00178872002289,0.000962057965808,0.0006596139865,-0.00100115174428,-0.000823028967716,-0.000195833636099,0.000582930224482,0.000352947390638],[-0.0000820269997348,0.000114189249871,-0.000470921426313,-0.000265890208539,-0.00178872002289,0.00679916422814,-0.00231989752501,-0.000300175131997,-0.00014486569853,-0.000771999184508,-0.000138561910717,-0.000128094718093,0.000699078605976],[0.0000771087143221,-0.000196410168428,-0.000227197466302,-0.000126621875097,0.000962057965808,-0.00231989752501,0.00690798554569,-0.00390973128378,-0.0000840414722916,0.000300788582535,-0.000665515603032,-0.0018106730422,0.00122412899509],[-0.00000794189054432,-0.000490320322569,0.0000692622852512,-0.000576525111683,0.0006596139865,-0.000300175131997,-0.00390973128378,0.00891884043813,-0.00271285418421,0.000711300293915,-0.00272636115551,0.00370528781787,-0.00174252642319],[-0.0000843475572765,-0.000261511013377,-0.0000268101975962,0.000194500316866,-0.00100115174428,-0.00014486569853,-0.0000840414722916,-0.00271285418421,0.010385026224,-0.00511148106307,0.00131447019521,-0.000408407242503,-0.000177984169568],[-0.00012696403428,-0.000321811443428,0.000151303480379,0.000824357150123,-0.000823028967716,-0.000771999184508,0.000300788582535,0.000711300293915,-0.00511148106307,0.00974252540618,-0.00176376535092,-0.000177745881956,-0.000560065032914],[0.000190492515685,0.000298406579532,0.000646643922664,-0.000100291850686,-0.000195833636099,-0.000138561910717,-0.000665515603032,-0.00272636115551,0.00131447019521,-0.00176376535092,0.0104331392795,-0.00324734626338,0.00300741591491],[0.0000230975074373,0.00022839315352,-0.000379170349333,-0.000144097153679,0.000582930224482,-0.000128094718093,-0.0018106730422,0.00370528781787,-0.000408407242503,-0.000177745881956,-0.00324734626338,0.0124780833721,-0.00353094586171],[0.000019433135094,-0.00054230313981,-0.000453085784102,-0.000775511143729,0.000352947390638,0.000699078605976,0.00122412899509,-0.00174252642319,-0.000177984169568,-0.000560065032914,0.00300741591491,-0.00353094586171,0.0102101219818]],"mean":[-650.706604004,73.2799758911,7.02506446838,29.3676891327,10.9167194366,8.53571796417,1.24780833721,6.80829572678,2.47889661789,5.73885679245,3.30751299858,7.5164604187,1.30379509926]},"pitch_salience":{"dmean":0.0876921638846,"dmean2":0.137067317963,"dvar":0.00672699278221,"dvar2":0.0148344244808,"max":0.952154994011,"mean":0.507937252522,"median":0.521961212158,"min":0.0584731996059,"var":0.0254804939032},"silence_rate_20dB":{"dmean":0,"dmean2":0,"dvar":0,"dvar2":0,"max":1,"mean":1,"median":1,"min":1,"var":0},"silence_rate_30dB":{"dmean":0.0457353405654,"dmean2":0.0914805978537,"dvar":0.0436479598284,"dvar2":0.0876582562923,"max":1,"mean":0.916991770267,"median":1,"min":0,"var":0.0761231705546},"silence_rate_60dB":{"dmean":0.0420505031943,"dmean2":0.0841101258993,"dvar":0.0402837619185,"dvar2":0.092432051897,"max":1,"mean":0.0850671902299,"median":0,"min":0,"var":0.0778272375464},"spectral_centroid":{"dmean":447.570526123,"dmean2":665.835083008,"dvar":228091.84375,"dvar2":485843.59375,"max":6310.73486328,"mean":2103.2980957,"median":2136.40722656,"min":118.773223877,"var":880611.5625},"spectral_complexity":{"dmean":5.03977441788,"dmean2":7.12107086182,"dvar":34.4148674011,"dvar2":58.7252616882,"max":64,"mean":17.193649292,"median":14,"min":0,"var":162.555618286},"spectral_contrast_coeffs":{"dmean":[0.0619031488895,0.0623936541378,0.0470991395414,0.0397357009351,0.031347155571,0.023889709264],"dmean2":[0.0983486026525,0.0985145866871,0.0739339590073,0.062734939158,0.0483670569956,0.0355856046081],"dvar":[0.00288134114817,0.00284281442873,0.0017351876013,0.00143722642679,0.000840726774186,0.000446753576398],"dvar2":[0.00724666379392,0.00657916301861,0.00398262916133,0.00330090103671,0.00181857566349,0.000908042129595],"max":[-0.344965130091,-0.348541259766,-0.377692520618,-0.477056920528,-0.526191830635,-0.589169442654],"mean":[-0.668842554092,-0.72358417511,-0.783777475357,-0.778300762177,-0.770128428936,-0.772526264191],"median":[-0.67484164238,-0.73764872551,-0.799981236458,-0.78653883934,-0.7772102952,-0.774481117725],"min":[-0.981104254723,-0.95512509346,-0.962322235107,-0.96100884676,-0.932868897915,-0.924636781216],"var":[0.00779024930671,0.00931762810796,0.00588271440938,0.00441898731515,0.00301658874378,0.00188149302267]},"spectral_contrast_valleys":{"dmean":[0.478363335133,0.510007500648,0.489936858416,0.444237619638,0.398293763399,0.527827501297],"dmean2":[0.750563919544,0.814226210117,0.764055371284,0.685733914375,0.564869105816,0.671553015709],"dvar":[0.220243826509,0.244129359722,0.250160783529,0.249077364802,0.18379637599,0.278873801231],"dvar2":[0.456206679344,0.539598882198,0.573773264885,0.58612203598,0.34966775775,0.483950823545],"max":[-5.0077252388,-5.04131174088,-5.33515405655,-5.74207496643,-5.38100290298,-7.14974355698],"mean":[-7.67002534866,-7.4969124794,-7.94829082489,-7.94180393219,-7.43584156036,-9.60670661926],"median":[-7.47496128082,-7.38225030899,-7.80860137939,-7.78036403656,-7.33626842499,-9.52604484558],"min":[-17.4836158752,-18.2762413025,-19.2643222809,-19.400598526,-19.7569618225,-20.5178260803],"var":[1.47178399563,0.994864344597,1.23873817921,1.23961985111,1.11702680588,1.29399287701]},"spectral_decrease":{"dmean":3.49929041299e-9,"dmean2":5.28222399154e-9,"dvar":3.87037411567e-17,"dvar2":8.23325487677e-17,"max":-4.41264304138e-21,"mean":-7.52563344975e-9,"median":-3.8774867761e-9,"min":-5.48380647558e-8,"var":1.0218954215e-16},"spectral_energy":{"dmean":0.0140678891912,"dmean2":0.0211783796549,"dvar":0.000572052958887,"dvar2":0.0012116888538,"max":0.210398063064,"mean":0.0309183057398,"median":0.017362806946,"min":1.33139064552e-13,"var":0.00151009485126},"spectral_energyband_high":{"dmean":0.00155166292097,"dmean2":0.00224512931891,"dvar":0.00000816826923256,"dvar2":0.0000185174812941,"max":0.0425145886838,"mean":0.00235760491341,"median":0.00120200938545,"min":1.09487959877e-13,"var":0.0000120264749057},"spectral_energyband_low":{"dmean":0.0106070842594,"dmean2":0.0157970581204,"dvar":0.000564371177461,"dvar2":0.00119175284635,"max":0.200836792588,"mean":0.0196823570877,"median":0.00209345365874,"min":2.96726229335e-15,"var":0.00142380781472},"spectral_energyband_middle_high":{"dmean":0.00176914699841,"dmean2":0.00262273591943,"dvar":0.0000070090995905,"dvar2":0.0000153041473823,"max":0.044988181442,"mean":0.003895242,"median":0.00248379539698,"min":1.21980011947e-14,"var":0.0000186946235772},"spectral_energyband_middle_low":{"dmean":0.00363669684157,"dmean2":0.00602907454595,"dvar":0.0000411684486608,"dvar2":0.000110892549856,"max":0.0641022995114,"mean":0.00545794004574,"median":0.00357315293513,"min":2.25470704966e-15,"var":0.0000431672087871},"spectral_entropy":{"dmean":0.224509865046,"dmean2":0.318617790937,"dvar":0.0596506744623,"dvar2":0.114591300488,"max":8.85277175903,"mean":7.80387115479,"median":7.84118652344,"min":4.81299829483,"var":0.179178640246},"spectral_flux":{"dmean":0.034669496119,"dmean2":0.0554547868669,"dvar":0.00192663504276,"dvar2":0.00482780253515,"max":0.389015346766,"mean":0.0986649394035,"median":0.0833409428596,"min":0.0000553183745069,"var":0.00423313770443},"spectral_kurtosis":{"dmean":1.20701384544,"dmean2":1.82917582989,"dvar":2.66470527649,"dvar2":5.79993677139,"max":60.4872970581,"mean":2.80643105507,"median":2.54690861702,"min":-1.37529981136,"var":6.1249294281},"spectral_rms":{"dmean":0.00110808329191,"dmean2":0.0016120885266,"dvar":0.00000199252440325,"dvar2":0.00000403552940043,"max":0.0143271209672,"mean":0.00469641759992,"median":0.00411574076861,"min":1.13970068938e-8,"var":0.00000810783603811},"spectral_rolloff":{"dmean":1098.9732666,"dmean2":1762.04418945,"dvar":2851260,"dvar2":5871958.5,"max":13178.3203125,"mean":2824.71777344,"median":2519.38476562,"min":64.599609375,"var":6576316},"spectral_skewness":{"dmean":0.218445152044,"dmean2":0.329041987658,"dvar":0.0585401766002,"dvar2":0.119987748563,"max":6.86340475082,"mean":1.21559607983,"median":1.21029365063,"min":-0.367486923933,"var":0.161179110408},"spectral_spread":{"dmean":1051215.125,"dmean2":1450993.25,"dvar":1397977120770,"dvar2":2792837087230,"max":19354414,"mean":5588507.5,"median":5176511,"min":1114817.25,"var":3542102310910},"spectral_strongpeak":{"dmean":0.619203925133,"dmean2":1.04578983784,"dvar":1.12994980812,"dvar2":2.94683218002,"max":15.1078910828,"mean":0.903166770935,"median":0.445595651865,"min":0,"var":1.51138305664},"zerocrossingrate":{"dmean":0.021626515314,"dmean2":0.0239671673626,"dvar":0.000606196816079,"dvar2":0.000736774178222,"max":0.49072265625,"mean":0.0958381593227,"median":0.087890625,"min":0.00244140625,"var":0.00376738235354}},"metadata":{"audio_properties":{"analysis_sample_rate":44100,"bit_rate":197810,"codec":"mp3","downmix":"mix","equal_loudness":0,"length":214.230209351,"lossless":false,"md5_encoded":"5d0c4e473a467ddd954dae27af934fcf","replay_gain":-4.83065795898,"sample_rate":44100},"tags":{"acoustid_id":["6a80a3ad-f342-49f3-8487-5d38e7457eff"],"album":["Revolverlution"],"albumartist":["Public Enemy"],"albumartistsort":["Public Enemy"],"artist":["Public Enemy"],"artistsort":["Public Enemy"],"asin":["B000068CPU"],"barcode":["099923838821"],"catalognumber":["KOC-CD-8388"],"date":["2002-07-23"],"file_name":"05 - Can a Woman Make a Man Lose His Mind?.mp3","label":["Koch Records","SLAMjamz Records"],"media":["CD"],"musicbrainz album release country":["US"],"musicbrainz album status":["official"],"musicbrainz album type":["album"],"musicbrainz_albumartistid":["bf2e15d0-4b77-469e-bfb4-f8414415baca"],"musicbrainz_albumid":["cc199d55-07ea-4c9b-a210-8dd5d5c48436"],"musicbrainz_artistid":["bf2e15d0-4b77-469e-bfb4-f8414415baca"],"musicbrainz_recordingid":["2f57eadb-ab25-49a9-bfec-3267c64741ad"],"musicbrainz_releasegroupid":["8cd9d98f-9930-3a2d-bcf7-74906007d875"],"originaldate":["2002"],"script":["Latn"],"title":["Can a Woman Make a Man Lose His Mind?"],"tracknumber":["5/21"]},"version":{"essentia":"2.1-beta2","essentia_build_sha":"70f2e5ece6736b2c40cc944ad0e695b16b925413","essentia_git_sha":"v2.1_beta2","extractor":"music 1.0"}},"rhythm":{"beats_count":339,"beats_loudness":{"dmean":0.0469676628709,"dmean2":0.0812232270837,"dvar":0.00189120054711,"dvar2":0.00464713480324,"max":0.203368708491,"mean":0.0504111610353,"median":0.0353759378195,"min":1.99905130671e-7,"var":0.00188752776012},"beats_loudness_band_ratio":{"dmean":[0.50110411644,0.124663777649,0.0865629315376,0.0660813078284,0.202729150653,0.239740341902],"dmean2":[0.985605657101