{"lowlevel":{"average_loudness":0.894922375679,"barkbands":{"dmean":[0.00322015606798,0.00759297423065,0.00209895148873,0.00147791579366,0.0012603913201,0.000753874948714,0.000917389173992,0.000370515859686,0.000391716515878,0.000546162191313,0.000649903260637,0.00110657012556,0.000850000651553,0.00119613017887,0.000561309687328,0.000561636174098,0.000199148984393,0.000110461085569,0.0000704330232111,0.0000673332542647,0.0000553434365429,0.0000446999874839,0.0000394985690946,0.00000762302261137,0.00000218808054342,0.0000155692487169,0.000154287932673],"dmean2":[0.00502962758765,0.0126381861046,0.00347096356563,0.00250074616633,0.00209878501482,0.00125009170733,0.00148075842299,0.000614930584561,0.000642219034489,0.000898322672583,0.00110079802107,0.00186426308937,0.00144660740625,0.00203389814124,0.000941677368246,0.000949483481236,0.000330743117956,0.00017627136549,0.00011185544281,0.000101331454061,0.0000795437881607,0.0000586067653785,0.0000503100382048,0.0000112299258035,0.00000360290573553,0.0000188547437574,0.000217294931645],"dvar":[0.0000786608143244,0.000152486754814,0.0000149483075802,0.00000744769749872,0.00000456459656561,0.00000174902413619,0.00000329032150148,5.43721057511e-7,5.35323238182e-7,0.00000166594759321,0.00000139844780733,0.00000304298532683,0.0000014811297433,0.0000028176818887,5.80505627568e-7,5.79190498229e-7,9.93584521325e-8,6.48587601404e-8,2.12917772302e-8,1.68131411016e-8,1.52717092305e-8,1.05696660313e-8,8.39103542205e-9,3.16228904174e-10,1.75760864196e-11,2.20420659502e-9,5.4816919004e-8],"dvar2":[0.000167722479091,0.000381081685191,0.0000372479080397,0.0000198276320589,0.0000117010522445,0.00000454697146779,0.00000827025814942,0.00000134780646022,0.00000131485012389,0.000004170655302,0.0000037378797515,0.00000820271543489,0.00000422356652052,0.00000803887269285,0.00000160963600138,0.00000163937829711,2.64284267359e-7,1.63188772717e-7,5.28470032179e-8,3.74666058178e-8,2.77849618868e-8,1.80035026887e-8,1.31948576509e-8,6.28276541903e-10,4.3274623468e-11,3.20532644871e-9,1.01437890976e-7],"max":[0.152995064855,0.111007735133,0.0520411804318,0.0605176016688,0.0339885018766,0.0310804713517,0.0498902983963,0.0251899734139,0.0200408566743,0.0388590730727,0.0274286549538,0.026037780568,0.0177007000893,0.0192407574505,0.0112669588998,0.0113691696897,0.00648876931518,0.00857234746218,0.00296954717487,0.00318868691102,0.00538056483492,0.00348022230901,0.00193757633679,0.000434909336036,0.0000654322866467,0.00127036939375,0.00725926179439],"mean":[0.00321607477963,0.00977992918342,0.00278945383616,0.00185443204828,0.0019205880817,0.00119155785069,0.00150785280857,0.000594925659243,0.000673386501148,0.000946182059124,0.00107133062556,0.00202032085508,0.00164359074552,0.00247614877298,0.00124317256268,0.00125808827579,0.000418312294642,0.000235912317294,0.000147684884723,0.000144483768963,0.000123202364193,0.0000880579973455,0.0000698149015079,0.0000114480280899,0.00000222027483687,0.0000266853148787,0.000622734369244],"median":[0.000657295400742,0.0047160810791,0.00122803193517,0.000743530574255,0.00109784246888,0.000717782822903,0.000755215703975,0.000327872345224,0.000380157260224,0.000481962546473,0.000674908864312,0.00135807029437,0.00127605360467,0.00199842313305,0.00104300025851,0.00109270133544,0.000293605960906,0.000101143596112,0.0000635960241198,0.00005254415737,0.0000522860354977,0.0000324042302964,0.000019126378902,0.00000375462582269,6.27596250524e-7,0.000006328296422,0.000492021325044],"min":[8.78498223248e-24,1.44062788253e-23,3.14408749484e-23,2.41966642815e-23,1.97281222409e-23,5.11469201279e-23,3.77521566206e-23,1.03761487571e-22,1.06106714244e-22,9.90664462095e-23,6.79071220291e-23,8.02377058644e-23,8.36670735461e-23,4.01670901989e-23,2.13136635561e-22,2.26010416394e-22,2.43177342356e-22,1.67130873414e-22,2.17850439191e-22,5.15925533331e-22,3.54487660811e-22,4.77763143796e-22,6.95018870217e-22,9.72912327559e-22,1.21421238291e-21,1.63264490675e-21,2.59967760786e-21],"var":[0.0000835370883578,0.000183659620234,0.0000219858557102,0.00000972523957898,0.00000674672219247,0.00000309378151542,0.00000650471929475,0.00000106964796487,0.00000115412285595,0.00000389781644117,0.00000243655244958,0.00000634550633549,0.00000321558559335,0.00000684935366735,0.00000160153558681,0.00000162635865308,2.83956012481e-7,1.98958559849e-7,5.95612554832e-8,5.75379424106e-8,5.09413773386e-8,3.18893036422e-8,2.36626043204e-8,6.21553752911e-10,1.90730504307e-11,5.72842795421e-9,5.25936968643e-7]},"barkbands_crest":{"dmean":2.84527897835,"dmean2":4.70134592056,"dvar":6.86267375946,"dvar2":17.2090396881,"max":25.6913337708,"mean":9.77967262268,"median":8.04116916656,"min":2.40938329697,"var":30.1860580444},"barkbands_flatness_db":{"dmean":0.0270152222365,"dmean2":0.0426255650818,"dvar":0.000886600348167,"dvar2":0.00216743955389,"max":0.527953207493,"mean":0.141767919064,"median":0.115075021982,"min":0.0211379416287,"var":0.00634358543903},"barkbands_kurtosis":{"dmean":11.5317764282,"dmean2":17.6254062653,"dvar":1249.14099121,"dvar2":2821.97631836,"max":981.568786621,"mean":20.1421852112,"median":0.894787073135,"min":-1.87625670433,"var":3068.11621094},"barkbands_skewness":{"dmean":0.817493140697,"dmean2":1.27209210396,"dvar":1.36773300171,"dvar2":3.05199623108,"max":23.625,"mean":2.17716813087,"median":1.03198421001,"min":-3.24118971825,"var":7.7274389267},"barkbands_spread":{"dmean":5.67987251282,"dmean2":9.0843667984,"dvar":53.3337516785,"dvar2":128.626449585,"max":129.515014648,"mean":27.2251720428,"median":28.9575710297,"min":0.190848648548,"var":282.323181152},"dissonance":{"dmean":0.0127355307341,"dmean2":0.0213414933532,"dvar":0.000236406485783,"dvar2":0.00061234657187,"max":0.500000059605,"mean":0.47941878438,"median":0.486547201872,"min":0.171946361661,"var":0.000484593299916},"dynamic_complexity":5.92666864395,"erbbands":{"dmean":[0.308397859335,1.47548341751,2.56604027748,3.79201316833,4.52488231659,4.24179935455,4.23516750336,6.68063735962,13.953289032,10.2359609604,8.22603702545,8.05366230011,15.7866983414,16.7997589111,29.0200042725,47.0468063354,35.621421814,54.4980278015,39.9243011475,28.8385047913,25.3629779816,10.0416641235,5.95517253876,4.41852903366,3.23576688766,3.16719722748,2.51992964745,2.02049422264,1.63941848278,1.51777303219,1.05270373821,0.355208963156,0.0466937795281,0.0249564815313,0.0154664609581,0.00976513698697,0.0340464599431,0.0297370329499,0.00935282930732,0.00347052142024],"dmean2":[0.510455429554,2.47244024277,4.22853469849,6.32912683487,7.56953859329,7.1283621788,7.22252321243,11.0631923676,22.7532958984,16.6545600891,13.5988836288,13.1884231567,25.8110294342,27.7953529358,48.7711677551,79.4872207642,60.370174408,92.6066055298,67.1466827393,49.2564239502,42.4855537415,16.4831867218,9.48445034027,7.01079559326,4.9944190979,4.78158569336,3.66905498505,2.89953589439,2.22860598564,1.98581826687,1.35785984993,0.478638261557,0.0720346644521,0.0409617200494,0.025404009968,0.0153153631836,0.0412092246115,0.0343598537147,0.0119693055749,0.00484202848747],"dvar":[0.403839677572,5.61482000351,24.5131416321,47.6944351196,50.9643287659,71.4668731689,61.6584739685,138.121261597,885.971740723,340.840667725,276.372680664,220.357925415,2159.51220703,792.327758789,2680.0871582,6060.27929688,2676.34741211,5990.49609375,3335.47924805,1483.4954834,1279.80212402,264.616424561,191.433837891,86.0457611084,40.4970855713,39.2358131409,29.3343105316,22.5467300415,14.8374881744,13.9983491898,5.97800779343,0.740843653679,0.00716623105109,0.00227554957382,0.000870860763825,0.000311537383823,0.0111988699064,0.00672484142706,0.000253483303823,0.0000295278041449],"dvar2":[0.960603296757,14.9872770309,60.2868118286,123.18094635,135.801010132,184.591156006,166.006607056,358.494018555,2277.63623047,814.521850586,672.74029541,545.224853516,5343.69580078,2017.64001465,7240.04101562,16104.4257812,7497.25097656,17086.453125,9348.19726562,4161.15234375,3576.3190918,684.272583008,477.438079834,208.310150146,96.7730941772,89.4092941284,56.3761940002,43.8344154358,27.4359378815,23.7623691559,9.67332839966,1.27006447315,0.0158519223332,0.00558845419437,0.00214211456478,0.000720236857887,0.0167187768966,0.01015360374,0.000395742797991,0.0000561582382943],"max":[6.34249973297,29.554775238,67.1949310303,138.211853027,115.013839722,124.936210632,157.076507568,291.838592529,793.66595459,446.565948486,692.521789551,367.195220947,1479.80712891,580.460754395,1421.00170898,1204.68933105,865.31628418,1036.82165527,994.767028809,541.04119873,689.188354492,376.706939697,482.010986328,241.126266479,118.659889221,168.756210327,204.192276001,200.377822876,137.281112671,114.358413696,43.6370124817,20.2465000153,1.21136319637,0.746302306652,0.459398597479,0.256723254919,2.83951616287,1.99668800831,0.524800598621,0.181893497705],"mean":[0.35443675518,1.89838409424,3.54252624512,5.25241518021,6.63970947266,5.73380947113,5.84928512573,10.7408599854,21.6849594116,17.3939723969,14.2356672287,14.5537414551,27.2093086243,31.9725418091,53.8631973267,87.5903778076,77.4465942383,116.833534241,90.0199356079,69.8046798706,59.0975189209,23.8791160583,13.4626522064,9.62926387787,6.94312000275,6.79909229279,5.57000541687,4.34598016739,3.24775457382,2.67056894302,1.86745524406,0.600673139095,0.0603452399373,0.0260237883776,0.0159896109253,0.0120693715289,0.0574231632054,0.0588392354548,0.0362151898444,0.0155583042651],"median":[0.139149710536,0.949687719345,1.62479734421,2.38508629799,3.30938076973,3.07173037529,3.3618183136,6.23536777496,9.62662601471,9.20754718781,8.24922657013,8.59330463409,13.1963033676,20.9979705811,37.7427978516,59.8224449158,63.7056732178,96.1028213501,75.9686813354,64.5309906006,50.9226989746,17.8759403229,6.47495269775,4.1339058876,2.89334535599,2.37023329735,2.28823208809,1.87553119659,1.25068414211,0.770340323448,0.507419705391,0.172967448831,0.0233055073768,0.00798009894788,0.00478279218078,0.00445380900055,0.0130251543596,0.0173591878265,0.0241799205542,0.0129335252568],"min":[6.98210765522e-22,2.32552014527e-21,1.99626534531e-20,9.01750169293e-20,5.42113106211e-20,6.37949734994e-20,1.07272148719e-19,6.98678259489e-19,6.31378896551e-19,8.40482710779e-19,2.38057824004e-18,2.23295855395e-18,2.91005882488e-18,3.52662415744e-18,1.8932303065e-18,3.55407786838e-18,4.12211023964e-18,2.88282638476e-18,1.13689043422e-17,9.55398984173e-18,1.18454819706e-17,1.26396489777e-17,8.24817192107e-18,1.1297242377e-17,1.77507847478e-17,2.45896857505e-17,1.94564725299e-17,9.52019372344e-18,1.7636380706e-17,1.66917884229e-17,1.89800777084e-17,1.94334884894e-17,1.85650977387e-17,1.07784148445e-17,1.05622601427e-17,5.78127614334e-18,2.90469910811e-18,1.56481292674e-18,3.41611918655e-19,3.57143695146e-20],"var":[0.426469117403,6.84412145615,36.3429374695,69.811416626,84.3089141846,80.3968429565,74.1147537231,264.645080566,1545.49707031,913.500915527,591.974914551,523.294799805,4677.72558594,2034.23339844,5046.44433594,12218.6787109,6746.47558594,14872.3105469,8713.87792969,4447.65136719,3640.41699219,887.828125,602.786376953,275.995269775,121.186775208,132.353881836,99.2554321289,65.9240951538,42.0326652527,36.3615875244,16.6717948914,1.80435478687,0.0111303320155,0.0024993903935,0.00095622689696,0.000450185820227,0.0281521454453,0.0186556074768,0.00225197873078,0.00031069634133]},"erbbands_crest":{"dmean":2.38683891296,"dmean2":3.99207282066,"dvar":5.13337469101,"dvar2":13.4726037979,"max":28.0472698212,"mean":8.49179267883,"median":7.80404853821,"min":2.08297920227,"var":11.2921552658},"erbbands_flatness_db":{"dmean":0.0209867879748,"dmean2":0.0321410484612,"dvar":0.000397136289394,"dvar2":0.000982487690635,"max":0.299762845039,"mean":0.154845044017,"median":0.158261314034,"min":0.0363779552281,"var":0.00178972806316},"erbbands_kurtosis":{"dmean":1.49078178406,"dmean2":2.46192312241,"dvar":11.7347183228,"dvar2":32.8852958679,"max":106.526748657,"mean":1.95204544067,"median":1.45291626453,"min":-1.84973049164,"var":13.9804029465},"erbbands_skewness":{"dmean":0.398796766996,"dmean2":0.62117600441,"dvar":0.218851178885,"dvar2":0.548819541931,"max":8.75564861298,"mean":-0.24793343246,"median":-0.487882822752,"min":-5.06333303452,"var":1.13531649113},"erbbands_spread":{"dmean":6.41982650757,"dmean2":10.0907459259,"dvar":66.500328064,"dvar2":159.77432251,"max":136.699111938,"mean":28.1353702545,"median":20.6660404205,"min":3.42348694801,"var":389.720031738},"gfcc":{"cov":[[18857.7558594,447.427612305,-3317.22363281,-1849.30383301,530.73626709,-813.180114746,125.740463257,-1244.65576172,523.384643555,-224.926895142,74.3041610718,100.30393219,-114.546669006],[447.427612305,891.254089355,-37.7716140747,-376.217987061,144.344848633,40.3161582947,-20.5147800446,-37.4315032959,0.547854661942,2.32372951508,30.327671051,-89.9732818604,102.774215698],[-3317.22363281,-37.7716140747,1102.91113281,600.573059082,-196.159179688,291.95803833,-76.4871749878,360.906951904,-142.640350342,84.7290420532,-26.6411361694,17.9358482361,5.55104255676],[-1849.30383301,-376.217987061,600.573059082,684.338867188,-98.4382476807,91.9449005127,62.9686431885,164.979675293,-50.3014259338,20.9936695099,-22.7155628204,78.8330535889,-73.3982467651],[530.73626709,144.344848633,-196.159179688,-98.4382476807,257.821990967,17.1486530304,35.1115760803,-85.9119415283,12.0401096344,-55.6415977478,9.88735198975,-24.0942268372,0.799295723438],[-813.180114746,40.3161582947,291.95803833,91.9449005127,17.1486530304,242.668426514,-46.5900115967,128.194793701,-77.2188415527,30.5952301025,-2.56093716621,-7.55272245407,15.7512044907],[125.740463257,-20.5147800446,-76.4871749878,62.9686431885,35.1115760803,-46.5900115967,155.051956177,-38.866897583,53.7214012146,-22.5913105011,-0.362356930971,17.6241455078,-28.696352005],[-1244.65576172,-37.4315032959,360.906951904,164.979675293,-85.9119415283,128.194793701,-38.866897583,274.181976318,-53.4432945251,60.8013916016,-8.09119224548,-17.9947242737,38.0646476746],[523.384643555,0.547854661942,-142.640350342,-50.3014259338,12.0401096344,-77.2188415527,53.7214012146,-53.4432945251,143.960708618,9.08894443512,14.3085641861,32.429561615,-25.1484184265],[-224.926895142,2.32372951508,84.7290420532,20.9936695099,-55.6415977478,30.5952301025,-22.5913105011,60.8013916016,9.08894443512,88.1687393188,34.7620697021,9.84739780426,28.1544570923],[74.3041610718,30.327671051,-26.6411361694,-22.7155628204,9.88735198975,-2.56093716621,-0.362356930971,-8.09119224548,14.3085641861,34.7620697021,56.661315918,21.4502983093,14.8057422638],[100.30393219,-89.9732818604,17.9358482361,78.8330535889,-24.0942268372,-7.55272245407,17.6241455078,-17.9947242737,32.429561615,9.84739780426,21.4502983093,71.0195159912,-11.3823900223],[-114.546669006,102.774215698,5.55104255676,-73.3982467651,0.799295723438,15.7512044907,-28.696352005,38.0646476746,-25.1484184265,28.1544570923,14.8057422638,-11.3823900223,85.6008071899]],"icov":[[0.000136760863825,-0.00018248919514,0.000520500994753,-0.0000708668812877,0.0000591655189055,-0.0000849377029226,0.000195671891561,0.0000272626766673,0.0000393484224332,-0.000226552423555,0.000381800666219,-0.000558011175599,0.000321976287523],[-0.00018248919514,0.00316738151014,-0.00332324276678,0.00307851051912,-0.00177795684431,0.000823197246064,-0.00176282878965,0.00109950662591,-0.000663267332129,0.000471466308227,-0.00172370963264,0.00230615725741,-0.00215175398625],[0.000520500994753,-0.00332324276678,0.00870049931109,-0.0065749604255,0.00396987982094,-0.00434495368972,0.00374770676717,-0.00201433897018,-0.000212160579395,0.00026849276037,0.00125083443709,-0.000564659421798,0.000957025855314],[-0.0000708668812877,0.00307851051912,-0.0065749604255,0.00962316989899,-0.00413096649572,0.00413351273164,-0.00481785833836,-0.000503079034388,0.00319147948176,-0.00283714104444,0.0023892140016,-0.00615359237418,0.00341262482107],[0.0000591655189055,-0.00177795684431,0.00396987982094,-0.00413096649572,0.0092610232532,-0.00537109142169,0.000873399840202,0.00121454230975,-0.0027927630581,0.00715833343565,-0.0057641309686,0.00555225182325,-0.00237075611949],[-0.0000849377029226,0.000823197246064,-0.00434495368972,0.00413351273164,-0.00537109142169,0.0107134031132,-0.0010038681794,-0.00256588077173,0.00484918616712,-0.00490734772757,0.00328615214676,-0.00539992749691,0.00335954758339],[0.000195671891561,-0.00176282878965,0.00374770676717,-0.00481785833836,0.000873399840202,-0.0010038681794,0.0108760502189,-0.000386059546145,-0.00372382579371,0.00249220849946,-0.000677236064803,0.000895367760677,0.000320983061101],[0.0000272626766673,0.00109950662591,-0.00201433897018,-0.000503079034388,0.00121454230975,-0.00256588077173,-0.000386059546145,0.00938758905977,-0.00207494408824,-0.00168682960793,-0.0000316242840199,0.00546478759497,-0.00475006736815],[0.0000393484224332,-0.000663267332129,-0.000212160579395,0.00319147948176,-0.0027927630581,0.00484918616712,-0.00372382579371,-0.00207494408824,0.0147575968876,-0.00808126106858,0.00520695792511,-0.0104699656367,0.00710813235492],[-0.000226552423555,0.000471466308227,0.00026849276037,-0.00283714104444,0.00715833343565,-0.00490734772757,0.00249220849946,-0.00168682960793,-0.00808126106858,0.0295606087893,-0.0200624968857,0.00917957723141,-0.00830370932817],[0.000381800666219,-0.00172370963264,0.00125083443709,0.0023892140016,-0.0057641309686,0.00328615214676,-0.000677236064803,-0.0000316242840199,0.00520695792511,-0.0200624968857,0.0376190654933,-0.0176037941128,0.00306501309387],[-0.000558011175599,0.00230615725741,-0.000564659421798,-0.00615359237418,0.00555225182325,-0.00539992749691,0.000895367760677,0.00546478759497,-0.0104699656367,0.00917957723141,-0.0176037941128,0.0347178094089,-0.00837730895728],[0.000321976287523,-0.00215175398625,0.000957025855314,0.00341262482107,-0.00237075611949,0.00335954758339,0.000320983061101,-0.00475006736815,0.00710813235492,-0.00830370932817,0.00306501309387,-0.00837730895728,0.0223596505821]],"mean":[-24.8267421722,94.7707214355,-99.9399414062,6.76780605316,-4.89128160477,-2.22998738289,0.441138148308,-25.4317951202,6.57891941071,-5.15533256531,-6.21450376511,0.00213146745227,-10.5629997253]},"hfc":{"dmean":20.7607135773,"dmean2":29.0735740662,"dvar":972.511108398,"dvar2":2064.95361328,"max":643.57800293,"mean":77.8222808838,"median":69.1684799194,"min":1.19261908101e-16,"var":5321.49755859},"melbands":{"dmean":[0.00247406191193,0.00150633044541,0.000627785280813,0.000315744051477,0.000144970719703,0.000158889306476,0.000198229943635,0.000100489436591,0.0000681680758134,0.000053447434766,0.0000805509262136,0.000069103189162,0.0000950810645008,0.000118002411909,0.000111143177492,0.0000819355336716,0.000113256020995,0.0000807764881756,0.0000406180333812,0.0000451734267699,0.0000280045951513,0.0000126134764287,0.00000690207843945,0.0000052570162552,0.00000381566087526,0.00000257478018284,0.00000246278091254,0.00000227677173825,0.00000176301443844,0.00000152872109993,0.00000115093507702,9.65226490734e-7,9.2713412414e-7,8.64316973548e-7,6.57358668832e-7,4.73185536976e-7,1.18444731356e-7,3.03185281325e-8,2.31751826618e-8,2.01575716119e-8],"dmean2":[0.00402710773051,0.00248737400398,0.00104529235978,0.000525338517036,0.000246244453592,0.000261159584625,0.000320638995618,0.000164269076777,0.000112578745757,0.0000874391917023,0.000131833628984,0.000114358721476,0.000160111332661,0.000198492882191,0.000188821184565,0.000139430878335,0.000192498293472,0.000136706716148,0.0000684268816258,0.0000772597268224,0.0000470217528346,0.000021076617486,0.0000111939189082,0.00000836969502416,0.000006182985544,0.00000410586108046,0.00000383014958061,0.00000351977337232,0.00000265078574557,0.00000229291867981,0.00000170861301285,0.00000137412530421,0.00000127407702166,0.00000117151148515,8.79900881046e-7,6.34613172679e-7,1.70600586102e-7,4.88440115021e-8,3.81566742647e-8,3.3210834971e-8],"dvar":[0.0000206462955248,0.00000741812209526,0.00000117726983717,3.00359374705e-7,6.52203411278e-8,7.72527002368e-8,1.6957520188e-7,3.2582448739e-8,1.72796514875e-8,1.04794430911e-8,5.42023137484e-8,1.3664445575e-8,2.88853208019e-8,3.49444917447e-8,2.80350604953e-8,1.46914258536e-8,2.59767531929e-8,1.4097359724e-8,3.0137021767e-9,3.80889852991e-9,1.58395430105e-9,3.89367371678e-10,2.69696875943e-10,1.33855440621e-10,6.51327741741e-11,2.80189031698e-11,2.41813721824e-11,2.15912582952e-11,1.53000407482e-11,1.12799769525e-11,8.52819290881e-12,5.42440181314e-12,5.1818783639e-12,4.64672354414e-12,2.40235630868e-12,1.35912624471e-12,8.13070110913e-14,3.27445806167e-15,1.95862308306e-15,1.49938140669e-15],"dvar2":[0.0000470339218737,0.0000189618131117,0.00000305966887026,7.7024373013e-7,1.73449933527e-7,1.99476858143e-7,4.3058639676e-7,7.92235184122e-8,4.20649897137e-8,2.56254200082e-8,1.34553758357e-7,3.47312756332e-8,7.7675679222e-8,9.31744779109e-8,7.81497533353e-8,4.16904768485e-8,7.42259373965e-8,3.9880024616e-8,8.35088265205e-9,1.09336228959e-8,4.42646896914e-9,1.04780306653e-9,6.8684696819e-10,3.45733830454e-10,1.64321264928e-10,7.07146147194e-11,5.60725736676e-11,5.1866184958e-11,3.12555120674e-11,2.26840057155e-11,1.79421876662e-11,1.10283743943e-11,9.94248867264e-12,8.15879828975e-12,4.17144617459e-12,2.33581817083e-12,1.57924969759e-13,7.62182268796e-15,4.81325921706e-15,3.69185535753e-15],"max":[0.0439166016877,0.0383630283177,0.0220679156482,0.00925266649574,0.00496696168557,0.00690465886146,0.0110982768238,0.00426101079211,0.00542370276526,0.0029207773041,0.00741621246561,0.00245790486224,0.00395248504356,0.00250831525773,0.00259886030108,0.00234840367921,0.00206458871253,0.00211570039392,0.000740559014957,0.000994702219032,0.000702306162566,0.000447513157269,0.00051344773965,0.000361252925359,0.000194611362531,0.000104371603811,0.0000932076072786,0.000118375348393,0.000151235566591,0.000120105389215,0.000124254627735,0.0000899498481886,0.000054999760323,0.000062526538386,0.0000263512720267,0.0000220770125452,0.0000073055489338,8.78090190781e-7,6.93055085321e-7,6.05331251791e-7],"mean":[0.00312974443659,0.00214594579302,0.000944964180235,0.000463180418592,0.00020606063481,0.000258441839833,0.000322349893395,0.000169397273567,0.000115251888928,0.0000923442567,0.000136135582579,0.000123606179841,0.000163352320669,0.000214896834223,0.000208716228371,0.00016520061763,0.00022723901202,0.000159847651958,0.0000892808966455,0.0000979140895652,0.0000603454100201,0.0000260722554231,0.0000139835992741,0.0000105128237919,0.00000756036070015,0.00000509860728926,0.00000483042867927,0.0000044755165618,0.00000354561939275,0.00000308346920974,0.00000227271334552,0.00000183441670742,0.00000161968193879,0.00000143277657116,0.00000112864472612,7.97039717781e-7,1.8045734862e-7,3.23484243836e-8,2.34883295036e-8,2.03444727731e-8],"median":[0.00138241040986,0.00112308841199,0.000483364652609,0.00024568621302,0.000120049342513,0.000148723993334,0.00015502559836,0.0000922401304706,0.000063511353801,0.0000533163220098,0.0000645239269943,0.0000767141827964,0.000108141903183,0.000142636665259,0.000151502710651,0.000130509070004,0.000178204281838,0.000123407342471,0.0000755453729653,0.0000844585083541,0.0000492487451993,0.0000186841152754,0.00000686234670866,0.00000441572092313,0.00000313935584018,0.00000217474143938,0.00000180453764642,0.00000146329125528,0.00000140131635362,0.00000126603686113,9.49402419792e-7,7.20580260349e-7,5.0548925401e-7,3.86650043538e-7,3.06942098405e-7,2.01315216941e-7,5.70698759361e-8,9.49030098951e-9,6.80929401753e-9,5.65087043825e-9],"min":[5.6443534194e-24,8.9740714026e-24,1.37309334267e-23,3.98798888202e-24,3.79476134759e-24,1.37312111057e-23,8.59837718535e-24,1.39510555959e-23,1.79794448059e-23,1.49143951784e-23,1.53514667184e-23,1.48200111266e-23,7.18367190325e-24,5.9175233291e-24,1.38049585563e-23,6.30892416141e-24,4.05041341761e-24,1.84516711433e-23,1.1098855629e-23,1.40310413586e-23,1.38206726655e-23,1.44075583577e-23,7.52778012986e-24,9.14929555345e-24,9.12240328519e-24,8.19100625845e-24,1.94494555484e-23,1.49572240147e-23,1.09123555004e-23,9.93730922206e-24,4.05104568962e-24,9.36741638261e-24,1.00036240252e-23,8.81525792516e-24,8.97188310245e-24,1.65245533716e-23,9.00504760377e-24,1.39705388826e-23,8.09074519284e-24,9.77720122388e-24],"var":[0.0000245866849582,0.0000103949059849,0.00000185879650871,4.31471562479e-7,8.43758982683e-8,1.50009739741e-7,3.12726655238e-7,8.25806196758e-8,3.77960844844e-8,2.27215650739e-8,1.1697153468e-7,3.29837313018e-8,5.16400433526e-8,7.45724051399e-8,5.82087658074e-8,3.28433493735e-8,5.88847299809e-8,3.05964213965e-8,8.13504019703e-9,9.87596493474e-9,4.08334432933e-9,1.0626135527e-9,7.11432968092e-10,3.76666198232e-10,1.78507000848e-10,6.86122339499e-11,6.55478657463e-11,6.31879409907e-11,4.43593148325e-11,3.29335864135e-11,2.06172960648e-11,1.38081690179e-11,1.23027343521e-11,1.13409906466e-11,6.25519731498e-12,3.35218484915e-12,1.62291987032e-13,4.0249989214e-15,2.11603145081e-15,1.62118897967e-15]},"melbands_crest":{"dmean":4.38791275024,"dmean2":7.12995910645,"dvar":17.7763538361,"dvar2":41.9616127014,"max":36.725151062,"mean":15.4083595276,"median":13.9102067947,"min":1.79930317402,"var":54.179649353},"melbands_flatness_db":{"dmean":0.0348400250077,"dmean2":0.0552529729903,"dvar":0.00119600980543,"dvar2":0.00294132204726,"max":0.679757356644,"mean":0.24600815773,"median":0.217850893736,"min":0.00620929664001,"var":0.00942849274725},"melbands_kurtosis":{"dmean":14.9128980637,"dmean2":23.3427295685,"dvar":1254.5579834,"dvar2":2846.58447266,"max":945.076843262,"mean":29.4608669281,"median":2.19396448135,"min":-1.89959585667,"var":4558.39648438},"melbands_skewness":{"dmean":0.982386231422,"dmean2":1.5540753603,"dvar":1.49774742126,"dvar2":3.60198163986,"max":22.0418109894,"mean":2.84853339195,"median":1.66517901421,"min":-1.45338308811,"var":9.01249217987},"melbands_spread":{"dmean":7.16827821732,"dmean2":11.5328063965,"dvar":88.0709686279,"dvar2":199.842468262,"max":201.490341187,"mean":27.2968425751,"median":29.1364517212,"min":0.206025108695,"var":383.77041626},"mfcc":{"cov":[[18480.9003906,1574.70068359,-4161.00488281,-588.45098877,-1089.72717285,650.377868652,-1189.54089355,-127.300704956,-677.741882324,26.1188430786,-443.449707031,-12.9632005692,190.025299072],[1574.70068359,1235.12670898,-508.206359863,-390.525756836,18.0831298828,34.054019928,-31.4700183868,-142.903305054,16.3552017212,-39.6089477539,-21.6844272614,-28.9380626678,24.1878070831],[-4161.00488281,-508.206359863,1523.77734375,286.513122559,276.942596436,-150.060897827,291.648010254,85.795715332,160.163879395,36.6399612427,116.904960632,26.3284893036,-47.6363639832],[-588.45098877,-390.525756836,286.513122559,460.93850708,-37.5312805176,55.1293487549,5.18415117264,122.022468567,-17.0953807831,39.8369941711,4.91746377945,28.6488399506,-16.1301269531],[-1089.72717285,18.0831298828,276.942596436,-37.5312805176,281.411193848,-20.6067695618,150.798660278,6.62500572205,60.1466789246,-30.9537773132,53.858001709,-23.0903587341,-17.178812027],[650.377868652,34.054019928,-150.060897827,55.1293487549,-20.6067695618,199.526947021,-38.4921226501,51.9708213806,-69.9713745117,8.04338932037,-24.4210300446,2.36096072197,3.77330708504],[-1189.54089355,-31.4700183868,291.648010254,5.18415117264,150.798660278,-38.4921226501,231.501586914,6.74019908905,75.792640686,-22.4409236908,47.1423797607,-18.7907390594,-23.3087463379],[-127.300704956,-142.903305054,85.795715332,122.022468567,6.62500572205,51.9708213806,6.74019908905,136.252380371,-0.0276817902923,37.7915077209,11.0075321198,-2.06734466553,-16.2515220642],[-677.741882324,16.3552017212,160.163879395,-17.0953807831,60.1466789246,-69.9713745117,75.792640686,-0.0276817902923,113.417869568,11.2670612335,33.6564445496,-0.393090426922,-6.43532323837],[26.1188430786,-39.6089477539,36.6399612427,39.8369941711,-30.9537773132,8.04338932037,-22.4409236908,37.7915077209,11.2670612335,68.3930664062,15.9165706635,14.6737947464,3.29318094254],[-443.449707031,-21.6844272614,116.904960632,4.91746377945,53.858001709,-24.4210300446,47.1423797607,11.0075321198,33.6564445496,15.9165706635,67.5346679688,10.1430778503,0.758105576038],[-12.9632005692,-28.9380626678,26.3284893036,28.6488399506,-23.0903587341,2.36096072197,-18.7907390594,-2.06734466553,-0.393090426922,14.6737947464,10.1430778503,54.2396850586,25.9213314056],[190.025299072,24.1878070831,-47.6363639832,-16.1301269531,-17.178812027,3.77330708504,-23.3087463379,-16.2515220642,-6.43532323837,3.29318094254,0.758105576038,25.9213314056,59.9286499023]],"icov":[[0.000183636293514,-0.0000980381519184,0.000357653567335,-0.00000556154600417,0.00010809378,-0.0000902951214812,0.000229165190831,-0.000104593593278,0.000295869394904,-0.000217832173803,0.000193775864318,0.0000365820342267,-0.000137013048516],[-0.0000980381519184,0.0013464319054,0.0000973421265371,0.000734171131626,-0.000255261431448,-0.000681743607856,-0.0000763444841141,0.000917691155337,-0.00100450555328,-0.000090969093435,-0.0000813616934465,0.000201797738555,0.0000422100310971],[0.000357653567335,0.0000973421265371,0.00210328074172,-0.000696600007359,-0.000784018018749,0.000604227534495,-0.000454763969174,-0.0000861464868649,0.00019200737006,-0.00125022570137,0.000296514772344,-0.000908338581212,0.000326449313434],[-0.00000556154600417,0.000734171131626,-0.000696600007359,0.0040996116586,0.00101340678521,-0.00096409075195,-0.0000937362128752,-0.00221628812142,0.000276389240753,0.000346735178027,0.000384149723686,-0.00156253844034,0.000666380045004],[0.00010809378,-0.000255261431448,-0.000784018018749,0.00101340678521,0.00727839814499,-0.00140525214374,-0.00203184247948,-0.00103051308542,-0.000738849048503,0.00352598493919,-0.00359762762673,0.0021777425427,-0.000654564995784],[-0.0000902951214812,-0.000681743607856,0.000604227534495,-0.00096409075195,-0.00140525214374,0.00870429631323,-0.00109699030872,-0.0033930556383,0.00495806988329,-0.00117372104432,0.00183477136306,-0.00150697061326,-0.000289878138574],[0.000229165190831,-0.0000763444841141,-0.000454763969174,-0.0000937362128752,-0.00203184247948,-0.00109699030872,0.00931154284626,0.00000674994225847,-0.00337762036361,0.00307893473655,-0.00234566442668,0.00194815814029,0.000682690413669],[-0.000104593593278,0.000917691155337,-0.0000861464868649,-0.00221628812142,-0.00103051308542,-0.0033930556383,0.00000674994225847,0.0135535625741,-0.00152485794388,-0.00584637420252,-0.00100001215469,0.00277184974402,0.00186384096742],[0.000295869394904,-0.00100450555328,0.00019200737006,0.000276389240753,-0.000738849048503,0.00495806988329,-0.00337762036361,-0.00152485794388,0.0169406570494,-0.00450647203252,-0.000989291700535,-0.000892264943104,-0.0000916668068385],[-0.000217832173803,-0.000090969093435,-0.00125022570137,0.000346735178027,0.00352598493919,-0.00117372104432,0.00307893473655,-0.00584637420252,-0.00450647203252,0.0239495355636,-0.0067801931873,-0.00246555777267,-0.000124060781673],[0.000193775864318,-0.0000813616934465,0.000296514772344,0.000384149723686,-0.00359762762673,0.00183477136306,-0.00234566442668,-0.00100001215469,-0.000989291700535,-0.0067801931873,0.0237294696271,-0.00525755854324,-0.000332561408868],[0.0000365820342267,0.000201797738555,-0.000908338581212,-0.00156253844034,0.0021777425427,-0.00150697061326,0.00194815814029,0.00277184974402,-0.000892264943104,-0.00246555777267,-0.00525755854324,0.0286918729544,-0.0114155998453],[-0.000137013048516,0.0000422100310971,0.000326449313434,0.000666380045004,-0.000654564995784,-0.000289878138574,0.000682690413669,0.00186384096742,-0.0000916668068385,-0.000124060781673,-0.000332561408868,-0.0114155998453,0.0230832006782]],"mean":[-685.109375,153.398040771,-24.7534427643,28.1370563507,5.98977184296,36.5025062561,-3.95981526375,9.67230224609,-0.00249123177491,8.25326824188,-0.699866116047,5.84568500519,4.59458780289]},"pitch_salience":{"dmean":0.0861463472247,"dmean2":0.140631243587,"dvar":0.0063876551576,"dvar2":0.0152998482808,"max":0.902217388153,"mean":0.563150823116,"median":0.601628899574,"min":0.0746096819639,"var":0.0236598700285},"silence_rate_20dB":{"dmean":0,"dmean2":0,"dvar":0,"dvar2":0,"max":1,"mean":1,"median":1,"min":1,"var":0},"silence_rate_30dB":{"dmean":0.0490215457976,"dmean2":0.0980527848005,"dvar":0.0466184355319,"dvar2":0.114928498864,"max":1,"mean":0.960865676403,"median":1,"min":0,"var":0.0376028083265},"silence_rate_60dB":{"dmean":0.0191737506539,"dmean2":0.038351289928,"dvar":0.0188061166555,"dvar2":0.0437995158136,"max":1,"mean":0.147939518094,"median":0,"min":0,"var":0.126053422689},"spectral_centroid":{"dmean":185.304901123,"dmean2":288.048034668,"dvar":60170.3203125,"dvar2":116501.929688,"max":10750.8349609,"mean":1268.86865234,"median":1295.6862793,"min":99.1863174438,"var":397976.625},"spectral_complexity":{"dmean":2.75528764725,"dmean2":4.3062171936,"dvar":9.13106250763,"dvar2":18.2794647217,"max":60,"mean":22.2885665894,"median":27,"min":0,"var":208.666412354},"spectral_contrast_coeffs":{"dmean":[0.0533550605178,0.047013476491,0.03656482324,0.0281093679368,0.0217378474772,0.0451376624405],"dmean2":[0.0889030843973,0.0784578546882,0.0615874119103,0.0473662130535,0.0358872264624,0.0706411078572],"dvar":[0.00175137771294,0.00144216313493,0.00085547415074,0.000499975227285,0.000347087916452,0.00170918530785],"dvar2":[0.00481072859839,0.00400905869901,0.00239642942324,0.00136582995765,0.000888003152795,0.00403638929129],"max":[-0.416230767965,-0.445363819599,-0.592274129391,-0.590436518192,-0.666284203529,-0.361435472965],"mean":[-0.712703824043,-0.790832221508,-0.820998668671,-0.817265629768,-0.818407058716,-0.707805752754],"median":[-0.715415298939,-0.795182526112,-0.81867069006,-0.808807909489,-0.805266737938,-0.703014910221],"min":[-0.975434422493,-0.987821102142,-0.976322472095,-0.984257936478,-0.969834446907,-0.965547084808],"var":[0.00488731451333,0.00533804344013,0.00342483329587,0.00300940009765,0.00283527490683,0.00843097828329]},"spectral_contrast_valleys":{"dmean":[0.418660968542,0.394516885281,0.347287803888,0.29008641839,0.299250304699,0.638801455498],"dmean2":[0.686893045902,0.640559375286,0.55627065897,0.461677521467,0.44488248229,1.01718449593],"dvar":[0.134931236506,0.138122066855,0.135919421911,0.129624918103,0.137900128961,0.312821269035],"dvar2":[0.314818531275,0.326128482819,0.31159299612,0.286995202303,0.286611586809,0.774544417858],"max":[-5.15348863602,-4.86816167831,-5.10648202896,-5.10888290405,-5.63932180405,-8.96551895142],"mean":[-6.98708963394,-6.8809504509,-7.11170530319,-7.08406209946,-7.84935808182,-11.4337282181],"median":[-6.73347663879,-6.34048318863,-6.406914711,-6.15764856339,-7.48525381088,-11.2980804443],"min":[-27.0349063873,-26.7831954956,-27.1818695068,-27.1682796478,-27.1100769043,-27.1492385864],"var":[1.25788366795,1.93646085262,2.40430116653,2.972448349,1.78850889206,1.19220614433]},"spectral_decrease":{"dmean":3.40632566598e-9,"dmean2":5.31354782396e-9,"dvar":2.74521144817e-17,"dvar2":5.89092621272e-17,"max":3.37248035054e-10,"mean":-8.2014812719e-9,"median":-6.94937662971e-9,"min":-5.91801700978e-8,"var":5.64594972599e-17},"spectral_energy":{"dmean":0.013267185539,"dmean2":0.0203351508826,"dvar":0.000397858733777,"dvar2":0.000833147147205,"max":0.229245707393,"mean":0.0380130037665,"median":0.0336681120098,"min":1.09631884981e-20,"var":0.00106240913738},"spectral_energyband_high":{"dmean":0.000242867332418,"dmean2":0.000293568882626,"dvar":1.90159568092e-7,"dvar2":2.55576537711e-7,"max":0.0136683797464,"mean":0.000834143138491,"median":0.000521532318089,"min":7.90628034428e-21,"var":0.00000126099791942},"spectral_energyband_low":{"dmean":0.0106915812939,"dmean2":0.0170719828457,"dvar":0.000311446900014,"dvar2":0.000700562319253,"max":0.169721022248,"mean":0.0160428863019,"median":0.00850719865412,"min":7.39517655599e-23,"var":0.000442418124294},"spectral_energyband_middle_high":{"dmean":0.00271347630769,"dmean2":0.00428365822881,"dvar":0.0000126203085529,"dvar2":0.000031004397897,"max":0.0561852864921,"mean":0.0113567635417,"median":0.0115892337635,"min":1.78832793168e-21,"var":0.000100165918411},"spectral_energyband_middle_low":{"dmean":0.00318776769564,"dmean2":0.00514036603272,"dvar":0.0000204243187909,"dvar2":0.0000522325608472,"max":0.0739441886544,"mean":0.00809064786881,"median":0.00701664248481,"min":3.59398288391e-22,"var":0.0000586603891861},"spectral_entropy":{"dmean":0.15910923481,"dmean2":0.246145397425,"dvar":0.0467567779124,"dvar2":0.126767903566,"max":9.82106494904,"mean":7.57015657425,"median":7.6268286705,"min":4.86629676819,"var":0.144710987806},"spectral_flux":{"dmean":0.0260223243386,"dmean2":0.0438446588814,"dvar":0.00113485369366,"dvar2":0.00304882670753,"max":0.35455557704,"mean":0.105676792562,"median":0.110372647643,"min":1.04705244475e-10,"var":0.00397189799696},"spectral_kurtosis":{"dmean":3.67658782005,"dmean2":5.54613208771,"dvar":21.223903656,"dvar2":48.7876777649,"max":76.3042068481,"mean":16.2155609131,"median":14.7957239151,"min":-1.25115263462,"var":87.0409317017},"spectral_rms":{"dmean":0.000946655869484,"dmean2":0.00142797827721,"dvar":0.00000131348599552,"dvar2":0.00000256145904132,"max":0.0149550773203,"mean":0.00541346473619,"median":0.00573122501373,"min":3.27044229372e-12,"var":0.0000077802578744},"spectral_rolloff":{"dmean":1816.76135254,"dmean2":3377.62670898,"dvar":21875628,"dvar2":60363232,"max":21985.4003906,"mean":3163.4230957,"median":1787.25585938,"min":43.06640625,"var":28140590},"spectral_skewness":{"dmean":0.301350057125,"dmean2":0.453738868237,"dvar":0.112313076854,"dvar2":0.255031466484,"max":6.80843067169,"mean":2.60839819908,"median":2.56151533127,"min":0.028053322807,"var":0.646172344685},"spectral_spread":{"dmean":413051.6875,"dmean2":619942.75,"dvar":298320691200,"dvar2":518722158592,"max":42116300,"mean":3697546.75,"median":3462552.5,"min":1207779.625,"var":1325386563580},"spectral_strongpeak":{"dmean":0.714492082596,"dmean2":1.32816147804,"dvar":16.2466011047,"dvar2":47.1460533142,"max":76.9124450684,"mean":0.651035308838,"median":0.208660751581,"min":0,"var":9.22922039032},"zerocrossingrate":{"dmean":0.0264960378408,"dmean2":0.0340029485524,"dvar":0.000626230903435,"dvar2":0.00104942941107,"max":0.5615234375,"mean":0.158398121595,"median":0.15966796875,"min":0.0048828125,"var":0.00487837521359}},"metadata":{"audio_properties":{"analysis_sample_rate":44100,"bit_rate":196749,"codec":"mp3","downmix":"mix","equal_loudness":0,"length":234.919189453,"lossless":false,"md5_encoded":"62d9e4ab99489d8e4881299f43556d76","replay_gain":-1.29265403748,"sample_rate":44100},"tags":{"acoustid_id":["f1c94420-27ce-4ee3-a5bc-dc60fe3a319b"],"album":["Surfer Rosa"],"albumartist":["Pixies"],"artist":["Pixies"],"date":["1988"],"discnumber":["1/1"],"file_name":"05 - Pixies - Gigantic.mp3","musicbrainz_albumartistid":["b6b2bb8d-54a9-491f-9607-7b546023b433"],"musicbrainz_albumid":["cc15eff8-2b9e-3365-ae71-001829447f59"],"musicbrainz_artistid":["b6b2bb8d-54a9-491f-9607-7b546023b433"],"musicbrainz_recordingid":["2f5cc9f9-723b-459e-bbd2-b0ad0a751137"],"musicbrainz_releasegroupid":["74e36cbc-a747-3ebf-a60e-51e656c87741"],"replaygain_album_gain":["+0.34 dB"],"replaygain_album_peak":["0.615542"],"replaygain_track_gain":["-1.54 dB"],"replaygain_track_peak":["0.586297"],"title":["Gigantic"],"tracknumber":["5/14"]},"version":{"essentia":"2.1-beta1","essentia_build_sha":"e76a03f03bb3900de42a1fa0d9be1e72f12def64","essentia_git_sha":"v2.1_beta1-28-g21ef5f4-dirty","extractor":"music 1.0"}},"rhythm":{"beats_count":454,"beats_loudness":{"dmean":0.0285856835544,"dmean2":0.0515601448715,"dvar":0.000631186179817,"dvar2":0.00208315765485,"max":0.164739102125,"mean":0.05476263538,"median":0.0555408522487,"min":6.1790564132e-7,"var":0.00139059463982},"beats_loudness_band_ratio":{"dmean":[0.202539920807,0.0639892667532,0.0800531506538,0.0832340493798,0.0521644055843,0.0711284801364],"dmean2":[0.350935429335,0.112890586257,0.148718640208,0.148335576057,0.0879772678018,0.133465826511],"dvar":[0.0295671597123,0.00524357380345,0.0125406943262,0.00626181811094,0.00253019528463,0.00642988272011],"dvar2":[0.0914398804307,0.0155050493777,0.0391117185354,0.0190785527229,0.00684171542525,0.018806006759