{"lowlevel":{"average_loudness":0.822011351585,"barkbands":{"dmean":[0.0000146886914081,0.00197622738779,0.00292611820623,0.00303042912856,0.00315292924643,0.000705295009539,0.00034881485044,0.00049891154049,0.000475420063594,0.000422849436291,0.000364465580788,0.00030110735679,0.000268390751444,0.000234951075981,0.00018165486108,0.000108301181172,0.0000978169991868,0.000123139485368,0.000141319658724,0.0001153783669,0.0000931478643906,0.000111175773782,0.0000978137104539,0.0000441411175416,0.0000300918836729,0.00000773344254412,5.58390354399e-7],"dmean2":[0.000024169577955,0.00342480232939,0.00506923953071,0.00509966211393,0.00548256235197,0.00112009665463,0.000551303790417,0.000770371640101,0.000735033070669,0.000652293092571,0.000553228310309,0.000444421108114,0.000421670352807,0.000362800637959,0.000286210764898,0.000165382356499,0.00015613839787,0.000197201647097,0.000220207351958,0.000177477995749,0.000145547179272,0.000172686530277,0.000150037871208,0.0000648499481031,0.0000432824854215,0.0000115258208098,8.67188418852e-7],"dvar":[1.21011178855e-9,0.0000248141968768,0.0000466532583232,0.0000723387784092,0.0000742483098293,0.00000248713945439,5.89521107486e-7,0.00000211948963624,0.00000243311433223,0.00000134851063649,9.84041093943e-7,8.91732668151e-7,4.41160324272e-7,4.46694997436e-7,1.69921975157e-7,1.10668594289e-7,4.19139176699e-8,7.40099252994e-8,1.30072720594e-7,1.0012406193e-7,5.68122295874e-8,1.44891714626e-7,8.19215983938e-8,1.75827103988e-8,1.09365148049e-8,7.67434504834e-10,7.52839283968e-12],"dvar2":[3.22358939542e-9,0.0000676919225953,0.000132251836476,0.000188601916307,0.000208818848478,0.00000616131637798,0.00000147012474372,0.00000468762118544,0.00000570026622881,0.00000306654260385,0.0000020716850031,0.00000176809226105,9.88378360489e-7,0.00000114089777981,4.03530776794e-7,1.86770620303e-7,9.76419016752e-8,1.7450774692e-7,2.93337592439e-7,2.13078465094e-7,1.32062126568e-7,3.20429194289e-7,1.79794511723e-7,3.60806318156e-8,2.51014586894e-8,1.72717307123e-9,1.93147511873e-11],"max":[0.000971725501586,0.0555916205049,0.0726613923907,0.104156889021,0.0894258916378,0.029697464779,0.026893466711,0.0594490431249,0.0608976520598,0.0416069179773,0.0269356556237,0.0354577563703,0.016795925796,0.0300584547222,0.0121417483315,0.0225966554135,0.00690837483853,0.00644170073792,0.0105586033314,0.0113863283768,0.00761262793094,0.0178506169468,0.011205650866,0.00591377029195,0.00504175387323,0.00126401230227,0.0000681126039126],"mean":[0.000024203392968,0.00288651720621,0.00473186001182,0.00345728127286,0.00360756157897,0.00114045944065,0.000601877982263,0.000825171067845,0.000796470674686,0.000722670753021,0.000685724720825,0.000607983558439,0.000495736312587,0.000423824967584,0.000335111573804,0.00019556483312,0.000180126153282,0.000227556723985,0.000276613689493,0.000255971186562,0.000188339196029,0.000217324952246,0.000162206182722,0.0000731100008124,0.0000444767283625,0.0000099565668279,6.45875047667e-7],"median":[0.00000696261895428,0.00176914827898,0.00262051820755,0.00129693304189,0.00144421332516,0.00059730670182,0.000274603604339,0.000255801627645,0.000226306961849,0.00023634354875,0.00017549750919,0.000153562548803,0.000141586671816,0.000102073114249,0.0000903858090169,0.0000514101375302,0.0000666871856083,0.0000630663635093,0.0000558584251849,0.0000452710119134,0.0000383067563234,0.0000375281269953,0.0000297644237435,0.0000150648857016,0.00000987778457784,0.00000170265548149,1.27773532199e-7],"min":[1.31122605843e-24,1.58281637278e-24,3.28255031335e-25,5.59895814744e-26,1.05888097222e-23,9.01244238589e-24,1.31823248433e-23,6.26853408863e-24,2.83186045063e-23,1.59634429206e-23,1.77835753763e-23,2.82632738024e-23,2.69350907844e-23,2.81422499177e-23,4.45539677809e-23,4.37755797931e-23,9.19435118628e-23,1.19778065007e-22,1.33387632183e-22,1.90710582203e-22,1.87308206187e-22,4.01147912452e-22,3.00196132855e-22,5.7110762845e-22,8.65457304878e-22,1.43716704246e-21,2.07824847598e-21],"var":[1.57116386568e-9,0.0000205296473723,0.0000446059129899,0.000062817336584,0.0000558732281206,0.00000321976858686,0.00000108900587747,0.0000043304553401,0.00000474944909001,0.0000027007342851,0.0000031287765978,0.00000305942467094,0.00000129431987261,0.00000102050660189,4.64336068262e-7,3.25885139318e-7,1.01499018967e-7,1.94840296786e-7,3.60743939609e-7,4.38725578533e-7,1.70245286313e-7,5.02441992012e-7,2.00544519657e-7,4.79697561673e-8,1.64131179758e-8,1.28181709691e-9,6.81324744886e-12]},"barkbands_crest":{"dmean":2.15759062767,"dmean2":3.49776411057,"dvar":4.45769786835,"dvar2":11.6471157074,"max":23.2972221375,"mean":9.54700756073,"median":8.92943668365,"min":2.19935965538,"var":13.498342514},"barkbands_flatness_db":{"dmean":0.023525705561,"dmean2":0.0353256501257,"dvar":0.00065790937515,"dvar2":0.00151376985013,"max":0.553595006466,"mean":0.158646434546,"median":0.141627073288,"min":0.0224382597953,"var":0.00524184573442},"barkbands_kurtosis":{"dmean":4.60743904114,"dmean2":7.41312551498,"dvar":106.988754272,"dvar2":274.800598145,"max":301.226593018,"mean":7.21990776062,"median":2.43522715569,"min":-1.93348670006,"var":203.365707397},"barkbands_skewness":{"dmean":0.641643881798,"dmean2":0.994065999985,"dvar":0.601966798306,"dvar2":1.44923686981,"max":13.5197687149,"mean":1.83317029476,"median":1.564001441,"min":-2.38099074364,"var":2.11443781853},"barkbands_spread":{"dmean":5.52171325684,"dmean2":8.5958738327,"dvar":61.354019165,"dvar2":142.050811768,"max":149.673690796,"mean":20.5112857819,"median":17.231880188,"min":0.38019412756,"var":249.39730835},"dissonance":{"dmean":0.0206686779857,"dmean2":0.0343438349664,"dvar":0.000443950237241,"dvar2":0.00115718937013,"max":0.500000178814,"mean":0.452815324068,"median":0.464832514524,"min":0.193611875176,"var":0.00157030450646},"dynamic_complexity":4.25631093979,"erbbands":{"dmean":[0.0285140331835,0.567195773125,2.90918111801,6.24206495285,15.4176282883,6.81219291687,4.72215557098,6.28290367126,4.33242273331,7.40657186508,10.6494493484,11.5004281998,13.6137151718,12.8480806351,12.5951433182,11.8338546753,11.6093301773,11.9252128601,9.17172145844,7.10063028336,5.6769528389,4.5587978363,6.66977405548,6.108689785,6.81102561951,5.69583511353,4.01830911636,3.59448599815,3.76324868202,3.99624419212,2.5207233429,1.16262733936,0.680169403553,0.370174884796,0.198671102524,0.0605766624212,0.00867171213031,0.00099842005875,0.000105799204903,0.0000150846362885],"dmean2":[0.0477917604148,0.99348461628,5.12869262695,10.3751268387,26.9575004578,11.5930557251,7.60076475143,10.1022481918,6.76588344574,11.6600065231,16.2818927765,17.7503471375,21.2558116913,19.4435710907,19.0592041016,17.5289478302,18.004026413,18.3630485535,14.0653152466,11.0625314713,8.55833530426,7.11029291153,10.6916875839,9.47579669952,10.5983629227,8.57753658295,6.32525968552,5.63285636902,5.79536437988,6.13759040833,3.89804673195,1.74434947968,1.00070357323,0.536405742168,0.290116727352,0.0898454859853,0.0128573095426,0.00150343077257,0.000163485616213,0.0000231315352721],"dvar":[0.00481568276882,2.08337950706,50.7764358521,208.415145874,2163.13500977,227.754089355,77.0771484375,221.017181396,68.428604126,347.1512146,1037.52185059,1608.4630127,1559.49304199,1313.7532959,1565.89367676,1143.26452637,783.401733398,1026.56958008,497.351104736,298.468383789,322.022216797,89.8695678711,229.170516968,207.858886719,382.201782227,293.462646484,102.796440125,105.340621948,176.203811646,157.314178467,56.3607292175,10.4836368561,5.45837116241,1.67028331757,0.504430770874,0.0475522764027,0.000954244169407,0.0000158612128871,2.61950987124e-7,1.11173181772e-9],"dvar2":[0.0124325826764,5.75463676453,145.086471558,539.526611328,6068.94335938,622.894226074,194.481781006,561.132202148,167.690673828,807.305725098,2248.96240234,3785.85864258,3694.79003906,2741.0625,3413.18676758,2311.46264648,1755.51538086,2618.46337891,1136.0222168,677.758056641,548.010375977,202.002471924,544.073181152,443.427612305,838.56036377,602.903076172,242.470199585,239.513763428,391.905883789,350.884887695,124.893684387,22.4104347229,11.9936685562,3.86552190781,1.16639304161,0.107632935047,0.00210576388054,0.0000382662728953,6.82613915615e-7,2.72351385888e-9],"max":[0.845851540565,16.1145057678,79.3195037842,201.991394043,492.281860352,187.881729126,179.206298828,248.014205933,163.144241333,801.76373291,986.455932617,1707.22216797,1342.22399902,1345.78662109,1389.80603027,1449.0625,828.753417969,1335.67980957,661.547485352,706.206481934,1337.69104004,419.320709229,448.075958252,628.594970703,612.661376953,622.372436523,436.120361328,411.116424561,609.492614746,522.820739746,314.714813232,124.995429993,109.307662964,64.3115997314,20.3816566467,10.1589975357,1.29015755653,0.129239708185,0.015339021571,0.00089458952425],"mean":[0.0497063472867,0.816621661186,4.58099508286,9.16415882111,15.3416671753,8.99061393738,7.69658946991,9.76639938354,8.16570091248,12.5036964417,18.3380031586,20.0127277374,23.0109004974,25.5755405426,26.5902786255,24.6352767944,23.3597831726,24.1463069916,18.4937400818,13.8941411972,11.5651788712,9.54646205902,12.9436779022,13.0877332687,13.7063474655,12.557682991,8.41900539398,7.16951417923,7.4437494278,7.0710310936,4.1649017334,1.86595189571,1.09366846085,0.574845910072,0.275048315525,0.0777113735676,0.0116779217497,0.00133484427352,0.000132939705509,0.0000329959584633],"median":[0.0336011871696,0.50570589304,2.79532289505,4.61229133606,4.55311155319,4.09890413284,4.19736623764,4.63745307922,4.3667011261,4.94537353516,6.60689258575,6.39915752411,8.18848419189,8.63484191895,6.79873847961,7.80937767029,8.40787315369,8.25530529022,5.97255277634,4.68739080429,3.5581099987,3.81466341019,4.01539993286,2.90808200836,2.64886879921,2.18437004089,1.78138005733,1.41965222359,1.32979059219,1.22688853741,0.761392951012,0.376894116402,0.2232542485,0.131430462003,0.0533846318722,0.0128993839025,0.00224834494293,0.000291696225759,0.000036497014662,0.0000221894424612],"min":[3.12129919655e-23,3.30024036532e-22,8.1057389143e-22,1.94516266829e-21,9.48187119529e-21,3.29507655504e-20,3.68960874925e-20,6.73921622635e-20,1.82271613196e-19,3.56707654641e-19,2.03065046789e-19,5.689140941e-19,4.42728415438e-19,8.49286652532e-19,1.05973179182e-18,1.37447908138e-18,1.20144799328e-18,1.97717466301e-18,2.28210962595e-18,1.96308012576e-18,2.65888357073e-18,5.48095498706e-18,5.57218018732e-18,5.22568539566e-18,7.96759225729e-18,9.75165953835e-18,9.06954158982e-18,9.2482266642e-18,1.10032011759e-17,1.22332352904e-17,9.97728876685e-18,1.05091170971e-17,1.00453376071e-17,9.01608007965e-18,6.16360812144e-18,4.73838047551e-18,2.47711704177e-18,1.02573828756e-18,2.63796841234e-19,2.48007068401e-20],"var":[0.00487609161064,1.65185046196,42.3444252014,220.637191772,1546.03198242,215.640640259,108.94683075,281.923614502,127.964385986,693.452026367,2047.96655273,3241.78955078,3119.14916992,3694.57177734,5799.62988281,3786.88842773,2634.66943359,2496.14233398,1515.2689209,694.299133301,890.756225586,243.972412109,578.814697266,900.461425781,1004.60321045,1240.93310547,287.911804199,324.788208008,591.75201416,446.858093262,136.772735596,27.5351886749,12.5722064972,2.72400164604,0.704375982285,0.073952704668,0.00177548616193,0.0000205592878046,2.28412403658e-7,1.54491697213e-9]},"erbbands_crest":{"dmean":2.51634097099,"dmean2":4.02889490128,"dvar":6.32884216309,"dvar2":15.617893219,"max":30.6730957031,"mean":9.02376079559,"median":7.94871807098,"min":2.46939063072,"var":18.6364421844},"erbbands_flatness_db":{"dmean":0.0179857220501,"dmean2":0.0248563997447,"dvar":0.000346380897099,"dvar2":0.000637275574263,"max":0.381496936083,"mean":0.161592409015,"median":0.155534446239,"min":0.0358083695173,"var":0.00196069455706},"erbbands_kurtosis":{"dmean":1.12352716923,"dmean2":1.71753263474,"dvar":5.63471841812,"dvar2":11.9904260635,"max":142.038314819,"mean":1.06168198586,"median":-0.0271351858974,"min":-1.90918982029,"var":21.1148548126},"erbbands_skewness":{"dmean":0.368614405394,"dmean2":0.560365378857,"dvar":0.163052216172,"dvar2":0.374013245106,"max":8.38555049896,"mean":0.435873568058,"median":0.309034943581,"min":-4.52109384537,"var":0.820131123066},"erbbands_spread":{"dmean":10.24812603,"dmean2":15.5135946274,"dvar":173.618865967,"dvar2":383.429168701,"max":181.301208496,"mean":40.0829200745,"median":35.2998580933,"min":1.42223548889,"var":501.256195068},"gfcc":{"cov":[[18359.5625,-443.815582275,-2531.90698242,834.61895752,-796.18347168,614.279174805,-428.112030029,223.215606689,-523.533691406,110.404594421,-396.392089844,-49.7396354675,-273.048370361],[-443.815582275,1659.62768555,138.609848022,-338.797210693,361.403625488,-167.988525391,140.717697144,-79.773727417,138.060302734,-87.4675140381,112.032661438,-86.4535140991,82.0339660645],[-2531.90698242,138.609848022,1532.79040527,-2.72300171852,1.98691928387,60.0265617371,-71.1256408691,45.6927032471,92.2399749756,16.2520561218,-11.1693754196,33.4082756042,19.7955303192],[834.61895752,-338.797210693,-2.72300171852,546.760986328,-34.5227012634,19.7402801514,22.02318573,2.73344516754,-42.8387336731,-14.9867725372,-24.622800827,-20.1218910217,-19.8901996613],[-796.18347168,361.403625488,1.98691928387,-34.5227012634,371.87109375,-56.8387336731,85.145690918,-16.0155258179,50.1709022522,-6.23270559311,24.8592948914,-36.9522399902,25.4420890808],[614.279174805,-167.988525391,60.0265617371,19.7402801514,-56.8387336731,259.542053223,8.89303302765,21.3855743408,-4.90961933136,32.9123497009,-17.4866199493,15.6647119522,-22.4433784485],[-428.112030029,140.717697144,-71.1256408691,22.02318573,85.145690918,8.89303302765,226.440887451,1.69905042648,4.68820571899,-23.4773635864,45.3760910034,-14.5397205353,2.87807297707],[223.215606689,-79.773727417,45.6927032471,2.73344516754,-16.0155258179,21.3855743408,1.69905042648,132.048736572,21.3016338348,16.0795326233,-22.9543457031,10.8870306015,-6.51872348785],[-523.533691406,138.060302734,92.2399749756,-42.8387336731,50.1709022522,-4.90961933136,4.68820571899,21.3016338348,134.120223999,20.3622207642,4.74875354767,-14.3293895721,15.8265705109],[110.404594421,-87.4675140381,16.2520561218,-14.9867725372,-6.23270559311,32.9123497009,-23.4773635864,16.0795326233,20.3622207642,110.55632019,17.3351955414,15.0351352692,-10.2105541229],[-396.392089844,112.032661438,-11.1693754196,-24.622800827,24.8592948914,-17.4866199493,45.3760910034,-22.9543457031,4.74875354767,17.3351955414,107.900627136,22.6735801697,11.0336475372],[-49.7396354675,-86.4535140991,33.4082756042,-20.1218910217,-36.9522399902,15.6647119522,-14.5397205353,10.8870306015,-14.3293895721,15.0351352692,22.6735801697,78.9673309326,16.009431839],[-273.048370361,82.0339660645,19.7955303192,-19.8901996613,25.4420890808,-22.4433784485,2.87807297707,-6.51872348785,15.8265705109,-10.2105541229,11.0336475372,16.009431839,69.4057312012]],"icov":[[0.000276575767202,-0.000616795034148,0.0005487393355,-0.000656756979879,0.000558305589948,-0.000734129163902,0.000647570472211,-0.000676613824908,0.000937086995691,-0.000672402791679,0.000989168300293,-0.000380188372219,0.00055776181398],[-0.000616795034148,0.00261455727741,-0.00136316556018,0.00213442114182,-0.00193291541655,0.00190721044783,-0.00165150268003,0.00181778962724,-0.00271000247449,0.00243055075407,-0.00332336733118,0.00215081474744,-0.00194409606047],[0.0005487393355,-0.00136316556018,0.00181963772047,-0.001435606624,0.00112446164712,-0.00167497084476,0.00158029142767,-0.00151468394324,0.0013917676406,-0.00127601774875,0.00206555309705,-0.0012514606351,0.00113318080548],[-0.000656756979879,0.00213442114182,-0.001435606624,0.0038690532092,-0.00152305164374,0.00182453379966,-0.00196797470562,0.00170775258448,-0.00192156422418,0.00211351481266,-0.00260772113688,0.00215187529102,-0.00153067568317],[0.000558305589948,-0.00193291541655,0.00112446164712,-0.00152305164374,0.00494121387601,-0.00102621444967,0.000189822021639,-0.0012126530055,0.0014159680577,-0.00226218509488,0.00244472548366,-0.00000916666522244,0.00041671859799],[-0.000734129163902,0.00190721044783,-0.00167497084476,0.00182453379966,-0.00102621444967,0.00650506326929,-0.00270621734671,0.00182112387847,-0.0026051083114,0.000548408948816,-0.00159464182798,0.000263571826508,-0.000511373218615],[0.000647570472211,-0.00165150268003,0.00158029142767,-0.00196797470562,0.000189822021639,-0.00270621734671,0.00750556122512,-0.00268251518719,0.00233129761182,0.000162117969012,-0.000707544386387,0.0000858935018186,0.00156193959992],[-0.000676613824908,0.00181778962724,-0.00151468394324,0.00170775258448,-0.0012126530055,0.00182112387847,-0.00268251518719,0.010575720109,-0.00416038976982,0.000693348818459,0.000159051647643,-0.00107662833761,-0.000477288413094],[0.000937086995691,-0.00271000247449,0.0013917676406,-0.00192156422418,0.0014159680577,-0.0026051083114,0.00233129761182,-0.00416038976982,0.0130417505279,-0.00469697313383,0.00333329592831,0.00110303855035,-0.000356076547178],[-0.000672402791679,0.00243055075407,-0.00127601774875,0.00211351481266,-0.00226218509488,0.000548408948816,0.000162117969012,0.000693348818459,-0.00469697313383,0.0135739650577,-0.00603654887527,0.000282096298179,0.000479083217215],[0.000989168300293,-0.00332336733118,0.00206555309705,-0.00260772113688,0.00244472548366,-0.00159464182798,-0.000707544386387,0.000159051647643,0.00333329592831,-0.00603654887527,0.017538741231,-0.00699189398438,0.0022919846233],[-0.000380188372219,0.00215081474744,-0.0012514606351,0.00215187529102,-0.00000916666522244,0.000263571826508,0.0000858935018186,-0.00107662833761,0.00110303855035,0.000282096298179,-0.00699189398438,0.0194703862071,-0.00666994787753],[0.00055776181398,-0.00194409606047,0.00113318080548,-0.00153067568317,0.00041671859799,-0.000511373218615,0.00156193959992,-0.000477288413094,-0.000356076547178,0.000479083217215,0.0022919846233,-0.00666994787753,0.0190363954753]],"mean":[-45.9909515381,107.822395325,-105.668968201,38.2799453735,-59.8655509949,19.2393779755,-33.1632347107,1.34222245216,-23.7891101837,-4.55131626129,-15.7626934052,-6.38584804535,-12.5367393494]},"hfc":{"dmean":4.83568143845,"dmean2":6.82693147659,"dvar":75.4218597412,"dvar2":151.152160645,"max":280.071258545,"mean":15.7544384003,"median":9.06606769562,"min":1.09541669018e-16,"var":367.90927124},"melbands":{"dmean":[0.000399812008254,0.00124284811318,0.00141583639197,0.000822151778266,0.000171072751982,0.00013696111273,0.0000685458435328,0.0000860670334077,0.0000844289679662,0.0000751939442125,0.0000679803270032,0.0000515673636983,0.00004309049109,0.0000374650007871,0.0000230737823586,0.0000302886273857,0.0000242984806391,0.0000159938590514,0.0000140250758704,0.00000824916060083,0.00000738065136829,0.00000527490010427,0.00000638578649159,0.00000566802373214,0.00000543346232007,0.00000573156103201,0.00000468863163405,0.00000409851054428,0.00000285194732896,0.00000242686360252,0.00000220227843784,0.0000022303086098,0.00000251159553954,0.00000225114126806,0.00000166399956925,0.00000103822480924,6.20774244453e-7,5.04847037064e-7,4.27503778155e-7,2.8407470154e-7],"dmean2":[0.00068332918454,0.00218156329356,0.00238855346106,0.00143245689105,0.000277295301203,0.000218524015509,0.000107292311441,0.000135074165883,0.000128369574668,0.000116519797302,0.000106242354377,0.000078354292782,0.0000653095194139,0.0000551631965209,0.0000341373051924,0.0000470393315481,0.0000375786148652,0.0000243123613473,0.0000219760659093,0.0000125419392134,0.0000113192509161,0.00000840653228806,0.000010225792721,0.00000912736777536,0.00000844363057695,0.00000902126976143,0.00000717505145076,0.00000624206495559,0.00000453408074463,0.00000387853060602,0.00000347068430528,0.00000348067987943,0.00000401359420721,0.00000348478056367,0.0000025890778943,0.00000163879792581,9.36784715577e-7,7.60359057494e-7,6.44165425001e-7,4.17628370997e-7],"dvar":[9.95594518827e-7,0.00000938447192311,0.0000129720910991,0.00000541063946002,9.21885714433e-8,9.95398252712e-8,1.80466273036e-8,5.31933679326e-8,6.66015793627e-8,7.14933392487e-8,3.94178805152e-8,2.14181206104e-8,1.47503396164e-8,1.38424587348e-8,4.84203255269e-9,5.40776579072e-9,4.88611195948e-9,1.80392134563e-9,1.13261189316e-9,7.2375277993e-10,4.95400720446e-10,1.30057756231e-10,1.93269511506e-10,1.81692133561e-10,1.88663695777e-10,2.83503748255e-10,2.23719001657e-10,1.66821653713e-10,6.47883136029e-11,3.75580365419e-11,4.60545282466e-11,6.03679675693e-11,8.4973188208e-11,4.5544529953e-11,2.60704409449e-11,9.20852283315e-12,3.18851954388e-12,2.87644972945e-12,3.90322062865e-12,7.81549683911e-13],"dvar2":[0.0000026583647923,0.00002647549627,0.000034728058381,0.0000150844671225,2.35420600347e-7,2.49861329848e-7,4.43747332213e-8,1.2010245598e-7,1.4177814478e-7,1.69466716216e-7,9.34974551114e-8,4.52018618091e-8,3.17758690471e-8,2.77365579393e-8,9.94261739606e-9,1.1955259005e-8,1.24367582899e-8,4.05103461887e-9,2.72270406221e-9,1.33415245518e-9,9.24820664494e-10,3.00889257954e-10,4.5407150262e-10,4.31001512258e-10,3.94134364035e-10,6.43485709162e-10,4.71246319744e-10,3.46162348785e-10,1.52616863591e-10,9.21786605379e-11,1.08116383901e-10,1.39420114342e-10,1.99089730812e-10,1.02346554842e-10,5.90491128216e-11,2.20457974792e-11,6.74842820514e-12,6.38396453756e-12,9.91235392378e-12,1.73841377491e-12],"max":[0.0116314375773,0.0345833264291,0.0407647527754,0.0240737274289,0.00505783222616,0.00545238982886,0.00292056053877,0.0114973932505,0.00849955994636,0.0117176035419,0.0069996160455,0.00509262876585,0.00435200007632,0.00467885797843,0.00261376565322,0.00199143728241,0.00312423962168,0.00120065710507,0.0011117355898,0.00192353653256,0.00139441923238,0.000376847368898,0.000322904466884,0.000384234095691,0.000580260122661,0.000672677822877,0.000529425044078,0.000552296813112,0.000438192859292,0.000190509585082,0.000282214517938,0.00032686808845,0.000429991690908,0.000241127476329,0.000211428457987,0.000106840387161,0.0000793854414951,0.000088997570856,0.000113973830594,0.0000315345932904],"mean":[0.000624413427431,0.00199283240363,0.00186506309547,0.000895795354154,0.000286251131911,0.000218928034883,0.000127538412926,0.000144979116158,0.000145212732605,0.00012614922889,0.00011105251906,0.0000984543003142,0.0000861221633386,0.0000764416108723,0.0000448852406407,0.0000557027888135,0.0000443432836619,0.0000292855365842,0.000025011579055,0.0000143456245496,0.0000136930930239,0.00000977940908342,0.0000115780158012,0.0000102580388557,0.0000105981798697,0.0000102717349364,0.00000922350227484,0.000008007089491,0.000005300094017,0.00000455333702121,0.00000403410558647,0.00000414445958086,0.00000437426479039,0.00000373832062905,0.00000266928032033,0.00000149095410507,9.79567744253e-7,7.94835329998e-7,6.25579787084e-7,4.32780495885e-7],"median":[0.000413915491663,0.00129578018095,0.000894205295481,0.000330148352077,0.000159976814757,0.000108893873403,0.0000660935620544,0.000054731448472,0.0000496694046888,0.0000353636096406,0.0000365510131815,0.0000302392600133,0.0000217269825953,0.0000190384798771,0.0000141741393236,0.0000144251571328,0.0000115945904327,0.00000758446003601,0.00000652625749353,0.00000417566616306,0.00000377953779207,0.00000351365929419,0.00000387874524677,0.00000286402178062,0.00000211696806218,0.00000184602424724,0.0000016230435449,0.00000128877297811,0.00000109105849333,8.50661024288e-7,7.26267728623e-7,7.14585326023e-7,6.82395466356e-7,6.47113893137e-7,4.63439477016e-7,2.60987178535e-7,1.92286364609e-7,1.5153386812e-7,1.24288192183e-7,9.74689626787e-8],"min":[4.57362570882e-25,8.75518458951e-25,7.17447299624e-25,1.29876984613e-24,1.12108444925e-24,1.55886389329e-24,2.89535381385e-24,3.57657070425e-24,1.51337462362e-24,4.01239544957e-24,2.09009663193e-24,2.95761505522e-24,2.28464610002e-24,3.97005531263e-24,3.05171491995e-24,3.12906568994e-24,3.06259922829e-24,2.11414288726e-24,2.89028696026e-24,2.74127843222e-24,2.39739976414e-24,4.64501495833e-24,4.24563400911e-24,5.14340938964e-24,3.59755637648e-24,4.63274067708e-24,3.73204887778e-24,5.60693814109e-24,5.6782184292e-24,4.74827093437e-24,4.9037258365e-24,5.6357816568e-24,4.96914528251e-24,6.76409256498e-24,5.66093093689e-24,6.2766936714e-24,5.96546161745e-24,5.34184695592e-24,5.88416042927e-24,6.80382748878e-24],"var":[8.75289629221e-7,0.00000771635768615,0.0000114269823825,0.00000401417264584,1.38107324688e-7,1.29492647716e-7,3.49389210896e-8,1.1040932435e-7,1.34701039656e-7,1.41393840636e-7,7.74363613232e-8,5.75270782122e-8,5.23557837084e-8,4.92544671715e-8,1.22228245303e-8,1.64260871571e-8,1.11427445049e-8,4.95246377241e-9,2.67086486261e-9,1.66804714485e-9,1.23084087367e-9,3.10989484165e-10,4.75720907112e-10,4.28075908054e-10,7.57716389632e-10,6.44617914602e-10,6.74187983218e-10,5.59784052445e-10,1.30876087745e-10,1.01903416261e-10,1.24835017323e-10,1.75824105275e-10,2.50672371749e-10,1.1165723901e-10,5.88114487665e-11,1.77899240478e-11,8.47058794634e-12,7.23086000798e-12,4.84079399829e-12,1.36998225264e-12]},"melbands_crest":{"dmean":2.95120668411,"dmean2":4.83170366287,"dvar":8.93871307373,"dvar2":23.4539051056,"max":31.8561267853,"mean":14.3254318237,"median":13.610657692,"min":1.61505186558,"var":25.0657024384},"melbands_flatness_db":{"dmean":0.029832309112,"dmean2":0.0443940088153,"dvar":0.00109818554483,"dvar2":0.00252262223512,"max":0.711985290051,"mean":0.229520514607,"median":0.21169860661,"min":0.00256159482524,"var":0.00956336129457},"melbands_kurtosis":{"dmean":11.6894874573,"dmean2":18.8144226074,"dvar":569.70904541,"dvar2":1414.51184082,"max":467.788909912,"mean":19.4187717438,"median":8.8446187973,"min":-1.88697743416,"var":998.311035156},"melbands_skewness":{"dmean":0.93728441,"dmean2":1.45621311665,"dvar":1.40785515308,"dvar2":3.41954064369,"max":18.406293869,"mean":2.98858642578,"median":2.5684940815,"min":-0.86219316721,"var":3.81543517113},"melbands_spread":{"dmean":6.41180515289,"dmean2":9.93287086487,"dvar":92.4482879639,"dvar2":211.743377686,"max":212.192840576,"mean":21.1733074188,"median":15.9384374619,"min":0.432603180408,"var":381.585662842},"mfcc":{"cov":[[12744.1357422,-1209.34973145,-1712.46813965,108.429672241,-494.765686035,230.342697144,57.9441261292,141.813568115,-99.0344390869,51.4440498352,-35.8694114685,-139.164886475,-126.930427551],[-1209.34973145,2007.26025391,21.3787059784,-99.1578826904,180.651763916,-48.053062439,39.1182518005,-15.1328783035,53.2648963928,11.689912796,23.1578712463,31.738445282,23.6486034393],[-1712.46813965,21.3787059784,1284.3494873,15.1519002914,157.457260132,23.2253818512,-57.6774177551,18.6316642761,36.6516838074,-4.76075983047,15.5212974548,21.8638687134,13.1694641113],[108.429672241,-99.1578826904,15.1519002914,439.225982666,43.3918533325,17.0125865936,50.7325363159,15.0880346298,1.21627771854,14.9164981842,-20.8668079376,-6.5098733902,-0.384223610163],[-494.765686035,180.651763916,157.457260132,43.3918533325,249.852508545,17.4618682861,-28.2371997833,-15.6547956467,46.1322250366,17.2844429016,0.12065564096,11.8874320984,-0.459340959787],[230.342697144,-48.053062439,23.2253818512,17.0125865936,17.4618682861,187.066757202,51.7237892151,17.0965194702,3.81046438217,12.7923784256,17.816947937,5.58655500412,1.69900989532],[57.9441261292,39.1182518005,-57.6774177551,50.7325363159,-28.2371997833,51.7237892151,167.170257568,45.5213661194,-11.9275569916,1.80365335941,3.47010803223,13.1254940033,13.7761325836],[141.813568115,-15.1328783035,18.6316642761,15.0880346298,-15.6547956467,17.0965194702,45.5213661194,116.909370422,28.3121356964,2.43384504318,6.46845293045,-3.33747982979,0.771301925182],[-99.0344390869,53.2648963928,36.6516838074,1.21627771854,46.1322250366,3.81046438217,-11.9275569916,28.3121356964,107.930702209,37.7048873901,5.95935726166,-1.22514939308,-4.37806129456],[51.4440498352,11.689912796,-4.76075983047,14.9164981842,17.2844429016,12.7923784256,1.80365335941,2.43384504318,37.7048873901,89.1925125122,27.6794567108,2.42934250832,-10.6234798431],[-35.8694114685,23.1578712463,15.5212974548,-20.8668079376,0.12065564096,17.816947937,3.47010803223,6.46845293045,5.95935726166,27.6794567108,85.4602050781,28.9585990906,-1.03918218613],[-139.164886475,31.738445282,21.8638687134,-6.5098733902,11.8874320984,5.58655500412,13.1254940033,-3.33747982979,-1.22514939308,2.42934250832,28.9585990906,79.4166183472,30.980922699],[-126.930427551,23.6486034393,13.1694641113,-0.384223610163,-0.459340959787,1.69900989532,13.7761325836,0.771301925182,-4.37806129456,-10.6234798431,-1.03918218613,30.980922699,87.1873931885]],"icov":[[0.000113868562039,0.0000431126645708,0.000143752229633,-0.00002917279744,0.000111481451313,-0.00017589336494,0.00012627079559,-0.000182268617209,0.0000909499431145,-0.0000992241766653,0.0000560086846235,0.0000559418658668,0.0000911800016183],[0.0000431126645708,0.000592488446273,0.0000873815733939,0.000185841839993,-0.000453968066722,0.000219291265239,-0.000351221417077,0.0000804108130978,-0.000167341087945,0.0000438841707364,-0.00016349364887,0.0000299557123071,-0.0000778508619987],[0.000143752229633,0.0000873815733939,0.00105625763535,-0.0000468939797429,-0.000410085660405,-0.000329746108036,0.000503259419929,-0.000548142706975,0.0000884053661139,0.0000931131435209,-0.000090592802735,-0.0000651116351946,-0.00000673597241985],[-0.00002917279744,0.000185841839993,-0.0000468939797429,0.00256968801841,-0.000752454099711,0.000170599290868,-0.000975563540123,-0.000104736282083,0.000291951990221,-0.000654219649732,0.000736294838134,0.000121909426525,-0.0000262853045569],[0.000111481451313,-0.000453968066722,-0.000410085660405,-0.000752454099711,0.00560511322692,-0.00101899495348,0.00106578576379,0.000865301466547,-0.00195853016339,-0.000189933809452,0.000669705099426,-0.000915080250707,0.000429045700002],[-0.00017589336494,0.000219291265239,-0.000329746108036,0.000170599290868,-0.00101899495348,0.00651979446411,-0.00240415195003,0.000243803398916,-0.000134025322041,-0.000224769071792,-0.00136456883047,0.000394842209062,-0.000210381651414],[0.00012627079559,-0.000351221417077,0.000503259419929,-0.000975563540123,0.00106578576379,-0.00240415195003,0.00866779219359,-0.00355356954969,0.00186225387733,-0.000863518042024,0.000877706333995,-0.00147392984945,-0.000564384681638],[-0.000182268617209,0.0000804108130978,-0.000548142706975,-0.000104736282083,0.000865301466547,0.000243803398916,-0.00355356954969,0.0114919254556,-0.00438192952424,0.00191068463027,-0.00153005681932,0.00121779320762,-0.000183388750884],[0.0000909499431145,-0.000167341087945,0.0000884053661139,0.000291951990221,-0.00195853016339,-0.000134025322041,0.00186225387733,-0.00438192952424,0.0135213183239,-0.00573938386515,0.00135354476515,-0.0000385773782909,-0.000087977045041],[-0.0000992241766653,0.0000438841707364,0.0000931131435209,-0.000654219649732,-0.000189933809452,-0.000224769071792,-0.000863518042024,0.00191068463027,-0.00573938386515,0.015575109981,-0.00521764298901,0.000870905176271,0.00118753232528],[0.0000560086846235,-0.00016349364887,-0.000090592802735,0.000736294838134,0.000669705099426,-0.00136456883047,0.000877706333995,-0.00153005681932,0.00135354476515,-0.00521764298901,0.0161265768111,-0.006427930668,0.0019562963862],[0.0000559418658668,0.0000299557123071,-0.0000651116351946,0.000121909426525,-0.000915080250707,0.000394842209062,-0.00147392984945,0.00121779320762,-0.0000385773782909,0.000870905176271,-0.006427930668,0.0177636481822,-0.00599122885615],[0.0000911800016183,-0.0000778508619987,-0.00000673597241985,-0.0000262853045569,0.000429045700002,-0.000210381651414,-0.000564384681638,-0.000183388750884,-0.000087977045041,0.00118753232528,0.0019562963862,-0.00599122885615,0.0140139693394]],"mean":[-684.204772949,129.348114014,15.0661754608,23.8021450043,2.08641505241,13.0139398575,1.41598308086,5.83135890961,-2.77895402908,0.503314197063,-0.915234446526,-3.93610095978,-3.17006325722]},"pitch_salience":{"dmean":0.0681386291981,"dmean2":0.113756403327,"dvar":0.00474059348926,"dvar2":0.0132781416178,"max":0.959488749504,"mean":0.532001554966,"median":0.534490704536,"min":0.136566132307,"var":0.0109035503119},"silence_rate_20dB":{"dmean":0,"dmean2":0,"dvar":0,"dvar2":0,"max":1,"mean":1,"median":1,"min":1,"var":0},"silence_rate_30dB":{"dmean":0.00589275173843,"dmean2":0.0117863724008,"dvar":0.00585836498067,"dvar2":0.0166560299695,"max":1,"mean":0.996611893177,"median":1,"min":0,"var":0.00337657425553},"silence_rate_60dB":{"dmean":0.0240129642189,"dmean2":0.0480294674635,"dvar":0.0234391540289,"dvar2":0.0507419444621,"max":1,"mean":0.0947190076113,"median":0,"min":0,"var":0.0857474729419},"spectral_centroid":{"dmean":239.765106201,"dmean2":370.829498291,"dvar":107596.765625,"dvar2":244733.4375,"max":11651.1875,"mean":1175.78222656,"median":950.223693848,"min":126.796226501,"var":953650.5625},"spectral_complexity":{"dmean":2.83824396133,"dmean2":4.27462244034,"dvar":13.8549728394,"dvar2":27.0909137726,"max":54,"mean":15.4526033401,"median":14,"min":0,"var":97.3578033447},"spectral_contrast_coeffs":{"dmean":[0.0511194616556,0.0431660078466,0.0375858582556,0.0313357301056,0.0231836084276,0.0188417285681],"dmean2":[0.0841722041368,0.0700910314918,0.0589759238064,0.0486024543643,0.0358103252947,0.029428023845],"dvar":[0.00241130078211,0.00132234150078,0.00103707239032,0.00071231671609,0.000430661253631,0.000344172993209],"dvar2":[0.0062981559895,0.00343063287437,0.00250027584843,0.00158844387624,0.000946901272982,0.000796346692368],"max":[-0.235439553857,-0.44569388032,-0.41009324789,-0.497680097818,-0.532961070538,-0.556657910347],"mean":[-0.626867830753,-0.733622431755,-0.743261694908,-0.761763751507,-0.792691409588,-0.763333082199],"median":[-0.630528151989,-0.738417506218,-0.749712884426,-0.766157865524,-0.797443330288,-0.760778009892],"min":[-0.976812124252,-0.989383995533,-0.980756521225,-0.97658342123,-0.984134733677,-0.964571177959],"var":[0.00691222632304,0.00521049555391,0.00576829724014,0.00484770862386,0.00276273861527,0.00326473102905]},"spectral_contrast_valleys":{"dmean":[0.391640096903,0.357536286116,0.334553867579,0.321562826633,0.329569607973,0.4184653759],"dmean2":[0.625840365887,0.560168504715,0.506377339363,0.470364570618,0.463249415159,0.5225507617],"dvar":[0.153050422668,0.120176099241,0.110208511353,0.115173391998,0.160687074065,0.261461287737],"dvar2":[0.32382029295,0.257150322199,0.214812532067,0.207837551832,0.308921873569,0.466780871153],"max":[-5.19482851028,-4.96978712082,-5.38407087326,-5.684633255,-5.67499446869,-7.40471029282],"mean":[-7.39509868622,-7.214012146,-7.94664096832,-8.47797966003,-8.31819152832,-10.6617698669],"median":[-7.08095932007,-6.9076795578,-7.56794548035,-8.10748195648,-8.01705932617,-10.3887577057],"min":[-28.0872688293,-28.006526947,-27.8449821472,-27.7888641357,-27.4829692841,-27.4437637329],"var":[2.92534732819,3.03367996216,3.30799627304,3.26222753525,3.40024614334,3.00257396698]},"spectral_decrease":{"dmean":2.66658561898e-9,"dmean2":4.33890257057e-9,"dvar":2.68603825588e-17,"dvar2":7.05210051905e-17,"max":2.29851151735e-16,"mean":-5.76155168019e-9,"median":-4.20624379771e-9,"min":-4.7378723167e-8,"var":3.33133359769e-17},"spectral_energy":{"dmean":0.0103975040838,"dmean2":0.0168141629547,"dvar":0.000399529206334,"dvar2":0.00104312819894,"max":0.184021949768,"mean":0.0231742784381,"median":0.0168921444565,"min":1.00585404825e-20,"var":0.000523019116372},"spectral_energyband_high":{"dmean":0.000368723267457,"dmean2":0.00053424021462,"dvar":9.36359867865e-7,"dvar2":0.00000188379021893,"max":0.039609618485,"mean":0.000816759129521,"median":0.000217670210986,"min":7.1605220921e-21,"var":0.00000361199658983},"spectral_energyband_low":{"dmean":0.00511585967615,"dmean2":0.00862929876894,"dvar":0.000123875128338,"dvar2":0.000334395561367,"max":0.121351793408,"mean":0.00922336615622,"median":0.00640472397208,"min":8.4968799747e-24,"var":0.000125575868879},"spectral_energyband_middle_high":{"dmean":0.00118158373516,"dmean2":0.00170002959203,"dvar":0.00000401679335482,"dvar2":0.00000826757968753,"max":0.0514835119247,"mean":0.00414006272331,"median":0.00217180955224,"min":1.2886255185e-21,"var":0.0000276945502264},"spectral_energyband_middle_low":{"dmean":0.00672033429146,"dmean2":0.0110475625843,"dvar":0.00026598572731,"dvar2":0.000706470862497,"max":0.173018544912,"mean":0.0107599720359,"median":0.00642192363739,"min":1.96267823291e-22,"var":0.000254221173236},"spectral_entropy":{"dmean":0.204409018159,"dmean2":0.294028043747,"dvar":0.0610407367349,"dvar2":0.123337954283,"max":9.81954479218,"mean":7.35201931,"median":7.46776008606,"min":4.05682373047,"var":0.423704266548},"spectral_flux":{"dmean":0.0278419982642,"dmean2":0.0424152389169,"dvar":0.00165401899721,"dvar2":0.00326782907359,"max":0.397130846977,"mean":0.0730317831039,"median":0.0561820082366,"min":6.39505462474e-11,"var":0.00355828739703},"spectral_kurtosis":{"dmean":2.55602550507,"dmean2":3.98971223831,"dvar":24.6863212585,"dvar2":54.434589386,"max":111.391670227,"mean":5.91880750656,"median":3.45287466049,"min":-1.24603486061,"var":83.4436187744},"spectral_rms":{"dmean":0.000871401804034,"dmean2":0.00133399432525,"dvar":0.00000178739128387,"dvar2":0.00000435606261817,"max":0.0133990151808,"mean":0.00425515556708,"median":0.00405957410112,"min":3.13260441892e-12,"var":0.00000450284278486},"spectral_rolloff":{"dmean":465.877258301,"dmean2":786.625793457,"dvar":997602.875,"dvar2":2325515.75,"max":21124.0722656,"mean":1437.24401855,"median":839.794921875,"min":86.1328125,"var":4756561},"spectral_skewness":{"dmean":0.304708302021,"dmean2":0.460980057716,"dvar":0.179972484708,"dvar2":0.373373121023,"max":8.77093887329,"mean":1.68696081638,"median":1.47092401981,"min":-0.149997130036,"var":0.995487093925},"spectral_spread":{"dmean":671735.25,"dmean2":935756.25,"dvar":880188915712,"dvar2":1682227331070,"max":42130144,"mean":4799006.5,"median":4367976.5,"min":799699.875,"var":8728968953860},"spectral_strongpeak":{"dmean":0.397860199213,"dmean2":0.679681122303,"dvar":0.721253335476,"dvar2":1.89663243294,"max":14.7421236038,"mean":0.704754292965,"median":0.385151088238,"min":0,"var":1.12956702709},"zerocrossingrate":{"dmean":0.00936240423471,"dmean2":0.0109545132145,"dvar":0.000154506022227,"dvar2":0.000206334778341,"max":0.6337890625,"mean":0.0552000552416,"median":0.04443359375,"min":0.00341796875,"var":0.00304075772874}},"metadata":{"audio_properties":{"analysis_sample_rate":44100,"bit_rate":263910,"codec":"aac","downmix":"mix","equal_loudness":0,"length":315.234100342,"lossless":false,"md5_encoded":"34740a21775468b128dae6bac9e01bc9","replay_gain":-14.3280563354,"sample_rate":44100},"tags":{"album":["Chicago XI"],"artist":["Chicago"],"artistsort":["Chicago"],"asin":["B0000021RT"],"bpm":["1"],"catalognumber":["JC 34860"],"composer":["David \"Hawk\" Wolinski"],"composersort":["Wolinski, David \"Hawk\""],"date":["1977-09-12"],"discnumber":["1/1"],"file_name":"05 - Take Me Back to Chicago.m4a","genre":["(17)"],"label":["Columbia"],"language":["eng"],"media":["12\" Vinyl"],"musicbrainz_albumartistid":["3f5be744-e867-42fb-8913-5fd69e4099b5"],"musicbrainz_albumid":["f56687e9-8ba2-4bc0-ac22-90323af6419e"],"musicbrainz_artistid":["3f5be744-e867-42fb-8913-5fd69e4099b5"],"musicbrainz_recordingid":["2fcab5ae-5ca1-424f-866b-fc19ba76e6bc"],"musicbrainz_releasegroupid":["e09060ca-7b6f-329d-8a87-5216be4d0440"],"script":["Latin"],"title":["Take Me Back to Chicago"],"tracknumber":["5/11"]},"version":{"essentia":"2.1-beta2","essentia_build_sha":"2d9f1f26377add8aeb1075a9c2973f962c4f09fd","essentia_git_sha":"v2.1_beta2-1-ge3940c0","extractor":"music 1.0"}},"rhythm":{"beats_count":680,"beats_loudness":{"dmean":0.0174183882773,"dmean2":0.0311390217394,"dvar":0.000265888986178,"dvar2":0.000813797407318,"max":0.111634738743,"mean":0.0304051935673,"median":0.0272916872054,"min":0,"var":0.000459148461232},"beats_loudness_band_ratio":{"dmean":[0.204883620143,0.12080027163,0.0964754894376,0.0818914398551,0.040267907083,0.0578845366836],"dmean2":[0.346127897501,0.202496305108,0.164824306965,0.147727504373,0.0719670653343,0.102064140141],"dvar":[0.0263666454703,0.011784623377,0.011462234892,0.0091468449682,0.00233284337446,0.0056333350949],"dvar2":[0.074528157711,0.0325867123902,0.03121585957