{"lowlevel":{"average_loudness":0.537170946598,"barkbands":{"dmean":[0.00000844406713441,0.000661396654323,0.000422619690653,0.000466097553726,0.00106371438596,0.00146023905836,0.00140815146733,0.00106571009383,0.000715343921911,0.000164587181644,0.000142462915392,0.000248224736424,0.000232766731642,0.000172756044776,0.000063863597461,0.0000424138161179,0.0000458046160929,0.0000274298254226,0.0000749991522753,0.00000966484185483,0.00000475549177281,0.00000323413132719,0.00000279667779068,0.00000723753919374,0.00000307439677272,2.15218605604e-7,1.67533347195e-8],"dmean2":[0.000015316727513,0.00113631272689,0.000705360085703,0.000790757592767,0.00164480868261,0.00221010250971,0.00216830335557,0.00153725605924,0.00103667459916,0.000241929083131,0.00020406821568,0.000359229976311,0.000324642518535,0.000226472577197,0.0000834364182083,0.00005958737529,0.0000633630988887,0.000039864477003,0.0000977761810645,0.0000146448828673,0.00000702318857293,0.00000493911693411,0.00000439475616076,0.0000125501283037,0.00000533532420377,3.60642019359e-7,2.78349396865e-8],"dvar":[8.03845739972e-11,0.00000370796897187,9.31215538458e-7,5.66170285765e-7,0.00000332055469698,0.00000816060128273,0.0000141318687383,0.00000820398963697,0.0000056283174672,3.01572072203e-7,2.61345576291e-7,8.46928287501e-7,6.2129709022e-7,5.28745317752e-7,9.08467114868e-8,2.97725843978e-8,1.25068329027e-8,4.34273861316e-9,3.94398469439e-8,1.20011189875e-9,1.50481446748e-10,7.22063381309e-11,1.09269211734e-10,1.19796406128e-9,2.03825262224e-10,6.13841063483e-13,2.83755852042e-16],"dvar2":[2.45732795223e-10,0.0000108748572529,0.00000246464833253,0.00000163253821484,0.00000806097705208,0.0000188288195204,0.0000308266280626,0.0000159978098964,0.0000107725800262,6.37859784547e-7,4.77617334127e-7,0.00000177271124358,0.00000110060977931,8.65319861987e-7,1.33799048285e-7,5.95251314905e-8,2.22784084514e-8,8.88685214306e-9,6.19746103325e-8,2.63795119082e-9,3.40882960748e-10,1.65128077878e-10,2.50030801618e-10,3.17958193108e-9,5.46983514038e-10,1.58106199574e-12,7.51706059425e-16],"max":[0.000199254427571,0.0308859087527,0.0170255228877,0.00979514606297,0.0332466028631,0.0707774236798,0.106197714806,0.0637020617723,0.0591976866126,0.0211380273104,0.0148761998862,0.0246153343469,0.0246382430196,0.0264006536454,0.0144164822996,0.0068018482998,0.00319238030352,0.00261546531692,0.00493888696656,0.00105630327016,0.000293163204333,0.000118423529784,0.000428590195952,0.000666520732921,0.000234796738368,0.0000143020224641,4.49277308689e-7],"mean":[0.0000142501085065,0.000850795593578,0.000668069405947,0.000724341021851,0.00231162575074,0.00301880412735,0.00250215129927,0.0019542183727,0.00150867376942,0.000318911916111,0.000249499047641,0.000435466325143,0.000432550121332,0.000335218792316,0.000104746010038,0.0000861962689669,0.000108085238026,0.0000656215415802,0.000188513135072,0.0000150074583871,0.00000881178402778,0.00000518478100275,0.00000347270156453,0.00000565897744309,0.00000249085269388,2.99166202922e-7,5.90035860171e-8],"median":[0.0000125558190121,0.000107956075226,0.000292042823276,0.000334963056957,0.000932017690502,0.0011938707903,0.000465915887617,0.00016993425379,0.0000971245317487,0.0000297946899082,0.0000177799720404,0.0000252798708971,0.0000234310828091,0.0000128556439449,0.00000664744675305,0.00000641003316559,0.000009389641491,0.00000648158948025,0.00000979135711532,0.0000013625514157,9.61986529546e-7,6.66151720452e-7,3.49342201389e-7,2.51020424002e-7,2.00363629688e-7,1.23812981201e-7,5.84879771282e-8],"min":[4.27892954022e-23,2.67373422881e-23,1.3235484602e-24,1.98941790391e-23,3.44659514161e-23,6.76848652023e-23,1.13454795804e-22,2.29698183354e-23,3.27065296956e-23,6.94308541992e-23,3.99069964475e-23,4.15885007986e-23,3.4938540945e-22,1.30734800244e-22,1.79443098878e-22,9.5187591895e-23,2.15163212916e-22,1.79319468597e-22,3.47836515772e-22,2.48958518967e-22,6.64184935382e-22,4.23504962569e-22,8.70632030467e-22,7.24875475809e-22,1.41214523282e-21,1.54247838296e-21,2.29350385309e-21],"var":[1.00101087142e-10,0.00000538895665159,0.00000136269284212,0.00000100699492123,0.0000118832476801,0.0000261660134129,0.0000417446826759,0.0000252093996096,0.0000225537205552,9.26441316551e-7,8.19091042104e-7,0.0000024266391847,0.00000211783276427,0.00000217536012315,2.55636024349e-7,8.86458977334e-8,6.4149453749e-8,2.33078534251e-8,2.2149900758e-7,2.55816345884e-9,3.78734321682e-10,1.47250753257e-10,1.65489372206e-10,8.55041815129e-10,1.42595227293e-10,5.09205253917e-13,7.53110757689e-16]},"barkbands_crest":{"dmean":2.79310083389,"dmean2":4.64292287827,"dvar":5.66697216034,"dvar2":14.8956012726,"max":25.4806632996,"mean":11.6594896317,"median":10.9354810715,"min":3.51829457283,"var":16.414516449},"barkbands_flatness_db":{"dmean":0.0221016388386,"dmean2":0.0342629104853,"dvar":0.000447238853667,"dvar2":0.00100117991678,"max":0.376218944788,"mean":0.225064367056,"median":0.223161906004,"min":0.025321053341,"var":0.00228540040553},"barkbands_kurtosis":{"dmean":4.84047698975,"dmean2":8.02100944519,"dvar":42.7081871033,"dvar2":114.037063599,"max":100.091247559,"mean":11.1571455002,"median":7.21445131302,"min":-1.82232356071,"var":146.71862793},"barkbands_skewness":{"dmean":0.584589958191,"dmean2":0.95105022192,"dvar":0.342961996794,"dvar2":0.862439572811,"max":8.87303256989,"mean":2.01778817177,"median":1.80602145195,"min":-2.59549427032,"var":1.68576025963},"barkbands_spread":{"dmean":2.34713315964,"dmean2":3.66568517685,"dvar":16.0809898376,"dvar2":37.9845962524,"max":71.990020752,"mean":7.44959306717,"median":5.78614425659,"min":0.520407259464,"var":37.6326217651},"dissonance":{"dmean":0.035782687366,"dmean2":0.0602182932198,"dvar":0.00096949050203,"dvar2":0.00263323751278,"max":0.499985843897,"mean":0.416330456734,"median":0.423614501953,"min":0.180629000068,"var":0.00231621344574},"dynamic_complexity":7.46256399155,"erbbands":{"dmean":[0.00837189611048,0.182554811239,0.474722296,0.943283855915,2.27482199669,4.30753278732,9.39968395233,12.037279129,16.1031990051,20.6228942871,24.2588844299,18.6217746735,5.83017349243,5.19027233124,5.47949743271,10.2579860687,9.82816982269,8.4723739624,4.96999740601,2.2162322998,2.14217567444,2.48954176903,1.32342767715,3.08011174202,2.74660038948,0.427837789059,0.217722266912,0.169338852167,0.123757138848,0.0828392729163,0.080085337162,0.0949356779456,0.149766743183,0.0584129728377,0.0094516472891,0.00144741509575,0.00038473069435,0.0000393419759348,0.00000425716916652,0.00000503916407979],"dmean2":[0.0143883824348,0.313797622919,0.800222575665,1.58744370937,3.75804543495,6.50315570831,14.279589653,18.3305492401,24.3548278809,30.4384403229,34.6620292664,26.6159858704,8.47127246857,7.32926702499,7.65766048431,14.4917526245,13.2220020294,10.9608764648,6.3273100853,2.82468390465,2.89250278473,3.37214803696,1.82473266125,4.1847653389,3.50177574158,0.606211483479,0.323235660791,0.24898737669,0.18842561543,0.130032449961,0.126638039947,0.15982195735,0.261904805899,0.10182480514,0.0159564968199,0.00241151498631,0.000651083362754,0.0000663264290779,0.0000068513709266,0.00000723965604266],"dvar":[0.000544381851796,0.273823529482,1.23024225235,2.20162367821,15.1863288879,65.1233139038,257.809417725,806.381347656,1500.25415039,3104.4753418,4748.3046875,4846.39453125,319.52255249,385.663269043,325.354949951,1395.79394531,1020.84228516,1148.64416504,479.760040283,94.4371490479,52.290927887,34.271484375,9.09286880493,58.1429977417,69.2697906494,1.70692276955,0.33446007967,0.177151426673,0.111655928195,0.0719547048211,0.0947626903653,0.154924437404,0.571360170841,0.0765122026205,0.00160287285689,0.0000271244789474,0.00000217576166506,9.70190328076e-9,1.92083206979e-11,5.12686004761e-11],"dvar2":[0.00162743672263,0.800676047802,3.33700871468,6.27487897873,41.5615463257,143.820861816,623.151672363,1805.94934082,3067.04077148,6813.82861328,9340.11425781,9163.49121094,628.248840332,688.048522949,608.715270996,2896.16870117,1706.91479492,1861.38586426,761.157714844,165.420410156,91.9805908203,55.991973877,18.6766014099,95.4100952148,110.118286133,3.62119197845,0.743591487408,0.389210551977,0.258296132088,0.171801626682,0.216408669949,0.401049166918,1.52802455425,0.204507082701,0.00422028265893,0.0000690594824846,0.00000567255710848,2.53341703171e-8,4.75567085712e-11,1.01902708494e-10],"max":[0.317601263523,8.45553207397,16.3523826599,19.6652336121,60.0800285339,153.835739136,309.449188232,763.700805664,716.362426758,1630.10876465,1740.41101074,1846.16052246,635.227050781,677.456420898,532.984802246,936.471496582,1126.52233887,1341.60559082,769.012329102,283.95916748,181.682128906,188.670669556,86.1165161133,208.841049194,218.757751465,34.4294090271,17.880979538,8.85150146484,5.46512174606,6.6769118309,13.2049026489,7.02155685425,14.5466012955,4.26722049713,0.788469731808,0.074743680656,0.0295781027526,0.00199974444695,0.0000701894750819,0.000142288132338],"mean":[0.00979365501553,0.24101677537,0.78021633625,1.65630221367,3.88792586327,9.3081407547,18.8471622467,24.0330410004,30.0871334076,38.7753372192,46.9141769409,39.3816642761,14.0142250061,11.0989351273,11.0979681015,18.8406600952,20.2308254242,18.040058136,9.82348442078,4.73483753204,4.92358446121,6.18286895752,3.61307072639,7.9762172699,7.02308702469,0.859739422798,0.395445793867,0.316066324711,0.202844500542,0.114175632596,0.0970044434071,0.0868018493056,0.110475234687,0.0447946712375,0.0089195324108,0.00178655399941,0.000516043335665,0.000107587431557,0.0000178591744771,0.000018510285372],"median":[0.00196526409127,0.0384372137487,0.302007943392,0.92940300703,1.9595580101,3.47345113754,7.9136595726,9.29113769531,7.3129491806,7.525598526,4.46968746185,2.56521511078,1.37239003181,0.90529280901,0.848358869553,1.18622231483,1.19365358353,0.843116700649,0.552964687347,0.331079363823,0.45932200551,0.542315721512,0.373585224152,0.544861555099,0.323058217764,0.0791873708367,0.0460991933942,0.0343299731612,0.0247067958117,0.0156000657007,0.00919573381543,0.00578340468928,0.00386471999809,0.00241442560218,0.00121190713253,0.000509633566253,0.000232729362324,0.0000879847284523,0.0000161615698744,0.0000104335313154],"min":[8.16039069294e-22,6.20075791751e-21,3.45498438072e-21,3.61149026457e-20,4.42384334153e-20,9.41795856828e-20,3.99375595191e-19,5.94319550747e-19,1.86544241459e-18,8.5165083812e-19,3.21766356495e-19,6.14094027073e-19,1.321598252e-18,2.66924028559e-18,1.50215347835e-18,2.64153842046e-18,1.42710939911e-17,9.29598145532e-18,6.83059941811e-18,8.56158569208e-18,7.49982823834e-18,1.16992546362e-17,9.66446394844e-18,1.37548001128e-17,1.86878298349e-17,1.39269471516e-17,2.63325900427e-17,2.00373402627e-17,1.7175990175e-17,1.77175932985e-17,2.59691417708e-17,1.81947871764e-17,1.17737695474e-17,1.34952945295e-17,9.68630730687e-18,5.62206827725e-18,3.32310091721e-18,1.17132652147e-18,3.06167487901e-19,3.40457749669e-20],"var":[0.000661454396322,0.404775738716,1.9211101532,4.24097061157,27.372833252,232.7684021,773.100646973,2330.36181641,4763.21337891,9286.03417969,16214.2519531,17873.90625,1902.12670898,1642.16748047,1138.28747559,4040.19018555,4280.07275391,4849.46337891,1626.38757324,315.771911621,210.171173096,202.521133423,58.103553772,340.32220459,385.782470703,5.41115283966,0.79173129797,0.491690337658,0.228829428554,0.105575300753,0.145189389586,0.135375320911,0.390876173973,0.052920114249,0.00128699443303,0.0000249112690653,0.00000165660242146,8.63540350338e-9,6.27227922378e-11,4.1904404946e-10]},"erbbands_crest":{"dmean":3.05197834969,"dmean2":4.98109769821,"dvar":7.02112579346,"dvar2":18.3202495575,"max":28.6548557281,"mean":12.1279287338,"median":11.5471277237,"min":2.76804494858,"var":17.4098262787},"erbbands_flatness_db":{"dmean":0.0196865405887,"dmean2":0.0290743857622,"dvar":0.000359813071555,"dvar2":0.000726752798073,"max":0.360633224249,"mean":0.228537321091,"median":0.238346576691,"min":0.0291800890118,"var":0.00325559056364},"erbbands_kurtosis":{"dmean":2.47977209091,"dmean2":3.93262219429,"dvar":13.3878726959,"dvar2":31.676651001,"max":96.1487808228,"mean":4.63730764389,"median":2.58142089844,"min":-1.81939697266,"var":53.9903182983},"erbbands_skewness":{"dmean":0.453394889832,"dmean2":0.70502781868,"dvar":0.177279546857,"dvar2":0.425207078457,"max":5.99949169159,"mean":1.47772240639,"median":1.39270150661,"min":-4.13276863098,"var":1.00388050079},"erbbands_spread":{"dmean":5.75943803787,"dmean2":8.75738430023,"dvar":71.269203186,"dvar2":156.490371704,"max":132.513977051,"mean":21.8442420959,"median":17.3755722046,"min":1.36707496643,"var":262.881408691},"gfcc":{"cov":[[12292.8818359,1544.03503418,-4489.02392578,-185.732940674,-595.182556152,-720.640686035,-27.4603424072,155.467483521,-133.694046021,-564.540710449,281.40725708,-408.389221191,-188.233261108],[1544.03503418,970.604064941,-473.739654541,-404.153137207,49.3731460571,-244.314910889,71.7086639404,-69.6342163086,-25.0938854218,-169.160934448,56.9663085938,-11.9253454208,-53.2295722961],[-4489.02392578,-473.739654541,2175.91601563,195.512527466,165.252243042,421.598846436,-25.3064918518,-30.7708930969,31.0539798737,177.674346924,-82.9658355713,185.002151489,132.663925171],[-185.732940674,-404.153137207,195.512527466,492.679870605,87.6454849243,91.3102874756,-104.89679718,41.6521453857,61.9044532776,91.2867584229,-26.9780368805,3.69360208511,98.7579727173],[-595.182556152,49.3731460571,165.252243042,87.6454849243,314.43182373,-9.29047966003,-97.694519043,-62.1550979614,85.4295501709,99.3088150024,-36.2132720947,7.45623779297,44.7762260437],[-720.640686035,-244.314910889,421.598846436,91.3102874756,-9.29047966003,313.245483398,58.4475135803,44.7479324341,13.0890769958,62.1330413818,-20.9272937775,-13.3314819336,4.86039018631],[-27.4603424072,71.7086639404,-25.3064918518,-104.89679718,-97.694519043,58.4475135803,308.761566162,124.339424133,-52.0916938782,-72.0588150024,14.9320259094,17.7773227692,-46.0643615723],[155.467483521,-69.6342163086,-30.7708930969,41.6521453857,-62.1550979614,44.7479324341,124.339424133,199.465835571,13.860833168,-45.3234672546,20.3076286316,17.6474285126,-17.6063594818],[-133.694046021,-25.0938854218,31.0539798737,61.9044532776,85.4295501709,13.0890769958,-52.0916938782,13.860833168,121.430862427,73.7312545776,-23.5901317596,-14.2765321732,2.161195755],[-564.540710449,-169.160934448,177.674346924,91.2867584229,99.3088150024,62.1330413818,-72.0588150024,-45.3234672546,73.7312545776,169.418075562,-25.1848716736,-22.0100517273,19.6534118652],[281.40725708,56.9663085938,-82.9658355713,-26.9780368805,-36.2132720947,-20.9272937775,14.9320259094,20.3076286316,-23.5901317596,-25.1848716736,98.1731872559,36.6270332336,-21.6940670013],[-408.389221191,-11.9253454208,185.002151489,3.69360208511,7.45623779297,-13.3314819336,17.7773227692,17.6474285126,-14.2765321732,-22.0100517273,36.6270332336,108.069404602,26.978395462],[-188.233261108,-53.2295722961,132.663925171,98.7579727173,44.7762260437,4.86039018631,-46.0643615723,-17.6063594818,2.161195755,19.6534118652,-21.6940670013,26.978395462,104.919639587]],"icov":[[0.00162880017888,-0.00327429687604,0.00315725291148,-0.00278246030211,0.00284525030293,-0.00231164949946,0.00222569261678,-0.00157537579071,0.00139111641329,-0.000507430988364,-0.000326447683619,0.000226028452744,-0.00056564854458],[-0.00327429687604,0.00972150173038,-0.00642115110531,0.00768595095724,-0.00741582736373,0.00585466017947,-0.00570949167013,0.00472285039723,-0.00532569503412,0.00475334050134,-0.00208400655538,0.00194918655325,-0.000591071730014],[0.00315725291148,-0.00642115110531,0.0072103315033,-0.00532959261909,0.0053566028364,-0.00597553979605,0.00461160764098,-0.00296067912132,0.00321995350532,-0.00179776526056,0.000812832207885,-0.0022474040743,-0.00115868623834],[-0.00278246030211,0.00768595095724,-0.00532959261909,0.00953738112003,-0.00626771524549,0.00389529182576,-0.00327340210788,0.00178912503179,-0.00399265997112,0.00225358875468,-0.00126571475994,0.00138237595093,-0.0029305210337],[0.00284525030293,-0.00741582736373,0.0053566028364,-0.00626771524549,0.0108408760279,-0.0040020509623,0.0044938120991,-0.00228128000163,0.00100292847492,-0.00406690407544,0.00147389748599,-0.00159437814727,-0.000926275737584],[-0.00231164949946,0.00585466017947,-0.00597553979605,0.00389529182576,-0.0040020509623,0.00987663306296,-0.00503116706386,0.00202826224267,-0.00281666591763,0.00090080028167,-0.00168484065216,0.0042443475686,0.000543571077287],[0.00222569261678,-0.00570949167013,0.00461160764098,-0.00327340210788,0.0044938120991,-0.00503116706386,0.00970240216702,-0.00671555288136,0.00566625967622,-0.00236822362058,0.00227110343985,-0.0022259647958,0.00116348499432],[-0.00157537579071,0.00472285039723,-0.00296067912132,0.00178912503179,-0.00228128000163,0.00202826224267,-0.00671555288136,0.012135935016,-0.00763464160264,0.00552012491971,-0.00251935166307,0.0000271612516372,0.00019229958707],[0.00139111641329,-0.00532569503412,0.00321995350532,-0.00399265997112,0.00100292847492,-0.00281666591763,0.00566625967622,-0.00763464160264,0.0191199984401,-0.00942491367459,0.00525788124651,-0.00288013415411,0.00358901591972],[-0.000507430988364,0.00475334050134,-0.00179776526056,0.00225358875468,-0.00406690407544,0.00090080028167,-0.00236822362058,0.00552012491971,-0.00942491367459,0.0165277607739,-0.00498724030331,0.00584877422079,-0.00220339396037],[-0.000326447683619,-0.00208400655538,0.000812832207885,-0.00126571475994,0.00147389748599,-0.00168484065216,0.00227110343985,-0.00251935166307,0.00525788124651,-0.00498724030331,0.0185406021774,-0.0112076401711,0.00608540745452],[0.000226028452744,0.00194918655325,-0.0022474040743,0.00138237595093,-0.00159437814727,0.0042443475686,-0.0022259647958,0.0000271612516372,-0.00288013415411,0.00584877422079,-0.0112076401711,0.021322440356,-0.00639039091766],[-0.00056564854458,-0.000591071730014,-0.00115868623834,-0.0029305210337,-0.000926275737584,0.000543571077287,0.00116348499432,0.00019229958707,0.00358901591972,-0.00220339396037,0.00608540745452,-0.00639039091766,0.0165933966637]],"mean":[-141.214675903,145.18737793,-92.6286239624,8.99914455414,-54.307144165,-16.15143013,-41.0031242371,-1.42835879326,-22.2412662506,-2.18127155304,-5.21992874146,-3.98376369476,-16.9315700531]},"hfc":{"dmean":2.35764670372,"dmean2":3.0408346653,"dvar":15.8219985962,"dvar2":24.048494339,"max":79.8360900879,"mean":8.94236373901,"median":3.27151727676,"min":1.14210732999e-16,"var":163.762664795},"melbands":{"dmean":[0.000136485046824,0.000248847500188,0.000191106824786,0.000243183108978,0.000281749235,0.000266398506938,0.000267293944489,0.0002214966662,0.000192799605429,0.000107550549728,0.0000278869702015,0.0000215259769902,0.0000180874558282,0.0000292184649879,0.0000220192796405,0.0000237707554334,0.0000165408091561,0.00000991542128759,0.00000436584559793,0.00000287184093395,0.00000274549529422,0.00000297925839732,0.00000152083327976,0.00000124808809687,0.00000278438369605,0.00000302333069158,8.26305154078e-7,1.82009344485e-7,1.43987904266e-7,1.1334297767e-7,1.01479258774e-7,8.11778733123e-8,4.75905892472e-8,4.78143569183e-8,4.68871093062e-8,4.41314540467e-8,6.60987282686e-8,1.17480482231e-7,8.41717024969e-8,3.76336650731e-8],"dmean2":[0.000235387022258,0.000423834659159,0.000319725455483,0.000380459212465,0.00042987964116,0.000402337958803,0.000405377621064,0.000324411288602,0.000273170997389,0.000155942281708,0.0000412973458879,0.0000310363902827,0.0000257035535469,0.0000420745163865,0.0000304197910737,0.0000318090533256,0.0000216146254388,0.000013417557966,0.00000584503959544,0.0000039878550524,0.00000381729932997,0.0000040560812522,0.00000209838049159,0.00000179632968411,0.00000386066813007,0.00000393065283788,0.00000113045143735,2.87093996576e-7,2.19341075081e-7,1.69828354046e-7,1.50551713318e-7,1.22906058664e-7,7.59068043976e-8,7.5216981088e-8,7.47408606117e-8,7.18868378158e-8,1.12963824961e-7,2.05190787028e-7,1.47327838818e-7,6.56346728078e-8],"dvar":[1.57479917107e-7,3.5317975744e-7,8.51260466561e-8,1.99327786277e-7,2.15653500391e-7,3.49459895688e-7,4.3871921207e-7,3.08392912984e-7,3.0267867146e-7,1.67327669942e-7,8.30942603613e-9,6.58594112579e-9,3.70407260419e-9,1.46365355391e-8,5.35524025125e-9,6.93514756733e-9,4.95464069772e-9,2.18203988211e-9,4.7564607808e-10,2.22146093187e-10,7.81528938787e-11,5.31677965543e-11,1.40462858358e-11,8.69588949459e-12,4.96710728104e-11,8.46577322133e-11,7.47657404737e-12,4.71016563426e-13,1.58640583851e-13,9.96708818994e-14,6.40656690025e-14,4.8101598388e-14,2.05338032005e-14,2.66723644717e-14,4.02235956674e-14,2.71251848972e-14,8.93550031601e-14,3.56724605367e-13,1.83991561678e-13,3.03529716552e-14],"dvar2":[4.68662307185e-7,9.75465241027e-7,2.3985307962e-7,4.82720110995e-7,5.19447041825e-7,7.85577356055e-7,9.1016869419e-7,6.50982372008e-7,5.93803008542e-7,3.21053079233e-7,1.67458775735e-8,1.22952954484e-8,6.89022394695e-9,3.0332344636e-8,1.01442028111e-8,1.20369358925e-8,7.94792942571e-9,3.84811515985e-9,7.28435922692e-10,4.74840111675e-10,1.37697644953e-10,9.0115810647e-11,2.59890008819e-11,1.81256312043e-11,8.47396250392e-11,1.37390196442e-10,1.27392150648e-11,1.16234116516e-12,3.62862951492e-13,2.3097260324e-13,1.39266771943e-13,1.10336395511e-13,5.03637015176e-14,6.33205171781e-14,9.21668272843e-14,6.60932829191e-14,2.37399835033e-13,9.57279069382e-13,4.94973148839e-13,8.15719020109e-14],"max":[0.00592059828341,0.00907811149955,0.00376611412503,0.00810505449772,0.00821956992149,0.0162131972611,0.014912459068,0.0142649430782,0.0127741610631,0.010614272207,0.00307081500068,0.00284050335176,0.00175204616971,0.00378618156537,0.00261936243623,0.00268274755217,0.00306257884949,0.00175571034197,0.000908956164494,0.000673767994158,0.000231745449128,0.000209548292332,0.000139491385198,0.0000989863765426,0.000204420590308,0.000258425134234,0.0000773641222622,0.0000201986695174,0.000012644150047,0.0000064438154368,0.00000685665281708,0.0000044857820285,0.00000263882270701,0.00000471807061331,0.0000100355291579,0.00000381107633984,0.00000644949886919,0.0000126502936837,0.00000867410744831,0.00000265647190645],"mean":[0.000166812344105,0.000396400428144,0.000339882273693,0.00047307118075,0.000603452790529,0.00054112507496,0.000493257597554,0.00041542868712,0.000377734191716,0.000224317700486,0.000060547983594,0.0000436428235844,0.0000340442129527,0.0000526122166775,0.0000402841324103,0.0000444140750915,0.0000330939146806,0.0000182122385013,0.00000771132181399,0.00000550561753698,0.0000058199079831,0.00000697787027093,0.00000373621082872,0.00000308527637571,0.00000682929248796,0.00000739712459108,0.00000187411001207,2.59701124605e-7,2.37635504163e-7,2.07509913253e-7,1.79383334853e-7,1.30500211526e-7,6.67617925387e-8,6.20995805889e-8,5.73917837698e-8,4.72258285811e-8,5.59304211833e-8,8.52706989463e-8,6.12286612522e-8,2.96161548619e-8],"median":[0.000023377193429,0.000126759274281,0.000211080245208,0.000187397075933,0.00028691382613,0.0002057361271,0.000110298715299,0.0000752413616283,0.0000308792514261,0.0000137297238325,0.00000558636475034,0.000003392477538,0.00000244536454375,0.00000298940290122,0.00000261178001892,0.00000218264722207,0.00000132939408104,8.25501615509e-7,4.65351945422e-7,3.92694317952e-7,4.85195187139e-7,5.91011144024e-7,3.18977129155e-7,3.04244849758e-7,4.37432277067e-7,3.02786162365e-7,8.817423236e-8,2.97082145551e-8,2.73708273824e-8,2.12295923063e-8,1.82495423218e-8,1.44504497257e-8,9.0409546516e-9,7.26245463767e-9,5.25170440469e-9,3.67686459057e-9,3.22912208084e-9,2.68677746718e-9,2.06760653043e-9,1.96050731205e-9],"min":[9.38109601956e-24,3.81919828629e-24,6.77771303737e-24,3.38300435406e-24,1.26506602033e-23,1.40786491142e-23,2.77307706032e-23,8.05715391778e-24,2.17172243638e-24,4.78049116918e-24,6.79208450534e-24,1.11089459489e-23,5.00732851691e-24,2.92997573569e-24,1.45123206637e-23,4.00182984104e-23,1.39081273632e-23,9.39085107352e-24,1.68495577537e-23,6.66878712358e-24,9.35750986736e-24,1.37283065198e-23,9.54933401824e-24,7.89575849859e-24,1.16949354951e-23,1.21360775574e-23,1.20493202127e-23,7.68104633741e-24,1.41327996822e-23,1.75403096058e-23,9.12506332417e-24,9.6253802095e-24,7.69854800545e-24,1.14851292599e-23,1.70577507683e-23,1.18372176034e-23,1.10000231905e-23,7.08132193396e-24,1.08880325521e-23,1.12505038829e-23],"var":[2.07453808798e-7,6.00472276346e-7,1.61251989539e-7,5.5723899095e-7,6.88457134856e-7,0.00000107306902919,0.00000138290283758,9.40848849496e-7,0.00000109357813471,6.15264809767e-7,4.26209503246e-8,2.6213220039e-8,1.27406014627e-8,4.28397122221e-8,1.75634635724e-8,2.21819362878e-8,2.0270936929e-8,6.79096689993e-9,1.31193345076e-9,5.14642550797e-10,2.97961905149e-10,2.84831158659e-10,7.88712636868e-11,4.83076460778e-11,2.69139460718e-10,4.2446118842e-10,3.92048754572e-11,6.61504108868e-13,3.23704225317e-13,2.4453952318e-13,1.72582298929e-13,1.07198727976e-13,3.06252351495e-14,3.88053304767e-14,6.1075906973e-14,3.33488018288e-14,7.03075428822e-14,2.42211957956e-13,1.23948336946e-13,2.09743772236e-14]},"melbands_crest":{"dmean":3.12031412125,"dmean2":5.14195966721,"dvar":7.01580524445,"dvar2":18.2442989349,"max":34.948890686,"mean":14.0279903412,"median":13.3100032806,"min":1.55173301697,"var":20.3212871552},"melbands_flatness_db":{"dmean":0.0262740813196,"dmean2":0.0396943390369,"dvar":0.000704064732417,"dvar2":0.00149935577065,"max":0.501255214214,"mean":0.321481287479,"median":0.322539687157,"min":0.000805847055744,"var":0.00422128895298},"melbands_kurtosis":{"dmean":6.79956054688,"dmean2":11.0332145691,"dvar":191.3019104,"dvar2":462.511230469,"max":387.815063477,"mean":15.3312330246,"median":9.10445785522,"min":-1.86860370636,"var":567.863037109},"melbands_skewness":{"dmean":0.652182757854,"dmean2":1.03590214252,"dvar":0.515257656574,"dvar2":1.21712851524,"max":16.5788574219,"mean":2.22055673599,"median":1.94041872025,"min":-1.21849095821,"var":2.32049798965},"melbands_spread":{"dmean":2.48797559738,"dmean2":3.89456701279,"dvar":19.3913974762,"dvar2":43.3881416321,"max":129.636672974,"mean":8.54789829254,"median":6.50891637802,"min":0.873544156551,"var":57.4649734497},"mfcc":{"cov":[[13957.6894531,953.411010742,-3842.22509766,-181.728149414,-1072.72900391,-978.50378418,-270.674102783,197.756256104,-467.426116943,-212.478744507,256.743713379,-106.214775085,-139.848709106],[953.411010742,1358.93518066,-434.707122803,-214.147018433,-182.513244629,-172.652587891,-44.2309837341,53.7964019775,-149.707885742,-146.441726685,38.5820426941,-31.4085597992,-39.4066200256],[-3842.22509766,-434.707122803,1653.93798828,25.4316101074,299.344055176,300.806640625,185.681289673,31.1988048553,151.287765503,70.5269165039,-120.952972412,43.9338798523,70.9588851929],[-181.728149414,-214.147018433,25.4316101074,326.44631958,170.877334595,31.5269966125,-53.7097129822,-47.3349952698,69.7078094482,11.0173587799,-49.9108581543,-16.9134883881,35.4600028992],[-1072.72900391,-182.513244629,299.344055176,170.877334595,488.44543457,190.091995239,-113.491836548,-161.276733398,82.4358062744,61.0621566772,-58.7431716919,-7.89005708694,33.9011001587],[-978.50378418,-172.652587891,300.806640625,31.5269966125,190.091995239,269.433532715,13.3049564362,-114.429794312,74.132270813,69.7008132935,-16.7569160461,21.3812675476,-10.1811800003],[-270.674102783,-44.2309837341,185.681289673,-53.7097129822,-113.491836548,13.3049564362,214.270507813,130.329269409,23.4368667603,10.4239702225,5.92655181885,23.3295230865,6.71408081055],[197.756256104,53.7964019775,31.1988048553,-47.3349952698,-161.276733398,-114.429794312,130.329269409,272.514892578,2.62784409523,-24.967716217,37.8638534546,11.463801384,28.0070705414],[-467.426116943,-149.707885742,151.287765503,69.7078094482,82.4358062744,74.132270813,23.4368667603,2.62784409523,179.315307617,65.2992095947,-11.8923654556,12.3954629898,-1.51300156116],[-212.478744507,-146.441726685,70.5269165039,11.0173587799,61.0621566772,69.7008132935,10.4239702225,-24.967716217,65.2992095947,148.64213562,29.7778301239,-8.49141025543,-11.618273735],[256.743713379,38.5820426941,-120.952972412,-49.9108581543,-58.7431716919,-16.7569160461,5.92655181885,37.8638534546,-11.8923654556,29.7778301239,119.245407104,42.1821289063,-16.7922859192],[-106.214775085,-31.4085597992,43.9338798523,-16.9134883881,-7.89005708694,21.3812675476,23.3295230865,11.463801384,12.3954629898,-8.49141025543,42.1821289063,112.65637207,25.6014938354],[-139.848709106,-39.4066200256,70.9588851929,35.4600028992,33.9011001587,-10.1811800003,6.71408081055,28.0070705414,-1.51300156116,-11.618273735,-16.7922859192,25.6014938354,89.3930740356]],"icov":[[0.000227494907449,0.0000397152834921,0.00050132337492,0.0000201180810109,0.0000903768886928,0.000190203703823,-0.000029753697163,-0.00012342754053,0.000149599261931,-0.000130296175485,0.000214389743633,-0.0000956765725277,0.000049047434004],[0.0000397152834921,0.00103233754635,0.000262710382231,0.000666122243274,-0.000188945225091,0.000216544940486,0.0000689453445375,-0.000121513308841,0.000117332114314,0.00087523314869,-0.000219183479203,0.000369329703972,0.000142443153891],[0.00050132337492,0.000262710382231,0.00222281645983,0.000504013209138,-0.000449431099696,-0.000394308299292,-0.000806210911833,-0.000830783392303,0.000180420800461,-0.000271067809081,0.00157475937158,-0.00053464283701,-0.000201149465283],[0.0000201180810109,0.000666122243274,0.000504013209138,0.00487159611657,-0.00157252699137,0.000607012538239,0.000147077938891,-9.65851540968e-7,-0.00161140377168,0.000932899478357,0.000746206147596,0.000755377404857,-0.00133484078106],[0.0000903768886928,-0.000188945225091,-0.000449431099696,-0.00157252699137,0.00501134712249,-0.00231191283092,0.00264811422676,0.000492534425575,-0.000328273832565,-0.000856278929859,0.00044532562606,0.000332977360813,-0.00160692306235],[0.000190203703823,0.000216544940486,-0.000394308299292,0.000607012538239,-0.00231191283092,0.0089381383732,-0.00297087454237,0.0036867687013,-0.00107646360993,-0.00111568754073,-0.000748970196582,-0.00114909454715,0.00145320990123],[-0.000029753697163,0.0000689453445375,-0.000806210911833,0.000147077938891,0.00264811422676,-0.00297087454237,0.0100131761283,-0.00477270875126,0.000122610537801,-0.00133448187262,0.0021946921479,-0.0015978164738,0.000664583698381],[-0.00012342754053,-0.000121513308841,-0.000830783392303,-9.65851540968e-7,0.000492534425575,0.0036867687013,-0.00477270875126,0.00897452048957,-0.00203088927083,0.00163127051201,-0.00420649396256,0.00219783885404,-0.00304896291345],[0.000149599261931,0.000117332114314,0.000180420800461,-0.00161140377168,-0.000328273832565,-0.00107646360993,0.000122610537801,-0.00203088927083,0.00884559098631,-0.00369158457033,0.00246584089473,-0.0024618236348,0.00224888883531],[-0.000130296175485,0.00087523314869,-0.000271067809081,0.000932899478357,-0.000856278929859,-0.00111568754073,-0.00133448187262,0.00163127051201,-0.00369158457033,0.0116740213707,-0.005901560653,0.00437314808369,-0.00109234917909],[0.000214389743633,-0.000219183479203,0.00157475937158,0.000746206147596,0.00044532562606,-0.000748970196582,0.0021946921479,-0.00420649396256,0.00246584089473,-0.005901560653,0.016408232972,-0.00804019160569,0.00425125285983],[-0.0000956765725277,0.000369329703972,-0.00053464283701,0.000755377404857,0.000332977360813,-0.00114909454715,-0.0015978164738,0.00219783885404,-0.0024618236348,0.00437314808369,-0.00804019160569,0.014494035393,-0.00582245644182],[0.000049047434004,0.000142443153891,-0.000201149465283,-0.00133484078106,-0.00160692306235,0.00145320990123,0.000664583698381,-0.00304896291345,0.00224888883531,-0.00109234917909,0.00425125285983,-0.00582245644182,0.0160576719791]],"mean":[-795.809326172,184.597885132,12.0694522858,25.2046756744,2.34902882576,-11.1319694519,-7.97880172729,-5.74765062332,-16.0188922882,-5.88351106644,6.06437730789,-0.452796757221,-4.04695177078]},"pitch_salience":{"dmean":0.0741592645645,"dmean2":0.122977986932,"dvar":0.00394788431004,"dvar2":0.0104456907138,"max":0.933980107307,"mean":0.607726871967,"median":0.622668862343,"min":0.147170126438,"var":0.0115608237684},"silence_rate_20dB":{"dmean":0,"dmean2":0,"dvar":0,"dvar2":0,"max":1,"mean":1,"median":1,"min":1,"var":0},"silence_rate_30dB":{"dmean":0.000361729064025,"dmean2":0.000723588978872,"dvar":0.000361588754458,"dvar2":0.000723027391359,"max":1,"mean":0.999276697636,"median":1,"min":0,"var":0.000722766504623},"silence_rate_60dB":{"dmean":0.0401519276202,"dmean2":0.0803183764219,"dvar":0.0385415554047,"dvar2":0.0865263193846,"max":1,"mean":0.27359855175,"median":0,"min":0,"var":0.198733434081},"spectral_centroid":{"dmean":108.411567688,"dmean2":160.751052856,"dvar":42873.5742188,"dvar2":73993.0625,"max":11145.6552734,"mean":603.681762695,"median":478.7371521,"min":192.686035156,"var":152122.34375},"spectral_complexity":{"dmean":1.57315969467,"dmean2":2.44319820404,"dvar":2.92101979256,"dvar2":5.77166891098,"max":35,"mean":8.95678138733,"median":8,"min":0,"var":38.5148849487},"spectral_contrast_coeffs":{"dmean":[0.0467611476779,0.0454096868634,0.0343581289053,0.0277875903994,0.0218110512942,0.015869371593],"dmean2":[0.0776719599962,0.0734325647354,0.0552552044392,0.0437056720257,0.0326043926179,0.023777667433],"dvar":[0.00137796171475,0.00136234879028,0.000814454164356,0.000575594604015,0.000469072838314,0.000278616236756],"dvar2":[0.00383728765883,0.00346297770739,0.00195648777299,0.00127710762899,0.000879185565282,0.000517722568475],"max":[-0.324606895447,-0.394209563732,-0.406668573618,-0.509098649025,-0.56157720089,-0.617813169956],"mean":[-0.618637859821,-0.684182882309,-0.781235694885,-0.788194835186,-0.782602906227,-0.810186684132],"median":[-0.622226178646,-0.683703303337,-0.799144506454,-0.804845333099,-0.794665694237,-0.819186925888],"min":[-0.967777311802,-0.960921525955,-0.96437895298,-0.958456873894,-0.959130465984,-0.960493505001],"var":[0.00966395065188,0.00924747437239,0.00707687810063,0.00546729424968,0.00664755376056,0.00297058955766]},"spectral_contrast_valleys":{"dmean":[0.402104377747,0.32366245985,0.290403604507,0.262787878513,0.263172596693,0.257892161608],"dmean2":[0.680960476398,0.528454244137,0.465011030436,0.400067299604,0.378474444151,0.347248494625],"dvar":[0.122050456703,0.0837370082736,0.0799978598952,0.0695239081979,0.101657792926,0.164654493332],"dvar2":[0.300824940205,0.17605176568,0.149965524673,0.11425485462,0.16258046031,0.241187378764],"max":[-5.62565803528,-5.13875722885,-5.35806941986,-6.15135383606,-6.84356403351,-8.8580532074],"mean":[-8.08771514893,-7.24078178406,-8.51753425598,-9.22468566895,-9.47402858734,-12.1342124939],"median":[-8.05086708069,-6.98536968231,-8.24228668213,-8.95796775818,-9.31209468842,-12.2755355835],"min":[-27.6669158936,-27.3146896362,-27.2333126068,-27.3728370667,-27.2362957001,-27.2594890594],"var":[0.849540829659,1.48791360855,1.7983546257,1.76644158363,1.50650691986,0.762709081173]},"spectral_decrease":{"dmean":1.1310783421e-9,"dmean2":1.64704649919e-9,"dvar":2.54840036503e-18,"dvar2":5.259010021e-18,"max":-1.26656977233e-28,"mean":-4.00283139967e-9,"median":-2.29927321627e-9,"min":-3.19628767897e-8,"var":1.95641995698e-17},"spectral_energy":{"dmean":0.0044568493031,"dmean2":0.00645093107596,"dvar":0.0000399505988753,"dvar2":0.0000811797217466,"max":0.126186177135,"mean":0.0159187261015,"median":0.00896380282938,"min":1.08372849849e-20,"var":0.000315800105454},"spectral_energyband_high":{"dmean":0.0000218340828724,"dmean2":0.000034548669646,"dvar":5.44845102368e-9,"dvar2":1.38192168819e-8,"max":0.000972352572717,"mean":0.000029868358979,"median":0.00000392906531488,"min":7.86748525043e-21,"var":5.86278581238e-9},"spectral_energyband_low":{"dmean":0.00107739900704,"dmean2":0.0018259891076,"dvar":0.00000568588029637,"dvar2":0.0000160459912877,"max":0.0366369076073,"mean":0.00184422382154,"median":0.000767901656218,"min":4.71365563896e-23,"var":0.0000101147597888},"spectral_energyband_middle_high":{"dmean":0.000705208280124,"dmean2":0.000889651942998,"dvar":0.00000247711977863,"dvar2":0.00000410159509556,"max":0.0363057442009,"mean":0.00228087534197,"median":0.000317335507134,"min":1.80848803573e-21,"var":0.000019649947717},"spectral_energyband_middle_low":{"dmean":0.00380297191441,"dmean2":0.00557696493343,"dvar":0.0000325088476529,"dvar2":0.0000696394999977,"max":0.120407924056,"mean":0.0121173178777,"median":0.0066988132894,"min":2.99249777448e-22,"var":0.000195638087462},"spectral_entropy":{"dmean":0.200303986669,"dmean2":0.298758685589,"dvar":0.0439031794667,"dvar2":0.0882379636168,"max":9.80199337006,"mean":6.59234666824,"median":6.58528470993,"min":4.87063980103,"var":0.284800112247},"spectral_flux":{"dmean":0.0144376158714,"dmean2":0.0230615511537,"dvar":0.000286776165012,"dvar2":0.000717248651199,"max":0.277381658554,"mean":0.0520001798868,"median":0.0450874343514,"min":1.0410228235e-10,"var":0.00148074212484},"spectral_kurtosis":{"dmean":5.06835222244,"dmean2":8.35958576202,"dvar":25.8340492249,"dvar2":67.724281311,"max":81.689201355,"mean":15.0107498169,"median":12.6547937393,"min":-1.18188643456,"var":119.008705139},"spectral_rms":{"dmean":0.000508372380864,"dmean2":0.000732345273718,"dvar":3.23305641814e-7,"dvar2":6.14213661265e-7,"max":0.011095425114,"mean":0.00328336190432,"median":0.00295722391456,"min":3.25160883462e-12,"var":0.00000474999978906},"spectral_rolloff":{"dmean":143.872024536,"dmean2":250.718338013,"dvar":199134.4375,"dvar2":456317.125,"max":18690.8203125,"mean":628.792175293,"median":473.73046875,"min":64.599609375,"var":367259.03125},"spectral_skewness":{"dmean":0.445763468742,"dmean2":0.709835886955,"dvar":0.175117000937,"dvar2":0.408752262592,"max":7.67624950409,"mean":2.78278303146,"median":2.65276193619,"min":-0.0174565725029,"var":1.2282743454},"spectral_spread":{"dmean":452205.09375,"dmean2":688980.8125,"dvar":634328055808,"dvar2":1038285930500,"max":39375924,"mean":3123247.5,"median":2470822.5,"min":1037173.375,"var":3200841154560},"spectral_strongpeak":{"dmean":0.37459358573,"dmean2":0.588576078415,"dvar":0.315069615841,"dvar2":0.739521384239,"max":9.14038085938,"mean":0.928593337536,"median":0.468276023865,"min":0,"var":1.33811080456},"zerocrossingrate":{"dmean":0.00475007854402,"dmean2":0.00611323164776,"dvar":0.0000783144205343,"dvar2":0.000143144410686,"max":0.50048828125,"mean":0.0272030923516,"median":0.02392578125,"min":0.0048828125,"var":0.000278814142803}},"metadata":{"audio_properties":{"analysis_sample_rate":44100,"bit_rate":192000,"codec":"mp3","downmix":"mix","equal_loudness":0,"length":128.365707397,"lossless":false,"md5_encoded":"aaf776a0adb6ad32251e7a007f7e299b","replay_gain":-5.90574836731,"sample_rate":44100},"tags":{"acoustid_fingerprint":["AQADtIvaaUmUBHH2HSotI2ei4FHQtAd1oo8evHiSw1PxBdmZSYT26IiU5MObo0zhcXEq9CGu4cWjXbhyREqcPEGyJVZonOrBJ8aP8wgzmUqhVY8RS1uGZxfxo_mLkNyhRznYS0HeCFcKJj0q8sezHhW33DjRE3-K48ejaPCj4xKLpzku5SgTW8j0CMlx4tvRLzOu5MKTPEijQTdxBTlY7tGEPEmOyeqg5cfH7ShZNFVOaE6oovmL58iDK0f1JCWsSCbx6bjI4xMm8sjBXLigsMlSItyMHy_24zJypsJtNIua4IeoB88Mn0MfKVAd4T7-Jwg7JsYVtfCRfQv0D2mOh1qOpj0-JSuu4L9Q8kmC5rg-nAmDc5GR8Cky5hgVLj2OPmi6HT-OOE2QLPE0GtcHU9ODSx_eoDKuI6wMT3iw_aiYoMqUpZB0HuHjBP0xHZ9xxBfUJCVyoj6apmkS9Eb6Q8uP3Dm-8HgmPbiUpsaBwt0e9M1xHr_wZDryTEdyocdRLj6-Fkd4JPxRpcfF4ElmvLqR8MmJPD9m6fgjVNmPJmaGZwNOuMezHSVzMJdCXJoW4srQLBHK70h2ZIo1WCculRgfBqcOfyFKEjfC-kGy3DKOp0J_NGki4Rca7wnywpOyDFpH5NTRZ2i-C3d2_Md1PMeP_obzozuuYw67oOuVwDGPEE23oKTx-MEv5IrwPGCkw8uF3I6MhB_4qMQ1oUkufDx-9EmEpk1GVPnhfEib5NCY-MjZDf0K_ykq64izLYKuREfIPAeTE1dO3A--40myB0kf5BKYfOhDEfnxKHpiiKmOfSN65vAniCGPLhEu7UEvQjzSXCqmhYk8fHtQ6sQD3ziekBcchedxGumPPsaLhxNUX0GXLEcaPccbr_CJU_CPL8eUSanw42sOP0Ie6C7a8Wi2ZriC3ziu5YSm5ErgKPHx48dxHtqPqwkuxA2NJwynJLA_fBl-xNfw_HCUc3jGDc9xoflRHNMV-FB55Ifz4zD2Iych_sjRTE0uvBgTHn809OEG_8lQZcfr48ZDDVSRS4ferYgoXBcq_RX84tGMH8eP8IMe5MklXK5QWRus_Ah14RLqYKuhhyKotziRNkItpjhV7Dn6oEmOmI6RHI-O93haBu-F6kKjMEfSmxny-MF3nMaDoz_CPMsDXdKR48grPLtxz4IWzeiZRIKuD7HS42i6pSiT9Eh-CTn-o8kX9MelHM-I9ERy-tiPayee6TF6CT6DWsHh48KXi6hdBb5wJfjxJTnCJUjOz_gfPCkmH17Toz1-Gb0EH8n-IFZu3PjUonLQ-Mhn6Bkx6Rdy5qj440HOo9fhT4Wm61i3Q1V2fA_CHz6JXsvxPXg-XEyOJt_QH8mRLnGKL3kw8jxeHucRXu4hLrlwusgrPEV86CdSpnnw8-hjXAjjC4okPbgelOSRnsXR5NmRF3qXmAiz7EZ4F31ufNCZ48pOpMmbCv-QG8kD_wz6sHjuBNeP