{"lowlevel":{"average_loudness":0.761982619762,"barkbands":{"dmean":[0.00000430399177276,0.00122167530935,0.00184003263712,0.00160179252271,0.00119147147052,0.00113183178473,0.000815910112578,0.000649943656754,0.000643228413537,0.000677930715028,0.000876852311194,0.000838645442855,0.000572664255742,0.000466665340355,0.000446816702606,0.000312955409754,0.000282537745079,0.000229554119869,0.000174320390215,0.0000934780109674,0.0000602271175012,0.000049476926506,0.0000387730942748,0.0000302074913634,0.0000242642345256,0.0000101643317976,0.00000128917224629],"dmean2":[0.00000717593547961,0.00207369262353,0.00307810795493,0.00270063220523,0.00196603219956,0.00178918300662,0.0013353707036,0.00106090097688,0.00103467551526,0.00108995265327,0.0014540849952,0.00138618866913,0.00092165771639,0.000751306128222,0.000711889064405,0.000488543708343,0.000444239762146,0.000367547065252,0.000273289333563,0.000148111066665,0.0000925985732465,0.0000763159550843,0.0000565277478017,0.0000426889891969,0.0000333483403665,0.0000136826038215,0.00000170869645899],"dvar":[3.61551656669e-11,0.00000313554755849,0.00000636943650534,0.00000698674693922,0.00000293233688353,0.00000278227412309,0.00000242427790909,0.00000243468161898,0.00000194297217604,0.00000209301651921,0.00000307876575789,0.000002631379175,0.00000139452185977,0.000001407431796,0.00000128161650537,5.92072012751e-7,2.47537826681e-7,1.86237599564e-7,1.40456805298e-7,2.76733764792e-8,1.36271420814e-8,1.97844247651e-8,4.46103136653e-8,3.21319433283e-8,2.11289883367e-8,3.98869826057e-9,1.79000356204e-11],"dvar2":[9.6757574175e-11,0.00000866242498887,0.0000175590266736,0.0000186035613297,0.00000753706399337,0.00000638793153485,0.00000634905518382,0.0000061329556047,0.00000499054067404,0.00000528895589014,0.00000844981423143,0.00000734329205443,0.00000334421429216,0.00000354829148819,0.00000314995463668,0.00000140234214996,5.68947825741e-7,4.36192266307e-7,3.17468504818e-7,6.62140280383e-8,3.1348584173e-8,4.49590054075e-8,9.0894531013e-8,6.22771381131e-8,4.02496240781e-8,8.81847928014e-9,3.75504037586e-11],"max":[0.0000640105790808,0.0227122306824,0.0440426841378,0.0537488497794,0.0277169719338,0.0462463125587,0.0307753589004,0.0357021987438,0.0291761904955,0.0375942476094,0.0440313667059,0.03208598122,0.030419357121,0.0473678261042,0.032280292362,0.0237354785204,0.0112225767225,0.0099676148966,0.0178802032024,0.00350128253922,0.00399068184197,0.00534586561844,0.00637686578557,0.00670874258503,0.0065819923766,0.00371788465418,0.000303440756397],"mean":[0.00000559308045922,0.00218711071648,0.00392382964492,0.00220063445158,0.00197180639952,0.00206137541682,0.00129784061573,0.000997144030407,0.00111007131636,0.00119069637731,0.00142263818998,0.00161081377883,0.00101326103322,0.000768192927353,0.00078068888979,0.000597455073148,0.000619737664238,0.000497385219205,0.000407598126912,0.000230489880778,0.000158727329108,0.000117175804917,0.0000706824066583,0.0000564233159821,0.0000431612534157,0.0000183965930773,0.0000025158688004],"median":[0.00000290572165795,0.00147929810919,0.00316547695547,0.00119111710228,0.00124626641627,0.00128033966757,0.000609771639574,0.000324052787619,0.000505387026351,0.000499675457831,0.000715629081242,0.000931826769374,0.000447278958745,0.000285010639345,0.000307631504256,0.000227585580433,0.000347765162587,0.000272501376458,0.000189835103811,0.000117240386317,0.0000838319101604,0.0000424341815233,0.0000207797602343,0.0000146132269947,0.00000954747338255,0.00000415985687141,6.19070192442e-7],"min":[2.1147521837e-25,1.78491454948e-24,1.16803380185e-24,6.14233774164e-25,6.29869460762e-24,7.46327102933e-24,2.72944808244e-24,7.37416919009e-24,1.23509372355e-23,1.03307433433e-23,1.1376929887e-23,1.28384193539e-23,2.28306190955e-23,3.15786258396e-23,5.07643856978e-23,4.18171158444e-23,5.2521778468e-23,9.54975132566e-23,1.09527063668e-22,1.7047576987e-22,2.16251437068e-22,3.74728544218e-22,3.36073451094e-22,5.06820538628e-22,7.69390656877e-22,1.30706098329e-21,1.86624446797e-21],"var":[5.19123979914e-11,0.00000513098484589,0.0000125451069835,0.00000871683732839,0.00000501906470163,0.00000765501135902,0.00000485116424898,0.00000447806360171,0.00000404411275667,0.0000048783344937,0.00000519082050232,0.00000466749270345,0.00000316271189149,0.00000262459479927,0.00000232712727666,0.00000149832510488,7.70890835611e-7,5.1844256177e-7,5.39724453574e-7,1.06781747888e-7,4.93863012707e-8,5.49555068119e-8,8.138707841e-8,6.53691216712e-8,4.53795045985e-8,7.78178232963e-9,4.04647391983e-11]},"barkbands_crest":{"dmean":1.83393192291,"dmean2":3.0464963913,"dvar":2.8314871788,"dvar2":7.58379173279,"max":26.6325721741,"mean":7.32509994507,"median":6.78134918213,"min":2.42276120186,"var":7.30071878433},"barkbands_flatness_db":{"dmean":0.0146398805082,"dmean2":0.0220891237259,"dvar":0.000185896089533,"dvar2":0.000421217642725,"max":0.327068924904,"mean":0.118137434125,"median":0.11199528724,"min":0.0339324995875,"var":0.00135163217783},"barkbands_kurtosis":{"dmean":0.922842979431,"dmean2":1.48256635666,"dvar":4.4514131546,"dvar2":11.0260620117,"max":152.5284729,"mean":0.555421471596,"median":-0.0149943828583,"min":-1.90542817116,"var":14.2585372925},"barkbands_skewness":{"dmean":0.347469955683,"dmean2":0.546043515205,"dvar":0.113580487669,"dvar2":0.262825787067,"max":12.0110406876,"mean":0.786084651947,"median":0.786131262779,"min":-2.25031399727,"var":0.602540493011},"barkbands_spread":{"dmean":4.11930704117,"dmean2":6.33971405029,"dvar":22.0732479095,"dvar2":44.9287185669,"max":108.42615509,"mean":23.9441165924,"median":21.9877300262,"min":2.4389269352,"var":109.92805481},"dissonance":{"dmean":0.0134786404669,"dmean2":0.0228122957051,"dvar":0.000186500459677,"dvar2":0.000513191858772,"max":0.500000238419,"mean":0.47498986125,"median":0.479707241058,"min":0.223729550838,"var":0.000362354330719},"dynamic_complexity":2.77517724037,"erbbands":{"dmean":[0.0102726863697,0.365367770195,1.95935964584,3.32911491394,4.6510014534,3.65115213394,8.33168315887,9.16442108154,10.6497173309,12.9540042877,13.1402416229,14.9475793839,16.1963024139,22.6118392944,41.0419158936,25.2610988617,24.4489746094,21.1220741272,23.3699893951,19.4303359985,15.5781507492,14.9202032089,12.7774925232,9.2166929245,7.17346858978,3.8965215683,2.97943067551,2.121530056,1.9423571825,1.3610380888,1.09428119659,0.705837726593,0.47432243824,0.304113328457,0.165091961622,0.0622843019664,0.0155880842358,0.00261457706802,0.000221733789658,0.0000136195085361],"dmean2":[0.0171625763178,0.618577063084,3.27885389328,5.583943367,7.82661437988,6.02465343475,13.2767114639,14.7038259506,17.456533432,21.0451965332,21.1484622955,23.9354972839,25.7418575287,36.4192352295,67.9794692993,41.2214736938,38.9348335266,33.3694190979,37.1562423706,30.3159370422,24.2861728668,23.3189220428,20.3026447296,14.371014595,11.2202119827,6.04595947266,4.64092636108,3.25732588768,3.05976605415,2.03616738319,1.60593748093,1.01688539982,0.673918545246,0.424200117588,0.229897022247,0.0866143554449,0.0203575119376,0.00334536074661,0.000287334871246,0.0000192387069546],"dvar":[0.000220932270167,0.271458894014,7.2105345726,27.2120304108,55.1748809814,31.5986347198,159.213378906,212.004501343,354.476867676,1013.95440674,859.279907227,1209.07983398,1366.56872559,1984.79699707,6312.09033203,1936.11962891,2403.09936523,3373.08447266,3940.76513672,2385.06054688,1451.08459473,704.611938477,529.863098145,427.280212402,223.967803955,49.4472389221,31.4188518524,20.1852397919,25.4189548492,39.6556854248,37.0058288574,17.5858345032,8.05153656006,3.32220244408,1.09163486958,0.169606238604,0.0084341801703,0.00013269430201,4.41795492634e-7,6.05181571522e-10],"dvar2":[0.000588675204199,0.753019988537,19.8246555328,72.7539367676,143.796920776,83.0760879517,370.218536377,508.454711914,928.533569336,2622.35327148,2097.88964844,3151.42016602,3375.59887695,5039.18457031,17730.1328125,5093.97900391,5651.21875,8514.90136719,10016.8134766,5531.78564453,3511.71118164,1619.95922852,1264.32727051,954.539733887,467.421264648,112.055671692,72.8996734619,47.1636276245,60.4463539124,82.6025009155,76.4488449097,35.1593971252,16.1034698486,6.69127130508,2.09145236015,0.379085958004,0.0175453834236,0.000248157448368,8.79512583651e-7,1.29641863911e-9],"max":[0.204365417361,6.37015914917,42.4897155762,114.368583679,78.6644134521,101.319572449,364.140991211,401.796569824,499.882659912,602.353027344,985.381958008,931.92175293,1477.97753906,1418.36035156,1952.27246094,1172.05737305,1545.52575684,2829.46801758,2189.46289062,1514.27160645,1206.99829102,727.608337402,640.728881836,618.825195312,1009.91766357,208.511535645,160.349594116,147.44921875,147.530776978,328.903503418,200.332672119,178.322128296,98.9712905884,71.266708374,62.9322853088,20.8488464355,7.03088188171,0.880654156208,0.0480870530009,0.00123924924992],"mean":[0.0204005520791,0.689954340458,4.3433303833,5.83298301697,6.35678672791,6.0108923912,14.6815395355,16.1731910706,17.6267280579,20.2373886108,22.4705257416,26.4357795715,29.3074131012,42.821975708,78.1388168335,51.6326141357,46.7581291199,38.8211097717,42.8804626465,37.9617004395,32.851234436,34.6001167297,29.7580661774,23.1004581451,18.17461586,10.1203365326,7.67376708984,5.59722280502,4.54435062408,2.80956482887,1.9777867794,1.31214308739,0.863628387451,0.532195091248,0.281976014376,0.107102066278,0.0283927265555,0.00496630417183,0.000448558275821,0.0000483222611365],"median":[0.013432377018,0.510426104069,3.52511119843,3.93810200691,3.54035902023,3.77157449722,8.9749956131,9.81621932983,9.70328044891,6.79236125946,10.1063671112,12.5075149536,13.2668819427,22.6327590942,46.8063354492,32.9843902588,23.1636314392,15.7106084824,17.9606571198,15.1577692032,14.5800857544,20.1319942474,17.6189041138,10.2456817627,9.74174499512,5.48376369476,4.11442613602,2.7208712101,1.64701890945,0.936524569988,0.562461078167,0.350024908781,0.214146524668,0.119665391743,0.0601670816541,0.0239974521101,0.00616493821144,0.00104120373726,0.000119954449474,0.0000406598737754],"min":[7.80741948784e-23,4.46362743723e-22,1.92128287681e-21,2.0356410004e-21,4.36805970273e-21,1.76253383101e-20,5.13272775608e-20,4.32725029485e-20,9.72754577593e-20,2.28211453733e-19,3.02123376037e-19,4.06094318017e-19,5.20827913743e-19,7.76615268503e-19,6.73238423148e-19,8.10861734935e-19,1.20088685463e-18,1.81054719362e-18,2.8646277909e-18,3.01118620426e-18,3.22381525547e-18,3.14405271054e-18,4.49100301434e-18,5.06585259462e-18,6.91746537655e-18,8.73883726246e-18,5.39117238978e-18,8.77650045011e-18,1.20831384052e-17,9.59404109981e-18,1.06080768497e-17,9.52147171749e-18,1.061193482e-17,8.55247926072e-18,5.44485599795e-18,4.09077870599e-18,2.25842496347e-18,9.39022772598e-19,2.44759873972e-19,2.67528514702e-20],"var":[0.000465782970423,0.435251504183,14.3000640869,41.0301246643,67.6974105835,51.5028877258,383.148284912,514.690429688,735.470703125,1802.49780273,1594.17431641,2471.35961914,2999.35424805,4611.12695312,11161.9365234,3924.64477539,5661.45703125,6565.96875,6669.04443359,5682.22460938,3900.84594727,2257.00610352,1590.46643066,1901.57495117,831.630615234,194.582351685,115.402633667,73.7955627441,77.5344390869,69.2758102417,68.151473999,34.7812004089,15.8483247757,6.53489017487,2.25121426582,0.295250087976,0.0181532111019,0.000351764552761,0.00000107011749151,1.70874592254e-9]},"erbbands_crest":{"dmean":2.26722764969,"dmean2":3.69855499268,"dvar":4.75994348526,"dvar2":12.4398002625,"max":27.0795021057,"mean":8.27654457092,"median":7.49887704849,"min":2.34090137482,"var":12.8507471085},"erbbands_flatness_db":{"dmean":0.0147982612252,"dmean2":0.0208594221622,"dvar":0.000206513315788,"dvar2":0.00040062359767,"max":0.382765769958,"mean":0.165511727333,"median":0.162543535233,"min":0.02352325432,"var":0.00190354732331},"erbbands_kurtosis":{"dmean":0.633861601353,"dmean2":1.02834105492,"dvar":0.558603644371,"dvar2":1.37497472763,"max":14.9640617371,"mean":0.365174859762,"median":0.0213296413422,"min":-1.59490895271,"var":1.70718050003},"erbbands_skewness":{"dmean":0.263932317495,"dmean2":0.414430350065,"dvar":0.0538870319724,"dvar2":0.130366414785,"max":2.14290332794,"mean":-0.0690987631679,"median":-0.0455549284816,"min":-3.04291248322,"var":0.271270722151},"erbbands_spread":{"dmean":5.21492910385,"dmean2":8.06903934479,"dvar":28.1979236603,"dvar2":58.6473083496,"max":110.383239746,"mean":29.4540691376,"median":27.8730506897,"min":2.72301506996,"var":154.543197632},"gfcc":{"cov":[[17376.2519531,356.729553223,-1426.03637695,804.253479004,-922.640625,222.4790802,-401.100952148,139.612380981,-414.214111328,89.8607788086,-328.788085938,-56.2220115662,-234.846328735],[356.729553223,1222.69091797,-405.717010498,-215.741210938,201.508773804,-206.131866455,73.4897460938,-80.5893173218,62.3555717468,-130.667785645,77.917678833,-56.0844154358,62.3377342224],[-1426.03637695,-405.717010498,629.680419922,-16.2764816284,1.30384504795,102.345840454,-24.6247196198,24.136631012,-9.80088615417,41.4653434753,-18.7735939026,56.7830123901,-20.9059810638],[804.253479004,-215.741210938,-16.2764816284,332.527770996,-108.709823608,55.3517990112,3.10986471176,16.0236701965,-18.1609992981,16.4784584045,-18.8537750244,-18.5291805267,-6.00854587555],[-922.640625,201.508773804,1.30384504795,-108.709823608,269.409790039,-45.9172477722,10.36145401,-19.1560497284,23.4411773682,-23.5606403351,13.8341856003,4.49061584473,24.9001598358],[222.4790802,-206.131866455,102.345840454,55.3517990112,-45.9172477722,166.046951294,-2.84933185577,14.9118728638,-32.0088195801,19.1280479431,-10.1573352814,11.0144100189,-25.4485816956],[-401.100952148,73.4897460938,-24.6247196198,3.10986471176,10.36145401,-2.84933185577,136.123550415,14.2228622437,9.81351661682,-11.8102169037,17.2496376038,-14.2259778976,0.363176763058],[139.612380981,-80.5893173218,24.136631012,16.0236701965,-19.1560497284,14.9118728638,14.2228622437,79.2351608276,13.4800682068,9.81606578827,-16.277179718,-4.43634128571,-9.4433298111],[-414.214111328,62.3555717468,-9.80088615417,-18.1609992981,23.4411773682,-32.0088195801,9.81351661682,13.4800682068,80.3743515015,3.94258975983,7.30177116394,-11.3792266846,11.4656162262],[89.8607788086,-130.667785645,41.4653434753,16.4784584045,-23.5606403351,19.1280479431,-11.8102169037,9.81606578827,3.94258975983,68.4250411987,1.75244724751,-0.162295296788,-14.4093799591],[-328.788085938,77.917678833,-18.7735939026,-18.8537750244,13.8341856003,-10.1573352814,17.2496376038,-16.277179718,7.30177116394,1.75244724751,61.7274703979,10.6383924484,9.00053977966],[-56.2220115662,-56.0844154358,56.7830123901,-18.5291805267,4.49061584473,11.0144100189,-14.2259778976,-4.43634128571,-11.3792266846,-0.162295296788,10.6383924484,65.62159729,11.5660438538],[-234.846328735,62.3377342224,-20.9059810638,-6.00854587555,24.9001598358,-25.4485816956,0.363176763058,-9.4433298111,11.4656162262,-14.4093799591,9.00053977966,11.5660438538,53.3603477478]],"icov":[[0.000321212486597,-0.000748683989514,0.00068193214247,-0.00065578048816,0.000807373959105,-0.000475393346278,0.000939311634284,-0.000926818582229,0.00136846641544,-0.00131641491316,0.00183449615724,-0.00121620879509,0.00101243762765],[-0.000748683989514,0.00378924584948,-0.000809288118035,0.0023216556292,-0.00249232025817,0.00197923905216,-0.00257290317677,0.00308216246776,-0.00381928123534,0.00567310955375,-0.00594055978581,0.00422711856663,-0.00266913510859],[0.00068193214247,-0.000809288118035,0.00378260971047,-0.000896387500688,0.00124512973707,-0.00177264760714,0.00188811740372,-0.00183492421638,0.00227491254918,-0.00272404449061,0.00405619945377,-0.00384448724799,0.00248846341856],[-0.00065578048816,0.0023216556292,-0.000896387500688,0.00541076809168,-0.000583667308092,0.000236001083977,-0.0022677553352,0.00203680829145,-0.00260730693117,0.00311193289235,-0.00369224906899,0.00413490599021,-0.00345243467018],[0.000807373959105,-0.00249232025817,0.00124512973707,-0.000583667308092,0.00686873588711,-0.00103187805507,0.00216829357669,-0.001850574743,0.00282555795275,-0.00317857507616,0.00496694119647,-0.00317273731343,0.00123191438615],[-0.000475393346278,0.00197923905216,-0.00177264760714,0.000236001083977,-0.00103187805507,0.00934450700879,-0.00182946864516,0.00080578494817,0.000261521578068,0.00227689184248,-0.00348355667666,0.00151267834008,0.000839083688334],[0.000939311634284,-0.00257290317677,0.00188811740372,-0.0022677553352,0.00216829357669,-0.00182946864516,0.0112704457715,-0.0051493961364,0.00389149482362,-0.00240471726283,0.00226266495883,-0.00168524601031,0.00324995233677],[-0.000926818582229,0.00308216246776,-0.00183492421638,0.00203680829145,-0.001850574743,0.00080578494817,-0.0051493961364,0.018494522199,-0.00792558398098,0.00352068524808,-0.00141362554859,0.00324297975749,-0.00142417277675],[0.00136846641544,-0.00381928123534,0.00227491254918,-0.00260730693117,0.00282555795275,0.000261521578068,0.00389149482362,-0.00792558398098,0.0216865725815,-0.00833848398179,0.00613774498925,-0.00215358682908,0.000979421660304],[-0.00131641491316,0.00567310955375,-0.00272404449061,0.00311193289235,-0.00317857507616,0.00227689184248,-0.00240471726283,0.00352068524808,-0.00833848398179,0.0261173434556,-0.0122784590349,0.00721988314763,-0.000579002371524],[0.00183449615724,-0.00594055978581,0.00405619945377,-0.00369224906899,0.00496694119647,-0.00348355667666,0.00226266495883,-0.00141362554859,0.00613774498925,-0.0122784590349,0.0319699496031,-0.0123775368556,0.00459842430428],[-0.00121620879509,0.00422711856663,-0.00384448724799,0.00413490599021,-0.00317273731343,0.00151267834008,-0.00168524601031,0.00324297975749,-0.00215358682908,0.00721988314763,-0.0123775368556,0.0254573635757,-0.00956207420677],[0.00101243762765,-0.00266913510859,0.00248846341856,-0.00345243467018,0.00123191438615,0.000839083688334,0.00324995233677,-0.00142417277675,0.000979421660304,-0.000579002371524,0.00459842430428,-0.00956207420677,0.0273821018636]],"mean":[-2.2489168644,106.277153015,-131.557907104,22.2249660492,-43.3057022095,8.95020198822,-30.5520534515,3.10901379585,-28.6116333008,-3.7351500988,-14.5614566803,1.71104311943,-12.6348457336]},"hfc":{"dmean":4.8869304657,"dmean2":7.14516448975,"dvar":46.0181350708,"dvar2":93.6953277588,"max":125.26335144,"mean":22.0597076416,"median":18.5347499847,"min":1.09431342977e-16,"var":281.126708984},"melbands":{"dmean":[0.000205608987017,0.000823248177767,0.00062209070893,0.000252687837929,0.000264427682851,0.000205169984838,0.00016098128981,0.000144072648254,0.0001114528568,0.0000892940443009,0.0000852083685459,0.0000941422185861,0.000135912880069,0.000102101657831,0.0000592950236751,0.0000530420911673,0.0000412887711718,0.0000422547273047,0.0000311108233291,0.0000242100359173,0.000019174958652,0.0000166691352206,0.0000147497512444,0.0000121257689898,0.00000807170454209,0.00000691307559464,0.00000468441248813,0.00000255027953244,0.00000225832513934,0.0000014869167444,0.00000133868798002,0.00000121509128803,9.47950695718e-7,7.58380735988e-7,6.84455926603e-7,5.53390918867e-7,4.25802454629e-7,3.6860225805e-7,2.9673390145e-7,2.58370846495e-7],"dmean2":[0.000346481887391,0.00138113414869,0.00103497074451,0.000420969590778,0.000421900476795,0.000326937355567,0.000263983354671,0.000234144681599,0.000179178096005,0.000143284545629,0.000135656780913,0.000151483211084,0.000225759518798,0.000168921062141,0.0000959283424891,0.0000844083988341,0.0000654830218991,0.0000677657371853,0.0000490965685458,0.0000373738039343,0.0000303393590002,0.0000264158152277,0.0000232106212934,0.0000195719785552,0.000012689813957,0.0000110070714072,0.00000744387989471,0.00000400352882934,0.00000358043143933,0.00000233267655858,0.00000208123219636,0.00000193953610506,0.0000014691980823,0.00000116012722629,0.00000102278977465,8.36000765503e-7,6.2052197336e-7,5.32883973392e-7,4.27049911877e-7,3.67869631646e-7],"dvar":[9.11192685749e-8,0.00000125345468405,9.33744104259e-7,1.36198224254e-7,1.56387514494e-7,9.8216723643e-8,8.32850375332e-8,1.19841431001e-7,5.36167519272e-8,4.04535569487e-8,3.72572763752e-8,3.68645594051e-8,7.07304721459e-8,4.10732461376e-8,1.4418178651e-8,1.32546773557e-8,1.37346418683e-8,1.32745023862e-8,5.66417712733e-9,3.7987701873e-9,2.28423036042e-9,1.00728081431e-9,7.66859242773e-10,6.09421624276e-10,3.80614095796e-10,2.15989420793e-10,9.81245501519e-11,2.40466570267e-11,1.83770134526e-11,8.70782525947e-12,8.93927640244e-12,9.78353509318e-12,9.45497066057e-12,1.54390007723e-11,1.43693034901e-11,9.86431162447e-12,7.53265332054e-12,5.01720366641e-12,3.22470522507e-12,2.32715582915e-12],"dvar2":[2.44567075924e-7,0.00000347586387761,0.00000244703733188,3.52436046569e-7,3.70228519841e-7,2.31409970297e-7,2.19483183628e-7,3.1043390436e-7,1.30553587496e-7,1.04942110113e-7,9.24139058611e-8,9.36256441264e-8,1.9722592981e-7,1.14774628912e-7,3.45695028159e-8,3.23845057437e-8,3.43584858342e-8,3.40152688239e-8,1.37350761875e-8,8.62221938291e-9,5.53327694774e-9,2.35030239715e-9,1.79414127999e-9,1.45201328738e-9,8.57080184602e-10,5.04875807827e-10,2.31321892197e-10,5.66411084701e-11,4.43648451309e-11,2.05952685461e-11,2.14227281747e-11,2.4481678837e-11,2.12631232066e-11,3.25071636276e-11,3.00599198311e-11,2.15195101322e-11,1.56661333212e-11,1.04954473931e-11,6.61400014618e-12,4.7000441733e-12],"max":[0.00406723981723,0.0162476785481,0.0189974419773,0.00493910117075,0.0103245358914,0.00891241710633,0.0071769123897,0.00648754229769,0.00765012949705,0.00555269792676,0.00714705232531,0.00624636886641,0.00706157181412,0.00432624528185,0.00373137858696,0.00354910036549,0.00559246586636,0.00375007349066,0.00234275823459,0.00188384822104,0.00158754328731,0.00097147654742,0.000669704400934,0.0007038693293,0.00061580730835,0.000636994605884,0.000494354171678,0.000174008484464,0.000106933432107,0.000116875766253,0.0000884698092705,0.000075083655247,0.000128669198602,0.000197875895537,0.000130532571347,0.000127354927827,0.000133650333737,0.0000733114502509,0.0000710570529918,0.0000624934327789],"mean":[0.000383452308597,0.00181052950211,0.00108619988896,0.000404296792112,0.000481227529235,0.000372488459107,0.000264596339548,0.000223488663323,0.000190781895071,0.000155970934429,0.000146968144691,0.000168474682141,0.000243085160037,0.00019852326659,0.000107172119897,0.0000930972237256,0.0000694248301443,0.0000706811988493,0.0000555814513064,0.0000444670768047,0.0000368609580619,0.0000352903225576,0.000031438361475,0.0000244580478466,0.0000180252445716,0.0000149797333506,0.0000105297131086,0.00000576158890908,0.00000518181559528,0.00000351105882146,0.00000317994135912,0.00000266428742179,0.0000019755636913,0.00000138535335736,0.00000116459091259,9.53772996581e-7,7.51993752601e-7,6.34944683497e-7,5.04375066157e-7,4.31852981819e-7],"median":[0.000251987570664,0.00151276786346,0.000741005293094,0.0002579743159,0.000300494488329,0.000231686703046,0.000140956253745,0.0000691285749781,0.0000904948901734,0.0000715818750905,0.0000621380313532,0.000080328209151,0.000139641342685,0.000113543079351,0.0000547166382603,0.0000393507943954,0.0000251027904596,0.0000266987117357,0.0000223628467211,0.0000161188618222,0.0000159879582498,0.0000197701519937,0.0000173613916559,0.0000122982219182,0.0000068977697083,0.00000761262208471,0.00000519485229233,0.00000303267074742,0.00000261501963905,0.00000187442992683,0.00000136349990498,9.54268784881e-7,6.74740590512e-7,4.28279491871e-7,3.26223585034e-7,2.52313355986e-7,1.93022756889e-7,1.55502775101e-7,1.17809229039e-7,9.16489995006e-8],"min":[4.85303136676e-25,1.15752854117e-24,4.22155264947e-25,1.38490635723e-24,1.15805530304e-24,1.01336983138e-24,1.47423075386e-24,2.13060148397e-24,1.98914334087e-24,1.96151684033e-24,2.42900587074e-24,3.37418133927e-24,1.6252145896e-24,1.63430552127e-24,3.09910554162e-24,2.31302694881e-24,2.1731021541e-24,3.33691081694e-24,4.86122043321e-24,3.30894964215e-24,3.39008398625e-24,2.28878761977e-24,3.02814730598e-24,3.4929321212e-24,2.64171846674e-24,4.33664607504e-24,4.72325221076e-24,5.31014066399e-24,2.34188249464e-24,4.5262539212e-24,5.17651788183e-24,6.39233791909e-24,5.40994182369e-24,4.73735664932e-24,5.92435920328e-24,5.85525774899e-24,4.98837258379e-24,6.6488486642e-24,7.05595453384e-24,7.19768522837e-24],"var":[1.67551021946e-7,0.00000225466646953,0.00000131394426717,2.04732344855e-7,3.81001626693e-7,2.56595996007e-7,1.7411520048e-7,2.17998106677e-7,1.02502546895e-7,8.40363227894e-8,8.05114410696e-8,8.52107575611e-8,1.20186669506e-7,7.55290372467e-8,3.28064437838e-8,2.94416970803e-8,2.66643134239e-8,2.14139888044e-8,1.21009655629e-8,8.6993479087e-9,5.59883872597e-9,2.66920996417e-9,2.23100315999e-9,1.52581680624e-9,1.59473168004e-9,6.44024444885e-10,2.84720885757e-10,7.10081229927e-11,5.82638798319e-11,2.54526018317e-11,2.99472113774e-11,2.7965277663e-11,1.99239982152e-11,2.44002457128e-11,2.47608426818e-11,1.8182531869e-11,1.30326452755e-11,9.02260991614e-12,5.87307199401e-12,4.55090956239e-12]},"melbands_crest":{"dmean":3.02689599991,"dmean2":5.01049613953,"dvar":7.18091011047,"dvar2":19.1110858917,"max":38.6370010376,"mean":12.6744747162,"median":12.1095066071,"min":1.57800769806,"var":20.6710834503},"melbands_flatness_db":{"dmean":0.0194160956889,"dmean2":0.0293968375772,"dvar":0.000339864287525,"dvar2":0.000797723070718,"max":0.381854444742,"mean":0.181512981653,"median":0.175363615155,"min":0.00322728184983,"var":0.00261480920017},"melbands_kurtosis":{"dmean":2.30593848228,"dmean2":3.69633245468,"dvar":23.4387149811,"dvar2":58.3105201721,"max":348.929534912,"mean":3.9244260788,"median":2.57190990448,"min":-1.74054038525,"var":39.5680923462},"melbands_skewness":{"dmean":0.465284615755,"dmean2":0.734710514545,"dvar":0.203488796949,"dvar2":0.490052700043,"max":15.8566064835,"mean":1.66702950001,"median":1.60317564011,"min":-1.82387244701,"var":0.909292936325},"melbands_spread":{"dmean":5.99581432343,"dmean2":9.36052131653,"dvar":40.8033599854,"dvar2":91.1079101562,"max":162.954299927,"mean":29.855512619,"median":26.5963001251,"min":1.56178462505,"var":261.299407959},"mfcc":{"cov":[[7825.95361328,-206.289550781,-18.4784507751,425.003448486,-269.134094238,75.7729187012,18.0617179871,-13.173500061,-1.1697794199,79.6086959839,13.0485582352,-46.5340538025,-59.5276222229],[-206.289550781,1411.80151367,-417.885498047,-21.326467514,73.3517379761,-77.1943359375,-4.41610622406,16.6845645905,0.875347733498,-58.4144172668,-40.4522018433,32.4045181274,-4.0077829361],[-18.4784507751,-417.885498047,491.443664551,-41.2572059631,-5.0251083374,54.1283378601,5.24943208694,13.7715196609,-14.2628717422,0.109750725329,15.9763240814,-9.56084728241,22.7811908722],[425.003448486,-21.326467514,-41.2572059631,213.020797729,-22.750038147,1.76574981213,8.83927726746,4.07705688477,12.5734424591,18.8908977509,-12.3575754166,-0.384589880705,5.06741571426],[-269.134094238,73.3517379761,-5.0251083374,-22.750038147,182.78225708,18.4108161926,-18.3642024994,-6.06477880478,1.02849256992,-10.4354400635,-23.1714725494,-6.36000871658,9.63481712341],[75.7729187012,-77.1943359375,54.1283378601,1.76574981213,18.4108161926,107.184814453,33.1339111328,4.72787952423,-12.1468582153,-6.96201848984,12.2195692062,-6.47661733627,-8.90774345398],[18.0617179871,-4.41610622406,5.24943208694,8.83927726746,-18.3642024994,33.1339111328,102.291625977,23.4270038605,-4.49613332748,2.80019521713,12.823923111,1.97587823868,-12.8687801361],[-13.173500061,16.6845645905,13.7715196609,4.07705688477,-6.06477880478,4.72787952423,23.4270038605,78.7003707886,17.6736431122,-6.2725687027,0.915142953396,-2.2496805191,5.91012048721],[-1.1697794199,0.875347733498,-14.2628717422,12.5734424591,1.02849256992,-12.1468582153,-4.49613332748,17.6736431122,65.424697876,22.9971523285,-4.43346405029,3.20004892349,-1.80230152607],[79.6086959839,-58.4144172668,0.109750725329,18.8908977509,-10.4354400635,-6.96201848984,2.80019521713,-6.2725687027,22.9971523285,69.3922119141,20.7668018341,0.98563092947,-7.98780202866],[13.0485582352,-40.4522018433,15.9763240814,-12.3575754166,-23.1714725494,12.2195692062,12.823923111,0.915142953396,-4.43346405029,20.7668018341,64.2833099365,8.89998817444,-6.04170942307],[-46.5340538025,32.4045181274,-9.56084728241,-0.384589880705,-6.36000871658,-6.47661733627,1.97587823868,-2.2496805191,3.20004892349,0.98563092947,8.89998817444,49.9915390015,12.7382907867],[-59.5276222229,-4.0077829361,22.7811908722,5.06741571426,9.63481712341,-8.90774345398,-12.8687801361,5.91012048721,-1.80230152607,-7.98780202866,-6.04170942307,12.7382907867,53.3580131531]],"icov":[[0.000154572873726,-0.0000112453935799,-0.0000116878336485,-0.000285728048766,0.000218358807615,-0.0001636800298,0.00010220061813,0.0000103726679299,0.0000672627284075,-0.000116650524433,0.0000375539893867,0.000109614142275,0.000123365141917],[-0.0000112453935799,0.00106817111373,0.000856057857163,0.000187676370842,-0.000448039441835,0.000508688623086,-0.000171472405782,-0.000395056209527,0.000108498716145,0.000761037750635,0.000139608353493,-0.000620789593086,0.000134199290187],[-0.0000116878336485,0.000856057857163,0.00302875717171,0.000703410070855,-0.000031047315133,-0.000962035323028,0.000146497768583,-0.000728008337319,0.000465938821435,0.0000703191835782,-0.0000684948536218,0.000182520321687,-0.00137276377063],[-0.000285728048766,0.000187676370842,0.000703410070855,0.00581577047706,0.000450222054496,-0.000498872483149,-0.00056786875939,-0.000250548560871,-0.000352306349669,-0.00169728754554,0.00189652130939,-0.000115465292765,-0.00145477929618],[0.000218358807615,-0.000448039441835,-0.000031047315133,0.000450222054496,0.00678932201117,-0.00247937627137,0.00134065689053,0.000501685077325,-0.000353462557541,-0.000740506395232,0.002377204597,0.000940916070249,-0.0012698880164],[-0.0001636800298,0.000508688623086,-0.000962035323028,-0.000498872483149,-0.00247937627137,0.0127144828439,-0.00393708469346,0.000195753265871,0.000883890548721,0.0025568085257,-0.00272521423176,0.000735288020223,0.00184129551053],[0.00010220061813,-0.000171472405782,0.000146497768583,-0.00056786875939,0.00134065689053,-0.00393708469346,0.0128738349304,-0.0042659798637,0.00204291916452,-0.00138031551614,-0.000465756602352,-0.00158488657326,0.00295856781304],[0.0000103726679299,-0.000395056209527,-0.000728008337319,-0.000250548560871,0.000501685077325,0.000195753265871,-0.0042659798637,0.0162695981562,-0.00637099333107,0.00367346173152,-0.00161163834855,0.00250593107194,-0.00301833520643],[0.0000672627284075,0.000108498716145,0.000465938821435,-0.000352306349669,-0.000353462557541,0.000883890548721,0.00204291916452,-0.00637099333107,0.0208627581596,-0.00835389085114,0.00392287690192,-0.00255620130338,0.00183601246681],[-0.000116650524433,0.000761037750635,0.0000703191835782,-0.00169728754554,-0.000740506395232,0.0025568085257,-0.00138031551614,0.00367346173152,-0.00835389085114,0.0214823782444,-0.00785628892481,0.000931909831706,0.00170069898013],[0.0000375539893867,0.000139608353493,-0.0000684948536218,0.00189652130939,0.002377204597,-0.00272521423176,-0.000465756602352,-0.00161163834855,0.00392287690192,-0.00785628892481,0.0210617613047,-0.00437924824655,0.00147017592099],[0.000109614142275,-0.000620789593086,0.000182520321687,-0.000115465292765,0.000940916070249,0.000735288020223,-0.00158488657326,0.00250593107194,-0.00255620130338,0.000931909831706,-0.00437924824655,0.0235823672265,-0.00677082687616],[0.000123365141917,0.000134199290187,-0.00137276377063,-0.00145477929618,-0.0012698880164,0.00184129551053,0.00295856781304,-0.00301833520643,0.00183601246681,0.00170069898013,0.00147017592099,-0.00677082687616,0.0232973527163]],"mean":[-635.754455566,139.492263794,-23.7775764465,20.5445461273,2.87843799591,6.97851610184,5.7199177742,6.46007204056,-3.19317579269,-6.30923128128,-3.7787604332,-0.0784283801913,0.0212215557694]},"pitch_salience":{"dmean":0.061890732497,"dmean2":0.101120233536,"dvar":0.00281467684545,"dvar2":0.00745233986527,"max":0.862749755383,"mean":0.582311809063,"median":0.583296954632,"min":0.0277391523123,"var":0.00814571976662},"silence_rate_20dB":{"dmean":0,"dmean2":0,"dvar":0,"dvar2":0,"max":1,"mean":1,"median":1,"min":1,"var":0},"silence_rate_30dB":{"dmean":0,"dmean2":0,"dvar":0,"dvar2":0,"max":1,"mean":1,"median":1,"min":1,"var":0},"silence_rate_60dB":{"dmean":0.00315091200173,"dmean2":0.00630234694108,"dvar":0.00314172776416,"dvar2":0.00791961420327,"max":1,"mean":0.0496642068028,"median":0,"min":0,"var":0.0472027547657},"spectral_centroid":{"dmean":199.739883423,"dmean2":305.448516846,"dvar":50258.6757812,"dvar2":108551.84375,"max":11885.9208984,"mean":1487.5390625,"median":1345.0748291,"min":98.3632583618,"var":926952.1875},"spectral_complexity":{"dmean":3.39419579506,"dmean2":5.20159196854,"dvar":9.61808300018,"dvar2":20.0663337708,"max":57,"mean":24.4346237183,"median":25,"min":0,"var":87.203742981},"spectral_contrast_coeffs":{"dmean":[0.0493014901876,0.0466205962002,0.0364278927445,0.0289200916886,0.0208224263042,0.0162512920797],"dmean2":[0.0834663510323,0.0769582986832,0.0599157549441,0.0478896275163,0.0338452942669,0.0254628956318],"dvar":[0.00166611501481,0.00138033460826,0.000862148066517,0.000550190394279,0.000307726935716,0.000225352574489],"dvar2":[0.00464775878936,0.00381538900547,0.00233128992841,0.00143355689943,0.000761998118833,0.000514604791533],"max":[-0.351883769035,-0.503073334694,-0.494265586138,-0.548739731312,-0.61235332489,-0.586831390858],"mean":[-0.637976586819,-0.734800875187,-0.762749671936,-0.783779621124,-0.780030786991,-0.754108667374],"median":[-0.636698722839,-0.735620856285,-0.76757055521,-0.790617704391,-0.781411409378,-0.755779385567],"min":[-0.983903884888,-0.980666399002,-0.979341387749,-0.981577932835,-0.980809628963,-0.980403065681],"var":[0.00473127514124,0.00402593426406,0.00371200032532,0.0027015642263,0.00189107109327,0.00220553204417]},"spectral_contrast_valleys":{"dmean":[0.410861998796,0.330803751945,0.276908785105,0.251252621412,0.202857151628,0.244100928307],"dmean2":[0.692605257034,0.538757860661,0.445113420486,0.391417294741,0.305187195539,0.306767553091],"dvar":[0.123571269214,0.0875258594751,0.0656739771366,0.0635269060731,0.0607055574656,0.103157438338],"dvar2":[0.320499122143,0.207669079304,0.147081449628,0.124305039644,0.112180106342,0.178004518151],"max":[-5.68494033813,-4.83073568344,-5.16369009018,-5.5497045517,-5.51169204712,-7.41178274155],"mean":[-7.38540029526,-6.72342014313,-6.92695093155,-7.34641551971,-7.5045542717,-10.6038856506],"median":[-7.10670089722,-6.46389293671,-6.65744972229,-7.08724164963,-7.15426635742,-10.2784585953],"min":[-28.1604003906,-27.9514484406,-27.6323375702,-27.6372375488,-27.5408744812,-27.3519477844],"var":[3.69746494293,3.88264727592,3.80333566666,3.65808367729,3.8234975338,3.2397236824]},"spectral_decrease":{"dmean":1.51878543075e-9,"dmean2":2.36419395172e-9,"dvar":2.85665480377e-18,"dvar2":6.5599281373e-18,"max":1.63080152304e-28,"mean":-6.18949158593e-9,"median":-5.82187320575e-9,"min":-2.86922556825e-8,"var":1.28239803869e-17},"spectral_energy":{"dmean":0.00603203196079,"dmean2":0.00935392361134,"dvar":0.0000446837148047,"dvar2":0.000101758931123,"max":0.110736228526,"mean":0.0253614205867,"median":0.0239453837276,"min":9.9637927594e-21,"var":0.000213701729081},"spectral_energyband_high":{"dmean":0.00019615056226,"dmean2":0.000274368154351,"dvar":3.38468368e-7,"dvar2":6.25334905635e-7,"max":0.0163220763206,"mean":0.000567519688047,"median":0.000282281369437,"min":7.00932817797e-21,"var":0.00000105499600522},"spectral_energyband_low":{"dmean":0.00301971565932,"dmean2":0.00500435242429,"dvar":0.0000155502384587,"dvar2":0.0000418094641645,"max":0.0722416192293,"mean":0.00723447650671,"median":0.00617754692212,"min":1.79605957635e-23,"var":0.0000309669048875},"spectral_energyband_middle_high":{"dmean":0.00252209231257,"dmean2":0.00386948580854,"dvar":0.0000118988864415,"dvar2":0.0000289285089821,"max":0.0685627833009,"mean":0.00889136921614,"median":0.0066426913254,"min":1.15363402481e-21,"var":0.0000578070576012},"spectral_energyband_middle_low":{"dmean":0.00376738840714,"dmean2":0.00590943451971,"dvar":0.0000223646111408,"dvar2":0.0000531285513716,"max":0.078375197947,"mean":0.00994146615267,"median":0.00781003525481,"min":1.6075744528e-22,"var":0.0000659447105136},"spectral_entropy":{"dmean":0.104578122497,"dmean2":0.154265061021,"dvar":0.0128513975069,"dvar2":0.0265799425542,"max":9.83130741119,"mean":7.62424755096,"median":7.63605070114,"min":5.44472646713,"var":0.134570613503},"spectral_flux":{"dmean":0.0170521996915,"dmean2":0.0263858065009,"dvar":0.00028169126017,"dvar2":0.000632476527244,"max":0.237625941634,"mean":0.0803576558828,"median":0.0791100114584,"min":6.31453014877e-11,"var":0.0012793908827},"spectral_kurtosis":{"dmean":1.80945336819,"dmean2":3.06201958656,"dvar":5.62664413452,"dvar2":16.2262229919,"max":60.8386726379,"mean":6.23106431961,"median":5.36573600769,"min":-1.25155246258,"var":24.3805885315},"spectral_rms":{"dmean":0.000570776581299,"dmean2":0.0008757848409,"dvar":3.2557574059e-7,"dvar2":7.14147233793e-7,"max":0.0103940051049,"mean":0.00471133971587,"median":0.0048333578743,"min":3.11781546761e-12,"var":0.00000254605038208},"spectral_rolloff":{"dmean":336.130065918,"dmean2":550.723388672,"dvar":459706.0625,"dvar2":968963.5625,"max":19530.6152344,"mean":1732.00463867,"median":1335.05859375,"min":21.533203125,"var":3232349.5},"spectral_skewness":{"dmean":0.205005794764,"dmean2":0.335636615753,"dvar":0.0446872487664,"dvar2":0.118499927223,"max":5.38155555725,"mean":1.64020586014,"median":1.6238707304,"min":-0.0996898859739,"var":0.267767876387},"spectral_spread":{"dmean":369462.25,"dmean2":487519.65625,"dvar":392619261952,"dvar2":626774704128,"max":42583244,"mean":3874001.25,"median":3404327.75,"min":1080951.125,"var":11756606849000},"spectral_strongpeak":{"dmean":0.616796195507,"dmean2":1.08510935307,"dvar":1.2225445509,"dvar2":3.19057416916,"max":12.2792625427,"mean":0.873026609421,"median":0.358557760715,"min":0,"var":1.65306603909},"zerocrossingrate":{"dmean":0.00719032622874,"dmean2":0.00851396657526,"dvar":0.000107533895061,"dvar2":0.000138154762681,"max":0.52490234375,"mean":0.0609299391508,"median":0.0537109375,"min":0,"var":0.00207888521254}},"metadata":{"audio_properties":{"analysis_sample_rate":44100,"bit_rate":0,"codec":"flac","downmix":"mix","equal_loudness":0,"length":280.026672363,"lossless":true,"md5_encoded":"5d4ebf4dc45dc3b4b2cf6b08daec5442","replay_gain":-5.94434738159},"tags":{"album":["[Led Zeppelin IV]"],"albumartist":["Led Zeppelin"],"albumartistsort":["Led Zeppelin"],"albumsort":["[Led Zeppelin IV] (1990-10-29, Led Zeppelin, 3a4f0cbb-a599-48ea-af19-f2f6d397a3d9)"],"artist":["Led Zeppelin"],"artists":["Led Zeppelin"],"artistsort":["Led Zeppelin"],"asin":["B000065LZE"],"barcode":["075678008429"],"catalognumber":["CD 19129"],"date":["1990-10-29"],"discnumber":["1"],"disctotal":["1"],"file_name":"05 - Led Zeppelin - Misty Mountain Hop.flac","genre":["Hard Rock"],"isrc":["USAT29900618"],"label":["Atlantic"],"language":["eng"],"media":["CD"],"musicbrainz_albumartistid":["678d88b2-87b0-403b-b63d-5da7465aecc3"],"musicbrainz_albumid":["3a4f0cbb-a599-48ea-af19-f2f6d397a3d9"],"musicbrainz_artistid":["678d88b2-87b0-403b-b63d-5da7465aecc3"],"musicbrainz_recordingid":["2ff06d14-7e70-4713-94e9-5fb44de6f036"],"musicbrainz_releasegroupid":["2e61da88-39e9-3473-81d2-c964cb394952"],"musicbrainz_releasetrackid":["17f3246c-bcfe-36c8-bc04-34c29f73c74f"],"musicbrainz_workid":["ef0a0d51-257a-3d2b-8878-d9fc4ce30844"],"musicip_puid":["90271ac9-f569-cc16-ce0b-462dc09a8397"],"originaldate":["1971-11-08"],"producer":["Jimmy Page"],"releasecountry":["CA"],"releasestatus":["official"],"releasetype":["album"],"replaygain_album_gain":["-1.07 dB"],"replaygain_album_peak":["0.84826660"],"replaygain_track_gain":["-1.34 dB"],"replaygain_track_peak":["0.69848633"],"script":["Latn"],"title":["Misty Mountain Hop"],"totaldiscs":["1"],"totaltracks":["8"],"tracknumber":["5"],"tracktotal":["8"],"work":["Misty Mountain Hop"],"writer":["John Paul Jones","Jimmy Page","Robert Plant"]},"version":{"essentia":"2.1-beta1","essentia_build_sha":"5a55991247aa8bc5301991e5ebe36927b56abb96","essentia_git_sha":"v2.1_beta1-6-