{"lowlevel":{"average_loudness":0.900065600872,"barkbands":{"dmean":[0.00571610871702,0.0115278409794,0.00391422305256,0.00183449825272,0.00286510540172,0.0014508824097,0.00140330952127,0.00102094514295,0.00061614473816,0.000598519283812,0.000377736898372,0.000424582511187,0.000287342903903,0.000278972409433,0.00026217463892,0.000192802821402,0.00014424364781,0.000101390265627,0.000112399407953,0.0000723833436496,0.000055350967159,0.00007847721281,0.0000203952222364,0.0000176922694664,0.00000664596200295,0.0000180879724212,0.000140689546242],"dmean2":[0.00970096327364,0.0199382100254,0.00661867111921,0.0030962866731,0.00463588256389,0.00235419627279,0.0021648418624,0.00165714789182,0.000987629289739,0.000958755088504,0.000617726182099,0.000694438815117,0.000461715331767,0.000463053525891,0.000433447770774,0.000315390789183,0.00023163932201,0.000159331189934,0.00017002709501,0.00010850324179,0.0000827751791803,0.000111736095278,0.0000302924654534,0.0000251605652011,0.0000109855445771,0.0000249593813351,0.00020002706151],"dvar":[0.0000829455893836,0.000287794566248,0.0000356509226549,0.0000113180967674,0.0000221538939513,0.00000666681762596,0.000010951828699,0.00000491479931952,0.0000012959800415,9.43239058415e-7,4.37306937329e-7,4.12618788914e-7,2.39147482262e-7,2.24322576514e-7,2.54592492865e-7,1.19333591897e-7,5.49865220023e-8,5.42756950495e-8,1.63533542263e-7,6.209668868e-8,6.66728325882e-8,3.66269610197e-8,1.77576142679e-9,3.67368557797e-9,4.55079668393e-10,1.76256509388e-9,5.86453303697e-8],"dvar2":[0.00022671536135,0.000801607093308,0.0000915197961149,0.0000291985088552,0.0000551533375983,0.0000165187848324,0.0000251938599831,0.0000128045294332,0.00000306232573166,0.00000229446254707,0.00000111803660729,0.00000104784942323,5.74524278818e-7,6.012193694e-7,7.30303497676e-7,3.05870884176e-7,1.36639684456e-7,1.28751423745e-7,3.44665096463e-7,1.18279409378e-7,1.41320029456e-7,6.75198776889e-8,3.81719367226e-9,7.26536253381e-9,9.05449659694e-10,3.49541173783e-9,1.34340879754e-7],"max":[0.116858132184,0.1913818717,0.125601500273,0.107470862567,0.110103920102,0.0562117435038,0.1254760921,0.0582001581788,0.0362307429314,0.018973082304,0.0127822579816,0.0122367944568,0.0102723166347,0.0077523496002,0.0205268915743,0.00804811064154,0.00790593214333,0.00740229338408,0.0210687760264,0.0121605535969,0.0126312710345,0.0050247637555,0.000913765921723,0.00124448980205,0.000347388733644,0.000786380842328,0.00728480517864],"mean":[0.00846112519503,0.0151004279032,0.00525980908424,0.00226191873662,0.00475855357945,0.00233067688532,0.00248250318691,0.00166380929295,0.000995390117168,0.00107338826638,0.000592490949202,0.000721890537534,0.000467500591185,0.000457092479337,0.000479712238302,0.000365534215234,0.000300427753245,0.000197693894734,0.000214990664972,0.000133647583425,0.000100689700048,0.000138508607051,0.0000356296004611,0.0000267529521807,0.00000746988280298,0.0000344936634065,0.000498781679198],"median":[0.00416473206133,0.00982354022563,0.00241579208523,0.00110280665103,0.00274907960556,0.00109069759492,0.00108414399438,0.000582159496844,0.000452855543699,0.000534403312486,0.000306294125039,0.000455391884316,0.000251526129432,0.000254817248788,0.000253671343671,0.000190442107851,0.000158961163834,0.0000728445011191,0.0000755728760851,0.0000423731980845,0.0000332833515131,0.0000271563203569,0.0000136072103487,0.00000742468546377,0.00000126604095385,0.0000131725055326,0.000221180729568],"min":[8.6028165987e-26,2.26200165052e-24,9.2323823283e-25,6.9683850569e-25,5.56159481069e-24,7.31742879176e-24,1.03668502958e-23,7.13570600477e-24,1.81574197148e-23,9.11161009029e-24,9.21044173994e-24,2.00850881114e-23,2.44858480676e-23,2.5937279558e-23,4.64659362678e-23,5.73091039336e-23,9.38715447132e-23,8.84316924394e-23,1.16362928376e-22,1.71592620207e-22,2.63234427483e-22,3.19033878836e-22,4.13580713728e-22,5.49505511909e-22,8.51016480256e-22,1.1981843449e-21,1.8499044197e-21],"var":[0.000129441381432,0.000314152450301,0.0000580620944675,0.0000152999455167,0.0000419730749854,0.0000130408343466,0.0000255271188507,0.0000113908954518,0.00000293202424473,0.00000247249795393,7.73600902448e-7,7.73577994551e-7,4.21269191975e-7,3.48395076344e-7,5.32209014636e-7,2.97488156775e-7,1.94296703171e-7,1.58364386493e-7,3.79401143391e-7,1.81379434139e-7,1.69221934243e-7,9.55963272986e-8,3.51001494536e-9,6.01241589848e-9,6.59351129251e-10,3.5726481773e-9,5.5679788602e-7]},"barkbands_crest":{"dmean":2.96522974968,"dmean2":4.98306846619,"dvar":6.25323152542,"dvar2":16.7370052338,"max":25.702129364,"mean":10.6113328934,"median":9.92283821106,"min":2.63398504257,"var":16.9143009186},"barkbands_flatness_db":{"dmean":0.0323474667966,"dmean2":0.0522564202547,"dvar":0.00124118418898,"dvar2":0.00279665808193,"max":0.569809019566,"mean":0.158471077681,"median":0.144501507282,"min":0.0233014412224,"var":0.00522980140522},"barkbands_kurtosis":{"dmean":6.16799688339,"dmean2":10.0963792801,"dvar":211.867172241,"dvar2":540.989501953,"max":462.943969727,"mean":11.503162384,"median":6.30684232712,"min":-1.74702453613,"var":515.83807373},"barkbands_skewness":{"dmean":0.687584757805,"dmean2":1.1120620966,"dvar":0.550854802132,"dvar2":1.35109770298,"max":17.0805587769,"mean":2.47969770432,"median":2.20359134674,"min":-2.17573070526,"var":2.17358875275},"barkbands_spread":{"dmean":5.44436788559,"dmean2":8.45640277863,"dvar":37.5415306091,"dvar2":84.3820037842,"max":103.3804245,"mean":19.3728427887,"median":16.2801742554,"min":0.287195950747,"var":187.539535522},"dissonance":{"dmean":0.0200242064893,"dmean2":0.033793065697,"dvar":0.000408222840633,"dvar2":0.00107973197009,"max":0.499999970198,"mean":0.463559031487,"median":0.471282094717,"min":0.245893239975,"var":0.000884393695742},"dynamic_complexity":2.81852388382,"erbbands":{"dmean":[0.562006652355,1.97343349457,4.32532024384,5.02952051163,7.37923002243,10.5020418167,14.1920394897,11.6120262146,17.5668830872,22.0446987152,19.8427295685,13.2387304306,15.6611480713,18.88722229,14.7650556564,15.8926773071,12.5964689255,13.4874305725,12.8604230881,11.8564472198,9.77624607086,7.62569761276,5.45398044586,5.30972623825,5.52224159241,3.22589731216,2.47238731384,2.03028416634,2.75133085251,1.68659520149,0.577424764633,0.512299418449,0.20754557848,0.0887342244387,0.0375241674483,0.0390394255519,0.0442026257515,0.0368624068797,0.00948220863938,0.00310309766792],"dmean2":[0.981249213219,3.43883132935,7.38925600052,8.37968826294,12.2782592773,17.1211261749,22.8096752167,18.9850940704,27.4345855713,34.7816963196,31.945514679,21.1883792877,25.4566497803,29.5905456543,23.9912910461,25.7409095764,20.1145420074,22.0137996674,21.1567974091,19.5472106934,15.913766861,12.2784366608,8.52193927765,8.22896575928,8.48843860626,4.74792718887,3.63126444817,3.0532348156,3.88576793671,2.46039867401,0.846334695816,0.723206341267,0.308087408543,0.143173247576,0.0632382035255,0.0581568144262,0.0600525587797,0.0503303147852,0.0125577179715,0.00447841500863],"dvar":[0.759374439716,7.91729784012,39.2260437012,70.0250091553,166.418716431,401.833557129,658.436645508,531.572814941,1199.94042969,4250.96142578,2033.23925781,721.281677246,687.722106934,1095.9876709,556.937438965,584.174743652,450.517242432,575.83203125,392.082427979,578.008728027,353.070983887,172.394226074,144.962722778,237.032455444,434.191711426,148.269485474,120.229560852,86.9066009521,47.9552497864,14.896440506,1.40907919407,3.07070541382,0.444077908993,0.0710555389524,0.0137211475521,0.010765530169,0.0131177091971,0.00544478371739,0.000395412498619,0.0000272665492957],"dvar2":[2.13102984428,22.2469863892,105.294586182,171.580413818,432.570251465,987.873840332,1594.59228516,1337.27661133,2716.42895508,9258.18066406,5359.65820312,1691.04699707,1787.83740234,2562.3503418,1431.39099121,1487.42114258,1065.50341797,1507.22265625,1061.44396973,1645.56005859,907.323791504,427.619262695,333.168060303,539.923217773,946.037231445,282.928863525,240.449752808,186.820129395,94.9062194824,27.3177337646,2.90891170502,5.89511632919,0.957506537437,0.144585683942,0.0266630835831,0.021768597886,0.0253521110862,0.00933715328574,0.000713022076525,0.0000639342033537],"max":[10.2859773636,39.4224243164,141.623214722,305.076660156,288.310424805,505.144226074,519.961486816,570.486450195,1228.78820801,2674.33666992,1261.12121582,980.231384277,541.338928223,677.981201172,423.657043457,525.135742188,406.367950439,393.34173584,304.109069824,1055.07861328,518.520080566,444.631256104,439.106109619,661.016479492,1079.7845459,635.872924805,466.751373291,533.596679688,208.883850098,58.8793373108,23.254611969,31.4701786041,16.2942943573,4.40158224106,1.85428702831,1.790797472,2.07151651382,1.27318191528,0.846100211143,0.168089404702],"mean":[0.673028767109,2.57830071449,5.96943378448,7.03445720673,10.8722858429,16.1290798187,22.2001552582,18.2971782684,31.3959293365,38.5177116394,33.4422416687,22.6559715271,27.5018844604,34.925403595,26.8067493439,28.3648433685,21.9825286865,22.8839206696,24.7210845947,23.315486908,19.7560272217,16.4978275299,11.5136270523,10.7274150848,10.4213314056,6.15161180496,4.52315855026,3.68374419212,4.78822422028,2.94432210922,1.00839793682,0.794419705868,0.302702486515,0.108903817832,0.0394988432527,0.058442633599,0.0824403315783,0.0776872634888,0.0300878733397,0.012119943276],"median":[0.359514296055,1.63380801678,3.19940018654,4.00196218491,5.80165672302,7.72041082382,9.96552276611,8.35704040527,14.7969303131,15.3669338226,12.5637588501,10.5397090912,14.3875045776,17.5578765869,16.2768993378,18.4045352936,12.5141201019,12.9846763611,14.9255962372,11.8909454346,10.5916128159,8.67422962189,4.60668373108,4.22531461716,3.12661361694,2.03010559082,1.4783103466,1.21367049217,1.07189059258,0.615261912346,0.371212124825,0.209888786077,0.0941341072321,0.0238582342863,0.00627353927121,0.0194108597934,0.028739547357,0.0263027958572,0.0145302191377,0.00600852724165],"min":[8.80298971814e-23,6.55482373337e-22,1.09581933046e-21,3.01653927613e-21,7.90185605891e-21,2.36002755165e-20,4.00574263909e-20,6.49166562594e-20,1.96580067109e-19,1.37143094667e-19,2.37325148777e-19,4.03528610552e-19,3.82366176857e-19,6.05042706618e-19,8.91022722423e-19,8.64701008151e-19,1.18215183414e-18,1.6957858098e-18,2.75453749599e-18,2.43804723348e-18,4.32659755887e-18,5.38879052321e-18,4.4095811451e-18,6.63119801888e-18,7.08189357948e-18,8.78301863334e-18,8.41923866201e-18,9.78556484448e-18,1.06297787602e-17,1.05696162599e-17,1.22604710393e-17,1.17199308428e-17,9.55433146732e-18,8.96457071572e-18,6.02779540462e-18,4.51683338333e-18,2.32522496781e-18,9.51745844395e-19,2.32841080224e-19,2.58056892791e-20],"var":[0.79957062006,9.08069133759,62.2554359436,107.869995117,244.619354248,764.128479004,1280.57629395,976.161010742,3316.265625,9717.94140625,4465.10644531,1710.0715332,1392.72741699,2814.16577148,1083.7331543,1151.6854248,843.886657715,882.29876709,846.777526855,1378.26171875,851.723510742,597.760253906,450.094451904,610.475341797,1043.48596191,401.327026367,333.585540771,214.064498901,119.822608948,36.6245040894,2.86637926102,5.31961011887,0.634234189987,0.103758603334,0.0200610794127,0.0171561092138,0.0258636586368,0.0164932888001,0.00205509434454,0.000287274975562]},"erbbands_crest":{"dmean":2.41882967949,"dmean2":3.953166008,"dvar":5.52255725861,"dvar2":13.2108898163,"max":31.9478549957,"mean":8.00691986084,"median":6.87853813171,"min":2.61093640327,"var":15.8207063675},"erbbands_flatness_db":{"dmean":0.0237049981952,"dmean2":0.0382066369057,"dvar":0.00091149477521,"dvar2":0.00197061919607,"max":0.431897312403,"mean":0.142315506935,"median":0.133267179132,"min":0.0431105270982,"var":0.00270627159625},"erbbands_kurtosis":{"dmean":0.847651600838,"dmean2":1.35305225849,"dvar":2.18142461777,"dvar2":5.23517179489,"max":34.313583374,"mean":0.481361478567,"median":-0.0339856147766,"min":-1.8036481142,"var":5.0686955452},"erbbands_skewness":{"dmean":0.341633319855,"dmean2":0.535636484623,"dvar":0.105394557118,"dvar2":0.24060189724,"max":4.54841661453,"mean":0.333083361387,"median":0.2992426157,"min":-4.51874303818,"var":0.501557588577},"erbbands_spread":{"dmean":6.60482311249,"dmean2":10.2723035812,"dvar":45.4317131042,"dvar2":99.422492981,"max":127.808868408,"mean":32.7022666931,"median":30.957983017,"min":2.50373220444,"var":172.670852661},"gfcc":{"cov":[[21698.9589844,-1221.0501709,-1757.44885254,297.021789551,-679.256103516,-184.231765747,103.575912476,-93.5368423462,-230.579376221,-9.22501850128,-286.092437744,-36.8913955688,-350.035339355],[-1221.0501709,1767.39196777,-30.269701004,-444.596710205,270.12210083,-107.345657349,27.0981388092,-121.337501526,200.448974609,-93.1408004761,67.2695465088,-25.8724746704,106.690704346],[-1757.44885254,-30.269701004,454.879669189,108.568031311,-84.9025192261,158.337768555,-37.4196281433,76.0886459351,-41.656375885,46.5863342285,7.26981925964,29.6339759827,0.27888700366],[297.021789551,-444.596710205,108.568031311,357.639373779,1.65756797791,36.2186584473,57.0615310669,46.766708374,-75.1979904175,23.3813800812,-10.5864515305,16.3647880554,-39.6097373962],[-679.256103516,270.12210083,-84.9025192261,1.65756797791,304.790374756,-30.1811542511,85.2169952393,-43.1968612671,88.3368911743,-42.6661376953,36.268119812,-12.5021467209,50.3417167664],[-184.231765747,-107.345657349,158.337768555,36.2186584473,-30.1811542511,256.655883789,-6.45896196365,58.1557655334,-43.9580001831,36.4137229919,-27.8235416412,32.0913238525,-9.21831798553],[103.575912476,27.0981388092,-37.4196281433,57.0615310669,85.2169952393,-6.45896196365,187.335113525,8.65349960327,54.8313827515,-3.75594425201,4.17688274384,-9.03538417816,-8.64446163177],[-93.5368423462,-121.337501526,76.0886459351,46.766708374,-43.1968612671,58.1557655334,8.65349960327,143.176422119,17.6316986084,40.2698898315,12.5290575027,4.04580593109,3.67858910561],[-230.579376221,200.448974609,-41.656375885,-75.1979904175,88.3368911743,-43.9580001831,54.8313827515,17.6316986084,148.444793701,27.0095710754,29.7719802856,0.850455343723,15.908864975],[-9.22501850128,-93.1408004761,46.5863342285,23.3813800812,-42.6661376953,36.4137229919,-3.75594425201,40.2698898315,27.0095710754,81.228805542,26.611738205,12.0817489624,-2.3225414753],[-286.092437744,67.2695465088,7.26981925964,-10.5864515305,36.268119812,-27.8235416412,4.17688274384,12.5290575027,29.7719802856,26.611738205,68.0382156372,25.1269416809,24.6587696075],[-36.8913955688,-25.8724746704,29.6339759827,16.3647880554,-12.5021467209,32.0913238525,-9.03538417816,4.04580593109,0.850455343723,12.0817489624,25.1269416809,65.7845687866,22.1645393372],[-350.035339355,106.690704346,0.27888700366,-39.6097373962,50.3417167664,-9.21831798553,-8.64446163177,3.67858910561,15.908864975,-2.3225414753,24.6587696075,22.1645393372,78.6830673218]],"icov":[[0.000135780588607,-0.00013154152839,0.000904089363758,-0.000632813491393,0.000792720529716,-0.000492826744448,0.0000491014543513,0.000123108344269,-0.000339757563779,0.000237669650232,-0.000146118269186,0.000194101929083,-0.0000378192526114],[-0.00013154152839,0.00140431593172,-0.00158543104772,0.00194184330758,-0.00122572330292,0.000443025142886,-0.000242073117988,0.000586807436775,-0.00068109924905,0.00126164394896,-0.000957175099757,0.000461747840745,-0.000379265315132],[0.000904089363758,-0.00158543104772,0.0102798007429,-0.00748705212027,0.00850606057793,-0.00715476647019,0.00158485141583,0.00141866633203,-0.00481898058206,0.00409741839394,-0.00495095923543,0.00435755075887,-0.00238696648739],[-0.000632813491393,0.00194184330758,-0.00748705212027,0.0130824707448,-0.011693273671,0.00892994087189,-0.00359560269862,-0.00526243168861,0.011760850437,-0.010336022824,0.00962129235268,-0.0104361269623,0.0067842733115],[0.000792720529716,-0.00122572330292,0.00850606057793,-0.011693273671,0.0197051595896,-0.0124355377629,0.000951532332692,0.00810666009784,-0.0161103736609,0.0174836665392,-0.0170979183167,0.0154798552394,-0.010295660235],[-0.000492826744448,0.000443025142886,-0.00715476647019,0.00892994087189,-0.0124355377629,0.0157482177019,-0.00252206693403,-0.00759796705097,0.0137188415974,-0.0157502200454,0.0175023246557,-0.0154312998056,0.00723015749827],[0.0000491014543513,-0.000242073117988,0.00158485141583,-0.00359560269862,0.000951532332692,-0.00252206693403,0.00809080060571,0.000762760580983,-0.00553162861615,0.00370296183974,-0.00254316232167,0.00299832131714,-0.000139901327202],[0.000123108344269,0.000586807436775,0.00141866633203,-0.00526243168861,0.00810666009784,-0.00759796705097,0.000762760580983,0.0140486005694,-0.0103722475469,0.00735827768221,-0.0109132938087,0.0107117276639,-0.00683494424447],[-0.000339757563779,-0.00068109924905,-0.00481898058206,0.011760850437,-0.0161103736609,0.0137188415974,-0.00553162861615,-0.0103722475469,0.0284478999674,-0.023509722203,0.0174939483404,-0.0172112695873,0.0100616095588],[0.000237669650232,0.00126164394896,0.00409741839394,-0.010336022824,0.0174836665392,-0.0157502200454,0.00370296183974,0.00735827768221,-0.023509722203,0.0414951331913,-0.0294516775757,0.0194157455117,-0.0091008245945],[-0.000146118269186,-0.000957175099757,-0.00495095923543,0.00962129235268,-0.0170979183167,0.0175023246557,-0.00254316232167,-0.0109132938087,0.0174939483404,-0.0294516775757,0.0467548407614,-0.0272366888821,0.00734280841425],[0.000194101929083,0.000461747840745,0.00435755075887,-0.0104361269623,0.0154798552394,-0.0154312998056,0.00299832131714,0.0107117276639,-0.0172112695873,0.0194157455117,-0.0272366888821,0.0385210588574,-0.0151773458347],[-0.0000378192526114,-0.000379265315132,-0.00238696648739,0.0067842733115,-0.010295660235,0.00723015749827,-0.000139901327202,-0.00683494424447,0.0100616095588,-0.0091008245945,0.00734280841425,-0.0151773458347,0.0238885972649]],"mean":[-3.43398547173,107.708221436,-82.8108978271,0.521507501602,-15.5195560455,-9.88599491119,-3.91037583351,-15.1297597885,2.58180999756,-7.78861808777,-6.14426231384,3.18728232384,-9.91010856628]},"hfc":{"dmean":19.6100769043,"dmean2":28.8556175232,"dvar":640.824279785,"dvar2":1321.2253418,"max":547.211853027,"mean":68.1885681152,"median":54.7122955322,"min":1.05814340239e-16,"var":3004.20751953},"melbands":{"dmean":[0.00401600124314,0.0022219158709,0.000892225711141,0.00060711230617,0.000493334722705,0.000256867351709,0.000273644371191,0.00023889921431,0.000148569684825,0.0000841519868118,0.0000804424125818,0.0000813018341432,0.0000514492967341,0.0000536491497769,0.0000321174811688,0.0000283949357254,0.0000261942241195,0.0000220158235607,0.0000208467718039,0.0000143038059832,0.0000116433448056,0.00000884916153154,0.00000673198837831,0.00000480122798763,0.00000466133587906,0.00000413596990256,0.00000357184171662,0.00000212612735595,0.00000164706113992,0.0000015556162225,0.00000110169605705,0.00000130182797875,0.00000214096939999,5.64849131024e-7,3.17212624168e-7,3.61817285466e-7,2.92101816513e-7,1.68963879332e-7,8.78242829572e-8,7.47703339243e-8],"dmean2":[0.00696011260152,0.00381503603421,0.00147343834396,0.000996268354356,0.000791203754488,0.000419499643613,0.000423757679528,0.000379652890842,0.000238767126575,0.000134767906275,0.00013088581909,0.00012748624431,0.0000837201005197,0.0000883589818841,0.0000526828225702,0.0000455915323982,0.000043252712203,0.0000365109808627,0.0000346433989762,0.0000236071628024,0.0000190380123968,0.0000144566574818,0.0000107269643195,0.00000766494940763,0.00000739218103263,0.00000631359989711,0.00000562548211747,0.00000323239487443,0.00000246126433012,0.0000024166622552,0.00000167858672739,0.00000186076215414,0.00000312023576043,8.54263589645e-7,4.76122750115e-7,5.31362161382e-7,4.24214761097e-7,2.56668130305e-7,1.37591314342e-7,1.23503937743e-7],"dvar":[0.0000372765680368,0.00000862040724314,0.00000202218552658,0.00000115232955977,7.20045761682e-7,2.33556264106e-7,3.01665807001e-7,4.01205909384e-7,1.05813647622e-7,2.69186681834e-8,1.77477623708e-8,1.97755714026e-8,7.48859374511e-9,6.8445791257e-9,2.729493076e-9,2.37287323124e-9,2.19226836684e-9,1.13399312163e-9,2.36604558168e-9,6.48189169006e-10,5.00770924727e-10,2.46001247151e-10,1.95859231611e-10,1.36924652172e-10,1.88654369904e-10,3.16242060316e-10,1.53410784076e-10,8.49573050798e-11,5.44632984545e-11,6.00853672372e-11,2.36596107289e-11,1.53618402721e-11,2.68972240314e-11,1.563725603e-12,3.66814136574e-13,1.14240008512e-12,1.09350191662e-12,3.49808100238e-13,4.57884395005e-14,7.18270928846e-14],"dvar2":[0.000103876169305,0.0000237569365709,0.00000503329692947,0.00000296602388516,0.00000173061278019,5.83847395319e-7,6.9595637342e-7,8.92964578725e-7,2.77829997231e-7,6.35381809388e-8,4.6213362026e-8,4.59188811419e-8,1.89147204566e-8,1.74413337106e-8,6.85808787537e-9,5.70827518587e-9,5.83775294771e-9,3.08885805822e-9,6.95797330863e-9,1.70139313749e-9,1.30230082274e-9,6.42651376559e-10,4.6427919842e-10,3.35179717315e-10,4.59790594487e-10,6.8769323569e-10,3.61315866115e-10,1.78340495149e-10,1.15905562925e-10,1.40102207613e-10,5.06289142554e-11,3.44293239751e-11,4.94098026382e-11,3.32838270833e-12,7.76423413409e-13,2.45907265904e-12,2.11047065241e-12,7.86572087845e-13,1.02018369338e-13,1.57566478311e-13],"max":[0.0709553584456,0.0569823645055,0.0441761948168,0.0239524058998,0.0205280985683,0.0111009236425,0.0185258202255,0.0239973273128,0.00832109991461,0.0052605275996,0.0027386341244,0.00298842857592,0.00150957144797,0.00164369994309,0.00119799305685,0.000833665428218,0.000766338489484,0.000522538961377,0.00224328483455,0.000655641895719,0.000629342102911,0.000581410015002,0.000562475703191,0.000327821093379,0.00051545293536,0.00102004641667,0.00054171984084,0.000489509548061,0.000342449231539,0.000365021085599,0.0002810646547,0.000160386407515,0.000070775335189,0.0000253997641266,0.0000128655392473,0.0000235940242419,0.0000201435814233,0.0000145962412716,0.00000456957377537,0.00000479903746964],"mean":[0.00562046701089,0.00323027581908,0.00136672181543,0.000945177860558,0.000791910220869,0.000406237930292,0.000493240135256,0.000414677459048,0.000247824151302,0.000138034069096,0.000137998707942,0.000145293757669,0.0000863364766701,0.0000887474016054,0.0000545476395928,0.000046129043767,0.0000417598639615,0.0000391137000406,0.0000369730587408,0.0000265977396339,0.0000220608653763,0.0000176492048922,0.0000127583089125,0.00000915943019208,0.00000862766501086,0.00000770721362642,0.00000638579467704,0.00000361828097084,0.00000281625921161,0.00000256373891716,0.00000192638640328,0.00000219389244194,0.00000361692923434,9.03868169644e-7,5.4142941508e-7,5.50043296244e-7,4.40515066202e-7,2.37209718534e-7,1.1528469912e-7,8.26947328392e-8],"median":[0.00358079443686,0.00207519344985,0.000838113715872,0.000524217204656,0.000384868500987,0.000189751357539,0.000230048928643,0.000164815253811,0.0000936273645493,0.0000627001500106,0.0000710325184627,0.0000707598301233,0.0000476104214613,0.0000540696892131,0.0000336130542564,0.0000245024166361,0.0000227796226682,0.0000235562856687,0.0000180434180947,0.0000136338239827,0.0000115459770313,0.00000919399099075,0.00000534295986654,0.00000315553484143,0.00000335465483658,0.00000239586324824,0.00000176488958914,0.00000115793420719,8.53075448504e-7,8.13479005046e-7,6.11516725257e-7,5.8300861383e-7,4.9356577847e-7,2.77117749192e-7,2.09405129681e-7,1.69164621866e-7,1.08521859943e-7,7.09427894208e-8,3.55257014917e-8,1.29627082401e-8],"min":[8.1611713418e-25,6.82883359061e-25,5.46798048985e-25,1.21044296411e-24,1.48685736011e-24,1.50738184454e-24,2.80460522747e-24,1.3861040453e-24,1.82241147488e-24,2.37779834558e-24,1.73035180168e-24,2.18971398704e-24,1.81433196149e-24,2.07249260918e-24,2.16241900529e-24,2.30989950975e-24,1.75910341509e-24,3.65132434692e-24,3.5494350724e-24,2.5096617707e-24,4.09873745894e-24,4.16474894506e-24,3.36620911096e-24,4.63268821783e-24,3.97623406567e-24,2.56756988039e-24,5.01190824889e-24,5.04217447525e-24,3.8889347736e-24,5.37910288432e-24,4.19185420576e-24,5.24442263413e-24,5.25793818801e-24,5.67153441075e-24,6.80399393843e-24,5.56101302577e-24,6.04763686352e-24,5.92440022404e-24,6.77693679824e-24,6.48463937817e-24],"var":[0.0000434981702711,0.000013043427316,0.00000318105594488,0.00000192231163965,0.00000145129388329,4.43535100203e-7,8.04889509709e-7,9.45257852436e-7,2.34856997849e-7,6.08718764283e-8,3.56722118511e-8,5.09332274135e-8,1.401145866e-8,1.23680781172e-8,4.86535878252e-9,4.04601241399e-9,3.15749071333e-9,2.14839612767e-9,4.54492798951e-9,1.58810731232e-9,1.08864395276e-9,7.07051528437e-10,5.08866393467e-10,3.83961695771e-10,4.08792832918e-10,6.65132893207e-10,3.48932077676e-10,1.8112177036e-10,1.36830782815e-10,1.23203697244e-10,5.83760192963e-11,3.23097625043e-11,6.92596535679e-11,2.88562164615e-12,7.73941674637e-13,1.7357350366e-12,1.85814883445e-12,4.49034364379e-13,6.29643838695e-14,9.3351297829e-14]},"melbands_crest":{"dmean":4.62347984314,"dmean2":7.83911085129,"dvar":15.2301521301,"dvar2":41.5054588318,"max":37.3878631592,"mean":17.2878856659,"median":16.390542984,"min":1.56223464012,"var":43.7300415039},"melbands_flatness_db":{"dmean":0.040095500648,"dmean2":0.0647120177746,"dvar":0.00180996581912,"dvar2":0.00408135447651,"max":0.750649690628,"mean":0.270364075899,"median":0.25744086504,"min":0.00343034672551,"var":0.00819348916411},"melbands_kurtosis":{"dmean":9.34730911255,"dmean2":15.3784236908,"dvar":306.393615723,"dvar2":756.598144531,"max":419.567138672,"mean":16.7298088074,"median":9.69174575806,"min":-1.72834348679,"var":591.598754883},"melbands_skewness":{"dmean":0.879466295242,"dmean2":1.43424844742,"dvar":0.870297789574,"dvar2":2.20334720612,"max":17.4910621643,"mean":3.02517390251,"median":2.68394899368,"min":-0.931844234467,"var":2.84186649323},"melbands_spread":{"dmean":4.57565116882,"dmean2":7.35524892807,"dvar":31.1883506775,"dvar2":72.4688034058,"max":158.514572144,"mean":14.8420524597,"median":11.8591718674,"min":0.314365416765,"var":227.1978302},"mfcc":{"cov":[[8950.49609375,-378.267272949,-733.443237305,410.51675415,-356.248779297,5.85264587402,-92.8927154541,92.4517745972,-153.888244629,84.8666763306,0.453769803047,-106.527656555,-137.294891357],[-378.267272949,1860.20910645,-133.101867676,-224.407592773,92.41015625,1.97173261642,-103.868637085,-26.2677574158,69.3057174683,-25.0785293579,-0.403496652842,12.7375307083,39.9798622131],[-733.443237305,-133.101867676,547.233154297,-87.1973342896,10.3022699356,21.9783554077,46.0327796936,10.0502996445,-5.59124183655,-5.26424217224,12.5377979279,18.5061073303,6.20888662338],[410.51675415,-224.407592773,-87.1973342896,347.538421631,-21.0014152527,8.4682674408,47.7795677185,34.2194328308,-9.73133659363,14.0613641739,19.9359970093,-3.96570801735,-1.62323188782],[-356.248779297,92.41015625,10.3022699356,-21.0014152527,147.148788452,36.1476211548,16.9682731628,2.32631993294,21.5733013153,-10.5810775757,-11.0661411285,15.5085458755,14.1899576187],[5.85264587402,1.97173261642,21.9783554077,8.4682674408,36.1476211548,161.023468018,50.3337936401,35.3577270508,15.7859830856,5.17976808548,6.09964752197,-13.8900747299,-2.79992103577],[-92.8927154541,-103.868637085,46.0327796936,47.7795677185,16.9682731628,50.3337936401,117.593475342,44.246471405,14.0261316299,6.07091856003,1.1959798336,-4.00554132462,-6.08868789673],[92.4517745972,-26.2677574158,10.0502996445,34.2194328308,2.32631993294,35.3577270508,44.246471405,95.7742080688,31.0391921997,24.2544174194,10.3059034348,-0.846784949303,-0.421892791986],[-153.888244629,69.3057174683,-5.59124183655,-9.73133659363,21.5733013153,15.7859830856,14.0261316299,31.0391921997,84.6091156006,35.5500946045,16.5449008942,15.9987573624,9.58307266235],[84.8666763306,-25.0785293579,-5.26424217224,14.0613641739,-10.5810775757,5.17976808548,6.07091856003,24.2544174194,35.5500946045,83.8778686523,27.5048408508,24.7234325409,3.61515593529],[0.453769803047,-0.403496652842,12.5377979279,19.9359970093,-11.0661411285,6.09964752197,1.1959798336,10.3059034348,16.5449008942,27.5048408508,81.2573013306,12.112947464,17.1488895416],[-106.527656555,12.7375307083,18.5061073303,-3.96570801735,15.5085458755,-13.8900747299,-4.00554132462,-0.846784949303,15.9987573624,24.7234325409,12.112947464,79.7919616699,22.1460514069],[-137.294891357,39.9798622131,6.20888662338,-1.62323188782,14.1899576187,-2.79992103577,-6.08868789673,-0.421892791986,9.58307266235,3.61515593529,17.1488895416,22.1460514069,60.5426750183]],"icov":[[0.000158781869686,0.00000585950101595,0.000184691307368,-0.000100537581602,0.000275927246548,-0.000112485751742,0.000181498515303,-0.000246376323048,0.000346172426362,-0.000199257294298,0.0000157942067744,0.0000239592645812,0.000225098163355],[0.00000585950101595,0.000670844689012,0.000200471215067,0.000373066577595,-0.000280250038486,-0.0000916143326322,0.000511878519319,-0.0000738168528187,-0.000566513976082,0.00038353150012,-0.000115876988275,0.0000132573086375,-0.000233111553825],[0.000184691307368,0.000200471215067,0.00235769059509,0.000722148513887,0.000306615111185,-0.000204261057661,-0.00079769839067,-0.00043514140998,0.000808079552371,0.000150403691805,-0.000573655823246,-0.000597577833105,0.000143643876072],[-0.000100537581602,0.000373066577595,0.000722148513887,0.00376620027237,-0.0000120375270853,0.000293776451144,-0.00149691908155,-0.000769828213379,0.000726513098925,-0.00000151052586261,-0.000988904736005,-0.0000912086761673,-0.000388365762774],[0.000275927246548,-0.000280250038486,0.000306615111185,-0.0000120375270853,0.00900083035231,-0.00206307275221,-0.000752305495553,0.000467327743536,-0.00173303426709,0.00166439497843,0.00158612022642,-0.00191095878836,-0.00107372214552],[-0.000112485751742,-0.0000916143326322,-0.000204261057661,0.000293776451144,-0.00206307275221,0.00807261932641,-0.00271957134828,-0.00143306411337,-0.000163062562933,-0.000319772836519,-0.00084181240527,0.00183504086453,0.0000197284316528],[0.000181498515303,0.000511878519319,-0.00079769839067,-0.00149691908155,-0.000752305495553,-0.00271957134828,0.013071352616,-0.00441987393424,-0.000690046406817,0.000596647558268,0.000612303672824,0.0000436412956333,0.00133375683799],[-0.000246376323048,-0.0000738168528187,-0.00043514140998,-0.000769828213379,0.000467327743536,-0.00143306411337,-0.00441987393424,0.0155542129651,-0.00461993599311,-0.00207026256248,0.000123826888739,0.00105382036418,-0.000563564302865],[0.000346172426362,-0.000566513976082,0.000808079552371,0.000726513098925,-0.00173303426709,-0.000163062562933,-0.000690046406817,-0.00461993599311,0.0185586828738,-0.00664073834196,-0.00124838552438,-0.00069825456012,-0.000539231055882],[-0.000199257294298,0.00038353150012,0.000150403691805,-0.00000151052586261,0.00166439497843,-0.000319772836519,0.000596647558268,-0.00207026256248,-0.00664073834196,0.0186045840383,-0.00410139560699,-0.0050641130656,0.00187444966286],[0.0000157942067744,-0.000115876988275,-0.000573655823246,-0.000988904736005,0.00158612022642,-0.00084181240527,0.000612303672824,0.000123826888739,-0.00124838552438,-0.00410139560699,0.0154020469636,0.00003142789501,-0.00413525383919],[0.0000239592645812,0.0000132573086375,-0.000597577833105,-0.0000912086761673,-0.00191095878836,0.00183504086453,0.0000436412956333,0.00105382036418,-0.00069825456012,-0.0050641130656,0.00003142789501,0.0164866708219,-0.00497778179124],[0.000225098163355,-0.000233111553825,0.000143643876072,-0.000388365762774,-0.00107372214552,0.0000197284316528,0.00133375683799,-0.000563564302865,-0.000539231055882,0.00187444966286,-0.00413525383919,-0.00497778179124,0.0205048918724]],"mean":[-660.094726562,164.478240967,-5.02827072144,25.9535388947,4.37147808075,18.351102829,-3.30506515503,11.1265592575,0.745057165623,4.60540533066,0.451954841614,2.84670376778,3.06929993629]},"pitch_salience":{"dmean":0.0912982448936,"dmean2":0.153875336051,"dvar":0.00610483018681,"dvar2":0.0162895992398,"max":0.827189087868,"mean":0.526821374893,"median":0.540684819221,"min":0.076715759933,"var":0.0178674068302},"silence_rate_20dB":{"dmean":0,"dmean2":0,"dvar":0,"dvar2":0,"max":1,"mean":1,"median":1,"min":1,"var":0},"silence_rate_30dB":{"dmean":0.0500296801329,"dmean2":0.100067839026,"dvar":0.0475262440741,"dvar2":0.113797068596,"max":1,"mean":0.953366100788,"median":1,"min":0,"var":0.044458553195},"silence_rate_60dB":{"dmean":0.000847960647661,"dmean2":0.00169606518466,"dvar":0.000847342016641,"dvar2":0.00169321638532,"max":1,"mean":0.0319654047489,"median":0,"min":0,"var":0.0309437867254},"spectral_centroid":{"dmean":184.472763062,"dmean2":278.346160889,"dvar":55177.4414062,"dvar2":108419.1875,"max":11997.9794922,"mean":1003.35101318,"median":814.691955566,"min":116.358146667,"var":1117741.625},"spectral_complexity":{"dmean":3.55990839005,"dmean2":5.25491857529,"dvar":12.5634250641,"dvar2":22.803735733,"max":61,"mean":20.7263870239,"median":20,"min":0,"var":98.1056976318},"spectral_contrast_coeffs":{"dmean":[0.0555533282459,0.0517555363476,0.0384832397103,0.0277075935155,0.0259420797229,0.0286668855697],"dmean2":[0.0923663750291,0.0861202552915,0.0650637447834,0.0472119525075,0.0436473973095,0.0491248741746],"dvar":[0.00196026707999,0.00173727888614,0.000977901509032,0.000544550828636,0.00072538619861,0.00092179630883],"dvar2":[0.0052168564871,0.00472909864038,0.00265262369066,0.00150361668784,0.0019290978089,0.00245722313412],"max":[-0.275213122368,-0.352113246918,-0.517653107643,-0.591357529163,-0.593461275101,-0.533961772919],"mean":[-0.677572965622,-0.748618304729,-0.801951348782,-0.818015575409,-0.802967727184,-0.738414168358],"median":[-0.682867944241,-0.755058050156,-0.805919289589,-0.82099378109,-0.804843902588,-0.737079024315],"min":[-0.978656589985,-0.980805277824,-0.982886791229,-0.989299058914,-0.97875058651,-0.97556245327],"var":[0.00718349544331,0.0051469146274,0.00257181958295,0.00153913034592,0.00189852539916,0.00307057611644]},"spectral_contrast_valleys":{"dmean":[0.394656419754,0.396911710501,0.347709745169,0.330288290977,0.377002865076,0.596641659737],"dmean2":[0.663041591644,0.664191186428,0.57350564003,0.52944290638,0.607281267643,1.00956857204],"dvar":[0.108760930598,0.120043970644,0.113723926246,0.138685107231,0.291713953018,0.583862423897],"dvar2":[0.28222823143,0.308414518833,0.279166668653,0.315751194954,0.662557423115,1.35734820366],"max":[-4.81831741333,-4.44289445877,-5.14764690399,-5.49458169937,-5.31383514404,-8.54611110687],"mean":[-6.71937847137,-6.55128383636,-7.00104618073,-7.47632789612,-8.02198886871,-11.208357811],"median":[-6.40300178528,-6.26127529144,-6.68014431,-7.12144041061,-7.59002494812,-10.810508728],"min":[-28.2940940857,-28.0486068726,-27.6775951385,-27.9014797211,-27.5431480408,-27.3990211487],"var":[4.29720211029,4.61185789108,4.58278894424,4.61132335663,4.83989858627,3.8929297924]},"spectral_decrease":{"dmean":5.09216624422e-9,"dmean2":8.50483949932e-9,"dvar":3.86633548905e-17,"dvar2":1.04473169446e-16,"max":1.00260190775e-11,"mean":-1.18969980534e-8,"median":-1.03528154938e-8,"min":-7.58491154329e-8,"var":6.72922280922e-17},"spectral_energy":{"dmean":0.0197608117014,"dmean2":0.032788362354,"dvar":0.000576153281145,"dvar2":0.00154127844144,"max":0.293688267469,"mean":0.0510868951678,"median":0.0452724695206,"min":1.00742084465e-20,"var":0.00108450721018},"spectral_energyband_high":{"dmean":0.000289376883302,"dmean2":0.000392783578718,"dvar":4.28824876053e-7,"dvar2":7.71016061663e-7,"max":0.0242513678968,"mean":0.000749767175876,"median":0.000333299511112,"min":6.9353641756e-21,"var":0.00000157606473294},"spectral_energyband_low":{"dmean":0.0160961840302,"dmean2":0.0275765284896,"dvar":0.000474899512483,"dvar2":0.00130882440135,"max":0.247301921248,"mean":0.0276080556214,"median":0.0209357254207,"min":1.98632178263e-23,"var":0.000662897189613},"spectral_energyband_middle_high":{"dmean":0.00158393802121,"dmean2":0.00235794717446,"dvar":0.0000049535474318,"dvar2":0.0000107997921077,"max":0.0437552593648,"mean":0.00481599662453,"median":0.0034018678125,"min":1.10204105749e-21,"var":0.0000224132472795},"spectral_energyband_middle_low":{"dmean":0.00584062328562,"dmean2":0.00920924823731,"dvar":0.0000577827850066,"dvar2":0.000140075993841,"max":0.143367096782,"mean":0.0147458380088,"median":0.0113565139472,"min":1.50027472843e-22,"var":0.000165541801834},"spectral_entropy":{"dmean":0.217234224081,"dmean2":0.34746709466,"dvar":0.0842289626598,"dvar2":0.190446421504,"max":9.82010173798,"mean":7.39968347549,"median":7.49234390259,"min":4.36856079102,"var":0.315073817968},"spectral_flux":{"dmean":0.0334461852908,"dmean2":0.0542667023838,"dvar":0.00119617150631,"dvar2":0.00272615090944,"max":0.448062241077,"mean":0.122000232339,"median":0.117689356208,"min":6.41461328499e-11,"var":0.00290661002509},"spectral_kurtosis":{"dmean":5.87279510498,"dmean2":9.73356437683,"dvar":187.215316772,"dvar2":455.887634277,"max":292.655181885,"mean":18.2515029907,"median":13.5204524994,"min":-1.2642519474,"var":327.931304932},"spectral_rms":{"dmean":0.00127590063494,"dmean2":0.00208394252695,"dvar":0.00000166343659203,"dvar2":0.00000431896614828,"max":0.0169270541519,"mean":0.00665658852085,"median":0.00664592068642,"min":3.13504322329e-12,"var":0.00000553057361685},"spectral_rolloff":{"dmean":1421.90930176,"dmean2":2617.25366211,"dvar":16590372,"dvar2":44539644,"max":22028.4667969,"mean":1985.91418457,"median":710.595703125,"min":21.533203125,"var":19238716},"spectral_skewness":{"dmean":0.413495182991,"dmean2":0.657794415951,"dvar":0.528478205204,"dvar2":1.24473202229,"max":12.1712884903,"mean":2.79055547714,"median":2.59976673126,"min":-0.120431773365,"var":1.32270336151},"spectral_spread":{"dmean":580775,"dmean2":922232.5625,"dvar":540101804032,"dvar2":1107158499330,"max":42624668,"mean":4114931.75,"median":3780723.75,"min":299811.8125,"var":12765814063100},"spectral_strongpeak":{"dmean":0.445290893316,"dmean2":0.803401112556,"dvar":5.19456148148,"dvar2":15.4869432449,"max":70.8368682861,"mean":0.48800316453,"median":0.241581916809,"min":0,"var":3.04056882858},"zerocrossingrate":{"dmean":0.0253714956343,"dmean2":0.0327591076493,"dvar":0.00049222126836,"dvar2":0.000797115149908,"max":0.521484375,"mean":0.13831987977,"median":0.1318359375,"min":0.00390625,"var":0.00498301815242}},"metadata":{"audio_properties":{"analysis_sample_rate":44100,"bit_rate":1013815,"codec":"alac","downmix":"mix","equal_loudness":0,"length":273.826660156,"lossless":true,"md5_encoded":"ce035d38033c7e3ce447a880b2a4c370","replay_gain":-10.6772823334,"sample_rate":44100},"tags":{"album":["Rapture of the Deep"],"albumartistsort":["Deep Purple"],"artist":["Deep Purple"],"artistsort":["Deep Purple"],"asin":["B000B9UDFM"],"barcode":["4029758655429"],"catalognumber":["0165542ERE"],"composer":["Ian Paice","Roger Glover","Steve Morse","Don Airey","Ian Gillan"],"composersort":["Paice, Ian","Glover, Roger","Morse, Steve","Airey, Don","Gillan, Ian"],"date":["2005-10-21"],"file_name":"06 - Don't Let Go.m4a","label":["Edel Records"],"media":["CD"],"musicbrainz_albumartistid":["79491354-3d83-40e3-9d8e-7592d58d790a"],"musicbrainz_albumid":["4f49a4bf-6232-474d-8696-9415fb770346"],"musicbrainz_artistid":["79491354-3d83-40e3-9d8e-7592d58d790a"],"musicbrainz_recordingid":["302fcb28-444e-4663-ac3f-f8967282ae00"],"musicbrainz_releasegroupid":["47b949bf-dc12-3b49-9f31-f1176577d7d1"],"musicbrainz_workid":["93c420f6-79f6-30b5-8b54-0fbcabdc8fd5"],"script":["Latn"],"title":["Don't Let Go"],"tracknumber":["6/10"]},"version":{"essentia":"2.1-beta1","essentia_build_sha":"ca57ba49d9b1854bd80e60cf9ccf267278fb7d6b","essentia_git_sha":"v2.1_beta1-28-g21ef5f4-dirty","extractor":"music 1.0"}},"rhythm":{"beats_count":595,"beats_loudness":{"dmean":0.0324637144804,"dmean2":0.0556661598384,"dvar":0.000683227204718,"dvar2":0.00213821744546,"max":0.164315208793,"mean":0.060792952776,"median":0.0573935806751,"min":0,"var":0.00102003989741},"beats_loudness_band_ratio":{"dmean":[0.206399261951,0.108934320509,0.0932147353888,0.0534834265709,0.0282894130796,0.0604605227709],"dmean2":[0.347890883684,0.188785716891,0.164105683565,0.0929137542844,0.0508750751615,0.113061569631],"dvar":[0.0248652081937,0.0120140900835,0.00993422046304,0.00227015698329,0.000808690732811,0.00285902596079],"dvar2":[0.0643256306648,0.0330378971994,0.0284189730883,0.0064456