{"lowlevel":{"average_loudness":0.462920844555,"barkbands":{"dmean":[0.0000706993087078,0.0028805451002,0.00217779912055,0.000969108310528,0.000905356719159,0.000703530677129,0.000552516779862,0.000609200622421,0.000836540886667,0.00132317910902,0.000285682821414,0.000554475991521,0.000586991372984,0.000727508100681,0.000619238766376,0.000304211804178,0.000222768125241,0.000144785910379,0.0000904319895199,0.0000797470347607,0.0000591904281464,0.0000825317692943,0.0000912712348509,0.0000952747868723,0.0000610316346865,0.0000105721128421,4.93952313718e-7],"dmean2":[0.000106867897557,0.00473689986393,0.00378925446421,0.00169045838993,0.00148893555161,0.00108433456626,0.00082465360174,0.00092072651023,0.00132015591953,0.00212103640661,0.000450444902526,0.00088666996453,0.000926629058085,0.00115151354112,0.000953665352426,0.00047788475058,0.000348574656527,0.000223172115511,0.000139481111546,0.000121339886391,0.0000908858564799,0.000121721262985,0.000131498964038,0.000137355091283,0.0000873925309861,0.0000153529017553,7.44055626001e-7],"dvar":[3.36968390968e-8,0.0000531466503162,0.0000203209165193,0.0000034046950077,0.00000342514931617,0.00000244835268859,0.00000224482414524,0.00000564198398934,0.0000075742050285,0.0000167407670233,0.00000196947144104,0.00000403001786253,0.0000023447789772,0.00000741041230867,0.00000348764251612,7.14084762876e-7,2.48175979323e-7,1.09898834921e-7,3.82865437132e-8,3.02310780853e-8,1.33510944522e-8,2.78594978198e-8,5.39399565014e-8,5.96347007331e-8,3.45329453921e-8,8.63755844627e-10,2.31783581044e-12],"dvar2":[7.13280883247e-8,0.000133374065626,0.0000567665192648,0.00000990733678918,0.00000922648723645,0.00000565979689782,0.00000500181295138,0.0000124886009871,0.0000183119936992,0.0000441633746959,0.00000495924405186,0.00000994215224637,0.00000601185638516,0.0000189263628272,0.00000781895414548,0.00000173736759734,6.07346294146e-7,2.48942257031e-7,8.08131304098e-8,6.24310487751e-8,3.15496073711e-8,5.96050568902e-8,1.10669049036e-7,1.225468651e-7,7.36041627647e-8,1.9187558209e-9,5.3616707428e-12],"max":[0.0032869966235,0.171662896872,0.0844615399837,0.0277672633529,0.0328462272882,0.0347218587995,0.043740298599,0.0808011889458,0.0634670928121,0.0838790014386,0.0445750914514,0.0569433905184,0.0456100553274,0.0808567404747,0.0512015148997,0.0234289746732,0.014876537025,0.00899725407362,0.0081012416631,0.00529044121504,0.00375195452943,0.00497455894947,0.00611477671191,0.00582446530461,0.0052560060285,0.000840748485643,0.0000342690109392],"mean":[0.0000910636445042,0.00705742789432,0.00315505918115,0.00135527469683,0.0015763688134,0.00130631448701,0.00101755699143,0.00107284123078,0.00125690724235,0.00184745935258,0.000454518507468,0.000822067901026,0.00093476154143,0.00101820519194,0.000960981764365,0.000503075658344,0.00044029118726,0.000285836227704,0.000192394698388,0.000172337764525,0.000124496029457,0.000182415693416,0.000183233612916,0.000179608396138,0.000102149999293,0.0000169576724147,6.8575906198e-7],"median":[0.00000958876353252,0.0025987746194,0.00120787508786,0.000605540117249,0.00068534782622,0.000521228823345,0.000356625270797,0.000225946016144,0.000373810325982,0.000379572797101,0.000110422479338,0.000158020833624,0.000258020329056,0.000158525246661,0.000230097182794,0.000113392678031,0.000167246733326,0.000109510234324,0.0000889022776391,0.0000727142469259,0.0000515768115292,0.0000734326822567,0.0000607837573625,0.0000457652095065,0.0000236078612943,0.00000330375132762,1.01461253621e-7],"min":[1.23555323823e-14,1.42586951361e-14,1.19599908658e-14,2.56055654381e-14,1.51272752462e-13,1.53989776659e-13,5.50325742279e-14,2.66094519466e-14,2.06118505104e-14,2.9920981464e-15,1.57134868755e-16,4.74063291809e-15,1.27900196266e-14,1.02744156295e-14,8.0440796236e-15,5.25349103887e-15,1.10188169827e-14,1.076194323e-14,4.3446797436e-15,4.35722599562e-15,4.13008691103e-15,4.69906647027e-15,1.62198406832e-14,1.03514236299e-14,2.16344242597e-14,3.27762854834e-13,2.14731054118e-12],"var":[5.2538126738e-8,0.000194422536879,0.0000275267302641,0.00000451491314379,0.00000578725439482,0.00000607110951023,0.00000606156754657,0.0000160660711117,0.0000116394030556,0.0000255114773609,0.00000446494141215,0.00000740447921999,0.00000423874416811,0.0000132833729367,0.00000626171231488,0.00000136104267767,5.99296129167e-7,2.56840024804e-7,9.21156200206e-8,1.0094274927e-7,3.89281034074e-8,9.44534974678e-8,1.33390145152e-7,1.33645770006e-7,6.21592946004e-8,1.53050816465e-9,3.57520328446e-12]},"barkbands_crest":{"dmean":2.23159313202,"dmean2":3.59098720551,"dvar":5.02154827118,"dvar2":12.4957799911,"max":26.6847476959,"mean":10.5294332504,"median":9.12312698364,"min":2.38466262817,"var":26.3337535858},"barkbands_flatness_db":{"dmean":0.0192926954478,"dmean2":0.0290101803839,"dvar":0.000448357284768,"dvar2":0.000943497463595,"max":0.51539593935,"mean":0.148929074407,"median":0.131013199687,"min":0.0237717423588,"var":0.0054439692758},"barkbands_kurtosis":{"dmean":3.37236189842,"dmean2":5.17825841904,"dvar":206.817321777,"dvar2":388.608306885,"max":1540.57373047,"mean":6.99820137024,"median":0.829810500145,"min":-1.92677128315,"var":1222.18994141},"barkbands_skewness":{"dmean":0.522261977196,"dmean2":0.803375661373,"dvar":0.439660876989,"dvar2":0.95890468359,"max":31.3031902313,"mean":1.54102790356,"median":1.13025355339,"min":-3.35832262039,"var":3.44723892212},"barkbands_spread":{"dmean":5.41195583344,"dmean2":8.13324069977,"dvar":48.0676460266,"dvar2":99.5943756104,"max":133.191238403,"mean":23.6601982117,"median":21.9391498566,"min":0.109027981758,"var":213.975509644},"dissonance":{"dmean":0.0180331505835,"dmean2":0.0302986502647,"dvar":0.0003324735153,"dvar2":0.000911194423679,"max":0.499999970198,"mean":0.461456030607,"median":0.468607723713,"min":0.232158720493,"var":0.00089356553508},"dynamic_complexity":4.94840097427,"erbbands":{"dmean":[0.0529178567231,0.763943493366,2.30096721649,2.9770860672,3.37832331657,2.53855681419,3.70238876343,6.33251333237,9.63243675232,5.81553316116,15.3396968842,14.2893800735,46.6764984131,22.5529212952,13.2771425247,23.884973526,21.3030204773,42.8871459961,22.6916656494,30.4751873016,14.29504776,9.57010173798,7.87755393982,4.9176402092,4.6783041954,3.65559887886,2.03553414345,2.82899975777,2.84471201897,3.09273648262,2.56113767624,2.20596504211,1.5040678978,0.873008072376,0.335340470076,0.081340931356,0.0133879715577,0.00130266579799,0.0000919729791349,0.0000126330987769],"dmean2":[0.0851645767689,1.26435601711,3.95116996765,5.25273323059,5.66800403595,4.26080131531,5.77938604355,9.79776573181,14.2988824844,8.77790546417,23.13164711,22.301908493,73.6612930298,36.0810966492,21.0113563538,37.7501373291,32.767906189,67.453163147,36.088886261,45.8077545166,21.7099590302,14.7838811874,12.2233572006,7.45538139343,7.19718170166,5.59197711945,3.08953523636,4.33154439926,4.26043081284,4.59854888916,3.71294689178,3.21260237694,2.18364167213,1.26071345806,0.482941657305,0.117938637733,0.0192945469171,0.00189343723468,0.000135003574542,0.0000186766574188],"dvar":[0.0157048664987,3.77627396584,24.5236530304,31.7646808624,48.6954460144,32.2834014893,53.7865333557,230.006454468,681.081420898,309.9112854,3560.21728516,2207.68505859,30266.6601562,3291.87695312,3225.58959961,7898.86328125,2765.75024414,23976.3496094,4181.61621094,9024.62792969,1356.94482422,331.742706299,308.242279053,127.725189209,88.5718231201,58.9773368835,16.4826812744,31.6417922974,32.3497810364,52.7984275818,43.9153327942,32.4483528137,16.4191055298,7.45533895493,0.945051670074,0.0535959936678,0.00130414485466,0.0000140605015986,7.24362365645e-8,4.18396067792e-10],"dvar2":[0.037905216217,9.59217643738,67.926651001,93.9585418701,131.230834961,86.5158843994,132.084854126,532.467529297,1489.32775879,673.342529297,7729.12011719,5287.91796875,79963.9921875,8081.83935547,8621.86132812,19303.0292969,6672.48486328,62400.3632812,10122.8769531,20276.4746094,3324.21972656,785.472961426,700.173400879,272.390838623,194.737503052,125.891555786,36.7516479492,73.0204315186,71.3649597168,113.385826111,91.6109542847,70.345123291,34.592376709,15.5805797577,2.09885692596,0.121582485735,0.00277789775282,0.0000304735185637,1.6374464451e-7,9.93312876396e-10],"max":[3.08545994759,45.3637619019,97.2818832397,93.8428497314,97.9792480469,103.888023376,272.659881592,412.181884766,826.815185547,614.405029297,2139.17236328,1393.21557617,3790.43066406,1647.20288086,1800.32348633,2761.8215332,1502.51733398,4856.81005859,1860.16137695,2320.1315918,1189.62695312,439.305480957,470.207580566,431.601959229,243.961349487,226.174789429,154.687225342,192.930099487,141.129928589,224.117904663,189.307006836,144.941390991,126.307662964,86.4008560181,36.9120941162,8.58469963074,0.783965110779,0.0768964067101,0.00602603377774,0.000401957979193],"mean":[0.126185998321,1.84267365932,3.96451950073,4.46745872498,5.31871891022,4.03267288208,6.9219956398,11.0349435806,17.7148265839,11.2682714462,27.7719631195,24.1267948151,66.9833526611,35.4174079895,22.6205005646,37.4875335693,36.9013137817,65.9857788086,38.098991394,49.137260437,29.0900650024,21.6427612305,16.6504688263,10.8325843811,10.296503067,7.81612968445,4.38936233521,6.04706287384,6.25530385971,6.35625123978,5.07881116867,4.14745855331,2.66692900658,1.45204603672,0.556495904922,0.134196639061,0.021288158372,0.00198561372235,0.000146489503095,0.000038752972614],"median":[0.0392152443528,0.705323696136,1.70154309273,2.29205536842,1.7585350275,1.7243206501,3.38456821442,3.64613485336,5.59921693802,4.62243366241,6.14074039459,8.75846481323,14.9763126373,8.93958282471,6.86572408676,7.61979103088,11.1021213531,13.9246025085,10.6197013855,11.1208534241,7.98333978653,9.17528533936,7.0619430542,5.28950500488,4.92346334457,3.4283952713,2.03892040253,2.42435407639,2.55642271042,2.2993490696,1.61836409569,1.13101387024,0.62684571743,0.339468598366,0.120690368116,0.0283436309546,0.00390710961074,0.000330916955136,0.0000411363434978,0.0000300264728139],"min":[5.71916320725e-13,2.78162128747e-12,1.15738156906e-11,5.38441513598e-11,2.09014472397e-10,5.71312053221e-10,1.05526765104e-9,1.26616539475e-9,9.58712997878e-10,6.10684613989e-10,6.02294270013e-10,4.84730255934e-10,1.98494540249e-10,3.59413991624e-11,2.57896481948e-11,2.45804293586e-10,5.48952494572e-10,6.26847962426e-10,4.45747466715e-10,4.2254111321e-10,1.81564610569e-10,7.36083527464e-10,7.72531372206e-10,1.38645289693e-10,3.28702315366e-10,1.64586150264e-10,1.44006098712e-10,1.43706352373e-10,1.71631500678e-10,2.27355606564e-10,5.76677761099e-10,2.12828546453e-10,1.82203238608e-10,1.47826834107e-10,2.33482871925e-10,1.60103444391e-10,7.25053905803e-10,3.48563733432e-9,1.26457080918e-10,3.44157536671e-12],"var":[0.064834266901,13.0649957657,37.1158561707,44.990901947,81.9342956543,43.7718086243,133.220123291,542.256164551,1902.33520508,606.562072754,10822.4462891,3682.36938477,47641.5039062,6314.43798828,6599.30126953,14792.8271484,5580.68896484,44055.3867188,8022.05273438,16571.5507812,3418.59130859,1058.4979248,719.201477051,309.853363037,242.434082031,181.390884399,48.0231323242,98.3236541748,103.928497314,147.108016968,104.0753479,68.5101089478,33.3215866089,13.7055692673,1.6500133276,0.09098559618,0.0025819609873,0.0000258457093878,1.20052632724e-7,1.29024779749e-9]},"erbbands_crest":{"dmean":2.74932289124,"dmean2":4.3908495903,"dvar":8.10205078125,"dvar2":19.2859783173,"max":31.0061626434,"mean":9.68279457092,"median":8.24021911621,"min":2.19102978706,"var":26.2721042633},"erbbands_flatness_db":{"dmean":0.0167938899249,"dmean2":0.0244781523943,"dvar":0.000319329235936,"dvar2":0.000638280820567,"max":0.367712885141,"mean":0.168391510844,"median":0.164311394095,"min":0.0305112693459,"var":0.0025655918289},"erbbands_kurtosis":{"dmean":1.04622864723,"dmean2":1.66434669495,"dvar":5.71147108078,"dvar2":12.9340715408,"max":185.244720459,"mean":0.84558480978,"median":-0.0142389535904,"min":-1.8047734499,"var":19.4873085022},"erbbands_skewness":{"dmean":0.351018995047,"dmean2":0.536827087402,"dvar":0.138698145747,"dvar2":0.318503975868,"max":11.3261623383,"mean":0.159322813153,"median":0.101456545293,"min":-4.15622377396,"var":0.625293731689},"erbbands_spread":{"dmean":7.61304712296,"dmean2":11.5511312485,"dvar":77.7563552856,"dvar2":169.361968994,"max":163.335418701,"mean":36.5238952637,"median":32.6891975403,"min":1.43364393711,"var":405.589233398},"gfcc":{"cov":[[16417.8339844,-3308.68676758,-1055.18579102,1620.71179199,-1834.23535156,1867.40490723,-837.361694336,304.729309082,-317.905059814,205.693099976,58.1003570557,42.952835083,12.7100257874],[-3308.68676758,1879.89978027,14.7356777191,-340.282531738,794.802124023,-520.133239746,473.995544434,-65.5157012939,199.986816406,-141.034347534,111.997962952,-43.3424034119,37.7873840332],[-1055.18579102,14.7356777191,919.655700684,45.7494697571,56.8886680603,175.620315552,25.0535354614,49.4562911987,-36.7974472046,-7.20867013931,-13.9435472488,7.05344772339,-40.3474121094],[1620.71179199,-340.282531738,45.7494697571,548.43939209,-157.940261841,180.143615723,-46.9292945862,52.0632629395,83.7847900391,0.733760476112,28.8304138184,27.2467250824,47.8055686951],[-1834.23535156,794.802124023,56.8886680603,-157.940261841,591.728027344,-260.681488037,233.710220337,24.3145599365,102.309158325,-35.9502677917,16.3730239868,-5.71886253357,19.8736171722],[1867.40490723,-520.133239746,175.620315552,180.143615723,-260.681488037,542.625305176,-29.6625728607,46.5834579468,-94.8000488281,39.0985832214,26.177280426,-14.1403446198,-25.6498126984],[-837.361694336,473.995544434,25.0535354614,-46.9292945862,233.710220337,-29.6625728607,334.894500732,19.9976425171,52.2055931091,-23.944568634,39.6952629089,-33.6607322693,14.3559427261],[304.729309082,-65.5157012939,49.4562911987,52.0632629395,24.3145599365,46.5834579468,19.9976425171,158.166687012,65.4428939819,25.1915493011,11.7323408127,5.2738070488,30.1959400177],[-317.905059814,199.986816406,-36.7974472046,83.7847900391,102.309158325,-94.8000488281,52.2055931091,65.4428939819,231.430496216,26.2863140106,43.607635498,28.2442131042,52.9460334778],[205.693099976,-141.034347534,-7.20867013931,0.733760476112,-35.9502677917,39.0985832214,-23.944568634,25.1915493011,26.2863140106,107.474342346,22.3745727539,0.99901920557,7.84554338455],[58.1003570557,111.997962952,-13.9435472488,28.8304138184,16.3730239868,26.177280426,39.6952629089,11.7323408127,43.607635498,22.3745727539,113.291748047,26.6682224274,12.8127565384],[42.952835083,-43.3424034119,7.05344772339,27.2467250824,-5.71886253357,-14.1403446198,-33.6607322693,5.2738070488,28.2442131042,0.99901920557,26.6682224274,100.760719299,27.834651947],[12.7100257874,37.7873840332,-40.3474121094,47.8055686951,19.8736171722,-25.6498126984,14.3559427261,30.1959400177,52.9460334778,7.84554338455,12.8127565384,27.834651947,92.2225418091]],"icov":[[0.000343997322489,-0.000297269230941,0.000680093304254,-0.000807208532933,0.000389402237488,-0.00100700557232,0.000593708537053,-0.000830748002045,0.00058529881062,-0.000413865636801,0.000355700380169,-0.000333821517415,0.000356480828486],[-0.000297269230941,0.00336039694957,-0.000972176028881,0.00177059543785,-0.00253193289973,0.0019655439537,-0.00205917586572,0.00251200934872,-0.00212543131784,0.00365624413826,-0.00367620890029,0.00239081680775,-0.00139038928319],[0.000680093304254,-0.000972176028881,0.00267822248861,-0.00182148721069,0.000594782351982,-0.00267565855756,0.00140987720806,-0.00221520406194,0.00148242199793,-0.00114794296678,0.00148131337482,-0.00137076515239,0.00150853500236],[-0.000807208532933,0.00177059543785,-0.00182148721069,0.00492557510734,-0.00112066254951,0.00178587681148,-0.00163630384486,0.00255771377124,-0.00346483406611,0.00317064928822,-0.00215658685192,0.00154134701006,-0.00225507630967],[0.000389402237488,-0.00253193289973,0.000594782351982,-0.00112066254951,0.00546021992341,-0.000496508611832,-0.000268225179752,-0.002752056811,0.00116923276801,-0.00235209497623,0.00272801588289,-0.00206411676481,0.00122581026517],[-0.00100700557232,0.0019655439537,-0.00267565855756,0.00178587681148,-0.000496508611832,0.00688610738143,-0.0032128803432,0.00177224981599,-0.000489835627377,0.00134540291037,-0.00323413941078,0.00195036933292,-0.000793414015789],[0.000593708537053,-0.00205917586572,0.00140987720806,-0.00163630384486,-0.000268225179752,-0.0032128803432,0.00681438762695,-0.00219966215082,0.00120019644964,-0.00104138278402,0.000519899767824,0.000613459502347,0.000192758481717],[-0.000830748002045,0.00251200934872,-0.00221520406194,0.00255771377124,-0.002752056811,0.00177224981599,-0.00219966215082,0.0113727515563,-0.0046891476959,0.00181981804781,-0.00214910553768,0.00246894056909,-0.00341443042271],[0.00058529881062,-0.00212543131784,0.00148242199793,-0.00346483406611,0.00116923276801,-0.000489835627377,0.00120019644964,-0.0046891476959,0.00950486212969,-0.00427017919719,0.000656147662085,-0.00240979506634,-0.000262260378804],[-0.000413865636801,0.00365624413826,-0.00114794296678,0.00317064928822,-0.00235209497623,0.00134540291037,-0.00104138278402,0.00181981804781,-0.00427017919719,0.0153257539496,-0.00618586316705,0.00390493590385,-0.00231095752679],[0.000355700380169,-0.00367620890029,0.00148131337482,-0.00215658685192,0.00272801588289,-0.00323413941078,0.000519899767824,-0.00214910553768,0.000656147662085,-0.00618586316705,0.0155635019764,-0.00611338065937,0.00219101412222],[-0.000333821517415,0.00239081680775,-0.00137076515239,0.00154134701006,-0.00206411676481,0.00195036933292,0.000613459502347,0.00246894056909,-0.00240979506634,0.00390493590385,-0.00611338065937,0.0145726706833,-0.00474662194028],[0.000356480828486,-0.00139038928319,0.00150853500236,-0.00225507630967,0.00122581026517,-0.000793414015789,0.000192758481717,-0.00341443042271,-0.000262260378804,-0.00231095752679,0.00219101412222,-0.00474662194028,0.0152713796124]],"mean":[-34.4521713257,102.826713562,-122.325592041,31.4264431,-51.7924766541,21.295085907,-35.185962677,10.7876644135,-15.4854860306,-0.775305330753,-15.1741533279,-4.34961223602,-10.050945282]},"hfc":{"dmean":6.65421819687,"dmean2":9.32537555695,"dvar":100.472106934,"dvar2":217.945800781,"max":175.730895996,"mean":21.5854816437,"median":14.984752655,"min":4.02014386225e-8,"var":468.522888184},"melbands":{"dmean":[0.000648637709673,0.00111870607361,0.000503248244058,0.000216164029553,0.000116378992971,0.000143350625876,0.000139702795423,0.0000723001430742,0.000115752918646,0.000113496666017,0.000233681537793,0.0000953636408667,0.0000406986328017,0.0000681764431647,0.0000475464803458,0.0000590273157286,0.0000855463586049,0.0000348568937625,0.0000480886228615,0.0000280103413388,0.0000182538460649,0.0000109010497908,0.0000106956777017,0.00000610908864473,0.00000415114755015,0.00000383793985748,0.00000356970895155,0.00000235519655689,0.00000137301663017,0.00000154730128088,0.00000177367587639,0.00000166171207638,0.00000187875298252,0.0000018242119495,0.00000156568785314,0.00000146985746596,0.00000140107829338,0.00000112436657673,9.30006024191e-7,7.20466914572e-7],"dmean2":[0.00104697456118,0.00189351523295,0.000872967066243,0.000361385114957,0.000183482916327,0.000221785652684,0.000207200268051,0.000109436856292,0.00017547182506,0.000177834634087,0.000369159883121,0.000153177417815,0.0000650082147331,0.000108137777715,0.0000746584992157,0.0000922288745642,0.000135468508233,0.0000566084454476,0.0000723728298908,0.000043340081902,0.0000278950719803,0.0000169096147147,0.0000166801382875,0.00000961382102105,0.00000638688698018,0.00000598537735641,0.0000055228756537,0.00000363915978596,0.00000212983354686,0.00000241876068685,0.00000274469630313,0.000002545805728,0.00000285111900666,0.00000274956505564,0.00000230514228861,0.00000218812692765,0.00000209323297895,0.00000166442384852,0.00000138545055961,0.00000105934907424],"dvar":[0.00000261924901679,0.00000603305625191,8.25331426313e-7,2.22260055693e-7,5.03265198404e-8,1.21929602415e-7,1.33926278068e-7,5.70293359203e-8,2.01333179461e-7,1.39342276384e-7,7.26470204881e-7,6.33715728782e-8,4.21099599635e-8,6.61868782004e-8,2.33643451253e-8,2.43310545045e-8,1.0566231623e-7,1.28962795998e-8,2.71512323735e-8,6.47794706765e-9,2.47696196887e-9,5.65452518142e-10,5.715588558e-10,2.05542027842e-10,1.01921089624e-10,6.08313330264e-11,6.82537706909e-11,2.52634042158e-11,8.80695082833e-12,1.00792733534e-11,1.23335959501e-11,1.10061838116e-11,1.65509463773e-11,2.03598023857e-11,1.75949133735e-11,1.45454429751e-11,1.37035920805e-11,8.37004163895e-12,9.37608150842e-12,5.16083313237e-12],"dvar2":[0.00000633050058241,0.0000164848206623,0.00000237314679907,6.04893557465e-7,1.24816111224e-7,2.79356783039e-7,2.91749842063e-7,1.25181145449e-7,4.46148703759e-7,3.38888725082e-7,0.00000191414324036,1.57019641733e-7,1.0881003476e-7,1.64444244888e-7,5.82721320086e-8,6.28893275234e-8,2.73430259767e-7,3.1679434187e-8,5.89416480068e-8,1.51496148959e-8,5.98780225403e-9,1.33956457038e-9,1.29785604486e-9,4.95853136329e-10,2.19092091691e-10,1.31734970155e-10,1.56176807597e-10,5.37618075058e-11,1.88846282362e-11,2.50447423217e-11,2.87103101709e-11,2.4995802303e-11,3.80675733991e-11,4.40432169901e-11,3.75822012399e-11,3.23884773168e-11,3.09010664279e-11,1.80941234218e-11,2.07621888432e-11,1.0864570528e-11],"max":[0.0381625927985,0.043785341084,0.0147109152749,0.00896519422531,0.00817495957017,0.00799053348601,0.0106955086812,0.0102796843275,0.0151887731627,0.0104947704822,0.0184850376099,0.00684708589688,0.00698307761922,0.00747933238745,0.00470953481272,0.00526315672323,0.010252866894,0.00362741597928,0.00567543832585,0.0018239163328,0.00139768363442,0.000685065519065,0.000670120061841,0.000679835036863,0.000415855902247,0.000191075363546,0.000274031626759,0.000177439418621,0.000128081199364,0.000102531761513,0.000101176694443,0.000074776726251,0.000127084960695,0.00012820448319,0.000111291279609,0.000138278803206,0.0000913004696486,0.0000608810878475,0.000149567000335,0.0000711026368663],"mean":[0.00163123139646,0.00231843907386,0.00080241082469,0.000344515545294,0.000215099644265,0.000254788930761,0.00026227653143,0.000135336653329,0.000205823394936,0.000177639129106,0.00033464297303,0.000143109486089,0.0000670064255246,0.000101997458842,0.000074972413131,0.0000962006160989,0.000125043501612,0.0000524643182871,0.00007357596769,0.0000449930739705,0.0000345530315826,0.0000225153889915,0.0000204693387786,0.000011722329873,0.00000819065462565,0.00000771707345848,0.00000715677697372,0.00000462168645754,0.00000260174465438,0.00000297529390991,0.00000361222032552,0.00000340162091561,0.00000370683369511,0.00000347445984517,0.00000291383457807,0.00000270859914053,0.00000247784942076,0.00000192331503968,0.00000151970289153,0.00000114364377168],"median":[0.000563700334169,0.00115213973913,0.000439733674284,0.000112242305477,0.000109753505967,0.0000874705146998,0.0000879031722434,0.0000507277218276,0.0000451749292552,0.0000560246844543,0.0000747961457819,0.0000314286917273,0.0000182031144504,0.0000199286550924,0.0000132429977384,0.0000276224127447,0.0000220020447159,0.0000113699788926,0.0000157339964062,0.0000106325387605,0.00000847265164339,0.00000884642577148,0.00000759958629715,0.0000046828909035,0.00000363956905858,0.00000345291346093,0.00000291574542644,0.00000192112975128,0.00000114164129172,0.00000115490729513,0.00000142137469084,0.00000134518040795,0.00000135592438255,0.00000117042691272,8.99561825918e-7,7.53380277274e-7,6.36031813883e-7,4.39459427071e-7,3.36180960403e-7,2.57196347775e-7],"min":[5.11167019493e-15,5.18567334594e-15,1.28175820787e-14,2.71836115358e-14,3.58958061842e-14,2.85530029254e-14,1.38219768069e-14,6.29102847222e-15,4.8513117487e-15,2.8387803125e-15,9.05395317265e-16,1.41880480355e-16,3.22087322218e-17,3.79830617024e-16,9.52866220003e-16,1.36657500501e-15,1.11395536943e-15,6.8600129019e-16,5.95679467107e-16,5.40293200296e-16,1.01559349637e-16,6.66756648689e-16,9.91696645525e-16,3.49130913702e-16,7.89372701382e-17,1.7579664571e-16,2.76807534896e-16,6.90001178291e-17,5.37075997109e-17,1.63077876906e-16,5.17068317888e-17,9.36134460558e-17,1.03282704343e-16,1.25122979049e-16,3.58493486505e-16,1.99295854296e-16,1.25101181186e-16,1.00648517904e-16,1.66605305911e-16,9.93689952278e-17],"var":[0.0000108553031168,0.0000126209097289,0.00000123662755414,3.43533514524e-7,1.16840027431e-7,2.92189099582e-7,3.8829608684e-7,1.21699670785e-7,5.66698474813e-7,2.19948489644e-7,0.00000114653312266,1.1595581384e-7,9.09408512939e-8,1.2214168521e-7,4.2369233455e-8,4.55851498771e-8,1.88681170243e-7,2.19728182316e-8,4.82752007258e-8,1.22163861249e-8,6.40655661854e-9,1.5018021271e-9,1.33148925219e-9,4.42356040686e-10,2.1763486846e-10,1.49552439876e-10,1.79203166195e-10,7.14716619221e-11,2.20687634833e-11,2.65530826493e-11,3.54277336634e-11,3.21408281934e-11,4.58630251832e-11,4.97772933983e-11,3.87258454471e-11,2.96292608504e-11,2.63572722675e-11,1.68509997622e-11,1.53692111121e-11,9.2412692082e-12]},"melbands_crest":{"dmean":2.81147408485,"dmean2":4.60082054138,"dvar":7.58954811096,"dvar2":20.1560573578,"max":34.459072113,"mean":14.7227058411,"median":13.7444505692,"min":3.25959777832,"var":32.0237960815},"melbands_flatness_db":{"dmean":0.0238589122891,"dmean2":0.036038402468,"dvar":0.000711067114025,"dvar2":0.0014750919072,"max":0.6667958498,"mean":0.214451417327,"median":0.189056813717,"min":0.0288296248764,"var":0.00938179157674},"melbands_kurtosis":{"dmean":6.62050819397,"dmean2":10.6076316833,"dvar":238.846481323,"dvar2":603.298339844,"max":698.052612305,"mean":15.890460968,"median":5.37718582153,"min":-1.81942844391,"var":1223.14697266},"melbands_skewness":{"dmean":0.687785089016,"dmean2":1.0712761879,"dvar":0.616379499435,"dvar2":1.47030806541,"max":19.7797851562,"mean":2.62861800194,"median":2.11393547058,"min":-1.53664088249,"var":4.52502775192},"melbands_spread":{"dmean":7.05711650848,"dmean2":10.9873876572,"dvar":120.662849426,"dvar2":273.58380127,"max":261.36050415,"mean":25.6617965698,"median":23.5276794434,"min":0.211292743683,"var":336.235931396},"mfcc":{"cov":[[13906.1025391,-2490.41088867,27.413143158,-402.71786499,-318.559082031,484.836273193,-31.8019104004,113.812591553,-207.682235718,-31.0028572083,202.302246094,59.5025901794,-297.631774902],[-2490.41088867,1767.98571777,-418.049438477,174.288330078,145.412277222,-77.6903839111,134.262527466,100.587471008,61.2137527466,36.3518562317,44.3998603821,-21.1667861938,78.0351028442],[27.413143158,-418.049438477,870.650817871,-66.0967788696,54.4025497437,142.994064331,70.3609313965,52.4774131775,-3.13652038574,-9.61553287506,38.6764640808,67.2750854492,-61.5332794189],[-402.71786499,174.288330078,-66.0967788696,371.140594482,88.3511276245,-26.5389461517,-61.2273330688,60.5512886047,66.274772644,21.7354106903,-24.5092945099,20.7531070709,80.6512069702],[-318.559082031,145.412277222,54.4025497437,88.3511276245,224.770523071,-11.5873374939,-18.6358699799,48.5069389343,40.849571228,19.9315357208,2.04863834381,7.41137599945,36.9198532104],[484.836273193,-77.6903839111,142.994064331,-26.5389461517,-11.5873374939,218.028961182,101.492034912,46.2683830261,-5.13348054886,-5.20655727386,51.5642356873,15.3986530304,-41.634475708],[-31.8019104004,134.262527466,70.3609313965,-61.2273330688,-18.6358699799,101.492034912,266.608551025,45.9717559814,11.9929008484,15.694070816,47.3012886047,7.47083425522,-59.7083015442],[113.812591553,100.587471008,52.4774131775,60.5512886047,48.5069389343,46.2683830261,45.9717559814,162.177352905,41.5547409058,12.4814090729,35.9880332947,27.1786766052,10.5551338196],[-207.682235718,61.2137527466,-3.13652038574,66.274772644,40.849571228,-5.13348054886,11.9929008484,41.5547409058,153.940856934,68.9414291382,-5.72543001175,23.3497581482,34.3941116333],[-31.0028572083,36.3518562317,-9.61553287506,21.7354106903,19.9315357208,-5.20655727386,15.694070816,12.4814090729,68.9414291382,124.761726379,29.4464683533,22.0657444,25.0564041138],[202.302246094,44.3998603821,38.6764640808,-24.5092945099,2.04863834381,51.5642356873,47.3012886047,35.9880332947,-5.72543001175,29.4464683533,107.375839233,24.2134876251,-18.1252918243],[59.5025901794,-21.1667861938,67.2750854492,20.7531070709,7.41137599945,15.3986530304,7.47083425522,27.1786766052,23.3497581482,22.0657444,24.2134876251,96.5700073242,40.3805007935],[-297.631774902,78.0351028442,-61.5332794189,80.6512069702,36.9198532104,-41.634475708,-59.7083015442,10.5551338196,34.3941116333,25.0564041138,-18.1252918243,40.3805007935,118.143592834]],"icov":[[0.000128803338157,0.000205176736927,0.000178569171112,0.0000412198496633,-0.0000160435756698,-0.000223693205044,0.0000819129490992,-0.000235162122408,0.000130570115289,-0.0000811886202428,-0.000122951270896,-0.000160870389664,0.000257749663433],[0.000205176736927,0.00117467460223,0.000674358801916,-0.000157854883582,-0.000507194607053,0.0000542935777048,-0.00064384273719,-0.000615565339103,0.000185471173609,0.0000890680894372,-0.000739168375731,0.000118660180306,-0.000119612312119],[0.000178569171112,0.000674358801916,0.00194721261505,0.000213344246731,-0.000869968615007,-0.00093413045397,-0.0000610615315964,-0.000589029397815,0.000223201626795,0.0000195435768546,0.00000747198055251,-0.00158725609072,0.00131194340065],[0.0000412198496633,-0.000157854883582,0.000213344246731,0.00380009645596,-0.000737929600291,-0.000442605552962,0.000823594047688,-0.00118806457613,-0.000754194683395,0.0000363297076547,0.00079277443001,-0.000104954175185,-0.00130856782198],[-0.0000160435756698,-0.000507194607053,-0.000869968615007,-0.000737929600291,0.00582910003141,0.000321017490933,0.000554233556613,-0.000994966598228,-0.000641142716631,-0.000243489193963,-0.000221897018491,0.0011651001405,-0.00118821300566],[-0.000223693205044,0.0000542935777048,-0.00093413045397,-0.000442605552962,0.000321017490933,0.00735304038972,-0.00227608205751,-0.000557349412702,-0.000310338073177,0.00113794510253,-0.00212781014852,0.000380287034204,-7.6908020219e-7],[0.0000819129490992,-0.00064384273719,-0.0000610615315964,0.000823594047688,0.000554233556613,-0.00227608205751,0.00614326959476,-0.00101686629932,-0.000497986970004,-0.000926756532863,0.0000218593140744,-0.00111583457328,0.00298413028941],[-0.000235162122408,-0.000615565339103,-0.000589029397815,-0.00118806457613,-0.000994966598228,-0.000557349412702,-0.00101686629932,0.00921762827784,-0.00232989457436,0.00170842511579,-0.00229115388356,-0.000623206025921,-0.000727051345166],[0.000130570115289,0.000185471173609,0.000223201626795,-0.000754194683395,-0.000641142716631,-0.000310338073177,-0.000497986970004,-0.00232989457436,0.0107095409185,-0.00588489649817,0.00302187539637,-0.00119578407612,-0.000112354471639],[-0.0000811886202428,0.0000890680894372,0.0000195435768546,0.0000363297076547,-0.000243489193963,0.00113794510253,-0.000926756532863,0.00170842511579,-0.00588489649817,0.0128066483885,-0.00480678491294,0.0000959600511123,-0.00219499552622],[-0.000122951270896,-0.000739168375731,0.00000747198055251,0.00079277443001,-0.000221897018491,-0.00212781014852,0.0000218593140744,-0.00229115388356,0.00302187539637,-0.00480678491294,0.0146164586768,-0.00374676357023,0.00283916364424],[-0.000160870389664,0.000118660180306,-0.00158725609072,-0.000104954175185,0.0011651001405,0.000380287034204,-0.00111583457328,-0.000623206025921,-0.00119578407612,0.0000959600511123,-0.00374676357023,0.0161675866693,-0.00775002641603],[0.000257749663433,-0.000119612312119,0.00131194340065,-0.00130856782198,-0.00118821300566,-7.6908020219e-7,0.00298413028941,-0.000727051345166,-0.000112354471639,-0.00219499552622,0.00283916364424,-0.00775002641603,0.0162960682064]],"mean":[-668.71282959,122.750572205,-1.06950414181,15.0366849899,9.88222408295,8.35321521759,-1.82566714287,8.97220516205,3.25066256523,6.89835262299,2.21391153336,-1.81075322628,-0.820913732052]},"pitch_salience":{"dmean":0.065490193665,"dmean2":0.106159634888,"dvar":0.00410732487217,"dvar2":0.010465783067,"max":0.93115991354,"mean":0.491452008486,"median":0.509578883648,"min":0.0390250831842,"var":0.0200352482498},"silence_rate_20dB":{"dmean":0,"dmean2":0,"dvar":0,"dvar2":0,"max":1,"mean":1,"median":1,"min":1,"var":0},"silence_rate_30dB":{"dmean":0.00644013239071,"dmean2":0.0128813562915,"dvar":0.00639791786671,"dvar2":0.015428119339,"max":1,"mean":0.991018474102,"median":1,"min":0,"var":0.00890236534178},"silence_rate_60dB":{"dmean":0.0213541220874,"dmean2":0.0427118651569,"dvar":0.0208990629762,"dvar2":0.0464840643108,"max":1,"mean":0.14489069581,"median":0,"min":0,"var":0.123897872865},"spectral_centroid":{"dmean":218.785476685,"dmean2":330.57208252,"dvar":72442.0703125,"dvar2":154428.5,"max":5642.5625,"mean":1311.56188965,"median":1280.28088379,"min":99.1793823242,"var":353401.09375},"spectral_complexity":{"dmean":2.89907646179,"dmean2":4.39372873306,"dvar":11.8500919342,"dvar2":23.9025363922,"max":53,"mean":16.6619224548,"median":16,"min":0,"var":101.112342834},"spectral_contrast_coeffs":{"dmean":[0.0443342812359,0.041755091399,0.0390220507979,0.0335805341601,0.0227130874991,0.0177805647254],"dmean2":[0.0751571580768,0.0680603310466,0.0621982626617,0.0524730160832,0.0349627956748,0.0269585810602],"dvar":[0.00144734058995,0.00125693448354,0.00117730966303,0.000887259026058,0.00045269326074,0.000352432602085],"dvar2":[0.00409305654466,0.00320556736551,0.00276475329883,0.00195505749434,0.000895403500181,0.000710550870281],"max":[-0.37676641345,-0.355235934258,-0.419236779213,-0.415314912796,-0.532568454742,-0.561394631863],"mean":[-0.648463129997,-0.728799283504,-0.747749567032,-0.744637668133,-0.769110381603,-0.777817249298],"median":[-0.650532841682,-0.740856230259,-0.755911529064,-0.750638008118,-0.778011202812,-0.779545545578],"min":[-0.927716493607,-0.944714903831,-0.950730085373,-0.98028242588,-0.933667480946,-0.925809264183],"var":[0.00523500610143,0.00677281431854,0.00533630000427,0.00514369411394,0.00375618995167,0.00237955967896]},"spectral_contrast_valleys":{"dmean":[0.39296272397,0.339933305979,0.292740225792,0.28437563777,0.261081725359,0.292843222618],"dmean2":[0.642690598965,0.545670747757,0.461379677057,0.433268159628,0.374748378992,0.378184258938],"dvar":[0.122187182307,0.0976171270013,0.0776719003916,0.0853207930923,0.103172622621,0.151801094413],"dvar2":[0.290647834539,0.224493145943,0.16105261445,0.163514018059,0.181965708733,0.251074582338],"max":[-5.11631727219,-4.90598630905,-4.8097743988,-5.3670873642,-5.90007448196,-7.35447597504],"mean":[-7.61688899994,-7.16682291031,-7.55583047867,-8.03925228119,-8.19381904602,-10.5125160217],"median":[-7.28262615204,-6.88870239258,-7.25119113922,-7.68678760529,-7.6918296814,-9.8289899826],"min":[-17.2735900879,-17.2531833649,-19.7907447815,-18.44962883,-19.3599281311,-20.6357307434],"var":[1.48130464554,1.1514428854,1.33430159092,1.68882405758,2.3468773365,3.70919156075]},"spectral_decrease":{"dmean":2.04563455064e-9,"dmean2":3.1767968256e-9,"dvar":9.92145572987e-18,"dvar2":2.46788872534e-17,"max":1.44738771115e-19,"mean":-6.45228137586e-9,"median":-4.96807039951e-9,"min":-5.44468967689e-8,"var":3.57008670836e-17},"spectral_energy":{"dmean":0.00814697239548,"dmean2":0.0125705795363,"dvar":0.000151849832037,"dvar2":0.000374873547116,"max":0.209452688694,"mean":0.026310287416,"median":0.0204980522394,"min":3.10010936193e-12,"var":0.000569590076338},"spectral_energyband_high":{"dmean":0.000359574041795,"dmean2":0.00048789952416,"dvar":6.02774491654e-7,"dvar2":0.00000118559501061,"max":0.0161333419383,"mean":0.000859004969243,"median":0.000368418928701,"min":2.52978822786e-12,"var":0.00000184334339792},"spectral_energyband_low":{"dmean":0.00471892720088,"dmean2":0.00789145752788,"dvar":0.0000962359990808,"dvar2":0.000253059493843,"max":0.191455498338,"mean":0.011134326458,"median":0.00623520370573,"min":4.26938723903e-14,"var":0.000272098579444},"spectral_energyband_middle_high":{"dmean":0.00270546087995,"dmean2":0.00398705666885,"dvar":0.0000249261029239,"dvar2":0.0000577421706112,"max":0.105398096144,"mean":0.00690663233399,"median":0.00369709730148,"min":7.27850735954e-14,"var":0.000089781198767},"spectral_energyband_middle_low":{"dmean":0.00368386204354,"dmean2":0.0057708369568,"dvar":0.0000414878049924,"dvar2":0.000104060476588,"max":0.114003799856,"mean":0.00857896730304,"median":0.0056137572974,"min":4.34881433165e-13,"var":0.000105199731479},"spectral_entropy":{"dmean":0.152305141091,"dmean2":0.21888576448,"dvar":0.0314248763025,"dvar2":0.0592400878668,"max":8.90998744965,"mean":7.47779035568,"median":7.61503887177,"min":4.2163772583,"var":0.371537983418},"spectral_flux":{"dmean":0.0210300609469,"dmean2":0.0323924981058,"dvar":0.00065766274929,"dvar2":0.00145428581163,"max":0.323226422071,"mean":0.0734273344278,"median":0.0698836892843,"min":0.000027567090001,"var":0.00244512292556},"spectral_kurtosis":{"dmean":2.06829714775,"dmean2":3.46124482155,"dvar":10.6352643967,"dvar2":30.7923088074,"max":67.2241668701,"mean":6.01531267166,"median":3.67864871025,"min":-1.21146154404,"var":56.7128067017},"spectral_rms":{"dmean":0.00071443838533,"dmean2":0.00106962176505,"dvar":7.81063249633e-7,"dvar2":0.00000174668457475,"max":0.0142948972061,"mean":0.00449417578056,"median":0.00447192322463,"min":5.49954251028e-8,"var":0.00000547088211533},"spectral_rolloff":{"dmean":446.456542969,"dmean2":749.062194824,"dvar":916656.0625,"dvar2":1978414.875,"max":15805.3710938,"mean":1508.49755859,"median":1335.05859375,"min":43.06640625,"var":2135788.25},"spectral_skewness":{"dmean":0.243292823434,"dmean2":0.384096682072,"dvar":0.0881598815322,"dvar2":0.220877796412,"max":6.6719455719,"mean":1.68166208267,"median":1.52956140041,"min":-0.154979243875,"var":0.614519476891},"spectral_spread":{"dmean":520652.96875,"dmean2":732455.8125,"dvar":491469176832,"dvar2":861489004544,"max":17010668,"mean":4553799.5,"median":4331138,"min":1063376.875,"var":3700655915010},"spectral_strongpeak":{"dmean":0.673237800598,"dmean2":1.14363253117,"dvar":1.85680806637,"dvar2":4.76030492783,"max":17.247379303,"mean":1.03567278385,"median":0.3791924119,"min":0,"var":2.89662575722},"zerocrossingrate":{"dmean":0.00979367829859,"dmean2":0.0110992118716,"dvar":0.000180348637514,"dvar2":0.000214399842662,"max":0.5224609375,"mean":0.0599490404129,"median":0.0556640625,"min":0.0029296875,"var":0.00144954421557}},"metadata":{"audio_properties":{"analysis_sample_rate":44100,"bit_rate":0,"codec":"flac","downmix":"mix","equal_loudness":0,"length":274,"lossless":true,"md5_encoded":"ab5fee91d69eb1453f83ee8945fa3a27","replay_gain":-13.4763050079},"tags":{"album":["Tommy"],"albumartist":["The Who"],"albumartistsort":["Who, The"],"artist":["The Who"],"artistsort":["Who, The"],"asin":["B000002OZY"],"barcode":["008811141721"],"catalognumber":["MCAD-11417"],"date":["1996-03-12"],"file_name":"07 Christmas.flac","format":["CD"],"genre":["Rock"],"isrc":["GBAKW6900110"],"label":["MCA Records"],"language":["eng"],"musicbrainz_albumartistid":["9fdaa16b-a6c4-4831-b87c-bc9ca8ce7eaa"],"musicbrainz_albumid":["cc6adf85-1f08-49fe-b074-22621cffc37a"],"musicbrainz_artistid":["9fdaa16b-a6c4-4831-b87c-bc9ca8ce7eaa"],"musicbrainz_recordingid":["303f80f4-34e4-47d7-b03d-80fc2e7bb89e"],"producer":["Jon Astley"],"releasecountry":["US"],"releasestatus":["official"],"releasetype":["album"],"replaygain_album_gain":["-6.53 dB"],"replaygain_album_peak":["0.98202515"],"replaygain_reference_loudness":["89.0 dB"],"replaygain_track_gain":["-8.09 dB"],"replaygain_track_peak":["0.98114014"],"script":["Latn"],"title":["Christmas"],"totaltracks":["24"],"tracknumber":["7"],"tracktotal":["24"]},"version":{"essentia":"2.1-beta1","essentia_build_sha":"eef087cf131c10083d474ad51def18efd0e38295","essentia_git_sha":"v2.1_beta1-7-ge0e83e8-dirty","extractor":"music 1.0"}},"rhythm":{"beats_count":495,"beats_loudness":{"dmean":0.0199590753764,"dmean2":0.0331449173391,"dvar":0.000348349160049,"dvar2":0.000995774636976,"max":0.140217497945,"mean":0.0368936248124,"median":0.0347775518894,"min":1.51177033558e-7,"var":0.000633601972368},"beats_loudness_band_ratio":{"dmean":[0.211030721664,0.107925906777,0.125992894173,0.130860298872,0.0928684622049,0.0458242744207],"dmean2":[0.357959210873,0.184616208076,0.