{"lowlevel":{"average_loudness":0.677935004234,"barkbands":{"dmean":[0.000145639845869,0.00694365240633,0.00217144144699,0.00111322710291,0.00202442519367,0.00118218827993,0.000831361336168,0.00123305642046,0.00133039033972,0.00072726525832,0.000457450543763,0.000376705196686,0.000358545657946,0.000291325646685,0.000217667926336,0.000117478863103,0.0000772438725107,0.0000632681840216,0.0000430042091466,0.0000212583163375,0.0000253051293839,0.0000355122938345,0.0000417377668782,0.0000403068261221,0.0000347500827047,0.0000307523114316,0.0000105455792436],"dmean2":[0.000224572548177,0.0113940164447,0.00360886915587,0.00189715228043,0.00331200123765,0.00187181506772,0.00130554335192,0.00191689573694,0.00207853433676,0.00110281445086,0.00067777861841,0.000557935447432,0.000561081164051,0.000450487365015,0.000346041721059,0.00018399678811,0.000124300669995,0.000100464872958,0.0000663893952151,0.0000322276755469,0.0000379911289201,0.0000529486896994,0.0000620591672487,0.0000586477581237,0.0000518164997629,0.0000477233115816,0.0000166234331118],"dvar":[1.91300301822e-7,0.000323659536662,0.0000193488267541,0.000013238599422,0.0000220223610086,0.00000812531561678,0.00000648295235806,0.0000103955417217,0.0000136815669975,0.00000292795084533,0.00000297079554912,0.00000117633146601,9.24578046124e-7,7.99197437118e-7,3.54301619154e-7,1.1617444784e-7,3.28823333007e-8,2.48024321081e-8,1.54353934079e-8,3.03069258578e-9,5.8999169994e-9,1.26497781139e-8,2.65050488224e-8,2.30500099008e-8,9.21887899352e-9,1.04818962399e-8,1.67778213545e-9],"dvar2":[4.25814931759e-7,0.00079210504191,0.0000513196137035,0.0000338169920724,0.0000554814832867,0.0000201825114345,0.0000147982764247,0.0000244144757744,0.0000320914041367,0.00000651580876365,0.00000660486011839,0.00000220082620217,0.00000221431901082,0.00000179540916179,8.9806115966e-7,2.61584602868e-7,7.84477904858e-8,5.91221436252e-8,3.50487425749e-8,6.36900132633e-9,1.23613874692e-8,2.53701788466e-8,5.25730285972e-8,4.76808388328e-8,1.97186960094e-8,2.32816574908e-8,3.7319809465e-9],"max":[0.0046981475316,0.19239847362,0.0679539740086,0.0892520099878,0.104340001941,0.0744810029864,0.0729291960597,0.0722627341747,0.0632979571819,0.0393588766456,0.0868901237845,0.0327431261539,0.0223832242191,0.0369137264788,0.0250483229756,0.0132200438529,0.00550434086472,0.00655393442139,0.00279569323175,0.00128661619965,0.00257202191278,0.00365883670747,0.00935201533139,0.00950107723475,0.00281520443968,0.00227342965081,0.00104642426595],"mean":[0.000163095697644,0.0108860069886,0.00432048505172,0.00151667499449,0.0030202572234,0.00211261771619,0.00138784770388,0.0022296460811,0.00239380518906,0.00133218616247,0.00084013066953,0.000613985641394,0.000550771015696,0.000465370656457,0.000362356455298,0.000180020157131,0.000124071753817,0.000109359389171,0.0000691516906954,0.0000352698370989,0.0000392738111259,0.0000589324627072,0.0000735067151254,0.0000618784470134,0.0000437487869931,0.0000297600836348,0.00000944841485762],"median":[0.00000455177178083,0.00200832379051,0.00172928010579,0.000583099899814,0.0014514826471,0.000888846756425,0.000424520607339,0.000551491160877,0.000369559100363,0.000351150403731,0.000112124500447,0.000127779858303,0.000119660769997,0.000087816901214,0.0000840660432004,0.000046638870117,0.0000453878928965,0.0000295496101899,0.0000196290166059,0.0000112005918709,0.0000105256549432,0.0000112022262329,0.0000131601273097,0.0000112272928163,0.00000715756277714,0.00000153242774559,6.70461659524e-8],"min":[1.50383487939e-25,2.88805704769e-24,9.33365136093e-25,7.81767270746e-25,6.01410435859e-24,7.95849739525e-24,6.54964348891e-24,8.80211944679e-24,1.86831955081e-23,1.70085716018e-23,5.6085170462e-24,1.58735111997e-23,2.40908512129e-23,3.27293403975e-23,4.55749904505e-23,4.95247475832e-23,6.46425316134e-23,1.00634613337e-22,1.14880841751e-22,1.20659834794e-22,2.71993004964e-22,3.65274405989e-22,4.14165101886e-22,5.50118223329e-22,8.40623761633e-22,1.25326758628e-21,1.9624147155e-21],"var":[2.1289733354e-7,0.000392552406993,0.0000385448438465,0.0000132357272378,0.0000268781968771,0.0000138646892083,0.0000116533492474,0.0000254455044342,0.0000343585343217,0.00000828347037896,0.00000932358761929,0.00000301306408801,0.0000016941917238,0.00000161657408171,6.74757302477e-7,2.11932174921e-7,5.70483571494e-8,5.68611291385e-8,2.30825047964e-8,5.6407354343e-9,9.74564162703e-9,2.58812775655e-8,5.1811493762e-8,3.95004917664e-8,1.43104852413e-8,1.2568751373e-8,1.92596627535e-9]},"barkbands_crest":{"dmean":2.66831493378,"dmean2":4.26586008072,"dvar":7.08012723923,"dvar2":17.2344417572,"max":26.6003665924,"mean":11.6282310486,"median":10.846159935,"min":2.08858752251,"var":19.560552597},"barkbands_flatness_db":{"dmean":0.0248069036752,"dmean2":0.0360756516457,"dvar":0.000603481603321,"dvar2":0.00124366662931,"max":0.439183562994,"mean":0.174684897065,"median":0.175028577447,"min":0.0171878505498,"var":0.00330495368689},"barkbands_kurtosis":{"dmean":4.06275939941,"dmean2":6.33459234238,"dvar":96.1347122192,"dvar2":228.533676147,"max":405.902954102,"mean":6.8143787384,"median":3.48603439331,"min":-1.92210137844,"var":158.199676514},"barkbands_skewness":{"dmean":0.619327068329,"dmean2":0.930293917656,"dvar":0.550850689411,"dvar2":1.21167111397,"max":19.066614151,"mean":1.74925982952,"median":1.6259149313,"min":-6.19299840927,"var":2.05003929138},"barkbands_spread":{"dmean":4.46287250519,"dmean2":6.79972505569,"dvar":50.3969116211,"dvar2":105.102279663,"max":142.008880615,"mean":14.9236955643,"median":11.9828100204,"min":0.43152526021,"var":164.691757202},"dissonance":{"dmean":0.0291280895472,"dmean2":0.0483581796288,"dvar":0.000799692992587,"dvar2":0.00210846960545,"max":0.499999970198,"mean":0.43650406599,"median":0.446295171976,"min":0.0419572591782,"var":0.00201978744008},"dynamic_complexity":6.36255121231,"erbbands":{"dmean":[0.19088485837,1.6385705471,2.64496517181,2.7589302063,5.94578266144,7.70473718643,7.15433073044,9.67439079285,11.2641525269,14.2590923309,31.628692627,32.5012893677,15.5434741974,24.1753101349,16.0304298401,13.9819784164,16.3716697693,11.309006691,14.4779148102,8.10386371613,6.45393610001,3.92308449745,3.71010708809,2.25896167755,1.93225157261,1.07931303978,1.07727456093,0.9643907547,1.24418115616,1.3308442831,1.18562781811,0.919860959053,0.641396701336,0.349240094423,0.27152299881,0.151206851006,0.0537625961006,0.0140919908881,0.00203451048583,0.0000585547895753],"dmean2":[0.311880290508,2.71406817436,4.38261127472,4.62976074219,9.80711936951,12.7206134796,11.537147522,15.4148902893,17.8286838531,22.029001236,49.0143852234,50.4064598083,23.3499488831,36.8877258301,23.3168201447,20.7286815643,25.4580440521,17.2101078033,22.8715248108,12.600689888,10.0650701523,6.24049806595,5.86320066452,3.51240181923,3.00786685944,1.63752388954,1.63032591343,1.4142884016,1.86906731129,1.98689377308,1.77327942848,1.3635532856,0.942605912685,0.520661830902,0.40896525979,0.233102783561,0.0845686793327,0.0221127886325,0.0032044374384,0.0000900962259038],"dvar":[0.304672271013,17.2710189819,30.6909065247,36.7670097351,379.383087158,277.384429932,311.377471924,578.385559082,1091.42150879,1772.47619629,6549.71289062,8445.48925781,1589.12988281,3700.62036133,2269.45678711,1471.74121094,1944.1763916,891.238891602,1897.04797363,580.733215332,345.415496826,84.302230835,78.7452468872,30.9095001221,46.9009780884,7.40478849411,11.6501617432,8.566822052,14.4849233627,23.0044136047,23.1114597321,11.9885129929,6.01728153229,0.856271624565,0.680960595608,0.245915979147,0.0332383997738,0.00268577132374,0.0000617912664893,3.57120626404e-8],"dvar2":[0.732473254204,44.1970825195,83.0341644287,96.5885696411,909.549987793,736.136657715,809.890808105,1420.29077148,2468.07006836,4024.90649414,15421.9267578,19914.8964844,3363.22558594,8348.90234375,4743.52734375,2885.73583984,4661.57421875,1898.4317627,4788.85449219,1273.93518066,801.027832031,194.891326904,190.998077393,72.1753158569,107.16607666,15.5290679932,25.5715713501,17.562297821,29.5377235413,44.5965270996,47.2505073547,24.498588562,13.3062000275,1.79746687412,1.50750291348,0.540505051613,0.0755124688148,0.00605210196227,0.000136775910505,7.93827865664e-8],"max":[4.98208379745,47.3901252747,73.2927780151,124.040664673,377.913757324,351.128387451,412.278656006,558.801025391,1086.72143555,1417.64282227,2014.74353027,1697.52185059,1250.60229492,1470.21472168,2018.03149414,1506.82849121,1111.75622559,1058.11645508,1434.72277832,733.352844238,882.50793457,353.083068848,239.557052612,222.226135254,166.309387207,57.0425643921,128.457290649,107.77230072,131.136978149,217.873321533,273.747314453,182.485061646,146.540618896,22.40325737,23.9437332153,13.5203094482,4.43614006042,1.29066407681,0.170084565878,0.00406236900017],"mean":[0.256500691175,2.61866569519,5.46997499466,4.87313270569,7.94482564926,11.0329027176,12.6190881729,17.0749816895,19.9502563477,25.1017532349,61.4509277344,60.0447158813,31.0495700836,44.9683418274,31.2552242279,24.9132270813,26.0219478607,20.4906387329,24.5047893524,14.0159273148,10.4564800262,6.78425788879,6.64146566391,4.21932315826,2.93252515793,1.77209055424,1.62930989265,1.5478926897,1.99803578854,2.36590385437,2.02057623863,1.45799136162,0.942394733429,0.491993814707,0.310169309378,0.150861918926,0.0507063642144,0.0131025994197,0.00182004680391,0.0000807890246506],"median":[0.0390098430216,0.568754017353,2.73322963715,2.73651337624,2.76777887344,5.15947771072,5.54525613785,7.30819797516,7.21897411346,8.65732288361,16.4439544678,11.1374883652,9.70488357544,10.7220773697,6.62025356293,6.15835952759,5.89421463013,5.41763162613,4.82918119431,3.54323291779,3.12584471703,2.53667974472,1.88408017159,1.335719347,0.802049696445,0.5651653409,0.454385250807,0.389825582504,0.38462883234,0.45493337512,0.338056921959,0.268282324076,0.165469452739,0.0960104316473,0.0381700731814,0.0100382138044,0.00223015085794,0.000359993020538,0.0000308286616928,0.000033689510019],"min":[8.8422200865e-23,7.17007364519e-22,1.63003240138e-21,4.09504607584e-21,1.59284499848e-20,1.98824088558e-20,5.56819278903e-20,4.62538298972e-20,1.08274678697e-19,1.87021865884e-19,1.83520436201e-19,3.63688593722e-19,5.2013303033e-19,7.9831262956e-19,5.89309576271e-19,9.62952590731e-19,1.31627948066e-18,2.07416779369e-18,2.25716537419e-18,3.58686317195e-18,3.19498222085e-18,5.26298421025e-18,5.43470235593e-18,6.4698349337e-18,6.64753194084e-18,7.98681510755e-18,9.98951118758e-18,9.498666348e-18,1.11937959968e-17,1.14404687001e-17,1.13288530841e-17,1.03574345066e-17,9.10204978789e-18,7.16040790887e-18,5.38777019592e-18,4.11858810459e-18,2.04921051383e-18,9.00817264658e-19,2.55956668291e-19,2.69022690463e-20],"var":[0.313326478004,21.2491359711,52.5689659119,51.645565033,399.807617188,334.142974854,496.08694458,939.883483887,2139.14550781,3286.16552734,16331.9238281,21008.0507812,4560.14550781,10705.3496094,7383.12646484,3834.3815918,3641.18725586,2315.85522461,3705.30883789,1231.91955566,609.463928223,162.470596313,186.594818115,66.1028671265,59.3527679443,13.752617836,17.7012271881,14.7664337158,27.3913707733,50.6251029968,42.8132629395,21.2117881775,9.19844722748,1.51063191891,0.946494579315,0.305381268263,0.0378559157252,0.00310815195553,0.0000700303789927,4.26876667348e-8]},"erbbands_crest":{"dmean":2.96422791481,"dmean2":4.64784812927,"dvar":8.1335849762,"dvar2":18.4071826935,"max":33.0274505615,"mean":11.0571670532,"median":9.75688076019,"min":2.36096453667,"var":28.6743488312},"erbbands_flatness_db":{"dmean":0.0233024805784,"dmean2":0.0319452732801,"dvar":0.000532313482836,"dvar2":0.000969976594206,"max":0.43679946661,"mean":0.177731856704,"median":0.173327997327,"min":0.0351761765778,"var":0.00354838906787},"erbbands_kurtosis":{"dmean":1.6767500639,"dmean2":2.57024002075,"dvar":10.9159479141,"dvar2":24.6303977966,"max":133.015884399,"mean":2.36082577705,"median":1.08223438263,"min":-1.82735717297,"var":22.3908138275},"erbbands_skewness":{"dmean":0.414465099573,"dmean2":0.619454205036,"dvar":0.196772947907,"dvar2":0.424174100161,"max":10.6846265793,"mean":0.731594204903,"median":0.688108146191,"min":-3.95209407806,"var":0.848526835442},"erbbands_spread":{"dmean":7.57724237442,"dmean2":11.2766113281,"dvar":92.5702133179,"dvar2":194.118667603,"max":169.764724731,"mean":28.5023155212,"median":24.9628562927,"min":1.02780222893,"var":298.472808838},"gfcc":{"cov":[[29172.3925781,2682.39233398,-197.90145874,1112.36889648,-231.421035767,1638.53857422,72.2830276489,780.50012207,335.819000244,-309.187835693,-22.3159618378,-309.979431152,-349.585205078],[2682.39233398,1750.18554688,-293.781707764,54.9787521362,135.520965576,34.2097892761,24.9497947693,-40.1293182373,78.3553771973,-169.092376709,71.1219177246,-151.863342285,1.01777732372],[-197.90145874,-293.781707764,1404.81762695,210.599319458,167.914657593,320.27444458,39.2535705566,248.991256714,20.8198318481,5.39998626709,-35.1762733459,-5.03564214706,-149.901519775],[1112.36889648,54.9787521362,210.599319458,537.527648926,16.6593093872,208.924209595,54.6801109314,76.3951568604,51.2036933899,-45.3466682434,28.4766864777,-50.5047225952,-10.8754873276],[-231.421035767,135.520965576,167.914657593,16.6593093872,369.895202637,96.2012023926,76.8601303101,39.4233589172,-0.949305951595,4.38224029541,14.9781246185,3.22756075859,5.59812641144],[1638.53857422,34.2097892761,320.27444458,208.924209595,96.2012023926,505.701446533,122.895561218,168.789749146,75.2837982178,-20.2312316895,42.1850814819,-36.4730949402,-50.0851860046],[72.2830276489,24.9497947693,39.2535705566,54.6801109314,76.8601303101,122.895561218,198.618988037,72.2846374512,34.08543396,1.55922567844,22.6323280334,-15.3732118607,7.56219148636],[780.50012207,-40.1293182373,248.991256714,76.3951568604,39.4233589172,168.789749146,72.2846374512,235.725265503,68.2396011353,2.68026232719,5.53769540787,0.589004516602,-31.2648792267],[335.819000244,78.3553771973,20.8198318481,51.2036933899,-0.949305951595,75.2837982178,34.08543396,68.2396011353,142.62322998,14.011885643,22.942232132,-15.3892011642,6.80413579941],[-309.187835693,-169.092376709,5.39998626709,-45.3466682434,4.38224029541,-20.2312316895,1.55922567844,2.68026232719,14.011885643,120.171600342,22.7161216736,20.9849758148,18.1041793823],[-22.3159618378,71.1219177246,-35.1762733459,28.4766864777,14.9781246185,42.1850814819,22.6323280334,5.53769540787,22.942232132,22.7161216736,112.739250183,20.4713516235,22.4432373047],[-309.979431152,-151.863342285,-5.03564214706,-50.5047225952,3.22756075859,-36.4730949402,-15.3732118607,0.589004516602,-15.3892011642,20.9849758148,20.4713516235,114.969833374,36.2990646362],[-349.585205078,1.01777732372,-149.901519775,-10.8754873276,5.59812641144,-50.0851860046,7.56219148636,-31.2648792267,6.80413579941,18.1041793823,22.4432373047,36.2990646362,116.988121033]],"icov":[[0.0000697428695275,-0.000139389449032,0.0000962080885074,-0.00010206947627,0.000107321342512,-0.00025130395079,0.00013247950119,-0.000208755183849,0.0000903561158339,-0.000155022367835,0.000228163800784,-0.00015430393978,0.000169169245055],[-0.000139389449032,0.00122272234876,-0.0000179348080565,0.00032909429865,-0.000711322412826,0.000611188472249,-0.0000383483566111,0.000440252188127,-0.00073963671457,0.00175733165815,-0.0014354015002,0.0015651989961,-0.000442925433163],[0.0000962080885074,-0.0000179348080565,0.00133411202114,-0.000458139955299,-0.000383578037145,-0.000665077648591,0.00059194403002,-0.00113973545376,0.000326442910591,-0.000376012118068,0.000612071773503,-0.000464556447696,0.00141119561158],[-0.00010206947627,0.00032909429865,-0.000458139955299,0.00265558832325,0.0000358005563612,-0.000355372292688,-0.000212091865251,0.000337931822287,-0.000504640396684,0.00134476518724,-0.00108924217056,0.00139008753467,-0.0010989747243],[0.000107321342512,-0.000711322412826,-0.000383578037145,0.0000358005563612,0.00363499042578,-0.000794800405856,-0.00101629993878,-0.000108434069261,0.000842694775201,-0.000953307491727,0.000617207027972,-0.000838065810967,-0.000398632982979],[-0.00025130395079,0.000611188472249,-0.000665077648591,-0.000355372292688,-0.000794800405856,0.00448558945209,-0.00156569189858,-0.000514952931553,-0.00093973078765,0.00119895103853,-0.00208361516707,0.0011485745199,0.000192966748727],[0.00013247950119,-0.0000383483566111,0.00059194403002,-0.000212091865251,-0.00101629993878,-0.00156569189858,0.00717387488112,-0.00199087662622,-0.0000296510788758,-0.0000985245060292,-0.000352983974153,0.00104545429349,-0.000722177326679],[-0.000208755183849,0.000440252188127,-0.00113973545376,0.000337931822287,-0.000108434069261,-0.000514952931553,-0.00199087662622,0.00800565350801,-0.00296741304919,0.00047081784578,0.0000614139134996,-0.000965595827438,0.000383857666748],[0.0000903561158339,-0.00073963671457,0.000326442910591,-0.000504640396684,0.000842694775201,-0.00093973078765,-0.0000296510788758,-0.00296741304919,0.00967877544463,-0.00218745903112,-0.000375433883164,0.000824229908176,-0.000994084170088],[-0.000155022367835,0.00175733165815,-0.000376012118068,0.00134476518724,-0.000953307491727,0.00119895103853,-0.0000985245060292,0.00047081784578,-0.00218745903112,0.0121064083651,-0.0038759643212,0.00157289544586,-0.00163494050503],[0.000228163800784,-0.0014354015002,0.000612071773503,-0.00108924217056,0.000617207027972,-0.00208361516707,-0.000352983974153,0.0000614139134996,-0.000375433883164,-0.0038759643212,0.012654225342,-0.0040357997641,-0.0000587780450587],[-0.00015430393978,0.0015651989961,-0.000464556447696,0.00139008753467,-0.000838065810967,0.0011485745199,0.00104545429349,-0.000965595827438,0.000824229908176,0.00157289544586,-0.0040357997641,0.0134070040658,-0.00441157305613],[0.000169169245055,-0.000442925433163,0.00141119561158,-0.0010989747243,-0.000398632982979,0.000192966748727,-0.000722177326679,0.000383857666748,-0.000994084170088,-0.00163494050503,-0.0000587780450587,-0.00441157305613,0.012705183588]],"mean":[-70.1976242065,111.168083191,-103.147659302,10.520152092,-57.0334396362,15.7133378983,-37.7886581421,7.41254901886,-16.668806076,-0.720401763916,-14.7730998993,-0.0470222234726,-11.1884298325]},"hfc":{"dmean":4.85223484039,"dmean2":6.8658156395,"dvar":59.588306427,"dvar2":115.435920715,"max":152.427108765,"mean":15.1700839996,"median":8.80588340759,"min":1.06623786099e-16,"var":284.99887085},"melbands":{"dmean":[0.00184712896589,0.00159457256086,0.00056439533364,0.000510573503561,0.000246401381446,0.000219784778892,0.000172821484739,0.000176179717528,0.0002777276095,0.000182347401278,0.0000779138936196,0.000103126483737,0.0000622954976279,0.0000472293395433,0.0000409650128859,0.0000264587652055,0.0000231074682233,0.0000269334104814,0.0000123350100694,0.00000901508610696,0.00000775652097218,0.00000412231020164,0.0000044898761189,0.00000290160232908,0.00000183998815828,0.00000178073491952,8.73945452895e-7,7.15447129096e-7,7.12260032287e-7,6.19813079084e-7,5.88582395267e-7,7.24374956462e-7,7.51603749904e-7,7.86724342561e-7,7.45830334381e-7,6.19071329311e-7,5.68480686525e-7,4.76541941907e-7,3.72528290882e-7,2.81010557046e-7],"dmean2":[0.00302937719971,0.0026022081729,0.000940255762544,0.000837526633404,0.000397321564378,0.000348453235347,0.000272740260698,0.00027374830097,0.000430771702668,0.000282402703306,0.000117536241305,0.000157722461154,0.0000914079719223,0.0000694557238603,0.0000639174249955,0.0000410162174376,0.0000353314026142,0.0000424211502832,0.0000194058629859,0.000014010554878,0.0000122742785607,0.00000664884191792,0.00000723904577171,0.00000459076181869,0.00000290572734229,0.0000027745738862,0.00000136450114496,0.00000109759105271,0.00000109615211841,9.40188897403e-7,8.83622249148e-7,0.00000110196651804,0.00000114564215892,0.00000118485741041,0.00000113135581614,9.38464097544e-7,8.46790328524e-7,7.10154267836e-7,5.58523026939e-7,4.25476628152e-7],"dvar":[0.0000253252983384,0.0000121161674542,0.00000240513190874,0.00000143175429912,3.19721692676e-7,2.87469873683e-7,2.55496019008e-7,2.25887362149e-7,4.7056312269e-7,2.68283883997e-7,4.09164329085e-8,6.71760886917e-8,5.01377606099e-8,2.05261461161e-8,1.2631489632e-8,4.38096670052e-9,4.00103461473e-9,7.40380778907e-9,1.12623488313e-9,7.10680236882e-10,4.94457197409e-10,1.06930034272e-10,1.08260948817e-10,6.22442028475e-11,2.25737015885e-11,4.03638997226e-11,5.66713776601e-12,3.55113724884e-12,5.57584360628e-12,3.57608170506e-12,3.3336959495e-12,4.54344851672e-12,7.33220255345e-12,8.33690842056e-12,1.00532741854e-11,5.99781422445e-12,4.6056392207e-12,4.0507948558e-12,1.20946915677e-12,5.70887954965e-13],"dvar2":[0.0000612688163528,0.0000315593715641,0.00000600039220444,0.0000035979248878,8.39207700665e-7,7.03705552496e-7,5.74805994802e-7,5.14663724971e-7,0.00000109843551854,6.3295686914e-7,8.73934880019e-8,1.51427158812e-7,1.08897324935e-7,3.69615023033e-8,3.04574214738e-8,9.96701210454e-9,8.45052205989e-9,1.8102044308e-8,2.65036348424e-9,1.51587986608e-9,1.1527691024e-9,2.51850706956e-10,2.65343996775e-10,1.43956374599e-10,5.41306097168e-11,9.12317513202e-11,1.26610189347e-11,7.62587736014e-12,1.31394530672e-11,7.34223879612e-12,7.21641366455e-12,9.45284996112e-12,1.59335756394e-11,1.64130896374e-11,2.11015770829e-11,1.3307912064e-11,9.35993036549e-12,9.13975926192e-12,2.67320323863e-12,1.23431972109e-12],"max":[0.0476803295314,0.0451739802957,0.035332672298,0.0236331522465,0.0119910072535,0.0127203762531,0.0166834890842,0.0125288777053,0.0155684184283,0.0101298112422,0.00611746031791,0.00583988148719,0.0109431995079,0.00479032378644,0.00276086479425,0.0021386097651,0.00223899981938,0.00338239083067,0.0010333644459,0.00116071919911,0.00102091068402,0.00036976771662,0.000275513535598,0.000385212129913,0.000182897027116,0.00015962785983,0.0000839336207719,0.0000412185763707,0.0000768824393163,0.0000799619156169,0.0000592300639255,0.0000709463420208,0.000115885173727,0.000150637584738,0.00021017320978,0.0000955295254244,0.000123224454001,0.000120459830214,0.0000455884583062,0.0000230424975598],"mean":[0.00272412598133,0.00319247459993,0.000959733617492,0.000713612011168,0.000446374266176,0.000391411449527,0.000302451546304,0.000312039657729,0.000543791684322,0.000329449569108,0.000147157668835,0.000186016724911,0.000118464653497,0.0000766474695411,0.0000647211636533,0.0000419249554398,0.0000390222157876,0.0000430444051744,0.0000210888647416,0.0000141912478284,0.0000118152247524,0.00000653102097203,0.00000716614067642,0.00000508940547661,0.00000320637877849,0.00000258944487541,0.00000134193737722,0.00000112008592623,0.00000100708984974,9.36434730647e-7,8.84325004336e-7,0.00000108815390831,0.00000122639846722,0.00000134889364745,0.0000012134694316,9.82229607871e-7,8.49210437082e-7,6.78841502122e-7,5.17397154454e-7,3.83746311172e-7],"median":[0.000477525114547,0.00168952182867,0.00053907581605,0.000304893386783,0.000228845208767,0.000165000688867,0.000104111531982,0.000101060402812,0.000135666035931,0.0000557565181225,0.000042193390982,0.0000427218219556,0.0000198524776351,0.0000146562160808,0.0000139220010169,0.0000106557899926,0.0000087033613454,0.00000729949942979,0.00000495646872878,0.0000035319426388,0.00000343775172951,0.00000230326395467,0.00000215631189349,0.00000121529046737,0.00000100984334495,6.70281735893e-7,3.82549558253e-7,3.42812512599e-7,2.61788869693e-7,2.44061141075e-7,1.97030828986e-7,2.0305215287e-7,2.10274748724e-7,2.53694253161e-7,1.94186654312e-7,1.60591966392e-7,1.53901282829e-7,1.10807590659e-7,9.10314881253e-8,7.38290424351e-8],"min":[1.05005413145e-24,1.21429132343e-24,1.1437385623e-24,1.55284133471e-24,1.87331469695e-24,1.29749958285e-24,1.70982071054e-24,1.95128886426e-24,1.17838888313e-24,2.67419350363e-24,2.25422407364e-24,2.69094535938e-24,1.04362471785e-24,2.41139376217e-24,2.05808367032e-24,2.44385736057e-24,3.20217574091e-24,2.38371006921e-24,3.25058635973e-24,4.00149930832e-24,3.57748262746e-24,3.68273797146e-24,4.0888983913e-24,4.04354796115e-24,4.73356065064e-24,4.55907724018e-24,3.54031584034e-24,4.07890470692e-24,4.6648406106e-24,4.49354972023e-24,5.2102140754e-24,4.72442130262e-24,6.22893879321e-24,5.37671697451e-24,6.06874402033e-24,5.92245173761e-24,5.35907410037e-24,5.27430626294e-24,5.85081882868e-24,5.02983905727e-24],"var":[0.0000280066396954,0.0000185880617209,0.00000273909540738,0.00000171920908087,4.94625510328e-7,4.82545544855e-7,4.98759277434e-7,4.81514859985e-7,0.00000122044048112,6.56745157812e-7,1.15509202203e-7,1.89133373851e-7,1.58045494913e-7,5.24319894168e-8,2.42747812962e-8,8.62967119986e-9,9.78176561972e-9,1.41423841526e-8,2.38924857676e-9,1.45177847521e-9,8.60636395483e-10,1.80807271932e-10,1.95809257697e-10,1.52169304934e-10,4.2206609735e-11,5.04771849319e-11,9.1517470685e-12,6.13713290257e-12,7.44298893351e-12,5.96085897656e-12,5.2221317548e-12,7.88781366612e-12,1.42133223593e-11,1.72072078808e-11,1.74285880866e-11,9.59361236286e-12,7.93677189942e-12,5.7363918303e-12,2.02554726464e-12,9.34421051819e-13]},"melbands_crest":{"dmean":3.04015994072,"dmean2":4.83744382858,"dvar":8.80094909668,"dvar2":21.2445201874,"max":34.6408119202,"mean":14.8414306641,"median":14.4493846893,"min":1.6630345583,"var":25.5738964081},"melbands_flatness_db":{"dmean":0.0282907746732,"dmean2":0.040997389704,"dvar":0.000812191225123,"dvar2":0.00168836559169,"max":0.501450777054,"mean":0.251035362482,"median":0.254605472088,"min":0.00257732579485,"var":0.00491592055187},"melbands_kurtosis":{"dmean":7.54679918289,"dmean2":11.86257267,"dvar":299.52734375,"dvar2":706.937316895,"max":718.168884277,"mean":13.3895816803,"median":7.34894943237,"min":-1.80095088482,"var":504.828125},"melbands_skewness":{"dmean":0.763999164104,"dmean2":1.15547120571,"dvar":0.794305205345,"dvar2":1.76809060574,"max":19.9094638824,"mean":2.40365886688,"median":2.19321203232,"min":-2.98691153526,"var":2.7957701683},"melbands_spread":{"dmean":4.75208616257,"dmean2":7.32496833801,"dvar":82.7878341675,"dvar2":203.626861572,"max":242.211685181,"mean":16.7524719238,"median":12.3995370865,"min":0.415461719036,"var":387.382507324},"mfcc":{"cov":[[18039.9140625,1988.05004883,828.131469727,176.054870605,539.75982666,622.385803223,408.949493408,1060.78039551,323.253082275,583.966796875,561.706420898,137.761306763,73.6229705811],[1988.05004883,1725.26159668,-74.3793563843,2.55346846581,161.468338013,9.29535579681,27.7936439514,100.997749329,-4.01690912247,23.3689937592,47.305141449,-5.19221830368,16.705537796],[828.131469727,-74.3793563843,1008.53723145,81.5708465576,206.946228027,103.88167572,103.15687561,219.639251709,78.7679824829,86.7524032593,154.87928772,54.0797271729,7.47303009033],[176.054870605,2.55346846581,81.5708465576,298.656402588,53.4278182983,19.4387359619,22.852016449,12.4138660431,23.0138511658,-3.86415147781,1.86821246147,1.86495649815,-4.02812004089],[539.75982666,161.468338013,206.946228027,53.4278182983,282.059387207,97.9389266968,80.9942169189,110.99016571,50.8790512085,43.5601997375,53.8360595703,20.3387928009,27.9129161835],[622.385803223,9.29535579681,103.88167572,19.4387359619,97.9389266968,228.965393066,104.278198242,81.6758041382,34.6008338928,57.8410110474,34.0382347107,17.6526451111,11.9457769394],[408.949493408,27.7936439514,103.15687561,22.852016449,80.9942169189,104.278198242,217.754043579,104.204360962,46.0106086731,50.3656082153,52.1466598511,25.824256897,18.2136230469],[1060.78039551,100.997749329,219.639251709,12.4138660431,110.99016571,81.6758041382,104.204360962,272.045379639,84.6019058228,69.3952636719,92.9844741821,29.4803237915,24.8360824585],[323.253082275,-4.01690912247,78.7679824829,23.0138511658,50.8790512085,34.6008338928,46.0106086731,84.6019058228,143.302185059,58.9901618958,31.5017967224,17.9609298706,9.04570293427],[583.966796875,23.3689937592,86.7524032593,-3.86415147781,43.5601997375,57.8410110474,50.3656082153,69.3952636719,58.9901618958,149.359100342,74.3726272583,9.95541095734,1.78863859177],[561.706420898,47.305141449,154.87928772,1.86821246147,53.8360595703,34.0382347107,52.1466598511,92.9844741821,31.5017967224,74.3726272583,137.636672974,36.1914634705,9.72037601471],[137.761306763,-5.19221830368,54.0797271729,1.86495649815,20.3387928009,17.6526451111,25.824256897,29.4803237915,17.9609298706,9.95541095734,36.1914634705,88.7190170288,31.2984275818],[73.6229705811,16.705537796,7.47303009033,-4.02812004089,27.9129161835,11.9457769394,18.2136230469,24.8360824585,9.04570293427,1.78863859177,9.72037601471,31.2984275818,90.2449188232]],"icov":[[0.0000909846276045,-0.0000901922539924,0.0000034080005662,-0.0000535131548531,0.0000570601550862,-0.000153770903125,0.0000786380260251,-0.000265888025751,0.0000412969020545,-0.000176777830347,-0.0000868005663506,-0.0000235338302446,0.0000166834397533],[-0.0000901922539924,0.00074454350397,0.000192291205167,0.0000616797842667,-0.000547819072381,0.000314570614137,-0.0000262762605416,-0.000020803505322,0.000192988853087,0.000149084167788,-0.000103023907286,0.00012668389536,0.00000627654435448],[0.0000034080005662,0.000192291205167,0.00147758063395,-0.000239401255385,-0.000757467059884,-0.0000415940921812,0.00013676553499,-0.000697097973898,0.000058274006733,0.000120976052131,-0.00105363258626,-0.000262841756921,0.000429025007179],[-0.0000535131548531,0.0000616797842667,-0.000239401255385,0.00361527106725,-0.000629999674857,0.0000615851313341,-0.000298538332572,0.000507846823893,-0.000643532257527,0.000603893422522,0.000197214918444,0.0000739154565963,0.000326287641656],[0.0000570601550862,-0.000547819072381,-0.000757467059884,-0.000629999674857,0.00560108851641,-0.0015612783609,-0.000369930348825,-0.000709129148163,-0.000651582609862,0.000103387872514,-0.000293200981105,0.000389895780245,-0.0012068572687],[-0.000153770903125,0.000314570614137,-0.0000415940921812,0.0000615851313341,-0.0015612783609,0.00671404926106,-0.00232400395907,-0.000170652143424,0.000546992348973,-0.00156142481137,0.00135287560988,-0.000519468914717,0.000194139036466],[0.0000786380260251,-0.0000262762605416,0.00013676553499,-0.000298538332572,-0.000369930348825,-0.00232400395907,0.00688238209113,-0.00161407352425,-0.000348945322912,-0.000372336275177,-0.000805825577118,-0.000582093372941,-0.00027568556834],[-0.000265888025751,-0.000020803505322,-0.000697097973898,0.000507846823893,-0.000709129148163,-0.000170652143424,-0.00161407352425,0.00763708213344,-0.00268778856844,0.000932894879952,-0.00236308807507,0.000700288277585,-0.000970359658822],[0.0000412969020545,0.000192988853087,0.000058274006733,-0.000643532257527,-0.000651582609862,0.000546992348973,-0.000348945322912,-0.00268778856844,0.0100448429585,-0.00368696264923,0.00184536539018,-0.00148999912199,0.000220509813516],[-0.000176777830347,0.000149084167788,0.000120976052131,0.000603893422522,0.000103387872514,-0.00156142481137,-0.000372336275177,0.000932894879952,-0.00368696264923,0.011697165668,-0.00561791425571,0.00193811487406,0.000197341272724],[-0.0000868005663506,-0.000103023907286,-0.00105363258626,0.000197214918444,-0.000293200981105,0.00135287560988,-0.000805825577118,-0.00236308807507,0.00184536539018,-0.00561791425571,0.0141880400479,-0.00421854341403,0.000771745340899],[-0.0000235338302446,0.00012668389536,-0.000262841756921,0.0000739154565963,0.000389895780245,-0.000519468914717,-0.000582093372941,0.000700288277585,-0.00148999912199,0.00193811487406,-0.00421854341403,0.0148897469044,-0.00470495317131],[0.0000166834397533,0.00000627654435448,0.000429025007179,0.000326287641656,-0.0012068572687,0.000194139036466,-0.00027568556834,-0.000970359658822,0.000220509813516,0.000197341272724,0.000771745340899,-0.00470495317131,0.0132381124422]],"mean":[-711.62121582,145.902755737,9.75001144409,4.12369203568,4.98938512802,3.20609974861,-5.90318012238,5.10583114624,-1.20493626595,1.77108430862,0.722135663033,-0.676426231861,-2.66031932831]},"pitch_salience":{"dmean":0.0741010680795,"dmean2":0.118894465268,"dvar":0.0052090594545,"dvar2":0.0127148432657,"max":0.952167451382,"mean":0.510944247246,"median":0.507471382618,"min":0.0343457087874,"var":0.0152967656031},"silence_rate_20dB":{"dmean":0,"dmean2":0,"dvar":0,"dvar2":0,"max":1,"mean":1,"median":1,"min":1,"var":0},"silence_rate_30dB":{"dmean":0.0477139800787,"dmean2":0.0954343080521,"dvar":0.0454340837896,"dvar2":0.108402557671,"max":1,"mean":0.958468973637,"median":1,"min":0,"var":0.0398043245077},"silence_rate_60dB":{"dmean":0.0279106851667,"dmean2":0.0558250807226,"dvar":0.027132615447,"dvar2":0.0580224879086,"max":1,"mean":0.208120137453,"median":0,"min":0,"var":0.164813920856},"spectral_centroid":{"dmean":158.452972412,"dmean2":238.459320068,"dvar":75435.109375,"dvar2":156430.109375,"max":11775.78125,"mean":915.967773438,"median":720.717651367,"min":183.285079956,"var":1087313.625},"spectral_complexity":{"dmean":2.39008498192,"dmean2":3.65361857414,"dvar":8.15313339233,"dvar2":16.1630630493,"max":53,"mean":12.8425807953,"median":12,"min":0,"var":67.1266098022},"spectral_contrast_coeffs":{"dmean":[0.0483207926154,0.0470454618335,0.0399264544249,0.0314325504005,0.0221898723394,0.0174373742193],"dmean2":[0.0781347304583,0.075377009809,0.0627042725682,0.0495110861957,0.0351567044854,0.0263338591903],"dvar":[0.00182749133091,0.00169781723525,0.00122631224804,0.000750880688429,0.000398925738409,0.000304131332086],"dvar2":[0.00426837662235,0.0041216337122,0.00276425131597,0.00174815242644,0.00089530996047,0.000599335005973],"max":[-0.303118348122,-0.41506844759,-0.421514451504,-0.440092384815,-0.583874106407,-0.530637264252],"mean":[-0.647390604019,-0.712531924248,-0.744449615479,-0.77589905262,-0.796418309212,-0.800138115883],"median":[-0.649551391602,-0.714491605759,-0.750196576118,-0.780392169952,-0.797524452209,-0.800434470177],"min":[-0.992150425911,-0.98798853159,-0.986441373825,-0.985649645329,-0.990963041782,-0.96753436327],"var":[0.00928190164268,0.00734656304121,0.00628896430135,0.0041090096347,0.00225037173368,0.00232311408035]},"spectral_contrast_valleys":{"dmean":[0.397777706385,0.375863343477,0.351936548948,0.32194557786,0.302609622478,0.338216006756],"dmean2":[0.637773692608,0.601300954819,0.554194569588,0.495917677879,0.435571789742,0.444313764572],"dvar":[0.150203853846,0.16422046721,0.142442882061,0.137114569545,0.138285577297,0.165652960539],"dvar2":[0.307885408401,0.342298835516,0.29013350606,0.278710961342,0.255428999662,0.279041260481],"max":[-4.82466936111,-4.40327167511,-5.21258020401,-5.76783847809,-5.98493671417,-7.62509250641],"mean":[-7.88685464859,-7.20016431808,-7.93596935272,-8.49991321564,-8.84484767914,-11.0302085876],"median":[-7.02389192581,-6.57765293121,-7.40370845795,-8.05213260651,-8.41460037231,-10.6052541733],"min":[-28.4827251434,-28.0495948792,-27.7270946503,-27.6562385559,-27.4843158722,-27.4486560822],"var":[6.68161487579,5.72982931137,5.23750352859,4.84556770325,4.43301868439,4.21198606491]},"spectral_decrease":{"dmean":2.99478730703e-9,"dmean2":4.58307924944e-9,"dvar":3.26732172968e-17,"dvar2":7.1386692715e-17,"max":2.25486674183e-28,"mean":-8.38681835091e-9,"median":-6.00810867724e-9,"min":-6.71786253292e-8,"var":8.15349481339e-17},"spectral_energy":{"dmean":0.0116195799783,"dmean2":0.017711950466,"dvar":0.000483208918013,"dvar2":0.00104989181273,"max":0.26016998291,"mean":0.0330298058689,"median":0.0237046834081,"min":1.00210354349e-20,"var":0.00124711298849},"spectral_energyband_high":{"dmean":0.000204657873837,"dmean2":0.000292171927867,"dvar":2.63945054257e-7,"dvar2":5.03159469645e-7,"max":0.0182953830808,"mean":0.000334998680046,"median":0.0000773604260758,"min":6.9643833517e-21,"var":5.61477349947e-7},"spectral_energyband_low":{"dmean":0.00829529762268,"dmean2":0.0132601549849,"dvar":0.000355602882337,"dvar2":0.00083053909475,"max":0.20045594871,"mean":0.0160787776113,"median":0.00877431593835,"min":1.50690655584e-23,"var":0.000526512973011},"spectral_energyband_middle_high":{"dmean":0.00162758538499,"dmean2":0.00239862315357,"dvar":0.00000931834438234,"dvar2":0.0000202685150725,"max":0.0944052785635,"mean":0.00443642400205,"median":0.00163650838658,"min":1.29173067697e-21,"var":0.0000460242663394},"spectral_energyband_middle_low":{"dmean":0.00508185848594,"dmean2":0.00781750120223,"dvar":0.000109540400445,"dvar2":0.000251790770562,"max":0.194046244025,"mean":0.0130475796759,"median":0.0082767130807,"min":1.42063789476e-22,"var":0.000247040763497},"spectral_entropy":{"dmean":0.214107185602,"dmean2":0.302241206169,"dvar":0.0533343218267,"dvar2":0.100530087948,"max":9.82206344604,"mean":7.2036690712,"median":7.20005607605,"min":4.70281028748,"var":0.343605488539},"spectral_flux":{"dmean":0.0259728934616,"dmean2":0.0406823195517,"dvar":0.00133986410219,"dvar2":0.00297381798737,"max":0.386013805866,"mean":0.0743851661682,"median":0.0598535910249,"min":6.46840359053e-11,"var":0.00413231831044},"spectral_kurtosis":{"dmean":2.71184515953,"dmean2":4.28657007217,"dvar":10.6382074356,"dvar2":27.2877788544,"max":78.5991821289,"mean":7.74632263184,"median":6.42548656464,"min":-1.29136395454,"var":38.143119812},"spectral_rms":{"dmean":0.000822340196464,"dmean2":0.00120943714865,"dvar":0.00000142176736517,"dvar2":0.00000287525267595,"max":0.015931867063,"mean":0.00478575704619,"median":0.00480900425464,"min":3.12675861765e-12,"var":0.00000932089278649},"spectral_rolloff":{"dmean":341.08782959,"dmean2":575.871276855,"dvar":1032583.25,"dvar2":2384809,"max":19832.0800781,"mean":1205.71350098,"median":667.529296875,"min":64.599609375,"var":5533741.5},"spectral_skewness":{"dmean":0.311453223228,"dmean2":0.474391788244,"dvar":0.100728668272,"dvar2":0.231110349298,"max":7.05962181091,"mean":2.16183233261,"median":2.13218736649,"min":-0.18694896996,"var":0.520977139473},"spectral_spread":{"dmean":813796.5,"dmean2":1155868.625,"dvar":1459485802500,"dvar2":2687142199300,"max":43050636,"mean":4777805.5,"median":4061329.75,"min":1051122.25,"var":14346415505400},"spectral_strongpeak":{"dmean":0.433215886354,"dmean2":0.736460387707,"dvar":0.6736779809,"dvar2":1.64183938503,"max":9.98735523224,"mean":0.844091773033,"median":0.476332724094,"min":0,"var":1.20822966099},"zerocrossingrate":{"dmean":0.00981650408357,"dmean2":0.0118413148448,"dvar":0.000242932408582,"dvar2":0.000317149446346,"max":0.53759765625,"mean":0.0492236763239,"median":0.03515625,"min":0.00439453125,"var":0.00362902390771}},"metadata":{"audio_properties":{"analysis_sample_rate":44100,"bit_rate":185474,"codec":"mp3","downmix":"mix","equal_loudness":0,"length":349.413879395,"lossless":false,"md5_encoded":"f8c803b82ba8342c6669781b530e4b01","replay_gain":-4.21791267395,"sample_rate":44100},"tags":{"acoustid_id":["3708a1ba-1115-4f3d-ba6d-dfef27daecdf"],"album":["Sandinista!"],"albumartist":["The Clash"],"albumartistsort":["Clash, The"],"artist":["The Clash"],"artistsort":["Clash, The"],"asin":["B00002MVQR"],"barcode":["5099749534827"],"catalognumber":["495348 2"],"composer":["Paul Simonon"],"date":["1999"],"discnumber":["2/2"],"file_name":"06 - Broadway.mp3","isrc":["GBBBN8002053"],"label":["Columbia"],"language":["eng"],"lyricist":["Paul Simonon"],"media":["CD"],"musicbrainz album release country":["GB"],"musicbrainz album status":["official"],"musicbrainz album type":["album"],"musicbrainz_albumartistid":["8f92558c-2baa-4758-8c38-615519e9deda"],"musicbrainz_albumid":["450f9c81-55c5-4d47-8844-8ebd13bf7538"],"musicbrainz_artistid":["8f92558c-2baa-4758-8c38-615519e9deda"],"musicbrainz_recordingid":["304cd9d1-2ce1-4b41-a251-e2f48e03fba4"],"musicbrainz_releasegroupid":["ff729e76-b7c5-3877-bf7d-bbad4fde43cb"],"musicbrainz_workid":["3534a826-ed21-4be1-98ba-663bcabdbbae","ffd966d9-cf8a-38e3-afdc-6f2868c394fc"],"originaldate":["1980"],"script":["Latn"],"title":["Broadway"],"tracknumber":["6/18"],"work":["Broadway","The Guns of Brixton"]},"version":{"essentia":"2.1-beta2","essentia_build_sha":"70f2e5ece6736b2c40cc944ad0e695b16b925413","essentia_git_sha":"v2.1_beta2","extractor":"music 1.0"}},"rhythm":{"beats_count":718,"beats_loudness":{"dmean":0.0315155088902,"dmean2":0.0556825883687,"dvar":0.0010735305259,"dvar2":0.00310033722781,"max":0.214346557856,"mean":0.0547652281821,"median":0.049934130162,"min":0,"var":0.00202708970755},"beats_loudness_band_ratio":{"dmean":[0.22253011167,0.124189771712,0.140931457281,0.0803711041