{"lowlevel":{"average_loudness":0.97214615345,"barkbands":{"dmean":[0.00393311213702,0.0103435823694,0.00457307649776,0.00156843522564,0.00262095802464,0.00399551540613,0.00205734511837,0.000752278137952,0.00071455509169,0.00132533325814,0.00122912460938,0.00215384620242,0.000880839244928,0.000371272355551,0.000245522940531,0.000111372981337,0.0000802465510787,0.0000505794632772,0.000033765052649,0.0000196910568775,0.0000158542170539,0.00000802306476544,0.00000847907904244,0.00000599511486143,0.00000471231533083,0.0000366273634427,0.000273077952443],"dmean2":[0.00647856015712,0.0175339933485,0.00757767586038,0.00262285792269,0.00437473040074,0.00616383226588,0.00333947851323,0.00120412162505,0.0011321491329,0.00218484993093,0.0020239718724,0.00363643607125,0.00149280694313,0.000624639040325,0.000410994049162,0.000185824683285,0.000133477456984,0.0000829727432574,0.0000550876720808,0.0000315542165481,0.0000249375298154,0.0000127700859593,0.0000133329285745,0.00000938879202295,0.00000747990770833,0.0000563925714232,0.0004211490741],"dvar":[0.0000610300776316,0.000180919931154,0.0000315235593007,0.00000633976833342,0.0000219621779252,0.0000466347992187,0.0000142851167766,0.00000233411674344,0.00000286156364382,0.00000274389208244,0.00000209894142245,0.00000573657325731,8.27634778489e-7,1.60736874477e-7,7.44944657072e-8,1.70308709357e-8,9.43786826468e-9,4.92375873407e-9,2.80786882634e-9,1.2118991366e-9,8.8725116143e-10,1.34186481371e-10,1.40309333596e-10,9.83610207173e-11,4.03973313134e-11,5.95335825082e-9,1.14993696343e-7],"dvar2":[0.00014766829554,0.00048638950102,0.000081207115727,0.0000161403695529,0.000056928365666,0.000102553392935,0.0000341250051861,0.0000053228905017,0.00000645321233606,0.00000688099680701,0.00000545318653167,0.0000155955494847,0.00000229729084822,4.34502140934e-7,1.97473283947e-7,4.58122961788e-8,2.51719960431e-8,1.30507684659e-8,6.79757183875e-9,2.76922751397e-9,2.08715289496e-9,3.07364717012e-10,3.32145672077e-10,2.3015428452e-10,9.41104694174e-11,1.39304683344e-8,2.54224772789e-7],"max":[0.0767137482762,0.204540461302,0.066634632647,0.0471493601799,0.0623732320964,0.0865600854158,0.0631763115525,0.0394272692502,0.0482398048043,0.0282717179507,0.0175738912076,0.0310683771968,0.0138466972858,0.00619991775602,0.00429976265877,0.00240740319714,0.00158651813399,0.00123641139362,0.00135009759106,0.000692644971423,0.000626846856903,0.000344407832017,0.000254413229413,0.000272883247817,0.0000787557728472,0.00151502923109,0.00533866835758],"mean":[0.00378065556288,0.0145649304613,0.00642276462168,0.00180114340037,0.0031061116606,0.0059658405371,0.00301020522602,0.0010811148677,0.00103487540036,0.00216003088281,0.00209905439988,0.00411947863176,0.00171375123318,0.000709676824044,0.000460703828139,0.000231150203035,0.000172556508915,0.000102568119473,0.0000714677735232,0.0000427758677688,0.0000350229602191,0.0000179449816642,0.0000147403770825,0.00000951746187638,0.00000709622236172,0.0000597776743234,0.00105066958349],"median":[0.00094261940103,0.00982744432986,0.00391473527998,0.000870269665029,0.00144226732664,0.00223455671221,0.0014906777069,0.000454570923466,0.00048765950487,0.00154151325114,0.00155462126713,0.00336649874225,0.00148523878306,0.000610266928561,0.000382874626666,0.000192482184502,0.00013893446885,0.0000769708203734,0.0000450282241218,0.0000294633628073,0.0000234964300034,0.0000145282028825,0.0000102581798274,0.0000062678896029,0.0000046293844207,0.0000343683204846,0.000919885234907],"min":[5.82647783519e-25,6.6676345978e-24,1.4207980493e-24,1.39019539843e-25,1.73051675249e-23,7.2995863358e-24,1.26522260922e-23,9.82983402347e-24,1.45797619602e-23,1.96538588752e-23,2.16771640348e-23,2.20065623721e-23,4.27271773391e-23,3.70693564864e-23,3.28034396801e-23,5.92913346836e-23,8.91699147854e-23,1.09178311417e-22,1.29527249836e-22,1.46102744689e-22,2.57755264693e-22,3.20291386228e-22,4.14869169711e-22,6.26040165845e-22,9.7689969758e-22,1.27506246257e-21,1.92467015719e-21],"var":[0.000059417765442,0.000234024060774,0.0000538396161573,0.00000724602386981,0.0000237532367464,0.000101245001133,0.0000236714513449,0.00000442546024715,0.00000426292945122,0.00000477434150525,0.00000387076306652,0.0000116248329505,0.00000148500362229,2.61095806309e-7,1.27077811385e-7,3.22338635783e-8,2.04605790088e-8,9.75568870132e-9,6.8549463883e-9,2.45965536827e-9,2.09178585564e-9,3.07662978427e-10,2.51558635034e-10,1.47091963609e-10,6.41760325437e-11,8.47963121942e-9,5.47022011688e-7]},"barkbands_crest":{"dmean":2.93311715126,"dmean2":4.93920850754,"dvar":5.87469244003,"dvar2":15.6849660873,"max":23.1452693939,"mean":9.51421928406,"median":8.92720985413,"min":2.81275463104,"var":12.2604198456},"barkbands_flatness_db":{"dmean":0.0217913724482,"dmean2":0.0352323390543,"dvar":0.00032246124465,"dvar2":0.000820136279799,"max":0.34328147769,"mean":0.139033406973,"median":0.135120525956,"min":0.0248468425125,"var":0.00124916597269},"barkbands_kurtosis":{"dmean":2.9599878788,"dmean2":4.82312583923,"dvar":35.2897415161,"dvar2":87.5338363647,"max":321.909698486,"mean":5.57192611694,"median":3.76234006882,"min":-1.81134688854,"var":106.255058289},"barkbands_skewness":{"dmean":0.533794701099,"dmean2":0.85547375679,"dvar":0.255151987076,"dvar2":0.624752104282,"max":15.0303926468,"mean":1.75979268551,"median":1.66541862488,"min":-2.16011190414,"var":1.06202733517},"barkbands_spread":{"dmean":5.81865406036,"dmean2":9.18723297119,"dvar":33.1421394348,"dvar2":75.9117355347,"max":120.586158752,"mean":25.5351409912,"median":23.9712715149,"min":0.887449324131,"var":126.975341797},"dissonance":{"dmean":0.0205074418336,"dmean2":0.0348431915045,"dvar":0.000403319078032,"dvar2":0.00110016157851,"max":0.500000119209,"mean":0.468720287085,"median":0.47466391325,"min":0.206217572093,"var":0.000643093837425},"dynamic_complexity":1.67218375206,"erbbands":{"dmean":[0.404069691896,2.10974168777,5.07566308975,4.85066795349,7.40509080887,9.03775787354,17.1347103119,38.5770263672,29.5168304443,28.1903419495,11.8554544449,16.5723762512,28.003074646,42.0412826538,59.8825149536,82.403427124,40.2601394653,19.8451976776,13.2856588364,10.1564159393,4.83133459091,4.46502256393,2.87287473679,2.06182336807,1.27337241173,0.985025405884,0.773496806622,0.484250873327,0.292021095753,0.272738397121,0.235925033689,0.143603473902,0.0966594368219,0.059612005949,0.0301937777549,0.0405887290835,0.0714144036174,0.070110231638,0.0287383813411,0.0065208771266],"dmean2":[0.698707401752,3.55067205429,8.53896331787,7.92914009094,12.5361318588,15.3266954422,27.3638343811,59.2526283264,47.9160308838,45.2946395874,18.8248062134,26.0084762573,46.0564727783,69.1115264893,99.419593811,139.711959839,68.4311294556,33.1016921997,22.405166626,16.7001438141,7.9979186058,7.3949136734,4.6939458847,3.36029911041,2.03614664078,1.58105552197,1.21661293507,0.767302453518,0.464093565941,0.433037608862,0.373956173658,0.226567447186,0.152244970202,0.0942033752799,0.0483690835536,0.0617908351123,0.10883577168,0.107656002045,0.0427567064762,0.0101858265698],"dvar":[0.429851144552,7.20661211014,35.6139335632,45.4888114929,172.028106689,339.446899414,1004.01263428,5227.74804688,3289.90283203,3682.43115234,464.377807617,2226.19067383,2160.41479492,2395.59594727,4497.9921875,8976.41503906,1740.54089355,410.912628174,214.530761719,132.32850647,31.9185256958,29.8165454865,14.8966379166,10.1125841141,4.24522352219,3.08053803444,2.65198493004,0.576960325241,0.189314857125,0.129280209541,0.1166305691,0.0525722466409,0.0260693263263,0.00717971846461,0.00160560104996,0.00580717390403,0.0277342014015,0.0221152976155,0.00351823214442,0.0000442207929154],"dvar2":[1.15588974953,19.5072116852,95.054107666,112.652694702,437.168762207,887.520874023,2417.79736328,11409.8935547,7874.30175781,8218.86425781,1063.90673828,4960.49951172,5332.00976562,6079.84277344,11920.4648438,24161.8066406,4807.29052734,1111.33007812,570.489624023,339.954284668,84.6391372681,78.9323730469,39.010684967,25.336856842,9.94031047821,7.19962644577,6.17455244064,1.38385498524,0.434154987335,0.303388744593,0.279864966869,0.123389974236,0.0621851533651,0.0168780852109,0.00376542820595,0.0135783320293,0.0649475082755,0.0508893206716,0.00769604789093,0.000104848906631],"max":[6.48099327087,46.0115623474,74.3716125488,99.0074234009,232.802734375,267.459960938,569.649047852,959.851074219,849.475463867,1609.3572998,495.659515381,1474.02539062,960.094238281,579.147216797,827.150939941,1346.75256348,604.786621094,292.878417969,293.544708252,167.437332153,86.6139526367,96.855796814,61.9223594666,87.966217041,56.3216323853,38.9665107727,39.5549087524,16.2568435669,14.564948082,8.05079746246,7.49412822723,6.12151050568,3.57005214691,1.16367089748,0.495331794024,1.63562273979,3.7400496006,2.92807412148,1.01226091385,0.128398194909],"mean":[0.486834436655,2.9943189621,7.33309793472,7.09632539749,8.36574077606,10.1505117416,23.5620613098,56.4954528809,43.6361846924,42.9414520264,19.0830612183,24.4490737915,45.1561698914,77.1320495605,119.990936279,162.608718872,86.3090820312,42.9457778931,27.6968288422,21.1203136444,11.1985855103,9.86631584167,6.33327627182,4.47073411942,2.79797744751,2.12907838821,1.62881612778,1.11978888512,0.662872195244,0.551754713058,0.390494763851,0.226758554578,0.153605043888,0.0924267843366,0.044150236994,0.0669286474586,0.114197470248,0.149341747165,0.0798267871141,0.0312332473695],"median":[0.258536875248,1.99801301956,5.04505491257,4.04070186615,3.52206063271,4.48952770233,10.2702255249,19.6682262421,22.3832435608,18.1889533997,9.59408950806,11.4569225311,29.7980766296,60.8190994263,99.064956665,133.179199219,77.8742980957,38.5301132202,24.3921470642,17.7186050415,9.62730789185,8.01742267609,4.92622280121,2.84716820717,1.95509660244,1.43820166588,0.990897536278,0.862488865852,0.536520242691,0.42747014761,0.266570389271,0.14804109931,0.101956233382,0.0593503192067,0.0287568457425,0.042543888092,0.0641514211893,0.102657780051,0.0582905597985,0.0302953124046],"min":[1.06831443913e-22,1.14055382748e-21,1.66906387582e-21,2.30368366762e-21,1.1093788523e-20,4.30252696494e-20,4.73586685457e-20,7.43336487065e-20,1.00103627048e-19,1.89131008425e-19,2.31456509126e-19,3.57153168949e-19,3.53365405527e-19,9.17806623862e-19,1.11248254705e-18,1.09932468844e-18,1.89055851312e-18,2.00661257344e-18,3.11562561481e-18,3.51775884922e-18,4.42759093499e-18,5.9881639407e-18,7.46734320132e-18,7.36444358748e-18,7.71384302386e-18,6.96052715847e-18,8.33103804765e-18,1.09139922284e-17,1.25410622836e-17,1.17416294447e-17,1.08713717473e-17,1.13144750307e-17,1.03640718038e-17,8.48654882999e-18,7.51178678845e-18,4.56736088386e-18,2.38743825566e-18,1.01616966903e-18,2.49876968337e-19,2.77995564469e-20],"var":[0.448453813791,9.9649810791,54.0387268066,74.1349105835,188.057830811,332.679626465,1543.08947754,11235.0380859,4950.62451172,8122.21435547,883.132385254,3129.23291016,3357.16235352,4400.73242188,9191.86132812,17901.1113281,3351.10571289,770.805419922,354.930023193,257.342590332,65.0764694214,66.5200881958,32.2514419556,24.9137248993,9.49952888489,6.27126741409,5.74843406677,1.34425795078,0.424426078796,0.283652901649,0.189312800765,0.0803496539593,0.0376261733472,0.0114273326471,0.00244543189183,0.0083662699908,0.0371487960219,0.0374434515834,0.0082074822858,0.000303737062495]},"erbbands_crest":{"dmean":2.87089061737,"dmean2":4.76955366135,"dvar":6.20062828064,"dvar2":16.0485191345,"max":28.0265426636,"mean":10.0251693726,"median":9.32407855988,"min":2.3057551384,"var":13.8956851959},"erbbands_flatness_db":{"dmean":0.0204635281116,"dmean2":0.031227439642,"dvar":0.000291624804959,"dvar2":0.000631812377833,"max":0.355200767517,"mean":0.160128891468,"median":0.158053487539,"min":0.0335613712668,"var":0.001408793265},"erbbands_kurtosis":{"dmean":1.49500334263,"dmean2":2.39729523659,"dvar":2.81466317177,"dvar2":6.8926987648,"max":27.9336643219,"mean":2.11531949043,"median":1.34117150307,"min":-1.36452543736,"var":8.38528633118},"erbbands_skewness":{"dmean":0.384790122509,"dmean2":0.612308859825,"dvar":0.104807265103,"dvar2":0.259582608938,"max":2.98567605019,"mean":-0.155946329236,"median":-0.151261657476,"min":-3.39614605904,"var":0.475647181273},"erbbands_spread":{"dmean":4.51054668427,"dmean2":7.1771569252,"dvar":18.0291213989,"dvar2":43.769744873,"max":125.517700195,"mean":19.1797618866,"median":17.6728858948,"min":1.62792170048,"var":101.054244995},"gfcc":{"cov":[[17285.2460938,1214.68566895,-1161.76049805,-427.765899658,-24.8939933777,-258.45211792,154.528564453,-314.657684326,-8.065325737,-44.7251243591,126.819046021,184.651321411,-28.1230640411],[1214.68566895,569.211914062,-107.519424438,-162.617675781,58.0866355896,-37.0438308716,-10.4334106445,-33.5374832153,47.657585144,-17.5377960205,35.2396087646,-32.4402236938,26.3637943268],[-1161.76049805,-107.519424438,266.182373047,99.5251541138,-42.0740394592,71.3700408936,-80.7732467651,53.4798545837,-20.6821231842,16.00522995,-32.0312538147,6.05093574524,-16.1815357208],[-427.765899658,-162.617675781,99.5251541138,194.149765015,47.5683555603,-6.62356948853,-0.400252699852,11.2062292099,-31.0721569061,-16.7557029724,-24.7210235596,-5.37853240967,-14.9217596054],[-24.8939933777,58.0866355896,-42.0740394592,47.5683555603,159.139602661,10.0090351105,52.1343040466,-35.0034637451,-12.7820825577,-43.2816162109,5.1723575592,-21.0354309082,0.988700270653],[-258.45211792,-37.0438308716,71.3700408936,-6.62356948853,10.0090351105,184.658432007,0.202301263809,19.8185787201,-29.0762023926,12.1514339447,-5.46496725082,12.9787387848,-7.47282743454],[154.528564453,-10.4334106445,-80.7732467651,-0.400252699852,52.1343040466,0.202301263809,134.072921753,9.51918888092,23.4517555237,2.85395383835,20.5586700439,7.03203773499,3.96562933922],[-314.657684326,-33.5374832153,53.4798545837,11.2062292099,-35.0034637451,19.8185787201,9.51918888092,83.9396133423,36.3763809204,22.3166942596,-8.49184608459,-14.3339586258,-9.40849685669],[-8.065325737,47.657585144,-20.6821231842,-31.0721569061,-12.7820825577,-29.0762023926,23.4517555237,36.3763809204,81.8002853394,41.8851089478,21.4422340393,-1.5940220356,3.94880104065],[-44.7251243591,-17.5377960205,16.00522995,-16.7557029724,-43.2816162109,12.1514339447,2.85395383835,22.3166942596,41.8851089478,81.1828765869,41.1943702698,30.6177425385,11.4673233032],[126.819046021,35.2396087646,-32.0312538147,-24.7210235596,5.1723575592,-5.46496725082,20.5586700439,-8.49184608459,21.4422340393,41.1943702698,68.6970367432,40.233997345,26.1304130554],[184.651321411,-32.4402236938,6.05093574524,-5.37853240967,-21.0354309082,12.9787387848,7.03203773499,-14.3339586258,-1.5940220356,30.6177425385,40.233997345,77.9178237915,32.7309074402],[-28.1230640411,26.3637943268,-16.1815357208,-14.9217596054,0.988700270653,-7.47282743454,3.96562933922,-9.40849685669,3.94880104065,11.4673233032,26.1304130554,32.7309074402,56.2032852173]],"icov":[[0.000153242741362,-0.000519946741406,0.00103660009336,-0.000571123964619,0.00034606247209,-0.000110139073513,0.000188956066268,-0.000200665730517,0.000311758311,-0.000208906189073,0.000546669878531,-0.00119865289889,0.000864350644406],[-0.000519946741406,0.00505689252168,-0.00413046684116,0.00500502623618,-0.00310064270161,0.000772507628426,0.00048996793339,0.00134225841612,-0.00293318554759,0.00228289607912,-0.00384730892256,0.00599600747228,-0.00410812208429],[0.00103660009336,-0.00413046684116,0.0167564358562,-0.00886593200266,0.00269605638459,-0.00356665253639,0.00693469354883,-0.0070857712999,0.00310093699954,-0.00331453746185,0.00660188868642,-0.0116365300491,0.00689531350508],[-0.000571123964619,0.00500502623618,-0.00886593200266,0.0155672812834,-0.00922955293208,0.005381279625,-0.00130205077585,-0.00220992788672,0.00387005414814,-0.00248142099008,0.000405215774663,0.0033617534209,-0.00236507388763],[0.00034606247209,-0.00310064270161,0.00269605638459,-0.00922955293208,0.0180553495884,-0.00559982145205,-0.00497924536467,0.00882834382355,-0.00594367459416,0.0103634018451,-0.00729110464454,0.00460744090378,-0.000269816751825],[-0.000110139073513,0.000772507628426,-0.00356665253639,0.005381279625,-0.00559982145205,0.00977010745555,-0.00109692278784,-0.00482330052182,0.00800941511989,-0.00618615327403,0.00303677748889,-0.00217691226862,0.00120719836559],[0.000188956066268,0.00048996793339,0.00693469354883,-0.00130205077585,-0.00497924536467,-0.00109692278784,0.0143347550184,-0.00676310341805,-0.00155625899788,-0.0000559842919756,0.000231944359257,-0.00584930973127,0.00273312092759],[-0.000200665730517,0.00134225841612,-0.0070857712999,-0.00220992788672,0.00882834382355,-0.00482330052182,-0.00676310341805,0.0289583746344,-0.0159385856241,0.00476861605421,-0.00300704757683,0.0116080213338,-0.00404377095401],[0.000311758311,-0.00293318554759,0.00310093699954,0.00387005414814,-0.00594367459416,0.00800941511989,-0.00155625899788,-0.0159385856241,0.0341871976852,-0.0197035614401,0.00518063036725,-0.00321961916052,0.003147931071],[-0.000208906189073,0.00228289607912,-0.00331453746185,-0.00248142099008,0.0103634018451,-0.00618615327403,-0.0000559842919756,0.00476861605421,-0.0197035614401,0.0384989343584,-0.0219412446022,0.00229038973339,-0.000594559358433],[0.000546669878531,-0.00384730892256,0.00660188868642,0.000405215774663,-0.00729110464454,0.00303677748889,0.000231944359257,-0.00300704757683,0.00518063036725,-0.0219412446022,0.0419923886657,-0.0193736739457,-0.0000291994892905],[-0.00119865289889,0.00599600747228,-0.0116365300491,0.0033617534209,0.00460744090378,-0.00217691226862,-0.00584930973127,0.0116080213338,-0.00321961916052,0.00229038973339,-0.0193736739457,0.0404624789953,-0.0186824724078],[0.000864350644406,-0.00410812208429,0.00689531350508,-0.00236507388763,-0.000269816751825,0.00120719836559,0.00273312092759,-0.00404377095401,0.003147931071,-0.000594559358433,-0.0000291994892905,-0.0186824724078,0.031598649919]],"mean":[23.1252918243,100.138328552,-79.1609268188,-29.3315181732,-4.90595197678,-0.24198782444,-2.38504338264,-16.6062812805,-8.324010849,-3.39353585243,2.29364228249,5.8640999794,-7.11097431183]},"hfc":{"dmean":40.272441864,"dmean2":62.03956604,"dvar":2291.87573242,"dvar2":5791.1875,"max":1689.34790039,"mean":169.949127197,"median":167.645645142,"min":1.09347585977e-16,"var":7298.49365234},"melbands":{"dmean":[0.00326167535968,0.00255455891602,0.000866517657414,0.000604489410762,0.000536560663022,0.000830294273328,0.000442041811766,0.000275254191365,0.0000903957625269,0.000109923617856,0.000147401413415,0.000181068200618,0.000188291596714,0.00025790403015,0.000163999910001,0.0000669307337375,0.0000373897564714,0.0000246811887337,0.0000197689296328,0.00000986873965303,0.00000585121460972,0.00000531084015165,0.00000353088034899,0.00000243026784119,0.0000018293814037,0.00000119623530281,7.68467430134e-7,6.85170959969e-7,5.59139664347e-7,3.95383835894e-7,2.89410195364e-7,1.74718636003e-7,1.69034720443e-7,1.59185390203e-7,1.47822277086e-7,1.13577257821e-7,8.15893130834e-8,7.02954210396e-8,6.17638420408e-8,4.76828994067e-8],"dmean2":[0.00553175667301,0.00426444318146,0.00139143422712,0.00102346681524,0.000853482226375,0.00127299036831,0.000715077738278,0.000442726537585,0.000144392441143,0.000173308260855,0.000243127782596,0.000298153638141,0.000310721836286,0.000433531968156,0.000278151564999,0.000113353948109,0.0000625590109848,0.0000418300478486,0.0000331595329044,0.000016432866687,0.00000987989824353,0.00000893247306522,0.00000588273678659,0.0000039639858187,0.00000303066508422,0.00000195368556888,0.00000124546886582,0.00000111287158688,8.92175989975e-7,6.25676705113e-7,4.68248316565e-7,2.81546903125e-7,2.72511869071e-7,2.55315029563e-7,2.36768769923e-7,1.81210097594e-7,1.28927410969e-7,1.11387606694e-7,9.75854703711e-8,7.58106182275e-8],"dvar":[0.0000226756710617,0.00000874291526998,0.00000134563708798,0.00000136381743232,8.58129283188e-7,0.00000222483481593,6.80899290728e-7,3.40558557355e-7,2.75713194497e-8,9.06485198016e-8,5.59215145302e-8,4.59717277579e-8,4.77309178848e-8,8.84016273517e-8,2.97270101868e-8,4.82750861508e-9,1.51347390176e-9,7.69478258889e-10,5.25523569106e-10,1.38866459998e-10,4.92646687333e-11,4.25162821616e-11,2.28203549807e-11,1.03044378585e-11,8.98563341789e-12,3.73389296912e-12,1.64711733835e-12,1.48309424637e-12,1.53115042346e-12,5.50719897203e-13,2.02565788037e-13,7.41843245904e-14,5.57317728208e-14,4.47130159775e-14,4.92947357738e-14,3.03919690521e-14,1.95845587875e-14,1.62070657323e-14,8.68496338621e-15,4.4679221904e-15],"dvar2":[0.0000598636361246,0.0000233818864217,0.00000336431958203,0.00000359966998076,0.0000020723164198,0.0000048912593229,0.00000163926563346,7.55954260967e-7,6.19364541876e-8,2.04152783567e-7,1.37753829677e-7,1.16960883645e-7,1.25710414522e-7,2.3640942004e-7,8.31237443322e-8,1.31057893427e-8,4.10268485851e-9,2.07895234361e-9,1.37897016028e-9,3.68689023755e-10,1.32187580326e-10,1.14104205251e-10,6.26830948258e-11,2.64817681672e-11,2.309224513e-11,9.23923784701e-12,3.82898227014e-12,3.57552507567e-12,3.69131461508e-12,1.26796316502e-12,5.1202141485e-13,1.73464988575e-13,1.34155910664e-13,1.06082006515e-13,1.19348893832e-13,7.56225052197e-14,4.49641375294e-14,3.86690056061e-14,2.08632380306e-14,1.06167185842e-14],"max":[0.0559755787253,0.0339473001659,0.0165739916265,0.016821404919,0.0154428035021,0.0194229148328,0.012881372124,0.0157337598503,0.00375374802388,0.00927584804595,0.00492683146149,0.00254034181125,0.00263332435861,0.00389416376129,0.00239585968666,0.00100978347473,0.000583545013797,0.000546489027329,0.000380692974431,0.000198996640393,0.0000884679611772,0.000104082137113,0.000123683130369,0.0000559157524549,0.0000813862498035,0.000052938466979,0.0000252130976151,0.0000286228878394,0.0000314063217957,0.0000184815344255,0.00000911812094273,0.00000902207921172,0.00000510869085701,0.00000387581440009,0.0000051384076869,0.00000316306886816,0.00000478554647998,0.00000326001259054,0.00000171544445493,9.17974432468e-7],"mean":[0.00440306309611,0.0040377266705,0.00130914337933,0.000666765554342,0.000751963874791,0.00123665120918,0.000660540070385,0.000419765186962,0.00013787271746,0.000155909452587,0.000230119214393,0.000310499075567,0.000347179855453,0.000481212657178,0.000313458964229,0.000135339738335,0.0000725844802218,0.0000457896821899,0.0000356012460543,0.0000195461161638,0.0000118167299661,0.0000107229125206,0.00000708737070454,0.00000470883560411,0.00000358433885594,0.00000239252426582,0.00000154250517426,0.00000136606786327,0.00000106199365746,7.96876463482e-7,6.14159432644e-7,3.67699044546e-7,3.28981968778e-7,3.0045089261e-7,2.3469107191e-7,1.75079989617e-7,1.23932665019e-7,1.08677170374e-7,9.65188462487e-8,7.14132113444e-8],"median":[0.00271200854331,0.00306111644022,0.000774981745053,0.000272742385278,0.000339180929586,0.000448749749921,0.000339442805853,0.000176536123035,0.0000698589865351,0.0000708097286406,0.000149802333908,0.000234415143495,0.000272488134215,0.000367788423318,0.000268149364274,0.000118893869512,0.0000624267559033,0.0000387318468711,0.0000290010320896,0.0000159484497999,0.00000984837242868,0.000008583782801,0.00000549013839191,0.00000348339108314,0.00000209304744203,0.00000158663647198,0.00000106848710857,9.01086536942e-7,6.41170913696e-7,5.07632421431e-7,4.7328802566e-7,2.87687726086e-7,2.51534487461e-7,2.25444551916e-7,1.56509031513e-7,1.13686432712e-7,7.88654119788e-8,7.11172276624e-8,6.25979339475e-8,4.5114497027e-8],"min":[1.75291519572e-24,1.38294091028e-24,1.0627934462e-24,2.89685619944e-24,1.61365107202e-24,1.76954813069e-24,1.6479290505e-24,1.83407281122e-24,1.7384977766e-24,2.1739582654e-24,1.31898825252e-24,3.47625520724e-24,3.99397239199e-24,2.79024953671e-24,2.87292669553e-24,3.42580163589e-24,2.99029775974e-24,3.89241956665e-24,2.64829855277e-24,3.8655844908e-24,4.41341801833e-24,5.58525077709e-24,5.77447681458e-24,4.6799622853e-24,5.41799924898e-24,4.44629103555e-24,3.65949812919e-24,4.27059356815e-24,5.57831432315e-24,5.28507421429e-24,5.87882102423e-24,6.46893828514e-24,5.55888941222e-24,5.82678184247e-24,5.41650711857e-24,6.45430609864e-24,5.80865105785e-24,5.5451352279e-24,6.08033633133e-24,6.12985273592e-24],"var":[0.0000266213173745,0.0000133938228828,0.00000224915515901,0.00000131769547806,0.00000137275401357,0.00000482234509036,0.00000105481717583,7.72773773861e-7,5.05582029575e-8,1.23928586504e-7,8.81681998521e-8,8.09675597679e-8,9.16573981158e-8,1.84225910971e-7,5.58978747733e-8,8.8819653854e-9,2.59204346875e-9,1.15247389409e-9,8.58287940719e-10,2.52026233216e-10,8.56652318526e-11,8.44635195119e-11,4.38388561563e-11,2.11332323169e-11,1.94776608037e-11,7.54685463428e-12,3.23620709224e-12,2.74794271539e-12,2.79772038869e-12,1.25705934377e-12,4.060482148e-13,1.47271016454e-13,1.10410331323e-13,9.12626975402e-14,7.41339633995e-14,4.42894181887e-14,2.85759541301e-14,2.18606159379e-14,1.32144161675e-14,6.91910128503e-15]},"melbands_crest":{"dmean":4.44658613205,"dmean2":7.48447084427,"dvar":14.1631660461,"dvar2":38.539855957,"max":33.0216789246,"mean":14.8059911728,"median":14.333486557,"min":1.00099003315,"var":27.1836185455},"melbands_flatness_db":{"dmean":0.0282541941851,"dmean2":0.045894369483,"dvar":0.000540224427823,"dvar2":0.001389944111,"max":0.497413635254,"mean":0.256679445505,"median":0.254997968674,"min":-5.17719165316e-8,"var":0.00256114662625},"melbands_kurtosis":{"dmean":3.74586677551,"dmean2":6.03438186646,"dvar":54.5089874268,"dvar2":121.343704224,"max":315.312194824,"mean":5.22586870193,"median":2.08498597145,"min":-1.84684026241,"var":296.372039795},"melbands_skewness":{"dmean":0.677900731564,"dmean2":1.08195388317,"dvar":0.381025820971,"dvar2":0.956659674644,"max":14.3079967499,"mean":1.73074495792,"median":1.53421008587,"min":-2.0781686306,"var":1.56934201717},"melbands_spread":{"dmean":5.40626335144,"dmean2":8.80318927765,"dvar":23.575963974,"dvar2":58.9474449158,"max":172.509719849,"mean":20.1339149475,"median":18.5651473999,"min":0.474487423897,"var":186.925186157},"mfcc":{"cov":[[6059.37792969,1005.390625,-345.705535889,53.9379577637,-168.348007202,118.021224976,26.0035820007,44.0880775452,-92.0564422607,-50.5148239136,-25.1642608643,60.1140670776,98.2379302979],[1005.390625,887.86151123,-116.735549927,-107.257896423,32.3903694153,18.6779823303,-5.46551179886,-16.3170967102,-0.0219058580697,-8.48158931732,19.1596622467,29.34856987,14.8762626648],[-345.705535889,-116.735549927,274.823425293,-28.567073822,44.3938674927,-17.8139076233,-31.2717113495,-4.79101753235,-3.00055265427,11.5035085678,14.7824573517,-15.5445766449,-9.78466129303],[53.9379577637,-107.257896423,-28.567073822,218.543289185,22.4254131317,-19.1689586639,5.43353414536,7.44519662857,0.525658130646,-1.12519812584,-13.8095397949,-5.66358566284,-21.5627994537],[-168.348007202,32.3903694153,44.3938674927,22.4254131317,124.071899414,35.1999588013,16.5793857574,8.05590057373,-6.73665237427,-8.7924823761,-9.61206436157,-16.4924030304,-17.9185009003],[118.021224976,18.6779823303,-17.8139076233,-19.1689586639,35.1999588013,113.557853699,62.4600143433,21.5673274994,-8.44718837738,-21.1264877319,-11.287322998,2.26568388939,18.9113025665],[26.0035820007,-5.46551179886,-31.2717113495,5.43353414536,16.5793857574,62.4600143433,93.0098342896,37.9846458435,4.88216733932,-9.84748840332,-11.4865550995,4.26007461548,7.63462924957],[44.0880775452,-16.3170967102,-4.79101753235,7.44519662857,8.05590057373,21.5673274994,37.9846458435,60.7170333862,22.7489185333,2.18336868286,-0.129250004888,-1.26960170269,-3.10812759399],[-92.0564422607,-0.0219058580697,-3.00055265427,0.525658130646,-6.73665237427,-8.44718837738,4.88216733932,22.7489185333,52.2697257996,29.2568187714,13.2119054794,5.67468643188,-6.42579936981],[-50.5148239136,-8.48158931732,11.5035085678,-1.12519812584,-8.7924823761,-21.1264877319,-9.84748840332,2.18336868286,29.2568187714,59.1638526917,31.9283027649,8.88791275024,-2.6527326107],[-25.1642608643,19.1596622467,14.7824573517,-13.8095397949,-9.61206436157,-11.287322998,-11.4865550995,-0.129250004888,13.2119054794,31.9283027649,52.0675697327,25.392326355,6.15017700195],[60.1140670776,29.34856987,-15.5445766449,-5.66358566284,-16.4924030304,2.26568388939,4.26007461548,-1.26960170269,5.67468643188,8.88791275024,25.392326355,49.5703277588,27.7560024261],[98.2379302979,14.8762626648,-9.78466129303,-21.5627994537,-17.9185009003,18.9113025665,7.63462924957,-3.10812759399,-6.42579936981,-2.6527326107,6.15017700195,27.7560024261,52.5401802063]],"icov":[[0.000288147712126,-0.000399460084736,0.0000431658263551,-0.000363407889381,0.000715856789611,-0.000581215426791,0.000494450505357,-0.000836922961753,0.00101923686452,-0.000541473447811,0.000432158296462,-0.000107606167148,-0.000131213542772],[-0.000399460084736,0.00198568101041,0.000833898899145,0.00138596131001,-0.00205739028752,0.000991604640149,-0.000395666342229,0.00149335095193,-0.00174423551653,0.00133415090386,-0.00120737124234,-0.000490190694109,0.00025036020088],[0.0000431658263551,0.000833898899145,0.0049961740151,0.0011916445801,-0.00261025526561,0.00085330021102,0.0015201048227,-0.000695168273523,0.00056239933474,0.00003335459769,-0.00222817366011,0.001684400253,-0.000915222626645],[-0.000363407889381,0.00138596131001,0.0011916445801,0.00629539601505,-0.00291315023787,0.0025607899297,-0.00100591068622,0.000312956195557,-0.000466017372673,0.00000997912047751,0.00135976530146,-0.00220736628398,0.00229254667647],[0.000715856789611,-0.00205739028752,-0.00261025526561,-0.00291315023787,0.0137023180723,-0.0063835978508,0.00129029271193,-0.00245646643452,0.00394395692274,-0.00214142305776,0.00211477838457,0.000428499683039,0.0041006677784],[-0.000581215426791,0.000991604640149,0.00085330021102,0.0025607899297,-0.0063835978508,0.0194716863334,-0.011740536429,0.00191577919759,-0.00180375645868,0.00551438471302,-0.00362329906784,0.00358134554699,-0.0067605311051],[0.000494450505357,-0.000395666342229,0.0015201048227,-0.00100591068622,0.00129029271193,-0.011740536429,0.0243411436677,-0.0128011507913,0.00398364244029,-0.00411762995645,0.00680782552809,-0.00575574906543,0.00195248285308],[-0.000836922961753,0.00149335095193,-0.000695168273523,0.000312956195557,-0.00245646643452,0.00191577919759,-0.0128011507913,0.0313336439431,-0.0173502527177,0.0078673157841,-0.00620651431382,0.00482401577756,-0.0002192670363],[0.00101923686452,-0.00174423551653,0.00056239933474,-0.000466017372673,0.00394395692274,-0.00180375645868,0.00398364244029,-0.0173502527177,0.0393790528178,-0.0203787349164,0.00741841224954,-0.00729870889336,0.00566530181095],[-0.000541473447811,0.00133415090386,0.00003335459769,0.00000997912047751,-0.00214142305776,0.00551438471302,-0.00411762995645,0.0078673157841,-0.0203787349164,0.0383307188749,-0.0229812711477,0.00862080045044,-0.00342760747299],[0.000432158296462,-0.00120737124234,-0.00222817366011,0.00135976530146,0.00211477838457,-0.00362329906784,0.00680782552809,-0.00620651431382,0.00741841224954,-0.0229812711477,0.0451364703476,-0.0243835207075,0.00769072724506],[-0.000107606167148,-0.000490190694109,0.001684400253,-0.00220736628398,0.000428499683039,0.00358134554699,-0.00575574906543,0.00482401577756,-0.00729870889336,0.00862080045044,-0.0243835207075,0.0455247163773,-0.0219264235348],[-0.000131213542772,0.00025036020088,-0.000915222626645,0.00229254667647,0.0041006677784,-0.0067605311051,0.00195248285308,-0.0002192670363,0.00566530181095,-0.00342760747299,0.00769072724506,-0.0219264235348,0.0347160324454]],"mean":[-644.93182373,178.036407471,-13.8878574371,1.13205337524,7.44557571411,20.57371521,11.5148229599,6.2966337204,-3.67664337158,-3.91142058372,0.291088879108,6.88599157333,7.66084432602]},"pitch_salience":{"dmean":0.0836263820529,"dmean2":0.139272004366,"dvar":0.00483264075592,"dvar2":0.0131274145097,"max":0.996094822884,"mean":0.570992827415,"median":0.57811909914,"min":0.157134979963,"var":0.0105417259037},"silence_rate_20dB":{"dmean":0,"dmean2":0,"dvar":0,"dvar2":0,"max":1,"mean":1,"median":1,"min":1,"var":0},"silence_rate_30dB":{"dmean":0.0617908872664,"dmean2":0.123603351414,"dvar":0.0579727739096,"dvar2":0.141146793962,"max":1,"mean":0.947643995285,"median":1,"min":0,"var":0.0496148690581},"silence_rate_60dB":{"dmean":0.00104730320163,"dmean2":0.0020949721802,"dvar":0.00104620633647,"dvar2":0.00243974523619,"max":1,"mean":0.0282722506672,"median":0,"min":0,"var":0.0274729318917},"spectral_centroid":{"dmean":132.67098999,"dmean2":206.844085693,"dvar":23787.7871094,"dvar2":50448.6523438,"max":11490.3017578,"mean":922.327209473,"median":815.510742188,"min":151.822753906,"var":933703.75},"spectral_complexity":{"dmean":2.7997906208,"dmean2":4.58502101898,"dvar":5.55234050751,"dvar2":13.8342523575,"max":44,"mean":22.336648941,"median":23,"min":0,"var":33.8868408203},"spectral_contrast_coeffs":{"dmean":[0.0562625192106,0.0578421577811,0.0409601256251,0.0302114225924,0.020734520629,0.0181333348155],"dmean2":[0.0951012969017,0.0948770940304,0.0691018849611,0.0513551607728,0.0347682647407,0.0289428699762],"dvar":[0.00195217470173,0.00207017944194,0.0010523898527,0.000559315143619,0.000286212860374,0.000247715041041],"dvar2":[0.00536143733189,0.00539505854249,0.00295185553841,0.00159367371816,0.000783675233833,0.000632207316812],"max":[-0.409255892038,-0.435975819826,-0.568120181561,-0.622561693192,-0.72624784708,-0.649546384811],"mean":[-0.693068087101,-0.730452477932,-0.77812153101,-0.788203299046,-0.815756976604,-0.791957318783],"median":[-0.696154356003,-0.738836288452,-0.779118537903,-0.786831915379,-0.812815606594,-0.791780948639],"min":[-0.978544771671,-0.975019931793,-0.976754307747,-0.96711319685,-0.967690467834,-0.964758396149],"var":[0.00538670504466,0.00660389009863,0.00275822472759,0.00152746797539,0.000913906667847,0.00169915298466]},"spectral_contrast_valleys":{"dmean":[0.409545630217,0.364172577858,0.279341459274,0.23432418704,0.24285146594,0.381778538227],"dmean2":[0.669463992119,0.5965077281,0.459562689066,0.382010817528,0.374598294497,0.597287297249],"dvar":[0.115861594677,0.0945005863905,0.0625303685665,0.0515165328979,0.0638570189476,0.114261806011],"dvar2":[0.281702190638,0.227356940508,0.147432893515,0.10872399807,0.130557030439,0.26458004117],"max":[-5.09517288208,-4.84927177429,-5.04632329941,-5.78989553452,-6.3907289505,-8.96369838715],"mean":[-6.70732593536,-6.3800611496,-6.37376689911,-7.02613019943,-7.97715425491,-10.7871799469],"median":[-6.43290615082,-6.10912227631,-6.05595588684,-6.71353530884,-7.67767810822,-10.5740375519],"min":[-28.1260986328,-28.016248703,-27.8117828369,-27.8414306641,-27.5057010651,-27.466468811],"var":[4.32668399811,4.50326824188,4.45621347427,4.16110086441,3.83125829697,2.81320548058]},"spectral_decrease":{"dmean":4.77934980481e-9,"dmean2":7.75384823015e-9,"dvar":2.57953279631e-17,"dvar2":6.48388103953e-17,"max":3.91973176139e-10,"mean":-1.17397727095e-8,"median":-1.06365520836e-8,"min":-6.27565555078e-8,"var":4.81397411287e-17},"spectral_energy":{"dmean":0.0192115623504,"dmean2":0.0306900888681,"dvar":0.000411032466218,"dvar2":0.00100133009255,"max":0.294071346521,"mean":0.0597235150635,"median":0.0560902804136,"min":1.00040766168e-20,"var":0.000898634374607},"spectral_energyband_high":{"dmean":0.000251516117714,"dmean2":0.000371041271137,"dvar":1.47660031757e-7,"dvar2":3.12217309784e-7,"max":0.00588377052918,"mean":0.000833413854707,"median":0.000693307316396,"min":7.17527078705e-21,"var":4.89677631776e-7},"spectral_energyband_low":{"dmean":0.0149802342057,"dmean2":0.0247892905027,"dvar":0.000321683706716,"dvar2":0.000829915516078,"max":0.225070238113,"mean":0.0247834548354,"median":0.0193001050502,"min":1.5237105553e-23,"var":0.000444162025815},"spectral_energyband_middle_high":{"dmean":0.00329101178795,"dmean2":0.0054127429612,"dvar":0.00000974323847913,"dvar2":0.0000258526943071,"max":0.0400171689689,"mean":0.0116664767265,"median":0.0116949677467,"min":1.21171478617e-21,"var":0.0000347218665411},"spectral_energyband_middle_low":{"dmean":0.00770246377215,"dmean2":0.0121664712206,"dvar":0.0000848183990456,"dvar2":0.000201922099222,"max":0.104797981679,"mean":0.0164206922054,"median":0.0125120170414,"min":1.54295601615e-22,"var":0.000196295964997},"spectral_entropy":{"dmean":0.156866833568,"dmean2":0.240922942758,"dvar":0.0187029708177,"dvar2":0.0415029227734,"max":9.82158279419,"mean":7.35933542252,"median":7.35867118835,"min":5.98388671875,"var":0.134809017181},"spectral_flux":{"dmean":0.0319753214717,"dmean2":0.0517499633133,"dvar":0.000936451193411,"dvar2":0.00227163382806,"max":0.441989153624,"mean":0.142210289836,"median":0.139961898327,"min":6.27123145081e-11,"var":0.00243870960549},"spectral_kurtosis":{"dmean":5.55246543884,"dmean2":8.73173236847,"dvar":35.3666915894,"dvar2":86.1495285034,"max":86.2585678101,"mean":25.1785583496,"median":23.6785335541,"min":-1.28149020672,"var":105.831306458},"spectral_rms":{"dmean":0.00117594294716,"dmean2":0.00185458920896,"dvar":0.00000118262585147,"dvar2":0.00000279394930658,"max":0.0169380903244,"mean":0.00733515573665,"median":0.0073974467814,"min":3.1241118633e-12,"var":0.00000446233207185},"spectral_rolloff":{"dmean":4895.91503906,"dmean2":9390.71679688,"dvar":58248004,"dvar2":140045040,"max":22006.9335938,"mean":7159.74853516,"median":1507.32421875,"min":64.599609375,"var":75609928},"spectral_skewness":{"dmean":0.400890380144,"dmean2":0.627118349075,"dvar":0.151514559984,"dvar2":0.358736008406,"max":7.43456077576,"mean":3.80770325661,"median":3.7515411377,"min":-0.0725249946117,"var":0.64897787571},"spectral_spread":{"dmean":503014.59375,"dmean2":781425.9375,"dvar":316531113984,"dvar2":605347774464,"max":42556532,"mean":4249020,"median":3813443.5,"min":1488366.875,"var":12724918550500},"spectral_strongpeak":{"dmean":0.676543474197,"dmean2":1.20410096645,"dvar":5.23988485336,"dvar2":15.3001651764,"max":46.8849449158,"mean":0.796308040619,"median":0.364934533834,"min":0,"var":3.23224234581},"zerocrossingrate":{"dmean":0.0286427363753,"dmean2":0.0379405096173,"dvar":0.000575164041948,"dvar2":0.000980189885013,"max":0.5458984375,"mean":0.216309443116,"median":0.2119140625,"min":0.03369140625,"var":0.00462018325925}},"metadata":{"audio_properties":{"analysis_sample_rate":44100,"bit_rate":320000,"codec":"mp3","downmix":"mix","equal_loudness":0,"length":133.01550293,"lossless":false,"md5_encoded":"50df839dab17174d2ff6bfaeabe9530f","replay_gain":-0.0892162322998,"sample_rate":44100},"tags":{"acoustid_id":["6283db0b-21dd-4bc1-876c-be6237b58a2d"],"album":["Barely Legal"],"albumartist":["The Hives"],"artist":["The Hives"],"date":["1997"],"discnumber":["1/1"],"file_name":"02 - The Hives - a.k.a. I-D-I-O-T.mp3","musicbrainz_albumartistid":["487bfd74-71bf-46dd-b89c-80b7a0f06f2f"],"musicbrainz_albumid":["81e118c6-f751-30d5-878b-16d10c9a4411"],"musicbrainz_artistid":["487bfd74-71bf-46dd-b89c-80b7a0f06f2f"],"musicbrainz_recordingid":["30656194-a829-4b81-a5d3-d9abab620e72"],"musicbrainz_releasegroupid":["99dd78c1-74a5-3a3a-b6c4-f9935d43c1e0"],"replaygain_album_gain":["-0.17 dB"],"replaygain_album_peak":["0.321453"],"replaygain_track_gain":["-0.94 dB"],"replaygain_track_peak":["0.309816"],"title":["a.k.a. I-D-I-O-T"],"tracknumber":["2/14"]},"version":{"essentia":"2.1-beta1","essentia_build_sha":"e76a03f03bb3900de42a1fa0d9be1e72f12def64","essentia_git_sha":"v2.1_beta1-28-g21ef5f4-dirty","extractor":"music 1.0"}},"rhythm":{"beats_count":267,"beats_loudness":{"dmean":0.0227959807962,"dmean2":0.0399667918682,"dvar":0.000414683803683,"dvar2":0.00120027014054,"max":0.151549980044,"mean":0.0654055178165,"median":0.065087877214,"min":0,"var":0.00057383812964},"beats_loudness_band_ratio":{"dmean":[0.174916401505,0.103615425527,0.0562995485961,0.0821872875094,0.0130768632516,0.0541927702725],"dmean2":[0.295562922955,0.180086836219,0.098358348012,0.142288818955,0.02314289473,0.0901954770088],"dvar":[0.0172638799995,0.0110836867243,0.00522396340966,0.00672371825203,0.000275501515716,0.0018395021325],"dvar2":[0.051340341568,0.0291425101459,0.0134295364842,0.0181539040059,0.000790266203694,0.00491661531851],"max":[0.936904132366,0.664439201355,0.421995848417,0.546242117882,0.19085739553,0.389987319708],"mean":[0.476150900126,0.134929254651,0.07975