{"lowlevel":{"average_loudness":0.379491776228,"barkbands":{"dmean":[0.000192169172806,0.0017055956414,0.00149353290908,0.00135608809069,0.00122181058396,0.00041874271119,0.000431426451541,0.000558279338293,0.000802502734587,0.000459044909803,0.00038669371861,0.000223952010856,0.000330215203576,0.000208205339732,0.00022173866455,0.000162404263392,0.000133523702971,0.0000713889603503,0.0000763446150813,0.0000524795395904,0.0000674819166306,0.0000524473762198,0.0000339668149536,0.0000189326437976,0.0000144192454172,0.00000438731922259,4.07971953109e-7],"dmean2":[0.000249143486144,0.00279403524473,0.00242207944393,0.00221153185703,0.00196054927073,0.000660515273921,0.000655368785374,0.000830652366858,0.00115546386223,0.000677629024722,0.000583918124903,0.000347765744664,0.000539670931175,0.000338636280503,0.000386005005566,0.000276882958133,0.000221976340981,0.000112100467959,0.000123094578157,0.0000781031849328,0.0000974845534074,0.0000746237492422,0.0000473622858408,0.00002584498543,0.0000199956430151,0.00000570375641473,5.99556472025e-7],"dvar":[2.94965900594e-7,0.0000151620015458,0.0000101322939372,0.0000159253868333,0.00000683713096805,9.74994122771e-7,0.00000139591577408,0.00000309737470161,0.00000656241127217,0.0000019739070467,0.00000186702357041,0.00000123825930132,0.00000138466020871,5.27239876646e-7,4.18505862854e-7,2.30112618738e-7,1.97856124373e-7,4.1749409263e-8,6.32671017797e-8,2.64748685197e-8,6.4529700694e-8,4.55112498798e-8,2.85723960047e-8,7.81086217927e-9,1.21699441635e-8,9.80490910685e-10,3.58665701305e-12],"dvar2":[5.52243477614e-7,0.0000393217378587,0.0000265237504209,0.0000422889825131,0.0000178831924131,0.00000246244167101,0.00000344303771271,0.00000686592329657,0.0000155236666615,0.00000465518587589,0.00000413820589529,0.00000266396341431,0.00000379964967578,0.0000013417484297,0.00000126635882225,7.27010444734e-7,5.66553694625e-7,1.00724285801e-7,1.68957612345e-7,5.59684103507e-8,1.31838049811e-7,8.69633538514e-8,4.66733851567e-8,1.02167598826e-8,2.16868656366e-8,1.16849585563e-9,5.7099438025e-12],"max":[0.0193594805896,0.0948064103723,0.0579773671925,0.0913013964891,0.0488343909383,0.0216730386019,0.0337444245815,0.0530620142817,0.0903888046741,0.0367563404143,0.0562215186656,0.0439897738397,0.0349413901567,0.028947820887,0.0124679170549,0.00981866009533,0.013958118856,0.00596883660182,0.00928871706128,0.00555283110589,0.0115826074034,0.00849097315222,0.0102434270084,0.00710650673136,0.00941308401525,0.00297082145698,0.00013198571105],"mean":[0.000418644689489,0.00453123170882,0.00410931743681,0.00209522317164,0.00242491229437,0.000798371969722,0.000780422589742,0.00091764330864,0.00164321786724,0.000921677099541,0.000655964075122,0.000338480778737,0.000520770088769,0.0003391696373,0.000313385506161,0.000247283140197,0.000217223612708,0.000129258580273,0.000145322002936,0.000109579777927,0.000148872437421,0.000120156008052,0.0000723715857021,0.000041158960812,0.0000277903272945,0.00000770116457716,6.67255790177e-7],"median":[0.000108483000076,0.0028193895705,0.00118603557348,0.000742306001484,0.00120456703007,0.00031756865792,0.000189302736544,0.000134362795507,0.000215417501749,0.000126761573483,0.0000793084618635,0.0000602185536991,0.0000714008274372,0.000058618010371,0.0000475568085676,0.000032501789974,0.0000312109987135,0.000026385197998,0.0000166865502251,0.0000177352012543,0.0000134159636218,0.0000117767158372,0.0000079637111412,0.00000667815083943,0.00000437056951341,0.00000126818827084,1.81163358093e-7],"min":[8.48268738094e-25,2.62778146391e-24,4.05624980501e-24,1.81395843585e-24,7.49661223549e-24,1.30104951609e-23,6.62029584374e-24,9.44841583149e-24,2.42951220111e-23,2.92709047693e-23,9.0893413358e-24,2.63737278979e-23,3.8411186798e-23,4.58493531179e-23,6.95916808497e-23,7.48014507964e-23,6.46506537253e-23,1.19628345518e-22,1.27021827601e-22,1.98180186208e-22,2.83814155048e-22,3.17801059635e-22,4.16677188418e-22,5.69872158677e-22,9.08891557179e-22,1.38277880647e-21,2.04491568223e-21],"var":[8.08595871149e-7,0.0000367313223251,0.0000457188689325,0.0000188313842955,0.0000123064955915,0.00000182015332939,0.00000283360759568,0.0000060054626374,0.0000207888206205,0.00000611695077168,0.00000512181122758,0.00000195608276954,0.00000272971487902,9.03690079213e-7,6.64980404963e-7,4.10013257124e-7,3.99233385906e-7,1.00175860496e-7,1.78781547788e-7,7.56395337476e-8,2.15874365495e-7,1.62679810956e-7,1.05324993172e-7,3.39570753738e-8,3.39687815654e-8,3.47812156853e-9,9.72046141495e-12]},"barkbands_crest":{"dmean":1.98804163933,"dmean2":3.22025156021,"dvar":3.57866001129,"dvar2":9.25925922394,"max":26.1809825897,"mean":9.96428203583,"median":9.49477767944,"min":2.83887791634,"var":12.4067964554},"barkbands_flatness_db":{"dmean":0.0175802335143,"dmean2":0.0254454221576,"dvar":0.000319896498695,"dvar2":0.000660560268443,"max":0.376009434462,"mean":0.153012111783,"median":0.14686152339,"min":0.0256973635405,"var":0.00286118406802},"barkbands_kurtosis":{"dmean":3.28449964523,"dmean2":5.03171682358,"dvar":34.8896560669,"dvar2":76.2821884155,"max":220.013702393,"mean":7.08701515198,"median":3.23000502586,"min":-1.91878259182,"var":146.609039307},"barkbands_skewness":{"dmean":0.509387552738,"dmean2":0.762972533703,"dvar":0.3157107234,"dvar2":0.674148440361,"max":13.168847084,"mean":1.86344063282,"median":1.68699228764,"min":-4.15230131149,"var":2.05172324181},"barkbands_spread":{"dmean":4.19301605225,"dmean2":6.31540584564,"dvar":46.0970840454,"dvar2":97.3675918579,"max":136.271194458,"mean":17.7075824738,"median":14.319106102,"min":0.769729912281,"var":215.249038696},"dissonance":{"dmean":0.0210821013898,"dmean2":0.0352707616985,"dvar":0.000463775912067,"dvar2":0.00124251202215,"max":0.499950677156,"mean":0.451405733824,"median":0.460981488228,"min":0.198795750737,"var":0.0013777250424},"dynamic_complexity":6.50011825562,"erbbands":{"dmean":[0.0273688640445,0.464833825827,1.65538132191,3.04148674011,3.82673382759,4.63814067841,4.64431667328,3.28141617775,5.12546682358,8.95955657959,12.7679414749,20.3121833801,13.8331069946,11.0707101822,16.4534645081,9.17380809784,15.3672132492,10.8735733032,10.8594703674,11.8579387665,6.65400266647,5.98512363434,5.0634431839,3.58412146568,3.14547109604,2.6239695549,2.73981118202,2.50286149979,1.89136707783,1.48187112808,0.916030466557,0.48893558979,0.288577854633,0.186633199453,0.0905197113752,0.0289957001805,0.00633427035064,0.0008460781537,0.0000715748610673,0.00000751951210987],"dmean2":[0.045383464545,0.766094386578,2.69469022751,4.88559293747,6.29881715775,7.43704509735,7.1312122345,5.25875139236,7.87697982788,13.5675897598,18.5946941376,28.843957901,20.4174308777,16.7102108002,24.9377689362,14.0171365738,25.1252365112,17.4363765717,18.3139610291,21.144525528,10.9497251511,9.73789978027,8.07134914398,5.76230812073,4.96630239487,3.87661862373,3.99147319794,3.57468342781,2.7129778862,2.11512947083,1.28733408451,0.679284751415,0.390446126461,0.257795006037,0.125547602773,0.0390559732914,0.0081465030089,0.00119117076974,0.000104373473732,0.0000109605534817],"dvar":[0.00753511721268,1.0439800024,12.309384346,60.2655715942,96.8712005615,104.528388977,128.663482666,59.8785324097,182.750946045,796.298400879,1664.06689453,4816.01269531,2237.40673828,930.341491699,3417.49853516,2312.79467773,3273.42993164,1552.73901367,1158.34643555,1963.61206055,372.667938232,355.772583008,197.486831665,174.800323486,103.652427673,65.5039291382,73.3701324463,123.680686951,58.9888496399,49.4927711487,20.1929664612,4.53709602356,2.36399960518,1.89568161964,0.466935783625,0.0349976830184,0.00279146572575,0.0000392186302633,9.14114437478e-8,2.40371555993e-10],"dvar2":[0.0197145007551,2.73385977745,31.6587715149,155.259216309,251.27645874,276.253753662,318.149597168,161.201873779,469.101593018,1979.25317383,3494.68237305,11550.8144531,5126.09228516,2182.26855469,7622.02099609,4577.12792969,9079.57128906,3910.81835938,3299.75561523,6730.14208984,1056.22827148,932.755065918,499.911468506,491.810272217,254.88923645,140.868682861,149.183395386,259.76071167,116.973205566,94.6050796509,33.8029327393,6.5867638588,3.14527869225,3.2583861351,0.898269832134,0.0444191917777,0.00311699346639,0.0000497868713865,1.45761120507e-7,4.35968788848e-10],"max":[2.00758886337,23.1090583801,73.3606338501,161.936279297,178.177764893,162.694885254,332.992645264,199.846588135,257.382629395,588.067077637,1470.21972656,2780.48193359,1224.58361816,856.481567383,2519.06762695,2214.69604492,1735.71679688,1715.76367188,711.339355469,899.906066895,437.317901611,531.290161133,353.333984375,649.945739746,262.567260742,278.852416992,367.528839111,579.872802734,297.773681641,399.105072021,248.211013794,140.616912842,124.016860962,117.259651184,50.5590782166,15.9572429657,5.08300161362,0.54055416584,0.0213781818748,0.000800544046797],"mean":[0.0804532691836,1.21586441994,4.70935153961,5.99039697647,6.2919216156,8.85954189301,9.01026821136,6.24530124664,9.78091144562,15.1293964386,24.4045524597,42.0094909668,29.3463172913,22.8434085846,28.8604774475,15.8964357376,24.6365432739,18.8395957947,17.9712200165,16.3418693542,11.4512834549,10.8626804352,9.25239467621,7.08338737488,6.19451618195,5.75549459457,6.21654272079,5.0740070343,4.0971493721,3.29785633087,2.00810289383,1.05123782158,0.611442267895,0.368442565203,0.16232073307,0.0523378029466,0.0109771229327,0.00140650651883,0.000126981962239,0.0000307890477416],"median":[0.0379939973354,0.75653231144,1.65775537491,2.65515565872,3.1212875843,3.87864041328,3.26870775223,2.7668402195,2.82888174057,3.31634712219,3.90692806244,5.84687900543,4.30548095703,4.28250312805,3.97312116623,3.12628126144,3.74048924446,3.70749998093,3.3500289917,2.09499645233,1.76817297935,1.75601315498,1.79224765301,0.998545646667,0.917896091938,0.858463585377,0.637210011482,0.460759460926,0.416082888842,0.32411813736,0.210229218006,0.145273953676,0.109167069197,0.0603711232543,0.0236269459128,0.00861662812531,0.00164465862326,0.000238033127971,0.0000415537142544,0.000021437788746],"min":[1.34107388873e-22,7.22930056464e-22,6.17218706684e-21,7.60197077512e-21,2.23794199402e-20,3.31236462985e-20,5.02009580657e-20,1.43579865227e-19,1.18925785844e-19,1.49096513678e-19,2.91831801651e-19,6.22454548319e-19,5.35998561274e-19,6.00695717403e-19,7.11471796735e-19,8.12088805675e-19,1.83638542083e-18,2.6607108127e-18,2.75758462257e-18,4.04218970322e-18,3.57541126996e-18,4.82312637004e-18,6.71096428612e-18,7.11177134321e-18,6.89803449037e-18,9.13745890837e-18,1.03962292773e-17,1.17531322183e-17,1.14909804842e-17,1.25785203304e-17,1.25008431078e-17,1.11495501058e-17,9.50904167442e-18,9.17694272055e-18,6.39319540918e-18,4.13517845255e-18,2.51791090124e-18,9.54280946177e-19,2.61142651292e-19,2.77088800034e-20],"var":[0.0145537490025,2.75425100327,59.3201293945,99.6384658813,119.918899536,185.338317871,268.415679932,101.719528198,357.009399414,1504.20324707,4179.2734375,14210.5605469,7024.23193359,2953.06494141,9186.02929688,3897.01586914,6110.61669922,2672.06152344,2206.22607422,2622.57055664,821.051452637,897.699645996,466.861022949,474.331451416,279.095825195,209.359863281,263.318725586,370.361114502,189.796096802,171.675018311,74.3435440063,19.1684684753,9.3949098587,5.38354730606,1.22136545181,0.130557224154,0.00930700730532,0.000126092054415,2.6408292797e-7,1.21820742383e-9]},"erbbands_crest":{"dmean":2.50598883629,"dmean2":3.95875668526,"dvar":6.18494129181,"dvar2":14.8030815125,"max":32.7232170105,"mean":9.65313720703,"median":8.49293708801,"min":2.02748298645,"var":21.8124752045},"erbbands_flatness_db":{"dmean":0.0158499684185,"dmean2":0.0224095620215,"dvar":0.000244224502239,"dvar2":0.000465243996587,"max":0.381243675947,"mean":0.15596793592,"median":0.153651326895,"min":0.0215024594218,"var":0.00176486559212},"erbbands_kurtosis":{"dmean":1.08389079571,"dmean2":1.65568852425,"dvar":4.30952787399,"dvar2":9.2878704071,"max":51.4501152039,"mean":1.15037870407,"median":0.118807554245,"min":-1.74366509914,"var":11.4961509705},"erbbands_skewness":{"dmean":0.333850711584,"dmean2":0.504497051239,"dvar":0.114620633423,"dvar2":0.24156062305,"max":4.60386514664,"mean":0.350894063711,"median":0.336779713631,"min":-4.59353303909,"var":0.648597300053},"erbbands_spread":{"dmean":7.39528226852,"dmean2":11.1144285202,"dvar":79.2089157104,"dvar2":169.365600586,"max":140.222610474,"mean":35.8444480896,"median":33.8278656006,"min":1.59763872623,"var":351.026611328},"gfcc":{"cov":[[22504.9414062,1697.76855469,-2133.19750977,1092.20336914,-1297.54248047,305.02154541,-487.486297607,391.87210083,143.718719482,136.542861938,-215.09387207,-201.727661133,102.451339722],[1697.76855469,1304.43286133,-111.628417969,-198.722473145,162.235931396,-27.0360355377,45.8679046631,-3.33143115044,111.260284424,-57.2636108398,96.1696777344,-50.6291046143,29.2883872986],[-2133.19750977,-111.628417969,754.065063477,-16.7381286621,114.694847107,2.1767988205,4.50680541992,-31.6300601959,-13.3808145523,33.4013023376,11.5644435883,32.9343223572,-13.7553920746],[1092.20336914,-198.722473145,-16.7381286621,530.18347168,-17.7446136475,-23.5771808624,-51.3433761597,4.47035551071,43.2961997986,14.5371360779,-16.7208957672,12.4862985611,34.1118621826],[-1297.54248047,162.235931396,114.694847107,-17.7446136475,338.391357422,0.150350540876,64.5377807617,-28.3734035492,18.6954784393,-35.690776825,34.4260635376,15.3354501724,6.69868373871],[305.02154541,-27.0360355377,2.1767988205,-23.5771808624,0.150350540876,190.941757202,79.9316635132,2.66533279419,-29.816652298,17.4495391846,15.0705747604,0.358346700668,-3.36264061928],[-487.486297607,45.8679046631,4.50680541992,-51.3433761597,64.5377807617,79.9316635132,172.760772705,17.0698223114,-8.33354568481,-1.91726160049,30.098941803,8.95442581177,-1.22031807899],[391.87210083,-3.33143115044,-31.6300601959,4.47035551071,-28.3734035492,2.66533279419,17.0698223114,131.391189575,54.6678276062,8.56844234467,-8.90041160583,-2.94865107536,1.01182448864],[143.718719482,111.260284424,-13.3808145523,43.2961997986,18.6954784393,-29.816652298,-8.33354568481,54.6678276062,133.019882202,28.0329055786,5.99254894257,-13.1145191193,11.7822265625],[136.542861938,-57.2636108398,33.4013023376,14.5371360779,-35.690776825,17.4495391846,-1.91726160049,8.56844234467,28.0329055786,88.4315338135,14.8355932236,-1.33439457417,-0.480639487505],[-215.09387207,96.1696777344,11.5644435883,-16.7208957672,34.4260635376,15.0705747604,30.098941803,-8.90041160583,5.99254894257,14.8355932236,89.3853530884,27.8751316071,3.20005702972],[-201.727661133,-50.6291046143,32.9343223572,12.4862985611,15.3354501724,0.358346700668,8.95442581177,-2.94865107536,-13.1145191193,-1.33439457417,27.8751316071,86.3784484863,29.3316726685],[102.451339722,29.2883872986,-13.7553920746,34.1118621826,6.69868373871,-3.36264061928,-1.22031807899,1.01182448864,11.7822265625,-0.480639487505,3.20005702972,29.3316726685,62.1893196106]],"icov":[[0.00036166846985,-0.00103478762321,0.000737876282074,-0.00104706687853,0.000982228084467,-0.0011110563064,0.00106513663195,-0.00110246334225,0.00109396094922,-0.00116940762382,0.0013459083857,-0.000678112497553,0.00053630489856],[-0.00103478762321,0.0042158938013,-0.00199437350966,0.00351941282861,-0.00307558034547,0.00320287048817,-0.00301167764701,0.00349875399843,-0.00437240302563,0.00457429280505,-0.00552594382316,0.00338097987697,-0.00271047488786],[0.000737876282074,-0.00199437350966,0.00304460106418,-0.00204968336038,0.00130576058291,-0.00223873625509,0.00234659318812,-0.00204520788975,0.00235002348199,-0.00329720112495,0.00300418771803,-0.00208595907316,0.0016975523904],[-0.00104706687853,0.00351941282861,-0.00204968336038,0.0053217113018,-0.00294294231571,0.00311704771593,-0.00252888421528,0.00353214819916,-0.00435928674415,0.00369155872613,-0.0041512940079,0.00224798964337,-0.00291872164235],[0.000982228084467,-0.00307558034547,0.00130576058291,-0.00294294231571,0.00680069206282,-0.00275763613172,0.00125871924683,-0.00166387937497,0.00152851641178,-0.00103792129084,0.00290988455527,-0.00219374382868,0.0014908646699],[-0.0011110563064,0.00320287048817,-0.00223873625509,0.00311704771593,-0.00275763613172,0.010541530326,-0.00657427869737,0.00300389598124,-0.00130142399576,0.00169073860161,-0.00446920422837,0.00288791232742,-0.00206630653702],[0.00106513663195,-0.00301167764701,0.00234659318812,-0.00252888421528,0.00125871924683,-0.00657427869737,0.0117611717433,-0.00502739241347,0.00380680896342,-0.00308688916266,0.00202455674298,-0.00202543195337,0.0014973715879],[-0.00110246334225,0.00349875399843,-0.00204520788975,0.00353214819916,-0.00166387937497,0.00300389598124,-0.00502739241347,0.013848583214,-0.00891246274114,0.00473532220349,-0.00272010266781,0.00087502587121,-0.000751289422624],[0.00109396094922,-0.00437240302563,0.00235002348199,-0.00435928674415,0.00152851641178,-0.00130142399576,0.00380680896342,-0.00891246274114,0.0167479217052,-0.00886263232678,0.00405120011419,-0.000046685385314,-0.000275327329291],[-0.00116940762382,0.00457429280505,-0.00329720112495,0.00369155872613,-0.00103792129084,0.00169073860161,-0.00308688916266,0.00473532220349,-0.00886263232678,0.0197748932987,-0.00883758068085,0.00399866700172,-0.002515664557],[0.0013459083857,-0.00552594382316,0.00300418771803,-0.0041512940079,0.00290988455527,-0.00446920422837,0.00202455674298,-0.00272010266781,0.00405120011419,-0.00883758068085,0.0219862516969,-0.00995447300375,0.00558350561187],[-0.000678112497553,0.00338097987697,-0.00208595907316,0.00224798964337,-0.00219374382868,0.00288791232742,-0.00202543195337,0.00087502587121,-0.000046685385314,0.00399866700172,-0.00995447300375,0.0199611224234,-0.0106938499957],[0.00053630489856,-0.00271047488786,0.0016975523904,-0.00291872164235,0.0014908646699,-0.00206630653702,0.0014973715879,-0.000751289422624,-0.000275327329291,-0.002515664557,0.00558350561187,-0.0106938499957,0.0230078417808]],"mean":[-74.156539917,108.770729065,-100.394584656,29.9982948303,-50.0712203979,18.7955131531,-29.5736846924,4.09733772278,-22.1720561981,-2.67759656906,-17.6969032288,-5.89507722855,-10.7545747757]},"hfc":{"dmean":3.49368858337,"dmean2":4.93556547165,"dvar":58.2238998413,"dvar2":112.09677887,"max":291.306243896,"mean":12.6455078125,"median":5.42751502991,"min":1.09404304097e-16,"var":339.279205322},"melbands":{"dmean":[0.000355493451934,0.000765609904192,0.000543072936125,0.000265862414381,0.00018280754739,0.0000746360092307,0.0000799548215582,0.00010201249097,0.000114660622785,0.000120530741697,0.0000695775233908,0.0000463850410597,0.000055284363043,0.0000322436790157,0.0000295913323498,0.0000288872834062,0.0000208477104024,0.0000181518153113,0.0000145968124343,0.0000145148360389,0.00000760779312259,0.00000633346644463,0.00000703363866705,0.00000354470739694,0.00000306296738017,0.00000279196137853,0.00000184283885574,0.00000179388246124,0.00000178995264832,0.00000169734585143,0.00000156559860898,0.00000116118849292,0.00000101348632597,7.98713756467e-7,5.75316335016e-7,4.19461883894e-7,2.76545790712e-7,2.18883116077e-7,1.81763169849e-7,1.58509138259e-7],"dmean2":[0.000581750413403,0.00124849530403,0.000870254763868,0.000432533764979,0.000281790737063,0.000119105541671,0.000122022662254,0.000153427914483,0.000166514801094,0.000173158987309,0.00010252440552,0.0000701267781551,0.0000838007690618,0.0000483754374727,0.0000477102730656,0.0000468922335131,0.0000337456986017,0.0000305778048642,0.0000256230596278,0.0000254971309914,0.0000125980905068,0.0000103571510408,0.0000114754848255,0.00000563627509109,0.00000501178737977,0.00000450644347438,0.00000279602113551,0.00000268986195806,0.00000269426482191,0.0000024439052595,0.00000229703209698,0.00000173492207978,0.00000147950186147,0.00000116041485398,8.21089258807e-7,5.93604511323e-7,3.90648779103e-7,3.07755868789e-7,2.55965801443e-7,2.2565444624e-7],"dvar":[8.26759446682e-7,0.00000242476448875,0.00000200444674192,3.45209343777e-7,1.80470607347e-7,3.10669925341e-8,4.31644657795e-8,9.71588036691e-8,1.19490124462e-7,1.6760861854e-7,5.712468365e-8,1.7279948139e-8,3.94634902534e-8,1.85773973982e-8,1.40951081917e-8,9.15387232681e-9,5.37972377757e-9,3.31185145974e-9,1.98340610602e-9,2.51015719321e-9,6.55813570116e-10,4.82409445723e-10,5.23556309417e-10,1.1226267832e-10,1.55092230725e-10,8.24898621632e-11,4.04248405583e-11,3.06557522423e-11,3.14799263046e-11,4.49816572878e-11,4.51984664973e-11,2.25759272388e-11,1.834804704e-11,1.62969499007e-11,8.25393139253e-12,4.06614715856e-12,1.29431383146e-12,1.29602036568e-12,1.34901410789e-12,1.55292629884e-12],"dvar2":[0.00000214731062442,0.00000619225920673,0.00000520022740602,9.14004885999e-7,4.4319421022e-7,8.19133134655e-8,1.09306725449e-7,2.38431539401e-7,2.54149171042e-7,4.03203898713e-7,1.30871242732e-7,4.12781879788e-8,8.74574936915e-8,4.01534911987e-8,3.6194371944e-8,2.42694611075e-8,1.34817685904e-8,9.10980801905e-9,6.21362161723e-9,8.46117398368e-9,1.84731696606e-9,1.28305799318e-9,1.49846668407e-9,2.75285599871e-10,4.44710629433e-10,2.10300263315e-10,9.01619889859e-11,6.69394054076e-11,7.16457587702e-11,9.29046423126e-11,9.84969258933e-11,4.79584878754e-11,3.63281731086e-11,3.1481466739e-11,1.48869163524e-11,6.86691935953e-12,1.84138902043e-12,2.14147818402e-12,2.00148036165e-12,2.93359542387e-12],"max":[0.0237289369106,0.0318929739296,0.0301923677325,0.0102525064722,0.0124820396304,0.00475905183703,0.00447514094412,0.00580753199756,0.0113923093304,0.015722386539,0.00644095567986,0.00320701347664,0.00882075168192,0.00505327945575,0.00323033053428,0.00231333845295,0.00322619732469,0.00136617815588,0.000800093926955,0.00100671884138,0.00074275379302,0.000632562790997,0.000412921450334,0.000447038793936,0.000634593016002,0.000182267220225,0.000235831306782,0.000181796320248,0.000240296343691,0.000300090672681,0.000308005197439,0.000176043831743,0.000187867961358,0.000248598022154,0.0001655339438,0.000117891380796,0.000080970225099,0.0000807098113,0.0000961787591223,0.000104560000182],"mean":[0.00100369669963,0.00222333823331,0.00108122488018,0.000518654589541,0.000361363519914,0.000140514966915,0.000151930173161,0.000169166640262,0.000228894205065,0.000244461087277,0.00014099755208,0.0000913371841307,0.0000945664360188,0.0000513441191288,0.0000474799417134,0.0000468661710329,0.0000337176461471,0.0000291018204734,0.0000202456903935,0.0000202230821742,0.0000123556255858,0.0000109368274934,0.0000112609386633,0.00000627656982033,0.00000567242841498,0.00000510814834342,0.00000364686229659,0.00000369983035853,0.00000372784597857,0.00000357751764568,0.00000288356750389,0.00000228170188166,0.00000231904891734,0.00000162235892276,0.0000011899189758,8.61172907207e-7,5.66849166717e-7,4.40373838728e-7,3.6456603425e-7,2.93809819141e-7],"median":[0.00061586353695,0.00104291911703,0.000524800969288,0.000270396587439,0.000140003307024,0.0000593889562879,0.0000416112634412,0.0000360670819646,0.000033731565054,0.0000333351854351,0.0000184591772268,0.0000148540293594,0.0000119926298794,0.00000791361708252,0.00000814205486677,0.0000067142136686,0.00000584439931117,0.00000493224615639,0.00000297759561363,0.00000240859890255,0.00000176652793016,0.00000155162274496,0.00000188788010291,0.00000107069354272,6.5457055598e-7,5.75780177314e-7,5.95463404807e-7,5.23225878624e-7,3.94188532482e-7,3.24559778164e-7,2.20449578592e-7,2.20019842345e-7,2.18656680318e-7,1.59583393611e-7,1.23787430084e-7,9.2068489721e-8,8.58494146883e-8,7.92778251935e-8,5.70385800813e-8,4.57911326635e-8],"min":[1.23305438006e-24,2.65893851144e-24,1.42281053208e-24,2.34233352587e-24,1.87197797214e-24,3.23569306027e-24,1.76516285292e-24,1.46788584699e-24,2.61500487548e-24,3.40904070824e-24,2.50229262656e-24,1.57592468669e-24,1.49285063223e-24,3.1073753677e-24,1.42778607502e-24,3.44441323123e-24,3.67992331575e-24,3.01072235466e-24,5.3805390056e-24,4.38228838372e-24,3.47533973416e-24,4.0348823241e-24,4.47301764302e-24,4.76651137065e-24,5.38776733807e-24,3.90234383126e-24,4.60959589255e-24,5.91282211254e-24,5.56165634184e-24,6.76432527895e-24,5.57703518519e-24,6.67562260332e-24,5.88491379143e-24,6.21007712897e-24,6.27221688576e-24,6.63716563419e-24,6.76033758707e-24,6.61570388441e-24,6.00723259124e-24,7.40815331789e-24],"var":[0.00000171763156231,0.000010793227375,0.00000300326723846,5.44510783129e-7,3.88288015074e-7,5.31322861264e-8,8.64881926077e-8,1.78866315537e-7,3.61100177315e-7,4.71856253625e-7,1.74899170702e-7,5.29709858199e-8,1.0718246557e-7,3.36525118882e-8,2.71407092356e-8,1.86552604475e-8,9.20747744715e-9,6.33448404841e-9,2.82987588918e-9,3.64502050765e-9,1.33143840397e-9,1.15090226238e-9,9.31750676614e-10,2.70130362523e-10,4.06598837932e-10,2.13442513664e-10,9.64837168493e-11,9.14317441203e-11,9.66509788869e-11,1.37563183067e-10,1.32577115952e-10,6.06322422825e-11,6.73765765402e-11,5.15142060953e-11,2.80139349218e-11,1.38530593247e-11,5.66539306787e-12,4.49833486432e-12,4.58463085204e-12,3.83606818186e-12]},"melbands_crest":{"dmean":2.64068579674,"dmean2":4.27567815781,"dvar":6.31452417374,"dvar2":16.455072403,"max":35.6385269165,"mean":15.071723938,"median":14.31640625,"min":1.71413648129,"var":27.8469734192},"melbands_flatness_db":{"dmean":0.0219479203224,"dmean2":0.0316049568355,"dvar":0.000532281293999,"dvar2":0.00109196186531,"max":0.525540947914,"mean":0.239682689309,"median":0.233557090163,"min":0.00294136907905,"var":0.0054824501276},"melbands_kurtosis":{"dmean":7.55971240997,"dmean2":11.6809072495,"dvar":166.875411987,"dvar2":386.452880859,"max":259.325836182,"mean":17.6244850159,"median":9.93994998932,"min":-1.89200222492,"var":537.88067627},"melbands_skewness":{"dmean":0.692372918129,"dmean2":1.04426860809,"dvar":0.58107572794,"dvar2":1.28985178471,"max":11.9355363846,"mean":2.94337582588,"median":2.71483421326,"min":-1.90047299862,"var":3.40420746803},"melbands_spread":{"dmean":4.87139892578,"dmean2":7.34868526459,"dvar":90.6790847778,"dvar2":170.99861145,"max":238.677185059,"mean":18.3488540649,"median":13.8355865479,"min":0.764990150928,"var":437.162780762},"mfcc":{"cov":[[14988.7402344,528.432678223,-538.79107666,243.601791382,-378.819793701,-43.150604248,-358.291534424,38.8346328735,233.949157715,228.759780884,116.977561951,-45.0311508179,-21.5747470856],[528.432678223,1664.96398926,-85.0058822632,-149.762084961,110.446365356,-18.3494529724,48.4199943542,47.4586486816,-8.01623535156,25.4211387634,64.9448318481,13.6089544296,-24.4043159485],[-538.79107666,-85.0058822632,487.178375244,66.687828064,26.2004203796,31.9744358063,-6.57552433014,-22.6633415222,-12.5887155533,9.76654911041,-3.65047335625,11.7598571777,12.9719133377],[243.601791382,-149.762084961,66.687828064,386.941802979,113.976356506,23.8108940125,-57.5150527954,-4.80399847031,25.5016365051,-7.66811132431,-54.3242111206,38.8401908875,38.0435066223],[-378.819793701,110.446365356,26.2004203796,113.976356506,208.060852051,23.5989017487,-18.0156173706,10.8305959702,3.62562012672,6.56297492981,-26.9617443085,13.2754964828,6.88337755203],[-43.150604248,-18.3494529724,31.9744358063,23.8108940125,23.5989017487,181.2109375,81.240737915,4.58930826187,-8.36804676056,-3.54683899879,-8.65679264069,0.501150131226,10.241394043],[-358.291534424,48.4199943542,-6.57552433014,-57.5150527954,-18.0156173706,81.240737915,174.613922119,48.3672027588,-18.8052101135,-11.5019416809,0.570651769638,3.86339783669,14.0958395004],[38.8346328735,47.4586486816,-22.6633415222,-4.80399847031,10.8305959702,4.58930826187,48.3672027588,105.329475403,28.1469688416,-9.01605701447,3.26770663261,8.89738559723,14.2946996689],[233.949157715,-8.01623535156,-12.5887155533,25.5016365051,3.62562012672,-8.36804676056,-18.8052101135,28.1469688416,98.9249954224,29.9215869904,12.2314128876,2.81883311272,-10.3162269592],[228.759780884,25.4211387634,9.76654911041,-7.66811132431,6.56297492981,-3.54683899879,-11.5019416809,-9.01605701447,29.9215869904,111.055084229,43.2807121277,-14.8515586853,-13.1265659332],[116.977561951,64.9448318481,-3.65047335625,-54.3242111206,-26.9617443085,-8.65679264069,0.570651769638,3.26770663261,12.2314128876,43.2807121277,97.0735931396,14.1613283157,-16.6408348083],[-45.0311508179,13.6089544296,11.7598571777,38.8401908875,13.2754964828,0.501150131226,3.86339783669,8.89738559723,2.81883311272,-14.8515586853,14.1613283157,85.2351379395,38.6393127441],[-21.5747470856,-24.4043159485,12.9719133377,38.0435066223,6.88337755203,10.241394043,14.0958395004,14.2946996689,-10.3162269592,-13.1265659332,-16.6408348083,38.6393127441,88.9497756958]],"icov":[[0.0000946719519561,-0.0000649019057164,0.000105570776213,-0.000148522813106,0.000335935765179,-0.000164183235029,0.000306902918965,-0.000163585253176,-0.000044654658268,-0.000198048859602,0.0000161349053087,0.0000411019063904,-0.000025397128411],[-0.0000649019057164,0.000755723391194,0.0000185016033356,0.000460360111902,-0.00088476826204,0.000262296613073,-0.000371500471374,-0.0000558446481591,0.000130694403197,0.00012404199515,-0.000409065018175,-0.000184358359547,0.000135138921905],[0.000105570776213,0.0000185016033356,0.00229227519594,-0.000447389233159,0.000231545316637,-0.00051734916633,0.000383087724913,0.000166556870681,0.000284033216303,-0.000499431567732,-0.000115658207505,-0.000130241984152,-0.000163911332493],[-0.000148522813106,0.000460360111902,-0.000447389233159,0.00434101140127,-0.00232179602608,-0.000501564936712,0.000908437941689,0.000198257956072,-0.000864502042532,-0.0000285287387669,0.00185258116107,-0.00176367280073,-0.000631270406302],[0.000335935765179,-0.00088476826204,0.000231545316637,-0.00232179602608,0.00800962373614,-0.00169973808806,0.00226738862693,-0.00212548067793,0.000902536325157,-0.00227379193529,0.00224639638327,-0.00102129287552,0.000989161315374],[-0.000164183235029,0.000262296613073,-0.00051734916633,-0.000501564936712,-0.00169973808806,0.00813063234091,-0.00517286453396,0.00223714485765,-0.000619986967649,0.000716470065527,-0.000505261472426,0.00081696617417,-0.000437858048826],[0.000306902918965,-0.000371500471374,0.000383087724913,0.000908437941689,0.00226738862693,-0.00517286453396,0.0112196998671,-0.00571753177792,0.00258269300684,-0.00137893226929,0.0010742249433,-0.000878705934156,-0.000232192236581],[-0.000163585253176,-0.0000558446481591,0.000166556870681,0.000198257956072,-0.00212548067793,0.00223714485765,-0.00571753177792,0.0144797563553,-0.00564269535244,0.00320117245428,-0.00184073043056,0.00115094380453,-0.00270445202477],[-0.000044654658268,0.000130694403197,0.000284033216303,-0.000864502042532,0.000902536325157,-0.000619986967649,0.00258269300684,-0.00564269535244,0.0140568697825,-0.00431437650695,0.000799306377303,-0.00200322293676,0.00286575150676],[-0.000198048859602,0.00012404199515,-0.000499431567732,-0.0000285287387669,-0.00227379193529,0.000716470065527,-0.00137893226929,0.00320117245428,-0.00431437650695,0.01412258856,-0.00733411870897,0.00475835753605,-0.00198677461594],[0.0000161349053087,-0.000409065018175,-0.000115658207505,0.00185258116107,0.00224639638327,-0.000505261472426,0.0010742249433,-0.00184073043056,0.000799306377303,-0.00733411870897,0.0171969383955,-0.00713885109872,0.00445481622592],[0.0000411019063904,-0.000184358359547,-0.000130241984152,-0.00176367280073,-0.00102129287552,0.00081696617417,-0.000878705934156,0.00115094380453,-0.00200322293676,0.00475835753605,-0.00713885109872,0.018489183858,-0.00822531990707],[-0.000025397128411,0.000135138921905,-0.000163911332493,-0.000631270406302,0.000989161315374,-0.000437858048826,-0.000232192236581,-0.00270445202477,0.00286575150676,-0.00198677461594,0.00445481622592,-0.00822531990707,0.0164580140263]],"mean":[-715.10144043,137.852294922,11.4777975082,20.7219924927,5.876537323,13.4521980286,4.31039810181,5.93445205688,3.0029861927,2.74139165878,-0.601357996464,-1.03216588497,-4.51274013519]},"pitch_salience":{"dmean":0.060810610652,"dmean2":0.0981890931726,"dvar":0.00316547346301,"dvar2":0.00840344000608,"max":0.844454169273,"mean":0.541958808899,"median":0.542905926704,"min":0.123606190085,"var":0.0118168666959},"silence_rate_20dB":{"dmean":0,"dmean2":0,"dvar":0,"dvar2":0,"max":1,"mean":1,"median":1,"min":1,"var":0},"silence_rate_30dB":{"dmean":0.00589970499277,"dmean2":0.0118009233847,"dvar":0.0058645773679,"dvar2":0.0142264934257,"max":1,"mean":0.992690443993,"median":1,"min":0,"var":0.00725612137467},"silence_rate_60dB":{"dmean":0.0192381683737,"dmean2":0.0384812727571,"dvar":0.0188704058528,"dvar2":0.0408503711224,"max":1,"mean":0.221723511815,"median":0,"min":0,"var":0.172541171312},"spectral_centroid":{"dmean":183.585708618,"dmean2":269.325500488,"dvar":96671.828125,"dvar2":184789.25,"max":11615.8300781,"mean":1037.25842285,"median":837.087280273,"min":156.186203003,"var":862438},"spectral_complexity":{"dmean":2.233679533,"dmean2":3.40584921837,"dvar":11.2827329636,"dvar2":22.3117923737,"max":63,"mean":12.3684282303,"median":11,"min":0,"var":89.9426116943},"spectral_contrast_coeffs":{"dmean":[0.0422719120979,0.0380056165159,0.0331976599991,0.0280189663172,0.0204042550176,0.0159486718476],"dmean2":[0.0695350244641,0.0608414672315,0.0514075048268,0.0457189492881,0.0317657478154,0.0240650251508],"dvar":[0.00128693773877,0.0011020260863,0.00081685045734,0.000559588312171,0.000314073840855,0.000222703296458],"dvar2":[0.00347016775049,0.00275393435732,0.00190839637071,0.00146506959572,0.000694292597473,0.000469997001346],"max":[-0.361157596111,-0.424039959908,-0.42624849081,-0.541782915592,-0.558547914028,-0.598235011101],"mean":[-0.656663000584,-0.732304632664,-0.751064836979,-0.770494937897,-0.791876733303,-0.781024694443],"median":[-0.654117643833,-0.73745071888,-0.760432720184,-0.774746656418,-0.798623621464,-0.788133621216],"min":[-0.97473180294,-0.982342064381,-0.981454133987,-0.969712376595,-0.965435624123,-0.964757144451],"var":[0.00600167689845,0.00564149441198,0.00583028001711,0.00339689548127,0.00300616887398,0.00313567975536]},"spectral_contrast_valleys":{"dmean":[0.359895765781,0.32503053546,0.287837475538,0.262740492821,0.25523647666,0.287358433008],"dmean2":[0.589059233665,0.524899303913,0.450531721115,0.40032556653,0.348371833563,0.353665024042],"dvar":[0.123887374997,0.117995195091,0.102615743876,0.102440983057,0.10456699878,0.125305041671],"dvar2":[0.283912837505,0.259696006775,0.206277474761,0.190571829677,0.17624387145,0.198443666101],"max":[-5.13591718674,-4.50782489777,-5.22387266159,-5.46934890747,-5.64488983154,-7.0131983757],"mean":[-7.5124001503,-7.60533237457,-8.099193573,-8.62688159943,-8.73393249512,-11.0408678055],"median":[-7.01540517807,-7.26504516602,-7.79597806931,-8.35855102539,-8.51512527466,-10.782283783],"min":[-28.0473899841,-28.0356903076,-27.7365379333,-27.6205101013,-27.5072383881,-27.3462409973],"var":[3.72575187683,3.7755215168,3.51799559593,3.42005157471,3.30260276794,2.76469492912]},"spectral_decrease":{"dmean":1.32186361856e-9,"dmean2":1.9883417135e-9,"dvar":5.80872571837e-18,"dvar2":1.23682965136e-17,"max":1.11371918489e-28,"mean":-5.54519008489e-9,"median":-3.91370047481e-9,"min":-4.41511858185e-8,"var":3.30218110593e-17},"spectral_energy":{"dmean":0.00521666463464,"dmean2":0.00781857594848,"dvar":0.0000896093115443,"dvar2":0.000189458951354,"max":0.175426706672,"mean":0.0220757927746,"median":0.0155294155702,"min":1.02257909093e-20,"var":0.000523526046891},"spectral_energyband_high":{"dmean":0.000186393139302,"dmean2":0.000243935181061,"dvar":5.13257987222e-7,"dvar2":7.51957941247e-7,"max":0.0359770879149,"mean":0.000478130881675,"median":0.0000620723731117,"min":7.27351544845e-21,"var":0.00000236244272855},"spectral_energyband_low":{"dmean":0.00307250558399,"dmean2":0.00497241225094,"dvar":0.0000386421124858,"dvar2":0.000094345996331,"max":0.107443764806,"mean":0.00992384273559,"median":0.00589904561639,"min":1.80130849904e-23,"var":0.00015445810277},"spectral_energyband_middle_high":{"dmean":0.00136569701135,"dmean2":0.00205984408967,"dvar":0.0000094346842161,"dvar2":0.0000221297941607,"max":0.0714003443718,"mean":0.0036860066466,"median":0.00106702116318,"min":1.24046022123e-21,"var":0.0000400418575737},"spectral_energyband_middle_low":{"dmean":0.00321184308268,"dmean2":0.00490563176572,"dvar":0.00004403152343,"dvar2":0.000104905266198,"max":0.129277482629,"mean":0.00906366389245,"median":0.00508233439177,"min":1.99234142243e-22,"var":0.000128701998619},"spectral_entropy":{"dmean":0.160752147436,"dmean2":0.223913371563,"dvar":0.0292599964887,"dvar2":0.0555933117867,"max":9.82742595673,"mean":7.30592012405,"median":7.31444215775,"min":4.7813076973,"var":0.24392580986},"spectral_flux":{"dmean":0.0146009186283,"dmean2":0.0225742328912,"dvar":0.000434686953668,"dvar2":0.000922554871067,"max":0.309839963913,"mean":0.053068742156,"median":0.0436129420996,"min":6.45580880421e-11,"var":0.00188920251094},"spectral_kurtosis":{"dmean":1.73495435715,"dmean2":2.73914074898,"dvar":4.0705332756,"dvar2":9.64174079895,"max":44.0866241455,"mean":5.94268655777,"median":5.02951288223,"min":-1.27506244183,"var":18.5442237854},"spectral_rms":{"dmean":0.000484907068312,"dmean2":0.000707243802026,"dvar":4.66094519425e-7,"dvar2":9.07657863536e-7,"max":0.0130823543295,"mean":0.00395691907033,"median":0.00389238330536,"min":3.15854113697e-12,"var":0.00000588010379943},"spectral_rolloff":{"dmean":314.12789917,"dmean2":526.008972168,"dvar":550060.25,"dvar2":1165815.125,"max":19315.2832031,"mean":1117.90637207,"median":667.529296875,"min":21.533203125,"var":3507042.25},"spectral_skewness":{"dmean":0.225364044309,"dmean2":0.338818579912,"dvar":0.0532450377941,"dvar2":0.111402101815,"max":5.38078117371,"mean":1.85027825832,"median":1.81271278858,"min":-0.050937410444,"var":0.42867860198},"spectral_spread":{"dmean":509117.59375,"dmean2":733364.1875,"dvar":660173946880,"dvar2":1330570723330,"max":48782932,"mean":4590401.5,"median":4160137,"min":1632459.25,"var":8000558333950},"spectral_strongpeak":{"dmean":0.326345264912,"dmean2":0.562435984612,"dvar":0.542729258537,"dvar2":1.41440248489,"max":9.24245643616,"mean":0.624863803387,"median":0.307628154755,"min":0,"var":0.958800673485},"zerocrossingrate":{"dmean":0.00742949033156,"dmean2":0.00889221765101,"dvar":0.00014296855079,"dvar2":0.000173537511728,"max":0.51708984375,"mean":0.0463521555066,"median":0.03564453125,"min":0.0029296875,"var":0.00260852603242}},"metadata":{"audio_properties":{"analysis_sample_rate":44100,"bit_rate":0,"codec":"flac","downmix":"mix","equal_loudness":0,"length":181.039993286,"lossless":true,"md5_encoded":"20c36c70820fd740f03af173a2d96e89","replay_gain":-7.73553657532},"tags":{"album":["Indelibly Stamped"],"albumartist":["Supertramp"],"albumartistsort":["Supertramp"],"albumsort":["Indelibly Stamped (1971, Supertramp, 1d4ef304-e006-4597-9ce4-db642465da61)"],"artist":["Supertramp"],"artists":["Supertramp"],"artistsort":["Supertramp"],"asin":["B000005RXH"],"date":["1971"],"discnumber":["1"],"disctotal":["1"],"file_name":"03 - Supertramp - Rosie Had Everything Planned.flac","genre":["Prog-Rock, Pop/Rock, Contemporary Pop/Rock, Art Rock"],"musicbrainz_albumartistid":["d2ff6b6b-fc30-48dc-8952-06f9d8fc64f8"],"musicbrainz_albumid":["1d4ef304-e006-4597-9ce4-db642465da61"],"musicbrainz_artistid":["d2ff6b6b-fc30-48dc-8952-06f9d8fc64f8"],"musicbrainz_recordingid":["306905d3-afaa-4481-afcc-8eae6c5d0664"],"musicbrainz_releasegroupid":["f81825b3-69cc-37ff-b409-fd138d47b013"],"musicbrainz_releasetrackid":["1d942bd8-1c17-3e25-bbdf-9d5486a89b75"],"musicip_puid":["cf4fc12c-d06c-2535-47c7-15482763d236"],"originaldate":["1971"],"releasecountry":["US"],"releasestatus":["official"],"releasetype":["album"],"replaygain_album_gain":["-2.62 dB"],"replaygain_album_peak":["0.949677"],"replaygain_track_gain":["-1.86 dB"],"replaygain_track_peak":["0.945648"],"script":["Latn"],"title":["Rosie Had Everything Planned"],"tracknumber":["3"],"tracktotal":["10"]},"version":{"essentia":"2.1-beta1","essentia_build_sha":"5a55991247aa8bc5301991e5ebe36927b56abb96","essentia_git_sha":"v2.1_beta1-6-g5578087","extractor":"music 1.0"}},"rhythm":{"beats_count":319,"beats_loudness":{"dmean":0.0333543159068,"dmean2":0.0658934786916,"dvar":0.000740362040233,"dvar2":0.00265048933215,"max":0.152077063918,"mean":0.0352371633053,"median":0.027714876458,"min":5.3