{"lowlevel":{"average_loudness":0.738146722317,"barkbands":{"dmean":[0.0000449855433544,0.00217104284093,0.00190085545182,0.00133993418422,0.00281262118369,0.00118827761617,0.000693245150615,0.00054559163982,0.000493442290463,0.000639197940473,0.0002136228577,0.000392407528125,0.000309166149236,0.000525577226654,0.000346058281139,0.000244875845965,0.000171823034179,0.000226461517741,0.000149709201651,0.000105082457594,0.0000631935690762,0.0000463812721136,0.0000422796219937,0.0000312546071655,0.0000198978523258,0.0000078780185504,6.63788625843e-7],"dmean2":[0.0000720132957213,0.00354973901995,0.00313413864933,0.00219489936717,0.00469441572204,0.0018854085356,0.00105585879646,0.000808211334515,0.000737310212571,0.00100158550777,0.000339318590704,0.000601959065534,0.000488540157676,0.000840639928356,0.000560475571547,0.000391078850953,0.000278022402199,0.000363411032595,0.000236880106968,0.00015862598957,0.0000966536827036,0.0000694452901371,0.0000642835657345,0.000048077221436,0.0000315260294883,0.0000127439561766,0.00000113778514788],"dvar":[4.89883467125e-9,0.0000270917153102,0.0000145600361066,0.00000532122248842,0.0000412420740759,0.00000636645017948,0.00000291040623779,0.00000264247546511,0.00000156588396294,0.00000662526372253,2.70357617183e-7,4.71528693424e-7,4.87491774948e-7,0.00000107722678422,0.00000103035119992,3.81440457886e-7,1.40359219358e-7,1.56911212912e-7,8.8600600634e-8,6.45858051485e-8,3.1640460918e-8,1.26844907911e-8,1.32243158646e-8,7.14314918326e-9,3.54541329628e-9,5.07415054418e-10,6.99657562789e-12],"dvar2":[1.24083836539e-8,0.0000693135225447,0.0000381791651307,0.0000146486563608,0.000109025240818,0.000015919429643,0.00000602212821832,0.00000557797966394,0.00000317627473123,0.0000181656378118,5.64661775115e-7,0.00000116209355383,0.00000117884860629,0.00000283762824438,0.00000275685488305,9.63998445513e-7,3.52530804548e-7,3.92587139686e-7,2.09768913351e-7,1.47933604921e-7,7.07942078293e-8,2.89040631429e-8,3.28472467004e-8,1.74190475377e-8,9.17718168125e-9,1.35308875215e-9,1.92358455553e-11],"max":[0.00126024591736,0.0557753518224,0.0478980019689,0.0506419315934,0.084583029151,0.0477663651109,0.0494908802211,0.0459552370012,0.0312932729721,0.0976698845625,0.0266019385308,0.014661796391,0.0210927575827,0.017760194838,0.035032697022,0.013816411607,0.00709902634844,0.00620248820633,0.00664999615401,0.00759580451995,0.00505428668112,0.00200929143466,0.00389461708255,0.00183772889432,0.00124888587743,0.000303394976072,0.0000587628092035],"mean":[0.000119812066259,0.00272415601648,0.00317683210596,0.00211778492667,0.00404601404443,0.00232067564502,0.00129181239754,0.00103269645479,0.00106063333806,0.00119734962936,0.000365338288248,0.000796178297605,0.000562156317756,0.000929368950892,0.00055688759312,0.000423084158683,0.000330907118041,0.000448497652542,0.000306798930978,0.000204376890906,0.000103211910755,0.0000741524418117,0.0000678379583405,0.0000506103824591,0.0000251188248512,0.00000777822697273,6.47431363632e-7],"median":[0.000101705365523,0.00111738895066,0.00120653479826,0.00112494209316,0.00186721922364,0.000963368103839,0.000391222565668,0.000339443562552,0.000190750099136,0.000260027125478,0.000155679124873,0.00037550390698,0.000175200228114,0.00035807970562,0.000220908186748,0.000214344312553,0.000207688630326,0.000292480632197,0.000177076988621,0.000102143807453,0.0000357739518222,0.0000237350213865,0.000020451088858,0.0000155666730279,0.00000886038378667,0.00000139954477163,1.33643354161e-7],"min":[6.54111974822e-25,2.3013167031e-24,1.38808398756e-24,6.34820726512e-25,7.85500515537e-24,8.15925934018e-24,8.05893279912e-24,7.24964907392e-24,2.19822638785e-23,1.49702102429e-23,2.13352212314e-23,1.98811091917e-23,3.17922020411e-23,4.75798678194e-23,4.95315254761e-23,5.88157462211e-23,7.53704088357e-23,8.6014944481e-23,1.62640172271e-22,1.46686552246e-22,2.81470998346e-22,3.33217093041e-22,3.38258759884e-22,5.95600030374e-22,8.78021322121e-22,1.2279004449e-21,1.95693100887e-21],"var":[6.78134703946e-9,0.0000251115743595,0.0000204681509786,0.00000835979608382,0.0000422426201112,0.0000144063351399,0.0000080883201008,0.00000602587624599,0.00000569223357161,0.00001603322562,5.65668926811e-7,0.00000137288543556,0.0000012929259583,0.00000235755442191,0.00000147754133195,5.61177103009e-7,1.95394548541e-7,2.70556682835e-7,1.68814636936e-7,1.14123793082e-7,5.18523464166e-8,1.82890698142e-8,1.70510041642e-8,1.24181989136e-8,3.38489014595e-9,4.27873042552e-10,4.99071704102e-12]},"barkbands_crest":{"dmean":2.19206929207,"dmean2":3.53489971161,"dvar":4.810359478,"dvar2":12.4226741791,"max":23.8953552246,"mean":8.72998714447,"median":8.21644020081,"min":2.25904250145,"var":11.2056322098},"barkbands_flatness_db":{"dmean":0.017659926787,"dmean2":0.0264556184411,"dvar":0.000308032642351,"dvar2":0.000693555513863,"max":0.333012610674,"mean":0.126915231347,"median":0.118852369487,"min":0.0229559969157,"var":0.00209905370139},"barkbands_kurtosis":{"dmean":1.88186848164,"dmean2":2.98227477074,"dvar":7.4786696434,"dvar2":17.4868907928,"max":60.414478302,"mean":2.97093176842,"median":0.946520328522,"min":-1.82823681831,"var":35.2155990601},"barkbands_skewness":{"dmean":0.462457627058,"dmean2":0.701896250248,"dvar":0.231599390507,"dvar2":0.51541686058,"max":6.21759080887,"mean":1.30725812912,"median":1.25070214272,"min":-2.19319176674,"var":1.10323500633},"barkbands_spread":{"dmean":4.49158334732,"dmean2":6.95893192291,"dvar":25.4943675995,"dvar2":56.4075737,"max":126.153335571,"mean":21.6604499817,"median":21.1022968292,"min":1.94758760929,"var":101.181549072},"dissonance":{"dmean":0.0152689116076,"dmean2":0.0253947749734,"dvar":0.000204627780477,"dvar2":0.000544552982319,"max":0.499982297421,"mean":0.462378323078,"median":0.470669925213,"min":0.252211749554,"var":0.000927717715967},"dynamic_complexity":3.24141430855,"erbbands":{"dmean":[0.0426357425749,0.57701510191,2.07377743721,3.35180807114,4.88987016678,13.3328914642,9.26962947845,10.2344961166,10.3177833557,9.03651332855,13.231836319,10.4111204147,10.8933954239,23.0066947937,9.48551559448,15.9520587921,13.8089008331,28.4011478424,19.2152690887,12.7276344299,11.3452882767,8.51725387573,10.6158037186,8.70668888092,6.8826212883,5.31668376923,3.46116876602,1.83751308918,1.68426465988,1.44562780857,1.19686055183,0.77676898241,0.462128072977,0.264791429043,0.123301699758,0.0479596033692,0.0122726345435,0.00154264434241,0.00011664347403,0.0000143456136357],"dmean2":[0.0712882727385,0.943876922131,3.43996047974,5.3419008255,8.06800270081,22.5966854095,14.8973674774,16.4079818726,15.7125682831,13.2600069046,19.4698238373,15.1919841766,16.2651767731,36.2707901001,15.088766098,24.1621017456,21.8410930634,45.7464637756,30.839673996,20.1803245544,18.0763263702,13.6621856689,17.0955295563,13.7143554688,10.7600049973,8.04301166534,5.26274204254,2.77587819099,2.52279901505,2.19797515869,1.83077013493,1.2047727108,0.713585734367,0.417616456747,0.195903241634,0.0761833786964,0.020473016426,0.00259910593741,0.000197382702027,0.0000225166240853],"dvar":[0.0104394480586,1.90582430363,19.6268444061,28.2370643616,66.6314544678,1172.50256348,357.806121826,640.297607422,616.308227539,810.413574219,1386.88549805,801.431396484,954.911804199,9595.16113281,293.904388428,794.486206055,806.047180176,3427.90039062,3254.52514648,1015.82336426,838.625061035,389.510467529,388.503082275,259.812347412,211.429824829,182.390686035,93.7703933716,27.4044761658,16.7245941162,14.4402503967,10.5049114227,4.39626026154,1.638890028,0.61529392004,0.139011070132,0.0191566292197,0.0013841179898,0.0000252308855124,2.01138917078e-7,8.8574481083e-10],"dvar2":[0.0272303335369,4.89358043671,52.1097412109,75.12159729,171.349822998,3147.49511719,884.563659668,1572.53381348,1339.67919922,1792.20947266,2810.81518555,1542.40600586,2063.45336914,27089.7617188,741.693359375,1895.00610352,2013.66906738,9050.79003906,8626.34277344,2457.28295898,2085.21801758,952.898925781,986.668029785,626.815002441,476.563598633,417.915130615,216.197647095,62.4934539795,37.8318099976,35.0174713135,26.3804645538,10.7807741165,3.99400305748,1.56706440449,0.368206232786,0.0507104061544,0.00377751328051,0.0000693215915817,5.45589784906e-7,2.24677387806e-9],"max":[1.23918628693,15.055015564,52.0406608582,105.813774109,123.985092163,463.442993164,356.950744629,552.514099121,657.017883301,1080.46643066,1045.74475098,734.305847168,966.1484375,4283.66601562,292.725891113,637.680053711,478.320373535,986.869628906,2148.03637695,692.94354248,717.781433105,372.156463623,392.207092285,310.381958008,311.140045166,396.661712646,249.584457397,104.407814026,70.4700164795,124.435302734,97.4587860107,49.0313339233,27.7287082672,16.691827774,7.46833276749,2.6276884079,0.710731565952,0.101175956428,0.0103729590774,0.000813924532849],"mean":[0.0537251383066,0.735758900642,3.3390724659,6.09737920761,7.86955308914,16.9136142731,17.2665901184,18.3420143127,18.7710437775,18.2209606171,26.0939922333,23.5260658264,24.171503067,43.3686294556,20.6028308868,33.7639923096,27.6410274506,51.3135375977,34.7350883484,22.7407341003,21.0494194031,17.5980033875,22.0600681305,18.8665046692,14.3360805511,10.4534015656,6.35630178452,2.76635622978,2.66767883301,2.24378871918,1.96431624889,1.29706132412,0.703507661819,0.352663367987,0.143698483706,0.0504900217056,0.0112814446911,0.00145285087638,0.000124371959828,0.0000335204931616],"median":[0.0191132985055,0.348957806826,1.20358514786,4.05095386505,4.56887292862,6.11050653458,8.21535968781,5.64602279663,6.4957857132,4.31487083435,9.47920036316,5.06825399399,4.97024679184,10.2245492935,10.0122232437,17.2396602631,11.3769044876,18.583272934,13.1932506561,11.8677968979,11.2802829742,11.3156995773,15.0425291061,11.8908491135,8.04519271851,5.25132036209,2.39684462547,0.982881903648,0.83243137598,0.731705486774,0.566791772842,0.384666532278,0.220416158438,0.124008432031,0.0456628240645,0.0108789559454,0.00164771021809,0.000216965912841,0.0000348897374352,0.0000251692817983],"min":[7.74320747234e-23,3.62706455483e-22,2.32340271639e-21,6.16335747926e-21,1.63268246915e-20,2.95312235164e-20,5.21278365285e-20,9.73942228006e-20,1.13579549524e-19,1.10876517153e-19,2.46474128243e-19,5.22717659551e-19,4.26686643325e-19,7.75925296474e-19,8.1616954613e-19,9.62896962835e-19,1.85007898228e-18,2.25573848763e-18,2.33714381326e-18,2.6773036422e-18,4.57580143483e-18,4.65665544458e-18,3.72593663475e-18,6.84360311093e-18,7.69856996103e-18,8.17018450574e-18,1.01522647634e-17,1.13728946615e-17,1.01621297194e-17,1.1029302033e-17,9.27610761393e-18,1.12634867906e-17,9.70181859772e-18,7.59553882547e-18,6.64997501878e-18,4.17653417445e-18,2.3612224205e-18,9.97943985004e-19,2.56267714051e-19,2.82211794524e-20],"var":[0.00989063084126,1.77217948437,24.4396266937,46.723651886,101.686569214,1075.11315918,757.22064209,1411.16821289,1493.0793457,2080.94482422,3511.55493164,2935.02026367,3894.25854492,22494.9765625,806.338500977,2372.87792969,2127.23193359,8258.17382812,5518.18115234,1526.65014648,1232.97583008,552.897399902,607.612243652,513.837280273,433.682403564,313.058349609,174.173171997,34.8615188599,24.6973438263,18.2754554749,14.4820814133,7.85387468338,2.3553788662,0.632716298103,0.123533412814,0.0167374350131,0.00105676846579,0.0000189200582099,1.4945439375e-7,1.10410158793e-9]},"erbbands_crest":{"dmean":2.10120248795,"dmean2":3.3603053093,"dvar":4.37117099762,"dvar2":10.465171814,"max":27.8693065643,"mean":8.27924537659,"median":7.25151062012,"min":2.5832195282,"var":14.1455612183},"erbbands_flatness_db":{"dmean":0.0167494695634,"dmean2":0.0234853122383,"dvar":0.000260848348262,"dvar2":0.000530972960405,"max":0.288909167051,"mean":0.167474284768,"median":0.164991766214,"min":0.0519843287766,"var":0.00127513054758},"erbbands_kurtosis":{"dmean":0.622530996799,"dmean2":0.972319483757,"dvar":0.572957515717,"dvar2":1.36917567253,"max":28.1830787659,"mean":0.47141417861,"median":-0.12326169014,"min":-1.65743792057,"var":7.17773294449},"erbbands_skewness":{"dmean":0.283216804266,"dmean2":0.434577792883,"dvar":0.0773261934519,"dvar2":0.168387174606,"max":4.71241664886,"mean":0.0737048760056,"median":-0.0133685842156,"min":-3.37713456154,"var":0.715928375721},"erbbands_spread":{"dmean":6.43600893021,"dmean2":9.69236564636,"dvar":42.7744140625,"dvar2":96.0528106689,"max":143.318054199,"mean":35.2198867798,"median":34.965675354,"min":7.67114686966,"var":189.275787354},"gfcc":{"cov":[[20548.8027344,857.350646973,-2522.58959961,447.73840332,-1026.8927002,564.902648926,-617.464782715,136.465408325,-256.783599854,127.214744568,-203.063674927,-110.205024719,-62.54945755],[857.350646973,918.907409668,-207.42098999,-20.6566314697,186.327941895,-165.412689209,147.189727783,-12.7895812988,19.5390262604,-85.7533111572,77.8405609131,-78.9163970947,-6.60628700256],[-2522.58959961,-207.42098999,1023.60552979,64.8732147217,-38.4984436035,-4.12694311142,-28.490978241,-3.31188559532,30.5239543915,62.2333679199,-1.71248745918,58.9043464661,8.83733463287],[447.73840332,-20.6566314697,64.8732147217,262.447052002,69.7266082764,47.9952507019,-31.8832263947,15.195982933,-2.08079695702,11.7118225098,6.73245382309,11.1229305267,13.7476682663],[-1026.8927002,186.327941895,-38.4984436035,69.7266082764,418.472503662,-13.1980953217,142.626083374,33.1597518921,8.04498100281,-51.0601577759,34.2334289551,11.0289754868,-8.76773262024],[564.902648926,-165.412689209,-4.12694311142,47.9952507019,-13.1980953217,241.177124023,11.6965875626,60.3665771484,6.30656385422,22.1916790009,-19.3754062653,7.4502415657,8.71633148193],[-617.464782715,147.189727783,-28.490978241,-31.8832263947,142.626083374,11.6965875626,215.357666016,35.9782447815,25.3187866211,-15.7155017853,19.4169864655,-17.9537906647,-5.92204523087],[136.465408325,-12.7895812988,-3.31188559532,15.195982933,33.1597518921,60.3665771484,35.9782447815,118.18132019,22.579240799,13.2346820831,8.2318983078,-8.97951126099,2.90933942795],[-256.783599854,19.5390262604,30.5239543915,-2.08079695702,8.04498100281,6.30656385422,25.3187866211,22.579240799,99.1617126465,25.8363380432,12.4172611237,-4.12456226349,11.3153686523],[127.214744568,-85.7533111572,62.2333679199,11.7118225098,-51.0601577759,22.1916790009,-15.7155017853,13.2346820831,25.8363380432,86.004234314,12.8957214355,9.31543731689,9.4916267395],[-203.063674927,77.8405609131,-1.71248745918,6.73245382309,34.2334289551,-19.3754062653,19.4169864655,8.2318983078,12.4172611237,12.8957214355,79.169960022,9.22018623352,3.29216814041],[-110.205024719,-78.9163970947,58.9043464661,11.1229305267,11.0289754868,7.4502415657,-17.9537906647,-8.97951126099,-4.12456226349,9.31543731689,9.22018623352,85.8526687622,10.2824106216],[-62.54945755,-6.60628700256,8.83733463287,13.7476682663,-8.76773262024,8.71633148193,-5.92204523087,2.90933942795,11.3153686523,9.4916267395,3.29216814041,10.2824106216,74.1550292969]],"icov":[[0.000338615238434,-0.000955495401286,0.000850102689583,-0.000800462381449,0.000987828359939,-0.0009003598243,0.000749648490455,-0.000589966075495,0.000771868042648,-0.00131437368691,0.0012962584151,-0.000917048368137,0.000673292495776],[-0.000955495401286,0.00460071116686,-0.00218436075374,0.0020364576485,-0.00299957138486,0.00359535194002,-0.00295379478484,0.00182701961603,-0.00257298443466,0.00514631764963,-0.00529664382339,0.00403298530728,-0.00218831258826],[0.000850102689583,-0.00218436075374,0.00324617675506,-0.0023346922826,0.00256497622468,-0.00194553972688,0.00170012505259,-0.00145678175613,0.00163917872123,-0.00378814269789,0.00336797698401,-0.00288382428698,0.00177840807009],[-0.000800462381449,0.0020364576485,-0.0023346922826,0.00667694350705,-0.00383294583298,0.000948561239056,0.0000271479220828,0.00130730657838,-0.0014687088551,0.00219617993571,-0.00324307335541,0.00245100655593,-0.00232005445287],[0.000987828359939,-0.00299957138486,0.00256497622468,-0.00383294583298,0.0069234133698,-0.00218327646144,-0.00032491949969,-0.00242129876278,0.00211107986979,-0.00170760392211,0.00299063022248,-0.00410121819004,0.00244752992876],[-0.0009003598243,0.00359535194002,-0.00194553972688,0.000948561239056,-0.00218327646144,0.00835122447461,-0.00317333475687,-0.0010370130185,-0.0019313468365,0.00327528291382,-0.00249280687422,0.002222729614,-0.00215770094655],[0.000749648490455,-0.00295379478484,0.00170012505259,0.0000271479220828,-0.00032491949969,-0.00317333475687,0.00920774694532,-0.00229945941828,0.000695841154084,-0.00331068248488,0.00268546259031,-0.00101534486748,0.00166081241332],[-0.000589966075495,0.00182701961603,-0.00145678175613,0.00130730657838,-0.00242129876278,-0.0010370130185,-0.00229945941828,0.0119598107412,-0.00293286913075,0.00132661010139,-0.00341070024297,0.00315192574635,-0.00122877140529],[0.000771868042648,-0.00257298443466,0.00163917872123,-0.0014687088551,0.00211107986979,-0.0019313468365,0.000695841154084,-0.00293286913075,0.013883930631,-0.00675202254206,0.00250955414958,-0.00144099234603,-0.0000198847028514],[-0.00131437368691,0.00514631764963,-0.00378814269789,0.00219617993571,-0.00170760392211,0.00327528291382,-0.00331068248488,0.00132661010139,-0.00675202254206,0.0218899846077,-0.00925327930599,0.0034344047308,-0.00334619195201],[0.0012962584151,-0.00529664382339,0.00336797698401,-0.00324307335541,0.00299063022248,-0.00249280687422,0.00268546259031,-0.00341070024297,0.00250955414958,-0.00925327930599,0.021068809554,-0.00650604860857,0.00258449511603],[-0.000917048368137,0.00403298530728,-0.00288382428698,0.00245100655593,-0.00410121819004,0.002222729614,-0.00101534486748,0.00315192574635,-0.00144099234603,0.0034344047308,-0.00650604860857,0.016997827217,-0.00376368081197],[0.000673292495776,-0.00218831258826,0.00177840807009,-0.00232005445287,0.00244752992876,-0.00215770094655,0.00166081241332,-0.00122877140529,-0.0000198847028514,-0.00334619195201,0.00258449511603,-0.00376368081197,0.0156387258321]],"mean":[-25.2136554718,108.469436646,-129.916748047,34.7835197449,-47.7328948975,9.03673839569,-39.7755203247,2.99001312256,-28.204498291,-5.46786403656,-9.43929767609,-5.91231632233,-13.3028535843]},"hfc":{"dmean":5.53657484055,"dmean2":8.08794116974,"dvar":93.643157959,"dvar2":205.618057251,"max":149.815063477,"mean":17.2146434784,"median":12.1810626984,"min":1.09230635873e-16,"var":264.352172852},"melbands":{"dmean":[0.000497752916999,0.000963432947174,0.000583632674534,0.00065706850728,0.000374672788894,0.000224787334446,0.000156291091116,0.0000967349478742,0.00010651689081,0.0000676082854625,0.0000560789412702,0.0000986712620943,0.0000302598273265,0.0000448531100119,0.0000332491326844,0.0000415962313127,0.0000517531116202,0.0000305032626784,0.0000216088537854,0.000018370223188,0.0000134279298436,0.0000084549692474,0.0000133925141199,0.0000117963854791,0.00000693801257512,0.00000606369758316,0.00000386713190892,0.0000037706531657,0.00000250729431173,0.00000145516992234,0.00000101884188553,9.83523932518e-7,9.34414117637e-7,7.87186252182e-7,7.45343299968e-7,5.89409523855e-7,4.66028922119e-7,3.51993776349e-7,2.63040192294e-7,2.17725556695e-7],"dmean2":[0.000817388936412,0.00158021925017,0.000934771378525,0.00110043783206,0.000612619100139,0.000358312332537,0.000238324952079,0.000142287593917,0.000156237292686,0.0000993420544546,0.0000835449027363,0.000155968838953,0.0000483294752485,0.0000693556285114,0.0000513829800184,0.0000669173459755,0.0000833428057376,0.0000488077639602,0.0000347526365658,0.0000293386638077,0.0000215769723582,0.0000135539066832,0.0000220729034481,0.0000190045630006,0.0000110377677629,0.00000962169633567,0.0000059632857301,0.00000578539220442,0.00000386931606045,0.00000226009501603,0.0000015614464246,0.00000150811968069,0.00000141791667829,0.00000122261963043,0.00000114687634323,9.21155105971e-7,7.28948691631e-7,5.4844610986e-7,4.16017343241e-7,3.47878511775e-7],"dvar":[0.00000143214731452,0.00000447567481388,8.53072208429e-7,0.00000205032733902,7.04413650965e-7,2.84510861093e-7,1.35249663913e-7,9.39595565796e-8,8.10376619143e-8,3.28248965786e-8,2.54316780968e-8,1.830911458e-7,3.7003540232e-9,6.01121552535e-9,4.5393475645e-9,7.53050244384e-9,1.12256364204e-8,7.5098682828e-9,3.24096305349e-9,2.27314167489e-9,1.15855125493e-9,5.03686148345e-10,4.51835846516e-10,5.06980568638e-10,1.7291783283e-10,1.796555682e-10,6.24055598863e-11,1.00337925468e-10,4.29763481746e-11,2.22640031411e-11,8.62540160823e-12,6.35732438914e-12,4.7581630476e-12,4.8563219418e-12,4.5146252188e-12,2.27168847969e-12,1.66551765868e-12,9.31346796559e-13,6.14659473493e-13,4.17648663049e-13],"dvar2":[0.00000366124618267,0.0000117291492643,0.00000227305167755,0.00000546490127817,0.00000180669462679,7.03474711372e-7,2.86763139457e-7,2.09834652765e-7,1.60332646715e-7,6.5473216182e-8,5.44886660236e-8,5.14143948749e-7,8.70989946833e-9,1.47024428188e-8,1.16610223699e-8,1.9398173734e-8,2.94932007705e-8,1.96422931253e-8,8.44223535523e-9,5.7374540674e-9,2.91790480667e-9,1.25738597312e-9,1.18604503996e-9,1.26488508556e-9,4.19938694929e-10,4.07573086392e-10,1.4070503096e-10,2.37886793597e-10,1.01326044777e-10,5.02594493801e-11,2.04254408526e-11,1.4787631189e-11,1.08691337181e-11,1.21182942153e-11,1.15815291385e-11,5.54922340718e-12,4.13596847743e-12,2.27229845183e-12,1.54519366052e-12,1.08029644258e-12],"max":[0.0127972438931,0.02458614856,0.0170201100409,0.0193740278482,0.0115827126428,0.0111761204898,0.00969027820975,0.0125329243019,0.00755347963423,0.00488285720348,0.0047863102518,0.0181092023849,0.00178127584513,0.00164942455012,0.00171934848186,0.00218242336996,0.00173671031371,0.00315637839958,0.00150719028898,0.000930113601498,0.000859807594679,0.00041265875916,0.000429510808317,0.000456918525742,0.000270261371043,0.000299990089843,0.000175490917172,0.000322716019582,0.000174247121322,0.000186243225471,0.0000654164250591,0.000051946430176,0.0000438346178271,0.0000810384954093,0.0000749114624341,0.0000267584509857,0.0000354183612217,0.0000220025594899,0.000022483540306,0.0000144075056596],"mean":[0.00062870507827,0.00149636901915,0.00105943542439,0.0009163194336,0.000625415530521,0.000408479827456,0.000292949640425,0.000190655293409,0.000210659767617,0.00014679308515,0.000119552962133,0.000182355841389,0.0000589506671531,0.0000913365074666,0.00006535447028,0.0000748161619413,0.0000923771876842,0.0000530432444066,0.000035423454392,0.0000303019132843,0.0000235266834352,0.0000155919296958,0.000023701128157,0.0000208931287489,0.000014416707927,0.0000121183884403,0.00000746835075915,0.0000069075713327,0.00000458869089925,0.00000213473026633,0.00000139813585065,0.00000151125288994,0.00000143866498092,0.00000114791669148,0.00000118359218959,9.36445985644e-7,7.51811569444e-7,5.31468629106e-7,3.48250068782e-7,2.78867418047e-7],"median":[0.0002511870116,0.000625450338703,0.000747450510971,0.000407857034588,0.000293799908832,0.000138814299135,0.0000998968680506,0.0000449104627478,0.0000711337197572,0.0000263381898549,0.0000224653522309,0.000039762857341,0.0000264215377683,0.000043629323045,0.0000287690836558,0.000028542281143,0.0000326239132846,0.0000176736830326,0.0000161406642292,0.0000142285425682,0.000012339877685,0.00000877936417965,0.0000157411122927,0.000012009427337,0.00000856949554873,0.00000651054915579,0.00000409808535551,0.00000291906781058,0.00000159825481205,6.83162909354e-7,4.71984634487e-7,4.40274305902e-7,4.60200027419e-7,3.54808719294e-7,3.25564030845e-7,2.69226291039e-7,2.16147569176e-7,1.57369996145e-7,1.16598272371e-7,9.56827719278e-8],"min":[8.07280610143e-25,9.12434979948e-25,1.8010585879e-24,1.88808730069e-24,2.41085753397e-24,2.06433263198e-24,1.61957295222e-24,1.00166579795e-24,1.47667356026e-24,3.03300392814e-24,1.87368132005e-24,1.61650073343e-24,2.55861690076e-24,2.01778589427e-24,1.78992638002e-24,2.91707273229e-24,2.54796432031e-24,2.47906008125e-24,3.93068563144e-24,2.97863464848e-24,4.35434377502e-24,4.18273536813e-24,2.91350944758e-24,3.10523716022e-24,4.63254937831e-24,5.05465938236e-24,4.72244757264e-24,5.23188645105e-24,4.52716032238e-24,6.03179456439e-24,5.53594302621e-24,5.02156824511e-24,4.41591831297e-24,5.60780628252e-24,4.45098554679e-24,6.27123672609e-24,5.93696993371e-24,6.37319187049e-24,6.65874334653e-24,5.12474454619e-24],"var":[0.00000131475462695,0.00000502966713611,0.00000133504227051,0.00000213291036744,0.00000100879560705,6.18295985078e-7,3.61613416544e-7,2.21118696686e-7,2.15871210685e-7,1.16582555165e-7,1.01568794264e-7,4.28799751262e-7,9.03334651525e-9,1.66321658668e-8,1.17310818837e-8,1.82964932094e-8,2.70131970126e-8,1.32337296677e-8,4.38332969921e-9,3.54381635148e-9,1.6123103963e-9,6.43382458421e-10,6.96811275347e-10,8.15561063128e-10,3.39706485164e-10,3.57933793715e-10,1.21839108247e-10,1.61549718047e-10,9.39374203424e-11,2.7171395342e-11,1.0186665747e-11,9.22798556319e-12,7.10618109495e-12,5.50432442681e-12,6.17587318091e-12,3.39054305465e-12,3.24311302639e-12,1.42904243126e-12,6.4572468466e-13,4.13266832864e-13]},"melbands_crest":{"dmean":3.00510549545,"dmean2":4.86991119385,"dvar":8.01043987274,"dvar2":20.94880867,"max":31.3245639801,"mean":13.6097583771,"median":12.9937353134,"min":1.43354582787,"var":27.3355579376},"melbands_flatness_db":{"dmean":0.0234004333615,"dmean2":0.0346694588661,"dvar":0.000584015331697,"dvar2":0.00125488068443,"max":0.441962987185,"mean":0.195870295167,"median":0.188569515944,"min":0.000477927940665,"var":0.00420400639996},"melbands_kurtosis":{"dmean":4.84349250793,"dmean2":7.64358329773,"dvar":49.6850700378,"dvar2":119.484085083,"max":235.820343018,"mean":10.4418354034,"median":6.1564207077,"min":-1.72183549404,"var":268.72756958},"melbands_skewness":{"dmean":0.631694614887,"dmean2":0.955897450447,"dvar":0.454451322556,"dvar2":1.02182281017,"max":11.4268445969,"mean":2.37160396576,"median":2.31456685066,"min":-0.641133189201,"var":1.9097430706},"melbands_spread":{"dmean":6.55042362213,"dmean2":10.0715608597,"dvar":66.0886077881,"dvar2":143.723724365,"max":163.538192749,"mean":25.4707927704,"median":22.1160259247,"min":1.15805017948,"var":336.455535889},"mfcc":{"cov":[[8999.59179688,150.709854126,-364.246856689,-263.740447998,-185.943405151,114.884254456,-154.855758667,-51.4407501221,-30.111289978,176.792526245,-18.5600395203,-19.6280460358,-178.324615479],[150.709854126,1072.31066895,-257.026428223,176.491241455,4.66096544266,-58.4712295532,103.063232422,62.5986557007,-32.7142105103,19.801076889,51.0153656006,-25.1337909698,18.4069080353],[-364.246856689,-257.026428223,796.856079102,-17.8542232513,2.6640560627,7.86489295959,-84.2621994019,-96.2579803467,27.2240905762,-36.5732421875,-23.159444809,72.0332794189,-1.76339769363],[-263.740447998,176.491241455,-17.8542232513,290.235229492,105.3490448,13.5702342987,41.0063781738,12.4761209488,-8.02837944031,-18.4409275055,-7.67389678955,-2.66723704338,50.3755111694],[-185.943405151,4.66096544266,2.6640560627,105.3490448,219.117095947,38.0085983276,34.3381195068,41.8743476868,7.67346954346,-5.42108488083,-5.11962366104,-6.23621320724,37.1786422729],[114.884254456,-58.4712295532,7.86489295959,13.5702342987,38.0085983276,139.099899292,36.8086357117,33.9343261719,21.1755199432,3.28526091576,2.78896999359,-1.18179166317,0.636677086353],[-154.855758667,103.063232422,-84.2621994019,41.0063781738,34.3381195068,36.8086357117,162.170639038,71.0344772339,18.6671619415,28.6947250366,21.1736087799,-5.68252372742,10.9592761993],[-51.4407501221,62.5986557007,-96.2579803467,12.4761209488,41.8743476868,33.9343261719,71.0344772339,135.334411621,24.7987518311,18.1391143799,26.9130325317,-15.4692630768,7.95446681976],[-30.111289978,-32.7142105103,27.2240905762,-8.02837944031,7.67346954346,21.1755199432,18.6671619415,24.7987518311,102.962356567,35.5358428955,-3.35599803925,8.50096321106,-1.88989019394],[176.792526245,19.801076889,-36.5732421875,-18.4409275055,-5.42108488083,3.28526091576,28.6947250366,18.1391143799,35.5358428955,97.9048538208,25.7385082245,6.62780332565,-3.64390730858],[-18.5600395203,51.0153656006,-23.159444809,-7.67389678955,-5.11962366104,2.78896999359,21.1736087799,26.9130325317,-3.35599803925,25.7385082245,81.3634414673,11.2763586044,0.639780580997],[-19.6280460358,-25.1337909698,72.0332794189,-2.66723704338,-6.23621320724,-1.18179166317,-5.68252372742,-15.4692630768,8.50096321106,6.62780332565,11.2763586044,71.4389953613,13.766450882],[-178.324615479,18.4069080353,-1.76339769363,50.3755111694,37.1786422729,0.636677086353,10.9592761993,7.95446681976,-1.88989019394,-3.64390730858,0.639780580997,13.766450882,76.0780487061]],"icov":[[0.000136439935886,-0.0000534790742677,0.0000664880353725,0.000072083552368,0.0000321523148159,-0.000236347535974,0.000225079857046,0.000010929344171,0.000146327656694,-0.000336049066391,0.000160469760885,-0.0000844651949592,0.000240733876126],[-0.0000534790742677,0.00129753502551,0.000231841026107,-0.000907445850316,0.000338347570505,0.000778804998845,-0.000613056879956,-0.00025290841586,0.000198250869289,0.0000577939572395,-0.000641619088128,0.000167523437995,0.0000926213906496],[0.0000664880353725,0.000231841026107,0.00169127178378,-0.0000550678305444,-0.000212976272451,-0.000250472658081,0.000428392551839,0.00090269051725,-0.000641542428639,0.000519948895089,-0.0000635144242551,-0.00143881305121,0.000395356648369],[0.000072083552368,-0.000907445850316,-0.0000550678305444,0.00531699880958,-0.002078773221,-0.000469470658572,-0.000650011759717,0.000948385510128,0.0000295566951536,0.000694454764016,0.000587028625887,0.000166996702319,-0.00212031742558],[0.0000321523148159,0.000338347570505,-0.000212976272451,-0.002078773221,0.00641174893826,-0.000998677453026,-0.0000553005593247,-0.00174939364661,0.000165441582794,-0.000182837058674,0.000555523496587,0.00066181528382,-0.00169816717971],[-0.000236347535974,0.000778804998845,-0.000250472658081,-0.000469470658572,-0.000998677453026,0.00908429827541,-0.00201865774579,-0.00131727883127,-0.0013325951295,0.00119136099238,-0.000521654670592,0.000112532165076,0.000411163026001],[0.000225079857046,-0.000613056879956,0.000428392551839,-0.000650011759717,-0.0000553005593247,-0.00201865774579,0.00954326242208,-0.00353062385693,0.0000964478240348,-0.00233491463587,0.0000548949174117,-0.00048265804071,0.000132015862619],[0.000010929344171,-0.00025290841586,0.00090269051725,0.000948385510128,-0.00174939364661,-0.00131727883127,-0.00353062385693,0.0121217845008,-0.00276476680301,0.000998663017526,-0.00336705334485,0.00212894682772,-0.000790895603132],[0.000146327656694,0.000198250869289,-0.000641542428639,0.0000295566951536,0.000165441582794,-0.0013325951295,0.0000964478240348,-0.00276476680301,0.013011245057,-0.00541329570115,0.00312995514832,-0.00153124285862,0.000780760950875],[-0.000336049066391,0.0000577939572395,0.000519948895089,0.000694454764016,-0.000182837058674,0.00119136099238,-0.00233491463587,0.000998663017526,-0.00541329570115,0.0147549137473,-0.00449331197888,-0.000505974981934,-0.000236556908931],[0.000160469760885,-0.000641619088128,-0.0000635144242551,0.000587028625887,0.000555523496587,-0.000521654670592,0.0000548949174117,-0.00336705334485,0.00312995514832,-0.00449331197888,0.0159304961562,-0.0033575205598,0.000554342055693],[-0.0000844651949592,0.000167523437995,-0.00143881305121,0.000166996702319,0.00066181528382,0.000112532165076,-0.00048265804071,0.00212894682772,-0.00153124285862,-0.000505974981934,-0.0033575205598,0.0175150763243,-0.00406329613179],[0.000240733876126,0.0000926213906496,0.000395356648369,-0.00212031742558,-0.00169816717971,0.000411163026001,0.000132015862619,-0.000790895603132,0.000780760950875,-0.000236556908931,0.000554342055693,-0.00406329613179,0.016728181392]],"mean":[-653.860351562,132.601821899,-16.9467086792,25.8545265198,10.287607193,3.67100119591,3.43486738205,3.10576963425,-11.7312908173,0.35427454114,-2.12994647026,-2.67111253738,-2.487003088]},"pitch_salience":{"dmean":0.0613290369511,"dmean2":0.0986783877015,"dvar":0.00325868092477,"dvar2":0.00834137853235,"max":0.990212440491,"mean":0.574669599533,"median":0.576949715614,"min":0.231944873929,"var":0.00934875104576},"silence_rate_20dB":{"dmean":0,"dmean2":0,"dvar":0,"dvar2":0,"max":1,"mean":1,"median":1,"min":1,"var":0},"silence_rate_30dB":{"dmean":0.00182565033901,"dmean2":0.00365171744488,"dvar":0.0018220320344,"dvar2":0.00455052824691,"max":1,"mean":0.998060464859,"median":1,"min":0,"var":0.0019358106656},"silence_rate_60dB":{"dmean":0.0148334093392,"dmean2":0.0296702049673,"dvar":0.0146141014993,"dvar2":0.0340423099697,"max":1,"mean":0.059669137001,"median":0,"min":0,"var":0.0561053939164},"spectral_centroid":{"dmean":230.002349854,"dmean2":355.128051758,"dvar":74653.8828125,"dvar2":153851.765625,"max":11730.4345703,"mean":1443.90209961,"median":1321.67150879,"min":189.195785522,"var":1192343.125},"spectral_complexity":{"dmean":3.22729349136,"dmean2":4.75750303268,"dvar":13.1185674667,"dvar2":23.7265453339,"max":65,"mean":19.5365657806,"median":19,"min":0,"var":68.6555023193},"spectral_contrast_coeffs":{"dmean":[0.0509071163833,0.0434971340001,0.0355736389756,0.0322395078838,0.0255496203899,0.0173628907651],"dmean2":[0.0828237012029,0.0698121637106,0.0569417662919,0.0513552464545,0.0402130484581,0.0277539063245],"dvar":[0.00196836772375,0.00139307498466,0.000881210027728,0.000731032574549,0.000474146218039,0.000273371348158],"dvar2":[0.00485557829961,0.00343382568099,0.00215078284964,0.00175942643546,0.00110662879888,0.000679800228681],"max":[-0.295458227396,-0.411114543676,-0.462827205658,-0.53919249773,-0.562476098537,-0.663734793663],"mean":[-0.603200078011,-0.702726602554,-0.755575120449,-0.74579012394,-0.747183978558,-0.77876919508],"median":[-0.609885156155,-0.705236196518,-0.762403070927,-0.744998216629,-0.745978653431,-0.775481402874],"min":[-0.981314361095,-0.989315450191,-0.993225634098,-0.981481075287,-0.981750071049,-0.964746296406],"var":[0.00808564200997,0.0062010968104,0.00470529217273,0.00412220880389,0.00312313158065,0.00152359565254]},"spectral_contrast_valleys":{"dmean":[0.467569202185,0.388557881117,0.324964106083,0.317557990551,0.293154776096,0.392611712217],"dmean2":[0.723077952862,0.616477489471,0.510690152645,0.484623223543,0.415080815554,0.510118424892],"dvar":[0.19073022902,0.137326464057,0.0972921028733,0.107195779681,0.0987907648087,0.201534450054],"dvar2":[0.392013072968,0.300750881433,0.207087218761,0.205815136433,0.177174896002,0.378162920475],"max":[-5.18738937378,-4.66180706024,-5.22912931442,-5.14794445038,-5.26625108719,-7.89333248138],"mean":[-7.65625,-7.21747970581,-7.62721776962,-8.0056476593,-7.97908067703,-10.7226066589],"median":[-7.26074790955,-6.90714359283,-7.38025808334,-7.7440032959,-7.69956493378,-10.3960733414],"min":[-28.165348053,-27.8453845978,-27.5992984772,-27.6564941406,-27.5051498413,-27.4657382965],"var":[4.91993951797,4.94030284882,4.68651723862,4.68443489075,4.49593067169,3.79008030891]},"spectral_decrease":{"dmean":2.29639196547e-9,"dmean2":3.54595419694e-9,"dvar":1.17513115937e-17,"dvar2":2.86517265477e-17,"max":2.21525686288e-28,"mean":-6.03546901345e-9,"median":-4.86422901957e-9,"min":-3.84269398523e-8,"var":2.40307763542e-17},"spectral_energy":{"dmean":0.00908712204546,"dmean2":0.0139710307121,"dvar":0.000180986331543,"dvar2":0.000438411720097,"max":0.154548466206,"mean":0.0243405904621,"median":0.0196035224944,"min":1.02046864946e-20,"var":0.000385319959605},"spectral_energyband_high":{"dmean":0.000238075779635,"dmean2":0.000349517096765,"dvar":3.24858717704e-7,"dvar2":7.42854979308e-7,"max":0.0100715365261,"mean":0.000444069853984,"median":0.000187970785191,"min":7.11670090668e-21,"var":5.21616868809e-7},"spectral_energyband_low":{"dmean":0.00421142904088,"dmean2":0.00669892132282,"dvar":0.0000699579977663,"dvar2":0.000175704699359,"max":0.0912155210972,"mean":0.00726661272347,"median":0.00454429443926,"min":1.24392746686e-23,"var":0.0000812340222183},"spectral_energyband_middle_high":{"dmean":0.00193465524353,"dmean2":0.00293001392856,"dvar":0.0000154896515596,"dvar2":0.0000368448891095,"max":0.124478682876,"mean":0.0059198141098,"median":0.00348029425368,"min":1.09582649963e-21,"var":0.0000629783025943},"spectral_energyband_middle_low":{"dmean":0.00509075727314,"dmean2":0.0080839227885,"dvar":0.0000783502546255,"dvar2":0.000196290129679,"max":0.118505254388,"mean":0.0120368702337,"median":0.00829888693988,"min":1.86377918298e-22,"var":0.000143813580507},"spectral_entropy":{"dmean":0.146859586239,"dmean2":0.212405055761,"dvar":0.0225239247084,"dvar2":0.0462379194796,"max":9.82022190094,"mean":7.39719295502,"median":7.41987276077,"min":5.56691980362,"var":0.208070337772},"spectral_flux":{"dmean":0.0260757934302,"dmean2":0.0399242378771,"dvar":0.000978502561338,"dvar2":0.00202706665732,"max":0.31874859333,"mean":0.0735516995192,"median":0.061796400696,"min":6.14756509587e-11,"var":0.00222642137669},"spectral_kurtosis":{"dmean":1.77664911747,"dmean2":3.02296710014,"dvar":3.94628405571,"dvar2":11.4537658691,"max":29.6006126404,"mean":5.22273492813,"median":4.6157579422,"min":-1.28393054008,"var":7.79213953018},"spectral_rms":{"dmean":0.000826515024528,"dmean2":0.00121682928875,"dvar":0.00000106729612526,"dvar2":0.00000240418830799,"max":0.0122792096809,"mean":0.00447136070579,"median":0.00437325844541,"min":3.15527985684e-12,"var":0.00000375387912754},"spectral_rolloff":{"dmean":383.139221191,"dmean2":626.079956055,"dvar":297604.09375,"dvar2":634775.875,"max":19358.3496094,"mean":1552.16552734,"median":1399.65820312,"min":107.666015625,"var":3749308},"spectral_skewness":{"dmean":0.206919625401,"dmean2":0.34093812108,"dvar":0.0395816527307,"dvar2":0.107733987272,"max":4.00782012939,"mean":1.56468296051,"median":1.54209852219,"min":-0.069223895669,"var":0.162376880646},"spectral_spread":{"dmean":457336.09375,"dmean2":679679.8125,"dvar":474855571456,"dvar2":993678327808,"max":44198036,"mean":4137849.25,"median":3675877.75,"min":1767108.875,"var":13889557233700},"spectral_strongpeak":{"dmean":0.46196141839,"dmean2":0.790842890739,"dvar":0.598716318607,"dvar2":1.52160274982,"max":10.6968641281,"mean":0.867676198483,"median":0.460819542408,"min":0,"var":1.18190205097},"zerocrossingrate":{"dmean":0.00750334048644,"dmean2":0.00910594686866,"dvar":0.0000806563257356,"dvar2":0.000125420963741,"max":0.52880859375,"mean":0.0573920160532,"median":0.05224609375,"min":0.0078125,"var":0.00241388194263}},"metadata":{"audio_properties":{"analysis_sample_rate":44100,"bit_rate":320000,"codec":"mp3","downmix":"mix","equal_loudness":0,"length":203.493881226,"lossless":false,"md5_encoded":"8ef3a788281c7fe5b6ca25f24ccf8aa2","replay_gain":-7.01633644104,"sample_rate":44100},"tags":{"album":["The Byrds Box Set - Full Throttle"],"albumartist":["Byrds"],"artist":["The Byrds"],"asin":["B000002AGG"],"bpm":["93"],"composer":["Traditional, arr. R. McGuinn"],"date":["1990"],"discnumber":["3"],"file_name":"3-08 Old Blue 1.mp3","genre":["Classic Rock"],"initialkey":["D"],"language":["eng"],"musicbrainz_albumid":["2feee1f7-d451-4559-9940-90ea4b5bacc9"],"musicbrainz_artistid":["2819834e-4e08-47b0-a2c4-b7672318e8f0"],"musicbrainz_recordingid":["3086be05-0d7f-435e-bc0a-8fd2b0e9acf0"],"title":["Old Blue"],"tracknumber":["08"]},"version":{"essentia":"2.1-beta2","essentia_build_sha":"cead25079874084f62182a551b7393616cd33d87","essentia_git_sha":"v2.1_beta2-1-ge3940c0","extractor":"music 1.0"}},"rhythm":{"beats_count":313,"beats_loudness":{"dmean":0.0145339276642,"dmean2":0.0247872769833,"dvar":0.000159124814672,"dvar2":0.0004464071244,"max":0.116736955941,"mean":0.029869267717,"median":0.0282653905451,"min":0,"var":0.000305031164316},"beats_loudness_band_ratio":{"dmean":[0.175359085202,0.189877793193,0.0973974987864,0.0926961749792,0.0800508484244,0.0380663760006],"dmean2":[0.306103020906,0.3220038414,0.170644968748,0.161435231566,0.140741735697,0.0670567303896],"dvar":[0.0238510333002,0.019854420796,0.0123213818297,0.00859238114208,0.00592451030388,0.00183381314855],"dvar2":[0.0698381140828,0.0568342618644,0.0342596881092,0.021941345185,0.0165424011648,0.00524387368932],"max":[0.975781559944,0.779810130596,0.652676999569,0.63310700655,0.527467012405,0.273459106684],"mean":[0.276782721281,0.320798069239,0.137479111552,0.134427636862,0.108627744019,0.0573439449072],"median":[0.2124