{"lowlevel":{"average_loudness":0.911577045918,"barkbands":{"dmean":[0.0038620706182,0.00601365976036,0.00117002846673,0.000715185538866,0.000977667514235,0.00124483602121,0.00120757741388,0.000540075008757,0.000684096594341,0.000860307540279,0.000913048104849,0.00149242777843,0.00132881116588,0.000884273322299,0.000421119504608,0.000280921085505,0.000221167865675,0.000167958962265,0.000162232448929,0.000122195706354,0.000103999300336,0.0000634767420706,0.0000336928496836,0.000012295164197,0.00000233577611652,0.0000165553501574,0.000407971121604],"dmean2":[0.00607495196164,0.0100235585123,0.00203176960349,0.00121834257152,0.0016010098625,0.00198868871666,0.00190964282956,0.000889386923518,0.00110279361252,0.00140013557393,0.00148498616181,0.00243113283068,0.00217973557301,0.0014693683479,0.000696803967003,0.000463207135908,0.000365774380043,0.000265999027761,0.000245169794653,0.000185591052286,0.000147545128129,0.0000910678136279,0.0000480300768686,0.0000176347784873,0.00000383521000913,0.0000233022365137,0.000634145573713],"dvar":[0.0000752499472583,0.0000982841884252,0.00000447708407592,0.00000112093994176,0.00000359579871656,0.00000654633595332,0.00000463212836621,0.00000157602050876,0.00000193407845472,0.00000284749057755,0.00000379790071747,0.0000087871476353,0.00000508558423462,0.00000207481662073,5.29261171778e-7,2.03022750611e-7,1.25031206721e-7,1.31154678229e-7,2.38018671439e-7,1.52091288896e-7,1.20937443171e-7,2.08126937906e-8,7.20870119153e-9,1.33026856197e-9,1.48689810464e-11,1.38480160672e-9,2.69357087745e-7],"dvar2":[0.000168372367625,0.000257488718489,0.0000130953612825,0.00000293963080367,0.00000944292150962,0.0000145958092617,0.0000106589659481,0.0000039525784814,0.00000472826241094,0.00000687077408656,0.00000918369187275,0.0000211424867302,0.0000127834828163,0.00000527488509761,0.00000133171306516,5.39592974746e-7,3.09475126414e-7,3.01463813912e-7,4.83167298171e-7,3.16743694384e-7,2.1687952767e-7,3.95823427368e-8,1.45186946909e-8,2.47975306955e-9,3.56508919608e-11,2.79679612802e-9,6.57681141547e-7],"max":[0.140038028359,0.146194666624,0.0293841063976,0.0359829366207,0.0575702339411,0.0820959359407,0.064797706902,0.0495586059988,0.0381225086749,0.0471225976944,0.0614483579993,0.134358659387,0.0516078621149,0.0397838242352,0.0428833477199,0.0118709560484,0.0148689504713,0.0116451336071,0.022640671581,0.0149789666757,0.0161904785782,0.00555665185675,0.00381932943128,0.00173025450204,0.0000965213039308,0.00114047375973,0.0123916249722],"mean":[0.0048961751163,0.00768163660541,0.0013312707888,0.000991258770227,0.00152839976363,0.00192895077635,0.00218139379285,0.000757147732656,0.00111528823618,0.00139443599619,0.00144592172001,0.0027050008066,0.00242314115167,0.00169098586775,0.00080385315232,0.000562779954635,0.000475404027384,0.000338531390298,0.000327982852468,0.000244458875386,0.000220337169594,0.000127835897729,0.0000606181456533,0.0000201774164452,0.00000262282719632,0.0000314165263262,0.00149223627523],"median":[0.00189401581883,0.00436824280769,0.000673194241244,0.00047433222062,0.000780655420385,0.000932570255827,0.000972334004473,0.000335690099746,0.000471008708701,0.000609432987403,0.000603572523687,0.00127315078862,0.00129837926943,0.000954704592004,0.000542050285731,0.00039905612357,0.000342673476553,0.000183331067092,0.000159244038514,0.000119544522022,0.0000987324383459,0.0000623735613772,0.0000201839229703,0.00000476516561321,0.00000107856203613,0.0000114049616968,0.00125358917285],"min":[5.22117450882e-25,3.62350635039e-24,3.44127238153e-24,4.35156284311e-25,5.22981884662e-24,9.88949320715e-24,4.65454518693e-24,6.81971751399e-24,7.89208477336e-24,1.5502787595e-23,1.79555312764e-23,1.13094633469e-23,2.03691521902e-23,2.26664397862e-23,3.43780028915e-23,5.67696429813e-23,4.95299445988e-23,9.12853431215e-23,7.98812985075e-23,1.60184454583e-22,2.63145873114e-22,3.15475346226e-22,3.7933077136e-22,6.02337836516e-22,8.91369605944e-22,1.36780625173e-21,1.98291166947e-21],"var":[0.0000905911365408,0.000109082393465,0.00000437912285634,0.00000257765464085,0.0000070854198384,0.0000116217624964,0.0000163636323123,0.00000224559744311,0.00000408214418712,0.00000565060645386,0.0000074750200838,0.0000248549658863,0.0000119709493447,0.00000510456720804,9.82910137282e-7,4.15589056502e-7,3.30378185254e-7,2.84723569166e-7,5.21640060924e-7,3.27765519614e-7,3.15320988875e-7,5.24512095978e-8,1.75290129079e-8,3.4137290772e-9,1.9463430867e-11,3.52125395509e-9,0.00000167064479228]},"barkbands_crest":{"dmean":2.5788667202,"dmean2":4.24791908264,"dvar":5.11674880981,"dvar2":13.0969743729,"max":26.8649768829,"mean":8.30100631714,"median":7.39422416687,"min":2.25868797302,"var":13.9609642029},"barkbands_flatness_db":{"dmean":0.0207320451736,"dmean2":0.0323667898774,"dvar":0.000411333370721,"dvar2":0.00096249015769,"max":0.492741763592,"mean":0.110189430416,"median":0.103339500725,"min":0.018279755488,"var":0.00179793359712},"barkbands_kurtosis":{"dmean":2.8075466156,"dmean2":4.52044534683,"dvar":86.9912185669,"dvar2":206.673522949,"max":566.387268066,"mean":4.04363679886,"median":1.32720804214,"min":-1.80382204056,"var":182.02406311},"barkbands_skewness":{"dmean":0.498451471329,"dmean2":0.779584467411,"dvar":0.396111696959,"dvar2":0.90384721756,"max":23.6207485199,"mean":1.40468418598,"median":1.10273325443,"min":-2.1095688343,"var":1.55458426476},"barkbands_spread":{"dmean":7.93040323257,"dmean2":12.4123344421,"dvar":59.2339706421,"dvar2":136.57119751,"max":121.576576233,"mean":37.6497535706,"median":36.3523101807,"min":0.445602536201,"var":272.663604736},"dissonance":{"dmean":0.0151300355792,"dmean2":0.0259888507426,"dvar":0.000249931792496,"dvar2":0.00069748464739,"max":0.500000119209,"mean":0.477030217648,"median":0.48257407546,"min":0.273218661547,"var":0.00040439752047},"dynamic_complexity":3.14893865585,"erbbands":{"dmean":[0.33019310236,0.868711352348,1.33664166927,1.81042909622,2.19747400284,3.53284049034,6.90871477127,11.8568286896,19.5006732941,11.6631698608,12.844376564,14.4411334991,24.4994621277,21.8771743774,44.5422592163,53.4301528931,57.3300209045,35.2513961792,34.4588088989,17.3782215118,13.4510450363,11.8716545105,9.11232948303,8.06013679504,7.66107416153,5.81790447235,4.89167737961,3.69350719452,2.41335487366,1.50292110443,0.872168183327,0.41865465045,0.126340925694,0.0324745476246,0.0153549425304,0.0210032742471,0.0352638550103,0.044822819531,0.0227636825293,0.00855089537799],"dmean2":[0.544924914837,1.48243689537,2.32021689415,3.10402345657,3.68709754944,5.85259485245,11.2389440536,18.9604911804,30.3735122681,19.3137893677,20.8593559265,23.2945156097,39.702091217,35.6852722168,72.3961868286,86.7150115967,93.5611114502,57.9579582214,57.2259597778,28.4790992737,22.2345180511,19.5501213074,14.4639883041,12.4063882828,11.4782953262,8.78953647614,7.04087352753,5.3040471077,3.45833778381,2.16289949417,1.23527157307,0.590199768543,0.185639545321,0.0516900345683,0.0252348314971,0.0313741564751,0.0485893338919,0.0630246400833,0.0318076349795,0.0133432652801],"dvar":[0.394559532404,1.56094777584,4.81911706924,7.15075731277,13.5597305298,52.5266571045,231.466918945,690.872741699,1408.61315918,469.911956787,953.789733887,943.570373535,2640.00537109,1543.93664551,8285.82910156,10428.4003906,9999.20117188,3136.10693359,3154.46972656,771.909423828,492.515472412,366.900756836,376.275665283,429.077911377,630.637329102,357.761077881,355.919891357,113.365531921,30.2299938202,11.8408870697,5.15717935562,1.57248175144,0.137596726418,0.00363693921827,0.000609194394201,0.00221949839033,0.00680808955804,0.00857091136277,0.00152695225552,0.000110896180558],"dvar2":[1.00175797939,4.34738445282,14.106836319,19.4194011688,34.845035553,135.668106079,593.240905762,1520.30126953,3178.93994141,1205.35620117,2354.68701172,2203.91479492,6480.26855469,3886.6953125,20089.9746094,25699.9121094,24973.4355469,8131.64746094,7928.27441406,1929.51123047,1293.67504883,879.032775879,880.244506836,925.845825195,1258.41772461,736.383239746,687.503173828,205.266082764,55.9870948792,24.0145664215,10.3895587921,2.85598802567,0.264950305223,0.00783392228186,0.00150761299301,0.00427706120536,0.0131141021848,0.0189160909504,0.00293510290794,0.000265903654508],"max":[9.4788942337,14.5414304733,27.6142597198,71.0484848022,101.123641968,224.79624939,475.619720459,912.940002441,1235.79675293,656.982177734,1215.69934082,919.893615723,1574.5291748,1138.18725586,2897.23803711,3444.49682617,2257.45483398,1616.37597656,1744.41564941,1009.74713135,761.896789551,878.513183594,703.79901123,916.126342773,1304.3984375,716.112304688,1036.96154785,521.753540039,184.673553467,139.060028076,98.4323730469,65.3795623779,18.3040008545,2.22273564339,0.41856560111,1.73483943939,2.86388802528,2.23009896278,1.54702150822,0.292331963778],"mean":[0.387834668159,1.11719727516,1.65517508984,2.63098526001,3.20398879051,5.13510084152,10.4894104004,18.6740398407,35.6093025208,18.750951767,19.4658489227,24.4276237488,40.6107025146,40.1883049011,81.4064178467,106.740142822,111.031463623,78.6959838867,69.6345825195,37.1621055603,29.9929218292,27.0283699036,19.3684177399,16.7578334808,15.6610651016,11.7071466446,9.89972400665,7.78051424026,4.90306568146,2.82796001434,1.56694352627,0.727018117905,0.188733428717,0.0407221615314,0.0175139121711,0.0322474651039,0.0686141178012,0.101845033467,0.0777966082096,0.0385897681117],"median":[0.180158853531,0.654901325703,0.934883236885,1.42280173302,1.71292948723,2.40215301514,5.00076436996,8.13550949097,13.7150907516,10.1767377853,9.04096221924,10.5960817337,18.3352012634,22.8854866028,38.5002441406,56.8564720154,62.4891548157,46.585647583,45.363193512,27.9598503113,21.4826030731,19.7943477631,11.3602781296,8.34206104279,7.64069509506,5.8584651947,4.25256299973,3.63734602928,2.4089858532,1.1873241663,0.498947709799,0.184672921896,0.043419379741,0.014923193492,0.00783852208406,0.0100852409378,0.0242262575775,0.0531532727182,0.0513929277658,0.0346330963075],"min":[1.15347986246e-22,1.11048340903e-21,3.26940673341e-21,8.93173146446e-21,6.19156563061e-21,1.02115519321e-20,3.36826943768e-20,8.08554831604e-20,5.84401939546e-20,1.20315294177e-19,3.54602066392e-19,2.64091860369e-19,3.16540203535e-19,8.75615552936e-19,6.11667958035e-19,9.07238254163e-19,1.41410392785e-18,2.26791541343e-18,1.37983011276e-18,2.90448693628e-18,2.59140569187e-18,3.32105860828e-18,4.91692782432e-18,5.84010853722e-18,8.3004149942e-18,7.7957082619e-18,1.01942408707e-17,9.9088337809e-18,1.09957788843e-17,1.1386151058e-17,1.02480622045e-17,1.09356627061e-17,1.08876862306e-17,8.96588510572e-18,6.52138234794e-18,4.49538665799e-18,2.38990863056e-18,1.04232997969e-18,2.51918450089e-19,2.70199694157e-20],"var":[0.408214449883,1.89406228065,5.03691196442,13.9729385376,22.068813324,109.910186768,410.136474609,1255.97363281,5125.44189453,768.89251709,1407.04052734,2102.65942383,4849.61669922,3022.26660156,19778.78125,29744.984375,23537.3261719,9284.51660156,7553.98193359,1690.96740723,1126.07836914,1037.2923584,825.351196289,955.535400391,1374.05541992,776.861999512,774.640319824,306.398468018,78.9014205933,27.5598773956,12.8420734406,4.12164115906,0.334172695875,0.00663119601086,0.000720246171113,0.00537868356332,0.0185364615172,0.0202132705599,0.00953175127506,0.000893271295354]},"erbbands_crest":{"dmean":2.4305524826,"dmean2":3.9597966671,"dvar":5.34766674042,"dvar2":13.3840169907,"max":31.1792430878,"mean":8.54009628296,"median":7.71582698822,"min":2.12083053589,"var":14.4626560211},"erbbands_flatness_db":{"dmean":0.0182054359466,"dmean2":0.0276743154973,"dvar":0.000257882609731,"dvar2":0.000572728866246,"max":0.351071536541,"mean":0.150026485324,"median":0.148336619139,"min":0.025395039469,"var":0.00158508960158},"erbbands_kurtosis":{"dmean":0.985571920872,"dmean2":1.57231998444,"dvar":1.73781549931,"dvar2":4.22635364532,"max":47.7254676819,"mean":1.0810918808,"median":0.60514831543,"min":-1.62976634502,"var":4.43799114227},"erbbands_skewness":{"dmean":0.311479389668,"dmean2":0.489053726196,"dvar":0.0756407007575,"dvar2":0.179091945291,"max":2.84134888649,"mean":-0.0510159693658,"median":-0.0648405998945,"min":-4.83564758301,"var":0.331503540277},"erbbands_spread":{"dmean":5.07222032547,"dmean2":7.88532066345,"dvar":23.2805843353,"dvar2":54.0004920959,"max":100.1456604,"mean":25.0824508667,"median":22.1593914032,"min":1.67646086216,"var":159.323791504},"gfcc":{"cov":[[10747.7607422,-190.877120972,-1098.98742676,-44.4067573547,-156.903579712,-82.2401504517,266.959503174,-253.028656006,43.6003608704,-38.3514518738,5.65506744385,127.201370239,-197.037948608],[-190.877120972,743.600769043,-46.2562980652,-226.156265259,131.208786011,-62.8985290527,7.2568936348,-54.9734039307,22.3048305511,-3.15261316299,35.9413986206,-48.2445602417,68.2913360596],[-1098.98742676,-46.2562980652,413.577087402,199.253250122,-43.7017173767,69.1852722168,-76.6753845215,110.78818512,-7.07865762711,22.6904678345,-31.032623291,-7.23476076126,29.2127151489],[-44.4067573547,-226.156265259,199.253250122,362.667785645,2.61527109146,-51.0825309753,40.0569114685,32.1568756104,20.4984321594,-7.74413204193,-55.0822181702,8.86972141266,-34.6628112793],[-156.903579712,131.208786011,-43.7017173767,2.61527109146,198.395614624,20.7281360626,56.6981315613,-25.7016563416,19.0734653473,-7.62882661819,5.69659852982,-13.2441530228,19.0505943298],[-82.2401504517,-62.8985290527,69.1852722168,-51.0825309753,20.7281360626,241.324005127,-26.6487426758,67.9154205322,-30.5495662689,14.6866188049,26.9775333405,19.907075882,20.9006557465],[266.959503174,7.2568936348,-76.6753845215,40.0569114685,56.6981315613,-26.6487426758,158.524047852,-23.4608249664,48.2999420166,-9.2962064743,-5.65896940231,20.2553443909,-25.3746051788],[-253.028656006,-54.9734039307,110.78818512,32.1568756104,-25.7016563416,67.9154205322,-23.4608249664,135.017044067,14.1444015503,28.6469993591,1.85333681107,-14.4201889038,20.99284935],[43.6003608704,22.3048305511,-7.07865762711,20.4984321594,19.0734653473,-30.5495662689,48.2999420166,14.1444015503,107.942497253,38.359577179,-2.31849718094,5.63717842102,-20.2096366882],[-38.3514518738,-3.15261316299,22.6904678345,-7.74413204193,-7.62882661819,14.6866188049,-9.2962064743,28.6469993591,38.359577179,75.2840118408,34.033996582,6.40203380585,8.89395999908],[5.65506744385,35.9413986206,-31.032623291,-55.0822181702,5.69659852982,26.9775333405,-5.65896940231,1.85333681107,-2.31849718094,34.033996582,74.1771240234,34.969329834,17.3156528473],[127.201370239,-48.2445602417,-7.23476076126,8.86972141266,-13.2441530228,19.907075882,20.2553443909,-14.4201889038,5.63717842102,6.40203380585,34.969329834,76.272315979,17.0187835693],[-197.037948608,68.2913360596,29.2127151489,-34.6628112793,19.0505943298,20.9006557465,-25.3746051788,20.99284935,-20.2096366882,8.89395999908,17.3156528473,17.0187835693,78.5908279419]],"icov":[[0.00020699329616,-0.000370407826267,0.00117960164789,-0.000832361751236,0.000557533407118,-0.000522602058481,0.000186905832379,-0.000147622544318,0.000156029433128,-0.000449299725005,0.000609631009866,-0.000514652696438,0.00020695591229],[-0.000370407826267,0.00390639714897,-0.00433943467215,0.00428814440966,-0.00245081423782,0.00241099321283,-0.00147423241287,0.00204905471765,-0.00215784646571,0.00299815065227,-0.00419072015211,0.0043572136201,-0.00280365091749],[0.00117960164789,-0.00433943467215,0.0140834674239,-0.0104169910774,0.00517644360662,-0.00584363890812,0.00442477222532,-0.00364856142551,0.00116181490012,-0.00441489322111,0.0064073484391,-0.00423751119524,-0.0000943972481764],[-0.000832361751236,0.00428814440966,-0.0104169910774,0.0127726653591,-0.00615173066035,0.00667195953429,-0.00345813320018,-0.000339826627169,0.00116127217188,0.00096519064391,0.000480308401166,-0.00133019359782,0.00275518163107],[0.000557533407118,-0.00245081423782,0.00517644360662,-0.00615173066035,0.0113188084215,-0.00563831627369,-0.00182041979861,0.00345786544494,-0.00356361689046,0.00192984449677,-0.00277374614961,0.00594008900225,-0.00567553844303],[-0.000522602058481,0.00241099321283,-0.00584363890812,0.00667195953429,-0.00563831627369,0.00981536041945,-0.000877712504007,-0.00413129525259,0.00378325674683,-0.000602930027526,-0.000260469096247,-0.00385013991036,0.00321834580973],[0.000186905832379,-0.00147423241287,0.00442477222532,-0.00345813320018,-0.00182041979861,-0.000877712504007,0.011639084667,-0.00199048407376,-0.00301540479995,0.000863480789121,0.00289465207607,-0.00589172216132,0.00330893229693],[-0.000147622544318,0.00204905471765,-0.00364856142551,-0.000339826627169,0.00345786544494,-0.00413129525259,-0.00199048407376,0.0163786616176,-0.00687614548951,0.00245934748091,-0.00704748136923,0.0120364660397,-0.0088017527014],[0.000156029433128,-0.00215784646571,0.00116181490012,0.00116127217188,-0.00356361689046,0.00378325674683,-0.00301540479995,-0.00687614548951,0.0221057906747,-0.0162946712226,0.0126890493557,-0.0121675813571,0.0104351006448],[-0.000449299725005,0.00299815065227,-0.00441489322111,0.00096519064391,0.00192984449677,-0.000602930027526,0.000863480789121,0.00245934748091,-0.0162946712226,0.0322418287396,-0.0221428293735,0.0133216325194,-0.00819559022784],[0.000609631009866,-0.00419072015211,0.0064073484391,0.000480308401166,-0.00277374614961,-0.000260469096247,0.00289465207607,-0.00704748136923,0.0126890493557,-0.0221428293735,0.0393265299499,-0.0247533991933,0.00902335159481],[-0.000514652696438,0.0043572136201,-0.00423751119524,-0.00133019359782,0.00594008900225,-0.00385013991036,-0.00589172216132,0.0120364660397,-0.0121675813571,0.0133216325194,-0.0247533991933,0.0372490100563,-0.0168703235686],[0.00020695591229,-0.00280365091749,-0.0000943972481764,0.00275518163107,-0.00567553844303,0.00321834580973,0.00330893229693,-0.0088017527014,0.0104351006448,-0.00819559022784,0.00902335159481,-0.0168703235686,0.0261448416859]],"mean":[20.9708766937,82.6918945312,-108.523658752,-6.08972358704,-8.50284290314,-15.534863472,7.61961936951,-25.9429111481,5.60911035538,-3.32784700394,1.26780414581,3.61018252373,-7.40667295456]},"hfc":{"dmean":36.5647010803,"dmean2":58.7065544128,"dvar":1529.74694824,"dvar2":4047.68652344,"max":1130.88720703,"mean":169.414855957,"median":169.815505981,"min":1.09671801072e-16,"var":10910.0097656},"melbands":{"dmean":[0.00234453449957,0.000789784593508,0.000313190161251,0.000178181639058,0.000227625714615,0.000268360454356,0.00027327585849,0.000120203396364,0.000112046043796,0.0000923017432797,0.000128999046865,0.0000945829306147,0.000139023788506,0.000169061502675,0.000167741498444,0.000112606983748,0.0000705255006324,0.0000712404216756,0.0000307710324705,0.0000208043929888,0.0000176339399331,0.0000143648339872,0.00000938987614063,0.00000834317052067,0.00000693310084898,0.00000657251621305,0.00000485657301397,0.00000399295640818,0.00000337993287758,0.00000273013597507,0.00000214286569644,0.00000153226494604,0.00000111205429221,7.93099388829e-7,5.46397529888e-7,4.09901161902e-7,2.08801381518e-7,1.01527220409e-7,4.79608104342e-8,2.10236184017e-8],"dmean2":[0.00383267644793,0.00135812943336,0.000532013538759,0.000295878795441,0.000370102847228,0.000426000013249,0.000426495069405,0.000198954032385,0.000181728464668,0.000149081533891,0.000209078687476,0.000154488618136,0.000226133139222,0.000275619531749,0.00027471021167,0.000184726028237,0.000117121198855,0.000118883966934,0.0000507366567035,0.0000344468098774,0.0000295689715131,0.0000238634402194,0.0000152850207087,0.0000133576850203,0.0000108573358375,0.0000101326540971,0.00000746982868804,0.000006138396202,0.00000502972488903,0.00000400911721954,0.00000316232603836,0.00000225525241149,0.00000165251628914,0.00000117157901514,7.95152573119e-7,5.88933460222e-7,3.02175038769e-7,1.50970691948e-7,7.48038218035e-8,3.45837882776e-8],"dvar":[0.0000185968747246,0.0000012108273495,2.05308793966e-7,9.08171315928e-8,2.49937727403e-7,3.18268348565e-7,2.56067153259e-7,5.20124707748e-8,6.72185151984e-8,3.66838506238e-8,7.12053278562e-8,2.93114119643e-8,8.57465707327e-8,1.38101441394e-7,8.75915375786e-8,4.29016182579e-8,1.3136495447e-8,1.43823104537e-8,2.96086666296e-9,1.22153087645e-9,8.81652306717e-10,5.21852339119e-10,3.06452252463e-10,3.57832929954e-10,3.1216726426e-10,4.6611658977e-10,2.11533637828e-10,1.99081612307e-10,1.94261440267e-10,7.86542983522e-11,3.44310552292e-11,1.216843553e-11,7.17709528961e-12,3.3931013381e-12,1.96153748626e-12,1.63119084212e-12,4.09832893533e-13,9.81345606448e-14,1.51471090309e-14,1.19561178076e-15],"dvar2":[0.0000460668270534,0.00000347403556589,5.5449629599e-7,2.32183026583e-7,6.47097124329e-7,7.01724786722e-7,5.81252038501e-7,1.33257955781e-7,1.64863067198e-7,8.73350671782e-8,1.73818875737e-7,7.26882376512e-8,2.08949458624e-7,3.27404791278e-7,2.20349477331e-7,1.08575584079e-7,3.42534640652e-8,3.59929650529e-8,7.25868032347e-9,3.24222582115e-9,2.35978236951e-9,1.29592836462e-9,7.17515935555e-10,8.59561311017e-10,6.92126134183e-10,9.81160375169e-10,4.30794594442e-10,4.24810825406e-10,3.97868932245e-10,1.51617760014e-10,6.59106519363e-11,2.36978457691e-11,1.50414628669e-11,7.23516168852e-12,4.20337202545e-12,3.1910648169e-12,7.85694046716e-13,1.97362918651e-13,3.20758298936e-14,2.87577299417e-15],"max":[0.0655434727669,0.0134264994413,0.0121643031016,0.00859377998859,0.0166823398322,0.0189942605793,0.0161127690226,0.00635080132633,0.00958122033626,0.00501933274791,0.00813038740307,0.00433777365834,0.00907779391855,0.0194631386548,0.00882217474282,0.00505106849596,0.00278503610753,0.00361528317444,0.00327638653107,0.00123788195197,0.00111777649727,0.00102784228511,0.000542139401659,0.000657087715808,0.000766420795117,0.00102553935722,0.000829825352412,0.000582205248065,0.00084767077351,0.000370599649614,0.00029142718995,0.000124055688502,0.000161043019034,0.0000756959270802,0.0000671846501064,0.0000675552946632,0.0000295647023449,0.0000142691797009,0.00000547123636352,8.91650358881e-7],"mean":[0.00308282487094,0.00107321084943,0.000480752001749,0.000270057760645,0.000351155293174,0.00043702768744,0.000503239920363,0.000181990573765,0.000166320474818,0.00015210568381,0.000208904864849,0.000161859992659,0.000237619227846,0.000300638494082,0.00029658319545,0.000205362564884,0.000142060875078,0.00012975752179,0.000058360517869,0.0000393965565308,0.000034791581129,0.0000297119295283,0.0000192900170077,0.000015846990209,0.0000132080322146,0.0000123726849779,0.00000939321762417,0.00000735843332222,0.00000629237456451,0.0000053271910474,0.00000422073389927,0.00000291828951049,0.00000204626348932,0.00000137398853894,9.31211843636e-7,6.91546688358e-7,3.37237736403e-7,1.43125603813e-7,6.06299508377e-8,2.31919141669e-8],"median":[0.00165924441535,0.000678329844959,0.000275656289887,0.000146914404468,0.000164856610354,0.000197549030418,0.000208467186894,0.0000940690588322,0.0000718595692888,0.0000633211166132,0.0000903624531929,0.0000839504937176,0.000106984938611,0.000129082080093,0.000146515318193,0.000105319042632,0.0000792075006757,0.0000767723540775,0.000039780014049,0.0000276606988336,0.0000233047976508,0.0000210765756492,0.0000123531654026,0.00000791112779552,0.00000629396072327,0.0000058402574723,0.0000046035147534,0.00000350718528352,0.00000255155350715,0.00000228070712183,0.00000197049371309,0.00000139011240208,9.39342953643e-7,5.1898126685e-7,2.92288575565e-7,1.79213571982e-7,7.83947129435e-8,2.88768493562e-8,1.56827848485e-8,9.34762756089e-9],"min":[1.55244798894e-24,2.21532060924e-24,1.54641270997e-24,8.13586172573e-25,1.44119118839e-24,1.93333675664e-24,7.88117354514e-25,1.77445701489e-24,2.69628121454e-24,1.32305680264e-24,1.52360762867e-24,3.24802394229e-24,2.52374195178e-24,9.29664195156e-25,2.5461599982e-24,2.20649897495e-24,3.20272202709e-24,2.12361335964e-24,3.82221962355e-24,3.2867694373e-24,2.61245212159e-24,2.66877462085e-24,5.2962275242e-24,4.04749897099e-24,4.13195757495e-24,3.4993719872e-24,4.21499583484e-24,4.13680394192e-24,5.01871532965e-24,5.59262110452e-24,5.00947185199e-24,4.3405947183e-24,5.45805642245e-24,5.92957712373e-24,5.05931445056e-24,6.39300411213e-24,6.02110865457e-24,6.54222149109e-24,6.69039086833e-24,7.10465643954e-24],"var":[0.0000211182177736,0.00000152119207542,4.08259552387e-7,1.81412985967e-7,4.63356940372e-7,6.10324207173e-7,9.16209671686e-7,8.14641367697e-8,1.04048439198e-7,8.00968038561e-8,1.32390340468e-7,5.76895580195e-8,1.78309093712e-7,3.76477430564e-7,2.38970926603e-7,9.1988283657e-8,3.39435217711e-8,3.20625375139e-8,5.51040324481e-9,2.24682716876e-9,1.73415215521e-9,1.3382858155e-9,6.99362956436e-10,7.02172209266e-10,6.45381859066e-10,9.09253117243e-10,4.68366068151e-10,3.75955988563e-10,3.71116554154e-10,1.8618395714e-10,8.52875270407e-11,2.91759567894e-11,1.52209061327e-11,7.20881253996e-12,4.45726832179e-12,3.78443934176e-12,1.00252976493e-12,2.23549409778e-13,2.77728195124e-14,1.53583548128e-15]},"melbands_crest":{"dmean":4.58624362946,"dmean2":7.45532464981,"dvar":17.4379005432,"dvar2":40.8622169495,"max":39.9302177429,"mean":14.8772954941,"median":13.2152099609,"min":1.65529596806,"var":51.8616943359},"melbands_flatness_db":{"dmean":0.0278494935483,"dmean2":0.0433320440352,"dvar":0.000654181290884,"dvar2":0.00152791792061,"max":0.612757444382,"mean":0.202027454972,"median":0.195893853903,"min":0.00335986539721,"var":0.00328192859888},"melbands_kurtosis":{"dmean":4.78813171387,"dmean2":7.85280227661,"dvar":241.46913147,"dvar2":580.444030762,"max":1027.4798584,"mean":6.47861909866,"median":1.35912227631,"min":-1.87392783165,"var":470.091033936},"melbands_skewness":{"dmean":0.699744284153,"dmean2":1.10609781742,"dvar":0.708315432072,"dvar2":1.67125856876,"max":30.9463214874,"mean":1.70942056179,"median":1.32568860054,"min":-2.73474740982,"var":2.74736309052},"melbands_spread":{"dmean":7.25805425644,"dmean2":11.425737381,"dvar":61.8066520691,"dvar2":135.031890869,"max":184.53704834,"mean":30.2729797363,"median":29.6811065674,"min":0.329369574785,"var":275.73638916},"mfcc":{"cov":[[5859.08203125,-252.615737915,-650.660705566,39.8934555054,-407.054473877,237.105651855,-53.6774024963,180.069488525,-159.091400146,38.8646087646,42.7847747803,134.997634888,-146.439743042],[-252.615737915,914.38067627,-186.811859131,-146.447250366,39.4755439758,1.16676270962,23.5455551147,-80.4479217529,29.4025592804,-56.8201675415,36.7870025635,-23.5923595428,61.5508766174],[-650.660705566,-186.811859131,473.143493652,57.2114982605,95.6751480103,-57.5029144287,-1.16300785542,10.9107542038,32.8113632202,43.8621520996,-19.9851093292,-20.6940937042,2.49112701416],[39.8934555054,-146.447250366,57.2114982605,422.897521973,-37.603313446,12.2831344604,-49.9867706299,25.9121360779,26.470281601,47.3930931091,-16.5944232941,-30.0135822296,2.46870827675],[-407.054473877,39.4755439758,95.6751480103,-37.603313446,185.529449463,4.93078184128,48.7897148132,-13.3689231873,39.367515564,-7.47148275375,3.48105072975,0.829672217369,15.1449604034],[237.105651855,1.16676270962,-57.5029144287,12.2831344604,4.93078184128,136.770233154,24.2622966766,43.4979553223,-6.90777301788,-0.606353521347,2.47819256783,21.2128791809,-1.76987683773],[-53.6774024963,23.5455551147,-1.16300785542,-49.9867706299,48.7897148132,24.2622966766,111.015785217,22.6152915955,11.3682775497,-20.5191116333,0.820929288864,2.3891351223,1.59869229794],[180.069488525,-80.4479217529,10.9107542038,25.9121360779,-13.3689231873,43.4979553223,22.6152915955,102.149810791,10.0431175232,23.4823474884,-7.50059890747,11.8118124008,-18.8314990997],[-159.091400146,29.4025592804,32.8113632202,26.470281601,39.367515564,-6.90777301788,11.3682775497,10.0431175232,95.6089859009,26.6576461792,22.9341163635,-10.3850660324,13.0360250473],[38.8646087646,-56.8201675415,43.8621520996,47.3930931091,-7.47148275375,-0.606353521347,-20.5191116333,23.4823474884,26.6576461792,85.9838485718,23.0392799377,9.5904302597,-6.18501853943],[42.7847747803,36.7870025635,-19.9851093292,-16.5944232941,3.48105072975,2.47819256783,0.820929288864,-7.50059890747,22.9341163635,23.0392799377,76.8350982666,22.8442707062,14.149769783],[134.997634888,-23.5923595428,-20.6940937042,-30.0135822296,0.829672217369,21.2128791809,2.3891351223,11.8118124008,-10.3850660324,9.5904302597,22.8442707062,70.048789978,10.1830873489],[-146.439743042,61.5508766174,2.49112701416,2.46870827675,15.1449604034,-1.76987683773,1.59869229794,-18.8314990997,13.0360250473,-6.18501853943,14.149769783,10.1830873489,68.0537796021]],"icov":[[0.000266736664344,0.0000519525274285,0.000269031967036,-0.000022878353775,0.000347122142557,-0.000233302416746,0.0000251991550613,-0.000214999628952,0.000167909223819,-0.00006474473048,-0.000155338319018,-0.000300684710965,0.000413803267293],[0.0000519525274285,0.00152055069339,0.000648026994895,0.000434299756307,-0.00021218501206,-0.000242721973336,0.0000226713691518,0.000640306912828,-0.000457624497358,0.000309970928356,-0.000465653196443,0.000945814826991,-0.00101425370667],[0.000269031967036,0.000648026994895,0.00341699155979,-0.0001368887024,-0.00160484679509,0.0011536362581,0.000252497033216,-0.000811070378404,0.000311168638291,-0.00156748376321,0.000635392672848,0.000558356347028,-0.000388249551179],[-0.000022878353775,0.000434299756307,-0.0001368887024,0.00308451033197,0.000456898327684,-0.000774177664425,0.00115339725744,-0.000247228046646,-0.000853779143654,-0.00114648113959,0.000710900872946,0.0016618630616,-0.00110336544458],[0.000347122142557,-0.00021218501206,-0.00160484679509,0.000456898327684,0.00879896245897,-0.00172212393954,-0.00309238978662,0.00234416453168,-0.00316569581628,0.000672691850923,0.000680897093844,-0.00174550584052,0.000486547796754],[-0.000233302416746,-0.000242721973336,0.0011536362581,-0.000774177664425,-0.00172212393954,0.0101749375463,-0.00103534560185,-0.00421650474891,0.00138432963286,0.000353562238161,-0.000173059277586,-0.00161581125576,-0.000746502599213],[0.0000251991550613,0.0000226713691518,0.000252497033216,0.00115339725744,-0.00309238978662,-0.00103534560185,0.0126871392131,-0.00407622288913,-0.000848009716719,0.00354933016934,-0.00111588835716,0.000914239615668,-0.000201856353669],[-0.000214999628952,0.000640306912828,-0.000811070378404,-0.000247228046646,0.00234416453168,-0.00421650474891,-0.00407622288913,0.0160274580121,-0.00317489332519,-0.00355178839527,0.00343221775256,-0.00254792463966,0.00284933997318],[0.000167909223819,-0.000457624497358,0.000311168638291,-0.000853779143654,-0.00316569581628,0.00138432963286,-0.000848009716719,-0.00317489332519,0.0158162377775,-0.00400217715651,-0.00448825303465,0.00413668667898,-0.00240251794457],[-0.00006474473048,0.000309970928356,-0.00156748376321,-0.00114648113959,0.000672691850923,0.000353562238161,0.00354933016934,-0.00355178839527,-0.00400217715651,0.0182234216481,-0.00527367042378,-0.00206528138369,0.0023009723518],[-0.000155338319018,-0.000465653196443,0.000635392672848,0.000710900872946,0.000680897093844,-0.000173059277586,-0.00111588835716,0.00343221775256,-0.00448825303465,-0.00527367042378,0.0189221315086,-0.00570799317211,-0.00184196187183],[-0.000300684710965,0.000945814826991,0.000558356347028,0.0016618630616,-0.00174550584052,-0.00161581125576,0.000914239615668,-0.00254792463966,0.00413668667898,-0.00206528138369,-0.00570799317211,0.0204162299633,-0.00481151416898],[0.000413803267293,-0.00101425370667,-0.000388249551179,-0.00110336544458,0.000486547796754,-0.000746502599213,-0.000201856353669,0.00284933997318,-0.00240251794457,0.0023009723518,-0.00184196187183,-0.00481151416898,0.0189940501004]],"mean":[-637.684631348,149.464553833,-36.2776374817,26.8231296539,-7.17402791977,27.07538414,-2.16846442223,7.14698886871,-3.9492764473,4.75987243652,1.74039626122,6.90588474274,5.16520595551]},"pitch_salience":{"dmean":0.0746919736266,"dmean2":0.120635509491,"dvar":0.00471428222954,"dvar2":0.0112007502466,"max":0.911568701267,"mean":0.563784003258,"median":0.58436447382,"min":0.00660188635811,"var":0.0146495597437},"silence_rate_20dB":{"dmean":0,"dmean2":0,"dvar":0,"dvar2":0,"max":1,"mean":1,"median":1,"min":1,"var":0},"silence_rate_30dB":{"dmean":0.0137306451797,"dmean2":0.0274626277387,"dvar":0.0135403070599,"dvar2":0.0365436822176,"max":1,"mean":0.990700602531,"median":1,"min":0,"var":0.00921289157122},"silence_rate_60dB":{"dmean":0.00613496918231,"dmean2":0.0122705362737,"dvar":0.00609781546518,"dvar2":0.014751130715,"max":1,"mean":0.0329616814852,"median":0,"min":0,"var":0.0318745784461},"spectral_centroid":{"dmean":199.009735107,"dmean2":293.581726074,"dvar":46848.5546875,"dvar2":86362.828125,"max":11624.5214844,"mean":1487.51843262,"median":1379.96948242,"min":153.053665161,"var":594263.0625},"spectral_complexity":{"dmean":3.68916153908,"dmean2":5.59585142136,"dvar":13.531873703,"dvar2":25.3690376282,"max":62,"mean":25.796875,"median":27,"min":0,"var":146.61882019},"spectral_contrast_coeffs":{"dmean":[0.0517261996865,0.0492219179869,0.0393360219896,0.0304738357663,0.0194700397551,0.0396440774202],"dmean2":[0.0867144316435,0.0819959938526,0.0654924064875,0.0509285330772,0.0323939472437,0.0614780634642],"dvar":[0.00169345515314,0.00149936869275,0.000969502318185,0.000563484383747,0.000238663618802,0.00111307331827],"dvar2":[0.00459789345041,0.00407253112644,0.00262049701996,0.00154657126404,0.000638407596853,0.00267718336545],"max":[-0.398151904345,-0.416221141815,-0.523090422153,-0.585403680801,-0.633051931858,-0.468405991793],"mean":[-0.72435349226,-0.760018229485,-0.789196074009,-0.785739004612,-0.807171940804,-0.689194202423],"median":[-0.730131983757,-0.766746878624,-0.794381380081,-0.78816986084,-0.806982576847,-0.684016942978],"min":[-0.977890074253,-0.975550174713,-0.981207609177,-0.976345837116,-0.970218777657,-0.963550209999],"var":[0.0051706219092,0.0043558254838,0.00314273289405,0.00202889484353,0.000876655627508,0.00511438958347]},"spectral_contrast_valleys":{"dmean":[0.386462211609,0.347052901983,0.291801154613,0.233923003078,0.220728754997,0.52971893549],"dmean2":[0.63879942894,0.576650977135,0.476933836937,0.378394156694,0.32757216692,0.825326800346],"dvar":[0.103420741856,0.0830577835441,0.06579580158,0.048237003386,0.0620180554688,0.2030800879],"dvar2":[0.258503913879,0.208653315902,0.157990440726,0.106095016003,0.117854334414,0.493738353252],"max":[-5.18420124054,-4.80224180222,-5.05244159698,-5.1324095726,-5.09611320496,-8.43988227844],"mean":[-6.99475908279,-6.47527122498,-6.72446155548,-6.91352176666,-7.32864999771,-11.0970926285],"median":[-6.80742502213,-6.29112815857,-6.46831083298,-6.62659692764,-7.09277057648,-10.9792404175],"min":[-28.1501865387,-28.1420402527,-27.7110481262,-27.7403450012,-27.4868526459,-27.4185657501],"var":[2.04414820671,2.15293765068,2.24052858353,2.23344182968,2.21974277496,1.69328379631]},"spectral_decrease":{"dmean":3.04724423472e-9,"dmean2":4.85346873802e-9,"dvar":1.93032058885e-17,"dvar2":4.55466788008e-17,"max":5.48523537702e-9,"mean":-7.08637237778e-9,"median":-6.17959017291e-9,"min":-6.10596728734e-8,"var":3.41129714751e-17},"spectral_energy":{"dmean":0.0119123961776,"dmean2":0.0187665428966,"dvar":0.000273270270554,"dvar2":0.000634997326415,"max":0.249144881964,"mean":0.0421121791005,"median":0.0425475165248,"min":1.01083878079e-20,"var":0.000723596836906},"spectral_energyband_high":{"dmean":0.000423386954935,"dmean2":0.000569115451071,"dvar":6.93024901466e-7,"dvar2":0.00000114545946417,"max":0.0338296219707,"mean":0.00141352252103,"median":0.00100733269937,"min":6.85715117907e-21,"var":0.00000306043875753},"spectral_energyband_low":{"dmean":0.00871905777603,"dmean2":0.0141301881522,"dvar":0.000222944174311,"dvar2":0.000537915097084,"max":0.222418829799,"mean":0.0132658137009,"median":0.00840790290385,"min":1.88111392806e-23,"var":0.000281840533717},"spectral_energyband_middle_high":{"dmean":0.00345809711143,"dmean2":0.00550124468282,"dvar":0.0000217653632717,"dvar2":0.0000533842503501,"max":0.140923589468,"mean":0.0121095990762,"median":0.00953700207174,"min":1.21918061627e-21,"var":0.000119785676361},"spectral_energyband_middle_low":{"dmean":0.00334667670541,"dmean2":0.00527113722637,"dvar":0.0000208574329008,"dvar2":0.0000501765134686,"max":0.0979581177235,"mean":0.00887416582555,"median":0.00664268946275,"min":1.82896782409e-22,"var":0.0000674492766848},"spectral_entropy":{"dmean":0.117790423334,"dmean2":0.173844501376,"dvar":0.0137798888609,"dvar2":0.0294279940426,"max":9.82085132599,"mean":7.69035577774,"median":7.71297836304,"min":5.95568323135,"var":0.0934131890535},"spectral_flux":{"dmean":0.0227105841041,"dmean2":0.0373436436057,"dvar":0.000759759917855,"dvar2":0.00193043670151,"max":0.413525402546,"mean":0.114413753152,"median":0.119475118816,"min":6.42954162133e-11,"var":0.00232666032389},"spectral_kurtosis":{"dmean":3.30742073059,"dmean2":4.9416847229,"dvar":17.3356609344,"dvar2":41.4859542847,"max":98.6743240356,"mean":18.2935695648,"median":17.0653572083,"min":-1.27181589603,"var":67.0232315063},"spectral_rms":{"dmean":0.000859347113874,"dmean2":0.00132370728534,"dvar":9.68982021732e-7,"dvar2":0.00000209384279515,"max":0.0155906435102,"mean":0.00601577712223,"median":0.0064428076148,"min":3.14035689813e-12,"var":0.00000489528383696},"spectral_rolloff":{"dmean":5128.19238281,"dmean2":9696.54882812,"dvar":54907028,"dvar2":124003416,"max":22050,"mean":13406.2939453,"median":19896.6796875,"min":21.533203125,"var":82462456},"spectral_skewness":{"dmean":0.27279073,"dmean2":0.398348391056,"dvar":0.0897326990962,"dvar2":0.194269582629,"max":7.79294490814,"mean":2.80332899094,"median":2.75824689865,"min":-0.0496472790837,"var":0.543828189373},"spectral_spread":{"dmean":363706.3125,"dmean2":552431.8125,"dvar":205221953536,"dvar2":427006820352,"max":42842224,"mean":4014124.25,"median":3774211.25,"min":1359333.25,"var":5415182008320},"spectral_strongpeak":{"dmean":2.32407617569,"dmean2":4.33993005753,"dvar":70.4634552002,"dvar2":199.296981812,"max":129.563659668,"mean":1.95497667789,"median":0.225101530552,"min":0,"var":50.5535354614},"zerocrossingrate":{"dmean":0.0341292619705,"dmean2":0.0436405315995,"dvar":0.000962954829447,"dvar2":0.00152215722483,"max":0.7265625,"mean":0.27201578021,"median":0.2685546875,"min":0,"var":0.00597721012309}},"metadata":{"audio_properties":{"analysis_sample_rate":44100,"bit_rate":320000,"codec":"mp3","downmix":"mix","equal_loudness":0,"length":476.891418457,"lossless":false,"md5_encoded":"a359c47a91587dc640a51b48b91dd714","replay_gain":-10.4812660217,"sample_rate":44100},"tags":{"album":["Ceremony"],"albumartist":["The Cult"],"albumartistsort":["Cult, The"],"artist":["The Cult"],"artistsort":["Cult, The"],"asin":["B000026I1Y"],"barcode":["607618012229"],"catalognumber":["BBL 122 CD"],"date":["1991"],"discnumber":["1/1"],"file_name":"04. The Cult - White.mp3","genre":["Classic Rock"],"label":["Beggars Banquet"],"musicbrainz album release country":["GB"],"musicbrainz album status":["official"],"musicbrainz album type":["album"],"musicbrainz_albumartistid":["8846e4ff-0c19-4af2-872b-7a8dc7497f68"],"musicbrainz_albumid":["d832e7b1-d7a6-424e-a16a-b2a8b356323a"],"musicbrainz_artistid":["8846e4ff-0c19-4af2-872b-7a8dc7497f68"],"musicbrainz_recordingid":["3098e352-8976-4062-949d-e7a2cf5f9254"],"musicip_puid":["aa35678f-9410-e918-e3d0-f2d11a49b895"],"title":["White"],"tracknumber":["4/11"]},"version":{"essentia":"2.1-beta1","essentia_build_sha":"ca57ba49d9b1854bd80e60cf9ccf267278fb7d6b","essentia_git_sha":"v2.1_beta1-28-g21ef5f4-dirty","extractor":"music 1.0"}},"rhythm":{"beats_count":870,"beats_loudness":{"dmean":0.0203656107187,"dmean2":0.0337065272033,"dvar":0.00038606315502,"dvar2":0.00102280010469,"max":0.198506891727,"mean":0.0490007996559,"median":0.050174228847,"min":0,"var":0.000706483435351},"beats_loudness_band_ratio":{"dmean":[0.204002454877,0.0735476836562,0.0815334245563,0.0933280065656,0.0507107973099,0.0946214422584],"dmean2":[0.341620236635,0.128531649709,0.138404160738,0.161106497049,0.0902972668409,0.160261631012],"dvar":[0.029524685815,0.00651583168656,0.00603759242222,0.00932685285807,0.00259117013775,0.00740385660902],"dvar2":[0.0788168013096,0.0178367923945,0.0172247067094,0.0252094380558,0.00769110536203,0.0195518862456],"max":[0.952905237675,0.65651088953,0.551718950272,0.7420814037