{"lowlevel":{"average_loudness":0.766375362873,"barkbands":{"dmean":[0.0000307121626975,0.00228443578817,0.00223380280659,0.0011648167856,0.00278963916935,0.00138126604725,0.000709367566742,0.000594176875893,0.000672909256537,0.000630275346339,0.000578721461352,0.00035396165913,0.000381621794077,0.000383018836146,0.000338248733897,0.000318312318996,0.000154243243742,0.0000780944828875,0.0000583423316129,0.0000491349310323,0.0000389464476029,0.0000666638443363,0.000102796075225,0.0000922897743294,0.0000434385874541,0.0000668902648613,0.00000791624279373],"dmean2":[0.0000519202731084,0.00393024645746,0.00374564575031,0.0019352392992,0.00459834048524,0.00211713649333,0.0010774579132,0.000940867117606,0.00101175613236,0.000963958736975,0.000903267064132,0.000554842234123,0.000612148200162,0.000610675488133,0.000538124935701,0.000514772953466,0.000244117210968,0.000125773061882,0.0000933852716116,0.0000778126486694,0.0000578606777708,0.0000956953736022,0.000148588660522,0.000129319159896,0.0000613816446275,0.0000948228334892,0.0000114216509246],"dvar":[4.53895498964e-9,0.0000352958450094,0.0000158803595696,0.0000039934848246,0.0000482440482301,0.00000529711633135,0.00000228069666264,0.00000196952828446,0.00000239311771111,0.00000177325682671,0.00000181553343737,5.41858980796e-7,5.21228969319e-7,7.72966188833e-7,5.87827855725e-7,3.54014105142e-7,7.13728738333e-8,2.96846565107e-8,1.24171322113e-8,1.58676201067e-8,1.06923572218e-8,9.80552883334e-8,2.8542825703e-7,3.18947911637e-7,3.54292879479e-8,3.10832213302e-8,4.52892195968e-10],"dvar2":[1.13552429681e-8,0.000095459028671,0.0000412461995438,0.0000110320142994,0.000130182306748,0.00001276164312,0.00000514916519023,0.0000046114100769,0.00000569204439671,0.0000041881658035,0.00000456241150459,0.00000137015399559,0.00000129114710035,0.0000020187676455,0.00000144169973737,8.75292641922e-7,1.64402635505e-7,7.25789064404e-8,2.95683779683e-8,3.59481333589e-8,2.22928360216e-8,1.63748609339e-7,5.45183638678e-7,5.89184139699e-7,6.80783642792e-8,5.90259432443e-8,9.31127064341e-10],"max":[0.000726020429283,0.0834388509393,0.0589361526072,0.0420559421182,0.122996121645,0.051634259522,0.0433933660388,0.0404916554689,0.0473596081138,0.0416362844408,0.0386330001056,0.0268555339426,0.0194943305105,0.0252823084593,0.0261384472251,0.0238449741155,0.00875090714544,0.00535170920193,0.00262607820332,0.00683302571997,0.00381577014923,0.0318763405085,0.0212655104697,0.0192010458559,0.00733120646328,0.00587781146169,0.000378742202884],"mean":[0.0000409246677009,0.00283413403668,0.00420580990613,0.00206368416548,0.00464768195525,0.00318287196569,0.0016282973811,0.00110244587995,0.00152697833255,0.00134801340755,0.001147959847,0.000838868494611,0.00070043571759,0.000757016532589,0.000638620520476,0.000641213380732,0.000333778560162,0.00017553564976,0.000134342262754,0.000102160331153,0.0000745258366806,0.000117682931887,0.000165355173522,0.000150782318087,0.0000715747082722,0.0000907540670596,0.00000925164204091],"median":[0.0000210048892768,0.00114194035996,0.00178190949373,0.00145799969323,0.00278076925315,0.00211858097464,0.00092341855634,0.000534090795554,0.000686600105837,0.000762724201195,0.000550836324692,0.000460877578007,0.000402659119572,0.000352239701897,0.000288412964437,0.000335884804372,0.000167540842085,0.0000586881869822,0.0000655286276015,0.0000472502651974,0.0000207223783946,0.0000177542242454,0.0000135672262331,0.00000959844965109,0.0000118031684906,0.0000161306616064,0.00000113121257073],"min":[2.36027616716e-24,5.44499643573e-24,5.39101113412e-24,1.50186386111e-24,1.77797194242e-23,1.65563302666e-23,2.03748950976e-23,2.90447415032e-23,3.99233542672e-23,3.53086820548e-23,3.13696723631e-23,3.74008642377e-23,7.92091700836e-23,1.1188800445e-22,8.78868924765e-23,6.31175183332e-23,9.25604137125e-23,1.4223502909e-22,2.59074113909e-22,2.75239300117e-22,3.48195428551e-22,4.97823182418e-22,5.45199871223e-22,6.55123763481e-22,9.98306731975e-22,1.50559563941e-21,2.06308921995e-21],"var":[4.01178379406e-9,0.0000293908306048,0.000029325905416,0.0000059752942434,0.0000500336027471,0.000013695047528,0.00000620710761723,0.00000362751643479,0.00000633019180896,0.00000456681937067,0.00000453015900348,0.00000200041745302,0.00000119144317523,0.00000217107753997,0.00000136107712478,0.00000113905957733,2.63248097099e-7,1.2496019508e-7,3.98578983152e-8,3.19173025787e-8,2.59101362587e-8,2.93005314234e-7,7.53615722715e-7,7.85133750014e-7,9.19916445241e-8,6.60148486986e-8,6.86243006864e-10]},"barkbands_crest":{"dmean":1.95131802559,"dmean2":3.22545266151,"dvar":3.75354957581,"dvar2":10.0766124725,"max":24.485956192,"mean":8.19576835632,"median":7.59114217758,"min":2.50648164749,"var":9.02967166901},"barkbands_flatness_db":{"dmean":0.0184870548546,"dmean2":0.0271156877279,"dvar":0.000306448491756,"dvar2":0.000676086288877,"max":0.580121040344,"mean":0.127342432737,"median":0.121876806021,"min":0.0289412271231,"var":0.00205796770751},"barkbands_kurtosis":{"dmean":1.82746803761,"dmean2":2.8505051136,"dvar":9.02204322815,"dvar2":20.6475105286,"max":111.670753479,"mean":2.6524810791,"median":1.20241785049,"min":-1.87230980396,"var":26.9483737946},"barkbands_skewness":{"dmean":0.415118247271,"dmean2":0.633750796318,"dvar":0.185724720359,"dvar2":0.420603781939,"max":7.42474937439,"mean":1.29923582077,"median":1.19504952431,"min":-2.18292164803,"var":0.776960074902},"barkbands_spread":{"dmean":3.89084076881,"dmean2":5.86752033234,"dvar":30.8505783081,"dvar2":58.2272109985,"max":105.763214111,"mean":19.5623779297,"median":17.010887146,"min":0.884821593761,"var":164.558349609},"dissonance":{"dmean":0.0185447800905,"dmean2":0.0311125442386,"dvar":0.000330076145474,"dvar2":0.000880927895196,"max":0.5,"mean":0.457301110029,"median":0.463294923306,"min":0.250562787056,"var":0.000824291084427},"dynamic_complexity":3.4221124649,"erbbands":{"dmean":[0.0448932275176,0.600444734097,2.32120251656,3.3152410984,7.36031913757,9.36330890656,11.2436618805,10.2688913345,9.72841453552,10.7965040207,12.3489618301,15.2152795792,15.7440786362,20.5394992828,23.3842449188,13.4117536545,18.1909408569,18.4170207977,15.6106548309,20.0899124146,11.6373472214,6.82460212708,4.85400056839,2.95998644829,2.69366693497,2.3071167469,1.56742191315,1.74176478386,2.36067199707,2.71237373352,3.07329297066,2.33413267136,1.30520176888,0.530074238777,0.305930316448,0.326500833035,0.113546803594,0.0198082253337,0.00140113767702,0.0000450921943411],"dmean2":[0.0777273923159,1.03252661228,3.87533283234,5.4899263382,12.333439827,15.5855751038,17.0565395355,16.2423877716,14.7502794266,16.7217407227,19.1116523743,22.932182312,23.9185428619,30.9630031586,36.1347885132,20.8521022797,29.0322341919,29.6760787964,24.1824436188,32.1603317261,18.4318180084,10.7270679474,7.69112682343,4.74612617493,4.32503175735,3.66381835938,2.34968304634,2.55317592621,3.40524482727,3.92612290382,4.49454927444,3.27252817154,1.79256141186,0.753364801407,0.429084867239,0.466062605381,0.161001682281,0.0285580568016,0.001997647807,0.0000642231389065],"dvar":[0.0157513469458,2.29690051079,19.4604282379,28.820148468,426.551483154,469.098022461,409.780822754,298.677642822,358.190490723,825.307983398,988.380615234,1286.07714844,1060.27978516,2638.52880859,2180.50512695,825.465393066,1129.61694336,1672.7479248,1432.52893066,1694.23596191,380.416503906,131.279251099,92.5682067871,35.840549469,30.8423805237,36.3227806091,15.8718490601,26.574092865,129.656784058,210.410171509,293.341033936,212.070526123,64.9169387817,9.738240242,1.12762451172,0.832760930061,0.0873439311981,0.00286838575266,0.0000131059623527,1.0056469435e-8],"dvar2":[0.0416708029807,6.26251983643,50.3163795471,78.1692199707,1124.00817871,1310.44177246,960.596557617,740.644836426,839.803527832,1702.27026367,2378.80688477,2999.91552734,2230.45410156,6197.58740234,5440.54589844,2103.51220703,2781.57788086,4393.82373047,3483.00732422,4175.98535156,898.768005371,299.370452881,219.761169434,85.0189437866,73.1637496948,80.5423660278,33.488735199,55.6284141541,273.253356934,423.491149902,592.305358887,394.740844727,126.620117188,20.6198711395,2.01490545273,1.58643269539,0.167598828673,0.00582798710093,0.0000264267728198,1.99291640968e-8],"max":[1.61414206028,20.6425762177,75.3914108276,100.303672791,385.186096191,378.307189941,644.930908203,420.670013428,589.77142334,1343.63085938,863.68927002,835.126953125,1593.61352539,1805.97851562,1297.26025391,1259.17370605,967.423156738,1366.89208984,1443.73901367,1511.64440918,786.239868164,361.87210083,301.188354492,145.614578247,180.853775024,360.916900635,153.726211548,314.657562256,1268.87145996,1368.42016602,630.758666992,445.558563232,372.793457031,156.069549561,46.2153434753,42.3886833191,10.687541008,1.0929608345,0.0759064406157,0.00230069458485],"mean":[0.0506995245814,0.79479008913,4.43084049225,6.28309249878,10.0227918625,15.866944313,26.0121555328,23.3341388702,23.3904361725,22.6772270203,25.6520423889,35.1152114868,36.4585151672,44.7889556885,52.1151847839,34.0008468628,35.9446182251,37.3780174255,33.0796318054,40.8117752075,27.7302036285,16.7370223999,11.9204120636,7.2435836792,6.16449975967,4.89146900177,3.11990022659,3.26090669632,4.17537879944,4.36996078491,4.85464191437,3.79437422752,2.09457993507,0.853292703629,0.49191686511,0.460144460201,0.148161783814,0.0238172188401,0.00167536654044,0.0000810436031315],"median":[0.0239284038544,0.298505008221,1.79667234421,4.33109474182,5.07017707825,9.65491104126,15.2606925964,16.3133239746,13.6635284424,11.7424201965,12.7627763748,15.9763908386,20.2315139771,23.7700920105,28.684879303,21.2667484283,22.2960929871,20.8628158569,14.4466333389,21.4326133728,15.3159580231,8.42861175537,5.0670132637,2.96544122696,3.32221508026,2.35061311722,1.0959135294,0.791289567947,0.685769438744,0.509660005569,0.347283065319,0.208155468106,0.148306816816,0.0996999144554,0.0937626063824,0.0853855088353,0.0250122398138,0.00324913486838,0.00022506021196,0.0000427112026955],"min":[2.23445217435e-22,9.74877487359e-22,7.85120740227e-21,9.16397534613e-21,4.51062912807e-20,5.64224031725e-20,1.00116131692e-19,1.32246973847e-19,3.26102928404e-19,4.68276405645e-19,6.91775799169e-19,1.06447794738e-18,7.90374849306e-19,1.01855660209e-18,1.44096940998e-18,1.32069879648e-18,2.96639334012e-18,5.74021531132e-18,6.13034801619e-18,4.22229215158e-18,3.32564449759e-18,5.72631495471e-18,6.58312269527e-18,1.02798639903e-17,1.41922934572e-17,1.27611742174e-17,1.6785905033e-17,1.38191903332e-17,1.85788653328e-17,1.46443410446e-17,1.26820767257e-17,1.0479141726e-17,1.34414111572e-17,8.9858491098e-18,7.62803296148e-18,5.44892944887e-18,2.89931809143e-18,9.61167431572e-19,2.76419126243e-19,3.23062981492e-20],"var":[0.0116641344503,2.04696130753,35.5363044739,45.7503547668,393.289855957,503.014343262,1264.37780762,700.413085938,1028.50488281,2051.77978516,1948.76672363,3426.34960938,3188.07397461,6597.671875,6556.04394531,2393.82714844,2716.63378906,3985.60742188,3829.10620117,4887.421875,1887.15380859,587.601745605,423.228759766,141.141708374,83.0647735596,72.5963516235,36.2974853516,69.6654663086,344.349456787,484.574951172,718.367614746,537.686645508,145.973022461,20.1349506378,3.32779431343,1.91758906841,0.173858568072,0.00454275682569,0.0000209082336369,1.83192714331e-8]},"erbbands_crest":{"dmean":2.00357866287,"dmean2":3.21952223778,"dvar":3.7985291481,"dvar2":9.51966762543,"max":29.8413848877,"mean":8.24365139008,"median":7.2673625946,"min":2.45921087265,"var":13.1436347961},"erbbands_flatness_db":{"dmean":0.0211222469807,"dmean2":0.0286676418036,"dvar":0.000458357011667,"dvar2":0.000888923532329,"max":0.452312082052,"mean":0.160194516182,"median":0.159514948726,"min":0.0363830290735,"var":0.00194288277999},"erbbands_kurtosis":{"dmean":0.682249605656,"dmean2":1.05817377567,"dvar":1.09716546535,"dvar2":2.44783496857,"max":48.3926200867,"mean":0.39904204011,"median":-0.00836026668549,"min":-1.75626111031,"var":3.07548213005},"erbbands_skewness":{"dmean":0.283104628325,"dmean2":0.431981801987,"dvar":0.0737838968635,"dvar2":0.162080451846,"max":6.15331029892,"mean":0.162149116397,"median":0.133035138249,"min":-3.60773277283,"var":0.391044348478},"erbbands_spread":{"dmean":5.94348669052,"dmean2":8.95874500275,"dvar":63.0555725098,"dvar2":126.994491577,"max":141.027297974,"mean":30.5430221558,"median":27.356716156,"min":2.38804149628,"var":211.010864258},"gfcc":{"cov":[[14227.2314453,-87.7633209229,-264.181488037,-58.4425735474,-515.92956543,197.978240967,-279.754699707,42.6357002258,-249.778305054,40.593547821,-235.963012695,27.9334926605,-170.830841064],[-87.7633209229,1447.11621094,-394.83984375,-135.176864624,260.061523438,-189.015380859,135.801498413,-55.8076629639,38.6754951477,-48.3472976685,90.7909851074,-52.6963005066,50.1641235352],[-264.181488037,-394.83984375,780.022155762,38.3974952698,8.61756038666,129.790130615,-25.7167758942,41.1163444519,-16.4193515778,49.4870834351,-32.3863182068,52.8091545105,-27.0722866058],[-58.4425735474,-135.176864624,38.3974952698,353.941497803,-13.1836967468,61.7000770569,26.8690319061,-11.9469671249,49.8059806824,-34.7753410339,7.1949968338,-2.08872318268,-6.00784921646],[-515.92956543,260.061523438,8.61756038666,-13.1836967468,323.952148438,-31.4895191193,88.9807128906,44.7812232971,28.6024284363,15.7677440643,0.253377884626,16.676279068,-19.1972141266],[197.978240967,-189.015380859,129.790130615,61.7000770569,-31.4895191193,159.122146606,22.4576396942,9.05751037598,-3.80727863312,2.64687371254,-4.97173452377,-3.27272963524,-17.2969379425],[-279.754699707,135.801498413,-25.7167758942,26.8690319061,88.9807128906,22.4576396942,156.731399536,19.9738235474,14.7925510406,-0.155321642756,15.3795795441,-8.52527523041,-13.5629301071],[42.6357002258,-55.8076629639,41.1163444519,-11.9469671249,44.7812232971,9.05751037598,19.9738235474,107.420677185,31.1629772186,5.04541492462,-18.1474342346,0.818545758724,-23.0604858398],[-249.778305054,38.6754951477,-16.4193515778,49.8059806824,28.6024284363,-3.80727863312,14.7925510406,31.1629772186,105.163749695,11.6524581909,2.68513393402,-5.65607070923,-12.6214981079],[40.593547821,-48.3472976685,49.4870834351,-34.7753410339,15.7677440643,2.64687371254,-0.155321642756,5.04541492462,11.6524581909,82.4941329956,12.8389310837,1.86652421951,-3.63692855835],[-235.963012695,90.7909851074,-32.3863182068,7.1949968338,0.253377884626,-4.97173452377,15.3795795441,-18.1474342346,2.68513393402,12.8389310837,75.8758468628,18.6360569,4.83497047424],[27.9334926605,-52.6963005066,52.8091545105,-2.08872318268,16.676279068,-3.27272963524,-8.52527523041,0.818545758724,-5.65607070923,1.86652421951,18.6360569,81.5156402588,6.26531600952],[-170.830841064,50.1641235352,-27.0722866058,-6.00784921646,-19.1972141266,-17.2969379425,-13.5629301071,-23.0604858398,-12.6214981079,-3.63692855835,4.83497047424,6.26531600952,79.705329895]],"icov":[[0.0001211068884,-0.000215152904275,0.0001345253404,-0.000164565746672,0.000328905764036,-0.000324263761286,0.000242782974965,-0.000276683917036,0.000478973932331,-0.000521732319612,0.000730304571334,-0.000479986076243,0.000443844706751],[-0.000215152904275,0.00193608773407,-0.0000658210774418,0.0010496804025,-0.00175524584483,0.00164032378234,-0.00121194834355,0.00152928871103,-0.00173999555409,0.00253455503844,-0.00323379295878,0.00236142589711,-0.00160278275143],[0.0001345253404,-0.0000658210774418,0.00196631485596,-0.000334708573064,0.0000719872987247,-0.00162344099954,0.000673324568197,-0.000675425282679,0.000969972810708,-0.00165986642241,0.00158025231212,-0.00168130837847,0.000670743873343],[-0.000164565746672,0.0010496804025,-0.000334708573064,0.00429592840374,-0.000934000709094,-0.000386742933188,-0.00112148874905,0.00204159901477,-0.0034557946492,0.00355182145722,-0.00238053896464,0.0014044966083,-0.00106342567597],[0.000328905764036,-0.00175524584483,0.0000719872987247,-0.000934000709094,0.00600467342883,-0.000277343409834,-0.00131948757917,-0.00246296776459,0.00149713666178,-0.00328689161688,0.00412471033633,-0.00361399562098,0.00233358913101],[-0.000324263761286,0.00164032378234,-0.00162344099954,-0.000386742933188,-0.000277343409834,0.0102985948324,-0.00311829149723,0.000878115533851,-0.000870536430739,0.00211659143679,-0.00314090237953,0.00299644190818,-0.000502650626004],[0.000242782974965,-0.00121194834355,0.000673324568197,-0.00112148874905,-0.00131948757917,-0.00311829149723,0.0096128648147,-0.00209134980105,0.00150979787577,-0.00135454023257,0.0000616831312072,-0.000165658086189,0.00165001198184],[-0.000276683917036,0.00152928871103,-0.000675425282679,0.00204159901477,-0.00246296776459,0.000878115533851,-0.00209134980105,0.0136421052739,-0.00548125617206,0.00268536037765,-0.000037265544961,0.00126851268578,0.000714524532668],[0.000478973932331,-0.00173999555409,0.000969972810708,-0.0034557946492,0.00149713666178,-0.000870536430739,0.00150979787577,-0.00548125617206,0.0148517787457,-0.0056537380442,0.00335491960868,-0.00197788956575,0.00307918014005],[-0.000521732319612,0.00253455503844,-0.00165986642241,0.00355182145722,-0.00328689161688,0.00211659143679,-0.00135454023257,0.00268536037765,-0.0056537380442,0.0186618994921,-0.00863134488463,0.00493384199217,-0.00270333420485],[0.000730304571334,-0.00323379295878,0.00158025231212,-0.00238053896464,0.00412471033633,-0.00314090237953,0.0000616831312072,-0.000037265544961,0.00335491960868,-0.00863134488463,0.0234418381006,-0.00960488989949,0.00373977329582],[-0.000479986076243,0.00236142589711,-0.00168130837847,0.0014044966083,-0.00361399562098,0.00299644190818,-0.000165658086189,0.00126851268578,-0.00197788956575,0.00493384199217,-0.00960488989949,0.0181506499648,-0.00379369757138],[0.000443844706751,-0.00160278275143,0.000670743873343,-0.00106342567597,0.00233358913101,-0.000502650626004,0.00165001198184,0.000714524532668,0.00307918014005,-0.00270333420485,0.00373977329582,-0.00379369757138,0.0160299651325]],"mean":[-6.96300554276,105.754882812,-110.270713806,5.53476238251,-44.3724479675,8.30149459839,-40.0051345825,1.55437469482,-28.0039081573,2.44916796684,-23.5587253571,6.3540854454,-13.6862611771]},"hfc":{"dmean":5.84393167496,"dmean2":8.29409980774,"dvar":156.404754639,"dvar2":269.798522949,"max":493.144012451,"mean":21.3554458618,"median":15.1034231186,"min":1.07424298408e-16,"var":603.71081543},"melbands":{"dmean":[0.000523353344761,0.0010548614664,0.000628109322861,0.000647476292215,0.000373794086045,0.000232778402278,0.000146156118717,0.000118513700727,0.000107194187876,0.0000949238674366,0.0000796622407506,0.0000864514222485,0.0000815258390503,0.000044127820729,0.0000423040073656,0.0000315217002935,0.000039720445784,0.0000269070715149,0.0000228672688536,0.0000317728299706,0.0000115341836135,0.0000075757598097,0.00000773539159127,0.00000382155712941,0.00000251811025009,0.00000229111901717,0.00000189945444617,0.00000161397360898,0.0000010688643215,0.0000010459564237,0.00000107826951989,0.00000135331333695,0.00000149520974446,0.00000161974162438,0.00000186699276128,0.00000177522076683,0.00000139682822464,9.60275087891e-7,7.66389518958e-7,3.52417345084e-7],"dmean2":[0.000901712570339,0.00176941161044,0.00103371310979,0.00109159713611,0.000576884311158,0.000363720493624,0.000220616944716,0.000184847885976,0.000164476135978,0.000143077602843,0.000121128512546,0.000130383647047,0.000126776576508,0.0000683840844431,0.0000671514353598,0.0000502743350808,0.00006408522313,0.0000416335933551,0.0000364081679436,0.0000513759914611,0.0000182577568921,0.0000119561100291,0.0000123866439026,0.00000617862133367,0.00000407650486522,0.00000370514590031,0.00000309597885462,0.00000256155612988,0.00000165154199294,0.00000159077785611,0.00000162766889389,0.00000200786530513,0.00000222280573325,0.00000239410383074,0.00000281127699964,0.00000255375698544,0.00000200716908694,0.00000134700133003,0.00000110671942366,5.09898313794e-7],"dvar":[0.00000198886755243,0.00000448735818281,0.00000112664758944,0.00000339246798831,3.68810816553e-7,1.45410368191e-7,8.31483433217e-8,8.90828033562e-8,7.10787517733e-8,4.96094898494e-8,2.76180589509e-8,4.56182718267e-8,3.31498917205e-8,7.96193511121e-9,6.65637189812e-9,3.26021054597e-9,8.23499046732e-9,4.53253790056e-9,3.2423350671e-9,3.23187365758e-9,5.04677688529e-10,1.8753767983e-10,2.01330077609e-10,9.62965679419e-11,2.69382207513e-11,1.86391908852e-11,2.15173885654e-11,2.00049907195e-11,7.60430954316e-12,7.03277150058e-12,1.10638399484e-11,3.90192045341e-11,6.9757352672e-11,6.96315990978e-11,1.05430768282e-10,1.13818114655e-10,8.30486443504e-11,3.51707378499e-11,2.70984207296e-11,3.90296215486e-12],"dvar2":[0.00000532596823177,0.0000117971940199,0.00000300146552945,0.00000923831794353,9.02041506379e-7,3.5897008388e-7,1.93534319237e-7,1.8563898152e-7,1.71593484311e-7,1.16532405059e-7,5.85871511305e-8,1.07685075079e-7,8.34980866671e-8,1.94879152815e-8,1.68390172917e-8,7.95757948424e-9,2.18943760899e-8,1.09422231276e-8,7.83475595512e-9,7.96253729618e-9,1.16571330366e-9,4.24088431039e-10,4.85413875762e-10,2.31883026669e-10,6.56909387997e-11,4.50833363697e-11,5.45954392805e-11,4.20334357598e-11,1.70042729897e-11,1.53609347464e-11,2.43526327576e-11,9.30549456934e-11,1.25599280976e-10,1.47308026888e-10,2.24246857194e-10,2.33873836963e-10,1.60549143424e-10,6.84113668492e-11,6.2093483133e-11,8.4420916438e-12],"max":[0.0197768248618,0.0330160930753,0.0171947702765,0.0325527451932,0.017315492034,0.00935122277588,0.00911855418235,0.0139837991446,0.00657995743677,0.00613141944632,0.00789893139154,0.00752270361409,0.00598247954622,0.00353542529047,0.00196888833307,0.00196179328486,0.00255697150715,0.00202514673583,0.00258830701932,0.00205349549651,0.000918794248719,0.000364599487511,0.000403479731176,0.000329529866576,0.000131535620312,0.000104735234345,0.000159175440785,0.000331628136337,0.000114216236398,0.0000869306895765,0.000207514545764,0.000611576484516,0.000791955098975,0.000702451972757,0.000361529091606,0.000353076437023,0.000283625005977,0.000235739556956,0.000248086376814,0.000097650445241],"mean":[0.00061139522586,0.00189853110351,0.00118319760077,0.000950602232479,0.000890067429282,0.000539995380677,0.00034877267899,0.00024301794474,0.000219305715291,0.000217219203478,0.000178495873115,0.000178707370651,0.000172586005647,0.000106170868094,0.0000868847200763,0.000062279352278,0.0000737163936719,0.0000539365428267,0.000043707255827,0.0000604852684774,0.0000265089020104,0.0000169869454112,0.0000154981407832,0.00000830441422295,0.00000545427201359,0.00000502733610119,0.00000369404233425,0.00000319227456202,0.00000196420569409,0.00000183107920293,0.00000187797570561,0.00000229709416999,0.00000240776330429,0.00000245168757829,0.00000278713764601,0.00000272432180282,0.00000217000342673,0.00000150510936692,0.00000114411909635,5.58110173188e-7],"median":[0.000280819018371,0.000793879618868,0.000871004187502,0.000497943954542,0.000593219825532,0.000377401418518,0.000201847578865,0.000125773280161,0.000102398407762,0.000100919955003,0.0000957044030656,0.000089390843641,0.0000882450694917,0.0000602871259616,0.0000543353598914,0.0000381108620786,0.0000372525391867,0.0000205930882657,0.0000199786045414,0.0000317306621582,0.0000130313346745,0.00000774934596848,0.00000746245677874,0.000002415988547,0.00000215034469875,0.00000259647094936,0.00000188234503185,0.00000141238797369,6.80062498759e-7,5.0146832109e-7,4.17279522935e-7,4.03051728881e-7,2.76172443137e-7,2.83300011006e-7,2.13149348838e-7,1.4104742263e-7,1.07557340812e-7,9.44546201254e-8,9.73850831087e-8,7.37655625471e-8],"min":[1.54014264628e-24,3.42921069829e-24,1.67169013261e-24,3.30043112767e-24,3.55133070516e-24,3.57408894784e-24,4.55771053866e-24,5.93462070593e-24,6.04753667818e-24,6.27003765751e-24,3.30634975382e-24,3.32389658415e-24,4.24765191531e-24,4.44531560904e-24,3.35963750519e-24,7.62245053823e-24,1.03955111903e-23,1.15029259619e-23,5.70958866639e-24,4.53161462549e-24,3.29500080641e-24,5.90354984146e-24,4.31590889399e-24,8.09795538152e-24,7.29426389128e-24,8.95132696498e-24,9.76984430708e-24,7.17066279806e-24,1.11320043531e-23,7.43250466517e-24,7.7172179765e-24,8.37565256395e-24,9.56109830092e-24,7.38500419462e-24,6.84604495784e-24,6.67223602346e-24,6.14468687081e-24,9.04540020565e-24,8.54353951953e-24,7.82017536868e-24],"var":[0.00000151737185661,0.00000672827218295,0.00000157957981628,0.00000302708895106,0.00000108705808088,3.6197496911e-7,2.383847999e-7,2.12783731968e-7,1.42507900591e-7,1.2667570104e-7,8.139564045e-8,1.13680918901e-7,8.99381333852e-8,3.46059678691e-8,1.51443995122e-8,7.4257227034e-9,1.8919541489e-8,1.23747856406e-8,6.84526924033e-9,1.01801180818e-8,2.39905650901e-9,7.38267946776e-10,6.06211303378e-10,3.75894898541e-10,8.44264658184e-11,5.3842336839e-11,3.91246236797e-11,3.92641127944e-11,1.55379008271e-11,1.48915966364e-11,2.67045031921e-11,9.43291833533e-11,1.61168633994e-10,1.52494641914e-10,2.36233643758e-10,2.65764243945e-10,1.93819182925e-10,7.91390494803e-11,4.61450842815e-11,7.83633141016e-12]},"melbands_crest":{"dmean":2.6633541584,"dmean2":4.34719419479,"dvar":6.87357854843,"dvar2":17.2167415619,"max":30.9944858551,"mean":12.3904237747,"median":11.547290802,"min":1.8181425333,"var":22.1929836273},"melbands_flatness_db":{"dmean":0.0214263442904,"dmean2":0.0319692753255,"dvar":0.000461001996882,"dvar2":0.000996026792563,"max":0.75186008215,"mean":0.211570993066,"median":0.206715583801,"min":0.00508143613115,"var":0.00372759089805},"melbands_kurtosis":{"dmean":3.64421463013,"dmean2":5.8057641983,"dvar":43.734539032,"dvar2":105.65851593,"max":190.431442261,"mean":6.74589443207,"median":4.05928993225,"min":-1.88618218899,"var":91.1769485474},"melbands_skewness":{"dmean":0.5167953372,"dmean2":0.803677082062,"dvar":0.367243915796,"dvar2":0.864968717098,"max":9.72580814362,"mean":2.01021647453,"median":1.87222242355,"min":-1.23268949986,"var":1.15643048286},"melbands_spread":{"dmean":5.09680652618,"dmean2":7.75452756882,"dvar":74.5768432617,"dvar2":137.668640137,"max":226.089828491,"mean":21.7990036011,"median":18.816986084,"min":0.825978517532,"var":277.891418457},"mfcc":{"cov":[[9490.66015625,231.255813599,-160.374816895,-63.2721977234,-193.3671875,110.784736633,-132.367477417,-13.2852287292,-76.7340393066,56.1550636292,-20.8656291962,-151.560668945,-156.10609436],[231.255813599,1636.91064453,-480.071594238,62.8087539673,26.8279399872,-35.2430038452,65.2643432617,-26.2504425049,-5.24433755875,8.80321502686,-10.2615032196,-12.728931427,77.4362564087],[-160.374816895,-480.071594238,713.184143066,-42.0839691162,53.3120384216,61.8201942444,1.00777709484,3.45411014557,20.2470397949,-24.1032390594,-13.6659317017,31.121799469,-10.367017746],[-63.2721977234,62.8087539673,-42.0839691162,254.072311401,55.4201469421,43.6494102478,6.62807559967,55.7011070251,15.9404773712,7.85581445694,9.83592796326,19.5604343414,30.7637233734],[-193.3671875,26.8279399872,53.3120384216,55.4201469421,164.673492432,18.5373821259,3.30458211899,30.4271965027,28.7031917572,0.489363908768,13.6371450424,14.4876394272,23.2265930176],[110.784736633,-35.2430038452,61.8201942444,43.6494102478,18.5373821259,138.840942383,40.053062439,20.3298435211,-0.244183108211,11.1827459335,7.04130840302,4.63289213181,8.0055847168],[-132.367477417,65.2643432617,1.00777709484,6.62807559967,3.30458211899,40.053062439,134.599258423,18.5695552826,12.5034837723,5.95122814178,1.38058257103,9.30842971802,7.03224134445],[-13.2852287292,-26.2504425049,3.45411014557,55.7011070251,30.4271965027,20.3298435211,18.5695552826,133.720291138,18.030248642,3.77781152725,38.890914917,1.35392415524,4.82813692093],[-76.7340393066,-5.24433755875,20.2470397949,15.9404773712,28.7031917572,-0.244183108211,12.5034837723,18.030248642,90.5670623779,28.1771583557,1.29839503765,2.8599550724,-0.547397315502],[56.1550636292,8.80321502686,-24.1032390594,7.85581445694,0.489363908768,11.1827459335,5.95122814178,3.77781152725,28.1771583557,89.3778076172,34.0800170898,-3.48994374275,-3.50360417366],[-20.8656291962,-10.2615032196,-13.6659317017,9.83592796326,13.6371450424,7.04130840302,1.38058257103,38.890914917,1.29839503765,34.0800170898,103.286109924,12.6712217331,0.147368520498],[-151.560668945,-12.728931427,31.121799469,19.5604343414,14.4876394272,4.63289213181,9.30842971802,1.35392415524,2.8599550724,-3.48994374275,12.6712217331,68.5148468018,26.2466411591],[-156.10609436,77.4362564087,-10.367017746,30.7637233734,23.2265930176,8.0055847168,7.03224134445,4.82813692093,-0.547397315502,-3.50360417366,0.147368520498,26.2466411591,68.851776123]],"icov":[[0.000119959091535,-0.0000389694869227,0.00000342303019352,0.0000138417162816,0.000108902488137,-0.000180092640221,0.000171059204149,-0.0000538375898032,0.0000724290803191,-0.0000868762435857,0.0000488527366542,0.000113712361781,0.000233348793699],[-0.0000389694869227,0.000862644985318,0.000545768241864,-0.0000702922552591,-0.000302385771647,0.000213947205339,-0.000531583034899,0.00032186912722,-0.0000254185633821,0.0000708666266291,0.00000546164346815,0.000332818977768,-0.000959596596658],[0.00000342303019352,0.000545768241864,0.00200775405392,0.000537212530617,-0.000728301878553,-0.000892602198292,0.0000329123540723,0.0000841114815557,-0.0004481972137,0.000540609878954,0.000320815132,-0.000810550060123,0.000128678933834],[0.0000138417162816,-0.0000702922552591,0.000537212530617,0.00518721807748,-0.00114301545545,-0.00158019771334,0.000722048804164,-0.00193518574815,-0.000236994208535,-0.000405819126172,0.000832848367281,-0.00117267726455,-0.00107238895725],[0.000108902488137,-0.000302385771647,-0.000728301878553,-0.00114301545545,0.00773188797757,-0.000531957484782,0.000633633811958,-0.000693052075803,-0.00224468973465,0.000911835639272,-0.00101083866321,0.000104220525827,-0.00158351683058],[-0.000180092640221,0.000213947205339,-0.000892602198292,-0.00158019771334,-0.000531957484782,0.00943240802735,-0.00301003921777,-0.000306595640723,0.00142704125028,-0.00142825569492,-0.0000224405812332,0.000629919813946,-0.000967052998021],[0.000171059204149,-0.000531583034899,0.0000329123540723,0.000722048804164,0.000633633811958,-0.00301003921777,0.00906497519463,-0.0013855972793,-0.00109599600546,-0.000235848448938,0.000696039700415,-0.00135041738395,0.000468154757982],[-0.0000538375898032,0.00032186912722,0.0000841114815557,-0.00193518574815,-0.000693052075803,-0.000306595640723,-0.0013855972793,0.0102462703362,-0.00204593781382,0.00229588965885,-0.00446605030447,0.00182829925325,-0.000501114816871],[0.0000724290803191,-0.0000254185633821,-0.0004481972137,-0.000236994208535,-0.00224468973465,0.00142704125028,-0.00109599600546,-0.00204593781382,0.0142837241292,-0.00569267850369,0.00276372162625,-0.000873918179423,0.00122903112788],[-0.0000868762435857,0.0000708666266291,0.000540609878954,-0.000405819126172,0.000911835639272,-0.00142825569492,-0.000235848448938,0.00229588965885,-0.00569267850369,0.0157005209476,-0.00611870642751,0.00183725741226,-0.000225986237638],[0.0000488527366542,0.00000546164346815,0.000320815132,0.000832848367281,-0.00101083866321,-0.0000224405812332,0.000696039700415,-0.00446605030447,0.00276372162625,-0.00611870642751,0.0138871725649,-0.0036054730881,0.00142180768307],[0.000113712361781,0.000332818977768,-0.000810550060123,-0.00117267726455,0.000104220525827,0.000629919813946,-0.00135041738395,0.00182829925325,-0.000873918179423,0.00183725741226,-0.0036054730881,0.0191853120923,-0.00703253503889],[0.000233348793699,-0.000959596596658,0.000128678933834,-0.00107238895725,-0.00158351683058,-0.000967052998021,0.000468154757982,-0.000501114816871,0.00122903112788,-0.000225986237638,0.00142180768307,-0.00703253503889,0.0199408084154]],"mean":[-656.25378418,152.146972656,-9.73633670807,10.1763553619,5.03452825546,7.6472826004,-4.79064941406,1.25263762474,-2.79242706299,-3.3374710083,-7.03776264191,-5.23379325867,2.24285817146]},"pitch_salience":{"dmean":0.0575619675219,"dmean2":0.0946153923869,"dvar":0.00278870738111,"dvar2":0.00738379731774,"max":0.858286619186,"mean":0.604682564735,"median":0.614181160927,"min":0.184971004725,"var":0.00921794492751},"silence_rate_20dB":{"dmean":0,"dmean2":0,"dvar":0,"dvar2":0,"max":1,"mean":1,"median":1,"min":1,"var":0},"silence_rate_30dB":{"dmean":0.00700592296198,"dmean2":0.0140127390623,"dvar":0.00695555331185,"dvar2":0.0192927718163,"max":1,"mean":0.995541989803,"median":1,"min":0,"var":0.0044381855987},"silence_rate_60dB":{"dmean":0.00509521691129,"dmean2":0.0101910829544,"dvar":0.0050691543147,"dvar2":0.0122533859685,"max":1,"mean":0.0645140781999,"median":0,"min":0,"var":0.0603523179889},"spectral_centroid":{"dmean":148.074508667,"dmean2":223.135284424,"dvar":38849.2460938,"dvar2":71919.3046875,"max":11245.2802734,"mean":1018.31433105,"median":943.283447266,"min":154.616348267,"var":250974.4375},"spectral_complexity":{"dmean":2.5221323967,"dmean2":4.02369403839,"dvar":7.55464696884,"dvar2":16.8783893585,"max":55,"mean":19.8121891022,"median":20,"min":0,"var":71.1945114136},"spectral_contrast_coeffs":{"dmean":[0.0475564673543,0.0386768504977,0.0327095501125,0.0291441548616,0.0196087155491,0.0186504814774],"dmean2":[0.0785784870386,0.0633928924799,0.0529784075916,0.0482384636998,0.031757093966,0.0284428596497],"dvar":[0.00161208631471,0.00100688159,0.000709227868356,0.000580823689234,0.000300732004689,0.000307493581204],"dvar2":[0.00421444699168,0.0026917734649,0.00182972918265,0.00149426271673,0.000714340189006,0.000648965477012],"max":[-0.298424959183,-0.452801376581,-0.483374595642,-0.536397457123,-0.555620908737,-0.612419366837],"mean":[-0.610199153423,-0.715350985527,-0.756152570248,-0.768209278584,-0.793648898602,-0.77480751276],"median":[-0.612743854523,-0.715376794338,-0.759573459625,-0.772830247879,-0.801198661327,-0.774474143982],"min":[-0.970604836941,-0.971652805805,-0.967178106308,-0.970589756966,-0.963374197483,-0.961207807064],"var":[0.00653612660244,0.0043299975805,0.00383311719634,0.00314563792199,0.00224727019668,0.0015770070022]},"spectral_contrast_valleys":{"dmean":[0.429286032915,0.285569697618,0.254883736372,0.235725164413,0.238190576434,0.403032124043],"dmean2":[0.685593366623,0.46807000041,0.414684832096,0.37843978405,0.361479610205,0.506854236126],"dvar":[0.170129105449,0.0592274032533,0.0519132874906,0.0572575964034,0.0885502770543,0.198682129383],"dvar2":[0.367693066597,0.145896226168,0.121191740036,0.12560467422,0.184368044138,0.37696325779],"max":[-4.93580389023,-4.87489461899,-5.00646352768,-5.60348415375,-5.85593652725,-6.96744632721],"mean":[-7.31696367264,-6.64673900604,-7.07039070129,-7.50386333466,-7.96867036819,-10.6799907684],"median":[-7.09138631821,-6.40163040161,-6.78581619263,-7.20180606842,-7.74846839905,-10.5230541229],"min":[-27.6127490997,-27.4094905853,-27.5997009277,-27.4558296204,-27.3505001068,-27.3424892426],"var":[1.55673348904,1.50381910801,1.58820343018,1.50729191303,1.41404771805,1.81262338161]},"spectral_decrease":{"dmean":2.13817763495e-9,"dmean2":3.40985151226e-9,"dvar":1.40627817887e-17,"dvar2":3.57178706083e-17,"max":5.045884394e-29,"mean":-7.0991346135e-9,"median":-6.21670004364e-9,"min":-5.82575019337e-8,"var":2.66458334146e-17},"spectral_energy":{"dmean":0.00845864415169,"dmean2":0.0134225338697,"dvar":0.000212676837691,"dvar2":0.000537282903679,"max":0.225370079279,"mean":0.0287306644022,"median":0.0252126641572,"min":1.03044861586e-20,"var":0.000424507335993},"spectral_energyband_high":{"dmean":0.000384155951906,"dmean2":0.000513154373039,"dvar":0.00000210198595596,"dvar2":0.00000333234311256,"max":0.0751070827246,"mean":0.000733206572477,"median":0.000142892677104,"min":7.54662964564e-21,"var":0.00000708150855644},"spectral_energyband_low":{"dmean":0.00452761445194,"dmean2":0.00747761968523,"dvar":0.0000791886850493,"dvar2":0.000204770913115,"max":0.112824529409,"mean":0.00823729485273,"median":0.0046374341473,"min":2.46486200491e-23,"var":0.000101977020677},"spectral_energyband_middle_high":{"dmean":0.00162804103456,"dmean2":0.00244813086465,"dvar":0.00000603990974923,"dvar2":0.0000137178030855,"max":0.0780445933342,"mean":0.0065433527343,"median":0.00488579459488,"min":1.29537867272e-21,"var":0.0000386135106965},"spectral_energyband_middle_low":{"dmean":0.00474571809173,"dmean2":0.00756714725867,"dvar":0.0000814919112599,"dvar2":0.000213847641135,"max":0.162842318416,"mean":0.0145506197587,"median":0.0118606770411,"min":1.7018911675e-22,"var":0.000150244406541},"spectral_entropy":{"dmean":0.156935855746,"dmean2":0.220586076379,"dvar":0.0331913642585,"dvar2":0.0624180547893,"max":9.81239891052,"mean":7.41094398499,"median":7.41233778,"min":4.44830226898,"var":0.209664016962},"spectral_flux":{"dmean":0.0218369420618,"dmean2":0.0342158153653,"dvar":0.000893700111192,"dvar2":0.00189664575737,"max":0.344704121351,"mean":0.0752676799893,"median":0.0664723441005,"min":6.40809558194e-11,"var":0.00220920355059},"spectral_kurtosis":{"dmean":2.51237487793,"dmean2":3.95949625969,"dvar":18.5747203827,"dvar2":40.9716339111,"max":290.655059814,"mean":8.72865962982,"median":7.83168077469,"min":-1.23267948627,"var":75.1941986084},"spectral_rms":{"dmean":0.00069221429294,"dmean2":0.00106786272954,"dvar":9.10581547942e-7,"dvar2":0.00000216133844333,"max":0.0148281240836,"mean":0.00492329802364,"median":0.00495960889384,"min":3.17067140772e-12,"var":0.00000379093944503},"spectral_rolloff":{"dmean":340.106414795,"dmean2":559.165283203,"dvar":572068,"dvar2":1064126.375,"max":19099.9511719,"mean":1384.60888672,"median":1098.19335938,"min":107.666015625,"var":2057216.875},"spectral_skewness":{"dmean":0.269912064075,"dmean2":0.407013267279,"dvar":0.098866187036,"dvar2":0.201793149114,"max":14.6525716782,"mean":2.17567968369,"median":2.13867425919,"min":-0.119045332074,"var":0.556058228016},"spectral_spread":{"dmean":704772.625,"dmean2":917584.125,"dvar":710719700992,"dvar2":1202026184700,"max":41690284,"mean":4168606.5,"median":3759839.5,"min":403295.40625,"var":3585970012160},"spectral_strongpeak":{"dmean":0.454715162516,"dmean2":0.786516010761,"dvar":0.66699886322,"dvar2":1.80133473873,"max":11.0322570801,"mean":0.861185848713,"median":0.532484054565,"min":0,"var":1.03773593903},"zerocrossingrate":{"dmean":0.00926107913256,"dmean2":0.0106665501371,"dvar":0.000197729139472,"dvar2":0.000218200875679,"max":0.51904296875,"mean":0.0548870489001,"median":0.046875,"min":0.00390625,"var":0.00138057861477}},"metadata":{"audio_properties":{"analysis_sample_rate":44100,"bit_rate":0,"codec":"flac","downmix":"mix","equal_loudness":0,"length":364.57333374,"lossless":true,"md5_encoded":"b73d6e9e0aacec8e7ecaed4adad9a3cb","replay_gain":-9.57292747498,"sample_rate":44100},"tags":{"acoustid_id":["6e383415-15b7-4d36-bdda-ec0a0b988d36"],"album":["I'm Your Fan: The Songs of Leonard Cohen"],"albumartist":["Various Artists"],"albumartistsort":["Various Artists"],"artist":["R.E.M."],"artistsort":["R.E.M."],"asin":["B000002ISX"],"barcode":["075678234927"],"bpm":["122.4"],"catalognumber":["7 82349-2"],"composer":["Leonard Cohen"],"date":["1991-11-26"],"discnumber":["1"],"disctotal":["1"],"engineer":["John Keane"],"file_name":"1-01 First We Take Manhattan.flac","genre":["Folk Rock"],"grouping":["Rock"],"label":["Atlantic"],"language":["eng"],"lyricist":["Leonard Cohen"],"media":["CD"],"musicbrainz_albumartistid":["89ad4ac3-39f7-470e-963a-56509c546377"],"musicbrainz_albumid":["594d75f2-419a-45b0-b50e-7c6c34b2c62b"],"musicbrainz_artistid":["ea4dfa26-f633-4da6-a52a-f49ea4897b58"],"musicbrainz_discid":["y3yb65FVGmrUPj_M5bqqknN7Wtc-"],"musicbrainz_recordingid":["30c56324-0d9a-428a-bf0b-2e26b43f3483"],"musicbrainz_releasegroupid":["fe6f41ca-90a4-3110-8441-1343a57a88a5"],"musicbrainz_releasetrackid":["46e90fd4-d0cf-3a24-a04c-0064d36426cb"],"musicbrainz_workid":["dcaaa8d2-5000-3804-a3f9-37079329ecd9"],"originaldate":["1991-09-30"],"performer":["Bill Berry (drums)","Peter Buck (guitar)","Mike Mills (vocals)","Michael Stipe (vocals)","Mike Mills (bass and organ)"],"producer":["R.E.M.","R.E.M."],"releasecountry":["US"],"releasestatus":["official"],"releasetype":["album"],"script":["Latn"],"title":["First We Take Manhattan"],"totaldiscs":["1"],"tracknumber":["1"],"tracktotal":["18"],"work":["First We Take Manhattan","Манхэттен и Берлин 