{"lowlevel":{"average_loudness":0.9576420784,"barkbands":{"dmean":[0.0000994648071355,0.00763934152201,0.00476538995281,0.00348381674848,0.00216249655932,0.000737647351343,0.000897086283658,0.000564838584978,0.00064119824674,0.000213234001421,0.000294137716992,0.000182695759577,0.000102631260233,0.000225981028052,0.000203863499337,0.000182729985681,0.000161207237397,0.000282416353002,0.000206330601941,0.000192304622033,0.000177185211214,0.000158955677762,0.000129540203488,0.000115154172818,0.0000757535526645,0.000034079363104,0.0000109504653665],"dmean2":[0.000151958316565,0.0124801592901,0.00822530593723,0.00590988853946,0.00361717422493,0.00116558931768,0.00139333470725,0.00089194852626,0.000971618806943,0.000345653010299,0.000432403146988,0.000284086330794,0.000167827718542,0.000350015965523,0.000312755262712,0.000289386429358,0.00024409875914,0.000426592509029,0.000312075018883,0.000294804223813,0.000269279378699,0.000234031846048,0.000196165536181,0.000178584770765,0.000122399665997,0.00005696165681,0.00001869208063],"dvar":[2.52878677998e-8,0.000141436627018,0.0000650876027066,0.0000535298422619,0.0000111624349302,0.00000205751234716,0.00000421659660788,0.00000270614918918,0.00000142448141105,3.42007552945e-7,6.70657414048e-7,9.17698059766e-8,3.63777132861e-8,3.18739097338e-7,2.10927879607e-7,2.99824762351e-7,2.26161503747e-7,5.51062328213e-7,1.92351834016e-7,1.27031313468e-7,1.00667065794e-7,8.8742091009e-8,7.9278699161e-8,8.15288103695e-8,5.19353626771e-8,1.38131062144e-8,1.93692306638e-9],"dvar2":[5.52377628082e-8,0.000357859913493,0.000170892701135,0.000140745192766,0.0000296460802929,0.00000467345262223,0.0000095270042948,0.00000557783323529,0.0000032827101677,8.05019794825e-7,0.00000133818741688,1.98262867457e-7,8.44864302962e-8,7.27201609152e-7,4.71075907171e-7,6.95968367381e-7,4.45819978268e-7,0.0000011515226106,3.99772943638e-7,2.97794116477e-7,2.37877173959e-7,1.95547897874e-7,1.86397997481e-7,1.99410195023e-7,1.3488299544e-7,3.73044990454e-8,5.34401811692e-9],"max":[0.00281580048613,0.124776601791,0.107953056693,0.0764664784074,0.0462858267128,0.0318042784929,0.0420077368617,0.0311507415026,0.0247369278222,0.0161363389343,0.0203589648008,0.0108101386577,0.00418071262538,0.0179411675781,0.0111815081909,0.009945679456,0.0166786704212,0.0159666035324,0.0162545703351,0.00675456505269,0.0041960994713,0.00573937781155,0.00432426389307,0.00408404320478,0.00344098987989,0.00178788171615,0.000805867719464],"mean":[0.000170451239683,0.015555283986,0.00885484553874,0.00378044019453,0.00349149596877,0.00124808866531,0.0017700206954,0.000943944614846,0.0013057399774,0.000342393788742,0.000661684607621,0.000329472561134,0.000160139097716,0.000472643296234,0.000421675445978,0.000277028651908,0.000291901407763,0.000542517751455,0.000395110779209,0.000323185668094,0.000322846142808,0.000299121864373,0.000204337688047,0.000167599428096,0.0000827475014376,0.0000337829151249,0.00000940652080317],"median":[0.0000681391320541,0.00907217152417,0.00468047615141,0.00162153155543,0.0019946009852,0.000531642581336,0.000719091040082,0.000258104817476,0.000527379335836,0.000136079805088,0.0000858020503074,0.000180975199328,0.000082671205746,0.000140801552334,0.000101655015897,0.0000953583366936,0.000102682650322,0.000130535219796,0.000171934167156,0.0001554080809,0.000159593182616,0.00012628218974,0.0000865316833369,0.0000702781035216,0.0000196241817321,0.00000668620623401,0.00000119412493405],"min":[2.58781160748e-25,3.66626892234e-24,2.28973129463e-24,9.91595889888e-25,6.42270117534e-24,4.08938866835e-24,5.98772090561e-24,1.10894034977e-23,6.48986321508e-24,1.14588341593e-23,2.24460083834e-23,1.84483326839e-23,2.77642151502e-23,4.13410351327e-23,5.23827622438e-23,7.88257331965e-23,6.27902735862e-23,6.83766835944e-23,1.70298673752e-22,1.50752530678e-22,2.93639095767e-22,3.21275707933e-22,3.38164273281e-22,5.73878057462e-22,8.34205185411e-22,1.31639937984e-21,1.95288699233e-21],"var":[5.77267371682e-8,0.00029830186395,0.000114411013783,0.0000457765636384,0.0000186023335118,0.00000484440579385,0.0000113423884613,0.0000073869505286,0.00000441182692157,9.1569131655e-7,0.00000337953838425,2.57610338394e-7,6.28007157388e-8,0.00000208551796277,6.95406924933e-7,4.18648909317e-7,4.42433901071e-7,0.00000168080282492,7.95960886535e-7,2.25907427875e-7,1.79668361966e-7,1.83650371355e-7,1.19051129843e-7,9.89414061792e-8,4.50528219176e-8,1.02710879801e-8,1.31294652927e-9]},"barkbands_crest":{"dmean":2.55596542358,"dmean2":4.09452390671,"dvar":5.94702720642,"dvar2":14.5444927216,"max":25.7158794403,"mean":12.6148071289,"median":12.1426448822,"min":2.7342376709,"var":21.7568340302},"barkbands_flatness_db":{"dmean":0.0256260130554,"dmean2":0.0378425940871,"dvar":0.00072075315984,"dvar2":0.00149922899436,"max":0.404683798552,"mean":0.153477728367,"median":0.147044345737,"min":0.0243637003005,"var":0.00391629477963},"barkbands_kurtosis":{"dmean":5.47167015076,"dmean2":8.64424133301,"dvar":81.6738433838,"dvar2":197.954360962,"max":163.148788452,"mean":10.0515079498,"median":4.6760430336,"min":-1.87892615795,"var":218.123428345},"barkbands_skewness":{"dmean":0.690858840942,"dmean2":1.07782459259,"dvar":0.590993881226,"dvar2":1.35418331623,"max":11.1703910828,"mean":2.45817470551,"median":2.20049190521,"min":-2.11983203888,"var":2.59655356407},"barkbands_spread":{"dmean":6.71225833893,"dmean2":10.3276052475,"dvar":74.6656036377,"dvar2":174.516296387,"max":123.16709137,"mean":21.5731925964,"median":19.2380161285,"min":0.864302992821,"var":223.365447998},"dissonance":{"dmean":0.0170188881457,"dmean2":0.0281336698681,"dvar":0.00029781498597,"dvar2":0.000761287461501,"max":0.500000119209,"mean":0.462661981583,"median":0.470698416233,"min":0.275807231665,"var":0.000866725924425},"dynamic_complexity":2.38417768478,"erbbands":{"dmean":[0.163380250335,1.98226797581,5.56885147095,8.10080718994,9.02854251862,7.60574150085,6.63863515854,6.25902891159,10.2151679993,15.9260969162,9.88500785828,15.6929292679,8.58630657196,7.34121417999,10.964471817,6.52322244644,4.35689353943,9.96380901337,12.519744873,9.2526550293,8.25211811066,8.54371166229,13.3363647461,12.1852846146,10.2814435959,8.99252700806,8.16557693481,6.08072519302,5.78515625,4.94134140015,3.50236344337,2.51770210266,1.86829984188,0.946499347687,0.511581838131,0.18711681664,0.0580676198006,0.0117209423333,0.00192465889268,0.000117883231724],"dmean2":[0.265735656023,3.25414347649,9.54201126099,13.8338909149,15.2695245743,12.609705925,10.8573694229,9.92775058746,15.6335458755,24.7775878906,15.6569252014,23.6330776215,13.9131307602,11.1718044281,16.1449794769,10.1794071198,7.04640102386,15.4434127808,19.0105285645,14.7414340973,12.9808340073,12.7763500214,20.0214805603,17.7415027618,15.7308340073,13.8062505722,12.6653032303,9.09170055389,8.56291007996,7.36206388474,5.35419988632,3.85844445229,2.94882035255,1.52105236053,0.835984885693,0.310191720724,0.0979010909796,0.0197682157159,0.00327621889301,0.000199337140657],"dvar":[0.0703455433249,9.66824245453,80.8255996704,257.803283691,273.867523193,168.709854126,213.273803711,127.396697998,595.313903809,1450.14208984,866.854553223,880.05871582,537.261474609,416.808685303,725.588439941,123.61214447,53.6933860779,632.869018555,843.43560791,588.501403809,494.400054932,520.460632324,1198.83496094,910.893249512,368.865539551,275.918731689,247.397262573,112.385902405,119.784492493,109.772956848,60.0673713684,33.5488853455,24.9868659973,8.00585079193,2.56158661842,0.415905535221,0.0407205857337,0.00197425857186,0.0000590590752836,2.01657471166e-7],"dvar2":[0.182815596461,24.7151832581,215.439239502,687.20300293,726.129882812,428.986053467,505.518310547,289.201049805,1282.46557617,3177.13769531,1869.19506836,2005.18811035,1372.35253906,914.710632324,1379.28503418,281.362792969,125.206718445,1344.97949219,1872.58825684,1381.97644043,1097.26745605,1034.72802734,2478.67260742,1775.46716309,827.979736328,646.667541504,612.717407227,249.909332275,264.388671875,249.728637695,146.072357178,78.8523788452,63.0164604187,20.8815727234,6.65300559998,1.11274409294,0.110821485519,0.00545787066221,0.000162453623489,5.54836788069e-7],"max":[2.64935231209,30.5285148621,105.23034668,181.030181885,225.843307495,177.123519897,319.195587158,181.899963379,632.780334473,745.643493652,849.246337891,740.000671387,431.364715576,666.773132324,619.755859375,327.063354492,162.819976807,1007.88598633,764.371398926,532.72668457,441.242675781,605.045227051,823.918334961,1143.44299316,398.76953125,284.644378662,210.462982178,136.686477661,187.368743896,233.510574341,110.199577332,115.202774048,73.7666931152,42.5974006653,27.4668045044,10.6944093704,3.55535149574,0.729348897934,0.138087555766,0.0109261134639],"mean":[0.291937470436,4.02109050751,11.2118310928,10.6996908188,11.7438440323,12.3137121201,10.7420501709,10.5889787674,20.6090373993,29.8094558716,18.4597549438,33.1565132141,13.52546978,15.8820753098,24.5699710846,12.4277982712,8.02814006805,20.8316955566,27.3681221008,17.5541629791,14.3740463257,17.0283317566,26.9513969421,25.0516052246,18.9648456573,15.4925193787,13.7939386368,11.6686620712,10.8075122833,8.55997085571,5.45062208176,3.97934532166,2.42210578918,1.0704638958,0.53796184063,0.187739491463,0.0561759024858,0.0112223913893,0.0016733208904,0.000135433743708],"median":[0.184006899595,2.22405099869,8.31045436859,6.22185754776,6.36812114716,6.52071905136,5.18945884705,4.9188451767,7.34312582016,12.1961326599,7.685526371,13.2884044647,6.77528762817,4.60000610352,6.77795505524,7.59006071091,4.73564720154,7.53081512451,6.40398597717,6.26371097565,5.25923156738,6.54493904114,6.95582389832,8.24805641174,9.15247058868,7.66545009613,7.10419607162,5.55558872223,4.57963180542,3.47998809814,2.36082363129,1.72400975227,0.925907313824,0.282366514206,0.117117807269,0.0407623127103,0.0103290230036,0.00181951583363,0.000237307656789,0.0000649591092952],"min":[1.0039976629e-22,6.44052094365e-22,3.50414669721e-21,4.28408996534e-21,6.97731531891e-21,2.49494103267e-20,4.60513839046e-20,4.24873146767e-20,1.5560873862e-19,1.57846727466e-19,2.90013710363e-19,1.66981295895e-19,5.20780816147e-19,4.48347660134e-19,1.081995875e-18,9.62325174237e-19,1.35311838283e-18,2.58464948742e-18,3.02394877393e-18,3.14947653382e-18,4.36173329616e-18,4.59499119786e-18,4.61584111238e-18,6.97689623561e-18,8.06578107754e-18,7.83868360345e-18,1.00363188569e-17,9.33303997395e-18,1.21977881196e-17,1.20225540428e-17,8.98066847762e-18,1.04846176617e-17,1.01052321009e-17,7.22087894755e-18,6.48093941984e-18,4.54589926928e-18,2.480665233e-18,1.08450109488e-18,2.47417320936e-19,2.77304933281e-20],"var":[0.118553429842,20.2864685059,129.348403931,232.926422119,275.007049561,324.390533447,407.539215088,275.163360596,2071.73193359,3848.26245117,2160.13891602,2941.60327148,687.5546875,1775.80187988,3305.80664062,286.617370605,106.442337036,2824.23535156,3334.55053711,1248.46362305,861.354675293,1106.75402832,3798.29541016,4699.94384766,850.513793945,500.67791748,353.849243164,248.00050354,244.994659424,192.096801758,82.4354858398,50.6118888855,25.1561355591,7.07376241684,2.14746022224,0.312540173531,0.0300031192601,0.00139859935734,0.0000402554433094,1.36487713576e-7]},"erbbands_crest":{"dmean":1.99477171898,"dmean2":3.14081931114,"dvar":4.34098720551,"dvar2":10.0968694687,"max":27.8106403351,"mean":7.96289539337,"median":6.80487155914,"min":1.97437608242,"var":18.7847537994},"erbbands_flatness_db":{"dmean":0.0156270824373,"dmean2":0.0224536471069,"dvar":0.00029035739135,"dvar2":0.000560642161872,"max":0.289773255587,"mean":0.130229368806,"median":0.122193329036,"min":0.0247804932296,"var":0.00194102560636},"erbbands_kurtosis":{"dmean":0.670093297958,"dmean2":1.03611052036,"dvar":0.848580598831,"dvar2":1.90734624863,"max":17.7418670654,"mean":0.0182122495025,"median":-0.529093384743,"min":-1.78028035164,"var":3.31461119652},"erbbands_skewness":{"dmean":0.337995737791,"dmean2":0.504242122173,"dvar":0.126979485154,"dvar2":0.265046775341,"max":4.03258657455,"mean":0.217188477516,"median":0.221666425467,"min":-3.25617003441,"var":0.577329099178},"erbbands_spread":{"dmean":10.1861486435,"dmean2":15.546336174,"dvar":123.589752197,"dvar2":282.631256104,"max":146.728744507,"mean":53.715007782,"median":50.5852737427,"min":6.44733428955,"var":505.773834229},"gfcc":{"cov":[[32506.109375,727.027526855,-2417.04956055,1237.16674805,-1547.27050781,488.439086914,-675.393127441,176.772781372,-450.568145752,-20.2739028931,-537.971496582,-146.481765747,-380.619293213],[727.027526855,1313.31774902,-194.460678101,5.6707201004,187.691894531,-19.1522655487,134.355682373,41.5847587585,141.728530884,-45.1698646545,134.790588379,-71.2749252319,43.5723991394],[-2417.04956055,-194.460678101,846.324768066,-65.0335083008,117.214424133,-12.8375444412,78.37865448,-42.7141723633,-64.1687774658,92.934715271,32.204158783,20.6166152954,-5.88350486755],[1237.16674805,5.6707201004,-65.0335083008,323.12298584,-12.372136116,-34.2137985229,-20.0980892181,66.5268325806,19.5797786713,-16.6594085693,20.9223995209,3.81912875175,1.04542434216],[-1547.27050781,187.691894531,117.214424133,-12.372136116,342.649841309,38.3335876465,89.6447219849,21.6091384888,98.4346618652,25.2191677094,43.9120521545,-3.00000572205,62.8838424683],[488.439086914,-19.1522655487,-12.8375444412,-34.2137985229,38.3335876465,256.224517822,92.4549942017,-12.3300180435,4.19905376434,23.1515445709,-21.77435112,13.0182332993,30.7274513245],[-675.393127441,134.355682373,78.37865448,-20.0980892181,89.6447219849,92.4549942017,213.141036987,16.7087726593,7.71832180023,-2.20805025101,53.7081565857,31.3564529419,39.9548835754],[176.772781372,41.5847587585,-42.7141723633,66.5268325806,21.6091384888,-12.3300180435,16.7087726593,126.560417175,82.6072387695,0.585864424706,32.5528450012,-11.1563043594,1.64056110382],[-450.568145752,141.728530884,-64.1687774658,19.5797786713,98.4346618652,4.19905376434,7.71832180023,82.6072387695,182.478866577,15.3800878525,34.5933685303,-21.8421230316,27.8142185211],[-20.2739028931,-45.1698646545,92.934715271,-16.6594085693,25.2191677094,23.1515445709,-2.20805025101,0.585864424706,15.3800878525,90.3074951172,5.87972593307,-2.79072141647,-2.83629584312],[-537.971496582,134.790588379,32.204158783,20.9223995209,43.9120521545,-21.77435112,53.7081565857,32.5528450012,34.5933685303,5.87972593307,108.068267822,20.7497768402,13.6256475449],[-146.481765747,-71.2749252319,20.6166152954,3.81912875175,-3.00000572205,13.0182332993,31.3564529419,-11.1563043594,-21.8421230316,-2.79072141647,20.7497768402,87.3631668091,28.8769798279],[-380.619293213,43.5723991394,-5.88350486755,1.04542434216,62.8838424683,30.7274513245,39.9548835754,1.64056110382,27.8142185211,-2.83629584312,13.6256475449,28.8769798279,76.8896942139]],"icov":[[0.000115520473628,-0.000245704490226,0.000218173154281,-0.000413101050071,0.000344890839187,-0.000391096342355,0.000278959138086,-0.000377389369532,0.000442831689725,-0.000494286301546,0.000549209536985,-0.000249297445407,0.000288596405881],[-0.000245704490226,0.00174858397804,-0.000102421559859,0.000879521132447,-0.00105709268246,0.00108532852028,-0.00132038991433,0.00152761104982,-0.00143584923353,0.00151254201774,-0.0026087469887,0.00207222672179,-0.000883397064172],[0.000218173154281,-0.000102421559859,0.0021563123446,-0.000622451712843,-0.000124229904031,-0.000137818453368,-0.000313935801387,-0.00040321337292,0.00165591086261,-0.00256494688801,0.000526395218913,-0.000224752409849,0.000937415286899],[-0.000413101050071,0.000879521132447,-0.000622451712843,0.00515438150615,-0.0013368348591,0.00151996035129,-0.000312801304972,-0.00104168779217,-0.000729702413082,0.00217973417602,-0.0024666225072,0.000600499508437,-0.00143443024717],[0.000344890839187,-0.00105709268246,-0.000124229904031,-0.0013368348591,0.00587584776804,-0.00114722200669,-0.000337485980708,-0.000180015253136,-0.0011123897275,-0.00189165724441,0.00159551179968,0.000174619242898,-0.00186856940854],[-0.000391096342355,0.00108532852028,-0.000137818453368,0.00151996035129,-0.00114722200669,0.00707521196455,-0.00431539257988,0.00202905898914,-0.00194913079031,-0.000476976536447,0.000598319631536,0.00094116711989,-0.00204433361068],[0.000278959138086,-0.00132038991433,-0.000313935801387,-0.000312801304972,-0.000337485980708,-0.00431539257988,0.00959238130599,-0.00330234179273,0.00314382137731,0.000614026852418,-0.00182542286348,-0.00227024662308,-0.000742655363865],[-0.000377389369532,0.00152761104982,-0.00040321337292,-0.00104168779217,-0.000180015253136,0.00202905898914,-0.00330234179273,0.0156501606107,-0.00831160787493,0.00202857982367,-0.00405540829524,0.002277813619,0.000912618241273],[0.000442831689725,-0.00143584923353,0.00165591086261,-0.000729702413082,-0.0011123897275,-0.00194913079031,0.00314382137731,-0.00831160787493,0.0132484454662,-0.00385118508711,0.000682604266331,0.000978894648142,-0.00204838602804],[-0.000494286301546,0.00151254201774,-0.00256494688801,0.00217973417602,-0.00189165724441,-0.000476976536447,0.000614026852418,0.00202857982367,-0.00385118508711,0.0163896065205,-0.00420016143471,0.00151177577209,0.0000197406170628],[0.000549209536985,-0.0026087469887,0.000526395218913,-0.0024666225072,0.00159551179968,0.000598319631536,-0.00182542286348,-0.00405540829524,0.000682604266331,-0.00420016143471,0.0180484820157,-0.00619347160682,0.00248776236549],[-0.000249297445407,0.00207222672179,-0.000224752409849,0.000600499508437,0.000174619242898,0.00094116711989,-0.00227024662308,0.002277813619,0.000978894648142,0.00151177577209,-0.00619347160682,0.0180614534765,-0.00780558167025],[0.000288596405881,-0.000883397064172,0.000937415286899,-0.00143443024717,-0.00186856940854,-0.00204433361068,-0.000742655363865,0.000912618241273,-0.00204838602804,0.0000197406170628,0.00248776236549,-0.00780558167025,0.0209700651467]],"mean":[-8.01879310608,88.7517852783,-93.6268310547,49.4543037415,-54.6849441528,15.4147043228,-26.5547332764,8.35071086884,-16.8953380585,0.997207283974,-13.6920099258,-5.91000032425,-13.9701633453]},"hfc":{"dmean":7.97143793106,"dmean2":11.6247472763,"dvar":173.460479736,"dvar2":411.141448975,"max":177.335601807,"mean":22.420217514,"median":18.7756919861,"min":1.07558705332e-16,"var":332.653289795},"melbands":{"dmean":[0.00181232951581,0.00274382997304,0.00144934048876,0.000550389406271,0.000253349571722,0.000138187300763,0.000164101467817,0.000164598881383,0.0000850642463774,0.0000953200724325,0.0000416111797676,0.0000291040305456,0.0000433408276876,0.0000212320792343,0.0000154915214807,0.00000992382229015,0.0000209175996133,0.0000226135653065,0.0000110392375063,0.0000138276645885,0.00000960915531323,0.00000910202197701,0.0000105960180008,0.0000153033015522,0.000010124954315,0.00000775005537434,0.0000076040496424,0.00000585377074458,0.00000543353826288,0.00000447302181783,0.0000035574391859,0.00000350036998498,0.00000319788523484,0.00000273316254606,0.00000215500290324,0.00000168874089468,0.00000157445720106,0.00000142718738516,0.00000100436352568,7.64324909142e-7],"dmean2":[0.00296829431318,0.00461670802906,0.00244916719384,0.000915022334084,0.000415279791923,0.000218490778934,0.000251940218732,0.000256677885773,0.000133139401441,0.000145251746289,0.0000678578944644,0.000044797481678,0.0000639360878267,0.0000325579021592,0.0000249138447543,0.0000161531825142,0.0000322425148624,0.000034562915971,0.0000175214863702,0.0000218472123379,0.0000151939493662,0.0000139064277391,0.0000156798851094,0.0000231849189731,0.0000148843573697,0.0000119598471429,0.0000115226685011,0.00000919375634112,0.00000858696876094,0.00000690861088515,0.00000538697759112,0.00000529648605152,0.00000477609728478,0.00000414869191445,0.0000033383059872,0.0000025914202979,0.00000245798537435,0.0000022730434921,0.00000159767978403,0.0000012522916677],"dvar":[0.00000819177148514,0.0000177412766789,0.000007653985449,7.47282172142e-7,2.62150138042e-7,6.26695495498e-8,1.5134781961e-7,1.61543539434e-7,5.5696631307e-8,3.23051807527e-8,1.29956294614e-8,7.298766036e-9,1.43589922175e-8,1.45410916641e-9,8.79758266237e-10,3.43974820849e-10,3.14724402095e-9,2.95409230411e-9,5.59505441977e-10,2.16544249199e-9,7.19516224379e-10,8.0999140728e-10,5.89523652117e-10,1.94330307401e-9,6.85814960377e-10,2.35052755038e-10,2.08508724175e-10,1.26495217079e-10,1.1949544132e-10,6.49628822957e-11,4.09290899783e-11,4.52266384066e-11,4.03361961887e-11,3.72491655576e-11,2.32192182148e-11,1.53816664267e-11,1.36608059934e-11,1.53949041015e-11,8.10463501866e-12,5.77947845831e-12],"dvar2":[0.000020893785404,0.0000469455444545,0.0000201701896003,0.00000200463205147,6.39751021936e-7,1.42045081475e-7,3.29418497813e-7,3.42721421021e-7,1.2016928963e-7,7.57049107847e-8,3.30590026465e-8,1.62630851008e-8,2.79267791115e-8,2.9758482345e-9,2.04991112973e-9,8.09499911547e-10,6.67196609072e-9,6.64447386001e-9,1.32533284347e-9,5.0554098685e-9,1.54612977976e-9,1.69194847022e-9,1.19280885169e-9,4.19136281238e-9,1.33173405636e-9,5.41222955341e-10,4.6067435977e-10,3.0429719855e-10,3.00190566849e-10,1.53785983947e-10,9.15545347868e-11,1.04343714225e-10,9.19165785151e-11,8.44432024305e-11,5.67397934192e-11,3.73563402434e-11,3.24594517931e-11,3.93906747498e-11,2.05808061565e-11,1.52955842436e-11],"max":[0.0313340947032,0.0418448634446,0.0287952441722,0.0119439838454,0.00868375506252,0.00447335420176,0.00971787050366,0.00858906377107,0.00674821436405,0.00422676932067,0.00211523706093,0.0026877601631,0.00300034601241,0.0016562351957,0.000464352633571,0.000507008226123,0.00226314505562,0.00134124734905,0.000586406385992,0.000969021697529,0.000764769152738,0.000877762970049,0.000560129934456,0.00129772897344,0.00117138493806,0.000342491286574,0.000313576776534,0.000169114675373,0.000166635785718,0.000118222698802,0.0000962710473686,0.000123584861285,0.000162085139891,0.000136581278639,0.0000795775704319,0.0000773145948187,0.0000699144875398,0.0000696449715178,0.000046317865781,0.0000379047232855],"mean":[0.00352200609632,0.00588162941858,0.0019849636592,0.000876562204212,0.000417530129198,0.000230843827012,0.000331815768732,0.000304060871713,0.000165131146787,0.000192944979062,0.0000598218975938,0.0000589499613852,0.0000992478380795,0.0000386719148082,0.0000243845515797,0.0000166265781445,0.0000421004406235,0.0000478149304399,0.0000227002183237,0.000021298403226,0.0000160512718139,0.0000163031236298,0.000020693643819,0.0000283057543129,0.0000194314288819,0.0000143073384606,0.0000126779477796,0.00000943849772739,0.00000860095497046,0.00000764661035646,0.00000651231721349,0.00000605913101026,0.00000579465813644,0.00000435858919445,0.0000032276877846,0.0000025487165658,0.00000241827865466,0.00000184435032224,0.00000115862576422,8.22504318876e-7],"median":[0.00219866260886,0.00519686983898,0.00117936264724,0.000505198084284,0.0002109532943,0.000102218771644,0.000118881798699,0.000120027310913,0.000063925232098,0.0000794951047283,0.0000238940338022,0.0000159918381542,0.000018346705474,0.0000206197837542,0.0000106122988655,0.00000892357820703,0.0000134331203299,0.0000100527868199,0.0000074592871897,0.00000714563611837,0.00000549749984202,0.00000616802390141,0.00000572684575673,0.00000571607506572,0.00000593033382756,0.00000639410018266,0.00000580332016398,0.00000445134764959,0.00000426351380156,0.00000374497449229,0.00000272675015367,0.00000245979936153,0.00000212878921957,0.0000017492952793,0.00000134940955832,0.00000100550732895,0.00000103621209746,7.17364912362e-7,3.06331600086e-7,1.98275117214e-7],"min":[1.17930277849e-24,1.58154048887e-24,1.42112029898e-24,1.09570925912e-24,2.00132710034e-24,9.69606786585e-25,2.23026360694e-24,2.08190233928e-24,2.45926894165e-24,7.96766425479e-25,2.19030957702e-24,1.3944401357e-24,3.09464295548e-24,2.24084223168e-24,3.09631534059e-24,3.36970100376e-24,3.75099692229e-24,3.2003467669e-24,2.93371710575e-24,4.92664540125e-24,4.18365439108e-24,3.77415235644e-24,3.74271585494e-24,2.93361908978e-24,5.61593391643e-24,6.01838077356e-24,4.62533800634e-24,4.69531904054e-24,4.96234490708e-24,5.69733805096e-24,4.8360372321e-24,6.22694968044e-24,5.9904886241e-24,5.77995150926e-24,5.01292035744e-24,4.31216811558e-24,5.53839322818e-24,5.8322222217e-24,5.82852009747e-24,6.03092642296e-24],"var":[0.0000153303444677,0.0000290530388156,0.0000072020548032,0.00000113999794848,4.80958249227e-7,1.40181455777e-7,4.99965722156e-7,4.59308949985e-7,1.55765746968e-7,9.50206811012e-8,1.69452842869e-8,2.98200291127e-8,7.08621783474e-8,4.52422366237e-9,1.66548230762e-9,6.35219710166e-10,1.53759422972e-8,1.28116672826e-8,1.57352508801e-9,3.0788949168e-9,1.24540688873e-9,1.38496614177e-9,1.73250791491e-9,6.05306293977e-9,3.33656702267e-9,7.59898310942e-10,4.04283051481e-10,2.06600347941e-10,1.60552710016e-10,1.0766866565e-10,9.16249784377e-11,8.21326270883e-11,8.36679961425e-11,6.04864491827e-11,3.11797879182e-11,2.1184302576e-11,1.97705862098e-11,1.46755801955e-11,7.96988603585e-12,4.77108673749e-12]},"melbands_crest":{"dmean":3.1910982132,"dmean2":5.25868272781,"dvar":8.72379398346,"dvar2":23.3143100739,"max":32.0559844971,"mean":17.7033081055,"median":17.9502105713,"min":1.58712363243,"var":28.318271637},"melbands_flatness_db":{"dmean":0.0313818901777,"dmean2":0.0461808256805,"dvar":0.00110550958198,"dvar2":0.00224053859711,"max":0.546921491623,"mean":0.231480360031,"median":0.228340134025,"min":0.00304484646767,"var":0.00698017235845},"melbands_kurtosis":{"dmean":13.9562540054,"dmean2":22.4317836761,"dvar":416.573944092,"dvar2":1019.79077148,"max":259.758911133,"mean":31.1290950775,"median":19.9813957214,"min":-1.46024489403,"var":1017.08996582},"melbands_skewness":{"dmean":0.965924143791,"dmean2":1.53359115124,"dvar":1.10727834702,"dvar2":2.63970088959,"max":13.7720766068,"mean":4.19718027115,"median":3.90379428864,"min":-0.55533862114,"var":4.40983104706},"melbands_spread":{"dmean":6.20379686356,"dmean2":9.71786403656,"dvar":82.9271774292,"dvar2":188.17074585,"max":175.924789429,"mean":18.6801128387,"median":13.1519470215,"min":0.714195132256,"var":408.925811768},"mfcc":{"cov":[[11262.3349609,192.645843506,10.3755493164,439.268493652,-142.611038208,106.957977295,-166.434082031,78.0268859863,-7.59142065048,97.3322906494,-15.0503587723,-69.0982284546,-222.684143066],[192.645843506,1288.49658203,12.5694189072,81.7248840332,81.9310760498,71.0567016602,104.717590332,61.1740837097,40.8577003479,90.3287200928,40.6106987,75.0480880737,51.9780158997],[10.3755493164,12.5694189072,478.625610352,49.1997070312,-28.743806839,34.8408927917,85.5512619019,-45.5794830322,-24.8235607147,-16.4258270264,9.25676727295,3.65089082718,79.5405502319],[439.268493652,81.7248840332,49.1997070312,333.674163818,65.6165084839,-67.1270980835,11.0240840912,44.0118637085,-16.6485176086,8.3790435791,25.4894142151,32.6323165894,15.9597663879],[-142.611038208,81.9310760498,-28.743806839,65.6165084839,221.00769043,18.6443901062,-32.3710441589,4.18686008453,55.7508354187,67.2613525391,25.1486186981,23.7939548492,6.74998950958],[106.957977295,71.0567016602,34.8408927917,-67.1270980835,18.6443901062,213.460586548,87.5396652222,10.2303304672,59.6388130188,-10.7538805008,-8.66769790649,-0.377671182156,-2.98334026337],[-166.434082031,104.717590332,85.5512619019,11.0240840912,-32.3710441589,87.5396652222,190.992614746,34.5660095215,9.95292568207,-24.0508346558,-6.69269514084,23.5267715454,21.3174171448],[78.0268859863,61.1740837097,-45.5794830322,44.0118637085,4.18686008453,10.2303304672,34.5660095215,134.993225098,28.5606174469,17.0257015228,16.9874000549,16.5384902954,1.75407648087],[-7.59142065048,40.8577003479,-24.8235607147,-16.6485176086,55.7508354187,59.6388130188,9.95292568207,28.5606174469,115.768066406,43.059841156,-0.0310687161982,8.34728908539,-5.6749792099],[97.3322906494,90.3287200928,-16.4258270264,8.3790435791,67.2613525391,-10.7538805008,-24.0508346558,17.0257015228,43.059841156,140.338287354,48.539478302,15.6022987366,9.14458465576],[-15.0503587723,40.6106987,9.25676727295,25.4894142151,25.1486186981,-8.66769790649,-6.69269514084,16.9874000549,-0.0310687161982,48.539478302,77.4391021729,22.7947387695,5.49708127975],[-69.0982284546,75.0480880737,3.65089082718,32.6323165894,23.7939548492,-0.377671182156,23.5267715454,16.5384902954,8.34728908539,15.6022987366,22.7947387695,72.5040588379,22.0197925568],[-222.684143066,51.9780158997,79.5405502319,15.9597663879,6.74998950958,-2.98334026337,21.3174171448,1.75407648087,-5.6749792099,9.14458465576,5.49708127975,22.0197925568,91.6811981201]],"icov":[[0.000119193100545,-0.0000230095611187,-0.0000567337956454,-0.00026833784068,0.000247056974331,-0.000288120558253,0.000275851925835,-0.0000627289991826,0.000102784892078,-0.000265786220552,0.000203284231247,-0.0000162955166161,0.00033257852192],[-0.0000230095611187,0.000926822423935,0.000118625008326,-0.00011288094538,-0.000168723243405,-0.000224083312787,-0.000454203953268,-0.0000967485611909,0.00016742463049,-0.000557177118026,0.0000737571390346,-0.000524649338331,-0.000364493171219],[-0.0000567337956454,0.000118625008326,0.00305570452474,-0.000588706170674,0.000328104040818,-0.000291080737952,-0.00138758588582,0.0015986453509,-0.0000374703849957,0.000193422238226,-0.00108892947901,0.00103578146081,-0.00270030368119],[-0.00026833784068,-0.00011288094538,-0.000588706170674,0.00478575378656,-0.00233739265241,0.00246110372245,-0.00119758408982,-0.00141269993037,0.000382624304621,0.00149042520206,-0.000948306638747,-0.000767341756728,-0.000236275198404],[0.000247056974331,-0.000168723243405,0.000328104040818,-0.00233739265241,0.00738898990676,-0.00198887265287,0.00219376711175,0.00106722593773,-0.00210647052154,-0.00262404326349,0.000198868248845,-0.00122859945986,0.0000932320181164],[-0.000288120558253,-0.000224083312787,-0.000291080737952,0.00246110372245,-0.00198887265287,0.00883165560663,-0.00425611902028,0.000418449868448,-0.00406479183584,0.00267078122124,-0.00158039387316,0.00125644437503,-0.0000582464163017],[0.000275851925835,-0.000454203953268,-0.00138758588582,-0.00119758408982,0.00219376711175,-0.00425611902028,0.00943765696138,-0.00225864909589,0.00084535399219,-0.0000856599726831,0.00180049403571,-0.00274442089722,0.000500689493492],[-0.0000627289991826,-0.0000967485611909,0.0015986453509,-0.00141269993037,0.00106722593773,0.000418449868448,-0.00225864909589,0.00990309938788,-0.00289198663086,0.0000672670794302,-0.00235241628252,0.0000939985911828,-0.00103504152503],[0.000102784892078,0.00016742463049,-0.0000374703849957,0.000382624304621,-0.00210647052154,-0.00406479183584,0.00084535399219,-0.00289198663086,0.014333252795,-0.00474559701979,0.0040793591179,-0.00155465572607,0.00149158213753],[-0.000265786220552,-0.000557177118026,0.000193422238226,0.00149042520206,-0.00262404326349,0.00267078122124,-0.0000856599726831,0.0000672670794302,-0.00474559701979,0.0131104113534,-0.00758741889149,0.00121704384219,-0.00189700629562],[0.000203284231247,0.0000737571390346,-0.00108892947901,-0.000948306638747,0.000198868248845,-0.00158039387316,0.00180049403571,-0.00235241628252,0.0040793591179,-0.00758741889149,0.0199478417635,-0.00530120078474,0.00220853299834],[-0.0000162955166161,-0.000524649338331,0.00103578146081,-0.000767341756728,-0.00122859945986,0.00125644437503,-0.00274442089722,0.0000939985911828,-0.00155465572607,0.00121704384219,-0.00530120078474,0.0187324974686,-0.00413841241971],[0.00033257852192,-0.000364493171219,-0.00270030368119,-0.000236275198404,0.0000932320181164,-0.0000582464163017,0.000500689493492,-0.00103504152503,0.00149158213753,-0.00189700629562,0.00220853299834,-0.00413841241971,0.0153433606029]],"mean":[-640.954528809,109.85634613,20.5518550873,37.0925750732,4.15309619904,11.7503271103,2.67859435081,7.34197807312,0.869354903698,8.89212036133,2.39895033836,2.41314458847,-2.29454517365]},"pitch_salience":{"dmean":0.0772837325931,"dmean2":0.12489053607,"dvar":0.00544127682224,"dvar2":0.0127619691193,"max":0.891905546188,"mean":0.469710350037,"median":0.46099871397,"min":0.102754920721,"var":0.0197040196508},"silence_rate_20dB":{"dmean":0,"dmean2":0,"dvar":0,"dvar2":0,"max":1,"mean":1,"median":1,"min":1,"var":0},"silence_rate_30dB":{"dmean":0.0108419451863,"dmean2":0.0216875635087,"dvar":0.0107248974964,"dvar2":0.0293515753001,"max":1,"mean":0.993224918842,"median":1,"min":0,"var":0.0067290510051},"silence_rate_60dB":{"dmean":0.00237167533487,"dmean2":0.00474415440112,"dvar":0.00236614700407,"dvar2":0.00539975985885,"max":1,"mean":0.0450542010367,"median":0,"min":0,"var":0.0430239625275},"spectral_centroid":{"dmean":312.948547363,"dmean2":475.343200684,"dvar":142499.984375,"dvar2":296938.125,"max":11541.3496094,"mean":1433.33178711,"median":1230.03027344,"min":176.080169678,"var":1730980.75},"spectral_complexity":{"dmean":3.86921906471,"dmean2":5.6990852356,"dvar":22.86810112,"dvar2":43.6491546631,"max":54,"mean":17.4573173523,"median":16,"min":0,"var":80.5573577881},"spectral_contrast_coeffs":{"dmean":[0.0522522032261,0.0472456626594,0.0395719371736,0.0317326299846,0.0267998408526,0.0198852140456],"dmean2":[0.087439879775,0.0770496800542,0.0627242848277,0.0497519001365,0.0405250303447,0.0308071933687],"dvar":[0.00202615186572,0.00172095547896,0.00118586164899,0.000876995036379,0.000734585803002,0.000345108564943],"dvar2":[0.00543669145554,0.004072770942,0.0028360048309,0.00187455269042,0.00133155181538,0.000778794463258],"max":[-0.347568243742,-0.403575152159,-0.452922344208,-0.483535677195,-0.477084070444,-0.588468849659],"mean":[-0.638358175755,-0.72467404604,-0.740180432796,-0.772974431515,-0.771075069904,-0.747406899929],"median":[-0.635403156281,-0.734204649925,-0.752315402031,-0.795421421528,-0.790704607964,-0.746301949024],"min":[-0.979571700096,-0.98048722744,-0.977830469608,-0.970280468464,-0.967992663383,-0.964079141617],"var":[0.00787445809692,0.00731661729515,0.00741833774373,0.00688065961003,0.0055243037641,0.00252420897596]},"spectral_contrast_valleys":{"dmean":[0.408557862043,0.395645648241,0.350601702929,0.33086848259,0.34140008688,0.386507600546],"dmean2":[0.674437761307,0.641270697117,0.547449171543,0.498580783606,0.478310793638,0.506053030491],"dvar":[0.149431332946,0.171043276787,0.13082164526,0.134859502316,0.155878677964,0.220456749201],"dvar2":[0.32573440671,0.347602874041,0.24904294312,0.23426887393,0.269774377346,0.381002992392],"max":[-5.18227624893,-4.85797023773,-5.91684770584,-6.26816368103,-5.70148515701,-7.39574050903],"mean":[-7.1103553772,-7.17812728882,-8.01428699493,-8.38775348663,-8.00224304199,-10.2685546875],"median":[-6.62700462341,-6.73428344727,-7.59771251678,-7.96321964264,-7.60196685791,-9.90200233459],"min":[-28.1225681305,-27.8846416473,-27.7673206329,-27.7455024719,-27.5357475281,-27.4189357758],"var":[7.15084791183,7.23766803741,6.59414768219,6.42624282837,6.7904009819,5.87459373474]},"spectral_decrease":{"dmean":3.79866449407e-9,"dmean2":6.1423639508e-9,"dvar":2.31464673398e-17,"dvar2":5.75390804559e-17,"max":1.34128080785e-28,"mean":-1.07106048475e-8,"median":-1.03235215931e-8,"min":-4.06170244105e-8,"var":4.39017408172e-17},"spectral_energy":{"dmean":0.014724444598,"dmean2":0.0237020179629,"dvar":0.000343544437783,"dvar2":0.000850141746923,"max":0.155129536986,"mean":0.0424578860402,"median":0.0411294624209,"min":1.01176548157e-20,"var":0.000661675585434},"spectral_energyband_high":{"dmean":0.000698005198501,"dmean2":0.00102228834294,"dvar":0.00000198179373001,"dvar2":0.00000477205730931,"max":0.0192105192691,"mean":0.00127063400578,"median":0.000673043890856,"min":6.89748350407e-21,"var":0.0000029723987609},"spectral_energyband_low":{"dmean":0.011746997945,"dmean2":0.0194714721292,"dvar":0.000268989213509,"dvar2":0.000680832890794,"max":0.147796049714,"mean":0.0264311637729,"median":0.0243787690997,"min":1.67804251394e-23,"var":0.000477679248434},"spectral_energyband_middle_high":{"dmean":0.0012381268898,"dmean2":0.00181840371806,"dvar":0.00000313302666655,"dvar2":0.0000064116879912,"max":0.0271276067942,"mean":0.0040018055588,"median":0.00234150141478,"min":1.10894738956e-21,"var":0.0000175245550054},"spectral_energyband_middle_low":{"dmean":0.00611083302647,"dmean2":0.00972712691873,"dvar":0.0000922410181374,"dvar2":0.000226518532145,"max":0.0991264656186,"mean":0.0126597099006,"median":0.00928952172399,"min":1.62377475278e-22,"var":0.00013122423843},"spectral_entropy":{"dmean":0.196589082479,"dmean2":0.279723286629,"dvar":0.0471280179918,"dvar2":0.0927411690354,"max":9.82151317596,"mean":7.55635356903,"median":7.58388328552,"min":5.87773323059,"var":0.324698120356},"spectral_flux":{"dmean":0.0329933874309,"dmean2":0.0511659607291,"dvar":0.00135476805735,"dvar2":0.00296779698692,"max":0.32737582922,"mean":0.0919847041368,"median":0.0798798799515,"min":6.38689448551e-11,"var":0.00301466765814},"spectral_kurtosis":{"dmean":1.17956733704,"dmean2":1.9459810257,"dvar":3.15415167809,"dvar2":8.23481559753,"max":40.3212738037,"mean":3.05463719368,"median":2.37378692627,"min":-1.28225326538,"var":7.72787857056},"spectral_rms":{"dmean":0.00105493620504,"dmean2":0.00165371084586,"dvar":0.00000145389640238,"dvar2":0.00000340644396601,"max":0.0123022710904,"mean":0.0060428166762,"median":0.00633453251794,"min":3.1417960681e-12,"var":0.00000490660841024},"spectral_rolloff":{"dmean":478.661346436,"dmean2":813.688232422,"dvar":998471.875,"dvar2":2344478.5,"max":19595.2148438,"mean":1299.72888184,"median":538.330078125,"min":43.06640625,"var":6080508.5},"spectral_skewness":{"dmean":0.204365313053,"dmean2":0.313337087631,"dvar":0.0530854649842,"dvar2":0.119556836784,"max":4.64229774475,"mean":1.28544592857,"median":1.20324063301,"min":-0.0676597803831,"var":0.226077362895},"spectral_spread":{"dmean":585164.875,"dmean2":870155.375,"dvar":802406465536,"dvar2":1554205114370,"max":44382444,"mean":5656750,"median":5120779,"min":1556497.25,"var":19024675078100},"spectral_strongpeak":{"dmean":0.328510761261,"dmean2":0.56981664896,"dvar":0.493094712496,"dvar2":1.24134707451,"max":14.4102392197,"mean":0.711323916912,"median":0.547316730022,"min":0,"var":0.773173928261},"zerocrossingrate":{"dmean":0.0111730629578,"dmean2":0.0131568713114,"dvar":0.000152833337779,"dvar2":0.000194276013644,"max":0.52734375,"mean":0.0569257847965,"median":0.044921875,"min":0.001953125,"var":0.00388952763751}},"metadata":{"audio_properties":{"analysis_sample_rate":44100,"bit_rate":320061,"codec":"mp3","downmix":"mix","equal_loudness":0,"length":137.064483643,"lossless":false,"md5_encoded":"64e173426ec16849299d297952f2d78f","replay_gain":-13.8813514709,"sample_rate":44100},"tags":{"acoustid_id":["effca56f-2279-440a-a941-c27218abf95f"],"album":["On My One"],"albumartist":["Jake Bugg"],"albumartistsort":["Bugg, Jake"],"artist":["Jake Bugg"],"artistsort":["Bugg, Jake"],"date":["2016-06-17"],"file_name":"05 - Put Out the Fire.mp3","media":["Digital Media"],"musicbrainz album release country":["GB"],"musicbrainz album status":["official"],"musicbrainz album type":["album"],"musicbrainz_albumartistid":["0d9905e6-add6-4713-94ca-9f686f9b5e9b"],"musicbrainz_albumid":["3c001e27-64a1-43bc-a1df-0e1c8a003819"],"musicbrainz_artistid":["0d9905e6-add6-4713-94ca-9f686f9b5e9b"],"musicbrainz_recordingid":["30f42441-6a51-491c-916e-63fe34f1dd11"],"musicbrainz_releasegroupid":["8dbb1432-e000-44f9-a9a9-35a90683ec31"],"originaldate":["2016"],"script":["Latn"],"title":["Put Out the Fire"],"tracknumber":["5/11"]},"version":{"essentia":"2.1-beta2","essentia_build_sha":"70f2e5ece6736b2c40cc944ad0e695b16b925413","essentia_git_sha":"v2.1_beta2","extractor":"music 1.0"}},"rhythm":{"beats_count":250,"beats_loudness":{"dmean":0.0161287467927,"dmean2":0.0291959419847,"dvar":0.00017123008729,"dvar2":0.000501135597005,"max":0.109932400286,"mean":0.0472982563078,"median":0.0480928048491,"min":0,"var":0.000406006292906},"beats_loudness_band_ratio":{"dmean":[0.172287374735,0.0804578736424,0.0802666842937,0.0374167859554,0.0422534346581,0.0541913658381],"dmean2":[0.309047937393,0.140673086047,0.145005479455,0.0632146447897,0.0735893771052,0.0983708947897],"dvar":[0.0175565835088,0.0049281953834,0.00675033219159,0.00261431816034,0.00241082767025,0.00358322449028],"dvar2":[0.0460789427161,0.0133323203772,0.0168350338936,0.00693306792527,0.0060