{"lowlevel":{"average_loudness":0.9141664505,"barkbands":{"dmean":[0.0000327952620864,0.000242147958488,0.00260298699141,0.000782716611866,0.00232946430333,0.000612827308942,0.000660447520204,0.00116779480595,0.000551880919375,0.000587296904996,0.000153136221343,0.000173877022462,0.000345746550011,0.000212097947951,0.000201555885724,0.000141117154271,0.000104144768557,0.000372438633349,0.000164957571542,0.000244371971348,0.000135162525112,0.000193694257177,0.000188491234439,0.000147817510879,0.0000725767458789,0.00000836017352412,2.04311902507e-7],"dmean2":[0.0000463711585326,0.000365741201676,0.0037989935372,0.00135074881837,0.00374001287855,0.000959715689532,0.000993100111373,0.00175870838575,0.000862247310579,0.000896620680578,0.000238431952312,0.000286833470454,0.000567522132769,0.00032595457742,0.000302071974147,0.000222097267397,0.000158763883519,0.000561160442885,0.000264420261374,0.000371340574929,0.000202739101951,0.000297686812701,0.000293326855171,0.000219586421736,0.000104308150185,0.0000128200645122,3.54057419827e-7],"dvar":[1.08462332449e-8,3.53221395244e-7,0.000015196655113,0.0000016465836552,0.00000884061137185,0.00000105569984044,0.00000277620483757,0.000010539331015,0.00000311183066515,0.00000263721085503,2.23944738309e-7,2.26813767767e-7,0.00000119457433811,4.24506225727e-7,5.0029382237e-7,9.15409117397e-8,5.51402230542e-8,4.14974635987e-7,7.65566809946e-8,1.86843990946e-7,5.24628696041e-8,1.71208725419e-7,1.59513447784e-7,1.23221099102e-7,6.92712021078e-8,7.48270556628e-10,4.19599983014e-13],"dvar2":[1.9818921615e-8,9.68844119598e-7,0.0000337233541359,0.00000437279595644,0.0000222254366236,0.0000024409530397,0.00000607817401033,0.0000233216906054,0.00000792971059127,0.00000576500269744,5.25248026406e-7,6.23269784228e-7,0.00000345027774529,9.48648732901e-7,0.00000118460775411,2.13066968513e-7,1.28249524778e-7,9.69285224528e-7,1.93323288045e-7,4.36033133155e-7,1.10497310857e-7,4.22656768251e-7,3.77420832365e-7,2.56160831213e-7,1.11225695321e-7,1.5104494322e-9,1.12624905062e-12],"max":[0.00519249588251,0.0269574597478,0.0603867098689,0.0218526255339,0.0328493081033,0.0235279649496,0.0492031611502,0.0779740586877,0.0377526879311,0.053139641881,0.0146865099669,0.00943258963525,0.0225374083966,0.015399441123,0.024046478793,0.00839290488511,0.00572991976514,0.0137032577768,0.00529391458258,0.00906126759946,0.00513640558347,0.00977086555213,0.00714761111885,0.00733790686354,0.00745353102684,0.00101263995748,0.0000109038028313],"mean":[0.0000548072930542,0.000515123188961,0.00532939704135,0.000877811049577,0.0041400748305,0.00112534721848,0.00105048599653,0.00198316737078,0.000824332120828,0.00105648033787,0.000238452877966,0.000289292278467,0.00060458725784,0.000406202976592,0.000355995609425,0.000260594038991,0.000208655153983,0.000795285392087,0.000363267899957,0.000480919174151,0.000294594821753,0.00037404167233,0.000344260886777,0.000250143115409,0.000122559154988,0.0000112761699711,1.76339085556e-7],"median":[0.0000250513185165,0.000363303377526,0.00320760114118,0.000504535448272,0.00278557161801,0.000702051562257,0.000406850478612,0.000227241049288,0.0000499858033436,0.000125841179397,0.0000350664304278,0.0000589901028434,0.0000770183687564,0.0000669667206239,0.0000909391164896,0.0000924799678614,0.0000766925222706,0.000337299890816,0.000197837041924,0.000267407449428,0.000156573121785,0.000172087253304,0.000199317626539,0.0000860127038322,0.000023935775971,0.00000226101019507,3.35076784097e-8],"min":[1.41829207486e-23,1.49310290995e-23,3.36175204684e-24,2.25559535055e-23,3.96755541243e-23,5.15702355114e-23,2.31183135122e-23,4.62685380257e-23,6.35782509672e-23,5.65250708571e-23,3.72009826616e-23,3.15093007433e-23,6.08873202017e-23,6.10204041919e-23,1.11310394185e-22,9.39544129735e-23,1.37394982473e-22,1.54226724592e-22,3.01821943626e-22,1.84768238155e-22,2.98076381561e-22,3.91171358978e-22,5.06121393296e-22,8.44068496325e-22,1.05783364577e-21,1.61268776083e-21,2.28770571282e-21],"var":[2.3926462589e-8,4.36941519411e-7,0.0000403808771807,0.00000159080798312,0.0000169951072166,0.00000213964426621,0.0000046402924454,0.0000278614152194,0.00000600020712227,0.00000820677723823,5.16638806403e-7,5.00541148085e-7,0.00000285859618998,0.00000141885504945,9.56443045652e-7,2.65153659029e-7,1.53309528628e-7,0.0000014649589275,2.30627335895e-7,3.95030099298e-7,1.71261177684e-7,3.60912906672e-7,2.5129321557e-7,2.63902279585e-7,1.64807303804e-7,1.31098609746e-9,3.14977536241e-13]},"barkbands_crest":{"dmean":2.60845756531,"dmean2":4.17322874069,"dvar":5.29093933105,"dvar2":12.9533643723,"max":25.4610652924,"mean":10.3370914459,"median":9.61478805542,"min":2.85415101051,"var":15.8009119034},"barkbands_flatness_db":{"dmean":0.02009322308,"dmean2":0.0309090875089,"dvar":0.000375304749468,"dvar2":0.000832754478324,"max":0.373655050993,"mean":0.137500226498,"median":0.131637096405,"min":0.0455651544034,"var":0.00189517380204},"barkbands_kurtosis":{"dmean":2.87161016464,"dmean2":4.43287372589,"dvar":28.5410766602,"dvar2":62.4436454773,"max":108.693626404,"mean":3.96007847786,"median":1.0321880579,"min":-1.93501877785,"var":73.5661392212},"barkbands_skewness":{"dmean":0.555343687534,"dmean2":0.833735466003,"dvar":0.339856505394,"dvar2":0.729530394077,"max":8.98256397247,"mean":1.64781665802,"median":1.40346074104,"min":-2.87164115906,"var":1.58163893223},"barkbands_spread":{"dmean":8.18908882141,"dmean2":12.541852951,"dvar":91.160194397,"dvar2":191.54574585,"max":133.257171631,"mean":30.4990959167,"median":27.2551612854,"min":1.04748368263,"var":312.474761963},"dissonance":{"dmean":0.0157222915441,"dmean2":0.0260899160057,"dvar":0.000259190332144,"dvar2":0.000712137320079,"max":0.499887079,"mean":0.463924616575,"median":0.46942794323,"min":0.291193246841,"var":0.000591302698012},"dynamic_complexity":3.68312549591,"erbbands":{"dmean":[0.00377986999229,0.104059562087,2.11838579178,3.28363966942,2.04869365692,10.0896730423,13.122841835,2.90780830383,6.52586650848,16.6246261597,21.7673511505,13.3734464645,17.9569644928,12.5021257401,6.14846229553,5.41691160202,14.9334592819,10.9327821732,10.7703914642,7.18911647797,7.3860001564,6.75082969666,16.7761287689,14.1697702408,5.99254703522,10.8179292679,8.39604854584,5.01109361649,6.74773168564,6.62835168839,5.09518671036,3.25935578346,2.4985730648,1.16820812225,0.341434836388,0.0735223218799,0.0104331010953,0.00085473357467,0.0000418272175011,0.00000898889265954],"dmean2":[0.00617313850671,0.143458873034,2.93915390968,5.37489938736,3.36758685112,16.4121704102,20.4077625275,4.63360691071,10.0482139587,24.5542106628,32.3591957092,21.090215683,27.2282104492,19.3772697449,9.74337291718,8.84727954865,24.602891922,17.0605659485,15.8287744522,10.7599916458,11.5161008835,10.1287746429,25.0844078064,22.3863868713,9.32850456238,16.4972667694,12.4381160736,7.56343460083,10.5022153854,10.2709846497,7.88954496384,4.90283727646,3.70418000221,1.68197393417,0.495334625244,0.111819088459,0.0161912869662,0.00134720897768,0.0000682506943122,0.0000132178874992],"dvar":[0.000550983648282,0.0259898342192,9.44671154022,29.5703411102,8.63039112091,201.193893433,354.247283936,39.5843009949,233.291137695,1351.33251953,4233.73925781,2036.08276367,2932.30664063,986.455627441,278.584075928,175.199203491,2382.71630859,997.571960449,1529.47265625,307.912902832,264.456787109,213.7840271,796.338195801,607.266113281,98.4262008667,385.952178955,217.999557495,71.1160736084,247.278656006,208.799545288,129.583496094,61.1458740234,39.4375,15.4837284088,1.94362342358,0.0739933475852,0.000921156199183,0.00000560036687602,1.26369714692e-8,1.39752473483e-10],"dvar2":[0.001619101502,0.0587561950088,19.6608924866,75.3436508179,21.0423336029,518.848571777,839.188171387,94.6569976807,530.639892578,2822.17749023,9253.9140625,5062.22851563,6803.34033203,2422.26464844,687.706176758,479.355499268,6794.7265625,2480.08789063,3526.41357422,692.384033203,587.831848145,472.996856689,1703.86413574,1534.11218262,249.097335815,900.3359375,457.818908691,161.665603638,620.198547363,510.240814209,302.519897461,135.511199951,82.0631942749,27.1817073822,3.0874505043,0.138885229826,0.00199095834978,0.0000131720216814,3.22527249352e-8,2.87181056713e-10],"max":[1.15712761879,4.53623628616,48.067779541,78.9686203003,52.9083061218,170.776702881,285.74041748,253.249023438,367.562988281,798.462402344,1874.37683105,1185.58532715,1797.8371582,708.731628418,382.962585449,298.273681641,1141.05249023,934.05480957,1154.20166016,407.628143311,576.108581543,366.129760742,453.014434814,738.675415039,203.748840332,534.112304688,346.597137451,198.202911377,472.093902588,392.035949707,190.802932739,164.625061035,140.796936035,113.379005432,42.9491882324,9.71975326538,0.787500977516,0.0393163077533,0.0015669465065,0.000258874060819],"mean":[0.00635833758861,0.258742332458,4.85156774521,5.00384187698,3.78612303734,16.4612827301,22.4807109833,6.00864458084,10.8805770874,27.5812778473,37.7118835449,20.8861236572,30.8612136841,23.7677955627,11.392329216,10.5120286942,26.5274848938,22.7332324982,22.2532272339,14.175737381,14.3741159439,15.0218439102,37.261756897,33.1176986694,14.0442752838,21.7061977386,18.1919822693,11.6022491455,12.9897632599,12.3522377014,8.79863166809,5.23815917969,4.31626033783,2.05181908607,0.523135125637,0.105440236628,0.0138274645433,0.00107007974293,0.0000595895835431,0.0000327166198986],"median":[0.00435242988169,0.18338188529,3.06430149078,2.97219657898,2.48494052887,9.91657829285,13.9422550201,3.9897506237,4.73129606247,9.15313529968,5.50813674927,3.28361988068,3.36270046234,4.06292152405,2.04042720795,2.65194654465,3.79518461227,4.44972038269,4.75498962402,4.4045009613,5.3406920433,6.44161701202,17.0379314423,16.6034793854,8.48157405853,12.0404663086,10.0713844299,5.96520709991,6.15051364899,6.77097845078,4.75345230103,2.20520615578,1.18990564346,0.448654323816,0.0956612601876,0.0196033120155,0.00270355539396,0.000248195457971,0.0000259379230556,0.0000278868174064],"min":[1.4832796353e-22,2.43969833284e-21,4.76292535413e-21,3.47137814727e-20,7.437264898e-20,7.79735342075e-20,4.27937547206e-19,2.70818415562e-19,2.76707527933e-19,5.45676057453e-19,1.06750263669e-18,1.42634051405e-18,1.3055514651e-18,1.70299913493e-18,1.70786936758e-18,2.02333795863e-18,2.71602293269e-18,3.2706012113e-18,2.85231624145e-18,5.77759394884e-18,6.60607406213e-18,6.81663619578e-18,8.02532780969e-18,1.09278020087e-17,1.69988312488e-17,1.09887817635e-17,1.52619058181e-17,1.20410572459e-17,1.2083563576e-17,1.61800895329e-17,1.56932341854e-17,1.88500052115e-17,1.31655058911e-17,1.0097533531e-17,7.84062168762e-18,5.55434865486e-18,2.74481067917e-18,1.28884055557e-18,2.73942676736e-19,3.4000147555e-20],"var":[0.000422662298661,0.0774267092347,30.8550720215,39.5444526672,17.0586662292,363.643737793,715.524230957,78.6215286255,401.413208008,3147.84082031,11221.4326172,3813.18286133,7819.13867188,3015.78637695,753.326538086,460.327575684,5102.29150391,3075.33129883,3639.37963867,793.016479492,923.390563965,663.572143555,2753.2824707,2452.76928711,289.675323486,805.848022461,617.326416016,289.000366211,456.594940186,338.321777344,196.47277832,100.760688782,94.7217636108,36.8579483032,4.16603088379,0.139041528106,0.00165217311587,0.00000765726508689,1.39050388981e-8,5.6924726044e-10]},"erbbands_crest":{"dmean":2.47679638863,"dmean2":3.97685313225,"dvar":5.6231379509,"dvar2":13.9982757568,"max":26.6524410248,"mean":8.60978507996,"median":7.83073711395,"min":2.51869750023,"var":14.2676010132},"erbbands_flatness_db":{"dmean":0.0140120498836,"dmean2":0.020926726982,"dvar":0.000172288971953,"dvar2":0.0003661531955,"max":0.275093466043,"mean":0.154355093837,"median":0.153835877776,"min":0.0283541399986,"var":0.000899769715033},"erbbands_kurtosis":{"dmean":0.761116027832,"dmean2":1.21264302731,"dvar":1.9481357336,"dvar2":4.95468616486,"max":40.6276473999,"mean":-0.381780207157,"median":-0.843761444092,"min":-1.86874341965,"var":2.54317760468},"erbbands_skewness":{"dmean":0.40177538991,"dmean2":0.60098785162,"dvar":0.150254935026,"dvar2":0.332878172398,"max":5.75537061691,"mean":0.0305765774101,"median":0.0679768621922,"min":-4.49457931519,"var":0.61116963625},"erbbands_spread":{"dmean":10.3040161133,"dmean2":15.7613286972,"dvar":111.348526001,"dvar2":266.141021729,"max":163.583190918,"mean":58.5486221313,"median":57.8613586426,"min":6.84914588928,"var":527.623352051},"gfcc":{"cov":[[11816.9267578,227.264266968,-2286.37988281,49.1057739258,-1442.51977539,406.446624756,-234.251190186,182.106506348,-156.314682007,131.306732178,-126.170196533,-565.295410156,-82.8916931152],[227.264266968,999.286743164,-379.142242432,-127.573425293,109.348953247,-124.666893005,187.665496826,-122.605552673,36.0523109436,-79.674987793,88.720451355,-86.88256073,-10.8912467957],[-2286.37988281,-379.142242432,1010.87957764,224.468215942,304.0519104,-20.9450111389,-114.381713867,9.25785827637,12.9797821045,-5.45701265335,-27.8133144379,200.28276062,-4.06929063797],[49.1057739258,-127.573425293,224.468215942,470.565765381,73.1438369751,-78.5518341064,-181.969451904,-59.5334434509,69.6985244751,-29.4785652161,-7.62929010391,77.7697677612,52.5031890869],[-1442.51977539,109.348953247,304.0519104,73.1438369751,361.540924072,-52.2073783875,44.1621932983,-45.4189186096,23.0613422394,-39.9628868103,17.8400001526,89.2633285522,9.74795532227],[406.446624756,-124.666893005,-20.9450111389,-78.5518341064,-52.2073783875,209.047546387,75.1170043945,18.049331665,-83.0715942383,34.6294937134,2.49974775314,-35.5967216492,-19.3997478485],[-234.251190186,187.665496826,-114.381713867,-181.969451904,44.1621932983,75.1170043945,234.398391724,0.112017840147,-48.7323379517,3.85145688057,14.0768499374,-38.5285949707,-27.4022884369],[182.106506348,-122.605552673,9.25785827637,-59.5334434509,-45.4189186096,18.049331665,0.112017840147,149.09375,41.472568512,8.53882217407,-39.9720420837,-29.9566822052,-24.0311794281],[-156.314682007,36.0523109436,12.9797821045,69.6985244751,23.0613422394,-83.0715942383,-48.7323379517,41.472568512,141.043945313,0.147975951433,-18.8922977448,-21.7956790924,4.11739492416],[131.306732178,-79.674987793,-5.45701265335,-29.4785652161,-39.9628868103,34.6294937134,3.85145688057,8.53882217407,0.147975951433,85.5506286621,2.84054470062,-29.3830032349,-10.7526273727],[-126.170196533,88.720451355,-27.8133144379,-7.62929010391,17.8400001526,2.49974775314,14.0768499374,-39.9720420837,-18.8922977448,2.84054470062,78.712310791,14.5116834641,-6.33423662186],[-565.295410156,-86.88256073,200.28276062,77.7697677612,89.2633285522,-35.5967216492,-38.5285949707,-29.9566822052,-21.7956790924,-29.3830032349,14.5116834641,140.233383179,11.2577733994],[-82.8916931152,-10.8912467957,-4.06929063797,52.5031890869,9.74795532227,-19.3997478485,-27.4022884369,-24.0311794281,4.11739492416,-10.7526273727,-6.33423662186,11.2577733994,65.4930038452]],"icov":[[0.000672939815558,-0.000927327084355,0.00136551074684,-0.00129609648138,0.00124785338994,-0.00159814627841,0.00165417895187,-0.00133082305547,0.00146142486483,-0.00100036966614,0.00184807425831,-0.000405843340559,0.00135843188036],[-0.000927327084355,0.00399761041626,-0.00132708123419,0.00202793441713,-0.00245576957241,0.00398601684719,-0.00409265700728,0.00380623503588,-0.00288627180271,0.0037407418713,-0.00457771960646,0.00266956631094,-0.00109261227772],[0.00136551074684,-0.00132708123419,0.00507616484538,-0.00297855585814,0.000619768921752,-0.00358401495032,0.0040468480438,-0.00301348697394,0.00301765697077,-0.00274845282547,0.00453269528225,-0.0026404990349,0.00389568530954],[-0.00129609648138,0.00202793441713,-0.00297855585814,0.00662343623117,-0.00271617132239,0.00228550238535,-0.000782630697358,0.00475374702364,-0.00514034088701,0.00305060413666,-0.00337004032917,0.000219327033847,-0.00383953098208],[0.00124785338994,-0.00245576957241,0.000619768921752,-0.00271617132239,0.00808476563543,-0.00261724367738,0.000596072757617,-0.00157392327674,0.00109376152977,-0.000819104257971,0.00290595111437,-0.00227991584688,0.00154992833268],[-0.00159814627841,0.00398601684719,-0.00358401495032,0.00228550238535,-0.00261724367738,0.0136347590014,-0.00745009165257,0.00228251772933,0.00161817879416,0.00165511108935,-0.00622546393424,0.00489258626476,-0.00253911549225],[0.00165417895187,-0.00409265700728,0.0040468480438,-0.000782630697358,0.000596072757617,-0.00745009165257,0.0137810455635,-0.00398333976045,0.00480839423835,-0.00348327867687,0.0061351833865,-0.00150930183008,0.00427938904613],[-0.00133082305547,0.00380623503588,-0.00301348697394,0.00475374702364,-0.00157392327674,0.00228251772933,-0.00398333976045,0.0151966223493,-0.00857756473124,0.00489404890686,-0.0008875655476,0.00212522572838,0.000661864469294],[0.00146142486483,-0.00288627180271,0.00301765697077,-0.00514034088701,0.00109376152977,0.00161817879416,0.00480839423835,-0.00857756473124,0.0176667608321,-0.00485842674971,0.00477493926883,0.00284614716657,0.00292326905765],[-0.00100036966614,0.0037407418713,-0.00274845282547,0.00305060413666,-0.000819104257971,0.00165511108935,-0.00348327867687,0.00489404890686,-0.00485842674971,0.0181549433619,-0.00608844775707,0.00526909157634,-0.000518297951203],[0.00184807425831,-0.00457771960646,0.00453269528225,-0.00337004032917,0.00290595111437,-0.00622546393424,0.0061351833865,-0.0008875655476,0.00477493926883,-0.00608844775707,0.0229561850429,-0.00534517131746,0.00636499235407],[-0.000405843340559,0.00266956631094,-0.0026404990349,0.000219327033847,-0.00227991584688,0.00489258626476,-0.00150930183008,0.00212522572838,0.00284614716657,0.00526909157634,-0.00534517131746,0.0157110989094,-0.00100415851921],[0.00135843188036,-0.00109261227772,0.00389568530954,-0.00383953098208,0.00154992833268,-0.00253911549225,0.00427938904613,0.000661864469294,0.00292326905765,-0.000518297951203,0.00636499235407,-0.00100415851921,0.0216963533312]],"mean":[-14.17989254,78.4921035767,-116.933372498,62.6246414185,-75.86668396,8.23554801941,-47.1525001526,0.490830421448,-27.2818431854,-9.2479429245,-13.9914045334,-7.92423343658,-14.3220319748]},"hfc":{"dmean":7.080514431,"dmean2":10.022605896,"dvar":116.937416077,"dvar2":249.237197876,"max":219.068313599,"mean":24.0847797394,"median":18.4878158569,"min":1.1259290007e-16,"var":459.599304199},"melbands":{"dmean":[0.0000439913019363,0.000787237018812,0.000495480897371,0.000399249605834,0.000481679453515,0.000070665977546,0.000113950554805,0.00021788662707,0.000150259351358,0.0000858163039084,0.0000929316956899,0.0000579022307647,0.0000203116196644,0.0000233258342632,0.0000135334084916,0.0000416086368205,0.000020442326786,0.0000186575125554,0.0000131659953695,0.00000836320123199,0.00000974212434812,0.00000657455757391,0.0000118040252346,0.0000202059709409,0.0000120321146824,0.00000517772423336,0.00000492805429531,0.00000882076528796,0.00000716473823559,0.00000293311063615,0.00000326621034219,0.00000425880716648,0.00000383236238122,0.00000390213699575,0.00000325515998156,0.00000233389391724,0.0000019781955416,0.00000191827643903,0.00000137056724725,9.36474123137e-7],"dmean2":[0.0000690213419148,0.00110555067658,0.000805920921266,0.000648990331683,0.000757846341003,0.000112329158583,0.000174347718712,0.000323004584061,0.000223647526582,0.000134011992486,0.00014079088578,0.0000892428652151,0.0000317483427352,0.0000385570092476,0.0000214145256905,0.0000689284570399,0.0000315079778375,0.0000271935223282,0.0000196708006115,0.0000129410600493,0.0000154026402015,0.0000101271061794,0.0000177332149178,0.0000308051894535,0.0000192804836843,0.00000833939611766,0.00000775197531766,0.0000136165290314,0.0000106878751467,0.0000045197361942,0.0000050288372222,0.00000668876327836,0.00000597116604695,0.00000616142688159,0.00000509859228259,0.00000360856461157,0.00000303331285068,0.00000292475715469,0.00000200388240046,0.00000136966934861],"dvar":[3.1785585719e-8,0.00000130667876874,6.07906486039e-7,3.21295573258e-7,4.35575429947e-7,1.98746743507e-8,7.80313413884e-8,2.35456482756e-7,1.89378795312e-7,8.29777278e-8,7.75909612116e-8,2.25347687177e-8,3.39866401688e-9,4.46690862077e-9,1.36478228718e-9,1.9979562893e-8,3.97834964971e-9,4.04158884137e-9,1.79971548775e-9,4.23870966104e-10,5.00979480123e-10,2.91239671268e-10,3.80604103789e-10,1.43751910375e-9,4.59407595299e-10,9.81690492785e-11,8.28041524237e-11,2.6477020576e-10,1.70423869461e-10,2.49756968579e-11,3.28461181864e-11,9.78611844338e-11,7.32229069045e-11,7.19875478672e-11,5.39009115119e-11,2.84428713221e-11,2.52922127686e-11,2.41005271295e-11,1.6948544998e-11,1.15295811093e-11],"dvar2":[9.08279247369e-8,0.00000276776358987,0.00000152374298068,8.0307376038e-7,0.00000105873675693,4.73714187876e-8,1.72860339376e-7,5.07127253968e-7,4.15156961253e-7,2.05810991361e-7,1.79415366119e-7,5.43893179383e-8,7.86975462574e-9,1.23658994156e-8,3.19415116579e-9,5.79191983263e-8,9.08914810083e-9,9.08274166989e-9,4.26910551354e-9,1.02412733849e-9,1.13601328344e-9,6.84233836257e-10,8.35407520938e-10,3.37992656085e-9,1.1707761427e-9,2.64535171546e-10,1.97881641628e-10,6.17110584855e-10,3.67319036298e-10,5.71446917563e-11,7.74551880967e-11,2.48757348054e-10,1.8087227549e-10,1.79988510207e-10,1.2939072036e-10,6.4385302645e-11,5.6756519623e-11,5.36717510713e-11,3.29706019431e-11,2.14160043865e-11],"max":[0.0089663695544,0.0177269335836,0.0117085315287,0.00768507784232,0.00868692714721,0.00514460308477,0.00710954936221,0.0109719447792,0.0125270942226,0.00700957188383,0.00933452881873,0.00340802175924,0.00162864767481,0.00142423482612,0.000769899401348,0.00289259618148,0.001720858505,0.0014889818849,0.00155789370183,0.000605767709203,0.000738488510251,0.000507305026986,0.000444173201686,0.000844278314617,0.000655765063129,0.000252103433013,0.000302211905364,0.000445582030807,0.00031260724063,0.0000920314123505,0.000133267152705,0.00028012925759,0.00016157036589,0.000224062037887,0.000137253722642,0.000100404882687,0.000096530020528,0.000102703132143,0.000111459834443,0.0000958171294769],"mean":[0.0000883338580024,0.00177214166615,0.000824191432912,0.000677076459397,0.000832843012176,0.000138163653901,0.000185598779353,0.000366455496987,0.000255002261838,0.000128901054268,0.000157391026733,0.000106356550532,0.0000347051645804,0.0000382133621315,0.0000240160879912,0.0000725861609681,0.0000373849907191,0.0000371660389646,0.0000240032986767,0.0000142572680488,0.000017528396711,0.0000126972354337,0.0000236640953517,0.0000407518491556,0.0000262250177911,0.0000105766539491,0.00000943835584621,0.0000165020264831,0.0000141038244692,0.00000619998763796,0.00000708038305675,0.00000811249174149,0.00000624109725322,0.00000711587790647,0.00000531730256625,0.0000038199964365,0.00000290533762382,0.0000031721342566,0.00000238546635956,0.00000151638266743],"median":[0.0000631728762528,0.00112237525173,0.000524847768247,0.000397021387471,0.000534313498065,0.0000878143473528,0.0000775000735302,0.000106682578917,0.0000335842560162,0.00000872669625096,0.0000139206986205,0.0000150297801156,0.00000552656229047,0.00000809658922662,0.00000474887247037,0.00000828071279102,0.00000687971260049,0.00000631918464933,0.00000647036722512,0.00000417348564952,0.00000617645764578,0.00000468487496619,0.0000109374377644,0.0000153750479512,0.000012616080312,0.00000538039830644,0.00000516535556017,0.00000856065707922,0.00000693536276231,0.00000342860721503,0.00000313742702929,0.00000352947131432,0.00000283675035462,0.00000387117643186,0.00000277330173049,0.00000181152131518,0.00000100755391941,8.4213752416e-7,5.46940555068e-7,2.84777939896e-7],"min":[3.00850506387e-24,2.74737770753e-24,8.66688975497e-24,3.19352055627e-24,1.86075011488e-23,6.73408035184e-24,4.2395514971e-24,6.86272068852e-24,8.20678426542e-24,8.44255112416e-24,6.79825260876e-24,7.0672873096e-24,5.72607980361e-24,4.9564816984e-24,6.83479185703e-24,6.6743801474e-24,5.4323636172e-24,3.83559752121e-24,1.10930338356e-23,5.45339701551e-24,8.76854394894e-24,7.49598745766e-24,6.14363610809e-24,7.7083858898e-24,8.12282816586e-24,1.48967578263e-23,9.09083859379e-24,5.66875801479e-24,1.12287328996e-23,5.30864577257e-24,7.8719885418e-24,6.6628966992e-24,6.92205801695e-24,8.56471412394e-24,8.51767829247e-24,9.42497088539e-24,1.1966641279e-23,8.1131054552e-24,8.54951198544e-24,8.81931267022e-24],"var":[2.82697882881e-8,0.00000411313703808,8.98940982097e-7,6.45528871246e-7,8.41167320687e-7,3.96985839757e-8,1.3381026065e-7,5.94726373038e-7,4.94994878864e-7,1.59334405225e-7,2.10800862988e-7,6.87049990233e-8,9.47616118907e-9,9.28917742726e-9,3.30776561697e-9,4.58290223548e-8,1.1139897893e-8,1.16308491727e-8,3.63918406521e-9,8.0841655592e-10,1.63506008732e-9,7.16902093245e-10,1.07198694366e-9,4.32371249914e-9,1.73895620126e-9,2.3978846686e-10,1.91295784768e-10,5.35395394685e-10,4.36608804666e-10,7.17655310178e-11,1.32602401282e-10,1.96349617121e-10,1.12323622625e-10,1.11118399204e-10,7.60058127547e-11,4.36954361582e-11,4.00556740554e-11,5.35797135826e-11,3.78457543082e-11,2.48806045211e-11]},"melbands_crest":{"dmean":3.26781082153,"dmean2":5.15067386627,"dvar":7.82703590393,"dvar2":19.3895206451,"max":37.1669616699,"mean":15.2426996231,"median":14.583111763,"min":1.8991754055,"var":29.5116386414},"melbands_flatness_db":{"dmean":0.0256939679384,"dmean2":0.038844730705,"dvar":0.000654894800391,"dvar2":0.00139208964538,"max":0.508126795292,"mean":0.184849962592,"median":0.175107732415,"min":0.00427755154669,"var":0.00415712222457},"melbands_kurtosis":{"dmean":8.98008728027,"dmean2":13.9558610916,"dvar":253.750152588,"dvar2":610.420776367,"max":378.331817627,"mean":19.9514770508,"median":10.8912191391,"min":-1.82757377625,"var":713.875976563},"melbands_skewness":{"dmean":0.785128593445,"dmean2":1.19142043591,"dvar":0.711124658585,"dvar2":1.61204409599,"max":17.8838481903,"mean":3.42418646812,"median":3.03784012794,"min":-0.326914131641,"var":3.83240008354},"melbands_spread":{"dmean":10.1734380722,"dmean2":15.4638414383,"dvar":213.621810913,"dvar2":447.09677124,"max":251.445632935,"mean":28.6816158295,"median":23.9860076904,"min":1.15207350254,"var":522.739685059},"mfcc":{"cov":[[9883.73925781,-299.40512085,-764.760559082,-548.127929688,-767.659118652,-338.293731689,-182.630401611,-198.798797607,-33.4678840637,353.735198975,86.8397445679,-217.570907593,-180.657699585],[-299.40512085,989.414794922,-313.00958252,-28.4783096313,-141.531982422,40.4594764709,120.783706665,30.360994339,-69.7578887939,31.8276157379,51.1664886475,-24.801776886,-37.0044937134],[-764.760559082,-313.00958252,549.516845703,150.617340088,218.235656738,32.5138168335,-55.4110412598,15.3583669662,21.5430870056,-102.176467896,-27.5161571503,50.1786460876,53.6835861206],[-548.127929688,-28.4783096313,150.617340088,437.235046387,231.311401367,42.3263435364,-152.749557495,11.2644138336,3.00532770157,-96.4916381836,-87.6100006104,63.9968299866,51.9241333008],[-767.659118652,-141.531982422,218.235656738,231.311401367,326.003143311,33.033115387,-85.7835388184,14.4792394638,26.9611530304,-84.6976013184,-40.3432273865,49.9078979492,43.9843139648],[-338.293731689,40.4594764709,32.5138168335,42.3263435364,33.033115387,177.314468384,92.2010345459,4.15215682983,-32.6119194031,-22.4767932892,-22.7978191376,-12.9121437073,12.4735097885],[-182.630401611,120.783706665,-55.4110412598,-152.749557495,-85.7835388184,92.2010345459,243.159255981,30.4887371063,-27.0501937866,8.90281867981,41.2362861633,-32.9482269287,-22.4810123444],[-198.798797607,30.360994339,15.3583669662,11.2644138336,14.4792394638,4.15215682983,30.4887371063,111.737945557,16.2465572357,-35.8944816589,12.2885808945,20.3147773743,-14.6323633194],[-33.4678840637,-69.7578887939,21.5430870056,3.00532770157,26.9611530304,-32.6119194031,-27.0501937866,16.2465572357,119.178947449,43.2670555115,5.19898271561,-2.4829583168,-6.26867818832],[353.735198975,31.8276157379,-102.176467896,-96.4916381836,-84.6976013184,-22.4767932892,8.90281867981,-35.8944816589,43.2670555115,170.683914185,22.6525363922,-42.4695472717,-21.4087314606],[86.8397445679,51.1664886475,-27.5161571503,-87.6100006104,-40.3432273865,-22.7978191376,41.2362861633,12.2885808945,5.19898271561,22.6525363922,102.661697388,17.8910675049,-13.2948055267],[-217.570907593,-24.801776886,50.1786460876,63.9968299866,49.9078979492,-12.9121437073,-32.9482269287,20.3147773743,-2.4829583168,-42.4695472717,17.8910675049,98.0053405762,21.729057312],[-180.657699585,-37.0044937134,53.6835861206,51.9241333008,43.9843139648,12.4735097885,-22.4810123444,-14.6323633194,-6.26867818832,-21.4087314606,-13.2948055267,21.729057312,75.0114059448]],"icov":[[0.000157986316481,0.00013251042401,0.00013879936887,-0.0000339270445693,0.000305113266222,0.0000824089729576,0.00021644977096,0.0000914532283787,0.000127758510644,-0.0000541460140084,-0.000162437514518,0.000217833410716,0.000163443939527],[0.00013251042401,0.00157180603128,0.000864902569447,-0.000811995996628,0.000535370258149,0.000094316295872,-0.000456392124761,-0.000314649456413,0.000801038520876,-0.000200118243811,-0.000960053759627,0.000493989733513,0.000206434953725],[0.00013879936887,0.000864902569447,0.00317311729304,-0.00012647305266,-0.00105262163561,-0.000253033445915,0.0000525316427229,-0.0000149148854689,-0.000172462954652,0.00089391018264,-0.000594029203057,0.000145514000906,-0.000656994641759],[-0.0000339270445693,-0.000811995996628,-0.00012647305266,0.00614270335063,-0.0025754137896,-0.00223362050019,0.00333213340491,-0.000652504328173,-0.000309048948111,0.000846330833156,0.00298025202937,-0.00201472919434,-0.000563370122109],[0.000305113266222,0.000535370258149,-0.00105262163561,-0.0025754137896,0.00711033958942,-0.000690323184244,0.000820955494419,0.000281407643342,-0.00137495540548,0.00114139798097,-0.000982746132649,0.000233892860706,-0.000249605422141],[0.0000824089729576,0.000094316295872,-0.000253033445915,-0.00223362050019,-0.000690323184244,0.00997366849333,-0.00554444035515,0.000575301935896,0.00191441853531,-0.000794136256445,0.00179171259515,0.00105061382055,-0.000884376524482],[0.00021644977096,-0.000456392124761,0.0000525316427229,0.00333213340491,0.000820955494419,-0.00554444035515,0.00987991690636,-0.00219014473259,0.000371629284928,0.000856522587128,-0.00212497124448,0.00146908918396,0.000399715325329],[0.0000914532283787,-0.000314649456413,-0.0000149148854689,-0.000652504328173,0.000281407643342,0.000575301935896,-0.00219014473259,0.0121181728318,-0.00318536791019,0.0031290515326,-0.000582528766245,-0.00206330465153,0.00309548946097],[0.000127758510644,0.000801038520876,-0.000172462954652,-0.000309048948111,-0.00137495540548,0.00191441853531,0.000371629284928,-0.00318536791019,0.0119925979525,-0.00454014027491,-0.000397340685595,0.000831368146464,0.000413295667386],[-0.0000541460140084,-0.000200118243811,0.00089391018264,0.000846330833156,0.00114139798097,-0.000794136256445,0.000856522587128,0.0031290515326,-0.00454014027491,0.0100788669661,-0.00166665483266,0.00223380909301,0.000429816922406],[-0.000162437514518,-0.000960053759627,-0.000594029203057,0.00298025202937,-0.000982746132649,0.00179171259515,-0.00212497124448,-0.000582528766245,-0.000397340685595,-0.00166665483266,0.0151905519888,-0.00580538855866,0.000890280760359],[0.000217833410716,0.000493989733513,0.000145514000906,-0.00201472919434,0.000233892860706,0.00105061382055,0.00146908918396,-0.00206330465153,0.000831368146464,0.00223380909301,-0.00580538855866,0.0157288108021,-0.00309341656975],[0.000163443939527,0.000206434953725,-0.000656994641759,-0.000563370122109,-0.000249605422141,-0.000884376524482,0.000399715325329,0.00309548946097,0.000413295667386,0.000429816922406,0.000890280760359,-0.00309341656975,0.0169150922447]],"mean":[-645.285461426,86.8804016113,16.8825073242,40.191116333,1.41579055786,3.71278810501,-6.41194152832,1.54198300838,-12.3945035934,-3.45279073715,-3.39003872871,-4.14852237701,-8.48692035675]},"pitch_salience":{"dmean":0.0685914307833,"dmean2":0.109042294323,"dvar":0.00348252803087,"dvar2":0.00866717845201,"max":0.959234774113,"mean":0.523212075233,"median":0.526347398758,"min":0.145477727056,"var":0.00970791373402},"silence_rate_20dB":{"dmean":0,"dmean2":0,"dvar":0,"dvar2":0,"max":1,"mean":1,"median":1,"min":1,"var":0},"silence_rate_30dB":{"dmean":0.000397693365812,"dmean2":0.000795544940047,"dvar":0.000397512194468,"dvar2":0.000794960767962,"max":1,"mean":0.999602377415,"median":1,"min":0,"var":0.000397433206672},"silence_rate_60dB":{"dmean":0.006363093853,"dmean2":0.0127287190408,"dvar":0.00632230285555,"dvar2":0.0137587720528,"max":1,"mean":0.0485089458525,"median":0,"min":0,"var":0.0461562946439},"spectral_centroid":{"dmean":345.673217773,"dmean2":525.518798828,"dvar":140787.984375,"dvar2":289734.75,"max":11391.3798828,"mean":1645.57714844,"median":1611.21850586,"min":195.775650024,"var":518138.65625},"spectral_complexity":{"dmean":3.32630753517,"dmean2":4.94311857224,"dvar":14.414349556,"dvar2":29.9900245667,"max":51,"mean":16.0880718231,"median":15,"min":0,"var":73.7174835205},"spectral_contrast_coeffs":{"dmean":[0.053540173918,0.0500154308975,0.0397880934179,0.0307146795094,0.0262716449797,0.0209504049271],"dmean2":[0.0889049842954,0.0794018954039,0.0625402927399,0.0483377128839,0.0400677211583,0.0310046542436],"dvar":[0.00173953908961,0.00174566020723,0.00112042552792,0.000683147169184,0.000499676621985,0.000318248930853],"dvar2":[0.00481622153893,0.00434810481966,0.0027312070597,0.00161070865579,0.00107438955456,0.000696241797414],"max":[-0.30566316843,-0.392890423536,-0.45342361927,-0.53343462944,-0.577654778957,-0.607802927494],"mean":[-0.550658524036,-0.65949934721,-0.7402972579,-0.752286553383,-0.74638915062,-0.734355270863],"median":[-0.548853576183,-0.657454431057,-0.759901404381,-0.75482916832,-0.746866762638,-0.729016184807],"min":[-0.959233641624,-0.978824675083,-0.971935808659,-0.959137260914,-0.964558660984,-0.963017761707],"var":[0.00571738695726,0.00639311317354,0.00847889948636,0.00409317342564,0.00260031688958,0.00248685944825]},"spectral_contrast_valleys":{"dmean":[0.496714383364,0.410124361515,0.357325494289,0.318344503641,0.306672841311,0.381647408009],"dmean2":[0.829677939415,0.640589237213,0.557967960835,0.486806690693,0.453646302223,0.510374128819],"dvar":[0.187137946486,0.155290976167,0.130535781384,0.119653552771,0.125730186701,0.184135302901],"dvar2":[0.456064879894,0.316678345203,0.272840231657,0.223639398813,0.222450450063,0.299739390612],"max":[-6.16937541962,-5.33160495758,-6.12471485138,-6.47213029861,-5.69807958603,-7.20195007324],"mean":[-7.82664966583,-7.53640890121,-8.19225120544,-8.44007873535,-7.68198060989,-10.0426740646],"median":[-7.68669700623,-7.39019203186,-8.02850723267,-8.26665973663,-7.48774433136,-9.85948753357],"min":[-27.5466156006,-27.3506412506,-27.2011699677,-27.347700119,-27.3341178894,-27.3327255249],"var":[0.960585594177,1.42940115929,1.46611046791,1.51298630238,1.56138253212,1.68260514736]},"spectral_decrease":{"dmean":1.47936596306e-9,"dmean2":2.19675477808e-9,"dvar":2.74429596603e-18,"dvar2":6.0088186406e-18,"max":4.78763414375e-20,"mean":-5.34485922188e-9,"median":-4.70333194613e-9,"min":-2.67818283106e-8,"var":1.30036886837e-17},"spectral_energy":{"dmean":0.00591739173979,"dmean2":0.00875435676426,"dvar":0.0000427850573033,"dvar2":0.0000926734064706,"max":0.11079172045,"mean":0.0223573334515,"median":0.0198173560202,"min":1.03629065972e-20,"var":0.000221127469558},"spectral_energyband_high":{"dmean":0.000756391091272,"dmean2":0.00110372377094,"dvar":0.00000192590232473,"dvar2":0.00000425240477853,"max":0.0279820654541,"mean":0.00174552924,"median":0.00108347460628,"min":7.49118107962e-21,"var":0.00000458361273559},"spectral_energyband_low":{"dmean":0.00311671965756,"dmean2":0.00464865146205,"dvar":0.0000222249436774,"dvar2":0.0000515918036399,"max":0.0750675424933,"mean":0.00648813415319,"median":0.00413771811873,"min":4.52187408657e-23,"var":0.0000528889322595},"spectral_energyband_middle_high":{"dmean":0.00135240529198,"dmean2":0.00194039184134,"dvar":0.00000472067904411,"dvar2":0.0000110361506813,"max":0.0682888776064,"mean":0.00457077799365,"median":0.00242723757401,"min":1.39467871642e-21,"var":0.0000373088478227},"spectral_energyband_middle_low":{"dmean":0.00399380223826,"dmean2":0.00621160538867,"dvar":0.0000223448168981,"dvar2":0.0000526126386831,"max":0.0809552595019,"mean":0.0102602588013,"median":0.008260268718,"min":3.22227011076e-22,"var":0.0000699612501194},"spectral_entropy":{"dmean":0.180820778012,"dmean2":0.263453572989,"dvar":0.0345652699471,"dvar2":0.070649549365,"max":9.80469799042,"mean":7.57018518448,"median":7.57222414017,"min":5.47730875015,"var":0.189225122333},"spectral_flux":{"dmean":0.0195190291852,"dmean2":0.0305722523481,"dvar":0.000345248554368,"dvar2":0.000836993742269,"max":0.240056321025,"mean":0.073011867702,"median":0.0696941167116,"min":6.47538134224e-11,"var":0.00130606768653},"spectral_kurtosis":{"dmean":0.934303998947,"dmean2":1.59696686268,"dvar":1.30897974968,"dvar2":3.68517589569,"max":29.4235725403,"mean":2.07199168205,"median":1.68160653114,"min":-1.29981446266,"var":3.9114356041},"spectral_rms":{"dmean":0.00060614477843,"dmean2":0.000881421437953,"dvar":3.46455891531e-7,"dvar2":7.05435979853e-7,"max":0.0103966090828,"mean":0.00436585210264,"median":0.00439704488963,"min":3.17964665014e-12,"var":0.00000275136858363},"spectral_rolloff":{"dmean":866.133117676,"dmean2":1449.48364258,"dvar":1964079.625,"dvar2":4108660.75,"max":19939.7460938,"mean":2110.20361328,"median":1507.32421875,"min":43.06640625,"var":4329572},"spectral_skewness":{"dmean":0.165552467108,"dmean2":0.265470951796,"dvar":0.0294738002121,"dvar2":0.0694002732635,"max":4.33418321609,"mean":1.02488601208,"median":0.987243413925,"min":-0.225615888834,"var":0.152906879783},"spectral_spread":{"dmean":512717.1875,"dmean2":741667.1875,"dvar":725983756288,"dvar2":1179887861760,"max":41688068,"mean":5257018,"median":4834038,"min":2512527.25,"var":3307960795140},"spectral_strongpeak":{"dmean":0.482232689857,"dmean2":0.807331383228,"dvar":0.735060453415,"dvar2":1.99929976463,"max":14.1655302048,"mean":0.938304960728,"median":0.564007997513,"min":0,"var":1.25084042549},"zerocrossingrate":{"dmean":0.0138918878511,"dmean2":0.0160945393145,"dvar":0.000277950690361,"dvar2":0.000313342636218,"max":0.50830078125,"mean":0.0763183608651,"median":0.068359375,"min":0.0068359375,"var":0.0018754589837}},"metadata":{"audio_properties":{"analysis_sample_rate":44100,"bit_rate":192043,"codec":"mp3","downmix":"mix","equal_loudness":0,"length":116.767349243,"lossless":false,"md5_encoded":"3fcd0ee8f92545152eae7721afa5b613","replay_gain":-6.71595191956,"sample_rate":44100},"tags":{"album":["Prophet, Seers & Sages The Angels Of The Ages"],"albumartist":["Tyrannosaurus Rex"],"artist":["Tyrannosaurus Rex"],"asin":["B000666UTI"],"barcode":["731454101028"],"bpm":["125"],"composer":["Marc Bolan"],"contentgroup":["Medium"],"date":["1998"],"discnumber":["1/1"],"file_name":"C:\\Users\\KMC\\Music\\iTunes\\iTunes Media\\Music\\Tyrannosaurus Rex\\Prophet, Seers & Sages The Angels Of The\\02 Stacey Grove.mp3","genre":["Psychedelic"],"initialkey":["Bbm"],"language":["eng"],"musicbrainz_recordingid":["31289449-c32c-4231-a74f-35b90bf7fc73"],"musicip_puid":["036c2444-dcda-e764-83b9-0faf4a7d1280"],"title":["Stacey Grove"],"tracknumber":["2/14"]},"version":{"essentia":"2.1-beta2","essentia_build_sha":"2d9f1f26377add8aeb1075a9c2973f962c4f09fd","essentia_git_sha":"v2.1_beta2-1-ge3940c0","extractor":"music 1.0"}},"rhythm":{"beats_count":244,"beats_loudness":{"dmean":0.0121998097748,"dmean2":0.0204720515758,"dvar":0.000101049809018,"dvar2":0.000281974498648,"max":0.0793867856264,"mean":0.0325649902225,"median":0.0319119617343,"min":6.40907330762e-7,"var":0.00022934351},"beats_loudness_band_ratio":{"dmean":[0.219669833779,0.154007419944,0.133025541902,0.0629732757807,0.0550619475543,0.0661462843418],"dmean2":[0.385297626257,0.271789550781,0.242109686136,0.107082113624,0.0978071242571,0.12085531652],"dvar":[0.0240831878036,0.0191704314202,0.0219227150083,0.00734847458079,0.0042713759467,0.00520890299231],"dvar2":[0.0716198906302,0.0542999878526,0.0608621761203,0.0184667874128,0.012331132777,0.0147524196655],"max":[0.969943881035,0.78359