{"lowlevel":{"average_loudness":0.739900767803,"barkbands":{"dmean":[0.0015021545114,0.00302357506007,0.00117428682279,0.00104623206425,0.00224911072291,0.00155528914183,0.000863279274199,0.000541391258594,0.000865783949848,0.000559379637707,0.000284302368527,0.00029691416421,0.000227290001931,0.000212219369132,0.000230045363423,0.000205524935154,0.000206824886845,0.000221821304876,0.00018878778792,0.000111868292151,0.0000935530260904,0.0000803803704912,0.0000171192186826,0.00000142065221098,0.00000140059489695,0.00000739596998756,0.000317703583278],"dmean2":[0.00249326275662,0.00510081183165,0.00191648467444,0.00168546487112,0.0036848091986,0.0023907488212,0.00131789315492,0.000847551156767,0.00137453584466,0.000874662597198,0.000451501138741,0.000479745591292,0.000376473471988,0.000354164541932,0.000376396259526,0.000337930745445,0.000340432510711,0.00035081844544,0.000293304969091,0.0001652414212,0.000133853958687,0.000120101387438,0.0000253054440691,0.0000023371660518,0.00000229271017815,0.0000113354444693,0.000453168177046],"dvar":[0.0000262835364992,0.0000609729067946,0.00000406208982895,0.0000067790842877,0.0000310061332129,0.0000208421879506,0.00000476724835607,0.00000228527119361,0.00000873783301358,0.00000235861693909,6.22568393283e-7,4.25258605219e-7,1.81913947017e-7,2.31972848042e-7,2.91415886977e-7,3.28998822852e-7,4.71423419413e-7,4.95742426665e-7,4.00278764801e-7,2.06778935308e-7,1.26906513742e-7,9.53883088073e-8,2.1303061537e-9,8.85025299574e-12,8.08023873505e-12,4.11655348698e-10,5.41004737897e-7],"dvar2":[0.0000658052013023,0.000167571939528,0.000010527323866,0.0000170435487234,0.0000785787342465,0.0000439194045612,0.000010022202332,0.00000504448553329,0.0000204428597499,0.00000562426248507,0.00000145594310652,0.00000104980040305,4.81983192913e-7,6.23921948772e-7,7.71170334701e-7,8.39175754663e-7,0.00000123139773223,0.0000012551540749,9.5003053957e-7,4.47762459999e-7,2.61162398374e-7,2.31643355164e-7,4.82320938744e-9,2.12514259662e-11,1.94073923598e-11,9.73350289257e-10,0.00000115131797429],"max":[0.0999739766121,0.138260528445,0.0379729345441,0.0902538597584,0.0875265300274,0.152380526066,0.0916032418609,0.0490508303046,0.102614030242,0.0386306904256,0.022591214627,0.031204380095,0.0123283630237,0.0114023508504,0.0132789518684,0.0288268662989,0.0154307419434,0.021176898852,0.0151914134622,0.0191374532878,0.0134048322216,0.0110252648592,0.00145547185093,0.0000647423148621,0.0000615007229499,0.000492514576763,0.0154979117215],"mean":[0.00149347633123,0.00392306689173,0.00174004514702,0.001404371229,0.00310478778556,0.00225383834913,0.00135307759047,0.000748829566874,0.00117299717385,0.000791582686361,0.000386588217225,0.000465016317321,0.000356014788849,0.000303702370729,0.000356240576366,0.000315440614941,0.000299881561659,0.000340097438311,0.000264068396064,0.000157436414156,0.000129930878757,0.000112261754111,0.0000230199930229,0.00000146286652125,0.00000150094763285,0.00000994724268821,0.000820522662252],"median":[0.000182595234946,0.0017061419785,0.00066893058829,0.000464487355202,0.00106041459367,0.000600829487666,0.000410010456108,0.000219384644879,0.000254512997344,0.000187382946024,0.000128868632601,0.000242984810029,0.000193207422853,0.000140602525789,0.000167608464835,0.00014162826119,0.000110296306957,0.0000762851195759,0.0000468788202852,0.0000262168377958,0.0000241602356255,0.0000196571127162,0.00000473561067338,3.87493628295e-7,4.44494475005e-7,0.0000028121721698,0.000389654713217],"min":[6.36413387376e-25,1.10150630209e-24,3.6775886819e-24,1.6083301066e-24,8.30070367821e-24,2.0491286791e-23,2.82658131456e-24,1.43578190999e-23,2.27227881206e-23,4.15967207293e-23,1.83687934166e-23,4.79476221516e-23,4.39556988258e-23,3.73233949414e-23,7.61796854611e-23,6.69722082605e-23,1.04468597243e-22,1.56117403301e-22,1.7869113142e-22,1.53034774697e-22,2.96699446939e-22,3.47310112046e-22,5.10849257582e-22,5.64948353964e-22,8.53235590158e-22,1.5519444109e-21,2.24425792998e-21],"var":[0.0000257730516751,0.0000560862827115,0.00000819799697638,0.00000965740309766,0.0000400402932428,0.0000374759511033,0.000011328626897,0.00000407092875321,0.0000123216759675,0.00000407134666602,9.68014091995e-7,6.29172916433e-7,2.69230156391e-7,2.61048654693e-7,3.5515947161e-7,3.87691500237e-7,4.94593507483e-7,6.34243065178e-7,5.18824037954e-7,3.43886512155e-7,2.09363207659e-7,1.13716730255e-7,2.94296942371e-9,9.84002636317e-12,9.24206457892e-12,5.01295394084e-10,0.00000153637893163]},"barkbands_crest":{"dmean":2.81384968758,"dmean2":4.57563686371,"dvar":6.0477180481,"dvar2":15.1573266983,"max":26.3617229462,"mean":9.41195774078,"median":8.45934104919,"min":2.23031163216,"var":17.5454502106},"barkbands_flatness_db":{"dmean":0.0240463819355,"dmean2":0.0374481491745,"dvar":0.000442390941316,"dvar2":0.00104587664828,"max":0.362450987101,"mean":0.132086381316,"median":0.125410720706,"min":0.0342612415552,"var":0.00189759291243},"barkbands_kurtosis":{"dmean":4.19602870941,"dmean2":6.51831674576,"dvar":55.2885017395,"dvar2":124.457298279,"max":208.217575073,"mean":6.85662126541,"median":3.66143894196,"min":-1.66279280186,"var":114.537872314},"barkbands_skewness":{"dmean":0.612003564835,"dmean2":0.939279675484,"dvar":0.410561978817,"dvar2":0.913945138454,"max":11.3465929031,"mean":1.90958142281,"median":1.72406744957,"min":-2.46427059174,"var":1.47740638256},"barkbands_spread":{"dmean":8.21529769897,"dmean2":12.7301464081,"dvar":67.5209960938,"dvar2":152.628250122,"max":103.465454102,"mean":29.6227283478,"median":26.7592868805,"min":0.668622910976,"var":304.855255127},"dissonance":{"dmean":0.0190431792289,"dmean2":0.0320077501237,"dvar":0.000423052319093,"dvar2":0.00113343796693,"max":0.500000059605,"mean":0.468611359596,"median":0.477642297745,"min":0.236405402422,"var":0.000884876586497},"dynamic_complexity":6.6515955925,"erbbands":{"dmean":[0.129848346114,0.562831521034,1.20752978325,2.60266447067,5.15310001373,8.77822780609,11.5462656021,12.1663990021,13.2797174454,11.4198865891,11.4044656754,18.8891410828,19.0888347626,15.0466213226,11.143286705,11.5000362396,10.2715568542,8.84439754486,13.3205938339,10.3927764893,10.7104091644,11.3431005478,12.1749191284,9.91363716125,8.9489736557,5.21042537689,4.28990364075,3.46652698517,3.61877393723,1.34169828892,0.260499745607,0.0349551476538,0.0227792598307,0.0155833549798,0.010050249286,0.00604120455682,0.00887612160295,0.0613028034568,0.026123309508,0.00662662833929],"dmean2":[0.224188908935,0.939452826977,1.98798286915,4.12013530731,8.66071796417,14.4979963303,18.129076004,18.7820930481,19.8920097351,17.7848453522,17.958820343,29.9041461945,29.7200908661,23.5051708221,17.6056919098,18.6613407135,16.8365497589,14.5376358032,22.0235919952,16.8618869781,17.4340286255,18.4541873932,19.3434581757,15.4948253632,13.83897686,7.69211244583,6.24459171295,5.00196313858,5.49439334869,1.92325997353,0.388420432806,0.0563631094992,0.0374033860862,0.025548433885,0.016410831362,0.00977443624288,0.0131111582741,0.0886673256755,0.0361059419811,0.00951748434454],"dvar":[0.176125302911,1.51428413391,4.35390472412,35.8881797791,137.572463989,665.979614258,1305.31286621,1471.37744141,1299.73010254,802.776489258,921.017089844,3299.73803711,3591.63305664,1765.140625,841.899230957,509.954559326,368.431304932,365.411865234,1128.67712402,566.736572266,1104.86401367,1462.8692627,1563.53686523,956.72277832,1011.22375488,462.333526611,314.463409424,160.15284729,230.230209351,14.167514801,0.530435204506,0.00493678916246,0.00224451674148,0.00102330453228,0.000406475533964,0.00013566754933,0.000518684100825,0.0531776286662,0.0057673426345,0.000207870441955],"dvar2":[0.489623755217,4.21339273453,11.8757810593,87.370475769,364.076721191,1698.00976562,2748.71484375,3222.14257812,2607.31933594,1774.58789062,2248.90332031,7669.41064453,8552.55664062,4211.98144531,2002.08068848,1258.22033691,971.642211914,973.937805176,3049.76513672,1471.69726562,2732.73852539,3780.24658203,3957.43481445,2301.04907227,2412.52514648,1007.37261963,638.08392334,341.886199951,578.530517578,30.3750171661,1.2278124094,0.0115159125999,0.00537956459448,0.00245626387186,0.000976035720669,0.000324720109347,0.00118382263463,0.12818710506,0.0119510497898,0.000452837964986],"max":[7.13145589828,29.9231491089,42.2442741394,200.930221558,267.896453857,454.114044189,1500.3170166,1458.80761719,1617.27990723,1199.0177002,1116.36694336,1656.40246582,1601.20251465,1075.70935059,838.041442871,707.580078125,596.672790527,352.665618896,986.299804688,688.288513184,1944.69995117,933.235351562,1165.47827148,745.371887207,1008.12390137,892.649780273,743.267089844,410.10168457,457.451293945,126.308319092,17.4034938812,1.49577641487,1.03888261318,0.698401212692,0.4325324893,0.239832013845,0.519889473915,6.8510427475,1.59887993336,0.282522767782],"mean":[0.138746157289,0.795130133629,1.87590956688,3.97447061539,6.8058052063,10.9218330383,15.0761213303,18.4827213287,21.5842857361,16.8367385864,16.6604728699,26.0776939392,26.5409641266,22.4364833832,17.3252010345,18.8944911957,16.9890365601,13.9011077881,19.9068546295,17.5261936188,16.7828731537,17.0722904205,18.5913772583,15.2767038345,12.2270078659,7.41653108597,5.90272760391,4.88224029541,4.81547021866,1.96112239361,0.352851688862,0.0413450822234,0.0241161677986,0.0165718309581,0.0109557211399,0.00701976334676,0.0133735872805,0.0899245291948,0.0501264184713,0.0211545675993],"median":[0.0447931885719,0.357953161001,0.817292690277,1.57418870926,2.40235185623,3.09075593948,3.94511604309,4.8790845871,5.78966999054,5.67129898071,5.8825044632,5.84173583984,6.37835693359,6.68455696106,7.59704113007,10.2810516357,9.67882156372,7.30789661407,9.54206085205,8.49556446075,7.57121610641,6.45182752609,4.66030311584,3.18489837646,1.85189890862,1.2412879467,1.09040188789,0.910752534866,0.744580745697,0.404588133097,0.0828713029623,0.0139606455341,0.0069089634344,0.0048071583733,0.00338134472258,0.00247629918158,0.00453122099862,0.0161057934165,0.0132411187515,0.0135181555524],"min":[4.82422806324e-23,3.26255528081e-22,4.0487910084e-21,1.18522872953e-20,2.48129820712e-20,3.79818912935e-20,1.21375326132e-19,1.38944849138e-19,8.33039506982e-20,1.30235554941e-19,3.17167154741e-19,4.08364541058e-19,8.03112758655e-19,1.1905544382e-18,1.69824253622e-18,2.0698236479e-18,2.05383383307e-18,2.33016592441e-18,3.39986658678e-18,3.38735899553e-18,4.11372180105e-18,6.063149104e-18,7.97632893892e-18,9.58991346855e-18,7.37428372805e-18,6.75189111488e-18,9.25998669097e-18,1.04335913712e-17,1.31011057445e-17,1.6319184916e-17,1.49483547351e-17,1.22680000372e-17,1.12198224076e-17,7.31292264303e-18,7.18810853322e-18,5.41428174814e-18,2.50139169082e-18,1.22107295671e-18,2.91328203754e-19,3.20571552261e-20],"var":[0.134192571044,1.67928802967,8.43113803864,64.0182647705,168.890609741,732.842956543,1989.63708496,2844.75244141,3393.30200195,1473.62243652,1351.3807373,4905.37695312,5550.77636719,2774.50366211,1331.70056152,880.769042969,582.04095459,452.88192749,1199.04882812,789.958984375,1310.11230469,1567.43676758,1922.81408691,1303.20373535,1307.93737793,758.739196777,523.352294922,251.065567017,249.140045166,22.4654712677,0.686970174313,0.00621123611927,0.00253057852387,0.00116078788415,0.000471034814836,0.000166204510606,0.000746632344089,0.0656968951225,0.0125448768958,0.000703286554199]},"erbbands_crest":{"dmean":2.86633062363,"dmean2":4.69616985321,"dvar":7.26421308517,"dvar2":18.2166786194,"max":30.7263011932,"mean":9.10866165161,"median":7.85049343109,"min":2.3639755249,"var":20.718662262},"erbbands_flatness_db":{"dmean":0.0224609524012,"dmean2":0.0350827276707,"dvar":0.000389885477489,"dvar2":0.000944847648498,"max":0.40250056982,"mean":0.161435365677,"median":0.152505546808,"min":0.0591959096491,"var":0.00204825378023},"erbbands_kurtosis":{"dmean":1.44377565384,"dmean2":2.37055397034,"dvar":5.95559930801,"dvar2":15.7984037399,"max":47.269153595,"mean":1.11165893078,"median":0.0723675489426,"min":-1.72689390182,"var":10.6874485016},"erbbands_skewness":{"dmean":0.44660037756,"dmean2":0.688340723515,"dvar":0.182839348912,"dvar2":0.429601073265,"max":5.38833999634,"mean":0.362633347511,"median":0.231858402491,"min":-3.32458615303,"var":0.832986593246},"erbbands_spread":{"dmean":6.70636558533,"dmean2":10.533159256,"dvar":40.0429000854,"dvar2":94.5423660278,"max":100.690765381,"mean":29.3577289581,"median":28.0422477722,"min":1.18796432018,"var":188.433135986},"gfcc":{"cov":[[26822.1796875,2422.61328125,1097.06811523,1148.93762207,543.295715332,-1698.74804688,-657.942993164,304.116882324,-99.5625228882,-835.595275879,-401.345397949,87.9288101196,1033.36010742],[2422.61328125,1168.24633789,444.438201904,-112.306030273,62.5746498108,-135.213973999,-165.548583984,62.4347648621,-42.4646453857,-129.772872925,-11.7754793167,-51.8314399719,270.791229248],[1097.06811523,444.438201904,643.826843262,131.37298584,-15.5882701874,46.6054382324,-221.12059021,117.470985413,-95.9150238037,-30.4311885834,15.4660701752,-33.8608207703,163.25743103],[1148.93762207,-112.306030273,131.37298584,386.170684814,141.982070923,-132.142379761,53.4816513062,-42.5480384827,-14.5874595642,-39.8914222717,-27.69373703,52.3807563782,-4.15005922318],[543.295715332,62.5746498108,-15.5882701874,141.982070923,268.254547119,-12.7607526779,55.1093444824,-40.9014320374,30.766002655,-40.3157234192,-12.5508918762,16.0370311737,26.6662006378],[-1698.74804688,-135.213973999,46.6054382324,-132.142379761,-12.7607526779,363.890869141,-9.90046596527,76.1011352539,-14.9113950729,71.7294082642,24.712682724,-50.0780906677,-27.637172699],[-657.942993164,-165.548583984,-221.12059021,53.4816513062,55.1093444824,-9.90046596527,295.757751465,-63.1573867798,68.6684570312,3.83128285408,-40.2547264099,36.2061729431,-100.362556458],[304.116882324,62.4347648621,117.470985413,-42.5480384827,-40.9014320374,76.1011352539,-63.1573867798,205.750137329,10.1703481674,7.39169931412,11.1222772598,-50.605846405,58.1686401367],[-99.5625228882,-42.4646453857,-95.9150238037,-14.5874595642,30.766002655,-14.9113950729,68.6684570312,10.1703481674,172.415390015,62.5971298218,-10.6595773697,9.48812580109,-60.3769111633],[-835.595275879,-129.772872925,-30.4311885834,-39.8914222717,-40.3157234192,71.7294082642,3.83128285408,7.39169931412,62.5971298218,121.782470703,49.6293296814,-3.67073369026,-49.5418128967],[-401.345397949,-11.7754793167,15.4660701752,-27.69373703,-12.5508918762,24.712682724,-40.2547264099,11.1222772598,-10.6595773697,49.6293296814,102.801521301,37.2409629822,0.490929484367],[87.9288101196,-51.8314399719,-33.8608207703,52.3807563782,16.0370311737,-50.0780906677,36.2061729431,-50.605846405,9.48812580109,-3.67073369026,37.2409629822,103.516319275,0.137458443642],[1033.36010742,270.791229248,163.25743103,-4.15005922318,26.6662006378,-27.637172699,-100.362556458,58.1686401367,-60.3769111633,-49.5418128967,0.490929484367,0.137458443642,185.669036865]],"icov":[[0.000104877195554,-0.000196271095774,0.00020391176804,-0.000392381072743,0.0000360042176908,0.000221974609303,0.000307641777908,-0.000278860301478,-0.0000933592455112,0.000148889856064,0.000333217642037,-0.000170010724105,-0.000195376269403],[-0.000196271095774,0.00410550134256,-0.00421025371179,0.0047332146205,-0.00178908999078,0.00205029291101,-0.00243806676008,0.00211018137634,-0.00198820070364,0.00308739696629,-0.00305291032419,0.00299659674056,-0.00232123001479],[0.00020391176804,-0.00421025371179,0.00800748635083,-0.0079247513786,0.003765654983,-0.00385230407119,0.00426805159077,-0.00195008190349,0.000747637997847,-0.0014047799632,0.00142665929161,-0.00117600534577,-0.000543304195162],[-0.000392381072743,0.0047332146205,-0.0079247513786,0.0137259596959,-0.00778480758891,0.00597562920302,-0.00418831128627,-0.000232898630202,0.00368860433809,-0.00308415107429,0.00278542935848,-0.00283976481296,0.00274342717603],[0.0000360042176908,-0.00178908999078,0.003765654983,-0.00778480758891,0.0103124659508,-0.00510468892753,0.000427084567491,0.00368378008716,-0.00649343803525,0.00722781568766,-0.0064253564924,0.00499789090827,-0.00441006151959],[0.000221974609303,0.00205029291101,-0.00385230407119,0.00597562920302,-0.00510468892753,0.00835720542818,-0.00141697761137,-0.00302652758546,0.00381700624712,-0.00449982704595,0.00348535785452,-0.00136127881706,0.00148689653724],[0.000307641777908,-0.00243806676008,0.00426805159077,-0.00418831128627,0.000427084567491,-0.00141697761137,0.00817216653377,-0.00192417926155,0.000143372570165,-0.00128675682936,0.00518720550463,-0.00444542523474,0.00243798620068],[-0.000278860301478,0.00211018137634,-0.00195008190349,-0.000232898630202,0.00368378008716,-0.00302652758546,-0.00192417926155,0.0114884963259,-0.00748453103006,0.007685019169,-0.00927403569221,0.00933060050011,-0.0058007100597],[-0.0000933592455112,-0.00198820070364,0.000747637997847,0.00368860433809,-0.00649343803525,0.00381700624712,0.000143372570165,-0.00748453103006,0.0183794759214,-0.017267473042,0.0134688923135,-0.0105479694903,0.00810896698385],[0.000148889856064,0.00308739696629,-0.0014047799632,-0.00308415107429,0.00722781568766,-0.00449982704595,-0.00128675682936,0.007685019169,-0.017267473042,0.0309156514704,-0.0206487271935,0.0135468393564,-0.00629771128297],[0.000333217642037,-0.00305291032419,0.00142665929161,0.00278542935848,-0.0064253564924,0.00348535785452,0.00518720550463,-0.00927403569221,0.0134688923135,-0.0206487271935,0.0310447309166,-0.0195661373436,0.00735945254564],[-0.000170010724105,0.00299659674056,-0.00117600534577,-0.00283976481296,0.00499789090827,-0.00136127881706,-0.00444542523474,0.00933060050011,-0.0105479694903,0.0135468393564,-0.0195661373436,0.0255384240299,-0.0084827626124],[-0.000195376269403,-0.00232123001479,-0.000543304195162,0.00274342717603,-0.00441006151959,0.00148689653724,0.00243798620068,-0.0058007100597,0.00810896698385,-0.00629771128297,0.00735945254564,-0.0084827626124,0.0153309851885]],"mean":[-69.0294952393,94.5677261353,-102.375099182,-4.74457025528,-10.8520040512,-26.7822132111,8.57054519653,-28.1983375549,2.30423974991,-7.31356811523,-8.97727966309,1.63495051861,-10.5419530869]},"hfc":{"dmean":34.0873069763,"dmean2":52.1273956299,"dvar":2071.59204102,"dvar2":5048.20703125,"max":902.502197266,"mean":127.575172424,"median":110.300231934,"min":1.12504477771e-16,"var":12566.3925781},"melbands":{"dmean":[0.0010158008663,0.000633362564258,0.000470897299238,0.000506084412336,0.000388903077692,0.000280099193333,0.000191741273738,0.000122139885207,0.0000973540663836,0.000126495870063,0.0000975105576799,0.0000641509104753,0.0000389571869164,0.0000344523868989,0.0000285055157292,0.0000197734370886,0.0000175627010321,0.0000232083002629,0.0000157729864441,0.0000148555209307,0.0000127500943563,0.0000119747392091,0.000012849273844,0.0000103371394289,0.00000818551598059,0.00000794802690507,0.00000466807841804,0.000003390782922,0.00000285807072942,0.00000226638439926,0.00000200806698558,0.00000237753192778,0.00000110039900392,6.73360659675e-7,1.86240939115e-7,2.18020197451e-8,1.85101356465e-8,1.61263784548e-8,1.42419622762e-8,1.27450414666e-8],"dmean2":[0.00171714019962,0.00104517198633,0.000754982989747,0.000837374769617,0.000614080461673,0.000429802108556,0.000288597802864,0.000190184640815,0.000154983950779,0.000200058202608,0.000151941974764,0.000100593606476,0.0000618179765297,0.000055757634982,0.0000469842743769,0.0000327707530232,0.000029205757528,0.0000387432119169,0.0000257077736023,0.0000245370101766,0.0000208924448089,0.0000197881818167,0.0000210157777474,0.0000164308185049,0.0000129978934638,0.0000124958987726,0.00000719664649296,0.00000505671823703,0.00000423736582889,0.00000333285197485,0.00000298772602036,0.00000366949211639,0.00000162375863511,9.81436642178e-7,2.87660583353e-7,3.58299878656e-8,3.04724068201e-8,2.6534442199e-8,2.33952999196e-8,2.0894738384e-8],"dvar":[0.00000890546652954,0.00000126838335746,0.00000108003689547,0.0000018028241584,0.00000113909084121,6.74986097238e-7,2.49249040962e-7,9.80248202609e-8,6.33026928654e-8,1.81003116495e-7,9.5232714159e-8,3.3514599096e-8,1.16434755171e-8,6.43422648494e-9,2.54190934967e-9,1.48743761752e-9,1.44242373601e-9,3.51170048596e-9,1.24994781192e-9,1.36661704175e-9,1.66944835733e-9,1.57264223866e-9,2.17780682377e-9,9.52306788982e-10,6.73947397889e-10,8.04559807666e-10,3.56930623946e-10,2.13411566197e-10,1.58233551262e-10,7.26399565498e-11,6.34810259914e-11,1.11105277756e-10,1.2672174074e-11,3.30036540631e-12,3.29431984079e-13,2.12805953042e-15,1.51415133195e-15,1.13378366957e-15,8.69121766574e-16,6.80938521325e-16],"dvar2":[0.0000241423786065,0.00000349946094502,0.00000272581701211,0.00000465567745778,0.00000246560875894,0.00000145652325045,5.08378718678e-7,2.10486362562e-7,1.55448873329e-7,4.19135346874e-7,2.27041240919e-7,7.96744714648e-8,2.72765312559e-8,1.58545816475e-8,6.5093970214e-9,3.95902333139e-9,3.86437148947e-9,9.55993151308e-9,3.26583959875e-9,3.65616004139e-9,4.103080542e-9,4.10701650466e-9,5.78138292795e-9,2.37127251168e-9,1.64495461696e-9,1.95892235766e-9,8.5349016743e-10,4.70264105434e-10,3.31537658438e-10,1.49456197418e-10,1.48358297869e-10,2.83879225682e-10,2.88050711755e-11,7.24627909759e-12,8.02370485591e-13,5.10695095086e-15,3.63665506739e-15,2.72338308487e-15,2.08732825708e-15,1.6352324683e-15],"max":[0.0499047189951,0.0300008431077,0.0349455103278,0.0216614976525,0.0385615974665,0.0287037920207,0.0216844659299,0.0108326040208,0.0079139964655,0.0141326421872,0.00843921117485,0.00469055166468,0.00354227703065,0.00397666217759,0.00111634610221,0.001211454859,0.00076112349052,0.00172736216336,0.000991276348941,0.000842920038849,0.00249100406654,0.000923667335883,0.00147303403355,0.00113762822002,0.000681507051922,0.000649402034469,0.000836712075397,0.000662820937578,0.000608985021245,0.000298449100228,0.000307248905301,0.000333012780175,0.000113197289465,0.0000655108306091,0.0000153829605551,0.00000106734762539,8.43108296067e-7,7.3683094115e-7,6.4549618628e-7,5.68585051042e-7],"mean":[0.00126486737281,0.00103021925315,0.000735640991479,0.000663932180032,0.000517018372193,0.000429034873378,0.000312909862259,0.000176691522938,0.000138391085784,0.000170184081071,0.000132491797558,0.0000928179651964,0.0000563407083973,0.0000530607030669,0.0000455619374407,0.0000306467300106,0.0000255055310845,0.0000328250753228,0.0000251521196333,0.0000226205411309,0.0000187261430256,0.0000172327545442,0.000017728038074,0.0000158838447533,0.0000118279513117,0.0000103096836028,0.00000634742946204,0.00000459151124232,0.00000381107315661,0.00000309817960442,0.00000267248083219,0.00000306093465952,0.00000155245345468,9.40106190228e-7,2.3087099521e-7,2.22330189814e-8,1.89344664392e-8,1.66483893338e-8,1.48834118363e-8,1.35146818181e-8],"median":[0.000512088940013,0.00051638064906,0.000325485132635,0.000202015085961,0.000145584868733,0.00011406984413,0.0000877943093656,0.000057115976233,0.000044517153583,0.0000354702497134,0.0000293425364362,0.0000254060996667,0.0000213668172364,0.000026746554795,0.0000246471208811,0.0000166186218848,0.0000122338969959,0.0000149072902786,0.0000119442111099,0.0000102404392237,0.0000079146329881,0.00000642059330858,0.00000482038831251,0.00000318661977872,0.00000237649965129,0.00000145311855704,9.27283963392e-7,7.31529667064e-7,6.77221407841e-7,5.37253072252e-7,4.91246851198e-7,4.3464274313e-7,2.84489658497e-7,1.87473432334e-7,4.68748808657e-8,5.7404996312e-9,4.90918239393e-9,4.45104753055e-9,4.0883092467e-9,3.88136456309e-9],"min":[6.44533625711e-25,1.30845163462e-24,3.42359243093e-24,1.9917095054e-24,4.57259437179e-24,3.61673437395e-24,1.05289067805e-24,1.75348593658e-24,2.19437418284e-24,3.23820025744e-24,3.88785995061e-24,4.56433578697e-24,3.75006212212e-24,5.86167394916e-24,4.62769670045e-24,3.15773703675e-24,3.16164268709e-24,3.36462981143e-24,5.44482643621e-24,6.08697972344e-24,3.90974019111e-24,6.14725737407e-24,3.98206493106e-24,6.65216424658e-24,7.16009048421e-24,5.05547348682e-24,3.48934083193e-24,3.99409939859e-24,5.37346016227e-24,5.77886998096e-24,6.03194602568e-24,6.78022555936e-24,7.30509337378e-24,8.78770695805e-24,8.02752745762e-24,6.76480569524e-24,7.52456394395e-24,7.20916078796e-24,8.32047805452e-24,5.38258649408e-24],"var":[0.00000780407481216,0.00000212910731534,0.00000175362401933,0.00000207222115023,0.00000178983259502,0.00000134124809392,6.47144076993e-7,1.87681308716e-7,9.12372826178e-8,2.6081067972e-7,1.46276647683e-7,5.26163042025e-8,1.82736688004e-8,9.18764087032e-9,4.42003988965e-9,2.06944594794e-9,1.71403269356e-9,3.53779427975e-9,1.66404767743e-9,1.60672430916e-9,1.95050287033e-9,1.62061164488e-9,2.18401452479e-9,1.31033583983e-9,8.61768711946e-10,9.69302194065e-10,4.71978678362e-10,3.42273293041e-10,2.49690046417e-10,1.2038643693e-10,8.3101581172e-11,1.13710180161e-10,1.76540327496e-11,4.94904074319e-12,3.61837892548e-13,2.35373663614e-15,1.67700485101e-15,1.26236178866e-15,9.75557491506e-16,7.72397856717e-16]},"melbands_crest":{"dmean":3.84530615807,"dmean2":6.2857208252,"dvar":11.4099683762,"dvar2":30.2480163574,"max":37.697883606,"mean":13.7368412018,"median":12.9249210358,"min":1.74738657475,"var":26.8724403381},"melbands_flatness_db":{"dmean":0.0314824879169,"dmean2":0.048333838582,"dvar":0.000711059721652,"dvar2":0.0016418506857,"max":0.509749770164,"mean":0.235054790974,"median":0.231216341257,"min":0.00443421723321,"var":0.00341778574511},"melbands_kurtosis":{"dmean":5.38041734695,"dmean2":8.52388191223,"dvar":73.7192840576,"dvar2":169.369125366,"max":220.255020142,"mean":9.07817459106,"median":5.24342823029,"min":-1.88115227222,"var":163.70475769},"melbands_skewness":{"dmean":0.703988671303,"dmean2":1.09421372414,"dvar":0.485498338938,"dvar2":1.12349176407,"max":11.4524784088,"mean":2.0805284977,"median":1.93936562538,"min":-2.87426614761,"var":2.0685505867},"melbands_spread":{"dmean":7.29859447479,"dmean2":11.4353818893,"dvar":94.1962738037,"dvar2":209.519180298,"max":165.473968506,"mean":21.1734046936,"median":17.8768157959,"min":0.798056721687,"var":263.629302979},"mfcc":{"cov":[[18839.8339844,3536.17285156,-1374.57263184,2954.1237793,-443.738067627,80.0260696411,-835.903503418,463.312988281,414.360961914,-390.624542236,-197.0443573,-698.126403809,35.5346946716],[3536.17285156,2008.82092285,-0.235782846808,414.433288574,9.13499164581,-24.9125823975,-159.601287842,58.1088409424,146.977172852,-85.1299057007,-136.793121338,-175.884674072,-17.551202774],[-1374.57263184,-0.235782846808,624.961975098,-262.192657471,146.11656189,-72.3600845337,77.2643356323,-60.2218666077,-49.3838615417,43.2410736084,-44.1354789734,70.9841079712,-28.1185722351],[2954.1237793,414.433288574,-262.192657471,920.937927246,-101.709487915,93.0288848877,-127.624053955,97.9768829346,54.3403968811,-123.121032715,-11.482167244,-155.350967407,31.1938323975],[-443.738067627,9.13499164581,146.11656189,-101.709487915,282.747467041,17.7228298187,42.893535614,-13.3744306564,-14.8203697205,20.446434021,-24.3798179626,49.9332084656,-13.8025941849],[80.0260696411,-24.9125823975,-72.3600845337,93.0288848877,17.7228298187,198.846801758,27.8839187622,18.155834198,22.1207256317,-8.59885883331,15.974694252,-22.3457450867,30.3075733185],[-835.903503418,-159.601287842,77.2643356323,-127.624053955,42.893535614,27.8839187622,181.646636963,20.6418113708,-12.6331090927,4.44810771942,-27.9835147858,29.8328857422,-24.1470546722],[463.312988281,58.1088409424,-60.2218666077,97.9768829346,-13.3744306564,18.155834198,20.6418113708,123.474388123,51.8532524109,-1.17083799839,8.23851680756,-39.2605323792,2.0268433094],[414.360961914,146.977172852,-49.3838615417,54.3403968811,-14.8203697205,22.1207256317,-12.6331090927,51.8532524109,134.337203979,55.1729393005,-4.94423818588,-27.2102985382,-13.6414308548],[-390.624542236,-85.1299057007,43.2410736084,-123.121032715,20.446434021,-8.59885883331,4.44810771942,-1.17083799839,55.1729393005,125.946601868,50.8679046631,23.3769397736,-0.997781217098],[-197.0443573,-136.793121338,-44.1354789734,-11.482167244,-24.3798179626,15.974694252,-27.9835147858,8.23851680756,-4.94423818588,50.8679046631,118.861824036,39.2092247009,23.9292926788],[-698.126403809,-175.884674072,70.9841079712,-155.350967407,49.9332084656,-22.3457450867,29.8328857422,-39.2605323792,-27.2102985382,23.3769397736,39.2092247009,115.778999329,25.7599391937],[35.5346946716,-17.551202774,-28.1185722351,31.1938323975,-13.8025941849,30.3075733185,-24.1470546722,2.0268433094,-13.6414308548,-0.997781217098,23.9292926788,25.7599391937,76.3620300293]],"icov":[[0.000213104736758,-0.000252652360359,0.000273404672043,-0.000499154964928,0.000121695651615,-0.0000653460738249,0.000619204773102,-0.000612919742707,0.00040897828876,-0.000484971533297,0.000634653726593,-0.000487406214233,0.000439612369519],[-0.000252652360359,0.00106645014603,-0.000558064610232,0.00053160690004,-0.000507505086716,0.000497526896652,-0.000425676204031,0.00111506471876,-0.00187364255544,0.00160362105817,-0.000793348939624,0.00171692040749,-0.00115770404227],[0.000273404672043,-0.000558064610232,0.00272116134875,-0.000543487200048,-0.000404263701057,0.000210423910175,0.000396180927055,-0.000794996856712,0.00208873790689,-0.00243045273237,0.00229096389376,-0.00181324966252,0.00119346671272],[-0.000499154964928,0.00053160690004,-0.000543487200048,0.00329324533232,-0.000593376753386,0.0000840220891405,-0.000998907838948,0.00137170299422,-0.0025378128048,0.00404269900173,-0.00315277720802,0.00372285442427,-0.00235226005316],[0.000121695651615,-0.000507505086716,-0.000404263701057,-0.000593376753386,0.00549405161291,-0.00252321385778,0.00168457021937,-0.00288878148422,0.00353610957973,-0.00380700151436,0.00434729969129,-0.00553125701845,0.00360969826579],[-0.0000653460738249,0.000497526896652,0.000210423910175,0.0000840220891405,-0.00252321385778,0.00870394986123,-0.00453188130632,0.0043089366518,-0.00553796486929,0.00473065441474,-0.00567805022001,0.00691042840481,-0.00674947537482],[0.000619204773102,-0.000425676204031,0.000396180927055,-0.000998907838948,0.00168457021937,-0.00453188130632,0.0126243503764,-0.00831189379096,0.00591657031327,-0.00509968167171,0.00876748748124,-0.00839994754642,0.00756029505283],[-0.000612919742707,0.00111506471876,-0.000794996856712,0.00137170299422,-0.00288878148422,0.0043089366518,-0.00831189379096,0.0183782037348,-0.0115816425532,0.0088888341561,-0.0108090108261,0.0117428041995,-0.00818703789264],[0.00040897828876,-0.00187364255544,0.00208873790689,-0.0025378128048,0.00353610957973,-0.00553796486929,0.00591657031327,-0.0115816425532,0.0228689350188,-0.0175846647471,0.0127669125795,-0.0106573849916,0.00965034868568],[-0.000484971533297,0.00160362105817,-0.00243045273237,0.00404269900173,-0.00380700151436,0.00473065441474,-0.00509968167171,0.0088888341561,-0.0175846647471,0.0257654450834,-0.016635492444,0.0113399811089,-0.0077834809199],[0.000634653726593,-0.000793348939624,0.00229096389376,-0.00315277720802,0.00434729969129,-0.00567805022001,0.00876748748124,-0.0108090108261,0.0127669125795,-0.016635492444,0.0248979181051,-0.0155999213457,0.00727615971118],[-0.000487406214233,0.00171692040749,-0.00181324966252,0.00372285442427,-0.00553125701845,0.00691042840481,-0.00839994754642,0.0117428041995,-0.0106573849916,0.0113399811089,-0.0155999213457,0.0280150361359,-0.0145951956511],[0.000439612369519,-0.00115770404227,0.00119346671272,-0.00235226005316,0.00360969826579,-0.00674947537482,0.00756029505283,-0.00818703789264,0.00965034868568,-0.0077834809199,0.00727615971118,-0.0145951956511,0.0242301896214]],"mean":[-726.46887207,156.585296631,-27.8605899811,33.4040870667,-8.42847919464,19.1371212006,-3.45017838478,3.09022521973,2.81501698494,-5.85716295242,8.82188129425,-5.03527784348,4.91936397552]},"pitch_salience":{"dmean":0.0702350959182,"dmean2":0.112393975258,"dvar":0.00378666026518,"dvar2":0.00951492693275,"max":0.992438614368,"mean":0.58477306366,"median":0.602128446102,"min":0.0495214499533,"var":0.0140246348456},"silence_rate_20dB":{"dmean":0,"dmean2":0,"dvar":0,"dvar2":0,"max":1,"mean":1,"median":1,"min":1,"var":0},"silence_rate_30dB":{"dmean":0.0176680926234,"dmean2":0.0353386625648,"dvar":0.0173518378288,"dvar2":0.0443162359297,"max":1,"mean":0.986749887466,"median":1,"min":0,"var":0.0130786271766},"silence_rate_60dB":{"dmean":0.0252401325852,"dmean2":0.0504838041961,"dvar":0.0246063712984,"dvar2":0.0528560169041,"max":1,"mean":0.196508690715,"median":0,"min":0,"var":0.157862007618},"spectral_centroid":{"dmean":258.53314209,"dmean2":382.975646973,"dvar":90285.8203125,"dvar2":172410.90625,"max":11688.3310547,"mean":1204.48498535,"median":1058.42578125,"min":222.029251099,"var":472500.21875},"spectral_complexity":{"dmean":3.72782731056,"dmean2":5.23629236221,"dvar":20.7717418671,"dvar2":34.7061271667,"max":67,"mean":17.4118061066,"median":17,"min":0,"var":168.341125488},"spectral_contrast_coeffs":{"dmean":[0.0521401315928,0.0510632432997,0.0386875458062,0.0277228150517,0.022249802947,0.0519447103143],"dmean2":[0.0852259546518,0.0839768052101,0.0633389353752,0.0466374643147,0.0358327440917,0.0792603418231],"dvar":[0.0019091864815,0.00165354029741,0.000971901288722,0.000477426539874,0.000357464246918,0.0019657285884],"dvar2":[0.00505602732301,0.00425546895713,0.00250428775325,0.0013211047044,0.000894503202289,0.00442518107593],"max":[-0.345036387444,-0.368185430765,-0.452642381191,-0.636719167233,-0.618065595627,-0.376574993134],"mean":[-0.688815414906,-0.762811243534,-0.804819524288,-0.819848716259,-0.813477039337,-0.705363810062],"median":[-0.69064283371,-0.771818161011,-0.813760399818,-0.822339653969,-0.81428694725,-0.710939049721],"min":[-0.971514523029,-0.985701918602,-0.990350186825,-0.969379782677,-0.965276956558,-0.963062465191],"var":[0.00820334907621,0.00537396222353,0.0034347276669,0.00121351273265,0.00190266408026,0.00762180704623]},"spectral_contrast_valleys":{"dmean":[0.382755815983,0.384637117386,0.344952702522,0.315993010998,0.327321469784,0.657822370529],"dmean2":[0.629304409027,0.61332988739,0.533148646355,0.482516497374,0.444827675819,1.03992640972],"dvar":[0.0948669835925,0.0998227968812,0.0892532765865,0.0933306887746,0.116904951632,0.296106874943],"dvar2":[0.24368314445,0.237088620663,0.196040347219,0.197357654572,0.204358950257,0.76932823658],"max":[-4.93602466583,-4.64940977097,-5.10812139511,-5.28856754303,-5.11394834518,-8.97551727295],"mean":[-7.71774530411,-7.16821956635,-7.52263259888,-7.80310630798,-8.2119140625,-11.9279880524],"median":[-7.06776857376,-6.60959720612,-7.06276464462,-7.31215810776,-7.78148078918,-11.5721206665],"min":[-27.791217804,-27.6784496307,-27.4593849182,-27.8260707855,-27.4977703094,-27.3296794891],"var":[3.97785568237,3.2603085041,2.53885030746,2.32795619965,2.87795495987,2.53114056587]},"spectral_decrease":{"dmean":2.28631602539e-9,"dmean2":3.49667894639e-9,"dvar":1.65932877556e-17,"dvar2":3.82585823295e-17,"max":6.45298969815e-9,"mean":-4.05838829209e-9,"median":-2.47404474685e-9,"min":-5.62044633057e-8,"var":2.95734737566e-17},"spectral_energy":{"dmean":0.00948382355273,"dmean2":0.014262277633,"dvar":0.00026489814627,"dvar2":0.000592060794588,"max":0.22898247838,"mean":0.0268886908889,"median":0.0224013458937,"min":1.01114517689e-20,"var":0.000698738440406},"spectral_energyband_high":{"dmean":0.000464721670141,"dmean2":0.000639183854219,"dvar":0.00000170104260633,"dvar2":0.00000347895820596,"max":0.0286029241979,"mean":0.00092765170848,"median":0.000335548247676,"min":7.36503765179e-21,"var":0.00000356762961928},"spectral_energyband_low":{"dmean":0.00467244489118,"dmean2":0.00760114938021,"dvar":0.000114186877909,"dvar2":0.000298776722047,"max":0.176888257265,"mean":0.00748554058373,"median":0.00403986452147,"min":1.55870742273e-23,"var":0.000139264593599},"spectral_energyband_middle_high":{"dmean":0.00173256825656,"dmean2":0.00257375952788,"dvar":0.0000127913717733,"dvar2":0.0000299396851915,"max":0.0616824217141,"mean":0.00383960688487,"median":0.00230644410476,"min":1.12812663027e-21,"var":0.000026486661227},"spectral_energyband_middle_low":{"dmean":0.0051641408354,"dmean2":0.0079317688942,"dvar":0.0000845605827635,"dvar2":0.000193913379917,"max":0.181592524052,"mean":0.010284983553,"median":0.00640225410461,"min":1.80154979581e-22,"var":0.00017234106781},"spectral_entropy":{"dmean":0.16937983036,"dmean2":0.255043953657,"dvar":0.0264722462744,"dvar2":0.0573568940163,"max":9.81898021698,"mean":7.48113059998,"median":7.53440189362,"min":5.38775777817,"var":0.129686653614},"spectral_flux":{"dmean":0.0199155490845,"dmean2":0.0306545104831,"dvar":0.000747423036955,"dvar2":0.00154196645599,"max":0.395311534405,"mean":0.0832816883922,"median":0.082835033536,"min":6.50089149179e-11,"var":0.00327129219659},"spectral_kurtosis":{"dmean":3.8502831459,"dmean2":5.86127901077,"dvar":17.5637321472,"dvar2":40.9004821777,"max":109.028747559,"mean":18.4371929169,"median":16.8652458191,"min":-1.25246202946,"var":60.0040473938},"spectral_rms":{"dmean":0.000761024362873,"dmean2":0.00110198557377,"dvar":9.63954676081e-7,"dvar2":0.00000198800739781,"max":0.0149464895949,"mean":0.00439846003428,"median":0.00467493012547,"min":3.14083286289e-12,"var":0.00000688644286129},"spectral_rolloff":{"dmean":4114.63427734,"dmean2":7770.9453125,"dvar":50360868,"dvar2":115299992,"max":22050,"mean":15609.4589844,"median":21253.2714844,"min":21.533203125,"var":77188464},"spectral_skewness":{"dmean":0.332886576653,"dmean2":0.487546801567,"dvar":0.110436111689,"dvar2":0.229005068541,"max":7.84794282913,"mean":2.81401896477,"median":2.70402383804,"min":-0.0581044480205,"var":0.559552192688},"spectral_spread":{"dmean":424146.5,"dmean2":668934.625,"dvar":203616911360,"dvar2":467880148992,"max":42099896,"mean":3808690,"median":3777065,"min":1235109.875,"var":1531496497150},"spectral_strongpeak":{"dmean":5.1826171875,"dmean2":9.44698143005,"dvar":225.161132812,"dvar2":581.52935791,"max":204.06980896,"mean":5.65086984634,"median":0.346949934959,"min":0,"var":275.967041016},"zerocrossingrate":{"dmean":0.041505753994,"dmean2":0.0499765537679,"dvar":0.00124133680947,"dvar2":0.00176665000618,"max":0.923828125,"mean":0.313018381596,"median":0.30126953125,"min":0,"var":0.0113288732246}},"metadata":{"audio_properties":{"analysis_sample_rate":44100,"bit_rate":128000,"codec":"mp3","downmix":"mix","equal_loudness":0,"length":331.181488037,"lossless":false,"md5_encoded":"8f2d2510f4ce42e88929a23dcf2e66fa","replay_gain":-6.00160217285,"sample_rate":44100},"tags":{"album":["Permanent Vacation"],"albumartist":["Aerosmith"],"albumartistsort":["Aerosmith"],"artist":["Aerosmith"],"artistsort":["Aerosmith"],"asin":["B00005QEO0"],"barcode":["720642416228"],"catalognumber":["GED 24162"],"composer":["Jim Vallance/Joe Perry/Steven Tyler"],"date":["1987"],"discnumber":["1/1"],"file_name":"07. Aerosmith - Hangman Jury.mp3","genre":["Rock"],"label":["Geffen Records"],"musicbrainz album release country":["US"],"musicbrainz album status":["official"],"musicbrainz album type":["album"],"musicbrainz_albumartistid":["3d2b98e5-556f-4451-a3ff-c50ea18d57cb"],"musicbrainz_albumid":["31ad052e-65da-48ea-a259-4f5533625b3d"],"musicbrainz_artistid":["3d2b98e5-556f-4451-a3ff-c50ea18d57cb"],"musicbrainz_recordingid":["3133ea0c-1f0a-4281-b64e-555143a1d03a"],"musicip_puid":["23130fb6-d3d3-efad-d652-749e92523902"],"title":["Hangman Jury"],"tracknumber":["7/12"]},"version":{"essentia":"2.1-beta1","essentia_build_sha":"ca57ba49d9b1854bd80e60cf9ccf267278fb7d6b","essentia_git_sha":"v2.1_beta1-28-g21ef5f4-dirty","extractor":"music 1.0"}},"rhythm":{"beats_count":524,"beats_loudness":{"dmean":0.0225464627147,"dmean2":0.0405465885997,"dvar":0.000526332121808,"dvar2":0.00160392117687,"max":0.168705955148,"mean":0.0492339394987,"median":0.0479237958789,"min":1.34415465425e-8,"var":0.00145067053381},"beats_loudness_band_ratio":{"dmean":[0.166134566069,0.115347638726,0.10918918997,0.0791142880917,0.0449809022248,0.101959832013],"dmean2":[0.294271320105,0.201724812388,0.185657724738,0.14012272656,0.0829764828086,0.182809993625],"dvar":[0.0218867883086,0.0155177237466,0.0179387908429,0.00927402917296,0.00192613748368,0.00852274522185],"dvar2":[0.0631649121642,0.0427947752178,0.0447834432125,0.0251362323761,0.005306954029