{"lowlevel":{"average_loudness":0.618135750294,"barkbands":{"dmean":[0.000146279096953,0.00339106004685,0.00200440944172,0.00149407761637,0.00263201561756,0.000507979188114,0.000741170777474,0.000408348249039,0.000300021929434,0.000226513293455,0.000239384113229,0.000339949358022,0.000213913735934,0.000361238518963,0.000270298798569,0.00012183382205,0.000133538793307,0.000103578677226,0.0000480971757497,0.0000538224048796,0.0000436063819507,0.0000975879229372,0.000174237371539,0.00028854876291,0.000055951088143,0.000027391810363,0.00000537121786692],"dmean2":[0.000237074375036,0.00578186428174,0.0033762762323,0.00252058100887,0.0044435011223,0.000825884053484,0.00107142596971,0.000617159239482,0.000402509176638,0.000337169069098,0.000361860555131,0.000493856088724,0.000327510817442,0.000551912467927,0.000415371730924,0.000186397068319,0.000204387164558,0.000164783079526,0.0000749888422433,0.0000814553932287,0.0000647467531962,0.000127813051222,0.000234545426792,0.000379710720154,0.000081064987171,0.000042063442379,0.00000853985147842],"dvar":[2.0995811667e-7,0.0000985852748272,0.0000260442266153,0.000021704370738,0.0000804359806352,0.00000179812343504,0.00000632562250757,0.00000231121384786,9.21689661482e-7,2.29547651998e-7,4.10020817299e-7,7.5871463423e-7,3.96217615162e-7,8.69412133397e-7,4.19787340888e-7,1.08143517252e-7,1.807596135e-7,1.05841003517e-7,2.70967230875e-8,2.85263972444e-8,2.79069869435e-8,2.22135284389e-7,0.00000107178311737,0.0000034150286865,5.57699451065e-8,1.08005053789e-8,3.80121545351e-10],"dvar2":[5.34135153885e-7,0.000273606710834,0.0000693027250236,0.0000579789739277,0.00022249596077,0.0000045905112529,0.0000123827476273,0.00000553435529582,0.00000159986416293,4.65895567459e-7,9.40874542721e-7,0.00000149193647303,8.8502122253e-7,0.00000200108138415,9.64432388173e-7,2.48306861295e-7,4.0591694983e-7,2.55569005958e-7,6.63852688376e-8,6.25042062552e-8,5.69822447005e-8,3.59109861847e-7,0.00000207552648135,0.00000616766601524,1.17679682887e-7,2.67743693882e-8,9.58529478012e-10],"max":[0.0102007146925,0.200935900211,0.0872127190232,0.118419289589,0.264087229967,0.032459333539,0.0644100978971,0.0603273883462,0.039980866015,0.0191408619285,0.0222963970155,0.0289147049189,0.0207587238401,0.0323097929358,0.0146434251219,0.011387553066,0.0206568017602,0.0100658638403,0.00615233182907,0.00539009645581,0.00777147617191,0.0166241079569,0.0489547811449,0.0830166041851,0.00658077420667,0.00250115152448,0.000369387387764],"mean":[0.000250491895713,0.00750992586836,0.00311323651113,0.00192008225713,0.00423737056553,0.000875928846654,0.0014046067372,0.000809327175375,0.000769276055507,0.000494016334414,0.000456858659163,0.000681469624396,0.000409655825933,0.000683035817929,0.00051568960771,0.000223583570914,0.000247602321906,0.000203649178729,0.000092707661679,0.000102470556158,0.000076568008808,0.000169219798408,0.000276933424175,0.000461266667116,0.0000720295283827,0.0000295726058539,0.00000459321745439],"median":[0.0000559532527404,0.0043943519704,0.000984743353911,0.000472373038065,0.00110638525803,0.000255216000369,0.000225463038078,0.000206781784073,0.000101006851764,0.000235631887335,0.00017444419791,0.000216726039071,0.000109848377178,0.000256334838923,0.000179793976713,0.000070188587415,0.0000655072653899,0.0000536057632416,0.0000249533077294,0.0000221324444283,0.0000097735764939,0.0000133880002977,0.0000152881129907,0.0000136844791996,0.00000437763401351,0.00000266168740382,3.45762259713e-7],"min":[2.44844405167e-11,4.95903925563e-12,8.7079235695e-14,7.45676171634e-14,4.12873674051e-13,5.47922492967e-13,1.09015850817e-13,1.07739948148e-13,1.62051632963e-13,1.01337964712e-13,1.05503320381e-13,1.56973595906e-13,1.949357288e-13,1.09844133843e-13,3.0540007372e-13,2.23074569884e-13,5.15428303337e-13,2.92861058755e-13,6.34224877477e-13,4.97334703801e-13,8.3682502117e-13,1.4567085602e-12,1.09978541031e-12,1.14072184858e-12,1.87177421999e-12,2.8863888276e-12,3.74684450133e-10],"var":[2.94489524322e-7,0.000112689900561,0.0000386684077966,0.0000218012028199,0.0000861330991029,0.00000306063088829,0.0000160642412084,0.00000512829001309,0.00000486542558065,8.05385354852e-7,9.00428631212e-7,0.00000252366726272,0.00000109758866529,0.0000021960443064,0.00000109930579129,2.29497857163e-7,4.32768558767e-7,2.07022480936e-7,4.99698415979e-8,6.25997742532e-8,6.52871747775e-8,6.35035746654e-7,0.00000228442900152,0.00000811652444099,9.54736592007e-8,1.06489901341e-8,3.14060361051e-10]},"barkbands_crest":{"dmean":2.31056070328,"dmean2":3.72989940643,"dvar":5.30347919464,"dvar2":13.7329626083,"max":26.6919460297,"mean":11.4917879105,"median":10.7248420715,"min":2.59169363976,"var":20.2832584381},"barkbands_flatness_db":{"dmean":0.0196202434599,"dmean2":0.0289853774011,"dvar":0.000386684812838,"dvar2":0.000829386874102,"max":0.498211205006,"mean":0.153434351087,"median":0.147721335292,"min":0.0291023831815,"var":0.00242540542968},"barkbands_kurtosis":{"dmean":2.96021914482,"dmean2":4.68911123276,"dvar":34.3493766785,"dvar2":83.8668212891,"max":190.33013916,"mean":4.91095924377,"median":2.21709752083,"min":-1.9387472868,"var":86.6893386841},"barkbands_skewness":{"dmean":0.537688195705,"dmean2":0.81814968586,"dvar":0.372071653605,"dvar2":0.831212520599,"max":11.9335660934,"mean":1.53548812866,"median":1.49058806896,"min":-3.10760879517,"var":2.21179008484},"barkbands_spread":{"dmean":4.88194227219,"dmean2":7.46064186096,"dvar":58.1202201843,"dvar2":112.252502441,"max":161.879898071,"mean":19.7480506897,"median":16.157907486,"min":0.908040523529,"var":251.366592407},"dissonance":{"dmean":0.0194095745683,"dmean2":0.0324512571096,"dvar":0.000375781237381,"dvar2":0.00101706013083,"max":0.500000059605,"mean":0.455796033144,"median":0.462584614754,"min":0.143353074789,"var":0.0010175104253},"dynamic_complexity":6.27233457565,"erbbands":{"dmean":[0.100644856691,0.778502821922,2.00522446632,3.8087079525,7.60461854935,9.3348941803,4.8552942276,4.36405658722,8.2316160202,13.0846033096,7.26432943344,6.27614879608,9.0062417984,5.92645406723,9.24908542633,15.6131687164,8.86297225952,19.2912387848,12.085278511,12.5161170959,6.10770273209,5.96041059494,5.61848592758,3.58281612396,1.96521639824,2.57310175896,1.71069860458,2.15674734116,3.48141336441,2.88407301903,5.72029304504,8.59080505371,2.85017037392,0.823967933655,0.317742973566,0.169552534819,0.0381263755262,0.00759816309437,0.000940547848586,0.0000470296836284],"dmean2":[0.170652151108,1.32151854038,3.38803720474,6.42326307297,12.8073987961,15.6525039673,8.12431621552,7.05161046982,11.9110660553,19.1463794708,10.5046157837,8.1541633606,12.7207212448,8.88365364075,13.9539480209,22.8564128876,13.40346241,29.1210899353,17.6638679504,19.4381752014,9.22536659241,8.92376041412,8.79142189026,5.69235801697,2.86455965042,3.8612742424,2.53043818474,3.10004091263,4.68955898285,3.83801460266,7.6476984024,11.5202064514,3.73239803314,1.14819896221,0.473253756762,0.25646713376,0.0602932982147,0.0121391955763,0.00149215967394,0.0000739183888072],"dvar":[0.0957804918289,4.98801803589,23.1543083191,130.552886963,602.062255859,1084.14599609,248.872146606,145.795532227,832.350585938,2700.27050781,463.4659729,362.358856201,513.23651123,212.217956543,523.984313965,1535.20446777,573.305358887,2183.72680664,1217.16064453,1172.16955566,287.623840332,541.764038086,304.293670654,135.17578125,53.0041999817,61.3330459595,31.7837486267,101.261611938,292.546600342,182.628250122,1166.86535645,2937.50097656,359.532165527,14.2713813782,1.74866521358,0.414935827255,0.0249601826072,0.000904770218767,0.0000117542758744,2.35201813581e-8],"dvar2":[0.266786187887,13.9819583893,62.0252761841,343.779602051,1674.10961914,2950.73168945,685.477844238,363.825683594,1595.46813965,5683.98632812,929.132263184,548.877441406,961.292419434,477.540771484,1234.81811523,3075.8828125,1248.75524902,4777.66210938,2489.93920898,2855.73730469,637.479064941,1219.11999512,725.368103027,338.567321777,112.967071533,130.1378479,65.9684753418,198.976531982,495.164489746,295.702758789,2119.31713867,5267.15234375,683.059997559,27.9402217865,3.88075113297,1.00731658936,0.0636981874704,0.00234091933817,0.0000297319456877,5.97627263232e-8],"max":[5.47477483749,45.2976112366,79.1061172485,226.402389526,908.320129395,670.558044434,471.335540771,346.694641113,847.149230957,1409.8302002,723.610534668,1091.68017578,935.750915527,543.90447998,905.385253906,1475.37561035,818.975585938,1393.04174805,1495.67138672,675.555908203,806.969726562,1104.54528809,601.84375,407.358825684,290.884246826,264.606964111,146.721237183,561.06262207,610.137084961,527.071166992,1623.58349609,2080.95458984,1115.64733887,144.472900391,33.6687011719,18.4642810822,4.38253164291,0.740493535995,0.0622328445315,0.00285850651562],"mean":[0.248361840844,1.58073461056,3.31570410728,5.5550365448,11.2619762421,15.1121997833,7.60069847107,7.45271921158,15.1837520599,23.7374172211,17.0780239105,16.154291153,21.8710384369,13.3752441406,19.9811229706,31.9528236389,19.9221839905,38.3520545959,27.1377677917,23.090057373,13.0369195938,12.1061162949,11.6883592606,7.25135469437,4.23567581177,4.91611385345,3.06976556778,3.74562907219,5.9065618515,4.90160417557,9.24489498138,13.8287792206,4.4221367836,1.1279655695,0.394892960787,0.195843175054,0.0376283526421,0.00663524167612,0.000816550804302,0.0000662482270855],"median":[0.124685719609,0.881575644016,1.28983855247,1.80727577209,2.8922829628,2.87966394424,2.38305330276,2.03462672234,3.39901351929,4.1425447464,4.71612548828,3.01676607132,7.75008106232,5.56200838089,9.18159770966,11.2097587585,6.52434921265,15.4510803223,9.78465461731,7.39562034607,4.33142566681,3.26391148567,3.2143368721,2.04133105278,1.0573887825,1.09746742249,0.537241101265,0.367767214775,0.453668326139,0.424210906029,0.451980531216,0.40605738759,0.149250283837,0.055455647409,0.0289185196161,0.0162170007825,0.00355636561289,0.000572578108404,0.0000625623360975,0.0000312721022055],"min":[3.62432223122e-10,1.16250431503e-9,8.17441170309e-10,4.52197196354e-10,8.36978764074e-10,1.26645127718e-9,4.58428361938e-9,2.23576734903e-9,1.79732451144e-9,2.02412353545e-9,3.01156566351e-9,5.64916158297e-9,4.74982853049e-9,6.63363408648e-9,3.41682815375e-9,6.54542509082e-9,7.32563565364e-9,7.30104332547e-9,1.20203385023e-8,1.75243943801e-8,1.46410688018e-8,3.19908757263e-8,1.82607386989e-8,2.43077096229e-8,3.68492578673e-8,1.92281106592e-8,3.33776206674e-8,3.94340418097e-8,3.8216303011e-8,4.3125535143e-8,3.40722152714e-8,2.32528378774e-8,2.26259739833e-8,1.71991274556e-8,1.47304985987e-8,1.16619904844e-8,5.36559241482e-9,8.34354274559e-9,1.52351233851e-8,1.08301803081e-8],"var":[0.124156683683,5.37516307831,34.7666854858,138.681365967,635.681884766,1333.40637207,292.606994629,252.743896484,1857.4498291,5433.60888672,2178.32299805,1892.09130859,2294.44335938,612.10168457,1248.40893555,5024.33251953,1882.95776367,6102.47558594,4425.97412109,2397.39990234,735.820373535,1155.52929688,651.753723145,254.249893188,126.147392273,141.808776855,70.3446426392,235.153900146,786.639099121,527.370178223,2676.1418457,7235.57373047,739.477355957,29.1013431549,2.53311777115,0.457093507051,0.021414892748,0.000708305917215,0.0000096918483905,2.12495852026e-8]},"erbbands_crest":{"dmean":2.45231795311,"dmean2":3.81318664551,"dvar":5.22006702423,"dvar2":12.0913610458,"max":32.2444572449,"mean":10.0857038498,"median":8.95862197876,"min":2.05660009384,"var":21.7588920593},"erbbands_flatness_db":{"dmean":0.0191703625023,"dmean2":0.0250666029751,"dvar":0.000378086173441,"dvar2":0.000583845481742,"max":0.376115828753,"mean":0.168429464102,"median":0.160024508834,"min":0.0196748133749,"var":0.00332808354869},"erbbands_kurtosis":{"dmean":0.985776543617,"dmean2":1.49396848679,"dvar":2.61301088333,"dvar2":5.4617023468,"max":84.5953903198,"mean":1.22710227966,"median":0.458010673523,"min":-1.83350336552,"var":8.84185600281},"erbbands_skewness":{"dmean":0.352559775114,"dmean2":0.516883075237,"dvar":0.134864464402,"dvar2":0.263459444046,"max":5.89732694626,"mean":-0.136689648032,"median":-0.0939382314682,"min":-4.4522485733,"var":0.712011933327},"erbbands_spread":{"dmean":6.6867890358,"dmean2":9.92214298248,"dvar":76.8276596069,"dvar2":168.410491943,"max":141.175842285,"mean":31.332862854,"median":28.4324550629,"min":1.29769384861,"var":339.760772705},"gfcc":{"cov":[[25689.7089844,417.216003418,1040.51977539,3051.7434082,-1016.57958984,896.950317383,-778.020385742,556.363830566,-422.911529541,-469.341247559,-774.679748535,-62.6777381897,-471.455993652],[417.216003418,1526.95849609,-296.111450195,-70.0398483276,306.073913574,-68.8480529785,125.90246582,63.5060882568,83.8347549438,-19.0885944366,94.4332885742,-83.6172180176,29.6527194977],[1040.51977539,-296.111450195,951.594055176,397.890594482,20.8674316406,182.549835205,49.3894119263,84.5274200439,-17.3172245026,-20.0365791321,-75.4842681885,26.2168903351,-39.6553268433],[3051.7434082,-70.0398483276,397.890594482,919.668701172,-100.746109009,207.827468872,-55.6398353577,108.036643982,-7.62266969681,-125.702537537,-107.736541748,-11.6145687103,-8.83692836761],[-1016.57958984,306.073913574,20.8674316406,-100.746109009,448.541473389,9.10892009735,162.581237793,30.8084449768,66.4893722534,57.7690086365,32.9781837463,5.87101459503,31.0025062561],[896.950317383,-68.8480529785,182.549835205,207.827468872,9.10892009735,234.376083374,49.6384735107,55.2301139832,8.15716362,3.95632719994,-16.8519897461,-6.51624822617,-11.8432798386],[-778.020385742,125.90246582,49.3894119263,-55.6398353577,162.581237793,49.6384735107,225.618850708,56.2194099426,43.1652374268,38.4265289307,44.211315155,-4.32243204117,15.6306219101],[556.363830566,63.5060882568,84.5274200439,108.036643982,30.8084449768,55.2301139832,56.2194099426,120.740882874,34.4230079651,-0.323748141527,-9.52610778809,0.792228341103,-8.36633968353],[-422.911529541,83.8347549438,-17.3172245026,-7.62266969681,66.4893722534,8.15716362,43.1652374268,34.4230079651,120.571342468,43.9779090881,34.1339302063,-0.132709875703,18.3994789124],[-469.341247559,-19.0885944366,-20.0365791321,-125.702537537,57.7690086365,3.95632719994,38.4265289307,-0.323748141527,43.9779090881,120.801055908,48.3202171326,10.1499633789,-0.397095948458],[-774.679748535,94.4332885742,-75.4842681885,-107.736541748,32.9781837463,-16.8519897461,44.211315155,-9.52610778809,34.1339302063,48.3202171326,107.670585632,10.0803356171,16.9030723572],[-62.6777381897,-83.6172180176,26.2168903351,-11.6145687103,5.87101459503,-6.51624822617,-4.32243204117,0.792228341103,-0.132709875703,10.1499633789,10.0803356171,70.9798202515,15.0833454132],[-471.455993652,29.6527194977,-39.6553268433,-8.83692836761,31.0025062561,-11.8432798386,15.6306219101,-8.36633968353,18.3994789124,-0.397095948458,16.9030723572,15.0833454132,71.6240997314]],"icov":[[0.00015173832071,-0.000213121602428,0.0000820524437586,-0.000363399332855,0.000207920194953,-0.000310344155878,0.000365489686374,-0.000426252750913,0.000429594685556,-0.000397325726226,0.000652182148769,-0.000395140406908,0.000633495918009],[-0.000213121602428,0.00134397344664,0.000164586686878,0.000399466603994,-0.00106619915459,0.00074129056884,-0.000394206843339,-0.000106883235276,-0.000708754407242,0.00134623842314,-0.00201327679679,0.00181174988393,-0.000878096674569],[0.0000820524437586,0.000164586686878,0.00164153834339,-0.000772818515543,-0.000187387413462,-0.000607852358371,-0.000236058112932,-0.000483667623485,0.000490165373776,-0.000420122931246,0.000772452098317,-0.000802309892606,0.00111949583516],[-0.000363399332855,0.000399466603994,-0.000772818515543,0.00303315673955,-0.000263975758571,-0.000689693551976,0.0000239942055487,-0.0000999796466203,-0.00163395144045,0.00270336889662,-0.00097157410346,0.0011077754898,-0.00219701882452],[0.000207920194953,-0.00106619915459,-0.000187387413462,-0.000263975758571,0.00414741458371,-0.000374900060706,-0.00184455700219,0.000243062910158,-0.000314220553264,-0.00181387877092,0.00254371366464,-0.00165548536461,0.0000664162507746],[-0.000310344155878,0.00074129056884,-0.000607852358371,-0.000689693551976,-0.000374900060706,0.00720614241436,-0.00222595292144,-0.000165596255101,-0.000370223890059,-0.000690134940669,-0.00145591120236,0.00176309689414,-0.000887489120942],[0.000365489686374,-0.000394206843339,-0.000236058112932,0.0000239942055487,-0.00184455700219,-0.00222595292144,0.00902054924518,-0.00451303087175,0.00130892184097,-0.000602013315074,-0.00129546085373,0.000729870283976,0.000188309597434],[-0.000426252750913,-0.000106883235276,-0.000483667623485,-0.0000999796466203,0.000243062910158,-0.000165596255101,-0.00451303087175,0.0143347494304,-0.00480832485482,0.00111753959209,0.000615807774011,-0.00124564860016,0.000843493966386],[0.000429594685556,-0.000708754407242,0.000490165373776,-0.00163395144045,-0.000314220553264,-0.000370223890059,0.00130892184097,-0.00480832485482,0.0134896794334,-0.005129492376,-0.00033675035229,0.00025076905149,-0.001048678183],[-0.000397325726226,0.00134623842314,-0.000420122931246,0.00270336889662,-0.00181387877092,-0.000690134940669,-0.000602013315074,0.00111753959209,-0.005129492376,0.0150464540347,-0.00609885016456,0.000445945857791,0.000607712252531],[0.000652182148769,-0.00201327679679,0.000772452098317,-0.00097157410346,0.00254371366464,-0.00145591120236,-0.00129546085373,0.000615807774011,-0.00033675035229,-0.00609885016456,0.0179773103446,-0.00461259298027,0.00122853636276],[-0.000395140406908,0.00181174988393,-0.000802309892606,0.0011077754898,-0.00165548536461,0.00176309689414,0.000729870283976,-0.00124564860016,0.00025076905149,0.000445945857791,-0.00461259298027,0.0185399334878,-0.00583295430988],[0.000633495918009,-0.000878096674569,0.00111949583516,-0.00219701882452,0.0000664162507746,-0.000887489120942,0.000188309597434,0.000843493966386,-0.001048678183,0.000607712252531,0.00122853636276,-0.00583295430988,0.0199371036142]],"mean":[-61.376083374,105.296821594,-113.031654358,16.9253635406,-40.538974762,25.8702888489,-34.0170516968,5.04098749161,-15.7517194748,1.86352372169,-8.44559574127,-0.96622389555,-12.1817340851]},"hfc":{"dmean":6.99002361298,"dmean2":9.29071426392,"dvar":618.163146973,"dvar2":1003.24578857,"max":1001.5894165,"mean":19.1128311157,"median":7.84082126617,"min":0.0000168612004927,"var":1980.05615234},"melbands":{"dmean":[0.000912978022825,0.00100358959753,0.000717298767995,0.000649224559311,0.000212397819269,0.0000983941718005,0.000132559332997,0.000131784501718,0.0000536356528755,0.0000428186358477,0.0000449353392469,0.0000240003428189,0.0000344142463291,0.000036274897866,0.0000317131489282,0.0000200510203285,0.0000405526006944,0.0000207087614399,0.0000152438797159,0.0000147350801853,0.00000744765929994,0.00000707543586032,0.00000637826497041,0.00000529772796654,0.00000295451627608,0.00000135732625495,0.00000183719168945,0.0000017870446527,0.0000011954753063,9.89086515801e-7,0.00000148596211602,0.00000208864116757,0.00000199986152438,0.00000142053988839,0.00000262448816102,0.00000556794338991,0.0000054337237998,0.00000227498389904,0.00000106518689336,5.74429179778e-7],"dmean2":[0.00155747774988,0.00170134822838,0.00119759724475,0.00109526934102,0.000354248768417,0.000158144641318,0.000192081482965,0.000194067251869,0.0000758877431508,0.0000561791275686,0.0000635487158434,0.0000359563418897,0.0000519986933796,0.0000534944811079,0.0000461240306322,0.0000299608000205,0.0000615406461293,0.0000302356766042,0.0000236386949837,0.0000228460266953,0.0000114917493192,0.0000106952757051,0.00000985899532679,0.00000849576463224,0.00000475659544463,0.00000206297886507,0.0000027359849355,0.00000272430247605,0.00000180282142992,0.00000149840366248,0.00000218974355448,0.00000290693037641,0.00000271877433988,0.00000198901852855,0.00000363072285836,0.00000760542798162,0.00000730459896658,0.00000311729536406,0.00000146882575791,8.37837660583e-7],"dvar":[0.00000758541273171,0.00000602146428719,0.00000406466870118,0.00000509487108502,4.76949537642e-7,7.20962560763e-8,2.03593316428e-7,2.71392821105e-7,2.41877629037e-8,1.79289507685e-8,1.27673622785e-8,3.511536395e-9,8.56468762578e-9,7.33829974564e-9,8.73611671892e-9,3.95019661426e-9,9.01955843347e-9,4.50194503898e-9,1.51321222219e-9,1.23688703724e-9,4.72321792788e-10,7.73652253372e-10,4.17588380541e-10,3.0035046672e-10,1.02774393163e-10,3.25383227306e-11,4.61538862684e-11,3.02690268683e-11,1.64260618996e-11,1.36399528824e-11,5.44808365088e-11,1.12086707971e-10,1.05985803467e-10,4.03008598715e-11,2.29098059967e-10,1.19789611563e-9,1.28867472249e-9,2.89797491559e-10,3.23540118308e-11,6.27400562059e-12],"dvar2":[0.0000209663539863,0.0000164309203683,0.000010786776329,0.000014098707652,0.00000129919203573,1.75759254262e-7,3.93188543057e-7,5.93242532432e-7,4.53063329076e-8,2.88926891301e-8,2.39029507298e-8,7.85704656892e-9,2.00919014759e-8,1.51268064741e-8,1.66838205473e-8,8.31701463255e-9,1.99797050016e-8,9.17757159158e-9,3.57889251568e-9,2.89747958959e-9,1.05837383302e-9,1.77494552389e-9,8.53173476312e-10,7.62976792856e-10,2.60928723073e-10,8.25336604615e-11,1.01038427625e-10,6.63720259308e-11,3.66280374087e-11,2.97029345564e-11,1.10563211364e-10,2.05320274671e-10,1.79849010684e-10,7.32730820463e-11,4.31119639988e-10,2.24996843379e-9,2.47362064165e-9,6.03201766314e-10,6.24084187106e-11,1.33206319239e-11],"max":[0.0544063411653,0.0443766713142,0.0470401011407,0.0693718492985,0.0130879525095,0.00683971773833,0.0131914010271,0.0136874383315,0.00562951993197,0.00622732564807,0.00471458537504,0.00239970930852,0.00355802034028,0.00380377075635,0.00304929539561,0.00204494548962,0.00249201525003,0.00325004360639,0.000982590019703,0.000726216880139,0.000902778410818,0.00124184996821,0.00136371923145,0.000532451784238,0.000378465018002,0.000295986537822,0.000245474861003,0.000172636995558,0.000116699287901,0.000134980306029,0.000393417780288,0.000384380517062,0.000458144844742,0.000234693448874,0.000673902395647,0.00161259621382,0.00130076427013,0.00111097260378,0.000298964674585,0.0000774789514253],"mean":[0.00217732554302,0.00187244429253,0.00111466844101,0.00102735648397,0.000342866347637,0.000167755701113,0.000252502388321,0.000239747329033,0.000125342296087,0.000109174798126,0.000107785243017,0.0000499320340168,0.0000665986299282,0.000075047428254,0.0000630804061075,0.0000411829787481,0.0000757204688853,0.0000435760630353,0.0000286921967927,0.0000264885566139,0.0000138233508551,0.0000128638012029,0.0000119719434224,0.0000100220149761,0.00000537247797183,0.00000265012863565,0.00000356788700628,0.00000313095597448,0.00000195271400116,0.00000164274013059,0.000002398028073,0.00000334891547027,0.0000033323540265,0.00000226040106099,0.00000405549599236,0.00000870779604156,0.00000833943522593,0.00000337968094755,0.0000014955704728,7.33227807359e-7],"median":[0.00123672769405,0.000913293741178,0.000372188922483,0.000255475111771,0.00008914382488,0.0000445079713245,0.0000522007612744,0.0000449131512141,0.0000330268776452,0.0000179629714694,0.0000370337002096,0.0000190218088392,0.0000269420943368,0.0000300909359794,0.0000192312327272,0.0000112453362817,0.0000297640654026,0.0000137211836773,0.0000103106885945,0.00000846685179567,0.00000388937951357,0.00000324652864947,0.00000285368696495,0.00000249534423347,0.00000147529726746,6.72458668305e-7,7.52195660425e-7,6.68609516197e-7,3.25421297021e-7,2.16198714043e-7,1.93756221734e-7,2.37873052811e-7,2.54644987763e-7,2.0076552687e-7,2.2139575151e-7,3.07366292418e-7,2.06924340773e-7,1.00640534129e-7,5.90898707742e-8,3.61368037716e-8],"min":[6.81136657493e-12,5.16615667346e-13,7.81098953963e-14,6.61210384947e-14,2.11281702854e-13,5.76451186047e-14,2.26723259172e-14,1.75389064573e-14,2.33270332575e-14,2.94622080909e-14,1.51785102363e-14,2.56109136042e-14,1.11455754633e-14,1.69917773835e-14,1.84792214489e-14,1.8432226367e-14,1.18244562769e-14,1.69367253241e-14,2.72241640852e-14,1.86204557226e-14,1.50422819274e-14,2.20360262969e-14,1.91184077575e-14,1.69591547565e-14,1.96431243396e-14,2.16529014364e-14,2.01682813787e-14,1.08621726387e-14,2.32072052005e-14,1.35234197159e-14,2.62389427948e-14,2.18057874952e-14,2.84955944203e-14,1.80575430368e-14,1.62619280563e-14,2.33167282547e-14,1.19231610262e-14,1.85488797445e-14,1.32592979023e-14,1.48957757207e-14],"var":[0.00000931966042117,0.00000809343600849,0.00000455220288131,0.00000539929533261,5.92734693328e-7,1.28931489485e-7,4.82780933453e-7,5.0665011031e-7,1.22374842704e-7,9.41089979278e-8,5.78013974462e-8,9.83708758895e-9,1.78382375537e-8,2.41171207449e-8,2.63261838995e-8,1.18754304168e-8,2.34797834509e-8,1.51735477516e-8,3.37759775704e-9,2.66884891964e-9,1.05490283175e-9,1.49189871568e-9,1.03962394249e-9,5.57726642647e-10,1.70756131457e-10,5.73511169111e-11,9.68388633171e-11,6.26092303002e-11,3.00118020713e-11,2.95343784151e-11,1.16053548715e-10,2.71486194636e-10,2.72917188848e-10,1.05087674673e-10,4.86732321114e-10,2.72422973069e-9,2.87601409354e-9,4.99363106421e-10,6.71657798823e-11,1.07583438685e-11]},"melbands_crest":{"dmean":2.74288272858,"dmean2":4.44122266769,"dvar":7.32733392715,"dvar2":18.7374076843,"max":39.9306869507,"mean":15.2809181213,"median":14.8210525513,"min":3.50036501884,"var":32.4552459717},"melbands_flatness_db":{"dmean":0.0236102472991,"dmean2":0.0352311767638,"dvar":0.000596606638283,"dvar2":0.00132192380261,"max":0.529223442078,"mean":0.233767405152,"median":0.229227215052,"min":0.0331542119384,"var":0.00427214428782},"melbands_kurtosis":{"dmean":7.24210739136,"dmean2":11.2921028137,"dvar":372.092376709,"dvar2":735.219238281,"max":2593.76635742,"mean":16.613576889,"median":7.53741598129,"min":-1.91441428661,"var":4631.49902344},"melbands_skewness":{"dmean":0.692688047886,"dmean2":1.06449151039,"dvar":0.693516254425,"dvar2":1.57247197628,"max":48.653678894,"mean":2.67621302605,"median":2.49323987961,"min":-2.3931350708,"var":6.27779531479},"melbands_spread":{"dmean":5.98699903488,"dmean2":9.02848148346,"dvar":146.528076172,"dvar2":266.138000488,"max":273.603118896,"mean":21.4740657806,"median":16.7902107239,"min":0.328911602497,"var":497.412689209},"mfcc":{"cov":[[16048.6376953,224.651275635,1331.80175781,1323.70678711,494.087982178,252.981201172,-179.99887085,656.034362793,-40.8210792542,66.2591018677,-372.667205811,51.7296066284,-271.884246826],[224.651275635,1849.17736816,-444.590881348,51.4875984192,153.528839111,19.3675556183,145.233200073,61.8137817383,58.0491256714,108.390106201,135.863464355,-2.35841870308,47.8751678467],[1331.80175781,-444.590881348,823.223083496,222.554840088,62.6246528625,87.6144332886,10.2212648392,103.297332764,9.63536739349,-5.1780295372,-46.751083374,27.4522838593,-53.7921447754],[1323.70678711,51.4875984192,222.554840088,449.27166748,160.110107422,70.0468902588,27.91314888,140.135147095,74.6628875732,9.59062385559,-38.7667121887,5.52400350571,-7.27142333984],[494.087982178,153.528839111,62.6246528625,160.110107422,219.095321655,81.0352630615,27.3138618469,63.6294784546,62.6114311218,12.1660079956,-2.78751301765,6.36447238922,9.05593585968],[252.981201172,19.3675556183,87.6144332886,70.0468902588,81.0352630615,161.523040771,67.3316192627,40.2244224548,45.4913406372,25.0631523132,20.225112915,17.036157608,7.75315666199],[-179.99887085,145.233200073,10.2212648392,27.91314888,27.3138618469,67.3316192627,173.504653931,47.0092926025,41.0024299622,30.0762195587,40.6731185913,6.25898790359,12.1719236374],[656.034362793,61.8137817383,103.297332764,140.135147095,63.6294784546,40.2244224548,47.0092926025,155.114212036,55.8208847046,22.4236431122,-2.72403025627,7.89229440689,2.72208356857],[-40.8210792542,58.0491256714,9.63536739349,74.6628875732,62.6114311218,45.4913406372,41.0024299622,55.8208847046,121.269050598,29.7615413666,17.5770225525,-0.356925189495,9.71881198883],[66.2591018677,108.390106201,-5.1780295372,9.59062385559,12.1660079956,25.0631523132,30.0762195587,22.4236431122,29.7615413666,119.719810486,42.6184654236,9.99308204651,3.00029397011],[-372.667205811,135.863464355,-46.751083374,-38.7667121887,-2.78751301765,20.225112915,40.6731185913,-2.72403025627,17.5770225525,42.6184654236,118.118240356,19.5083427429,7.36108398438],[51.7296066284,-2.35841870308,27.4522838593,5.52400350571,6.36447238922,17.036157608,6.25898790359,7.89229440689,-0.356925189495,9.99308204651,19.5083427429,82.8631668091,26.1006393433],[-271.884246826,47.8751678467,-53.7921447754,-7.27142333984,9.05593585968,7.75315666199,12.1719236374,2.72208356857,9.71881198883,3.00029397011,7.36108398438,26.1006393433,76.2646484375]],"icov":[[0.000122576864669,-0.0000653533570585,-0.0000723959601601,-0.000199317946681,-0.0000145440662891,-0.000166861063917,0.000241239133175,-0.000376324373065,0.000319059967296,-0.000134586836793,0.000308459362714,-0.000167060235981,0.000393603258999],[-0.0000653533570585,0.00086238712538,0.000526029267348,-0.0000300299652736,-0.000695570197422,0.000449181476142,-0.000653291353956,-0.0000692746834829,0.000208451179788,-0.000346128566889,-0.000796199485194,0.000227238066145,-0.000276383943856],[-0.0000723959601601,0.000526029267348,0.0020006573759,-0.000565348134842,-0.000105249979242,-0.000569801777601,-0.000285850139335,-0.000599098799285,0.000487640907522,-0.0000633046947769,-0.0000523652270203,-0.000680675089825,0.00108470849227],[-0.000199317946681,-0.0000300299652736,-0.000565348134842,0.00451279990375,-0.0019263868453,0.000325100118062,-0.000130422427901,-0.00169473292772,-0.00122564821504,0.000302369298879,0.000632931361906,0.000186236356967,-0.000363739294698],[-0.0000145440662891,-0.000695570197422,-0.000105249979242,-0.0019263868453,0.00812141317874,-0.003091014456,0.00110456661787,-0.0000583911969443,-0.00205650832504,0.000684108876158,0.000504544761498,0.0000417202572862,-0.000525265990291],[-0.000166861063917,0.000449181476142,-0.000569801777601,0.000325100118062,-0.003091014456,0.0101017309353,-0.00345192872919,0.000981939025223,-0.00153013819363,-0.000615808239672,-0.00112078210805,-0.000808536249679,-0.000787662691437],[0.000241239133175,-0.000653291353956,-0.000285850139335,-0.000130422427901,0.00110456661787,-0.00345192872919,0.00881719775498,-0.00255306414329,-0.000370534398826,-0.000239845830947,-0.00104705337435,0.000418144452851,-0.0000256616058323],[-0.000376324373065,-0.0000692746834829,-0.000599098799285,-0.00169473292772,-0.0000583911969443,0.000981939025223,-0.00255306414329,0.0119789522141,-0.00375990988687,-0.000405636004871,-0.000104376624222,-0.0000834188394947,-0.00146151485387],[0.000319059967296,0.000208451179788,0.000487640907522,-0.00122564821504,-0.00205650832504,-0.00153013819363,-0.000370534398826,-0.00375990988687,0.0130532970652,-0.00205080560409,-0.000558479165193,0.00103870953899,-0.0000575730809942],[-0.000134586836793,-0.000346128566889,-0.0000633046947769,0.000302369298879,0.000684108876158,-0.000615808239672,-0.000239845830947,-0.000405636004871,-0.00205080560409,0.0105928676203,-0.00322139891796,-0.000329713977408,0.0000241719662881],[0.000308459362714,-0.000796199485194,-0.0000523652270203,0.000632931361906,0.000504544761498,-0.00112078210805,-0.00104705337435,-0.000104376624222,-0.000558479165193,-0.00322139891796,0.0127554098144,-0.00317509565502,0.00190113554709],[-0.000167060235981,0.000227238066145,-0.000680675089825,0.000186236356967,0.0000417202572862,-0.000808536249679,0.000418144452851,-0.0000834188394947,0.00103870953899,-0.000329713977408,-0.00317509565502,0.015285871923,-0.00623142207041],[0.000393603258999,-0.000276383943856,0.00108470849227,-0.000363739294698,-0.000525265990291,-0.000787662691437,-0.0000256616058323,-0.00146151485387,-0.0000575730809942,0.0000241719662881,0.00190113554709,-0.00623142207041,0.0175735596567]],"mean":[-699.805603027,137.527236938,-3.38360023499,5.80683279037,14.7742414474,15.3785972595,1.58751106262,7.81554269791,-3.9239461422,7.8303604126,0.658946871758,3.06565570831,-1.52258014679]},"pitch_salience":{"dmean":0.061413642019,"dmean2":0.099759735167,"dvar":0.00334922061302,"dvar2":0.00901864375919,"max":0.828316569328,"mean":0.496820658445,"median":0.502995729446,"min":0.0242777708918,"var":0.013403089717},"silence_rate_20dB":{"dmean":0,"dmean2":0,"dvar":0,"dvar2":0,"max":1,"mean":1,"median":1,"min":1,"var":0},"silence_rate_30dB":{"dmean":0.0157797280699,"dmean2":0.0315619967878,"dvar":0.0155301345512,"dvar2":0.0395845249295,"max":1,"mean":0.988407671452,"median":1,"min":0,"var":0.0114583577961},"silence_rate_60dB":{"dmean":0.0130424285308,"dmean2":0.0260869562626,"dvar":0.012870776467,"dvar2":0.0302361696959,"max":1,"mean":0.171147957444,"median":0,"min":0,"var":0.141862049699},"spectral_centroid":{"dmean":191.477722168,"dmean2":284.599151611,"dvar":84210.578125,"dvar2":142999.59375,"max":11151.5078125,"mean":1134.54553223,"median":1027.18847656,"min":193.595840454,"var":405524.6875},"spectral_complexity":{"dmean":2.05732226372,"dmean2":3.25458931923,"dvar":5.39593458176,"dvar2":11.5422582626,"max":51,"mean":14.1374979019,"median":14,"min":0,"var":65.3671112061},"spectral_contrast_coeffs":{"dmean":[0.0449460297823,0.0392085053027,0.0326776430011,0.030072921887,0.0213400442153,0.0170132853091],"dmean2":[0.0744037851691,0.063378944993,0.0512801110744,0.0472799800336,0.0328423529863,0.025562338531],"dvar":[0.00163489556871,0.00113842193969,0.00071500352351,0.000610423623584,0.000316893390846,0.000236664054682],"dvar2":[0.00426357937977,0.00278543378226,0.0017197933048,0.00142882100772,0.000701818498783,0.000501774542499],"max":[-0.277386963367,-0.418076634407,-0.482452094555,-0.532552182674,-0.583068311214,-0.613001823425],"mean":[-0.679009437561,-0.738721549511,-0.741370379925,-0.736837029457,-0.773651361465,-0.796626806259],"median":[-0.693169236183,-0.750466346741,-0.744804263115,-0.738805532455,-0.775655210018,-0.796709895134],"min":[-0.958513438702,-0.960765838623,-0.96019423008,-0.959357976913,-0.963780224323,-0.959764659405],"var":[0.00914889667183,0.00636231293902,0.0040034269914,0.00308592827059,0.00222343485802,0.00178317201789]},"spectral_contrast_valleys":{"dmean":[0.345568180084,0.30805426836,0.270713567734,0.254086971283,0.240153476596,0.365290939808],"dmean2":[0.570855438709,0.506528019905,0.43623149395,0.40377497673,0.336422860622,0.444423764944],"dvar":[0.106522031128,0.0774955227971,0.0582939200103,0.0575450919569,0.0671902149916,0.156172916293],"dvar2":[0.248600482941,0.188229173422,0.133399069309,0.121532417834,0.103794850409,0.217990800738],"max":[-4.651720047,-4.31637001038,-5.55970096588,-5.47893381119,-5.78287315369,-6.73670482635],"mean":[-7.54916763306,-7.41234254837,-7.88314723969,-8.31782817841,-8.72601127625,-10.9452495575],"median":[-6.98269271851,-7.15241241455,-7.60659408569,-8.06527614594,-8.37131500244,-10.6641874313],"min":[-27.3834171295,-27.2752113342,-27.3447532654,-27.3351917267,-27.1385803223,-27.2404155731],"var":[3.77467155457,2.11683678627,2.05454587936,2.01197719574,2.50140023232,3.07871246338]},"spectral_decrease":{"dmean":2.16197060254e-9,"dmean2":3.53052187485e-9,"dvar":2.36199835728e-17,"dvar2":6.32386923661e-17,"max":8.29798261997e-16,"mean":-6.4536624933e-9,"median":-4.53769466446e-9,"min":-9.14182578526e-8,"var":4.52442450253e-17},"spectral_energy":{"dmean":0.00854711886495,"dmean2":0.0138392737135,"dvar":0.000356170843588,"dvar2":0.000946058135014,"max":0.352919340134,"mean":0.026091273874,"median":0.0183455310762,"min":9.08703057245e-10,"var":0.000734459899832},"spectral_energyband_high":{"dmean":0.000634858151898,"dmean2":0.000799825123977,"dvar":0.00000971866484178,"dvar2":0.000014780114725,"max":0.120399162173,"mean":0.00113571377005,"median":0.0000965654253378,"min":3.29092725293e-10,"var":0.0000292346358037},"spectral_energyband_low":{"dmean":0.00530354073271,"dmean2":0.00891539268196,"dvar":0.000180582967005,"dvar2":0.000486754142912,"max":0.243830934167,"mean":0.0118363834918,"median":0.00678419880569,"min":3.63677352122e-11,"var":0.000249016680755},"spectral_energyband_middle_high":{"dmean":0.00108351698145,"dmean2":0.00156682613306,"dvar":0.0000037481668187,"dvar2":0.00000768215522839,"max":0.0544324070215,"mean":0.00390461692587,"median":0.00215638335794,"min":4.83630843706e-12,"var":0.0000259601329162},"spectral_energyband_middle_low":{"dmean":0.00450420798734,"dmean2":0.00731380563229,"dvar":0.000151482410729,"dvar2":0.000409916508943,"max":0.326180160046,"mean":0.0102921100333,"median":0.00452281907201,"min":4.69154663035e-12,"var":0.000231786136283},"spectral_entropy":{"dmean":0.164831236005,"dmean2":0.226050391793,"dvar":0.0302928686142,"dvar2":0.0500979870558,"max":9.8145275116,"mean":7.35166454315,"median":7.31392621994,"min":5.70312595367,"var":0.202237546444},"spectral_flux":{"dmean":0.0205208398402,"dmean2":0.0323375277221,"dvar":0.000981271150522,"dvar2":0.00213826820254,"max":0.491878837347,"mean":0.0640962272882,"median":0.0501542128623,"min":0.0000245599640039,"var":0.00306250131689},"spectral_kurtosis":{"dmean":2.39531421661,"dmean2":3.77900242805,"dvar":9.94422721863,"dvar2":23.1459064484,"max":68.6528549194,"mean":7.93333864212,"median":6.0218501091,"min":-1.16373515129,"var":47.9499092102},"spectral_rms":{"dmean":0.000670258363243,"dmean2":0.00104812928475,"dvar":0.00000115113084576,"dvar2":0.00000285439091385,"max":0.0185556337237,"mean":0.00434591155499,"median":0.00423061242327,"min":9.41562291246e-7,"var":0.00000656785277897},"spectral_rolloff":{"dmean":344.724731445,"dmean2":583.833496094,"dvar":839220.0625,"dvar2":1655077.125,"max":21748.5351562,"mean":1343.25036621,"median":990.52734375,"min":21.533203125,"var":4446207.5},"spectral_skewness":{"dmean":0.257805168629,"dmean2":0.394366890192,"dvar":0.0731884911656,"dvar2":0.152114629745,"max":6.30072784424,"mean":2.05512547493,"median":1.97290802002,"min":-0.249149411917,"var":0.562375962734},"spectral_spread":{"dmean":692641.75,"dmean2":928068.75,"dvar":818378702848,"dvar2":1375375589380,"max":39609592,"mean":4330334.5,"median":4000066,"min":1140129,"var":4069138104320},"spectral_strongpeak":{"dmean":0.36608222127,"dmean2":0.623977720737,"dvar":0.952272593975,"dvar2":2.32902646065,"max":28.8816242218,"mean":0.691843807697,"median":0.298627972603,"min":0,"var":1.42068088055},"zerocrossingrate":{"dmean":0.00982254743576,"dmean2":0.0112894400954,"dvar":0.000239398839767,"dvar2":0.000229666911764,"max":0.85498046875,"mean":0.0539412014186,"median":0.04296875,"min":0,"var":0.00340290227905}},"metadata":{"audio_properties":{"analysis_sample_rate":44100,"bit_rate":0,"codec":"flac","downmix":"mix","equal_loudness":0,"length":288.413330078,"lossless":true,"md5_encoded":"87da3c0e33957a09b61e51bd1eca1e89","replay_gain":-10.9499702454},"tags":{"album":["All That You Can’t Leave Behind"],"albumartist":["U2"],"albumartistsort":["U2"],"albumsort":["All That You Can’t Leave Behind (2000-10-31, U2, 379a26c2-57b7-416b-b08d-f4e3253caa19)"],"artist":["U2"],"artists":["U2"],"artistsort":["U2"],"asin":["B00004Z0LW"],"barcode":["731452465320"],"catalognumber":["3145246532"],"composer":["U2"],"composersort":["U2"],"date":["2000-10-31"],"discnumber":["1"],"disctotal":["1"],"engineer":["Keith McDonnell","Richard Rainey","Chris Heaney","Ger McDonnell"],"file_name":"08 - U2 - Peace on Earth.flac","genre":["Rock"],"isrc":["GBAAN0000227"],"label":["Interscope Records"],"language":["eng"],"lyricist":["Bono"],"media":["CD"],"mixer":["Mike Hedges"],"musicbrainz_albumartistid":["a3cb23fc-acd3-4ce0-8f36-1e5aa6a18432"],"musicbrainz_albumid":["379a26c2-57b7-416b-b08d-f4e3253caa19"],"musicbrainz_artistid":["a3cb23fc-acd3-4ce0-8f36-1e5aa6a18432"],"musicbrainz_recordingid":["31373c2c-0e2b-43f4-a28a-aa8eaef84a08"],"musicbrainz_releasegroupid":["88c59b55-200d-3ac1-beff-8eb99830807e"],"musicbrainz_releasetrackid":["a19b04ef-a150-382c-86cc-218ba2564fbb"],"musicbrainz_workid":["20bcce93-3a0d-3faa-bee4-3a4b9115bc7b"],"musicip_puid":["21e04ef8-9aa8-4854-4645-932d68991ef2"],"originaldate":["2000-10-30"],"performer":["Brian Eno (synthesizer)","Adam Clayton (bass guitar)","The Edge (guitar and piano)","Bono (guitar)","Bono (vocals)","The Edge (vocals)","Larry Mullen, Jr. (drums and percussion)"],"producer":["Daniel Lanois","Brian Eno","Mike Hedges"],"releasecountry":["US"],"releasestatus":["official"],"releasetype":["album"],"replaygai