{"lowlevel":{"average_loudness":0.146861746907,"barkbands":{"dmean":[0.000251114572166,0.00191438943148,0.00163107307162,0.00276807998307,0.00216014729813,0.000449164857855,0.000319186161505,0.000246218463872,0.000457799731521,0.00016371755919,0.000117657458759,0.0000708647930878,0.0000970518303802,0.0000639685749775,0.0000455439076177,0.0000367187931261,0.0000216063344851,0.0000148213239299,0.0000124345851873,0.00000915259442991,0.00000588397642787,0.00000335901290782,0.00000221970503844,0.00000264674008577,0.0000011876352346,5.73597731091e-7,1.24030620441e-7],"dmean2":[0.000381751160603,0.00289310398512,0.00288818147965,0.00466839317232,0.00372132542543,0.000759339833166,0.000515167950653,0.000419960793806,0.000761666335166,0.000267523981165,0.000195221888134,0.000117894676805,0.00014735761215,0.0000987391613307,0.0000677380812704,0.0000585977068113,0.0000338611280313,0.0000220751098823,0.000016719193809,0.0000105920235001,0.00000739301367503,0.00000388034777643,0.00000306088372781,0.00000320359890793,0.00000120721631447,6.56835425161e-7,1.50103005581e-7],"dvar":[8.32109947169e-7,0.0000456553498225,0.0000219444445975,0.000066178603447,0.0000504119489051,0.00000204271896109,9.22379740587e-7,6.58497810946e-7,0.00000265782864517,4.158071647e-7,3.9062911128e-7,1.11153880766e-7,2.71592398349e-7,9.78342598046e-8,4.05495015343e-8,2.37440467288e-8,1.59658668508e-8,5.72195180126e-9,3.75596043156e-9,1.45564427179e-9,6.68963384687e-10,2.52395909728e-10,1.23422605469e-10,1.63181260171e-10,2.9389390227e-11,7.32881203641e-12,3.57940646524e-13],"dvar2":[0.00000190887908502,0.000106139246782,0.0000623760497547,0.000179079186637,0.000138896066346,0.00000489229751111,0.00000243098588726,0.00000191802473637,0.00000788313172961,0.00000101728960544,9.92136506284e-7,3.05503249365e-7,5.85942757425e-7,2.45757263428e-7,8.53210124774e-8,5.79900323316e-8,4.29283666392e-8,1.38193918531e-8,7.07197989058e-9,1.89759941094e-9,1.05032305076e-9,3.79486747581e-10,2.36387687202e-10,2.98756464012e-10,4.41888747815e-11,1.3426615722e-11,6.92147999071e-13],"max":[0.0141663961112,0.116101950407,0.0563266985118,0.10528896004,0.101625315845,0.0238922368735,0.0128318015486,0.0133008807898,0.0240370910615,0.00829232763499,0.0124727170914,0.00520738773048,0.0108656557277,0.00538758281618,0.00336997187696,0.00286088231951,0.0026008549612,0.0014899544185,0.00133392121643,0.000816887477413,0.000453109125374,0.000312127202051,0.000202504263143,0.000199199872441,0.000113958762086,0.0000512601618539,0.0000124282214529],"mean":[0.000303406792227,0.00264320150018,0.00202922313474,0.00364622659981,0.00308015872724,0.000630233495031,0.000451668223832,0.000331714807544,0.000599736755248,0.000198387526325,0.000136305927299,0.0000847600967973,0.000132938599563,0.0000884986220626,0.0000680604644003,0.0000491266218887,0.0000311972798954,0.000024477549232,0.0000225297044381,0.0000184345317393,0.0000113073692773,0.00000627717281532,0.00000420000333179,0.00000434221783507,0.00000197539588953,8.71794952673e-7,2.56839683743e-7],"median":[0.0000103997435872,0.000103387988929,0.0000719775998732,0.0000999906624202,0.000110430592031,0.0000212142185774,0.0000120333488667,0.0000104630644273,0.0000118257867143,0.0000029848667964,0.00000124761129427,6.58377871332e-7,5.09316578245e-7,3.78167982262e-7,3.94436199258e-7,2.11776580272e-7,1.35076618335e-7,8.15480802885e-8,5.89372461945e-8,5.17119040921e-8,3.61815786221e-8,2.107824848e-8,1.7421811549e-8,1.68654494814e-8,2.04040127016e-8,2.88974959517e-8,4.94362879522e-8],"min":[3.04325280902e-25,1.5635631377e-24,2.03263935625e-24,2.18071900057e-24,1.77243019456e-23,8.82215178061e-24,1.15377809921e-23,5.00396363072e-24,2.14798210131e-23,2.36963134752e-23,1.69575717442e-23,3.07437301674e-23,5.24952822079e-23,4.13352732926e-23,3.98895752433e-23,6.4577182376e-23,8.89958478935e-23,1.07079461782e-22,1.76187615073e-22,1.85275557758e-22,2.98871149457e-22,3.51131076592e-22,4.7199181217e-22,6.48441139737e-22,8.97583759906e-22,1.29167372753e-21,1.96024700146e-21],"var":[0.00000126143288526,0.0000862655506353,0.0000308126764139,0.00010492997535,0.0000716169233783,0.00000330440525431,0.00000165759581705,8.66700418101e-7,0.00000340885867445,5.43623571048e-7,4.77658090858e-7,1.47349027202e-7,5.64921208479e-7,1.64035739658e-7,7.18780270859e-8,3.75752051696e-8,2.18349569536e-8,1.12314788581e-8,8.55336068639e-9,5.49012124651e-9,2.08354000719e-9,7.59924401184e-10,3.18032905566e-10,3.89622389907e-10,8.24488741169e-11,1.6471960948e-11,6.87056097778e-13]},"barkbands_crest":{"dmean":3.12907361984,"dmean2":5.42538070679,"dvar":5.97422266006,"dvar2":18.0280170441,"max":21.6911754608,"mean":10.5796775818,"median":10.1849880219,"min":4.68988800049,"var":8.88397216797},"barkbands_flatness_db":{"dmean":0.0311482045799,"dmean2":0.0483656749129,"dvar":0.000611893890891,"dvar2":0.00141664175317,"max":0.397308439016,"mean":0.211568251252,"median":0.213973492384,"min":0.0477719381452,"var":0.00320132449269},"barkbands_kurtosis":{"dmean":8.07221889496,"dmean2":13.4775466919,"dvar":73.5824356079,"dvar2":199.846511841,"max":95.1373748779,"mean":16.0521125793,"median":11.5612888336,"min":-0.563027918339,"var":194.164810181},"barkbands_skewness":{"dmean":0.764116406441,"dmean2":1.25578713417,"dvar":0.411189198494,"dvar2":1.13779628277,"max":7.90174865723,"mean":2.65825843811,"median":2.43778204918,"min":-2.1388399601,"var":2.06372261047},"barkbands_spread":{"dmean":2.98649573326,"dmean2":5.011302948,"dvar":26.8643856049,"dvar2":80.4088363647,"max":86.091835022,"mean":7.70875930786,"median":4.90482616425,"min":0.913350582123,"var":65.6168441772},"dissonance":{"dmean":0.0301189310849,"dmean2":0.0515055395663,"dvar":0.000781931623351,"dvar2":0.00203020661138,"max":0.500000119209,"mean":0.453406721354,"median":0.461271882057,"min":0.276689916849,"var":0.00117307621986},"dynamic_complexity":18.4429359436,"erbbands":{"dmean":[0.0795017629862,0.368775099516,1.33155107498,6.42578649521,8.71174430847,6.08471822739,5.49342632294,3.18275666237,3.64352107048,6.13482284546,5.4216594696,11.0693254471,6.45063114166,4.56074762344,4.1029086113,2.27627825737,3.9301199913,3.45336174965,2.68293237686,2.13217997551,1.71716654301,1.18884730339,0.814791858196,0.599088549614,0.620237886906,0.4482203722,0.330246835947,0.186296790838,0.124193675816,0.0869302749634,0.06531265378,0.0505147576332,0.046585675329,0.0183350462466,0.00590684544295,0.00290583143942,0.000947671185713,0.00018822819402,0.0000223373044719,0.00000795689356892],"dmean2":[0.122841186821,0.578661620617,2.3196644783,10.914689064,14.7721557617,10.2204227448,9.61300945282,5.26300525665,5.8112077713,10.1603765488,9.20640563965,18.8525810242,10.4548120499,7.21597099304,6.71196317673,3.59215855598,5.89258241653,5.3064494133,4.07262277603,3.34831476212,2.60413694382,1.85807216167,1.23887896538,0.761366009712,0.844048202038,0.543224036694,0.421577811241,0.241110354662,0.148663848639,0.101775169373,0.090897411108,0.0614148378372,0.0575788617134,0.0192044582218,0.00627578375861,0.00334726274014,0.00107355532236,0.000254594575381,0.0000266650768026,0.000012093539226],"dvar":[0.0912729948759,1.48284578323,14.0625104904,340.056060791,954.6640625,279.843566895,288.301818848,121.988647461,138.080688477,453.387268066,298.856323242,1610.27197266,741.01751709,326.005096436,479.044036865,112.558731079,451.252288818,329.276702881,164.225082397,102.018844604,50.256690979,57.8623428345,18.6847133636,7.13216495514,11.0481758118,3.78910684586,2.14565634727,0.642891645432,0.35461011529,0.165805920959,0.107620514929,0.0578911751509,0.0536247715354,0.00697126006708,0.000748895865399,0.000185958851944,0.0000211439419218,0.0000014247971194,9.96995730418e-9,5.1500431697e-10],"dvar2":[0.189997375011,3.89791488647,38.2655105591,901.463256836,2529.77416992,753.743225098,842.663208008,299.479095459,340.882904053,1277.6340332,849.119262695,4745.25,1943.671875,797.686584473,1202.53161621,263.369628906,957.532043457,733.306945801,366.256164551,236.789611816,113.420898438,150.589904785,46.0539054871,11.8157167435,23.3942146301,5.8598074913,3.6690094471,1.13048899174,0.534923553467,0.284892886877,0.21290127933,0.0968876332045,0.104572393,0.0101662864909,0.00107251422014,0.000313247059239,0.0000396163741243,0.00000352193501385,1.742866651e-8,1.14928944139e-9],"max":[4.75497817993,20.0099239349,50.8804779053,231.340026855,481.139465332,186.796661377,212.877838135,235.277740479,157.42489624,434.692138672,215.997619629,518.900268555,398.755065918,256.385437012,437.874755859,202.937133789,440.127197266,426.676086426,259.631408691,211.843383789,114.891609192,162.260696411,90.8575973511,44.9971351624,78.148223877,42.2985954285,26.8741874695,15.2298307419,12.7321872711,8.54718780518,5.86775922775,4.4542798996,3.5400197506,1.62329518795,0.626066863537,0.298073321581,0.078076787293,0.0260510779917,0.00189041439444,0.000360875914339],"mean":[0.104729875922,0.488655209541,1.87786877155,9.01961612701,11.326789856,8.95499801636,7.31569957733,4.4864192009,5.36015224457,8.07836341858,8.0105047226,14.140127182,8.51805305481,5.82855319977,5.333796978,3.55793762207,5.56366872787,5.61254787445,3.78809905052,3.22489142418,2.48480606079,1.79620909691,1.36244821548,1.18076694012,1.11047375202,0.876774013042,0.608618617058,0.346607834101,0.227519199252,0.16835039854,0.116644836962,0.0895297005773,0.0716867595911,0.0296279955655,0.010554282926,0.00471122795716,0.00141499435995,0.000274843041552,0.0000481489223603,0.0000189797665371],"median":[0.0030155533459,0.0195857174695,0.0833811610937,0.257815361023,0.357575953007,0.330525159836,0.258861482143,0.13608635962,0.145696893334,0.226778522134,0.240360587835,0.288579165936,0.127466410398,0.0695972591639,0.0467077717185,0.0262320172042,0.024351913482,0.0207734033465,0.0218561831862,0.0170300379395,0.00995505973697,0.00794565118849,0.00470276968554,0.00349835166708,0.00269011128694,0.0024477741681,0.00186923099682,0.00124072353356,0.000816296436824,0.000579231476877,0.000495909713209,0.000366308842786,0.000289748393698,0.000216558852117,0.00015014539531,0.000102529578726,0.0000570323099964,0.0000249787699431,0.0000074882377703,0.00000167234338733],"min":[1.1606649338e-22,3.40541786453e-22,2.33278766205e-21,4.98103850293e-21,1.27043576433e-20,4.18550966571e-20,9.27214278215e-20,6.14558812105e-20,1.18241371435e-19,2.22186244302e-19,1.56427918845e-19,5.29711988618e-19,6.22186386705e-19,1.53125638064e-18,1.26161080378e-18,1.41956011457e-18,2.18555572818e-18,2.78403558382e-18,2.72116199905e-18,2.84702890298e-18,5.29947114707e-18,6.64208164779e-18,5.58005784189e-18,7.32336497108e-18,8.10714093535e-18,8.31286654396e-18,9.61677202304e-18,1.2232179808e-17,1.29706105582e-17,1.25819779454e-17,1.18501522323e-17,1.1903849489e-17,1.00186221549e-17,9.00424643381e-18,6.82405476511e-18,4.31705768487e-18,2.2643881085e-18,1.02929309624e-18,2.34388166464e-19,3.09708441308e-20],"var":[0.167696073651,2.48769712448,24.0799274445,604.319335938,1182.45983887,501.793304443,382.123016357,182.726898193,247.196807861,608.949645996,479.86529541,1951.37475586,903.823242188,486.257568359,674.112365723,246.559783936,917.850891113,835.063842773,259.304046631,159.942474365,93.4419784546,75.5292510986,34.6817131042,21.7085361481,22.0572967529,12.4407300949,6.20443248749,1.97428560257,1.0089713335,0.514893770218,0.253012239933,0.155382186174,0.113901928067,0.0190342795104,0.00228531961329,0.000475887965877,0.0000442386954091,0.00000169734835254,2.32883401452e-8,1.95768379285e-9]},"erbbands_crest":{"dmean":2.51973319054,"dmean2":4.32976722717,"dvar":5.15327262878,"dvar2":15.1012792587,"max":23.1088504791,"mean":8.03824901581,"median":7.7276096344,"min":2.54661512375,"var":7.30626964569},"erbbands_flatness_db":{"dmean":0.021216083318,"dmean2":0.0316579900682,"dvar":0.000505453557707,"dvar2":0.000840435095597,"max":0.336438149214,"mean":0.162466138601,"median":0.169514730573,"min":0.0267297644168,"var":0.00353586534038},"erbbands_kurtosis":{"dmean":1.59393882751,"dmean2":2.64634275436,"dvar":4.83134555817,"dvar2":12.8789224625,"max":25.9101200104,"mean":2.33416509628,"median":1.6247702837,"min":-1.47042143345,"var":9.16541385651},"erbbands_skewness":{"dmean":0.436605274677,"dmean2":0.709962785244,"dvar":0.15421205759,"dvar2":0.402094811201,"max":4.44160699844,"mean":1.08234429359,"median":1.07945847511,"min":-1.05901277065,"var":0.536953151226},"erbbands_spread":{"dmean":6.17338943481,"dmean2":9.82380580902,"dvar":69.9820785522,"dvar2":141.634033203,"max":117.296508789,"mean":29.5998058319,"median":22.2485847473,"min":5.51756429672,"var":465.307373047},"gfcc":{"cov":[[51314.0898438,8350.93457031,-5617.38037109,789.900695801,-1063.81811523,40.6862068176,-653.093444824,-199.142822266,-337.521270752,-369.961303711,-240.485305786,-688.901733398,18.6032829285],[8350.93457031,2313.81347656,-762.446655273,-193.115753174,-194.227142334,-130.680999756,-29.4387435913,-64.3381118774,-50.3873710632,-141.005203247,-72.5462646484,-158.021255493,-8.93732357025],[-5617.38037109,-762.446655273,974.833984375,-135.619094849,46.524471283,-31.6599349976,67.9325180054,23.2675666809,12.1047477722,35.0847167969,-17.8919696808,73.6550979614,-29.4253787994],[789.900695801,-193.115753174,-135.619094849,238.879333496,23.0816707611,34.5965003967,-18.4207611084,11.8182058334,23.1243343353,31.3630657196,23.3319911957,3.38588047028,14.5593614578],[-1063.81811523,-194.227142334,46.524471283,23.0816707611,174.417526245,22.4393253326,20.302324295,-3.33895683289,38.6654396057,31.5578479767,21.8920936584,23.7158145905,20.8589878082],[40.6862068176,-130.680999756,-31.6599349976,34.5965003967,22.4393253326,77.7363815308,12.9789762497,11.4022464752,-2.016528368,15.2871656418,13.9667692184,9.58745574951,3.60578036308],[-653.093444824,-29.4387435913,67.9325180054,-18.4207611084,20.302324295,12.9789762497,72.7331161499,13.973903656,17.4829616547,7.0112195015,18.430147171,7.52227020264,4.43551397324],[-199.142822266,-64.3381118774,23.2675666809,11.8182058334,-3.33895683289,11.4022464752,13.973903656,54.1134986877,21.9764881134,12.2186384201,4.18902158737,9.28884506226,4.54885435104],[-337.521270752,-50.3873710632,12.1047477722,23.1243343353,38.6654396057,-2.016528368,17.4829616547,21.9764881134,53.5010643005,25.1526126862,12.0213260651,9.34212970734,13.3896818161],[-369.961303711,-141.005203247,35.0847167969,31.3630657196,31.5578479767,15.2871656418,7.0112195015,12.2186384201,25.1526126862,50.5875244141,19.9362449646,21.5455875397,8.25404071808],[-240.485305786,-72.5462646484,-17.8919696808,23.3319911957,21.8920936584,13.9667692184,18.430147171,4.18902158737,12.0213260651,19.9362449646,49.0004653931,18.2195396423,11.1418466568],[-688.901733398,-158.021255493,73.6550979614,3.38588047028,23.7158145905,9.58745574951,7.52227020264,9.28884506226,9.34212970734,21.5455875397,18.2195396423,45.5200424194,19.3490333557],[18.6032829285,-8.93732357025,-29.4253787994,14.5593614578,20.8589878082,3.60578036308,4.43551397324,4.54885435104,13.3896818161,8.25404071808,11.1418466568,19.3490333557,37.6226806641]],"icov":[[0.000365805637557,-0.00121882592794,0.000845277507324,-0.00146802479867,0.000765346048865,-0.00148671062198,0.00138483440969,-0.000339507387253,0.0011494953651,-0.00141412182711,0.00092807947658,-0.000164697077707,0.000065738648118],[-0.00121882592794,0.00514269899577,-0.00192223384511,0.00589357316494,-0.00199220026843,0.00626100879163,-0.0054792528972,0.00154216832016,-0.00405951682478,0.00504016084597,-0.00250345258974,0.00230677169748,-0.00110178487375],[0.000845277507324,-0.00192223384511,0.00451096892357,-0.00206786417402,0.0017576829996,-0.00112203753088,0.000565677823033,-0.000750688137487,0.00290442514233,-0.00402508350089,0.00490628974512,-0.0034916701261,0.00280300108716],[-0.00146802479867,0.00589357316494,-0.00206786417402,0.0124853281304,-0.00248827575706,0.00508999638259,-0.00394361605868,0.00135570962448,-0.00665131630376,0.00359576242045,-0.00491630518809,0.00375041808002,-0.00202482938766],[0.000765346048865,-0.00199220026843,0.0017576829996,-0.00248827575706,0.0103674409911,-0.00546708144248,0.00228572147898,0.00426352582872,-0.00459222495556,-0.00354732386768,0.00163176970091,-0.000536073348485,-0.00231798132882],[-0.00148671062198,0.00626100879163,-0.00112203753088,0.00508999638259,-0.00546708144248,0.0258736480027,-0.0114476848394,-0.00346422428265,0.00475236400962,0.000804428302217,-0.00289927748963,0.000233227430726,0.000565795518924],[0.00138483440969,-0.0054792528972,0.000565677823033,-0.00394361605868,0.00228572147898,-0.0114476848394,0.0266273263842,-0.0038803962525,-0.00213667238131,-0.00133142992854,-0.00645831879228,0.0032443581149,-0.00156138744205],[-0.000339507387253,0.00154216832016,-0.000750688137487,0.00135570962448,0.00426352582872,-0.00346422428265,-0.0038803962525,0.0272806528956,-0.015324100852,0.00229181558825,0.00209472328424,-0.00433875760064,0.00111170357559],[0.0011494953651,-0.00405951682478,0.00290442514233,-0.00665131630376,-0.00459222495556,0.00475236400962,-0.00213667238131,-0.015324100852,0.0445373393595,-0.0203348379582,0.00344868167304,0.00660219881684,-0.00829798448831],[-0.00141412182711,0.00504016084597,-0.00402508350089,0.00359576242045,-0.00354732386768,0.000804428302217,-0.00133142992854,0.00229181558825,-0.0203348379582,0.0437713898718,-0.0111079858616,-0.0106834452599,0.00554449204355],[0.00092807947658,-0.00250345258974,0.00490628974512,-0.00491630518809,0.00163176970091,-0.00289927748963,-0.00645831879228,0.00209472328424,0.00344868167304,-0.0111079858616,0.0355870947242,-0.012142081745,0.00148270349018],[-0.000164697077707,0.00230677169748,-0.0034916701261,0.00375041808002,-0.000536073348485,0.000233227430726,0.0032443581149,-0.00433875760064,0.00660219881684,-0.0106834452599,-0.012142081745,0.0534975193441,-0.0270592104644],[0.000065738648118,-0.00110178487375,0.00280300108716,-0.00202482938766,-0.00231798132882,0.000565795518924,-0.00156138744205,0.00111170357559,-0.00829798448831,0.00554449204355,0.00148270349018,-0.0270592104644,0.0457559414208]],"mean":[-293.038818359,130.303253174,-51.1156692505,11.6240062714,-38.7965393066,-1.22564339638,-24.2048454285,0.50449025631,-16.9567489624,-3.87366437912,-20.1204223633,-8.98196983337,-10.3369636536]},"hfc":{"dmean":1.71098434925,"dmean2":2.48202323914,"dvar":26.0866622925,"dvar2":52.0389175415,"max":84.6701126099,"mean":4.13538646698,"median":0.123563319445,"min":1.13045903878e-16,"var":118.936576843},"melbands":{"dmean":[0.000596979458351,0.000584694033023,0.00108535122126,0.000527669792064,0.000197221394046,0.0000723165503587,0.0000570640368096,0.0000636819531792,0.0000495078893437,0.0000696812712704,0.0000320123799611,0.0000193372616195,0.0000159186402016,0.00000709891264705,0.00000822877063911,0.00000883640313987,0.00000660302202959,0.00000451286405223,0.00000336444691129,0.00000279844289253,0.00000201768557417,0.0000013060287074,9.89428144749e-7,6.50889433018e-7,4.94029052334e-7,5.34965920451e-7,3.89149477087e-7,2.96584403259e-7,2.34217679917e-7,1.35427697501e-7,1.05796132743e-7,7.63691474504e-8,6.1341566493e-8,4.3495806068e-8,4.19498888959e-8,3.31310836543e-8,3.0906804227e-8,3.50541071725e-8,2.35450965391e-8,1.32260273844e-8],"dmean2":[0.000916854769457,0.00100977288093,0.00183755531907,0.000897034595255,0.000340727710864,0.000118141193525,0.0000912453833735,0.000104995800939,0.0000842204681248,0.000119325311971,0.0000513199156558,0.0000307974187308,0.0000267095074378,0.00001132845955,0.0000132260629471,0.0000129191885208,0.0000102355006675,0.00000708677453076,0.00000509549408889,0.00000459603597847,0.00000298702207147,0.00000204656566893,0.00000152558459376,9.94419110611e-7,6.40151768039e-7,7.66169648614e-7,5.34172613698e-7,3.81864339261e-7,3.13076753855e-7,1.75243840772e-7,1.41130087172e-7,1.00218727539e-7,7.49127977429e-8,5.95828915095e-8,6.07970847e-8,4.48440680145e-8,3.68281369845e-8,4.54047501819e-8,2.71962505849e-8,1.53708992201e-8],"dvar":[0.000004955958957,0.00000268740905085,0.00000996262406261,0.00000321906077261,3.3356823792e-7,5.83500927576e-8,3.20171054113e-8,4.90413789578e-8,2.4859405201e-8,6.54197478411e-8,1.8444403338e-8,5.93559823514e-9,7.98164112581e-9,8.65510330073e-10,2.86328227794e-9,1.88777238286e-9,1.23456944667e-9,5.44131739666e-10,2.39415376413e-10,1.50269463539e-10,6.88470530585e-11,6.99537233695e-11,3.14487567932e-11,9.91526912658e-12,4.58193595912e-12,8.45088842655e-12,3.25910999577e-12,1.72023484867e-12,1.06546097899e-12,3.44400452167e-13,2.18379283298e-13,1.4300191619e-13,8.11262000503e-14,4.82958941936e-14,4.6500353752e-14,2.54051320318e-14,2.14137925057e-14,3.11079388973e-14,1.2656652595e-14,3.89374735457e-15],"dvar2":[0.0000110004584712,0.00000738350672691,0.0000259371463471,0.00000878484115674,9.67608912106e-7,1.37628276775e-7,8.03669735205e-8,1.39477407402e-7,7.10021268446e-8,1.94300454837e-7,4.76963428753e-8,1.48559857749e-8,2.06112211742e-8,2.23328000537e-9,6.84750212088e-9,3.53705886802e-9,2.86240076086e-9,1.28487864792e-9,5.57784984867e-10,3.67129548984e-10,1.61597554782e-10,1.84694842753e-10,8.4399612299e-11,2.17639153227e-11,7.83949554578e-12,1.89023744573e-11,6.29046337589e-12,3.09783318789e-12,1.8996455884e-12,5.23005087589e-13,4.33425593593e-13,2.42247817943e-13,1.28399379887e-13,9.75457304449e-14,9.98448082567e-14,4.7274572359e-14,3.49960742351e-14,6.30812337587e-14,2.11431841138e-14,6.10765685057e-15],"max":[0.0368132591248,0.0218054261059,0.0433233864605,0.0274638142437,0.00588176771998,0.00498364632949,0.00246657221578,0.00453412020579,0.00187843060121,0.00363706727512,0.00200597266667,0.00107055355329,0.00175685621798,0.000591683899984,0.00112882163376,0.00118930637836,0.000783647585195,0.000491363927722,0.000305181834847,0.000240231544012,0.000114542955998,0.000179713053512,0.000117121890071,0.0000552534002054,0.0000374739174731,0.000064846535679,0.0000364075349353,0.0000272302295343,0.0000175075947482,0.0000110813034553,0.00000841098699311,0.00000753448784963,0.00000597608277531,0.0000044407383939,0.00000403656076742,0.00000251776759796,0.00000295581435239,0.00000266211759481,0.00000167195162248,0.00000127721659737],"mean":[0.000814025697764,0.000860906322487,0.00158573989756,0.000751585757826,0.000276627572021,0.000103831742308,0.0000847749470267,0.0000844528040034,0.0000701303506503,0.0000884893452167,0.0000405766513722,0.0000233944156207,0.0000190211630979,0.0000098181390058,0.0000104250702861,0.000013380137716,0.00000987317162071,0.00000600160183239,0.00000497173596159,0.00000364309903489,0.00000278051493297,0.00000186384488643,0.00000143405816289,0.00000112307691325,9.25471397295e-7,8.76364310898e-7,7.00261466591e-7,5.50187905901e-7,4.14261421611e-7,2.6282580734e-7,1.8140222835e-7,1.32985960022e-7,1.08093630047e-7,8.5398518479e-8,6.92622421639e-8,5.56454864409e-8,5.45342295766e-8,5.32998036817e-8,3.75551429954e-8,2.10207034002e-8],"median":[0.0000286693793896,0.0000417017072323,0.0000495436979691,0.0000264209629677,0.0000106057141238,0.00000312866200147,0.00000217767956201,0.00000245251021624,0.00000190707783077,0.0000016831627363,5.68781501897e-7,2.92412778435e-7,1.73551811145e-7,7.96943169235e-8,5.49839640485e-8,4.59866278391e-8,3.65561660942e-8,3.37787255944e-8,3.00521456609e-8,1.68891283181e-8,1.08655919817e-8,8.30635471516e-9,5.35646949018e-9,3.23456261775e-9,2.76607270422e-9,2.18649875983e-9,1.5997936309e-9,1.65169078414e-9,1.20268539572e-9,8.54327386612e-10,6.35470953636e-10,4.58087900945e-10,3.63963748029e-10,3.14826942294e-10,2.97074753686e-10,2.46068110332e-10,2.21145005086e-10,2.07576553168e-10,1.90764182229e-10,1.81394232968e-10],"min":[1.88382133813e-24,1.21358174305e-24,1.06803098958e-24,2.52728295117e-24,2.73583233375e-24,1.36367505343e-24,1.77312620654e-24,1.84920513553e-24,1.46579240736e-24,3.07617098852e-24,3.06918463913e-24,5.82778527354e-24,4.06575321234e-24,4.40962044194e-24,3.48117809372e-24,3.73042579647e-24,4.54471681626e-24,4.28512123058e-24,3.41531136357e-24,2.98978223914e-24,7.197517201e-24,5.73073132194e-24,4.50935494289e-24,3.35840057129e-24,5.19899450118e-24,5.99656088092e-24,5.66081694649e-24,4.48002746102e-24,5.17669695326e-24,7.38747885128e-24,6.39188826838e-24,6.28650434005e-24,5.93409098583e-24,5.88266553785e-24,5.39758392318e-24,6.31689402313e-24,6.94985905297e-24,6.05520046188e-24,6.31833053884e-24,6.81618105055e-24],"var":[0.00000910742164706,0.00000498956342199,0.000017917205696,0.00000443228464064,4.96776294767e-7,9.4431371167e-8,5.94701354828e-8,6.50520135537e-8,3.86308407485e-8,7.74918973434e-8,2.196134119e-8,8.06640976236e-9,9.75699876449e-9,1.67748748225e-9,3.68999808487e-9,5.4153517226e-9,2.63261301647e-9,7.32580274221e-10,3.71279451628e-10,2.18927598272e-10,1.22581736428e-10,8.68220148553e-11,4.29167916483e-11,2.30241728461e-11,1.32658693058e-11,1.44125744325e-11,8.3642962348e-12,4.95740037562e-12,2.95743659597e-12,1.11815027723e-12,5.75466432319e-13,3.56458975835e-13,2.3277454725e-13,1.29747043187e-13,9.43749608627e-14,6.00127518752e-14,5.83536243957e-14,6.3121064636e-14,3.12052697593e-14,9.91215996679e-15]},"melbands_crest":{"dmean":4.3389081955,"dmean2":7.50276660919,"dvar":12.0647621155,"dvar2":35.8076591492,"max":30.5249938965,"mean":15.5561056137,"median":14.9557514191,"min":1.84899318218,"var":21.3502082825},"melbands_flatness_db":{"dmean":0.0365886986256,"dmean2":0.0564562939107,"dvar":0.000871622643899,"dvar2":0.00197970657609,"max":0.551851451397,"mean":0.33224016428,"median":0.34333717823,"min":0.0032581393607,"var":0.00666753062978},"melbands_kurtosis":{"dmean":12.1620254517,"dmean2":20.2696285248,"dvar":222.812408447,"dvar2":605.315490723,"max":166.072494507,"mean":23.9463596344,"median":15.9535522461,"min":-1.33802235126,"var":582.672485352},"melbands_skewness":{"dmean":0.880339026451,"dmean2":1.44913828373,"dvar":0.655066907406,"dvar2":1.76389479637,"max":10.4574756622,"mean":3.20591330528,"median":2.85960555077,"min":-0.357125192881,"var":2.5003592968},"melbands_spread":{"dmean":2.49208116531,"dmean2":4.13797330856,"dvar":20.3228740692,"dvar2":48.9841957092,"max":154.469604492,"mean":8.07758331299,"median":4.27648544312,"min":0.883127689362,"var":372.322113037},"mfcc":{"cov":[[25137.5351562,6903.05761719,-2261.69555664,425.643493652,-408.529785156,11.1005191803,-142.140869141,-137.009017944,-92.8547286987,264.379089355,-220.410812378,-118.489974976,-218.781173706],[6903.05761719,4131.18261719,-22.1844120026,72.592414856,-151.694915771,-100.034172058,-91.3833236694,-56.2642211914,36.8754997253,77.9834594727,-88.9980926514,-95.7768325806,-102.470672607],[-2261.69555664,-22.1844120026,785.644470215,7.32953977585,-5.63680791855,-50.7272872925,-1.9171435833,24.1167125702,22.5950870514,-24.2805938721,16.5298042297,-10.3988342285,-6.26440906525],[425.643493652,72.592414856,7.32953977585,175.194015503,38.3203811646,20.7656040192,-10.3350868225,-9.25092029572,5.08046483994,17.4479904175,4.48281478882,6.74825191498,2.20307350159],[-408.529785156,-151.694915771,-5.63680791855,38.3203811646,104.6743927,33.3773269653,3.00560808182,0.0750506818295,13.4103879929,6.72131586075,6.31404495239,4.10261535645,10.0620861053],[11.1005191803,-100.034172058,-50.7272872925,20.7656040192,33.3773269653,70.0402145386,24.1533489227,1.98223137856,1.40300917625,4.14939451218,8.41700744629,8.78192901611,0.190964192152],[-142.140869141,-91.3833236694,-1.9171435833,-10.3350868225,3.00560808182,24.1533489227,48.5511894226,17.1298999786,-3.4580321312,-2.35991621017,7.92030477524,8.0914516449,3.37186050415],[-137.009017944,-56.2642211914,24.1167125702,-9.25092029572,0.0750506818295,1.98223137856,17.1298999786,31.3819179535,13.2748432159,0.622488319874,3.98589015007,4.05022192001,4.21891593933],[-92.8547286987,36.8754997253,22.5950870514,5.08046483994,13.4103879929,1.40300917625,-3.4580321312,13.2748432159,39.613822937,16.951883316,2.82432866096,0.114036075771,3.78125691414],[264.379089355,77.9834594727,-24.2805938721,17.4479904175,6.72131586075,4.14939451218,-2.35991621017,0.622488319874,16.951883316,34.0804290771,13.2354154587,1.66932404041,0.44219905138],[-220.410812378,-88.9980926514,16.5298042297,4.48281478882,6.31404495239,8.41700744629,7.92030477524,3.98589015007,2.82432866096,13.2354154587,31.1376228333,16.6369915009,3.78014540672],[-118.489974976,-95.7768325806,-10.3988342285,6.74825191498,4.10261535645,8.78192901611,8.0914516449,4.05022192001,0.114036075771,1.66932404041,16.6369915009,26.7735691071,14.2922506332],[-218.781173706,-102.470672607,-6.26440906525,2.20307350159,10.0620861053,0.190964192152,3.37186050415,4.21891593933,3.78125691414,0.44219905138,3.78014540672,14.2922506332,27.8913497925]],"icov":[[0.000215140113141,-0.000294700119412,0.000507485179696,-0.000411007466028,0.000474991335068,-0.000250388431596,0.000300145038636,-0.000905034248717,0.00121479271911,-0.00159871636424,0.00151008996181,-0.00106032995973,0.000881611660589],[-0.000294700119412,0.00075330096297,-0.000742612115573,0.000427983875852,-0.00024854921503,0.000600217957981,-0.000431776134064,0.00167831720319,-0.00186772760935,0.000822585541755,-0.000552815094125,0.00105954392347,-0.0000886263587745],[0.000507485179696,-0.000742612115573,0.0028896285221,-0.00157472083811,0.0011042940896,0.000890556781087,0.000189504717127,-0.00244581280276,0.000637139251921,0.000239416243858,-0.000615495431703,0.000382263708161,0.00176576641388],[-0.000411007466028,0.000427983875852,-0.00157472083811,0.00805177632719,-0.00334151112475,-0.00154753704555,0.0017975900555,0.00195152754895,0.000238976062974,-0.00247530569322,0.00105415983126,-0.00294938706793,-0.000562369998079],[0.000474991335068,-0.00024854921503,0.0011042940896,-0.00334151112475,0.0151447383687,-0.00691571971402,0.0020088236779,0.000278348918073,-0.0026600996498,-0.00143970781937,-0.000034900745959,0.00408401060849,-0.00408111931756],[-0.000250388431596,0.000600217957981,0.000890556781087,-0.00154753704555,-0.00691571971402,0.0249490849674,-0.0139499530196,0.00699970824644,-0.00523990904912,0.00273741595447,-0.00194768840447,-0.00482233613729,0.00691714324057],[0.000300145038636,-0.000431776134064,0.000189504717127,0.0017975900555,0.0020088236779,-0.0139499530196,0.0377751477063,-0.0240788497031,0.0139924194664,-0.00450893118978,-0.000118128678878,-0.00326003273949,-0.00102403212804],[-0.000905034248717,0.00167831720319,-0.00244581280276,0.00195152754895,0.000278348918073,0.00699970824644,-0.0240788497031,0.0600716695189,-0.0306490771472,0.0155811915174,-0.00954334624112,0.00408798269928,-0.00485385442153],[0.00121479271911,-0.00186772760935,0.000637139251921,0.000238976062974,-0.0026600996498,-0.00523990904912,0.0139924194664,-0.0306490771472,0.05665615201,-0.0384525358677,0.0223625842482,-0.011734017171,0.00264194444753],[-0.00159871636424,0.000822585541755,0.000239416243858,-0.00247530569322,-0.00143970781937,0.00273741595447,-0.00450893118978,0.0155811915174,-0.0384525358677,0.0804918557405,-0.0571128875017,0.0343607068062,-0.0165099538863],[0.00151008996181,-0.000552815094125,-0.000615495431703,0.00105415983126,-0.000034900745959,-0.00194768840447,-0.000118128678878,-0.00954334624112,0.0223625842482,-0.0571128875017,0.097471088171,-0.066767796874,0.0299534294754],[-0.00106032995973,0.00105954392347,0.000382263708161,-0.00294938706793,0.00408401060849,-0.00482233613729,-0.00326003273949,0.00408798269928,-0.011734017171,0.0343607068062,-0.066767796874,0.104274243116,-0.0491080395877],[0.000881611660589,-0.0000886263587745,0.00176576641388,-0.000562369998079,-0.00408111931756,0.00691714324057,-0.00102403212804,-0.00485385442153,0.00264194444753,-0.0165099538863,0.0299534294754,-0.0491080395877,0.0661753639579]],"mean":[-913.187133789,152.243225098,39.2887268066,24.6602020264,8.85617256165,4.89832878113,1.39226794243,1.84979701042,4.62024021149,4.90427112579,-1.49116897583,-3.78029608727,-5.470703125]},"pitch_salience":{"dmean":0.092323333025,"dmean2":0.15917596221,"dvar":0.00616245437413,"dvar2":0.0177083592862,"max":0.826138615608,"mean":0.634140789509,"median":0.646360993385,"min":0.283373534679,"var":0.00930900685489},"silence_rate_20dB":{"dmean":0,"dmean2":0,"dvar":0,"dvar2":0,"max":1,"mean":1,"median":1,"min":1,"var":0},"silence_rate_30dB":{"dmean":0.0208116546273,"dmean2":0.0416666679084,"dvar":0.0203785300255,"dvar2":0.042013887316,"max":1,"mean":0.959459483624,"median":1,"min":0,"var":0.0388970039785},"silence_rate_60dB":{"dmean":0.0405827276409,"dmean2":0.0812499970198,"dvar":0.0389357693493,"dvar2":0.0829817727208,"max":1,"mean":0.674636185169,"median":1,"min":0,"var":0.219502210617},"spectral_centroid":{"dmean":116.489845276,"dmean2":187.942520142,"dvar":94091.390625,"dvar2":167314.796875,"max":11453.9853516,"mean":648.19921875,"median":334.012817383,"min":181.964126587,"var":2541373.75},"spectral_complexity":{"dmean":1.41935479641,"dmean2":2.015625,"dvar":6.30176877975,"dvar2":10.0091304779,"max":48,"mean":5.07588338852,"median":2,"min":0,"var":62.8102493286},"spectral_contrast_coeffs":{"dmean":[0.0543427206576,0.0360355079174,0.034457065165,0.0182915944606,0.0123862363398,0.0119586652145],"dmean2":[0.0900378748775,0.0627199485898,0.05919508636,0.0308452714235,0.0205870196223,0.0190713535994],"dvar":[0.00186239404138,0.000865410896949,0.000697189883795,0.000242538153543,0.000137093840749,0.000142878809129],"dvar2":[0.00476384349167,0.00261720526032,0.00201051193289,0.000634133873973,0.000359950965503,0.000315572542604],"max":[-0.343460410833,-0.677743017673,-0.648728191853,-0.690880179405,-0.761556088924,-0.70254856348],"mean":[-0.709603846073,-0.846125662327,-0.831452488899,-0.876503586769,-0.881598651409,-0.842610478401],"median":[-0.718408703804,-0.851164579391,-0.831985473633,-0.881175279617,-0.885959506035,-0.854556262493],"min":[-0.979217529297,-0.967924714088,-0.972825407982,-0.96719032526,-0.966955661774,-0.962890148163],"var":[0.0106574110687,0.00251285848208,0.00281491153874,0.00141626026016,0.00105596554931,0.0021962581668]},"spectral_contrast_valleys":{"dmean":[0.452585041523,0.406036406755,0.37204760313,0.323076188564,0.254290312529,0.183821558952],"dmean2":[0.756879270077,0.631766617298,0.556745946407,0.461686313152,0.326177537441,0.224190041423],"dvar":[0.253548890352,0.270437896252,0.23905107379,0.213997811079,0.203629791737,0.154633760452],"dvar2":[0.550505518913,0.536182045937,0.425152659416,0.3476344347,0.322567880154,0.235779210925],"max":[-4.85174894333,-4.71157693863,-5.20067453384,-5.7342581749,-5.82268810272,-8.91504955292],"mean":[-8.90576839447,-8.75356292725,-9.93996334076,-10.6479654312,-10.9606027603,-13.3984584808],"median":[-8.29865837097,-8.11571502686,-9.43391609192,-10.3350276947,-10.9374485016,-13.510099411],"min":[-28.1449832916,-27.7321071625,-27.5577869415,-27.7254581451,-27.4123134613,-27.3543682098],"var":[11.4442977905,12.0983877182,11.1975898743,10.6860132217,9.61347866058,6.36859989166]},"spectral_decrease":{"dmean":1.76845305067e-9,"dmean2":2.85104051478e-9,"dvar":2.50794329214e-17,"dvar2":6.09563356199e-17,"max":1.12211720241e-28,"mean":-3.76882969277e-9,"median":-1.60967988938e-10,"min":-8.04953828037e-8,"var":8.15664868763e-17},"spectral_energy":{"dmean":0.00680661341175,"dmean2":0.0109379757196,"dvar":0.000370830239262,"dvar2":0.000898008875083,"max":0.311488091946,"mean":0.0145995300263,"median":0.000617714016698,"min":1.020280272e-20,"var":0.00122586824},"spectral_energyband_high":{"dmean":0.0000192942025024,"dmean2":0.0000195313677978,"dvar":7.27469551265e-9,"dvar2":1.02552046854e-8,"max":0.0017414331669,"mean":0.0000382443577109,"median":2.32574151937e-7,"min":7.29960879625e-21,"var":2.47223805871e-8},"spectral_energyband_low":{"dmean":0.00419816607609,"dmean2":0.00687221297994,"dvar":0.000150673135067,"dvar2":0.000388902612031,"max":0.156951934099,"mean":0.00724831130356,"median":0.000311044685077,"min":1.9753943236e-23,"var":0.00035700108856},"spectral_energyband_middle_high":{"dmean":0.000430541753303,"dmean2":0.000561681634281,"dvar":0.00000251853884947,"dvar2":0.00000443120143245,"max":0.0332795493305,"mean":0.000806627387647,"median":0.00000754736038289,"min":1.31810170381e-21,"var":0.00000896602796274},"spectral_energyband_middle_low":{"dmean":0.00467464560643,"dmean2":0.00753802713007,"dvar":0.000182570700417,"dvar2":0.000461824878585,"max":0.201943516731,"mean":0.00880814809352,"median":0.000323568441672,"min":1.74297567453e-22,"var":0.000460583600216},"spectral_entropy":{"dmean":0.273392319679,"dmean2":0.409728109837,"dvar":0.0638746917248,"dvar2":0.117787532508,"max":9.82396221161,"mean":6.89349985123,"median":6.78794956207,"min":5.14270067215,"var":0.570242524147},"spectral_flux":{"dmean":0.01276173722,"dmean2":0.0208558980376,"dvar":0.000647108303383,"dvar2":0.00156374112703,"max":0.329107433558,"mean":0.0437050946057,"median":0.016742631793,"min":6.47962933309e-11,"var":0.00381789682433},"spectral_kurtosis":{"dmean":4.96155929565,"dmean2":7.47851848602,"dvar":85.986038208,"dvar2":172.600265503,"max":110.36403656,"mean":15.0971670151,"median":12.1551809311,"min":-1.24329292774,"var":179.634994507},"spectral_rms":{"dmean":0.000540083448868,"dmean2":0.000836467836052,"dvar":0.00000104019420633,"dvar2":0.00000227638042816,"max":0.0174324642867,"mean":0.00216078571975,"median":0.000776303932071,"min":3.15498885697e-12,"var":0.00000957444899541},"spectral_rolloff":{"dmean":155.8412323,"dmean2":262.996673584,"dvar":317085.84375,"dvar2":604806.875,"max":19358.3496094,"mean":766.040344238,"median":279.931640625,"min":86.1328125,"var":7876621},"spectral_skewness":{"dmean":0.426770120859,"dmean2":0.620480835438,"dvar":0.351416230202,"dvar2":0.596108853817,"max":8.43318653107,"mean":2.93933868408,"median":2.84906482697,"min":-0.0385989993811,"var":1.43055927753},"spectral_spread":{"dmean":529921.25,"dmean2":813879.625,"dvar":1358598111230,"dvar2":2311508459520,"max":41850072,"mean":4878288,"median":3254759.5,"min":675348.875,"var":34934295101400},"spectral_strongpeak":{"dmean":0.101620733738,"dmean2":0.167234152555,"dvar":0.0387047715485,"dvar2":0.100552476943,"max":2.40274763107,"mean":0.16282081604,"median":0.0390875823796,"min":0,"var":0.0831214040518},"zerocrossingrate":{"dmean":0.00715857930481,"dmean2":0.00989481620491,"dvar":0.000250491197221,"dvar2":0.000443152792286,"max":0.5166015625,"mean":0.0385168641806,"median":0.01953125,"min":0.005859375,"var":0.00568611966446}},"metadata":{"audio_properties":{"analysis_sample_rate":44100,"bit_rate":0,"codec":"flac","downmix":"mix","equal_loudness":0,"length":22.3066673279,"lossless":true,"md5_encoded":"d6f9d1a0badc7994206271dc6e9c035c","replay_gain":2.51423072815},"tags":{"acoustid_id":["2a31aacd-0d1c-4c76-953f-8bb9b0b4bbfa"],"album":["Absolution"],"albumartist":["Muse"],"albumartistsort":["Muse"],"artist":["Muse"],"artists":["Muse"],"artistsort":["Muse"],"asin":["B0000C7GG2"],"barcode":["5050466858726"],"catalognumber":["5050466-8587-2-6"],"composer":["Matthew Bellamy","Dominic Howard","Christopher Wolstenholme"],"composersort":["Bellamy, Matthew","Howard, Dominic","Wolstenholme, Christopher"],"date":["2003-09-22"],"discnumber":["1"],"disctotal":["1"],"engineer":["Donald Clark","Jason Gossman","Darren Mora","Tom Joyce","Adam Noble","Ciaran Bradshaw","Wally Gagel","Rich Costey"],"file_name":"01 Intro.flac","genre":["Alternative Rock"],"grouping":["Rock"],"isrc":["GBCVT0300076"],"label":["Taste Media"],"language":["eng"],"media":["CD"],"mixer":["Rich Costey"],"mood":["Sexy; Melancholic"],"musicbrainz_albumartistid":["9c9f1380-2516-4fc9-a3e6-f9f61941d090"],"musicbrainz_albumid":["a0a2b395-7989-4ec7-99f9-9bc9425c53b7"],"musicbrainz_artistid":["9c9f1380-2516-4fc9-a3e6-f9f61941d090"],"musicbrainz_recordingid":["31a160a3-eaf9-4f2a-89ba-f9746fb475a7"],"musicbrainz_releasegroupid":["6f151223-f3a3-3e57-810f-598f7897006c"],"musicbrainz_releasetrackid":["984abf02-7899-3cd5-9dee-1727fcfc7bd3"],"musicbrainz_workid":["9020ee4b-a5fb-3d2e-b43f-279344274ac6"],"originaldate":["2003-09-08"],"originalyear":["2003"],"performer":["Christopher Wolstenholme (bass guitar)","Paul Reeve (additional other vocals)","Matthew Bellamy (guitar and keyboard)","Dominic Howard (drums and other percussion)","Christopher Wolstenholme (background vocals)","Matthew Bellamy (lead vocals)"],"producer":["Dennis Smith","Safta Jaffery","Muse","R