{"lowlevel":{"average_loudness":0.856248259544,"barkbands":{"dmean":[0.000104463128082,0.00299745681696,0.00305212987587,0.00150167476386,0.001604212448,0.000723208126146,0.00066071737092,0.000811023637652,0.000524555682205,0.000520802743267,0.000361909915227,0.000593809236307,0.000410619337345,0.000424744619522,0.000311957322992,0.00030959083233,0.000322896434227,0.000171034262166,0.000224022427574,0.000142637814861,0.000121445213153,0.000152883963892,0.0000913244075491,0.0000681816236465,0.0000640909347567,0.0000448359533038,0.0000086639129222],"dmean2":[0.000148979917867,0.00519720464945,0.00552693381906,0.00255204341374,0.00263287243433,0.00118418619968,0.0010706812609,0.00128112838138,0.000815152714495,0.00083043507766,0.000580020889174,0.00092873518588,0.000658985867631,0.000667196582071,0.000495813030284,0.000490414851811,0.000514851883054,0.000276873004623,0.000352677539922,0.000230485660722,0.000191302082385,0.000226309799473,0.00013070856221,0.0000981442717602,0.0000932984039537,0.00006645583926,0.0000130032949528],"dvar":[3.90666343719e-8,0.0000502666225657,0.0000612827570876,0.00000532551757715,0.0000091031743068,0.0000025784695481,0.00000218321861212,0.00000408211644753,0.0000013305146922,0.00000104354933228,5.51752236788e-7,0.00000299507678392,0.00000116883575174,7.38608378015e-7,4.41631357262e-7,4.10827141195e-7,2.70535196023e-7,7.54204805276e-8,1.47483532942e-7,9.21605973758e-8,6.16462401126e-8,7.26637665593e-8,2.51065284118e-8,2.05979446832e-8,3.05585992066e-8,1.05696456032e-8,4.44323910997e-10],"dvar2":[8.1272389707e-8,0.000136863760417,0.00017430135631,0.0000143322131407,0.0000236636078625,0.00000693823767506,0.00000557406292501,0.00000973031092144,0.00000309497386297,0.00000261224886344,0.00000136163021125,0.00000722935055819,0.0000029088341762,0.0000017574652702,0.0000010569405049,9.55634050115e-7,6.79362472056e-7,1.9112935945e-7,3.30828498818e-7,2.28765500765e-7,1.45646140481e-7,1.50328773429e-7,4.86858908744e-8,4.26279704868e-8,7.30012530425e-8,2.44549642758e-8,9.89172854737e-10],"max":[0.00238163094036,0.0592576414347,0.0776446610689,0.0319436639547,0.0458034053445,0.0196420382708,0.0335456319153,0.0385984256864,0.0225322842598,0.0206909030676,0.019174637273,0.060105856508,0.0249963253736,0.0283678211272,0.0171623695642,0.0258315894753,0.0122380200773,0.00465895468369,0.00936025194824,0.00774693116546,0.00453356467187,0.00501484004781,0.00326148094609,0.00357239879668,0.00383639964275,0.00155622581951,0.000305541965645],"mean":[0.00013506427058,0.00292843789794,0.00296100578271,0.00232575833797,0.00249220454134,0.00103374093305,0.0010211954359,0.00125938537531,0.000831407727674,0.00090533355251,0.000603590800893,0.000970906112343,0.000678961456288,0.000752859283239,0.000494364008773,0.000496154418215,0.000582401000429,0.000320403254591,0.000457452522824,0.000274307589279,0.000254561629845,0.000379574572435,0.000208750498132,0.000151721731527,0.0000968281165115,0.0000529901881237,0.00000891500894795],"median":[0.0000307430673274,0.000983020174317,0.00115697877482,0.00150854070671,0.00149562233128,0.000406431267038,0.000302503118291,0.000227375596296,0.000215344349272,0.000314952572808,0.00019436981529,0.000263170688413,0.000150271836901,0.000259008142166,0.000212393584661,0.000233633298194,0.000335336546414,0.000203830888495,0.000239493281697,0.000125983904582,0.000115279603051,0.000155633431859,0.000102884005173,0.0000691570749041,0.0000347913810401,0.0000133519206429,0.00000105951721707],"min":[2.2573024179e-12,2.80781973193e-12,5.19651032274e-12,1.68879146778e-11,4.91881188558e-11,2.93052778225e-12,1.38806566068e-12,6.44988728225e-13,1.83909940228e-12,6.14245796154e-13,1.34625383758e-12,6.429700522e-13,1.85250293295e-13,3.86492324689e-13,4.62231598483e-13,7.17173336776e-13,9.9032088953e-13,5.83010744716e-13,1.49180711187e-12,5.15131231942e-13,1.77949961624e-12,1.73814727802e-12,2.17440605452e-12,3.13822665771e-12,6.32865634898e-12,4.46179855215e-12,1.02396069054e-11],"var":[6.20302955667e-8,0.0000389459601138,0.0000409530948673,0.00000686177645548,0.0000111959489004,0.00000297012525152,0.00000369812346435,0.00000863021432451,0.00000289000763587,0.00000228954172599,0.00000117170691283,0.0000066072516347,0.00000241424936576,0.00000194732388081,7.35911385163e-7,7.34796003599e-7,5.86138412473e-7,1.49217271428e-7,4.21155760932e-7,1.87227215065e-7,1.30450587221e-7,2.90398759262e-7,8.20295156245e-8,5.53535031145e-8,3.87425238557e-8,1.24639640831e-8,5.14151388131e-10]},"barkbands_crest":{"dmean":2.29089999199,"dmean2":3.78958749771,"dvar":4.69593811035,"dvar2":12.5308446884,"max":24.1835365295,"mean":8.21659088135,"median":7.52799510956,"min":2.33772706985,"var":11.6456890106},"barkbands_flatness_db":{"dmean":0.0217353012413,"dmean2":0.0333490297198,"dvar":0.000567606824916,"dvar2":0.00132943992503,"max":0.472352951765,"mean":0.110595665872,"median":0.0953776612878,"min":0.014111623168,"var":0.00349697703496},"barkbands_kurtosis":{"dmean":3.15229535103,"dmean2":5.11301517487,"dvar":61.5187454224,"dvar2":147.792144775,"max":205.684036255,"mean":3.2596924305,"median":0.20719563961,"min":-1.92343759537,"var":101.241821289},"barkbands_skewness":{"dmean":0.616334676743,"dmean2":0.960490167141,"dvar":0.656383931637,"dvar2":1.54591989517,"max":12.0424451828,"mean":1.28923797607,"median":0.976626157761,"min":-7.25069284439,"var":1.6516405344},"barkbands_spread":{"dmean":7.39223241806,"dmean2":11.2975511551,"dvar":77.5433654785,"dvar2":175.961303711,"max":116.488685608,"mean":29.4447536469,"median":28.0728645325,"min":0.491829007864,"var":225.509155273},"dissonance":{"dmean":0.0155381076038,"dmean2":0.025791592896,"dvar":0.000287267524982,"dvar2":0.000731064588763,"max":0.500000178814,"mean":0.469086199999,"median":0.477376252413,"min":0.200369521976,"var":0.00093739683507},"dynamic_complexity":3.32731580734,"erbbands":{"dmean":[0.070538893342,0.787058413029,3.18927979469,4.38848590851,4.41566896439,6.78008747101,4.54097270966,6.76319026947,9.08529376984,10.7980518341,18.7294025421,12.6660985947,16.1634559631,15.1563596725,13.6023283005,27.1993713379,17.8072891235,20.7897338867,16.3042411804,17.3431282043,14.5363817215,14.7227516174,9.49593067169,10.5543813705,10.6102142334,5.98841953278,5.08801937103,4.93644332886,5.42428398132,4.49780368805,2.37147498131,1.54257786274,1.15224814415,0.701149106026,0.477128386497,0.209284380078,0.0786302983761,0.0185876209289,0.00136571959592,0.0000559872969461],"dmean2":[0.108827657998,1.43248665333,5.8235502243,7.60587978363,7.33313465118,11.1346874237,7.45656776428,11.2081747055,14.7811346054,17.0075149536,29.4787540436,19.4167747498,25.8925361633,23.6389064789,21.4816970825,42.3645858765,28.391046524,32.2462387085,25.9645118713,27.1153488159,22.9436435699,23.6411094666,15.1911230087,16.8819999695,16.3849468231,9.69548606873,8.25679969788,7.48789405823,8.14375019073,6.63402748108,3.37073349953,2.22527456284,1.6727386713,0.995542049408,0.720787346363,0.313326328993,0.116699568927,0.0279684513807,0.00203790445812,0.0000818311746116],"dvar":[0.0225579254329,3.91138148308,68.8750076294,66.8070373535,44.5357322693,221.461196899,96.7737884521,271.05847168,428.331085205,670.736938477,2356.3215332,787.578125,1182.02099609,959.401184082,702.656311035,7198.38769531,2116.85644531,1860.23193359,1013.0524292,1591.60949707,557.081054688,566.166137695,230.486251831,265.631378174,458.018127441,155.473724365,131.46206665,93.4573822021,95.0595169067,59.1893043518,18.5193748474,8.06763744354,7.81061887741,3.53339719772,1.77293276787,0.258916050196,0.0323459580541,0.00198337156326,0.0000108457224997,1.37466358296e-8],"dvar2":[0.0528921969235,11.0648517609,197.028579712,182.842727661,120.899055481,564.446105957,251.799514771,734.590515137,1122.41784668,1695.37768555,5499.63623047,1804.43188477,3020.77441406,2275.57617188,1693.64929199,17293.1972656,5387.11279297,4537.59179688,2404.22070312,3637.69604492,1366.03710938,1424.56628418,579.56628418,639.410705566,1013.9666748,393.324462891,338.425170898,204.124832153,198.303863525,120.574035645,36.5251197815,16.5146408081,16.7351741791,7.99091005325,4.40280342102,0.628934025764,0.0730839595199,0.00443961005658,0.0000241519428528,3.0285541186e-8],"max":[1.43425071239,16.3531398773,83.2556610107,102.927787781,123.74962616,195.18711853,175.719909668,219.434799194,469.247650146,831.173278809,1065.09362793,574.858337402,776.022766113,840.273864746,535.863525391,3053.15722656,1306.34472656,1654.31054688,613.842956543,1532.96740723,480.240997314,498.190307617,243.84312439,304.191894531,619.414672852,291.143341064,380.761322021,139.716339111,166.755340576,139.372283936,106.777153015,92.2312774658,68.741859436,52.4270515442,26.8149032593,8.33441925049,2.6870265007,0.725168764591,0.0458081737161,0.0016316344263],"mean":[0.0778952762485,0.697034776211,3.03999209404,6.1807808876,7.81220674515,9.10980701447,6.74364089966,8.931432724,13.8537960052,16.8903713226,29.6469802856,21.8154239655,27.3684749603,28.5479049683,24.5101318359,44.9070014954,31.1144561768,41.1820449829,29.5993213654,28.4418830872,28.0335483551,27.592092514,19.0917110443,21.8178024292,22.0227661133,12.183344841,9.94243049622,10.7242298126,13.1462373734,10.7591228485,5.43493509293,3.58837628365,2.31217932701,1.19439864159,0.633716225624,0.264806896448,0.0895456001163,0.019220309332,0.00143567391206,0.0000798116598162],"median":[0.0182089172304,0.25450783968,1.23259854317,3.80368566513,5.71584701538,4.37572622299,2.75289797783,2.96383142471,4.56933116913,6.02739143372,5.47622776031,6.82185649872,9.04188537598,10.6031570435,9.17422485352,12.4632196426,8.48438835144,14.4723567963,12.9857521057,13.7789936066,16.1550388336,16.7491569519,12.2874574661,13.3604946136,9.56616783142,5.99488449097,4.52338790894,4.73003864288,5.38303947449,4.88590145111,2.63446521759,1.73452568054,0.953568041325,0.429899662733,0.214607432485,0.0843907296658,0.0184676460922,0.00245153857395,0.000198221328901,0.0000358719844371],"min":[8.81902328942e-11,5.59795987343e-10,5.29448529463e-9,5.75534500058e-8,2.07253364692e-7,1.16305443498e-7,1.84782038559e-8,2.47297826661e-8,2.0394770317e-8,1.95457339203e-8,1.62628435163e-8,4.75490757879e-8,4.05358875355e-8,2.76437663871e-8,4.76010626471e-8,2.48987479523e-8,1.04620179187e-8,1.14103384519e-8,2.52666101375e-8,3.98875243945e-8,2.84212440249e-8,5.32785193741e-8,3.92391257265e-8,5.90116329136e-8,6.06982979434e-8,3.21105275702e-8,3.26879359136e-8,9.34824697651e-8,4.938815934e-8,6.80865284153e-8,7.35867473622e-8,5.69762690361e-8,6.44239861458e-8,6.69302124834e-8,4.57660576103e-8,1.72598095816e-8,7.95839838474e-9,7.07799951982e-9,1.27492139068e-9,1.25825225239e-10],"var":[0.0258912723511,2.56118249893,44.4564476013,64.1326293945,78.9581069946,228.429290771,127.552223206,281.56741333,623.469787598,994.398010254,5373.19873047,1881.43078613,2403.00830078,2462.40014648,1683.65100098,15585.5859375,4339.7578125,5667.09179688,2112.72998047,2530.64648438,1448.13903809,1176.23754883,496.942474365,680.596923828,1358.10327148,323.442108154,210.188537598,236.824554443,358.175079346,216.601364136,58.9212608337,25.9459171295,16.801651001,5.49993801117,1.8813931942,0.289999932051,0.0389710068703,0.00228930613957,0.0000126102295326,1.7276194697e-8]},"erbbands_crest":{"dmean":2.39980721474,"dmean2":3.86766147614,"dvar":5.71746492386,"dvar2":13.9868249893,"max":30.4268856049,"mean":8.1309337616,"median":7.06822776794,"min":2.01264047623,"var":16.1121101379},"erbbands_flatness_db":{"dmean":0.0181062892079,"dmean2":0.0259079355747,"dvar":0.000329579226673,"dvar2":0.000654337811284,"max":0.364146262407,"mean":0.143329814076,"median":0.133560657501,"min":0.0251609496772,"var":0.00263787247241},"erbbands_kurtosis":{"dmean":0.832954406738,"dmean2":1.29328727722,"dvar":2.58176612854,"dvar2":5.02481889725,"max":97.3610610962,"mean":0.199086204171,"median":-0.319074749947,"min":-1.84943425655,"var":5.23325204849},"erbbands_skewness":{"dmean":0.353055238724,"dmean2":0.536440491676,"dvar":0.141936957836,"dvar2":0.303384870291,"max":7.80475759506,"mean":0.0430805422366,"median":0.0127058438957,"min":-4.02960395813,"var":0.527141869068},"erbbands_spread":{"dmean":9.91480064392,"dmean2":15.3818073273,"dvar":133.364730835,"dvar2":310.725250244,"max":156.28994751,"mean":44.1405334473,"median":40.7916946411,"min":2.55667543411,"var":473.250030518},"gfcc":{"cov":[[10928.1845703,-1388.12072754,-975.699584961,-36.3360404968,-1099.7734375,224.749145508,-393.122558594,27.8771438599,-112.292549133,242.09765625,-65.9262390137,120.736877441,-263.2762146],[-1388.12072754,1824.18518066,-485.57522583,-109.635917664,402.351501465,-337.664764404,260.393280029,-127.613311768,18.948469162,-247.381591797,95.6087875366,-135.294219971,123.47164917],[-975.699584961,-485.57522583,1189.75280762,115.157676697,44.6604614258,161.078475952,-99.1608352661,49.9898757935,-3.26888585091,98.9320373535,-85.2745513916,59.6480865479,-43.2540779114],[-36.3360404968,-109.635917664,115.157676697,404.040649414,55.7762031555,84.4883651733,-34.6936912537,-4.31300258636,11.7082338333,-7.37806272507,-20.9222679138,-30.1692142487,19.7813625336],[-1099.7734375,402.351501465,44.6604614258,55.7762031555,512.513244629,-34.7771263123,121.472824097,0.479078710079,-10.1773958206,-65.1025085449,-14.5842990875,-39.3890647888,52.6042671204],[224.749145508,-337.664764404,161.078475952,84.4883651733,-34.7771263123,299.501495361,21.2919559479,33.5936546326,-11.812795639,28.6009578705,-15.1967782974,18.3663463593,-56.0626716614],[-393.122558594,260.393280029,-99.1608352661,-34.6936912537,121.472824097,21.2919559479,225.998626709,26.2141532898,-14.5391235352,-56.7486038208,11.0584383011,-36.7263145447,0.000976674142294],[27.8771438599,-127.613311768,49.9898757935,-4.31300258636,0.479078710079,33.5936546326,26.2141532898,125.257804871,37.9591140747,17.4827861786,-2.34779024124,11.2155237198,-10.6410808563],[-112.292549133,18.948469162,-3.26888585091,11.7082338333,-10.1773958206,-11.812795639,-14.5391235352,37.9591140747,111.628395081,43.4223518372,4.685567379,-0.246608749032,-5.26793432236],[242.09765625,-247.381591797,98.9320373535,-7.37806272507,-65.1025085449,28.6009578705,-56.7486038208,17.4827861786,43.4223518372,124.540084839,14.1843557358,29.8965034485,-22.2105808258],[-65.9262390137,95.6087875366,-85.2745513916,-20.9222679138,-14.5842990875,-15.1967782974,11.0584383011,-2.34779024124,4.685567379,14.1843557358,94.3472595215,30.2255496979,2.10992789268],[120.736877441,-135.294219971,59.6480865479,-30.1692142487,-39.3890647888,18.3663463593,-36.7263145447,11.2155237198,-0.246608749032,29.8965034485,30.2255496979,87.6990737915,8.78881072998],[-263.2762146,123.47164917,-43.2540779114,19.7813625336,52.6042671204,-56.0626716614,0.000976674142294,-10.6410808563,-5.26793432236,-22.2105808258,2.10992789268,8.78881072998,104.07661438]],"icov":[[0.00018050482322,-0.000115121030831,0.000287492439384,-0.000148147082655,0.000283558445517,-0.000102888203401,0.000225227093324,-0.000305029505398,0.000596300233155,-0.000594229612034,0.000659505196381,-0.000457466638181,0.000439523457317],[-0.000115121030831,0.00217240909114,-0.00032995044603,0.000685771636199,-0.000977768097073,0.00122387486044,-0.00128979072906,0.00229165842757,-0.00282334606163,0.00369574106298,-0.00334692699835,0.00245167198591,-0.00124154193327],[0.000287492439384,-0.00032995044603,0.00166149146389,-0.000545296701603,0.000148914303281,-0.000524406787008,0.000759745133109,-0.000974003865849,0.00158551824279,-0.00205841194838,0.00255297706462,-0.00189749582205,0.00120495934971],[-0.000148147082655,0.000685771636199,-0.000545296701603,0.00349530344829,-0.000808794226032,-0.00098425836768,0.000635678239632,0.00101887865458,-0.00189352221787,0.00205859960988,-0.00197675195523,0.002985089086,-0.00196504034102],[0.000283558445517,-0.000977768097073,0.000148914303281,-0.000808794226032,0.00336434948258,-0.000225172872888,-0.0006665167748,-0.00110101269092,0.00162375578657,-0.00156499934383,0.00217578304,-0.00106547400355,-0.0000473633444926],[-0.000102888203401,0.00122387486044,-0.000524406787008,-0.00098425836768,-0.000225172872888,0.00560024892911,-0.00220775301568,0.000558101572096,-0.000476078741485,0.00119834544603,-0.000901131774299,-0.000495354528539,0.00173621345311],[0.000225227093324,-0.00128979072906,0.000759745133109,0.000635678239632,-0.0006665167748,-0.00220775301568,0.00796779617667,-0.00344158150256,0.00247109611519,-0.000302868866129,0.000316560413921,0.00123882957269,0.00103991758078],[-0.000305029505398,0.00229165842757,-0.000974003865849,0.00101887865458,-0.00110101269092,0.000558101572096,-0.00344158150256,0.0127118816599,-0.00725399609655,0.00431429268792,-0.00313402316533,0.00101935537532,-0.00140094035305],[0.000596300233155,-0.00282334606163,0.00158551824279,-0.00189352221787,0.00162375578657,-0.000476078741485,0.00247109611519,-0.00725399609655,0.0171497128904,-0.0105051454157,0.0055143549107,-0.00266624917276,0.00279744295403],[-0.000594229612034,0.00369574106298,-0.00205841194838,0.00205859960988,-0.00156499934383,0.00119834544603,-0.000302868866129,0.00431429268792,-0.0105051454157,0.0200287364423,-0.00901520904154,0.00340735353529,-0.00161920092069],[0.000659505196381,-0.00334692699835,0.00255297706462,-0.00197675195523,0.00217578304,-0.000901131774299,0.000316560413921,-0.00313402316533,0.0055143549107,-0.00901520904154,0.0210245307535,-0.0113523779437,0.00405775103718],[-0.000457466638181,0.00245167198591,-0.00189749582205,0.002985089086,-0.00106547400355,-0.000495354528539,0.00123882957269,0.00101935537532,-0.00266624917276,0.00340735353529,-0.0113523779437,0.021494448185,-0.00603859452531],[0.000439523457317,-0.00124154193327,0.00120495934971,-0.00196504034102,-0.0000473633444926,0.00173621345311,0.00103991758078,-0.00140094035305,0.00279744295403,-0.00161920092069,0.00405775103718,-0.00603859452531,0.0141069684178]],"mean":[0.0846950933337,75.7964477539,-116.60369873,38.315738678,-50.2585906982,17.519733429,-34.6345825195,5.0414056778,-23.6080989838,-2.94506049156,-21.6196861267,-1.44578254223,-15.7706289291]},"hfc":{"dmean":6.9843120575,"dmean2":9.97410964966,"dvar":120.910324097,"dvar2":253.610488892,"max":156.396133423,"mean":23.2730865479,"median":17.5100860596,"min":4.52465997114e-7,"var":442.134887695},"melbands":{"dmean":[0.000710698252078,0.00147070782259,0.000742428179365,0.000390796747524,0.000184986449312,0.000151469415869,0.000139425188536,0.000126707396703,0.000144302946865,0.000080574885942,0.0000807491960586,0.0000621864091954,0.0000428144994657,0.0000677877178532,0.0000485384916828,0.0000434556641267,0.0000424050558649,0.000028900889447,0.0000235604693444,0.0000268561179837,0.0000182152289199,0.0000180167826329,0.0000117082963698,0.0000079408810052,0.00000941457165027,0.00000901716884982,0.00000671973657518,0.00000381573590857,0.00000337235633197,0.00000325015798808,0.00000309602705784,0.00000322880509884,0.00000339003167937,0.00000237729864239,0.00000150333653437,0.0000011475951851,9.59103431342e-7,8.46150385314e-7,7.7087935324e-7,5.70775000597e-7],"dmean2":[0.00117734912783,0.00268702534959,0.00127019698266,0.000641070597339,0.000303259002976,0.00024991625105,0.000225238545681,0.000197603061679,0.00022746626928,0.000123025020002,0.000129698397359,0.000097200361779,0.0000680507801007,0.000105158644146,0.0000769786784076,0.000068946457759,0.0000656823613099,0.0000461869458377,0.0000372817885363,0.0000423442033934,0.0000291201649816,0.0000289938525384,0.000018917477064,0.0000128535857584,0.0000151763561007,0.0000141763403008,0.0000105727904156,0.00000629856822343,0.00000556260010853,0.00000524774759469,0.00000470169334221,0.00000494794903716,0.00000513082886755,0.00000356461669071,0.00000218982404476,0.00000167625785252,0.00000143057184232,0.00000126060774619,0.00000112501538752,8.29507655453e-7],"dvar":[0.000002566642479,0.0000145864150909,0.00000162928392911,5.04986815031e-7,1.60965754503e-7,1.30550176891e-7,9.29818995132e-8,8.70409024856e-8,1.38044200071e-7,3.33517533591e-8,2.97592492871e-8,1.61173101532e-8,7.05935887524e-9,3.78365463405e-8,1.72430016931e-8,1.27133459316e-8,7.518107914e-9,3.16747583717e-9,2.70933742108e-9,3.44162165433e-9,9.42074418475e-10,9.21289822209e-10,3.5211400462e-10,1.82822756933e-10,2.16238069117e-10,3.29465760229e-10,2.27000501729e-10,6.32040253468e-11,6.6259789322e-11,4.94519182548e-11,3.71109462605e-11,3.5413727506e-11,3.57491779235e-11,1.68063497147e-11,7.65928639956e-12,4.42799529682e-12,3.34754598173e-12,3.8563605434e-12,4.2643753112e-12,2.60009917243e-12],"dvar2":[0.00000664787785354,0.0000416823459091,0.00000438580991613,0.00000131813749249,4.14744420141e-7,3.54156753701e-7,2.40602446411e-7,2.16464741243e-7,3.21751059573e-7,7.56649285449e-8,7.60329470495e-8,3.81088973711e-8,1.71963527862e-8,9.26502607967e-8,4.1678770657e-8,3.19078985456e-8,1.80683006334e-8,7.41600114651e-9,6.45663300602e-9,7.98541854863e-9,2.40819697517e-9,2.31601671175e-9,8.84810558155e-10,4.70642302908e-10,5.25242682681e-10,7.21077031418e-10,5.31876931387e-10,1.63456193025e-10,1.76459430401e-10,1.24685470282e-10,8.14054171294e-11,7.64795032859e-11,7.75311342904e-11,3.52398700498e-11,1.58601361211e-11,9.17379974069e-12,7.29996358501e-12,8.67455586528e-12,9.1203346958e-12,6.07637030969e-12],"max":[0.0137675907463,0.0342086441815,0.0156818795949,0.0124733420089,0.0065807797946,0.00465373601764,0.00674673775211,0.00774109503254,0.0081919580698,0.00406137527898,0.00387904420495,0.00341921648942,0.00157035002485,0.00687580090016,0.00443618930876,0.00259211705998,0.00298228021711,0.00108327576891,0.00122190837283,0.00217667012475,0.000670424895361,0.000787101278547,0.000388968968764,0.000327452115016,0.000287763454253,0.000542069377843,0.000453051528893,0.000136346803629,0.000351709517417,0.000155173780513,0.0000964521241258,0.0000916136414162,0.000117042982311,0.0000766237499192,0.0000627516783425,0.0000581240856263,0.0000571109740122,0.0000403830927098,0.0000494961022923,0.0000479006084788],"mean":[0.000742957287002,0.00138208968565,0.00113578338642,0.000614062475506,0.000266353687039,0.000204989861231,0.000218609289732,0.000198212539544,0.000222411865252,0.000135536552989,0.000132951943669,0.00011230284872,0.0000728243030608,0.00011579508282,0.0000747637532186,0.0000747865997255,0.0000787097524153,0.0000491599457746,0.0000364385632565,0.0000404795573559,0.0000328256064677,0.0000312526572088,0.0000210372127185,0.0000148227645695,0.0000178145764949,0.0000169654140336,0.0000130347279992,0.00000683939379087,0.0000059898343352,0.00000608846494288,0.00000626565270068,0.00000719460331311,0.00000787413773651,0.0000051311203606,0.00000315183251587,0.00000246351737587,0.00000207779953598,0.00000164021787441,0.00000134969536703,9.00101838397e-7],"median":[0.000223404291319,0.000586022855714,0.000802491267677,0.000377865479095,0.000127564999275,0.000070430112828,0.0000706776118022,0.0000686533967382,0.0000356406926585,0.000036240562622,0.0000408826890634,0.0000375636627723,0.0000260352771875,0.0000345180815202,0.0000206008789974,0.0000170645143953,0.0000258171639871,0.0000191054969036,0.0000163345575857,0.0000183232150448,0.0000179944399861,0.0000180760434887,0.0000121637367556,0.00000934850959311,0.0000103273669083,0.00000721923152014,0.00000526206986251,0.00000328344845002,0.00000259115540757,0.00000270491455012,0.00000262984985966,0.00000281144320979,0.00000302760258819,0.00000244264037974,0.00000145848548527,0.00000111720669338,9.61777459452e-7,6.6890834205e-7,4.51912910648e-7,3.12746351483e-7],"min":[9.90312324332e-13,1.55129977874e-12,1.4860244979e-11,1.3318996947e-11,9.16432728315e-13,5.98248664149e-13,3.31189421591e-13,1.86290951198e-13,1.049885954e-13,3.84352489072e-13,1.723695107e-13,9.80061165686e-14,1.83109644526e-13,7.83559076455e-14,4.64673160789e-14,1.10281648383e-14,2.15852133395e-14,4.36269096749e-14,3.84621906535e-14,5.95551372432e-14,2.61556743739e-14,4.29725259012e-14,6.39659088501e-14,2.9106708363e-14,4.68315809038e-14,6.79709313465e-14,1.61983497633e-14,2.30412341767e-14,1.15610120896e-14,4.19576753983e-14,5.52602194147e-14,2.10313334131e-14,4.06924656731e-14,3.296921926e-14,4.54058584351e-14,3.40458591224e-14,3.46000490628e-14,4.03381212981e-14,6.65986431042e-14,4.91393763787e-14],"var":[0.00000233836067309,0.00000932055900194,0.0000016845473283,6.26700284556e-7,1.88367081932e-7,1.4026814199e-7,1.5093581851e-7,1.35117460331e-7,3.08246427494e-7,8.35473628058e-8,5.92377809028e-8,4.0719260852e-8,1.53470764985e-8,8.54524984106e-8,3.23325970442e-8,2.98092821538e-8,2.25685283795e-8,6.98965818557e-9,4.41699432585e-9,5.47034240128e-9,2.30144836522e-9,1.82970627538e-9,7.49796225108e-10,3.42827960464e-10,5.1286386249e-10,8.44472658468e-10,5.92476290251e-10,1.06294438529e-10,8.79354575267e-11,8.53429965586e-11,8.96334950706e-11,1.1520536608e-10,1.43549769294e-10,5.00089171462e-11,2.19492861386e-11,1.329600232e-11,9.54978804368e-12,7.99952205172e-12,8.04297860951e-12,3.46721544704e-12]},"melbands_crest":{"dmean":3.33408427238,"dmean2":5.5661315918,"dvar":9.353474617,"dvar2":24.8142299652,"max":32.0247459412,"mean":12.9471855164,"median":12.3091650009,"min":3.32140207291,"var":22.155878067},"melbands_flatness_db":{"dmean":0.0288116447628,"dmean2":0.0441762879491,"dvar":0.00107459560968,"dvar2":0.00244601629674,"max":0.6263230443,"mean":0.174450665712,"median":0.156815201044,"min":0.0191924292594,"var":0.00655525177717},"melbands_kurtosis":{"dmean":9.99791145325,"dmean2":16.5175743103,"dvar":532.264587402,"dvar2":1348.75146484,"max":531.594665527,"mean":14.42166996,"median":4.9276971817,"min":-1.88654708862,"var":786.702636719},"melbands_skewness":{"dmean":0.932880282402,"dmean2":1.48059689999,"dvar":1.62171268463,"dvar2":3.96675300598,"max":16.6644363403,"mean":2.646058321,"median":2.09087467194,"min":-2.76427054405,"var":4.02540159225},"melbands_spread":{"dmean":9.72904872894,"dmean2":15.0080528259,"dvar":195.635864258,"dvar2":458.605621338,"max":308.860931396,"mean":31.5271587372,"median":29.8931007385,"min":0.389973789454,"var":437.238128662},"mfcc":{"cov":[[9253.36132812,-974.815429688,-491.272644043,-407.619750977,-628.270690918,-157.128433228,-367.548858643,-151.057479858,-281.462890625,-44.4259796143,55.847442627,-32.1590423584,33.2232398987],[-974.815429688,1545.97155762,-516.122924805,152.345794678,24.9501266479,-82.7670059204,131.38885498,48.2910995483,25.6849212646,-71.8287200928,-39.2222251892,-29.7032833099,-49.1024436951],[-491.272644043,-516.122924805,1000.12567139,-22.1234893799,95.8309555054,97.9489212036,-73.5063552856,-12.6368694305,0.703099250793,43.6032333374,-0.739165008068,32.86460495,47.6731147766],[-407.619750977,152.345794678,-22.1234893799,328.724578857,133.224060059,20.4008731842,32.9035415649,-6.99523067474,52.6487350464,9.68752193451,-50.161945343,-20.4657783508,9.18956375122],[-628.270690918,24.9501266479,95.8309555054,133.224060059,299.901763916,77.4980010986,38.6917610168,14.8680324554,45.948387146,20.8991394043,-25.6214103699,-12.5269508362,3.36390709877],[-157.128433228,-82.7670059204,97.9489212036,20.4008731842,77.4980010986,195.066513062,67.4258117676,30.9054470062,10.1800489426,15.6144247055,21.7946128845,-5.47732877731,-13.4428567886],[-367.548858643,131.38885498,-73.5063552856,32.9035415649,38.6917610168,67.4258117676,220.965988159,78.3326568604,39.0717201233,-14.3673591614,-4.05993461609,-1.03471708298,-27.2940635681],[-151.057479858,48.2910995483,-12.6368694305,-6.99523067474,14.8680324554,30.9054470062,78.3326568604,143.389328003,29.1757030487,6.16347312927,22.827999115,14.1004362106,-12.7593345642],[-281.462890625,25.6849212646,0.703099250793,52.6487350464,45.948387146,10.1800489426,39.0717201233,29.1757030487,126.437942505,34.94921875,-18.9332542419,-4.7612361908,-7.6539144516],[-44.4259796143,-71.8287200928,43.6032333374,9.68752193451,20.8991394043,15.6144247055,-14.3673591614,6.16347312927,34.94921875,97.6218948364,42.0439834595,-0.093108676374,-1.9642329216],[55.847442627,-39.2222251892,-0.739165008068,-50.161945343,-25.6214103699,21.7946128845,-4.05993461609,22.827999115,-18.9332542419,42.0439834595,111.420707703,26.4269256592,-12.0853004456],[-32.1590423584,-29.7032833099,32.86460495,-20.4657783508,-12.5269508362,-5.47732877731,-1.03471708298,14.1004362106,-4.7612361908,-0.093108676374,26.4269256592,76.4101867676,24.8860874176],[33.2232398987,-49.1024436951,47.6731147766,9.18956375122,3.36390709877,-13.4428567886,-27.2940635681,-12.7593345642,-7.6539144516,-1.9642329216,-12.0853004456,24.8860874176,84.5953445435]],"icov":[[0.000156608890393,0.000117864903586,0.000133121633553,0.0000218528366531,0.000241610803641,-0.0000619876082055,0.000181290452019,-0.0000377071773983,0.00020111669437,-0.0000177483379957,0.0000664761173539,0.000107983105408,-0.0000416237817262],[0.000117864903586,0.000981272780336,0.000457825546619,-0.000351861643139,0.0000547493436898,0.000379227829399,-0.000202470255317,-0.000191234707017,0.000129273423227,0.000511549354997,-0.0000861703156261,0.000172895292053,0.000227815879043],[0.000133121633553,0.000457825546619,0.00147506431676,0.000135550624691,-0.000172947839019,-0.000650644535199,0.000602485262789,-0.000157008078531,0.000257881969446,-0.000381558027584,0.000573860714212,-0.000480464106658,-0.000320540566463],[0.0000218528366531,-0.000351861643139,0.000135550624691,0.00429646717384,-0.0015292307362,-0.000148391656694,-0.000200177106308,0.000545336690266,-0.000775003863964,-0.000777329725679,0.00137633353006,0.000296332873404,-0.000679754070006],[0.000241610803641,0.0000547493436898,-0.000172947839019,-0.0015292307362,0.00516721745953,-0.00166204699781,0.000224128860282,-0.000268463685643,-0.000254615792073,-0.000717364368029,0.000912068411708,0.000314008357236,-0.000239058877924],[-0.0000619876082055,0.000379227829399,-0.000650644535199,-0.000148391656694,-0.00166204699781,0.00737524917349,-0.00245991395786,-0.000178701448021,0.000409380998462,0.0000994728616206,-0.00198341719806,0.00118130771443,0.000453181186458],[0.000181290452019,-0.000202470255317,0.000602485262789,-0.000200177106308,0.000224128860282,-0.00245991395786,0.00742757506669,-0.00301253004,-0.00122192152776,0.00149659870658,0.000644413754344,-0.000484487449285,0.00119454646483],[-0.0000377071773983,-0.000191234707017,-0.000157008078531,0.000545336690266,-0.000268463685643,-0.000178701448021,-0.00301253004,0.00957059115171,-0.00191156438086,0.000483537471155,-0.00208493927494,-0.00123216025531,0.000289764167974],[0.00020111669437,0.000129273423227,0.000257881969446,-0.000775003863964,-0.000254615792073,0.000409380998462,-0.00122192152776,-0.00191156438086,0.0119370874017,-0.00612702965736,0.00454062502831,-0.0010965729598,0.00123655539937],[-0.0000177483379957,0.000511549354997,-0.000381558027584,-0.000777329725679,-0.000717364368029,0.0000994728616206,0.00149659870658,0.000483537471155,-0.00612702965736,0.0171136446297,-0.00871172640473,0.0029688871,-0.00107143959031],[0.0000664761173539,-0.0000861703156261,0.000573860714212,0.00137633353006,0.000912068411708,-0.00198341719806,0.000644413754344,-0.00208493927494,0.00454062502831,-0.00871172640473,0.0164141785353,-0.00596243422478,0.00330046052113],[0.000107983105408,0.000172895292053,-0.000480464106658,0.000296332873404,0.000314008357236,0.00118130771443,-0.000484487449285,-0.00123216025531,-0.0010965729598,0.0029688871,-0.00596243422478,0.0177898928523,-0.00598587747663],[-0.0000416237817262,0.000227815879043,-0.000320540566463,-0.000679754070006,-0.000239058877924,0.000453181186458,0.00119454646483,0.000289764167974,0.00123655539937,-0.00107143959031,0.00330046052113,-0.00598587747663,0.0150540964678]],"mean":[-640.45300293,103.773986816,-3.11481714249,24.6965656281,7.43241739273,13.1579847336,-0.612838327885,8.58627319336,0.277170568705,-0.0391340702772,-0.569604158401,-4.12674236298,-3.03350710869]},"pitch_salience":{"dmean":0.0717825740576,"dmean2":0.117896534503,"dvar":0.00436395779252,"dvar2":0.0117270154878,"max":0.899541735649,"mean":0.564074337482,"median":0.569608211517,"min":0.140849873424,"var":0.0105286426842},"silence_rate_20dB":{"dmean":0,"dmean2":0,"dvar":0,"dvar2":0,"max":1,"mean":1,"median":1,"min":1,"var":0},"silence_rate_30dB":{"dmean":0.000167322010384,"dmean2":0.000334672018653,"dvar":0.000167290301761,"dvar2":0.000334545125952,"max":1,"mean":0.999832689762,"median":1,"min":0,"var":0.000167276302818},"silence_rate_60dB":{"dmean":0.0332970805466,"dmean2":0.0665997341275,"dvar":0.0321825891733,"dvar2":0.0728852748871,"max":1,"mean":0.0629078149796,"median":0,"min":0,"var":0.0589581653476},"spectral_centroid":{"dmean":296.96206665,"dmean2":452.525299072,"dvar":120929.515625,"dvar2":249438.75,"max":10900.4960938,"mean":1600.50744629,"median":1621.62585449,"min":117.18850708,"var":424601.21875},"spectral_complexity":{"dmean":4.19509744644,"dmean2":6.13821935654,"dvar":24.22631073,"dvar2":43.6333351135,"max":62,"mean":19.7393341064,"median":18,"min":0,"var":147.744369507},"spectral_contrast_coeffs":{"dmean":[0.0550205595791,0.0520096160471,0.0426963604987,0.0359681807458,0.0258814487606,0.0205029863864],"dmean2":[0.0904737338424,0.0830113887787,0.067447334528,0.0560848265886,0.0400875024498,0.0319858454168],"dvar":[0.00231695012189,0.00208651437424,0.00125637010206,0.000911340117455,0.000538826163393,0.000410774897318],"dvar2":[0.00611687544733,0.00502914143726,0.00299492361955,0.0020153617952,0.00116786744911,0.000941081321798],"max":[-0.340413928032,-0.358363211155,-0.441358417273,-0.515229821205,-0.550944268703,-0.557096004486],"mean":[-0.629993081093,-0.726244151592,-0.7583745718,-0.768177807331,-0.777394890785,-0.746203482151],"median":[-0.625453412533,-0.732582986355,-0.767166137695,-0.77329826355,-0.780886650085,-0.744189381599],"min":[-0.975780129433,-0.959427535534,-0.955090403557,-0.953766822815,-0.961094796658,-0.960382699966],"var":[0.00600063242018,0.00813541188836,0.00607840949669,0.00414007576182,0.002748595085,0.00214079860598]},"spectral_contrast_valleys":{"dmean":[0.465079754591,0.459600687027,0.406252741814,0.407675087452,0.345375478268,0.286844909191],"dmean2":[0.733495354652,0.719074785709,0.621523201466,0.605518579483,0.496181219816,0.376686275005],"dvar":[0.182789981365,0.238823488355,0.171944096684,0.177443191409,0.16606657207,0.120110087097],"dvar2":[0.394095987082,0.526086091995,0.344562262297,0.339356154203,0.307399898767,0.197703719139],"max":[-5.16069364548,-4.14468050003,-5.16367578506,-5.4734172821,-5.4015045166,-7.74691104889],"mean":[-7.36810588837,-7.23461723328,-7.4791636467,-7.69913768768,-7.56175613403,-10.0283918381],"median":[-7.26777076721,-7.14129829407,-7.34206962585,-7.51480674744,-7.34651756287,-9.66540908813],"min":[-26.9981536865,-27.1295471191,-27.4879207611,-27.5729026794,-27.2029972076,-27.2874622345],"var":[0.845340311527,1.21510374546,1.22518658638,1.22036886215,1.34194135666,1.88026475906]},"spectral_decrease":{"dmean":2.55512033753e-9,"dmean2":4.1932963768e-9,"dvar":1.87275576654e-17,"dvar2":4.97634404228e-17,"max":-2.77804241212e-17,"mean":-5.4494257995e-9,"median":-4.36393232661e-9,"min":-4.11315070892e-8,"var":2.24506463173e-17},"spectral_energy":{"dmean":0.0101139005274,"dmean2":0.0164587236941,"dvar":0.000282288528979,"dvar2":0.000745670229662,"max":0.159345418215,"mean":0.0226783677936,"median":0.0182099454105,"min":1.45889883507e-10,"var":0.000366675725672},"spectral_energyband_high":{"dmean":0.00047343201004,"dmean2":0.000661234254949,"dvar":7.03652176526e-7,"dvar2":0.00000135294010306,"max":0.0141015723348,"mean":0.00126374245156,"median":0.000666680163704,"min":2.95227661762e-11,"var":0.00000232719708038},"spectral_energyband_low":{"dmean":0.00639914069325,"dmean2":0.0111719220877,"dvar":0.000227805765462,"dvar2":0.000628907175269,"max":0.13091775775,"mean":0.00727903842926,"median":0.00363490520976,"min":2.39026558962e-11,"var":0.000171197490999},"spectral_energyband_middle_high":{"dmean":0.00206017005257,"dmean2":0.00312553532422,"dvar":0.0000101852556327,"dvar2":0.0000242716032517,"max":0.0646041557193,"mean":0.00621946481988,"median":0.00417192839086,"min":7.44251014984e-12,"var":0.0000424877071055},"spectral_energyband_middle_low":{"dmean":0.00412626983598,"dmean2":0.00657191639766,"dvar":0.0000425279176852,"dvar2":0.000108368636575,"max":0.0668000653386,"mean":0.00936709903181,"median":0.00770408473909,"min":9.23193604896e-11,"var":0.0000675460396451},"spectral_entropy":{"dmean":0.160946160555,"dmean2":0.22953723371,"dvar":0.0312670134008,"dvar2":0.0601937994361,"max":9.79957199097,"mean":7.71961021423,"median":7.83395385742,"min":4.48537778854,"var":0.266429960728},"spectral_flux":{"dmean":0.0292513649911,"dmean2":0.0446541458368,"dvar":0.00148191442713,"dvar2":0.00292340153828,"max":0.357423275709,"mean":0.0840543732047,"median":0.0719246342778,"min":0.00000937452477956,"var":0.00282781780697},"spectral_kurtosis":{"dmean":1.49356377125,"dmean2":2.4563267231,"dvar":8.29651641846,"dvar2":22.3146724701,"max":82.1971130371,"mean":3.94210028648,"median":2.63852477074,"min":-1.2567230463,"var":32.4586029053},"spectral_rms":{"dmean":0.000937506556511,"dmean2":0.00145289488137,"dvar":0.0000015975496126,"dvar2":0.00000401682655138,"max":0.0124683175236,"mean":0.0043185595423,"median":0.00421494944021,"min":3.77268605689e-7,"var":0.00000347526474798},"spectral_rolloff":{"dmean":731.619934082,"dmean2":1186.02734375,"dvar":1366285.875,"dvar2":3144555.25,"max":14211.9140625,"mean":2007.20666504,"median":1744.18945312,"min":64.599609375,"var":2670042.5},"spectral_skewness":{"dmean":0.216606795788,"dmean2":0.339116573334,"dvar":0.0725881457329,"dvar2":0.180757805705,"max":7.20981264114,"mean":1.36163461208,"median":1.25218009949,"min":-0.229913145304,"var":0.352610081434},"spectral_spread":{"dmean":622949.125,"dmean2":912999.8125,"dvar":630839115776,"dvar2":1222029344770,"max":38932860,"mean":5048854.5,"median":4940004,"min":885109.375,"var":3147703779330},"spectral_strongpeak":{"dmean":0.577700197697,"dmean2":0.996525228024,"dvar":0.95510661602,"dvar2":2.40953755379,"max":12.089884758,"mean":0.888424098492,"median":0.407664000988,"min":0,"var":1.5298448801},"zerocrossingrate":{"dmean":0.0132306935266,"dmean2":0.0153594929725,"dvar":0.000236036488786,"dvar2":0.000292420998449,"max":0.451171875,"mean":0.079046048224,"median":0.0751953125,"min":0.0029296875,"var":0.00151124794502}},"metadata":{"audio_properties":{"analysis_sample_rate":44100,"bit_rate":0,"codec":"flac","downmix":"mix","equal_loudness":0,"length":277.546661377,"lossless":true,"md5_encoded":"cb469ae6ed470e9a9d1357ad97d9e095","replay_gain":-15.8594608307},"tags":{"album":["Stadium Arcadium"],"albumartist":["Red Hot Chili Peppers"],"albumartistsort":["Red Hot Chili Peppers"],"albumsort":["Stadium Arcadium (2006-05-09, Red Hot Chili Peppers, a8622fc1-5f1c-4297-a3ce-241dc4f6e779)"],"artist":["Red Hot Chili Peppers"],"artists":["Red Hot Chili Peppers"],"artistsort":["Red Hot Chili Peppers"],"asin":["B000EMGAOY"],"barcode":["093624999621"],"catalognumber":["49996-2"],"date":["2006-05-09"],"discnumber":["1"],"discsubtitle":["Jupiter"],"disctotal":["2"],"engineer":["Chris Holmes","Dana Nielsen","Jason Lader"],"file_name":"1-03 - Red Hot Chili Peppers - Charlie.flac","genre":["Alternative Rock"],"isrc":["USWB10601592"],"label":["Warner Bros. Records"],"language":["eng"],"media":["CD"],"mixer":["Ryan Hewitt","Andrew Scheps","Sara Lyn Killion"],"musicbrainz_albumartistid":["8bfac288-ccc5-448d-9573-c33ea2aa5c30"],"musicbrainz_albumid":["a8622fc1-5f1c-4297-a3ce-241dc4f6e779"],"musicbrainz_artistid":["8bfac288-ccc5-448d-9573-c33ea2aa5c30"],"musicbrainz_recordingid":["31e5ce2d-bc19-4e2c-a0c5-d56b9895a265"],"musicbrainz_releasegroupid":["19181d75-deda-366e-ace5-622293be9ef0"],"musicbrainz_releasetrackid":["abbcc1f8-080a-3503-90f3-2ec7a93eca11"],"musicbrainz_workid":["e43720e1-daaf-4ef3-a01c-856d5af5a687"],"musicip_puid":["588b8508-2520-066c-bf36-9a55860bc285"],"originaldate":["2006-05-05"],"producer":["Rick Rubin"],"releasecountry":["US"],"releasestatus":["official"],"releasetype":["album"],"replaygain_album_gain":["-10.84 dB"],"replaygain_album_peak":["1.00000000"],"replaygain_track_gain":["-10.73 dB"],"replaygain_track_peak":["1.00000000"],"script":["Latn"],"title":["Cha