{"lowlevel":{"average_loudness":0.95273733139,"barkbands":{"dmean":[0.00637840759009,0.0110417483374,0.00842299964279,0.0015244949609,0.001730041462,0.00158270739485,0.00108031078707,0.000762469135225,0.000680646742694,0.00106881489046,0.0012162172934,0.00115021469537,0.000807012489531,0.00061167642707,0.000503900286276,0.000398986448999,0.000177091365913,0.000148478458868,0.0000972354755504,0.0000736522561056,0.0000742264601286,0.0000575806006964,0.00002936144665,0.000019690111003,0.00000307705840896,0.0000315220822813,0.000314368167892],"dmean2":[0.0110492240638,0.0185370184481,0.0144110741094,0.00259486190043,0.00288267689757,0.00261318311095,0.0018005798338,0.0012387529714,0.00111714180093,0.00175634934567,0.00194634194486,0.00192524539307,0.00134545809124,0.00101711158641,0.000821797526442,0.000680813216604,0.000283938657958,0.000230171513977,0.000150866195327,0.000113698690257,0.000113131020044,0.0000850676879054,0.0000418298222939,0.0000268139483524,0.0000050698463383,0.0000416213806602,0.000500899099279],"dvar":[0.000116961833555,0.000204513111385,0.000211257531191,0.00000510218160343,0.0000110295295599,0.0000207139164559,0.00000782970528235,0.00000297828455587,0.0000014708297158,0.00000279921141555,0.00000382142434319,0.00000186905595001,8.15781731944e-7,4.73449091487e-7,3.71996947024e-7,4.4457220838e-7,5.80933985361e-8,4.13762712981e-8,1.96226341842e-8,1.75621881482e-8,3.08090797319e-8,2.78078164939e-8,1.97691174542e-9,1.09558906392e-9,2.00279029472e-11,2.70020006354e-9,1.06446691461e-7],"dvar2":[0.000305438647047,0.000539528322406,0.000541265762877,0.0000131263959702,0.0000274263966276,0.0000545608672837,0.0000204848638532,0.00000741145731809,0.00000377341825697,0.00000679565937389,0.00000953190010478,0.000005017714102,0.00000220822130359,0.00000128674878397,9.53803805714e-7,0.00000123194570278,1.43026554156e-7,9.76729808144e-8,4.659009889e-8,3.78254867428e-8,6.94763997444e-8,6.72533602142e-8,3.95280475018e-9,1.93851090735e-9,4.86937955235e-11,4.42088632369e-9,2.93713014798e-7],"max":[0.111062735319,0.207508355379,0.159490078688,0.0368086770177,0.0704824626446,0.0875558704138,0.0533863045275,0.0505634918809,0.0307741370052,0.0338890179992,0.0488080121577,0.0263842176646,0.0148561783135,0.00870748050511,0.00906047970057,0.0132682975382,0.00466816639528,0.00301139662042,0.00388357136399,0.00535939633846,0.00558379292488,0.00699551124126,0.00113029102795,0.000504182244185,0.0000647267879685,0.00147793628275,0.00661305338144],"mean":[0.00519529171288,0.0132154049352,0.00872412696481,0.00179635640234,0.00219906587154,0.00200577219948,0.00141305662692,0.00106006255373,0.00101846049074,0.00153838377446,0.00174942892045,0.00189189449884,0.00143162463792,0.00110789458267,0.000887590809725,0.000554727565031,0.00030384308775,0.000272392615443,0.000212360202568,0.000164159820997,0.000166651021573,0.000125647784444,0.0000644944884698,0.0000361987404176,0.00000335003733198,0.0000667281565256,0.00116792554036],"median":[0.00139412446879,0.00807620584965,0.00396894430742,0.000970251276158,0.00109169096686,0.000583817367442,0.000563708425034,0.000526339630596,0.000624643580522,0.000927821150981,0.00109393976163,0.00149053323548,0.00116414250806,0.000902908621356,0.000686290790327,0.000366056134226,0.000206075143069,0.000178074507858,0.000146225313074,0.00011837038619,0.000120249256724,0.0000874433462741,0.0000430077125202,0.0000190269165614,0.00000158564080266,0.000038322104956,0.00116843683645],"min":[9.53363787914e-9,7.78107178689e-9,1.12566145294e-9,2.45869158366e-10,1.14169354526e-10,1.2954115558e-10,9.68317162564e-11,5.74921360519e-12,2.68240048229e-11,9.01424941635e-12,1.27978573919e-11,9.74137853715e-11,1.00962439797e-10,8.34239413661e-11,3.26984307686e-11,6.6434996393e-11,3.92840933394e-11,2.63643967768e-11,3.0554427044e-11,3.24065357882e-11,2.47397553832e-11,4.54669739358e-11,4.34766320168e-11,6.40346109471e-11,5.76525806262e-12,1.12356068893e-10,3.59310137199e-10],"var":[0.0000965057624853,0.000246752402745,0.000202040057047,0.00000634131447441,0.0000147248292706,0.0000278747138509,0.000010402353837,0.0000047043304221,0.00000207280322684,0.00000403987587561,0.00000559198315386,0.0000028379631658,0.00000146314664562,8.93793071555e-7,6.6738670057e-7,4.17463837721e-7,9.67447562061e-8,8.37379801055e-8,4.89192402142e-8,4.25918571523e-8,5.4111342962e-8,3.98992767714e-8,5.25233323501e-9,2.56054444314e-9,2.39299708521e-11,7.13647363426e-9,6.2892729602e-7]},"barkbands_crest":{"dmean":3.46840000153,"dmean2":5.81869697571,"dvar":7.85452508926,"dvar2":20.5429515839,"max":24.7920017242,"mean":9.44296264648,"median":8.86736488342,"min":2.26710939407,"var":15.3017835617},"barkbands_flatness_db":{"dmean":0.0296260677278,"dmean2":0.0481786131859,"dvar":0.000672902911901,"dvar2":0.00175050331745,"max":0.434346854687,"mean":0.114144429564,"median":0.104552164674,"min":0.0228335727006,"var":0.00242702616379},"barkbands_kurtosis":{"dmean":3.7658624649,"dmean2":6.43507671356,"dvar":38.4120750427,"dvar2":105.066894531,"max":129.689483643,"mean":4.02515268326,"median":2.28342461586,"min":-1.72546613216,"var":44.8085746765},"barkbands_skewness":{"dmean":0.747506022453,"dmean2":1.23601138592,"dvar":0.521458983421,"dvar2":1.39951169491,"max":9.98529720306,"mean":1.71251690388,"median":1.54581904411,"min":-1.37563872337,"var":0.9683791399},"barkbands_spread":{"dmean":9.62046337128,"dmean2":15.4457893372,"dvar":66.0921096802,"dvar2":169.081924438,"max":93.1129455566,"mean":32.9548683167,"median":31.940322876,"min":1.3672388792,"var":211.091690063},"dissonance":{"dmean":0.0143219009042,"dmean2":0.0245633926243,"dvar":0.000254179874901,"dvar2":0.000712433306035,"max":0.5,"mean":0.480150848627,"median":0.485249072313,"min":0.272043764591,"var":0.000348203233443},"dynamic_complexity":2.09693312645,"erbbands":{"dmean":[0.436654925346,2.33837080002,9.29129600525,6.25881576538,4.93720149994,6.63167190552,8.44427013397,14.6065750122,16.0664463043,13.9866266251,16.7638187408,14.3445892334,23.2380218506,41.1248207092,46.0230064392,43.8254966736,37.4886131287,27.5625457764,27.8508205414,20.9752178192,21.3549499512,9.94836425781,8.32708644867,5.69412899017,4.55823230743,3.35278487206,3.55739235878,2.5511174202,2.12513232231,1.34523975849,0.770467638969,0.493987768888,0.261940389872,0.0506205521524,0.0220327991992,0.0584181211889,0.0723171532154,0.0447523966432,0.0160348899662,0.00695166969672],"dmean2":[0.75261759758,3.92639970779,15.9308423996,10.5555706024,8.22819042206,11.1724243164,13.6951084137,24.452091217,26.6066207886,22.9711723328,27.4027252197,23.4227371216,37.9242362976,66.3185119629,74.5219345093,73.1856842041,62.2874145508,45.5592498779,45.6417007446,34.5654144287,36.6471595764,15.9299030304,12.906545639,8.86987686157,7.0095949173,5.15759563446,5.50218200684,3.87745261192,3.15797257423,1.94740402699,1.0918006897,0.684969604015,0.362029463053,0.0777437835932,0.0358065403998,0.0805974751711,0.0969108790159,0.0597946718335,0.0222085379064,0.0109865516424],"dvar":[0.429931730032,10.4932146072,236.356704712,85.7655792236,81.6893539429,212.451522827,487.44128418,2274.70068359,1886.0423584,1092.33325195,1177.65856934,741.975646973,1354.33813477,4919.70458984,4197.40380859,2959.63598633,1684.89465332,949.794799805,1131.5916748,696.549621582,1426.00964355,180.981613159,130.538375854,69.6373138428,46.0877532959,42.4986419678,65.796333313,63.623790741,37.6345024109,5.44524240494,1.35501718521,0.648809611797,0.204454854131,0.00529938936234,0.000904837623239,0.0102725364268,0.0155730070546,0.00453983386979,0.000429829000495,0.0000457282803836],"dvar2":[1.17191100121,26.738286972,605.921630859,218.665740967,198.293304443,536.151550293,1174.90454102,6226.68701172,4759.37158203,2826.81713867,2954.79418945,1848.94506836,3273.57250977,11819.734375,10824.6015625,7976.33447266,4607.87988281,2494.37304688,2936.39916992,1845.26171875,3951.79516602,443.553253174,308.859313965,165.806625366,107.136657715,96.4883575439,154.509460449,159.44708252,89.3971557617,11.3769226074,2.64527630806,1.20514631271,0.362767100334,0.0116315484047,0.00220620958135,0.018191318959,0.0265004653484,0.00778517639264,0.000890934083145,0.000120844328194],"max":[9.70011615753,50.7852096558,170.778396606,127.609733582,174.209152222,390.911499023,509.021789551,1024.30981445,776.992797852,682.720336914,924.531799316,794.093261719,940.891601562,1586.26672363,2213.2878418,1334.26208496,705.702148438,503.287231445,559.86114502,427.447875977,745.562561035,223.061462402,152.619857788,215.659500122,199.459609985,235.546600342,298.175292969,389.04510498,252.139251709,61.1420669556,26.9271583557,13.1079082489,9.0736951828,1.73565077782,0.365156590939,2.19055223465,3.64166593552,1.49253749847,0.495131552219,0.172762349248],"mean":[0.43316963315,2.83559608459,9.88774394989,7.78090238571,6.069024086,7.99671030045,10.6184091568,18.6292533875,20.9313201904,20.020652771,24.1259841919,22.3464126587,36.3401145935,60.4693908691,74.5320892334,75.4153518677,68.8307647705,54.9778785706,54.2261810303,37.719707489,29.133813858,17.7239894867,15.32700634,12.0268096924,10.3994932175,7.61865949631,7.63965702057,5.65511798859,4.55399847031,3.0554060936,1.65170764923,0.940181195736,0.466811358929,0.0755453407764,0.0273855626583,0.102263920009,0.147958010435,0.124881714582,0.0597747787833,0.0339783392847],"median":[0.196171283722,1.64598655701,4.8531036377,4.42152118683,3.2000348568,3.72449874878,3.70594286919,5.46847581863,7.68641662598,9.50009918213,12.9008541107,13.9448623657,23.6969337463,35.6816444397,55.0837059021,60.7572250366,57.4427909851,46.1068763733,43.565071106,30.7777500153,18.2893199921,12.3171062469,10.1854934692,8.24225616455,7.80397033691,5.54794597626,5.37350416183,4.13638925552,3.20142555237,2.06029653549,1.08386874199,0.527461647987,0.235235214233,0.0460948087275,0.0155935147777,0.0522636063397,0.0809662342072,0.0919004976749,0.0531871393323,0.0365343876183],"min":[3.70342149836e-7,8.47089893341e-7,8.3134199258e-7,0.00000100745091913,3.77727047862e-7,5.09810604399e-7,5.43012106391e-7,0.00000126458189698,0.00000161611797012,6.93472259172e-7,9.31952826022e-8,5.62098819046e-7,5.54219354854e-7,2.41225279751e-7,0.00000112715304112,0.00000450177640232,0.00000477704497825,0.00000358987199434,0.00000252445533988,0.00000221219625018,0.00000323805943481,0.00000218765762838,0.00000146535592194,0.0000018435854372,0.00000175174079686,0.00000127434338992,6.83379710154e-7,0.00000122084895793,0.00000107493019641,0.00000214655801756,0.00000135922130085,0.00000182484541256,4.87994896048e-7,8.63463185397e-8,3.82827884948e-8,1.06264302246e-7,2.95120173632e-7,1.50315244696e-7,2.99883708976e-8,6.87695989043e-9],"var":[0.382079571486,13.0600128174,228.634658813,98.1330108643,97.6298217773,273.467590332,617.683288574,3024.07080078,2573.48681641,1618.85412598,1851.12463379,1070.55358887,1993.0625,7301.60498047,5612.16210938,4421.88623047,3078.77880859,1958.63635254,2253.24707031,1054.31970215,1285.73657227,310.930847168,257.031921387,157.957702637,115.174209595,90.9268951416,112.915817261,79.5641937256,56.1530456543,14.3142995834,3.46851396561,1.47040200233,0.475156337023,0.00948261655867,0.00115346733946,0.0235382504761,0.037795625627,0.0169407129288,0.00234278547578,0.000454111868748]},"erbbands_crest":{"dmean":2.24031186104,"dmean2":3.74367451668,"dvar":4.6740231514,"dvar2":12.1007194519,"max":26.6948432922,"mean":7.53252363205,"median":6.76190567017,"min":2.49622321129,"var":9.33709716797},"erbbands_flatness_db":{"dmean":0.019055660814,"dmean2":0.0288230646402,"dvar":0.000349840527633,"dvar2":0.000793153478298,"max":0.400017261505,"mean":0.132254779339,"median":0.125042960048,"min":0.0401675663888,"var":0.00174891843926},"erbbands_kurtosis":{"dmean":1.15226197243,"dmean2":1.87175095081,"dvar":3.21281027794,"dvar2":7.74234247208,"max":62.4209594727,"mean":1.4167112112,"median":0.986927628517,"min":-1.59279847145,"var":5.96864891052},"erbbands_skewness":{"dmean":0.355256766081,"dmean2":0.551221370697,"dvar":0.105970345438,"dvar2":0.243512839079,"max":5.93283176422,"mean":-0.0617404952645,"median":-0.111380949616,"min":-2.91643738747,"var":0.352308511734},"erbbands_spread":{"dmean":6.69946622849,"dmean2":10.6763782501,"dvar":36.692527771,"dvar2":90.7166290283,"max":123.759796143,"mean":26.3160057068,"median":25.1814613342,"min":1.91227018833,"var":118.181312561},"gfcc":{"cov":[[5140.75585938,-943.24041748,-314.713806152,194.508087158,76.2915878296,-365.663360596,-62.5597038269,-326.470489502,25.5962429047,-10.9995574951,22.0791683197,79.0344161987,-60.4595603943],[-943.24041748,946.81262207,-12.7567157745,-203.146347046,51.5144767761,65.7871704102,38.9700698853,103.687026978,-1.47488689423,10.3350715637,13.6035251617,-82.4215240479,76.7808380127],[-314.713806152,-12.7567157745,237.088577271,22.619934082,-83.718788147,124.217887878,-60.5363121033,63.6062698364,-38.2477226257,4.31043386459,-15.1665401459,16.8510684967,-13.5225639343],[194.508087158,-203.146347046,22.619934082,195.453659058,74.2343215942,-44.9598884583,25.9395923615,-33.788192749,7.52154636383,-10.8352203369,-15.2478628159,4.36086368561,-25.7618083954],[76.2915878296,51.5144767761,-83.718788147,74.2343215942,223.744979858,-10.5740127563,68.0164489746,-54.9219284058,37.6151313782,-6.70519208908,3.89903855324,-37.626373291,15.8009681702],[-365.663360596,65.7871704102,124.217887878,-44.9598884583,-10.5740127563,238.257003784,-8.07367610931,96.4144973755,-28.2810783386,0.0639136061072,-27.8323917389,1.52972340584,3.31031799316],[-62.5597038269,38.9700698853,-60.5363121033,25.9395923615,68.0164489746,-8.07367610931,122.396446228,-6.00326728821,39.2290611267,-0.690217375755,0.852484643459,-14.8297452927,-5.52472400665],[-326.470489502,103.687026978,63.6062698364,-33.788192749,-54.9219284058,96.4144973755,-6.00326728821,159.509490967,6.2142624855,21.8312702179,-8.20694255829,-2.27019906044,3.62410354614],[25.5962429047,-1.47488689423,-38.2477226257,7.52154636383,37.6151313782,-28.2810783386,39.2290611267,6.2142624855,85.845085144,36.1832733154,16.0897216797,-1.29238402843,-14.1670103073],[-10.9995574951,10.3350715637,4.31043386459,-10.8352203369,-6.70519208908,0.0639136061072,-0.690217375755,21.8312702179,36.1832733154,64.8404464722,32.0453567505,-1.45411229134,1.63835716248],[22.0791683197,13.6035251617,-15.1665401459,-15.2478628159,3.89903855324,-27.8323917389,0.852484643459,-8.20694255829,16.0897216797,32.0453567505,50.5222473145,18.104681015,14.4262828827],[79.0344161987,-82.4215240479,16.8510684967,4.36086368561,-37.626373291,1.52972340584,-14.8297452927,-2.27019906044,-1.29238402843,-1.45411229134,18.104681015,61.758026123,18.1199893951],[-60.4595603943,76.7808380127,-13.5225639343,-25.7618083954,15.8009681702,3.31031799316,-5.52472400665,3.62410354614,-14.1670103073,1.63835716248,14.4262828827,18.1199893951,67.3512115479]],"icov":[[0.000292066280963,0.000215779567952,0.000323615095112,0.0000740456016501,-0.000221808804781,0.000224605289986,0.000249240751145,0.00019596205675,0.000238389533479,-0.000415055896156,0.000374405557523,-0.000443743832875,0.000259814580204],[0.000215779567952,0.00245883315802,-0.00118701602332,0.0028190203011,-0.00142597290687,0.00124110514298,-0.000857384526171,-0.00143982726149,0.000194227919565,0.000891596719157,-0.000734047906008,0.00281976209953,-0.0020709768869],[0.000323615095112,-0.00118701602332,0.0115811582655,-0.0074918619357,0.0062407120131,-0.0075950557366,0.00468863639981,0.00186249124818,-0.00144261494279,0.0010870230617,-0.00396165624261,0.00159906654153,0.00038534583291],[0.0000740456016501,0.0028190203011,-0.0074918619357,0.0165587756783,-0.0118354270235,0.00962679181248,-0.00451637618244,-0.00421761116013,0.00770861608908,-0.00733254710212,0.0114303706214,-0.00916942954063,0.00566070340574],[-0.000221808804781,-0.00142597290687,0.0062407120131,-0.0118354270235,0.0179775543511,-0.0102494377643,0.00115794863086,0.00654970807955,-0.0121626248583,0.0116139408201,-0.0136265112087,0.0162174738944,-0.0101041141897],[0.000224605289986,0.00124110514298,-0.0075950557366,0.00962679181248,-0.0102494377643,0.0146645195782,-0.00386714772321,-0.00653140572831,0.00923746731132,-0.00895585212857,0.013126029633,-0.0102822864428,0.00477783661336],[0.000249240751145,-0.000857384526171,0.00468863639981,-0.00451637618244,0.00115794863086,-0.00386714772321,0.0136586399749,0.000889893097337,-0.00705009792,0.00514892442152,-0.00417860597372,0.00291572953574,-0.0000916663848329],[0.00019596205675,-0.00143982726149,0.00186249124818,-0.00421761116013,0.00654970807955,-0.00653140572831,0.000889893097337,0.0125800939277,-0.00527275446802,-0.000637161603663,-0.000754576933105,0.00345163140446,-0.00310206157155],[0.000238389533479,0.000194227919565,-0.00144261494279,0.00770861608908,-0.0121626248583,0.00923746731132,-0.00705009792,-0.00527275446802,0.031473390758,-0.0236580707133,0.0145193003118,-0.0178829729557,0.0136532867327],[-0.000415055896156,0.000891596719157,0.0010870230617,-0.00733254710212,0.0116139408201,-0.00895585212857,0.00514892442152,-0.000637161603663,-0.0236580707133,0.0473647750914,-0.0362966954708,0.0248987805098,-0.0108560044318],[0.000374405557523,-0.000734047906008,-0.00396165624261,0.0114303706214,-0.0136265112087,0.013126029633,-0.00417860597372,-0.000754576933105,0.0145193003118,-0.0362966954708,0.0576404705644,-0.0302670430392,0.00673284148797],[-0.000443743832875,0.00281976209953,0.00159906654153,-0.00916942954063,0.0162174738944,-0.0102822864428,0.00291572953574,0.00345163140446,-0.0178829729557,0.0248987805098,-0.0302670430392,0.0468026250601,-0.020520908758],[0.000259814580204,-0.0020709768869,0.00038534583291,0.00566070340574,-0.0101041141897,0.00477783661336,-0.0000916663848329,-0.00310206157155,0.0136532867327,-0.0108560044318,0.00673284148797,-0.020520908758,0.0291940681636]],"mean":[43.3410873413,83.1887283325,-95.4589920044,-4.08805561066,-10.2122745514,1.71306395531,6.65964269638,-17.8749637604,-0.741375267506,-6.80806732178,-6.31336212158,-0.449571758509,-12.2283153534]},"hfc":{"dmean":96.3782501221,"dmean2":158.061920166,"dvar":20177.2128906,"dvar2":47959.4648438,"max":3369.87915039,"mean":254.12121582,"median":234.809204102,"min":0.0000461717427243,"var":40543.078125},"melbands":{"dmean":[0.00361479865387,0.00410180306062,0.00105805497151,0.000396579300286,0.000289069255814,0.00031903811032,0.00023577324464,0.000152275621076,0.000138097908348,0.0000929019006435,0.000122199693578,0.00017059239326,0.000164758836036,0.0001263844606,0.000120862961921,0.0000712946784915,0.0000557776111236,0.0000506449650857,0.0000377619217033,0.0000271672561212,0.0000241732777795,0.0000107672485683,0.00000926668326429,0.0000067111318458,0.00000487272927785,0.00000383547921956,0.00000317016110785,0.00000223241727326,0.0000024792716431,0.00000191794515558,0.00000155632415044,0.00000141291809541,9.96786980068e-7,7.21841104223e-7,4.90105890094e-7,3.67901350273e-7,3.00752077464e-7,2.08359026033e-7,1.0912019377e-7,2.76264611188e-8],"dmean2":[0.00612747855484,0.00698380265385,0.00176076148637,0.000662457197905,0.000473231921205,0.000531471625436,0.000391176727135,0.000249025935773,0.000226300762733,0.000152528504259,0.00019946428074,0.000276382052107,0.000265013397438,0.000210543250432,0.000204900017707,0.00011933438509,0.0000934974887059,0.0000840046996018,0.0000622142470093,0.0000459838011011,0.0000415611939388,0.0000174234319275,0.000014770666894,0.0000104854843812,0.000007725051546,0.00000603353873885,0.00000496210941492,0.00000349746255779,0.00000392518086301,0.00000297370229418,0.00000242991154664,0.00000216837815969,0.00000148795118093,0.0000010762958027,7.15044848221e-7,5.33887714482e-7,4.24562330181e-7,2.91364273153e-7,1.60971723062e-7,4.56825013373e-8],"dvar":[0.0000243818776653,0.0000379331140721,0.00000242065380007,6.1973287302e-7,4.48312704293e-7,9.59294538916e-7,3.91376772768e-7,1.27836258912e-7,6.86740477818e-8,3.04910408033e-8,3.65809924574e-8,8.34523419257e-8,6.19593620854e-8,2.41082975805e-8,2.1083620183e-8,6.36111341379e-9,4.15151868438e-9,3.7001275377e-9,2.08469108642e-9,1.62917579427e-9,1.76108294614e-9,2.20447896049e-10,1.65520291917e-10,8.93280727166e-11,5.3221611146e-11,3.10974128392e-11,2.54596205229e-11,2.01106752779e-11,2.87882027245e-11,1.82988433434e-11,3.55316366607e-11,2.07947704195e-11,3.63227113317e-12,1.38953095991e-12,5.83316598149e-13,3.17028955171e-13,2.56427501845e-13,1.31500049023e-13,3.86976963061e-14,1.6623938503e-15],"dvar2":[0.0000654635223327,0.0000970356340986,0.000006057630344,0.00000152846757828,0.00000109500433609,0.00000260223191617,0.00000100993918295,3.23708547967e-7,1.70916578668e-7,7.7396670406e-8,8.84512729726e-8,2.00614934442e-7,1.59943596145e-7,6.42152997443e-8,5.74523184582e-8,1.70206693184e-8,1.10895328476e-8,9.88594184292e-9,5.42690692384e-9,4.46997461268e-9,4.84982143334e-9,5.49201017996e-10,4.05780159474e-10,2.1585581933e-10,1.30929739273e-10,7.43507477807e-11,5.94751400906e-11,4.63643151649e-11,6.97344196277e-11,4.0883591651e-11,9.60364912594e-11,5.17388076826e-11,7.81390490506e-12,3.01217145844e-12,1.20033703029e-12,6.38779990274e-13,4.92954527025e-13,2.4050485453e-13,8.0736680091e-14,4.06604444396e-15],"max":[0.0696465522051,0.0673509538174,0.0193934235722,0.018611850217,0.0135120823979,0.020114261657,0.0106816766784,0.00807027053088,0.00644498458132,0.00484762247652,0.00486311176792,0.00587286520749,0.00699561834335,0.00309848878533,0.00211148313247,0.00120581232477,0.000988143030554,0.000932828348596,0.000561181281228,0.000733453489374,0.000822485715616,0.000231676414842,0.000189902551938,0.00015522511967,0.00019094934396,0.000123656689539,0.000158352806466,0.000162962329341,0.000193703337573,0.00014286172518,0.000314250210067,0.000199172573048,0.0000540359615115,0.0000286445210804,0.0000205993419513,0.00000768127301853,0.00000767356050346,0.00000648124796498,0.00000533048660145,6.30982640359e-7],"mean":[0.00403985194862,0.00477850297466,0.0013678970281,0.000494994223118,0.000375658186385,0.000412090128521,0.00031207856955,0.000217991779209,0.000196986598894,0.000138929128298,0.000185998142115,0.000242701426032,0.000250184704782,0.000208083118196,0.000193430372747,0.0001255103125,0.000100975790701,0.0000914093689062,0.0000647942506475,0.0000404368547606,0.0000313912751153,0.0000181346495083,0.0000154057706823,0.0000122605970319,0.00000947462649492,0.00000793695107859,0.00000663969922243,0.00000455879853689,0.00000492778326588,0.00000390527338823,0.00000311788903673,0.00000274733270089,0.00000209237259696,0.00000152964389599,9.93634898805e-7,6.95713879395e-7,5.26585040461e-7,3.61581953712e-7,1.71393097048e-7,2.903762919e-8],"median":[0.00219570752233,0.00264257052913,0.000793774786871,0.00025085080415,0.000147120561451,0.000122908619232,0.000119932323287,0.000103436294012,0.000105790823,0.0000857262857608,0.000118373704026,0.000139017574838,0.000170373154106,0.000162389711477,0.000152061926201,0.000102300313301,0.0000820203276817,0.0000724395358702,0.0000500358073623,0.0000296741600323,0.0000182950843737,0.0000120248987514,0.000010071651559,0.00000794122570369,0.00000621256549493,0.00000553653353563,0.00000481835013488,0.0000032143880162,0.0000034748663893,0.00000256130260823,0.00000223345250561,0.00000189073421097,0.00000135578511617,0.00000100989086604,6.44502733849e-7,4.13292411849e-7,2.71486044312e-7,1.77066439733e-7,8.76504202552e-8,1.32289414978e-8],"min":[3.19298965046e-9,6.02824457019e-10,1.74425057731e-10,1.89662417716e-11,1.89266016054e-11,2.79941052977e-11,2.35978771246e-11,5.76285070011e-12,5.06866358781e-13,4.14228026879e-12,2.73146392657e-12,8.26845048593e-13,2.27515098775e-12,9.03294713334e-12,1.22589776871e-11,8.13593463433e-12,6.47743187213e-12,4.09740730928e-12,2.6722098926e-12,4.49641495912e-12,3.31520813406e-12,2.15065096808e-12,1.83724845233e-12,1.24225477995e-12,1.55499387238e-12,7.96232871303e-13,1.55619614417e-12,7.4439900858e-13,4.12718497616e-13,4.90974502807e-13,7.64572866824e-13,3.51383662835e-13,1.36571472447e-12,1.02291319946e-12,7.58718662983e-13,7.6359800644e-13,1.35206017389e-12,4.34897262517e-13,6.421913782e-14,6.72171668911e-14],"var":[0.0000252377558354,0.0000398619486077,0.00000288023375106,7.94102390955e-7,6.04705235219e-7,0.00000129679358452,5.28061491423e-7,1.98592715606e-7,1.08592786319e-7,4.20108179355e-8,5.39977804692e-8,1.21675242326e-7,8.37644975604e-8,3.66650390049e-8,3.00922167185e-8,1.1267404787e-8,7.57239160265e-9,6.84583811861e-9,3.53626750105e-9,1.69160119246e-9,1.65063041013e-9,3.58686219615e-10,2.77131401161e-10,1.767347102e-10,1.08539670307e-10,7.21938619996e-11,5.82953407768e-11,3.90337172307e-11,4.63953250818e-11,3.44434480937e-11,3.26321608624e-11,2.53762687946e-11,8.5241874323e-12,3.42809938422e-12,1.33761057786e-12,6.99494281942e-13,5.36263795956e-13,2.94996123883e-13,7.24938636681e-14,1.91363462213e-15]},"melbands_crest":{"dmean":5.54361820221,"dmean2":9.38143348694,"dvar":20.3819618225,"dvar2":55.4555587769,"max":37.3227958679,"mean":16.5309638977,"median":16.1899700165,"min":3.10857582092,"var":34.9949569702},"melbands_flatness_db":{"dmean":0.0396170057356,"dmean2":0.0641471147537,"dvar":0.00105475250166,"dvar2":0.00276165013202,"max":0.611299812794,"mean":0.218290507793,"median":0.209714323282,"min":0.0670613721013,"var":0.00395751046017},"melbands_kurtosis":{"dmean":7.25489425659,"dmean2":12.2766695023,"dvar":153.490921021,"dvar2":408.406066895,"max":331.773284912,"mean":8.08203792572,"median":4.28841972351,"min":-1.73701071739,"var":229.571853638},"melbands_skewness":{"dmean":1.03887736797,"dmean2":1.70065629482,"dvar":0.895296037197,"dvar2":2.37872171402,"max":15.4067287445,"mean":2.30856990814,"median":2.05137872696,"min":-2.14813542366,"var":1.98173737526},"melbands_spread":{"dmean":8.86883831024,"dmean2":14.7573261261,"dvar":61.5920944214,"dvar2":157.008651733,"max":144.364730835,"mean":22.9780788422,"median":21.6131439209,"min":1.1165895462,"var":131.992980957},"mfcc":{"cov":[[4573.97363281,-669.918518066,-506.357543945,418.991271973,-138.074951172,140.207443237,-271.668182373,-94.112739563,-263.988525391,-28.8464355469,-110.209953308,43.6923828125,-95.9827194214],[-669.918518066,887.006469727,-23.5806407928,-180.067703247,21.84516716,-62.4053421021,93.5529708862,-28.442522049,103.153305054,-6.66785573959,54.2027435303,-29.3279800415,62.7630996704],[-506.357543945,-23.5806407928,382.863677979,-146.464538574,18.7916526794,-46.337677002,22.3120956421,45.7465744019,-2.23830771446,12.6762504578,-20.8821296692,-1.26952683926,-14.1346340179],[418.991271973,-180.067703247,-146.464538574,285.630004883,-6.21441793442,32.5673713684,-35.7543487549,-26.5068340302,-25.8920688629,-9.0164270401,8.58829498291,1.51778590679,-12.825419426],[-138.074951172,21.84516716,18.7916526794,-6.21441793442,138.564987183,34.269947052,36.7487411499,3.78050947189,32.6878967285,-4.46216583252,8.94487094879,-4.92742300034,10.8944511414],[140.207443237,-62.4053421021,-46.337677002,32.5673713684,34.269947052,136.953292847,19.0416679382,17.422334671,-5.30068635941,14.042930603,-14.3214387894,0.712421059608,-7.82924985886],[-271.668182373,93.5529708862,22.3120956421,-35.7543487549,36.7487411499,19.0416679382,101.417625427,24.4882659912,46.4202804565,-0.5882781744,10.7721090317,-18.88306427,12.5156335831],[-94.112739563,-28.442522049,45.7465744019,-26.5068340302,3.78050947189,17.422334671,24.4882659912,96.1046981812,28.1814651489,18.5562877655,-14.7935371399,5.84264039993,-12.830496788],[-263.988525391,103.153305054,-2.23830771446,-25.8920688629,32.6878967285,-5.30068635941,46.4202804565,28.1814651489,95.0086669922,18.2328147888,34.8060379028,-1.12561297417,21.5821208954],[-28.8464355469,-6.66785573959,12.6762504578,-9.0164270401,-4.46216583252,14.042930603,-0.5882781744,18.5562877655,18.2328147888,57.5213813782,25.0389270782,24.1535396576,-0.465736865997],[-110.209953308,54.2027435303,-20.8821296692,8.58829498291,8.94487094879,-14.3214387894,10.7721090317,-14.7935371399,34.8060379028,25.0389270782,76.1098175049,25.3157310486,23.4978885651],[43.6923828125,-29.3279800415,-1.26952683926,1.51778590679,-4.92742300034,0.712421059608,-18.88306427,5.84264039993,-1.12561297417,24.1535396576,25.3157310486,56.9649238586,13.2688503265],[-95.9827194214,62.7630996704,-14.1346340179,-12.825419426,10.8944511414,-7.82924985886,12.5156335831,-12.830496788,21.5821208954,-0.465736865997,23.4978885651,13.2688503265,48.4180984497]],"icov":[[0.000366911379388,0.000105376406282,0.000418099807575,-0.0001377024455,0.0000498461486131,-0.000157461865456,0.000425391132012,0.0000370249363186,0.000478606438264,-0.0000712748151273,0.000302205968183,-0.000221080539632,0.000239412504015],[0.000105376406282,0.00180037389509,0.000621781975497,0.00111162511166,0.000179356866283,0.000490519043524,-0.000751681276597,0.000785075884778,-0.000910575676244,0.0000148053904923,-0.000358525343472,0.000845207308885,-0.000859208172187],[0.000418099807575,0.000621781975497,0.00449665123597,0.00181105930824,-0.00112926878501,0.00184134335723,-0.000572509481572,-0.00123722048011,0.00202194717713,-0.00156629679259,0.000835428596474,-0.00000105288631858,0.000865741283633],[-0.0001377024455,0.00111162511166,0.00181105930824,0.00562104256824,-0.00023918619263,-0.000419103365857,0.000542638706975,0.000341802486219,0.0000662655220367,0.00105219392572,-0.00221355468966,0.000998933101073,0.00102115585469],[0.0000498461486131,0.000179356866283,-0.00112926878501,-0.00023918619263,0.00950026232749,-0.00317804538645,-0.0014601763105,0.00161229574587,-0.00371096003801,0.00295240082778,-0.000460257550003,-0.000816379790194,-0.000243905145908],[-0.000157461865456,0.000490519043524,0.00184134335723,-0.000419103365857,-0.00317804538645,0.0108319297433,-0.00362071907148,-0.00116165389773,0.00258569023572,-0.00522283697501,0.00334864668548,-0.000244774273597,-0.000187616431504],[0.000425391132012,-0.000751681276597,-0.000572509481572,0.000542638706975,-0.0014601763105,-0.00362071907148,0.0176854580641,-0.00377578521147,-0.00371071905829,0.00240120035596,-0.00324406800792,0.00636736257002,-0.00252817687578],[0.0000370249363186,0.000785075884778,-0.00123722048011,0.000341802486219,0.00161229574587,-0.00116165389773,-0.00377578521147,0.0178737025708,-0.00841786712408,-0.00307578849606,0.00796063058078,-0.00627908017486,0.0055269007571],[0.000478606438264,-0.000910575676244,0.00202194717713,0.0000662655220367,-0.00371096003801,0.00258569023572,-0.00371071905829,-0.00841786712408,0.0238776952028,-0.00535914767534,-0.00762338144705,0.00599849876016,-0.00592050794512],[-0.0000712748151273,0.0000148053904923,-0.00156629679259,0.00105219392572,0.00295240082778,-0.00522283697501,0.00240120035596,-0.00307578849606,-0.00535914767534,0.0298333391547,-0.00936989765614,-0.00862830039114,0.0063040475361],[0.000302205968183,-0.000358525343472,0.000835428596474,-0.00221355468966,-0.000460257550003,0.00334864668548,-0.00324406800792,0.00796063058078,-0.00762338144705,-0.00936989765614,0.0279222298414,-0.0101670073345,-0.00314230914228],[-0.000221080539632,0.000845207308885,-0.00000105288631858,0.000998933101073,-0.000816379790194,-0.000244774273597,0.00636736257002,-0.00627908017486,0.00599849876016,-0.00862830039114,-0.0101670073345,0.0316622592509,-0.0109348781407],[0.000239412504015,-0.000859208172187,0.000865741283633,0.00102115585469,-0.000243905145908,-0.000187616431504,-0.00252817687578,0.0055269007571,-0.00592050794512,0.0063040475361,-0.00314230914228,-0.0109348781407,0.0321290344]],"mean":[-620.527832031,148.756835938,-20.8346385956,18.2693939209,-1.57765972614,30.7965507507,5.63898134232,14.6100225449,0.318106412888,8.35312843323,-0.461752265692,6.11668491364,0.00122005247977]},"pitch_salience":{"dmean":0.101427778602,"dmean2":0.169631555676,"dvar":0.00681594992056,"dvar2":0.0184583328664,"max":0.787525773048,"mean":0.550337016582,"median":0.567909479141,"min":0.107758142054,"var":0.0132895726711},"silence_rate_20dB":{"dmean":0,"dmean2":0,"dvar":0,"dvar2":0,"max":1,"mean":1,"median":1,"min":1,"var":0},"silence_rate_30dB":{"dmean":0.0881231501698,"dmean2":0.176271185279,"dvar":0.0803496986628,"dvar2":0.192105770111,"max":1,"mean":0.926009595394,"median":1,"min":0,"var":0.0685105323792},"silence_rate_60dB":{"dmean":0.00282445992343,"dmean2":0.00564971752465,"dvar":0.00281642540358,"dvar2":0.00618246104568,"max":1,"mean":0.012143461965,"median":0,"min":0,"var":0.0119962599128},"spectral_centroid":{"dmean":237.090866089,"dmean2":376.424163818,"dvar":60512.2109375,"dvar2":125883.273438,"max":11106.0058594,"mean":1249.30541992,"median":1207.34814453,"min":210.540176392,"var":189610.515625},"spectral_complexity":{"dmean":4.22991085052,"dmean2":6.18361568451,"dvar":13.7387828827,"dvar2":26.6125888824,"max":57,"mean":27.0900878906,"median":27,"min":0,"var":82.7926864624},"spectral_contrast_coeffs":{"dmean":[0.0603990219533,0.0495559312403,0.0387368090451,0.0280510280281,0.0207705050707,0.0286679081619],"dmean2":[0.100089348853,0.0832565799356,0.0652833133936,0.047838754952,0.0349594727159,0.0447712093592],"dvar":[0.00210999697447,0.00160023209173,0.000891910924111,0.000460425304482,0.000326059060171,0.000704674690496],"dvar2":[0.00570787489414,0.00433660158888,0.00251875654794,0.00131029414479,0.000872455479112,0.00171275343746],"max":[-0.409941315651,-0.488679677248,-0.569020867348,-0.678838253021,-0.717086791992,-0.510780394077],"mean":[-0.683970212936,-0.785802960396,-0.802875459194,-0.809211611748,-0.819883108139,-0.717985987663],"median":[-0.685887336731,-0.794287085533,-0.80638730526,-0.809380292892,-0.817620873451,-0.711414456367],"min":[-0.967304050922,-0.951362967491,-0.964377999306,-0.961981773376,-0.967927932739,-0.95796751976],"var":[0.00482468446717,0.00367833790369,0.00178720452823,0.000910858332645,0.000868796894792,0.00344334566034]},"spectral_contrast_valleys":{"dmean":[0.426200658083,0.373974382877,0.325293302536,0.307101011276,0.257097244263,0.407754987478],"dmean2":[0.691591382027,0.603995740414,0.514411211014,0.476649135351,0.375913709402,0.60682785511],"dvar":[0.135118171573,0.116922527552,0.0983107313514,0.107764966786,0.106305234134,0.165146619081],"dvar2":[0.313513845205,0.251157194376,0.193681061268,0.209462895989,0.197510883212,0.378448188305],"max":[-5.29381799698,-4.50125741959,-4.99431276321,-5.35773944855,-5.74202919006,-8.82267093658],"mean":[-6.62389612198,-6.30623722076,-6.28492164612,-6.65789747238,-7.26950645447,-10.563290596],"median":[-6.55813789368,-6.26774835587,-6.20814990997,-6.46072101593,-7.08465003967,-10.4272098541],"min":[-27.2998218536,-27.855550766,-27.38230896,-27.2723045349,-27.3156261444,-27.2438259125],"var":[0.468239068985,0.536636888981,0.477658897638,0.668193459511,0.742799401283,0.640052556992]},"spectral_decrease":{"dmean":6.86005652284e-9,"dmean2":1.09697175787e-8,"dvar":5.44599502565e-17,"dvar2":1.3481919019e-16,"max":3.62645309337e-8,"mean":-9.24976983896e-9,"median":-6.74151223734e-9,"min":-7.97417243348e-8,"var":7.48519640592e-17},"spectral_energy":{"dmean":0.0257048215717,"dmean2":0.0414449758828,"dvar":0.00076096970588,"dvar2":0.00192382384557,"max":0.316661030054,"mean":0.0579604133964,"median":0.0500579327345,"min":2.23051301873e-8,"var":0.00127148150932},"spectral_energyband_high":{"dmean":0.000304312969092,"dmean2":0.000409077445511,"dvar":2.41673575374e-7,"dvar2":4.80837229588e-7,"max":0.0156203014776,"mean":0.00109305023216,"median":0.000963504891843,"min":5.51812096017e-10,"var":8.60033765093e-7},"spectral_energyband_low":{"dmean":0.0206769350916,"dmean2":0.0347720570862,"dvar":0.000613337208051,"dvar2":0.00159041606821,"max":0.244248956442,"mean":0.0263521522284,"median":0.0171046499163,"min":1.4042357499e-8,"var":0.000715846137609},"spectral_energyband_middle_high":{"dmean":0.00374829210341,"dmean2":0.0056796586141,"dvar":0.0000166974077729,"dvar2":0.0000399990312872,"max":0.0693720057607,"mean":0.00989270489663,"median":0.00880822446197,"min":5.22755394528e-10,"var":0.0000409576277889},"spectral_energyband_middle_low":{"dmean":0.00479990011081,"dmean2":0.00761895999312,"dvar":0.000048745489039,"dvar2":0.000118177304103,"max":0.113084204495,"mean":0.00982865132391,"median":0.0061815045774,"min":7.15625780856e-10,"var":0.000109933629574},"spectral_entropy":{"dmean":0.134264811873,"dmean2":0.200293958187,"dvar":0.0189950782806,"dvar2":0.0414506569505,"max":9.79553985596,"mean":7.7208275795,"median":7.7867102623,"min":5.67510652542,"var":0.11019333452},"spectral_flux":{"dmean":0.0414243675768,"dmean2":0.0686879754066,"dvar":0.00153284019325,"dvar2":0.00379325542599,"max":0.492703914642,"mean":0.152236446738,"median":0.145221471786,"min":0.000192089748452,"var":0.00322484853677},"spectral_kurtosis":{"dmean":3.61373710632,"dmean2":5.43238067627,"dvar":49.4896316528,"dvar2":129.66746521,"max":159.831970215,"mean":15.7048139572,"median":14.1389732361,"min":-1.13014125824,"var":86.8745727539},"spectral_rms":{"dmean":0.00158852699678,"dmean2":0.00250479858369,"dvar":0.00000209081986213,"dvar2":0.0000051284255278,"max":0.0175766199827,"mean":0.00715935975313,"median":0.00698834797367,"min":0.00000466487972517,"var":0.00000529028784513},"spectral_rolloff":{"dmean":5700.85839844,"dmean2":10846.5263672,"dvar":67607880,"dvar2":149586048,"max":22050,"mean":13280.8808594,"median":20628.8085938,"min":43.06640625,"var":94891872},"spectral_skewness":{"dmean":0.292291343212,"dmean2":0.430943131447,"dvar":0.16028238833,"dvar2":0.384288132191,"max":10.0831708908,"mean":2.69926738739,"median":2.59782314301,"min":0.0330878272653,"var":0.491743147373},"spectral_spread":{"dmean":498267.65625,"dmean2":710825.5,"dvar":341511110656,"dvar2":576815693824,"max":38479976,"mean":4241600.5,"median":4230515,"min":652130.1875,"var":1181775560700},"spectral_strongpeak":{"dmean":11.8807573318,"dmean2":22.2931842804,"dvar":821.205688477,"dvar2":2156.3125,"max":334.212432861,"mean":8.43124103546,"median":0.326835513115,"min":0,"var":683.387573242},"zerocrossingrate":{"dmean":0.0537494160235,"dmean2":0.0681090950966,"dvar":0.00228181225248,"dvar2":0.00359879271127,"max":0.84521484375,"mean":0.27584195137,"median":0.2822265625,"min":0.00634765625,"var":0.0139016546309}},"metadata":{"audio_properties":{"analysis_sample_rate":44100,"bit_rate":320000,"codec":"mp3","downmix":"mix","equal_loudness":0,"length":164.415756226,"lossless":false,"md5_encoded":"ebe42da420b988bffcb0f82c07018097","replay_gain":-4.93022346497,"sample_rate":44100},"tags":{"album":["Persistence of Time"],"albumartist":["Anthrax"],"albumartistsort":["Anthrax"],"artist":["Anthrax"],"artistsort":["Anthrax"],"asin":["B000001FYN"],"barcode":["4007192609291"],"catalognumber":["260 929"],"composer":["Joe Jackson"],"date":["1990"],"discnumber":["1/1"],"file_name":"08. Anthrax - Got the Time.mp3","genre":["Thrash Metal"],"label":["Island Records"],"musicbrainz album release country":["US"],"musicbrainz album status":["official"],"musicbrainz album type":["album"],"musicbrainz_albumartistid":["b616d6f0-ec1f-4c69-8a79-12a97ece7372"],"musicbrainz_albumid":["97ededdc-7b3e-47fb-8c99-7fb1994b6438"],"musicbrainz_artistid":["b616d6f0-ec1f-4c69-8a79-12a97ece7372"],"musicbrainz_recordingid":["321b1f43-4b09-4560-a19b-9b99c05be294"],"musicip_puid":["744e172d-91a1-a76d-e00b-5d688a1997ed"],"title":["Got the Time"],"tracknumber":["8/11"]},"version":{"essentia":"2.1-beta1","essentia_build_sha":"ca57ba49d9b1854bd80e60cf9ccf267278fb7d6b","essentia_git_sha":"v2.1_beta1-28-g21ef5f4-dirty","extractor":"music 1.0"}},"rhythm":{"beats_count":350,"beats_loudness":{"dmean":0.026307316497,"dmean2":0.0459093153477,"dvar":0.000508742698003,"dvar2":0.00158393080346,"max":0.175386697054,"mean":0.0676205232739,"median":0.0629624947906,"min":0.0000121319562822,"var":0.000764403608628},"beats_loudness_band_ratio":{"dmean":[0.18794195354,0.0563075840473,0.0508392415941,0.0697339251637,0.0321418344975,0.0952054783702],"dmean2":[0.325277447701,0.100699849427,0.0868620127439,0.119700647891,0.0584348477423,0.163770824671],"dvar":[0.0191858429462,0.00649046339095,0.00373052735813,0.00381711428054,0.00072066730354,0.00679033109918],"dvar2":[0.0585748068988,0.0187918804586,0.00954819750041,0.0106941293925,0.00208864803426,0.0189254973084],"max":[0.937558948994,0.643744051456,0.447503