{"lowlevel":{"average_loudness":0.271162360907,"barkbands":{"dmean":[0.0000850899814395,0.00161575234961,0.00120217015501,0.000911856302992,0.00152673712,0.000867613824084,0.00129811745137,0.00132630195003,0.000467756763101,0.000501317030285,0.000128819083329,0.000153947679792,0.000132230648887,0.000166129641002,0.0000977205272648,0.0000839464119053,0.000113092704851,0.0000983793797786,0.000149350147694,0.0000612531366642,0.0000465913872176,0.0000359345358447,0.0000233169266721,0.0000177585097845,0.00000943013856158,7.40477162253e-7,7.33497129701e-9],"dmean2":[0.000122113880934,0.00260370294563,0.00206787954085,0.00148337008432,0.00258670072071,0.00136777909938,0.00195533875376,0.00203519221395,0.000722536991816,0.000754385604523,0.000202693918254,0.000249189179158,0.000209045087104,0.000260500441073,0.000157941569341,0.000135698108352,0.000181795665412,0.000159208488185,0.000238201668253,0.0000983270801953,0.0000752616324462,0.0000546379778825,0.0000351588168996,0.0000249427303061,0.0000124904327095,0.0000010405329931,1.2367509683e-8],"dvar":[8.90932057018e-8,0.00000974344129645,0.00000735144794817,0.00000339390112458,0.0000158957082022,0.00000511807729708,0.0000186956949619,0.0000189927795873,0.0000023545219392,0.00000326716758536,1.44893590459e-7,3.52498943812e-7,2.63181391347e-7,4.23101226943e-7,7.00879354554e-8,5.0995943468e-8,7.94955496985e-8,8.091854653e-8,2.89938441256e-7,2.23259757348e-8,1.71386247416e-8,1.57168198456e-8,1.21540377762e-8,1.31326434172e-8,6.08438410765e-9,2.52462807604e-11,1.06404109427e-15],"dvar2":[1.68073839291e-7,0.000021994646886,0.0000205419946724,0.00000910728340386,0.0000438666247646,0.0000121970451801,0.0000399039490731,0.0000456454617961,0.0000057185161495,0.00000705336969986,3.43693443483e-7,8.53419351188e-7,5.25907410065e-7,9.19133356092e-7,1.66642195154e-7,1.23091595583e-7,1.92462238147e-7,2.1035582165e-7,6.80153561916e-7,5.41280584798e-8,4.20866044237e-8,3.27330269556e-8,2.36993926706e-8,2.32667662914e-8,1.10051612268e-8,4.4521282494e-11,2.36644509496e-15],"max":[0.0047472147271,0.050815589726,0.0616216436028,0.0398735180497,0.0618777908385,0.0662879273295,0.225132897496,0.17777980864,0.0439920984209,0.0833914130926,0.0129251582548,0.0313299819827,0.0290487334132,0.0277588330209,0.00849544070661,0.0136347711086,0.00883693061769,0.00996742025018,0.0207634828985,0.0044253715314,0.00481750862673,0.0071758152917,0.00745204649866,0.0048683155328,0.00516481464729,0.000340020051226,0.00000205328660741],"mean":[0.0000897225036169,0.00253776879981,0.00184789090417,0.00169404863846,0.00222764001228,0.00163460744079,0.00272113108076,0.00265730428509,0.000888767477591,0.000962668214925,0.000217036518734,0.000239028056967,0.000226387142902,0.000319220416714,0.000154061359353,0.000125956488773,0.000195098982658,0.000188985286513,0.000247953052167,0.0000958410528256,0.0000635045144008,0.0000569847543375,0.000038876918552,0.0000310136456392,0.0000156327751029,0.00000130532680487,9.10644004648e-9],"median":[0.0000055025925576,0.00129895471036,0.000766121956985,0.000524103117641,0.000721203337889,0.00036325090332,0.000489631784149,0.000330065115122,0.000165804012795,0.000213959458051,0.0000448495156888,0.0000706421415089,0.0000468180987809,0.0000567014503758,0.0000421930999437,0.0000340251426678,0.0000485895216116,0.0000313618693326,0.0000514761595696,0.0000217470205826,0.0000113976047942,0.00000706548598828,0.0000036232443108,0.00000130052660552,3.85140651815e-7,8.10559370734e-8,2.67718558433e-9],"min":[9.46184618841e-25,2.46725497502e-24,1.01434663839e-24,1.43994508398e-24,1.19277946126e-23,7.02418394974e-24,1.00103143545e-23,9.90136871922e-24,2.29034041358e-23,2.67418135517e-23,1.31164849344e-23,2.50969581005e-23,2.96410414615e-23,5.32197625969e-23,5.82834291931e-23,4.8313350689e-23,7.23982396912e-23,1.08242230134e-22,1.64879590608e-22,1.98541434016e-22,3.11589202836e-22,2.84217143064e-22,4.21409318864e-22,5.88278290458e-22,8.43231470728e-22,1.2706636227e-21,2.05733510443e-21],"var":[1.18173595354e-7,0.0000160034014698,0.00000846825969347,0.00000835424452816,0.0000188094327314,0.0000113131382022,0.0000527806332684,0.000065336789703,0.00000646617490929,0.0000091655210781,3.30754886591e-7,4.96458198995e-7,6.37922425994e-7,0.00000156656051331,1.33547871428e-7,9.16225815217e-8,2.03780587071e-7,3.46327198031e-7,4.60432545424e-7,4.79229349537e-8,2.94893816033e-8,5.14127762585e-8,4.09848119887e-8,4.198304282e-8,1.63035789313e-8,7.66311736289e-11,1.67282336698e-15]},"barkbands_crest":{"dmean":2.44087052345,"dmean2":4.01480150223,"dvar":5.08136701584,"dvar2":13.1638870239,"max":26.1508979797,"mean":10.2351617813,"median":9.37483501434,"min":2.72131896019,"var":16.4088401794},"barkbands_flatness_db":{"dmean":0.0230871625245,"dmean2":0.0346210040152,"dvar":0.000562260393053,"dvar2":0.00124396919273,"max":0.460932374001,"mean":0.190144896507,"median":0.186908170581,"min":0.0295881554484,"var":0.00346338865347},"barkbands_kurtosis":{"dmean":2.93818187714,"dmean2":4.60241603851,"dvar":28.4260234833,"dvar2":67.7141189575,"max":238.488372803,"mean":4.93133068085,"median":2.66738462448,"min":-1.88359475136,"var":65.6972045898},"barkbands_skewness":{"dmean":0.51838093996,"dmean2":0.804583728313,"dvar":0.319086909294,"dvar2":0.718573093414,"max":13.5051851273,"mean":1.44342207909,"median":1.3539378643,"min":-5.17507314682,"var":1.33199703693},"barkbands_spread":{"dmean":4.46044158936,"dmean2":6.92042827606,"dvar":42.8891220093,"dvar2":100.350997925,"max":127.209098816,"mean":15.7777891159,"median":12.6169366837,"min":0.264515548944,"var":161.030410767},"dissonance":{"dmean":0.0254614483565,"dmean2":0.041713476181,"dvar":0.000695764378179,"dvar2":0.00181950686965,"max":0.500000059605,"mean":0.445443689823,"median":0.456986516714,"min":0.167250230908,"var":0.00186861411203},"dynamic_complexity":6.1988363266,"erbbands":{"dmean":[0.0465608164668,0.390694707632,1.21660590172,2.38189339638,4.60082435608,4.71215867996,4.86834096909,7.64408445358,17.5930747986,23.3433895111,24.3705253601,11.2708120346,17.2661151886,6.84048366547,4.89162158966,7.00274610519,5.78636741638,8.31437492371,6.14472198486,3.8450152874,4.88059663773,5.57089042664,5.12775611877,8.06213665009,5.19563961029,2.93954467773,2.1591565609,1.61681628227,1.38503241539,0.962617099285,0.630868554115,0.497270733118,0.224975213408,0.132068142295,0.052203450352,0.00662047136575,0.00109154428355,0.0000700573655195,0.0000050587750593,0.00000729967268853],"dmean2":[0.0692759752274,0.654254078865,2.08987379074,3.88240814209,7.80726289749,8.03797340393,7.70048093796,12.0880451202,26.8378677368,35.858417511,37.2743148804,17.3816356659,26.1018047333,10.3358516693,7.68316793442,11.311337471,9.07249641418,12.9092969894,9.74136829376,6.12074565887,7.87466621399,8.8664932251,8.23116779327,12.9623422623,8.35192680359,4.70791387558,3.51926159859,2.59086084366,2.11324167252,1.45410954952,0.946444869041,0.692882716656,0.314777612686,0.180639907718,0.0692651495337,0.00901010818779,0.00146890210453,0.0000968464519246,0.00000728082795831,0.000011227099094],"dvar":[0.0164046827704,0.492931962013,6.79545783997,24.4595718384,139.979919434,167.511260986,212.898040771,449.947265625,3852.65332031,8886.84960938,4685.20361328,1381.30932617,3681.8684082,802.750793457,222.411468506,711.354736328,390.449066162,1036.70727539,393.621856689,120.953208923,145.45274353,193.262542725,221.907226562,736.210754395,437.474761963,54.6618461609,33.5458183289,22.5174770355,22.797832489,11.8417520523,10.922911644,10.0009593964,2.35120654106,1.09181189537,0.202154263854,0.00220560771413,0.0000764684009482,2.45424217837e-7,2.36287073241e-10,1.43239559103e-10],"dvar2":[0.0310697685927,1.29959714413,19.0024337769,64.088394165,391.268096924,457.534240723,488.111175537,1081.85644531,8352.18847656,22013.2148438,11439.2998047,3578.41040039,8585.06152344,1544.36523438,548.068969727,1738.57751465,869.036376953,2315.01489258,892.724243164,267.838500977,343.921203613,459.574615479,551.546875,1898.19445801,1042.17175293,134.520782471,85.1985473633,53.8780174255,47.6109962463,23.0828781128,21.7877407074,17.0144920349,4.41793012619,2.06827735901,0.332769185305,0.00359185016714,0.00013036216842,3.98739302909e-7,3.69084984797e-10,3.38239464215e-10],"max":[2.05468559265,11.0761852264,57.1683654785,105.789855957,198.245391846,196.624298096,675.505371094,730.610900879,3350.84838867,2890.5703125,1508.96813965,1358.84863281,2461.10205078,2207.61083984,572.328186035,1513.05358887,909.95703125,1352.6697998,1247.60046387,496.089691162,595.647155762,401.66192627,567.548034668,991.258605957,1019.52288818,229.957260132,198.057250977,179.275039673,280.634918213,148.736465454,241.212875366,158.246368408,82.265335083,61.9661216736,30.1455078125,2.55720567703,0.778825044632,0.0492512211204,0.00129167595878,0.000280442589428],"mean":[0.0638126209378,0.597813606262,1.94450390339,4.67326831818,6.80498504639,6.3944311142,8.76763534546,14.4227485657,38.4556465149,47.30260849,50.0335922241,24.2953643799,34.9571723938,13.5523691177,9.03157234192,11.5347890854,10.7845668793,16.6209430695,11.4271736145,6.52396440506,8.01962661743,10.4598302841,11.1658391953,13.8475494385,8.44380950928,4.70694541931,2.97595834732,2.29086971283,2.17289566994,1.53935492039,1.06607162952,0.859434187412,0.380487918854,0.216413095593,0.0877789109945,0.012000403367,0.0018736931961,0.000122409022879,0.0000141948794408,0.0000229848556046],"median":[0.0193924307823,0.33577901125,0.953581869602,1.48939287663,2.40992546082,1.84961915016,1.66669046879,3.41925144196,7.82820367813,5.85998058319,8.93985748291,6.19614839554,6.65550708771,4.24434614182,2.64706134796,3.75089621544,2.8308224678,3.31763362885,2.85302615166,1.92201709747,2.44642472267,2.61378002167,1.93736040592,2.62823343277,2.01956772804,1.10264492035,0.594601154327,0.372684299946,0.262326866388,0.186087042093,0.0915738269687,0.0387784056365,0.0158158298582,0.00591802923009,0.00180381536484,0.000557453895453,0.000131133638206,0.0000159822793648,0.00000782352799433,0.0000156173755386],"min":[7.95184035584e-23,7.26113823347e-22,3.63890564732e-21,5.49571851956e-21,1.07869473288e-20,3.4776272383e-20,7.84370009197e-20,1.11900605525e-19,1.29168711671e-19,1.46869433276e-19,3.34485912774e-19,5.8563094899e-19,6.29483670671e-19,9.89566196362e-19,1.06822548915e-18,1.51807184545e-18,1.7854011098e-18,2.63791330143e-18,3.48173844227e-18,3.11036288496e-18,4.30375951575e-18,4.96764723076e-18,6.26695978949e-18,6.92173941877e-18,7.28914450914e-18,8.0821708342e-18,7.86491929094e-18,1.23999733952e-17,8.87274539592e-18,1.18602099214e-17,1.17006442997e-17,1.04108960168e-17,1.04107223088e-17,9.50971334508e-18,6.43836650166e-18,4.51384850209e-18,2.43004488144e-18,1.01866630691e-18,2.86414492421e-19,2.92808527471e-20],"var":[0.0256264507771,0.687088727951,8.24269676208,58.9095420837,152.132568359,206.631576538,585.296875,929.650146484,10221.9052734,27709.6875,13667.7441406,3860.03491211,11455.5449219,2218.70458984,487.145385742,1016.80529785,1009.01190186,3541.39013672,1435.78735352,263.455841064,310.641052246,581.939697266,1220.61694336,1551.41210938,528.703491211,119.498504639,53.0700950623,45.5916023254,70.438331604,39.5039253235,34.9400291443,33.4310874939,6.69952487946,2.92654061317,0.551241695881,0.00720323761925,0.000200788010261,6.47576371193e-7,8.66458960136e-10,6.08128380986e-10]},"erbbands_crest":{"dmean":3.1449341774,"dmean2":4.93307828903,"dvar":9.01691150665,"dvar2":20.6620960236,"max":33.4845581055,"mean":12.1848611832,"median":10.885682106,"min":2.40296006203,"var":37.2865524292},"erbbands_flatness_db":{"dmean":0.0189315509051,"dmean2":0.0274223051965,"dvar":0.000406231672969,"dvar2":0.000812136742752,"max":0.471902430058,"mean":0.21175275743,"median":0.206749752164,"min":0.0343881063163,"var":0.00318338070065},"erbbands_kurtosis":{"dmean":1.7563586235,"dmean2":2.7064936161,"dvar":13.8063983917,"dvar2":30.6324214935,"max":123.031166077,"mean":2.32609653473,"median":0.236999988556,"min":-1.83459210396,"var":48.6080207825},"erbbands_skewness":{"dmean":0.432433158159,"dmean2":0.65714263916,"dvar":0.198278933764,"dvar2":0.450420677662,"max":7.46469974518,"mean":0.711700499058,"median":0.558142364025,"min":-4.911195755,"var":1.16868364811},"erbbands_spread":{"dmean":7.06936883926,"dmean2":10.6399345398,"dvar":70.7293777466,"dvar2":144.796340942,"max":146.43913269,"mean":30.2605628967,"median":27.6863231659,"min":0.527855873108,"var":320.469268799},"gfcc":{"cov":[[20337.0664062,980.315673828,-1459.3458252,1271.06884766,-1124.79833984,91.572013855,-528.858825684,52.2465744019,11.1302270889,-178.088943481,139.875045776,-366.360717773,-21.0306568146],[980.315673828,1517.96508789,-109.500663757,-239.919708252,274.292663574,-278.881958008,250.773513794,-107.512924194,140.202346802,-123.760055542,161.588775635,-126.542526245,12.2521104813],[-1459.3458252,-109.500663757,851.921569824,0.252074092627,-89.9006271362,104.102966309,-58.6612167358,20.3925304413,24.3657207489,85.4144210815,-21.7714996338,-12.687915802,46.0449371338],[1271.06884766,-239.919708252,0.252074092627,629.316345215,25.4109134674,121.205360413,23.1504859924,-45.0882759094,-33.9361534119,-72.0368652344,-47.5107383728,-49.8857498169,11.582321167],[-1124.79833984,274.292663574,-89.9006271362,25.4109134674,516.768737793,-23.2123584747,190.673721313,11.4192705154,-1.54864215851,-60.9723167419,10.4698019028,-20.9312515259,-35.9563980103],[91.572013855,-278.881958008,104.102966309,121.205360413,-23.2123584747,265.600219727,13.7054777145,33.800945282,-34.1658744812,0.143743515015,-80.0918655396,-9.09222888947,2.4197499752],[-528.858825684,250.773513794,-58.6612167358,23.1504859924,190.673721313,13.7054777145,327.808776855,37.1004714966,44.6170005798,-55.7684402466,9.05823707581,-49.1428909302,-23.1081542969],[52.2465744019,-107.512924194,20.3925304413,-45.0882759094,11.4192705154,33.800945282,37.1004714966,162.197189331,27.8596000671,44.2750167847,-2.63653445244,-9.75441074371,-24.7447757721],[11.1302270889,140.202346802,24.3657207489,-33.9361534119,-1.54864215851,-34.1658744812,44.6170005798,27.8596000671,141.788955688,25.4426231384,19.0194377899,-26.7812175751,3.56164765358],[-178.088943481,-123.760055542,85.4144210815,-72.0368652344,-60.9723167419,0.143743515015,-55.7684402466,44.2750167847,25.4426231384,141.902923584,44.7787208557,26.3317947388,-9.4454240799],[139.875045776,161.588775635,-21.7714996338,-47.5107383728,10.4698019028,-80.0918655396,9.05823707581,-2.63653445244,19.0194377899,44.7787208557,166.64616394,29.8543300629,3.35635328293],[-366.360717773,-126.542526245,-12.687915802,-49.8857498169,-20.9312515259,-9.09222888947,-49.1428909302,-9.75441074371,-26.7812175751,26.3317947388,29.8543300629,123.239997864,30.240562439],[-21.0306568146,12.2521104813,46.0449371338,11.582321167,-35.9563980103,2.4197499752,-23.1081542969,-24.7447757721,3.56164765358,-9.4454240799,3.35635328293,30.240562439,92.7126541138]],"icov":[[0.000204964992008,-0.00055614154553,0.000456184003269,-0.000647914828733,0.000630795606412,-0.000400812336011,0.000594261626247,-0.000745573663153,0.000225515585043,-0.000136942326208,-0.0000508287121193,0.000141673532198,0.000111610614113],[-0.00055614154553,0.00327741331421,-0.00132106430829,0.00256446935236,-0.00224265735596,0.00189112510998,-0.00221478031017,0.00319718313403,-0.00164890487213,0.00182186299935,-0.00150203949306,0.00162054924294,-0.00106661953032],[0.000456184003269,-0.00132106430829,0.00243035703897,-0.0014200626174,0.00144070759416,-0.00147991720587,0.00146927859168,-0.00160068226978,0.000418897747295,-0.00135754351504,0.0000932195980567,0.00078238605056,-0.000628156703897],[-0.000647914828733,0.00256446935236,-0.0014200626174,0.00437677791342,-0.00232232967392,0.000606559508014,-0.00204070913605,0.00340832606889,-0.00103821931407,0.00178457668517,-0.000849235744681,0.00128547393251,-0.00100969115738],[0.000630795606412,-0.00224265735596,0.00144070759416,-0.00232232967392,0.0047143897973,-0.00112680473831,0.000546799623407,-0.00272802240215,0.00138531660195,-0.000250190350926,0.000238704436924,-0.000538697117008,0.00136838341132],[-0.000400812336011,0.00189112510998,-0.00147991720587,0.000606559508014,-0.00112680473831,0.00676642265171,-0.00228504836559,0.00076758034993,0.000561880413443,-0.0000651027658023,0.00187864014879,0.00018186813395,-0.000815445848275],[0.000594261626247,-0.00221478031017,0.00146927859168,-0.00204070913605,0.000546799623407,-0.00228504836559,0.00675298832357,-0.00356532377191,-0.000560524000321,0.00113641715143,-0.000688672240358,0.000739582173992,0.000877003010828],[-0.000745573663153,0.00319718313403,-0.00160068226978,0.00340832606889,-0.00272802240215,0.00076758034993,-0.00356532377191,0.0114084603265,-0.00253541721031,-0.00116546545178,-0.000388011598261,0.00102148205042,0.000515284889843],[0.000225515585043,-0.00164890487213,0.000418897747295,-0.00103821931407,0.00138531660195,0.000561880413443,-0.000560524000321,-0.00253541721031,0.00992122478783,-0.00315592857078,0.000832896970678,0.00139826431405,-0.00129197281785],[-0.000136942326208,0.00182186299935,-0.00135754351504,0.00178457668517,-0.000250190350926,-0.0000651027658023,0.00113641715143,-0.00116546545178,-0.00315592857078,0.0130943544209,-0.00452579790726,-0.000476688204799,0.00183089624625],[-0.0000508287121193,-0.00150203949306,0.0000932195980567,-0.000849235744681,0.000238704436924,0.00187864014879,-0.000688672240358,-0.000388011598261,0.000832896970678,-0.00452579790726,0.00992832519114,-0.00348422047682,0.000299065781292],[0.000141673532198,0.00162054924294,0.00078238605056,0.00128547393251,-0.000538697117008,0.00018186813395,0.000739582173992,0.00102148205042,0.00139826431405,-0.000476688204799,-0.00348422047682,0.013545720838,-0.0048822988756],[0.000111610614113,-0.00106661953032,-0.000628156703897,-0.00100969115738,0.00136838341132,-0.000815445848275,0.000877003010828,0.000515284889843,-0.00129197281785,0.00183089624625,0.000299065781292,-0.0048822988756,0.0141163067892]],"mean":[-103.234359741,140.957229614,-129.801300049,35.9727287292,-56.7946586609,0.45033633709,-22.4756507874,4.68882656097,-10.77942276,-4.7484292984,-8.24430847168,-9.53384971619,-12.1669168472]},"hfc":{"dmean":3.56296420097,"dmean2":5.36252737045,"dvar":40.3934326172,"dvar2":91.6360015869,"max":141.056030273,"mean":11.284784317,"median":6.66337776184,"min":1.11429923833e-16,"var":210.291900635},"melbands":{"dmean":[0.000419338408392,0.000576123828068,0.00044247621554,0.000362208113074,0.000166740908753,0.000179394657607,0.00026373215951,0.000258441927144,0.000185468757991,0.0000663493556203,0.000086254265625,0.0000289275030809,0.0000180438619282,0.0000164706088981,0.0000154347071657,0.0000137704737426,0.0000169277718669,0.0000108634858407,0.00000617381510892,0.00000558863939659,0.0000064158944042,0.00000629765827398,0.00000627161261946,0.00000429960846304,0.00000737065875001,0.00000488842078994,0.00000251089568337,0.00000192528477783,0.00000141716441249,0.00000118696357276,8.93704623195e-7,7.89057594375e-7,7.46580042232e-7,4.94838957366e-7,3.72225287038e-7,3.78749604124e-7,2.93018473485e-7,1.68349245655e-7,1.33178943429e-7,1.09893235845e-7],"dmean2":[0.000654819014017,0.000975407718215,0.000722596538253,0.000620626145974,0.000267086114036,0.000282673136098,0.000399147480493,0.000396653980715,0.000282919616438,0.000101819248812,0.000130338987219,0.0000437125527242,0.0000283503086393,0.0000267038867605,0.0000242797414103,0.0000216114385694,0.0000263382462435,0.0000171897227119,0.00000990145053947,0.00000898191956367,0.0000104458349597,0.0000100771312646,0.00000996988273982,0.00000693421270626,0.0000119066171465,0.00000783931318438,0.00000405373930334,0.00000310900304612,0.0000023338614028,0.00000196246833184,0.00000144720809203,0.00000122524772905,0.00000114853071409,7.67007065861e-7,5.74306397993e-7,5.55303017791e-7,4.11074637441e-7,2.41503300913e-7,1.87856215916e-7,1.57772305442e-7],"dvar":[8.85301801645e-7,0.00000133324704166,7.34474610908e-7,0.00000104710920823,2.06811691328e-7,2.32497782804e-7,8.25350468858e-7,0.00000108304209334,2.68134016324e-7,5.06510993148e-8,9.48067295781e-8,1.75790546564e-8,2.93630986192e-9,3.85548570847e-9,3.51527562614e-9,2.84651568982e-9,4.553069477e-9,1.60804392024e-9,3.1210842244e-10,2.36166697309e-10,2.61081822828e-10,2.44364972701e-10,4.03192729204e-10,1.42371545109e-10,6.54201970374e-10,6.06273975468e-10,4.69385919022e-11,2.54322726073e-11,1.39336042704e-11,1.23010993752e-11,7.8268867082e-12,8.13925229298e-12,6.66251342291e-12,3.71828999882e-12,3.1465656903e-12,6.87509467759e-12,3.67494056019e-12,1.31400001557e-12,1.21154529551e-12,7.93577660183e-13],"dvar2":[0.00000181256950782,0.00000365626806342,0.00000198144903152,0.00000292523668577,4.90513457407e-7,5.49843377939e-7,0.00000175337788733,0.00000270347186415,6.57379700897e-7,1.27726565324e-7,2.18637296712e-7,3.3410469058e-8,7.09994241177e-9,9.85464598813e-9,7.37600291956e-9,6.17457462937e-9,1.0046951715e-8,3.58170493264e-9,7.36707972404e-10,5.30055832559e-10,6.30541896474e-10,5.82995540732e-10,9.82275927264e-10,3.52753409816e-10,1.70760217078e-9,1.42052403174e-9,1.15351887764e-10,6.31924096384e-11,3.56889344466e-11,3.14117308553e-11,1.89041126503e-11,1.74993197016e-11,1.43842620107e-11,7.71247649078e-12,6.31958894937e-12,1.44154662166e-11,6.61393335932e-12,2.51795893164e-12,2.45967937858e-12,1.60715223681e-12],"max":[0.0150165157393,0.0239324308932,0.0162548236549,0.0162221714854,0.0185249019414,0.0152979455888,0.0516887716949,0.038259871304,0.0108534041792,0.0082289641723,0.012399696745,0.0103699918836,0.00208231015131,0.00341059267521,0.00378048606217,0.0030681528151,0.00311106187291,0.00283444928937,0.000690306536853,0.000828937569167,0.000691765395459,0.000430631858762,0.0007644269499,0.000557157676667,0.0009380124975,0.00126225862186,0.000201274466235,0.000142887307447,0.000101780882687,0.000134351226734,0.000129303676658,0.000175332301296,0.000128260173369,0.0000880830120877,0.00013508865959,0.000128882282297,0.000086565669335,0.0000612197400187,0.000068439549068,0.0000516078471264],"mean":[0.000632510287687,0.000973085639998,0.00085574935656,0.00048483160208,0.000299331062706,0.000336559518473,0.000582447275519,0.000526677293237,0.000374734256184,0.0001356403518,0.000170756669831,0.000052720453823,0.0000311143048748,0.0000264107966359,0.0000256243911281,0.0000242862097366,0.0000321159714076,0.0000195294578589,0.0000097057527455,0.00000851755066833,0.00000988939154922,0.0000107063024188,0.0000119308479043,0.00000814917984826,0.0000119761143651,0.00000735395133233,0.00000392549736716,0.0000028909557841,0.00000191339563571,0.00000151590654696,0.00000123129132135,0.00000119869832815,0.00000112496502425,7.60669990996e-7,6.0044806105e-7,6.06920536939e-7,4.90783804707e-7,2.72531877954e-7,2.1104564496e-7,1.72604927684e-7],"median":[0.000285682559479,0.000539939850569,0.000362959515769,0.000156724025146,0.0000566837043152,0.0000752026971895,0.000117451076221,0.0000601793835813,0.0000624502863502,0.0000304675031657,0.0000289840299956,0.0000137824072226,0.00000690360184308,0.00000810306028143,0.00000785703377915,0.00000509923438585,0.00000552746769245,0.00000443904673375,0.00000274916624221,0.00000224953078032,0.00000285358873953,0.00000270541022473,0.0000017777301764,0.0000014357060536,0.00000207717334888,0.00000146329807649,9.63897491602e-7,5.77032551519e-7,3.44824371723e-7,2.65247592779e-7,1.79546574941e-7,1.38927674698e-7,1.2995626264e-7,8.64725961947e-8,5.65513929018e-8,2.85350552076e-8,1.90067108718e-8,1.1101532138e-8,6.91777346518e-9,3.92383148196e-9],"min":[1.12060501904e-24,1.71390129079e-24,1.78380974978e-24,1.98254668877e-24,3.55698604899e-24,2.3337465777e-24,1.99771135638e-24,1.83516952509e-24,2.28549530878e-24,3.5686639514e-24,2.90305092692e-24,3.74243580932e-24,2.46283952332e-24,3.40234288472e-24,3.84580104259e-24,3.08944633426e-24,4.34918383584e-24,4.69156642921e-24,4.28755565534e-24,3.37640711031e-24,3.66415753613e-24,3.9243424009e-24,4.58207529658e-24,4.79849613048e-24,4.4197758428e-24,3.85138893881e-24,4.40793346289e-24,4.72151947778e-24,4.15689346816e-24,6.21658286485e-24,4.48223627155e-24,4.55814914532e-24,4.46119380134e-24,6.3267930442e-24,5.15428068178e-24,5.91870267615e-24,6.70466688413e-24,5.31575774806e-24,5.98547935735e-24,6.08908479877e-24],"var":[0.00000143855436363,0.00000176757259851,0.00000153527480506,9.6087228485e-7,6.05021568845e-7,5.07614515755e-7,0.00000233543823924,0.00000364757329407,7.53831102429e-7,1.4425199879e-7,2.90804649694e-7,4.40888641151e-8,6.90296575456e-9,4.97272800715e-9,6.10773120968e-9,7.82117837161e-9,1.50823495915e-8,6.29828900145e-9,5.76804937147e-10,4.48153347765e-10,5.13378006772e-10,6.14921891184e-10,1.41974298984e-9,5.94645999108e-10,1.30661981235e-9,6.82857215217e-10,8.47351425137e-11,5.30075913718e-11,2.27063576275e-11,1.73542499815e-11,1.6080531004e-11,2.34387249193e-11,1.98292875175e-11,1.06537070832e-11,9.71477065459e-12,1.90481068418e-11,1.10603401438e-11,3.41937632722e-12,2.8594704729e-12,1.92463558112e-12]},"melbands_crest":{"dmean":3.27189660072,"dmean2":5.37424755096,"dvar":8.44521045685,"dvar2":21.6453037262,"max":37.5752716064,"mean":14.4800481796,"median":13.565284729,"min":1.00186705589,"var":27.3589992523},"melbands_flatness_db":{"dmean":0.0286528207362,"dmean2":0.0422955974936,"dvar":0.00092934188433,"dvar2":0.00202134810388,"max":0.548094570637,"mean":0.25531232357,"median":0.252848356962,"min":-1.72573102475e-8,"var":0.0056582367979},"melbands_kurtosis":{"dmean":5.81299304962,"dmean2":9.20464420319,"dvar":176.664840698,"dvar2":434.069213867,"max":820.70715332,"mean":11.1951818466,"median":6.34261989594,"min":-1.79453682899,"var":344.635375977},"melbands_skewness":{"dmean":0.676330864429,"dmean2":1.04584670067,"dvar":0.568903386593,"dvar2":1.29869890213,"max":23.053571701,"mean":2.1742401123,"median":1.94632387161,"min":-3.71947383881,"var":2.55664730072},"melbands_spread":{"dmean":5.22193193436,"dmean2":8.19782829285,"dvar":64.9363555908,"dvar2":142.280685425,"max":216.56489563,"mean":17.6553878784,"median":13.4243879318,"min":0.514657557011,"var":271.258239746},"mfcc":{"cov":[[13702.7177734,805.812561035,-782.622497559,961.828979492,-398.771026611,123.060562134,-389.014984131,118.449455261,-286.188720703,156.564483643,-42.9988975525,-7.21577644348,-95.0550079346],[805.812561035,1846.30212402,-261.918792725,65.8349304199,-24.554397583,-149.436660767,58.3606185913,9.18464851379,-50.8525772095,79.4842224121,88.7472839355,9.59248256683,68.8771209717],[-782.622497559,-261.918792725,882.231567383,-108.692878723,6.80112218857,27.826581955,-48.2155570984,-107.323852539,78.7434234619,-15.6632604599,-54.9124221802,85.4792938232,1.72754395008],[961.828979492,65.8349304199,-108.692878723,453.234893799,65.5329360962,99.3486022949,54.9995727539,64.234664917,2.10269498825,15.281252861,12.584980011,-42.2069702148,-24.4132423401],[-398.771026611,-24.554397583,6.80112218857,65.5329360962,238.088424683,48.1545448303,60.9505310059,18.2292022705,14.5599870682,3.08950376511,2.50775241852,-8.73857784271,-4.50380802155],[123.060562134,-149.436660767,27.826581955,99.3486022949,48.1545448303,220.652282715,55.1460037231,49.5757789612,48.0764923096,-8.06309223175,-28.6296310425,-23.8494148254,-39.4157295227],[-389.014984131,58.3606185913,-48.2155570984,54.9995727539,60.9505310059,55.1460037231,226.379135132,81.455368042,33.7821846008,25.6085834503,27.6987934113,-12.8946390152,4.96549367905],[118.449455261,9.18464851379,-107.323852539,64.234664917,18.2292022705,49.5757789612,81.455368042,157.512649536,54.6314697266,29.4947757721,16.01080513,-28.4147415161,-30.2732067108],[-286.188720703,-50.8525772095,78.7434234619,2.10269498825,14.5599870682,48.0764923096,33.7821846008,54.6314697266,159.435592651,50.5531158447,11.872171402,-13.1880884171,-38.0747718811],[156.564483643,79.4842224121,-15.6632604599,15.281252861,3.08950376511,-8.06309223175,25.6085834503,29.4947757721,50.5531158447,138.171142578,61.0495834351,1.62766051292,-16.9437160492],[-42.9988975525,88.7472839355,-54.9124221802,12.584980011,2.50775241852,-28.6296310425,27.6987934113,16.01080513,11.872171402,61.0495834351,120.939247131,23.8586292267,7.99599027634],[-7.21577644348,9.59248256683,85.4792938232,-42.2069702148,-8.73857784271,-23.8494148254,-12.8946390152,-28.4147415161,-13.1880884171,1.62766051292,23.8586292267,107.606048584,61.1369514465],[-95.0550079346,68.8771209717,1.72754395008,-24.4132423401,-4.50380802155,-39.4157295227,4.96549367905,-30.2732067108,-38.0747718811,-16.9437160492,7.99599027634,61.1369514465,131.516357422]],"icov":[[0.0001266386098,-0.0000438436654804,0.000073617331509,-0.000279714091448,0.000222850198043,-0.000113144036732,0.000279500032775,-0.000146178179421,0.000272399745882,-0.000290277210297,0.000225388532272,-0.000259287218796,0.000139415700687],[-0.0000438436654804,0.000650383532047,0.000108207568701,-0.0000466891215183,-0.0000168396054505,0.000458243361209,-0.000301403662888,0.000135413763928,-0.000023685850465,-0.000200131893507,-0.00018407884636,0.000140177915455,-0.000289695220999],[0.000073617331509,0.000108207568701,0.00171879970003,-0.0000631858129054,0.0000458888243884,-0.000166209239978,-0.0000211068327189,0.0012967743678,-0.00108669814654,-0.000189435450011,0.00104529899545,-0.00182449026033,0.000658857868984],[-0.000279714091448,-0.0000466891215183,-0.0000631858129054,0.00338555802591,-0.000995376729406,-0.00102036190219,-0.000510499987286,-0.000344684929587,0.0000310524010274,0.0004367812071,-0.000969786662608,0.00138157198671,-0.000466402998427],[0.000222850198043,-0.0000168396054505,0.0000458888243884,-0.000995376729406,0.00512822344899,-0.000734672939871,-0.000686549232341,0.00016720527492,0.0003581813653,-0.000433406268712,0.000304558401695,-0.000314097531373,0.000179710623343],[-0.000113144036732,0.000458243361209,-0.000166209239978,-0.00102036190219,-0.000734672939871,0.00674434751272,-0.00143016222864,-0.00053663586732,-0.00156952440739,0.000859073363245,0.00138033775147,-0.000364800362149,0.00115956645459],[0.000279500032775,-0.000301403662888,-0.0000211068327189,-0.000510499987286,-0.000686549232341,-0.00143016222864,0.00692953495309,-0.00318934954703,0.000581572763622,-0.000786582008004,-0.000792127917521,0.000465866411105,-0.00128390383907],[-0.000146178179421,0.000135413763928,0.0012967743678,-0.000344684929587,0.00016720527492,-0.00053663586732,-0.00318934954703,0.010708254762,-0.00340404128656,-0.0000334760734404,-0.0000902090469026,0.000110190761916,0.00113707047421],[0.000272399745882,-0.000023685850465,-0.00108669814654,0.0000310524010274,0.0003581813653,-0.00156952440739,0.000581572763622,-0.00340404128656,0.0102333724499,-0.00358410389163,0.000223667579121,0.000246161653195,0.00133851973806],[-0.000290277210297,-0.000200131893507,-0.000189435450011,0.0004367812071,-0.000433406268712,0.000859073363245,-0.000786582008004,-0.0000334760734404,-0.00358410389163,0.011585299857,-0.00533631863073,0.000489167752676,0.000795194588136],[0.000225388532272,-0.00018407884636,0.00104529899545,-0.000969786662608,0.000304558401695,0.00138033775147,-0.000792127917521,-0.0000902090469026,0.000223667579121,-0.00533631863073,0.0130363134667,-0.00438774563372,0.00112318305764],[-0.000259287218796,0.000140177915455,-0.00182449026033,0.00138157198671,-0.000314097531373,-0.000364800362149,0.000465866411105,0.000110190761916,0.000246161653195,0.000489167752676,-0.00438774563372,0.0163795743138,-0.00730588985607],[0.000139415700687,-0.000289695220999,0.000658857868984,-0.000466402998427,0.000179710623343,0.00115956645459,-0.00128390383907,0.00113707047421,0.00133851973806,0.000795194588136,0.00112318305764,-0.00730588985607,0.0122426571324]],"mean":[-730.9765625,153.192550659,-6.71612071991,32.957485199,-5.04659557343,2.03662395477,-3.56862545013,6.71892642975,-1.92075443268,7.17554426193,5.56066417694,1.19156193733,-0.760750710964]},"pitch_salience":{"dmean":0.0684819445014,"dmean2":0.111826658249,"dvar":0.00388018554077,"dvar2":0.0101900910959,"max":0.996039807796,"mean":0.527761459351,"median":0.525850653648,"min":0.0657526254654,"var":0.0128605114296},"silence_rate_20dB":{"dmean":0,"dmean2":0,"dvar":0,"dvar2":0,"max":1,"mean":1,"median":1,"min":1,"var":0},"silence_rate_30dB":{"dmean":0.00599212478846,"dmean2":0.0119852749631,"dvar":0.00595630519092,"dvar2":0.0142372800037,"max":1,"mean":0.992553293705,"median":1,"min":0,"var":0.00739125255495},"silence_rate_60dB":{"dmean":0.0256805345416,"dmean2":0.0513654649258,"dvar":0.0250209160149,"dvar2":0.0577952750027,"max":1,"mean":0.166737988591,"median":0,"min":0,"var":0.1389554739},"spectral_centroid":{"dmean":215.112304688,"dmean2":329.399688721,"dvar":83043.7578125,"dvar2":178830.765625,"max":11529.3847656,"mean":1088.97607422,"median":873.557922363,"min":189.576400757,"var":714144.3125},"spectral_complexity":{"dmean":2.82383155823,"dmean2":4.42153930664,"dvar":17.187297821,"dvar2":38.1518135071,"max":49,"mean":11.4919109344,"median":10,"min":0,"var":69.0332946777},"spectral_contrast_coeffs":{"dmean":[0.0505657792091,0.0458525530994,0.0380114801228,0.0270235557109,0.0215835813433,0.0196396075189],"dmean2":[0.0845145881176,0.0737049281597,0.0609714500606,0.0442146472633,0.0349180623889,0.0298765096813],"dvar":[0.00194011628628,0.00144606712274,0.000990384374745,0.000497223052662,0.000379310367862,0.000463793199742],"dvar2":[0.00521133840084,0.0036934632808,0.00245217466727,0.00125229463447,0.000890073657501,0.00094813859323],"max":[-0.35641336441,-0.357560455799,-0.413180023432,-0.546605527401,-0.529836297035,-0.576292276382],"mean":[-0.658093392849,-0.702923059464,-0.751848995686,-0.803426146507,-0.799621462822,-0.74192237854],"median":[-0.655765712261,-0.708002090454,-0.75914812088,-0.809394299984,-0.81083637476,-0.737365722656],"min":[-0.981564998627,-0.986182034016,-0.99779856205,-0.987856686115,-0.989307105541,-0.964303553104],"var":[0.00741865066811,0.00990737602115,0.00649854866788,0.00287035456859,0.00327407335863,0.00291445245966]},"spectral_contrast_valleys":{"dmean":[0.408596396446,0.36576962471,0.336870849133,0.319401860237,0.325033813715,0.322302728891],"dmean2":[0.669060468674,0.593366801739,0.540268540382,0.481566399336,0.45397606492,0.444947957993],"dvar":[0.121105335653,0.118415594101,0.108991995454,0.119440481067,0.177452132106,0.208802953362],"dvar2":[0.293594777584,0.284447669983,0.241396784782,0.239068731666,0.350886523724,0.423579484224],"max":[-5.42391443253,-4.55185270309,-5.43871259689,-5.52095270157,-5.67437934875,-7.68165063858],"mean":[-7.82984828949,-7.3182182312,-8.13856601715,-8.49435710907,-8.43252658844,-11.8681840897],"median":[-7.45027112961,-7.03706932068,-7.8626909256,-8.18669223785,-8.12534236908,-11.6591043472],"min":[-28.3302230835,-27.8716697693,-27.8727664948,-27.6032505035,-27.4805088043,-27.3727531433],"var":[3.11556458473,3.09522271156,2.75562953949,2.77901530266,2.98961400986,2.77052903175]},"spectral_decrease":{"dmean":1.59252289134e-9,"dmean2":2.47046649804e-9,"dvar":7.0276603098e-18,"dvar2":1.67778830354e-17,"max":1.20503197727e-28,"mean":-4.88971085844e-9,"median":-3.33681837716e-9,"min":-6.37757011646e-8,"var":2.79558095721e-17},"spectral_energy":{"dmean":0.0062653827481,"dmean2":0.00971162971109,"dvar":0.000108584630652,"dvar2":0.00025924333022,"max":0.250450968742,"mean":0.0194784160703,"median":0.0132985841483,"min":1.01659770269e-20,"var":0.000441078009317},"spectral_energyband_high":{"dmean":0.000143440032844,"dmean2":0.000210924670682,"dvar":1.84158992056e-7,"dvar2":3.29861279624e-7,"max":0.0191993508488,"mean":0.000253001460806,"median":0.0000396629729948,"min":7.20493458241e-21,"var":7.34089041998e-7},"spectral_energyband_low":{"dmean":0.00270401290618,"dmean2":0.00430564163253,"dvar":0.0000267019058811,"dvar2":0.0000623133892077,"max":0.113173522055,"mean":0.0055176592432,"median":0.00290935114026,"min":2.64180003496e-23,"var":0.000054171832744},"spectral_energyband_middle_high":{"dmean":0.000907025067136,"dmean2":0.00138902524486,"dvar":0.00000425759617428,"dvar2":0.00000954794813879,"max":0.0960530117154,"mean":0.00261942436919,"median":0.00120079657063,"min":1.25656348501e-21,"var":0.0000246973959293},"spectral_energyband_middle_low":{"dmean":0.00450027640909,"dmean2":0.00701789790764,"dvar":0.0000753572603571,"dvar2":0.00018833046488,"max":0.242710143328,"mean":0.0124716814607,"median":0.00703495042399,"min":1.87593761212e-22,"var":0.00027289884747},"spectral_entropy":{"dmean":0.195784419775,"dmean2":0.278677642345,"dvar":0.051088321954,"dvar2":0.0994746387005,"max":9.82075500488,"mean":7.16482067108,"median":7.21142816544,"min":4.54247283936,"var":0.328958928585},"spectral_flux":{"dmean":0.0192513633519,"dmean2":0.0302668362856,"dvar":0.000620600185357,"dvar2":0.00135976844467,"max":0.319954395294,"mean":0.0596286840737,"median":0.0501949675381,"min":6.38748082205e-11,"var":0.00193000480067},"spectral_kurtosis":{"dmean":3.60421347618,"dmean2":6.12941217422,"dvar":26.4187202454,"dvar2":70.4707336426,"max":105.23197937,"mean":7.30447483063,"median":4.94474172592,"min":-1.24332880974,"var":72.1848754883},"spectral_rms":{"dmean":0.000622447638307,"dmean2":0.000950229121372,"dvar":6.41864403406e-7,"dvar2":0.00000147242838011,"max":0.0156314559281,"mean":0.00375882652588,"median":0.003601975739,"min":3.14928985667e-12,"var":0.00000487450279252},"spectral_rolloff":{"dmean":344.894012451,"dmean2":593.1796875,"dvar":676642,"dvar2":1640531.125,"max":19250.6835938,"mean":1118.77929688,"median":689.0625,"min":21.533203125,"var":2478960.75},"spectral_skewness":{"dmean":0.380892187357,"dmean2":0.610952138901,"dvar":0.192653909326,"dvar2":0.465910851955,"max":8.58617782593,"mean":1.69333946705,"median":1.52015161514,"min":-0.0854171663523,"var":0.822196483612},"spectral_spread":{"dmean":356729.4375,"dmean2":538700.8125,"dvar":358222397440,"dvar2":661113339904,"max":41932544,"mean":3435518.75,"median":3116678.75,"min":841762.3125,"var":6105458540540},"spectral_strongpeak":{"dmean":0.406580775976,"dmean2":0.682506978512,"dvar":0.489415585995,"dvar2":1.21407997608,"max":16.1790733337,"mean":0.9087870121,"median":0.468395471573,"min":0,"var":1.32111239433},"zerocrossingrate":{"dmean":0.00675012683496,"dmean2":0.00806949473917,"dvar":0.0000988679748843,"dvar2":0.00011273369455,"max":0.52685546875,"mean":0.0429203100502,"median":0.0341796875,"min":0.00341796875,"var":0.0015976728173}},"metadata":{"audio_properties":{"analysis_sample_rate":44100,"bit_rate":190936,"codec":"mp3","downmix":"mix","equal_loudness":0,"length":271.255523682,"lossless":false,"md5_encoded":"583841b22732a81ddff8bb5db438e640","replay_gain":-9.63334846497,"sample_rate":44100},"tags":{"album":["The Joshua Tree (disc 2)"],"albumartist":["U2"],"albumartistsort":["U2"],"artist":["U2"],"artistsort":["U2"],"asin":["B000WZB944"],"barcode":["602517509474"],"bpm":["142"],"catalognumber":["1750947"],"date":["2007"],"discnumber":["2/2"],"file_name":"04 U2 - Deep in the Heart.mp3","genre":["Rock"],"label":["Mercury"],"language":["eng"],"media":["CD"],"musicbrainz album release country":["GB"],"musicbrainz album status":["official"],"musicbrainz album type":["album"],"musicbrainz_albumartistid":["a3cb23fc-acd3-4ce0-8f36-1e5aa6a18432"],"musicbrainz_albumid":["c87b171c-8708-3e83-bb43-801c4bd26d4b"],"musicbrainz_artistid":["7f347782-eb14-40c3-98e2-17b6e1bfe56c"],"musicbrainz_recordingid":["32537593-cd59-4bf2-9822-3449e2548f6a"],"originaldate":["1987-03-09"],"script":["Latn"],"title":["Deep in the Heart"],"tracknumber":["4/14"]},"version":{"essentia":"2.1-beta2","essentia_build_sha":"70f2e5ece6736b2c40cc944ad0e695b16b925413","essentia_git_sha":"v2.1_beta2","extractor":"music 1.0"}},"rhythm":{"beats_count":636,"beats_loudness":{"dmean":0.0145514747128,"dmean2":0.0239585153759,"dvar":0.000272517267149,"dvar2":0.000709630723577,"max":0.204492032528,"mean":0.0288397464901,"median":0.0231374464929,"min":0,"var":0.000629880523775},"beats_loudness_band_ratio":{"dmean":[0.219064816833,0.147781267762,0.149905115366,0.053628012538,0.0402688346803,0.0332177244127],"dmean2":[0.364342778921,0.245323881507,0.255174636841,0.0925450995564,0.0693274140358,0.0583480931818],"dvar":[0.0331929437816,0.01590067707,0.022316