{"lowlevel":{"average_loudness":0.0810409113765,"barkbands":{"dmean":[0.0000404714410251,0.000496505992487,0.000422183511546,0.000530673016328,0.000565924739931,0.000773081439547,0.000596560945269,0.000354146060999,0.000487524812343,0.00054773123702,0.000266565853963,0.000222089962335,0.000182217656402,0.00022580800578,0.000167161924765,0.000150418971316,0.0000855766120367,0.000107906205812,0.0000454707915196,0.000073825896834,0.0000228602020798,0.0000226176289289,0.0000610641145613,0.0000770030164858,0.0000268494877673,0.0000101388850453,4.48625314675e-7],"dmean2":[0.0000516715335834,0.000653777213302,0.000579233455937,0.000748997088522,0.000803791219369,0.00104392727371,0.000870359828696,0.000506079522893,0.000734987610485,0.000807109405287,0.000387391541153,0.000337098870659,0.000279882660834,0.00035517392098,0.000269719108474,0.000216404470848,0.000134863177664,0.000171575942659,0.0000709466039552,0.000110717439384,0.0000363773106073,0.0000349596884917,0.0000927765140659,0.000119005439046,0.0000398767297156,0.0000148809967868,6.6190312964e-7],"dvar":[2.09319761524e-8,0.0000015426481923,0.00000166867300777,0.00000175036836936,0.00000161642003604,0.00000342434259437,0.0000058441546571,0.00000268229086942,0.00000800542784418,0.00000764464766689,0.00000286460681309,6.22365746494e-7,0.00000100501370071,0.00000126390932564,9.8862278719e-7,4.45250122993e-7,1.05830807229e-7,2.88977474838e-7,2.40931186113e-8,9.83475558769e-8,1.14193658973e-8,3.35544179109e-8,1.4122315406e-7,2.17493735022e-7,2.18738644975e-8,3.6760383626e-9,5.64084629701e-12],"dvar2":[4.71622456644e-8,0.00000299544262816,0.00000401594752475,0.00000435965512224,0.0000037050622268,0.00000680858556734,0.0000159684841492,0.00000657645659885,0.0000194195381482,0.0000167737307493,0.0000057822967392,0.00000130903924855,0.00000231449848798,0.00000286834779217,0.00000253818302554,8.28556778742e-7,2.57314866303e-7,7.51912466512e-7,4.98846759456e-8,2.14661483255e-7,2.6096714123e-8,8.33706295111e-8,3.26056834865e-7,4.70284987841e-7,4.37398135489e-8,7.63400720416e-9,1.04424585298e-11],"max":[0.00656769284979,0.0333792120218,0.0629637315869,0.0376310870051,0.0531722344458,0.0431070588529,0.0826403051615,0.0782247036695,0.0821363180876,0.103836491704,0.0735071972013,0.0205022767186,0.0343639589846,0.0389099344611,0.0469338595867,0.0223819930106,0.0103225149214,0.0191339254379,0.00549465883523,0.00747340871021,0.00406157551333,0.00922183506191,0.0147562548518,0.0177193824202,0.0077698873356,0.00264634122141,0.0000882861786522],"mean":[0.000214862026041,0.00179451482836,0.00122954545077,0.00200256006792,0.00172694888897,0.00193181191571,0.00140439195093,0.00068156211637,0.000759922608268,0.00103573675733,0.000515128893312,0.000439148716396,0.00028665913851,0.00035136504448,0.000284459849354,0.000326185952872,0.000182677060366,0.000215356514673,0.000110729211883,0.000178113565198,0.0000473639811389,0.0000431844164268,0.000121966033475,0.000156750233145,0.0000528559939994,0.0000183418560482,8.53148094393e-7],"median":[0.00000471005478175,0.00036072084913,0.000308538990794,0.000381964549888,0.000735721259844,0.000556543061975,0.00025619144435,0.000114317896077,0.000115764079965,0.0000921711907722,0.0000385109160561,0.0000738106973586,0.0000379868979508,0.0000579744955758,0.0000391855428461,0.000027234396839,0.0000214051906369,0.0000174026463355,0.0000106164443423,0.00000748587672206,0.00000392470701627,0.00000135981906624,7.02578688561e-7,2.55127815763e-7,8.31148980751e-8,2.87248589359e-8,1.6155535576e-8],"min":[1.5564873512e-24,3.9465827564e-24,5.09459783227e-24,4.31057737756e-24,1.68213039115e-23,9.48659827703e-24,1.53179811507e-23,1.95105764913e-23,3.36794539381e-23,3.69229249697e-23,1.7723681901e-23,4.0313354477e-23,4.48350105224e-23,3.35297092056e-23,8.20721735005e-23,5.35738475474e-23,1.07766250397e-22,1.3991223131e-22,1.64195919572e-22,1.89766852125e-22,3.24190731994e-22,3.60352570273e-22,4.05359117021e-22,6.81300919863e-22,1.05937945973e-21,1.26465656681e-21,1.95173285727e-21],"var":[3.79283420671e-7,0.0000129357440528,0.0000062200215325,0.0000160567342391,0.00000781295148045,0.0000123692680063,0.0000134234369398,0.00000533891170562,0.0000108808462755,0.0000177050169441,0.0000110893652163,0.0000018363396066,0.00000145099954807,0.00000251844630839,0.00000114537385798,0.00000188592002814,3.51079108896e-7,5.2568469755e-7,9.59181676308e-8,3.52738709353e-7,2.37615402909e-8,5.2065537659e-8,2.41098604192e-7,4.07955326409e-7,4.33605542582e-8,8.02653055132e-9,1.62151680971e-11]},"barkbands_crest":{"dmean":1.71899902821,"dmean2":2.52164888382,"dvar":2.7810382843,"dvar2":6.65853309631,"max":24.3903503418,"mean":9.59527778625,"median":8.86128425598,"min":2.53747987747,"var":12.6890954971},"barkbands_flatness_db":{"dmean":0.0118730515242,"dmean2":0.0171817820519,"dvar":0.000139636613312,"dvar2":0.000300647952827,"max":0.367050975561,"mean":0.179837226868,"median":0.178357630968,"min":0.0278551094234,"var":0.00418617017567},"barkbands_kurtosis":{"dmean":1.65538561344,"dmean2":2.49355173111,"dvar":5.55591201782,"dvar2":12.9448795319,"max":55.8879203796,"mean":4.20399999619,"median":2.51601743698,"min":-1.91900038719,"var":29.8381710052},"barkbands_skewness":{"dmean":0.322390705347,"dmean2":0.468610942364,"dvar":0.114077620208,"dvar2":0.246393829584,"max":5.71218299866,"mean":1.53435885906,"median":1.43069517612,"min":-5.3017206192,"var":0.957703948021},"barkbands_spread":{"dmean":2.93625593185,"dmean2":4.42749547958,"dvar":30.2414093018,"dvar2":63.4913902283,"max":100.290885925,"mean":15.2832994461,"median":11.4120359421,"min":1.17222762108,"var":154.346725464},"dissonance":{"dmean":0.0205378662795,"dmean2":0.0340243689716,"dvar":0.0003809730988,"dvar2":0.00101949716918,"max":0.499912053347,"mean":0.448658019304,"median":0.455224990845,"min":0.261624455452,"var":0.001095530577},"dynamic_complexity":8.90627861023,"erbbands":{"dmean":[0.0149501813576,0.112409621477,0.361838549376,1.35044300556,1.32824981213,2.03293228149,5.10560941696,5.9077038765,8.3573589325,7.03271627426,8.58517932892,10.3787717819,13.6637716293,18.2358589172,7.59658241272,9.90515518188,7.68825101852,12.3329181671,8.88942337036,7.20872306824,7.35177755356,3.88161826134,6.41767549515,2.0221247673,2.60244250298,3.70771455765,1.4710688591,0.699248194695,0.700773537159,1.01094889641,1.84644186497,2.03012919426,1.11934316158,0.364336937666,0.160485431552,0.0660582557321,0.0143212601542,0.00152393407188,0.0000754955763114,0.00000556836039323],"dmean2":[0.0187385380268,0.15233373642,0.511084675789,1.84654581547,1.92959654331,2.91525030136,6.45910263062,8.43100833893,11.812253952,10.9626131058,12.2819194794,15.7914218903,20.966211319,26.1583404541,10.6711139679,14.8499717712,11.6072216034,19.0905017853,13.5919618607,11.4489431381,10.1123495102,5.95525979996,9.8418970108,3.13973164558,3.92893886566,5.58438634872,2.27006721497,1.1132979393,1.08425521851,1.56455147266,2.76666593552,3.08197426796,1.71051824093,0.546955525875,0.240480914712,0.098688788712,0.0208819303662,0.00217151129618,0.000108002139314,0.00000795459345682],"dvar":[0.00197348929942,0.0811138600111,1.0830501318,12.1778430939,11.5181064606,29.9742183685,115.60055542,326.914825439,696.068664551,2052.18652344,1413.40100098,4240.35986328,4435.12890625,9077.70898438,1345.29736328,1247.7701416,1440.85412598,4096.62060547,3312.02490234,1227.16271973,1078.7512207,184.613235474,1060.7512207,48.2075500488,91.9458084106,266.234039307,49.8845672607,15.2086105347,24.6536445618,49.8397750854,127.122116089,206.014526367,37.1172981262,4.37501573563,0.692383050919,0.142339169979,0.00863534212112,0.0000993762150756,1.70291343693e-7,3.22801174679e-10],"dvar2":[0.00385341234505,0.168329596519,2.63800215721,30.0510826111,27.5227413177,69.6954956055,191.064849854,682.355407715,1673.99047852,5596.02636719,3768.10058594,10680.1074219,9688.50976562,19648.2753906,2609.30566406,2643.1340332,3057.7265625,9491.86035156,8000.84423828,3040.38183594,1821.7869873,419.187988281,2768.4465332,111.189002991,175.390899658,567.350708008,117.111793518,37.1745948792,56.9474220276,120.985549927,286.918243408,461.840301514,84.6246414185,8.27494049072,1.57388937473,0.321514725685,0.0165037512779,0.0001801958133,2.88562119977e-7,6.00661242967e-10],"max":[1.73173892498,8.65463352203,44.0690193176,136.63130188,96.6563796997,222.820236206,350.628631592,542.054443359,689.987915039,1599.88928223,1404.8104248,2245.41601562,2294.50268555,3632.99023438,1619.05249023,1019.06811523,1481.67028809,1692.84545898,2745.42407227,1083.89001465,1430.2923584,448.146118164,1252.14160156,266.120056152,360.841064453,512.16229248,212.294555664,171.437072754,225.655944824,370.112335205,433.274353027,574.474975586,192.310012817,114.603507996,24.4190654755,16.7014331818,3.98091244698,0.586696922779,0.015528043732,0.000709581188858],"mean":[0.0573399700224,0.381676286459,1.18579983711,5.4376168251,4.27436590195,6.15800905228,13.4459924698,13.5494995117,20.6164608002,15.4310560226,17.1362018585,17.7166404724,26.390083313,35.2965278625,17.3846683502,19.9412288666,14.2232589722,19.5836296082,16.1132469177,13.8387098312,17.8982753754,10.350733757,13.1411380768,5.35584974289,7.08677005768,9.14080715179,3.06909489632,1.52772939205,1.39727878571,1.96967971325,3.72990751266,3.83410549164,2.30349349976,0.763189613819,0.301798433065,0.117504894733,0.0260425657034,0.00290350243449,0.000163991251611,0.0000254553469858],"median":[0.0065689990297,0.0921989902854,0.367807209492,1.14032840729,1.48229765892,2.46777749062,3.81711626053,3.41195583344,4.63923501968,2.57680749893,3.94113922119,3.18236970901,2.631316185,3.641736269,2.74527382851,3.32182073593,2.45410299301,3.47993779182,2.54356241226,1.84685850143,1.60498666763,1.18031334877,1.00715732574,0.666398584843,0.556147575378,0.360164165497,0.230221807957,0.110731355846,0.0605154111981,0.0360527783632,0.0178772732615,0.00793595798314,0.0031924075447,0.00119958491996,0.000491797574796,0.000162542695762,0.0000510351164849,0.0000245030241786,0.0000098596974567,0.0000122514156828],"min":[6.14241936903e-23,1.67072631498e-21,6.34949856258e-21,1.76302771599e-20,3.5023893423e-20,7.41435587244e-20,1.07933007868e-19,1.38545540622e-19,2.02139134416e-19,2.70171948064e-19,4.37433632337e-19,8.7522326253e-19,1.04257130963e-18,1.11277402482e-18,9.71757721557e-19,1.7173491676e-18,1.9787622294e-18,1.55042546415e-18,2.57596843369e-18,4.22250349623e-18,3.35546208393e-18,6.71557126854e-18,7.17174607352e-18,6.97805428847e-18,8.24679880125e-18,1.13788726957e-17,1.09608420839e-17,1.35760496911e-17,1.30497163217e-17,1.27060823342e-17,1.20265369174e-17,1.16251913657e-17,1.29299413962e-17,9.59489971328e-18,8.36756717068e-18,4.55675725559e-18,2.60284828808e-18,9.44841264424e-19,2.74588678945e-19,2.78245721981e-20],"var":[0.0163602139801,0.600250720978,5.23412084579,109.498268127,51.6045455933,127.873374939,659.041564941,989.126708984,2052.45678711,3951.73999023,2072.59082031,5377.81445312,11747.7353516,24162.3613281,6026.37792969,3777.26049805,2671.05004883,6361.94824219,4805.18164062,2325.03540039,5483.28515625,921.221008301,2037.69189453,172.92175293,429.851837158,1060.7902832,93.8866958618,31.2112693787,48.9263839722,74.1603012085,230.995361328,324.40234375,75.9268569946,9.36260986328,1.34479427338,0.273513644934,0.0199505537748,0.000248303986154,5.42649331692e-7,1.57562674019e-9]},"erbbands_crest":{"dmean":2.33430314064,"dmean2":3.51888871193,"dvar":4.94550895691,"dvar2":11.1592464447,"max":29.698474884,"mean":9.90463733673,"median":9.02785015106,"min":2.60042071342,"var":18.6991691589},"erbbands_flatness_db":{"dmean":0.0110872685909,"dmean2":0.0157976094633,"dvar":0.000135408015922,"dvar2":0.000259264546912,"max":0.332644939423,"mean":0.201704263687,"median":0.206978112459,"min":0.0482607707381,"var":0.00303065008484},"erbbands_kurtosis":{"dmean":0.720930337906,"dmean2":1.09357273579,"dvar":1.42104828358,"dvar2":3.07819008827,"max":37.3247451782,"mean":0.37856093049,"median":-0.213548064232,"min":-1.86529898643,"var":4.31815242767},"erbbands_skewness":{"dmean":0.287719160318,"dmean2":0.425884634256,"dvar":0.0808092579246,"dvar2":0.162980556488,"max":4.3795208931,"mean":0.492087602615,"median":0.444276094437,"min":-4.94007205963,"var":0.517296731472},"erbbands_spread":{"dmean":4.866959095,"dmean2":7.2200627327,"dvar":48.9559059143,"dvar2":103.110717773,"max":161.466690063,"mean":31.2370643616,"median":26.7753295898,"min":5.77304840088,"var":294.932495117},"gfcc":{"cov":[[30168.5546875,-4156.0546875,-908.467834473,2203.85546875,-1982.45727539,1074.25463867,-895.962219238,1201.6328125,-467.388397217,27.3103084564,244.15423584,146.582183838,96.1731719971],[-4156.0546875,4088.60180664,-252.945236206,-401.331512451,1110.66748047,-705.364624023,845.839233398,-751.418945312,389.588623047,-180.134750366,162.630218506,-191.284194946,138.875946045],[-908.467834473,-252.945236206,690.979003906,61.5265731812,-4.94641923904,91.8164291382,-47.2912559509,74.3430862427,-35.9731483459,51.7230110168,-45.664440155,46.8271865845,-22.3028850555],[2203.85546875,-401.331512451,61.5265731812,531.055358887,-149.782440186,92.1518783569,-24.1849975586,61.0145645142,-20.3855133057,-18.5779914856,0.280445098877,36.1808586121,29.9189548492],[-1982.45727539,1110.66748047,-4.94641923904,-149.782440186,486.035736084,-171.31137085,256.820953369,-198.456497192,98.9745101929,-51.0973701477,31.3054504395,-43.3823394775,46.1870803833],[1074.25463867,-705.364624023,91.8164291382,92.1518783569,-171.31137085,281.801330566,-89.7267684937,178.635696411,-90.4564056396,25.8149452209,-18.5928783417,32.4574127197,-19.8047618866],[-895.962219238,845.839233398,-47.2912559509,-24.1849975586,256.820953369,-89.7267684937,342.60848999,-136.28175354,76.1628952026,-42.0866279602,34.5516586304,-41.5508537292,38.3713302612],[1201.6328125,-751.418945312,74.3430862427,61.0145645142,-198.456497192,178.635696411,-136.28175354,284.578308105,-52.9169960022,53.5798034668,0.560232400894,43.0625839233,-8.02614784241],[-467.388397217,389.588623047,-35.9731483459,-20.3855133057,98.9745101929,-90.4564056396,76.1628952026,-52.9169960022,166.218994141,26.7461776733,34.1076049805,-3.34533905983,12.8828668594],[27.3103084564,-180.134750366,51.7230110168,-18.5779914856,-51.0973701477,25.8149452209,-42.0866279602,53.5798034668,26.7461776733,117.470466614,24.7866020203,26.1117095947,-14.6496248245],[244.15423584,162.630218506,-45.664440155,0.280445098877,31.3054504395,-18.5928783417,34.5516586304,0.560232400894,34.1076049805,24.7866020203,120.937347412,25.904083252,23.5916137695],[146.582183838,-191.284194946,46.8271865845,36.1808586121,-43.3823394775,32.4574127197,-41.5508537292,43.0625839233,-3.34533905983,26.1117095947,25.904083252,85.4238052368,16.513923645],[96.1731719971,138.875946045,-22.3028850555,29.9189548492,46.1870803833,-19.8047618866,38.3713302612,-8.02614784241,12.8828668594,-14.6496248245,23.5916137695,16.513923645,79.0994491577]],"icov":[[0.0000889773727977,-0.000135177266202,0.000159828501637,-0.000340130791301,0.000274063786492,-0.000178734830115,0.000190155536984,-0.000289809133392,0.000159242408699,-0.0000284639063466,-0.000144389734487,0.00011227127834,-0.0000351467169821],[-0.000135177266202,0.0020487906877,-0.000437643146142,0.000974325521383,-0.00183649093378,0.00163729675114,-0.00201233173721,0.00194719515275,-0.00143819954246,0.000965457991697,-0.00128480989952,0.00131428276654,-0.000746750563849],[0.000159828501637,-0.000437643146142,0.00209304480813,-0.000964558857959,-0.0000795858941274,-0.000764128286391,0.000624744221568,-0.000935208285227,0.000781084643677,-0.00106518040411,0.000880280102137,-0.000995940878056,0.000607122492511],[-0.000340130791301,0.000974325521383,-0.000964558857959,0.00382921774872,-0.000206585333217,0.000412629626226,-0.0016327194171,0.00178287958261,-0.001453510602,0.0012966983486,0.0000788743273006,-0.000516064406838,-0.00125944847241],[0.000274063786492,-0.00183649093378,-0.0000795858941274,-0.000206585333217,0.0069826785475,-0.000984474085271,-0.000505128933582,-0.000668414519168,0.000347937457263,0.000304235640215,0.00022382257157,-0.000356789591024,-0.00119230034761],[-0.000178734830115,0.00163729675114,-0.000764128286391,0.000412629626226,-0.000984474085271,0.00874062348157,-0.00268815713935,-0.00207334733568,0.00140908663161,0.000446597492555,-0.000403008743888,0.0000204720909096,0.000797258981038],[0.000190155536984,-0.00201233173721,0.000624744221568,-0.0016327194171,-0.000505128933582,-0.00268815713935,0.00767206260934,-0.000893987307791,0.000329433882143,-0.000407545012422,0.0000104429718704,0.000669193395879,-0.000366914464394],[-0.000289809133392,0.00194719515275,-0.000935208285227,0.00178287958261,-0.000668414519168,-0.00207334733568,-0.000893987307791,0.0097038699314,-0.00205193273723,-0.000500251306221,-0.0013529631542,0.000645804451779,-0.00220467033796],[0.000159242408699,-0.00143819954246,0.000781084643677,-0.001453510602,0.000347937457263,0.00140908663161,0.000329433882143,-0.00205193273723,0.0101394746453,-0.00390709703788,-0.00003178255065,-0.00101013982203,0.000728438433725],[-0.0000284639063466,0.000965457991697,-0.00106518040411,0.0012966983486,0.000304235640215,0.000446597492555,-0.000407545012422,-0.000500251306221,-0.00390709703788,0.0128425452858,-0.00317181646824,-0.0011880636448,0.0018387362361],[-0.000144389734487,-0.00128480989952,0.000880280102137,0.0000788743273006,0.00022382257157,-0.000403008743888,0.0000104429718704,-0.0013529631542,-0.00003178255065,-0.00317181646824,0.0123826507479,-0.00478444760665,-0.00100081122946],[0.00011227127834,0.00131428276654,-0.000995940878056,-0.000516064406838,-0.000356789591024,0.0000204720909096,0.000669193395879,0.000645804451779,-0.00101013982203,-0.0011880636448,-0.00478444760665,0.0177559684962,-0.00491079315543],[-0.0000351467169821,-0.000746750563849,0.000607122492511,-0.00125944847241,-0.00119230034761,0.000797258981038,-0.000366914464394,-0.00220467033796,0.000728438433725,0.0018387362361,-0.00100081122946,-0.00491079315543,0.0170394349843]],"mean":[-134.059936523,140.302932739,-119.040962219,15.2481718063,-47.1099624634,2.06795954704,-35.177154541,-2.22321343422,-19.3667964935,-4.77801370621,-9.23432254791,-6.67922925949,-8.13650417328]},"hfc":{"dmean":3.04433131218,"dmean2":4.32958936691,"dvar":99.6174468994,"dvar2":195.132827759,"max":262.698394775,"mean":12.9148244858,"median":4.25573635101,"min":1.08269478471e-16,"var":537.63079834},"melbands":{"dmean":[0.000134863861604,0.000166815705597,0.000214597952436,0.000120994503959,0.000149004219566,0.000135996189783,0.000131051550852,0.000070273054007,0.000070084402978,0.0000708933221176,0.0000696483111824,0.0000764593569329,0.0000305705398205,0.0000245903556788,0.0000193532796402,0.0000215188756556,0.0000240293757088,0.0000151131544044,0.0000122369392557,0.0000115782622743,0.00000872900182003,0.00000439735822511,0.00000683112375555,0.000004542815077,0.00000166548613834,0.00000176289017872,0.00000261855871031,0.00000262251660388,0.0000012411926491,5.12273345521e-7,4.1930005068e-7,4.08142767583e-7,5.09880919708e-7,6.03129024057e-7,9.10007145194e-7,0.00000168901431152,0.00000121987397961,9.52140283061e-7,5.13463817242e-7,2.67962519729e-7],"dmean2":[0.000172554282472,0.000236485691858,0.00029981523403,0.000171207881067,0.000193481901078,0.000192784325918,0.000186655990547,0.000109146756586,0.000101123652712,0.000106879000668,0.000107318730443,0.000110048007627,0.0000429985775554,0.0000359446385119,0.0000291109790851,0.0000327895868395,0.0000371382993762,0.0000230411460507,0.0000195640423044,0.000017710697648,0.0000128134688566,0.00000688381942382,0.0000103225083876,0.00000709564073986,0.00000267108862317,0.00000274367653219,0.00000383423457606,0.00000399697273679,0.00000195482039089,8.19785100248e-7,6.82001029872e-7,6.44079932499e-7,7.98014639258e-7,9.38865582611e-7,0.00000136681740059,0.00000256585690295,0.000001867629976,0.00000149381594383,7.80947743806e-7,4.03321195108e-7],"dvar":[1.25840543319e-7,2.0150507396e-7,2.90275494308e-7,9.86542971759e-8,9.23340053305e-8,1.53864704089e-7,1.82184876962e-7,2.11643069292e-7,1.08824799838e-7,1.87705495591e-7,1.1815234302e-7,1.64580981732e-7,3.15723127642e-8,7.36193417339e-9,5.87348214509e-9,1.45772398596e-8,1.67501603698e-8,9.43316980084e-9,4.39473124558e-9,3.34575855909e-9,1.34580191435e-9,2.74970518577e-10,9.16920928073e-10,6.1411548069e-10,3.13532984297e-11,3.64937767505e-11,9.65391031005e-11,1.35988900696e-10,4.10018026475e-11,4.7772207197e-12,6.83037090429e-12,7.09822348469e-12,2.65226833551e-11,1.22436002309e-11,2.25925181341e-11,1.84239110079e-10,6.32503632803e-11,2.79336796749e-11,1.17884911902e-11,1.78941822297e-12],"dvar2":[2.37139332171e-7,4.82062830542e-7,7.33269700959e-7,2.18696698084e-7,1.64452458762e-7,3.19999401199e-7,4.62199295725e-7,5.65541427022e-7,2.97775414992e-7,4.49384685908e-7,2.57064641573e-7,3.60924218512e-7,6.39024619886e-8,1.53280659276e-8,1.21528982433e-8,3.21825233129e-8,3.85204188547e-8,2.09740207424e-8,1.14474518753e-8,7.1174905969e-9,2.62241939275e-9,6.2568561443e-10,2.09157136055e-9,1.62755053879e-9,7.9473927439e-11,7.64770261008e-11,1.86949067338e-10,3.03810865354e-10,9.99862831419e-11,1.06207811643e-11,1.77103869764e-11,1.58549302159e-11,7.1979713856e-11,2.81870724678e-11,4.9090818216e-11,4.51382903277e-10,1.42718711849e-10,6.93135271401e-11,2.34699638196e-11,3.63659232935e-12],"max":[0.0120629500598,0.0191003195941,0.020373063162,0.0149420760572,0.00907511916012,0.0104890353978,0.0118970554322,0.0179595518857,0.0105683933944,0.0125390375033,0.0118786199018,0.016367726028,0.00816628523171,0.00307238707319,0.00258120545186,0.00473801093176,0.00381898228079,0.00406501628458,0.00213746214285,0.0018227341352,0.00151644065045,0.000501748465467,0.000877344398759,0.00113312981557,0.000185633063666,0.000210862490349,0.000286554452032,0.000339889113093,0.000214155952563,0.0000870961521287,0.000115300957987,0.000124335550936,0.000279646657873,0.000156020571012,0.000154376699356,0.000510061800014,0.000326540379319,0.0001985799463,0.000194604057469,0.0000595798410359],"mean":[0.000516418309417,0.000588749011513,0.000833579280879,0.000374368508346,0.000401361845434,0.000318856997183,0.00032400971395,0.000150878157001,0.000136437112815,0.000113941729069,0.000130978572997,0.00014458555961,0.0000646562984912,0.0000506830365339,0.0000354225849151,0.0000331623487,0.000036070607166,0.0000248595351877,0.0000195453339984,0.000020420355213,0.0000206689728657,0.00000991963770502,0.0000134898718898,0.00000862395518197,0.0000037686243104,0.00000431024727732,0.00000639343716102,0.00000582735538046,0.00000213503994928,0.00000106693948965,7.9526415675e-7,7.60986040405e-7,8.97491531759e-7,0.00000112084512693,0.00000180503366209,0.00000298817121802,0.00000210979828807,0.00000178939365014,0.0000010408448361,5.04312652083e-7],"median":[0.0000867479757289,0.000185012439033,0.000203001778573,0.00014488666784,0.000127270584926,0.0000799249392003,0.0000701835233485,0.0000250059019891,0.0000289142881229,0.0000164276680152,0.0000112783627628,0.0000126865033963,0.00000698721851222,0.00000958829514275,0.00000543943406228,0.0000051220149544,0.00000592508513364,0.00000345011312675,0.00000276729338111,0.00000189280376617,0.0000017665629457,0.00000117554236567,9.11651682145e-7,8.34921365822e-7,4.73994703043e-7,3.8813499259e-7,3.10861594244e-7,2.04890170608e-7,1.48681465362e-7,7.71605073169e-8,5.03591124357e-8,3.04342506752e-8,2.29927561435e-8,1.52749386473e-8,1.00692405525e-8,7.08627911905e-9,3.8241969591e-9,2.29319430112e-9,1.48511358766e-9,8.2526280254e-10],"min":[1.0302507645e-24,3.26435572961e-24,3.10957313418e-24,3.83047781394e-24,4.23479032711e-24,3.35355893748e-24,2.91395180134e-24,2.86085337659e-24,3.54743215456e-24,4.89367574857e-24,5.3724192603e-24,4.23480728762e-24,2.50930106405e-24,4.0928048305e-24,3.47067204418e-24,4.0305743547e-24,2.28332179978e-24,3.12099268465e-24,5.72670892018e-24,4.27706104428e-24,3.668474183e-24,7.21460392821e-24,4.61111523865e-24,6.23596951603e-24,4.53038400247e-24,5.39236205842e-24,6.02583748126e-24,6.95930250687e-24,5.42452786183e-24,5.63232920705e-24,6.76018060375e-24,7.29132775099e-24,6.24086794782e-24,6.22144382575e-24,5.66259306682e-24,5.49131519265e-24,7.3256384672e-24,8.67234867243e-24,7.2451517779e-24,7.87958290573e-24],"var":[0.00000110624296212,0.00000113509520361,0.000002337261094,4.6442133339e-7,5.20952596617e-7,4.90647551032e-7,5.18087745149e-7,4.0445979721e-7,1.37095796049e-7,2.65558412593e-7,3.04643947402e-7,4.20946633994e-7,1.40935583204e-7,2.25982770274e-8,1.28551205236e-8,2.01508711939e-8,2.58524739394e-8,1.54597277202e-8,4.81468376279e-9,8.03347344203e-9,7.51343787186e-9,1.08960696021e-9,2.15967421724e-9,8.83249362538e-10,8.95142016066e-11,1.53235896194e-10,4.29954821746e-10,4.53916765286e-10,6.01435637404e-11,1.17151019788e-11,1.12481924816e-11,1.55041205568e-11,2.81039323757e-11,2.11797593352e-11,4.73237837806e-11,2.38008446285e-10,9.79591477379e-11,4.86374308883e-11,2.17678375325e-11,3.96779917949e-12]},"melbands_crest":{"dmean":2.24224829674,"dmean2":3.27155947685,"dvar":4.81674623489,"dvar2":11.6252384186,"max":32.6135101318,"mean":13.8791189194,"median":13.0168180466,"min":1.87320864201,"var":24.2973918915},"melbands_flatness_db":{"dmean":0.0134144686162,"dmean2":0.0193329043686,"dvar":0.000190745529835,"dvar2":0.000413554225815,"max":0.499105870724,"mean":0.259813725948,"median":0.260976791382,"min":0.00438878452405,"var":0.00804976467043},"melbands_kurtosis":{"dmean":3.36515784264,"dmean2":5.03168296814,"dvar":25.5950603485,"dvar2":59.9240989685,"max":117.683105469,"mean":10.3748989105,"median":6.34665775299,"min":-1.91485118866,"var":146.54800415},"melbands_skewness":{"dmean":0.411114424467,"dmean2":0.5921189785,"dvar":0.187001094222,"dvar2":0.412142336369,"max":9.21120166779,"mean":2.30626440048,"median":2.09156084061,"min":-1.61268043518,"var":1.67463445663},"melbands_spread":{"dmean":3.82850337029,"dmean2":5.80197095871,"dvar":90.9437789917,"dvar2":184.060012817,"max":264.235412598,"mean":17.9037303925,"median":13.0973930359,"min":1.10189831257,"var":415.535430908},"mfcc":{"cov":[[19959.5664062,-961.683410645,-1087.78503418,753.870544434,-188.238052368,-540.151916504,112.243843079,348.779510498,-370.803100586,402.906921387,-482.206451416,276.198059082,36.7395973206],[-961.683410645,3767.30444336,-646.950744629,435.471343994,44.2787742615,346.931152344,158.293045044,-72.6407165527,151.60975647,-120.412414551,247.611816406,-56.8107910156,46.869934082],[-1087.78503418,-646.950744629,709.78894043,-109.133636475,63.7875404358,-4.22002315521,-28.3317432404,9.88624954224,9.72849750519,-2.72629594803,4.50707864761,5.31876516342,-17.7355270386],[753.870544434,435.471343994,-109.133636475,490.470794678,-40.2795028687,115.078903198,16.5178031921,32.8187637329,34.68384552,-40.4985389709,15.3058757782,-9.98481559753,11.7694721222],[-188.238052368,44.2787742615,63.7875404358,-40.2795028687,180.404418945,-23.9713230133,-2.90271687508,11.3096933365,0.331508845091,16.534778595,-21.9714336395,-11.4449586868,20.2016811371],[-540.151916504,346.931152344,-4.22002315521,115.078903198,-23.9713230133,210.647720337,38.0405654907,9.50269317627,47.3963737488,-50.3899536133,56.5295181274,-18.6868038177,-14.88285923],[112.243843079,158.293045044,-28.3317432404,16.5178031921,-2.90271687508,38.0405654907,183.376876831,51.8655204773,12.0974435806,11.9304828644,-1.0804040432,-3.43598365784,-23.9536743164],[348.779510498,-72.6407165527,9.88624954224,32.8187637329,11.3096933365,9.50269317627,51.8655204773,121.671791077,20.8614292145,21.7705459595,-19.1319961548,-3.68823838234,1.67246687412],[-370.803100586,151.60975647,9.72849750519,34.68384552,0.331508845091,47.3963737488,12.0974435806,20.8614292145,109.622589111,9.57883167267,27.9047279358,-12.1746644974,-10.0335130692],[402.906921387,-120.412414551,-2.72629594803,-40.4985389709,16.534778595,-50.3899536133,11.9304828644,21.7705459595,9.57883167267,104.130622864,-2.5636382103,16.8466949463,0.750245511532],[-482.206451416,247.611816406,4.50707864761,15.3058757782,-21.9714336395,56.5295181274,-1.0804040432,-19.1319961548,27.9047279358,-2.5636382103,130.176269531,20.8466377258,14.4517536163],[276.198059082,-56.8107910156,5.31876516342,-9.98481559753,-11.4449586868,-18.6868038177,-3.43598365784,-3.68823838234,-12.1746644974,16.8466949463,20.8466377258,84.03150177,24.8610515594],[36.7395973206,46.869934082,-17.7355270386,11.7694721222,20.2016811371,-14.88285923,-23.9536743164,1.67246687412,-10.0335130692,0.750245511532,14.4517536163,24.8610515594,75.2588806152]],"icov":[[0.0000929261150304,0.00000470429495181,0.000113670081191,-0.000195607019123,0.0000682110839989,0.00013360925368,0.0000201623170142,-0.000211491453229,0.000282043794869,-0.000304311339278,0.000244622933678,-0.000296433252515,0.000119898482808],[0.00000470429495181,0.000528673408553,0.000468731683213,-0.000264936883468,-0.000507736345753,-0.000305697787553,-0.000482623523567,0.00050891347928,-0.000409445434343,0.000357768527465,-0.000776504108217,0.000288674229523,-0.000273138750345],[0.000113670081191,0.000468731683213,0.00211272016168,-0.000108352440293,-0.00098813418299,-0.00022524940141,0.000023298916858,-0.000232321515796,-0.0001490257564,0.000289156363579,-0.000585421395954,-0.000528273405507,0.000664874445647],[-0.000195607019123,-0.000264936883468,-0.000108352440293,0.00310586742125,0.000511218095198,-0.00144562008791,0.000387747830246,-0.000494928332046,-0.000769769481849,0.000941498379689,0.000266045390163,0.000469458085718,-0.000857634237036],[0.0000682110839989,-0.000507736345753,-0.00098813418299,0.000511218095198,0.00706325331703,0.000424573139753,0.000213404593524,-0.000693820649758,0.000271041149972,-0.00161847041454,0.0020996411331,0.00117202813271,-0.00249666790478],[0.00013360925368,-0.000305697787553,-0.00022524940141,-0.00144562008791,0.000424573139753,0.00849579460919,-0.00105841318145,-0.00107906782068,-0.0014550962951,0.0029580546543,-0.00240257615224,0.000350179936504,0.00167357793543],[0.0000201623170142,-0.000482623523567,0.000023298916858,0.000387747830246,0.000213404593524,-0.00105841318145,0.00738488184288,-0.00348720932379,0.000995093258098,-0.00108036014717,0.000612124335021,-0.00101218628697,0.00275722844526],[-0.000211491453229,0.00050891347928,-0.000232321515796,-0.000494928332046,-0.000693820649758,-0.00107906782068,-0.00348720932379,0.0118704633787,-0.00289767608047,-0.00119702646043,0.00105051870923,0.00137433537748,-0.00262202555314],[0.000282043794869,-0.000409445434343,-0.0001490257564,-0.000769769481849,0.000271041149972,-0.0014550962951,0.000995093258098,-0.00289767608047,0.0127389328554,-0.00341607257724,-0.000919600075576,0.000519563502166,0.00196054275148],[-0.000304311339278,0.000357768527465,0.000289156363579,0.000941498379689,-0.00161847041454,0.0029580546543,-0.00108036014717,-0.00119702646043,-0.00341607257724,0.0140800308436,-0.00255494471639,-0.00126214465126,0.000860570929945],[0.000244622933678,-0.000776504108217,-0.000585421395954,0.000266045390163,0.0020996411331,-0.00240257615224,0.000612124335021,0.00105051870923,-0.000919600075576,-0.00255494471639,0.012554098852,-0.00357881141827,-0.0020082697738],[-0.000296433252515,0.000288674229523,-0.000528273405507,0.000469458085718,0.00117202813271,0.000350179936504,-0.00101218628697,0.00137433537748,0.000519563502166,-0.00126214465126,-0.00357881141827,0.0162367839366,-0.0054256268777],[0.000119898482808,-0.000273138750345,0.000664874445647,-0.000857634237036,-0.00249666790478,0.00167357793543,0.00275722844526,-0.00262202555314,0.00196054275148,0.000860570929945,-0.0020082697738,-0.0054256268777,0.0180575847626]],"mean":[-761.372375488,154.489318848,0.30699557066,13.2609682083,7.93410825729,1.25167226791,-1.81359446049,-2.01322388649,-5.98515176773,1.81719613075,-5.16066503525,-0.230819255114,-2.37422251701]},"pitch_salience":{"dmean":0.0485636815429,"dmean2":0.0731933489442,"dvar":0.00195469707251,"dvar2":0.00460750143975,"max":0.813958287239,"mean":0.574070692062,"median":0.585076212883,"min":0.178776621819,"var":0.00976141355932},"silence_rate_20dB":{"dmean":0,"dmean2":0,"dvar":0,"dvar2":0,"max":1,"mean":1,"median":1,"min":1,"var":0},"silence_rate_30dB":{"dmean":0.00303905177861,"dmean2":0.00607902742922,"dvar":0.00302997650579,"dvar2":0.00665052747354,"max":1,"mean":0.993922829628,"median":1,"min":0,"var":0.00604086602107},"silence_rate_60dB":{"dmean":0.0170186907053,"dmean2":0.0340425521135,"dvar":0.0167292896658,"dvar2":0.0392672605813,"max":1,"mean":0.315861433744,"median":0,"min":0,"var":0.216086089611},"spectral_centroid":{"dmean":117.766189575,"dmean2":178.939758301,"dvar":50235.9453125,"dvar2":99651.3203125,"max":11577.7109375,"mean":905.889831543,"median":689.092407227,"min":188.806304932,"var":580770.6875},"spectral_complexity":{"dmean":1.50129163265,"dmean2":2.47294831276,"dvar":4.01998329163,"dvar2":9.03248500824,"max":54,"mean":10.4284410477,"median":10,"min":0,"var":76.2012710571},"spectral_contrast_coeffs":{"dmean":[0.0333226434886,0.0340418145061,0.0321455039084,0.0267133843154,0.0181957781315,0.0126334661618],"dmean2":[0.0528692938387,0.0532284155488,0.0513308905065,0.0439824387431,0.0299434177577,0.0204846989363],"dvar":[0.000797479122411,0.000881941057742,0.00078729953384,0.000550265714992,0.000303675740724,0.000172565720277],"dvar2":[0.00215398496948,0.00215111905709,0.00184262578841,0.00134149868973,0.000689450884238,0.000395316747017],"max":[-0.298725455999,-0.408141613007,-0.411836087704,-0.515964388847,-0.528404533863,-0.587975740433],"mean":[-0.656404793262,-0.710969030857,-0.771754324436,-0.775422275066,-0.796381056309,-0.785803079605],"median":[-0.665204584599,-0.718150615692,-0.787855029106,-0.787740170956,-0.804728507996,-0.78511351347],"min":[-0.972452044487,-0.973193109035,-0.972300171852,-0.970578074455,-0.96513068676,-0.964256167412],"var":[0.00743152061477,0.0065335878171,0.00601242203265,0.00388986431062,0.00293520255946,0.00238125561737]},"spectral_contrast_valleys":{"dmean":[0.291323930025,0.271783053875,0.250717073679,0.202396228909,0.153363019228,0.13756737113],"dmean2":[0.475139349699,0.437919795513,0.421864539385,0.339350223541,0.251456469297,0.212858363986],"dvar":[0.0785481259227,0.0687340199947,0.0569291636348,0.0437373146415,0.0406036451459,0.0475623607635],"dvar2":[0.209253400564,0.161943539977,0.137049049139,0.0997668504715,0.0825698450208,0.0890895575285],"max":[-5.22359037399,-4.75012683868,-5.15357351303,-5.61013650894,-5.53738975525,-7.43842029572],"mean":[-8.10462760925,-7.6322684288,-8.23788261414,-8.85483932495,-9.14978981018,-12.1516113281],"median":[-7.71722126007,-7.24910974503,-7.854139328,-8.40797996521,-8.68808269501,-12.3986539841],"min":[-28.2189254761,-27.3853855133,-27.9229106903,-27.483297348,-27.458190918,-27.3265323639],"var":[3.07709956169,2.60394620895,2.51247167587,2.66796302795,3.61374020576,5.03674602509]},"spectral_decrease":{"dmean":7.84939668819e-10,"dmean2":1.12764297899e-9,"dvar":2.78344559724e-18,"dvar2":6.22706404137e-18,"max":5.98948925635e-29,"mean":-3.95884525162e-9,"median":-2.19430873472e-9,"min":-4.68286351918e-8,"var":2.22343534764e-17},"spectral_energy":{"dmean":0.00318011827767,"dmean2":0.00457021733746,"dvar":0.0000462105708721,"dvar2":0.000102018995676,"max":0.185958877206,"mean":0.0161129850894,"median":0.00885113421828,"min":1.00343389872e-20,"var":0.000373135844711},"spectral_energyband_high":{"dmean":0.000201367438422,"dmean2":0.000294814963127,"dvar":9.78694060905e-7,"dvar2":0.00000196655969376,"max":0.0318579152226,"mean":0.000517659995239,"median":0.000015565465219,"min":7.14069318341e-21,"var":0.00000255211307376},"spectral_energyband_low":{"dmean":0.000995020731352,"dmean2":0.00134930817876,"dvar":0.0000052969103308,"dvar2":0.0000115342481877,"max":0.110782757401,"mean":0.004730372224,"median":0.00153506477363,"min":3.31208236658e-23,"var":0.0000541570516361},"spectral_energyband_middle_high":{"dmean":0.00112147373147,"dmean2":0.00160658615641,"dvar":0.0000142959770528,"dvar2":0.0000266429797193,"max":0.120625652373,"mean":0.00372178177349,"median":0.000738043221645,"min":1.35556222171e-21,"var":0.0000797765969764},"spectral_energyband_middle_low":{"dmean":0.00224353582598,"dmean2":0.00327133457176,"dvar":0.0000255165141425,"dvar2":0.0000633469535387,"max":0.112259782851,"mean":0.00881906691939,"median":0.00476248841733,"min":1.92625469476e-22,"var":0.000115253729746},"spectral_entropy":{"dmean":0.106096938252,"dmean2":0.15300950408,"dvar":0.0144775444642,"dvar2":0.027641473338,"max":9.81896400452,"mean":7.07058906555,"median":7.0153427124,"min":5.56332206726,"var":0.349155306816},"spectral_flux":{"dmean":0.0109500372782,"dmean2":0.0179314371198,"dvar":0.000373955874238,"dvar2":0.000902450294234,"max":0.361009210348,"mean":0.0411425717175,"median":0.0325820222497,"min":6.32222676988e-11,"var":0.00171551120002},"spectral_kurtosis":{"dmean":4.52503252029,"dmean2":7.95021486282,"dvar":36.2965774536,"dvar2":113.022140503,"max":63.2849884033,"mean":11.5636024475,"median":7.52174901962,"min":-1.25548660755,"var":114.373649597},"spectral_rms":{"dmean":0.000317414203892,"dmean2":0.000443031662144,"dvar":2.57365769585e-7,"dvar2":5.2081747981e-7,"max":0.013469346799,"mean":0.00321432808414,"median":0.00293857976794,"min":3.12883356376e-12,"var":0.00000538807171324},"spectral_rolloff":{"dmean":275.636260986,"dmean2":452.481750488,"dvar":588224.6875,"dvar2":1191100.5,"max":19078.4179688,"mean":1160.82519531,"median":689.0625,"min":107.666015625,"var":2601241},"spectral_skewness":{"dmean":0.357274085283,"dmean2":0.613896489143,"dvar":0.16176019609,"dvar2":0.494588464499,"max":6.01572942734,"mean":2.2462785244,"median":2.01728200912,"min":-0.197222724557,"var":0.938276767731},"spectral_spread":{"dmean":318569.5625,"dmean2":488304.96875,"dvar":458220109824,"dvar2":830220140544,"max":41563496,"mean":3630785.75,"median":2569082.5,"min":1107379.375,"var":7440292118530},"spectral_strongpeak":{"dmean":0.323472797871,"dmean2":0.517580509186,"dvar":0.601215004921,"dvar2":1.40386533737,"max":14.1519784927,"mean":0.79661232233,"median":0.318626582623,"min":0,"var":1.70806419849},"zerocrossingrate":{"dmean":0.00614324724302,"dmean2":0.00733045209199,"dvar":0.000141568641993,"dvar2":0.000144358127727,"max":0.51904296875,"mean":0.0468109771609,"median":0.033203125,"min":0.00341796875,"var":0.00206089648418}},"metadata":{"audio_properties":{"analysis_sample_rate":44100,"bit_rate":0,"codec":"flac","downmix":"mix","equal_loudness":0,"length":152.800003052,"lossless":true,"md5_encoded":"42e4a223985fbf1ef28f5a083a051c23","replay_gain":-9.80448150635},"tags":{"album":["Made in Heaven"],"albumartist":["Queen"],"albumartistsort":["Queen"],"artist":["Queen"],"artistsort":["Queen"],"asin":["B0000255EM"],"barcode":["724383608829"],"catalognumber":["CDPCSD 167"],"date":["1995-11-06"],"file_name":"01 It's a Beautiful Day.flac","format":["CD"],"label":["Parlophone"],"language":["eng"],"musicbrainz_albumartistid":["0383dadf-2a4e-4d10-a46a-e9e041da8eb3"],"musicbrainz_albumid":["97a776fd-9b24-4ada-9f52-81ef96ccf4b9"],"musicbrainz_artistid":["0383dadf-2a4e-4d10-a46a-e9e041da8eb3"],"musicbrainz_recordingid":["325f12a8-6001-499b-a802-feb2613f76e8"],"releasecountry":["GB"],"releasestatus":["official"],"releasetype":["album"],"replaygain_album_gain":["-7.28 dB"],"replaygain_album_peak":["0.99218750"],"replaygain_reference_loudness":["89.0 dB"],"replaygain_track_gain":["-4.59 dB"],"replaygain_track_peak":["0.98443604"],"script":["Latn"],"title":["It's a Beautiful Day"],"totaltracks":["13"],"tracknumber":["1"],"tracktotal":["13"]},"version":{"essentia":"2.1-beta1","essentia_build_sha":"d95b123ab7c93145a6f110a2dd6bea92b4529a00","essentia_git_sha":"v2.1_beta1-6-g5578087-dirty","extractor":"music 1.0"}},"rhythm":{"beats_count":286,"beats_loudness":{"dmean":0.0106917023659,"dmean2":0.0176440421492,"dvar":0.000279107160168,"dvar2":0.000727653095964,"max":0.14357341826,"mean":0.0193116459996,"median":0.0119889602065,"min":8.41057534728e-9,"var":0.000512392842211},"beats_loudness_band_ratio":{"dmean":[0.157392323017,0.151361510158,0.137842431664,0.0873353853822,0.038398232311,0.030553760007],"dme