{"lowlevel":{"average_loudness":0.970030784607,"barkbands":{"dmean":[0.00619975524023,0.017817305401,0.00574283674359,0.00324798678048,0.00302576832473,0.00317514059134,0.00198355619796,0.00126547296531,0.00145409454126,0.001812291448,0.0008346682298,0.00114962400403,0.0009398648981,0.000564236775972,0.00047985315905,0.000192033970961,0.000142701421282,0.000126499784528,0.000134953806992,0.00011866632849,0.0000735079011065,0.0000598166734562,0.0000490946549689,0.0000316307850881,0.000013701395801,0.000039235506847,0.000415301590692],"dmean2":[0.010210420005,0.0297267604619,0.0100135467947,0.0055441884324,0.00512993242592,0.00513754133135,0.0032525442075,0.0021078591235,0.00238306820393,0.0029300970491,0.00138153042644,0.00194153143093,0.00161638855934,0.000961498531979,0.000810795405414,0.000330296781613,0.000240099630901,0.000209749588976,0.000223338836804,0.000196302717086,0.000117865551147,0.0000963318234426,0.0000795895975898,0.0000512419865117,0.0000225807616516,0.0000625073371339,0.000698299088981],"dvar":[0.000118306255899,0.00058991718106,0.0000666976120556,0.0000205670967262,0.0000172342242877,0.0000269844586001,0.0000104797827589,0.00000270044370154,0.00000777720742917,0.00000852037283039,0.00000268676467385,0.00000167906398474,0.00000136928872507,3.83780985658e-7,3.17480044032e-7,6.24633713642e-8,3.44601822633e-8,2.97385351899e-8,5.30575050561e-8,1.00872412645e-7,2.52602472273e-8,1.1975912706e-8,1.05835349373e-8,4.68706939927e-9,5.81790171594e-10,6.66039134956e-9,1.28084650441e-7],"dvar2":[0.000280168489553,0.00149083929136,0.000184967939276,0.0000520763314853,0.0000456591624243,0.0000666425694362,0.0000280187978206,0.00000678072865412,0.0000184232394531,0.0000198142533918,0.0000067662103902,0.00000424212021244,0.00000375377680939,0.00000102282376702,8.22583274385e-7,1.64620530541e-7,9.12111133289e-8,7.21406863136e-8,1.33187413098e-7,2.69021541044e-7,6.22657623239e-8,2.98352240691e-8,2.76790022014e-8,1.2054192311e-8,1.51478940502e-9,1.68880962548e-8,3.5436323742e-7],"max":[0.13601025939,0.213919460773,0.108267724514,0.0549257695675,0.0478140376508,0.0510091520846,0.0542528443038,0.0305109266192,0.0550342611969,0.0465143620968,0.0405144244432,0.0230605844408,0.0166850686073,0.010216745548,0.0113326348364,0.00377004547045,0.00288341287524,0.00303042074665,0.00433573266491,0.0078466469422,0.00238804216497,0.00253131054342,0.00252463528886,0.000853788631503,0.000393312773667,0.000992121873423,0.00374767160974],"mean":[0.00606983527541,0.0224660355598,0.00744214467704,0.00407925527543,0.00430856924504,0.00477027753368,0.00307813519612,0.00190326338634,0.00212542479858,0.00264153582975,0.00122123595793,0.00210089143366,0.0016595289344,0.00109466770664,0.000856519269291,0.000315601151669,0.000257822801359,0.000198743960937,0.000202383031137,0.00016606002464,0.000123003337649,0.0000891834279173,0.0000612591102254,0.000034038326703,0.0000132690993269,0.0000483665608044,0.00139863195363],"median":[0.00195540930144,0.0143870562315,0.00507873203605,0.00249281595461,0.00306862685829,0.00237192795612,0.00185831158888,0.00132901594043,0.00123269390315,0.00149362965021,0.000676452647895,0.00170569028705,0.00130898400676,0.000958145421464,0.000715960050002,0.000253084290307,0.000206439086469,0.00012927359785,0.000120367541967,0.0000887856949703,0.000072625822213,0.0000490674683533,0.0000294270648737,0.0000132480163302,0.00000485305508846,0.0000216963198909,0.00134779256769],"min":[5.20217035657e-25,6.05032135718e-24,9.3838268588e-25,1.29622212123e-24,7.44495131253e-24,8.47929389854e-24,6.93581338455e-24,2.06204722305e-23,1.91282881857e-23,1.16252104463e-23,1.38952215988e-23,2.64132450961e-23,3.67487539481e-23,4.06880697179e-23,5.52178715392e-23,6.76074684811e-23,4.8916327566e-23,8.48632201812e-23,1.45701851888e-22,1.97930300317e-22,2.44760996401e-22,3.09965184357e-22,4.23748613303e-22,6.65405057078e-22,9.24072724605e-22,1.37607250427e-21,1.85965206467e-21],"var":[0.000119691634609,0.000659973535221,0.0000709385349182,0.0000256040257227,0.000019750708816,0.0000444423858426,0.0000163443310157,0.00000410542997997,0.0000109374832391,0.0000139048552228,0.00000352946676685,0.00000294338133244,0.0000021146781819,5.41080567018e-7,4.3813096795e-7,6.6157859635e-8,4.32998454869e-8,4.65566607488e-8,7.03102784883e-8,9.42464808418e-8,3.18386348397e-8,1.6749797993e-8,1.20889218636e-8,4.46223857864e-9,5.32945187981e-10,7.12524128588e-9,3.15279777396e-7]},"barkbands_crest":{"dmean":3.19202780724,"dmean2":5.33316040039,"dvar":7.51843070984,"dvar2":19.9183101654,"max":23.2814235687,"mean":9.1535320282,"median":8.49902534485,"min":2.66757678986,"var":12.8773956299},"barkbands_flatness_db":{"dmean":0.0268246065825,"dmean2":0.0422324612737,"dvar":0.000527780852281,"dvar2":0.00134668464307,"max":0.267280071974,"mean":0.118426539004,"median":0.116373255849,"min":0.0235497355461,"var":0.0012304908596},"barkbands_kurtosis":{"dmean":3.45138573647,"dmean2":5.72853040695,"dvar":19.2159614563,"dvar2":46.6395606995,"max":93.4076080322,"mean":5.80295276642,"median":4.53603744507,"min":-1.64584326744,"var":31.184841156},"barkbands_skewness":{"dmean":0.596013426781,"dmean2":0.971834242344,"dvar":0.330868601799,"dvar2":0.843612849712,"max":8.36612606049,"mean":2.02422475815,"median":1.96826648712,"min":-2.03179049492,"var":0.814297258854},"barkbands_spread":{"dmean":7.55431652069,"dmean2":12.3158845901,"dvar":47.6994247437,"dvar2":124.307197571,"max":105.518890381,"mean":27.7150211334,"median":26.3895530701,"min":2.22356057167,"var":103.574455261},"dissonance":{"dmean":0.0176037475467,"dmean2":0.0297497231513,"dvar":0.000264205300482,"dvar2":0.00071083358489,"max":0.500000119209,"mean":0.472678273916,"median":0.477736890316,"min":0.360629826784,"var":0.000411744927987},"dynamic_complexity":1.10179507732,"erbbands":{"dmean":[0.871958971024,2.98394918442,6.05741453171,9.20721244812,9.51724720001,10.6405410767,17.2833786011,29.5545406342,32.6199150085,24.4656009674,22.9976387024,34.1435928345,48.8369903564,47.7454032898,32.8677558899,43.4594268799,41.5967254639,26.0257415771,27.2920837402,17.4876594543,8.53653144836,7.96922636032,6.92701196671,6.49240398407,6.69843006134,5.61619520187,3.71021366119,2.474401474,2.06561326981,1.99443340302,1.32676529884,0.834750652313,0.424006789923,0.179066672921,0.0877529010177,0.0909834206104,0.0848635435104,0.0431959740818,0.0113045144826,0.00815378315747],"dmean2":[1.4328353405,5.13581800461,10.5485076904,15.7599725723,15.966755867,18.2402172089,28.5096225739,47.4500427246,53.3634147644,40.7298660278,38.0743865967,55.9870109558,79.5284347534,78.4887084961,54.4877815247,73.0886459351,70.8390197754,44.3282852173,46.2134017944,29.87084198,14.4997797012,13.40467453,11.4689350128,10.5784749985,11.0601072311,9.28505992889,5.95320272446,4.01139163971,3.30402040482,3.23829460144,2.15485167503,1.35416305065,0.687824964523,0.294080853462,0.145186915994,0.146962851286,0.135711714625,0.0673924013972,0.0175651740283,0.0131147084758],"dvar":[1.70309627056,17.7739372253,81.6505584717,143.821121216,185.691436768,262.619476318,806.487121582,2721.50244141,2966.55737305,1114.15808105,1264.09558105,5082.28662109,5863.11669922,8436.5703125,2547.5546875,2674.42919922,2880.63256836,981.908508301,715.766906738,779.652526855,112.881309509,107.781318665,93.78125,108.450973511,172.567672729,220.940322876,78.0190353394,25.0438289642,16.3487148285,14.672372818,8.56933879852,3.45553874969,0.819013178349,0.114475183189,0.0215227585286,0.0346844941378,0.034412574023,0.00604829145595,0.000285207497654,0.0000470798113383],"dvar2":[4.11353635788,48.1286697388,226.356231689,381.996612549,480.452697754,699.69152832,2018.42736816,6666.89697266,7720.90625,2986.76000977,3104.77905273,11774.7451172,13598.8261719,20552.7207031,6235.95117188,6705.27294922,7807.93066406,2520.50830078,1952.49206543,2001.65258789,299.464538574,284.485534668,230.659408569,267.653900146,452.721588135,587.004760742,195.247009277,61.2000427246,41.1189575195,37.8710098267,22.5370426178,8.94119358063,2.11460971832,0.297417908907,0.0560803115368,0.0885267183185,0.0879366248846,0.0151502126828,0.000679845747072,0.000115966155136],"max":[11.9175510406,49.4342689514,104.568878174,139.776824951,190.699676514,204.707489014,496.758728027,556.809570312,911.409179688,466.998626709,741.390441895,1612.50219727,1321.18151855,1276.2199707,1280.66137695,1172.07556152,872.168029785,580.471862793,322.940216064,895.121704102,135.702529907,177.762893677,169.630279541,193.354644775,248.96963501,342.598815918,161.635131836,69.2413711548,111.76739502,84.044593811,67.4287643433,27.7007217407,10.3794221878,4.99701499939,2.30795955658,2.23314189911,2.54198718071,1.33016717434,0.249479204416,0.0888655036688],"mean":[0.968371272087,3.76598167419,8.2311296463,12.6701965332,11.98985672,14.2563266754,24.3338680267,44.0214767456,52.8994979858,38.62657547,37.7736358643,49.5399017334,74.5617599487,70.1285934448,59.9109230042,84.6042251587,78.0592498779,54.2560958862,57.1542510986,30.7819805145,15.5992326736,14.7941970825,11.5988073349,10.1013526917,9.94765377045,7.90744495392,5.73887205124,4.20763158798,3.20180869102,2.65900397301,1.59774494171,0.924828708172,0.446163594723,0.176219940186,0.0846094861627,0.0966079980135,0.103187851608,0.0742881149054,0.0345557332039,0.0420403555036],"median":[0.468963980675,2.56066083908,5.86397743225,8.57149982452,7.43147182465,9.63295078278,14.875289917,20.06731987,30.5253295898,28.7151012421,27.0331954956,28.1378974915,47.9571075439,34.2513847351,42.7105102539,68.9657440186,61.479347229,46.5517883301,50.9398345947,24.8008537292,12.6455116272,12.0344057083,7.91156387329,6.4661450386,5.66489028931,4.27175331116,3.10757350922,2.5816681385,1.80406093597,1.37933456898,0.726569950581,0.363873869181,0.177326381207,0.0648133978248,0.0323596000671,0.0380984060466,0.0450099818408,0.0433510281146,0.0258144922554,0.0418272688985],"min":[9.59529068799e-23,5.26629807835e-22,2.09845300868e-21,1.08688220536e-20,8.04845281986e-21,2.28059737177e-20,4.96629901683e-20,7.38813230831e-20,1.27076707278e-19,2.60113121622e-19,4.8450238054e-19,4.64686596882e-19,4.56857228987e-19,4.95896948575e-19,8.53752187069e-19,1.39263280069e-18,2.01505333121e-18,2.14522612382e-18,2.73686188707e-18,3.60778174246e-18,3.68718074151e-18,3.76130935929e-18,5.81053310801e-18,6.77736703697e-18,8.82011851099e-18,1.07612525011e-17,9.70853199557e-18,1.11394179705e-17,1.03547858743e-17,1.08794640553e-17,1.26340349029e-17,1.26704639371e-17,1.05550090775e-17,8.88656675678e-18,6.86297774883e-18,4.65107942007e-18,2.53910616367e-18,9.54312068848e-19,2.50906420459e-19,2.85235107351e-20],"var":[1.86294269562,17.8165378571,83.2631607056,185.683074951,207.260192871,282.436981201,1075.08789062,4548.86572266,5343.18115234,1403.11730957,1912.79907227,7124.68261719,9027.55078125,12720.8251953,4205.68603516,4549.78759766,4520.0703125,1471.3404541,1116.27209473,812.207946777,132.264587402,136.536972046,141.460632324,150.77986145,205.822143555,207.804458618,90.7430419922,32.3094596863,22.070142746,18.6873550415,9.11356639862,3.36997914314,0.7522803545,0.103356391191,0.0199588667601,0.0322537831962,0.0354387834668,0.00981150381267,0.000835931452457,0.00018855977396]},"erbbands_crest":{"dmean":2.46150994301,"dmean2":4.13258361816,"dvar":5.71074485779,"dvar2":14.4183502197,"max":26.4578552246,"mean":7.49873113632,"median":6.61679363251,"min":2.74274039268,"var":10.2741289139},"erbbands_flatness_db":{"dmean":0.0204132180661,"dmean2":0.0302955899388,"dvar":0.000279312283965,"dvar2":0.000627979286946,"max":0.263453185558,"mean":0.132529228926,"median":0.131751388311,"min":0.0321437977254,"var":0.00094824883854},"erbbands_kurtosis":{"dmean":0.775170922279,"dmean2":1.25239288807,"dvar":0.632800996304,"dvar2":1.52697968483,"max":11.6446056366,"mean":0.606086075306,"median":0.314742326736,"min":-1.59705591202,"var":1.46087181568},"erbbands_skewness":{"dmean":0.322375953197,"dmean2":0.512950718403,"dvar":0.0655731260777,"dvar2":0.161754876375,"max":1.91400754452,"mean":0.132347717881,"median":0.104959607124,"min":-2.03419446945,"var":0.227484673262},"erbbands_spread":{"dmean":6.02765989304,"dmean2":9.49092197418,"dvar":32.3092193604,"dvar2":78.6396865845,"max":110.074562073,"mean":26.8699893951,"median":25.4529933929,"min":5.87288856506,"var":84.8008804321},"gfcc":{"cov":[[23986.7695312,1442.8260498,-1278.75158691,-73.7656936646,-512.291137695,-122.809402466,13.8790998459,-214.71270752,-27.2886238098,-45.2836112976,-68.5465240479,-63.9678916931,-205.796142578],[1442.8260498,692.472106934,-132.072006226,-175.465682983,119.209640503,-89.1834487915,54.8600311279,-62.0377235413,82.0820236206,-28.5973892212,58.8672218323,-33.1420593262,55.7198905945],[-1278.75158691,-132.072006226,228.715621948,36.7674217224,-3.51026892662,62.6905479431,-61.7286491394,52.7297668457,-2.62844729424,28.0225048065,-4.18029785156,4.03836107254,4.98163557053],[-73.7656936646,-175.465682983,36.7674217224,175.581130981,6.34146547318,11.5182695389,27.4904346466,14.3350114822,-21.874042511,8.91717529297,-16.9674396515,8.82838726044,-30.0392742157],[-512.291137695,119.209640503,-3.51026892662,6.34146547318,158.96824646,8.25849437714,36.4167747498,-2.96709871292,30.7616539001,-10.4119720459,10.7604942322,-12.8414011002,24.0462856293],[-122.809402466,-89.1834487915,62.6905479431,11.5182695389,8.25849437714,133.884017944,-21.7067375183,37.2247962952,-26.6995429993,0.485966563225,-18.1847839355,3.07510209084,-0.451196849346],[13.8790998459,54.8600311279,-61.7286491394,27.4904346466,36.4167747498,-21.7067375183,137.150726318,-19.7037353516,19.6337547302,-13.3485050201,3.84474802017,6.6097650528,1.62540817261],[-214.71270752,-62.0377235413,52.7297668457,14.3350114822,-2.96709871292,37.2247962952,-19.7037353516,86.4362792969,11.4039058685,19.8191261292,5.49973964691,-3.81743454933,6.90795993805],[-27.2886238098,82.0820236206,-2.62844729424,-21.874042511,30.7616539001,-26.6995429993,19.6337547302,11.4039058685,83.6863632202,30.4319782257,23.3511428833,11.7196149826,4.27527666092],[-45.2836112976,-28.5973892212,28.0225048065,8.91717529297,-10.4119720459,0.485966563225,-13.3485050201,19.8191261292,30.4319782257,65.1261062622,29.8529930115,12.2596645355,13.0927782059],[-68.5465240479,58.8672218323,-4.18029785156,-16.9674396515,10.7604942322,-18.1847839355,3.84474802017,5.49973964691,23.3511428833,29.8529930115,57.0924682617,25.3388767242,19.4535655975],[-63.9678916931,-33.1420593262,4.03836107254,8.82838726044,-12.8414011002,3.07510209084,6.6097650528,-3.81743454933,11.7196149826,12.2596645355,25.3388767242,57.0231552124,18.3237571716],[-205.796142578,55.7198905945,4.98163557053,-30.0392742157,24.0462856293,-0.451196849346,1.62540817261,6.90795993805,4.27527666092,13.0927782059,19.4535655975,18.3237571716,67.037109375]],"icov":[[0.000148129198351,-0.000743220734876,0.00092519930331,-0.00062656274531,0.000710439111572,-0.000430888263509,0.000402708275942,-0.000304370711092,0.000272528239293,-0.00079836853547,0.000950074114371,-0.000588763039559,0.000510613142978],[-0.000743220734876,0.00779071776196,-0.00385258998722,0.00446684472263,-0.00382791832089,0.00160477205645,-0.00205239839852,0.00439951196313,-0.00619974918664,0.00906497891992,-0.0110764829442,0.00907664559782,-0.00613067299128],[0.00092519930331,-0.00385258998722,0.0124473990873,-0.00530183920637,0.00422183936462,-0.00483438605443,0.00525161484256,-0.00313720665872,-0.000161352771102,-0.00517191039398,0.00544616580009,-0.00264333933592,0.00155323627405],[-0.00062656274531,0.00446684472263,-0.00530183920637,0.0144935548306,-0.00813992507756,0.00566084915772,-0.00557730533183,-0.00220549083315,0.00682333530858,-0.00443413574249,0.00224621011876,-0.00488971127197,0.00568828126416],[0.000710439111572,-0.00382791832089,0.00422183936462,-0.00813992507756,0.0157229807228,-0.0070162974298,0.00167684734333,0.00261722295545,-0.00859257392585,0.00570533983409,-0.00358719401993,0.00755464145914,-0.00618629530072],[-0.000430888263509,0.00160477205645,-0.00483438605443,0.00566084915772,-0.0070162974298,0.0145979402587,-0.00221729883924,-0.00612690625712,0.00891760736704,-0.00472722481936,0.00673788227141,-0.00771636236459,0.00404780497774],[0.000402708275942,-0.00205239839852,0.00525161484256,-0.00557730533183,0.00167684734333,-0.00221729883924,0.0117575107142,0.000996745191514,-0.0042351456359,0.00232698698528,0.000573717639782,-0.000564363028388,-0.00114806753118],[-0.000304370711092,0.00439951196313,-0.00313720665872,-0.00220549083315,0.00261722295545,-0.00612690625712,0.000996745191514,0.0211081877351,-0.0121026718989,0.00840536598116,-0.0129467519,0.0145167754963,-0.00960637815297],[0.000272528239293,-0.00619974918664,-0.000161352771102,0.00682333530858,-0.00859257392585,0.00891760736704,-0.0042351456359,-0.0121026718989,0.0352435410023,-0.0259234011173,0.0177451651543,-0.0221862625331,0.0172814819962],[-0.00079836853547,0.00906497891992,-0.00517191039398,-0.00443413574249,0.00570533983409,-0.00472722481936,0.00232698698528,0.00840536598116,-0.0259234011173,0.0474272370338,-0.0337313711643,0.0234239324927,-0.0188127048314],[0.000950074114371,-0.0110764829442,0.00544616580009,0.00224621011876,-0.00358719401993,0.00673788227141,0.000573717639782,-0.0129467519,0.0177451651543,-0.0337313711643,0.0558637604117,-0.0338905379176,0.0138859236613],[-0.000588763039559,0.00907664559782,-0.00264333933592,-0.00488971127197,0.00755464145914,-0.00771636236459,-0.000564363028388,0.0145167754963,-0.0221862625331,0.0234239324927,-0.0338905379176,0.0479067228734,-0.0220103170723],[0.000510613142978,-0.00613067299128,0.00155323627405,0.00568828126416,-0.00618629530072,0.00404780497774,-0.00114806753118,-0.00960637815297,0.0172814819962,-0.0188127048314,0.0138859236613,-0.0220103170723,0.0318366289139]],"mean":[43.823764801,97.4165115356,-86.6213226318,-9.05262947083,-15.6377296448,-3.97578310966,-1.70113945007,-16.8953342438,-0.800898194313,-3.80203104019,-1.34262096882,-3.16730427742,-7.63912963867]},"hfc":{"dmean":57.2252616882,"dmean2":92.5629425049,"dvar":2921.25512695,"dvar2":7571.72900391,"max":792.694458008,"mean":275.214263916,"median":269.612854004,"min":1.10261203655e-16,"var":8543.21191406},"melbands":{"dmean":[0.00626987498254,0.00315337791108,0.0015151220141,0.000670599634759,0.000576079357415,0.00065660913242,0.000463164498797,0.000275870668702,0.000190591992578,0.000220859859837,0.000252944068052,0.000208525045309,0.000108224980067,0.000136915477924,0.000116573377454,0.0000794523512013,0.0000516055006301,0.0000487421966682,0.0000340944388881,0.0000173437929334,0.00000956227631832,0.00000885167901288,0.00000749304763303,0.0000063022375798,0.00000543098394701,0.00000531493333256,0.00000481458528157,0.00000361522688763,0.00000263817173618,0.00000183411088983,0.00000141331452141,0.00000118434024898,0.00000129044258301,0.00000106199036054,7.89901150711e-7,6.87108979491e-7,4.47401276915e-7,3.22537545117e-7,2.11264406857e-7,1.31101842271e-7],"dmean2":[0.0102811167017,0.00544177833945,0.00256385793909,0.00114243477583,0.00095593475271,0.00105403945781,0.00075868627755,0.000461911375169,0.000316060555633,0.000363164785085,0.000412174849771,0.000342774001183,0.00017847091658,0.000233270373428,0.000198363573872,0.000136902599479,0.0000886969573912,0.000082779188233,0.000057796103647,0.0000297785099974,0.0000162337437359,0.0000149563666128,0.0000126034938148,0.0000104434420791,0.00000892108164408,0.00000877828188095,0.00000801087389846,0.00000602870750299,0.00000426456745117,0.00000298075860883,0.00000230951877711,0.00000191409935724,0.00000209604786505,0.00000173571299911,0.00000129056195419,0.00000112910220196,7.21144488125e-7,5.269517942e-7,3.45963258042e-7,2.17653067125e-7],"dvar":[0.0000792238643044,0.000021543353796,0.00000369258305,9.36461276524e-7,7.54180462081e-7,0.00000122135725178,5.77080072617e-7,1.30850310143e-7,9.51341121436e-8,2.17998092467e-7,1.6058096719e-7,1.52207860538e-7,3.91218684115e-8,2.48299691918e-8,1.94545766163e-8,1.08074367233e-8,3.80973474989e-9,2.28784924339e-9,2.01677607947e-9,7.89621146247e-10,1.45377057614e-10,1.3515383257e-10,1.05520758797e-10,8.10929379202e-11,8.10903566517e-11,8.92311988188e-11,1.70176053804e-10,8.65301025277e-11,4.31494145969e-11,1.48941275979e-11,7.7332749579e-12,5.62648842448e-12,6.27079941792e-12,4.4464822449e-12,3.08099379343e-12,2.83104963084e-12,8.95339303999e-13,5.09717973125e-13,1.86665353313e-13,6.12257437132e-14],"dvar2":[0.000192264211364,0.0000594464909227,0.00000957121392275,0.00000250282801062,0.00000190009279777,0.0000030030112157,0.00000152042400714,3.45741369756e-7,2.34748213757e-7,5.09211986355e-7,3.70971491748e-7,3.69953852442e-7,9.42453723951e-8,6.27648972795e-8,5.24629193421e-8,2.87168422375e-8,9.85565407063e-9,6.36305808044e-9,5.18991249976e-9,2.0768371467e-9,3.87557957948e-10,3.60109830844e-10,2.77339096133e-10,1.94205859727e-10,2.02921540682e-10,2.26967528105e-10,4.67263283621e-10,2.26073701426e-10,1.10072735648e-10,3.62547873667e-11,1.90301802094e-11,1.41675412721e-11,1.62164951606e-11,1.15638687861e-11,8.15719453789e-12,7.57926967715e-12,2.28281976655e-12,1.32556075491e-12,4.81212996967e-13,1.61464849195e-13],"max":[0.0765696614981,0.051757954061,0.0198673885316,0.0121410330757,0.0130304526538,0.0114900702611,0.0118497740477,0.00458682980388,0.00507804425433,0.0107957916334,0.00692564435303,0.00531887169927,0.00595191214234,0.00226849364117,0.00217133527622,0.00162003305741,0.00114157539792,0.000603840395343,0.000791069644038,0.000840004475322,0.000159518429427,0.00017281617329,0.000178277201485,0.000145584679558,0.000165249832207,0.00018642944633,0.000363673985703,0.000174875167431,0.000124149373733,0.0000676898562233,0.0000424097379437,0.0000687116480549,0.0000406208746426,0.0000508089578943,0.0000434631365351,0.0000249180320679,0.0000133386420202,0.0000084796365627,0.0000050352832659,0.00000439780797024],"mean":[0.00751137919724,0.00462157884613,0.00219833687879,0.000893213553354,0.000833295751363,0.00100265420042,0.000754397595301,0.000425051606726,0.000306012108922,0.000312043790473,0.000376785115805,0.000294372963253,0.000180029310286,0.000239696222707,0.000207199918805,0.000141228199936,0.0000972136404016,0.0000979502146947,0.0000583803157497,0.0000270768759947,0.0000162057749549,0.0000154900790221,0.0000122293386084,0.00000945932788454,0.00000792844275566,0.00000769256985222,0.00000654936775391,0.00000486142334921,0.00000374061482944,0.00000291148467113,0.00000226784845836,0.00000179243602361,0.00000170153123236,0.00000137350275509,9.48773049458e-7,7.2838122378e-7,4.9478848041e-7,3.37714681109e-7,2.11189515653e-7,1.24931190726e-7],"median":[0.00426393607631,0.00342438649386,0.00155097921379,0.000598307116888,0.000532502366696,0.000479087699205,0.000442776712589,0.000309753813781,0.000213161038118,0.000173852386069,0.000235533574596,0.000138424889883,0.000114449219836,0.000188678153791,0.00016799630248,0.000110740715172,0.0000828130650916,0.0000872919845278,0.0000473994186905,0.0000211647820834,0.0000126753939185,0.0000122279016068,0.00000929754969548,0.0000057525817283,0.00000491497939947,0.00000430303953181,0.00000339524331139,0.00000252285053648,0.0000019015859607,0.00000167800646977,0.00000138760196933,9.95250616143e-7,8.43093744152e-7,6.77495449963e-7,4.3107488068e-7,2.77378887859e-7,1.97393745793e-7,1.33884611841e-7,7.77128974505e-8,4.37271872045e-8],"min":[1.46170058584e-24,7.30551807677e-25,1.79666976026e-24,1.82871250136e-24,1.38871902059e-24,1.87903374129e-24,2.38607093268e-24,3.51747318953e-24,3.36672542042e-24,2.36253842302e-24,1.93891203109e-24,1.99581079325e-24,2.30147684186e-24,3.7066834498e-24,3.25763167647e-24,4.00805198143e-24,3.34787992783e-24,3.27835663017e-24,4.41011032456e-24,4.34915109811e-24,3.64276205065e-24,2.90523469112e-24,3.35836388926e-24,3.63381597356e-24,4.59593952699e-24,5.03041571459e-24,5.57583059459e-24,6.14627760883e-24,5.25564299721e-24,4.5147716563e-24,5.23458080547e-24,4.5507867065e-24,6.03704837802e-24,5.72234178621e-24,6.23464817401e-24,6.12145965032e-24,6.19526744876e-24,6.07774452883e-24,6.50579583879e-24,7.10493964061e-24],"var":[0.0000891403469723,0.0000223112674576,0.00000497881001138,9.79275114332e-7,0.00000104631089926,0.00000210819030144,0.0000010286471479,1.70020427959e-7,1.41179327784e-7,2.96028559887e-7,2.49196887125e-7,2.30713553151e-7,5.71618805623e-8,4.32024762631e-8,3.02538722963e-8,1.59842503678e-8,5.29147037298e-9,3.37513506032e-9,2.54956233903e-9,7.37552630081e-10,1.70690225842e-10,1.68207642259e-10,1.27619928514e-10,1.28606514327e-10,1.04661938838e-10,1.17193033056e-10,1.51457138498e-10,8.41374123151e-11,4.6982976537e-11,1.904485597e-11,9.76172007811e-12,7.40851130443e-12,7.75313060281e-12,5.4722025522e-12,3.32690233869e-12,2.48108955256e-12,9.21137840483e-13,4.55777885051e-13,1.66961388291e-13,5.32914810642e-14]},"melbands_crest":{"dmean":4.91731309891,"dmean2":7.98572635651,"dvar":19.8368377686,"dvar2":46.2798080444,"max":35.8931503296,"mean":15.0901231766,"median":14.0165147781,"min":1.70615780354,"var":36.7597389221},"melbands_flatness_db":{"dmean":0.0353505238891,"dmean2":0.0556259527802,"dvar":0.000872274220455,"dvar2":0.00227120611817,"max":0.413849800825,"mean":0.22992181778,"median":0.2308742553,"min":0.00292989402078,"var":0.00280219921842},"melbands_kurtosis":{"dmean":5.24525785446,"dmean2":8.68881130219,"dvar":50.078163147,"dvar2":123.698310852,"max":125.459518433,"mean":7.18544912338,"median":4.94983148575,"min":-1.66163253784,"var":74.4049835205},"melbands_skewness":{"dmean":0.790412902832,"dmean2":1.27026247978,"dvar":0.566865563393,"dvar2":1.42003393173,"max":9.30884170532,"mean":2.20617961884,"median":2.04593348503,"min":-0.550732433796,"var":1.20640361309},"melbands_spread":{"dmean":5.80982160568,"dmean2":9.5947675705,"dvar":33.2941055298,"dvar2":91.0021820068,"max":157.27961731,"mean":19.1618022919,"median":16.733045578,"min":1.29251122475,"var":218.152877808},"mfcc":{"cov":[[7209.06689453,1189.43103027,25.6309528351,245.277313232,-190.488220215,160.561950684,8.18208694458,64.7190246582,-83.6426315308,104.304237366,14.8746232986,27.6883010864,-12.9986991882],[1189.43103027,1149.45825195,-172.442138672,-9.75907611847,30.5464191437,39.6039276123,-22.8850460052,-5.91771602631,11.5479288101,14.6411075592,30.0591564178,16.0454120636,12.2017335892],[25.6309528351,-172.442138672,189.556060791,-44.3960456848,30.6260108948,-14.7158536911,-10.0523386002,-11.0556793213,-5.43902111053,-2.9429769516,5.62429523468,3.59355664253,1.74571192265],[245.277313232,-9.75907611847,-44.3960456848,178.188705444,-32.2832298279,19.5668849945,9.74470710754,8.44413471222,-6.73548364639,23.6306705475,2.11201262474,6.90544700623,-3.97819542885],[-190.488220215,30.5464191437,30.6260108948,-32.2832298279,149.999572754,0.927717208862,4.37603855133,-4.341152668,25.4613170624,-8.7267408371,18.8550300598,11.3183403015,3.82483124733],[160.561950684,39.6039276123,-14.7158536911,19.5668849945,0.927717208862,92.9228515625,26.4803447723,21.1458473206,8.2381772995,-1.49544835091,-7.72082328796,4.17112350464,-2.60751199722],[8.18208694458,-22.8850460052,-10.0523386002,9.74470710754,4.37603855133,26.4803447723,80.5606536865,22.9829120636,12.5749292374,4.58336305618,-13.889667511,-13.4119901657,-0.0541462264955],[64.7190246582,-5.91771602631,-11.0556793213,8.44413471222,-4.341152668,21.1458473206,22.9829120636,73.0275878906,4.20141363144,13.6387796402,-3.66946053505,-15.3978719711,-4.04095458984],[-83.6426315308,11.5479288101,-5.43902111053,-6.73548364639,25.4613170624,8.2381772995,12.5749292374,4.20141363144,64.8931808472,4.66272783279,9.46562576294,11.468495369,-1.59318983555],[104.304237366,14.6411075592,-2.9429769516,23.6306705475,-8.7267408371,-1.49544835091,4.58336305618,13.6387796402,4.66272783279,54.8194656372,14.59258461,-0.947032511234,2.99542951584],[14.8746232986,30.0591564178,5.62429523468,2.11201262474,18.8550300598,-7.72082328796,-13.889667511,-3.66946053505,9.46562576294,14.59258461,52.517162323,24.4866580963,8.5650806427],[27.6883010864,16.0454120636,3.59355664253,6.90544700623,11.3183403015,4.17112350464,-13.4119901657,-15.3978719711,11.468495369,-0.947032511234,24.4866580963,58.5051879883,16.5552406311],[-12.9986991882,12.2017335892,1.74571192265,-3.97819542885,3.82483124733,-2.60751199722,-0.0541462264955,-4.04095458984,-1.59318983555,2.99542951584,8.5650806427,16.5552406311,39.7118339539]],"icov":[[0.000222102098633,-0.000305012013996,-0.000454676657682,-0.000295583507977,0.000321609928505,-0.000213706021896,-0.0000812174403109,-0.000154023975483,0.000242500391323,-0.000199436428375,0.0000656495903968,-0.000196357112145,0.000188472913578],[-0.000305012013996,0.00152840954252,0.00178605515976,0.00077711296035,-0.000815300852992,-0.000355059542926,0.000617785321083,0.000508073950186,-0.000207950390177,-0.000173754349817,-0.000595833000261,0.000411076209275,-0.000500461901538],[-0.000454676657682,0.00178605515976,0.0080104554072,0.00233803200535,-0.00214919727296,0.000195845685084,0.000830862729345,0.00110011396464,0.000731858657673,-0.000745576631743,-0.000642592553049,0.0000291600390483,-0.00027055083774],[-0.000295583507977,0.00077711296035,0.00233803200535,0.00733374757692,0.000363871979062,-0.00102441292256,-0.000444102566689,0.000495546439197,0.00101164320949,-0.00288805505261,-0.000103009740997,-0.00158902362455,0.00118696107529],[0.000321609928505,-0.000815300852992,-0.00214919727296,0.000363871979062,0.00867643021047,-0.000361070007784,-0.00114597741049,-0.0000952293703449,-0.00240247161128,0.00180591689423,-0.00293237762526,-0.0000647626147838,0.0000429318824899],[-0.000213706021896,-0.000355059542926,0.000195845685084,-0.00102441292256,-0.000361070007784,0.0138296531513,-0.00364169827662,-0.00339773250744,-0.000804469105788,0.00174099940341,0.00232331827283,-0.00349578727037,0.00131269358099],[-0.0000812174403109,0.000617785321083,0.000830862729345,-0.000444102566689,-0.00114597741049,-0.00364169827662,0.0165755003691,-0.00277778902091,-0.0034144257661,-0.001166398637,0.0034745244775,0.00344294658862,-0.00291991862468],[-0.000154023975483,0.000508073950186,0.00110011396464,0.000495546439197,-0.0000952293703449,-0.00339773250744,-0.00277778902091,0.0174790304154,-0.000629624526482,-0.00371177191846,-0.00139991671313,0.00469343038276,-0.0000443107237516],[0.000242500391323,-0.000207950390177,0.000731858657673,0.00101164320949,-0.00240247161128,-0.000804469105788,-0.0034144257661,-0.000629624526482,0.0189820658416,-0.00229005794972,-0.0013830922544,-0.00483830133453,0.00357188121416],[-0.000199436428375,-0.000173754349817,-0.000745576631743,-0.00288805505261,0.00180591689423,0.00174099940341,-0.001166398637,-0.00371177191846,-0.00229005794972,0.0237900260836,-0.00815786514431,0.00373609806411,-0.00239170459099],[0.0000656495903968,-0.000595833000261,-0.000642592553049,-0.000103009740997,-0.00293237762526,0.00232331827283,0.0034745244775,-0.00139991671313,-0.0013830922544,-0.00815786514431,0.0293873231858,-0.0109507171437,-0.000693487527315],[-0.000196357112145,0.000411076209275,0.0000291600390483,-0.00158902362455,-0.0000647626147838,-0.00349578727037,0.00344294658862,0.00469343038276,-0.00483830133453,0.00373609806411,-0.0109507171437,0.0279233325273,-0.00984691549093],[0.000188472913578,-0.000500461901538,-0.00027055083774,0.00118696107529,0.0000429318824899,0.00131269358099,-0.00291991862468,-0.0000443107237516,0.00357188121416,-0.00239170459099,-0.000693487527315,-0.00984691549093,0.0301795396954]],"mean":[-612.787780762,161.470458984,-11.1332740784,15.1422815323,0.834025382996,21.2396030426,2.9162402153,5.57750606537,-2.15347385406,6.48739290237,3.22774338722,3.85155057907,1.12407886982]},"pitch_salience":{"dmean":0.0888361111283,"dmean2":0.145195096731,"dvar":0.00632549356669,"dvar2":0.0159191098064,"max":0.855418384075,"mean":0.586700856686,"median":0.601213395596,"min":0.133052349091,"var":0.0109578501433},"silence_rate_20dB":{"dmean":0,"dmean2":0,"dvar":0,"dvar2":0,"max":1,"mean":1,"median":1,"min":1,"var":0},"silence_rate_30dB":{"dmean":0.162248149514,"dmean2":0.324582338333,"dvar":0.135929554701,"dvar2":0.272788614035,"max":1,"mean":0.817916750908,"median":1,"min":0,"var":0.148923143744},"silence_rate_60dB":{"dmean":0.00212089088745,"dmean2":0.00397772481665,"dvar":0.0021163970232,"dvar2":0.00449221488088,"max":1,"mean":0.0267691500485,"median":0,"min":0,"var":0.0260526295751},"spectral_centroid":{"dmean":198.066604614,"dmean2":317.111999512,"dvar":64923.2226562,"dvar2":150999.34375,"max":11757.3349609,"mean":1080.02905273,"median":900.802001953,"min":207.135665894,"var":1310627.625},"spectral_complexity":{"dmean":4.01325559616,"dmean2":6.39803743362,"dvar":13.7918787003,"dvar2":32.7648048401,"max":58,"mean":26.6424598694,"median":26,"min":0,"var":52.8441810608},"spectral_contrast_coeffs":{"dmean":[0.0596062876284,0.0520229674876,0.0410045012832,0.0288445930928,0.0218883939087,0.0319224782288],"dmean2":[0.0989373996854,0.086760468781,0.068890415132,0.0495185367763,0.0365397892892,0.0505809932947],"dvar":[0.00220996839926,0.00169332511723,0.00104617001489,0.000521220208611,0.000329121015966,0.000679505348671],"dvar2":[0.00597347784787,0.00460952427238,0.00285742501728,0.00142295390833,0.000924279796891,0.00175754481461],"max":[-0.370051264763,-0.515591681004,-0.613747358322,-0.664105415344,-0.688141107559,-0.582947731018],"mean":[-0.688968479633,-0.760654211044,-0.794124007225,-0.802889049053,-0.812627255917,-0.747926056385],"median":[-0.68842279911,-0.765815198421,-0.798121809959,-0.803565204144,-0.813636898994,-0.74662733078],"min":[-0.983104348183,-0.981495261192,-0.975992560387,-0.967229962349,-0.968785881996,-0.963737726212],"var":[0.00551862875,0.00450427131727,0.00249500619248,0.00126986554824,0.000979139353149,0.00285821408033]},"spectral_contrast_valleys":{"dmean":[0.401229560375,0.329204112291,0.284859031439,0.245926126838,0.298616439104,0.511833250523],"dmean2":[0.663790524006,0.547680795193,0.473846167326,0.408630698919,0.459702312946,0.77212536335],"dvar":[0.111209638417,0.0845349058509,0.0718722864985,0.0630849078298,0.0998442992568,0.187588199973],"dvar2":[0.279949218035,0.204377174377,0.16511157155,0.139202728868,0.214307889342,0.462083101273],"max":[-4.88772678375,-4.67310810089,-5.15486717224,-5.51205730438,-5.61358547211,-8.43408679962],"mean":[-6.48223638535,-6.10302400589,-6.44552326202,-6.86004257202,-7.57241868973,-10.590382576],"median":[-6.12748575211,-5.74224376678,-6.10754394531,-6.52632427216,-7.24346828461,-10.3387594223],"min":[-27.9464454651,-27.857252121,-27.9764823914,-27.667924881,-27.4469451904,-27.4037494659],"var":[6.04770755768,6.2811293602,6.04570627213,5.73231506348,5.4781999588,4.21119594574]},"spectral_decrease":{"dmean":7.22288806543e-9,"dmean2":1.16882299395e-8,"dvar":7.42570623801e-17,"dvar2":1.80683456715e-16,"max":2.37354935706e-9,"mean":-1.43092560023e-8,"median":-1.21790311169e-8,"min":-7.38004075629e-8,"var":1.05605434121e-16},"spectral_energy":{"dmean":0.0272668432444,"dmean2":0.0444454066455,"dvar":0.00103811512236,"dvar2":0.00256398972124,"max":0.300241202116,"mean":0.0789692252874,"median":0.0716594308615,"min":9.88141801041e-21,"var":0.00156560051255},"spectral_energyband_high":{"dmean":0.000361106503988,"dmean2":0.000576718244702,"dvar":3.3449666148e-7,"dvar2":8.15440273527e-7,"max":0.00898324511945,"mean":0.000859946769197,"median":0.000650970265269,"min":7.10684824855e-21,"var":5.31208570465e-7},"spectral_energyband_low":{"dmean":0.0241831988096,"dmean2":0.039871852845,"dvar":0.000986156868748,"dvar2":0.00241565285251,"max":0.258173406124,"mean":0.0371380597353,"median":0.0271432325244,"min":1.63314339111e-23,"var":0.00122781889513},"spectral_energyband_middle_high":{"dmean":0.00341291213408,"dmean2":0.00544905802235,"dvar":0.0000153173932631,"dvar2":0.0000371176211047,"max":0.0517805889249,"mean":0.0102964844555,"median":0.00870802719146,"min":1.20110451865e-21,"var":0.0000389037559216},"spectral_energyband_middle_low":{"dmean":0.00841789785773,"dmean2":0.0137355476618,"dvar":0.0000719394884072,"dvar2":0.000187783341971,"max":0.0838130563498,"mean":0.0210869219154,"median":0.0184472464025,"min":2.0444448648e-22,"var":0.000149103056174},"spectral_entropy":{"dmean":0.162337645888,"dmean2":0.245330780745,"dvar":0.0185582712293,"dvar2":0.0427790656686,"max":9.82990646362,"mean":7.60117769241,"median":7.5837726593,"min":6.6109919548,"var":0.12514539063},"spectral_flux":{"dmean":0.0394122488797,"dmean2":0.0650126934052,"dvar":0.00164589216001,"dvar2":0.00406428147107,"max":0.4387588799,"mean":0.168365523219,"median":0.160294771194,"min":6.26979718144e-11,"var":0.00341681553982},"spectral_kurtosis":{"dmean":5.03795528412,"dmean2":7.47953557968,"dvar":32.4401435852,"dvar2":75.1100769043,"max":79.6124343872,"mean":18.2047843933,"median":16.7220668793,"min":-1.24966597557,"var":82.8060836792},"spectral_rms":{"dmean":0.00141859299038,"dmean2":0.00227816146798,"dvar":0.00000205730088965,"dvar2":0.00000497189967064,"max":0.0171148534864,"mean":0.00845905859023,"median":0.00836131814867,"min":3.10490066817e-12,"var":0.00000548763682673},"spectral_rolloff":{"dmean":6470.53564453,"dmean2":12345.3896484,"dvar":71231520,"dvar2":146052240,"max":22050,"mean":12346.1259766,"median":20155.078125,"min":64.599609375,"var":91838448},"spectral_skewness":{"dmean":0.420249998569,"dmean2":0.616604149342,"dvar":0.175414770842,"dvar2":0.392971873283,"max":7.4798116684,"mean":2.98100686073,"median":2.92626190186,"min":-0.0767601206899,"var":0.673237025738},"spectral_spread":{"dmean":565050.9375,"dmean2":847474.6875,"dvar":666185826304,"dvar2":1595269447680,"max":48554224,"mean":4574434,"median":4009686,"min":2041963.375,"var":16906555752400},"spectral_strongpeak":{"dmean":1.36694502831,"dmean2":2.53666043282,"dvar":48.0315055847,"dvar2":139.033416748,"max":121.392044067,"mean":1.11758065224,"median":0.328779041767,"min":0,"var":32.707862854},"zerocrossingrate":{"dmean":0.039723854512,"dmean2":0.0502211041749,"dvar":0.00105592550244,"dvar2":0.00171122723259,"max":0.62548828125,"mean":0.266089975834,"median":0.26025390625,"min":0.0517578125,"var":0.00547013618052}},"metadata":{"audio_properties":{"analysis_sample_rate":44100,"bit_rate":192000,"codec":"vorbis","downmix":"mix","equal_loudness":0,"length":87.5668029785,"lossless":false,"md5_encoded":"4a1836583b7a291b2aa1796da6454069","replay_gain":-9.88449287415},"tags":{"album":["The Gang's All Here"],"albumartist":["Dropkick Murphys"],"albumartistsort":["Dropkick Murphys"],"artist":["Dropkick Murphys"],"artistsort":["Dropkick Murphys"],"asin":["B00000I5L9"],"barcode":["045778041329"],"catalognumber":["80413-2"],"date":["1999-03-16"],"engineer":["Jim Seigal"],"file_name":"07 - Devil's Brigade.ogg","format":["CD"],"genre":["Celtic"],"label":["Hellcat Records"],"language":["eng"],"mixer":["Thomas Johnson"],"musicbrainz_albumartistid":["e8374874-4178-4869-b92e-fef6bf30dc04"],"musicbrainz_albumid":["c0804999-2570-457b-b766-881b6f386243"],"musicbrainz_artistid":["e8374874-4178-4869-b92e-fef6bf30dc04"],"musicbrainz_recordingid":["3264854b-4dcd-47c9-93ba-a007815a4ec6"],"musicip_puid":["68f16f17-faac-0171-0be5-246a1362edc8"],"producer":["Lars Frederiksen"],"releasecountry":["US"],"releasestatus":["official"],"releasetype":["album"],"script":["Latn"],"title":["Devil's Brigade"],"totaltracks":["16"],"tracknumber":["7"]},"version":{"essentia":"2.1-beta1","essentia_build_sha":"8c2fd3ff3b9381f962a27951d857ce39398228bf","essentia_git_sha":"v2.1_beta1-7-ge0e83e8","extractor":"music 1.0"}},"rhythm":{"beats_count":240,"beats_loudness":{"dmean":0.039492238313,"dmean2":0.067505761981,"dvar":0.000926930748392,"dvar2":0.00292672798969,"max":0.235551059246,"mean":0.0916649997234,"median":0.0880286172032,"min":0,"var":0.00139945885167},"beats_loudness_band_ratio":{"dmean":[0.225190803409,0.104144707322,0.067717179656,0.0629984438419,0.0169812776148,0.0754379034042],"dmean2":[0.399916917086,0.192829698324,0.115170419216,0.110875353217,0.030138861388,0.136414557695],"dvar":[0.0249260757118,0.0121512087062,0.00391121767461,0.00384668121114,0.000375070929294,0.00467494362965],"dvar2":[0.0743760019541,0.0363109968603,0.0119902659208,0.0103507041931,0.00101572542917,0.014206980