{"lowlevel":{"average_loudness":0.937435746193,"barkbands":{"dmean":[0.00779318669811,0.0168019142002,0.00601853057742,0.00409971829504,0.00389683479443,0.00125192152336,0.0011740984628,0.000762642361224,0.000648935092613,0.000458315567812,0.000229506607866,0.000372319045709,0.000286006863462,0.000248002732405,0.000270461663604,0.000115151909995,0.000068729132181,0.000052695038903,0.0000765732766013,0.0000868411370902,0.0000210410362342,0.00000825162260298,0.00000558910869586,0.00000449192521046,0.00000447580077889,0.00000472043939226,0.000106824205432],"dmean2":[0.0130863822997,0.0281613767147,0.0101559590548,0.00674757920206,0.00643505249172,0.00200651423074,0.00194498209748,0.00127084343694,0.00109118851833,0.00076569308294,0.00038200506242,0.000609744747635,0.000472393556265,0.000406632665545,0.000433988752775,0.000190519611351,0.000110810738988,0.0000829616255942,0.000116172304843,0.000127735213027,0.0000326567533193,0.0000134147721838,0.00000921271475818,0.00000753686799726,0.0000074876720646,0.00000781767630542,0.000165833218489],"dvar":[0.000112357069156,0.000494181702379,0.0000600751409365,0.0000333798088832,0.0000326920380758,0.0000076759406511,0.00000314008616442,0.00000522658683622,0.00000143152658438,7.79616982527e-7,4.77841865631e-7,3.87228652698e-7,2.90768042532e-7,3.26310015453e-7,6.99261420323e-7,4.36456950581e-8,5.80987560284e-8,7.05625993191e-8,0.00000104811249457,4.44884591388e-7,6.34262020682e-9,1.85561538357e-10,7.48118650362e-11,4.80601218544e-11,4.46202866322e-11,4.5641421198e-11,5.46958425218e-8],"dvar2":[0.000292290671496,0.00125436484814,0.000161512100021,0.0000858236890053,0.000088144930487,0.0000171875180968,0.00000816492774902,0.0000141321297633,0.00000400306771553,0.00000205234914574,0.00000134375034122,9.22009974147e-7,6.48981767881e-7,8.5691209506e-7,0.00000130528826503,1.10741773085e-7,1.24631796439e-7,1.65937962038e-7,0.00000233205309996,9.21550338262e-7,1.44202205732e-8,4.31320090755e-10,1.81148637757e-10,1.20032525586e-10,1.11048267804e-10,1.12705095257e-10,1.13895865184e-7],"max":[0.19168689847,0.286224246025,0.113691277802,0.0871984660625,0.0984641164541,0.110065601766,0.0495515540242,0.132089957595,0.0206558518112,0.0200091395527,0.0260235127062,0.0216464847326,0.0263248160481,0.0238838791847,0.0793512314558,0.00561828538775,0.0141753582284,0.0182433910668,0.110825166106,0.0377315618098,0.00412569474429,0.000356541684596,0.000141646640259,0.00010708051559,0.0000999257099465,0.000110579589091,0.00785941351205],"mean":[0.0107113597915,0.0233160965145,0.00792080163956,0.0062562301755,0.00673619750887,0.00211868714541,0.00226377253421,0.00130847468972,0.00103291042615,0.000684870989062,0.000350086775143,0.000687628984451,0.000512135506142,0.000439946190454,0.000470828235848,0.000204505951842,0.000120991069707,0.0000875902915141,0.00010342553287,0.000111494220619,0.0000292961503874,0.0000110513074105,0.0000062526110014,0.00000455849112768,0.0000044449689085,0.00000538997528565,0.000261560868239],"median":[0.00725524919108,0.0150675056502,0.00503831962124,0.00331691768952,0.00403370382264,0.000898210681044,0.0014889765298,0.000717950752005,0.000498838024214,0.000315827550367,0.000177952097147,0.00043666374404,0.000264321191935,0.000222643138841,0.000240658817347,0.000112992689537,0.0000682567479089,0.0000420710312028,0.0000201842522074,0.0000229004763241,0.0000120546656035,0.0000055203854572,0.00000299937755699,0.00000194353947336,0.00000192779043573,0.00000281494362753,0.000101963385532],"min":[2.54448757364e-23,3.52276439517e-23,7.77919088921e-24,5.68875011671e-24,5.27473548216e-23,6.96392460068e-23,7.11480197964e-24,4.44487905341e-23,4.35834195874e-23,7.529013435e-23,1.08406628747e-22,1.31671032988e-22,1.02580430267e-22,1.10993701241e-22,2.05706613441e-22,1.67254314369e-22,2.51707566693e-22,1.76699049375e-22,3.32732921772e-22,3.39162125528e-22,3.55682387496e-22,4.09874683061e-22,5.98371822538e-22,1.07751987792e-21,1.06420188635e-21,1.48160215099e-21,2.44416623906e-21],"var":[0.000150304287672,0.000674629583955,0.0000812548532849,0.0000645468971925,0.0000682089521433,0.000018661867216,0.000007819808161,0.0000114139065772,0.00000258590171143,0.00000120875051834,5.37787968824e-7,9.08015465484e-7,6.93104880156e-7,4.82544180613e-7,0.00000171496481016,8.19986638589e-8,1.17459457272e-7,1.12809303232e-7,0.000001663590524,6.6695042733e-7,1.01623696125e-8,3.20365983741e-10,9.16943118656e-11,5.10552190802e-11,4.81863333957e-11,5.35168680205e-11,2.0690649194e-7]},"barkbands_crest":{"dmean":3.11875081062,"dmean2":5.17333173752,"dvar":6.73383235931,"dvar2":17.351852417,"max":25.684928894,"mean":11.2318763733,"median":10.4014835358,"min":3.29952311516,"var":16.7529163361},"barkbands_flatness_db":{"dmean":0.0353054627776,"dmean2":0.0567240454257,"dvar":0.000926680397242,"dvar2":0.00234423903748,"max":0.538798928261,"mean":0.195827290416,"median":0.190391942859,"min":0.0233584251255,"var":0.00290029100142},"barkbands_kurtosis":{"dmean":9.72905349731,"dmean2":15.9675264359,"dvar":381.303619385,"dvar2":960.832763672,"max":508.224853516,"mean":17.6618309021,"median":10.606347084,"min":-1.91108322144,"var":730.763916016},"barkbands_skewness":{"dmean":0.847956955433,"dmean2":1.37476658821,"dvar":0.760191142559,"dvar2":1.86340010166,"max":15.7671861649,"mean":3.00795936584,"median":2.71293544769,"min":-2.56992936134,"var":2.84678173065},"barkbands_spread":{"dmean":3.8196747303,"dmean2":6.15558862686,"dvar":18.2509632111,"dvar2":40.9385910034,"max":134.86491394,"mean":12.0896062851,"median":9.80463886261,"min":0.162472262979,"var":132.400695801},"dissonance":{"dmean":0.0234347879887,"dmean2":0.0396102145314,"dvar":0.00047239579726,"dvar2":0.0013051655842,"max":0.500000059605,"mean":0.458619683981,"median":0.465623915195,"min":0.257872670889,"var":0.00091092265211},"dynamic_complexity":2.57483887672,"erbbands":{"dmean":[0.8494784832,2.80551314354,6.06217432022,10.9901151657,14.1747207642,12.5806121826,11.5025320053,11.1461009979,11.1231174469,23.9657897949,14.8128652573,12.1269416809,17.2916679382,11.0122089386,11.3303079605,13.5425052643,12.6633663177,11.4591808319,14.8349246979,9.72403717041,5.02593278885,3.5860722065,2.81007838249,2.81137728691,4.13454580307,3.62309527397,2.31370329857,0.465940654278,0.294215351343,0.23649379611,0.148615166545,0.102777443826,0.0729119479656,0.0507380589843,0.030644191429,0.0181565675884,0.008674335666,0.00439164461568,0.00391506496817,0.00280076405033],"dmean2":[1.43150150776,4.70929002762,10.3177928925,18.1242923737,23.5261592865,20.7705211639,18.2468395233,17.9728221893,18.13489151,39.9685821533,24.5038452148,20.1046333313,29.5098762512,18.1422367096,18.6558837891,22.2610721588,20.8204956055,18.6632976532,23.6555461884,15.7781057358,8.15636539459,5.69998884201,4.33664369583,4.22946214676,6.10157442093,5.3932056427,3.3482863903,0.724609196186,0.477344989777,0.386613875628,0.245749205351,0.171934917569,0.122219450772,0.0849143639207,0.051302857697,0.0302508920431,0.0143704693764,0.00709361536428,0.0058064404875,0.00432862713933],"dvar":[1.44615137577,14.1156616211,62.9800262451,227.86895752,542.750183105,379.253082275,522.252563477,786.289489746,407.63381958,1725.28430176,1109.35253906,427.513000488,1289.64135742,609.133911133,651.472106934,570.912719727,506.480865479,536.59185791,2119.87060547,340.983825684,103.175117493,160.456924438,124.681663513,660.094055176,2479.22558594,1107.91870117,82.9577636719,1.02085208893,0.259454727173,0.14612390101,0.0501550659537,0.0238698497415,0.0122906183824,0.00570244900882,0.0022098980844,0.000689631327987,0.000155414483743,0.0000489048143208,0.000167740683537,0.0000244046877924],"dvar2":[3.81526088715,37.3792152405,172.627975464,587.283935547,1474.60131836,1008.37823486,1187.35070801,1750.20141602,988.284667969,4713.78955078,2827.14428711,1133.28320312,3668.7265625,1603.9440918,1728.10986328,1383.62487793,1223.73071289,1317.01794434,3932.01123047,815.049194336,245.398178101,329.362121582,246.907104492,1408.35290527,4107.30126953,2426.81860352,161.75567627,1.93314385414,0.605832695961,0.347177475691,0.121931314468,0.0593816488981,0.0306488964707,0.014187511988,0.0055100414902,0.00171071814839,0.000383969367249,0.000115040013043,0.000300137558952,0.0000478043948533],"max":[14.8798456192,44.5919494629,107.035232544,197.911087036,423.458221436,435.917114258,649.888305664,1256.65710449,851.222412109,1348.82641602,1837.70605469,421.911529541,525.801879883,763.942749023,854.756408691,862.129211426,534.661499023,924.163818359,4052.00537109,1028.84777832,381.948394775,696.034484863,839.606994629,2293.17016602,5555.98242188,1959.81323242,563.44732666,48.2745361328,12.6282081604,7.4379696846,3.82349562645,2.49607539177,1.6736856699,1.13173532486,0.703491568565,0.388514667749,0.201135858893,0.122784055769,0.79827362299,0.198915809393],"mean":[1.08509111404,3.73053789139,8.13232326508,17.1074790955,23.1236305237,19.9610881805,19.6907691956,18.2253818512,20.5345363617,44.6140632629,28.2391853333,21.0974636078,24.3717632294,18.2910747528,20.640953064,25.7846622467,23.6576213837,22.179359436,27.7817268372,17.8090381622,9.70620346069,6.7130022049,5.03799057007,4.38934087753,5.68728637695,4.73721122742,2.94811415672,0.704225182533,0.406612336636,0.278668552637,0.165696114302,0.109811238945,0.0715146660805,0.0501445345581,0.0303047820926,0.0186505187303,0.0103031424806,0.00637553632259,0.00736889382824,0.00960760097951],"median":[0.675189733505,2.37421178818,5.44172620773,10.1118860245,11.4965982437,11.4678688049,7.82614803314,7.31957674026,11.3897752762,26.6908149719,18.0416927338,11.2352733612,10.4764251709,9.36699485779,12.643494606,16.9752368927,12.975736618,12.4714946747,13.4374713898,9.75407981873,5.67253637314,3.86196875572,2.65926003456,1.25834238529,0.950940132141,1.06607949734,0.77586722374,0.343450665474,0.200839579105,0.135615512729,0.079961322248,0.0519385971129,0.0303319953382,0.0214939024299,0.012524147518,0.00860677845776,0.00556026119739,0.00389268365689,0.0040220906958,0.00541527941823],"min":[1.14493701635e-21,7.10946469191e-21,9.66292600642e-21,2.34420804555e-20,7.36378928762e-20,1.7279750005e-19,2.88217280868e-19,7.60116634198e-19,2.13134148365e-19,4.61494765393e-19,9.71895757322e-19,9.1922834054e-19,1.8103559081e-18,3.7437689944e-18,3.04819405807e-18,6.00091451625e-18,4.81726538181e-18,4.39446938249e-18,7.71880528036e-18,1.37432427453e-17,1.1717311989e-17,9.87751755009e-18,9.05675503191e-18,1.00363478082e-17,1.99809861019e-17,1.61387999854e-17,1.28989610007e-17,1.72585064042e-17,1.70130686815e-17,1.38580107465e-17,1.70134756544e-17,1.97685661206e-17,1.84495472246e-17,1.30717664753e-17,8.2596606326e-18,5.0174447444e-18,2.85632641306e-18,1.21205151815e-18,3.44325381257e-19,3.69502193551e-20],"var":[1.73953998089,17.4263839722,76.0647964478,406.369598389,1091.67712402,663.552856445,1502.79711914,1816.72717285,1120.28967285,3725.40405273,2733.75756836,954.687438965,1648.79321289,924.284790039,1134.15075684,1224.82165527,1181.10803223,999.691833496,5417.40869141,727.7890625,217.219772339,350.636077881,275.15447998,1150.39465332,5174.52441406,1493.91625977,135.677215576,2.56350278854,0.473674088717,0.193380922079,0.0608041137457,0.0260758604854,0.0131043884903,0.00615435838699,0.00236538797617,0.000764331314713,0.000182760224561,0.0000796817184892,0.000371499743778,0.000142667238833]},"erbbands_crest":{"dmean":2.69132828712,"dmean2":4.45522212982,"dvar":6.08198308945,"dvar2":16.0381202698,"max":30.2711601257,"mean":8.71574306488,"median":7.7143239975,"min":2.3008787632,"var":15.1622524261},"erbbands_flatness_db":{"dmean":0.027820488438,"dmean2":0.044271081686,"dvar":0.000562795146834,"dvar2":0.0014535698574,"max":0.392594158649,"mean":0.158560648561,"median":0.15605661273,"min":0.0412543676794,"var":0.00161068525631},"erbbands_kurtosis":{"dmean":0.940004587173,"dmean2":1.52235746384,"dvar":4.30267620087,"dvar2":9.65204238892,"max":118.754806519,"mean":0.372046619654,"median":-0.15265917778,"min":-1.81702077389,"var":7.57942676544},"erbbands_skewness":{"dmean":0.352678209543,"dmean2":0.560319423676,"dvar":0.110054351389,"dvar2":0.266699999571,"max":6.82766485214,"mean":0.29490467906,"median":0.342493742704,"min":-8.61124324799,"var":0.490122646093},"erbbands_spread":{"dmean":6.63821840286,"dmean2":10.4923810959,"dvar":36.3722724915,"dvar2":87.8716659546,"max":112.002670288,"mean":30.6945304871,"median":29.5834674835,"min":1.24416387081,"var":146.12121582},"gfcc":{"cov":[[9816.27441406,1203.80432129,-496.712036133,-16.7715587616,85.1088562012,-303.368164062,113.431297302,-184.158477783,-129.269607544,-75.0445098877,19.8890419006,-168.182388306,130.762741089],[1203.80432129,976.210449219,-90.173500061,-256.197418213,185.115112305,-100.334518433,30.6867847443,-94.2557373047,111.648857117,-50.5801200867,42.0791053772,-47.7584037781,26.8282279968],[-496.712036133,-90.173500061,358.006195068,64.1731109619,-108.622688293,129.707168579,-48.5259284973,114.589653015,4.51684713364,36.4072990417,3.75131249428,17.4524745941,-13.8629703522],[-16.7715587616,-256.197418213,64.1731109619,275.009918213,-0.871695280075,6.72678041458,59.0731430054,38.9370613098,-58.4527168274,32.0301742554,-1.49527359009,14.6175146103,-1.19839656353],[85.1088562012,185.115112305,-108.622688293,-0.871695280075,257.237121582,4.73728275299,71.1510162354,-75.4516372681,26.2163410187,-54.5116653442,-6.12136554718,-20.2694206238,29.8537025452],[-303.368164062,-100.334518433,129.707168579,6.72678041458,4.73728275299,225.719390869,-67.7023620605,73.521194458,5.19500255585,18.1397743225,-21.222360611,27.9820556641,1.75000345707],[113.431297302,30.6867847443,-48.5259284973,59.0731430054,71.1510162354,-67.7023620605,167.864532471,-12.7073974609,10.9108991623,-16.9928855896,17.5335540771,-9.30174160004,13.3425636292],[-184.158477783,-94.2557373047,114.589653015,38.9370613098,-75.4516372681,73.521194458,-12.7073974609,142.120864868,33.2797279358,54.0192527771,12.155134201,15.4467287064,-5.30994606018],[-129.269607544,111.648857117,4.51684713364,-58.4527168274,26.2163410187,5.19500255585,10.9108991623,33.2797279358,105.623329163,32.2475280762,9.27845859528,-3.82464838028,-7.94551420212],[-75.0445098877,-50.5801200867,36.4072990417,32.0301742554,-54.5116653442,18.1397743225,-16.9928855896,54.0192527771,32.2475280762,88.0090026855,28.9365119934,5.75765609741,-5.96858501434],[19.8890419006,42.0791053772,3.75131249428,-1.49527359009,-6.12136554718,-21.222360611,17.5335540771,12.155134201,9.27845859528,28.9365119934,57.5265541077,25.4303073883,11.2324447632],[-168.182388306,-47.7584037781,17.4524745941,14.6175146103,-20.2694206238,27.9820556641,-9.30174160004,15.4467287064,-3.82464838028,5.75765609741,25.4303073883,66.4181442261,17.4229335785],[130.762741089,26.8282279968,-13.8629703522,-1.19839656353,29.8537025452,1.75000345707,13.3425636292,-5.30994606018,-7.94551420212,-5.96858501434,11.2324447632,17.4229335785,62.3185310364]],"icov":[[0.000179620241397,-0.000393973779865,0.000445185549324,-0.000496630207635,0.000562492583413,-0.000311155919917,0.0000120226613944,-0.00000539313032277,0.000138335861266,0.000295967038255,-0.00024831542396,0.000672548601869,-0.000478854723042],[-0.000393973779865,0.0029555093497,-0.00167738366872,0.00263224821538,-0.00266332924366,0.00161193532404,0.000326896784827,0.000363509432646,-0.00149198703002,0.0000559526270081,-0.00152401509695,-0.000198046458536,0.000568582268897],[0.000445185549324,-0.00167738366872,0.00689717708156,-0.00454709492624,0.00541506707668,-0.00494870403782,0.000901386549231,-0.00101512577385,-0.0025701019913,0.00553619675338,-0.00502524804324,0.00497288070619,-0.00178176211193],[-0.000496630207635,0.00263224821538,-0.00454709492624,0.0124152041972,-0.00819462630898,0.0055692368187,-0.00409482605755,-0.00360164837912,0.00990603584796,-0.0122978538275,0.0096425563097,-0.00865351501852,0.00424170540646],[0.000562492583413,-0.00266332924366,0.00541506707668,-0.00819462630898,0.0150705007836,-0.00886133592576,-0.00100614503026,0.00636024400592,-0.00948007497936,0.0122194075957,-0.00942871160805,0.0102901645005,-0.0064158574678],[-0.000311155919917,0.00161193532404,-0.00494870403782,0.0055692368187,-0.00886133592576,0.0129070142284,0.00189232837874,-0.00606725830585,0.00591078586876,-0.00833577662706,0.0110024660826,-0.00986660458148,0.00265628448687],[0.0000120226613944,0.000326896784827,0.000901386549231,-0.00409482605755,-0.00100614503026,0.00189232837874,0.0107349818572,-0.00130806001835,-0.00463148346171,0.00673656305298,-0.00680807465687,0.00386786204763,-0.00182475091424],[-0.00000539313032277,0.000363509432646,-0.00101512577385,-0.00360164837912,0.00636024400592,-0.00606725830585,-0.00130806001835,0.0171361900866,-0.00875319261104,0.000848410127219,-0.00522639788687,0.00377394608222,-0.0027244342491],[0.000138335861266,-0.00149198703002,-0.0025701019913,0.00990603584796,-0.00948007497936,0.00591078586876,-0.00463148346171,-0.00875319261104,0.0268637444824,-0.0194462537766,0.014644828625,-0.0102736949921,0.00638732919469],[0.000295967038255,0.0000559526270081,0.00553619675338,-0.0122978538275,0.0122194075957,-0.00833577662706,0.00673656305298,0.000848410127219,-0.0194462537766,0.0386883951724,-0.027914699167,0.0176367703825,-0.00531313149258],[-0.00024831542396,-0.00152401509695,-0.00502524804324,0.0096425563097,-0.00942871160805,0.0110024660826,-0.00680807465687,-0.00522639788687,0.014644828625,-0.027914699167,0.0477898083627,-0.0256557967514,0.00321754999459],[0.000672548601869,-0.000198046458536,0.00497288070619,-0.00865351501852,0.0102901645005,-0.00986660458148,0.00386786204763,0.00377394608222,-0.0102736949921,0.0176367703825,-0.0256557967514,0.0345545820892,-0.0102022830397],[-0.000478854723042,0.000568582268897,-0.00178176211193,0.00424170540646,-0.0064158574678,0.00265628448687,-0.00182475091424,-0.0027244342491,0.00638732919469,-0.00531313149258,0.00321754999459,-0.0102022830397,0.0222271829844]],"mean":[-13.6345586777,131.236526489,-76.7452545166,-0.917868793011,-8.72586631775,-4.04794931412,-9.24042224884,-9.98919487,-3.82401371002,-2.50361347198,-5.74858856201,-10.5358562469,-4.57818412781]},"hfc":{"dmean":42.3040161133,"dmean2":66.5593261719,"dvar":3312.56079102,"dvar2":8895.47363281,"max":1134.89404297,"mean":127.768203735,"median":90.2451858521,"min":1.13563811586e-16,"var":13872.5771484},"melbands":{"dmean":[0.00595734780654,0.00308162998408,0.00186797778588,0.000919916550629,0.000425360398367,0.000239869797952,0.000187733385246,0.000240500507061,0.000120802564197,0.0000822053116281,0.0000871780721354,0.0000467074387416,0.0000351923808921,0.0000445445330115,0.0000306734764308,0.0000284659490717,0.0000225704316108,0.000025299104891,0.0000182290023076,0.000010070625649,0.00000568057976125,0.00000412949111706,0.00000341647523783,0.00000234032700064,0.00000226519910029,0.0000034605068322,0.00000254579890679,0.00000267481482297,0.0000021852822556,3.7895620153e-7,2.31619324609e-7,1.70060303617e-7,1.55750569775e-7,1.20119949543e-7,8.70025118616e-8,7.55177822498e-8,5.83885260141e-8,5.08644824038e-8,5.04094757048e-8,4.03070856692e-8],"dmean2":[0.00997440423816,0.00521445600316,0.00306267314591,0.00153703603428,0.000676646013744,0.000385706167435,0.000307469948893,0.000401131808758,0.000200603040867,0.000137036389788,0.000148602382978,0.0000770163896959,0.0000581507374591,0.0000733394408599,0.0000506527940161,0.000047019279009,0.000037066416553,0.0000407722473028,0.0000296044854622,0.0000165485780599,0.00000932184866542,0.00000669592009217,0.00000539955635759,0.00000374543810722,0.00000345262833434,0.00000529466842636,0.00000373627176486,0.00000408544110542,0.00000321022253047,5.97207360897e-7,3.72066182308e-7,2.77423424677e-7,2.56240042518e-7,1.97104114363e-7,1.44105285926e-7,1.25673722096e-7,9.79930803169e-8,8.54310755471e-8,8.41120098016e-8,6.75319782317e-8],"dvar":[0.0000647858541925,0.0000156893711392,0.00000625888333161,0.00000187971465948,6.08911022937e-7,3.27968479041e-7,9.92342563677e-8,2.39217825992e-7,5.8310046569e-8,2.26973355666e-8,3.21208872833e-8,1.1331098726e-8,1.08066249283e-8,4.56126425519e-9,4.37459046765e-9,2.97912916558e-9,2.21359774955e-9,5.49267920036e-9,2.81714274131e-9,2.9532340462e-10,1.79871548212e-10,2.47641240847e-10,1.34608407754e-10,1.36778005588e-10,3.97390315099e-10,3.26902171999e-9,7.62520102615e-10,6.09546357833e-10,7.35859567724e-11,1.669165999e-12,2.18690327349e-13,9.15687678135e-14,6.78279318562e-14,4.0469079368e-14,1.79761177596e-14,1.19177357802e-14,8.12792826208e-15,6.22987989321e-15,5.2208853526e-15,3.77658279269e-15],"dvar2":[0.000167460515513,0.0000430686195614,0.0000161852731253,0.00000516412637808,0.00000139913345265,7.31969350909e-7,2.49372021699e-7,6.59174872908e-7,1.49046243791e-7,6.28682172987e-8,9.10931490239e-8,2.97662925419e-8,3.01812406178e-8,1.11208340314e-8,9.8091685885e-9,6.85337120387e-9,5.66790259171e-9,1.14430678266e-8,5.76646908002e-9,7.57034546162e-10,4.3015585538e-10,5.45999023771e-10,2.4580376623e-10,3.35631855641e-10,8.55819082268e-10,7.82962139567e-9,1.39600275784e-9,1.42490641508e-9,1.59309912484e-10,3.76845863542e-12,4.48899462524e-13,2.1609835232e-13,1.61716289231e-13,9.79801973605e-14,4.40293553569e-14,2.92921780852e-14,2.03023700824e-14,1.55569628631e-14,1.29255550626e-14,9.41401565534e-15],"max":[0.0979950651526,0.0454000458121,0.0351035036147,0.02731137909,0.0219210740179,0.0250603761524,0.0118350628763,0.0218003932387,0.0120825134218,0.0025609547738,0.0025939559564,0.00335594592616,0.00394059065729,0.00170704349875,0.00276991096325,0.002708933549,0.00208529364318,0.00539245735854,0.00477017369121,0.000355340132955,0.000588410359342,0.000728517072275,0.000766461656895,0.00073331349995,0.0015671979636,0.00595079781488,0.00236054323614,0.00155252043623,0.000545953633264,0.0000599331797275,0.0000209186237043,0.00000906575405679,0.00000643265730105,0.00000357274052476,0.00000236247046814,0.00000176526964424,0.00000139459677939,0.00000118943307825,0.00000104475907392,9.23050151869e-7],"mean":[0.00850723590702,0.00450021214783,0.00321610155515,0.00153199152555,0.000740062911063,0.000401502416935,0.000358193938155,0.000445166719146,0.000218925648369,0.000133332810947,0.000120963195513,0.0000741417825338,0.0000589256815147,0.0000810340279713,0.0000544816284673,0.0000496794709761,0.0000399582240789,0.0000457674905192,0.0000309831448249,0.0000178589361894,0.0000099831731859,0.00000700899045114,0.00000576058891966,0.00000378682943847,0.00000335791492034,0.00000435196670878,0.00000348277080775,0.00000321086986332,0.00000259232592725,5.25279801877e-7,3.42057887792e-7,2.34971210489e-7,1.87458056189e-7,1.37597254479e-7,9.5402370448e-8,8.39664906493e-8,5.92722457782e-8,4.87691451667e-8,4.96063847777e-8,3.94948251881e-8],"median":[0.0057187541388,0.00326893199235,0.00195180147421,0.000935922726057,0.000318602309562,0.000165189383551,0.000222885821131,0.000266666465905,0.000136064685648,0.0000646637490718,0.000051015173085,0.0000354621588485,0.0000332094787154,0.0000516638356203,0.00003141725756,0.0000254228943959,0.0000212916474993,0.0000213750317926,0.0000160683994181,0.00000931341674004,0.00000575484227738,0.00000379115795113,0.00000316501791531,0.00000164578250406,8.44725491334e-7,7.29605005745e-7,5.42537407e-7,6.83261703216e-7,5.58269221074e-7,2.3177945252e-7,1.61937435905e-7,1.10513489915e-7,9.05663668505e-8,6.57009593397e-8,4.44595329441e-8,4.08090379267e-8,2.53654768301e-8,1.85986088752e-8,2.05744790094e-8,1.65044813372e-8],"min":[1.16211904111e-23,7.50581508681e-24,4.76771280581e-24,8.4992449797e-24,1.10637268641e-23,1.54575259117e-23,2.94862992951e-24,6.87530065337e-24,8.35015342405e-24,5.64053967135e-24,9.40868169656e-24,1.51819073777e-23,1.22514918521e-23,1.28642379825e-23,1.33334185279e-23,1.01010814792e-23,8.71315486934e-24,1.16788017119e-23,1.86821005691e-23,1.52643180988e-23,1.52509516396e-23,1.1680321058e-23,8.8345313748e-24,7.81774015507e-24,6.76122663331e-24,1.66015998385e-23,1.05041381258e-23,1.10048257757e-23,8.70245476002e-24,6.50111197716e-24,1.1245915079e-23,1.01270452581e-23,6.36856480685e-24,8.48556455388e-24,8.87734601157e-24,1.13317123799e-23,1.28683795023e-23,1.1863767506e-23,1.23768599937e-23,1.11112486339e-23],"var":[0.0000857922059367,0.0000186270663107,0.0000130423504743,0.00000348397975358,0.00000180631514013,7.8794039382e-7,2.64250815007e-7,5.09232734203e-7,1.39843649549e-7,4.3074575018e-8,4.12528429194e-8,1.71316543174e-8,1.3297171364e-8,1.08818065669e-8,1.12667901675e-8,6.05799055364e-9,3.58682128443e-9,1.23484298342e-8,6.22625684343e-9,5.7914079088e-10,3.26405791284e-10,4.46791437181e-10,2.98402136334e-10,2.17155057824e-10,6.83248679856e-10,4.22296286828e-9,1.44450906792e-9,6.68771538148e-10,9.76523584217e-11,2.88595232781e-12,5.06765040088e-13,1.67406697229e-13,9.19835700121e-14,4.97852830467e-14,2.14591629785e-14,1.37472236082e-14,8.63417698476e-15,6.57942328549e-15,5.74110037803e-15,4.03412273679e-15]},"melbands_crest":{"dmean":4.79431390762,"dmean2":8.01470661163,"dvar":15.7229089737,"dvar2":42.5294380188,"max":38.4025344849,"mean":18.1356201172,"median":16.9872131348,"min":1.75663101673,"var":39.1189842224},"melbands_flatness_db":{"dmean":0.0434914380312,"dmean2":0.0701059028506,"dvar":0.00134631048422,"dvar2":0.00343625550158,"max":0.722485601902,"mean":0.32331430912,"median":0.320002108812,"min":0.00421174615622,"var":0.00454202666879},"melbands_kurtosis":{"dmean":13.2655057907,"dmean2":22.1664237976,"dvar":816.994567871,"dvar2":2250.16699219,"max":878.928466797,"mean":23.1254768372,"median":13.0477371216,"min":-1.92642390728,"var":1399.68933105},"melbands_skewness":{"dmean":0.997369945049,"dmean2":1.63098168373,"dvar":1.09220850468,"dvar2":2.80385017395,"max":21.4137382507,"mean":3.48379397392,"median":3.11362862587,"min":-1.41050517559,"var":3.58148789406},"melbands_spread":{"dmean":3.43041944504,"dmean2":5.57441520691,"dvar":21.0937957764,"dvar2":47.3867835999,"max":170.949707031,"mean":9.85043144226,"median":7.59788560867,"min":0.143102884293,"var":159.34664917},"mfcc":{"cov":[[5644.56933594,618.363525391,-413.552581787,320.617340088,-207.941467285,27.6049308777,35.5310211182,-117.852859497,-91.4960479736,4.2653927803,-52.070690155,-141.569229126,-12.3251066208],[618.363525391,1183.70751953,-197.170089722,-88.3735580444,79.1046295166,34.5484275818,-87.9347763062,-19.4866542816,8.07273197174,12.5820150375,-2.77418875694,53.3634986877,-5.23253726959],[-413.552581787,-197.170089722,498.019073486,-69.4790878296,20.2952194214,-59.7986335754,3.31708192825,22.7923908234,19.753080368,22.4574832916,49.1964378357,44.6512413025,25.9715690613],[320.617340088,-88.3735580444,-69.4790878296,298.539550781,-75.5272445679,5.12512016296,79.3269577026,-0.51899677515,-16.6093559265,20.5557022095,-11.4072561264,-17.3352680206,7.43399429321],[-207.941467285,79.1046295166,20.2952194214,-75.5272445679,174.582443237,68.1734313965,-2.47047472,21.2460365295,35.0230941772,-6.54455661774,-9.11018657684,17.6013965607,-1.84561824799],[27.6049308777,34.5484275818,-59.7986335754,5.12512016296,68.1734313965,120.104804993,31.917219162,21.0620975494,16.6155719757,-9.02443981171,-20.3318595886,-15.4497280121,-7.68451833725],[35.5310211182,-87.9347763062,3.31708192825,79.3269577026,-2.47047472,31.917219162,103.925102234,31.5295505524,2.68274760246,3.87947440147,-14.4546098709,-17.057926178,-4.67270374298],[-117.852859497,-19.4866542816,22.7923908234,-0.51899677515,21.2460365295,21.0620975494,31.5295505524,79.5982437134,27.5944461823,-4.6216506958,8.62151432037,-8.54217815399,-8.49119186401],[-91.4960479736,8.07273197174,19.753080368,-16.6093559265,35.0230941772,16.6155719757,2.68274760246,27.5944461823,73.1513977051,30.4435310364,2.91253852844,23.4017047882,9.96566009521],[4.2653927803,12.5820150375,22.4574832916,20.5557022095,-6.54455661774,-9.02443981171,3.87947440147,-4.6216506958,30.4435310364,69.1065368652,28.2126998901,18.4351406097,12.9320831299],[-52.070690155,-2.77418875694,49.1964378357,-11.4072561264,-9.11018657684,-20.3318595886,-14.4546098709,8.62151432037,2.91253852844,28.2126998901,67.4446411133,27.8519859314,6.97600078583],[-141.569229126,53.3634986877,44.6512413025,-17.3352680206,17.6013965607,-15.4497280121,-17.057926178,-8.54217815399,23.4017047882,18.4351406097,27.8519859314,88.3347091675,47.1680030823],[-12.3251066208,-5.23253726959,25.9715690613,7.43399429321,-1.84561824799,-7.68451833725,-4.67270374298,-8.49119186401,9.96566009521,12.9320831299,6.97600078583,47.1680030823,64.7994613647]],"icov":[[0.000242794223595,-0.000188541656826,0.0000497150649608,-0.000196678869543,0.000209302568692,-0.000060324990045,-0.000172916406882,0.000519460532814,-0.000296321028145,0.000271481956588,-0.000359053054126,0.000778465298936,-0.000448603590485],[-0.000188541656826,0.00125764706172,0.000441976590082,0.000298012193525,-0.000495277345181,-0.000221513357246,0.00116356904618,-0.00110594776925,0.00126964214724,-0.00136287021451,0.00116025353782,-0.00214172247797,0.00126376503613],[0.0000497150649608,0.000441976590082,0.00278930203058,0.000700797012541,-0.000812588492408,0.0016719683772,-0.000903140462469,-0.000521511014085,0.0000962901031016,-0.000363381783245,-0.00117476517335,-0.000514150247909,-0.000553097052034],[-0.000196678869543,0.000298012193525,0.000700797012541,0.00547115458176,0.00174418499228,-0.000253412552411,-0.00367104634643,-0.000226360527449,0.00148649432231,-0.00231796130538,0.000996639137156,-0.000902001571376,-0.000413380999817],[0.000209302568692,-0.000495277345181,-0.000812588492408,0.00174418499228,0.0101666413248,-0.0057511171326,0.000128948639031,-0.000122048637422,-0.00248250178993,0.000955368508585,0.00124185695313,-0.00236971559934,0.00150862138253],[-0.000060324990045,-0.000221513357246,0.0016719683772,-0.000253412552411,-0.0057511171326,0.014339982532,-0.004173157271,-0.00000578952312935,-0.00253439066,0.00192758475896,-0.000592168129515,0.00344735570252,-0.00187585956883],[-0.000172916406882,0.00116356904618,-0.000903140462469,-0.00367104634643,0.000128948639031,-0.004173157271,0.0181350354105,-0.00889647845179,0.0054241437465,-0.00580388773233,0.00691819190979,-0.00295186392032,0.00222292519175],[0.000519460532814,-0.00110594776925,-0.000521511014085,-0.000226360527449,-0.000122048637422,-0.00000578952312935,-0.00889647845179,0.0249377675354,-0.0154881794006,0.0125264655799,-0.0125559922308,0.00931600388139,-0.0026808292605],[-0.000296321028145,0.00126964214724,0.0000962901031016,0.00148649432231,-0.00248250178993,-0.00253439066,0.0054241437465,-0.0154881794006,0.0318934321404,-0.0197043139488,0.0135602839291,-0.0123526286334,0.00438654655591],[0.000271481956588,-0.00136287021451,-0.000363381783245,-0.00231796130538,0.000955368508585,0.00192758475896,-0.00580388773233,0.0125264655799,-0.0197043139488,0.0316062420607,-0.0173332728446,0.00832482334226,-0.0056391172111],[-0.000359053054126,0.00116025353782,-0.00117476517335,0.000996639137156,0.00124185695313,-0.000592168129515,0.00691819190979,-0.0125559922308,0.0135602839291,-0.0173332728446,0.0305471327156,-0.0145152453333,0.00785155314952],[0.000778465298936,-0.00214172247797,-0.000514150247909,-0.000902001571376,-0.00236971559934,0.00344735570252,-0.00295186392032,0.00931600388139,-0.0123526286334,0.00832482334226,-0.0145152453333,0.0321084298193,-0.0199370812625],[-0.000448603590485,0.00126376503613,-0.000553097052034,-0.000413380999817,0.00150862138253,-0.00187585956883,0.00222292519175,-0.0026808292605,0.00438654655591,-0.0056391172111,0.00785155314952,-0.0199370812625,0.029465444386]],"mean":[-679.959777832,191.473526001,-2.98858976364,24.7372932434,14.8367948532,17.2608242035,5.83557081223,1.39495527744,5.43674325943,7.83297252655,1.34790825844,5.44295549393,2.59912800789]},"pitch_salience":{"dmean":0.0905785262585,"dmean2":0.148830026388,"dvar":0.00562652666122,"dvar2":0.0148595180362,"max":0.908905863762,"mean":0.522219777107,"median":0.538931787014,"min":0.0764937698841,"var":0.0155171621591},"silence_rate_20dB":{"dmean":0,"dmean2":0,"dvar":0,"dvar2":0,"max":1,"mean":1,"median":1,"min":1,"var":0},"silence_rate_30dB":{"dmean":0.123686887324,"dmean2":0.24739472568,"dvar":0.108387127519,"dvar2":0.230252623558,"max":1,"mean":0.839390099049,"median":1,"min":0,"var":0.134808689356},"silence_rate_60dB":{"dmean":0.000338868179824,"dmean2":0.000677793752402,"dvar":0.000338756071869,"dvar2":0.000846793700475,"max":1,"mean":0.0163490045816,"median":0,"min":0,"var":0.0160814728588},"spectral_centroid":{"dmean":144.966201782,"dmean2":226.520355225,"dvar":32895.0976562,"dvar2":61597.5351562,"max":10854.6142578,"mean":646.592956543,"median":552.19128418,"min":97.6479721069,"var":189685.328125},"spectral_complexity":{"dmean":3.21518135071,"dmean2":4.97466754913,"dvar":8.95010471344,"dvar2":18.3667373657,"max":58,"mean":17.5516300201,"median":18,"min":0,"var":57.9766845703},"spectral_contrast_coeffs":{"dmean":[0.0590495541692,0.0482996553183,0.0390803329647,0.0267000291497,0.0312820747495,0.0311468802392],"dmean2":[0.0984375998378,0.0808080658317,0.0662015005946,0.0449755713344,0.0510259456933,0.0504924356937],"dvar":[0.00207514804788,0.00138285721187,0.000987965031527,0.000440245406935,0.000782699615229,0.00114876078442],"dvar2":[0.00571767101064,0.00386888254434,0.00278736534528,0.00123849569354,0.00201390800066,0.00285591906868],"max":[-0.361168384552,-0.45422488451,-0.547757685184,-0.597829401493,-0.607762813568,-0.480929970741],"mean":[-0.667264163494,-0.764778792858,-0.807955622673,-0.825019717216,-0.826511859894,-0.812025666237],"median":[-0.670162081718,-0.766189992428,-0.812866806984,-0.825387358665,-0.821262598038,-0.829574108124],"min":[-0.975879967213,-0.980749487877,-0.975646972656,-0.980946540833,-0.968028247356,-0.960785865784],"var":[0.00677456567064,0.00395997520536,0.002795786364,0.0013061480131,0.00216560042463,0.00265952153131]},"spectral_contrast_valleys":{"dmean":[0.388589769602,0.366980284452,0.330117225647,0.292065918446,0.448469668627,0.743400812149],"dmean2":[0.653724014759,0.602678656578,0.538272321224,0.461862027645,0.697444856167,1.21449375153],"dvar":[0.102927021682,0.104978635907,0.0893888399005,0.0885732918978,0.196907371283,0.392601907253],"dvar2":[0.264383971691,0.247059866786,0.2017442137,0.18546281755,0.461396038532,1.02065396309],"max":[-4.74318313599,-4.52261257172,-5.43828964233,-5.5353140831,-4.88338899612,-8.73926830292],"mean":[-6.27531766891,-6.30696678162,-6.95986557007,-7.28745222092,-8.04388141632,-10.9786291122],"median":[-6.12003517151,-6.14938163757,-6.79123401642,-7.15591621399,-7.8931221962,-10.8649759293],"min":[-26.5880775452,-27.2957000732,-27.2094249725,-27.0860347748,-27.265745163,-27.1907367706],"var":[1.33132874966,1.24364924431,1.15284264088,1.11915206909,1.07217180729,1.08325576782]},"spectral_decrease":{"dmean":7.03954183834e-9,"dmean2":1.16611165168e-8,"dvar":5.98716900786e-17,"dvar2":1.55177812366e-16,"max":7.67343244501e-10,"mean":-1.56697232967e-8,"median":-1.37421602986e-8,"min":-9.91325137534e-8,"var":1.0127051802e-16},"spectral_energy":{"dmean":0.026844387874,"dmean2":0.0443721599877,"dvar":0.000881185464095,"dvar2":0.00225447420962,"max":0.385221719742,"mean":0.0707302764058,"median":0.063902772963,"min":1.04284638919e-20,"var":0.00167611218058},"spectral_energyband_high":{"dmean":0.000127709863591,"dmean2":0.000190173566807,"dvar":1.92730226445e-7,"dvar2":3.63915575008e-7,"max":0.0240668095648,"mean":0.000221799724386,"median":0.000120466327644,"min":7.51529452539e-21,"var":3.45262805013e-7},"spectral_energyband_low":{"dmean":0.0235643200576,"dmean2":0.0392848066986,"dvar":0.000788375502452,"dvar2":0.00205346965231,"max":0.332068860531,"mean":0.0419303067029,"median":0.0332719236612,"min":6.34447946347e-23,"var":0.00116306182463},"spectral_energyband_middle_high":{"dmean":0.00127033854369,"dmean2":0.00197243737057,"dvar":0.00000501089425597,"dvar2":0.0000102374870039,"max":0.131885573268,"mean":0.00355637841858,"median":0.00253529264592,"min":1.77207512511e-21,"var":0.0000162374126376},"spectral_energyband_middle_low":{"dmean":0.00787042919546,"dmean2":0.0127048911527,"dvar":0.0000950562898652,"dvar2":0.000242555033765,"max":0.156423002481,"mean":0.01996390149,"median":0.0156925152987,"min":2.32695564493e-22,"var":0.000268569303444},"spectral_entropy":{"dmean":0.256922185421,"dmean2":0.409992188215,"dvar":0.0551127865911,"dvar2":0.140941992402,"max":9.81091117859,"mean":7.15547084808,"median":7.17549467087,"min":4.1395573616,"var":0.154872715473},"spectral_flux":{"dmean":0.0376399345696,"dmean2":0.062452044338,"dvar":0.00139021757059,"dvar2":0.00359507603571,"max":0.446270793676,"mean":0.140554666519,"median":0.133780017495,"min":1.02119847301e-10,"var":0.00307143758982},"spectral_kurtosis":{"dmean":8.20358657837,"dmean2":13.3192090988,"dvar":92.6615219116,"dvar2":244.248474121,"max":111.976387024,"mean":20.8727207184,"median":17.6579151154,"min":-1.1968947649,"var":158.559997559},"spectral_rms":{"dmean":0.00152286957018,"dmean2":0.00249121524394,"dvar":0.00000200985050469,"dvar2":0.00000508990524395,"max":0.0193862337619,"mean":0.00793753378093,"median":0.00789583195001,"min":3.18968831382e-12,"var":0.00000600078465141},"spectral_rolloff":{"dmean":2930.4777832,"dmean2":5693.91699219,"dvar":45274904,"dvar2":119931048,"max":22028.4667969,"mean":3796.16918945,"median":516.796875,"min":21.533203125,"var":55804852},"spectral_skewness":{"dmean":0.579780220985,"dmean2":0.913701593876,"dvar":0.368043482304,"dvar2":0.939621090889,"max":8.70891857147,"mean":3.15726232529,"median":3.0149576664,"min":0.042595166713,"var":0.891906917095},"spectral_spread":{"dmean":694298,"dmean2":1118727.5,"dvar":464530341888,"dvar2":1059228221440,"max":41128456,"mean":3383679.75,"median":3253650.25,"min":1198167.5,"var":1344717586430},"spectral_strongpeak":{"dmean":1.25149953365,"dmean2":2.38661623001,"dvar":75.0099029541,"dvar2":214.552459717,"max":151.970779419,"mean":0.94948720932,"median":0.269997417927,"min":0,"var":45.8618125916},"zerocrossingrate":{"dmean":0.0321869328618,"dmean2":0.0427135415375,"dvar":0.000824252027087,"dvar2":0.00144704675768,"max":0.578125,"mean":0.163284063339,"median":0.14892578125,"min":0.00537109375,"var":0.00793354585767}},"metadata":{"audio_properties":{"analysis_sample_rate":44100,"bit_rate":128000,"codec":"mp3","downmix":"mix","equal_loudness":0,"length":274.076721191,"lossless":false,"md5_encoded":"3f6022fa661c784f0a21e1e77f51cb55","replay_gain":0.0483093261719,"sample_rate":44100},"tags":{"album":["Blur"],"artist":["Blur"],"date":["1997-02-10"],"file_name":"08 - Blur - Death of a Party.mp3","musicbrainz_albumid":["e4350aac-d96b-49c6-a353-f9818ea4179b"],"musicbrainz_artistid":["ba853904-ae25-4ebb-89d6-c44cfbd71bd2"],"musicbrainz_recordingid":["328d3c1f-ca4d-4f5b-8580-55013d14e601"],"title":["Death of a Party"],"tracknumber":["08/14"]},"version":{"essentia":"2.1-beta1","essentia_build_sha":"ca57ba49d9b1854bd80e60cf9ccf267278fb7d6b","essentia_git_sha":"v2.1_beta1-28-g21ef5f4-dirty","extractor":"music 1.0"}},"rhythm":{"beats_count":762,"beats_loudness":{"dmean":0.0420029126108,"dmean2":0.076323620975,"dvar":0.00160197610967,"dvar2":0.00481584807858,"max":0.301784664392,"mean":0.0805569589138,"median":0.074969381094,"min":8.20424617132e-10,"var":0.00178692035843},"beats_loudness_band_ratio":{"dmean":[0.168437808752,0.0891611948609,0.055232334882,0.0334784984589,0.0237251184881,0.0526270866394],"dmean2":[0.285980165005,0.152863234282,0.0969882979989,0.0571376904845,0.0417269542813,0.0902789086103],"dvar":[0.0183877702802,0.00798027031124,0.00413434067741,0.00135302369017,0.000705656246282,0.00422220258042],"dvar2":[0.0504781641066,0.0223084855825,0.011530562304,0.00352158769965,0.00183579698205,0.0101074939594],"max":[0.988896310329,0.756333827972,0.588449776173,0.347093492746,0.241172537208,0.867962479591],"mean":[0.677491247654,0.125189870596,0.0765745937824,0.0406067222357,0.0236838776618,0.0795219242573],"median":[0.703244447708,0.0990948304534,0.0589475855231,0.0289882272482,0.0140162352473,0.0559716708958],"min":[0.00965359527618,0.00305736786686,0.00108577823266,0.00079119153088,0.000321577099385,0.00168283225503],"var":[0.0337815359235,0.0119802271947,0.00499066105112,0.00148100883234,0.000748028513044,0