{"lowlevel":{"average_loudness":0.671261489391,"barkbands":{"dmean":[0.00597764132544,0.0140529833734,0.00279079657048,0.0017023764085,0.00221286807209,0.00116925977636,0.000714458001312,0.000266447634203,0.000331461022142,0.000356913951691,0.000276687904261,0.000220300120418,0.000251306511927,0.000601044623181,0.000486675649881,0.000317659898428,0.000157514892635,0.000096193907666,0.0000876212579897,0.0000885931513039,0.0000973052665358,0.000066127453465,0.0000147498467413,0.00000285361124952,0.00000275162301477,0.00000778132562118,0.000193206651602],"dmean2":[0.00975427683443,0.022298283875,0.0046438742429,0.00279189320281,0.00359882111661,0.00189770921133,0.00115921138786,0.000443746306701,0.000549479213078,0.000587839167565,0.000445807119831,0.000357266078936,0.000411440152675,0.000959438562859,0.000769807491452,0.000513594946824,0.000252521946095,0.000149197367136,0.000132319662953,0.000132366461912,0.000142402626807,0.0000932974362513,0.0000217191573029,0.00000467631070933,0.00000449683830084,0.0000117267363748,0.000280215637758],"dvar":[0.000255093647866,0.000538472086191,0.0000200182676053,0.00000807239121059,0.0000121445882542,0.00000914779593586,0.00000342982366419,4.36699110651e-7,6.83050700445e-7,5.83654923503e-7,5.05114030602e-7,2.95447051712e-7,4.30672031371e-7,0.00000653091910863,0.00000159302510383,7.84946223575e-7,1.05816042151e-7,5.40797095994e-8,5.5895782225e-8,1.29709391672e-7,1.02817580228e-7,2.98327371695e-8,1.29396704462e-9,3.22185854384e-11,2.94370500198e-11,4.17802681341e-10,1.53882567133e-7],"dvar2":[0.000617953657638,0.00137035374064,0.000054099389672,0.0000204795596801,0.0000309193092107,0.0000205221203942,0.00000698548501532,0.00000116596856969,0.00000159617377449,0.00000154657823259,0.0000012521267081,7.36998970297e-7,0.00000110189091629,0.0000148647013702,0.00000374269006898,0.00000199085161512,2.68318302687e-7,1.18643384894e-7,1.13732035345e-7,2.38406968833e-7,2.0153666469e-7,5.82117820613e-8,2.5892037403e-9,7.86253909202e-11,7.16178991111e-11,9.01760666139e-10,3.14308493898e-7],"max":[0.350160002708,0.570996105671,0.112506769598,0.0615902394056,0.0955234616995,0.121208555996,0.127859920263,0.0312703996897,0.0573183596134,0.0218684375286,0.0280942618847,0.0136993965134,0.0181563403457,0.10662534833,0.0407761521637,0.0200787708163,0.0103103704751,0.0130197927356,0.0169518887997,0.0276875440031,0.0218550972641,0.00563594140112,0.00108042615466,0.000138484494528,0.000136299961014,0.000733199471142,0.0139973228797],"mean":[0.00971442088485,0.0261841956526,0.00421214103699,0.00261896918528,0.00387776340358,0.00179642625153,0.00118850904983,0.000406362727517,0.000576107064262,0.000604669272434,0.000531693338417,0.000448286824394,0.000461369025288,0.0011992440559,0.00115430960432,0.000629043497611,0.000300567975501,0.000170751780388,0.000166865735082,0.000160968047567,0.000175354041858,0.000105088896817,0.0000226345600822,0.00000281097618426,0.0000027712355859,0.0000111471508717,0.000522715447005],"median":[0.00389005173929,0.0163219757378,0.00227662432007,0.00134721468203,0.00232269335538,0.00083023624029,0.000452056818176,0.000170797255123,0.000210483703995,0.000234574195929,0.00012350580073,0.000117023620987,0.000105093793536,0.000100919372926,0.00010131343879,0.0000827442054288,0.0000761341289035,0.0000584259651077,0.0000618038611719,0.0000481740717078,0.0000444571742264,0.0000245807495958,0.00000651051004752,7.93673279986e-7,8.3482706259e-7,0.0000035619573282,0.000240573717747],"min":[1.32666177372e-25,2.99006839844e-24,5.63793366935e-25,9.75321294983e-25,5.84346980048e-24,1.06071223392e-23,3.93733139013e-24,1.60683677319e-23,1.69871619168e-23,1.34978171406e-23,1.41621705514e-23,2.84750892663e-23,1.58330757674e-23,3.15906165254e-23,3.57544326424e-23,5.23826770468e-23,8.65195440922e-23,1.15839705336e-22,1.27193079837e-22,1.77313553088e-22,2.29149199273e-22,3.48092258167e-22,4.20270683345e-22,5.44146003541e-22,8.74869614545e-22,1.3410603077e-21,2.00138873562e-21],"var":[0.000321664643707,0.0010077029001,0.0000345022781403,0.0000146882366607,0.0000262122648564,0.0000150850310092,0.00000768706104282,7.02455281498e-7,0.00000211762358049,0.00000118164632568,0.0000014726340396,0.00000109613370114,9.26359632558e-7,0.0000184407108463,0.00000777564400778,0.00000236952450905,2.83156225578e-7,1.14028516407e-7,1.50670487642e-7,2.54158351254e-7,2.25295195833e-7,7.2292742459e-8,2.66309752028e-9,3.56380341904e-11,3.3085159612e-11,6.92476742614e-10,5.29773501512e-7]},"barkbands_crest":{"dmean":2.91998434067,"dmean2":4.68878507614,"dvar":6.2165350914,"dvar2":16.1427192688,"max":26.7127246857,"mean":12.6931467056,"median":12.3519239426,"min":2.63065242767,"var":19.5480728149},"barkbands_flatness_db":{"dmean":0.0290229488164,"dmean2":0.044922914356,"dvar":0.000630144379102,"dvar2":0.00152173067909,"max":0.467067986727,"mean":0.178334131837,"median":0.172830536962,"min":0.0273532997817,"var":0.00314458506182},"barkbands_kurtosis":{"dmean":9.66754722595,"dmean2":15.0790929794,"dvar":202.541488647,"dvar2":491.300170898,"max":409.275543213,"mean":21.1580085754,"median":13.3077640533,"min":-1.67118597031,"var":634.774841309},"barkbands_skewness":{"dmean":0.839628815651,"dmean2":1.30246579647,"dvar":0.694292545319,"dvar2":1.67893695831,"max":15.1828927994,"mean":3.39984512329,"median":3.18060469627,"min":-2.24765253067,"var":4.00761222839},"barkbands_spread":{"dmean":5.3407626152,"dmean2":8.1812543869,"dvar":46.4372215271,"dvar2":98.9995117188,"max":92.6215744019,"mean":17.9704303741,"median":13.5417518616,"min":0.36419403553,"var":204.767990112},"dissonance":{"dmean":0.0154549730942,"dmean2":0.0261823087931,"dvar":0.000227543452638,"dvar2":0.000642478640657,"max":0.500000119209,"mean":0.472885400057,"median":0.478374034166,"min":0.294342249632,"var":0.000466691388283},"dynamic_complexity":4.67897796631,"erbbands":{"dmean":[0.701450049877,2.27356147766,3.05980110168,4.36346530914,7.69765424728,6.72024917603,10.1597146988,8.43207550049,9.52537631989,9.15083217621,5.80237913132,8.02900123596,7.44218873978,11.0818805695,11.4778394699,7.79395341873,10.4711666107,22.7904529572,28.8585357666,21.0871696472,14.753153801,8.51004600525,5.50606441498,4.01817941666,4.6467590332,4.13669204712,3.94828104973,3.75014090538,2.54710459709,1.31604409218,0.236470639706,0.0652519464493,0.0456516593695,0.030991371721,0.0194739997387,0.0110427495092,0.0103930328041,0.0574179105461,0.0264786202461,0.00316327135079],"dmean2":[1.11394441128,3.64886403084,5.09126091003,7.07446289062,12.6241159439,11.1146345139,16.3809986115,13.7424860001,15.6053915024,14.9412221909,9.65641975403,13.3502521515,12.2691402435,18.1600723267,18.3760929108,12.5732097626,17.177740097,36.5347251892,45.1054267883,33.8253860474,23.6966495514,13.4527864456,8.53461647034,6.03469657898,7.01388216019,6.18489122391,5.83403015137,5.48471164703,3.64660739899,1.86010813713,0.348071396351,0.106015563011,0.0747629329562,0.0506995655596,0.0317826904356,0.0179276745766,0.0152027430013,0.0779282599688,0.0377827845514,0.00464058900252],"dvar":[1.69952833652,12.2921056747,21.7275409698,52.7722167969,127.722259521,161.246627808,850.667053223,354.066375732,588.407775879,507.017333984,248.711395264,433.853912354,249.836853027,672.35559082,872.020507812,409.709869385,741.329833984,6247.75195312,9917.5078125,2703.53417969,2264.18676758,305.287506104,179.085403442,114.835296631,194.598983765,344.476898193,148.220840454,179.568725586,47.2569503784,10.9495668411,0.264945417643,0.0161419436336,0.00823071599007,0.00376008753665,0.00146403932013,0.00045475148363,0.000498480978422,0.0287471972406,0.00480895768851,0.0000279734776996],"dvar2":[4.27957725525,31.9680156708,59.6491699219,131.207580566,326.906707764,406.827270508,1923.94848633,867.063781738,1281.15197754,1129.37768555,659.450805664,1013.66131592,648.261230469,1735.58520508,2118.07739258,1010.85284424,1906.65405273,15702.9892578,21591.8203125,6892.58837891,5636.25830078,752.405883789,399.352264404,234.097595215,383.282714844,648.071716309,275.304870605,383.265228271,94.6501922607,20.6253509521,0.529213130474,0.0392471663654,0.0200768746436,0.0091566182673,0.00355850765482,0.00110038218554,0.000951486057602,0.054342970252,0.00957993045449,0.0000596443096583],"max":[26.5155239105,86.2935333252,102.595489502,171.161254883,192.623168945,557.444824219,1182.45373535,519.875976562,1321.2355957,1138.09228516,797.440551758,1514.81176758,412.086761475,851.090332031,1293.64953613,694.93927002,661.981811523,2936.27783203,3576.65820312,1409.13244629,1225.08862305,616.994812012,828.637939453,575.39831543,1043.74682617,1442.34545898,760.553161621,932.165222168,222.14440918,74.8364257812,12.3219089508,3.04697656631,2.23145771027,1.52938842773,0.962675511837,0.54091835022,0.512760996819,3.70096302032,2.49364376068,0.229147315025],"mean":[1.29850888252,3.78679871559,5.05870819092,7.34498405457,12.3515672684,11.1366262436,15.1707029343,13.1290864944,14.9736452103,15.70911026,9.9706325531,13.8437604904,13.5742397308,20.7438182831,24.9744300842,16.8074951172,21.0158462524,47.5308914185,69.3685073853,49.7985610962,31.1447963715,17.2378368378,10.6725664139,7.57417964935,9.04898738861,7.63423013687,7.40338802338,6.18999147415,4.00669002533,2.11663651466,0.365094900131,0.0705878138542,0.0456306822598,0.0310666896403,0.0198568589985,0.0118300607428,0.0161243230104,0.0941968113184,0.0527876615524,0.0116934813559],"median":[0.661754608154,2.20860719681,3.11499881744,4.15387296677,7.1053071022,6.44010782242,6.25999736786,6.37337207794,6.02513217926,5.71580076218,4.22280454636,5.08611822128,6.2675614357,7.16649913788,5.7402176857,4.87279176712,5.03640604019,5.25087881088,5.37767124176,5.4692234993,4.52874946594,4.4964632988,3.57610535622,2.86244821548,3.18346095085,2.31081724167,2.08782863617,1.44093751907,0.928487479687,0.538565993309,0.12059481442,0.0242280494422,0.0134827187285,0.00921799335629,0.00620682863519,0.00415860069916,0.00587307615206,0.0200378783047,0.0157351735979,0.00734526384622],"min":[8.05744863621e-23,4.01704381245e-22,1.06616633933e-21,5.22591142923e-21,1.14339213135e-20,1.39175060611e-20,6.14191362967e-20,7.98049056213e-20,7.99416941528e-20,1.99869027698e-19,3.54860612032e-19,4.12387016979e-19,5.79706371251e-19,7.19445972936e-19,5.52534211911e-19,1.42752234835e-18,9.9749399875e-19,1.65047161507e-18,2.05116514162e-18,2.73633869533e-18,4.13134943349e-18,5.41206655846e-18,5.92832404083e-18,4.97027559715e-18,6.58730202531e-18,8.14605399291e-18,8.2231770045e-18,1.18793988572e-17,1.09040983211e-17,1.06520324002e-17,1.17155087353e-17,1.076251147e-17,9.82907537188e-18,7.87243670834e-18,5.89020300871e-18,4.23326263445e-18,2.25055103122e-18,9.28041019388e-19,2.57084141316e-19,2.50467963036e-20],"var":[3.01373028755,22.2251281738,38.8072624207,100.674667358,257.003326416,308.908630371,1497.89245605,578.518005371,1198.12915039,1184.55725098,426.782348633,1367.86657715,492.920654297,1421.36755371,3946.93774414,1181.0925293,1782.35693359,17501.0625,37973.28125,11826.2890625,6849.29833984,890.64630127,411.296539307,294.51260376,487.115570068,630.265075684,367.773376465,321.864318848,110.404052734,25.3068885803,0.567615330219,0.0187731329352,0.00914942380041,0.00420576985925,0.00165636301972,0.000529686978552,0.00104761286639,0.0600975938141,0.011144451797,0.000163750257343]},"erbbands_crest":{"dmean":2.13986802101,"dmean2":3.54549837112,"dvar":3.87958955765,"dvar2":10.0253429413,"max":30.4483528137,"mean":7.82165145874,"median":6.87324237823,"min":2.20951080322,"var":13.9968891144},"erbbands_flatness_db":{"dmean":0.0196379143745,"dmean2":0.0304912962019,"dvar":0.00029572204221,"dvar2":0.000738560687751,"max":0.370114505291,"mean":0.136817708611,"median":0.128634795547,"min":0.0261906404048,"var":0.00183045456652},"erbbands_kurtosis":{"dmean":0.96357780695,"dmean2":1.54752802849,"dvar":2.1377222538,"dvar2":5.37726831436,"max":32.8260498047,"mean":0.811500430107,"median":-0.0952336788177,"min":-1.71679377556,"var":6.81376791},"erbbands_skewness":{"dmean":0.35832631588,"dmean2":0.546141445637,"dvar":0.109392076731,"dvar2":0.233931258321,"max":4.52046871185,"mean":0.170458853245,"median":0.283251613379,"min":-4.14955854416,"var":1.01380050182},"erbbands_spread":{"dmean":7.52655220032,"dmean2":11.7894859314,"dvar":57.8104743958,"dvar2":133.654190063,"max":130.99597168,"mean":40.3197479248,"median":39.6729621887,"min":2.23614382744,"var":342.153961182},"gfcc":{"cov":[[22224.1132812,610.754150391,-1869.1315918,33.7540550232,530.90234375,-428.214996338,361.900390625,-426.052612305,493.227294922,172.520370483,-54.0145225525,45.265586853,12.6690530777],[610.754150391,715.502075195,-28.492181778,-137.874755859,73.1703872681,-31.1095676422,-6.86825799942,-46.2960700989,4.89439725876,-33.98777771,17.2639446259,-50.908454895,37.8978271484],[-1869.1315918,-28.492181778,708.778076172,142.659088135,-306.551757812,88.2729721069,-52.8221282959,153.922363281,-117.548088074,-5.46622800827,-1.57874858379,-10.5141029358,-47.5915031433],[33.7540550232,-137.874755859,142.659088135,287.648406982,-0.913876235485,-54.5720367432,137.925506592,-5.29779052734,6.31431531906,-2.77413797379,-30.3187446594,43.9549674988,-59.0197601318],[530.90234375,73.1703872681,-306.551757812,-0.913876235485,376.105865479,24.7042236328,84.2578125,-41.2804222107,79.6645431519,-10.4849662781,39.0053520203,20.7172470093,47.9853935242],[-428.214996338,-31.1095676422,88.2729721069,-54.5720367432,24.7042236328,269.949859619,-101.011001587,113.445480347,-56.243686676,7.4395608902,30.0373821259,-23.5537128448,39.033870697],[361.900390625,-6.86825799942,-52.8221282959,137.925506592,84.2578125,-101.011001587,313.536834717,-83.2999954224,88.5312347412,-0.272121578455,-41.0909118652,58.9313011169,-67.0868148804],[-426.052612305,-46.2960700989,153.922363281,-5.29779052734,-41.2804222107,113.445480347,-83.2999954224,200.738616943,-24.1618804932,3.75201320648,40.5435714722,-30.4483833313,29.567565918],[493.227294922,4.89439725876,-117.548088074,6.31431531906,79.6645431519,-56.243686676,88.5312347412,-24.1618804932,140.051559448,36.7969169617,-14.0804615021,28.3001174927,-11.7906656265],[172.520370483,-33.98777771,-5.46622800827,-2.77413797379,-10.4849662781,7.4395608902,-0.272121578455,3.75201320648,36.7969169617,66.2042236328,19.5579013824,-4.14331865311,1.96007668972],[-54.0145225525,17.2639446259,-1.57874858379,-30.3187446594,39.0053520203,30.0373821259,-41.0909118652,40.5435714722,-14.0804615021,19.5579013824,90.0991744995,18.053735733,31.9290390015],[45.265586853,-50.908454895,-10.5141029358,43.9549674988,20.7172470093,-23.5537128448,58.9313011169,-30.4483833313,28.3001174927,-4.14331865311,18.053735733,94.542930603,2.35864162445],[12.6690530777,37.8978271484,-47.5915031433,-59.0197601318,47.9853935242,39.033870697,-67.0868148804,29.567565918,-11.7906656265,1.96007668972,31.9290390015,2.35864162445,86.9918823242]],"icov":[[0.000072409355198,-0.000132343848236,0.000332283991156,-0.000253072794294,0.000201857692446,-0.0000585803536524,0.000014621063201,-0.0000637512348476,-0.000076830634498,-0.000150147621753,-0.00002076418059,-0.0000195639295271,0.00000620257060291],[-0.000132343848236,0.00232275645249,-0.00150570936967,0.00150122086052,-0.000663307320792,0.0002582106099,-0.000597412581556,0.00159217522014,-0.00124672730453,0.0026087872684,-0.00162935862318,0.0023732255213,-0.00124379503541],[0.000332283991156,-0.00150570936967,0.00555399199948,-0.00362249254249,0.00405414961278,-0.00155397958588,-0.0000912001269171,-0.00229862448759,0.000755242363084,-0.000657757627778,-0.000737518013921,-0.000760261085816,0.0007687768084],[-0.000253072794294,0.00150122086052,-0.00362249254249,0.00905325356871,-0.00465988880023,0.00314910290763,-0.00184093520511,-0.00207959488034,0.00467445142567,-0.00385603634641,0.00490312278271,-0.00397871807218,0.00301649444737],[0.000201857692446,-0.000663307320792,0.00405414961278,-0.00465988880023,0.00978883635253,-0.00453428644687,-0.00186883599963,0.00302993739024,-0.00721277715638,0.00813480652869,-0.00847095064819,0.00528034521267,-0.0047150128521],[-0.0000585803536524,0.0002582106099,-0.00155397958588,0.00314910290763,-0.00453428644687,0.00788016803563,0.000914438569453,-0.00485140178353,0.00622572097927,-0.00639792950824,0.00545720243827,-0.00387121969834,0.00159175740555],[0.000014621063201,-0.000597412581556,-0.0000912001269171,-0.00184093520511,-0.00186883599963,0.000914438569453,0.00699370913208,0.000200327936909,-0.00148328777868,-0.00100327515975,0.00234950147569,-0.00328772165813,0.00395351229236],[-0.0000637512348476,0.00159217522014,-0.00229862448759,-0.00207959488034,0.00302993739024,-0.00485140178353,0.000200327936909,0.0132957315072,-0.00901795271784,0.0097192209214,-0.0101781692356,0.00908138696104,-0.00516358483583],[-0.000076830634498,-0.00124672730453,0.000755242363084,0.00467445142567,-0.00721277715638,0.00622572097927,-0.00148328777868,-0.00901795271784,0.0235634669662,-0.0198868717998,0.0146229714155,-0.0124353943393,0.00585704715922],[-0.000150147621753,0.0026087872684,-0.000657757627778,-0.00385603634641,0.00813480652869,-0.00639792950824,-0.00100327515975,0.0097192209214,-0.0198868717998,0.0361070334911,-0.019800549373,0.0150520810857,-0.00643381057307],[-0.00002076418059,-0.00162935862318,-0.000737518013921,0.00490312278271,-0.00847095064819,0.00545720243827,0.00234950147569,-0.0101781692356,0.0146229714155,-0.019800549373,0.0290783662349,-0.0156359467655,0.00331047689542],[-0.0000195639295271,0.0023732255213,-0.000760261085816,-0.00397871807218,0.00528034521267,-0.00387121969834,-0.00328772165813,0.00908138696104,-0.0124353943393,0.0150520810857,-0.0156359467655,0.0240467190742,-0.0078817345202],[0.00000620257060291,-0.00124379503541,0.0007687768084,0.00301649444737,-0.0047150128521,0.00159175740555,0.00395351229236,-0.00516358483583,0.00585704715922,-0.00643381057307,0.00331047689542,-0.0078817345202,0.0211313981563]],"mean":[-31.7440357208,107.328651428,-80.1792602539,16.0560913086,-5.24203109741,-19.4206466675,7.32249069214,-22.6122283936,-0.288831800222,-3.31577420235,-10.9901275635,1.1014213562,-3.20161747932]},"hfc":{"dmean":25.3816184998,"dmean2":40.405040741,"dvar":1065.68615723,"dvar2":2660.22485352,"max":670.138183594,"mean":101.929428101,"median":90.5751571655,"min":1.10754070951e-16,"var":6997.80126953},"melbands":{"dmean":[0.00505821965635,0.00185730261728,0.000782423070632,0.000526429095771,0.00031774432864,0.000194001797354,0.000142851567944,0.0000885556364665,0.0000515000938321,0.0000480318049085,0.0000398762022087,0.0000483940129925,0.0000393190275645,0.0000269935408141,0.0000207015946216,0.0000288594255835,0.0000476843160868,0.0000560548323847,0.0000336275625159,0.0000257592619164,0.0000160861254699,0.00000979050491878,0.00000722809136278,0.00000411853807236,0.00000340088263329,0.00000359145337825,0.00000350146615347,0.0000027470355235,0.00000255949748862,0.00000258233853856,0.00000217904357669,0.00000161784942065,0.00000105858225652,6.33080276202e-7,1.56260995254e-7,4.30033360033e-8,3.71385660003e-8,3.24475628588e-8,2.85418799706e-8,2.52991316785e-8],"dmean2":[0.00801105517894,0.00302629265934,0.00126586877741,0.000859752763063,0.000511727121193,0.000315035314998,0.000232932899962,0.000144618825288,0.0000856128826854,0.0000799164336058,0.0000658213029965,0.0000795570667833,0.0000632685405435,0.0000434474786744,0.0000341558188666,0.0000470204395242,0.0000768294121372,0.0000879115832504,0.0000538865569979,0.0000418612034991,0.0000259664302575,0.0000157181675604,0.0000114608947115,0.00000642364602754,0.00000519596051163,0.00000548137268197,0.00000535729714102,0.0000041917105591,0.00000386077681469,0.00000386413103115,0.00000324104325955,0.00000239301994043,0.00000153910434619,9.14841564281e-7,2.39099790633e-7,7.05113762933e-8,6.08926669088e-8,5.31730606212e-8,4.67425422812e-8,4.13821723555e-8],"dvar":[0.0000829204000183,0.00000702658735463,0.00000144924945289,6.52058361084e-7,7.02290662957e-7,1.94671798681e-7,1.40289628803e-7,4.49399202296e-8,1.78426446951e-8,1.42502187828e-8,7.24445614608e-9,1.2396944804e-8,9.92294868496e-9,4.55868764959e-9,2.58440646661e-9,6.45786846221e-9,3.13197610069e-8,4.79899000538e-8,7.16782722066e-9,3.75877728942e-9,2.50201970253e-9,4.17233053662e-10,2.68592925678e-10,9.84031398032e-11,8.90131371389e-11,8.67187710529e-11,1.70423716805e-10,1.63061147918e-10,6.60801482977e-11,7.29068541649e-11,5.82521392234e-11,2.1391090288e-11,7.62736748761e-12,2.60175366494e-12,1.37076670002e-13,7.32121747124e-15,5.45818925606e-15,4.17092575755e-15,3.20672867193e-15,2.50233120256e-15],"dvar2":[0.000206439872272,0.000018858409021,0.00000367451707461,0.00000160400304594,0.00000163291736044,4.62265404622e-7,2.93135343554e-7,1.01981051159e-7,4.57046063218e-8,3.40243282437e-8,1.88722637517e-8,3.23698507998e-8,2.46404923132e-8,1.11866782504e-8,6.62831434184e-9,1.63394897612e-8,7.77381927719e-8,1.04041156135e-7,1.81570580793e-8,9.67643032368e-9,6.23974161229e-9,1.05337771839e-9,6.17897066846e-10,2.14045295377e-10,1.90479326756e-10,1.85498338912e-10,3.34356736742e-10,3.16791592958e-10,1.35989650096e-10,1.58213053769e-10,1.24991531014e-10,4.59948260034e-11,1.53297860517e-11,5.04112593683e-12,3.02277110677e-13,1.78876773555e-14,1.33247167979e-14,1.0182157648e-14,7.81530957707e-15,6.09284309136e-15],"max":[0.198623687029,0.0584171451628,0.0251343213022,0.0230059958994,0.0309680551291,0.0124504696578,0.0241851881146,0.0101897409186,0.00562543328851,0.0082978354767,0.00214863498695,0.00359727465548,0.00433442881331,0.00192489405163,0.00136858969927,0.00202895724215,0.00619580317289,0.00873526185751,0.00184597785119,0.00103609566577,0.00126034941059,0.000602732412517,0.000722259574104,0.000487232668092,0.000468778744107,0.000634449301288,0.000924029038288,0.000984928337857,0.000559395295568,0.000571464945097,0.000487378536491,0.000173230073415,0.0000694059053785,0.0000430652726209,0.00000956937856245,0.00000199976989279,0.00000179212884177,0.00000158443003784,0.00000140521217418,0.00000124880671137],"mean":[0.00970856845379,0.0034091048874,0.00143668008968,0.000900303188246,0.00050313596148,0.000307099428028,0.000231107027503,0.000150648935232,0.0000860123691382,0.0000815446401248,0.000069359310146,0.0000860959407873,0.0000799374029157,0.0000570539777982,0.0000398482698074,0.0000521382062288,0.0000933311966946,0.000122532932437,0.0000744816279621,0.0000541396912013,0.0000309921088046,0.000018024667952,0.0000129616446429,0.00000725011841496,0.00000583365044804,0.00000660643490846,0.0000062937660914,0.0000046872155508,0.00000451592859463,0.00000438384631707,0.0000033298811104,0.00000243544377554,0.00000161746106642,9.90581611404e-7,2.23747250061e-7,4.23012700423e-8,3.64716647994e-8,3.19795887549e-8,2.83160659365e-8,2.53101877234e-8],"median":[0.0057599907741,0.00231643184088,0.000879202154465,0.00054236757569,0.000227608135901,0.000149407307617,0.0000933461487875,0.0000561324086448,0.000033184485801,0.0000299998628179,0.0000303699325741,0.0000293568518828,0.000018575003196,0.0000134894644361,0.0000111649314931,0.0000102643462014,0.00000940786230785,0.00000827478925203,0.0000076881788118,0.00000633376203041,0.00000472037118016,0.00000463133574158,0.00000358959027835,0.00000249977847488,0.00000207536004382,0.00000240951408159,0.00000185270266684,0.00000137415315749,0.00000133449748319,0.00000102801550383,7.35585103939e-7,5.29889405243e-7,3.75663773866e-7,2.52290817571e-7,7.09401035692e-8,1.18193641541e-8,1.01569677113e-8,9.06154706826e-9,8.16379230884e-9,7.47737960438e-9],"min":[1.88263370803e-24,4.2129294137e-25,7.65160170969e-25,1.417942077e-24,2.13736399408e-24,2.04328266758e-24,1.02038467837e-24,2.19869299908e-24,3.0309077275e-24,2.10075828428e-24,2.77528543699e-24,1.96768612704e-24,1.70674257529e-24,4.15649075467e-24,2.19162026942e-24,2.58578882021e-24,2.88344398633e-24,2.49213821177e-24,3.36884942841e-24,2.77659534052e-24,3.78337926802e-24,4.81162948126e-24,4.12630499213e-24,3.39938189531e-24,3.38977988038e-24,3.60997304713e-24,5.06807238433e-24,4.5768518541e-24,5.42753460517e-24,5.15934280221e-24,6.22625666613e-24,5.44065454531e-24,5.61017562625e-24,4.68214979659e-24,5.8911576255e-24,6.20331619658e-24,5.05391745868e-24,6.55138371607e-24,6.5922873373e-24,5.66952754861e-24],"var":[0.000151733329403,0.0000139574558489,0.00000309378401653,0.0000013623216546,0.00000134057393097,3.29577460434e-7,2.97244724834e-7,1.03032888887e-7,3.69216976992e-8,4.27855368912e-8,1.40389850856e-8,2.52981973148e-8,3.51628592909e-8,1.98595202505e-8,6.35585895026e-9,1.38308919873e-8,8.39703844235e-8,1.54514111728e-7,2.80386291962e-8,1.30085275885e-8,7.19132220439e-9,1.04964514858e-9,6.01166394443e-10,2.15774259571e-10,2.12610304362e-10,2.24507384905e-10,3.57353646674e-10,2.716672165e-10,1.40976119667e-10,1.47563058994e-10,9.97014623638e-11,4.50381051897e-11,1.63409286102e-11,5.62504296614e-12,2.40606932165e-13,8.0670274402e-15,6.02671268806e-15,4.61247937427e-15,3.56731779736e-15,2.79986296023e-15]},"melbands_crest":{"dmean":4.00558805466,"dmean2":6.47875452042,"dvar":12.3660421371,"dvar2":32.2429733276,"max":39.7543296814,"mean":20.523651123,"median":20.3563709259,"min":1.57834374905,"var":46.373046875},"melbands_flatness_db":{"dmean":0.0359042771161,"dmean2":0.0557121708989,"dvar":0.000921837054193,"dvar2":0.00222700741142,"max":0.633590698242,"mean":0.298608750105,"median":0.295832782984,"min":0.00289888889529,"var":0.00497556990013},"melbands_kurtosis":{"dmean":15.5118570328,"dmean2":24.9874706268,"dvar":619.575439453,"dvar2":1601.76855469,"max":1010.13439941,"mean":34.6716194153,"median":22.5295619965,"min":-1.88992774487,"var":1510.35559082},"melbands_skewness":{"dmean":1.01777684689,"dmean2":1.6252592802,"dvar":1.06627821922,"dvar2":2.67100548744,"max":26.6278209686,"mean":4.26746034622,"median":3.89499545097,"min":-1.62189698219,"var":4.90740013123},"melbands_spread":{"dmean":4.33001184464,"dmean2":6.78215360641,"dvar":40.2331886292,"dvar2":86.7655715942,"max":169.877288818,"mean":13.1847839355,"median":7.5600566864,"min":0.393599003553,"var":259.564666748},"mfcc":{"cov":[[11472.2138672,1211.17443848,-1799.10229492,695.813659668,-215.105865479,535.684997559,-262.999084473,-24.2103538513,238.915023804,128.156692505,231.935897827,-78.3270111084,239.55557251],[1211.17443848,1049.09423828,-200.806777954,12.0524930954,30.6965007782,52.2581520081,-24.695772171,-43.45287323,15.6915073395,0.56048899889,-2.56998491287,-33.6552734375,12.5023918152],[-1799.10229492,-200.806777954,1047.50939941,-80.1470108032,-38.9349060059,-189.754348755,77.3742141724,25.199426651,-59.4668273926,1.56649827957,-26.0434494019,53.9692382812,-83.5244064331],[695.813659668,12.0524930954,-80.1470108032,507.793823242,-201.142364502,107.498512268,-21.8299713135,53.0024375916,49.5346336365,-38.8598709106,85.0135879517,-33.783531189,54.0806999207],[-215.105865479,30.6965007782,-38.9349060059,-201.142364502,328.776855469,-48.9040908813,68.5652694702,12.0607643127,-19.0727558136,33.547794342,-54.7384681702,38.3849983215,-27.3540153503],[535.684997559,52.2581520081,-189.754348755,107.498512268,-48.9040908813,212.128723145,6.33007192612,21.0133094788,39.596988678,-12.6729660034,36.5746078491,-33.3176994324,42.5392799377],[-262.999084473,-24.695772171,77.3742141724,-21.8299713135,68.5652694702,6.33007192612,147.815795898,50.0194587708,-13.2851629257,11.6224889755,-13.7448310852,19.1413326263,-10.7606277466],[-24.2103538513,-43.45287323,25.199426651,53.0024375916,12.0607643127,21.0133094788,50.0194587708,121.552108765,31.9131965637,-3.87158417702,27.5547351837,2.81105875969,12.5951566696],[238.915023804,15.6915073395,-59.4668273926,49.5346336365,-19.0727558136,39.596988678,-13.2851629257,31.9131965637,93.6329879761,30.918214798,14.4198999405,-1.96824526787,5.52133750916],[128.156692505,0.56048899889,1.56649827957,-38.8598709106,33.547794342,-12.6729660034,11.6224889755,-3.87158417702,30.918214798,86.9476242065,23.6220836639,5.3180308342,-3.48474383354],[231.935897827,-2.56998491287,-26.0434494019,85.0135879517,-54.7384681702,36.5746078491,-13.7448310852,27.5547351837,14.4198999405,23.6220836639,84.2441101074,8.86444759369,16.0387516022],[-78.3270111084,-33.6552734375,53.9692382812,-33.783531189,38.3849983215,-33.3176994324,19.1413326263,2.81105875969,-1.96824526787,5.3180308342,8.86444759369,60.1354370117,6.96034955978],[239.55557251,12.5023918152,-83.5244064331,54.0806999207,-27.3540153503,42.5392799377,-10.7606277466,12.5951566696,5.52133750916,-3.48474383354,16.0387516022,6.96034955978,60.049697876]],"icov":[[0.00016460189363,-0.000158454640768,0.000242906666244,-0.000227835131227,0.000138982577482,-0.000292362528853,0.000356496486347,-0.000283249362838,0.000321668514516,-0.000675148505252,0.000369824847439,-0.000580122403335,0.000212819810258],[-0.000158454640768,0.00119965104386,-0.000166885001818,0.000284083827864,-0.000531181402039,0.000479924754472,-0.00070336565841,0.00118614989333,-0.00105087039992,0.00132889894303,-0.00114074302837,0.00165378570091,-0.000775657244958],[0.000242906666244,-0.000166885001818,0.00189727905672,-0.000497813918628,0.00133437023032,-0.0000651852824376,0.000490374688525,-0.001809990732,0.00207105884328,-0.00228375708684,0.00206692982465,-0.00307263573632,0.00275567662902],[-0.000227835131227,0.000284083827864,-0.000497813918628,0.00420504854992,0.000476610584883,0.00139156728983,-0.0025191900786,0.00184137141332,-0.00402841856703,0.00520307803527,-0.00563081214204,0.00450657401234,-0.00358213484287],[0.000138982577482,-0.000531181402039,0.00133437023032,0.000476610584883,0.00669417111203,-0.00191035878379,0.00105185387656,-0.00484809651971,0.00482381088659,-0.0062861982733,0.00729028042406,-0.00738951424137,0.00469194445759],[-0.000292362528853,0.000479924754472,-0.0000651852824376,0.00139156728983,-0.00191035878379,0.0114137390628,-0.00662458967417,0.00624039489776,-0.00920669734478,0.00971173122525,-0.0106024798006,0.0115118576214,-0.00882162991911],[0.000356496486347,-0.00070336565841,0.000490374688525,-0.0025191900786,0.00105185387656,-0.00662458967417,0.01553307008,-0.0112883048132,0.01118337363,-0.0119396476075,0.0125865684822,-0.011936949566,0.00829897262156],[-0.000283249362838,0.00118614989333,-0.001809990732,0.00184137141332,-0.00484809651971,0.00624039489776,-0.0112883048132,0.0215953756124,-0.0156810451299,0.0155129088089,-0.0173947345465,0.0140549885109,-0.0111154420301],[0.000321668514516,-0.00105087039992,0.00207105884328,-0.00402841856703,0.00482381088659,-0.00920669734478,0.01118337363,-0.0156810451299,0.028388204053,-0.0212461911142,0.0183147080243,-0.0166537817568,0.012652178295],[-0.000675148505252,0.00132889894303,-0.00228375708684,0.00520307803527,-0.0062861982733,0.00971173122525,-0.0119396476075,0.0155129088089,-0.0212461911142,0.0336467474699,-0.0248209219426,0.0187072362751,-0.0122151728719],[0.000369824847439,-0.00114074302837,0.00206692982465,-0.00563081214204,0.00729028042406,-0.0106024798006,0.0125865684822,-0.0173947345465,0.0183147080243,-0.0248209219426,0.0380412638187,-0.0231961477548,0.0128476498649],[-0.000580122403335,0.00165378570091,-0.00307263573632,0.00450657401234,-0.00738951424137,0.0115118576214,-0.011936949566,0.0140549885109,-0.0166537817568,0.0187072362751,-0.0231961477548,0.0397172756493,-0.0187618620694],[0.000212819810258,-0.000775657244958,0.00275567662902,-0.00358213484287,0.00469194445759,-0.00882162991911,0.00829897262156,-0.0111154420301,0.012652178295,-0.0122151728719,0.0128476498649,-0.0187618620694,0.032100468874]],"mean":[-692.231506348,164.36807251,-11.3228645325,51.0149230957,0.0169577617198,27.0378684998,2.23422074318,3.48302841187,9.64200019836,-1.30966877937,4.55329275131,-4.9425444603,5.11556482315]},"pitch_salience":{"dmean":0.0846685171127,"dmean2":0.135578230023,"dvar":0.00510885287076,"dvar2":0.0134187238291,"max":0.967431485653,"mean":0.493604958057,"median":0.497161984444,"min":0.0148925269023,"var":0.0189804639667},"silence_rate_20dB":{"dmean":0.00340186362155,"dmean2":0.00680423062295,"dvar":0.00339021184482,"dvar2":0.00882838945836,"max":1,"mean":0.997485756874,"median":1,"min":0,"var":0.00250794598833},"silence_rate_30dB":{"dmean":0.0819405391812,"dmean2":0.163893207908,"dvar":0.075226046145,"dvar2":0.166317045689,"max":1,"mean":0.818383514881,"median":1,"min":0,"var":0.148623913527},"silence_rate_60dB":{"dmean":0.00961396284401,"dmean2":0.0192293468863,"dvar":0.009520791471,"dvar2":0.0227025449276,"max":1,"mean":0.0884419158101,"median":0,"min":0,"var":0.0806155726314},"spectral_centroid":{"dmean":220.178039551,"dmean2":327.55581665,"dvar":76743.2421875,"dvar2":142944.828125,"max":11574.3388672,"mean":1075.55725098,"median":884.633300781,"min":136.806732178,"var":970350.75},"spectral_complexity":{"dmean":3.16417694092,"dmean2":4.76606750488,"dvar":12.5577888489,"dvar2":23.6602954865,"max":61,"mean":16.8387928009,"median":14,"min":0,"var":133.525238037},"spectral_contrast_coeffs":{"dmean":[0.0501901619136,0.048585858196,0.0350223705173,0.0263848528266,0.0205252375454,0.0543755851686],"dmean2":[0.083878710866,0.0819679871202,0.0589257888496,0.0440396815538,0.033136986196,0.0842978358269],"dvar":[0.00153766735457,0.00143861561082,0.000775000371505,0.000458806141978,0.000286143505946,0.00219086138532],"dvar2":[0.0042747342959,0.00406680209562,0.00219577131793,0.00124037300702,0.000727069273125,0.00524692609906],"max":[-0.37176066637,-0.480988681316,-0.596425950527,-0.551468789577,-0.593696594238,-0.368136167526],"mean":[-0.702925562859,-0.770333349705,-0.813576459885,-0.819849312305,-0.824103116989,-0.712224304676],"median":[-0.707601189613,-0.773851931095,-0.819169044495,-0.833845257759,-0.827074766159,-0.718465149403],"min":[-0.979249835014,-0.982353031635,-0.977309644222,-0.986274778843,-0.971221327782,-0.965419530869],"var":[0.00587378023192,0.00446107238531,0.00282785785384,0.0036482536234,0.0021292490419,0.00883301626891]},"spectral_contrast_valleys":{"dmean":[0.353579372168,0.358635306358,0.299993515015,0.271874666214,0.29692825675,0.721994578838],"dmean2":[0.593771338463,0.594464242458,0.491300433874,0.422761410475,0.422700077295,1.1439344883],"dvar":[0.0924284383655,0.0922226756811,0.0693331360817,0.0713057219982,0.0965852513909,0.351568311453],"dvar2":[0.238910481334,0.229531019926,0.158429518342,0.152454584837,0.188627496362,0.93885999918],"max":[-4.68668937683,-4.59493923187,-5.09209680557,-5.10648488998,-4.81880092621,-8.58325481415],"mean":[-6.68437099457,-6.90079212189,-7.4413819313,-7.7372469902,-7.93025016785,-11.4561567307],"median":[-6.23940038681,-6.56410360336,-7.11474370956,-7.49213981628,-7.56084537506,-11.2164382935],"min":[-28.4320220947,-27.917432785,-27.8062477112,-27.7601909637,-27.4644527435,-27.4228630066],"var":[3.99724984169,3.86730265617,3.72463989258,4.04538917542,3.79069638252,2.94534921646]},"spectral_decrease":{"dmean":5.26249621657e-9,"dmean2":8.25177526309e-9,"dvar":8.12545272888e-17,"dvar2":1.94604694666e-16,"max":2.93367524717e-10,"mean":-1.36316291588e-8,"median":-1.06030002556e-8,"min":-2.01439974035e-7,"var":1.90488882166e-16},"spectral_energy":{"dmean":0.0202612765133,"dmean2":0.0316982455552,"dvar":0.00119759573136,"dvar2":0.00284860865213,"max":0.7843952775,"mean":0.0606941245496,"median":0.0501668304205,"min":1.00846491783e-20,"var":0.00323853129521},"spectral_energyband_high":{"dmean":0.000341915729223,"dmean2":0.00046808674233,"dvar":7.19630747881e-7,"dvar2":0.00000121204050174,"max":0.04621341452,"mean":0.000776406668592,"median":0.00031814808608,"min":7.13227597445e-21,"var":0.00000212585587178},"spectral_energyband_low":{"dmean":0.0181594900787,"dmean2":0.0287447255105,"dvar":0.00098280434031,"dvar2":0.00242510973476,"max":0.713179826736,"mean":0.0394051447511,"median":0.0279258359224,"min":1.57930757863e-23,"var":0.00194628885947},"spectral_energyband_middle_high":{"dmean":0.00150405720342,"dmean2":0.00226937164553,"dvar":0.0000114137728815,"dvar2":0.0000255587201536,"max":0.120419092476,"mean":0.00570688862354,"median":0.00147236185148,"min":1.1265471919e-21,"var":0.0000894527038326},"spectral_energyband_middle_low":{"dmean":0.00407531671226,"dmean2":0.00647034449503,"dvar":0.0000386454703403,"dvar2":0.0000908101574169,"max":0.172513112426,"mean":0.0105631044134,"median":0.00721999304369,"min":1.46884423805e-22,"var":0.000131407374283},"spectral_entropy":{"dmean":0.180780366063,"dmean2":0.273688435555,"dvar":0.0329444520175,"dvar2":0.0781449973583,"max":9.81984901428,"mean":7.45535898209,"median":7.50133895874,"min":4.60912227631,"var":0.183885350823},"spectral_flux":{"dmean":0.0278705656528,"dmean2":0.045776553452,"dvar":0.00129668402951,"dvar2":0.00338460481726,"max":0.611167967319,"mean":0.105848394334,"median":0.100575663149,"min":6.31777893889e-11,"var":0.00423510931432},"spectral_kurtosis":{"dmean":3.21111917496,"dmean2":4.99414682388,"dvar":20.4490966797,"dvar2":52.9876861572,"max":115.712501526,"mean":13.9426488876,"median":11.9600296021,"min":-1.26652288437,"var":58.3890724182},"spectral_rms":{"dmean":0.00112580962013,"dmean2":0.00174538837746,"dvar":0.00000183291001576,"dvar2":0.00000431347416452,"max":0.0276634003967,"mean":0.00680264597759,"median":0.00699594523758,"min":3.13666735814e-12,"var":0.0000129378813654},"spectral_rolloff":{"dmean":2376.44311523,"dmean2":4506.41699219,"dvar":32814748,"dvar2":87053224,"max":21985.4003906,"mean":3493.91430664,"median":645.99609375,"min":21.533203125,"var":44992196},"spectral_skewness":{"dmean":0.287706285715,"dmean2":0.430693805218,"dvar":0.113894544542,"dvar2":0.275574445724,"max":9.23358249664,"mean":2.38344359398,"median":2.28919959068,"min":-0.0537961423397,"var":0.506419479847},"spectral_spread":{"dmean":468576.40625,"dmean2":723704.6875,"dvar":305801756672,"dvar2":670068637696,"max":42942600,"mean":4233611.5,"median":4005659.25,"min":965569.9375,"var":8833625751550},"spectral_strongpeak":{"dmean":0.583340644836,"dmean2":1.05838489532,"dvar":13.7109794617,"dvar2":36.7100105286,"max":84.2811050415,"mean":0.693418681622,"median":0.276712954044,"min":0,"var":12.2306632996},"zerocrossingrate":{"dmean":0.0300219673663,"dmean2":0.0394182093441,"dvar":0.000695809023455,"dvar2":0.0011382040102,"max":0.81298828125,"mean":0.165198579431,"median":0.1533203125,"min":0,"var":0.00753036094829}},"metadata":{"audio_properties":{"analysis_sample_rate":44100,"bit_rate":128000,"codec":"mp3","downmix":"mix","equal_loudness":0,"length":313.966766357,"lossless":false,"md5_encoded":"9203721eca537774f5bf492b9b008d1c","replay_gain":-6.1948928833,"sample_rate":44100},"tags":{"album":["Adore"],"albumartist":["The Smashing Pumpkins"],"albumartistsort":["Smashing Pumpkins, The"],"artist":["The Smashing Pumpkins"],"artistsort":["Smashing Pumpkins, The"],"asin":["B000006NPY"],"barcode":["724384587925"],"composer":["Billy Corgan"],"date":["1998-06-01"],"file_name":"13 Behold! The Night Mare.mp3","genre":["Unknown"],"label":["EMI Music Australia"],"length":["313933"],"lyricist":["Billy Corgan"],"musicbrainz album artist":["The Smashing Pumpkins"],"musicbrainz album artist sortname":["Smashing Pumpkins, The"],"musicbrainz album release country":["AU"],"musicbrainz album status":["official"],"musicbrainz album type":["album"],"musicbrainz non-album":["0"],"musicbrainz_albumartistid":["ba0d6274-db14-4ef5-b28d-657ebde1a396"],"musicbrainz_albumid":["b691145b-485f-4210-bd1c-249d5f25d1b1"],"musicbrainz_artistid":["ba0d6274-db14-4ef5-b28d-657ebde1a396"],"musicbrainz_recordingid":["32bd0ec2-029f-4454-beff-63a60c224f66"],"musicip_puid":["18779b0a-edde-072b-6814-1b9ad159a4a3"],"releasedate":["1998-06-01"],"taggingdate":["2006-12-09T21:34:48"],"title":["Behold! The Night Mare"],"tracknumber":["13/16"]},"version":{"essentia":"2.1-beta1","essentia_build_sha":"ec322331fa6aaecceef5ae0ec8bb6dd0710d66ba","essentia_git_sha":"v2.1_beta1-28-g21ef5f4","extractor":"music 1.0"}},"rhythm":{"beats_count":730,"beats_loudness":{"dmean":0.0466255173087,"dmean2":0.0859298408031,"dvar":0.0032316588331,"dvar2":0.00935212895274,"max":0.603326499462,"mean":0.0756446942687,"median":0.063303142786,"min":0,"var":0.00450488878414},"beats_loudness_band_ratio":{"dmean":[0.15539303422,0.076775804162,0.04068345204,0.0313625521958,0.0355121269822,0.065363958478],"dmean2