{"lowlevel":{"average_loudness":0.83257484436,"barkbands":{"dmean":[0.00980043783784,0.0238554924726,0.00342303304933,0.00127565988805,0.00128987745848,0.000825069611892,0.000933281728067,0.00044133074698,0.00061293982435,0.000462260330096,0.000358401419362,0.000432407599874,0.000449628685601,0.000309335708153,0.000308602117002,0.000184146643733,0.000118487427244,0.000140102405567,0.000133995970828,0.0000964491046034,0.0000336475532094,0.0000177780038939,0.00000910854942049,0.00000448488617621,0.0000034403403788,0.00000356315695171,0.0000264750742645],"dmean2":[0.0165969245136,0.0393397398293,0.00568201253191,0.00208393181674,0.00217522727326,0.00133893510792,0.00148143409751,0.000724312383682,0.000992629677057,0.000748278514948,0.000591088086367,0.000707974017132,0.00074764090823,0.000525220821146,0.000512107333634,0.000301299558487,0.000197155415663,0.000223657552851,0.000209248930332,0.000150099411258,0.0000513812228746,0.0000265062608378,0.0000135443160616,0.00000710876747689,0.00000571523241888,0.00000585296220379,0.000037733145291],"dvar":[0.00046696420759,0.00238123792224,0.000042624949856,0.00000472434294352,0.00000647660863251,0.00000507361755808,0.00000582011080041,0.00000127343810163,0.00000179960227342,0.00000108600261228,7.13944984909e-7,0.00000146915533605,0.00000127734540456,3.73991042579e-7,4.55623506923e-7,1.29039293029e-7,7.44130943531e-8,9.2783459138e-8,1.4638632706e-7,1.14177424848e-7,7.19841208863e-9,3.36600147754e-9,6.94255153366e-10,7.61005564121e-11,3.65717421624e-11,3.69942930456e-11,4.41071135171e-9],"dvar2":[0.00122269417625,0.00637427298352,0.000108522894152,0.0000124567741295,0.0000172298005054,0.0000124725193018,0.0000132204522743,0.00000312675024361,0.00000450690231446,0.00000272276679425,0.00000180598260613,0.00000359288173968,0.00000302030684907,0.00000101189243651,0.00000119861033454,3.17964151009e-7,1.85531874308e-7,2.25899015049e-7,3.28251786641e-7,2.59578598616e-7,1.55656234568e-8,6.91389256957e-9,1.24183940908e-9,1.68603284112e-10,9.2469761015e-11,9.29088334045e-11,8.31113666777e-9],"max":[0.238634631038,0.460207343102,0.108587309718,0.038169849664,0.0603313073516,0.061471004039,0.0558408871293,0.0364091731608,0.0277631450444,0.0206198766828,0.0256270952523,0.0450330451131,0.0506238490343,0.0142235513777,0.0180960334837,0.00803855713457,0.00981428287923,0.00806634966284,0.0112392352894,0.00973386410624,0.00321498792619,0.00335109839216,0.00107723404653,0.000265272159595,0.0000953278140514,0.000117516407045,0.00229345192201],"mean":[0.0116666350514,0.0302522759885,0.00458386726677,0.00196255929768,0.00200001453049,0.00115781754721,0.00155015964992,0.000708370469511,0.00102821236942,0.000738431466743,0.000549303949811,0.000710142310709,0.000767442863435,0.000569119700231,0.000562241359148,0.000345996464603,0.000234497420024,0.000293718854664,0.00026533860364,0.000190257705981,0.0000732314874767,0.0000351735652657,0.0000157132762979,0.00000549207379663,0.00000373334660253,0.00000416241391576,0.0000752696578274],"median":[0.00526590831578,0.0166286807507,0.00216603372246,0.000883083266672,0.000881989020854,0.000368782697478,0.000312094227411,0.000224980991334,0.000314080243697,0.000256235536654,0.000143632641993,0.000167365345987,0.000236924533965,0.000141447555507,0.000150105988723,0.000111837704026,0.0000653192546451,0.000100940022094,0.0000895784833119,0.0000637131888652,0.0000348846770066,0.0000174812485056,0.00000699945030647,0.00000209093354897,0.00000125133271922,0.00000157479075824,0.0000370949419448],"min":[4.45067315788e-24,6.8852713819e-23,2.68940668618e-23,1.81920727966e-23,1.12232515785e-22,4.82323662285e-23,5.2437376662e-23,1.26930168274e-22,2.01169076048e-23,1.1666717625e-22,6.71051786547e-23,9.27630499909e-23,7.63181210837e-23,1.61066375832e-22,1.62446680468e-22,5.57982585953e-23,1.89111491729e-22,2.02437182575e-22,3.60547071818e-22,2.91201881602e-22,3.62425318078e-22,4.54030017338e-22,4.56733399484e-22,1.0061269815e-21,1.44524114111e-21,1.44548368113e-21,2.83098929575e-21],"var":[0.00043943390483,0.00214095180854,0.0000536041261512,0.00000831099805509,0.00000996908693196,0.00000720869365978,0.0000144707364598,0.00000314355065711,0.00000366852850675,0.00000207624066206,0.00000133066885155,0.0000036419769458,0.00000315526403938,8.41955056785e-7,9.86216150523e-7,3.36541774004e-7,1.7391585061e-7,2.56254423903e-7,3.09353083594e-7,2.2038537395e-7,1.66490767839e-8,5.75921532686e-9,1.63333802039e-9,1.22485716014e-10,4.40668924961e-11,4.83410568519e-11,1.50203760541e-8]},"barkbands_crest":{"dmean":3.30647778511,"dmean2":5.26721906662,"dvar":8.16816902161,"dvar2":20.2575778961,"max":26.2473182678,"mean":13.6596603394,"median":13.4707584381,"min":2.6094994545,"var":21.7499198914},"barkbands_flatness_db":{"dmean":0.0386969894171,"dmean2":0.0605992861092,"dvar":0.0011853229953,"dvar2":0.002989676781,"max":0.540520787239,"mean":0.198686808348,"median":0.186410456896,"min":0.0351484790444,"var":0.00540920998901},"barkbands_kurtosis":{"dmean":12.2252378464,"dmean2":19.5699768066,"dvar":440.472259521,"dvar2":1105.7512207,"max":475.651641846,"mean":21.0416412354,"median":9.20726299286,"min":-1.96995341778,"var":1062.83557129},"barkbands_skewness":{"dmean":1.02133953571,"dmean2":1.60018086433,"dvar":1.19153320789,"dvar2":2.94648051262,"max":16.988571167,"mean":3.21932220459,"median":2.77585244179,"min":-6.0708732605,"var":4.70445871353},"barkbands_spread":{"dmean":4.48659563065,"dmean2":6.97523593903,"dvar":30.3124256134,"dvar2":69.7261962891,"max":126.133026123,"mean":13.1610212326,"median":10.5903205872,"min":0.155238807201,"var":125.51436615},"dissonance":{"dmean":0.0194954611361,"dmean2":0.0327003337443,"dvar":0.00054246140644,"dvar2":0.0014169474598,"max":0.500000059605,"mean":0.467481523752,"median":0.477198958397,"min":0.117697551847,"var":0.00117016176227},"dynamic_complexity":5.59055137634,"erbbands":{"dmean":[1.17250978947,3.74659848213,4.17844200134,4.03390550613,4.05078935623,4.14419364929,6.5013217926,6.57801389694,10.426618576,12.4118328094,11.8005952835,12.5129289627,14.3438100815,14.3509607315,12.9074831009,17.1817855835,20.0436611176,15.6635417938,13.6179075241,14.7628612518,7.85126304626,6.49941682816,7.39471387863,6.82819128036,6.19871664047,4.71553659439,1.94847297668,1.10608196259,0.657180309296,0.438729196787,0.239332273602,0.120516821742,0.0625781565905,0.0393226109445,0.0241171922535,0.0134139116853,0.00664089852944,0.00436278898269,0.00284941704012,0.000555725535378],"dmean2":[1.97018921375,6.14482736588,6.90255737305,6.54843091965,6.94639778137,6.98647642136,10.6410131454,10.7929706573,16.7707252502,19.5996894836,19.3753871918,20.4428386688,23.2802257538,23.3592185974,21.4694156647,28.3085327148,33.2723999023,26.1842288971,22.9416656494,23.8601779938,12.7672986984,10.716044426,11.8499450684,10.6545057297,9.56688976288,7.41248083115,2.95645880699,1.67050242424,0.971322417259,0.657523036003,0.356320619583,0.184790045023,0.102028667927,0.0651580020785,0.0400849916041,0.022262621671,0.0108854547143,0.00645517976955,0.00401959940791,0.000809000513982],"dvar":[8.16896247864,42.1800918579,62.1264572144,45.766960144,54.9748001099,99.1774597168,257.534790039,405.941345215,651.088317871,1123.10754395,670.031982422,843.986572266,1050.89892578,1667.07055664,994.709350586,2385.19018555,2585.06274414,941.101806641,703.285522461,1057.09545898,218.716445923,209.568634033,294.553771973,266.306304932,414.581970215,297.921417236,24.6892776489,10.9886760712,4.22394800186,2.32294416428,0.441178321838,0.074876435101,0.0128016844392,0.00477748923004,0.0017897777725,0.000539423548616,0.000128351792227,0.000112033478217,0.0000767989840824,0.00000179505502729],"dvar2":[21.9468860626,112.646316528,158.134643555,118.976287842,153.759841919,258.144683838,612.954162598,1040.70373535,1515.32397461,2657.57397461,1755.08886719,2144.86279297,2555.36816406,4131.7890625,2633.5559082,5689.58935547,6172.95214844,2514.53710938,1918.54370117,2640.62255859,531.241210938,516.681945801,725.110595703,596.500305176,929.346740723,696.955383301,54.2345046997,23.7899646759,9.06749153137,4.41937303543,0.802372336388,0.137956231833,0.0310275889933,0.0120661687106,0.00451838411391,0.00136357697193,0.000322711945046,0.000200821596081,0.000137082519359,0.00000370558200302],"max":[26.2062721252,77.741355896,131.640472412,144.771789551,156.829147339,304.869873047,352.766326904,502.747283936,511.338653564,769.356201172,884.72869873,664.785888672,668.778381348,1251.63867188,1162.55102539,2189.21728516,1833.59716797,712.351318359,535.83416748,929.816101074,306.311737061,553.51739502,576.012023926,399.270935059,631.963806152,573.859008789,121.1512146,170.36819458,123.391525269,72.7944030762,28.8740329742,12.9271373749,2.17201209068,1.07387840748,0.673248708248,0.368441164494,0.269874870777,0.451615154743,0.401886314154,0.0516147278249],"mean":[1.35240340233,4.94911146164,6.13067626953,6.68563604355,6.22891712189,5.91584300995,8.90868377686,9.25366401672,16.9287586212,21.1923313141,20.4586658478,21.7027225494,23.5987930298,23.4056339264,22.1234512329,30.5776920319,36.6246948242,30.58344841,27.8344573975,27.4730968475,16.609500885,14.0286636353,15.993185997,14.4874715805,12.3094396591,9.12298202515,4.25411701202,2.3130428791,1.29879641533,0.814185678959,0.404888093472,0.168382957578,0.0704767182469,0.0429094210267,0.0261629316956,0.0149214733392,0.00796463806182,0.00705568585545,0.00661829626188,0.00166376610287],"median":[0.694876372814,2.47500491142,3.322691679,3.40170645714,2.80965638161,2.47852826118,2.78450131416,3.05408549309,4.17135667801,4.49915266037,6.95694637299,7.14717149734,8.37379550934,7.13083839417,6.76010131836,7.48603248596,11.4531879425,9.43929004669,7.17981958389,8.67199230194,5.89884471893,4.20583343506,5.38579845428,5.43906021118,4.08879137039,2.98890423775,1.8429942131,1.12547767162,0.647130966187,0.384544640779,0.180912047625,0.068536028266,0.0251621659845,0.0147333098575,0.00867780297995,0.00514805922285,0.00312754977494,0.00330282864161,0.00350695499219,0.000795964791905],"min":[1.54885611512e-21,1.63628248196e-20,4.00584539043e-20,4.16169268018e-20,1.21265983195e-19,4.29876277616e-19,6.81539852679e-19,2.8883882955e-19,5.62932234103e-19,1.30746225232e-18,2.7009488068e-18,6.89507876725e-19,3.45165140185e-18,2.09767833465e-18,3.49203808166e-18,4.07821796839e-18,4.21254879114e-18,5.17252870155e-18,1.21267821087e-17,4.98430954343e-18,5.28586898908e-18,1.05329705044e-17,8.62244302411e-18,1.82781603647e-17,1.64443241078e-17,1.35014189747e-17,1.38876593812e-17,1.74985624898e-17,1.60775059021e-17,1.2749397647e-17,1.24337248457e-17,1.66346931083e-17,1.88160213232e-17,1.4164478682e-17,1.12274647292e-17,6.00794513787e-18,2.90247440585e-18,1.24548212601e-18,4.15995333908e-19,4.05831255196e-20],"var":[6.45109415054,46.8606948853,80.1740951538,86.4856948853,84.034538269,117.527648926,418.752380371,521.117858887,1468.29296875,2691.08520508,1469.66674805,1687.43078613,1987.50476074,3210.53662109,1772.02270508,6514.56005859,6967.63623047,2382.74780273,1756.81982422,2374.42504883,635.075439453,565.130615234,827.701599121,667.033752441,809.085205078,537.562927246,60.4041366577,21.1364879608,7.09253501892,4.40084314346,1.03396642208,0.156281530857,0.0166301112622,0.00576075864956,0.00217195460573,0.000672663038131,0.000170593921212,0.000250598008279,0.000187536643352,0.00000639681729808]},"erbbands_crest":{"dmean":2.52020263672,"dmean2":4.11297416687,"dvar":5.80165147781,"dvar2":14.6178588867,"max":32.7500991821,"mean":8.26015949249,"median":7.1476726532,"min":2.02196073532,"var":17.1775779724},"erbbands_flatness_db":{"dmean":0.0247362200171,"dmean2":0.0393479391932,"dvar":0.000515553459991,"dvar2":0.00129079865292,"max":0.407852739096,"mean":0.148301959038,"median":0.14512000978,"min":0.0571019537747,"var":0.00176616036333},"erbbands_kurtosis":{"dmean":1.05774152279,"dmean2":1.69896399975,"dvar":3.54945731163,"dvar2":8.06219959259,"max":58.5957946777,"mean":0.789160072803,"median":-0.00950384140015,"min":-1.94561696053,"var":12.3706769943},"erbbands_skewness":{"dmean":0.390750259161,"dmean2":0.601492106915,"dvar":0.160967722535,"dvar2":0.360762625933,"max":4.78671789169,"mean":0.0260657612234,"median":0.00353439571336,"min":-6.21428060532,"var":0.828652322292},"erbbands_spread":{"dmean":7.91985559464,"dmean2":12.4057941437,"dvar":76.8973770142,"dvar2":175.943756104,"max":214.600769043,"mean":35.9139976501,"median":32.3456573486,"min":2.35827112198,"var":328.696838379},"gfcc":{"cov":[[17438.3925781,77.6955718994,-3149.62817383,313.211578369,735.640563965,-790.114013672,622.907714844,-511.968536377,425.05267334,13.6054010391,537.581420898,248.850219727,217.074295044],[77.6955718994,1026.83435059,-22.6953849792,-305.389953613,8.81486320496,18.6825218201,-4.04382705688,-47.2165718079,31.1544246674,0.899929702282,-44.551158905,-43.2297363281,-2.72430896759],[-3149.62817383,-22.6953849792,1043.2376709,29.6795787811,-238.255493164,272.545013428,-175.330825806,189.677871704,-121.147415161,26.4747867584,-126.067192078,-27.8919734955,-59.4411811829],[313.211578369,-305.389953613,29.6795787811,390.118927002,84.5886611938,-88.8566055298,141.862075806,-35.8839797974,68.8950805664,-33.3641395569,56.6421394348,16.6467056274,1.4826079607],[735.640563965,8.81486320496,-238.255493164,84.5886611938,206.411743164,-16.9279689789,72.096572876,-58.9716148376,29.3869361877,-7.13907289505,48.9340324402,14.4653215408,22.0540313721],[-790.114013672,18.6825218201,272.545013428,-88.8566055298,-16.9279689789,240.161315918,-95.0276260376,88.7624664307,-78.3704299927,32.0166244507,-42.9418525696,13.0236797333,-6.70566082001],[622.907714844,-4.04382705688,-175.330825806,141.862075806,72.096572876,-95.0276260376,231.437210083,-49.047454834,103.926856995,-43.9840011597,50.8770484924,-1.04634940624,2.82281637192],[-511.968536377,-47.2165718079,189.677871704,-35.8839797974,-58.9716148376,88.7624664307,-49.047454834,162.644256592,-15.0167322159,37.8920860291,-26.3938694,5.07841014862,-8.06078052521],[425.05267334,31.1544246674,-121.147415161,68.8950805664,29.3869361877,-78.3704299927,103.926856995,-15.0167322159,146.774780273,11.9113254547,35.2365493774,-0.612177550793,-4.51374959946],[13.6054010391,0.899929702282,26.4747867584,-33.3641395569,-7.13907289505,32.0166244507,-43.9840011597,37.8920860291,11.9113254547,77.6229934692,23.7776966095,8.90031719208,2.83959722519],[537.581420898,-44.551158905,-126.067192078,56.6421394348,48.9340324402,-42.9418525696,50.8770484924,-26.3938694,35.2365493774,23.7776966095,86.8600158691,41.7621116638,10.3447608948],[248.850219727,-43.2297363281,-27.8919734955,16.6467056274,14.4653215408,13.0236797333,-1.04634940624,5.07841014862,-0.612177550793,8.90031719208,41.7621116638,66.1320114136,32.1162910461],[217.074295044,-2.72430896759,-59.4411811829,1.4826079607,22.0540313721,-6.70566082001,2.82281637192,-8.06078052521,-4.51374959946,2.83959722519,10.3447608948,32.1162910461,68.0194702148]],"icov":[[0.000161213916726,-0.00016771821538,0.000689804961439,-0.000508144323248,0.000338049430866,-0.00021422545251,0.00000531727619091,-0.0000728225859348,0.000180112416274,-0.000348836532794,0.00014523313439,-0.000448917911854,0.000169491293491],[-0.00016771821538,0.00197824742645,-0.00177757185884,0.0031290971674,-0.00194393179845,0.00109854002949,-0.000817342835944,0.000940027995966,-0.00125173910055,0.000563617737498,-0.000116918301501,0.000778525485657,-0.000579618324991],[0.000689804961439,-0.00177757185884,0.0068383757025,-0.00618096766993,0.00584262888879,-0.00478230090812,0.00122933229432,-0.00140304898378,0.00184291263577,-0.00208400166593,0.00235382118262,-0.0016254899092,0.00187376933172],[-0.000508144323248,0.0031290971674,-0.00618096766993,0.0108543587849,-0.00689226388931,0.00519002834335,-0.00308288750239,0.00124026578851,-0.00255534541793,0.00285594607703,-0.00264911586419,0.000767815450672,-0.00111822690815],[0.000338049430866,-0.00194393179845,0.00584262888879,-0.00689226388931,0.0130713479593,-0.00724272057414,0.00107988505624,0.000549530843273,0.00102989701554,0.0000864434841787,-0.00324384006672,0.00308560230769,-0.00173136242665],[-0.00021422545251,0.00109854002949,-0.00478230090812,0.00519002834335,-0.00724272057414,0.0129062402993,-0.00268424348906,-0.00126717728563,0.00296446168795,-0.00472368812189,0.00664979452267,-0.00771573092788,0.00304292701185],[0.00000531727619091,-0.000817342835944,0.00122933229432,-0.00308288750239,0.00107988505624,-0.00268424348906,0.0127686178312,-0.00195212732069,-0.00673227431253,0.0110913785174,-0.0104545382783,0.00809551868588,-0.00342641631141],[-0.0000728225859348,0.000940027995966,-0.00140304898378,0.00124026578851,0.000549530843273,-0.00126717728563,-0.00195212732069,0.0107037350535,-0.000778609013651,-0.00580819882452,0.00514538306743,-0.00383692630567,0.00128322141245],[0.000180112416274,-0.00125173910055,0.00184291263577,-0.00255534541793,0.00102989701554,0.00296446168795,-0.00673227431253,-0.000778609013651,0.014845142141,-0.00994088500738,0.00586907239631,-0.00517072714865,0.004135645926],[-0.000348836532794,0.000563617737498,-0.00208400166593,0.00285594607703,0.0000864434841787,-0.00472368812189,0.0110913785174,-0.00580819882452,-0.00994088500738,0.0336405932903,-0.0255929809064,0.0174273084849,-0.00879018753767],[0.00014523313439,-0.000116918301501,0.00235382118262,-0.00264911586419,-0.00324384006672,0.00664979452267,-0.0104545382783,0.00514538306743,0.00586907239631,-0.0255929809064,0.0476289391518,-0.033772546798,0.0145578738302],[-0.000448917911854,0.000778525485657,-0.0016254899092,0.000767815450672,0.00308560230769,-0.00771573092788,0.00809551868588,-0.00383692630567,-0.00517072714865,0.0174273084849,-0.033772546798,0.0465729050338,-0.0204495228827],[0.000169491293491,-0.000579618324991,0.00187376933172,-0.00111822690815,-0.00173136242665,0.00304292701185,-0.00342641631141,0.00128322141245,0.004135645926,-0.00879018753767,0.0145578738302,-0.0204495228827,0.0250378735363]],"mean":[-44.2336921692,117.097801208,-87.891708374,21.9359035492,-14.9332790375,0.72175270319,-0.918028950691,-1.37029445171,-4.03060626984,0.0564963519573,-6.81488180161,-5.43038415909,-9.21655273438]},"hfc":{"dmean":4.08707427979,"dmean2":6.19636011124,"dvar":38.3428039551,"dvar2":82.7267608643,"max":116.004379272,"mean":16.5447940826,"median":10.1175308228,"min":1.23513814973e-16,"var":301.722595215},"melbands":{"dmean":[0.00860436912626,0.00287507916801,0.000642337661702,0.00029405177338,0.000208604891668,0.000147359620314,0.000173376116436,0.00012268286082,0.000106122752186,0.000080805089965,0.0000722730255802,0.0000588668808632,0.0000443504868599,0.0000422503144364,0.0000544872746104,0.0000397497424274,0.0000311003750539,0.0000233975588344,0.0000252915015153,0.0000166284153238,0.00000884005567059,0.00000755934934205,0.00000671203997626,0.00000722126014807,0.00000593546974414,0.00000544573686057,0.00000420006608692,0.00000312841552841,0.00000145538569996,8.80358413724e-7,6.16061981873e-7,4.06514175211e-7,3.27890347762e-7,2.23854442538e-7,1.54351781134e-7,9.93609248212e-8,6.60928236584e-8,4.51662955925e-8,3.67301709048e-8,3.19618607136e-8],"dmean2":[0.0143296774477,0.00472667952999,0.0010444453219,0.000496746215504,0.000342691666447,0.000240960391238,0.000275938364211,0.000192847888684,0.000174055836396,0.00013145468256,0.000117426439829,0.0000959628450801,0.0000732604312361,0.0000697708819644,0.0000913535186555,0.0000657616983517,0.0000524366769241,0.0000396357463615,0.0000420453507104,0.0000269663360086,0.0000145024232552,0.0000125746719277,0.0000109970778794,0.000011647838619,0.00000937892673392,0.00000862615979713,0.00000656923975839,0.00000498356348544,0.00000225965345635,0.00000138297309604,9.41349128425e-7,6.17525529378e-7,5.0223229664e-7,3.39305870511e-7,2.33661126003e-7,1.49944895611e-7,1.03905733795e-7,7.38886498652e-8,6.08420123172e-8,5.30526449438e-8],"dvar":[0.000377214048058,0.0000217063825403,0.00000111854558327,3.56160626325e-7,2.45953287958e-7,1.86037439676e-7,1.90754860796e-7,1.04868718154e-7,5.16158777941e-8,3.6507156409e-8,2.65748703043e-8,2.69951847542e-8,9.67820046327e-9,1.27354899959e-8,2.67688449185e-8,8.14503575697e-9,4.07815647918e-9,1.98748462132e-9,3.48759732205e-9,1.1630736374e-9,2.93099433613e-10,3.08357978041e-10,2.26815774496e-10,2.75322459276e-10,2.09971345866e-10,2.76500156104e-10,2.07286937615e-10,1.37772640518e-10,1.37416293622e-11,5.28236742542e-12,3.95438543022e-12,1.27545782096e-12,1.68810744463e-12,5.59807842443e-13,1.90871203933e-13,7.15735589828e-14,2.31752398712e-14,7.17215407209e-15,4.29189857956e-15,3.14279314277e-15],"dvar2":[0.00100909243338,0.0000567166534893,0.00000292567801807,9.56578560363e-7,5.95171798068e-7,4.71259681945e-7,4.33535575439e-7,2.46179752139e-7,1.3454449288e-7,9.13192081953e-8,6.4994324589e-8,6.6842801516e-8,2.51013432262e-8,3.25544498025e-8,6.61215864284e-8,1.94171079215e-8,1.09748645727e-8,5.58496271452e-9,9.14631570481e-9,2.82043721711e-9,7.07036207359e-10,7.74078356969e-10,5.56466484003e-10,6.87338297389e-10,4.82714423988e-10,6.54802045919e-10,4.66836180824e-10,3.38097050356e-10,3.17367000735e-11,1.19753105002e-11,8.90557939892e-12,2.81296860805e-12,3.61474045141e-12,1.08157547588e-12,3.78743965444e-13,1.1223620232e-13,4.86480193423e-14,1.72496599524e-14,1.07958084543e-14,7.94025032492e-15],"max":[0.18462395668,0.0644137263298,0.0209795702249,0.0136883342639,0.00963181164116,0.0113344052806,0.00865086726844,0.00679743196815,0.00670686876401,0.00458130287006,0.0033667110838,0.00488117942587,0.00282792653888,0.00378188444301,0.00656727980822,0.00289470562711,0.00163142627571,0.00085157842841,0.00177890493069,0.000807704695035,0.000424499710789,0.000665173400193,0.000490405596793,0.000565495924093,0.000369853718439,0.000604031432886,0.000450901483418,0.000369158340618,0.0000942300321185,0.0000608036098129,0.00011684490164,0.0000615888784523,0.0000707330764271,0.0000366645545,0.0000212245122384,0.0000154467197717,0.00000567000779483,0.00000192447328118,0.00000131562546812,8.7468407628e-7],"mean":[0.0108038382605,0.00437521189451,0.00112404464744,0.00044479087228,0.000294306402793,0.00021002208814,0.000286078138743,0.000210253390833,0.000176858156919,0.000135848022182,0.000115160277346,0.0000924677588046,0.0000723505436326,0.0000694322734489,0.0000943427367019,0.0000702198158251,0.000055405726016,0.0000433402201452,0.000044036853069,0.0000291437372653,0.0000170708408405,0.0000142276712722,0.0000140295815072,0.000014037692381,0.0000115158636618,0.00000988624015008,0.00000773356805439,0.00000560504031455,0.0000028952674711,0.0000017432819277,0.0000011837752254,7.58746864449e-7,5.82912434766e-7,3.89331717088e-7,2.51152698638e-7,1.51514058189e-7,8.15466663084e-8,4.93866636475e-8,3.99149193697e-8,3.46155673014e-8],"median":[0.00626226514578,0.00251995562576,0.000597233942244,0.000183386102435,0.000101962468761,0.0000692645116942,0.0000647869892418,0.0000460093324364,0.0000580525993428,0.0000428368075518,0.0000395377246605,0.0000269668162218,0.0000206702588912,0.0000195213488041,0.0000197599383682,0.000025017245207,0.0000151883823492,0.0000100547840702,0.0000119172409541,0.00000915505370358,0.00000559021509616,0.00000386751844417,0.00000412366080127,0.00000468507505502,0.00000413405405197,0.00000303353954223,0.00000232371462516,0.00000179996982297,0.00000118112245673,7.94425602635e-7,5.62572211038e-7,3.73049914515e-7,2.67935689635e-7,1.77847482519e-7,1.0782591886e-7,6.40652189077e-8,2.91366628602e-8,1.65954521236e-8,1.36379529891e-8,1.16309983866e-8],"min":[1.63838300524e-23,2.20870892933e-23,9.48808133553e-24,1.73295464823e-23,2.58541951498e-23,7.10009051262e-24,8.85207011931e-24,1.81833842826e-23,1.88656369474e-23,3.67807422578e-24,1.76499328726e-23,8.31274721765e-24,9.91205620676e-24,1.04353959976e-23,1.0320633302e-23,7.32621118022e-24,9.4177630633e-24,2.28456390071e-23,8.1313163092e-24,4.18964066206e-24,6.93511918696e-24,1.08615039487e-23,9.99469569747e-24,7.57585252456e-24,1.59187208182e-23,1.31319584411e-23,1.14253075709e-23,8.24920131629e-24,8.5742127981e-24,6.94300621829e-24,1.26134780334e-23,1.03559900478e-23,5.93274242812e-24,8.0541388914e-24,7.33317918859e-24,7.75518664073e-24,1.04657482098e-23,1.50561093069e-23,8.99394201994e-24,1.32141814132e-23],"var":[0.00031562402728,0.0000297288115689,0.00000213672456084,5.21608285453e-7,3.9344945435e-7,2.48397668656e-7,4.53456095784e-7,2.63266144884e-7,1.08471979843e-7,7.13768528726e-8,4.92243792394e-8,5.16329130562e-8,1.86183584105e-8,2.48011655657e-8,6.89822101663e-8,2.09907078386e-8,8.80903350264e-9,4.35294733592e-9,6.92273083303e-9,2.79171707973e-9,7.26671611773e-10,6.57726650921e-10,6.83866796525e-10,6.32568331049e-10,4.64715405046e-10,4.99229102502e-10,3.81614850831e-10,2.23666266064e-10,3.01938578307e-11,1.05553439253e-11,6.46091990672e-12,2.16825645979e-12,2.45465822148e-12,1.10155471984e-12,4.14430290216e-13,1.69196159362e-13,3.83094977182e-14,8.98215675422e-15,5.14144128544e-15,3.77951733834e-15]},"melbands_crest":{"dmean":4.11518001556,"dmean2":6.58701705933,"dvar":14.8620510101,"dvar2":36.8619041443,"max":38.2269248962,"mean":21.5006542206,"median":20.8025093079,"min":2.26916790009,"var":48.4153900146},"melbands_flatness_db":{"dmean":0.0455100312829,"dmean2":0.0711826905608,"dvar":0.00155462359544,"dvar2":0.00395787134767,"max":0.698925077915,"mean":0.313642680645,"median":0.300765633583,"min":0.00669726962224,"var":0.00757515570149},"melbands_kurtosis":{"dmean":24.8415565491,"dmean2":40.3422889709,"dvar":2149.61352539,"dvar2":5580.70214844,"max":951.091796875,"mean":43.4898338318,"median":20.1057434082,"min":-1.97136116028,"var":4688.25683594},"melbands_skewness":{"dmean":1.38482308388,"dmean2":2.19816279411,"dvar":2.49675273895,"dvar2":6.39334440231,"max":24.439617157,"mean":4.6146812439,"median":3.93566536903,"min":-2.86877298355,"var":8.65113544464},"melbands_spread":{"dmean":4.57887744904,"dmean2":7.26011753082,"dvar":44.6999778748,"dvar2":99.6984405518,"max":349.740203857,"mean":11.9534053802,"median":8.13063812256,"min":0.158994689584,"var":332.042236328},"mfcc":{"cov":[[13835.5986328,117.018013,-2983.28369141,648.557678223,-317.630615234,151.236587524,-86.5127792358,30.8885955811,-273.823364258,-19.0517978668,51.3376274109,148.596160889,270.730133057],[117.018013,1055.31884766,-16.0155830383,-284.380584717,37.7109451294,-11.2631893158,-3.81983995438,-62.841545105,37.9310417175,5.83435869217,25.4320240021,-31.3264503479,-1.61997926235],[-2983.28369141,-16.0155830383,1134.80859375,-167.234939575,114.984298706,-57.7501602173,44.6386108398,19.2404308319,85.3001861572,15.0590744019,-0.0569891184568,-3.65190148354,-71.8890609741],[648.557678223,-284.380584717,-167.234939575,456.186950684,-69.2759857178,59.0756721497,-3.1733288765,69.0247497559,-20.495010376,34.0322723389,19.6983089447,27.1816043854,22.6153316498],[-317.630615234,37.7109451294,114.984298706,-69.2759857178,167.33253479,28.81980896,39.7639923096,-14.1167831421,13.9610128403,-20.5175514221,-8.62241840363,11.1143569946,3.53035163879],[151.236587524,-11.2631893158,-57.7501602173,59.0756721497,28.81980896,127.094268799,32.4994430542,19.4352092743,-10.5608215332,-2.02274250984,-10.6059379578,9.52631568909,20.0928096771],[-86.5127792358,-3.81983995438,44.6386108398,-3.1733288765,39.7639923096,32.4994430542,101.384628296,29.5271263123,3.2092602253,-12.2205476761,-8.70198059082,3.92139291763,4.64500188828],[30.8885955811,-62.841545105,19.2404308319,69.0247497559,-14.1167831421,19.4352092743,29.5271263123,101.03200531,25.8931941986,10.3366518021,10.7959384918,18.4438209534,-4.25078678131],[-273.823364258,37.9310417175,85.3001861572,-20.495010376,13.9610128403,-10.5608215332,3.2092602253,25.8931941986,77.183807373,29.1210441589,7.00769805908,0.493909478188,-14.9250869751],[-19.0517978668,5.83435869217,15.0590744019,34.0322723389,-20.5175514221,-2.02274250984,-12.2205476761,10.3366518021,29.1210441589,74.0760879517,34.2083053589,-1.03218781948,-4.03427600861],[51.3376274109,25.4320240021,-0.0569891184568,19.6983089447,-8.62241840363,-10.6059379578,-8.70198059082,10.7959384918,7.00769805908,34.2083053589,71.3042144775,37.3199653625,2.29357600212],[148.596160889,-31.3264503479,-3.65190148354,27.1816043854,11.1143569946,9.52631568909,3.92139291763,18.4438209534,0.493909478188,-1.03218781948,37.3199653625,77.6103286743,29.2967815399],[270.730133057,-1.61997926235,-71.8890609741,22.6153316498,3.53035163879,20.0928096771,4.64500188828,-4.25078678131,-14.9250869751,-4.03427600861,2.29357600212,29.2967815399,60.1863441467]],"icov":[[0.000184457298019,-0.0000724733690731,0.000461211224319,-0.0000931057729758,-0.0000278999650618,0.000147162529174,-0.0000396888790419,-0.000151425236254,0.000286974944174,-0.000224334115046,0.000250847806456,-0.000408705207519,-0.0000554132166144],[-0.0000724733690731,0.00131922471337,-0.0000549445903744,0.000832573568914,0.000100751778518,-0.000528073403984,-0.0000449267718068,0.000535437779035,-0.00111499708146,0.000647037930321,-0.00170454080217,0.00138170842547,-0.000646038737614],[0.000461211224319,-0.0000549445903744,0.00232661585324,0.000087230328063,-0.000741020776331,0.000850025913678,-0.000504475086927,-0.00047612079652,0.000080269855971,-0.00105273223016,0.00102084700484,-0.0016192693729,0.00113377487287],[-0.0000931057729758,0.000832573568914,0.000087230328063,0.00363231706433,0.000803759554401,-0.00141746574081,0.000459319184301,-0.00175493373536,0.000850305950735,-0.00142703810707,-0.000438034388935,0.0000540582623216,-0.000447197351605],[-0.0000278999650618,0.000100751778518,-0.000741020776331,0.000803759554401,0.00868064723909,-0.0025126519613,-0.00270096771419,0.0029037357308,-0.00286457454786,0.00265000225045,-0.000653056486044,-0.00126455991995,-0.000208023120649],[0.000147162529174,-0.000528073403984,0.000850025913678,-0.00141746574081,-0.0025126519613,0.0109895430505,-0.00225569540635,-0.00190412765369,0.00262577668764,-0.00289387907833,0.00392858311534,-0.00178400042932,-0.00143419834785],[-0.0000396888790419,-0.0000449267718068,-0.000504475086927,0.000459319184301,-0.00270096771419,-0.00225569540635,0.0134238172323,-0.00484936917201,0.000928833091166,0.00153139792383,0.0000217859869736,0.00158243684564,-0.00150299293455],[-0.000151425236254,0.000535437779035,-0.00047612079652,-0.00175493373536,0.0029037357308,-0.00190412765369,-0.00484936917201,0.0160983037204,-0.00678633153439,0.00192432745825,-0.00134834402706,-0.00296861026436,0.00270538264886],[0.000286974944174,-0.00111499708146,0.000080269855971,0.000850305950735,-0.00286457454786,0.00262577668764,0.000928833091166,-0.00678633153439,0.0223755110055,-0.0117186848074,0.00694701541215,-0.00480026286095,0.00403101975098],[-0.000224334115046,0.000647037930321,-0.00105273223016,-0.00142703810707,0.00265000225045,-0.00289387907833,0.00153139792383,0.00192432745825,-0.0117186848074,0.0276238583028,-0.0177983045578,0.0113892816007,-0.00478638755158],[0.000250847806456,-0.00170454080217,0.00102084700484,-0.000438034388935,-0.000653056486044,0.00392858311534,0.0000217859869736,-0.00134834402706,0.00694701541215,-0.0177983045578,0.033633813262,-0.0205432698131,0.00808736123145],[-0.000408705207519,0.00138170842547,-0.0016192693729,0.0000540582623216,-0.00126455991995,-0.00178400042932,0.00158243684564,-0.00296861026436,-0.00480026286095,0.0113892816007,-0.0205432698131,0.0306081157178,-0.0142839904875],[-0.0000554132166144,-0.000646038737614,0.00113377487287,-0.000447197351605,-0.000208023120649,-0.00143419834785,-0.00150299293455,0.00270538264886,0.00403101975098,-0.00478638755158,0.00808736123145,-0.0142839904875,0.0264908522367]],"mean":[-699.850402832,162.588195801,-5.30069875717,39.7214164734,6.90128183365,20.0699615479,10.2646455765,10.721985817,6.33284235001,12.2782907486,8.09990119934,2.22238969803,2.55281376839]},"pitch_salience":{"dmean":0.0958705767989,"dmean2":0.153366476297,"dvar":0.00716885784641,"dvar2":0.0183360949159,"max":0.890902161598,"mean":0.440937638283,"median":0.451394617558,"min":0.0665649697185,"var":0.0209565833211},"silence_rate_20dB":{"dmean":0.00377500941977,"dmean2":0.00755073130131,"dvar":0.00376085867174,"dvar2":0.0105126975104,"max":1,"mean":0.997735202312,"median":1,"min":0,"var":0.00225981837139},"silence_rate_30dB":{"dmean":0.118346549571,"dmean2":0.236715435982,"dvar":0.104336924851,"dvar2":0.208252549171,"max":1,"mean":0.852222323418,"median":1,"min":0,"var":0.125945523381},"silence_rate_60dB":{"dmean":0.0184975471348,"dmean2":0.0369985848665,"dvar":0.0181529838592,"dvar2":0.0445025674999,"max":1,"mean":0.0993677452207,"median":0,"min":0,"var":0.0895030349493},"spectral_centroid":{"dmean":217.020736694,"dmean2":323.314544678,"dvar":71665.296875,"dvar2":132201.390625,"max":10906.4042969,"mean":1064.1159668,"median":993.606445312,"min":113.25958252,"var":634096.6875},"spectral_complexity":{"dmean":3.11174035072,"dmean2":4.82642745972,"dvar":12.2312736511,"dvar2":25.1797657013,"max":65,"mean":18.2136459351,"median":15,"min":0,"var":190.066146851},"spectral_contrast_coeffs":{"dmean":[0.0501367859542,0.0478120185435,0.0385785549879,0.0308517627418,0.0241673327982,0.0400605984032],"dmean2":[0.0841487571597,0.0800440013409,0.0641020983458,0.0511737316847,0.0388350710273,0.0646376758814],"dvar":[0.00160324887838,0.00146033463534,0.000959630124271,0.000612085976172,0.000505571137182,0.00148321839515],"dvar2":[0.00450467923656,0.00401606224477,0.00259075942449,0.00166753178928,0.00123597716447,0.00358425360173],"max":[-0.438824653625,-0.497886836529,-0.512462258339,-0.628229677677,-0.636237502098,-0.510717511177],"mean":[-0.717007637024,-0.787490785122,-0.817199349403,-0.822679877281,-0.828966259956,-0.764686286449],"median":[-0.719944834709,-0.794380366802,-0.821011066437,-0.820263385773,-0.817860364914,-0.767754018307],"min":[-0.930493235588,-0.970220625401,-0.968997001648,-0.989184916019,-0.97991746664,-0.961804986],"var":[0.00406077085063,0.00453499378636,0.00347552355379,0.0026266167406,0.00335606746376,0.00593017833307]},"spectral_contrast_valleys":{"dmean":[0.396970868111,0.408494502306,0.385658860207,0.377579569817,0.350179553032,0.662993907928],"dmean2":[0.655499994755,0.672693431377,0.622350871563,0.592175722122,0.5418638587,1.08103251457],"dvar":[0.119013518095,0.133093252778,0.146516993642,0.158311009407,0.175674676895,0.310979872942],"dvar2":[0.285468548536,0.328558743,0.34675437212,0.367290258408,0.413272172213,0.834209084511],"max":[-4.77443170547,-4.69386816025,-5.26290130615,-5.46183776855,-5.63332605362,-8.77546787262],"mean":[-6.67678117752,-6.83429145813,-7.38762950897,-7.73017072678,-7.94018793106,-11.1850471497],"median":[-6.42885637283,-6.59338474274,-7.08394479752,-7.43692684174,-7.51489591599,-11.0276107788],"min":[-28.4683094025,-27.1260185242,-27.4373722076,-27.1349277496,-27.1532554626,-27.1006183624],"var":[1.46311438084,1.57465076447,1.95976269245,2.34553384781,2.20519137383,1.32686364651]},"spectral_decrease":{"dmean":8.59605187031e-9,"dmean2":1.40545202143e-8,"dvar":3.05069900912e-16,"dvar2":7.93679612456e-16,"max":2.95709048644e-16,"mean":-1.55928727708e-8,"median":-1.13905160859e-8,"min":-1.7186481216e-7,"var":3.33237081601e-16},"spectral_energy":{"dmean":0.0326464995742,"dmean2":0.0533351823688,"dvar":0.00437352713197,"dvar2":0.0113687748089,"max":0.652046442032,"mean":0.0603516437113,"median":0.0445797741413,"min":1.10237980572e-20,"var":0.00486372224987},"spectral_energyband_high":{"dmean":0.000118044379633,"dmean2":0.000172931846464,"dvar":1.11516527568e-7,"dvar2":2.30058986972e-7,"max":0.0111500248313,"mean":0.000284469890175,"median":0.000145557452925,"min":7.88258210441e-21,"var":2.77447441022e-7},"spectral_energyband_low":{"dmean":0.0307338833809,"dmean2":0.0507671423256,"dvar":0.00409931363538,"dvar2":0.0108128963038,"max":0.63379752636,"mean":0.0448840558529,"median":0.0291944984347,"min":1.08035674795e-22,"var":0.00381545792334},"spectral_energyband_middle_high":{"dmean":0.00149598845746,"dmean2":0.00237855012529,"dvar":0.00000651736536383,"dvar2":0.0000159910505317,"max":0.0624648705125,"mean":0.0049883602187,"median":0.0021543817129,"min":1.6119756908e-21,"var":0.0000430699874414},"spectral_energyband_middle_low":{"dmean":0.00326137221418,"dmean2":0.0052597974427,"dvar":0.0000258446216321,"dvar2":0.0000671768575558,"max":0.0785605460405,"mean":0.00870377570391,"median":0.00507250614464,"min":4.45333564232e-22,"var":0.0000994639485725},"spectral_entropy":{"dmean":0.205727100372,"dmean2":0.324143916368,"dvar":0.0620254911482,"dvar2":0.153457060456,"max":9.80380153656,"mean":7.4057559967,"median":7.55456972122,"min":4.00334024429,"var":0.246919900179},"spectral_flux":{"dmean":0.0432098284364,"dmean2":0.0720858871937,"dvar":0.00434886803851,"dvar2":0.00990464445204,"max":0.657899975777,"mean":0.116043075919,"median":0.0989936292171,"min":1.04994277161e-10,"var":0.00920357834548},"spectral_kurtosis":{"dmean":3.15301132202,"dmean2":5.28350543976,"dvar":45.115020752,"dvar2":123.324760437,"max":162.371612549,"mean":10.1248788834,"median":8.57136058807,"min":-1.29773747921,"var":65.577911377},"spectral_rms":{"dmean":0.00162962370086,"dmean2":0.00255355518311,"dvar":0.00000573757597522,"dvar2":0.0000141121490742,"max":0.0252218730748,"mean":0.006661683321,"median":0.00659488141537,"min":3.27947022837e-12,"var":0.0000145012882058},"spectral_rolloff":{"dmean":240.618652344,"dmean2":410.459655762,"dvar":203616.46875,"dvar2":484629.875,"max":18884.6191406,"mean":570.79473877,"median":215.33203125,"min":21.533203125,"var":1545078.5},"spectral_skewness":{"dmean":0.335501372814,"dmean2":0.536699235439,"dvar":0.229629859328,"dvar2":0.605491995811,"max":11.0714559555,"mean":2.07215833664,"median":1.92246615887,"min":-0.335180938244,"var":0.741907775402},"spectral_spread":{"dmean":563108.9375,"dmean2":896848,"dvar":368737386496,"dvar2":810028892160,"max":39038228,"mean":3642589.5,"median":3359530.75,"min":749756.125,"var":2226092507140},"spectral_strongpeak":{"dmean":0.242765575647,"dmean2":0.420852810144,"dvar":0.252488464117,"dvar2":0.646908760071,"max":9.89871120453,"mean":0.328408658504,"median":0.216900214553,"min":0,"var":0.275491595268},"zerocrossingrate":{"dmean":0.00673059467226,"dmean2":0.00859186053276,"dvar":0.0000587567810726,"dvar2":0.0000811873906059,"max":0.6875,"mean":0.0307078082114,"median":0.0244140625,"min":0.0009765625,"var":0.00177770655137}},"metadata":{"audio_properties":{"analysis_sample_rate":44100,"bit_rate":320000,"codec":"mp3","downmix":"mix","equal_loudness":0,"length":246.024963379,"lossless":false,"md5_encoded":"d7ec0ac4fbce6d4e26b1c731591f02d5","replay_gain":-9.23346138,"sample_rate":48000},"tags":{"album":["Battle for the Sun"],"albumartist":["Placebo"],"albumartistsort":["Placebo"],"artist":["Placebo"],"artistsort":["Placebo"],"asin":["B0026UV77C"],"barcode":["5051083043786"],"catalognumber":["BATTLE09CDX"],"composer":["Placebo"],"date":["2009"],"discnumber":["1/1"],"file_name":"07. Placebo - Speak in Tongues.mp3","genre":["Alternative Rock"],"isrc":["JEA000900007"],"label":["Dreambrother"],"length":["246026"],"lyricist":["Placebo"],"musicbrainz album release country":["GB"],"musicbrainz album status":["official"],"musicbrainz album type":["album"],"musicbrainz_albumartistid":["847e8284-8582-4b0e-9c26-b042a4f49e57"],"musicbrainz_albumid":["cdb4318d-e7ff-4a88-98a2-cf7da8d99bad"],"musicbrainz_artistid":["847e8284-8582-4b0e-9c26-b042a4f49e57"],"musicbrainz_recordingid":["32e17354-c773-41a9-97c5-fb5d8650c8c9"],"musicip_puid":["9f1f76d0-4cf0-d2d0-0ea3-2db8f25dec41"],"title":["Speak in Tongues"],"tracknumber":["7/13"]},"version":{"essentia":"2.1-beta1","essentia_build_sha":"ca57ba49d9b1854bd80e60cf9ccf267278fb7d6b","essentia_git_sha":"v2.1_beta1-28-g21ef5f4-dirty","extractor":"music 1.0"}},"rhythm":{"beats_count":569,"beats_loudness":{"dmean":0.0353432968259,"dmean2":0.0604332834482,"dvar":0.00156033097301,"dvar2":0.00451717199758,"max":0.324915498495,"mean":0.0691098943353,"median":0.0596385896206,"min":1.03644461902e-8,"var":0.00324214715511},"beats_loudness_band_ratio":{"dmean":[0.128902897239,0.0526407472789,0.0602893233299,0.0381665416062,0.0220739189535,0.0153373433277],"dmean2":[0.222700253129,0.0924261137843,0.107935294509,0.067361280