{"lowlevel":{"average_loudness":0.924141705036,"barkbands":{"dmean":[0.00210665189661,0.00813247263432,0.00492408592254,0.00192910514306,0.0023088848684,0.00146075710654,0.00146303570364,0.00115463754628,0.00102287717164,0.000852677563671,0.000518227694556,0.000387984298868,0.00032280763844,0.000241595917032,0.000260519940639,0.000247353920713,0.000201052986085,0.000158977505635,0.0000843320885906,0.00011896873184,0.0000693582405802,0.0000342192215612,0.0000210616472032,0.00000520644925928,0.00000328630767399,0.0000284344714601,0.000434374524048],"dmean2":[0.00361895677634,0.0137119404972,0.00839297473431,0.00326520670205,0.00378445675597,0.00230201589875,0.00233334302902,0.00182026217226,0.00163338542916,0.00134919432458,0.00082918460248,0.000617024314124,0.000519590394106,0.000396363000618,0.000416511757066,0.000389729306335,0.000318394915666,0.000249814707786,0.000128326762933,0.000178154092282,0.000103593294625,0.0000489841695526,0.0000311901931127,0.00000834800994198,0.000005401503131,0.0000419538191636,0.000586230889894],"dvar":[0.00000989436648524,0.0000960469915299,0.0000583424043725,0.00000703552632331,0.0000116329101729,0.000011050703506,0.0000174115575646,0.00000916809494811,0.00000534105038241,0.0000035815182855,9.16888438951e-7,6.42638894988e-7,5.65452751289e-7,2.42449146981e-7,2.26442722351e-7,3.52280324023e-7,2.11027412433e-7,7.20207324889e-8,2.32216326168e-8,4.26164099565e-8,1.79862791327e-8,4.1223211511e-9,2.7393933788e-9,4.7863945446e-11,2.57390688624e-11,3.26896509861e-9,3.85582467288e-7],"dvar2":[0.0000262187440967,0.000267965660896,0.000157194866915,0.0000193618488993,0.0000292475997412,0.0000244530037889,0.0000421869481215,0.0000208663041121,0.0000121698003568,0.00000790995818534,0.00000213447242459,0.00000150723644765,0.00000137015626933,6.15793794623e-7,5.58331805678e-7,8.22626134322e-7,5.22473555975e-7,1.76041140776e-7,5.43468132719e-8,9.34638677563e-8,3.75535549324e-8,7.9751387716e-9,5.98794391848e-9,1.13050097061e-10,6.30355420639e-11,7.03476299435e-9,6.61531998958e-7],"max":[0.0460946857929,0.145553022623,0.123412244022,0.0446491539478,0.0623401477933,0.0914722755551,0.0830875635147,0.0626826956868,0.0719975605607,0.0438775010407,0.0194982327521,0.0228530894965,0.0278722718358,0.010920105502,0.0129154007882,0.0166854076087,0.0146341137588,0.00904601626098,0.00359345204197,0.00501128984615,0.00470103276893,0.000962138641626,0.00103913387284,0.000137209455715,0.0000793249346316,0.0011510202894,0.00992681458592],"mean":[0.00251173344441,0.012845993042,0.00571521837264,0.00251001189463,0.00331771560013,0.00208735582419,0.00206641317345,0.00160461710766,0.00149667297956,0.00127395777963,0.00077740411507,0.000624355103355,0.000492245540954,0.000393181253457,0.000420419615693,0.000421934877522,0.000344652158674,0.000299244129565,0.000155220681336,0.000215132022277,0.00013097882038,0.0000662001184537,0.0000339443431585,0.00000816876217868,0.00000366802237295,0.0000486778008053,0.00117560860235],"median":[0.00154069345444,0.00995674636215,0.00349920219742,0.00160880736075,0.00205935095437,0.000814295373857,0.00061239436036,0.000417402945459,0.000597381847911,0.000463573582238,0.000383263221011,0.000301575346384,0.000231281796005,0.000185353783309,0.000230616074987,0.000205849588383,0.00017008476425,0.000180464645382,0.000082018217654,0.0001124394621,0.0000670162844472,0.0000282873406832,0.0000117937124742,0.00000570105703446,0.00000173695957528,0.0000226709526032,0.000771493418142],"min":[1.04872815487e-24,3.65124269982e-24,4.49811564715e-24,3.84776459134e-26,2.01822079328e-23,1.58497112662e-23,1.88052717332e-23,1.69801473656e-23,2.65540520345e-23,1.5635866852e-23,1.35867675185e-23,2.84492398722e-23,3.71645183551e-23,4.58837222098e-23,6.38301815859e-23,8.50332417944e-23,1.69399056776e-22,1.65630990087e-22,1.19916273437e-22,2.30936493027e-22,3.12865819595e-22,4.1828280435e-22,3.92622938774e-22,7.24546855289e-22,1.17802626034e-21,1.38509141847e-21,1.73087058501e-21],"var":[0.0000110567543743,0.000132245535497,0.000053479012422,0.00000857943359733,0.0000170682815224,0.0000215649379243,0.0000297729256999,0.0000152702959895,0.0000102160638562,0.00000644588908472,0.00000162015635397,0.00000125769111037,8.82443885075e-7,4.29061856266e-7,3.88215880776e-7,6.1047944655e-7,3.79609758738e-7,1.65903983884e-7,4.89463403142e-8,8.75920491694e-8,4.0459980255e-8,1.01186286017e-8,4.29517887923e-9,7.45993614104e-11,3.00071530124e-11,5.53500933975e-9,0.00000144102034483]},"barkbands_crest":{"dmean":3.12825083733,"dmean2":5.18651533127,"dvar":6.29533147812,"dvar2":17.2886772156,"max":23.6951198578,"mean":10.1815385818,"median":9.66461086273,"min":2.55473685265,"var":13.2302846909},"barkbands_flatness_db":{"dmean":0.0240797139704,"dmean2":0.0377335101366,"dvar":0.00039338239003,"dvar2":0.000961656623986,"max":0.28232306242,"mean":0.128179371357,"median":0.123141527176,"min":0.0332560166717,"var":0.00162264169194},"barkbands_kurtosis":{"dmean":4.58582639694,"dmean2":7.37523269653,"dvar":34.6192245483,"dvar2":88.3504104614,"max":111.352073669,"mean":8.72281742096,"median":5.67081212997,"min":-1.73088288307,"var":94.4220809937},"barkbands_skewness":{"dmean":0.642849206924,"dmean2":1.02077829838,"dvar":0.338702201843,"dvar2":0.834439694881,"max":9.26646614075,"mean":2.40102171898,"median":2.22550153732,"min":-3.12225103378,"var":1.38327693939},"barkbands_spread":{"dmean":8.58502197266,"dmean2":12.9684934616,"dvar":77.7447662354,"dvar2":164.759277344,"max":124.116592407,"mean":29.9226055145,"median":25.6583213806,"min":2.55198097229,"var":359.09954834},"dissonance":{"dmean":0.0176634639502,"dmean2":0.0295551605523,"dvar":0.000328853406245,"dvar2":0.000887582602445,"max":0.500000059605,"mean":0.47116112709,"median":0.47914481163,"min":0.301477372646,"var":0.000659523822833},"dynamic_complexity":2.05673503876,"erbbands":{"dmean":[0.284546017647,1.82639014721,5.15148639679,6.28218984604,6.40697813034,7.76239538193,12.9062013626,11.4209918976,21.1501541138,17.5086097717,26.5176391602,23.0135402679,20.8941917419,28.297826767,18.0323524475,15.2263822556,13.5291242599,13.3250570297,11.964887619,12.5975084305,11.360502243,10.6797914505,8.94827651978,5.52251672745,4.28994083405,5.60022640228,3.77434563637,2.03909039497,1.31644785404,0.904115617275,0.56220549345,0.172132030129,0.0862923040986,0.0353105403483,0.0248527638614,0.0236801505089,0.051946118474,0.0839197337627,0.0443981587887,0.0142811005935],"dmean2":[0.48241969943,3.08187556267,8.69480800629,10.5847921371,10.7724962234,12.9283428192,20.7627639771,17.9233131409,34.0541915894,27.390838623,41.3849334717,36.7850646973,33.3450813293,44.5036125183,28.1347446442,24.2264785767,21.6530361176,21.6027908325,19.0450763702,19.7499523163,17.5262050629,16.6678657532,14.0163345337,8.4817943573,6.44815349579,8.38249874115,5.69329452515,2.99854159355,1.89175128937,1.31021916866,0.836222290993,0.26130348444,0.142434924841,0.0579134896398,0.0408581830561,0.0388029105961,0.0753960609436,0.115456141531,0.0611774399877,0.0203064531088],"dvar":[0.127398997545,5.06408929825,59.5738716125,76.4326324463,88.9735488892,150.008636475,910.104980469,771.65814209,3774.84033203,1905.69921875,5168.38769531,3109.12304688,2467.55419922,3942.65307617,1433.33679199,1040.62768555,779.249450684,918.453979492,618.368103027,496.239715576,685.378845215,564.218322754,276.16418457,96.9314422607,56.7861328125,91.2697906494,57.8142280579,14.4169530869,5.92787885666,3.82596278191,2.0238969326,0.115886166692,0.00913286674768,0.00281809433363,0.0014678905718,0.000809113960713,0.0102270469069,0.0223305411637,0.00638624187559,0.000287775561446],"dvar2":[0.35197198391,14.1294326782,159.17024231,209.764099121,225.637039185,381.962493896,2142.59033203,1663.56054688,9411.58203125,4345.33349609,11732.4599609,6899.79248047,5813.46923828,8472.91308594,2908.34155273,2591.40234375,1873.25830078,2319.27929688,1554.5826416,1154.90441895,1500.41369629,1389.33776855,680.230895996,223.786300659,130.011123657,200.630355835,121.110122681,30.6593742371,11.7345676422,7.78123188019,4.45334291458,0.252743899822,0.0230242293328,0.00691895838827,0.00359594379552,0.0019888530951,0.0213277749717,0.0416313260794,0.0119715835899,0.000555686710868],"max":[4.79635477066,38.3748321533,115.074302673,141.744537354,137.352890015,226.137420654,1094.86047363,1056.25646973,1187.2076416,1015.61236572,1728.57568359,2239.77709961,1485.59423828,1356.32141113,1561.09448242,934.02911377,743.494018555,1160.17260742,793.192932129,482.873321533,937.811218262,597.65020752,621.860717773,275.20123291,173.57749939,182.238418579,285.846954346,124.106880188,38.1305541992,33.36536026,26.3602485657,5.36362409592,1.19537103176,0.862878382206,0.629645764828,0.502497375011,1.54197061062,2.19626164436,2.42804312706,0.27006316185],"mean":[0.402569115162,2.75507926941,6.53460693359,8.49998283386,8.5865688324,10.5183429718,16.6284675598,17.0894641876,29.4914340973,25.8527545929,38.3786888123,34.3154754639,33.058303833,45.6875648499,30.4461898804,25.5407829285,22.4593315125,22.5679244995,21.2976264954,22.6069297791,21.0493946075,19.5164413452,17.2895565033,10.6526489258,8.08630657196,10.1565313339,7.10253858566,3.92261815071,2.51132106781,1.635176301,0.897091031075,0.271345168352,0.1245547086,0.0426934659481,0.0284114591777,0.0348290503025,0.0916853025556,0.168284669518,0.106546983123,0.0471737161279],"median":[0.296149432659,2.0071310997,4.22769737244,5.62183761597,5.53481864929,6.05306005478,6.71786594391,6.47102165222,8.48330688477,9.3592748642,10.4822864532,13.1377124786,15.2493152618,18.4883728027,15.4639377594,12.5595216751,11.2966461182,10.44526577,11.1950588226,12.9362783432,10.5133256912,10.3876390457,10.1869564056,6.02014923096,4.57227182388,5.21620178223,3.56020069122,1.99740624428,1.09815144539,0.600852489471,0.311210215092,0.126938670874,0.0927070006728,0.0232321508229,0.0139455255121,0.0258124321699,0.042795047164,0.0767019018531,0.0619692206383,0.0400462895632],"min":[1.95312645263e-22,1.03625697472e-21,6.44491271532e-21,6.77483863018e-21,1.73953093984e-20,4.9740913167e-20,3.90994026075e-20,7.56760142067e-20,2.94003771144e-19,4.25588431815e-19,3.54683181791e-19,5.8391067181e-19,5.95453201777e-19,4.49497027595e-19,1.44259337232e-18,1.82986661721e-18,1.97854757603e-18,2.4075023486e-18,3.35661889602e-18,3.55278208995e-18,5.63261441647e-18,9.79755482745e-18,9.88816253739e-18,5.56036184432e-18,7.78366864809e-18,1.10789130174e-17,1.11471984313e-17,1.31954920155e-17,1.43712837613e-17,1.48037056614e-17,1.16085832334e-17,1.58572607922e-17,1.25512241974e-17,1.15462055434e-17,8.75004638694e-18,5.15804063312e-18,2.4352521902e-18,1.11371887187e-18,2.34728111846e-19,2.74484053522e-20],"var":[0.156077519059,6.9341545105,57.9865150452,86.6580810547,104.436286926,225.658569336,1230.39318848,1923.54907227,5787.55273438,3266.41503906,8772.3671875,5993.95117188,3849.0222168,7850.33789062,3321.22338867,1971.02697754,1423.87939453,1557.69226074,1145.57897949,962.942565918,1348.81640625,1070.67724609,622.246520996,218.940429688,111.389465332,190.957138062,126.694091797,31.7498874664,14.2446699142,7.96406459808,3.07269239426,0.1838953197,0.0134989637882,0.00330158905126,0.00170852278825,0.00112685782369,0.0188733413815,0.0560567751527,0.0171127095819,0.00105232663918]},"erbbands_crest":{"dmean":2.36781978607,"dmean2":3.83824086189,"dvar":5.84195423126,"dvar2":13.9848003387,"max":30.8116588593,"mean":7.35294342041,"median":6.21396160126,"min":2.41915893555,"var":14.615486145},"erbbands_flatness_db":{"dmean":0.016333874315,"dmean2":0.0245487969369,"dvar":0.000211126476643,"dvar2":0.000445607613074,"max":0.28652253747,"mean":0.117317982018,"median":0.11389786005,"min":0.0404341742396,"var":0.00103468284942},"erbbands_kurtosis":{"dmean":0.816261827946,"dmean2":1.28990137577,"dvar":1.47630739212,"dvar2":3.46402335167,"max":27.5052394867,"mean":0.362751960754,"median":-0.112872123718,"min":-1.5941991806,"var":2.98368597031},"erbbands_skewness":{"dmean":0.319478839636,"dmean2":0.489659577608,"dvar":0.0828862786293,"dvar2":0.186019271612,"max":3.76488304138,"mean":0.236862257123,"median":0.174024552107,"min":-3.59651255608,"var":0.398667424917},"erbbands_spread":{"dmean":7.05380868912,"dmean2":10.8598108292,"dvar":37.3652839661,"dvar2":84.2790679932,"max":91.2405090332,"mean":35.5460357666,"median":34.0950126648,"min":3.63908410072,"var":177.815475464},"gfcc":{"cov":[[5174.51904297,85.0551223755,-593.640563965,3.00907897949,-24.4455490112,-354.384277344,230.75869751,-167.547683716,147.44732666,-15.0389986038,-47.3048324585,108.819694519,-122.819656372],[85.0551223755,599.098510742,110.709709167,-210.0834198,7.17442750931,-2.11658930779,-62.2786941528,38.2052307129,-21.6481666565,-2.25756287575,59.9116249084,-73.5997619629,55.3982620239],[-593.640563965,110.709709167,360.797485352,28.9587173462,-63.8778381348,115.475509644,-106.041847229,70.9264221191,-52.0581932068,3.71027398109,14.3901119232,-41.5055809021,32.5504379272],[3.00907897949,-210.0834198,28.9587173462,211.483901978,47.4242782593,-15.7364854813,66.6322784424,-52.4681892395,21.9611930847,-19.7346134186,-38.6888046265,35.4993209839,-31.8103294373],[-24.4455490112,7.17442750931,-63.8778381348,47.4242782593,146.51852417,20.9886074066,48.5038909912,-23.1483058929,-6.10881519318,-20.6844234467,-6.25084257126,0.672128021717,15.5020370483],[-354.384277344,-2.11658930779,115.475509644,-15.7364854813,20.9886074066,172.691116333,-38.6938438416,57.8611221313,-63.0208625793,-7.25904560089,5.95824384689,-21.3737678528,39.9999427795],[230.75869751,-62.2786941528,-106.041847229,66.6322784424,48.5038909912,-38.6938438416,154.103729248,-40.6280593872,50.9380073547,-22.344291687,-29.3579540253,33.4054374695,-34.6897468567],[-167.547683716,38.2052307129,70.9264221191,-52.4681892395,-23.1483058929,57.8611221313,-40.6280593872,133.144195557,-3.31949162483,24.8360729218,8.85511875153,-36.9272613525,30.3652496338],[147.44732666,-21.6481666565,-52.0581932068,21.9611930847,-6.10881519318,-63.0208625793,50.9380073547,-3.31949162483,109.397903442,26.2875480652,1.00960958004,13.760515213,-40.4541168213],[-15.0389986038,-2.25756287575,3.71027398109,-19.7346134186,-20.6844234467,-7.25904560089,-22.344291687,24.8360729218,26.2875480652,62.716053009,28.8978385925,-4.15179014206,-2.43605542183],[-47.3048324585,59.9116249084,14.3901119232,-38.6888046265,-6.25084257126,5.95824384689,-29.3579540253,8.85511875153,1.00960958004,28.8978385925,58.7558479309,10.8167314529,11.5196361542],[108.819694519,-73.5997619629,-41.5055809021,35.4993209839,0.672128021717,-21.3737678528,33.4054374695,-36.9272613525,13.760515213,-4.15179014206,10.8167314529,64.8232116699,2.58894181252],[-122.819656372,55.3982620239,32.5504379272,-31.8103294373,15.5020370483,39.9999427795,-34.6897468567,30.3652496338,-40.4541168213,-2.43605542183,11.5196361542,2.58894181252,80.9437789917]],"icov":[[0.000309947499773,-0.000653834955301,0.000963611935731,-0.000861959706526,0.000646684144158,-0.00015513280232,0.000216306216316,-0.000286023452645,0.000201193441171,-0.000239823202719,0.000509427278303,-0.000664415420033,0.000386435043765],[-0.000653834955301,0.00811486318707,-0.00778442714363,0.0105654075742,-0.00558309815824,0.00504378555343,-0.00416222168133,0.0032052625902,-0.00187000480946,0.00375060201623,-0.00595087045804,0.00701750814915,-0.00387210794725],[0.000963611935731,-0.00778442714363,0.0148268034682,-0.0151587687433,0.0102875083685,-0.00821170397103,0.0063267131336,-0.00380246108398,0.000762998766731,-0.000220357702347,0.000817614258267,-0.0012700764928,0.00139472284354],[-0.000861959706526,0.0105654075742,-0.0151587687433,0.0250713024288,-0.0132775250822,0.00835214741528,-0.00691373832524,0.00547297578305,-0.00182196474634,0.000713604153134,0.00202300818637,-0.000311625073664,-0.000357850803994],[0.000646684144158,-0.00558309815824,0.0102875083685,-0.0132775250822,0.0175740681589,-0.00731878308579,-0.0000433145432908,0.0000339303223882,-0.000137187787914,0.00191887642723,-0.00350040383637,0.00477563869208,-0.00399830052629],[-0.00015513280232,0.00504378555343,-0.00821170397103,0.00835214741528,-0.00731878308579,0.0147888176143,-0.00392898451537,-0.00212976662442,0.00456309271976,0.0012330111349,-0.00238268938847,0.0014781501377,-0.0012847330654],[0.000216306216316,-0.00416222168133,0.0063267131336,-0.00691373832524,-0.0000433145432908,-0.00392898451537,0.016149526462,-0.00241094641387,-0.00413991184905,0.00173569680192,0.00697414390743,-0.00861431565136,0.00495723867789],[-0.000286023452645,0.0032052625902,-0.00380246108398,0.00547297578305,0.0000339303223882,-0.00212976662442,-0.00241094641387,0.0152028147131,-0.00485532963648,-0.00209339964204,-0.0014247597428,0.00931063946337,-0.00722283869982],[0.000201193441171,-0.00187000480946,0.000762998766731,-0.00182196474634,-0.000137187787914,0.00456309271976,-0.00413991184905,-0.00485532963648,0.0192491710186,-0.00899069011211,0.0024873923976,-0.00547978142276,0.00755185540766],[-0.000239823202719,0.00375060201623,-0.000220357702347,0.000713604153134,0.00191887642723,0.0012330111349,0.00173569680192,-0.00209339964204,-0.00899069011211,0.0313432998955,-0.0186263341457,0.00958126783371,-0.00321509153582],[0.000509427278303,-0.00595087045804,0.000817614258267,0.00202300818637,-0.00350040383637,-0.00238268938847,0.00697414390743,-0.0014247597428,0.0024873923976,-0.0186263341457,0.0401234999299,-0.0220212843269,0.00635989475995],[-0.000664415420033,0.00701750814915,-0.0012700764928,-0.000311625073664,0.00477563869208,0.0014781501377,-0.00861431565136,0.00931063946337,-0.00547978142276,0.00958126783371,-0.0220212843269,0.0400926060975,-0.014851026237],[0.000386435043765,-0.00387210794725,0.00139472284354,-0.000357850803994,-0.00399830052629,-0.0012847330654,0.00495723867789,-0.00722283869982,0.00755185540766,-0.00321509153582,0.00635989475995,-0.014851026237,0.0243712812662]],"mean":[27.7221984863,89.1461410522,-77.8917617798,-0.355279326439,-5.93250846863,-19.5920276642,7.51329708099,-14.0262174606,-0.329324364662,-9.68232154846,-8.79745864868,-2.2904946804,-6.71009111404]},"hfc":{"dmean":333.112609863,"dmean2":536.932922363,"dvar":163123.828125,"dvar2":424684.375,"max":5670.47705078,"mean":847.303039551,"median":758.180480957,"min":1.11045582634e-16,"var":300476},"melbands":{"dmean":[0.00234053260647,0.0024696062319,0.00101982569322,0.000483854673803,0.000424099562224,0.00026346129016,0.000316548830597,0.000201576127438,0.00021178550378,0.000147220765939,0.000107285937702,0.000120660632092,0.0000657733835396,0.0000446253943664,0.0000359439800377,0.0000317266894854,0.000025720526537,0.0000193149880943,0.0000197206973098,0.0000195566080947,0.0000133453095259,0.000012647836229,0.00000946347881836,0.00000806217303762,0.00000460188493889,0.00000305848561766,0.00000411719383919,0.00000387390446122,0.0000027267706173,0.00000181492123374,0.00000108078370431,8.18640046418e-7,6.37032030681e-7,4.81808456243e-7,3.67204279428e-7,2.22355140522e-7,6.40922692696e-8,6.34100416619e-8,3.85973422112e-8,2.85942522993e-8],"dmean2":[0.00395012227818,0.00414017541334,0.00171290349681,0.000802272639703,0.00068552128505,0.000413114175899,0.00050731364172,0.00031484325882,0.000330135138938,0.000235782528762,0.000171582680196,0.000190138962353,0.000104202750663,0.0000710105377948,0.0000584203990002,0.0000507234362885,0.0000421228505729,0.0000311346520903,0.0000314875687764,0.0000311085277644,0.00002097516699,0.0000202129758691,0.0000152005504788,0.0000128904985104,0.00000722028926248,0.00000477025878354,0.00000628921952739,0.00000591109755987,0.00000420949436375,0.00000277068079413,0.00000164225991739,0.00000121669677355,9.36699905196e-7,7.1674355695e-7,5.58017632102e-7,3.37551028906e-7,1.01639237471e-7,1.04967291747e-7,6.36828048073e-8,4.70022420984e-8],"dvar":[0.00000813556926005,0.0000112199495561,0.00000193268510884,4.70139667641e-7,8.1852584799e-7,3.62063275361e-7,8.1411303654e-7,2.36577477608e-7,3.14499089882e-7,1.27684728568e-7,6.35836840956e-8,7.46881880787e-8,1.55567629889e-8,9.42431377382e-9,4.91963270122e-9,6.51128972962e-9,3.46414541497e-9,1.57562518588e-9,1.05190622879e-9,2.48720555263e-9,8.21859358346e-10,9.50560963275e-10,3.84718368274e-10,1.81697296098e-10,7.80241704579e-11,2.72696015075e-11,6.18075313152e-11,4.54662141269e-11,3.06262931682e-11,1.34258030041e-11,4.04053179803e-12,2.3073669711e-12,1.69592844542e-12,1.22077998752e-12,9.47438850464e-13,2.74652127213e-13,1.21234910945e-14,4.99476736623e-15,2.32493116318e-15,1.96234007539e-15],"dvar2":[0.0000224019495363,0.0000301032778225,0.00000519350851391,0.00000118565321827,0.00000195550433091,7.8321716046e-7,0.00000200848808163,5.44562965388e-7,7.33623267024e-7,2.77274608607e-7,1.48942376654e-7,1.59914591791e-7,3.43655628399e-8,2.17579216866e-8,1.26927917066e-8,1.54222554727e-8,8.75343975082e-9,4.02647160058e-9,2.5609001586e-9,5.95852256424e-9,1.84960480265e-9,2.33634089852e-9,9.94675675159e-10,4.59660004504e-10,1.83575155077e-10,6.50995368723e-11,1.48366721686e-10,1.02208484731e-10,6.62679841557e-11,2.88019295913e-11,9.23206476544e-12,4.87644820357e-12,3.50677516539e-12,2.62716476178e-12,2.16482192415e-12,6.17010403273e-13,2.83707112707e-14,1.25744141662e-14,5.75013440793e-15,4.8060721425e-15],"max":[0.0369998589158,0.0464089363813,0.0213651135564,0.00979207735509,0.0298723056912,0.0213700663298,0.0161545481533,0.00934748258442,0.0159889925271,0.0143036730587,0.00765619287267,0.00606741057709,0.00367128383368,0.00333501328714,0.00163741863798,0.00291949370876,0.00186678755563,0.00117417005822,0.000643363979179,0.00134345446713,0.00111655076034,0.000787672586739,0.000601704581641,0.000352703937097,0.000244782539085,0.0001152265977,0.000223332986934,0.000135324095027,0.000198960115085,0.000154428489623,0.0000448824939667,0.0000252292775258,0.0000225683470489,0.0000200785525521,0.0000221672362386,0.00000804110914032,0.00000239402697844,8.36919184621e-7,7.8555649452e-7,7.09428888968e-7],"mean":[0.00374979502521,0.00360809382983,0.00146887672599,0.000672713387758,0.000567078066524,0.000390754867112,0.000449288258096,0.000288012321107,0.000304743967718,0.000214700572542,0.000164597950061,0.000188596575754,0.000104343002022,0.0000727339502191,0.0000564209549339,0.0000485969321744,0.0000406678700529,0.000032516731153,0.0000317236335832,0.0000315327051794,0.0000229163670156,0.0000210683956539,0.0000166760073625,0.0000142964963743,0.00000798207202024,0.00000533201773578,0.00000676374293107,0.00000670310146234,0.00000478320498587,0.00000318907609653,0.00000193752771338,0.00000146557829339,0.00000113798648727,8.04078865713e-7,5.51655546133e-7,3.42071928117e-7,8.82971278315e-8,8.73778844834e-8,5.17511757891e-8,3.1846720816e-8],"median":[0.00293013406917,0.00255676265806,0.00102182710543,0.000425958103733,0.00024908198975,0.000148278777488,0.000131811175379,0.000101054829429,0.0000846586626722,0.0000831249199109,0.0000738310773158,0.0000717324655852,0.0000522984628333,0.0000353628129233,0.0000282424371107,0.0000213001585507,0.00001802758743,0.0000159054616233,0.0000182907624549,0.0000149699890244,0.0000111196550279,0.0000102879430415,0.00000935585740081,0.00000818482840259,0.00000417984756496,0.00000292730692308,0.00000355475549441,0.00000329300974045,0.00000231195735978,0.00000158167017617,9.59946646617e-7,6.34611410533e-7,4.38184542872e-7,2.74886815532e-7,1.7976435629e-7,1.28993463022e-7,4.4877104699e-8,6.36912602658e-8,3.65655665746e-8,1.50585535152e-8],"min":[1.36529300715e-24,5.52699182151e-24,1.42900042778e-24,3.22037633971e-24,1.59368667883e-24,2.02636258724e-24,4.25531136027e-24,4.97221316257e-24,2.05946457133e-24,3.90312125369e-24,2.88078591951e-24,1.68943693918e-24,2.83513848323e-24,3.75104977597e-24,4.91893310261e-24,3.7886725247e-24,4.1955086039e-24,4.67931502492e-24,5.25296796988e-24,4.73263216135e-24,7.07174437371e-24,9.83030497343e-24,3.85933355699e-24,4.06609991671e-24,3.57813619872e-24,5.18108459762e-24,5.89692459314e-24,6.92165017586e-24,7.59907106758e-24,5.97938816787e-24,6.20627403054e-24,6.74658221947e-24,8.46604655736e-24,7.17688612175e-24,6.0128390257e-24,8.34425668879e-24,8.68104034189e-24,8.18370929508e-24,9.90139159619e-24,8.52920828346e-24],"var":[0.0000110703786049,0.0000125505548567,0.00000227199689107,6.31713248822e-7,0.00000115587079108,8.68266852194e-7,0.00000133079026909,3.90908525105e-7,5.19818001976e-7,2.51089034009e-7,9.82316308296e-8,1.47175441612e-7,3.15526342831e-8,1.88310824711e-8,8.87596840471e-9,1.01865147428e-8,5.70792346721e-9,2.83769030496e-9,1.75292080851e-9,3.96261246038e-9,1.54088863891e-9,1.60210622546e-9,6.80966893984e-10,3.65616203979e-10,1.49684362127e-10,5.09181100061e-11,9.56019777232e-11,8.96455201738e-11,6.2654305355e-11,2.65221056922e-11,7.86389616619e-12,5.04370243487e-12,3.57973871899e-12,2.20504886052e-12,1.30307635342e-12,4.02685968338e-13,1.71342025854e-14,7.38192178147e-15,2.99829715702e-15,2.2820725666e-15]},"melbands_crest":{"dmean":4.00095558167,"dmean2":6.69530153275,"dvar":10.1488981247,"dvar2":27.9484481812,"max":35.962802887,"mean":15.6331644058,"median":15.3387537003,"min":1.00049698353,"var":21.1183433533},"melbands_flatness_db":{"dmean":0.0317792445421,"dmean2":0.0499984100461,"dvar":0.000665534229483,"dvar2":0.00163746869657,"max":0.438702642918,"mean":0.246533825994,"median":0.242769792676,"min":-4.31432667369e-8,"var":0.00306687876582},"melbands_kurtosis":{"dmean":7.70239210129,"dmean2":12.4798326492,"dvar":80.8138122559,"dvar2":209.32611084,"max":124.832626343,"mean":14.6709814072,"median":10.6377401352,"min":-1.9072933197,"var":196.859832764},"melbands_skewness":{"dmean":0.840408086777,"dmean2":1.3327395916,"dvar":0.511733233929,"dvar2":1.30587208271,"max":9.6938085556,"mean":3.00878167152,"median":2.8970823288,"min":-0.820734500885,"var":2.06664276123},"melbands_spread":{"dmean":5.28131103516,"dmean2":8.4162902832,"dvar":48.1380958557,"dvar2":117.873733521,"max":330.97088623,"mean":15.9077749252,"median":13.1223487854,"min":1.16238045692,"var":175.752243042},"mfcc":{"cov":[[3468.42480469,-66.7963790894,-573.024047852,283.151000977,-343.74307251,69.0930099487,-208.178634644,82.6666259766,-61.4137039185,37.1589355469,21.098526001,25.8012104034,14.6056108475],[-66.7963790894,709.430358887,80.3814239502,-169.277984619,67.9976959229,-116.612739563,53.5772132874,-80.3913116455,14.2519111633,-34.1609268188,45.5408096313,4.79517841339,-11.2696876526],[-573.024047852,80.3814239502,430.669921875,-99.7096786499,96.7523956299,-58.670715332,39.2635955811,-34.8599014282,6.08984088898,-12.2405900955,3.39027523994,0.962391078472,-0.308582872152],[283.151000977,-169.277984619,-99.7096786499,260.834960938,-75.4168777466,91.8224868774,-65.4850082397,54.6117591858,-13.7248458862,27.8207378387,-29.0772800446,2.42077517509,10.3015918732],[-343.74307251,67.9976959229,96.7523956299,-75.4168777466,170.053924561,-23.2712440491,77.1901245117,-32.3048400879,24.4073410034,-19.2912940979,-4.17405986786,-11.8377313614,-0.823345065117],[69.0930099487,-116.612739563,-58.670715332,91.8224868774,-23.2712440491,148.900695801,4.06974458694,53.4027175903,-20.4657211304,5.68742084503,-39.6448364258,-10.2755708694,7.94711971283],[-208.178634644,53.5772132874,39.2635955811,-65.4850082397,77.1901245117,4.06974458694,129.625366211,2.81919264793,30.3969974518,-24.3445205688,-19.1731739044,-22.7840557098,-5.26308250427],[82.6666259766,-80.3913116455,-34.8599014282,54.6117591858,-32.3048400879,53.4027175903,2.81919264793,92.9396133423,15.2011575699,18.0745582581,-24.357301712,-3.35300111771,3.96124982834],[-61.4137039185,14.2519111633,6.08984088898,-13.7248458862,24.4073410034,-20.4657211304,30.3969974518,15.2011575699,78.2335739136,17.1188488007,4.06037902832,-6.10811233521,-1.1445492506],[37.1589355469,-34.1609268188,-12.2405900955,27.8207378387,-19.2912940979,5.68742084503,-24.3445205688,18.0745582581,17.1188488007,64.777557373,21.9429149628,8.91384410858,1.72832918167],[21.098526001,45.5408096313,3.39027523994,-29.0772800446,-4.17405986786,-39.6448364258,-19.1731739044,-24.357301712,4.06037902832,21.9429149628,79.8966445923,31.8734054565,-5.13677740097],[25.8012104034,4.79517841339,0.962391078472,2.42077517509,-11.8377313614,-10.2755708694,-22.7840557098,-3.35300111771,-6.10811233521,8.91384410858,31.8734054565,56.7889976501,15.0668058395],[14.6056108475,-11.2696876526,-0.308582872152,10.3015918732,-0.823345065117,7.94711971283,-5.26308250427,3.96124982834,-1.1445492506,1.72832918167,-5.13677740097,15.0668058395,47.5711593628]],"icov":[[0.000439066439867,-0.000109358159534,0.000433282752056,-0.000223282942898,0.000473313644761,0.000138531322591,0.00021571983234,-0.000197312925593,0.000120919532492,0.000147032609675,-0.00018120513414,0.000142319462611,-0.000151278465637],[-0.000109358159534,0.0018552482361,-0.000110624489025,0.000630858063232,-0.000107610729174,0.000651443842798,-0.000523664522916,0.000683463586029,-0.000108132349851,0.000474943022709,-0.000509363715537,-0.0000174264678208,0.0000408781670558],[0.000433282752056,-0.000110624489025,0.00328309438191,0.000360737001756,-0.000985091552138,0.000954151037149,0.000279256753856,-0.00027317617787,0.000691558700055,-0.000350019574398,0.00052562309429,-0.000320912891766,-0.000151109634317],[-0.000223282942898,0.000630858063232,0.000360737001756,0.00687014823779,0.000347772758687,-0.00291819241829,0.00278910435736,-0.000629282498267,-0.000829580414575,-0.00115539808758,0.00180465017911,-0.000538473075721,-0.0000254613514699],[0.000473313644761,-0.000107610729174,-0.000985091552138,0.000347772758687,0.0105323363096,-0.000475719745737,-0.0045405975543,0.00334098679014,-0.00184531696141,0.000280120992102,0.000267865951173,0.000108644497232,-0.00083136925241],[0.000138531322591,0.000651443842798,0.000954151037149,-0.00291819241829,-0.000475719745737,0.0124766835943,-0.00290593504906,-0.00452266447246,0.00504970783368,-0.00159518967848,0.00257848831825,0.000308102782583,-0.000927238492295],[0.00021571983234,-0.000523664522916,0.000279256753856,0.00278910435736,-0.0045405975543,-0.00290593504906,0.0149169676006,-0.00243763276376,-0.00469661131501,0.00437181303278,0.000399858487071,0.00267102499492,0.00039311798173],[-0.000197312925593,0.000683463586029,-0.00027317617787,-0.000629282498267,0.00334098679014,-0.00452266447246,-0.00243763276376,0.0183280669153,-0.00480060884729,-0.00396713241935,0.00488380994648,-0.00280648702756,0.000819358974695],[0.000120919532492,-0.000108132349851,0.000691558700055,-0.000829580414575,-0.00184531696141,0.00504970783368,-0.00469661131501,-0.00480060884729,0.0188448391855,-0.0060789110139,-0.000570527161472,0.00186663097702,-0.00085255765589],[0.000147032609675,0.000474943022709,-0.000350019574398,-0.00115539808758,0.000280120992102,-0.00159518967848,0.00437181303278,-0.00396713241935,-0.0060789110139,0.0232877098024,-0.00865454412997,0.00210233661346,-0.00119205005467],[-0.00018120513414,-0.000509363715537,0.00052562309429,0.00180465017911,0.000267865951173,0.00257848831825,0.000399858487071,0.00488380994648,-0.000570527161472,-0.00865454412997,0.0242620427161,-0.0128335636109,0.00574422813952],[0.000142319462611,-0.0000174264678208,-0.000320912891766,-0.000538473075721,0.000108644497232,0.000308102782583,0.00267102499492,-0.00280648702756,0.00186663097702,0.00210233661346,-0.0128335636109,0.0282360631973,-0.00981389824301],[-0.000151278465637,0.0000408781670558,-0.000151109634317,-0.0000254613514699,-0.00083136925241,-0.000927238492295,0.00039311798173,0.000819358974695,-0.00085255765589,-0.00119205005467,0.00574422813952,-0.00981389824301,0.0249489173293]],"mean":[-644.223449707,159.312026978,-13.2403945923,38.0748100281,-0.729034721851,16.2248096466,3.56156826019,11.1845960617,6.42129993439,5.36900663376,-1.82103300095,2.88541221619,0.697527766228]},"pitch_salience":{"dmean":0.0780580416322,"dmean2":0.128475666046,"dvar":0.00388544099405,"dvar2":0.0104151070118,"max":0.996097683907,"mean":0.53437012434,"median":0.536420106888,"min":0.0949471592903,"var":0.00931787118316},"silence_rate_20dB":{"dmean":0,"dmean2":0,"dvar":0,"dvar2":0,"max":1,"mean":1,"median":1,"min":1,"var":0},"silence_rate_30dB":{"dmean":0.13485057652,"dmean2":0.269729852676,"dvar":0.116668447852,"dvar2":0.237179741263,"max":1,"mean":0.763930261135,"median":1,"min":0,"var":0.180357709527},"silence_rate_60dB":{"dmean":0.000850792275742,"dmean2":0.00170176557731,"dvar":0.000850297452416,"dvar2":0.00191156135406,"max":1,"mean":0.00957039557397,"median":0,"min":0,"var":0.0094787562266},"spectral_centroid":{"dmean":238.970840454,"dmean2":355.879760742,"dvar":71255.9375,"dvar2":139150.265625,"max":11590.8935547,"mean":1112.13623047,"median":990.637817383,"min":208.715301514,"var":384434.625},"spectral_complexity":{"dmean":4.30713605881,"dmean2":6.18804502487,"dvar":18.0504264832,"dvar2":30.8890590668,"max":55,"mean":21.829328537,"median":21,"min":0,"var":94.8634033203},"spectral_contrast_coeffs":{"dmean":[0.0549754947424,0.0495602190495,0.039144936949,0.0275679137558,0.0195476450026,0.0459653399885],"dmean2":[0.0917317420244,0.0818870291114,0.06488057971,0.0458982214332,0.0321839824319,0.0696063041687],"dvar":[0.00180479418486,0.00152345024981,0.000966295599937,0.000481643975945,0.000244524271693,0.00143253349233],"dvar2":[0.00500984676182,0.00395244220272,0.00260067824274,0.00130646734033,0.000646879663691,0.00328463851474],"max":[-0.430798739195,-0.457589626312,-0.518330156803,-0.616552174091,-0.660960674286,-0.433624207973],"mean":[-0.692407608032,-0.770398736,-0.797416567802,-0.815271019936,-0.815451443195,-0.720795571804],"median":[-0.695857048035,-0.781948685646,-0.80536711216,-0.819955170155,-0.816784143448,-0.724871993065],"min":[-0.962312161922,-0.996502280235,-0.998860359192,-0.991588294506,-0.988239407539,-0.962800502777],"var":[0.00390195217915,0.00465173972771,0.00268712616526,0.00147317862138,0.000915567798074,0.00576500920579]},"spectral_contrast_valleys":{"dmean":[0.380988299847,0.366396903992,0.304923713207,0.276736199856,0.284984320402,0.558539569378],"dmean2":[0.634045124054,0.589953958988,0.483433187008,0.414132893085,0.392586171627,0.881424427032],"dvar":[0.103469334543,0.0946124270558,0.0733891576529,0.067328453064,0.0867760255933,0.22215244174],"dvar2":[0.254627496004,0.215488821268,0.154074788094,0.120994672179,0.136207923293,0.521734118462],"max":[-4.7944188118,-4.71678590775,-5.14803934097,-5.73553323746,-5.78360748291,-8.88191127777],"mean":[-6.41272640228,-6.34842586517,-6.72950792313,-7.24387216568,-7.3677406311,-10.9538660049],"median":[-6.33277320862,-6.28491401672,-6.65846538544,-7.15838718414,-7.24832820892,-10.8930854797],"min":[-27.855255127,-27.9160575867,-27.3667392731,-27.4031543732,-27.5084838867,-27.3685569763],"var":[0.823657333851,0.897177219391,0.797123849392,0.7661023736,0.882499396801,0.798155844212]},"spectral_decrease":{"dmean":4.40758851639e-9,"dmean2":7.44081951609e-9,"dvar":2.87818751452e-17,"dvar2":8.45414584929e-17,"max":5.1748038743e-8,"mean":-2.9790217515e-10,"median":-4.88482865268e-10,"min":-3.49982336445e-8,"var":3.33329732447e-17},"spectral_energy":{"dmean":0.0257154740393,"dmean2":0.0400251373649,"dvar":0.000801381363999,"dvar2":0.00187602126971,"max":0.374724954367,"mean":0.0779770836234,"median":0.0707790255547,"min":1.0498214443e-20,"var":0.00199048244394},"spectral_energyband_high":{"dmean":0.000506608281285,"dmean2":0.000673095637467,"dvar":6.34218110918e-7,"dvar2":0.00000107949642825,"max":0.0129302060232,"mean":0.00129687436856,"median":0.000803930219263,"min":7.40100627595e-21,"var":0.00000206502227229},"spectral_energyband_low":{"dmean":0.0118754347786,"dmean2":0.0197795778513,"dvar":0.000201259579626,"dvar2":0.000535413098987,"max":0.206096410751,"mean":0.0220437627286,"median":0.0179551616311,"min":4.11468270441e-23,"var":0.000281733344309},"spectral_energyband_middle_high":{"dmean":0.00184563617222,"dmean2":0.00265405559912,"dvar":0.00000717228658687,"dvar2":0.000014950066543,"max":0.054643817246,"mean":0.00517699774355,"median":0.00324831996113,"min":1.24943945257e-21,"var":0.0000322379855788},"spectral_energyband_middle_low":{"dmean":0.00597975216806,"dmean2":0.00923278462142,"dvar":0.0000621036815573,"dvar2":0.000143231154652,"max":0.164175525308,"mean":0.0133583247662,"median":0.00897400267422,"min":1.19930308851e-22,"var":0.00017289785319},"spectral_entropy":{"dmean":0.152983888984,"dmean2":0.227352589369,"dvar":0.020939707756,"dvar2":0.0439937002957,"max":9.81406974792,"mean":7.57455873489,"median":7.62518787384,"min":5.99032592773,"var":0.108835719526},"spectral_flux":{"dmean":0.0356887839735,"dmean2":0.0555530749261,"dvar":0.00115854013711,"dvar2":0.00252861529589,"max":0.558127760887,"mean":0.152444496751,"median":0.143792301416,"min":6.72036870597e-11,"var":0.00340740848333},"spectral_kurtosis":{"dmean":3.00886154175,"dmean2":4.63011169434,"dvar":9.81531715393,"dvar2":22.6518383026,"max":54.4320373535,"mean":17.3572158813,"median":16.4670600891,"min":-1.23486351967,"var":35.1098327637},"spectral_rms":{"dmean":0.00140197167639,"dmean2":0.00214997609146,"dvar":0.0000017204076812,"dvar2":0.00000385990142604,"max":0.0191202852875,"mean":0.00835440959781,"median":0.00830979645252,"min":3.2003375644e-12,"var":0.00000627934923614},"spectral_rolloff":{"dmean":76.6972427368,"dmean2":143.703079224,"dvar":488300.9375,"dvar2":1467761.375,"max":22050,"mean":21931.1035156,"median":21985.4003906,"min":925.927734375,"var":266708.21875},"spectral_skewness":{"dmean":0.265524923801,"dmean2":0.393758177757,"dvar":0.0678688585758,"dvar2":0.142991051078,"max":5.85143899918,"mean":2.8723461628,"median":2.83352994919,"min":-0.0649205371737,"var":0.357314199209},"spectral_spread":{"dmean":431988.8125,"dmean2":670386.375,"dvar":338700075008,"dvar2":616683732992,"max":41515912,"mean":4422386.5,"median":4329385,"min":2180945.25,"var":1608849555460},"spectral_strongpeak":{"dmean":41.7764129639,"dmean2":74.4930953979,"dvar":2058.39550781,"dvar2":5247.08984375,"max":358.631286621,"mean":49.9940452576,"median":36.6910820007,"min":0,"var":3186.1940918},"zerocrossingrate":{"dmean":0.0453720912337,"dmean2":0.0614045597613,"dvar":0.00136173691135,"dvar2":0.00248632254079,"max":0.83642578125,"mean":0.497579932213,"median":0.48974609375,"min":0.22265625,"var":0.0065644858405}},"metadata":{"audio_properties":{"analysis_sample_rate":44100,"bit_rate":160000,"codec":"mp3","downmix":"mix","equal_loudness":0,"length":218.331436157,"lossless":false,"md5_encoded":"526accbdc00eef04d947699dedd43cf5","replay_gain":-2.68113517761,"sample_rate":44100},"tags":{"album":["Wheels of Fire"],"album artist credit":["Cream"],"albumartist":["Cream"],"albumartistsort":["Cream"],"artist":["Cream"],"artist credit":["Cream"],"artistsort":["Cream"],"bpm":["0"],"catalognumber":["S 1113 0811"],"composer":["Jack Bruce & Pete Brown"],"date":["1968"],"discnumber":["1/2"],"encodedby":["iTunes v4.8.0.32"],"file_name":"09 - Cream - Deserted Cities of the Heart.mp3","genre":["Rock - Classic Rock"],"label":["Supraphon"],"language":["eng"],"media":["Vinyl"],"musicbrainz album release country":["XC"],"musicbrainz album status":["Official"],"musicbrainz album type":["album"],"musicbrainz_albumartistid":["04cd0cfd-bfd1-4c36-bc38-95c35e2c045f"],"musicbrainz_albumid":["c83c9165-974c-3aa3-8602-01b0ab0948d1"],"musicbrainz_artistid":["04cd0cfd-bfd1-4c36-bc38-95c35e2c045f"],"musicbrainz_recordingid":["32f83be6-60fd-4430-bd00-29f024861c1b"],"musicbrainz_releasegroupid":["d4cd45f8-9a77-3449-a23c-0167e181fb5e"],"originaldate":["1968"],"replaygain_album_gain":["0.00 dB"],"replaygain_album_peak":["0.000000"],"replaygain_track_gain":["-1.46 dB"],"replaygain_track_peak":["0.879639"],"script":["Latn"],"title":["Deserted Cities of the Heart"],"tracknumber":["9/13"]},"version":{"essentia":"2.1-beta1","essentia_build_sha":"5a811adb4c06fd6d02ca903f7349a26d851abfa8","essentia_git_sha":"v2.1_beta1-34-gf95df8b","extractor":"music 1.0"}},"rhythm":{"beats_count":476,"beats_loudness":{"dmean":0.0381805039942,"dmean2":0.0659054517746,"dvar":0.00102477392647,"dvar2":0.00299138599075,"max":0.290372610092,"mean":0.100182078779,"median":0.0935145318508,"min":0.000012927384887,"var":0.00186153757386},"beats_loudness_band_ratio":{"dmean":[0.131950214505,0.0602664537728,0.0578657388687,0.