{"lowlevel":{"average_loudness":0.921097695827,"barkbands":{"dmean":[0.00519976299256,0.0165170766413,0.00226416508667,0.00121548259631,0.00101377954707,0.000991023262031,0.000777546665631,0.000536054838449,0.000520199304447,0.000454097869806,0.000425731908763,0.000842905428726,0.000653873430565,0.000518344342709,0.000442587333964,0.000386528816307,0.000369737623259,0.000426723330747,0.000406035338528,0.000220828209422,0.000138505318318,0.0000836569233797,0.0000332766612701,0.00000701599128661,0.00000267225891548,0.0000132628401843,0.000286898342893],"dmean2":[0.0090604564175,0.0278324019164,0.00381291960366,0.00202411483042,0.00167798961047,0.00159350724425,0.00128106237389,0.000872122822329,0.000835643091705,0.000747640617192,0.000698373070918,0.00138657004572,0.0010842065094,0.000864664209075,0.000734878878575,0.000644191517495,0.000625644635875,0.000706138263922,0.000648547487799,0.000345336127793,0.000210323676583,0.00012974726269,0.0000496409556945,0.0000109818856799,0.00000441627435066,0.0000193181422219,0.000443058874225],"dvar":[0.0000552424571651,0.00045584118925,0.00000830228509585,0.00000693332685842,0.00000367002871826,0.00000674598140904,0.00000313062173518,0.00000284772522718,0.00000127727889776,8.63001901052e-7,6.63007028834e-7,0.00000196161340682,0.00000147491380176,5.76474292302e-7,4.49545950687e-7,3.20529693454e-7,4.99600048443e-7,6.10097401932e-7,4.20706385285e-7,1.89208634538e-7,1.55204048724e-7,3.38146364243e-8,4.3689456497e-9,2.49967185839e-10,1.75720184931e-11,4.97343777273e-10,9.81434666869e-8],"dvar2":[0.000153313900228,0.00122357020155,0.0000219063185796,0.0000170790226548,0.0000095224031611,0.0000161398238561,0.00000785343218013,0.00000678928881825,0.00000313954001285,0.00000208368555832,0.00000167453470112,0.00000483864778289,0.00000398936481361,0.00000146051593219,0.00000117480283279,8.1766626181e-7,0.0000013301216768,0.00000158107116022,0.00000101282557807,4.41078071844e-7,3.44686213793e-7,7.75349917603e-8,9.94741000682e-9,5.39985001158e-10,4.23141070793e-11,9.92934290345e-10,2.25722217806e-7],"max":[0.105462372303,0.266230106354,0.0380478203297,0.0786240696907,0.0566553995013,0.0755384340882,0.0512920171022,0.0990813076496,0.0325752198696,0.0237961243838,0.0199921932071,0.0739375054836,0.0267133116722,0.0328804403543,0.0235826298594,0.00819835998118,0.0115213012323,0.0123127261177,0.0100797256455,0.0145465098321,0.0224613398314,0.00526341749355,0.00265479716472,0.000526164367329,0.0000556037994102,0.000633164367173,0.0065660905093],"mean":[0.00552497711033,0.023270657286,0.00302749010734,0.00152281031478,0.00146004895214,0.00138302426785,0.00109023565892,0.000739289913327,0.000790609570686,0.000658771488816,0.000620305887423,0.00146755028982,0.0011271283729,0.000895115023013,0.000763472402468,0.000671206682455,0.00053573976038,0.000670487585012,0.000736582325771,0.000412998080719,0.000250996294199,0.000141061027534,0.0000613257579971,0.00000988916690403,0.00000274098510999,0.0000260041288129,0.00100260903127],"median":[0.00299842003733,0.016428001225,0.00195234059356,0.000713502406143,0.000814562488813,0.000533971469849,0.000447992933914,0.000260004191659,0.00037899723975,0.000347257242538,0.000373692833818,0.000916989985853,0.000626774446573,0.000661106954794,0.000549405405764,0.000443776283646,0.000310910400003,0.000396233983338,0.000425467267632,0.000244805356488,0.000149101018906,0.0000719335293979,0.0000275458660326,0.00000411270048062,0.00000112150746645,0.0000124314565255,0.000902989879251],"min":[1.5075219413e-25,3.88377010125e-24,1.91888324714e-24,9.30456605935e-25,5.40509664001e-24,9.87710256891e-24,1.08712321814e-23,9.82720396122e-24,1.52952588012e-23,1.73071239e-23,1.49694182266e-23,3.36027103938e-23,3.24903534086e-23,3.66263542901e-23,4.47357434216e-23,2.75451295441e-23,6.21392677019e-23,9.45864672635e-23,1.35322020097e-22,1.54882728699e-22,2.41919784478e-22,2.73458468712e-22,3.98775801399e-22,6.04629748814e-22,8.86037966454e-22,1.36075128564e-21,1.83225251468e-21],"var":[0.0000555365186301,0.000553558114916,0.0000113114656415,0.0000086523768914,0.00000459274451714,0.0000095596533356,0.00000451727873951,0.00000464721051685,0.00000183007159649,0.00000121727907754,8.28794384233e-7,0.00000393182426706,0.00000314080375574,8.27160874906e-7,6.03280113864e-7,4.95317749483e-7,5.11878170073e-7,7.55736891733e-7,7.9810013176e-7,3.43196887798e-7,2.60292011944e-7,5.92122084697e-8,8.4905877884e-9,4.47990033958e-10,1.95606447706e-11,1.34380850891e-9,3.72611253852e-7]},"barkbands_crest":{"dmean":3.75402450562,"dmean2":6.17643594742,"dvar":9.34922981262,"dvar2":25.0163764954,"max":25.451417923,"mean":12.0219430923,"median":11.6787967682,"min":2.04062438011,"var":23.20454216},"barkbands_flatness_db":{"dmean":0.0294703971595,"dmean2":0.0465763919055,"dvar":0.000655356212519,"dvar2":0.0016001019394,"max":0.44823795557,"mean":0.126655682921,"median":0.118468791246,"min":0.0296674072742,"var":0.00247244304046},"barkbands_kurtosis":{"dmean":4.74693346024,"dmean2":7.63933134079,"dvar":118.74458313,"dvar2":266.056518555,"max":460.219665527,"mean":6.1398525238,"median":2.30525636673,"min":-1.84261476994,"var":300.911437988},"barkbands_skewness":{"dmean":0.775991976261,"dmean2":1.23501014709,"dvar":0.635916531086,"dvar2":1.49723553658,"max":18.2787857056,"mean":1.94736242294,"median":1.6649222374,"min":-2.30510497093,"var":2.12883329391},"barkbands_spread":{"dmean":9.73165512085,"dmean2":15.4530324936,"dvar":76.4867019653,"dvar2":183.045898438,"max":132.106369019,"mean":36.3178596497,"median":35.2695045471,"min":0.623413622379,"var":283.339569092},"dissonance":{"dmean":0.00958165340126,"dmean2":0.0163785945624,"dvar":0.000112856534543,"dvar2":0.000309024442686,"max":0.500000178814,"mean":0.485873371363,"median":0.489711791277,"min":0.360074579716,"var":0.000173139473191},"dynamic_complexity":1.70993685722,"erbbands":{"dmean":[0.746536135674,2.98795628548,3.15718054771,3.10547280312,3.50180244446,3.42568325996,6.09743356705,8.51299476624,9.58123874664,12.2776613235,11.2771282196,11.3981962204,13.0822944641,14.4199800491,20.9643669128,32.2097702026,28.1438159943,24.1565132141,23.6045322418,21.4409275055,19.5871372223,20.4023170471,21.8781814575,22.6178131104,17.3398189545,10.4257850647,6.71036911011,4.71825504303,3.0403637886,1.97152876854,0.788127720356,0.260224699974,0.0698432922363,0.031580876559,0.0186742953956,0.0135681852698,0.0256560016423,0.0390105508268,0.0200554654002,0.00639266194776],"dmean2":[1.28121471405,5.00479078293,5.24497795105,5.14921426773,5.86400032043,5.7184343338,9.95330619812,13.7144241333,15.7136821747,20.116765976,18.280002594,18.3572769165,21.3632774353,23.5392112732,34.3634185791,52.9879112244,46.4245681763,40.0649604797,38.9243164062,35.5120544434,32.5871582031,34.3144035339,36.1825408936,36.7160873413,27.3459739685,16.2938022614,10.3353424072,7.14558792114,4.68592834473,3.05304408073,1.15946662426,0.388498753309,0.113739669323,0.0522418692708,0.0307434704155,0.0220970921218,0.0365104265511,0.0550601482391,0.0288780983537,0.00989624578506],"dvar":[1.17447888851,13.291841507,15.0986375809,34.0923690796,43.1607322693,47.8928070068,350.913848877,552.53527832,447.691436768,1129.47058105,1168.51159668,686.903137207,785.292297363,863.049987793,1302.37060547,2884.77612305,2648.0402832,1347.64111328,1286.98303223,890.810180664,988.985961914,1525.98669434,1697.14538574,1548.1340332,795.771911621,432.443359375,344.096862793,141.327285767,50.197063446,15.7550992966,2.25689768791,0.320456653833,0.0250057689846,0.00251981522888,0.000852888450027,0.000541043933481,0.00207940023392,0.00441027525812,0.00119005481247,0.0000459593720734],"dvar2":[3.18502831459,35.3404693604,39.1503944397,85.4654006958,111.127349854,123.008903503,886.562927246,1322.68041992,1096.8659668,2909.97753906,2615.62084961,1697.48010254,1933.50878906,2174.71582031,3319.19897461,7119.85644531,7064.95068359,3381.69458008,3346.92163086,2297.44238281,2511.00097656,4059.85180664,4410.60058594,3887.36938477,1866.10791016,1008.37561035,781.295837402,303.499664307,111.915374756,38.8329811096,4.71055221558,0.659135341644,0.0569374486804,0.00606083963066,0.00205612368882,0.0012628249824,0.00399244856089,0.00907944794744,0.00239369692281,0.000107339539682],"max":[12.0830087662,44.8056144714,48.5636062622,186.774185181,182.553024292,186.173751831,705.472412109,910.774230957,734.657714844,1014.54821777,2466.26171875,994.721435547,687.031188965,845.103942871,825.172485352,3086.30908203,1189.81079102,1421.17712402,1028.70556641,841.144592285,413.090698242,690.639099121,707.231872559,582.291320801,552.872009277,786.66607666,1020.16925049,527.172790527,193.504837036,153.189758301,55.1905097961,19.6385536194,5.28455781937,0.826639175415,0.372129529715,0.703573346138,1.25362348557,2.00323343277,1.29379975796,0.114884749055],"mean":[0.874171853065,4.31987142563,4.83758926392,4.40611505508,4.93434238434,4.64711809158,7.79611873627,11.9315004349,13.886756897,17.2661819458,17.074010849,17.4490242004,19.3039913177,22.1088809967,35.3552284241,59.3537063599,52.6523704529,44.4642448425,43.4839668274,40.0135536194,34.4098396301,31.3101615906,34.6823616028,38.8054084778,32.1090583801,19.6978321075,12.3941202164,8.37448787689,5.19409322739,3.34129691124,1.49063110352,0.440894395113,0.0800864323974,0.0327643752098,0.0196269731969,0.0161554440856,0.0510363616049,0.0854246020317,0.0541918203235,0.0285785403103],"median":[0.53572589159,2.93289375305,3.27985143661,2.58337450027,2.69163584709,2.413667202,2.95768165588,4.65261077881,6.24320220947,6.56912183762,6.7171831131,8.38135910034,10.4504346848,12.4969987869,22.9856338501,37.2515144348,31.1099891663,32.9046401978,32.4703788757,29.3414077759,23.3928031921,19.41639328,20.9175052643,21.3883972168,18.9757652283,11.7184925079,7.36158704758,4.84377002716,2.69660782814,1.63452076912,0.666578114033,0.182666480541,0.0305295791477,0.0134342098609,0.00846585165709,0.00790301896632,0.0238107834011,0.0468040928245,0.0375540405512,0.0268950760365],"min":[9.9947023239e-23,6.6303155763e-22,2.54314074195e-21,4.67477043827e-21,9.79002909301e-21,1.8566369348e-20,4.29392881021e-20,1.05416801993e-19,1.52265739873e-19,1.3499219243e-19,3.34916408584e-19,3.99175158989e-19,6.0105507568e-19,8.37001727966e-19,9.99567016763e-19,1.67067570833e-18,1.80886512185e-18,2.09838660805e-18,1.97417034302e-18,2.98058548468e-18,2.58474461319e-18,4.5127686178e-18,4.90847197051e-18,6.52176161025e-18,7.40704917929e-18,7.72862639577e-18,9.58706300416e-18,1.2060338826e-17,9.26973997757e-18,1.0359346121e-17,9.96728649889e-18,1.12765479724e-17,1.08101181958e-17,9.11756521464e-18,5.82735506654e-18,3.86998972484e-18,2.53131763781e-18,9.93350547665e-19,2.5829738263e-19,2.53819466233e-20],"var":[1.15319931507,19.6336917877,24.4011173248,43.2951889038,54.6062355042,62.7485694885,373.782440186,799.907043457,691.231567383,1400.34814453,2120.69750977,951.263977051,1016.09112549,1132.27880859,2031.35229492,6172.99365234,6077.95507812,2009.94018555,1877.74829102,1378.73071289,1320.99890137,1594.05029297,2005.11120605,2430.65869141,1561.88549805,781.963806152,556.89855957,262.792724609,90.5269699097,24.8038253784,5.06404781342,0.694842457771,0.0333832316101,0.00281667453237,0.000953088456299,0.000681963574607,0.00583584886044,0.0124325165525,0.00395468017086,0.00018165911024]},"erbbands_crest":{"dmean":1.98209691048,"dmean2":3.29430484772,"dvar":3.91780543327,"dvar2":10.0576314926,"max":27.3184604645,"mean":6.85357761383,"median":6.07429361343,"min":2.4684138298,"var":8.47797012329},"erbbands_flatness_db":{"dmean":0.017962295562,"dmean2":0.0279325079173,"dvar":0.000251943420153,"dvar2":0.000593923206907,"max":0.338693976402,"mean":0.139174357057,"median":0.134776175022,"min":0.0404159650207,"var":0.00107564486098},"erbbands_kurtosis":{"dmean":0.874433398247,"dmean2":1.39453125,"dvar":1.07470691204,"dvar2":2.631285429,"max":24.3722057343,"mean":0.802584826946,"median":0.450437784195,"min":-1.65953230858,"var":2.72232842445},"erbbands_skewness":{"dmean":0.315633058548,"dmean2":0.495629608631,"dvar":0.0771438255906,"dvar2":0.180764496326,"max":2.86626148224,"mean":-0.493710249662,"median":-0.519147634506,"min":-3.38390398026,"var":0.312085658312},"erbbands_spread":{"dmean":6.31339883804,"dmean2":9.82547473907,"dvar":35.8311920166,"dvar2":80.9541702271,"max":105.624862671,"mean":29.9500007629,"median":28.80519104,"min":3.82142424583,"var":128.178771973},"gfcc":{"cov":[[13406.2001953,287.180480957,-880.602661133,652.447509766,-315.565704346,-510.504821777,396.222991943,-259.235443115,34.4778251648,-23.4531707764,16.2793006897,148.175567627,-307.372772217],[287.180480957,905.60949707,53.8533401489,-352.764709473,190.656478882,43.1557922363,-75.5978164673,-31.2397518158,40.6468772888,-30.9227981567,23.7038383484,-85.8404693604,115.096206665],[-880.602661133,53.8533401489,332.661590576,0.514029443264,-8.9635887146,139.979263306,-108.353927612,63.7636566162,-44.1761169434,13.1783866882,-15.6334075928,-22.8408164978,39.3115272522],[652.447509766,-352.764709473,0.514029443264,410.719604492,-32.7105712891,-101.695137024,131.868423462,-37.2802391052,-18.1145706177,-0.743094027042,-7.95899677277,61.1437530518,-91.9769287109],[-315.565704346,190.656478882,-8.9635887146,-32.7105712891,223.373214722,52.6434745789,24.4002075195,-11.7680053711,2.63917994499,-38.7509117126,10.1963577271,-31.777015686,47.2610244751],[-510.504821777,43.1557922363,139.979263306,-101.695137024,52.6434745789,238.360321045,-60.7459983826,52.5675048828,-35.6588478088,11.6893939972,-11.507434845,-21.9209671021,49.9172668457],[396.222991943,-75.5978164673,-108.353927612,131.868423462,24.4002075195,-60.7459983826,196.716308594,-38.3038597107,56.0794830322,-14.7395572662,-3.67036032677,36.1620063782,-59.9154129028],[-259.235443115,-31.2397518158,63.7636566162,-37.2802391052,-11.7680053711,52.5675048828,-38.3038597107,142.37197876,15.3519849777,32.0283889771,-4.32123851776,-37.8118400574,37.0077552795],[34.4778251648,40.6468772888,-44.1761169434,-18.1145706177,2.63917994499,-35.6588478088,56.0794830322,15.3519849777,117.676574707,26.2490959167,3.04413175583,10.3713121414,-26.6770896912],[-23.4531707764,-30.9227981567,13.1783866882,-0.743094027042,-38.7509117126,11.6893939972,-14.7395572662,32.0283889771,26.2490959167,78.6519088745,32.4312553406,5.77222585678,7.46959543228],[16.2793006897,23.7038383484,-15.6334075928,-7.95899677277,10.1963577271,-11.507434845,-3.67036032677,-4.32123851776,3.04413175583,32.4312553406,56.0946884155,24.6594142914,13.1302165985],[148.175567627,-85.8404693604,-22.8408164978,61.1437530518,-31.777015686,-21.9209671021,36.1620063782,-37.8118400574,10.3713121414,5.77222585678,24.6594142914,74.0378952026,-13.0339269638],[-307.372772217,115.096206665,39.3115272522,-91.9769287109,47.2610244751,49.9172668457,-59.9154129028,37.0077552795,-26.6770896912,7.46959543228,13.1302165985,-13.0339269638,99.3054885864]],"icov":[[0.000203413088457,-0.000744052638765,0.00110763916746,-0.00111306924373,0.000840512104332,-0.000635685632005,0.00040593923768,-0.000374919007299,0.000116234165034,0.000265803420916,-0.0000256435923802,-0.000199013287784,0.000315238168696],[-0.000744052638765,0.00579701783136,-0.00585079751909,0.00638598203659,-0.0041838134639,0.00354493316263,-0.00258421269245,0.00398664874956,-0.00221587042324,0.000111828077934,-0.00231581856497,0.00416188966483,-0.00337783899158],[0.00110763916746,-0.00585079751909,0.0128992963582,-0.0103474138305,0.00690020574257,-0.00824994686991,0.00637675588951,-0.00360385794193,-0.00071729766205,0.00340804830194,-0.000376915792003,-0.000762302661315,0.00107355648652],[-0.00111306924373,0.00638598203659,-0.0103474138305,0.0162189733237,-0.0106965247542,0.0102556664497,-0.00734232738614,0.000331387418555,0.00710311532021,-0.00977553986013,0.00789319351315,-0.00684919767082,0.00435448531061],[0.000840512104332,-0.0041838134639,0.00690020574257,-0.0106965247542,0.0175797082484,-0.0100385416299,0.00114887300879,0.0029511898756,-0.00841716304421,0.0155404461548,-0.0155348777771,0.0135925281793,-0.00850713904947],[-0.000635685632005,0.00354493316263,-0.00824994686991,0.0102556664497,-0.0100385416299,0.0138449305668,-0.00395109737292,-0.00206453213468,0.00764130754396,-0.010955074802,0.0108649106696,-0.00822883937508,0.00325228553265],[0.00040593923768,-0.00258421269245,0.00637675588951,-0.00734232738614,0.00114887300879,-0.00395109737292,0.01322502736,-0.00115268293303,-0.00533127645031,0.00373732531443,0.000108184744022,-0.00260697049089,0.00270515191369],[-0.000374919007299,0.00398664874956,-0.00360385794193,0.000331387418555,0.0029511898756,-0.00206453213468,-0.00115268293303,0.0166338011622,-0.00919237080961,0.00299782399088,-0.00772469257936,0.0153976101428,-0.0109611107036],[0.000116234165034,-0.00221587042324,-0.00071729766205,0.00710311532021,-0.00841716304421,0.00764130754396,-0.00533127645031,-0.00919237080961,0.0246626231819,-0.018814638257,0.0180308874696,-0.0179529618472,0.0134648941457],[0.000265803420916,0.000111828077934,0.00340804830194,-0.00977553986013,0.0155404461548,-0.010955074802,0.00373732531443,0.00299782399088,-0.018814638257,0.0408862568438,-0.0342194102705,0.0207013320178,-0.0113497748971],[-0.0000256435923802,-0.00231581856497,-0.000376915792003,0.00789319351315,-0.0155348777771,0.0108649106696,0.000108184744022,-0.00772469257936,0.0180308874696,-0.0342194102705,0.0551100336015,-0.0330404378474,0.0107349064201],[-0.000199013287784,0.00416188966483,-0.000762302661315,-0.00684919767082,0.0135925281793,-0.00822883937508,-0.00260697049089,0.0153976101428,-0.0179529618472,0.0207013320178,-0.0330404378474,0.0455714277923,-0.0171552933753],[0.000315238168696,-0.00337783899158,0.00107355648652,0.00435448531061,-0.00850713904947,0.00325228553265,0.00270515191369,-0.0109611107036,0.0134648941457,-0.0113497748971,0.0107349064201,-0.0171552933753,0.0274994708598]],"mean":[22.6463661194,86.7147903442,-106.644676208,12.2305936813,4.67264652252,-12.6094675064,14.2546615601,-18.9174613953,6.52479076385,-4.9614906311,0.535734176636,1.53837060928,-10.8586626053]},"hfc":{"dmean":77.9018249512,"dmean2":121.928260803,"dvar":10898.3408203,"dvar2":23211.3359375,"max":2549.11645508,"mean":224.009017944,"median":184.394683838,"min":1.06064334072e-16,"var":25630.96875},"melbands":{"dmean":[0.00549299595878,0.00233505899087,0.000529429933522,0.000231750818784,0.00019535519823,0.000188902893569,0.00015091651585,0.000130805608933,0.000094475588412,0.0000719095041859,0.0000670697845635,0.0000603253283771,0.0000619412312517,0.0000941579273785,0.0000918122022995,0.0000538430140296,0.0000481412062072,0.0000419087409682,0.000034073167626,0.000029170729249,0.0000235721508943,0.0000223739043577,0.0000221172340389,0.0000200164085982,0.0000194035146706,0.0000159466562764,0.0000103293514258,0.00000664814115225,0.00000458307840745,0.00000359038745046,0.00000269044198831,0.00000196724545276,0.00000138373900427,0.0000010142539395,5.21372783169e-7,2.70386237844e-7,1.22717224826e-7,5.22345295906e-8,3.3014984524e-8,2.44978100028e-8],"dmean2":[0.00933178514242,0.00386539637111,0.000873609213158,0.000386250583688,0.000318209058605,0.000303836830426,0.000247460789979,0.000212509505218,0.000153421031428,0.000115992363135,0.0001098474022,0.00009880932339,0.000101181096397,0.000155434914632,0.000152466425789,0.0000888728754944,0.0000805583767942,0.0000697147042956,0.0000567411552765,0.0000486875214847,0.0000396597170038,0.0000379655321012,0.0000371668211301,0.000033227570384,0.0000317438243655,0.0000256726634689,0.0000164288521773,0.0000105874141809,0.000007156556876,0.00000556676286578,0.00000416180682805,0.00000309154120259,0.00000219181993089,0.00000158304783326,7.85087422628e-7,4.01154238716e-7,1.9044351518e-7,8.61598437041e-8,5.50753718187e-8,4.05569515749e-8],"dvar":[0.0000569584626646,0.00000755365499572,9.5655889254e-7,1.51441838625e-7,3.13669971774e-7,2.46402521498e-7,1.07121962856e-7,1.30466091264e-7,6.6806272514e-8,2.80959344678e-8,2.0719571836e-8,1.52154662203e-8,1.21918226625e-8,2.3071082822e-8,3.52441063001e-8,7.27100379905e-9,5.36514077609e-9,3.95375154838e-9,2.76081535411e-9,1.67129521333e-9,1.62905167134e-9,1.81274806277e-9,1.59944213429e-9,1.55520807343e-9,1.1298447733e-9,6.27319918234e-10,3.5105005014e-10,1.93334973031e-10,1.44375914002e-10,1.12751627479e-10,4.08692767129e-11,2.23331093202e-11,8.03374467645e-12,4.18520470016e-12,1.00234447478e-12,2.83846080321e-13,9.4094897889e-14,1.73907993583e-14,3.78755144584e-15,1.50322227759e-15],"dvar2":[0.000154268651386,0.0000195967131731,0.00000238080428971,3.85028016581e-7,7.96229130628e-7,5.87748672842e-7,2.63683290314e-7,3.31803107656e-7,1.52599838543e-7,6.95959343489e-8,5.07889303947e-8,3.84090128591e-8,3.1022398872e-8,5.90119171306e-8,9.30506942609e-8,1.85752178083e-8,1.35501343479e-8,1.03733519552e-8,7.20689996569e-9,4.38077663034e-9,4.20628820663e-9,4.85768447689e-9,4.24544666089e-9,4.05864097885e-9,2.87630519402e-9,1.52616574933e-9,8.35466751337e-10,4.68729777214e-10,3.35141248087e-10,2.55565207885e-10,9.01945462761e-11,5.05785968663e-11,1.94584764968e-11,1.0483525506e-11,2.17453138829e-12,5.75577779882e-13,2.06623089406e-13,4.0512013774e-14,9.17764179405e-15,3.63149367213e-15],"max":[0.0945573970675,0.0403490364552,0.028674101457,0.0085361013189,0.0191938187927,0.0180217921734,0.00998074095696,0.00907715316862,0.016658725217,0.00614011380821,0.00359565531835,0.00335341412574,0.00262660160661,0.00394175387919,0.00843954272568,0.00199007568881,0.00293154176325,0.00206048693508,0.00212545390241,0.000700558244716,0.000626693130471,0.000770060985815,0.000547827163246,0.000782002345659,0.000476859073387,0.000379827484721,0.000406555307563,0.000605494016781,0.000612734293099,0.000575336511247,0.000209615565836,0.000139771800605,0.0000886919297045,0.0000904191983864,0.0000370158195437,0.0000193449232029,0.00000951389210968,0.0000044057615014,0.00000188410638202,5.29016517703e-7],"mean":[0.00738155143335,0.00376567826606,0.000796671083663,0.000336829019943,0.000258549582213,0.000268770876573,0.000219228255446,0.000184160919162,0.000141320939292,0.000107558975287,0.0000963967104326,0.0000881763116922,0.0000981514967862,0.000158125083544,0.000157615868375,0.0000931350077735,0.0000819532360765,0.0000717025905033,0.0000574595396756,0.0000504940326209,0.0000376365132979,0.0000318735510518,0.0000323727326759,0.0000300284991681,0.0000317720259773,0.0000277161125268,0.0000178576756298,0.000011773832739,0.00000804722640169,0.00000602257796345,0.00000445127625426,0.00000312049269269,0.00000226710903917,0.00000165149515396,9.32146178911e-7,4.87424699713e-7,1.6974661321e-7,5.29161070517e-8,3.23559277149e-8,2.48566021099e-8],"median":[0.00508059840649,0.00266737304628,0.000483219046146,0.000192781153601,0.00010457332246,0.00010755819676,0.0000964345017564,0.0000675734627293,0.000055668366258,0.0000522542613908,0.0000508000084665,0.0000474876615044,0.0000620325881755,0.0000990177359199,0.0000833968515508,0.0000582790489716,0.0000594611119595,0.0000520004032296,0.0000407143525081,0.0000338258469128,0.000024860002668,0.0000187077384908,0.0000195157772396,0.000016082505681,0.000016942001821,0.0000158230868692,0.0000100810520962,0.00000685078521201,0.00000463251944893,0.00000338617655871,0.00000239947894443,0.00000154586177814,0.00000114661895623,7.60880652706e-7,4.06333583669e-7,2.06429973559e-7,6.03575358582e-8,1.45833416454e-8,1.14728226919e-8,9.93698634488e-9],"min":[1.58751482833e-24,2.14171554805e-24,9.12461406788e-25,1.06690400317e-24,1.19745713032e-24,2.08102630924e-24,2.29020303345e-24,1.29332867803e-24,2.29114907489e-24,2.29864562007e-24,2.25119129789e-24,3.19127013333e-24,2.24922308993e-24,4.16811540897e-24,3.16925578647e-24,3.8750875037e-24,3.26932377838e-24,2.34945970085e-24,3.6454165676e-24,1.65935708122e-24,2.6136322575e-24,3.60192232716e-24,4.39034935888e-24,4.33187346656e-24,4.77817349584e-24,5.17171135234e-24,5.20679791325e-24,4.89310697986e-24,5.9247571836e-24,5.12068072924e-24,6.87348785101e-24,4.89059248572e-24,5.12056397783e-24,5.37103007625e-24,5.36808249748e-24,6.27723049125e-24,5.78905851398e-24,6.09894398236e-24,7.2396794498e-24,7.54285999492e-24],"var":[0.0000615102544543,0.0000133287567223,0.00000126852876292,2.11709789255e-7,3.37649709081e-7,3.63123348279e-7,1.66549284586e-7,1.74553122179e-7,1.19308765534e-7,3.7398507402e-8,2.69750515258e-8,1.99472083295e-8,1.69683591622e-8,4.52287558517e-8,7.26589703959e-8,1.35899451692e-8,7.50911777203e-9,5.67339197843e-9,3.55219365034e-9,2.74345879347e-9,1.88599758033e-9,1.81684300937e-9,1.76780334815e-9,1.80330883559e-9,1.71076175448e-9,1.18173215657e-9,6.1658572692e-10,3.06230041325e-10,2.25471127879e-10,1.7634776972e-10,7.34485458564e-11,3.8052800494e-11,1.27047226905e-11,6.290762182e-12,2.07161132866e-12,6.53881571284e-13,1.68503733644e-13,2.16811144098e-14,3.93767109509e-15,1.65504096905e-15]},"melbands_crest":{"dmean":5.04174089432,"dmean2":8.40442276001,"dvar":17.6699752808,"dvar2":48.2200927734,"max":37.2419624329,"mean":19.1014289856,"median":18.8727855682,"min":1.32747149467,"var":39.0546684265},"melbands_flatness_db":{"dmean":0.0396110638976,"dmean2":0.0624382160604,"dvar":0.00110097415745,"dvar2":0.00269512715749,"max":0.633752703667,"mean":0.233859688044,"median":0.226541444659,"min":0.000426378624979,"var":0.00479029677808},"melbands_kurtosis":{"dmean":9.95300197601,"dmean2":16.1128387451,"dvar":261.26449585,"dvar2":600.569702148,"max":336.660430908,"mean":13.9295892715,"median":7.21701860428,"min":-1.80094444752,"var":487.041748047},"melbands_skewness":{"dmean":1.1047192812,"dmean2":1.7719887495,"dvar":1.1253221035,"dvar2":2.73562860489,"max":15.5332307816,"mean":3.03205966949,"median":2.68281197548,"min":-1.29289376736,"var":3.22117471695},"melbands_spread":{"dmean":9.81000900269,"dmean2":15.9205741882,"dvar":94.5922393799,"dvar2":235.606735229,"max":235.450683594,"mean":25.6208286285,"median":22.1929512024,"min":0.444754511118,"var":331.561828613},"mfcc":{"cov":[[6356.17822266,-94.6292266846,-405.593994141,960.116210938,-625.52746582,145.665313721,-120.508834839,176.971481323,-259.753173828,140.441589355,33.8707618713,22.0918121338,46.1732025146],[-94.6292266846,1210.68127441,-57.7718467712,-316.817993164,229.523834229,6.90472269058,22.3455867767,-76.384147644,108.952629089,-54.7516174316,13.1753950119,9.63743495941,33.7155685425],[-405.593994141,-57.7718467712,347.230102539,-119.62322998,98.3838653564,-26.3563365936,18.4606399536,-35.7807807922,26.7255401611,-23.5111541748,1.20386600494,1.55168032646,-19.0169372559],[960.116210938,-316.817993164,-119.62322998,541.672851562,-203.464584351,71.7735290527,-30.3051548004,91.4300613403,-101.322677612,59.4099655151,-4.27043914795,-8.47935009003,3.08648824692],[-625.52746582,229.523834229,98.3838653564,-203.464584351,293.89553833,-26.0755176544,88.3404312134,-55.6436424255,84.3485336304,-55.6440353394,-6.39784049988,-0.700383961201,-2.09307408333],[145.665313721,6.90472269058,-26.3563365936,71.7735290527,-26.0755176544,180.798797607,19.1270999908,61.093460083,-31.9498672485,3.80866146088,-11.7514057159,5.888007164,2.29396319389],[-120.508834839,22.3455867767,18.4606399536,-30.3051548004,88.3404312134,19.1270999908,128.780410767,-2.33636975288,33.4478759766,-26.5036067963,-6.26097917557,-14.0703992844,0.35591968894],[176.971481323,-76.384147644,-35.7807807922,91.4300613403,-55.6436424255,61.093460083,-2.33636975288,111.225242615,-0.446343630552,34.5174865723,-9.37468147278,1.59905612469,-5.03794670105],[-259.753173828,108.952629089,26.7255401611,-101.322677612,84.3485336304,-31.9498672485,33.4478759766,-0.446343630552,114.275161743,17.0260829926,16.4109764099,0.736750900745,3.33316588402],[140.441589355,-54.7516174316,-23.5111541748,59.4099655151,-55.6440353394,3.80866146088,-26.5036067963,34.5174865723,17.0260829926,79.86743927,29.771446228,13.7487392426,2.44262742996],[33.8707618713,13.1753950119,1.20386600494,-4.27043914795,-6.39784049988,-11.7514057159,-6.26097917557,-9.37468147278,16.4109764099,29.771446228,61.8709259033,20.5270404816,13.625910759],[22.0918121338,9.63743495941,1.55168032646,-8.47935009003,-0.700383961201,5.888007164,-14.0703992844,1.59905612469,0.736750900745,13.7487392426,20.5270404816,49.7095603943,19.2531681061],[46.1732025146,33.7155685425,-19.0169372559,3.08648824692,-2.09307408333,2.29396319389,0.35591968894,-5.03794670105,3.33316588402,2.44262742996,13.625910759,19.2531681061,50.0158004761]],"icov":[[0.00025925328373,-0.000172628147993,0.0000228617445828,-0.000374321447453,0.000401424767915,0.0000881027444848,-0.000195453161723,-0.0000600061976002,0.000221800757572,-0.0000400520184485,-0.0000872146192705,-0.000156000853167,-0.0000120843988043],[-0.000172628147993,0.00135453930125,0.000570719770622,0.000667638843879,-0.0010146490531,-0.000712465553079,0.000887630914804,0.000515253923368,-0.000965228013229,0.000546508003026,-0.000242779453401,0.000409125845181,-0.000595843303017],[0.0000228617445828,0.000570719770622,0.00364379328676,0.000513394537847,-0.00116271479055,-0.000186870340258,0.000428236206062,0.000528796575963,-0.000234712861129,0.0004166913277,-0.000469714315841,-0.000439102208475,0.00125034537632],[-0.000374321447453,0.000667638843879,0.000513394537847,0.0039083622396,0.000155165165779,-0.000352771341568,-0.000441932526883,-0.00120488740504,0.00204342976213,-0.00183322106022,0.000106094143121,0.00141343288124,-0.000865664042067],[0.000401424767915,-0.0010146490531,-0.00116271479055,0.000155165165779,0.00859700888395,0.0000330739676428,-0.00382766220719,0.00157725717872,-0.00350833241828,0.00301710097119,0.000824006565381,-0.00254134018905,0.00124633021187],[0.0000881027444848,-0.000712465553079,-0.000186870340258,-0.000352771341568,0.0000330739676428,0.00816855113953,-0.00223299721256,-0.00485143251717,0.00348240556195,-0.0000466000565211,0.000318322214298,-0.00147344719153,-0.000245718634687],[-0.000195453161723,0.000887630914804,0.000428236206062,-0.000441932526883,-0.00382766220719,-0.00223299721256,0.0122457109392,-0.000480942631839,-0.0034941395279,0.00388050102629,-0.00164429505821,0.00370025867596,-0.00135425000917],[-0.0000600061976002,0.000515253923368,0.000528796575963,-0.00120488740504,0.00157725717872,-0.00485143251717,-0.000480942631839,0.0161595419049,-0.0041613089852,-0.0051291976124,0.00523541355506,-0.00167474045884,0.00164931488689],[0.000221800757572,-0.000965228013229,-0.000234712861129,0.00204342976213,-0.00350833241828,0.00348240556195,-0.0034941395279,-0.0041613089852,0.0181229431182,-0.00819942727685,-0.0017708693631,0.0025453006383,-0.00177494168747],[-0.0000400520184485,0.000546508003026,0.0004166913277,-0.00183322106022,0.00301710097119,-0.0000466000565211,0.00388050102629,-0.0051291976124,-0.00819942727685,0.0260800328106,-0.0102933812886,-0.00301306392066,0.00276112766005],[-0.0000872146192705,-0.000242779453401,-0.000469714315841,0.000106094143121,0.000824006565381,0.000318322214298,-0.00164429505821,0.00523541355506,-0.0017708693631,-0.0102933812886,0.0254635103047,-0.00702304719016,-0.00299493805505],[-0.000156000853167,0.000409125845181,-0.000439102208475,0.00141343288124,-0.00254134018905,-0.00147344719153,0.00370025867596,-0.00167474045884,0.0025453006383,-0.00301306392066,-0.00702304719016,0.0291513092816,-0.00995047483593],[-0.0000120843988043,-0.000595843303017,0.00125034537632,-0.000865664042067,0.00124633021187,-0.000245718634687,-0.00135425000917,0.00164931488689,-0.00177494168747,0.00276112766005,-0.00299493805505,-0.00995047483593,0.0258042253554]],"mean":[-633.56842041,147.849990845,-39.7850494385,44.1172943115,0.792194485664,30.8992004395,4.51005887985,15.6177387238,-0.848196923733,9.62561607361,6.15412569046,5.52119970322,7.53862857819]},"pitch_salience":{"dmean":0.0967010930181,"dmean2":0.158555567265,"dvar":0.00627742661163,"dvar2":0.0167268123478,"max":0.96773570776,"mean":0.482243329287,"median":0.488584280014,"min":0.0545048229396,"var":0.0158440284431},"silence_rate_20dB":{"dmean":0,"dmean2":0,"dvar":0,"dvar2":0,"max":1,"mean":1,"median":1,"min":1,"var":0},"silence_rate_30dB":{"dmean":0.0714785382152,"dmean2":0.142966166139,"dvar":0.0663693547249,"dvar2":0.153053417802,"max":1,"mean":0.937110543251,"median":1,"min":0,"var":0.0589343942702},"silence_rate_60dB":{"dmean":0.00101748807356,"dmean2":0.00203510560095,"dvar":0.0010164527921,"dvar2":0.00215815799311,"max":1,"mean":0.0174869634211,"median":0,"min":0,"var":0.0171811711043},"spectral_centroid":{"dmean":277.800231934,"dmean2":413.412628174,"dvar":85802.2109375,"dvar2":164969.796875,"max":12065.4296875,"mean":1787.08862305,"median":1745.47802734,"min":131.400360107,"var":816889.4375},"spectral_complexity":{"dmean":5.19605731964,"dmean2":7.55901813507,"dvar":24.4055042267,"dvar2":43.8962249756,"max":69,"mean":31.1780490875,"median":32,"min":0,"var":143.380477905},"spectral_contrast_coeffs":{"dmean":[0.0506879426539,0.0475669763982,0.0372676886618,0.0272609852254,0.022149251774,0.0522947274148],"dmean2":[0.084774248302,0.0795749425888,0.0628856271505,0.0459296219051,0.0370754487813,0.081007130444],"dvar":[0.00158621848095,0.00142270012293,0.000869973795488,0.000461736985017,0.000392019021092,0.0019852812402],"dvar2":[0.00444848649204,0.00389016745612,0.00237942067906,0.00129078922328,0.001043628552,0.00470402138308],"max":[-0.384468615055,-0.498107016087,-0.566880643368,-0.622430682182,-0.574893116951,-0.407005101442],"mean":[-0.727544009686,-0.785056233406,-0.812134444714,-0.810873985291,-0.798811674118,-0.678499698639],"median":[-0.72972202301,-0.792130589485,-0.815845608711,-0.813457846642,-0.799773216248,-0.670831561089],"min":[-0.985086977482,-0.977900326252,-0.972792446613,-0.967736661434,-0.967899560928,-0.965947508812],"var":[0.00403065979481,0.00391754461452,0.00204101367854,0.00128612562548,0.00103692919947,0.00858874525875]},"spectral_contrast_valleys":{"dmean":[0.383512914181,0.367222726345,0.305089563131,0.256867200136,0.299108177423,0.64819252491],"dmean2":[0.639279663563,0.595556855202,0.489130496979,0.405937671661,0.443789541721,1.03730392456],"dvar":[0.0983777493238,0.0941163897514,0.0673642829061,0.0556798093021,0.127331584692,0.300636708736],"dvar2":[0.256489634514,0.227618217468,0.155335098505,0.123282104731,0.250606864691,0.759430587292],"max":[-4.98436594009,-4.53555059433,-5.03489160538,-5.29663515091,-4.89292669296,-9.04502487183],"mean":[-6.66964817047,-6.63107442856,-6.77328157425,-6.8041229248,-7.09451532364,-11.1979780197],"median":[-6.46241092682,-6.44516372681,-6.59756565094,-6.62033510208,-6.75686454773,-11.0494031906],"min":[-28.0148029327,-28.1141490936,-27.9960575104,-27.6460113525,-27.5461597443,-27.4156208038],"var":[2.64977836609,2.67153596878,2.4909620285,2.41705346107,2.86353731155,1.96345806122]},"spectral_decrease":{"dmean":5.81080739082e-9,"dmean2":9.63567536871e-9,"dvar":5.01047847744e-17,"dvar2":1.33644977532e-16,"max":1.77087109421e-8,"mean":-9.76608927061e-9,"median":-8.00551624991e-9,"min":-9.66609832176e-8,"var":6.68512878861e-17},"spectral_energy":{"dmean":0.0227714590728,"dmean2":0.037379309535,"dvar":0.000741477066185,"dvar2":0.00194242305588,"max":0.386688917875,"mean":0.0571777671576,"median":0.0505508854985,"min":1.01479842329e-20,"var":0.00112230156083},"spectral_energyband_high":{"dmean":0.000483294628793,"dmean2":0.000707251776475,"dvar":8.08164315913e-7,"dvar2":0.00000168653480159,"max":0.0357010290027,"mean":0.00126779137645,"median":0.0009614295559,"min":6.78974403708e-21,"var":0.00000197575604943},"spectral_energyband_low":{"dmean":0.0197448376566,"dmean2":0.0331833250821,"dvar":0.000635303091258,"dvar2":0.00171060999855,"max":0.335277676582,"mean":0.0312344860286,"median":0.0237104818225,"min":1.98146176837e-23,"var":0.000789026438724},"spectral_energyband_middle_high":{"dmean":0.00299248541705,"dmean2":0.00469642877579,"dvar":0.0000170867315319,"dvar2":0.0000409554668295,"max":0.0873847007751,"mean":0.0082874391228,"median":0.0069386982359,"min":1.2746819918e-21,"var":0.0000385954299418},"spectral_energyband_middle_low":{"dmean":0.00335033540614,"dmean2":0.00528863212094,"dvar":0.0000324600732711,"dvar2":0.000075827294495,"max":0.106195218861,"mean":0.00717708980665,"median":0.00509752007201,"min":1.8130193285e-22,"var":0.0000563969952054},"spectral_entropy":{"dmean":0.109750695527,"dmean2":0.164436474442,"dvar":0.0131901642308,"dvar2":0.0273305997252,"max":9.81859397888,"mean":7.75062322617,"median":7.79821491241,"min":5.85360383987,"var":0.0883215218782},"spectral_flux":{"dmean":0.0343390628695,"dmean2":0.0560656785965,"dvar":0.00128538405988,"dvar2":0.00312090246007,"max":0.502750039101,"mean":0.135290488601,"median":0.129598170519,"min":6.29697891052e-11,"var":0.00277108279988},"spectral_kurtosis":{"dmean":3.84433054924,"dmean2":5.94170045853,"dvar":38.744846344,"dvar2":95.9179534912,"max":131.135498047,"mean":18.119600296,"median":15.372177124,"min":-1.24759864807,"var":130.865722656},"spectral_rms":{"dmean":0.00139634485822,"dmean2":0.00225646817125,"dvar":0.00000194577796719,"dvar2":0.00000502808052261,"max":0.0194231159985,"mean":0.00713636167347,"median":0.00702267326415,"min":3.14650172237e-12,"var":0.00000485553073304},"spectral_rolloff":{"dmean":6442.82763672,"dmean2":12303.5703125,"dvar":67935728,"dvar2":153292080,"max":22028.4667969,"mean":12679.9345703,"median":19530.6152344,"min":43.06640625,"var":89329192},"spectral_skewness":{"dmean":0.312828361988,"dmean2":0.466010153294,"dvar":0.165466919541,"dvar2":0.37042376399,"max":9.47847652435,"mean":2.56694722176,"median":2.31999731064,"min":-0.14165019989,"var":0.9388448596},"spectral_spread":{"dmean":354085.5,"dmean2":560317.25,"dvar":229159927808,"dvar2":510359076864,"max":42501552,"mean":3738421.25,"median":3570142,"min":1686147,"var":6142900568060},"spectral_strongpeak":{"dmean":5.88924598694,"dmean2":10.9897708893,"dvar":432.556182861,"dvar2":1147.33776855,"max":237.042312622,"mean":4.44233036041,"median":0.260590970516,"min":0,"var":372.944366455},"zerocrossingrate":{"dmean":0.0451517179608,"dmean2":0.0585400275886,"dvar":0.00144222564995,"dvar2":0.00243576988578,"max":0.83984375,"mean":0.262885391712,"median":0.2529296875,"min":0.04736328125,"var":0.00709932856262}},"metadata":{"audio_properties":{"analysis_sample_rate":44100,"bit_rate":160000,"codec":"mp3","downmix":"mix","equal_loudness":0,"length":365.113464355,"lossless":false,"md5_encoded":"7287d6edcb77518b89dbcfe74c0820ae","replay_gain":0.119522094727,"sample_rate":44100},"tags":{"acoustid_id":["2572ee1c-f2dc-4280-8d8d-f0b7d8b4928b"],"album":["Reload"],"albumartist":["Metallica"],"artist":["Metallica"],"date":["1997"],"discnumber":["1/1"],"file_name":"10 - Metallica - Prince Charming.mp3","musicbrainz_albumartistid":["65f4f0c5-ef9e-490c-aee3-909e7ae6b2ab"],"musicbrainz_albumid":["9e375d51-cc73-4164-964b-09c34172981a"],"musicbrainz_artistid":["65f4f0c5-ef9e-490c-aee3-909e7ae6b2ab"],"musicbrainz_recordingid":["33014c74-a757-4dde-ab37-1fcf72279437"],"musicbrainz_releasegroupid":["8fd32554-02a7-3788-a761-7012e0e75e55"],"replaygain_album_gain":["+0.37 dB"],"replaygain_album_peak":["0.373717"],"replaygain_track_gain":["-0.14 dB"],"replaygain_track_peak":["0.358324"],"title":["Prince Charming"],"tracknumber":["10/13"]},"version":{"essentia":"2.1-beta1","essentia_build_sha":"e76a03f03bb3900de42a1fa0d9be1e72f12def64","essentia_git_sha":"v2.1_beta1-28-g21ef5f4-dirty","extractor":"music 1.0"}},"rhythm":{"beats_count":617,"beats_loudness":{"dmean":0.023728389293,"dmean2":0.0419723428786,"dvar":0.000438811111962,"dvar2":0.00136587151792,"max":0.178086519241,"mean":0.0592707805336,"median":0.0575188286602,"min":0,"var":0.000748165533878},"beats_loudness_band_ratio":{"dmean":[0.177191704512,0.0460880175233,0.0555204860866,0.0548033155501,0.0521215572953,0.0882500112057],"dmean2":[0.310330271721,0.082645572722,0.100687198341,0.0962567925453,0.0909728184342,0.15385389328],"dvar":[0.0202479604632,0.00277619808912,0.00536953052506,0.00346478167921,0.00179814291187,0.0061920019798],"dvar2":[0.063804090023,0.00760087789968,0.0163216311485,0.0102250110358,0.00549169210717,0.018768908456],"max":[0.912494003773,0.329839646816,0.699790775776,0.560283720493,0.476638942957,0.756444990635],"mean":[0.483961254