{"lowlevel":{"average_loudness":0.8374761343,"barkbands":{"dmean":[0.0000112388761409,0.0000595358251303,0.0002151416993,0.000242560665356,0.000775241176598,0.000622178253252,0.000240773224505,0.00050926709082,0.000607213412877,0.000351922994014,0.000329299975419,0.000570305332076,0.000317149970215,0.000406625389587,0.000330629874952,0.00057449110318,0.00089487520745,0.000414564245148,0.000222795497393,0.000190298873349,0.000231365818763,0.0000759684044169,0.0000371064379578,0.0000212508730328,0.00000739526421967,0.00000188626859199,5.3128565014e-7],"dmean2":[0.0000193970972759,0.000100113909866,0.00033275509486,0.000410532637034,0.00126102962531,0.000984356040135,0.000402508187108,0.000825224793516,0.000888817477971,0.000513866601977,0.000520521076396,0.000860305910464,0.000484210526338,0.000631174538285,0.000518925953656,0.000922518956941,0.0014674392296,0.000664222170599,0.000363068043953,0.000309668597765,0.000378267897759,0.000117554234748,0.0000564091278648,0.0000309490969812,0.0000108151889435,0.00000290571210826,8.91906097422e-7],"dvar":[5.15230857978e-10,7.66317587164e-9,1.10585368418e-7,1.33180364514e-7,0.00000198586712941,0.00000176751336767,3.09454691205e-7,0.00000116242392778,0.00000258172963186,7.56084148179e-7,5.71398572902e-7,0.00000175802131253,7.60718421589e-7,9.13642509204e-7,4.34816286088e-7,7.91874754213e-7,0.00000139622386541,3.6904586409e-7,1.14863787815e-7,9.1537309288e-8,1.06010865863e-7,3.2769328584e-8,7.31882154881e-9,4.31750546426e-9,8.09477707087e-10,2.01009851125e-11,9.88951542186e-13],"dvar2":[1.19351994954e-9,1.93043341312e-8,2.31832444797e-7,3.56284971303e-7,0.00000466231313112,0.00000408505866289,7.69267273881e-7,0.00000269279712484,0.00000499296265843,0.00000146256411426,0.00000121386392493,0.00000355199654223,0.00000159260969212,0.00000189081970348,0.00000100106808532,0.00000190173170722,0.00000362179571312,8.74698343978e-7,2.89745798909e-7,2.24493177825e-7,2.66932431714e-7,6.82894878423e-8,1.44804026547e-8,7.63460494824e-9,1.31861821462e-9,4.26940358067e-11,2.63463231266e-12],"max":[0.000699069001712,0.00298966374248,0.00591673888266,0.00464404840022,0.0538959354162,0.029127182439,0.0185283981264,0.0208468139172,0.0485712587833,0.024412157014,0.0255882516503,0.0380053073168,0.02140173316,0.018518069759,0.0129523100331,0.0130102336407,0.0182015765458,0.0124196102843,0.0059804674238,0.00617268169299,0.00730389356613,0.00469060009345,0.00197988888249,0.00187402195297,0.00161820382345,0.000171829888131,0.0000213739749597],"mean":[0.0000138350869747,0.000116479423014,0.000445478130132,0.000396151910536,0.00143970095087,0.00103057536762,0.000389414199162,0.0009843345033,0.0010940132197,0.000652543152682,0.000631488102954,0.00105121347588,0.000554720114451,0.000718151801266,0.000634568510577,0.00127288233489,0.00187434174586,0.000933941744734,0.000537603045814,0.000487178011099,0.000605543027632,0.00021034727979,0.000119878430269,0.0000545392358617,0.0000209286536119,0.00000678772357787,8.31369845855e-7],"median":[0.00000700449618307,0.0000850440046634,0.000194305292098,0.000214181316551,0.000808147597127,0.000484295393107,0.000231221638387,0.000483072712086,0.000283279194264,0.000206925236853,0.000304911052808,0.000392494082917,0.000154233974172,0.000311978074024,0.000386524538044,0.000932541093789,0.00151019822806,0.000733483582735,0.000444150762632,0.000350212183548,0.000477438268717,0.000139737763675,0.0000768095414969,0.0000355350566679,0.0000137754423122,0.00000623325786364,5.63812818655e-7],"min":[2.2554306364e-23,4.69793648102e-24,5.66411951267e-24,1.36382907852e-24,2.69385712387e-23,4.50919646074e-23,1.8172515357e-23,2.94463348128e-23,1.39217825455e-23,4.72776836056e-23,4.52477835688e-23,4.90727807716e-23,9.57829736192e-23,6.22611751107e-23,6.74462253121e-23,1.48281856188e-22,1.29009239589e-22,1.57146734253e-22,2.07040293242e-22,4.6294260571e-22,5.41267128242e-22,3.43030270267e-22,6.26426493118e-22,5.17192809976e-22,9.77395884778e-22,1.64555556841e-21,2.3804028519e-21],"var":[7.64222851668e-10,2.03900167861e-8,4.0130993284e-7,2.57635917933e-7,0.00000483635403725,0.00000403685316996,3.88043787325e-7,0.00000263007473222,0.00000788352463132,0.00000233556011153,0.00000153481721554,0.00000540173641639,0.00000213225325751,0.00000217671413338,9.35820878567e-7,0.00000213444764086,0.0000034457957554,0.00000104455534711,3.39701927032e-7,3.37986193699e-7,4.01702578756e-7,9.83555779044e-8,2.3962334339e-8,1.01330188684e-8,2.01739136507e-9,6.27003865494e-11,1.47046361632e-12]},"barkbands_crest":{"dmean":2.00920772552,"dmean2":3.2217438221,"dvar":3.88398122787,"dvar2":9.17083072662,"max":26.375,"mean":7.50652170181,"median":6.26208782196,"min":2.25373649597,"var":16.5914077759},"barkbands_flatness_db":{"dmean":0.012292814441,"dmean2":0.0190009661019,"dvar":0.000181640105438,"dvar2":0.000361990591045,"max":0.496332943439,"mean":0.0940639525652,"median":0.0851753279567,"min":0.0218219384551,"var":0.00141999672633},"barkbands_kurtosis":{"dmean":1.46119832993,"dmean2":2.05514073372,"dvar":225.286102295,"dvar2":359.457489014,"max":1032.15563965,"mean":1.86000025272,"median":-0.935756802559,"min":-1.92732155323,"var":1706.36608887},"barkbands_skewness":{"dmean":0.346822232008,"dmean2":0.51368534565,"dvar":0.286330938339,"dvar2":0.499803036451,"max":28.5599155426,"mean":0.156268283725,"median":-0.043117441237,"min":-3.23346161842,"var":2.3403134346},"barkbands_spread":{"dmean":4.20569849014,"dmean2":6.46858978271,"dvar":17.7109584808,"dvar2":38.0215835571,"max":90.7451782227,"mean":29.2638187408,"median":29.1583518982,"min":0.380995452404,"var":106.725700378},"dissonance":{"dmean":0.0103379907086,"dmean2":0.0173827335238,"dvar":0.000129456690047,"dvar2":0.000346122047631,"max":0.500000119209,"mean":0.481268823147,"median":0.486171841621,"min":0.275047779083,"var":0.000288001290755},"dynamic_complexity":5.15750837326,"erbbands":{"dmean":[0.00251034833491,0.013150726445,0.160735502839,0.580587029457,1.07580268383,3.14901590347,4.85550165176,5.68800449371,3.28998684883,6.63321733475,12.1066274643,14.0039625168,10.9970788956,12.5870752335,12.7122402191,22.4598903656,13.7069215775,19.1995391846,15.5941171646,18.2486915588,38.055606842,40.3055686951,21.0449428558,15.9619379044,9.96732616425,8.29608440399,9.25619029999,7.85067033768,2.98141980171,1.57606053352,1.12173235416,0.635775923729,0.266926586628,0.119322247803,0.0385474488139,0.0117935361341,0.00316629512236,0.000780344475061,0.0000896657511475,0.00000444581974079],"dmean2":[0.00426769582555,0.0219995621592,0.24812528491,0.961183130741,1.78210568428,5.10663223267,7.88127756119,8.8903875351,5.3507566452,11.355846405,19.1850833893,20.5938148499,16.0901145935,19.2802963257,19.4585151672,33.6718711853,20.5230464935,29.1351203918,24.1973590851,28.3103046417,61.3744659424,64.9161758423,33.6369743347,25.8803005219,16.1294231415,13.0873117447,15.1551713943,12.5752344131,4.62752914429,2.46492695808,1.69803726673,0.948231577873,0.394048094749,0.173573046923,0.0577842406929,0.0182194355875,0.00496454583481,0.00124891649466,0.000153401386342,0.00000692277990311],"dvar":[0.0000190864629985,0.000314344710205,0.0572942979634,0.69979596138,2.93494987488,35.2610969543,103.704803467,193.139434814,59.0389404297,168.066238403,718.991394043,1900.59533691,839.00213623,798.83416748,1019.67913818,2652.33666992,1394.32678223,2316.51049805,970.387939453,1242.17529297,2904.30395508,2872.82421875,1052.17150879,550.731689453,223.982131958,186.067733765,191.923446655,156.556808472,51.1186065674,10.5545835495,7.44951963425,3.62491154671,0.7015427351,0.188478454947,0.0236620660871,0.00113603263162,0.000041916846385,0.00000156613157287,4.20336405682e-8,3.80280529289e-11],"dvar2":[0.0000471491730423,0.000830573844723,0.121021196246,1.79553973675,8.0380525589,83.3145446777,252.077148438,414.218383789,137.644241333,460.02545166,1655.1541748,3742.16650391,1615.70556641,1810.1385498,2061.14819336,5334.73730469,2862.83837891,4644.06787109,2159.8659668,2652.95141602,7249.89257812,7276.55664062,2481.5793457,1375.9609375,550.885925293,436.066375732,473.092407227,381.089324951,106.86605835,21.8567276001,14.848531723,6.80025339127,1.25216805935,0.298520117998,0.0419015958905,0.00227302615531,0.0000897471836652,0.0000037590921238,1.12203380809e-7,9.53541551274e-11],"max":[0.159632071853,0.373425930738,3.97923254967,10.2856435776,30.4263076782,229.478012085,254.615707397,372.96383667,253.388000488,323.944946289,522.008789062,1230.14868164,709.69128418,1022.16894531,1154.66687012,1488.51159668,1073.51916504,1042.09973145,836.126525879,869.862609863,830.797119141,754.454772949,694.672607422,478.301940918,347.652282715,271.892730713,374.828552246,338.724273682,197.323791504,101.5287323,61.7008094788,48.2019920349,25.8694095612,23.4607982635,10.1602773666,1.65483248234,0.239042550325,0.024800568819,0.00405991682783,0.000129994266899],"mean":[0.00475391047075,0.027385853231,0.353909164667,1.09396159649,1.92058157921,5.48041772842,7.88315296173,9.35011386871,5.7029466629,12.8172283173,22.2069854736,25.4156265259,22.736579895,23.9090595245,27.4231815338,43.6346168518,28.1965084076,36.9757270813,33.1066055298,43.1239471436,89.8369674683,93.7818832397,52.2822685242,38.7240791321,27.1094512939,22.3686275482,22.9818115234,20.2914676666,8.21295452118,4.77616262436,3.58029413223,1.81944131851,0.69509780407,0.31062066555,0.114835649729,0.0367196574807,0.0111376913264,0.00227647274733,0.000135634589242,0.0000256613730016],"median":[0.00277666375041,0.0222600586712,0.176150530577,0.642812371254,1.08126544952,2.82895898819,3.87575912476,4.05575323105,3.67661762238,7.80817651749,8.28679561615,7.10389280319,7.98473548889,10.7430114746,14.6105270386,16.6105937958,9.79789543152,16.6894569397,21.7152462006,31.4564323425,69.2784881592,78.1593017578,42.9212188721,32.7064590454,22.5420799255,16.3019561768,18.281452179,14.5221996307,5.58231163025,3.03613114357,2.22597837448,1.23879373074,0.440534293652,0.196042150259,0.0824748128653,0.0304909460247,0.0104137696326,0.00217191502452,0.0000833047379274,0.0000272874312941],"min":[2.07164731317e-22,1.19347682692e-21,7.75053612899e-21,1.04815666254e-20,3.67249548098e-20,1.06044573916e-19,1.4154224796e-19,4.24827012061e-19,2.36799475497e-19,5.26714130982e-19,4.87490984094e-19,3.69679087417e-19,1.30984773781e-18,1.8931872931e-18,1.85983826594e-18,2.2368434077e-18,3.46183585634e-18,3.66370494214e-18,4.06683389521e-18,4.96340131267e-18,8.05350406289e-18,7.03555078566e-18,8.2903970098e-18,1.03337713508e-17,1.15623876777e-17,1.96984559463e-17,2.37572939001e-17,1.82970912202e-17,1.14001717693e-17,1.58559224139e-17,1.63126551522e-17,1.27762834985e-17,8.75284143023e-18,1.00401106528e-17,7.93488884459e-18,6.21171115561e-18,3.11980701281e-18,1.24901222267e-18,3.19952582056e-19,3.70442077522e-20],"var":[0.0000521878100699,0.000710023043212,0.212108403444,1.7211329937,6.00045347214,78.5822906494,198.667724609,444.73828125,83.7859191895,283.890228271,1705.09631348,5352.31005859,2922.22924805,1776.76538086,3190.50878906,8990.42382812,4453.1328125,6009.11523438,2375.85107422,3230.66772461,8656.43066406,8223.70410156,3099.52075195,1702.91113281,850.533874512,727.12677002,618.696533203,549.104980469,154.039962769,38.3818511963,22.9593982697,8.62113761902,1.63771438599,0.458734184504,0.0563604570925,0.00304359383881,0.000141488897498,0.0000048225692808,5.41372813245e-8,2.91896590232e-10]},"erbbands_crest":{"dmean":2.42542695999,"dmean2":3.89398097992,"dvar":5.48598384857,"dvar2":13.1554613113,"max":31.1581439972,"mean":9.08325958252,"median":7.96992301941,"min":2.08376026154,"var":17.8890209198},"erbbands_flatness_db":{"dmean":0.0117352120578,"dmean2":0.0179733298719,"dvar":0.000118216972623,"dvar2":0.000258280982962,"max":0.371274620295,"mean":0.175490766764,"median":0.17403703928,"min":0.0188890565187,"var":0.00118904549163},"erbbands_kurtosis":{"dmean":0.838802039623,"dmean2":1.33304870129,"dvar":1.32966160774,"dvar2":3.14822554588,"max":25.6026916504,"mean":0.568151533604,"median":0.186519503593,"min":-1.80116117001,"var":2.99297165871},"erbbands_skewness":{"dmean":0.28479924798,"dmean2":0.432707756758,"dvar":0.0823553800583,"dvar2":0.175625026226,"max":5.03613424301,"mean":-0.4720890522,"median":-0.528546571732,"min":-4.19894218445,"var":0.459641039371},"erbbands_spread":{"dmean":5.13282680511,"dmean2":7.96415805817,"dvar":28.1937503815,"dvar2":63.6885757446,"max":172.295532227,"mean":29.0643405914,"median":27.6838245392,"min":3.82946562767,"var":143.510314941},"gfcc":{"cov":[[13799.6572266,340.760375977,-2049.87451172,87.9075469971,-1150.34692383,-260.346038818,-632.809326172,-72.4014892578,-323.138580322,-402.234039307,-275.720092773,-336.716522217,-242.828491211],[340.760375977,623.945739746,-33.3930625916,-32.8519325256,120.862724304,-64.727645874,-19.4306526184,14.6814012527,-25.905538559,-44.6199798584,9.6123046875,7.76507568359,47.3377037048],[-2049.87451172,-33.3930625916,639.83770752,54.0161895752,207.169021606,55.4641304016,82.6216125488,31.9221477509,63.2407188416,62.7768096924,40.3066062927,69.9170532227,47.5163078308],[87.9075469971,-32.8519325256,54.0161895752,155.73248291,-2.8550632,-0.645370185375,-32.0003890991,-6.41594696045,0.325689464808,-6.34175729752,-11.252161026,3.11945700645,-6.20130205154],[-1150.34692383,120.862724304,207.169021606,-2.8550632,285.36038208,26.8479137421,73.2238540649,43.1514129639,23.7430877686,39.4538536072,51.5496101379,43.8048057556,32.6168022156],[-260.346038818,-64.727645874,55.4641304016,-0.645370185375,26.8479137421,127.200263977,37.3375358582,-14.3110790253,-5.16283559799,12.5137557983,10.9665193558,2.528018713,-6.83481407166],[-632.809326172,-19.4306526184,82.6216125488,-32.0003890991,73.2238540649,37.3375358582,117.979621887,40.0564498901,12.8425521851,19.1315898895,12.8842020035,9.25302314758,7.02909326553],[-72.4014892578,14.6814012527,31.9221477509,-6.41594696045,43.1514129639,-14.3110790253,40.0564498901,125.787071228,42.0660400391,3.7626311779,1.09627521038,6.03898906708,19.4601230621],[-323.138580322,-25.905538559,63.2407188416,0.325689464808,23.7430877686,-5.16283559799,12.8425521851,42.0660400391,85.3058166504,29.1220035553,-0.322764009237,9.71032142639,11.7108516693],[-402.234039307,-44.6199798584,62.7768096924,-6.34175729752,39.4538536072,12.5137557983,19.1315898895,3.7626311779,29.1220035553,78.4653167725,37.4123153687,10.3162956238,10.6549320221],[-275.720092773,9.6123046875,40.3066062927,-11.252161026,51.5496101379,10.9665193558,12.8842020035,1.09627521038,-0.322764009237,37.4123153687,78.2320175171,36.0770606995,11.5307998657],[-336.716522217,7.76507568359,69.9170532227,3.11945700645,43.8048057556,2.528018713,9.25302314758,6.03898906708,9.71032142639,10.3162956238,36.0770606995,73.1294937134,37.8354949951],[-242.828491211,47.3377037048,47.5163078308,-6.20130205154,32.6168022156,-6.83481407166,7.02909326553,19.4601230621,11.7108516693,10.6549320221,11.5307998657,37.8354949951,76.054069519]],"icov":[[0.000240192268393,-0.000198546302272,0.000469326216262,-0.000194039326743,0.000528744130861,-0.000185657161637,0.000712983950507,-0.000597573758569,0.000440979521954,0.000116614733997,0.000028488047974,0.0000973540591076,0.000288005161565],[-0.000198546302272,0.00253336667083,-0.000154046996613,0.000625606160611,-0.00206643925048,0.00118204194587,0.000107443498564,0.000719699717592,-0.000147840590216,0.00198825681582,-0.000929762667511,0.00131038099062,-0.0020318380557],[0.000469326216262,-0.000154046996613,0.00349079002626,-0.00138070026878,-0.00043559903861,-0.000777823617682,0.000509538454935,-0.00062993663596,-0.000275555910775,-0.000437404989498,0.000709803425707,-0.00112240388989,0.0000863155801198],[-0.000194039326743,0.000625606160611,-0.00138070026878,0.00781918875873,-0.000849724223372,-0.0000966198495007,0.00258808140643,-0.000206494063605,0.000377032905817,0.0000560072730877,0.0015560121974,-0.00105394527782,0.000883130647708],[0.000528744130861,-0.00206643925048,-0.00043559903861,-0.000849724223372,0.00794090330601,-0.00105156679638,-0.000929338624701,-0.00238539325073,0.00112138118129,-0.00125668593682,-0.00179182668217,-0.000972510140855,0.00113229663111],[-0.000185657161637,0.00118204194587,-0.000777823617682,-0.0000966198495007,-0.00105156679638,0.0100558642298,-0.00369772408158,0.0025343564339,0.000225115232752,0.000395721348468,-0.00111344875768,0.000846927287057,-0.000145081416122],[0.000712983950507,0.000107443498564,0.000509538454935,0.00258808140643,-0.000929338624701,-0.00369772408158,0.0160696692765,-0.00611709523946,0.00315741985105,-0.00118003110401,0.00153681088705,-0.0000773629872128,0.00173312600236],[-0.000597573758569,0.000719699717592,-0.00062993663596,-0.000206494063605,-0.00238539325073,0.0025343564339,-0.00611709523946,0.0136129474267,-0.00745657179505,0.00340640172362,-0.00199426501058,0.0022226863075,-0.00377868697979],[0.000440979521954,-0.000147840590216,-0.000275555910775,0.000377032905817,0.00112138118129,0.000225115232752,0.00315741985105,-0.00745657179505,0.0195352807641,-0.00853386241943,0.00610109837726,-0.00354449101724,0.00188414717559],[0.000116614733997,0.00198825681582,-0.000437404989498,0.0000560072730877,-0.00125668593682,0.000395721348468,-0.00118003110401,0.00340640172362,-0.00853386241943,0.0247906558216,-0.0136685408652,0.0083136241883,-0.00499797658995],[0.000028488047974,-0.000929762667511,0.000709803425707,0.0015560121974,-0.00179182668217,-0.00111344875768,0.00153681088705,-0.00199426501058,0.00610109837726,-0.0136685408652,0.0262019410729,-0.0140174850821,0.00536604784429],[0.0000973540591076,0.00131038099062,-0.00112240388989,-0.00105394527782,-0.000972510140855,0.000846927287057,-0.0000773629872128,0.0022226863075,-0.00354449101724,0.0083136241883,-0.0140174850821,0.0281344149262,-0.0124478992075],[0.000288005161565,-0.0020318380557,0.0000863155801198,0.000883130647708,0.00113229663111,-0.000145081416122,0.00173312600236,-0.00377868697979,0.00188414717559,-0.00499797658995,0.00536604784429,-0.0124478992075,0.0214479938149]],"mean":[-21.7351436615,63.1051330566,-157.149505615,35.7903938293,-59.564414978,-0.117066472769,-40.8509292603,2.28936171532,-24.088924408,-3.19020104408,-22.0041828156,4.05484104156,-9.43251132965]},"hfc":{"dmean":4.39230918884,"dmean2":6.55036067963,"dvar":24.2772274017,"dvar2":52.0210800171,"max":86.7465896606,"mean":27.3701705933,"median":29.2842788696,"min":1.14224603164e-16,"var":356.999176025},"melbands":{"dmean":[0.0000183452521014,0.0000617186160525,0.00010469895642,0.00012667759438,0.000177300011273,0.000121317527373,0.0000489137746627,0.0000790837293607,0.00010116485646,0.0000902533865883,0.0000552246128791,0.0000509313867951,0.0000425515136158,0.0000538591666555,0.0000507392724103,0.0000332132476615,0.0000383563819923,0.0000275577967841,0.0000248310734605,0.0000351182825398,0.0000536838924745,0.0000548179850739,0.0000276281443803,0.0000184575292224,0.0000146143829625,0.00000867104427016,0.00000865510810399,0.00000580305550102,0.00000525436553289,0.00000754716620577,0.00000408658979723,0.00000199840792448,0.00000135470850182,7.66476659919e-7,6.35568653706e-7,6.99127156167e-7,3.75543436348e-7,2.14073793359e-7,1.49033468233e-7,9.73681011374e-8],"dmean2":[0.0000309960450977,0.0000953049529926,0.000172476517037,0.000207282428164,0.000286521186354,0.000190228325664,0.0000797609463916,0.000133785768412,0.000159908784553,0.000131348802825,0.000080766978499,0.000077315242379,0.0000661434969516,0.0000821647045086,0.0000742198899388,0.0000502428956679,0.0000585749367019,0.0000426598599006,0.0000387630934711,0.00005556159158,0.0000873191820574,0.0000892014431884,0.0000444633114967,0.000029712318792,0.0000237949952862,0.0000138909399539,0.0000141598775372,0.00000913649182621,0.00000839166477817,0.0000126011700559,0.00000654623681839,0.00000316891419061,0.00000211462997868,0.00000121504342587,9.71109443526e-7,0.00000107697724161,5.64916717849e-7,3.19262426274e-7,2.23530875587e-7,1.45139892993e-7],"dvar":[8.78943640092e-10,8.23891088686e-9,2.16641140582e-8,4.45074306299e-8,1.24178271221e-7,7.87951179859e-8,1.27111343673e-8,2.39541027014e-8,4.7253326585e-8,8.12491407487e-8,2.20203446588e-8,1.30345743088e-8,1.22108243517e-8,1.26522365917e-8,2.14241566709e-8,8.28337043401e-9,8.88167939195e-9,3.350890454e-9,2.44412423633e-9,3.85985865492e-9,5.53239676293e-9,5.61996893467e-9,1.80995041177e-9,8.3934709183e-10,5.14911835392e-10,2.16487383575e-10,2.02350775025e-10,9.9950762944e-11,8.08963104837e-11,1.23712748379e-10,5.34110498884e-11,2.40281145675e-11,1.05570474238e-11,2.20264084749e-12,2.73538288374e-12,2.67975940917e-12,1.19460029976e-12,4.123864607e-13,2.45445265674e-13,1.1736160546e-13],"dvar2":[2.15386930513e-9,1.74631100691e-8,5.56944890207e-8,1.11243089407e-7,2.94022044045e-7,1.72287556666e-7,3.03830773873e-8,6.28396534808e-8,1.08496301721e-7,1.57505013476e-7,4.23785593284e-8,2.90251200852e-8,2.44812152772e-8,2.67862390047e-8,4.03055189224e-8,1.73266627712e-8,1.79848669291e-8,7.2563168807e-9,5.48297718339e-9,8.82340600583e-9,1.40668454662e-8,1.44531302482e-8,4.33210667339e-9,1.96156202392e-9,1.27213850565e-9,5.03646568895e-10,5.17140108514e-10,2.31154220764e-10,1.84353643462e-10,3.25683563451e-10,1.27064705979e-10,5.34622034143e-11,2.24060735243e-11,4.76315254599e-12,5.6690420587e-12,5.57744909285e-12,2.30560926254e-12,8.12349373967e-13,4.31554423273e-13,1.87252204844e-13],"max":[0.00106059247628,0.00154513726011,0.00174505147152,0.00669413711876,0.0116190500557,0.00719991652295,0.00378761813045,0.0030479982961,0.00376592134126,0.00867083575577,0.00378924887627,0.003954062704,0.0039586154744,0.00279001519084,0.0046699102968,0.00260402751155,0.00191300420556,0.00181197596248,0.000981290242635,0.00127445580438,0.00115502183326,0.000992035493255,0.00103218737058,0.000576620455831,0.000448958162451,0.000320921157254,0.000321715022437,0.00021580014436,0.000210081168916,0.000271819881164,0.000200130569283,0.000144131001434,0.0000984590660664,0.0000387252512155,0.0000430958752986,0.0000359301739081,0.0000297378792311,0.0000184369037015,0.0000202002956939,0.0000191615545191],"mean":[0.0000355014053639,0.000136439004564,0.000211726335692,0.00024041449069,0.000302091997582,0.000202435505344,0.0000842664740048,0.000153590575792,0.000182069576113,0.000160410942044,0.000109551525384,0.0000928116351133,0.0000856205151649,0.000106539817352,0.0000937906370382,0.0000596916252107,0.0000692440517014,0.0000513100458193,0.0000504368836118,0.0000755460860091,0.000113981404866,0.000111917135655,0.0000585760681133,0.0000389429151255,0.0000309271163133,0.0000184484233614,0.0000203536983463,0.0000131395827339,0.0000117285844681,0.0000177276051545,0.00000939181336435,0.00000464582308268,0.00000351324479198,0.00000209542486118,0.00000175418824711,0.00000211734072764,8.59476756432e-7,5.11194571118e-7,3.34532643365e-7,2.3835653451e-7],"median":[0.0000234613544308,0.0000706721111783,0.000135324225994,0.000144028803334,0.000154839333845,0.0000932905968511,0.0000542509988009,0.0000892578391358,0.000058763755078,0.0000405023529311,0.000034138232877,0.0000361798665836,0.0000430573309131,0.0000462730022264,0.000024849192414,0.0000190883911273,0.0000295755908155,0.0000288868977805,0.0000311929034069,0.0000506107680849,0.0000846271141199,0.0000873749231687,0.0000436493137386,0.0000294873134408,0.0000241071265918,0.0000139850581036,0.0000141174323289,0.00000860928685142,0.00000839205858938,0.0000130468788484,0.00000597776033828,0.00000291339733849,0.000001877416139,0.00000133661490054,0.00000115428633762,0.00000106153436263,5.63289063393e-7,3.18280996225e-7,1.88741694274e-7,1.52067457293e-7],"min":[2.86369189534e-24,5.30268513957e-24,1.761871528e-24,5.00268804263e-24,5.00610065491e-24,9.71411996159e-24,3.77817239162e-24,6.1164559056e-24,3.68923700202e-24,2.13603555231e-24,6.74121796531e-24,7.77278139436e-24,4.72716141098e-24,5.37024358193e-24,9.70594105173e-24,6.67227231106e-24,6.69689581535e-24,6.8889345364e-24,5.37688066315e-24,8.74089674079e-24,9.68353266885e-24,7.06682661483e-24,6.2861592134e-24,7.10488205376e-24,7.31569881979e-24,7.54292468152e-24,1.06962912316e-23,1.24402228794e-23,1.62082990347e-23,1.12299319682e-23,1.07887173307e-23,6.53821328883e-24,6.63440777647e-24,8.67660615474e-24,1.02724141792e-23,7.66091066281e-24,7.50912514717e-24,5.33550175323e-24,8.94787175422e-24,8.15105676449e-24],"var":[2.4053765646e-9,3.04293230613e-8,5.54555015242e-8,1.02083610898e-7,2.62944865881e-7,1.84105431345e-7,1.75359016197e-8,4.39155591891e-8,1.20350989619e-7,2.31261594763e-7,7.56725739848e-8,3.01065696817e-8,3.48846036502e-8,4.15515408747e-8,7.08292802187e-8,2.44207694067e-8,2.22426876917e-8,7.53813900189e-9,5.51033085827e-9,9.864775663e-9,1.51403121151e-8,1.34636408688e-8,4.52675319451e-9,2.0845789539e-9,1.32477362413e-9,5.03795560824e-10,6.71573852085e-10,3.10522690894e-10,2.16631532157e-10,3.9984135447e-10,1.55019747039e-10,5.56299589727e-11,3.42385911289e-11,7.12684859044e-12,6.81306356817e-12,8.31708920485e-12,2.53579514158e-12,8.75544211784e-13,5.41213992025e-13,2.81049489237e-13]},"melbands_crest":{"dmean":2.57733178139,"dmean2":4.11719655991,"dvar":7.17110204697,"dvar2":16.5287437439,"max":35.9434165955,"mean":9.94445228577,"median":8.13740539551,"min":1.95252251625,"var":33.5226249695},"melbands_flatness_db":{"dmean":0.0147890271619,"dmean2":0.0217885952443,"dvar":0.000311880896334,"dvar2":0.00057613424724,"max":0.627137064934,"mean":0.116081148386,"median":0.101108521223,"min":0.00604229234159,"var":0.00286662229337},"melbands_kurtosis":{"dmean":2.95884346962,"dmean2":4.37339258194,"dvar":817.50213623,"dvar2":1513.76501465,"max":1845.52978516,"mean":6.476521492,"median":-0.100526452065,"min":-1.84881901741,"var":5940.01123047},"melbands_skewness":{"dmean":0.409227252007,"dmean2":0.609255313873,"dvar":0.414372116327,"dvar2":0.779371738434,"max":33.2731361389,"mean":1.1180011034,"median":0.835628032684,"min":-1.71235466003,"var":3.28271770477},"melbands_spread":{"dmean":8.25921154022,"dmean2":12.5577526093,"dvar":76.8057022095,"dvar2":154.700408936,"max":200.230529785,"mean":51.5913734436,"median":53.3365135193,"min":0.127946093678,"var":382.694213867},"mfcc":{"cov":[[13804.3789062,-21.4439582825,-1135.80322266,-181.329040527,-715.093505859,-508.024047852,-529.934936523,-152.043441772,-368.380065918,-133.495666504,-249.671600342,-248.986968994,-248.020721436],[-21.4439582825,670.205444336,-91.7656173706,52.3811416626,96.310760498,-44.4463882446,48.3382911682,5.09956979752,37.9382820129,-72.347114563,-14.3003997803,24.8541202545,4.71721076965],[-1135.80322266,-91.7656173706,378.033508301,39.3415794373,81.8173599243,68.3595275879,25.6222114563,21.1304016113,36.7155342102,6.57119464874,19.9174938202,2.93296837807,25.6078929901],[-181.329040527,52.3811416626,39.3415794373,142.418121338,55.0575561523,-21.3316078186,1.31921434402,5.27059078217,18.512336731,-13.5176801682,-6.64634275436,17.5355072021,6.28710222244],[-715.093505859,96.310760498,81.8173599243,55.0575561523,167.034179688,31.1440353394,44.9155158997,19.6945304871,34.5499649048,-7.44275331497,15.5189180374,32.2156562805,36.2826728821],[-508.024047852,-44.4463882446,68.3595275879,-21.3316078186,31.1440353394,137.604812622,36.4257698059,-6.17331504822,-19.1008644104,4.61567926407,4.26546573639,-5.78416585922,2.02307987213],[-529.934936523,48.3382911682,25.6222114563,1.31921434402,44.9155158997,36.4257698059,134.594512939,24.802362442,15.0101222992,-4.36865901947,27.8913021088,20.5825939178,12.5990524292],[-152.043441772,5.09956979752,21.1304016113,5.27059078217,19.6945304871,-6.17331504822,24.802362442,85.6171875,32.6802902222,0.427792310715,3.76292157173,3.78682518005,9.17836856842],[-368.380065918,37.9382820129,36.7155342102,18.512336731,34.5499649048,-19.1008644104,15.0101222992,32.6802902222,107.262748718,15.7488641739,12.9965629578,11.2288694382,7.1624879837],[-133.495666504,-72.347114563,6.57119464874,-13.5176801682,-7.44275331497,4.61567926407,-4.36865901947,0.427792310715,15.7488641739,89.4804229736,20.6399211884,-10.4495191574,3.56832265854],[-249.671600342,-14.3003997803,19.9174938202,-6.64634275436,15.5189180374,4.26546573639,27.8913021088,3.76292157173,12.9965629578,20.6399211884,77.7362442017,23.335062027,5.72950696945],[-248.986968994,24.8541202545,2.93296837807,17.5355072021,32.2156562805,-5.78416585922,20.5825939178,3.78682518005,11.2288694382,-10.4495191574,23.335062027,75.4366378784,23.8674106598],[-248.020721436,4.71721076965,25.6078929901,6.28710222244,36.2826728821,2.02307987213,12.5990524292,9.17836856842,7.1624879837,3.56832265854,5.72950696945,23.8674106598,67.0010070801]],"icov":[[0.000145886748214,0.0000030034818792,0.000268684845651,0.0000177172696567,0.000221095819143,0.000324135820847,0.000281636748696,-0.000061617603933,0.000303816777887,0.000173832566361,0.000062906416133,0.000241443936829,0.000128311177832],[0.0000030034818792,0.00210334407166,0.000753506144974,-0.000121465673146,-0.00145274342503,0.0006700817612,-0.000668972206768,0.000501589209307,-0.000750319624785,0.00153416604735,0.00027044521994,0.000297093560221,0.000279529893305],[0.000268684845651,0.000753506144974,0.00419615022838,-0.000888212176505,-0.000907249283046,-0.00103135372046,0.000734047556762,-0.000333760224748,-0.000702929857653,0.0010687635513,-0.000723010220099,0.001470528543,-0.000592535827309],[0.0000177172696567,-0.000121465673146,-0.000888212176505,0.00913314893842,-0.00314509333111,0.00237132539041,0.000301120395306,0.000372908543795,-0.0000925587301026,0.000407637242461,0.00165523774922,-0.00146627705544,0.00144939357415],[0.000221095819143,-0.00145274342503,-0.000907249283046,-0.00314509333111,0.0112623870373,-0.00225482112728,-0.000609837530646,-0.000769217091147,-0.00114717369433,0.000123965612147,-0.000656440970488,-0.00126476818696,-0.00362541852519],[0.000324135820847,0.0006700817612,-0.00103135372046,0.00237132539041,-0.00225482112728,0.0111448327079,-0.0022212062031,0.0011377731571,0.00312507105991,-0.000150288295117,0.00120875041466,0.00135087349918,0.00156005658209],[0.000281636748696,-0.000668972206768,0.000734047556762,0.000301120395306,-0.000609837530646,-0.0022212062031,0.010654810816,-0.00272736698389,0.000316885620123,0.00103212764952,-0.00297262170352,-0.000589082075749,-0.0000765930453781],[-0.000061617603933,0.000501589209307,-0.000333760224748,0.000372908543795,-0.000769217091147,0.0011377731571,-0.00272736698389,0.0142551129684,-0.00405955594033,0.00077792321099,0.000687355059199,0.000884119945113,-0.00120974867605],[0.000303816777887,-0.000750319624785,-0.000702929857653,-0.0000925587301026,-0.00114717369433,0.00312507105991,0.000316885620123,-0.00405955594033,0.0134136183187,-0.002758996794,-0.00028593261959,-0.0005965459859,0.00142817292362],[0.000173832566361,0.00153416604735,0.0010687635513,0.000407637242461,0.000123965612147,-0.000150288295117,0.00103212764952,0.00077792321099,-0.002758996794,0.0147290108725,-0.00431025354192,0.00389523198828,-0.00178299192339],[0.000062906416133,0.00027044521994,-0.000723010220099,0.00165523774922,-0.000656440970488,0.00120875041466,-0.00297262170352,0.000687355059199,-0.00028593261959,-0.00431025354192,0.017269462347,-0.00558332540095,0.00189090135973],[0.000241443936829,0.000297093560221,0.001470528543,-0.00146627705544,-0.00126476818696,0.00135087349918,-0.000589082075749,0.000884119945113,-0.0005965459859,0.00389523198828,-0.00558332540095,0.0190538782626,-0.00537151983008],[0.000128311177832,0.000279529893305,-0.000592535827309,0.00144939357415,-0.00362541852519,0.00156005658209,-0.0000765930453781,-0.00120974867605,0.00142817292362,-0.00178299192339,0.00189090135973,-0.00537151983008,0.0192612316459]],"mean":[-649.427185059,88.9392852783,-36.5548706055,26.9641532898,-4.05416822433,0.421549707651,-11.5367860794,1.70092964172,-0.768503129482,-7.88764047623,-11.2655239105,3.11321234703,-5.07598972321]},"pitch_salience":{"dmean":0.0557530559599,"dmean2":0.088865481317,"dvar":0.0026592251379,"dvar2":0.0062265759334,"max":0.844848811626,"mean":0.604057371616,"median":0.624287962914,"min":0.0254745502025,"var":0.0112814176828},"silence_rate_20dB":{"dmean":0,"dmean2":0,"dvar":0,"dvar2":0,"max":1,"mean":1,"median":1,"min":1,"var":0},"silence_rate_30dB":{"dmean":0,"dmean2":0,"dvar":0,"dvar2":0,"max":1,"mean":1,"median":1,"min":1,"var":0},"silence_rate_60dB":{"dmean":0.0124271847308,"dmean2":0.0248575862497,"dvar":0.0122718606144,"dvar2":0.0278614517301,"max":1,"mean":0.186642512679,"median":0,"min":0,"var":0.15180195868},"spectral_centroid":{"dmean":206.389205933,"dmean2":310.169006348,"dvar":67949.6796875,"dvar2":115318.796875,"max":11329.2167969,"mean":2293.39550781,"median":2370.58105469,"min":154.915420532,"var":265287.09375},"spectral_complexity":{"dmean":3.33281564713,"dmean2":5.23019170761,"dvar":11.2061977386,"dvar2":26.1442661285,"max":57,"mean":26.471654892,"median":29,"min":0,"var":245.331741333},"spectral_contrast_coeffs":{"dmean":[0.0464442186058,0.045786101371,0.0359136946499,0.0294123739004,0.021871631965,0.0175792966038],"dmean2":[0.0767656415701,0.0751349553466,0.0581588149071,0.0477714575827,0.0356017015874,0.0282524116337],"dvar":[0.00145891110878,0.00145341071766,0.000885520072188,0.000571911630686,0.000329673988745,0.000231931320741],"dvar2":[0.00393034610897,0.00371748115867,0.00214910879731,0.00148762739263,0.000819780281745,0.000557527120691],"max":[-0.307068824768,-0.415688037872,-0.419887542725,-0.51490008831,-0.568476378918,-0.556097388268],"mean":[-0.612069666386,-0.755824148655,-0.781437575817,-0.759054839611,-0.759655475616,-0.700447618961],"median":[-0.604139983654,-0.763748586178,-0.794124364853,-0.7641954422,-0.760827243328,-0.690949440002],"min":[-0.967298209667,-0.961568117142,-0.978090882301,-0.970620453358,-0.962040424347,-0.958411157131],"var":[0.00852905679494,0.00575077952817,0.00508707761765,0.00314935762435,0.00248828763142,0.00205937796272]},"spectral_contrast_valleys":{"dmean":[0.356488585472,0.355288058519,0.295280575752,0.259848088026,0.205429792404,0.174126982689],"dmean2":[0.592357993126,0.569036483765,0.471815258265,0.406859666109,0.304519742727,0.251674920321],"dvar":[0.126039609313,0.135654807091,0.100134521723,0.0901614576578,0.0826209262013,0.0713322088122],"dvar2":[0.263270139694,0.247137382627,0.175733849406,0.150020048022,0.116343826056,0.096637390554],"max":[-6.89908695221,-5.23753166199,-5.41360855103,-5.81781864166,-5.66120290756,-7.78631639481],"mean":[-8.54746818542,-7.13553237915,-7.425344944,-7.63915729523,-7.25349760056,-10.4261474609],"median":[-8.28109359741,-6.77155208588,-7.02516365051,-7.22554397583,-6.79887104034,-10.020608902],"min":[-27.6301822662,-27.6615123749,-27.1575965881,-27.3340473175,-27.3116455078,-27.3268966675],"var":[0.945380151272,1.6323312521,1.65449798107,1.58616733551,1.71235847473,1.34258759022]},"spectral_decrease":{"dmean":6.32732422012e-10,"dmean2":9.55142409609e-10,"dvar":5.46576340152e-19,"dvar2":1.17920800174e-18,"max":1.52275492723e-28,"mean":-3.65502250688e-9,"median":-3.79573439346e-9,"min":-1.58218824708e-8,"var":5.88674498016e-18},"spectral_energy":{"dmean":0.0026709549129,"dmean2":0.00402701739222,"dvar":0.0000093040507636,"dvar2":0.0000200924987439,"max":0.0620195381343,"mean":0.0162774436176,"median":0.0171739775687,"min":1.03897487696e-20,"var":0.000114558322821},"spectral_energyband_high":{"dmean":0.000326832523569,"dmean2":0.000501769478433,"dvar":2.4961428835e-7,"dvar2":5.18333763466e-7,"max":0.0108820553869,"mean":0.0012166025117,"median":0.00107105006464,"min":7.72357601869e-21,"var":0.00000131960803174},"spectral_energyband_low":{"dmean":0.000338662997819,"dmean2":0.000540585955605,"dvar":2.14524831676e-7,"dvar2":4.92677997954e-7,"max":0.00756718963385,"mean":0.000777789100539,"median":0.000507355667651,"min":4.27037071495e-23,"var":7.1279544045e-7},"spectral_energyband_middle_high":{"dmean":0.0019576526247,"dmean2":0.0029234199319,"dvar":0.00000529321687281,"dvar2":0.0000114698523248,"max":0.0480528622866,"mean":0.00905751809478,"median":0.00870403647423,"min":1.52649527847e-21,"var":0.0000503426053911},"spectral_energyband_middle_low":{"dmean":0.00181545503438,"dmean2":0.0027692716103,"dvar":0.00000637419452687,"dvar2":0.0000138143659569,"max":0.0565817989409,"mean":0.00555227184668,"median":0.00466661900282,"min":1.6147706313e-22,"var":0.0000253403468378},"spectral_entropy":{"dmean":0.0892689153552,"dmean2":0.135001704097,"dvar":0.0108986217529,"dvar2":0.0213352963328,"max":9.80295753479,"mean":7.72376298904,"median":7.79744338989,"min":6.02942323685,"var":0.0770878568292},"spectral_flux":{"dmean":0.012293882668,"dmean2":0.0193158872426,"dvar":0.000175687790033,"dvar2":0.000418146257289,"max":0.180898115039,"mean":0.0685750171542,"median":0.0743714272976,"min":1.05690470265e-10,"var":0.00133800448384},"spectral_kurtosis":{"dmean":1.26657187939,"dmean2":2.18164134026,"dvar":2.20012187958,"dvar2":6.26668214798,"max":36.3362884521,"mean":4.35462903976,"median":3.92494225502,"min":-1.19839155674,"var":5.05964851379},"spectral_rms":{"dmean":0.000315011187922,"dmean2":0.000466766417958,"dvar":1.12980913514e-7,"dvar2":2.22150291052e-7,"max":0.00777861615643,"mean":0.00361390225589,"median":0.00409329961985,"min":3.18376206475e-12,"var":0.00000282022824649},"spectral_rolloff":{"dmean":403.681793213,"dmean2":653.752502441,"dvar":339627.875,"dvar2":669313.4375,"max":19099.9511719,"mean":2958.9453125,"median":2906.98242188,"min":64.599609375,"var":1212874.625},"spectral_skewness":{"dmean":0.161897316575,"dmean2":0.270676136017,"dvar":0.0259826220572,"dvar2":0.0688879713416,"max":3.63037538528,"mean":1.24093699455,"median":1.2000323534,"min":-0.0424674227834,"var":0.0855817273259},"spectral_spread":{"dmean":252606,"dmean2":378826.5,"dvar":311106961408,"dvar2":405990965248,"max":40255756,"mean":3558471.25,"median":3349874.75,"min":1450748.375,"var":1455098167300},"spectral_strongpeak":{"dmean":0.974694728851,"dmean2":1.64660549164,"dvar":1.67580020428,"dvar2":4.23027849197,"max":12.2356977463,"mean":1.73925852776,"median":1.04864013195,"min":0,"var":3.33755111694},"zerocrossingrate":{"dmean":0.00808454677463,"dmean2":0.00956662092358,"dvar":0.00011621228623,"dvar2":0.000134858768433,"max":0.51953125,"mean":0.0997101813555,"median":0.10205078125,"min":0.00439453125,"var":0.000837461557239}},"metadata":{"audio_properties":{"analysis_sample_rate":44100,"bit_rate":195457,"codec":"mp3","downmix":"mix","equal_loudness":0,"length":179.356735229,"lossless":false,"md5_encoded":"4c111c1c7b7fea768a2bde8a6ba4c1a4","replay_gain":-6.40173721313,"sample_rate":44100},"tags":{"acoustid_id":["935b7551-f624-4314-97c0-da87f4063588"],"album":["4-Track Demos"],"albumartist":["PJ Harvey"],"albumartistsort":["Harvey, PJ"],"artist":["PJ Harvey"],"artists":["PJ Harvey"],"artistsort":["Harvey, PJ"],"asin":["B000001E26"],"barcode":["731451845024"],"catalognumber":["518 450-2","IMCD 170"],"date":["1993-10-19"],"file_name":"03 - Reeling.mp3","label":["Island Records","Island Masters"],"media":["CD"],"musicbrainz album release country":["GB"],"musicbrainz album status":["official"],"musicbrainz album type":["album"],"musicbrainz release track id":["4367b6f0-14ea-3e7c-86e2-f8d74894187c"],"musicbrainz_albumartistid":["e795e03d-b5d5-4a5f-834d-162cfb308a2c"],"musicbrainz_albumid":["0efea1e8-9daa-48a6-b43c-6d48aede3557"],"musicbrainz_artistid":["e795e03d-b5d5-4a5f-834d-162cfb308a2c"],"musicbrainz_recordingid":["33186cd7-31e7-4239-8c2c-626903d78adc"],"musicbrainz_releasegroupid":["850778ff-f726-33a5-9d67-2f36692887a5"],"originaldate":["1993"],"script":["Latn"],"title":["Reeling"],"tracknumber":["3/14"]},"version":{"essentia":"2.1-beta1","essentia_build_sha":"65e368e5454dd45657e4cc002e00185f437e13e1","essentia_git_sha":"v2.1_beta1-28-g21ef5f4","extractor":"music 1.0"}},"rhythm":{"beats_count":475,"beats_loudness":{"dmean":0.00560651300475,"dmean2":0.00878299679607,"dvar":0.000031652245525,"dvar2":0.0000751318439143,"max":0.0448651462793,"mean":0.0181404110044,"median":0.0190577097237,"min":9.56195208346e-7,"var":0.000119416879897},"beats_loudness_band_ratio":{"dmean":[0.0607101470232,0.10914182663,0.108638226986,0.116143196821,0.116051852703,0.0542789846659],"dmean2":[0.103118233383,0.190228849649,0.192629