{"lowlevel":{"average_loudness":0.0811532437801,"barkbands":{"dmean":[0.0000244089260377,0.000474186846986,0.00033864978468,0.000465507211629,0.00079393829219,0.000558742438443,0.000388951884815,0.000239319255343,0.000197210873011,0.00011606701446,0.0000960422330536,0.000122955956613,0.0000987469829852,0.000118357995234,0.000220589383389,0.000117174116895,0.000138421397423,0.0000717911752872,0.0000629592395853,0.0000388179905713,0.0000512485639774,0.0000308491180476,0.00000842528970679,0.00000656314614389,0.00000442012924395,8.39554502363e-7,3.65529842838e-7],"dmean2":[0.0000401132238039,0.000801168614998,0.000563886598684,0.000801803835202,0.00131647451781,0.000842130044475,0.000598946353421,0.000342732382705,0.000280899839709,0.000160837371368,0.000134757588967,0.000177824840648,0.000151608473971,0.000185940822121,0.000350900663761,0.000185425829841,0.000224763105507,0.000112066409201,0.000103390499135,0.0000602886902925,0.0000761331393733,0.0000456540110463,0.0000122514920804,0.00000922600338527,0.00000613467636867,0.00000117584625059,5.29903672941e-7],"dvar":[3.04341760682e-8,0.00000601719011684,0.00000195405709746,0.00000151898302647,0.00000756488634579,0.00000192957622858,0.0000011743899222,0.00000119681192245,6.30199679108e-7,1.6653721957e-7,1.84003482673e-7,1.4679966398e-7,1.10577836665e-7,1.76373319505e-7,5.2143366247e-7,2.0539167167e-7,2.39441106942e-7,7.94957770722e-8,4.11076825912e-8,3.06338137079e-8,9.74306999524e-8,3.92312884401e-8,2.01345762285e-9,2.00232475045e-9,1.26636034992e-9,1.55176583388e-11,7.50829346613e-12],"dvar2":[7.71672219457e-8,0.0000167254547705,0.00000553117297386,0.00000457815167465,0.0000210252183024,0.00000468830830869,0.00000267949440058,0.00000237004269366,0.00000119039498259,2.98360703255e-7,3.072835284e-7,2.6832466915e-7,2.64087844926e-7,4.12963203189e-7,0.00000133552077841,4.34182709341e-7,6.32871092421e-7,1.93954804217e-7,1.09334855836e-7,6.93449351274e-8,2.09900861137e-7,7.53297513256e-8,3.85897269695e-9,3.64590801993e-9,2.5108719548e-9,3.19559032014e-11,1.80141648126e-11],"max":[0.00356810097583,0.0586865507066,0.0396147444844,0.0265318583697,0.0800310447812,0.0388594418764,0.0311186648905,0.0496833771467,0.0407266169786,0.0217062421143,0.025797592476,0.0195452719927,0.0127386916429,0.0175068005919,0.0257565155625,0.0314939543605,0.0233419481665,0.0129737667739,0.00586502440274,0.00909114163369,0.0128113031387,0.0106847397983,0.00191769865341,0.00255871028639,0.00185348291416,0.000165816643857,0.000119363248814],"mean":[0.0000261067580141,0.00101627432741,0.000826374802273,0.000961217912845,0.00162490271032,0.0014439439401,0.000859602994751,0.000665782601573,0.000519627472386,0.000296777085168,0.000230243502301,0.000318821636029,0.000209429024835,0.000268312141998,0.000478830712382,0.000274158635875,0.000339265883667,0.00017253322585,0.000177027133759,0.0000903410618776,0.000112483670819,0.0000692894900567,0.000022150181394,0.0000165023357113,0.00000915902546694,0.00000208797882806,5.06938590661e-7],"median":[5.51541575078e-7,0.00000296936605082,0.0000262998273683,0.000246012496063,0.000602075189818,0.000524310336914,0.000183189869858,0.0000358264223905,0.0000685193517711,0.0000332385934598,0.0000401919605793,0.0000468577782158,0.0000251970541285,0.0000105412382254,0.00000664825574859,0.00000457964142697,0.00000612617895968,0.00000347691047864,0.00000214070541915,0.00000104469268081,3.40633448559e-7,2.00859616939e-7,9.43271345477e-8,2.21391704969e-8,2.38787976059e-8,5.59664670163e-9,1.44102738631e-8],"min":[4.27739128839e-11,1.33637736294e-11,1.55497977775e-12,2.36167682632e-12,2.14203980074e-12,1.29376354465e-13,3.77767017971e-13,2.45596220498e-14,5.2309170179e-14,4.2310623863e-14,2.45631457069e-14,5.44485145176e-14,3.87997434474e-14,4.10085410996e-14,7.13692681884e-14,6.27736862599e-14,8.24218826328e-14,1.52042481795e-13,1.1676027983e-13,2.85874568375e-13,2.422915655e-13,4.00948940932e-13,4.83891355804e-13,2.86567265143e-13,5.15424562839e-13,1.29847597518e-12,3.4836820928e-12],"var":[3.0617496094e-8,0.00000846230614115,0.00000459109378426,0.00000363415006177,0.0000102317244455,0.000006189809028,0.00000357277235707,0.00000795163759904,0.00000358428360414,8.91889499144e-7,9.1229537702e-7,7.04277454133e-7,2.73395784234e-7,5.87016472764e-7,0.00000190354649021,9.70036353465e-7,0.00000133026389904,2.96687773016e-7,2.19837019699e-7,8.5817355e-8,2.71154078746e-7,1.1601708394e-7,6.84309497956e-9,5.70896707686e-9,2.61193222606e-9,6.12504977293e-11,9.16364727155e-12]},"barkbands_crest":{"dmean":1.88138854504,"dmean2":3.02750182152,"dvar":3.5777156353,"dvar2":9.52032661438,"max":26.6859531403,"mean":11.3406953812,"median":10.7723903656,"min":2.80993819237,"var":20.252450943},"barkbands_flatness_db":{"dmean":0.0158439055085,"dmean2":0.0242101401091,"dvar":0.000322834122926,"dvar2":0.000684697995894,"max":0.590098440647,"mean":0.24329328537,"median":0.24821344018,"min":0.0361763834953,"var":0.00854759477079},"barkbands_kurtosis":{"dmean":7.26528501511,"dmean2":12.0656347275,"dvar":2739.8112793,"dvar2":7789.48681641,"max":4685.13525391,"mean":35.5259094238,"median":3.47152328491,"min":-1.91927933693,"var":75562.8671875},"barkbands_skewness":{"dmean":0.429884105921,"dmean2":0.662480354309,"dvar":0.373030275106,"dvar2":0.916846632957,"max":61.7715644836,"mean":2.17123961449,"median":1.57264709473,"min":-9.5148267746,"var":20.5483512878},"barkbands_spread":{"dmean":2.03173279762,"dmean2":3.03851103783,"dvar":15.9301252365,"dvar2":29.7525882721,"max":70.656578064,"mean":11.4683561325,"median":6.31239318848,"min":0.0686779245734,"var":155.354904175},"dissonance":{"dmean":0.0263299271464,"dmean2":0.0441723465919,"dvar":0.00105802435428,"dvar2":0.00305378111079,"max":0.500000059605,"mean":0.426251828671,"median":0.435896873474,"min":0.0953144282103,"var":0.00297855585814},"dynamic_complexity":8.01417636871,"erbbands":{"dmean":[0.0104241250083,0.12056118995,0.355906814337,0.89467138052,2.1277859211,3.25622391701,3.52338838577,4.32441043854,5.25284290314,5.33389091492,4.75889873505,4.23477935791,4.06254911423,3.12501955032,3.28256917,5.24505186081,4.01357555389,5.54351425171,8.52139472961,8.59671497345,6.04291772842,7.07790517807,4.62043380737,2.95399570465,2.84306025505,1.85686039925,2.14932894707,1.86126255989,1.26951634884,0.437289714813,0.247309401631,0.152857765555,0.105935208499,0.0694935694337,0.0198286939412,0.00533794425428,0.00123594992328,0.000285091780825,0.0000681223027641,0.00000586712167205],"dmean2":[0.0167401824147,0.206969290972,0.605345308781,1.51441454887,3.62167596817,5.35718297958,5.43171882629,6.59730052948,8.25710868835,7.68839168549,6.7006726265,6.01706981659,5.70531702042,4.32233428955,4.66893148422,7.57987260818,6.11000394821,8.53813743591,13.7043371201,13.5150098801,9.74753475189,11.3483715057,7.2355556488,4.85542631149,4.57219839096,2.88809347153,3.26710629463,2.72994995117,1.87944960594,0.620908081532,0.365510970354,0.218596473336,0.152932167053,0.0982836261392,0.027312643826,0.0075480719097,0.00168551283423,0.000378879340133,0.0000990491171251,0.00000903614818526],"dvar":[0.0031308317557,0.411378741264,2.49884605408,5.71559429169,49.3768005371,120.322662354,75.6912918091,149.503570557,218.175338745,369.891082764,552.424865723,259.557373047,216.955673218,131.29057312,207.382034302,265.376739502,162.648529053,397.834777832,923.087341309,992.16973877,406.96673584,626.349182129,327.370300293,83.0342102051,115.339324951,81.1316833496,144.626159668,167.423309326,70.9631271362,8.3985080719,1.408182621,1.00246369839,0.585256099701,0.332361936569,0.0171658117324,0.000729617138859,0.0000366962885892,0.00000264816480922,2.52803943113e-7,1.48581280612e-9],"dvar2":[0.00750059727579,1.15189778805,7.19149684906,16.3059024811,141.513442993,332.165863037,186.730529785,371.380828857,539.185058594,781.662719727,1013.11309814,522.967834473,410.237945557,232.81098938,317.768218994,507.774353027,371.47052002,875.877258301,2471.64624023,2299.85839844,1024.82409668,1605.84594727,802.595458984,223.28163147,295.72354126,193.816131592,330.926696777,369.007629395,141.904998779,14.4600639343,2.75892615318,1.93835270405,1.0913746357,0.659115195274,0.0315662771463,0.00152844388504,0.000071706752351,0.00000495800213685,5.91697357777e-7,4.00333410866e-9],"max":[1.45577013493,15.7479600906,46.1223144531,50.6136436462,178.520523071,318.062103271,242.606811523,327.79598999,463.836883545,869.630004883,1370.56799316,927.66973877,831.036743164,629.865844727,1272.1282959,938.809570312,440.402130127,888.280639648,744.436523438,1615.05895996,798.613952637,1133.19641113,797.538635254,202.86769104,375.942016602,543.271972656,614.653503418,657.847717285,476.871673584,176.263061523,42.5825805664,52.3997497559,37.77684021,29.5646209717,7.29030847549,1.0248811245,0.345169186592,0.081674978137,0.0213996823877,0.0023372573778],"mean":[0.0223101433367,0.25561991334,0.913658261299,2.08519673347,4.20786142349,6.68965959549,8.35155773163,10.8699932098,12.3086948395,13.0582075119,14.6128797531,11.813908577,11.6001338959,8.50805473328,8.38239097595,13.8399486542,10.0192728043,13.670331955,18.8686180115,22.4770145416,15.9268655777,18.5098400116,12.2595834732,8.36704730988,7.58104133606,4.47777175903,4.69219779968,3.94090366364,2.7549841404,1.09326553345,0.633596658707,0.392403751612,0.249681055546,0.136576592922,0.0461520962417,0.0131974015385,0.00304188998416,0.000581952568609,0.0000968127278611,0.0000178518184839],"median":[0.0000978613534244,0.00127224833705,0.032138530165,0.518371164799,1.42777657509,2.36983585358,3.29764556885,3.50070977211,2.7824754715,2.21896290779,1.38629615307,1.6468911171,1.30359518528,1.89110004902,1.84109246731,1.90945792198,1.35565507412,0.762048363686,0.397603213787,0.378658920527,0.330608606339,0.368109107018,0.24281796813,0.124224111438,0.0948783457279,0.0573026537895,0.0201409012079,0.0124758528545,0.0083850780502,0.00493546109647,0.00229753414169,0.000743157579564,0.000378353928681,0.000367534230463,0.000103673432022,0.0000327177622239,0.0000118702755572,0.00000364759284821,0.0000031409301755,0.00000495116410093],"min":[1.04469732864e-9,1.91571269959e-9,1.68565472691e-9,5.7298237266e-9,4.96246999049e-9,1.03773105664e-8,5.18433740382e-9,1.89713755816e-9,4.85883466794e-9,2.6049402635e-9,1.0212963808e-9,1.67365044046e-9,1.64516122947e-9,1.24552834713e-9,1.87632664961e-9,1.72113512331e-9,1.36642508419e-9,2.68467048592e-9,3.20492632433e-9,3.48155837493e-9,4.54795490157e-9,5.31627586398e-9,4.62021043646e-9,1.10797087061e-8,5.48099388098e-9,1.35730795492e-8,1.19965974932e-8,1.06770849939e-8,1.23621459736e-8,1.15290621494e-8,1.49173651209e-8,7.01737379316e-9,5.30977040114e-9,4.26409751952e-9,4.9779034228e-9,4.57921123242e-9,2.27577223733e-9,1.08932618481e-9,2.81369982869e-10,8.00956870273e-11],"var":[0.00575277488679,0.517148554325,4.82109689713,15.84263134,72.1332092285,175.416778564,192.593154907,444.139587402,718.559631348,1512.63256836,4149.35791016,1578.0300293,1311.83605957,881.696655273,672.741821289,1293.09313965,574.862182617,1283.17321777,2615.95751953,4640.03125,2029.2253418,3491.69384766,1550.29711914,434.343811035,487.649291992,203.537185669,392.51473999,400.714874268,189.00970459,27.7826538086,5.18380689621,2.89520430565,1.48143136501,0.653990924358,0.0461485274136,0.00264730909839,0.000129681880935,0.00000659628949506,3.21048986507e-7,1.87127979778e-9]},"erbbands_crest":{"dmean":2.04901170731,"dmean2":3.24407601357,"dvar":4.72282123566,"dvar2":11.8817367554,"max":32.0993881226,"mean":10.8189029694,"median":9.61566638947,"min":2.32956910133,"var":24.115146637},"erbbands_flatness_db":{"dmean":0.0130768017843,"dmean2":0.0193046312779,"dvar":0.000244983035373,"dvar2":0.000513324455824,"max":0.576062083244,"mean":0.259678333998,"median":0.275540143251,"min":0.0248917546123,"var":0.00435070507228},"erbbands_kurtosis":{"dmean":1.3216714859,"dmean2":2.06792545319,"dvar":9.10102748871,"dvar2":23.2445259094,"max":84.9192199707,"mean":2.10185360909,"median":0.223900556564,"min":-1.89031291008,"var":37.019203186},"erbbands_skewness":{"dmean":0.303021967411,"dmean2":0.44605717063,"dvar":0.12122066319,"dvar2":0.245379239321,"max":8.45986747742,"mean":0.519600272179,"median":0.4789070189,"min":-5.04888725281,"var":1.43150436878},"erbbands_spread":{"dmean":3.61403274536,"dmean2":5.45981025696,"dvar":33.3892631531,"dvar2":68.8854446411,"max":156.925323486,"mean":21.9227924347,"median":19.1763572693,"min":0.268500685692,"var":200.824050903},"gfcc":{"cov":[[27772.4101562,-3101.12426758,-5831.74951172,3507.21606445,-257.070739746,667.481018066,-866.776489258,486.910766602,467.112579346,791.727661133,-226.872177124,-54.877166748,-235.991241455],[-3101.12426758,2716.47412109,-62.9157218933,-1298.85546875,681.218933105,-484.622802734,333.868560791,-371.750976562,-17.9789466858,-337.828704834,97.9429321289,-66.31275177,21.8288784027],[-5831.74951172,-62.9157218933,2683.76953125,-189.144210815,-183.819030762,360.872955322,240.79246521,196.005950928,-13.6621875763,43.7199554443,58.4125289917,116.2081604,98.0424575806],[3507.21606445,-1298.85546875,-189.144210815,1372.67785645,-21.3125095367,352.550292969,-28.4204711914,216.622848511,150.936340332,281.236694336,15.2549247742,58.735244751,7.98578357697],[-257.070739746,681.218933105,-183.819030762,-21.3125095367,780.659912109,75.5842132568,219.909378052,-37.7485275269,62.5596389771,47.0839653015,84.0914611816,15.4312725067,10.366601944],[667.481018066,-484.622802734,360.872955322,352.550292969,75.5842132568,549.58416748,72.7808532715,148.710174561,107.187675476,176.790435791,52.3060531616,52.6399307251,-9.65293502808],[-866.776489258,333.868560791,240.79246521,-28.4204711914,219.909378052,72.7808532715,335.605285645,13.0264472961,27.8589630127,37.1873703003,43.8776741028,16.9983348846,25.6352462769],[486.910766602,-371.750976562,196.005950928,216.622848511,-37.7485275269,148.710174561,13.0264472961,220.012573242,70.5568084717,72.2659988403,-9.20546722412,15.9826984406,-2.03040313721],[467.112579346,-17.9789466858,-13.6621875763,150.936340332,62.5596389771,107.187675476,27.8589630127,70.5568084717,207.285049438,55.9585342407,13.2246427536,17.6483955383,-4.5196056366],[791.727661133,-337.828704834,43.7199554443,281.236694336,47.0839653015,176.790435791,37.1873703003,72.2659988403,55.9585342407,199.107055664,33.0028877258,17.5749549866,12.5555334091],[-226.872177124,97.9429321289,58.4125289917,15.2549247742,84.0914611816,52.3060531616,43.8776741028,-9.20546722412,13.2246427536,33.0028877258,112.476638794,37.4847335815,-6.50724744797],[-54.877166748,-66.31275177,116.2081604,58.735244751,15.4312725067,52.6399307251,16.9983348846,15.9826984406,17.6483955383,17.5749549866,37.4847335815,87.3212509155,19.7055625916],[-235.991241455,21.8288784027,98.0424575806,7.98578357697,10.366601944,-9.65293502808,25.6352462769,-2.03040313721,-4.5196056366,12.5555334091,-6.50724744797,19.7055625916,80.5171661377]],"icov":[[0.000306617439492,-0.000656172982417,0.000761890085414,-0.000807329837698,0.000614307355136,-0.000646057771519,0.000553275051061,-0.000916989403777,0.000554893631488,-0.000965780112892,0.000974666734692,-0.000848656403832,0.000341315229889],[-0.000656172982417,0.00346107734367,-0.00172740768176,0.0029876017943,-0.00261771422811,0.00217235391028,-0.00229003466666,0.00338210444897,-0.0027623840142,0.00372166186571,-0.0036411404144,0.00318499887362,-0.001451750868],[0.000761890085414,-0.00172740768176,0.00248085567728,-0.00183630047832,0.00187821919098,-0.00207439484075,0.00100930815097,-0.00283445860259,0.00167095509823,-0.0023112737108,0.00228865165263,-0.00256927334704,0.000247292569838],[-0.000807329837698,0.0029876017943,-0.00183630047832,0.00416130013764,-0.00228456407785,0.00185335543938,-0.00201439694501,0.00261103757657,-0.00260462937877,0.00227904366329,-0.00324341095984,0.00240107113495,-0.00148076168261],[0.000614307355136,-0.00261771422811,0.00187821919098,-0.00228456407785,0.00392209598795,-0.00209016329609,0.000624383043032,-0.00245718378574,0.00173710449599,-0.00301600736566,0.00198466866277,-0.00243671122007,0.000757994013838],[-0.000646057771519,0.00217235391028,-0.00207439484075,0.00185335543938,-0.00209016329609,0.00509141711518,-0.00161366071552,0.00171623658389,-0.00233954237774,0.000706405553501,-0.00280519854277,0.00148800166789,0.000463768956251],[0.000553275051061,-0.00229003466666,0.00100930815097,-0.00201439694501,0.000624383043032,-0.00161366071552,0.00584810227156,-0.00248078466393,0.00163631828036,-0.0030049434863,0.00196077139117,-0.00180901237763,0.00017655386182],[-0.000916989403777,0.00338210444897,-0.00283445860259,0.00261103757657,-0.00245718378574,0.00171623658389,-0.00248078466393,0.010747725144,-0.00421965867281,0.00326556549408,-0.00237359665334,0.00326563091949,-0.000566271715797],[0.000554893631488,-0.0027623840142,0.00167095509823,-0.00260462937877,0.00173710449599,-0.00233954237774,0.00163631828036,-0.00421965867281,0.00825809966773,-0.00331079633906,0.00299967150204,-0.00329143111594,0.00149521115236],[-0.000965780112892,0.00372166186571,-0.0023112737108,0.00227904366329,-0.00301600736566,0.000706405553501,-0.0030049434863,0.00326556549408,-0.00331079633906,0.0137204648927,-0.00662992801517,0.00550097832456,-0.00394671782851],[0.000974666734692,-0.0036411404144,0.00228865165263,-0.00324341095984,0.00198466866277,-0.00280519854277,0.00196077139117,-0.00237359665334,0.00299967150204,-0.00662992801517,0.0171481817961,-0.00938219111413,0.0049870419316],[-0.000848656403832,0.00318499887362,-0.00256927334704,0.00240107113495,-0.00243671122007,0.00148800166789,-0.00180901237763,0.00326563091949,-0.00329143111594,0.00550097832456,-0.00938219111413,0.0193336121738,-0.00584252551198],[0.000341315229889,-0.001451750868,0.000247292569838,-0.00148076168261,0.000757994013838,0.000463768956251,0.00017655386182,-0.000566271715797,0.00149521115236,-0.00394671782851,0.0049870419316,-0.00584252551198,0.0160792246461]],"mean":[-190.111938477,158.385192871,-115.889320374,-4.03573322296,-52.3687133789,-15.7200222015,-38.3170585632,-16.2774333954,-27.468170166,-13.6913614273,-11.5177078247,-5.69825935364,-8.83524513245]},"hfc":{"dmean":1.59771358967,"dmean2":2.34540843964,"dvar":18.4410247803,"dvar2":39.3662719727,"max":166.859069824,"mean":8.97769260406,"median":1.64282667637,"min":1.15661201505e-7,"var":266.411224365},"melbands":{"dmean":[0.000112246489152,0.000172722910065,0.000186022880371,0.000200790571398,0.000113890782814,0.000100967052276,0.0000801572168712,0.0000569897420064,0.0000395453789679,0.0000271748285741,0.0000204976931855,0.0000125032456708,0.0000113280602818,0.000012288896869,0.0000119192154671,0.00000995655682345,0.0000119466003525,0.00001257392978,0.00001774073462,0.00000898214420886,0.00000761340834288,0.00000909826758289,0.00000525187033418,0.00000302489752357,0.00000284661041405,0.00000226199585995,0.00000183373163054,0.00000119151297895,0.0000013961384866,0.00000133928824653,0.00000113493524623,8.35256571463e-7,4.58698082184e-7,2.00684169727e-7,1.60229902235e-7,1.21539116549e-7,9.80093446401e-8,7.97228594251e-8,7.63325829212e-8,5.72637368634e-8],"dmean2":[0.000187442579772,0.000295444304356,0.000316057412419,0.000336169847287,0.000176383342477,0.000153560846229,0.00012460401922,0.0000816291212686,0.000055033400713,0.0000389189917769,0.0000288462488243,0.0000173473727045,0.0000159678402269,0.0000178027166839,0.0000172831169039,0.0000153615110321,0.000018540846213,0.0000201014772756,0.0000280418062175,0.000014143338376,0.0000124013713503,0.0000148380249811,0.00000822829588287,0.00000478626179756,0.00000470693885291,0.00000366590961676,0.00000293539346785,0.00000187507509963,0.00000219311618821,0.00000205299397749,0.00000170991802406,0.0000012509217413,6.81496317156e-7,2.95651091164e-7,2.44187901899e-7,1.81661249599e-7,1.41601447012e-7,1.20032666473e-7,1.12152910958e-7,8.11714571114e-8],"dvar":[3.37705245101e-7,6.59309876028e-7,2.47431160005e-7,5.24911627053e-7,7.53900764039e-8,7.38587289106e-8,4.6674312415e-8,4.44883347939e-8,3.94121144609e-8,1.06061426308e-8,5.50863710203e-9,2.00402761052e-9,2.4236603835e-9,1.51149925909e-9,2.19234497223e-9,1.08295561407e-9,1.93243465674e-9,1.90936733091e-9,3.30127458703e-9,1.74853587165e-9,6.50899723009e-10,1.05578457088e-9,4.37958724842e-10,1.29462510157e-10,8.00408628265e-11,6.64466884293e-11,4.83834916576e-11,3.91591342686e-11,5.82839332353e-11,7.51711679015e-11,6.12619260876e-11,2.82368520926e-11,1.0008243366e-11,1.71639070144e-12,5.73822077094e-13,4.64025410978e-13,4.11063300369e-13,3.2045424799e-13,3.91687008348e-13,2.18913158e-13],"dvar2":[9.1306202421e-7,0.00000187892612757,7.24146104858e-7,0.00000146931290601,1.85741285463e-7,1.82911719548e-7,1.12937961205e-7,9.34033437261e-8,6.96235886721e-8,2.18760813908e-8,1.04293063075e-8,3.60500629348e-9,3.95915344953e-9,2.89060908543e-9,3.97651556128e-9,2.58093169059e-9,4.25438395624e-9,5.05580954879e-9,8.11106293241e-9,3.37764505254e-9,1.71842318153e-9,2.78114087315e-9,1.04639630294e-9,3.15310749732e-10,2.16372919581e-10,1.75033362804e-10,1.17194268179e-10,9.57599069484e-11,1.36138100792e-10,1.7892830273e-10,1.39598083093e-10,5.87607670854e-11,1.9616619093e-11,3.36215669021e-12,1.23184817381e-12,9.30238308258e-13,8.25339633876e-13,6.33689335814e-13,7.98389024163e-13,4.33178314182e-13],"max":[0.014800189063,0.0211540255696,0.010765123181,0.0218238793314,0.00764936720952,0.00776168890297,0.00648229522631,0.00882362108678,0.0105235213414,0.0066825686954,0.00416226265952,0.00232244888321,0.00351702584885,0.00198208913207,0.00306110479869,0.00153858482372,0.00200613192283,0.00105182977859,0.00174835044891,0.00328718149103,0.000772034807596,0.00166492676362,0.000896884303074,0.000547844741959,0.00020564373699,0.00026809037081,0.000374043302145,0.000325737753883,0.000472893880215,0.000287920003757,0.00039017511881,0.000268676289124,0.000191933853785,0.0000722016702639,0.0000304016612063,0.0000345713633578,0.0000366348831449,0.0000296084272122,0.0000289747767965,0.0000261719524133],"mean":[0.000241959583946,0.00043809087947,0.000433844455983,0.000404613208957,0.000282478635199,0.000262202636804,0.0001871555869,0.000141644733958,0.000120845565107,0.0000722750555724,0.0000567768656765,0.0000324399261444,0.0000277990347968,0.0000317621343129,0.0000306341717078,0.0000206636541407,0.0000271350800176,0.0000261527984549,0.0000400254575652,0.0000219579396799,0.0000179069156729,0.000020780324121,0.0000138864406836,0.00000725421659808,0.00000692926505508,0.00000576026832277,0.00000444010038336,0.00000248944866144,0.00000286737599708,0.00000261258992396,0.00000222017592932,0.00000171000226601,9.75457851382e-7,4.55949020761e-7,3.66116552186e-7,2.95006344686e-7,2.22058758936e-7,1.82107299906e-7,1.43674128594e-7,1.06339136607e-7],"median":[8.96805772754e-7,0.00000744838825995,0.000120569238788,0.000150698324433,0.000122162644402,0.0000863233726704,0.0000431192929682,0.0000185675471585,0.00000988310785033,0.00000959552289714,0.00000568956284042,0.00000687744704919,0.00000547970830667,0.00000528686587131,0.00000419220668846,0.00000213532098314,0.0000012361856534,5.8266743963e-7,5.38718211374e-7,3.76680247882e-7,3.40315381209e-7,3.81267966532e-7,2.43410852363e-7,1.60963836038e-7,7.60036087399e-8,6.29724539181e-8,5.54887336079e-8,2.70489799448e-8,1.1226649832e-8,6.7484569044e-9,5.95923932423e-9,4.38831726512e-9,2.77266098969e-9,2.29968710741e-9,1.34470035107e-9,5.88777471222e-10,2.59964133553e-10,2.11104314585e-10,2.21323626093e-10,2.64392036042e-10],"min":[1.02498010079e-11,1.67394537901e-12,1.03427910767e-12,6.05475034259e-13,3.0121293914e-13,2.77512862408e-14,7.94985550914e-14,2.8476766572e-14,8.37911757665e-15,8.95212181294e-15,7.77170347391e-15,5.20671830304e-15,4.65768933432e-15,6.4587287138e-15,2.56104794998e-15,4.71274732292e-15,4.62303848699e-15,3.45961374647e-15,6.52062734049e-15,2.13316798612e-15,5.87819901329e-15,4.95020496287e-15,3.86967467821e-15,6.85528794036e-15,8.28516807027e-15,3.73911683137e-15,4.88855451684e-15,9.57494598609e-15,7.87594358357e-15,6.6888836592e-15,5.88251252857e-15,6.565386679e-15,8.51400164427e-15,5.51321929258e-15,8.856409631e-15,7.21086771294e-15,3.34633537175e-15,3.41445100851e-15,4.03340106472e-15,3.19358145004e-15],"var":[5.19561069723e-7,0.00000109988127406,6.45335035188e-7,6.60617160975e-7,2.03088958983e-7,2.37870352748e-7,1.55758826281e-7,2.23399879928e-7,3.16830067959e-7,6.18757098891e-8,3.27722595728e-8,1.26763204378e-8,9.41402777954e-9,6.34170493896e-9,9.03874930458e-9,2.88159140993e-9,6.01575678161e-9,5.23585663714e-9,1.39098474961e-8,8.06083999549e-9,2.60798604934e-9,4.71286210058e-9,2.18098006322e-9,5.30633814666e-10,3.18852388936e-10,2.8462915358e-10,1.67632976944e-10,7.97089685922e-11,1.46460302219e-10,1.7411497244e-10,1.30790295261e-10,7.08708577934e-11,2.80284649656e-11,4.52846354165e-12,1.71398962731e-12,1.46810840394e-12,1.0491051387e-12,7.58800194987e-13,7.179687617e-13,4.25201784589e-13]},"melbands_crest":{"dmean":2.29437351227,"dmean2":3.74224758148,"dvar":5.47273015976,"dvar2":14.8575544357,"max":33.8645057678,"mean":14.2968053818,"median":13.4834480286,"min":4.29377841949,"var":26.1362400055},"melbands_flatness_db":{"dmean":0.0184365380555,"dmean2":0.0275487974286,"dvar":0.000503195915371,"dvar2":0.000981471501291,"max":0.747721910477,"mean":0.331888109446,"median":0.337958663702,"min":0.0503511577845,"var":0.0151985092089},"melbands_kurtosis":{"dmean":3.85035943985,"dmean2":6.00404644012,"dvar":70.2939834595,"dvar2":155.273101807,"max":1009.70385742,"mean":13.1296167374,"median":5.76039028168,"min":-1.91166341305,"var":2067.62719727},"melbands_skewness":{"dmean":0.433158665895,"dmean2":0.664597928524,"dvar":0.246691077948,"dvar2":0.569077372551,"max":22.7666625977,"mean":2.19365215302,"median":2.05901646614,"min":-6.52591657639,"var":2.26380443573},"melbands_spread":{"dmean":3.23554158211,"dmean2":4.78397369385,"dvar":50.5676231384,"dvar2":87.7883834839,"max":164.185638428,"mean":14.9898481369,"median":8.33719062805,"min":0.185692846775,"var":365.410369873},"mfcc":{"cov":[[19792.046875,-1220.83703613,-3695.49438477,1552.16638184,455.757141113,486.728851318,-351.880706787,81.2367630005,333.03237915,626.094909668,413.236816406,106.418258667,203.463912964],[-1220.83703613,2437.45410156,-392.008575439,-694.795715332,24.532699585,-152.935058594,25.8995838165,6.47939968109,-239.246200562,-227.292190552,-59.1441879272,-106.175521851,-14.8482627869],[-3695.49438477,-392.008575439,1614.53955078,-6.77167844772,-94.3300323486,117.166145325,154.282302856,46.6108779907,76.2540283203,-22.2336463928,-20.3564300537,76.0747756958,-6.29728317261],[1552.16638184,-694.795715332,-6.77167844772,660.925415039,167.13609314,151.017456055,72.4587936401,26.068069458,165.486297607,145.634017944,72.4155807495,102.812301636,69.6229476929],[455.757141113,24.532699585,-94.3300323486,167.13609314,354.154449463,148.802566528,49.8117485046,66.8115386963,76.8593597412,75.5992736816,56.4881401062,68.9583358765,52.1353225708],[486.728851318,-152.935058594,117.166145325,151.017456055,148.802566528,340.492645264,148.280853271,63.4730453491,119.832954407,105.931129456,103.762252808,80.8705444336,56.7457008362],[-351.880706787,25.8995838165,154.282302856,72.4587936401,49.8117485046,148.280853271,285.526702881,58.7890472412,63.3144683838,48.028263092,43.2129745483,54.8819236755,19.3803138733],[81.2367630005,6.47939968109,46.6108779907,26.068069458,66.8115386963,63.4730453491,58.7890472412,179.188598633,62.5205688477,46.8347892761,62.7485771179,30.2879943848,41.5077514648],[333.03237915,-239.246200562,76.2540283203,165.486297607,76.8593597412,119.832954407,63.3144683838,62.5205688477,196.384857178,112.816894531,44.7024612427,58.0755729675,28.2427005768],[626.094909668,-227.292190552,-22.2336463928,145.634017944,75.5992736816,105.931129456,48.028263092,46.8347892761,112.816894531,192.55645752,90.2526855469,38.0795516968,36.0734519958],[413.236816406,-59.1441879272,-20.3564300537,72.4155807495,56.4881401062,103.762252808,43.2129745483,62.7485771179,44.7024612427,90.2526855469,148.69354248,48.4796066284,37.2075767517],[106.418258667,-106.175521851,76.0747756958,102.812301636,68.9583358765,80.8705444336,54.8819236755,30.2879943848,58.0755729675,38.0795516968,48.4796066284,119.145980835,52.57629776],[203.463912964,-14.8482627869,-6.29728317261,69.6229476929,52.1353225708,56.7457008362,19.3803138733,41.5077514648,28.2427005768,36.0734519958,37.2075767517,52.57629776,96.4741897583]],"icov":[[0.000167801015778,0.00000100099407518,0.000400864082621,-0.000366779277101,0.000239969464019,-0.00039996043779,0.000305902678519,-0.000188652629731,0.000108176376671,-0.000215298568946,0.0000437777853222,-0.000121358738397,0.00016050224076],[0.00000100099407518,0.000770319951698,0.000173958964297,0.000825770315714,-0.000529275101144,0.000254705286352,-0.0005341336946,0.0000888828217285,0.0000479392219859,0.000633872754406,-0.000306829781039,0.000384813029086,-0.00060529721668],[0.000400864082621,0.000173958964297,0.00173749646638,-0.000651432550512,0.000863425666466,-0.00122603750788,0.000402611214668,-0.000686014478561,0.0000851523291203,-0.000198053094209,0.000434609770309,-0.000835785933305,0.00057070836192],[-0.000366779277101,0.000825770315714,-0.000651432550512,0.00396251212806,-0.00165994791314,0.00123307609465,-0.00136618851684,0.00130209000781,-0.00145939097274,0.00049479235895,-0.000487783487188,-0.0000295826321235,-0.00166907918174],[0.000239969464019,-0.000529275101144,0.000863425666466,-0.00165994791314,0.00489813135937,-0.00235033454373,0.00121137464885,-0.00158132403158,0.000516884669196,-0.00120353233069,0.00114434002899,-0.0018426849274,0.000700815755408],[-0.00039996043779,0.000254705286352,-0.00122603750788,0.00123307609465,-0.00235033454373,0.00714854290709,-0.00298245390877,0.00161586294416,-0.00231275265105,0.00087828427786,-0.00304581224918,0.000742339761928,-0.00199910230003],[0.000305902678519,-0.0005341336946,0.000402611214668,-0.00136618851684,0.00121137464885,-0.00298245390877,0.00591276027262,-0.00170527526643,0.000580409425311,-0.00122286356054,0.00100522697903,-0.00192439404782,0.00187879649457],[-0.000188652629731,0.0000888828217285,-0.000686014478561,0.00130209000781,-0.00158132403158,0.00161586294416,-0.00170527526643,0.00862761773169,-0.00306848133914,0.00143407960422,-0.00358429783955,0.00194971926976,-0.00335636176169],[0.000108176376671,0.0000479392219859,0.0000851523291203,-0.00145939097274,0.000516884669196,-0.00231275265105,0.000580409425311,-0.00306848133914,0.0110948905349,-0.00540437689051,0.00337565550581,-0.0031359649729,0.00230253860354],[-0.000215298568946,0.000633872754406,-0.000198053094209,0.00049479235895,-0.00120353233069,0.00087828427786,-0.00122286356054,0.00143407960422,-0.00540437689051,0.011935563758,-0.00583339203149,0.00296523235738,-0.00230294046924],[0.0000437777853222,-0.000306829781039,0.000434609770309,-0.000487783487188,0.00114434002899,-0.00304581224918,0.00100522697903,-0.00358429783955,0.00337565550581,-0.00583339203149,0.0132494904101,-0.00391693180427,0.000971811648924],[-0.000121358738397,0.000384813029086,-0.000835785933305,-0.0000295826321235,-0.0018426849274,0.000742339761928,-0.00192439404782,0.00194971926976,-0.0031359649729,0.00296523235738,-0.00391693180427,0.0155067108572,-0.00674201361835],[0.00016050224076,-0.00060529721668,0.00057070836192,-0.00166907918174,0.000700815755408,-0.00199910230003,0.00187879649457,-0.00335636176169,0.00230253860354,-0.00230294046924,0.000971811648924,-0.00674201361835,0.0165258627385]],"mean":[-809.21295166,169.744735718,0.58210927248,7.03848218918,-2.26739692688,-5.20738077164,-8.87837219238,-7.76328372955,-15.2887029648,-14.4214706421,-9.38790798187,-6.80637359619,-4.6768989563]},"pitch_salience":{"dmean":0.0519310384989,"dmean2":0.0835182592273,"dvar":0.0026860809885,"dvar2":0.0070391879417,"max":0.891925215721,"mean":0.556376159191,"median":0.566586256027,"min":0.0248205270618,"var":0.0147337531671},"silence_rate_20dB":{"dmean":0,"dmean2":0,"dvar":0,"dvar2":0,"max":1,"mean":1,"median":1,"min":1,"var":0},"silence_rate_30dB":{"dmean":0,"dmean2":0,"dvar":0,"dvar2":0,"max":1,"mean":1,"median":1,"min":1,"var":0},"silence_rate_60dB":{"dmean":0.0404657945037,"dmean2":0.080937474966,"dvar":0.0388342700899,"dvar2":0.0877860486507,"max":1,"mean":0.454552084208,"median":0,"min":0,"var":0.24791136384},"spectral_centroid":{"dmean":100.965446472,"dmean2":145.913452148,"dvar":42480.2460938,"dvar2":65385.1132812,"max":4654.49316406,"mean":785.739196777,"median":513.127075195,"min":72.3279266357,"var":478098.6875},"spectral_complexity":{"dmean":1.34701597691,"dmean2":2.17308402061,"dvar":3.39607572556,"dvar2":7.75313854218,"max":56,"mean":10.8258495331,"median":7,"min":0,"var":128.947067261},"spectral_contrast_coeffs":{"dmean":[0.038491204381,0.0347489193082,0.0258760023862,0.0230602473021,0.0182830896229,0.0154378050938],"dmean2":[0.0639820694923,0.0560393668711,0.0411754101515,0.0371970459819,0.0289471205324,0.0240510851145],"dvar":[0.00111945159733,0.000980001059361,0.000562999921385,0.00043737469241,0.000319112034049,0.000293840595987],"dvar2":[0.00307077891193,0.00248928973451,0.00135967181996,0.0010759200668,0.000714699155651,0.000588062219322],"max":[-0.250065743923,-0.392970263958,-0.459528803825,-0.549832582474,-0.56431299448,-0.567838966846],"mean":[-0.554580807686,-0.697809398174,-0.756540477276,-0.765480875969,-0.78086233139,-0.788872301579],"median":[-0.560998976231,-0.704079568386,-0.767268419266,-0.763826131821,-0.771075189114,-0.784636080265],"min":[-0.916997015476,-0.938169836998,-0.961863040924,-0.953823506832,-0.946092009544,-0.926373362541],"var":[0.0132766002789,0.00544739654288,0.0048307091929,0.0041804430075,0.00471891555935,0.00470557482913]},"spectral_contrast_valleys":{"dmean":[0.354931473732,0.278299510479,0.239515647292,0.230985030532,0.216816559434,0.201703801751],"dmean2":[0.595046579838,0.447044104338,0.38541045785,0.365253537893,0.319510728121,0.292691111565],"dvar":[0.0932977348566,0.0669225379825,0.0548122487962,0.0605150349438,0.0858679264784,0.0721066370606],"dvar2":[0.254511356354,0.15522095561,0.125720128417,0.126778542995,0.157284975052,0.125850230455],"max":[-5.21441650391,-4.5643658638,-5.47648429871,-5.9132976532,-5.57267475128,-7.81334638596],"mean":[-9.26605224609,-7.78489494324,-8.69887733459,-9.496717453,-10.0747070312,-13.0376758575],"median":[-9.80551242828,-7.69069671631,-8.51704025269,-9.33794975281,-10.1630306244,-13.5822811127],"min":[-16.638792038,-17.60505867,-17.869228363,-18.1650676727,-17.2277832031,-18.8033218384],"var":[3.05168223381,1.97878396511,2.29242062569,3.75363540649,4.38960313797,3.71661376953]},"spectral_decrease":{"dmean":5.680075299e-10,"dmean2":9.02304009287e-10,"dvar":2.16853710746e-18,"dvar2":5.87623151457e-18,"max":-1.81559907514e-17,"mean":-2.70717470663e-9,"median":-9.75244662804e-10,"min":-3.10895913458e-8,"var":1.54857458549e-17},"spectral_energy":{"dmean":0.00224168412387,"dmean2":0.00354120018892,"dvar":0.0000326033878082,"dvar2":0.0000879547878867,"max":0.123033389449,"mean":0.0110317515209,"median":0.00388145842589,"min":7.90156898245e-11,"var":0.000261240580585},"spectral_energyband_high":{"dmean":0.0000936665746849,"dmean2":0.000130653817905,"dvar":3.23813594605e-7,"dvar2":6.01674571499e-7,"max":0.0234960131347,"mean":0.000267744413577,"median":0.0000017276501012,"min":6.77919482703e-12,"var":0.00000120392769531},"spectral_energyband_low":{"dmean":0.000796896638349,"dmean2":0.00135073426645,"dvar":0.0000116673536468,"dvar2":0.0000330566435878,"max":0.0821329057217,"mean":0.00226211780682,"median":0.000174864646397,"min":4.24391563558e-11,"var":0.0000244973198278},"spectral_energyband_middle_high":{"dmean":0.000560344662517,"dmean2":0.000846840557642,"dvar":0.0000017486621573,"dvar2":0.00000400896624342,"max":0.0429916493595,"mean":0.00275900796987,"median":0.000301396503346,"min":8.55086834672e-13,"var":0.0000265523813141},"spectral_energyband_middle_low":{"dmean":0.00170118093956,"dmean2":0.0026674978435,"dvar":0.0000180815077329,"dvar2":0.0000472094870929,"max":0.104759410024,"mean":0.00625410303473,"median":0.0028965503443,"min":6.49902570996e-12,"var":0.0000766504163039},"spectral_entropy":{"dmean":0.133652806282,"dmean2":0.200029566884,"dvar":0.0311486218125,"dvar2":0.0614806264639,"max":8.63982391357,"mean":6.48930501938,"median":6.38354825974,"min":4.25923871994,"var":0.601814210415},"spectral_flux":{"dmean":0.00848839525133,"dmean2":0.0132386600599,"dvar":0.000184722579434,"dvar2":0.00039466744056,"max":0.267022460699,"mean":0.0322721526027,"median":0.0190404132009,"min":0.00000316442424264,"var":0.00124273332767},"spectral_kurtosis":{"dmean":8.83163166046,"dmean2":15.0035219193,"dvar":125.154975891,"dvar2":344.684844971,"max":275.692077637,"mean":27.5359401703,"median":16.9829711914,"min":-0.334980010986,"var":870.17565918},"spectral_rms":{"dmean":0.000269730313448,"dmean2":0.000409361178754,"dvar":1.77734150952e-7,"dvar2":4.28883566883e-7,"max":0.0109559381381,"mean":0.00255877408199,"median":0.00194596732035,"min":2.77648126712e-7,"var":0.00000421535514761},"spectral_rolloff":{"dmean":163.711730957,"dmean2":273.608032227,"dvar":182048.84375,"dvar2":359884.0625,"max":8634.81445312,"mean":987.697998047,"median":645.99609375,"min":64.599609375,"var":986269.9375},"spectral_skewness":{"dmean":0.588233530521,"dmean2":0.981610715389,"dvar":0.413630485535,"dvar2":1.11646687984,"max":14.1129875183,"mean":3.40137553215,"median":2.95194792747,"min":0.00639493996277,"var":4.24963378906},"spectral_spread":{"dmean":274101.78125,"dmean2":430273.15625,"dvar":135356891136,"dvar2":252214345728,"max":14766198,"mean":2382721.5,"median":2036375.5,"min":370347.8125,"var":1833115844610},"spectral_strongpeak":{"dmean":0.245480999351,"dmean2":0.416209161282,"dvar":0.394343912601,"dvar2":0.992515206337,"max":14.4145812988,"mean":0.622562944889,"median":0.290942817926,"min":0,"var":0.983110666275},"zerocrossingrate":{"dmean":0.00427917763591,"dmean2":0.00496224407107,"dvar":0.0000592891010456,"dvar2":0.0000473755826533,"max":0.42333984375,"mean":0.0354981645942,"median":0.02587890625,"min":0.00244140625,"var":0.000946241314523}},"metadata":{"audio_properties":{"analysis_sample_rate":44100,"bit_rate":0,"codec":"flac","downmix":"mix","equal_loudness":0,"length":319.040008545,"lossless":true,"md5_encoded":"42b360ba9bf4c42d36d71dc9b747ae08","replay_gain":-13.9087276459},"tags":{"album":["A Rush of Blood to the Head"],"albumartist":["Coldplay"],"albumartistsort":["Coldplay"],"albumsort":["A Rush of Blood to the Head (2002-08-26, Coldplay, bfae6df7-3ee2-4031-ac09-8dc63c6ce6ca)"],"artist":["Coldplay"],"artists":["Coldplay"],"artistsort":["Coldplay"],"asin":["B000069AUI"],"barcode":["724354050428"],"catalognumber":["540 5042","7243 5 40504 2 8"],"composer":["Guy Berryman","Will Champion","Chris Martin","Jon Buckland"],"composersort":["Berryman, Guy","Champion, Will","Martin, Chris","Buckland, Jon"],"date":["2002-08-26"],"discnumber":["1"],"disctotal":["1"],"engineer":["Andrea Wright","John Withnal","Ben Tackeray","Jon Bailey","Ken Nelson","Rik Simpson"],"file_name":"11 - Coldplay - Amsterdam.flac","genre":["Alternative Rock"],"isrc":["GBAYE0200779"],"label":["Parlophone"],"media":["CD"],"mixer":["Ken Nelson","Mark Phythian","Coldplay"],"musicbrainz_albumartistid":["cc197bad-dc9c-440d-a5b5-d52ba2e14234"],"musicbrainz_albumid":["bfae6df7-3ee2-4031-ac09-8dc63c6ce6ca"],"musicbrainz_artistid":["cc197bad-dc9c-440d-a5b5-d52ba2e14234"],"musicbrainz_recordingid":["331c8d46-0fa2-467f-8584-bd7b310be97e"],"musicbrainz_releasegroupid":["120c786d-a3b2-3c19-b4ff-2b7b3b4435bf"],"musicbrainz_releasetrackid":["81ceb368-7ecb-3460-9c0e-f29095b184a4"],"musicbrainz_workid":["aab2608d-0146-3f3b-aea6-72a30673b5f2"],"musicip_puid":["6495f864-7af4-4eac-d604-0b3d0f138b09"],"originaldate":["2002-08-12"],"performer":["Chris Tombling (strings)","Laura Melhewish (strings)","Leo Payne (strings)","Ann Lines (strings)","Richard George (strings)","Audrey Riley (strings)","Susan Dench (strings)","Peter Lale (strings)"],"producer":["Mark Phythian","Ken Nelson","Coldplay"],"releasecountry":["GB"],"releasestatus":["official"],"releasetype":["album