{"lowlevel":{"average_loudness":0.241428256035,"barkbands":{"dmean":[0.00134591967799,0.00577461067587,0.00446237390861,0.00102964392863,0.00130211771466,0.000718025141396,0.000776871747803,0.000294362136628,0.000306888454361,0.000249140168307,0.000232445279835,0.000188524150872,0.000168325990671,0.000315639394103,0.00030413834611,0.000175980661879,0.00020135253726,0.000214642786887,0.0000986768936855,0.0000214333376789,0.00000694277196089,0.00000529573753738,0.00000249815411735,0.00000195834081751,0.00000188727085515,0.00000263219976659,0.000353092065779],"dmean2":[0.00234968820587,0.00950238667428,0.00748589588329,0.00162272597663,0.00194992334582,0.00106769637205,0.00112626852933,0.000462975556729,0.00048650757526,0.000372501148377,0.000349231850123,0.000279589148704,0.000256357103353,0.000471479084808,0.000454018387245,0.000256456289208,0.000278088758932,0.000292300945148,0.000128195722937,0.0000312068477797,0.00000997153711069,0.00000798622113507,0.00000399362761527,0.00000326071540258,0.00000314492649522,0.00000417595947511,0.000417673378251],"dvar":[0.00000787469070929,0.00020038607181,0.00028229135205,0.00000689614807925,0.0000255586346611,0.0000139154381031,0.0000103779038909,0.00000438407050751,9.56848680289e-7,6.20776290816e-7,4.88072942062e-7,2.21683407631e-7,2.24543043714e-7,0.00000133827870741,0.00000201743273465,8.45722922804e-7,0.00000192769357454,0.00000225051053349,5.18793513038e-7,2.71692908171e-8,5.78756709224e-10,5.99725769046e-10,3.55290033505e-11,2.88497194884e-11,2.68261697578e-11,3.59739217581e-11,0.00000229989882428],"dvar2":[0.0000235138995777,0.000501884962432,0.000759914983064,0.0000166321133293,0.0000544931317563,0.0000279416926787,0.0000238947359321,0.0000117130111903,0.00000231182343668,0.00000137419146995,0.00000109989082375,4.67922404823e-7,4.79666198316e-7,0.00000304506534121,0.00000405123682867,0.00000176392336471,0.00000322007531395,0.00000381974632546,8.02023350843e-7,5.52869465764e-8,1.00770514155e-9,1.12580234024e-9,8.03257044213e-11,7.12489164889e-11,6.60309584788e-11,8.40246691669e-11,0.00000285836904368],"max":[0.0454057976604,0.342535287142,0.512454390526,0.0497915111482,0.144589558244,0.124995805323,0.0978804528713,0.0826534703374,0.0217139404267,0.018320504576,0.0168899204582,0.00953685119748,0.00770850805566,0.0332826822996,0.0463203452528,0.0360161438584,0.0515507496893,0.0633109286427,0.0276942122728,0.00590429175645,0.000913115800358,0.00117138866335,0.0000979061005637,0.0000992671848508,0.0000931056492846,0.000110488872451,0.074538089335],"mean":[0.00188733357936,0.00915641989559,0.00634951191023,0.00147238466889,0.00204691756517,0.00104663171805,0.00129598821513,0.000431287946412,0.000465492077637,0.000396556453779,0.00038386209053,0.000341175007634,0.000293032353511,0.000531856203452,0.000552800367586,0.000269188225502,0.000320474937325,0.000323871441651,0.00015769089805,0.0000312725169351,0.00000933787669055,0.00000666144114803,0.00000290247317025,0.0000019569356482,0.00000190656328414,0.00000314880185215,0.000701510580257],"median":[0.000698259100318,0.00275882612914,0.00134537136182,0.00039393719635,0.000403270794777,0.000151571264723,0.000265101465629,0.0000707327053533,0.000124023034004,0.0000481760616822,0.0000999173789751,0.0000889884468052,0.0000711347238394,0.0000823590235086,0.0000475395645481,0.0000243904123636,0.0000175382920133,0.0000134074243761,0.00000521212814419,0.00000285786472887,0.00000141221107697,0.00000105536878436,6.15378041857e-7,4.13443416392e-7,3.95465292513e-7,8.1365180904e-7,0.0000962571575656],"min":[8.97846082189e-25,1.79364763413e-24,1.91786371837e-25,3.28232243116e-24,1.79017372736e-23,2.327517377e-23,1.14502300534e-23,1.33675856714e-23,2.19045058591e-23,9.824942297e-24,1.81787978453e-23,2.73382681267e-23,4.35550868592e-23,3.39374019878e-23,8.24060762336e-23,1.1020437333e-22,6.34208511285e-23,1.15896806244e-22,1.85382956437e-22,2.45665371786e-22,2.72981719046e-22,4.21754650614e-22,5.0033996425e-22,7.20004733036e-22,1.08908616913e-21,1.44532787794e-21,2.09789866034e-21],"var":[0.0000100237921288,0.000315056327963,0.00031491855043,0.0000115684179036,0.0000394826165575,0.0000224473478738,0.0000152764132508,0.00000483628400616,0.00000157786507771,0.00000124423365833,8.67684207151e-7,5.19040213476e-7,5.30370584784e-7,0.00000288454043584,0.00000557400881007,0.00000202622732104,0.0000053120766097,0.00000609533799434,0.00000147475202539,5.5884825656e-8,1.33744648689e-9,1.04393815814e-9,5.22996229657e-11,3.06499166325e-11,2.86010312656e-11,5.18875636901e-11,0.00000906688001123]},"barkbands_crest":{"dmean":2.66534638405,"dmean2":4.3729968071,"dvar":5.47857427597,"dvar2":14.3183917999,"max":24.9951896667,"mean":11.4931077957,"median":10.951002121,"min":2.9369263649,"var":18.6065940857},"barkbands_flatness_db":{"dmean":0.0338633619249,"dmean2":0.0544360801578,"dvar":0.000911687850021,"dvar2":0.00235675484873,"max":0.459921777248,"mean":0.192474767566,"median":0.183984994888,"min":0.0640079081059,"var":0.00367496325634},"barkbands_kurtosis":{"dmean":9.06064510345,"dmean2":14.7867269516,"dvar":262.612579346,"dvar2":680.567932129,"max":360.358917236,"mean":22.1821498871,"median":10.8725042343,"min":-1.97276806831,"var":1840.70959473},"barkbands_skewness":{"dmean":0.810966730118,"dmean2":1.28964662552,"dvar":0.782683372498,"dvar2":1.88872623444,"max":11.0051164627,"mean":2.47793889046,"median":2.69707798958,"min":-15.2506570816,"var":8.30608844757},"barkbands_spread":{"dmean":6.42692947388,"dmean2":9.86983680725,"dvar":76.5302810669,"dvar2":164.005187988,"max":141.972946167,"mean":20.346162796,"median":14.3935556412,"min":0.491675913334,"var":345.307983398},"dissonance":{"dmean":0.0256330482662,"dmean2":0.0421196483076,"dvar":0.000791556027252,"dvar2":0.00212515005842,"max":0.499999940395,"mean":0.448811650276,"median":0.459096819162,"min":0,"var":0.00166256958619},"dynamic_complexity":7.57258367538,"erbbands":{"dmean":[0.140164703131,1.45219123363,4.98073673248,3.84950828552,3.27215218544,5.17404460907,4.76579141617,6.92481613159,7.97742176056,11.7514953613,7.0282459259,6.58882904053,6.91449069977,9.45444965363,8.43743896484,7.21848535538,7.59468984604,11.6931085587,20.3727588654,11.1643352509,10.2853651047,11.0874099731,11.4295759201,8.2999382019,3.02248191833,1.01840043068,0.376266211271,0.244919270277,0.208976686001,0.11336414516,0.0681071653962,0.0450204201043,0.0307368990034,0.0211078114808,0.0134561033919,0.00776245910674,0.00517105357721,0.00934499502182,0.0143452044576,0.00894315354526],"dmean2":[0.230310156941,2.40066170692,8.44037532806,6.03219461441,5.0035738945,7.9309296608,6.93024778366,10.6085805893,11.7091064453,17.085729599,11.2448778152,10.5701093674,10.8615217209,13.7690353394,12.604092598,10.6133031845,11.3007516861,17.1501922607,30.447353363,16.7297172546,15.0714950562,13.4916419983,15.3061857224,10.8841171265,3.74735069275,1.44863522053,0.519868910313,0.368384957314,0.315809726715,0.175097972155,0.110156908631,0.0744407400489,0.0513367950916,0.0351948924363,0.0223867353052,0.0128269288689,0.00809074752033,0.013346186839,0.0173651278019,0.0104068294168],"dvar":[0.0797824263573,15.0556344986,327.282165527,125.936546326,118.699935913,611.426330566,323.909606934,1607.75,2176.06323242,1846.26269531,2736.35424805,538.127929688,574.362915039,873.156433105,594.363708496,378.831817627,449.601013184,1324.96252441,8206.9140625,3034.51879883,3514.84472656,4780.90576172,5662.79638672,4006.17456055,556.792785645,66.5637283325,3.59059548378,0.691477656364,1.33637940884,0.120051726699,0.0275645181537,0.0145129906014,0.00724439043552,0.00337997148745,0.00135334650986,0.000438725051936,0.000142143704579,0.00273287645541,0.00760332774371,0.00162174296565],"dvar2":[0.197534710169,37.7270927429,867.91998291,306.420318604,255.507507324,1332.04296875,616.885620117,3680.27783203,5278.76318359,3708.04125977,7697.74707031,1409.66271973,1427.55639648,1943.96203613,1374.05102539,789.293457031,946.617675781,2915.22387695,17113.8066406,6607.43505859,7356.88916016,6476.17626953,9763.33691406,5994.45654297,584.378662109,130.859832764,5.66569471359,1.36262428761,2.52087163925,0.248997732997,0.063763268292,0.0357364490628,0.0178093705326,0.008310303092,0.00333189382218,0.00108117796481,0.000322471343679,0.00542478170246,0.0104950424284,0.00201727286913],"max":[5.45188856125,95.0511627197,539.151245117,310.929199219,246.701202393,828.969177246,516.255249023,1243.828125,1644.84814453,1326.64294434,1845.49316406,537.209350586,710.551452637,846.990600586,646.831665039,419.031219482,388.610565186,918.127441406,2670.09863281,1884.25354004,2733.80541992,2819.9675293,2959.57617188,2731.36865234,1227.95263672,304.89175415,90.9068832397,21.3424892426,58.8063545227,8.66393184662,2.75309371948,2.12072229385,1.56844997406,1.05233514309,0.668673992157,0.372895598412,0.221358373761,2.7417037487,4.22995758057,2.00804781914],"mean":[0.255013793707,2.12650799751,7.06104469299,6.39595890045,5.08332443237,7.07893276215,7.85943222046,9.47652339935,12.9675006866,20.1719779968,10.612909317,9.82003211975,10.736289978,16.1951999664,15.2959260941,13.5113630295,14.0300598145,20.9035549164,38.1304397583,18.0092105865,15.8711957932,18.0408420563,17.187795639,13.2050151825,5.09958648682,1.55749833584,0.533033847809,0.325839787722,0.261536896229,0.139405369759,0.0770635157824,0.04651235044,0.0304076559842,0.0211359057575,0.0137270987034,0.00813364144415,0.0062818415463,0.0121446950361,0.0251857563853,0.0188095066696],"median":[0.0761232748628,0.560067653656,1.56911921501,1.80920863152,1.19661831856,1.19992291927,1.29342031479,1.23535609245,2.08935141563,3.68221306801,1.88572800159,2.44978356361,2.55131530762,3.23568201065,4.7821187973,3.5623717308,3.70961737633,3.47111868858,4.70722723007,1.79258596897,1.35539543629,1.10510957241,0.853682756424,0.4264126122,0.217889979482,0.130396053195,0.0668381825089,0.0488006733358,0.0390756651759,0.0257631726563,0.0165482778102,0.0100217796862,0.00593142770231,0.00423429394141,0.00298139872029,0.00191862427164,0.00168164505158,0.00172667123843,0.0022215875797,0.00407914118841],"min":[1.03746455038e-22,1.90794832548e-22,8.96731537693e-22,9.72545730644e-21,8.45402496719e-21,3.89781366373e-20,8.17842454296e-20,1.1178648045e-19,1.99372809803e-19,2.98036741919e-19,2.92378412939e-19,3.99206023165e-19,5.30815757748e-19,1.05626693903e-18,8.99490880546e-19,9.85572051377e-19,2.23693998103e-18,2.15730254717e-18,4.03261839635e-18,3.63351367696e-18,6.74281735715e-18,4.55759973904e-18,6.11181131226e-18,6.9788293567e-18,9.97809278641e-18,9.35510253525e-18,1.26935637828e-17,9.43193437926e-18,1.34115714438e-17,1.2538288747e-17,1.10407262244e-17,1.30995316198e-17,1.13416288887e-17,1.1227976754e-17,7.33096676091e-18,4.71031134219e-18,2.36506632881e-18,1.1747810345e-18,2.89279535871e-19,3.06884298063e-20],"var":[0.19208791852,21.0498561859,359.424102783,240.595840454,196.263946533,784.049316406,658.222351074,2170.86889648,2687.34912109,3608.57250977,2711.3737793,772.753479004,802.122314453,1762.31774902,1086.55822754,858.840942383,1099.31921387,3286.3449707,23806.8359375,6928.08251953,8799.39550781,15254.1542969,15824.9111328,10560.0615234,1948.44909668,143.780212402,8.50417232513,1.38737177849,2.13590574265,0.207218050957,0.0378964692354,0.0159240793437,0.00768173905089,0.00359651772305,0.00144924316555,0.000479619164253,0.000218035449507,0.00422196602449,0.0243726987392,0.00621403381228]},"erbbands_crest":{"dmean":2.3213493824,"dmean2":3.6141898632,"dvar":4.83145523071,"dvar2":10.7648591995,"max":31.218006134,"mean":9.7432308197,"median":8.70146274567,"min":2.79667925835,"var":17.677986145},"erbbands_flatness_db":{"dmean":0.0285797119141,"dmean2":0.0441571101546,"dvar":0.000586494395975,"dvar2":0.00141190120485,"max":0.368857264519,"mean":0.171525761485,"median":0.167323261499,"min":0.0625451803207,"var":0.0025136328768},"erbbands_kurtosis":{"dmean":1.47098827362,"dmean2":2.32767605782,"dvar":11.1443843842,"dvar2":27.3560829163,"max":116.881011963,"mean":2.84662652016,"median":0.229299545288,"min":-1.9056302309,"var":108.269203186},"erbbands_skewness":{"dmean":0.393524438143,"dmean2":0.588436663151,"dvar":0.160558477044,"dvar2":0.319087505341,"max":4.3561091423,"mean":-0.151770099998,"median":-0.0278728753328,"min":-8.51729774475,"var":1.86331987381},"erbbands_spread":{"dmean":5.9048743248,"dmean2":9.16812705994,"dvar":41.9484977722,"dvar2":95.7744903564,"max":185.302429199,"mean":26.4233226776,"median":24.6571292877,"min":1.8370193243,"var":242.288665771},"gfcc":{"cov":[[29737.046875,6449.36376953,-2569.60009766,-198.229598999,2184.26269531,-1208.48840332,1632.71179199,-1331.5847168,1224.82397461,-911.47076416,226.093536377,-192.500640869,-512.494934082],[6449.36376953,3151.45947266,-265.128753662,-328.412841797,611.250305176,-403.541015625,527.372375488,-559.004821777,443.496795654,-312.511627197,77.0991439819,-91.0029449463,-82.3099060059],[-2569.60009766,-265.128753662,758.374145508,142.994033813,-421.366546631,270.103393555,-223.440353394,158.715362549,-163.628448486,129.492111206,-83.3794937134,-6.1007976532,72.7538757324],[-198.229598999,-328.412841797,142.994033813,293.226989746,11.3246421814,46.8642082214,-20.0973720551,39.7210121155,-51.8723487854,12.4120063782,-33.8599281311,16.7338733673,-15.0269012451],[2184.26269531,611.250305176,-421.366546631,11.3246421814,576.465942383,-185.121795654,265.331726074,-179.220016479,178.064834595,-144.758102417,65.4805908203,-3.15184497833,-60.0412902832],[-1208.48840332,-403.541015625,270.103393555,46.8642082214,-185.121795654,321.334442139,-101.428474426,166.931304932,-107.92565155,92.1911239624,-33.5645294189,-2.7374753952,54.7016677856],[1632.71179199,527.372375488,-223.440353394,-20.0973720551,265.331726074,-101.428474426,315.909393311,-87.4329605103,156.062957764,-94.9420471191,9.92468643188,-6.8277387619,-57.3272285461],[-1331.5847168,-559.004821777,158.715362549,39.7210121155,-179.220016479,166.931304932,-87.4329605103,245.195922852,-65.4929046631,88.7397155762,-23.4128322601,-2.82866930962,39.2415885925],[1224.82397461,443.496795654,-163.628448486,-51.8723487854,178.064834595,-107.92565155,156.062957764,-65.4929046631,185.137924194,-25.3446121216,24.4158611298,-10.8327798843,-41.3695907593],[-911.47076416,-312.511627197,129.492111206,12.4120063782,-144.758102417,92.1911239624,-94.9420471191,88.7397155762,-25.3446121216,127.47756958,20.1374511719,5.48677968979,21.0475101471],[226.093536377,77.0991439819,-83.3794937134,-33.8599281311,65.4805908203,-33.5645294189,9.92468643188,-23.4128322601,24.4158611298,20.1374511719,89.1558532715,39.637512207,1.87552750111],[-192.500640869,-91.0029449463,-6.1007976532,16.7338733673,-3.15184497833,-2.7374753952,-6.8277387619,-2.82866930962,-10.8327798843,5.48677968979,39.637512207,87.5003890991,24.5762767792],[-512.494934082,-82.3099060059,72.7538757324,-15.0269012451,-60.0412902832,54.7016677856,-57.3272285461,39.2415885925,-41.3695907593,21.0475101471,1.87552750111,24.5762767792,87.3258590698]],"icov":[[0.000195831904421,-0.000764331896789,0.00130147091113,-0.00103483453859,0.000385052961065,-0.000358055200195,0.000258851359831,-0.000447061262093,0.00035210661008,-0.000577013997827,0.000622851890512,-0.00038978017983,0.000428551924415],[-0.000764331896789,0.00510759325698,-0.00723202805966,0.00530666857958,-0.00114345620386,0.000948228989728,-0.0021635144949,0.00496582314372,-0.00543163483962,0.0071530980058,-0.00674757966772,0.00495765730739,-0.00331258308142],[0.00130147091113,-0.00723202805966,0.0142128588632,-0.00997448526323,0.00440920330584,-0.00370455835946,0.00323701207526,-0.00515568209812,0.00554004218429,-0.00878588110209,0.0088579878211,-0.005275930278,0.0030944889877],[-0.00103483453859,0.00530666857958,-0.00997448526323,0.0122196283191,-0.00515095330775,0.00281158834696,-0.00229297438636,0.00304464716464,-0.00111321045551,0.00281723146327,-0.00121700472664,0.000296483340207,-0.0000984619182418],[0.000385052961065,-0.00114345620386,0.00440920330584,-0.00515095330775,0.00786907132715,-0.00257425312884,-0.000801968504675,0.00141152867582,-0.00388848525472,0.00542016979307,-0.00571194151416,0.00331684434786,-0.0014749194961],[-0.000358055200195,0.000948228989728,-0.00370455835946,0.00281158834696,-0.00257425312884,0.00814760196954,-0.00184255896602,-0.00287433667108,0.00418689334765,-0.00419674487785,0.00214457791299,-0.000484633375891,-0.00134367041755],[0.000258851359831,-0.0021635144949,0.00323701207526,-0.00229297438636,-0.000801968504675,-0.00184255896602,0.00919294543564,-0.00276960222982,-0.00310958665796,0.00106853700709,0.00362788513303,-0.00354211730883,0.00345905357972],[-0.000447061262093,0.00496582314372,-0.00515568209812,0.00304464716464,0.00141152867582,-0.00287433667108,-0.00276960222982,0.0138164516538,-0.00738854287192,0.00616186810657,-0.00733527634293,0.00689876452088,-0.0051490617916],[0.00035210661008,-0.00543163483962,0.00554004218429,-0.00111321045551,-0.00388848525472,0.00418689334765,-0.00310958665796,-0.00738854287192,0.023407407105,-0.0188934616745,0.012721804902,-0.00806433614343,0.00576128065586],[-0.000577013997827,0.0071530980058,-0.00878588110209,0.00281723146327,0.00542016979307,-0.00419674487785,0.00106853700709,0.00616186810657,-0.0188934616745,0.0360864140093,-0.0248128771782,0.013542059809,-0.00547795556486],[0.000622851890512,-0.00674757966772,0.0088579878211,-0.00121700472664,-0.00571194151416,0.00214457791299,0.00362788513303,-0.00733527634293,0.012721804902,-0.0248128771782,0.0370730049908,-0.0205491464585,0.00710752140731],[-0.00038978017983,0.00495765730739,-0.005275930278,0.000296483340207,0.00331684434786,-0.000484633375891,-0.00354211730883,0.00689876452088,-0.00806433614343,0.013542059809,-0.0205491464585,0.0255817808211,-0.0098519064486],[0.000428551924415,-0.00331258308142,0.0030944889877,-0.0000984619182418,-0.0014749194961,-0.00134367041755,0.00345905357972,-0.0051490617916,0.00576128065586,-0.00547795556486,0.00710752140731,-0.0098519064486,0.0193309169263]],"mean":[-114.883491516,110.701293945,-74.2105255127,-12.5174274445,-1.88185477257,-5.12894582748,-9.65113258362,-8.69488334656,-2.11461377144,-7.91401290894,-2.54966306686,-7.38417720795,-6.38525819778]},"hfc":{"dmean":30.6343822479,"dmean2":43.7396507263,"dvar":5669.69238281,"dvar2":10890.5527344,"max":2151.28149414,"mean":86.1538925171,"median":43.9356307983,"min":1.11455718634e-16,"var":19482.28125},"melbands":{"dmean":[0.00139643240254,0.00232158391736,0.000629450427368,0.000298553088214,0.000181286668521,0.00014950640616,0.000130359941977,0.000110066139314,0.0000569761723455,0.0000415694994444,0.0000348188841599,0.0000390332861571,0.0000322443229379,0.000020593048248,0.0000192240768229,0.0000163577551575,0.0000239765358856,0.0000368244109268,0.000017114862203,0.0000133860021378,0.000012399267689,0.0000125668384499,0.0000106817306005,0.0000106168536149,0.0000067274149842,0.00000302209650727,0.00000138754933232,6.09834273746e-7,2.54274084455e-7,1.63044276746e-7,1.40361464673e-7,1.24925534806e-7,9.07895056912e-8,5.53442163209e-8,4.06340774362e-8,3.29225713358e-8,2.55440859576e-8,2.18356355219e-8,1.93524840597e-8,1.72657639297e-8],"dmean2":[0.00229973299429,0.00389848090708,0.000977408024482,0.000447550235549,0.000263106601778,0.000225519484957,0.000189655853319,0.000158814276801,0.0000922970430111,0.0000663074315526,0.0000548003699805,0.0000569525036553,0.0000484228512505,0.0000307633636112,0.0000293622833851,0.0000247215721174,0.0000359707628377,0.0000556391387363,0.0000252403206105,0.0000203287490876,0.000019167751816,0.0000165647525137,0.0000141388072734,0.0000155635261763,0.00000907003231987,0.00000388133230445,0.00000185765497918,9.3701004289e-7,3.57570542064e-7,2.4101726126e-7,2.13316639019e-7,1.90654731114e-7,1.40319244224e-7,8.74786678651e-8,6.59567689354e-8,5.39151301382e-8,4.25851922614e-8,3.64840317957e-8,3.23041184913e-8,2.87757462303e-8],"dvar":[0.00000960794477578,0.0000584710833209,0.00000324216694025,0.00000150926859988,4.66324252102e-7,6.75200510614e-7,4.4216602646e-7,1.69713985088e-7,1.68292402236e-7,1.82677037941e-8,1.43015945753e-8,1.46036587267e-8,9.21089338135e-9,2.69933986274e-9,3.11609560377e-9,2.2856405657e-9,6.41358299802e-9,2.68811746196e-8,7.58986828941e-9,4.83352469161e-9,6.23715123993e-9,6.73057121148e-9,4.33631841545e-9,6.27470031489e-9,2.65500021968e-9,5.58118440352e-10,1.43181438927e-10,2.52305416143e-11,1.84788816193e-12,3.38300053119e-13,2.25335131413e-13,4.02599882685e-13,2.12412132696e-13,2.1255947916e-14,9.73995139235e-15,7.01658969506e-15,4.92577017993e-15,3.65815953985e-15,2.87752931698e-15,2.24959118242e-15],"dvar2":[0.0000239669461735,0.000151511718286,0.00000789197201811,0.00000315921397487,9.40480390454e-7,0.00000147433047459,0.0000010616408872,3.37611425039e-7,4.84648126076e-7,4.56363196122e-8,3.55092275584e-8,3.25274243096e-8,2.15434781126e-8,5.40632161261e-9,6.86260293037e-9,4.93223106801e-9,1.51713042129e-8,5.59332598016e-8,1.50515422348e-8,1.16642224768e-8,1.39721976211e-8,1.04346264962e-8,7.2687296182e-9,1.18463940879e-8,4.02912991859e-9,7.94618482125e-10,2.85983930981e-10,5.98391197704e-11,3.11035181985e-12,5.92003659636e-13,4.81616808067e-13,7.66763334683e-13,4.18566467294e-13,4.70147229795e-14,2.2789296085e-14,1.68852816251e-14,1.22062919532e-14,8.99210769728e-15,7.08643476134e-15,5.52614247426e-15],"max":[0.0650641918182,0.216450363398,0.049734428525,0.0382199622691,0.0194259285927,0.0259448383003,0.0218828320503,0.0125199221075,0.0148870227858,0.0033069846686,0.00349960522726,0.00330403633416,0.00271692941897,0.00114489777479,0.00131406541914,0.000957194715738,0.00198938092217,0.00486980099231,0.00349906785414,0.0018245165702,0.00371294934303,0.00320212449878,0.00245578517206,0.00281456531957,0.00215944391675,0.00104482227471,0.000585905450862,0.00017090702022,0.0000663011887809,0.0000228906719713,0.0000106718789539,0.0000320217623084,0.0000210606249311,0.00000351966855305,0.00000162389369507,0.00000134863796575,0.00000127053658616,0.00000112263262508,9.94000743049e-7,8.54977542986e-7],"mean":[0.00252867420204,0.00347320712171,0.00109070364852,0.000439294759417,0.000291357573587,0.000213466555579,0.00021474249661,0.000189541955478,0.000081101716205,0.0000620825012447,0.0000529582976014,0.0000650433721603,0.0000553045465495,0.0000382089347113,0.0000338774698321,0.000029035114494,0.0000394385569962,0.0000690664892318,0.0000286583945126,0.0000198675843421,0.0000180265215022,0.0000196024157049,0.0000153628880071,0.0000158146795002,0.0000104599284896,0.00000467710833618,0.00000195631923816,8.04609612715e-7,3.45138033708e-7,2.1418736651e-7,1.78989523647e-7,1.56120776751e-7,1.07073056199e-7,6.58042083046e-8,4.53722499572e-8,3.50172442154e-8,2.54876955097e-8,2.14280007071e-8,1.9161438658e-8,1.73167826745e-8],"median":[0.000869280891493,0.000998409930617,0.000334020121954,0.0000789398982306,0.0000493166699016,0.0000275901529676,0.0000412973531638,0.000032550386095,0.0000131093565869,0.0000161745520018,0.0000115815273602,0.0000117506906463,0.0000165049732459,0.0000094090210041,0.00000879469916981,0.00000628405041425,0.00000581171298109,0.00000828815973364,0.00000269238398687,0.00000170354189777,0.00000134160563903,0.00000105671870188,8.9690047389e-7,5.1725095318e-7,3.01764856658e-7,1.53750775667e-7,1.2374263747e-7,6.98556377188e-8,4.12722869214e-8,3.12923944534e-8,2.62677382068e-8,2.27650769347e-8,1.68677889434e-8,1.26381172194e-8,9.46586009576e-9,7.46267936336e-9,5.30534327581e-9,4.08196143553e-9,3.6836955708e-9,3.50603546195e-9],"min":[6.63027335646e-25,2.00138091545e-25,3.44220797057e-24,2.0336942605e-24,3.59183358504e-24,2.95278052117e-24,3.95805397725e-24,3.62149436065e-24,2.58829641181e-24,2.87651187113e-24,2.259331948e-24,2.47935018485e-24,2.52941149511e-24,2.80167421477e-24,3.10137706659e-24,5.06058846093e-24,3.54306147072e-24,5.41582317617e-24,5.84448861434e-24,5.71370612588e-24,5.62943132651e-24,3.8837227696e-24,4.93797462714e-24,4.76786190052e-24,5.6293741341e-24,7.43508266261e-24,6.40333740113e-24,5.83853863097e-24,8.058757672e-24,5.20181073461e-24,5.92610298031e-24,7.08568906794e-24,6.47997878794e-24,6.59614999472e-24,5.30635334278e-24,6.38648417675e-24,8.01415310983e-24,6.90624056694e-24,8.54272225963e-24,8.46817411522e-24],"var":[0.0000191369872482,0.0000692060784786,0.00000613298470853,0.00000215790510083,9.0579993639e-7,9.8618534139e-7,5.84638598866e-7,3.38477065043e-7,1.60378519354e-7,2.79848819673e-8,2.00177723286e-8,2.9941240598e-8,1.55374344502e-8,7.25235071997e-9,6.5515708414e-9,5.49865175614e-9,1.32304283085e-8,7.73676873678e-8,1.76907128946e-8,9.59085433294e-9,1.37343452167e-8,1.86097963706e-8,1.19686527356e-8,1.54599568702e-8,6.65518973264e-9,1.66295821558e-9,2.94957308578e-10,3.80475026485e-11,3.963682247e-12,7.41934725462e-13,3.98095456339e-13,6.9892962945e-13,3.0135280122e-13,3.43026049731e-14,1.32030176451e-14,8.26028986558e-15,5.20767799137e-15,3.8689055723e-15,3.04211861831e-15,2.39761506039e-15]},"melbands_crest":{"dmean":3.84896230698,"dmean2":6.47540473938,"dvar":11.9964027405,"dvar2":31.7611999512,"max":37.5254211426,"mean":18.2850341797,"median":17.9085235596,"min":1.72124958038,"var":40.0447502136},"melbands_flatness_db":{"dmean":0.0423558726907,"dmean2":0.0676524415612,"dvar":0.00136917352211,"dvar2":0.00357543490827,"max":0.625817060471,"mean":0.310033768415,"median":0.308474361897,"min":0.0048919278197,"var":0.00539715401828},"melbands_kurtosis":{"dmean":9.00214004517,"dmean2":14.6334400177,"dvar":170.422317505,"dvar2":426.170227051,"max":210.794662476,"mean":17.4046058655,"median":10.3162965775,"min":-1.98262274265,"var":455.256408691},"melbands_skewness":{"dmean":0.883116960526,"dmean2":1.40067303181,"dvar":0.808648347855,"dvar2":1.94601428509,"max":12.7984085083,"mean":2.78273510933,"median":2.73616671562,"min":-8.02796363831,"var":5.1747713089},"melbands_spread":{"dmean":5.58689117432,"dmean2":8.81125164032,"dvar":166.648727417,"dvar2":404.226135254,"max":357.896697998,"mean":16.5501155853,"median":9.58888339996,"min":0.412596344948,"var":814.840942383},"mfcc":{"cov":[[15348.0820312,3452.30444336,-1847.78393555,652.841430664,303.093383789,419.630218506,117.936668396,407.994262695,13.6322088242,195.820510864,329.101013184,-18.5258636475,-65.0428848267],[3452.30444336,2467.29003906,-171.530899048,-48.5766830444,140.610778809,138.85168457,27.4942398071,55.0112419128,24.1604690552,60.2392196655,45.2434616089,31.32188797,26.3770847321],[-1847.78393555,-171.530899048,1014.98651123,-147.256439209,-96.7277526855,-10.8956956863,-20.1901340485,-109.78754425,39.8562583923,17.0167560577,-83.6670227051,2.5403008461,-20.0188922882],[652.841430664,-48.5766830444,-147.256439209,297.44644165,54.3991088867,32.6618652344,0.943716704845,47.1375541687,-15.8887729645,1.3698413372,28.2466754913,-30.2254085541,-20.4715766907],[303.093383789,140.610778809,-96.7277526855,54.3991088867,174.062362671,47.6097412109,24.387298584,12.3883218765,-14.9023923874,-14.7434902191,8.40337371826,-0.653139472008,-7.71466398239],[419.630218506,138.85168457,-10.8956956863,32.6618652344,47.6097412109,135.080764771,44.9033660889,26.4952220917,13.1590585709,10.5759563446,7.11438322067,0.0898632258177,-5.22561740875],[117.936668396,27.4942398071,-20.1901340485,0.943716704845,24.387298584,44.9033660889,102.512016296,51.5521697998,14.9016523361,5.23687982559,1.83008408546,1.17896568775,-0.524490475655],[407.994262695,55.0112419128,-109.78754425,47.1375541687,12.3883218765,26.4952220917,51.5521697998,122.860084534,50.5636749268,9.56342029572,12.9391422272,6.357609272,13.0660228729],[13.6322088242,24.1604690552,39.8562583923,-15.8887729645,-14.9023923874,13.1590585709,14.9016523361,50.5636749268,106.40221405,55.9758872986,-0.791900455952,4.54947280884,13.3631877899],[195.820510864,60.2392196655,17.0167560577,1.3698413372,-14.7434902191,10.5759563446,5.23687982559,9.56342029572,55.9758872986,92.5578460693,35.1460380554,-2.99444389343,2.71409034729],[329.101013184,45.2434616089,-83.6670227051,28.2466754913,8.40337371826,7.11438322067,1.83008408546,12.9391422272,-0.791900455952,35.1460380554,84.7228393555,32.1408653259,-4.73556470871],[-18.5258636475,31.32188797,2.5403008461,-30.2254085541,-0.653139472008,0.0898632258177,1.17896568775,6.357609272,4.54947280884,-2.99444389343,32.1408653259,85.0161209106,38.7719421387],[-65.0428848267,26.3770847321,-20.0188922882,-20.4715766907,-7.71466398239,-5.22561740875,-0.524490475655,13.0660228729,13.3631877899,2.71409034729,-4.73556470871,38.7719421387,73.6298599243]],"icov":[[0.000159160845215,-0.000198309106054,0.000213487874134,-0.000214499770664,0.000141656724736,-0.000239985223743,0.00010282965377,-0.000253776233876,0.00019586943381,-0.000301761523588,-0.00000466598339699,-0.000104938211734,0.000284156616544],[-0.000198309106054,0.000723182689399,-0.000217486871406,0.000543661415577,-0.000539517088328,-0.000160288589541,0.000209439036553,-0.0000756440422265,0.000133954599733,-0.000203599134693,0.00011729538528,0.0000193352043425,-0.000414662616095],[0.000213487874134,-0.000217486871406,0.00173849659041,-0.000160132098245,0.000762990326621,-0.000585696019698,-0.000228482458624,0.00116728909779,-0.000569324882235,-0.0010415778961,0.00195590686053,-0.00153533520643,0.00160025118385],[-0.000214499770664,0.000543661415577,-0.000160132098245,0.00505107501522,-0.00139039743226,-0.000796198204625,0.00180551339872,-0.00266632111743,0.00172010739334,-0.000281554181129,-0.00151061161887,0.00236139283516,-0.000382009515306],[0.000141656724736,-0.000539517088328,0.000762990326621,-0.00139039743226,0.00759149761871,-0.00197388557717,-0.00143425364513,0.00124959915411,-0.000401633180445,0.00160137296189,-0.000214541549212,-0.00052411184879,0.000838687818032],[-0.000239985223743,-0.000160288589541,-0.000585696019698,-0.000796198204625,-0.00197388557717,0.0104934945703,-0.00414848374203,0.000832852965686,-0.00128620618489,0.0000937460645218,0.00008334582526,-0.000364403240383,0.000252616184298],[0.00010282965377,0.000209439036553,-0.000228482458624,0.00180551339872,-0.00143425364513,-0.00414848374203,0.0155542129651,-0.00860392022878,0.00417465204373,-0.00343134906143,0.00197862368077,-0.000788655830547,0.00155995832756],[-0.000253776233876,-0.0000756440422265,0.00116728909779,-0.00266632111743,0.00124959915411,0.000832852965686,-0.00860392022878,0.0199911203235,-0.0135039743036,0.0090984525159,-0.00483231619,0.00199006986804,-0.00328307342716],[0.00019586943381,0.000133954599733,-0.000569324882235,0.00172010739334,-0.000401633180445,-0.00128620618489,0.00417465204373,-0.0135039743036,0.0257565136999,-0.0189871322364,0.0104900104925,-0.00550888711587,0.00234206346795],[-0.000301761523588,-0.000203599134693,-0.0010415778961,-0.000281554181129,0.00160137296189,0.0000937460645218,-0.00343134906143,0.0090984525159,-0.0189871322364,0.0304871760309,-0.0188203696162,0.0117638362572,-0.00710250902921],[-0.00000466598339699,0.00011729538528,0.00195590686053,-0.00151061161887,-0.000214541549212,0.00008334582526,0.00197862368077,-0.00483231619,0.0104900104925,-0.0188203696162,0.0302943326533,-0.0180842392147,0.0111817745492],[-0.000104938211734,0.0000193352043425,-0.00153533520643,0.00236139283516,-0.00052411184879,-0.000364403240383,-0.000788655830547,0.00199006986804,-0.00550888711587,0.0117638362572,-0.0180842392147,0.0268887318671,-0.0150560187176],[0.000284156616544,-0.000414662616095,0.00160025118385,-0.000382009515306,0.000838687818032,0.000252616184298,0.00155995832756,-0.00328307342716,0.00234206346795,-0.00710250902921,0.0111817745492,-0.0150560187176,0.0234934929758]],"mean":[-773.97668457,179.847457886,-7.22036552429,16.7103748322,18.4915275574,13.7589788437,5.54911279678,7.76270008087,2.65620684624,3.7221865654,5.54866600037,1.38024365902,1.76363325119]},"pitch_salience":{"dmean":0.0779226124287,"dmean2":0.129995256662,"dvar":0.00478232558817,"dvar2":0.0129813598469,"max":0.993052840233,"mean":0.5094576478,"median":0.516779839993,"min":0.0866472348571,"var":0.0165700223297},"silence_rate_20dB":{"dmean":0.00166944903322,"dmean2":0.00333982752636,"dvar":0.00166668184102,"dvar2":0.00444200215861,"max":1,"mean":0.998887360096,"median":1,"min":0,"var":0.00111139868386},"silence_rate_30dB":{"dmean":0.0294936001301,"dmean2":0.0590036176145,"dvar":0.0286236293614,"dvar2":0.0638704001904,"max":1,"mean":0.9376912117,"median":1,"min":0,"var":0.058423768729},"silence_rate_60dB":{"dmean":0.0261547025293,"dmean2":0.0523239634931,"dvar":0.0254720244557,"dvar2":0.0551488809288,"max":1,"mean":0.231432542205,"median":0,"min":0,"var":0.177870005369},"spectral_centroid":{"dmean":172.791793823,"dmean2":253.810302734,"dvar":75855.1796875,"dvar2":133451.734375,"max":11598.9736328,"mean":1133.12231445,"median":663.328918457,"min":132.995269775,"var":3232462.25},"spectral_complexity":{"dmean":2.35837507248,"dmean2":3.4773170948,"dvar":9.74317359924,"dvar2":16.7302417755,"max":55,"mean":10.9732961655,"median":9,"min":0,"var":80.2674865723},"spectral_contrast_coeffs":{"dmean":[0.0472804233432,0.0461635813117,0.0349780097604,0.0318480879068,0.0385310947895,0.0286301970482],"dmean2":[0.0785744264722,0.0753136202693,0.0566873624921,0.0501435771585,0.0590107627213,0.0451302304864],"dvar":[0.00153119221795,0.00137525657192,0.000752538267989,0.000681653735228,0.00100254511926,0.00109137059189],"dvar2":[0.00404570763931,0.00357930897735,0.00190516957082,0.00165397534147,0.00243562972173,0.00250619044527],"max":[-0.396927386522,-0.48403519392,-0.595361590385,-0.600389719009,-0.559868037701,-0.536391556263],"mean":[-0.699932992458,-0.773361623287,-0.804984867573,-0.798456251621,-0.817207932472,-0.830235362053],"median":[-0.698593139648,-0.777341604233,-0.802878558636,-0.794604897499,-0.818381488323,-0.845479726791],"min":[-0.976033270359,-0.987316668034,-0.99191826582,-0.979206085205,-0.97320753336,-0.961692452431],"var":[0.00683334749192,0.00574129866436,0.0031275190413,0.00374119007029,0.00536015955731,0.00252432655543]},"spectral_contrast_valleys":{"dmean":[0.388437896967,0.414521604776,0.362479746342,0.376399517059,0.533200562,0.695100903511],"dmean2":[0.63158339262,0.660541832447,0.553431808949,0.549224376678,0.820746064186,1.12621545792],"dvar":[0.125757083297,0.134155482054,0.112713046372,0.126114606857,0.232160314918,0.382039129734],"dvar2":[0.279222398996,0.297781288624,0.224976301193,0.248808711767,0.531148016453,0.970824182034],"max":[-4.69389200211,-3.73027610779,-5.1122674942,-4.97086286545,-4.97450304031,-8.76679706573],"mean":[-7.63379716873,-7.59823465347,-8.08207321167,-8.57998657227,-9.19240760803,-11.8091135025],"median":[-7.11819458008,-7.1810760498,-7.60711956024,-8.2110004425,-8.91332626343,-11.6306610107],"min":[-27.9466934204,-27.6160507202,-27.6082439423,-27.7292327881,-27.4862804413,-27.3280239105],"var":[5.72465610504,4.76890516281,4.72347068787,4.52729845047,3.70171904564,2.46845817566]},"spectral_decrease":{"dmean":2.8015221254e-9,"dmean2":4.45010828187e-9,"dvar":5.25591653095e-17,"dvar2":1.25092962319e-16,"max":7.99944277485e-11,"mean":-6.23472873329e-9,"median":-2.61761878839e-9,"min":-1.79407962264e-7,"var":1.13616182045e-16},"spectral_energy":{"dmean":0.0122751770541,"dmean2":0.0190013125539,"dvar":0.000996680581011,"dvar2":0.0023277006112,"max":0.872255146503,"mean":0.0313457287848,"median":0.0147430123761,"min":1.03399361793e-20,"var":0.00240838737227},"spectral_energyband_high":{"dmean":0.000267254450591,"dmean2":0.000320544029819,"dvar":0.00000209891663872,"dvar2":0.00000250742004937,"max":0.0734916031361,"mean":0.00048162296298,"median":0.0000519285131304,"min":7.40162989258e-21,"var":0.00000761113187764},"spectral_energyband_low":{"dmean":0.00954307150096,"dmean2":0.015578427352,"dvar":0.00071264593862,"dvar2":0.00180900911801,"max":0.726580262184,"mean":0.0177159756422,"median":0.0072809974663,"min":9.06415064051e-24,"var":0.00107551191468},"spectral_energyband_middle_high":{"dmean":0.00148521491792,"dmean2":0.00187894352712,"dvar":0.00002341720392,"dvar2":0.0000322989872075,"max":0.17736248672,"mean":0.00353647186421,"median":0.000788415665738,"min":1.31741053544e-21,"var":0.000113518748549},"spectral_energyband_middle_low":{"dmean":0.00311067490838,"dmean2":0.00444989139214,"dvar":0.000101969191746,"dvar2":0.000205510252272,"max":0.24059715867,"mean":0.00684466166422,"median":0.00222331192344,"min":1.28376573143e-22,"var":0.000228501245147},"spectral_entropy":{"dmean":0.281688690186,"dmean2":0.442872345448,"dvar":0.0680790841579,"dvar2":0.169270172715,"max":9.82088756561,"mean":7.14710426331,"median":7.13091421127,"min":5.48734426498,"var":0.302434504032},"spectral_flux":{"dmean":0.0220088418573,"dmean2":0.0344073884189,"dvar":0.00116516312119,"dvar2":0.00267036049627,"max":0.738675713539,"mean":0.0724180489779,"median":0.0553451813757,"min":6.44663766813e-11,"var":0.00444453023374},"spectral_kurtosis":{"dmean":10.0747213364,"dmean2":16.1217956543,"dvar":110.966690063,"dvar2":291.456939697,"max":143.285919189,"mean":26.456823349,"median":24.7620868683,"min":-1.50235652924,"var":223.457702637},"spectral_rms":{"dmean":0.000856564904097,"dmean2":0.00129268644378,"dvar":0.0000016475250959,"dvar2":0.00000353430982614,"max":0.0291715729982,"mean":0.0044107278809,"median":0.00379254878499,"min":3.17612060784e-12,"var":0.0000111266881504},"spectral_rolloff":{"dmean":4500.11230469,"dmean2":8700.92871094,"dvar":60649972,"dvar2":154748992,"max":22050,"mean":10161.0507812,"median":2777.78320312,"min":43.06640625,"var":96653432},"spectral_skewness":{"dmean":0.695101439953,"dmean2":1.10264658928,"dvar":0.44905257225,"dvar2":1.17895531654,"max":9.3231086731,"mean":3.60655879974,"median":3.6563231945,"min":-1.00338709354,"var":1.72230732441},"spectral_spread":{"dmean":710826.1875,"dmean2":1137610.75,"dvar":661325086720,"dvar2":1543886209020,"max":41715504,"mean":4143088.5,"median":3464708.5,"min":1196985.625,"var":11664805068800},"spectral_strongpeak":{"dmean":0.652458846569,"dmean2":1.23221516609,"dvar":21.7353038788,"dvar2":66.5955734253,"max":95.7641067505,"mean":0.615189254284,"median":0.183586552739,"min":0,"var":11.7305316925},"zerocrossingrate":{"dmean":0.0314695499837,"dmean2":0.0417116954923,"dvar":0.00072325929068,"dvar2":0.00124753511045,"max":0.63720703125,"mean":0.229046955705,"median":0.21630859375,"min":0.02587890625,"var":0.00897340010852}},"metadata":{"audio_properties":{"analysis_sample_rate":44100,"bit_rate":128000,"codec":"mp3","downmix":"mix","equal_loudness":0,"length":83.4351043701,"lossless":false,"md5_encoded":"999fc497bc7606c58b2ddf12d51fd15a","replay_gain":5.54098320007},"tags":{"album":["Aqualung"],"albumartist":["Jethro Tull"],"albumartistsort":["Jethro Tull"],"artist":["Jethro Tull"],"artistsort":["Jethro Tull"],"asin":["B000003JA9"],"catalognumber":["CHR 1044"],"date":["1971-03-19"],"discnumber":["1/1"],"file_name":"03 Cheap Day Return.mp3","genre":["Rock"],"label":["Chrysalis"],"language":["eng"],"media":["Vinyl"],"mp3gain_album_minmax":["000,210"],"mp3gain_minmax":["119,210"],"musicbrainz album release country":["GB"],"musicbrainz album status":["official"],"musicbrainz album type":["album"],"musicbrainz_albumartistid":["ece57992-dc2e-4f67-a269-fa43626c1a3d"],"musicbrainz_albumid":["fc2af87b-ab72-46f0-a9fd-07320ec56095"],"musicbrainz_artistid":["ece57992-dc2e-4f67-a269-fa43626c1a3d"],"musicbrainz_recordingid":["3321ad89-dd29-4d27-91f3-a7c19fe0c6fc"],"originaldate":["1971-03-19"],"replaygain_album_gain":["-0.43 dB"],"replaygain_album_peak":["1.014907"],"replaygain_track_gain":["4.72 dB"],"replaygain_track_peak":["0.542518"],"script":["Latn"],"title":["Cheap Day Return"],"tracknumber":["3/11"]},"version":{"essentia":"2.1-beta1","essentia_build_sha":"eef087cf131c10083d474ad51def18efd0e38295","essentia_git_sha":"v2.1_beta1-7-ge0e83e8-dirty","extractor":"music 1.0"}},"rhythm":{"beats_count":192,"beats_loudness":{"dmean":0.0302674677223,"dmean2":0.0533661693335,"dvar":0.00171588698868,"dvar2":0.00476168096066,"max":0.251228094101,"mean":0.0448662079871,"median":0.0272024385631,"min":3.48348777379e-7,"var":0.00267726439051},"beats_loudness_band_ratio":{"dmean":[0.180865079165,0.0774632915854,0.0750220939517,0.046163585037,0.063777782023,0.0716368108988],"dmean2":[0.309463590384,0.134948223