{"lowlevel":{"average_loudness":0.932796418667,"barkbands":{"dmean":[0.0000986743616522,0.00503054773435,0.00275043025613,0.00193744245917,0.00222995597869,0.00135839323048,0.00103013426997,0.000779709778726,0.000393401162,0.00027600559406,0.000216143511352,0.0002405103005,0.000223569586524,0.000217754917685,0.000260432076175,0.000262561807176,0.000300018262351,0.000211296792259,0.000200995069463,0.0000944976054598,0.0000743554119254,0.0000577918945055,0.0000301058462355,0.0000263813144556,0.0000205021660804,0.00000593084678258,9.9632995898e-7],"dmean2":[0.00016163494729,0.00853576231748,0.00470212614164,0.00322138285264,0.00387407001108,0.00213620159775,0.00165249267593,0.00131772342138,0.000585191359278,0.000434630404925,0.000337914476404,0.000381488149287,0.000363275816198,0.000344242929714,0.000418803479988,0.000436686095782,0.000488873396534,0.000337663077516,0.000329316157149,0.000152349064592,0.000117219016829,0.000087917826022,0.0000452654094261,0.0000379604462069,0.0000315520665026,0.00000849211210152,0.00000144540263136],"dvar":[6.73494682246e-8,0.000154752342496,0.0000236432115344,0.00000917738816497,0.0000375543422706,0.00000623896585239,0.00000666944652039,0.0000071412273428,0.00000165847234257,9.65400772657e-7,3.51974449586e-7,3.6328097508e-7,4.154826172e-7,2.30655061273e-7,2.70940574865e-7,2.00686159246e-7,2.06773080436e-7,1.86569465654e-7,1.43468000147e-7,3.38240937481e-8,1.83220247862e-8,1.55042627625e-8,4.41046266175e-9,2.87218693273e-9,2.18952744824e-9,1.5342280224e-10,5.70666907826e-12],"dvar2":[1.6609794784e-7,0.000417493778514,0.0000696381393936,0.0000252415575233,0.000104078608274,0.000014178872334,0.0000161727821251,0.0000187013756658,0.00000325464566231,0.00000225483950089,7.64428193634e-7,8.52802145346e-7,9.87811972664e-7,4.96779080095e-7,6.25781865438e-7,5.04315949001e-7,5.01494128002e-7,4.01437745268e-7,3.26788637039e-7,7.79451738708e-8,4.15277128241e-8,3.41718795482e-8,9.84933912207e-9,6.19597795293e-9,5.34797006679e-9,3.30942828697e-10,1.21617629162e-11],"max":[0.00221892911941,0.111602753401,0.0570423640311,0.0375828966498,0.0608342811465,0.0470050275326,0.0453159175813,0.0553129762411,0.0486887283623,0.0398592799902,0.0173242464662,0.015994604677,0.0179345253855,0.0137748653069,0.015946932137,0.0152669232339,0.00979224126786,0.0189635548741,0.0164252948016,0.00484150182456,0.00255411677063,0.00341756828129,0.0018738504732,0.00102780736051,0.000624148000497,0.000162141703186,0.0000314008138957],"mean":[0.0000851208897075,0.00859956070781,0.00607135007158,0.00349822896533,0.00305747892708,0.0026602090802,0.00143933354411,0.000831049459521,0.000681991223246,0.000479103764519,0.000333507254254,0.000394087895984,0.00036834817729,0.000392236892367,0.000540644978173,0.000528788019437,0.000657785509247,0.000478498841403,0.000485382188344,0.000211703212699,0.000174546410562,0.00012385311129,0.0000598024962528,0.0000438423376181,0.0000243262311415,0.00000752752475819,0.00000107309836039],"median":[0.00000963532238529,0.00582498591393,0.00513746263459,0.00238401466049,0.00166782259475,0.00113055040129,0.000544677954167,0.000229375378694,0.000315475946991,0.000258750631474,0.000158864189871,0.000217079708818,0.000201188275241,0.00022646378784,0.000344310770743,0.000374740775442,0.000474125525216,0.000284695182927,0.000355067866622,0.000146467500599,0.000120257420349,0.0000714657653589,0.0000268383082584,0.0000157330632646,0.0000061245436882,0.00000164518633028,1.40664297987e-7],"min":[2.97647573339e-26,1.04205251807e-24,1.38382019437e-24,1.06632359876e-24,6.78325005207e-24,1.00565991904e-23,1.12813404557e-23,1.16286222697e-23,1.34604046233e-23,1.32654644718e-23,1.70309121426e-23,1.29322780244e-23,2.70950875532e-23,3.28229592543e-23,4.5642296063e-23,5.03386437781e-23,5.89324534588e-23,9.98116610186e-23,1.33347810485e-22,1.97903554777e-22,2.17451666848e-22,2.9117555258e-22,3.72019810439e-22,4.94223957207e-22,8.30575011608e-22,1.34349136244e-21,1.91142516997e-21],"var":[5.86079238474e-8,0.000133249544888,0.0000262173452938,0.0000137875194923,0.0000285022306343,0.0000157220911206,0.00000814936083771,0.00000638025312583,0.00000296287657875,0.00000122664289393,6.07004778885e-7,5.48063781025e-7,5.67550443975e-7,4.74326128597e-7,6.03437342761e-7,3.73148566268e-7,4.46942095778e-7,4.88971409141e-7,3.21981531215e-7,6.76704701164e-8,3.65959884618e-8,3.18692947587e-8,8.14178502395e-9,5.1610475893e-9,2.47153497668e-9,2.16625259397e-10,7.15386170441e-12]},"barkbands_crest":{"dmean":2.12106561661,"dmean2":3.49290680885,"dvar":6.02459526062,"dvar2":16.1224784851,"max":25.9221420288,"mean":10.0655155182,"median":9.36783313751,"min":2.68258619308,"var":13.7554883957},"barkbands_flatness_db":{"dmean":0.0163060314953,"dmean2":0.0240567401052,"dvar":0.000261959154159,"dvar2":0.000620386563241,"max":0.427305430174,"mean":0.141371205449,"median":0.13460637629,"min":0.0317774303257,"var":0.00274112215266},"barkbands_kurtosis":{"dmean":2.17888331413,"dmean2":3.57641863823,"dvar":13.1098842621,"dvar2":33.9130325317,"max":206.52394104,"mean":4.44506978989,"median":2.55543327332,"min":-1.88423192501,"var":115.407073975},"barkbands_skewness":{"dmean":0.420666903257,"dmean2":0.670324802399,"dvar":0.237064898014,"dvar2":0.609274089336,"max":12.6109170914,"mean":1.87967145443,"median":1.81147396564,"min":-2.10422849655,"var":1.07946753502},"barkbands_spread":{"dmean":4.50489902496,"dmean2":7.00177145004,"dvar":23.7085361481,"dvar2":54.7027015686,"max":111.350013733,"mean":22.7333984375,"median":21.9733161926,"min":0.708712816238,"var":106.700759888},"dissonance":{"dmean":0.00978408567607,"dmean2":0.0163158234209,"dvar":0.000131019740365,"dvar2":0.000341903913068,"max":0.499999970198,"mean":0.479629486799,"median":0.484746754169,"min":0.305767536163,"var":0.000352153962012},"dynamic_complexity":2.39838767052,"erbbands":{"dmean":[0.120179116726,1.23453187943,2.89627504349,5.37595558167,7.03579568863,7.36277389526,7.92546463013,11.6059980392,11.7847623825,23.8665733337,11.0229587555,9.52757740021,8.2025976181,7.77790975571,8.00946235657,10.5513134003,10.1484594345,10.8375806808,12.835931778,11.9944906235,14.9122753143,15.3211269379,11.7665319443,10.5266170502,7.95126724243,4.2390370369,3.27822828293,2.81025886536,2.16803646088,1.44974315166,0.782343387604,0.578940749168,0.448561370373,0.295505493879,0.106002613902,0.0323674231768,0.0106100561097,0.00173776014708,0.000171449297341,0.0000188967242138],"dmean2":[0.197366714478,2.13968086243,4.98240375519,9.00253486633,12.169754982,12.7376480103,12.2650251389,18.3485183716,18.7961940765,40.0195159912,17.6256694794,14.1195783615,12.8843374252,12.0357427597,12.595908165,16.7071704865,16.3603420258,16.8782672882,20.3971328735,19.3389129639,25.0586891174,24.872051239,18.9041690826,16.9527797699,12.9297103882,6.76544237137,5.20889139175,4.42130041122,3.31221532822,2.2213549614,1.15947818756,0.840186417103,0.658014416695,0.460287064314,0.160343647003,0.0471724197268,0.015331399627,0.00247745541856,0.000247154006502,0.0000283822337224],"dvar":[0.095366448164,9.31394290924,31.4286079407,72.4301223755,273.178649902,426.675750732,222.376602173,600.524230957,942.960571289,5287.23779297,1401.48144531,992.976257324,582.843078613,897.032653809,520.81451416,653.925476074,809.379089355,623.117797852,677.088928223,396.253601074,668.131469727,563.823486328,541.588623047,375.949798584,223.804214478,84.2630767822,37.1217384338,26.3995437622,21.4655437469,10.6574811935,2.86649537086,1.62848138809,0.8580493927,0.467990547419,0.055069129914,0.00427041808143,0.000547254283447,0.0000171760693775,1.62081278177e-7,9.49881173717e-10],"dvar2":[0.239681243896,25.892993927,91.7148513794,208.428329468,757.967163086,1184.84082031,487.567016602,1356.22814941,2244.92944336,13730,3321.9597168,1948.37841797,1375.30627441,2198.13891602,1112.73681641,1562.50634766,1944.5267334,1309.65014648,1558.07165527,895.604125977,1734.73193359,1325.82080078,1135.02392578,809.508483887,514.822692871,196.539733887,84.3161773682,59.2154464722,47.0839996338,24.8822689056,6.26187419891,3.62383627892,1.92304754257,1.15957129002,0.129737779498,0.00952093396336,0.00118477630895,0.0000361375859939,3.48358241808e-7,2.18184270651e-9],"max":[2.23196601868,28.9394111633,66.2976913452,103.774711609,189.683044434,256.169769287,289.942047119,582.590270996,868.263916016,1167.046875,1009.49804688,913.732055664,828.618530273,1110.94445801,890.287475586,667.073913574,723.938110352,720.408081055,918.177612305,484.859283447,982.03717041,449.078979492,786.638122559,872.218017578,543.187683105,273.055236816,138.3175354,115.209884644,130.426971436,78.5242538452,46.3675079346,27.1837158203,19.1322822571,9.5311832428,4.63953924179,0.929061293602,0.278012216091,0.0483096577227,0.00514316372573,0.000317133963108],"mean":[0.145481586456,2.27001738548,6.6293964386,11.1817455292,9.73826789856,10.1573820114,15.9965963364,21.4978065491,18.9142379761,25.582616806,15.4059638977,16.4606609344,15.1006889343,13.4546070099,13.5826044083,18.2265167236,17.7039642334,20.6541805267,25.9899120331,26.4403858185,32.784324646,35.6865959167,28.5528888702,25.2240791321,20.2610321045,9.77925872803,7.16367769241,6.60524511337,4.68698883057,2.81727266312,1.56369817257,1.05424368382,0.663777530193,0.349703103304,0.130309179425,0.0414167419076,0.0132622160017,0.00205532019027,0.000197941451916,0.0000458849281131],"median":[0.0578370280564,1.65813708305,5.42684364319,8.35231399536,5.78919219971,5.44480466843,7.48726987839,8.52585029602,8.28531551361,7.39829730988,5.68561553955,7.42054748535,8.35188770294,6.43571043015,7.40207099915,10.25507164,10.2233304977,11.7407407761,16.4537010193,17.3881721497,24.2173099518,26.2090129852,17.7833118439,17.0424957275,15.2958984375,6.72850370407,4.80731916428,4.51953315735,2.72901773453,1.39607477188,0.711720407009,0.415213286877,0.223895952106,0.0876454040408,0.0336517207325,0.0102148009464,0.0028051850386,0.000335058168275,0.0000415119538957,0.0000346076885762],"min":[2.74592415242e-23,2.89310508695e-22,3.25192547478e-21,4.65967600768e-21,1.55041564138e-20,1.92593495996e-20,4.15133644354e-20,1.03921912142e-19,1.57789716627e-19,2.37321736657e-19,2.21750345969e-19,3.77860782555e-19,4.3048154118e-19,8.8628566585e-19,1.19192187115e-18,9.0291551168e-19,1.6771110701e-18,1.83659035482e-18,2.7927871547e-18,3.40955101059e-18,3.95351015129e-18,3.98443264413e-18,5.50342203968e-18,6.63357823109e-18,7.25140356651e-18,8.50574438329e-18,9.69119925302e-18,9.15758173113e-18,9.18081723454e-18,1.23125900353e-17,1.19823580281e-17,1.04063523137e-17,8.95162782068e-18,8.46263669285e-18,6.0467270873e-18,4.34710791575e-18,2.4023310222e-18,8.46448906043e-19,2.35850259895e-19,2.5599023373e-20],"var":[0.0828435197473,7.78535175323,30.4285030365,98.2730865479,220.123184204,326.187774658,598.399841309,1369.81616211,1368.27258301,4540.43505859,1802.11181641,1755.23876953,859.629272461,1103.54931641,818.888000488,1023.16479492,1128.88879395,1349.14868164,1414.1875,1029.57434082,1219.00720215,1288.08837891,1491.51855469,1049.36572266,470.214599609,156.49786377,72.1438217163,53.9710540771,45.0900344849,18.6365261078,5.47249794006,2.91424655914,1.3178139925,0.522225916386,0.0659855678678,0.00587449641898,0.000752004620153,0.0000229680026678,2.03454234793e-7,1.36718369959e-9]},"erbbands_crest":{"dmean":1.51906490326,"dmean2":2.48590064049,"dvar":2.42290234566,"dvar2":6.11051559448,"max":20.386926651,"mean":6.00845003128,"median":5.23481988907,"min":2.14830183983,"var":6.64359807968},"erbbands_flatness_db":{"dmean":0.0134369451553,"dmean2":0.0183882173151,"dvar":0.000198871159228,"dvar2":0.000379948440241,"max":0.27657687664,"mean":0.144993245602,"median":0.143045395613,"min":0.0278397705406,"var":0.00107595231384},"erbbands_kurtosis":{"dmean":0.407570213079,"dmean2":0.651648283005,"dvar":0.224206745625,"dvar2":0.531195342541,"max":11.6390123367,"mean":-0.407374709845,"median":-0.690747976303,"min":-1.74360692501,"var":1.33623278141},"erbbands_skewness":{"dmean":0.24625171721,"dmean2":0.381039589643,"dvar":0.0541120581329,"dvar2":0.118648633361,"max":2.7136797905,"mean":-0.24461260438,"median":-0.349989384413,"min":-2.61930465698,"var":0.355979591608},"erbbands_spread":{"dmean":5.74045944214,"dmean2":9.04941368103,"dvar":30.4710674286,"dvar2":74.4346237183,"max":132.390075684,"mean":46.0238952637,"median":46.6589012146,"min":7.53302907944,"var":142.404571533},"gfcc":{"cov":[[22802.4492188,370.029907227,-2602.26904297,1077.08239746,-1082.87548828,275.206237793,-830.545715332,192.771881104,-434.387237549,48.0440979004,-345.004150391,-57.4245109558,-305.786376953],[370.029907227,1077.18505859,-284.255371094,12.9531211853,124.999084473,-187.38243103,129.595870972,-120.636505127,96.5487823486,-91.2310256958,97.3694076538,-33.3073310852,71.5037612915],[-2602.26904297,-284.255371094,733.909729004,-234.592147827,139.549804688,12.5660552979,5.45594167709,65.4653320312,-4.60293579102,82.6815490723,8.37368774414,58.9209518433,13.9287004471],[1077.08239746,12.9531211853,-234.592147827,286.34085083,-38.3252105713,50.851020813,-22.2179050446,-27.7843112946,4.43523597717,-36.5016937256,-1.91323971748,-20.1708869934,19.9127178192],[-1082.87548828,124.999084473,139.549804688,-38.3252105713,215.641036987,-17.7110271454,72.2898025513,1.25581228733,28.8762149811,13.4279336929,30.092414856,16.401266098,40.5447769165],[275.206237793,-187.38243103,12.5660552979,50.851020813,-17.7110271454,143.276199341,9.57217502594,44.3214454651,-25.6845645905,7.26869678497,-23.618806839,-10.5295333862,-7.89428806305],[-830.545715332,129.595870972,5.45594167709,-22.2179050446,72.2898025513,9.57217502594,152.077560425,0.235012486577,40.4432868958,-25.4351177216,19.7988491058,-14.0533876419,15.3923177719],[192.771881104,-120.636505127,65.4653320312,-27.7843112946,1.25581228733,44.3214454651,0.235012486577,91.8094940186,-3.95784783363,32.2181167603,-12.4288024902,9.34187030792,-9.16428184509],[-434.387237549,96.5487823486,-4.60293579102,4.43523597717,28.8762149811,-25.6845645905,40.4432868958,-3.95784783363,69.7538375854,3.5174472332,25.9080924988,-5.47713565826,14.8127794266],[48.0440979004,-91.2310256958,82.6815490723,-36.5016937256,13.4279336929,7.26869678497,-25.4351177216,32.2181167603,3.5174472332,70.9935150146,3.78907370567,19.590133667,-8.39506149292],[-345.004150391,97.3694076538,8.37368774414,-1.91323971748,30.092414856,-23.618806839,19.7988491058,-12.4288024902,25.9080924988,3.78907370567,58.4751167297,12.2208566666,21.291759491],[-57.4245109558,-33.3073310852,58.9209518433,-20.1708869934,16.401266098,-10.5295333862,-14.0533876419,9.34187030792,-5.47713565826,19.590133667,12.2208566666,48.1657409668,12.521531105],[-305.786376953,71.5037612915,13.9287004471,19.9127178192,40.5447769165,-7.89428806305,15.3923177719,-9.16428184509,14.8127794266,-8.39506149292,21.291759491,12.521531105,52.4103775024]],"icov":[[0.00038232159568,-0.000919925107155,0.000995362875983,-0.000802771712188,0.000734444533009,-0.000685988343321,0.00131668965332,-0.0015930661466,0.00154015165754,-0.00152330880519,0.00141791778151,-0.00133164168801,0.00125224504154],[-0.000919925107155,0.00440900726244,-0.00145125284325,0.00244274060242,-0.00277726515196,0.00361792370677,-0.00385011662729,0.00435310602188,-0.00413721520454,0.004731093999,-0.0051923324354,0.00458560185507,-0.00439859926701],[0.000995362875983,-0.00145125284325,0.00547968782485,0.0000745334182284,0.000156076726853,-0.00209269206971,0.00386448367499,-0.00411625625566,0.003494433593,-0.00438507739455,0.0032939107623,-0.00424815807492,0.00199884176254],[-0.000802771712188,0.00244274060242,0.0000745334182284,0.00825156457722,-0.00234302249737,-0.00191447429825,-0.000394831731683,0.0049664536491,-0.00573118915781,0.00505538843572,-0.00329244532622,0.00298285041936,-0.00560821220279],[0.000734444533009,-0.00277726515196,0.000156076726853,-0.00234302249737,0.00963975023478,-0.000838490261231,-0.00107875547837,-0.00289304787293,0.00397621234879,-0.00598772894591,0.00309261679649,-0.0029476264026,-0.00148488685954],[-0.000685988343321,0.00361792370677,-0.00209269206971,-0.00191447429825,-0.000838490261231,0.0151309194043,-0.00668104831129,-0.00199334672652,0.00278967991471,0.00122458348051,-0.00268115592189,0.0070929932408,-0.00431112665683],[0.00131668965332,-0.00385011662729,0.00386448367499,-0.000394831731683,-0.00107875547837,-0.00668104831129,0.0168782155961,-0.00642750924453,-0.00126090401318,0.000920803984627,0.00358948414214,-0.00383529486135,0.00576719688252],[-0.0015930661466,0.00435310602188,-0.00411625625566,0.0049664536491,-0.00289304787293,-0.00199334672652,-0.00642750924453,0.023468028754,-0.00860362220556,0.000980070442893,-0.00312916189432,0.0030570384115,-0.00496812257916],[0.00154015165754,-0.00413721520454,0.003494433593,-0.00573118915781,0.00397621234879,0.00278967991471,-0.00126090401318,-0.00860362220556,0.0304964669049,-0.0126264039427,-0.000474206724903,0.0012308092555,0.00134616089053],[-0.00152330880519,0.004731093999,-0.00438507739455,0.00505538843572,-0.00598772894591,0.00122458348051,0.000920803984627,0.000980070442893,-0.0126264039427,0.0312666483223,-0.0092904381454,-0.000773897510953,0.00115584384184],[0.00141791778151,-0.0051923324354,0.0032939107623,-0.00329244532622,0.00309261679649,-0.00268115592189,0.00358948414214,-0.00312916189432,-0.000474206724903,-0.0092904381454,0.0323703996837,-0.0116833522916,-0.000378706550691],[-0.00133164168801,0.00458560185507,-0.00424815807492,0.00298285041936,-0.0029476264026,0.0070929932408,-0.00383529486135,0.0030570384115,0.0012308092555,-0.000773897510953,-0.0116833522916,0.0365566648543,-0.0134796071798],[0.00125224504154,-0.00439859926701,0.00199884176254,-0.00560821220279,-0.00148488685954,-0.00431112665683,0.00576719688252,-0.00496812257916,0.00134616089053,0.00115584384184,-0.000378706550691,-0.0134796071798,0.0351028256118]],"mean":[-8.11804580688,113.668426514,-123.89201355,54.196647644,-41.6494064331,7.42569971085,-32.7635154724,5.02566146851,-17.3398647308,-2.87143373489,-13.2866210938,-3.29059958458,-10.2548761368]},"hfc":{"dmean":5.07065486908,"dmean2":7.52745437622,"dvar":74.9119415283,"dvar2":167.216430664,"max":124.773544312,"mean":17.7461395264,"median":14.1397457123,"min":1.06035640831e-16,"var":177.148147583},"melbands":{"dmean":[0.00125179684255,0.00153101608157,0.000884143169969,0.000565816822927,0.000256704370258,0.000257619889453,0.000184066113434,0.000250243960181,0.0000829504133435,0.0000563238572795,0.0000415541835537,0.0000325718065142,0.0000295708232443,0.0000264284281002,0.000025285720767,0.0000215660420508,0.0000210253783735,0.0000208999172173,0.0000179191210918,0.0000176563025889,0.0000194134881895,0.0000181709619937,0.0000139752728501,0.0000100403822216,0.00000943697159528,0.00000789437490312,0.00000460635737909,0.0000027453054372,0.00000218726859202,0.0000020132440568,0.00000167823952779,0.00000137789913879,0.00000106997276816,7.56538213409e-7,4.84492431951e-7,4.11186704241e-7,3.45621003817e-7,3.303676408e-7,2.77192413023e-7,2.54166820923e-7],"dmean2":[0.00210461392999,0.00263677304611,0.0014832202578,0.000994578818791,0.000398175790906,0.000406746636145,0.000293262623018,0.000422243407229,0.000130138621898,0.0000840143256937,0.0000655432668282,0.0000507813310833,0.000046765730076,0.0000416594521084,0.0000410096909036,0.0000343654719472,0.0000332368363161,0.0000333873358613,0.000028814371035,0.0000289823237836,0.0000327653178829,0.0000297539136227,0.0000228692060773,0.0000161090301845,0.0000153279233928,0.0000130472644742,0.00000755641349315,0.00000443575299869,0.00000352594702235,0.0000032434888908,0.00000266996198661,0.00000214945089283,0.00000164960010807,0.00000118458297038,7.33456374746e-7,6.20970865839e-7,5.0677829222e-7,4.87623367462e-7,4.26040912771e-7,4.04930034392e-7],"dvar":[0.00000991249271465,0.0000102061976577,0.00000182218161626,0.00000270140913017,1.96514506001e-7,2.65915389264e-7,2.11445538412e-7,6.27385759344e-7,8.72342766911e-8,3.4947081673e-8,1.59131214872e-8,1.71796834536e-8,6.01622707208e-9,5.34070476732e-9,4.53358728336e-9,3.4954479311e-9,2.31368013637e-9,1.79633408148e-9,1.40303091367e-9,7.90334353518e-10,1.16469411893e-9,8.06257227648e-10,5.47914769111e-10,4.43940384454e-10,2.85808182676e-10,2.48412596049e-10,6.4848605652e-11,3.92758083001e-11,1.76962732662e-11,1.31388276994e-11,9.51855608222e-12,8.25200411475e-12,5.49788123014e-12,2.96677894925e-12,1.13110801107e-12,8.24505611355e-13,5.73589407308e-13,4.3950758831e-13,4.62044085717e-13,3.43292072286e-13],"dvar2":[0.0000260000797425,0.0000290875523206,0.00000516587624588,0.00000752757523514,4.39479919123e-7,6.01707426995e-7,5.03532760376e-7,0.00000164606171893,1.99652802735e-7,7.10394374437e-8,3.73231472395e-8,4.22007104817e-8,1.29058514986e-8,1.20598242503e-8,1.15361116215e-8,7.81043762998e-9,4.88892926143e-9,4.17778123207e-9,3.09279535315e-9,1.94037474976e-9,3.07786618414e-9,1.94731875069e-9,1.2426175644e-9,9.4663277217e-10,6.26237561807e-10,6.00327676459e-10,1.54713686307e-10,9.35514027356e-11,4.09606064344e-11,3.17847727305e-11,2.18866626212e-11,1.86724923718e-11,1.27084159168e-11,7.1316576776e-12,2.5284305899e-12,1.89854273795e-12,1.2807585938e-12,9.63151216768e-13,1.13048502851e-12,8.68689668809e-13],"max":[0.024799214676,0.0340796858072,0.0165275800973,0.0164424683899,0.00777836376801,0.0113972341642,0.0112040890381,0.0118685783818,0.00829116906971,0.00533776078373,0.00427676318213,0.00485053192824,0.00254057021812,0.00234659854323,0.00223034271039,0.00161584338639,0.00151239638217,0.00134015316144,0.0011876601493,0.000713295885362,0.00139024702366,0.000569707131945,0.000518904766068,0.000959627737757,0.000772876781411,0.000549994059838,0.000256379513303,0.00020272184338,0.000092521921033,0.0000906214118004,0.0000673916511005,0.0000841643704916,0.0000500281130371,0.0000408062260249,0.0000315932993544,0.0000235560801229,0.0000176248413482,0.0000125480873976,0.0000131709957714,0.00000804956744105],"mean":[0.00189076340757,0.00351199507713,0.00187365221791,0.000714164110832,0.000532745791133,0.000490703154355,0.000289860821795,0.000260659959167,0.000122842160636,0.0000966731313383,0.0000736500223866,0.0000539627326361,0.0000465096018161,0.0000435467773059,0.0000433509958384,0.0000370429443137,0.0000379166594939,0.0000394474009227,0.0000372472932213,0.0000357843236998,0.0000391148460039,0.000038532387407,0.0000302668722725,0.0000219088724407,0.0000203595045605,0.000017883907276,0.0000104024065877,0.00000547352510694,0.00000426151291322,0.00000438766437583,0.00000363756407751,0.00000280031508737,0.00000204005505111,0.00000135131654133,9.00433633433e-7,7.6076133837e-7,5.88154364323e-7,4.90294212341e-7,3.53963059752e-7,2.79729931663e-7],"median":[0.00108346762136,0.002899303101,0.00146481266711,0.00038547537406,0.000290358351776,0.000203759482247,0.00011989648192,0.0000712457695045,0.0000481662391394,0.0000453875436506,0.0000401308607252,0.0000249053009611,0.0000234371982515,0.0000223591941904,0.0000273080022453,0.000020301569748,0.0000210691432585,0.0000248326541623,0.0000224715749937,0.0000245390183409,0.0000282267355942,0.0000277592953353,0.0000200764261535,0.0000126291051856,0.000013500557543,0.0000131884489747,0.00000770376118453,0.00000347099057763,0.0000027208436677,0.0000030400635751,0.00000242370879278,0.00000163520826391,0.00000105717219867,6.01258705046e-7,3.95468191527e-7,3.16984909432e-7,2.22403713224e-7,1.70815795286e-7,9.57313588401e-8,6.37687804783e-8],"min":[3.35698081887e-25,1.70865773235e-24,1.53741683603e-24,1.19464829246e-24,1.75329286288e-24,2.75652356365e-24,2.5202204767e-24,2.33607292851e-24,1.49236508834e-24,1.89111751264e-24,2.04185068783e-24,3.56008745563e-24,3.15674248036e-24,1.57201805027e-24,2.3319799237e-24,2.40908713288e-24,3.10233789918e-24,3.02544151307e-24,2.65669144115e-24,3.9803972791e-24,2.90013450815e-24,3.91322301201e-24,2.49747268642e-24,4.32938658256e-24,4.56170414699e-24,4.98607305425e-24,4.4826823724e-24,4.13648090338e-24,4.42577315783e-24,4.96070723184e-24,5.33343375437e-24,3.861162531e-24,5.16196931459e-24,5.66229014423e-24,5.83297282285e-24,6.62408237608e-24,5.26991980187e-24,4.64180902761e-24,6.59151662019e-24,6.3289521565e-24],"var":[0.000008577601875,0.00000889096372703,0.00000242217379309,0.00000191334174815,5.08869447913e-7,6.3139066242e-7,3.05701661318e-7,5.21395350006e-7,1.20043381457e-7,5.90690802937e-8,2.2766487362e-8,2.00402716644e-8,1.01494324056e-8,8.47685832639e-9,5.46033351867e-9,5.56760815229e-9,4.90496399053e-9,3.46344486424e-9,3.33611693826e-9,1.72502856444e-9,1.93104798818e-9,1.69223901558e-9,1.36836408871e-9,1.17969023439e-9,7.53757056771e-10,4.50713688593e-10,1.30843322288e-10,6.4390333343e-11,3.11779109474e-11,2.36937761078e-11,1.80190411203e-11,1.65058314239e-11,1.00496078473e-11,4.69154446195e-12,1.99307497589e-12,1.43727846465e-12,9.83190308682e-13,6.98070019758e-13,5.46262742072e-13,3.52901572982e-13]},"melbands_crest":{"dmean":2.44404125214,"dmean2":3.97725152969,"dvar":6.53979349136,"dvar2":16.7682189941,"max":29.9466667175,"mean":15.8795585632,"median":15.7142963409,"min":1.63948500156,"var":22.5746212006},"melbands_flatness_db":{"dmean":0.0197534877807,"dmean2":0.0299208071083,"dvar":0.000435952213593,"dvar2":0.00106938765384,"max":0.573547720909,"mean":0.212121576071,"median":0.205150529742,"min":0.00320607400499,"var":0.00491593964398},"melbands_kurtosis":{"dmean":6.36430263519,"dmean2":10.4205713272,"dvar":118.569526672,"dvar2":298.368774414,"max":408.496124268,"mean":16.7610645294,"median":13.5605831146,"min":-1.60192596912,"var":282.044158936},"melbands_skewness":{"dmean":0.629881024361,"dmean2":1.00084352493,"dvar":0.588883042336,"dvar2":1.47745466232,"max":17.1186332703,"mean":3.466370821,"median":3.38235640526,"min":-0.445359826088,"var":1.70213651657},"melbands_spread":{"dmean":4.66017532349,"dmean2":7.33627700806,"dvar":30.9605808258,"dvar2":74.3649139404,"max":154.968109131,"mean":19.6268997192,"median":16.559841156,"min":0.618710696697,"var":253.108200073},"mfcc":{"cov":[[8341.29296875,170.53213501,-598.48614502,243.717208862,-71.9978866577,-55.5088043213,-161.137420654,-21.4564590454,-67.0314178467,-25.128200531,8.15861415863,-62.7226104736,-76.4197845459],[170.53213501,946.655639648,-162.862060547,154.590835571,-9.38618755341,-1.74400365353,-6.75092744827,18.9434661865,-11.7757263184,-14.5418891907,9.87994098663,23.8485870361,12.4343900681],[-598.48614502,-162.862060547,386.92666626,-98.4437026978,63.097694397,-22.5193424225,20.4676361084,-30.0556697845,9.37696743011,1.60584378242,-0.342389792204,12.044508934,17.4039115906],[243.717208862,154.590835571,-98.4437026978,202.025650024,22.8387508392,44.0548057556,-18.3579235077,17.3511581421,-5.7886095047,-4.08482122421,-11.2390794754,-6.23637723923,-0.526717662811],[-71.9978866577,-9.38618755341,63.097694397,22.8387508392,137.198440552,9.34967517853,22.6758556366,-18.028503418,14.3441324234,-3.76198720932,0.38714325428,-0.525909006596,5.42484283447],[-55.5088043213,-1.74400365353,-22.5193424225,44.0548057556,9.34967517853,96.005355835,26.0498638153,24.470621109,9.1819524765,9.83347797394,-9.30010795593,0.437851250172,-3.57301735878],[-161.137420654,-6.75092744827,20.4676361084,-18.3579235077,22.6758556366,26.0498638153,92.3434371948,30.180273056,31.3522434235,9.11119365692,7.72568273544,7.00057792664,3.43672394753],[-21.4564590454,18.9434661865,-30.0556697845,17.3511581421,-18.028503418,24.470621109,30.180273056,69.7172851562,21.8957805634,12.8394031525,-4.37171125412,4.07611560822,-2.03550648689],[-67.0314178467,-11.7757263184,9.37696743011,-5.7886095047,14.3441324234,9.1819524765,31.3522434235,21.8957805634,59.688621521,22.9571819305,8.95150470734,2.60344982147,4.18121957779],[-25.128200531,-14.5418891907,1.60584378242,-4.08482122421,-3.76198720932,9.83347797394,9.11119365692,12.8394031525,22.9571819305,49.1532516479,12.8763036728,7.4748044014,-2.18435072899],[8.15861415863,9.87994098663,-0.342389792204,-11.2390794754,0.38714325428,-9.30010795593,7.72568273544,-4.37171125412,8.95150470734,12.8763036728,46.70129776,13.4434728622,7.19650220871],[-62.7226104736,23.8485870361,12.044508934,-6.23637723923,-0.525909006596,0.437851250172,7.00057792664,4.07611560822,2.60344982147,7.4748044014,13.4434728622,39.4476661682,15.7766742706],[-76.4197845459,12.4343900681,17.4039115906,-0.526717662811,5.42484283447,-3.57301735878,3.43672394753,-2.03550648689,4.18121957779,-2.18435072899,7.19650220871,15.7766742706,37.5319099426]],"icov":[[0.000142763150507,0.0000250099219556,0.000199792979402,-0.000111247150926,-0.0000345596890838,0.000134476053063,0.000135483875056,0.0000201032707992,0.0000244846487476,0.0000200596641662,-0.000105639584945,0.0000606599860475,0.000187869503861],[0.0000250099219556,0.00132903526537,0.000389526510844,-0.00106737040915,0.000107697625936,0.000641321646981,-0.000337533536367,-0.0000370011730411,0.000112387424451,0.000405838916777,-0.000201635732083,-0.000991299864836,-0.0000441493211838],[0.000199792979402,0.000389526510844,0.00386649579741,0.0013655963121,-0.00175272929482,0.000493319297675,-0.000159380098921,0.00086124741938,0.0000655845506117,-0.000424500380177,0.00095462508034,-0.00081928219879,-0.00100507575553],[-0.000111247150926,-0.00106737040915,0.0013655963121,0.00824532750994,-0.00270995870233,-0.00365247670561,0.00323240738362,-0.00231588771567,0.000531655910891,0.000146342965309,0.000468209618703,0.0014016572386,-0.00149770069402],[-0.0000345596890838,0.000107697625936,-0.00175272929482,-0.00270995870233,0.0100595783442,-0.000291832984658,-0.00329368468374,0.00471029710025,-0.00294992956333,0.00134460476693,0.000341009756085,0.0000136335493153,0.0000797176689957],[0.000134476053063,0.000641321646981,0.000493319297675,-0.00365247670561,-0.000291832984658,0.0144951483235,-0.00431323610246,-0.00188042304944,0.00125524855684,-0.00287254224531,0.00310413283296,-0.00113119278103,0.00106968928594],[0.000135483875056,-0.000337533536367,-0.000159380098921,0.00323240738362,-0.00329368468374,-0.00431323610246,0.0178902186453,-0.00671729864553,-0.00568196410313,0.00288876285776,-0.00314081669785,-0.000708024483174,0.00027090171352],[0.0000201032707992,-0.0000370011730411,0.00086124741938,-0.00231588771567,0.00471029710025,-0.00188042304944,-0.00671729864553,0.0228550042957,-0.0058918595314,-0.00214160978794,0.00465605314821,-0.00307098519988,0.00154596066568],[0.0000244846487476,0.000112387424451,0.0000655845506117,0.000531655910891,-0.00294992956333,0.00125524855684,-0.00568196410313,-0.0058918595314,0.0270576030016,-0.0107433199883,-0.00202391692437,0.00426087994128,-0.00430630240589],[0.0000200596641662,0.000405838916777,-0.000424500380177,0.000146342965309,0.00134460476693,-0.00287254224531,0.00288876285776,-0.00214160978794,-0.0107433199883,0.0289730653167,-0.00665273191407,-0.00502718240023,0.0055287014693],[-0.000105639584945,-0.000201635732083,0.00095462508034,0.000468209618703,0.000341009756085,0.00310413283296,-0.00314081669785,0.00465605314821,-0.00202391692437,-0.00665273191407,0.0278658717871,-0.0074513182044,-0.0021706817206],[0.0000606599860475,-0.000991299864836,-0.00081928219879,0.0014016572386,0.0000136335493153,-0.00113119278103,-0.000708024483174,-0.00307098519988,0.00426087994128,-0.00502718240023,-0.0074513182044,0.0356581099331,-0.0136874038726],[0.000187869503861,-0.0000441493211838,-0.00100507575553,-0.00149770069402,0.0000797176689957,0.00106968928594,0.00027090171352,0.00154596066568,-0.00430630240589,0.0055287014693,-0.0021706817206,-0.0136874038726,0.0346068143845]],"mean":[-632.583862305,128.90512085,-11.6331520081,45.5672798157,12.4756298065,10.7989368439,-0.874004900455,7.20604705811,0.67759513855,0.82720541954,0.413102775812,1.08501911163,-1.47267413139]},"pitch_salience":{"dmean":0.062656506896,"dmean2":0.103410743177,"dvar":0.00408659828827,"dvar2":0.0108919572085,"max":0.836416125298,"mean":0.528884351254,"median":0.534426808357,"min":0.0716512054205,"var":0.013515480794},"silence_rate_20dB":{"dmean":0,"dmean2":0,"dvar":0,"dvar2":0,"max":1,"mean":1,"median":1,"min":1,"var":0},"silence_rate_30dB":{"dmean":0.00333889806643,"dmean2":0.00667859287933,"dvar":0.00332783139311,"dvar2":0.00949636194855,"max":1,"mean":0.998092293739,"median":1,"min":0,"var":0.00190415093675},"silence_rate_60dB":{"dmean":0.000476985442219,"dmean2":0.000954084680416,"dvar":0.000476768851513,"dvar2":0.000953217619099,"max":1,"mean":0.036604270339,"median":0,"min":0,"var":0.0352635122836},"spectral_centroid":{"dmean":205.913497925,"dmean2":323.951141357,"dvar":62586.7109375,"dvar2":139747.953125,"max":11975.4873047,"mean":1518.91931152,"median":1418.86901855,"min":147.644760132,"var":1286315.5},"spectral_complexity":{"dmean":3.80205106735,"dmean2":5.90196800232,"dvar":12.1137771606,"dvar2":26.1389198303,"max":56,"mean":25.9761543274,"median":26,"min":0,"var":92.9732589722},"spectral_contrast_coeffs":{"dmean":[0.0456553772092,0.0443098731339,0.0312074627727,0.0248768478632,0.0191847383976,0.0209447871894],"dmean2":[0.0756041333079,0.071987554431,0.0514823645353,0.0416080467403,0.0319539122283,0.0307895578444],"dvar":[0.00162637559697,0.00147239863873,0.000598870101385,0.000406039005611,0.000266047281912,0.000413560483139],"dvar2":[0.00443241046742,0.00373548828065,0.00161596271209,0.00109917332884,0.000678236305248,0.000855546852108],"max":[-0.366597175598,-0.465763390064,-0.582315146923,-0.639380931854,-0.626325786114,-0.599629998207],"mean":[-0.630772471428,-0.742209851742,-0.805997669697,-0.811054468155,-0.79584556818,-0.721533417702],"median":[-0.629483699799,-0.750578403473,-0.807733893394,-0.812076330185,-0.797756552696,-0.71769797802],"min":[-0.980087637901,-0.979567170143,-0.985810756683,-0.97824037075,-0.978342056274,-0.965147435665],"var":[0.00531675945967,0.00546028185636,0.0021435895469,0.00150184775703,0.00130761251785,0.00267360475846]},"spectral_contrast_valleys":{"dmean":[0.35657826066,0.33247512579,0.275086194277,0.231426313519,0.176985636353,0.322955220938],"dmean2":[0.579962909222,0.542533457279,0.450515449047,0.376884102821,0.283094078302,0.409895122051],"dvar":[0.112582489848,0.110006183386,0.0815619081259,0.0666200891137,0.0550555922091,0.155772358179],"dvar2":[0.2567461133,0.243152737617,0.172536283731,0.134740740061,0.101981185377,0.284382402897],"max":[-5.11025333405,-4.58856916428,-5.22499704361,-5.74788141251,-5.59306573868,-8.30738353729],"mean":[-7.07342672348,-6.84078598022,-7.37966537476,-7.42611217499,-7.2905330658,-10.678237915],"median":[-6.76540994644,-6.55952215195,-7.09355115891,-7.08712911606,-6.90728712082,-10.3917770386],"min":[-28.2977581024,-27.953332901,-28.0014648438,-27.6421127319,-27.5949821472,-27.417181015],"var":[5.38087272644,5.54373979568,5.30583810806,5.45485162735,5.72312545776,4.52865028381]},"spectral_decrease":{"dmean":2.93672219875e-9,"dmean2":4.75078332229e-9,"dvar":2.34290818679e-17,"dvar2":6.01758609335e-17,"max":1.63324131517e-28,"mean":-8.11283928925e-9,"median":-6.63145094393e-9,"min":-4.17298018363e-8,"var":2.95206731637e-17},"spectral_energy":{"dmean":0.0114424824715,"dmean2":0.0184494294226,"dvar":0.000352652336005,"dvar2":0.000902059429791,"max":0.161045238376,"mean":0.0322293117642,"median":0.0264133214951,"min":9.95676172419e-21,"var":0.000455820409115},"spectral_energyband_high":{"dmean":0.000210706464713,"dmean2":0.000301252817735,"dvar":1.69517718973e-7,"dvar2":3.42740378301e-7,"max":0.00858052168041,"mean":0.00052161567146,"median":0.000316190707963,"min":6.85477061143e-21,"var":3.95211458226e-7},"spectral_energyband_low":{"dmean":0.00757778529078,"dmean2":0.0126341609284,"dvar":0.000232410398894,"dvar2":0.00062788737705,"max":0.140714526176,"mean":0.0170492194593,"median":0.0137509675696,"min":1.69942064447e-23,"var":0.000215647349251},"spectral_energyband_middle_high":{"dmean":0.00137894344516,"dmean2":0.00209867814556,"dvar":0.00000701201406628,"dvar2":0.0000147590781125,"max":0.0517198629677,"mean":0.00469998829067,"median":0.00351246027276,"min":1.14041226166e-21,"var":0.0000184615510079},"spectral_energyband_middle_low":{"dmean":0.00560796819627,"dmean2":0.00906238611788,"dvar":0.000118576361274,"dvar2":0.000298793485854,"max":0.117565177381,"mean":0.0123563557863,"median":0.0087710423395,"min":1.77166433684e-22,"var":0.000151841290062},"spectral_entropy":{"dmean":0.0892779454589,"dmean2":0.12990295887,"dvar":0.00863058678806,"dvar2":0.0162912812084,"max":9.82224082947,"mean":7.71071815491,"median":7.73998880386,"min":5.52834129333,"var":0.174820944667},"spectral_flux":{"dmean":0.0268258769065,"dmean2":0.0400907769799,"dvar":0.00142158556264,"dvar2":0.00260923523456,"max":0.361252576113,"mean":0.0805136188865,"median":0.0628476962447,"min":6.36765640216e-11,"var":0.00314317783341},"spectral_kurtosis":{"dmean":1.51561248302,"dmean2":2.63876795769,"dvar":5.37894010544,"dvar2":16.8997936249,"max":73.9229660034,"mean":4.39686536789,"median":3.31129980087,"min":-1.26620459557,"var":35.7332496643},"spectral_rms":{"dmean":0.000848657917231,"dmean2":0.00132418784779,"dvar":0.00000144273576552,"dvar2":0.00000355106499228,"max":0.0125346444547,"mean":0.00531931221485,"median":0.00507632689551,"min":3.11671521924e-12,"var":0.00000314817543767},"spectral_rolloff":{"dmean":368.28503418,"dmean2":605.005432129,"dvar":278955.90625,"dvar2":634371.5,"max":19552.1484375,"mean":1265.19055176,"median":775.1953125,"min":86.1328125,"var":4528180.5},"spectral_skewness":{"dmean":0.197948753834,"dmean2":0.318024724722,"dvar":0.0385422073305,"dvar2":0.10646045208,"max":7.04741811752,"mean":1.26663970947,"median":1.18928945065,"min":-0.122637957335,"var":0.405354946852},"spectral_spread":{"dmean":388198.375,"dmean2":560592.5,"dvar":454872629248,"dvar2":943093448704,"max":45768848,"mean":4090528,"median":3511018.5,"min":1166644.5,"var":16651197087700},"spectral_strongpeak":{"dmean":0.224051684141,"dmean2":0.387841254473,"dvar":0.163966760039,"dvar2":0.416886627674,"max":8.36379432678,"mean":0.501705467701,"median":0.383195400238,"min":0,"var":0.219591796398},"zerocrossingrate":{"dmean":0.00661794003099,"dmean2":0.0083210458979,"dvar":0.0000623971718596,"dvar2":0.000105107006675,"max":0.53173828125,"mean":0.0511497184634,"median":0.0439453125,"min":0.00341796875,"var":0.00284677417949}},"metadata":{"audio_properties":{"analysis_sample_rate":44100,"bit_rate":0,"codec":"flac","downmix":"mix","equal_loudness":0,"length":194.706665039,"lossless":true,"md5_encoded":"9f2877e88aeccc3c94a08c265e9a7505","replay_gain":-13.5819606781,"sample_rate":44100},"tags":{"album":["¡Adios Amigos!"],"albumartist":["Ramones"],"albumartistsort":["Ramones"],"artist":["Ramones"],"artistsort":["Ramones"],"asin":["B0000258VT"],"barcode":["724383413621"],"catalognumber":["8 34136 2"],"date":["1995-06-22"],"discnumber":["1"],"disctotal":["1"],"file_name":"01-12 She Talks to Rainbows.flac","genre":["Alternative"],"label":["Chrysalis"],"labelno":["RARD-11273"],"media":["CD"],"musicbrainz_albumartistid":["d6ed7887-a401-47a8-893c-34b967444d26"],"musicbrainz_albumid":["4713fb6c-0095-4329-b099-56dac4005f48"],"musicbrainz_artistid":["d6ed7887-a401-47a8-893c-34b967444d26"],"musicbrainz_recordingid":["335ac466-19a4-436d-ae42-48d49ff9d9b9"],"musicbrainz_releasegroupid":["fc1f2ab6-a252-3aca-958d-3a2a50e1a8ea"],"originaldate":["1995-06-22"],"publisher":["Chrysalis"],"release date":["1995-06-22"],"releasecountry":["GB"],"releasestatus":["official"],"releasetype":["album"],"script":["Latn"],"title":["She Talks to Rainbows"],"totaldiscs":["1"],"totaltracks":["13"],"tracknumber":["12"],"tracktotal":["13"]},"version":{"essentia":"2.1-beta1","essentia_build_sha":"ca57ba49d9b1854bd80e60cf9ccf267278fb7d6b","essentia_git_sha":"v2.1_beta1-28-g21ef5f4-dirty","extractor":"music 1.0"}},"rhythm":{"beats_count":408,"beats_loudness":{"dmean":0.0188018362969,"dmean2":0.03028752096,"dvar":0.000324767286656,"dvar2":0.000840554886963,"max":0.138687491417,"mean":0.0456939414144,"median":0.0412743017077,"min":0,"var":0.000551788078155},"beats_loudness_band_ratio":{"dmean":[0.273317217827,0.153688296676,0.145659416914,0.056637339294,0.0519673153758,0.0380882322788],"dmean2":[0.510742664337,0.286214441061,0.273845106363,0.104003161192,0.0912737250328,0.0733835995197],"dvar":[0.0322711803