{"lowlevel":{"average_loudness":0.173693075776,"barkbands":{"dmean":[0.0000674230541335,0.00497869774699,0.00246775406413,0.00114142813254,0.00207470776513,0.00130510039162,0.00107915373519,0.000626940571237,0.00032266616472,0.000301119027426,0.000288681563688,0.000157538073836,0.000230067176744,0.000453088490758,0.000238093547523,0.00040129662375,0.000156357084052,0.0000777574459789,0.0000856962651596,0.0000794924562797,0.0000415045469708,0.0000277046565316,0.0000166160752997,0.0000212006561924,0.00000516604177392,0.00000338762515639,7.71115082898e-7],"dmean2":[0.000103073893115,0.0082568442449,0.00436766445637,0.00191352842376,0.00307845091447,0.00216919928789,0.00188084598631,0.000966004736256,0.000494920590427,0.000461393065052,0.000468634651043,0.000254050682997,0.00038286371273,0.000751208921429,0.000396252871724,0.000726512749679,0.000257270614384,0.000133565437864,0.000132438726723,0.000128041370772,0.0000653825045447,0.0000426746046287,0.000025167621061,0.0000324977991113,0.00000751176139602,0.0000051418842304,0.00000118899777135],"dvar":[6.54909442233e-8,0.000277363084024,0.00014428148279,0.0000139859193951,0.0000106687894004,0.0000290701100312,0.0000233687223954,0.00000214335659621,6.79947504523e-7,4.94572304888e-7,4.28279065545e-7,1.37336883199e-7,1.99426892777e-7,0.00000183798454145,3.49324153603e-7,9.46728562212e-7,1.42008701687e-7,4.0370146337e-8,4.23484571854e-8,5.14591036449e-8,1.61099649176e-8,5.276735493e-9,2.97266167237e-9,4.15203205151e-9,3.65329877461e-10,2.11669792805e-10,2.44764434415e-11],"dvar2":[1.43213682691e-7,0.000762722454965,0.000410897686379,0.0000365982123185,0.0000261691511696,0.000077957593021,0.0000670661902404,0.00000451748792329,0.00000145231365423,0.00000102881494968,0.0000011188311646,3.26542533458e-7,5.30923784936e-7,0.00000467854169983,9.22898777844e-7,0.00000301992963614,3.59725277121e-7,1.10698110234e-7,9.65752562365e-8,1.33229974608e-7,3.7218676141e-8,1.22710845929e-8,6.81537137837e-9,9.92526860699e-9,7.35825900211e-10,5.14912168459e-10,5.98620042425e-11],"max":[0.00689790723845,0.39362937212,0.231345415115,0.0652485787868,0.0601874887943,0.0884377285838,0.0679572597146,0.0276406034827,0.0296427719295,0.016678404063,0.00988529250026,0.00935567636043,0.00628585368395,0.02304790169,0.0103746801615,0.0124709801748,0.0100796036422,0.00269294320606,0.0079009719193,0.00692454306409,0.00425856932998,0.00172430137172,0.00192066968884,0.00190690695308,0.000823790731374,0.00060417689383,0.000231932106544],"mean":[0.0000812674770714,0.0151557037607,0.00329661881551,0.00155538925901,0.00448519410565,0.00188528024592,0.0012379840482,0.00127277022693,0.000593708304223,0.00063708081143,0.000465040648123,0.000285867368802,0.000379919685656,0.000630931986962,0.000351809401764,0.000550697091967,0.000278378429357,0.000119260890642,0.000185772019904,0.000148176215589,0.0000990631597233,0.0000679326767568,0.0000472041974717,0.0000544263821212,0.0000133464400278,0.00000448109040008,8.46744455885e-7],"median":[0.0000111325825856,0.00316383549944,0.000739968032576,0.000475182052469,0.00320727494545,0.000777847715653,0.000222369533731,0.00030173943378,0.000135877853609,0.000154147855937,0.0000894743425306,0.0000472449610243,0.0000971174158622,0.0000602775289735,0.0000566337330383,0.0000637684715912,0.0000503630290041,0.0000236521609622,0.0000360660415026,0.0000220864130824,0.00000824693051982,0.00000492941489938,0.0000024909518288,0.00000346923752659,6.9630868893e-7,3.81471693345e-7,6.67806077104e-8],"min":[2.30609128373e-24,1.28523632593e-23,4.03546371459e-23,2.76037513757e-23,1.16440804724e-22,5.16754316909e-23,1.03091971854e-22,7.55721868335e-23,4.69982438294e-23,9.10298720951e-23,3.82337593587e-23,7.78294902256e-23,7.49942799561e-23,1.51018017083e-22,1.88752250783e-22,1.76383871044e-22,2.5560671051e-22,1.52329684509e-22,1.66979866504e-22,3.49402246897e-22,2.64126761696e-22,6.19749372468e-22,6.78725825433e-22,6.5990115561e-22,1.09369523728e-21,1.68715158547e-21,2.34609060846e-21],"var":[8.92370550787e-8,0.000841540808324,0.000108853535494,0.0000161395237228,0.000022484058718,0.0000237144467974,0.000015708621504,0.00000713928920959,0.00000200646059056,0.00000195502457245,8.48251659136e-7,3.66212731251e-7,4.32311026088e-7,0.00000270453710982,5.42214422694e-7,0.00000144326736518,3.16279823664e-7,5.54897638949e-8,1.54965974275e-7,1.18496117807e-7,6.52293508097e-8,2.64431516683e-8,1.82308035335e-8,2.37448460894e-8,2.068395899e-9,2.8232408078e-10,2.36365510498e-11]},"barkbands_crest":{"dmean":2.37777018547,"dmean2":3.73037672043,"dvar":5.64890480042,"dvar2":14.0416107178,"max":26.6369895935,"mean":12.9624242783,"median":12.2435836792,"min":2.75872373581,"var":24.4434013367},"barkbands_flatness_db":{"dmean":0.021689850837,"dmean2":0.0313650593162,"dvar":0.000572747085243,"dvar2":0.00119553063996,"max":0.649696648121,"mean":0.208180069923,"median":0.194096565247,"min":0.0413078069687,"var":0.00789905712008},"barkbands_kurtosis":{"dmean":4.36714887619,"dmean2":6.79883813858,"dvar":114.575752258,"dvar2":254.680038452,"max":587.021789551,"mean":12.3193616867,"median":5.53029727936,"min":-1.98855280876,"var":1208.51647949},"barkbands_skewness":{"dmean":0.552824378014,"dmean2":0.846008658409,"dvar":0.414432525635,"dvar2":0.926860272884,"max":20.1267223358,"mean":2.15098381042,"median":2.03104543686,"min":-9.83912754059,"var":3.30775642395},"barkbands_spread":{"dmean":4.0498585701,"dmean2":6.26849222183,"dvar":38.1212463379,"dvar2":84.4997940063,"max":149.969665527,"mean":14.1139221191,"median":10.4589138031,"min":0.143808230758,"var":151.770477295},"dissonance":{"dmean":0.0216437187046,"dmean2":0.0359852537513,"dvar":0.000474945845781,"dvar2":0.00126078969333,"max":0.499945610762,"mean":0.449022710323,"median":0.459851890802,"min":0.0777772292495,"var":0.00191176997032},"dynamic_complexity":4.60639715195,"erbbands":{"dmean":[0.117188557982,1.259354949,2.87979531288,3.2950732708,4.19591760635,8.15616226196,9.30569171906,12.2568893433,17.0145492554,14.7599258423,9.64982795715,7.32330274582,9.92602062225,5.77815198898,12.8821983337,5.45604610443,10.8685064316,24.4401836395,12.3876619339,17.8040447235,12.9226293564,7.87159347534,4.58368873596,4.26336526871,4.04588127136,4.02091026306,1.70457744598,1.79445183277,1.04908192158,0.718432188034,0.484800845385,0.557786822319,0.267623603344,0.0765098929405,0.0312756821513,0.0153810232878,0.00607567513362,0.00140201870818,0.000120075186715,0.0000162865144375],"dmean2":[0.18257433176,2.13484525681,5.12436676025,5.51527404785,6.96691322327,12.1169052124,13.5484247208,20.6057071686,30.5156803131,23.4174346924,14.5694141388,11.2128152847,15.0824098587,8.97883701324,20.6784000397,8.76182079315,17.9574337006,40.436920166,20.5486297607,31.397600174,22.5569152832,13.0591497421,7.83762741089,6.82995986938,6.15353012085,6.51509904861,2.63857984543,2.8340959549,1.61788225174,1.10824763775,0.730259120464,0.875498712063,0.398165494204,0.111340984702,0.0468831732869,0.0231935381889,0.00929293781519,0.00215505296364,0.000183523457963,0.0000258554482571],"dvar":[0.14663413167,19.4390048981,186.576828003,150.490829468,107.358406067,163.451766968,370.48828125,2807.47558594,8109.27685547,1423.24511719,509.685058594,345.779846191,571.529968262,217.981719971,941.616821289,146.831680298,466.988586426,5505.25146484,805.644897461,1618.99853516,810.149108887,423.995483398,141.391677856,112.1147995,101.754432678,166.845703125,23.8342170715,34.1262626648,7.94650697708,4.45282077789,2.12200880051,3.25953197479,0.622937142849,0.0744586884975,0.0175159052014,0.0062567894347,0.000642674742267,0.0000341040431522,6.97844541264e-7,3.24163162979e-9],"dvar2":[0.349650263786,55.9094161987,534.884277344,408.090698242,282.746704102,403.247161865,921.563964844,7660.47900391,23503.7089844,3398.83203125,1106.63098145,765.469116211,1138.90063477,493.515441895,2472.16625977,351.638519287,1236.81408691,14021.0107422,2115.15869141,4828.60058594,2470.61865234,1105.75109863,395.883972168,282.526550293,217.179672241,437.628662109,53.7752571106,82.9749908447,18.8259849548,10.6949548721,4.75893115997,8.0574760437,1.40823662281,0.149358913302,0.0391005538404,0.0151920598,0.00156632007565,0.000083943203208,0.00000174004765086,8.33295121794e-9],"max":[8.64308261871,99.6358184814,281.842529297,197.719055176,200.188278198,199.516815186,432.90512085,906.148986816,1226.87695312,587.016113281,610.70123291,837.503662109,644.77355957,417.237121582,546.996948242,464.736206055,346.867218018,1208.08740234,337.367675781,702.588378906,350.608703613,688.62677002,158.282119751,271.704437256,488.066040039,473.581481934,136.72694397,222.764678955,72.6617736816,76.0398788452,39.2922286987,59.1168212891,26.1821346283,12.7607555389,4.75796365738,3.18926072121,1.10971903801,0.184294819832,0.0404815748334,0.00232575042173],"mean":[0.315258383751,3.76254892349,5.02486515045,4.53859758377,7.24410533905,16.4870681763,18.4735889435,16.94024086,17.7088241577,26.2406177521,20.1676673889,14.7512550354,22.5365104675,11.8694095612,23.0285148621,11.8113489151,18.9129085541,34.284828186,19.4207344055,26.9430789948,21.3860359192,14.3997144699,7.81051015854,8.28098106384,8.66932201385,7.35755348206,4.11249876022,4.31835889816,2.5256986618,1.85238134861,1.37072014809,1.33637714386,0.698407948017,0.218201056123,0.0695272758603,0.0237021893263,0.00743173342198,0.00161671172827,0.00015167730453,0.0000450128100056],"median":[0.0635103359818,0.788745880127,1.25722074509,1.65148258209,3.39029192924,11.0421648026,12.1835289001,7.15128421783,3.9618434906,6.37607288361,4.24066352844,4.12952423096,6.72231769562,2.48004865646,3.95187759399,2.41346216202,4.7646613121,3.97768831253,2.87381696701,3.75493645668,3.10627555847,2.81784343719,1.92953872681,1.64412546158,1.66189622879,1.13052415848,0.481614172459,0.322097718716,0.165694907308,0.109596289694,0.0677154660225,0.0890077799559,0.0407360419631,0.00923852995038,0.00428562983871,0.00181827135384,0.000584294903092,0.00011849560542,0.000025733577786,0.0000234609888139],"min":[2.06845173231e-22,4.01206305829e-21,3.77249967833e-20,7.90276401888e-20,2.20746717392e-19,4.52897101804e-19,5.06868827316e-19,3.42918166089e-19,1.39445394221e-18,1.58203565427e-18,1.20711604163e-18,1.1581927545e-18,2.51863861339e-18,2.28101257766e-18,1.78978640781e-18,3.52060186899e-18,3.51105206881e-18,7.51918509185e-18,5.67450821936e-18,1.22320003098e-17,1.19535903407e-17,1.38097737091e-17,1.12070507389e-17,7.68025783663e-18,1.052576907e-17,1.41310126087e-17,1.66162221652e-17,8.32107052127e-18,2.05231665975e-17,2.8317595211e-17,1.57445293096e-17,1.40428550078e-17,1.20663003166e-17,1.12676135946e-17,8.18774968604e-18,6.64497429839e-18,3.43094686432e-18,1.30331787066e-18,2.75041637878e-19,3.45607175164e-20],"var":[0.406807214022,53.2369689941,172.176925659,143.713729858,143.180114746,350.334686279,548.189941406,2119.94628906,4835.16796875,2854.82324219,1852.18359375,1083.86218262,2507.63549805,558.666442871,2203.04101562,471.006347656,1060.80358887,7717.0703125,1446.9909668,2939.65795898,1681.09472656,791.01171875,192.490509033,296.01361084,376.575317383,311.847503662,95.8606567383,135.939300537,38.0365638733,24.6133232117,14.3088626862,14.7735691071,4.03158092499,0.546623468399,0.0579254664481,0.00937312748283,0.000778725428972,0.0000392326292058,6.58462113279e-7,4.93062124463e-9]},"erbbands_crest":{"dmean":2.3564157486,"dmean2":3.72824931145,"dvar":5.74792480469,"dvar2":13.9875583649,"max":28.8000125885,"mean":9.45205402374,"median":8.63637161255,"min":2.14329481125,"var":16.9710845947},"erbbands_flatness_db":{"dmean":0.0180168710649,"dmean2":0.0252389404923,"dvar":0.000367813481716,"dvar2":0.000753659347538,"max":0.456481814384,"mean":0.192345991731,"median":0.18645632267,"min":0.0240759328008,"var":0.00415751803666},"erbbands_kurtosis":{"dmean":1.31958127022,"dmean2":2.0369913578,"dvar":5.61765956879,"dvar2":12.5439138412,"max":133.177139282,"mean":2.26286840439,"median":0.325345993042,"min":-1.80035448074,"var":92.0307235718},"erbbands_skewness":{"dmean":0.412517249584,"dmean2":0.617481410503,"dvar":0.238644748926,"dvar2":0.562730789185,"max":9.37102031708,"mean":0.633277177811,"median":0.553037285805,"min":-3.40005803108,"var":1.60120248795},"erbbands_spread":{"dmean":7.08790302277,"dmean2":10.7128133774,"dvar":71.5153503418,"dvar2":160.092483521,"max":145.508056641,"mean":33.27784729,"median":31.3552875519,"min":1.29972302914,"var":312.122589111},"gfcc":{"cov":[[20750.0058594,-2.9093837738,-2717.57495117,1066.84594727,-1175.02880859,1058.20678711,72.1601715088,507.761749268,-7.45279788971,54.4716835022,-328.515777588,-276.774932861,-324.889343262],[-2.9093837738,2580.03710938,-338.259643555,-317.759918213,718.496398926,-524.012695312,168.337554932,-206.772201538,226.173477173,-99.2779159546,257.574645996,-194.265670776,198.276870728],[-2717.57495117,-338.259643555,1186.72119141,-42.7442169189,43.5233383179,-11.7678918839,-64.7655181885,-23.5595016479,-49.778339386,86.0067443848,7.76159286499,169.810272217,20.416425705],[1066.84594727,-317.759918213,-42.7442169189,425.136016846,-87.6943588257,128.670013428,-19.3192329407,53.1671104431,25.0858058929,37.8321647644,-6.66864347458,-12.784078598,13.4693832397],[-1175.02880859,718.496398926,43.5233383179,-87.6943588257,707.268371582,-161.810775757,74.7505187988,-31.0940876007,154.147521973,78.2012481689,123.701431274,-28.1418838501,109.114936829],[1058.20678711,-524.012695312,-11.7678918839,128.670013428,-161.810775757,399.204650879,70.432258606,96.9973602295,15.1875286102,49.5597457886,-35.2527618408,32.010635376,-26.0683135986],[72.1601715088,168.337554932,-64.7655181885,-19.3192329407,74.7505187988,70.432258606,202.317138672,42.8054199219,42.9512481689,8.40688800812,28.5855884552,-23.1290798187,24.010635376],[507.761749268,-206.772201538,-23.5595016479,53.1671104431,-31.0940876007,96.9973602295,42.8054199219,130.445877075,34.0649414062,21.9770488739,-21.6584300995,-4.29276847839,-34.4409980774],[-7.45279788971,226.173477173,-49.778339386,25.0858058929,154.147521973,15.1875286102,42.9512481689,34.0649414062,172.906005859,40.6315689087,53.2449150085,-24.6799106598,35.6749992371],[54.4716835022,-99.2779159546,86.0067443848,37.8321647644,78.2012481689,49.5597457886,8.40688800812,21.9770488739,40.6315689087,128.665847778,43.9640235901,30.60896492,29.2507171631],[-328.515777588,257.574645996,7.76159286499,-6.66864347458,123.701431274,-35.2527618408,28.5855884552,-21.6584300995,53.2449150085,43.9640235901,131.867431641,9.35709953308,62.0586891174],[-276.774932861,-194.265670776,169.810272217,-12.784078598,-28.1418838501,32.010635376,-23.1290798187,-4.29276847839,-24.6799106598,30.60896492,9.35709953308,118.883728027,22.1225376129],[-324.889343262,198.276870728,20.416425705,13.4693832397,109.114936829,-26.0683135986,24.010635376,-34.4409980774,35.6749992371,29.2507171631,62.0586891174,22.1225376129,123.0260849]],"icov":[[0.000241055939114,-0.000635818636511,0.000527210358996,-0.000562368019018,0.00042409056914,-0.000696315430105,0.000476608402096,-0.000858011713717,0.000580437772442,-0.00109269900713,0.000872736156452,-0.000712338776793,0.000557831197511],[-0.000635818636511,0.00302558857948,-0.00128759560175,0.00192892365158,-0.00162408687174,0.00274492078461,-0.00209516193718,0.0034068506211,-0.00253859348595,0.00415198411793,-0.00361379724927,0.0031945919618,-0.00217066402547],[0.000527210358996,-0.00128759560175,0.00228074844927,-0.00117903482169,0.000733068794943,-0.00131325097755,0.00107027264312,-0.00167299178429,0.0013922706712,-0.00286216870882,0.00203425018117,-0.00298071256839,0.00139897502959],[-0.000562368019018,0.00192892365158,-0.00117903482169,0.00445961998776,-0.000771776714828,0.00108316994738,-0.000383516133297,0.00137955532409,-0.00185591017362,0.00235390616581,-0.00246389233507,0.00324457301758,-0.00287346029654],[0.00042409056914,-0.00162408687174,0.000733068794943,-0.000771776714828,0.00345796346664,-0.000537053332664,0.000449358922197,-0.00174841214903,-0.00019294055528,-0.00360848731361,0.00162304763217,-0.00109141797293,0.000233794402448],[-0.000696315430105,0.00274492078461,-0.00131325097755,0.00108316994738,-0.000537053332664,0.00692300824448,-0.00372458877973,0.00192167167552,-0.00299376016483,0.00233195652254,-0.00234949588776,0.00149418634828,-0.00172507576644],[0.000476608402096,-0.00209516193718,0.00107027264312,-0.000383516133297,0.000449358922197,-0.00372458877973,0.00846002064645,-0.00485252216458,0.00198595458642,-0.00181749404874,0.0011441007955,-0.000451145868283,-0.000337382109137],[-0.000858011713717,0.0034068506211,-0.00167299178429,0.00137955532409,-0.00174841214903,0.00192167167552,-0.00485252216458,0.0163261312991,-0.00572893861681,0.00319434842095,-0.00236397353001,0.00272624311037,0.00144949567039],[0.000580437772442,-0.00253859348595,0.0013922706712,-0.00185591017362,-0.00019294055528,-0.00299376016483,0.00198595458642,-0.00572893861681,0.0113962925971,-0.00431559002027,0.000864095694851,-0.000740583927836,0.000560381333344],[-0.00109269900713,0.00415198411793,-0.00286216870882,0.00235390616581,-0.00360848731361,0.00233195652254,-0.00181749404874,0.00319434842095,-0.00431559002027,0.0179290883243,-0.00828748289496,0.0026964659337,-0.00373218115419],[0.000872736156452,-0.00361379724927,0.00203425018117,-0.00246389233507,0.00162304763217,-0.00234949588776,0.0011441007955,-0.00236397353001,0.000864095694851,-0.00828748289496,0.0168621130288,-0.00477587804198,-0.000688489002641],[-0.000712338776793,0.0031945919618,-0.00298071256839,0.00324457301758,-0.00109141797293,0.00149418634828,-0.000451145868283,0.00272624311037,-0.000740583927836,0.0026964659337,-0.00477587804198,0.0165265388787,-0.00574351008981],[0.000557831197511,-0.00217066402547,0.00139897502959,-0.00287346029654,0.000233794402448,-0.00172507576644,-0.000337382109137,0.00144949567039,0.000560381333344,-0.00373218115419,-0.000688489002641,-0.00574351008981,0.0151860089973]],"mean":[-73.4808273315,140.631271362,-108.291603088,32.9240531921,-40.7346153259,1.19086265564,-32.0552024841,-1.49199128151,-15.3702325821,-2.1369740963,-5.44302558899,-4.84899663925,-2.46742653847]},"hfc":{"dmean":4.02847957611,"dmean2":6.32056760788,"dvar":53.5909805298,"dvar2":136.742324829,"max":118.077545166,"mean":13.8885717392,"median":6.58387327194,"min":1.14197934861e-16,"var":290.398834229},"melbands":{"dmean":[0.00122719549108,0.00154717243277,0.00057477602968,0.000395321694668,0.000372253998648,0.000279827683698,0.00024651887361,0.000156662383233,0.0000727138103684,0.0000467755853606,0.0000498908229929,0.000024627572202,0.0000386702740798,0.000023033704565,0.0000186638553714,0.0000224303948926,0.0000532015692443,0.0000199202240765,0.0000156215282914,0.000038824222429,0.0000105876897578,0.00000871037536854,0.0000069442212407,0.00000328529608851,0.00000370945645045,0.00000331219075633,0.00000273765067504,0.00000311552025778,0.00000130504304252,0.00000109704706119,0.00000101520265616,6.64954541207e-7,5.55357928533e-7,3.77622910719e-7,3.20940870324e-7,2.95578075793e-7,3.97999031065e-7,2.33008634609e-7,1.1043051984e-7,5.90361324271e-8],"dmean2":[0.00198572454974,0.00270229601301,0.00096174061764,0.000622329185717,0.000529538316187,0.000472679908853,0.00043846850167,0.00024680304341,0.000109831431473,0.000070936344855,0.0000758326787036,0.0000380830679205,0.0000619715428911,0.000037074136344,0.0000306420697598,0.0000368438995793,0.0000880897350726,0.0000331696755893,0.0000261441564362,0.0000704898047843,0.0000178181398951,0.0000142266062539,0.0000118172620205,0.00000565404479858,0.00000596976678935,0.00000514027442478,0.0000042708447836,0.00000511846974405,0.00000205587048185,0.00000172518548425,0.00000161564753398,0.00000104607738649,8.74340400969e-7,5.85043039791e-7,4.99269276588e-7,4.59893186644e-7,6.33897741409e-7,3.54221185717e-7,1.61634332585e-7,8.94099372317e-8],"dvar":[0.0000158546845341,0.0000425947728218,0.00000407255902246,5.16604472978e-7,4.32582652365e-7,0.00000154797066898,0.0000015639270714,1.40748241506e-7,2.93214981184e-8,1.29586235076e-8,1.42949057036e-8,4.24329416049e-9,7.48264472605e-9,2.81572520855e-9,1.43394784935e-9,2.11754613844e-9,2.79185901064e-8,2.00606375955e-9,1.44558387483e-9,9.26795884482e-9,5.6592835973e-10,4.95264995681e-10,2.7893015675e-10,7.05021874214e-11,9.13680520132e-11,7.02414376663e-11,5.9605070879e-11,1.01116427731e-10,1.5234492487e-11,1.21442578216e-11,1.09315325889e-11,3.54277891745e-12,2.27421141814e-12,1.87318845331e-12,1.04742440849e-12,8.13888832631e-13,1.84276292142e-12,4.53558685835e-13,1.597557671e-13,5.05712144253e-14],"dvar2":[0.0000411607034039,0.000122912970255,0.0000109617249109,0.00000133010792069,0.00000103634317838,0.00000424205200034,0.00000452113727079,3.17520971294e-7,6.26444318641e-8,2.88865731335e-8,2.85624821572e-8,9.31304544594e-9,1.94686702315e-8,6.96716195847e-9,3.73638009421e-9,5.40723199549e-9,7.12257559599e-8,5.29182697662e-9,3.76686326575e-9,2.9701483939e-8,1.50387025055e-9,1.25089072434e-9,7.62243268504e-10,1.95662833158e-10,2.29931310103e-10,1.56770221804e-10,1.30997837577e-10,2.71541344965e-10,3.60743553085e-11,2.79721246166e-11,2.71110633943e-11,8.61982620698e-12,5.64074611673e-12,4.55525027421e-12,2.47916444318e-12,1.93986905532e-12,4.73645341698e-12,1.07714043848e-12,3.57770209942e-13,1.06825091579e-13],"max":[0.0939394533634,0.13181951642,0.0307991877198,0.0145860565826,0.0139763280749,0.0204989537597,0.0171343628317,0.00622612424195,0.00572098372504,0.00453620543703,0.00311406212859,0.00194475543685,0.00140578788705,0.00111360684969,0.000614198215771,0.000682413228787,0.00276522501372,0.000512762810104,0.000725437770598,0.00122595345601,0.000508448109031,0.000692361500114,0.000286128924927,0.000106950516056,0.000258653948549,0.000258728658082,0.000347651133779,0.0003397896362,0.000102412996057,0.00011569831986,0.000114615009807,0.0000507073164044,0.0000337945457431,0.0000586296446272,0.0000291023188765,0.0000204527696042,0.0000421027107222,0.0000177872698259,0.0000162884516612,0.0000114204867714],"mean":[0.00371872168034,0.00365057494491,0.0008739164914,0.000797320564743,0.000772209779825,0.000378004828235,0.000263696914772,0.000297955411952,0.000148247316247,0.0000894516924745,0.00011164094758,0.0000455655681435,0.000069296482252,0.0000441232732555,0.0000328538299073,0.0000361981292372,0.0000715708738426,0.0000301039999613,0.00002492934982,0.0000508879566041,0.0000189083493751,0.0000153518558363,0.0000108031135824,0.00000504327726958,0.00000683791813572,0.00000676373883834,0.00000508761286255,0.0000051718720897,0.00000280745553027,0.00000237499193645,0.00000233866830968,0.00000140846930208,0.00000123529400753,9.16473481993e-7,7.99745066615e-7,7.2728255418e-7,8.55044845594e-7,5.33365039246e-7,2.89987070801e-7,1.49650489334e-7],"median":[0.000774741230998,0.000919901707675,0.00035881344229,0.000541239627637,0.000512097030878,0.000148533930769,0.0000515481297043,0.0000751142943045,0.0000261137392954,0.000022920419724,0.0000318071979564,0.00000816285137262,0.000013387430954,0.00000655019357509,0.00000724722167433,0.00000918384284887,0.00000654142240819,0.00000440426401838,0.00000451841606264,0.00000510197514814,0.000002997358024,0.00000272060992756,0.00000220926222028,0.00000113235864774,0.00000126883401208,0.00000116182059173,9.4026700026e-7,6.43095859232e-7,3.11017515742e-7,1.99791116984e-7,1.59014490464e-7,8.90853399937e-8,8.08649218698e-8,4.55390249954e-8,2.97497617652e-8,4.58767601685e-8,5.39411075806e-8,3.11826973132e-8,1.1277460743e-8,5.24461407636e-9],"min":[2.73170856337e-24,1.50062580309e-23,1.59891582084e-23,2.7121403953e-23,1.74562722536e-23,7.96075353744e-24,2.13250670138e-23,1.83387173057e-23,8.33709856493e-24,7.56093910915e-24,1.25589543342e-23,9.17150987654e-24,5.19248324327e-24,7.45728673051e-24,7.89454049736e-24,1.0256801833e-23,1.382988025e-23,8.94617175897e-24,1.41246128837e-23,1.15009727423e-23,1.54962747594e-23,1.28824874907e-23,1.36453278189e-23,7.96615960122e-24,5.74518601473e-24,6.85214758581e-24,7.07624324746e-24,1.08642547067e-23,1.2272776897e-23,5.97080299464e-24,4.24597676918e-24,1.08932256235e-23,1.54479538735e-23,1.46722669454e-23,7.84263502751e-24,9.64112350659e-24,7.74829120755e-24,7.85623104522e-24,9.17504633998e-24,9.50691144534e-24],"var":[0.0000511716716574,0.0000583150394959,0.00000406402750741,8.55970768043e-7,8.10225230907e-7,0.00000114421573016,9.58574560173e-7,3.64178589507e-7,1.14788548444e-7,3.71158535017e-8,6.34196979377e-8,1.03480051195e-8,1.81006143407e-8,8.18350720522e-9,3.5434719603e-9,4.16271284109e-9,3.81879736722e-8,3.49950290968e-9,2.4929132092e-9,1.32848727574e-8,1.354934831e-9,9.94428317469e-10,4.30146279706e-10,9.29486348999e-11,2.28685251291e-10,2.41043601745e-10,1.62176688745e-10,1.78425385577e-10,5.35408314906e-11,4.25242306645e-11,4.03248719139e-11,1.33426455648e-11,8.99023910872e-12,8.25076031802e-12,5.39004648206e-12,3.75965708219e-12,6.6784386181e-12,2.21458506915e-12,9.44365028885e-13,2.94619553363e-13]},"melbands_crest":{"dmean":2.45479249954,"dmean2":3.9222111702,"dvar":5.89052915573,"dvar2":15.0190029144,"max":32.41431427,"mean":15.1837749481,"median":14.3762798309,"min":2.47366714478,"var":25.4893569946},"melbands_flatness_db":{"dmean":0.0252003446221,"dmean2":0.0363744311035,"dvar":0.000884798530024,"dvar2":0.00187229050789,"max":0.797301411629,"mean":0.291479170322,"median":0.276120901108,"min":0.00686229765415,"var":0.0118459602818},"melbands_kurtosis":{"dmean":7.34581708908,"dmean2":11.5684719086,"dvar":167.468765259,"dvar2":434.240783691,"max":291.06942749,"mean":18.4145336151,"median":13.398856163,"min":-1.4667904377,"var":438.001403809},"melbands_skewness":{"dmean":0.668145895004,"dmean2":1.03088104725,"dvar":0.628121197224,"dvar2":1.55763542652,"max":15.3436107635,"mean":2.95336699486,"median":2.84297227859,"min":-2.16596841812,"var":2.57124209404},"melbands_spread":{"dmean":4.47089529037,"dmean2":7.01121044159,"dvar":59.1592750549,"dvar2":146.400253296,"max":238.769424438,"mean":13.7476053238,"median":9.50477600098,"min":0.317943274975,"var":225.071228027},"mfcc":{"cov":[[13363.5634766,-564.934143066,-1177.31323242,-80.85521698,-408.910095215,291.606048584,139.893753052,497.942657471,311.912384033,470.142608643,105.809959412,230.700622559,24.0535526276],[-564.934143066,2427.74707031,-421.217956543,138.783874512,310.997772217,-79.2337646484,85.6445541382,-53.5069046021,6.07856655121,76.9984130859,13.5232419968,15.0621900558,47.0537185669],[-1177.31323242,-421.217956543,947.407043457,41.3969726562,-53.5453109741,76.6851959229,-49.6026268005,-33.9299430847,-37.3522186279,-97.5937957764,6.97779941559,-41.6806259155,-20.9337615967],[-80.85521698,138.783874512,41.3969726562,300.640716553,123.746612549,-9.08186149597,-9.63720035553,-32.5761451721,0.413084715605,27.6522464752,-6.18922948837,1.18863713741,11.7683849335],[-408.910095215,310.997772217,-53.5453109741,123.746612549,367.852996826,50.6826095581,-9.21968173981,-52.1665039062,34.8491172791,34.2893257141,43.0709266663,23.3042087555,70.9515075684],[291.606048584,-79.2337646484,76.6851959229,-9.08186149597,50.6826095581,163.523803711,45.9583969116,20.8744850159,49.8297653198,18.240819931,31.0967102051,16.5125141144,28.1585330963],[139.893753052,85.6445541382,-49.6026268005,-9.63720035553,-9.21968173981,45.9583969116,150.221038818,29.1535873413,24.2372055054,33.1232299805,0.371301412582,18.5171852112,8.78789329529],[497.942657471,-53.5069046021,-33.9299430847,-32.5761451721,-52.1665039062,20.8744850159,29.1535873413,143.409439087,51.0708732605,25.8490200043,30.5523395538,7.94950914383,-4.08958911896],[311.912384033,6.07856655121,-37.3522186279,0.413084715605,34.8491172791,49.8297653198,24.2372055054,51.0708732605,124.914932251,47.0744781494,35.4854850769,17.8334827423,24.0348052979],[470.142608643,76.9984130859,-97.5937957764,27.6522464752,34.2893257141,18.240819931,33.1232299805,25.8490200043,47.0744781494,132.166305542,31.1626338959,32.9097938538,21.0810394287],[105.809959412,13.5232419968,6.97779941559,-6.18922948837,43.0709266663,31.0967102051,0.371301412582,30.5523395538,35.4854850769,31.1626338959,104.926292419,24.5155506134,27.6403923035],[230.700622559,15.0621900558,-41.6806259155,1.18863713741,23.3042087555,16.5125141144,18.5171852112,7.94950914383,17.8334827423,32.9097938538,24.5155506134,82.0484161377,30.5423755646],[24.0535526276,47.0537185669,-20.9337615967,11.7683849335,70.9515075684,28.1585330963,8.78789329529,-4.08958911896,24.0348052979,21.0810394287,27.6403923035,30.5423755646,111.728126526]],"icov":[[0.000125538106658,0.0000225483945542,0.000173110151081,-0.0000971461922745,0.000220110727241,-0.000349327543518,0.000177672874997,-0.000266107497737,0.0000016401376115,-0.00028559830389,0.0000662463498884,-0.000186953344382,0.000018942528186],[0.0000225483945542,0.000540751439985,0.000195010812604,-0.0000847826377139,-0.000429320702096,0.000363285158528,-0.000415156187955,0.0000339890211762,0.000058647536207,-0.00011295996228,-0.0000706511491444,0.000122920348076,0.0000204275456781],[0.000173110151081,0.000195010812604,0.0016356962733,-0.000618715188466,0.000637293036561,-0.00143954006489,0.000543532543816,-0.0000400196258852,0.000270451768301,0.000470463652164,-0.000463359901914,0.000165230085258,0.0000886413545231],[-0.0000971461922745,-0.0000847826377139,-0.000618715188466,0.00431201094761,-0.00175324524753,0.00105900515337,-0.000116823481221,0.000344959116774,0.0000476191089547,-0.00101478409488,0.000874127086718,0.000229548968491,0.000257028761553],[0.000220110727241,-0.000429320702096,0.000637293036561,-0.00175324524753,0.00514568481594,-0.00226939935237,0.00122861703858,0.00137015618384,-0.000798473891336,-0.000372942042304,-0.001268458087,-0.000281266286038,-0.00167191401124],[-0.000349327543518,0.000363285158528,-0.00143954006489,0.00105900515337,-0.00226939935237,0.0102145047858,-0.00343725574203,0.000560894433875,-0.00250616343692,0.000871638767421,-0.00106261891779,0.000265952199697,-0.000736508576665],[0.000177672874997,-0.000415156187955,0.000543532543816,-0.000116823481221,0.00122861703858,-0.00343725574203,0.00887268502265,-0.00150870287325,0.00010157548968,-0.00178482872434,0.00160744250752,-0.00140243768692,-0.000115675582492],[-0.000266107497737,0.0000339890211762,-0.0000400196258852,0.000344959116774,0.00137015618384,0.000560894433875,-0.00150870287325,0.0104556456208,-0.00351936975494,0.00033363539842,-0.00273699266836,0.000746750389226,0.000656156684272],[0.0000016401376115,0.000058647536207,0.000270451768301,0.0000476191089547,-0.000798473891336,-0.00250616343692,0.00010157548968,-0.00351936975494,0.012155469507,-0.00262553035282,-0.00108042976353,0.000237472762819,-0.000894630269613],[-0.00028559830389,-0.00011295996228,0.000470463652164,-0.00101478409488,-0.000372942042304,0.000871638767421,-0.00178482872434,0.00033363539842,-0.00262553035282,0.0114944707602,-0.0020159794949,-0.00203054980375,-0.0000763385833125],[0.0000662463498884,-0.0000706511491444,-0.000463359901914,0.000874127086718,-0.001268458087,-0.00106261891779,0.00160744250752,-0.00273699266836,-0.00108042976353,-0.0020159794949,0.0130274249241,-0.00231190677732,-0.00129474594723],[-0.000186953344382,0.000122920348076,0.000165230085258,0.000229548968491,-0.000281266286038,0.000265952199697,-0.00140243768692,0.000746750389226,0.000237472762819,-0.00203054980375,-0.00231190677732,0.0156620237976,-0.00313294981606],[0.000018942528186,0.0000204275456781,0.0000886413545231,0.000257028761553,-0.00167191401124,-0.000736508576665,-0.000115675582492,0.000656156684272,-0.000894630269613,-0.0000763385833125,-0.00129474594723,-0.00313294981606,0.0115912109613]],"mean":[-709.555114746,162.640151978,0.50391805172,33.5791168213,12.0127573013,7.41364479065,-0.365386724472,-0.479271113873,-3.99685335159,5.08574390411,-5.85860967636,1.74380362034,-2.61985754967]},"pitch_salience":{"dmean":0.0622466914356,"dmean2":0.0997767671943,"dvar":0.0041000796482,"dvar2":0.010363210924,"max":0.895527839661,"mean":0.504346847534,"median":0.516114473343,"min":0.0371274203062,"var":0.0180121101439},"silence_rate_20dB":{"dmean":0.000790409685578,"dmean2":0.00158102763817,"dvar":0.000789767073002,"dvar2":0.00210559670813,"max":1,"mean":0.999473154545,"median":1,"min":0,"var":0.000526585383341},"silence_rate_30dB":{"dmean":0.0292451586574,"dmean2":0.0584980249405,"dvar":0.0283892638981,"dvar2":0.0653504356742,"max":1,"mean":0.899762928486,"median":1,"min":0,"var":0.0901913270354},"silence_rate_60dB":{"dmean":0.00843103695661,"dmean2":0.0168642960489,"dvar":0.00836073420942,"dvar2":0.0197428632528,"max":1,"mean":0.0597997903824,"median":0,"min":0,"var":0.0562236756086},"spectral_centroid":{"dmean":184.71383667,"dmean2":277.814208984,"dvar":72289.9609375,"dvar2":154716.5,"max":11630.6005859,"mean":935.529968262,"median":697.510498047,"min":113.708946228,"var":654759.25},"spectral_complexity":{"dmean":2.58990907669,"dmean2":4.08748340607,"dvar":12.2040643692,"dvar2":28.0867404938,"max":56,"mean":14.5273971558,"median":11,"min":0,"var":110.811332703},"spectral_contrast_coeffs":{"dmean":[0.0437835305929,0.0416264608502,0.0343850292265,0.0317148976028,0.0219242833555,0.0178822595626],"dmean2":[0.0701061338186,0.0684613361955,0.0544472150505,0.0511750392616,0.0343240201473,0.0275856014341],"dvar":[0.0013422240736,0.00133039790671,0.000840203429107,0.000777783279773,0.00041039113421,0.000333370815497],"dvar2":[0.00344132911414,0.00326767913066,0.00209621549584,0.00195297750179,0.000900391314644,0.000714595196769],"max":[-0.349926799536,-0.408572256565,-0.44994816184,-0.43924048543,-0.547901809216,-0.606973469257],"mean":[-0.63179063797,-0.708044290543,-0.755787134171,-0.773959159851,-0.782877922058,-0.757759392262],"median":[-0.634396910667,-0.712303578854,-0.762558937073,-0.780482530594,-0.787294745445,-0.752451717854],"min":[-0.968322098255,-0.962899208069,-0.95768404007,-0.967779755592,-0.963269412518,-0.961057722569],"var":[0.006898697,0.00584881193936,0.00508229108527,0.00486623635516,0.00275686313398,0.002494888613]},"spectral_contrast_valleys":{"dmean":[0.351703613997,0.359537422657,0.315788060427,0.316462785006,0.288168787956,0.321049213409],"dmean2":[0.579095602036,0.575673639774,0.504067063332,0.504415154457,0.428056687117,0.421339631081],"dvar":[0.113664902747,0.140987589955,0.117113478482,0.172647073865,0.156177148223,0.169638678432],"dvar2":[0.259621024132,0.308668136597,0.255560517311,0.370653152466,0.327597737312,0.293172419071],"max":[-4.61652898788,-4.18691062927,-5.22432756424,-5.6555480957,-5.79630088806,-8.2316532135],"mean":[-7.18661499023,-7.21716547012,-8.08578014374,-8.31045627594,-8.57829761505,-11.7620334625],"median":[-6.89566135406,-7.11159896851,-7.99315977097,-8.23182964325,-8.47275543213,-11.7090167999],"min":[-27.0037307739,-27.5564899445,-27.619852066,-27.4867515564,-27.2082576752,-27.2328681946],"var":[2.43859910965,2.19726204872,2.47304463387,2.48285841942,2.53316164017,2.79448390007]},"spectral_decrease":{"dmean":2.74947375978e-9,"dmean2":4.50042536571e-9,"dvar":5.69907722063e-17,"dvar2":1.53162641575e-16,"max":2.06713785036e-16,"mean":-8.64400817591e-9,"median":-4.55381865549e-9,"min":-1.29407354166e-7,"var":1.29300188203e-16},"spectral_energy":{"dmean":0.0106470603496,"dmean2":0.0174181815237,"dvar":0.000835156184621,"dvar2":0.00224295328371,"max":0.496987879276,"mean":0.0338840410113,"median":0.0179913938046,"min":1.03570622107e-20,"var":0.0019483261276},"spectral_energyband_high":{"dmean":0.000120301330753,"dmean2":0.00017558199761,"dvar":9.42447542229e-8,"dvar2":2.01802365041e-7,"max":0.00843160413206,"mean":0.000380298559321,"median":0.0000403671692766,"min":7.36431548435e-21,"var":7.86038242495e-7},"spectral_energyband_low":{"dmean":0.00708323298022,"dmean2":0.0118208015338,"dvar":0.000645687687211,"dvar2":0.00178600859363,"max":0.45930659771,"mean":0.0193098373711,"median":0.00485593965277,"min":6.9210465395e-23,"var":0.0012783089187},"spectral_energyband_middle_high":{"dmean":0.00144358398393,"dmean2":0.00228348281235,"dvar":0.00000667457470627,"dvar2":0.0000170471030287,"max":0.0403760299087,"mean":0.00378751172684,"median":0.00111653609201,"min":1.45112238315e-21,"var":0.0000293380762741},"spectral_energyband_middle_low":{"dmean":0.00485647981986,"dmean2":0.00774096697569,"dvar":0.000162013224326,"dvar2":0.000430356158176,"max":0.179664030671,"mean":0.0113797839731,"median":0.0082882726565,"min":4.61708095192e-22,"var":0.000188658217667},"spectral_entropy":{"dmean":0.174734264612,"dmean2":0.25137963891,"dvar":0.0422949120402,"dvar2":0.0878870710731,"max":9.80260658264,"mean":6.98124074936,"median":6.97474956512,"min":3.9946911335,"var":0.556211829185},"spectral_flux":{"dmean":0.0236327089369,"dmean2":0.0374234430492,"dvar":0.00168151163962,"dvar2":0.00345751666464,"max":0.591032028198,"mean":0.0680102705956,"median":0.0517561174929,"min":1.01769655203e-10,"var":0.00393120059744},"spectral_kurtosis":{"dmean":4.37130689621,"dmean2":7.37804603577,"dvar":41.1905212402,"dvar2":109.820770264,"max":216.615081787,"mean":10.970615387,"median":6.77782869339,"min":-1.18449521065,"var":280.301177979},"spectral_rms":{"dmean":0.000741939933505,"dmean2":0.00114278832916,"dvar":0.0000018068992631,"dvar2":0.00000448275750387,"max":0.0220196787268,"mean":0.00491878110915,"median":0.00418957974762,"min":3.17874979811e-12,"var":0.00000886337420525},"spectral_rolloff":{"dmean":287.399078369,"dmean2":495.229553223,"dvar":409810.09375,"dvar2":993052.375,"max":21382.4707031,"mean":903.424926758,"median":452.197265625,"min":86.1328125,"var":3288170.5},"spectral_skewness":{"dmean":0.396593928337,"dmean2":0.647574186325,"dvar":0.193601280451,"dvar2":0.512960851192,"max":12.421710968,"mean":2.09959697723,"median":1.87045407295,"min":-0.0544137731194,"var":1.41553854942},"spectral_spread":{"dmean":429341.25,"dmean2":633247,"dvar":372488470528,"dvar2":709988909056,"max":40099320,"mean":3396642.5,"median":3036775.5,"min":445965.6875,"var":3830249684990},"spectral_strongpeak":{"dmean":0.277511298656,"dmean2":0.469294935465,"dvar":0.286736369133,"dvar2":0.726028740406,"max":12.0638790131,"mean":0.644604206085,"median":0.423914849758,"min":0,"var":0.506839752197},"zerocrossingrate":{"dmean":0.00623463932425,"dmean2":0.00742895156145,"dvar":0.0000730487809051,"dvar2":0.0000919160229387,"max":0.71337890625,"mean":0.0380150638521,"median":0.02734375,"min":0.0029296875,"var":0.00327625568025}},"metadata":{"audio_properties":{"analysis_sample_rate":44100,"bit_rate":0,"codec":"flac","downmix":"mix","equal_loudness":0,"length":176.253326416,"lossless":true,"md5_encoded":"d377cf3350f3a8fe1cbd70695aad5385","replay_gain":-9.90028190613,"sample_rate":44100},"tags":{"album":["Attack & Release"],"albumartist":["The Black Keys"],"albumartistsort":["Black Keys, The"],"artist":["The Black Keys"],"artistsort":["Black Keys, The"],"asin":["B0014QAO2I"],"barcode":["5033197504513"],"catalognumber":["VVR1050451"],"date":["2008-03-31"],"discnumber":["1"],"disctotal":["1"],"file_name":"01-01 All You Ever Wanted.flac","genre":["Indie"],"label":["V2"],"media":["Vinyl"],"musicbrainz_albumartistid":["d15721d8-56b4-453d-b506-fc915b14cba2"],"musicbrainz_albumid":["0f96a2aa-9c73-3451-bde5-41dc16f9ea4a"],"musicbrainz_artistid":["d15721d8-56b4-453d-b506-fc915b14cba2"],"musicbrainz_recordingid":["33d4f201-3ea2-4174-b9f3-11b93c28294d"],"musicbrainz_releasegroupid":["11344dd5-7739-3cf9-9a9c-7328362e2892"],"originaldate":["2008-03-31"],"producer":["Danger Mouse"],"releasecountry":["GB"],"releasestatus":["official"],"releasetype":["album"],"script":["Latn"],"title":["All You Ever Wanted"],"totaldiscs":["1"],"totaltracks":["11"],"tracknumber":["1"],"tracktotal":["11"]},"version":{"essentia":"2.1-beta1","essentia_build_sha":"ca57ba49d9b1854bd80e60cf9ccf267278fb7d6b","essentia_git_sha":"v2.1_beta1-28-g21ef5f4-dirty","extractor":"music 1.0"}},"rhythm":{"beats_count":355,"beats_loudness":{"dmean":0.037075266242,"dmean2":0.0700433552265,"dvar":0.00129134429153,"dvar2":0.00333112897351,"max":0.296826928854,"mean":0.0505636930466,"median":0.0313697457314,"min":1.29008836947e-9,"var":0.00247450498864},"beats_loudness_band_ratio":{"dmean":[0.26619169116,0.178254440427,0.0973384231329,0.0532811805606,0.03