{"lowlevel":{"average_loudness":0.901930570602,"barkbands":{"dmean":[0.000228345961659,0.00426388252527,0.0030785293784,0.00225730007514,0.00192755670287,0.000829959113616,0.000496435153764,0.000563731882721,0.000696126720868,0.000419478310505,0.000482837000163,0.000408530817367,0.000744624703657,0.000422650831752,0.000417900591856,0.000395145529183,0.000216888278374,0.000231988189626,0.000205469317734,0.000220902162255,0.000132100511109,0.000103992199001,0.0000996285671135,0.0000964092032518,0.0000433368404629,0.0000238084667217,0.000016127123672],"dmean2":[0.000354947434971,0.00675244256854,0.0051129553467,0.00384374009445,0.00323024089448,0.00136887654662,0.000807035365142,0.000923098414205,0.00110851624049,0.000661895435769,0.000752111081965,0.00064875028329,0.00113978073932,0.00067787070293,0.000674631039146,0.000590264156926,0.000353112322045,0.000376206560759,0.000331019022269,0.000353979179636,0.000208955985727,0.000159199349582,0.000145477053593,0.000135577400215,0.0000611566792941,0.0000336154007528,0.0000234989493038],"dvar":[2.06737212238e-7,0.0000611504656263,0.0000296744492516,0.0000158194234245,0.000012333954146,0.00000211139035855,8.27396661407e-7,0.00000185653129847,0.00000267410018751,0.00000115160662517,0.0000012105215319,9.41247719766e-7,0.00000355999713975,0.00000123402742247,0.00000122494623156,0.00000102194690044,3.099008552e-7,2.58208530113e-7,1.79886257001e-7,1.56523327632e-7,4.72969468035e-8,5.05677952845e-8,7.83487692502e-8,1.09077440413e-7,1.61154183331e-8,3.5658631603e-9,2.00861993704e-9],"dvar2":[4.62606777774e-7,0.000139684460009,0.0000796927924966,0.0000430174877692,0.0000339333309967,0.00000533440834261,0.00000207262428376,0.00000457830083178,0.00000666819005346,0.00000268524695457,0.00000272776060228,0.0000022019246444,0.00000758497844799,0.00000301746626974,0.00000297866017718,0.00000205470018955,8.05888930699e-7,6.52420339975e-7,4.91583989515e-7,3.74086368993e-7,1.10483810545e-7,1.07669279714e-7,1.57266839551e-7,2.04024786399e-7,3.12550056947e-8,7.13959380505e-9,3.98989374872e-9],"max":[0.010900394991,0.127898722887,0.0510038994253,0.0469589717686,0.0465306378901,0.0205589197576,0.0209813937545,0.0587673559785,0.034388102591,0.0223043262959,0.0208050832152,0.0225002579391,0.0421341173351,0.0208444185555,0.0188783388585,0.0267485156655,0.0135074201971,0.0101027218625,0.0179098546505,0.0141895869747,0.0064682951197,0.00531527493149,0.00541343353689,0.00506625510752,0.00335468375124,0.00148637720849,0.000697815907188],"mean":[0.000347376946593,0.00673247035593,0.00431017624214,0.00333778024651,0.00315784453414,0.00126068363898,0.000860683328938,0.000843309564516,0.00114927790128,0.000732046202756,0.000833691447042,0.000693451496772,0.00145648675971,0.000611088238657,0.000653398805298,0.000746239209548,0.000386349158362,0.00042597920401,0.000457299727714,0.000539455621038,0.000338027253747,0.000236072126427,0.000191242055735,0.000172839208972,0.0000776791712269,0.0000325045584759,0.0000168390834006],"median":[0.0000299480780086,0.00206974614412,0.00212645879947,0.00181316887029,0.0020787040703,0.000656718912069,0.000440414674813,0.000373917253455,0.000478042318719,0.000310780189466,0.000318644510116,0.000303412380163,0.000316054734867,0.000202123672352,0.00026382150827,0.000250779849011,0.000182916774065,0.00022625674319,0.000295914302114,0.000345154723618,0.000221253518248,0.000134443165734,0.0000733485358069,0.0000435160218331,0.0000223406623263,0.00000490478669235,3.94020389649e-7],"min":[5.10513208358e-25,1.96286973678e-24,1.79389200845e-25,1.87471531948e-24,7.76250648107e-24,8.89647036649e-24,5.48042930658e-24,5.48417205715e-24,1.66822403557e-23,8.07634848132e-24,1.21758329915e-23,1.5115794523e-23,3.2287666643e-23,3.42332248272e-23,5.96782173151e-23,6.36227995202e-23,6.40682661179e-23,9.97173195652e-23,1.00205536113e-22,1.53980271823e-22,2.74497240752e-22,2.88991404993e-22,4.09316144296e-22,5.79243169899e-22,8.32043226903e-22,1.27386733198e-21,1.80096061138e-21],"var":[7.19983006547e-7,0.000111734821985,0.0000373686925741,0.0000202556566364,0.0000149373718159,0.00000308655694425,0.00000174534727648,0.00000325104815602,0.00000466919891551,0.00000211637166103,0.00000279737673736,0.00000197635449695,0.000014867837308,0.00000185489102478,0.00000185927001439,0.00000294144069812,5.24287656845e-7,4.55849090031e-7,3.36709717885e-7,5.0699543408e-7,1.73792045643e-7,1.20521889357e-7,1.7232953553e-7,2.57004842297e-7,3.86360596849e-8,6.22851725751e-9,2.75656542037e-9]},"barkbands_crest":{"dmean":2.27903270721,"dmean2":3.71615481377,"dvar":4.65950918198,"dvar2":12.1681976318,"max":26.0076618195,"mean":9.14889526367,"median":8.51383876801,"min":2.24854278564,"var":14.4471263885},"barkbands_flatness_db":{"dmean":0.0183623339981,"dmean2":0.0276256725192,"dvar":0.000355216383468,"dvar2":0.000775087915827,"max":0.35569575429,"mean":0.124218940735,"median":0.109802223742,"min":0.0198827963322,"var":0.00313331489451},"barkbands_kurtosis":{"dmean":2.03172302246,"dmean2":3.22727632523,"dvar":19.0784320831,"dvar2":45.7694129944,"max":124.810508728,"mean":2.76708889008,"median":0.415898799896,"min":-1.84528791904,"var":62.7356681824},"barkbands_skewness":{"dmean":0.478839606047,"dmean2":0.734289169312,"dvar":0.258495122194,"dvar2":0.599327981472,"max":9.31711769104,"mean":1.23291289806,"median":1.08976888657,"min":-7.29521608353,"var":1.59509563446},"barkbands_spread":{"dmean":6.10373020172,"dmean2":9.25129032135,"dvar":48.6807861328,"dvar2":97.2906723022,"max":116.251937866,"mean":28.9775600433,"median":26.1952266693,"min":1.10273766518,"var":225.704498291},"dissonance":{"dmean":0.012365559116,"dmean2":0.0209640804678,"dvar":0.000165909266798,"dvar2":0.000448555976618,"max":0.500000059605,"mean":0.474956274033,"median":0.480006963015,"min":0.338233023882,"var":0.000374013703549},"dynamic_complexity":4.58376550674,"erbbands":{"dmean":[0.122988171875,1.00714993477,3.20858120918,5.4581489563,8.25741195679,5.57798480988,5.43718767166,7.44131755829,6.59849643707,8.63015460968,12.8768844604,15.898812294,12.3976144791,15.4583530426,15.6567764282,15.7347097397,33.0257263184,21.6037883759,22.9962654114,19.3028278351,16.7662277222,12.0617437363,12.8590154648,9.68500995636,11.6795473099,9.96347904205,6.3207025528,4.77352380753,4.13205385208,2.75683450699,2.94749116898,2.41052985191,1.44340062141,0.687276959419,0.195357114077,0.083243906498,0.048158634454,0.0178036559373,0.00289581157267,0.000127455175971],"dmean2":[0.202270746231,1.61974132061,5.337246418,9.18617343903,14.0613431931,9.20902442932,8.82923603058,12.4376029968,10.9164819717,13.7964839935,21.1543216705,25.3740100861,19.397726059,24.0681018829,24.628238678,24.7938537598,50.0815849304,34.0329322815,37.1582183838,29.6220684052,25.502696991,19.2266101837,20.5048999786,15.9112186432,18.7903671265,15.9525747299,10.0856895447,7.49703216553,6.39036846161,4.08141565323,4.30834674835,3.50192189217,2.02158522606,0.971870660782,0.279779732227,0.117322191596,0.0687556415796,0.0259042568505,0.00421115383506,0.000186182136531],"dvar":[0.0634625479579,3.42191123962,36.1845359802,70.5768356323,309.641052246,88.4813766479,95.1689224243,197.112167358,180.481460571,246.019287109,933.862731934,1642.60473633,884.14465332,1613.92932129,1280.63708496,1463.33203125,7347.86523438,2776.17236328,4119.03808594,2582.89648438,1498.09436035,747.606933594,801.389099121,363.465148926,607.513122559,449.535766602,103.327278137,76.1291656494,81.1963043213,38.0829772949,74.5330505371,66.2833557129,26.7852191925,5.26019001007,0.196174412966,0.0359525121748,0.0151926102117,0.00246746675111,0.0000618345875409,1.27232908653e-7],"dvar2":[0.169823929667,7.62492513657,97.5498504639,188.83114624,856.3125,232.287078857,240.31552124,512.508483887,465.978973389,603.306213379,2331.76831055,4243.14501953,2001.05883789,3691.30200195,2927.93530273,3374.86132812,15682.6035156,6796.82324219,9843.78808594,5563.37646484,3138.56591797,1860.54516602,1964.56811523,970.402587891,1659.87524414,1064.9543457,249.39932251,177.551269531,177.831893921,77.4934844971,150.111938477,133.70715332,50.1728477478,10.0564746857,0.385449439287,0.0722391754389,0.0304160304368,0.00502950325608,0.000122181707411,2.68813067805e-7],"max":[5.10356807709,22.4156188965,61.8571357727,89.6825027466,197.317764282,147.569213867,196.354568481,219.211288452,333.448028564,514.789978027,912.163085938,1014.45349121,805.649719238,1067.20214844,1168.71643066,1034.8482666,1781.28173828,1151.82470703,1371.47705078,1736.56005859,911.43572998,581.282592773,631.659851074,431.643371582,1134.52709961,949.73046875,194.204376221,305.335235596,232.740890503,133.709091187,148.379257202,175.049224854,100.253433228,53.5082702637,9.97058010101,3.78594183922,2.82736134529,1.16061270237,0.122234068811,0.00755118811503],"mean":[0.182875901461,1.53601491451,4.6138176918,8.77417755127,11.857925415,9.69373703003,9.26001167297,10.794552803,10.7828321457,16.1786956787,21.3169574738,25.6294498444,22.8259544373,28.816827774,29.8079967499,29.1944046021,66.333984375,39.0782699585,37.2501487732,37.0949401855,33.9211654663,23.8524246216,24.0830211639,21.2186756134,26.8482074738,24.3157539368,16.2807750702,11.5071086884,9.12706947327,6.23083734512,5.46122741699,4.27252626419,2.49952769279,1.23081111908,0.347808659077,0.130724489689,0.0629182457924,0.0194922350347,0.00303367571905,0.000161546457093],"median":[0.0404072217643,0.5392370224,2.49931049347,5.54283571243,7.00061845779,5.38695049286,4.9492430687,5.63256645203,5.95700979233,8.86639308929,9.42150211334,10.9146022797,11.3473262787,13.5666942596,13.6631250381,14.0292949677,16.3428115845,13.5216245651,14.1421432495,15.6504411697,14.4471483231,12.5958614349,11.7205867767,14.4800357819,17.5434131622,15.1111497879,10.4844341278,7.5679936409,5.18768358231,3.28426265717,1.91846108437,1.11367595196,0.573602735996,0.324485391378,0.109364785254,0.030435539782,0.00717722950503,0.00104482134338,0.000102480575151,0.0000506966025569],"min":[7.26906104753e-23,1.29943965293e-21,1.2321360095e-21,3.68519221871e-21,9.9788225665e-21,2.79493666107e-20,5.73028206123e-20,9.25411606091e-20,1.15417105406e-19,2.05733182479e-19,2.28747621867e-19,4.5342592871e-19,6.40445364751e-19,8.5582654925e-19,1.09416659694e-18,8.04321062735e-19,1.83476373323e-18,2.11676594087e-18,2.55716682516e-18,3.47873825818e-18,3.56533372856e-18,3.97291746282e-18,4.91943873107e-18,4.91369644326e-18,7.37762140182e-18,7.11464414148e-18,9.07098501999e-18,1.0459764193e-17,1.07655091726e-17,1.18294297036e-17,1.16935801772e-17,1.05412265941e-17,8.8391643446e-18,8.59054114942e-18,6.71825712399e-18,3.34250388604e-18,2.31697322082e-18,9.97202314187e-19,2.64125748925e-19,2.61327972061e-20],"var":[0.127947077155,5.42908000946,41.2988967896,104.776252747,290.564086914,159.150726318,181.05368042,266.458190918,308.676422119,573.464416504,1740.09313965,2591.5690918,1736.65905762,3414.81616211,3488.72412109,3292.45361328,28402.6933594,5725.87890625,6742.80029297,5827.68505859,4172.02099609,1629.76281738,1590.2442627,665.412414551,1119.32507324,1357.76269531,402.07244873,217.717605591,184.975830078,94.9655532837,162.095245361,151.747314453,58.1546897888,11.9638910294,0.506001353264,0.08005284518,0.0254780072719,0.0033937743865,0.0000853360397741,1.63329900715e-7]},"erbbands_crest":{"dmean":2.26570463181,"dmean2":3.65967774391,"dvar":5.6509976387,"dvar2":13.5805721283,"max":28.0603370667,"mean":7.68484783173,"median":6.65640687943,"min":2.24634695053,"var":15.3180570602},"erbbands_flatness_db":{"dmean":0.016521345824,"dmean2":0.0225995015353,"dvar":0.0002976670512,"dvar2":0.00054717581952,"max":0.306677430868,"mean":0.152181059122,"median":0.142085641623,"min":0.0279742013663,"var":0.0027860107366},"erbbands_kurtosis":{"dmean":0.611676156521,"dmean2":0.961179792881,"dvar":0.666963517666,"dvar2":1.574852705,"max":16.3704814911,"mean":-0.0201361272484,"median":-0.383538484573,"min":-1.71801328659,"var":1.79508185387},"erbbands_skewness":{"dmean":0.268267005682,"dmean2":0.409146010876,"dvar":0.0649333521724,"dvar2":0.146353289485,"max":2.63812971115,"mean":-0.139625877142,"median":-0.135261595249,"min":-3.24859452248,"var":0.345962911844},"erbbands_spread":{"dmean":7.66153812408,"dmean2":11.6091279984,"dvar":63.4113426208,"dvar2":137.127929688,"max":126.324180603,"mean":41.9446563721,"median":39.8424606323,"min":5.31062078476,"var":281.993469238},"gfcc":{"cov":[[34407.421875,-1109.75134277,-417.840667725,1281.3046875,-2054.69067383,1729.88586426,-1340.5045166,777.384155273,-315.350708008,-9.20149230957,-1082.27258301,-93.5638656616,-829.95526123],[-1109.75134277,2183.23291016,-966.606201172,143.921722412,433.599731445,-457.16708374,328.082305908,-212.719619751,-50.5542259216,35.3325538635,284.161773682,-60.7168045044,294.250274658],[-417.840667725,-966.606201172,1242.33557129,-133.257736206,-14.2787094116,281.491241455,-75.5961685181,112.846679688,92.5317077637,-32.3527755737,-168.105499268,65.8882675171,-163.129425049],[1281.3046875,143.921722412,-133.257736206,378.51071167,-77.7715148926,79.9477996826,-15.1556806564,62.7283554077,13.1542415619,32.5355987549,-20.1850414276,-27.771068573,41.6801490784],[-2054.69067383,433.599731445,-14.2787094116,-77.7715148926,452.96206665,-204.776596069,199.001708984,-88.4657974243,32.1983337402,36.3555984497,105.135154724,21.1138439178,101.737892151],[1729.88586426,-457.16708374,281.491241455,79.9477996826,-204.776596069,354.628051758,-105.068878174,121.169883728,22.0855560303,-13.1168870926,-113.166946411,-3.1011736393,-106.744255066],[-1340.5045166,328.082305908,-75.5961685181,-15.1556806564,199.001708984,-105.068878174,239.790557861,-21.740020752,14.9363794327,24.6409759521,79.3250579834,3.86100721359,68.8487014771],[777.384155273,-212.719619751,112.846679688,62.7283554077,-88.4657974243,121.169883728,-21.740020752,138.524505615,46.9502906799,14.9122037888,-53.0910415649,3.00610542297,-34.0391235352],[-315.350708008,-50.5542259216,92.5317077637,13.1542415619,32.1983337402,22.0855560303,14.9363794327,46.9502906799,106.581062317,21.9509143829,-12.2906370163,4.70442676544,1.62032151222],[-9.20149230957,35.3325538635,-32.3527755737,32.5355987549,36.3555984497,-13.1168870926,24.6409759521,14.9122037888,21.9509143829,102.378822327,62.7065620422,13.0433168411,21.3227062225],[-1082.27258301,284.161773682,-168.105499268,-20.1850414276,105.135154724,-113.166946411,79.3250579834,-53.0910415649,-12.2906370163,62.7065620422,177.398284912,25.2792243958,72.1552581787],[-93.5638656616,-60.7168045044,65.8882675171,-27.771068573,21.1138439178,-3.1011736393,3.86100721359,3.00610542297,4.70442676544,13.0433168411,25.2792243958,64.5769882202,12.4394664764],[-829.95526123,294.250274658,-163.129425049,41.6801490784,101.737892151,-106.744255066,68.8487014771,-34.0391235352,1.62032151222,21.3227062225,72.1552581787,12.4394664764,124.058296204]],"icov":[[0.0000980508266366,-0.000169507780811,0.000119974436529,-0.000151119267684,0.0000659491561237,-0.000230246296269,0.000301253603538,-0.000260990782408,0.00039833021583,-0.000434637215221,0.000600384082645,-0.000525107665453,0.000548509357031],[-0.000169507780811,0.00151645787992,0.000360548758181,-0.000215482665226,-0.000682909972966,0.000540939974599,-0.00109655514825,0.00100736820605,-0.000812899437733,0.00143622909673,-0.0017375331372,0.00175975647289,-0.00167601520661],[0.000119974436529,0.000360548758181,0.00190661789384,0.0000185778026207,-0.000903588545043,-0.00118577107787,0.00020550370391,-0.000149247731315,-0.00032423788798,-0.000176500994712,0.00132180319633,-0.00193340692203,0.00147368921898],[-0.000151119267684,-0.000215482665226,0.0000185778026207,0.00434161210433,0.000455941073596,-0.00095708965091,-0.000151533531607,-0.00087675411487,-0.000405953527661,-0.00109364045784,0.000348462548573,0.00207065837458,-0.00350504857488],[0.0000659491561237,-0.000682909972966,-0.000903588545043,0.000455941073596,0.00555481063202,0.00118694338016,-0.00262757577002,0.00196850835346,-0.00132767949253,-0.00163228390738,0.000924042018596,-0.000871017691679,-0.000968348351307],[-0.000230246296269,0.000540939974599,-0.00118577107787,-0.00095708965091,0.00118694338016,0.00713108479977,-0.000596397439949,-0.00213977321982,-0.000492233433761,0.0010473120492,-0.00107276090421,0.00107842311263,0.00118749355897],[0.000301253603538,-0.00109655514825,0.00020550370391,-0.000151533531607,-0.00262757577002,-0.000596397439949,0.0087058218196,-0.00344983278774,0.00160766695626,-0.000746169593185,0.000115805079986,-0.000583839544561,0.000899485545233],[-0.000260990782408,0.00100736820605,-0.000149247731315,-0.00087675411487,0.00196850835346,-0.00213977321982,-0.00344983278774,0.0155885284767,-0.00613612541929,-0.00149121845607,0.000983192352578,-0.000267436669674,-0.00150939496234],[0.00039833021583,-0.000812899437733,-0.00032423788798,-0.000405953527661,-0.00132767949253,-0.000492233433761,0.00160766695626,-0.00613612541929,0.014794472605,-0.00414329534397,0.00357538321987,-0.00125596940052,0.000957719632424],[-0.000434637215221,0.00143622909673,-0.000176500994712,-0.00109364045784,-0.00163228390738,0.0010473120492,-0.000746169593185,-0.00149121845607,-0.00414329534397,0.0176697969437,-0.010016925633,0.00203193444759,-0.00129482406192],[0.000600384082645,-0.0017375331372,0.00132180319633,0.000348462548573,0.000924042018596,-0.00107276090421,0.000115805079986,0.000983192352578,0.00357538321987,-0.010016925633,0.01686379686,-0.00737906480208,0.000889985822141],[-0.000525107665453,0.00175975647289,-0.00193340692203,0.00207065837458,-0.000871017691679,0.00107842311263,-0.000583839544561,-0.000267436669674,-0.00125596940052,0.00203193444759,-0.00737906480208,0.023629533127,-0.00744241289794],[0.000548509357031,-0.00167601520661,0.00147368921898,-0.00350504857488,-0.000968348351307,0.00118749355897,0.000899485545233,-0.00150939496234,0.000957719632424,-0.00129482406192,0.000889985822141,-0.00744241289794,0.0201621986926]],"mean":[-23.7707805634,96.7528991699,-126.215782166,41.5166282654,-47.4953956604,9.04276752472,-24.1895179749,0.218422085047,-24.5145797729,0.320428043604,-12.6463022232,-6.29099702835,-9.38031291962]},"hfc":{"dmean":5.92272138596,"dmean2":8.67221546173,"dvar":71.0229187012,"dvar2":145.278671265,"max":124.796318054,"mean":25.5342960358,"median":22.030134201,"min":1.06730108586e-16,"var":434.233856201},"melbands":{"dmean":[0.00113731587771,0.00150880985893,0.00101539550815,0.000489209487569,0.000188856763998,0.0001623617718,0.000101069599623,0.000101094126876,0.000111585526611,0.0000995295267785,0.0000638367419015,0.0000637220218778,0.0000564453366678,0.0000436017762695,0.0000540209111932,0.0000839765853016,0.000039740887587,0.0000409868334827,0.0000286556587525,0.000033323362004,0.000018086631826,0.0000140619640661,0.0000133595385705,0.00000946507134358,0.00000843496582092,0.00000934359013627,0.00000937365621212,0.00000718801857147,0.00000474819216834,0.00000349969127456,0.00000270356485998,0.00000265401013166,0.00000199228588826,0.00000160186698395,0.00000178490267899,0.00000176119704065,0.0000014883954691,0.00000107048083464,9.22319088659e-7,4.93004449709e-7],"dmean2":[0.00180670444388,0.00241971085779,0.00170235580299,0.000824170536362,0.000304839137243,0.000269506825134,0.000165659410413,0.0001623226417,0.000181734518264,0.000158562659635,0.0000998053947114,0.0000995190275717,0.0000882811509655,0.0000688077925588,0.0000844883397804,0.00012777603115,0.000063611085352,0.0000665671686875,0.0000458869035356,0.0000496097636642,0.0000285761634586,0.0000226195243158,0.0000215961936192,0.0000154728368216,0.0000139408721225,0.0000150764954014,0.0000152580068971,0.0000116488890853,0.00000769381495047,0.000005570974281,0.00000432152091889,0.00000418183844886,0.00000306249785353,0.00000243533418143,0.00000266213100986,0.00000262670801021,0.00000218734112423,0.00000154643964834,0.00000132321906676,7.20158652712e-7],"dvar":[0.00000466473147753,0.00000757028146836,0.00000272759939435,8.96221536095e-7,1.00351293497e-7,8.76387318272e-8,3.73267958764e-8,4.12899332503e-8,6.75921398852e-8,6.52713794125e-8,2.4429581913e-8,2.62297312759e-8,1.58559565477e-8,9.54680956511e-9,1.8874171559e-8,5.39102984476e-8,1.17655512e-8,1.40210971722e-8,5.65106716977e-9,9.22961707062e-9,1.94179228252e-9,1.24733967599e-9,8.37514557706e-10,4.6153386668e-10,2.75647782377e-10,4.9238241262e-10,2.68863570296e-10,2.53863874367e-10,5.79643728849e-11,3.85035996142e-11,2.62603879614e-11,3.23348119113e-11,1.9678819338e-11,1.43788063053e-11,2.45563673562e-11,3.5494013978e-11,2.54472103112e-11,1.48603941652e-11,1.20213413876e-11,2.36215777841e-12],"dvar2":[0.0000115444463518,0.000018988714146,0.00000739568895369,0.00000248814853876,2.55072791333e-7,2.26104504009e-7,9.47416509689e-8,1.02166204385e-7,1.68915150311e-7,1.67721367461e-7,5.52239747265e-8,6.0381076139e-8,3.66613690517e-8,2.1837930575e-8,4.18509920053e-8,1.14720243971e-7,2.92915505185e-8,3.37313821319e-8,1.32126976027e-8,1.81597616944e-8,4.56616211508e-9,3.18484216777e-9,2.03696903789e-9,1.17905951669e-9,7.37016447871e-10,1.37725175708e-9,6.41384279021e-10,6.29979901579e-10,1.46194362172e-10,9.25536799978e-11,6.21959497793e-11,7.36197283691e-11,4.23577492525e-11,3.1352073715e-11,4.99858834879e-11,7.65697158456e-11,5.29032026519e-11,2.93184088118e-11,2.35124020947e-11,4.74533606853e-12],"max":[0.0400097109377,0.0284190513194,0.017075130716,0.012148367241,0.00594471395016,0.00442098127678,0.00490708695725,0.00899563636631,0.0060276449658,0.00663071405143,0.00411274190992,0.0040585892275,0.002921391977,0.00199487549253,0.00315852439962,0.00584307685494,0.0025673082564,0.00258089299314,0.00190131587442,0.00274662976153,0.00100220215973,0.000835152401123,0.000695320544764,0.000478145724628,0.000371381320292,0.00103380065411,0.000625456508715,0.000649124442134,0.00012653900194,0.000144276753417,0.000186213103007,0.000148725812323,0.0000985564474831,0.0000945494393818,0.000090561392426,0.000103851089079,0.000112216315756,0.0000776850647526,0.0000916868229979,0.0000342994026141],"mean":[0.00174622854684,0.00236802455038,0.00167722231708,0.000767556892242,0.000345653941622,0.000239204266109,0.000173360924236,0.000181735405931,0.000183889773325,0.000158280454343,0.000112605419417,0.000115191280202,0.000101049292425,0.0000762201889302,0.0000883655739017,0.000168450103956,0.0000580693194934,0.0000603929256613,0.0000454217115475,0.0000608096088399,0.0000326890585711,0.0000247417647188,0.0000234890540014,0.0000170991461346,0.0000167420512298,0.0000190857408597,0.0000197391545953,0.000015397919924,0.0000107300720629,0.00000822921992949,0.00000583894916417,0.00000536676225238,0.00000414916075897,0.00000321869833897,0.00000318232491736,0.0000029430361792,0.00000247190132541,0.0000017430737671,0.00000153702796979,8.6604001126e-7],"median":[0.000504397263285,0.00130270619411,0.00120033393614,0.000491125741974,0.000203545889235,0.000124270081869,0.0000945404317463,0.0000969540997175,0.0000703928308212,0.0000662534803268,0.0000519398236065,0.000051593502576,0.0000440625808551,0.0000344817526639,0.0000312220436172,0.0000321177249134,0.0000195647899091,0.0000188935355254,0.0000203017698368,0.0000181266514119,0.0000149210927702,0.0000113766809591,0.0000106444358607,0.00000937206550589,0.000010830636711,0.0000116271148727,0.0000121100401884,0.00000871588508744,0.00000677630077917,0.00000503020601172,0.00000376019602299,0.00000293844254884,0.00000218874129132,0.00000160956176387,0.00000110259827579,8.04191529369e-7,5.75795183977e-7,3.80590222449e-7,3.37849911602e-7,2.45270427968e-7],"min":[7.48348411092e-25,1.28444886525e-24,9.75463684376e-25,1.33448167791e-24,2.14594502579e-24,2.17601245919e-24,1.74866954633e-24,2.31504209399e-24,1.62228140753e-24,2.32289027392e-24,2.72903156388e-24,3.12747179648e-24,3.37398136303e-24,1.77673504797e-24,3.01074187896e-24,3.97215723252e-24,3.33128229438e-24,3.78188398218e-24,4.66563854341e-24,2.56048886769e-24,3.45085073064e-24,3.76819803433e-24,3.79770340434e-24,4.46307996776e-24,3.14758341082e-24,4.13420819511e-24,4.51230449382e-24,4.50661522897e-24,4.49973912289e-24,4.91698264402e-24,5.19364760196e-24,4.18848734742e-24,5.57223417772e-24,5.99874563119e-24,5.61962341888e-24,5.61097237576e-24,5.92048234636e-24,5.48926967632e-24,6.88057576625e-24,6.66310338076e-24],"var":[0.00000876968715602,0.000010137314348,0.00000347382365362,9.53165340434e-7,2.09004014096e-7,1.22005587855e-7,7.21325221775e-8,9.11119073521e-8,1.37739718298e-7,1.02931096535e-7,4.73110794985e-8,5.33248041279e-8,3.73447761604e-8,1.91262916616e-8,4.20992165573e-8,2.51203147172e-7,1.70516365472e-8,2.19160565251e-8,8.72516636719e-9,2.54854484183e-8,4.01553901241e-9,2.29088126247e-9,1.62097102407e-9,7.11522230024e-10,4.61393506734e-10,7.20113468855e-10,6.64821198093e-10,6.88625600986e-10,1.79515458054e-10,1.25103358228e-10,6.12202025185e-11,6.74223663011e-11,4.37669449294e-11,2.95147205287e-11,5.17484770313e-11,7.13978806632e-11,5.47147153973e-11,2.94927138267e-11,2.50894357373e-11,5.13228435445e-12]},"melbands_crest":{"dmean":3.21701264381,"dmean2":5.33181333542,"dvar":9.25696849823,"dvar2":24.5918369293,"max":30.2379016876,"mean":13.9121179581,"median":13.3582086563,"min":1.54255366325,"var":25.9163475037},"melbands_flatness_db":{"dmean":0.023685099557,"dmean2":0.0359461158514,"dvar":0.000601453939453,"dvar2":0.00131759943906,"max":0.464377135038,"mean":0.185134857893,"median":0.173859834671,"min":0.00295705674216,"var":0.00532800098881},"melbands_kurtosis":{"dmean":5.5572218895,"dmean2":8.74291419983,"dvar":99.420249939,"dvar2":237.689849854,"max":191.935470581,"mean":11.2090482712,"median":5.7880487442,"min":-1.71823394299,"var":304.552734375},"melbands_skewness":{"dmean":0.670579254627,"dmean2":1.03533220291,"dvar":0.537055432796,"dvar2":1.25640392303,"max":10.6599969864,"mean":2.55756354332,"median":2.32466840744,"min":-0.780419051647,"var":2.35134911537},"melbands_spread":{"dmean":8.44506549835,"dmean2":12.8334932327,"dvar":113.121551514,"dvar2":242.416122437,"max":212.926803589,"mean":31.5435066223,"median":26.8441524506,"min":0.867952942848,"var":526.569030762},"mfcc":{"cov":[[16452.3574219,-294.700286865,790.706359863,186.954681396,-256.843200684,545.687255859,-455.768127441,402.816314697,435.734069824,114.500907898,60.7870941162,214.080383301,-261.204711914],[-294.700286865,1556.91040039,-469.497619629,270.284545898,93.8503341675,-0.681297242641,204.240692139,-53.7194328308,-61.6919288635,-13.4050273895,-34.276222229,-38.8756904602,68.6854019165],[790.706359863,-469.497619629,661.735595703,-100.681091309,19.7744369507,90.4877624512,-87.1071243286,88.6953659058,59.106716156,25.6138286591,24.8016967773,37.3012046814,-42.8013076782],[186.954681396,270.284545898,-100.681091309,286.257171631,35.4617538452,30.7825469971,52.4495811462,-3.42021584511,70.6915969849,10.5184812546,-13.6157875061,6.86063337326,52.1743240356],[-256.843200684,93.8503341675,19.7744369507,35.4617538452,161.149368286,14.6231746674,18.6305732727,-17.9153728485,-11.1296854019,7.57164430618,-11.0759735107,4.34926939011,20.77684021],[545.687255859,-0.681297242641,90.4877624512,30.7825469971,14.6231746674,127.402915955,13.9655914307,36.0517807007,49.6773719788,12.1908054352,17.4169406891,19.4303913116,-16.0118465424],[-455.768127441,204.240692139,-87.1071243286,52.4495811462,18.6305732727,13.9655914307,161.614822388,-3.74796819687,-24.70885849,2.8568418026,-0.199047163129,3.73704814911,35.9158859253],[402.816314697,-53.7194328308,88.6953659058,-3.42021584511,-17.9153728485,36.0517807007,-3.74796819687,105.303199768,61.9184074402,6.18154478073,11.6462879181,15.0650691986,-16.2820892334],[435.734069824,-61.6919288635,59.106716156,70.6915969849,-11.1296854019,49.6773719788,-24.70885849,61.9184074402,150.696777344,33.7679595947,0.29868721962,17.8479309082,-4.473549366],[114.500907898,-13.4050273895,25.6138286591,10.5184812546,7.57164430618,12.1908054352,2.8568418026,6.18154478073,33.7679595947,78.0867843628,34.4573020935,9.90142440796,0.0884800627828],[60.7870941162,-34.276222229,24.8016967773,-13.6157875061,-11.0759735107,17.4169406891,-0.199047163129,11.6462879181,0.29868721962,34.4573020935,84.5064544678,32.2430419922,-7.98178195953],[214.080383301,-38.8756904602,37.3012046814,6.86063337326,4.34926939011,19.4303913116,3.73704814911,15.0650691986,17.8479309082,9.90142440796,32.2430419922,72.6840209961,22.9954853058],[-261.204711914,68.6854019165,-42.8013076782,52.1743240356,20.77684021,-16.0118465424,35.9158859253,-16.2820892334,-4.473549366,0.0884800627828,-7.98178195953,22.9954853058,81.7453536987]],"icov":[[0.0000985219521681,-0.0000400140997954,-0.0000274548947345,-0.000145439349581,0.000203034607694,-0.000354385207174,0.000344817904988,-0.000233062412008,0.000168946455233,-0.000237558211666,0.000301497144392,-0.000395106355427,0.00025803144672],[-0.0000400140997954,0.00111442303751,0.000619621714577,-0.000769063946791,-0.000514383078553,-0.00016603070253,-0.000783566443715,-0.000350446935045,0.000689306645654,-0.0000971216431935,0.0000505767930008,0.000467025354737,0.0000351246453647],[-0.0000274548947345,0.000619621714577,0.00255339452997,0.000359533412848,-0.000806398689747,-0.0014572578948,0.000693674315698,-0.00161635968834,0.000575345940888,-0.000727141101379,0.000459775910713,-0.000438686955022,-0.00000752204823584],[-0.000145439349581,-0.000769063946791,0.000359533412848,0.0064678164199,-0.000907837646082,-0.000400781922508,-0.00114756065886,0.00199757074006,-0.00461056176573,0.0013949671993,-0.00105761189479,0.00154579069931,-0.00349601800554],[0.000203034607694,-0.000514383078553,-0.000806398689747,-0.000907837646082,0.00776595529169,-0.00184462883044,0.00081647397019,0.000607980065979,0.00164986238815,-0.00214193947613,0.00245018489659,-0.00153258396313,-0.000571633863728],[-0.000354385207174,-0.00016603070253,-0.0014572578948,-0.000400781922508,-0.00184462883044,0.0131034413353,-0.00362784531899,0.000583613815252,-0.0039310217835,0.0022973222658,-0.00291692954488,-0.000557468098123,0.00289996224456],[0.000344817904988,-0.000783566443715,0.000693674315698,-0.00114756065886,0.00081647397019,-0.00362784531899,0.0102471355349,-0.00305472454056,0.00376482657157,-0.00252952682786,0.0015635737218,-0.00114064745139,-0.00249063340016],[-0.000233062412008,-0.000350446935045,-0.00161635968834,0.00199757074006,0.000607980065979,0.000583613815252,-0.00305472454056,0.0164347440004,-0.00803136266768,0.00398839404806,-0.00299323839135,0.0000590395211475,0.00125116214622],[0.000168946455233,0.000689306645654,0.000575345940888,-0.00461056176573,0.00164986238815,-0.0039310217835,0.00376482657157,-0.00803136266768,0.0158726498485,-0.00779026886448,0.00591568183154,-0.00339711690322,0.00117179658264],[-0.000237558211666,-0.0000971216431935,-0.000727141101379,0.0013949671993,-0.00214193947613,0.0022973222658,-0.00252952682786,0.00398839404806,-0.00779026886448,0.0204187445343,-0.0107926651835,0.00417116330937,-0.00172397913411],[0.000301497144392,0.0000505767930008,0.000459775910713,-0.00105761189479,0.00245018489659,-0.00291692954488,0.0015635737218,-0.00299323839135,0.00591568183154,-0.0107926651835,0.021705141291,-0.0109865712002,0.00490472186357],[-0.000395106355427,0.000467025354737,-0.000438686955022,0.00154579069931,-0.00153258396313,-0.000557468098123,-0.00114064745139,0.0000590395211475,-0.00339711690322,0.00417116330937,-0.0109865712002,0.0238581318408,-0.0100525785238],[0.00025803144672,0.0000351246453647,-0.00000752204823584,-0.00349601800554,-0.000571633863728,0.00289996224456,-0.00249063340016,0.00125116214622,0.00117179658264,-0.00172397913411,0.00490472186357,-0.0100525785238,0.0206850804389]],"mean":[-647.668640137,115.064315796,-8.60189437866,30.7631015778,1.38104784489,10.8362360001,8.39290714264,1.74079108238,-1.97276413441,3.27430009842,-2.44423723221,-3.17694568634,-0.000209949619602]},"pitch_salience":{"dmean":0.0674052760005,"dmean2":0.111483134329,"dvar":0.00419023027644,"dvar2":0.0109905619174,"max":0.834068477154,"mean":0.542302072048,"median":0.544797003269,"min":0.177324324846,"var":0.0129557196051},"silence_rate_20dB":{"dmean":0,"dmean2":0,"dvar":0,"dvar2":0,"max":1,"mean":1,"median":1,"min":1,"var":0},"silence_rate_30dB":{"dmean":0.00025367832859,"dmean2":0.000507421034854,"dvar":0.000253630569205,"dvar2":0.000760940369219,"max":1,"mean":0.999873161316,"median":1,"min":0,"var":0.000126802129671},"silence_rate_60dB":{"dmean":0.00684931501746,"dmean2":0.0137003678828,"dvar":0.0068018566817,"dvar2":0.0175731871277,"max":1,"mean":0.174001261592,"median":0,"min":0,"var":0.143721058965},"spectral_centroid":{"dmean":278.072601318,"dmean2":422.753204346,"dvar":90448.5,"dvar2":183209.328125,"max":11640.4013672,"mean":1790.37060547,"median":1636.92944336,"min":187.44694519,"var":1402546.25},"spectral_complexity":{"dmean":3.77904605865,"dmean2":5.79398727417,"dvar":17.1817970276,"dvar2":35.9650840759,"max":59,"mean":23.0334815979,"median":25,"min":0,"var":175.523300171},"spectral_contrast_coeffs":{"dmean":[0.0516117326915,0.04419888556,0.0355839580297,0.0307022947818,0.0222479440272,0.0184808708727],"dmean2":[0.0846255496144,0.0733923465014,0.056970000267,0.0489026196301,0.0351841188967,0.0285451151431],"dvar":[0.00205892580561,0.00139213050716,0.000906176923309,0.000666984822601,0.000366125808796,0.000334288750309],"dvar2":[0.00554940663278,0.00380009738728,0.00227103102952,0.00158817635383,0.000862652610522,0.000705932325218],"max":[-0.312792390585,-0.458831429482,-0.527245521545,-0.549619913101,-0.596791744232,-0.56971013546],"mean":[-0.637948155403,-0.745905041695,-0.774938881397,-0.772889971733,-0.777968883514,-0.735696852207],"median":[-0.636469304562,-0.748977124691,-0.778380572796,-0.776237845421,-0.782341778278,-0.735118150711],"min":[-0.978338122368,-0.974511146545,-0.975628316402,-0.969386637211,-0.967734992504,-0.965554594994],"var":[0.00834943912923,0.00565809430555,0.00422224681824,0.00410868413746,0.00285913702101,0.00251149083488]},"spectral_contrast_valleys":{"dmean":[0.400623559952,0.351461619139,0.305207401514,0.277630031109,0.22848507762,0.290966004133],"dmean2":[0.640281200409,0.574637830257,0.488437235355,0.437540769577,0.347458541393,0.382891148329],"dvar":[0.142609715462,0.115075416863,0.0984075143933,0.0952279567719,0.0874431803823,0.156316354871],"dvar2":[0.305734962225,0.244524762034,0.184607535601,0.167782098055,0.143247485161,0.259330362082],"max":[-5.1246175766,-4.80514860153,-5.42439508438,-5.72264194489,-5.53617525101,-7.50528621674],"mean":[-7.55695199966,-7.174888134,-7.5804233551,-7.82711982727,-7.73910856247,-10.7156553268],"median":[-6.9421954155,-6.53548002243,-6.9822640419,-7.24317502975,-6.99655580521,-9.82322692871],"min":[-27.96342659,-28.3303527832,-27.7548179626,-27.7444667816,-27.5221881866,-27.4037799835],"var":[6.54366064072,6.41587972641,5.96938991547,5.79000711441,6.43250274658,7.06485414505]},"spectral_decrease":{"dmean":2.39918307443e-9,"dmean2":3.7810932163e-9,"dvar":1.08232041931e-17,"dvar2":2.49420696545e-17,"max":4.11284735534e-16,"mean":-7.49405426603e-9,"median":-7.2064101353e-9,"min":-4.0340701446e-8,"var":3.00401657494e-17},"spectral_energy":{"dmean":0.00928858947009,"dmean2":0.014597279951,"dvar":0.000158949347679,"dvar2":0.000366675667465,"max":0.153287515044,"mean":0.0306002870202,"median":0.0300236716866,"min":9.94736385383e-21,"var":0.000473085005069},"spectral_energyband_high":{"dmean":0.000474364031106,"dmean2":0.000679455813952,"dvar":9.11893152988e-7,"dvar2":0.00000167251107541,"max":0.0158486664295,"mean":0.00132780731656,"median":0.000792342470959,"min":7.02312852327e-21,"var":0.00000316030059366},"spectral_energyband_low":{"dmean":0.00682143867016,"dmean2":0.0109208812937,"dvar":0.000120817654533,"dvar2":0.000262871821178,"max":0.14765009284,"mean":0.0130229014903,"median":0.00836549792439,"min":1.56273297993e-23,"var":0.000236152322032},"spectral_energyband_middle_high":{"dmean":0.00202212319709,"dmean2":0.00304095586762,"dvar":0.00000989524778561,"dvar2":0.00002145030885,"max":0.0539837256074,"mean":0.00721139274538,"median":0.00490183848888,"min":1.21327907842e-21,"var":0.0000595832352701},"spectral_energyband_middle_low":{"dmean":0.0045247329399,"dmean2":0.00751219876111,"dvar":0.0000555040787731,"dvar2":0.00015002276632,"max":0.0779536217451,"mean":0.0107896858826,"median":0.00952201895416,"min":1.62716054379e-22,"var":0.0000882913082023},"spectral_entropy":{"dmean":0.128036201,"dmean2":0.182996585965,"dvar":0.0192530509084,"dvar2":0.0366350747645,"max":9.82664108276,"mean":7.66697597504,"median":7.74147176743,"min":5.96592760086,"var":0.268730759621},"spectral_flux":{"dmean":0.0240390505642,"dmean2":0.0374752432108,"dvar":0.000844068650622,"dvar2":0.00192384573165,"max":0.289135813713,"mean":0.0861160606146,"median":0.0854435786605,"min":6.28502458411e-11,"var":0.00296382023953},"spectral_kurtosis":{"dmean":1.49943220615,"dmean2":2.55733370781,"dvar":3.91906118393,"dvar2":12.057975769,"max":22.3407993317,"mean":3.58374810219,"median":3.03373193741,"min":-1.24854302406,"var":7.15473222733},"spectral_rms":{"dmean":0.000751839950681,"dmean2":0.00115720729809,"dvar":8.93654544143e-7,"dvar2":0.00000198572547561,"max":0.0122290141881,"mean":0.00491453893483,"median":0.00541215157136,"min":3.11524395689e-12,"var":0.00000570131805944},"spectral_rolloff":{"dmean":574.106628418,"dmean2":920.895141602,"dvar":965786.375,"dvar2":1908750,"max":19595.2148438,"mean":2150.59350586,"median":1421.19140625,"min":86.1328125,"var":7194549.5},"spectral_skewness":{"dmean":0.209435224533,"dmean2":0.338434696198,"dvar":0.0477164164186,"dvar2":0.131047293544,"max":3.70428538322,"mean":1.19547426701,"median":1.17613661289,"min":-0.104673042893,"var":0.17937399447},"spectral_spread":{"dmean":482806.875,"dmean2":666650.5,"dvar":619460100096,"dvar2":998887456768,"max":42384748,"mean":4693685.5,"median":3988673.25,"min":1827497.625,"var":17173241135100},"spectral_strongpeak":{"dmean":0.519503593445,"dmean2":0.905899763107,"dvar":1.36304962635,"dvar2":3.42027997971,"max":16.3926506042,"mean":0.826848983765,"median":0.368276804686,"min":0,"var":2.31007742882},"zerocrossingrate":{"dmean":0.0113548925146,"dmean2":0.0129248658195,"dvar":0.000197076587938,"dvar2":0.000220375368372,"max":0.80615234375,"mean":0.0769523233175,"median":0.06201171875,"min":0.00341796875,"var":0.00564296450466}},"metadata":{"audio_properties":{"analysis_sample_rate":44100,"bit_rate":272773,"codec":"mp3","downmix":"mix","equal_loudness":0,"length":183.066116333,"lossless":false,"md5_encoded":"fd53dede7f08f6613954f8afbc7db3f3","replay_gain":-15.2733345032,"sample_rate":44100},"tags":{"album":["Start the Revolution Without Me"],"artist":["Kaiser Chiefs"],"copyright":["exystence.net"],"date":["2012"],"discnumber":["1"],"file_name":"1908809.mp3","genre":["Indie"],"label":["Cooperative Music"],"musicbrainz_recordingid":["341c8f63-64f9-48c3-9aef-f4e808960b6b"],"title":["Problem Solved"],"tracknumber":["10"]},"version":{"essentia":"2.1-beta2","essentia_build_sha":"70f2e5ece6736b2c40cc944ad0e695b16b925413","essentia_git_sha":"v2.1_beta2","extractor":"music 1.0"}},"rhythm":{"beats_count":475,"beats_loudness":{"dmean":0.0194159355015,"dmean2":0.0351068004966,"dvar":0.000276413804386,"dvar2":0.000854869023897,"max":0.136039659381,"mean":0.0385562777519,"median":0.0388393811882,"min":0,"var":0.000540911278222},"beats_loudness_band_ratio":{"dmean":[0.182455703616,0.0936656445265,0.0685096755624,0.0906537622213,0.0632558390498,0.0721962749958],"dmean2":[0.315287709236,0.170035079122,0.121616519988,0.155318558216,0.112752221525,0.134737670422],"dvar":[0.0220066569746,0.00690229516476,0.00577500229701,0.0114768128842,0.00584232388064,0.00829114764929],"dvar2":[0.0620598271489,0.0197095852345,0.0162015929818,0.0303099788725,0.0154886730015,0.0210064221174],"max":[0.977448284626,0.693463265896,0.498742371798,0.676206946373,0.588991165161,0.978172123432],"mean":[0.502404034138,0.140633270144,0.0956619679928,0.126925766468,0.0871521234512,0.0848303884268],"median":[0.515416324139,0.099398650229,0.0724370703101,0.0810150951147,0.0611265338957,0.0600183270872],"min":[0,0,0,0,0,0],"var":[0.0601487085223,0.0141590023413,0.00671549234539,0.0152462925762,0.00701521430165,0.0095469290390