{"lowlevel":{"average_loudness":0.969320833683,"barkbands":{"dmean":[0.0198581069708,0.0169291887432,0.00655230041593,0.00258889584802,0.00329955434427,0.00140094268136,0.00107467977796,0.000677308184095,0.000526794232428,0.000448438193416,0.000303581473418,0.000295022851788,0.000346705841366,0.000313830387313,0.000323148909956,0.000371566246031,0.000166575497133,0.000136930219014,0.000131588458316,0.000120267031889,0.000101596917375,0.0000790471021901,0.0000287652510451,0.00000568018094782,0.00000553319023311,0.0000182461662916,0.000335100892698],"dmean2":[0.0334729924798,0.0297199115157,0.0114707620814,0.00443657161668,0.00556368427351,0.00222062598914,0.00177913671359,0.0011113131186,0.000876532169059,0.000737324531656,0.000503260991536,0.000481317081721,0.000566726666875,0.000515092746355,0.000523389840964,0.000589331029914,0.000264089991106,0.000214212021092,0.000197564237169,0.000175770546775,0.000146655263961,0.000116142262414,0.000044385491492,0.00000936210290092,0.00000910278777155,0.0000284771067527,0.000478447153],"dvar":[0.00176935025956,0.00237092073075,0.000106998122646,0.0000157797458087,0.0000202747705771,0.00000433829700341,0.00000181053542292,8.16645751911e-7,5.12398230512e-7,5.0095871984e-7,2.12354095197e-7,3.99201752543e-7,5.16017905738e-7,3.91162501501e-7,2.67362452178e-7,9.34313561629e-7,1.3824437417e-7,2.26176979368e-7,2.06348929055e-7,2.44061681087e-7,1.56403800133e-7,5.00741563769e-8,3.92395493876e-9,9.90009671464e-11,9.18006365369e-11,1.37467925931e-9,2.66473563215e-7],"dvar2":[0.00439400784671,0.0066720652394,0.000303648645058,0.0000425980906584,0.0000530384604644,0.0000102989415609,0.00000477060120829,0.00000205255582841,0.00000134293645715,0.00000123727056689,5.31533601134e-7,8.9353528665e-7,0.00000121652374219,9.54539473241e-7,6.76524564369e-7,0.00000224936820814,3.42707835443e-7,5.52805147436e-7,4.58871568298e-7,4.82129109969e-7,3.3496701235e-7,1.11733662322e-7,8.7161113882e-9,2.40538394758e-10,2.23125268262e-10,3.02051894607e-9,5.04365004872e-7],"max":[1.02439284325,0.890282273293,0.174823358655,0.126554727554,0.109266795218,0.0596707090735,0.0233046840876,0.0167126599699,0.0196565743536,0.0150586161762,0.00900383945554,0.0220771562308,0.0213041435927,0.0214148480445,0.0126413917169,0.019241226837,0.0102199502289,0.0176552701741,0.0136439325288,0.0222839042544,0.0158898830414,0.00916463136673,0.00195504631847,0.000148526378325,0.000142533113831,0.000929847243242,0.00981872249395],"mean":[0.0241644512862,0.0204989630729,0.00765654211864,0.00364665291272,0.00614409800619,0.00286357989535,0.0018837749958,0.00107884616591,0.000895227887668,0.000718474911992,0.000517338863574,0.000531468307599,0.000603525142651,0.000585698755458,0.000628569105174,0.000651667476632,0.000319347513141,0.000266423914582,0.000249764794717,0.00021040487627,0.000177631300176,0.000128978208522,0.0000420689502789,0.0000055819955378,0.00000557076418772,0.0000252738900599,0.00108029693365],"median":[0.00968160293996,0.00886805914342,0.00425234995782,0.00212475610897,0.00421554269269,0.00180077389814,0.00137880234979,0.000737060094252,0.000624333799351,0.000436783710029,0.000327725603711,0.000291178497719,0.00031321842107,0.000323656218825,0.000393658818211,0.000189961137949,0.000114654576464,0.000101347599411,0.0000908277652343,0.0000706049540895,0.0000618990088697,0.0000447220227215,0.0000160058643814,0.00000188702802006,0.00000201183252102,0.000010733991985,0.000820764456876],"min":[2.81796473481e-25,4.67692674853e-24,4.47823871892e-24,1.55852448588e-24,1.46443349584e-23,1.03051471736e-23,7.55665717215e-24,8.43644455189e-24,1.99785603347e-23,1.94435816901e-23,1.41837032987e-23,2.34836397306e-23,3.91980439966e-23,4.69989853586e-23,4.25082400389e-23,3.80124775639e-23,6.01324434243e-23,1.18165002228e-22,1.46098705721e-22,1.85604216144e-22,2.38464977609e-22,2.99056336132e-22,4.50098031664e-22,5.89299038604e-22,9.55575462026e-22,1.3886452053e-21,2.08815828551e-21],"var":[0.00206525716931,0.00177520152647,0.000110541390313,0.0000272921861324,0.0000454486362287,0.0000113777368824,0.00000330203829435,0.0000014361958165,9.40775578329e-7,0.00000106460788629,4.25071931431e-7,8.85571978415e-7,0.00000111467772967,8.16563783701e-7,5.58528086003e-7,0.00000191572235053,3.44522334217e-7,6.15076885424e-7,5.20953392424e-7,5.13959832915e-7,2.8531570706e-7,7.4540018602e-8,5.69270097728e-9,1.1055564797e-10,1.03184204236e-10,1.91749660594e-9,9.15449106742e-7]},"barkbands_crest":{"dmean":3.17563891411,"dmean2":5.38185548782,"dvar":7.72141695023,"dvar2":21.5302066803,"max":25.7899093628,"mean":10.8198566437,"median":10.1446371078,"min":2.85271143913,"var":19.4349040985},"barkbands_flatness_db":{"dmean":0.0298329889774,"dmean2":0.0484195426106,"dvar":0.00081070093438,"dvar2":0.00218731001951,"max":0.46028187871,"mean":0.153077587485,"median":0.147187575698,"min":0.0316379964352,"var":0.00268993503414},"barkbands_kurtosis":{"dmean":10.2574729919,"dmean2":17.2853717804,"dvar":655.327819824,"dvar2":1932.22790527,"max":573.948547363,"mean":17.6282463074,"median":9.56301689148,"min":-1.70853435993,"var":890.093811035},"barkbands_skewness":{"dmean":0.878402411938,"dmean2":1.42598462105,"dvar":1.30243754387,"dvar2":3.46292519569,"max":21.1583423615,"mean":3.19157552719,"median":2.83575940132,"min":-2.09001326561,"var":3.76678299904},"barkbands_spread":{"dmean":6.76292657852,"dmean2":10.5169248581,"dvar":56.4648246765,"dvar2":114.182922363,"max":109.944213867,"mean":23.2892932892,"median":19.8628406525,"min":0.369212776423,"var":239.422546387},"dissonance":{"dmean":0.0154479984194,"dmean2":0.0263306237757,"dvar":0.000188456644537,"dvar2":0.000533290382009,"max":0.500000059605,"mean":0.472915738821,"median":0.476094126701,"min":0.233917027712,"var":0.000315802404657},"dynamic_complexity":1.96250963211,"erbbands":{"dmean":[0.854397952557,2.74949216843,6.63238430023,8.89506530762,7.72243261337,13.4018173218,10.5153341293,15.583407402,11.5501813889,22.7326412201,9.08084964752,13.9885940552,8.3447265625,17.1719074249,10.8312187195,11.7811098099,14.2707386017,16.4458751678,14.6277074814,17.2377567291,15.793428421,8.45654296875,7.58627557755,7.01449012756,6.29310178757,5.48852014542,4.53781938553,3.66120553017,2.90526366234,2.05311107635,0.48406240344,0.129824638367,0.0910716354847,0.0621455274522,0.0392654202878,0.0224428735673,0.0213125739247,0.085520580411,0.0307910870761,0.0068684485741],"dmean2":[1.48309123516,4.87577104568,11.5147771835,15.4042787552,13.0648508072,22.5181789398,17.6016616821,24.5367107391,18.6613769531,38.13646698,14.8581066132,23.4349784851,13.5418968201,28.4911117554,17.7144145966,19.0400524139,23.0699367523,26.8562583923,23.8400402069,27.4076442719,24.8616313934,13.1911230087,11.903837204,10.7550516129,9.18605041504,7.99973154068,6.64032697678,5.26979160309,4.32577943802,3.03737998009,0.746074795723,0.212511464953,0.150050356984,0.102325633168,0.0645088255405,0.0367006026208,0.032036036253,0.117623209953,0.0414325334132,0.0100579140708],"dvar":[5.55488824844,61.4329414368,115.223396301,171.812408447,159.188232422,369.528106689,260.977844238,538.47052002,243.199981689,929.42590332,159.021194458,353.275115967,239.784606934,684.245361328,351.173217773,660.343505859,1053.06091309,1151.0970459,517.646240234,1238.41906738,1521.96264648,343.034576416,608.462341309,507.743713379,580.251708984,502.931335449,373.705841064,165.771606445,80.5779418945,21.118227005,0.91534858942,0.0489797741175,0.0253848042339,0.011711220257,0.00456684082747,0.00141755025834,0.00122956652194,0.0352866575122,0.00378449843265,0.0000933310948312],"dvar2":[15.5125951767,175.018676758,319.398406982,481.469116211,433.769683838,1000.08770752,658.968811035,1238.87341309,591.505554199,2527.01196289,402.135406494,926.627380371,587.250793457,1689.50805664,859.61529541,1459.21936035,2404.83056641,2902.65551758,1296.21350098,2919.50561523,3689.49169922,824.069091797,1475.0982666,1077.89245605,1234.12243652,980.133483887,813.610168457,340.869995117,184.031448364,44.6507759094,2.02508807182,0.118672348559,0.0617008469999,0.028464185074,0.01109635178,0.00344008649699,0.00254896329716,0.0674473121762,0.00684638833627,0.000189911501366],"max":[43.6875457764,157.473800659,177.172668457,267.475280762,285.969909668,515.000671387,409.978118896,651.420471191,330.387969971,636.131835938,308.042266846,358.122436523,397.563659668,562.500915527,371.270599365,793.09161377,1116.01379395,973.486083984,505.381286621,867.61895752,863.56036377,420.611999512,940.11138916,791.806030273,700.169372559,1044.04711914,676.904724121,563.766052246,429.610595703,106.893920898,30.5671672821,3.436596632,2.36318159103,1.60637331009,1.00824415684,0.57037460804,0.890915930271,4.21243333817,1.3232973814,0.215702623129],"mean":[1.07384359837,3.02684187889,7.90996170044,12.682929039,12.3155841827,23.4861125946,18.7425575256,31.3242835999,23.2477798462,35.9585838318,17.0400371552,23.0150814056,15.7360668182,28.5395908356,20.8998413086,22.7907047272,26.8774051666,31.6510047913,31.2643756866,34.7163887024,30.009759903,18.0212516785,15.3620691299,14.0686626434,11.8920841217,9.79628562927,7.88612222672,6.27361249924,4.5767288208,3.37763595581,0.696029782295,0.138240665197,0.090655490756,0.0621768943965,0.0399855971336,0.0239752233028,0.0329650267959,0.156213492155,0.0769977346063,0.0293766446412],"median":[0.400321602821,1.4024720192,4.39677381516,7.5688700676,7.76781749725,15.1707687378,12.943570137,18.2162494659,17.2404994965,25.6844234467,12.7394189835,15.9506378174,9.88400840759,18.7025604248,13.3864955902,12.4289445877,14.1710510254,17.7987346649,19.8891601562,17.5539188385,9.2151184082,6.81582164764,5.70737695694,5.24250507355,4.25864839554,3.29663228989,2.61988067627,2.30032277107,1.61654126644,1.15859127045,0.282883763313,0.0591082796454,0.0316958874464,0.0219862479717,0.014961251989,0.0102267069742,0.0162189304829,0.0567048341036,0.0431463941932,0.025480363518],"min":[1.76946574994e-22,9.58506137086e-22,4.89700373816e-21,1.24480455523e-20,2.47303657919e-20,2.63079882438e-20,5.08266006456e-20,9.34289192769e-20,1.01244076468e-19,1.48270082698e-19,2.79352153598e-19,4.81199293258e-19,5.66369324644e-19,7.58686232123e-19,9.64302239298e-19,8.15025865536e-19,1.71926522809e-18,2.61321823783e-18,2.26088644618e-18,2.78500793463e-18,4.18618654502e-18,4.6147479932e-18,6.80351173459e-18,7.56053006041e-18,7.91767687041e-18,9.58532509769e-18,8.51274729435e-18,8.702667963e-18,1.02590206932e-17,1.24379699366e-17,1.32644400011e-17,1.30717772287e-17,9.83034178539e-18,9.01426193666e-18,6.97249480757e-18,5.10732701694e-18,2.45577040529e-18,9.5133390845e-19,2.70317480153e-19,2.83771191538e-20],"var":[4.47754144669,43.5755844116,116.864212036,266.526367188,262.8855896,807.967468262,479.586486816,1601.92456055,511.327789307,1402.65771484,304.964324951,628.922546387,585.88861084,1303.57275391,721.537597656,1578.6628418,2326.94799805,2393.52392578,1284.61486816,2795.07373047,3373.15966797,1005.20788574,1600.01184082,1546.30517578,1340.77148438,1076.60217285,667.544433594,300.41116333,111.984855652,36.910194397,1.35042536259,0.0557316243649,0.0283509213477,0.0131220873445,0.00515491515398,0.00162514590193,0.00215083081275,0.0703534707427,0.010789418593,0.000386648491258]},"erbbands_crest":{"dmean":2.09082722664,"dmean2":3.46874141693,"dvar":3.67909455299,"dvar2":9.62134742737,"max":25.771396637,"mean":7.05342483521,"median":6.44400930405,"min":1.99108362198,"var":8.3030090332},"erbbands_flatness_db":{"dmean":0.0176656581461,"dmean2":0.0273620560765,"dvar":0.000215003281482,"dvar2":0.000504194293171,"max":0.244772672653,"mean":0.123816497624,"median":0.123208552599,"min":0.0480607189238,"var":0.000868603296112},"erbbands_kurtosis":{"dmean":0.593047082424,"dmean2":0.962154150009,"dvar":0.42486128211,"dvar2":1.04766845703,"max":8.45229148865,"mean":-0.024685272947,"median":-0.243286371231,"min":-1.66447770596,"var":1.00652885437},"erbbands_skewness":{"dmean":0.291332513094,"dmean2":0.453059524298,"dvar":0.0643907263875,"dvar2":0.137543573976,"max":2.59855270386,"mean":0.232817515731,"median":0.311336278915,"min":-2.69904756546,"var":0.4135427773},"erbbands_spread":{"dmean":6.90530490875,"dmean2":10.7768888474,"dvar":45.5381088257,"dvar2":105.991340637,"max":116.050186157,"mean":38.4806632996,"median":36.6779708862,"min":10.0953884125,"var":170.537414551},"gfcc":{"cov":[[8398.84375,206.965698242,-721.023742676,-95.0786437988,-3.10033583641,-214.7237854,-106.431724548,-137.603820801,44.6271438599,-50.9889221191,-79.7313232422,-63.7756156921,-79.2233734131],[206.965698242,497.014404297,-23.7811698914,-122.035179138,99.9444656372,-30.8514080048,27.3907928467,-54.1714706421,19.3403377533,-4.46481180191,30.2510128021,-35.7677764893,43.6178474426],[-721.023742676,-23.7811698914,361.455535889,75.6903457642,-88.3584671021,186.255432129,-39.6399879456,121.48789978,-38.5719947815,41.3856239319,27.6034259796,-3.11355614662,26.6383991241],[-95.0786437988,-122.035179138,75.6903457642,188.008331299,26.8343029022,-2.98727321625,52.7127532959,11.3919706345,13.3655014038,6.20237493515,-16.8337020874,34.6155853271,-18.7608547211],[-3.10033583641,99.9444656372,-88.3584671021,26.8343029022,149.187011719,-31.0211925507,36.7868232727,-33.3790130615,31.40965271,-12.7142810822,-0.564387261868,1.97074449062,4.62954616547],[-214.7237854,-30.8514080048,186.255432129,-2.98727321625,-31.0211925507,261.691192627,-71.7318267822,136.243240356,-46.2614860535,45.9597053528,43.9346961975,-25.4270477295,45.4960594177],[-106.431724548,27.3907928467,-39.6399879456,52.7127532959,36.7868232727,-71.7318267822,206.801391602,-83.7465057373,59.9412078857,9.85544204712,-23.733417511,41.1340713501,-52.7888221741],[-137.603820801,-54.1714706421,121.48789978,11.3919706345,-33.3790130615,136.243240356,-83.7465057373,188.175552368,-13.3945636749,34.1795272827,41.5853385925,-34.2739334106,56.9840393066],[44.6271438599,19.3403377533,-38.5719947815,13.3655014038,31.40965271,-46.2614860535,59.9412078857,-13.3945636749,91.3391647339,18.7793388367,-9.85010910034,25.3903064728,-22.1268596649],[-50.9889221191,-4.46481180191,41.3856239319,6.20237493515,-12.7142810822,45.9597053528,9.85544204712,34.1795272827,18.7793388367,66.6258850098,36.2761573792,-0.175076514482,17.684211731],[-79.7313232422,30.2510128021,27.6034259796,-16.8337020874,-0.564387261868,43.9346961975,-23.733417511,41.5853385925,-9.85010910034,36.2761573792,65.4853744507,7.09524393082,33.5084457397],[-63.7756156921,-35.7677764893,-3.11355614662,34.6155853271,1.97074449062,-25.4270477295,41.1340713501,-34.2739334106,25.3903064728,-0.175076514482,7.09524393082,73.5731735229,-3.79547262192],[-79.2233734131,43.6178474426,26.6383991241,-18.7608547211,4.62954616547,45.4960594177,-52.7888221741,56.9840393066,-22.1268596649,17.684211731,33.5084457397,-3.79547262192,87.4348449707]],"icov":[[0.000215435647988,-0.000582174689043,0.00112863059621,-0.000854259647895,0.000942357582971,-0.000501556438394,0.000412923749536,-0.000170055762283,-0.00000910346534511,-0.000262989895418,0.000382240192266,-0.00016758532729,0.000426815706305],[-0.000582174689043,0.00685777608305,-0.00651297206059,0.00640888139606,-0.0064874147065,0.00254040700383,-0.00273938127793,0.00388177786954,-0.00306727644056,0.00403750641271,-0.00538433901966,0.00525669334456,-0.00505246734247],[0.00112863059621,-0.00651297206059,0.0147923035547,-0.0108215911314,0.0116907292977,-0.00774948531762,0.00281466846354,-0.00292999390513,0.000924066349398,-0.00212354538962,0.00324509898201,-0.00284332013689,0.00376159301959],[-0.000854259647895,0.00640888139606,-0.0108215911314,0.017848752439,-0.0134993866086,0.00734699470922,-0.00400025164708,-0.00304945115931,0.00521340640262,-0.00455253431574,0.00447658635676,-0.00500929215923,-0.0000732522676117],[0.000942357582971,-0.0064874147065,0.0116907292977,-0.0134993866086,0.0214008502662,-0.00836694985628,0.00164139806293,0.00322629744187,-0.00835843849927,0.00789149943739,-0.00516452267766,0.00493916403502,-0.00177699036431],[-0.000501556438394,0.00254040700383,-0.00774948531762,0.00734699470922,-0.00836694985628,0.0127944927663,-0.000899236474652,-0.00614035641775,0.00768675934523,-0.00757335545495,0.00324299256317,-0.00360033893958,0.0015380209079],[0.000412923749536,-0.00273938127793,0.00281466846354,-0.00400025164708,0.00164139806293,-0.000899236474652,0.009949920699,0.00118353997823,-0.00149784772657,-0.00525847962126,0.00372138875537,-0.00394946755841,0.00472864788026],[-0.000170055762283,0.00388177786954,-0.00292999390513,-0.00304945115931,0.00322629744187,-0.00614035641775,0.00118353997823,0.0201259050518,-0.0143858259544,0.0113533642143,-0.01421336364,0.0153479278088,-0.0110535705462],[-0.00000910346534511,-0.00306727644056,0.000924066349398,0.00521340640262,-0.00835843849927,0.00768675934523,-0.00149784772657,-0.0143858259544,0.0320078767836,-0.0234229210764,0.0195749830455,-0.01927876845,0.0117719750851],[-0.000262989895418,0.00403750641271,-0.00212354538962,-0.00455253431574,0.00789149943739,-0.00757335545495,-0.00525847962126,0.0113533642143,-0.0234229210764,0.0452247932553,-0.0310222841799,0.0197526793927,-0.0119617162272],[0.000382240192266,-0.00538433901966,0.00324509898201,0.00447658635676,-0.00516452267766,0.00324299256317,0.00372138875537,-0.01421336364,0.0195749830455,-0.0310222841799,0.0457736775279,-0.0226420164108,0.00580340949818],[-0.00016758532729,0.00525669334456,-0.00284332013689,-0.00500929215923,0.00493916403502,-0.00360033893958,-0.00394946755841,0.0153479278088,-0.01927876845,0.0197526793927,-0.0226420164108,0.034461017698,-0.0124588031322],[0.000426815706305,-0.00505246734247,0.00376159301959,-0.0000732522676117,-0.00177699036431,0.0015380209079,0.00472864788026,-0.0110535705462,0.0117719750851,-0.0119617162272,0.00580340949818,-0.0124588031322,0.0251687318087]],"mean":[26.9944915771,100.866134644,-81.1949157715,4.76694822311,-9.09350585938,-23.980714798,3.8701133728,-25.2806053162,3.28451871872,-3.54423165321,-9.28135299683,0.142200961709,-7.39195156097]},"hfc":{"dmean":54.5579032898,"dmean2":89.6147766113,"dvar":3222.06933594,"dvar2":9050.23730469,"max":1423.18859863,"mean":223.712753296,"median":212.631973267,"min":1.11272203652e-16,"var":12367.6503906},"melbands":{"dmean":[0.00659683533013,0.00337497633882,0.00139060767833,0.000700708886143,0.000453249027487,0.000315969751682,0.0001837870077,0.000231348705711,0.0000704271733412,0.0000855104808579,0.0000425953367085,0.0000728182130842,0.0000386903484468,0.0000335457552865,0.000032607880712,0.0000330437032972,0.0000325116743625,0.0000240442568611,0.0000244038656092,0.0000305812063743,0.0000165135879797,0.00000931313388719,0.00000877314323589,0.0000068657382144,0.00000614918099018,0.00000498921099279,0.00000492622939419,0.00000363630556421,0.00000291481887871,0.00000283690701508,0.00000200141676032,0.00000182554344974,0.00000142390319979,0.00000109693951345,3.4398053117e-7,8.51096615406e-8,7.37867225098e-8,6.46877893473e-8,5.71112650505e-8,5.07768795899e-8],"dmean2":[0.0111730629578,0.00587522983551,0.0024014278315,0.00117911677808,0.000754665234126,0.000497989531141,0.00029951884062,0.000386526284274,0.000115523733257,0.000143094483064,0.0000691264867783,0.000120645025163,0.0000639112186036,0.0000551546581846,0.0000524489878444,0.0000542724883417,0.0000533389866177,0.0000396423311031,0.0000398318152293,0.0000489233389089,0.0000261783625319,0.0000148178705786,0.0000139963822221,0.0000108590975287,0.00000959296539804,0.00000756169674787,0.00000738698145142,0.00000541781673746,0.00000441293559561,0.00000420640662924,0.00000295779068438,0.00000278857555713,0.00000212498457586,0.00000165854862644,5.43062185443e-7,1.40224869938e-7,1.21673281228e-7,1.06642929154e-7,9.41122735298e-8,8.35912246089e-8],"dvar":[0.000321909727063,0.0000398084084736,0.00000402944397138,9.88512169897e-7,4.57395714193e-7,2.1759711899e-7,5.55693517867e-8,9.33358705879e-8,9.79617453822e-9,1.38057876242e-8,6.27234930661e-9,1.2376390579e-8,3.66091290616e-9,5.02371833022e-9,5.32185406854e-9,5.1114534827e-9,4.37070513115e-9,1.44052014761e-9,1.757975987e-9,6.75262068484e-9,1.52955448307e-9,3.91531834731e-10,6.05495764638e-10,6.88439694141e-10,3.98455962669e-10,3.22360999006e-10,3.97097993377e-10,2.27049809509e-10,1.70773450936e-10,1.24023930015e-10,4.52341150647e-11,3.5853920527e-11,1.18634277749e-11,5.99028725928e-12,5.43597339451e-13,2.20788759996e-14,1.67299459469e-14,1.28415039832e-14,9.9609168773e-15,7.80016123984e-15],"dvar2":[0.000880376377609,0.000109915039502,0.000011251640899,0.00000268040184892,0.00000114747092539,5.05007733409e-7,1.38421711426e-7,2.50131222401e-7,2.47482692117e-8,3.61890748479e-8,1.53868189301e-8,3.04517087102e-8,9.01283137011e-9,1.20949019689e-8,1.19278178445e-8,1.26213830498e-8,1.09354063582e-8,3.56860985207e-9,4.42208003548e-9,1.63029696409e-8,3.74681086157e-9,9.56083878734e-10,1.48791701182e-9,1.75169112548e-9,8.84775364085e-10,7.21010418037e-10,8.532032858e-10,4.58090509969e-10,3.84047044166e-10,2.76317857484e-10,9.47549885777e-11,8.46145722933e-11,2.59336562641e-11,1.29028957657e-11,1.24876151086e-12,5.35717710427e-14,4.06498090939e-14,3.12152037617e-14,2.42139055524e-14,1.89596348197e-14],"max":[0.331333011389,0.107609398663,0.0451218225062,0.0188166704029,0.0205048304051,0.0130812693387,0.00480027869344,0.00660985801369,0.00244632642716,0.0028680881951,0.00198523420841,0.00249211792834,0.0014351940481,0.00202366011217,0.0021481893491,0.00252878433093,0.00201455783099,0.00108672049828,0.00110196997412,0.00174632749986,0.00105575460475,0.000397425930714,0.000654063653201,0.0010273673106,0.000680467637721,0.000507442513481,0.000609665934462,0.000789808633272,0.000543335860129,0.000400955294026,0.000293430086458,0.000296785176033,0.000110948625661,0.0000635966134723,0.0000245518094744,0.00000232779871112,0.00000195417123905,0.00000167719338151,0.00000147844571075,0.00000131086449073],"mean":[0.00893604382873,0.00409248983487,0.0021214352455,0.00126810232177,0.000829618773423,0.00064809556352,0.000362546998076,0.000370548019418,0.000128372717882,0.000139649244375,0.000075244679465,0.00011652631656,0.0000704841659172,0.0000600780404056,0.0000604735287197,0.0000579723819101,0.0000585984889767,0.0000483667790832,0.0000464808290417,0.0000519710520166,0.0000299278362945,0.0000179609305633,0.0000162992000696,0.0000126367458506,0.0000113107907964,0.00000895255743671,0.00000823327536636,0.00000600041494181,0.0000048171882554,0.00000456766929346,0.00000329783051711,0.00000269312886303,0.00000224720452024,0.00000172719524016,4.55048990489e-7,8.33551609958e-8,7.22537549791e-8,6.36408827859e-8,5.6579160912e-8,5.07663351357e-8],"median":[0.00416073156521,0.00234941439703,0.00136724405456,0.000866956019308,0.000550870085135,0.000393946189433,0.000274335674476,0.000264024536591,0.0000946944128373,0.0000959010940278,0.000045845968998,0.0000748266393202,0.0000452863860119,0.0000344524451066,0.000027748696084,0.0000319706450682,0.000031069113902,0.0000295648533211,0.0000291148735414,0.0000161924363056,0.00000911343158805,0.00000701766657585,0.00000524651977685,0.00000477362254969,0.00000408947425967,0.00000320079493576,0.00000267481004812,0.00000191912999981,0.00000157683507496,0.00000147088906033,0.00000124483472064,9.26326833905e-7,7.55323867452e-7,5.85144789511e-7,1.69301003439e-7,2.81809242608e-8,2.42767228542e-8,2.15810977977e-8,1.95813871784e-8,1.79502421815e-8],"min":[1.53377141118e-24,2.58197566381e-24,2.7342049137e-24,2.87439022972e-24,1.43495041116e-24,2.07407407808e-24,1.52982976906e-24,2.08100678493e-24,1.91400118421e-24,2.66783784853e-24,2.44785392713e-24,2.9961089036e-24,2.70168471453e-24,2.17568863179e-24,2.91735731386e-24,4.17249358699e-24,4.44510025001e-24,2.5384766902e-24,4.54360333909e-24,2.22563516279e-24,4.7817308641e-24,3.895100116e-24,4.46681561858e-24,5.22877478921e-24,5.83996331376e-24,5.45424109668e-24,5.31048342405e-24,6.04868052649e-24,5.52562472557e-24,4.68975007698e-24,4.36044916399e-24,5.00002839809e-24,5.97878784472e-24,6.57132217545e-24,7.22554306238e-24,6.12772912236e-24,7.6525408486e-24,6.35279823837e-24,7.3002119025e-24,7.52447874697e-24],"var":[0.000276784878224,0.0000350581140083,0.00000642234499537,0.00000192208199223,0.00000102143530967,6.28087889254e-7,1.14978313093e-7,1.47351542523e-7,1.93387315051e-8,2.39071020758e-8,1.47967700315e-8,2.35445565266e-8,7.81599673871e-9,9.71363789404e-9,1.31668418391e-8,9.8796579806e-9,8.98228069701e-9,3.48673112605e-9,3.34116800893e-9,1.30607862303e-8,3.28170490782e-9,1.02383101996e-9,1.36198097245e-9,1.65711733224e-9,1.03343666957e-9,7.57989560007e-10,7.84643794383e-10,4.40629643883e-10,2.78093742478e-10,2.08985648231e-10,7.64601923442e-11,4.62242639998e-11,1.87037295374e-11,9.94994971831e-12,7.02583770242e-13,2.47067381202e-14,1.86641693989e-14,1.43314179968e-14,1.11340719088e-14,8.74527890832e-15]},"melbands_crest":{"dmean":4.52481222153,"dmean2":7.52681159973,"dvar":15.76994133,"dvar2":40.8589820862,"max":38.1986618042,"mean":17.8254776001,"median":16.5631656647,"min":1.64311683178,"var":53.8382034302},"melbands_flatness_db":{"dmean":0.0346133559942,"dmean2":0.0557050704956,"dvar":0.000987435108982,"dvar2":0.00253832177259,"max":0.605689942837,"mean":0.264838755131,"median":0.262724548578,"min":0.00311063462868,"var":0.00357787683606},"melbands_kurtosis":{"dmean":13.0331964493,"dmean2":21.8016014099,"dvar":886.340881348,"dvar2":2399.73486328,"max":811.058288574,"mean":22.7426395416,"median":12.922495842,"min":-1.61062061787,"var":1347.6114502},"melbands_skewness":{"dmean":0.961341202259,"dmean2":1.5713698864,"dvar":1.37644517422,"dvar2":3.51132154465,"max":22.5903778076,"mean":3.49332737923,"median":3.04942727089,"min":-0.339022487402,"var":3.63627028465},"melbands_spread":{"dmean":4.65857315063,"dmean2":7.32557487488,"dvar":42.0362930298,"dvar2":85.2644119263,"max":151.408096313,"mean":14.2557792664,"median":10.8029270172,"min":0.303004384041,"var":185.670013428},"mfcc":{"cov":[[4352.28125,295.5987854,-590.123718262,106.208755493,-79.0382843018,-3.78196716309,-180.216934204,-51.5388565063,-27.4567909241,-18.5936660767,5.08075094223,-59.848110199,10.7405939102],[295.5987854,655.890319824,-165.402267456,-8.77631378174,-19.1999797821,43.8118515015,-15.0837965012,-41.3462524414,-2.11700439453,-4.16872358322,20.6957683563,-38.669960022,1.20530712605],[-590.123718262,-165.402267456,552.679870605,-163.49621582,124.146202087,-42.7112350464,117.386993408,27.4168930054,10.996509552,65.5034713745,-18.4783782959,74.4416275024,-29.8094463348],[106.208755493,-8.77631378174,-163.49621582,317.677429199,-121.725540161,75.7925491333,-62.0973434448,25.4410991669,21.1599903107,-43.8779373169,32.4303894043,-44.8615493774,45.979309082],[-79.0382843018,-19.1999797821,124.146202087,-121.725540161,246.24798584,-65.0996627808,55.9371147156,4.83222532272,9.13264274597,31.9245433807,-38.8820381165,55.9870376587,-35.3971061707],[-3.78196716309,43.8118515015,-42.7112350464,75.7925491333,-65.0996627808,145.517456055,4.28658390045,18.6639041901,5.38826608658,-12.2833862305,30.9673042297,-21.5828723907,33.392288208],[-180.216934204,-15.0837965012,117.386993408,-62.0973434448,55.9371147156,4.28658390045,119.956871033,5.54471349716,6.19752788544,29.2454395294,-8.00468540192,38.9746131897,-16.956451416],[-51.5388565063,-41.3462524414,27.4168930054,25.4410991669,4.83222532272,18.6639041901,5.54471349716,70.5184555054,20.2764835358,1.72605276108,12.9198865891,-3.74659848213,12.8207960129],[-27.4567909241,-2.11700439453,10.996509552,21.1599903107,9.13264274597,5.38826608658,6.19752788544,20.2764835358,63.5746307373,24.6726436615,6.16221475601,15.6714572906,-1.95640575886],[-18.5936660767,-4.16872358322,65.5034713745,-43.8779373169,31.9245433807,-12.2833862305,29.2454395294,1.72605276108,24.6726436615,68.3907546997,23.7849960327,19.3811664581,-6.34787654877],[5.08075094223,20.6957683563,-18.4783782959,32.4303894043,-38.8820381165,30.9673042297,-8.00468540192,12.9198865891,6.16221475601,23.7849960327,63.7570114136,6.57941389084,12.0971345901],[-59.848110199,-38.669960022,74.4416275024,-44.8615493774,55.9870376587,-21.5828723907,38.9746131897,-3.74659848213,15.6714572906,19.3811664581,6.57941389084,71.5282211304,2.25805878639],[10.7405939102,1.20530712605,-29.8094463348,45.979309082,-35.3971061707,33.392288208,-16.956451416,12.8207960129,-1.95640575886,-6.34787654877,12.0971345901,2.25805878639,56.1771888733]],"icov":[[0.000293155899271,-0.000101924553746,0.000343223568052,-0.0000814270970295,0.000106645340566,-0.000142933771713,0.000473706924822,-0.000310869887471,0.000544688839,-0.000793790502939,0.000640983053017,-0.000594180484768,0.000376124953618],[-0.000101924553746,0.0019945113454,0.000349271605955,0.000729737512302,-0.000787576485891,-0.000138582268846,-0.00102937419433,0.00210965820588,-0.0017800135538,0.00159238860942,-0.00235109543428,0.00254333694465,-0.00111928908154],[0.000343223568052,0.000349271605955,0.00347561575472,0.000509289791808,0.000308568851324,-0.000596922764089,-0.00051315233577,-0.00231492659077,0.00206608418375,-0.00357434409671,0.00263592973351,-0.00285878754221,0.00149234454148],[-0.0000814270970295,0.000729737512302,0.000509289791808,0.00600347248837,0.000135456808493,-0.000173399355845,-0.000776604458224,0.00120614783373,-0.00525172613561,0.00559867685661,-0.00461279135197,0.00406388891861,-0.00368505180813],[0.000106645340566,-0.000787576485891,0.000308568851324,0.000135456808493,0.00823188759387,-0.000329026108375,0.00154241838027,-0.00507583655417,0.00405010255054,-0.00625694170594,0.00852827355266,-0.00835558958352,0.00498923379928],[-0.000142933771713,-0.000138582268846,-0.000596922764089,-0.000173399355845,-0.000329026108375,0.0121073080227,-0.00573197938502,0.00202862895094,-0.00501082837582,0.00712993368506,-0.00877904426306,0.00766939716414,-0.00752830179408],[0.000473706924822,-0.00102937419433,-0.00051315233577,-0.000776604458224,0.00154241838027,-0.00573197938502,0.0169981494546,-0.00571987498552,0.00749089149758,-0.0108718201518,0.0106001328677,-0.0125461434945,0.0083640255034],[-0.000310869887471,0.00210965820588,-0.00231492659077,0.00120614783373,-0.00507583655417,0.00202862895094,-0.00571987498552,0.0251174028963,-0.0143927196041,0.0128263877705,-0.0147187244147,0.0144276786596,-0.0105265965685],[0.000544688839,-0.0017800135538,0.00206608418375,-0.00525172613561,0.00405010255054,-0.00501082837582,0.00749089149758,-0.0143927196041,0.0330006554723,-0.0225232411176,0.0174173936248,-0.0185767766088,0.0120052210987],[-0.000793790502939,0.00159238860942,-0.00357434409671,0.00559867685661,-0.00625694170594,0.00712993368506,-0.0108718201518,0.0128263877705,-0.0225232411176,0.0421575978398,-0.0288064740598,0.0175900794566,-0.0112753501162],[0.000640983053017,-0.00235109543428,0.00263592973351,-0.00461279135197,0.00852827355266,-0.00877904426306,0.0106001328677,-0.0147187244147,0.0174173936248,-0.0288064740598,0.0425184294581,-0.0225223321468,0.0113536100835],[-0.000594180484768,0.00254333694465,-0.00285878754221,0.00406388891861,-0.00835558958352,0.00766939716414,-0.0125461434945,0.0144276786596,-0.0185767766088,0.0175900794566,-0.0225223321468,0.0387425385416,-0.0170539580286],[0.000376124953618,-0.00111928908154,0.00149234454148,-0.00368505180813,0.00498923379928,-0.00752830179408,0.0083640255034,-0.0105265965685,0.0120052210987,-0.0112753501162,0.0113536100835,-0.0170539580286,0.0314911045134]],"mean":[-641.170410156,166.931381226,-13.7635688782,44.7812423706,-3.05100107193,24.0247478485,-4.47061920166,1.76174771786,5.12184047699,-0.824607253075,8.07524871826,-5.92030715942,6.8323302269]},"pitch_salience":{"dmean":0.0900303199887,"dmean2":0.151425465941,"dvar":0.00618579331785,"dvar2":0.0165498908609,"max":0.946758627892,"mean":0.537607073784,"median":0.563726782799,"min":0.0928158760071,"var":0.0190070308745},"silence_rate_20dB":{"dmean":0.0148632582277,"dmean2":0.0297294612974,"dvar":0.0146414116025,"dvar2":0.0341979563236,"max":1,"mean":0.987714231014,"median":1,"min":0,"var":0.0121360663325},"silence_rate_30dB":{"dmean":0.125247716904,"dmean2":0.250520259142,"dvar":0.109565667808,"dvar2":0.230368301272,"max":1,"mean":0.81293964386,"median":1,"min":0,"var":0.152078896761},"silence_rate_60dB":{"dmean":0.00396353565156,"dmean2":0.00792785640806,"dvar":0.00394738139585,"dvar2":0.00964699313045,"max":1,"mean":0.019023085013,"median":0,"min":0,"var":0.0186580214649},"spectral_centroid":{"dmean":196.244506836,"dmean2":298.166992188,"dvar":75009.8203125,"dvar2":138599.15625,"max":11773.4931641,"mean":984.710388184,"median":831.805664062,"min":172.765075684,"var":539428.0625},"spectral_complexity":{"dmean":3.45065402985,"dmean2":5.31701517105,"dvar":11.615603447,"dvar2":22.4720420837,"max":61,"mean":22.0731201172,"median":21,"min":0,"var":87.2287063599},"spectral_contrast_coeffs":{"dmean":[0.0559183880687,0.0478453561664,0.0372452698648,0.0279484838247,0.0193782895803,0.0532800555229],"dmean2":[0.0944651141763,0.0803407281637,0.0630423650146,0.0466036908329,0.0312886983156,0.0836092457175],"dvar":[0.0018951066304,0.00137222511694,0.000834015139844,0.000483166164486,0.000259866035776,0.00203841063194],"dvar2":[0.00533369230106,0.00381177244708,0.00235264515504,0.00134286773391,0.000642491620965,0.00498678674921],"max":[-0.385548532009,-0.547104775906,-0.605324864388,-0.618528723717,-0.601095736027,-0.374394834042],"mean":[-0.665623545647,-0.758987903595,-0.804686307907,-0.808407068253,-0.818599045277,-0.710511088371],"median":[-0.665258347988,-0.759803771973,-0.806270003319,-0.811915278435,-0.827000916004,-0.721366345882],"min":[-0.969364523888,-0.979976296425,-0.980110406876,-0.976254582405,-0.96539503336,-0.962726593018],"var":[0.00675727147609,0.00355368619785,0.00199457537383,0.00203622109257,0.0017545579467,0.0067789349705]},"spectral_contrast_valleys":{"dmean":[0.398186177015,0.34181946516,0.299126565456,0.243955776095,0.239927873015,0.720452010632],"dmean2":[0.65817463398,0.56651622057,0.493569403887,0.390089511871,0.350752562284,1.15321481228],"dvar":[0.157706856728,0.127187401056,0.111693613231,0.0940294787288,0.104719765484,0.3706343472],"dvar2":[0.338451951742,0.264657855034,0.224522471428,0.166934862733,0.167762055993,0.977323174477],"max":[-4.58367347717,-4.86970949173,-5.49604511261,-5.52930355072,-5.19411849976,-8.55669975281],"mean":[-6.3864607811,-6.20635604858,-6.8547501564,-7.1433172226,-7.43719482422,-10.8688554764],"median":[-6.25736618042,-6.04274845123,-6.70266199112,-6.98750543594,-7.35760402679,-10.7710094452],"min":[-27.6703720093,-27.8253078461,-27.5673770905,-27.5875377655,-27.4809513092,-27.3754043579],"var":[1.75520896912,1.80552196503,1.69320905209,1.73180377483,1.66524374485,1.66648566723]},"spectral_decrease":{"dmean":9.5773975417e-9,"dmean2":1.58723558741e-8,"dvar":3.89272969743e-16,"dvar2":9.81393442633e-16,"max":2.7476454445e-9,"mean":-1.68953544488e-8,"median":-1.21480914217e-8,"min":-3.65764861954e-7,"var":4.4048140536e-16},"spectral_energy":{"dmean":0.0370387658477,"dmean2":0.061310838908,"dvar":0.00559082068503,"dvar2":0.0140328975394,"max":1.39858102798,"mean":0.0840583145618,"median":0.0678036287427,"min":1.01536856399e-20,"var":0.00638716528192},"spectral_energyband_high":{"dmean":0.00048112226068,"dmean2":0.000645053456537,"dvar":0.00000125998053591,"dvar2":0.0000024153450795,"max":0.0400311388075,"mean":0.00121116498485,"median":0.0006899778964,"min":7.18453537147e-21,"var":0.00000309256824949},"spectral_energyband_low":{"dmean":0.0287669450045,"dmean2":0.0482202917337,"dvar":0.00432716403157,"dvar2":0.0114617105573,"max":1.17748892307,"mean":0.044545955956,"median":0.0284891463816,"min":2.13129927088e-23,"var":0.0041296267882},"spectral_energyband_middle_high":{"dmean":0.00152735016309,"dmean2":0.00231683347374,"dvar":0.0000048560950745,"dvar2":0.0000104072132672,"max":0.0426443219185,"mean":0.00511078769341,"median":0.00354747916572,"min":1.18710141716e-21,"var":0.0000224171380978},"spectral_energyband_middle_low":{"dmean":0.00564998341724,"dmean2":0.00931685511023,"dvar":0.0000466140481876,"dvar2":0.000122756406199,"max":0.160323560238,"mean":0.016658930108,"median":0.0146712567657,"min":1.91395704744e-22,"var":0.000125694365124},"spectral_entropy":{"dmean":0.150666087866,"dmean2":0.233717292547,"dvar":0.0189473666251,"dvar2":0.04352818802,"max":9.81553268433,"mean":7.55308389664,"median":7.5539226532,"min":6.39921855927,"var":0.0782567709684},"spectral_flux":{"dmean":0.043882727623,"dmean2":0.0713293105364,"dvar":0.00399933755398,"dvar2":0.00904025416821,"max":1.02865803242,"mean":0.156258016825,"median":0.135902434587,"min":6.44368169933e-11,"var":0.00749533856288},"spectral_kurtosis":{"dmean":3.27015781403,"dmean2":5.11448764801,"dvar":9.65899944305,"dvar2":22.8302154541,"max":39.8307800293,"mean":15.8051166534,"median":15.404296875,"min":-1.2482085228,"var":30.9696903229},"spectral_rms":{"dmean":0.00169736484531,"dmean2":0.00276267621666,"dvar":0.00000527558904651,"dvar2":0.0000125012411445,"max":0.0369387231767,"mean":0.00843917019665,"median":0.00813325773925,"min":3.14738534714e-12,"var":0.0000107887972263},"spectral_rolloff":{"dmean":4716.91894531,"dmean2":9064.85742188,"dvar":59910392,"dvar2":145225408,"max":21985.4003906,"mean":9748.74707031,"median":2325.5859375,"min":21.533203125,"var":99665656},"spectral_skewness":{"dmean":0.269808799028,"dmean2":0.409567028284,"dvar":0.0666084587574,"dvar2":0.140702664852,"max":4.50590229034,"mean":2.68383622169,"median":2.72179293633,"min":-0.101688168943,"var":0.293136745691},"spectral_spread":{"dmean":470254.40625,"dmean2":734174.5625,"dvar":674480717824,"dvar2":1193690791940,"max":45263328,"mean":4447871.5,"median":4278748,"min":2268948.5,"var":4581586632700},"spectral_strongpeak":{"dmean":2.0476937294,"dmean2":3.9282746315,"dvar":97.3901443481,"dvar2":280.582183838,"max":120.857162476,"mean":1.52608191967,"median":0.234718114138,"min":0,"var":72.1664428711},"zerocrossingrate":{"dmean":0.0374261885881,"dmean2":0.0484161041677,"dvar":0.00106538448017,"dvar2":0.00163711642381,"max":0.564453125,"mean":0.233551114798,"median":0.22900390625,"min":0.001953125,"var":0.00878637470305}},"metadata":{"audio_properties":{"analysis_sample_rate":44100,"bit_rate":128000,"codec":"mp3","downmix":"mix","equal_loudness":0,"length":234.31942749,"lossless":false,"md5_encoded":"96a9ca3c0bace83afffd694bdf6972e4","replay_gain":-3.08439445496,"sample_rate":44100},"tags":{"album":["MACHINA/the machines of God"],"albumartist":["The Smashing Pumpkins"],"albumartistsort":["Smashing Pumpkins, The"],"artist":["The Smashing Pumpkins"],"artistsort":["Smashing Pumpkins, The"],"asin":["B000042OI4"],"barcode":["724384893620"],"catalognumber":["72438 48936 20"],"date":["2000-02-29"],"file_name":"13 With Every Light.mp3","genre":["Unknown"],"label":["Virgin Records America"],"length":["234293"],"musicbrainz album artist":["The Smashing Pumpkins"],"musicbrainz album artist sortname":["Smashing Pumpkins, The"],"musicbrainz album release country":["US"],"musicbrainz album status":["official"],"musicbrainz album type":["album"],"musicbrainz non-album":["0"],"musicbrainz_albumartistid":["ba0d6274-db14-4ef5-b28d-657ebde1a396"],"musicbrainz_albumid":["a5cdbfc0-50b8-456b-ad20-d757e87db5c9"],"musicbrainz_artistid":["ba0d6274-db14-4ef5-b28d-657ebde1a396"],"musicbrainz_recordingid":["343cad11-fb58-4973-9aab-e0376d23799d"],"musicip_puid":["d11c2bc9-6afc-56c7-c5ee-c52141a7301b"],"releasedate":["2000-02-29"],"taggingdate":["2006-12-09T21:38:04"],"title":["With Every Light"],"tracknumber":["13/15"]},"version":{"essentia":"2.1-beta1","essentia_build_sha":"ec322331fa6aaecceef5ae0ec8bb6dd0710d66ba","essentia_git_sha":"v2.1_beta1-28-g21ef5f4","extractor":"music 1.0"}},"rhythm":{"beats_count":463,"beats_loudness":{"dmean":0.117152631283,"dmean2":0.228662356734,"dvar":0.014409753494,"dvar2":0.0360861457884,"max":0.697837531567,"mean":0.114270322025,"median":0.0731271207333,"min":0,"var":0.0110837761313},"beats_loudness_band_ratio":{"dmean":[0.339275151491,0.102506190538,0.0603885538876,0.0392249934375,0.0355217717588,0.158748984337],"dmean2":[0.64169216156,0.18384949863,0.112035058439,0.0729258358479,0.0652591139078,0.302732229233],"dvar":[0.0422390401363,0.0088713727891