{"lowlevel":{"average_loudness":0.539864599705,"barkbands":{"dmean":[0.000154465145897,0.00110034574755,0.00243608257733,0.00116350047756,0.00112330669072,0.000843976915348,0.000498711015098,0.000437298062025,0.00058116344735,0.000137371680466,0.0000582841821597,0.000220256129978,0.0000378828408429,0.0000129593954625,0.0000386345818697,0.0000740120085538,0.0000232685997616,0.000014712657503,0.0000208867004403,0.00000813156930235,0.00000462165735371,0.00000206459890251,0.00000141308032653,0.00000140223778544,0.0000015727570144,0.00000238979964706,0.0000520822395629],"dmean2":[0.000256750936387,0.00171459256671,0.00368841225281,0.00198636110872,0.00162804604042,0.00119486474432,0.00077926350059,0.000663944403641,0.000790861493442,0.000216821747017,0.0000871894153534,0.000337992823916,0.0000602746513323,0.000020494166165,0.0000571550772293,0.000136836344609,0.0000393007612729,0.0000233650498558,0.0000327287671098,0.0000123681938931,0.00000741739040677,0.00000332499257638,0.00000227769646699,0.00000224429231821,0.00000249325262303,0.00000380273627343,0.0000852336088428],"dvar":[1.10337595061e-7,0.0000045858514568,0.000026265379347,0.00000937138884183,0.0000170135954249,0.00000997157712845,0.00000279871028397,0.00000448070113634,0.00000586282021686,7.44080523418e-7,7.16119998856e-8,0.00000246787658398,3.84701728251e-8,1.76584691314e-9,7.37843492971e-8,0.00000152515531227,4.01925994709e-8,2.12986783765e-9,6.97452762211e-9,3.59051410825e-9,4.70806282848e-10,3.39996954202e-11,1.54858747353e-11,1.41043539695e-11,1.46513530475e-11,2.73463439393e-11,1.45881685398e-7],"dvar2":[2.72144546898e-7,0.0000104242108137,0.0000509207893629,0.0000294360688713,0.0000372161302948,0.0000185317148862,0.00000708515972292,0.0000110599221443,0.0000102715976027,0.00000155491761689,1.5959484756e-7,0.00000462781872557,9.24171246197e-8,4.34302682706e-9,1.19659659958e-7,0.0000047447824727,1.12981886957e-7,4.88152274158e-9,1.59400546096e-8,8.78244055258e-9,1.17005893863e-9,8.25094090273e-11,3.65726650353e-11,3.30644712998e-11,3.37892561153e-11,6.29955948517e-11,4.25300328288e-7],"max":[0.00756247807294,0.0384813025594,0.0920572131872,0.0426372401416,0.148092955351,0.0966522470117,0.0371266193688,0.0511821508408,0.0693563073874,0.0249397680163,0.00637398706749,0.0562959313393,0.00607210211456,0.000918224162888,0.0109037840739,0.0368859358132,0.00483462261036,0.000773354782723,0.0019991255831,0.00214879121631,0.000497074157465,0.0000824939852464,0.0000558304382139,0.0000527030897501,0.0000508767989231,0.0000797859247541,0.0112178437412],"mean":[0.000184087170055,0.00201603537425,0.00700882682577,0.0017264370108,0.00236102635972,0.00145560491364,0.00107710866723,0.000864958739839,0.00124347570818,0.000181094132131,0.0000849026764627,0.000245117757004,0.0000493753250339,0.0000178672617039,0.0000524790702912,0.0000525869363628,0.0000271435837931,0.0000248167343671,0.000033037886169,0.0000108363537947,0.0000057643060245,0.00000295704171549,0.00000161075115557,0.00000159106582487,0.00000183665792974,0.00000285624014396,0.0000730420724722],"median":[0.0000641243677819,0.000879546743818,0.000619288068265,0.000220962261665,0.000112153335067,0.0000874515098985,0.0000589132469031,0.0000195253614947,0.000020648825739,0.00000719417857908,0.00000626320115771,0.00000735117328077,0.00000269794145424,0.00000176776427452,0.00000204212005883,0.00000124926282297,9.57302290772e-7,7.20006312349e-7,6.60880857595e-7,4.70016885856e-7,4.63340683154e-7,3.54208253839e-7,2.72393947398e-7,2.84216440605e-7,3.63864046449e-7,6.53503491321e-7,0.0000114959748316],"min":[1.69779156781e-24,4.14564312836e-24,6.2463393145e-26,2.75622399372e-24,1.54617542061e-23,1.35622781206e-23,6.70382043638e-24,1.85636846587e-23,2.40158368517e-23,1.64142453735e-23,1.2386261638e-23,1.46899216524e-23,4.84307016373e-23,4.73394735026e-23,5.82568161816e-23,7.29838710946e-23,1.06351210638e-22,9.97363405794e-23,1.26072985704e-22,1.9958030703e-22,2.69291793763e-22,3.67760087769e-22,5.07509838976e-22,5.97820907325e-22,9.58722726737e-22,1.17412572812e-21,2.01913313301e-21],"var":[1.40275332683e-7,0.00000993719095277,0.00016912445426,0.0000134596621137,0.0000512502301717,0.0000280210988421,0.0000101766827356,0.0000101467740024,0.0000237458170886,9.99966800919e-7,1.23481953551e-7,0.00000331206706505,5.52795356157e-8,2.90404855718e-9,1.38837705776e-7,8.27707992812e-7,3.02273335251e-8,5.09323117015e-9,1.36461029143e-8,6.3634466585e-9,5.67880908964e-10,5.60153451401e-11,1.92082096756e-11,1.77881077923e-11,1.99243729154e-11,3.89750731689e-11,1.13739474727e-7]},"barkbands_crest":{"dmean":2.68681764603,"dmean2":4.30962324142,"dvar":5.90380144119,"dvar2":14.9960203171,"max":25.4751434326,"mean":13.4948482513,"median":13.0324134827,"min":3.40434074402,"var":22.4112434387},"barkbands_flatness_db":{"dmean":0.0356595851481,"dmean2":0.0555181577802,"dvar":0.000938874902204,"dvar2":0.00234263017774,"max":0.435854315758,"mean":0.225016802549,"median":0.226900517941,"min":0.0456437021494,"var":0.0040183304809},"barkbands_kurtosis":{"dmean":19.2462348938,"dmean2":30.6207790375,"dvar":891.329833984,"dvar2":2218.16577148,"max":406.307128906,"mean":43.0900688171,"median":26.6639194489,"min":-1.76094257832,"var":2473.54931641},"barkbands_skewness":{"dmean":1.18594622612,"dmean2":1.86686420441,"dvar":1.40522110462,"dvar2":3.37531685829,"max":16.5590019226,"mean":4.47844982147,"median":4.10958433151,"min":-2.13226127625,"var":7.71740150452},"barkbands_spread":{"dmean":4.02816724777,"dmean2":6.49751377106,"dvar":41.2147827148,"dvar2":98.079284668,"max":128.263595581,"mean":9.99460411072,"median":6.09078407288,"min":0.410621285439,"var":171.06590271},"dissonance":{"dmean":0.0307124424726,"dmean2":0.0512263588607,"dvar":0.000974818540271,"dvar2":0.00254533812404,"max":0.500000119209,"mean":0.430290341377,"median":0.443216234446,"min":0.209280565381,"var":0.00302416365594},"dynamic_complexity":8.20817375183,"erbbands":{"dmean":[0.0242821034044,0.298418372869,2.17986297607,3.91354727745,2.34180283546,5.38394641876,5.32200098038,7.81725502014,4.79554986954,10.7117977142,12.8359460831,11.1409072876,6.25357818604,2.88531374931,3.65072083473,8.37751674652,2.1143143177,0.665848016739,1.42075228691,2.29307150841,4.5720281601,1.34618413448,0.681227445602,1.27916061878,0.552040815353,0.400026232004,0.224053815007,0.158952310681,0.0804343745112,0.0507601499557,0.0391013287008,0.0302796829492,0.0229839235544,0.0167945157737,0.011662511155,0.00763569725677,0.00466349488124,0.00279963971116,0.00258554844186,0.00412650732324],"dmean2":[0.0367826446891,0.469304710627,3.30720925331,6.40563631058,3.86023926735,7.49374294281,8.3526725769,11.1016120911,7.49295139313,16.6231918335,19.0894927979,15.3529415131,8.870221138,4.44994974136,5.27000570297,12.7418746948,3.26633310318,1.02714133263,2.1916217804,3.6476790905,8.44270896912,2.24439907074,1.03502202034,1.93886077404,0.885795474052,0.611577272415,0.359218716621,0.248838931322,0.128090962768,0.0825647488236,0.0630914866924,0.0485997796059,0.0367388874292,0.0266922507435,0.0184819623828,0.0121086295694,0.00743879470974,0.00448752194643,0.0041401879862,0.00634130043909],"dvar":[0.00164711149409,0.357628583908,20.2698688507,80.0011901855,46.8745269775,465.280578613,419.734527588,935.244384766,411.073181152,1494.37011719,2985.98242188,2192.86767578,989.095092773,222.286804199,783.376953125,2672.54370117,136.393493652,5.09556722641,101.189254761,291.785675049,6453.70703125,157.075836182,6.29180669785,21.4041595459,7.20511484146,9.54268074036,1.49253129959,0.460796445608,0.0550908260047,0.0204123165458,0.0119309648871,0.00682996818796,0.00366432499141,0.00177625135984,0.000769967504311,0.000297366525047,0.000103395192127,0.0000377465185011,0.000194061271031,0.000133871551952],"dvar2":[0.0035073121544,0.832697272301,40.8096580505,233.577423096,128.747833252,886.833496094,920.47064209,1766.58850098,1061.73730469,3402.51464844,6996.90283203,4070.51928711,1825.38952637,442.237213135,1489.06518555,5133.39746094,282.593444824,10.8365859985,237.366790771,720.185058594,20156.2304688,458.458129883,13.3125209808,45.6167221069,18.6356544495,22.4593639374,3.88080334663,1.10574901104,0.130301833153,0.0486706309021,0.0282351970673,0.0160447154194,0.00856538210064,0.00411736639217,0.00176822871435,0.000679434568156,0.000238259293837,0.0000901228195289,0.00055032747332,0.000357552635251],"max":[0.698417961597,9.81741523743,81.1599960327,149.041687012,152.266220093,851.390441895,692.107727051,671.776245117,637.022155762,861.684814453,1265.38244629,1078.3034668,1231.21582031,445.546417236,1093.69775391,1717.95947266,398.325256348,57.2636451721,331.390869141,554.490234375,2405.75952148,357.871032715,46.7040367126,116.942741394,63.309299469,116.697929382,26.8400974274,16.3234348297,3.98846292496,2.01610159874,1.56271004677,1.16334652901,0.842868864536,0.573766767979,0.359679460526,0.219233572483,0.160257041454,0.103009544313,0.348022818565,0.284194499254],"mean":[0.0451427288353,0.603525996208,6.08188199997,8.61181259155,4.20377063751,11.1358680725,8.90708827972,13.5116243362,10.1389102936,21.3682384491,28.2598590851,22.244474411,11.3024549484,4.39491987228,4.90494155884,9.33934020996,3.12590503693,1.01633167267,1.89505136013,2.60362529755,3.2312476635,1.56495773792,1.14233028889,2.32930731773,0.844398438931,0.532856345177,0.264413774014,0.221047535539,0.118620239198,0.0625343322754,0.044639993459,0.034250959754,0.0261800717562,0.0194393470883,0.0137420129031,0.00910697877407,0.00564628606662,0.00386862247251,0.00449092499912,0.0117665333673],"median":[0.0218859426677,0.223527058959,0.669931232929,0.956935703754,0.592167377472,0.335326999426,0.596545815468,0.733564376831,0.858996510506,0.571281671524,0.580952107906,0.429417133331,0.247609451413,0.28206422925,0.302000284195,0.290143489838,0.159785166383,0.104823492467,0.116889230907,0.0942513123155,0.0676062479615,0.0568790473044,0.0421791635454,0.0363454557955,0.0314996019006,0.023162452504,0.0202564690262,0.0166018325835,0.013010350056,0.0100241126493,0.00766370864585,0.00598833011463,0.00471772719175,0.00372350681573,0.00279274070635,0.00194010185078,0.00134521489963,0.00109221599996,0.00127012014855,0.00462396815419],"min":[1.24466498869e-22,9.03285166902e-22,3.0385932522e-21,9.11149057471e-21,2.87486040281e-20,3.67663493833e-20,8.08106473862e-20,7.71026228824e-20,1.30704023511e-19,2.5858363882e-19,3.46057859351e-19,4.72536282402e-19,4.05177078116e-19,9.2102156471e-19,1.17246730693e-18,7.38310240395e-19,2.13690551404e-18,2.39266169443e-18,2.58639028902e-18,3.66639286554e-18,4.689114839e-18,6.55017443711e-18,6.12156583963e-18,6.56565843099e-18,8.01861110311e-18,9.24689738496e-18,1.12204990413e-17,1.22701052119e-17,1.38251625772e-17,1.46968686678e-17,1.38028626151e-17,1.09067378544e-17,1.15655417174e-17,8.25839091036e-18,6.94080220958e-18,4.12350114384e-18,2.11252705382e-18,1.02576579132e-18,2.70180013075e-19,2.86764454444e-20],"var":[0.00489749386907,0.882588028908,121.46459198,250.92855835,84.7240142822,1510.05566406,915.952087402,2327.1472168,1153.17749023,4827.98779297,9400.32714844,6987.29785156,4131.62109375,379.651580811,1102.38085938,3694.3684082,223.990356445,10.6660404205,136.221206665,294.195251465,3478.13818359,109.578262329,13.2805376053,53.571269989,10.5103054047,16.9965400696,1.80899131298,0.702071666718,0.0955361127853,0.0262188836932,0.0147363031283,0.00851368904114,0.00467901676893,0.00235972716473,0.00106638239231,0.000424360710895,0.000148043516674,0.0000575925841986,0.000175629582372,0.000371248024749]},"erbbands_crest":{"dmean":2.4424738884,"dmean2":3.96954536438,"dvar":5.98723983765,"dvar2":15.7723960876,"max":28.4970188141,"mean":10.4601726532,"median":9.7839641571,"min":2.02750301361,"var":21.4004821777},"erbbands_flatness_db":{"dmean":0.0268336609006,"dmean2":0.0414730980992,"dvar":0.000608775415458,"dvar2":0.00153178256005,"max":0.331016153097,"mean":0.14553616941,"median":0.142857894301,"min":0.0167665556073,"var":0.00352102075703},"erbbands_kurtosis":{"dmean":2.85421967506,"dmean2":4.59359550476,"dvar":20.5536003113,"dvar2":54.9387245178,"max":92.463218689,"mean":5.44523620605,"median":3.11452293396,"min":-1.47552752495,"var":73.9859237671},"erbbands_skewness":{"dmean":0.492224961519,"dmean2":0.767078101635,"dvar":0.245361030102,"dvar2":0.608187794685,"max":7.03940820694,"mean":1.30811667442,"median":1.33709716797,"min":-3.49985027313,"var":1.35099482536},"erbbands_spread":{"dmean":7.30564546585,"dmean2":11.6677675247,"dvar":56.9618606567,"dvar2":141.487258911,"max":131.203353882,"mean":30.1979961395,"median":25.0506954193,"min":1.66957950592,"var":462.355163574},"gfcc":{"cov":[[33479.6914062,4365.58496094,-2130.85546875,-1227.80712891,-659.985839844,-1341.56005859,-218.796310425,-243.589187622,-561.843444824,-748.704284668,-295.695739746,-769.493041992,-532.679748535],[4365.58496094,1240.63916016,-118.694259644,-324.237792969,-86.3273773193,-348.275024414,34.2602157593,-95.6887130737,3.18142724037,-132.407196045,28.5721607208,-138.284408569,-49.7353248596],[-2130.85546875,-118.694259644,806.652770996,116.655059814,-72.3138656616,91.6784133911,-62.2369422913,21.21443367,73.7269287109,111.139755249,61.6471710205,49.6574859619,42.9266815186],[-1227.80712891,-324.237792969,116.655059814,358.759338379,120.532814026,93.8672103882,-5.25657987595,18.493429184,-1.04003822803,38.1700286865,17.4302902222,58.0097427368,23.5957145691],[-659.985839844,-86.3273773193,-72.3138656616,120.532814026,320.62902832,132.347396851,62.5690498352,-59.5642700195,-14.7307386398,-33.82421875,-6.37856721878,26.6050949097,56.4581565857],[-1341.56005859,-348.275024414,91.6784133911,93.8672103882,132.347396851,314.127044678,43.0582275391,23.0533332825,-0.413133382797,42.1041679382,-14.2031831741,53.9146652222,55.9960098267],[-218.796310425,34.2602157593,-62.2369422913,-5.25657987595,62.5690498352,43.0582275391,121.238494873,22.9731521606,16.5969944,-16.7824039459,-4.79700088501,-4.44347333908,11.0849151611],[-243.589187622,-95.6887130737,21.21443367,18.493429184,-59.5642700195,23.0533332825,22.9731521606,99.0428543091,30.6874694824,30.6839370728,-2.40390181541,7.46650028229,-13.9715251923],[-561.843444824,3.18142724037,73.7269287109,-1.04003822803,-14.7307386398,-0.413133382797,16.5969944,30.6874694824,101.5078125,61.6363639832,27.6897754669,13.5728855133,17.286655426],[-748.704284668,-132.407196045,111.139755249,38.1700286865,-33.82421875,42.1041679382,-16.7824039459,30.6839370728,61.6363639832,107.118309021,51.3519477844,41.9683876038,12.6071043015],[-295.695739746,28.5721607208,61.6471710205,17.4302902222,-6.37856721878,-14.2031831741,-4.79700088501,-2.40390181541,27.6897754669,51.3519477844,81.3406906128,47.7633857727,12.6909322739],[-769.493041992,-138.284408569,49.6574859619,58.0097427368,26.6050949097,53.9146652222,-4.44347333908,7.46650028229,13.5728855133,41.9683876038,47.7633857727,97.7602615356,56.4058532715],[-532.679748535,-49.7353248596,42.9266815186,23.5957145691,56.4581565857,55.9960098267,11.0849151611,-13.9715251923,17.286655426,12.6071043015,12.6909322739,56.4058532715,95.0087280273]],"icov":[[0.00011743822688,-0.000560438784305,0.000283661967842,-0.000146475053043,0.000115698392619,-0.000173554799403,0.00042751969886,-0.000296399026411,0.000626198539976,-0.000469300081022,0.000509758479893,-0.000011814078789,0.000100597884739],[-0.000560438784305,0.0049837580882,-0.00157390686218,0.00184688006993,-0.000549523159862,0.00215145596303,-0.00266496045515,0.00208785012364,-0.00409973505884,0.00557458633557,-0.00663413992152,0.00346098304726,-0.00176671124063],[0.000283661967842,-0.00157390686218,0.00248804525472,-0.00120543397497,0.00128171907272,-0.00152877555229,0.00197336473502,-0.000372283218894,0.000541414367035,-0.001341936877,0.000140691263368,0.000889983726665,-0.00067151139956],[-0.000146475053043,0.00184688006993,-0.00120543397497,0.00511645665392,-0.00289255357347,0.00152460392565,-0.00011257895676,-0.00138331600465,0.000289399380563,0.00021960696904,-0.00123520230409,-0.000798324414063,0.000606700079516],[0.000115698392619,-0.000549523159862,0.00128171907272,-0.00289255357347,0.00782577972859,-0.00346572231501,-0.00199995725416,0.00519399996847,-0.00206922320649,0.00364271178842,-0.00155012065079,0.000846287875902,-0.00151260674465],[-0.000173554799403,0.00215145596303,-0.00152877555229,0.00152460392565,-0.00346572231501,0.00800330471247,-0.00323011120781,-0.00109339633491,0.00275614415295,-0.00439839949831,0.00301784323528,-0.000955778174102,-0.0017296471633],[0.00042751969886,-0.00266496045515,0.00197336473502,-0.00011257895676,-0.00199995725416,-0.00323011120781,0.0150759341195,-0.00690281391144,-0.00152927986346,0.00373429362662,-0.00208280584775,0.00232155108824,-0.000860921631102],[-0.000296399026411,0.00208785012364,-0.000372283218894,-0.00138331600465,0.00519399996847,-0.00109339633491,-0.00690281391144,0.0197615139186,-0.00676157232374,0.000270775432,0.00313156703487,-0.00434710318223,0.00456909555942],[0.000626198539976,-0.00409973505884,0.000541414367035,0.000289399380563,-0.00206922320649,0.00275614415295,-0.00152927986346,-0.00676157232374,0.0257934015244,-0.0196562334895,0.00597012136132,0.00284466170706,-0.0047335610725],[-0.000469300081022,0.00557458633557,-0.001341936877,0.00021960696904,0.00364271178842,-0.00439839949831,0.00373429362662,0.000270775432,-0.0196562334895,0.0383952409029,-0.0225345529616,0.00337524851784,0.000358384189894],[0.000509758479893,-0.00663413992152,0.000140691263368,-0.00123520230409,-0.00155012065079,0.00301784323528,-0.00208280584775,0.00313156703487,0.00597012136132,-0.0225345529616,0.0413130223751,-0.0231761876494,0.00961940176785],[-0.000011814078789,0.00346098304726,0.000889983726665,-0.000798324414063,0.000846287875902,-0.000955778174102,0.00232155108824,-0.00434710318223,0.00284466170706,0.00337524851784,-0.0231761876494,0.0359551087022,-0.0185239296407],[0.000100597884739,-0.00176671124063,-0.00067151139956,0.000606700079516,-0.00151260674465,-0.0017296471633,-0.000860921631102,0.00456909555942,-0.0047335610725,0.000358384189894,0.00961940176785,-0.0185239296407,0.0235341489315]],"mean":[-181.953735352,101.062934875,-30.7880878448,-0.702739715576,-16.015712738,-13.4929904938,-7.79617881775,-8.2303314209,-4.9418129921,-9.33816719055,-2.43470144272,-8.73317527771,-6.89375114441]},"hfc":{"dmean":122.855987549,"dmean2":193.186050415,"dvar":57679.03125,"dvar2":147048.734375,"max":7218.19433594,"mean":346.190826416,"median":152.664154053,"min":1.09746796575e-16,"var":282155.03125},"melbands":{"dmean":[0.000248749682214,0.000858695537318,0.000596133526415,0.000246709882049,0.000203347663046,0.000166101424838,0.0000789581681602,0.000106834624603,0.000120307129691,0.0000681416568113,0.000031443170883,0.000013084882994,0.00000939324490901,0.0000255249997281,0.0000124225152831,0.00000248688547799,0.00000117221281926,0.00000199013175006,0.00000311177564072,0.00000318750858241,0.00000591641628489,0.00000138063626309,6.84941255713e-7,7.27167844161e-7,0.00000116716182674,6.35648291336e-7,2.5697713113e-7,2.7344643172e-7,1.40878768207e-7,1.34660311346e-7,7.96050940721e-8,4.84688342794e-8,3.41315882224e-8,2.66004551719e-8,2.28633485477e-8,2.00808631945e-8,1.78873804657e-8,1.62057478548e-8,1.48825956003e-8,1.390003046e-8],"dmean2":[0.000382953876397,0.00129656610079,0.000974374823272,0.000361212703865,0.00031227155705,0.000234203835134,0.000123312318465,0.000167546488228,0.00017794840096,0.0000911818860914,0.0000441236988991,0.000020409712306,0.0000136440048664,0.0000397436524509,0.0000196192831936,0.00000380053802473,0.00000181963559953,0.00000324119946526,0.00000461708532384,0.00000559983618587,0.0000110110786409,0.00000228691396842,0.00000108208462279,0.00000117484785278,0.0000017759085722,0.00000102409069314,4.06931775387e-7,4.1486595137e-7,2.26867598485e-7,2.19337053409e-7,1.25114098637e-7,7.74254473868e-8,5.60861508347e-8,4.30915321203e-8,3.68828061426e-8,3.24007984887e-8,2.86990200493e-8,2.59354173693e-8,2.3732702914e-8,2.20741576129e-8],"dvar":[2.03377936714e-7,0.00000292690697279,0.00000183540100807,7.87425904036e-7,5.18822901086e-7,4.04424156386e-7,9.20616258782e-8,1.74935195218e-7,2.51043019261e-7,9.86822712434e-8,2.64296335928e-8,6.13804029825e-9,2.70500288835e-9,4.90077951554e-8,3.77129705242e-9,2.17739909436e-10,1.567495439e-11,1.83197179648e-10,4.20379259181e-10,1.15874554396e-9,1.1715049375e-8,1.25508631266e-10,9.5111505477e-12,5.8853950359e-12,1.90280725204e-11,9.85903112621e-12,2.24906009615e-12,5.17980927248e-12,6.75821649077e-13,5.20499116897e-13,1.03869170209e-13,1.97668944879e-14,9.2234586532e-15,5.64092645004e-15,4.11126880356e-15,3.0732877367e-15,2.36008070115e-15,1.8464735915e-15,1.46735053815e-15,1.19712775798e-15],"dvar2":[4.45148486961e-7,0.00000601987130722,0.000005313483598,0.00000163965410138,0.00000118386617487,7.4995932664e-7,2.38388835783e-7,3.9967005705e-7,5.43653925433e-7,1.72499795781e-7,4.68011513988e-8,1.25321992783e-8,5.48015233193e-9,9.42455997688e-8,7.70301511466e-9,4.95302299175e-10,3.56484945729e-11,4.67537231152e-10,6.75207167955e-10,3.47163009451e-9,3.64658561125e-8,3.50347972855e-10,2.09978562316e-11,1.36475639817e-11,4.06174191503e-11,2.6028233388e-11,5.61940511484e-12,1.19517390776e-11,1.80850896325e-12,1.21571513707e-12,2.45787656721e-13,4.74073566319e-14,2.29127189498e-14,1.33868424294e-14,9.75205803426e-15,7.21394752474e-15,5.54431429559e-15,4.3214439358e-15,3.41611246364e-15,2.77127348067e-15],"max":[0.00879857502878,0.0296004097909,0.0220449212939,0.0345761701465,0.018882388249,0.0144653953612,0.00923966709524,0.0111052589491,0.0132754389197,0.00855495315045,0.00628011114895,0.00233152741566,0.00178774620872,0.00814005360007,0.00218365946785,0.000499930698425,0.0000970472610788,0.000410343578551,0.0008647890063,0.00085210299585,0.0032755008433,0.000292513053864,0.0000698144431226,0.0000529144563188,0.000106706575025,0.0000746102596167,0.0000513375052833,0.0000877939091879,0.0000204787629627,0.0000164654538821,0.00000822480251372,0.00000234847152569,0.00000134055278522,0.00000105970389086,9.20224238143e-7,7.78838625592e-7,6.83835366999e-7,5.99564543791e-7,5.28207579009e-7,4.68533158937e-7],"mean":[0.000470795115689,0.00242956611328,0.0013615192147,0.0005323937512,0.000370096822735,0.000293521705316,0.000173330758116,0.000204680924071,0.000263846828602,0.000133871901198,0.0000547779454791,0.0000180629795068,0.000013519953427,0.0000271382104984,0.0000163876320585,0.00000336909238285,0.00000163230799899,0.00000255946042671,0.00000413278303313,0.00000277504136648,0.00000407680954595,0.00000161973559898,9.58458258538e-7,0.00000121231175854,0.00000207312632483,9.10851383651e-7,3.43833789884e-7,3.50986425701e-7,1.60203271093e-7,1.65259422147e-7,1.10920922225e-7,7.10552114924e-8,4.41763852166e-8,3.09875893834e-8,2.59485375409e-8,2.27870131653e-8,2.01428527191e-8,1.83850747959e-8,1.70833835966e-8,1.61102722274e-8],"median":[0.000225372787099,0.000342666840879,0.000167325430084,0.0000290660664177,0.0000197959252546,0.0000173637436092,0.0000124720536405,0.00000533396223545,0.00000470249506179,0.000002464525096,0.00000104855848804,0.00000107006667349,9.64861669672e-7,8.18701039407e-7,5.97351004217e-7,2.04006738613e-7,1.68975120118e-7,1.71112162661e-7,1.43220788118e-7,9.74493232775e-8,6.76217624118e-8,5.74411984644e-8,3.96150667825e-8,3.29643370378e-8,2.83221375241e-8,2.41890703023e-8,1.80598398458e-8,1.340466671e-8,1.21701670963e-8,1.08446132074e-8,8.93027429782e-9,7.45232586752e-9,6.29659657747e-9,4.92627227899e-9,4.38631886368e-9,3.98538047008e-9,3.50890561052e-9,3.27711813242e-9,3.15428927422e-9,3.12408987568e-9],"min":[1.65843470561e-24,1.63834024898e-24,2.08084980161e-24,2.88291150522e-24,3.4981815961e-24,1.93363297391e-24,1.72714429323e-24,3.16606681626e-24,2.83047828744e-24,2.31092719829e-24,1.6909604268e-24,3.39385789683e-24,1.99053489151e-24,1.99607289228e-24,3.04227935466e-24,4.88339176338e-24,3.19041343038e-24,2.81074493189e-24,3.59100449223e-24,5.62807211918e-24,4.96047451787e-24,4.93223526962e-24,5.02038574261e-24,4.52531281014e-24,4.85163932309e-24,5.28358642263e-24,5.3322646625e-24,5.74120305602e-24,6.39791674341e-24,6.81177447354e-24,6.21913561874e-24,7.27051602259e-24,6.5887319412e-24,8.40617832554e-24,7.1294219388e-24,7.57252905357e-24,5.55086196365e-24,7.42186766472e-24,6.44691447196e-24,6.66441052328e-24],"var":[5.0191323453e-7,0.0000173977496161,0.00000589783394389,0.00000266800725512,0.00000125551093788,0.00000109687175609,2.7996182439e-7,4.81565280097e-7,8.56092242429e-7,3.10721361529e-7,1.08337403049e-7,8.66910010444e-9,4.42544312307e-9,6.16126243358e-8,6.09323835832e-9,2.89178542223e-10,2.72380069888e-11,2.08337527785e-10,8.07810984771e-10,6.93242629968e-10,6.30922292189e-9,9.95541774018e-11,1.50489135042e-11,1.35220766875e-11,4.55319601467e-11,1.30386656333e-11,3.79173819079e-12,8.98223422724e-12,8.20093179563e-13,6.30449306042e-13,1.64568066206e-13,3.51820860585e-14,1.22364403969e-14,6.990943655e-15,5.04784710938e-15,3.81767701965e-15,2.94280040535e-15,2.34310340803e-15,1.90805521611e-15,1.60010950599e-15]},"melbands_crest":{"dmean":3.03423714638,"dmean2":4.93729925156,"dvar":8.63393497467,"dvar2":21.0284862518,"max":36.7349624634,"mean":19.0607795715,"median":18.9310913086,"min":1.66039562225,"var":43.4377441406},"melbands_flatness_db":{"dmean":0.0421127080917,"dmean2":0.0659647658467,"dvar":0.00132307247259,"dvar2":0.00325100659393,"max":0.589455962181,"mean":0.357363343239,"median":0.365444153547,"min":0.00394126726314,"var":0.007319919765},"melbands_kurtosis":{"dmean":19.3256931305,"dmean2":30.7961616516,"dvar":974.647460938,"dvar2":2335.91577148,"max":684.023986816,"mean":44.7486000061,"median":23.1472816467,"min":-1.771733284,"var":3560.3371582},"melbands_skewness":{"dmean":1.01770496368,"dmean2":1.60278606415,"dvar":1.1301472187,"dvar2":2.65739059448,"max":19.999879837,"mean":3.99231791496,"median":3.53573846817,"min":-1.09909665585,"var":7.7735490799},"melbands_spread":{"dmean":2.47175383568,"dmean2":3.90502667427,"dvar":39.8225746155,"dvar2":87.0640792847,"max":167.444854736,"mean":7.97528982162,"median":3.73102259636,"min":0.355117678642,"var":338.56060791},"mfcc":{"cov":[[17086.8378906,3954.15209961,-1632.8536377,101.555656433,-843.349121094,-806.182312012,-185.088790894,-17.6107387543,-353.781616211,-278.391052246,133.403656006,-358.370391846,-432.484375],[3954.15209961,2157.90014648,23.1962814331,34.4829063416,-189.337677002,-218.442672729,-92.3428192139,-44.7136039734,-103.77671051,-60.2419548035,55.0049858093,-79.904296875,-72.545501709],[-1632.8536377,23.1962814331,832.172241211,56.7916603088,74.5264816284,7.37239456177,-57.6531791687,-54.417552948,-21.6121864319,64.5688934326,59.3257865906,41.0219459534,12.3613834381],[101.555656433,34.4829063416,56.7916603088,268.951538086,74.5662689209,-5.04254722595,9.69601154327,4.26588344574,-22.9274635315,-19.082742691,23.9325408936,-2.98307728767,-19.7407035828],[-843.349121094,-189.337677002,74.5264816284,74.5662689209,227.220535278,165.017303467,62.2569770813,20.2767944336,28.2830924988,-2.57987046242,-54.4827613831,21.4907226562,44.2724761963],[-806.182312012,-218.442672729,7.37239456177,-5.04254722595,165.017303467,223.253265381,107.921394348,37.2963180542,59.3126373291,7.55708837509,-62.6384010315,22.1321926117,50.4646682739],[-185.088790894,-92.3428192139,-57.6531791687,9.69601154327,62.2569770813,107.921394348,123.065696716,64.9373703003,30.5187892914,1.09039199352,-29.4202537537,-8.41090583801,8.41937541962],[-17.6107387543,-44.7136039734,-54.417552948,4.26588344574,20.2767944336,37.2963180542,64.9373703003,79.7207107544,44.1312675476,3.54888367653,-9.85558414459,-8.73440647125,-0.0799183696508],[-353.781616211,-103.77671051,-21.6121864319,-22.9274635315,28.2830924988,59.3126373291,30.5187892914,44.1312675476,93.2191925049,40.751083374,-23.6025161743,7.95825338364,16.8887405396],[-278.391052246,-60.2419548035,64.5688934326,-19.082742691,-2.57987046242,7.55708837509,1.09039199352,3.54888367653,40.751083374,77.1890106201,37.2853965759,2.01561021805,-7.61026763916],[133.403656006,55.0049858093,59.3257865906,23.9325408936,-54.4827613831,-62.6384010315,-29.4202537537,-9.85558414459,-23.6025161743,37.2853965759,101.633270264,24.126865387,-20.2801361084],[-358.370391846,-79.904296875,41.0219459534,-2.98307728767,21.4907226562,22.1321926117,-8.41090583801,-8.73440647125,7.95825338364,2.01561021805,24.126865387,88.5678634644,64.3992843628],[-432.484375,-72.545501709,12.3613834381,-19.7407035828,44.2724761963,50.4646682739,8.41937541962,-0.0799183696508,16.8887405396,-7.61026763916,-20.2801361084,64.3992843628,96.7438430786]],"icov":[[0.000205570497201,-0.000332558644004,0.000409771804698,-0.000191393308342,0.000377489050152,-0.000110761284304,0.000308228220092,-0.000550859957002,0.000788399891462,-0.000418981246185,0.000430400337791,-0.000369282875909,0.000601395848207],[-0.000332558644004,0.00109981140122,-0.000758191396017,0.000309015857056,-0.000475990673294,0.000533605576493,-0.000727690639906,0.00135623780079,-0.00174462934956,0.00171545322519,-0.00152292184066,0.0016711759381,-0.00149027945008],[0.000409771804698,-0.000758191396017,0.00240681576543,-0.000712889770512,0.000300275103655,-0.000825411465485,0.00209989538416,-0.00190753757488,0.0036483835429,-0.00368245923892,0.00167275872082,-0.00187854876276,0.00159369118046],[-0.000191393308342,0.000309015857056,-0.000712889770512,0.00647823605686,-0.00627198303118,0.00520971696824,-0.00506176520139,0.00538651319221,-0.0067488043569,0.00785711128265,-0.0073658968322,0.00303458981216,-0.00038117117947],[0.000377489050152,-0.000475990673294,0.000300275103655,-0.00627198303118,0.0181047488004,-0.015755712986,0.0110918758437,-0.012660487555,0.0147972349077,-0.0117791844532,0.0125777442008,-0.00582882575691,0.00197707139887],[-0.000110761284304,0.000533605576493,-0.000825411465485,0.00520971696824,-0.015755712986,0.0280502811074,-0.0244071986526,0.020433889702,-0.020594548434,0.0124321421608,-0.00804385822266,0.00352865946479,-0.00366915506311],[0.000308228220092,-0.000727690639906,0.00209989538416,-0.00506176520139,0.0110918758437,-0.0244071986526,0.0409450866282,-0.0373169183731,0.0290826465935,-0.0211115721613,0.0163089111447,-0.00719193834811,0.00506102899089],[-0.000550859957002,0.00135623780079,-0.00190753757488,0.00538651319221,-0.012660487555,0.020433889702,-0.0373169183731,0.0584821887314,-0.0470435619354,0.0350956022739,-0.0294184051454,0.0182414259762,-0.00900838617235],[0.000788399891462,-0.00174462934956,0.0036483835429,-0.0067488043569,0.0147972349077,-0.020594548434,0.0290826465935,-0.0470435619354,0.0647624135017,-0.0508102066815,0.0400713868439,-0.0241725090891,0.0109625617042],[-0.000418981246185,0.00171545322519,-0.00368245923892,0.00785711128265,-0.0117791844532,0.0124321421608,-0.0211115721613,0.0350956022739,-0.0508102066815,0.0611916705966,-0.0438363142312,0.0256489515305,-0.0103204874322],[0.000430400337791,-0.00152292184066,0.00167275872082,-0.0073658968322,0.0125777442008,-0.00804385822266,0.0163089111447,-0.0294184051454,0.0400713868439,-0.0438363142312,0.0513973534107,-0.0330061987042,0.0183634962887],[-0.000369282875909,0.0016711759381,-0.00187854876276,0.00303458981216,-0.00582882575691,0.00352865946479,-0.00719193834811,0.0182414259762,-0.0241725090891,0.0256489515305,-0.0330061987042,0.0457329936326,-0.0291952099651],[0.000601395848207,-0.00149027945008,0.00159369118046,-0.00038117117947,0.00197707139887,-0.00366915506311,0.00506102899089,-0.00900838617235,0.0109625617042,-0.0103204874322,0.0183634962887,-0.0291952099651,0.032745629549]],"mean":[-850.775085449,165.230728149,38.1593551636,30.2192554474,13.2873001099,6.23039865494,6.33233880997,5.16102981567,1.72548937798,1.09666323662,3.94239163399,1.76473104954,1.99341547489]},"pitch_salience":{"dmean":0.0700689330697,"dmean2":0.114418163896,"dvar":0.00380343571305,"dvar2":0.00991532765329,"max":0.953858911991,"mean":0.506914138794,"median":0.511105716228,"min":0.0612924620509,"var":0.0132819730788},"silence_rate_20dB":{"dmean":0.00101626012474,"dmean2":0.00203355355188,"dvar":0.00101524183992,"dvar2":0.00202938867733,"max":1,"mean":0.99847638607,"median":1,"min":0,"var":0.00152131752111},"silence_rate_30dB":{"dmean":0.026422765106,"dmean2":0.0528723932803,"dvar":0.0257245488465,"dvar2":0.0571933574975,"max":1,"mean":0.913153886795,"median":1,"min":0,"var":0.0793032497168},"silence_rate_60dB":{"dmean":0.0325203239918,"dmean2":0.0650737136602,"dvar":0.0314620360732,"dvar2":0.0740583762527,"max":1,"mean":0.27628237009,"median":0,"min":0,"var":0.199947699904},"spectral_centroid":{"dmean":113.890304565,"dmean2":181.585830688,"dvar":118683.429688,"dvar2":259092.609375,"max":11461.3310547,"mean":631.983642578,"median":373.768157959,"min":130.725372314,"var":1730762.75},"spectral_complexity":{"dmean":1.2652438879,"dmean2":2.03355360031,"dvar":3.48659658432,"dvar2":6.86520528793,"max":37,"mean":4.96648025513,"median":3,"min":0,"var":25.7336540222},"spectral_contrast_coeffs":{"dmean":[0.0452501252294,0.0415441170335,0.0357565879822,0.0340574383736,0.0286306925118,0.0239317398518],"dmean2":[0.0746719390154,0.0676095336676,0.0574245341122,0.0553445369005,0.0454975701869,0.0386061407626],"dvar":[0.00136592402123,0.0011320868507,0.00109965342563,0.000883003522176,0.000755072629545,0.000507831107825],"dvar2":[0.00369104160927,0.00303987902589,0.00278667313978,0.00221425388008,0.00179588992614,0.00129924132489],"max":[-0.330709397793,-0.481281489134,-0.49990555644,-0.576767206192,-0.636295855045,-0.605359077454],"mean":[-0.690070033073,-0.781590402126,-0.841137111187,-0.863340318203,-0.871069550514,-0.857802271843],"median":[-0.704645872116,-0.787629961967,-0.851999461651,-0.872906565666,-0.891715884209,-0.862683832645],"min":[-0.975818753242,-0.978489100933,-0.985132932663,-0.983392119408,-0.982952773571,-0.96946388483],"var":[0.0141659835353,0.00635925447568,0.00525499181822,0.00385605311021,0.00406075874344,0.0017301334301]},"spectral_contrast_valleys":{"dmean":[0.392566204071,0.411012381315,0.448707222939,0.515947639942,0.490052551031,0.5634303689],"dmean2":[0.637918651104,0.642620682716,0.717494726181,0.818855881691,0.777406334877,0.872300863266],"dvar":[0.152511164546,0.186998426914,0.215338498354,0.254777491093,0.275556176901,0.291309863329],"dvar2":[0.29217839241,0.359235465527,0.431964784861,0.54473233223,0.589627981186,0.663594484329],"max":[-5.42627620697,-4.02512741089,-5.40332794189,-6.44382572174,-6.16031455994,-9.06921768188],"mean":[-8.11351490021,-8.09774398804,-9.10769271851,-9.76255130768,-9.87131786346,-12.0511837006],"median":[-7.68237781525,-7.68534374237,-8.6620721817,-9.35057449341,-9.54863548279,-11.7301530838],"min":[-28.269575119,-27.9672355652,-27.7223949432,-27.609041214,-27.3957633972,-27.4273033142],"var":[7.15852022171,8.09164237976,7.12539863586,6.47044229507,6.10936927795,4.8535823822]},"spectral_decrease":{"dmean":1.78555614738e-9,"dmean2":2.89007884291e-9,"dvar":1.22074710959e-17,"dvar2":3.31141740465e-17,"max":4.80081823184e-8,"mean":-7.79481312829e-10,"median":8.04720526326e-11,"min":-3.47129684997e-8,"var":3.95079393831e-17},"spectral_energy":{"dmean":0.0084322411567,"dmean2":0.0127917705104,"dvar":0.000231141530094,"dvar2":0.000500320864376,"max":0.473517119884,"mean":0.0343424119055,"median":0.0112018110231,"min":1.00690894586e-20,"var":0.00224951957352},"spectral_energyband_high":{"dmean":0.0000494354972034,"dmean2":0.0000815072562546,"dvar":1.35164398785e-7,"dvar2":4.0097989995e-7,"max":0.01098964829,"mean":0.0000657476484776,"median":0.0000102536605482,"min":7.15844848602e-21,"var":1.0142100848e-7},"spectral_energyband_low":{"dmean":0.00357809639536,"dmean2":0.0056137139909,"dvar":0.0000448039136245,"dvar2":0.000103035854409,"max":0.110604166985,"mean":0.0104257678613,"median":0.0024491280783,"min":1.99722273594e-23,"var":0.000259107880993},"spectral_energyband_middle_high":{"dmean":0.000436871458078,"dmean2":0.00065259373514,"dvar":0.00000568584800931,"dvar2":0.0000128521396618,"max":0.0651994720101,"mean":0.000736890651751,"median":0.0000445836412837,"min":1.18205149568e-21,"var":0.00000990455191641},"spectral_energyband_middle_low":{"dmean":0.00269269477576,"dmean2":0.00402039242908,"dvar":0.0000482342366013,"dvar2":0.000113939560833,"max":0.156524688005,"mean":0.00878639146686,"median":0.000788846577052,"min":1.88448419428e-22,"var":0.000331917224685},"spectral_entropy":{"dmean":0.325490832329,"dmean2":0.509574830532,"dvar":0.0857969224453,"dvar2":0.215329751372,"max":9.8196105957,"mean":6.94133043289,"median":6.89826917648,"min":5.07158231735,"var":0.525421440601},"spectral_flux":{"dmean":0.0165532007813,"dmean2":0.0264916997403,"dvar":0.00061084725894,"dvar2":0.00141578563489,"max":0.315313369036,"mean":0.0621928758919,"median":0.0451977625489,"min":6.50050985262e-11,"var":0.00322993611917},"spectral_kurtosis":{"dmean":6.97576618195,"dmean2":11.0690574646,"dvar":72.8480758667,"dvar2":190.849182129,"max":99.134979248,"mean":19.6249866486,"median":17.1163368225,"min":-1.27829539776,"var":154.766891479},"spectral_rms":{"dmean":0.000622442108579,"dmean2":0.000922096078284,"dvar":7.4215870427e-7,"dvar2":0.00000143722843404,"max":0.0214934386313,"mean":0.0045142355375,"median":0.00330584286712,"min":3.13424655153e-12,"var":0.0000131265042},"spectral_rolloff":{"dmean":518.530578613,"dmean2":1020.34899902,"dvar":9442881,"dvar2":25482232,"max":22050,"mean":21527.2597656,"median":21942.3339844,"min":129.19921875,"var":7022640},"spectral_skewness":{"dmean":0.563819944859,"dmean2":0.890228688717,"dvar":0.360984683037,"dvar2":0.944942951202,"max":8.58849048615,"mean":3.35917425156,"median":3.27035045624,"min":-0.0497511774302,"var":1.19310986996},"spectral_spread":{"dmean":1132062,"dmean2":1824382.5,"dvar":2136507154430,"dvar2":5069183909890,"max":44082268,"mean":5723325.5,"median":4816970,"min":1438725.5,"var":21885710499800},"spectral_strongpeak":{"dmean":16.1646213531,"dmean2":27.9668598175,"dvar":873.160583496,"dvar2":2466.50219727,"max":350.628143311,"mean":29.800617218,"median":8.00191402435,"min":0,"var":2311.48681641},"zerocrossingrate":{"dmean":0.047197047621,"dmean2":0.0602854825556,"dvar":0.00185430387501,"dvar2":0.00303333904594,"max":0.90087890625,"mean":0.552657723427,"median":0.56591796875,"min":0.1103515625,"var":0.0282732769847}},"metadata":{"audio_properties":{"analysis_sample_rate":44100,"bit_rate":219907,"codec":"mp3","downmix":"mix","equal_loudness":0,"length":45.6892280579,"lossless":false,"md5_encoded":"0c7aa4d5f249b34c62a9144cd9bf3348","replay_gain":-0.595060348511},"tags":{"album":["Parachutes"],"albumartist":["Coldplay"],"albumartistsort":["Coldplay"],"artist":["Coldplay"],"artistsort":["Coldplay"],"asin":["B00004U9MS"],"barcode":["724352778324"],"catalognumber":["7243 5 27783 2 4"],"composer":["Will Champion"],"conductor":[""],"copyright":["(C) 2000 EMI Records Ltd This label copy information is the subject of copyright protection. All rights reserved. (C) 2000 EMI Records Ltd"],"date":["2000"],"discnumber":["1/1"],"file_name":"07. Parachutes.mp3","genre":["Pop"],"isrc":["GBAYE0000529"],"label":["EMI America"],"media":["CD"],"musicbrainz album release country":["US"],"musicbrainz album status":["official"],"musicbrainz album type":["album"],"musicbrainz_albumartistid":["cc197bad-dc9c-440d-a5b5-d52ba2e14234"],"musicbrainz_albumid":["8b8da40b-a310-3489-9215-e8378c186dd2"],"musicbrainz_artistid":["cc197bad-dc9c-440d-a5b5-d52ba2e14234"],"musicbrainz_recordingid":["3451489e-ea50-4e4e-9043-df1e30ce37b5"],"originaldate":["2000"],"script":["Latn"],"title":["Parachutes"],"tracknumber":["7/10"]},"version":{"essentia":"2.1-beta1","essentia_build_sha":"12879b851c9f4b0d899e1af4e221aa110f283a84","essentia_git_sha":"v2.1_beta1-7-ge0e83e8-dirty","extractor":"music 1.0"}},"rhythm":{"beats_count":107,"beats_loudness":{"dmean":0.0360203571618,"dmean2":0.0632207766175,"dvar":0.00250963540748,"dvar2":0.00659493263811,"max":0.32167956233,"mean":0.0406341850758,"median":0.0152115775272,"min":1.09053928554e-7,"var":0.00284297997132},"beats_loudness_band_ratio":{"dmean":[0.182562977076,0.0720594748855,0.0529933460057,0.0174870640039,0.0076344832778,0.1720062