{"lowlevel":{"average_loudness":0.973125398159,"barkbands":{"dmean":[0.000218579705688,0.00556816114113,0.00278227007948,0.00117939093616,0.00146196724381,0.000924992957152,0.000991049106233,0.000560956948902,0.000814434140921,0.00059831753606,0.000548429146875,0.000663697661366,0.000536225794349,0.000793643528596,0.000793608429376,0.000545348622836,0.000420796684921,0.000300178915495,0.000269845681032,0.000230825025938,0.000245742674451,0.000202862851438,0.000180633054697,0.000152314343723,0.00012086561037,0.0000508128578076,0.00000641269480184],"dmean2":[0.000336087861797,0.00867171678692,0.00478600757197,0.00198921305127,0.00243201339617,0.00148361350875,0.00164529460017,0.000958506134339,0.00130835489836,0.000996992341243,0.000882399093825,0.00108860549517,0.000883517321199,0.00129680044483,0.0012781994883,0.000885212153662,0.000689800363034,0.000500319525599,0.000455764966318,0.000371776055545,0.000390501401853,0.000323484215187,0.000272794597549,0.00022486729722,0.000181018011062,0.0000846131006256,0.0000111936878966],"dvar":[3.39739358424e-7,0.00022115977481,0.0000267268842435,0.00000304859872813,0.00000464947925138,0.00000244205966737,0.00000512090718985,0.00000167378402693,0.00000162354979238,0.00000106670211153,9.23754782889e-7,0.0000012580993598,9.13750795917e-7,0.00000169709278453,0.00000173190971964,6.01263650424e-7,2.67687312316e-7,1.34502002425e-7,1.21817592458e-7,9.89428272646e-8,1.31145242221e-7,1.50873887605e-7,2.23954543799e-7,1.8693700099e-7,1.35589473871e-7,1.64319988727e-8,4.78446615659e-10],"dvar2":[7.46474654534e-7,0.000549721473362,0.0000771241902839,0.00000852560788189,0.000012379798136,0.0000061044775066,0.0000133775847644,0.00000458343083665,0.00000400423459723,0.00000280668086816,0.00000214710507862,0.00000324518077832,0.00000235096354118,0.00000431368107456,0.00000425594816988,0.00000147237972214,6.91696925514e-7,3.56877336571e-7,3.35986754862e-7,2.42575339371e-7,3.10521045321e-7,3.60716001069e-7,4.54807008055e-7,3.6467542941e-7,2.74757411489e-7,4.35795541875e-8,1.33244870693e-9],"max":[0.00599599443376,0.121477946639,0.0724593028426,0.0327398590744,0.036809630692,0.0263130255044,0.0431340970099,0.0252330489457,0.0236222799867,0.0203446149826,0.0279992651194,0.0214329361916,0.0215436555445,0.0269139129668,0.0244190208614,0.0196601077914,0.00803514197469,0.00690777506679,0.00577628938481,0.00779340509325,0.00906106922776,0.00863253790885,0.0151495104656,0.0125502087176,0.0223262626678,0.00348261627369,0.000482841511257],"mean":[0.000255214283243,0.00667524943128,0.00469773542136,0.00205903453752,0.00219635851681,0.00150225881953,0.00139810889959,0.000718813738786,0.00146243069321,0.000913548981771,0.000904039479792,0.00110111013055,0.000852048688103,0.00136152328923,0.00136400794145,0.00105957651976,0.000896544835996,0.000672403315548,0.000621679646429,0.000529303099029,0.000571177748498,0.000417653878685,0.00033788359724,0.000267429859377,0.000201427537831,0.0000642297964077,0.00000573322449782],"median":[0.0000643163075438,0.0022494145669,0.00359461596236,0.00161129236221,0.0014780361671,0.00080765131861,0.000653825583868,0.000349821901182,0.00098151084967,0.000567841925658,0.000521716079675,0.00069010083098,0.000557053252123,0.000805030576885,0.000859264167957,0.000747907906771,0.000686717045028,0.000540255161468,0.000515166902915,0.000399446464144,0.000402218778618,0.000280341249891,0.000162834054208,0.000104299731902,0.0000595608107687,0.0000177120600711,0.00000130271837406],"min":[1.27166645897e-25,5.08540326399e-24,1.19498750265e-24,1.24378495913e-24,9.87685959976e-24,6.3580287806e-24,1.07013486189e-23,1.04034305649e-23,1.49989342462e-23,3.47514622658e-23,2.72514113856e-23,2.55345455555e-23,6.16315315797e-23,4.3251186084e-23,6.45814548467e-23,9.07259019002e-23,8.53416990301e-23,8.96830404052e-23,1.22609722247e-22,2.28620574114e-22,3.2184707042e-22,3.64990062653e-22,3.69579768996e-22,7.04500801592e-22,9.78058881349e-22,1.2567975432e-21,2.11267179104e-21],"var":[3.75378448325e-7,0.000221445661737,0.000025214820198,0.00000394666676584,0.00000596521476837,0.00000386632609661,0.00000542023235539,0.0000015590132989,0.00000300051533486,0.00000138956625051,0.00000185509861694,0.00000215528666558,0.00000116173077913,0.00000284234738501,0.00000275736533695,0.00000121983873669,6.27776955753e-7,2.89422814603e-7,2.29603855928e-7,2.19880945451e-7,3.12154412541e-7,2.28229083632e-7,4.17527076024e-7,4.04756349326e-7,2.80656820451e-7,1.56477000246e-8,3.05400094103e-10]},"barkbands_crest":{"dmean":2.21803975105,"dmean2":3.47004246712,"dvar":6.56154108047,"dvar2":14.4823598862,"max":24.4479598999,"mean":7.15332937241,"median":6.08033561707,"min":2.1084420681,"var":14.0305404663},"barkbands_flatness_db":{"dmean":0.0157067924738,"dmean2":0.0236703809351,"dvar":0.000310062459903,"dvar2":0.000749203143641,"max":0.469498723745,"mean":0.0824884027243,"median":0.078394010663,"min":0.0215774737298,"var":0.00107156578451},"barkbands_kurtosis":{"dmean":1.3316245079,"dmean2":2.1228749752,"dvar":11.2176990509,"dvar2":26.4532146454,"max":161.344558716,"mean":0.654305517673,"median":-0.596630096436,"min":-1.92234528065,"var":37.2947502136},"barkbands_skewness":{"dmean":0.419704973698,"dmean2":0.634741485119,"dvar":0.26572945714,"dvar2":0.608345866203,"max":6.84071540833,"mean":0.788920104504,"median":0.673073530197,"min":-9.06665802002,"var":0.935135245323},"barkbands_spread":{"dmean":6.22590112686,"dmean2":9.62909698486,"dvar":52.8027954102,"dvar2":114.257354736,"max":108.58531189,"mean":35.3208732605,"median":34.3137626648,"min":0.493918448687,"var":144.343658447},"dissonance":{"dmean":0.00966927222908,"dmean2":0.0164557527751,"dvar":0.0000922769468161,"dvar2":0.000253920326941,"max":0.499999940395,"mean":0.483595758677,"median":0.486167550087,"min":0.283216416836,"var":0.000139576557558},"dynamic_complexity":1.53219199181,"erbbands":{"dmean":[0.152899220586,1.33593142033,3.01042532921,3.65191507339,5.16042375565,4.18901348114,4.72233963013,8.10597419739,12.5957374573,14.5778541565,13.0245256424,16.6467399597,19.3775749207,17.4619808197,21.298374176,24.6407203674,22.0064430237,34.2051315308,38.9668197632,34.5074501038,26.7330951691,23.8785877228,15.5841770172,14.3942651749,11.8887987137,11.0532960892,12.012597084,7.88983821869,7.80016469955,6.2929148674,4.98484802246,3.70459032059,2.31319594383,1.58367145061,0.724906086922,0.295283138752,0.0818111523986,0.0103713963181,0.000990219297819,0.0000871912707225],"dmean2":[0.21807679534,2.24933075905,5.14734840393,6.2144742012,8.6849861145,6.97182655334,7.72866535187,12.9515295029,20.7991428375,24.498468399,21.475069046,26.8593215942,32.1961021423,28.798034668,34.1979675293,40.7765235901,36.2722091675,55.3077735901,62.7336120605,55.2361106873,43.007976532,39.0721435547,25.7948303223,24.2471637726,19.9547977448,17.9916954041,18.9886035919,12.6812257767,12.5658531189,9.68963909149,7.54379606247,5.4853386879,3.42728638649,2.34372997284,1.11636900902,0.476104110479,0.139325782657,0.0177278872579,0.0017123996513,0.00014951293997],"dvar":[0.163782015443,13.7073793411,38.3365020752,31.2527160645,58.9412689209,50.4257888794,61.2841491699,231.639190674,893.332763672,1312.80639648,567.085449219,793.91998291,1067.84460449,846.933349609,1453.16967773,1589.02001953,1551.86572266,3304.89868164,4023.99072266,2991.3137207,1372.01489258,923.658081055,372.912841797,316.678375244,236.158370972,245.147979736,302.400939941,136.079559326,251.640151978,189.050170898,185.249069214,108.270523071,48.6096343994,21.7019386292,5.62724542618,0.49478712678,0.050302490592,0.000990614411421,0.0000109201619125,8.61350741843e-8],"dvar2":[0.320745617151,37.3899612427,109.720970154,88.928314209,159.87046814,134.238098145,156.869354248,572.184326172,2311.53637695,3490.17944336,1461.60925293,1962.12988281,2819.45654297,2178.20825195,3381.87011719,4109.60986328,4035.4128418,8246.17480469,9911.60449219,7386.88916016,3370.07373047,2381.79418945,972.289733887,854.928894043,644.526306152,614.275024414,688.942199707,337.239929199,636.421569824,390.366485596,377.262908936,210.530288696,100.58216095,44.3194198608,11.292804718,1.21363306046,0.13802151382,0.00273420894518,0.0000303912020172,2.39766364984e-7],"max":[3.44287490845,29.804725647,77.9826278687,91.6565551758,134.592376709,202.043533325,135.442565918,296.085601807,675.343811035,788.744873047,501.52355957,579.45526123,729.43182373,803.511962891,1328.05078125,774.252502441,956.032165527,1582.97497559,1414.54187012,871.042907715,855.053039551,510.520599365,344.193481445,309.958312988,323.652282715,351.954986572,470.689605713,181.423278809,329.204162598,394.080780029,451.927062988,242.540054321,253.406051636,219.203125,169.847869873,30.3615665436,4.01395702362,0.493494987488,0.0817083269358,0.00579913891852],"mean":[0.191873207688,1.51363766193,4.96999645233,7.00914430618,7.64845228195,6.72488069534,7.79278945923,12.7208032608,18.0425701141,19.5476665497,21.0112075806,29.8765983582,31.7817401886,30.0481433868,38.4526443481,42.9230766296,39.6291923523,61.7056808472,71.924331665,66.9463119507,56.7134819031,53.3138999939,37.3233795166,34.1035118103,28.9017677307,25.4359931946,27.4244384766,18.1679115295,15.3354225159,12.7281732559,9.02391433716,6.33229875565,4.06072998047,2.6118350029,1.17370438576,0.416159570217,0.0948028340936,0.0110484547913,0.000951368070673,0.000105730046926],"median":[0.041935056448,0.613813102245,3.5969877243,5.69787025452,5.35852956772,4.22922420502,4.41445922852,6.30484867096,8.81471729279,8.38357543945,12.1044034958,19.3045768738,20.8123054504,20.5743465424,21.85014534,28.9221420288,28.0351848602,37.935256958,47.2805290222,45.805896759,41.8313598633,40.6568946838,30.3936004639,28.8948745728,24.0206489563,19.3243713379,18.9370479584,13.2146434784,10.4795303345,7.30224227905,4.10651016235,2.4704682827,1.48052453995,0.786042749882,0.363168716431,0.116543874145,0.0246758833528,0.00298776640557,0.000247462827247,0.000052965930081],"min":[1.63673428595e-22,1.40279522424e-21,1.48353156592e-21,1.00073934172e-20,2.71622719461e-20,2.20747250535e-20,4.40036530618e-20,9.3204811492e-20,1.56241635186e-19,2.44456919072e-19,4.83153352359e-19,3.57279288143e-19,8.91839563277e-19,1.05642896303e-18,1.09318948984e-18,1.32015471843e-18,2.93799519571e-18,2.07313857421e-18,2.86256356168e-18,4.75899050765e-18,5.49622350039e-18,4.95233859916e-18,6.55287270027e-18,8.57449798144e-18,9.62154981826e-18,1.09111583076e-17,9.97742111575e-18,1.08351304832e-17,1.23128340536e-17,1.04594903962e-17,1.11534982389e-17,1.35310560289e-17,1.23557688633e-17,1.00789575359e-17,6.96742667196e-18,4.10481761535e-18,2.38111197833e-18,1.00265064269e-18,2.81733192992e-19,3.03505653001e-20],"var":[0.223393589258,10.8264026642,33.4841117859,36.8548469543,64.1180725098,88.029586792,108.52431488,346.051147461,933.745361328,1316.35510254,883.911315918,1395.75061035,1402.35961914,1217.52807617,3297.40307617,2354.6875,1971.1607666,5672.28417969,6611.43994141,5206.90478516,3071.02246094,2216.51123047,854.247558594,638.835205078,482.184875488,507.130126953,790.64630127,283.86227417,315.847198486,358.69821167,334.223022461,228.239395142,95.5301437378,45.0808982849,11.3547201157,0.664309203625,0.0389693826437,0.000691466906574,0.00000709729692971,5.51863124088e-8]},"erbbands_crest":{"dmean":1.99945247173,"dmean2":3.29542326927,"dvar":3.85072898865,"dvar2":9.79234886169,"max":26.7519760132,"mean":6.58272695541,"median":5.83974838257,"min":2.29072856903,"var":7.7725520134},"erbbands_flatness_db":{"dmean":0.0138300340623,"dmean2":0.020312577486,"dvar":0.00019113442977,"dvar2":0.00038070595474,"max":0.453288584948,"mean":0.134024277329,"median":0.131801009178,"min":0.0384966209531,"var":0.00111855193973},"erbbands_kurtosis":{"dmean":0.550596177578,"dmean2":0.88595867157,"dvar":0.429471820593,"dvar2":0.966031312943,"max":26.7258358002,"mean":0.16609442234,"median":-0.0998621731997,"min":-1.81550860405,"var":2.24512457848},"erbbands_skewness":{"dmean":0.251505076885,"dmean2":0.39413574338,"dvar":0.0535932518542,"dvar2":0.1232406497,"max":3.35531044006,"mean":-0.233126685023,"median":-0.238442569971,"min":-4.09303236008,"var":0.23975764215},"erbbands_spread":{"dmean":6.79409360886,"dmean2":10.596124649,"dvar":49.7926864624,"dvar2":109.828491211,"max":141.179702759,"mean":38.684009552,"median":36.1973953247,"min":2.03699421883,"var":220.153198242},"gfcc":{"cov":[[8146.54199219,437.850158691,-480.566894531,116.535621643,-328.300170898,79.883354187,-184.38319397,14.8051166534,-80.1812286377,87.8220367432,-157.786346436,6.28629684448,-70.5026702881],[437.850158691,1067.19311523,-472.112670898,190.115005493,92.4962081909,-202.382797241,161.629776001,-78.5014724731,92.0172042847,-76.7223968506,51.7488098145,-55.9861907959,80.7391815186],[-480.566894531,-472.112670898,750.895080566,-95.0604095459,1.08768808842,146.873046875,-91.6849517822,97.9018707275,-65.7305374146,63.4306335449,-25.6697387695,60.7531509399,-51.0293617249],[116.535621643,190.115005493,-95.0604095459,227.095108032,11.7919063568,-9.63523864746,45.4079093933,-12.0408935547,62.6187019348,-25.6165981293,23.5845489502,-15.334394455,35.4359359741],[-328.300170898,92.4962081909,1.08768808842,11.7919063568,197.759811401,15.5606784821,63.7718505859,18.1269302368,-5.04880619049,2.60946011543,2.42373991013,2.79089283943,16.0859718323],[79.883354187,-202.382797241,146.873046875,-9.63523864746,15.5606784821,162.910491943,-13.8067903519,41.0128288269,-30.7571487427,12.8248376846,-10.4068174362,2.75873327255,-16.7011375427],[-184.38319397,161.629776001,-91.6849517822,45.4079093933,63.7718505859,-13.8067903519,124.518630981,5.0043463707,28.9902858734,-13.0851612091,9.6252450943,-9.34072685242,15.2220506668],[14.8051166534,-78.5014724731,97.9018707275,-12.0408935547,18.1269302368,41.0128288269,5.0043463707,87.0788574219,11.4729614258,11.8408374786,-10.9628887177,3.3214931488,-5.15067911148],[-80.1812286377,92.0172042847,-65.7305374146,62.6187019348,-5.04880619049,-30.7571487427,28.9902858734,11.4729614258,103.520225525,12.401974678,19.8489551544,-8.19401454926,17.8813648224],[87.8220367432,-76.7223968506,63.4306335449,-25.6165981293,2.60946011543,12.8248376846,-13.0851612091,11.8408374786,12.401974678,74.404510498,11.9447135925,14.3163604736,-8.10174274445],[-157.786346436,51.7488098145,-25.6697387695,23.5845489502,2.42373991013,-10.4068174362,9.6252450943,-10.9628887177,19.8489551544,11.9447135925,58.7723312378,11.5872173309,10.4488372803],[6.28629684448,-55.9861907959,60.7531509399,-15.334394455,2.79089283943,2.75873327255,-9.34072685242,3.3214931488,-8.19401454926,14.3163604736,11.5872173309,57.3642311096,10.8225879669],[-70.5026702881,80.7391815186,-51.0293617249,35.4359359741,16.0859718323,-16.7011375427,15.2220506668,-5.15067911148,17.8813648224,-8.10174274445,10.4488372803,10.8225879669,53.5595855713]],"icov":[[0.000250454933848,-0.000393695605453,0.000368040695321,-0.000325313943904,0.000495424261317,-0.000538695661817,0.000551125092898,-0.000468482379802,0.000461146031739,-0.000906884379219,0.00109444640111,-0.00081770925317,0.000631173548754],[-0.000393695605453,0.00276320148259,-0.000184144795639,-0.000286705675535,-0.0014186843764,0.00272513180971,-0.00216054962948,0.00107018568087,-0.000629298738204,0.00219370401464,-0.00274591497146,0.00270460778847,-0.00214550062083],[0.000368040695321,-0.000184144795639,0.00298179057427,-0.000743775221054,0.000417685485445,-0.00155774410814,0.00176202028524,-0.00254303053953,0.00140084826853,-0.00214220117778,0.00188479921781,-0.00315215415321,0.0022160699591],[-0.000325313943904,-0.000286705675535,-0.000743775221054,0.00728179747239,-0.00041110793245,-0.0012497905409,-0.00122311594896,0.00192000775132,-0.00434860866517,0.00335502391681,-0.00253769685514,0.00191565474961,-0.00318909762427],[0.000495424261317,-0.0014186843764,0.000417685485445,-0.00041110793245,0.00779609614983,-0.00194355868734,-0.00230364571325,-0.00205489317887,0.00269378349185,-0.00311615248211,0.00241754646413,-0.00176158582326,-0.000516086292919],[-0.000538695661817,0.00272513180971,-0.00155774410814,-0.0012497905409,-0.00194355868734,0.0114248525351,-0.00224628183059,-0.00191385566723,0.00215314212255,0.00157752831001,-0.00352295604534,0.00423734961078,-0.00152295490261],[0.000551125092898,-0.00216054962948,0.00176202028524,-0.00122311594896,-0.00230364571325,-0.00224628183059,0.013931773603,-0.00266285077669,-0.00115394289605,-0.000829850847367,0.00216982373968,-0.00260764826089,0.00260960380547],[-0.000468482379802,0.00107018568087,-0.00254303053953,0.00192000775132,-0.00205489317887,-0.00191385566723,-0.00266285077669,0.0176005549729,-0.00592404929921,0.00190668285359,0.000940967001952,0.0018590023974,-0.0017463748809],[0.000461146031739,-0.000629298738204,0.00140084826853,-0.00434860866517,0.00269378349185,0.00215314212255,-0.00115394289605,-0.00592404929921,0.0171650275588,-0.00670815212652,-0.000912438204978,0.00118785758968,-0.00141936936416],[-0.000906884379219,0.00219370401464,-0.00214220117778,0.00335502391681,-0.00311615248211,0.00157752831001,-0.000829850847367,0.00190668285359,-0.00670815212652,0.02143445611,-0.00794624350965,0.000531783734914,0.0000102221183624],[0.00109444640111,-0.00274591497146,0.00188479921781,-0.00253769685514,0.00241754646413,-0.00352295604534,0.00216982373968,0.000940967001952,-0.000912438204978,-0.00794624350965,0.026590263471,-0.00910598225892,0.00245916307904],[-0.00081770925317,0.00270460778847,-0.00315215415321,0.00191565474961,-0.00176158582326,0.00423734961078,-0.00260764826089,0.0018590023974,0.00118785758968,0.000531783734914,-0.00910598225892,0.0272571127862,-0.0107013043016],[0.000631173548754,-0.00214550062083,0.0022160699591,-0.00318909762427,-0.000516086292919,-0.00152295490261,0.00260960380547,-0.0017463748809,-0.00141936936416,0.0000102221183624,0.00245916307904,-0.0107013043016,0.0278857704252]],"mean":[51.0603904724,72.7141723633,-130.251068115,44.136013031,-52.2705535889,22.6738300323,-34.282081604,8.67452335358,-22.2632675171,2.66143703461,-20.7233486176,-3.66324281693,-12.4483747482]},"hfc":{"dmean":10.424448967,"dmean2":15.9089393616,"dvar":214.452728271,"dvar2":494.162506104,"max":336.513122559,"mean":36.7031478882,"median":32.4433479309,"min":1.08290680765e-16,"var":451.150817871},"melbands":{"dmean":[0.00144940603059,0.00160630641039,0.000616418081336,0.000373403076082,0.000147092359839,0.000182823336218,0.000195293090655,0.000150247171405,0.000118814270536,0.000108249318146,0.0000996649614535,0.000073225259257,0.0000725656136638,0.0000720319440006,0.0000693528127158,0.0000554279686185,0.0000685647246428,0.0000681020392221,0.0000647530250717,0.0000395522947656,0.0000323944950651,0.0000288559258479,0.0000168555416167,0.0000153986275109,0.0000126044751596,0.0000117391737149,0.00000763974003348,0.00000819877914182,0.00000881226969796,0.00000605789773545,0.00000459659167973,0.00000469063297714,0.00000414690475736,0.00000358124520972,0.00000313434748023,0.00000270447662842,0.00000227655823437,0.00000174008118847,0.00000161727575687,0.00000130093974349],"dmean2":[0.00215159030631,0.00272598164156,0.00104575790465,0.000623602361884,0.000241291272687,0.000292693148367,0.000323133863276,0.000254095473792,0.00019459122268,0.000175197594217,0.000165905046742,0.000121022872918,0.000115555878438,0.000118325828225,0.00011518914107,0.0000909348527784,0.000110964640044,0.000110816050437,0.000104115708382,0.0000641351070954,0.000052659335779,0.0000476154746138,0.0000279540563497,0.0000257197352767,0.000021271780497,0.0000199556307052,0.0000125588640003,0.0000134077145049,0.0000141477385114,0.00000974419799604,0.00000747759850128,0.00000764867672842,0.00000662113052385,0.00000554663165531,0.0000048141851039,0.00000412257304561,0.00000341002555615,0.00000264267532657,0.00000244367652158,0.00000195390202862],"dvar":[0.0000150137411765,0.0000131939768835,8.26121265618e-7,3.08797552862e-7,5.70446232473e-8,1.09259211456e-7,2.02744715239e-7,1.42075222698e-7,4.64802525357e-8,3.26916023141e-8,2.82178884703e-8,1.48490295615e-8,1.71334448851e-8,1.80079435808e-8,1.06947135592e-8,9.91827420194e-9,1.40069191801e-8,1.3486445738e-8,1.27435209052e-8,3.87332699248e-9,2.04844319285e-9,1.4432595119e-9,4.54679349726e-10,4.03318350939e-10,2.44615577794e-10,2.33788766124e-10,1.06191992699e-10,1.41094261275e-10,1.71118938463e-10,8.44542838441e-11,4.71549396752e-11,8.88364312668e-11,6.66362104385e-11,7.04880182001e-11,7.14303616256e-11,5.92738844118e-11,4.51665892187e-11,3.55013622666e-11,2.04487451277e-11,1.50844007424e-11],"dvar2":[0.0000345893458871,0.0000367878237739,0.00000234278013522,8.29872590202e-7,1.46202921769e-7,2.71233716376e-7,5.26147857727e-7,3.81443527431e-7,1.17249577158e-7,8.09038525063e-8,7.44777395312e-8,3.82239448982e-8,3.85974594508e-8,4.6768068529e-8,2.6931534336e-8,2.52021941094e-8,3.52910980439e-8,3.39235164404e-8,3.18408126532e-8,9.3327692241e-9,5.08529174326e-9,3.75429554111e-9,1.20330689857e-9,1.04328190531e-9,6.61720678252e-10,6.47840503465e-10,2.6321586577e-10,3.53362672456e-10,3.98827165737e-10,2.00540847817e-10,1.19222465234e-10,2.28170884964e-10,1.58642002313e-10,1.44873127383e-10,1.47263229389e-10,1.28504692998e-10,9.033372661e-11,8.04595071124e-11,4.28219924797e-11,3.16905356124e-11],"max":[0.0319306887686,0.0366248451173,0.0155181577429,0.00902199186385,0.00413683149964,0.00606621289626,0.00884678959846,0.00749866990373,0.00540847843513,0.00380335445516,0.00353240943514,0.00306621706113,0.00395801477134,0.00310926651582,0.00232200953178,0.00224877521396,0.00337049830705,0.00236036675051,0.00198232848197,0.00180192117114,0.00100679602474,0.000703585857991,0.000363486935385,0.000416024355218,0.000252816156717,0.000252068188274,0.000377858465072,0.000196853201487,0.000397882569814,0.000186473727808,0.000110548731755,0.000161633724929,0.000231018915656,0.000245070055826,0.00026027217973,0.000267724855803,0.000157403672347,0.000248730269959,0.000177737616468,0.000173996129888],"mean":[0.00177608290687,0.00244616484269,0.00122698990162,0.000555605452973,0.0002548378543,0.000291210977593,0.000283538538497,0.000195584754692,0.000191159648239,0.000191807499505,0.000158304988872,0.000119006079331,0.000125819176901,0.000117576368211,0.00011002910469,0.0000886059642653,0.000116556526336,0.00011444681877,0.000108395346615,0.0000743344789953,0.0000625840038992,0.0000582806569582,0.000036406723666,0.0000322078267345,0.0000268583480647,0.0000248538308369,0.0000164010834851,0.0000167581238202,0.0000182807089004,0.0000130932257889,0.00000958307191468,0.00000864275534695,0.00000785249085311,0.00000680144739817,0.00000537701589565,0.00000438564211436,0.00000367727147932,0.00000286615772893,0.00000264638993031,0.00000204645243684],"median":[0.000497800298035,0.00162863475271,0.00102600827813,0.000373299815692,0.00015140400501,0.000152339634951,0.000143553770613,0.0000833345839055,0.000106925421278,0.000124947924633,0.000100668519735,0.0000788195902715,0.0000685655977577,0.0000696123024682,0.0000708255684003,0.0000556127124582,0.0000681940146023,0.0000696059432812,0.000066838823841,0.0000503301853314,0.0000439218238171,0.000042348234274,0.0000287977381959,0.0000249943077506,0.0000222006910917,0.0000203308372875,0.0000129972886498,0.000011927815649,0.0000122186302178,0.00000891825584404,0.00000689247917762,0.00000583068322157,0.0000048333158702,0.0000035600692172,0.0000024342539291,0.00000170225780494,0.00000133500964239,0.00000103472495994,8.18684952719e-7,5.84153440286e-7],"min":[2.95474084052e-24,1.04582810497e-24,2.25615717729e-24,1.85888445884e-24,1.85324508944e-24,2.58788521806e-24,2.36388086706e-24,2.6791720048e-24,3.30221040344e-24,2.25105344445e-24,3.69768373017e-24,3.90370777177e-24,4.01243331489e-24,3.17429996032e-24,5.04844591944e-24,6.16242835257e-24,3.29041870784e-24,3.65768532683e-24,4.30570182274e-24,5.74788944106e-24,5.69176829854e-24,4.57168797061e-24,5.61092267753e-24,3.60112281663e-24,6.3803519665e-24,5.10958855605e-24,5.21738797647e-24,7.62516343089e-24,5.81337396809e-24,6.19334854461e-24,5.17497684206e-24,5.51132109963e-24,5.24543671482e-24,6.10365505969e-24,6.36217306137e-24,6.59160931135e-24,7.5515248431e-24,6.824481445e-24,6.33192695097e-24,8.89121891945e-24],"var":[0.0000171678857441,0.0000108566891868,9.70955170487e-7,3.76596261731e-7,1.0542031248e-7,1.61833398238e-7,2.12132690081e-7,1.35632816978e-7,8.13124287902e-8,5.67163169762e-8,3.7036649303e-8,2.0786123045e-8,3.87312120154e-8,3.1987056559e-8,1.67605413992e-8,1.33576154582e-8,2.32927614974e-8,2.1016889562e-8,1.88725941541e-8,7.04345604063e-9,4.24733404003e-9,3.15307890908e-9,9.09141983918e-10,8.21966550379e-10,4.50081333314e-10,4.21811613416e-10,2.17699983041e-10,2.71430850018e-10,3.92879589972e-10,1.96970439958e-10,8.81272207987e-11,1.06026479263e-10,9.89902396165e-11,1.32796093566e-10,1.22019117033e-10,1.03125119555e-10,8.91815232773e-11,5.67254750117e-11,4.13989224846e-11,2.98992011705e-11]},"melbands_crest":{"dmean":3.01709294319,"dmean2":4.60783863068,"dvar":8.22513580322,"dvar2":17.425069809,"max":31.1907501221,"mean":12.6636981964,"median":11.7462024689,"min":1.74766278267,"var":25.1784057617},"melbands_flatness_db":{"dmean":0.0220451783389,"dmean2":0.0324843004346,"dvar":0.000598403275944,"dvar2":0.00136756710708,"max":0.419022351503,"mean":0.135438218713,"median":0.128870725632,"min":0.00343976565637,"var":0.00204279203899},"melbands_kurtosis":{"dmean":4.73431968689,"dmean2":7.5060005188,"dvar":118.726821899,"dvar2":286.466644287,"max":190.328765869,"mean":6.80718326569,"median":3.03737163544,"min":-1.82076466084,"var":180.259399414},"melbands_skewness":{"dmean":0.632737457752,"dmean2":0.966614723206,"dvar":0.685845553875,"dvar2":1.57505059242,"max":11.430724144,"mean":2.07075643539,"median":1.79181373119,"min":-6.6354637146,"var":1.9160336256},"melbands_spread":{"dmean":9.11473846436,"dmean2":13.7449321747,"dvar":98.6115341187,"dvar2":215.327896118,"max":279.14944458,"mean":40.4496421814,"median":39.4261245728,"min":1.57178974152,"var":375.668212891},"mfcc":{"cov":[[4618.24902344,512.786254883,-201.800094604,85.2478561401,-115.172515869,49.6455574036,-108.327171326,-42.2543983459,11.2895841599,31.0262680054,-29.0502681732,-10.4338817596,-11.2368345261],[512.786254883,702.446838379,-274.959716797,214.308441162,-58.4211883545,12.230629921,10.675195694,7.32300519943,25.3076839447,-13.1113920212,8.76945400238,-13.2621612549,-5.68607902527],[-201.800094604,-274.959716797,556.663146973,-129.90284729,103.130401611,-17.1096992493,12.7030010223,4.36389636993,-13.7319450378,4.94722318649,4.98227500916,18.6681251526,16.7072124481],[85.2478561401,214.308441162,-129.90284729,241.893707275,-24.2576007843,25.9315128326,-18.725446701,24.3091392517,23.5429458618,9.60656070709,1.28723430634,11.9478702545,-0.593990147114],[-115.172515869,-58.4211883545,103.130401611,-24.2576007843,139.487228394,17.220085144,40.5856781006,13.8727903366,16.1392173767,7.39301156998,3.78598570824,-1.63234829903,9.28361320496],[49.6455574036,12.230629921,-17.1096992493,25.9315128326,17.220085144,89.1979598999,32.4445610046,11.6628274918,5.53668260574,6.3222360611,2.04679512978,1.93831837177,-2.14714336395],[-108.327171326,10.675195694,12.7030010223,-18.725446701,40.5856781006,32.4445610046,112.987983704,27.4594326019,12.064043045,-2.05026650429,7.34728193283,-10.6876173019,-3.7970354557],[-42.2543983459,7.32300519943,4.36389636993,24.3091392517,13.8727903366,11.6628274918,27.4594326019,79.2234954834,25.4763393402,10.7932415009,-1.88243186474,-1.98967003822,-0.0536999255419],[11.2895841599,25.3076839447,-13.7319450378,23.5429458618,16.1392173767,5.53668260574,12.064043045,25.4763393402,74.6874465942,23.7240982056,5.633040905,1.27416050434,4.3253121376],[31.0262680054,-13.1113920212,4.94722318649,9.60656070709,7.39301156998,6.3222360611,-2.05026650429,10.7932415009,23.7240982056,63.1423110962,17.8008499146,9.48526668549,-2.72853636742],[-29.0502681732,8.76945400238,4.98227500916,1.28723430634,3.78598570824,2.04679512978,7.34728193283,-1.88243186474,5.633040905,17.8008499146,53.8485298157,16.3423538208,0.691769421101],[-10.4338817596,-13.2621612549,18.6681251526,11.9478702545,-1.63234829903,1.93831837177,-10.6876173019,-1.98967003822,1.27416050434,9.48526668549,16.3423538208,50.9287223816,17.5963573456],[-11.2368345261,-5.68607902527,16.7072124481,-0.593990147114,9.28361320496,-2.14714336395,-3.7970354557,-0.0536999255419,4.3253121376,-2.72853636742,0.691769421101,17.5963573456,48.9398803711]],"icov":[[0.000257284933468,-0.000254244048847,-0.0000248426040343,0.000194267835468,0.000103813385067,-0.000302136118989,0.000325369677739,0.0000652285089018,-0.0000355593583663,-0.000238024265855,0.000220968184294,0.00000373506964024,0.0000181462510227],[-0.000254244048847,0.00258077401668,0.000670063076541,-0.00206747604534,0.000256840401562,0.000771509774495,-0.00113273679744,0.000442469463451,-0.000373304384993,0.00097747752443,-0.000993537134491,0.00087745784549,-0.000328597641783],[-0.0000248426040343,0.000670063076541,0.00266000069678,0.000661548110656,-0.0017189909704,0.000562715169508,0.000144131481647,-0.000462197174784,0.000545321265236,0.0000291593823931,-0.0000953307317104,-0.000955558789428,-0.000168105369085],[0.000194267835468,-0.00206747604534,0.000661548110656,0.00709441863,-0.000180601884495,-0.00223830644973,0.0025453530252,-0.00214367336594,-0.000812256766949,-0.000522763060872,0.000815012492239,-0.00223766104318,0.000631522445474],[0.000103813385067,0.000256840401562,-0.0017189909704,-0.000180601884495,0.00991874653846,-0.00122808711603,-0.00278611062095,0.000275569123914,-0.00177151756361,-0.00061000615824,-0.0000947695298237,0.00139264273457,-0.00188977911603],[-0.000302136118989,0.000771509774495,0.000562715169508,-0.00223830644973,-0.00122808711603,0.0140023715794,-0.00463199894875,0.0000383667065762,0.000836863939185,-0.00105759338476,0.000548119132873,-0.00129721418489,0.000614691991359],[0.000325369677739,-0.00113273679744,0.000144131481647,0.0025453530252,-0.00278611062095,-0.00463199894875,0.013485561125,-0.00402152026072,-0.000774908694439,0.00183228624519,-0.00249567395076,0.00210446608253,0.00074120843783],[0.0000652285089018,0.000442469463451,-0.000462197174784,-0.00214367336594,0.000275569123914,0.0000383667065762,-0.00402152026072,0.0162555519491,-0.00418349774554,-0.00157073501032,0.00200036354363,0.000362731108908,-0.0000231438916671],[-0.0000355593583663,-0.000373304384993,0.000545321265236,-0.000812256766949,-0.00177151756361,0.000836863939185,-0.000774908694439,-0.00418349774554,0.0177928544581,-0.00607171840966,-0.0000441810625489,0.000925480970182,-0.00218269089237],[-0.000238024265855,0.00097747752443,0.0000291593823931,-0.000522763060872,-0.00061000615824,-0.00105759338476,0.00183228624519,-0.00157073501032,-0.00607171840966,0.0212286617607,-0.00628174655139,-0.00209729536436,0.00281542120501],[0.000220968184294,-0.000993537134491,-0.0000953307317104,0.000815012492239,-0.0000947695298237,0.000548119132873,-0.00249567395076,0.00200036354363,-0.0000441810625489,-0.00628174655139,0.0237121824175,-0.00797271821648,0.00201342906803],[0.00000373506964024,0.00087745784549,-0.000955558789428,-0.00223766104318,0.00139264273457,-0.00129721418489,0.00210446608253,0.000362731108908,0.000925480970182,-0.00209729536436,-0.00797271821648,0.0275878235698,-0.00976080168039],[0.0000181462510227,-0.000328597641783,-0.000168105369085,0.000631522445474,-0.00188977911603,0.000614691991359,0.00074120843783,-0.0000231438916671,-0.00218269089237,0.00281542120501,0.00201342906803,-0.00976080168039,0.0247381199151]],"mean":[-581.510498047,96.5087814331,-12.3839960098,24.198431015,5.43374204636,14.3987817764,1.58380651474,5.69396591187,4.30082464218,3.54798960686,0.302819699049,-1.22986376286,-2.25482392311]},"pitch_salience":{"dmean":0.0659855008125,"dmean2":0.105155624449,"dvar":0.00422041630372,"dvar2":0.0101092988625,"max":0.930349230766,"mean":0.588431060314,"median":0.598289191723,"min":0.138384416699,"var":0.0105867637321},"silence_rate_20dB":{"dmean":0,"dmean2":0,"dvar":0,"dvar2":0,"max":1,"mean":1,"median":1,"min":1,"var":0},"silence_rate_30dB":{"dmean":0.00485276291147,"dmean2":0.00970659591258,"dvar":0.00482921348885,"dvar2":0.0142450714484,"max":1,"mean":0.997463583946,"median":1,"min":0,"var":0.00252995849587},"silence_rate_60dB":{"dmean":0.00066174037056,"dmean2":0.00132362672593,"dvar":0.000661302474327,"dvar2":0.00132187479176,"max":1,"mean":0.0144464047626,"median":0,"min":0,"var":0.0142377065495},"spectral_centroid":{"dmean":239.575180054,"dmean2":373.297668457,"dvar":61919.8789062,"dvar2":142669.109375,"max":11663.2158203,"mean":2007.38964844,"median":1975.22790527,"min":242.770446777,"var":513385.65625},"spectral_complexity":{"dmean":4.46895313263,"dmean2":6.94815778732,"dvar":17.1631202698,"dvar2":36.8435516357,"max":59,"mean":34.3739509583,"median":35,"min":0,"var":108.60508728},"spectral_contrast_coeffs":{"dmean":[0.0478997118771,0.0473067648709,0.0366866737604,0.0301064401865,0.0199784934521,0.0200320910662],"dmean2":[0.0795655921102,0.0783606618643,0.0609343200922,0.0494903475046,0.0331670828164,0.0305221695453],"dvar":[0.00155175244436,0.001439913176,0.000845166679937,0.000580764317419,0.000245977484155,0.000360602658475],"dvar2":[0.00423421850428,0.00381400459446,0.00229501281865,0.00151491106953,0.000655409996398,0.000759281043429],"max":[-0.364939719439,-0.460471004248,-0.605314433575,-0.556476294994,-0.656059741974,-0.575796961784],"mean":[-0.643704354763,-0.750469744205,-0.788491547108,-0.778059542179,-0.790371060371,-0.728345930576],"median":[-0.640277326107,-0.754173874855,-0.792465567589,-0.781875014305,-0.791363596916,-0.727141499519],"min":[-0.992125153542,-0.971720159054,-0.972069323063,-0.971429109573,-0.963692367077,-0.964391708374],"var":[0.00425772694871,0.00399486953393,0.00236142775975,0.00200320058502,0.000807943288237,0.00280839204788]},"spectral_contrast_valleys":{"dmean":[0.363235980272,0.349824517965,0.298087149858,0.252706348896,0.203515380621,0.277253419161],"dmean2":[0.593065202236,0.575202286243,0.483478248119,0.395769566298,0.318337678909,0.384748935699],"dvar":[0.0968554615974,0.0972996279597,0.0713984444737,0.0569869168103,0.0501672998071,0.122910507023],"dvar2":[0.236838266253,0.235227391124,0.1632578969,0.115785628557,0.108299806714,0.239651039243],"max":[-5.23913621902,-4.56913614273,-5.08526945114,-5.26101875305,-5.44926357269,-7.31498527527],"mean":[-7.04811525345,-6.55919790268,-6.74314069748,-6.84328556061,-6.72979640961,-9.48794174194],"median":[-6.94031524658,-6.43837547302,-6.5999121666,-6.6945066452,-6.57007026672,-9.38968372345],"min":[-27.8710403442,-27.7892227173,-27.4649429321,-27.5042648315,-27.5124530792,-27.3119754791],"var":[1.67011868954,1.6980483532,1.59063470364,1.59031653404,1.52836585045,1.47911119461]},"spectral_decrease":{"dmean":2.81556755688e-9,"dmean2":4.37234737305e-9,"dvar":2.1370882796e-17,"dvar2":5.20249422914e-17,"max":1.29032924783e-28,"mean":-7.88976262101e-9,"median":-6.67950317279e-9,"min":-4.1138520146e-8,"var":2.63799180087e-17},"spectral_energy":{"dmean":0.0112470276654,"dmean2":0.0174108017236,"dvar":0.000319218408549,"dvar2":0.00077672227053,"max":0.159401148558,"mean":0.0331068783998,"median":0.0285049267113,"min":1.00653905719e-20,"var":0.000403170270147},"spectral_energyband_high":{"dmean":0.000860125175677,"dmean2":0.00129061599728,"dvar":0.00000211223891711,"dvar2":0.00000444201396022,"max":0.0325222201645,"mean":0.00217044260353,"median":0.00153212272562,"min":7.23675841778e-21,"var":0.00000475338583783},"spectral_energyband_low":{"dmean":0.00779012497514,"dmean2":0.0121627859771,"dvar":0.000283809262328,"dvar2":0.000703783880454,"max":0.144070059061,"mean":0.0129370782524,"median":0.00790508370847,"min":3.1349221933e-23,"var":0.000314586679451},"spectral_energyband_middle_high":{"dmean":0.002878282452,"dmean2":0.00457492051646,"dvar":0.0000143847400977,"dvar2":0.0000352665338141,"max":0.0560472011566,"mean":0.00982989743352,"median":0.00873876549304,"min":1.30670605899e-21,"var":0.000037412821257},"spectral_energyband_middle_low":{"dmean":0.00376933743246,"dmean2":0.00620517367497,"dvar":0.0000284006255242,"dvar2":0.0000731517211534,"max":0.0592871718109,"mean":0.00963886640966,"median":0.00832698307931,"min":1.89525788854e-22,"var":0.0000375840572815},"spectral_entropy":{"dmean":0.0941268727183,"dmean2":0.137740880251,"dvar":0.00957391038537,"dvar2":0.019235542044,"max":9.82107067108,"mean":7.9898853302,"median":7.96838188171,"min":6.72567749023,"var":0.0511519648135},"spectral_flux":{"dmean":0.0263921059668,"dmean2":0.0402843430638,"dvar":0.00120418227743,"dvar2":0.00236513605341,"max":0.342072665691,"mean":0.101739756763,"median":0.0906209796667,"min":6.4151225998e-11,"var":0.00220948504284},"spectral_kurtosis":{"dmean":0.861451745033,"dmean2":1.44787096977,"dvar":0.683439552784,"dvar2":1.9561907053,"max":11.5947198868,"mean":2.83980512619,"median":2.74982452393,"min":-1.34795629978,"var":2.00122904778},"spectral_rms":{"dmean":0.000849365722388,"dmean2":0.00128121976741,"dvar":0.0000012263658391,"dvar2":0.00000282322434941,"max":0.0124704977497,"mean":0.00546969147399,"median":0.00527348881587,"min":3.13367084018e-12,"var":0.0000023818702175},"spectral_rolloff":{"dmean":636.149780273,"dmean2":1017.00085449,"dvar":941932.625,"dvar2":1937938.875,"max":19272.2167969,"mean":2480.97509766,"median":2217.91992188,"min":86.1328125,"var":3142092.5},"spectral_skewness":{"dmean":0.153537929058,"dmean2":0.240820735693,"dvar":0.0203937292099,"dvar2":0.0467217341065,"max":2.47477245331,"mean":1.18084108829,"median":1.18554830551,"min":-0.564298510551,"var":0.09162183851},"spectral_spread":{"dmean":493685.21875,"dmean2":708226.6875,"dvar":479914360832,"dvar2":880951558144,"max":41650880,"mean":4825160.5,"median":4415587.5,"min":2286641.75,"var":5450906468350},"spectral_strongpeak":{"dmean":0.531001627445,"dmean2":0.936400830746,"dvar":0.933518469334,"dvar2":2.4456756115,"max":12.4803752899,"mean":0.705141305923,"median":0.357442855835,"min":0,"var":1.03681957722},"zerocrossingrate":{"dmean":0.0119825201109,"dmean2":0.0136297577992,"dvar":0.000177516369149,"dvar2":0.000200665832381,"max":0.51025390625,"mean":0.0889843553305,"median":0.08154296875,"min":0.0048828125,"var":0.00201548519544}},"metadata":{"audio_properties":{"analysis_sample_rate":44100,"bit_rate":0,"codec":"flac","downmix":"mix","equal_loudness":0,"length":210.533340454,"lossless":true,"md5_encoded":"f5f0136cb3f5f6c9c5c0655087ea8371","replay_gain":-13.7054367065},"tags":{"acoustid_id":["af398091-eaf5-4775-8eda-472f91e90954"],"album":["Get a Grip"],"albumartist":["Aerosmith"],"albumartistsort":["Aerosmith"],"artist":["Aerosmith"],"artists":["Aerosmith"],"artistsort":["Aerosmith"],"asin":["B0000249R6"],"barcode":["720642444429"],"catalognumber":["GED24444"],"date":["1993-04-19"],"discnumber":["1"],"disctotal":["1"],"engineer":["David Thoener","Mike Plotnikoff","John Aguto","Ed Korengo"],"file_name":"13 Can't Stop Messin'.flac","label":["Geffen Records"],"media":["CD"],"mixer":["Brendan O'Brien"],"musicbrainz_albumartistid":["3d2b98e5-556f-4451-a3ff-c50ea18d57cb"],"musicbrainz_albumid":["05cbf593-1d17-4d53-9f50-b96de15005f2"],"musicbrainz_artistid":["3d2b98e5-556f-4451-a3ff-c50ea18d57cb"],"musicbrainz_recordingid":["34597067-12da-4360-a824-b9f7aad1824c"],"musicbrainz_releasegroupid":["73c6a7b0-1dc2-3ddc-a720-c29505271711"],"musicbrainz_releasetrackid":["5bbeacd4-d152-327d-b971-edbde6f13cfa"],"musicbrainz_workid":["3c7ccd37-31e0-35d8-9154-aed85fcb6a82"],"originaldate":["1993-04-19"],"performer":["Tom Keenlyside (saxophone)","Joe Perry (appalachian dulcimer and guitar)","Brad Whitford (guitar)","Ken Lomas","Ian Putz (baritone saxophone)","John Webster (keyboard)","Joe Perry (vocals)","Steven Tyler (lead vocals)","Joey Kramer (drums and percussion)","Bruce Fairbairn (trumpet)","Paul Baron (trumpet)","Tom Hamilton (electric bass guitar)","Steven Tyler (harmonica, keyboard and mandolin)","Bob Rogers (trombone)"],"producer":["Bruce Fairbairn"],"releasecountry":["XE"],"releasestatus":["official"],"releasetype":["album"],"replaygain_album_gain":["-10.04 dB"],"replaygain_album_peak":["1.000000"],"replaygain_track_g