{"lowlevel":{"average_loudness":0.934781312943,"barkbands":{"dmean":[0.00228333682753,0.00517442403361,0.00248949253,0.00267036538571,0.00131742225494,0.00228546839207,0.000540444569197,0.000459684582893,0.000498818815686,0.000743974582292,0.000349416193785,0.000539447006304,0.00062826985959,0.0004514704342,0.000341440143529,0.000282774301013,0.000255340564763,0.000213325940422,0.000158546725288,0.000152929016622,0.000133972702315,0.000185910088476,0.000113654343295,0.0000173382832145,0.00000188502178844,0.0000275076126854,0.000204643496545],"dmean2":[0.00385790527798,0.0086354771629,0.00402160314843,0.00426576659083,0.00218775309622,0.00368024921045,0.000902739237063,0.000777671986725,0.000830886943731,0.00123162998352,0.00058570143301,0.000903280160856,0.0010660502594,0.000764042488299,0.000573690282181,0.000469416525448,0.000413124653278,0.000339917402016,0.000250673765549,0.000235761835938,0.000197238128749,0.000266342249233,0.000157692629728,0.0000247676161962,0.00000316536102218,0.0000375536656065,0.000286003632937],"dvar":[0.0000230063506024,0.000061039441789,0.0000138503910421,0.0000216544976865,0.00000441498195869,0.0000251476376434,7.52230278067e-7,3.42917559237e-7,5.63596017855e-7,0.00000139569237945,2.23303686653e-7,3.54035876171e-7,5.31916498403e-7,2.67413923893e-7,2.29008463748e-7,1.51678136717e-7,1.33373944777e-7,1.00076007925e-7,7.12632370892e-8,1.0227809355e-7,4.65433238617e-8,1.59899798291e-7,5.86467052699e-8,1.29775246105e-9,1.06552110885e-11,2.9290034842e-9,5.07490547363e-8],"dvar2":[0.0000585446396144,0.00016237757518,0.0000343371684721,0.0000503330957144,0.0000115012544484,0.0000630735958111,0.00000198523912331,9.34062143187e-7,0.00000145875117141,0.00000322986534229,5.92756236983e-7,9.22340177567e-7,0.00000142252520163,7.24717097e-7,5.98604970037e-7,4.08056536116e-7,3.47845372062e-7,2.48310158213e-7,1.66782101019e-7,2.21972698e-7,1.00797464597e-7,3.54158771643e-7,1.1671306055e-7,2.67454591807e-9,2.68261125119e-11,5.68783242727e-9,9.60428749863e-8],"max":[0.0445016697049,0.0761689916253,0.0744612216949,0.113338455558,0.043083216995,0.0960181578994,0.0209799762815,0.011416031979,0.0139796026051,0.0299957096577,0.00997086334974,0.0150722302496,0.0182626117021,0.00828615669161,0.009227251634,0.00712891668081,0.00815953221172,0.00473136687651,0.00515298591927,0.00939576514065,0.00605107285082,0.00781151885167,0.00391352362931,0.000560087850317,0.0000602853906457,0.000964971026406,0.00522671639919],"mean":[0.00212800805457,0.00654811877757,0.00383058190346,0.00407947320491,0.0021148796659,0.00357218389399,0.00087703531608,0.000725738937035,0.000842625799123,0.00123655819334,0.000594999408349,0.00097844703123,0.00116855674423,0.000872043194249,0.000635524862446,0.000580204825383,0.00051519885892,0.000447377649834,0.000324208056554,0.000334411626682,0.000308533373754,0.000314148928737,0.000176584420842,0.0000254513870459,0.00000183983115676,0.0000473841246276,0.000779642839916],"median":[0.000417974137235,0.00337028503418,0.00165346288122,0.0019846665673,0.00134909024928,0.00175748404581,0.000561199907679,0.000542537600268,0.000593874370679,0.000828303338494,0.000445284502348,0.000806536409073,0.000943412014749,0.000695198425092,0.000435658672359,0.000395311857574,0.000348064728314,0.000259694905253,0.000187279772945,0.000173446911504,0.000192223742488,0.000156541500473,0.0000673325994285,0.00000871973406902,7.14555540071e-7,0.0000208727178688,0.000644565036055],"min":[1.51266556092e-25,2.40513415089e-24,1.09317977663e-24,2.2254397225e-25,8.17886253368e-24,5.60620883919e-24,6.55162234649e-24,9.38391146414e-24,1.98077498606e-23,1.07163511756e-23,7.74066371146e-24,1.17652774332e-23,2.43406424408e-23,3.04599421899e-23,4.48207479173e-23,6.4951613627e-23,6.91388115812e-23,7.95698120459e-23,1.2762577951e-22,1.1672450435e-22,2.25187375724e-22,3.22613186888e-22,3.4462977726e-22,4.99646271525e-22,8.79615300777e-22,1.26393237988e-21,1.79309916438e-21],"var":[0.0000217278302443,0.0000728614177206,0.000031448322261,0.0000403738958994,0.00000714773977961,0.0000391355970351,0.00000117554225199,4.82991197259e-7,9.33791454827e-7,0.00000268011467597,3.46585380839e-7,6.10332051565e-7,0.00000100848910733,5.43619933069e-7,4.7107189971e-7,3.52699004225e-7,2.93944282248e-7,2.85918815734e-7,1.71058331944e-7,2.61296207782e-7,1.49329068222e-7,2.51156592412e-7,9.90952671032e-8,2.18055395962e-9,1.08242659627e-11,5.65179592016e-9,3.60218109563e-7]},"barkbands_crest":{"dmean":2.40586519241,"dmean2":3.92942452431,"dvar":4.89200162888,"dvar2":12.5417175293,"max":21.5065174103,"mean":7.74077749252,"median":7.0637140274,"min":2.06085109711,"var":12.0572271347},"barkbands_flatness_db":{"dmean":0.0202091187239,"dmean2":0.0307080764323,"dvar":0.000357387063559,"dvar2":0.000806701660622,"max":0.395882874727,"mean":0.0965989604592,"median":0.0871747285128,"min":0.0226445198059,"var":0.00175433547702},"barkbands_kurtosis":{"dmean":2.47204256058,"dmean2":3.79204010963,"dvar":20.9290046692,"dvar2":39.6559906006,"max":173.801879883,"mean":3.63711667061,"median":1.6521935463,"min":-1.58959281445,"var":56.6576957703},"barkbands_skewness":{"dmean":0.48758611083,"dmean2":0.755317091942,"dvar":0.24195638299,"dvar2":0.568606615067,"max":8.48184680939,"mean":1.49662649632,"median":1.30687594414,"min":-2.21908140182,"var":1.18234324455},"barkbands_spread":{"dmean":6.9816608429,"dmean2":10.4665803909,"dvar":42.3008766174,"dvar2":89.4382247925,"max":94.3662261963,"mean":33.3793525696,"median":31.9195518494,"min":0.8341396451,"var":203.700332642},"dissonance":{"dmean":0.0109226359054,"dmean2":0.018718579784,"dvar":0.000106186016637,"dvar2":0.000297015852993,"max":0.500000178814,"mean":0.482647061348,"median":0.485684335232,"min":0.389555603266,"var":0.000162234602612},"dynamic_complexity":1.56010353565,"erbbands":{"dmean":[0.240244984627,0.907210350037,2.53771209717,5.93359470367,6.12090444565,4.59221696854,12.3769798279,19.4036903381,9.74551677704,7.78491926193,10.4018745422,10.0562858582,20.3551483154,19.9628257751,14.5507078171,20.4876327515,28.5955314636,22.6500301361,18.3980445862,16.1773433685,13.6268939972,13.6940116882,11.4872455597,10.0674982071,6.53649663925,6.99699115753,6.5242357254,5.18082237244,6.80285835266,5.87160491943,2.65465164185,0.67883348465,0.171535208821,0.0247400961816,0.0134989684448,0.0179871656001,0.054639570415,0.0830798521638,0.0201340839267,0.00388524192385],"dmean2":[0.412418454885,1.5097104311,4.11541652679,9.43679332733,10.0304040909,7.72024869919,20.179397583,31.2061481476,16.0428256989,13.0418329239,17.5949745178,16.7173099518,34.0311203003,32.7843399048,24.3475227356,34.2622108459,48.6399459839,38.3255577087,30.931930542,26.7433261871,22.5997943878,22.0171985626,18.2366447449,16.0038394928,10.1265268326,10.8158226013,9.88677310944,7.5795507431,9.76809883118,8.26364421844,3.72249722481,0.946639239788,0.248865544796,0.040294341743,0.0225312244147,0.026445299387,0.0726136416197,0.111524626613,0.0272145215422,0.00562480837107],"dvar":[0.210816591978,1.67377102375,15.6562051773,95.2613067627,115.534843445,45.3552742004,1015.92834473,1901.25354004,380.862976074,112.914588928,194.673370361,265.531921387,1185.13208008,1028.65148926,293.969177246,504.402648926,1075.77905273,655.773193359,588.393676758,626.856323242,295.778930664,382.683349609,293.463470459,252.319335938,150.750030518,206.486877441,126.564987183,63.8339767456,220.568618774,163.39302063,30.5529937744,1.93690764904,0.138139143586,0.00154558150098,0.000524296134245,0.000942608865444,0.011192782782,0.0258129760623,0.000825976312626,0.0000179258768185],"dvar2":[0.565544605255,4.4534034729,40.4089546204,222.025100708,287.582489014,119.258613586,2640.88500977,4766.41894531,991.967468262,293.219818115,532.356933594,681.060668945,2957.8815918,2285.2578125,786.452148438,1315.11181641,2950.90234375,1779.86657715,1579.76330566,1647.36181641,788.700378418,981.951904297,724.947387695,608.64855957,328.91619873,447.573364258,277.858673096,140.455810547,497.566131592,341.991882324,61.023651123,3.85414195061,0.29351529479,0.00376374064945,0.00131607160438,0.00190055079293,0.0212226640433,0.0499171689153,0.00157312629744,0.0000355316369678],"max":[3.92221307755,15.3134632111,75.3370437622,233.425720215,242.633102417,177.855758667,826.07623291,1030.86657715,540.927368164,348.431427002,324.073028564,349.283081055,1025.83618164,954.528991699,378.8253479,655.074401855,666.899475098,446.79977417,539.502563477,503.149047852,342.376251221,378.906646729,289.90335083,255.469039917,317.71875,363.689239502,331.01260376,157.448791504,338.81427002,212.338623047,103.089813232,25.4369010925,6.75860023499,0.775124013424,0.422867357731,0.532151341438,2.10299229622,2.88331437111,0.615299522877,0.126887619495],"mean":[0.247959896922,1.26149523258,4.05349302292,9.97431087494,9.38393878937,7.22789144516,18.446855545,29.5180492401,15.8911380768,13.3542709351,17.0702095032,17.7013378143,33.0497894287,35.3414878845,28.3985595703,41.1441116333,55.255355835,45.8607063293,37.8649253845,32.5598068237,30.1534175873,29.311372757,25.0597820282,21.479101181,14.3670511246,15.2370176315,14.3931703568,11.1390113831,11.6791858673,9.10115528107,4.18749189377,1.07816016674,0.230522111058,0.0285690538585,0.0140815107152,0.0261356588453,0.0966701209545,0.16016407311,0.0629370883107,0.0191088896245],"median":[0.0979372859001,0.63949406147,1.89820146561,5.31487035751,5.40073680878,4.60935115814,8.56820201874,13.9488229752,9.31296920776,9.97524166107,12.7541561127,12.7665681839,21.5757980347,24.1907672882,22.918422699,34.8664283752,45.3345069885,37.2982254028,29.9602565765,20.5676326752,22.4856719971,19.9156589508,15.2420158386,12.5476760864,8.29293251038,8.28984069824,8.06869411469,7.15341711044,5.98581600189,3.86460018158,1.63999283314,0.409139871597,0.0656981542706,0.0135475769639,0.00615820568055,0.0113512557,0.0436117984354,0.0891075208783,0.0437082238495,0.0168617703021],"min":[8.62109669497e-23,4.58050052511e-22,1.40000520623e-21,4.49857288986e-21,1.00126723481e-20,1.5522367312e-20,2.36034969972e-20,5.96122507214e-20,1.0370004033e-19,1.3937460824e-19,2.38939159098e-19,4.32259927798e-19,4.51927232536e-19,5.19160524423e-19,8.32965241673e-19,9.44446182284e-19,1.36307505247e-18,2.02561828879e-18,2.4075616988e-18,3.45183317479e-18,3.70212913595e-18,4.91423866015e-18,5.57577221913e-18,5.44935131098e-18,7.98972347458e-18,6.4049318613e-18,9.33875744634e-18,1.04100746264e-17,9.87949533893e-18,9.57265351789e-18,1.11435042427e-17,1.22504009425e-17,7.7708341137e-18,8.43969152983e-18,6.09172033595e-18,4.24566910287e-18,2.40258517344e-18,9.38807085253e-19,2.21541948153e-19,2.63319005489e-20],"var":[0.183850243688,2.55096793175,31.3157844543,193.688476562,177.316680908,83.4131851196,1459.4329834,2870.62426758,585.853515625,198.154968262,274.704071045,404.926177979,1868.62194824,2193.07128906,541.174499512,932.192260742,2026.38549805,1409.79211426,1187.52441406,1389.64440918,739.727478027,914.173156738,834.739746094,668.008361816,386.856048584,516.710083008,390.495056152,176.196380615,342.34161377,256.502746582,52.5459823608,3.44005918503,0.21809092164,0.0018741019303,0.000547996140085,0.00173968903255,0.0226857345551,0.0519324615598,0.00419054087251,0.000156076115672]},"erbbands_crest":{"dmean":1.69569730759,"dmean2":2.84875965118,"dvar":2.59719944,"dvar2":6.69682407379,"max":22.7462806702,"mean":5.90069484711,"median":5.41923856735,"min":2.30989646912,"var":4.69134092331},"erbbands_flatness_db":{"dmean":0.0156606305391,"dmean2":0.02337436378,"dvar":0.000197657514946,"dvar2":0.000412471476011,"max":0.277885645628,"mean":0.129363000393,"median":0.125368252397,"min":0.0335833355784,"var":0.00109498586971},"erbbands_kurtosis":{"dmean":0.489313215017,"dmean2":0.791467189789,"dvar":0.2427431494,"dvar2":0.576482534409,"max":9.07328891754,"mean":-0.148187741637,"median":-0.277449846268,"min":-1.68681931496,"var":0.591536045074},"erbbands_skewness":{"dmean":0.258198350668,"dmean2":0.406961917877,"dvar":0.0501977540553,"dvar2":0.121115110815,"max":2.90772485733,"mean":-0.0755891650915,"median":-0.0752163603902,"min":-2.14630222321,"var":0.166573524475},"erbbands_spread":{"dmean":6.68658638,"dmean2":10.2792787552,"dvar":38.9464454651,"dvar2":85.8733139038,"max":104.244697571,"mean":36.5916481018,"median":34.9322891235,"min":6.00356864929,"var":180.458892822},"gfcc":{"cov":[[25769.9433594,866.08392334,-2218.49365234,509.589233398,-512.258239746,-451.818786621,182.373260498,-665.313781738,95.617477417,-309.638214111,-247.894180298,217.021316528,-409.790313721],[866.08392334,1056.0723877,-62.3619232178,-278.223083496,209.270080566,-21.6601715088,-37.3278198242,-7.786921978,-18.6187095642,10.0717420578,43.4564323425,-101.610580444,123.46295166],[-2218.49365234,-62.3619232178,523.714050293,73.5397644043,-12.3108663559,239.566879272,-69.2826766968,106.377174377,-2.52501368523,32.6459159851,-21.8420448303,19.1132164001,-1.59198904037],[509.589233398,-278.223083496,73.5397644043,326.25,-19.3111534119,-16.9971408844,79.1072387695,-0.337850481272,10.8995332718,-39.6557388306,-36.1993408203,57.4533805847,-82.8107910156],[-512.258239746,209.270080566,-12.3108663559,-19.3111534119,157.593856812,-31.1264476776,34.4363670349,34.7599372864,-14.4963026047,8.91000270844,31.9986991882,-47.432472229,48.9217948914],[-451.818786621,-21.6601715088,239.566879272,-16.9971408844,-31.1264476776,261.302734375,-37.3293075562,59.8033447266,20.8788223267,24.8698234558,-30.7501907349,16.2055492401,-15.71626091],[182.373260498,-37.3278198242,-69.2826766968,79.1072387695,34.4363670349,-37.3293075562,138.197662354,-17.9774436951,45.3307189941,-5.95647001266,4.22308254242,19.4928512573,-29.6139965057],[-665.313781738,-7.786921978,106.377174377,-0.337850481272,34.7599372864,59.8033447266,-17.9774436951,125.508499146,-8.60921955109,35.8544044495,20.7523212433,-15.731344223,45.3667602539],[95.617477417,-18.6187095642,-2.52501368523,10.8995332718,-14.4963026047,20.8788223267,45.3307189941,-8.60921955109,83.1216430664,22.3826732635,5.38878154755,34.0292778015,-25.7178688049],[-309.638214111,10.0717420578,32.6459159851,-39.6557388306,8.91000270844,24.8698234558,-5.95647001266,35.8544044495,22.3826732635,73.2417068481,48.0479507446,1.56812536716,31.1996555328],[-247.894180298,43.4564323425,-21.8420448303,-36.1993408203,31.9986991882,-30.7501907349,4.22308254242,20.7523212433,5.38878154755,48.0479507446,70.6406326294,6.82842922211,38.1212654114],[217.021316528,-101.610580444,19.1132164001,57.4533805847,-47.432472229,16.2055492401,19.4928512573,-15.731344223,34.0292778015,1.56812536716,6.82842922211,75.3109054565,-13.5590105057],[-409.790313721,123.46295166,-1.59198904037,-82.8107910156,48.9217948914,-15.71626091,-29.6139965057,45.3667602539,-25.7178688049,31.1996555328,38.1212654114,-13.5590105057,95.1617126465]],"icov":[[0.000386878062272,-0.00133332144469,0.00289321923628,-0.00239515770227,0.00208709412254,-0.00159646361135,0.000905589782633,-0.00020138520631,0.00064470153302,-0.00122699537314,0.000744219345506,-0.000667284824885,0.000584469700698],[-0.00133332144469,0.00654428964481,-0.0101254303008,0.00920757744461,-0.00947620347142,0.0050928434357,-0.00249000033364,0.00213405233808,-0.00378000922501,0.00582303758711,-0.00311800674535,0.00345420581289,-0.00365804112516],[0.00289321923628,-0.0101254303008,0.0260515399277,-0.0198225826025,0.014874599874,-0.0153902582824,0.00904247816652,-0.00286386278458,0.00506391748786,-0.0103964805603,0.00602503120899,-0.00558317964897,0.00434032687917],[-0.00239515770227,0.00920757744461,-0.0198225826025,0.02442554757,-0.0178086068481,0.0142121203244,-0.0087546845898,-0.00281451945193,0.00249998015352,0.00377682200633,0.00251975865103,-0.00719735631719,0.00618591764942],[0.00208709412254,-0.00947620347142,0.014874599874,-0.0178086068481,0.0304473098367,-0.010687856935,-0.000843115092721,-0.000983798527159,-0.00088021211559,0.00300808693282,-0.00881390366703,0.0123540721834,-0.00711065810174],[-0.00159646361135,0.0050928434357,-0.0153902582824,0.0142121203244,-0.010687856935,0.0172110423446,-0.00420788722113,-0.00369444303215,0.000344304688042,-0.0027504065074,0.00729512935504,-0.00549443997443,0.00470615457743],[0.000905589782633,-0.00249000033364,0.00904247816652,-0.0087546845898,-0.000843115092721,-0.00420788722113,0.016924854368,0.000212885075598,-0.00640825508162,-0.00139077578206,0.000682994141243,-0.00219751568511,0.00270444178022],[-0.00020138520631,0.00213405233808,-0.00286386278458,-0.00281451945193,-0.000983798527159,-0.00369444303215,0.000212885075598,0.0174838788807,-0.00491373520344,0.00187920429744,-0.00575744779781,0.0105328466743,-0.0126432701945],[0.00064470153302,-0.00378000922501,0.00506391748786,0.00249998015352,-0.00088021211559,0.000344304688042,-0.00640825508162,-0.00491373520344,0.0331704095006,-0.0233688093722,0.0157462693751,-0.0228602234274,0.017859397456],[-0.00122699537314,0.00582303758711,-0.0103964805603,0.00377682200633,0.00300808693282,-0.0027504065074,-0.00139077578206,0.00187920429744,-0.0233688093722,0.0544255897403,-0.0402714423835,0.0242934189737,-0.0176207348704],[0.000744219345506,-0.00311800674535,0.00602503120899,0.00251975865103,-0.00881390366703,0.00729512935504,0.000682994141243,-0.00575744779781,0.0157462693751,-0.0402714423835,0.0540782622993,-0.0276662670076,0.0100903064013],[-0.000667284824885,0.00345420581289,-0.00558317964897,-0.00719735631719,0.0123540721834,-0.00549443997443,-0.00219751568511,0.0105328466743,-0.0228602234274,0.0242934189737,-0.0276662670076,0.046677377075,-0.0230845417827],[0.000584469700698,-0.00365804112516,0.00434032687917,0.00618591764942,-0.00711065810174,0.00470615457743,0.00270444178022,-0.0126432701945,0.017859397456,-0.0176207348704,0.0100903064013,-0.0230845417827,0.0378011651337]],"mean":[23.8914108276,83.3525772095,-103.214859009,4.72299289703,-16.650384903,-15.8710718155,4.91705656052,-32.0567893982,3.84414076805,-11.5473566055,-8.91567420959,3.74155855179,-14.8972463608]},"hfc":{"dmean":22.1719245911,"dmean2":35.2187728882,"dvar":443.126342773,"dvar2":1105.18225098,"max":334.892425537,"mean":110.462562561,"median":107.400466919,"min":1.08945377676e-16,"var":1720.77319336},"melbands":{"dmean":[0.00181278202217,0.0011949702166,0.00102747580968,0.000321557716234,0.000363849016139,0.00042566441698,0.000138389717904,0.0000880826410139,0.0000880666921148,0.0000664786857669,0.000104768012534,0.0000861000880832,0.0000462224015791,0.0000632379742456,0.0000673745307722,0.0000553686804778,0.0000454339715361,0.0000325744586007,0.0000249375771091,0.0000219432731683,0.0000160122326633,0.0000154420449689,0.0000140716756505,0.0000104745258795,0.00000890526462172,0.00000554662119612,0.00000532157719135,0.00000508903031005,0.00000481921642859,0.00000319311425301,0.00000314859744321,0.00000402624118578,0.00000409461972595,0.00000309893312078,0.0000017689598053,7.50709091335e-7,3.0719590427e-7,1.5235819717e-7,3.03841432014e-8,1.73512315627e-8],"dmean2":[0.00306279840879,0.00194338720758,0.00163229589816,0.000529726094101,0.000592962198425,0.000684362428728,0.000227856435231,0.000148499733768,0.000148702805745,0.0001107530843,0.000174996021087,0.000141519019962,0.0000776235538069,0.000106457948277,0.000114285678137,0.0000944750645431,0.0000771719496697,0.0000550559234398,0.0000415937065554,0.0000366907552234,0.0000268041821982,0.0000252960380749,0.0000226720476348,0.0000169254108187,0.0000143787819979,0.00000879239269125,0.00000848299896461,0.00000795223422756,0.00000746851083022,0.00000483969506604,0.00000473218369734,0.00000593882123212,0.00000604843990004,0.00000441907104687,0.00000254474139183,0.00000107973733066,4.44041290848e-7,2.24818649031e-7,4.89893707822e-8,2.91513302386e-8],"dvar":[0.00000980319055088,0.0000032130967611,0.00000272894953923,2.51468605938e-7,7.58379883337e-7,8.67562562235e-7,7.40856407333e-8,1.26953905166e-8,1.36335520651e-8,1.22140670911e-8,3.11196117764e-8,1.97940455138e-8,3.4609008992e-9,5.55925971923e-9,6.35667563031e-9,3.82445897174e-9,2.72128564127e-9,1.81949821876e-9,1.43776990313e-9,1.13733633622e-9,4.00222244235e-10,5.31805433024e-10,4.41661401895e-10,2.67723898606e-10,2.06781897161e-10,9.79921491173e-11,1.29381089176e-10,1.078462597e-10,8.44052189253e-11,2.62690945385e-11,2.43825272472e-11,7.58617543783e-11,8.41946096175e-11,4.65210162059e-11,1.36678463686e-11,2.43361559203e-12,3.99800038995e-13,1.2208372605e-13,2.51879053503e-15,9.10593981979e-16],"dvar2":[0.0000261318891717,0.00000840261873236,0.0000064504488364,6.52088829156e-7,0.00000195714869733,0.00000217110823542,1.92984444425e-7,3.30159686257e-8,3.69510608778e-8,3.13873051994e-8,7.73359332129e-8,4.37620251148e-8,9.27615939617e-9,1.42172149609e-8,1.62835203099e-8,1.0744289014e-8,7.36561611703e-9,4.95443863713e-9,3.79529963013e-9,3.0196967149e-9,1.07123643289e-9,1.40201372734e-9,1.13896414522e-9,6.83845202687e-10,5.1346032981e-10,2.31226066072e-10,3.03358060894e-10,2.43232822772e-10,1.94233407136e-10,6.0707029681e-11,5.55460885621e-11,1.76575795652e-10,1.93264237947e-10,9.65076976667e-11,2.79309683021e-11,5.13090785137e-12,8.23635322271e-13,2.69626389358e-13,5.90110193715e-15,2.29314561656e-15],"max":[0.0283449627459,0.03022005409,0.0376178249717,0.0114709390327,0.0218381155282,0.0209792889655,0.00751521857455,0.00332087557763,0.00270486576483,0.00220633228309,0.00528831966221,0.00425005983561,0.00121815130115,0.00211259676144,0.00237441877834,0.000950798334088,0.000831546611153,0.000921011262108,0.000846373848617,0.000669171451591,0.000432840024587,0.000518491549883,0.000355986121576,0.000243545771809,0.000242192778387,0.000234225211898,0.000409289030358,0.000254026497714,0.00029651861405,0.000135809110361,0.0000908315996639,0.000234991981415,0.000197589310119,0.000111548659333,0.0000642147861072,0.0000389005836041,0.00000971204190137,0.00000692631601851,8.58078180954e-7,5.60370153835e-7],"mean":[0.00209951214492,0.00198590499349,0.00177397509106,0.000532677397132,0.000570543052163,0.000665030791424,0.000228076256462,0.000147203871165,0.000141705168062,0.000112691974209,0.000167565143784,0.000146767313709,0.0000854522586451,0.00010850738181,0.000124957354274,0.000105572580651,0.0000832576624816,0.0000622147417744,0.000045783664973,0.0000422801203968,0.0000327842317347,0.000030247210816,0.0000265894213953,0.0000206202894333,0.0000173160788108,0.0000107804635263,0.0000102305357359,0.0000100657034636,0.00000984277812677,0.00000670922008794,0.00000627813460596,0.00000663665286993,0.0000061893711063,0.00000460398223368,0.00000269502061201,0.00000116742671707,4.45950348649e-7,1.91073397104e-7,3.32111156354e-8,1.68049201221e-8],"median":[0.000992613728158,0.00103022716939,0.00101934548002,0.000351158902049,0.000297158956528,0.000325921690091,0.000135766415042,0.000111772489618,0.000104699429357,0.0000787254102761,0.000108567073767,0.0000983942154562,0.0000671583111398,0.0000867213093443,0.000102683894511,0.0000853822566569,0.0000647931665299,0.0000483575822727,0.0000296287780657,0.0000259830940195,0.0000245166520472,0.0000201433158509,0.0000162332380569,0.0000113422311188,0.00000956530220719,0.00000607839865552,0.00000515325427841,0.00000524561210113,0.00000493374682264,0.00000424712106906,0.00000390596142097,0.00000329562044499,0.00000280169706457,0.00000177306719706,0.00000102144724679,4.72828247666e-7,1.47553620877e-7,4.18833323579e-8,1.28762671636e-8,6.39070796282e-9],"min":[9.5001394689e-25,1.07200694715e-24,8.53420887274e-25,1.22819036233e-24,1.01206130835e-24,1.27332079889e-24,1.63049384399e-24,1.72178556111e-24,2.02041595653e-24,2.76782932093e-24,1.97858483209e-24,1.87431359207e-24,1.11611620327e-24,2.70404616965e-24,3.06707147798e-24,2.21925840566e-24,2.91191989286e-24,3.04899078603e-24,3.27026548108e-24,4.05400549574e-24,3.98014444918e-24,4.46407472136e-24,4.00983362378e-24,4.66630000328e-24,3.38560996163e-24,5.09502933919e-24,4.83961195529e-24,3.21113937016e-24,4.39895622579e-24,4.12834893074e-24,5.18240357305e-24,4.31505061333e-24,4.61597343854e-24,4.73673384363e-24,5.06277676108e-24,4.99918037262e-24,6.54230274376e-24,4.26084876939e-24,6.34315125836e-24,7.01192189583e-24],"var":[0.00000966521110968,0.0000063247507569,0.00000547108629689,4.10181996813e-7,0.00000112283942144,0.00000134412243824,1.15786185972e-7,2.16384066221e-8,1.99813801061e-8,1.87400548413e-8,4.94125309558e-8,4.17814760567e-8,5.8036304651e-9,8.91700313588e-9,1.11086562171e-8,7.44589101487e-9,5.2520578997e-9,3.34567773486e-9,2.85300005842e-9,2.4777302432e-9,8.78731587495e-10,1.07153697027e-9,9.76838387956e-10,6.6704730628e-10,4.70588790158e-10,2.16971510203e-10,2.64111427173e-10,2.43468384342e-10,2.30262989231e-10,6.79210993004e-11,5.93590315789e-11,1.14058686107e-10,1.15453105409e-10,7.1977750149e-11,2.25888995009e-11,3.99468695969e-12,6.68436443349e-13,1.77553054182e-13,3.27078172692e-15,9.21778310894e-16]},"melbands_crest":{"dmean":4.20861959457,"dmean2":7.00559234619,"dvar":16.2969245911,"dvar2":44.0584640503,"max":36.4440002441,"mean":13.2899675369,"median":12.5655755997,"min":1.58197939396,"var":32.7064666748},"melbands_flatness_db":{"dmean":0.0283594597131,"dmean2":0.0422500371933,"dvar":0.000631722097751,"dvar2":0.00142025004607,"max":0.566317260265,"mean":0.189111471176,"median":0.182118579745,"min":0.00291922967881,"var":0.00436103483662},"melbands_kurtosis":{"dmean":4.9363284111,"dmean2":7.80542469025,"dvar":58.565372467,"dvar2":135.372207642,"max":168.887985229,"mean":8.54352283478,"median":4.13651514053,"min":-1.552257061,"var":157.724777222},"melbands_skewness":{"dmean":0.657145857811,"dmean2":1.03510165215,"dvar":0.429107517004,"dvar2":1.05521392822,"max":11.2057628632,"mean":2.28943228722,"median":1.98017644882,"min":-0.834863007069,"var":1.8861707449},"melbands_spread":{"dmean":7.40224313736,"dmean2":11.5400476456,"dvar":50.3640060425,"dvar2":120.237625122,"max":162.100402832,"mean":29.353937149,"median":25.9214057922,"min":0.613351881504,"var":405.387969971},"mfcc":{"cov":[[7284.39111328,311.704162598,-426.63583374,734.175598145,-400.187713623,333.495117188,-286.487091064,322.791625977,-211.70362854,80.7058868408,-125.756317139,39.8886260986,-114.745834351],[311.704162598,1437.7442627,-168.646896362,-139.835998535,170.060134888,-21.5103130341,104.003311157,-140.288421631,91.3394927979,-47.1008529663,44.1330680847,-45.7272567749,77.2924118042],[-426.63583374,-168.646896362,491.1065979,-125.261543274,106.878768921,98.334197998,-17.9808940887,79.2881546021,25.0678329468,9.91961097717,3.29186844826,31.0093574524,-10.1491956711],[734.175598145,-139.835998535,-125.261543274,396.011932373,-88.6651916504,26.3733634949,-10.2977495193,78.2301559448,-49.7113037109,25.4835395813,-31.6372509003,-3.97825026512,-14.9674758911],[-400.187713623,170.060134888,106.878768921,-88.6651916504,174.205749512,-39.5206375122,76.8790893555,-39.1180038452,54.2613105774,-18.9487552643,23.5859146118,-18.4460430145,21.4758453369],[333.495117188,-21.5103130341,98.334197998,26.3733634949,-39.5206375122,177.280014038,-50.3745918274,95.3778305054,-17.905620575,35.5279693604,-12.952252388,40.7912750244,-16.548538208],[-286.487091064,104.003311157,-17.9808940887,-10.2977495193,76.8790893555,-50.3745918274,125.843658447,-38.1344718933,48.3509483337,-10.8786592484,25.100320816,-13.5332670212,26.1313838959],[322.791625977,-140.288421631,79.2881546021,78.2301559448,-39.1180038452,95.3778305054,-38.1344718933,138.419540405,-6.79465246201,36.005241394,-21.2741374969,17.9215126038,-22.0240001678],[-211.70362854,91.3394927979,25.0678329468,-49.7113037109,54.2613105774,-17.905620575,48.3509483337,-6.79465246201,77.230682373,6.27767896652,20.138343811,-3.46862959862,20.5811328888],[80.7058868408,-47.1008529663,9.91961097717,25.4835395813,-18.9487552643,35.5279693604,-10.8786592484,36.005241394,6.27767896652,54.784034729,10.6226997375,22.0849628448,-1.5864212513],[-125.756317139,44.1330680847,3.29186844826,-31.6372509003,23.5859146118,-12.952252388,25.100320816,-21.2741374969,20.138343811,10.6226997375,59.0510902405,18.330247879,20.0038146973],[39.8886260986,-45.7272567749,31.0093574524,-3.97825026512,-18.4460430145,40.7912750244,-13.5332670212,17.9215126038,-3.46862959862,22.0849628448,18.330247879,62.8539657593,7.52188062668],[-114.745834351,77.2924118042,-10.1491956711,-14.9674758911,21.4758453369,-16.548538208,26.1313838959,-22.0240001678,20.5811328888,-1.5864212513,20.0038146973,7.52188062668,49.5035209656]],"icov":[[0.000232491729548,-0.000162711032317,0.000141980839544,-0.00030385327409,0.000120856406284,-0.000130709115183,0.000298375816783,-0.000375514646294,0.000174686705577,0.00010527408449,-0.0000267430314125,-0.000115278126032,0.000268563599093],[-0.000162711032317,0.00127607374452,0.00076030055061,0.000341326900525,-0.00143253372516,-0.00142958853394,0.000140656484291,0.00116248498671,-0.000935774762183,0.000501326168887,-0.000178487272933,0.000849293370266,-0.00117577367928],[0.000141980839544,0.00076030055061,0.0044833002612,0.000964330567513,-0.00424841977656,-0.00220422632992,0.00156534230337,-0.00216540321708,-0.000158150258358,0.001311775879,-0.0000950647081481,-0.000987429404631,-0.0000344837208104],[-0.00030385327409,0.000341326900525,0.000964330567513,0.00444494467229,0.000294966914225,0.000579779793043,-0.00217526778579,-0.00259763444774,0.00258706603199,-0.00130346114747,0.000987138482742,0.000692840898409,-0.00125868606847],[0.000120856406284,-0.00143253372516,-0.00424841977656,0.000294966914225,0.0144172767177,0.00212069693953,-0.00548547459766,0.000969864428043,-0.00235076970421,0.000697762472555,-0.00113148335367,0.00227285502478,0.000628025620244],[-0.000130709115183,-0.00142958853394,-0.00220422632992,0.000579779793043,0.00212069693953,0.0132759893313,0.000261289271293,-0.00672966986895,0.00251410366036,-0.00273077213205,0.00170486525167,-0.00537401437759,0.00103347655386],[0.000298375816783,0.000140656484291,0.00156534230337,-0.00217526778579,-0.00548547459766,0.000261289271293,0.0156870093197,0.000858273706399,-0.00609629182145,0.00192775391042,-0.00262559950352,0.000310240255203,-0.00168638234027],[-0.000375514646294,0.00116248498671,-0.00216540321708,-0.00259763444774,0.000969864428043,-0.00672966986895,0.000858273706399,0.0186790358275,-0.00531042274088,-0.00492471642792,0.00308367074467,0.00182161270641,0.00179910263978],[0.000174686705577,-0.000935774762183,-0.000158150258358,0.00258706603199,-0.00235076970421,0.00251410366036,-0.00609629182145,-0.00531042274088,0.0239388700575,-0.0056233801879,-0.00151203921996,0.00159861834254,-0.00443324632943],[0.00010527408449,0.000501326168887,0.001311775879,-0.00130346114747,0.000697762472555,-0.00273077213205,0.00192775391042,-0.00492471642792,-0.0056233801879,0.0286192465574,-0.00652616703883,-0.00529096461833,0.00160810374655],[-0.0000267430314125,-0.000178487272933,-0.0000950647081481,0.000987138482742,-0.00113148335367,0.00170486525167,-0.00262559950352,0.00308367074467,-0.00151203921996,-0.00652616703883,0.0262993443757,-0.00778289139271,-0.00471085496247],[-0.000115278126032,0.000849293370266,-0.000987429404631,0.000692840898409,0.00227285502478,-0.00537401437759,0.000310240255203,0.00182161270641,0.00159861834254,-0.00529096461833,-0.00778289139271,0.0256870388985,-0.00531430728734],[0.000268563599093,-0.00117577367928,-0.0000344837208104,-0.00125868606847,0.000628025620244,0.00103347655386,-0.00168638234027,0.00179910263978,-0.00443324632943,0.00160810374655,-0.00471085496247,-0.00531430728734,0.0286406427622]],"mean":[-625.291748047,143.694076538,-27.6487121582,34.1012420654,-12.0442790985,32.2599105835,-11.2025823593,12.7973327637,-7.17584753036,2.91456484795,-3.17849373817,3.76996564865,-2.11309075356]},"pitch_salience":{"dmean":0.0718327909708,"dmean2":0.118407145143,"dvar":0.00466704275459,"dvar2":0.0126561867073,"max":0.889382660389,"mean":0.634020149708,"median":0.652280688286,"min":0.10856859386,"var":0.00938574504107},"silence_rate_20dB":{"dmean":0,"dmean2":0,"dvar":0,"dvar2":0,"max":1,"mean":1,"median":1,"min":1,"var":0},"silence_rate_30dB":{"dmean":0.00439775222912,"dmean2":0.0087965792045,"dvar":0.00437826523557,"dvar2":0.011406339705,"max":1,"mean":0.996579945087,"median":1,"min":0,"var":0.00340819964185},"silence_rate_60dB":{"dmean":0.000244319584453,"dmean2":0.000488698831759,"dvar":0.000244260940235,"dvar2":0.000488459598273,"max":1,"mean":0.0214974954724,"median":0,"min":0,"var":0.0210348293185},"spectral_centroid":{"dmean":252.457107544,"dmean2":366.860748291,"dvar":64546.7070312,"dvar2":119546.484375,"max":11823.2080078,"mean":1589.77490234,"median":1385.71582031,"min":134.979568481,"var":1802139.875},"spectral_complexity":{"dmean":3.99609088898,"dmean2":5.95723867416,"dvar":13.3505687714,"dvar2":26.044424057,"max":62,"mean":30.126909256,"median":30,"min":0,"var":121.903442383},"spectral_contrast_coeffs":{"dmean":[0.055651884526,0.0489009767771,0.0350914672017,0.0269576590508,0.0190189387649,0.0426894836128],"dmean2":[0.0908508598804,0.0819627940655,0.0600556097925,0.0460669994354,0.0317853614688,0.0652868151665],"dvar":[0.00198654108681,0.00154973648023,0.000758182548452,0.000438255287008,0.00022397119028,0.00129492580891],"dvar2":[0.00525684515014,0.00424607517198,0.00217016180977,0.00129102927167,0.00062048813561,0.00310492468998],"max":[-0.33944940567,-0.457542687654,-0.604196250439,-0.684317469597,-0.683763325214,-0.407920926809],"mean":[-0.665357768536,-0.76877194643,-0.819026350975,-0.81294053793,-0.810785531998,-0.650613188744],"median":[-0.664858102798,-0.773648619652,-0.821024239063,-0.812513887882,-0.810085952282,-0.633107662201],"min":[-0.978635668755,-0.976373016834,-0.9778419137,-0.973347485065,-0.968676924706,-0.964874088764],"var":[0.00693184370175,0.0041660964489,0.00175290147308,0.00115658517461,0.00100447365548,0.00752413598821]},"spectral_contrast_valleys":{"dmean":[0.417245537043,0.322271168232,0.278154462576,0.237240552902,0.235202267766,0.565956711769],"dmean2":[0.675872027874,0.540103316307,0.460236430168,0.389812171459,0.332261502743,0.875114202499],"dvar":[0.122083745897,0.0809496939182,0.0642260611057,0.0579999275506,0.0772750601172,0.240949496627],"dvar2":[0.296902507544,0.191377431154,0.145535513759,0.124915316701,0.139937341213,0.577358603477],"max":[-5.2537856102,-4.72209119797,-5.37631988525,-5.62042951584,-5.53003358841,-8.93588447571],"mean":[-7.12199926376,-6.51893758774,-6.78503036499,-7.01676940918,-7.40758895874,-11.3074483871],"median":[-6.73872852325,-6.14933156967,-6.40219306946,-6.61497068405,-6.90427446365,-10.9883012772],"min":[-28.2823181152,-28.095451355,-27.8360157013,-27.969078064,-27.4826717377,-27.425989151],"var":[7.19366312027,7.389793396,7.19166707993,7.06805181503,7.12456607819,4.80904769897]},"spectral_decrease":{"dmean":2.88355561651e-9,"dmean2":4.62080107511e-9,"dvar":1.16945777571e-17,"dvar2":2.97569258728e-17,"max":1.16521636784e-9,"mean":-7.25857773887e-9,"median":-5.88002047053e-9,"min":-4.03440587604e-8,"var":2.54600319561e-17},"spectral_energy":{"dmean":0.0113547621295,"dmean2":0.0180423986167,"dvar":0.00017738302995,"dvar2":0.000447190424893,"max":0.163300782442,"mean":0.0374148413539,"median":0.0326889678836,"min":1.00309648335e-20,"var":0.000426849146606},"spectral_energyband_high":{"dmean":0.000612443545833,"dmean2":0.000794610765297,"dvar":9.88569922811e-7,"dvar2":0.00000189347690593,"max":0.0165459550917,"mean":0.00158504187129,"median":0.00113007344771,"min":6.94630977843e-21,"var":0.00000286348631562},"spectral_energyband_low":{"dmean":0.00845925044268,"dmean2":0.0139404200017,"dvar":0.000133806781378,"dvar2":0.000350910180714,"max":0.126014992595,"mean":0.0141290277243,"median":0.00867357850075,"min":2.07240354679e-23,"var":0.000220303350943},"spectral_energyband_middle_high":{"dmean":0.00191340991296,"dmean2":0.00296685658395,"dvar":0.00000408547293773,"dvar2":0.00000942030237638,"max":0.0434169843793,"mean":0.00733796786517,"median":0.00675141764805,"min":1.09815314705e-21,"var":0.0000206332406378},"spectral_energyband_middle_low":{"dmean":0.00495337788016,"dmean2":0.00785257574171,"dvar":0.000055202308431,"dvar2":0.000135230118758,"max":0.123231589794,"mean":0.0126058468595,"median":0.00942301470786,"min":1.55395980536e-22,"var":0.000122607903904},"spectral_entropy":{"dmean":0.122755847871,"dmean2":0.169726416469,"dvar":0.0158597212285,"dvar2":0.0284681133926,"max":9.82643222809,"mean":7.7980427742,"median":7.84068012238,"min":5.50756883621,"var":0.158888235688},"spectral_flux":{"dmean":0.0237108487636,"dmean2":0.0369957052171,"dvar":0.000646703585517,"dvar2":0.0014276051661,"max":0.289042443037,"mean":0.109565071762,"median":0.104052275419,"min":6.38218297655e-11,"var":0.00173897540662},"spectral_kurtosis":{"dmean":3.15060043335,"dmean2":4.57795286179,"dvar":23.560131073,"dvar2":53.1571884155,"max":84.3848800659,"mean":13.5508947372,"median":11.4727220535,"min":-1.29565370083,"var":101.841567993},"spectral_rms":{"dmean":0.000850145181175,"dmean2":0.00132531207055,"dvar":7.57488635372e-7,"dvar2":0.0000018584667032,"max":0.0126221170649,"mean":0.00579035142437,"median":0.00564727140591,"min":3.12830729203e-12,"var":0.00000297414794659},"spectral_rolloff":{"dmean":4962.50195312,"dmean2":9149.4453125,"dvar":45853892,"dvar2":107180376,"max":22028.4667969,"mean":9207.58105469,"median":4608.10546875,"min":86.1328125,"var":72284176},"spectral_skewness":{"dmean":0.280405670404,"dmean2":0.391315937042,"dvar":0.112745575607,"dvar2":0.227132961154,"max":7.02646255493,"mean":2.23223090172,"median":2.04054188728,"min":-0.0701346844435,"var":0.810616314411},"spectral_spread":{"dmean":447031.84375,"dmean2":654203.375,"dvar":507680456704,"dvar2":1085878042620,"max":47852380,"mean":4648782,"median":3932818.25,"min":1443002.375,"var":22060889800700},"spectral_strongpeak":{"dmean":0.671037554741,"dmean2":1.22107613087,"dvar":12.6247587204,"dvar2":35.6406135559,"max":58.5990066528,"mean":0.687503039837,"median":0.298698991537,"min":0,"var":8.36200237274},"zerocrossingrate":{"dmean":0.0277478080243,"dmean2":0.0354911573231,"dvar":0.00054140976863,"dvar2":0.00088091858197,"max":0.5927734375,"mean":0.236586377025,"median":0.234375,"min":0.0595703125,"var":0.00429071765393}},"metadata":{"audio_properties":{"analysis_sample_rate":44100,"bit_rate":192000,"codec":"mp3","downmix":"mix","equal_loudness":0,"length":190.066940308,"lossless":false,"md5_encoded":"5d851c08d769946269957810983c61f0","replay_gain":-10.0744419098,"sample_rate":44100},"tags":{"album":["Iron Fist"],"albumartist":["Motörhead"],"albumartistsort":["Motörhead"],"artist":["Motörhead"],"artistsort":["Motörhead"],"asin":["B000110PG2"],"composer":["\"Fast\" Eddie Clarke/\"Philthy Animal\" Taylor/Lemmy"],"date":["1982"],"discnumber":["1/1"],"file_name":"04. Motörhead - Go to Hell.mp3","genre":["Heavy Metal"],"label":["Bronze Records Ltd."],"musicbrainz album release country":["GB"],"musicbrainz album status":["official"],"musicbrainz album type":["album"],"musicbrainz_albumartistid":["57961a97-3796-4bf7-9f02-a985a8979ae9"],"musicbrainz_albumid":["99c3b030-dd36-47e2-9b30-43816bb50c5d"],"musicbrainz_artistid":["57961a97-3796-4bf7-9f02-a985a8979ae9"],"musicbrainz_recordingid":["34b07643-ad54-4b93-937e-93737a553c3a"],"musicip_puid":["36b60e80-f286-1c0f-3351-1f27b85788cd"],"title":["Go to Hell"],"tracknumber":["4/12"]},"version":{"essentia":"2.1-beta1","essentia_build_sha":"ca57ba49d9b1854bd80e60cf9ccf267278fb7d6b","essentia_git_sha":"v2.1_beta1-28-g21ef5f4-dirty","extractor":"music 1.0"}},"rhythm":{"beats_count":542,"beats_loudness":{"dmean":0.0156513806432,"dmean2":0.0272152815014,"dvar":0.000223923227168,"dvar2":0.0006789531908,"max":0.149614334106,"mean":0.0394557006657,"median":0.0365870222449,"min":0,"var":0.000326316192513},"beats_loudness_band_ratio":{"dmean":[0.205062106252,0.103481717408,0.0522794313729,0.0657143220305,0.0468083098531,0.0882998630404],"dmean2":[0.350962221622,0.18151858449,0.0925594419241,0.113872952759,0.0803370848298,0.150988891721],"dvar":[0.0242073982954,0.0094039151445,0.00203449022956,0.00306061701849,0.0018702527741,0.00558643974364],"dvar2":[0.070251584053,0.025515107438,0.00568431289867,0.00834867544472,0.00480718025938,0.0150834387168],"max":[0.949585199356,0.674468040466,0.332043915987,0.468303829432,0.3632