{"lowlevel":{"average_loudness":0.742895066738,"barkbands":{"dmean":[0.00113387964666,0.00521870749071,0.00274623348378,0.00148929480929,0.00220651249401,0.000546573137399,0.000573957862798,0.000298284081509,0.000343038322171,0.000175710942131,0.000143495868542,0.000145694808452,0.000159228409757,0.000127133709611,0.000199151021661,0.000123805250041,0.0000943307968555,0.000140831660246,0.000160013412824,0.000350234709913,0.000189539976418,0.0000907701833057,0.0000698967342032,0.00000935963089432,0.00000148350613927,0.0000102713629531,0.000214994768612],"dmean2":[0.00199941149913,0.00865635275841,0.00455968547612,0.0024831215851,0.0036075883545,0.000897352467291,0.000812246813439,0.000461863208329,0.000527198717464,0.000280816864688,0.000219857101911,0.000232141101151,0.000252832338447,0.000205260788789,0.000315454497468,0.000193471816601,0.000146912614582,0.000215751715587,0.000242019697907,0.000505520496517,0.00027058768319,0.000130498956423,0.000113245776447,0.0000153457531269,0.00000243326644522,0.0000153322598635,0.000300934188999],"dvar":[0.00000568466612094,0.000146489459439,0.0000357382086804,0.0000139763824336,0.000023636752303,0.00000221286131818,0.00000255407803706,6.47719900826e-7,0.00000174344359039,1.54416824216e-7,1.54534461672e-7,1.43705179312e-7,8.86027606839e-8,7.58514602239e-8,1.97006926328e-7,1.12695587973e-7,4.05415363502e-8,1.87764044313e-7,1.48058532545e-7,0.00000102791364043,3.11711033874e-7,7.53852447133e-8,8.45886063416e-8,1.23861765289e-9,1.01544250439e-11,1.06195774396e-9,1.98800236717e-7],"dvar2":[0.0000157919657795,0.000386009662179,0.0000949435998336,0.0000307150985464,0.0000595276687818,0.00000616482520854,0.0000045621782192,0.00000136424705488,0.00000359553223461,3.80967065894e-7,3.06028510977e-7,3.38240937481e-7,2.07113913575e-7,1.73262250769e-7,4.8134802455e-7,2.46041508944e-7,9.46522078493e-8,4.55507432662e-7,3.30968788376e-7,0.00000214453939407,6.58447788737e-7,1.59535218813e-7,2.21706514481e-7,3.29044080871e-9,2.46398196985e-11,2.45644748986e-9,4.01155489271e-7],"max":[0.03691778332,0.217748343945,0.128166109324,0.188686951995,0.135285124183,0.0522601567209,0.0357570052147,0.0190393179655,0.0434870906174,0.00786434765905,0.0173015967011,0.013562339358,0.0104351341724,0.00865526124835,0.0146138183773,0.015916030854,0.00563384359702,0.0120764877647,0.00789632555097,0.0262724477798,0.0119823748246,0.00659227604046,0.00509308604524,0.000803006871138,0.0000598322330916,0.000842874404043,0.0174136143178],"mean":[0.00130210036878,0.00630685687065,0.00355204753578,0.00193653767928,0.00328632886522,0.000796256354079,0.000850525160786,0.000409461325034,0.000459499977296,0.000262193585513,0.000209849866224,0.000232340462389,0.000276649632724,0.000212344239117,0.000358985824278,0.000235235755099,0.000173402935616,0.000218644650886,0.000276463862974,0.000578663835768,0.0003168846888,0.000133601453854,0.0000650351648801,0.00000889054626896,0.00000153776522893,0.0000123637119032,0.000564513436984],"median":[0.000850294600241,0.00263375043869,0.0014665046474,0.000773581909016,0.00130143121351,0.000260784174316,0.000169126549736,0.0000846301845741,0.0000892824464245,0.0000852730736369,0.0000658636854496,0.0000852841840242,0.000114838112495,0.0000900376835489,0.000148457998876,0.0000889347575139,0.0000670082299621,0.0000663314785925,0.0000908747097128,0.000117893148854,0.0000662008533254,0.0000173278676812,0.00000351076369043,9.26581037675e-7,4.56047445141e-7,0.00000198435350285,0.000268798350589],"min":[8.23720984167e-24,1.40587351095e-23,3.5235712421e-23,3.70043354151e-23,1.71551940228e-23,5.36772135695e-23,5.46285798212e-23,6.09392588037e-23,8.14158538492e-23,6.68009307807e-23,1.06687644037e-22,6.61524871166e-23,1.67391336352e-22,1.446660081e-22,1.41930301589e-22,8.39102257206e-23,1.16992338404e-22,1.76888262396e-22,2.21137325971e-22,3.26689237496e-22,4.04938862418e-22,6.08162734953e-22,7.10322418368e-22,7.60446160658e-22,1.09093228035e-21,1.84130848641e-21,2.27854068896e-21],"var":[0.00000435220272266,0.000145254191011,0.0000444147335656,0.0000218781588046,0.0000388394691981,0.00000330569355356,0.00000518444494446,0.000001181216021,0.00000312463907903,2.75301403008e-7,3.37674549655e-7,2.77848158703e-7,2.00670157824e-7,1.44240118516e-7,4.18898281396e-7,2.93759825354e-7,1.02579505779e-7,2.50477228292e-7,2.70278178505e-7,0.00000183757265404,5.36217953595e-7,1.2060007748e-7,6.56800835941e-8,1.01712782641e-9,1.06211523951e-11,1.22277432624e-9,8.80519849034e-7]},"barkbands_crest":{"dmean":3.10681176186,"dmean2":5.11458492279,"dvar":7.48065948486,"dvar2":19.8488349915,"max":26.7772712708,"mean":10.6848039627,"median":9.62298297882,"min":2.86143922806,"var":21.9611778259},"barkbands_flatness_db":{"dmean":0.0281919240952,"dmean2":0.0445523373783,"dvar":0.00069898145739,"dvar2":0.0017688726075,"max":0.442861765623,"mean":0.143141299486,"median":0.135456055403,"min":0.0362127050757,"var":0.00279404222965},"barkbands_kurtosis":{"dmean":7.57529640198,"dmean2":12.1240768433,"dvar":742.459533691,"dvar2":1831.94592285,"max":1111.19226074,"mean":10.7216701508,"median":4.39898443222,"min":-1.94937622547,"var":960.639953613},"barkbands_skewness":{"dmean":0.873436570168,"dmean2":1.3205678463,"dvar":1.50357937813,"dvar2":3.40804171562,"max":29.6924800873,"mean":2.37953948975,"median":2.09957480431,"min":-3.66745042801,"var":4.10250997543},"barkbands_spread":{"dmean":10.918759346,"dmean2":16.5449771881,"dvar":141.829071045,"dvar2":312.968017578,"max":130.196289062,"mean":35.17993927,"median":30.0830154419,"min":0.365174740553,"var":513.704040527},"dissonance":{"dmean":0.0107553042471,"dmean2":0.0179529804736,"dvar":0.000163774311659,"dvar2":0.000411031622207,"max":0.500000119209,"mean":0.481745392084,"median":0.486739397049,"min":0.148630201817,"var":0.000320294726407},"dynamic_complexity":7.64597177505,"erbbands":{"dmean":[0.120801508427,1.28859639168,3.2923116684,3.91053628922,7.41197347641,6.76213884354,5.41209316254,3.9640750885,4.74905776978,12.3650388718,5.64471530914,7.70540380478,5.03355503082,5.9297952652,5.12520170212,6.25696754456,7.11048030853,5.82954359055,10.0128145218,8.63401794434,6.00723266602,4.75990533829,7.28676795959,6.26075267792,10.5415296555,17.2960262299,11.2304267883,5.58020353317,3.39615726471,2.59358429909,1.84537863731,0.486008793116,0.0515940152109,0.0177597980946,0.0105148181319,0.0083218542859,0.0208380911499,0.0241131130606,0.0147426584736,0.00451197661459],"dmean2":[0.20304736495,2.14792728424,5.46445846558,6.35507297516,12.2414236069,11.048579216,8.89093494415,6.41723680496,7.26776123047,17.0635128021,8.62299060822,11.7667894363,7.98471212387,9.28752803802,7.72374582291,9.83965206146,11.2824258804,9.2361946106,15.7783536911,13.3308563232,9.45439624786,7.29109191895,11.1301555634,9.35365867615,15.3885631561,25.4339561462,16.0921649933,7.92746114731,4.79241704941,4.04910087585,2.99058270454,0.786941051483,0.0845611393452,0.0290880184621,0.0171401910484,0.0134554700926,0.0310783311725,0.0328861698508,0.0186909809709,0.00631924951449],"dvar":[0.089270927012,9.68825244904,54.2830276489,88.8676147461,265.47543335,242.155456543,246.40814209,86.8799209595,150.481369019,1572.89086914,228.209075928,1015.82733154,188.776199341,167.545425415,163.614593506,309.510650635,179.512130737,128.224639893,595.842468262,430.708435059,218.529953003,88.3940963745,546.194213867,217.573852539,715.952331543,2701.70800781,1109.87194824,240.12802124,93.0294799805,104.398239136,60.6212425232,3.5870783329,0.0326790623367,0.00168374239001,0.00048799184151,0.000539000786375,0.00412633782253,0.00503791496158,0.00127585523296,0.0000769707694417],"dvar2":[0.233292132616,25.6864299774,145.471710205,204.407531738,658.844543457,621.661437988,681.892333984,232.328109741,345.278137207,2606.36621094,519.99041748,2015.94677734,475.071838379,397.50390625,322.326843262,704.721130371,427.097717285,311.481536865,1348.42663574,1021.11047363,540.922363281,209.308410645,1322.95556641,508.662719727,1456.49963379,5886.80322266,2331.21435547,508.18637085,190.042327881,261.48828125,159.885696411,9.41348361969,0.084159180522,0.00418189354241,0.00117507681716,0.0013786139898,0.00947021972388,0.0100580453873,0.00222175079398,0.000158352399012],"max":[5.24751663208,56.4391441345,146.141433716,471.995758057,448.747375488,414.712677002,544.466125488,236.407577515,316.501068115,794.960327148,328.397583008,1245.39428711,384.301971436,262.912780762,573.665710449,702.605957031,454.322875977,254.536437988,1040.8626709,671.703918457,493.963256836,256.756988525,666.37890625,512.368286133,523.972839355,1555.04333496,714.698913574,388.809814453,233.163009644,203.198913574,170.967056274,44.890625,6.78070449829,0.938951015472,0.422819077969,0.902992546558,1.41028821468,2.03986287117,0.85058760643,0.364804118872],"mean":[0.131846189499,1.56458830833,4.22987890244,5.77829170227,10.2943353653,9.66321372986,7.66317176819,5.88876962662,7.38940668106,17.4000167847,8.32095909119,10.4479417801,7.60217094421,9.44093894958,8.58336257935,10.5802507401,12.7504940033,10.7232894897,18.0358848572,16.4094676971,12.4877853394,9.32664203644,11.4532766342,11.2806968689,18.536190033,28.0417423248,18.4012584686,9.2689447403,5.27982187271,2.82050466537,1.70076084137,0.461303293705,0.050887003541,0.0184251163155,0.0111792013049,0.00905162002891,0.0253693945706,0.038130890578,0.0309835840017,0.0148914707825],"median":[0.0463040806353,0.647014975548,1.86483359337,2.54652953148,4.00109291077,3.69300270081,2.69551706314,1.94345021248,1.91120767593,2.72075486183,2.04539370537,2.14314627647,2.24307012558,3.44062328339,3.42600226402,4.02480554581,5.49124336243,5.35144519806,7.6417798996,6.81184053421,5.05389499664,3.98214793205,3.77152276039,3.8697707653,5.51524114609,5.65913724899,3.72445487976,1.82389748096,0.752570927143,0.22018891573,0.0873594358563,0.0333765558898,0.0106518827379,0.00558188464493,0.00358831160702,0.00293784961104,0.00414617639035,0.00679123355076,0.00961188320071,0.00912465620786],"min":[2.97762503273e-22,4.16484065171e-21,3.47324059611e-20,9.17493419678e-20,7.56192877113e-20,4.02353768513e-20,3.56425896245e-19,3.27151069638e-19,4.32713972406e-19,1.67461443221e-18,1.1807330126e-18,2.24097848358e-18,1.88269347306e-18,1.75381935401e-18,5.58573809115e-18,3.14136023765e-18,7.73263160429e-18,8.21688629594e-18,4.82740454816e-18,7.99413565597e-18,5.45356579621e-18,6.74393156943e-18,1.01362488923e-17,9.88775142863e-18,1.49149862692e-17,1.58284782156e-17,1.33902376286e-17,1.79940883444e-17,2.15895777694e-17,2.12077313463e-17,1.98499805452e-17,1.62043557034e-17,1.1933559335e-17,1.04346584342e-17,8.71038142221e-18,5.27059964856e-18,3.29028583513e-18,1.6279171915e-18,3.34737220584e-19,3.48237189459e-20],"var":[0.0830002427101,9.4206943512,60.2881355286,151.356658936,417.012878418,359.713256836,342.611114502,153.719680786,309.775817871,3131.81030273,421.923828125,1865.12768555,346.52532959,327.515960693,380.742584229,637.612609863,403.589660645,247.60496521,1212.13208008,1037.88049316,587.641357422,223.474105835,692.80279541,434.219299316,1399.42480469,4404.97314453,1890.93371582,436.671356201,164.750595093,97.6558456421,46.1300926208,2.86777544022,0.0273290146142,0.00165384437423,0.000525041017681,0.000483985582832,0.0048645073548,0.00874773878604,0.00329759018496,0.000423790508648]},"erbbands_crest":{"dmean":2.44882535934,"dmean2":3.9318819046,"dvar":5.71163082123,"dvar2":12.8978681564,"max":31.5285205841,"mean":7.82577133179,"median":6.92047214508,"min":2.30975365639,"var":14.0778179169},"erbbands_flatness_db":{"dmean":0.0206192210317,"dmean2":0.0305650793016,"dvar":0.000397696567234,"dvar2":0.000859573541675,"max":0.362969487906,"mean":0.137959554791,"median":0.133913084865,"min":0.0351189821959,"var":0.00161734886933},"erbbands_kurtosis":{"dmean":1.34530186653,"dmean2":2.08642864227,"dvar":6.0396566391,"dvar2":13.7739534378,"max":43.2858161926,"mean":0.824826657772,"median":-0.385954141617,"min":-1.86121749878,"var":12.7499761581},"erbbands_skewness":{"dmean":0.447148889303,"dmean2":0.657756984234,"dvar":0.203461691737,"dvar2":0.415249198675,"max":5.28256464005,"mean":-0.424185454845,"median":-0.381097197533,"min":-5.26272439957,"var":0.988176882267},"erbbands_spread":{"dmean":10.453004837,"dmean2":16.1148300171,"dvar":126.777824402,"dvar2":284.833496094,"max":129.399261475,"mean":44.8379211426,"median":44.0003128052,"min":1.44506323338,"var":386.493103027},"gfcc":{"cov":[[31469.7949219,4352.98388672,-1370.66296387,-1256.98669434,-346.321624756,-1196.22033691,144.420837402,-1449.43469238,9.18621444702,-505.92868042,-31.692817688,-251.757797241,-116.331916809],[4352.98388672,2064.00683594,-38.6699104309,-716.156921387,196.409378052,-265.32119751,-132.370788574,-136.535736084,-118.5650177,-90.0866165161,46.3684883118,-217.86491394,164.970687866],[-1370.66296387,-38.6699104309,456.234710693,62.8720817566,-65.6730194092,192.133850098,-182.008026123,141.675231934,-69.3324356079,24.7835712433,11.7595405579,2.30604028702,23.9105052948],[-1256.98669434,-716.156921387,62.8720817566,614.573242188,14.0176515579,28.3693561554,189.696685791,-26.5455131531,48.7721061707,30.5706119537,-23.2957859039,98.9904098511,-104.530853271],[-346.321624756,196.409378052,-65.6730194092,14.0176515579,321.114349365,21.4378929138,44.2955818176,-19.0960903168,-31.8515052795,-28.0674858093,8.49691486359,-32.2436065674,70.0123672485],[-1196.22033691,-265.32119751,192.133850098,28.3693561554,21.4378929138,314.175750732,-74.9075469971,119.374542236,-10.6117115021,-5.77376651764,-0.592939674854,37.915096283,11.7532901764],[144.420837402,-132.370788574,-182.008026123,189.696685791,44.2955818176,-74.9075469971,280.209503174,-54.4233360291,72.4429931641,10.827498436,-20.5875282288,29.6753864288,-52.2824134827],[-1449.43469238,-136.535736084,141.675231934,-26.5455131531,-19.0960903168,119.374542236,-54.4233360291,247.849945068,-7.13097047806,53.9972877502,20.2215175629,-23.9201221466,26.1613922119],[9.18621444702,-118.5650177,-69.3324356079,48.7721061707,-31.8515052795,-10.6117115021,72.4429931641,-7.13097047806,164.052978516,34.8891029358,-5.81992292404,36.1725692749,-48.8569526672],[-505.92868042,-90.0866165161,24.7835712433,30.5706119537,-28.0674858093,-5.77376651764,10.827498436,53.9972877502,34.8891029358,101.359283447,21.8628997803,-5.3510093689,12.051905632],[-31.692817688,46.3684883118,11.7595405579,-23.2957859039,8.49691486359,-0.592939674854,-20.5875282288,20.2215175629,-5.81992292404,21.8628997803,61.5004425049,15.0837020874,5.65552139282],[-251.757797241,-217.86491394,2.30604028702,98.9904098511,-32.2436065674,37.915096283,29.6753864288,-23.9201221466,36.1725692749,-5.3510093689,15.0837020874,97.8787841797,-21.2010860443],[-116.331916809,164.970687866,23.9105052948,-104.530853271,70.0123672485,11.7532901764,-52.2824134827,26.1613922119,-48.8569526672,12.051905632,5.65552139282,-21.2010860443,123.322746277]],"icov":[[0.0000914546762942,-0.000311576470267,0.000441099808086,-0.000292421958875,0.00042454720824,-0.000250016397331,0.000187895348063,0.000261355715338,-0.0000205494015972,0.000133104811539,-0.0000661494559608,0.000090117660875,-0.0000259177086264],[-0.000311576470267,0.00312224938534,-0.00393948843703,0.00360099808313,-0.00254887482151,0.00261484249495,-0.00250200182199,0.000666906475089,-0.000659622601233,0.00131326296832,-0.00208763894625,0.00218028691597,-0.000577969884034],[0.000441099808086,-0.00393948843703,0.0104343704879,-0.00653310166672,0.00461855111644,-0.00541231734678,0.00642211083323,-0.00168178998865,0.00167301378679,-0.00167790031992,0.00178939045873,-0.00107246707194,-0.000341109436704],[-0.000292421958875,0.00360099808313,-0.00653310166672,0.00838996935636,-0.00454251142219,0.00383175676689,-0.00543011678383,0.00124282657634,0.000768913014326,-0.00118271936662,0.00068463262869,-0.0019044931978,0.00299455993809],[0.00042454720824,-0.00254887482151,0.00461855111644,-0.00454251142219,0.00823764223605,-0.00403044885024,0.000990711967461,0.00121846015099,-0.00075294758426,0.00319117517211,-0.00348434294574,0.00412443047389,-0.00480795651674],[-0.000250016397331,0.00261484249495,-0.00541231734678,0.00383175676689,-0.00403044885024,0.00839143432677,-0.00163108448032,-0.00204414827749,-0.000518529966939,0.00153649935964,0.00117556774057,-0.00286625279114,0.000891791540198],[0.000187895348063,-0.00250200182199,0.00642211083323,-0.00543011678383,0.000990711967461,-0.00163108448032,0.0102203944698,-0.00165324739646,-0.000407583807828,-0.00221770792268,0.00375361158513,-0.00253562070429,0.00140022020787],[0.000261355715338,0.000666906475089,-0.00168178998865,0.00124282657634,0.00121846015099,-0.00204414827749,-0.00165324739646,0.00889449194074,-0.00109928881284,-0.00061580631882,-0.00433174660429,0.00550520792603,-0.00158098398242],[-0.0000205494015972,-0.000659622601233,0.00167301378679,0.000768913014326,-0.00075294758426,-0.000518529966939,-0.000407583807828,-0.00109928881284,0.0106689482927,-0.00672201765701,0.00529809808359,-0.00652062660083,0.00524734891951],[0.000133104811539,0.00131326296832,-0.00167790031992,-0.00118271936662,0.00319117517211,0.00153649935964,-0.00221770792268,-0.00061580631882,-0.00672201765701,0.0201546773314,-0.0113642057404,0.00916779693216,-0.00761154014617],[-0.0000661494559608,-0.00208763894625,0.00178939045873,0.00068463262869,-0.00348434294574,0.00117556774057,0.00375361158513,-0.00433174660429,0.00529809808359,-0.0113642057404,0.0284635424614,-0.0148683618754,0.00668809562922],[0.000090117660875,0.00218028691597,-0.00107246707194,-0.0019044931978,0.00412443047389,-0.00286625279114,-0.00253562070429,0.00550520792603,-0.00652062660083,0.00916779693216,-0.0148683618754,0.0255313832313,-0.00695724412799],[-0.0000259177086264,-0.000577969884034,-0.000341109436704,0.00299455993809,-0.00480795651674,0.000891791540198,0.00140022020787,-0.00158098398242,0.00524734891951,-0.00761154014617,0.00668809562922,-0.00695724412799,0.0163553990424]],"mean":[-78.3005218506,76.6758346558,-93.0898895264,30.0522556305,-4.96441555023,-24.0083217621,9.0021314621,-24.1993713379,-4.96576499939,-6.07457685471,-9.59618854523,-9.30355453491,-7.90416288376]},"hfc":{"dmean":43.914264679,"dmean2":67.3933868408,"dvar":4024.84936523,"dvar2":9306.41894531,"max":1808.60803223,"mean":130.268341064,"median":104.5260849,"min":1.18676449516e-16,"var":16157.4365234},"melbands":{"dmean":[0.00126534653828,0.00173754198477,0.00071639457019,0.000552410201635,0.000191530576558,0.0000920643797144,0.0000815502280602,0.000120673365018,0.0000478845468024,0.0000476337118016,0.0000253409707511,0.0000248706346611,0.0000204480438697,0.0000154700755957,0.0000172428444785,0.0000146284082803,0.000011098437426,0.0000166568934219,0.0000128479341583,0.0000105068156699,0.00000741883195587,0.00000578727212996,0.00000471826706416,0.00000842292865855,0.00000461533863927,0.00000805325271358,0.0000100136367109,0.0000121497760119,0.00000791662841948,0.00000487776742375,0.00000293140101348,0.00000211220049096,0.00000153255007262,0.00000147942250805,0.00000121436619338,6.35887431599e-7,1.56140032459e-7,3.21439515005e-8,1.82606854082e-8,1.3473025362e-8],"dmean2":[0.00210731383413,0.00286315288395,0.00116160255857,0.000902118743397,0.000310688250465,0.000148713195813,0.000121513825434,0.000167700782185,0.0000738623566576,0.0000733627239242,0.0000404514248658,0.0000392886140617,0.0000309164352075,0.0000246533945756,0.0000272215966106,0.0000233231112361,0.0000177634574356,0.0000264299669652,0.0000202668616112,0.0000163172262546,0.0000118261132229,0.00000900146733329,0.00000737159143682,0.0000131060905915,0.00000715326996215,0.0000122682904475,0.000014854179426,0.0000182611202035,0.0000116526471174,0.00000712604105502,0.0000043231852942,0.0000030331104881,0.00000232141815104,0.00000238834445554,0.00000198853422262,0.00000103410002339,2.55231725532e-7,5.35534780965e-8,3.0287328201e-8,2.21420730639e-8],"dvar":[0.00000839533731778,0.0000154894714797,0.00000239087853515,0.00000156691089614,2.52463763672e-7,4.85805031758e-8,4.13174063851e-8,1.41077251214e-7,2.29805756646e-8,3.57417455632e-8,4.90513674123e-9,3.10833203621e-9,3.28811178285e-9,1.3560255141e-9,1.72659264663e-9,6.72356337272e-10,4.7571119266e-10,1.76540759789e-9,8.2223999831e-10,9.24021081872e-10,3.42811334875e-10,1.50659262843e-10,9.22324924768e-11,9.49791911786e-10,1.17833659496e-10,4.53072274142e-10,8.58960957917e-10,1.26625709918e-9,4.97616003958e-10,2.39759684328e-10,6.30408780733e-11,3.37382760618e-11,2.92101481891e-11,3.79416151275e-11,2.81376050931e-11,6.33428075617e-12,3.66768572978e-13,1.76120782455e-14,3.54397886329e-15,8.65182110457e-16],"dvar2":[0.000021981610189,0.0000408367777709,0.00000541009649169,0.00000392205402022,6.81440496919e-7,1.30443481794e-7,8.87826701046e-8,2.37340898934e-7,5.03025141541e-8,7.37669836326e-8,1.24465184825e-8,7.4604882272e-9,6.32558938563e-9,3.10460790409e-9,4.19778567462e-9,1.62054059061e-9,1.1622537377e-9,3.82313736225e-9,2.03947725375e-9,1.9468926471e-9,8.64046834081e-10,3.62565394374e-10,2.17655768409e-10,2.35282082706e-9,2.90835522332e-10,9.89653581307e-10,1.78849635102e-9,2.79369127831e-9,1.06571818037e-9,5.25034182797e-10,1.36825412111e-10,6.83815157276e-11,6.87285089951e-11,9.79058986661e-11,7.50311410225e-11,1.65870633201e-11,9.74641157711e-13,4.55494440722e-14,9.3294970138e-15,2.10553078336e-15],"max":[0.0481728762388,0.0662440657616,0.073410525918,0.0364837609231,0.0157264620066,0.00636006705463,0.0043490557,0.0077782352455,0.00409828685224,0.00683823600411,0.00201872666366,0.00112294312567,0.00267289113253,0.0013135910267,0.00197676732205,0.000510643294547,0.000440816365881,0.0020820396021,0.00113116181456,0.00153422669973,0.000536809093319,0.000372323964257,0.000230689547607,0.000906840257812,0.0004087552079,0.000426646467531,0.000712456763722,0.000993067864329,0.000513235048857,0.000367437925888,0.000201437127544,0.000146822916577,0.000122927609482,0.000121080411191,0.000117790761578,0.0000526882540726,0.0000141580367199,0.00000532546300747,0.00000241648490373,5.52093524675e-7],"mean":[0.00152694096323,0.00229063001461,0.00112417922355,0.000795387371909,0.000281454151263,0.000137799361255,0.000126628292492,0.000170116545632,0.000066460648668,0.0000638760029688,0.0000369141380361,0.0000382308899134,0.0000311088697345,0.0000247325951932,0.0000289872623398,0.0000257080482697,0.0000185119388334,0.0000284913876385,0.0000236198466155,0.0000194261956494,0.0000140122174344,0.0000103069696706,0.00000781551807449,0.0000119299866128,0.00000794983225205,0.0000126493932839,0.0000164572247741,0.00001889703708,0.000012440734281,0.00000769457801653,0.00000463033757114,0.00000322799519381,0.00000193246842173,0.00000144107025335,0.00000108579217795,5.86598844166e-7,1.44049508322e-7,2.92912538669e-8,1.76608683233e-8,1.38336408995e-8],"median":[0.000636864220724,0.00108051567804,0.000540935783647,0.000305568799376,0.00010673176439,0.0000451084961242,0.0000317545927828,0.0000276569408015,0.0000151564836415,0.0000125520346046,0.0000101378846011,0.0000131315164253,0.000010552560525,0.00000929569432628,0.0000110697392302,0.0000113064634206,0.00000838383039081,0.0000112592888399,0.000010122880667,0.00000711914435669,0.00000523621702087,0.00000402450086767,0.00000320818003274,0.00000313704549626,0.00000273013984042,0.00000376723414774,0.00000375721151613,0.0000036204726257,0.00000243198519456,0.0000015393375179,8.27505800771e-7,4.54916602166e-7,1.80581920972e-7,8.35077003103e-8,5.04146733249e-8,3.39281207573e-8,1.28190738025e-8,5.29995292098e-9,4.43088143953e-9,3.99262134465e-9],"min":[3.74632094928e-24,1.36311362113e-23,1.5941747668e-23,3.1440652884e-24,1.01758331497e-23,8.49723969528e-24,7.61438206889e-24,1.82290135751e-23,1.07261890599e-23,1.23586215296e-23,9.20205220421e-24,6.30863346616e-24,1.6470088837e-23,9.23517568476e-24,1.39691993968e-23,1.54600723547e-23,1.5570118451e-23,6.57191539885e-24,1.09630697903e-23,7.29226412888e-24,6.47421734232e-24,6.35196283467e-24,8.80223935364e-24,8.53851289784e-24,7.87947246521e-24,8.47308240778e-24,1.24367234924e-23,1.01168287205e-23,7.97160274147e-24,9.99093046437e-24,1.06127240405e-23,1.14641510818e-23,1.28027959732e-23,1.20637650448e-23,1.11523388207e-23,9.74541565142e-24,1.06083616397e-23,8.33851220368e-24,7.36662610211e-24,9.64977494413e-24],"var":[0.00000833373633213,0.0000167113867064,0.00000443821954832,0.00000247362936534,3.88060442447e-7,8.60090807464e-8,8.54813038131e-8,2.81984455341e-7,3.92730186149e-8,6.47057163405e-8,8.77608297145e-9,5.75809888659e-9,7.34543714742e-9,2.73762124081e-9,3.69868469186e-9,1.45024114939e-9,8.39601110858e-10,3.52260332015e-9,1.72350245187e-9,2.37877717524e-9,8.06066102754e-10,3.38911121389e-10,1.72898834139e-10,1.07819531081e-9,2.3437490837e-10,7.3242112375e-10,1.54352686188e-9,2.02960026563e-9,8.58899784628e-10,3.75303621514e-10,1.11227860256e-10,6.17978862527e-11,3.42638799278e-11,3.1608313189e-11,2.07111636868e-11,4.94573392656e-12,2.95831149291e-13,1.37920697676e-14,2.78537975562e-15,8.92096476477e-16]},"melbands_crest":{"dmean":4.11322593689,"dmean2":6.81180524826,"dvar":13.0612573624,"dvar2":34.0153961182,"max":39.2642974854,"mean":16.4560203552,"median":15.7490282059,"min":1.79619550705,"var":34.9751434326},"melbands_flatness_db":{"dmean":0.0381842702627,"dmean2":0.059282746166,"dvar":0.00117126072291,"dvar2":0.00272973114625,"max":0.503879189491,"mean":0.239087045193,"median":0.236436575651,"min":0.00428835395724,"var":0.00461460696533},"melbands_kurtosis":{"dmean":17.2649936676,"dmean2":28.2293643951,"dvar":1847.64465332,"dvar2":4864.23828125,"max":920.243347168,"mean":25.9389419556,"median":13.4742717743,"min":-1.93526148796,"var":2254.98876953},"melbands_skewness":{"dmean":1.2674844265,"dmean2":1.9698331356,"dvar":2.7047059536,"dvar2":6.46360015869,"max":25.7774581909,"mean":3.81171488762,"median":3.41548991203,"min":-3.05007195473,"var":6.57528781891},"melbands_spread":{"dmean":11.760509491,"dmean2":18.2496318817,"dvar":364.139343262,"dvar2":787.139953613,"max":222.062408447,"mean":26.6568164825,"median":16.3901538849,"min":0.374249458313,"var":923.409240723},"mfcc":{"cov":[[22362.0664062,5058.65820312,-1859.44018555,1350.3416748,-1283.60131836,570.383850098,-696.679443359,-328.522644043,-599.008483887,-132.463302612,-450.010803223,-272.355010986,-243.76171875],[5058.65820312,3004.75708008,-481.743774414,-37.3821029663,32.5828018188,-152.630996704,-8.51916694641,-317.381866455,-40.8426551819,-182.628005981,-72.0406951904,-159.400863647,-104.016029358],[-1859.44018555,-481.743774414,632.578063965,-176.850158691,157.529922485,-55.1126098633,17.3723907471,63.5839080811,-6.51153802872,45.1900596619,18.1817893982,39.600189209,12.0076389313],[1350.3416748,-37.3821029663,-176.850158691,616.050842285,-188.294052124,162.455856323,-6.35051870346,4.4984126091,-40.7971763611,28.9010791779,-21.5514030457,4.08793449402,-7.03185176849],[-1283.60131836,32.5828018188,157.529922485,-188.294052124,380.140625,-44.5905838013,117.480255127,2.22663879395,49.5066833496,-33.5758361816,5.13541793823,-19.7805271149,-6.67529678345],[570.383850098,-152.630996704,-55.1126098633,162.455856323,-44.5905838013,257.71661377,-32.8097877502,85.6272354126,-34.4167175293,30.5368690491,-53.5517692566,-0.0577112846076,10.8066930771],[-696.679443359,-8.51916694641,17.3723907471,-6.35051870346,117.480255127,-32.8097877502,214.096389771,-7.31466627121,61.2348670959,-32.0300750732,22.2936248779,-13.6437177658,-17.2134284973],[-328.522644043,-317.381866455,63.5839080811,4.4984126091,2.22663879395,85.6272354126,-7.31466627121,183.116836548,-15.2760448456,46.3848114014,5.52815437317,14.9529848099,4.84253358841],[-599.008483887,-40.8426551819,-6.51153802872,-40.7971763611,49.5066833496,-34.4167175293,61.2348670959,-15.2760448456,140.843658447,20.0935821533,25.7732181549,10.8720903397,19.5900096893],[-132.463302612,-182.628005981,45.1900596619,28.9010791779,-33.5758361816,30.5368690491,-32.0300750732,46.3848114014,20.0935821533,104.93813324,22.1620807648,30.1206798553,13.3783721924],[-450.010803223,-72.0406951904,18.1817893982,-21.5514030457,5.13541793823,-53.5517692566,22.2936248779,5.52815437317,25.7732181549,22.1620807648,98.1487426758,29.0369167328,9.88210964203],[-272.355010986,-159.400863647,39.600189209,4.08793449402,-19.7805271149,-0.0577112846076,-13.6437177658,14.9529848099,10.8720903397,30.1206798553,29.0369167328,78.2163696289,36.6131286621],[-243.76171875,-104.016029358,12.0076389313,-7.03185176849,-6.67529678345,10.8066930771,-17.2134284973,4.84253358841,19.5900096893,13.3783721924,9.88210964203,36.6131286621,67.3289108276]],"icov":[[0.000181428855285,-0.00029961852124,0.00017217657296,-0.000161548887263,0.000337529316312,-0.000200649359613,0.000193062413018,-0.0000832615623949,0.000325859058648,-0.000187431258382,0.00035158341052,-0.000134806599817,0.000231550409808],[-0.00029961852124,0.00101146660745,0.0000580453197472,0.000308672111714,-0.000737250840757,0.000459118688013,-0.000144316174556,0.000774991640355,-0.000401368743042,0.000509513018187,-0.000501059286762,0.000664163264446,-0.0000117701265481],[0.00017217657296,0.0000580453197472,0.00255316821858,0.000187600497156,-0.000695375842042,0.000554349448066,0.000159538307344,-0.000266250455752,0.0012285617413,-0.00127342541236,0.000905566848814,-0.000899776176084,0.000431254506111],[-0.000161548887263,0.000308672111714,0.000187600497156,0.00268091773614,0.000784363539424,-0.00144026998896,-0.00117050809786,0.000908371934202,0.000315155397402,-0.000522927788552,-0.000529988552444,-0.000101549310784,0.000228092103498],[0.000337529316312,-0.000737250840757,-0.000695375842042,0.000784363539424,0.00498915789649,-0.00101978960447,-0.00167479238007,-0.000294403609587,-0.000126972256112,0.00045164860785,0.000639297417365,0.000578343111556,0.0000791648417362],[-0.000200649359613,0.000459118688013,0.000554349448066,-0.00144026998896,-0.00101978960447,0.00743631925434,0.0000685709528625,-0.00293385935947,0.000485881435452,-0.00114838697482,0.0034844330512,0.000343026564224,-0.00194372050464],[0.000193062413018,-0.000144316174556,0.000159538307344,-0.00117050809786,-0.00167479238007,0.0000685709528625,0.00775587558746,-0.000622465740889,-0.00293461582623,0.00283374125138,-0.00122505577747,-0.0000810722849565,0.00269059790298],[-0.0000832615623949,0.000774991640355,-0.000266250455752,0.000908371934202,-0.000294403609587,-0.00293385935947,-0.000622465740889,0.00875368714333,0.00119060184807,-0.00232926453464,-0.00149612221867,0.000434912944911,0.000790665159002],[0.000325859058648,-0.000401368743042,0.0012285617413,0.000315155397402,-0.000126972256112,0.000485881435452,-0.00293461582623,0.00119060184807,0.0110895549878,-0.00440044468269,0.000169692983036,0.000494577165227,-0.00319907371886],[-0.000187431258382,0.000509513018187,-0.00127342541236,-0.000522927788552,0.00045164860785,-0.00114838697482,0.00283374125138,-0.00232926453464,-0.00440044468269,0.0153467142954,-0.00318293226883,-0.00275382492691,0.00159777840599],[0.00035158341052,-0.000501059286762,0.000905566848814,-0.000529988552444,0.000639297417365,0.0034844330512,-0.00122505577747,-0.00149612221867,0.000169692983036,-0.00318293226883,0.0154046658427,-0.00472996244207,0.000474685512017],[-0.000134806599817,0.000664163264446,-0.000899776176084,-0.000101549310784,0.000578343111556,0.000343026564224,-0.0000810722849565,0.000434912944911,0.000494577165227,-0.00275382492691,-0.00472996244207,0.0216171275824,-0.0100196283311],[0.000231550409808,-0.0000117701265481,0.000431254506111,0.000228092103498,0.0000791648417362,-0.00194372050464,0.00269059790298,0.000790665159002,-0.00319907371886,0.00159777840599,0.000474685512017,-0.0100196283311,0.022562623024]],"mean":[-730.963989258,128.105728149,-20.12342453,59.6010360718,-1.29173982143,25.4854793549,6.8017706871,1.98580610752,3.10273623466,6.97296237946,-1.86769092083,0.372011095285,0.889802992344]},"pitch_salience":{"dmean":0.0824528336525,"dmean2":0.135954916477,"dvar":0.00606794236228,"dvar2":0.0161720700562,"max":0.90295958519,"mean":0.545876801014,"median":0.570289254189,"min":0.0387371517718,"var":0.0159319750965},"silence_rate_20dB":{"dmean":0,"dmean2":0,"dvar":0,"dvar2":0,"max":1,"mean":1,"median":1,"min":1,"var":0},"silence_rate_30dB":{"dmean":0.0210899971426,"dmean2":0.0421844013035,"dvar":0.0206443537027,"dvar2":0.0483374744654,"max":1,"mean":0.978285849094,"median":1,"min":0,"var":0.0212433375418},"silence_rate_60dB":{"dmean":0.019001878798,"dmean2":0.0380077250302,"dvar":0.0186412408948,"dvar2":0.0409443229437,"max":1,"mean":0.174339696765,"median":0,"min":0,"var":0.143947914243},"spectral_centroid":{"dmean":379.437530518,"dmean2":556.231018066,"dvar":186851.578125,"dvar2":354020.71875,"max":11290.6396484,"mean":1815.71691895,"median":1604.39648438,"min":181.563018799,"var":1065552.125},"spectral_complexity":{"dmean":3.69764041901,"dmean2":5.17531585693,"dvar":22.8231697083,"dvar2":37.8953094482,"max":58,"mean":15.829627037,"median":13,"min":0,"var":170.307525635},"spectral_contrast_coeffs":{"dmean":[0.0528798662126,0.0468113794923,0.0346587635577,0.0262299925089,0.0228893961757,0.0516906939447],"dmean2":[0.0877692848444,0.0769071057439,0.0572794787586,0.043001383543,0.0363085120916,0.0776021406054],"dvar":[0.00180663412903,0.00147745106369,0.000824989867397,0.000433017732576,0.000446066318545,0.00213888217695],"dvar2":[0.00503228511661,0.00385865848511,0.00220933021046,0.00111813971307,0.00100098608527,0.00466012721881],"max":[-0.32556450367,-0.472768187523,-0.557314634323,-0.62861931324,-0.60141736269,-0.358237177134],"mean":[-0.686307013035,-0.792104780674,-0.826000273228,-0.820778489113,-0.807908773422,-0.686019480228],"median":[-0.680824637413,-0.793839335442,-0.827410280704,-0.820662140846,-0.808356523514,-0.685361564159],"min":[-0.954896092415,-0.982511520386,-0.97647613287,-0.96177726984,-0.957758903503,-0.961101591587],"var":[0.00844278093427,0.00616971310228,0.00350702018477,0.00229043839499,0.0022508839611,0.0100430957973]},"spectral_contrast_valleys":{"dmean":[0.469997674227,0.45831528306,0.379186302423,0.301375687122,0.31419172883,0.635624587536],"dmean2":[0.744325399399,0.724527895451,0.580456614494,0.448797553778,0.418597221375,0.991873621941],"dvar":[0.214942783117,0.225219413638,0.167141973972,0.129530712962,0.155282065272,0.320488899946],"dvar2":[0.412866055965,0.454638183117,0.317276239395,0.225115120411,0.248171001673,0.727352082729],"max":[-4.9236240387,-4.91629123688,-5.83383846283,-5.70717048645,-5.47601938248,-8.96228122711],"mean":[-7.55373811722,-7.68009138107,-8.15677642822,-8.16908073425,-7.9034614563,-11.8378372192],"median":[-6.92066574097,-7.05745887756,-7.5241560936,-7.5894742012,-7.49487829208,-11.5288953781],"min":[-27.8187026978,-27.5372314453,-27.2248020172,-27.3531303406,-27.5468654633,-27.2286338806],"var":[3.47618412971,3.84825372696,3.46614217758,3.10913515091,2.53538584709,2.07981920242]},"spectral_decrease":{"dmean":2.60962296217e-9,"dmean2":4.11378575649e-9,"dvar":2.22354817507e-17,"dvar2":5.4076141761e-17,"max":3.04120106875e-9,"mean":-4.26587476454e-9,"median":-2.50330001172e-9,"min":-7.22070652159e-8,"var":3.40198574079e-17},"spectral_energy":{"dmean":0.0111105311662,"dmean2":0.0168962851167,"dvar":0.000368471228285,"dvar2":0.000864190340508,"max":0.301139295101,"mean":0.0279161315411,"median":0.0210150629282,"min":1.0568360813e-20,"var":0.000851886929013},"spectral_energyband_high":{"dmean":0.000597262813244,"dmean2":0.000812150887214,"dvar":0.00000255553663919,"dvar2":0.00000528792270416,"max":0.028355775401,"mean":0.00112157966942,"median":0.00032286599162,"min":7.71388330368e-21,"var":0.00000492433900945},"spectral_energyband_low":{"dmean":0.00788644421846,"dmean2":0.0127370385453,"dvar":0.000270385906333,"dvar2":0.000690228946041,"max":0.254720717669,"mean":0.01149079483,"median":0.00604271329939,"min":7.48000056032e-23,"var":0.000330354145262},"spectral_energyband_middle_high":{"dmean":0.000955931143835,"dmean2":0.00132730102632,"dvar":0.00000290216121357,"dvar2":0.00000576940919927,"max":0.0369163602591,"mean":0.00272108311765,"median":0.00156495464034,"min":1.47230989964e-21,"var":0.000011586123037},"spectral_energyband_middle_low":{"dmean":0.00386490277015,"dmean2":0.00600643083453,"dvar":0.0000486136268592,"dvar2":0.000111195768113,"max":0.209869116545,"mean":0.00780045427382,"median":0.0043914844282,"min":3.36746570327e-22,"var":0.000118075106002},"spectral_entropy":{"dmean":0.154625937343,"dmean2":0.231934353709,"dvar":0.0239166598767,"dvar2":0.0523894056678,"max":9.78944969177,"mean":7.62025880814,"median":7.6532497406,"min":5.26214790344,"var":0.123305998743},"spectral_flux":{"dmean":0.0228636804968,"dmean2":0.0359266363084,"dvar":0.000912320392672,"dvar2":0.00196820893325,"max":0.444312900305,"mean":0.0838814228773,"median":0.0779179409146,"min":1.02802530377e-10,"var":0.00327886804007},"spectral_kurtosis":{"dmean":2.95409631729,"dmean2":4.41231298447,"dvar":16.5539684296,"dvar2":39.6641082764,"max":98.6878967285,"mean":12.5402374268,"median":10.656832695,"min":-1.1809977293,"var":54.3081893921},"spectral_rms":{"dmean":0.000887510133907,"dmean2":0.00129898823798,"dvar":0.00000126714985527,"dvar2":0.00000266459869636,"max":0.0171404331923,"mean":0.00447277259082,"median":0.00452796882018,"min":3.21101175163e-12,"var":0.00000722959248378},"spectral_rolloff":{"dmean":4742.45068359,"dmean2":8994.24023438,"dvar":56023200,"dvar2":131447480,"max":22028.4667969,"mean":14041.9921875,"median":20865.6738281,"min":21.533203125,"var":86255520},"spectral_skewness":{"dmean":0.296835899353,"dmean2":0.42849496007,"dvar":0.130014285445,"dvar2":0.271135538816,"max":7.80008792877,"mean":1.94452154636,"median":1.7562084198,"min":-0.0319749377668,"var":0.663802862167},"spectral_spread":{"dmean":449702.9375,"dmean2":674766.125,"dvar":360680947712,"dvar2":670554652672,"max":40376316,"mean":4004536,"median":3860384.5,"min":1296473.75,"var":1096819605500},"spectral_strongpeak":{"dmean":4.870033741,"dmean2":9.14953804016,"dvar":227.181930542,"dvar2":626.815185547,"max":178.919937134,"mean":3.80622243881,"median":0.254435509443,"min":0,"var":184.897674561},"zerocrossingrate":{"dmean":0.0440136231482,"dmean2":0.055527985096,"dvar":0.00136478536297,"dvar2":0.00227056350559,"max":0.77734375,"mean":0.281998902559,"median":0.2841796875,"min":0,"var":0.0103359762579}},"metadata":{"audio_properties":{"analysis_sample_rate":44100,"bit_rate":128000,"codec":"mp3","downmix":"mix","equal_loudness":0,"length":222.380401611,"lossless":false,"md5_encoded":"4307ea22ad95198181cddbc6d6ba2cc7","replay_gain":0.00515556335449},"tags":{"album":["A"],"albumartist":["Jethro Tull"],"albumartistsort":["Jethro Tull"],"artist":["Jethro Tull"],"artistsort":["Jethro Tull"],"asin":["B00014EJ2U"],"barcode":["094632130129"],"catalognumber":["CDP 32 1301"],"date":["1992"],"discnumber":["1/1"],"file_name":"08 4.W.D. (Low Ratio).mp3","genre":["Progressive Rock"],"label":["Chrysalis"],"language":["eng"],"media":["CD"],"mp3gain_album_minmax":["000,210"],"mp3gain_minmax":["142,191"],"musicbrainz album release country":["GB"],"musicbrainz album status":["official"],"musicbrainz album type":["album"],"musicbrainz_albumartistid":["ece57992-dc2e-4f67-a269-fa43626c1a3d"],"musicbrainz_albumid":["f23651a3-2dc5-3103-b3ef-9283c50de9bd"],"musicbrainz_artistid":["ece57992-dc2e-4f67-a269-fa43626c1a3d"],"musicbrainz_recordingid":["35075bba-d247-439c-bafc-9e5813f009b5"],"originaldate":["1980-08-29"],"replaygain_album_gain":["-5.61 dB"],"replaygain_album_peak":["2.720521"],"replaygain_track_gain":["1.77 dB"],"replaygain_track_peak":["0.676528"],"script":["Latn"],"title":["4.W.D. (Low Ratio)"],"tracknumber":["8/10"]},"version":{"essentia":"2.1-beta1","essentia_build_sha":"eef087cf131c10083d474ad51def18efd0e38295","essentia_git_sha":"v2.1_beta1-7-ge0e83e8-dirty","extractor":"music 1.0"}},"rhythm":{"beats_count":453,"beats_loudness":{"dmean":0.0254934411496,"dmean2":0.0454977042973,"dvar":0.000698852469213,"dvar2":0.0019770921208,"max":0.193861976266,"mean":0.0442136563361,"median":0.0392573662102,"min":4.08252418538e-8,"var":0.00114814948756},"beats_loudness_band_ratio":{"dmean":[0.250456154346,0.086885869503,0.0737547054887,0.0243064742535,0.030