{"lowlevel":{"average_loudness":0.968111336231,"barkbands":{"dmean":[0.0000323068270518,0.000674893963151,0.00128837977536,0.000720524345525,0.00130357011221,0.000479487614939,0.000600976694841,0.000622263003606,0.000487123092171,0.000305687106447,0.000210349040572,0.000225121417316,0.000252022116911,0.000263641763013,0.000329794507707,0.00020874873735,0.000346050976077,0.000311567215249,0.000405266328016,0.00036938363337,0.00029827884282,0.000451529573184,0.000337236037012,0.000311743089696,0.000202497438295,0.0000274346039077,0.00000124293956105],"dmean2":[0.0000489849408041,0.00112651381642,0.00194694905076,0.00114509521518,0.00209675193764,0.000743807991967,0.000943931750953,0.000926343142055,0.000738486240152,0.00047654422815,0.000327492976794,0.00035243309685,0.000395776645746,0.00042302699876,0.000542444817256,0.000335723161697,0.000566894828808,0.00049887271598,0.000645358697511,0.000588373164646,0.000453157990705,0.000671087240335,0.000479711365188,0.000433619192336,0.000276293925708,0.000038264781324,0.00000188018225344],"dvar":[1.60969759744e-9,0.00000105456501842,0.00000676893387208,0.00000141152020205,0.0000067700461841,7.58005626267e-7,0.00000195564302885,0.00000179395806299,0.00000120296874684,4.14701730733e-7,1.6327462049e-7,2.76230679219e-7,2.62456666178e-7,2.61922480149e-7,4.73197701467e-7,1.87667552609e-7,3.63419019322e-7,3.05827768443e-7,4.76902755508e-7,4.53876992879e-7,2.44925217885e-7,7.24026506305e-7,7.1476767971e-7,8.32163038922e-7,4.86665555854e-7,6.04849592634e-9,1.76374401195e-11],"dvar2":[3.32495564415e-9,0.00000287921807285,0.000014621149603,0.00000369853978555,0.0000171215851879,0.00000176448281763,0.0000043180348257,0.00000366807512364,0.00000247554339694,9.51320373588e-7,3.54350476073e-7,5.75707360895e-7,5.8268273051e-7,6.28063730801e-7,0.00000121987670809,4.43196995548e-7,9.49985178522e-7,7.49335924866e-7,0.00000114532224416,0.00000119137541787,5.50997640403e-7,0.00000156499777404,0.00000144601392549,0.0000015250574279,8.55684163525e-7,1.17044640646e-8,3.85508777678e-11],"max":[0.00057729461696,0.0110141048208,0.0322087556124,0.0224045012146,0.034658819437,0.0192912407219,0.0382522009313,0.0306961778551,0.0217050872743,0.0133278174326,0.0146578978747,0.0225541759282,0.0125782629475,0.0124232592061,0.0168567094952,0.0134818879887,0.0196748301387,0.0205848254263,0.0129359243438,0.0197206046432,0.0104015488178,0.025134857744,0.0273373872042,0.0200153980404,0.0224053803831,0.00233474513516,0.000123745878227],"mean":[0.0000703536570654,0.00132212985773,0.00216835737228,0.00144332589116,0.00207625585608,0.000936926750001,0.00104766304139,0.00116304878611,0.000914218311664,0.000522383372299,0.000350500369677,0.000370223016944,0.000432568835095,0.000448833219707,0.000571557611693,0.000386540574254,0.000659345940221,0.000604893313721,0.000836631283164,0.000775385124143,0.000627986679319,0.000979712116532,0.000597296981141,0.000550077471416,0.0003390769416,0.0000476387722301,0.00000178179755039],"median":[0.0000460909941467,0.00100208935328,0.000998919131234,0.00063727714587,0.000954207556788,0.000432212866144,0.000369461398805,0.000333737436449,0.000282613065792,0.00020238950674,0.000156250956934,0.000151238724357,0.00018374879437,0.000202463415917,0.000286260066787,0.000194914377062,0.00037634302862,0.000341501669027,0.000460548937554,0.000435206922702,0.000369625224266,0.000569107476622,0.000213000239455,0.00015789992176,0.0000827205367386,0.0000141833170346,4.92729952839e-7],"min":[4.31260297515e-25,3.26517910318e-24,4.84214410019e-25,3.55153561178e-25,5.24368938791e-24,4.99567822463e-24,8.5000156968e-24,6.99952731329e-24,1.36109539939e-23,1.75461440211e-23,1.47282934246e-23,2.56175589663e-23,3.48577944049e-23,3.36957423381e-23,4.2756204265e-23,5.12459063943e-23,6.14790353004e-23,7.63764021273e-23,1.17064459223e-22,1.75998654487e-22,2.65419660543e-22,3.03962520848e-22,3.81589715583e-22,5.95634664524e-22,7.7691182083e-22,1.22259465481e-21,1.8574199291e-21],"var":[5.67448354971e-9,0.00000160876402333,0.0000113957485155,0.0000049468440011,0.0000103686352304,0.00000224209975386,0.00000544597651242,0.0000062455378611,0.00000369267354472,0.00000100478200693,4.66862815074e-7,6.41361282305e-7,5.90685260704e-7,5.75718672735e-7,9.47413184349e-7,4.59686731347e-7,8.44606745432e-7,7.3113903909e-7,0.00000122090568766,0.00000111663052849,5.86753515108e-7,0.00000187481907687,0.00000158423540597,0.00000210264715861,0.00000113933754164,1.36361757441e-8,2.88252390707e-11]},"barkbands_crest":{"dmean":2.18067073822,"dmean2":3.51931715012,"dvar":4.60374736786,"dvar2":11.4655294418,"max":23.5008792877,"mean":7.6690826416,"median":6.69885873795,"min":2.04470920563,"var":14.1770648956},"barkbands_flatness_db":{"dmean":0.0131327491254,"dmean2":0.019964132458,"dvar":0.000173919994268,"dvar2":0.000374156748876,"max":0.485983937979,"mean":0.0849630013108,"median":0.0754256546497,"min":0.0158190708607,"var":0.0014140419662},"barkbands_kurtosis":{"dmean":1.4094016552,"dmean2":2.19766044617,"dvar":30.0643672943,"dvar2":72.6263656616,"max":415.204772949,"mean":1.39949953556,"median":-0.694796800613,"min":-1.93073284626,"var":115.088439941},"barkbands_skewness":{"dmean":0.44345369935,"dmean2":0.645825326443,"dvar":0.255568891764,"dvar2":0.511365175247,"max":14.2963762283,"mean":0.635946273804,"median":0.486342668533,"min":-5.03633832932,"var":1.68390738964},"barkbands_spread":{"dmean":6.897793293,"dmean2":10.6109237671,"dvar":61.5677337646,"dvar2":135.064056396,"max":127.999732971,"mean":38.993888855,"median":39.4627304077,"min":0.404243022203,"var":247.591949463},"dissonance":{"dmean":0.010301775299,"dmean2":0.0171631164849,"dvar":0.000106947161839,"dvar2":0.000290385913104,"max":0.5,"mean":0.477604985237,"median":0.48169913888,"min":0.348949342966,"var":0.000289515941404},"dynamic_complexity":2.4960641861,"erbbands":{"dmean":[0.011853213422,0.195426106453,1.29924023151,1.73368942738,4.40901279449,3.91533088684,2.92302656174,4.10540485382,6.39432287216,12.6050567627,12.6641168594,10.304101944,10.3951864243,7.88808679581,6.30335712433,9.76136398315,10.7205123901,13.7377252579,12.5074853897,13.740228653,12.5909090042,17.5478382111,16.0548973083,21.9441051483,17.965877533,14.8682155609,11.770565033,14.0361003876,16.7101306915,12.1021327972,9.63063621521,6.72767066956,5.22895765305,3.04227375984,0.988525271416,0.212079972029,0.0344786606729,0.00412996485829,0.000201464703423,0.0000137673941936],"dmean2":[0.0197317209095,0.321576505899,1.96559894085,2.68996858597,7.08910179138,6.33330917358,4.61796712875,6.343105793,9.91630935669,19.0521068573,18.9841651917,15.5571155548,15.9708518982,12.2201528549,9.85946273804,15.164264679,16.7275905609,21.8257331848,20.0401496887,22.5306472778,20.0216407776,28.6511116028,25.4532623291,35.1533470154,28.3693332672,23.3519611359,17.7939968109,21.1392269135,25.2062454224,18.0338287354,13.7930250168,9.56645011902,7.27195501328,4.17276000977,1.37497282028,0.294250249863,0.0474436506629,0.00573275191709,0.000297800346743,0.0000176407520485],"dvar":[0.000169713879586,0.110302977264,7.4627737999,7.0595331192,69.3385620117,61.6068992615,30.3356990814,68.8801651001,239.358230591,878.030395508,782.920593262,594.008056641,493.700714111,248.98210144,180.938095093,576.099182129,462.615081787,700.299926758,756.929260254,760.677185059,480.96975708,1274.2767334,1033.34301758,1673.47692871,1018.51171875,628.154785156,361.148284912,644.582092285,896.169555664,850.477661133,691.001403809,337.106811523,270.279968262,121.804779053,10.5550117493,0.370506823063,0.00923235621303,0.000131221997435,5.72654755615e-7,8.65043092713e-10],"dvar2":[0.000448585284175,0.285660117865,16.0933914185,18.0015163422,178.277740479,155.330032349,76.9758911133,156.95652771,555.556884766,1876.42126465,1603.90649414,1240.47558594,1137.60742188,548.931640625,384.340881348,1171.23999023,1001.00531006,1697.79638672,1779.03295898,2025.79394531,1074.93554688,3400.23217773,2520.35375977,4212.37060547,2601.58056641,1587.11853027,832.446289062,1459.17260742,1909.67956543,2058.41503906,1392.10021973,639.212341309,482.436096191,201.570678711,20.7298870087,0.684509396553,0.01800500229,0.000250698125456,0.00000127345640522,1.46862288997e-9],"max":[0.143311157823,3.3687171936,35.0399398804,51.2583618164,146.056854248,116.697433472,144.441223145,234.807525635,482.067962646,610.409790039,723.287780762,645.757629395,480.291656494,520.8515625,746.445129395,1117.73852539,638.609558105,698.051147461,979.983154297,1089.23608398,675.798950195,1386.16369629,1479.2598877,920.149414062,769.84161377,571.317626953,448.964141846,613.575073242,692.64263916,870.184997559,1058.54016113,487.489013672,382.615905762,359.050445557,102.948646545,16.5495967865,2.60413241386,0.302597135305,0.0200784914196,0.000697959214449],"mean":[0.0261886827648,0.367913931608,2.22166466713,3.93552184105,7.19773960114,6.01963949203,5.56769657135,7.73987054825,11.9045495987,24.0606422424,23.9068946838,20.272983551,19.2348384857,14.2079305649,11.8161859512,16.9272270203,19.9779129028,24.8616542816,24.6573448181,26.7048225403,26.4317073822,35.3353996277,33.3473930359,45.1950340271,38.6265716553,32.2767791748,25.5294971466,29.998544693,36.2766685486,23.2874774933,16.9506263733,12.0309867859,8.97124290466,5.06461524963,1.67063641548,0.36900895834,0.0610901676118,0.00743963755667,0.000313939002808,0.0000446356789325],"median":[0.0204576086253,0.267381221056,1.1195551157,2.23640060425,3.04805183411,2.79276037216,2.49773192406,3.4713075161,5.16788482666,7.06256151199,8.95309638977,6.84678840637,7.19387865067,7.19055366516,5.15012741089,7.09009695053,9.50584983826,12.6701869965,14.1550788879,15.6264743805,16.7281913757,20.2869682312,19.7984466553,23.391368866,22.5548667908,18.9721813202,15.4764471054,17.3773231506,20.8034915924,10.8530426025,5.94390964508,3.73080444336,2.35229587555,1.19570660591,0.419395327568,0.104539737105,0.0193054135889,0.00250321021304,0.000089163055236,0.0000335337754223],"min":[7.07975967383e-23,7.79741420721e-22,1.96056870525e-21,1.35586595209e-21,5.95590357046e-21,2.51980443399e-20,3.72479171339e-20,5.86429113658e-20,1.50122682927e-19,1.14479586654e-19,2.76196071821e-19,3.92717566741e-19,5.28439371246e-19,7.37462225171e-19,4.49486222549e-19,1.02618599907e-18,1.5437676942e-18,1.76185210494e-18,2.45095125104e-18,2.6096441972e-18,3.45059199028e-18,4.00599972424e-18,5.01784055033e-18,4.6829622696e-18,7.19746725467e-18,9.32507339747e-18,8.26447399658e-18,9.01748711387e-18,1.12329803696e-17,1.15497872355e-17,9.71019545578e-18,1.08943408986e-17,8.2825636094e-18,7.79345750346e-18,6.40922865099e-18,4.20804189758e-18,2.37361813557e-18,8.40183064602e-19,2.67712274814e-19,2.65690154258e-20],"var":[0.00052716844948,0.153913244605,11.7107915878,24.5733108521,132.908782959,86.757598877,85.7391662598,190.394805908,553.367004395,2988.90576172,2224.72216797,1806.99487305,1448.07775879,557.503601074,677.602661133,1380.64477539,1104.04602051,1538.19030762,1664.76342773,1791.88793945,1398.13513184,2899.54443359,2521.19628906,4161.46679688,2486.90454102,1678.50439453,899.829772949,1472.09631348,2440.37988281,1615.35095215,1472.78210449,848.675354004,677.939941406,297.821929932,22.4852313995,0.886475145817,0.0203619915992,0.000291311967885,9.3754641739e-7,2.64363309022e-9]},"erbbands_crest":{"dmean":2.15586304665,"dmean2":3.48786425591,"dvar":4.89128780365,"dvar2":11.9298019409,"max":28.05286026,"mean":7.32267045975,"median":6.29894924164,"min":2.15235257149,"var":13.7704801559},"erbbands_flatness_db":{"dmean":0.0119715444744,"dmean2":0.0177956428379,"dvar":0.000138015617267,"dvar2":0.000271290482488,"max":0.324158400297,"mean":0.136497333646,"median":0.133257374167,"min":0.0502697788179,"var":0.000702305114828},"erbbands_kurtosis":{"dmean":0.890209615231,"dmean2":1.33399057388,"dvar":4.55874109268,"dvar2":7.79432106018,"max":132.999786377,"mean":0.478433609009,"median":-0.399149894714,"min":-1.87218213081,"var":28.2652053833},"erbbands_skewness":{"dmean":0.319868266582,"dmean2":0.473041504622,"dvar":0.119700089097,"dvar2":0.219581946731,"max":10.2242269516,"mean":-0.358897030354,"median":-0.398829251528,"min":-5.69305086136,"var":0.807745695114},"erbbands_spread":{"dmean":8.55303859711,"dmean2":13.1482334137,"dvar":85.0580444336,"dvar2":186.758544922,"max":136.420425415,"mean":45.8556098938,"median":43.3450813293,"min":3.11374855042,"var":303.028076172},"gfcc":{"cov":[[22728.9355469,413.90927124,-2303.01220703,890.800354004,-1485.38696289,400.474700928,-749.333312988,302.392974854,-429.028778076,60.4810256958,-386.229248047,-95.2032165527,-297.758300781],[413.90927124,998.007446289,-44.4305458069,2.61180973053,101.452445984,-115.105758667,15.0667457581,-61.2349777222,12.2411394119,-14.7509536743,-12.1523628235,-22.7621135712,-29.1003017426],[-2303.01220703,-44.4305458069,776.022644043,28.6641654968,169.77331543,43.5990715027,4.71699571609,-59.7514381409,11.7439556122,-33.2393798828,5.57738161087,-17.253364563,16.7155246735],[890.800354004,2.61180973053,28.6641654968,281.592254639,20.8985671997,14.6086244583,-42.7628593445,-26.3900470734,-22.9269256592,-19.2545166016,-24.1756420135,-2.96830916405,2.31641602516],[-1485.38696289,101.452445984,169.77331543,20.8985671997,261.508300781,-0.398612648249,70.0807571411,-19.2307338715,15.1556024551,-11.0915031433,11.5874300003,0.516437590122,24.3527565002],[400.474700928,-115.105758667,43.5990715027,14.6086244583,-0.398612648249,175.296447754,45.350856781,31.4783840179,-14.4709358215,-13.1968259811,-19.7223072052,-19.1550006866,-13.9462985992],[-749.333312988,15.0667457581,4.71699571609,-42.7628593445,70.0807571411,45.350856781,166.575744629,31.0102615356,29.64868927,5.25791978836,6.37381076813,0.685250103474,-1.46509313583],[302.392974854,-61.2349777222,-59.7514381409,-26.3900470734,-19.2307338715,31.4783840179,31.0102615356,110.57623291,36.5277633667,25.9536132812,7.78618478775,-12.4388904572,-9.06024360657],[-429.028778076,12.2411394119,11.7439556122,-22.9269256592,15.1556024551,-14.4709358215,29.64868927,36.5277633667,110.263221741,48.4530792236,22.5095558167,-2.59650111198,-4.82358407974],[60.4810256958,-14.7509536743,-33.2393798828,-19.2545166016,-11.0915031433,-13.1968259811,5.25791978836,25.9536132812,48.4530792236,81.3888015747,30.4065380096,5.87626838684,-5.29770088196],[-386.229248047,-12.1523628235,5.57738161087,-24.1756420135,11.5874300003,-19.7223072052,6.37381076813,7.78618478775,22.5095558167,30.4065380096,76.9956741333,30.0622520447,7.8999080658],[-95.2032165527,-22.7621135712,-17.253364563,-2.96830916405,0.516437590122,-19.1550006866,0.685250103474,-12.4388904572,-2.59650111198,5.87626838684,30.0622520447,70.7291793823,29.1876220703],[-297.758300781,-29.1003017426,16.7155246735,2.31641602516,24.3527565002,-13.9462985992,-1.46509313583,-9.06024360657,-4.82358407974,-5.29770088196,7.8999080658,29.1876220703,64.5143432617]],"icov":[[0.000461475050543,-0.000622090476099,0.000864882604219,-0.001351768733,0.00160951551516,-0.00154097983614,0.00151218322571,-0.00146916450467,0.00146764912643,-0.00140677974559,0.00152461475227,-0.000929876463488,0.000789280224126],[-0.000622090476099,0.00208617839962,-0.000959349796176,0.00183341291267,-0.00275141978636,0.0028998402413,-0.00221600057557,0.00260820263065,-0.00222808984108,0.00218669325113,-0.00188135611825,0.0016005539801,-0.000246780080488],[0.000864882604219,-0.000959349796176,0.00336079136468,-0.00245743501,0.00184871419333,-0.00354530918412,0.00339285191149,-0.00164539681282,0.00190268631559,-0.0018834201619,0.00232633831911,-0.00103469623718,0.0013290689094],[-0.001351768733,0.00183341291267,-0.00245743501,0.00795806013048,-0.00548491580412,0.0038089947775,-0.00303148152307,0.00483228079975,-0.00430651381612,0.00424581207335,-0.00332425814122,0.00223976676352,-0.00213691801764],[0.00160951551516,-0.00275141978636,0.00184871419333,-0.00548491580412,0.0115798152983,-0.00494304345921,0.00247390498407,-0.00458814809099,0.00492669362575,-0.00446575507522,0.00414108298719,-0.00209202361293,0.000318578095175],[-0.00154097983614,0.0028998402413,-0.00354530918412,0.0038089947775,-0.00494304345921,0.0131993368268,-0.0076493951492,0.00275599886663,-0.00298904674128,0.00507379788905,-0.00388483330607,0.00394020276144,-0.00120356236584],[0.00151218322571,-0.00221600057557,0.00339285191149,-0.00303148152307,0.00247390498407,-0.0076493951492,0.0137950601056,-0.00613782834262,0.00272797443904,-0.00374688906595,0.0052790530026,-0.00449828384444,0.00335832731798],[-0.00146916450467,0.00260820263065,-0.00164539681282,0.00483228079975,-0.00458814809099,0.00275599886663,-0.00613782834262,0.0177208241075,-0.00818330794573,0.00311247142963,-0.0060208318755,0.00582844763994,-0.00293039041571],[0.00146764912643,-0.00222808984108,0.00190268631559,-0.00430651381612,0.00492669362575,-0.00298904674128,0.00272797443904,-0.00818330794573,0.0192532278597,-0.011807538569,0.00413353275508,-0.00194459490012,0.0026807601098],[-0.00140677974559,0.00218669325113,-0.0018834201619,0.00424581207335,-0.00446575507522,0.00507379788905,-0.00374688906595,0.00311247142963,-0.011807538569,0.0240500178188,-0.0103491814807,0.00289338291623,-0.000986036611721],[0.00152461475227,-0.00188135611825,0.00232633831911,-0.00332425814122,0.00414108298719,-0.00388483330607,0.0052790530026,-0.0060208318755,0.00413353275508,-0.0103491814807,0.0246210154146,-0.0115167517215,0.00423077587038],[-0.000929876463488,0.0016005539801,-0.00103469623718,0.00223976676352,-0.00209202361293,0.00394020276144,-0.00449828384444,0.00582844763994,-0.00194459490012,0.00289338291623,-0.0115167517215,0.0243210941553,-0.0105251837522],[0.000789280224126,-0.000246780080488,0.0013290689094,-0.00213691801764,0.000318578095175,-0.00120356236584,0.00335832731798,-0.00293039041571,0.0026807601098,-0.000986036611721,0.00423077587038,-0.0105251837522,0.0224118139595]],"mean":[13.1215333939,51.3229217529,-122.669647217,53.5583190918,-67.787612915,18.9809780121,-40.113735199,10.9880800247,-22.7844772339,4.13975000381,-20.9224910736,-2.87356615067,-15.801867485]},"hfc":{"dmean":11.1414365768,"dmean2":14.3309593201,"dvar":357.934509277,"dvar2":541.692260742,"max":305.907501221,"mean":38.5820541382,"median":27.893289566,"min":1.07694422509e-16,"var":1513.38244629},"melbands":{"dmean":[0.000139186275192,0.000520422647242,0.000347765948391,0.000330932351062,0.000101601843198,0.0000934834170039,0.000104227416159,0.000135035967105,0.000108557200292,0.0000645110412734,0.0000521758192917,0.0000321283841913,0.0000225120893447,0.0000214802985283,0.0000274865269603,0.0000268139283435,0.000028739003028,0.0000188945759874,0.000028643053156,0.0000171600240719,0.0000168332517205,0.0000220772453758,0.0000142504923133,0.0000145089097714,0.0000203396375582,0.0000148289236677,0.0000140833008118,0.0000108630538307,0.00000817716954771,0.00000790217927715,0.00000968098902376,0.0000112635698315,0.00000834975435282,0.00000665346487949,0.00000600918338023,0.00000513870554641,0.00000421805225415,0.00000392564743379,0.00000357271346729,0.00000243949102696],"dmean2":[0.000232908394537,0.000798157299869,0.000544370908756,0.000534919032361,0.000161554984516,0.000144187113619,0.000162891752552,0.000202824943699,0.000163363554748,0.0000974526847131,0.0000802597787697,0.0000498641638842,0.0000350997725036,0.0000332750823873,0.0000430701984442,0.0000421955082857,0.0000461475210614,0.0000302267580992,0.0000476526402053,0.0000279315736407,0.0000268261555902,0.000036467488826,0.0000228089393204,0.0000232514412346,0.0000328513342538,0.0000234309845837,0.0000227595974138,0.0000172073523572,0.0000126345839817,0.0000122824458231,0.0000148758672367,0.0000173499847733,0.0000127540588437,0.0000100730103441,0.00000883482516656,0.00000747205240259,0.00000617983459961,0.00000566628568777,0.00000498633835377,0.00000342499038197],"dvar":[2.99292466366e-8,0.00000111674910386,2.39636392507e-7,4.68237715268e-7,3.05135010592e-8,3.1549298285e-8,5.68394824541e-8,9.48165137515e-8,6.14549691136e-8,2.3261373272e-8,1.24749286456e-8,4.13594580806e-9,2.03226768747e-9,3.21784532353e-9,4.19264001295e-9,3.14873882523e-9,3.39034866847e-9,1.94447391522e-9,3.72495634338e-9,1.26805255185e-9,8.67307836661e-10,1.89964777242e-9,7.76755604281e-10,6.68166300066e-10,1.58375002002e-9,8.05501221279e-10,1.15646259236e-9,3.91426835389e-10,1.82079462618e-10,1.90631399555e-10,3.48956530338e-10,4.07278100134e-10,4.14545509031e-10,2.69888250637e-10,2.75586442555e-10,2.21550514046e-10,1.62690041994e-10,1.52604900938e-10,1.65617200509e-10,8.69837465944e-11],"dvar2":[8.34392324123e-8,0.00000246920080826,6.10724839589e-7,0.000001188682063,7.76582140816e-8,7.17597714583e-8,1.29160753204e-7,1.99071934048e-7,1.25727083855e-7,4.87127636006e-8,2.8845452249e-8,9.1472296404e-9,4.37630642836e-9,6.27501073325e-9,9.50958867207e-9,7.11903735962e-9,8.26401969078e-9,4.46268622056e-9,9.95436799656e-9,3.15102077764e-9,1.90691018531e-9,5.019261895e-9,1.97006011504e-9,1.61306312751e-9,4.00150446112e-9,1.85088699922e-9,3.17482196088e-9,1.01254860052e-9,4.40034481075e-10,4.5007220173e-10,8.25978063723e-10,9.20069076482e-10,1.10524878139e-9,6.24739260324e-10,5.88626647424e-10,4.65377264502e-10,3.3736022309e-10,3.01951130766e-10,2.99370667145e-10,1.62762012201e-10],"max":[0.00192226236686,0.0131435850635,0.00780733581632,0.00889947079122,0.00382281467319,0.00466105388477,0.00661594094709,0.00710205873474,0.00606470648199,0.00403718696907,0.00245415465906,0.0020729159005,0.00195134570822,0.00271912454627,0.00183298031334,0.00165659410413,0.00156689318828,0.00154433015268,0.00136102165561,0.00114741479047,0.000891593517736,0.00153615057934,0.000965176732279,0.000977101852186,0.00093938910868,0.000702885387,0.00125016015954,0.000508622499183,0.000257535750279,0.000255963939708,0.000441758224042,0.000435754162027,0.00073715421604,0.000451456289738,0.000539193220902,0.000519064371474,0.000385313818697,0.000317231140798,0.000339608406648,0.00031839471194],"mean":[0.000298188213492,0.000932921713684,0.000786578806583,0.00051406188868,0.000194802894839,0.000179309630767,0.000193645159015,0.000262778805336,0.000198660869501,0.000123187797726,0.0000929806992644,0.0000550776167074,0.0000398821030103,0.0000368559012713,0.0000464592267235,0.0000454118817288,0.0000469673650514,0.000034862467146,0.0000469704755233,0.0000302476182696,0.0000316738696711,0.0000408083687944,0.0000274829581031,0.0000283278932329,0.0000381723766623,0.0000285950154648,0.0000263806687144,0.0000210078305827,0.0000162106225616,0.0000153127002704,0.000018393044229,0.0000224916857405,0.0000158221337188,0.0000114613712867,0.00000984055986919,0.00000856031510921,0.00000695848393661,0.0000063293596213,0.00000577726996198,0.0000037695338051],"median":[0.000246982759563,0.000538845080882,0.00049269257579,0.000233892395045,0.0000965378931141,0.00008375885227,0.0000781397902756,0.00007157887012,0.0000677956850268,0.0000384721824958,0.0000320553663187,0.000026513091143,0.0000176987850864,0.0000149767647599,0.0000173119551619,0.0000187943460332,0.0000214932042581,0.0000175357654371,0.0000221434202103,0.0000148607014125,0.000018170583644,0.0000217967353819,0.0000157989579748,0.0000164666616911,0.0000170257153513,0.0000143284605656,0.0000131489287014,0.0000108062458821,0.00000893181004358,0.0000080946201706,0.00000987139992503,0.0000124339976537,0.0000078682851381,0.00000472449573863,0.00000327060911332,0.00000264509412773,0.00000197626150111,0.00000163091635841,0.00000137523466037,8.33773754039e-7],"min":[8.29133240509e-25,1.53456530108e-24,2.43131836718e-25,1.19284752023e-24,1.29361562619e-24,1.69676486534e-24,2.21174095567e-24,1.07342738981e-24,2.18985262934e-24,2.01134701434e-24,2.55018772477e-24,2.48438134249e-24,1.51955958894e-24,2.52410818046e-24,3.49672654216e-24,2.93700211977e-24,2.31541502798e-24,2.72476698183e-24,3.27034555046e-24,3.09554304577e-24,3.91293113347e-24,3.30873546642e-24,3.01219890506e-24,3.21202644425e-24,2.93578569626e-24,4.64412393994e-24,4.57272808371e-24,5.48606926763e-24,4.1071636767e-24,4.46231556154e-24,4.55536446633e-24,5.5827382551e-24,4.83791708764e-24,5.49707387725e-24,4.32766883794e-24,5.7362821417e-24,5.77883014348e-24,4.86780584405e-24,4.74144649868e-24,5.42874037906e-24],"var":[6.27007139542e-8,0.00000171906992819,8.06320258562e-7,6.7352533506e-7,8.16320877561e-8,8.99879353256e-8,1.54061382318e-7,3.61115525038e-7,1.81079101935e-7,7.10747869448e-8,3.63729917296e-8,8.9513108037e-9,6.40939168406e-9,8.07824029891e-9,8.67740101995e-9,7.21183779362e-9,6.93634305549e-9,4.28798241359e-9,6.94112278765e-9,2.7992725915e-9,2.34469399452e-9,4.15240108964e-9,1.7058624513e-9,1.54781198969e-9,3.69425223745e-9,1.79456616234e-9,2.46783149471e-9,8.95513108112e-10,4.25226409639e-10,4.12837680708e-10,6.72706446103e-10,9.64590407548e-10,7.22255311114e-10,4.79000339393e-10,5.21065635084e-10,4.44458969628e-10,3.40180050795e-10,3.38802041977e-10,3.79694109487e-10,1.824387863e-10]},"melbands_crest":{"dmean":3.18925619125,"dmean2":5.09259462357,"dvar":10.3008899689,"dvar2":24.8702926636,"max":32.9718551636,"mean":12.3296527863,"median":11.2771530151,"min":1.44976747036,"var":30.1449871063},"melbands_flatness_db":{"dmean":0.0193536076695,"dmean2":0.0289697535336,"dvar":0.000409680214943,"dvar2":0.000845662259962,"max":0.631795167923,"mean":0.119729548693,"median":0.107937961817,"min":0.00238440791145,"var":0.0036535023246},"melbands_kurtosis":{"dmean":4.44815206528,"dmean2":6.92227172852,"dvar":112.424072266,"dvar2":276.045562744,"max":399.90802002,"mean":8.32780265808,"median":2.93118524551,"min":-1.92219221592,"var":284.227996826},"melbands_skewness":{"dmean":0.60091894865,"dmean2":0.904002904892,"dvar":0.554448902607,"dvar2":1.17646110058,"max":16.8172855377,"mean":2.1336119175,"median":1.78318917751,"min":-2.50894784927,"var":2.5222632885},"melbands_spread":{"dmean":14.4402770996,"dmean2":21.2881164551,"dvar":396.472198486,"dvar2":746.432434082,"max":299.496948242,"mean":56.3811950684,"median":49.3776168823,"min":0.398270428181,"var":1645.02050781},"mfcc":{"cov":[[7974.98486328,-51.3155479431,-148.938766479,60.0410995483,-212.88949585,-88.5699615479,-86.4879074097,43.9130401611,-26.4508132935,55.2944297791,57.5467758179,-18.4826278687,-97.291053772],[-51.3155479431,981.686401367,-52.0990409851,126.590774536,34.3848342896,12.1617774963,-9.02745056152,-22.6260967255,6.71848678589,-37.4517822266,38.0232315063,-0.941123008728,16.1885242462],[-148.938766479,-52.0990409851,466.960571289,33.9565429688,109.042800903,58.9998855591,2.57380008698,-4.89873981476,-1.45673382282,-19.3078308105,-25.7786693573,-5.90323543549,9.21217155457],[60.0410995483,126.590774536,33.9565429688,264.804718018,77.3840789795,36.352848053,-18.1800365448,-13.9713182449,-9.65071678162,-10.1274871826,-36.9032859802,-16.5062274933,22.7089366913],[-212.88949585,34.3848342896,109.042800903,77.3840789795,175.330047607,36.1808815002,15.209072113,-5.32198190689,1.9823461771,-0.103952340782,-28.9416980743,-13.1853132248,6.03617191315],[-88.5699615479,12.1617774963,58.9998855591,36.352848053,36.1808815002,131.726791382,45.5945358276,26.898021698,14.7063598633,-3.8728120327,-9.56816101074,-10.1683607101,-10.8467845917],[-86.4879074097,-9.02745056152,2.57380008698,-18.1800365448,15.209072113,45.5945358276,124.579032898,46.4130172729,22.2989635468,1.28255343437,-0.055489372462,-4.95481204987,-15.7591238022],[43.9130401611,-22.6260967255,-4.89873981476,-13.9713182449,-5.32198190689,26.898021698,46.4130172729,90.3801040649,25.1856365204,10.863904953,4.63657283783,-3.13435864449,-7.5127696991],[-26.4508132935,6.71848678589,-1.45673382282,-9.65071678162,1.9823461771,14.7063598633,22.2989635468,25.1856365204,87.4977416992,33.9931259155,17.0394935608,1.49480378628,-2.86743283272],[55.2944297791,-37.4517822266,-19.3078308105,-10.1274871826,-0.103952340782,-3.8728120327,1.28255343437,10.863904953,33.9931259155,91.1277542114,33.9586296082,12.2733955383,2.35788035393],[57.5467758179,38.0232315063,-25.7786693573,-36.9032859802,-28.9416980743,-9.56816101074,-0.055489372462,4.63657283783,17.0394935608,33.9586296082,92.6673355103,29.5852222443,1.8239531517],[-18.4826278687,-0.941123008728,-5.90323543549,-16.5062274933,-13.1853132248,-10.1683607101,-4.95481204987,-3.13435864449,1.49480378628,12.2733955383,29.5852222443,72.5966720581,31.089263916],[-97.291053772,16.1885242462,9.21217155457,22.7089366913,6.03617191315,-10.8467845917,-15.7591238022,-7.5127696991,-2.86743283272,2.35788035393,1.8239531517,31.089263916,80.9890975952]],"icov":[[0.000137465569424,0.00000750354365664,-0.0000113800224426,-0.000124578247778,0.000182068150025,0.0000791039783508,0.0000903277250472,-0.000134725065436,0.0000786674136179,-0.0000928268127609,-0.0000526547373738,-0.00000415978729507,0.000210234997212],[0.00000750354365664,0.00121440447401,0.000227405442274,-0.000634875614196,-0.000237859756453,-0.0000215581058001,-0.0000145200765473,0.000258160347585,-0.000387518259231,0.000983299221843,-0.00114025513176,0.000225975891226,-0.000149028346641],[-0.0000113800224426,0.000227405442274,0.00269962009043,0.0002597644052,-0.00168054061942,-0.00104855722748,0.000508723082021,0.000136048867716,-0.000187515266589,0.000750560953747,-0.000080507430539,-0.0000777206150815,-0.000339446676662],[-0.000124578247778,-0.000634875614196,0.0002597644052,0.0053661512211,-0.00193622102961,-0.00153704930563,0.00109862198588,0.000289236952085,0.000334346026648,-0.000456787034636,0.00163408881053,0.000863155990373,-0.00172088888939],[0.000182068150025,-0.000237859756453,-0.00168054061942,-0.00193622102961,0.00843129865825,-0.000516249972861,-0.00128629710525,0.000866406946443,0.0000891689196578,-0.00160805368796,0.00170730985701,0.00046364593436,-0.0000335878612532],[0.0000791039783508,-0.0000215581058001,-0.00104855722748,-0.00153704930563,-0.000516249972861,0.0102381631732,-0.00292023736984,-0.00164336687885,-0.000795601634309,0.000494935084134,-0.0000476361092296,0.0000619553029537,0.0012732881587],[0.0000903277250472,-0.0000145200765473,0.000508723082021,0.00109862198588,-0.00128629710525,-0.00292023736984,0.0115721644834,-0.0046683778055,-0.00124010152649,0.000894443946891,0.0000991523484117,-0.000501469010487,0.00138928031083],[-0.000134725065436,0.000258160347585,0.000136048867716,0.000289236952085,0.000866406946443,-0.00164336687885,-0.0046683778055,0.0149913299829,-0.00268066697754,-0.000617424608208,-7.21278013316e-7,0.000649402383715,-0.000438644899987],[0.0000786674136179,-0.000387518259231,-0.000187515266589,0.000334346026648,0.0000891689196578,-0.000795601634309,-0.00124010152649,-0.00268066697754,0.0149213811383,-0.00528155779466,-0.000763101910707,0.000709719082806,-0.0000768224635976],[-0.0000928268127609,0.000983299221843,0.000750560953747,-0.000456787034636,-0.00160805368796,0.000494935084134,0.000894443946891,-0.000617424608208,-0.00528155779466,0.0156572125852,-0.00534908240661,-0.000470124301501,-0.000304344110191],[-0.0000526547373738,-0.00114025513176,-0.000080507430539,0.00163408881053,0.00170730985701,-0.0000476361092296,0.0000991523484117,-7.21278013316e-7,-0.000763101910707,-0.00534908240661,0.0163626093417,-0.0057775452733,0.00157926953398],[-0.00000415978729507,0.000225975891226,-0.0000777206150815,0.000863155990373,0.00046364593436,0.0000619553029537,-0.000501469010487,0.000649402383715,0.000709719082806,-0.000470124301501,-0.0057775452733,0.0198045428842,-0.00778038008139],[0.000210234997212,-0.000149028346641,-0.000339446676662,-0.00172088888939,-0.0000335878612532,0.0012732881587,0.00138928031083,-0.000438644899987,-0.0000768224635976,-0.000304344110191,0.00157926953398,-0.00778038008139,0.0165107212961]],"mean":[-612.139953613,69.9442825317,3.40262722969,28.8908596039,0.73392790556,7.93219709396,-4.15567731857,3.32201647758,1.49172878265,2.09826612473,3.32437562943,-2.11869692802,-3.31689047813]},"pitch_salience":{"dmean":0.0579606294632,"dmean2":0.0924605429173,"dvar":0.00310989795253,"dvar2":0.00777461519465,"max":0.866719543934,"mean":0.578231990337,"median":0.582374036312,"min":0.130133107305,"var":0.00988604128361},"silence_rate_20dB":{"dmean":0,"dmean2":0,"dvar":0,"dvar2":0,"max":1,"mean":1,"median":1,"min":1,"var":0},"silence_rate_30dB":{"dmean":0,"dmean2":0,"dvar":0,"dvar2":0,"max":1,"mean":1,"median":1,"min":1,"var":0},"silence_rate_60dB":{"dmean":0.0135464640334,"dmean2":0.0270965993404,"dvar":0.0133625725284,"dvar2":0.0309671312571,"max":1,"mean":0.0558038726449,"median":0,"min":0,"var":0.0526887774467},"spectral_centroid":{"dmean":304.558105469,"dmean2":444.475006104,"dvar":124535.375,"dvar2":218801.546875,"max":11613.0048828,"mean":2426.54541016,"median":2416.49707031,"min":127.714881897,"var":1725818},"spectral_complexity":{"dmean":3.87835264206,"dmean2":5.60953807831,"dvar":17.5185508728,"dvar2":27.9474277496,"max":59,"mean":23.3581199646,"median":23,"min":0,"var":137.256286621},"spectral_contrast_coeffs":{"dmean":[0.048107791692,0.0447277612984,0.0359364151955,0.0288169812411,0.0217087436467,0.0181403495371],"dmean2":[0.0780853107572,0.0715810954571,0.0588252209127,0.0474907793105,0.0352583155036,0.0281260050833],"dvar":[0.00178960675839,0.00135489087552,0.00084244745085,0.000516441068612,0.000313637632644,0.00024123446201],"dvar2":[0.00442148512229,0.00335224857554,0.00216385466047,0.00138950301334,0.000788939243648,0.000527916534338],"max":[-0.335684686899,-0.4508677423,-0.490130633116,-0.570010066032,-0.567295074463,-0.59412842989],"mean":[-0.643975019455,-0.727975547314,-0.777709960938,-0.777457237244,-0.769944608212,-0.732666969299],"median":[-0.644669353962,-0.731776833534,-0.781573832035,-0.779052913189,-0.773678183556,-0.725470364094],"min":[-0.980536103249,-0.982531309128,-0.97826564312,-0.969215095043,-0.967872202396,-0.965763747692],"var":[0.00760056497529,0.00592101272196,0.00373339257203,0.00258571398444,0.00256600487046,0.00226099556312]},"spectral_contrast_valleys":{"dmean":[0.369474768639,0.329552054405,0.28592902422,0.23330847919,0.193114608526,0.254529774189],"dmean2":[0.603030741215,0.534359931946,0.459818005562,0.363695830107,0.274221986532,0.318602383137],"dvar":[0.121462866664,0.0942828059196,0.0744137912989,0.0579600147903,0.055589415133,0.0898479372263],"dvar2":[0.267847597599,0.196332603693,0.149266138673,0.102763086557,0.0781094431877,0.117858178914],"max":[-6.01721048355,-5.25679683685,-5.65273237228,-5.89000463486,-5.4065747261,-6.99443054199],"mean":[-7.75401544571,-7.20736074448,-7.74346542358,-7.75154590607,-7.3143696785,-9.48315811157],"median":[-7.36236667633,-6.8611946106,-7.42901420593,-7.42489862442,-6.96562337875,-9.21711158752],"min":[-28.2221488953,-28.1671352386,-27.8605995178,-27.667848587,-27.5239028931,-27.4443035126],"var":[5.62517213821,5.91796207428,5.53949737549,5.53818368912,5.80265378952,4.97274875641]},"spectral_decrease":{"dmean":9.4514862603e-10,"dmean2":1.35840227955e-9,"dvar":1.22043726841e-18,"dvar2":2.34615615283e-18,"max":2.00709176188e-28,"mean":-4.4367269858e-9,"median":-4.42125891453e-9,"min":-1.26381802801e-8,"var":5.1750098298e-18},"spectral_energy":{"dmean":0.00407895026729,"dmean2":0.00565623119473,"dvar":0.0000205911965168,"dvar2":0.0000358404577128,"max":0.0508194640279,"mean":0.02024471201,"median":0.0206463336945,"min":9.93074915575e-21,"var":0.000103769387351},"spectral_energyband_high":{"dmean":0.00135710847098,"dmean2":0.00180964102037,"dvar":0.00000594646644458,"dvar2":0.00000919081048778,"max":0.0353345535696,"mean":0.00354429567233,"median":0.00194771087263,"min":6.97503572547e-21,"var":0.0000228574572247},"spectral_energyband_low":{"dmean":0.00191114400513,"dmean2":0.00290289102122,"dvar":0.0000111294466478,"dvar2":0.0000248224278039,"max":0.040487293154,"mean":0.00428119441494,"median":0.0029796527233,"min":1.38291750084e-23,"var":0.0000215270647459},"spectral_energyband_middle_high":{"dmean":0.00141061516479,"dmean2":0.00205001281574,"dvar":0.00000297818542094,"dvar2":0.00000594662742515,"max":0.0315694920719,"mean":0.00543358130381,"median":0.00428674696013,"min":1.10521407062e-21,"var":0.0000199892110686},"spectral_energyband_middle_low":{"dmean":0.00260800984688,"dmean2":0.00400165701285,"dvar":0.000011048559827,"dvar2":0.0000258787531493,"max":0.0436185114086,"mean":0.00786188524216,"median":0.00648311292753,"min":1.82236916039e-22,"var":0.0000382022772101},"spectral_entropy":{"dmean":0.105050556362,"dmean2":0.147315174341,"dvar":0.0114453574643,"dvar2":0.0188575387001,"max":9.82495594025,"mean":7.97535467148,"median":7.96836137772,"min":4.64112854004,"var":0.141148790717},"spectral_flux":{"dmean":0.015807505697,"dmean2":0.0247018542141,"dvar":0.000297837686958,"dvar2":0.000698202464264,"max":0.194491326809,"mean":0.075906381011,"median":0.0750960037112,"min":6.44057307486e-11,"var":0.00104734138586},"spectral_kurtosis":{"dmean":0.620589375496,"dmean2":1.02543950081,"dvar":0.425436615944,"dvar2":1.0899156332,"max":23.0645847321,"mean":1.95229566097,"median":1.85726594925,"min":-1.30007922649,"var":1.8348941803},"spectral_rms":{"dmean":0.000452874781331,"dmean2":0.000618081423454,"dvar":2.44378355774e-7,"dvar2":4.03176784403e-7,"max":0.00704130437225,"mean":0.00423895288259,"median":0.00448806909844,"min":3.11264122116e-12,"var":0.00000178221705482},"spectral_rolloff":{"dmean":799.65637207,"dmean2":1234.45446777,"dvar":1149014.25,"dvar2":2153885.75,"max":19530.6152344,"mean":3729.31201172,"median":3466.84570312,"min":129.19921875,"var":7914322},"spectral_skewness":{"dmean":0.12138299644,"dmean2":0.1898137182,"dvar":0.0143517889082,"dvar2":0.0294954590499,"max":4.30490398407,"mean":0.984851300716,"median":0.987779438496,"min":-0.273597419262,"var":0.103082038462},"spectral_spread":{"dmean":482976.6875,"dmean2":695933.6875,"dvar":564830928896,"dvar2":1063579811840,"max":43150824,"mean":5711332.5,"median":5038207.5,"min":2432491.5,"var":17458031231000},"spectral_strongpeak":{"dmean":0.811545848846,"dmean2":1.40002334118,"dvar":2.75565767288,"dvar2":6.9835600853,"max":29.7141952515,"mean":1.22259354591,"median":0.518119692802,"min":0,"var":3.75328683853},"zerocrossingrate":{"dmean":0.0156230814755,"dmean2":0.0169040169567,"dvar":0.000396774557885,"dvar2":0.000375966890715,"max":0.5234375,"mean":0.119974665344,"median":0.109375,"min":0.00537109375,"var":0.0052776648663}},"metadata":{"audio_properties":{"analysis_sample_rate":44100,"bit_rate":192029,"codec":"mp3","downmix":"mix","equal_loudness":0,"length":171.389389038,"lossless":false,"md5_encoded":"363680f40510ab5627564a723410d8a8","replay_gain":-12.2641963959,"sample_rate":44100},"tags":{"acoustid_fingerprint":["AQABzxSVaNGaIB-eCmITIceP5kT54ElUfE8QnoaWB7mS40qWB-8DOPKOJ32EMzqKMLoSJGeGK0nwR7geNFeO6spwpniSJEhmPYh2JUb14VGHJ8lx6Ql-IdPxLiGhOrnAHj9K_Rib-mi0zQqO-MePJ1LwKUb1PPjhfEHY2UWdK2iOo2-Ki_CTo0-h5rjxJDn-BLqVIX2A63iWCF-D5CnC53CUhyiP37hr5IeuIz8uPMWToJSOf07gP0a4SsGpHR9OHXoQ5kHX4_rxRMIT3Dl65rCTI_2RzE9xBw-PUn-CJtbxCP3ROAzODMnzIKdQvbAYbqi47Phy_HiuB9tICA91sErUBejzoUlLfApOsHmOXJmHxGXwhwivQ9mKkMRxB29yoksiasd5hOKKOoeW40qEMOOOMv1xBfvwNHh2HE1-dFG7hHhd4RLRPEU_7EfOH0mOd-B1ZfiD6dThOphkPMdzJI-SHDmlOAGTH_-EaIf6I4xvXDquIO8FLV0RijnwDc2qo8yEPId-PA6USz5ubM-DS7uIh3nx2EjGo3lInMc-Hb0m4nLw8GguHnxu5J-gk2jWDMyS0YL6g7E-iD4R-1i7BxOXHO1KNBGj42YSo4mWXKhynFmInoT9IOcFP2Dy4DmuhOmQK3OOJid-PEeXRBfO6Njh5cKRH8lx46htwfZjnCJ6_MePT8Y1JUbzI9TQN4anPcEb_LA2HnryoxzOHXnQHD1Ko1mOX3iipOgTI4xDIwn8D5-S5MbTBP_h4zWO7EuYHE3yQpOOpzr4aPgxydzxTBmFK80iPBN-hDnx58STxB7O6MGF5iizLMVJSTliB19COFQW_E_wTB-R--hTNHhiZ3iPIs2hrdGEMBfKZCW-B30OqzweVD0e5IKWH32EX9BzhH-SoskXHIfVMMQ1F81JoVYexLp3JM_Rp3BMXDnxI9YOrUd-TFxq-NlRCz2qzMcdHXl0Ihma6_i04xEzCVP2p6h-NMmPIvmXIKfw8Pgl1H6G5vnxHD-OWIfORCh9Bc2-QUee4zfKaY2Ex4iVX0jeHQ8TuPAZ9MIz5Uj-KQiu40lYXDpCKQ-SJfmFV8HzFE-fBq8CXzqeJ4icI1F_nNjxPKhyH03M4EqwH3_wRSSahwh_SFfwBBE3ajlOEkfzHH0y42iqsBQmCt_xJFmOWEdzQ3Yu-LEQ6iGOrymefEDzHOEL_XiLC0eXJTm0ZFEVIUdzjQqOZkyEj3h0mDlinQvkhgsRW7Lw8LjEo70io1GYLcYpRg2eB32yIIwJ_UJIKVGOhm8WXMfxD0_gJNRU_E3ww0iuIk8CT8IP74id9YGUtRUARo0EQBBEBBICAGEYAYAAAJBiQAhBhAHIEQYUFEgIZYAwgATJMEJACAIQeAABakQwACmIEEUQCgSNIEBCRCBgjBgABAJOAcMBBQYQRYVAjBgHhAKAMCMIgJYCRqggwhCgkCAMGCAEYBUQQSxE0AjCBWKOCQEIEooIIwABhgJFGBVOCIGEQABARQwA0kDjBTJIGAkIIEoYiJgSAhBCAADOEEQEIBIQxgggAhmBCYHEAOeBIAJIgwgTLIwACBMGSUWIEgYwQ4AwgElkGmJKAAEEYIaAhQxgjBBkgQKEMGOIAAAYDggQBAAijACEEAEIUkowSp1RhBjAhAGMMoAAAFghI7gBSgCkCACIA