{"lowlevel":{"average_loudness":0.962247848511,"barkbands":{"dmean":[0.0000232695074374,0.00501232594252,0.00306885899045,0.00198910571635,0.00319017027505,0.00174148310907,0.00142107647844,0.000780446804129,0.000894994940609,0.000385735271266,0.000373943767045,0.000249879405601,0.000229658515309,0.000299427425489,0.000437598355347,0.000494474719744,0.000481472641695,0.000327688874677,0.000334685435519,0.000161603471497,0.000132219720399,0.000119044059829,0.00009563567437,0.0000863208915689,0.0000493848674523,0.0000161779280461,0.00000175200659669],"dmean2":[0.0000389199776691,0.00780656794086,0.00524333165959,0.00341211538762,0.00539734680206,0.00291900965385,0.00237788469531,0.00129150750581,0.00147048174404,0.000630075635854,0.000592717493419,0.000412335211877,0.000376090640202,0.000487501936732,0.000701882992871,0.00082455429947,0.000797025975771,0.000521049601957,0.000558213738259,0.000264162168605,0.00020574744849,0.000166584548424,0.000132835819386,0.000112237947178,0.0000665361221763,0.0000221972477448,0.00000252237487075],"dvar":[1.27923971416e-9,0.0000741610638215,0.0000260544802586,0.00000542948100701,0.0000285391633952,0.00000941579310165,0.00000756347435527,0.00000290240654977,0.00000302842659039,0.00000112710017675,0.00000138874736422,4.31234298048e-7,2.15144169147e-7,1.90279564549e-7,4.35032404766e-7,3.40199221682e-7,3.09857256298e-7,1.94885416249e-7,1.15867983652e-7,3.19797450743e-8,2.69656332819e-8,4.17124397245e-8,2.63361386033e-8,1.75922814094e-8,6.41305408777e-9,5.95468951925e-10,8.87372814118e-12],"dvar2":[3.52649554003e-9,0.000170208906638,0.0000699674856151,0.000014744411601,0.0000780551126809,0.0000244540951826,0.0000195210959646,0.00000717715010978,0.00000769833786762,0.00000288585920316,0.00000320538993037,0.00000102642252386,5.16667569173e-7,4.4045501113e-7,0.00000107926257442,8.60136537995e-7,8.09758660125e-7,4.46193581638e-7,3.10024461214e-7,8.17072987047e-8,6.04794365699e-8,8.1960024545e-8,4.83719873046e-8,2.90775865608e-8,1.283801776e-8,1.19450727087e-9,1.83918019703e-11],"max":[0.000391294452129,0.0665684863925,0.0539322122931,0.022503644228,0.0563838742673,0.0522652640939,0.0495300628245,0.0327883996069,0.0261867530644,0.0280266739428,0.023895278573,0.0222604684532,0.00961111858487,0.00668527884409,0.0106655461714,0.011201441288,0.0131195355207,0.00613609468564,0.00491345720366,0.00250519812107,0.00204454082996,0.00246541178785,0.00199396070093,0.0017281715991,0.00119746266864,0.000354123185389,0.0000558762985747],"mean":[0.0000467528043373,0.00615023542196,0.00406126957387,0.00272667757235,0.00417251186445,0.00241158832796,0.00179704942275,0.000911676732358,0.00128120067529,0.000572155229747,0.000564514426515,0.000411857588915,0.000375173171051,0.000538972672075,0.000817863619886,0.00106189772487,0.00113998330198,0.000712597975507,0.000889795424882,0.000453417567769,0.000389829423511,0.000247840944212,0.000207786899409,0.000213069346501,0.0000994636720861,0.0000355409210897,0.00000349349261342],"median":[0.0000340702754329,0.00186977244448,0.00242172414437,0.00188373553101,0.00227210624143,0.00128375994973,0.00076903833542,0.000295897945762,0.000606787973084,0.000304170855088,0.000183802912943,0.00023095945653,0.000227082695346,0.000349255336914,0.000446743273642,0.000834794540424,0.000952043104917,0.000524357077666,0.000791821163148,0.000387251464417,0.000312662799843,0.000124371188576,0.000115626942716,0.000125925900647,0.0000583569926675,0.0000231391350098,0.00000173788419033],"min":[6.23025481042e-25,3.73911864921e-24,2.56125879593e-24,1.19043143649e-24,1.00648893297e-23,7.37634802391e-24,1.56996714997e-23,5.99926864597e-24,1.29241748452e-23,1.36015034402e-23,1.82470848007e-23,3.14419477992e-23,3.41573143201e-23,5.66807036474e-23,5.11226295229e-23,6.3697192259e-23,7.24028781933e-23,7.58343032242e-23,1.4585208887e-22,2.03658945102e-22,2.62543688253e-22,3.54201878593e-22,3.76748028135e-22,5.9407491612e-22,9.75126994597e-22,1.38836520385e-21,2.03310170132e-21],"var":[1.52353973881e-9,0.0000986269951682,0.0000264070240519,0.00000768687277741,0.0000302277803712,0.00001406926458,0.00000955789619184,0.00000353470613845,0.00000431689340985,0.00000151816323068,0.00000281907205135,9.5719701676e-7,3.36356606567e-7,3.826880004e-7,0.00000109311429242,7.30192084575e-7,6.94155005476e-7,4.10168212284e-7,2.91064793601e-7,8.6424336132e-8,7.93607952687e-8,9.80012373475e-8,6.45754028028e-8,5.72630334261e-8,1.36808990803e-8,1.61089985795e-9,2.22235632674e-11]},"barkbands_crest":{"dmean":2.87152290344,"dmean2":4.69728517532,"dvar":6.70949697495,"dvar2":17.5108127594,"max":23.0460395813,"mean":8.35052871704,"median":7.49365854263,"min":2.39166021347,"var":13.3517408371},"barkbands_flatness_db":{"dmean":0.018569547683,"dmean2":0.0289201363921,"dvar":0.000318263686495,"dvar2":0.000700890785083,"max":0.290177553892,"mean":0.0918846577406,"median":0.0860848724842,"min":0.0252723861486,"var":0.00119280372746},"barkbands_kurtosis":{"dmean":1.5511726141,"dmean2":2.51152682304,"dvar":5.42956066132,"dvar2":12.5649929047,"max":42.6359901428,"mean":0.758790552616,"median":-0.229437470436,"min":-1.71082854271,"var":10.2635774612},"barkbands_skewness":{"dmean":0.499823391438,"dmean2":0.796674191952,"dvar":0.239798605442,"dvar2":0.517265975475,"max":6.32708740234,"mean":1.07882201672,"median":0.978167176247,"min":-2.09592366219,"var":0.717492043972},"barkbands_spread":{"dmean":6.93898773193,"dmean2":10.9603471756,"dvar":43.0498924255,"dvar2":97.1148223877,"max":92.1555938721,"mean":33.614906311,"median":33.2646789551,"min":4.29426956177,"var":111.261360168},"dissonance":{"dmean":0.00947537459433,"dmean2":0.0161465387791,"dvar":0.0000798980545369,"dvar2":0.000223394148634,"max":0.500000119209,"mean":0.483995378017,"median":0.486135840416,"min":0.344679832458,"var":0.000117359959404},"dynamic_complexity":2.06448197365,"erbbands":{"dmean":[0.0904605984688,1.31525063515,3.35960817337,4.8832988739,10.8234920502,9.62291526794,9.35204410553,14.9221115112,18.9991550446,19.4762477875,16.8715820312,22.2059001923,9.75416374207,13.5164337158,13.3694734573,9.22389125824,10.4227399826,11.7292289734,21.7927818298,19.4889965057,29.1655864716,25.4951114655,19.1079902649,18.8508319855,11.0872297287,7.22826862335,5.81138420105,5.54998493195,4.08516979218,3.62238335609,2.76864075661,2.23476648331,1.24889683723,0.695735752583,0.286159902811,0.105884872377,0.0229770280421,0.00363876996562,0.000298458471661,0.0000192978968698],"dmean2":[0.136200934649,2.07500815392,5.61962366104,8.33646678925,18.4879589081,16.2777824402,15.7240276337,24.9585971832,31.8335857391,32.8995246887,27.4292793274,36.2203636169,15.6279125214,21.5843410492,20.7669658661,15.0314893723,16.8138885498,19.0199947357,34.8403320312,30.6059474945,49.1301498413,41.9778823853,30.5463314056,30.8626384735,18.430929184,11.7509269714,9.20924091339,8.48311805725,5.71049451828,5.20784187317,3.74556684494,2.98236370087,1.6341252327,0.93899589777,0.39818072319,0.145434901118,0.0315810963511,0.00507614994422,0.000422553101089,0.0000273086043308],"dvar":[0.025309138,5.08653497696,31.8140773773,36.5942993164,341.322021484,205.940109253,256.6199646,952.704589844,1230.42919922,1601.81860352,1395.30078125,1710.52404785,447.957336426,2106.10888672,1486.01611328,543.248413086,463.869049072,321.515655518,1081.4375,912.429992676,1115.65820312,787.524230957,640.025695801,387.865081787,142.01461792,66.1848297119,52.5260047913,53.7359428406,50.7163276672,39.2452888489,22.4174938202,12.8447313309,3.33451890945,1.2013272047,0.251155167818,0.0284356027842,0.00112381402869,0.0000335795666615,2.67080025651e-7,5.19150777922e-10],"dvar2":[0.0564345270395,11.6605262756,82.1641693115,98.9965896606,922.759643555,564.925537109,670.800354004,2449.61987305,3160.43701172,4192.16943359,3318.44433594,4394.47705078,979.815185547,5062.6953125,3265.35668945,1267.74584961,1114.46765137,748.321655273,2782.03881836,2039.17382812,2907.05957031,2071.17749023,1504.36486816,995.42980957,376.694763184,168.75920105,129.792114258,117.379943848,100.138076782,81.055519104,41.2128486633,23.2228145599,5.53617238998,2.31825447083,0.540283799171,0.0588563531637,0.00230811419897,0.0000693495603628,5.59975774195e-7,9.19061493576e-10],"max":[1.90526008606,17.5552711487,65.9820327759,66.5116653442,216.817230225,147.879470825,240.163650513,614.964599609,599.655883789,639.837219238,682.809753418,652.049194336,893.621276855,949.950012207,1043.47937012,787.395141602,484.119171143,346.708099365,564.845947266,569.898986816,561.538696289,395.479370117,353.022735596,260.671630859,194.220199585,120.467437744,93.7490997314,98.2917633057,91.4935379028,85.3203659058,62.3667945862,47.5834693909,23.9770812988,15.0260677338,9.18543243408,2.28667545319,0.616281926632,0.135304257274,0.00976966321468,0.000329031579895],"mean":[0.110579773784,1.63212013245,4.77245092392,7.19279527664,13.6516447067,12.7849369049,13.8589229584,20.0884056091,24.1347332001,24.1008834839,22.7265338898,31.9108753204,16.1618766785,20.6590824127,22.5455551147,16.9574298859,18.3594532013,22.4097709656,41.7116966248,41.9734687805,66.5871887207,63.9319076538,45.4980506897,46.9855461121,32.9986686707,20.8395690918,16.4891319275,14.9291200638,9.17061328888,7.20714616776,5.76605844498,5.06534862518,3.05595612526,1.41175484657,0.574595928192,0.213956937194,0.0530793406069,0.00829968228936,0.000616400968283,0.0000602632790105],"median":[0.0266859401017,0.562405347824,2.82882070541,5.15682601929,7.67328500748,7.64897918701,8.06259346008,10.0743103027,10.2702636719,10.6298274994,9.29890632629,15.5920639038,9.69827461243,8.43651866913,8.99085330963,9.89304924011,11.4470767975,14.7608165741,26.0258865356,24.7240619659,54.801322937,53.8033943176,35.9024887085,40.7316818237,29.5018482208,17.863325119,13.3897686005,11.3301134109,4.6451177597,3.8205332756,3.04558753967,2.78374624252,1.88572776318,0.826414108276,0.341706573963,0.128359347582,0.0361737087369,0.0050150193274,0.000333444098942,0.0000523940325365],"min":[1.28607135098e-22,6.91512692726e-22,3.12850188789e-21,5.1682789933e-21,1.33442076965e-20,2.32323917858e-20,2.70948034118e-20,1.15964350004e-19,1.65865196604e-19,3.17470859273e-19,1.80897420629e-19,3.75989932654e-19,3.84580151616e-19,5.50770817942e-19,1.06759000764e-18,1.7998434765e-18,1.71799261071e-18,2.86635432363e-18,3.00359516778e-18,3.87747157348e-18,4.81781338896e-18,5.00170804684e-18,4.27379944755e-18,8.03373940933e-18,9.69669834973e-18,8.66591219248e-18,9.83083974812e-18,1.14621209798e-17,1.07738066213e-17,1.16790102179e-17,1.00690685917e-17,1.12453268674e-17,1.1277265138e-17,8.43200123168e-18,6.51471196348e-18,4.18132396379e-18,2.2230665078e-18,9.5308618718e-19,2.74755174892e-19,2.72234509997e-20],"var":[0.037982866168,6.56506061554,34.9606666565,47.4414291382,337.5418396,238.444351196,376.663879395,1371.17675781,1638.50354004,1709.09887695,1880.53613281,2433.71142578,767.140075684,3057.69604492,3808.82592773,1294.27355957,756.179992676,613.000854492,2310.48510742,2480.15576172,2307.30371094,1863.59423828,1311.02880859,904.1328125,396.239562988,181.435028076,141.560714722,142.328399658,123.912857056,83.8546066284,53.9791641235,36.9434280396,10.8881731033,2.7077126503,0.482578665018,0.0650880560279,0.00358913396485,0.000107255880721,6.41951146463e-7,1.32373689787e-9]},"erbbands_crest":{"dmean":1.90739643574,"dmean2":3.18265748024,"dvar":3.51350092888,"dvar2":8.96795558929,"max":25.5616283417,"mean":6.57642841339,"median":5.9474363327,"min":2.30553412437,"var":7.72354888916},"erbbands_flatness_db":{"dmean":0.0125419832766,"dmean2":0.0183452144265,"dvar":0.000143584489706,"dvar2":0.000274078804068,"max":0.280311256647,"mean":0.130532100797,"median":0.123178593814,"min":0.0317443832755,"var":0.00116253865417},"erbbands_kurtosis":{"dmean":0.622352182865,"dmean2":1.01287579536,"dvar":0.374265313148,"dvar2":0.941536128521,"max":6.8566532135,"mean":-0.23575347662,"median":-0.437957644463,"min":-1.69428932667,"var":0.903371751308},"erbbands_skewness":{"dmean":0.302726238966,"dmean2":0.481789946556,"dvar":0.0699620842934,"dvar2":0.169960826635,"max":2.18656682968,"mean":-0.447505354881,"median":-0.499099373817,"min":-1.96603381634,"var":0.241577297449},"erbbands_spread":{"dmean":7.98325204849,"dmean2":12.3771944046,"dvar":47.1157226562,"dvar2":110.669120789,"max":112.832977295,"mean":44.7513542175,"median":43.9018707275,"min":9.65520477295,"var":198.190536499},"gfcc":{"cov":[[20584.8476562,322.693267822,-1688.3515625,1009.53735352,-1013.95898438,240.465454102,-407.908935547,194.112121582,-503.953613281,-51.8228340149,-254.250228882,34.6152687073,-253.743362427],[322.693267822,722.162536621,-335.465515137,59.7839851379,111.86516571,-58.5687026978,33.2387771606,24.968164444,82.3722915649,-27.8129653931,74.046875,-51.5674819946,88.7500305176],[-1688.3515625,-335.465515137,568.609558105,-41.5172462463,103.638656616,45.7660598755,50.3900337219,13.0362796783,18.8038825989,63.1511421204,0.184779718518,51.086605072,-42.1283760071],[1009.53735352,59.7839851379,-41.5172462463,252.860626221,0.195855394006,54.6645240784,43.0493392944,3.38819646835,-17.6377506256,-15.4538249969,28.1235408783,13.3018932343,16.8910102844],[-1013.95898438,111.86516571,103.638656616,0.195855394006,240.252883911,3.09576129913,85.7619400024,51.0986099243,58.0317153931,41.4422492981,32.8097305298,8.84737205505,31.5282325745],[240.465454102,-58.5687026978,45.7660598755,54.6645240784,3.09576129913,144.679580688,67.1406555176,21.5462360382,-25.3418693542,-17.2594642639,-3.23390984535,16.9215431213,1.72817742825],[-407.908935547,33.2387771606,50.3900337219,43.0493392944,85.7619400024,67.1406555176,181.425033569,31.6957263947,-2.7869951725,-14.6145572662,34.6148719788,24.9995937347,23.779882431],[194.112121582,24.968164444,13.0362796783,3.38819646835,51.0986099243,21.5462360382,31.6957263947,96.0432510376,35.3582649231,29.2332725525,-1.27505409718,1.31840348244,-3.33405947685],[-503.953613281,82.3722915649,18.8038825989,-17.6377506256,58.0317153931,-25.3418693542,-2.7869951725,35.3582649231,100.926689148,38.6900863647,11.1986808777,-24.3970470428,8.50735664368],[-51.8228340149,-27.8129653931,63.1511421204,-15.4538249969,41.4422492981,-17.2594642639,-14.6145572662,29.2332725525,38.6900863647,69.4323425293,11.9922819138,8.04888057709,-12.3856372833],[-254.250228882,74.046875,0.184779718518,28.1235408783,32.8097305298,-3.23390984535,34.6148719788,-1.27505409718,11.1986808777,11.9922819138,66.9417877197,28.6260128021,24.983537674],[34.6152687073,-51.5674819946,51.086605072,13.3018932343,8.84737205505,16.9215431213,24.9995937347,1.31840348244,-24.3970470428,8.04888057709,28.6260128021,58.5104675293,13.4955720901],[-253.743362427,88.7500305176,-42.1283760071,16.8910102844,31.5282325745,1.72817742825,23.779882431,-3.33405947685,8.50735664368,-12.3856372833,24.983537674,13.4955720901,54.6783561707]],"icov":[[0.000343839434208,-0.000607644440606,0.000884990789928,-0.00132319994736,0.00101176591124,-0.000321752304444,0.000259820575593,-0.000964530161582,0.00133408582769,-0.00187150621787,0.00217248080298,-0.00202512461692,0.00180319999345],[-0.000607644440606,0.00482769217342,0.000241600180743,0.00202420097776,-0.00365318730474,0.00115805235691,-0.00000202402179639,0.000835808576085,-0.00365612539463,0.00551908975467,-0.00806897040457,0.00700526032597,-0.00519641302526],[0.000884990789928,0.000241600180743,0.00611061649397,-0.00318265357055,0.000271242373856,-0.00158063136041,0.000351102993591,-0.000960896140896,0.00113562203478,-0.00493339262903,0.00529439561069,-0.00775390304625,0.00728881312534],[-0.00132319994736,0.00202420097776,-0.00318265357055,0.00985727459192,-0.00364771508612,-0.000613571610302,-0.00119626824744,0.00362477987073,-0.0043253460899,0.00715768849477,-0.0103788441047,0.00817677844316,-0.00704084802419],[0.00101176591124,-0.00365318730474,0.000271242373856,-0.00364771508612,0.0118236821145,0.000015036482182,-0.00282838824205,-0.00445064436644,0.00400559604168,-0.0105058513582,0.00796642992646,-0.00462998775765,0.00060097372625],[-0.000321752304444,0.00115805235691,-0.00158063136041,-0.000613571610302,0.000015036482182,0.0109124295413,-0.00356493797153,-0.00197145575657,0.000220562200411,0.00353072257712,-0.000151596075739,0.00147884816397,-0.00285476329736],[0.000259820575593,-0.00000202402179639,0.000351102993591,-0.00119626824744,-0.00282838824205,-0.00356493797153,0.0107233235613,-0.00365222687833,0.00142209266778,0.0045915748924,-0.00385159207508,-0.00178301543929,0.00172507576644],[-0.000964530161582,0.000835808576085,-0.000960896140896,0.00362477987073,-0.00445064436644,-0.00197145575657,-0.00365222687833,0.0197773911059,-0.0093431007117,-0.000687971536536,0.000368867302313,-0.0000407183542848,-0.00113049894571],[0.00133408582769,-0.00365612539463,0.00113562203478,-0.0043253460899,0.00400559604168,0.000220562200411,0.00142209266778,-0.0093431007117,0.0279753766954,-0.0178877618164,0.0038407240063,0.00742801604792,-0.00116112071555],[-0.00187150621787,0.00551908975467,-0.00493339262903,0.00715768849477,-0.0105058513582,0.00353072257712,0.0045915748924,-0.000687971536536,-0.0178877618164,0.0428562797606,-0.0197466649115,0.00336392992176,0.000935169926379],[0.00217248080298,-0.00806897040457,0.00529439561069,-0.0103788441047,0.00796642992646,-0.000151596075739,-0.00385159207508,0.000368867302313,0.0038407240063,-0.0197466649115,0.0475928001106,-0.0310946032405,0.00843104626983],[-0.00202512461692,0.00700526032597,-0.00775390304625,0.00817677844316,-0.00462998775765,0.00147884816397,-0.00178301543929,-0.0000407183542848,0.00742801604792,0.00336392992176,-0.0310946032405,0.0541190393269,-0.0254161115736],[0.00180319999345,-0.00519641302526,0.00728881312534,-0.00704084802419,0.00060097372625,-0.00285476329736,0.00172507576644,-0.00113049894571,-0.00116112071555,0.000935169926379,0.00843104626983,-0.0254161115736,0.0446199923754]],"mean":[33.362487793,75.0224075317,-120.855995178,48.4253883362,-51.1848983765,6.97658061981,-45.8480300903,13.1279430389,-22.7285308838,-0.750418245792,-19.4257354736,-3.83194470406,-11.8010406494]},"hfc":{"dmean":6.41953229904,"dmean2":8.51301288605,"dvar":45.185005188,"dvar2":72.6299667358,"max":96.9630432129,"mean":29.8135128021,"median":27.9120521545,"min":1.1260196597e-16,"var":212.188415527},"melbands":{"dmean":[0.00116285483819,0.0016635361826,0.000942482904065,0.000824631599244,0.000293642282486,0.000333835138008,0.000295981153613,0.000203430245165,0.000151615895447,0.000128280065837,0.0000494144660479,0.0000565876543988,0.0000496300744999,0.0000295986683341,0.0000259940788965,0.0000208315850614,0.0000242239475483,0.0000366599379049,0.0000309905917675,0.0000274145022559,0.0000388045300497,0.0000288635237666,0.0000251656274486,0.0000151080103024,0.0000176625344466,0.0000121060375022,0.0000070755249908,0.00000505414845975,0.00000423588153353,0.00000364530205843,0.00000334469200425,0.00000258740442405,0.00000209731524592,0.00000204101888812,0.00000168180338278,0.00000165390304119,0.00000126611791984,9.24294965898e-7,7.91129650679e-7,5.64407400816e-7],"dmean2":[0.00178711442277,0.00271276035346,0.00159765093122,0.001403859118,0.000488135206979,0.000557295046747,0.000496022228617,0.000343350344338,0.000245281582465,0.000209383142646,0.0000798899782239,0.000090527071734,0.0000778823014116,0.0000483513795189,0.000041728540964,0.0000339610414812,0.0000398814336222,0.0000589322953601,0.0000494054620503,0.0000441694101028,0.0000656178090139,0.0000478500624013,0.000041383493226,0.0000240947265411,0.0000294053297694,0.0000203274285013,0.000011853993783,0.00000831075340102,0.0000068648373599,0.00000581523499932,0.00000520871435583,0.00000376862840312,0.00000292199160867,0.00000305634216602,0.00000230588693739,0.00000236697246692,0.00000170372913999,0.00000125181759358,0.00000107790651782,7.94226991729e-7],"dvar":[0.00000402291561841,0.00000759787462812,0.00000119842570712,0.00000197853137252,2.13190261888e-7,4.15968344214e-7,3.06421640062e-7,1.73895301714e-7,1.05984511833e-7,5.99080820507e-8,1.23055015067e-8,3.53909399564e-8,2.23529639243e-8,7.23565563021e-9,2.9495055287e-9,1.89825644092e-9,1.42954670324e-9,3.09282000011e-9,2.59227750377e-9,1.74088943261e-9,2.07952832731e-9,1.09065412257e-9,9.59249124577e-10,4.899405881e-10,3.37499361791e-10,1.79784492849e-10,5.8921159618e-11,3.24505665394e-11,2.73212754504e-11,1.99599815842e-11,2.05035311646e-11,2.01945769135e-11,1.29146164249e-11,1.20675318696e-11,7.96911408391e-12,7.94698334916e-12,3.64849947129e-12,1.85178500138e-12,1.37184523723e-12,8.18772567107e-13],"dvar2":[0.00000925092899706,0.0000175830336957,0.00000318647016684,0.00000546068304175,5.5626651374e-7,0.00000107502773972,7.87706653682e-7,4.52742654034e-7,2.52671981116e-7,1.54527327823e-7,2.71541491514e-8,8.58349693544e-8,4.97130550059e-8,1.69190812471e-8,6.94386015354e-9,4.73093386688e-9,3.30110383473e-9,7.87192711016e-9,6.27136476083e-9,4.11726164273e-9,5.54520518392e-9,2.8757072279e-9,2.44776621194e-9,1.14675469121e-9,8.86021644941e-10,4.99500218964e-10,1.59707455594e-10,8.38526748037e-11,7.08238398484e-11,4.85457472832e-11,4.57087978578e-11,4.16724814378e-11,2.62158923042e-11,2.55765946616e-11,1.49419001477e-11,1.59619557155e-11,6.45072667158e-12,3.33955497804e-12,2.53510515531e-12,1.71965881205e-12],"max":[0.0190520305187,0.0317779481411,0.0097673702985,0.0147855440155,0.00662875501439,0.0123508973047,0.00937251467258,0.00605352409184,0.00547916302457,0.0038280452136,0.00467222882435,0.00397419091314,0.00389388110489,0.00299828336574,0.00113956758287,0.00114719150588,0.000658842676785,0.000812260026578,0.000737563241273,0.00105468940455,0.000942141807172,0.000517977401614,0.000530179648194,0.000338550307788,0.00022909535619,0.000217918888666,0.000101037287095,0.0000769636171754,0.0000654690011288,0.0000620902355877,0.000060452537582,0.0000553457939532,0.0000487934121338,0.0000445916775789,0.0000447444472229,0.0000321706393152,0.0000282688470179,0.0000207730718103,0.000015024304048,0.0000129885811475],"mean":[0.00140164897311,0.00245260866359,0.0014345087111,0.00106040516403,0.000466270052129,0.000453539076261,0.000373256480088,0.000247067917371,0.000205082687899,0.000183151016245,0.0000757732705097,0.0000826355681056,0.0000794435400167,0.0000494706982863,0.0000441242882516,0.0000340704100381,0.0000425433936471,0.0000663652244839,0.0000584707631788,0.0000572230273974,0.0000820878776722,0.0000659262150293,0.0000540419605386,0.0000314317840093,0.0000398305492126,0.0000300350820908,0.0000176282646862,0.0000127214107124,0.0000105478411569,0.00000936297055887,0.00000821760295366,0.0000053593175835,0.00000411263272326,0.00000394438757212,0.00000335922891281,0.00000315040324494,0.00000298607619698,0.00000219846651817,0.00000165865151303,0.00000104559717329],"median":[0.000383216305636,0.00137479230762,0.00109177466948,0.000575680518523,0.000300190964481,0.000231633021031,0.000156221431098,0.000103338788904,0.000087889333372,0.0000885903427843,0.0000436355257989,0.0000345172702509,0.0000281223947241,0.0000252033496508,0.0000276418086287,0.0000209199206438,0.0000270466734946,0.0000411092078139,0.0000298046616081,0.0000386049832741,0.0000670261870255,0.0000545678849448,0.0000439547366113,0.000022338488634,0.0000340589613188,0.0000260464767052,0.0000150878240675,0.000010687390386,0.00000840725078888,0.00000756763165555,0.00000600700150244,0.00000265733319793,0.00000195258189706,0.00000215144427784,0.00000174717399659,0.00000159382966558,0.00000169096244917,0.00000135497725751,9.91521119431e-7,6.04076262789e-7],"min":[1.62560773815e-24,1.87398167884e-24,1.20263442444e-24,2.31669081328e-24,1.11695417077e-24,2.48501716438e-24,3.2901992073e-24,2.85698401385e-24,1.10059615382e-24,1.97525958616e-24,1.8345583551e-24,2.07404370694e-24,3.17520458656e-24,3.60643579483e-24,4.31777376117e-24,3.46044880128e-24,4.9393937879e-24,4.06729977414e-24,3.39070600308e-24,4.81966047971e-24,5.00880763111e-24,4.52166708947e-24,3.5660760932e-24,3.82071171593e-24,6.269541464e-24,5.78285925055e-24,5.78086895449e-24,5.46910757487e-24,5.04901034942e-24,5.61037481363e-24,6.47914969513e-24,5.02855991931e-24,5.71662254465e-24,5.20101990155e-24,5.15746570768e-24,5.40490139694e-24,5.47825165606e-24,6.35799485958e-24,7.25382530355e-24,6.09744948538e-24],"var":[0.00000553967356609,0.00000962860485743,0.00000154580209255,0.00000202809565053,3.33438862299e-7,6.02500279001e-7,4.04800942988e-7,1.87080374303e-7,1.48497164787e-7,8.4203477968e-8,2.01370102815e-8,5.02018835391e-8,5.30895256645e-8,1.69711054099e-8,4.903248918e-9,2.7669253555e-9,2.65943778111e-9,6.13926021131e-9,6.4299436886e-9,3.87261245294e-9,3.912272728e-9,2.38571118416e-9,1.74094227923e-9,9.6087859891e-10,7.03615221642e-10,4.02273464539e-10,1.3456928627e-10,7.71712346803e-11,6.36332028736e-11,4.86079128337e-11,4.91867935271e-11,4.51471984797e-11,2.98076251182e-11,2.44882048667e-11,1.8988107961e-11,1.68647543847e-11,1.19324801776e-11,5.74385634541e-12,3.4917986471e-12,1.59735072391e-12]},"melbands_crest":{"dmean":3.49770998955,"dmean2":5.82903432846,"dvar":8.94156837463,"dvar2":24.4713573456,"max":26.8138885498,"mean":12.9403753281,"median":12.507730484,"min":1.59411931038,"var":18.810628891},"melbands_flatness_db":{"dmean":0.0261691939086,"dmean2":0.0406227521598,"dvar":0.000636642449535,"dvar2":0.00133727851789,"max":0.326152592897,"mean":0.149177029729,"median":0.143818885088,"min":0.00360955810174,"var":0.00230194302276},"melbands_kurtosis":{"dmean":5.62330436707,"dmean2":8.99298000336,"dvar":70.4055786133,"dvar2":155.813583374,"max":192.066390991,"mean":8.94466495514,"median":5.8009557724,"min":-1.6099524498,"var":125.857955933},"melbands_skewness":{"dmean":0.737827122211,"dmean2":1.16470134258,"dvar":0.594620287418,"dvar2":1.2947371006,"max":12.0210018158,"mean":2.56940078735,"median":2.39660215378,"min":-0.254880547523,"var":1.63177573681},"melbands_spread":{"dmean":10.1961927414,"dmean2":16.6028423309,"dvar":93.6696624756,"dvar2":210.570510864,"max":158.939804077,"mean":34.3906555176,"median":32.1832962036,"min":2.66523051262,"var":315.918121338},"mfcc":{"cov":[[7757.27099609,408.625030518,43.2462387085,319.83102417,-152.628936768,16.6920661926,58.547454834,106.96321106,-82.5943145752,-37.2430038452,-77.2187271118,-7.25086402893,-60.7956314087],[408.625030518,648.854919434,-240.77444458,106.795547485,69.4263153076,-56.9195709229,2.30409407616,6.11951446533,56.2151756287,29.3980484009,26.2454948425,41.5148086548,-0.699408531189],[43.2462387085,-240.77444458,308.338470459,-13.7832612991,8.15313625336,54.3377304077,2.91191506386,12.4641857147,-27.5497074127,-0.663268923759,10.6574249268,-13.2031736374,14.7661314011],[319.83102417,106.795547485,-13.7832612991,193.580322266,49.7274360657,21.8819179535,41.1806335449,14.4078025818,10.3453645706,10.5239362717,2.29122591019,32.7248802185,17.037355423],[-152.628936768,69.4263153076,8.15313625336,49.7274360657,125.387069702,3.55289053917,-11.0290937424,-10.016919136,34.4199028015,32.7259025574,25.0863456726,13.3697853088,18.02526474],[16.6920661926,-56.9195709229,54.3377304077,21.8819179535,3.55289053917,105.188049316,66.6710205078,41.0574493408,1.10470712185,-4.84036684036,-5.88834238052,2.12041759491,1.36530673504],[58.547454834,2.30409407616,2.91191506386,41.1806335449,-11.0290937424,66.6710205078,148.852996826,80.2873382568,14.7094259262,-13.1309642792,-5.54260158539,21.292432785,9.62620735168],[106.96321106,6.11951446533,12.4641857147,14.4078025818,-10.016919136,41.0574493408,80.2873382568,90.375328064,27.0538311005,0.90379935503,1.11798083782,9.78583145142,-0.18201495707],[-82.5943145752,56.2151756287,-27.5497074127,10.3453645706,34.4199028015,1.10470712185,14.7094259262,27.0538311005,73.5652008057,43.1681404114,20.5474376678,7.24736452103,4.73437404633],[-37.2430038452,29.3980484009,-0.663268923759,10.5239362717,32.7259025574,-4.84036684036,-13.1309642792,0.90379935503,43.1681404114,64.4326171875,33.9984016418,7.12878084183,3.04259037971],[-77.2187271118,26.2454948425,10.6574249268,2.29122591019,25.0863456726,-5.88834238052,-5.54260158539,1.11798083782,20.5474376678,33.9984016418,51.953994751,18.3925228119,8.78849983215],[-7.25086402893,41.5148086548,-13.2031736374,32.7248802185,13.3697853088,2.12041759491,21.292432785,9.78583145142,7.24736452103,7.12878084183,18.3925228119,45.4727554321,22.5556221008],[-60.7956314087,-0.699408531189,14.7661314011,17.037355423,18.02526474,1.36530673504,9.62620735168,-0.18201495707,4.73437404633,3.04259037971,8.78849983215,22.5556221008,46.1397132874]],"icov":[[0.000167365389643,-0.000170771032572,-0.000159149974934,-0.00032416934846,0.000327328918502,0.0000543054520676,0.000140222357004,-0.000330397975631,0.000306611211272,-0.000250358600169,0.000234593215282,0.000116255956527,0.000112063149572],[-0.000170771032572,0.00293187377974,0.00209826882929,-0.000813035934698,-0.00141924351919,0.000789798388723,0.000219370471314,-0.000509693694767,-0.000836622144561,0.000903645006474,-0.00137288006954,-0.000902822066564,0.000660543504637],[-0.000159149974934,0.00209826882929,0.00596125656739,-0.000239789806074,-0.00162266916595,-0.00203045923263,0.00139648688491,-0.00232450733893,0.00286942441016,-0.000418142590206,-0.00306914933026,0.00246595777571,-0.00249140686356],[-0.00032416934846,-0.000813035934698,-0.000239789806074,0.00825855042785,-0.0032538601663,-0.00077665556455,-0.002185002435,0.00118673080578,0.00136482808739,-0.00225347257219,0.00348565261811,-0.00486931344494,0.0000674702532706],[0.000327328918502,-0.00141924351919,-0.00162266916595,-0.0032538601663,0.0133100552484,-0.00191781821195,0.00143395457417,0.00295980670489,-0.00523565150797,-0.00049875699915,-0.00250089005567,0.00148911389988,-0.00298142712563],[0.0000543054520676,0.000789798388723,-0.00203045923263,-0.00077665556455,-0.00191781821195,0.0161234252155,-0.00649537472054,-0.00212909374386,0.00185168907046,-0.00187876494601,0.00214530574158,0.000827445124742,0.00175974937156],[0.000140222357004,0.000219370471314,0.00139648688491,-0.002185002435,0.00143395457417,-0.00649537472054,0.0179475657642,-0.0123470295221,-0.000574395642616,0.00386035023257,-0.000037327510654,-0.00353564624675,-0.00207323767245],[-0.000330397975631,-0.000509693694767,-0.00232450733893,0.00118673080578,0.00295980670489,-0.00212909374386,-0.0123470295221,0.0277635641396,-0.0122348619625,0.00409394642338,-0.00109372474253,-0.00217004842125,0.00370945548639],[0.000306611211272,-0.000836622144561,0.00286942441016,0.00136482808739,-0.00523565150797,0.00185168907046,-0.000574395642616,-0.0122348619625,0.0341275818646,-0.0215091984719,0.00313009927049,0.00330423796549,-0.00326371239498],[-0.000250358600169,0.000903645006474,-0.000418142590206,-0.00225347257219,-0.00049875699915,-0.00187876494601,0.00386035023257,0.00409394642338,-0.0215091984719,0.0404606536031,-0.0193402487785,0.00189448765013,0.00240761437453],[0.000234593215282,-0.00137288006954,-0.00306914933026,0.00348565261811,-0.00250089005567,0.00214530574158,-0.000037327510654,-0.00109372474253,0.00313009927049,-0.0193402487785,0.0387512333691,-0.0153397871181,0.00197236356325],[0.000116255956527,-0.000902822066564,0.00246595777571,-0.00486931344494,0.00148911389988,0.000827445124742,-0.00353564624675,-0.00217004842125,0.00330423796549,0.00189448765013,-0.0153397871181,0.0425490178168,-0.0170712154359],[0.000112063149572,0.000660543504637,-0.00249140686356,0.0000674702532706,-0.00298142712563,0.00175974937156,-0.00207323767245,0.00370945548639,-0.00326371239498,0.00240761437453,0.00197236356325,-0.0170712154359,0.0323090180755]],"mean":[-595.595153809,97.536529541,-6.90403318405,35.9682579041,14.3368635178,-1.59729218483,-4.03360700607,2.426040411,1.54455125332,1.9319653511,-3.97137236595,1.11184227467,-4.60954380035]},"pitch_salience":{"dmean":0.0794807970524,"dmean2":0.130276218057,"dvar":0.00502094998956,"dvar2":0.0125892311335,"max":0.874392032623,"mean":0.612975895405,"median":0.632446050644,"min":0.208279058337,"var":0.0112680029124},"silence_rate_20dB":{"dmean":0,"dmean2":0,"dvar":0,"dvar2":0,"max":1,"mean":1,"median":1,"min":1,"var":0},"silence_rate_30dB":{"dmean":0.000419727177359,"dmean2":0.000839630549308,"dvar":0.000419524876634,"dvar2":0.00125863635913,"max":1,"mean":0.99979019165,"median":1,"min":0,"var":0.000209782680031},"silence_rate_60dB":{"dmean":0.000419727177359,"dmean2":0.000839630549308,"dvar":0.000419551855884,"dvar2":0.000838935782667,"max":1,"mean":0.0323122106493,"median":0,"min":0,"var":0.0312682725489},"spectral_centroid":{"dmean":290.723907471,"dmean2":474.893463135,"dvar":100181.507812,"dvar2":223870.875,"max":11477.3886719,"mean":1953.24511719,"median":1873.69628906,"min":355.036132812,"var":972303.125},"spectral_complexity":{"dmean":4.29842615128,"dmean2":6.65994977951,"dvar":12.848531723,"dvar2":28.2486457825,"max":60,"mean":34.6888389587,"median":36,"min":0,"var":99.166519165},"spectral_contrast_coeffs":{"dmean":[0.0575941391289,0.0528168231249,0.0362256728113,0.0292327776551,0.0192845892161,0.0149338999763],"dmean2":[0.0953660458326,0.0870119407773,0.0599049478769,0.049006126821,0.032179325819,0.0241411384195],"dvar":[0.00210347236134,0.00173269514926,0.000863507681061,0.000526255229488,0.000234548948356,0.000180926785106],"dvar2":[0.00564523460343,0.00466350279748,0.00237466697581,0.00140291196294,0.000641578575596,0.000419037736719],"max":[-0.364199638367,-0.480420798063,-0.577756404877,-0.614087224007,-0.679151058197,-0.614401102066],"mean":[-0.628091275692,-0.74620860815,-0.804027795792,-0.794341206551,-0.792034745216,-0.754547894001],"median":[-0.629226922989,-0.751693248749,-0.808925628662,-0.798995614052,-0.792973637581,-0.751264572144],"min":[-0.985239684582,-0.975656151772,-0.977682650089,-0.96949660778,-0.966845035553,-0.96501904726],"var":[0.00625763786957,0.0049939295277,0.00242584059015,0.00187508657109,0.00106573407538,0.00164522661362]},"spectral_contrast_valleys":{"dmean":[0.427033662796,0.376048117876,0.289059847593,0.229790747166,0.153796464205,0.214470133185],"dmean2":[0.703114151955,0.618029415607,0.472455829382,0.37299156189,0.245387285948,0.263769298792],"dvar":[0.171885073185,0.160914793611,0.109309151769,0.0806567966938,0.0706051066518,0.0874174982309],"dvar2":[0.393363982439,0.342380613089,0.227321445942,0.147152110934,0.124526530504,0.132525458932],"max":[-5.22558689117,-4.65976667404,-4.83404636383,-5.84932327271,-5.6686258316,-7.93388223648],"mean":[-7.16824817657,-6.58853244781,-7.17898988724,-7.20693349838,-6.78357982635,-9.62157821655],"median":[-6.86341381073,-6.33457374573,-6.90770721436,-6.92442035675,-6.44719934464,-9.35013008118],"min":[-28.2199192047,-28.1300601959,-27.7749671936,-27.6057624817,-27.4539852142,-27.3768367767],"var":[4.72578763962,4.82203578949,4.62523555756,4.54000520706,4.96677684784,3.99727678299]},"spectral_decrease":{"dmean":2.87039036984e-9,"dmean2":4.49591741614e-9,"dvar":1.02983432052e-17,"dvar2":2.24407697808e-17,"max":9.93358554128e-29,"mean":-7.84001485954e-9,"median":-6.96006274836e-9,"min":-3.34104299782e-8,"var":1.97603323648e-17},"spectral_energy":{"dmean":0.0111215496436,"dmean2":0.017310526222,"dvar":0.000150785883307,"dvar2":0.000326515408233,"max":0.128967016935,"mean":0.0322942025959,"median":0.0291632767767,"min":1.01093458511e-20,"var":0.000303093111143},"spectral_energyband_high":{"dmean":0.000470699829748,"dmean2":0.000599051592872,"dvar":4.95948597745e-7,"dvar2":8.56582573761e-7,"max":0.00956038478762,"mean":0.00141237000935,"median":0.000994787784293,"min":7.22196690977e-21,"var":0.00000159773844643},"spectral_energyband_low":{"dmean":0.00715430080891,"dmean2":0.0113300196826,"dvar":0.000123223799164,"dvar2":0.000263414491201,"max":0.11551053822,"mean":0.0116126136854,"median":0.00662183761597,"min":2.51929056747e-23,"var":0.000187468307558},"spectral_energyband_middle_high":{"dmean":0.00184033310506,"dmean2":0.00269716326147,"dvar":0.00000501592921864,"dvar2":0.0000104778300738,"max":0.0361900702119,"mean":0.00726186996326,"median":0.00622908212245,"min":1.20435043515e-21,"var":0.0000201799812203},"spectral_energyband_middle_low":{"dmean":0.00637024920434,"dmean2":0.0104817384854,"dvar":0.0000610110255366,"dvar2":0.000151004991494,"max":0.0732155889273,"mean":0.0134466141462,"median":0.0108617004007,"min":1.51247304238e-22,"var":0.0000978639218374},"spectral_entropy":{"dmean":0.0933986529708,"dmean2":0.137823730707,"dvar":0.00819008797407,"dvar2":0.0166023373604,"max":9.82168197632,"mean":7.92641973495,"median":7.92480564117,"min":6.72813510895,"var":0.0878601595759},"spectral_flux":{"dmean":0.0269121304154,"dmean2":0.0434197336435,"dvar":0.000783514289651,"dvar2":0.00188957457431,"max":0.313696414232,"mean":0.10548812896,"median":0.10045696795,"min":6.48084017008e-11,"var":0.00171612948179},"spectral_kurtosis":{"dmean":0.925459265709,"dmean2":1.52158534527,"dvar":1.05524766445,"dvar2":3.07381916046,"max":27.4150714874,"mean":3.69653248787,"median":3.27842068672,"min":-1.27201557159,"var":5.78865861893},"spectral_rms":{"dmean":0.000918032135814,"dmean2":0.00141444662586,"dvar":8.55631583363e-7,"dvar2":0.0000017874739342,"max":0.0112170176581,"mean":0.00536413490772,"median":0.00533403921872,"min":3.14050565067e-12,"var":0.00000273265959549},"spectral_rolloff":{"dmean":668.761779785,"dmean2":1106.98388672,"dvar":628990.5625,"dvar2":1334901.75,"max":19315.2832031,"mean":2293.74707031,"median":2260.98632812,"min":21.533203125,"var":3761941.5},"spectral_skewness":{"dmean":0.131863474846,"dmean2":0.211945340037,"dvar":0.0161333698779,"dvar2":0.040717061609,"max":3.50536632538,"mean":1.27878713608,"median":1.25443315506,"min":-0.0765584483743,"var":0.117239110172},"spectral_spread":{"dmean":400499.65625,"dmean2":574347.1875,"dvar":596765114368,"dvar2":1191937179650,"max":42334664,"mean":4725703.5,"median":4358313,"min":1628608,"var":13692354691100},"spectral_strongpeak":{"dmean":0.406105965376,"dmean2":0.694470703602,"dvar":0.399845570326,"dvar2":1.02904832363,"max":10.3568439484,"mean":0.607888638973,"median":0.39845380187,"min":0,"var":0.497068822384},"zerocrossingrate":{"dmean":0.0113997533917,"dmean2":0.0139053566381,"dvar":0.000157126196427,"dvar2":0.000269445212325,"max":0.52099609375,"mean":0.0819898620248,"median":0.07568359375,"min":0.013671875,"var":0.00232852692716}},"metadata":{"audio_properties":{"analysis_sample_rate":44100,"bit_rate":0,"codec":"flac","downmix":"mix","equal_loudness":0,"length":110.626663208,"lossless":true,"md5_encoded":"efbe1198cf183c0683c5567a848a2a2e","replay_gain":-8.1250667572,"sample_rate":44100},"tags":{"album":["Brain Drain"],"albumartist":["Ramones"],"albumartistsort":["Ramones"],"artist":["Ramones"],"artistsort":["Ramones"],"date":["1989"],"discnumber":["1"],"disctotal":["1"],"file_name":"08 Learn to Listen.flac","genre":["Punk Rock"],"language":["eng"],"media":["CD"],"musicbrainz_albumartistid":["d6ed7887-a401-47a8-893c-34b967444d26"],"musicbrainz_albumid":["35fedd5a-af25-4934-913e-2be9164cb15b"],"musicbrainz_artistid":["d6ed7887-a401-47a8-893c-34b967444d26"],"musicbrainz_recordingid":["358aabd1-af17-459d-920c-ba37144152c8"],"releasetype":["compilation"],"script":["Latn"],"title":["Learn to Listen"],"totaldiscs":["1"],"totaltracks":["12"],"tracknumber":["8"],"tracktotal":["12"]},"version":{"essentia":"2.1-beta2","essentia_build_sha":"70f2e5ece6736b2c40cc944ad0e695b16b925413","essentia_git_sha":"v2.1_beta2","extractor":"music 1.0"}},"rhythm":{"beats_count":163,"beats_loudness":{"dmean":0.0102209439501,"dmean2":0.0174623727798,"dvar":0.0000753651547711,"dvar2":0.000198601337615,"max":0.0756056085229,"mean":0.0401855744421,"median":0.0408212579787,"min":0,"var":0.000158035516506},"beats_loudness_band_ratio":{"dmean":[0.142409041524,0.119627542794,0.102926418185,0.046694342047,0.0595945119858,0.0559121593833],"dmean2":[0.241764217615,0.20995105803,0.18702340126,0.0858076810837,0.105290040374,0.0988668054342],"dvar":[0.0130183044821,0.00838346127421,0.00885803066194,0.0040167956613,0.0033323157113,0.00173497525975],"dvar2":[0.029498340562,0.0256597455591,0.0286277383566,0.0116493701935,0.00776753714308,0.00478993589059],"max":[0.908461749554,0.577613472939,0.441305100918,0.354212909937,0.482053220272,0.373440057039],"mean":[0.34843853116,0.273631364107,