{"lowlevel":{"average_loudness":0.913168787956,"barkbands":{"dmean":[0.000152073451318,0.00502067012712,0.00260779005475,0.000560350366868,0.000882668129634,0.000431738444604,0.000637908931822,0.000500406895299,0.000789851066656,0.000365679501556,0.0003015952243,0.000269170850515,0.000419888150645,0.000337918900186,0.000374863797333,0.000385698658647,0.000477274006698,0.000324027787428,0.000292044511298,0.000194350417587,0.000186847377336,0.000207790915738,0.000103869926534,0.0000657660057186,0.0000323956774082,0.0000121268285511,0.00000156912460625],"dmean2":[0.000227397526032,0.00836960785091,0.00453773094341,0.000935511197895,0.00139176438097,0.000664319959469,0.000963680096902,0.000785731128417,0.00124532484915,0.00058214814635,0.000464659911813,0.000428847240983,0.000664648134261,0.000543988542631,0.0005983436713,0.000615095894318,0.00077074021101,0.00050872261636,0.000460879673483,0.000303707114654,0.000290213269182,0.000319091777783,0.000162508309586,0.0000992762215901,0.0000502061775478,0.0000182953353942,0.00000237167409978],"dvar":[1.4910192192e-7,0.0000786892996985,0.0000268253661488,0.00000113863586648,0.00000296705366054,8.46440229907e-7,0.00000156517808136,0.00000110068560844,0.00000384006489185,6.28711177342e-7,7.01789474533e-7,3.72256664605e-7,0.00000109973279905,6.70930546676e-7,6.24256699666e-7,6.46825185413e-7,7.06453988641e-7,3.52213589849e-7,2.75258855709e-7,1.62075465937e-7,1.62307529195e-7,1.7261068308e-7,7.57440616894e-8,7.50350750423e-8,2.02146175354e-8,2.01914485132e-9,1.81630110258e-11],"dvar2":[3.45577490179e-7,0.000193722866243,0.0000766853700043,0.00000301168665828,0.00000747129206502,0.00000210589405469,0.00000352926122105,0.00000267443715529,0.00000950114372245,0.00000154006056619,0.00000156939574936,8.92471462066e-7,0.00000261968648374,0.00000164979803685,0.00000145329363477,0.00000152198890646,0.00000176790035766,8.26613700156e-7,6.44980332254e-7,3.55654407258e-7,3.49166299429e-7,3.77761324444e-7,1.70313683157e-7,1.58843562303e-7,4.29619930742e-8,4.1334375922e-9,4.31509307453e-11],"max":[0.0051143495366,0.0838466733694,0.0538467392325,0.016243185848,0.0268359091133,0.0181987825781,0.0306208096445,0.0222860537469,0.0619440302253,0.0211059767753,0.0221923477948,0.0121699003503,0.0188248604536,0.0209850464016,0.0142603460699,0.0203536227345,0.0194049440324,0.0110247060657,0.0135149918497,0.00935966335237,0.0109038967639,0.0096582910046,0.00912607833743,0.0106507819146,0.00592400087044,0.00203771912493,0.000116067654744],"mean":[0.000149466985022,0.00839482713491,0.00466714659706,0.000804736337159,0.00173633790109,0.000956057105213,0.00131372862961,0.000947847962379,0.00134246761445,0.000651264155749,0.000553718709853,0.000421758362791,0.000682808924466,0.000480755174067,0.000585581117775,0.000659054669086,0.000874525809195,0.000573851866648,0.000579732353799,0.000374725612346,0.000349750480382,0.000395020208089,0.000208866753383,0.000134822563268,0.0000523758717463,0.0000188494777831,0.0000020328507162],"median":[0.000012137664271,0.00448965048417,0.00313832936808,0.00041790510295,0.000798162131105,0.000263295689365,0.000416064634919,0.000199001660803,0.000319118582411,0.000147334823851,0.0000813832884887,0.000107041887532,0.000120270437037,0.000133398672915,0.000205385600566,0.000216602318687,0.000410120963352,0.000261071894784,0.000306162575725,0.000165368968737,0.000174491637154,0.000190528866369,0.0000959591270657,0.0000554982943868,0.0000146723532453,0.00000463037667942,4.48076235671e-7],"min":[8.76729163225e-25,6.45596310097e-24,3.62508880536e-24,1.0481870949e-24,1.08297941069e-23,7.81935731992e-24,7.8482690721e-24,1.51379346932e-23,1.62273516033e-23,2.82332907771e-23,3.39403744157e-23,2.40861243583e-23,3.18975055056e-23,4.29772683342e-23,6.41181915469e-23,7.502332897e-23,1.10125146452e-22,1.08501910523e-22,1.05951630501e-22,2.04450936207e-22,2.33112815114e-22,3.70764877889e-22,4.25683935229e-22,6.93257829754e-22,9.9590708021e-22,1.45107300676e-21,1.86599768704e-21],"var":[1.58446084697e-7,0.000108803498733,0.0000277049493889,0.00000149427319229,0.00000574990463065,0.0000027056817089,0.00000509674191562,0.00000339855023412,0.00000874017314345,0.00000185698502264,0.00000190799323718,6.97564757957e-7,0.00000271796807283,0.00000129731267862,0.00000132829222821,0.00000175912543909,0.00000163793538377,8.14860186438e-7,6.97270706951e-7,3.79570792575e-7,3.29674094246e-7,3.70277916772e-7,1.85012396514e-7,1.96697229171e-7,4.06125977293e-8,4.64016425283e-9,2.48245798917e-11]},"barkbands_crest":{"dmean":2.5409758091,"dmean2":4.12127637863,"dvar":6.98971176147,"dvar2":17.7572536469,"max":26.2096042633,"mean":11.5416307449,"median":10.4370985031,"min":2.2932498455,"var":27.483379364},"barkbands_flatness_db":{"dmean":0.0240785311908,"dmean2":0.0348722599447,"dvar":0.000916556979064,"dvar2":0.00178939418402,"max":0.702625632286,"mean":0.170615300536,"median":0.133973628283,"min":0.0268863905221,"var":0.0139523269609},"barkbands_kurtosis":{"dmean":8.06213569641,"dmean2":12.3967313766,"dvar":755.074401855,"dvar2":1611.13989258,"max":1108.17810059,"mean":17.8328037262,"median":0.877724885941,"min":-1.93183374405,"var":3043.42016602},"barkbands_skewness":{"dmean":0.730139613152,"dmean2":1.10938966274,"dvar":1.2934769392,"dvar2":2.73590135574,"max":25.460811615,"mean":2.05410695076,"median":1.27060484886,"min":-2.77278327942,"var":6.82387971878},"barkbands_spread":{"dmean":6.07080173492,"dmean2":9.33661651611,"dvar":64.6147613525,"dvar2":138.440338135,"max":104.906044006,"mean":25.9517726898,"median":25.5335292816,"min":0.119257673621,"var":283.820983887},"dissonance":{"dmean":0.0149827254936,"dmean2":0.0241804290563,"dvar":0.000252145575359,"dvar2":0.000619486207142,"max":0.499933600426,"mean":0.461542665958,"median":0.471249043941,"min":0.237207263708,"var":0.00124991650227},"dynamic_complexity":2.95258665085,"erbbands":{"dmean":[0.127055540681,1.26235711575,3.05737876892,2.41598749161,2.04231834412,3.41736006737,3.15815520287,3.6148147583,8.98988437653,9.41871643066,11.4867525101,19.8303985596,9.19416046143,11.2945737839,12.2334756851,11.991651535,18.4615955353,16.6366004944,17.271282196,19.8278045654,19.5631484985,22.7629108429,17.6161880493,14.0002126694,14.6475543976,8.78044509888,7.3800945282,7.50756978989,7.55375909805,5.35995388031,2.74655532837,1.72374331951,0.93553096056,0.427997171879,0.201599240303,0.0785675421357,0.0171113517135,0.00254015438259,0.00026965275174,0.0000206892709684],"dmean2":[0.204593017697,2.14832901955,5.38368701935,4.06969881058,3.32200956345,5.35098171234,4.862885952,5.67836236954,13.3958349228,14.5563144684,18.0176715851,31.2839412689,14.4820203781,17.790184021,18.9082145691,18.9933662415,29.0429477692,26.7231063843,27.4690170288,31.4907493591,30.7543048859,36.280708313,27.3566303253,22.0860557556,23.0192260742,13.7647008896,11.3400583267,11.7609472275,11.6562833786,8.42387390137,4.21988487244,2.60188436508,1.447671175,0.667264580727,0.315963894129,0.120638109744,0.0257757753134,0.00382734579034,0.000406733335694,0.0000316642799589],"dvar":[0.0778213366866,4.67869472504,31.7427597046,21.9822654724,12.7231311798,62.6746940613,55.2058181763,72.1988601685,333.596496582,365.309326172,573.68951416,2603.97973633,524.435058594,709.679260254,949.614868164,708.940551758,2272.61230469,1768.81835938,1395.20715332,2046.44763184,1600.61450195,1668.90795898,933.976379395,704.463928223,782.737792969,363.31729126,239.058654785,281.586303711,233.585510254,134.863296509,66.5293426514,41.1410293579,18.4930820465,3.91059374809,0.699085175991,0.0881184563041,0.00435207784176,0.0000644911633572,5.56097234039e-7,1.83210391302e-9],"dvar2":[0.183679997921,12.4950265884,92.4139099121,58.6039085388,32.3536834717,157.857406616,133.580581665,187.521316528,753.346740723,868.045593262,1394.8046875,6425.12451172,1225.28527832,1745.76782227,2237.34008789,1727.75598145,5352.74658203,4463.25585938,3259.44555664,4836.03857422,3701.83984375,4128.46435547,2145.22314453,1673.56298828,1799.76843262,826.134643555,511.880065918,624.48046875,516.983642578,314.844024658,145.10105896,87.8550262451,39.2960166931,8.6469745636,1.44920241833,0.183047696948,0.00910542719066,0.000144041070598,0.00000132941966058,4.29343050001e-9],"max":[3.05428147316,21.3528251648,57.6150550842,61.1662406921,55.8134803772,134.836517334,206.806121826,187.705429077,440.11541748,382.569702148,624.857055664,1750.16259766,868.007873535,462.37991333,928.011657715,518.27130127,969.450378418,1227.02502441,884.582824707,999.147766113,1162.30871582,720.682922363,490.928344727,554.772216797,760.799682617,503.494110107,489.859680176,336.805450439,420.486297607,298.790649414,264.075897217,258.975097656,170.807312012,82.9920272827,34.1576385498,13.252158165,3.02899479866,0.307615906,0.0243405774236,0.00112619274296],"mean":[0.160103827715,2.16116094589,5.7768034935,4.00908994675,3.50979948044,6.31051445007,7.17444896698,7.71373748779,19.8338451385,18.1465625763,22.9207496643,34.2496910095,19.0218544006,19.1791553497,23.8457183838,20.6003417969,31.744802475,25.8524188995,29.2284164429,34.827255249,35.5724182129,44.6084747314,35.4875907898,26.5297889709,30.9727725983,17.730298996,14.1094789505,13.7304039001,14.1006336212,10.0079631805,5.6578874588,3.50386714935,1.87696456909,0.727934718132,0.306324452162,0.12036576122,0.0266787260771,0.0036862208508,0.000363004917745,0.0000515862557222],"median":[0.0458416566253,1.25848865509,4.11271715164,2.65220975876,1.56339037418,2.57415676117,2.01343655586,2.75060653687,5.59996986389,6.72622346878,7.76568508148,9.25946044922,5.44620990753,5.29994773865,6.15627527237,6.78707742691,6.68352556229,8.66269874573,11.2444782257,12.0712871552,13.9268760681,22.0237483978,18.2507247925,15.062420845,14.8410758972,8.87921047211,7.74808979034,6.68670606613,6.80936002731,4.7181968689,2.46265459061,1.49213993549,0.68576669693,0.203616485,0.0840754657984,0.0311290360987,0.00650547724217,0.000852704164572,0.0000937446457101,0.0000381263125746],"min":[2.35178015098e-22,6.34630293123e-22,3.82240726516e-21,5.10372820936e-21,3.084949415e-20,4.1326867519e-20,4.25388551374e-20,9.92308222545e-20,9.93755077758e-20,1.99953051153e-19,2.37389694714e-19,3.47650724867e-19,9.47047458516e-19,8.20229710468e-19,1.2554875993e-18,1.11928352265e-18,1.78783860427e-18,2.56916652751e-18,4.2244887297e-18,4.4285504645e-18,4.82103112154e-18,5.89894258547e-18,6.32555478254e-18,8.38222977422e-18,6.08323966672e-18,1.06787643961e-17,1.03591335356e-17,1.03866852674e-17,1.27146560613e-17,1.31634429026e-17,1.14737081258e-17,1.26807672988e-17,1.35032958476e-17,9.36615366823e-18,7.92525798072e-18,5.27079155447e-18,2.3434179782e-18,9.96865755075e-19,2.62059089863e-19,2.69175815811e-20],"var":[0.082808226347,6.26881456375,33.7044868469,23.8789978027,23.6448688507,102.694839478,186.436386108,202.475158691,1168.93017578,1050.55163574,1632.85864258,5911.23681641,2294.75634766,1384.04724121,2588.30004883,1429.95263672,5748.1796875,3551.01708984,3273.51000977,4948.88134766,3918.16479492,3847.0847168,2406.3894043,1490.4050293,2146.43798828,796.88494873,512.539794922,515.085693359,470.781677246,275.466674805,169.105911255,100.382575989,49.2258148193,8.79145812988,1.23809194565,0.195328488946,0.00888631585985,0.000116644856462,7.30879094135e-7,2.75995870602e-9]},"erbbands_crest":{"dmean":2.53898358345,"dmean2":4.02572584152,"dvar":6.9417309761,"dvar2":16.3647384644,"max":30.2711906433,"mean":10.1833496094,"median":8.59119319916,"min":2.62348031998,"var":29.9516811371},"erbbands_flatness_db":{"dmean":0.0159784965217,"dmean2":0.023164883256,"dvar":0.000298199563986,"dvar2":0.000586841371842,"max":0.4948541224,"mean":0.166997686028,"median":0.154489025474,"min":0.0269849244505,"var":0.00408989563584},"erbbands_kurtosis":{"dmean":1.58298075199,"dmean2":2.37255334854,"dvar":14.6918811798,"dvar2":30.3518123627,"max":233.757232666,"mean":4.81671905518,"median":-0.0795948505402,"min":-1.87217223644,"var":489.43057251},"erbbands_skewness":{"dmean":0.421396404505,"dmean2":0.618344306946,"dvar":0.310839474201,"dvar2":0.6002125144,"max":12.0079059601,"mean":0.355998873711,"median":-0.0104876253754,"min":-4.53036928177,"var":2.97719073296},"erbbands_spread":{"dmean":8.89191627502,"dmean2":13.7784414291,"dvar":127.583854675,"dvar2":300.208404541,"max":157.397735596,"mean":41.3531188965,"median":38.0080299377,"min":0.570934355259,"var":477.016296387},"gfcc":{"cov":[[19326.6875,-2010.71398926,-5089.64697266,-477.347412109,-2287.57714844,279.066192627,-537.567687988,759.426940918,82.3134155273,479.808013916,207.786315918,393.219360352,-214.110778809],[-2010.71398926,1313.61816406,369.611328125,-176.908447266,378.087799072,-145.09753418,150.221572876,-158.140533447,85.5707702637,-158.040771484,37.5838241577,-81.5048446655,58.0229110718],[-5089.64697266,369.611328125,2518.80737305,516.332946777,863.178405762,108.555374146,168.449447632,-143.295425415,-47.3673934937,-9.95599365234,-156.664123535,-23.6718235016,48.6376876831],[-477.347412109,-176.908447266,516.332946777,508.834869385,207.392318726,65.2158508301,-6.48446941376,20.8832988739,45.0421905518,32.745426178,-42.2728919983,-20.6794643402,13.2319726944],[-2287.57714844,378.087799072,863.178405762,207.392318726,649.219482422,93.2338790894,123.991203308,-75.5911712646,49.0894012451,-26.3409194946,-59.760723114,-22.7866172791,47.8613357544],[279.066192627,-145.09753418,108.555374146,65.2158508301,93.2338790894,370.65914917,163.567550659,77.7020797729,10.5937623978,48.2839355469,-3.72221660614,0.482994019985,-28.1494808197],[-537.567687988,150.221572876,168.449447632,-6.48446941376,123.991203308,163.567550659,244.404754639,41.62084198,-1.03646719456,-18.99766922,5.8461933136,-22.813999176,-13.9621543884],[759.426940918,-158.140533447,-143.295425415,20.8832988739,-75.5911712646,77.7020797729,41.62084198,176.989898682,47.4034957886,34.6333885193,-0.698030591011,4.91533279419,-26.2982769012],[82.3134155273,85.5707702637,-47.3673934937,45.0421905518,49.0894012451,10.5937623978,-1.03646719456,47.4034957886,151.814697266,39.47706604,-4.94993019104,-14.7443275452,7.73151254654],[479.808013916,-158.040771484,-9.95599365234,32.745426178,-26.3409194946,48.2839355469,-18.99766922,34.6333885193,39.47706604,133.686828613,25.0827007294,21.1028404236,-16.4399662018],[207.786315918,37.5838241577,-156.664123535,-42.2728919983,-59.760723114,-3.72221660614,5.8461933136,-0.698030591011,-4.94993019104,25.0827007294,104.144485474,27.1172771454,-4.08722066879],[393.219360352,-81.5048446655,-23.6718235016,-20.6794643402,-22.7866172791,0.482994019985,-22.813999176,4.91533279419,-14.7443275452,21.1028404236,27.1172771454,129.151657104,36.2010498047],[-214.110778809,58.0229110718,48.6376876831,13.2319726944,47.8613357544,-28.1494808197,-13.9621543884,-26.2982769012,7.73151254654,-16.4399662018,-4.08722066879,36.2010498047,94.7574768066]],"icov":[[0.000302764616208,-0.00040295830695,0.000626041612122,-0.000544798735064,0.000481119321194,-0.000521148205735,0.000508020282723,-0.000667530635837,0.000702856516,-0.00105324876495,0.00105367612559,-0.00101988541428,0.000372367707314],[-0.00040295830695,0.00276240566745,-0.00113865709864,0.00192999921273,-0.00154216354713,0.00171712297015,-0.00194847432431,0.00207079946995,-0.00331094255671,0.00356414774433,-0.00349583639763,0.00239100470208,-0.000886146095581],[0.000626041612122,-0.00113865709864,0.00232635205612,-0.00189904321451,0.0000609963353781,-0.000896211713552,0.000709928805009,-0.00121112936176,0.00264167692512,-0.00310524483211,0.00341076566838,-0.00250540720299,0.00100434350315],[-0.000544798735064,0.00192999921273,-0.00189904321451,0.00455282023177,-0.00166540115606,0.000871502270456,-0.000349295412889,0.000925195869058,-0.00303852651268,0.00289580994286,-0.00321705313399,0.0030943499878,-0.00133902323432],[0.000481119321194,-0.00154216354713,0.0000609963353781,-0.00166540115606,0.0049200290814,-0.00179332343396,0.000227568816626,0.0000169920222106,-0.00000940870086197,-0.00169242930133,0.00268771219999,-0.00202610949054,-0.000149758925545],[-0.000521148205735,0.00171712297015,-0.000896211713552,0.000871502270456,-0.00179332343396,0.00614832388237,-0.0046639284119,0.000758523179684,-0.00141838006675,0.000678153359331,-0.00175992830191,0.00157223979477,-0.0000783106224844],[0.000508020282723,-0.00194847432431,0.000709928805009,-0.000349295412889,0.000227568816626,-0.0046639284119,0.00950214173645,-0.00386096490547,0.00272364495322,-0.000587561633438,0.00052156788297,-0.000757503963541,0.000841230677906],[-0.000667530635837,0.00207079946995,-0.00121112936176,0.000925195869058,0.0000169920222106,0.000758523179684,-0.00386096490547,0.0109024606645,-0.00565171986818,0.00278854812495,-0.0017604585737,0.00121460447554,0.00079473410733],[0.000702856516,-0.00331094255671,0.00264167692512,-0.00303852651268,-0.00000940870086197,-0.00141838006675,0.00272364495322,-0.00565171986818,0.0138174807653,-0.00802426971495,0.00526496814564,-0.00158417865168,-0.000587175891269],[-0.00105324876495,0.00356414774433,-0.00310524483211,0.00289580994286,-0.00169242930133,0.000678153359331,-0.000587561633438,0.00278854812495,-0.00802426971495,0.0167549811304,-0.00872785132378,0.00289177615196,0.000451210304163],[0.00105367612559,-0.00349583639763,0.00341076566838,-0.00321705313399,0.00268771219999,-0.00175992830191,0.00052156788297,-0.0017604585737,0.00526496814564,-0.00872785132378,0.0183502435684,-0.00719786947593,0.00252544763498],[-0.00101988541428,0.00239100470208,-0.00250540720299,0.0030943499878,-0.00202610949054,0.00157223979477,-0.000757503963541,0.00121460447554,-0.00158417865168,0.00289177615196,-0.00719786947593,0.0145074371248,-0.00642068544403],[0.000372367707314,-0.000886146095581,0.00100434350315,-0.00133902323432,-0.000149758925545,-0.0000783106224844,0.000841230677906,0.00079473410733,-0.000587175891269,0.000451210304163,0.00252544763498,-0.00642068544403,0.0146936979145]],"mean":[-19.8966255188,84.4144210815,-109.752929688,55.9482345581,-48.8531112671,14.954454422,-29.3977718353,8.72811985016,-13.1568670273,-1.09950017929,-17.0288925171,-2.29833388329,-15.3020105362]},"hfc":{"dmean":6.81757545471,"dmean2":10.1294603348,"dvar":138.741333008,"dvar2":288.96673584,"max":213.560775757,"mean":24.5055942535,"median":19.8212184906,"min":1.08519995083e-16,"var":487.487335205},"melbands":{"dmean":[0.0012499197619,0.00162806850858,0.000390680477722,0.000211851554923,0.000112451954919,0.0000827880285215,0.00013554742327,0.000103559876152,0.00011392540182,0.000111873087008,0.000044789583626,0.0000469966034871,0.0000429060528404,0.0000310601280944,0.0000447145866929,0.0000321642401104,0.0000341493359883,0.000028718586691,0.000024927287086,0.000028827073038,0.0000259534353972,0.0000239302062255,0.0000273350433417,0.0000135370810312,0.0000120341755974,0.0000124453908938,0.00000899813676369,0.00000566303560845,0.00000456919724456,0.00000490923230245,0.00000465418452222,0.00000439676205133,0.0000044360508582,0.00000261050513473,0.00000171792407855,0.00000137362087571,0.00000105141543827,7.43181374219e-7,5.4254871884e-7,3.23629990362e-7],"dmean2":[0.00204406678677,0.00285041378811,0.00066043890547,0.000332575436914,0.00017455748457,0.000129181556986,0.00020224560285,0.000160326992045,0.00017896987265,0.00017633276002,0.000070915579272,0.0000743265118217,0.0000656427509966,0.0000498583758599,0.0000694580303389,0.0000511122379976,0.0000549457618035,0.0000457515889138,0.0000395303795813,0.0000462486605102,0.0000412871013395,0.000038625770685,0.0000439170762547,0.0000213191451621,0.000019116252588,0.0000198669677047,0.0000140030324474,0.00000908487982088,0.00000709755931894,0.00000775282114773,0.00000745453462514,0.00000683178313921,0.00000693518722983,0.00000418969739258,0.00000266067945631,0.00000212594704863,0.0000016112518324,0.00000115688362712,8.48913828122e-7,5.09657752445e-7],"dvar":[0.00000571239934288,0.00000794451443653,5.73284751226e-7,1.85599446922e-7,6.30810461644e-8,3.37797168015e-8,7.49516289034e-8,4.52705108955e-8,5.75436231998e-8,7.98791077727e-8,1.29470034693e-8,1.25314674193e-8,1.39340228245e-8,4.41057101952e-9,1.16414966556e-8,6.50152909287e-9,7.74180541896e-9,4.13187084547e-9,3.05856562299e-9,4.09949585389e-9,2.99026980954e-9,2.14755035977e-9,2.33865615762e-9,6.50362153021e-10,5.62158430917e-10,5.6857313302e-10,3.34728300633e-10,1.69537217598e-10,9.51617187828e-11,1.12091065596e-10,1.05845755771e-10,7.77968106602e-11,8.77259306864e-11,3.44907505334e-11,2.62856611477e-11,2.06541537345e-11,1.73461297409e-11,1.0729420824e-11,8.38994585611e-12,2.04431306952e-12],"dvar2":[0.0000133586308948,0.0000226684787776,0.00000154118822593,4.60199657937e-7,1.56613850777e-7,8.69460592412e-8,1.67656153849e-7,1.0783090687e-7,1.4153307859e-7,1.96739591729e-7,3.05137106693e-8,3.10339274279e-8,3.11954728716e-8,1.11472342468e-8,2.6331711922e-8,1.54272914443e-8,1.92505158481e-8,9.59208446005e-9,7.02104552275e-9,9.9260422104e-9,6.93568136256e-9,5.39027222857e-9,5.67969893339e-9,1.57396595757e-9,1.3558288936e-9,1.34640165683e-9,7.13430425847e-10,4.04251215835e-10,2.0563306613e-10,2.48596171426e-10,2.42808551043e-10,1.73675338e-10,1.9997829781e-10,8.48314959945e-11,5.9718605061e-11,4.58141927173e-11,3.81137239824e-11,2.32397226463e-11,2.0296715697e-11,4.57414314758e-12],"max":[0.0241511370987,0.0256030466408,0.00961374212056,0.00735732866451,0.006973171141,0.00363321090117,0.00682842778042,0.00423907255754,0.00499822525308,0.00948139186949,0.00424349540845,0.0018466085894,0.00363633478992,0.00136414216831,0.00217383168638,0.00193362147547,0.00273002311587,0.00137933087535,0.00107897701673,0.00152399402577,0.00181615399197,0.000971719971858,0.000726811413188,0.0005634429981,0.000537415849976,0.000625922868494,0.000415778107708,0.000342681916663,0.000272573553957,0.000286212889478,0.000194942462258,0.000231907659327,0.000196491630049,0.00018163358618,0.000178789938218,0.000174699089257,0.000190258797375,0.00012943528418,0.00013540040527,0.000062718630943],"mean":[0.00193055009004,0.00309772905894,0.000670250563417,0.000386070809327,0.000251871068031,0.00017808303528,0.00029623840237,0.000196326160221,0.000218216431676,0.000191293569515,0.0000879034705576,0.0000744595381548,0.0000807191390777,0.0000527838346898,0.0000724258861737,0.0000533771490154,0.0000485254022351,0.0000455329318356,0.0000393989539589,0.0000496798093081,0.0000413706729887,0.0000438156312157,0.0000481890492665,0.0000241167781496,0.0000201510338229,0.0000238542634179,0.0000182393450814,0.0000101033556348,0.00000809035282145,0.00000883083885128,0.00000778207322583,0.00000781011840445,0.00000785054635344,0.00000460160299554,0.00000329265049004,0.0000026444561172,0.00000198441102839,0.00000142734370456,9.32259126785e-7,4.91155049076e-7],"median":[0.000866116257384,0.00258891144767,0.000476538232761,0.000148584716953,0.00008752404392,0.0000570071715629,0.0000843203597469,0.0000656281918054,0.0000700936143403,0.0000463810574729,0.000017449941879,0.0000181567211257,0.0000163106087712,0.0000153859546117,0.0000156126134243,0.0000114608574222,0.0000128665378725,0.0000158918446687,0.000014004037439,0.0000153764376591,0.0000147374576045,0.0000197287208721,0.000021880330678,0.0000109962602437,0.0000102516405605,0.0000113771375254,0.00000746961859477,0.00000466478741146,0.00000419102707383,0.000004251035989,0.00000356900568477,0.00000375690615328,0.00000325170071847,0.0000021672613002,0.00000135267896439,0.00000105194862954,8.19491162929e-7,5.27983218035e-7,2.43020366497e-7,1.29186432218e-7],"min":[1.88128021994e-24,2.93715930031e-24,1.20987774527e-24,2.84817697349e-24,1.59861982051e-24,2.04063781418e-24,1.58666404184e-24,2.42044337726e-24,1.77597892479e-24,2.07665404767e-24,4.68163112054e-24,2.56845932106e-24,4.83222427292e-24,2.58611974736e-24,3.6021546467e-24,4.30132916674e-24,3.91280294358e-24,5.20260156767e-24,4.41042981323e-24,5.91977237154e-24,5.6266541417e-24,5.80793911088e-24,4.53287443635e-24,5.10216892481e-24,6.25911627271e-24,4.01498449106e-24,5.96466250135e-24,6.17148605348e-24,6.11618374859e-24,5.28100290316e-24,5.29095280576e-24,6.47699847144e-24,7.14792230475e-24,6.56335625803e-24,5.72208501199e-24,8.01542159817e-24,6.99865641085e-24,8.42492244951e-24,7.96574702697e-24,6.78733792928e-24],"var":[0.00000734412697057,0.00000855488815432,5.8947313164e-7,3.48640185166e-7,1.84800612146e-7,1.04090787545e-7,2.64412108208e-7,1.3700586976e-7,1.49064135258e-7,1.8105075128e-7,5.51884085098e-8,2.31631425152e-8,3.73113770991e-8,8.98865604171e-9,2.79248180135e-8,1.80243286962e-8,1.54898831539e-8,8.93169627147e-9,6.1042197963e-9,1.20398864212e-8,6.38859898316e-9,4.47749126664e-9,5.08653785758e-9,1.54247448148e-9,1.02118413725e-9,1.36952926777e-9,9.51352219225e-10,3.11382863938e-10,1.88776549948e-10,2.23192145321e-10,1.74749090198e-10,1.47533832373e-10,1.79076795059e-10,6.22221579816e-11,6.10109671118e-11,4.75374392628e-11,3.85361048627e-11,2.60732962998e-11,1.84545573267e-11,3.86697618371e-12]},"melbands_crest":{"dmean":2.8254532814,"dmean2":4.50869560242,"dvar":8.30053710938,"dvar2":20.1425075531,"max":32.0257377625,"mean":16.9797077179,"median":16.7057247162,"min":1.81018137932,"var":40.4228858948},"melbands_flatness_db":{"dmean":0.0304573327303,"dmean2":0.044564884156,"dvar":0.00146466330625,"dvar2":0.0029056686908,"max":0.851198375225,"mean":0.23561501503,"median":0.187975779176,"min":0.0043611661531,"var":0.0223489161581},"melbands_kurtosis":{"dmean":16.5371112823,"dmean2":25.657585144,"dvar":1724.74121094,"dvar2":3781.63891602,"max":769.876037598,"mean":35.2854728699,"median":8.29316043854,"min":-1.83543336391,"var":5810.88769531},"melbands_skewness":{"dmean":0.988599777222,"dmean2":1.53392314911,"dvar":1.9554194212,"dvar2":4.43530750275,"max":22.2919521332,"mean":3.41057538986,"median":2.47588634491,"min":-0.63793951273,"var":8.54986095428},"melbands_spread":{"dmean":8.14886379242,"dmean2":12.6806545258,"dvar":144.366577148,"dvar2":309.957092285,"max":248.770111084,"mean":27.0919837952,"median":23.7754020691,"min":0.201336592436,"var":556.819824219},"mfcc":{"cov":[[14109.4912109,-1427.12573242,-2706.03588867,-988.506652832,-1631.63879395,-917.351501465,-783.080932617,-49.5602378845,-332.919891357,180.363967896,172.801422119,170.27734375,191.513015747],[-1427.12573242,1225.62060547,111.121620178,-6.64885139465,117.580986023,36.5619125366,39.9585266113,40.1267814636,1.91311883926,-61.4874763489,-7.54098415375,-10.0758142471,6.14943647385],[-2706.03588867,111.121620178,1167.65942383,378.959228516,473.95300293,338.364593506,242.840438843,44.5979957581,156.469833374,-30.2412014008,12.0529937744,20.7059135437,-38.4212036133],[-988.506652832,-6.64885139465,378.959228516,474.236541748,290.280609131,90.8432922363,-1.27918744087,-15.2429800034,58.4798088074,-6.24431324005,-14.9872694016,-13.1566867828,10.0039291382],[-1631.63879395,117.580986023,473.95300293,290.280609131,506.923278809,237.800231934,92.6313400269,24.6597499847,127.177612305,8.14112472534,-1.52869307995,2.10746860504,-4.57767248154],[-917.351501465,36.5619125366,338.364593506,90.8432922363,237.800231934,323.455657959,177.414321899,59.4296989441,100.74533844,13.6443681717,48.7141418457,19.5687103271,-26.8712158203],[-783.080932617,39.9585266113,242.840438843,-1.27918744087,92.6313400269,177.414321899,291.090759277,98.845954895,58.8203544617,3.34332585335,46.1528053284,17.4555740356,-37.8666381836],[-49.5602378845,40.1267814636,44.5979957581,-15.2429800034,24.6597499847,59.4296989441,98.845954895,165.226852417,67.5100097656,9.80531787872,33.5817642212,20.5023021698,-7.85760688782],[-332.919891357,1.91311883926,156.469833374,58.4798088074,127.177612305,100.74533844,58.8203544617,67.5100097656,171.421417236,45.3835334778,30.3847904205,25.5616588593,-4.6196064949],[180.363967896,-61.4874763489,-30.2412014008,-6.24431324005,8.14112472534,13.6443681717,3.34332585335,9.80531787872,45.3835334778,126.684455872,56.6991729736,15.7740058899,-1.92263615131],[172.801422119,-7.54098415375,12.0529937744,-14.9872694016,-1.52869307995,48.7141418457,46.1528053284,33.5817642212,30.3847904205,56.6991729736,133.473571777,56.374671936,-4.72445869446],[170.27734375,-10.0758142471,20.7059135437,-13.1566867828,2.10746860504,19.5687103271,17.4555740356,20.5023021698,25.5616588593,15.7740058899,56.374671936,95.8229522705,25.7653121948],[191.513015747,6.14943647385,-38.4212036133,10.0039291382,-4.57767248154,-26.8712158203,-37.8666381836,-7.85760688782,-4.6196064949,-1.92263615131,-4.72445869446,25.7653121948,90.6024703979]],"icov":[[0.000198969588382,0.000167524893186,0.000282737979433,-0.00001628625796,0.000355678697815,-0.000109913809865,0.000327100628056,-0.000192655832507,-0.0000340870283253,-0.0000178635309567,-0.000182789764949,-0.000243882313953,-0.000147170721903],[0.000167524893186,0.00103382673115,0.000182023301022,0.000256330065895,-0.000133961206302,0.000104952225229,0.000280217442196,-0.000410294043832,0.0000944874773268,0.000495555985253,-0.000447935279226,0.0000611798895989,-0.00029492325848],[0.000282737979433,0.000182023301022,0.00232661212794,-0.000966694904491,-0.000153317872901,-0.00074742094148,-0.000604666187428,0.000326042820234,-0.00063305022195,0.000617397308815,0.0000105919261841,-0.000935843796469,0.000277021928923],[-0.00001628625796,0.000256330065895,-0.000966694904491,0.00396646140143,-0.00206319219433,0.000800239504315,0.000841216358822,-0.0000353407522198,0.00016387681535,0.000216222935705,-0.000602144224104,0.000995607348159,-0.00065084407106],[0.000355678697815,-0.000133961206302,-0.000153317872901,-0.00206319219433,0.00603933399543,-0.00291121331975,0.00107572751585,0.0000178244426934,-0.00155167607591,-0.000588279974181,0.000844501773827,-0.000457908812677,-0.000604427768849],[-0.000109913809865,0.000104952225229,-0.00074742094148,0.000800239504315,-0.00291121331975,0.00768384197727,-0.00306016369723,0.000503951800056,-0.00124234438408,0.000672934576869,-0.00185578991659,0.00062934163725,0.000391638284782],[0.000327100628056,0.000280217442196,-0.000604666187428,0.000841216358822,0.00107572751585,-0.00306016369723,0.00759666971862,-0.00340577703901,0.000860237691086,0.0000632709488855,-0.00094697723398,-0.000325976114254,0.0010551471496],[-0.000192655832507,-0.000410294043832,0.000326042820234,-0.0000353407522198,0.0000178244426934,0.000503951800056,-0.00340577703901,0.00945843476802,-0.00368203013204,0.00115388189442,-0.000867924827617,0.0000462979369331,-0.0000971936169663],[-0.0000340870283253,0.0000944874773268,-0.00063305022195,0.00016387681535,-0.00155167607591,-0.00124234438408,0.000860237691086,-0.00368203013204,0.0103376349434,-0.00351956323721,0.00109648855869,-0.00177893275395,0.000387904845411],[-0.0000178635309567,0.000495555985253,0.000617397308815,0.000216222935705,-0.000588279974181,0.000672934576869,0.0000632709488855,0.00115388189442,-0.00351956323721,0.0116840014234,-0.0055291717872,0.00192736764438,-0.000229491372011],[-0.000182789764949,-0.000447935279226,0.0000105919261841,-0.000602144224104,0.000844501773827,-0.00185578991659,-0.00094697723398,-0.000867924827617,0.00109648855869,-0.0055291717872,0.0141901299357,-0.00743848597631,0.002302830806],[-0.000243882313953,0.0000611798895989,-0.000935843796469,0.000995607348159,-0.000457908812677,0.00062934163725,-0.000325976114254,0.0000462979369331,-0.00177893275395,0.00192736764438,-0.00743848597631,0.0170943140984,-0.00526305893436],[-0.000147170721903,-0.00029492325848,0.000277021928923,-0.00065084407106,-0.000604427768849,0.000391638284782,0.0010551471496,-0.0000971936169663,0.000387904845411,-0.000229491372011,0.002302830806,-0.00526305893436,0.0137075297534]],"mean":[-653.971130371,101.737007141,5.02164554596,40.8601074219,9.34910488129,14.6904335022,-2.9669880867,13.259396553,3.59716844559,4.9712100029,4.05708122253,4.05301761627,-1.17873191833]},"pitch_salience":{"dmean":0.0676014050841,"dmean2":0.108195722103,"dvar":0.00478030089289,"dvar2":0.0120932720602,"max":0.967780947685,"mean":0.450259447098,"median":0.460696011782,"min":0.0331588163972,"var":0.0195484049618},"silence_rate_20dB":{"dmean":0,"dmean2":0,"dvar":0,"dvar2":0,"max":1,"mean":1,"median":1,"min":1,"var":0},"silence_rate_30dB":{"dmean":0.000360425299732,"dmean2":0.000720915559214,"dvar":0.000360316655133,"dvar2":0.0010809386149,"max":1,"mean":0.999819815159,"median":1,"min":0,"var":0.000180163959158},"silence_rate_60dB":{"dmean":0.00126148853451,"dmean2":0.00252320454456,"dvar":0.00126007106155,"dvar2":0.00323725747876,"max":1,"mean":0.0232453364879,"median":0,"min":0,"var":0.0227046031505},"spectral_centroid":{"dmean":259.764831543,"dmean2":388.780487061,"dvar":125050.1875,"dvar2":242799.46875,"max":11434.7041016,"mean":1628.35461426,"median":1737.07983398,"min":91.5663528442,"var":835193.5625},"spectral_complexity":{"dmean":4.20922708511,"dmean2":6.19771099091,"dvar":32.9057807922,"dvar2":61.7965393066,"max":63,"mean":19.1745204926,"median":19,"min":0,"var":162.169403076},"spectral_contrast_coeffs":{"dmean":[0.0460208505392,0.0462463013828,0.0390717200935,0.0322873294353,0.0246346704662,0.0194016005844],"dmean2":[0.0741652622819,0.0734039470553,0.0617017298937,0.0512683279812,0.0388611927629,0.0297487899661],"dvar":[0.00149153941311,0.00162441236898,0.00113962765317,0.000788477947935,0.000536707171705,0.000416626076913],"dvar2":[0.00384809612297,0.00385214644484,0.00268677785061,0.00184881093446,0.0011986187892,0.00085683708312],"max":[-0.28293594718,-0.399763792753,-0.455823838711,-0.489377230406,-0.56685769558,-0.583150029182],"mean":[-0.618282735348,-0.694233596325,-0.75453722477,-0.763149917126,-0.768346309662,-0.725395560265],"median":[-0.619844198227,-0.693910241127,-0.762063503265,-0.769210159779,-0.769901514053,-0.718492567539],"min":[-0.979498326778,-0.981998026371,-0.973238289356,-0.967629492283,-0.963179707527,-0.965878129005],"var":[0.00592561578378,0.0090071298182,0.0068017761223,0.00509831821546,0.003672526218,0.0026767118834]},"spectral_contrast_valleys":{"dmean":[0.415291905403,0.396246492863,0.367351859808,0.346480041742,0.306867241859,0.270299881697],"dmean2":[0.658449172974,0.631458878517,0.558547079563,0.50555229187,0.4314853549,0.370144337416],"dvar":[0.142461627722,0.165931671858,0.156042084098,0.153135031462,0.160682037473,0.138580873609],"dvar2":[0.327131599188,0.360973119736,0.308099627495,0.273699790239,0.282751947641,0.241416558623],"max":[-5.20674800873,-4.73343420029,-5.12812995911,-5.64553499222,-5.25048971176,-7.1725730896],"mean":[-7.51036977768,-7.53280687332,-8.06541728973,-8.15383243561,-7.71853399277,-10.3600511551],"median":[-7.37225246429,-7.22861242294,-7.69244289398,-7.74492454529,-7.24900770187,-9.95192337036],"min":[-27.7615184784,-27.8026599884,-27.5421504974,-27.5695343018,-27.4375114441,-27.3167610168],"var":[1.52380633354,2.43315410614,2.85352659225,2.85981750488,2.99891042709,2.68154764175]},"spectral_decrease":{"dmean":2.14172546364e-9,"dmean2":3.52773499301e-9,"dvar":1.10269917175e-17,"dvar2":2.73746539805e-17,"max":1.13568020294e-28,"mean":-6.80651890406e-9,"median":-5.93643401103e-9,"min":-3.06222744939e-8,"var":1.69559353166e-17},"spectral_energy":{"dmean":0.00844369921833,"dmean2":0.0138166621327,"dvar":0.000167544421856,"dvar2":0.000415628572227,"max":0.119567498565,"mean":0.0279121790081,"median":0.0245134513825,"min":9.93733590449e-21,"var":0.000274353427812},"spectral_energyband_high":{"dmean":0.00056654564105,"dmean2":0.000844361493364,"dvar":0.00000147321782151,"dvar2":0.00000297273527394,"max":0.0267094131559,"mean":0.00131385598797,"median":0.000731567677576,"min":7.2377221155e-21,"var":0.0000040781401367},"spectral_energyband_low":{"dmean":0.00701889256015,"dmean2":0.0117785790935,"dvar":0.000147065948113,"dvar2":0.00036239559995,"max":0.104904018342,"mean":0.0137959336862,"median":0.0109081892297,"min":2.23375920738e-23,"var":0.000185138182133},"spectral_energyband_middle_high":{"dmean":0.00186974788085,"dmean2":0.00284114759415,"dvar":0.00000808035838418,"dvar2":0.000018212800569,"max":0.052905485034,"mean":0.00610826397315,"median":0.00413995655254,"min":1.3296340677e-21,"var":0.000036546280171},"spectral_energyband_middle_low":{"dmean":0.00240100803785,"dmean2":0.00379629479721,"dvar":0.0000104648952401,"dvar2":0.0000264828540821,"max":0.0635764673352,"mean":0.00740017089993,"median":0.0065450174734,"min":1.72883840358e-22,"var":0.0000313090677082},"spectral_entropy":{"dmean":0.165199607611,"dmean2":0.22706155479,"dvar":0.0570582412183,"dvar2":0.101329818368,"max":9.81859779358,"mean":7.40210390091,"median":7.65817499161,"min":3.15103578568,"var":0.856091439724},"spectral_flux":{"dmean":0.0248863268644,"dmean2":0.0379395224154,"dvar":0.000841335568111,"dvar2":0.00170586199965,"max":0.294221997261,"mean":0.0807339251041,"median":0.072046071291,"min":6.3964437913e-11,"var":0.0024222782813},"spectral_kurtosis":{"dmean":1.74730670452,"dmean2":2.90442657471,"dvar":17.7159729004,"dvar2":43.5487480164,"max":113.102714539,"mean":5.62657737732,"median":2.68583869934,"min":-1.23739564419,"var":147.611938477},"spectral_rms":{"dmean":0.000726494879927,"dmean2":0.00117468065582,"dvar":9.31893964662e-7,"dvar2":0.00000226171960094,"max":0.0108005190268,"mean":0.00498536229134,"median":0.00489035388455,"min":3.11367338163e-12,"var":0.00000237743961407},"spectral_rolloff":{"dmean":526.706542969,"dmean2":871.285827637,"dvar":780638.4375,"dvar2":1674200.625,"max":20155.078125,"mean":1630.64367676,"median":1313.52539062,"min":86.1328125,"var":2647393},"spectral_skewness":{"dmean":0.216138988733,"dmean2":0.345659792423,"dvar":0.10311498493,"dvar2":0.229927584529,"max":8.7951259613,"mean":1.43409144878,"median":1.14033865929,"min":-0.0561273507774,"var":1.30826747417},"spectral_spread":{"dmean":426065.4375,"dmean2":634706.375,"dvar":436499316736,"dvar2":828142583808,"max":42582636,"mean":4464626,"median":4325001.5,"min":667583.25,"var":3898774388740},"spectral_strongpeak":{"dmean":0.435757488012,"dmean2":0.763178110123,"dvar":0.846019625664,"dvar2":2.15506267548,"max":12.6846656799,"mean":0.836391448975,"median":0.424622118473,"min":0,"var":1.52948856354},"zerocrossingrate":{"dmean":0.00972681958228,"dmean2":0.0113562680781,"dvar":0.000163985270774,"dvar2":0.000202189286938,"max":0.515625,"mean":0.0602940879762,"median":0.0595703125,"min":0.00048828125,"var":0.00170982303098}},"metadata":{"audio_properties":{"analysis_sample_rate":44100,"bit_rate":0,"codec":"flac","downmix":"mix","equal_loudness":0,"length":257.693328857,"lossless":true,"md5_encoded":"56441d4862eb63ff99184ce19aead569","replay_gain":-15.423582077,"sample_rate":44100},"tags":{"album":["By the Way"],"album artist":["Red Hot Chili Peppers"],"albumartist":["Red Hot Chili Peppers"],"albumartistsort":["Red Hot Chili Peppers"],"arranger":["Marc Mann"],"artist":["Red Hot Chili Peppers"],"artistsort":["Red Hot Chili Peppers"],"asin":["B000067CPX"],"barcode":["093624814023"],"catalognumber":["9362-48140-2"],"conductor":["Marc Mann"],"date":["2002-07-08"],"discnumber":["1"],"disctotal":["1"],"engineer":["Jim Scott","Ryan Hewitt","Ethan Mates","Jason Wormer","Andrew Scheps"],"ensemble":["Red Hot Chili Peppers"],"file_name":"01-03 This Is the Place.flac","genre":["Funk Rock"],"isrc":["USWB10201690"],"label":["Warner Bros. Records"],"media":["CD"],"mixer":["Jim Scott"],"musicbrainz_albumartistid":["8bfac288-ccc5-448d-9573-c33ea2aa5c30"],"musicbrainz_albumid":["7bf61d18-8c80-3402-b0f6-dc1ecc4506eb"],"musicbrainz_artistid":["8bfac288-ccc5-448d-9573-c33ea2aa5c30"],"musicbrainz_recordingid":["3596bea8-684c-4b22-ac7b-4feea52be173"],"musicbrainz_releasegroupid":["bbf6eaa8-1340-35c8-9599-34056896ebab"],"originaldate":["2002-06-04"],"producer":["Rick Rubin"],"releasecountry":["DE"],"releasestatus":["official"],"releasetype":["album"],"replaygain_track_peak":["-1"],"script":["Latn"],"title":["This Is the Place"],"totaldiscs":["1"],"totaltracks":["16"],"tracknumber":["3"],"tracktotal":["16"]},"version":{"essentia":"2.1-beta1","essentia_build_sha":"ca57ba49d9b1854bd80e60cf9ccf267278fb7d6b","essentia_git_sha":"v2.1_beta1-28-g21ef5f4-dirty","extractor":"music 1.0"}},"rhythm":{"beats_count":485,"beats_loudness":{"dmean":0.0155611680821,"dmean2":0.0298374816775,"dvar":0.00017100754485,"dvar2":0.00056660809787,"m