{"lowlevel":{"average_loudness":0.913820266724,"barkbands":{"dmean":[0.0000230157875194,0.000899699400179,0.000687345629558,0.000478798989207,0.00111245142762,0.00195259146858,0.0010514712194,0.000696857925504,0.000959835015237,0.000787494005635,0.000502098351717,0.000303667533444,0.000247129704803,0.000225414783927,0.000336551922373,0.000296415120829,0.000246471521677,0.000300410611089,0.00026573453215,0.00010567985737,0.000056459040934,0.0000607194633631,0.0000350922236976,0.0000626468900009,0.000117758470878,0.0000346344240825,8.45658746584e-7],"dmean2":[0.0000379138291464,0.00148032431025,0.00103087269235,0.000814079074189,0.00172982481308,0.00306420726702,0.00172921118792,0.00109049631283,0.00144831952639,0.00116023584269,0.000743213226087,0.000456675159512,0.000371421541786,0.000343692372553,0.000502877752297,0.00044525670819,0.000370012479834,0.000447727623396,0.000403360492783,0.000157122747623,0.0000856989645399,0.0000905611159396,0.0000542010893696,0.0000969061075011,0.000178607573616,0.0000514832790941,0.00000137964525493],"dvar":[2.10145567614e-9,0.00000187522573469,0.00000146423678871,8.30916974337e-7,0.00000413928637499,0.000011588860616,0.00000328350756718,0.00000287064403892,0.00000390798641092,0.00000307030586555,0.00000292261188406,6.62748959712e-7,5.46111152744e-7,3.05593147232e-7,4.313385773e-7,4.46101637408e-7,2.42151600105e-7,3.4954888406e-7,2.71324495316e-7,3.89507235354e-8,8.58520099456e-9,1.98198684132e-8,7.64062324521e-9,7.21662161141e-8,3.2720132026e-7,4.47599539655e-8,3.09443373703e-11],"dvar2":[4.84010920232e-9,0.00000487253601023,0.00000298951476907,0.00000225090661843,0.00000831147099234,0.0000258323943854,0.00000849632579047,0.00000691916829965,0.00000876475587575,0.00000625651455266,0.00000567471397517,0.00000141492603234,0.00000133236494548,6.67478730065e-7,9.52011873778e-7,0.00000108357778572,5.27978897935e-7,7.91744355411e-7,6.2544870616e-7,8.49948094128e-8,1.92360172235e-8,3.85155090044e-8,1.92675724264e-8,1.62361587286e-7,6.73834392728e-7,9.94537572296e-8,8.27334728504e-11],"max":[0.00177009496838,0.0185367763042,0.0201809890568,0.0110538452864,0.0547686181962,0.0584056153893,0.0291039291769,0.0407549366355,0.0391040593386,0.0447621196508,0.0618924610317,0.0200181063265,0.031220600009,0.0202241819352,0.0182729586959,0.0204924214631,0.010111713782,0.0143621880561,0.0118808085099,0.00597320217639,0.00182734883856,0.00452567636967,0.00346757401712,0.0119608975947,0.0133573720232,0.00667629437521,0.000231864469242],"mean":[0.0000323034473695,0.00138493115082,0.000991433276795,0.000538116612006,0.0025614304468,0.00424527795985,0.00164104846772,0.0011164105963,0.00176567770541,0.00142405589577,0.00085629260866,0.000596580386627,0.000450921419542,0.000373948394554,0.00059884559596,0.000473162392154,0.000421660457505,0.000531778321601,0.000555937818717,0.000213617298868,0.0000966430961853,0.000106596125988,0.0000484516203869,0.0000954004790401,0.00018811278278,0.0000507763725182,0.00000103934598883],"median":[0.0000157440590556,0.000654954463243,0.000355776428478,0.000177149631782,0.000656942313071,0.00140232068952,0.00069209781941,0.000257695326582,0.000558315659873,0.000343086838257,0.000132164597744,0.000119632801216,0.0000840345455799,0.000111040717456,0.000191621031263,0.000137195500429,0.000167329228134,0.000217459382839,0.000161504081916,0.000111315697723,0.0000354658259312,0.0000197821682377,0.0000175504428626,0.0000299245293718,0.0000279495725408,0.0000104944156192,2.02505660241e-7],"min":[8.34844790678e-25,3.48039514927e-24,7.02831038253e-25,9.2557612073e-25,7.39120148589e-24,8.21218244059e-24,3.37053246315e-24,7.58963076913e-24,1.78858085942e-23,1.29635271715e-23,1.95621569505e-23,2.18344660548e-23,3.59275560567e-23,3.35702030136e-23,5.87118816388e-23,8.16899798583e-23,5.63043349541e-23,1.00535046469e-22,1.20015505828e-22,1.78886327162e-22,2.1133634138e-22,3.3636726076e-22,3.76892295017e-22,6.30149613668e-22,9.32343621963e-22,1.3256912273e-21,1.98383780479e-21],"var":[4.07852507323e-9,0.00000332150489157,0.0000025802712571,9.30670637445e-7,0.0000244254679274,0.0000495279382449,0.00000667740960125,0.00000681039728079,0.0000102741842056,0.00000974632621364,0.00000641507449473,0.00000203634817808,0.00000235519178204,7.66206539993e-7,0.00000110967278033,0.00000102267495095,5.36505183391e-7,8.54876134326e-7,0.00000108301128421,1.07935001381e-7,2.61466226448e-8,8.00668189527e-8,1.01874899627e-8,1.00580514584e-7,7.07653327936e-7,7.83134268545e-8,3.58186813543e-11]},"barkbands_crest":{"dmean":2.62219905853,"dmean2":4.09408378601,"dvar":5.78849458694,"dvar2":13.3266000748,"max":26.4363632202,"mean":10.3164691925,"median":9.04084587097,"min":2.49490714073,"var":23.8178310394},"barkbands_flatness_db":{"dmean":0.0241735558957,"dmean2":0.0336135849357,"dvar":0.000502037117258,"dvar2":0.000932909431867,"max":0.436163514853,"mean":0.134609207511,"median":0.127832442522,"min":0.0353954471648,"var":0.002493604552},"barkbands_kurtosis":{"dmean":3.44097423553,"dmean2":5.16451597214,"dvar":116.271636963,"dvar2":236.900299072,"max":427.156158447,"mean":4.82826423645,"median":1.37044763565,"min":-1.90464913845,"var":246.141174316},"barkbands_skewness":{"dmean":0.564461648464,"dmean2":0.822546124458,"dvar":0.465745061636,"dvar2":0.906639277935,"max":16.1411170959,"mean":1.37329280376,"median":1.13417458534,"min":-6.12543010712,"var":2.13589668274},"barkbands_spread":{"dmean":6.29237604141,"dmean2":9.61351680756,"dvar":69.2450790405,"dvar2":164.323959351,"max":112.993598938,"mean":22.0850028992,"median":19.7741451263,"min":0.622441589832,"var":192.429260254},"dissonance":{"dmean":0.0213860142976,"dmean2":0.0351468585432,"dvar":0.000364399282262,"dvar2":0.000958224583883,"max":0.5,"mean":0.455602169037,"median":0.461929798126,"min":0.280021935701,"var":0.000871238356922},"dynamic_complexity":3.45409750938,"erbbands":{"dmean":[0.0112738385797,0.254501789808,0.872488379478,0.944503247738,2.34073638916,4.53034830093,10.2861509323,16.7560863495,13.7454109192,16.8629894257,15.6080064774,20.0101509094,31.2667446136,14.8243780136,18.0028514862,12.1979808807,10.7024335861,10.4949741364,11.8338441849,20.4599952698,14.7252788544,12.1338157654,14.2774629593,15.5735340118,10.003077507,5.03076076508,3.07079005241,1.90347552299,2.34708762169,1.39463102818,0.919796764851,0.832691550255,1.42475223541,1.70660007,0.718434333801,0.206141799688,0.0610607899725,0.00564170302823,0.000116182331112,0.0000102348431028],"dmean2":[0.018227012828,0.414853721857,1.3183568716,1.58913755417,3.94241213799,6.99688434601,15.4998130798,26.1658325195,22.1731510162,27.8131847382,24.1821708679,29.804983139,46.9417304993,21.2356185913,25.996673584,17.6687431335,15.6705694199,15.909160614,17.5493717194,30.5157337189,21.6877098083,17.9424343109,21.1132106781,23.3539428711,15.1707162857,7.37631130219,4.60450935364,2.82116723061,3.54233074188,2.1203391552,1.42610526085,1.29292917252,2.24486780167,2.64391326904,1.0932186842,0.31373783946,0.0933169201016,0.00825104583055,0.000167774036527,0.0000142902272273],"dvar":[0.000342433457263,0.149934157729,2.20828127861,2.60202026367,15.5440559387,102.394935608,498.587158203,898.264282227,614.157836914,1137.81030273,1587.05200195,1628.94970703,4981.66210938,1293.36572266,3157.15332031,978.616882324,703.920898438,807.716369629,624.232727051,1942.81713867,954.221801758,650.63269043,810.052612305,810.551635742,520.520874023,71.3659820557,22.1517009735,10.9661960602,32.8528862,8.79358959198,7.2068810463,7.77886867523,43.3087005615,72.2432861328,22.2111968994,1.75914525986,0.218021631241,0.00110558373854,3.96998103724e-7,7.15410231056e-10],"dvar2":[0.000863380322699,0.385728776455,4.53515005112,7.18746137619,39.5337104797,207.179519653,964.264099121,1993.77185059,1481.86535645,2868.67382813,3890.97338867,3546.05859375,11293.4677734,2536.3059082,6341.45556641,2054.21972656,1568.18200684,1879.47106934,1302.19897461,4397.02929688,2154.1652832,1446.98693848,1852.59851074,1816.92919922,1273.4901123,147.750961304,47.7644386292,23.1079120636,67.0209655762,18.5955791473,18.8193454742,19.1335487366,96.431930542,162.39302063,51.5401611328,4.15962505341,0.515496969223,0.00214034458622,7.32555008653e-7,1.27643662307e-9],"max":[0.402683883905,5.1139497757,24.6492729187,20.2348403931,76.9700698853,325.001434326,497.441040039,501.37322998,468.111175537,493.687744141,1129.75097656,739.596374512,1548.89294434,999.637878418,1878.94641113,877.856872559,1068.3392334,1570.93566895,1112.87084961,1428.56848145,853.234680176,609.697143555,787.374206543,552.731567383,674.924133301,263.425872803,88.2790679932,60.4818725586,163.551422119,112.311943054,108.517082214,81.7300262451,286.125793457,216.524398804,182.67124939,46.898475647,21.638469696,1.97628653049,0.0350274480879,0.00122020556591],"mean":[0.0185664016753,0.386861085892,1.30889821053,1.27357053757,3.70100307465,10.5692596436,22.5621852875,34.1304244995,24.5192222595,26.0509719849,26.832824707,37.462600708,61.237953186,28.4976673126,33.1371841431,25.358953476,20.9772968292,19.2318286896,21.4985103607,36.8619422913,26.4400100708,22.4023208618,27.3005962372,30.9652481079,21.9931964874,10.6747970581,5.91066980362,3.4326171875,4.01173591614,2.24985384941,1.22851717472,1.23172092438,2.16663050652,2.47596049309,1.03075051308,0.300748705864,0.0868581086397,0.0090002650395,0.000204517069506,0.0000356725759048],"median":[0.00830619037151,0.182430192828,0.547035157681,0.694195508957,1.53227567673,2.31128120422,5.76537704468,11.4927787781,11.4976100922,8.60142707825,9.01739406586,14.3195648193,14.8032178879,9.33061313629,7.19416999817,6.1476726532,4.77437591553,6.0138425827,8.44313716888,11.3780612946,9.6411190033,9.60784721375,12.1847028732,11.4311885834,6.92809104919,5.66471767426,2.72454929352,1.07130479813,0.726034164429,0.546357750893,0.500493466854,0.497975081205,0.521678626537,0.366620242596,0.137784034014,0.0521724633873,0.018016859889,0.00214150268584,0.0000619662605459,0.0000312868432957],"min":[9.42837087589e-23,4.7060927348e-22,1.69524668676e-21,5.26382562419e-21,1.31371774754e-20,1.8128356211e-20,4.38552549212e-20,1.03007276567e-19,5.30046059726e-20,9.10316787759e-20,2.93228108374e-19,5.45055930487e-19,6.61309289643e-19,6.4503239144e-19,1.02887092394e-18,1.05585676084e-18,1.62806587722e-18,2.26561791928e-18,2.9110053263e-18,3.64074406269e-18,4.1622946738e-18,4.11283547702e-18,6.16639117061e-18,6.56254285522e-18,7.31397564395e-18,7.75601186431e-18,1.01975115429e-17,9.97165318534e-18,1.27606679829e-17,1.11022196583e-17,1.04569029753e-17,1.15740327264e-17,9.46077154978e-18,8.84287590401e-18,6.88034192425e-18,4.17653748318e-18,2.33550951116e-18,9.50637008784e-19,2.33309497095e-19,2.88283946455e-20],"var":[0.00074147968553,0.259581178427,4.01901483536,2.94439196587,44.0706100464,569.774108887,2139.18554688,3427.41381836,1624.41430664,2319.49584961,3659.61694336,3986.32226563,16379.5,3495.02685547,7207.30126953,3354.52783203,3342.27832031,3113.24926758,1594.62792969,4736.40283203,2630.66015625,1401.37353516,2141.09643555,2460.60693359,2045.23669434,239.590133667,72.681060791,43.8346328735,119.033927917,22.8271770477,7.57102394104,9.85475444794,64.6172943115,119.967964172,35.9714431763,2.95459294319,0.291652023792,0.00226807710715,9.33616718157e-7,2.20390350414e-9]},"erbbands_crest":{"dmean":2.98211240768,"dmean2":4.71714401245,"dvar":8.27162456512,"dvar2":19.3654212952,"max":31.8115844727,"mean":10.4350967407,"median":9.19501686096,"min":2.57732391357,"var":26.0926799774},"erbbands_flatness_db":{"dmean":0.0197607856244,"dmean2":0.027441425249,"dvar":0.000335152639309,"dvar2":0.000626811292022,"max":0.367292910814,"mean":0.170792788267,"median":0.168764144182,"min":0.0462413653731,"var":0.00185701844748},"erbbands_kurtosis":{"dmean":1.24652719498,"dmean2":1.94443774223,"dvar":6.57152938843,"dvar2":13.8175096512,"max":90.0353240967,"mean":0.810976862907,"median":-0.22273555398,"min":-1.83351707458,"var":20.6457633972},"erbbands_skewness":{"dmean":0.438793808222,"dmean2":0.65680539608,"dvar":0.20163141191,"dvar2":0.439421981573,"max":8.70623874664,"mean":0.509534418583,"median":0.427249580622,"min":-4.86587619781,"var":0.945897758007},"erbbands_spread":{"dmean":8.46411418915,"dmean2":12.6973819733,"dvar":96.9775009155,"dvar2":214.525039673,"max":154.80921936,"mean":37.2993774414,"median":34.2423400879,"min":2.90117239952,"var":361.386352539},"gfcc":{"cov":[[21367.7851563,448.275634766,-2254.15844727,269.112609863,-904.605834961,162.936767578,-829.087524414,296.078796387,-467.434509277,41.8182449341,-153.634109497,-57.829208374,1.90385890007],[448.275634766,1150.68823242,-238.039459229,-15.4083547592,189.773544312,-88.6948776245,232.25,-108.610923767,75.9297027588,-34.8442420959,23.9297523499,-16.2934780121,-58.851474762],[-2254.15844727,-238.039459229,1064.92468262,54.5030326843,109.344848633,22.7244415283,-153.783294678,151.002120972,-33.0758781433,17.6253700256,28.7604541779,-28.5173301697,22.9922504425],[269.112609863,-15.4083547592,54.5030326843,460.368408203,10.1315698624,-23.1039028168,32.8941497803,-35.1111412048,103.779472351,6.46285581589,-51.740562439,24.2475700378,-44.8326759338],[-904.605834961,189.773544312,109.344848633,10.1315698624,262.351989746,26.4468784332,112.179870605,19.589799881,24.1906528473,7.20269680023,16.4851264954,-11.3797063828,-21.0566005707],[162.936767578,-88.6948776245,22.7244415283,-23.1039028168,26.4468784332,277.207275391,87.1375427246,-40.6985969543,-9.52642154694,19.275976181,-54.5303344727,-25.0104923248,-29.02003479],[-829.087524414,232.25,-153.783294678,32.8941497803,112.179870605,87.1375427246,352.277648926,-92.3712005615,106.120056152,19.8206615448,-30.5493927002,31.3679943085,-70.9290084839],[296.078796387,-108.610923767,151.002120972,-35.1111412048,19.589799881,-40.6985969543,-92.3712005615,262.896881104,-34.7368965149,-1.29446673393,63.5933074951,-17.5095920563,47.5362854004],[-467.434509277,75.9297027588,-33.0758781433,103.779472351,24.1906528473,-9.52642154694,106.120056152,-34.7368965149,198.457992554,42.8810882568,-40.3377189636,15.0038719177,-47.0211868286],[41.8182449341,-34.8442420959,17.6253700256,6.46285581589,7.20269680023,19.275976181,19.8206615448,-1.29446673393,42.8810882568,97.2953948975,7.31619739532,-0.493690609932,-15.9932460785],[-153.634109497,23.9297523499,28.7604541779,-51.740562439,16.4851264954,-54.5303344727,-30.5493927002,63.5933074951,-40.3377189636,7.31619739532,150.79296875,31.6654396057,40.697971344],[-57.829208374,-16.2934780121,-28.5173301697,24.2475700378,-11.3797063828,-25.0104923248,31.3679943085,-17.5095920563,15.0038719177,-0.493690609932,31.6654396057,104.091583252,7.35493469238],[1.90385890007,-58.851474762,22.9922504425,-44.8326759338,-21.0566005707,-29.02003479,-70.9290084839,47.5362854004,-47.0211868286,-15.9932460785,40.697971344,7.35493469238,110.826553345]],"icov":[[0.000183060037671,-0.000340390688507,0.000488571065944,-0.000335919758072,0.000428817409556,-0.000510736834258,0.00071456754813,-0.000630830531009,0.000545887916815,-0.000575418176595,0.000382528145565,-0.000354764051735,0.000286130351014],[-0.000340390688507,0.00198437413201,-0.000693540845532,0.000752955966163,-0.00162360747345,0.00165675207973,-0.00193795049563,0.00168386590667,-0.00126390391961,0.00176011957228,-0.00125552318059,0.00143374176696,-0.000245463394094],[0.000488571065944,-0.000693540845532,0.00255551352166,-0.00108401523903,0.000248601951171,-0.00160576915368,0.00262724910863,-0.0020771950949,0.0013671136694,-0.00164088513702,0.000945650099311,-0.000941245642025,0.000912237621378],[-0.000335919758072,0.000752955966163,-0.00108401523903,0.00328507134691,-0.000951469060965,0.00124626397155,-0.00110088009387,0.00132721406408,-0.00228866934776,0.00148695555981,-0.0000601389401709,-0.0000323028616549,0.0000989093387034],[0.000428817409556,-0.00162360747345,0.000248601951171,-0.000951469060965,0.00680543342605,-0.00145145948045,-0.000362301740097,-0.00226206611842,0.00161603430752,-0.00153159769252,0.000237272237428,0.0000344658546965,0.000720514392015],[-0.000510736834258,0.00165675207973,-0.00160576915368,0.00124626397155,-0.00145145948045,0.00654796557501,-0.00396191468462,0.00222296803258,-0.000110458648123,0.000606407294981,0.000374470255338,0.00217267451808,-0.000565516005736],[0.00071456754813,-0.00193795049563,0.00262724910863,-0.00110088009387,-0.000362301740097,-0.00396191468462,0.00877057760954,-0.00183951796498,-0.000102465513919,-0.00204786751419,0.00140735763125,-0.00348372152075,0.00263953767717],[-0.000630830531009,0.00168386590667,-0.0020771950949,0.00132721406408,-0.00226206611842,0.00222296803258,-0.00183951796498,0.0074773314409,-0.00233359704725,0.00232685497031,-0.00328611722216,0.00262084510177,-0.00198086095043],[0.000545887916815,-0.00126390391961,0.0013671136694,-0.00228866934776,0.00161603430752,-0.000110458648123,-0.000102465513919,-0.00233359704725,0.0100370254368,-0.00528963794932,0.00331226922572,-0.00179953081533,0.00172170379665],[-0.000575418176595,0.00176011957228,-0.00164088513702,0.00148695555981,-0.00153159769252,0.000606407294981,-0.00204786751419,0.00232685497031,-0.00528963794932,0.0145073998719,-0.00375213101506,0.00208162050694,0.000534589926247],[0.000382528145565,-0.00125552318059,0.000945650099311,-0.0000601389401709,0.000237272237428,0.000374470255338,0.00140735763125,-0.00328611722216,0.00331226922572,-0.00375213101506,0.0111581329256,-0.00436367699876,-0.00138452055398],[-0.000354764051735,0.00143374176696,-0.000941245642025,-0.0000323028616549,0.0000344658546965,0.00217267451808,-0.00348372152075,0.00262084510177,-0.00179953081533,0.00208162050694,-0.00436367699876,0.0131072867662,-0.00155913538765],[0.000286130351014,-0.000245463394094,0.000912237621378,0.0000989093387034,0.000720514392015,-0.000565516005736,0.00263953767717,-0.00198086095043,0.00172170379665,0.000534589926247,-0.00138452055398,-0.00155913538765,0.0126858865842]],"mean":[-27.8984622955,86.0489120483,-118.895103455,19.3182048798,-59.130947113,-0.796830356121,-44.4489479065,21.4326686859,-28.2351951599,4.29888868332,-14.9763813019,2.10244894028,-8.05764007568]},"hfc":{"dmean":6.06819486618,"dmean2":8.13695049286,"dvar":82.5790176392,"dvar2":157.805236816,"max":168.541564941,"mean":21.2566318512,"median":18.0427970886,"min":1.10943376197e-16,"var":355.238464355},"melbands":{"dmean":[0.000171371677425,0.000415854941821,0.000202279072255,0.000233646496781,0.000316645833664,0.000373848801246,0.000211888866033,0.000170944302226,0.000133107547299,0.000132860761369,0.000155371642904,0.0000595828132646,0.0000705508136889,0.0000381030840799,0.0000275125603366,0.0000214648243855,0.0000211295027839,0.0000197749559447,0.0000261082714132,0.0000243782633333,0.0000182733110705,0.0000136201560963,0.0000144286013892,0.0000155386351253,0.0000135522996061,0.0000103387274066,0.0000044863131734,0.00000346261526829,0.00000233364926316,0.00000140149313665,0.00000118559592011,0.00000156979922394,9.4795854011e-7,7.68758582126e-7,5.53981976736e-7,4.77768367091e-7,5.4920809589e-7,8.45457293508e-7,0.00000167882376445,0.00000150829907852],"dmean2":[0.000279547588434,0.000643023115117,0.00033933063969,0.000371920119505,0.000476400047773,0.000585448055062,0.000344371830579,0.000279452651739,0.000204499883694,0.000197836037842,0.000234029343119,0.0000863793320605,0.000103406920971,0.0000569163203181,0.000039786882553,0.0000321869993058,0.0000324741849909,0.0000298848281091,0.0000389566084777,0.0000369323934137,0.0000271839708148,0.0000205314754567,0.0000220502915909,0.000023222186428,0.0000205526321224,0.0000159665396495,0.00000682138806951,0.00000518920433024,0.00000355190991286,0.0000021541602564,0.0000017551963083,0.00000238633333538,0.0000014385718714,0.00000118948332783,8.688731441e-7,7.51233471874e-7,8.65290360252e-7,0.00000135091897846,0.00000268848089036,0.00000234847698266],"dvar":[6.86102481495e-8,4.40898503484e-7,1.22094732546e-7,2.03700452062e-7,3.89006885371e-7,4.13389045661e-7,1.30459923753e-7,1.18002120075e-7,1.02934819779e-7,7.37659249239e-8,1.23876930047e-7,2.3103957858e-8,6.14809749777e-8,1.05668611639e-8,4.01050526122e-9,4.77676742605e-9,3.14944315072e-9,2.14477791083e-9,2.94229107745e-9,3.27140736722e-9,1.60645630132e-9,9.27091403646e-10,1.03674135943e-9,1.01003760911e-9,6.90138335369e-10,6.4967403679e-10,1.09141778948e-10,3.48607601119e-11,1.36530751982e-11,7.60367983854e-12,5.30462696338e-12,2.05525423069e-11,4.66786505282e-12,2.58160593597e-12,2.56156380829e-12,2.62104682576e-12,4.03143794389e-12,1.69676616507e-11,9.73650535196e-11,6.35720226461e-11],"dvar2":[1.73395434899e-7,9.73037685981e-7,3.300510798e-7,4.04316551794e-7,7.53413075927e-7,9.30385169795e-7,3.23291430959e-7,2.90732344865e-7,2.45622970851e-7,1.62818238891e-7,2.79159593219e-7,4.62880116459e-8,1.22405452885e-7,2.32706813819e-8,7.94009924476e-9,1.06802398037e-8,7.25877935537e-9,4.73966332848e-9,6.71349598136e-9,7.48994288813e-9,3.54187168483e-9,1.99021732428e-9,2.42681763574e-9,2.29176855271e-9,1.60077173739e-9,1.58806812145e-9,2.42265568717e-10,7.27656268573e-11,3.00468504244e-11,1.74832995303e-11,1.07839553259e-11,4.18627667254e-11,9.77996243018e-12,5.84468714745e-12,6.71367215294e-12,6.8767196798e-12,1.00744291381e-11,4.24658572196e-11,2.32296154534e-10,1.45559564402e-10],"max":[0.00380400475115,0.0103623243049,0.00412288773805,0.0151612441987,0.0131131364033,0.0105829751119,0.0066169667989,0.00592035800219,0.00895536970347,0.00561133539304,0.00760834524408,0.00452500628307,0.00911498162895,0.0027485913597,0.00232266238891,0.00358153111301,0.00256715784781,0.00165804079734,0.00130754534621,0.00209707161412,0.00127806083765,0.000877562444657,0.000919903104659,0.000640580896288,0.000574497447815,0.000829588971101,0.00026964690187,0.00013582239626,0.0000879668805283,0.0000819517517812,0.0000557086787012,0.000122427372844,0.0000908606743906,0.0000540857326996,0.0000566527160117,0.0000659846773488,0.0000647815832053,0.000166433135746,0.000342413026374,0.000200392940314],"mean":[0.000280896318145,0.000642003666144,0.000280948122963,0.000505436095409,0.000739437411539,0.000786259479355,0.000369389919797,0.000266860326519,0.000224550225539,0.000248017691774,0.000300698069623,0.000107096406282,0.000121925841086,0.0000742718912079,0.0000545326474821,0.0000399379277951,0.0000353817013092,0.0000321244297083,0.0000467455502076,0.0000398066476919,0.0000304513050651,0.0000223338374781,0.0000248412434303,0.0000262461180682,0.0000248054402618,0.000020780491468,0.00000887120586412,0.00000667162339596,0.00000414668693338,0.00000235963489104,0.00000193933306036,0.00000266276970251,0.0000014912180859,0.00000114741192192,6.87881481554e-7,6.25751511052e-7,7.87191254403e-7,0.00000123833217458,0.00000227229315897,0.00000204891171052],"median":[0.000134324800456,0.000309056602418,0.000156337060616,0.000133561450639,0.000202486815397,0.000267870462267,0.000169550970895,0.0000828445336083,0.0000732944026822,0.0000818945773062,0.0000668217398925,0.0000294899073197,0.0000217981723836,0.0000155657216965,0.0000118089046737,0.00000833818921819,0.0000105908020487,0.00000976351475401,0.0000143071483762,0.0000117372492241,0.0000098081309261,0.00000854412428453,0.0000101233026726,0.0000102013200376,0.00000838700361783,0.00000530427405465,0.00000366265567209,0.00000338083191309,0.00000187922353234,7.3614859275e-7,4.89552121508e-7,4.06108824791e-7,3.18549410849e-7,2.83822913616e-7,2.51696292253e-7,2.35725451603e-7,2.94031849535e-7,3.40072688232e-7,3.41369087664e-7,2.76125661003e-7],"min":[1.17462956648e-24,9.95823099656e-25,2.21781459299e-24,1.01927208867e-24,1.58484926733e-24,1.91477446511e-24,8.53530736155e-25,1.22344792778e-24,2.62365710189e-24,3.36519700242e-24,2.89028281874e-24,2.40588061052e-24,2.94661517876e-24,3.02907678134e-24,3.06160151646e-24,3.91413848509e-24,3.74452984059e-24,3.85046202725e-24,4.68225432066e-24,4.79532412078e-24,3.62817482922e-24,3.52632144788e-24,4.45474170799e-24,4.41733629045e-24,4.39694423605e-24,3.89207365114e-24,4.78477665605e-24,3.65307127939e-24,4.94740506483e-24,5.94188414272e-24,5.04158559058e-24,6.32408054598e-24,5.18881977322e-24,5.45788878951e-24,5.55086354137e-24,5.97844035149e-24,5.39089714372e-24,5.67790643471e-24,5.53932171746e-24,5.92139387513e-24],"var":[1.41083390304e-7,7.9470351011e-7,1.48494251562e-7,0.00000127960481677,0.00000182134738225,0.00000169554903096,3.41347316635e-7,2.54079083106e-7,2.39626018583e-7,1.9077222646e-7,4.07767856814e-7,6.13293167362e-8,1.26970888914e-7,3.03911065203e-8,2.0099816922e-8,2.69469726533e-8,9.53068823861e-9,5.04285901926e-9,7.36175564953e-9,6.76565914404e-9,4.15383993868e-9,1.8592509754e-9,2.44660469662e-9,2.02464711663e-9,1.87383197847e-9,2.1781818571e-9,3.07739222993e-10,9.93751678169e-11,3.61010110694e-11,2.3679358821e-11,1.86938190622e-11,7.56294263327e-11,1.22249996584e-11,5.97529751373e-12,2.52786008272e-12,2.65649286423e-12,4.88405886914e-12,1.97051940737e-11,1.18676055094e-10,9.80813832929e-11]},"melbands_crest":{"dmean":3.4338748455,"dmean2":5.3691701889,"dvar":9.46818256378,"dvar2":22.1837825775,"max":38.6394233704,"mean":13.5897960663,"median":12.3663864136,"min":1.5222684145,"var":34.1527481079},"melbands_flatness_db":{"dmean":0.030326006934,"dmean2":0.0413212925196,"dvar":0.000827574345749,"dvar2":0.00148491072468,"max":0.554073095322,"mean":0.193108990788,"median":0.184230655432,"min":0.00287804170512,"var":0.00464846286923},"melbands_kurtosis":{"dmean":7.37070465088,"dmean2":10.9717283249,"dvar":989.98614502,"dvar2":2303.76489258,"max":1894.7689209,"mean":13.1423206329,"median":5.18989419937,"min":-1.9383327961,"var":1459.46435547},"melbands_skewness":{"dmean":0.709322273731,"dmean2":1.03325390816,"dvar":0.769079089165,"dvar2":1.5966629982,"max":31.7219581604,"mean":2.31763625145,"median":1.93205952644,"min":-1.42067229748,"var":3.2072122097},"melbands_spread":{"dmean":8.61560440063,"dmean2":13.0210113525,"dvar":216.13381958,"dvar2":462.663421631,"max":316.071166992,"mean":27.166053772,"median":21.8973064423,"min":0.166917398572,"var":666.51171875},"mfcc":{"cov":[[10310.25,122.746559143,-854.74798584,-128.959579468,-151.245117188,-82.0142211914,-108.605369568,-60.3266792297,-55.5021896362,-21.0161762238,-107.316345215,-151.157623291,-21.3222618103],[122.746559143,1323.61181641,-217.690948486,67.9958724976,-26.3413066864,35.9028549194,97.0260543823,55.4320449829,-15.9118995667,33.7312736511,39.7707748413,37.9885215759,-17.8840446472],[-854.74798584,-217.690948486,710.745788574,38.474899292,243.391021729,-125.99723053,27.2793769836,-46.2503204346,27.0096035004,-10.964384079,-31.8528862,51.2831039429,-16.6189174652],[-128.959579468,67.9958724976,38.474899292,453.097412109,21.3764820099,46.0399856567,-80.2834091187,62.3629150391,29.9224243164,10.8937597275,33.3512802124,41.4920005798,46.4999809265],[-151.245117188,-26.3413066864,243.391021729,21.3764820099,317.250061035,-188.121368408,75.1100006104,-36.8919906616,-1.05376815796,27.444683075,-55.4832344055,13.7592163086,-5.25000953674],[-82.0142211914,35.9028549194,-125.99723053,46.0399856567,-188.121368408,526.042724609,-58.0848007202,75.5560913086,66.000869751,5.04525899887,90.8674163818,4.48748111725,-1.3035517931],[-108.605369568,97.0260543823,27.2793769836,-80.2834091187,75.1100006104,-58.0848007202,235.886108398,15.9464054108,-20.0259532928,9.42722606659,-18.0581684113,-8.50748729706,-3.08689141273],[-60.3266792297,55.4320449829,-46.2503204346,62.3629150391,-36.8919906616,75.5560913086,15.9464054108,150.063613892,32.7320671082,4.57890701294,36.5046157837,12.6444139481,12.5581235886],[-55.5021896362,-15.9118995667,27.0096035004,29.9224243164,-1.05376815796,66.000869751,-20.0259532928,32.7320671082,134.732162476,42.3497962952,24.1148815155,4.4101729393,13.541926384],[-21.0161762238,33.7312736511,-10.964384079,10.8937597275,27.444683075,5.04525899887,9.42722606659,4.57890701294,42.3497962952,122.167861938,19.2949333191,11.6062269211,11.3471832275],[-107.316345215,39.7707748413,-31.8528862,33.3512802124,-55.4832344055,90.8674163818,-18.0581684113,36.5046157837,24.1148815155,19.2949333191,119.602706909,27.1399936676,16.9214344025],[-151.157623291,37.9885215759,51.2831039429,41.4920005798,13.7592163086,4.48748111725,-8.50748729706,12.6444139481,4.4101729393,11.6062269211,27.1399936676,107.014701843,19.8594207764],[-21.3222618103,-17.8840446472,-16.6189174652,46.4999809265,-5.25000953674,-1.3035517931,-3.08689141273,12.5581235886,13.541926384,11.3471832275,16.9214344025,19.8594207764,83.2381668091]],"icov":[[0.000112232402898,0.00000260796059592,0.00016001680342,0.0000126932673084,-0.0000569278054172,0.0000255159811786,0.0000634671305306,0.0000342179919244,-0.0000263248857664,0.0000269768588623,0.0000772828425397,0.0000582528409723,0.0000191633862414],[0.00000260796059592,0.000892870128155,0.000360812584404,-0.000238301145146,-0.0000656445117784,0.0000105047656689,-0.0004741124867,-0.0000604619526712,0.0000632539158687,-0.000138527931995,-0.000186822740943,-0.000456895504612,0.000540811684914],[0.00016001680342,0.000360812584404,0.00249173794873,-0.000163638411323,-0.00174510467332,0.000033807962609,-0.0000303436154354,0.000525384559296,-0.000814662780613,0.000865580921527,-0.000117673160275,-0.00105454865843,0.000807547126897],[0.0000126932673084,-0.000238301145146,-0.000163638411323,0.0028923577629,-0.000689193955623,-0.000193540530745,0.00133116310462,-0.00122502353042,0.000113929992949,0.0000425307734986,-0.000114209615276,-0.000306939211441,-0.00143659871537],[-0.0000569278054172,-0.0000656445117784,-0.00174510467332,-0.000689193955623,0.00615858193487,0.00141256221104,-0.00153615872841,0.000476461922517,-0.000306584057398,-0.00155467831064,0.00142281141598,-0.000221128575504,0.000314938602969],[0.0000255159811786,0.0000105047656689,0.000033807962609,-0.000193540530745,0.00141256221104,0.0028588285204,0.0000538310596312,-0.000545623886865,-0.00109657424036,0.0000943987179198,-0.00116966827773,0.0000541061854165,0.00073224469088],[0.0000634671305306,-0.0004741124867,-0.0000303436154354,0.00133116310462,-0.00153615872841,0.0000538310596312,0.00566851394251,-0.00163094163872,0.00101846840698,-0.000396303687012,0.000252902304055,0.000680383935105,-0.000800483045168],[0.0000342179919244,-0.0000604619526712,0.000525384559296,-0.00122502353042,0.000476461922517,-0.000545623886865,-0.00163094163872,0.00870333705097,-0.00191343261395,0.000822378788143,-0.00135693757329,-0.000578123552259,0.0000459364273411],[-0.0000263248857664,0.0000632539158687,-0.000814662780613,0.000113929992949,-0.000306584057398,-0.00109657424036,0.00101846840698,-0.00191343261395,0.00992113817483,-0.00335516640916,-0.00036546116462,0.000956898729783,-0.00124019524083],[0.0000269768588623,-0.000138527931995,0.000865580921527,0.0000425307734986,-0.00155467831064,0.0000943987179198,-0.000396303687012,0.000822378788143,-0.00335516640916,0.0101687014103,-0.00154074793682,-0.00076642940985,-0.000453433749499],[0.0000772828425397,-0.000186822740943,-0.000117673160275,-0.000114209615276,0.00142281141598,-0.00116966827773,0.000252902304055,-0.00135693757329,-0.00036546116462,-0.00154074793682,0.0114859603345,-0.00217790575698,-0.00124037580099],[0.0000582528409723,-0.000456895504612,-0.00105454865843,-0.000306939211441,-0.000221128575504,0.0000541061854165,0.000680383935105,-0.000578123552259,0.000956898729783,-0.00076642940985,-0.00217790575698,0.0113940127194,-0.00234986515716],[0.0000191633862414,0.000540811684914,0.000807547126897,-0.00143659871537,0.000314938602969,0.00073224469088,-0.000800483045168,0.0000459364273411,-0.00124019524083,-0.000453433749499,-0.00124037580099,-0.00234986515716,0.0141696855426]],"mean":[-666.004821777,122.946174622,-7.56868076324,19.821428299,4.14105176926,-18.2698745728,-0.592080116272,-1.24786758423,-0.239869952202,0.463762432337,-1.68654680252,-4.07877206802,0.638328135014]},"pitch_salience":{"dmean":0.0744974538684,"dmean2":0.1167447716,"dvar":0.00471813371405,"dvar2":0.0108894817531,"max":0.873485445976,"mean":0.548851907253,"median":0.555981218815,"min":0.0359555743635,"var":0.0158922560513},"silence_rate_20dB":{"dmean":0,"dmean2":0,"dvar":0,"dvar2":0,"max":1,"mean":1,"median":1,"min":1,"var":0},"silence_rate_30dB":{"dmean":0,"dmean2":0,"dvar":0,"dvar2":0,"max":1,"mean":1,"median":1,"min":1,"var":0},"silence_rate_60dB":{"dmean":0.0341682359576,"dmean2":0.0683463662863,"dvar":0.0330046713352,"dvar2":0.0761277899146,"max":1,"mean":0.0913433730602,"median":0,"min":0,"var":0.0829967260361},"spectral_centroid":{"dmean":289.981994629,"dmean2":429.507843018,"dvar":132523.875,"dvar2":271358.75,"max":11727.4882813,"mean":1490.22277832,"median":1339.3223877,"min":243.633911133,"var":1309313.75},"spectral_complexity":{"dmean":4.20414066315,"dmean2":5.73037958145,"dvar":21.1660289764,"dvar2":35.9450340271,"max":52,"mean":17.196149826,"median":16,"min":0,"var":98.5030975342},"spectral_contrast_coeffs":{"dmean":[0.051633361727,0.051074128598,0.0432523451746,0.0330960974097,0.0257367808372,0.0224833842367],"dmean2":[0.0844928175211,0.0832279399037,0.0662667676806,0.0516006462276,0.03886622563,0.0341310352087],"dvar":[0.00186567835044,0.00172902550548,0.00132139970083,0.000753292115405,0.000505636737216,0.000417132658185],"dvar2":[0.00482019223273,0.00436289189383,0.00290775648318,0.00171499163844,0.00105798209552,0.000892015115824],"max":[-0.308598846197,-0.365608125925,-0.464361786842,-0.539293348789,-0.536446630955,-0.500583589077],"mean":[-0.650482535362,-0.701380252838,-0.735465884209,-0.773862242699,-0.767919957638,-0.784331738949],"median":[-0.662379622459,-0.710168123245,-0.744525015354,-0.781826496124,-0.77245926857,-0.793600142002],"min":[-0.979255378246,-0.976885914803,-0.977501571178,-0.979647219181,-0.96620631218,-0.964617967606],"var":[0.00909954402596,0.00861353147775,0.00686832331121,0.00417107483372,0.00355594838038,0.00327258347534]},"spectral_contrast_valleys":{"dmean":[0.437529444695,0.406432509422,0.386498183012,0.418188512325,0.376810967922,0.411642253399],"dmean2":[0.71398973465,0.637462079525,0.573667168617,0.562325239182,0.474177658558,0.497211247683],"dvar":[0.142630383372,0.139429911971,0.143732532859,0.167415425181,0.140545785427,0.183953851461],"dvar2":[0.323588877916,0.282920479774,0.255377531052,0.273508995771,0.209748655558,0.267163425684],"max":[-5.93148756027,-4.73431825638,-5.45279216766,-5.54263973236,-5.78500747681,-7.75650548935],"mean":[-7.98382806778,-6.95458126068,-7.71200752258,-8.16352176666,-7.9046459198,-10.5551643372],"median":[-7.65885543823,-6.65918159485,-7.38728237152,-7.83965587616,-7.59596204758,-10.1530056],"min":[-28.1176528931,-27.7542953491,-27.6851234436,-27.6784648895,-27.5323581696,-27.4352836609],"var":[4.38326120377,4.76545238495,4.62190103531,4.6069893837,4.53571128845,3.86373090744]},"spectral_decrease":{"dmean":1.28566002289e-9,"dmean2":1.83182535807e-9,"dvar":1.84380440374e-18,"dvar2":3.57991030532e-18,"max":1.91154384956e-28,"mean":-5.14870279744e-9,"median":-5.14779641136e-9,"min":-1.81059665039e-8,"var":1.08896995882e-17},"spectral_energy":{"dmean":0.00516743632033,"dmean2":0.00730881467462,"dvar":0.0000294475539704,"dvar2":0.0000561471570109,"max":0.0738968327641,"mean":0.0213604662567,"median":0.0212640091777,"min":1.01644850321e-20,"var":0.00017979243421},"spectral_energyband_high":{"dmean":0.00033096401603,"dmean2":0.000489478232339,"dvar":6.33584306797e-7,"dvar2":0.00000123127153984,"max":0.0163346379995,"mean":0.000694767571986,"median":0.000333842588589,"min":7.1595301216e-21,"var":0.00000185505223271},"spectral_energyband_low":{"dmean":0.00149775599129,"dmean2":0.00232225540094,"dvar":0.00000483468465973,"dvar2":0.0000108641388579,"max":0.0329807773232,"mean":0.00261690211482,"median":0.00153275078628,"min":1.80181226561e-23,"var":0.00000973727219389},"spectral_energyband_middle_high":{"dmean":0.00198773364536,"dmean2":0.00262433360331,"dvar":0.00000903377804207,"dvar2":0.0000159145911311,"max":0.0655421465635,"mean":0.00586039526388,"median":0.00336776068434,"min":1.14020809184e-21,"var":0.0000444821089332},"spectral_energyband_middle_low":{"dmean":0.00409800512716,"dmean2":0.00629154173657,"dvar":0.0000224083851208,"dvar2":0.0000506077049067,"max":0.0646189600229,"mean":0.0127674723044,"median":0.0109615651891,"min":1.69241688492e-22,"var":0.00010545868281},"spectral_entropy":{"dmean":0.213434740901,"dmean2":0.282302111387,"dvar":0.0429840646684,"dvar2":0.0759078040719,"max":9.81826686859,"mean":7.44378852844,"median":7.44307804108,"min":4.61505270004,"var":0.263195514679},"spectral_flux":{"dmean":0.0196562614292,"dmean2":0.0300401393324,"dvar":0.000356704433216,"dvar2":0.000782135524787,"max":0.245677158237,"mean":0.0741085782647,"median":0.0725428313017,"min":6.15565862172e-11,"var":0.00133287068456},"spectral_kurtosis":{"dmean":1.78792965412,"dmean2":2.82840704918,"dvar":4.31340551376,"dvar2":10.4095020294,"max":36.313293457,"mean":5.30544281006,"median":4.83235931396,"min":-1.61492824554,"var":11.8737487793},"spectral_rms":{"dmean":0.000573961238842,"dmean2":0.000791216327343,"dvar":3.31827209266e-7,"dvar2":5.7396482589e-7,"max":0.00849084649235,"mean":0.00423899060115,"median":0.00455470895395,"min":3.14905870477e-12,"var":0.00000287043030767},"spectral_rolloff":{"dmean":594.905700684,"dmean2":987.452880859,"dvar":1530898.875,"dvar2":3211275.5,"max":19401.4160156,"mean":1980.88427734,"median":1313.52539063,"min":43.06640625,"var":6623184},"spectral_skewness":{"dmean":0.252459436655,"dmean2":0.381393790245,"dvar":0.0666251257062,"dvar2":0.143857851624,"max":4.51311731339,"mean":1.67752218246,"median":1.6659617424,"min":-0.447794437408,"var":0.28791064024},"spectral_spread":{"dmean":697364,"dmean2":963813.75,"dvar":1250409971710,"dvar2":2088910323710,"max":42493868,"mean":5093850.5,"median":4202563,"min":1742815.625,"var":16833956544500},"spectral_strongpeak":{"dmean":0.650180876255,"dmean2":1.08587634563,"dvar":1.34878277779,"dvar2":3.50987291336,"max":23.5309028625,"mean":1.36295568943,"median":1.00574886799,"min":0,"var":2.12128782272},"zerocrossingrate":{"dmean":0.0129515063018,"dmean2":0.0144520923495,"dvar":0.000466761091957,"dvar2":0.000434741115896,"max":0.5283203125,"mean":0.072777941823,"median":0.0595703125,"min":0.00634765625,"var":0.00492912065238}},"metadata":{"audio_properties":{"analysis_sample_rate":44100,"bit_rate":128000,"codec":"mp3","downmix":"mix","equal_loudness":0,"length":160.365707397,"lossless":false,"md5_encoded":"5734b408304e3fb9cb3354f5aac17bf5","replay_gain":-15.7901983261,"sample_rate":44100},"tags":{"acoustid_fingerprint":["AQADtMmTLEmUZES-obpgNfhC5Ph4_BV0XMF3PIf2HMdl3EePP9h-Bjp-CdrxiOhXNNTxUOAv_BdaHmIP5jsutejRPPgDucR_RDKf4w2X4uPx9yhDo0eYPhWu4yLUK8fDJAiTRVfwZMePw79wpNQFTZKP45gPnTlYTQn6SMbW7cODxD-sKQ_O_mgcDueOqRfRRBrBHM0zHmuHmFSO5FHwRJmCpwqaIpSiHYpJBzkcaw-4RNFxH-YT5Nehgz-aSTmq6UKTRIxRX_D14I-OvRyRtxpaacbh7Ee54z-eD52WoIm4IMyPWoGuZKGQZ7xQiUGTFM_RVNnx8HBHlMdOH7lSQfsmHc9acL5ghrqgUzb4Bq8l5NSROktwJ4cPzYbOE1-W4cWUJHeG3sKzHR_0E_2UHU04BaHyI8xHXLmU4UedZLXgscUk5YjT7OBx1EbqdByaJVugmMfJo6_RhE0qPMzRFk3UH__xHXlmBj8-YZvSDD--LCRuHc0Hz8eVxDlO6QmehxrRRwHzoLmC6EkDfTuC5jyqlGmG88ir4z6aZ0FPQu_RQNOz4VHcQMuH5_CJFtr14jo-hD929EfzgZOy4JkRdg3eGcoR-iiVCM2PfdGHP1tAqZmxMz1OEzmP9ima50G-HD-axyz6ZTjw4C0RKYe0I-ILP0m25LiYjviL40dz_FHxJggveDeeMZXx6sJXiP2HH_mDZk-k4TyOi4ieCzZzqFt-PIRnXOHAnFYgPjv8hih7PE5RJXuCMMWbaMf_4LnwbApo0ReakkK74sxz_EaVH82Do1nGC4lCIvrxJKglEn4eOM-JN3vQVPgnfPjxjEe9H2HeIDme4sfgM8UHq1lU3PuC8IeWpMlQ-WDS49mhZcPF3PBp9DNOMWgShqiXIJeGHw1z8B-ebPCTHBUpnIIjPXg-XUh-ZIe_Y4yPO9QiPPJxaXjQLjPCxMwGNeqL5hr6Z7iScFLxkQ40wsuPrlkw5OCP73h2XDr47Hj2IGoOLS9yhcepwxnuw9HRH086jPyQOM_AaNPhMYKid4j8o06OP0VzD6OYJDmeP-gTNH1CJFc85Dveoj-aZG-E93h33EbaEfeFJ3DVI0-OKs_QpO1Q64V_HOkv9ECbD5u1EJpxn8H3BT_6g_qF_sNXgkfhqniO8TauE7nglTcuXWiPo3Dco8d1JER0Eb9QSjWaRwd_NK-J3sR5hA-ajwx2aDlqB0_wplgjQj-e4OAD3RQ-hFeGm2jCH09xvEPz-ChF4zoFJjyH8MyRfF3x48mF6sUUxp2KIzcD5UGOH9mPD5qUYzvC-3hj4woZ_BoeO0blBU6u4DuS6D9yOQIfScJ7VH7QJI_xRAnymRGSP8IvME-O5k1xDX_weEFSPwijicFbXMG2NIevo-Uy3MOPvOSgHU3SBRXR8IfOI4-iwE0tPEq3GIeP73ieEHki4lyAQ82EUFpd-McP87iOw32OXT806wYfPMeo4AqaHr3oILwOLTOxv3gEOqLxx2hyaFt8nMiPM-vRLE0yoebxB01P1D7y5oF-Ift-NCOrolrEDO_xncjLYEo6HdoT5kHJGxvHoDyO8AeTMy_OzEdD_ehfXFFi1NQx5flw4uHhZxFxXMWUMQ8qRTn6EMmiHn8Iq1egn8gDn7jC4XCjfHiS4z2SIzsPai-