{"lowlevel":{"average_loudness":0.715620815754,"barkbands":{"dmean":[0.000586208305322,0.00198660092428,0.000607371272054,0.000755969551392,0.00372418947518,0.00119076389819,0.000419093354139,0.000458522321424,0.000399949029088,0.000346019252902,0.000388654560084,0.000295793550322,0.000132682820549,0.000136902366648,0.000119422104035,0.0000287726707029,0.0000231015656027,0.0000189480360859,0.0000135676773425,0.00000709178448233,0.00000504662375533,0.00000327625639329,0.00000172105660567,0.00000136346136514,0.00000120264610359,0.00000130422608891,0.00000646554508421],"dmean2":[0.00096207880415,0.0032496524509,0.0010167544242,0.00121003191452,0.00553804682568,0.00180055841338,0.000656555348542,0.000721291231457,0.000609957438428,0.000544998038094,0.000628271023743,0.000474303698866,0.000210321595659,0.000213596184039,0.000191131970496,0.0000447287711722,0.0000361675483873,0.0000297166880046,0.0000209069821722,0.0000108286803879,0.00000765172717365,0.00000502994907947,0.00000273843807008,0.00000222879180001,0.00000199143119062,0.00000212162740354,0.0000095222658274],"dvar":[0.00000168206304352,0.0000135456966746,0.00000130950081711,0.00000370196539734,0.0000737138834666,0.0000136091912282,0.00000191473236555,0.0000047356243158,0.00000220675042328,0.00000118825414575,0.00000149376683112,0.00000101171440292,1.08872747262e-7,1.46745279039e-7,2.17528651092e-7,5.29321253495e-9,2.94031599068e-9,2.49174147982e-9,1.51326395859e-9,2.73978978393e-10,1.57662383149e-10,6.57360346712e-11,1.05996236094e-11,7.72429169238e-12,7.093347177e-12,6.91088592603e-12,1.91538715444e-10],"dvar2":[0.00000423654546466,0.0000342708699463,0.00000352242341251,0.00000813519272924,0.00015030776558,0.0000293574357784,0.00000424883774031,0.0000119361920952,0.00000487119905301,0.00000260666206486,0.00000339205212185,0.00000267557675215,2.8110721928e-7,3.46965606468e-7,5.24653614775e-7,1.14987956934e-8,7.29471683059e-9,6.4936136468e-9,3.30281957339e-9,6.16545869914e-10,3.41597750086e-10,1.23192039903e-10,2.54292142898e-11,1.92611430277e-11,1.78309710747e-11,1.72129047127e-11,4.02055055915e-10],"max":[0.0187249742448,0.0773174464703,0.0301482714713,0.0984038189054,0.181920021772,0.0987419933081,0.0379458777606,0.0635452270508,0.0476623475552,0.0297807287425,0.0366643890738,0.0261739194393,0.00834785029292,0.0118345785886,0.0148679353297,0.00220682704821,0.00133883557282,0.00137931411155,0.00150773942005,0.000357083772542,0.000511273334268,0.000350473157596,0.0000662277743686,0.0000443269054813,0.0000421630611527,0.0000411870751122,0.000348245521309],"mean":[0.000783073250204,0.00294174742885,0.00093374500284,0.00103086559102,0.00741137936711,0.00203572306782,0.000714345485903,0.000675421091728,0.000608046131674,0.00054621626623,0.000559028820135,0.000437506329035,0.000224736053497,0.000209388454095,0.000192313964362,0.000043796011596,0.0000368258806702,0.0000286596896331,0.0000184271266335,0.00000929496218305,0.00000748069896872,0.00000467083418698,0.00000206016034099,0.00000138357927426,0.00000112455268209,0.00000139116275477,0.000012542951481],"median":[0.00016802790924,0.00129516457673,0.000378699915018,0.000322021485772,0.00202022027224,0.000488493475132,0.000135155511089,0.0000853742239997,0.0000976804076345,0.000130241198349,0.0000915734708542,0.0000663668906782,0.0000479631999042,0.0000383450824302,0.0000215668405872,0.0000107040405055,0.00000933462615649,0.00000644904639557,0.000003631299478,0.00000204525167646,0.00000193490518541,0.00000127837256514,6.67132439958e-7,3.57703868303e-7,2.34338770611e-7,4.074440767e-7,0.00000360502804142],"min":[5.52539920995e-25,1.7429753511e-24,4.41371965902e-25,3.96514623122e-25,9.51920584255e-24,7.27040558206e-24,1.0231524363e-23,3.63137287133e-24,1.43735616082e-23,6.59476199396e-24,6.19024516581e-24,2.06155734043e-23,2.18760342913e-23,2.74684427978e-23,5.18368231658e-23,3.50095586213e-23,7.57029862824e-23,5.91055610959e-23,1.42764802831e-22,1.69690228491e-22,2.27151197616e-22,3.52224702863e-22,3.80033299328e-22,5.53278614686e-22,9.14257830818e-22,1.35984998997e-21,1.83341089065e-21],"var":[0.00000289004833576,0.0000250306693488,0.00000276236892205,0.00000688128056936,0.000216542699491,0.0000275255570159,0.00000552427809453,0.00000668242637403,0.00000496744951306,0.00000239267092184,0.00000343897818311,0.00000194302970158,2.59604206576e-7,2.67135789045e-7,4.89167291562e-7,1.03841824028e-8,6.15071416021e-9,4.37480540683e-9,2.56563437162e-9,4.38204306175e-10,3.53742590775e-10,1.52797260955e-10,1.58847882764e-11,8.5935364727e-12,7.42802000464e-12,7.93793936832e-12,5.83664672149e-10]},"barkbands_crest":{"dmean":2.85675668716,"dmean2":4.67801952362,"dvar":6.21321868896,"dvar2":15.5248661041,"max":25.9023609161,"mean":12.1716794968,"median":11.4232912064,"min":2.67342019081,"var":21.1578388214},"barkbands_flatness_db":{"dmean":0.0354225263,"dmean2":0.0550946481526,"dvar":0.000916442135349,"dvar2":0.00222450774163,"max":0.429603070021,"mean":0.206024035811,"median":0.205830425024,"min":0.024236170575,"var":0.00380203709938},"barkbands_kurtosis":{"dmean":4.894135952,"dmean2":7.8738284111,"dvar":52.7215499878,"dvar2":131.337432861,"max":133.350128174,"mean":8.56701946259,"median":4.8312497139,"min":-1.83819139004,"var":132.897720337},"barkbands_skewness":{"dmean":0.668173193932,"dmean2":1.05515825748,"dvar":0.421349525452,"dvar2":1.03595244884,"max":8.95000839233,"mean":1.77573120594,"median":1.66899061203,"min":-2.81576061249,"var":1.90025138855},"barkbands_spread":{"dmean":3.05092048645,"dmean2":4.73154258728,"dvar":17.654132843,"dvar2":43.1585121155,"max":130.491714478,"mean":10.439994812,"median":7.74689292908,"min":0.321630328894,"var":109.051521301},"dissonance":{"dmean":0.0306631680578,"dmean2":0.0517258942127,"dvar":0.000963810132816,"dvar2":0.00259217340499,"max":0.499999970198,"mean":0.441403597593,"median":0.454675525427,"min":0.213837742805,"var":0.00222378550097},"dynamic_complexity":5.23053836823,"erbbands":{"dmean":[0.095680385828,0.322707146406,0.645809710026,1.52653205395,6.98363828659,13.7168722153,13.5575332642,10.224357605,6.18266487122,7.76683998108,9.88866424561,8.57147598267,10.5324554443,11.3707485199,16.828338623,9.53973674774,5.82881450653,6.06630802155,7.30195045471,3.31427574158,1.46689450741,1.21249997616,1.05230784416,0.83474612236,0.565957188606,0.333891034126,0.232483819127,0.182779610157,0.12849368155,0.075072452426,0.0459436550736,0.0314592085779,0.0212360583246,0.0136288665235,0.00847539398819,0.00478599453345,0.00247894600034,0.00126281531993,0.000511621881742,0.000131435837829],"dmean2":[0.15769957006,0.532486855984,1.07644104958,2.41340184212,10.6607761383,20.3051567078,20.6922092438,15.7973613739,9.67590045929,12.0973100662,15.4024353027,12.8903942108,16.4171543121,18.3766994476,27.3394813538,14.9916410446,9.15197277069,9.36053085327,11.4708919525,5.14437294006,2.25428581238,1.88820016384,1.63726139069,1.30807769299,0.870344161987,0.505754470825,0.352051258087,0.277027875185,0.198626860976,0.116939075291,0.0735379606485,0.0511255636811,0.0348596982658,0.022541699931,0.0140287075192,0.00788756273687,0.00401746993884,0.00194895686582,0.000750287959818,0.000190620325156],"dvar":[0.0364571325481,0.384647250175,1.27872622013,15.3226804733,277.537414551,1257.6159668,1624.95617676,952.137939453,442.615234375,1251.55712891,1925.34411621,1116.21484375,1381.37927246,1239.92163086,2566.45483398,970.530212402,204.743103027,239.820861816,586.849304199,168.860305786,14.9289064407,7.13992643356,6.13965940475,6.61977100372,3.99140739441,0.639788985252,0.29139995575,0.209445670247,0.126937717199,0.025052068755,0.00746592972428,0.00387055007741,0.0019720478449,0.000905879191123,0.000352028204361,0.000107664207462,0.000023963422791,0.00000666235973767,0.0000012975123127,7.32481950649e-8],"dvar2":[0.0933600217104,0.958056747913,3.35795497894,31.9562091827,584.129699707,2428.52246094,3577.83007812,2153.578125,990.07800293,3066.13134766,4655.28955078,2433.34985352,3032.67944336,2859.87060547,6140.93945312,2541.09863281,526.096618652,578.219665527,1287.98181152,386.626953125,31.2636184692,17.2610836029,15.3422231674,17.4050540924,8.40396690369,1.43528556824,0.593570411205,0.453981459141,0.254006177187,0.0532791949809,0.0181200392544,0.00963222328573,0.00491822883487,0.00227631838061,0.000884750043042,0.000270044314675,0.0000595145465923,0.0000137426204674,0.00000260668571173,1.54067620883e-7],"max":[4.180372715,17.9054355621,25.9097595215,210.277404785,656.408325195,720.629577637,1031.02062988,708.288085938,641.82232666,1474.40014648,1115.81762695,1492.13964844,1271.42028809,1132.4901123,1278.21630859,997.232116699,366.157165527,386.728057861,996.461608887,600.67956543,152.415618896,49.6943855286,55.2216491699,86.2940368652,103.661125183,18.5722236633,12.0256032944,18.8849391937,13.4191484451,6.49607229233,1.23471963406,0.972304224968,0.708458900452,0.477093607187,0.297005742788,0.16517958045,0.0762712135911,0.0948441848159,0.0411081276834,0.00730425631627],"mean":[0.130084961653,0.487576633692,1.07433235645,2.43392062187,11.7934646606,27.4581012726,23.8540344238,18.334318161,11.5168609619,12.377781868,14.2880868912,13.5230827332,16.8484802246,18.0659809113,24.9538764954,15.9247283936,10.8085250854,10.0491285324,12.1055517197,5.58337926865,2.41922497749,2.02422380447,1.7242449522,1.24208760262,0.714682579041,0.450889289379,0.33115953207,0.271365106106,0.184318259358,0.0970932990313,0.0542060174048,0.0334436483681,0.0208700634539,0.0128403166309,0.00794708635658,0.00460665021092,0.00268527353182,0.001731966855,0.000810519442894,0.000299611769151],"median":[0.041617590934,0.241177886724,0.479176700115,0.98127669096,3.15283083916,6.69105911255,5.09358596802,4.28289365768,2.44814872742,2.19810152054,1.81914448738,2.4350605011,3.35578250885,4.70904970169,4.54272651672,2.90186834335,2.47664952278,2.23501038551,1.8686170578,0.833513557911,0.596483111382,0.528362512589,0.430703163147,0.248359024525,0.141099140048,0.0979575514793,0.081628203392,0.0717922598124,0.0488570593297,0.0300221163779,0.0175348594785,0.00957652553916,0.00508996937424,0.00277352612466,0.00167243066244,0.00110557861626,0.00079266843386,0.000551314209588,0.00023145112209,0.000106725776277],"min":[1.82061586969e-22,2.89087608158e-22,1.75468030039e-21,1.54382103684e-21,1.00720532532e-20,2.40647471239e-20,5.14222902401e-20,9.01391638196e-20,1.86409506662e-19,1.45421931828e-19,1.39339866654e-19,3.52196289129e-19,4.5555023192e-19,6.20958798977e-19,7.22578299121e-19,1.24698345882e-18,1.44836512844e-18,2.02611583793e-18,2.64767940933e-18,2.96628622023e-18,3.11463279128e-18,4.2613987694e-18,4.29008332509e-18,5.9359498189e-18,6.20010043494e-18,8.66710002384e-18,8.90933573032e-18,1.03581376101e-17,1.10876811319e-17,1.20435718749e-17,1.16678432797e-17,1.04259515311e-17,9.17450832801e-18,7.80481469327e-18,6.84626828687e-18,4.35846510556e-18,2.20159165833e-18,8.88586365326e-19,2.38168743755e-19,2.60889469401e-20],"var":[0.065324306488,0.635722994804,3.21132421494,31.2481861115,753.890563965,3879.77124023,3446.50756836,2072.70117188,1396.70495605,1944.23815918,3120.76782227,2522.18017578,2856.91235352,2505.20385742,5835.75390625,2126.87915039,571.06628418,480.844360352,1228.40356445,455.866424561,32.7522239685,16.304517746,12.7857141495,11.8230333328,5.97271680832,1.08799433708,0.625621080399,0.470309227705,0.285026520491,0.048388723284,0.0103597734123,0.00449087610468,0.00214708526619,0.000951315567363,0.000369071902242,0.000114472997666,0.0000281134416582,0.0000140600595842,0.00000314954490932,2.62632255499e-7]},"erbbands_crest":{"dmean":2.75997209549,"dmean2":4.50364875793,"dvar":6.34462833405,"dvar2":16.0211200714,"max":28.59633255,"mean":10.9165124893,"median":10.1933832169,"min":2.60438632965,"var":19.9191036224},"erbbands_flatness_db":{"dmean":0.0338099338114,"dmean2":0.0531567633152,"dvar":0.000847017625347,"dvar2":0.00218385946937,"max":0.403124690056,"mean":0.205330148339,"median":0.202391386032,"min":0.0521979853511,"var":0.00322875916027},"erbbands_kurtosis":{"dmean":1.47103989124,"dmean2":2.37423300743,"dvar":4.22169113159,"dvar2":10.1723098755,"max":43.1573448181,"mean":1.61596274376,"median":0.433158993721,"min":-1.78330981731,"var":13.4290294647},"erbbands_skewness":{"dmean":0.431342333555,"dmean2":0.665629327297,"dvar":0.157686233521,"dvar2":0.358749330044,"max":4.97803926468,"mean":0.483716309071,"median":0.401251375675,"min":-4.26248884201,"var":1.14750182629},"erbbands_spread":{"dmean":5.08684301376,"dmean2":7.95470094681,"dvar":25.926399231,"dvar2":59.6797790527,"max":93.8321533203,"mean":22.5391864777,"median":20.187412262,"min":2.10979413986,"var":142.656188965},"gfcc":{"cov":[[32839.8046875,3630.08129883,-2587.54638672,-281.317718506,-310.471313477,-239.505828857,-377.825408936,-527.14050293,-390.668365479,-247.612228394,-264.617645264,-170.265960693,-147.276687622],[3630.08129883,1764.85803223,-127.019798279,-355.781188965,-76.5190124512,1.41755700111,27.5639305115,-187.423797607,-5.1021156311,-71.3213729858,22.4199123383,-36.7730331421,8.30242156982],[-2587.54638672,-127.019798279,667.132995605,62.1393356323,-192.932495117,145.719558716,-104.002075195,162.571960449,-50.5487709045,90.9661712646,10.0194950104,2.51757097244,11.3814353943],[-281.317718506,-355.781188965,62.1393356323,389.248352051,158.957839966,-91.6451568604,30.9371337891,36.218120575,34.7406005859,-12.538602829,-42.1603736877,12.0862321854,-31.6064014435],[-310.471313477,-76.5190124512,-192.932495117,158.957839966,401.641265869,4.80500888824,149.633911133,-68.9538879395,73.967880249,-70.2720947266,-8.6349439621,-19.3157901764,-10.0467243195],[-239.505828857,1.41755700111,145.719558716,-91.6451568604,4.80500888824,335.319885254,17.2287158966,87.3631820679,-85.7951278687,19.2440357208,1.52096152306,-0.118131376803,22.8392963409],[-377.825408936,27.5639305115,-104.002075195,30.9371337891,149.633911133,17.2287158966,229.421081543,-5.01779556274,61.8763198853,-53.1717567444,-1.1464984417,14.6851673126,-1.04490542412],[-527.14050293,-187.423797607,162.571960449,36.218120575,-68.9538879395,87.3631820679,-5.01779556274,203.838378906,6.35579776764,51.79737854,11.468331337,10.9483003616,16.7754421234],[-390.668365479,-5.1021156311,-50.5487709045,34.7406005859,73.967880249,-85.7951278687,61.8763198853,6.35579776764,152.87387085,56.9537086487,27.7601547241,0.525062859058,-13.2367668152],[-247.612228394,-71.3213729858,90.9661712646,-12.538602829,-70.2720947266,19.2440357208,-53.1717567444,51.79737854,56.9537086487,136.272338867,64.9603042603,3.43030810356,1.72062516212],[-264.617645264,22.4199123383,10.0194950104,-42.1603736877,-8.6349439621,1.52096152306,-1.1464984417,11.468331337,27.7601547241,64.9603042603,93.1178588867,45.2063941956,16.6593570709],[-170.265960693,-36.7730331421,2.51757097244,12.0862321854,-19.3157901764,-0.118131376803,14.6851673126,10.9483003616,0.525062859058,3.43030810356,45.2063941956,85.0493545532,40.8535003662],[-147.276687622,8.30242156982,11.3814353943,-31.6064014435,-10.0467243195,22.8392963409,-1.04490542412,16.7754421234,-13.2367668152,1.72062516212,16.6593570709,40.8535003662,76.2063598633]],"icov":[[0.000180657894816,-0.000507446296979,0.00118209864013,-0.000815778912511,0.000512384751346,-0.000342853483744,0.000335585937137,-0.000335125427227,0.000659607932903,-0.000778774614446,0.000569056952372,-0.0000282266428258,0.000161100149853],[-0.000507446296979,0.0023517308291,-0.00317843840457,0.00164262554608,0.000340801314451,-0.000398763717385,-0.000611172465142,0.00225325115025,-0.00432414887473,0.00600400939584,-0.00532118650153,0.00328102172352,-0.0019032000564],[0.00118209864013,-0.00317843840457,0.0109934676439,-0.00963981077075,0.008361088112,-0.00641095452011,0.00350712938234,-0.00151393807027,-0.00024687719997,0.00127485755365,-0.0039667817764,0.00673727784306,-0.0024204114452],[-0.000815778912511,0.00164262554608,-0.00963981077075,0.0225633755326,-0.0221150126308,0.0172986947,-0.00547460280359,-0.00665115751326,0.0186473317444,-0.0291287694126,0.0343411974609,-0.0318123437464,0.0157749895006],[0.000512384751346,0.000340801314451,0.008361088112,-0.0221150126308,0.0285584870726,-0.0204170644283,0.00476111285388,0.00982703454792,-0.0275421775877,0.0407690741122,-0.0435934364796,0.0392007231712,-0.0188713576645],[-0.000342853483744,-0.000398763717385,-0.00641095452011,0.0172986947,-0.0204170644283,0.0204996410757,-0.00681620184332,-0.00869475863874,0.025336837396,-0.0341187566519,0.0342956967652,-0.0290523171425,0.0137465419248],[0.000335585937137,-0.000611172465142,0.00350712938234,-0.00547460280359,0.00476111285388,-0.00681620184332,0.0103990118951,0.000480758608319,-0.0107347490266,0.0141314901412,-0.0105772707611,0.0068029705435,-0.00289033050649],[-0.000335125427227,0.00225325115025,-0.00151393807027,-0.00665115751326,0.00982703454792,-0.00869475863874,0.000480758608319,0.0126682939008,-0.0139774680138,0.0169378854334,-0.0183129590005,0.015449507162,-0.00939552485943],[0.000659607932903,-0.00432414887473,-0.00024687719997,0.0186473317444,-0.0275421775877,0.025336837396,-0.0107347490266,-0.0139774680138,0.051843740046,-0.0635825023055,0.0564419440925,-0.0447014644742,0.0232877917588],[-0.000778774614446,0.00600400939584,0.00127485755365,-0.0291287694126,0.0407690741122,-0.0341187566519,0.0141314901412,0.0169378854334,-0.0635825023055,0.101229920983,-0.0956977829337,0.0732615143061,-0.0340492576361],[0.000569056952372,-0.00532118650153,-0.0039667817764,0.0343411974609,-0.0435934364796,0.0342956967652,-0.0105772707611,-0.0183129590005,0.0564419440925,-0.0956977829337,0.111930184066,-0.0857545360923,0.0378431491554],[-0.0000282266428258,0.00328102172352,0.00673727784306,-0.0318123437464,0.0392007231712,-0.0290523171425,0.0068029705435,0.015449507162,-0.0447014644742,0.0732615143061,-0.0857545360923,0.0855300277472,-0.0405686050653],[0.000161100149853,-0.0019032000564,-0.0024204114452,0.0157749895006,-0.0188713576645,0.0137465419248,-0.00289033050649,-0.00939552485943,0.0232877917588,-0.0340492576361,0.0378431491554,-0.0405686050653,0.0342552922666]],"mean":[-128.956741333,141.234909058,-83.4027404785,-4.33235836029,-27.6598567963,-3.30201101303,-17.7219924927,-16.9541454315,-15.9899568558,-7.75824642181,-8.21367549896,2.92288446426,-2.87383651733]},"hfc":{"dmean":2.72510647774,"dmean2":3.94881415367,"dvar":24.1208591461,"dvar2":48.4924430847,"max":92.6134185791,"mean":7.62974214554,"median":3.5675470829,"min":1.04836804661e-16,"var":105.595710754},"melbands":{"dmean":[0.000680772936903,0.000336663244525,0.000381116522476,0.000731593987439,0.000546915573068,0.000220869522309,0.0000909155205591,0.0000883910397533,0.000081573954958,0.000054996500694,0.0000529572789674,0.0000457275709778,0.0000573258621444,0.0000374857299903,0.0000180214810825,0.0000116903493108,0.000012163755855,0.0000127344146676,0.00000830304088595,0.00000233355581258,0.00000175106026745,0.00000132097204641,0.0000012097061699,8.6021560719e-7,7.03251203049e-7,4.77323624182e-7,3.02667331198e-7,2.12672901512e-7,1.5672080167e-7,1.29886814193e-7,1.01224209459e-7,7.86296752153e-8,5.54746861781e-8,3.77373687854e-8,2.7587434559e-8,2.19342553009e-8,1.8268828228e-8,1.53747929943e-8,1.27098731539e-8,1.10937099507e-8],"dmean2":[0.00111313536763,0.000562210974749,0.000590078707319,0.00108522514347,0.000822243513539,0.000338194309734,0.000142053409945,0.000137254493893,0.000126679966343,0.0000838574997033,0.0000826898613013,0.0000736786460038,0.0000931127506192,0.0000602592845098,0.0000286347931251,0.0000186720262718,0.0000189714646694,0.0000201252787519,0.0000130279140649,0.00000364733682545,0.00000273355999525,0.00000206802951652,0.00000191326148524,0.00000136266817208,0.00000111543829462,7.49618095597e-7,4.7623157684e-7,3.25767416598e-7,2.401799577e-7,2.01470385264e-7,1.54867208835e-7,1.22181702977e-7,8.68788561093e-8,5.94283022792e-8,4.42068284201e-8,3.56765355036e-8,2.98255073972e-8,2.52106477916e-8,2.09796855444e-8,1.83663235731e-8],"dvar":[0.00000169075974554,3.351434259e-7,7.09054063464e-7,0.00000287367220153,0.00000245787259701,4.438752228e-7,8.75501484643e-8,1.77624329467e-7,1.21292700328e-7,4.7527496605e-8,3.40135208887e-8,2.14099511453e-8,3.3880414918e-8,1.52335601911e-8,2.82548562325e-9,7.42030770162e-10,1.10463160841e-9,1.76503844873e-9,1.32427391275e-9,4.05777460244e-11,2.33097777191e-11,8.88786873959e-12,9.50649541726e-12,4.89503012777e-12,5.24370043914e-12,2.68287453885e-12,7.00908244205e-13,2.89032876409e-13,1.45012392936e-13,1.61265992964e-13,5.26187946025e-14,4.69909111893e-14,1.96955336561e-14,6.32900561793e-15,2.71681963832e-15,1.82447296949e-15,1.32886679227e-15,1.00433247127e-15,7.72163016832e-16,6.03468887969e-16],"dvar2":[0.00000430590489486,8.48915760798e-7,0.00000151587357777,0.00000611383802607,0.00000516271620654,9.90735657069e-7,1.97818096126e-7,4.43905662451e-7,2.82984245814e-7,1.0536329853e-7,7.42541885757e-8,4.85851856524e-8,7.80716433724e-8,4.09380227495e-8,7.32773841605e-9,1.88407156543e-9,2.6942730269e-9,3.82008291666e-9,3.18456128134e-9,9.13398384705e-11,5.06655412069e-11,2.10062505585e-11,2.6427204175e-11,1.28529339949e-11,1.40103657842e-11,5.86414727541e-12,1.62680210015e-12,6.44557866282e-13,3.01996112579e-13,3.80955060249e-13,1.10093263173e-13,9.55339052224e-14,3.91145788176e-14,1.43944474125e-14,6.63240604337e-15,4.55473840881e-15,3.30011299558e-15,2.49640366599e-15,1.94006607349e-15,1.51666638453e-15],"max":[0.0278206076473,0.0144612407312,0.0333085395396,0.041990134865,0.0427879430354,0.0143776033074,0.00837659742683,0.0169917400926,0.00833395030349,0.00938992388546,0.00611049914733,0.00493810931221,0.00575453834608,0.00319924391806,0.00145233189687,0.000482838455355,0.00092042342294,0.00171588582452,0.00164620904252,0.000216727392399,0.000188508623978,0.0000792769860709,0.0000829703567433,0.0000448723949376,0.0000740140894777,0.0000775733060436,0.0000300131523545,0.0000139658986882,0.0000086215641204,0.0000183726624527,0.00000696774986864,0.00000853097662912,0.00000488074101668,0.00000297164865515,8.61334513047e-7,6.00056523581e-7,5.88742977925e-7,5.04363868004e-7,4.4119471454e-7,3.88868130585e-7],"mean":[0.000998179893941,0.000582165899687,0.000641654769424,0.00142509653233,0.00103644211777,0.000391921377741,0.00016505359963,0.000136625138111,0.00011523682042,0.0000849913121783,0.000082743310486,0.0000701944009052,0.0000838885389385,0.0000547636227566,0.0000308225171466,0.0000200133235921,0.0000186615707207,0.0000200521899387,0.00001310591324,0.00000360825333701,0.00000261703007709,0.00000207824450627,0.00000189873435374,0.00000128244857933,9.97393044599e-7,5.70070881167e-7,3.79856942345e-7,2.79599390751e-7,2.12715661974e-7,1.81938190735e-7,1.47997013755e-7,1.10796577246e-7,7.29244362674e-8,4.64812011103e-8,3.21729487496e-8,2.43863453875e-8,1.87218631709e-8,1.51110910451e-8,1.20560876837e-8,1.03774810967e-8],"median":[0.000393522233935,0.000297266669804,0.000233792146901,0.000387953594327,0.000216780957999,0.0000910828021006,0.000035913537431,0.0000231862795772,0.0000142289445648,0.0000148167100633,0.0000159897626872,0.0000169853392435,0.0000137580082082,0.00000875730984262,0.00000548486423213,0.0000043609579734,0.00000371858095605,0.00000320135154652,0.00000138651125781,8.17515115159e-7,5.97294445015e-7,5.2085073321e-7,4.77739945381e-7,2.9365219234e-7,1.8526804979e-7,1.08500081808e-7,7.60562031132e-8,5.89114819149e-8,5.01123693653e-8,4.39967173804e-8,3.9720220002e-8,2.8522059381e-8,2.00442595855e-8,1.42715261831e-8,1.02487920373e-8,7.65089414045e-9,4.79232298289e-9,3.5990934677e-9,2.77030975937e-9,2.1645445436e-9],"min":[1.9500757934e-24,1.02874374435e-24,3.97992997762e-25,1.58478921529e-24,1.98670201359e-24,1.95148568506e-24,2.70815297952e-24,8.94828097581e-25,1.04070948238e-24,1.97540197555e-24,1.99838839625e-24,2.24395251301e-24,1.70026642169e-24,2.67894540451e-24,2.28387222747e-24,2.88639294561e-24,2.40696430819e-24,3.4476716212e-24,3.05363165473e-24,2.19004392811e-24,3.06847367824e-24,4.21126649491e-24,4.74499518946e-24,2.67529396459e-24,4.53552816444e-24,4.75715390259e-24,2.99022005694e-24,4.45532743722e-24,5.26466046622e-24,4.91596540788e-24,6.10944056557e-24,6.1088153933e-24,5.82468189474e-24,6.31449588598e-24,5.81965251203e-24,5.83140732838e-24,5.76270424886e-24,5.82267661031e-24,4.5540766509e-24,5.46634419512e-24],"var":[0.00000314598719342,7.39966253605e-7,0.0000017016233187,0.00000772403109295,0.00000646115677227,9.57405632107e-7,2.67390333875e-7,2.52987206295e-7,2.08809936453e-7,1.05536777539e-7,6.98404534205e-8,4.19464214474e-8,7.89176581861e-8,2.88588353214e-8,6.77754075085e-9,1.78326864386e-9,1.97839633564e-9,3.41338757259e-9,3.16780845999e-9,8.78406097859e-11,4.42424950842e-11,1.88751722585e-11,1.74701728778e-11,8.23544010764e-12,8.82758623144e-12,3.77032693261e-12,9.87480496678e-13,4.68861928449e-13,2.74604395212e-13,3.15443688965e-13,1.18115722281e-13,1.00693636914e-13,3.98759767339e-14,1.07933545998e-14,3.78900410735e-15,2.18982729051e-15,1.51081137516e-15,1.10357752176e-15,8.15511992551e-16,6.32246620594e-16]},"melbands_crest":{"dmean":3.68749260902,"dmean2":6.07260847092,"dvar":11.0880184174,"dvar2":29.0567798615,"max":36.0778045654,"mean":15.4048652649,"median":14.5950698853,"min":1.60058915615,"var":34.5877799988},"melbands_flatness_db":{"dmean":0.0421468243003,"dmean2":0.0652128830552,"dvar":0.00131829327438,"dvar2":0.00317474268377,"max":0.556418597698,"mean":0.317390888929,"median":0.324342995882,"min":0.00291742384434,"var":0.00733924331143},"melbands_kurtosis":{"dmean":6.52158117294,"dmean2":10.4079523087,"dvar":90.2914047241,"dvar2":225.281356812,"max":195.329574585,"mean":12.0838184357,"median":7.53715181351,"min":-1.80027425289,"var":224.047821045},"melbands_skewness":{"dmean":0.724176585674,"dmean2":1.13749563694,"dvar":0.493991941214,"dvar2":1.22448384762,"max":11.6674356461,"mean":2.34589552879,"median":2.17397069931,"min":-1.00626564026,"var":2.09131979942},"melbands_spread":{"dmean":3.87242150307,"dmean2":6.01834535599,"dvar":32.7016410828,"dvar2":78.6795959473,"max":193.771011353,"mean":14.0251865387,"median":8.09512901306,"min":0.641334712505,"var":492.905578613},"mfcc":{"cov":[[9955.26660156,1900.5324707,-1047.35754395,366.87902832,-80.1995925903,284.98626709,-108.589424133,13.7112293243,-127.615982056,22.7300167084,38.0754776001,-73.1975326538,-176.609008789],[1900.5324707,2128.87036133,170.600082397,-242.814025879,-10.5355234146,103.961639404,55.3869438171,-36.0113716125,-45.2275466919,-42.3221588135,30.8604183197,-23.8772659302,-50.9599151611],[-1047.35754395,170.600082397,774.166442871,-155.171264648,-30.724822998,-111.908691406,11.2182979584,-60.6460952759,-25.3007545471,12.2681379318,8.17186164856,10.1269884109,11.9123306274],[366.87902832,-242.814025879,-155.171264648,484.192108154,79.2235488892,-6.27983999252,-72.6078338623,28.8269920349,37.29712677,6.59576845169,15.8893489838,-0.310816764832,-21.9691314697],[-80.1995925903,-10.5355234146,-30.724822998,79.2235488892,183.96786499,68.8262023926,31.8853778839,17.4958686829,23.1441135406,-10.4220638275,9.91975879669,11.750620842,4.4872713089],[284.98626709,103.961639404,-111.908691406,-6.27983999252,68.8262023926,188.724884033,82.8443527222,41.0587921143,11.8672409058,1.94105887413,-7.46591949463,-19.8860740662,2.86017131805],[-108.589424133,55.3869438171,11.2182979584,-72.6078338623,31.8853778839,82.8443527222,162.098251343,91.0635604858,32.8994941711,-14.4283380508,-27.2457199097,-0.423583090305,20.0584545135],[13.7112293243,-36.0113716125,-60.6460952759,28.8269920349,17.4958686829,41.0587921143,91.0635604858,146.019104004,69.9464111328,-10.1910467148,-28.7003116608,0.825299143791,15.0280942917],[-127.615982056,-45.2275466919,-25.3007545471,37.29712677,23.1441135406,11.8672409058,32.8994941711,69.9464111328,99.4886932373,34.4599380493,-1.16840982437,0.445143431425,5.30634880066],[22.7300167084,-42.3221588135,12.2681379318,6.59576845169,-10.4220638275,1.94105887413,-14.4283380508,-10.1910467148,34.4599380493,95.0906677246,51.8525924683,9.45044612885,1.6056855917],[38.0754776001,30.8604183197,8.17186164856,15.8893489838,9.91975879669,-7.46591949463,-27.2457199097,-28.7003116608,-1.16840982437,51.8525924683,101.924560547,40.204082489,-2.08998680115],[-73.1975326538,-23.8772659302,10.1269884109,-0.310816764832,11.750620842,-19.8860740662,-0.423583090305,0.825299143791,0.445143431425,9.45044612885,40.204082489,81.5343322754,45.3478546143],[-176.609008789,-50.9599151611,11.9123306274,-21.9691314697,4.4872713089,2.86017131805,20.0584545135,15.0280942917,5.30634880066,1.6056855917,-2.08998680115,45.3478546143,83.2766647339]],"icov":[[0.000193399755517,-0.000213790204725,0.000254643789958,-0.000190862614545,0.000134713423904,-0.000130725413328,0.000148416380398,-0.000290334544843,0.000593192700762,-0.000516589730978,0.000308153394144,-0.000240796100115,0.000317446800182],[-0.000213790204725,0.000798855675384,-0.000435251917224,0.000455734552816,0.0000090741805252,-0.000379082252039,-0.000101897319837,0.000438767543528,-0.000865329930093,0.00123437761795,-0.000874515390024,0.000271004159003,0.0000376506468456],[0.000254643789958,-0.000435251917224,0.00204638717696,0.0000504991949128,-0.000249722826993,0.00148690340575,-0.00102348218206,0.000506639946252,0.000950044195633,-0.0013067163527,0.00049246114213,0.000128271829453,0.0000189353941096],[-0.000190862614545,0.000455734552816,0.0000504991949128,0.00325917964801,-0.00159688433632,0.0000953375856625,0.00236516096629,-0.00150935107376,-0.000875072670169,0.000688170897774,-0.000681140343659,0.000302857108181,0.000372625974705],[0.000134713423904,0.0000090741805252,-0.000249722826993,-0.00159688433632,0.00820990558714,-0.00352389900945,-0.00111361208837,0.00236510462128,-0.0032585663721,0.00331424409524,-0.00143654900603,-0.00189688766841,0.000566385802813],[-0.000130725413328,-0.000379082252039,0.00148690340575,0.0000953375856625,-0.00352389900945,0.0105371326208,-0.00527526810765,0.0000768900936237,0.00222198362462,-0.00253903865814,-0.000743544427678,0.00449250685051,-0.00216967938468],[0.000148416380398,-0.000101897319837,-0.00102348218206,0.00236516096629,-0.00111361208837,-0.00527526810765,0.0156028568745,-0.00934912078083,0.00128457439132,0.000122901954455,0.00144859927241,-0.00139275984839,-0.0000965505605564],[-0.000290334544843,0.000438767543528,0.000506639946252,-0.00150935107376,0.00236510462128,0.0000768900936237,-0.00934912078083,0.0196957457811,-0.0127720553428,0.00589478714392,0.000169418315636,-0.000872284290381,-0.00107095809653],[0.000593192700762,-0.000865329930093,0.000950044195633,-0.000875072670169,-0.0032585663721,0.00222198362462,0.00128457439132,-0.0127720553428,0.0247772708535,-0.0137508064508,0.00481530930847,-0.000449486571597,0.00150839274283],[-0.000516589730978,0.00123437761795,-0.0013067163527,0.000688170897774,0.00331424409524,-0.00253903865814,0.000122901954455,0.00589478714392,-0.0137508064508,0.0243281051517,-0.0135677950457,0.00496078142896,-0.00379124865867],[0.000308153394144,-0.000874515390024,0.00049246114213,-0.000681140343659,-0.00143654900603,-0.000743544427678,0.00144859927241,0.000169418315636,0.00481530930847,-0.0135677950457,0.0233602449298,-0.0144276609644,0.00798923894763],[-0.000240796100115,0.000271004159003,0.000128271829453,0.000302857108181,-0.00189688766841,0.00449250685051,-0.00139275984839,-0.000872284290381,-0.000449486571597,0.00496078142896,-0.0144276609644,0.0289421491325,-0.016031878069],[0.000317446800182,0.0000376506468456,0.0000189353941096,0.000372625974705,0.000566385802813,-0.00216967938468,-0.0000965505605564,-0.00107095809653,0.00150839274283,-0.00379124865867,0.00798923894763,-0.016031878069,0.0219681076705]],"mean":[-773.52734375,190.320404053,4.08105421066,15.0321950912,4.87818241119,14.3132152557,2.67105221748,1.6210321188,-4.08718013763,-6.23930549622,-4.07550573349,-4.60005807877,-5.0244345665]},"pitch_salience":{"dmean":0.082955904305,"dmean2":0.133701905608,"dvar":0.0049404297024,"dvar2":0.0130416620523,"max":0.891094148159,"mean":0.561282157898,"median":0.571924328804,"min":0.0946540683508,"var":0.0160285476595},"silence_rate_20dB":{"dmean":0,"dmean2":0,"dvar":0,"dvar2":0,"max":1,"mean":1,"median":1,"min":1,"var":0},"silence_rate_30dB":{"dmean":0.00883472990245,"dmean2":0.0176721513271,"dvar":0.00875564105809,"dvar2":0.0201009269804,"max":1,"mean":0.990252792835,"median":1,"min":0,"var":0.00965252891183},"silence_rate_60dB":{"dmean":0.0460015237331,"dmean2":0.0920170620084,"dvar":0.0438851900399,"dvar2":0.100613348186,"max":1,"mean":0.15976241231,"median":0,"min":0,"var":0.134231463075},"spectral_centroid":{"dmean":125.861091614,"dmean2":189.565826416,"dvar":48442.53125,"dvar2":93748.4453125,"max":11845.9667969,"mean":821.220397949,"median":489.206665039,"min":188.314743042,"var":2380206.5},"spectral_complexity":{"dmean":2.28484392166,"dmean2":3.53625845909,"dvar":6.9653544426,"dvar2":14.7551145554,"max":32,"mean":9.62229633331,"median":9,"min":0,"var":32.7188987732},"spectral_contrast_coeffs":{"dmean":[0.0532647296786,0.04582323879,0.0373484753072,0.0325549803674,0.0287775509059,0.036409676075],"dmean2":[0.0866123214364,0.075901530683,0.0607918202877,0.0518717430532,0.0459011495113,0.0592445172369],"dvar":[0.00195634015836,0.00134662026539,0.00096209149342,0.000743774580769,0.000627139641438,0.00154846452642],"dvar2":[0.00496187852696,0.00359136378393,0.00251161889173,0.00183402036782,0.00157049077097,0.00380299380049],"max":[-0.257281750441,-0.425716102123,-0.532764613628,-0.591278374195,-0.608312189579,-0.461965918541],"mean":[-0.645009040833,-0.76526761055,-0.79906898737,-0.811905801296,-0.854403197765,-0.808413863182],"median":[-0.646474301815,-0.770271062851,-0.803305029869,-0.814550936222,-0.852381706238,-0.830097794533],"min":[-0.976030051708,-0.976524889469,-0.975190997124,-0.97396248579,-0.968695223331,-0.965360403061],"var":[0.0129356570542,0.00582393771037,0.00417681597173,0.00361774489284,0.00323060783558,0.00440668221563]},"spectral_contrast_valleys":{"dmean":[0.384980648756,0.390218257904,0.376432925463,0.397599697113,0.532276391983,0.831359386444],"dmean2":[0.632861733437,0.620483398438,0.582415282726,0.590598106384,0.797991812229,1.32811295986],"dvar":[0.123222775757,0.140057086945,0.159614011645,0.168966859579,0.262310236692,0.517496645451],"dvar2":[0.287974089384,0.296941816807,0.316676139832,0.332683891058,0.607533693314,1.4120169878],"max":[-5.35869836807,-4.11072063446,-5.12141752243,-5.81824922562,-6.71648454666,-9.16195201874],"mean":[-7.7380065918,-7.52305364609,-8.00505447388,-8.80530357361,-9.36447525024,-12.2206926346],"median":[-7.15434837341,-7.06965637207,-7.54514408112,-8.36732292175,-8.9157743454,-11.8159103394],"min":[-28.2761173248,-28.0346508026,-27.7530403137,-27.7959270477,-27.4599189758,-27.3867645264],"var":[9.39349651337,9.65559577942,9.13921070099,8.53793907166,7.9917807579,6.10496139526]},"spectral_decrease":{"dmean":1.81832415791e-9,"dmean2":2.68536548553e-9,"dvar":9.10025976905e-18,"dvar2":1.79182474628e-17,"max":9.37325501379e-18,"mean":-4.980249102e-9,"median":-2.80436918132e-9,"min":-5.50856853465e-8,"var":3.5403965492e-17},"spectral_energy":{"dmean":0.00707179447636,"dmean2":0.0104319863021,"dvar":0.000137527196785,"dvar2":0.000270180113148,"max":0.214815273881,"mean":0.019488632679,"median":0.0109673188999,"min":1.00071833908e-20,"var":0.000540728215128},"spectral_energyband_high":{"dmean":0.0000200526774279,"dmean2":0.0000302010539599,"dvar":1.53915180601e-9,"dvar2":3.15210080259e-9,"max":0.00108365062624,"mean":0.0000298829927488,"median":0.00000964134960668,"min":6.91269506473e-21,"var":3.48072592971e-9},"spectral_energyband_low":{"dmean":0.00274284929037,"dmean2":0.00443341070786,"dvar":0.0000217736251216,"dvar2":0.0000538868043805,"max":0.102600038052,"mean":0.00490132998675,"median":0.00260190665722,"min":1.35050431065e-23,"var":0.0000475269880553},"spectral_energyband_middle_high":{"dmean":0.00103750184644,"dmean2":0.00158462382387,"dvar":0.00000550245158593,"dvar2":0.0000127914718178,"max":0.0617036372423,"mean":0.0021802438423,"median":0.000737122492865,"min":1.14508171237e-21,"var":0.0000187764235307},"spectral_energyband_middle_low":{"dmean":0.0051841493696,"dmean2":0.00758227333426,"dvar":0.000115931652545,"dvar2":0.000232010046602,"max":0.202071532607,"mean":0.0126896779984,"median":0.00471254065633,"min":1.47782513546e-22,"var":0.000397142983275},"spectral_entropy":{"dmean":0.311595052481,"dmean2":0.479391992092,"dvar":0.081233240664,"dvar2":0.191489174962,"max":9.82717037201,"mean":6.84617948532,"median":6.8122792244,"min":4.55643749237,"var":0.517335414886},"spectral_flux":{"dmean":0.0190480388701,"dmean2":0.0307541750371,"dvar":0.000518132001162,"dvar2":0.00128705217503,"max":0.310078412294,"mean":0.0616795122623,"median":0.0530205070972,"min":6.30892352249e-11,"var":0.00167664163746},"spectral_kurtosis":{"dmean":9.26515293121,"dmean2":15.2503852844,"dvar":170.800415039,"dvar2":462.320800781,"max":153.440048218,"mean":20.4218063354,"median":16.2301139832,"min":-1.27549183369,"var":241.209884644},"spectral_rms":{"dmean":0.000706079415977,"dmean2":0.00102465820964,"dvar":6.68337349907e-7,"dvar2":0.00000126300062675,"max":0.0144767360762,"mean":0.003737434512,"median":0.00327105843462,"min":3.12459693536e-12,"var":0.00000504484705743},"spectral_rolloff":{"dmean":202.194366455,"dmean2":342.482391357,"dvar":225751.421875,"dvar2":562615.5625,"max":19810.546875,"mean":1088.58044434,"median":430.6640625,"min":43.06640625,"var":8486304},"spectral_skewness":{"dmean":0.638550102711,"dmean2":1.01682174206,"dvar":0.546126067638,"dvar2":1.43335282803,"max":9.92356967926,"mean":3.17276120186,"median":3.05869984627,"min":-0.093303412199,"var":1.49889111519},"spectral_spread":{"dmean":731879,"dmean2":1176855.125,"dvar":753279303680,"dvar2":1776965517310,"max":46115872,"mean":3582148.75,"median":2710871.5,"min":483269.5,"var":30159260352500},"spectral_strongpeak":{"dmean":0.32877022028,"dmean2":0.545859932899,"dvar":0.286391556263,"dvar2":0.702113747597,"max":7.76786184311,"mean":0.617114841938,"median":0.313891887665,"min":0,"var":0.63213133812},"zerocrossingrate":{"dmean":0.00439877063036,"dmean2":0.00562066445127,"dvar":0.0000871826923685,"dvar2":0.000164528537425,"max":0.5361328125,"mean":0.0351796001196,"median":0.01953125,"min":0.001953125,"var":0.00590246357024}},"metadata":{"audio_properties":{"analysis_sample_rate":44100,"bit_rate":138995,"codec":"mp3","downmix":"mix","equal_loudness":0,"length":152.425552368,"lossless":false,"md5_encoded":"aaa684723e52a6647006337ac9a57005","replay_gain":-0.580003738403,"sample_rate":44100},"tags":{"album":["The Complete Columbia Album Collection"],"albumartist":["Johnny Cash"],"albumartistsort":["Cash, Johnny"],"artist":["Johnny Cash"],"artists":["Johnny Cash"],"artistsort":["Cash, Johnny"],"asin":["B008DDC874"],"barcode":["886979104723"],"catalognumber":["88697910472"],"date":["2012-12-04"],"discnumber":["4/63"],"file_name":"01 - Seasons of My Heart.mp3","label":["Columbia","Legacy"],"media":["CD"],"musicbrainz album release country":["US"],"musicbrainz album status":["official"],"musicbrainz album type":["album","compilation"],"musicbrainz release track id":["d0757a05-d916-370a-8669-2b4111ed5632"],"musicbrainz_albumartistid":["d43d12a1-2dc9-4257-a2fd-0a3bb1081b86"],"musicbrainz_albumid":["de36c451-000c-4488-9375-b6d40b6636e5"],"musicbrainz_artistid":["d43d12a1-2dc9-4257-a2fd-0a3bb1081b86"],"musicbrainz_recordingid":["35bc8e15-ea87-478d-8b07-fd1228d498ef"],"musicbrainz_releasegroupid":["30578604-ce5e-4d3d-a09c-6c06fc4c526b"],"originaldate":["2012"],"script":["Latn"],"title":["Seasons of My Heart"],"tracknumber":["1/12"]},"version":{"essentia":"2.1-beta1","essentia_build_sha":"ca57ba49d9b1854bd80e60cf9ccf267278fb7d6b","essentia_git_sha":"v2.1_beta1-28-g21ef5f4-dirty","extractor":"music 1.0"}},"rhythm":{"beats_count":308,"beats_loudness":{"dmean":0.0272093061358,"dmean2":0.0483778119087,"dvar":0.000893793185242,"dvar2":0.00246747373603,"max":0.196274682879,"mean":0.0341296307743,"median":0.022721350193,"min":0,"var":0.00112869334407},"beats_loudness_band_ratio":{"dmean":[0.296009689569,0.228973686695,0.102823249996,0.0990048795938,0.03713061288,0.