{"lowlevel":{"average_loudness":0.899678945541,"barkbands":{"dmean":[0.000136408576509,0.0060538649559,0.00236005987972,0.00169165118132,0.00179478479549,0.000476508343127,0.000572707504034,0.000342335959431,0.000482645671582,0.000661574013066,0.000281253567664,0.000294403871521,0.000274764868664,0.000279377418337,0.000438442191808,0.000481025286717,0.000461336981971,0.000200561626116,0.000205263029784,0.000130802131025,0.0000994334259303,0.0000769136240706,0.0000623409869149,0.0000506307769683,0.0000385939783882,0.0000174923097802,0.00000281680854641],"dmean2":[0.000202709357836,0.0102833285928,0.00396281061694,0.00289861345664,0.00318535137922,0.0008014801424,0.000929353118408,0.000537465326488,0.000737178779673,0.00103211239912,0.000446369289421,0.00047195321531,0.000446416263003,0.000453600252513,0.000722006196156,0.000805867661256,0.00074344110908,0.00033610680839,0.000345013599144,0.00021868168551,0.000164746466908,0.000119571115647,0.0000922468971112,0.0000726150974515,0.0000520768589922,0.0000256260645983,0.0000040162053665],"dvar":[4.8447088119e-8,0.000173318359884,0.0000114827998914,0.00000673289468978,0.0000212648483284,9.12783150397e-7,0.0000019103467821,9.37712172799e-7,0.00000189390163996,0.00000262471348833,3.50182546072e-7,4.07447089401e-7,3.24812560848e-7,3.125384751e-7,5.44612532849e-7,6.0887566633e-7,6.57895100176e-7,9.0648526907e-8,1.02865264751e-7,3.23853441841e-8,1.91037372588e-8,1.35310562754e-8,1.5768035766e-8,1.30780737351e-8,1.22923644597e-8,3.29361093954e-9,7.30413576844e-11],"dvar2":[9.96810172182e-8,0.000450585910585,0.000031996085454,0.0000194644562725,0.0000597764446866,0.00000243193449023,0.0000047268099479,0.00000218066634261,0.00000444619172413,0.00000592453488935,8.60467196162e-7,9.53797893999e-7,8.35744629057e-7,7.83246662195e-7,0.00000142172177675,0.00000164697132732,0.00000163302547662,2.35127629367e-7,2.76764126284e-7,8.81910580119e-8,5.23736005675e-8,3.35347785096e-8,3.5312872626e-8,2.59599612917e-8,2.28420677928e-8,8.4002156342e-9,1.77964643022e-10],"max":[0.00287104165182,0.088688865304,0.0440481901169,0.0324533320963,0.04669656232,0.0167674887925,0.0490093827248,0.0237619392574,0.0326276309788,0.044275149703,0.0160103868693,0.0217965785414,0.014010743238,0.0139429252595,0.0162816084921,0.0177038628608,0.0201555211097,0.00953985564411,0.0134108802304,0.00293677859008,0.00223127449863,0.00192853284534,0.00322632398456,0.00318795908242,0.00371710839681,0.00263523799367,0.000403875194024],"mean":[0.000205645745154,0.00653437944129,0.00610548257828,0.00292471749708,0.00193878915161,0.000770663376898,0.000902294297703,0.000581600121222,0.000888567767106,0.00131540070288,0.000523562543094,0.000566575850826,0.000507791759446,0.000536742911208,0.000916639459319,0.0010552178137,0.00107309035957,0.000488617748488,0.00054076971719,0.000361595244613,0.000286426249659,0.000198472902412,0.000156352718477,0.000125973034301,0.0000864335088409,0.0000297546357615,0.0000047343114602],"median":[0.0000987093953881,0.00268906541169,0.00526623474434,0.00176492636092,0.000785569136497,0.000365475716535,0.000342118146364,0.00018024223391,0.000216804095544,0.000616538745817,0.000277464016108,0.000271734315902,0.000256171450019,0.000315944460453,0.000577592407353,0.000634318508673,0.000623628729954,0.000344570958987,0.000391076289816,0.000264498783508,0.000214960193262,0.000114362141176,0.0000690206434228,0.0000563618050364,0.0000322013474943,0.00000795628511696,0.00000105933713712],"min":[4.8556619615e-23,7.93479528049e-23,2.28654173278e-23,2.30989390884e-23,7.32598714372e-23,1.05560816187e-22,5.19778115422e-23,1.26286667613e-23,3.8087441438e-23,4.03408731008e-23,5.33751366408e-23,1.06875001657e-22,1.0673255231e-22,6.71800194665e-23,1.36108710057e-22,1.19057298575e-22,1.31124926671e-22,1.81166791511e-22,4.10896491436e-22,2.89440538216e-22,2.58458802403e-22,5.20622297565e-22,5.55400688386e-22,9.66738563276e-22,1.34372491576e-21,1.58678606206e-21,2.59942254704e-21],"var":[8.38521714286e-8,0.000144927107613,0.0000196296186914,0.000010798628864,0.0000167627040355,0.00000158146440299,0.00000383723090636,0.00000216899388761,0.00000550116965314,0.00000751387824494,7.8601487985e-7,9.25056497181e-7,7.16359977559e-7,6.84172675847e-7,0.00000131705985496,0.00000161135244525,0.00000216837702283,2.74198526995e-7,3.81620367307e-7,1.41330517067e-7,8.12440106301e-8,5.65382975992e-8,6.10097714571e-8,4.97451253523e-8,3.48841879827e-8,4.35294778001e-9,1.0010253737e-10]},"barkbands_crest":{"dmean":2.51812243462,"dmean2":4.18923854828,"dvar":7.57058238983,"dvar2":19.8267250061,"max":24.7597808838,"mean":9.98512649536,"median":9.1617307663,"min":2.54412913322,"var":17.2653331757},"barkbands_flatness_db":{"dmean":0.0208498016,"dmean2":0.0322390533984,"dvar":0.000654885428958,"dvar2":0.00147205917165,"max":0.530102729797,"mean":0.130319267511,"median":0.104427732527,"min":0.0268403496593,"var":0.00663426006213},"barkbands_kurtosis":{"dmean":4.72291040421,"dmean2":7.84151935577,"dvar":315.593933105,"dvar2":841.908569336,"max":403.071411133,"mean":6.27349185944,"median":0.293314933777,"min":-1.87528336048,"var":500.1355896},"barkbands_skewness":{"dmean":0.600072085857,"dmean2":0.956968665123,"dvar":0.778399765491,"dvar2":1.95280265808,"max":16.4995975494,"mean":1.6042072773,"median":1.18072390556,"min":-2.11737179756,"var":2.73524832726},"barkbands_spread":{"dmean":5.46908903122,"dmean2":8.48079299927,"dvar":36.7756614685,"dvar2":85.2290115356,"max":106.850875854,"mean":28.767616272,"median":29.8374538422,"min":0.282846689224,"var":206.88079834},"dissonance":{"dmean":0.0114612067118,"dmean2":0.0191768463701,"dvar":0.000169361373992,"dvar2":0.000437059876276,"max":0.500000119209,"mean":0.47770395875,"median":0.483561217785,"min":0.183059558272,"var":0.000448265462182},"dynamic_complexity":3.21689176559,"erbbands":{"dmean":[0.146750360727,1.47563350201,2.69904947281,4.17568588257,7.06022119522,5.19682836533,3.47240281105,3.97135448456,7.92469549179,7.49375486374,7.56672239304,11.265753746,21.2923927307,12.3906297684,10.954656601,11.7145185471,13.1151437759,13.5459985733,18.1627578735,23.0117912292,26.964515686,22.6485157013,11.5825443268,10.9584598541,8.05916881561,6.40104961395,4.02865314484,4.22482347488,2.79357933998,2.20868706703,1.79565894604,1.27107393742,0.778091549873,0.527085185051,0.231224045157,0.100730508566,0.0293665844947,0.0042892228812,0.000462858617539,0.0000333707648679],"dmean2":[0.235336393118,2.56754660606,4.57664108276,7.0592622757,12.370677948,9.44068908691,6.08146429062,6.65458774567,12.8550863266,12.0892400742,11.7058563232,16.9036598206,32.9881896973,19.7061271667,17.2650775909,18.8342952728,21.2975234985,21.9089717865,29.8840675354,37.9567565918,45.0881156921,36.678062439,19.2040081024,18.5132980347,13.247677803,10.7028064728,6.78516578674,6.92579269409,4.39285469055,3.39114928246,2.64927101135,1.88350999355,1.11418879032,0.731419861317,0.315748155117,0.14541015029,0.0439156405628,0.00615457072854,0.000664824736305,0.0000498052249895],"dvar":[0.0851295366883,10.873093605,18.2653446198,33.5037994385,257.814575195,182.311782837,59.1545753479,65.0394897461,356.187408447,394.447418213,465.727264404,1224.64550781,3682.64990234,675.432678223,426.080505371,670.75982666,745.874572754,852.975708008,1110.04064941,1458.01184082,1864.36950684,1566.68554688,324.609710693,227.974075317,245.057006836,81.0088424683,33.4632759094,34.3041648865,18.1441917419,13.3955869675,14.8234548569,7.8238992691,3.73295760155,2.86693120003,0.329435169697,0.0854963213205,0.0108566349372,0.000154166278662,0.00000204253638003,6.98480917549e-9],"dvar2":[0.204927772284,28.8746356964,49.8795623779,97.3991775513,710.352783203,529.846801758,170.026672363,171.79989624,843.633178711,979.549621582,1137.39831543,2794.90307617,8260.484375,1723.97558594,1018.10681152,1670.52966309,1925.63671875,2116.98657227,2904.02001953,3857.52734375,5078.11962891,4043.71484375,833.612304688,646.928527832,611.975708008,222.699493408,94.7825546265,90.9239883423,46.1172676086,32.2557449341,33.1655426025,16.8136386871,7.0885515213,5.52951860428,0.603018283844,0.204551011324,0.0283060148358,0.000366761203622,0.00000504476611241,1.74446697088e-8],"max":[2.00348591805,22.5515117645,48.2365760803,89.3075866699,175.122344971,139.57182312,146.421234131,145.457672119,767.223815918,440.287445068,695.916625977,870.819335938,1556.54968262,862.901855469,475.00869751,1051.97241211,768.119873047,773.442749023,768.962585449,1109.89550781,1050.98413086,1182.07958984,643.626464844,255.160461426,850.096679688,176.469085693,96.6480636597,133.931442261,63.5860176086,101.74822998,104.617874146,75.8680648804,60.6700439453,61.258266449,19.2348957062,10.863866806,4.99831724167,0.526563227177,0.0662500485778,0.00397305423394],"mean":[0.172281116247,1.55892348289,5.9821267128,9.85527992249,8.42658615112,5.60462856293,4.66728401184,6.56017684937,12.8472833633,12.3343715668,14.1832437515,21.9802150726,40.4635505676,26.5789871216,23.5289554596,24.3601284027,25.8708267212,27.3705863953,37.9395294189,51.508228302,63.8605651855,55.7791023254,31.3627719879,30.0677165985,21.7514438629,17.6173171997,11.5939664841,11.8816814423,7.29005289078,5.4304485321,4.41307973862,3.13259792328,1.84247159958,1.15788161755,0.500137746334,0.182059779763,0.0474864579737,0.00736948475242,0.000788598204963,0.0000786235250416],"median":[0.0552499331534,0.723285198212,4.79585409164,7.66697502136,4.05997514725,2.37732315063,2.28810334206,3.12167310715,4.97355794907,4.64335823059,4.44590902328,5.55565977097,17.5285110474,14.2370462418,14.2427339554,13.0970849991,14.22631073,16.1700820923,22.5573730469,35.5354690552,41.1491355896,35.6235961914,23.0845375061,22.5265598297,15.4588880539,12.7688484192,8.9337682724,8.67130947113,4.28281450272,2.79348039627,1.8731534481,1.38592875004,0.773482441902,0.432580202818,0.185475572944,0.052782420069,0.0114625021815,0.00180607358925,0.000195251443074,0.0000547733179701],"min":[3.99516320908e-21,1.16586640241e-20,1.65119499744e-20,8.73411413871e-20,1.61021123539e-19,2.86980025466e-19,4.01046810221e-19,8.97039737596e-19,9.36642663783e-19,3.30993323583e-19,5.79039353484e-19,6.72621915097e-19,4.22362117233e-19,2.34381150938e-18,3.73220997252e-18,3.01869142076e-18,3.4196498519e-18,5.07562242484e-18,4.97815242454e-18,8.61121652883e-18,6.24292440243e-18,6.64435474011e-18,8.1655225158e-18,1.32283410119e-17,2.26562916894e-17,1.2991347149e-17,1.11578640981e-17,1.1004639643e-17,1.6497305026e-17,2.06656037903e-17,1.53094074919e-17,1.57928862882e-17,1.84540305435e-17,1.33125612332e-17,1.09500862544e-17,5.56184415198e-18,3.33802284187e-18,1.23720132429e-18,3.46771509424e-19,3.87453951548e-20],"var":[0.0932565554976,8.2550907135,24.3765869141,65.1081085205,227.258712769,134.00012207,60.6952362061,117.437736511,778.734680176,788.834289551,1149.35852051,3721.97094727,9852.71972656,1533.92163086,1134.66748047,1410.20959473,1635.36657715,1909.60961914,2537.54638672,3687.83886719,5796.11621094,4870.42773438,1102.51757812,895.244934082,881.817504883,344.155548096,129.005142212,151.012756348,73.4744186401,49.3092460632,54.7075920105,29.2979049683,12.8419847488,7.55937719345,1.00851345062,0.150335237384,0.0124613819644,0.000236906227656,0.00000270007194558,9.05760444425e-9]},"erbbands_crest":{"dmean":2.17193603516,"dmean2":3.52010583878,"dvar":4.58845090866,"dvar2":11.5861053467,"max":30.7202968597,"mean":8.13633537292,"median":7.02390575409,"min":1.94893789291,"var":16.0565814972},"erbbands_flatness_db":{"dmean":0.0163753293455,"dmean2":0.0226087197661,"dvar":0.000401687168051,"dvar2":0.000687193067279,"max":0.372862756252,"mean":0.149410590529,"median":0.14113201201,"min":0.0485425032675,"var":0.0025381820742},"erbbands_kurtosis":{"dmean":0.973540842533,"dmean2":1.51198709011,"dvar":8.70792770386,"dvar2":16.8552875519,"max":133.002166748,"mean":0.837511241436,"median":0.0641443729401,"min":-1.84284245968,"var":19.6924629211},"erbbands_skewness":{"dmean":0.318005859852,"dmean2":0.488922685385,"dvar":0.150841653347,"dvar2":0.333914101124,"max":9.2000617981,"mean":-0.248956590891,"median":-0.361308783293,"min":-4.39182043076,"var":0.865708649158},"erbbands_spread":{"dmean":7.97197771072,"dmean2":12.2766418457,"dvar":106.626525879,"dvar2":224.413497925,"max":170.417831421,"mean":39.3509674072,"median":35.0484199524,"min":2.07390069962,"var":372.917602539},"gfcc":{"cov":[[14483.0488281,-2131.06518555,-1509.24499512,683.73449707,-1310.92126465,362.043914795,-631.429748535,270.128417969,-260.894958496,285.231719971,-115.179992676,179.305038452,-228.909118652],[-2131.06518555,2090.72314453,-94.2034835815,-184.643981934,519.871520996,-202.540878296,305.082550049,-122.975975037,189.981674194,-171.861480713,117.524559021,-164.185592651,155.081298828],[-1509.24499512,-94.2034835815,1223.11865234,-64.328704834,104.628219604,139.801773071,-4.92049026489,20.1322422028,19.4397602081,19.7437534332,-51.3484916687,63.9904518127,-54.0778083801],[683.73449707,-184.643981934,-64.328704834,373.292510986,-59.4075927734,63.383228302,10.147986412,2.63771080971,-1.79370355606,4.28866672516,33.756061554,7.99702692032,29.5007534027],[-1310.92126465,519.871520996,104.628219604,-59.4075927734,455.618621826,-17.6797676086,140.643569946,2.88346672058,54.121673584,-25.3227176666,18.0231285095,-13.0972547531,56.2723846436],[362.043914795,-202.540878296,139.801773071,63.383228302,-17.6797676086,171.927276611,1.04706084728,43.0385437012,-2.57121777534,26.4609031677,-7.64348459244,20.1209602356,-12.1721553802],[-631.429748535,305.082550049,-4.92049026489,10.147986412,140.643569946,1.04706084728,191.688262939,14.4836263657,40.146282196,-32.410861969,25.3768253326,-30.602766037,32.9059562683],[270.128417969,-122.975975037,20.1322422028,2.63771080971,2.88346672058,43.0385437012,14.4836263657,121.045700073,30.7421836853,37.9011611938,-4.93909692764,14.4923849106,-4.89347934723],[-260.894958496,189.981674194,19.4397602081,-1.79370355606,54.121673584,-2.57121777534,40.146282196,30.7421836853,101.742362976,22.1579341888,18.5338439941,-16.429731369,17.2158527374],[285.231719971,-171.861480713,19.7437534332,4.28866672516,-25.3227176666,26.4609031677,-32.410861969,37.9011611938,22.1579341888,102.85308075,23.2179412842,28.9804534912,-18.1377468109],[-115.179992676,117.524559021,-51.3484916687,33.756061554,18.0231285095,-7.64348459244,25.3768253326,-4.93909692764,18.5338439941,23.2179412842,81.9532699585,14.3570489883,21.3886852264],[179.305038452,-164.185592651,63.9904518127,7.99702692032,-13.0972547531,20.1209602356,-30.602766037,14.4923849106,-16.429731369,28.9804534912,14.3570489883,81.9766082764,5.50619649887],[-228.909118652,155.081298828,-54.0778083801,29.5007534027,56.2723846436,-12.1721553802,32.9059562683,-4.89347934723,17.2158527374,-18.1377468109,21.3886852264,5.50619649887,71.115447998]],"icov":[[0.000199013375095,-0.00028259732062,0.000325768924085,-0.000405694474466,0.000431270746049,-0.000451637781225,0.000337579054758,-0.000480273738503,0.000490035919938,-0.000534085149411,0.000787973462138,-0.000718541967217,0.000628855195828],[-0.00028259732062,0.00228720693849,-0.000579048413783,0.00148765346967,-0.00167530355975,0.00131795625202,-0.000941090343986,0.00187435816042,-0.00315958773717,0.00311745377257,-0.0038925781846,0.00333743682131,-0.00236683082767],[0.000325768924085,-0.000579048413783,0.00164177478291,-0.00056253222283,0.000413971458329,-0.00169329775963,0.000568468938582,-0.000398332311306,0.000205114047276,-0.00071074970765,0.00212593586184,-0.00256319972686,0.00221341731958],[-0.000405694474466,0.00148765346967,-0.00056253222283,0.00456311926246,-0.000765262986533,-0.000296944141155,-0.00110300234519,0.00180284131784,-0.00205062213354,0.00235750433058,-0.00410827016458,0.0027955158148,-0.00356467231177],[0.000431270746049,-0.00167530355975,0.000413971458329,-0.000765262986533,0.00485428003594,-0.00111932924483,-0.00111378112342,-0.00141749507748,0.0018676193431,-0.00274402787909,0.00352092972025,-0.00293938512914,0.0000755557703087],[-0.000451637781225,0.00131795625202,-0.00169329775963,-0.000296944141155,-0.00111932924483,0.00937617570162,-0.00167556270026,-0.000860430824105,-0.000742826377973,0.000604535918683,-0.00183765648399,0.00208873394877,-0.00156064063776],[0.000337579054758,-0.000941090343986,0.000568468938582,-0.00110300234519,-0.00111378112342,-0.00167556270026,0.00940934382379,-0.00299398228526,0.0000647997294436,0.00183436123189,-0.00127077254001,0.000847022107337,0.000832149991766],[-0.000480273738503,0.00187435816042,-0.000398332311306,0.00180284131784,-0.00141749507748,-0.000860430824105,-0.00299398228526,0.0135814314708,-0.00613809889182,-0.000746297359001,-0.000359021680197,0.000638846948277,-0.00203573727049],[0.000490035919938,-0.00315958773717,0.000205114047276,-0.00205062213354,0.0018676193431,-0.000742826377973,0.0000647997294436,-0.00613809889182,0.0192284360528,-0.0088939415291,0.00354268611409,0.000649292545859,-0.000622241233941],[-0.000534085149411,0.00311745377257,-0.00071074970765,0.00235750433058,-0.00274402787909,0.000604535918683,0.00183436123189,-0.000746297359001,-0.0088939415291,0.0211781356484,-0.0112540526316,0.00051792175509,0.00223800120875],[0.000787973462138,-0.0038925781846,0.00212593586184,-0.00410827016458,0.00352092972025,-0.00183765648399,-0.00127077254001,-0.000359021680197,0.00354268611409,-0.0112540526316,0.0251397788525,-0.00997685175389,0.00129194627516],[-0.000718541967217,0.00333743682131,-0.00256319972686,0.0027955158148,-0.00293938512914,0.00208873394877,0.000847022107337,0.000638846948277,0.000649292545859,0.00051792175509,-0.00997685175389,0.0237176213413,-0.00922497920692],[0.000628855195828,-0.00236683082767,0.00221341731958,-0.00356467231177,0.0000755557703087,-0.00156064063776,0.000832149991766,-0.00203573727049,-0.000622241233941,0.00223800120875,0.00129194627516,-0.00922497920692,0.0246041174978]],"mean":[1.92516577244,88.9380569458,-118.869720459,44.317440033,-36.6591835022,20.2303161621,-30.5038814545,10.9767217636,-20.2568645477,-5.34095525742,-21.8846664429,-4.7944893837,-9.553399086]},"hfc":{"dmean":4.36074018478,"dmean2":6.75409650803,"dvar":26.7082576752,"dvar2":64.2283782959,"max":101.592086792,"mean":24.9042510986,"median":22.8422470093,"min":1.20846653806e-16,"var":341.084869385},"melbands":{"dmean":[0.00152813352179,0.00158433686011,0.000765569799114,0.000454889726825,0.000131114851683,0.000091587928182,0.000119207034004,0.0000786955424701,0.0000681414312567,0.0000696283314028,0.000106861654785,0.0000523402122781,0.0000406434483011,0.0000335372424161,0.0000314512944897,0.0000236118230532,0.0000285931328108,0.0000286067133857,0.0000304479599436,0.0000326459812641,0.0000345981243299,0.0000265273265541,0.0000201525945158,0.00000935794378165,0.000010128201211,0.0000081073903857,0.00000496158827445,0.00000470581653644,0.00000307298000735,0.00000277384128822,0.00000272429747383,0.00000177681511104,0.00000152097845785,0.00000125382462102,0.00000116102637548,9.61207888395e-7,7.97334848812e-7,6.07645574746e-7,5.12105998496e-7,4.55242968656e-7],"dmean2":[0.00255927140824,0.00272271060385,0.00130410527345,0.000807536183856,0.000232245889492,0.000152877270011,0.00019290795899,0.00012598693138,0.000104449951323,0.000105851213448,0.000165912424563,0.0000836077233544,0.0000639953796053,0.0000536165389349,0.000050968657888,0.0000382819307561,0.0000465031807835,0.0000470601626148,0.0000501914182678,0.0000541333247384,0.0000577990285819,0.0000429718784289,0.0000333481875714,0.0000158444436238,0.0000171583997144,0.0000135054051498,0.00000825797724247,0.00000793416165834,0.00000523742437508,0.00000465123957838,0.00000448833725386,0.00000283847316496,0.00000242431201514,0.00000195162169803,0.00000176563514742,0.00000145545345731,0.00000121480661619,8.98366238289e-7,7.46601642732e-7,6.42599388812e-7],"dvar":[0.0000105542358142,0.00000856113547343,0.00000119664332487,0.00000133877074404,8.59374864604e-8,3.33843033218e-8,8.17300573885e-8,4.44535963595e-8,3.91858101523e-8,4.23059702825e-8,9.18804090588e-8,1.23439951594e-8,6.85346357443e-9,5.61282975653e-9,3.82781362163e-9,2.72914069122e-9,3.83450204922e-9,2.69463229507e-9,2.7936404301e-9,2.89629076278e-9,3.27421312285e-9,2.43827558144e-9,1.47497258851e-9,1.8273990654e-10,2.00985006416e-10,2.35183122976e-10,5.95672816628e-11,4.41247802185e-11,1.93788318725e-11,1.58473997813e-11,1.55644819949e-11,7.25000831939e-12,6.26758887845e-12,4.79720993832e-12,6.24849911396e-12,4.61493170067e-12,3.32561951068e-12,2.06657651061e-12,2.62160779196e-12,2.13562175756e-12],"dvar2":[0.0000267711438937,0.0000229635388678,0.00000338700033353,0.0000037591819364,2.51775105653e-7,8.76320385146e-8,1.95604400233e-7,1.07292748908e-7,9.51547249883e-8,1.00228490396e-7,2.05664520081e-7,3.155320627e-8,1.66550666592e-8,1.28180586145e-8,9.76058434077e-9,6.96881574669e-9,9.61991197812e-9,7.05106195653e-9,7.22673476616e-9,7.50613260436e-9,8.83586626088e-9,6.18334539126e-9,3.6426333061e-9,5.10115727437e-10,5.71929892335e-10,6.0810739777e-10,1.5808770959e-10,1.23083571113e-10,5.56034003563e-11,4.36580979701e-11,4.13367499952e-11,1.88299115883e-11,1.61020537182e-11,1.188414471e-11,1.45924331646e-11,1.06876191924e-11,7.51274910338e-12,4.42665045244e-12,4.90497920058e-12,4.37311428389e-12],"max":[0.0223239567131,0.0263566356152,0.013035427779,0.0121671715751,0.00478001171723,0.00391863752156,0.0115105826408,0.00537733826786,0.00674165599048,0.00551810814068,0.0078683020547,0.00374808255583,0.00228668516502,0.00313344690949,0.00178570428398,0.00123348645866,0.00156246102415,0.00124566641171,0.00132857332937,0.00135938578751,0.00168022024445,0.00138105952647,0.00173253787216,0.000267378782155,0.000232861551922,0.000851003569551,0.000161119824043,0.000114254609798,0.0000755556829972,0.0000673473186907,0.000101270430605,0.0000447465863544,0.0000481411734654,0.0000726496145944,0.0000568197392568,0.0000602543186687,0.0000554497928533,0.000051343049563,0.0000552577766939,0.0000579465522605],"mean":[0.00167877646163,0.00285239424556,0.00169837661088,0.000503087125253,0.000173598295078,0.000152515800437,0.000194141175598,0.000129690553877,0.000128347659484,0.000131604989292,0.000200467358809,0.000107069143269,0.000079756580817,0.0000654860195937,0.0000623438609182,0.0000453877692053,0.000052311552281,0.0000558798892598,0.0000644733809168,0.000070241469075,0.0000760412367526,0.0000592694341321,0.0000425681828347,0.0000219236462726,0.0000247686439252,0.000019199342205,0.0000116921482913,0.0000117661302284,0.00000748908087189,0.00000681175379214,0.00000686366638547,0.00000420087690145,0.00000337063397637,0.00000284452812593,0.00000261923082689,0.00000219817570724,0.00000179102539732,0.00000132565230615,0.00000108498204554,9.34551906084e-7],"median":[0.000615633092821,0.00213485816494,0.00132255582139,0.000219565088628,0.0000863008172018,0.000070750786108,0.0000746450459701,0.0000469273036288,0.0000344252111972,0.0000350497648469,0.0000847986812005,0.0000522453810845,0.000045181655878,0.0000301018899336,0.0000362321188732,0.0000238823286054,0.0000284339803329,0.0000319198516081,0.0000410713510064,0.0000445896403107,0.0000472454776173,0.0000345082225977,0.0000249101522058,0.0000151218800966,0.000017338703401,0.0000124541302284,0.0000078555831351,0.00000805811941973,0.00000550577624381,0.00000495779386256,0.00000472224701298,0.00000240244366978,0.00000171347528521,0.00000142192016028,0.00000108049300707,8.87641476766e-7,7.7415393207e-7,5.4874720945e-7,4.10529025885e-7,3.38783536336e-7],"min":[3.18310171531e-23,1.1450488011e-23,1.40391382269e-23,1.91498682647e-23,1.27810249899e-23,2.0404968053e-23,1.38060203631e-23,3.04513818658e-24,6.1663766014e-24,3.85888824501e-24,1.75848928687e-24,9.09118727031e-24,1.01683310825e-23,1.0870638958e-23,7.22596668069e-24,1.03011815698e-23,9.17686387551e-24,6.9360484651e-24,1.19056268323e-23,9.75326008426e-24,7.34440231269e-24,6.95952812109e-24,6.09492394719e-24,1.01215587305e-23,8.80822444133e-24,2.28833102708e-23,8.77688930846e-24,8.72071610112e-24,7.22837112872e-24,6.48433211685e-24,5.92313568001e-24,9.2140705001e-24,1.11776375899e-23,1.11429316544e-23,8.15519118449e-24,9.2894682477e-24,9.9444192254e-24,1.22172671217e-23,1.27266795733e-23,1.05772150446e-23],"var":[0.00000958810596785,0.00000802033991931,0.00000191036065189,0.00000105923061255,8.08215787629e-8,6.52098677278e-8,1.77722242256e-7,9.36752400094e-8,1.02551183545e-7,1.20071604215e-7,2.46786640901e-7,2.71267275309e-8,1.62411986082e-8,1.36183233579e-8,8.05420974359e-9,5.95743854248e-9,7.77175834799e-9,5.91045745679e-9,6.58644339069e-9,7.34520444468e-9,9.81673853317e-9,6.91712598311e-9,3.70031383312e-9,5.35063493512e-10,6.60898391569e-10,8.04212085814e-10,1.81314213643e-10,1.60575608366e-10,5.83222983797e-11,5.05990076227e-11,5.74816721999e-11,2.55613221561e-11,1.9167995316e-11,1.49174127911e-11,2.00877856016e-11,1.51977909424e-11,1.04137401827e-11,6.24018892115e-12,7.20340410584e-12,5.01764298513e-12]},"melbands_crest":{"dmean":2.69505643845,"dmean2":4.38970708847,"dvar":6.30148077011,"dvar2":16.4607448578,"max":34.4246292114,"mean":16.1833286285,"median":15.9795742035,"min":1.56650090218,"var":21.4253387451},"melbands_flatness_db":{"dmean":0.0266651306301,"dmean2":0.041532330215,"dvar":0.000993736204691,"dvar2":0.00223235506564,"max":0.695650696754,"mean":0.204833135009,"median":0.173665463924,"min":0.00315695279278,"var":0.0113376034424},"melbands_kurtosis":{"dmean":10.9351634979,"dmean2":17.6923866272,"dvar":843.175354004,"dvar2":2099.22631836,"max":678.676757812,"mean":19.8123703003,"median":6.707239151,"min":-1.73885250092,"var":1810.51281738},"melbands_skewness":{"dmean":0.849388718605,"dmean2":1.34855377674,"dvar":1.34658575058,"dvar2":3.12252211571,"max":19.5959243774,"mean":3.11520934105,"median":2.5223596096,"min":-1.06872797012,"var":4.71807432175},"melbands_spread":{"dmean":7.39590406418,"dmean2":11.6819267273,"dvar":72.9258041382,"dvar2":172.984390259,"max":162.014968872,"mean":28.7903289795,"median":26.4899101257,"min":0.31800609827,"var":383.027801514},"mfcc":{"cov":[[11301.6806641,-2029.24780273,-1255.30383301,98.4770431519,-642.278869629,-234.580505371,-276.194274902,-217.325912476,-239.065765381,-84.4281997681,-77.4205780029,127.347106934,-3.54163646698],[-2029.24780273,1572.53540039,-41.3869743347,43.2458648682,200.730255127,39.0181884766,91.7393341064,61.760383606,103.93938446,30.479801178,23.9244270325,4.97821331024,-14.1259975433],[-1255.30383301,-41.3869743347,948.173583984,-54.1412849426,113.95148468,88.4099960327,-18.0395278931,52.8809356689,-0.177357405424,17.4766769409,25.9441928864,-44.3242073059,22.7761383057],[98.4770431519,43.2458648682,-54.1412849426,264.824432373,26.5370864868,42.1637153625,49.7249641418,16.8616962433,20.2392101288,3.79733777046,-7.76375818253,12.8589010239,2.5490295887],[-642.278869629,200.730255127,113.95148468,26.5370864868,219.487197876,62.9816436768,39.5365447998,31.5218849182,47.1157455444,10.2247991562,7.30145645142,-2.68586349487,23.219909668],[-234.580505371,39.0181884766,88.4099960327,42.1637153625,62.9816436768,127.48727417,52.7258605957,25.9449367523,14.5986766815,7.96041965485,4.30195093155,-3.55729866028,3.73984575272],[-276.194274902,91.7393341064,-18.0395278931,49.7249641418,39.5365447998,52.7258605957,130.20980835,48.3275527954,28.7104377747,12.6916885376,3.82907485962,5.12858438492,2.68601965904],[-217.325912476,61.760383606,52.8809356689,16.8616962433,31.5218849182,25.9449367523,48.3275527954,91.2048187256,44.1424598694,15.9022102356,2.67050909996,-6.76214838028,2.59360694885],[-239.065765381,103.93938446,-0.177357405424,20.2392101288,47.1157455444,14.5986766815,28.7104377747,44.1424598694,99.5854721069,42.5962867737,11.798368454,3.84081196785,0.946738481522],[-84.4281997681,30.479801178,17.4766769409,3.79733777046,10.2247991562,7.96041965485,12.6916885376,15.9022102356,42.5962867737,77.3401412964,34.8553504944,5.06655550003,-1.81459200382],[-77.4205780029,23.9244270325,25.9441928864,-7.76375818253,7.30145645142,4.30195093155,3.82907485962,2.67050909996,11.798368454,34.8553504944,69.3972702026,27.9720096588,6.51876878738],[127.347106934,4.97821331024,-44.3242073059,12.8589010239,-2.68586349487,-3.55729866028,5.12858438492,-6.76214838028,3.84081196785,5.06655550003,27.9720096588,71.2814712524,28.1618289948],[-3.54163646698,-14.1259975433,22.7761383057,2.5490295887,23.219909668,3.73984575272,2.68601965904,2.59360694885,0.946738481522,-1.81459200382,6.51876878738,28.1618289948,62.8939666748]],"icov":[[0.000162447104231,0.000175766093889,0.000200729016797,-0.0000957092779572,0.000167482037796,-0.0000625369648333,0.000276526494417,-0.0000971779518295,0.000157801012392,-0.000104150698462,0.000131625507493,-0.000240012683207,0.00000234288177126],[0.000175766093889,0.00096824177308,0.000301604042761,-0.0000912959003472,-0.000533325423021,0.000156792724738,-0.0000129315794766,-0.000165673947777,-0.000270314340014,0.0000651051086606,-0.0000991699998849,-0.000349166512024,0.000489374855533],[0.000200729016797,0.000301604042761,0.00164776470046,0.000146999969729,-0.00038447836414,-0.00098484614864,0.00118054251652,-0.00116498663556,0.000825898838229,-0.000306224217638,-0.000669972854666,0.000861462322064,-0.000663057435304],[-0.0000957092779572,-0.0000912959003472,0.000146999969729,0.00438866158947,-0.000251183664659,-0.0011166096665,-0.00118821288925,0.000119053685921,-0.000488534045871,-0.000121857665363,0.00102610513568,-0.000969447544776,0.000279542349745],[0.000167482037796,-0.000533325423021,-0.00038447836414,-0.000251183664659,0.00730002531782,-0.00247162394226,-0.000145234458614,0.000614789838437,-0.00284024490975,0.00133955175988,-0.000538683205377,0.00118892930914,-0.00292335520498],[-0.0000625369648333,0.000156792724738,-0.00098484614864,-0.0011166096665,-0.00247162394226,0.0115546165034,-0.00399633590132,-0.0000845321555971,0.000733186316211,-0.000339698657626,-0.000232594204135,0.000240881738137,0.000728599668946],[0.000276526494417,-0.0000129315794766,0.00118054251652,-0.00118821288925,-0.000145234458614,-0.00399633590132,0.0125961732119,-0.00565467774868,0.000852147990372,-0.000925001746509,0.000388635962736,-0.00138895749114,0.000161933217896],[-0.0000971779518295,-0.000165673947777,-0.00116498663556,0.000119053685921,0.000614789838437,-0.0000845321555971,-0.00565467774868,0.0178124308586,-0.00726409163326,0.00139161082916,-0.000388370623114,0.00250198203139,-0.00127117824741],[0.000157801012392,-0.000270314340014,0.000825898838229,-0.000488534045871,-0.00284024490975,0.000733186316211,0.000852147990372,-0.00726409163326,0.0189434029162,-0.00981668382883,0.00297091575339,-0.00242376909591,0.00114602060057],[-0.000104150698462,0.0000651051086606,-0.000306224217638,-0.000121857665363,0.00133955175988,-0.000339698657626,-0.000925001746509,0.00139161082916,-0.00981668382883,0.022930059582,-0.0114789614454,0.00364996632561,-0.00000287830221168],[0.000131625507493,-0.0000991699998849,-0.000669972854666,0.00102610513568,-0.000538683205377,-0.000232594204135,0.000388635962736,-0.000388370623114,0.00297091575339,-0.0114789614454,0.0244005490094,-0.0107589652762,0.0023108550813],[-0.000240012683207,-0.000349166512024,0.000861462322064,-0.000969447544776,0.00118892930914,0.000240881738137,-0.00138895749114,0.00250198203139,-0.00242376909591,0.00364996632561,-0.0107589652762,0.0237198863178,-0.0102257886901],[0.00000234288177126,0.000489374855533,-0.000663057435304,0.000279542349745,-0.00292335520498,0.000728599668946,0.000161933217896,-0.00127117824741,0.00114602060057,-0.00000287830221168,0.0023108550813,-0.0102257886901,0.0216419883072]],"mean":[-634.855163574,112.979820251,-8.70929431915,30.039981842,17.1286945343,13.2198295593,5.07829666138,12.1499490738,9.8381061554,2.53461527824,-4.19943809509,-1.27315568924,-2.2085006237]},"pitch_salience":{"dmean":0.0725330039859,"dmean2":0.122250556946,"dvar":0.0051515228115,"dvar2":0.0143972123042,"max":0.875573396683,"mean":0.511600136757,"median":0.518981218338,"min":0.123779334128,"var":0.0121502839029},"silence_rate_20dB":{"dmean":0,"dmean2":0,"dvar":0,"dvar2":0,"max":1,"mean":1,"median":1,"min":1,"var":0},"silence_rate_30dB":{"dmean":0,"dmean2":0,"dvar":0,"dvar2":0,"max":1,"mean":1,"median":1,"min":1,"var":0},"silence_rate_60dB":{"dmean":0.00501919118688,"dmean2":0.0100391227752,"dvar":0.00499315094203,"dvar2":0.0130399195477,"max":1,"mean":0.0180087089539,"median":0,"min":0,"var":0.0176856983453},"spectral_centroid":{"dmean":211.240478516,"dmean2":337.224578857,"dvar":52279.6328125,"dvar2":121886.53125,"max":11444.1425781,"mean":1600.97692871,"median":1706.20129395,"min":118.266578674,"var":460935.78125},"spectral_complexity":{"dmean":2.95320343971,"dmean2":4.85273504257,"dvar":8.10578536987,"dvar2":20.6694316864,"max":58,"mean":26.0347633362,"median":26,"min":0,"var":227.76789856},"spectral_contrast_coeffs":{"dmean":[0.048274692148,0.042527820915,0.0355684384704,0.0290825553238,0.0212723445147,0.0177594944835],"dmean2":[0.079970292747,0.0699645504355,0.0582835189998,0.0475271344185,0.0345507785678,0.0281594377011],"dvar":[0.00169231998734,0.00121813488659,0.000795594300143,0.000537144893315,0.000327685818775,0.000329337461153],"dvar2":[0.00443180929869,0.00334433838725,0.00208888738416,0.00140109844506,0.000806706957519,0.000748031248804],"max":[-0.285126209259,-0.39594244957,-0.475633710623,-0.524902462959,-0.57691937685,-0.566723465919],"mean":[-0.625272035599,-0.757347106934,-0.765506744385,-0.771292567253,-0.785913288593,-0.753865361214],"median":[-0.629127085209,-0.763283789158,-0.769018232822,-0.771658241749,-0.786401569843,-0.748215436935],"min":[-0.94575792551,-0.954590141773,-0.962137877941,-0.961407244205,-0.958634734154,-0.959600090981],"var":[0.00534274522215,0.00441801082343,0.00338403019123,0.00242229155265,0.00162479106802,0.00239591998979]},"spectral_contrast_valleys":{"dmean":[0.394724220037,0.333682030439,0.280567705631,0.24897877872,0.242649421096,0.291196614504],"dmean2":[0.639397382736,0.549606800079,0.460348755121,0.394393891096,0.369883358479,0.369519203901],"dvar":[0.124522678554,0.0887525379658,0.0642563775182,0.0660777539015,0.108913317323,0.180158391595],"dvar2":[0.287235528231,0.218729838729,0.149696528912,0.134622737765,0.224259927869,0.314371198416],"max":[-5.19765233994,-4.72711229324,-5.54357004166,-5.51280593872,-5.65982723236,-7.61672210693],"mean":[-7.15206050873,-7.09520292282,-7.33416461945,-7.50514745712,-7.33549594879,-10.1104278564],"median":[-7.00685310364,-6.85960578918,-7.05721855164,-7.16667842865,-6.83228635788,-9.66806125641],"min":[-27.5320014954,-27.7671966553,-27.236448288,-27.43151474,-27.3089408875,-27.2480278015],"var":[1.24446177483,1.27132737637,1.41831755638,1.62732303143,2.11812520027,2.39939618111]},"spectral_decrease":{"dmean":2.64005750594e-9,"dmean2":4.40158531845e-9,"dvar":1.55137426099e-17,"dvar2":3.95745042614e-17,"max":6.02854555404e-19,"mean":-7.25116722222e-9,"median":-6.39728092722e-9,"min":-3.30828768824e-8,"var":2.41444624032e-17},"spectral_energy":{"dmean":0.0101653896272,"dmean2":0.0169335026294,"dvar":0.000224412739044,"dvar2":0.000573003082536,"max":0.128980532289,"mean":0.0296265222132,"median":0.0266245994717,"min":1.07045257278e-20,"var":0.000382653699489},"spectral_energyband_high":{"dmean":0.000299368140986,"dmean2":0.000436716945842,"dvar":1.9608302182e-7,"dvar2":4.13577168956e-7,"max":0.0105400979519,"mean":0.00108117901254,"median":0.000812579295598,"min":7.69971783569e-21,"var":0.00000127822181639},"spectral_energyband_low":{"dmean":0.00795316137373,"dmean2":0.0133532295004,"dvar":0.000210469283047,"dvar2":0.000540284439921,"max":0.110864549875,"mean":0.0146265421063,"median":0.0107253585011,"min":1.5919928722e-22,"var":0.000208005280001},"spectral_energyband_middle_high":{"dmean":0.00146082870197,"dmean2":0.00229579536244,"dvar":0.00000389983188143,"dvar2":0.00000945378633332,"max":0.0444927662611,"mean":0.00736429588869,"median":0.00627926876768,"min":1.48135294667e-21,"var":0.0000400976714445},"spectral_energyband_middle_low":{"dmean":0.00391039066017,"dmean2":0.00655825063586,"dvar":0.0000453080065199,"dvar2":0.000123004065244,"max":0.0822589546442,"mean":0.00869769416749,"median":0.00628494471312,"min":3.0582839777e-22,"var":0.000078428805864},"spectral_entropy":{"dmean":0.139935791492,"dmean2":0.195740967989,"dvar":0.0509416125715,"dvar2":0.0930436477065,"max":9.79829597473,"mean":7.65634346008,"median":7.83204221725,"min":4.25275659561,"var":0.371950507164},"spectral_flux":{"dmean":0.0272157303989,"dmean2":0.0431532822549,"dvar":0.00116608454846,"dvar2":0.00229253945872,"max":0.29055377841,"mean":0.0850637182593,"median":0.0763884335756,"min":1.03462675927e-10,"var":0.00260479538701},"spectral_kurtosis":{"dmean":2.25987100601,"dmean2":3.63007640839,"dvar":31.1972732544,"dvar2":77.3106842041,"max":111.603347778,"mean":5.87683868408,"median":3.48437690735,"min":-1.19802451134,"var":102.088615417},"spectral_rms":{"dmean":0.000825864146464,"dmean2":0.00134594249539,"dvar":0.0000011440357639,"dvar2":0.00000286288491225,"max":0.0112176053226,"mean":0.00507181603462,"median":0.0050965892151,"min":3.23163110855e-12,"var":0.00000318050092574},"spectral_rolloff":{"dmean":425.66708374,"dmean2":699.342651367,"dvar":414539.3125,"dvar2":911676.25,"max":19272.2167969,"mean":1688.09399414,"median":1765.72265625,"min":64.599609375,"var":2207683.75},"spectral_skewness":{"dmean":0.246934816241,"dmean2":0.381146669388,"dvar":0.173238411546,"dvar2":0.392397791147,"max":8.64678096771,"mean":1.51851248741,"median":1.3073810339,"min":-0.330564826727,"var":0.736563384533},"spectral_spread":{"dmean":520967.75,"dmean2":687319.25,"dvar":626188812288,"dvar2":954942881792,"max":39695192,"mean":4357591.5,"median":4063252.75,"min":826989,"var":2982458425340},"spectral_strongpeak":{"dmean":0.354996144772,"dmean2":0.625436902046,"dvar":0.791345059872,"dvar2":1.92558026314,"max":15.9390411377,"mean":0.5985917449,"median":0.364462673664,"min":0,"var":1.05123603344},"zerocrossingrate":{"dmean":0.0095531642437,"dmean2":0.011183575727,"dvar":0.0000957994197961,"dvar2":0.000117370967928,"max":0.5244140625,"mean":0.0648460462689,"median":0.0634765625,"min":0.00244140625,"var":0.00153996911831}},"metadata":{"audio_properties":{"analysis_sample_rate":44100,"bit_rate":0,"codec":"flac","downmix":"mix","equal_loudness":0,"length":314.57333374,"lossless":true,"md5_encoded":"0aefd52cc2b126ca2bad0af888bfa1e7","replay_gain":-14.5702648163,"sample_rate":44100},"tags":{"album":["Sonic Highways"],"album artist":["Foo Fighters"],"albumartist":["Foo Fighters"],"albumartist_credit":["Foo Fighters"],"albumartistsort":["Foo Fighters"],"artist":["Foo Fighters"],"artist_credit":["Foo Fighters"],"artists":["Foo Fighters"],"artistsort":["Foo Fighters"],"bpm":["0"],"compilation":["0"],"date":["2014-11-10"],"disc":["1"],"discc":["1"],"discnumber":["1"],"disctotal":["1"],"file_name":"05 Outside.flac","genre":["Rock"],"label":["Roswell Records"],"language":["eng"],"media":["CD"],"musicbrainz_albumartistid":["67f66c07-6e61-4026-ade5-7e782fad3a5d"],"musicbrainz_albumid":["ee947c39-0137-41f6-ab49-1b83806e5b4f"],"musicbrainz_albumstatus":["Official"],"musicbrainz_albumtype":["album"],"musicbrainz_artistid":["67f66c07-6e61-4026-ade5-7e782fad3a5d"],"musicbrainz_recordingid":["35d8886c-3ffa-454d-b6a5-4932b5bc436a"],"musicbrainz_releasegroupid":["9908fab7-baf6-4438-b82c-298bd2c18d98"],"musicbrainz_releasetrackid":["82c7f800-f63a-4ded-a2c3-2ac6ffa6eb22"],"originaldate":["2014-11-10"],"publisher":["Roswell Records"],"releasecountry":["XW"],"releasestatus":["official"],"releasetype":["album"],"script":["Latn"],"title":["Outside"],"totaldiscs":["1"],"totaltracks":["8"],"track":["5"],"trackc":["8"],"tracknumber":["5"],"tracktotal":["8"],"year":["2014"]},"version":{"essentia":"2.1-beta1","essentia_build_sha":"9f04d4dd351e2d05498f0c7e4880499648f24ac0","essentia_git_sha":"v2.1_beta1-34-gf95df8b","extractor":"music 1.0"}},"rhythm":{"beats_count":578,"beats_loudness":{"dmean":0.0109872063622,"dmean2":0.0189380571246,"dvar":0.0000942195401876,"dvar2":0.000273927551461,"max":0.0944575220346,"mean":0.0328038744628,"median":0.0319258272648,"min":1.04626647623e-10,"var":0.000285888381