{"lowlevel":{"average_loudness":0.98086053133,"barkbands":{"dmean":[0.00384324858896,0.0223177969456,0.00975497439504,0.0030186441727,0.0023091500625,0.000377516698791,0.000145193611388,0.0000767507008277,0.00016132251767,0.000127493141918,0.000101571145933,0.000105222323327,0.000160941912327,0.000245077069849,0.000311219482683,0.000249921315117,0.000194134030608,0.000176895526238,0.000114629809104,0.0000684544138494,0.0000438109345851,0.0000310384057229,0.0000113305759442,0.00000895406446944,0.00000344797990692,0.00000157052625127,7.4379573789e-7],"dmean2":[0.00521947536618,0.0361939221621,0.0162695199251,0.00503844348714,0.0038005602546,0.000612836447544,0.000229464043514,0.000127142659039,0.000259863998508,0.000209490361158,0.000171170759131,0.000165308796568,0.000243135815253,0.000403306621592,0.000446907331934,0.000359915429726,0.000285030924715,0.000254916900303,0.000161921430845,0.000109543601866,0.0000732129192329,0.0000511348698637,0.0000188637768588,0.000015688363419,0.00000586477381148,0.00000278914603768,0.00000137073618589],"dvar":[0.0000319773607771,0.00124864105601,0.000220750123844,0.0000338875615853,0.0000177745769179,2.60465043311e-7,1.68594795014e-7,3.3688138501e-8,2.57642227552e-7,1.1538461564e-7,7.3302864223e-8,8.61277911213e-8,2.14616193261e-7,5.76853267376e-7,7.79626645908e-7,4.4728847115e-7,2.47657624186e-7,2.1349721635e-7,1.066902513e-7,3.42657493491e-8,1.63532209996e-8,1.41405065435e-8,1.49909673564e-9,1.09133313497e-9,1.89373364212e-10,5.16975906528e-11,8.48851804819e-12],"dvar2":[0.000056041211792,0.00306708039716,0.000607691647019,0.0000856554106576,0.0000463110773126,6.822698424e-7,3.76379176714e-7,8.54229824654e-8,6.3166515929e-7,2.68591321628e-7,1.87999361856e-7,1.7433551136e-7,4.60640393385e-7,0.0000013944057855,0.00000145322178469,9.04084970443e-7,5.36886659575e-7,4.44780425823e-7,2.19799744627e-7,8.19805876517e-8,3.9597068735e-8,3.72494390888e-8,4.05491240585e-9,3.10005221493e-9,5.2175980203e-10,1.48207487949e-10,2.45589850539e-11],"max":[0.0509403832257,0.285048782825,0.163078188896,0.0646707341075,0.0530703142285,0.00935752224177,0.00922207534313,0.00357418344356,0.0102084055543,0.0106904283166,0.00712699024007,0.00829392671585,0.00929842051119,0.00868535041809,0.0142725696787,0.00879126787186,0.00757296383381,0.00647012237459,0.00420243386179,0.00227091065608,0.00123723875731,0.00134402443655,0.00038335492718,0.000392490561353,0.000218320346903,0.000135365975439,0.0000300333340419],"mean":[0.00631295377389,0.0309286992997,0.0154870944098,0.00397175736725,0.00376813975163,0.000703081896063,0.000213740291656,0.000100394900073,0.000207766992389,0.000170853192685,0.000153724380652,0.000144307632581,0.00028747797478,0.000295441685012,0.000455601519207,0.000376740295906,0.000271617202088,0.000261044537183,0.000153228262207,0.0000880472071003,0.000056581779063,0.0000366784370271,0.0000129423569888,0.00000868891038408,0.00000358865372618,0.00000129412273964,5.44317060758e-7],"median":[0.00139339233283,0.019395750016,0.0090793184936,0.00172768789344,0.00250717112795,0.000491008686367,0.0000940072204685,0.0000391309804399,0.0000617345576757,0.0000773676583776,0.0000624846215942,0.0000208467954508,0.0000376939751732,0.0000213574712689,0.0000180492352229,0.0000349080000888,0.0000328285459545,0.000031352366932,0.0000126599888972,0.00000821224512038,0.0000039439109969,0.00000144818716308,6.59442150663e-7,2.47982342216e-7,8.69141345561e-8,4.14398009241e-8,2.5854109964e-8],"min":[1.38010290922e-25,1.50539026657e-24,9.61721234369e-25,1.12857468355e-24,8.55139026325e-24,6.61080032502e-24,8.36684887625e-24,1.04719983548e-23,1.32209182854e-23,1.46078170094e-23,1.00625203804e-23,1.70568072907e-23,2.60778419495e-23,2.87809180175e-23,2.81253525172e-23,4.55957154042e-23,5.18188276708e-23,1.07828198066e-22,1.34215822538e-22,1.45458668159e-22,1.73367380539e-22,3.3571514416e-22,3.86160110611e-22,5.02278264914e-22,8.58573490048e-22,1.30679542115e-21,1.90399468084e-21],"var":[0.0000887482892722,0.00144654884934,0.00031047052471,0.0000379264711228,0.000020835430405,5.54290409127e-7,2.40688024178e-7,4.42507932519e-8,2.80867624269e-7,1.47899569924e-7,1.10904530004e-7,2.00885367008e-7,6.1500315951e-7,7.77972047672e-7,0.00000153219286858,0.00000108689778244,5.45777083971e-7,4.62669220269e-7,2.10294700764e-7,6.11392394489e-8,2.69019988508e-8,1.6198560715e-8,1.72907532736e-9,8.82093065258e-10,1.63466379322e-10,3.31523766772e-11,5.33810669279e-12]},"barkbands_crest":{"dmean":3.18484854698,"dmean2":5.13103294373,"dvar":7.97432279587,"dvar2":19.7309703827,"max":26.2635231018,"mean":14.2361927032,"median":13.8728904724,"min":2.95814037323,"var":19.4350852966},"barkbands_flatness_db":{"dmean":0.0457778535783,"dmean2":0.0694645196199,"dvar":0.00209326343611,"dvar2":0.00426045479253,"max":0.515337228775,"mean":0.294349610806,"median":0.310754299164,"min":0.0455294959247,"var":0.00869206897914},"barkbands_kurtosis":{"dmean":16.5551223755,"dmean2":26.0786628723,"dvar":557.628051758,"dvar2":1371.78930664,"max":451.497589111,"mean":29.0777416229,"median":20.3521308899,"min":-1.85333204269,"var":1046.32775879},"barkbands_skewness":{"dmean":1.18954348564,"dmean2":1.7936450243,"dvar":1.34627473354,"dvar2":3.17404007912,"max":17.7292461395,"mean":3.72802615166,"median":3.55500769615,"min":-4.68127393723,"var":4.26890659332},"barkbands_spread":{"dmean":3.69207453728,"dmean2":5.57435131073,"dvar":32.6020355225,"dvar2":67.0660629272,"max":67.9627151489,"mean":8.10712814331,"median":3.14383292198,"min":0.14588367939,"var":112.913757324},"dissonance":{"dmean":0.021344402805,"dmean2":0.0340538583696,"dvar":0.000460152485175,"dvar2":0.00111309287604,"max":0.500000059605,"mean":0.452916443348,"median":0.461278647184,"min":0.103001281619,"var":0.00125052779913},"dynamic_complexity":2.42578649521,"erbbands":{"dmean":[0.753378629684,5.10879230499,11.3053073883,10.4655418396,8.42384719849,7.5640463829,4.3277592659,2.86861467361,2.24646472931,1.62479281425,2.09168410301,3.53358626366,4.09856700897,3.88524389267,3.4502222538,4.73473310471,6.72129917145,11.0471076965,14.2715215683,16.8196182251,10.7381477356,11.263835907,10.5881462097,6.22212314606,5.06855487823,3.21185827255,2.56343698502,1.27086102962,1.39108633995,0.489763051271,0.362316608429,0.211244359612,0.135827586055,0.0523367971182,0.0204669386148,0.00779520627111,0.00261415098794,0.000716762908269,0.000120237345982,0.0000394525886804],"dmean2":[1.20719563961,8.44862937927,18.6673164368,17.5003814697,13.9928407669,12.583319664,7.40737390518,4.66646242142,3.56192684174,2.62313580513,3.39971971512,5.63023996353,6.57954263687,6.48363780975,5.64119100571,7.25125646591,10.0111923218,17.6643028259,21.5062236786,24.4154682159,15.2542266846,16.7415122986,15.8717412949,8.33957958221,7.5828795433,5.09146976471,4.42390918732,1.95110058784,2.31952953339,0.787761271,0.62695556879,0.374788999557,0.240957468748,0.0876003727317,0.0352800227702,0.0137382252142,0.00458921212703,0.00131883949507,0.000214462095755,0.0000634082680335],"dvar":[1.22472679615,80.8344268799,311.513763428,336.743164062,238.068725586,190.368438721,108.432678223,14.5501356125,34.2979469299,15.2961931229,30.5381202698,130.784088135,140.236663818,102.667869568,88.6563034058,197.691390991,359.811737061,1068.69384766,1919.71398926,2390.80297852,811.556884766,879.008728027,813.643798828,255.216415405,213.327423096,72.7323684692,58.4793510437,14.7394552231,29.4705963135,2.74447607994,1.79982614517,0.569794297218,0.295648813248,0.0507056601346,0.00604249630123,0.00113925430924,0.000122371187899,0.0000129359950733,1.87495331261e-7,2.86582624298e-9],"dvar2":[3.18399858475,205.385787964,844.335510254,869.661743164,612.420288086,518.044006348,311.017608643,37.5161209106,75.9437637329,37.7268180847,76.0993804932,312.02041626,306.073272705,269.627258301,194.009231567,386.686859131,772.481567383,2399.54125977,4240.43261719,5170.59619141,1487.30712891,1961.9810791,1858.30529785,379.3644104,498.943664551,171.520446777,152.934234619,31.2697410583,78.2443237305,6.94715118408,5.13160419464,1.62101244926,0.844516634941,0.141187727451,0.0167000424117,0.00324778677896,0.000347388850059,0.000037532641727,5.36524282779e-7,7.02702651623e-9],"max":[8.02004146576,73.526473999,183.063903809,208.42326355,236.37322998,195.71206665,172.991043091,58.2577819824,114.485496521,84.6475143433,106.512336731,216.338546753,325.386688232,242.12677002,305.631072998,423.495147705,509.023986816,443.697784424,798.076049805,719.529724121,404.444458008,352.095703125,367.836669922,212.493041992,212.794265747,95.1606140137,77.7977676392,46.5612220764,62.8210601807,18.3811454773,13.0973520279,9.55908679962,8.76505947113,3.9566488266,1.12135410309,0.595772087574,0.183973133564,0.074919462204,0.00464483210817,0.000417620758526],"mean":[1.00716626644,6.55474901199,17.6210041046,16.7302742004,12.8834896088,12.3243970871,6.41718912125,5.38161230087,3.38785219193,2.34280776978,2.79177045822,4.71648073196,5.5817861557,5.64752340317,5.45447397232,6.74879074097,12.4174995422,16.2409610748,19.0949325562,24.2215232849,17.7706108093,15.6879577637,15.1133089066,9.50264263153,6.84382534027,4.13908147812,3.03520584106,1.77448022366,1.57873654366,0.641041517258,0.36534267664,0.208487659693,0.127389624715,0.0533170849085,0.0201475825161,0.00676507782191,0.00220294157043,0.000537033367436,0.000111171153549,0.0000766720113461],"median":[0.4465726614,3.96055793762,10.8430967331,11.07584095,7.93154811859,8.68401241302,3.57972884178,3.68533062935,1.65829789639,1.09001970291,0.995026111603,1.419885993,2.49095487595,2.94024753571,2.17102146149,0.857030034065,1.82389891148,1.74975764751,0.973190367222,1.67619478703,2.05247592926,1.93278717995,2.0124669075,0.904592037201,0.604194402695,0.383096009493,0.262151509523,0.10236428678,0.0586365796626,0.0307378862053,0.0167722869664,0.00753701711074,0.00343142822385,0.00128027482424,0.00050508917775,0.000221296606469,0.000089204419055,0.0000247255102295,0.0000319214814226,0.000061816550442],"min":[1.95622437252e-23,3.36614167913e-22,2.30694513415e-21,7.57982996124e-21,7.97188125985e-21,3.26264687451e-20,1.42788208145e-20,6.04167291036e-20,1.26939266049e-19,9.06047954186e-20,3.16896589132e-19,3.46496420172e-19,6.2755137676e-19,7.57604486677e-19,7.17539528419e-19,1.16499455727e-18,1.65903851788e-18,1.48357624256e-18,2.58463397779e-18,3.45518139511e-18,3.26260196118e-18,4.03522442887e-18,5.76677773515e-18,6.32298307802e-18,7.43960618102e-18,7.58719588182e-18,9.06822802701e-18,9.42593152956e-18,1.06287514019e-17,1.02506090936e-17,1.02562852069e-17,1.23965389413e-17,8.80066901325e-18,8.43391780916e-18,5.79736935574e-18,4.12637311493e-18,2.37132539771e-18,9.63489741142e-19,2.42176666467e-19,2.81372206202e-20],"var":[1.70120298862,78.0007629395,372.300842285,391.800476074,261.293640137,201.278060913,102.320709229,30.2928752899,51.4821090698,20.0261650085,38.8116874695,153.596511841,187.040496826,115.401771545,179.694458008,461.897186279,1100.09350586,1809.14453125,2825.42480469,4397.51806641,2186.87817383,1827.40881348,1550.35571289,712.52722168,396.46472168,131.911117554,79.2432327271,27.676361084,32.0379371643,4.04050827026,1.63280916214,0.487268984318,0.219101086259,0.0401136502624,0.00513463560492,0.000783155846875,0.0000826822215458,0.00000757547968533,1.22894761034e-7,3.62325414116e-9]},"erbbands_crest":{"dmean":2.70979070663,"dmean2":4.45103788376,"dvar":6.92636728287,"dvar2":16.4428825378,"max":32.3342895508,"mean":10.0533905029,"median":9.19009494781,"min":2.69875025749,"var":18.6375865936},"erbbands_flatness_db":{"dmean":0.0247725695372,"dmean2":0.0369728766382,"dvar":0.000724610115867,"dvar2":0.00156711530872,"max":0.417451709509,"mean":0.205032348633,"median":0.204783752561,"min":0.0381151512265,"var":0.00208542193286},"erbbands_kurtosis":{"dmean":1.96376526356,"dmean2":3.09597229958,"dvar":10.3189029694,"dvar2":23.9853801727,"max":86.7263259888,"mean":1.63771140575,"median":0.385538578033,"min":-1.87299156189,"var":19.3394260406},"erbbands_skewness":{"dmean":0.582004368305,"dmean2":0.865941464901,"dvar":0.37225112319,"dvar2":0.802338600159,"max":7.18207025528,"mean":0.581995606422,"median":0.69319742918,"min":-5.28013181686,"var":1.78789496422},"erbbands_spread":{"dmean":11.5363111496,"dmean2":18.1159648895,"dvar":145.18838501,"dvar2":345.566436768,"max":111.760971069,"mean":37.6714096069,"median":35.1799888611,"min":1.33648443222,"var":305.294891357},"gfcc":{"cov":[[18830.3652344,397.547454834,-2420.62768555,1298.33093262,-277.447174072,498.378692627,-547.803466797,-78.1031799316,-245.134353638,16.5037097931,-336.378875732,-192.049255371,-173.739135742],[397.547454834,1870.51550293,283.854217529,-338.529663086,259.789154053,-262.355926514,343.880493164,-71.6508255005,126.579238892,-175.234176636,171.196289062,-25.2182846069,120.316223145],[-2420.62768555,283.854217529,931.536499023,-197.481933594,12.2113637924,-104.943702698,164.379226685,71.6223144531,78.9529037476,-57.4754676819,58.1448974609,40.6017723083,44.8141746521],[1298.33093262,-338.529663086,-197.481933594,414.684967041,-26.7233829498,19.3787822723,-57.2035369873,32.8977508545,-19.5318851471,-10.9119091034,-53.6010665894,-18.8891220093,-6.92223215103],[-277.447174072,259.789154053,12.2113637924,-26.7233829498,266.178253174,1.35282719135,61.5553016663,-51.3278121948,44.175201416,5.33587408066,61.1466751099,0.531569540501,33.1644554138],[498.378692627,-262.355926514,-104.943702698,19.3787822723,1.35282719135,214.393875122,-61.9883308411,-58.9929618835,-4.47286128998,62.8793678284,-10.3021717072,-9.16143226624,-30.1289138794],[-547.803466797,343.880493164,164.379226685,-57.2035369873,61.5553016663,-61.9883308411,238.980789185,51.350643158,48.4970169067,-53.5657310486,53.2460594177,-0.312229394913,55.3027038574],[-78.1031799316,-71.6508255005,71.6223144531,32.8977508545,-51.3278121948,-58.9929618835,51.350643158,141.757766724,26.4793891907,-28.7735290527,-20.6267967224,11.8463068008,9.51735687256],[-245.134353638,126.579238892,78.9529037476,-19.5318851471,44.175201416,-4.47286128998,48.4970169067,26.4793891907,122.208045959,17.9615726471,25.9481563568,-11.8186044693,21.4832496643],[16.5037097931,-175.234176636,-57.4754676819,-10.9119091034,5.33587408066,62.8793678284,-53.5657310486,-28.7735290527,17.9615726471,113.533996582,24.2108478546,-6.82491159439,-22.9074821472],[-336.378875732,171.196289062,58.1448974609,-53.6010665894,61.1466751099,-10.3021717072,53.2460594177,-20.6267967224,25.9481563568,24.2108478546,100.702102661,25.9929466248,18.9555549622],[-192.049255371,-25.2182846069,40.6017723083,-18.8891220093,0.531569540501,-9.16143226624,-0.312229394913,11.8463068008,-11.8186044693,-6.82491159439,25.9929466248,69.3110198975,29.7294139862],[-173.739135742,120.316223145,44.8141746521,-6.92223215103,33.1644554138,-30.1289138794,55.3027038574,9.51735687256,21.4832496643,-22.9074821472,18.9555549622,29.7294139862,73.9551849365]],"icov":[[0.000306112895487,-0.00107408314943,0.000485078984639,-0.00119976128917,0.000442560238298,-0.00139406765811,0.000657167867757,-0.00119125563651,0.000815718143713,-0.00114535249304,0.00109925959259,-0.000671917397995,0.000352411152562],[-0.00107408314943,0.0055607156828,-0.0014664621558,0.00524951564148,-0.00194963288959,0.00634733121842,-0.00311903725378,0.00590361002833,-0.00422382401302,0.0069112428464,-0.00600344548002,0.00421338435262,-0.00194440735504],[0.000485078984639,-0.0014664621558,0.00227010552771,-0.00121408246923,0.00084772228729,-0.00170659425203,0.000307414942654,-0.00181245373096,0.000247862451943,-0.000956055766437,0.00137114175595,-0.00174246740062,0.00094492622884],[-0.00119976128917,0.00524951564148,-0.00121408246923,0.00831698253751,-0.00216619786806,0.00591349694878,-0.00222036568448,0.00423817336559,-0.00369312334806,0.00674222270027,-0.00523029081523,0.00481702294201,-0.00278384424746],[0.000442560238298,-0.00194963288959,0.00084772228729,-0.00216619786806,0.00597560359165,-0.00228321691975,0.00027366069844,0.000208949684747,-0.000116667222755,-0.0018229446141,-0.0000103835218397,-0.000933527771849,-0.000499171670526],[-0.00139406765811,0.00634733121842,-0.00170659425203,0.00591349694878,-0.00228321691975,0.0142625737935,-0.00453337840736,0.00984327681363,-0.00587009871379,0.00424369750544,-0.00415160972625,0.00216412055306,0.000157744972967],[0.000657167867757,-0.00311903725378,0.000307414942654,-0.00222036568448,0.00027366069844,-0.00453337840736,0.0110655361786,-0.00756983784959,0.0027942112647,0.000310010975227,-0.00289800157771,0.00426776474342,-0.00473452638835],[-0.00119125563651,0.00590361002833,-0.00181245373096,0.00423817336559,0.000208949684747,0.00984327681363,-0.00756983784959,0.0190949961543,-0.00879805069417,0.00643290905282,-0.000977189280093,-0.00225720717572,0.00191779166926],[0.000815718143713,-0.00422382401302,0.000247862451943,-0.00369312334806,-0.000116667222755,-0.00587009871379,0.0027942112647,-0.00879805069417,0.0158619955182,-0.00796975474805,0.00170017872006,0.00323203811422,-0.00381566327997],[-0.00114535249304,0.0069112428464,-0.000956055766437,0.00674222270027,-0.0018229446141,0.00424369750544,0.000310010975227,0.00643290905282,-0.00796975474805,0.0238915644586,-0.0143001452088,0.00803841464221,-0.00108799978625],[0.00109925959259,-0.00600344548002,0.00137114175595,-0.00523029081523,-0.0000103835218397,-0.00415160972625,-0.00289800157771,-0.000977189280093,0.00170017872006,-0.0143001452088,0.0270369537175,-0.0156188402325,0.00606050435454],[-0.000671917397995,0.00421338435262,-0.00174246740062,0.00481702294201,-0.000933527771849,0.00216412055306,0.00426776474342,-0.00225720717572,0.00323203811422,0.00803841464221,-0.0156188402325,0.0309407413006,-0.0154106840491],[0.000352411152562,-0.00194440735504,0.00094492622884,-0.00278384424746,-0.000499171670526,0.000157744972967,-0.00473452638835,0.00191779166926,-0.00381566327997,-0.00108799978625,0.00606050435454,-0.0154106840491,0.0256744939834]],"mean":[-100.239852905,163.445556641,-94.0668106079,51.5438194275,-9.03089427948,2.17413210869,-14.3275270462,-3.03892755508,-12.5398712158,-13.990694046,-7.90996265411,-6.01520729065,-0.373223036528]},"hfc":{"dmean":5.0816950798,"dmean2":7.25915670395,"dvar":77.3543930054,"dvar2":130.323486328,"max":89.7649307251,"mean":11.9110002518,"median":7.31961250305,"min":1.06901619523e-16,"var":220.654708862},"melbands":{"dmean":[0.00628069089726,0.00599863519892,0.00167789834086,0.000590357580222,0.000174143235199,0.0000639234713162,0.0000330344919348,0.0000168413898791,0.0000189277052414,0.0000231222293223,0.0000208169276448,0.0000161580683198,0.0000124140042317,0.0000107643236333,0.0000129687323351,0.0000178549980774,0.0000230028799706,0.0000224836912821,0.0000244560014835,0.0000216210810322,0.0000117320851132,0.0000117591071103,0.00001178877028,0.00000781638937042,0.00000497699329571,0.00000409683980251,0.00000277656886283,0.00000212940608435,0.00000182414339633,0.00000100114732504,7.15291434972e-7,8.20235129595e-7,5.55357132725e-7,1.95526908442e-7,2.22214112e-7,1.34601449986e-7,1.36235669856e-7,9.76800862418e-8,6.35726919995e-8,4.08038438593e-8],"dmean2":[0.0100894784555,0.00981980282813,0.00279447855428,0.000964010308962,0.00030128666549,0.000103469756141,0.0000523365088156,0.0000273053574347,0.0000309500064759,0.0000369557201338,0.0000334798569384,0.0000269826959993,0.0000207096218219,0.0000169188751897,0.0000205608466786,0.0000269759020739,0.0000371059068129,0.000035531771573,0.0000345752487192,0.0000321317165799,0.0000168722835951,0.000018053851818,0.0000182345393114,0.0000110646333269,0.00000690632214173,0.00000590648051002,0.00000430685531683,0.00000346836827703,0.00000316419118462,0.00000166292352333,0.00000110082658011,0.00000136555934205,9.55846758188e-7,2.90892387511e-7,3.89642138998e-7,2.33623765666e-7,2.43788690568e-7,1.73523361013e-7,1.09482456878e-7,6.79061002984e-8],"dvar":[0.0000869355135364,0.0000902627798496,0.00000808767708804,9.88508418232e-7,1.81724303161e-7,7.0396461993e-9,7.81598608057e-9,1.4499021983e-9,2.86105916736e-9,5.88572568461e-9,3.61015084493e-9,1.72618463967e-9,1.12098563765e-9,7.89288634451e-10,1.68344360674e-9,3.06483793899e-9,5.12583397949e-9,5.32987920465e-9,4.89496487788e-9,3.76748854336e-9,9.80359571301e-10,1.02970620919e-9,1.26112864596e-9,3.41958489303e-10,1.83833462342e-10,1.23962770604e-10,6.07991088031e-11,3.45008500935e-11,2.90833381683e-11,8.13862692517e-12,4.87130344742e-12,9.49153949881e-12,5.73358895084e-12,3.24476556735e-13,6.81496417458e-13,2.13119357773e-13,2.51443234723e-13,1.55240512285e-13,7.33377117715e-14,3.4872824165e-14],"dvar2":[0.000214598752791,0.000235472456552,0.000020610552383,0.00000252511654253,5.24734446117e-7,1.79034582715e-8,1.73766956379e-8,3.61534713278e-9,7.1245325195e-9,1.41981377766e-8,7.88838683263e-9,4.533635245e-9,2.78129563824e-9,1.57171531345e-9,3.58371421427e-9,6.75968214736e-9,1.15054525907e-8,1.29858621634e-8,9.34323729496e-9,8.20605450258e-9,1.74923575624e-9,2.35315877894e-9,3.24407878338e-9,5.99344018859e-10,2.92001062219e-10,2.65839128488e-10,1.49666223859e-10,8.42867720063e-11,7.78848305294e-11,1.96439808864e-11,1.0627197039e-11,2.44499680918e-11,1.61292403045e-11,6.71909793429e-13,1.94487178098e-12,5.88974561396e-13,7.27858853918e-13,4.44746263472e-13,2.06530390121e-13,9.7685538315e-14],"max":[0.0692474395037,0.090308457613,0.0316644869745,0.0123639898375,0.00595260318369,0.00123738590628,0.00174467253964,0.000748638354708,0.00099208089523,0.00159982359037,0.00171243434306,0.000989244319499,0.000726146099623,0.00079333933536,0.00100741931237,0.00116524903569,0.00100876973011,0.00111318705603,0.00131764647085,0.000890281517059,0.000542485446204,0.000470219587442,0.000585750618484,0.000219372406718,0.00018325720157,0.000139781695907,0.000120154443721,0.0000570169468119,0.0000545330840396,0.0000290112930088,0.0000280359945464,0.0000356171076419,0.0000265795406449,0.00000893838659977,0.00000814909435576,0.0000044892317419,0.0000062986669036,0.00000691234663464,0.00000375443823941,0.00000360159265256],"mean":[0.00922557339072,0.00925103202462,0.00280231842771,0.00099373771809,0.000256168626947,0.000121900964587,0.0000490660968353,0.0000235896986851,0.0000242308069573,0.0000303881643049,0.0000281086595351,0.0000230824407481,0.0000188812100532,0.0000157907052198,0.0000179382168426,0.0000327027992171,0.0000304157474602,0.0000264597911155,0.0000383370133932,0.0000298755167023,0.0000184384007298,0.0000160465242516,0.0000149242359839,0.0000122557785289,0.00000722093636796,0.00000541818099009,0.00000364762991012,0.00000262393086814,0.00000207343987313,0.00000127384464577,9.5323161986e-7,9.39340225159e-7,5.83579321756e-7,2.75392153526e-7,2.2092058316e-7,1.40626738698e-7,1.2549573114e-7,9.26056884509e-8,6.16641813167e-8,4.09541414115e-8],"median":[0.00546679459512,0.00656757643446,0.00198033940978,0.000670272042044,0.000157618647791,0.0000860982036102,0.0000234396684391,0.0000109989141492,0.00000757320503908,0.00000904264561541,0.0000122957371786,0.0000118715643111,0.00000764223113947,0.0000032761267903,0.00000202702449315,0.0000042530018618,0.00000269689712695,0.00000124626683373,0.00000150335949911,0.00000235591642195,0.00000202621026801,0.00000160061517818,0.00000223158076551,0.00000140391853165,5.76449167511e-7,4.81264521568e-7,3.00802156517e-7,2.34834203638e-7,1.88730254536e-7,8.30389552675e-8,4.77075019489e-8,3.43465984542e-8,2.12776001263e-8,1.420151996e-8,9.95936222381e-9,6.09451822342e-9,3.50451956344e-9,2.64208788181e-9,1.38873734734e-9,8.92335094704e-10],"min":[5.33242559013e-25,1.31972070987e-24,1.51838832771e-24,1.70184315742e-24,6.2353202835e-25,1.50926278476e-24,2.20247874256e-24,5.95006522195e-25,2.57205948501e-24,2.40921571721e-24,2.41167617437e-24,2.2907968485e-24,2.64441341281e-24,1.36320755474e-24,3.41654119772e-24,2.26892962421e-24,2.0034118625e-24,3.19423743362e-24,2.45227075934e-24,3.78885632929e-24,2.89732399396e-24,3.52818197632e-24,3.25644700461e-24,4.87737591012e-24,4.983474152e-24,4.61287873721e-24,4.14298111724e-24,4.48047316743e-24,4.46761670683e-24,4.10610384207e-24,5.07557957914e-24,4.5515432241e-24,5.47857627232e-24,4.45044399378e-24,5.10619803188e-24,5.55249293357e-24,6.79577321894e-24,5.07548925456e-24,5.19803090758e-24,5.78014399132e-24],"var":[0.000117346222396,0.0000942758342717,0.00000962013746175,0.00000129175020902,1.49522378479e-7,1.5080654947e-8,1.1388694432e-8,1.93286453509e-9,3.48965212282e-9,6.66206334543e-9,4.81812856279e-9,1.88771442922e-9,1.7946416575e-9,2.03889571893e-9,3.45948203417e-9,9.1514156253e-9,8.15285883249e-9,6.36582653257e-9,1.04902140308e-8,7.5217005957e-9,2.49151832499e-9,2.08772887866e-9,1.68964142677e-9,9.94724635994e-10,4.4791587106e-10,2.49542275732e-10,1.09768645562e-10,5.52695458844e-11,3.74811050252e-11,1.33476233538e-11,8.67324441434e-12,1.09652426028e-11,5.01090271707e-12,6.71852059663e-13,6.1061577886e-13,2.08274532603e-13,1.96839303212e-13,1.15709172929e-13,5.45831554868e-14,2.64365606636e-14]},"melbands_crest":{"dmean":3.97427392006,"dmean2":6.30457448959,"dvar":12.641002655,"dvar2":30.9818000793,"max":39.3441238403,"mean":21.7360172272,"median":21.6734867096,"min":1.60280132294,"var":40.5587921143},"melbands_flatness_db":{"dmean":0.0525042824447,"dmean2":0.0794435963035,"dvar":0.00275740819052,"dvar2":0.00550990412012,"max":0.659929275513,"mean":0.403492361307,"median":0.427546560764,"min":0.00328883854672,"var":0.0133935576305},"melbands_kurtosis":{"dmean":32.7471427917,"dmean2":51.0391273499,"dvar":4151.41015625,"dvar2":9228.66503906,"max":2578.5246582,"mean":63.9428749084,"median":45.4536743164,"min":-1.82311093807,"var":9006.09179688},"melbands_skewness":{"dmean":1.50049197674,"dmean2":2.29543161392,"dvar":2.40472531319,"dvar2":5.38208913803,"max":38.8406066895,"mean":5.39352703094,"median":5.059445858,"min":-2.09598922729,"var":7.65286159515},"melbands_spread":{"dmean":3.63673639297,"dmean2":5.4619846344,"dvar":47.855266571,"dvar2":98.2977600098,"max":159.328765869,"mean":8.12983798981,"median":2.33201789856,"min":0.0771652907133,"var":296.217071533},"mfcc":{"cov":[[8711.27734375,-915.631652832,-1204.46118164,318.89440918,142.270019531,474.468353271,-172.275268555,-84.8067321777,-37.1788825989,118.662841797,-31.4382534027,-92.8113937378,-161.476226807],[-915.631652832,2291.58496094,282.254516602,62.8719596863,36.3315849304,-95.6069946289,219.102203369,141.904525757,68.7841110229,-44.6651306152,32.3569374084,88.4773406982,74.6683807373],[-1204.46118164,282.254516602,621.73840332,-7.02014875412,-35.0994682312,-98.2750778198,13.1980228424,64.8862533569,37.0462532043,-4.84270000458,-3.95942497253,-0.486702919006,18.9883594513],[318.89440918,62.8719596863,-7.02014875412,338.678649902,37.3602981567,-47.455745697,27.934053421,69.3272018433,48.3219833374,9.25953388214,-25.2659683228,10.6857213974,-9.54351615906],[142.270019531,36.3315849304,-35.0994682312,37.3602981567,174.701431274,68.7703094482,-6.52239179611,-21.2290344238,-13.1955852509,-2.79899692535,7.66648006439,6.45477199554,7.56967258453],[474.468353271,-95.6069946289,-98.2750778198,-47.455745697,68.7703094482,225.018203735,2.33849477768,-52.0731239319,-37.1478347778,20.9476566315,22.1846809387,-5.509973526,-0.191993698478],[-172.275268555,219.102203369,13.1980228424,27.934053421,-6.52239179611,2.33849477768,124.521476746,40.1457366943,5.61218500137,-10.5979347229,-5.43105220795,14.8236703873,7.09973716736],[-84.8067321777,141.904525757,64.8862533569,69.3272018433,-21.2290344238,-52.0731239319,40.1457366943,127.76184082,59.4459114075,-8.19513511658,-15.9817485809,6.59285879135,2.88834309578],[-37.1788825989,68.7841110229,37.0462532043,48.3219833374,-13.1955852509,-37.1478347778,5.61218500137,59.4459114075,90.7523574829,29.7101364136,-4.39178657532,-4.1480307579,-3.96973085403],[118.662841797,-44.6651306152,-4.84270000458,9.25953388214,-2.79899692535,20.9476566315,-10.5979347229,-8.19513511658,29.7101364136,87.3163909912,35.6057395935,7.19937467575,-12.158411026],[-31.4382534027,32.3569374084,-3.95942497253,-25.2659683228,7.66648006439,22.1846809387,-5.43105220795,-15.9817485809,-4.39178657532,35.6057395935,69.0810165405,26.3514976501,2.80203294754],[-92.8113937378,88.4773406982,-0.486702919006,10.6857213974,6.45477199554,-5.509973526,14.8236703873,6.59285879135,-4.1480307579,7.19937467575,26.3514976501,68.4362945557,31.322681427],[-161.476226807,74.6683807373,18.9883594513,-9.54351615906,7.56967258453,-0.191993698478,7.09973716736,2.88834309578,-3.96973085403,-12.158411026,2.80203294754,31.322681427,65.9567718506]],"icov":[[0.000203642513952,-0.0000170053808688,0.00034074782161,-0.000220353540499,0.0000753616695874,-0.000387095613405,0.000370562454918,-0.000231247278862,0.000160085721291,-0.000239858549321,0.000231634607189,0.0000579981096962,0.000276328471955],[-0.0000170053808688,0.000626305059996,-0.00023215606052,0.000064658051997,-0.00028687439044,0.000220690781134,-0.00102795369457,-0.0000380308265449,-0.00051644211635,0.000539342465345,-0.000606636283919,-0.0002925611916,-0.000295539502986],[0.00034074782161,-0.00023215606052,0.00247141788714,-0.000116840499686,0.000148512757733,0.0000474514599773,0.000876224774402,-0.00120392569806,0.000446939084213,-0.000799774250481,0.000256355910096,0.000823862967081,-0.000212536455365],[-0.000220353540499,0.000064658051997,-0.000116840499686,0.00416407827288,-0.00156345544383,0.00125672412105,-0.0008572738152,-0.00134270486888,-0.000734267523512,-0.000928563124035,0.00172081543133,-0.00141935469583,0.000743229873478],[0.0000753616695874,-0.00028687439044,0.000148512757733,-0.00156345544383,0.00737365847453,-0.00268890080042,0.00119944440667,0.00106550147757,-0.0002872486657,0.00136530573945,-0.000595583347604,-0.000313474534778,-0.000381002028007],[-0.000387095613405,0.000220690781134,0.0000474514599773,0.00125672412105,-0.00268890080042,0.00732432352379,-0.00218906602822,0.00086003501201,0.00174069276545,-0.00191807176452,-0.00135230622254,0.00175499473698,-0.00152626237832],[0.000370562454918,-0.00102795369457,0.000876224774402,-0.0008572738152,0.00119944440667,-0.00218906602822,0.0118494769558,-0.0038247036282,0.00234201876447,-0.000571351789404,0.00201909244061,-0.0016239649849,0.00116367440205],[-0.000231247278862,-0.0000380308265449,-0.00120392569806,-0.00134270486888,0.00106550147757,0.00086003501201,-0.0038247036282,0.0160064138472,-0.0103323888034,0.00504723936319,-0.0000833270460134,-0.00219666655175,0.000575464568101],[0.000160085721291,-0.00051644211635,0.000446939084213,-0.000734267523512,-0.0002872486657,0.00174069276545,0.00234201876447,-0.0103323888034,0.0228591728956,-0.0110809709877,0.00314656901173,0.00372505187988,-0.00158945762087],[-0.000239858549321,0.000539342465345,-0.000799774250481,-0.000928563124035,0.00136530573945,-0.00191807176452,-0.000571351789404,0.00504723936319,-0.0110809709877,0.021648645401,-0.0104030137882,-0.00197305297479,0.00327899679542],[0.000231634607189,-0.000606636283919,0.000256355910096,0.00172081543133,-0.000595583347604,-0.00135230622254,0.00201909244061,-0.0000833270460134,0.00314656901173,-0.0104030137882,0.0251820199192,-0.00941273104399,0.00295174098574],[0.0000579981096962,-0.0002925611916,0.000823862967081,-0.00141935469583,-0.000313474534778,0.00175499473698,-0.0016239649849,-0.00219666655175,0.00372505187988,-0.00197305297479,-0.00941273104399,0.0253147576004,-0.0114188091829],[0.000276328471955,-0.000295539502986,-0.000212536455365,0.000743229873478,-0.000381002028007,-0.00152626237832,0.00116367440205,0.000575464568101,-0.00158945762087,0.00327899679542,0.00295174098574,-0.0114188091829,0.0220362264663]],"mean":[-741.775146484,183.938552856,-1.16443943977,58.6488189697,26.7258720398,18.3698959351,13.294965744,14.85846138,5.91453027725,0.621937513351,-3.57850646973,-1.29356527328,-3.63514351845]},"pitch_salience":{"dmean":0.102399140596,"dmean2":0.163051694632,"dvar":0.00770328147337,"dvar2":0.0199302379042,"max":0.8607391119,"mean":0.445160597563,"median":0.447647690773,"min":0.0386301577091,"var":0.0225505363196},"silence_rate_20dB":{"dmean":0,"dmean2":0,"dvar":0,"dvar2":0,"max":1,"mean":1,"median":1,"min":1,"var":0},"silence_rate_30dB":{"dmean":0.130279973149,"dmean2":0.260581046343,"dvar":0.113304756582,"dvar2":0.230211347342,"max":1,"mean":0.87062060833,"median":1,"min":0,"var":0.11263268441},"silence_rate_60dB":{"dmean":0.00436963932589,"dmean2":0.00865905918181,"dvar":0.0043505243957,"dvar2":0.00987937301397,"max":1,"mean":0.0394044816494,"median":0,"min":0,"var":0.037852820009},"spectral_centroid":{"dmean":230.001358032,"dmean2":351.25189209,"dvar":110392.0625,"dvar2":231614.34375,"max":11929.2626953,"mean":747.768981934,"median":392.661010742,"min":122.149642944,"var":1480224.875},"spectral_complexity":{"dmean":3.38064408302,"dmean2":4.86404466629,"dvar":29.1263961792,"dvar2":46.9306373596,"max":58,"mean":11.0430459976,"median":8,"min":0,"var":116.5366745},"spectral_contrast_coeffs":{"dmean":[0.0516969412565,0.0467186383903,0.0386758819222,0.0331821702421,0.0255398843437,0.023454060778],"dmean2":[0.0853605642915,0.0768263414502,0.0624181553721,0.0534024983644,0.0416389368474,0.0382736995816],"dvar":[0.00177944055758,0.00142373621929,0.00105737266131,0.000935208576266,0.000489922065753,0.000512476311997],"dvar2":[0.00480783777311,0.00372956716456,0.00252123153768,0.00213787611574,0.00118754722644,0.00123419554438],"max":[-0.324015647173,-0.477794736624,-0.514016389847,-0.494855880737,-0.612234652042,-0.611301183701],"mean":[-0.641589522362,-0.747683942318,-0.791061520576,-0.800905883312,-0.81750023365,-0.761074185371],"median":[-0.641318559647,-0.750090837479,-0.796234428883,-0.815600097179,-0.821636557579,-0.762915432453],"min":[-0.985921561718,-0.983600795269,-0.983961880207,-0.983617246151,-0.981604576111,-0.980376958847],"var":[0.00758162047714,0.00462632440031,0.00396985001862,0.00501827523112,0.0016476464225,0.00202071084641]},"spectral_contrast_valleys":{"dmean":[0.402346789837,0.448684841394,0.468731701374,0.470519721508,0.513683915138,0.499084293842],"dmean2":[0.652254104614,0.704491078854,0.721009671688,0.696715116501,0.763226687908,0.664987742901],"dvar":[0.142674922943,0.187039017677,0.213068291545,0.256294578314,0.29055789113,0.374430716038],"dvar2":[0.297820210457,0.38019067049,0.436561107635,0.458555281162,0.552032828331,0.733266949654],"max":[-4.88918495178,-5.41349411011,-5.65015459061,-5.58112716675,-5.50941896439,-8.74994945526],"mean":[-6.73593759537,-7.69388961792,-8.2445306778,-8.55071544647,-8.49153804779,-12.2774715424],"median":[-6.39816951752,-7.46422290802,-8.05584144592,-8.49708461761,-8.41292953491,-12.3914461136],"min":[-28.0585403442,-28.2321128845,-27.9185886383,-27.6588954926,-27.6509361267,-27.4162654877],"var":[5.22869062424,4.80637598038,4.63588905334,4.89162540436,5.07682418823,3.78425168991]},"spectral_decrease":{"dmean":8.26075297056e-9,"dmean2":1.31464945596e-8,"dvar":1.18248115542e-16,"dvar2":2.84420322919e-16,"max":1.90515168807e-28,"mean":-1.67959299802e-8,"median":-1.41793909947e-8,"min":-9.63155386557e-8,"var":1.52919821051e-16},"spectral_energy":{"dmean":0.0315233543515,"dmean2":0.0501049347222,"dvar":0.00171509350184,"dvar2":0.00411838432774,"max":0.366727650166,"mean":0.0644719526172,"median":0.0545579567552,"min":9.78265232215e-21,"var":0.00222628121264},"spectral_energyband_high":{"dmean":0.000133420020575,"dmean2":0.00022471381817,"dvar":1.74098730099e-7,"dvar2":4.41565930487e-7,"max":0.00431741261855,"mean":0.000167814141605,"median":0.0000123193685795,"min":7.10785718271e-21,"var":2.47878290338e-7},"spectral_energyband_low":{"dmean":0.0298368241638,"dmean2":0.0478830263019,"dvar":0.00160089647397,"dvar2":0.00391518278047,"max":0.359365612268,"mean":0.0544160306454,"median":0.0447302013636,"min":1.70949834253e-23,"var":0.00203065550886},"spectral_energyband_middle_high":{"dmean":0.00118822662625,"dmean2":0.0015854757512,"dvar":0.00000767920937506,"dvar2":0.0000114115800898,"max":0.0322994142771,"mean":0.00259038130753,"median":0.000607462890912,"min":1.13253243736e-21,"var":0.000025033201382},"spectral_energyband_middle_low":{"dmean":0.00483582867309,"dmean2":0.00769760180265,"dvar":0.0000714271736797,"dvar2":0.000168737955391,"max":0.101792514324,"mean":0.00901608448476,"median":0.00647540204227,"min":1.68858251605e-22,"var":0.0000919181184145},"spectral_entropy":{"dmean":0.349435448647,"dmean2":0.545804798603,"dvar":0.135680019855,"dvar2":0.293292939663,"max":9.82189178467,"mean":6.77812242508,"median":6.73481607437,"min":4.0829076767,"var":0.506654024124},"spectral_flux":{"dmean":0.0505372174084,"dmean2":0.0806180983782,"dvar":0.00301847164519,"dvar2":0.00631413329393,"max":0.48515895009,"mean":0.121671281755,"median":0.100133396685,"min":6.21915158261e-11,"var":0.00625894311816},"spectral_kurtosis":{"dmean":7.09448337555,"dmean2":11.9379930496,"dvar":66.843460083,"dvar2":171.627182007,"max":141.42199707,"mean":12.1704416275,"median":8.47178554535,"min":-1.27209055424,"var":122.26121521},"spectral_rms":{"dmean":0.00179665070027,"dmean2":0.00280077988282,"dvar":0.0000037846232317,"dvar2":0.00000869816631166,"max":0.0189151540399,"mean":0.00740185240284,"median":0.00729570258409,"min":3.08934475224e-12,"var":0.00000811194149719},"spectral_rolloff":{"dmean":182.202362061,"dmean2":299.337768555,"dvar":226900.765625,"dvar2":435833.375,"max":19810.546875,"mean":580.088256836,"median":150.732421875,"min":43.06640625,"var":4009409.25},"spectral_skewness":{"dmean":0.676031589508,"dmean2":1.11000776291,"dvar":0.454396724701,"dvar2":1.12992560863,"max":9.95469665527,"mean":2.18055701256,"median":1.98687434196,"min":-0.0895936489105,"var":1.17106091976},"spectral_spread":{"dmean":504122.34375,"dmean2":794573.0625,"dvar":511360073728,"dvar2":1026615738370,"max":42648204,"mean":3120309.75,"median":2624787.25,"min":681510.0625,"var":15971378004000},"spectral_strongpeak":{"dmean":0.280570417643,"dmean2":0.465814173222,"dvar":0.145764276385,"dvar2":0.390661239624,"max":8.48548221588,"mean":0.511639535427,"median":0.416695922613,"min":0,"var":0.227952674031},"zerocrossingrate":{"dmean":0.00548492604867,"dmean2":0.0061393356882,"dvar":0.0000682703976054,"dvar2":0.0000710685126251,"max":0.51904296875,"mean":0.0221264623106,"median":0.0107421875,"min":0.0009765625,"var":0.00278805266134}},"metadata":{"audio_properties":{"analysis_sample_rate":44100,"bit_rate":0,"codec":"flac","downmix":"mix","equal_loudness":0,"length":286.933319092,"lossless":true,"md5_encoded":"f8c9d88e810776095adf21638341f870","replay_gain":-11.0746250153},"tags":{"album":["Gorillaz"],"albumartist":["Gorillaz"],"albumartistsort":["Gorillaz"],"artist":["Gorillaz"],"artistsort":["Gorillaz"],"date":["2001-06-25"],"discnumber":["1"],"disctotal":["1"],"file_name":"09 - Double Bass.flac","musicbrainz_albumartistid":["e21857d5-3256-4547-afb3-4b6ded592596"],"musicbrainz_albumid":["bb60c122-39b0-36df-8506-57b4f8d78f28"],"musicbrainz_artistid":["e21857d5-3256-4547-afb3-4b6ded592596"],"musicbrainz_recordingid":["360303db-b814-4c0b-b29c-e267208a2a78"],"musicbrainz_releasegroupid":["b0405d2a-5720-340a-bb56-4e135d031cc2"],"producer":["Dan the Automator"],"releasecountry":["GB"],"releasetype":["album"],"replaygain_album_gain":["-8.49 dB"],"replaygain_album_peak":["0.99996948"],"replaygain_reference_loudness":["89.0 dB"],"replaygain_track_gain":["-5.29 dB"],"replaygain_track_peak":["0.99996948"],"title":["Double Bass"],"totaldiscs":["1"],"totaltracks":["17"],"tracknumber":["9"],"tracktotal":["17"]},"version":{"essentia":"2.1-beta1","essentia_build_sha":"0a826ad6289770054bb7564d59068f1232327ff9","essentia_git_sha":"v2.1_beta1-5-gf9dded9","extractor":"music 1.0"}},"rhythm":{"beats_count":393,"beats_loudness":{"dmean":0.0576153546572,"dmean2":0.0951222926378,"dvar":0.00212980527431,"dvar2":0.00651801284403,"max":0.239700675011,"mean":0.094623029232,"median":0.0892046615481,"min":0,"var":0.00285902945325},"beats_loudness_band_ratio":{"dmean":[0.308893948793,0.0680300444365,0.0113581065089,0.0368243977427,0.186439871788,0.0593210346997],"dmean2":[0.616345822811,0.122062683105,0.021016785875,0.0735503360629,0.372914671898,0.117250971496],"dvar":[0.0175100304186,0.00406978372484,0.000877349288203,0.00087317219004,0.0048078824766,0.00193