{"lowlevel":{"average_loudness":0.876955211163,"barkbands":{"dmean":[0.000379792763852,0.00211717444472,0.00204336829484,0.00102864636574,0.00241160346195,0.00145129440352,0.00071722100256,0.000503664836287,0.000602074665949,0.000659856537823,0.000426847254857,0.000281460641418,0.000398739182856,0.000412348832469,0.000282303022686,0.000234597318922,0.000251803867286,0.000201422604732,0.000147472484969,0.0000819173365016,0.0000289018298645,0.00000782662482379,0.00000243209319706,0.00000149895174673,0.00000148554443058,0.00000245950514,0.000292285112664],"dmean2":[0.000661765108816,0.00357855833136,0.00360547774471,0.00176180282142,0.00380912888795,0.00221419334412,0.00114200264215,0.000795753381681,0.000950153102167,0.0010196469957,0.000689957581926,0.000445343262982,0.000621675862931,0.00063028751174,0.000433815846918,0.00036994551192,0.0003836255637,0.000314378325129,0.000217213484575,0.000117969859275,0.0000420127471443,0.0000113708274512,0.00000373360785488,0.00000247155730904,0.00000244694365392,0.00000375927970708,0.000414298323449],"dvar":[5.11700761763e-7,0.00001440581309,0.0000136097723953,0.00000355175347977,0.0000187903460755,0.0000107767527879,0.00000378261597689,0.00000145274498209,0.00000171736883203,0.00000206340405384,8.41826135911e-7,2.86591927079e-7,8.95738992313e-7,9.15940745472e-7,5.15613976404e-7,7.9149128851e-7,0.00000166471306784,0.00000106377513021,2.09292352338e-7,6.31087715419e-8,5.8308184947e-9,2.44996689602e-10,2.03742404892e-11,8.17391640484e-12,7.70680741446e-12,1.85600285141e-11,2.93757381087e-7],"dvar2":[0.00000130556759359,0.000038373607822,0.0000444882316515,0.00000976747560344,0.000043536965677,0.0000242774312937,0.00000974101931206,0.00000353323935087,0.0000042019837565,0.00000430365480497,0.00000208043024941,6.73424381148e-7,0.00000198878365154,0.00000183819713584,0.00000106908896669,0.00000192488232642,0.00000366593940271,0.00000261306081484,4.08321795931e-7,1.17745706518e-7,1.32571305045e-8,5.003800152e-10,4.71808772606e-11,2.02359379253e-11,1.89320694538e-11,4.17506341999e-11,5.9472773728e-7],"max":[0.0120821371675,0.0542859882116,0.0633435249329,0.0557142719626,0.10133703053,0.0690790116787,0.0526029765606,0.030231019482,0.0413089357316,0.0359030403197,0.0240448452532,0.0106771085411,0.0332962013781,0.0363630242646,0.0351532399654,0.041841160506,0.0711301714182,0.0464257225394,0.0166966691613,0.0146082462743,0.00281128566712,0.000425052217906,0.000121393764857,0.0000557097155252,0.0000520637113368,0.000094047129096,0.013556250371],"mean":[0.000375409610569,0.00267203594558,0.00302891782485,0.00129600742366,0.00436499295756,0.00236275978386,0.00108492700383,0.000749743718188,0.00097088329494,0.00114970898721,0.000679239572491,0.000463242293335,0.000695445109159,0.000820234650746,0.000518707849551,0.000381953286706,0.000414572044974,0.00033015923691,0.000273343524896,0.000154771187226,0.0000539284519618,0.0000138052364491,0.00000366406698049,0.00000159021692525,0.00000153113967372,0.00000348601815858,0.00075224210741],"median":[0.000141631200677,0.00126763852313,0.00123174267355,0.000573096622247,0.00208327057771,0.000825260300189,0.00034440914169,0.000272058619885,0.000364658713806,0.000361804675777,0.000274837191682,0.000197757908609,0.000275073049124,0.000279955856968,0.000199548172532,0.000116793453344,0.000116606548545,0.0000928729132283,0.0000698930525687,0.0000388661756006,0.0000158472630574,0.00000483045414512,0.00000153413770931,5.58101532988e-7,5.03267983731e-7,0.00000146903721543,0.000307509209961],"min":[2.34225976737e-23,3.02433209854e-23,1.65032572826e-23,2.32190983814e-23,4.96653131302e-23,5.06671002155e-23,5.73856802394e-23,9.43162855589e-23,1.95464813376e-22,5.95987884882e-23,2.90091985863e-23,1.24101123742e-22,1.28501478223e-22,1.64697004019e-22,7.83348155889e-23,1.26521841248e-22,2.14660740074e-22,4.4328388903e-22,2.98845451524e-22,2.70602716504e-22,3.6781764306e-22,4.26427256771e-22,5.15995407474e-22,1.04353792107e-21,1.12576403604e-21,1.58755397082e-21,2.68213858881e-21],"var":[5.06588719418e-7,0.0000164569155459,0.0000255930008279,0.00000463866444989,0.00004506492769,0.0000204904772545,0.00000604335673415,0.00000257833175965,0.00000360409899258,0.00000569941403228,0.00000164588368534,5.76341790293e-7,0.0000022129829631,0.00000434036792285,0.00000120005415738,0.00000133995160922,0.00000321032257489,0.00000222987819143,5.83966254908e-7,2.05725157798e-7,1.40823077643e-8,6.18890938497e-10,3.88069819335e-11,9.04004735652e-12,8.51119435347e-12,3.37030889308e-11,0.00000147391392602]},"barkbands_crest":{"dmean":2.77086162567,"dmean2":4.6182141304,"dvar":6.23242664337,"dvar2":16.3911056519,"max":26.225687027,"mean":9.98858451843,"median":9.03804588318,"min":2.5796918869,"var":18.8225860596},"barkbands_flatness_db":{"dmean":0.0245143827051,"dmean2":0.0386096276343,"dvar":0.000519269320648,"dvar2":0.00127833674196,"max":0.394317835569,"mean":0.14568592608,"median":0.136579185724,"min":0.0507059954107,"var":0.00224399799481},"barkbands_kurtosis":{"dmean":4.98259067535,"dmean2":8.10540866852,"dvar":162.764160156,"dvar2":428.678588867,"max":386.754211426,"mean":8.45353317261,"median":3.57571458817,"min":-1.84384560585,"var":335.390899658},"barkbands_skewness":{"dmean":0.630150914192,"dmean2":0.987792849541,"dvar":0.592075645924,"dvar2":1.47577762604,"max":14.3557891846,"mean":2.02323508263,"median":1.75219833851,"min":-1.83988380432,"var":2.36516022682},"barkbands_spread":{"dmean":7.03364944458,"dmean2":10.8325185776,"dvar":63.6047134399,"dvar2":146.874252319,"max":118.253059387,"mean":28.1417789459,"median":24.0905799866,"min":0.364704191685,"var":368.723693848},"dissonance":{"dmean":0.0192564688623,"dmean2":0.0323447212577,"dvar":0.000421508448198,"dvar2":0.00111968338024,"max":0.500000119209,"mean":0.46516636014,"median":0.474462479353,"min":0.203248903155,"var":0.000974648748524},"dynamic_complexity":4.29503440857,"erbbands":{"dmean":[0.0655293762684,0.497918754816,1.98379647732,3.06431555748,4.67375469208,9.64418888092,12.7319936752,11.7606086731,9.27940750122,10.3955755234,11.7533216476,13.9101238251,15.3346090317,23.3668880463,12.5120096207,12.1570692062,17.4902038574,21.8440093994,13.805393219,14.2736196518,11.7084102631,13.5750846863,11.2001667023,8.54727077484,6.73375654221,3.79950666428,1.7835470438,0.766444981098,0.308746546507,0.137260973454,0.0615461282432,0.0349739193916,0.0236108768731,0.0163724068552,0.0107303857803,0.00652661640197,0.00466391257942,0.00972377788275,0.0203812420368,0.00794892013073],"dmean2":[0.111062116921,0.85389995575,3.48298096657,5.36948156357,7.65089321136,15.2658252716,19.7813148499,18.1751785278,14.7327375412,16.5587368011,18.2546195984,21.9675045013,23.9417228699,36.0838356018,19.9005374908,19.1618099213,27.129076004,32.9326820374,21.0655498505,21.7447624207,18.4054164886,20.5203361511,17.2793216705,12.9694290161,9.77468299866,5.53997087479,2.60278582573,1.10463750362,0.442255824804,0.201977342367,0.0951877310872,0.0568618699908,0.0390762649477,0.0270210914314,0.017636327073,0.0106501486152,0.00706742936745,0.0130802476779,0.0278755109757,0.0110883042216],"dvar":[0.0162093415856,0.764461576939,11.6076726913,27.7787971497,72.9844818115,344.337036133,988.421569824,795.186767578,813.596496582,541.454467773,865.111022949,970.969421387,1281.65148926,2691.89794922,643.078369141,538.763366699,1841.59924316,2705.41918945,746.653930664,2433.08789062,2142.30444336,5555.52880859,3723.84130859,870.354248047,496.315551758,133.556869507,22.774143219,2.97671413422,0.396732032299,0.0628468468785,0.0136035010219,0.00445833289996,0.0020240615122,0.000953354174271,0.000396001036279,0.000140784686664,0.000069694731792,0.000388011045288,0.00177174713463,0.000208013050724],"dvar2":[0.0430642180145,2.09542894363,36.6710700989,87.5620956421,187.164306641,791.54296875,2219.66113281,1885.11340332,2127.67919922,1311.99487305,2018.79846191,2419.77148438,2970.49829102,5521.92089844,1613.0645752,1286.80224609,3892.0480957,5359.24951172,1589.69921875,5113.59326172,5104.30419922,12016.6328125,9140.37695312,1861.23120117,974.401916504,269.032012939,52.3447608948,6.00682592392,0.779733300209,0.128545120358,0.0319961979985,0.0108901346102,0.00501127075404,0.00234991777688,0.000969511282165,0.000340949132806,0.000153352026246,0.000720326846931,0.00358600541949,0.000406388076954],"max":[1.74059450626,12.8996839523,59.4561080933,120.61618042,144.004302979,356.820068359,682.422180176,831.845092773,924.463500977,529.159423828,798.868225098,937.297729492,893.477416992,1445.54541016,918.095153809,504.016662598,1664.81066895,2008.68798828,1073.3079834,2107.20410156,2614.29931641,4374.64746094,2845.86987305,1224.20446777,927.592590332,613.686645508,193.965148926,54.5272827148,18.4292011261,6.86183309555,3.3137216568,1.23759758472,0.880052983761,0.591344892979,0.365491211414,0.200460553169,0.17976154387,0.707551836967,1.25514137745,0.368258476257],"mean":[0.0754741057754,0.637834846973,2.97653460503,4.38755989075,7.50948905945,16.8462791443,19.9621810913,19.500328064,14.4422264099,16.5608711243,18.4510746002,22.8638591766,26.5237388611,42.3095092773,22.5992202759,21.3181018829,32.4976348877,45.803024292,28.9753665924,25.7265434265,20.9785995483,22.7937850952,18.8397006989,15.4879550934,12.5878219604,7.2576789856,3.39172720909,1.43546152115,0.559995114803,0.233480229974,0.0896841436625,0.0408979766071,0.0240899566561,0.0167476087809,0.0111955162138,0.00709343282506,0.00690190074965,0.0192626882344,0.0466856248677,0.0215139053762],"median":[0.031043484807,0.320867031813,1.37644886971,2.36077785492,3.44095897675,7.02936267853,7.26284456253,6.86165428162,4.97280502319,6.25894641876,6.93820095062,8.60585403442,10.3219594955,14.921505928,11.1204299927,9.71056556702,13.1944541931,16.3481559753,13.2087850571,9.31445503235,6.95032310486,6.27005195618,5.25554561615,4.39361953735,2.97735261917,1.82862377167,0.965936303139,0.442406594753,0.195739269257,0.0923710167408,0.0388231277466,0.0161751117557,0.00781009811908,0.00544336531311,0.0037734345533,0.00256346841343,0.00304924510419,0.00635779090226,0.0152260046452,0.0106201916933],"min":[1.6894653082e-21,3.93237503071e-21,1.86013613497e-20,3.761420628e-20,1.63030332322e-19,1.57195568303e-19,1.63304503921e-19,6.04269861432e-19,3.46799969607e-19,2.09908185335e-18,1.9424322501e-18,3.2065981114e-18,3.75019536058e-18,1.64664114845e-18,2.09347026007e-18,4.99300652039e-18,5.77327151655e-18,8.21198111491e-18,6.07286309952e-18,5.96829795752e-18,6.53852897485e-18,1.33494998106e-17,2.45294488039e-17,1.48374562847e-17,1.76993192244e-17,1.25699375044e-17,1.26068463033e-17,1.57740249158e-17,1.35879784628e-17,1.5038921086e-17,1.5539175105e-17,1.99979565394e-17,1.57286788747e-17,1.3007994986e-17,8.08172250231e-18,4.5052975225e-18,3.21000092565e-18,1.8101383596e-18,3.59130156463e-19,3.69364739397e-20],"var":[0.0162198655307,0.870437920094,20.9175415039,37.9577713013,142.735153198,868.146057129,1745.15917969,1477.85339355,1219.57751465,1000.38256836,1631.5579834,2009.08642578,2577.39501953,7877.28222656,1314.75756836,1143.47900391,4924.64160156,13092.7626953,2533.51416016,4833.82568359,4073.87597656,10702.9335938,7738.01171875,2217.88598633,1386.7677002,428.885284424,60.363735199,8.40750026703,1.04066228867,0.158688992262,0.0230670329183,0.00539686763659,0.00218610232696,0.00104086240754,0.000442728603957,0.000163896940649,0.000126988641568,0.00123581278604,0.00781091488898,0.000943650957197]},"erbbands_crest":{"dmean":2.40053129196,"dmean2":3.83004879951,"dvar":5.91860580444,"dvar2":13.5032615662,"max":31.8567295074,"mean":8.48498058319,"median":7.15267658234,"min":2.04532217979,"var":20.9825439453},"erbbands_flatness_db":{"dmean":0.0218911357224,"dmean2":0.0329543091357,"dvar":0.000373975402908,"dvar2":0.000805904739536,"max":0.383658289909,"mean":0.163238406181,"median":0.161240562797,"min":0.0256765019149,"var":0.00240644416772},"erbbands_kurtosis":{"dmean":0.971291720867,"dmean2":1.4873944521,"dvar":3.35303378105,"dvar2":6.30509471893,"max":45.4708633423,"mean":0.553308308125,"median":-0.290861725807,"min":-1.70652663708,"var":10.2197761536},"erbbands_skewness":{"dmean":0.36434841156,"dmean2":0.547745406628,"dvar":0.137558922172,"dvar2":0.28229624033,"max":5.17239427567,"mean":-0.0187889449298,"median":0.0131324501708,"min":-5.39641237259,"var":0.729341387749},"erbbands_spread":{"dmean":6.0100030899,"dmean2":9.35159111023,"dvar":35.2829704285,"dvar2":82.2231521606,"max":116.554481506,"mean":30.8724880219,"median":29.1037330627,"min":1.76149713993,"var":211.63053894},"gfcc":{"cov":[[23795.1738281,2853.37988281,-2220.7434082,-1016.9876709,823.005310059,-1386.16442871,373.980224609,-718.001708984,-113.088249207,-358.776123047,-48.5249900818,-432.816497803,253.608016968],[2853.37988281,1293.88989258,-115.498092651,-350.729949951,128.530807495,-117.104187012,-0.376807957888,-157.596847534,-3.9322924614,-95.3584136963,17.7933082581,-109.203529358,38.391494751],[-2220.7434082,-115.498092651,719.094055176,189.265258789,-173.054885864,288.934295654,-130.735305786,139.494491577,0.465267509222,56.5696411133,10.4123840332,39.7242507935,-37.1937446594],[-1016.9876709,-350.729949951,189.265258789,392.358825684,73.700668335,-4.78290176392,87.1803131104,56.7346115112,25.9088840485,20.3183746338,-3.71184635162,40.3461914062,-39.0333366394],[823.005310059,128.530807495,-173.054885864,73.700668335,274.467803955,-80.3408966064,111.589759827,-69.0630111694,29.5994358063,-35.6262626648,-7.33232927322,-29.4973163605,7.93005657196],[-1386.16442871,-117.104187012,288.934295654,-4.78290176392,-80.3408966064,387.743560791,-126.993179321,122.563522339,-35.3757019043,55.5452041626,6.4866194725,8.47245025635,3.76656484604],[373.980224609,-0.376807957888,-130.735305786,87.1803131104,111.589759827,-126.993179321,254.432495117,-43.2184944153,31.1786785126,-34.4015464783,-6.78388595581,10.5530605316,-22.466588974],[-718.001708984,-157.596847534,139.494491577,56.7346115112,-69.0630111694,122.563522339,-43.2184944153,193.813293457,15.196896553,28.6692390442,8.60587787628,21.4023704529,15.2800569534],[-113.088249207,-3.9322924614,0.465267509222,25.9088840485,29.5994358063,-35.3757019043,31.1786785126,15.196896553,101.469810486,31.3060073853,4.04405498505,18.4772758484,-10.3421678543],[-358.776123047,-95.3584136963,56.5696411133,20.3183746338,-35.6262626648,55.5452041626,-34.4015464783,28.6692390442,31.3060073853,87.9562988281,33.9778785706,10.1968698502,-10.6740074158],[-48.5249900818,17.7933082581,10.4123840332,-3.71184635162,-7.33232927322,6.4866194725,-6.78388595581,8.60587787628,4.04405498505,33.9778785706,57.3008995056,18.3355236053,-0.474771052599],[-432.816497803,-109.203529358,39.7242507935,40.3461914062,-29.4973163605,8.47245025635,10.5530605316,21.4023704529,18.4772758484,10.1968698502,18.3355236053,75.8883743286,16.9779548645],[253.608016968,38.391494751,-37.1937446594,-39.0333366394,7.93005657196,3.76656484604,-22.466588974,15.2800569534,-10.3421678543,-10.6740074158,-0.474771052599,16.9779548645,65.0780029297]],"icov":[[0.000094747680123,-0.000178013884579,0.000173583364813,-0.00000616299075773,-0.0000746795849409,0.000213024366531,-6.76431511692e-7,-0.0000679053919157,0.000228057106142,-0.000243381567998,0.000160028939717,0.000145582176629,-0.000196711887838],[-0.000178013884579,0.00225859042257,-0.00160194153432,0.00205654394813,-0.000974010967184,0.000162687618285,-0.000310800882289,0.000883996603079,-0.00155803910457,0.0026890465524,-0.00297858053818,0.00233021378517,-0.000962526653893],[0.000173583364813,-0.00160194153432,0.00482535315678,-0.00416478002444,0.00340623012744,-0.00276136840694,0.00116994080599,0.000249239907134,-0.0013814275153,0.000931121525355,-0.000059882462665,-0.000132942470373,0.000585949863307],[-0.00000616299075773,0.00205654394813,-0.00416478002444,0.00886280462146,-0.00606815936044,0.00362514681183,-0.0014770522248,-0.00256819929928,0.00344316568226,-0.00299704866484,0.00228317314759,-0.00315916002728,0.00326552754268],[-0.0000746795849409,-0.000974010967184,0.00340623012744,-0.00606815936044,0.0105687901378,-0.00406250916421,-0.00133731914684,0.00386487459764,-0.00649221520871,0.00568793900311,-0.00468739494681,0.00634939456359,-0.00503860786557],[0.000213024366531,0.000162687618285,-0.00276136840694,0.00362514681183,-0.00406250916421,0.00740510318428,0.000690709683113,-0.00371712376364,0.0057133291848,-0.00602152012289,0.0040867542848,-0.00237270817161,0.00141681940295],[-6.76431511692e-7,-0.000310800882289,0.00116994080599,-0.0014770522248,-0.00133731914684,0.000690709683113,0.00668053515255,-0.000293503777357,-0.000810384342913,0.00191264029127,0.000142529475852,-0.00255832402036,0.00332029326819],[-0.0000679053919157,0.000883996603079,0.000249239907134,-0.00256819929928,0.00386487459764,-0.00371712376364,-0.000293503777357,0.00982415955514,-0.00578017625958,0.00441856682301,-0.00486406730488,0.00458082649857,-0.00574304023758],[0.000228057106142,-0.00155803910457,-0.0013814275153,0.00344316568226,-0.00649221520871,0.0057133291848,-0.000810384342913,-0.00578017625958,0.0210522972047,-0.0152171161026,0.0114940395579,-0.0108010312542,0.00659531960264],[-0.000243381567998,0.0026890465524,0.000931121525355,-0.00299704866484,0.00568793900311,-0.00602152012289,0.00191264029127,0.00441856682301,-0.0152171161026,0.030760101974,-0.0208873078227,0.0102063911036,-0.00281326007098],[0.000160028939717,-0.00297858053818,-0.000059882462665,0.00228317314759,-0.00468739494681,0.0040867542848,0.000142529475852,-0.00486406730488,0.0114940395579,-0.0208873078227,0.0349139012396,-0.0154016837478,0.00666816718876],[0.000145582176629,0.00233021378517,-0.000132942470373,-0.00315916002728,0.00634939456359,-0.00237270817161,-0.00255832402036,0.00458082649857,-0.0108010312542,0.0102063911036,-0.0154016837478,0.0290738213807,-0.0142477313057],[-0.000196711887838,-0.000962526653893,0.000585949863307,0.00326552754268,-0.00503860786557,0.00141681940295,0.00332029326819,-0.00574304023758,0.00659531960264,-0.00281326007098,0.00666816718876,-0.0142477313057,0.0263731591403]],"mean":[-56.2060432434,109.492462158,-98.0822601318,-7.35092544556,-4.12139081955,-29.1836795807,-1.17738103867,-21.116437912,-8.37724113464,-12.4690790176,-5.02186632156,-8.76000213623,-4.32957839966]},"hfc":{"dmean":67.6288299561,"dmean2":103.815826416,"dvar":12324.4814453,"dvar2":27208.0878906,"max":1555.94812012,"mean":142.959243774,"median":95.3227081299,"min":1.19962536697e-16,"var":23206.7988281},"melbands":{"dmean":[0.000579845160246,0.000875091645867,0.000538261258043,0.000490128586534,0.000447837403044,0.000260136032011,0.000141264215927,0.000107889034552,0.0000982350320555,0.0000894568656804,0.0000788308389019,0.0000978901589406,0.000049946422223,0.000032343006751,0.0000300094816339,0.000043802876462,0.0000441186166427,0.0000236839823629,0.0000217061970034,0.0000181553514267,0.0000141811433423,0.0000154018543981,0.0000121151397252,0.00000962258945947,0.00000721438118489,0.00000572473027205,0.00000407853121942,0.00000240189774559,0.00000130488467676,7.17487523616e-7,3.88562568787e-7,1.97662629375e-7,1.11916321544e-7,6.44959428087e-8,3.79869007361e-8,2.58829349065e-8,1.97336547103e-8,1.67548375174e-8,1.48591565718e-8,1.34355166992e-8],"dmean2":[0.000977031537332,0.00153128954116,0.000929693982471,0.00077444704948,0.000696671428159,0.000399821205065,0.000224752555368,0.000172074403963,0.000153237575432,0.000142148070154,0.000123511155834,0.000151253319927,0.0000802711074357,0.000051180151786,0.0000472053143312,0.0000679428339936,0.0000667306085234,0.0000366639469576,0.0000334793221555,0.0000278403931588,0.0000227649197768,0.0000236610267166,0.0000185962089745,0.0000153764267452,0.0000111279769044,0.00000847744377097,0.00000599405666435,0.00000362202285942,0.00000196689302356,0.00000106184961624,5.7677885934e-7,2.90549394322e-7,1.66471821217e-7,9.73937588356e-8,5.93184132924e-8,4.15067127335e-8,3.2570959263e-8,2.7766917654e-8,2.45732163506e-8,2.21657217025e-8],"dvar":[0.00000115151965474,0.00000203836589208,7.50294759655e-7,7.23210916931e-7,0.00000102618423625,3.55098961791e-7,1.67600717305e-7,5.56695702869e-8,5.80677479434e-8,4.08946299046e-8,3.31094334172e-8,4.84995510419e-8,1.10907381057e-8,3.58107543619e-9,3.54404705583e-9,1.18093410606e-8,1.21350884896e-8,2.33766384028e-9,3.62982710556e-9,4.31026281333e-9,3.69612740414e-9,6.76125955223e-9,5.07308595132e-9,2.26760943356e-9,5.88016690894e-10,3.37346123258e-10,2.03585912018e-10,5.04573952065e-11,1.31726261843e-11,3.17210081986e-12,7.45579921586e-13,1.67216216459e-13,4.91409349193e-14,1.4111330038e-14,5.43928178662e-15,2.50254105497e-15,1.4500915007e-15,1.02240095459e-15,7.96905537436e-16,6.38994349749e-16],"dvar2":[0.00000305234243569,0.00000625739994575,0.00000226952420235,0.00000166282234204,0.00000233127980209,8.3382582261e-7,4.37226134409e-7,1.36783725679e-7,1.34911232408e-7,1.02238786326e-7,7.68016761299e-8,9.87173578437e-8,2.83316676786e-8,8.36017743922e-9,8.64308713489e-9,2.47596343428e-8,2.34393784382e-8,5.19758991402e-9,7.73279484889e-9,9.44034006523e-9,9.33819155335e-9,1.50143790734e-8,1.1769434316e-8,5.82836756635e-9,1.31862376573e-9,6.67595978499e-10,4.13397233112e-10,1.14710956012e-10,3.23873081132e-11,6.84432892306e-12,1.58543295679e-12,3.46161142285e-13,1.05070642399e-13,3.10649604456e-14,1.30919682376e-14,5.91082079319e-15,3.59447790881e-15,2.53586311936e-15,1.96838365547e-15,1.57383422633e-15],"max":[0.0142695968971,0.0227333139628,0.0192741919309,0.0187032110989,0.0238306354731,0.0163273904473,0.01239417959,0.00562138296664,0.00579572236165,0.00504931434989,0.0044960626401,0.00625910097733,0.00370223564096,0.00134389637969,0.00151835288852,0.00431177671999,0.00457832263783,0.0020703303162,0.00304980250075,0.00290462444536,0.0035564196296,0.00437771575525,0.00391233060509,0.00211200118065,0.00100027595181,0.000670912966598,0.000646784726996,0.000372382608475,0.000159920164151,0.0000626795881544,0.0000283599983959,0.0000103890024548,0.00000577377386435,0.00000327670090883,0.00000200467616196,0.00000113680096092,7.23169421235e-7,6.26742462373e-7,5.47680713225e-7,4.81678341657e-7],"mean":[0.000723578094039,0.00133575766813,0.000834741105791,0.000870850170031,0.000746590667404,0.000432092492701,0.000223142589675,0.000172129570274,0.000151096886839,0.000143859433592,0.000131708133267,0.000174346379936,0.0000833403610159,0.0000542763009435,0.0000526349176653,0.0000771250706748,0.0000884969485924,0.0000461452764284,0.000038309754018,0.0000295263835142,0.0000237164549617,0.0000245775227086,0.0000190027931239,0.0000154064000526,0.0000122094570543,0.0000100377355921,0.00000729985049475,0.00000422835546487,0.0000023271286409,0.00000128027079427,6.67639369567e-7,3.37209002055e-7,1.86269190294e-7,1.03283049668e-7,5.354663557e-8,3.32197487296e-8,2.10355377561e-8,1.68469451722e-8,1.50442360791e-8,1.37350095741e-8],"median":[0.000334323034622,0.000707642757334,0.000494663603604,0.00040741043631,0.00029712729156,0.0001521204249,0.0000762148411013,0.0000665008265059,0.0000550067343283,0.0000525463619852,0.000047937995987,0.0000573748839088,0.0000363999934052,0.000024507748094,0.0000224946379603,0.0000304020286421,0.0000276410792139,0.0000202352784981,0.0000140681422636,0.00000917359102459,0.0000074139688877,0.00000674674220136,0.00000452004314866,0.00000439723680756,0.00000334378796651,0.00000229467877944,0.00000162833021022,0.00000106693778434,6.55017174722e-7,3.57941132734e-7,2.08931538737e-7,1.12759607873e-7,6.82749714542e-8,4.08685423281e-8,2.24451373043e-8,1.36411753004e-8,7.41604466725e-9,5.25404431073e-9,4.79548933896e-9,4.45769332558e-9],"min":[1.25713781046e-23,7.93825128011e-24,1.1495393918e-23,1.20451376722e-23,6.35307670627e-24,1.17532859585e-23,6.84521034301e-24,2.32323118016e-23,1.76857944894e-23,2.30352717024e-23,1.86383519211e-23,6.58416483099e-24,4.65383008452e-24,1.26180589487e-23,1.38045641258e-23,1.29730826436e-23,1.56550945477e-23,1.05644670523e-23,5.66450013806e-24,9.92487519647e-24,6.73773514442e-24,1.08676349757e-23,1.8243861515e-23,2.60997643941e-23,9.42441394959e-24,1.33373344334e-23,1.34571545163e-23,5.88439984855e-24,8.39249079998e-24,6.53176829523e-24,1.03820106247e-23,7.82160399578e-24,7.90124581505e-24,8.90017959047e-24,9.36315653372e-24,9.0764616038e-24,1.40834296113e-23,1.0456463317e-23,1.00462958781e-23,1.16964800848e-23],"var":[0.00000126017653201,0.00000340756105288,0.0000011338834156,0.00000186994782325,0.00000195658708435,6.75293335917e-7,2.64587015408e-7,1.02567092597e-7,1.09406940396e-7,8.10185980527e-8,6.58399059716e-8,1.44302262584e-7,2.15127684555e-8,7.44122496954e-9,7.27935756117e-9,3.13137675789e-8,6.24998364174e-8,6.93916613059e-9,7.71856267789e-9,7.90280108021e-9,6.19717877015e-9,1.2415647177e-8,9.27740462231e-9,4.55584103776e-9,1.31386557189e-9,8.90491902439e-10,5.37647371068e-10,1.40339698196e-10,2.93859311884e-11,8.24829961277e-12,1.77338124654e-12,3.9829543743e-13,1.10773478064e-13,3.22165390068e-14,8.72063363769e-15,3.45211496379e-15,1.59809367345e-15,1.09502810058e-15,8.61428166314e-16,6.99053167935e-16]},"melbands_crest":{"dmean":3.54249572754,"dmean2":5.90875291824,"dvar":9.4277973175,"dvar2":25.5510177612,"max":38.7558937073,"mean":14.1431674957,"median":13.289478302,"min":2.25610589981,"var":29.6567420959},"melbands_flatness_db":{"dmean":0.0314570367336,"dmean2":0.0494222007692,"dvar":0.000764410302509,"dvar2":0.00184758997057,"max":0.546055555344,"mean":0.25204500556,"median":0.24571017921,"min":0.00593118369579,"var":0.00431485380977},"melbands_kurtosis":{"dmean":7.16867351532,"dmean2":11.8417367935,"dvar":309.467956543,"dvar2":845.352111816,"max":461.56930542,"mean":12.1354341507,"median":4.95697689056,"min":-1.91326367855,"var":606.620910645},"melbands_skewness":{"dmean":0.730539262295,"dmean2":1.16292405128,"dvar":0.685774505138,"dvar2":1.76121258736,"max":16.2396411896,"mean":2.41913127899,"median":2.07386946678,"min":-2.3309867382,"var":2.81192755699},"melbands_spread":{"dmean":6.01228237152,"dmean2":9.23764514923,"dvar":56.6486358643,"dvar2":112.588943481,"max":139.133758545,"mean":21.1400737762,"median":16.8282184601,"min":0.347725719213,"var":330.601074219},"mfcc":{"cov":[[14688.2597656,2696.41918945,-2652.88452148,638.226318359,-657.58190918,-1.59715080261,-195.094543457,-184.554336548,-107.831222534,-104.683540344,-124.67011261,-197.676864624,-144.640258789],[2696.41918945,1687.88061523,-361.203613281,-84.4907608032,-30.5766105652,22.6936588287,-26.5867538452,-61.8173675537,-52.0531806946,-10.0086364746,-22.3197345734,-77.667640686,-71.4129333496],[-2652.88452148,-361.203613281,1041.2310791,-225.388412476,199.677703857,-1.5443789959,31.4984951019,37.8906936646,4.63103961945,42.1616363525,39.9485778809,58.7679252625,26.1429691315],[638.226318359,-84.4907608032,-225.388412476,517.256408691,-66.0630340576,23.0039787292,29.9669971466,47.8006477356,34.2138710022,-9.20126438141,14.6278324127,11.9742250443,35.1920814514],[-657.58190918,-30.5766105652,199.677703857,-66.0630340576,243.231628418,34.6198120117,18.8693370819,9.52131080627,23.2423000336,19.217956543,8.15303230286,22.6262779236,2.14559459686],[-1.59715080261,22.6936588287,-1.5443789959,23.0039787292,34.6198120117,154.682144165,41.1376457214,2.25891923904,-2.42927479744,13.1906757355,9.38236618042,-7.0210185051,-6.36200046539],[-195.094543457,-26.5867538452,31.4984951019,29.9669971466,18.8693370819,41.1376457214,128.367431641,46.6944046021,6.99887943268,11.8922080994,3.25173401833,-7.89836931229,-3.73527908325],[-184.554336548,-61.8173675537,37.8906936646,47.8006477356,9.52131080627,2.25891923904,46.6944046021,103.508544922,49.7338066101,3.64418983459,-1.00778615475,9.13720798492,17.689207077],[-107.831222534,-52.0531806946,4.63103961945,34.2138710022,23.2423000336,-2.42927479744,6.99887943268,49.7338066101,83.0943984985,20.966135025,-4.73216056824,11.4838466644,12.82999897],[-104.683540344,-10.0086364746,42.1616363525,-9.20126438141,19.217956543,13.1906757355,11.8922080994,3.64418983459,20.966135025,66.1352767944,34.4527206421,4.47144317627,1.43538081646],[-124.67011261,-22.3197345734,39.9485778809,14.6278324127,8.15303230286,9.38236618042,3.25173401833,-1.00778615475,-4.73216056824,34.4527206421,67.9564285278,31.3350524902,3.25922727585],[-197.676864624,-77.667640686,58.7679252625,11.9742250443,22.6262779236,-7.0210185051,-7.89836931229,9.13720798492,11.4838466644,4.47144317627,31.3350524902,66.7605819702,35.4642677307],[-144.640258789,-71.4129333496,26.1429691315,35.1920814514,2.14559459686,-6.36200046539,-3.73527908325,17.689207077,12.82999897,1.43538081646,3.25922727585,35.4642677307,62.4532966614]],"icov":[[0.000187098732567,-0.000223307055421,0.000342272338457,-0.00014282608754,0.000171509498614,-0.0000274137219094,0.000189009093447,-0.0000718579176464,0.000231122481637,-0.000316734833177,0.000407611398259,-0.000373567658244,0.000288810755592],[-0.000223307055421,0.000966982974205,-0.000127632592921,0.00033515697578,-0.000364558422007,-0.0000384373706765,-0.0000935216448852,0.0000354300464096,0.0000554149301024,0.000272855424555,-0.000575889658649,0.000885713787284,-0.0000444738543592],[0.000342272338457,-0.000127632592921,0.00209923763759,0.000334026117343,-0.000660206307657,0.000130412445287,0.000283221888822,-0.00100592814852,0.00135066674557,-0.00126860500313,0.00061163835926,-0.00125440594275,0.000349694280885],[-0.00014282608754,0.00033515697578,0.000334026117343,0.00271896575578,0.000198061490664,-0.000365104555385,-0.000654703238979,-0.000343227642588,-0.00139023177326,0.00179836316966,-0.00242875423282,0.00137996103149,-0.00201802467927],[0.000171509498614,-0.000364558422007,-0.000660206307657,0.000198061490664,0.00572435092181,-0.0012805951992,-0.00040390205686,0.000754900160246,-0.00163616065402,-0.000865568174049,0.00158866622951,-0.00275611458346,0.00141819752753],[-0.0000274137219094,-0.0000384373706765,0.000130412445287,-0.000365104555385,-0.0012805951992,0.0076157450676,-0.00245169061236,0.000931992777623,0.000230456600548,-0.000492806837428,-0.00116028403863,0.00132666085847,-0.000275924627203],[0.000189009093447,-0.0000935216448852,0.000283221888822,-0.000654703238979,-0.00040390205686,-0.00245169061236,0.0116331465542,-0.00701003381982,0.00441712886095,-0.00362821063027,0.00211864826269,-0.000127102583065,0.00216414942406],[-0.0000718579176464,0.0000354300464096,-0.00100592814852,-0.000343227642588,0.000754900160246,0.000931992777623,-0.00701003381982,0.0195638909936,-0.0129223233089,0.00672299973667,-0.00481519149616,0.00365412025712,-0.0047264858149],[0.000231122481637,0.0000554149301024,0.00135066674557,-0.00139023177326,-0.00163616065402,0.000230456600548,0.00441712886095,-0.0129223233089,0.0257483217865,-0.0147528294474,0.0130242956802,-0.00922880414873,0.00443102046847],[-0.000316734833177,0.000272855424555,-0.00126860500313,0.00179836316966,-0.000865568174049,-0.000492806837428,-0.00362821063027,0.00672299973667,-0.0147528294474,0.0324859023094,-0.0235702954233,0.0146659407765,-0.00785950478166],[0.000407611398259,-0.000575889658649,0.00061163835926,-0.00242875423282,0.00158866622951,-0.00116028403863,0.00211864826269,-0.00481519149616,0.0130242956802,-0.0235702954233,0.0390552431345,-0.0251105371863,0.0128028746694],[-0.000373567658244,0.000885713787284,-0.00125440594275,0.00137996103149,-0.00275611458346,0.00132666085847,-0.000127102583065,0.00365412025712,-0.00922880414873,0.0146659407765,-0.0251105371863,0.0396261624992,-0.0205502100289],[0.000288810755592,-0.0000444738543592,0.000349694280885,-0.00201802467927,0.00141819752753,-0.000275924627203,0.00216414942406,-0.0047264858149,0.00443102046847,-0.00785950478166,0.0128028746694,-0.0205502100289,0.0292837917805]],"mean":[-713.886657715,174.579467773,-30.3155231476,34.4298210144,2.51060032845,8.010430336,5.15534925461,-0.219492092729,-1.61388707161,-0.366430372,-0.986370027065,-5.24710130692,-3.61383247375]},"pitch_salience":{"dmean":0.0730470046401,"dmean2":0.120631471276,"dvar":0.00409897044301,"dvar2":0.0110494606197,"max":0.852384984493,"mean":0.577769517899,"median":0.593757510185,"min":0.0551986657083,"var":0.0140366358683},"silence_rate_20dB":{"dmean":0,"dmean2":0,"dvar":0,"dvar2":0,"max":1,"mean":1,"median":1,"min":1,"var":0},"silence_rate_30dB":{"dmean":0.00670936238021,"dmean2":0.013420089148,"dvar":0.00666463095695,"dvar2":0.0175108704716,"max":1,"mean":0.995120942593,"median":1,"min":0,"var":0.00485491473228},"silence_rate_60dB":{"dmean":0.0150452377275,"dmean2":0.0300935339183,"dvar":0.014821190387,"dvar2":0.0338708870113,"max":1,"mean":0.11445415765,"median":0,"min":0,"var":0.101373322308},"spectral_centroid":{"dmean":213.405059814,"dmean2":315.906402588,"dvar":65490.28125,"dvar2":115954.59375,"max":10735.9707031,"mean":1098.10595703,"median":947.268310547,"min":130.895019531,"var":458086.84375},"spectral_complexity":{"dmean":3.48622536659,"dmean2":4.97254991531,"dvar":14.9313926697,"dvar2":25.9724636078,"max":60,"mean":18.1907901764,"median":17,"min":0,"var":135.483306885},"spectral_contrast_coeffs":{"dmean":[0.0544398538768,0.0461411848664,0.0368216186762,0.0286342278123,0.0212745517492,0.0431293435395],"dmean2":[0.0898224562407,0.076362118125,0.0604246445,0.0462175607681,0.034143473953,0.0671078786254],"dvar":[0.00186544761527,0.00141306698788,0.000897704390809,0.000563842244446,0.000335386983352,0.00147035776172],"dvar2":[0.00504781538621,0.00377488834783,0.00232865707949,0.00140334828757,0.000810636265669,0.00343574001454],"max":[-0.317373931408,-0.484682500362,-0.518493235111,-0.541810929775,-0.569989144802,-0.468856275082],"mean":[-0.644160866737,-0.774619042873,-0.797424256802,-0.803300976753,-0.813321530819,-0.76222205162],"median":[-0.641821205616,-0.778529047966,-0.799849390984,-0.804288804531,-0.812413334846,-0.773220837116],"min":[-0.975050926208,-0.96616256237,-0.964850604534,-0.967103898525,-0.957158923149,-0.961610794067],"var":[0.00955188926309,0.00466563086957,0.00395416328683,0.00320748100057,0.00215030787513,0.00557805784047]},"spectral_contrast_valleys":{"dmean":[0.431942015886,0.376115530729,0.340676277876,0.321157932281,0.312213927507,0.648207485676],"dmean2":[0.701000928879,0.591548383236,0.520150601864,0.469688594341,0.42044916749,1.03756380081],"dvar":[0.143446967006,0.121209457517,0.107965663075,0.114184178412,0.116867214441,0.323594927788],"dvar2":[0.337774038315,0.250026643276,0.205761566758,0.207423761487,0.185716450214,0.794437885284],"max":[-5.29946231842,-4.54037761688,-5.21586799622,-5.23787641525,-4.89080429077,-9.05118370056],"mean":[-7.44774723053,-6.91578960419,-7.3781042099,-7.78186798096,-8.0141992569,-11.7053127289],"median":[-7.09382343292,-6.52254104614,-6.94728755951,-7.33380556107,-7.63522529602,-11.5124435425],"min":[-26.9060459137,-27.4468364716,-27.3521118164,-27.1445293427,-27.18542099,-27.2604503632],"var":[2.44793844223,2.69252943993,2.71397972107,2.72297382355,2.41277956963,1.53569090366]},"spectral_decrease":{"dmean":1.74529080077e-9,"dmean2":2.80818390763e-9,"dvar":4.99561131214e-18,"dvar2":1.29312508231e-17,"max":7.64835927924e-9,"mean":-4.21039692e-9,"median":-3.31782645802e-9,"min":-3.60466820837e-8,"var":1.59109960991e-17},"spectral_energy":{"dmean":0.00959061924368,"dmean2":0.0144786471501,"dvar":0.000144435311086,"dvar2":0.000316463585477,"max":0.18109972775,"mean":0.0288578569889,"median":0.0243631806225,"min":1.09778346032e-20,"var":0.000525925774127},"spectral_energyband_high":{"dmean":0.000271747383522,"dmean2":0.000375751958927,"dvar":2.62165343656e-7,"dvar2":5.15287126746e-7,"max":0.0129468888044,"mean":0.000666790234391,"median":0.000257339212112,"min":7.64741885678e-21,"var":0.00000122605524666},"spectral_energyband_low":{"dmean":0.00403085304424,"dmean2":0.00694840354845,"dvar":0.0000374581686629,"dvar2":0.000109703258204,"max":0.0808839946985,"mean":0.00665665464476,"median":0.00425122864544,"min":6.77113330633e-23,"var":0.0000610180395597},"spectral_energyband_middle_high":{"dmean":0.00192629138473,"dmean2":0.00272122467868,"dvar":0.0000138054601848,"dvar2":0.0000263109450316,"max":0.160159572959,"mean":0.00567859038711,"median":0.0035155613441,"min":1.87359862061e-21,"var":0.0000585209963901},"spectral_energyband_middle_low":{"dmean":0.00442718993872,"dmean2":0.00668075494468,"dvar":0.0000446597223345,"dvar2":0.000100250574178,"max":0.13506385684,"mean":0.0110982814804,"median":0.00739120645449,"min":4.89686025383e-22,"var":0.000141914570122},"spectral_entropy":{"dmean":0.164149731398,"dmean2":0.246672108769,"dvar":0.0255435388535,"dvar2":0.0548969842494,"max":9.80733299255,"mean":7.36058855057,"median":7.41704845428,"min":5.33640146255,"var":0.178651914001},"spectral_flux":{"dmean":0.0212324038148,"dmean2":0.0320732109249,"dvar":0.000567904906347,"dvar2":0.00116747443099,"max":0.296392172575,"mean":0.0888626873493,"median":0.0852637887001,"min":1.0477516077e-10,"var":0.00244832481258},"spectral_kurtosis":{"dmean":4.78497886658,"dmean2":7.55932617188,"dvar":30.6737384796,"dvar2":76.8356018066,"max":91.5181732178,"mean":22.2347412109,"median":21.5673866272,"min":-1.21947598457,"var":86.2015304565},"spectral_rms":{"dmean":0.000832208839711,"dmean2":0.00123476714361,"dvar":7.93897015683e-7,"dvar2":0.00000165404333075,"max":0.013292202726,"mean":0.00477941567078,"median":0.00487534143031,"min":3.27262631057e-12,"var":0.0000053114072216},"spectral_rolloff":{"dmean":3994.33740234,"dmean2":7708.94580078,"dvar":54093224,"dvar2":129596176,"max":22050,"mean":14607.6259766,"median":21231.7382812,"min":21.533203125,"var":86845488},"spectral_skewness":{"dmean":0.329343408346,"dmean2":0.506669342518,"dvar":0.127088114619,"dvar2":0.290688872337,"max":7.27111387253,"mean":3.0864033699,"median":3.08474206924,"min":0.0307239759713,"var":0.582061052322},"spectral_spread":{"dmean":448499,"dmean2":691103.75,"dvar":283380645888,"dvar2":528180641792,"max":41129852,"mean":3543227.75,"median":3350895,"min":1348747.5,"var":1686247309310},"spectral_strongpeak":{"dmean":5.9746594429,"dmean2":11.1390895844,"dvar":287.022735596,"dvar2":793.097839355,"max":191.595336914,"mean":4.34623336792,"median":0.444568008184,"min":0,"var":204.45954895},"zerocrossingrate":{"dmean":0.0425738841295,"dmean2":0.0534631237388,"dvar":0.0016067099059,"dvar2":0.00253327167593,"max":0.73779296875,"mean":0.277873933315,"median":0.26513671875,"min":0,"var":0.0124094188213}},"metadata":{"audio_properties":{"analysis_sample_rate":44100,"bit_rate":192000,"codec":"mp3","downmix":"mix","equal_loudness":0,"length":228.41468811,"lossless":false,"md5_encoded":"9f58e8cbfb302c5a248a652453aee587","replay_gain":-2.59518051147,"sample_rate":44100},"tags":{"album":["Arthur (or The Decline and Fall of the British Empire)"],"artist":["The Kinks"],"date":["1969-10-10"],"file_name":"02 - The Kinks - Yes Sir, No Sir.mp3","musicbrainz_albumid":["c95e14ae-1134-4ab2-83d6-85051475b3a6"],"musicbrainz_artistid":["17b53d9f-5c63-4a09-a593-dde4608e0db9"],"musicbrainz_recordingid":["36275479-ab96-4312-8402-0318b3e1fd00"],"title":["Yes Sir, No Sir"],"tracknumber":["02/12"]},"version":{"essentia":"2.1-beta1","essentia_build_sha":"ca57ba49d9b1854bd80e60cf9ccf267278fb7d6b","essentia_git_sha":"v2.1_beta1-28-g21ef5f4-dirty","extractor":"music 1.0"}},"rhythm":{"beats_count":370,"beats_loudness":{"dmean":0.0180475581437,"dmean2":0.0307437833399,"dvar":0.000274098129012,"dvar2":0.000788920733612,"max":0.131507217884,"mean":0.045941080898,"median":0.0434607639909,"min":4.63173011056e-9,"var":0.000809526594821},"beats_loudness_band_ratio":{"dmean":[0.14771412313,0.136677473783,0.0759258046746,0.0683450326324,0.0369616188109,0.122372493148],"dmean2":[0.255477249622,0.240085601807,0.134847655892,0.122041098773,0.0643447116017,0.218403115869],"dvar":[0.0154220731929,0.0177171360701,0.00849975831807,0.00496348924935,0.00146986974869,0.00920244120061],"dvar2":[0.0483155250549,0.054451175034,0.0251921676099,0.0140080181882,0.00402156310156,0.027570605278],"max":[0.81277769804,0.796510457993,0.653849959373,0.457635879517,0.375031769276,0.639160275459],"mean":[0.282585829496,0.200222030282,0.0983810946345,0.0961057543755,0.0546705089509,0.264801591635],"median":[0.241311296821,0.175214573741,0.0724566578865,0.079933270812,0.0430871620774,0.240892648697],"min