{"lowlevel":{"average_loudness":0.961876034737,"barkbands":{"dmean":[0.0000816589963506,0.00264678709209,0.00424924027175,0.00482301041484,0.0054012387991,0.00217008078471,0.00164064939599,0.000762708543334,0.000833170721307,0.000445305136964,0.000193262385437,0.000214080588194,0.000297257676721,0.000369982153643,0.000235868254094,0.000107187595859,0.000146930644405,0.000153300294187,0.0000863675013534,0.0000623966552666,0.0000420028991357,0.0000442785203632,0.0000318083548336,0.000023420794605,0.0000154216631927,0.0000020760935513,1.72799090592e-7],"dmean2":[0.000116296097985,0.00447172904387,0.0079586096108,0.00867644697428,0.00919808540493,0.0032240957953,0.00262216292322,0.00122980074957,0.00131496961694,0.000734258908778,0.000320986495353,0.000349183974322,0.000475900364108,0.000609043927398,0.000384950573789,0.000179547540029,0.000240597189986,0.000250640325248,0.000141176380566,0.000100867066067,0.0000655233307043,0.000066451888415,0.0000472246465506,0.0000339601319865,0.0000218749391934,0.00000291386982099,2.67816261612e-7],"dvar":[5.39140572187e-8,0.0000639586069155,0.000060162779846,0.0000444956785941,0.0000541908666492,0.0000145357453221,0.0000142463750308,0.00000714650104783,0.0000070888359005,0.00000271409908237,3.26642719983e-7,1.79109235887e-7,2.31032828424e-7,3.603244636e-7,2.45517668418e-7,3.2164667374e-8,8.69428262718e-8,6.8140259657e-8,2.92915238731e-8,1.75034884364e-8,7.69364483233e-9,1.08435331825e-8,9.92776438835e-9,1.63392019914e-8,1.37221780605e-8,1.77876796625e-10,6.89530680817e-13],"dvar2":[1.04056631756e-7,0.000181730574695,0.000180096802069,0.000123134159367,0.000151667816681,0.0000331331029884,0.0000330684961227,0.0000165517321875,0.0000162627165992,0.00000670965073368,8.60354816723e-7,4.88880402827e-7,5.29466490207e-7,8.65068557232e-7,6.00740406753e-7,8.97763996477e-8,2.25741942472e-7,1.75757989496e-7,7.27166309389e-8,3.86343295133e-8,1.83874213633e-8,2.43040059189e-8,2.29278160901e-8,3.2741670708e-8,2.65550248457e-8,3.21360493771e-10,1.54140534971e-12],"max":[0.00297080376185,0.120416983962,0.098279774189,0.0581088885665,0.140604048967,0.0990723222494,0.10841549933,0.0677823796868,0.0617458671331,0.0478901565075,0.018551915884,0.0113487336785,0.0151495113969,0.0173280332237,0.0164387561381,0.00302689569071,0.0063266265206,0.00566085381433,0.00629837205634,0.00633720774204,0.00333164306358,0.00319138588384,0.00247518415563,0.0033710540738,0.00424416875467,0.000853720819578,0.0000283298086288],"mean":[0.0000940919417189,0.00361983384937,0.00464813271537,0.00552594522014,0.00836957339197,0.00499172881246,0.00255374819972,0.000998978852294,0.00132732931525,0.0006010660436,0.000304736720864,0.000367279804777,0.000559632782824,0.000709210056812,0.000479854614241,0.000232252685237,0.000312595802825,0.000329229078488,0.000180038012331,0.000130866028485,0.0000806539828773,0.0000760323964641,0.0000514202074555,0.0000355809643224,0.0000232654274441,0.00000308415314976,2.24530182891e-7],"median":[0.00000680919947627,0.000326914538164,0.00258098682389,0.0032315030694,0.00593192642555,0.00267814774998,0.00117390649393,0.000278291961877,0.000249986711424,0.000138871459058,0.00011812968296,0.000224266666919,0.000368557404727,0.000450795108918,0.000234087812714,0.000087503962277,0.0000845401082188,0.000124744372442,0.0000634026364423,0.0000535595681868,0.0000382912439818,0.0000284833186015,0.0000172899872268,0.00000768734480516,0.00000436340815213,5.71349914935e-7,4.78851944763e-8],"min":[7.73435655799e-12,1.41333160453e-11,1.21617819981e-11,4.05710274404e-12,3.19231620305e-11,8.94192619255e-12,4.42202437861e-12,8.05330628573e-12,1.00072155423e-11,1.5407886772e-11,2.63502262544e-12,1.00550893566e-12,4.4690900286e-12,3.82314058883e-12,1.78477491033e-12,2.93756729011e-12,2.2265769957e-12,1.55002833485e-12,4.25720916852e-12,1.39695850374e-12,8.93010004051e-13,3.21511616158e-13,7.55856206618e-13,1.0214880157e-12,1.00433940678e-12,2.73253728672e-12,2.98295721457e-10],"var":[7.93449999037e-8,0.00005958462134,0.0000456431989733,0.0000448082100775,0.0000672003225191,0.0000470053419122,0.0000290415591735,0.0000111845592983,0.0000151404628923,0.0000048418469305,6.7542839588e-7,2.8978638511e-7,4.85607245082e-7,9.23395589325e-7,7.26523751382e-7,9.21737708381e-8,2.42411687168e-7,1.95614262566e-7,6.817771947e-8,4.5216765443e-8,1.59154929236e-8,1.96726350765e-8,1.50999586168e-8,3.32198020203e-8,2.91982189538e-8,3.94552807093e-10,8.79303628607e-13]},"barkbands_crest":{"dmean":2.61570525169,"dmean2":4.4628443718,"dvar":4.93404340744,"dvar2":13.7460718155,"max":24.9606742859,"mean":10.1060028076,"median":9.63444519043,"min":3.06749463081,"var":10.8753871918},"barkbands_flatness_db":{"dmean":0.0241269245744,"dmean2":0.0390347279608,"dvar":0.000457935268059,"dvar2":0.00117449287791,"max":0.408225417137,"mean":0.195294722915,"median":0.182829111814,"min":0.0497342571616,"var":0.00524348532781},"barkbands_kurtosis":{"dmean":4.05789613724,"dmean2":6.90911006927,"dvar":49.5313262939,"dvar2":138.708572388,"max":287.103118896,"mean":6.95235013962,"median":4.00171232224,"min":-1.87984192371,"var":93.6867218018},"barkbands_skewness":{"dmean":0.620369255543,"dmean2":1.0335996151,"dvar":0.371061593294,"dvar2":0.988478779793,"max":13.5116605759,"mean":2.01666903496,"median":1.90258264542,"min":-1.8594237566,"var":1.17531943321},"barkbands_spread":{"dmean":4.53048181534,"dmean2":7.33047056198,"dvar":33.1312294006,"dvar2":82.5489730835,"max":153.603469849,"mean":14.8403577805,"median":11.0918960571,"min":0.479019999504,"var":175.792572021},"dissonance":{"dmean":0.0217173788697,"dmean2":0.0364687927067,"dvar":0.000580459425692,"dvar2":0.00157764006872,"max":0.499999910593,"mean":0.451488494873,"median":0.468000352383,"min":0.238582074642,"var":0.00205063843168},"dynamic_complexity":2.56568455696,"erbbands":{"dmean":[0.0410390980542,0.747388482094,3.85142683983,10.8996162415,20.0473251343,16.4719104767,17.3340034485,20.0063934326,17.0031871796,32.3283081055,9.26044082642,11.6570625305,28.0315265656,6.04736089706,7.80422067642,8.62257575989,12.954246521,19.6301422119,12.9763784409,8.59337615967,5.87816572189,7.38416147232,7.71372556686,4.53982400894,5.3090133667,2.58934402466,2.00841140747,1.5060069561,1.61082553864,1.30563378334,0.818214356899,0.621719956398,0.335609972477,0.240357324481,0.063703097403,0.0170398801565,0.00239754607901,0.000318997626891,0.0000334571886924,0.000018410208213],"dmean2":[0.0673073008657,1.27834033966,7.07495450974,19.9724445343,35.3572731018,27.3779621124,28.138092041,29.9280662537,27.2317256927,51.7974090576,15.0238819122,18.2040958405,45.0439949036,9.99526309967,13.0664339066,13.9789466858,20.3911495209,32.1843452454,21.1514701843,14.2471752167,9.78658103943,12.0723524094,12.4967164993,7.39636468887,8.64331150055,4.15127515793,3.15158629417,2.32849860191,2.44495439529,1.90895295143,1.22099089622,0.912926614285,0.490745037794,0.348765432835,0.0898091867566,0.0228711757809,0.00343567994423,0.000481968949316,0.0000516485270055,0.0000312274569296],"dvar":[0.0155165772885,5.00034046173,64.3754653931,189.098953247,1137.90734863,560.420227051,1038.14538574,1403.92077637,1055.29162598,8215.67480469,830.151794434,1243.15527344,8346.3359375,239.056060791,408.09552002,254.992248535,511.444580078,993.543701172,794.5234375,261.804473877,95.3258895874,203.315338135,176.341949463,58.518447876,136.989212036,31.1192111969,17.5843296051,10.6450748444,14.6480884552,11.475484848,7.71446800232,12.0308618546,3.47837233543,3.05853462219,0.27028337121,0.0170510988683,0.000139582451084,0.0000015038268657,1.72282650368e-8,5.43415923371e-10],"dvar2":[0.0407257378101,14.2302856445,187.316558838,542.730224609,3181.53491211,1572.30969238,2802.10742188,3145.44799805,2410.53076172,18563.4355469,1977.98083496,2838.60644531,20376.3027344,615.125610352,1104.43139648,670.589050293,1125.11315918,2306.88452148,1948.1027832,692.611633301,259.126586914,525.659057617,444.562988281,151.932601929,328.501861572,67.9248352051,40.9247665405,26.4493961334,34.1151008606,25.827331543,18.0054759979,25.681596756,7.07591056824,6.32296800613,0.462628602982,0.0280069150031,0.000230714882491,0.00000311478288495,3.84687091071e-8,1.41216194294e-9],"max":[2.31817960739,31.3345947266,101.795211792,138.731872559,297.236480713,481.335998535,1126.08056641,1092.17236328,1119.02880859,2193.78515625,736.193481445,1124.74060059,2372.51538086,531.943054199,682.302734375,365.478973389,798.137207031,947.645751953,1029.11633301,654.929870605,154.481903076,290.019866943,291.340087891,162.705062866,546.923095703,289.901489258,195.71937561,82.7704315186,125.233421326,104.350761414,87.6477355957,98.8324356079,54.9100456238,58.1205787659,35.5796356201,9.51583003998,0.586899399757,0.0391188189387,0.00432596309111,0.000295752077363],"mean":[0.0549771264195,1.00233626366,4.72843837738,12.8051042557,22.9713764191,29.1931629181,34.5308685303,42.9075393677,31.0019836426,49.6035385132,12.9784841537,19.6745529175,43.2604179382,10.1967592239,13.030128479,15.4424123764,26.5851459503,38.8274993896,27.5733623505,19.0042705536,14.0375413895,16.8519420624,17.6209430695,10.4157390594,10.8700437546,5.6648979187,3.93169021606,2.8324971199,2.75299096107,2.16667342186,1.32992434502,0.9276034832,0.510050952435,0.350851088762,0.0994561463594,0.0260556228459,0.00351539836265,0.000442196324002,0.0000557383318665,0.0000441261581727],"median":[0.00555024668574,0.18969874084,2.71511340141,8.45336914062,9.86843299866,17.0885066986,23.5314769745,19.5831260681,19.0752773285,14.2880802155,5.67408943176,5.23049592972,6.89753913879,4.43879508972,6.60068702698,9.99132633209,17.3936767578,25.4365196228,15.979142189,8.81114959717,5.55775737762,5.08021831512,6.50411844254,4.10453081131,3.73254537582,2.42359423637,1.92871773243,1.23605704308,1.0624320507,0.727986812592,0.43042165041,0.212527140975,0.100412093103,0.0623248256743,0.019901227206,0.00430868146941,0.000798052060418,0.000113377238449,0.0000273694313364,0.0000395438946725],"min":[4.31865238015e-10,3.71615271888e-9,1.34476847435e-8,1.44514951117e-8,5.2399304451e-8,1.24697308479e-7,1.00124935898e-7,6.65377655196e-8,5.51526824211e-8,9.41976168178e-8,2.2584465853e-7,2.26638832146e-7,4.83193730361e-7,2.31352146329e-7,9.93481066303e-8,4.53517436938e-8,2.08093709375e-7,2.13096612356e-7,9.30216401684e-8,1.3348754635e-7,1.87079706393e-7,1.0940085815e-7,9.50361922492e-8,1.54405810804e-7,1.78951225394e-7,6.05898549111e-8,5.91223390245e-8,1.49388501569e-8,1.28564172641e-8,2.56850327673e-8,1.39482834172e-8,1.78553793972e-8,1.75553669379e-8,7.19085191392e-9,9.80538850115e-9,9.69014646302e-9,4.58516646873e-9,9.34878396919e-9,2.23492673257e-8,6.43558806246e-9],"var":[0.0177326612175,4.37225723267,47.8877487183,177.791748047,1054.95446777,1220.52111816,1805.68041992,4309.14648438,2094.70922852,18779.1230469,1086.05236816,2843.15478516,16727.8378906,574.68560791,748.53326416,419.109008789,1171.23352051,2368.9152832,2151.16064453,911.998840332,306.605499268,609.477844238,571.535766602,179.61177063,282.002166748,81.6059494019,43.5554771423,18.6473712921,25.3592014313,18.7078533173,11.8829574585,21.7707366943,7.08911275864,6.058198452,0.609229743481,0.0408837869763,0.000326528359437,0.00000244849456976,2.29454695244e-8,7.60793983368e-10]},"erbbands_crest":{"dmean":2.51277542114,"dmean2":4.09594726562,"dvar":5.79613399506,"dvar2":14.2137794495,"max":31.9354228973,"mean":9.74097156525,"median":8.51851654053,"min":2.47826647758,"var":25.9811477661},"erbbands_flatness_db":{"dmean":0.0169535689056,"dmean2":0.0244587548077,"dvar":0.000274424091913,"dvar2":0.000562047818676,"max":0.385264694691,"mean":0.204581826925,"median":0.190600350499,"min":0.0276389122009,"var":0.00403496297076},"erbbands_kurtosis":{"dmean":1.3419200182,"dmean2":2.15233230591,"dvar":6.45148563385,"dvar2":17.3392219543,"max":93.5096664429,"mean":1.35185909271,"median":-0.258464574814,"min":-1.87366533279,"var":30.5495510101},"erbbands_skewness":{"dmean":0.404532492161,"dmean2":0.638304412365,"dvar":0.133072987199,"dvar2":0.340678095818,"max":7.11903715134,"mean":0.502940654755,"median":0.305078566074,"min":-3.03180861473,"var":1.17295432091},"erbbands_spread":{"dmean":7.41198825836,"dmean2":11.5927324295,"dvar":71.298324585,"dvar2":154.351837158,"max":157.65826416,"mean":34.4791221619,"median":31.553560257,"min":1.82486116886,"var":357.56628418},"gfcc":{"cov":[[11274.4101562,-1006.26519775,-1833.50061035,1469.27783203,-954.594665527,861.08581543,-3.35462975502,590.50378418,116.826576233,-75.0229110718,-368.267364502,19.0461578369,55.8368034363],[-1006.26519775,1474.11657715,46.907497406,-659.217651367,379.808624268,-403.464599609,34.4465332031,-293.722930908,-47.8545379639,6.81183290482,168.546157837,-97.5581741333,-10.2042789459],[-1833.50061035,46.907497406,800.15625,-278.637542725,41.363735199,-46.8774681091,-90.2985839844,-87.4813613892,-66.7707214355,60.3899612427,43.8340377808,26.6148681641,-69.4186477661],[1469.27783203,-659.217651367,-278.637542725,916.59777832,-23.5855426788,283.446228027,63.0113220215,230.758117676,178.428634644,-44.3646583557,-39.4640007019,62.7673873901,55.4791946411],[-954.594665527,379.808624268,41.363735199,-23.5855426788,440.34588623,-84.3067092896,14.2925281525,-88.9775619507,31.218832016,15.4554634094,124.955291748,15.2732954025,9.5850687027],[861.08581543,-403.464599609,-46.8774681091,283.446228027,-84.3067092896,396.542480469,28.3365650177,116.494003296,55.0399017334,2.01385235786,-23.9278278351,31.7286167145,19.5261478424],[-3.35462975502,34.4465332031,-90.2985839844,63.0113220215,14.2925281525,28.3365650177,198.114837646,92.4574584961,63.7556419373,-20.7092990875,-36.6557731628,-13.7023630142,38.6869812012],[590.50378418,-293.722930908,-87.4813613892,230.758117676,-88.9775619507,116.494003296,92.4574584961,244.598937988,82.1014251709,-27.3028812408,-75.106880188,13.6128168106,45.5253486633],[116.826576233,-47.8545379639,-66.7707214355,178.428634644,31.218832016,55.0399017334,63.7556419373,82.1014251709,130.834213257,-0.264216154814,-3.44244408607,2.35532426834,26.6403713226],[-75.0229110718,6.81183290482,60.3899612427,-44.3646583557,15.4554634094,2.01385235786,-20.7092990875,-27.3028812408,-0.264216154814,96.305305481,28.5697212219,9.48556232452,-19.0896148682],[-368.267364502,168.546157837,43.8340377808,-39.4640007019,124.955291748,-23.9278278351,-36.6557731628,-75.106880188,-3.44244408607,28.5697212219,126.239944458,16.7878170013,-14.9921922684],[19.0461578369,-97.5581741333,26.6148681641,62.7673873901,15.2732954025,31.7286167145,-13.7023630142,13.6128168106,2.35532426834,9.48556232452,16.7878170013,67.0855178833,7.19100189209],[55.8368034363,-10.2042789459,-69.4186477661,55.4791946411,9.5850687027,19.5261478424,38.6869812012,45.5253486633,26.6403713226,-19.0896148682,-14.9921922684,7.19100189209,73.9403762817]],"icov":[[0.000522994610947,-0.000993012217805,0.00103060097899,-0.000951142923441,0.00106768228579,-0.000967525702436,0.000970773980953,-0.000990361557342,0.00112333742436,-0.000869598472491,0.00110660737846,-0.000802777474746,0.00104140059557],[-0.000993012217805,0.00411686208099,-0.00169042672496,0.00308404536918,-0.00302847079001,0.00269492948428,-0.00269232434221,0.00298142759129,-0.00326562090777,0.00236075255089,-0.0037155165337,0.00330518628471,-0.00261785951443],[0.00103060097899,-0.00169042672496,0.00368641526438,-0.0011365058599,0.00175046978984,-0.00198617205024,0.00225316174328,-0.00207991502248,0.00197543622926,-0.0020311572589,0.00213747448288,-0.0023795037996,0.00313014583662],[-0.000951142923441,0.00308404536918,-0.0011365058599,0.00479621998966,-0.00275186775252,0.00126684166025,-0.00147453253157,0.00144881056622,-0.00493734609336,0.00283536082134,-0.00268602767028,0.000780567235779,-0.00172979652416],[0.00106768228579,-0.00302847079001,0.00175046978984,-0.00275186775252,0.00634899642318,-0.00166085944511,0.0013850457035,-0.00140266981907,0.00173437350895,-0.00174573494587,-0.000367082393495,-0.00278731924482,0.00135955796577],[-0.000967525702436,0.00269492948428,-0.00198617205024,0.00126684166025,-0.00166085944511,0.00570053840056,-0.00233080331236,0.00150410865899,-0.00233438168652,0.00128321524244,-0.00324746826664,0.00166301149875,-0.00235718721524],[0.000970773980953,-0.00269232434221,0.00225316174328,-0.00147453253157,0.0013850457035,-0.00233080331236,0.00973543338478,-0.00441930536181,-0.0000407918523706,-0.00145850784611,0.00410926062614,-0.000933128118049,0.000742385105696],[-0.000990361557342,0.00298142759129,-0.00207991502248,0.00144881056622,-0.00140266981907,0.00150410865899,-0.00441930536181,0.0112472809851,-0.00542181264609,0.00247881142423,0.000079398159869,0.000777003820986,-0.00417460361496],[0.00112333742436,-0.00326562090777,0.00197543622926,-0.00493734609336,0.00173437350895,-0.00233438168652,-0.0000407918523706,-0.00542181264609,0.0169920064509,-0.00440343888476,0.00158621591982,0.0000838116102386,0.00106593291275],[-0.000869598472491,0.00236075255089,-0.0020311572589,0.00283536082134,-0.00174573494587,0.00128321524244,-0.00145850784611,0.00247881142423,-0.00440343888476,0.0141191249713,-0.00434293691069,0.0000224403902394,0.000421438395279],[0.00110660737846,-0.0037155165337,0.00213747448288,-0.00268602767028,-0.000367082393495,-0.00324746826664,0.00410926062614,0.000079398159869,0.00158621591982,-0.00434293691069,0.0177893042564,-0.00591768277809,0.00386970653199],[-0.000802777474746,0.00330518628471,-0.0023795037996,0.000780567235779,-0.00278731924482,0.00166301149875,-0.000933128118049,0.000777003820986,0.0000838116102386,0.0000224403902394,-0.00591768277809,0.0216819476336,-0.00515825068578],[0.00104140059557,-0.00261785951443,0.00313014583662,-0.00172979652416,0.00135955796577,-0.00235718721524,0.000742385105696,-0.00417460361496,0.00106593291275,0.000421438395279,0.00386970653199,-0.00515825068578,0.02025250718]],"mean":[-35.7595863342,139.335327148,-119.727027893,31.619562149,-50.4361038208,-2.15338635445,-47.117767334,-15.5296173096,-25.7866153717,-4.19411277771,-8.51677417755,-11.5840559006,-13.5662231445]},"hfc":{"dmean":5.20403671265,"dmean2":8.26066303253,"dvar":39.9692573547,"dvar2":97.2962799072,"max":82.8841171265,"mean":17.2011413574,"median":15.8999090195,"min":0.00000797594839241,"var":112.476051331},"melbands":{"dmean":[0.000548636424355,0.00169838930015,0.00223248358816,0.00124992069323,0.000629239715636,0.000428749830462,0.000287733972073,0.000318771228194,0.0000579521729378,0.000101383549918,0.000139601004776,0.0000233730661421,0.0000283029330603,0.0000229049855989,0.0000236439391301,0.000035893466702,0.0000371664282284,0.0000223158913286,0.0000160844647326,0.00000889009515959,0.00000807908872957,0.00000899526185094,0.00000788746274338,0.00000845387330628,0.00000343291412719,0.00000398852398575,0.00000349346373696,0.00000160053673426,0.00000138642747061,0.00000105357150915,9.15469740903e-7,9.55439759309e-7,9.09452865017e-7,6.93567699273e-7,4.76699227647e-7,4.9873011676e-7,3.23802851199e-7,2.06111508305e-7,3.07282334688e-7,1.6812354886e-7],"dmean2":[0.00092178065097,0.0030712983571,0.00404422124848,0.00214896234684,0.00102877302561,0.000638846773654,0.000460064911749,0.000509267963935,0.0000949896784732,0.000158721624757,0.000224496194278,0.0000389689812437,0.0000472422798339,0.0000377773758373,0.0000377019714506,0.0000572665667278,0.0000609884773439,0.0000365786327166,0.0000263981964963,0.0000149693159983,0.0000135017162393,0.0000148910839926,0.0000127656176119,0.0000139439052873,0.00000562455352338,0.00000656527890897,0.00000569327221456,0.00000258200861936,0.00000222538551498,0.00000167312066424,0.0000014507263586,0.00000149060838339,0.00000138383450121,0.00000104078276308,7.22424829291e-7,7.6063315646e-7,4.79047628232e-7,3.07503881913e-7,4.57932230802e-7,2.4813186883e-7],"dvar":[0.00000278887205241,0.0000137993456519,0.00000841294331622,0.00000305413504975,0.00000125246879179,6.21738820428e-7,3.10046914365e-7,8.23372715786e-7,3.91508372388e-8,1.0105896564e-7,2.03186559133e-7,4.58575000195e-9,6.42373487736e-9,2.40840147825e-9,1.52984125368e-9,3.32049499008e-9,3.76505759903e-9,2.32059771399e-9,1.04916497712e-9,2.55570092866e-10,2.00714958543e-10,3.55321161383e-10,2.67926791864e-10,2.31809363371e-10,3.46253026251e-11,7.33321528501e-11,6.82175982369e-11,1.05676465842e-11,8.96639013037e-12,4.63108067519e-12,4.12012091111e-12,5.42726844369e-12,4.63827847658e-12,3.58938985305e-12,2.12531424751e-12,7.12847576106e-12,3.4441280123e-12,1.16548025571e-12,4.78386167485e-12,1.57008846029e-12],"dvar2":[0.00000785846077633,0.0000395594724978,0.00002338165541,0.00000851405820868,0.00000347723835148,0.00000138845189213,7.06443472609e-7,0.00000184834732408,9.42333286957e-8,2.32454752336e-7,4.95483789109e-7,1.16663620986e-8,1.71364664681e-8,6.65182220416e-9,3.83256182346e-9,7.56766027621e-9,8.75706440695e-9,5.79344172635e-9,2.69401567721e-9,6.99427460393e-10,5.44226219645e-10,9.43394473651e-10,6.52464526851e-10,6.17455864216e-10,9.0770550798e-11,1.83389609054e-10,1.54538062902e-10,2.46379774221e-11,2.16355162952e-11,1.10731189842e-11,1.0462252592e-11,1.29628772993e-11,1.06104144568e-11,8.20420641146e-12,5.19465330126e-12,1.64449218132e-11,7.24914963127e-12,2.5107645997e-12,1.04201682005e-11,3.34069230612e-12],"max":[0.0286937635392,0.0460469871759,0.0230874754488,0.0164135321975,0.037873018533,0.0210971422493,0.0170595124364,0.0210746638477,0.00518123153597,0.00913559552282,0.0114599559456,0.00232972297817,0.00283885700628,0.00154729455244,0.000661239551846,0.00181235244963,0.0021240261849,0.00217170524411,0.00117450091057,0.000300215033349,0.000272287608823,0.000434344168752,0.000398158095777,0.000441046402557,0.000124024940305,0.000354536256054,0.000394649076043,0.000150111765834,0.000132539658807,0.0000789964396972,0.000051949005865,0.0000762916533859,0.0000630700742477,0.0000691336972523,0.0000557061139261,0.0000740211035009,0.0000518930028193,0.0000343539650203,0.0000874706092873,0.0000420199503424],"mean":[0.000741820200346,0.00215391255915,0.002631544834,0.0017656799173,0.00128541258164,0.000941052683629,0.000509016390424,0.000483297306346,0.0000732841581339,0.000166089797858,0.000215449850657,0.0000356806558557,0.0000451717678516,0.0000379663033527,0.0000436736663687,0.0000698406147421,0.0000702788456692,0.0000438096431026,0.0000332609524776,0.0000181650611921,0.0000166088666447,0.0000179770504474,0.0000161718417075,0.0000163410040841,0.00000716246177035,0.00000761969340601,0.00000685989834892,0.00000306989136334,0.00000258777822637,0.00000186282386494,0.00000160549461725,0.00000156189832978,0.0000014577640286,0.00000110856501578,7.60640261888e-7,7.27211727281e-7,4.70442614642e-7,3.06340297129e-7,4.33872372696e-7,2.38617133164e-7],"median":[0.0000628929337836,0.00113842857536,0.00172570208088,0.00122928642668,0.000869417155627,0.000440190895461,0.000305244902847,0.000134397938382,0.0000323174463119,0.0000338600148098,0.0000340743463312,0.0000130042626552,0.000018975148123,0.0000232321817748,0.00002811399645,0.000044521453674,0.0000451090854767,0.0000237602962443,0.0000155881079991,0.00000659617353449,0.00000621430308456,0.0000049567138376,0.00000488731757287,0.00000614747068539,0.0000026844304557,0.00000264458799393,0.00000235194374909,0.00000130143337174,0.0000012368913076,8.49961850236e-7,6.4210456685e-7,6.06533376413e-7,4.59115398144e-7,3.5931890352e-7,2.44012738904e-7,1.85157190913e-7,9.80635732617e-8,6.12777171227e-8,6.75689975083e-8,4.30594226941e-8],"min":[4.50254764028e-12,6.49213148518e-12,3.24730433515e-12,1.70139661908e-12,4.05511518461e-12,1.50239185242e-12,8.77155715683e-13,1.13785348331e-12,1.97099086184e-12,1.34899339962e-12,2.48520756925e-12,1.0597770491e-12,3.54016756231e-13,1.28099530224e-13,2.16743669453e-13,5.01063004022e-13,4.02676996565e-13,1.58323305638e-13,1.57296091842e-13,2.03572971197e-13,2.1680832856e-13,1.37966542487e-13,5.83341087565e-14,7.83873088509e-14,1.28889357954e-13,1.84603404069e-13,8.1163266212e-14,2.80281355715e-14,4.26905791262e-14,1.48161139661e-14,6.71283986853e-15,6.30110604671e-15,8.26811052078e-15,1.74402711646e-14,6.61038784542e-15,9.95233812761e-15,1.18986622923e-14,1.28234706518e-14,1.01582653896e-14,4.59777445879e-15],"var":[0.00000267268865173,0.0000109499524115,0.00000809517587186,0.00000323957306136,0.00000228205090025,0.00000198390830519,6.09441656252e-7,0.0000018442202645,4.47771384415e-8,2.24756405487e-7,4.130481841e-7,1.05816191365e-8,1.30508990281e-8,3.73208886018e-9,2.78573275558e-9,7.50810613681e-9,8.62594706774e-9,6.32256513811e-9,3.62396423981e-9,6.76792621945e-10,5.09854103381e-10,8.36611002697e-10,7.97971688726e-10,5.33908861566e-10,9.26031612503e-11,1.40569514362e-10,1.35302630211e-10,2.56273179761e-11,2.10022693681e-11,9.0047838977e-12,6.41944700522e-12,8.81431386213e-12,7.6883222011e-12,5.4567288188e-12,2.97489225094e-12,1.08179203442e-11,6.38130347175e-12,2.15183491685e-12,8.79128454062e-12,2.95488655246e-12]},"melbands_crest":{"dmean":3.38591170311,"dmean2":5.82167243958,"dvar":7.89220237732,"dvar2":21.7571411133,"max":30.7295570374,"mean":13.9021205902,"median":13.2821855545,"min":4.86390113831,"var":16.3296699524},"melbands_flatness_db":{"dmean":0.0293297525495,"dmean2":0.0473807789385,"dvar":0.000661066325847,"dvar2":0.00167999975383,"max":0.543669700623,"mean":0.272617578506,"median":0.258424431086,"min":0.0819369852543,"var":0.00822354666889},"melbands_kurtosis":{"dmean":7.75153493881,"dmean2":13.1304759979,"dvar":121.939941406,"dvar2":324.820404053,"max":257.516784668,"mean":14.8607959747,"median":11.4664773941,"min":-1.74859952927,"var":222.556259155},"melbands_skewness":{"dmean":0.787949383259,"dmean2":1.30067074299,"dvar":0.587617754936,"dvar2":1.53654038906,"max":13.2559232712,"mean":2.88984799385,"median":2.85043787956,"min":-1.11716282368,"var":1.86186563969},"melbands_spread":{"dmean":4.87100744247,"dmean2":8.03531551361,"dvar":35.8628044128,"dvar2":95.0908203125,"max":76.7438964844,"mean":13.5385074615,"median":10.9475927353,"min":0.490299761295,"var":95.9610137939},"mfcc":{"cov":[[9382.14550781,-1551.8795166,-808.746276855,533.68359375,-239.392959595,134.541107178,-60.9651184082,678.280639648,551.532409668,374.985839844,-8.99258613586,-52.4573287964,-7.85291671753],[-1551.8795166,2305.87768555,-295.886199951,-298.104614258,-28.215675354,-179.485519409,20.9584598541,-425.710266113,-320.261627197,-204.668319702,30.4409103394,-38.3905410767,-42.1379013062],[-808.746276855,-295.886199951,669.377563477,-115.953804016,8.80913162231,49.402671814,-13.8832178116,-8.96097660065,-40.2597618103,-2.36288499832,15.6652154922,9.86952781677,0.704689145088],[533.68359375,-298.104614258,-115.953804016,426.291046143,78.4529876709,7.04275226593,-11.1543827057,117.798774719,124.081260681,36.7270927429,10.1452741623,55.0866127014,58.7925796509],[-239.392959595,-28.215675354,8.80913162231,78.4529876709,318.929473877,97.1852798462,33.5923843384,18.9404754639,-45.4944801331,-1.05247652531,8.15445804596,61.1081542969,61.3837890625],[134.541107178,-179.485519409,49.402671814,7.04275226593,97.1852798462,208.804214478,45.3763504028,43.4474830627,4.70407152176,28.6350460052,31.1494064331,28.9475059509,30.662771225],[-60.9651184082,20.9584598541,-13.8832178116,-11.1543827057,33.5923843384,45.3763504028,105.413223267,39.712638855,13.4295911789,24.8040485382,5.9983997345,7.95577383041,5.85869073868],[678.280639648,-425.710266113,-8.96097660065,117.798774719,18.9404754639,43.4474830627,39.712638855,261.307830811,163.78352356,99.9201965332,-1.74547290802,5.40503168106,21.4921112061],[551.532409668,-320.261627197,-40.2597618103,124.081260681,-45.4944801331,4.70407152176,13.4295911789,163.78352356,251.187545776,98.5839920044,9.95423984528,-5.13104438782,14.6273555756],[374.985839844,-204.668319702,-2.36288499832,36.7270927429,-1.05247652531,28.6350460052,24.8040485382,99.9201965332,98.5839920044,129.34815979,17.0190830231,0.901779413223,2.00692915916],[-8.99258613586,30.4409103394,15.6652154922,10.1452741623,8.15445804596,31.1494064331,5.9983997345,-1.74547290802,9.95423984528,17.0190830231,93.4331359863,21.4532985687,20.621547699],[-52.4573287964,-38.3905410767,9.86952781677,55.0866127014,61.1081542969,28.9475059509,7.95577383041,5.40503168106,-5.13104438782,0.901779413223,21.4532985687,86.1101379395,35.3522911072],[-7.85291671753,-42.1379013062,0.704689145088,58.7925796509,61.3837890625,30.662771225,5.85869073868,21.4921112061,14.6273555756,2.00692915916,20.621547699,35.3522911072,87.7418289185]],"icov":[[0.000179472161108,0.0000632750525256,0.000249734788667,-0.0000643025268801,0.00018103219918,-0.00018708515563,0.000295536185149,-0.000319116312312,0.0000714582929504,-0.000218921879423,-0.0000110941600724,0.0000641164297122,0.0000545640614291],[0.0000632750525256,0.000864305824507,0.000493392231874,0.000314598379191,-0.000115491158795,0.000623175874352,-0.000673977308907,0.000837749277707,0.000244336930336,0.000347289256752,-0.000660471967421,0.000260482687736,-0.0000896026031114],[0.000249734788667,0.000493392231874,0.00219172867946,0.000641779333819,0.000169164937688,-0.000315504265018,0.000622886349447,-0.000301415188005,0.000381774530979,-0.0001245134481,-0.000497979926877,-0.000179541078978,-0.0000356027012458],[-0.0000643025268801,0.000314598379191,0.000641779333819,0.00385154481046,-0.000944586703554,0.000747256737668,0.000743720040191,-0.000497714441735,-0.00145173724741,0.000837610976305,-0.000248503609328,-0.00167190877255,-0.00101376406383],[0.00018103219918,-0.000115491158795,0.000169164937688,-0.000944586703554,0.00506608886644,-0.00193023332395,-0.000294692843454,-0.000902549014427,0.00182045262773,-0.000699199328665,0.00105452234857,-0.00156933127437,-0.00193962536287],[-0.00018708515563,0.000623175874352,-0.000315504265018,0.000747256737668,-0.00193023332395,0.0073967971839,-0.00272963638417,0.000313768337946,0.000387913401937,-0.0000591330608586,-0.00215852051042,-0.000276753649814,-0.000789280806202],[0.000295536185149,-0.000673977308907,0.000622886349447,0.000743720040191,-0.000294692843454,-0.00272963638417,0.0127956429496,-0.00310958735645,0.000205971635296,-0.001798095298,0.0005061661941,-0.000822399568278,0.000485991098685],[-0.000319116312312,0.000837749277707,-0.000301415188005,-0.000497714441735,-0.000902549014427,0.000313768337946,-0.00310958735645,0.00983090884984,-0.00362301408313,-0.00204359134659,0.000946807325818,0.000633743882645,-0.00079609855311],[0.0000714582929504,0.000244336930336,0.000381774530979,-0.00145173724741,0.00182045262773,0.000387913401937,0.000205971635296,-0.00362301408313,0.00909332185984,-0.00354684866033,-0.000656924268696,0.00103375490289,-0.00113895186223],[-0.000218921879423,0.000347289256752,-0.0001245134481,0.000837610976305,-0.000699199328665,-0.0000591330608586,-0.001798095298,-0.00204359134659,-0.00354684866033,0.0136116910726,-0.0024843858555,-0.0000883608372533,0.00161684025079],[-0.0000110941600724,-0.000660471967421,-0.000497979926877,-0.000248503609328,0.00105452234857,-0.00215852051042,0.0005061661941,0.000946807325818,-0.000656924268696,-0.0024843858555,0.0132654020563,-0.00258516636677,-0.00230656424537],[0.0000641164297122,0.000260482687736,-0.000179541078978,-0.00167190877255,-0.00156933127437,-0.000276753649814,-0.000822399568278,0.000633743882645,0.00103375490289,-0.0000883608372533,-0.00258516636677,0.0163732226938,-0.00381286023185],[0.0000545640614291,-0.0000896026031114,-0.0000356027012458,-0.00101376406383,-0.00193962536287,-0.000789280806202,0.000485991098685,-0.00079609855311,-0.00113895186223,0.00161684025079,-0.00230656424537,-0.00381286023185,0.0160650704056]],"mean":[-672.479125977,160.028259277,-5.37595796585,29.9580764771,9.12647724152,9.40536880493,-7.13698720932,-12.3192653656,-18.3015975952,-6.48515510559,0.117180272937,-6.1546049118,-7.05836868286]},"pitch_salience":{"dmean":0.0744968727231,"dmean2":0.126220494509,"dvar":0.00426246365532,"dvar2":0.0118546457961,"max":0.882308781147,"mean":0.582807183266,"median":0.590795874596,"min":0.141645461321,"var":0.00933735817671},"silence_rate_20dB":{"dmean":0,"dmean2":0,"dvar":0,"dvar2":0,"max":1,"mean":1,"median":1,"min":1,"var":0},"silence_rate_30dB":{"dmean":0.00370514811948,"dmean2":0.00741101894528,"dvar":0.00369144487195,"dvar2":0.0106711834669,"max":1,"mean":0.997952640057,"median":1,"min":0,"var":0.00204311544076},"silence_rate_60dB":{"dmean":0.00643525738269,"dmean2":0.0128717701882,"dvar":0.00639427406713,"dvar2":0.0148516986519,"max":1,"mean":0.0380228124559,"median":0,"min":0,"var":0.0365754514933},"spectral_centroid":{"dmean":207.032012939,"dmean2":339.252319336,"dvar":71789.875,"dvar2":176373.421875,"max":11496.6181641,"mean":859.132019043,"median":681.494995117,"min":135.143310547,"var":266482.4375},"spectral_complexity":{"dmean":2.93077230453,"dmean2":4.62603616714,"dvar":8.99049854279,"dvar2":21.0065231323,"max":54,"mean":19.1570625305,"median":16,"min":0,"var":106.925598145},"spectral_contrast_coeffs":{"dmean":[0.0590494610369,0.0475550107658,0.037693310529,0.0269456468523,0.0206803251058,0.017095208168],"dmean2":[0.0998216345906,0.0782594829798,0.062488719821,0.0442397706211,0.0334873460233,0.0271677263081],"dvar":[0.00251210527495,0.00147925352212,0.00096582446713,0.00047760430607,0.000303625216475,0.000313708209433],"dvar2":[0.00681891757995,0.00405606627464,0.00251263170503,0.00123966182582,0.000749722414184,0.000697576091625],"max":[-0.246606975794,-0.352888822556,-0.441103577614,-0.5726608634,-0.601138412952,-0.578650057316],"mean":[-0.525715768337,-0.677935898304,-0.767453432083,-0.772044062614,-0.794490814209,-0.75312936306],"median":[-0.516574501991,-0.68016320467,-0.784390807152,-0.78128528595,-0.796119689941,-0.742108106613],"min":[-0.958667933941,-0.963494002819,-0.95456379652,-0.960504949093,-0.957728087902,-0.96174031496],"var":[0.0112638184801,0.00900288671255,0.00733906636015,0.00340965320356,0.00164082786068,0.00227011367679]},"spectral_contrast_valleys":{"dmean":[0.449317097664,0.357699722052,0.318853497505,0.254979610443,0.238527745008,0.295832663774],"dmean2":[0.737534046173,0.584832549095,0.523797035217,0.409252017736,0.353543013334,0.397634118795],"dvar":[0.164382696152,0.117860041559,0.101526603103,0.0778566226363,0.082143008709,0.128116518259],"dvar2":[0.388666540384,0.275637805462,0.235348328948,0.158727169037,0.151456356049,0.228659138083],"max":[-5.17534732819,-4.93808937073,-5.59851026535,-5.80991840363,-5.92332363129,-7.89092159271],"mean":[-7.47800827026,-6.71688079834,-7.65207242966,-7.67547941208,-7.98926401138,-11.1144838333],"median":[-7.38845300674,-6.56711435318,-7.41654825211,-7.5648856163,-7.81368112564,-10.7012805939],"min":[-27.1823406219,-27.0435295105,-27.5892562866,-27.3774299622,-27.3305435181,-27.2655296326],"var":[1.36852943897,0.993067443371,1.36965489388,1.57462060452,1.98505532742,2.01858639717]},"spectral_decrease":{"dmean":4.08340294911e-9,"dmean2":7.05202563012e-9,"dvar":2.73978481248e-17,"dvar2":7.33845390351e-17,"max":2.35063691907e-15,"mean":-9.28561938451e-9,"median":-8.34725799592e-9,"min":-5.25808019347e-8,"var":3.40640387788e-17},"spectral_energy":{"dmean":0.0157870613039,"dmean2":0.0272284317762,"dvar":0.000406336446758,"dvar2":0.00108615576755,"max":0.20182171464,"mean":0.0366063341498,"median":0.0330709442496,"min":5.47675127471e-10,"var":0.000514572311658},"spectral_energyband_high":{"dmean":0.000162531199749,"dmean2":0.000233898201259,"dvar":1.63083342386e-7,"dvar2":3.37292135555e-7,"max":0.00969053432345,"mean":0.000322234205669,"median":0.00014263081539,"min":2.15310810847e-10,"var":3.73675590026e-7},"spectral_energyband_low":{"dmean":0.00789886619896,"dmean2":0.014215647243,"dvar":0.000210442987736,"dvar2":0.00060149631463,"max":0.178096801043,"mean":0.0108772329986,"median":0.00736153824255,"min":3.34673504188e-11,"var":0.000182377378223},"spectral_energyband_middle_high":{"dmean":0.00117507902905,"dmean2":0.00186167331412,"dvar":0.00000305492949337,"dvar2":0.00000752729738451,"max":0.035923987627,"mean":0.00387709331699,"median":0.00330719468184,"min":3.84133974629e-11,"var":0.0000122789388115},"spectral_energyband_middle_low":{"dmean":0.0116604436189,"dmean2":0.0196583680809,"dvar":0.000201926814043,"dvar2":0.000537732907105,"max":0.179325774312,"mean":0.0241691730917,"median":0.0203340165317,"min":7.35923752493e-11,"var":0.000310223491397},"spectral_entropy":{"dmean":0.175549075007,"dmean2":0.269895285368,"dvar":0.0295026637614,"dvar2":0.0633239224553,"max":9.81392288208,"mean":7.03398370743,"median":7.14329195023,"min":4.76353025436,"var":0.557382404804},"spectral_flux":{"dmean":0.0318550951779,"dmean2":0.0516540445387,"dvar":0.00140785914846,"dvar2":0.00275603518821,"max":0.4065926373,"mean":0.0985468178988,"median":0.0901890024543,"min":0.0000712037581252,"var":0.00281106727198},"spectral_kurtosis":{"dmean":4.70606136322,"dmean2":7.93885231018,"dvar":50.9503936768,"dvar2":140.200866699,"max":125.749465942,"mean":12.1552972794,"median":5.832280159,"min":-1.24047589302,"var":251.4556427},"spectral_rms":{"dmean":0.0012018220732,"dmean2":0.002028523013,"dvar":0.00000168338749518,"dvar2":0.00000434331968791,"max":0.0140320789069,"mean":0.0056564155966,"median":0.00568017037585,"min":7.30970043605e-7,"var":0.0000037184734083},"spectral_rolloff":{"dmean":365.252105713,"dmean2":641.113220215,"dvar":501380,"dvar2":1265131.875,"max":21468.6035156,"mean":980.887207031,"median":516.796875,"min":86.1328125,"var":2987366},"spectral_skewness":{"dmean":0.396906733513,"dmean2":0.649588227272,"dvar":0.225934058428,"dvar2":0.607471942902,"max":9.16679763794,"mean":2.2073097229,"median":1.76717972755,"min":-0.0623822361231,"var":1.80411553383},"spectral_spread":{"dmean":436387.65625,"dmean2":618426,"dvar":434782535680,"dvar2":624063545344,"max":40539892,"mean":3306197.25,"median":3263068,"min":712906.625,"var":2528183582720},"spectral_strongpeak":{"dmean":0.444202810526,"dmean2":0.748032689095,"dvar":0.391244053841,"dvar2":0.972575485706,"max":8.25479221344,"mean":0.871665656567,"median":0.56456297636,"min":0,"var":0.873953342438},"zerocrossingrate":{"dmean":0.00624581985176,"dmean2":0.00791839323938,"dvar":0.0000786573582445,"dvar2":0.0000925377898966,"max":0.69921875,"mean":0.0401407927275,"median":0.0341796875,"min":0.0048828125,"var":0.00172652432229}},"metadata":{"audio_properties":{"analysis_sample_rate":44100,"bit_rate":0,"codec":"flac","downmix":"mix","equal_loudness":0,"length":238.133331299,"lossless":true,"md5_encoded":"48cdb66d33ac8bdca5e1d311ac24b8f7","replay_gain":-10.0126533508},"tags":{"acoustid_id":["9eaee659-104b-4041-a400-acf688072265"],"album":["Experimental Jet Set, Trash and No Star"],"albumartist":["Sonic Youth"],"albumartistsort":["Sonic Youth"],"artist":["Sonic Youth"],"artists":["Sonic Youth"],"artistsort":["Sonic Youth"],"asin":["B000003TB0"],"barcode":["720642463222"],"catalognumber":["GED 24632"],"composer":["Sonic Youth"],"composersort":["Sonic Youth"],"date":["1994"],"engineer":["Butch Vig","John Siket"],"file_name":"07 - Bone.flac","label":["Geffen Records"],"media":["CD"],"mixer":["Butch Vig"],"musicbrainz_albumartistid":["5cbef01b-cc35-4f52-af7b-d0df0c4f61b9"],"musicbrainz_albumid":["f9ddef18-413c-3d92-8035-6ff686f79146"],"musicbrainz_artistid":["5cbef01b-cc35-4f52-af7b-d0df0c4f61b9"],"musicbrainz_recordingid":["363e52bc-8c1c-40a8-b0a7-4ea4380ff759"],"musicbrainz_releasegroupid":["98800fc1-53a8-3084-aeb9-91b7674cf5d0"],"musicbrainz_releasetrackid":["fa674397-e2b5-396f-8a63-fdfe482a3ee6"],"originaldate":["1994"],"producer":["Sonic Youth"],"releasecountry":["XE"],"releasestatus":["official"],"releasetype":["album"],"script":["Latn"],"title":["Bone"],"totaltracks":["14"],"tracknumber":["7"],"tracktotal":["14"]},"version":{"essentia":"2.1-beta1","essentia_build_sha":"85931cb11b241c07ac43bfc3827c398894034a25","essentia_git_sha":"v2.1_beta1-6-g5578087","extractor":"music 1.0"}},"rhythm":{"beats_count":331,"beats_loudness":{"dmean":0.0141429463401,"dmean2":0.0240834634751,"dvar":0.000163153381436,"dvar2":0.000445879792096,"max":0.0973048359156,"mean":0.0377226211131,"median":0.0363903939724,"min":2.45065496784e-8,"var":0.00027501329896},"beats_loudness_band_ratio":{"dmean":[0.215009123087,0.18673273921,0.126988455653,0.0447762385011,0.0229