{"lowlevel":{"average_loudness":0.684514582157,"barkbands":{"dmean":[0.00520553393289,0.0107118235901,0.00428349571303,0.00116889015771,0.00183446286246,0.00122435344383,0.00106206047349,0.000501178379636,0.00101262028329,0.000531514291652,0.000309650000418,0.000311997049721,0.00022905106016,0.000129113599542,0.0000924233463593,0.0000881583837327,0.0000884478940861,0.0000853841629578,0.0000683730831952,0.000124357524328,0.00015779962996,0.000110893844976,0.0000722436889191,0.0000479721202282,0.00000716184149496,0.0000341844533978,0.000124303493067],"dmean2":[0.00860445201397,0.0176589321345,0.00741038750857,0.00202390295453,0.00311451847665,0.00194033060689,0.00170208979398,0.000833121768665,0.00162409676705,0.000864692439791,0.000512285740115,0.000480400776723,0.000374729308533,0.000210929938476,0.000148300023284,0.000140702992212,0.000135846523335,0.000129693929921,0.0000999231415335,0.000180543924216,0.000214399056858,0.000148418606841,0.0000980925469776,0.0000679473014316,0.0000107851547,0.0000485613127239,0.000176982590347],"dvar":[0.000119835007354,0.000825448252726,0.000064895968535,0.00000557058092454,0.00000904382886802,0.00000471717885375,0.00000409028780268,0.0000011134475244,0.00000349986112269,0.00000133417063353,5.5301603652e-7,6.60370972128e-7,2.79993230379e-7,6.60858603396e-8,3.59382852366e-8,5.10032514001e-8,4.2564909819e-8,4.48570993683e-8,2.98895699302e-8,2.20009724217e-7,1.62337855159e-7,5.03873813784e-8,2.12007833511e-8,2.11753174995e-8,2.07257033757e-9,5.45533929142e-9,4.07447018347e-8],"dvar2":[0.000327961577568,0.00215190509334,0.000190458857105,0.0000154516110342,0.0000244130187639,0.0000113934147521,0.0000100048810054,0.00000297831184071,0.00000923915831663,0.00000343921396961,0.0000014282485381,0.00000147825369368,7.340169077e-7,1.7258656726e-7,9.23621925608e-8,1.27072382838e-7,9.41555171607e-8,9.90494655184e-8,6.50311804407e-8,5.1395659284e-7,2.97552219308e-7,9.24236616129e-8,3.89559211555e-8,3.58642502363e-8,3.33594574187e-9,9.86143611215e-9,8.25253181347e-8],"max":[0.178272455931,0.506076455116,0.139504000545,0.0570936799049,0.0515836626291,0.0435507558286,0.0445423573256,0.0220898408443,0.0363657251,0.0232695695013,0.0211210250854,0.023245677352,0.0126619152725,0.00991888251156,0.00359316612594,0.011612762697,0.00601782090962,0.00675104791299,0.00593518838286,0.0208963733166,0.0116262901574,0.00402789982036,0.00257138209417,0.00384548306465,0.002029547235,0.00215513329022,0.00388686009683],"mean":[0.0100321806967,0.0162243768573,0.00619340641424,0.00155794539023,0.00291130645201,0.00229084747843,0.00194089300931,0.00078548368765,0.00195517460816,0.00090330967214,0.000473161024274,0.000558104307856,0.000380714598577,0.000224476170843,0.000162440788699,0.000156289737788,0.000155580986757,0.000143718163599,0.000115233393444,0.000215989450226,0.000266263610683,0.000172520623892,0.000109381762741,0.000079386321886,0.00000894688855624,0.0000584171320952,0.000297026708722],"median":[0.00092673121253,0.00372701440938,0.00221422128379,0.000578560167924,0.0016654614592,0.0010573505424,0.000761564995628,0.000366534193745,0.000926382141188,0.000353902141796,0.000184181408258,0.000112557027023,0.000112280184112,0.000104553335404,0.0000664566105115,0.0000491196624353,0.0000379142584279,0.0000352704591933,0.0000197962217499,0.000028043610655,0.0000301949730783,0.0000239887795033,0.000013425281395,0.0000117114987006,0.00000155096108756,0.00000951936999627,0.000124179219711],"min":[1.71529461636e-24,5.11656958063e-24,4.64096415758e-24,3.6397525463e-24,1.42482920741e-23,2.33160225654e-23,2.69893612592e-23,9.89287110955e-24,2.61942636197e-23,1.90883323809e-23,4.06276682161e-23,2.44587980272e-23,6.72494770914e-23,4.65091879335e-23,5.31215841241e-23,9.79504415315e-23,4.23673494813e-23,1.33933221007e-22,1.68783227777e-22,2.017755744e-22,2.97736451931e-22,3.25664652331e-22,4.12813688493e-22,6.69876446907e-22,9.14942738789e-22,1.40549022552e-21,2.29972305577e-21],"var":[0.0002769928833,0.000908697140403,0.000112514571811,0.00000765998447605,0.0000145840649566,0.0000117961099022,0.0000100653069239,0.00000164423215665,0.00000842334065965,0.00000296756047646,0.00000104278183244,0.00000201487000595,5.63232276818e-7,1.34591502388e-7,6.95431054965e-8,1.16098966885e-7,1.04092293896e-7,9.06365045239e-8,7.5827053081e-8,6.05868081038e-7,4.83582539346e-7,1.24165481452e-7,5.04986665817e-8,5.49441629971e-8,3.86318976808e-9,1.68542921841e-8,1.74056580704e-7]},"barkbands_crest":{"dmean":2.67190051079,"dmean2":4.3794503212,"dvar":5.44393110275,"dvar2":14.1483678818,"max":24.5922470093,"mean":11.1209316254,"median":10.6205368042,"min":2.51139950752,"var":16.4998512268},"barkbands_flatness_db":{"dmean":0.0298653077334,"dmean2":0.0443686470389,"dvar":0.000650656525977,"dvar2":0.00148235238157,"max":0.382187217474,"mean":0.162612885237,"median":0.159016028047,"min":0.0225026234984,"var":0.00388325075619},"barkbands_kurtosis":{"dmean":5.88339996338,"dmean2":9.35792160034,"dvar":62.2045326233,"dvar2":157.250183105,"max":129.328018188,"mean":11.9467773438,"median":8.07118415833,"min":-1.77761948109,"var":151.830184937},"barkbands_skewness":{"dmean":0.686292469501,"dmean2":1.07517576218,"dvar":0.433610320091,"dvar2":1.04529392719,"max":9.67344856262,"mean":2.54964900017,"median":2.33197426796,"min":-2.14586520195,"var":1.73653197289},"barkbands_spread":{"dmean":5.77380084991,"dmean2":8.63185787201,"dvar":57.619178772,"dvar2":119.510505676,"max":102.329559326,"mean":17.3142662048,"median":13.2893247604,"min":1.30726695061,"var":185.021789551},"dissonance":{"dmean":0.0281284414232,"dmean2":0.0472819730639,"dvar":0.00071822834434,"dvar2":0.00191912788432,"max":0.5,"mean":0.450878143311,"median":0.460651248693,"min":0.197490110993,"var":0.00143575284164},"dynamic_complexity":4.06184864044,"erbbands":{"dmean":[0.537395298481,1.71370995045,4.48223972321,4.27928829193,2.9683098793,9.1521692276,8.79709529877,11.2214326859,14.0777826309,12.527671814,13.21616745,24.7883262634,18.0113067627,13.8062381744,11.3323984146,9.34467124939,10.0353107452,6.52290773392,4.99081134796,4.76686286926,4.81744432449,4.83991193771,4.70247411728,3.49010229111,3.84487628937,5.99319839478,6.442715168,6.11410093307,4.0023393631,3.09752583504,1.90482485294,0.979526758194,0.803965330124,0.138619199395,0.0245923213661,0.098207719624,0.0701815932989,0.0436530485749,0.0165634136647,0.00332748820074],"dmean2":[0.897615075111,2.86723828316,7.87195444107,7.24236822128,5.17199850082,15.6562356949,14.5373020172,17.6632022858,22.7455463409,19.9826164246,21.7096805573,39.7742805481,29.2288093567,22.1077785492,18.2636260986,14.5597734451,16.3953342438,10.623216629,7.978556633,7.59915161133,7.54593372345,7.41033029556,7.1498041153,5.13707876205,5.53769922256,8.71855640411,8.98544216156,8.34293746948,5.36196947098,4.24416208267,2.60096406937,1.36885559559,1.14721131325,0.199398353696,0.0388996377587,0.14186245203,0.100260481238,0.0608153901994,0.0234103165567,0.00490482896566],"dvar":[2.0521812439,22.4520339966,77.7895736694,55.775138855,39.5739097595,223.424362183,266.74899292,454.682678223,658.307189941,705.980651855,782.284301758,2251.98999023,1392.20080566,1112.30102539,703.807800293,492.957824707,555.947631836,154.457962036,105.267288208,99.0027084351,158.168289185,130.750808716,121.090553284,77.0095596313,108.086120605,537.234375,369.413543701,219.858078003,65.1830062866,44.5045700073,14.9187173843,3.69389843941,10.857008934,0.521828532219,0.00321240862831,0.172916486859,0.0194306895137,0.00598110212013,0.00116766558494,0.0000211688711715],"dvar2":[5.5240855217,59.3224258423,231.014526367,154.503845215,112.702140808,630.284362793,664.522949219,1110.86035156,1628.8951416,1731.81506348,2032.53381348,6053.78125,3551.20874023,2652.57666016,1800.38842773,1158.75439453,1453.17492676,407.307373047,262.706665039,250.869415283,375.251220703,287.887176514,262.922119141,169.093292236,233.330764771,1237.13464355,713.816162109,426.055633545,119.652381897,85.0925674438,27.6999855042,7.01371335983,17.4633789062,0.822104334831,0.00654445914552,0.300980955362,0.0367175117135,0.0118144415319,0.00228530983441,0.00004533579704],"max":[29.9561882019,68.0905151367,141.384811401,135.367752075,128.487625122,239.755737305,311.204071045,537.204284668,633.017822266,633.241149902,569.981628418,1002.12475586,797.088623047,1159.19641113,976.020141602,590.303100586,540.223022461,402.845397949,264.524047852,215.803237915,659.915588379,309.599304199,305.367279053,227.540802002,350.945220947,1063.66430664,604.016418457,332.39352417,141.108291626,123.956848145,65.784614563,45.7896232605,110.683410645,24.1851882935,1.82863998413,14.4781360626,4.71588563919,1.36383807659,0.912982344627,0.120167300105],"mean":[0.858328640461,2.29350876808,6.20216941833,6.84784793854,4.5044298172,13.6546382904,14.8796281815,20.4923152924,25.0456123352,23.0063991547,24.210515976,46.4644813538,34.4586982727,23.7795906067,20.6274547577,17.7661762238,17.3509368896,12.8022613525,9.52470970154,8.97947311401,8.90361309052,8.75848865509,8.15922641754,6.10352897644,6.58520841599,10.3004808426,10.9863166809,9.99711322784,6.3921880722,4.64805412292,2.8606607914,1.57645320892,1.31769394875,0.21865798533,0.0342951305211,0.17110106349,0.112181782722,0.0670661702752,0.0292107071728,0.0130950342864],"median":[0.139847666025,0.73853290081,2.43917012215,3.35428714752,2.59937953949,7.12145662308,7.49185037613,9.40841293335,11.4798927307,7.78343629837,11.0829982758,22.5608291626,15.2516670227,10.6981458664,6.47666597366,4.61305475235,5.26928949356,5.23446464539,5.02019834518,3.51662230492,2.67696881294,2.27057886124,2.04751324654,1.33595108986,1.05421030521,1.32462954521,1.28227782249,1.11589109898,0.872872650623,0.596396923065,0.386880427599,0.363685429096,0.0863107591867,0.026324396953,0.0104181198403,0.0165739767253,0.0207758359611,0.0151251005009,0.00757406419143,0.00987353269011],"min":[1.79315568469e-22,7.39304032066e-22,6.94789063044e-21,1.62322336804e-20,4.59312326894e-20,2.80081513641e-20,1.0012655546e-19,1.44235367089e-19,2.52903803144e-19,4.52001110105e-19,2.06497717085e-19,4.92422376412e-19,4.93011018815e-19,1.22892465848e-18,2.32140814967e-18,1.27686494486e-18,2.70965984583e-18,4.85766695087e-18,3.60402965121e-18,5.29403698404e-18,5.52067661366e-18,3.28666733354e-18,6.58566379411e-18,7.60458735419e-18,8.65542106077e-18,9.30742053602e-18,1.45387646742e-17,1.15673623419e-17,1.22556312055e-17,1.13958274168e-17,1.19219498551e-17,1.36403406499e-17,9.60485235041e-18,8.88186258064e-18,6.40220878273e-18,4.22600288381e-18,2.47333723996e-18,1.13476358743e-18,3.07649226872e-19,2.96836606248e-20],"var":[2.41852068901,21.3582324982,108.176010132,97.4619522095,43.1724319458,355.943786621,527.65814209,1038.46520996,1435.21020508,1693.90307617,1504.68945312,5019.78759766,3606.01074219,2404.39013672,1534.22033691,1468.75830078,1135.78820801,380.888702393,220.258331299,221.674041748,397.658294678,317.038360596,262.871154785,170.786132812,285.937469482,1372.60668945,1160.91394043,584.393066406,171.108734131,96.5143432617,34.0453643799,8.60604190826,28.5952796936,1.28453540802,0.0067627010867,0.445065826178,0.0517843589187,0.015055892989,0.00359134026803,0.000132913308335]},"erbbands_crest":{"dmean":2.36197733879,"dmean2":3.80329060555,"dvar":4.52072763443,"dvar2":10.8527097702,"max":27.7624187469,"mean":8.50900650024,"median":7.74659776688,"min":2.25749588013,"var":13.9757919312},"erbbands_flatness_db":{"dmean":0.0235848277807,"dmean2":0.0340886935592,"dvar":0.000460154697066,"dvar2":0.000957802229095,"max":0.345085501671,"mean":0.137561351061,"median":0.130869239569,"min":0.0291745904833,"var":0.00243833870627},"erbbands_kurtosis":{"dmean":1.21244740486,"dmean2":1.86551809311,"dvar":1.89979434013,"dvar2":4.18333911896,"max":24.8079872131,"mean":1.37324547768,"median":0.852041721344,"min":-1.71344208717,"var":5.23526287079},"erbbands_skewness":{"dmean":0.378470689058,"dmean2":0.572907924652,"dvar":0.110294535756,"dvar2":0.237706571817,"max":3.15531563759,"mean":0.596617698669,"median":0.647666275501,"min":-3.84391307831,"var":0.5141466856},"erbbands_spread":{"dmean":8.49413299561,"dmean2":12.2581768036,"dvar":83.7230072021,"dvar2":158.83795166,"max":140.174453735,"mean":32.6411361694,"median":26.8052845001,"min":3.43921542168,"var":358.867767334},"gfcc":{"cov":[[13398.3251953,-1852.97253418,-1422.66589355,1354.28271484,-259.208770752,-11.2619848251,333.790161133,-34.7624168396,0.645706892014,46.4429588318,98.1591949463,518.292785645,-416.959503174],[-1852.97253418,1332.17150879,304.016113281,-625.162414551,218.57774353,-28.1203937531,-56.7850646973,-65.3022842407,0.510901451111,-49.439250946,1.13866221905,-218.399658203,186.898391724],[-1422.66589355,304.016113281,594.137023926,-99.6369247437,-15.2303209305,118.98903656,-67.3828201294,75.1689682007,-6.82475185394,11.299861908,-37.7247924805,-103.525505066,78.0583343506],[1354.28271484,-625.162414551,-99.6369247437,564.162597656,-66.0227737427,20.7081184387,112.52381897,25.5851669312,26.7418212891,19.2641372681,2.9003007412,129.426071167,-105.391090393],[-259.208770752,218.57774353,-15.2303209305,-66.0227737427,202.699432373,23.522939682,4.76810121536,1.09843122959,10.9184074402,11.4514284134,22.8849220276,-23.3174324036,25.9595146179],[-11.2619848251,-28.1203937531,118.98903656,20.7081184387,23.522939682,178.167495728,-26.3982009888,64.4412765503,-8.4909362793,41.6192245483,23.8697357178,14.6333255768,14.3162708282],[333.790161133,-56.7850646973,-67.3828201294,112.52381897,4.76810121536,-26.3982009888,143.575424194,-19.9864578247,44.5148468018,-8.2802400589,5.37121725082,35.298828125,-27.3399276733],[-34.7624168396,-65.3022842407,75.1689682007,25.5851669312,1.09843122959,64.4412765503,-19.9864578247,153.624847412,28.7943725586,36.4443664551,19.9902858734,6.09846782684,13.7625808716],[0.645706892014,0.510901451111,-6.82475185394,26.7418212891,10.9184074402,-8.4909362793,44.5148468018,28.7943725586,95.7036743164,22.003036499,12.1457538605,16.3457794189,-9.4597826004],[46.4429588318,-49.439250946,11.299861908,19.2641372681,11.4514284134,41.6192245483,-8.2802400589,36.4443664551,22.003036499,86.9656219482,39.2287712097,27.8833198547,11.2922353745],[98.1591949463,1.13866221905,-37.7247924805,2.9003007412,22.8849220276,23.8697357178,5.37121725082,19.9902858734,12.1457538605,39.2287712097,75.1716537476,46.8216133118,8.02358150482],[518.292785645,-218.399658203,-103.525505066,129.426071167,-23.3174324036,14.6333255768,35.298828125,6.09846782684,16.3457794189,27.8833198547,46.8216133118,111.486312866,-20.6629676819],[-416.959503174,186.898391724,78.0583343506,-105.391090393,25.9595146179,14.3162708282,-27.3399276733,13.7625808716,-9.4597826004,11.2922353745,8.02358150482,-20.6629676819,84.9397583008]],"icov":[[0.000145833750139,-0.000166223515407,0.000392523041228,-0.000339847174473,0.000233524027863,-0.000216963991988,0.00000837052721181,-0.000125693200971,0.000173356762389,-0.000118675547128,0.00017260464665,-0.000182726609637,0.000261823442997],[-0.000166223515407,0.00383520009927,-0.00160351675004,0.00266291550361,-0.00234045041725,0.000632138864603,-0.00142500223592,0.00192582746968,-0.00157203234266,0.00219516921788,-0.00360615178943,0.00397054478526,-0.00379945128225],[0.000392523041228,-0.00160351675004,0.00447661243379,-0.00218758010305,0.00232454575598,-0.00284868222661,0.000825860945042,-0.00115683488548,-0.000020406449039,-0.000824843824375,0.00172790663783,0.00173048186116,-0.000784965930507],[-0.000339847174473,0.00266291550361,-0.00218758010305,0.00612568994984,-0.00193832896184,0.00080867682118,-0.0030811955221,0.000202267459827,0.0000692580142641,0.00039384647971,0.000534737308044,-0.00205609528348,0.000919529004022],[0.000233524027863,-0.00234045041725,0.00232454575598,-0.00193832896184,0.00783954001963,-0.00228175334632,0.000123265257571,-0.000534960709047,-0.00010452225979,-0.00111678242683,-0.000884238863364,0.00141411914956,0.000434291781858],[-0.000216963991988,0.000632138864603,-0.00284868222661,0.00080867682118,-0.00228175334632,0.00951867643744,0.000180314091267,-0.00226145959459,0.00235000741668,-0.00221854727715,-0.000784310745075,-0.00231845071539,0.000749521364924],[0.00000837052721181,-0.00142500223592,0.000825860945042,-0.0030811955221,0.000123265257571,0.000180314091267,0.0116760628298,0.00142090558074,-0.00497701345012,0.00186950096395,0.000189430924365,-0.00193505058996,0.000763068383094],[-0.000125693200971,0.00192582746968,-0.00115683488548,0.000202267459827,-0.000534960709047,-0.00226145959459,0.00142090558074,0.0104274740443,-0.0046700425446,0.000350164133124,-0.00385276321322,0.0037769137416,-0.00351190404035],[0.000173356762389,-0.00157203234266,-0.000020406449039,0.0000692580142641,-0.00010452225979,0.00235000741668,-0.00497701345012,-0.0046700425446,0.0163672473282,-0.00535547686741,0.00272935442626,-0.0038478388451,0.00454621901736],[-0.000118675547128,0.00219516921788,-0.000824843824375,0.00039384647971,-0.00111678242683,-0.00221854727715,0.00186950096395,0.000350164133124,-0.00535547686741,0.0197504088283,-0.00977712124586,0.00215987302363,-0.00467894319445],[0.00017260464665,-0.00360615178943,0.00172790663783,0.000534737308044,-0.000884238863364,-0.000784310745075,0.000189430924365,-0.00385276321322,0.00272935442626,-0.00977712124586,0.0302530359477,-0.0168069619685,0.003602826735],[-0.000182726609637,0.00397054478526,0.00173048186116,-0.00205609528348,0.00141411914956,-0.00231845071539,-0.00193505058996,0.0037769137416,-0.0038478388451,0.00215987302363,-0.0168069619685,0.0283291935921,-0.00728781754151],[0.000261823442997,-0.00379945128225,-0.000784965930507,0.000919529004022,0.000434291781858,0.000749521364924,0.000763068383094,-0.00351190404035,0.00454621901736,-0.00467894319445,0.003602826735,-0.00728781754151,0.0228515081108]],"mean":[-17.2168331146,97.648223877,-65.4412078857,-2.43867111206,-33.9138565063,-8.04663848877,-2.23257446289,-12.2024002075,2.22894406319,-6.68908929825,-8.42602443695,-3.6002175808,-4.30509519577]},"hfc":{"dmean":58.2545776367,"dmean2":92.977394104,"dvar":8962.47558594,"dvar2":23184.4921875,"max":2910.91479492,"mean":218.618164062,"median":148.332641602,"min":1.09081260289e-16,"var":53459.859375},"melbands":{"dmean":[0.00381210190244,0.0021177304443,0.000687084626406,0.000388666492654,0.000328573136358,0.000246746698394,0.000214320796658,0.00012501666788,0.000120639910165,0.00015943001199,0.000091358589998,0.0000580925407121,0.0000371590722352,0.0000395165625378,0.0000187681125681,0.0000253786402027,0.0000118663547255,0.00000903292402654,0.00000766825451137,0.00000637680614091,0.00000588329385209,0.00000545757211512,0.00000467905783808,0.00000425951839134,0.00000282874361801,0.00000268072835752,0.0000033721280488,0.00000442064037998,0.0000042136484808,0.00000433257446275,0.0000034975548715,0.00000247456364377,0.00000191831190932,0.00000168031624526,0.00000122491110233,7.50823915041e-7,5.81934784805e-7,6.56672455079e-7,4.11940959566e-7,3.15483248414e-8],"dmean2":[0.00631153583527,0.00364169385284,0.00116805615835,0.000664760125801,0.000544514972717,0.000388549582567,0.000344756874256,0.00020009157015,0.000197134897462,0.000255859689787,0.000148741048179,0.0000933124902076,0.0000611585419392,0.0000604691340413,0.000030746232369,0.000041558247176,0.0000195275315491,0.0000146501397467,0.0000123952668218,0.0000101982914202,0.00000934119543672,0.00000851186814543,0.00000729903149477,0.00000657740929455,0.00000428016028309,0.00000395247889173,0.00000501699560118,0.00000654881978335,0.00000610493680142,0.00000615958424532,0.00000490849106427,0.00000343671240444,0.00000265896005658,0.00000235900438383,0.00000171508031599,0.00000105608114609,8.42160773118e-7,9.51939171046e-7,5.85897794281e-7,5.06998922845e-8],"dvar":[0.000102207610325,0.0000192998086277,0.00000147452158217,3.9321102463e-7,3.15984266308e-7,1.99660092903e-7,1.53353909127e-7,6.91245318762e-8,6.98907669516e-8,9.22489320487e-8,3.65316488171e-8,1.87128748053e-8,7.23797466406e-9,1.1668310762e-8,2.35307484608e-9,3.86718834733e-9,5.65310298573e-10,4.04730443604e-10,2.5257054781e-10,2.29681232367e-10,2.67110888963e-10,1.7376949879e-10,1.21094120842e-10,1.2598945498e-10,5.27886206969e-11,4.60557321447e-11,1.27737362354e-10,3.43966161109e-10,2.08805875368e-10,1.3598655535e-10,6.9273572989e-11,2.67790963016e-11,1.6443573933e-11,1.34645515223e-11,6.70755551796e-12,2.07881086477e-12,1.9521083968e-12,8.47364973328e-12,6.2545168697e-12,7.28588349185e-15],"dvar2":[0.000269139534794,0.0000539013126399,0.00000410244274462,0.00000108626215933,8.13492931684e-7,4.87335455546e-7,3.79522020921e-7,1.72347995431e-7,1.784828072e-7,2.48171971862e-7,9.3704862536e-8,4.49308643624e-8,1.92911571162e-8,2.55800198801e-8,5.8766342903e-9,1.02078638875e-8,1.51384804692e-9,1.01763175664e-9,6.58886056826e-10,6.06409811255e-10,6.3736999012e-10,3.95500243666e-10,2.82625867154e-10,2.91797724872e-10,1.20799203973e-10,1.02268207791e-10,2.88903512224e-10,8.28241142337e-10,4.491394201e-10,2.74521932964e-10,1.42851980245e-10,5.29625891754e-11,3.17763836077e-11,2.67878271648e-11,1.30084666997e-11,4.09219663364e-12,3.82239335669e-12,1.42881791468e-11,9.6713479239e-12,1.50040112848e-14],"max":[0.201179459691,0.0699432194233,0.0228952243924,0.0123075516894,0.0105642993003,0.0105924922973,0.00820507481694,0.00588187063113,0.00654630968347,0.00640017958358,0.00411645136774,0.00447288528085,0.00229548546486,0.00335916155018,0.00157031766139,0.00164495338686,0.000924234220292,0.0005996125401,0.000307434966089,0.000589134462643,0.000914956035558,0.000400369783165,0.000260659056948,0.000351669092197,0.000206042124773,0.000224396746489,0.000371206580894,0.00092131952988,0.0005044839927,0.000359388010111,0.000228007062105,0.0000909925802262,0.0000780633854447,0.0000631588118267,0.0000498570843774,0.0000238812390307,0.0000495846034028,0.000110530585516,0.0000875155164977,0.00000310643008561],"mean":[0.00653591984883,0.00311003648676,0.00113316252828,0.000616612203885,0.000563457724638,0.000461288087536,0.000390581175452,0.000225216310355,0.000216968328459,0.000294056138955,0.000167097969097,0.0000973595233518,0.0000634076350252,0.0000716383219697,0.0000308988528559,0.0000405642058467,0.0000215452582779,0.0000156927399075,0.0000129994250528,0.0000112630095828,0.0000101185332824,0.0000093023172667,0.00000779895344749,0.00000680093990013,0.00000467838253826,0.00000427256600233,0.0000054784150052,0.00000722199365555,0.00000688026148055,0.00000677386333336,0.00000543713395018,0.00000378784966415,0.0000028495285278,0.00000245410660682,0.0000017692819938,0.00000115523175737,8.66067011884e-7,0.00000101294688193,6.3156755914e-7,3.74786104373e-8],"median":[0.00135370460339,0.00145285448525,0.000574984878767,0.000332246301696,0.000321617815644,0.000220172369154,0.000169100399944,0.0000773583960836,0.0000899513324839,0.000143192592077,0.0000721779142623,0.0000431674816355,0.0000237849762925,0.000014194668438,0.00000911996630748,0.0000112631832963,0.00000875640853337,0.00000760635657571,0.00000522818027093,0.00000374048067897,0.00000258251020568,0.00000215818181459,0.0000020081160983,0.00000156602868628,9.85703309198e-7,6.94287223268e-7,8.10247286154e-7,8.65250058268e-7,7.90930926087e-7,7.11016127752e-7,6.00280714025e-7,4.85042846776e-7,4.14863364995e-7,2.80210031178e-7,2.08224449239e-7,2.56527499687e-7,1.79977959647e-7,5.78739438595e-8,3.36366170473e-8,1.09231965695e-8],"min":[2.06073877891e-24,2.95660866593e-24,2.88298447486e-24,2.61606037137e-24,3.77328184844e-24,3.53533457815e-24,4.52367316275e-24,4.43247847553e-24,1.60370886081e-24,3.57461314591e-24,1.81534978928e-24,3.89403397049e-24,6.24329211738e-24,3.50852474586e-24,4.3848060333e-24,6.99807265378e-24,7.16117595682e-24,4.01035506084e-24,5.54204841518e-24,5.11774419452e-24,5.93884229507e-24,2.89449158888e-24,4.68341986264e-24,6.12925044062e-24,5.78823257661e-24,6.09828173363e-24,6.97539921364e-24,5.35626299453e-24,6.93494327097e-24,8.38890306058e-24,5.72912362341e-24,6.45373299119e-24,5.99036477294e-24,6.16804780323e-24,7.0884319373e-24,6.18127700061e-24,7.24394087641e-24,7.05463082524e-24,5.8705506065e-24,6.81297433098e-24],"var":[0.000125755352201,0.0000239564233198,0.00000252990480476,6.73797273976e-7,5.64912795653e-7,4.68215631599e-7,3.57917599558e-7,1.58201800105e-7,1.41669957543e-7,2.01694987823e-7,9.05255674866e-8,3.94276717941e-8,1.33883597542e-8,3.7183585988e-8,4.56447679653e-9,7.09036518387e-9,1.22547005876e-9,7.56698093074e-10,4.62368004994e-10,4.73427297365e-10,6.57884191568e-10,3.96143784442e-10,2.39594177831e-10,2.23748519712e-10,1.06140346512e-10,1.14898951464e-10,2.90914847767e-10,7.85449816298e-10,5.92341342642e-10,3.29752752881e-10,1.65322894263e-10,6.28911644984e-11,3.4769419982e-11,2.81962439508e-11,1.44038296915e-11,4.43076911966e-12,3.9844585964e-12,1.98595688505e-11,1.4802950532e-11,1.21733737118e-14]},"melbands_crest":{"dmean":3.96020483971,"dmean2":6.61013936996,"dvar":12.1780719757,"dvar2":31.8173179626,"max":37.0286521912,"mean":17.7403297424,"median":16.6080093384,"min":1.07777190208,"var":52.8585166931},"melbands_flatness_db":{"dmean":0.0378527157009,"dmean2":0.0557502508163,"dvar":0.00103177211713,"dvar2":0.00227337446995,"max":0.54329007864,"mean":0.272763758898,"median":0.269674658775,"min":0.0000119257856568,"var":0.00659842323512},"melbands_kurtosis":{"dmean":8.76822757721,"dmean2":14.1697864532,"dvar":242.853469849,"dvar2":640.387451172,"max":324.349700928,"mean":16.2078056335,"median":9.67531967163,"min":-1.88890588284,"var":437.199707031},"melbands_skewness":{"dmean":0.824734985828,"dmean2":1.29678487778,"dvar":0.803479909897,"dvar2":1.96317338943,"max":15.5839204788,"mean":2.88384437561,"median":2.5656170845,"min":-1.07429540157,"var":2.9517288208},"melbands_spread":{"dmean":4.63308668137,"dmean2":7.10794496536,"dvar":59.3398590088,"dvar2":112.229614258,"max":177.643112183,"mean":13.7937297821,"median":10.663397789,"min":0.921016931534,"var":210.339828491},"mfcc":{"cov":[[12038.4511719,-2080.09033203,-1048.13000488,871.586853027,-483.992462158,461.018859863,-184.893005371,489.371124268,-280.355957031,-61.7574768066,-132.486129761,755.036743164,122.711906433],[-2080.09033203,1853.86450195,107.61491394,-499.418823242,188.956710815,-125.091674805,93.9373626709,-230.104568481,96.1730804443,-1.87526893616,33.6028862,-297.130737305,-32.4988746643],[-1048.13000488,107.61491394,542.421142578,-52.7108078003,66.7331771851,-22.7823448181,41.2000465393,-13.9190998077,63.5087814331,65.2984313965,15.620598793,-95.0070037842,-35.4937820435],[871.586853027,-499.418823242,-52.7108078003,362.497589111,-88.8514785767,80.0011825562,-32.1339759827,99.0560684204,-19.8960075378,13.653588295,-19.181646347,94.0380554199,4.29586839676],[-483.992462158,188.956710815,66.7331771851,-88.8514785767,209.322067261,-17.3412342072,62.3046417236,-26.8398551941,38.1954078674,8.98835754395,44.0243873596,-37.4739723206,25.1152648926],[461.018859863,-125.091674805,-22.7823448181,80.0011825562,-17.3412342072,145.381759644,14.0428514481,32.7489967346,-21.8826293945,1.18876218796,-14.6377887726,38.41614151,13.9261856079],[-184.893005371,93.9373626709,41.2000465393,-32.1339759827,62.3046417236,14.0428514481,95.0820541382,-4.2297577858,19.7463321686,-7.25165939331,14.2034273148,-13.2202587128,16.9884471893],[489.371124268,-230.104568481,-13.9190998077,99.0560684204,-26.8398551941,32.7489967346,-4.2297577858,122.046379089,0.596738815308,18.9335441589,0.327927470207,66.1013946533,9.4786567688],[-280.355957031,96.1730804443,63.5087814331,-19.8960075378,38.1954078674,-21.8826293945,19.7463321686,0.596738815308,77.5088043213,32.7856712341,25.0127983093,-33.2052841187,1.6020553112],[-61.7574768066,-1.87526893616,65.2984313965,13.653588295,8.98835754395,1.18876218796,-7.25165939331,18.9335441589,32.7856712341,77.23412323,27.9930038452,-7.81242036819,-9.54602432251],[-132.486129761,33.6028862,15.620598793,-19.181646347,44.0243873596,-14.6377887726,14.2034273148,0.327927470207,25.0127983093,27.9930038452,70.8959960938,11.9370775223,16.9583892822],[755.036743164,-297.130737305,-95.0070037842,94.0380554199,-37.4739723206,38.41614151,-13.2202587128,66.1013946533,-33.2052841187,-7.81242036819,11.9370775223,148.191253662,42.4131278992],[122.711906433,-32.4988746643,-35.4937820435,4.29586839676,25.1152648926,13.9261856079,16.9884471893,9.4786567688,1.6020553112,-9.54602432251,16.9583892822,42.4131278992,73.4263000488]],"icov":[[0.000160384122864,0.0000231940084632,0.00019944163796,-0.0000645745167276,0.0000586166243011,-0.000227816315601,0.0000306372021441,-0.000170030383742,0.000034990363929,-0.000126156461192,0.000236696432694,-0.000494147010613,0.0000940355457715],[0.0000231940084632,0.00116919598076,0.000283217523247,0.00100941723213,-0.0000514378698426,-0.000124465848785,-0.000470957864309,0.000606572604738,-0.000508055614773,-0.000159502975293,-0.000159515126143,0.00140986032784,-0.000158745373483],[0.00019944163796,0.000283217523247,0.00274654943496,0.000148326289491,-0.000261824839981,-0.000169014878338,-0.00100818288047,-0.000250404351391,-0.00056918914197,-0.00205287989229,0.000736578658689,0.000737298571039,0.000647749111522],[-0.0000645745167276,0.00100941723213,0.000148326289491,0.0052658286877,0.00082256650785,-0.00156941253226,0.000309497409035,-0.00143543921877,-0.00114683213178,-0.000383593491279,0.00037899214658,-0.0000175345849129,0.000346055079717],[0.0000586166243011,-0.0000514378698426,-0.000261824839981,0.00082256650785,0.00763125624508,-0.0000870676376508,-0.00321393297054,-0.0000112782781798,-0.000745759462006,0.000315590848913,-0.00328110787086,0.0012857868569,-0.00207170774229],[-0.000227816315601,-0.000124465848785,-0.000169014878338,-0.00156941253226,-0.0000870676376508,0.00948009174317,-0.0029417600017,-0.000251056015259,0.00282606226392,-0.00228186696768,0.0021285994444,-0.0000487255601911,-0.00154122815002],[0.0000306372021441,-0.000470957864309,-0.00100818288047,0.000309497409035,-0.00321393297054,-0.0029417600017,0.0155917191878,-0.00146704784129,-0.00294724223204,0.00471600377932,-0.0016186858993,0.000230895733694,-0.00160798081197],[-0.000170030383742,0.000606572604738,-0.000250404351391,-0.00143543921877,-0.0000112782781798,-0.000251056015259,-0.00146704784129,0.0141963781789,-0.00270385760814,-0.00321776792407,0.00203425134532,-0.00479837926105,0.00101636070758],[0.000034990363929,-0.000508055614773,-0.00056918914197,-0.00114683213178,-0.000745759462006,0.00282606226392,-0.00294724223204,-0.00270385760814,0.0219141039997,-0.00686903204769,-0.00331384269521,0.00491482717916,-0.00318611506373],[-0.000126156461192,-0.000159502975293,-0.00205287989229,-0.000383593491279,0.000315590848913,-0.00228186696768,0.00471600377932,-0.00321776792407,-0.00686903204769,0.0225270092487,-0.00885995291173,0.00121108687017,0.00324471225031],[0.000236696432694,-0.000159515126143,0.000736578658689,0.00037899214658,-0.00328110787086,0.0021285994444,-0.0016186858993,0.00203425134532,-0.00331384269521,-0.00885995291173,0.0236050095409,-0.00619274284691,-0.00225602765568],[-0.000494147010613,0.00140986032784,0.000737298571039,-0.0000175345849129,0.0012857868569,-0.0000487255601911,0.000230895733694,-0.00479837926105,0.00491482717916,0.00121108687017,-0.00619274284691,0.0188806634396,-0.0074828104116],[0.0000940355457715,-0.000158745373483,0.000647749111522,0.000346055079717,-0.00207170774229,-0.00154122815002,-0.00160798081197,0.00101636070758,-0.00318611506373,0.00324471225031,-0.00225602765568,-0.0074828104116,0.0202610082924]],"mean":[-686.257873535,157.966644287,18.735786438,23.0830841064,-8.32409763336,14.8260726929,-4.05579042435,8.69054508209,3.79180598259,9.46695041656,-2.06247401237,2.68937468529,-6.36141967773]},"pitch_salience":{"dmean":0.0742691382766,"dmean2":0.122583471239,"dvar":0.00425595464185,"dvar2":0.0113222319633,"max":0.995541989803,"mean":0.522311389446,"median":0.538058876991,"min":0.129659995437,"var":0.0151285026222},"silence_rate_20dB":{"dmean":0.00199866760522,"dmean2":0.00399766815826,"dvar":0.00199467292987,"dvar2":0.00514767318964,"max":1,"mean":0.998584389687,"median":1,"min":0,"var":0.00141360098496},"silence_rate_30dB":{"dmean":0.0824450403452,"dmean2":0.16490380466,"dvar":0.0756478533149,"dvar2":0.167026773095,"max":1,"mean":0.829711079597,"median":1,"min":0,"var":0.141290619969},"silence_rate_60dB":{"dmean":0.00599600281566,"dmean2":0.0119930040091,"dvar":0.00596005050465,"dvar2":0.01484742295,"max":1,"mean":0.053626447916,"median":0,"min":0,"var":0.0507506504655},"spectral_centroid":{"dmean":221.528686523,"dmean2":314.121398926,"dvar":95006.0625,"dvar2":156635.59375,"max":11891.7939453,"mean":917.35369873,"median":710.574951172,"min":180.814819336,"var":526680.625},"spectral_complexity":{"dmean":3.36775493622,"dmean2":4.88964748383,"dvar":16.9693527222,"dvar2":28.4656276703,"max":57,"mean":16.2271633148,"median":13,"min":0,"var":116.035331726},"spectral_contrast_coeffs":{"dmean":[0.0513295605779,0.0456524677575,0.0398836098611,0.0298766605556,0.0222208611667,0.0338749065995],"dmean2":[0.0863630324602,0.0755615979433,0.0654275044799,0.0492759533226,0.0358202904463,0.0495506897569],"dvar":[0.00160666531883,0.00126213079784,0.000953004637267,0.000576622260269,0.000341233564541,0.00108501513023],"dvar2":[0.00450188294053,0.00348813738674,0.00255698431283,0.00155794271268,0.00085705856327,0.00222399272025],"max":[-0.360839962959,-0.505437910557,-0.524939715862,-0.574111282825,-0.637290656567,-0.42298746109],"mean":[-0.683318257332,-0.760082960129,-0.761633515358,-0.814984202385,-0.846848070621,-0.751258730888],"median":[-0.686976969242,-0.764574885368,-0.765244007111,-0.816946029663,-0.840332210064,-0.742917656898],"min":[-0.97579061985,-0.996667742729,-0.994391739368,-0.984307289124,-0.985082626343,-0.963470757008],"var":[0.00688421865925,0.00387198850513,0.00320430635475,0.00189872749615,0.00218326598406,0.007177030202]},"spectral_contrast_valleys":{"dmean":[0.373569488525,0.326038897038,0.308569848537,0.332579135895,0.437857478857,0.516088962555],"dmean2":[0.617386460304,0.538648605347,0.499425053596,0.51003921032,0.623071670532,0.762691438198],"dvar":[0.107709668577,0.0780255571008,0.0749812349677,0.0956673920155,0.171227931976,0.201409369707],"dvar2":[0.251360952854,0.183084711432,0.170873627067,0.208798065782,0.381398975849,0.482278943062],"max":[-4.62051916122,-4.33911085129,-5.01318073273,-5.69197416306,-5.27756071091,-8.59220123291],"mean":[-6.86036300659,-6.47737264633,-7.23098707199,-7.97996377945,-8.1179523468,-10.8763523102],"median":[-6.71077346802,-6.33297681808,-7.05990171432,-7.7603969574,-7.88589954376,-10.6922693253],"min":[-28.1765995026,-28.3712940216,-27.6859512329,-27.6195755005,-27.5572357178,-27.2875785828],"var":[1.35126924515,1.25007355213,1.46392631531,1.63684558868,2.14820742607,1.54150927067]},"spectral_decrease":{"dmean":4.65755611856e-9,"dmean2":7.62081864281e-9,"dvar":8.8032147443e-17,"dvar2":2.21115820063e-16,"max":1.58538195905e-8,"mean":-9.9592805114e-9,"median":-5.06846875581e-9,"min":-1.81333817295e-7,"var":1.70428640581e-16},"spectral_energy":{"dmean":0.0185298603028,"dmean2":0.0300266575068,"dvar":0.00143979676068,"dvar2":0.0035888296552,"max":0.721486091614,"mean":0.057417947799,"median":0.0427987091243,"min":1.00237060005e-20,"var":0.00317576667294},"spectral_energyband_high":{"dmean":0.000535889121238,"dmean2":0.000697666837368,"dvar":0.0000011319573332,"dvar2":0.00000194894300876,"max":0.0239711329341,"mean":0.00103915913496,"median":0.000206726021133,"min":7.347431791e-21,"var":0.00000422163429903},"spectral_energyband_low":{"dmean":0.0153213152662,"dmean2":0.0253925137222,"dvar":0.0012238904601,"dvar2":0.00313428067602,"max":0.65057849884,"mean":0.0305515434593,"median":0.0134600009769,"min":1.96215802647e-23,"var":0.00181786040775},"spectral_energyband_middle_high":{"dmean":0.00119020801503,"dmean2":0.00180477171671,"dvar":0.00000395086271965,"dvar2":0.00000930741680349,"max":0.0452079810202,"mean":0.00321131828241,"median":0.00155038351659,"min":1.21323242834e-21,"var":0.0000171941901499},"spectral_energyband_middle_low":{"dmean":0.00403491407633,"dmean2":0.00652190623805,"dvar":0.0000377954384021,"dvar2":0.0000951134570641,"max":0.133738696575,"mean":0.0117740528658,"median":0.0086210751906,"min":2.1128676305e-22,"var":0.000130866566906},"spectral_entropy":{"dmean":0.253616899252,"dmean2":0.36105838418,"dvar":0.0557489767671,"dvar2":0.118099525571,"max":9.80770492554,"mean":7.34613895416,"median":7.42759466171,"min":5.75161409378,"var":0.33490934968},"spectral_flux":{"dmean":0.0270197466016,"dmean2":0.0432240664959,"dvar":0.00174419500399,"dvar2":0.00375333265401,"max":0.695068955421,"mean":0.105376653373,"median":0.0932652577758,"min":6.56777479624e-11,"var":0.00506711611524},"spectral_kurtosis":{"dmean":6.5197892189,"dmean2":9.75349998474,"dvar":89.2433700562,"dvar2":223.804168701,"max":126.816993713,"mean":16.8153076172,"median":11.4199266434,"min":-1.2444974184,"var":212.184829712},"spectral_rms":{"dmean":0.000995133421384,"dmean2":0.0015745916171,"dvar":0.00000210876169149,"dvar2":0.00000494123332828,"max":0.0265309028327,"mean":0.0066045941785,"median":0.00646179821342,"min":3.12717538496e-12,"var":0.0000123968466141},"spectral_rolloff":{"dmean":3056.23901367,"dmean2":5818.18457031,"dvar":42849616,"dvar2":108952616,"max":22006.9335938,"mean":13547.8671875,"median":21382.4707031,"min":43.06640625,"var":99028992},"spectral_skewness":{"dmean":0.580293238163,"dmean2":0.821635603905,"dvar":0.418700695038,"dvar2":0.997206628323,"max":9.20342254639,"mean":2.83143186569,"median":2.54192352295,"min":-0.093261256814,"var":1.83193802834},"spectral_spread":{"dmean":668832,"dmean2":980538.9375,"dvar":453646254080,"dvar2":1035253055490,"max":41534004,"mean":4581633.5,"median":4585241.5,"min":1518003.375,"var":2889556164610},"spectral_strongpeak":{"dmean":6.31669044495,"dmean2":11.6540060043,"dvar":389.926452637,"dvar2":1051.10791016,"max":246.676925659,"mean":7.42615032196,"median":0.366825222969,"min":0,"var":591.948669434},"zerocrossingrate":{"dmean":0.0376408398151,"dmean2":0.0483184121549,"dvar":0.00106284744106,"dvar2":0.00175530277193,"max":0.8466796875,"mean":0.294384151697,"median":0.2763671875,"min":0.01025390625,"var":0.0179124493152}},"metadata":{"audio_properties":{"analysis_sample_rate":44100,"bit_rate":218400,"codec":"mp3","downmix":"mix","equal_loudness":0,"length":278.805969238,"lossless":false,"md5_encoded":"a6273ae3124f273ffa6ef13e3ab01825","replay_gain":3.61231422424,"sample_rate":44100},"tags":{"acoustid_id":["2069c32e-1f68-48f6-b81f-033028d82bf9"],"album":["Sleeping With Ghosts"],"albumartist":["Placebo"],"artist":["Placebo"],"date":["2003"],"discnumber":["1/1"],"file_name":"04 - Placebo - Sleeping With Ghosts.mp3","musicbrainz_albumartistid":["847e8284-8582-4b0e-9c26-b042a4f49e57"],"musicbrainz_albumid":["04ef359e-b07e-3f82-b8dc-f6cf930d0786"],"musicbrainz_artistid":["847e8284-8582-4b0e-9c26-b042a4f49e57"],"musicbrainz_recordingid":["364f5c38-f65f-4d7c-8682-f61e22ae9985"],"musicbrainz_releasegroupid":["fd6279cf-0bf3-3d8f-9e07-bde8b7a34448"],"replaygain_album_gain":["+0.42 dB"],"replaygain_album_peak":["0.413625"],"replaygain_track_gain":["+3.80 dB"],"replaygain_track_peak":["0.358395"],"title":["Sleeping With Ghosts"],"tracknumber":["4/12"]},"version":{"essentia":"2.1-beta1","essentia_build_sha":"e76a03f03bb3900de42a1fa0d9be1e72f12def64","essentia_git_sha":"v2.1_beta1-28-g21ef5f4-dirty","extractor":"music 1.0"}},"rhythm":{"beats_count":708,"beats_loudness":{"dmean":0.0285753663629,"dmean2":0.0474085882306,"dvar":0.00105041265488,"dvar2":0.00303409830667,"max":0.293764352798,"mean":0.0686536207795,"median":0.0627040863037,"min":0.00000701333556208,"var":0.00278878910467},"beats_loudness_band_ratio":{"dmean":[0.181461378932,0.0790079832077,0.0794342756271,0.0343058407307,0.0162222664803,0.107758596539],"dmean2":[0.313370883465,0.138458222151,0.144068211317,0.0598398447037,0.029058450833,0.185314774513],"dvar":[0.0213705059141,0.00589448958635,0.00922537222505,0.00241589150392,0.000611399358604,0.0112443948165],"dvar2":[0.0582231283188,0.0168921798468,0.027235141024,0.00678509566933,0.00170968938619,0.0300693865865],"m