{"lowlevel":{"average_loudness":0.80348610878,"barkbands":{"dmean":[0.000220534129767,0.00771352322772,0.00248517491855,0.00063412921736,0.000794843013864,0.00078648631461,0.000528771954123,0.000814141880255,0.001187469461,0.000693496956956,0.000377888354706,0.000559877778869,0.000445498299086,0.00032286849455,0.000287542527076,0.000162177006132,0.00010760717123,0.000131745662657,0.0000661599988234,0.0000600192579441,0.0000567943025089,0.0000654057657812,0.0000716096401447,0.0000595699239057,0.0000229366814892,0.0000106134621092,0.00000271940393759],"dmean2":[0.000383455131669,0.0130096487701,0.00423843692988,0.00111419393215,0.00124599924311,0.00122169207316,0.000825140799861,0.00117428135127,0.00172996835317,0.000970030087046,0.000557565537747,0.000829869357403,0.000644906365778,0.000493171275593,0.000435614900198,0.000252233556239,0.000165535559063,0.000203901014174,0.000105976308987,0.0000940206009545,0.0000861156731844,0.000094939074188,0.000106987288746,0.0000860537911649,0.0000371037895093,0.000017096497686,0.00000437591916125],"dvar":[3.62887675465e-7,0.000212209677557,0.0000416053298977,0.00000396450968765,0.00000385726571039,0.00000415549129684,0.00000189479544588,0.00000774381987867,0.0000150472906171,0.00000465215634904,0.0000030545431855,0.00000314322073791,0.00000483370467919,0.00000164685718573,0.00000123443760458,3.44351519743e-7,1.11288272819e-7,1.56404382778e-7,3.57244829274e-8,1.94024316613e-8,1.8368732313e-8,4.04916207231e-8,8.22796408784e-8,5.57083410513e-8,4.76831463203e-9,1.22651100387e-9,1.1622164342e-10],"dvar2":[0.00000105849869669,0.000578679260798,0.000114464128274,0.0000111426707008,0.00000919173817238,0.00000996606104309,0.00000470190207125,0.0000174169217644,0.0000321087391058,0.0000101628556877,0.00000639227619104,0.00000691395507602,0.00000955076757236,0.00000358984834747,0.00000265192807092,8.52525317896e-7,2.53254995641e-7,3.49058751681e-7,9.49738137024e-8,4.67644909463e-8,3.92587580222e-8,7.93295882318e-8,1.73078461785e-7,1.12396485008e-7,1.24677477231e-8,2.9130344803e-9,2.6736704517e-10],"max":[0.00950652826577,0.170776575804,0.0853375792503,0.0407326854765,0.0412954948843,0.0519121661782,0.0300848297775,0.0735703483224,0.0785210132599,0.0548389144242,0.0630883574486,0.0440281517804,0.0683149620891,0.0427681058645,0.0345403850079,0.0126303983852,0.00832834187895,0.0100506711751,0.00625903578475,0.00298150023445,0.00268037803471,0.00891668442637,0.00812435336411,0.00694641144946,0.00129851291422,0.000787371420301,0.000291079340968],"mean":[0.000290177034913,0.015424894169,0.00309650739655,0.000634103023913,0.00128968595527,0.00155300449114,0.00101564906072,0.00147270865273,0.00206721294671,0.00130498956423,0.000594570941757,0.000903199717868,0.000640112790279,0.000449967687018,0.000426775950473,0.000222722024773,0.000183420037501,0.000224279254326,0.000119484022434,0.000123274076032,0.000114139547804,0.000123270583572,0.00012095826969,0.0000946638319874,0.0000350375303242,0.0000128251949718,0.00000298866575577],"median":[0.0000333414427587,0.00925780273974,0.000957015901804,0.000135682537802,0.000514209852554,0.000523134600371,0.00026433164021,0.000200993119506,0.000251309887972,0.00014893169282,0.0000335386721417,0.000170227198396,0.000070584093919,0.0000530037505087,0.00005886193685,0.0000348282665072,0.0000379806369892,0.0000409826316172,0.000027347870855,0.0000211017468246,0.0000193600408238,0.0000226672891586,0.0000212373615796,0.0000167266916833,0.00000966132574831,0.00000214531451093,3.74652245227e-7],"min":[9.9198578439e-25,1.9095250691e-23,4.58444180041e-23,2.55505641651e-23,7.79583396105e-23,2.50287989406e-23,3.11931631578e-23,4.41445994582e-23,2.43907272197e-23,2.52907386264e-23,2.90559464835e-23,1.14459337592e-22,4.45809026476e-23,1.13345036853e-22,1.322930719e-22,1.06588840786e-22,1.39343607748e-22,2.04877526941e-22,3.37049114262e-22,2.28222584321e-22,4.38368616636e-22,6.0854552813e-22,5.78194603362e-22,7.58237299637e-22,1.35010315279e-21,1.81849639608e-21,2.591780416e-21],"var":[5.66252538192e-7,0.000336428172886,0.0000369675035472,0.00000300087117466,0.00000576060938329,0.00000857091526996,0.00000402645900976,0.0000156690421136,0.0000305875328195,0.0000111721728899,0.00000788079705671,0.00000564361880606,0.00000869267387316,0.00000249292656918,0.00000210523444366,5.2043174037e-7,2.26511318147e-7,3.48420144292e-7,5.92293041279e-8,5.75815732873e-8,5.56655948003e-8,9.22572596096e-8,1.5993802549e-7,1.01922729812e-7,5.9375260264e-9,1.58287716268e-9,1.47506964976e-10]},"barkbands_crest":{"dmean":2.8177652359,"dmean2":4.57079172134,"dvar":7.80324077606,"dvar2":20.209985733,"max":26.6288070679,"mean":15.2537603378,"median":14.7086486816,"min":2.58945250511,"var":36.3302307129},"barkbands_flatness_db":{"dmean":0.0267012566328,"dmean2":0.0411489903927,"dvar":0.000770067796111,"dvar2":0.00179834128357,"max":0.645294606686,"mean":0.205153137445,"median":0.189559966326,"min":0.0261435788125,"var":0.00823751837015},"barkbands_kurtosis":{"dmean":16.0108795166,"dmean2":24.6584777832,"dvar":3763.48193359,"dvar2":7189.75390625,"max":3450.2409668,"mean":37.9813270569,"median":4.72078132629,"min":-1.94605910778,"var":21888.6132813},"barkbands_skewness":{"dmean":0.956614255905,"dmean2":1.45298039913,"dvar":1.78032529354,"dvar2":3.97456979752,"max":44.3737449646,"mean":3.27171897888,"median":1.97671580315,"min":-7.21837186813,"var":16.4786949158},"barkbands_spread":{"dmean":4.90920639038,"dmean2":7.56983423233,"dvar":69.423248291,"dvar2":152.845687866,"max":134.121505737,"mean":15.8968887329,"median":12.7804250717,"min":0.0318064689636,"var":224.624832153},"dissonance":{"dmean":0.0256039258093,"dmean2":0.0424571819603,"dvar":0.000705498154275,"dvar2":0.00189165491611,"max":0.499991714954,"mean":0.442185819149,"median":0.454708755016,"min":0.142395526171,"var":0.0021032250952},"dynamic_complexity":5.65434169769,"erbbands":{"dmean":[0.203102439642,1.8754183054,3.0683259964,2.48520326614,2.23343276978,2.43830776215,5.26393079758,6.68768215179,7.89929914474,7.24404239655,22.0537834167,26.8084621429,21.4812793732,20.3545398712,16.0294933319,22.5119972229,19.2820396423,18.5096607208,13.9160900116,10.6343393326,7.87105178833,5.41630649567,6.98608970642,4.53804969788,2.60892152786,3.06889128685,2.5151913166,2.15309071541,2.40191221237,2.06786227226,2.10968565941,1.72445523739,0.754375219345,0.331398308277,0.135955259204,0.0509593747556,0.01886850968,0.00442766863853,0.000434737972682,0.0000307006121147],"dmean2":[0.335967719555,3.17639040947,5.24297571182,4.32349014282,3.62465620041,3.87956428528,8.17631053925,10.3538379669,12.3590641022,10.8928899765,31.3285522461,38.5310211182,30.3420619965,28.9132957458,23.0333461761,33.4411888123,27.2292079926,27.8207969666,20.6609973907,16.4684829712,12.0873451233,8.16117858887,10.7054071426,7.01080131531,4.05571460724,4.8853430748,3.86938881874,3.20188379288,3.48017334938,3.08689022064,3.15689253807,2.4805252552,1.12485945225,0.533626914024,0.218087509274,0.0814837738872,0.0307124983519,0.00709602050483,0.000690241111442,0.0000486517710669],"dvar":[0.163255318999,12.9235172272,52.5142173767,54.5840148926,48.3575439453,37.507598877,203.137145996,357.57208252,346.524749756,550.015380859,5315.78222656,8935.10644531,4546.51708984,4263.84667969,4150.17919922,5568.1953125,10697.0126953,5463.78369141,2491.46655273,2093.2668457,717.946350098,256.939453125,512.049316406,147.950576782,52.6068191528,50.0337562561,37.6970481873,30.225276947,49.699836731,43.0941619873,84.904548645,54.0694046021,9.01914691925,0.900155067444,0.217904403806,0.0274610072374,0.004200944677,0.000271500088274,0.00000311415692522,7.43195238684e-9],"dvar2":[0.408625781536,36.2017593384,145.646514893,152.727340698,116.915794373,88.3694610596,452.469573975,893.671936035,853.889587402,1336.46130371,11467.84375,18336.4785156,9976.27636719,9225.36425781,7616.21240234,12278.9912109,20281.9921875,12259.2324219,5129.59179688,5102.18994141,1715.53820801,565.559143066,1164.46643066,342.435241699,132.415908813,126.256645203,85.8330154419,60.1978263855,96.437538147,90.6860733032,179.634262085,112.850837708,19.6520767212,2.27143168449,0.579433441162,0.0677150934935,0.010114852339,0.000630973314401,0.00000710357517164,1.79621757468e-8],"max":[5.24907255173,41.130241394,93.5520095825,135.86026001,116.862007141,200.913467407,332.73449707,552.193847656,352.754150391,763.198059082,1570.36865234,2173.73339844,1489.49755859,1469.46801758,2352.7175293,2196.8762207,3466.34301758,2545.34106445,1899.08239746,1570.53356934,789.200439453,406.878723145,615.293151855,353.181518555,241.509536743,145.523620605,168.22644043,110.185043335,281.10559082,239.421859741,270.24609375,207.662475586,105.242721558,20.9999961853,11.175447464,3.35543251038,1.39105808735,0.40040409565,0.0456065237522,0.00246536149643],"mean":[0.380392760038,3.61856484413,4.66843414307,2.79400229454,2.84045910835,3.93075561523,9.94324398041,13.1020526886,16.2011623383,13.2662181854,41.7689361572,47.7329444885,39.5767707825,41.2067756653,29.6643199921,37.1638908386,30.4927768707,27.3373203278,22.6513671875,15.5775880814,12.7176837921,10.1674318314,12.0209884644,8.96893787384,4.95761585236,6.13529443741,5.1292924881,4.27704572678,4.40185832977,3.87201786041,3.43833446503,2.63294768333,1.20529782772,0.514473497868,0.196499377489,0.0651685446501,0.0219759959728,0.0048959874548,0.00047895841999,0.0000620725841145],"median":[0.213372796774,2.09570860863,2.93816256523,0.917713224888,0.673897027969,1.47511434555,3.17765784264,3.77230429649,5.44730854034,3.89608240128,7.08982229233,7.19136238098,6.60873746872,5.22142601013,4.33162212372,7.95505905151,4.48221731186,3.89464402199,3.97482967377,2.30130958557,2.59750843048,2.25989770889,2.33285093307,1.71579957008,1.28366518021,1.09284901619,0.833400547504,0.729366242886,0.81199991703,0.728213787079,0.577512860298,0.409064292908,0.25378331542,0.1402336061,0.0505856536329,0.0133973592892,0.00335894385353,0.000547541538253,0.0000609984926996,0.0000389290653402],"min":[4.39183377423e-22,5.48330111684e-21,4.96102024743e-20,6.16670513736e-20,1.40406089539e-19,2.81149617069e-19,2.51341724256e-19,2.39490785169e-19,4.06642816312e-19,8.7193201427e-19,6.4667801557e-19,6.88071322495e-19,7.84834910551e-19,6.57808092604e-19,1.90662380818e-18,4.61061457168e-18,2.23087385201e-18,4.3090778735e-18,6.06864530558e-18,8.95179821989e-18,5.61375800722e-18,7.69296994828e-18,1.01849615586e-17,1.53845518875e-17,1.53676062655e-17,9.68120029377e-18,1.93607644243e-17,1.67072087239e-17,1.94820820416e-17,2.30452998422e-17,1.55377010692e-17,1.51311335263e-17,1.37635425847e-17,1.58598482131e-17,9.41356269786e-18,6.50128227264e-18,3.67716234352e-18,1.23318422505e-18,3.91192943626e-19,3.60708003481e-20],"var":[0.310755729675,18.0603466034,47.183795929,42.3519554138,54.1091461182,61.7415885925,461.530975342,714.02947998,841.054870605,881.184631348,11606.25,18868.8496094,9372.0859375,10586.2392578,12738.1689453,9402.86523438,20156.1152344,8246.4453125,4665.67480469,3104.63842773,1394.28393555,609.40838623,1015.19549561,367.000946045,100.159423828,139.349777222,114.076538086,85.8414459229,116.698020935,97.9526443481,155.635101318,94.5153656006,14.2403011322,1.24327492714,0.234346091747,0.0332760997117,0.0052109635435,0.000354188872734,0.00000397419762521,9.65709645584e-9]},"erbbands_crest":{"dmean":2.60263609886,"dmean2":4.05727291107,"dvar":6.68527650833,"dvar2":15.454460144,"max":32.8659439087,"mean":11.5265455246,"median":10.3287887573,"min":2.43118095398,"var":31.2993049622},"erbbands_flatness_db":{"dmean":0.018470145762,"dmean2":0.0269469600171,"dvar":0.000399256765377,"dvar2":0.00080583896488,"max":0.39306011796,"mean":0.164186701179,"median":0.156977534294,"min":0.0237605161965,"var":0.00362766673788},"erbbands_kurtosis":{"dmean":1.76909399033,"dmean2":2.644967556,"dvar":19.2452850342,"dvar2":40.1251106262,"max":162.845458984,"mean":2.66103172302,"median":0.825454235077,"min":-1.82822883129,"var":66.8269424438},"erbbands_skewness":{"dmean":0.424024730921,"dmean2":0.632602155209,"dvar":0.263236761093,"dvar2":0.555114269257,"max":10.0351638794,"mean":0.701811730862,"median":0.630031108856,"min":-8.08266162872,"var":1.34742021561},"erbbands_spread":{"dmean":8.84719085693,"dmean2":13.4967508316,"dvar":159.697021484,"dvar2":366.936828613,"max":192.164077759,"mean":38.4777641296,"median":30.1706123352,"min":1.34748697281,"var":836.396179199},"gfcc":{"cov":[[19437.7851563,193.743347168,-3700.9543457,335.829742432,-1355.77722168,240.399093628,-532.095397949,262.137451172,-486.320953369,70.062789917,-350.583892822,5.21738767624,-63.2258682251],[193.743347168,1615.96191406,-266.295837402,-427.372650146,167.668029785,-258.815917969,70.2909011841,-40.9223747253,134.596221924,-105.652900696,188.238693237,-1.60474944115,120.664100647],[-3700.9543457,-266.295837402,1575.48840332,250.959136963,347.576934814,55.8448295593,87.970375061,-15.7489624023,17.9350509644,40.4869117737,-17.6467266083,35.9773139954,-41.4350166321],[335.829742432,-427.372650146,250.959136963,670.453552246,39.4874191284,56.5830383301,-71.3404006958,0.971288621426,23.6263942719,2.75801825523,-84.494102478,-24.0764255524,-22.9872646332],[-1355.77722168,167.668029785,347.576934814,39.4874191284,432.819702148,4.57490491867,62.7180137634,-4.09920549393,30.1353302002,-10.0025634766,-8.62425136566,-22.6930103302,-8.22128009796],[240.399093628,-258.815917969,55.8448295593,56.5830383301,4.57490491867,300.122924805,99.5595703125,9.9985370636,-56.6309356689,38.1611785889,-17.350687027,-16.2092418671,-37.5409507751],[-532.095397949,70.2909011841,87.970375061,-71.3404006958,62.7180137634,99.5595703125,219.511444092,30.1360378265,-7.58504104614,16.0875053406,35.5464630127,-13.9104146957,-5.39573764801],[262.137451172,-40.9223747253,-15.7489624023,0.971288621426,-4.09920549393,9.9985370636,30.1360378265,157.616653442,59.6571350098,17.216047287,-10.1197185516,10.5980634689,8.92888832092],[-486.320953369,134.596221924,17.9350509644,23.6263942719,30.1353302002,-56.6309356689,-7.58504104614,59.6571350098,226.53414917,14.7925682068,58.361328125,18.1430969238,54.7775993347],[70.062789917,-105.652900696,40.4869117737,2.75801825523,-10.0025634766,38.1611785889,16.0875053406,17.216047287,14.7925682068,121.968894958,21.6032886505,10.8937578201,-4.2946100235],[-350.583892822,188.238693237,-17.6467266083,-84.494102478,-8.62425136566,-17.350687027,35.5464630127,-10.1197185516,58.361328125,21.6032886505,149.512634277,49.2940940857,34.0828552246],[5.21738767624,-1.60474944115,35.9773139954,-24.0764255524,-22.6930103302,-16.2092418671,-13.9104146957,10.5980634689,18.1430969238,10.8937578201,49.2940940857,99.1199188232,40.6437301636],[-63.2258682251,120.664100647,-41.4350166321,-22.9872646332,-8.22128009796,-37.5409507751,-5.39573764801,8.92888832092,54.7775993347,-4.2946100235,34.0828552246,40.6437301636,93.4378051758]],"icov":[[0.000267685274594,-0.000469072518172,0.000562317902222,-0.000504624680616,0.00046474559349,-0.000511868740432,0.000494298292324,-0.000648596964311,0.000636667071376,-0.000638505152892,0.000812287151348,-0.000844972790219,0.000506521260832],[-0.000469072518172,0.00213978090324,-0.000807047006674,0.00142052967567,-0.00142976990901,0.00171729957219,-0.00123076373711,0.0013689394109,-0.00129334058147,0.0020234847907,-0.00275507569313,0.00252326647751,-0.00196821382269],[0.000562317902222,-0.000807047006674,0.00211538304575,-0.00131279940251,0.000228376142331,-0.000873379758559,0.000545660557691,-0.00103635352571,0.00115694606211,-0.00150252389722,0.00183033174835,-0.00263216486201,0.00156752660405],[-0.000504624680616,0.00142052967567,-0.00131279940251,0.00306945969351,-0.00108133361209,0.00066672381945,-0.000226844320423,0.0014145525638,-0.00186885462608,0.00160265318118,-0.00116102397442,0.00225344952196,-0.00136591354385],[0.00046474559349,-0.00142976990901,0.000228376142331,-0.00108133361209,0.0041362051852,-0.00106990942731,0.000273541954812,-0.00096844806103,0.000660593213979,-0.00112097873352,0.00227797962725,-0.00112587562762,0.00125852890778],[-0.000511868740432,0.00171729957219,-0.000873379758559,0.00066672381945,-0.00106990942731,0.00617699557915,-0.00356101081707,0.00138327409513,-0.000485949567519,0.000515433202963,-0.00185705220792,0.00183196563739,-0.000548437179532],[0.000494298292324,-0.00123076373711,0.000545660557691,-0.000226844320423,0.000273541954812,-0.00356101081707,0.00819838419557,-0.0032367403619,0.00218643737026,-0.00118746049702,-0.000896155135706,0.000801270420197,0.000128082596348],[-0.000648596964311,0.0013689394109,-0.00103635352571,0.0014145525638,-0.00096844806103,0.00138327409513,-0.0032367403619,0.00995035097003,-0.00467964075506,0.000800770649221,0.000861549167894,-0.000224518676987,-0.000421858130721],[0.000636667071376,-0.00129334058147,0.00115694606211,-0.00186885462608,0.000660593213979,-0.000485949567519,0.00218643737026,-0.00467964075506,0.00875266734511,-0.0021732551977,-0.00129537365865,0.000146743128425,-0.00223182002082],[-0.000638505152892,0.0020234847907,-0.00150252389722,0.00160265318118,-0.00112097873352,0.000515433202963,-0.00118746049702,0.000800770649221,-0.0021732551977,0.011360457167,-0.00430268282071,0.00226445309818,-0.000973111542407],[0.000812287151348,-0.00275507569313,0.00183033174835,-0.00116102397442,0.00227797962725,-0.00185705220792,-0.000896155135706,0.000861549167894,-0.00129537365865,-0.00430268282071,0.0152785088867,-0.0091139478609,0.0029067506548],[-0.000844972790219,0.00252326647751,-0.00263216486201,0.00225344952196,-0.00112587562762,0.00183196563739,0.000801270420197,-0.000224518676987,0.000146743128425,0.00226445309818,-0.0091139478609,0.0198071394116,-0.00901165418327],[0.000506521260832,-0.00196821382269,0.00156752660405,-0.00136591354385,0.00125852890778,-0.000548437179532,0.000128082596348,-0.000421858130721,-0.00223182002082,-0.000973111542407,0.0029067506548,-0.00901165418327,0.0180072411895]],"mean":[-60.970703125,102.599006653,-89.7360687256,31.9525623322,-49.8478240967,25.1773204803,-21.0473175049,14.6743927002,-7.57195520401,4.35555124283,-3.68272805214,2.51852440834,-6.60694980621]},"hfc":{"dmean":5.44383382797,"dmean2":7.64115285873,"dvar":97.2268600464,"dvar2":191.406707764,"max":173.233444214,"mean":16.1608791351,"median":9.04693031311,"min":1.25887161587e-16,"var":361.452728271},"melbands":{"dmean":[0.00201282626949,0.00186927162576,0.000416556111304,0.00016400279128,0.000162745913258,0.000146748730913,0.000119532611279,0.0000896018682397,0.000189304439118,0.000170696803252,0.000108592532342,0.0000872857053764,0.0000523499693372,0.0000668311113259,0.0000483086769236,0.0000424112913606,0.0000346920605807,0.0000219605135499,0.0000201139755518,0.0000124462821987,0.0000094803981483,0.00000579869674766,0.0000070420674092,0.00000684343785906,0.00000384225268135,0.00000202174942388,0.0000019913095457,0.00000221842492465,0.00000175047443918,0.0000014372573105,0.00000128323404169,0.00000145413332575,0.00000136646849569,0.0000011263318811,0.00000118701098017,0.00000144101397836,9.36144374464e-7,5.82514360303e-7,3.7525182961e-7,2.6312125101e-7],"dmean2":[0.00337442220189,0.00319079915062,0.000712967652362,0.000263669731794,0.000252069032285,0.000226739430218,0.000186774064787,0.000133276596898,0.000269971555099,0.000246630050242,0.000153681365191,0.00012438421254,0.0000748391248635,0.0000972809502855,0.0000698876101524,0.0000626070759608,0.000052422456065,0.0000328649075527,0.0000303661981889,0.0000195669254026,0.0000146058182509,0.00000891413765203,0.0000108985250336,0.0000105170811366,0.00000602164436714,0.00000318472689287,0.00000312357337862,0.00000359887303603,0.00000275685988527,0.00000226834436035,0.00000191398225979,0.00000217291403715,0.00000206100730793,0.00000173018327132,0.00000180824577001,0.00000216965258915,0.00000134643698857,8.76144724771e-7,5.84437600537e-7,4.35205777194e-7],"dvar":[0.0000147392947838,0.0000150133955685,0.00000139111716635,2.02789038894e-7,1.6807831571e-7,1.57984899829e-7,8.08994613521e-8,9.3104233656e-8,3.9394109308e-7,3.57457707878e-7,1.1659510335e-7,7.83648985703e-8,5.68805269552e-8,4.74132910711e-8,4.2589142879e-8,3.1994613181e-8,1.97463823071e-8,6.42171515963e-9,8.01982835696e-9,2.81323364604e-9,1.21719101465e-9,3.65189795071e-10,5.14370823712e-10,4.97902885588e-10,1.19333570803e-10,2.79182562485e-11,2.73267675849e-11,2.68364306472e-11,2.03055124798e-11,1.33079892592e-11,1.11303388381e-11,1.66509549204e-11,2.50817283609e-11,1.14719015537e-11,2.51079348285e-11,4.37549683985e-11,1.4987693378e-11,6.0202984091e-12,1.51047035123e-12,6.04044537913e-13],"dvar2":[0.0000391386274714,0.0000417600494984,0.00000382664438803,4.90950867515e-7,3.77500271043e-7,3.91846924686e-7,1.99380480126e-7,2.23474202699e-7,8.507114444e-7,7.44003330055e-7,2.56615209082e-7,1.68821003399e-7,1.1167234959e-7,1.00475681108e-7,8.21782109028e-8,6.90129837722e-8,4.42740706319e-8,1.36413662588e-8,1.78817831653e-8,6.98280233635e-9,2.97140512195e-9,8.18717482698e-10,1.1962945079e-9,9.98149451981e-10,2.82656287265e-10,7.14232423205e-11,6.61911220279e-11,7.02125302343e-11,4.67718502817e-11,3.0893110986e-11,2.31774998499e-11,3.34301059057e-11,5.51636167301e-11,2.50005745273e-11,5.30880721328e-11,9.80449540999e-11,3.01789010448e-11,1.32893114915e-11,3.57245374775e-12,1.60415365887e-12],"max":[0.0474364310503,0.048361312598,0.0203809477389,0.00852524396032,0.00902659725398,0.0113961650059,0.00543879345059,0.0122691718861,0.0152978515252,0.013933621347,0.00729477452114,0.00671666255221,0.00980513636023,0.00526056997478,0.006335508544,0.0045470315963,0.00493723712862,0.00284326914698,0.00275880726986,0.00142476637848,0.00123810768127,0.000572172109969,0.000643096107524,0.000810802914202,0.000314767559757,0.000125424558064,0.000134013622301,0.000106770399725,0.000156411144417,0.0000798332330305,0.0000621572471573,0.00012551114196,0.000240942885284,0.0000979439573712,0.000148635386722,0.000209706107853,0.0000997331517283,0.0000837993720779,0.0000343382671417,0.0000122714127428],"mean":[0.00400514854118,0.0034205284901,0.000492990133353,0.000234474733588,0.000308792426949,0.000287128175842,0.000244544818997,0.000160673691425,0.000353223265847,0.000297043530736,0.000195946879103,0.000171177802258,0.0000897575373529,0.000110857377877,0.0000744197750464,0.0000601020692557,0.0000488189325552,0.00003382597788,0.0000281614229607,0.0000159562478075,0.0000146484098877,0.0000101095129139,0.0000107795012809,0.0000112539282782,0.00000697171799402,0.00000354637109012,0.0000035735063193,0.00000419109255745,0.00000336448943017,0.00000256845760305,0.00000239642145061,0.00000249644267569,0.0000024037183266,0.00000200298040909,0.0000018840418079,0.00000209543100027,0.00000140209181154,8.92211232895e-7,5.72771398311e-7,3.90218588109e-7],"median":[0.0023522535339,0.00243937643245,0.000157021349878,0.0000674320908729,0.000107763960841,0.0000891649979167,0.0000785956945037,0.0000448280043202,0.0000516553409398,0.0000375757917936,0.0000289030249405,0.0000175600271177,0.00000861871194502,0.0000198247598746,0.0000136524240588,0.00000725617655917,0.00000592209380557,0.00000549229889657,0.00000363032404493,0.00000229341139857,0.00000286180056719,0.00000199572741622,0.00000181603627425,0.00000197799226953,0.00000121825723909,9.32718705826e-7,6.8773476869e-7,7.04368403603e-7,4.78074753119e-7,4.48205014436e-7,3.80423557544e-7,4.38850406681e-7,4.25422797434e-7,3.77146136543e-7,3.10580446694e-7,3.04777472593e-7,2.12889233353e-7,1.75308684902e-7,1.36290907449e-7,1.04681191715e-7],"min":[4.13370608514e-24,1.89331760626e-23,1.42592162199e-23,1.32512460429e-23,1.17510858255e-23,5.66420076534e-24,6.15885915141e-24,1.06896498117e-23,5.22213258039e-24,4.00494899705e-24,3.73914231504e-24,2.48423224778e-24,4.70708608423e-24,1.4264949661e-23,6.48145514113e-24,5.28085775276e-24,8.06282503882e-24,1.04999185088e-23,9.66279745996e-24,1.08974586511e-23,6.03803208757e-24,7.82967246512e-24,8.63400214383e-24,9.11107524259e-24,1.23908204652e-23,1.61443602806e-23,5.96135086327e-24,6.16781706141e-24,1.26414770735e-23,9.88477424122e-24,9.56871317524e-24,1.09206969156e-23,1.24277202229e-23,1.22844173286e-23,9.31942602944e-24,8.04628656995e-24,9.51349685618e-24,7.81031934053e-24,1.31412780438e-23,1.31218933648e-23],"var":[0.0000251776546065,0.0000160732088261,0.00000116315345622,2.61329034856e-7,3.90633886127e-7,3.20320651781e-7,1.96823748411e-7,1.4363448031e-7,8.3681226215e-7,7.07877632067e-7,2.42548821916e-7,1.94748807303e-7,1.71404337834e-7,9.02963819271e-8,7.9811691478e-8,5.22900158728e-8,2.98175670821e-8,1.12442766209e-8,1.18955201245e-8,3.53942142262e-9,2.21621609953e-9,7.24791338058e-10,9.13314368578e-10,1.10418985066e-9,2.41907605059e-10,5.03063458945e-11,5.66223283538e-11,6.90033932771e-11,5.7247557389e-11,3.06828139285e-11,2.87614515537e-11,3.73711617208e-11,4.50944212527e-11,2.6257516994e-11,4.72847871968e-11,6.68789745806e-11,2.75874895844e-11,9.28917966853e-12,2.1223968763e-12,7.27222427242e-13]},"melbands_crest":{"dmean":2.99440789223,"dmean2":4.8702044487,"dvar":8.68807029724,"dvar2":21.9191093445,"max":35.0975952148,"mean":18.5038566589,"median":18.8076629639,"min":2.04072666168,"var":35.0694313049},"melbands_flatness_db":{"dmean":0.0316920131445,"dmean2":0.0485394597054,"dvar":0.00111079600174,"dvar2":0.00255365623161,"max":0.798755884171,"mean":0.291523396969,"median":0.272293031216,"min":0.00652816006914,"var":0.0125638730824},"melbands_kurtosis":{"dmean":22.0383682251,"dmean2":34.1721382141,"dvar":2866.0144043,"dvar2":6460.17871094,"max":1520.03051758,"mean":59.5895309448,"median":13.127571106,"min":-1.96317362785,"var":18946.421875},"melbands_skewness":{"dmean":1.10086917877,"dmean2":1.68514513969,"dvar":2.0853228569,"dvar2":4.77843999863,"max":28.5841312408,"mean":4.21762371063,"median":3.04437875748,"min":-4.95042037964,"var":17.2718696594},"melbands_spread":{"dmean":4.87823963165,"dmean2":7.60624027252,"dvar":94.2481002808,"dvar2":184.695205688,"max":285.181030273,"mean":14.9840993881,"median":11.3292350769,"min":0.196674615145,"var":317.520507813},"mfcc":{"cov":[[17311.4433594,-406.907073975,-1998.93994141,-382.540100098,-856.636657715,-229.476348877,-267.422973633,-173.541595459,-151.323318481,-2.34632706642,-104.345863342,-199.782806396,-332.164245605],[-406.907073975,1878.5189209,-264.015625,-167.807434082,14.8751382828,-195.206802368,-16.2466945648,11.1994667053,-55.0366287231,-48.6692962646,6.53270196915,55.2120056152,37.9950408936],[-1998.93994141,-264.015625,926.47479248,254.897399902,171.681228638,135.5597229,68.8802185059,46.4763793945,49.765411377,-19.8559341431,17.2479534149,48.6197319031,67.5390472412],[-382.540100098,-167.807434082,254.897399902,466.67074585,202.353210449,35.9971961975,-45.7578811646,4.92860937119,55.7436218262,-0.830227673054,-24.5311279297,31.3732624054,7.46485567093],[-856.636657715,14.8751382828,171.681228638,202.353210449,323.26348877,53.1075439453,-27.132106781,26.5964794159,48.7191848755,12.7412071228,-3.34245753288,14.5781106949,3.48499250412],[-229.476348877,-195.206802368,135.5597229,35.9971961975,53.1075439453,246.700195313,123.006866455,4.21589517593,17.6358394623,8.04820156097,30.2412776947,-5.7894692421,-0.963507711887],[-267.422973633,-16.2466945648,68.8802185059,-45.7578811646,-27.132106781,123.006866455,267.978790283,33.1981124878,8.01878929138,-4.69543361664,39.2442321777,-25.9279880524,21.6971359253],[-173.541595459,11.1994667053,46.4763793945,4.92860937119,26.5964794159,4.21589517593,33.1981124878,132.684371948,38.2302131653,21.7740211487,4.36371135712,12.5493450165,15.7913293839],[-151.323318481,-55.0366287231,49.765411377,55.7436218262,48.7191848755,17.6358394623,8.01878929138,38.2302131653,140.926620483,50.4483070374,17.173664093,3.88183498383,9.46523189545],[-2.34632706642,-48.6692962646,-19.8559341431,-0.830227673054,12.7412071228,8.04820156097,-4.69543361664,21.7740211487,50.4483070374,116.271995544,39.6412963867,15.9150543213,4.40456914902],[-104.345863342,6.53270196915,17.2479534149,-24.5311279297,-3.34245753288,30.2412776947,39.2442321777,4.36371135712,17.173664093,39.6412963867,97.6075668335,27.0511856079,20.1253566742],[-199.782806396,55.2120056152,48.6197319031,31.3732624054,14.5781106949,-5.7894692421,-25.9279880524,12.5493450165,3.88183498383,15.9150543213,27.0511856079,102.028846741,46.8249320984],[-332.164245605,37.9950408936,67.5390472412,7.46485567093,3.48499250412,-0.963507711887,21.6971359253,15.7913293839,9.46523189545,4.40456914902,20.1253566742,46.8249320984,103.607322693]],"icov":[[0.0000917976794881,0.0000258105101238,0.000187864105101,-0.000108066880784,0.000225590367336,-0.0000666828127578,0.0000785244919825,-0.0000304335844703,0.0000010761438034,0.0000274262656603,-0.0000146801712617,0.0000342019084201,0.000136275441037],[0.0000258105101238,0.000683132966515,0.000214802057599,0.000252085155807,-0.000364204315701,0.000616236880887,-0.000291795644443,-0.0000139013591252,0.0000780421687523,0.000384999468224,-0.000102791636891,-0.000512585393153,-0.0000166198951774],[0.000187864105101,0.000214802057599,0.00192886334844,-0.00078587961616,0.0000857302802615,-0.000587346206885,-0.0000386936990253,-0.000401720579248,-0.000114626105642,0.000703837315086,-0.000229661440244,-0.000258836691501,-0.000474110682262],[-0.000108066880784,0.000252085155807,-0.00078587961616,0.00370976771228,-0.00211216509342,0.00030536315171,0.0000454697947134,0.000651616544928,-0.000902913918253,0.00027349285665,0.00107758294325,-0.00124803115614,0.00019673598581],[0.000225590367336,-0.000364204315701,0.0000857302802615,-0.00211216509342,0.00546906935051,-0.00151947070844,0.00126187561546,-0.000899016216863,-0.000564681889955,-0.000232208214584,-0.000180852570338,0.000737152236979,0.000391207955545],[-0.0000666828127578,0.000616236880887,-0.000587346206885,0.00030536315171,-0.00151947070844,0.00679235439748,-0.00329875247553,0.000983175705187,-0.0000774376749177,-0.0000934343479457,-0.000728797982447,-0.000957050535362,0.00116149161477],[0.0000785244919825,-0.000291795644443,-0.0000386936990253,0.0000454697947134,0.00126187561546,-0.00329875247553,0.00644963234663,-0.00179149326868,0.0000250285120273,0.000946359301452,-0.00219668447971,0.00305193476379,-0.00176516047213],[-0.0000304335844703,-0.0000139013591252,-0.000401720579248,0.000651616544928,-0.000899016216863,0.000983175705187,-0.00179149326868,0.00911576207727,-0.00201748730615,-0.00124451890588,0.00149781384971,-0.00146815122571,-0.000242578680627],[0.0000010761438034,0.0000780421687523,-0.000114626105642,-0.000902913918253,-0.000564681889955,-0.0000774376749177,0.0000250285120273,-0.00201748730615,0.00969020649791,-0.00372592220083,-0.000525001203641,0.0013395777205,-0.000795171654318],[0.0000274262656603,0.000384999468224,0.000703837315086,0.00027349285665,-0.000232208214584,-0.0000934343479457,0.000946359301452,-0.00124451890588,-0.00372592220083,0.0124965943396,-0.00462241284549,-0.00102749839425,0.000638055847958],[-0.0000146801712617,-0.000102791636891,-0.000229661440244,0.00107758294325,-0.000180852570338,-0.000728797982447,-0.00219668447971,0.00149781384971,-0.000525001203641,-0.00462241284549,0.0147413006052,-0.00385228358209,-0.000584207882639],[0.0000342019084201,-0.000512585393153,-0.000258836691501,-0.00124803115614,0.000737152236979,-0.000957050535362,0.00305193476379,-0.00146815122571,0.0013395777205,-0.00102749839425,-0.00385228358209,0.0154220610857,-0.00619312468916],[0.000136275441037,-0.0000166198951774,-0.000474110682262,0.00019673598581,0.000391207955545,0.00116149161477,-0.00176516047213,-0.000242578680627,-0.000795171654318,0.000638055847958,-0.000584207882639,-0.00619312468916,0.0137519352138]],"mean":[-707.799987793,130.884078979,22.1855869293,19.7581348419,7.29274082184,12.3309469223,5.57869672775,14.1307268143,4.68837356567,9.03935337067,8.09793567657,8.56423187256,3.52337217331]},"pitch_salience":{"dmean":0.0713587254286,"dmean2":0.115542963147,"dvar":0.00516968918964,"dvar2":0.0131539730355,"max":0.951806545258,"mean":0.382399052382,"median":0.399879157543,"min":0.00724471453577,"var":0.0234601590782},"silence_rate_20dB":{"dmean":0,"dmean2":0,"dvar":0,"dvar2":0,"max":1,"mean":1,"median":1,"min":1,"var":0},"silence_rate_30dB":{"dmean":0.0283227618784,"dmean2":0.0566538795829,"dvar":0.027523830533,"dvar2":0.0649482235312,"max":1,"mean":0.974926233292,"median":1,"min":0,"var":0.0244430247694},"silence_rate_60dB":{"dmean":0.00973594933748,"dmean2":0.0194747708738,"dvar":0.00964145362377,"dvar2":0.0205708090216,"max":1,"mean":0.0926253721118,"median":0,"min":0,"var":0.0840428620577},"spectral_centroid":{"dmean":198.820419312,"dmean2":295.171539307,"dvar":105721.8125,"dvar2":196990.109375,"max":11225.1484375,"mean":1009.91040039,"median":849.062438965,"min":74.6316986084,"var":527842.375},"spectral_complexity":{"dmean":2.29119348526,"dmean2":3.46149301529,"dvar":9.83124256134,"dvar2":19.2859020233,"max":53,"mean":12.2744836807,"median":11,"min":0,"var":86.2191543579},"spectral_contrast_coeffs":{"dmean":[0.045279469341,0.0446063615382,0.0385320410132,0.0316773913801,0.02089279145,0.0168164838105],"dmean2":[0.0752570852637,0.0707168132067,0.0607707798481,0.0503499545157,0.0328926965594,0.0264693405479],"dvar":[0.00151464273222,0.00154040486086,0.00119049218483,0.0007719140267,0.000350890855771,0.000281107932096],"dvar2":[0.00419576931745,0.00374488322996,0.00271706259809,0.00180611480027,0.000788164674304,0.000640515179839],"max":[-0.381805449724,-0.315228790045,-0.40010458231,-0.507586419582,-0.571976542473,-0.607477068901],"mean":[-0.672711968422,-0.698791563511,-0.728852927685,-0.765660345554,-0.799056708813,-0.794074892998],"median":[-0.679885268211,-0.704656660557,-0.731799244881,-0.771657466888,-0.801038622856,-0.794338107109],"min":[-0.982226371765,-0.969762742519,-0.970015704632,-0.969403803349,-0.957437217236,-0.956810057163],"var":[0.00571797508746,0.0104254055768,0.00937237404287,0.0051550171338,0.00299368263222,0.00232696672902]},"spectral_contrast_valleys":{"dmean":[0.37893819809,0.354444980621,0.349725425243,0.338008612394,0.264071434736,0.267132639885],"dmean2":[0.618767023087,0.570276975632,0.552001714706,0.520654022694,0.388944447041,0.375877469778],"dvar":[0.130304783583,0.12596039474,0.125178843737,0.14296156168,0.115494050086,0.137670189142],"dvar2":[0.284328997135,0.264958173037,0.256338059902,0.28275167942,0.206525340676,0.25170147419],"max":[-5.0031671524,-4.64334869385,-4.94147348404,-5.73018550873,-5.67706632614,-7.7184548378],"mean":[-7.54421806335,-7.50165748596,-8.15923309326,-8.73660373688,-8.5696105957,-10.623588562],"median":[-7.22509765625,-7.21793937683,-7.82721805573,-8.39912986755,-8.32815647125,-10.2581233978],"min":[-27.8125514984,-27.2935428619,-27.0490055084,-27.5344600677,-27.274105072,-27.2762451172],"var":[1.80076944828,1.87362790108,2.14181876183,2.24747252464,2.39382123947,2.0689842701]},"spectral_decrease":{"dmean":2.99819369332e-9,"dmean2":4.80488671073e-9,"dvar":2.56839877983e-17,"dvar2":6.63822566265e-17,"max":1.51103106944e-28,"mean":-8.23341927969e-9,"median":-6.65964972058e-9,"min":-6.2070519391e-8,"var":5.42319660448e-17},"spectral_energy":{"dmean":0.0116426926106,"dmean2":0.0185642186552,"dvar":0.000379661709303,"dvar2":0.000973738031462,"max":0.236234053969,"mean":0.0325405746698,"median":0.0262229330838,"min":1.08480351017e-20,"var":0.00083520624321},"spectral_energyband_high":{"dmean":0.000269171228865,"dmean2":0.000373790389858,"dvar":5.10711402057e-7,"dvar2":9.74358613348e-7,"max":0.0213761683553,"mean":0.000581246509682,"median":0.00012922930182,"min":8.0883537831e-21,"var":0.00000144590808304},"spectral_energyband_low":{"dmean":0.00933362357318,"dmean2":0.0156813748181,"dvar":0.000318430596963,"dvar2":0.000861530774273,"max":0.234316885471,"mean":0.0191825330257,"median":0.0131849888712,"min":7.44980233378e-23,"var":0.000476163404528},"spectral_energyband_middle_high":{"dmean":0.0020319733303,"dmean2":0.00284900981933,"dvar":0.0000235396164499,"dvar2":0.0000456438319816,"max":0.0992603749037,"mean":0.00495083723217,"median":0.00143688009121,"min":1.33045599765e-21,"var":0.0000803844595794},"spectral_energyband_middle_low":{"dmean":0.00338189094327,"dmean2":0.00500933500007,"dvar":0.0000441443480668,"dvar2":0.0000951694528339,"max":0.132343709469,"mean":0.00836145598441,"median":0.00487725902349,"min":2.40780543113e-22,"var":0.000116074930702},"spectral_entropy":{"dmean":0.194241538644,"dmean2":0.286532521248,"dvar":0.0481034740806,"dvar2":0.102310024202,"max":9.80034923553,"mean":7.27600860596,"median":7.38653564453,"min":3.81462192535,"var":0.481727033854},"spectral_flux":{"dmean":0.0270027462393,"dmean2":0.0430592261255,"dvar":0.00121521844994,"dvar2":0.00273558450863,"max":0.372906148434,"mean":0.0750936791301,"median":0.0613788664341,"min":1.04153900782e-10,"var":0.00372314755805},"spectral_kurtosis":{"dmean":1.89750158787,"dmean2":3.03887224197,"dvar":6.71693658829,"dvar2":16.8372173309,"max":50.377620697,"mean":6.00564813614,"median":4.10111808777,"min":-1.22803401947,"var":37.0429420471},"spectral_rms":{"dmean":0.000888944254257,"dmean2":0.00138928333763,"dvar":0.00000130917112529,"dvar2":0.00000325711016558,"max":0.0151813123375,"mean":0.00505938567221,"median":0.0050579989329,"min":3.25322126009e-12,"var":0.00000614963664702},"spectral_rolloff":{"dmean":323.575042725,"dmean2":554.405395508,"dvar":788543,"dvar2":1869243.75,"max":19272.2167969,"mean":858.108581543,"median":581.396484375,"min":64.599609375,"var":1783398.125},"spectral_skewness":{"dmean":0.253898888826,"dmean2":0.380247473717,"dvar":0.0797028467059,"dvar2":0.167384788394,"max":6.19591569901,"mean":1.83427619934,"median":1.69845938683,"min":-0.819118320942,"var":0.720779240131},"spectral_spread":{"dmean":580386,"dmean2":866735.625,"dvar":642703753216,"dvar2":1250689941500,"max":39381680,"mean":5017714,"median":4660776,"min":1306804.125,"var":4255842566140},"spectral_strongpeak":{"dmean":0.447349876165,"dmean2":0.772476792336,"dvar":1.0413287878,"dvar2":2.53310751915,"max":12.8202667236,"mean":0.810934841633,"median":0.426820158958,"min":0,"var":1.60936641693},"zerocrossingrate":{"dmean":0.00803427584469,"dmean2":0.00957781914622,"dvar":0.000146296588355,"dvar2":0.000174446642632,"max":0.505859375,"mean":0.0393644720316,"median":0.031982421875,"min":0.001953125,"var":0.00125153758563}},"metadata":{"audio_properties":{"analysis_sample_rate":44100,"bit_rate":320053,"codec":"mp3","downmix":"mix","equal_loudness":0,"length":157.387756348,"lossless":false,"md5_encoded":"ba246ff38f153a66977ea55bca5fef59","replay_gain":-8.62071228027,"sample_rate":44100},"tags":{"acoustid_id":["28a613c1-23e8-43fc-8171-04ce7f58fa48"],"album":["Blunderbuss"],"albumartist":["Jack White"],"albumartistsort":["White, Jack"],"artist":["Jack White"],"artistsort":["White, Jack"],"asin":["B007BRSO6C"],"barcode":["4547366064612"],"catalognumber":["SICP-3480"],"date":["2012"],"discnumber":["1/1"],"file_name":"11 - I Guess I Should Go to Sleep.mp3","genre":["Rock"],"isrc":["USSM11200660"],"label":["Sony Records International"],"language":["eng"],"media":["CD"],"musicbrainz album release country":["JP"],"musicbrainz album status":["official"],"musicbrainz album type":["album"],"musicbrainz_albumartistid":["3ae2fb37-8a23-429d-9920-bac811c4fc22"],"musicbrainz_albumid":["729e0887-8431-45cd-ba72-c93710429738"],"musicbrainz_artistid":["3ae2fb37-8a23-429d-9920-bac811c4fc22"],"musicbrainz_recordingid":["36674655-9c4e-40d8-bcf8-edb045b83d0d"],"musicbrainz_releasegroupid":["37f48931-e5e6-488f-a531-ad2db311158d"],"originaldate":["2012"],"performer":["Jack White","Adam Hoskins","Jack White","Jack White","Pokey LaFarge","Ryan Koenig","Pokey LaFarge"],"script":["Latn"],"title":["I Guess I Should Go to Sleep"],"tracknumber":["11/15"]},"version":{"essentia":"2.1-beta2","essentia_build_sha":"2d9f1f26377add8aeb1075a9c2973f962c4f09fd","essentia_git_sha":"v2.1_beta2-1-ge3940c0","extractor":"music 1.0"}},"rhythm":{"beats_count":355,"beats_loudness":{"dmean":0.0206440538168,"dmean2":0.0347706563771,"dvar":0.00052398146363,"dvar2":0.0014818868367,"max":0.168238729239,"mean":0.0396259427071,"median":0.0320218466222,"min":1.60614320066e-7,"var":0.00103527435567},"beats_loudne