{"lowlevel":{"average_loudness":0.901877105236,"barkbands":{"dmean":[0.00000960229226621,0.000847088580485,0.00175146455877,0.00176656211261,0.00217285146937,0.0011203228496,0.000759291055147,0.000736032845452,0.000565044523682,0.000423334800871,0.000294237397611,0.00017099280376,0.000349645095412,0.000335286575137,0.000189859594684,0.000157584392582,0.000136104339617,0.000192239807802,0.000137650626129,0.000198164343601,0.000175442561158,0.000244045018917,0.000256416737102,0.0000833434896776,0.000036820252717,0.00000672409942126,2.49711263223e-7],"dmean2":[0.0000162624546647,0.00134434562642,0.00269211828709,0.00286514218897,0.0034203378018,0.00169861328322,0.00115159596317,0.00110316625796,0.000847566640005,0.000645362946671,0.00045207850053,0.000263728114078,0.00054675177671,0.0005259339232,0.000295449019177,0.000239888526266,0.000213634644751,0.00029883463867,0.000210558937397,0.000291119737085,0.000264387548668,0.000363359431503,0.000366013933672,0.000121395874885,0.0000520279609191,0.00000958187683864,3.85500982247e-7],"dvar":[4.79823125676e-10,0.00000532008516529,0.00000984515281743,0.0000110147111627,0.0000130732078105,0.00000476074137623,0.00000218922446038,0.00000323503536492,0.00000202259980142,9.67081405179e-7,4.43644609049e-7,2.56513715158e-7,0.00000116682554108,0.00000135529478484,1.85460180546e-7,2.44851378284e-7,1.22287914905e-7,2.26886697874e-7,1.04836772152e-7,0.00000153939913616,4.22886500928e-7,6.54518657939e-7,6.99858389908e-7,9.62075574762e-8,9.93651383396e-9,4.47912457124e-10,6.2141025832e-13],"dvar2":[1.07853015407e-9,0.0000136372354973,0.0000224629548029,0.0000294429028145,0.0000321650950355,0.0000107637006295,0.00000478273796034,0.00000680596031088,0.00000409932863477,0.00000234187700698,0.00000104384992028,5.96416725784e-7,0.00000291444439426,0.00000314586714012,4.05159568118e-7,5.89860746913e-7,3.12175899353e-7,5.55840301786e-7,2.42875188405e-7,0.00000253536404671,0.00000111493955046,0.00000159431988322,0.00000130495482153,2.42680414431e-7,1.8376040245e-8,8.35678914957e-10,1.43868359066e-12],"max":[0.000712176377419,0.0426061749458,0.0649587884545,0.0659345239401,0.0504769384861,0.0441363342106,0.0277206487954,0.0507168397307,0.0515939965844,0.0219390466809,0.0205777343363,0.0129427490756,0.0318543612957,0.0299871694297,0.0129615645856,0.0158460643142,0.00965391285717,0.0121969850734,0.00754663255066,0.0887766107917,0.02102131024,0.0229484960437,0.022955134511,0.0143501833081,0.00264985719696,0.000581798958592,0.0000225024759857],"mean":[0.0000124763719214,0.00155565910973,0.0059955175966,0.00384995900095,0.00450226012617,0.00228415266611,0.00159000395797,0.00127852603327,0.00097952852957,0.000709941785317,0.000509847188368,0.000288050126983,0.000548323616385,0.000493114406709,0.000333237694576,0.000264463014901,0.000210629557841,0.000292199169053,0.00021944695618,0.000303172273561,0.000237514759647,0.000377696822397,0.000474420608953,0.000134429807076,0.0000605914319749,0.0000115425445983,7.04335832324e-7],"median":[0.00000579437300985,0.000441299867816,0.00231269933283,0.00163007667288,0.00226481538266,0.00107329222374,0.000408479332691,0.000283383997157,0.000243264759774,0.00020498324011,0.000146388498251,0.0000474607440992,0.0000815951716504,0.0000781217822805,0.000129685970023,0.000063427069108,0.0000742897973396,0.0000837261031847,0.0000706030405127,0.0000633754389128,0.0000537037922186,0.000070178808528,0.0000551755983906,0.0000191264589375,0.00000610702090853,0.00000121630750982,4.62910350052e-7],"min":[1.66232666921e-23,2.28727915995e-23,3.48585769549e-23,1.98358695965e-23,2.7951383444e-23,3.37217274163e-23,8.46391710623e-23,5.86406948307e-23,3.69594618514e-23,7.64623690334e-23,3.90778121283e-23,9.91885177015e-23,6.39823749426e-23,2.71759016197e-23,6.53727643761e-23,1.27214461123e-22,2.89945282978e-22,2.4186667205e-22,4.41387644118e-22,3.5207324157e-22,6.95076879892e-22,5.23213042995e-22,6.85880099645e-22,6.78776463992e-22,1.42605049031e-21,1.62571141262e-21,2.29714902156e-21],"var":[8.11561762237e-10,0.0000108954309326,0.0000650362635497,0.0000294467736239,0.0000364164225175,0.0000149663437696,0.00000787281442172,0.00000749803302824,0.00000651363961879,0.00000195489815269,0.00000125979011045,6.45871239158e-7,0.00000229315674005,0.00000237342533183,4.02013512257e-7,6.83961275172e-7,1.62707394225e-7,3.62288773204e-7,1.77048576688e-7,0.00000397447456635,3.99221391945e-7,0.00000108510676,0.00000222010839934,1.48737370864e-7,3.03573735039e-8,1.48400658428e-9,1.10919834515e-12]},"barkbands_crest":{"dmean":2.20102262497,"dmean2":3.48445749283,"dvar":4.60136985779,"dvar2":10.9042186737,"max":26.2064914703,"mean":10.9187641144,"median":10.1450653076,"min":2.66072106361,"var":18.7048072815},"barkbands_flatness_db":{"dmean":0.0226970352232,"dmean2":0.031772878021,"dvar":0.000529295939486,"dvar2":0.00105275586247,"max":0.452297687531,"mean":0.16004216671,"median":0.151275336742,"min":0.0384711734951,"var":0.0039965454489},"barkbands_kurtosis":{"dmean":5.56958913803,"dmean2":8.46897125244,"dvar":285.435394287,"dvar2":619.753417969,"max":727.567871094,"mean":13.6256418228,"median":4.0749464035,"min":-1.96416449547,"var":2127.81933594},"barkbands_skewness":{"dmean":0.63158249855,"dmean2":0.943717062473,"dvar":0.648912608624,"dvar2":1.29040682316,"max":12.4110326767,"mean":1.97951698303,"median":1.84912776947,"min":-25.439037323,"var":6.6379275322},"barkbands_spread":{"dmean":6.11075258255,"dmean2":8.89488506317,"dvar":71.8188247681,"dvar2":139.754623413,"max":123.306610107,"mean":20.0583457947,"median":14.4655342102,"min":0.476405769587,"var":322.070343018},"dissonance":{"dmean":0.0210560131818,"dmean2":0.0339371934533,"dvar":0.000443922966952,"dvar2":0.00112019712105,"max":0.499766230583,"mean":0.449894309044,"median":0.459108889103,"min":0.251170963049,"var":0.0013881076593},"dynamic_complexity":3.43532800674,"erbbands":{"dmean":[0.0134480884299,0.243145138025,1.58568692207,4.19627189636,7.18726873398,7.14261007309,8.16110801697,9.3402557373,8.76839160919,15.1319093704,14.8891172409,13.5051631927,11.4229316711,11.8815898895,11.2424058914,7.10248470306,14.2395868301,16.4543399811,13.4338321686,8.8267660141,6.80667543411,6.99684381485,10.224729538,7.26319026947,7.96465539932,9.37462329865,7.31688785553,7.4560675621,9.2320766449,7.6591925621,8.02285480499,2.9011733532,0.9223331213,0.511567413807,0.211794152856,0.0503516122699,0.00918654259294,0.000751196173951,0.0000532681733603,0.0000104761420516],"dmean2":[0.0224352888763,0.377517193556,2.42312335968,6.63729190826,11.6062049866,11.3140821457,12.5321445465,14.3710212708,13.8810396194,22.274974823,22.3691730499,20.0576286316,17.2588710785,18.1483917236,17.3599281311,10.8938026428,22.0159893036,25.2270107269,20.9790229797,13.3795528412,10.3617048264,10.7358388901,15.8048391342,11.0765285492,11.4079713821,13.7865724564,10.7581949234,11.4532899857,14.0181264877,10.9298009872,11.8544559479,4.31167554855,1.3164961338,0.729292869568,0.301685541868,0.0714097991586,0.0131051894277,0.00109427666757,0.000079471457866,0.0000149131938088],"dvar":[0.00145173701458,0.39554259181,8.17166996002,55.190448761,192.578704834,158.95149231,266.162109375,382.935760498,312.057373047,1027.77539062,1791.45617676,1172.9095459,589.784790039,1045.33703613,643.437744141,343.099761963,1853.71716309,2144.47827148,1593.39892578,542.561950684,329.190185547,312.919311523,651.825317383,273.411834717,1527.91796875,2874.57861328,578.13470459,1110.73852539,1028.20336914,586.264953613,758.74432373,144.225814819,5.31709718704,1.84720599651,0.355554103851,0.0223504602909,0.000998382340185,0.00000559930003874,2.30583765415e-8,2.83632145548e-10],"dvar2":[0.00377569906414,0.996468007565,17.6245307922,144.16960144,515.527526855,370.55657959,594.399414062,885.72668457,737.413574219,2215.28735352,3822.07568359,2426.33642578,1234.67736816,2675.22265625,1552.98339844,817.749572754,4587.60449219,5133.32128906,3751.49365234,1251.79223633,823.330749512,793.721313477,1569.98217773,647.926879883,1897.96057129,6354.85449219,1270.74279785,3072.32958984,2537.484375,1185.77197266,1540.84057617,365.131317139,11.029291153,3.50961995125,0.678329467773,0.0414004772902,0.00194896839093,0.0000113097066787,5.31881809707e-8,6.08251726764e-10],"max":[0.615788698196,11.6630239487,58.7646179199,139.004333496,224.139038086,217.936599731,383.328613281,503.53793335,413.942840576,890.786132812,1397.98034668,1034.7142334,932.069641113,716.238098145,555.696838379,386.875396729,1414.31433105,1063.4967041,1056.72741699,879.098022461,545.547119141,398.390594482,752.859924316,393.778533936,3474.67163086,2977.39428711,1149.02941895,1187.42077637,935.280578613,781.856811523,694.336364746,565.330566406,45.5473327637,35.2655563354,16.0374469757,3.46217179298,0.978231966496,0.0650376603007,0.00398715725169,0.000429286301369],"mean":[0.0196425635368,0.519778907299,5.21675539017,12.0393333435,13.0731611252,15.5029754639,16.2692127228,19.0178012848,18.1537857056,31.2942295074,26.7106056213,24.1175231934,20.4453372955,20.7807884216,20.3931465149,13.3005876541,23.5931224823,26.3986854553,22.4963684082,17.0196113586,11.9729032516,11.2248735428,15.9148111343,11.8831291199,13.1623163223,13.8848676682,9.94728279114,10.2323951721,13.8805189133,13.1451702118,14.3149356842,4.94063329697,1.5050432682,0.837507665157,0.34295129776,0.0851387456059,0.0158366449177,0.00144520716276,0.000148063219967,0.0000421348959208],"median":[0.00909079797566,0.20892110467,2.25911808014,6.51928901672,6.68955850601,6.76138591766,7.630610466,9.04849624634,7.22464084625,6.95325183868,8.06300735474,6.91432523727,7.38149642944,6.15080404282,5.53987646103,2.86190843582,4.0764837265,4.75876903534,6.29447460175,5.54402160645,3.90199565887,3.9601392746,4.86901855469,3.81440615654,3.52737569809,3.09299254417,2.29097270966,2.25586223602,2.52716422081,1.93074059486,1.61005222797,0.635780215263,0.21563744545,0.0907694399357,0.0328045263886,0.00763490051031,0.00192222336773,0.00046164172818,0.0000904627813725,0.0000361364327546],"min":[6.61545772825e-22,5.58749598566e-21,3.8901926161e-20,3.97912422547e-20,1.35192770804e-19,5.00545955649e-20,2.04117504872e-19,2.68372571738e-19,1.2111323137e-18,9.39814074252e-19,1.32148110255e-18,8.17406904929e-19,2.46412782461e-18,1.30731966706e-18,2.47352852547e-18,4.09844584309e-18,2.79163137659e-18,1.3699045658e-18,1.98862615141e-18,5.2799290051e-18,7.53105926954e-18,1.785177192e-17,1.46947014546e-17,2.24856840337e-17,1.84369939316e-17,1.77143358613e-17,2.79191522361e-17,2.38967185011e-17,1.63179342189e-17,2.0597650903e-17,1.8807369014e-17,1.36779211195e-17,1.16862654191e-17,1.25673699358e-17,1.20279216178e-17,6.39677255174e-18,3.16696519992e-18,1.28422695571e-18,3.76067015547e-19,2.80917838477e-20],"var":[0.00162520760205,0.968459606171,51.5517044067,213.889938354,345.74786377,565.993774414,765.458618164,1095.203125,882.694946289,3220.5703125,4387.23925781,3625.60888672,1418.28710938,2187.42651367,1738.17053223,1002.32409668,3601.31420898,4096.89208984,2951.30859375,1760.42285156,655.085021973,433.924743652,997.394592285,487.50100708,4828.00439453,4446.16992188,825.011657715,918.712280273,1606.87365723,1525.92346191,2162.95043945,224.869308472,13.8955574036,5.51422643661,1.0690331459,0.0758731365204,0.0029864970129,0.0000148013377839,4.77801194165e-8,1.07307229769e-9]},"erbbands_crest":{"dmean":2.5781826973,"dmean2":4.05916023254,"dvar":6.35674905777,"dvar2":14.6276245117,"max":30.9983139038,"mean":9.69891262054,"median":8.77031421661,"min":2.12920737267,"var":20.9430789948},"erbbands_flatness_db":{"dmean":0.0163970608264,"dmean2":0.0234571080655,"dvar":0.000246519892244,"dvar2":0.000497236906085,"max":0.308192819357,"mean":0.160978242755,"median":0.157792210579,"min":0.0194490067661,"var":0.00140434433706},"erbbands_kurtosis":{"dmean":1.38595986366,"dmean2":2.08536672592,"dvar":5.95955991745,"dvar2":11.575633049,"max":68.0047912598,"mean":1.41287994385,"median":0.177774190903,"min":-1.8844435215,"var":16.5731678009},"erbbands_skewness":{"dmean":0.435140967369,"dmean2":0.628275930882,"dvar":0.223457545042,"dvar2":0.428858101368,"max":7.29041099548,"mean":0.542721450329,"median":0.525596797466,"min":-5.46486473083,"var":1.32565283775},"erbbands_spread":{"dmean":10.2923145294,"dmean2":15.3538722992,"dvar":142.457473755,"dvar2":304.766815186,"max":174.624053955,"mean":43.4079971313,"median":39.2657585144,"min":3.46050190926,"var":543.929016113},"gfcc":{"cov":[[15892.8408203,923.84362793,-2855.92919922,892.297729492,-1386.28552246,317.541137695,-638.434997559,-66.0339050293,-388.300842285,-240.56741333,-218.551757812,-267.846893311,-111.07888031],[923.84362793,1492.76245117,-5.63244056702,-282.561218262,149.103286743,-211.594909668,126.688796997,-79.9918060303,43.072769165,-90.3972930908,20.6180095673,-130.108551025,-46.9695587158],[-2855.92919922,-5.63244056702,1448.73327637,81.4224014282,236.490493774,7.58563089371,21.8452701569,6.61405944824,40.1444129944,42.0142440796,-26.0971717834,96.498008728,27.8162479401],[892.297729492,-282.561218262,81.4224014282,476.958984375,-40.0680580139,74.1747589111,-115.141845703,-16.9146938324,-54.3209686279,-19.0921382904,-52.1926345825,7.90862941742,37.4565162659],[-1386.28552246,149.103286743,236.490493774,-40.0680580139,355.567047119,-8.41027641296,74.2557754517,-29.8982105255,15.7259607315,-13.5219640732,2.05083179474,-3.56547665596,9.13120079041],[317.541137695,-211.594909668,7.58563089371,74.1747589111,-8.41027641296,206.93170166,3.08974838257,-4.40686416626,-45.471031189,-10.8546581268,-19.4843158722,7.00356245041,-16.9389610291],[-638.434997559,126.688796997,21.8452701569,-115.141845703,74.2557754517,3.08974838257,169.876571655,13.2123308182,0.996107876301,-9.2375497818,11.785241127,-18.4144477844,-10.3681221008],[-66.0339050293,-79.9918060303,6.61405944824,-16.9146938324,-29.8982105255,-4.40686416626,13.2123308182,115.660728455,55.2876663208,26.8142566681,4.6563782692,9.48432731628,1.95656216145],[-388.300842285,43.072769165,40.1444129944,-54.3209686279,15.7259607315,-45.471031189,0.996107876301,55.2876663208,131.210464478,43.6092185974,23.9195556641,3.07854580879,-6.57314109802],[-240.56741333,-90.3972930908,42.0142440796,-19.0921382904,-13.5219640732,-10.8546581268,-9.2375497818,26.8142566681,43.6092185974,114.297744751,41.9778137207,20.6621665955,3.87150549889],[-218.551757812,20.6180095673,-26.0971717834,-52.1926345825,2.05083179474,-19.4843158722,11.785241127,4.6563782692,23.9195556641,41.9778137207,83.9157791138,22.7739887238,-6.37240171432],[-267.846893311,-130.108551025,96.498008728,7.90862941742,-3.56547665596,7.00356245041,-18.4144477844,9.48432731628,3.07854580879,20.6621665955,22.7739887238,92.5704727173,40.8409500122],[-111.07888031,-46.9695587158,27.8162479401,37.4565162659,9.13120079041,-16.9389610291,-10.3681221008,1.95656216145,-6.57314109802,3.87150549889,-6.37240171432,40.8409500122,89.5441894531]],"icov":[[0.00121465034317,-0.0025893424172,0.00212945509702,-0.00237273448147,0.00302130752243,-0.00282406085171,0.00309907179326,-0.00203837780282,0.00241757393815,-0.00141529424582,0.00259986519814,-0.00199746410362,0.00137533969246],[-0.0025893424172,0.00669782608747,-0.00467830244452,0.00548740383238,-0.00654862402007,0.00690564932302,-0.00693821674213,0.00514661474153,-0.00561002222821,0.00408216007054,-0.00625816080719,0.0058719473891,-0.00319443573244],[0.00212945509702,-0.00467830244452,0.00468192063272,-0.0044649685733,0.00467548752204,-0.00490976590663,0.00523767108098,-0.00359064643271,0.00405446765944,-0.003117084736,0.00560611393303,-0.00511281564832,0.00304357497953],[-0.00237273448147,0.00548740383238,-0.0044649685733,0.00786893162876,-0.00591067923233,0.00480841612443,-0.00405655894428,0.00395138608292,-0.00401474256068,0.00321054528467,-0.00468630623072,0.00548514770344,-0.00428205914795],[0.00302130752243,-0.00654862402007,0.00467548752204,-0.00591067923233,0.0113325966522,-0.00724469823763,0.00615759659559,-0.00357747823,0.00490067014471,-0.0029337068554,0.00607562810183,-0.00436415662989,0.00250741117634],[-0.00282406085171,0.00690564932302,-0.00490976590663,0.00480841612443,-0.00724469823763,0.0132701518014,-0.00839041639119,0.00473103299737,-0.00393999740481,0.00346259120852,-0.00508450344205,0.00371852749959,-0.000689713284373],[0.00309907179326,-0.00693821674213,0.00523767108098,-0.00405655894428,0.00615759659559,-0.00839041639119,0.016620837152,-0.00763267884031,0.00785237271339,-0.00292285531759,0.005082516931,-0.00292098592035,0.00254770787433],[-0.00203837780282,0.00514661474153,-0.00359064643271,0.00395138608292,-0.00357747823,0.00473103299737,-0.00763267884031,0.0162227861583,-0.0099665876478,0.00180884404108,-0.00292890937999,0.00289772613905,-0.00268482137471],[0.00241757393815,-0.00561002222821,0.00405446765944,-0.00401474256068,0.00490067014471,-0.00393999740481,0.00785237271339,-0.0099665876478,0.0174058899283,-0.00596994860098,0.00417311303318,-0.00368429766968,0.00387130095623],[-0.00141529424582,0.00408216007054,-0.003117084736,0.00321054528467,-0.0029337068554,0.00346259120852,-0.00292285531759,0.00180884404108,-0.00596994860098,0.0152235208079,-0.00970387179404,0.00399742694572,-0.00302308727987],[0.00259986519814,-0.00625816080719,0.00560611393303,-0.00468630623072,0.00607562810183,-0.00508450344205,0.005082516931,-0.00292890937999,0.00417311303318,-0.00970387179404,0.0246374756098,-0.011988802813,0.00717963417992],[-0.00199746410362,0.0058719473891,-0.00511281564832,0.00548514770344,-0.00436415662989,0.00371852749959,-0.00292098592035,0.00289772613905,-0.00368429766968,0.00399742694572,-0.011988802813,0.0241343602538,-0.0116611300036],[0.00137533969246,-0.00319443573244,0.00304357497953,-0.00428205914795,0.00250741117634,-0.000689713284373,0.00254770787433,-0.00268482137471,0.00387130095623,-0.00302308727987,0.00717963417992,-0.0116611300036,0.0182558242232]],"mean":[-27.3951721191,94.364402771,-104.77204895,40.4484214783,-66.3277511597,9.17610263824,-38.4722480774,-5.57523822784,-19.6076927185,-7.91115522385,-18.3032989502,-5.92034387589,-14.6791400909]},"hfc":{"dmean":7.67153406143,"dmean2":10.6468582153,"dvar":286.725830078,"dvar2":612.786682129,"max":516.085632324,"mean":21.442483902,"median":12.3028154373,"min":1.15668873748e-16,"var":824.873291016},"melbands":{"dmean":[0.000176783403731,0.000647823791951,0.000766432553064,0.000514935003594,0.000290350959403,0.000207978446269,0.000139985466376,0.000163088843692,0.000122182245832,0.0000806927782833,0.0000573788056499,0.0000501044232806,0.0000399255259254,0.0000227347700275,0.0000210252746911,0.0000364670122508,0.0000320670405927,0.0000251764922723,0.0000114243002827,0.0000142777871588,0.00000746307978261,0.00000752901405576,0.00000837061816128,0.0000104542332338,0.00000569040275877,0.00000580560390517,0.00000641571023152,0.00000668901202516,0.00000497856763104,0.00000417669934905,0.00000456340967503,0.00000566643120692,0.00000463054493594,0.0000044303174036,0.00000534433638677,0.00000308121980197,0.00000137239089781,6.90698868766e-7,4.79188770441e-7,4.35790411757e-7],"dmean2":[0.000285899353912,0.000989757478237,0.0012129371753,0.000819874694571,0.00044778798474,0.000318342557875,0.000218472938286,0.000241629153606,0.000184240445378,0.000119438460388,0.0000868410497787,0.000076652460848,0.0000611899740761,0.0000351786766259,0.0000324654793076,0.0000569448566239,0.0000493952975376,0.0000395284878323,0.0000175694058271,0.0000219891971938,0.0000116495593829,0.0000118414218377,0.0000129882146211,0.0000162762553373,0.00000882446420292,0.00000887897749635,0.00000903728960111,0.0000100122124422,0.00000742521888242,0.0000065284257289,0.00000708009747541,0.00000883952270669,0.0000068565368565,0.00000649894082017,0.00000796669064584,0.00000465366656499,0.00000206975846595,0.00000100356317034,6.98005294453e-7,6.29509258943e-7],"dvar":[2.37971519823e-7,0.00000144981072481,0.00000179744392881,8.33885394513e-7,2.86240208425e-7,1.72090821593e-7,7.42421804034e-8,1.17110957376e-7,1.17672072975e-7,3.97848474165e-8,1.50538088661e-8,1.96624565518e-8,7.73265984577e-9,4.78389017289e-9,2.78535838838e-9,1.48794372379e-8,9.19940390531e-9,7.82027065327e-9,6.8426198041e-10,2.18821671893e-9,4.61002597207e-10,4.38671154956e-10,3.95321692048e-10,8.27917234769e-10,1.64548513704e-10,2.80343331882e-10,1.85210180526e-9,1.58816437779e-9,3.92614774025e-10,3.06010022877e-10,4.2193165628e-10,4.17886447668e-10,2.16218196125e-10,2.34518182651e-10,3.61205482191e-10,1.03480397862e-10,3.9239680949e-11,3.16725660456e-12,1.43285101666e-12,1.51267865421e-12],"dvar2":[6.12198959971e-7,0.00000320976118928,0.00000475304341307,0.0000020643942662,6.64108654291e-7,3.98044704752e-7,1.707781081e-7,2.53416118312e-7,2.53414128792e-7,8.24883841233e-8,3.18670245747e-8,5.03473529534e-8,1.78010797214e-8,1.12923439488e-8,6.67188171377e-9,3.73121373798e-8,2.18067626179e-8,1.82316313158e-8,1.42061640229e-9,5.23734655644e-9,1.21837850919e-9,1.15493925534e-9,9.54108791973e-10,2.0438004622e-9,3.88951093555e-10,5.1546433788e-10,2.58951371457e-9,3.53502738193e-9,8.13503098218e-10,8.37037772428e-10,1.16949183671e-9,1.07766540136e-9,4.88209861427e-10,5.00716856866e-10,7.49092565755e-10,2.37605296549e-10,1.04127935441e-10,6.90018528426e-12,2.91636051246e-12,2.92878286727e-12],"max":[0.00847554486245,0.0226504337043,0.0231231208891,0.0136106880382,0.0114671280608,0.00972554087639,0.00572684500366,0.00991575419903,0.0105474963784,0.00559503631666,0.00455858558416,0.00304132630117,0.00284494529478,0.00186196551658,0.0010181015823,0.00341543089598,0.00237458385527,0.00252090673894,0.000855329912156,0.00164117733948,0.000779581198003,0.000567724055145,0.000430028594565,0.000802689057309,0.000250733952271,0.00103454990312,0.00377233047038,0.00239016627893,0.00128073734231,0.00058377586538,0.000785567623097,0.000638041936327,0.00049113703426,0.000606986926869,0.000539293338079,0.000227966229431,0.000319459126331,0.0000311162184516,0.0000300970277749,0.0000339824000548],"mean":[0.000292353885015,0.00208149221726,0.00210497272201,0.00103955343366,0.000609012495261,0.000425233825808,0.000292556273052,0.00032887730049,0.000215527325054,0.00013964799291,0.0000991223350866,0.0000832202713354,0.0000705447600922,0.0000394165435864,0.0000354975127266,0.0000581294734729,0.0000482590294268,0.0000390228888136,0.0000208798228414,0.0000246986801358,0.0000118257667054,0.0000112445923151,0.0000127112953123,0.0000155346369866,0.00000864320190885,0.00000890943556442,0.0000099347989817,0.00000917147281143,0.00000671600946589,0.0000050174990065,0.00000620152650299,0.00000803239163361,0.00000714328916729,0.00000738201060813,0.00000915667533263,0.00000529640738023,0.00000210315738514,0.00000105253491256,7.64971446188e-7,6.92810942837e-7],"median":[0.0000989990658127,0.00100551592186,0.00131443224382,0.000509436242282,0.000304988468997,0.000204633572139,0.00010071779252,0.0000760269613238,0.0000532029334863,0.0000381885402021,0.0000324792526953,0.0000221466907533,0.000019603077817,0.00000741177109376,0.00000725723066353,0.00000819009073894,0.00000780984373705,0.00000875784098753,0.00000811646168586,0.00000553077416043,0.00000405972559747,0.00000382217876904,0.00000405488572142,0.00000414055921283,0.00000262783214566,0.00000250651055467,0.00000218483955905,0.00000184884447663,0.00000145912520111,0.00000105666129002,0.00000124179109662,0.00000143990871493,0.00000115724094485,9.63370666796e-7,9.95724121822e-7,5.92564390445e-7,2.8482273251e-7,1.41539999277e-7,9.85008909993e-8,6.46698481432e-8],"min":[5.77755179438e-24,1.56163946094e-23,1.15011076375e-23,6.56759954084e-24,5.56580101704e-24,8.20206135518e-24,1.72311865715e-23,1.13042426655e-23,1.01650107669e-23,4.89709072743e-24,1.25039368081e-23,5.27540830162e-24,6.60878439098e-24,9.68520189853e-24,1.29511901758e-23,3.38319999157e-24,2.29967015318e-24,2.3594232113e-24,6.51298867252e-24,8.11813917664e-24,7.98171278283e-24,1.65365677232e-23,1.6890225111e-23,1.26123436514e-23,1.98658242228e-23,1.12828511243e-23,1.3815373098e-23,1.07726789997e-23,1.55280863642e-23,1.8219559866e-23,1.31495492504e-23,9.62071330839e-24,9.60875969909e-24,1.2293681711e-23,1.17503750618e-23,7.9976359402e-24,9.22117261483e-24,8.0851829346e-24,8.83002776789e-24,1.11629158677e-23],"var":[3.66601085489e-7,0.00000806411935628,0.00000543397800357,0.00000220155038733,8.29375494504e-7,5.1996670436e-7,2.30931888723e-7,3.34188797524e-7,3.01999506291e-7,1.19637064699e-7,3.54597702312e-8,3.99391630879e-8,2.35267059168e-8,1.19643406293e-8,5.77957326442e-9,2.97519147097e-8,1.62084514699e-8,1.3676143773e-8,1.8647741129e-9,6.69391209129e-9,5.45947176356e-10,5.03788399886e-10,6.08651240519e-10,1.29413391114e-9,2.77926792691e-10,6.61179389017e-10,5.47561862518e-9,2.0535981804e-9,5.923904145e-10,2.36973468626e-10,3.5859365477e-10,5.54009504938e-10,4.46083503469e-10,5.39834899005e-10,9.47578571164e-10,2.51878878865e-10,4.60365079391e-11,7.20928872155e-12,3.80772887179e-12,4.29359499343e-12]},"melbands_crest":{"dmean":2.88736510277,"dmean2":4.61549949646,"dvar":7.87666654587,"dvar2":19.551864624,"max":35.7328720093,"mean":15.6414337158,"median":15.3365592957,"min":1.92988634109,"var":28.0277900696},"melbands_flatness_db":{"dmean":0.0299729555845,"dmean2":0.0406859740615,"dvar":0.000930638518184,"dvar2":0.00177599175368,"max":0.588102698326,"mean":0.223148748279,"median":0.216755717993,"min":0.00775457639247,"var":0.00776989804581},"melbands_kurtosis":{"dmean":11.34578228,"dmean2":17.848695755,"dvar":1026.67163086,"dvar2":2944.57470703,"max":1008.23376465,"mean":25.4023170471,"median":11.7082004547,"min":-1.93860280514,"var":2214.44677734},"melbands_skewness":{"dmean":0.805986225605,"dmean2":1.22356843948,"dvar":0.963082849979,"dvar2":2.32319641113,"max":23.6482524872,"mean":3.28703331947,"median":2.83111763,"min":-2.52671670914,"var":4.68628501892},"melbands_spread":{"dmean":8.01292324066,"dmean2":11.7666807175,"dvar":196.557144165,"dvar2":389.950775146,"max":254.542434692,"mean":22.5241584778,"median":13.5155410767,"min":0.353015899658,"var":751.730041504},"mfcc":{"cov":[[10091.3681641,-534.574279785,-897.451782227,-198.036407471,-565.557006836,-49.011516571,-234.666122437,-2.84708285332,-268.267700195,-6.11865854263,-83.4021072388,-216.315689087,-248.679504395],[-534.574279785,1796.44262695,5.81068992615,-6.09921455383,-30.09907341,-72.498664856,30.9680862427,-19.8827209473,12.7626428604,6.31189966202,31.9759712219,54.8581771851,1.17306852341],[-897.451782227,5.81068992615,902.470825195,187.16255188,176.933349609,64.4242706299,-16.5979480743,6.5719871521,47.4841194153,-55.7212982178,-19.0050849915,-7.12905502319,76.5594863892],[-198.036407471,-6.09921455383,187.16255188,310.023071289,125.976593018,23.6286430359,-8.47515392303,-20.473865509,38.4089393616,-15.6418485641,-55.1225738525,-12.6604986191,13.2529983521],[-565.557006836,-30.09907341,176.933349609,125.976593018,256.923492432,73.5565338135,1.62040877342,14.4901437759,25.7169208527,-1.58020985126,-19.9364280701,-14.1099681854,15.8791093826],[-49.011516571,-72.498664856,64.4242706299,23.6286430359,73.5565338135,171.554367065,70.4025650024,15.5385198593,-3.74017882347,-18.2674865723,-14.1355524063,-11.9779281616,-24.8908996582],[-234.666122437,30.9680862427,-16.5979480743,-8.47515392303,1.62040877342,70.4025650024,151.955612183,24.88240242,11.3862781525,-19.1120433807,8.62071609497,4.18846654892,-26.4811687469],[-2.84708285332,-19.8827209473,6.5719871521,-20.473865509,14.4901437759,15.5385198593,24.88240242,107.407142639,17.9359226227,8.64386463165,-8.2166519165,-11.7985343933,-8.5200252533],[-268.267700195,12.7626428604,47.4841194153,38.4089393616,25.7169208527,-3.74017882347,11.3862781525,17.9359226227,104.625152588,13.9050426483,-2.91668105125,1.79712986946,-0.460271388292],[-6.11865854263,6.31189966202,-55.7212982178,-15.6418485641,-1.58020985126,-18.2674865723,-19.1120433807,8.64386463165,13.9050426483,99.2468338013,28.9962539673,4.03728818893,2.14162564278],[-83.4021072388,31.9759712219,-19.0050849915,-55.1225738525,-19.9364280701,-14.1355524063,8.62071609497,-8.2166519165,-2.91668105125,28.9962539673,119.788162231,39.7189216614,1.63060796261],[-216.315689087,54.8581771851,-7.12905502319,-12.6604986191,-14.1099681854,-11.9779281616,4.18846654892,-11.7985343933,1.79712986946,4.03728818893,39.7189216614,100.370018005,36.3653869629],[-248.679504395,1.17306852341,76.5594863892,13.2529983521,15.8791093826,-24.8908996582,-26.4811687469,-8.5200252533,-0.460271388292,2.14162564278,1.63060796261,36.3653869629,101.404678345]],"icov":[[0.000151701635332,0.0000257700194197,0.000101236219052,-0.000130805216031,0.000367143104086,-0.000205649426789,0.000364403182175,-0.000135278678499,0.000263129390078,0.0000517152220709,-0.0000290374027827,0.00022938674374,0.00020652236708],[0.0000257700194197,0.000592711090576,-0.0000368163382518,-0.00000870795975061,0.0000146496895468,0.000363755738363,-0.00023338549363,0.0000943251579884,0.000046036348067,-0.0000514536441187,0.0000277221843135,-0.000297754857456,0.000226876101806],[0.000101236219052,-0.0000368163382518,0.00165109569207,-0.000727211416233,-0.000236249092268,-0.000718841969501,0.000678619078826,-0.000354810035788,-0.000382007157896,0.001097817556,-0.00069303822238,0.000736694259103,-0.00117283884902],[-0.000130805216031,-0.00000870795975061,-0.000727211416233,0.00508964946494,-0.00233130669221,0.000737659982406,-0.000571298180148,0.00172315607779,-0.00140414841007,-0.000208639481571,0.0022264868021,-0.000657383527141,0.000302868254948],[0.000367143104086,0.0000146496895468,-0.000236249092268,-0.00233130669221,0.00704623246565,-0.00324220745824,0.00189078808762,-0.00127000256907,0.0000706980135874,-0.000353685027221,-0.000635526434053,0.00132459250744,-0.00058591843117],[-0.000205649426789,0.000363755738363,-0.000718841969501,0.000737659982406,-0.00324220745824,0.00975267589092,-0.00477929180488,0.000346435554093,0.00115812150761,-0.0000698039439158,0.00127068464644,-0.000867402355652,0.00191777234431],[0.000364403182175,-0.00023338549363,0.000678619078826,-0.000571298180148,0.00189078808762,-0.00477929180488,0.0105031970888,-0.00222581368871,-0.000862608547322,0.00223509198986,-0.00152904901188,-0.000155245972564,0.00157441664487],[-0.000135278678499,0.0000943251579884,-0.000354810035788,0.00172315607779,-0.00127000256907,0.000346435554093,-0.00222581368871,0.0109326401725,-0.00190945959184,-0.00147003342863,0.00148260954302,0.000548323267139,0.000132943401695],[0.000263129390078,0.000046036348067,-0.000382007157896,-0.00140414841007,0.0000706980135874,0.00115812150761,-0.000862608547322,-0.00190945959184,0.0116497417912,-0.0019777356647,0.000442255870439,-0.000462293013697,0.00125750410371],[0.0000517152220709,-0.0000514536441187,0.001097817556,-0.000208639481571,-0.000353685027221,-0.0000698039439158,0.00223509198986,-0.00147003342863,-0.0019777356647,0.0125183854252,-0.00364266429096,0.00112860894296,-0.000795259780716],[-0.0000290374027827,0.0000277221843135,-0.00069303822238,0.0022264868021,-0.000635526434053,0.00127068464644,-0.00152904901188,0.00148260954302,0.000442255870439,-0.00364266429096,0.0119605967775,-0.0048351357691,0.00191797618754],[0.00022938674374,-0.000297754857456,0.000736694259103,-0.000657383527141,0.00132459250744,-0.000867402355652,-0.000155245972564,0.000548323267139,-0.000462293013697,0.00112860894296,-0.0048351357691,0.0146153867245,-0.00550860678777],[0.00020652236708,0.000226876101806,-0.00117283884902,0.000302868254948,-0.00058591843117,0.00191777234431,0.00157441664487,0.000132943401695,0.00125750410371,-0.000795259780716,0.00191797618754,-0.00550860678777,0.0141631616279]],"mean":[-664.931335449,116.565223694,15.5992717743,28.8643016815,-1.02560913563,11.2765445709,-10.8265714645,3.99849438667,-8.0026473999,0.754049181938,-4.98572635651,-6.76089334488,-6.12398719788]},"pitch_salience":{"dmean":0.066077247262,"dmean2":0.105801604688,"dvar":0.00395669462159,"dvar2":0.00965842977166,"max":0.841103792191,"mean":0.525260210037,"median":0.52729165554,"min":0.0986051931977,"var":0.0154882250354},"silence_rate_20dB":{"dmean":0,"dmean2":0,"dvar":0,"dvar2":0,"max":1,"mean":1,"median":1,"min":1,"var":0},"silence_rate_30dB":{"dmean":0.00160797557328,"dmean2":0.00321646826342,"dvar":0.00160538929049,"dvar2":0.00417066877708,"max":1,"mean":0.998874604702,"median":1,"min":0,"var":0.00112421519589},"silence_rate_60dB":{"dmean":0.0173661354929,"dmean2":0.0347378589213,"dvar":0.0170662365854,"dvar2":0.0380330905318,"max":1,"mean":0.0628617331386,"median":0,"min":0,"var":0.0589107945561},"spectral_centroid":{"dmean":284.806793213,"dmean2":409.927337646,"dvar":142177.78125,"dvar2":269803.3125,"max":10923.9873047,"mean":1147.07141113,"median":892.264160156,"min":124.862014771,"var":694847.8125},"spectral_complexity":{"dmean":3.93921852112,"dmean2":5.59472513199,"dvar":30.8345451355,"dvar2":52.4484291077,"max":59,"mean":15.4117364883,"median":13,"min":0,"var":114.976493835},"spectral_contrast_coeffs":{"dmean":[0.0500620193779,0.0477038323879,0.03946813941,0.0309258773923,0.0229863040149,0.0192914716899],"dmean2":[0.0825068578124,0.0758897513151,0.061970770359,0.0480523593724,0.0347414985299,0.0289975963533],"dvar":[0.00186052056961,0.00166752305813,0.001063068863,0.000687020306941,0.000442847667728,0.000365780986613],"dvar2":[0.00491897156462,0.00407431274652,0.002491469495,0.0015234464081,0.000870803138241,0.000752359337639],"max":[-0.260232508183,-0.356229245663,-0.467410862446,-0.522932350636,-0.490348905325,-0.576619446278],"mean":[-0.568488895893,-0.677672207355,-0.747064709663,-0.772940814495,-0.791541755199,-0.747275292873],"median":[-0.563096106052,-0.678184270859,-0.750555813313,-0.77861481905,-0.799182474613,-0.745311021805],"min":[-0.979368209839,-0.963535010815,-0.966646671295,-0.968196094036,-0.961067199707,-0.95844912529],"var":[0.00928990729153,0.00778006948531,0.0055845794268,0.00428248662502,0.00283302692696,0.00236056512222]},"spectral_contrast_valleys":{"dmean":[0.399102985859,0.386854469776,0.366825670004,0.343865573406,0.359597086906,0.346551030874],"dmean2":[0.645172715187,0.602678358555,0.545334517956,0.486555278301,0.470118373632,0.434118121862],"dvar":[0.123163245618,0.145724162459,0.122248522937,0.112519554794,0.139785781503,0.162981674075],"dvar2":[0.281776428223,0.312038183212,0.225219026208,0.199330762029,0.233203813434,0.26525375247],"max":[-5.38257265091,-4.97431373596,-5.4576292038,-5.87954330444,-5.0506567955,-7.55952787399],"mean":[-7.67012834549,-7.21331882477,-7.9323797226,-8.21297740936,-8.02834701538,-10.359670639],"median":[-7.51139593124,-7.00637722015,-7.78399324417,-8.05241394043,-7.88950157166,-10.4033403397],"min":[-26.6980266571,-27.0225009918,-27.239118576,-27.0881156921,-27.3041286469,-27.3152999878],"var":[1.56903576851,1.7945189476,1.87485039234,1.90314567089,1.95552718639,1.70736956596]},"spectral_decrease":{"dmean":1.6658630031e-9,"dmean2":2.39419439829e-9,"dvar":4.81252605049e-18,"dvar2":1.06174943009e-17,"max":4.44075842611e-16,"mean":-6.77556943884e-9,"median":-5.9025055954e-9,"min":-3.31765441786e-8,"var":2.49782273735e-17},"spectral_energy":{"dmean":0.00675622560084,"dmean2":0.00969911832362,"dvar":0.0000789878249634,"dvar2":0.000171954045072,"max":0.128476381302,"mean":0.0275173988193,"median":0.0243311338127,"min":1.0818893141e-20,"var":0.000399183656555},"spectral_energyband_high":{"dmean":0.000793807732407,"dmean2":0.00111428333912,"dvar":0.00000542063526154,"dvar2":0.0000118402740554,"max":0.07299143821,"mean":0.00144313066266,"median":0.000278986582998,"min":7.98917935129e-21,"var":0.0000122348019431},"spectral_energyband_low":{"dmean":0.00298959435895,"dmean2":0.00457334797829,"dvar":0.0000256295061263,"dvar2":0.0000609614362475,"max":0.0943731963634,"mean":0.00992534216493,"median":0.0058627249673,"min":6.28356993525e-23,"var":0.000124502475956},"spectral_energyband_middle_high":{"dmean":0.00150204997044,"dmean2":0.00212849071249,"dvar":0.00000731779027774,"dvar2":0.0000153239234351,"max":0.0764934569597,"mean":0.00387438130565,"median":0.00158754189033,"min":1.61529057268e-21,"var":0.0000299278399325},"spectral_energyband_middle_low":{"dmean":0.00479070516303,"dmean2":0.00723040476441,"dvar":0.0000469703227282,"dvar2":0.000113415138912,"max":0.108504876494,"mean":0.0147662637755,"median":0.0113210873678,"min":3.04598885474e-22,"var":0.000162675656611},"spectral_entropy":{"dmean":0.220807760954,"dmean2":0.298230051994,"dvar":0.0517857335508,"dvar2":0.0944413244724,"max":9.79911899567,"mean":7.37790966034,"median":7.40909957886,"min":5.20408916473,"var":0.381348848343},"spectral_flux":{"dmean":0.0196746531874,"dmean2":0.0300958063453,"dvar":0.000518281420227,"dvar2":0.00109508330934,"max":0.293232381344,"mean":0.0684631764889,"median":0.0626321285963,"min":1.04013908597e-10,"var":0.00162589340471},"spectral_kurtosis":{"dmean":1.50741612911,"dmean2":2.37732958794,"dvar":3.77546477318,"dvar2":8.17102432251,"max":34.5028572083,"mean":3.92493915558,"median":2.89849948883,"min":-1.18853592873,"var":13.2368793488},"spectral_rms":{"dmean":0.000633122515865,"dmean2":0.000886147317942,"dvar":5.26568101122e-7,"dvar2":0.00000103889783531,"max":0.0111956605688,"mean":0.00477639492601,"median":0.00487213395536,"min":3.24884867273e-12,"var":0.00000403218064093},"spectral_rolloff":{"dmean":521.420227051,"dmean2":847.80682373,"dvar":1120850.375,"dvar2":2285648.75,"max":21490.1367188,"mean":1624.67932129,"median":689.0625,"min":64.599609375,"var":6122355.5},"spectral_skewness":{"dmean":0.259128272533,"dmean2":0.374338060617,"dvar":0.0808586627245,"dvar2":0.150449052453,"max":4.77184200287,"mean":1.47272074223,"median":1.37423348427,"min":-0.29043635726,"var":0.46589076519},"spectral_spread":{"dmean":535103.875,"dmean2":772655.25,"dvar":530899730432,"dvar2":928354598912,"max":40299728,"mean":5017925.5,"median":4404578,"min":2191112.5,"var":8763287797760},"spectral_strongpeak":{"dmean":0.385475486517,"dmean2":0.650257229805,"dvar":0.870602786541,"dvar2":2.01742196083,"max":37.4113197327,"mean":0.882350802422,"median":0.616055369377,"min":0,"var":1.64413022995},"zerocrossingrate":{"dmean":0.0123440390453,"dmean2":0.013332166709,"dvar":0.000285119458567,"dvar2":0.000273871235549,"max":0.8291015625,"mean":0.0633043274283,"median":0.04443359375,"min":0.00390625,"var":0.00631000427529}},"metadata":{"audio_properties":{"analysis_sample_rate":44100,"bit_rate":0,"codec":"flac","downmix":"mix","equal_loudness":0,"length":144.399993896,"lossless":true,"md5_encoded":"9cd410e6ef439e86b4035831cb9d66e5","replay_gain":-11.2741127014,"sample_rate":44100},"tags":{"acoustid_id":["0e3ad919-0085-4050-a651-c2a764d8b2b1"],"album":["The Kinks Are the Village Green Preservation Society"],"albumartist":["The Kinks"],"albumartistsort":["Kinks, The"],"artist":["The Kinks"],"artistsort":["Kinks, The"],"date":["1968"],"discnumber":["1"],"discsubtitle":["Stereo"],"file_name":"1-16 - Mr. Songbird.flac","musicbrainz_albumartistid":["17b53d9f-5c63-4a09-a593-dde4608e0db9"],"musicbrainz_albumid":["d2c38e10-f528-4819-bd8d-8c41ba9229eb"],"musicbrainz_artistid":["17b53d9f-5c63-4a09-a593-dde4608e0db9"],"musicbrainz_recordingid":["36aec599-7689-4641-981b-5bf274cc7bac"],"title":["Mr. Songbird"],"totaltracks":["19"],"tracknumber":["16"],"tracktotal":["19"]},"version":{"essentia":"2.1-beta1","essentia_build_sha":"ca57ba49d9b1854bd80e60cf9ccf267278fb7d6b","essentia_git_sha":"v2.1_beta1-28-g21ef5f4-dirty","extractor":"music 1.0"}},"rhythm":{"beats_count":331,"beats_loudness":{"dmean":0.0162467490882,"dmean2":0.0284399036318,"dvar":0.000193294676137,"dvar2":0.000572624150664,"max":0.120583347976,"mean":0.0391390286386,"median":0.0376117900014,"min":2.03667771537e-9,"var":0.000430736894486},"beats_loudness_band_ratio":{"dmean":[0.206920087337,0.1247921139,0.103502064943,0.0591838248074,0.0454865060747,0.0649181902409],"dmean2":[0.368053257465,0.220298528671,0.185754403472,0.101972691715,0.0814910233021,0.11985167861],"dvar":[0.0311537142843,0.0119600854814,0.0109869735315,0.00434187659994,0.00292321993038,0.00622994592413],"dvar2":[0.0967314019799,0.0347314588726,0.0337698720396,0.0115124508739,0.00790560524911,0.013318833895],"max":[0.971194446087,0.693061769009,0.637397646904,0.60994