{"lowlevel":{"average_loudness":0.843270003796,"barkbands":{"dmean":[0.000149606596096,0.00211850902997,0.00134441512637,0.000469754682854,0.00148452073336,0.001261670026,0.000857466598973,0.000457386631751,0.000380825600587,0.00034304955625,0.000220955102122,0.000274172110949,0.000549162912648,0.000513372418936,0.000408895662986,0.000258579151705,0.000180484785233,0.000142803604831,0.000149892410263,0.000277142535197,0.000246091367444,0.00015958386939,0.000148047562107,0.000121066208521,0.0000457725291199,0.00000828473639558,0.00000123725033063],"dmean2":[0.000221199908992,0.00325330370106,0.0023451349698,0.000800906738732,0.00221044942737,0.00183118414134,0.00126395060215,0.000669548579026,0.000541779736523,0.000520158675499,0.000346220564097,0.000411608896684,0.000834912818391,0.000789472018369,0.000618609716184,0.000390513305319,0.00027053753729,0.000210975384107,0.000218449145905,0.000401612836868,0.000364597537555,0.000223032271606,0.000209243356949,0.000166075347806,0.0000633344097878,0.0000117873114505,0.00000182895917078],"dvar":[2.31560079555e-7,0.0000387975778722,0.00000846954844747,6.99982592778e-7,0.00000719751960787,0.00000915248438105,0.00000926681968849,0.00000242828946284,0.00000216567968891,7.9506497741e-7,4.40879688313e-7,4.02798008281e-7,0.00000149017773765,0.0000011133464568,5.18794195159e-7,3.243219453e-7,1.01822919873e-7,8.36877376287e-8,1.17704772151e-7,3.32147237714e-7,5.91611410528e-7,2.63542858647e-7,3.98087365738e-7,2.28803898494e-7,4.23904538138e-8,6.89568235845e-10,1.25587274954e-11],"dvar2":[4.7182490448e-7,0.0000775258740759,0.0000248463584285,0.00000192388552023,0.0000151400399773,0.0000168081896845,0.0000172840827872,0.00000515762530995,0.00000397315307055,0.00000172101874796,0.00000110140308607,8.5084627699e-7,0.00000316059708894,0.00000254829683399,0.00000112996519874,6.64005369799e-7,2.21914319809e-7,1.77575145699e-7,2.56067181681e-7,7.16410966106e-7,0.00000133734670271,5.00475664467e-7,7.29179419068e-7,3.92140634631e-7,7.62689751355e-8,1.27601507138e-9,2.47420070543e-11],"max":[0.0105656106025,0.0982240885496,0.031736176461,0.0123161207885,0.0654810145497,0.090603813529,0.0989832058549,0.0332993119955,0.0629882216454,0.025127703324,0.0239900927991,0.0204986017197,0.0446868874133,0.0408943668008,0.0142697636038,0.0174382291734,0.00812898296863,0.00541043141857,0.0106408372521,0.0160088613629,0.0273232925683,0.0144955012947,0.0194714516401,0.0180515814573,0.00830969773233,0.000748540565837,0.0000808376207715],"mean":[0.000186800025403,0.00238713319413,0.00177107891068,0.000657610653434,0.00329094473273,0.00269505847245,0.00120854983106,0.00063238030998,0.000623328494839,0.000603407330345,0.000335975375492,0.000493334431667,0.00102111487649,0.00098088895902,0.000796534819528,0.000464812619612,0.000307236885419,0.000202922863537,0.000207170800422,0.000406298349844,0.000307936687022,0.000195002066903,0.000187067940715,0.000159674789757,0.0000603960834269,0.0000110632408905,0.00000153161670369],"median":[0.0000579587031098,0.000486587028718,0.00108044000808,0.000335256801918,0.00112132588401,0.000564559595659,0.000174656612216,0.0000776794695412,0.000100198740256,0.000289081363007,0.00012174389849,0.00025045091752,0.000472392188385,0.000501120171975,0.000395403010771,0.000237260421272,0.000152082371642,0.0000760219918448,0.0000580038395128,0.00010400165047,0.0000367134307453,0.00000266082474809,0.00000244425837082,0.00000299298108075,0.00000153810890424,5.23177050127e-7,8.13859912796e-8],"min":[1.60547324683e-24,4.04231497155e-24,1.90508981699e-24,3.97865862967e-24,7.90612097545e-24,1.27559360577e-23,8.00172776171e-24,2.06032482415e-23,2.02999044022e-23,1.24474930215e-23,2.25202102179e-23,3.52776040906e-23,3.10174838342e-23,4.42973418621e-23,5.13383640479e-23,7.26880040789e-23,6.60818745993e-23,1.13897226865e-22,1.23620221512e-22,1.67446342046e-22,2.61178517125e-22,3.39280113876e-22,4.96770223504e-22,6.32243263132e-22,9.33932148012e-22,1.20393785458e-21,2.01714333551e-21],"var":[2.5887121069e-7,0.0000451578780485,0.00000695185735822,8.58383089053e-7,0.0000299973562505,0.0000315418219543,0.000018245931642,0.0000040198356146,0.00000452437234344,0.00000144610987718,5.72927831399e-7,7.79749484536e-7,0.00000347199897988,0.00000265139556177,0.0000014446940213,6.61056901663e-7,2.009258111e-7,1.31480561549e-7,1.78397314698e-7,6.30922329492e-7,9.46931606904e-7,5.40863197784e-7,8.54352151691e-7,5.39053189641e-7,8.58104769463e-8,1.52168999623e-9,2.3151596959e-11]},"barkbands_crest":{"dmean":2.41962575912,"dmean2":3.74873280525,"dvar":5.64112234116,"dvar2":12.5196609497,"max":23.9616699219,"mean":8.94814014435,"median":7.96561717987,"min":2.09814357758,"var":16.9739780426},"barkbands_flatness_db":{"dmean":0.0236352477223,"dmean2":0.0323055759072,"dvar":0.000588080147281,"dvar2":0.00104418664705,"max":0.317218989134,"mean":0.141995191574,"median":0.14486142993,"min":0.0215407703072,"var":0.00305254082195},"barkbands_kurtosis":{"dmean":1.67921054363,"dmean2":2.54420876503,"dvar":9.32861328125,"dvar2":19.3881320953,"max":84.6378097534,"mean":1.27721440792,"median":-0.11673784256,"min":-1.86940217018,"var":17.608789444},"barkbands_skewness":{"dmean":0.514884114265,"dmean2":0.728806138039,"dvar":0.316120684147,"dvar2":0.556987702847,"max":8.3636302948,"mean":0.759323894978,"median":0.71403157711,"min":-4.02034664154,"var":1.31543719769},"barkbands_spread":{"dmean":6.07901144028,"dmean2":8.84486579895,"dvar":58.4137039185,"dvar2":114.707038879,"max":95.2285232544,"mean":23.6144752502,"median":21.3109493256,"min":1.8575719595,"var":168.252670288},"dissonance":{"dmean":0.013906000182,"dmean2":0.0219485834241,"dvar":0.00022307036852,"dvar2":0.00051735911984,"max":0.500000059605,"mean":0.469207346439,"median":0.475941181183,"min":0.231056034565,"var":0.000675191229675},"dynamic_complexity":4.27441883087,"erbbands":{"dmean":[0.0850765928626,0.428927272558,1.42060756683,1.5825804472,2.18224644661,6.05497646332,9.46822738647,10.0424938202,11.4062519073,12.0875616074,8.67495822906,8.72095489502,9.96299266815,10.1396837234,8.55436992645,11.8221569061,26.8406715393,26.3415546417,22.4183998108,16.7482700348,12.3523054123,9.396235466,8.07785511017,7.2321767807,8.40330219269,13.1163225174,12.9635362625,7.26322746277,6.28482580185,4.19389724731,4.3823723793,2.75032019615,1.97772967815,0.722213208675,0.227190300822,0.0573716573417,0.0121094882488,0.00221744948067,0.000214660205529,0.0000179115831997],"dmean2":[0.128813281655,0.68523722887,2.48585343361,2.72602415085,3.5203473568,8.97521400452,13.5136651993,14.3870391846,16.6492786407,17.5897121429,12.2430505753,12.411491394,14.4895982742,15.5177259445,13.2279272079,17.6637268066,40.4292259216,40.1932754517,33.8666496277,25.2838840485,18.5915622711,13.8022518158,11.8676986694,10.7085638046,12.0275287628,19.0087280273,19.4049510956,10.5928277969,8.82924938202,5.69923210144,6.24607563019,3.83004045486,2.73408126831,1.00065124035,0.317689597607,0.0813750103116,0.0171420685947,0.00320657785051,0.00031390809454,0.0000251642486546],"dvar":[0.0769677385688,1.45075380802,10.115603447,9.70348167419,13.6206626892,143.287628174,414.435455322,728.859008789,1682.33496094,2597.09643555,847.777893066,1162.51696777,1112.28845215,567.737731934,644.313537598,746.802734375,3763.06616211,2980.62280273,1344.4855957,1957.28515625,485.578735352,275.806427002,251.463623047,293.977264404,326.24697876,745.793579102,1509.67871094,512.700317383,412.732452393,232.7056427,384.309509277,113.201019287,72.4831619263,11.0840053558,0.924974858761,0.0388095378876,0.00145489512943,0.0000493885818287,3.52431129613e-7,1.11823883486e-9],"dvar2":[0.168795987964,3.12953972816,29.3533782959,27.6198711395,33.0705757141,308.195648193,784.944641113,1279.74047852,3220.62670898,5006.90087891,1741.02087402,2172.33007812,2308.89550781,1346.98254395,1512.53222656,1566.72192383,7790.43359375,6841.09082031,2978.36425781,4416.83886719,1003.17340088,582.777709961,534.279663086,662.226928711,671.704223633,1601.67590332,3620.61010742,1072.08312988,797.74005127,380.332672119,728.656555176,205.269012451,130.296112061,19.7575473785,1.62496113777,0.0708076432347,0.0025930616539,0.0000914848860702,6.66413825456e-7,2.06202566133e-9],"max":[3.61785197258,21.3426017761,35.6754226685,39.1339950562,98.6069641113,351.515411377,444.411102295,883.219238281,1463.55761719,1964.92407227,641.651000977,994.334472656,1213.89294434,764.880493164,849.866577148,1019.550354,2349.49731445,2180.40673828,854.925292969,1745.33544922,661.202209473,451.906738281,354.134399414,531.943847656,478.071899414,588.898132324,1454.38537598,589.354431152,554.474365234,718.820251465,656.96661377,412.641418457,329.93057251,162.016983032,30.7833595276,5.84134817123,0.970073759556,0.191285446286,0.0139310481027,0.000842455832753],"mean":[0.0777758061886,0.512024402618,1.8901566267,2.31151437759,3.85110592842,12.7170743942,21.4934158325,21.1354904175,17.5919799805,16.7487564087,12.9085102081,14.325545311,17.2548904419,17.8504524231,15.8596763611,23.3383789062,51.2755317688,53.0826339722,45.5822677612,32.4173965454,23.4927959442,16.5244483948,12.3472270966,9.88033676147,12.0622062683,19.3239269257,17.3245124817,8.87632751465,7.62106227875,5.22218084335,5.54119539261,3.50408315659,2.58950972557,0.94874304533,0.302178055048,0.0766906738281,0.0160523317754,0.00285817519762,0.000278842548141,0.0000379540106223],"median":[0.00531527027488,0.168365165591,1.14919912815,1.4074382782,2.0593752861,3.95592045784,5.25715255737,4.2794547081,3.02265882492,2.30023789406,1.89311087132,2.47876691818,5.75455093384,9.33799743652,7.42746829987,12.1816711426,23.8713417053,27.9406814575,25.2730102539,15.4133749008,13.4249153137,8.44091796875,5.08240747452,3.20146465302,3.12211060524,4.82046461105,3.29248929024,0.531472742558,0.122417390347,0.0652151629329,0.0694065317512,0.0586505234241,0.0501065663993,0.020511733368,0.0086201634258,0.00322981947102,0.000743002281524,0.000132782355649,0.0000276464470517,0.0000221468835662],"min":[1.07837815858e-22,5.83002338237e-22,3.67222026571e-21,1.03605785361e-20,1.96922849463e-20,1.72824105539e-20,4.50682926713e-20,1.18615231223e-19,1.24736548702e-19,2.9283106168e-19,4.89598123306e-19,4.40147767023e-19,5.80452229669e-19,8.70700342338e-19,8.05035229796e-19,1.30392781296e-18,1.66994427387e-18,1.87711579419e-18,2.9693335536e-18,3.64502389518e-18,4.50356623348e-18,4.52621154352e-18,6.41027172575e-18,5.63176655634e-18,4.33870996458e-18,7.77275399991e-18,9.91753406658e-18,1.07813199028e-17,1.07141420837e-17,1.32242588756e-17,1.34281043027e-17,1.24497837302e-17,1.03795036853e-17,8.5418946576e-18,6.9089429347e-18,4.43210610036e-18,2.31516769233e-18,1.00121765568e-18,2.43330893614e-19,2.94300328318e-20],"var":[0.0779546648264,1.56546843052,8.29891109467,9.64639759064,30.2360744476,522.874633789,1574.86071777,2327.96826172,3330.70043945,4483.12451172,1513.40112305,2311.62304688,2316.49243164,885.692871094,1016.37701416,1564.31323242,9041.55664062,7283.08642578,3706.41577148,3602.58862305,1108.13061523,545.896484375,422.588378906,399.785858154,585.053344727,1435.71655273,2224.37597656,903.131652832,839.87902832,526.32019043,818.524963379,251.438919067,159.253189087,23.0663166046,1.94420552254,0.0871313586831,0.00315773044713,0.0000998745672405,6.92640696798e-7,2.7828799265e-9]},"erbbands_crest":{"dmean":2.44972014427,"dmean2":3.90173697472,"dvar":5.09151363373,"dvar2":12.0596961975,"max":25.9000682831,"mean":8.85544300079,"median":8.26729393005,"min":2.65778851509,"var":12.1882133484},"erbbands_flatness_db":{"dmean":0.0222811494023,"dmean2":0.0299644079059,"dvar":0.000501946895383,"dvar2":0.000916535092983,"max":0.395319610834,"mean":0.202878549695,"median":0.201838225126,"min":0.0332285650074,"var":0.00307051441632},"erbbands_kurtosis":{"dmean":1.01546823978,"dmean2":1.54843139648,"dvar":1.78082334995,"dvar2":3.77477073669,"max":26.7590942383,"mean":0.819967269897,"median":0.19164276123,"min":-1.86881053448,"var":4.73617267609},"erbbands_skewness":{"dmean":0.369660496712,"dmean2":0.544268369675,"dvar":0.132886514068,"dvar2":0.264265596867,"max":3.03819274902,"mean":-0.33196541667,"median":-0.376389116049,"min":-3.93843913078,"var":0.555402696133},"erbbands_spread":{"dmean":6.6501865387,"dmean2":9.86999607086,"dvar":50.2850608826,"dvar2":109.290344238,"max":92.6755371094,"mean":28.5168380737,"median":26.9260387421,"min":4.52454614639,"var":181.670623779},"gfcc":{"cov":[[16061.5439453,-1027.97119141,-368.706268311,1067.82788086,-1670.63659668,308.791412354,-624.596679688,322.477020264,-200.408966064,84.2453536987,-9.28791618347,-129.417114258,-198.475036621],[-1027.97119141,2963.26245117,-580.772521973,-474.990020752,1004.97045898,-562.188720703,277.91317749,-164.27633667,79.3152923584,-39.4000053406,171.58026123,-136.721801758,240.835067749],[-368.706268311,-580.772521973,983.55480957,167.378585815,-245.949874878,213.366271973,-111.146118164,193.005630493,-13.6756687164,46.7480201721,15.4476299286,14.5599498749,-79.5573577881],[1067.82788086,-474.990020752,167.378585815,480.032958984,-129.826324463,178.419067383,20.549533844,21.1324100494,16.5373783112,-2.39478373528,-17.3993377686,31.0203342438,-45.9863739014],[-1670.63659668,1004.97045898,-245.949874878,-129.826324463,696.461730957,-117.01940918,218.53515625,-98.1961898804,51.3827667236,-26.7103824615,17.9839992523,-12.9861841202,98.7515182495],[308.791412354,-562.188720703,213.366271973,178.419067383,-117.01940918,342.483673096,28.669424057,72.2418441772,7.66577148438,-5.58465719223,-51.5937995911,22.7935428619,-53.473449707],[-624.596679688,277.91317749,-111.146118164,20.549533844,218.53515625,28.669424057,247.190032959,0.479091972113,51.3364677429,-7.48475790024,-13.7779331207,-10.0730648041,25.0559310913],[322.477020264,-164.27633667,193.005630493,21.1324100494,-98.1961898804,72.2418441772,0.479091972113,215.436447144,14.9080781937,30.427148819,4.37021017075,-37.6652908325,-38.5646705627],[-200.408966064,79.3152923584,-13.6756687164,16.5373783112,51.3827667236,7.66577148438,51.3364677429,14.9080781937,111.26007843,24.6978282928,20.6244392395,14.3315486908,7.00620555878],[84.2453536987,-39.4000053406,46.7480201721,-2.39478373528,-26.7103824615,-5.58465719223,-7.48475790024,30.427148819,24.6978282928,92.1706695557,32.2175483704,-4.37183570862,-0.163263633847],[-9.28791618347,171.58026123,15.4476299286,-17.3993377686,17.9839992523,-51.5937995911,-13.7779331207,4.37021017075,20.6244392395,32.2175483704,103.504074097,8.8255853653,21.7729454041],[-129.417114258,-136.721801758,14.5599498749,31.0203342438,-12.9861841202,22.7935428619,-10.0730648041,-37.6652908325,14.3315486908,-4.37183570862,8.8255853653,95.6804962158,15.4314470291],[-198.475036621,240.835067749,-79.5573577881,-45.9863739014,98.7515182495,-53.473449707,25.0559310913,-38.5646705627,7.00620555878,-0.163263633847,21.7729454041,15.4314470291,93.1991729736]],"icov":[[0.000207237608265,-0.000403634039685,0.000390187458834,-0.000629996997304,0.00074492522981,-0.000399629527237,0.000507065153215,-0.00041895211325,0.000358571996912,-0.000427327817306,0.000335980934324,-0.000187687837752,0.000103186808701],[-0.000403634039685,0.00218588090502,-0.000786977354437,0.00156807666644,-0.00278527359478,0.00193845562171,-0.00132603792008,0.00092398119159,-0.00116796186194,0.00186269753613,-0.00230006570928,0.00226320675574,-0.00135024765041],[0.000390187458834,-0.000786977354437,0.00229824031703,-0.00145408324897,0.00133370573167,-0.00144424429163,0.00167974887881,-0.00195968034677,0.00103471800685,-0.00120932294521,0.00022174102196,-0.000874946359545,0.000617802434135],[-0.000629996997304,0.00156807666644,-0.00145408324897,0.00480750389397,-0.00210146512836,0.000370160414604,-0.00229365658015,0.00190163461957,-0.00154847570229,0.00177167658694,-0.00176651694346,0.000660332269035,0.00000260674573838],[0.00074492522981,-0.00278527359478,0.00133370573167,-0.00210146512836,0.00662944559008,-0.00212856451981,-0.0000759408576414,-0.000684425176587,0.00121486757416,-0.00185205880553,0.00242557842284,-0.00185872649308,0.0000234273993556],[-0.000399629527237,0.00193845562171,-0.00144424429163,0.000370160414604,-0.00212856451981,0.00664131715894,-0.002418870572,0.0000141557684401,-0.00116275635082,0.00184012646787,0.0000429469946539,0.000493908708449,-0.000189554295503],[0.000507065153215,-0.00132603792008,0.00167974887881,-0.00229365658015,-0.0000759408576414,-0.002418870572,0.00843493640423,-0.00213354825974,-0.00111729302444,-0.00122113875113,0.00226037763059,-0.000193614032469,-0.0000634548341623],[-0.00041895211325,0.00092398119159,-0.00195968034677,0.00190163461957,-0.000684425176587,0.0000141557684401,-0.00213354825974,0.0081360405311,-0.0019531478174,-0.0000160245672305,-0.00149188691285,0.00365818315186,0.000548757030629],[0.000358571996912,-0.00116796186194,0.00103471800685,-0.00154847570229,0.00121486757416,-0.00116275635082,-0.00111729302444,-0.0019531478174,0.0124494768679,-0.0038673824165,-0.000536005652975,-0.00346884084865,0.00119566265494],[-0.000427327817306,0.00186269753613,-0.00120932294521,0.00177167658694,-0.00185205880553,0.00184012646787,-0.00122113875113,-0.0000160245672305,-0.0038673824165,0.0152698038146,-0.00550085306168,0.00288151227869,-0.00141622999217],[0.000335980934324,-0.00230006570928,0.00022174102196,-0.00176651694346,0.00242557842284,0.0000429469946539,0.00226037763059,-0.00149188691285,-0.000536005652975,-0.00550085306168,0.01543698553,-0.00379914161749,-0.000740375951864],[-0.000187687837752,0.00226320675574,-0.000874946359545,0.000660332269035,-0.00185872649308,0.000493908708449,-0.000193614032469,0.00365818315186,-0.00346884084865,0.00288151227869,-0.00379914161749,0.016105864197,-0.00436384323984],[0.000103186808701,-0.00135024765041,0.000617802434135,0.00000260674573838,0.0000234273993556,-0.000189554295503,-0.0000634548341623,0.000548757030629,0.00119566265494,-0.00141622999217,-0.000740375951864,-0.00436384323984,0.0158809646964]],"mean":[-54.9191970825,115.085517883,-145.235046387,23.4175357819,-33.5522842407,4.65071201324,-36.6724205017,-8.90853023529,-31.0909538269,2.83179163933,-10.8672199249,-10.285823822,-1.03309798241]},"hfc":{"dmean":8.68665599823,"dmean2":11.5416164398,"dvar":265.688049316,"dvar2":464.656951904,"max":382.165740967,"mean":20.0529708862,"median":11.5845136642,"min":1.1155948017e-16,"var":789.17755127},"melbands":{"dmean":[0.000649426539894,0.000651809154078,0.000262210611254,0.000294917001156,0.000313271477353,0.00022931874264,0.000171815117938,0.000124414364109,0.0000678848009557,0.0000539937645954,0.0000500600217492,0.0000425384969276,0.0000294380843116,0.0000307336158585,0.0000473698491987,0.0000505563693878,0.000054669821111,0.0000364882944268,0.0000267669893219,0.0000206652857742,0.0000144761806951,0.000010476071111,0.00000939089659369,0.00000636173353996,0.00000603563330515,0.00000578175968258,0.00000734453851692,0.00000941765756579,0.00000900245868252,0.00000612097755948,0.00000382332200388,0.00000373174657398,0.00000289574222734,0.00000226514112001,0.00000263642277787,0.00000219151888814,0.00000161293473866,0.00000159877549777,9.64220248534e-7,5.11204802933e-7],"dmean2":[0.000977908726782,0.00109407433774,0.000448923761724,0.00044969827286,0.000447488826467,0.000328522612108,0.00025159920915,0.000180295697646,0.0000966715451796,0.0000771576887928,0.0000736714937375,0.0000653125534882,0.0000458743306808,0.000046758694225,0.0000717722505215,0.0000772734929342,0.0000838369305711,0.0000558033134439,0.0000400262360927,0.0000316253608617,0.0000222308226512,0.0000159108039952,0.0000140111114888,0.00000950865069171,0.00000917006582313,0.00000845572139951,0.0000106596244223,0.0000139655112434,0.0000136267080961,0.00000930625174078,0.00000562190007258,0.00000536097650183,0.0000040522186282,0.00000315692500408,0.00000376155253434,0.00000312328984364,0.00000227192413149,0.00000225960138778,0.00000136312360155,7.15336341273e-7],"dvar":[0.00000405337596021,0.00000234467211158,2.28924591283e-7,2.82196737089e-7,4.11092827335e-7,3.52761730937e-7,3.5581538782e-7,2.42984697252e-7,5.32102966133e-8,4.72926835471e-8,2.84768812975e-8,9.77791536627e-9,7.14777481647e-9,5.03674701946e-9,1.3861679804e-8,1.09151665484e-8,1.47212126933e-8,3.51180218239e-9,2.76650014008e-9,3.28021476648e-9,5.78936010243e-10,3.57519680527e-10,3.04326508438e-10,1.94856186742e-10,2.29736243917e-10,1.8434123672e-10,2.51105553017e-10,4.1670542017e-10,6.28649077239e-10,4.37768543637e-10,1.50185544556e-10,1.5267383191e-10,9.66329932739e-11,8.57991802605e-11,1.50505385932e-10,9.18070966471e-11,4.35600201742e-11,5.29562782514e-11,2.04429285999e-11,6.11224482486e-12],"dvar2":[0.00000840317443362,0.00000627576127954,6.46207524824e-7,6.36710979052e-7,7.71619625084e-7,6.26880478194e-7,6.67092649564e-7,4.72016807862e-7,1.08558381839e-7,8.64743512352e-8,5.99876983642e-8,2.31085532931e-8,1.74527094998e-8,1.1058541638e-8,2.96018605184e-8,2.50529996748e-8,3.37983010468e-8,7.90738496903e-9,5.64232571776e-9,7.11957559574e-9,1.28724952919e-9,7.98618560172e-10,6.46530329274e-10,4.36056718511e-10,5.36922284411e-10,3.99105859472e-10,5.27614119061e-10,9.26014764868e-10,1.52097678896e-9,1.02297237348e-9,3.17537607319e-10,3.12151970938e-10,1.83230527973e-10,1.51818974059e-10,2.89633150796e-10,1.82519666048e-10,8.52262704854e-11,1.02249493594e-10,3.63122934499e-11,1.16500507158e-11],"max":[0.0272347703576,0.0187469180673,0.00582255283371,0.0160071682185,0.0137150418013,0.0199631415308,0.0221148990095,0.0175217799842,0.0047127539292,0.00720159523189,0.00618205638602,0.00331567693502,0.0026872525923,0.00254954490811,0.00370236905292,0.00324397836812,0.00500533729792,0.00138843385503,0.00139186042361,0.00192020752002,0.000519577937666,0.000421117321821,0.000496837310493,0.000300172803691,0.000506707758177,0.000445559242507,0.000360937003279,0.000467708596261,0.000784099742305,0.000639779784251,0.00034721713746,0.000331071263645,0.000268095056526,0.000415142072598,0.000442551012384,0.000295633566566,0.000289190531475,0.000311876880005,0.000236547813984,0.000101522105979],"mean":[0.000666373991407,0.000887902046088,0.000412434601458,0.000584874476772,0.000763870019,0.000485704775201,0.00026053111651,0.000173872016603,0.000102303725726,0.0000894026670721,0.0000847635965329,0.0000724670171621,0.0000497640066897,0.0000567367569602,0.0000862933011376,0.0000975504226517,0.000102911115391,0.0000701677126926,0.000053846881201,0.0000359904624929,0.0000255288596236,0.0000172440086317,0.0000143980723806,0.00000859695137478,0.0000078215934991,0.00000783242012403,0.0000103520951598,0.0000135041309477,0.0000120397717183,0.00000729845123715,0.00000443637236458,0.00000444062834504,0.00000344205204783,0.00000274713852377,0.00000325556879943,0.00000271153749054,0.00000198886482394,0.00000201976195058,0.00000124479424812,6.45680472644e-7],"median":[0.0000919841550058,0.00052155717276,0.00027832610067,0.000227168144193,0.000214630243136,0.0000930580936256,0.0000411491964769,0.0000223863498832,0.0000155443849508,0.0000150943060362,0.0000283962690446,0.0000374748706236,0.0000211972419493,0.0000291208707495,0.0000387609543395,0.0000495278618473,0.0000499345296703,0.0000383668739232,0.0000252588233707,0.0000160481231433,0.0000146901647895,0.00000846469629323,0.0000059118565332,0.00000297189058074,0.00000233750688494,0.00000192744300875,0.00000248661899604,0.00000324391271533,0.00000253074176726,6.25138056876e-7,1.31747441401e-7,6.37238741774e-8,3.15074188961e-8,3.22654933882e-8,3.61934020532e-8,3.41419372774e-8,3.26761373515e-8,3.4682638983e-8,2.3681085537e-8,1.23905996574e-8],"min":[1.28753972089e-24,2.54738470476e-24,2.42618904566e-24,1.52826673979e-24,1.73416988846e-24,2.72760747274e-24,1.62550942636e-24,3.34319448848e-24,3.86970037258e-24,2.43773658881e-24,2.87823533499e-24,2.94749199766e-24,2.68872451872e-24,3.69040530502e-24,2.74050515132e-24,3.32088629094e-24,3.27925297338e-24,4.07699645239e-24,4.61139843972e-24,4.65237976374e-24,3.81170884085e-24,3.59163242551e-24,5.34249184971e-24,4.75127767771e-24,3.90282188097e-24,3.18480778479e-24,3.94180738691e-24,4.60954816646e-24,5.48957299334e-24,6.55697358444e-24,5.43442964391e-24,4.39050870879e-24,6.24701080769e-24,7.77868759595e-24,6.67729025528e-24,7.37850555848e-24,6.82835001888e-24,6.51905935162e-24,6.17866784317e-24,6.49663519152e-24],"var":[0.00000447002594228,0.00000214551755562,2.45920347197e-7,8.85057602318e-7,0.00000183889380878,0.00000115851571536,7.3607941431e-7,4.2931264943e-7,9.62868966781e-8,9.59020951541e-8,5.68753257824e-8,1.50330006221e-8,1.03833803777e-8,9.5561771829e-9,2.8766375948e-8,2.4113825603e-8,3.40458434778e-8,8.89297169238e-9,8.31914803712e-9,5.72352032435e-9,1.18107024161e-9,6.47412345955e-10,5.54842893852e-10,2.69396421837e-10,2.87328272286e-10,2.83883611063e-10,4.58569821005e-10,7.38601735328e-10,9.18875642242e-10,6.50851261774e-10,2.4793550546e-10,2.92402463353e-10,1.90464491401e-10,1.72082889605e-10,3.02756819615e-10,1.88598331397e-10,8.52252712846e-11,1.0164521308e-10,4.26947158183e-11,1.14683028699e-11]},"melbands_crest":{"dmean":3.32960700989,"dmean2":5.13070821762,"dvar":9.85034942627,"dvar2":21.9754981995,"max":36.0714874268,"mean":12.9538097382,"median":12.1570425034,"min":1.79194927216,"var":29.98985672},"melbands_flatness_db":{"dmean":0.0328015424311,"dmean2":0.0421907901764,"dvar":0.00112227047794,"dvar2":0.00179899611976,"max":0.417331874371,"mean":0.20605096221,"median":0.212658628821,"min":0.00386490277015,"var":0.00659376522526},"melbands_kurtosis":{"dmean":3.61710238457,"dmean2":5.42931270599,"dvar":42.4668693542,"dvar2":84.7856750488,"max":174.779327393,"mean":5.33209991455,"median":2.24478578568,"min":-1.87115454674,"var":86.1929626465},"melbands_skewness":{"dmean":0.615419983864,"dmean2":0.89117872715,"dvar":0.484002679586,"dvar2":0.904000461102,"max":11.0186223984,"mean":1.74908697605,"median":1.63296341896,"min":-1.81990778446,"var":1.78934061527},"melbands_spread":{"dmean":10.6656589508,"dmean2":15.0732269287,"dvar":259.178863525,"dvar2":449.539367676,"max":245.435775757,"mean":34.132648468,"median":27.8023929596,"min":1.32531750202,"var":787.063964844},"mfcc":{"cov":[[10343.5703125,-1131.93640137,530.705200195,343.271179199,-484.851226807,-187.367218018,-234.76713562,-84.4613494873,-194.524032593,125.005844116,-73.5830688477,66.4533309937,-67.4652404785],[-1131.93640137,3328.01977539,-1145.93933105,220.807754517,357.945983887,-207.236724854,250.07824707,-222.056106567,62.1746711731,15.5522909164,-143.46585083,99.1760787964,27.9549655914],[530.705200195,-1145.93933105,1221.21398926,-99.8719787598,-47.5801811218,-45.7178039551,-55.8880691528,78.93800354,-49.1440963745,59.8438262939,55.8529434204,27.2705440521,1.38825142384],[343.271179199,220.807754517,-99.8719787598,318.401092529,55.29271698,54.2030143738,33.6830787659,11.8118534088,0.765311837196,10.0624227524,-19.6461219788,20.1920757294,25.070306778],[-484.851226807,357.945983887,-47.5801811218,55.29271698,230.523757935,32.8350791931,59.7183990479,8.19365882874,17.2271652222,11.0693082809,-13.0930681229,11.642950058,6.07800626755],[-187.367218018,-207.236724854,-45.7178039551,54.2030143738,32.8350791931,327.304229736,22.1361064911,93.6171951294,49.2286491394,-47.7281227112,38.7602729797,-40.1778793335,9.93670368195],[-234.76713562,250.07824707,-55.8880691528,33.6830787659,59.7183990479,22.1361064911,173.007751465,28.9509887695,60.5952148438,31.8417034149,9.46906852722,23.1058082581,-6.86836910248],[-84.4613494873,-222.056106567,78.93800354,11.8118534088,8.19365882874,93.6171951294,28.9509887695,167.946029663,50.9872741699,2.49313926697,49.2703857422,-22.6106567383,3.21248173714],[-194.524032593,62.1746711731,-49.1440963745,0.765311837196,17.2271652222,49.2286491394,60.5952148438,50.9872741699,148.362915039,19.4866008759,32.1286659241,15.3334350586,-10.1917476654],[125.005844116,15.5522909164,59.8438262939,10.0624227524,11.0693082809,-47.7281227112,31.8417034149,2.49313926697,19.4866008759,122.539505005,19.7731113434,29.0908603668,7.74130678177],[-73.5830688477,-143.46585083,55.8529434204,-19.6461219788,-13.0930681229,38.7602729797,9.46906852722,49.2703857422,32.1286659241,19.7731113434,117.140563965,-1.10225141048,2.66572117805],[66.4533309937,99.1760787964,27.2705440521,20.1920757294,11.642950058,-40.1778793335,23.1058082581,-22.6106567383,15.3334350586,29.0908603668,-1.10225141048,96.3539962769,16.9406719208],[-67.4652404785,27.9549655914,1.38825142384,25.070306778,6.07800626755,9.93670368195,-6.86836910248,3.21248173714,-10.1917476654,7.74130678177,2.66572117805,16.9406719208,75.5635070801]],"icov":[[0.000129378386191,0.0000146106795,-0.000035174372897,-0.000220813235501,0.000271875818726,0.00000894824552233,0.000102253281511,0.00000763629577705,0.00010259883129,-0.000166271638591,0.0000887726710062,-0.000103848804429,0.000220961665036],[0.0000146106795,0.000763151445426,0.00059770263033,-0.000210561309359,-0.000874681922141,0.000592906668317,-0.000675838673487,0.000546588504221,-0.000162505646585,0.000162708558491,0.000175740293344,-0.000247272575507,-0.000292038050247],[-0.000035174372897,0.00059770263033,0.00147031550296,0.000215190681047,-0.000739548529964,0.00053427106468,-0.000235159444856,-0.000344718631823,0.000447187252576,-0.00030414853245,-0.000126119455672,-0.000726022582967,-0.000109734231955],[-0.000220813235501,-0.000210561309359,0.000215190681047,0.00410765595734,-0.000765698729083,-0.000880774634425,-0.000349122768966,-0.000576326216105,0.000472970394185,-0.00030887540197,0.000607273774222,-0.000661770871375,-0.00109347689431],[0.000271875818726,-0.000874681922141,-0.000739548529964,-0.000765698729083,0.00665777688846,-0.00116106285714,-0.000531284080353,-0.000595534569584,0.000524631876033,-0.0008510556072,0.000730470870622,-0.000140661242767,0.000591858872212],[0.00000894824552233,0.000592906668317,0.00053427106468,-0.000880774634425,-0.00116106285714,0.00492307823151,-0.000660616206005,-0.0012165713124,-0.00115218106657,0.00204416224733,-0.000856689352077,0.00123318529222,-0.00110234809108],[0.000102253281511,-0.000675838673487,-0.000235159444856,-0.000349122768966,-0.000531284080353,-0.000660616206005,0.00864493008703,-0.00142558431253,-0.00196749158204,-0.00181202532258,0.000146225880599,-0.00128045899328,0.00163964985404],[0.00000763629577705,0.000546588504221,-0.000344718631823,-0.000576326216105,-0.000595534569584,-0.0012165713124,-0.00142558431253,0.00952444318682,-0.0024212540593,0.000146424063132,-0.00212667183951,0.00230351439677,-0.0011074381182],[0.00010259883129,-0.000162505646585,0.000447187252576,0.000472970394185,0.000524631876033,-0.00115218106657,-0.00196749158204,-0.0024212540593,0.00985139142722,-0.00122046843171,-0.00121561309788,-0.00234146555886,0.00204157712869],[-0.000166271638591,0.000162708558491,-0.00030414853245,-0.00030887540197,-0.0008510556072,0.00204416224733,-0.00181202532258,0.000146424063132,-0.00122046843171,0.0107305916026,-0.00195613293909,-0.00130414078012,-0.00137441710103],[0.0000887726710062,0.000175740293344,-0.000126119455672,0.000607273774222,0.000730470870622,-0.000856689352077,0.000146225880599,-0.00212667183951,-0.00121561309788,-0.00195613293909,0.0108845392242,-0.000352729286533,-0.000295777455904],[-0.000103848804429,-0.000247272575507,-0.000726022582967,-0.000661770871375,-0.000140661242767,0.00123318529222,-0.00128045899328,0.00230351439677,-0.00234146555886,-0.00130414078012,-0.000352729286533,0.0137865738943,-0.00339409755543],[0.000220961665036,-0.000292038050247,-0.000109734231955,-0.00109347689431,0.000591858872212,-0.00110234809108,0.00163964985404,-0.0011074381182,0.00204157712869,-0.00137441710103,-0.000295777455904,-0.00339409755543,0.0153850298375]],"mean":[-686.246704102,145.236434937,-37.828453064,21.0397891998,12.3394069672,10.9621915817,9.60704898834,-14.1580142975,-5.0295715332,2.12216973305,-13.9975509644,1.23754262924,-5.20158720016]},"pitch_salience":{"dmean":0.0686466321349,"dmean2":0.10478758812,"dvar":0.00413460843265,"dvar2":0.00879702530801,"max":0.911348760128,"mean":0.601016700268,"median":0.612951636314,"min":0.117693915963,"var":0.0144296986982},"silence_rate_20dB":{"dmean":0,"dmean2":0,"dvar":0,"dvar2":0,"max":1,"mean":1,"median":1,"min":1,"var":0},"silence_rate_30dB":{"dmean":0.00293056806549,"dmean2":0.00586179690436,"dvar":0.00292218104005,"dvar2":0.00785730592906,"max":1,"mean":0.997745990753,"median":1,"min":0,"var":0.00224914913997},"silence_rate_60dB":{"dmean":0.0315599627793,"dmean2":0.063127040863,"dvar":0.030562935397,"dvar2":0.0692896619439,"max":1,"mean":0.106953680515,"median":0,"min":0,"var":0.0955193936825},"spectral_centroid":{"dmean":324.936157227,"dmean2":441.182739258,"dvar":171230.65625,"dvar2":275913.53125,"max":11479.0126953,"mean":1554.7611084,"median":1374.76574707,"min":259.263366699,"var":1017017.3125},"spectral_complexity":{"dmean":4.8539223671,"dmean2":6.69394636154,"dvar":34.0953903198,"dvar2":55.7037849426,"max":62,"mean":20.3639125824,"median":19,"min":0,"var":128.188919067},"spectral_contrast_coeffs":{"dmean":[0.0521428957582,0.0478473156691,0.0360600054264,0.0340646617115,0.0265065412968,0.0229351501912],"dmean2":[0.082384891808,0.0734820514917,0.0564446039498,0.050746306777,0.0404504798353,0.034165084362],"dvar":[0.00186233478598,0.00182528235018,0.000879583472852,0.000800953712314,0.00057014147751,0.000420790049247],"dvar2":[0.00440295739099,0.00381527259015,0.00210201111622,0.00171363726258,0.00123554421589,0.000891655392479],"max":[-0.272003889084,-0.354955494404,-0.522278904915,-0.478092521429,-0.53620916605,-0.58681666851],"mean":[-0.624121129513,-0.715280711651,-0.774812936783,-0.751359343529,-0.779570400715,-0.76410228014],"median":[-0.631780743599,-0.734775722027,-0.77811729908,-0.754360675812,-0.782073736191,-0.764814972878],"min":[-0.973664522171,-0.973495006561,-0.974165141582,-0.969326972961,-0.967123925686,-0.964321672916],"var":[0.00931094586849,0.0102189797908,0.00306839169934,0.0033936148975,0.00214356929064,0.00226393132471]},"spectral_contrast_valleys":{"dmean":[0.477871268988,0.391917824745,0.34417194128,0.347263514996,0.422687679529,0.546127140522],"dmean2":[0.740948200226,0.597994506359,0.511432647705,0.487574338913,0.523883104324,0.619015693665],"dvar":[0.196865439415,0.130309134722,0.0947021022439,0.102373935282,0.161377683282,0.351655036211],"dvar2":[0.401106536388,0.275119960308,0.190768614411,0.188375115395,0.259308874607,0.515440762043],"max":[-5.30763435364,-4.90328121185,-4.85744285583,-5.58885335922,-5.40670776367,-7.06941843033],"mean":[-7.93876361847,-7.4461145401,-7.583527565,-7.62039089203,-7.8878288269,-11.3263130188],"median":[-7.61405420303,-7.24642276764,-7.39895105362,-7.42169189453,-7.70956325531,-11.357758522],"min":[-28.2947750092,-27.8298835754,-27.6854686737,-27.6186313629,-27.4435653687,-27.3451786041],"var":[2.97271633148,2.76001811028,2.56784772873,2.57738518715,2.94537997246,3.74451494217]},"spectral_decrease":{"dmean":1.70265290755e-9,"dmean2":2.37111419388e-9,"dvar":6.5740336347e-18,"dvar2":1.18089296865e-17,"max":1.34258983836e-28,"mean":-4.8689035026e-9,"median":-3.47362716369e-9,"min":-3.53455646973e-8,"var":2.14606649797e-17},"spectral_energy":{"dmean":0.00702646467835,"dmean2":0.00975050032139,"dvar":0.00010206632578,"dvar2":0.000184607080882,"max":0.139860063791,"mean":0.0201952122152,"median":0.0149654466659,"min":1.01272942163e-20,"var":0.000349149369868},"spectral_energyband_high":{"dmean":0.000818442029413,"dmean2":0.00111695402302,"dvar":0.00000526180292582,"dvar2":0.00000939765413932,"max":0.0564455091953,"mean":0.00117050495464,"median":0.000135884693009,"min":7.13254254632e-21,"var":0.000013053047951},"spectral_energyband_low":{"dmean":0.00318606081419,"dmean2":0.00488068535924,"dvar":0.0000592988435528,"dvar2":0.000115927759907,"max":0.123362131417,"mean":0.00470563955605,"median":0.00225633499213,"min":1.86190674274e-23,"var":0.0000795418745838},"spectral_energyband_middle_high":{"dmean":0.00189143279567,"dmean2":0.00259847729467,"dvar":0.00000840879602038,"dvar2":0.0000153103319462,"max":0.0754266157746,"mean":0.00547177856788,"median":0.0036789663136,"min":1.1518336549e-21,"var":0.0000343943684129},"spectral_energyband_middle_low":{"dmean":0.00339252431877,"dmean2":0.00472778920084,"dvar":0.00003022832243,"dvar2":0.0000535332328582,"max":0.120846539736,"mean":0.00931543204933,"median":0.00478310557082,"min":1.89808112706e-22,"var":0.000128008367028},"spectral_entropy":{"dmean":0.194487899542,"dmean2":0.24865552783,"dvar":0.0422991588712,"dvar2":0.0673796162009,"max":9.81704902649,"mean":7.42939853668,"median":7.36419200897,"min":5.81893730164,"var":0.248765900731},"spectral_flux":{"dmean":0.0237689912319,"dmean2":0.0356642082334,"dvar":0.000759079062846,"dvar2":0.00166983809322,"max":0.329959601164,"mean":0.0724257603288,"median":0.06340020895,"min":6.40383163164e-11,"var":0.00224373280071},"spectral_kurtosis":{"dmean":3.53820252419,"dmean2":5.89477825165,"dvar":18.4869327545,"dvar2":51.0971412659,"max":54.583530426,"mean":7.21229553223,"median":5.72407627106,"min":-1.24505960941,"var":34.0609550476},"spectral_rms":{"dmean":0.00072620739229,"dmean2":0.000978724798188,"dvar":7.39647305181e-7,"dvar2":0.00000124756661535,"max":0.0116811320186,"mean":0.00396614940837,"median":0.00382105167955,"min":3.14329248394e-12,"var":0.00000397235589844},"spectral_rolloff":{"dmean":592.078918457,"dmean2":868.114685059,"dvar":894102.9375,"dvar2":1456402.875,"max":19422.9492188,"mean":1987.06347656,"median":1593.45703125,"min":21.533203125,"var":3634250.25},"spectral_skewness":{"dmean":0.378624141216,"dmean2":0.595034241676,"dvar":0.133832320571,"dvar2":0.340366244316,"max":4.95292711258,"mean":1.59783911705,"median":1.51439547539,"min":-0.0627405568957,"var":0.404242634773},"spectral_spread":{"dmean":479818.34375,"dmean2":669713.75,"dvar":446180720640,"dvar2":843148623872,"max":42129132,"mean":3357765,"median":2871074.75,"min":1065422,"var":7371798085630},"spectral_strongpeak":{"dmean":0.50879663229,"dmean2":0.845424056053,"dvar":0.79301148653,"dvar2":1.91847229004,"max":15.3463220596,"mean":0.931313991547,"median":0.547057390213,"min":0,"var":1.22394347191},"zerocrossingrate":{"dmean":0.0141214104369,"dmean2":0.0145665341988,"dvar":0.000348589324858,"dvar2":0.000319629762089,"max":0.51708984375,"mean":0.0659513175488,"median":0.05224609375,"min":0.00439453125,"var":0.00274866982363}},"metadata":{"audio_properties":{"analysis_sample_rate":44100,"bit_rate":0,"codec":"flac","downmix":"mix","equal_loudness":0,"length":206,"lossless":true,"md5_encoded":"673d9a8b38ac5f73d10746840ab4a3be","replay_gain":-6.81105232239,"sample_rate":44100},"tags":{"album":["New York"],"albumartist":["Lou Reed"],"albumartistsort":["Reed, Lou"],"artist":["Lou Reed"],"artistsort":["Reed, Lou"],"asin":["B000002LGA"],"barcode":["075992582926"],"catalognumber":["7599-25829-2"],"date":["1989-01-10"],"discnumber":["01"],"disctotal":["01"],"file_name":"09_sick_of_you.flac","genre":["Rock"],"label":["Sire Records"],"language":["English"],"media":["CD"],"musicbrainz_albumartistid":["9d1ebcfe-4c15-4d18-95d3-d919898638a1"],"musicbrainz_albumid":["877f9d7a-a1ea-464a-a8a1-a851ab1046c1"],"musicbrainz_artistid":["9d1ebcfe-4c15-4d18-95d3-d919898638a1"],"musicbrainz_discid":["2jZSOYAgxtH_EQPz8khK.Cx.Ts8-","Mu5fz7_4aoDXHe0I6uWQ9rHBxvY-","YB2ILoB1yfsUzVLpX1S2t65Bu08-","ZEsW7d1b0aM.PsR7A5j5B_FlwYk-","aHQm9rjqCKqedO8io7MXeEID5U8-","fm_j0a5GFYdjYy.rGKwGOZEBJ0w-","x67lAjrYgjignNC_pSZ3ElzcpF4-"],"musicbrainz_recordingid":["36c7fcfe-2286-4ab5-a6d4-71e72abd91c9"],"musicbrainz_releasegroupid":["bf543d9f-f0de-3f46-87b4-f9cddf58806b"],"musicip_puid":["ebc1c39a-80dd-d012-c10d-99ff5373054d"],"producer":["Fred Maher"],"releasecountry":["Europe"],"script":["Latin"],"title":["Sick of You"],"tracknumber":["09"],"tracktotal":["14"]},"version":{"essentia":"2.1-beta2","essentia_build_sha":"70f2e5ece6736b2c40cc944ad0e695b16b925413","essentia_git_sha":"v2.1_beta2","extractor":"music 1.0"}},"rhythm":{"beats_count":313,"beats_loudness":{"dmean":0.0171995032579,"dmean2":0.0295012686402,"dvar":0.000260723783867,"dvar2":0.000714951776899,"max":0.103586740792,"mean":0.0268339086324,"median":0.023929817602,"min":0,"var":0.000318137957