{"lowlevel":{"average_loudness":0.943436861038,"barkbands":{"dmean":[0.000089081346232,0.00242029642686,0.00342455063947,0.00182983244304,0.00216709217057,0.000746431527659,0.000714498804882,0.000756715482567,0.000577379134484,0.000415067421272,0.000289001240162,0.000262202200247,0.000250457815127,0.000280681531876,0.000308364426019,0.000267887517111,0.000373147282517,0.000390669010812,0.000243903879891,0.000134929578053,0.000127737759613,0.0000916998105822,0.0000658298886265,0.0000716021022527,0.0000370326779375,0.0000190436749108,0.00000388213993574],"dmean2":[0.000155551068019,0.00440044142306,0.00615790858865,0.0032033897005,0.00369789125398,0.0012207190739,0.00115441135131,0.00120574096218,0.000915198761504,0.000664631894324,0.000466613448225,0.00042341882363,0.000407247105613,0.000454431487015,0.000488401798066,0.00044067480485,0.000627110886853,0.000616331235506,0.000387885782402,0.000216438260395,0.000207631266676,0.00014092719357,0.0000982712736004,0.000103948128526,0.000053742682212,0.0000272554480034,0.00000549862852495],"dvar":[5.26235091058e-8,0.0000325893051922,0.0000579411171202,0.0000120557915579,0.0000148853523569,0.00000231866943068,0.00000287827469947,0.00000303685646941,0.00000110490509542,3.56976471494e-7,5.15789281508e-7,3.79262218075e-7,2.33297896557e-7,4.35088566064e-7,3.53932591679e-7,1.51981865315e-7,1.98129185947e-7,3.80545031931e-7,1.78181167598e-7,4.86049565041e-8,4.49940209535e-8,3.30611449328e-8,2.40492834536e-8,5.30823456302e-8,1.21937588915e-8,1.57801116618e-9,5.12012515719e-11],"dvar2":[1.44307563232e-7,0.0000912043469725,0.000164232726092,0.0000332925628754,0.0000412410699937,0.00000563492176298,0.00000612925168753,0.00000695445260135,0.00000256072098637,8.54311849707e-7,0.00000121556695376,9.30622888973e-7,5.90700722114e-7,9.76893034021e-7,8.15117061848e-7,3.89082657648e-7,5.23287553733e-7,8.92887214832e-7,3.99911840532e-7,1.1664580768e-7,1.13623741527e-7,7.88996104006e-8,4.56238105073e-8,1.05566329012e-7,2.49829756882e-8,3.17938764205e-9,1.06927695864e-10],"max":[0.00193963828497,0.045526329428,0.0745504871011,0.030824072659,0.0418696701527,0.047624617815,0.0399284921587,0.0344963744283,0.0259411018342,0.0130601264536,0.0195871014148,0.0168033391237,0.015539216809,0.0232123434544,0.015617349185,0.00815406441689,0.00791925098747,0.00974897481501,0.00875343289226,0.00523262424394,0.00406113779172,0.0027746935375,0.00476398831233,0.00733539508656,0.00324808317237,0.00117524410598,0.000117326933832],"mean":[0.0000678983487887,0.00210479670204,0.00356323178858,0.00223677558824,0.0032432184089,0.00109929568134,0.00103971466888,0.00105732539669,0.00107060035225,0.000795644125901,0.000510561745614,0.00045783596579,0.000438178482,0.000481961207697,0.000587679969613,0.000594490440562,0.000904534361325,0.000921763596125,0.000597166595981,0.000305953930365,0.000313204567647,0.000174427856109,0.000141875585541,0.000172802712768,0.0000912393152248,0.0000414072128478,0.00000705882848706],"median":[0.00000626858536634,0.000673688249663,0.0016943012597,0.00123060122132,0.00217283912934,0.000574492558371,0.000434554356616,0.000347649678588,0.000591650721617,0.000593726348598,0.00029704728513,0.000312051677611,0.000310946430545,0.00027498207055,0.000305904453853,0.000495598593261,0.000834989885334,0.000540272973012,0.000343845807947,0.000216202577576,0.000272379285889,0.0000984379221336,0.0000751072002458,0.0000840332140797,0.00004993183029,0.0000259717999143,0.00000466823985334],"min":[9.1550534492e-24,1.24619979647e-22,5.4775623494e-23,3.80332719373e-23,2.67702440987e-23,4.41896970584e-23,1.00423539402e-22,6.98142027338e-23,3.21904884458e-23,7.73769301907e-23,4.62713337488e-23,3.83462256802e-23,9.82242267527e-23,1.57118461478e-22,7.97022965017e-23,8.42725779334e-23,9.96908453932e-23,4.54967714208e-22,2.65013542327e-22,5.21078246546e-22,4.81190763362e-22,4.18328242739e-22,8.6126303873e-22,8.28642971345e-22,1.09848888625e-21,1.41301078363e-21,1.95680014631e-21],"var":[3.85297127536e-8,0.0000219062876567,0.0000416789116571,0.0000109057682494,0.000015215789972,0.00000367511711374,0.00000558475085199,0.00000511823736815,0.00000255778900282,7.41185658626e-7,0.0000011617871678,6.25121913345e-7,3.21605881481e-7,7.97486222837e-7,8.80761888311e-7,3.11354369842e-7,4.33340147765e-7,0.00000123034317312,6.6110123953e-7,1.17826935764e-7,7.60815055401e-8,5.49163665653e-8,5.55925616652e-8,1.44885504483e-7,4.42160938974e-8,5.44016076631e-9,8.41222091985e-11]},"barkbands_crest":{"dmean":2.02158355713,"dmean2":3.35208630562,"dvar":3.46368551254,"dvar2":9.40355014801,"max":22.9316101074,"mean":7.18452739716,"median":6.57074308395,"min":1.97680544853,"var":8.40616321564},"barkbands_flatness_db":{"dmean":0.0156947784126,"dmean2":0.0251134894788,"dvar":0.000306256784825,"dvar2":0.000780911941547,"max":0.323146313429,"mean":0.094553142786,"median":0.0750945955515,"min":0.0144037660211,"var":0.00338653312065},"barkbands_kurtosis":{"dmean":1.37355136871,"dmean2":2.2726559639,"dvar":10.8119916916,"dvar2":25.8366947174,"max":144.491622925,"mean":0.89997446537,"median":-0.337386369705,"min":-1.87530589104,"var":17.589138031},"barkbands_skewness":{"dmean":0.44055980444,"dmean2":0.707215070724,"dvar":0.269737660885,"dvar2":0.682685792446,"max":8.69501590729,"mean":0.963533639908,"median":0.834570229053,"min":-1.85099828243,"var":0.651568472385},"barkbands_spread":{"dmean":5.14379405975,"dmean2":8.22367191315,"dvar":34.1961669922,"dvar2":82.1547393799,"max":93.8843460083,"mean":30.5346603394,"median":31.8797302246,"min":0.921415448189,"var":154.676223755},"dissonance":{"dmean":0.0105014052242,"dmean2":0.0176909808069,"dvar":0.000131890396005,"dvar2":0.000324655295117,"max":0.5,"mean":0.473456323147,"median":0.485256761312,"min":0.246602937579,"var":0.00156066985801},"dynamic_complexity":4.8753528595,"erbbands":{"dmean":[0.0336182527244,0.700246810913,3.46701788902,5.54274368286,6.48945474625,7.82087898254,5.68290901184,6.52082967758,9.1586856842,14.7558307648,14.4080657959,12.7103414536,11.5247631073,10.5740156174,11.8689022064,10.0476531982,9.81709861755,10.5683298111,15.5879621506,17.1701221466,13.2774610519,21.2018604279,18.7597866058,17.8329257965,9.1464176178,6.28885030746,5.3593993187,4.81425189972,3.49999427795,2.13788962364,1.93338096142,1.83745718002,1.03792285919,0.487041860819,0.240769654512,0.107263892889,0.0324411615729,0.00573457591236,0.000668418651912,0.0000381392237614],"dmean2":[0.0588248446584,1.28469836712,6.29912853241,9.70048332214,11.0338449478,13.5311346054,9.20079135895,10.9709615707,14.9288358688,24.3747463226,22.0426616669,20.044921875,18.5788955688,16.885641098,19.2980270386,16.143239975,15.8808393478,17.0999107361,24.6945781708,27.3860721588,21.9724140167,35.3899040222,29.4100875854,28.5357437134,14.3925056458,10.0318994522,8.84683513641,7.78232097626,5.40231513977,3.27151918411,2.88499236107,2.69982099533,1.52149629593,0.716609179974,0.351392924786,0.15619379282,0.0460460111499,0.00812165625393,0.0009508485673,0.0000540876826562],"dvar":[0.00529341725633,2.86236524582,64.3755874634,126.67414856,92.7684783936,251.326431274,92.583190918,239.588378906,533.596435547,1141.8059082,1207.36352539,644.077941895,271.811157227,358.530944824,926.012878418,477.744628906,423.101715088,508.459289551,1101.08813477,1099.61499023,250.663040161,644.47088623,945.870666504,972.040283203,251.076812744,110.887153625,72.9215087891,72.8900756836,51.5665016174,18.1067848206,24.1724395752,41.946521759,8.3234910965,2.24635410309,0.464703530073,0.0642093941569,0.00380051298998,0.000111988374556,0.00000148247227116,3.68957997487e-9],"dvar2":[0.0141413882375,8.10240077972,182.876586914,354.13369751,249.160263062,696.935668945,231.927230835,596.344360352,1187.24755859,2724.75976562,2577.47558594,1449.57055664,666.296203613,886.407165527,2212.43261719,1138.41699219,1075.72131348,1161.11010742,2551.93212891,2510.8371582,637.218566895,1686.08251953,2217.92089844,2228.61987305,576.613342285,258.872497559,186.080368042,180.250167847,124.273826599,42.736415863,46.3645210266,87.7122039795,15.6785411835,4.70249700546,0.935068190098,0.130306705832,0.00761799328029,0.000231165875448,0.00000310469204123,7.73720376657e-9],"max":[0.547220289707,13.5616941452,70.5902709961,104.639511108,112.040641785,142.459640503,218.450805664,480.895843506,726.840820312,756.294250488,718.50177002,806.748474121,356.700378418,514.132080078,1067.48461914,691.236572266,719.379333496,758.854919434,1040.86523438,806.549621582,334.817077637,454.688690186,552.112426758,610.420532227,319.2890625,285.565856934,136.929519653,158.559387207,107.333847046,105.910507202,155.650650024,251.404495239,67.9564437866,38.9896812439,23.3028736115,7.66323280334,1.73587584496,0.259567141533,0.0187796466053,0.000901935563888],"mean":[0.0307859946042,0.610424220562,3.47322249413,7.11478757858,9.22854232788,10.2677268982,9.04792499542,8.92164516449,13.2526168823,20.4253921509,23.3250808716,23.7616233826,23.7860736847,21.7745609283,22.6755084991,19.1963481903,18.4662971497,20.2129898071,29.1697998047,36.5930747986,34.6502723694,52.8975944519,46.7213630676,44.9117736816,23.1489543915,14.6812343597,12.8817329407,10.9714355469,6.56838464737,4.35700845718,4.14899158478,4.1135225296,2.50477075577,1.19695901871,0.551100254059,0.227747365832,0.0692066252232,0.0112778125331,0.00124459550716,0.0000873248209246],"median":[0.00937813334167,0.206298559904,1.53380084038,4.00791454315,6.01253128052,5.82712316513,5.02252149582,4.24916791916,5.98012018204,7.8746304512,8.8953704834,12.944601059,18.1948280334,15.7176542282,15.1064834595,13.6932725906,13.4485521317,13.7233276367,16.9327888489,21.1392784119,31.6469230652,48.5583992004,29.7336597443,24.8994731903,14.1214141846,10.4402923584,11.334851265,8.51967716217,3.78235411644,2.53932356834,2.16600775719,1.89796853065,1.24659383297,0.636265695095,0.29883313179,0.131691902876,0.0461121015251,0.00771844061092,0.000824062793981,0.0000680965604261],"min":[4.48201029446e-21,2.52030558911e-20,5.77920785576e-20,9.94248607316e-20,1.04057886418e-19,1.09603783458e-19,3.16996393643e-19,2.97615086602e-19,9.64840837275e-19,1.69752330267e-18,1.35117450839e-18,8.05599987359e-19,1.33268516054e-18,2.8010302163e-18,1.88940500975e-18,1.90420037578e-18,3.39662238441e-18,8.44789550715e-18,6.56268182156e-18,3.2509918609e-18,5.26129800258e-18,8.43006232032e-18,2.61756540282e-17,1.40864854764e-17,1.40411989922e-17,2.12770375011e-17,2.22586345361e-17,1.84984716491e-17,1.21943528385e-17,2.71203257206e-17,2.22199671511e-17,1.417304331e-17,1.59451487322e-17,1.17984600615e-17,8.26455671464e-18,4.62683516991e-18,2.61844684648e-18,1.17046966575e-18,2.82410705612e-19,2.77910972327e-20],"var":[0.00417987816036,1.85088086128,43.7708282471,112.350395203,107.282684326,232.401580811,140.940139771,344.163574219,1017.5982666,1701.93188477,2272.95166016,1542.38464355,594.008483887,751.91986084,1605.89001465,796.849243164,589.437316895,903.564208984,2065.68164062,3115.47631836,637.920410156,1472.92321777,2818.89990234,3764.47998047,808.633544922,267.989929199,120.527702332,125.52306366,80.5289230347,31.2680702209,55.4430503845,99.1946105957,26.0590572357,7.1733341217,1.81988525391,0.244358420372,0.0113566862419,0.000227501834161,0.00000250280504588,6.91806167907e-9]},"erbbands_crest":{"dmean":1.72451722622,"dmean2":2.81366181374,"dvar":2.84194612503,"dvar2":7.05051755905,"max":24.4444046021,"mean":6.86381721497,"median":6.12527322769,"min":2.28448748589,"var":8.77218723297},"erbbands_flatness_db":{"dmean":0.0117111122236,"dmean2":0.0170893017203,"dvar":0.000137961527798,"dvar2":0.000279765197774,"max":0.302049636841,"mean":0.136578276753,"median":0.125302955508,"min":0.0445321835577,"var":0.00186416076031},"erbbands_kurtosis":{"dmean":0.479529261589,"dmean2":0.763226509094,"dvar":0.418289601803,"dvar2":1.01090872288,"max":30.1412124634,"mean":0.224830895662,"median":-0.361505270004,"min":-1.87501001358,"var":7.46222782135},"erbbands_skewness":{"dmean":0.236262977123,"dmean2":0.367138117552,"dvar":0.0463046953082,"dvar2":0.112633660436,"max":4.89031505585,"mean":-0.161491557956,"median":-0.263188004494,"min":-2.06614398956,"var":0.445370942354},"erbbands_spread":{"dmean":6.60020875931,"dmean2":10.5380792618,"dvar":50.4372291565,"dvar2":122.996124268,"max":167.404937744,"mean":38.7120246887,"median":38.220539093,"min":6.86432933807,"var":197.297470093},"gfcc":{"cov":[[34568.0703125,-3160.63525391,-2622.81420898,2251.08569336,33.2079315186,1405.42260742,-927.408325195,-101.428985596,-911.951599121,-40.3118896484,13.5077037811,218.645294189,-501.308776855],[-3160.63525391,1599.2833252,0.22346778214,-168.98651123,164.240371704,-328.768768311,249.49697876,-117.457702637,164.858825684,3.1156873703,102.772621155,-51.8590278625,133.65196228],[-2622.81420898,0.22346778214,673.636108398,-192.834915161,16.2779026031,-40.0027580261,59.7163848877,54.4242553711,53.7736854553,26.8722629547,-52.2524261475,16.7607784271,-6.17532157898],[2251.08569336,-168.98651123,-192.834915161,298.722167969,-0.374454885721,144.379272461,-52.1388664246,4.34715557098,-36.4422340393,-16.9584884644,14.7511758804,2.57474327087,-15.3771085739],[33.2079315186,164.240371704,16.2779026031,-0.374454885721,220.13092041,2.61701893806,89.8890914917,7.02095365524,-7.72419548035,10.6454439163,3.52748966217,13.3368225098,7.36187934875],[1405.42260742,-328.768768311,-40.0027580261,144.379272461,2.61701893806,194.550918579,-29.5473213196,35.0180244446,-50.697555542,-6.93548774719,-10.1431722641,10.5355873108,-23.8927841187],[-927.408325195,249.49697876,59.7163848877,-52.1388664246,89.8890914917,-29.5473213196,137.928955078,6.42914533615,33.0894165039,10.4837141037,9.62447929382,-1.87573182583,20.4166488647],[-101.428985596,-117.457702637,54.4242553711,4.34715557098,7.02095365524,35.0180244446,6.42914533615,83.0518798828,18.1502571106,0.785154819489,-10.271487236,-9.99196338654,-13.0871295929],[-911.951599121,164.858825684,53.7736854553,-36.4422340393,-7.72419548035,-50.697555542,33.0894165039,18.1502571106,85.1216506958,18.3157367706,11.0067405701,-14.5950708389,13.0101299286],[-40.3118896484,3.1156873703,26.8722629547,-16.9584884644,10.6454439163,-6.93548774719,10.4837141037,0.785154819489,18.3157367706,44.9415206909,14.5855503082,10.8786401749,-3.05692863464],[13.5077037811,102.772621155,-52.2524261475,14.7511758804,3.52748966217,-10.1431722641,9.62447929382,-10.271487236,11.0067405701,14.5855503082,53.9863586426,10.9639673233,12.3473510742],[218.645294189,-51.8590278625,16.7607784271,2.57474327087,13.3368225098,10.5355873108,-1.87573182583,-9.99196338654,-14.5950708389,10.8786401749,10.9639673233,52.3295249939,16.8471221924],[-501.308776855,133.65196228,-6.17532157898,-15.3771085739,7.36187934875,-23.8927841187,20.4166488647,-13.0871295929,13.0101299286,-3.05692863464,12.3473510742,16.8471221924,64.1771697998]],"icov":[[0.00016330787912,-0.000168469792698,0.00043444277253,-0.000709271989763,-0.0000680430457578,-0.000287077418761,0.000565520254895,-0.000259828520939,0.000913151714485,-0.000810278113931,0.000680301862303,-0.000970525259618,0.00106656493153],[-0.000168469792698,0.00304465112276,-0.000818569387775,0.0000237747353822,-0.00137509847991,0.0032004613895,-0.00325955683365,0.00375195173547,-0.00350323831663,0.00314274360426,-0.00477332714945,0.00497989868745,-0.00410737749189],[0.00043444277253,-0.000818569387775,0.00355628668331,-0.000323201296851,0.000111180663225,-0.00177310022991,0.00132466014475,-0.00197044829838,0.00129087269306,-0.00294974632561,0.00469266064465,-0.00500762835145,0.0038764544297],[-0.000709271989763,0.0000237747353822,-0.000323201296851,0.0106062171981,-0.000498049717862,-0.00521797453985,0.000324254302541,0.00172746530734,-0.0062383627519,0.00561008416116,-0.00387588166632,0.00303511880338,-0.00323522114195],[-0.0000680430457578,-0.00137509847991,0.000111180663225,-0.000498049717862,0.00785571802408,-0.000243095360929,-0.00444511463866,-0.00297112390399,0.00407995050773,-0.0027558489237,0.00277408747934,-0.00307618849911,0.00135560682975],[-0.000287077418761,0.0032004613895,-0.00177310022991,-0.00521797453985,-0.000243095360929,0.0154889412224,-0.00519193615764,-0.00170683988836,0.0028296620585,0.000964478764217,-0.00353466998786,0.00431202258915,-0.00421004230157],[0.000565520254895,-0.00325955683365,0.00132466014475,0.000324254302541,-0.00444511463866,-0.00519193615764,0.0175981018692,-0.00328133441508,0.00098318234086,-0.00393051700667,0.00376060791314,-0.00479288306087,0.00386828999035],[-0.000259828520939,0.00375195173547,-0.00197044829838,0.00172746530734,-0.00297112390399,-0.00170683988836,-0.00328133441508,0.0218082014471,-0.011672699824,0.00650047883391,-0.00518170325086,0.00788363907486,-0.00281912903301],[0.000913151714485,-0.00350323831663,0.00129087269306,-0.0062383627519,0.00407995050773,0.0028296620585,0.00098318234086,-0.011672699824,0.0312190596014,-0.0164208039641,0.00482943095267,-0.00111922679935,0.00320409913547],[-0.000810278113931,0.00314274360426,-0.00294974632561,0.00561008416116,-0.0027558489237,0.000964478764217,-0.00393051700667,0.00650047883391,-0.0164208039641,0.03835099563,-0.0146685717627,-0.000561048043892,-0.000437633978436],[0.000680301862303,-0.00477332714945,0.00469266064465,-0.00387588166632,0.00277408747934,-0.00353466998786,0.00376060791314,-0.00518170325086,0.00482943095267,-0.0146685717627,0.0350593440235,-0.0147230336443,0.00633239001036],[-0.000970525259618,0.00497989868745,-0.00500762835145,0.00303511880338,-0.00307618849911,0.00431202258915,-0.00479288306087,0.00788363907486,-0.00111922679935,-0.000561048043892,-0.0147230336443,0.040173470974,-0.0201290827245],[0.00106656493153,-0.00410737749189,0.0038764544297,-0.00323522114195,0.00135560682975,-0.00421004230157,0.00386828999035,-0.00281912903301,0.00320409913547,-0.000437633978436,0.00633239001036,-0.0201290827245,0.031931784004]],"mean":[-7.24716663361,76.2978515625,-119.409866333,30.1821517944,-51.197429657,4.34059762955,-37.9034233093,10.6454868317,-26.5639915466,-7.356092453,-23.9053974152,-3.96456503868,-13.4815206528]},"hfc":{"dmean":5.95254135132,"dmean2":8.79094982147,"dvar":67.7723922729,"dvar2":146.153198242,"max":126.325309753,"mean":24.045009613,"median":20.256319046,"min":1.05857347013e-16,"var":274.167785645},"melbands":{"dmean":[0.000487921730382,0.00152759137563,0.00092004716862,0.000547247065697,0.000210166530451,0.000145439567859,0.000136409129482,0.000168562881299,0.0001148770898,0.0000785070224083,0.0000602254876867,0.0000475221313536,0.00004216146408,0.0000339784091921,0.0000276069640677,0.0000212282593566,0.0000212384420593,0.0000294832025247,0.0000226329011639,0.0000217291417357,0.0000173261541931,0.0000253208636423,0.0000191490507859,0.0000188178437384,0.0000158709844982,0.00000868006372912,0.00000602214458922,0.00000409633094023,0.0000033790533962,0.00000364547327081,0.00000280561835098,0.00000215585259866,0.00000171422209405,0.00000109187772068,0.00000110432256406,0.00000137718768656,0.00000112158409138,8.19755996417e-7,5.96044287704e-7,3.79589408794e-7],"dmean2":[0.0008720063488,0.00277704931796,0.0016050535487,0.000943295250181,0.000342130573699,0.000242335547227,0.000220198766328,0.000276223174296,0.000175525914528,0.000124085796415,0.0000970588662312,0.0000758551905164,0.0000683480684529,0.0000551974335394,0.0000446421327069,0.0000349274669134,0.0000346190063283,0.0000473023610539,0.0000354585827154,0.0000353500035999,0.0000289366253128,0.0000425487778557,0.0000311645089823,0.000029557662856,0.000025590759833,0.0000139982385008,0.00000969338998402,0.00000657254986436,0.00000563061939829,0.00000599758413955,0.00000454467908639,0.00000336809307555,0.00000271191561296,0.00000169653173998,0.0000016836991108,0.00000204982006835,0.0000016865365069,0.00000122330720842,9.03462080259e-7,5.65448999623e-7],"dvar":[0.00000124277687519,0.0000127663079184,0.00000316103091791,9.35106811539e-7,1.31830276473e-7,1.0900988201e-7,1.09686986605e-7,1.36625260438e-7,6.51084803849e-8,2.19229168152e-8,7.36927763256e-9,6.63422561331e-9,1.06375859232e-8,7.79274689222e-9,2.28333729702e-9,2.61776111898e-9,2.48233922306e-9,4.54891280199e-9,2.10917372456e-9,1.26382948551e-9,4.11355699503e-10,9.01626551197e-10,5.97389471224e-10,1.03315467292e-9,7.89913245924e-10,2.20838347609e-10,1.10668266218e-10,5.16795321814e-11,3.03688740821e-11,2.95481278334e-11,2.72497198417e-11,1.94972770567e-11,1.0744536337e-11,5.05661094594e-12,6.07734348956e-12,2.31370044651e-11,1.42883309351e-11,4.76186971798e-12,3.17564160732e-12,1.38345129623e-12],"dvar2":[0.00000341595477948,0.0000362265309377,0.00000878288756212,0.00000260149886344,3.3742938399e-7,2.68436963324e-7,2.38323721646e-7,3.31103137796e-7,1.40873282817e-7,4.92754921311e-8,1.80057231347e-8,1.61990048042e-8,2.54820822221e-8,1.94259168751e-8,5.62150370698e-9,6.81969103411e-9,5.61338575622e-9,1.06222763918e-8,4.64084370932e-9,3.08220227119e-9,1.07497599711e-9,2.41285014191e-9,1.4651767577e-9,2.45211184691e-9,1.85281412435e-9,5.18896425827e-10,2.74348821439e-10,1.21708768064e-10,7.85054868335e-11,7.47888626029e-11,6.86000978245e-11,4.75342994133e-11,2.59888950638e-11,1.1965939524e-11,1.21909721901e-11,4.80623735255e-11,2.99009879356e-11,9.21138686161e-12,6.69313346066e-12,3.01316437079e-12],"max":[0.00800706725568,0.0297435298562,0.015841184184,0.0111180860549,0.00735642109066,0.0105621684343,0.00933299493045,0.00671726232395,0.00502481590956,0.00462865363806,0.00184745469596,0.00196688785218,0.00278257508762,0.00235557998531,0.00106383836828,0.00191500876099,0.00162512843963,0.00235965917818,0.00162307033315,0.000766244484112,0.000439347320935,0.000593643810134,0.000398411037168,0.00048167508794,0.000595244055148,0.000367007683963,0.000212585538975,0.000174780812813,0.0000920795791899,0.000110758002847,0.0000977058225544,0.0000764080105,0.0000395107745135,0.0000752620471758,0.000070502552262,0.000213794657611,0.000113435715321,0.0000516386862728,0.0000494820342283,0.00003130497862],"mean":[0.00043204051326,0.00151402631309,0.00123923283536,0.000763811636716,0.000328657246428,0.000204700321774,0.000202272960451,0.000232507838518,0.000188213569345,0.000145774130942,0.000121458775538,0.0000914470074349,0.0000758387686801,0.0000580962805543,0.0000476854256704,0.0000368256150978,0.0000367322973034,0.0000494290252391,0.0000437197195424,0.0000453442298749,0.0000398918855353,0.0000571302807657,0.0000435004512838,0.0000428727144026,0.0000366608255717,0.000019434333808,0.0000130710423036,0.00000846934835863,0.00000719676427252,0.00000844155056257,0.00000564281754123,0.00000374057412955,0.0000030732931009,0.00000212603754335,0.00000222511971515,0.00000274668127531,0.00000241065004047,0.00000185807823527,0.00000134623815029,8.82968379301e-7],"median":[0.00013835360005,0.000664016522933,0.000780560076237,0.000489806523547,0.000183804324479,0.00010177326476,0.0000887744390639,0.0000858022249304,0.0000723863195162,0.0000821794965304,0.0000920382590266,0.0000642219310976,0.0000469883198093,0.0000380615892936,0.0000328388014168,0.0000261163568211,0.0000231436861213,0.0000267159612122,0.0000209288700717,0.0000325928376697,0.0000362134778698,0.0000520970534126,0.0000348557041434,0.0000225357853196,0.0000196500295715,0.0000113832766147,0.00000846937200549,0.0000057251168073,0.00000598248243477,0.00000746374917071,0.00000394555536332,0.00000201781949727,0.00000175085540377,0.00000120953461646,0.00000120761308153,0.00000111778467726,0.00000112949351205,9.23224888538e-7,6.77556897699e-7,4.66918265829e-7],"min":[3.79911278323e-23,3.10443587475e-23,1.87164554616e-23,6.366737805e-24,9.447562284e-24,7.80958096673e-24,1.61084513322e-23,1.86524157333e-23,9.62287242068e-24,4.9963901716e-24,6.96711459641e-24,1.17785705283e-23,6.18510218714e-24,4.03672746976e-24,5.70440111707e-24,1.17798524272e-23,1.50397199327e-23,1.19834534826e-23,4.15916380985e-24,5.31960581156e-24,5.9330323345e-24,5.37214552557e-24,2.5563591414e-23,1.59867506049e-23,1.1146104453e-23,8.83031885757e-24,1.30500975561e-23,1.50792860403e-23,1.47941917092e-23,1.38361138289e-23,8.84372002662e-24,6.25245592009e-24,9.37426448413e-24,1.63189651756e-23,1.09685657842e-23,1.20713420538e-23,7.74993124938e-24,9.60047823731e-24,1.42444029899e-23,8.82434165849e-24],"var":[8.80918719304e-7,0.00000855162306834,0.00000274810054179,9.36972355703e-7,1.78226400749e-7,1.66004227253e-7,2.17159239924e-7,2.02036233077e-7,1.26110762722e-7,5.25048342581e-8,1.60781166159e-8,1.31816930704e-8,2.07660928453e-8,1.21385355101e-8,3.91590315729e-9,2.95374769088e-9,4.14665057846e-9,8.07591504781e-9,6.36381880526e-9,2.97131497184e-9,8.76917760628e-10,1.83555715072e-9,1.52145640531e-9,3.26630211767e-9,2.79324741115e-9,6.78145706257e-10,2.70638622624e-10,1.06885625351e-10,4.5655153269e-11,5.18184037346e-11,4.4325373233e-11,2.99462885045e-11,1.656275464e-11,8.38819205068e-12,1.30858943473e-11,4.89565298023e-11,3.40012011601e-11,1.36550484461e-11,9.10063864545e-12,4.22990678942e-12]},"melbands_crest":{"dmean":3.10185050964,"dmean2":5.1427321434,"dvar":8.04856395721,"dvar2":22.0905094147,"max":28.1475830078,"mean":11.9895572662,"median":11.3835439682,"min":3.12994146347,"var":16.8563957214},"melbands_flatness_db":{"dmean":0.0227698069066,"dmean2":0.0362816117704,"dvar":0.000662653998006,"dvar2":0.0016683510039,"max":0.438800632954,"mean":0.154118448496,"median":0.12873378396,"min":0.0101254731417,"var":0.00580201810226},"melbands_kurtosis":{"dmean":4.44447422028,"dmean2":7.43910932541,"dvar":76.1194839478,"dvar2":189.754318237,"max":224.323287964,"mean":6.2386469841,"median":3.53504705429,"min":-1.44085776806,"var":103.927116394},"melbands_skewness":{"dmean":0.636772811413,"dmean2":1.03912961483,"dvar":0.644557595253,"dvar2":1.66721343994,"max":11.9665603638,"mean":2.07031178474,"median":1.87793409824,"min":-0.383047014475,"var":1.25269460678},"melbands_spread":{"dmean":8.74998950958,"dmean2":13.8641004562,"dvar":90.1301498413,"dvar2":218.001068115,"max":163.67590332,"mean":34.6877632141,"median":34.3016052246,"min":0.650797605515,"var":323.344482422},"mfcc":{"cov":[[18601.8398438,669.529174805,-1146.83056641,589.605834961,214.407592773,108.553321838,18.4276771545,264.926116943,-87.9493179321,-129.874084473,-165.620758057,-23.549993515,-210.568557739],[669.529174805,1146.21191406,-107.107192993,146.60824585,7.15896892548,-19.1093845367,23.7828598022,-16.1533489227,41.8562164307,-21.7808666229,-10.5446910858,35.6526756287,-7.86125564575],[-1146.83056641,-107.107192993,370.381103516,-56.4928436279,-1.42742550373,4.59392690659,-24.0332450867,-8.1177444458,-1.51279962063,6.9631114006,12.4646139145,8.02836227417,20.5996360779],[589.605834961,146.60824585,-56.4928436279,134.650253296,27.8719329834,25.9021091461,12.4411373138,19.073972702,14.4186382294,3.33105540276,3.16567969322,1.43209886551,2.06910777092],[214.407592773,7.15896892548,-1.42742550373,27.8719329834,92.6525268555,20.4539527893,35.4121398926,28.8279743195,18.6236801147,11.6287126541,-4.82145214081,3.24589920044,-4.37470293045],[108.553321838,-19.1093845367,4.59392690659,25.9021091461,20.4539527893,93.2783203125,42.1669769287,19.1537361145,13.981215477,-8.63556289673,-1.96972751617,11.5493221283,10.3250818253],[18.4276771545,23.7828598022,-24.0332450867,12.4411373138,35.4121398926,42.1669769287,98.158493042,37.9968719482,21.2865600586,8.6134519577,-6.76862382889,7.3023109436,4.1391992569],[264.926116943,-16.1533489227,-8.1177444458,19.073972702,28.8279743195,19.1537361145,37.9968719482,64.2021713257,21.5523910522,14.710603714,1.78585767746,-4.20398283005,-2.5796251297],[-87.9493179321,41.8562164307,-1.51279962063,14.4186382294,18.6236801147,13.981215477,21.2865600586,21.5523910522,58.1791992188,13.3919324875,-1.2789119482,4.86404132843,-0.345218867064],[-129.874084473,-21.7808666229,6.9631114006,3.33105540276,11.6287126541,-8.63556289673,8.6134519577,14.710603714,13.3919324875,61.8641204834,26.7918395996,-5.34189128876,-2.60397410393],[-165.620758057,-10.5446910858,12.4646139145,3.16567969322,-4.82145214081,-1.96972751617,-6.76862382889,1.78585767746,-1.2789119482,26.7918395996,56.3270111084,8.3739118576,4.74399471283],[-23.549993515,35.6526756287,8.02836227417,1.43209886551,3.24589920044,11.5493221283,7.3023109436,-4.20398283005,4.86404132843,-5.34189128876,8.3739118576,52.9551773071,17.1338615417],[-210.568557739,-7.86125564575,20.5996360779,2.06910777092,-4.37470293045,10.3250818253,4.1391992569,-2.5796251297,-0.345218867064,-2.60397410393,4.74399471283,17.1338615417,41.3267822266]],"icov":[[0.0000951391048147,-0.0000159050814545,0.000232626625802,-0.000262078770902,-0.00010487925465,-0.000116960196465,0.000298490485875,-0.000536830164492,0.000386872416129,0.0000763795833336,0.000251675286563,-0.000226165837375,0.000406530220062],[-0.0000159050814545,0.0011941101402,0.00000177812307811,-0.0014690994285,0.000350137095666,0.0010241343407,-0.000857271777932,0.00101445440669,-0.00100838602521,0.000609666691162,-0.0000447799357062,-0.000826990872156,0.000527150230482],[0.000232626625802,0.00000177812307811,0.00372203276493,0.000915874436032,-0.000963043828961,-0.00112648122013,0.00211185915396,-0.00148327462375,0.000667757820338,-0.000214069208596,0.000235099782003,-0.000494364125188,-0.000670057081152],[-0.000262078770902,-0.0014690994285,0.000915874436032,0.0119024207816,-0.00253359181806,-0.0033719392959,0.00210012216121,-0.00121704803314,-0.00101494544651,-0.000812107697129,-0.00166039168835,0.00221470464021,-0.00316656008363],[-0.00010487925465,0.000350137095666,-0.000963043828961,-0.00253359181806,0.0147770345211,-0.000128666259116,-0.00363113218918,-0.00233737239614,-0.00159635569435,-0.00220489013009,0.00209450116381,-0.00178127351683,0.00229909387417],[-0.000116960196465,0.0010241343407,-0.00112648122013,-0.0033719392959,-0.000128666259116,0.0163497533649,-0.00711263203993,0.000682707875967,-0.00270215119235,0.00482367910445,-0.00202457420528,-0.00131488894112,-0.00195532361977],[0.000298490485875,-0.000857271777932,0.00211185915396,0.00210012216121,-0.00363113218918,-0.00711263203993,0.0190377924591,-0.00920812599361,0.000828090822324,-0.00286244763993,0.00388802471571,-0.00201070960611,-0.000675063405652],[-0.000536830164492,0.00101445440669,-0.00148327462375,-0.00121704803314,-0.00233737239614,0.000682707875967,-0.00920812599361,0.0278528295457,-0.00754766911268,-0.00218900549226,-0.00280345068313,0.00407225079834,-0.00106665189378],[0.000386872416129,-0.00100838602521,0.000667757820338,-0.00101494544651,-0.00159635569435,-0.00270215119235,0.000828090822324,-0.00754766911268,0.0240147188306,-0.00522542884573,0.00431192852557,-0.00338508212008,0.00222921348177],[0.0000763795833336,0.000609666691162,-0.000214069208596,-0.000812107697129,-0.00220489013009,0.00482367910445,-0.00286244763993,-0.00218900549226,-0.00522542884573,0.0256632342935,-0.0128245465457,0.00381021597423,0.000829852418974],[0.000251675286563,-0.0000447799357062,0.000235099782003,-0.00166039168835,0.00209450116381,-0.00202457420528,0.00388802471571,-0.00280345068313,0.00431192852557,-0.0128245465457,0.0262953415513,-0.0062014288269,0.000183421667316],[-0.000226165837375,-0.000826990872156,-0.000494364125188,0.00221470464021,-0.00178127351683,-0.00131488894112,-0.00201070960611,0.00407225079834,-0.00338508212008,0.00381021597423,-0.0062014288269,0.0253112949431,-0.0101488549262],[0.000406530220062,0.000527150230482,-0.000670057081152,-0.00316656008363,0.00229909387417,-0.00195532361977,-0.000675063405652,-0.00106665189378,0.00222921348177,0.000829852418974,0.000183421667316,-0.0101488549262,0.0318519882858]],"mean":[-633.819885254,101.173347473,-8.94079780579,24.1642398834,6.87710094452,-2.54858994484,-0.331151038408,6.88721609116,2.57591152191,-2.70503306389,-5.42491483688,-0.333802014589,-9.2520980835]},"pitch_salience":{"dmean":0.0620248690248,"dmean2":0.101477324963,"dvar":0.00320860091597,"dvar2":0.00869344733655,"max":0.858887553215,"mean":0.626443326473,"median":0.635674595833,"min":0.13119456172,"var":0.0075999610126},"silence_rate_20dB":{"dmean":0,"dmean2":0,"dvar":0,"dvar2":0,"max":1,"mean":1,"median":1,"min":1,"var":0},"silence_rate_30dB":{"dmean":0.000278396444628,"dmean2":0.000556870363653,"dvar":0.000278335559415,"dvar2":0.000835062004626,"max":1,"mean":0.999860823154,"median":1,"min":0,"var":0.000139151743497},"silence_rate_60dB":{"dmean":0.000556792889256,"dmean2":0.00111374072731,"dvar":0.000556488463189,"dvar2":0.00111247401219,"max":1,"mean":0.0907446071506,"median":0,"min":0,"var":0.0825105980039},"spectral_centroid":{"dmean":226.782653809,"dmean2":359.178741455,"dvar":60692.9960938,"dvar2":135625.796875,"max":10802.7753906,"mean":1723.57788086,"median":1831.63537598,"min":171.550033569,"var":363899.875},"spectral_complexity":{"dmean":3.81932067871,"dmean2":6.00529003143,"dvar":14.418841362,"dvar2":31.4787960052,"max":62,"mean":29.472234726,"median":32,"min":0,"var":144.814559937},"spectral_contrast_coeffs":{"dmean":[0.0533227957785,0.0434551499784,0.0333519354463,0.0265881642699,0.0202837400138,0.0159837268293],"dmean2":[0.0899427980185,0.0718946382403,0.0552305057645,0.044342674315,0.0332913324237,0.0253305081278],"dvar":[0.00192149204668,0.0013174212072,0.000738572562113,0.000472651270684,0.000292451528367,0.000213989304029],"dvar2":[0.00552805513144,0.00349836959504,0.0020246305503,0.00128875509836,0.000728853687178,0.000500455091242],"max":[-0.349577158689,-0.493750095367,-0.577320754528,-0.601555168629,-0.61256980896,-0.626650154591],"mean":[-0.616499006748,-0.771222472191,-0.794498503208,-0.807269513607,-0.789670228958,-0.756787240505],"median":[-0.611855328083,-0.778087317944,-0.797104239464,-0.807150125504,-0.790337324142,-0.750667512417],"min":[-0.963268816471,-0.958654105663,-0.958499968052,-0.957506895065,-0.955986499786,-0.958386421204],"var":[0.00606584921479,0.00361064844765,0.0018004393205,0.00207818299532,0.00194550689775,0.00191734510008]},"spectral_contrast_valleys":{"dmean":[0.456008940935,0.342890262604,0.266928821802,0.224956735969,0.180829390883,0.180633381009],"dmean2":[0.752025127411,0.558606624603,0.431005001068,0.362268418074,0.281963855028,0.251805186272],"dvar":[0.162172690034,0.108455494046,0.0696270391345,0.0586876384914,0.0546176731586,0.0581836216152],"dvar2":[0.380130022764,0.216818124056,0.133880734444,0.102178074419,0.0830027908087,0.0860819965601],"max":[-5.44701385498,-4.61005163193,-5.36361551285,-5.65208148956,-5.63689994812,-7.7718501091],"mean":[-7.61133146286,-6.80909776688,-7.20363473892,-7.52438354492,-7.30858278275,-10.1111068726],"median":[-7.24152421951,-6.47942781448,-6.72306632996,-7.00070762634,-6.7092218399,-9.51780700684],"min":[-27.1066894531,-27.3933868408,-27.3617725372,-27.2629547119,-27.2573318481,-27.3154220581],"var":[2.73566746712,2.55282735825,3.25368285179,3.41265296936,3.87739896774,4.11392879486]},"spectral_decrease":{"dmean":2.62517318994e-9,"dmean2":4.45674341876e-9,"dvar":2.02324423907e-17,"dvar2":5.48588134391e-17,"max":-1.65603060346e-28,"mean":-5.52163248457e-9,"median":-4.43190639743e-9,"min":-3.78412750024e-8,"var":2.08822159229e-17},"spectral_energy":{"dmean":0.0103078503162,"dmean2":0.0174133647233,"dvar":0.000302101689158,"dvar2":0.000816077110358,"max":0.145468339324,"mean":0.0230207722634,"median":0.0188422091305,"min":1.02265930483e-20,"var":0.000329414877342},"spectral_energyband_high":{"dmean":0.000367811328033,"dmean2":0.000536879291758,"dvar":4.86395549615e-7,"dvar2":0.00000100813281279,"max":0.0143451467156,"mean":0.00106766470708,"median":0.000764470256399,"min":7.19533395587e-21,"var":0.00000135118091293},"spectral_energyband_low":{"dmean":0.00647540250793,"dmean2":0.0115447705612,"dvar":0.000211913633393,"dvar2":0.000593377277255,"max":0.125126495957,"mean":0.00723595032468,"median":0.00375097268261,"min":2.06136978086e-22,"var":0.000152316642925},"spectral_energyband_middle_high":{"dmean":0.0015179165639,"dmean2":0.00226834067143,"dvar":0.00000481228698845,"dvar2":0.00000965192521107,"max":0.0595805197954,"mean":0.00637049181387,"median":0.00532280327752,"min":1.59173379765e-21,"var":0.0000226241972996},"spectral_energyband_middle_low":{"dmean":0.00481824763119,"dmean2":0.00791716855019,"dvar":0.0000522469490534,"dvar2":0.000136228612973,"max":0.0717569291592,"mean":0.00996649637818,"median":0.00756918359548,"min":3.19909956203e-22,"var":0.0000752318592276},"spectral_entropy":{"dmean":0.0837958604097,"dmean2":0.124616809189,"dvar":0.00801248289645,"dvar2":0.0149615593255,"max":9.8096113205,"mean":7.7849187851,"median":7.90721130371,"min":5.70266580582,"var":0.210974439979},"spectral_flux":{"dmean":0.0250694584101,"dmean2":0.0396712906659,"dvar":0.0012865443714,"dvar2":0.0023776742164,"max":0.311890751123,"mean":0.0845777541399,"median":0.0755980461836,"min":1.01126620966e-10,"var":0.00267829769291},"spectral_kurtosis":{"dmean":1.26451790333,"dmean2":2.12536168098,"dvar":5.19249582291,"dvar2":15.4091310501,"max":56.3768348694,"mean":5.13426733017,"median":4.02442121506,"min":-1.21048140526,"var":26.0909671783},"spectral_rms":{"dmean":0.000875943806022,"dmean2":0.00142835115548,"dvar":0.00000153761652655,"dvar2":0.00000402737441618,"max":0.011913032271,"mean":0.00434975838289,"median":0.00428749853745,"min":3.15866495286e-12,"var":0.00000353897212335},"spectral_rolloff":{"dmean":527.361877441,"dmean2":875.728271484,"dvar":669315.1875,"dvar2":1527466.125,"max":18324.7558594,"mean":2214.54296875,"median":2390.18554688,"min":150.732421875,"var":1808971.375},"spectral_skewness":{"dmean":0.158421263099,"dmean2":0.255877584219,"dvar":0.0332263037562,"dvar2":0.0890790000558,"max":5.60590457916,"mean":1.54972231388,"median":1.42095685005,"min":0.000440281466581,"var":0.338989645243},"spectral_spread":{"dmean":374913.5625,"dmean2":517580,"dvar":358101647360,"dvar2":491601002496,"max":40945868,"mean":4390469.5,"median":4298916,"min":1247379.375,"var":1939932971010},"spectral_strongpeak":{"dmean":0.421020209789,"dmean2":0.723914802074,"dvar":0.662283599377,"dvar2":1.75211369991,"max":9.27694511414,"mean":0.632679641247,"median":0.347385048866,"min":0,"var":0.842585504055},"zerocrossingrate":{"dmean":0.00947207212448,"dmean2":0.0116207264364,"dvar":0.000116316936328,"dvar2":0.000134070462082,"max":0.4775390625,"mean":0.078907340765,"median":0.07861328125,"min":0.0107421875,"var":0.00111500883941}},"metadata":{"audio_properties":{"analysis_sample_rate":44100,"bit_rate":0,"codec":"flac","downmix":"mix","equal_loudness":0,"length":166.800003052,"lossless":true,"md5_encoded":"6907e47ed0c59234997586a511ca6aad","replay_gain":-13.7196617126,"sample_rate":44100},"tags":{"album":["Mondo Bizarro"],"album artist":["The Ramones"],"albumartist":["Ramones"],"albumartistsort":["Ramones"],"artist":["Ramones"],"artistsort":["Ramones"],"asin":["B000025TOL"],"barcode":["094632196026"],"catalognumber":["3 21960 2"],"date":["1992-09-24"],"discnumber":["1"],"disctotal":["1"],"file_name":"01-12 Heidi Is a Headcase.flac","genre":["Alternative"],"label":["Chrysalis"],"labelno":["RARD-10615"],"media":["CD"],"musicbrainz_albumartistid":["d6ed7887-a401-47a8-893c-34b967444d26"],"musicbrainz_albumid":["5cd6f3dd-2d90-413e-8ffa-1a930ae1db53"],"musicbrainz_artistid":["d6ed7887-a401-47a8-893c-34b967444d26"],"musicbrainz_recordingid":["36cd90ac-6638-48ee-8367-e10393f4d7c0"],"musicbrainz_releasegroupid":["1da98657-e7fd-326c-aea1-2ec803739e00"],"originaldate":["1992-09-24"],"publisher":["Radioactive Records"],"release date":["1992-09-01"],"releasecountry":["DE"],"releaser":["Re200"],"releasestatus":["official"],"releasetype":["album"],"script":["Latn"],"title":["Heidi Is a Headcase"],"totaldiscs":["1"],"totaltracks":["13"],"tracknumber":["12"],"tracktotal":["13"]},"version":{"essentia":"2.1-beta1","essentia_build_sha":"ca57ba49d9b1854bd80e60cf9ccf267278fb7d6b","essentia_git_sha":"v2.1_beta1-28-g21ef5f4-dirty","extractor":"music 1.0"}},"rhythm":{"beats_count":449,"beats_loudness":{"dmean":0.00958479288965,"dmean2":0.0163080766797,"dvar":0.0000815548482933,"dvar2":0.000224694478675,"max":0.0819859206676,"mean":0.0278110038489,"median":0.0280258450657,"min":4.06921696339e-9,"var":0.000183655749424},"beats_loudness_band_ratio":{"dmean":[0.210554555058,0.13387824595,0.108275666833,0.0545939616859,0.057948