{"lowlevel":{"average_loudness":0.970382094383,"barkbands":{"dmean":[0.0000269334141194,0.00627501262352,0.00480409665033,0.00292796082795,0.00292506348342,0.00104555510916,0.000708042120095,0.00109613093082,0.00111103651579,0.000744852295611,0.000542071124073,0.000516032043379,0.000449189945357,0.00065755052492,0.000618305639364,0.000477342051454,0.000413803209085,0.000271168129984,0.000145799465827,0.000110110719106,0.0000558725805604,0.000057685894717,0.0000627812260063,0.0000631135844742,0.0000515400170116,0.0000382886064472,0.00000974990325631],"dmean2":[0.0000468016733066,0.0101477978751,0.00803408771753,0.0049659544602,0.00498925242573,0.00166318030097,0.00114900665358,0.00171771121677,0.00174139218871,0.00118297489826,0.000827440293506,0.000802572874818,0.000709171406925,0.00105765135959,0.000996543560177,0.000782627554145,0.000670677050948,0.000434749381384,0.000235137165873,0.000176159999683,0.0000904586922843,0.0000951840556809,0.0001021557473,0.0000954977585934,0.0000775080989115,0.0000560996631975,0.0000146681368278],"dvar":[3.97620647519e-9,0.000149692423292,0.0000379783487006,0.0000143796087286,0.0000297644837701,0.00000367693655789,0.00000182824635431,0.00000519674358657,0.00000498462122778,0.00000229382931138,0.0000015984115862,0.00000156967212206,9.25949166231e-7,0.00000109939855975,0.00000133755258958,3.86632990512e-7,2.35086346834e-7,1.24045612893e-7,3.56656677525e-8,3.33428609167e-8,6.64556853991e-9,1.14271223595e-8,2.00194314459e-8,2.99689304484e-8,3.72235433588e-8,1.65103877237e-8,9.95681426197e-10],"dvar2":[1.05890842761e-8,0.000357263867045,0.000104233222373,0.0000401599427278,0.0000824920716695,0.00000832419391372,0.00000460051614937,0.0000119372762128,0.0000111523986561,0.00000494806317874,0.00000325022529069,0.00000346063711731,0.00000201309194381,0.0000026248519589,0.00000333969251187,0.00000100332499642,5.9055832935e-7,3.04793275063e-7,8.7875456245e-8,8.13358553842e-8,1.60911106661e-8,3.01463778385e-8,5.05232797821e-8,6.04924039749e-8,8.42400211809e-8,3.94051831165e-8,2.36464092751e-9],"max":[0.000911096285563,0.101385571063,0.0808588564396,0.039058662951,0.0521202497184,0.0460035949945,0.0375754609704,0.0340202823281,0.0322440676391,0.0389095544815,0.0342577211559,0.030127491802,0.0218920744956,0.0146126272157,0.0525434277952,0.0101527869701,0.0100635113195,0.00599690433592,0.00438980432227,0.00475429045036,0.00216037663631,0.00121716759168,0.00307383364998,0.00422471342608,0.00506714638323,0.00332617363892,0.000789918994997],"mean":[0.0000244543389272,0.00702670915052,0.00795451831073,0.0044390023686,0.00392541848123,0.00156811252236,0.00116408604663,0.00182761019096,0.00179285812192,0.00127234100364,0.000917751749512,0.000907371635549,0.000797858519945,0.00119365786668,0.00122662947979,0.000972069508862,0.000907159061171,0.000618266349193,0.000362238060916,0.000248642114457,0.000134029367473,0.000114689668408,0.000120231561596,0.000135771624628,0.0000904262415133,0.0000707066137693,0.0000160867530212],"median":[0.00000600079056312,0.00312539050356,0.00519070308656,0.00310011184774,0.00232063326985,0.000784890900832,0.000536135165021,0.000549600401428,0.000700214412063,0.000563316803891,0.000321114552207,0.000341996812494,0.000348984613083,0.000684453581925,0.000725023914129,0.000752186519094,0.000771241553593,0.000491558748763,0.000308400252834,0.000192638501176,0.000100224620837,0.0000730107640265,0.0000687266729074,0.0000617542100372,0.0000480848357256,0.0000361890161003,0.00000743131204217],"min":[5.5713661349e-25,2.73270489469e-24,2.37335804476e-24,3.25819847303e-24,1.00457168542e-23,1.10189313976e-23,4.13086855247e-24,9.97329153453e-24,1.70309784069e-23,2.3339424913e-23,2.50880676381e-23,3.01603265073e-23,2.70447108958e-23,6.10719388971e-23,6.35920213231e-23,7.80838947121e-23,1.00727995535e-22,7.16995550538e-23,2.00905618594e-22,2.29224652241e-22,2.52656345481e-22,2.84783027701e-22,4.19376279161e-22,6.19514607463e-22,9.12216334526e-22,1.40548860994e-21,2.06402747218e-21],"var":[3.23041282613e-9,0.000149893734488,0.0000697453433531,0.0000214254087041,0.0000280271906377,0.00000554747930437,0.00000307956838697,0.0000135611189762,0.0000118283051052,0.00000513943041369,0.00000369318308913,0.00000349115225617,0.00000220335959966,0.00000238261509367,0.00000336406219503,8.24316430226e-7,5.29766850832e-7,3.03064524587e-7,8.91492106803e-8,7.31681595312e-8,1.65386264683e-8,1.73836127715e-8,3.00231270955e-8,6.25094642714e-8,5.36950288677e-8,2.4319453118e-8,1.40920541902e-9]},"barkbands_crest":{"dmean":2.64417481422,"dmean2":4.40418052673,"dvar":6.66727972031,"dvar2":17.4343318939,"max":26.9057979584,"mean":9.73507404327,"median":8.73827457428,"min":2.59186720848,"var":21.4675331116},"barkbands_flatness_db":{"dmean":0.018649045378,"dmean2":0.0295037478209,"dvar":0.000301543943351,"dvar2":0.000757768109906,"max":0.512497007847,"mean":0.119583196938,"median":0.10458470881,"min":0.0255705546588,"var":0.00404813326895},"barkbands_kurtosis":{"dmean":4.57682418823,"dmean2":7.26166439056,"dvar":612.609313965,"dvar2":1484.21350098,"max":1261.56738281,"mean":8.87881851196,"median":0.764857053757,"min":-1.84498989582,"var":2288.21313477},"barkbands_skewness":{"dmean":0.574330806732,"dmean2":0.896509170532,"dvar":0.462801396847,"dvar2":1.06883203983,"max":5.90714836121,"mean":0.882296562195,"median":1.12765491009,"min":-18.8088150024,"var":4.57093238831},"barkbands_spread":{"dmean":5.44868326187,"dmean2":8.46081256866,"dvar":39.3628997803,"dvar2":88.5157241821,"max":102.788314819,"mean":25.1409606934,"median":25.0185947418,"min":0.0462039299309,"var":134.31477356},"dissonance":{"dmean":0.0130248814821,"dmean2":0.0222248155624,"dvar":0.000259392574662,"dvar2":0.000751024868805,"max":0.500000059605,"mean":0.478271484375,"median":0.482421845198,"min":0.242065563798,"var":0.00032766230288},"dynamic_complexity":2.82112407684,"erbbands":{"dmean":[0.0860556140542,1.70236468315,5.13667535782,7.09049940109,11.3430814743,8.3675775528,9.57404232025,7.88019418716,9.37338066101,11.8256759644,28.495885849,24.0730876923,20.4145355225,24.0744037628,17.6779499054,20.6837921143,19.5453662872,29.7340335846,32.668510437,24.0013065338,26.9685840607,21.6042690277,15.4087171555,9.22650623322,6.86302280426,4.87792205811,2.46452116966,2.11112380028,2.07616782188,1.9579782486,1.90224826336,1.67376363277,0.899048507214,0.575023651123,0.385875552893,0.19767986238,0.0690978169441,0.0127425566316,0.00160805264022,0.0000995850496111],"dmean2":[0.138993352652,2.7445602417,8.518658638,12.0687007904,19.262140274,14.4253559113,15.2291555405,12.7160549164,15.069814682,18.9766120911,44.8354110718,37.6418418884,31.9974079132,37.4054756165,26.7398738861,31.822057724,30.4508609772,47.4013442993,52.8694419861,38.3340950012,44.2307548523,34.7584953308,24.4095554352,14.7417726517,11.0908050537,7.72395372391,3.96387887001,3.4645190239,3.43125700951,3.24165678024,3.0725440979,2.55556511879,1.38019812107,0.875354170799,0.582713067532,0.295414298773,0.100950159132,0.0189698897302,0.00241915066727,0.00014440646919],"dvar":[0.0347919911146,10.3237667084,44.5698471069,71.484992981,429.178253174,229.84286499,319.385528564,265.732086182,287.808837891,660.806274414,3392.75195312,2442.95141602,2049.31176758,2375.17285156,1856.70544434,2524.7043457,1928.68579102,2686.4855957,3803.44384766,1767.49487305,1088.30200195,681.713439941,395.696685791,127.539779663,110.102134705,68.6305541992,13.8145265579,11.2060070038,14.6710758209,16.6172866821,18.2545700073,18.1950473785,7.88742303848,4.38196468353,2.31624126434,0.531940162182,0.0495278574526,0.00169422244653,0.0000256939838437,8.80774209122e-8],"dvar2":[0.0833408236504,24.63189888,117.564880371,197.747039795,1163.71154785,639.636535645,718.581665039,638.145080566,730.857910156,1603.45385742,7889.88720703,5546.76269531,4477.33154297,5079.96777344,3798.35546875,5636.26416016,4116.40966797,6205.61230469,9863.046875,4189.73388672,2870.95703125,1657.82556152,975.80078125,311.304504395,271.715148926,163.722427368,34.4134063721,26.882900238,38.5027809143,44.9354095459,44.8859443665,37.9614753723,17.4054355621,9.87103843689,5.36022949219,1.25878965855,0.118139192462,0.00421742955223,0.0000594547746005,1.97420902737e-7],"max":[1.51999342442,28.9023914337,79.7198257446,97.9940338135,194.827270508,155.472183228,283.48260498,508.033782959,292.942993164,640.192871094,985.58795166,975.825622559,861.765991211,907.259216309,1594.54638672,1107.21179199,1147.43859863,814.715087891,3188.11425781,1040.49438477,474.162475586,629.47857666,299.892822266,246.976455688,270.961608887,279.098968506,83.3402328491,93.4403610229,46.1218795776,76.7859191895,91.728515625,97.2058944702,77.3710174561,73.6636199951,37.9215965271,17.8422145844,5.63165283203,1.30673325062,0.134795486927,0.00763002643362],"mean":[0.0894931927323,2.03460121155,8.61886119843,12.873670578,14.7117061615,11.384812355,13.872423172,11.6890506744,15.8117341995,19.0611686707,51.395904541,39.8026161194,34.7105827332,45.2948799133,34.4115104675,37.9358863831,37.7058792114,58.8803405762,70.239440918,49.8804931641,58.5215454102,51.0002555847,36.3858909607,23.7575321198,17.3222923279,11.4058380127,6.00064659119,4.76278781891,4.00976610184,3.79237818718,3.70152807236,3.35236644745,1.84035265446,1.04980516434,0.635952651501,0.347035825253,0.125403895974,0.0222126860172,0.00270724925213,0.000197897970793],"median":[0.0305843017995,1.03086555004,5.61580848694,10.7991886139,8.87789440155,6.59723186493,7.0548210144,6.01062679291,7.481798172,9.72720813751,15.1774578094,17.6019039154,17.9201335907,19.7635498047,14.7676372528,14.7499494553,18.1398944855,31.8408050537,44.8691864014,35.3555221558,48.1288070679,43.376247406,28.8813343048,20.5917549133,14.7811040878,8.90613365173,4.44934177399,3.66749620438,2.46295142174,2.40998840332,1.97349870205,1.38978087902,0.979775369167,0.611528098583,0.304846912622,0.175593718886,0.0630681738257,0.0110009685159,0.00129712803755,0.000121528777527],"min":[1.22361881083e-22,2.2899624861e-22,1.72702003502e-21,9.18532048334e-21,1.82224657771e-20,4.00811787529e-20,4.5425877034e-20,8.80072608871e-20,1.51121813709e-19,2.03841782309e-19,2.65244303908e-19,4.03168399245e-19,6.59401914548e-19,1.09146181973e-18,9.08602998776e-19,1.38739261151e-18,1.80753460183e-18,4.34747766548e-18,2.67545758186e-18,2.72800381669e-18,4.54989703318e-18,6.64975043925e-18,4.36801035624e-18,6.88436698511e-18,8.97136269573e-18,9.41500860957e-18,9.3417204073e-18,8.77426375374e-18,1.14252030819e-17,1.22910750676e-17,1.17591433398e-17,1.20705032213e-17,9.87094890885e-18,8.05959542092e-18,6.45780028297e-18,4.6057925223e-18,2.53489643473e-18,1.01888633696e-18,2.75047298895e-19,2.54850097733e-20],"var":[0.0333851277828,10.5831537247,78.0999832153,121.971511841,407.201538086,233.36265564,528.739868164,340.398345947,556.699584961,1004.58746338,10502.5917969,5532.18310547,4107.12353516,5833.03417969,4667.72607422,5671.55273438,4418.87255859,6431.78857422,11173.4638672,3185.23583984,2366.5769043,1671.28137207,1004.95477295,368.936889648,235.006607056,156.126144409,34.0918045044,22.8678321838,22.2890968323,21.4887733459,29.5935001373,38.4583511353,12.8652629852,6.48342657089,3.09817934036,0.741133332253,0.0720308423042,0.00231682485901,0.0000377454671252,1.34989051048e-7]},"erbbands_crest":{"dmean":2.20466971397,"dmean2":3.61250925064,"dvar":4.72176742554,"dvar2":12.1450061798,"max":34.7961959839,"mean":9.28138160706,"median":7.24275636673,"min":2.50197577477,"var":42.9990730286},"erbbands_flatness_db":{"dmean":0.0143819805235,"dmean2":0.0210338532925,"dvar":0.000214198036701,"dvar2":0.000492353166919,"max":0.610026240349,"mean":0.149095445871,"median":0.132259994745,"min":0.0422398336232,"var":0.0060372245498},"erbbands_kurtosis":{"dmean":1.68757009506,"dmean2":2.71383666992,"dvar":48.1079940796,"dvar2":151.704864502,"max":243.16885376,"mean":5.45933008194,"median":-0.0487654209137,"min":-1.71897017956,"var":616.152832031},"erbbands_skewness":{"dmean":0.351724177599,"dmean2":0.550657570362,"dvar":0.166701629758,"dvar2":0.423571825027,"max":6.32636404037,"mean":-0.174447774887,"median":-0.212018534541,"min":-7.40864133835,"var":0.587008237839},"erbbands_spread":{"dmean":7.13111114502,"dmean2":10.8849105835,"dvar":63.5283699036,"dvar2":136.180648804,"max":113.103088379,"mean":35.1417770386,"median":34.386554718,"min":0.179525122046,"var":258.254608154},"gfcc":{"cov":[[24388.6015625,1710.8515625,10.2150402069,998.544067383,-1314.33459473,-262.145019531,-139.510986328,1210.79040527,-689.308044434,-578.392211914,-294.512512207,425.751342773,-413.310974121],[1710.8515625,907.300842285,-201.258270264,226.674240112,-14.534913063,-81.6613082886,106.393447876,122.683013916,14.9574718475,-117.249145508,23.0390205383,33.7504806519,-11.7933931351],[10.2150402069,-201.258270264,601.081604004,93.466255188,-59.7332725525,-11.8633575439,-19.3852176666,112.623176575,-62.6648712158,-18.1873588562,-26.0418128967,66.2741012573,-17.3272533417],[998.544067383,226.674240112,93.466255188,332.481140137,-83.9046707153,-20.088766098,2.85384988785,94.5234985352,18.5618476868,-78.7457427979,7.3467669487,41.4253463745,5.76833534241],[-1314.33459473,-14.534913063,-59.7332725525,-83.9046707153,338.916778564,65.6755828857,42.8938598633,-63.7740478516,56.2478370667,74.4238739014,-2.04821753502,-39.5694618225,35.7622947693],[-262.145019531,-81.6613082886,-11.8633575439,-20.088766098,65.6755828857,133.204391479,28.7853832245,-31.5287914276,-1.05438816547,12.1491394043,13.2918643951,-9.87391376495,3.75836491585],[-139.510986328,106.393447876,-19.3852176666,2.85384988785,42.8938598633,28.7853832245,140.333953857,60.0314064026,7.18522357941,-7.80754089355,18.8575191498,8.07793903351,-3.29790472984],[1210.79040527,122.683013916,112.623176575,94.5234985352,-63.7740478516,-31.5287914276,60.0314064026,220.69203186,-15.1088857651,-50.2028579712,-12.0616226196,42.0634498596,-32.5106163025],[-689.308044434,14.9574718475,-62.6648712158,18.5618476868,56.2478370667,-1.05438816547,7.18522357941,-15.1088857651,126.480697632,41.6686668396,8.53703784943,-31.990020752,21.7453155518],[-578.392211914,-117.249145508,-18.1873588562,-78.7457427979,74.4238739014,12.1491394043,-7.80754089355,-50.2028579712,41.6686668396,97.283241272,13.0517606735,-21.6334171295,12.1844520569],[-294.512512207,23.0390205383,-26.0418128967,7.3467669487,-2.04821753502,13.2918643951,18.8575191498,-12.0616226196,8.53703784943,13.0517606735,71.1461791992,22.3733673096,11.6493377686],[425.751342773,33.7504806519,66.2741012573,41.4253463745,-39.5694618225,-9.87391376495,8.07793903351,42.0634498596,-31.990020752,-21.6334171295,22.3733673096,74.4469451904,14.3310670853],[-413.310974121,-11.7933931351,-17.3272533417,5.76833534241,35.7622947693,3.75836491585,-3.29790472984,-32.5106163025,21.7453155518,12.1844520569,11.6493377686,14.3310670853,56.15259552]],"icov":[[0.000163829186931,-0.00025825863122,0.000336072058417,-0.000292788405204,0.000393513124436,-0.00042565172771,0.000550857745111,-0.000760876166169,0.000756961875595,-0.00077915127622,0.000921431579627,-0.000711707747541,0.000521513342392],[-0.00025825863122,0.00273111765273,0.000544097449165,-0.000944067898672,-0.00150657247286,0.00246641715057,-0.0022352009546,0.00104858458508,-0.00124251109082,0.00314013753086,-0.00198718649335,0.000369275687262,0.000325614790199],[0.000336072058417,0.000544097449165,0.00344349560328,-0.00187759415712,0.000387455045711,-0.000402652687626,0.00109238701407,-0.00252867909148,0.00247810338624,-0.00219047698192,0.0029308074154,-0.00357232871465,0.00204305048101],[-0.000292788405204,-0.000944067898672,-0.00187759415712,0.00629987567663,0.000155283458298,-0.000611351802945,0.000698435760569,0.000250148150371,-0.00411885092035,0.00462199561298,-0.00247293128632,0.000863284512889,-0.00256718462333],[0.000393513124436,-0.00150657247286,0.000387455045711,0.000155283458298,0.00595324253663,-0.00328343664296,0.000168371334439,-0.00148547370918,0.00133105856366,-0.00505140516907,0.00385471084155,-0.000133116569486,-0.00192331220023],[-0.00042565172771,0.00246641715057,-0.000402652687626,-0.000611351802945,-0.00328343664296,0.0117488931865,-0.00452331034467,0.00355362612754,-0.000901774328668,0.00387007673271,-0.00451889261603,0.00235469150357,0.000266091141384],[0.000550857745111,-0.0022352009546,0.00109238701407,0.000698435760569,0.000168371334439,-0.00452331034467,0.0131330071017,-0.00669901492074,0.00217774510384,-0.00198264745995,-0.0000223792430916,-0.00145569781307,0.000901819905266],[-0.000760876166169,0.00104858458508,-0.00252867909148,0.000250148150371,-0.00148547370918,0.00355362612754,-0.00669901492074,0.0127580268309,-0.00559381954372,0.00490405131131,-0.00135512510315,-0.00204153172672,0.00341936922632],[0.000756961875595,-0.00124251109082,0.00247810338624,-0.00411885092035,0.00133105856366,-0.000901774328668,0.00217774510384,-0.00559381954372,0.0174470450729,-0.00984511338174,0.00246809469536,0.00443187449127,-0.00366293825209],[-0.00077915127622,0.00314013753086,-0.00219047698192,0.00462199561298,-0.00505140516907,0.00387007673271,-0.00198264745995,0.00490405131131,-0.00984511338174,0.0249811969697,-0.00942969042808,0.00376884057187,-0.00115888111759],[0.000921431579627,-0.00198718649335,0.0029308074154,-0.00247293128632,0.00385471084155,-0.00451889261603,-0.0000223792430916,-0.00135512510315,0.00246809469536,-0.00942969042808,0.0256286058575,-0.0134979262948,0.00380320311524],[-0.000711707747541,0.000369275687262,-0.00357232871465,0.000863284512889,-0.000133116569486,0.00235469150357,-0.00145569781307,-0.00204153172672,0.00443187449127,0.00376884057187,-0.0134979262948,0.0316273272038,-0.0154978884384],[0.000521513342392,0.000325614790199,0.00204305048101,-0.00256718462333,-0.00192331220023,0.000266091141384,0.000901819905266,0.00341936922632,-0.00366293825209,-0.00115888111759,0.00380320311524,-0.0154978884384,0.0306857861578]],"mean":[19.7812023163,78.2102508545,-114.809883118,23.9267463684,-33.1283683777,13.6837978363,-39.2463607788,8.57870292664,-20.4912185669,-3.00880479813,-23.3269271851,-5.58896398544,-17.2753238678]},"hfc":{"dmean":5.40108442307,"dmean2":7.98248004913,"dvar":46.3603134155,"dvar2":100.747383118,"max":159.998397827,"mean":28.4857463837,"median":29.5183181763,"min":1.07641542507e-16,"var":243.105438232},"melbands":{"dmean":[0.00131103256717,0.00245159422047,0.00128785346169,0.000731578096747,0.000309695431497,0.00017862173263,0.000144074962009,0.000145035126479,0.000241283152718,0.000147645128891,0.000104960905446,0.000102144163975,0.0000664459512336,0.0000614219316049,0.0000448516002507,0.0000506545948156,0.0000602950276516,0.0000569879812247,0.0000436702575826,0.0000306624497171,0.0000350359769072,0.0000257980555034,0.0000195365864784,0.000012240574506,0.00000806966545497,0.0000054987317526,0.00000554385860596,0.00000302719513456,0.00000177009462732,0.00000147488992752,0.00000124083817354,0.00000123430208987,0.0000012168268313,0.00000110847531687,0.00000122137760172,0.00000108090250706,0.00000107287235096,6.67291317313e-7,5.56489396786e-7,4.97860469295e-7],"dmean2":[0.00212067901157,0.00397596508265,0.00218387437053,0.00125854776707,0.000498268404044,0.000285602931399,0.000231629426708,0.000228610544582,0.000378903700039,0.000230345409364,0.000164809680427,0.000158839349751,0.000100340766949,0.0000954098795773,0.0000694976115483,0.0000795414380264,0.000095794115623,0.0000929070156417,0.0000701673416188,0.0000498897134094,0.0000579609077249,0.0000419655370933,0.0000318020429404,0.0000196040055016,0.0000130849057314,0.00000900637405721,0.00000894025924936,0.00000483832718601,0.00000289359718408,0.00000243152976509,0.00000204806383408,0.0000020671702714,0.00000201260422728,0.00000185418400633,0.00000200473459699,0.00000169230418123,0.00000165934295637,0.00000105270282802,8.59304577716e-7,7.75642718054e-7],"dvar":[0.00000720312073099,0.0000116018718472,0.00000257234637502,0.00000201079888029,2.94605968065e-7,1.21517658158e-7,6.70267610303e-8,9.00434997675e-8,2.35013587258e-7,8.87004034666e-8,5.36255910788e-8,4.22436414738e-8,2.53741490042e-8,2.39679334157e-8,1.30341213378e-8,1.10598890046e-8,1.1480424611e-8,1.08706021962e-8,6.29336938118e-9,2.53931187189e-9,1.88726523298e-9,1.01991892709e-9,6.32828900393e-10,2.82998541268e-10,1.03621486391e-10,5.79459882855e-11,8.61076210334e-11,3.08922748493e-11,7.52550972927e-12,4.50690049517e-12,4.32332988853e-12,5.2821501513e-12,5.01747731904e-12,6.40487229225e-12,6.96998491909e-12,8.06553868832e-12,7.96396802671e-12,4.35022981179e-12,3.27362572813e-12,3.52509297794e-12],"dvar2":[0.0000171270676219,0.0000286347640213,0.00000707987464921,0.00000558068040846,6.75894568758e-7,2.86937051897e-7,1.68770270648e-7,2.09874613688e-7,5.43871067293e-7,2.01373836717e-7,1.15649314125e-7,9.0873598424e-8,5.23284597875e-8,5.50283729694e-8,2.91183752665e-8,2.44315767617e-8,2.6871534331e-8,2.82711738464e-8,1.5309753465e-8,6.29580299005e-9,5.05803665618e-9,2.52057974492e-9,1.61904145646e-9,6.89593382397e-10,2.5776422663e-10,1.47388198868e-10,2.10741313289e-10,7.52128498371e-11,1.90237738756e-11,1.11142744313e-11,1.06890659518e-11,1.40098054685e-11,1.32013575418e-11,1.75950261305e-11,1.76802478907e-11,1.66691174752e-11,1.73370623413e-11,9.96443379198e-12,6.95473669973e-12,8.48686312199e-12],"max":[0.0215287767351,0.0400767847896,0.0161245446652,0.0132972998545,0.00874140299857,0.010260024108,0.00480519607663,0.00566342985258,0.00848591327667,0.0057418118231,0.00489776674658,0.00401539029554,0.00531591381878,0.00449089333415,0.00294590834528,0.00216378900222,0.00172201124951,0.00471084658056,0.00202107313089,0.000963483820669,0.00067484396277,0.000802647497039,0.00044106139103,0.000253134436207,0.000216130356421,0.00017184150056,0.000276134349406,0.000214979867451,0.0000627656481811,0.0000501103786519,0.0000552441815671,0.0000300206938846,0.0000370309790014,0.0000603201697231,0.0000568321156607,0.0000676047493471,0.0000658427088638,0.000057154946262,0.0000557020393899,0.0000701132084941],"mean":[0.00141438189894,0.00400781119242,0.00235099671409,0.000948240805883,0.000472849555081,0.000267454830464,0.000243751157541,0.000231444457313,0.000436391797848,0.000233578175539,0.00017072285118,0.000185047189007,0.000119985445053,0.000106725790829,0.0000790307749412,0.0000912435207283,0.000109315034933,0.000111348061182,0.0000826327377581,0.0000594461853325,0.0000701296085026,0.0000542864036106,0.0000406934013881,0.0000267202503892,0.0000185880890058,0.0000126313107103,0.0000118009602375,0.00000632747105556,0.00000377555761588,0.00000328799524141,0.00000247815614784,0.00000218993841372,0.00000231171247833,0.00000198757288672,0.00000219961202674,0.00000206963818528,0.00000199013538804,0.00000125859412492,0.0000010348729802,8.43837995035e-7],"median":[0.000560284475796,0.00263357395306,0.00201159506105,0.000568180228584,0.000264357891865,0.000136335613206,0.000116422772408,0.000105052247818,0.000122261029901,0.0000994178262772,0.0000801000423962,0.0000778447065386,0.0000468224825454,0.0000397366457037,0.0000343824540323,0.0000407169245591,0.0000561028537049,0.0000675716873957,0.0000486621429445,0.0000414409078076,0.0000567256356589,0.0000439252835349,0.0000325164728565,0.0000207973462238,0.0000154167100845,0.0000105850531327,0.0000090756921054,0.00000472914280181,0.00000253319603871,0.00000249220875048,0.0000018271874751,0.00000132687932819,0.00000140664644732,0.00000122712629036,0.00000116280136808,9.97536290015e-7,7.55516907702e-7,6.70670374348e-7,6.0702564042e-7,4.71151395232e-7],"min":[9.86699824679e-25,6.8403026421e-25,1.53631785419e-24,2.68686260977e-24,1.69123771141e-24,2.27466839008e-24,2.07597838831e-24,2.79597903347e-24,2.1819926165e-24,2.09735001074e-24,2.83131290227e-24,3.64338998393e-24,3.52405228948e-24,2.49440973675e-24,2.38993457618e-24,4.39179257991e-24,7.06558337004e-24,3.97805515107e-24,4.95181716387e-24,3.81163192691e-24,4.56305112699e-24,6.15653201173e-24,6.85798752309e-24,2.85127187204e-24,5.21447313543e-24,6.92962871506e-24,6.07181623912e-24,5.57342456883e-24,5.45015519162e-24,4.66487571491e-24,4.80483817773e-24,5.6597614506e-24,5.63174505555e-24,4.4964326124e-24,5.66372153234e-24,6.71052496521e-24,6.65503096711e-24,6.034558733e-24,6.34194114573e-24,6.28551076974e-24],"var":[0.00000707026401869,0.0000173481785168,0.00000383795031667,0.00000176778610239,4.98054021136e-7,1.66794237089e-7,1.28859738879e-7,1.60962926543e-7,7.96556832938e-7,1.94513901874e-7,1.09122083813e-7,1.03163152687e-7,6.22378450998e-8,5.39026459023e-8,2.47680276289e-8,2.63668926692e-8,2.52351632923e-8,2.8717183298e-8,1.20345138299e-8,4.61685267794e-9,3.65385122159e-9,2.25139684673e-9,1.26713095572e-9,6.37107866464e-10,2.604905458e-10,1.18883722311e-10,1.7152415599e-10,5.80672177009e-11,1.65427168491e-11,9.99569350901e-12,7.42577527246e-12,7.20666668702e-12,7.99146339381e-12,7.31156715034e-12,1.05474318515e-11,1.61125834897e-11,1.53691451926e-11,6.44520244467e-12,5.33558874166e-12,4.63961855046e-12]},"melbands_crest":{"dmean":3.45685434341,"dmean2":5.7315788269,"dvar":8.6541595459,"dvar2":23.4618644714,"max":34.3563804626,"mean":15.5687026978,"median":15.0587062836,"min":1.00062203407,"var":28.9947032928},"melbands_flatness_db":{"dmean":0.0254763029516,"dmean2":0.0400051809847,"dvar":0.000562254339457,"dvar2":0.00135401869193,"max":0.534361064434,"mean":0.190639421344,"median":0.180659532547,"min":-1.12172443778e-7,"var":0.00408467836678},"melbands_kurtosis":{"dmean":6.77268981934,"dmean2":10.7932872772,"dvar":132.381103516,"dvar2":341.405700684,"max":272.828826904,"mean":12.3311271667,"median":5.92956161499,"min":-1.74881362915,"var":472.018585205},"melbands_skewness":{"dmean":0.794678688049,"dmean2":1.22837793827,"dvar":0.663136363029,"dvar2":1.51890826225,"max":9.15044784546,"mean":2.07928824425,"median":2.23821377754,"min":-12.0016679764,"var":5.33379602432},"melbands_spread":{"dmean":7.47166490555,"dmean2":11.798541069,"dvar":69.7611236572,"dvar2":162.813415527,"max":203.670623779,"mean":25.9025535583,"median":23.7224597931,"min":0.235297381878,"var":311.251037598},"mfcc":{"cov":[[13939.4414062,1582.98095703,668.962280273,898.116027832,-10.7672681808,-665.374816895,85.1064300537,783.773254395,106.552734375,-371.362182617,-193.829742432,268.749298096,170.975418091],[1582.98095703,856.311340332,-145.698471069,212.783065796,44.5816688538,-37.9291267395,53.3397407532,145.965194702,51.0764389038,-33.7561416626,11.276342392,39.9838790894,36.5881690979],[668.962280273,-145.698471069,403.789245605,98.5202102661,1.55012488365,-81.3351516724,-40.211353302,53.4745063782,1.65347516537,-55.1850585938,-48.1262054443,35.297706604,26.0858230591],[898.116027832,212.783065796,98.5202102661,306.065063477,49.3831672668,-76.8107681274,-22.423992157,122.880729675,54.1496086121,-29.6316165924,-28.5438766479,51.2389144897,50.8254089355],[-10.7672681808,44.5816688538,1.55012488365,49.3831672668,155.429718018,42.6540641785,6.46837615967,2.24401426315,29.7459373474,16.4581756592,-1.01254379749,-3.88702440262,1.75946259499],[-665.374816895,-37.9291267395,-81.3351516724,-76.8107681274,42.6540641785,175.945663452,34.4051322937,-68.634803772,-14.6425943375,36.8872489929,18.3878078461,-36.8230895996,-28.5438213348],[85.1064300537,53.3397407532,-40.211353302,-22.423992157,6.46837615967,34.4051322937,121.716522217,45.1691474915,8.03406047821,-7.12071180344,16.4253101349,4.57800626755,4.53215646744],[783.773254395,145.965194702,53.4745063782,122.880729675,2.24401426315,-68.634803772,45.1691474915,180.449127197,47.7400550842,-34.2882270813,-10.5381603241,51.5091629028,38.0645980835],[106.552734375,51.0764389038,1.65347516537,54.1496086121,29.7459373474,-14.6425943375,8.03406047821,47.7400550842,85.9711456299,24.0417766571,7.82583236694,11.4272918701,11.3418273926],[-371.362182617,-33.7561416626,-55.1850585938,-29.6316165924,16.4581756592,36.8872489929,-7.12071180344,-34.2882270813,24.0417766571,108.567764282,33.7057342529,-10.2901649475,-18.7399520874],[-193.829742432,11.276342392,-48.1262054443,-28.5438766479,-1.01254379749,18.3878078461,16.4253101349,-10.5381603241,7.82583236694,33.7057342529,64.3115615845,8.62125110626,-4.20778846741],[268.749298096,39.9838790894,35.297706604,51.2389144897,-3.88702440262,-36.8230895996,4.57800626755,51.5091629028,11.4272918701,-10.2901649475,8.62125110626,68.4716110229,31.8854885101],[170.975418091,36.5881690979,26.0858230591,50.8254089355,1.75946259499,-28.5438213348,4.53215646744,38.0645980835,11.3418273926,-18.7399520874,-4.20778846741,31.8854885101,57.9814605713]],"icov":[[0.000141566735692,-0.000240687819314,-0.000209557460039,-0.0000468673424621,-0.0000171566080098,0.000306459347485,-0.000107940504677,-0.000226001109695,0.000143901197589,0.0000564853726246,0.000170465020346,-0.0000698442745488,0.000218875269638],[-0.000240687819314,0.00229408289306,0.00147270213347,-0.0012856728863,-0.000190688137081,-0.000414635054767,-0.000153206958203,-0.000404277670896,-0.000148804640048,0.000607870577369,-0.000838583626319,0.000166878395248,-0.000121478980873],[-0.000209557460039,0.00147270213347,0.00413465639576,-0.00108742481098,-0.00036254330189,0.000267519877525,0.0006764146965,-0.000274630612694,-0.00000488589239467,0.0010635528015,0.00101080152672,-0.00106229505036,0.0000540169639862],[-0.0000468673424621,-0.0012856728863,-0.00108742481098,0.00714861648157,-0.00171858910471,0.000265199603746,0.00254348968156,-0.00267123663798,-0.00139950227458,-0.000329201982822,0.00156630389392,-0.000906984787434,-0.00231025111862],[-0.0000171566080098,-0.000190688137081,-0.00036254330189,-0.00171858910471,0.00834756344557,-0.00273658032529,-0.000342657411238,0.0010693842778,-0.00265210820362,-0.000394725502701,0.000613170152064,0.000239480723394,-0.000131251028506],[0.000306459347485,-0.000414635054767,0.000267519877525,0.000265199603746,-0.00273658032529,0.0102156521752,-0.00377772469074,0.00222016987391,0.00152320240159,-0.00148496089969,0.000162131502293,0.00148769631051,0.00137076037936],[-0.000107940504677,-0.000153206958203,0.0006764146965,0.00254348968156,-0.000342657411238,-0.00377772469074,0.0128038730472,-0.00579426623881,-0.0000721124088159,0.00175740453415,-0.00293947570026,0.000981184537522,-0.00133596535306],[-0.000226001109695,-0.000404277670896,-0.000274630612694,-0.00267123663798,0.0010693842778,0.00222016987391,-0.00579426623881,0.0141481077299,-0.00501558091491,0.00153006752953,0.00162112887483,-0.00480312295258,-0.00015345076099],[0.000143901197589,-0.000148804640048,-0.00000488589239467,-0.00139950227458,-0.00265210820362,0.00152320240159,-0.0000721124088159,-0.00501558091491,0.0178892891854,-0.00526984687895,-0.00122495670803,0.00204075220972,-0.00138652592432],[0.0000564853726246,0.000607870577369,0.0010635528015,-0.000329201982822,-0.000394725502701,-0.00148496089969,0.00175740453415,0.00153006752953,-0.00526984687895,0.0146570717916,-0.00582905905321,-0.000577787403017,0.00306183402427],[0.000170465020346,-0.000838583626319,0.00101080152672,0.00156630389392,0.000613170152064,0.000162131502293,-0.00293947570026,0.00162112887483,-0.00122495670803,-0.00582905905321,0.0228504408151,-0.0068957102485,0.001231509028],[-0.0000698442745488,0.000166878395248,-0.00106229505036,-0.000906984787434,0.000239480723394,0.00148769631051,0.000981184537522,-0.00480312295258,0.00204075220972,-0.000577787403017,-0.0068957102485,0.025413768366,-0.00988677795976],[0.000218875269638,-0.000121478980873,0.0000540169639862,-0.00231025111862,-0.000131251028506,0.00137076037936,-0.00133596535306,-0.00015345076099,-0.00138652592432,0.00306183402427,0.001231509028,-0.00988677795976,0.026350101456]],"mean":[-621.040649414,117.778930664,-14.0557832718,18.9672031403,19.6819515228,7.01489782333,-0.543823540211,7.36900758743,2.28416991234,6.19045877457,-1.01840853691,-3.8261141777,-5.21484184265]},"pitch_salience":{"dmean":0.0780514255166,"dmean2":0.128018140793,"dvar":0.00495799118653,"dvar2":0.0132792331278,"max":0.996098399162,"mean":0.529904901981,"median":0.53732419014,"min":0.0451719984412,"var":0.0159542951733},"silence_rate_20dB":{"dmean":0,"dmean2":0,"dvar":0,"dvar2":0,"max":1,"mean":1,"median":1,"min":1,"var":0},"silence_rate_30dB":{"dmean":0.00249199010432,"dmean2":0.00498486729339,"dvar":0.00248588691466,"dvar2":0.00745280412957,"max":1,"mean":0.99875420332,"median":1,"min":0,"var":0.00124423066154},"silence_rate_60dB":{"dmean":0.00391598418355,"dmean2":0.00783336255699,"dvar":0.00390062271617,"dvar2":0.00919604115188,"max":1,"mean":0.0658480152488,"median":0,"min":0,"var":0.0615104176104},"spectral_centroid":{"dmean":220.515396118,"dmean2":347.089355469,"dvar":60453.0859375,"dvar2":130366.351562,"max":11721.6630859,"mean":1482.34082031,"median":1429.77404785,"min":333.19519043,"var":573435.0625},"spectral_complexity":{"dmean":3.53399777412,"dmean2":5.48264217377,"dvar":10.1380710602,"dvar2":22.5608558655,"max":53,"mean":28.6351661682,"median":31,"min":0,"var":120.685386658},"spectral_contrast_coeffs":{"dmean":[0.0573300309479,0.0483525767922,0.0376175604761,0.0290210787207,0.0206957552582,0.016695741564],"dmean2":[0.0957856625319,0.0792163163424,0.0620558075607,0.0484728887677,0.0341778695583,0.0266138464212],"dvar":[0.00224877381697,0.00151914905291,0.000950003741309,0.000537724292371,0.000276944512734,0.000232941893046],"dvar2":[0.00609378376976,0.00392478704453,0.00251366081648,0.00142055132892,0.00071390386438,0.000560012937058],"max":[-0.345895200968,-0.443779677153,-0.521420001984,-0.437572360039,-0.658232212067,-0.660804867744],"mean":[-0.619092464447,-0.753265440464,-0.787144839764,-0.774441540241,-0.778754711151,-0.779023766518],"median":[-0.613071620464,-0.75715392828,-0.791465640068,-0.78111320734,-0.775315344334,-0.776875793934],"min":[-0.975998044014,-0.997191905975,-0.997062683105,-0.985977888107,-0.987034499645,-0.964129328728],"var":[0.00717695290223,0.00595805421472,0.00366759486496,0.00323892058805,0.00164745107759,0.00127353530843]},"spectral_contrast_valleys":{"dmean":[0.437831044197,0.361971080303,0.296124994755,0.241942793131,0.196812897921,0.225569963455],"dmean2":[0.711091220379,0.586870014668,0.480613917112,0.383511930704,0.295968919992,0.312445402145],"dvar":[0.150545462966,0.130249470472,0.0981681421399,0.0855403915048,0.0896736085415,0.117074817419],"dvar2":[0.343374103308,0.266627848148,0.18954500556,0.146435841918,0.14517377317,0.19948618114],"max":[-5.40514612198,-4.7934422493,-5.13476324081,-5.56004619598,-5.91274452209,-7.57776832581],"mean":[-7.23038673401,-6.79358005524,-7.07564687729,-7.17050695419,-7.32708501816,-10.0326185226],"median":[-6.76920318604,-6.38708925247,-6.70431280136,-6.77426195145,-6.87918424606,-9.58765602112],"min":[-28.0255279541,-27.8509960175,-27.4550647736,-27.6684093475,-27.4726371765,-27.4055194855],"var":[4.05812311172,3.882853508,3.51618242264,3.37347412109,3.60172867775,3.06889247894]},"spectral_decrease":{"dmean":3.25368731957e-9,"dmean2":5.09371300694e-9,"dvar":1.42754069108e-17,"dvar2":3.37872608371e-17,"max":8.02177015968e-27,"mean":-9.868339923e-9,"median":-9.64600843645e-9,"min":-4.14933367665e-8,"var":3.273062694e-17},"spectral_energy":{"dmean":0.0125273410231,"dmean2":0.0195482876152,"dvar":0.000207535282243,"dvar2":0.000490992679261,"max":0.158700704575,"mean":0.0398291423917,"median":0.0394036732614,"min":1.02522970396e-20,"var":0.000503970833961},"spectral_energyband_high":{"dmean":0.000281403044937,"dmean2":0.000426605023677,"dvar":3.7093212768e-7,"dvar2":8.31753538932e-7,"max":0.0134531930089,"mean":0.000765357981436,"median":0.000564788992051,"min":7.15511310638e-21,"var":7.98102860244e-7},"spectral_energyband_low":{"dmean":0.00969629921019,"dmean2":0.0153650026768,"dvar":0.000185696684639,"dvar2":0.000439119787188,"max":0.147313818336,"mean":0.0174373071641,"median":0.0134158674628,"min":7.38762242397e-24,"var":0.000275250116829},"spectral_energyband_middle_high":{"dmean":0.00223178556189,"dmean2":0.00321461586282,"dvar":0.00000713641748007,"dvar2":0.0000139232943184,"max":0.0526969395578,"mean":0.00917846616358,"median":0.00798501446843,"min":1.3408622973e-21,"var":0.0000430015061283},"spectral_energyband_middle_low":{"dmean":0.00624015461653,"dmean2":0.0101134842262,"dvar":0.000067553264671,"dvar2":0.000177008187165,"max":0.0862961411476,"mean":0.0150194577873,"median":0.0130105540156,"min":1.48005376218e-22,"var":0.000134004323627},"spectral_entropy":{"dmean":0.110497482121,"dmean2":0.170638039708,"dvar":0.0178137365729,"dvar2":0.0450375787914,"max":9.82143115997,"mean":7.65911340714,"median":7.74878692627,"min":4.4270362854,"var":0.307047098875},"spectral_flux":{"dmean":0.0296278391033,"dmean2":0.0465976409614,"dvar":0.000946877291426,"dvar2":0.00224276282825,"max":0.347822278738,"mean":0.106804944575,"median":0.105721637607,"min":6.52918760724e-11,"var":0.0027351716999},"spectral_kurtosis":{"dmean":1.56729054451,"dmean2":2.55033731461,"dvar":8.68343448639,"dvar2":22.3518867493,"max":105.14389801,"mean":6.84914398193,"median":5.60139274597,"min":-1.25997197628,"var":66.0111541748},"spectral_rms":{"dmean":0.000933079223614,"dmean2":0.00142277451232,"dvar":9.37961033287e-7,"dvar2":0.00000212040276892,"max":0.0124430684373,"mean":0.00586321344599,"median":0.00620021065697,"min":3.16263204861e-12,"var":0.00000448048604085},"spectral_rolloff":{"dmean":509.681884766,"dmean2":853.614562988,"dvar":699685.625,"dvar2":1698198.375,"max":19487.5488281,"mean":1721.92346191,"median":1550.390625,"min":107.666015625,"var":3831803.25},"spectral_skewness":{"dmean":0.185037359595,"dmean2":0.293835431337,"dvar":0.0499862954021,"dvar2":0.125775694847,"max":7.70145511627,"mean":1.83919465542,"median":1.75043940544,"min":-0.0551187507808,"var":0.503509759903},"spectral_spread":{"dmean":460359.09375,"dmean2":685035.9375,"dvar":716608241664,"dvar2":1415519797250,"max":41994756,"mean":4491236,"median":4185219.25,"min":624750.5,"var":8074866196480},"spectral_strongpeak":{"dmean":0.481069266796,"dmean2":0.832635939121,"dvar":0.65604019165,"dvar2":1.6845934391,"max":10.5375900269,"mean":0.887857139111,"median":0.53336840868,"min":0,"var":1.21500408649},"zerocrossingrate":{"dmean":0.00945004168898,"dmean2":0.0114251030609,"dvar":0.000153096218128,"dvar2":0.000244797149207,"max":0.52001953125,"mean":0.0656441524625,"median":0.0576171875,"min":0.0126953125,"var":0.00251666456461}},"metadata":{"audio_properties":{"analysis_sample_rate":44100,"bit_rate":0,"codec":"flac","downmix":"mix","equal_loudness":0,"length":130.440002441,"lossless":true,"md5_encoded":"bb2ea2b3d7fd1a2c5dc173696a29fe97","replay_gain":-14.857925415},"tags":{"acoustid_id":["bdb65903-335f-428b-8c54-158c0474eaa0"],"album":["Veni Vidi Vicious"],"albumartist":["The Hives"],"artist":["The Hives"],"date":["2002-04-30"],"discnumber":["1"],"disctotal":["1"],"file_name":"11 - The Hives - Knock Knock.flac","musicbrainz_albumartistid":["487bfd74-71bf-46dd-b89c-80b7a0f06f2f"],"musicbrainz_albumid":["bfece3da-7fe3-4301-bd84-21abdda0befa"],"musicbrainz_artistid":["487bfd74-71bf-46dd-b89c-80b7a0f06f2f"],"musicbrainz_recordingid":["36ceced2-75c7-4322-982b-0f339b0f5242"],"musicbrainz_releasegroupid":["61a34a5e-37ea-3f7b-a462-e645b96108df"],"replaygain_album_gain":["-11.18 dB"],"replaygain_album_peak":["0.999054"],"replaygain_track_gain":["-11.82 dB"],"replaygain_track_peak":["0.999054"],"title":["Knock Knock"],"tracknumber":["11"],"tracktotal":["12"]},"version":{"essentia":"2.1-beta1","essentia_build_sha":"46c2b6830b139c2e69ed9f3e0d9145e1b8fbae31","essentia_git_sha":"v2.1_beta1-6-g5578087","extractor":"music 1.0"}},"rhythm":{"beats_count":228,"beats_loudness":{"dmean":0.0131756197661,"dmean2":0.0219599120319,"dvar":0.000119202850328,"dvar2":0.000349607144017,"max":0.0851329043508,"mean":0.0428993478417,"median":0.0457741767168,"min":4.08008249408e-9,"var":0.00036020859261},"beats_loudness_band_ratio":{"dmean":[0.150416240096,0.0927262306213,0.0852564573288,0.0957594960928,0.06626047194,0.0192751716822],"dmean2":[0.264388471842,0.155958980322,0.14964543283,0.174862086773,0.112117126584,0.0321582853794],"dvar":[0.0194675885141,0.0088067445904,0.00861012376845,0.0126878609881,0.00537018105388,0.00297257327475],"dvar2":[0.0449954122305,0.0258873831481,0.0227891542017,0.0336031764746,0.010