{"lowlevel":{"average_loudness":0.753621816635,"barkbands":{"dmean":[0.00421810662374,0.00958568323404,0.00362077844329,0.000886659079697,0.000614033138845,0.000479236274259,0.000321299332427,0.000344655098161,0.000430602085544,0.00041710192454,0.00120932562277,0.00113543693442,0.000616184261162,0.000764816766605,0.000805997755378,0.000665441388264,0.000481046969071,0.000526253599674,0.000382455124054,0.000284245761577,0.000233198021306,0.000148446662934,0.0000488037039759,0.0000190132668649,0.00000282701353171,0.0000393291848013,0.000666295643896],"dmean2":[0.00708169257268,0.0159551911056,0.00606793211773,0.00149727461394,0.00102299801074,0.00079204532085,0.000533336657099,0.000579519546591,0.000723722565453,0.00069932709448,0.00199153530411,0.00187705026474,0.00104037078563,0.00128790631425,0.00135062949266,0.00111112452578,0.00081394816516,0.000886277470272,0.000618948601186,0.000436459260527,0.000350329064531,0.000219447727432,0.0000694130139891,0.0000260308461293,0.00000462471552964,0.000052068826335,0.00103810429573],"dvar":[0.0000602680956945,0.000187429905054,0.000041431740101,0.00000186942793334,9.02170882e-7,7.44639464756e-7,6.61154672343e-7,5.95342839915e-7,6.79125434999e-7,6.31342572888e-7,0.00000596821473664,0.0000051555743994,5.50006745925e-7,6.56161432744e-7,7.09256198661e-7,7.03358978171e-7,5.24872461938e-7,6.77207196986e-7,4.74258257555e-7,4.45003053073e-7,3.87596060136e-7,1.46485348296e-7,5.80229420066e-9,8.49358583466e-10,1.58974708397e-11,3.72076480737e-9,3.9031354504e-7],"dvar2":[0.000151989821461,0.000467962730909,0.000106253995909,0.00000490866023029,0.00000227235614148,0.00000184388954949,0.00000176082107828,0.00000159110027198,0.00000182451731234,0.00000161847515301,0.0000140510092024,0.0000122495948744,0.00000149151776441,0.00000179305629899,0.00000193950700123,0.0000018611312953,0.00000135283301006,0.00000180956362783,0.00000115188163363,8.94754293768e-7,7.88314594047e-7,3.21273802228e-7,1.17600222893e-8,1.57059487638e-9,3.94797215753e-11,6.83836143267e-9,9.22773608636e-7],"max":[0.0987367033958,0.250010162592,0.0820533484221,0.0308200530708,0.0162671003491,0.0194604378194,0.0175076909363,0.0151408500969,0.014752805233,0.0201279874891,0.0558222532272,0.0829634070396,0.0216539856046,0.0128371361643,0.0129873231053,0.020314430818,0.0108268223703,0.0152459517121,0.0214208196849,0.0195314344019,0.0138173168525,0.013245485723,0.00190002308227,0.000509210862219,0.000060790891439,0.00108084315434,0.00957771483809],"mean":[0.00414317380637,0.0133850239217,0.00384111469612,0.000998943462037,0.000796171778347,0.000657372060232,0.000455977860838,0.000431550462963,0.000589207513258,0.00058694218751,0.00187254196499,0.00188174599316,0.00109165988397,0.00146901782136,0.00163672724739,0.00126868230291,0.000701384386048,0.000764794356655,0.000650694302749,0.00046300154645,0.00038218399277,0.000244108872721,0.0000926909051486,0.0000389377928514,0.00000354395251634,0.0000836664112285,0.00249475962482],"median":[0.00163326389156,0.0084982579574,0.0014267138904,0.000522925518453,0.000466956524178,0.000318193633575,0.000126273516798,0.000143381592352,0.000282221240923,0.000310466246447,0.0010385690257,0.00121569877956,0.000908575137146,0.00129057047889,0.00146516808309,0.00107346114237,0.000443961587735,0.000474423810374,0.000411483633798,0.000226266813115,0.000188090314623,0.000126937316963,0.0000564663059777,0.0000239141918428,0.00000211994984056,0.0000513396735187,0.00250082206912],"min":[3.49573376071e-24,4.80670462263e-24,7.99199242928e-24,5.42657416702e-24,1.74598552598e-23,2.888549573e-23,2.47421899965e-23,2.36227600844e-23,2.80078374858e-23,7.54231047442e-23,1.28301460963e-22,5.96370513976e-23,5.1219365958e-23,2.36023699232e-22,9.82495270996e-23,1.4924104794e-22,2.01763823528e-22,1.7539236755e-22,3.4568028755e-22,2.96866786425e-22,5.13005006177e-22,3.82686143889e-22,5.71614316965e-22,8.81139607238e-22,1.41400578336e-21,1.85011283044e-21,2.5773962379e-21],"var":[0.0000552453711862,0.000328034424456,0.0000464253171231,0.00000209096742765,0.00000113837290883,0.00000129562738493,0.00000116984006127,7.82741210514e-7,9.41186726777e-7,8.98667565252e-7,0.0000110664532258,0.0000109459797386,7.76343199504e-7,0.00000109564007289,0.00000123210418224,0.00000103121874417,6.45309171432e-7,7.8233279055e-7,6.69702046707e-7,8.16390922864e-7,6.77395917137e-7,2.2391316179e-7,1.24950849667e-8,2.15340079102e-9,1.92346017586e-11,9.64072910392e-9,0.00000187033049315]},"barkbands_crest":{"dmean":3.31697630882,"dmean2":5.52611970901,"dvar":7.76529502869,"dvar2":20.4171600342,"max":25.2851276398,"mean":9.16895961761,"median":8.40173435211,"min":2.19953918457,"var":17.7643871307},"barkbands_flatness_db":{"dmean":0.0228504557163,"dmean2":0.0363560579717,"dvar":0.000465478748083,"dvar2":0.00111194141209,"max":0.377740710974,"mean":0.0981791988015,"median":0.089805290103,"min":0.0270948708057,"var":0.00154671829659},"barkbands_kurtosis":{"dmean":2.84913182259,"dmean2":4.52368974686,"dvar":147.689758301,"dvar2":358.207183838,"max":406.949554443,"mean":2.56128072739,"median":-0.0472612380981,"min":-1.79726684093,"var":279.243103027},"barkbands_skewness":{"dmean":0.611627221107,"dmean2":0.95438015461,"dvar":0.578944921494,"dvar2":1.24719417095,"max":17.6098365784,"mean":1.10100531578,"median":0.861968159676,"min":-2.36066150665,"var":1.81595611572},"barkbands_spread":{"dmean":11.0900411606,"dmean2":17.9681987762,"dvar":93.4886932373,"dvar2":234.879364014,"max":107.059707642,"mean":54.2918128967,"median":56.2898101807,"min":0.603703916073,"var":297.666442871},"dissonance":{"dmean":0.00763458060101,"dmean2":0.0132245905697,"dvar":0.000107428269985,"dvar2":0.000292661017738,"max":0.500000059605,"mean":0.490420788527,"median":0.493588685989,"min":0.331849634647,"var":0.000122013385408},"dynamic_complexity":1.77327418327,"erbbands":{"dmean":[0.437949478626,1.71795320511,3.95326685905,3.44062852859,2.68093132973,1.69764459133,2.50128293037,4.34310436249,4.61572599411,5.01280641556,7.99806308746,9.35339164734,11.710644722,23.2601184845,54.3011817932,35.6211891174,26.1904811859,37.3274383545,35.8357505798,42.8158607483,29.5388660431,26.5061893463,28.5415267944,23.4521274567,16.6012229919,13.4613018036,11.0551042557,8.26685714722,5.86883449554,2.70877218246,1.27336347103,0.596136689186,0.216605558991,0.0407958552241,0.0188421308994,0.0438147373497,0.0893221721053,0.0824223384261,0.0359392799437,0.0135228550062],"dmean2":[0.751437783241,2.78958058357,6.46604442596,5.77744340897,4.49734401703,2.85197210312,4.19287872314,7.1801109314,7.60940074921,8.28125572205,13.4643096924,15.7372512817,19.3524665833,38.208782196,89.7125015259,59.2513389587,44.1037445068,62.656162262,59.9031448364,71.3172912598,48.8522529602,44.6706352234,48.1583633423,38.8473777771,26.3276519775,20.6972999573,16.7596340179,12.3342781067,8.74489402771,3.90914702415,1.81209754944,0.831130206585,0.298581063747,0.0632729455829,0.0306911319494,0.0603869520128,0.119034007192,0.11152972281,0.0505725108087,0.0212172083557],"dvar":[0.451593250036,6.8514418602,45.3040390015,32.0458908081,16.9393367767,8.3239812851,19.3444194794,77.7011108398,134.237579346,143.251403809,307.804779053,357.424957275,626.802856445,2356.49438477,12531.8447266,3355.63061523,1094.23840332,1612.11218262,1376.24389648,2279.36499023,1737.1685791,1616.22155762,2051.38427734,1342.16027832,1119.6595459,1055.85375977,899.462585449,495.624206543,247.682418823,27.7895069122,3.65859365463,0.840106785297,0.108186483383,0.00281368894503,0.000764675496612,0.00402599293739,0.0193486008793,0.0178690850735,0.00384723697789,0.000155254514539],"dvar2":[1.25567686558,14.2732276917,106.883659363,83.793182373,43.1586875916,21.9881515503,48.6802749634,189.784744263,352.93927002,383.361755371,827.263793945,973.319641113,1613.8840332,5404.36572266,28280.8359375,8375.57519531,2968.05932617,4372.72802734,3698.56982422,6242.67724609,4517.21533203,4202.29443359,5490.90771484,3433.58374023,2610.08447266,2140.12841797,1856.06933594,1027.09411621,545.922302246,56.9097442627,7.28961133957,1.58432471752,0.203658550978,0.00641788262874,0.00190840510186,0.0075255241245,0.0353012904525,0.0352387465537,0.00713162124157,0.000370137655409],"max":[9.00023174286,62.4777793884,125.660232544,126.303672791,80.1573867798,75.2569046021,93.40599823,222.055496216,288.465118408,241.766235352,421.094177246,439.056518555,613.825866699,1248.67883301,3376.65332031,1976.97521973,1135.40441895,771.784729004,586.676208496,1159.99304199,1119.84899902,603.378417969,699.81072998,1041.25439453,899.03918457,1019.71490479,659.729309082,706.557312012,599.907348633,147.968170166,28.5785503387,18.4807033539,5.31772899628,0.717174232006,0.430884331465,0.98479616642,2.22036743164,2.90684604645,1.28460383415,0.209516838193],"mean":[0.54149800539,2.37350869179,4.72450304031,3.94095849991,3.32870316505,2.17028570175,3.13112020493,5.91782855988,6.67210817337,7.08158922195,10.5799655914,12.925945282,16.9763431549,37.4451942444,90.6098632812,65.5074157715,50.5245399475,73.5069198608,77.7659454346,90.4107589722,57.90051651,40.5903091431,40.844203949,39.274055481,28.8423652649,21.9569454193,17.3682765961,13.4494180679,9.47678184509,4.76085615158,2.44294023514,1.19832885265,0.439222186804,0.0675925090909,0.0239921584725,0.0899296179414,0.188779458404,0.181229650974,0.104275375605,0.0599363185465],"median":[0.338281571865,1.35205483437,1.87775421143,1.97840738297,1.89561295509,1.3073091507,1.69803452492,2.67736506462,2.00327682495,2.20460033417,3.99254775047,6.28223228455,8.68827438354,20.8127555847,52.8538742065,46.8877639771,42.7310714722,64.4347076416,70.3115844727,80.0530700684,47.4161682129,26.3330116272,25.0079803467,26.1840858459,16.9824562073,10.5964851379,7.98934555054,6.76572799683,4.78232955933,2.71979761124,1.48699486256,0.73058784008,0.269660979509,0.0453136153519,0.0144515261054,0.0576762482524,0.115211740136,0.119706332684,0.0755003839731,0.0607925057411],"min":[2.1813132416e-22,1.02492292416e-21,5.69100705723e-21,2.03298990269e-20,2.32090853258e-20,3.20191178426e-20,2.55506862984e-19,1.73454514101e-19,3.19600228965e-19,7.57624752602e-19,2.45399207037e-19,8.01116513343e-19,1.60582878081e-18,4.97153249809e-18,2.95884697139e-18,2.93070380541e-18,2.29957140868e-18,7.07973132936e-18,9.72750172856e-18,7.09653054042e-18,8.43038657512e-18,1.23434165752e-17,9.19415717628e-18,1.23402352385e-17,1.79656333314e-17,1.26788482397e-17,2.04235624712e-17,2.01995636157e-17,9.5157666528e-18,2.09124278676e-17,1.62833961196e-17,1.80056109704e-17,1.5456847473e-17,1.79364007685e-17,1.01159689053e-17,7.66639842547e-18,3.27750113838e-18,1.45774442601e-18,3.41245348397e-19,3.65330262895e-20],"var":[0.439627856016,17.1356163025,77.633430481,32.4860343933,20.9966812134,8.92805576324,24.1442527771,132.40284729,237.807525635,229.560928345,419.521118164,468.446990967,829.597595215,4252.36572266,24860.5605469,6871.16210938,1552.72412109,2731.6953125,2482.4387207,3890.76000977,2461.20141602,1981.38305664,2287.58837891,1810.42749023,1686.50366211,1903.47351074,1533.94897461,835.478759766,369.222839355,51.5754241943,8.28969669342,2.02995634079,0.272633075714,0.00503101153299,0.000894327124115,0.0104389693588,0.0502290390432,0.0419227220118,0.0118550378829,0.00083831086522]},"erbbands_crest":{"dmean":2.0201830864,"dmean2":3.38399147987,"dvar":3.99200630188,"dvar2":10.41664505,"max":30.5445308685,"mean":7.42926073074,"median":6.70873212814,"min":2.27991628647,"var":9.33414936066},"erbbands_flatness_db":{"dmean":0.0169315412641,"dmean2":0.0257625635713,"dvar":0.000216498199734,"dvar2":0.000469407648779,"max":0.321133971214,"mean":0.138188123703,"median":0.134660452604,"min":0.0314118489623,"var":0.000971355766524},"erbbands_kurtosis":{"dmean":1.11443555355,"dmean2":1.80450952053,"dvar":1.960760355,"dvar2":4.76602935791,"max":34.9826812744,"mean":1.9302084446,"median":1.70935773849,"min":-1.72023165226,"var":4.05745744705},"erbbands_skewness":{"dmean":0.382251530886,"dmean2":0.603532195091,"dvar":0.110589750111,"dvar2":0.259992480278,"max":4.09322595596,"mean":-0.343545824289,"median":-0.392225921154,"min":-3.49187779427,"var":0.439055889845},"erbbands_spread":{"dmean":5.50692844391,"dmean2":8.47077178955,"dvar":38.3245773315,"dvar2":78.521232605,"max":122.006538391,"mean":22.7562294006,"median":20.5946159363,"min":2.08321285248,"var":122.029548645},"gfcc":{"cov":[[4835.55810547,30.9927043915,-202.579925537,-40.0059967041,-121.766998291,-57.713886261,1.3028190136,-5.96774959564,45.2341079712,-17.0787792206,-2.66303801537,8.34047794342,-80.9681472778],[30.9927043915,735.336914062,-9.99045181274,-187.010345459,139.862564087,-84.1153411865,20.4700298309,-2.92552351952,15.6400756836,-3.97888827324,67.1900787354,-73.3139038086,89.9839248657],[-202.579925537,-9.99045181274,268.80645752,95.8705596924,-32.0016212463,75.0953292847,-71.3016662598,47.1893348694,-10.3659629822,29.0512714386,-10.8072462082,-10.7549085617,-19.7652320862],[-40.0059967041,-187.010345459,95.8705596924,252.579421997,21.492313385,-24.2452735901,22.7970581055,-3.94638872147,-8.62470054626,-8.50534534454,-42.3246536255,0.206124335527,-48.2649345398],[-121.766998291,139.862564087,-32.0016212463,21.492313385,189.978088379,33.0431900024,52.7620315552,-26.3067150116,-18.1719341278,-32.7504806519,8.69605827332,-24.6608657837,43.6622314453],[-57.713886261,-84.1153411865,75.0953292847,-24.2452735901,33.0431900024,215.182434082,2.7508854866,26.2369365692,-29.3498764038,-5.29097127914,-5.80204820633,28.1246490479,21.4791164398],[1.3028190136,20.4700298309,-71.3016662598,22.7970581055,52.7620315552,2.7508854866,135.329727173,-3.27045178413,21.5547714233,-2.44180011749,4.59502220154,10.3764381409,18.5668449402],[-5.96774959564,-2.92552351952,47.1893348694,-3.94638872147,-26.3067150116,26.2369365692,-3.27045178413,95.5176467896,21.8954048157,17.7612247467,6.08810901642,-4.05579423904,-4.35285520554],[45.2341079712,15.6400756836,-10.3659629822,-8.62470054626,-18.1719341278,-29.3498764038,21.5547714233,21.8954048157,88.5396270752,52.3068389893,24.8485412598,7.981112957,-14.0999498367],[-17.0787792206,-3.97888827324,29.0512714386,-8.50534534454,-32.7504806519,-5.29097127914,-2.44180011749,17.7612247467,52.3068389893,88.4881591797,46.0380630493,11.5867547989,5.38642549515],[-2.66303801537,67.1900787354,-10.8072462082,-42.3246536255,8.69605827332,-5.80204820633,4.59502220154,6.08810901642,24.8485412598,46.0380630493,69.4232177734,25.8360385895,25.654542923],[8.34047794342,-73.3139038086,-10.7549085617,0.206124335527,-24.6608657837,28.1246490479,10.3764381409,-4.05579423904,7.981112957,11.5867547989,25.8360385895,71.4403305054,21.6001110077],[-80.9681472778,89.9839248657,-19.7652320862,-48.2649345398,43.6622314453,21.4791164398,18.5668449402,-4.35285520554,-14.0999498367,5.38642549515,25.654542923,21.6001110077,82.8592910767]],"icov":[[0.00024030233908,-0.000261324545136,0.000569632800762,-0.000478426110931,0.000499964633491,-0.000426418962888,0.000236718915403,0.00000552572555534,-0.000168218291947,0.000140170479426,-0.000189885147847,0.000113129310193,0.000161707241205],[-0.000261324545136,0.00497847283259,-0.0049983151257,0.00557205919176,-0.00376853533089,0.00445297500119,-0.00247194920667,0.00041186530143,-0.00127320224419,0.00321649480611,-0.00320019084029,0.0032264678739,-0.00247749662958],[0.000569632800762,-0.0049983151257,0.0143708949909,-0.0117298578843,0.00716798286885,-0.00952831003815,0.00756436726078,-0.00208114739507,-0.00032313313568,-0.00301878107712,-0.000744953460526,0.00309745292179,-0.000966844614595],[-0.000478426110931,0.00557205919176,-0.0117298578843,0.0181826148182,-0.0122914295644,0.0116686196998,-0.00711659062654,-0.00106787122786,0.00554345548153,-0.00545525969937,0.0093644913286,-0.00916119944304,0.00705193309113],[0.000499964633491,-0.00376853533089,0.00716798286885,-0.0122914295644,0.0195177569985,-0.0108830807731,0.00120599055663,0.00474775163457,-0.0073001794517,0.0122992051765,-0.0140792578459,0.0152439810336,-0.0100096203387],[-0.000426418962888,0.00445297500119,-0.00952831003815,0.0116686196998,-0.0108830807731,0.0149282878265,-0.00491782883182,-0.00324532273225,0.00641039619222,-0.0051065585576,0.00793731585145,-0.00979511719197,0.00358666409738],[0.000236718915403,-0.00247194920667,0.00756436726078,-0.00711659062654,0.00120599055663,-0.00491782883182,0.0136606041342,-0.0010679612169,-0.00463107367977,0.00019222368428,0.000416273134761,0.000102573299955,-0.00285912095569],[0.00000552572555534,0.00041186530143,-0.00208114739507,-0.00106787122786,0.00474775163457,-0.00324532273225,-0.0010679612169,0.0146513814107,-0.00674676755443,0.00562261370942,-0.00606303103268,0.00717396428809,-0.00371840852313],[-0.000168218291947,-0.00127320224419,-0.00032313313568,0.00554345548153,-0.0073001794517,0.00641039619222,-0.00463107367977,-0.00674676755443,0.0292305964977,-0.0229800418019,0.0118534751236,-0.014074742794,0.0137055851519],[0.000140170479426,0.00321649480611,-0.00301878107712,-0.00545525969937,0.0122992051765,-0.0051065585576,0.00019222368428,0.00562261370942,-0.0229800418019,0.0438027754426,-0.032750941813,0.0210097860545,-0.0142534421757],[-0.000189885147847,-0.00320019084029,-0.000744953460526,0.0093644913286,-0.0140792578459,0.00793731585145,0.000416273134761,-0.00606303103268,0.0118534751236,-0.032750941813,0.0507904998958,-0.029046267271,0.00950898602605],[0.000113129310193,0.0032264678739,0.00309745292179,-0.00916119944304,0.0152439810336,-0.00979511719197,0.000102573299955,0.00717396428809,-0.014074742794,0.0210097860545,-0.029046267271,0.0416381619871,-0.0187526009977],[0.000161707241205,-0.00247749662958,-0.000966844614595,0.00705193309113,-0.0100096203387,0.00358666409738,-0.00285912095569,-0.00371840852313,0.0137055851519,-0.0142534421757,0.00950898602605,-0.0187526009977,0.0287875384092]],"mean":[46.9923591614,52.4307441711,-111.042076111,9.92288684845,8.29446792603,-1.16650271416,11.3392677307,-19.1586093903,3.00575375557,-8.03382015228,-3.93834447861,2.14574599266,-8.97185611725]},"hfc":{"dmean":89.0139083862,"dmean2":135.423950195,"dvar":27500.265625,"dvar2":46070.1171875,"max":5671.3125,"mean":274.794403076,"median":216.87171936,"min":1.25751305443e-16,"var":127741.390625},"melbands":{"dmean":[0.00327351619489,0.00202441751026,0.000570702366531,0.000153221044457,0.0000781952039688,0.0000950897519942,0.0000690763336024,0.0000583808359806,0.0000658038989059,0.0000618310514255,0.0000594673656451,0.0000893442338565,0.000175336550456,0.000148097751662,0.0000663162718411,0.0000629226997262,0.0000756114241085,0.0000618523845333,0.0000643526946078,0.0000547384188394,0.0000341025188391,0.0000277762865153,0.0000303821962007,0.0000250412686,0.0000198050183826,0.0000138994091685,0.0000109086695375,0.00000909039408725,0.00000761329602028,0.00000591989419263,0.00000476866216559,0.00000382321968573,0.00000231194667322,0.00000127452915422,8.08752872672e-7,5.371205134e-7,3.28113145542e-7,1.73842735762e-7,8.04850657232e-8,2.33895569579e-8],"dmean2":[0.00552259944379,0.00325381872244,0.000949433422647,0.00025589755387,0.000130706801428,0.000156877504196,0.000113780384709,0.000097122421721,0.000110893764941,0.000103940001281,0.0000984561484074,0.000147150582052,0.000290711584967,0.000243959875661,0.00011172197992,0.000106223771581,0.000127733379486,0.000104095503048,0.000108068146801,0.0000916096178116,0.0000568795476283,0.000046874742111,0.0000519381428603,0.0000423512974521,0.0000330645125359,0.0000224564355449,0.0000171378032974,0.0000141149539559,0.0000117275212688,0.0000091517022156,0.00000725459312889,0.00000584097688261,0.00000346755496139,0.00000188536057522,0.00000119246385566,7.79814968155e-7,4.69020307037e-7,2.45518009478e-7,1.20383845115e-7,3.85818275106e-8],"dvar":[0.000023184084057,0.0000102973681351,8.09129403478e-7,5.79443799609e-8,1.73247016733e-8,3.39189369924e-8,2.94125843681e-8,1.80165375951e-8,1.97718961203e-8,1.55077550801e-8,1.63077906734e-8,3.46010260444e-8,1.16254355476e-7,9.65974393807e-8,6.58664323083e-9,5.62949153959e-9,6.78219169714e-9,4.24819379674e-9,4.808188514e-9,4.12154932405e-9,2.50852094652e-9,1.83072401683e-9,2.31797558925e-9,1.67905045423e-9,9.69529123651e-10,8.32843571885e-10,5.10175013346e-10,5.65410773756e-10,4.48865056235e-10,2.48297604699e-10,1.69412275874e-10,1.25166169096e-10,2.86133269856e-11,5.31020453304e-12,1.54452091308e-12,6.84271053448e-13,2.68687903957e-13,7.04010011095e-14,1.41618191309e-14,1.26372614697e-15],"dvar2":[0.0000625315005891,0.0000215081108763,0.00000208868959817,1.46707961335e-7,4.32244462445e-8,8.29128765645e-8,7.79614595103e-8,4.79174460111e-8,5.36402318119e-8,4.18746921582e-8,4.17685583898e-8,7.98737502805e-8,2.75464145716e-7,2.26066163123e-7,1.72881797766e-8,1.5369156614e-8,1.84882722465e-8,1.14800604578e-8,1.31237465339e-8,1.11532356684e-8,6.57037091401e-9,4.74172123788e-9,6.22796392236e-9,4.53451542981e-9,2.50329224016e-9,2.0350670038e-9,1.14180886968e-9,1.17673937261e-9,9.55884149612e-10,5.19529474996e-10,3.69685893009e-10,2.92500051957e-10,6.17474890663e-11,1.11846521628e-11,3.21622481252e-12,1.41796112612e-12,5.3417941728e-13,1.3568196588e-13,3.00500320157e-14,3.1537613724e-15],"max":[0.0607897527516,0.0691525265574,0.0184100214392,0.00415729358792,0.00272661540657,0.00441318238154,0.00396879389882,0.002515476197,0.00344614731148,0.002774794586,0.00323613896035,0.0046309074387,0.00793958548456,0.0119275925681,0.00175052310806,0.00162183586508,0.00156640645582,0.000955596682616,0.0010315325344,0.00156538572628,0.00122592400294,0.000794678344391,0.000795136322267,0.000724659592379,0.000941176374909,0.000989033374935,0.00049354712246,0.000809027755167,0.000441425101599,0.000394503440475,0.000444917212008,0.000418187177274,0.000160367795615,0.0000643353923806,0.0000202498013095,0.0000141618174894,0.00001006761795,0.00000430849604527,0.00000231666740547,5.66517371681e-7],"mean":[0.00438202964142,0.00276699010283,0.000695513153914,0.000197801258764,0.000101959376479,0.00013241112174,0.00010072573059,0.0000804415831226,0.0000871266674949,0.0000831470097182,0.0000825042006909,0.000134561516461,0.000285185989924,0.00024357829534,0.000115680610179,0.000113629059342,0.000138897594297,0.000120576587506,0.000128037674585,0.000105835191789,0.0000587089380133,0.0000407633524446,0.0000392638648918,0.0000357549579348,0.0000318560742016,0.000022416938009,0.0000180156348506,0.00001362338935,0.0000110352393676,0.00000923401785258,0.00000735244429961,0.00000583537348575,0.00000370603629563,0.00000218708328248,0.00000147836294673,9.95493678602e-7,6.2770624254e-7,3.40518340636e-7,1.44036718552e-7,2.62049226762e-8],"median":[0.00280795618892,0.00136834138539,0.000378417724278,0.000116145056381,0.0000583056134928,0.0000600411440246,0.0000297255010082,0.0000253785328823,0.00003406493488,0.0000397703406634,0.0000404809907195,0.0000712790788384,0.000164151511854,0.000149925399455,0.0000915510754567,0.0000946971267695,0.000119767581054,0.000106506573502,0.000113269568828,0.0000909539521672,0.0000451291452919,0.0000259584649029,0.0000224992218136,0.0000220043693844,0.0000209752870433,0.0000130029893626,0.00000995777827484,0.00000596036761635,0.00000476771128888,0.0000044906655603,0.00000360303329217,0.00000281956386061,0.00000197254166778,0.00000124677899294,8.81035134626e-7,6.02062527832e-7,3.73679199583e-7,2.05492568739e-7,8.7299866891e-8,1.34653967976e-8],"min":[2.17320293108e-24,2.46621703128e-24,3.42568764549e-24,1.26921043915e-24,7.15248744281e-24,4.12832132061e-24,5.11313764127e-24,8.01207998337e-24,2.12165244864e-24,4.71695355086e-24,7.46632234331e-24,1.89338024182e-23,1.32220952658e-23,6.72133314848e-24,7.01992725629e-24,4.24913773482e-24,1.50993483508e-23,1.83746152101e-23,9.5626886445e-24,1.00650644568e-23,9.15350254866e-24,1.34263195213e-23,7.0752737374e-24,9.75423984951e-24,9.36485652897e-24,1.51233281446e-23,9.63584523827e-24,8.0836312452e-24,1.31499050267e-23,1.23304023973e-23,1.1184772048e-23,4.15166963125e-24,8.50696871682e-24,1.19513428994e-23,9.23106335286e-24,9.28072214685e-24,1.10265407499e-23,9.97842938561e-24,1.2591288165e-23,1.47920775619e-23],"var":[0.0000274261965387,0.0000252710015047,8.68786571573e-7,7.18444539416e-8,2.24393250647e-8,6.07506294159e-8,5.26755918884e-8,2.8024883747e-8,2.75826526064e-8,2.00540171136e-8,2.15138591386e-8,5.92560418511e-8,2.2685453871e-7,2.10683381852e-7,1.02910338029e-8,8.01463428957e-9,1.08135473909e-8,6.99307101115e-9,8.07902544864e-9,6.42851105681e-9,3.28013549655e-9,2.22135065897e-9,2.46971354478e-9,1.84521986579e-9,1.25196220058e-9,1.09856179709e-9,8.19145473674e-10,9.38962019248e-10,7.13039127742e-10,4.06631978089e-10,2.64822358487e-10,1.64474003861e-10,4.52398327133e-11,9.65764881261e-12,3.19958924806e-12,1.45392129326e-12,5.97606003312e-13,1.69471926184e-13,3.00819651578e-14,1.39514817918e-15]},"melbands_crest":{"dmean":5.48010826111,"dmean2":9.12283992767,"dvar":20.0861034393,"dvar2":53.1428031921,"max":38.4298973083,"mean":17.5573158264,"median":17.2241973877,"min":2.0974316597,"var":41.5966835022},"melbands_flatness_db":{"dmean":0.0347939282656,"dmean2":0.0548284649849,"dvar":0.000897150544915,"dvar2":0.00213983887807,"max":0.530859529972,"mean":0.183873608708,"median":0.176462590694,"min":0.0111323883757,"var":0.00332078104839},"melbands_kurtosis":{"dmean":6.718957901,"dmean2":10.6352357864,"dvar":333.651977539,"dvar2":720.941162109,"max":453.299072266,"mean":7.61306619644,"median":1.77477264404,"min":-1.83793103695,"var":701.2578125},"melbands_skewness":{"dmean":0.951920747757,"dmean2":1.50692248344,"dvar":1.0223659277,"dvar2":2.2694978714,"max":17.5820484161,"mean":1.98363804817,"median":1.65255689621,"min":-1.93475353718,"var":3.1420853138},"melbands_spread":{"dmean":13.3650074005,"dmean2":21.4272499084,"dvar":171.032867432,"dvar2":392.547637939,"max":195.734008789,"mean":41.0637626648,"median":39.2019958496,"min":0.412455171347,"var":482.240356445},"mfcc":{"cov":[[3928.78930664,163.110153198,-262.782165527,18.4760875702,-161.112503052,41.0036125183,-102.615386963,65.3568496704,-98.3774871826,77.6244659424,-59.9625358582,55.7715415955,-48.4404525757],[163.110153198,865.936218262,-145.530944824,-90.0587615967,60.3148117065,-58.3205680847,59.6429138184,-75.2417907715,38.6373443604,-31.0353012085,45.2007484436,-44.288734436,54.2615509033],[-262.782165527,-145.530944824,334.728820801,-10.6454439163,52.8162155151,-15.7187299728,-25.4745140076,-4.8123421669,-5.98787689209,21.9897537231,19.7211494446,20.3674106598,3.25580906868],[18.4760875702,-90.0587615967,-10.6454439163,286.591888428,-16.5472221375,-4.83613204956,-13.5698900223,-5.6327586174,9.93909740448,-7.30988645554,23.1935977936,14.0012998581,-21.6799983978],[-161.112503052,60.3148117065,52.8162155151,-16.5472221375,154.517608643,26.5493621826,46.7643585205,2.11257982254,10.153093338,-16.7032680511,1.4964338541,-19.3942012787,-3.34369564056],[41.0036125183,-58.3205680847,-15.7187299728,-4.83613204956,26.5493621826,147.316177368,47.6144599915,33.9101486206,4.56428432465,3.95559716225,-27.8348770142,-15.6914148331,-1.08995091915],[-102.615386963,59.6429138184,-25.4745140076,-13.5698900223,46.7643585205,47.6144599915,118.739959717,27.496673584,35.6793670654,-21.5991706848,-10.4301452637,-29.4131164551,6.04949378967],[65.3568496704,-75.2417907715,-4.8123421669,-5.6327586174,2.11257982254,33.9101486206,27.496673584,96.3601226807,15.3894929886,6.79914951324,-22.5142555237,-0.136775135994,-20.788772583],[-98.3774871826,38.6373443604,-5.98787689209,9.93909740448,10.153093338,4.56428432465,35.6793670654,15.3894929886,67.1837463379,7.757791996,15.2034158707,-9.52283000946,6.17196416855],[77.6244659424,-31.0353012085,21.9897537231,-7.30988645554,-16.7032680511,3.95559716225,-21.5991706848,6.79914951324,7.757791996,69.0552902222,21.7185840607,27.2558040619,2.68925976753],[-59.9625358582,45.2007484436,19.7211494446,23.1935977936,1.4964338541,-27.8348770142,-10.4301452637,-22.5142555237,15.2034158707,21.7185840607,68.1978683472,27.4512825012,19.5408248901],[55.7715415955,-44.288734436,20.3674106598,14.0012998581,-19.3942012787,-15.6914148331,-29.4131164551,-0.136775135994,-9.52283000946,27.2558040619,27.4512825012,64.5349349976,18.2584819794],[-48.4404525757,54.2615509033,3.25580906868,-21.6799983978,-3.34369564056,-1.08995091915,6.04949378967,-20.788772583,6.17196416855,2.68925976753,19.5408248901,18.2584819794,57.7454109192]],"icov":[[0.000326188834151,-0.000186324541573,0.000173662963789,-0.0000809359771665,0.000210405909456,-0.000147125479998,0.000163728444022,-0.000272858305834,0.000469219638035,-0.000422364799306,0.000341400358593,-0.000315638259053,0.000256347149843],[-0.000186324541573,0.00192085152958,0.000842185283545,0.000560910615604,-0.000929116737098,0.000943047809415,-0.000559757696465,0.00100126233883,-0.000598960730713,0.000249376025749,-0.00140790571459,0.00158669799566,-0.00138791895006],[0.000173662963789,0.000842185283545,0.00403836416081,0.000307819573209,-0.00200649024919,0.000693195208441,0.00083002174506,0.0000458653012174,0.000253842066741,-0.0011309258407,-0.000731493462808,0.0000472603569506,-0.000673233065754],[-0.0000809359771665,0.000560910615604,0.000307819573209,0.00428963685408,0.000296441518003,-0.000527139287442,0.000250468816375,0.000967910746112,-0.00155014940538,0.00214563962072,-0.00240206485614,-0.00135432207026,0.00263444753364],[0.000210405909456,-0.000929116737098,-0.00200649024919,0.000296441518003,0.00913492497057,-0.00170758168679,-0.00286428071558,0.00023233317188,0.00074328907067,0.00162687886041,-0.00140352500603,0.000103426435089,0.00244145188481],[-0.000147125479998,0.000943047809415,0.000693195208441,-0.000527139287442,-0.00170758168679,0.00991103984416,-0.00359171722084,-0.00153992220294,0.00155070505571,-0.00351967685856,0.00300381612033,0.00222960556857,-0.00305976322852],[0.000163728444022,-0.000559757696465,0.00083002174506,0.000250468816375,-0.00286428071558,-0.00359171722084,0.0158567856997,-0.00371259148233,-0.00595206674188,0.00381568772718,-0.000314836244797,0.00311968126334,-0.00294221774675],[-0.000272858305834,0.00100126233883,0.0000458653012174,0.000967910746112,0.00023233317188,-0.00153992220294,-0.00371259148233,0.0163031294942,-0.00513111660257,-0.000788018398453,0.00476723024622,-0.00544980401173,0.00612871395424],[0.000469219638035,-0.000598960730713,0.000253842066741,-0.00155014940538,0.00074328907067,0.00155070505571,-0.00595206674188,-0.00513111660257,0.0234754681587,-0.00552948191762,-0.00593229802325,0.00651498744264,-0.00309535232373],[-0.000422364799306,0.000249376025749,-0.0011309258407,0.00214563962072,0.00162687886041,-0.00351967685856,0.00381568772718,-0.000788018398453,-0.00552948191762,0.0227193422616,-0.00630346732214,-0.00691579980776,0.00347774080001],[0.000341400358593,-0.00140790571459,-0.000731493462808,-0.00240206485614,-0.00140352500603,0.00300381612033,-0.000314836244797,0.00476723024622,-0.00593229802325,-0.00630346732214,0.0277108643204,-0.00949301663786,-0.00297463266179],[-0.000315638259053,0.00158669799566,0.0000472603569506,-0.00135432207026,0.000103426435089,0.00222960556857,0.00311968126334,-0.00544980401173,0.00651498744264,-0.00691579980776,-0.00949301663786,0.0302151404321,-0.0112231653184],[0.000256347149843,-0.00138791895006,-0.000673233065754,0.00263444753364,0.00244145188481,-0.00305976322852,-0.00294221774675,0.00612871395424,-0.00309535232373,0.00347774080001,-0.00297463266179,-0.0112231653184,0.0271860118955]],"mean":[-612.709777832,117.813667297,-43.9307022095,32.5157623291,7.54443693161,36.0350914001,7.67311763763,18.216835022,1.43939328194,10.2342329025,-1.02686548233,4.69735050201,1.19996333122]},"pitch_salience":{"dmean":0.0924776419997,"dmean2":0.15133844316,"dvar":0.00617716182023,"dvar2":0.0161689575762,"max":0.8350071311,"mean":0.547966837883,"median":0.569710969925,"min":0.0869617313147,"var":0.0151058286428},"silence_rate_20dB":{"dmean":0,"dmean2":0,"dvar":0,"dvar2":0,"max":1,"mean":1,"median":1,"min":1,"var":0},"silence_rate_30dB":{"dmean":0.0258497688919,"dmean2":0.0517038777471,"dvar":0.0251835212111,"dvar2":0.0591085217893,"max":1,"mean":0.958962738514,"median":1,"min":0,"var":0.0393498465419},"silence_rate_60dB":{"dmean":0.00587494764477,"dmean2":0.0117508815601,"dvar":0.0058403336443,"dvar2":0.0126194031909,"max":1,"mean":0.0242531057447,"median":0,"min":0,"var":0.0236687567085},"spectral_centroid":{"dmean":288.789550781,"dmean2":436.427734375,"dvar":75782.4921875,"dvar2":156525.71875,"max":4356.41650391,"mean":2004.43457031,"median":1951.87890625,"min":148.092346191,"var":311561.78125},"spectral_complexity":{"dmean":5.4777173996,"dmean2":7.96340417862,"dvar":24.9223537445,"dvar2":45.921295166,"max":64,"mean":33.374874115,"median":34,"min":0,"var":133.864852905},"spectral_contrast_coeffs":{"dmean":[0.0586389862001,0.0478928089142,0.0415279120207,0.0279431827366,0.0226660743356,0.0325887426734],"dmean2":[0.0968984216452,0.0809524655342,0.0698790550232,0.0475320257246,0.0377981849015,0.0505454540253],"dvar":[0.00219744932838,0.00140767975245,0.00104259664658,0.000482645846205,0.000344678352121,0.000940854602959],"dvar2":[0.00573865696788,0.0039591146633,0.00294934329577,0.00136848387774,0.00090782972984,0.00218382733874],"max":[-0.42332559824,-0.545348465443,-0.494256407022,-0.618349850178,-0.632329046726,-0.446205765009],"mean":[-0.7287530303,-0.802285730839,-0.795898020267,-0.808473050594,-0.796059250832,-0.683107793331],"median":[-0.737158060074,-0.808927893639,-0.801155388355,-0.810217261314,-0.797256112099,-0.685715019703],"min":[-0.960164427757,-0.976438999176,-0.984087765217,-0.983411371708,-0.981192350388,-0.980731248856],"var":[0.00513519765809,0.00307502341457,0.00278900051489,0.000993755878881,0.000843015499413,0.00299649359658]},"spectral_contrast_valleys":{"dmean":[0.407325983047,0.39583081007,0.318985462189,0.253368169069,0.289994418621,0.370537817478],"dmean2":[0.667246639729,0.640211105347,0.511744558811,0.397557526827,0.4245621562,0.547942459583],"dvar":[0.108636811376,0.106356658041,0.0795346498489,0.0642266273499,0.0922018736601,0.134030401707],"dvar2":[0.274126619101,0.261146843433,0.177254408598,0.121245726943,0.177772730589,0.306878358126],"max":[-5.24577713013,-5.00746488571,-4.98610305786,-5.14444971085,-5.15324926376,-9.03074264526],"mean":[-6.85383892059,-6.86578130722,-6.57099580765,-6.39895915985,-6.79901218414,-10.5006160736],"median":[-6.75244379044,-6.81114959717,-6.4651556015,-6.23086833954,-6.71574115753,-10.3777608871],"min":[-20.1541233063,-21.16954422,-21.759344101,-22.3675270081,-23.0758304596,-23.8536262512],"var":[0.586477696896,0.675212323666,0.610001266003,0.590347111225,0.565122306347,0.566613972187]},"spectral_decrease":{"dmean":4.49790471535e-9,"dmean2":7.20715132019e-9,"dvar":2.9747290873e-17,"dvar2":7.31054747662e-17,"max":6.09566583876e-8,"mean":-6.65424382262e-9,"median":-5.47371836745e-9,"min":-7.83822784456e-8,"var":5.28784570259e-17},"spectral_energy":{"dmean":0.0177997425199,"dmean2":0.0280088,"dvar":0.000455482339021,"dvar2":0.00106771569699,"max":0.312066406012,"mean":0.050039280206,"median":0.0423374548554,"min":1.10216202457e-20,"var":0.0011760846246},"spectral_energyband_high":{"dmean":0.000850141455885,"dmean2":0.00119324936531,"dvar":0.00000218450281864,"dvar2":0.00000408384858019,"max":0.0288412831724,"mean":0.0022628614679,"median":0.0017358813202,"min":8.1627273368e-21,"var":0.00000547456465938},"spectral_energyband_low":{"dmean":0.0138550968841,"dmean2":0.0228314958513,"dvar":0.000337614997989,"dvar2":0.000846458773594,"max":0.292562186718,"mean":0.0207339506596,"median":0.0139201618731,"min":2.0530543665e-23,"var":0.00058094994165},"spectral_energyband_middle_high":{"dmean":0.00387814547867,"dmean2":0.00612102402374,"dvar":0.0000208486362681,"dvar2":0.0000492177787237,"max":0.101843565702,"mean":0.0120941055939,"median":0.0107732303441,"min":1.62401716658e-21,"var":0.0000590078670939},"spectral_energyband_middle_low":{"dmean":0.00201318482868,"dmean2":0.00328008178622,"dvar":0.00000602413410888,"dvar2":0.0000155097386596,"max":0.0397152379155,"mean":0.00409709475935,"median":0.00283434940502,"min":1.54644151917e-22,"var":0.0000131430242618},"spectral_entropy":{"dmean":0.092211060226,"dmean2":0.134471103549,"dvar":0.00765521731228,"dvar2":0.0157197229564,"max":8.62448883057,"mean":7.88793706894,"median":7.91411495209,"min":6.41216850281,"var":0.0346995405853},"spectral_flux":{"dmean":0.0301495436579,"dmean2":0.0486783459783,"dvar":0.00095766846789,"dvar2":0.00227259891108,"max":0.410037696362,"mean":0.135602846742,"median":0.130682677031,"min":0.000112987130706,"var":0.00207268958911},"spectral_kurtosis":{"dmean":2.80000829697,"dmean2":4.08316087723,"dvar":8.2032585144,"dvar2":16.7006931305,"max":73.0143203735,"mean":16.5016555786,"median":15.8570280075,"min":1.77596998215,"var":31.5537872314},"spectral_rms":{"dmean":0.00117749208584,"dmean2":0.00182581238914,"dvar":0.00000137877430006,"dvar2":0.00000324570987686,"max":0.0174486394972,"mean":0.00664960499853,"median":0.00642688386142,"min":3.27914626876e-12,"var":0.00000460182673123},"spectral_rolloff":{"dmean":4586.79199219,"dmean2":8608.58300781,"dvar":47974328,"dvar2":114994448,"max":22028.4667969,"mean":15690.8173828,"median":20327.34375,"min":43.06640625,"var":65428836},"spectral_skewness":{"dmean":0.267954200506,"dmean2":0.389352172613,"dvar":0.0658970475197,"dvar2":0.129941776395,"max":6.54243326187,"mean":2.62802886963,"median":2.60247564316,"min":0.826354146004,"var":0.275672525167},"spectral_spread":{"dmean":389707.46875,"dmean2":587204.9375,"dvar":185485459456,"dvar2":362322427904,"max":30919922,"mean":4002307,"median":3931746.5,"min":1691795.75,"var":604322725888},"spectral_strongpeak":{"dmean":9.53187274933,"dmean2":17.0906772614,"dvar":683.84185791,"dvar2":1606.35021973,"max":421.591003418,"mean":8.91497898102,"median":0.215947657824,"min":0,"var":1178.53833008},"zerocrossingrate":{"dmean":0.0448824502528,"dmean2":0.0579853057861,"dvar":0.0016128794523,"dvar2":0.00251773465425,"max":0.92919921875,"mean":0.309604972601,"median":0.30419921875,"min":0.04443359375,"var":0.00880123022944}},"metadata":{"audio_properties":{"analysis_sample_rate":44100,"bit_rate":250682,"codec":"mp3","downmix":"mix","equal_loudness":0,"length":276.663909912,"lossless":false,"md5_encoded":"1d6cff877e4b109138f53a26bd13e352","replay_gain":0.72243309021,"sample_rate":44100},"tags":{"album":["Vulgar Display of Power"],"artist":["Pantera"],"date":["1992-02-25"],"file_name":"06 - Pantera - Rise.mp3","musicbrainz_albumid":["bf90a62e-6603-4d97-9c52-d08ae72e8b8e"],"musicbrainz_artistid":["541f16f5-ad7a-428e-af89-9fa1b16d3c9c"],"musicbrainz_recordingid":["36f365d7-f448-45b7-9d56-0f5282d534ea"],"title":["Rise"],"tracknumber":["06/11"]},"version":{"essentia":"2.1-beta1","essentia_build_sha":"ca57ba49d9b1854bd80e60cf9ccf267278fb7d6b","essentia_git_sha":"v2.1_beta1-28-g21ef5f4-dirty","extractor":"music 1.0"}},"rhythm":{"beats_count":704,"beats_loudness":{"dmean":0.0229322016239,"dmean2":0.0407620631158,"dvar":0.000695784285199,"dvar2":0.00205242470838,"max":0.271681278944,"mean":0.0515834316611,"median":0.0483922064304,"min":1.09500859935e-7,"var":0.000641097838525},"beats_loudness_band_ratio":{"dmean":[0.180324032903,0.0300623644143,0.0389286801219,0.0719816014171,0.0698288530111,0.122204035521],"dmean2":[0.313840091228,0.0535149201751,0.068867020309,0.125667005777,0.124293625355,0.214587047696],"dvar":[0.0197487995028,0.00215398636647,0.00289248814806,0.00423019006848,0.00306153506972,0.0136859212071],"dvar2":[0.0539466440678,0.00617887172848,0.0078788343817,0.0131629407406,0.00959639437497,0.0396219417453],"max":[0.879055500031,0.648896336555,0.493766874075,0.600946128368,0.428419232368,0.834494531155],"mean":[0.401743799448,0.0345799028873,0.039780434221,0.123186826706,0.135390639305,0.267465054989],"median":[0.398164629936,0.0230300799012,0.0206374991685,0.102317616343,0.127485603094,0.24290060997],"min":[0.0150991315022,0.000445029087132,0.00039516625111,0.00265525304712,0.00355231342837,0.0357186570764],"var":[0.0276573225856,0.00197424204089,0.00257506011985,0.00702815921977,0.00403657974675,0.0158980600536]},"beats_position":[0.348299324512,0.708208620548,1.0565079