{"lowlevel":{"average_loudness":0.894707918167,"barkbands":{"dmean":[0.0112766837701,0.0183364264667,0.00464729825035,0.0012345854193,0.0019033284625,0.00126223161351,0.00071191159077,0.000683129183017,0.000776197819505,0.000957879237831,0.000836759223603,0.00176433904562,0.000628145702649,0.000343925465131,0.000247732008575,0.000115111077321,0.0000968237800407,0.0000714734487701,0.0000522176705999,0.0000409801323258,0.0000406160652346,0.0000411667788285,0.0000273353234661,0.00000893329251994,0.000005456949566,0.0000151182730406,0.000145206664456],"dmean2":[0.0186619292945,0.0306552574039,0.00805280916393,0.00204216386192,0.00314079830423,0.00205375510268,0.0011689075036,0.00111097551417,0.00127848552074,0.00155964959413,0.00136397348251,0.00280126323923,0.00102374784183,0.00055197236361,0.000405758444685,0.000187753816135,0.000155471847393,0.000113711954327,0.0000798620094429,0.0000618079211563,0.0000597851612838,0.0000612659641774,0.0000407348306908,0.0000142466569741,0.00000887226360646,0.0000225752155529,0.000222308881348],"dvar":[0.000769433740061,0.00177614868153,0.0000787273966125,0.00000361711363439,0.0000133406210807,0.0000196740493266,0.00000347257878275,0.00000541286271982,0.000005756668088,0.00000411187238569,0.00000325844757754,0.0000202587179956,0.00000178577795396,6.24493907253e-7,2.21144375701e-7,4.26927648789e-8,4.28680237974e-8,2.42006947815e-8,1.98054070921e-8,1.69915388426e-8,1.8521507883e-8,1.22735190899e-8,4.43155556695e-9,3.55758894566e-10,1.20890353283e-10,9.56329349044e-10,5.27665591221e-8],"dvar2":[0.00196577585302,0.00449256598949,0.000223024253501,0.00000970811652223,0.0000347385066561,0.0000505826101289,0.00000883155553311,0.0000138136383612,0.0000148573772094,0.0000103801639852,0.00000838263895275,0.0000469505539513,0.0000044448497647,0.00000143297347677,5.32443323209e-7,1.07329881871e-7,1.03742699764e-7,5.51461596388e-8,4.31263948997e-8,4.08847284916e-8,4.15257233044e-8,2.83466174977e-8,9.50676692923e-9,8.67928118264e-10,2.88826795813e-10,2.04310746099e-9,1.24407577573e-7],"max":[0.313530623913,0.667132079601,0.143710643053,0.0262626819313,0.101912051439,0.182902649045,0.0493987165391,0.0795330181718,0.11508025229,0.0482720211148,0.0424235202372,0.134414359927,0.026714367792,0.0396843105555,0.0117233870551,0.0073588420637,0.00725805852562,0.00414990866557,0.0038967425935,0.00512213865295,0.00657559325919,0.00431782053784,0.00152075430378,0.000477797118947,0.000223715571337,0.000573034514673,0.00702552031726],"mean":[0.0115221496671,0.018576586619,0.00627130689099,0.00191031908616,0.0029474941548,0.00187265733257,0.00100278761238,0.00094746547984,0.00125821027905,0.00148466182873,0.00133006984834,0.00297581707127,0.0010411075782,0.000594660406932,0.00044727086788,0.000206383730983,0.000161595249665,0.000115347560495,0.0000913146650419,0.0000708460720489,0.0000759201066103,0.0000745204015402,0.0000470296217827,0.0000112739771794,0.00000557053863304,0.0000247715470323,0.000511161924805],"median":[0.00279243988916,0.00640232115984,0.00360144022852,0.00110595277511,0.00178367039189,0.000885181361809,0.000416156923166,0.000331563409418,0.000544893671758,0.000711926724762,0.000527747732121,0.00113790144678,0.000433418201283,0.000277636456303,0.000214962667087,0.000117472358397,0.0000660367659293,0.0000475504857604,0.0000319546743413,0.0000258535874309,0.0000321189872921,0.0000250083685387,0.0000128123556351,0.00000390713012166,0.00000191580602404,0.00000937535514822,0.000294846016914],"min":[9.74296663274e-25,1.51895277741e-23,8.45463647323e-25,4.65995716717e-24,1.34556020381e-23,6.97475865858e-24,1.23646413272e-23,2.08012744168e-23,1.07404272104e-23,3.80853872442e-23,4.516471336e-23,3.40947734275e-23,5.41542787797e-23,5.34014845951e-23,7.70196329986e-23,1.06638255033e-22,5.84889306144e-23,1.71620754142e-22,1.97053099612e-22,2.04902492811e-22,2.90209027577e-22,3.64913069829e-22,3.96950945244e-22,7.60135665006e-22,8.97468851271e-22,1.6298073299e-21,2.11654819042e-21],"var":[0.000729015737306,0.00156927725766,0.0000800036432338,0.00000636068580206,0.000017062513507,0.0000199594251171,0.00000515925012223,0.00000717548300599,0.00000850819105835,0.00000648672539683,0.00000575485864829,0.0000423999736086,0.00000351910807694,0.00000151127267145,4.81689312437e-7,7.869783758e-8,7.27425799596e-8,3.89113985477e-8,3.37139240969e-8,2.30649028765e-8,2.91730195556e-8,2.34960690904e-8,9.61894297546e-9,4.43609760037e-10,1.24386098643e-10,1.89660398497e-9,3.87731489582e-7]},"barkbands_crest":{"dmean":2.93082594872,"dmean2":4.84656667709,"dvar":6.66909408569,"dvar2":17.2230587006,"max":26.8881912231,"mean":10.1516542435,"median":9.46351909637,"min":2.71815919876,"var":16.9445972443},"barkbands_flatness_db":{"dmean":0.0337613895535,"dmean2":0.0542011447251,"dvar":0.00108969549183,"dvar2":0.00275836023502,"max":0.524208247662,"mean":0.158794134855,"median":0.145772755146,"min":0.0297279879451,"var":0.0038790749386},"barkbands_kurtosis":{"dmean":11.478433609,"dmean2":19.2159023285,"dvar":2679.77954102,"dvar2":6877.48046875,"max":2887.14453125,"mean":16.0148124695,"median":4.8910074234,"min":-1.86345875263,"var":2918.34814453},"barkbands_skewness":{"dmean":1.00951659679,"dmean2":1.60523188114,"dvar":2.02234768867,"dvar2":4.88502120972,"max":50.9211769104,"mean":2.50106930733,"median":1.98419356346,"min":-2.75604224205,"var":5.20212936401},"barkbands_spread":{"dmean":6.40867853165,"dmean2":10.3780241013,"dvar":72.3854827881,"dvar2":176.884613037,"max":128.520935059,"mean":20.768491745,"median":18.9701919556,"min":0.155472800136,"var":227.465454102},"dissonance":{"dmean":0.0205996241421,"dmean2":0.0348880067468,"dvar":0.00049938558368,"dvar2":0.00135071133263,"max":0.500000119209,"mean":0.468838095665,"median":0.476866900921,"min":0.165516883135,"var":0.000789993209764},"dynamic_complexity":3.9395403862,"erbbands":{"dmean":[0.942538499832,2.74705934525,6.02304649353,3.68623542786,5.91254281998,6.06742429733,8.57741451263,10.6954975128,11.3666572571,10.2557868958,16.8929805756,17.7165489197,18.6167869568,36.9064598083,41.0073852539,67.2018585205,30.6153144836,14.9499826431,16.1361942291,8.52635192871,6.00470590591,5.00406169891,4.15777015686,2.83628726006,2.5279443264,1.87560617924,1.69115722179,1.54879951477,1.52404606342,1.23305630684,0.712116777897,0.279069006443,0.113773271441,0.0670518651605,0.0350437089801,0.0315118394792,0.030367936939,0.0266906302422,0.00797933805734,0.00391032034531],"dmean2":[1.59515154362,4.66160345078,10.5438537598,5.92116355896,9.89142036438,10.0500383377,13.9482069016,17.4510631561,18.745306015,16.8053646088,27.4245204926,28.9544811249,30.6907711029,59.7881240845,65.7216415405,105.828681946,49.2635536194,23.9369163513,26.1339378357,13.7579460144,9.71200275421,7.97618436813,6.62339687347,4.33494281769,3.86587071419,2.82097649574,2.52507328987,2.27532744408,2.26830673218,1.8703340292,1.05241239071,0.431210547686,0.184494510293,0.108652956784,0.0571396350861,0.0502364076674,0.0453309714794,0.0382623672485,0.0111516686156,0.00596005795524],"dvar":[7.3011264801,25.9667472839,127.030563354,36.52759552,88.3626022339,186.572891235,1021.27423096,1047.85192871,794.917785645,923.44140625,3015.87402344,2984.25561523,2093.41821289,5844.66357422,7240.17431641,31421.6542969,4075.98388672,971.95715332,1108.10046387,239.482803345,127.506774902,100.514968872,73.3642349243,56.7824287415,55.4992599487,39.3576850891,26.5449771881,26.6850719452,18.5783843994,10.2634830475,2.81047558784,0.366888284683,0.0627897381783,0.0205999948084,0.00468923803419,0.00541557371616,0.00403745565563,0.00366008118726,0.00026761481422,0.0000272857578238],"dvar2":[18.7945404053,67.3623123169,359.858825684,93.6671295166,236.991546631,483.307403564,2687.22631836,2619.83129883,1984.82165527,2306.75830078,7589.0859375,7630.57568359,5505.17480469,14945.5302734,18037.1914062,69905.2109375,9965.37597656,2378.07373047,2574.36230469,574.879394531,322.06149292,237.273040771,172.302352905,126.290527344,125.380142212,94.6438903809,58.5618057251,61.3344078064,43.4710578918,23.3365898132,5.9343495369,0.839849710464,0.15103957057,0.0497624129057,0.0112431803718,0.0127361174673,0.00873765908182,0.00761182280257,0.000543536385521,0.0000619779966655],"max":[29.2103061676,108.297607422,167.038970947,103.630523682,206.506912231,374.012542725,1117.05749512,1160.8963623,908.081787109,880.873657227,1844.8885498,2798.88549805,1161.94677734,1609.00683594,1938.73046875,5687.765625,1164.58312988,1065.86437988,1087.45617676,554.436218262,413.117828369,257.296264648,199.968597412,233.935943604,245.841690063,315.140686035,216.662796021,255.131484985,192.483642578,84.1237564087,39.1665420532,12.7565107346,5.49073791504,2.90632390976,1.61830914021,2.37434625626,1.213357687,1.80472934246,0.637779414654,0.172201380134],"mean":[0.822983145714,3.11526370049,7.87163162231,6.36751174927,8.77126026154,8.82447052002,11.7416248322,15.400727272,16.2889518738,14.6226387024,25.599691391,29.4491882324,29.8557052612,60.9908943176,75.2326202393,114.898681641,54.9885635376,29.1179161072,29.997882843,16.9111652374,11.2777471542,8.95699882507,6.9385881424,4.86681175232,4.34382629395,3.2742202282,3.1419095993,2.82008576393,2.74402713776,2.15170860291,1.21632707119,0.417154222727,0.121547654271,0.0686483085155,0.0360561609268,0.0341041646898,0.0495311878622,0.056394122541,0.0258586630225,0.0192897617817],"median":[0.162685871124,1.42555844784,4.52250385284,4.12723779678,5.43611526489,4.77101802826,5.17403364182,7.2532491684,7.17148780823,5.33376598358,9.73320770264,12.824344635,15.2619056702,29.2064266205,34.951385498,45.9143371582,24.3019866943,14.9714298248,15.020989418,9.55810546875,6.27345848083,3.98830533028,3.01835203171,1.72286915779,1.64173269272,1.24313926697,1.3246307373,1.17831265926,0.932666897774,0.646500229836,0.329591274261,0.130615919828,0.0426765680313,0.0231447517872,0.0131987351924,0.0126651143655,0.0185443162918,0.0258573126048,0.0136174326763,0.0147062838078],"min":[2.89025710976e-22,2.15238716371e-21,3.2691316797e-21,1.31142587563e-20,2.2692320394e-20,6.14093393763e-20,1.02042990768e-19,4.63484742226e-20,1.88139296419e-19,1.71937800899e-19,6.44119235743e-19,3.2739289072e-19,9.88658882628e-19,1.44605646735e-18,2.08002630037e-18,1.81630561146e-18,2.61253043715e-18,3.21914520052e-18,3.71074215408e-18,4.49964415661e-18,6.34972045055e-18,4.11330779715e-18,1.00366224322e-17,6.69737494942e-18,1.15671596827e-17,8.94498142446e-18,1.03880749309e-17,9.47998116514e-18,1.17144292646e-17,1.35380490138e-17,1.20880080174e-17,1.32959646814e-17,1.14835383402e-17,9.8243811219e-18,6.90198179625e-18,4.3879156305e-18,2.6695426201e-18,1.09617550845e-18,2.86131027965e-19,2.84108816937e-20],"var":[5.80071353912,26.2055912018,127.069747925,62.7764816284,125.229476929,216.226470947,939.217468262,1196.85192871,1167.12304688,1394.00268555,4542.15087891,4457.91455078,2882.86157227,9965.1796875,14847.0546875,64154.15625,8577.35839844,2280.42773438,2500.75415039,548.565246582,234.434616089,196.436523438,121.909309387,93.271156311,83.7293319702,51.3426818848,44.4247093201,40.8090324402,33.3198509216,20.9172935486,6.19245433807,0.631185233593,0.064160220325,0.0205695908517,0.00484153814614,0.00553732644767,0.00778232654557,0.00921082496643,0.00120745529421,0.000318811653415]},"erbbands_crest":{"dmean":2.88827443123,"dmean2":4.72966432571,"dvar":7.75178432465,"dvar2":19.1508350372,"max":32.0421714783,"mean":9.43157577515,"median":8.32729911804,"min":1.97327291965,"var":20.9700145721},"erbbands_flatness_db":{"dmean":0.0254637263715,"dmean2":0.038370847702,"dvar":0.00059293146478,"dvar2":0.00128556170966,"max":0.377083450556,"mean":0.147333741188,"median":0.143392473459,"min":0.0198234673589,"var":0.00249815615825},"erbbands_kurtosis":{"dmean":1.84763455391,"dmean2":2.96383619308,"dvar":22.9134273529,"dvar2":55.0510559082,"max":183.312469482,"mean":2.26611995697,"median":1.04802203178,"min":-1.79671752453,"var":32.4999923706},"erbbands_skewness":{"dmean":0.425138145685,"dmean2":0.657160997391,"dvar":0.222373068333,"dvar2":0.505044996738,"max":9.66023254395,"mean":0.107766620815,"median":0.0609021149576,"min":-4.85102272034,"var":0.901071369648},"erbbands_spread":{"dmean":8.01099586487,"dmean2":12.3946208954,"dvar":106.442367554,"dvar2":240.834320068,"max":160.042144775,"mean":28.0424365997,"median":23.2731151581,"min":1.04303729534,"var":359.920959473},"gfcc":{"cov":[[18381.9355469,1621.76342773,-1427.98925781,-902.750793457,-84.3921813965,-47.4598007202,450.116668701,-452.622314453,255.921554565,-84.6515884399,126.248970032,168.616333008,-138.835449219],[1621.76342773,1374.44995117,-12.0759449005,-527.104858398,97.9186630249,-39.7320289612,37.989440918,-103.145256042,27.4193077087,-93.0601425171,69.1799697876,-81.0332565308,79.4225997925],[-1427.98925781,-12.0759449005,808.358459473,287.860992432,-59.5610618591,145.665390015,-124.685791016,149.664962769,-69.3843002319,36.6378250122,-26.4877376556,-86.3594512939,12.5553674698],[-902.750793457,-527.104858398,287.860992432,535.056762695,42.5764160156,1.93734622002,4.92358446121,66.1365661621,0.674246072769,32.0823745728,-40.4371986389,17.2055492401,-60.7369995117],[-84.3921813965,97.9186630249,-59.5610618591,42.5764160156,270.408050537,19.7781276703,64.209526062,-11.3303070068,24.5280456543,-30.4523487091,27.6170921326,-16.1191825867,23.0540084839],[-47.4598007202,-39.7320289612,145.665390015,1.93734622002,19.7781276703,248.898406982,-15.2987909317,71.8715820312,-33.0398254395,17.759475708,4.27295255661,4.72098588943,13.6234283447],[450.116668701,37.989440918,-124.685791016,4.92358446121,64.209526062,-15.2987909317,216.316162109,-49.2207946777,64.3638153076,-19.0441589355,6.14650011063,20.2468471527,-26.9877662659],[-452.622314453,-103.145256042,149.664962769,66.1365661621,-11.3303070068,71.8715820312,-49.2207946777,195.918045044,-4.35454416275,43.6847686768,4.62673711777,-22.5655059814,34.6370391846],[255.921554565,27.4193077087,-69.3843002319,0.674246072769,24.5280456543,-33.0398254395,64.3638153076,-4.35454416275,109.98526001,24.9811325073,4.05515241623,15.8034696579,-19.4564170837],[-84.6515884399,-93.0601425171,36.6378250122,32.0823745728,-30.4523487091,17.759475708,-19.0441589355,43.6847686768,24.9811325073,85.8846359253,30.5350513458,3.08570480347,2.17735171318],[126.248970032,69.1799697876,-26.4877376556,-40.4371986389,27.6170921326,4.27295255661,6.14650011063,4.62673711777,4.05515241623,30.5350513458,67.9824295044,17.7056369781,14.8781766891],[168.616333008,-81.0332565308,-86.3594512939,17.2055492401,-16.1191825867,4.72098588943,20.2468471527,-22.5655059814,15.8034696579,3.08570480347,17.7056369781,84.7066040039,0.449311465025],[-138.835449219,79.4225997925,12.5553674698,-60.7369995117,23.0540084839,13.6234283447,-26.9877662659,34.6370391846,-19.4564170837,2.17735171318,14.8781766891,0.449311465025,77.7527694702]],"icov":[[0.0000849355637911,-0.000189788130228,0.000250609911745,-0.00019074769807,0.000205592252314,-0.000198159905267,-0.000039189344534,0.0000402882396884,-0.0000480773960589,-0.0000412507724832,-0.0000603861699346,0.0000364522384189,0.0000987340608845],[-0.000189788130228,0.00261703180149,-0.00197359430604,0.00292817689478,-0.00118302903138,0.00109389133286,-0.000111466280941,0.000596269732341,-0.00153024820611,0.00260594137944,-0.00211367057636,0.000809449004009,-0.000607392634265],[0.000250609911745,-0.00197359430604,0.00477284844965,-0.00487912725657,0.00332575151697,-0.00325710349716,0.00103090598714,-0.0000635061951471,-0.000447238504421,0.000641815480776,-0.00172402162571,0.00445211492479,-0.00197360874154],[-0.00019074769807,0.00292817689478,-0.00487912725657,0.00899320561439,-0.0054728910327,0.00422869157046,-0.00129255722277,-0.00151100778021,0.00207317504101,-0.00276859570295,0.00458153756335,-0.00626276619732,0.00534339528531],[0.000205592252314,-0.00118302903138,0.00332575151697,-0.0054728910327,0.00917322468013,-0.00405613146722,-0.0000311477233481,0.00162163877394,-0.00465298024938,0.00698982411996,-0.00833214726299,0.007758224383,-0.00578962219879],[-0.000198159905267,0.00109389133286,-0.00325710349716,0.00422869157046,-0.00405613146722,0.00770421978086,-0.00132029887754,-0.00264353584498,0.00411416776478,-0.00374432234094,0.00420461408794,-0.00585606601089,0.00329376407899],[-0.000039189344534,-0.000111466280941,0.00103090598714,-0.00129255722277,-0.0000311477233481,-0.00132029887754,0.00714412750676,0.00106978288386,-0.00451740669087,0.00329958950169,-0.00239054718986,0.00115045451093,0.000339419260854],[0.0000402882396884,0.000596269732341,-0.0000635061951471,-0.00151100778021,0.00162163877394,-0.00264353584498,0.00106978288386,0.00893145240843,-0.00323597900569,-0.0000988761894405,-0.00248341518454,0.00446850806475,-0.00568988360465],[-0.0000480773960589,-0.00153024820611,-0.000447238504421,0.00207317504101,-0.00465298024938,0.00411416776478,-0.00451740669087,-0.00323597900569,0.0191561188549,-0.0133209777996,0.0104983504862,-0.00846195500344,0.0069078640081],[-0.0000412507724832,0.00260594137944,0.000641815480776,-0.00276859570295,0.00698982411996,-0.00374432234094,0.00329958950169,-0.0000988761894405,-0.0133209777996,0.0304163061082,-0.0212505664676,0.01036332082,-0.00540770357475],[-0.0000603861699346,-0.00211367057636,-0.00172402162571,0.00458153756335,-0.00833214726299,0.00420461408794,-0.00239054718986,-0.00248341518454,0.0104983504862,-0.0212505664676,0.0343056172132,-0.0148800658062,0.00466254446656],[0.0000364522384189,0.000809449004009,0.00445211492479,-0.00626276619732,0.007758224383,-0.00585606601089,0.00115045451093,0.00446850806475,-0.00846195500344,0.01036332082,-0.0148800658062,0.0253953821957,-0.0089455274865],[0.0000987340608845,-0.000607392634265,-0.00197360874154,0.00534339528531,-0.00578962219879,0.00329376407899,0.000339419260854,-0.00568988360465,0.0069078640081,-0.00540770357475,0.00466254446656,-0.0089455274865,0.0229823086411]],"mean":[-18.5966968536,96.3617401123,-79.9317092896,-4.57921791077,-13.7772464752,2.11224865913,3.34764385223,-20.6817455292,-4.44445466995,-9.83212280273,-7.50901842117,1.23755264282,-8.59935569763]},"hfc":{"dmean":54.7702026367,"dmean2":89.1816101074,"dvar":5385.18017578,"dvar2":14902.5146484,"max":1833.48571777,"mean":201.389022827,"median":184.928237915,"min":1.11541004264e-16,"var":21889.65625},"melbands":{"dmean":[0.00689899083227,0.00319803296588,0.000645902415272,0.000443237629952,0.000283128436422,0.000243049391429,0.000163945151144,0.000114608403237,0.000148105726112,0.000106252700789,0.0000960743636824,0.00015411178174,0.000122954457765,0.000216403816012,0.000115967435704,0.00004846070442,0.0000300057836284,0.0000295005920634,0.0000159506962518,0.00000928931876842,0.0000075682582974,0.0000060110078266,0.00000427700024375,0.00000329066460836,0.00000237515519075,0.00000200335762202,0.00000174620458893,0.00000120721722396,0.00000110977259737,0.00000102616274944,9.56927692641e-7,8.70926953667e-7,8.88402269084e-7,6.51441212085e-7,4.67294228201e-7,2.86487278345e-7,1.28290835733e-7,8.2121516698e-8,6.68258479664e-8,5.43467777447e-8],"dmean2":[0.0115325329825,0.00553499022499,0.00104513857514,0.000733552442398,0.000460517010652,0.000395097449655,0.000269493961241,0.0001881224307,0.000240392357227,0.000175401102751,0.000158846043632,0.000250210112426,0.000198737077881,0.000343782739947,0.000185597833479,0.0000794117513578,0.0000482514988107,0.000047846682719,0.000026058880394,0.0000152553129737,0.0000123369782159,0.00000965056915447,0.00000692829735272,0.0000052465884437,0.00000368787209482,0.00000308783546643,0.00000269313272838,0.00000186253771517,0.00000169604390976,0.00000155641146193,0.00000144309058214,0.0000013170127886,0.00000137746792461,0.00000100002648651,7.00948135091e-7,4.32435683706e-7,2.05887104698e-7,1.34511097372e-7,1.09026174755e-7,8.86691537971e-8],"dvar":[0.000329900212819,0.0000325014989357,9.85785050034e-7,6.89819842137e-7,8.92852199286e-7,5.55542555958e-7,1.63909817275e-7,1.29014694039e-7,2.11727808619e-7,1.20770479839e-7,5.42518350244e-8,1.0284588825e-7,6.29974081789e-8,3.74654661073e-7,6.81257361634e-8,1.11903135647e-8,4.12241929482e-9,4.33530722432e-9,8.8086793415e-10,2.67821320676e-10,2.35301639284e-10,1.6222609367e-10,7.22095785943e-11,5.88994270023e-11,4.08035306931e-11,3.05588818139e-11,3.69739204531e-11,1.46800280265e-11,9.81040249037e-12,1.07241160396e-11,9.95395953163e-12,6.14231842472e-12,5.96462809699e-12,2.90600139438e-12,1.27584715796e-12,4.29044739189e-13,8.13940657495e-14,3.31340349309e-14,2.43524106859e-14,1.34499701009e-14],"dvar2":[0.000838368257973,0.0000891962699825,0.00000251693336395,0.00000181993289061,0.00000232809406953,0.00000139897360896,4.10254159533e-7,3.21797330116e-7,5.21167748957e-7,3.18587069614e-7,1.42022201999e-7,2.61979636207e-7,1.59413445999e-7,8.75364378317e-7,1.54311621259e-7,2.72231233112e-8,9.90961002145e-9,9.85025039313e-9,2.14741646687e-9,6.73460620604e-10,6.06483085974e-10,3.83590548214e-10,1.79501066788e-10,1.34967162446e-10,9.35812954905e-11,6.79264214321e-11,9.12070280412e-11,3.58360528752e-11,2.18110390859e-11,2.43344094875e-11,2.36632068107e-11,1.43197615224e-11,1.4497998288e-11,6.70659274643e-12,2.78267599935e-12,9.31640506928e-13,2.0317753556e-13,8.03049033521e-14,5.89073264451e-14,3.29392309056e-14],"max":[0.225305855274,0.0828860551119,0.0171049702913,0.0224904175848,0.0318693183362,0.0285271704197,0.0116565246135,0.0100351665169,0.0153946112841,0.0202289298177,0.00554253812879,0.00620569987223,0.0048426957801,0.0190219599754,0.00792909227312,0.00237739877775,0.0026936752256,0.00272628245875,0.000753192929551,0.000476669811178,0.000544880749658,0.000402221310651,0.000277126731817,0.000212633021874,0.000209292484215,0.000126211059978,0.000271156633971,0.000199748363229,0.000126853017719,0.000154137655045,0.000153018176206,0.000105456529127,0.000084299579612,0.0000376605748897,0.0000278999650618,0.0000149766456161,0.00000694518803357,0.00000350019195139,0.00000401104034609,0.00000220680863094],"mean":[0.00679545430467,0.00417221011594,0.00121171365026,0.000667453452479,0.000400592223741,0.000358912919182,0.000238360618823,0.000160112860613,0.000228198128752,0.000173559572431,0.000146846839925,0.000245328294113,0.000212818777072,0.000356604461558,0.000196023713215,0.0000812634898466,0.0000523237904417,0.0000514344901603,0.0000292315871775,0.0000166997069755,0.0000127016346596,0.00000998644100036,0.00000680966149957,0.00000520509547641,0.00000381202562494,0.00000335574372912,0.00000273341129287,0.00000202959427043,0.00000195141524273,0.00000180496135727,0.00000158599686984,0.00000150562891577,0.00000149635877733,0.00000108229869511,7.68051222622e-7,4.5323540121e-7,1.62986623309e-7,8.15517893216e-8,6.64544472784e-8,5.4423729523e-8],"median":[0.00208625430241,0.00242621311918,0.000853115227073,0.000401510886149,0.000182485513506,0.000171675463207,0.000106354666059,0.0000549007309019,0.0000863042077981,0.0000769647813286,0.0000717647635611,0.00011452101171,0.0000942098340602,0.000133586174343,0.0000797662796685,0.0000368479522876,0.000024823952117,0.0000250870871241,0.0000144984478538,0.00000946558066062,0.00000633843956166,0.00000404799993703,0.00000295002246276,0.00000212269537769,0.00000115718080451,0.00000124944972413,9.63513684837e-7,7.42472593629e-7,7.74936097514e-7,7.70018402818e-7,6.1748016833e-7,5.11418988935e-7,4.63335084078e-7,3.06574634124e-7,1.97834282289e-7,1.30896239625e-7,5.19856513392e-8,2.45727562742e-8,2.12188524529e-8,1.75058687546e-8],"min":[3.68599833358e-24,3.13685391644e-24,3.75669565347e-24,1.99828544991e-24,3.49702039284e-24,1.10111078695e-24,2.98148105584e-24,2.19130866936e-24,5.17679240543e-24,1.2184991075e-24,5.32722147474e-24,5.98197760379e-24,6.68433951633e-24,5.67088320607e-24,5.90965325828e-24,6.24427109377e-24,5.44274699886e-24,4.71811278196e-24,6.60954445846e-24,6.82795479957e-24,6.44037363176e-24,3.76505994565e-24,7.75623109257e-24,6.97625197228e-24,4.82070059281e-24,9.22581742784e-24,7.8916682548e-24,5.04098645072e-24,6.35267596493e-24,5.96750713378e-24,5.70323005306e-24,6.09319279193e-24,7.99462406926e-24,7.11298523298e-24,7.53952784646e-24,6.3740493623e-24,8.31196545649e-24,7.74924809583e-24,7.03350197475e-24,7.78097529258e-24],"var":[0.000279655534541,0.0000340706355928,0.00000184565192285,8.70188216595e-7,8.64742958129e-7,6.24461677035e-7,2.46264306725e-7,1.86848566841e-7,3.44899376614e-7,1.60679661576e-7,7.33210043791e-8,1.70957960677e-7,1.21851414292e-7,7.13661449936e-7,1.38399130378e-7,2.05383958729e-8,9.68199120877e-9,9.64550661564e-9,1.88011783919e-9,5.14206177638e-10,3.66482233449e-10,2.92957491599e-10,1.11067467723e-10,8.87648565762e-11,6.32871324791e-11,4.88447303437e-11,4.32049847288e-11,1.90552452289e-11,1.66399238138e-11,1.6335993322e-11,1.40926359124e-11,1.04784601135e-11,1.05190084074e-11,5.6158220435e-12,2.62719945625e-12,8.33956168012e-13,1.02203530741e-13,3.25680712325e-14,2.34377709569e-14,1.30886021287e-14]},"melbands_crest":{"dmean":4.93964672089,"dmean2":8.24591064453,"dvar":20.2218055725,"dvar2":48.0781021118,"max":39.5787239075,"mean":17.1085720062,"median":16.0320167542,"min":1.00049996376,"var":50.0534667969},"melbands_flatness_db":{"dmean":0.041651610285,"dmean2":0.0671488642693,"dvar":0.00148151675239,"dvar2":0.00376112805679,"max":0.696166038513,"mean":0.269538968801,"median":0.257779568434,"min":-1.12172443778e-7,"var":0.00600538169965},"melbands_kurtosis":{"dmean":19.7656593323,"dmean2":33.1967277527,"dvar":5867.41699219,"dvar2":15643.6435547,"max":3867.42919922,"mean":25.6364707947,"median":6.33202457428,"min":-1.80384731293,"var":6269.19873047},"melbands_skewness":{"dmean":1.30694913864,"dmean2":2.08768868446,"dvar":3.33076739311,"dvar2":8.26715755463,"max":51.6480522156,"mean":3.06041717529,"median":2.35222291946,"min":-2.57590770721,"var":8.24219608307},"melbands_spread":{"dmean":6.26254940033,"dmean2":10.097284317,"dvar":95.5142211914,"dvar2":210.521133423,"max":229.33430481,"mean":17.6727466583,"median":15.0710086823,"min":0.106955438852,"var":293.573974609},"mfcc":{"cov":[[13086.6982422,1984.26733398,-1444.83874512,-235.704910278,-807.879943848,437.521362305,-236.641174316,215.580505371,-224.797561646,53.2388687134,-14.237446785,41.1172065735,152.899642944],[1984.26733398,1887.60791016,-211.001083374,-355.389129639,-59.7684288025,7.27001905441,13.4186182022,-38.0901870728,-14.5232696533,-63.3967666626,-54.7952461243,-8.94440937042,29.5245704651],[-1444.83874512,-211.001083374,866.689697266,89.1789245605,180.978912354,-50.60679245,71.1858825684,-28.0695724487,49.2381286621,30.1121006012,16.9399375916,8.23038578033,-33.4266853333],[-235.704910278,-355.389129639,89.1789245605,445.452423096,36.1390991211,39.9187812805,-13.0502967834,38.2696800232,-1.22776436806,47.1883125305,24.1940574646,-15.0800790787,-14.8118982315],[-807.879943848,-59.7684288025,180.978912354,36.1390991211,297.718658447,-25.401922226,80.9016647339,-13.7712965012,51.4377174377,-15.1091928482,20.4935569763,9.1092042923,-16.6426544189],[437.521362305,7.27001905441,-50.60679245,39.9187812805,-25.401922226,209.297821045,14.5926799774,67.1573791504,-27.697593689,18.4948348999,-9.91345500946,8.06800842285,12.1663713455],[-236.641174316,13.4186182022,71.1858825684,-13.0502967834,80.9016647339,14.5926799774,145.063827515,21.9142932892,32.1484298706,1.92341184616,8.72189998627,-1.79523193836,4.29436063766],[215.580505371,-38.0901870728,-28.0695724487,38.2696800232,-13.7712965012,67.1573791504,21.9142932892,119.346450806,23.0619163513,18.183172226,-3.73012852669,10.5498771667,2.641299963],[-224.797561646,-14.5232696533,49.2381286621,-1.22776436806,51.4377174377,-27.697593689,32.1484298706,23.0619163513,92.8560028076,28.2216567993,18.0089874268,-3.57427406311,-4.46848487854],[53.2388687134,-63.3967666626,30.1121006012,47.1883125305,-15.1091928482,18.4948348999,1.92341184616,18.183172226,28.2216567993,90.4864273071,35.3189239502,4.67641067505,1.91420674324],[-14.237446785,-54.7952461243,16.9399375916,24.1940574646,20.4935569763,-9.91345500946,8.72189998627,-3.73012852669,18.0089874268,35.3189239502,70.3474578857,24.6888771057,3.83933258057],[41.1172065735,-8.94440937042,8.23038578033,-15.0800790787,9.1092042923,8.06800842285,-1.79523193836,10.5498771667,-3.57427406311,4.67641067505,24.6888771057,59.3148117065,23.43907547],[152.899642944,29.5245704651,-33.4266853333,-14.8118982315,-16.6426544189,12.1663713455,4.29436063766,2.641299963,-4.46848487854,1.91420674324,3.83933258057,23.43907547,55.544593811]],"icov":[[0.000136830683914,-0.000138319155667,0.000126385129988,-0.0000312632946589,0.000200646216399,-0.000139587427839,0.0000834101010696,-0.000193421525182,0.000166997095221,-0.0000730954270693,-0.000210825863178,0.0000378316326533,-0.00012740927923],[-0.000138319155667,0.000787133874837,-0.0000315894831147,0.000494987412822,-0.000181810377399,-8.2296776327e-7,-0.000158907772857,0.000373143499019,-0.000270271615591,0.000186466859304,0.00045377179049,0.000119010503113,-0.0000941650359891],[0.000126385129988,-0.0000315894831147,0.00159657292534,-0.000250198645517,-0.000453011074569,0.000100117926195,-0.000466929515824,0.000430067506386,-0.0000755686778575,-0.00087905023247,0.000678032403812,-0.000944574479945,0.000796913984232],[-0.0000312632946589,0.000494987412822,-0.000250198645517,0.00311599532142,-0.000766289129388,-0.0002266374795,0.000797751126811,-0.00121548993047,0.00115236826241,-0.00107621937059,-0.00105632876512,0.00203980668448,-0.000338482524967],[0.000200646216399,-0.000181810377399,-0.000453011074569,-0.000766289129388,0.00568606937304,-0.000637013465166,-0.0022480962798,0.00140575529076,-0.00277382694185,0.00249817292206,-0.00106561323628,-0.00195942563005,0.00160880410112],[-0.000139587427839,-8.2296776327e-7,0.000100117926195,-0.0002266374795,-0.000637013465166,0.00720767024904,-0.000944641942624,-0.00392878102139,0.0038062997628,-0.00230746855959,0.00137136690319,-0.0000204874286283,-0.000825675029773],[0.0000834101010696,-0.000158907772857,-0.000466929515824,0.000797751126811,-0.0022480962798,-0.000944641942624,0.00951324217021,-0.00219903420657,-0.00117048539687,0.00068912684219,-0.00202968833037,0.00308168726042,-0.00258906348608],[-0.000193421525182,0.000373143499019,0.000430067506386,-0.00121548993047,0.00140575529076,-0.00392878102139,-0.00219903420657,0.0138941593468,-0.00607886817306,-0.000322379957652,0.00411154702306,-0.00548164313659,0.00261089927517],[0.000166997095221,-0.000270271615591,-0.0000755686778575,0.00115236826241,-0.00277382694185,0.0038062997628,-0.00117048539687,-0.00607886817306,0.0181030519307,-0.00568920979276,-0.00257740938105,0.00422340584919,-0.00129112764262],[-0.0000730954270693,0.000186466859304,-0.00087905023247,-0.00107621937059,0.00249817292206,-0.00230746855959,0.00068912684219,-0.000322379957652,-0.00568920979276,0.0181369073689,-0.00880991388112,0.00218255375512,-0.000892698590178],[-0.000210825863178,0.00045377179049,0.000678032403812,-0.00105632876512,-0.00106561323628,0.00137136690319,-0.00202968833037,0.00411154702306,-0.00257740938105,-0.00880991388112,0.0248344000429,-0.0120551129803,0.00327400304377],[0.0000378316326533,0.000119010503113,-0.000944574479945,0.00203980668448,-0.00195942563005,-0.0000204874286283,0.00308168726042,-0.00548164313659,0.00422340584919,0.00218255375512,-0.0120551129803,0.0286063086241,-0.0117257544771],[-0.00012740927923,-0.0000941650359891,0.000796913984232,-0.000338482524967,0.00160880410112,-0.000825675029773,-0.00258906348608,0.00261089927517,-0.00129112764262,-0.000892698590178,0.00327400304377,-0.0117257544771,0.0241812616587]],"mean":[-683.056396484,159.878189087,-4.11462450027,17.8551807404,0.117465190589,30.5773792267,5.66910982132,13.5745925903,1.20080399513,0.627628266811,-0.360883563757,1.56591784954,3.30354309082]},"pitch_salience":{"dmean":0.0917543768883,"dmean2":0.149717211723,"dvar":0.00756633561105,"dvar2":0.0180922653526,"max":0.996087431908,"mean":0.540246248245,"median":0.563734650612,"min":0.0133169358596,"var":0.0174963530153},"silence_rate_20dB":{"dmean":0.00695162033662,"dmean2":0.0139045473188,"dvar":0.00690317060798,"dvar2":0.0189728606492,"max":1,"mean":0.995679140091,"median":1,"min":0,"var":0.00430242298171},"silence_rate_30dB":{"dmean":0.101456083357,"dmean2":0.2029312253,"dvar":0.091168217361,"dvar2":0.173207193613,"max":1,"mean":0.850460290909,"median":1,"min":0,"var":0.12716922164},"silence_rate_60dB":{"dmean":0.0152184125036,"dmean2":0.0304396841675,"dvar":0.0149844894186,"dvar2":0.0327003188431,"max":1,"mean":0.0897050499916,"median":0,"min":0,"var":0.0816657170653},"spectral_centroid":{"dmean":185.561386108,"dmean2":283.986236572,"dvar":79156.3125,"dvar2":147269.140625,"max":11461.3027344,"mean":959.023193359,"median":864.828369141,"min":118.461799622,"var":450150},"spectral_complexity":{"dmean":3.07092523575,"dmean2":4.63810586929,"dvar":11.9999475479,"dvar2":21.7178287506,"max":58,"mean":18.1048278809,"median":19,"min":0,"var":99.9661941528},"spectral_contrast_coeffs":{"dmean":[0.0544397085905,0.0495071075857,0.0394358858466,0.0302786752582,0.0236466582865,0.0426656082273],"dmean2":[0.0896782949567,0.0824218690395,0.0646548122168,0.0496734380722,0.0382015779614,0.0661760047078],"dvar":[0.00183687219396,0.00156222854275,0.00101524172351,0.000599967723247,0.000458132824861,0.00146299053449],"dvar2":[0.0048307357356,0.00430667633191,0.00269129103981,0.00153367349412,0.00115620542783,0.0034981823992],"max":[-0.311035424471,-0.4977016747,-0.483835726976,-0.575734674931,-0.644641757011,-0.372647941113],"mean":[-0.683549880981,-0.783145725727,-0.799011707306,-0.810760319233,-0.833056986332,-0.741323053837],"median":[-0.681619524956,-0.784316062927,-0.800991177559,-0.810983002186,-0.830822587013,-0.745520949364],"min":[-0.981043934822,-0.985656380653,-0.99788659811,-0.988521933556,-0.988739192486,-0.965366005898],"var":[0.00561579456553,0.00444935075939,0.00408117845654,0.00284168194048,0.00209962087683,0.00697152037174]},"spectral_contrast_valleys":{"dmean":[0.437522888184,0.425417512655,0.364064097404,0.322469174862,0.378690183163,0.659365296364],"dmean2":[0.693071424961,0.673697412014,0.565613687038,0.491996198893,0.565716922283,1.03836607933],"dvar":[0.163006439805,0.180746465921,0.156226933002,0.148297712207,0.210425212979,0.348408997059],"dvar2":[0.329258531332,0.359209060669,0.290972620249,0.275763005018,0.419750273228,0.792665958405],"max":[-4.66487407684,-4.17574262619,-4.50156545639,-5.41437530518,-5.56728363037,-8.52614021301],"mean":[-6.8878068924,-6.78418397903,-6.89195489883,-7.53305912018,-8.09838676453,-11.145198822],"median":[-6.53448867798,-6.40714645386,-6.44289875031,-7.12527894974,-7.803129673,-10.9652090073],"min":[-27.9599838257,-27.6174888611,-27.688129425,-27.5498561859,-27.5160503387,-27.3405342102],"var":[2.31720495224,2.5109128952,2.70125317574,2.36247396469,1.94076180458,1.59968805313]},"spectral_decrease":{"dmean":8.50510684103e-9,"dmean2":1.37606175343e-8,"dvar":3.10452318836e-16,"dvar2":7.72680395144e-16,"max":1.07769571045e-8,"mean":-1.20018839311e-8,"median":-6.78334366455e-9,"min":-2.26486548627e-7,"var":3.34549029757e-16},"spectral_energy":{"dmean":0.0331867150962,"dmean2":0.0534329116344,"dvar":0.00450534606352,"dvar2":0.0112020326778,"max":0.875886499882,"mean":0.0635643750429,"median":0.0461397469044,"min":1.03124606967e-20,"var":0.00529598351568},"spectral_energyband_high":{"dmean":0.000193622268853,"dmean2":0.000267507391982,"dvar":1.77325389927e-7,"dvar2":3.49965034729e-7,"max":0.0153363784775,"mean":0.000522899848875,"median":0.000286134454655,"min":7.34154782266e-21,"var":5.24094105003e-7},"spectral_energyband_low":{"dmean":0.0282354541123,"dmean2":0.0469012930989,"dvar":0.00390486721881,"dvar2":0.00982076767832,"max":0.833371460438,"mean":0.0337167195976,"median":0.0158156976104,"min":1.89860297433e-23,"var":0.00367314741015},"spectral_energyband_middle_high":{"dmean":0.00310425506905,"dmean2":0.00477362796664,"dvar":0.0000313046839437,"dvar2":0.0000719098970876,"max":0.142254114151,"mean":0.00833724532276,"median":0.00518929213285,"min":1.42950249515e-21,"var":0.000102385070932},"spectral_energyband_middle_low":{"dmean":0.00423830980435,"dmean2":0.00675011053681,"dvar":0.0000691089517204,"dvar2":0.00017305376241,"max":0.242719113827,"mean":0.010227419436,"median":0.00732846697792,"min":1.69422583763e-22,"var":0.000139225710882},"spectral_entropy":{"dmean":0.217262998223,"dmean2":0.328604608774,"dvar":0.0649060085416,"dvar2":0.150317817926,"max":9.8268032074,"mean":7.42676591873,"median":7.47962856293,"min":4.02513170242,"var":0.220213487744},"spectral_flux":{"dmean":0.0460296571255,"dmean2":0.075908228755,"dvar":0.00487907929346,"dvar2":0.0121529977769,"max":0.728485226631,"mean":0.135177925229,"median":0.117364227772,"min":6.5290918505e-11,"var":0.00914576463401},"spectral_kurtosis":{"dmean":5.38184833527,"dmean2":8.31138324738,"dvar":65.3491287231,"dvar2":164.176971436,"max":194.884536743,"mean":17.8387470245,"median":15.5248479843,"min":-1.25205922127,"var":142.91027832},"spectral_rms":{"dmean":0.0016209797468,"dmean2":0.00249558174983,"dvar":0.00000570761312702,"dvar2":0.0000128772280732,"max":0.0292322319001,"mean":0.00691175833344,"median":0.00670927623287,"min":3.17189807406e-12,"var":0.0000142414874063},"spectral_rolloff":{"dmean":4779.57861328,"dmean2":9187.16308594,"dvar":63762408,"dvar2":148784208,"max":22050,"mean":12614.8232422,"median":20650.3417969,"min":21.533203125,"var":99831256},"spectral_skewness":{"dmean":0.436224907637,"dmean2":0.655158758163,"dvar":0.298061788082,"dvar2":0.711663246155,"max":11.6414337158,"mean":2.94916510582,"median":2.87978339195,"min":-0.0728277936578,"var":0.980562210083},"spectral_spread":{"dmean":646684.125,"dmean2":982533.9375,"dvar":700440379392,"dvar2":1382413500420,"max":42104848,"mean":4286064.5,"median":4074556,"min":1091324,"var":3352909053950},"spectral_strongpeak":{"dmean":5.92621707916,"dmean2":11.1321983337,"dvar":403.992218018,"dvar2":1173.06140137,"max":205.388122559,"mean":4.82666158676,"median":0.293010681868,"min":0,"var":353.508087158},"zerocrossingrate":{"dmean":0.0458215586841,"dmean2":0.0570706017315,"dvar":0.00196186313406,"dvar2":0.00303643196821,"max":0.97412109375,"mean":0.264486819506,"median":0.25732421875,"min":0,"var":0.0128522990271}},"metadata":{"audio_properties":{"analysis_sample_rate":44100,"bit_rate":192000,"codec":"mp3","downmix":"mix","equal_loudness":0,"length":247.170608521,"lossless":false,"md5_encoded":"16bdd839ec3bef0dd04adf5411cd9b57","replay_gain":0.78436088562,"sample_rate":44100},"tags":{"album":["Ballbreaker"],"artist":["AC/DC"],"date":["1995-09-22"],"file_name":"04 - AC-DC - Boogie Man.mp3","musicbrainz_albumid":["d6abfd4f-ea99-4773-a735-147ead2676d5"],"musicbrainz_artistid":["66c662b6-6e2f-4930-8610-912e24c63ed1"],"musicbrainz_recordingid":["3720c820-e091-4e2c-bef3-beb4aaa78f6d"],"title":["Boogie Man"],"tracknumber":["04/11"]},"version":{"essentia":"2.1-beta1","essentia_build_sha":"ca57ba49d9b1854bd80e60cf9ccf267278fb7d6b","essentia_git_sha":"v2.1_beta1-28-g21ef5f4-dirty","extractor":"music 1.0"}},"rhythm":{"beats_count":312,"beats_loudness":{"dmean":0.0498916208744,"dmean2":0.0888240411878,"dvar":0.00193645607214,"dvar2":0.00531941791996,"max":0.334646701813,"mean":0.105544432998,"median":0.0952455699444,"min":1.3379508168e-8,"var":0.00340790464543},"beats_loudness_band_ratio":{"dmean":[0.181793853641,0.0528957992792,0.0545061379671,0.0576011613011,0.0178550090641,0.0969803035259],"dmean2":[0.327692091465,0.0974497422576,0.101742528379,0.102489717305,0.0334048494697,0.175751999021],"dvar":[0.0203265286982,0.00586300855502,0.00777591019869,0.00302206259221,0.000352887233021,0.0115681756288],"dvar2":[0.0629328116775,0.0168366357684,0.0213886797428,0.00841824710369,0.000977815827355,0.036212451756],"max":[0.985167145729,0.623849213123,0.740635573864,0.316399723291,0.162653431296,0.820203840733],"mean":[0.664400219917,0.0617956146598,0.052236020565,0.0750984996557,0.0227827578783,0.130469352007],"median":[0.704542636871,0.040594059974,0.0283054765314,0.0576390549541,0.0184614509344,0.0969455242157],"min":[0.00573267042637,0.00146143184975,0.0012459103018,0.000476761750178,0.000139902025694,0.00783063471317],