{"lowlevel":{"average_loudness":0.917349994183,"barkbands":{"dmean":[0.000148452847498,0.00583709962666,0.00248246570118,0.00241965660825,0.00112085160799,0.000533623911906,0.000695939641446,0.000538841006346,0.000729745486751,0.000407858053222,0.000509133154992,0.000345196895069,0.000399977900088,0.000384486513212,0.000231419267948,0.000295961712254,0.000294072204269,0.000207937337109,0.00028154841857,0.000185041761142,0.000157860398758,0.000105995786726,0.0000756631125114,0.0000607483489148,0.0000385223465855,0.00000756423787607,0.00000119957985589],"dmean2":[0.000245226983679,0.00934047624469,0.00424028933048,0.00406912062317,0.00194647465833,0.000865234585945,0.00108708860353,0.000888850248884,0.00118233985268,0.000670194800477,0.000845472386573,0.000559195643291,0.00064092525281,0.000639141711872,0.000380695913918,0.000477609602967,0.000481941882754,0.000338881567586,0.000465597200673,0.000290645897621,0.000238217180595,0.000156041016453,0.000104511425889,0.0000843833622639,0.0000543091991858,0.0000108527356133,0.00000170636792518],"dvar":[7.74245023649e-8,0.000076888150943,0.0000178723093995,0.0000183839601959,0.00000439401537733,7.79633126058e-7,0.00000177561344117,0.0000012176948303,0.00000196393034457,7.31886871108e-7,9.53083372224e-7,4.94412688568e-7,4.98249335124e-7,5.00423823269e-7,1.26676468426e-7,2.14798021148e-7,1.96632242933e-7,9.26149752445e-8,2.08318056139e-7,9.82067618338e-8,6.48787690238e-8,3.38867565119e-8,3.583168251e-8,2.56772576535e-8,5.30761345985e-9,2.65822225343e-10,6.31321210587e-12],"dvar2":[1.92038115188e-7,0.000182262767339,0.0000510391364514,0.0000491394675919,0.0000121087578009,0.00000198948328034,0.00000405293849326,0.00000306984657072,0.00000493991092299,0.00000190237699371,0.00000254681663137,0.00000121857192426,0.00000122551182358,0.00000137199788242,3.30495737444e-7,5.40174028174e-7,5.31571231477e-7,2.33292070106e-7,5.57723467409e-7,2.30103083254e-7,1.43443827483e-7,6.90147388127e-8,6.03947043487e-8,4.67480276711e-8,1.13060814044e-8,5.14187581402e-10,1.08792835851e-11],"max":[0.00510135525838,0.077905908227,0.0477849394083,0.0580328330398,0.029162177816,0.0173593666404,0.0212664082646,0.019852321595,0.0281570404768,0.0181475579739,0.0208341982216,0.0210531242192,0.0138831213117,0.0140063827857,0.00789305008948,0.00854711141437,0.0100805293769,0.00661021890119,0.00901890359819,0.00847937818617,0.00525421556085,0.00537747982889,0.00547093292698,0.00504483748227,0.00135749485344,0.000614397518802,0.000184522330528],"mean":[0.000168666592799,0.0104837846011,0.00417568581179,0.00395299354568,0.00146778288763,0.000890605035238,0.00115266116336,0.000764478172641,0.00120831932873,0.000640099460725,0.000825994648039,0.000603399705142,0.000685067672748,0.000671801390126,0.000442222080892,0.000567432492971,0.000625536660664,0.000435557099991,0.000613724754658,0.000418775191065,0.000356487144018,0.000240369074163,0.000155662492034,0.000118737225421,0.0000694930422469,0.000013151323401,0.00000192658239939],"median":[0.0000379898810934,0.00757869146764,0.00199655070901,0.00265656271949,0.000865263340529,0.000490094011184,0.000349853682565,0.000253316422459,0.000472376937978,0.000290986645268,0.00036382448161,0.000309964991175,0.000310362607706,0.000354252930265,0.000279673840851,0.000366234511603,0.000380857818527,0.000272871518973,0.000291325675789,0.000216531188926,0.000148890656419,0.000101138801256,0.0000531702171429,0.0000447105921921,0.0000335382392223,0.00000590109948462,7.31530178655e-7],"min":[8.99591101676e-24,1.1772123957e-23,7.82205916852e-24,1.12373267503e-23,2.69362425213e-23,3.01227641064e-23,3.85736637455e-23,3.24055729494e-23,5.03722681853e-23,5.69518256742e-23,3.52149338248e-23,2.95783459521e-23,6.53622378162e-23,6.43875212817e-23,7.81534217569e-23,1.37367643709e-22,1.13519469777e-22,1.88649067777e-22,2.97335079502e-22,2.83801735222e-22,2.67229118133e-22,4.93989495124e-22,4.79629197423e-22,6.58118759104e-22,8.69670150278e-22,1.49672556117e-21,2.23051534192e-21],"var":[8.71856471463e-8,0.000129898180603,0.0000288135233859,0.000022515812816,0.00000387159343518,0.00000150997561832,0.00000427753730037,0.00000207593348023,0.00000394010021409,0.00000128784381559,0.00000187075431768,0.00000116518265258,0.00000102601177332,8.93190247098e-7,2.81211015363e-7,4.69100370992e-7,5.19716422787e-7,2.4405889576e-7,6.6504020424e-7,3.34021535764e-7,2.4635218665e-7,1.24923090539e-7,1.16560499919e-7,6.46219078249e-8,1.15594813721e-8,6.27198903924e-10,2.41646268967e-11]},"barkbands_crest":{"dmean":2.61101555824,"dmean2":4.21532773972,"dvar":6.33854293823,"dvar2":15.0040006638,"max":24.2456951141,"mean":10.5150060654,"median":9.82709884644,"min":1.99043822289,"var":18.3230476379},"barkbands_flatness_db":{"dmean":0.0196028873324,"dmean2":0.0289569552988,"dvar":0.000378310738597,"dvar2":0.000837107829284,"max":0.340322196484,"mean":0.122083649039,"median":0.112576037645,"min":0.0197565611452,"var":0.00249052350409},"barkbands_kurtosis":{"dmean":1.96046090126,"dmean2":3.10642504692,"dvar":12.3454446793,"dvar2":28.9705543518,"max":147.191116333,"mean":2.49956226349,"median":0.619565486908,"min":-1.84166538715,"var":34.5468330383},"barkbands_skewness":{"dmean":0.477869093418,"dmean2":0.735939621925,"dvar":0.2442740798,"dvar2":0.553245842457,"max":11.3250637054,"mean":1.41613066196,"median":1.26113128662,"min":-2.40638923645,"var":1.17479109764},"barkbands_spread":{"dmean":5.75607204437,"dmean2":8.54029273987,"dvar":39.3013343811,"dvar2":79.9198989868,"max":115.711883545,"mean":28.325050354,"median":25.7585906982,"min":1.47705733776,"var":205.867324829},"dissonance":{"dmean":0.0109626725316,"dmean2":0.0185322389007,"dvar":0.000170654326212,"dvar2":0.000465894350782,"max":0.500000119209,"mean":0.480658471584,"median":0.485189914703,"min":0.00359237240627,"var":0.000267907395028},"dynamic_complexity":3.43155097961,"erbbands":{"dmean":[0.117499552667,1.54256391525,2.90688252449,5.60800790787,5.63283634186,3.74611186981,3.11047720909,4.9452419281,7.15476179123,13.3950634003,11.5695428848,16.0413188934,14.1910037994,13.6396980286,17.1038990021,13.387553215,16.1198139191,21.1806945801,13.240067482,11.3547544479,17.8517532349,15.5626935959,10.628282547,12.9543685913,13.0099611282,8.70145702362,7.6553068161,5.14208555222,3.84946656227,2.83572053909,2.12132978439,1.58341658115,0.911756455898,0.556552648544,0.201172575355,0.0540446974337,0.00960990600288,0.00184062763583,0.000191515209735,0.0000163551248988],"dmean2":[0.193858191371,2.48125505447,4.88806676865,9.46926116943,9.70740604401,6.42418527603,5.23557519913,7.99166965485,11.3831167221,20.8659515381,19.170042038,26.1204090118,22.6783237457,22.7066707611,28.194475174,21.4995117188,25.7768688202,35.0973701477,21.7035694122,18.2609958649,28.8454551697,25.2648735046,17.123588562,21.4748821259,21.5776443481,13.6963415146,11.6226530075,7.68213701248,5.73603916168,4.00211715698,2.95382452011,2.19281983376,1.27872872353,0.797790050507,0.28154066205,0.0776938050985,0.01359136682,0.00263072689995,0.00026531223557,0.0000240791032411],"dvar":[0.0372181162238,5.30371284485,21.9484634399,77.4143829346,119.691360474,42.2288284302,23.8011932373,79.8600082397,182.505630493,910.628112793,520.379333496,1105.77197266,866.890991211,856.827514648,894.887023926,763.426696777,758.917480469,1770.32739258,416.122436523,379.949676514,761.783630371,529.712646484,253.204833984,409.710144043,515.099609375,249.145965576,170.72795105,68.550453186,46.0536346436,35.6532936096,31.7667331696,20.7069911957,4.32621765137,1.03391432762,0.172840982676,0.0149125391617,0.000352958886651,0.0000117367171697,2.12286735746e-7,6.1107330307e-10],"dvar2":[0.0922998860478,13.0337409973,63.2014770508,212.972686768,323.06439209,116.964698792,63.153968811,200.069381714,420.431976318,1999.6451416,1323.4107666,2821.61523438,2090.30273438,2310.32104492,2365.25415039,1805.79138184,1865.06494141,4712.0078125,1104.43774414,960.998168945,1971.62768555,1416.85791016,633.029296875,1102.08984375,1363.21350098,613.320007324,375.464874268,150.546737671,98.022895813,64.6744384766,57.0461502075,38.3044128418,8.62971401215,2.21260070801,0.348843902349,0.0283704530448,0.000674497161526,0.000023516755391,3.34982559025e-7,1.17682574796e-9],"max":[1.79725539684,19.2664718628,47.6019325256,117.94594574,114.868873596,112.762023926,61.5620193481,197.855056763,351.679351807,576.746765137,594.832580566,739.173583984,796.491210938,1032.90771484,608.295959473,876.299987793,627.573303223,861.179016113,418.484375,465.404022217,550.716491699,543.682067871,412.895599365,357.826538086,583.65625,446.503967285,328.503204346,208.163864136,192.79699707,154.903823853,191.730545044,145.237930298,53.0099945068,15.4098958969,11.1651468277,4.17101287842,0.792273283005,0.154648855329,0.0390084758401,0.00153586734086],"mean":[0.164826884866,2.75874114037,5.46371889114,9.69525241852,8.5352678299,5.13559150696,4.85841464996,8.20212554932,12.1816902161,20.4526634216,18.7658309937,26.4512996674,23.4052944183,25.0756244659,30.0844326019,25.9731254578,31.2375946045,38.0988121033,26.7929420471,23.0602111816,36.2403488159,35.2275276184,24.0788650513,29.29388237,27.7592182159,19.8434448242,17.0273838043,11.9866008759,8.84052371979,6.03957033157,4.26145219803,3.00190663338,1.72136247158,1.00609433651,0.359153658152,0.094636850059,0.0171314589679,0.00299518951215,0.000344886007952,0.0000521181573276],"median":[0.0853621736169,2.04193139076,3.92134428024,6.80162858963,5.83366823196,2.95941734314,3.0448846817,4.37638473511,4.14916706085,5.73989391327,8.21172142029,10.6256942749,10.5541296005,12.986284256,15.5373373032,14.1278409958,15.9942531586,18.902551651,17.5260543823,14.3683996201,24.3243408203,22.2253322601,15.607049942,15.8193130493,13.6572990417,10.2540683746,7.68154716492,4.95411396027,3.86951208115,2.14962387085,1.4280769825,1.01915681362,0.697912931442,0.498266339302,0.169538587332,0.0429465472698,0.00792738329619,0.00133796548471,0.00014788460976,0.0000475657434436],"min":[6.19924512211e-22,1.72940100656e-21,8.64405032588e-21,3.3795504364e-20,7.27595950867e-20,7.86119043828e-20,1.15475163145e-19,2.73147032384e-19,4.8665403241e-19,7.96927515625e-19,7.56725297084e-19,1.50649958868e-18,2.01975936851e-18,9.63434320041e-19,2.00341324563e-18,2.02869746862e-18,2.85775784911e-18,4.42539146174e-18,4.27125297204e-18,4.91866366283e-18,7.48164763565e-18,7.5176854134e-18,9.28265640284e-18,1.50743955537e-17,1.33782823872e-17,1.3474577791e-17,1.29430009237e-17,1.0615025994e-17,1.57788589593e-17,1.32577117139e-17,1.3876382428e-17,1.38613740629e-17,1.05395358369e-17,8.35068855029e-18,6.95267142419e-18,5.06477477828e-18,3.00034910426e-18,1.09550993825e-18,3.18208704379e-19,3.15779236146e-20],"var":[0.0488649085164,8.62307357788,29.2895374298,102.586982727,117.639564514,43.965637207,32.6427383423,149.903900146,466.872344971,1917.2689209,1021.03820801,2094.23999023,1550.87731934,1699.93457031,1895.95788574,2015.18310547,1759.84960938,3265.27050781,927.673828125,872.584228516,1652.59082031,1519.69165039,709.247619629,1338.23815918,1381.34680176,767.241760254,574.467163086,284.542785645,163.8228302,115.508178711,96.3415603638,51.1838760376,10.2706766129,2.19659090042,0.397424757481,0.0351798608899,0.00087395805167,0.0000308472845063,8.86940881628e-7,2.44303266506e-9]},"erbbands_crest":{"dmean":2.17681694031,"dmean2":3.58728170395,"dvar":4.55343580246,"dvar2":11.4908428192,"max":28.0467529297,"mean":7.34204626083,"median":6.31608009338,"min":2.22714734077,"var":12.8774471283},"erbbands_flatness_db":{"dmean":0.0150766558945,"dmean2":0.0210573673248,"dvar":0.00025052705314,"dvar2":0.000449096231023,"max":0.378620356321,"mean":0.143120974302,"median":0.134745210409,"min":0.0329971276224,"var":0.00196709530428},"erbbands_kurtosis":{"dmean":0.63651484251,"dmean2":1.01081180573,"dvar":0.880255281925,"dvar2":2.11189603806,"max":41.7090530396,"mean":0.13886743784,"median":-0.140746474266,"min":-1.64879262447,"var":1.61704146862},"erbbands_skewness":{"dmean":0.280951589346,"dmean2":0.43959119916,"dvar":0.0636373013258,"dvar2":0.151404857635,"max":3.09489583969,"mean":-0.300441145897,"median":-0.29240745306,"min":-2.6589949131,"var":0.31909686327},"erbbands_spread":{"dmean":7.35066509247,"dmean2":11.3137168884,"dvar":57.0935745239,"dvar2":131.555511475,"max":129.828491211,"mean":39.4654579163,"median":38.4058227539,"min":1.42087125778,"var":222.547241211},"gfcc":{"cov":[[15343.7871094,-961.063537598,-250.339263916,1190.38964844,-815.173217773,551.266296387,-302.103668213,362.153198242,-152.992218018,262.706359863,-74.3795318604,82.7787094116,-262.1378479],[-961.063537598,1372.23034668,-202.804901123,-346.805114746,346.235534668,-144.294494629,138.714416504,-14.6006231308,98.4046401978,-75.4442443848,86.7768630981,-73.3979644775,55.2556114197],[-250.339263916,-202.804901123,529.451293945,54.3027992249,24.8367328644,150.88848877,-4.32488059998,71.5047225952,27.2941417694,46.3595809937,-15.3612937927,24.0161628723,-22.4887599945],[1190.38964844,-346.805114746,54.3027992249,525.74395752,-26.9307193756,93.2061309814,26.0427703857,11.967874527,-11.9393119812,0.245705872774,10.5200109482,18.6411685944,15.8110303879],[-815.173217773,346.235534668,24.8367328644,-26.9307193756,323.498443604,2.44736742973,65.2004470825,9.5839099884,30.2825565338,-28.1314468384,28.2886314392,5.11172103882,56.3746833801],[551.266296387,-144.294494629,150.88848877,93.2061309814,2.44736742973,190.959197998,46.4640312195,48.3233947754,-1.61861109734,30.969455719,-2.87532734871,8.05138111115,-4.25711393356],[-302.103668213,138.714416504,-4.32488059998,26.0427703857,65.2004470825,46.4640312195,152.026657104,30.4750118256,23.5150318146,1.54407954216,22.4951400757,-15.97397995,19.7062969208],[362.153198242,-14.6006231308,71.5047225952,11.967874527,9.5839099884,48.3233947754,30.4750118256,119.295127869,42.1070518494,33.6664085388,9.44603538513,14.3856248856,-9.09344768524],[-152.992218018,98.4046401978,27.2941417694,-11.9393119812,30.2825565338,-1.61861109734,23.5150318146,42.1070518494,79.80052948,24.4099063873,19.0639667511,2.65017485619,-0.139803513885],[262.706359863,-75.4442443848,46.3595809937,0.245705872774,-28.1314468384,30.969455719,1.54407954216,33.6664085388,24.4099063873,77.726600647,21.4982681274,14.4630784988,-15.8622188568],[-74.3795318604,86.7768630981,-15.3612937927,10.5200109482,28.2886314392,-2.87532734871,22.4951400757,9.44603538513,19.0639667511,21.4982681274,61.0393333435,20.7822265625,10.1792955399],[82.7787094116,-73.3979644775,24.0161628723,18.6411685944,5.11172103882,8.05138111115,-15.97397995,14.3856248856,2.65017485619,14.4630784988,20.7822265625,65.4578323364,25.1507892609],[-262.1378479,55.2556114197,-22.4887599945,15.8110303879,56.3746833801,-4.25711393356,19.7062969208,-9.09344768524,-0.139803513885,-15.8622188568,10.1792955399,25.1507892609,63.4917984009]],"icov":[[0.000272893870715,-0.000642404193059,0.000529109791387,-0.000909536029212,0.000648626533803,-0.000957334355917,0.000939294579439,-0.000994875794277,0.00105912424624,-0.00111875997391,0.00125822564587,-0.00105069787242,0.000962858030107],[-0.000642404193059,0.00370555743575,-0.000937225937378,0.00338099105284,-0.00295318546705,0.0026793719735,-0.00276381056756,0.00229530618526,-0.00431095948443,0.00474547175691,-0.00636444007978,0.00536698708311,-0.00299227144569],[0.000529109791387,-0.000937225937378,0.00388980726711,-0.0016063983785,0.000439965166152,-0.00391597952694,0.00245881872252,-0.0022863696795,0.000870814255904,-0.00239187804982,0.00333386100829,-0.0028741476126,0.00304252770729],[-0.000909536029212,0.00338099105284,-0.0016063983785,0.00591136794537,-0.00254420284182,0.00225355685689,-0.0035176014062,0.00335323694162,-0.0044564078562,0.00561027554795,-0.00682518258691,0.00489918747917,-0.00421115988865],[0.000648626533803,-0.00295318546705,0.000439965166152,-0.00254420284182,0.0069284485653,-0.00258187390864,0.00174252840225,-0.00256077991799,0.00247085141018,-0.0019500675844,0.00308413454331,-0.00308812921867,-0.00094795768382],[-0.000957334355917,0.0026793719735,-0.00391597952694,0.00225355685689,-0.00258187390864,0.0127079673111,-0.00643229857087,0.00149910536129,-0.000881113868672,0.00140944763552,-0.00337693025358,0.00390259060077,-0.00353123946115],[0.000939294579439,-0.00276381056756,0.00245881872252,-0.0035176014062,0.00174252840225,-0.00643229857087,0.013742832467,-0.00568609172478,0.00280677014962,-0.00353391165845,0.000903814216144,0.00173448969144,-0.000736755027901],[-0.000994875794277,0.00229530618526,-0.0022863696795,0.00335323694162,-0.00256077991799,0.00149910536129,-0.00568609172478,0.0168892629445,-0.00972882751375,0.0020220305305,-0.00232828618027,-0.000652233371511,-0.0000765793884057],[0.00105912424624,-0.00431095948443,0.000870814255904,-0.0044564078562,0.00247085141018,-0.000881113868672,0.00280677014962,-0.00972882751375,0.024515375495,-0.0104101551697,0.00446623936296,-0.00386028154753,0.00329154683277],[-0.00111875997391,0.00474547175691,-0.00239187804982,0.00561027554795,-0.0019500675844,0.00140944763552,-0.00353391165845,0.0020220305305,-0.0104101551697,0.0273766275495,-0.0154584310949,0.00399453379214,-0.0000681473684381],[0.00125822564587,-0.00636444007978,0.00333386100829,-0.00682518258691,0.00308413454331,-0.00337693025358,0.000903814216144,-0.00232828618027,0.00446623936296,-0.0154584310949,0.0364504791796,-0.0183636210859,0.00761357927695],[-0.00105069787242,0.00536698708311,-0.0028741476126,0.00489918747917,-0.00308812921867,0.00390259060077,0.00173448969144,-0.000652233371511,-0.00386028154753,0.00399453379214,-0.0183636210859,0.0349298119545,-0.0187779758126],[0.000962858030107,-0.00299227144569,0.00304252770729,-0.00421115988865,-0.00094795768382,-0.00353123946115,-0.000736755027901,-0.0000765793884057,0.00329154683277,-0.0000681473684381,0.00761357927695,-0.0187779758126,0.0314865298569]],"mean":[2.10536146164,93.7384719849,-123.104507446,43.9421195984,-44.4331970215,20.937669754,-28.7455730438,11.297539711,-22.6138553619,-0.777805447578,-16.1237773895,-6.4790892601,-10.6920804977]},"hfc":{"dmean":5.29878377914,"dmean2":7.61044740677,"dvar":40.8089103699,"dvar2":82.8513870239,"max":120.806015015,"mean":23.1250991821,"median":19.4123001099,"min":1.09911901826e-16,"var":334.723999023},"melbands":{"dmean":[0.00133705150802,0.00172085908707,0.000972973532043,0.000293291726848,0.000116168070235,0.000109731918201,0.000114810391096,0.000138948715176,0.0000987932871794,0.000102249061456,0.0000727840742911,0.0000562893037568,0.0000725715581211,0.0000360041631211,0.0000407383668062,0.0000409969397879,0.0000388349508285,0.0000238784814428,0.0000152741667989,0.0000163409786182,0.0000237614840444,0.0000190446244233,0.0000122544597616,0.0000102676258393,0.0000116599585454,0.0000114201593533,0.00000785535667092,0.00000601220699536,0.00000511445750817,0.0000046192390073,0.00000306736410494,0.00000253368784797,0.00000190557921087,0.00000158220859703,0.0000012910611531,0.00000121929986108,9.19385399811e-7,6.74285445257e-7,5.89853982547e-7,4.58819982896e-7],"dmean2":[0.00212004943751,0.00282497168519,0.00164175732061,0.000505685806274,0.000195095155505,0.000176503555849,0.000181771014468,0.000217834109208,0.000163711432833,0.000166205209098,0.000116294497275,0.0000938982484513,0.000120034914289,0.000058560508478,0.0000647431588732,0.0000663280443405,0.0000641968435957,0.0000391180765291,0.0000249470140261,0.000026498151783,0.0000386985338992,0.0000313484015351,0.0000199919668376,0.0000169241338881,0.0000194801796169,0.0000190089212992,0.0000128770689116,0.00000950227877183,0.00000787471071817,0.00000714261068424,0.00000469080896437,0.00000388246007788,0.00000281739539787,0.00000229228362514,0.00000183066993031,0.0000017301057369,0.00000131549120397,9.73398073256e-7,8.62543856783e-7,6.70719487061e-7],"dvar":[0.00000417423325416,0.00000675586579746,0.0000025267388537,2.89090934302e-7,3.28179474707e-8,3.64004790754e-8,4.42777832177e-8,8.97743177575e-8,3.39180417086e-8,4.28019291121e-8,2.26947882709e-8,1.48325955962e-8,1.85676309883e-8,5.16668663408e-9,8.31332691575e-9,5.65243585271e-9,5.50748424644e-9,1.47826106911e-9,6.71661115614e-10,7.534749491e-10,1.41125855446e-9,8.57392989939e-10,3.29910931907e-10,2.33680019779e-10,3.51396994835e-10,4.01265909389e-10,1.76202177848e-10,1.4565047779e-10,8.248084854e-11,5.67600619283e-11,2.77434620416e-11,1.95994956376e-11,1.41455146208e-11,1.3204364685e-11,1.18576520131e-11,1.29341285945e-11,7.13568613919e-12,2.712015508e-12,1.45452551913e-12,6.74129209486e-13],"dvar2":[0.0000096233916338,0.0000185322533071,0.00000689776652507,7.86260329733e-7,8.74199699297e-8,9.10860364911e-8,1.02991073447e-7,1.99532422585e-7,8.56767172763e-8,1.08699246937e-7,5.48285541413e-8,3.99997759359e-8,4.95339946838e-8,1.35494513387e-8,1.93625258049e-8,1.43846818901e-8,1.46108725119e-8,3.9428318388e-9,1.69625657964e-9,1.82903936441e-9,3.70587005527e-9,2.34171682045e-9,8.32886593027e-10,6.13368522639e-10,9.51276168948e-10,1.07551978434e-9,4.64986604776e-10,3.60926066811e-10,1.83758896988e-10,1.31375563206e-10,6.4815319778e-11,4.40751948827e-11,3.07621081386e-11,2.43644271425e-11,2.25438539364e-11,2.42358130093e-11,1.40032013762e-11,5.55759605003e-12,3.23195138187e-12,1.46747934984e-12],"max":[0.0194573942572,0.0224004629999,0.0198653265834,0.00738186063245,0.00211237114854,0.00394733110443,0.00449532736093,0.00563758146018,0.00513024255633,0.00402034725994,0.00402824766934,0.00409202929586,0.00297849206254,0.0018120779423,0.00410169968382,0.00122675008606,0.00146818207577,0.000776571629103,0.000797133136075,0.00055543408962,0.000795224565081,0.000684150494635,0.000468790647574,0.000271094264463,0.000342339742929,0.000508829834871,0.000392189016566,0.000393958616769,0.000227305295994,0.000136726564961,0.00014731954434,0.000132131928694,0.0000957450392889,0.000110518587462,0.000127267907374,0.000162955911946,0.0000892382886377,0.0000498330737173,0.00001944412179,0.0000159179144248],"mean":[0.00229914812371,0.0033729756251,0.00173055822961,0.000437599257566,0.000188633843209,0.000187363155419,0.000195404980332,0.000209182922845,0.000157778064022,0.00016725056048,0.000114669390314,0.0000981363773462,0.00011813348101,0.0000615742901573,0.0000729304592824,0.0000729291132302,0.0000675298942951,0.000044326261559,0.000029029282814,0.0000321859006363,0.0000445523874077,0.0000390200075344,0.0000245877927227,0.0000201882867259,0.0000239085511566,0.0000230912391999,0.000015698833522,0.0000125371152535,0.0000107059304355,0.00000907754747459,0.00000653405322737,0.0000053751359701,0.00000382380585506,0.00000310512018586,0.0000024388143629,0.00000222034736908,0.00000165456947343,0.00000121705181755,0.00000103466982182,7.91239301634e-7],"median":[0.00150604289956,0.00270524527878,0.00131793657783,0.000295736273983,0.000123932986753,0.000100645745988,0.0000644697574899,0.0000578646067879,0.0000688162544975,0.0000626758992439,0.0000481899114675,0.0000487148936372,0.0000544612666999,0.0000332462077495,0.000034705735743,0.0000337651290465,0.0000326054214383,0.0000274189878837,0.0000176435496542,0.0000199235328182,0.0000286531558231,0.0000231523154071,0.0000156394671649,0.0000123159152281,0.0000121677230709,0.0000104385399027,0.00000800216730568,0.00000615983344687,0.00000475436536362,0.00000381504924007,0.00000245370938501,0.00000240185568146,0.00000142808391956,0.00000105265507955,7.61950332162e-7,7.32340026843e-7,5.55454164441e-7,4.66425660761e-7,4.61385496919e-7,4.0623234554e-7],"min":[5.02693447142e-24,5.32811170427e-24,7.28266842483e-24,5.19875271531e-24,3.78560858894e-24,6.1183495662e-24,7.36943286921e-24,8.56955457446e-24,8.30071945543e-24,9.4233403099e-24,1.0016941575e-23,4.17016565846e-24,5.12877996416e-24,3.93866929823e-24,4.54078079477e-24,7.107897869e-24,7.90551355255e-24,5.74852013535e-24,6.70391431083e-24,8.31411589132e-24,7.93060169592e-24,6.97852468054e-24,8.13635081949e-24,9.45755162964e-24,1.2800176955e-23,1.00785145352e-23,8.73397369749e-24,7.82616045637e-24,7.8554161519e-24,5.79559028227e-24,5.86875831452e-24,9.15165976959e-24,9.55056700783e-24,6.70154930583e-24,7.95299745702e-24,7.0583100725e-24,8.87291655759e-24,6.5917848329e-24,8.69796614147e-24,6.47100825616e-24],"var":[0.00000696776987752,0.00000981708399195,0.00000310590735353,2.75919290971e-7,4.35716493996e-8,7.26587643385e-8,1.12871603619e-7,1.85713176393e-7,6.91355452886e-8,8.29266468827e-8,4.03958289041e-8,2.81262746427e-8,3.61234278046e-8,1.04651425303e-8,1.88037567739e-8,1.17121148335e-8,1.02882360409e-8,3.0206619428e-9,1.48491385854e-9,1.77527614831e-9,2.68939137626e-9,2.09392991835e-9,8.0303053096e-10,5.66193147922e-10,9.90625581565e-10,1.07358977264e-9,4.38217268028e-10,3.75896175298e-10,2.51441228949e-10,1.6804591052e-10,9.73102431967e-11,6.18383885764e-11,4.02976228775e-11,3.77555313402e-11,3.40858868908e-11,3.06789489646e-11,1.60282828676e-11,6.04127338433e-12,2.79637727904e-12,1.35708826988e-12]},"melbands_crest":{"dmean":2.86940550804,"dmean2":4.62710189819,"dvar":7.69374847412,"dvar2":19.1120929718,"max":31.8773212433,"mean":14.9276847839,"median":15.0074901581,"min":1.76066291332,"var":19.750164032},"melbands_flatness_db":{"dmean":0.0255961567163,"dmean2":0.0371692590415,"dvar":0.00063538341783,"dvar2":0.0013789908262,"max":0.458061873913,"mean":0.191527023911,"median":0.186704024673,"min":0.00377870444208,"var":0.00475040823221},"melbands_kurtosis":{"dmean":6.44550466537,"dmean2":10.195227623,"dvar":128.702911377,"dvar2":300.960845947,"max":414.780792236,"mean":12.9758548737,"median":7.23240184784,"min":-1.65661025047,"var":318.954345703},"melbands_skewness":{"dmean":0.727851688862,"dmean2":1.12994551659,"dvar":0.612474739552,"dvar2":1.37779533863,"max":16.3635482788,"mean":2.90609025955,"median":2.58597946167,"min":-1.95703530312,"var":2.73087024689},"melbands_spread":{"dmean":7.40142822266,"dmean2":11.19917202,"dvar":79.9078369141,"dvar2":165.058334351,"max":154.848388672,"mean":27.0378265381,"median":23.0545845032,"min":1.01603770256,"var":328.026916504},"mfcc":{"cov":[[10139.0351562,-1068.02954102,143.393218994,534.991455078,-153.847518921,102.930206299,24.1050376892,80.5650100708,-21.6637229919,12.4942150116,222.098373413,249.321731567,-11.4108285904],[-1068.02954102,1360.34765625,-252.779754639,-141.259475708,130.238677979,-65.5906829834,61.1218643188,22.9363956451,47.3998718262,16.1469135284,84.247428894,-6.94783687592,-0.536531209946],[143.393218994,-252.779754639,421.960327148,6.06924676895,1.48209404945,77.2498550415,6.91262960434,29.9513225555,31.2792949677,41.0221786499,9.68787384033,33.0872993469,1.89358007908],[534.991455078,-141.259475708,6.06924676895,316.739990234,64.0839233398,58.6666984558,43.1644935608,49.2349128723,6.65018796921,17.4260616302,-3.67296028137,-0.306359261274,21.3332977295],[-153.847518921,130.238677979,1.48209404945,64.0839233398,212.922531128,38.9740066528,33.8200149536,37.4408149719,26.4081382751,-3.38289141655,-11.0938987732,-10.1507663727,25.7474498749],[102.930206299,-65.5906829834,77.2498550415,58.6666984558,38.9740066528,135.947479248,66.9398727417,29.6350307465,17.8471412659,19.3123836517,-3.0515537262,5.63224554062,-3.66839790344],[24.1050376892,61.1218643188,6.91262960434,43.1644935608,33.8200149536,66.9398727417,126.360458374,49.7259140015,31.4462585449,22.8232212067,8.25813865662,2.76706266403,12.54870224],[80.5650100708,22.9363956451,29.9513225555,49.2349128723,37.4408149719,29.6350307465,49.7259140015,89.5465240479,41.5801429749,23.4718894958,11.3757362366,3.27596306801,13.9706029892],[-21.6637229919,47.3998718262,31.2792949677,6.65018796921,26.4081382751,17.8471412659,31.4462585449,41.5801429749,76.362663269,32.1267166138,18.2214431763,6.75951766968,9.80914402008],[12.4942150116,16.1469135284,41.0221786499,17.4260616302,-3.38289141655,19.3123836517,22.8232212067,23.4718894958,32.1267166138,70.0965957642,34.7047195435,11.9491100311,2.37260246277],[222.098373413,84.247428894,9.68787384033,-3.67296028137,-11.0938987732,-3.0515537262,8.25813865662,11.3757362366,18.2214431763,34.7047195435,94.0689926147,39.6568603516,-1.70969116688],[249.321731567,-6.94783687592,33.0872993469,-0.306359261274,-10.1507663727,5.63224554062,2.76706266403,3.27596306801,6.75951766968,11.9491100311,39.6568603516,68.608581543,25.5703754425],[-11.4108285904,-0.536531209946,1.89358007908,21.3332977295,25.7474498749,-3.66839790344,12.54870224,13.9706029892,9.80914402008,2.37260246277,-1.70969116688,25.5703754425,72.4591522217]],"icov":[[0.000140702890349,0.00010839933384,0.0000427443119406,-0.000218391942326,0.0000573102406634,0.000020590461645,-0.0000282554156001,-0.00011004821863,0.00000176756304882,0.000246213981882,-0.000311333249556,-0.000461316871224,0.000240079854848],[0.00010839933384,0.00123636540957,0.000663837301545,0.000508235883899,-0.000892815703992,0.000574126315769,-0.000748487771489,-0.0000936273936532,-0.000256521452684,0.0000394320522901,-0.00134705996606,-0.0000764517972129,0.000381868594559],[0.0000427443119406,0.000663837301545,0.00342836882919,0.000616803066805,-0.00033566201455,-0.00176865723915,0.00105490279384,-0.000933739822358,-0.000619548896793,-0.00146215991117,0.000269153650152,-0.00166482257191,0.000493130355608],[-0.000218391942326,0.000508235883899,0.000616803066805,0.00465598097071,-0.00132683059201,-0.00115739786997,-0.000139427065733,-0.00180986558553,0.00141448120121,-0.0014891687315,3.2789446891e-7,0.0011140947463,-0.00116744940169],[0.0000573102406634,-0.000892815703992,-0.00033566201455,-0.00132683059201,0.00672983611003,-0.00200660852715,0.000784415460657,-0.00112367933616,-0.00151983299293,0.00210598576814,0.000248494470725,0.00158335629385,-0.00242642150261],[0.000020590461645,0.000574126315769,-0.00176865723915,-0.00115739786997,-0.00200660852715,0.0133285885677,-0.00690345512703,0.000790787278675,0.000335655320669,-0.00137354817707,0.00189749081619,-0.00262464978732,0.00379590759985],[-0.0000282554156001,-0.000748487771489,0.00105490279384,-0.000139427065733,0.000784415460657,-0.00690345512703,0.0143469199538,-0.00490861665457,-0.0012107223738,-0.0010122905951,-0.0000533651400474,0.00105431920383,-0.0023392487783],[-0.00011004821863,-0.0000936273936532,-0.000933739822358,-0.00180986558553,-0.00112367933616,0.000790787278675,-0.00490861665457,0.0193335972726,-0.00723388651386,-0.000665947329253,-0.000741177296732,0.00169788487256,-0.00151456904132],[0.00000176756304882,-0.000256521452684,-0.000619548896793,0.00141448120121,-0.00151983299293,0.000335655320669,-0.0012107223738,-0.00723388651386,0.0213753990829,-0.00678945425898,-0.000579321349505,0.000196672132006,-0.000994865084067],[0.000246213981882,0.0000394320522901,-0.00146215991117,-0.0014891687315,0.00210598576814,-0.00137354817707,-0.0010122905951,-0.000665947329253,-0.00678945425898,0.0233861096203,-0.00831233151257,0.00198122952133,-0.00074037729064],[-0.000311333249556,-0.00134705996606,0.000269153650152,3.2789446891e-7,0.000248494470725,0.00189749081619,-0.0000533651400474,-0.000741177296732,-0.000579321349505,-0.00831233151257,0.0209324806929,-0.0116992527619,0.00506688095629],[-0.000461316871224,-0.0000764517972129,-0.00166482257191,0.0011140947463,0.00158335629385,-0.00262464978732,0.00105431920383,0.00169788487256,0.000196672132006,0.00198122952133,-0.0116992527619,0.02820523642,-0.0118841687217],[0.000240079854848,0.000381868594559,0.000493130355608,-0.00116744940169,-0.00242642150261,0.00379590759985,-0.0023392487783,-0.00151456904132,-0.000994865084067,-0.00074037729064,0.00506688095629,-0.0118841687217,0.0203961823136]],"mean":[-630.645080566,115.533676147,-7.5497751236,28.0030231476,10.2453184128,11.7590732574,9.6363286972,7.99579000473,5.69704723358,3.00199389458,1.31339740753,0.528530538082,-1.46189212799]},"pitch_salience":{"dmean":0.0713106021285,"dmean2":0.115689694881,"dvar":0.00477195950225,"dvar2":0.0120398197323,"max":0.934401512146,"mean":0.536642193794,"median":0.540572524071,"min":0.109073087573,"var":0.0127752330154},"silence_rate_20dB":{"dmean":0,"dmean2":0,"dvar":0,"dvar2":0,"max":1,"mean":1,"median":1,"min":1,"var":0},"silence_rate_30dB":{"dmean":0,"dmean2":0,"dvar":0,"dvar2":0,"max":1,"mean":1,"median":1,"min":1,"var":0},"silence_rate_60dB":{"dmean":0.021242517978,"dmean2":0.0424886196852,"dvar":0.0207934342325,"dvar2":0.0465916916728,"max":1,"mean":0.111935265362,"median":0,"min":0,"var":0.0994021072984},"spectral_centroid":{"dmean":255.834320068,"dmean2":383.363525391,"dvar":92565.140625,"dvar2":204467.0625,"max":11268.3417969,"mean":1666.73217773,"median":1590.63769531,"min":177.285263062,"var":461452.8125},"spectral_complexity":{"dmean":4.25440454483,"dmean2":6.48895645142,"dvar":19.44282341,"dvar2":41.7440338135,"max":61,"mean":26.4383850098,"median":27,"min":0,"var":212.384170532},"spectral_contrast_coeffs":{"dmean":[0.0469710715115,0.0460140667856,0.0373135320842,0.0294019822031,0.0209097322077,0.0183018036187],"dmean2":[0.0772055983543,0.0756710842252,0.0618041418493,0.0484609790146,0.0340067446232,0.0285361874849],"dvar":[0.00167948694434,0.00142484775279,0.000910431554075,0.000557831197511,0.000315081328154,0.000290358439088],"dvar2":[0.00440049311146,0.00388494879007,0.0023396499455,0.00146492000204,0.000766213634051,0.000647442531772],"max":[-0.322448372841,-0.493429362774,-0.568138718605,-0.626612365246,-0.586209058762,-0.59904551506],"mean":[-0.639631390572,-0.763657152653,-0.78424346447,-0.790182769299,-0.788125216961,-0.753378927708],"median":[-0.640864551067,-0.768733382225,-0.789968371391,-0.792381107807,-0.789628565311,-0.758848428726],"min":[-0.975498914719,-0.975029170513,-0.989114284515,-0.984049618244,-0.976615190506,-0.966382265091],"var":[0.00489561352879,0.00388781027868,0.00283770356327,0.00174978224095,0.00129899103194,0.00211095809937]},"spectral_contrast_valleys":{"dmean":[0.42766481638,0.390745282173,0.323960602283,0.29979583621,0.296973526478,0.339963465929],"dmean2":[0.702118396759,0.634807050228,0.521177470684,0.46474647522,0.423506468534,0.409588903189],"dvar":[0.182440698147,0.155395895243,0.113152779639,0.137384265661,0.179362297058,0.203862026334],"dvar2":[0.425375819206,0.360114365816,0.237203419209,0.273532837629,0.348535656929,0.334548860788],"max":[-5.24371051788,-4.64981031418,-5.49340438843,-5.84205341339,-5.49474430084,-7.75945043564],"mean":[-7.18871116638,-6.85898971558,-7.1370973587,-7.39846038818,-7.29447364807,-10.1222333908],"median":[-6.89160919189,-6.63081550598,-6.87640762329,-7.11238479614,-6.95855236053,-9.68221664429],"min":[-27.6998653412,-27.2637805939,-27.6048126221,-27.595205307,-27.4672431946,-27.3478374481],"var":[1.74080085754,1.4983805418,1.45105981827,1.47967290878,1.97200727463,2.40256905556]},"spectral_decrease":{"dmean":2.5759925304e-9,"dmean2":4.1528842587e-9,"dvar":1.09888189866e-17,"dvar2":2.81164050337e-17,"max":4.88258509494e-29,"mean":-7.85667975123e-9,"median":-7.29627913643e-9,"min":-2.92890600662e-8,"var":2.69232813725e-17},"spectral_energy":{"dmean":0.00999682955444,"dmean2":0.0160747952759,"dvar":0.000162934826221,"dvar2":0.000417141098296,"max":0.112847112119,"mean":0.0317504294217,"median":0.0297745391726,"min":1.01685740832e-20,"var":0.000425713369623},"spectral_energyband_high":{"dmean":0.000431348220445,"dmean2":0.000582951528486,"dvar":5.14189821388e-7,"dvar2":8.70629946803e-7,"max":0.0134225413203,"mean":0.00117883144412,"median":0.000560040352866,"min":6.6427377248e-21,"var":0.00000248864898822},"spectral_energyband_low":{"dmean":0.00776281394064,"dmean2":0.0126367472112,"dvar":0.000125724764075,"dvar2":0.000322850624798,"max":0.101304002106,"mean":0.0168491601944,"median":0.0134340897202,"min":4.63542777398e-23,"var":0.000209341160371},"spectral_energyband_middle_high":{"dmean":0.00161262380425,"dmean2":0.00254751369357,"dvar":0.00000377312403543,"dvar2":0.00000937028744374,"max":0.0370066203177,"mean":0.00624208245426,"median":0.00499706761912,"min":1.36447814223e-21,"var":0.0000277629314951},"spectral_energyband_middle_low":{"dmean":0.00406323093921,"dmean2":0.00666356226429,"dvar":0.0000390902496292,"dvar2":0.0000998745526886,"max":0.0730442106724,"mean":0.00959365442395,"median":0.00800542160869,"min":3.06962615669e-22,"var":0.0000691090535838},"spectral_entropy":{"dmean":0.127963066101,"dmean2":0.17125800252,"dvar":0.0231443215162,"dvar2":0.0439381301403,"max":9.79451084137,"mean":7.74980115891,"median":7.84196949005,"min":5.45535993576,"var":0.16653880477},"spectral_flux":{"dmean":0.0249806512147,"dmean2":0.0395173169672,"dvar":0.00079806271242,"dvar2":0.00173403287772,"max":0.249109178782,"mean":0.0857115760446,"median":0.0844841077924,"min":6.77309874852e-11,"var":0.00227155070752},"spectral_kurtosis":{"dmean":1.84032404423,"dmean2":2.99744915962,"dvar":18.0619525909,"dvar2":43.6938209534,"max":92.3530731201,"mean":4.80593061447,"median":3.41957449913,"min":-1.24729990959,"var":38.3062095642},"spectral_rms":{"dmean":0.000825366412755,"dmean2":0.00129782373551,"dvar":9.11916174573e-7,"dvar2":0.00000222041944653,"max":0.0104926042259,"mean":0.00514986226335,"median":0.0053896503523,"min":3.14969209568e-12,"var":0.0000044549847189},"spectral_rolloff":{"dmean":526.882080078,"dmean2":834.679504395,"dvar":596464.9375,"dvar2":1250832.375,"max":19056.8847656,"mean":1643.61962891,"median":1313.52539062,"min":43.06640625,"var":2016886.625},"spectral_skewness":{"dmean":0.233508765697,"dmean2":0.362678706646,"dvar":0.132771268487,"dvar2":0.310424774885,"max":7.4255156517,"mean":1.41457724571,"median":1.32075548172,"min":-0.0411392897367,"var":0.409715592861},"spectral_spread":{"dmean":440932.09375,"dmean2":608198.8125,"dvar":430782054400,"dvar2":682522771456,"max":41966676,"mean":4197174.5,"median":4033595,"min":900846.75,"var":1876609859580},"spectral_strongpeak":{"dmean":0.233291774988,"dmean2":0.405176490545,"dvar":0.202381849289,"dvar2":0.543425679207,"max":8.14411830902,"mean":0.463663578033,"median":0.375053942204,"min":0,"var":0.204839855433},"zerocrossingrate":{"dmean":0.0103216972202,"dmean2":0.0115358605981,"dvar":0.000143740719068,"dvar2":0.000163385746418,"max":0.51611328125,"mean":0.0610752031207,"median":0.052734375,"min":0.0048828125,"var":0.00136881892104}},"metadata":{"audio_properties":{"analysis_sample_rate":44100,"bit_rate":0,"codec":"flac","downmix":"mix","equal_loudness":0,"length":275.440002441,"lossless":true,"md5_encoded":"cd07fc903e2d5f117477af79ca1dc618","replay_gain":-12.6763267517},"tags":{"acoustid_id":["2d3bc2af-cd87-470b-9f6d-f0286ddd5af6"],"album":["Kasabian"],"album artist":["Kasabian"],"albumartist":["Kasabian"],"albumartist_credit":["Kasabian"],"albumartistsort":["Kasabian"],"artist":["Kasabian"],"artist_credit":["Kasabian"],"artistsort":["Kasabian"],"asin":["B0002LI58Q"],"barcode":["828766383829"],"bpm":["0"],"catalognumber":["PARADISE16"],"compilation":["0"],"date":["2004-9-6"],"disc":["1"],"discc":["1"],"discnumber":["1"],"disctotal":["1"],"file_name":"03. Reason Is Treason.flac","genre":["Indie Rock"],"isrc":["GBARL0400706"],"label":["RCA"],"language":["eng"],"media":["CD"],"musicbrainz_albumartistid":["69b39eab-6577-46a4-a9f5-817839092033"],"musicbrainz_albumid":["95bc8942-e8b5-4f74-a58c-5ba086798c23"],"musicbrainz_albumstatus":["Official"],"musicbrainz_albumtype":["album"],"musicbrainz_artistid":["69b39eab-6577-46a4-a9f5-817839092033"],"musicbrainz_discid":["6w9or_Ceik0ZHWyLQCVfaAD4QWo-"],"musicbrainz_recordingid":["372c6dd4-f248-4aa9-a0c4-386a2e825094"],"musicbrainz_releasegroupid":["6a5a0cc6-245e-3e29-a143-c1bab026def6"],"originaldate":["2004-8-25"],"publisher":["RCA"],"releasecountry":["GB"],"releasestatus":["official"],"releasetype":["album"],"replaygain_album_gain":["-7.06 dB"],"replaygain_album_peak":["1.000000"],"replaygain_reference_loudness":["89.0 dB"],"replaygain_track_gain":["-7.34 dB"],"replaygain_track_peak":["1.000000"],"script":["Latn"],"title":["Reason Is Treason"],"totaldiscs":["1"],"totaltracks":["13"],"track":["3"],"trackc":["13"],"tracknumber":["3"],"tracktotal":["13"],"year":["2004"]},"version":{"essentia":"2.1-beta1","essentia_build_sha":"12879b851c9f4b0d899e1af4e221aa110f283a84","essentia_git_sha":"v2.1_beta1-7-ge0e83e8-dirty","extractor":"music 1.0"}},"rhythm":{"beats_count":646,"beats_loudness":{"dmean":0.0127611234784,"dmean