{"lowlevel":{"average_loudness":0.561389029026,"barkbands":{"dmean":[0.00000738584049031,0.000054642696341,0.000644672720227,0.000634895637631,0.00192584609613,0.00157064863015,0.000591426389292,0.000719172763638,0.000454293447547,0.000319650251186,0.000227831726079,0.000197596848011,0.000576394901145,0.000617562094703,0.000542314723134,0.00021476688562,0.0000476516943309,0.0000205546766665,0.000016274239897,0.00000825440201879,0.00000568385758015,0.00000445638761448,0.00000483082339997,0.00000415428075939,0.0000025747356176,0.00000196369796868,2.98187302405e-7],"dmean2":[0.0000115331722554,0.000093175265647,0.00103257154115,0.000962478283327,0.0030708166305,0.00242010480724,0.000861236185301,0.00108309765346,0.000632487237453,0.000467621430289,0.000337864039466,0.000309804134304,0.000836720864754,0.00090143160196,0.000823948124889,0.000304721354041,0.0000736184592824,0.0000303540036839,0.0000231728408835,0.0000121327120723,0.00000848295258038,0.00000646908847557,0.00000743037162465,0.00000623808819,0.00000409473705076,0.00000323850304085,4.95595884331e-7],"dvar":[1.27564514507e-10,1.57320002359e-7,0.0000164238153957,0.00000828506290418,0.0000202398678084,0.0000335892218573,0.00000432503202319,0.000011331812857,0.00000666876439936,7.39574488762e-7,4.95268409395e-7,4.71061639473e-7,0.00000810713936517,0.00000647389424557,0.00000750806884753,0.00000184245811852,2.96543962719e-8,6.03144645339e-9,1.39993550086e-9,6.01167948755e-10,1.26135180079e-9,3.25980381577e-10,1.49647383374e-9,2.46066084175e-10,6.23341794848e-11,2.88893284295e-11,8.51066558807e-13],"dvar2":[2.97798508075e-10,3.94584048991e-7,0.0000411714318034,0.0000211911192309,0.0000423024066549,0.0000796249369159,0.00000890930641617,0.0000241559810092,0.0000157164213306,0.00000162651235769,0.00000109233815238,0.00000107327832666,0.0000132987397592,0.0000119727656056,0.0000179425533133,0.00000371979854208,7.21511739243e-8,1.25340884338e-8,3.00569724665e-9,1.42032141603e-9,3.5422802469e-9,8.69652905244e-10,4.19072021529e-9,6.56832588319e-10,1.63377505968e-10,7.72639729973e-11,2.2423772908e-12],"max":[0.000289194955258,0.0170307047665,0.198555499315,0.125100150704,0.147229611874,0.200676858425,0.0875492542982,0.121261164546,0.150092706084,0.0274204984307,0.0257827155292,0.0302189346403,0.158243238926,0.101592920721,0.0683475285769,0.0462654829025,0.0066133486107,0.00364849460311,0.00108836218715,0.000942815269809,0.00151326123159,0.000706459046341,0.00159483903553,0.000556577171665,0.000204713884159,0.000100254153949,0.0000169244140125],"mean":[0.00000948023534875,0.0000611528957961,0.000957074284088,0.00127199769486,0.00327103980817,0.00282754795626,0.00130010617431,0.00127691961825,0.00101299560629,0.000639450270683,0.000519443652593,0.00046657922212,0.00106228736695,0.00105243537109,0.000811359612271,0.000348691974068,0.0000856556507642,0.0000427841550845,0.0000370815032511,0.0000148563558469,0.0000089501227194,0.00000675322780808,0.00000598040423938,0.0000050601051953,0.00000263723813987,0.00000180101369551,3.36539386581e-7],"median":[0.00000540018208994,0.0000230044515774,0.000283785688225,0.000386754982173,0.00126509880647,0.00086179014761,0.000580001506023,0.000256489380263,0.000492914579809,0.000283793313429,0.000199314468773,0.000202899420401,0.000143555065733,0.000165732679307,0.0000342806524714,0.000037506899389,0.00003230198854,0.0000149157604028,0.0000163301883731,0.00000613533302385,0.0000030707951737,0.00000178792083716,0.00000111480289888,7.62041281632e-7,3.62404819043e-7,2.41852717409e-7,1.2270231764e-7],"min":[4.58815110327e-25,3.9782563106e-24,3.83167762207e-25,5.79895792948e-25,8.68804227128e-24,8.93580376009e-24,1.47152425098e-23,1.52089100865e-23,2.85899505696e-23,1.5848657348e-23,2.06540777051e-23,2.68264078397e-23,5.16249445929e-23,3.99961503516e-23,4.32097961301e-23,5.48433330032e-23,6.94155692303e-23,1.03806168653e-22,1.4043097362e-22,1.54807162135e-22,2.69744486326e-22,3.81699070637e-22,4.90647299728e-22,5.93560957463e-22,8.02789538235e-22,1.2882588812e-21,1.90282398601e-21],"var":[2.32835584146e-10,1.47614485968e-7,0.0000176649173227,0.0000168428050529,0.0000476313689433,0.000066570173658,0.0000138063160193,0.0000335691984219,0.00000719912668501,0.0000017204345113,0.00000128764168039,0.00000162615287991,0.0000288934497803,0.0000149804272951,0.0000118862617455,0.0000039270439629,5.33098578614e-8,1.28579884517e-8,3.95677890452e-9,8.27929114156e-10,8.88765838702e-10,3.16998677308e-10,1.00360886268e-9,2.20449283828e-10,5.4910513636e-11,2.36260299519e-11,6.82656242732e-13]},"barkbands_crest":{"dmean":2.24573636055,"dmean2":3.64588522911,"dvar":4.80944776535,"dvar2":12.2139997482,"max":25.2917728424,"mean":9.7355594635,"median":8.77751159668,"min":3.15025043488,"var":16.1716842651},"barkbands_flatness_db":{"dmean":0.0193609241396,"dmean2":0.0277311392128,"dvar":0.000360394449672,"dvar2":0.000711237662472,"max":0.408700883389,"mean":0.182103291154,"median":0.177753075957,"min":0.0605342425406,"var":0.00221391930245},"barkbands_kurtosis":{"dmean":1.8624920845,"dmean2":2.88683581352,"dvar":8.17080783844,"dvar2":20.1368789673,"max":72.1190643311,"mean":3.24747037888,"median":1.59631347656,"min":-1.82358574867,"var":30.6471481323},"barkbands_skewness":{"dmean":0.421401321888,"dmean2":0.635505795479,"dvar":0.175735607743,"dvar2":0.401777118444,"max":6.8755774498,"mean":1.1447685957,"median":1.11174428463,"min":-2.98682975769,"var":1.25448513031},"barkbands_spread":{"dmean":2.19461989403,"dmean2":3.46295809746,"dvar":9.57846450806,"dvar2":24.6012134552,"max":146.923080444,"mean":11.8978824615,"median":9.83403396606,"min":0.835828363895,"var":168.666946411},"dissonance":{"dmean":0.022616583854,"dmean2":0.0378544554114,"dvar":0.000493545201607,"dvar2":0.00135715224314,"max":0.500000059605,"mean":0.437932908535,"median":0.444677054882,"min":0.229857310653,"var":0.00145431235433},"dynamic_complexity":5.1268825531,"erbbands":{"dmean":[0.000590786512475,0.0253481045365,0.518729627132,1.43822419643,4.04479169846,7.14293432236,9.30998325348,13.8870735168,8.9211435318,12.0755767822,11.9865293503,6.00196695328,16.9580764771,5.2594203949,9.83579921722,8.78568458557,24.058057785,28.3889274597,36.7263298035,15.9182453156,6.11484384537,2.84769821167,1.20270574093,0.784911453724,0.678759455681,0.417674899101,0.31179818511,0.149663701653,0.164753317833,0.137087881565,0.142034232616,0.121635474265,0.0509170778096,0.0332954004407,0.0159124117345,0.00864407606423,0.0038250151556,0.000678877753671,0.0000461950257886,0.0000073221058301],"dmean2":[0.000987363629974,0.0419291257858,0.833399415016,2.22205805779,6.31359577179,11.6562070847,14.690372467,21.1639118195,13.1517648697,17.9070720673,17.9006271362,8.53586864471,23.8109378815,7.73788976669,14.8257579803,13.6861639023,33.8275947571,41.0858917236,55.038608551,21.8985786438,8.5357542038,4.30814790726,1.75324046612,1.13121926785,0.940254211426,0.621693015099,0.461146861315,0.218156993389,0.245062276721,0.201072797179,0.220292806625,0.182210147381,0.0777518376708,0.0533804148436,0.0250798221678,0.0140207409859,0.00639426615089,0.00112806027755,0.000075977324741,0.0000107369023681],"dvar":[0.000006387990652,0.0321312323213,10.9806461334,65.6516647339,186.772781372,217.436218262,1596.64440918,2766.39672852,1194.85009766,1653.64123535,4471.40820312,1856.78637695,2668.68139648,159.922744751,960.897644043,643.926574707,15390.7324219,11001.7568359,32029.9472656,6529.484375,983.139648438,84.5967025757,21.571352005,3.05969119072,2.90650606155,1.28785979748,3.64299607277,0.437072873116,0.607528448105,0.418893247843,1.54377174377,0.31366199255,0.0283470638096,0.01484707091,0.00164961442351,0.000505768402945,0.000148046950926,0.00000442542341261,1.81555499523e-8,2.68877420329e-10],"dvar2":[0.0000152124939632,0.0787404552102,26.9010295868,178.927108765,411.829284668,490.454162598,3472.51171875,6292.06542969,2327.47583008,3328.51757812,9822.078125,4284.08935547,6178.47363281,358.491912842,2232.43041992,1436.10461426,23560.3710938,23121.3007812,75816.859375,12129.0742188,1981.89282227,197.886230469,40.5367774963,6.60468244553,5.99593830109,3.04848194122,10.1862201691,1.19031441212,1.66186666489,1.14584946632,4.3371758461,0.859205126762,0.0745549350977,0.0404294729233,0.0040380936116,0.00127328478266,0.000421082571847,0.000012060242625,4.73835726211e-8,5.94703064571e-10],"max":[0.110358573496,7.15124893188,159.592605591,401.195678711,422.699157715,395.409667969,1401.32263184,2041.01525879,1601.26281738,1309.72167969,2077.36889648,2590.85205078,2326.25219727,369.04788208,1037.38256836,989.014892578,7770.44726562,2640.74121094,3814.5012207,2451.75439453,1188.69555664,354.256011963,185.829025269,40.6198501587,55.7762870789,34.9613189697,83.5841064453,23.9057025909,32.8969726562,20.3026409149,52.4715881348,23.7883529663,5.47456169128,3.86152410507,0.656540036201,0.254922240973,0.345498979092,0.052629776299,0.00211080117151,0.000499471148942],"mean":[0.000894492550287,0.0326853320003,0.757848918438,2.94154047966,7.66864013672,10.8784914017,16.1961784363,25.7367420197,19.9593086243,24.900680542,22.2900485992,13.1188554764,39.1699333191,12.9367990494,22.6804332733,22.8005218506,46.2871208191,52.5968208313,60.3234405518,28.6743869781,11.6339349747,5.50928401947,2.65047883987,2.00121474266,1.48111712933,0.753346204758,0.488380402327,0.268485456705,0.236458584666,0.193395584822,0.169646188617,0.146577194333,0.0604759082198,0.0326353386045,0.0166845675558,0.00828663632274,0.00341330212541,0.000638200202957,0.0000595176352363,0.0000224385148613],"median":[0.000557359308004,0.0124590639025,0.241142451763,1.05503594875,1.85353004932,4.58050632477,4.72319030762,8.13430023193,6.52920818329,11.0924224854,3.26820707321,6.43921375275,19.5516376495,6.14168071747,9.94871902466,10.0618801117,7.85271978378,9.2864074707,3.80584812164,1.68658089638,1.97103047371,2.15309119225,0.973956763744,0.91574716568,0.625998497009,0.32248455286,0.158949166536,0.102273732424,0.062279894948,0.0478525534272,0.0295869074762,0.0206888578832,0.0101842079312,0.00443253014237,0.00214584777132,0.00101162283681,0.000476357439766,0.000120644705021,0.0000252693571383,0.0000129733434733],"min":[6.19956192865e-23,6.60933768224e-22,1.60892404866e-21,6.26921236386e-21,1.47895499127e-20,3.00593847998e-20,8.3865121658e-20,7.8340182014e-20,1.07344197443e-19,2.85211978606e-19,3.60617401355e-19,5.69788579104e-19,5.22937534498e-19,9.98255832095e-19,9.05223345589e-19,1.43402047245e-18,2.16533054181e-18,1.66554987687e-18,2.78161215142e-18,3.9629855052e-18,5.12281886905e-18,4.39186748587e-18,6.51826553139e-18,6.33886660014e-18,6.41949933907e-18,8.32144275255e-18,9.68909242399e-18,9.985730145e-18,1.36401479168e-17,1.15144542156e-17,1.14485651439e-17,1.17759516498e-17,1.03544028897e-17,8.15380963833e-18,5.37150079404e-18,4.36102274801e-18,2.30676208974e-18,1.03667289148e-18,2.63462039881e-19,2.71095747249e-20],"var":[0.00000752860887587,0.0309777762741,11.5565109253,85.1037445068,571.565429688,412.162231445,2474.0690918,6338.37109375,4436.92382812,4106.01269531,12945.2861328,1873.63745117,4529.30029297,465.604553223,2233.93383789,2967.93164062,54650.7109375,25711.3300781,52349.90625,18350.1796875,2394.88037109,175.908157349,51.1692276001,9.98028659821,7.30360841751,1.877430439,2.6124587059,0.388880848885,0.513189435005,0.350846916437,1.02057218552,0.252969264984,0.0265276264399,0.0114368638024,0.00175738043617,0.000476714398246,0.000106329767732,0.0000033775772863,1.54600297009e-8,7.57932883122e-10]},"erbbands_crest":{"dmean":2.25416946411,"dmean2":3.48323106766,"dvar":5.56523180008,"dvar2":13.4101734161,"max":28.9440460205,"mean":10.7606992722,"median":9.48492431641,"min":2.79419350624,"var":20.8313045502},"erbbands_flatness_db":{"dmean":0.0198557935655,"dmean2":0.0261677540839,"dvar":0.00043595401803,"dvar2":0.000791362894233,"max":0.407507389784,"mean":0.2296256423,"median":0.229592546821,"min":0.0219226107001,"var":0.00309732044116},"erbbands_kurtosis":{"dmean":0.978024482727,"dmean2":1.49994456768,"dvar":2.60501742363,"dvar2":6.18771982193,"max":42.8292770386,"mean":1.15941941738,"median":0.419798016548,"min":-1.85644829273,"var":8.25798511505},"erbbands_skewness":{"dmean":0.326291978359,"dmean2":0.481819748878,"dvar":0.108413241804,"dvar2":0.23887707293,"max":4.80344581604,"mean":0.251535236835,"median":0.344477713108,"min":-4.21417140961,"var":0.790450155735},"erbbands_spread":{"dmean":3.80600142479,"dmean2":5.77035045624,"dvar":21.1249408722,"dvar2":50.0758399963,"max":108.78313446,"mean":20.5142478943,"median":19.1208686829,"min":1.66347384453,"var":107.970993042},"gfcc":{"cov":[[18592.1738281,1481.92810059,-3093.81274414,164.734786987,-1027.24768066,168.408706665,-892.833190918,-282.204315186,-574.146179199,-196.833221436,-315.202514648,-126.725349426,-228.145446777],[1481.92810059,1194.80249023,-415.819732666,-220.259963989,172.564529419,-213.859329224,55.9631614685,-80.5793228149,-8.32595252991,-52.1286506653,7.36337566376,-84.529586792,-46.0528144836],[-3093.81274414,-415.819732666,1118.95922852,117.127891541,11.528717041,37.0041122437,139.11428833,131.196166992,17.4301643372,63.4055519104,33.0261383057,71.1677246094,-19.6633243561],[164.734786987,-220.259963989,117.127891541,299.08996582,-77.1616134644,33.0452575684,-19.5432682037,-1.61652123928,-27.6747684479,-12.6724586487,-14.8689231873,22.4602203369,12.9219446182],[-1027.24768066,172.564529419,11.528717041,-77.1616134644,362.920898438,-58.9733428955,-17.4095096588,-57.6792564392,96.4931793213,34.580997467,-9.54926300049,-57.553188324,39.8650360107],[168.408706665,-213.859329224,37.0041122437,33.0452575684,-58.9733428955,157.296127319,3.97563409805,17.3427047729,-25.5208702087,19.9417228699,-3.82809257507,7.22138929367,-15.4450292587],[-892.833190918,55.9631614685,139.11428833,-19.5432682037,-17.4095096588,3.97563409805,192.472625732,56.8924026489,-6.48741769791,-20.1521987915,36.2919082642,19.0929164886,-13.2784204483],[-282.204315186,-80.5793228149,131.196166992,-1.61652123928,-57.6792564392,17.3427047729,56.8924026489,120.912994385,0.567093968391,-6.1660785675,1.10979008675,30.9969921112,-19.4580688477],[-574.146179199,-8.32595252991,17.4301643372,-27.6747684479,96.4931793213,-25.5208702087,-6.48741769791,0.567093968391,124.029724121,34.2885780334,-10.5405693054,-33.3668632507,20.125629425],[-196.833221436,-52.1286506653,63.4055519104,-12.6724586487,34.580997467,19.9417228699,-20.1521987915,-6.1660785675,34.2885780334,87.1005020142,13.9289331436,-8.98152732849,-6.27834129333],[-315.202514648,7.36337566376,33.0261383057,-14.8689231873,-9.54926300049,-3.82809257507,36.2919082642,1.10979008675,-10.5405693054,13.9289331436,74.8825531006,28.9502334595,-5.12071704865],[-126.725349426,-84.529586792,71.1677246094,22.4602203369,-57.553188324,7.22138929367,19.0929164886,30.9969921112,-33.3668632507,-8.98152732849,28.9502334595,84.3753128052,14.4422483444],[-228.145446777,-46.0528144836,-19.6633243561,12.9219446182,39.8650360107,-15.4450292587,-13.2784204483,-19.4580688477,20.125629425,-6.27834129333,-5.12071704865,14.4422483444,67.4307327271]],"icov":[[0.000567606126424,-0.00106485292781,0.00109464139678,-0.000740579213016,0.00141425989568,-0.001226827153,0.00218757521361,-0.000647451088298,0.00115263112821,-0.000750651757699,0.00139519001823,-0.000323587068124,0.000542485795449],[-0.00106485292781,0.00391185609624,-0.00143202731851,0.00201683212072,-0.00343064474873,0.00462651671842,-0.0052879685536,0.00185165612493,-0.00112963537686,0.00147462647874,-0.00230347667821,0.00111649325117,0.000906067376491],[0.00109464139678,-0.00143202731851,0.00364089454524,-0.00191294180695,0.00200417265296,-0.00155240599997,0.00300593744032,-0.00207489728928,0.00259812665172,-0.00271828891709,0.00309305870906,-0.00145726674236,0.00212509091944],[-0.000740579213016,0.00201683212072,-0.00191294180695,0.00530616287142,-0.0011099166004,0.00174129661173,-0.00263349362649,0.00202944665216,-0.00103242928162,0.00177668360993,-0.000928659574129,0.00036807579454,-0.00125664263032],[0.00141425989568,-0.00343064474873,0.00200417265296,-0.0011099166004,0.00839925650507,-0.00315038091503,0.00577824562788,-0.000158672060934,0.000450531835668,-0.00247246143408,0.00326761673205,0.00112905993592,-0.00171439012047],[-0.001226827153,0.00462651671842,-0.00155240599997,0.00174129661173,-0.00315038091503,0.0131161669269,-0.00668972777203,0.00144923268817,0.000548287236597,-0.00156802777201,-0.00124034879263,0.00157566531561,0.00144883058965],[0.00218757521361,-0.0052879685536,0.00300593744032,-0.00263349362649,0.00577824562788,-0.00668972777203,0.0169502850622,-0.00586427282542,0.00360251474194,0.000517203472555,0.000567775510717,0.000124302037875,0.000857846112922],[-0.000647451088298,0.00185165612493,-0.00207489728928,0.00202944665216,-0.000158672060934,0.00144923268817,-0.00586427282542,0.015070120804,-0.00474334089085,0.00210713827983,0.00254301051609,-0.00568128796294,0.00472155539319],[0.00115263112821,-0.00112963537686,0.00259812665172,-0.00103242928162,0.000450531835668,0.000548287236597,0.00360251474194,-0.00474334089085,0.0167650859803,-0.00676729017869,0.00343140121549,0.00514921732247,-0.00319245457649],[-0.000750651757699,0.00147462647874,-0.00271828891709,0.00177668360993,-0.00247246143408,-0.00156802777201,0.000517203472555,0.00210713827983,-0.00676729017869,0.0185844637454,-0.00712430756539,0.00111031974666,0.0021179902833],[0.00139519001823,-0.00230347667821,0.00309305870906,-0.000928659574129,0.00326761673205,-0.00124034879263,0.000567775510717,0.00254301051609,0.00343140121549,-0.00712430756539,0.0238750949502,-0.0097632529214,0.00507362000644],[-0.000323587068124,0.00111649325117,-0.00145726674236,0.00036807579454,0.00112905993592,0.00157566531561,0.000124302037875,-0.00568128796294,0.00514921732247,0.00111031974666,-0.0097632529214,0.0235192812979,-0.00996155291796],[0.000542485795449,0.000906067376491,0.00212509091944,-0.00125664263032,-0.00171439012047,0.00144883058965,0.000857846112922,0.00472155539319,-0.00319245457649,0.0021179902833,0.00507362000644,-0.00996155291796,0.0246904827654]],"mean":[-102.257194519,136.200073242,-128.140487671,-14.4627275467,-52.1771850586,-7.60595417023,-41.8679733276,-12.5295715332,-30.2826881409,-8.53551769257,-14.5186815262,-6.60886049271,-15.4640645981]},"hfc":{"dmean":3.90373802185,"dmean2":5.45862674713,"dvar":107.890090942,"dvar2":205.222595215,"max":437.589202881,"mean":11.7562923431,"median":5.1978969574,"min":1.04312703024e-16,"var":380.238708496},"melbands":{"dmean":[0.0000089450750238,0.00019365020853,0.000310185016133,0.000402458535973,0.000331553892465,0.000307347130729,0.000124910424347,0.000145394544234,0.0000805623349152,0.0000518171400472,0.0000858649582369,0.0000235137431446,0.0000359770783689,0.0000242102578341,0.0000314125354635,0.0000655992189422,0.0000554287507839,0.0000655285039102,0.0000293236589641,0.0000193344421859,0.00000545831017007,0.00000300677652376,0.00000185639510164,7.88427655607e-7,6.74063130646e-7,7.02880072367e-7,3.03674539737e-7,2.8573950317e-7,2.02328521937e-7,1.48226661167e-7,7.99915866878e-8,8.67895622036e-8,1.06208489115e-7,7.27929716504e-8,8.6709178504e-8,8.59353050942e-8,6.77244926806e-8,3.56256038003e-8,3.58513041476e-8,2.51239047344e-8],"dmean2":[0.0000152164602696,0.000311598123517,0.000476161250845,0.000643542036414,0.000526811461896,0.000469571648864,0.000182739182492,0.000216136686504,0.0001204038781,0.0000729840976419,0.00012087720097,0.0000351934395439,0.00005355797839,0.0000375581694243,0.0000466611527372,0.0000941007820074,0.0000800956840976,0.0000969678731053,0.0000438177012256,0.0000259444186668,0.00000798397377366,0.00000461390936835,0.00000277251888292,0.00000115402201573,0.00000100111071788,9.92797936306e-7,4.45666699989e-7,4.35180254499e-7,3.00973397316e-7,2.27634714633e-7,1.19300565871e-7,1.30956124167e-7,1.57495776421e-7,1.10811818388e-7,1.3849691527e-7,1.27951636841e-7,1.02586191986e-7,5.51878223121e-8,5.82450461195e-8,4.07713862671e-8],"dvar":[3.21401727454e-9,0.00000153834787397,0.00000191184972209,8.57705629187e-7,0.00000145893909576,0.00000125363294501,2.17639254174e-7,2.77335459486e-7,2.09273963492e-7,1.2911579006e-7,6.99995865716e-8,4.20604528983e-9,1.18545058214e-8,8.21044388033e-9,1.6696871441e-8,1.1830022828e-7,5.05198762824e-8,1.03356413206e-7,2.1415395679e-8,1.56403689999e-8,8.86021478408e-10,1.05151248819e-10,4.18355870779e-11,7.63088117001e-12,2.24008073375e-12,2.90033969064e-12,1.26521406199e-12,5.41701340902e-13,1.33134182932e-12,1.0099795349e-12,7.68016496211e-14,1.56845565182e-13,1.86887736731e-13,2.05297205017e-13,8.40843616522e-13,2.39262982257e-13,7.48181356279e-14,1.13091349843e-14,3.63096054959e-14,6.53027292817e-15],"dvar2":[8.06190758595e-9,0.00000378208142138,0.00000502460898133,0.00000187978412214,0.00000311034045808,0.00000288355727207,4.27459895036e-7,5.53925303848e-7,4.63715025489e-7,3.00543234744e-7,1.62671554449e-7,9.62864099563e-9,2.65461679305e-8,1.8579093819e-8,3.17819690565e-8,1.92161920154e-7,1.06873805805e-7,2.33875013578e-7,4.17981453893e-8,2.96391853283e-8,1.98822713848e-9,2.53424170538e-10,8.10372810522e-11,1.5431267375e-11,5.12806507327e-12,5.98400192245e-12,2.88193687664e-12,1.32335266877e-12,3.69318421331e-12,2.8497547204e-12,2.00592106402e-13,4.20940409265e-13,5.05726320196e-13,5.70078218572e-13,2.35150267314e-12,6.68469132045e-13,2.01564622198e-13,2.89186094504e-14,1.01276327819e-13,1.75223130818e-14],"max":[0.00246856897138,0.0589974597096,0.0662546157837,0.026663608849,0.0471894517541,0.0422075390816,0.0204023253173,0.017849650234,0.0135635491461,0.0215552933514,0.0120457308367,0.00201549637131,0.00429646298289,0.00447654956952,0.00457075284794,0.0204719249159,0.00645434763283,0.00789922568947,0.00523496419191,0.00489062163979,0.00139234226663,0.000369981280528,0.000294326979201,0.000110654604214,0.0000350950249413,0.0000551774865016,0.0000556688173674,0.0000208844830922,0.0000460928749817,0.0000414394417021,0.00000990869375528,0.0000159362734848,0.0000167053531186,0.0000153655219037,0.0000364827537851,0.0000228870849242,0.00000918947444006,0.00000245147543865,0.00000816431565909,0.00000158899035796],"mean":[0.0000113555761345,0.000278075196547,0.000653366325423,0.000682756712195,0.000570324365981,0.000572495220695,0.000282063498162,0.000285400339635,0.000146415564814,0.00011176586122,0.000197081186343,0.0000486217686557,0.0000810159908724,0.000057426339481,0.0000633331583231,0.000118350726552,0.0000926464999793,0.00010520748765,0.0000475338601973,0.0000308825183311,0.00000970169367065,0.00000544038266526,0.00000353220229954,0.00000172926513642,0.00000158911325343,0.00000151865208409,5.5397089227e-7,4.79125674246e-7,3.02912042116e-7,2.38421279164e-7,1.33778982558e-7,1.21676109188e-7,1.46466774709e-7,9.58765937753e-8,9.68113056388e-8,1.04218720764e-7,8.166482246e-8,4.281199395e-8,3.38849623915e-8,2.45238105379e-8],"median":[0.00000574295881961,0.0000860533618834,0.000217093969695,0.000216372631257,0.000194268999621,0.000181578958291,0.0000998494797386,0.00010474332521,0.0000164844877872,0.0000534624196007,0.0000997184251901,0.000017746740923,0.0000329686918121,0.0000225591866183,0.0000210589387279,0.0000170951134351,0.0000149223014887,0.00000621596245765,0.00000222900007429,0.00000214521696762,0.00000202645674108,0.00000206016011361,0.000001300916324,6.20037440058e-7,7.13502458893e-7,6.1213677327e-7,2.27645784889e-7,1.88777619314e-7,9.37087492048e-8,7.24676709751e-8,4.66890881512e-8,2.93397235396e-8,3.44409798458e-8,2.178314773e-8,1.644007952e-8,1.31609247944e-8,1.16066267708e-8,7.41015782069e-9,4.29879820629e-9,3.17872794753e-9],"min":[8.63701519806e-25,1.25774385285e-24,1.60023964777e-24,1.49877793586e-24,2.58956568901e-24,1.5850289304e-24,2.03165722442e-24,2.990935751e-24,2.15016326227e-24,3.78743282978e-24,2.42914668241e-24,3.4662737502e-24,2.57999996167e-24,2.15985146026e-24,3.02460985646e-24,4.3485772018e-24,2.78549941077e-24,3.81310354693e-24,4.03351286157e-24,3.91525432884e-24,4.99891255434e-24,4.09199703693e-24,5.05529125995e-24,5.25434177115e-24,4.53985467207e-24,3.64124704329e-24,5.32894474139e-24,4.24062829224e-24,5.24125654088e-24,5.11677389561e-24,5.19172790895e-24,6.6483966469e-24,7.17568310886e-24,5.74321899007e-24,4.75368764778e-24,6.3267386128e-24,6.70324614564e-24,5.51978202727e-24,6.03199020189e-24,5.8883224594e-24],"var":[3.15746695456e-9,0.00000161707043844,0.00000351190692527,0.00000241280758928,0.00000236803975895,0.00000282384007733,7.74826730776e-7,7.71062957483e-7,5.83514520258e-7,1.30676141907e-7,1.16885935597e-7,1.01051309542e-8,2.98486249051e-8,2.88853048147e-8,4.45417924766e-8,4.16685111304e-7,9.83904513419e-8,1.78155971753e-7,4.63334295375e-8,3.47188411354e-8,1.67275848728e-9,1.99547142699e-10,9.20721832109e-11,1.78220875557e-11,6.34390717041e-12,7.95119872721e-12,1.71209617664e-12,7.59520972591e-13,9.92739961417e-13,6.99732643789e-13,8.30393493225e-14,1.41862379049e-13,1.69548579278e-13,1.49020336002e-13,5.47599617561e-13,1.74839119961e-13,6.66506034933e-14,1.15970508004e-14,2.47120608753e-14,5.24517783401e-15]},"melbands_crest":{"dmean":2.71220254898,"dmean2":4.42621850967,"dvar":6.81124591827,"dvar2":17.2887802124,"max":32.1423377991,"mean":12.4457063675,"median":11.408946991,"min":1.57676208019,"var":23.8784923553},"melbands_flatness_db":{"dmean":0.0217881072313,"dmean2":0.0309604909271,"dvar":0.000473114574561,"dvar2":0.000923347542994,"max":0.535089194775,"mean":0.263511151075,"median":0.257989645004,"min":0.00353154959157,"var":0.00381569145247},"melbands_kurtosis":{"dmean":2.74273061752,"dmean2":4.30370950699,"dvar":19.7358283997,"dvar2":48.7028846741,"max":98.949256897,"mean":5.13496923447,"median":2.72633266449,"min":-1.82221353054,"var":58.7305793762},"melbands_skewness":{"dmean":0.460539609194,"dmean2":0.702630639076,"dvar":0.23009262979,"dvar2":0.543779373169,"max":7.7423043251,"mean":1.52655756474,"median":1.43613100052,"min":-2.68373036385,"var":1.32763409615},"melbands_spread":{"dmean":3.11997199059,"dmean2":4.91638469696,"dvar":16.2170524597,"dvar2":36.3496055603,"max":162.650634766,"mean":16.121301651,"median":13.67664814,"min":0.725654840469,"var":173.523071289},"mfcc":{"cov":[[8991.65136719,940.625427246,-1253.19824219,-258.408355713,-87.3411102295,117.40549469,-348.286346436,-205.815872192,-344.010040283,-50.4802780151,-248.171768188,-261.712463379,-385.188201904],[940.625427246,1752.7746582,-482.818908691,-43.1310958862,37.6492195129,-76.292388916,-13.3128442764,-90.6694107056,-50.6369552612,-33.8561782837,21.1260471344,-49.1468467712,-9.29403781891],[-1253.19824219,-482.818908691,860.475524902,126.012123108,-103.56199646,-38.1752700806,121.989585876,108.444267273,20.0322570801,-32.315158844,14.6881923676,99.6446685791,91.7953491211],[-258.408355713,-43.1310958862,126.012123108,223.06060791,19.624376297,-6.39960289001,0.968623876572,9.12561893463,18.6054534912,-20.0782566071,-32.0212745667,12.0500106812,37.5112609863],[-87.3411102295,37.6492195129,-103.56199646,19.624376297,239.915908813,53.8102264404,-75.5840835571,-85.8789825439,32.0339584351,52.7508850098,-15.1238889694,-48.8197593689,14.0129585266],[117.40549469,-76.292388916,-38.1752700806,-6.39960289001,53.8102264404,120.443000793,-3.75728034973,-46.6629257202,-2.26228928566,29.0317592621,-0.358854025602,-21.6672115326,-15.3676509857],[-348.286346436,-13.3128442764,121.989585876,0.968623876572,-75.5840835571,-3.75728034973,144.11920166,66.2930374146,-17.0795955658,-29.4390888214,19.6563415527,38.1004295349,9.41791152954],[-205.815872192,-90.6694107056,108.444267273,9.12561893463,-85.8789825439,-46.6629257202,66.2930374146,133.149734497,13.7251596451,-40.2053718567,6.1745967865,35.9818611145,8.59311580658],[-344.010040283,-50.6369552612,20.0322570801,18.6054534912,32.0339584351,-2.26228928566,-17.0795955658,13.7251596451,98.9941482544,33.7050971985,0.642078280449,3.32228946686,21.6018753052],[-50.4802780151,-33.8561782837,-32.315158844,-20.0782566071,52.7508850098,29.0317592621,-29.4390888214,-40.2053718567,33.7050971985,99.5489349365,20.3718357086,-20.3760128021,-4.63930797577],[-248.171768188,21.1260471344,14.6881923676,-32.0212745667,-15.1238889694,-0.358854025602,19.6563415527,6.1745967865,0.642078280449,20.3718357086,82.3523025513,22.8445587158,2.33523821831],[-261.712463379,-49.1468467712,99.6446685791,12.0500106812,-48.8197593689,-21.6672115326,38.1004295349,35.9818611145,3.32228946686,-20.3760128021,22.8445587158,96.0254592896,35.4791603088],[-385.188201904,-9.29403781891,91.7953491211,37.5112609863,14.0129585266,-15.3676509857,9.41791152954,8.59311580658,21.6018753052,-4.63930797577,2.33523821831,35.4791603088,91.6901550293]],"icov":[[0.000237494430621,-0.000102483776573,0.000161533447681,0.0000838538690004,0.000296271435218,-0.00034233921906,0.000630099093542,-0.000265328679234,0.000732570770197,-0.000213305218494,0.000723868783098,-0.0000799071494839,0.000477885711007],[-0.000102483776573,0.000856486905832,0.000446408637799,-0.0001619195682,-0.000177113339305,0.00105241092388,-0.000926676555537,0.000946613377891,-0.000260825065197,0.000548083393369,-0.000775417720433,0.00039223631029,-0.000557313673198],[0.000161533447681,0.000446408637799,0.0021146510262,-0.000803483242635,0.000535636034328,0.000269324576948,-0.000785012438428,-0.000264056085143,0.000585313711781,-0.000326828623656,0.00022173592879,-0.000462700583739,-0.000976900570095],[0.0000838538690004,-0.0001619195682,-0.000803483242635,0.00568347144872,-0.000522648217157,-0.000315831275657,0.00051277858438,-0.0000380721612601,-0.000580271123908,0.00102616613731,0.00226235273294,-0.000189915226656,-0.00100255978759],[0.000296271435218,-0.000177113339305,0.000535636034328,-0.000522648217157,0.00749583914876,-0.00230937427841,0.00227403687313,0.00202368595637,-0.000674233830068,-0.00133608269971,0.00115074485075,0.00196907646023,-0.00175162474625],[-0.00034233921906,0.00105241092388,0.000269324576948,-0.000315831275657,-0.00230937427841,0.0125315608457,-0.00440116832033,0.00470050191507,-0.000944717612583,-0.00086011615349,-0.00117211369798,0.000804180279374,0.000890642229933],[0.000630099093542,-0.000926676555537,-0.000785012438428,0.00051277858438,0.00227403687313,-0.00440116832033,0.0136324772611,-0.00606172997504,0.0040931859985,-0.000273352896329,0.000536544423085,-0.00162171258125,0.000847562681884],[-0.000265328679234,0.000946613377891,-0.000264056085143,-0.0000380721612601,0.00202368595637,0.00470050191507,-0.00606172997504,0.0159944351763,-0.00586197106168,0.00459203589708,-0.00143486424349,-0.000151302418089,0.000571932294406],[0.000732570770197,-0.000260825065197,0.000585313711781,-0.000580271123908,-0.000674233830068,-0.000944717612583,0.0040931859985,-0.00586197106168,0.0167978927493,-0.00674629304558,0.00311644282192,-0.000953403592575,-0.00123319053091],[-0.000213305218494,0.000548083393369,-0.000326828623656,0.00102616613731,-0.00133608269971,-0.00086011615349,-0.000273352896329,0.00459203589708,-0.00674629304558,0.0169262439013,-0.00568365678191,0.0024680858478,0.000360175734386],[0.000723868783098,-0.000775417720433,0.00022173592879,0.00226235273294,0.00115074485075,-0.00117211369798,0.000536544423085,-0.00143486424349,0.00311644282192,-0.00568365678191,0.0181544199586,-0.00459654675797,0.00181630463339],[-0.0000799071494839,0.00039223631029,-0.000462700583739,-0.000189915226656,0.00196907646023,0.000804180279374,-0.00162171258125,-0.000151302418089,-0.000953403592575,0.0024680858478,-0.00459654675797,0.0165284946561,-0.00566946994513],[0.000477885711007,-0.000557313673198,-0.000976900570095,-0.00100255978759,-0.00175162474625,0.000890642229933,0.000847562681884,0.000571932294406,-0.00123319053091,0.000360175734386,0.00181630463339,-0.00566946994513,0.0169781669974]],"mean":[-741.02130127,180.11555481,-22.719783783,-0.620341181755,-5.28208398819,-3.48227477074,-6.80455303192,-7.51500415802,-17.1192836761,-7.37435436249,-8.27217197418,-7.41847372055,-8.78620243073]},"pitch_salience":{"dmean":0.0576012767851,"dmean2":0.0928362682462,"dvar":0.00284193083644,"dvar2":0.00714853173122,"max":0.840303897858,"mean":0.571209549904,"median":0.581969738007,"min":0.155688032508,"var":0.0104292426258},"silence_rate_20dB":{"dmean":0,"dmean2":0,"dvar":0,"dvar2":0,"max":1,"mean":1,"median":1,"min":1,"var":0},"silence_rate_30dB":{"dmean":0.00654902681708,"dmean2":0.0131004368886,"dvar":0.0065056332387,"dvar2":0.0151109099388,"max":1,"mean":0.991087675095,"median":1,"min":0,"var":0.00883343908936},"silence_rate_60dB":{"dmean":0.0316536277533,"dmean2":0.0633187741041,"dvar":0.0306518040597,"dvar2":0.069134645164,"max":1,"mean":0.116587847471,"median":0,"min":0,"var":0.102995961905},"spectral_centroid":{"dmean":102.840286255,"dmean2":159.686477661,"dvar":34074.15625,"dvar2":73649.75,"max":11648.0146484,"mean":834.217651367,"median":691.723266602,"min":162.217971802,"var":905481.875},"spectral_complexity":{"dmean":1.62088406086,"dmean2":2.57459974289,"dvar":2.89462709427,"dvar2":6.36882734299,"max":33,"mean":12.6349582672,"median":12,"min":0,"var":24.8652744293},"spectral_contrast_coeffs":{"dmean":[0.0483817271888,0.0363247618079,0.0293277427554,0.0278913211077,0.0210044216365,0.0186556950212],"dmean2":[0.0808333829045,0.0577832125127,0.0451537668705,0.0430125147104,0.0316507220268,0.0251822695136],"dvar":[0.00156227813568,0.00111716019455,0.00072978285607,0.000655730080325,0.000408487365348,0.000354215095285],"dvar2":[0.00422315625474,0.00286995247006,0.00165808794554,0.00134881027043,0.000789503625128,0.000622861727607],"max":[-0.245597288013,-0.32907307148,-0.486795157194,-0.433665394783,-0.58421254158,-0.63110101223],"mean":[-0.539274394512,-0.677254080772,-0.711723327637,-0.748797237873,-0.76809412241,-0.787971913815],"median":[-0.537614941597,-0.681753516197,-0.706437051296,-0.755080103874,-0.767238616943,-0.78240776062],"min":[-0.972539722919,-0.981927990913,-0.978931009769,-0.968422472477,-0.965603411198,-0.964078843594],"var":[0.00964741688222,0.00654245400801,0.00463553657755,0.00543914129958,0.00308695156127,0.00235861167312]},"spectral_contrast_valleys":{"dmean":[0.456134855747,0.256292968988,0.230847597122,0.252962350845,0.267817497253,0.382340341806],"dmean2":[0.759221971035,0.412764281034,0.359539568424,0.382232874632,0.359410375357,0.45471560955],"dvar":[0.172787100077,0.0972182527184,0.0716461613774,0.0884193256497,0.106389783323,0.205971062183],"dvar2":[0.421042412519,0.203429102898,0.14396867156,0.159865170717,0.18412552774,0.322852820158],"max":[-5.24599885941,-4.43873691559,-5.89180517197,-5.57980918884,-6.40789413452,-9.0571975708],"mean":[-8.83181858063,-7.38430643082,-7.97058105469,-8.45815849304,-9.3106803894,-12.2276000977],"median":[-8.58790779114,-7.09795093536,-7.68563842773,-8.12410354614,-9.05832672119,-12.2354803085],"min":[-27.8204574585,-27.7942256927,-27.8860797882,-27.5969982147,-27.4473743439,-27.3694763184],"var":[3.44969582558,4.06100845337,4.00014829636,4.26116371155,3.59490776062,2.73369908333]},"spectral_decrease":{"dmean":1.43854395063e-9,"dmean2":2.09923367578e-9,"dvar":1.2336468258e-17,"dvar2":2.80514117986e-17,"max":1.6855912207e-28,"mean":-4.24831814172e-9,"median":-2.29466712298e-9,"min":-1.16929122385e-7,"var":3.2411222727e-17},"spectral_energy":{"dmean":0.00575355114415,"dmean2":0.00837074220181,"dvar":0.000194129999727,"dvar2":0.000436389294919,"max":0.452441632748,"mean":0.0171004217118,"median":0.00915974378586,"min":9.98309337109e-21,"var":0.000524397648405},"spectral_energyband_high":{"dmean":0.0000253477373917,"dmean2":0.0000362366990885,"dvar":9.8396659709e-9,"dvar2":2.67066031512e-8,"max":0.00261592282914,"mean":0.0000400554490625,"median":0.0000129873369588,"min":7.16467011207e-21,"var":8.97452334669e-9},"spectral_energyband_low":{"dmean":0.000895736331586,"dmean2":0.00141211017035,"dvar":0.0000339459038514,"dvar2":0.0000880264051375,"max":0.288851946592,"mean":0.00153875607066,"median":0.00053171342006,"min":3.1806534066e-23,"var":0.0000353903051291},"spectral_energyband_middle_high":{"dmean":0.00180610269308,"dmean2":0.00255818548612,"dvar":0.00002972571383,"dvar2":0.0000567375100218,"max":0.219905793667,"mean":0.00484550511464,"median":0.0014790201094,"min":1.21575890369e-21,"var":0.000110830165795},"spectral_energyband_middle_low":{"dmean":0.00429679406807,"dmean2":0.00644977437332,"dvar":0.000100614095572,"dvar2":0.000230393052334,"max":0.311134248972,"mean":0.0112439217046,"median":0.00600427156314,"min":1.76287112521e-22,"var":0.00027351162862},"spectral_entropy":{"dmean":0.168378680944,"dmean2":0.241194874048,"dvar":0.0330444015563,"dvar2":0.0674690306187,"max":9.8272857666,"mean":6.82383441925,"median":6.79458141327,"min":5.02608108521,"var":0.231969699264},"spectral_flux":{"dmean":0.0175956822932,"dmean2":0.0269959829748,"dvar":0.000600879720878,"dvar2":0.00129820150323,"max":0.580808162689,"mean":0.0525211729109,"median":0.0402178391814,"min":6.47739917259e-11,"var":0.00207022554241},"spectral_kurtosis":{"dmean":5.90894937515,"dmean2":9.78360557556,"dvar":39.5309104919,"dvar2":108.476493835,"max":87.7823791504,"mean":16.2481479645,"median":13.5244426727,"min":-1.27574503422,"var":113.968315125},"spectral_rms":{"dmean":0.000562046188861,"dmean2":0.000794994237367,"dvar":6.73504644055e-7,"dvar2":0.00000131187687202,"max":0.0210096761584,"mean":0.00351739162579,"median":0.00298937037587,"min":3.12083366961e-12,"var":0.00000431129819845},"spectral_rolloff":{"dmean":172.185958862,"dmean2":295.260925293,"dvar":367406.40625,"dvar2":924190.375,"max":20628.8085938,"mean":1383.68310547,"median":990.52734375,"min":150.732421875,"var":7052523},"spectral_skewness":{"dmean":0.444622844458,"dmean2":0.734610438347,"dvar":0.185870423913,"dvar2":0.498816430569,"max":7.05525779724,"mean":2.78972673416,"median":2.66977453232,"min":-0.124850779772,"var":0.691971838474},"spectral_spread":{"dmean":512650.5,"dmean2":732359.0625,"dvar":661949448192,"dvar2":1343410405380,"max":42377536,"mean":3022129.75,"median":2328050.5,"min":846555.6875,"var":13488620568600},"spectral_strongpeak":{"dmean":0.547216773033,"dmean2":0.883901774883,"dvar":1.2029889822,"dvar2":2.87244081497,"max":21.8727283478,"mean":1.23616313934,"median":0.637661457062,"min":0,"var":3.38506340981},"zerocrossingrate":{"dmean":0.0046467105858,"dmean2":0.00599397206679,"dvar":0.0000686001367285,"dvar2":0.000123630292364,"max":0.51220703125,"mean":0.0454591810703,"median":0.03515625,"min":0.00732421875,"var":0.00342029612511}},"metadata":{"audio_properties":{"analysis_sample_rate":44100,"bit_rate":0,"codec":"flac","downmix":"mix","equal_loudness":0,"length":127.63999939,"lossless":true,"md5_encoded":"fa4f34da695678bf9c8ca08e4ad56cda","replay_gain":-5.02473258972},"tags":{"acoustid_id":["df099fd6-c508-420d-83db-115d0e3f3d09"],"album":["Experimental Jet Set, Trash and No Star"],"albumartist":["Sonic Youth"],"albumartistsort":["Sonic Youth"],"artist":["Sonic Youth"],"artists":["Sonic Youth"],"artistsort":["Sonic Youth"],"asin":["B000003TB0"],"barcode":["720642463222"],"catalognumber":["GED 24632"],"composer":["Sonic Youth"],"composersort":["Sonic Youth"],"date":["1994"],"engineer":["Butch Vig","John Siket"],"file_name":"01 - Winner's Blues.flac","label":["Geffen Records"],"media":["CD"],"mixer":["Butch Vig"],"musicbrainz_albumartistid":["5cbef01b-cc35-4f52-af7b-d0df0c4f61b9"],"musicbrainz_albumid":["f9ddef18-413c-3d92-8035-6ff686f79146"],"musicbrainz_artistid":["5cbef01b-cc35-4f52-af7b-d0df0c4f61b9"],"musicbrainz_recordingid":["374200ae-9796-43d6-8b5a-67ffe624353e"],"musicbrainz_releasegroupid":["98800fc1-53a8-3084-aeb9-91b7674cf5d0"],"musicbrainz_releasetrackid":["bf89efa2-401c-36a4-906e-7e023314d858"],"originaldate":["1994"],"producer":["Sonic Youth"],"releasecountry":["XE"],"releasestatus":["official"],"releasetype":["album"],"script":["Latn"],"title":["Winner's Blues"],"totaltracks":["14"],"tracknumber":["1"],"tracktotal":["14"]},"version":{"essentia":"2.1-beta1","essentia_build_sha":"85931cb11b241c07ac43bfc3827c398894034a25","essentia_git_sha":"v2.1_beta1-6-g5578087","extractor":"music 1.0"}},"rhythm":{"beats_count":259,"beats_loudness":{"dmean":0.0170888993889,"dmean2":0.0288953110576,"dvar":0.000571562268306,"dvar2":0.00137347879354,"max":0.2