{"lowlevel":{"average_loudness":0.679801225662,"barkbands":{"dmean":[0.000196108157979,0.00553161837161,0.00278344727121,0.00111781770829,0.00134686857928,0.00106065545697,0.000466545141535,0.00047350639943,0.000450963445473,0.000414156354964,0.00031001662137,0.000402129808208,0.000361617800081,0.000331606483087,0.000205608695978,0.000216623928281,0.000163058444741,0.000155875124619,0.000136306145578,0.000128450221382,0.000044189455366,0.0000313835225825,0.0000431188636867,0.0000428020648542,0.0000239972632698,0.00000967971845967,0.00000209541371987],"dmean2":[0.000330659997417,0.00909887440503,0.00463892985135,0.00183094176464,0.00221866089851,0.00171898736153,0.000726790342014,0.000744174350984,0.000706774531864,0.000653471448459,0.000500174530316,0.000647043751087,0.000580998486839,0.000537312589586,0.000332438328769,0.000349768495653,0.00026843015803,0.000248492287938,0.000216699219891,0.000205118587473,0.0000686371568008,0.000046670807933,0.0000616282704868,0.0000590562485741,0.0000343596293533,0.0000138907444125,0.00000294132564704],"dvar":[3.56741594487e-7,0.000162448646734,0.0000353072864527,0.00000531392788616,0.00000669613791615,0.0000035152440887,8.96134281447e-7,0.00000118086836665,0.00000100650811419,0.00000112092800464,6.94389200362e-7,8.53358926634e-7,9.74350768956e-7,6.48723755603e-7,2.65782290398e-7,2.38425570842e-7,1.41434668421e-7,1.27419298224e-7,9.8433865503e-8,8.19626961857e-8,1.27474155676e-8,1.18226024526e-8,2.73262017458e-8,2.99477349586e-8,1.32697683952e-8,1.44522849244e-9,4.71310247774e-11],"dvar2":[9.79543528956e-7,0.000420909083914,0.0000993689827737,0.0000141214786709,0.000017829832359,0.00000923185416468,0.00000212376994568,0.00000300243482343,0.00000245768683271,0.00000304721584143,0.00000187409943919,0.00000228504927691,0.00000256295970757,0.00000169241207004,6.92674973379e-7,5.72874284899e-7,3.8034517047e-7,3.14788707101e-7,2.50811496016e-7,2.06631284527e-7,2.73248623728e-8,2.23851390757e-8,5.09373805357e-8,5.34351833892e-8,3.07609262507e-8,3.41792283365e-9,9.59221799213e-11],"max":[0.00882762484252,0.173563182354,0.0836811810732,0.0473715029657,0.0456457734108,0.0338548645377,0.027044063434,0.0339775569737,0.0224077869207,0.0275532416999,0.0201494116336,0.0214328207076,0.0231668110937,0.0169623047113,0.0132745690644,0.0132164154202,0.00820370204747,0.0132199013606,0.00890070945024,0.00604239758104,0.00262623699382,0.00260373367928,0.00540879322216,0.00524095492437,0.00411296728998,0.00190472579561,0.000303087144857],"mean":[0.000340031052474,0.0105623556301,0.00541772507131,0.00185110606253,0.002419534605,0.00195311300922,0.000871964148246,0.000834404258057,0.000788769044448,0.000717765011359,0.00051665189676,0.000710226420779,0.000605342036579,0.000579069601372,0.000374313211069,0.000402500125347,0.000308878166834,0.000328412221279,0.000301984080579,0.000274748017546,0.0000869683135534,0.0000589556548221,0.0000860994477989,0.0000829596683616,0.0000388482112612,0.0000137799652293,0.00000290714706352],"median":[0.000104028040369,0.00573723670095,0.0022757621482,0.000676987052429,0.00124739436433,0.000999867450446,0.000458984519355,0.00036207147059,0.000304115499603,0.000192120933207,0.000133924535476,0.000177147070644,0.000105187325971,0.000108499640191,0.0000801025016699,0.0000945296924328,0.0000598989863647,0.0000663897008053,0.0000611788927927,0.0000520058492839,0.0000132171280711,0.0000068451909101,0.0000127761322801,0.0000136823946377,0.00000550540335098,0.00000202754790735,2.88194257791e-7],"min":[3.66623771303e-25,4.72022771805e-24,1.50171427336e-24,1.19547807553e-24,5.07257954112e-24,9.15501163957e-24,1.27682817309e-23,6.93523909381e-24,1.61676821644e-23,9.07018542643e-24,1.7373637496e-23,2.84797908773e-23,1.66298252817e-23,3.64730312845e-23,4.66818317203e-23,5.68529340711e-23,5.0986958069e-23,8.53981372947e-23,1.59542978139e-22,1.93533139144e-22,3.06338342703e-22,3.5696316944e-22,4.28326480422e-22,6.39795375677e-22,9.28073322245e-22,1.32686777863e-21,2.03126356706e-21],"var":[3.89107242427e-7,0.000242312831688,0.0000696612696629,0.00000959038243309,0.0000110104965643,0.00000742170732337,0.00000206193067243,0.00000238524421547,0.00000206162053473,0.00000239105474975,0.00000132489685711,0.00000182028566087,0.00000201340185413,0.00000149280833739,6.54686061807e-7,6.58333590309e-7,3.79325712174e-7,4.44728073035e-7,3.44476973169e-7,2.54965016211e-7,3.54096343358e-8,3.25310374194e-8,7.80377646947e-8,8.19377987682e-8,1.88623054953e-8,1.83915527252e-9,9.46722839013e-11]},"barkbands_crest":{"dmean":2.22936940193,"dmean2":3.53404092789,"dvar":5.31301736832,"dvar2":13.4077234268,"max":26.6890277863,"mean":11.0688591003,"median":10.2619657516,"min":2.31338143349,"var":21.4225997925},"barkbands_flatness_db":{"dmean":0.0235810559243,"dmean2":0.0351422652602,"dvar":0.000699082913343,"dvar2":0.00154932762962,"max":0.679800450802,"mean":0.184828817844,"median":0.158010989428,"min":0.0219653174281,"var":0.010275692679},"barkbands_kurtosis":{"dmean":3.87197685242,"dmean2":6.04132127762,"dvar":77.8279418945,"dvar2":186.176071167,"max":367.680206299,"mean":7.61102056503,"median":3.12956762314,"min":-1.94494175911,"var":375.880462646},"barkbands_skewness":{"dmean":0.541460037231,"dmean2":0.82520198822,"dvar":0.434051126242,"dvar2":0.986814200878,"max":12.0678071976,"mean":1.73444223404,"median":1.67170405388,"min":-18.0203819275,"var":3.27235126495},"barkbands_spread":{"dmean":4.25930976868,"dmean2":6.45758485794,"dvar":44.5222206116,"dvar2":90.4996109009,"max":114.192443848,"mean":17.7636299133,"median":14.9502868652,"min":0.388698786497,"var":205.547302246},"dissonance":{"dmean":0.022139724344,"dmean2":0.0372285246849,"dvar":0.000594359706156,"dvar2":0.00157524272799,"max":0.5,"mean":0.450882762671,"median":0.463452786207,"min":0,"var":0.00195653480478},"dynamic_complexity":5.34118318558,"erbbands":{"dmean":[0.145986706018,1.38435959816,3.27284097672,3.31154632568,3.86331224442,4.2112326622,8.28759765625,9.53371238708,7.11022901535,6.38999986649,10.2439174652,9.54672145844,11.1858520508,12.7422895432,11.6279230118,13.1190729141,15.1587505341,13.1472969055,13.4172782898,8.65335464478,11.9650440216,9.89735889435,9.38736438751,5.64366579056,7.14853239059,5.20519638062,1.99191832542,1.68555128574,1.17635858059,1.13084638119,1.29314744473,0.856592476368,0.76593130827,0.386012524366,0.104574121535,0.0437329560518,0.0187199469656,0.00311679812148,0.000347235123627,0.0000278533934761],"dmean2":[0.240962266922,2.30032324791,5.47526311874,5.39256620407,6.42097091675,7.00532484055,13.2353162766,15.595202446,11.2063264847,10.1129417419,15.9616060257,14.9235916138,17.7392520905,20.588558197,18.8102207184,21.0324687958,24.1045818329,20.6515979767,21.6883182526,13.7818498611,19.3734874725,16.2174606323,14.8664464951,8.96035194397,11.1113853455,8.20376396179,3.18146634102,2.53331851959,1.74992549419,1.67228901386,1.84444987774,1.16953670979,1.08923637867,0.556260108948,0.15275785327,0.0627829656005,0.027467591688,0.00440099136904,0.000496103370097,0.0000398347874579],"dvar":[0.145028814673,9.8906621933,47.8903083801,47.7305374146,79.5708847046,76.6807632446,222.858963013,369.142272949,192.667098999,262.130371094,485.299865723,507.340759277,657.395263672,1121.35327148,785.908874512,995.17010498,1599.86547852,1089.45690918,1034.3515625,367.611724854,792.852661133,516.818359375,486.851501465,186.278686523,269.917938232,154.562423706,21.1335163116,23.7028999329,17.124458313,16.6647720337,25.7168235779,12.2691888809,10.1000385284,3.37861347198,0.252653241158,0.0320491157472,0.00557377422228,0.00012376459199,0.0000013619130641,4.83011586283e-9],"dvar2":[0.391167521477,26.528131485,134.860824585,131.11618042,210.178482056,203.581924438,574.28515625,975.412658691,457.551849365,656.698669434,1206.54614258,1215.98327637,1749.84997559,2993.33325195,2248.63916016,2642.375,4065.58398438,2733.13208008,2674.68530273,903.302185059,1941.28442383,1413.44396973,1180.484375,471.053253174,655.575744629,380.153564453,52.1771430969,47.3800544739,32.7337722778,33.0952796936,48.9335212708,19.4417972565,20.4083156586,7.44923734665,0.623345196247,0.0779649913311,0.0133288027719,0.000267499621259,0.00000296059670291,9.01291752342e-9],"max":[5.35869216919,45.350528717,92.1871871948,143.265014648,228.493545532,174.400222778,245.943527222,401.499389648,411.334075928,549.472717285,594.471801758,521.942626953,621.437561035,870.939025879,744.535095215,810.186401367,920.092346191,843.034240723,893.553649902,490.441558838,695.210388184,525.229797363,900.346008301,470.994598389,513.365905762,365.549743652,107.046798706,147.747955322,103.151191711,127.605377197,177.834640503,128.217041016,100.964897156,61.5133781433,24.6255779266,9.43015384674,3.74804019928,0.462317943573,0.0457401238382,0.00296708079986],"mean":[0.234310269356,2.60500264168,6.84099960327,5.969186306,6.68771934509,6.90656471252,14.6149702072,17.1870155334,13.9540605545,12.2770776749,19.0425815582,16.9049034119,21.1378669739,23.1151103973,21.9126224518,24.9050006866,27.8909835815,25.8443069458,26.7506752014,18.0254058838,23.1087493896,20.1431465149,20.1056175232,13.8341159821,17.0837898254,11.6560077667,4.21318006516,3.19022655487,2.20865392685,2.13221287727,2.54453825951,1.74919009209,1.38302099705,0.635932147503,0.1692943573,0.0655266344547,0.0252637434751,0.00442712567747,0.000497283763252,0.0000634761818219],"median":[0.101352214813,1.45581746101,3.27047944069,2.82607841492,2.58320069313,3.5409784317,7.25139904022,8.39591789246,7.96458053589,6.1872420311,9.12448215485,7.0619969368,7.47013235092,6.98512601852,6.60563373566,6.45007514954,6.06044769287,5.51467418671,7.01065731049,5.40627098083,5.73486328125,4.46248626709,4.01949119568,3.49908971786,3.55247783661,2.33578515053,0.856546163559,0.428678691387,0.252618670464,0.279923707247,0.378278136253,0.277080029249,0.209754288197,0.0862825661898,0.0265894643962,0.0104702534154,0.00329345371574,0.000590126670431,0.0000696857605362,0.0000384512204619],"min":[1.42421843975e-22,1.14118148308e-21,1.34127023305e-21,5.18498618375e-21,1.25876137014e-20,2.06549066906e-20,4.77222725861e-20,9.90284279607e-20,1.46201278137e-19,1.93749235333e-19,1.94616172314e-19,4.39112602185e-19,4.38428368722e-19,5.57057028706e-19,8.65642856676e-19,1.33833542451e-18,1.21423692933e-18,2.16342140896e-18,2.43584217677e-18,2.98134566366e-18,4.42867454159e-18,3.86260341556e-18,5.858720101e-18,6.64695291442e-18,8.46608851754e-18,9.36309971741e-18,8.25973011577e-18,1.24200970451e-17,1.32258098393e-17,1.26556350702e-17,1.15342445117e-17,1.02558583817e-17,1.04934014926e-17,8.53432181909e-18,7.12465964433e-18,4.36924120099e-18,2.44719812581e-18,8.90420534937e-19,2.63451674274e-19,2.90879871862e-20],"var":[0.180512964725,13.8773488998,94.7792816162,82.822593689,145.564376831,108.476928711,440.824371338,742.812438965,460.789611816,509.822387695,1014.6663208,993.901916504,1488.52172852,2311.14941406,1676.56237793,2267.61547852,3654.43505859,2803.03833008,2661.71972656,1024.46606445,2222.58569336,1453.85705566,1774.46777344,689.127075195,1005.5390625,484.9296875,61.834236145,64.7203598022,46.7352752686,44.1874504089,71.8574676514,40.3546295166,21.7008209229,5.41291666031,0.302046597004,0.0389135181904,0.00675151497126,0.000212390295928,0.00000241370662479,1.23093117921e-8]},"erbbands_crest":{"dmean":2.17402839661,"dmean2":3.47393488884,"dvar":4.21295499802,"dvar2":10.4242925644,"max":27.8265686035,"mean":8.65533161163,"median":7.7781124115,"min":2.41920614243,"var":14.289068222},"erbbands_flatness_db":{"dmean":0.0179331731051,"dmean2":0.0257906764746,"dvar":0.000341411621775,"dvar2":0.000705568352714,"max":0.507478058338,"mean":0.177394598722,"median":0.160654783249,"min":0.0424816198647,"var":0.00500654941425},"erbbands_kurtosis":{"dmean":0.892762422562,"dmean2":1.4111058712,"dvar":1.99834549427,"dvar2":4.72556209564,"max":41.8716888428,"mean":0.620562493801,"median":-0.0795825719833,"min":-1.8453925848,"var":6.16687297821},"erbbands_skewness":{"dmean":0.328292906284,"dmean2":0.499807029963,"dvar":0.110138632357,"dvar2":0.238945364952,"max":4.94935083389,"mean":0.289975434542,"median":0.229178071022,"min":-3.87496328354,"var":0.65983235836},"erbbands_spread":{"dmean":6.97874307632,"dmean2":10.7302122116,"dvar":77.4171295166,"dvar2":171.989074707,"max":177.763763428,"mean":35.0418434143,"median":32.5747833252,"min":1.54541516304,"var":359.798858643},"gfcc":{"cov":[[31291.5585938,-1393.33666992,-2929.86816406,2459.58300781,-463.227020264,2182.09985352,-650.431762695,1356.21911621,-581.040527344,485.637298584,-268.977294922,115.880966187,-680.034973145],[-1393.33666992,3240.84277344,82.1525878906,-263.114471436,515.006713867,-408.644592285,378.793212891,-240.484375,182.427978516,-154.908706665,151.375930786,-157.920349121,200.883621216],[-2929.86816406,82.1525878906,1365.0065918,-143.939041138,33.4595985413,-17.9869194031,73.1341018677,-57.6578712463,121.869392395,-12.5571012497,-21.6493053436,25.0717105865,28.7717342377],[2459.58300781,-263.114471436,-143.939041138,566.912536621,52.1702957153,227.227081299,-22.1994991302,143.353485107,33.3143081665,49.5991325378,-9.16320133209,11.4082317352,-17.3129291534],[-463.227020264,515.006713867,33.4595985413,52.1702957153,436.395629883,-11.3860864639,142.890838623,3.21813607216,87.7328720093,1.26494574547,58.9772567749,-29.3633937836,31.1470947266],[2182.09985352,-408.644592285,-17.9869194031,227.227081299,-11.3860864639,417.136962891,11.9202432632,150.759414673,-3.48055815697,71.6152420044,-7.67379188538,21.9165439606,-74.3555221558],[-650.431762695,378.793212891,73.1341018677,-22.1994991302,142.890838623,11.9202432632,288.149169922,-55.2009773254,51.2045402527,9.71385860443,26.6856250763,1.03945827484,30.8656845093],[1356.21911621,-240.484375,-57.6578712463,143.353485107,3.21813607216,150.759414673,-55.2009773254,236.118362427,4.58273172379,19.665927887,26.5337715149,5.09963035583,-41.4845275879],[-581.040527344,182.427978516,121.869392395,33.3143081665,87.7328720093,-3.48055815697,51.2045402527,4.58273172379,165.137664795,20.2525520325,15.875243187,-1.52230906487,43.2692375183],[485.637298584,-154.908706665,-12.5571012497,49.5991325378,1.26494574547,71.6152420044,9.71385860443,19.665927887,20.2525520325,109.186019897,-0.290907740593,13.4198007584,-12.5549268723],[-268.977294922,151.375930786,-21.6493053436,-9.16320133209,58.9772567749,-7.67379188538,26.6856250763,26.5337715149,15.875243187,-0.290907740593,124.709266663,-12.8199110031,4.53435516357],[115.880966187,-157.920349121,25.0717105865,11.4082317352,-29.3633937836,21.9165439606,1.03945827484,5.09963035583,-1.52230906487,13.4198007584,-12.8199110031,85.0198364258,13.1154546738],[-680.034973145,200.883621216,28.7717342377,-17.3129291534,31.1470947266,-74.3555221558,30.8656845093,-41.4845275879,43.2692375183,-12.5549268723,4.53435516357,13.1154546738,98.2690505981]],"icov":[[0.000209828838706,-0.000321004947182,0.000306191242998,-0.000535850180313,0.000225159703405,-0.000647105684038,0.000381789403036,-0.000515545485541,0.00054818514036,-0.000573559373152,0.000581533357035,-0.00055881543085,0.000758735113777],[-0.000321004947182,0.00110177521128,-0.000431399792433,0.000917444645893,-0.000727426668163,0.00120247574523,-0.00105051277205,0.000980804557912,-0.00106791674625,0.00143329624552,-0.00121937412769,0.00173293345142,-0.00182298221625],[0.000306191242998,-0.000431399792433,0.00129410403315,-0.000496144173667,0.000322602165397,-0.00109519681428,0.000452053034678,-0.000614438962657,0.0000209743575397,-0.000546361203305,0.00102973729372,-0.00105436646845,0.00121631508227],[-0.000535850180313,0.000917444645893,-0.000496144173667,0.00399843975902,-0.00103406584822,0.000464070239104,-0.000709336658474,0.000534615362994,-0.00190293602645,0.00132471194956,-0.000998170580715,0.00157676206436,-0.00276377657428],[0.000225159703405,-0.000727426668163,0.000322602165397,-0.00103406584822,0.00370907085016,-0.000514927029144,-0.000713196874131,-0.000930000445805,-0.000359375786502,-0.000779363268521,-0.000105178587546,-0.000209180172533,0.00112613022793],[-0.000647105684038,0.00120247574523,-0.00109519681428,0.000464070239104,-0.000514927029144,0.00664524314925,-0.00238760071807,-0.000269627518719,-0.00159544753842,0.000286850612611,-0.00145620061085,0.00124757003505,-0.0000664788822178],[0.000381789403036,-0.00105051277205,0.000452053034678,-0.000709336658474,-0.000713196874131,-0.00238760071807,0.00585831375793,0.000461817631731,0.000650254543871,-0.00158980581909,0.000628052162938,-0.00204637018032,0.00106126395985],[-0.000515545485541,0.000980804557912,-0.000614438962657,0.000534615362994,-0.000930000445805,-0.000269627518719,0.000461817631731,0.00810440629721,-0.00220016459934,0.00224573537707,-0.00334766414016,0.00109480379615,-0.000667509331834],[0.00054818514036,-0.00106791674625,0.0000209743575397,-0.00190293602645,-0.000359375786502,-0.00159544753842,0.000650254543871,-0.00220016459934,0.01025610324,-0.00366538763046,0.00139582378324,-0.00086257426301,-0.00152464606799],[-0.000573559373152,0.00143329624552,-0.000546361203305,0.00132471194956,-0.000779363268521,0.000286850612611,-0.00158980581909,0.00224573537707,-0.00366538763046,0.0130710778758,-0.00210655597039,0.000724633457139,-0.00130988634191],[0.000581533357035,-0.00121937412769,0.00102973729372,-0.000998170580715,-0.000105178587546,-0.00145620061085,0.000628052162938,-0.00334766414016,0.00139582378324,-0.00210655597039,0.0110349087045,-0.000997766735964,0.00210087234154],[-0.00055881543085,0.00173293345142,-0.00105436646845,0.00157676206436,-0.000209180172533,0.00124757003505,-0.00204637018032,0.00109480379615,-0.00086257426301,0.000724633457139,-0.000997766735964,0.0161049030721,-0.00633889110759],[0.000758735113777,-0.00182298221625,0.00121631508227,-0.00276377657428,0.00112613022793,-0.0000664788822178,0.00106126395985,-0.000667509331834,-0.00152464606799,-0.00130988634191,0.00210087234154,-0.00633889110759,0.0185409188271]],"mean":[-65.846321106,126.793075562,-102.871391296,25.3958854675,-41.9095306396,5.80479001999,-30.6108036041,7.23067903519,-18.1598682404,-2.23060584068,-4.91093826294,-4.62460231781,-6.49628305435]},"hfc":{"dmean":3.64015054703,"dmean2":5.31338596344,"dvar":35.2799339294,"dvar2":71.7589492798,"max":125.488723755,"mean":16.0769081116,"median":10.3919067383,"min":1.10799698234e-16,"var":290.500366211},"melbands":{"dmean":[0.00138579623308,0.001726420247,0.000565418391488,0.000269858632237,0.000268784089712,0.0002029833704,0.000102248071926,0.0000803904331406,0.0000824767339509,0.0000625299071544,0.0000599473059992,0.0000556596314709,0.0000360748563253,0.000043879605073,0.0000397983203584,0.0000376543139282,0.0000258602995018,0.0000261346795014,0.0000175314453372,0.0000128450919874,0.0000142803919516,0.0000115684797493,0.00000893916239875,0.00000714771022103,0.00000495009135193,0.00000576201910008,0.00000645743102723,0.00000316946125167,0.00000149145228079,0.00000105228866687,9.82059759735e-7,7.31105103569e-7,5.94640198415e-7,6.96109907494e-7,8.14953125428e-7,6.69691132771e-7,5.22450136486e-7,5.58064300549e-7,5.25091991221e-7,2.80035294509e-7],"dmean2":[0.00225520948879,0.00288364314474,0.000918052741326,0.000452476466307,0.000430060870713,0.000330174691044,0.000161244839546,0.00012704715482,0.000128155588754,0.0000977729578153,0.0000951243418967,0.0000892149109859,0.0000581353124289,0.0000700920209056,0.0000647275810479,0.0000603499647696,0.0000408397936553,0.0000423795354436,0.0000282530272671,0.0000206652402994,0.0000231897029153,0.000019109040295,0.0000143394745464,0.0000112757024908,0.00000797755910753,0.00000916827866604,0.000010280816241,0.00000500990881847,0.00000242383930527,0.00000164034020145,0.00000149182142195,0.00000110768951345,8.97878351225e-7,0.00000104224113784,0.00000119360527151,9.40669508509e-7,7.32382602564e-7,8.1066121993e-7,7.64819162669e-7,4.14150406414e-7],"dvar":[0.0000111771860247,0.0000132316954478,0.00000126527709199,3.45167734395e-7,2.32510785736e-7,1.51064952547e-7,3.95410104659e-8,3.84470304482e-8,3.18495985141e-8,2.14740758508e-8,1.95452081186e-8,2.00893595093e-8,7.82168640967e-9,1.0690555996e-8,1.41900589057e-8,1.25175496635e-8,4.25805479765e-9,4.5636712187e-9,2.24288032591e-9,9.05196584355e-10,1.28304977753e-9,7.86044951351e-10,4.03842570496e-10,2.98870206361e-10,1.5986180435e-10,1.81264100951e-10,2.25997748293e-10,6.98764379692e-11,1.19174253799e-11,8.05787988417e-12,9.8026786341e-12,6.69838099918e-12,4.43971378758e-12,6.58880025192e-12,1.00966734973e-11,7.75974076661e-12,4.5538473166e-12,4.91567246977e-12,5.84266272516e-12,1.88830158107e-12],"dvar2":[0.0000283991703327,0.0000371498099412,0.00000342246175933,9.35823550208e-7,5.95879498633e-7,3.98204349494e-7,9.47747480495e-8,9.76596368218e-8,7.7869110271e-8,5.27071577494e-8,5.2414975471e-8,5.39162527957e-8,2.16169802059e-8,2.83348846608e-8,3.69757735541e-8,3.30648752822e-8,1.0618324886e-8,1.19263861009e-8,5.8331561803e-9,2.16364171024e-9,3.14400749879e-9,2.15889617294e-9,1.01443597966e-9,7.23407500569e-10,4.08235584226e-10,4.58761639788e-10,5.64715940676e-10,1.73447908813e-10,3.09330443204e-11,1.71078342465e-11,2.00158258024e-11,1.33940202679e-11,9.17290028657e-12,1.35093342762e-11,2.07454279449e-11,1.3840316046e-11,7.96037628176e-12,1.01029063587e-11,1.2457507248e-11,4.36847389859e-12],"max":[0.0432515256107,0.0470745936036,0.0233224797994,0.0116718141362,0.00850777514279,0.0079621039331,0.005284443032,0.00621799658984,0.00389288412407,0.00335409026593,0.00321654602885,0.00346182915382,0.00203351443633,0.00296993996017,0.00253066164441,0.00310429907404,0.00148567126598,0.00179033109453,0.00132388272323,0.00107657664921,0.000986612867564,0.000690368469805,0.000733369321097,0.000458909024019,0.000457720336271,0.000318706239341,0.000358355988283,0.00026783143403,0.0000656525080558,0.0000815148378024,0.000109088985482,0.0000730258907424,0.0000568055947952,0.0000918293735594,0.00010566682613,0.000100066725281,0.0000710776002961,0.0000626381370239,0.0000818730914034,0.0000451023915957],"mean":[0.00254660658538,0.00365558452904,0.00110222550575,0.000459314731415,0.000485008611577,0.000378582801204,0.00020019931253,0.000150455205585,0.00015095481649,0.000107092084363,0.000109174150566,0.0000984301805147,0.0000658283679513,0.0000778972171247,0.0000648424756946,0.0000630517970421,0.0000462071293441,0.000046642999223,0.0000307100235659,0.0000237979966187,0.0000255532086157,0.0000212221948459,0.0000175449167727,0.0000149845454871,0.0000106006154965,0.0000124646221593,0.000013339285033,0.00000622720472165,0.00000279385835711,0.00000190531659428,0.00000173956834715,0.00000128019303247,0.00000104373998511,0.00000124970949855,0.00000151384710989,0.00000128712849801,9.88546617009e-7,9.87668727248e-7,8.48963736644e-7,4.32440032228e-7],"median":[0.00131268054247,0.00213151471689,0.00053255748935,0.000217316148337,0.000250713608693,0.000195697750314,0.000113478417916,0.0000699737865943,0.0000682103054714,0.0000400406097469,0.0000355387091986,0.0000288095689029,0.0000203197341762,0.0000190307437151,0.0000119909382192,0.000010425101209,0.00000861409262143,0.0000101177693068,0.00000592132892052,0.00000612518579146,0.00000533903948963,0.00000389259184885,0.00000335743925461,0.0000029350726436,0.00000232596630667,0.00000244628699875,0.00000216350827031,0.000001019983074,4.92940898766e-7,2.77242861557e-7,2.03883587346e-7,1.2250097825e-7,1.20559022321e-7,1.57968244707e-7,2.12152770018e-7,1.95418607518e-7,1.48103225683e-7,1.5029618794e-7,1.00257850022e-7,5.43114317964e-8],"min":[1.6292415273e-24,1.03472015456e-24,1.41126229868e-24,1.02221424402e-24,1.98041873648e-24,2.56310256108e-24,2.83599005858e-24,2.09761427914e-24,1.43292254559e-24,2.7927634392e-24,1.78833406429e-24,1.50348211065e-24,2.15052041904e-24,2.97520724506e-24,2.17799447222e-24,2.75135317206e-24,3.39227820286e-24,2.88043310147e-24,2.83977915472e-24,3.88769705084e-24,4.41289184811e-24,2.4358040768e-24,5.55846776606e-24,4.04333930744e-24,4.35859810188e-24,5.47394605323e-24,5.12755801861e-24,5.993044139e-24,4.45443917984e-24,5.97910891111e-24,6.5669424197e-24,6.12591395342e-24,4.53647203651e-24,6.71340351866e-24,6.6496296365e-24,4.59374412709e-24,5.15989934357e-24,6.75498595469e-24,6.66453752988e-24,7.23183107265e-24],"var":[0.0000166277586686,0.0000223224651563,0.00000241818383984,5.10107724949e-7,4.61222356307e-7,3.13969451327e-7,9.21086851235e-8,7.71720181092e-8,6.8086706051e-8,4.19803818374e-8,4.32427889052e-8,4.18372998467e-8,1.65475313452e-8,2.30418333302e-8,2.7506018796e-8,2.50045832928e-8,1.02755510767e-8,1.06993782722e-8,5.41405809074e-9,2.26241536616e-9,3.25177351712e-9,1.95938909542e-9,1.24770194176e-9,9.9168617762e-10,4.85597839717e-10,5.92401350197e-10,6.68837984996e-10,1.73309713802e-10,2.94898237774e-11,1.97275112912e-11,2.48291560923e-11,1.69498252239e-11,1.0517206897e-11,1.64472168523e-11,2.5502648604e-11,2.25995784586e-11,1.35379103761e-11,1.0745533803e-11,1.02598988333e-11,2.63138772924e-12]},"melbands_crest":{"dmean":2.68874692917,"dmean2":4.24793052673,"dvar":6.67105531693,"dvar2":17.2987651825,"max":32.5226707458,"mean":15.5186223984,"median":15.159330368,"min":1.00115871429,"var":28.361787796},"melbands_flatness_db":{"dmean":0.0284022074193,"dmean2":0.0421833023429,"dvar":0.00106970837805,"dvar2":0.00233323662542,"max":0.87022548914,"mean":0.2718308568,"median":0.243799909949,"min":5.17719556115e-8,"var":0.0158838909119},"melbands_kurtosis":{"dmean":7.46745443344,"dmean2":11.7397594452,"dvar":200.317855835,"dvar2":495.845458984,"max":301.593292236,"mean":15.7834091187,"median":9.46048736572,"min":-1.83189284801,"var":455.570861816},"melbands_skewness":{"dmean":0.686414957047,"dmean2":1.0612796545,"dvar":0.640664339066,"dvar2":1.54383826256,"max":14.1117286682,"mean":2.88642263412,"median":2.63580393791,"min":-0.928837835789,"var":2.66635155678},"melbands_spread":{"dmean":5.03704309464,"dmean2":7.71973323822,"dvar":84.3092727661,"dvar2":178.949859619,"max":257.30279541,"mean":18.2554512024,"median":13.2345314026,"min":0.449536889791,"var":375.422790527},"mfcc":{"cov":[[17908.4453125,-1190.63256836,-1723.00878906,350.774414062,419.46395874,339.336212158,544.659057617,555.011230469,-84.4129562378,601.670898438,148.926605225,191.405014038,140.245895386],[-1190.63256836,2409.89892578,23.1108226776,159.199417114,91.0332183838,59.5363998413,101.387443542,-1.99840331078,82.1438598633,-7.95149087906,23.4059524536,35.6170883179,35.6851348877],[-1723.00878906,23.1108226776,1114.39501953,-23.7030735016,16.4098701477,51.8578147888,-94.3231964111,-0.588063538074,71.6285858154,-61.119758606,12.4905862808,13.2715234756,0.314648211002],[350.774414062,159.199417114,-23.7030735016,322.110168457,92.5689544678,54.9563140869,20.1696624756,25.3791294098,53.1755752563,20.1634025574,-5.95550394058,30.8841876984,35.5260314941],[419.46395874,91.0332183838,16.4098701477,92.5689544678,313.553619385,1.95815491676,22.7929916382,73.9028701782,15.6051559448,93.3526000977,22.6842041016,19.733499527,35.022693634],[339.336212158,59.5363998413,51.8578147888,54.9563140869,1.95815491676,285.465759277,64.4803924561,26.7001934052,90.0837478638,-0.221066504717,58.9227752686,43.8075904846,14.8639879227],[544.659057617,101.387443542,-94.3231964111,20.1696624756,22.7929916382,64.4803924561,199.076644897,75.3926849365,-6.24373483658,52.65832901,44.7875556946,27.3332195282,21.6881465912],[555.011230469,-1.99840331078,-0.588063538074,25.3791294098,73.9028701782,26.7001934052,75.3926849365,157.934509277,29.0256786346,47.8561286926,29.4147052765,36.3402900696,34.7949485779],[-84.4129562378,82.1438598633,71.6285858154,53.1755752563,15.6051559448,90.0837478638,-6.24373483658,29.0256786346,163.341766357,-0.612848818302,13.2299575806,42.1844520569,21.6263427734],[601.670898438,-7.95149087906,-61.119758606,20.1634025574,93.3526000977,-0.221066504717,52.65832901,47.8561286926,-0.612848818302,155.557937622,44.3948326111,19.5693244934,26.7891921997],[148.926605225,23.4059524536,12.4905862808,-5.95550394058,22.6842041016,58.9227752686,44.7875556946,29.4147052765,13.2299575806,44.3948326111,104.025764465,31.9584388733,5.69831132889],[191.405014038,35.6170883179,13.2715234756,30.8841876984,19.733499527,43.8075904846,27.3332195282,36.3402900696,42.1844520569,19.5693244934,31.9584388733,99.6438980103,36.3025856018],[140.245895386,35.6851348877,0.314648211002,35.5260314941,35.022693634,14.8639879227,21.6881465912,34.7949485779,21.6263427734,26.7891921997,5.69831132889,36.3025856018,86.4278488159]],"icov":[[0.0000913147887331,0.0000476335117128,0.00012259518553,-0.0000663798637106,-0.00000956857275014,-0.000152541411808,-0.0000241062807618,-0.000231006226386,0.000121472192404,-0.000241424175329,0.00011693318811,-0.000093212001957,0.0000640365615254],[0.0000476335117128,0.000482498435304,0.0000458675021946,-0.000196766166482,-0.000165095741977,0.0000293977263937,-0.000397789932322,0.000172945889062,-0.000197564193513,0.0000943456834648,-0.0000516986037837,-0.0000382265825465,-0.0000641027145321],[0.00012259518553,0.0000458675021946,0.00117025536019,0.0000732400003471,-0.000191860031919,-0.000362378923455,0.000531767203938,-0.000499582150951,-0.00012612939463,0.000126792845549,-0.000164864424733,-0.000118506519357,0.00000842227291287],[-0.0000663798637106,-0.000196766166482,0.0000732400003471,0.00391590828076,-0.00108722457662,-0.000491402111948,-0.000117564261018,0.000418381299824,-0.000804944371339,0.000238063716097,0.000984732760116,-0.000451333733508,-0.000782513176091],[-0.00000956857275014,-0.000165095741977,-0.000191860031919,-0.00108722457662,0.00465212576091,0.0000951314286795,0.000868134491611,-0.0017154533416,0.000307354377583,-0.0024340134114,-0.0000354321527993,0.000357533164788,-0.000367748783901],[-0.000152541411808,0.0000293977263937,-0.000362378923455,-0.000491402111948,0.0000951314286795,0.00566084170714,-0.00183990516234,0.00111182616092,-0.00291133974679,0.0015549819218,-0.00278960075229,-0.0000666988198645,-0.000100871751783],[-0.0000241062807618,-0.000397789932322,0.000531767203938,-0.000117564261018,0.000868134491611,-0.00183990516234,0.0081537887454,-0.00346768181771,0.00205050269142,-0.00150061282329,-0.00114138319623,-0.000282696011709,-0.000289625138976],[-0.000231006226386,0.000172945889062,-0.000499582150951,0.000418381299824,-0.0017154533416,0.00111182616092,-0.00346768181771,0.0103901987895,-0.0019952415023,0.000318005273584,-0.000811161880847,-0.000964244012721,-0.00181640405208],[0.000121472192404,-0.000197564193513,-0.00012612939463,-0.000804944371339,0.000307354377583,-0.00291133974679,0.00205050269142,-0.0019952415023,0.0092143388465,-0.000572028220631,0.000962372054346,-0.00251684850082,-0.000253984268056],[-0.000241424175329,0.0000943456834648,0.000126792845549,0.000238063716097,-0.0024340134114,0.0015549819218,-0.00150061282329,0.000318005273584,-0.000572028220631,0.0106615470722,-0.00401778751984,0.000567278941162,-0.00191298045684],[0.00011693318811,-0.0000516986037837,-0.000164864424733,0.000984732760116,-0.0000354321527993,-0.00278960075229,-0.00114138319623,-0.000811161880847,0.000962372054346,-0.00401778751984,0.01444656495,-0.00367484358139,0.00213014730252],[-0.000093212001957,-0.0000382265825465,-0.000118506519357,-0.000451333733508,0.000357533164788,-0.0000666988198645,-0.000282696011709,-0.000964244012721,-0.00251684850082,0.000567278941162,-0.00367484358139,0.0146446963772,-0.00477631855756],[0.0000640365615254,-0.0000641027145321,0.00000842227291287,-0.000782513176091,-0.000367748783901,-0.000100871751783,-0.000289625138976,-0.00181640405208,-0.000253984268056,-0.00191298045684,0.00213014730252,-0.00477631855756,0.0153071032837]],"mean":[-700.188598633,151.450576782,6.89089679718,23.5203762054,12.1646842957,0.522948145866,5.76898670197,4.32951211929,-3.7784986496,6.40945243835,-3.68339848518,0.985526442528,1.5748128891]},"pitch_salience":{"dmean":0.0648196041584,"dmean2":0.104597195983,"dvar":0.00410675769672,"dvar2":0.010759241879,"max":0.996095478535,"mean":0.503847122192,"median":0.507104277611,"min":0.130206570029,"var":0.0156576503068},"silence_rate_20dB":{"dmean":0,"dmean2":0,"dvar":0,"dvar2":0,"max":1,"mean":1,"median":1,"min":1,"var":0},"silence_rate_30dB":{"dmean":0.017315261066,"dmean2":0.0346335507929,"dvar":0.0170161835849,"dvar2":0.043925691396,"max":1,"mean":0.986621201038,"median":1,"min":0,"var":0.0131992492825},"silence_rate_60dB":{"dmean":0.0202885884792,"dmean2":0.0405807234347,"dvar":0.0198773089796,"dvar2":0.043657515198,"max":1,"mean":0.147604063153,"median":0,"min":0,"var":0.12581667304},"spectral_centroid":{"dmean":197.925582886,"dmean2":297.424285889,"dvar":75793.3984375,"dvar2":147910.5,"max":11640.8134766,"mean":1122.03125,"median":951.175537109,"min":126.663154602,"var":826375.5},"spectral_complexity":{"dmean":2.43410587311,"dmean2":3.84100055695,"dvar":7.38638162613,"dvar2":16.6401500702,"max":58,"mean":16.4768276215,"median":14,"min":0,"var":127.140884399},"spectral_contrast_coeffs":{"dmean":[0.042936168611,0.0426060184836,0.0369420386851,0.0309766046703,0.0244221203029,0.0208436250687],"dmean2":[0.0710437893867,0.0693770796061,0.0595558099449,0.0495358780026,0.0387997999787,0.0331444963813],"dvar":[0.00134909863118,0.00124483788386,0.000959865457844,0.000670892652124,0.000468234502478,0.000636761309579],"dvar2":[0.00368379848078,0.00329899112694,0.0024065929465,0.00163707113825,0.00107202795334,0.00147177104373],"max":[-0.314891397953,-0.442676752806,-0.459607839584,-0.521833539009,-0.559464752674,-0.544903874397],"mean":[-0.66016960144,-0.724081814289,-0.758610010147,-0.764157354832,-0.771856546402,-0.791701078415],"median":[-0.670348644257,-0.726892948151,-0.762515306473,-0.767120718956,-0.770877599716,-0.791416227818],"min":[-0.981794238091,-0.996223688126,-0.996574103832,-0.986227214336,-0.987262547016,-0.964432954788],"var":[0.00743652693927,0.0048620570451,0.0046939952299,0.00466342549771,0.00433337967843,0.00268561649136]},"spectral_contrast_valleys":{"dmean":[0.35842910409,0.339640647173,0.344397991896,0.331345409155,0.32562354207,0.337125450373],"dmean2":[0.58270329237,0.54241245985,0.539178550243,0.510546028614,0.496743440628,0.463489949703],"dvar":[0.116584271193,0.104910857975,0.121622435749,0.130872949958,0.16119453311,0.160898923874],"dvar2":[0.278693795204,0.231200665236,0.263216763735,0.279279321432,0.348089307547,0.309815376997],"max":[-5.08308315277,-4.58108282089,-5.35651922226,-5.71497631073,-5.78943777084,-7.46429586411],"mean":[-7.34727716446,-7.09581041336,-7.95743274689,-8.4905462265,-8.62864303589,-11.3396272659],"median":[-6.7400894165,-6.68486595154,-7.5826048851,-8.10090446472,-8.16760826111,-10.6653175354],"min":[-27.9577236176,-27.8577003479,-27.9329338074,-27.6814498901,-27.442325592,-27.3647098541],"var":[5.14298152924,3.74797987938,4.05744981766,4.26554393768,4.61197900772,4.87011003494]},"spectral_decrease":{"dmean":2.29768071236e-9,"dmean2":3.67665253798e-9,"dvar":1.7916361491e-17,"dvar2":4.51539433721e-17,"max":2.03473619315e-15,"mean":-7.70255770277e-9,"median":-6.22521767468e-9,"min":-5.48042109472e-8,"var":4.91007727992e-17},"spectral_energy":{"dmean":0.00884519517422,"dmean2":0.014122441411,"dvar":0.00025907921372,"dvar2":0.000652378250379,"max":0.209367528558,"mean":0.0305293109268,"median":0.0247950255871,"min":1.03175683754e-20,"var":0.000749902974349},"spectral_energyband_high":{"dmean":0.000194092528545,"dmean2":0.000269694864983,"dvar":3.34284806058e-7,"dvar2":5.7623833527e-7,"max":0.0150117138401,"mean":0.000451147236163,"median":0.000101076031569,"min":7.24058978266e-21,"var":0.0000011140288052},"spectral_energyband_low":{"dmean":0.00756438309327,"dmean2":0.012384051457,"dvar":0.000251451856457,"dvar2":0.000650117290206,"max":0.198488458991,"mean":0.017305098474,"median":0.0113115767017,"min":1.26115642568e-23,"var":0.000451665226137},"spectral_energyband_middle_high":{"dmean":0.00134880584665,"dmean2":0.00207335851155,"dvar":0.00000524096139998,"dvar2":0.0000126673303384,"max":0.0453028902411,"mean":0.00499464478344,"median":0.00227065663785,"min":1.31640887142e-21,"var":0.0000420497490268},"spectral_energyband_middle_low":{"dmean":0.00305755808949,"dmean2":0.00486253108829,"dvar":0.0000233301252592,"dvar2":0.0000586669229961,"max":0.0785184577107,"mean":0.00883524212986,"median":0.00653069559485,"min":1.14369356962e-22,"var":0.0000723451812519},"spectral_entropy":{"dmean":0.181851252913,"dmean2":0.266395479441,"dvar":0.0542929135263,"dvar2":0.117003455758,"max":9.81919956207,"mean":7.12537384033,"median":7.25714206696,"min":3.9184923172,"var":0.617858111858},"spectral_flux":{"dmean":0.020512253046,"dmean2":0.0322895608842,"dvar":0.000829239317682,"dvar2":0.00188453821465,"max":0.414674043655,"mean":0.0721065923572,"median":0.0634324103594,"min":6.44057168708e-11,"var":0.00291979312897},"spectral_kurtosis":{"dmean":6.2770409584,"dmean2":10.2578935623,"dvar":326.305664062,"dvar2":782.109069824,"max":592.742431641,"mean":16.4385051727,"median":5.82927131653,"min":-1.25193822384,"var":1993.4342041},"spectral_rms":{"dmean":0.000679982593283,"dmean2":0.00104813987855,"dvar":9.38381958804e-7,"dvar2":0.00000223931192522,"max":0.0142919905484,"mean":0.00483610294759,"median":0.00491836015135,"min":3.17268347011e-12,"var":0.00000639687641524},"spectral_rolloff":{"dmean":331.698730469,"dmean2":554.806640625,"dvar":735996.0625,"dvar2":1604474.375,"max":19530.6152344,"mean":1332.08679199,"median":645.99609375,"min":64.599609375,"var":7084067},"spectral_skewness":{"dmean":0.437044590712,"dmean2":0.698703110218,"dvar":0.617800891399,"dvar2":1.45168447495,"max":20.8250980377,"mean":2.36856293678,"median":1.79945027828,"min":-0.114044733346,"var":4.61802625656},"spectral_spread":{"dmean":505650.46875,"dmean2":734687.625,"dvar":610207334400,"dvar2":1170024038400,"max":42171880,"mean":3969074.5,"median":3547844,"min":185370.109375,"var":10011429306400},"spectral_strongpeak":{"dmean":0.273171037436,"dmean2":0.472623378038,"dvar":0.34828415513,"dvar2":0.948656737804,"max":12.5806589127,"mean":0.535271763802,"median":0.362596213818,"min":0,"var":0.448191851377},"zerocrossingrate":{"dmean":0.00763115053996,"dmean2":0.00898635666817,"dvar":0.000176987654413,"dvar2":0.000216750850086,"max":0.80615234375,"mean":0.0527349710464,"median":0.03564453125,"min":0.00244140625,"var":0.00846731197089}},"metadata":{"audio_properties":{"analysis_sample_rate":44100,"bit_rate":320031,"codec":"mp3","downmix":"mix","equal_loudness":0,"length":265.508575439,"lossless":false,"md5_encoded":"c1a05f55ed4565ce332af1fe40297431","replay_gain":-14.3215255737,"sample_rate":44100},"tags":{"acoustid_fingerprint":["AQADtFIkRpKUaLCOHyn0I90v1C9OnMdvPMePPId-5METow98HMDx48dx5MSP78jx9Ojx40l05JB_IzymLNHBdsduHH2Oo_lS4niQjE8npJWOGweO4DjyAwD-GD_w40UfXNiPREfUPuiPHy-OG_XxB99xnEmO5NoR6aB-YjsD6xb6NvhPPBe-40B-6MhRWh6eHm5wXDiCQ8-xE6yw4fBRLsePR3GLvviR74F73MUJn_iL9_jxERd-HKWfItehI3eKjiGOXi96pD_8BeUiS3gi5sEbaPmM-sWzAyG8C2b2BFVxCq0TNGR85NIP_Uj_4ApxPmh8dM2CC7kSaEfKB78Eu46xgUGv5Wiq4zk8BteRK9HwLHpwhNmLdolyvKh5waKUPMi1CD4JRR2DvNj5oBKag8exPRGeHNfHDG10NGmS46PwHL2ORihTNE1-1MoV-HifIvyO5Dj34Ulk4Uf3oAklBU-O3TjYLDemjEdfCv3RxEV-JD1OfWi5w5ePJ7jQkMqRX0jGW_DnYnKYHAcvzM0Dc_SEHz_xSEc9OUgjHz0FWcjxC_eJVoXhjkWnHUdSJ0I-HX3047TRJWOMXDt0orn0IpTGBL9wkUdPpLqgsaMUXCHyo3nQG6eRB_fx6Ap0X-iOB3YY1Mqh-3h25EPjCPWD6gma83iOpj-qH3lWCzrzIfyF7Rn-HfSIS8piJEOeojZxNqgpo7cG_xK6pB8u4hMp5OShIxQ2TsqGnvj2YVeCLkcTgz_y1FD2DLGO7miqKDk-5QhNBeKPtAo8Xqja4BeahH3Q37iOK0hfInmIG8efFI2uB5P6gc_x_piyjEflFmePMPmR7MS344lwasV3NJl0eFKf4v7wVFD2BD3IRSzmxLiOw3-C5ziNM5TxIIz6QhWLHNNnvME1IzQHn9B0REyPPqh34SJqp_DRB7nmDFCnEjUeHHJxHSiNAz2a4ThKCj5--LC3A7IJHIePQw_wCf3xxdCOlIpeTD_47ZhK4jz8qHgmfEGl48eJXCf0GJUFnfCRB8c5xD905DkOO71xJSQeOLlw5-iP3RF4_tiRXDlCNTmuh6h04j16_BLufuh6_MS3IY9zJJeOHqMZWPfAeBj9GM8-4t1RnUdfHLGh88iPMlMefFvxHY5e-MjNDr5xnNiVg84FRSReXJzx4mkeoz78HD2PkHoFU8lRJaxT1JQJ5ztqPJJM1IejRsGPC9VxpccjPtiTHP0SInUSHeqRP4fzNcZ1_MOFz8d5HH0qEhzx49Pw48uJfodXWgjEVdcQqk3w5bgI5i5--OiHn8dpvLh4Iv_xENp1pPFBVjz-Y--RMjjEF3mDn4VVVHiRF_qGkI0Wwcd7xN2JxD6853gTPIdfXKvw9_hRbSQe4scOPkeuGD3UI-_xH1cv_HBFD8bzCP2IH-eL_3iP50IO5hwDHel7-A8-aQnKCrXA67iOw8eD_rjx4ORFhFYPHY-ONEfGW8NHDtuOv8GhV0PMoT-O48gZ4pEOPZOMUJRgFX0-oUfs8EhYwVtyuPrw48GWox4dgczaD_mhXEXO42wEjK1QP_gXBpeO-iQ