{"lowlevel":{"average_loudness":0.941062748432,"barkbands":{"dmean":[0.0174961835146,0.0429686307907,0.0146602336317,0.00454124808311,0.0031423708424,0.00113983836491,0.000355476600816,0.000298806669889,0.0002645435452,0.000184555610758,0.00013927683176,0.000215961656068,0.000203722156584,0.000161856936757,0.000183496711543,0.000132600966026,0.000180711169378,0.000130449028802,0.000115863374958,0.0000985644728644,0.0000731195978005,0.0000305206776829,0.00000846228431328,0.00000572836643187,0.00000548532034372,0.00000569162739339,0.0000435662223026],"dmean2":[0.0277329590172,0.0702773556113,0.0245380979031,0.00753083825111,0.00520552042872,0.00179994385689,0.000582661596127,0.00049334805226,0.000434536021203,0.000296200654702,0.000226776493946,0.000348554429365,0.00033253710717,0.000261891720584,0.000296273850836,0.000209660720429,0.000290086987661,0.000199333022465,0.000177025562152,0.000148866864038,0.000108896500024,0.0000447842357971,0.0000139214298542,0.00000974086378847,0.00000933705905481,0.00000957490283326,0.0000614816162852],"dvar":[0.00103624654002,0.005385520868,0.000507905613631,0.0000512028273079,0.0000205651467695,0.00000696764800523,3.13157386245e-7,3.9263875351e-7,2.47178860491e-7,1.38106273084e-7,4.95962204639e-8,1.06286712764e-7,1.65219319115e-7,9.26798620071e-8,1.63922734941e-7,4.04716402613e-8,9.51486072154e-8,5.02267489821e-8,3.60157237367e-8,2.3953647954e-8,1.50366421536e-8,2.19945528457e-9,1.7767595728e-10,1.00622010724e-10,9.31498350676e-11,9.15218317799e-11,3.96177668449e-9],"dvar2":[0.00244974950328,0.0141070708632,0.00133702799212,0.000135819806019,0.0000525588220626,0.0000142054459502,7.63814398397e-7,0.00000104218906927,6.38164294742e-7,3.11177615231e-7,1.21549021515e-7,2.68404392045e-7,4.16617012888e-7,2.29855743328e-7,4.21009303864e-7,9.92854154447e-8,2.38159557853e-7,1.16564223163e-7,8.33136084566e-8,5.41989848557e-8,3.29473941463e-8,4.73594452544e-9,4.20935647449e-10,2.50057113904e-10,2.31666325012e-10,2.24967697249e-10,7.97335442115e-9],"max":[0.661412596703,1.09051120281,0.382057249546,0.183314710855,0.104639865458,0.0649630278349,0.0140917850658,0.0218208506703,0.011864002794,0.0128700397909,0.00672445306554,0.00858661532402,0.0115621583536,0.00843416713178,0.0180801749229,0.00389727810398,0.00498051475734,0.00656851148233,0.00668143201619,0.00365444272757,0.00287040579133,0.000744364690036,0.000198210269446,0.000174343542312,0.000168826547451,0.000162913042004,0.00201998208649],"mean":[0.0205844175071,0.0577152557671,0.0197696443647,0.0062938593328,0.00483344541863,0.00171700376086,0.000519815424923,0.000418256124249,0.000400514021749,0.000285565562081,0.000212427068618,0.000363997300155,0.000320975406794,0.000258390617091,0.000269995158305,0.000221038149903,0.000276169506833,0.000215558000491,0.000216156389797,0.000193304294953,0.000138585775858,0.0000508240409545,0.00000994873607851,0.00000527128304384,0.00000490686852572,0.00000577253968004,0.0000963089405559],"median":[0.00920337624848,0.0352028533816,0.0116800740361,0.0031234130729,0.00304841483012,0.000732890912332,0.000297058839351,0.000198472276679,0.000208618861507,0.000153646629769,0.000128705461975,0.000214888335904,0.000174026965396,0.00014501476835,0.000145968457218,0.000125831313198,0.000146130434587,0.000102370839159,0.000106585743197,0.000100891040347,0.0000732398111722,0.0000259083008132,0.00000473409090773,0.00000170561008872,0.00000147000264406,0.00000234454046222,0.0000570797383261],"min":[7.59595251282e-12,1.22085562146e-11,6.36811770308e-14,1.01386089736e-13,4.87044128986e-12,2.07207133396e-11,6.65221003282e-12,1.02892987099e-12,4.57367520593e-12,3.63764747491e-12,1.10949660917e-12,1.82105610973e-12,6.33338122073e-14,1.18748923455e-12,2.67941875284e-12,1.51483838494e-12,1.6759236143e-12,3.74693115077e-12,4.71186067594e-12,1.89069549947e-12,2.54425972478e-12,4.7826794608e-12,6.1749169146e-12,9.60543970752e-12,6.16380969702e-13,6.26022367625e-12,3.06713834018e-12],"var":[0.00114675343502,0.00546987401322,0.00061035505496,0.0000860415020725,0.0000359182777174,0.0000165687051776,5.1977599469e-7,6.23275184353e-7,4.75203279393e-7,2.74584209592e-7,8.8110603258e-8,2.1413416107e-7,2.59767347188e-7,1.66073292007e-7,1.99245803856e-7,7.04256208905e-8,1.2564652252e-7,9.08893014184e-8,9.21204446058e-8,6.6260177789e-8,3.47577149284e-8,4.17242063122e-9,2.10555697877e-10,1.01051160495e-10,9.3204943763e-11,9.6141032635e-11,1.13725135975e-8]},"barkbands_crest":{"dmean":3.36246728897,"dmean2":5.52259397507,"dvar":7.29278230667,"dvar2":19.1809005737,"max":25.7624530792,"mean":13.6306476593,"median":13.1548395157,"min":2.56488537788,"var":16.5672645569},"barkbands_flatness_db":{"dmean":0.0383817926049,"dmean2":0.0613264739513,"dvar":0.000930678215809,"dvar2":0.00243490724824,"max":0.420094758272,"mean":0.212992489338,"median":0.213174715638,"min":0.036782540381,"var":0.00262565445155},"barkbands_kurtosis":{"dmean":16.2462120056,"dmean2":25.921705246,"dvar":384.298126221,"dvar2":941.632324219,"max":487.300994873,"mean":31.3998394012,"median":24.7268180847,"min":-1.76363933086,"var":746.795898438},"barkbands_skewness":{"dmean":1.18746471405,"dmean2":1.87152719498,"dvar":1.13085961342,"dvar2":2.79313850403,"max":18.35247612,"mean":4.53089141846,"median":4.36647462845,"min":-1.29954040051,"var":3.23494386673},"barkbands_spread":{"dmean":3.67547416687,"dmean2":5.8864979744,"dvar":19.8849658966,"dvar2":48.8881530762,"max":97.5402450562,"mean":8.44608688354,"median":6.17234945297,"min":0.390108495951,"var":57.7737922668},"dissonance":{"dmean":0.0123862288892,"dmean2":0.0208455268294,"dvar":0.000136813599966,"dvar2":0.000378891156288,"max":0.500000119209,"mean":0.47841155529,"median":0.482173651457,"min":0.355547040701,"var":0.000243097907514},"dynamic_complexity":2.00410342216,"erbbands":{"dmean":[2.15237283707,7.20858240128,16.2558841705,15.3876047134,12.2899398804,9.20524024963,10.9897661209,7.52421760559,5.59161901474,5.30203056335,6.1713514328,5.95215892792,5.50824403763,5.81608009338,5.92181110382,8.78859996796,9.00249767303,8.01915931702,7.65923881531,9.33402347565,7.96640729904,8.94867801666,7.34714031219,6.24907827377,5.51603746414,4.4566526413,3.79348278046,2.27247214317,1.21088731289,0.519015431404,0.20775423944,0.128957986832,0.0914013832808,0.0620193444192,0.0386583320796,0.0214140973985,0.0104816388339,0.00920652318746,0.00629063276574,0.000818737898953],"dmean2":[3.51300787926,12.0493412018,27.291305542,25.3148422241,20.4935684204,15.2880105972,17.5955085754,12.1029453278,9.10625171661,8.77372646332,10.161239624,9.81857204437,8.89263820648,9.33742141724,9.53079414368,14.1303911209,14.5971784592,13.0127849579,12.2031469345,14.9609031677,12.6231975555,14.086397171,11.1945981979,9.45860385895,8.36094284058,6.6519742012,5.71371364594,3.3573410511,1.75799643993,0.800728857517,0.343327343464,0.218670397997,0.155516654253,0.10553842783,0.0657847747207,0.0364324823022,0.0176286716014,0.0135538782924,0.00882247276604,0.00118201214354],"dvar":[15.0152368546,145.736221313,662.532897949,505.59463501,333.544433594,192.355651855,697.351989746,236.92980957,83.8101272583,72.8098144531,179.200714111,124.839889526,138.569396973,113.753669739,79.0356292725,196.270812988,267.373840332,262.750976562,150.864547729,483.827056885,143.868240356,207.405593872,161.155014038,97.8328094482,78.8551635742,46.8962783813,47.1550674438,12.3914136887,3.4476454258,0.755081117153,0.105258606374,0.0494442209601,0.0258186440915,0.0119013655931,0.00462551740929,0.00141810509376,0.000313446333166,0.000187005614862,0.0000888228678377,0.00000148992398863],"dvar2":[39.0436859131,399.026275635,1747.68530273,1322.77905273,892.126281738,489.094024658,1505.05639648,519.099182129,200.755187988,189.707351685,468.204559326,326.581848145,326.794403076,266.974029541,193.431518555,490.79397583,665.790039062,674.366943359,373.492248535,1229.66125488,351.648712158,500.560302734,365.386901855,227.056335449,179.165481567,103.414497375,107.282821655,26.0885429382,7.33844327927,1.71089923382,0.251458704472,0.122478634119,0.0642153397202,0.0295969117433,0.0115030296147,0.00352593744174,0.000771613966208,0.000395065406337,0.000177397101652,0.00000312210977427],"max":[52.009513855,180.251922607,417.720916748,570.058837891,404.870941162,342.794952393,699.434448242,381.156677246,238.710403442,187.712692261,564.896606445,259.736938477,399.328491211,308.448730469,234.001220703,366.460662842,378.452270508,593.885620117,372.065246582,989.020324707,229.912948608,193.346099854,344.104888916,275.506896973,312.718292236,168.034622192,159.001296997,73.2304458618,25.4231967926,12.9327249527,5.07093191147,3.83644890785,2.79823207855,1.90706980228,1.18994665146,0.657875537872,0.305215716362,0.183260545135,0.286832392216,0.0390844009817],"mean":[2.67747211456,9.22534370422,22.5582389832,23.2449264526,18.1733112335,13.6571931839,15.9338388443,11.5317592621,8.29436683655,7.88419628143,8.77785778046,9.14913463593,8.68362522125,9.51167678833,10.4279956818,15.4506578445,15.2015686035,13.6040868759,13.2311973572,13.8186149597,13.5857009888,14.6865720749,12.3706445694,11.3370046616,10.6329727173,8.85289287567,7.00720787048,4.36628818512,2.09380674362,0.715804696083,0.243444576859,0.125446841121,0.0823192223907,0.0555928014219,0.0346586219966,0.0192937869579,0.0108684673905,0.0154527174309,0.0136287799105,0.0018359097885],"median":[1.39917635918,5.78907728195,13.8250083923,13.9824113846,11.1337471008,8.37200164795,6.65639829636,5.53623962402,4.66303920746,4.34172582626,4.56257534027,4.76333475113,4.69207763672,5.44271945953,6.8726067543,9.30622768402,8.66520690918,7.9009847641,7.86252641678,7.44115543365,7.92413806915,7.86003780365,5.98595142365,5.59659290314,5.44502401352,4.51116847992,3.4416410923,2.40802145004,1.07800173759,0.343583285809,0.118839517236,0.0470152497292,0.0250825751573,0.0167234521359,0.0104258591309,0.0058697485365,0.00462883478031,0.00830767862499,0.00735312094912,0.00114734377712],"min":[5.81849957104e-10,1.43197742553e-9,2.82455142608e-10,2.85482470996e-10,7.62155505374e-10,1.37212143869e-8,1.36290680075e-7,1.56161149789e-7,6.62709140897e-8,7.84459572856e-8,4.84972701997e-8,7.97651793505e-8,1.66067138707e-7,3.77496363058e-8,1.15925246291e-7,5.27903232239e-8,6.58435306278e-9,3.74901532041e-8,1.32777344675e-7,1.13526361645e-7,8.12802127825e-8,9.17749432006e-8,1.52636047801e-7,2.57302275486e-7,2.09940026252e-7,8.38822771243e-8,1.3853549774e-7,7.10094880674e-8,1.4296877282e-7,1.81384294251e-7,2.39992658635e-7,3.31698402078e-7,2.17239044531e-8,7.07255853882e-9,4.93823870684e-9,4.08693168197e-9,2.08183514872e-8,3.76407260916e-9,5.07517639026e-10,3.25747692709e-11],"var":[15.1947584152,133.829193115,758.551879883,858.554138184,552.094116211,290.698120117,1582.88659668,542.321166992,147.943054199,126.558921814,264.435821533,237.900863647,283.018035889,207.270996094,156.492584229,406.84677124,461.96295166,459.954956055,302.839080811,510.991851807,246.360931396,322.059082031,288.523956299,239.783615112,211.170639038,142.660995483,102.183982849,29.36485672,6.8630490303,1.01175022125,0.124028645456,0.0503130741417,0.0258601140231,0.0119163161144,0.00463072303683,0.00142103375401,0.000328653783072,0.000345284090145,0.000282525666989,0.00000374704313799]},"erbbands_crest":{"dmean":2.28443098068,"dmean2":3.78154540062,"dvar":4.57918024063,"dvar2":11.8370037079,"max":27.0437107086,"mean":6.95621490479,"median":6.09647083282,"min":2.12182044983,"var":10.4768772125},"erbbands_flatness_db":{"dmean":0.0224087052047,"dmean2":0.0363396257162,"dvar":0.000326247070916,"dvar2":0.000873343087733,"max":0.291195034981,"mean":0.129904940724,"median":0.128311887383,"min":0.0598070546985,"var":0.0008184791659},"erbbands_kurtosis":{"dmean":0.561888158321,"dmean2":0.911447286606,"dvar":0.596767961979,"dvar2":1.46113681793,"max":17.3040924072,"mean":-0.628099381924,"median":-0.901889324188,"min":-1.79621958733,"var":1.09276986122},"erbbands_skewness":{"dmean":0.369131475687,"dmean2":0.569253146648,"dvar":0.0992882996798,"dvar2":0.235881820321,"max":3.89838671684,"mean":0.172128856182,"median":0.148126840591,"min":-2.98593854904,"var":0.41551053524},"erbbands_spread":{"dmean":9.14518356323,"dmean2":14.2702617645,"dvar":60.6279335022,"dvar2":141.464706421,"max":119.853797913,"mean":55.0675048828,"median":54.5768432617,"min":8.99220085144,"var":226.708206177},"gfcc":{"cov":[[2176.76123047,-333.151306152,53.241897583,17.2044239044,-73.3533706665,106.449920654,-141.30291748,136.744781494,-64.3909988403,51.0364723206,0.287243813276,31.3950462341,59.6940879822],[-333.151306152,500.971374512,-49.475276947,-61.6253356934,105.02130127,-73.779914856,101.670768738,-105.659324646,30.3367156982,-40.2164993286,10.3088922501,-15.6894245148,-1.05129039288],[53.241897583,-49.475276947,262.627838135,28.188949585,-104.906272888,153.068710327,-147.368804932,120.682701111,-65.2053833008,29.7648563385,3.59760832787,-1.49023795128,7.6733584404],[17.2044239044,-61.6253356934,28.188949585,164.574371338,91.1127700806,-50.1559867859,76.6280975342,-28.5813465118,24.5347614288,-10.8961238861,-9.32131481171,13.9410820007,-7.65323734283],[-73.3533706665,105.02130127,-104.906272888,91.1127700806,202.779037476,-52.4204025269,137.013549805,-68.4380569458,33.3572502136,-32.8887672424,6.60639381409,-4.52917909622,10.0735683441],[106.449920654,-73.779914856,153.068710327,-50.1559867859,-52.4204025269,243.059371948,-113.94405365,133.449966431,-76.3373260498,26.0323543549,12.7287664413,-6.08695650101,19.1313209534],[-141.30291748,101.670768738,-147.368804932,76.6280975342,137.013549805,-113.94405365,244.825454712,-101.19618988,76.6410522461,-33.395072937,-13.701546669,12.7444410324,-18.2496604919],[136.744781494,-105.659324646,120.682701111,-28.5813465118,-68.4380569458,133.449966431,-101.19618988,170.991714478,-25.9225082397,34.7340888977,11.0686836243,-16.6045608521,24.6660041809],[-64.3909988403,30.3367156982,-65.2053833008,24.5347614288,33.3572502136,-76.3373260498,76.6410522461,-25.9225082397,105.080627441,21.2425518036,-2.55980587006,13.0815982819,-18.2953090668],[51.0364723206,-40.2164993286,29.7648563385,-10.8961238861,-32.8887672424,26.0323543549,-33.395072937,34.7340888977,21.2425518036,59.7254600525,29.7341556549,6.79772281647,5.53359174728],[0.287243813276,10.3088922501,3.59760832787,-9.32131481171,6.60639381409,12.7287664413,-13.701546669,11.0686836243,-2.55980587006,29.7341556549,53.8823928833,27.2779121399,15.8749408722],[31.3950462341,-15.6894245148,-1.49023795128,13.9410820007,-4.52917909622,-6.08695650101,12.7444410324,-16.6045608521,13.0815982819,6.79772281647,27.2779121399,61.6654319763,20.5186901093],[59.6940879822,-1.05129039288,7.6733584404,-7.65323734283,10.0735683441,19.1313209534,-18.2496604919,24.6660041809,-18.2953090668,5.53359174728,15.8749408722,20.5186901093,59.872631073]],"icov":[[0.000610348768532,-0.000181524505024,0.000992163666524,-0.000427378137829,-0.000508228084072,0.000393719965359,0.000494395091664,-0.00130830646958,0.00184239202645,-0.00237061968073,0.00254574161954,-0.00218130764551,0.000710519438144],[-0.000181524505024,0.0173977520317,-0.0367841571569,0.0448099002242,-0.0329328142107,0.0202054902911,-0.0113297412172,0.00706061860546,-0.0020613623783,0.000581678701565,0.00266900588758,-0.00478742737323,0.00390038406476],[0.000992163666524,-0.0367841571569,0.0982346758246,-0.115664556623,0.0885116457939,-0.0580394640565,0.0292974729091,-0.0108580728993,-0.00423984136432,0.0120161892846,-0.021544015035,0.0253217574209,-0.0173247586936],[-0.000427378137829,0.0448099002242,-0.115664556623,0.155781760812,-0.124790333211,0.0808078572154,-0.0342244356871,-0.000452725944342,0.0249431580305,-0.0393611639738,0.055146381259,-0.058476574719,0.0375574715436],[-0.000508228084072,-0.0329328142107,0.0885116457939,-0.124790333211,0.117841169238,-0.0731147304177,0.0202564839274,0.0137229338288,-0.0392344929278,0.05780139938,-0.0730455815792,0.072823792696,-0.0462305098772],[0.000393719965359,0.0202054902911,-0.0580394640565,0.0808078572154,-0.0731147304177,0.0575598590076,-0.0156692955643,-0.0159649774432,0.0334172956645,-0.0415285974741,0.0493073239923,-0.0503394491971,0.0316677577794],[0.000494395091664,-0.0113297412172,0.0292974729091,-0.0342244356871,0.0202564839274,-0.0156692955643,0.0190047305077,-0.00290997745469,-0.00419342610985,0.00383207062259,-0.00206936895847,0.00266591296531,-0.00223156157881],[-0.00130830646958,0.00706061860546,-0.0108580728993,-0.000452725944342,0.0137229338288,-0.0159649774432,-0.00290997745469,0.0335820429027,-0.0321208462119,0.0331424064934,-0.0389177650213,0.0402458049357,-0.0255192723125],[0.00184239202645,-0.0020613623783,-0.00423984136432,0.0249431580305,-0.0392344929278,0.0334172956645,-0.00419342610985,-0.0321208462119,0.0659482479095,-0.0713515952229,0.0713381245732,-0.0655740872025,0.0400406904519],[-0.00237061968073,0.000581678701565,0.0120161892846,-0.0393611639738,0.05780139938,-0.0415285974741,0.00383207062259,0.0331424064934,-0.0713515952229,0.110604040325,-0.10366024822,0.0829637423158,-0.0461110770702],[0.00254574161954,0.00266900588758,-0.021544015035,0.055146381259,-0.0730455815792,0.0493073239923,-0.00206936895847,-0.0389177650213,0.0713381245732,-0.10366024822,0.131487324834,-0.103020608425,0.0510777682066],[-0.00218130764551,-0.00478742737323,0.0253217574209,-0.058476574719,0.072823792696,-0.0503394491971,0.00266591296531,0.0402458049357,-0.0655740872025,0.0829637423158,-0.103020608425,0.110518679023,-0.0588296242058],[0.000710519438144,0.00390038406476,-0.0173247586936,0.0375574715436,-0.0462305098772,0.0316677577794,-0.00223156157881,-0.0255192723125,0.0400406904519,-0.0461110770702,0.0510777682066,-0.0588296242058,0.0536910146475]],"mean":[5.5673251152,118.08266449,-85.3324508667,38.1194992065,-0.281041443348,-11.2195892334,5.3110332489,-12.3570156097,-8.89880466461,-1.493227005,-9.72985076904,-2.23574757576,-6.76156997681]},"hfc":{"dmean":7.25012922287,"dmean2":10.5846328735,"dvar":88.5887985229,"dvar2":187.024414062,"max":171.530075073,"mean":19.1316452026,"median":15.5029649734,"min":4.17246440065e-7,"var":189.298095703},"melbands":{"dmean":[0.0152814313769,0.00823446642607,0.0024627505336,0.000774577143602,0.000359657627996,0.000177012756467,0.0000805458621471,0.0000595652527409,0.0000495158856211,0.0000384424565709,0.0000279618288914,0.000024427925382,0.0000196488654183,0.0000232470320043,0.0000232830061577,0.0000192454808712,0.0000158175716933,0.0000126197364807,0.0000144812029248,0.0000103293186839,0.0000102897265606,0.0000105070485006,0.0000078607672549,0.00000636476625004,0.00000533254160473,0.00000461004447061,0.00000378346430807,0.00000303777301269,0.00000266457891485,0.00000193283585759,0.00000124176676763,7.86526584307e-7,4.39548415443e-7,2.38581122858e-7,1.23738828961e-7,9.00960159811e-8,7.45166488514e-8,6.50047198292e-8,5.72141800603e-8,5.06048252191e-8],"dmean2":[0.0246490351856,0.0137884626165,0.00404689786956,0.00128298334312,0.000579005863983,0.000282186258119,0.000131244931254,0.0000984986763797,0.0000816217652755,0.0000634184179944,0.0000451196683571,0.0000392852489313,0.0000317756239383,0.0000378059812647,0.0000374551709683,0.0000313186465064,0.0000258341860899,0.0000203117506317,0.0000234945273405,0.0000164853008755,0.0000166536465258,0.0000169943923538,0.0000121558332467,0.00000989215550362,0.0000082770766312,0.00000715754686098,0.00000594993662162,0.00000463589822175,0.00000411325663663,0.00000295635823022,0.00000187870773516,0.00000116549131235,6.68871621201e-7,3.80442628511e-7,2.05389071084e-7,1.5229835526e-7,1.26726533267e-7,1.10625023808e-7,9.73753202516e-8,8.6117594833e-8],"dvar":[0.000717590562999,0.000164283948834,0.0000121291677715,0.0000012765642623,5.67366782889e-7,1.29450199893e-7,1.65125175755e-8,1.08768292151e-8,1.05373434423e-8,5.66118929513e-9,3.62204777282e-9,2.14185957859e-9,9.28535304201e-10,1.05730668665e-9,1.71534375593e-9,1.76514669548e-9,9.80296399611e-10,4.34681540762e-10,1.33884703324e-9,3.04655661809e-10,2.64603366995e-10,3.144518812e-10,1.83502074647e-10,1.16005371975e-10,7.3799785727e-11,5.83320128311e-11,3.74419523164e-11,2.41045100546e-11,2.46573039764e-11,1.05143584811e-11,3.84562607453e-12,1.46697411163e-12,5.54931751592e-13,1.66315393532e-13,3.74961123077e-14,2.27234409674e-14,1.69830461678e-14,1.30666427995e-14,1.01297322378e-14,7.92428036573e-15],"dvar2":[0.00183379068039,0.000437227718066,0.0000317223639286,0.00000328366900249,0.00000126534166611,2.76416187717e-7,3.97783956885e-8,2.87296924029e-8,2.70861697516e-8,1.46059875306e-8,8.51906367672e-9,5.0026467413e-9,2.24065943577e-9,2.64306176945e-9,4.31244506771e-9,4.40808056723e-9,2.49839215982e-9,1.07583586484e-9,3.41987815844e-9,7.54802331748e-10,6.68940569604e-10,7.98474730779e-10,4.03822669748e-10,2.71131089802e-10,1.78253245497e-10,1.36813213536e-10,8.96494337099e-11,5.57525518807e-11,5.77109506017e-11,2.35574910273e-11,8.51475747549e-12,3.2243938422e-12,1.24931402029e-12,3.9239130608e-13,9.02456887973e-14,5.60365589922e-14,4.22136690837e-14,3.25097852013e-14,2.51961876385e-14,1.9706507815e-14],"max":[0.377680808306,0.184937089682,0.0772863849998,0.0265210513026,0.0182898454368,0.00746174389496,0.00332686235197,0.00242534838617,0.0039768111892,0.0018200520426,0.00210232078098,0.00136925571132,0.000887864443939,0.000821791240014,0.000954695569817,0.00143912492786,0.000995905487798,0.000509766105097,0.00178117316682,0.0004125709238,0.000275464961305,0.00029199704295,0.000238427470322,0.000271738623269,0.000230013320106,0.000252092839219,0.000192543666344,0.000115426279081,0.000120287499158,0.0000996454327833,0.0000352379283868,0.0000171881911228,0.0000128544443214,0.0000065042559072,0.00000295238328363,0.00000253081316259,0.00000226236397793,0.00000198943098439,0.00000175697493887,0.0000015571537233],"mean":[0.0205871537328,0.0118197472766,0.00391966663301,0.00117455958389,0.000536229694262,0.000273547804682,0.000120091979625,0.0000871138399816,0.0000697939103702,0.0000579884545004,0.0000427194972872,0.0000382247417292,0.0000321078150591,0.0000395219285565,0.0000380292731279,0.0000304047625832,0.0000248768719757,0.0000209189784073,0.0000204107545869,0.0000158791190188,0.0000162602736964,0.0000160086219694,0.0000122139636005,0.0000103455222416,0.0000090414632723,0.00000811537211121,0.00000694990922057,0.00000565447362533,0.00000462306661575,0.00000346152637576,0.00000222747507905,0.00000132411310005,6.27233191608e-7,2.93835228149e-7,1.41744052939e-7,9.20321383546e-8,6.88946926175e-8,5.81956918211e-8,5.11952755744e-8,4.52748452062e-8],"median":[0.0119123607874,0.00821249373257,0.00251274718903,0.000728834711481,0.000253451260505,0.000129702370032,0.0000680970406393,0.0000452016502095,0.0000367473585356,0.000029153392461,0.0000224878058361,0.0000208602250495,0.000020056946596,0.0000242833666562,0.0000209389127122,0.0000163857839652,0.0000138112491186,0.000011957928109,0.0000106776842586,0.00000875954174262,0.00000914882366487,0.00000854800146044,0.00000570380325371,0.00000487298939333,0.00000439085670223,0.00000397719304601,0.00000366716790268,0.0000027702872103,0.00000221399932343,0.00000178745744961,0.00000122370067857,6.7336787879e-7,2.93092114134e-7,1.34846175115e-7,6.7472676335e-8,3.91693255608e-8,2.25851088942e-8,1.75166547933e-8,1.5371719897e-8,1.35545841218e-8],"min":[5.10695175385e-12,6.59251624645e-13,4.85446305007e-14,1.62046428793e-13,4.76077814324e-12,3.82574180668e-12,1.1557055226e-12,6.97018668911e-13,4.75995653483e-13,5.52332973195e-13,8.34607122996e-13,1.44444880861e-13,2.29731896484e-13,2.6158499737e-13,2.96038997624e-14,1.42759017634e-14,7.78470509084e-14,2.03020150062e-13,1.86608459804e-13,1.46116612191e-13,8.51337907505e-14,1.00622215096e-13,9.29299768648e-14,1.74239122479e-13,2.13821907229e-13,1.80489642871e-13,1.07829665878e-13,4.23067342877e-14,8.23851620604e-14,6.89509552427e-14,3.40226978535e-14,7.5489676901e-14,9.78623987944e-14,9.37958003909e-14,1.14407547563e-13,2.78414932168e-13,1.36159150361e-13,6.55260452831e-15,1.00599189352e-14,4.05630907078e-15],"var":[0.000759610440582,0.000172981162905,0.0000204091065825,0.00000219654361899,0.00000124582356875,3.02941685959e-7,2.96274986766e-8,1.86194206719e-8,1.5778340412e-8,1.10888151994e-8,7.38632977004e-9,3.8230405508e-9,1.76653380812e-9,2.2780843878e-9,2.86182388898e-9,2.84505308201e-9,1.69297331709e-9,8.43689562657e-10,1.40355282952e-9,4.23364648894e-10,3.94339949583e-10,4.16434109418e-10,2.9868690854e-10,2.14760362272e-10,1.63085767113e-10,1.33938082847e-10,9.0529084229e-11,6.41229291887e-11,4.7947267684e-11,2.3629322457e-11,7.58760589081e-12,2.87287554857e-12,7.83998083467e-13,1.95857449725e-13,4.37947645e-14,2.36173080604e-14,1.70596416632e-14,1.307873843e-14,1.01369802987e-14,7.93282692817e-15]},"melbands_crest":{"dmean":4.8392033577,"dmean2":7.98405170441,"dvar":15.505692482,"dvar2":40.478225708,"max":37.7627372742,"mean":22.0456409454,"median":21.5358295441,"min":3.25058150291,"var":34.0586624146},"melbands_flatness_db":{"dmean":0.0442594587803,"dmean2":0.0710616409779,"dvar":0.00121293473057,"dvar2":0.00319618545473,"max":0.559982180595,"mean":0.336475759745,"median":0.337884545326,"min":0.0439343005419,"var":0.00357915088534},"melbands_kurtosis":{"dmean":34.6861610413,"dmean2":55.9117774963,"dvar":1661.96936035,"dvar2":4213.25878906,"max":634.708007812,"mean":70.9282913208,"median":57.1530609131,"min":-0.976099252701,"var":3191.9777832},"melbands_skewness":{"dmean":1.62275671959,"dmean2":2.57756495476,"dvar":2.15280985832,"dvar2":5.37413597107,"max":19.3553638458,"mean":6.54381561279,"median":6.31770896912,"min":-0.379492223263,"var":6.02960968018},"melbands_spread":{"dmean":2.75947999954,"dmean2":4.48321676254,"dvar":17.243938446,"dvar2":44.1038665771,"max":103.375259399,"mean":5.67479467392,"median":3.93314886093,"min":0.324010074139,"var":36.114944458},"mfcc":{"cov":[[2050.80444336,-288.789642334,1.29662883282,-45.1736488342,30.4050922394,-47.6961097717,-15.602678299,6.18396997452,14.0913476944,-30.3986549377,22.7546081543,-18.6983242035,15.8500843048],[-288.789642334,475.646606445,-110.10760498,12.8352994919,-32.3197898865,42.8061103821,12.7742605209,-12.3152322769,-6.2596244812,-14.2425699234,-11.9504423141,2.20222330093,-13.4419822693],[1.29662883282,-110.10760498,425.427886963,-205.651199341,110.828804016,-87.9183044434,8.041929245,-7.60026931763,-26.4475135803,21.4732761383,-12.1886253357,14.7978811264,-4.86485290527],[-45.1736488342,12.8352994919,-205.651199341,349.377716064,-75.8321533203,88.4134063721,-19.5534267426,20.2429847717,27.2490577698,-17.1848526001,20.5083637238,-22.8488636017,12.7078866959],[30.4050922394,-32.3197898865,110.828804016,-75.8321533203,156.363220215,-24.3478374481,47.7550735474,3.17515206337,-1.0324395895,8.30413150787,-16.0852355957,17.6973152161,-5.3509850502],[-47.6961097717,42.8061103821,-87.9183044434,88.4134063721,-24.3478374481,116.728363037,23.8126811981,25.0224018097,5.29671239853,-10.7868509293,4.52960395813,-10.8423805237,11.756444931],[-15.602678299,12.7742605209,8.041929245,-19.5534267426,47.7550735474,23.8126811981,112.122116089,27.9088344574,12.1878185272,-3.79207277298,-17.3720912933,7.07329416275,-5.41609954834],[6.18396997452,-12.3152322769,-7.60026931763,20.2429847717,3.17515206337,25.0224018097,27.9088344574,66.1920394897,26.5779495239,4.8100194931,-0.129518225789,-3.77561378479,7.09987688065],[14.0913476944,-6.2596244812,-26.4475135803,27.2490577698,-1.0324395895,5.29671239853,12.1878185272,26.5779495239,63.8438644409,24.7799415588,6.9562125206,1.55156600475,-1.90915155411],[-30.3986549377,-14.2425699234,21.4732761383,-17.1848526001,8.30413150787,-10.7868509293,-3.79207277298,4.8100194931,24.7799415588,56.5577926636,21.6000041962,6.87341547012,-1.00069999695],[22.7546081543,-11.9504423141,-12.1886253357,20.5083637238,-16.0852355957,4.52960395813,-17.3720912933,-0.129518225789,6.9562125206,21.6000041962,52.9629364014,19.0580234528,5.62625217438],[-18.6983242035,2.20222330093,14.7978811264,-22.8488636017,17.6973152161,-10.8423805237,7.07329416275,-3.77561378479,1.55156600475,6.87341547012,19.0580234528,46.5718002319,17.1839370728],[15.8500843048,-13.4419822693,-4.86485290527,12.7078866959,-5.3509850502,11.756444931,-5.41609954834,7.09987688065,-1.90915155411,-1.00069999695,5.62625217438,17.1839370728,43.2724227905]],"icov":[[0.000592338095885,0.000335642864229,0.00020431104349,0.000265669892542,-0.000287245697109,0.000289803254418,-0.000043711719627,0.000116586852528,-0.000499994668644,0.000953406328335,-0.000969653017819,0.000960132631008,-0.000561824417673],[0.000335642864229,0.0026392294094,0.0007232374046,0.000504434108734,0.000268392759608,-0.000916202028748,-0.0000416844559368,0.000548304524273,-0.0000241482266574,0.000357603945304,0.000657977012452,-0.000973250367679,0.00112513976637],[0.00020431104349,0.0007232374046,0.00426908349618,0.00172971806023,-0.00208510016091,0.00144139339682,0.000423736142693,-0.000987301813439,0.00152758136392,-0.000750040984713,-0.000413123518229,0.000971813220531,-0.000594764656853],[0.000265669892542,0.000504434108734,0.00172971806023,0.00514604430646,-0.0000630035210634,-0.00202495255508,0.000818718632217,0.000198384776013,-0.00236585829407,0.0025622851681,-0.0027886852622,0.00288810394704,-0.00147456047125],[-0.000287245697109,0.000268392759608,-0.00208510016091,-0.0000630035210634,0.0101663954556,-0.0000648150526104,-0.00337874214165,0.000228699485888,0.000583360146265,-0.00224662781693,0.00413182377815,-0.00504315178841,0.00222627841868],[0.000289803254418,-0.000916202028748,0.00144139339682,-0.00202495255508,-0.0000648150526104,0.0143806869164,-0.00395345129073,-0.00310733891092,0.00171529641375,0.00155715167057,-0.00414856337011,0.00574568333104,-0.00516464468092],[-0.000043711719627,-0.0000416844559368,0.000423736142693,0.000818718632217,-0.00337874214165,-0.00395345129073,0.0140612917021,-0.00493569625542,-0.000955497554969,0.000346278218785,0.00528522767127,-0.00580806983635,0.00462143495679],[0.000116586852528,0.000548304524273,-0.000987301813439,0.000198384776013,0.000228699485888,-0.00310733891092,-0.00493569625542,0.0229089818895,-0.00966434273869,0.00211736070924,-0.0023566421587,0.00531568704173,-0.00572759937495],[-0.000499994668644,-0.0000241482266574,0.00152758136392,-0.00236585829407,0.000583360146265,0.00171529641375,-0.000955497554969,-0.00966434273869,0.0263506062329,-0.0131130907685,0.0042440420948,-0.00454534078017,0.00422687316313],[0.000953406328335,0.000357603945304,-0.000750040984713,0.0025622851681,-0.00224662781693,0.00155715167057,0.000346278218785,0.00211736070924,-0.0131130907685,0.030435539782,-0.0148191563785,0.0061115808785,-0.00245475606062],[-0.000969653017819,0.000657977012452,-0.000413123518229,-0.0027886852622,0.00413182377815,-0.00414856337011,0.00528522767127,-0.0023566421587,0.0042440420948,-0.0148191563785,0.03586082533,-0.0205291211605,0.00735255936161],[0.000960132631008,-0.000973250367679,0.000971813220531,0.00288810394704,-0.00504315178841,0.00574568333104,-0.00580806983635,0.00531568704173,-0.00454534078017,0.0061115808785,-0.0205291211605,0.0423871651292,-0.0193990822881],[-0.000561824417673,0.00112513976637,-0.000594764656853,-0.00147456047125,0.00222627841868,-0.00516464468092,0.00462143495679,-0.00572759937495,0.00422687316313,-0.00245475606062,0.00735255936161,-0.0193990822881,0.0341048315167]],"mean":[-656.687255859,164.00819397,-12.7205619812,64.9312744141,9.82608699799,27.1349525452,14.5257282257,6.62672472,9.14953804016,1.44494724274,3.93905735016,3.37085175514,1.5453158617]},"pitch_salience":{"dmean":0.107717491686,"dmean2":0.17679721117,"dvar":0.00758805824444,"dvar2":0.0196600649506,"max":0.860862255096,"mean":0.465561598539,"median":0.479977458715,"min":0.076260253787,"var":0.0169641394168},"silence_rate_20dB":{"dmean":0.0479430370033,"dmean2":0.0958936661482,"dvar":0.0456444807351,"dvar2":0.105365268886,"max":1,"mean":0.958864033222,"median":1,"min":0,"var":0.0394390188158},"silence_rate_30dB":{"dmean":0.196044310927,"dmean2":0.39211961627,"dvar":0.157623246312,"dvar2":0.294098556042,"max":1,"mean":0.578830778599,"median":1,"min":0,"var":0.24379350245},"silence_rate_60dB":{"dmean":0.00189873413183,"dmean2":0.00379776884802,"dvar":0.00189533235971,"dvar2":0.00425878958777,"max":1,"mean":0.005221106112,"median":0,"min":0,"var":0.00519340764731},"spectral_centroid":{"dmean":248.080749512,"dmean2":386.672943115,"dvar":64388.1367188,"dvar2":143994.625,"max":10938.8417969,"mean":881.507019043,"median":758.353088379,"min":171.892288208,"var":251795.875},"spectral_complexity":{"dmean":5.03892421722,"dmean2":7.00229454041,"dvar":25.2710609436,"dvar2":41.9364509583,"max":60,"mean":18.3311443329,"median":16,"min":0,"var":107.436569214},"spectral_contrast_coeffs":{"dmean":[0.059024490416,0.0510746352375,0.0348863117397,0.027349120006,0.0190348401666,0.0627195760608],"dmean2":[0.0983077660203,0.0845246389508,0.058545883745,0.0453396849334,0.0315548591316,0.102637730539],"dvar":[0.0020998059772,0.00158011878375,0.000747062673327,0.000475246459246,0.000238857828663,0.0026927869767],"dvar2":[0.00582940736786,0.00436326907948,0.00206538313068,0.00127739040181,0.000626364839263,0.00713130226359],"max":[-0.407647043467,-0.446160435677,-0.578267335892,-0.630384385586,-0.705360591412,-0.415288329124],"mean":[-0.672181785107,-0.778460383415,-0.82498472929,-0.822595655918,-0.825271010399,-0.711584091187],"median":[-0.674305140972,-0.786294519901,-0.829968810081,-0.826593518257,-0.826888978481,-0.720529675484],"min":[-0.975287497044,-0.964678525925,-0.959504246712,-0.963830649853,-0.954667568207,-0.958295404911],"var":[0.00515833077952,0.00411816313863,0.00186052976642,0.0011687616352,0.000514325336553,0.0059565231204]},"spectral_contrast_valleys":{"dmean":[0.389050453901,0.42189720273,0.344122380018,0.284663766623,0.257112413645,0.893662512302],"dmean2":[0.630835473537,0.688337028027,0.550857782364,0.434453785419,0.360783338547,1.47820472717],"dvar":[0.116431362927,0.135095536709,0.0966832116246,0.076221421361,0.0794625803828,0.566435813904],"dvar2":[0.259037137032,0.321737796068,0.212464556098,0.142774775624,0.123263925314,1.53077161312],"max":[-4.30406904221,-4.74188709259,-5.53062057495,-5.84458398819,-5.3415145874,-8.46715545654],"mean":[-5.99217844009,-6.63037395477,-7.13322353363,-7.34786367416,-7.22023630142,-11.0067281723],"median":[-5.94300699234,-6.61340618134,-7.09973239899,-7.34436273575,-7.26239442825,-10.9146165848],"min":[-27.070646286,-27.1707382202,-27.2221641541,-26.9927368164,-27.3825950623,-27.3378925323],"var":[0.360694766045,0.345851331949,0.293848693371,0.262661248446,0.323124617338,1.04366731644]},"spectral_decrease":{"dmean":1.66236731047e-8,"dmean2":2.59540477998e-8,"dvar":6.62410204999e-16,"dvar2":1.58488461816e-15,"max":-4.12907716835e-17,"mean":-3.01306535277e-8,"median":-2.2272438116e-8,"min":-3.62257964071e-7,"var":8.60040991044e-16},"spectral_energy":{"dmean":0.0632336065173,"dmean2":0.0986361578107,"dvar":0.00955919083208,"dvar2":0.0228421818465,"max":1.37617337704,"mean":0.115455187857,"median":0.0856243595481,"min":1.93686386374e-10,"var":0.0124590881169},"spectral_energyband_high":{"dmean":0.000192305844394,"dmean2":0.00027349582524,"dvar":7.45653139234e-8,"dvar2":1.47039813214e-7,"max":0.00604843953624,"mean":0.000400846329285,"median":0.000224409770453,"min":3.36656431899e-11,"var":2.25248669494e-7},"spectral_energyband_low":{"dmean":0.0598978996277,"dmean2":0.0945874676108,"dvar":0.00877107214183,"dvar2":0.0214878879488,"max":1.32389438152,"mean":0.0981977507472,"median":0.0698503777385,"min":1.74563280497e-11,"var":0.0107613317668},"spectral_energyband_middle_high":{"dmean":0.00104572926648,"dmean2":0.00150301016401,"dvar":0.00000185407827757,"dvar2":0.00000389450087823,"max":0.0286940876395,"mean":0.00269935023971,"median":0.00196368363686,"min":2.83207433199e-11,"var":0.00000537525284017},"spectral_energyband_middle_low":{"dmean":0.00714902626351,"dmean2":0.0115155624226,"dvar":0.0000875664263731,"dvar2":0.000223312381422,"max":0.208432301879,"mean":0.0142653947696,"median":0.010348983109,"min":4.60227272958e-11,"var":0.000183473908692},"spectral_entropy":{"dmean":0.185713350773,"dmean2":0.292667746544,"dvar":0.0258147343993,"dvar2":0.0642158538103,"max":9.79627990723,"mean":7.45946359634,"median":7.50416183472,"min":5.84570121765,"var":0.0857005268335},"spectral_flux":{"dmean":0.0672836527228,"dmean2":0.108176030219,"dvar":0.00572107220069,"dvar2":0.0123051237315,"max":0.962088823318,"mean":0.174370780587,"median":0.144941702485,"min":0.0000432999659097,"var":0.0112324254587},"spectral_kurtosis":{"dmean":1.4281526804,"dmean2":2.3362634182,"dvar":2.05984401703,"dvar2":5.33317708969,"max":27.4521255493,"mean":7.56524753571,"median":7.12814998627,"min":-1.21080517769,"var":4.80525779724},"spectral_rms":{"dmean":0.00259852828458,"dmean2":0.00392046617344,"dvar":0.0000079990904851,"dvar2":0.0000175900004251,"max":0.0366416163743,"mean":0.00974233169109,"median":0.00913980044425,"min":4.34697966512e-7,"var":0.0000177265119419},"spectral_rolloff":{"dmean":119.865730286,"dmean2":206.157546997,"dvar":121148.859375,"dvar2":278553.78125,"max":17743.359375,"mean":236.441802979,"median":150.732421875,"min":21.533203125,"var":158713.15625},"spectral_skewness":{"dmean":0.210929498076,"dmean2":0.325251370668,"dvar":0.0330776199698,"dvar2":0.0717284232378,"max":3.60243988037,"mean":1.67210304737,"median":1.65786778927,"min":-0.0176338609308,"var":0.138743922114},"spectral_spread":{"dmean":492574.0625,"dmean2":806352,"dvar":277156495360,"dvar2":575769542656,"max":40833148,"mean":3740708.75,"median":3660243,"min":1982753.125,"var":486709100544},"spectral_strongpeak":{"dmean":0.318791091442,"dmean2":0.53671503067,"dvar":0.113346718252,"dvar2":0.293661117554,"max":3.56167864799,"mean":0.472590982914,"median":0.380569428205,"min":0,"var":0.163779810071},"zerocrossingrate":{"dmean":0.00733453314751,"dmean2":0.010012566112,"dvar":0.0000494807281939,"dvar2":0.0000826083341963,"max":0.24462890625,"mean":0.0237861070782,"median":0.0205078125,"min":0.0009765625,"var":0.000216423431993}},"metadata":{"audio_properties":{"analysis_sample_rate":44100,"bit_rate":128000,"codec":"mp3","downmix":"mix","equal_loudness":0,"length":293.485717773,"lossless":false,"md5_encoded":"79c31aa0d4d44b3fe48e24040fbf61a3","replay_gain":-1.62223434448,"sample_rate":44100},"tags":{"album":["Where It All Begins"],"album artist credit":["The Allman Brothers Band"],"albumartist":["The Allman Brothers Band"],"albumartistsort":["Allman Brothers Band, The"],"artist":["The Allman Brothers Band"],"artist credit":["The Allman Brothers Band"],"artistsort":["Allman Brothers Band, The"],"bpm":["0"],"date":["1995"],"discnumber":["1/1"],"file_name":"02 - The Allman Brothers Band - Sailin’ ’Cross the Devil’s Sea.mp3","genre":["Rock - Roots Rock"],"language":["eng"],"musicbrainz album release country":["US"],"musicbrainz album status":["Official"],"musicbrainz album type":["album"],"musicbrainz_albumartistid":["72359492-22be-4ed9-aaa0-efa434fb2b01"],"musicbrainz_albumid":["82820a41-ffd3-3812-8424-6f1be3e3d9ba"],"musicbrainz_artistid":["72359492-22be-4ed9-aaa0-efa434fb2b01"],"musicbrainz_recordingid":["37c552de-9bc1-40e7-bb88-b54baa679189"],"musicbrainz_releasegroupid":["1acf4af2-3d72-3101-b722-282f94222007"],"originaldate":["1994-05-04"],"replaygain_album_gain":["0.00 dB"],"replaygain_album_peak":["0.000000"],"replaygain_track_gain":["0.00 dB"],"replaygain_track_peak":["0.000000"],"script":["Latn"],"title":["Sailin’ ’Cross the Devil’s Sea"],"tracknumber":["2/10"]},"version":{"essentia":"2.1-beta1","essentia_build_sha":"5a811adb4c06fd6d02ca903f7349a26d851abfa8","essentia_git_sha":"v2.1_beta1-34-gf95df8b","extractor":"music 1.0"}},"rhythm":{"beats_count":467,"beats_loudness":{"dmean":0.123996898532,"dmean2":0.216790497303,"dvar":0.0116821704432,"dvar2":0.0344142541289,"max":0.806553006172,"mean":0.219587057829,"median":0.194217309356,"min":0.00298435566947,"var":0.0140630258247},"beats_loudness_band_ratio":{"dmean":[0.0614881254733,0.0512306392193,0.0123822391033,0.00978875067085,0.0110733918846,0.00657034572214],"dmean2":[0.10699108243,0.0915144234896,0.0218198653311,0.0170374792069