{"lowlevel":{"average_loudness":0.590031087399,"barkbands":{"dmean":[0.0000174937922566,0.000363598956028,0.00022230274044,0.00157538650092,0.00299580395222,0.000759018294048,0.000200679613044,0.000158584225574,0.00048103829613,0.000304165267153,0.000116730465379,0.000275444006547,0.000103432976175,0.000172965141246,0.0000840263237478,0.000161962656421,0.000208687124541,0.000225885873078,0.000245162285864,0.000166034529684,0.0000905479901121,0.0000616346078459,0.0000546240735275,0.0000437402559328,0.0000142072349263,0.00000157915962973,7.3884626195e-10],"dmean2":[0.0000224879240704,0.00061258347705,0.000359814410331,0.00263177347369,0.00492224097252,0.0012106053764,0.000322557549225,0.000260489148786,0.000784854055382,0.000490097911097,0.00019657878147,0.000438730901806,0.000168287122506,0.000282338121906,0.000139892479638,0.000255605205894,0.000340558122844,0.000359644123819,0.000395407114411,0.000273278099485,0.000146161823068,0.0000952655973379,0.0000806222087704,0.0000629901478533,0.0000198697925953,0.00000217433830585,1.38122868698e-9],"dvar":[2.14113793362e-9,8.85671227024e-7,3.35615652602e-7,0.0000135526170197,0.0000425012221967,0.00000277733374787,3.55136563712e-7,2.35708384366e-7,0.00000250968582804,0.00000158229943281,1.48286147805e-7,0.00000114578097055,2.57696399331e-7,3.09149442046e-7,5.5696780521e-8,1.92857768866e-7,2.7776414413e-7,3.6394669678e-7,2.64405258577e-7,1.54897364268e-7,4.31415507762e-8,2.10930206634e-8,2.53588918753e-8,1.88583975103e-8,1.56590984624e-9,3.52788354085e-11,1.77886224705e-18],"dvar2":[3.17772141933e-9,0.00000247816637966,8.41710175337e-7,0.0000361435268132,0.000110894099635,0.00000713455983714,8.93383685252e-7,5.93582910824e-7,0.00000686808562023,0.00000410162874687,3.99425857722e-7,0.00000289109425466,6.0990350903e-7,7.55677774578e-7,1.43637905126e-7,4.4544492539e-7,7.22733204839e-7,8.71481177001e-7,6.61788931211e-7,3.99907520432e-7,1.0971791653e-7,4.78678217064e-8,4.18449062067e-8,3.39474510724e-8,2.69981659251e-9,6.44013731232e-11,5.93545640566e-18],"max":[0.00148076191545,0.0184034667909,0.0205092728138,0.059880875051,0.104599550366,0.0470165684819,0.0173992291093,0.0121820215136,0.0359673276544,0.0306741259992,0.00756850326434,0.0352438911796,0.0311653502285,0.0214831177145,0.00671259406954,0.00982189271599,0.012387256138,0.0231437757611,0.0154534792528,0.0101226409897,0.00795720610768,0.0046286075376,0.0114657012746,0.0098968166858,0.00184037233703,0.00028189359,1.87243571759e-8],"mean":[0.0000375879935746,0.000794825551566,0.000450245715911,0.00278142699972,0.0048337765038,0.0014279272873,0.000319064332871,0.000233928643866,0.000802876078524,0.000451274827356,0.000166594327311,0.000457046873635,0.000152705571963,0.000321550061926,0.000130571817863,0.000290236755973,0.000371598667698,0.000450498628197,0.000524740607943,0.000348854198819,0.000204809999559,0.000140442032716,0.000126438229927,0.0000959493554546,0.00002836513886,0.00000255361896961,6.36246333396e-10],"median":[0.00000156928877004,0.000191112631001,0.000070925874752,0.000631199800409,0.00216546934098,0.000483268231619,0.000101181874925,0.0000471677885798,0.000134554662509,0.000079151315731,0.0000280846288661,0.0000643496023258,0.0000258812178799,0.0000412458502979,0.0000348763023794,0.0000837103143567,0.0000999443873297,0.000149729094119,0.000188053847523,0.000150259234942,0.0000714633642929,0.0000612476069364,0.000056506924011,0.0000395050010411,0.00000713829649612,1.72194333459e-7,2.18761952997e-10],"min":[2.00734689791e-24,6.22530727203e-24,4.07268177767e-24,8.50468338678e-24,4.0055873433e-23,1.13703255435e-23,5.25330276245e-23,5.88312331384e-23,2.6569355936e-23,4.3915782464e-23,4.41206370193e-23,1.19367579657e-22,6.0361036382e-23,7.06505404438e-23,1.31236970164e-22,7.66989705069e-23,1.67567511081e-22,2.41473579506e-22,2.31116681479e-22,2.30378130967e-22,4.53637278203e-22,4.46284236286e-22,6.47454470382e-22,5.64905237982e-22,9.92824741907e-22,1.6645924355e-21,2.33353042823e-21],"var":[7.7289996625e-9,0.00000237965150518,0.00000155112184075,0.0000272533034149,0.0000579532097618,0.00000775956777943,6.91546460985e-7,4.50469485713e-7,0.00000600270095674,0.00000274879153039,2.42381076987e-7,0.0000025983854357,4.49141566605e-7,8.59273654896e-7,1.05811253093e-7,4.68478987159e-7,7.02195507074e-7,9.75797547653e-7,8.15764337858e-7,3.67164943782e-7,1.44992071682e-7,5.72960665579e-8,1.22210721543e-7,7.38708791914e-8,6.62547838814e-9,1.01417520215e-10,1.34082554835e-18]},"barkbands_crest":{"dmean":2.45269489288,"dmean2":3.96048331261,"dvar":5.12391996384,"dvar2":13.0008106232,"max":25.1334056854,"mean":10.6358699799,"median":9.84621143341,"min":2.53616023064,"var":20.2664031982},"barkbands_flatness_db":{"dmean":0.0183405019343,"dmean2":0.0292606744915,"dvar":0.000283309142105,"dvar2":0.000755215703975,"max":0.359171360731,"mean":0.15598334372,"median":0.150851875544,"min":0.0244737528265,"var":0.00186391512398},"barkbands_kurtosis":{"dmean":2.33606719971,"dmean2":3.64934134483,"dvar":21.5352249146,"dvar2":47.7626914978,"max":170.801681519,"mean":3.54581665993,"median":0.175632923841,"min":-1.90236389637,"var":112.92339325},"barkbands_skewness":{"dmean":0.511237800121,"dmean2":0.787965297699,"dvar":0.285223126411,"dvar2":0.673003971577,"max":11.3542280197,"mean":1.35418379307,"median":1.10868263245,"min":-2.72646689415,"var":2.39020371437},"barkbands_spread":{"dmean":5.91838216782,"dmean2":9.33590126038,"dvar":37.5972862244,"dvar2":87.9726867676,"max":101.651229858,"mean":29.7080478668,"median":28.6302337646,"min":0.933304309845,"var":214.917953491},"dissonance":{"dmean":0.0121006127447,"dmean2":0.020468281582,"dvar":0.000172443309566,"dvar2":0.000461661024019,"max":0.499999970198,"mean":0.474848389626,"median":0.479409724474,"min":0.165164291859,"var":0.000345730222762},"dynamic_complexity":5.78128099442,"erbbands":{"dmean":[0.0109002115205,0.0833829045296,0.248303368688,2.46861696243,9.32640552521,10.5895090103,7.25450086594,5.73788261414,3.00994253159,2.94701504707,4.50417041779,10.3074607849,9.55510139465,6.67290115356,6.81683063507,9.15844249725,4.79270839691,5.15749835968,7.74747085571,5.96906137466,7.6394534111,10.7695178986,9.35993099213,10.6369714737,13.177315712,9.98445510864,4.18327093124,2.95640134811,2.10590577126,1.63452386856,1.69916558266,1.1084048748,0.622165799141,0.20654027164,0.0679685920477,0.0145735945553,0.00182413891889,0.0000948837187025,0.00000500751093568,0.00000620121772954],"dmean2":[0.0163152776659,0.145466983318,0.403552740812,4.04350852966,15.9235315323,16.9844264984,11.7043170929,8.90339183807,4.75660705566,4.70853185654,7.30298185349,16.5933742523,15.0445489883,11.2046995163,11.1136188507,14.3467512131,7.66200351715,8.15435600281,12.2151699066,9.40006446838,12.1861228943,17.2446498871,14.6994333267,17.0492134094,21.3495559692,16.4174900055,6.80161523819,4.73172330856,3.26954054832,2.46449327469,2.47064185143,1.59207069874,0.917566359043,0.291535049677,0.0937613770366,0.0200217049569,0.00262460485101,0.000141076438013,0.0000070150749707,0.00000983174413705],"dvar":[0.000942226615734,0.0474462546408,0.378031432629,32.6640815735,478.507415771,533.106872559,199.60736084,239.211090088,87.4251174927,64.7320327759,159.897521973,1308.04284668,1329.34436035,1163.84082031,514.205749512,1174.22351074,347.57635498,248.662277222,535.685058594,296.750091553,485.020507813,695.626586914,543.174682617,813.17364502,756.541931152,588.952697754,110.296295166,43.9653663635,20.880109787,18.9823875427,26.0383377075,17.8761997223,2.61530184746,0.312752962112,0.0525338239968,0.00264452118427,0.0000558276842639,1.63120603247e-7,1.32245200901e-10,1.12245233941e-10],"dvar2":[0.00196885270998,0.142744570971,1.00444471836,85.0752944946,1300.81860352,1362.76782227,524.333251953,570.165405273,215.556564331,154.771102905,409.479003906,3350.78686523,3153.57373047,3301.94140625,1348.49194336,2751.46240234,836.279541016,594.875732422,1233.86669922,718.898010254,1144.35253906,1755.69030762,1352.5098877,2001.63049316,1908.24084473,1476.60314941,287.453491211,109.499153137,46.4702682495,39.5953216553,37.3443832397,31.5902729034,5.26423835754,0.576081752777,0.0839125141501,0.00445118639618,0.000114030350232,3.73915838736e-7,2.53339266232e-10,2.89829271694e-10],"max":[0.791853189468,3.78895401955,19.1510162354,94.3110809326,447.743133545,412.619262695,296.515441895,500.83605957,296.595367432,178.12802124,325.574127197,1097.49023438,901.543151855,1013.45080566,687.087463379,1476.9543457,1034.48132324,453.756896973,703.172912598,433.735595703,558.779052734,568.374023438,1064.16540527,1130.18151855,924.214233398,689.445129395,384.636230469,251.049484253,121.388725281,160.659469604,420.651397705,355.595855713,52.0859832764,21.989238739,11.5813131332,2.11049675941,0.360928893089,0.0182307176292,0.000494812149554,0.000160511044669],"mean":[0.0279204435647,0.16175930202,0.573555767536,4.73561286926,13.0733633041,18.2728271484,13.8910112381,10.5922622681,5.06241512299,4.71049070358,7.25006532669,16.7480163574,17.0362281799,10.4605522156,11.3069849014,15.676607132,8.21955299377,9.75800704956,13.8867931366,10.6535835266,14.6481046677,21.6986217499,21.3120441437,24.3142337799,28.9393978119,20.4667339325,9.78413486481,6.70696496964,4.87127542496,3.83431720734,3.8151204586,2.57175445557,1.26488161087,0.426199913025,0.135652154684,0.0260452907532,0.00267078820616,0.000128060550196,0.0000158781622304,0.000020771405616],"median":[0.00382115738466,0.0389960892498,0.151944041252,1.25316917896,4.68240976334,7.70695400238,6.30539321899,3.50524568558,1.83599925041,1.34667205811,2.00945663452,3.11791849136,2.75904750824,2.09473466873,2.27563405037,2.67072606087,1.57265734673,1.5002477169,2.82768678665,3.13577365875,4.30028247833,6.38658332825,7.57941770554,8.06873416901,11.1430130005,8.66281318665,3.85181760788,2.29621195793,2.09423685074,1.82194280624,1.58561253548,0.975374221802,0.497868210077,0.12708351016,0.0261363983154,0.00347413215786,0.000170150800841,0.0000153194960149,0.00000992995046545,0.0000158755847224],"min":[1.02152293366e-22,6.05033898033e-22,5.7222278747e-21,1.56680577285e-20,5.05674637005e-20,1.99185569717e-19,1.0664865487e-19,1.30087140645e-19,6.86110749346e-19,8.87342078889e-19,1.36299791787e-18,6.75369705695e-19,1.37270963865e-18,1.38549195726e-18,4.71554408675e-18,4.76052120537e-18,3.58644503215e-18,3.51755743074e-18,5.62324287372e-18,6.80311716944e-18,5.75301096821e-18,9.66802744252e-18,1.3560756776e-17,1.08442178894e-17,8.3767736909e-18,1.18510034012e-17,1.83382004423e-17,1.63932721747e-17,1.6041338257e-17,1.81733532724e-17,1.85930961481e-17,9.40911825643e-18,1.07334344171e-17,9.64895183041e-18,8.55387719595e-18,6.95693057716e-18,2.89273021823e-18,1.03216310278e-18,3.36877834762e-19,3.45340409417e-20],"var":[0.00432054884732,0.0890203118324,1.83007621765,73.5495300293,559.182189941,855.103881836,431.843994141,616.984619141,190.421340942,123.743026733,285.494384766,2775.93969727,3538.98388672,1732.10351563,961.027404785,3016.35131836,788.190368652,650.710571289,1328.56286621,637.542358398,1211.2376709,2134.27416992,1675.00415039,2581.29589844,2208.25732422,1330.70007324,311.270294189,141.858383179,63.0649375916,53.9052467346,131.964553833,80.0571899414,7.91770601273,1.19244980812,0.237019181252,0.00972363818437,0.000112427434942,2.28964395887e-7,5.16930220851e-10,3.9150091502e-10]},"erbbands_crest":{"dmean":2.38584303856,"dmean2":3.94112849236,"dvar":4.79303503036,"dvar2":12.6906194687,"max":28.6945209503,"mean":8.60344219208,"median":7.7901468277,"min":2.63360714912,"var":12.4814586639},"erbbands_flatness_db":{"dmean":0.0131243914366,"dmean2":0.0198145620525,"dvar":0.000138058734592,"dvar2":0.000296345388051,"max":0.307987123728,"mean":0.179579585791,"median":0.177174329758,"min":0.0712917670608,"var":0.0011277589947},"erbbands_kurtosis":{"dmean":0.831004858017,"dmean2":1.33244204521,"dvar":1.31891727448,"dvar2":3.15712809563,"max":19.560344696,"mean":0.106321424246,"median":-0.63341486454,"min":-1.83670663834,"var":4.70657444},"erbbands_skewness":{"dmean":0.359288424253,"dmean2":0.557551383972,"dvar":0.104408867657,"dvar2":0.24864603579,"max":3.51125693321,"mean":-0.29186090827,"median":-0.275007545948,"min":-3.86442518234,"var":0.874481081963},"erbbands_spread":{"dmean":8.89445304871,"dmean2":13.7294654846,"dvar":80.5829849243,"dvar2":181.864074707,"max":142.710388184,"mean":51.0890922546,"median":49.6958885193,"min":6.54591655731,"var":474.284606934},"gfcc":{"cov":[[15049.9765625,1042.3684082,401.964538574,-123.135803223,-304.673095703,231.733093262,-422.85256958,235.937225342,-78.3647003174,-107.236274719,153.098907471,-72.1335983276,-57.271156311],[1042.3684082,1034.77160645,-22.2589530945,65.8252868652,165.393630981,-53.2944717407,155.307647705,-56.766368866,168.593688965,-170.047302246,173.000518799,-78.6782531738,86.2966461182],[401.964538574,-22.2589530945,735.40020752,209.531173706,0.384510397911,102.294555664,-17.4075622559,25.150718689,-10.4391241074,82.6344528198,-93.7763519287,46.8833351135,-34.6451568604],[-123.135803223,65.8252868652,209.531173706,356.610046387,94.8116912842,0.9449172616,47.0939369202,-14.3786878586,55.7528343201,32.1791152954,-20.7730388641,1.59703147411,21.236366272],[-304.673095703,165.393630981,0.384510397911,94.8116912842,295.83706665,55.4704933167,43.3481559753,35.0680923462,63.1873550415,16.4594955444,31.027633667,3.23961615562,19.0656871796],[231.733093262,-53.2944717407,102.294555664,0.9449172616,55.4704933167,266.954528809,116.863136292,49.4477767944,-43.481136322,58.3144035339,14.843793869,25.479593277,-13.3319005966],[-422.85256958,155.307647705,-17.4075622559,47.0939369202,43.3481559753,116.863136292,277.13079834,14.2489738464,-19.4360599518,15.171125412,34.8189048767,7.23484230042,9.95583724976],[235.937225342,-56.766368866,25.150718689,-14.3786878586,35.0680923462,49.4477767944,14.2489738464,189.576293945,51.4866256714,33.7782974243,12.122759819,33.8290901184,-13.928153038],[-78.3647003174,168.593688965,-10.4391241074,55.7528343201,63.1873550415,-43.481136322,-19.4360599518,51.4866256714,173.683624268,-8.70710754395,57.3815307617,-5.87121391296,37.8286552429],[-107.236274719,-170.047302246,82.6344528198,32.1791152954,16.4594955444,58.3144035339,15.171125412,33.7782974243,-8.70710754395,162.789642334,-28.1967372894,41.6456947327,3.63415598869],[153.098907471,173.000518799,-93.7763519287,-20.7730388641,31.027633667,14.843793869,34.8189048767,12.122759819,57.3815307617,-28.1967372894,159.934432983,14.3540868759,28.8254337311],[-72.1335983276,-78.6782531738,46.8833351135,1.59703147411,3.23961615562,25.479593277,7.23484230042,33.8290901184,-5.87121391296,41.6456947327,14.3540868759,99.1937255859,15.5629940033],[-57.271156311,86.2966461182,-34.6451568604,21.236366272,19.0656871796,-13.3319005966,9.95583724976,-13.928153038,37.8286552429,3.63415598869,28.8254337311,15.5629940033,106.218727112]],"icov":[[0.000136127317091,-0.000467027683044,0.0000964671417023,-0.000197898960323,0.000389353663195,-0.000404492282541,0.000686423620209,-0.000441423238954,0.000511008140165,-0.000247413263423,0.00000608771279076,-0.00000568157247471,0.000106639541627],[-0.000467027683044,0.00420643901452,-0.00132116896566,0.00141425523907,-0.00256500765681,0.00239830394275,-0.00427570007741,0.00238853227347,-0.00333330663852,0.00289532076567,-0.00182954641059,0.00166113860905,-0.0015664214734],[0.0000964671417023,-0.00132116896566,0.00262128096074,-0.00181811442599,0.00125693529844,-0.00186353339814,0.00185917166527,-0.000576031801756,0.000568834831938,-0.00107547070365,0.00173660507426,-0.00164947693702,0.00123917125165],[-0.000197898960323,0.00141425523907,-0.00181811442599,0.00496720289811,-0.00217334087938,0.00183248601388,-0.00277049280703,0.00182078313082,-0.00252401269972,0.000433259876445,0.0000431672269769,0.000751821266022,-0.000961069134064],[0.000389353663195,-0.00256500765681,0.00125693529844,-0.00217334087938,0.00604356406257,-0.00290676229633,0.00290756882168,-0.00194456719328,0.000867156661116,-0.00170475651976,0.00078025914263,-0.000783612777013,0.000813773833215],[-0.000404492282541,0.00239830394275,-0.00186353339814,0.00183248601388,-0.00290676229633,0.00805223733187,-0.00506256334484,0.00025921408087,0.000144037621794,-0.0000168557562574,-0.00219416059554,0.00121498364024,-0.000733149878215],[0.000686423620209,-0.00427570007741,0.00185917166527,-0.00277049280703,0.00290756882168,-0.00506256334484,0.00987654179335,-0.00312152993865,0.00462750764564,-0.00258605927229,0.00049258332001,-0.00104069139343,0.000971068453509],[-0.000441423238954,0.00238853227347,-0.000576031801756,0.00182078313082,-0.00194456719328,0.00025921408087,-0.00312152993865,0.00917555112392,-0.00585645297542,0.000851227145176,0.000251682387898,-0.00205391971394,0.0014360754285],[0.000511008140165,-0.00333330663852,0.000568834831938,-0.00252401269972,0.000867156661116,0.000144037621794,0.00462750764564,-0.00585645297542,0.0132299456745,-0.00238699838519,-0.00260156672448,0.00154042604845,-0.00181516166776],[-0.000247413263423,0.00289532076567,-0.00107547070365,0.000433259876445,-0.00170475651976,-0.0000168557562574,-0.00258605927229,0.000851227145176,-0.00238699838519,0.0101055214182,0.000440587435151,-0.00161358399782,-0.00164399261121],[0.00000608771279076,-0.00182954641059,0.00173660507426,0.0000431672269769,0.00078025914263,-0.00219416059554,0.00049258332001,0.000251682387898,-0.00260156672448,0.000440587435151,0.0104803591967,-0.00374424015172,0.000234768303926],[-0.00000568157247471,0.00166113860905,-0.00164947693702,0.000751821266022,-0.000783612777013,0.00121498364024,-0.00104069139343,-0.00205391971394,0.00154042604845,-0.00161358399782,-0.00374424015172,0.0145154101774,-0.00352366059087],[0.000106639541627,-0.0015664214734,0.00123917125165,-0.000961069134064,0.000813773833215,-0.000733149878215,0.000971068453509,0.0014360754285,-0.00181516166776,-0.00164399261121,0.000234768303926,-0.00352366059087,0.01235545706]],"mean":[-68.2142333984,88.6171722412,-143.908706665,68.100112915,-79.5347061157,4.18815088272,-45.837146759,-2.62038302422,-30.9980487823,-21.0628452301,-8.34547996521,-12.0654582977,0.965755164623]},"hfc":{"dmean":3.57566189766,"dmean2":5.254155159,"dvar":28.805847168,"dvar2":62.4514274597,"max":162.937515259,"mean":14.9194946289,"median":10.5068635941,"min":1.10130059132e-16,"var":226.781448364},"melbands":{"dmean":[0.0000963602215052,0.000111914712761,0.000645577150863,0.000714324589353,0.000296900776448,0.000129764492158,0.0000435866786574,0.0000327660418407,0.0000449516555818,0.000066296022851,0.0000493030202051,0.0000297770548059,0.0000206033928407,0.0000306253350573,0.0000214633382711,0.0000061320538407,0.0000120007343867,0.0000162711148732,0.00000540409610039,0.0000110972014227,0.00000854973131936,0.000010410582945,0.0000141811215144,0.0000108986187115,0.00000892487696547,0.0000117334384413,0.0000069750522016,0.00000651119125905,0.00000323360541188,0.00000256077373706,0.00000160473211963,0.00000132792911245,0.00000108688414002,9.69555003394e-7,0.00000103758065961,9.19826106838e-7,7.08184131781e-7,5.28753901108e-7,2.80227823168e-7,1.59668246624e-7],"dmean2":[0.000157013913849,0.000187556273886,0.0010861963965,0.00117984262761,0.000476093206089,0.000202749593882,0.0000690602100804,0.0000527340525878,0.0000733145134291,0.000107763102278,0.0000778907706263,0.0000499977177242,0.0000341387858498,0.0000491934952151,0.0000337020646839,0.0000101711302705,0.0000190745067812,0.0000260244905803,0.00000887003352545,0.0000174773122126,0.0000137650376928,0.000016774289179,0.0000232245565712,0.0000172438667505,0.0000145282028825,0.0000190933878912,0.0000115687707876,0.000010698715414,0.00000536186234967,0.00000420382639277,0.00000257411306848,0.00000210095981856,0.00000170573014202,0.00000147584955812,0.00000155573081884,0.0000013647694459,0.00000104523007849,7.97337406766e-7,4.25104104806e-7,2.28904113442e-7],"dvar":[6.62070434032e-8,8.21854087008e-8,0.00000216943249143,0.00000254458177551,3.38192677418e-7,1.05131839234e-7,1.79880004225e-8,8.1422397713e-9,1.70715619419e-8,5.54611219172e-8,3.41986954311e-8,2.34255992382e-8,4.01894162394e-9,1.82462986942e-8,8.10181433053e-9,4.42201469886e-10,1.46828527114e-9,2.64457367116e-9,2.22646678871e-10,1.04687458702e-9,6.29226337701e-10,7.49697914859e-10,1.37692568458e-9,1.02741681829e-9,6.28658680668e-10,7.67552299497e-10,1.81386489162e-10,2.68070177167e-10,9.0808353892e-11,5.93268351112e-11,1.29326948456e-11,8.68118597841e-12,6.83187187378e-12,6.26093231079e-12,9.35628831356e-12,1.23880653999e-11,6.76649968695e-12,1.93473275595e-12,6.46546509907e-13,2.2440140295e-13],"dvar2":[1.68686995039e-7,2.3026429119e-7,0.00000585882025916,0.000006662690339,8.81362495875e-7,2.57207290133e-7,4.41651977212e-8,1.97986995687e-8,4.50153549991e-8,1.44217935372e-7,8.19424954557e-8,6.65354136231e-8,1.05834603303e-8,4.65726870402e-8,1.83379835761e-8,1.1289875701e-9,3.52941320614e-9,6.13829698182e-9,5.84656378866e-10,2.42369857517e-9,1.48339529549e-9,1.92454119308e-9,3.55964302479e-9,2.52574694493e-9,1.5794354713e-9,1.89180027199e-9,4.8195025748e-10,6.66203814337e-10,2.43484704621e-10,1.54307872036e-10,3.19811573057e-11,2.03920092617e-11,1.58131771566e-11,1.3053394303e-11,1.62234895656e-11,2.12904867347e-11,1.3369757558e-11,4.09504765167e-12,1.45578633783e-12,4.2576863259e-13],"max":[0.00541102606803,0.00752867246047,0.0230419244617,0.0282195210457,0.011294208467,0.0102254655212,0.00410213368014,0.0017452952452,0.00369558972307,0.00637929607183,0.00472539756447,0.00455193826929,0.00121025473345,0.00508665991947,0.00464195152745,0.000688650121447,0.00118067709263,0.00172253232449,0.000328320486005,0.000642667524517,0.000644449610263,0.000680064898916,0.00132615026087,0.00175434630364,0.000942593149375,0.00103786902037,0.000330958602717,0.000481611990836,0.000397030642489,0.000352255476173,0.0000995842274278,0.0000754421926104,0.0000956591684371,0.000114164904517,0.000232069971389,0.000308220915031,0.000203299729037,0.0000477961220895,0.0000246247145697,0.0000235386723944],"mean":[0.000227672440815,0.000242238296778,0.00110941007733,0.00114847766235,0.000579401326831,0.000242338690441,0.0000714039924787,0.0000508522607561,0.0000699938318576,0.000110098771984,0.0000854089157656,0.0000446896119684,0.0000315647776006,0.000050179700338,0.0000339876351063,0.00000969194752543,0.000020922452677,0.0000281288612314,0.00000928347708395,0.0000186205179489,0.0000150611831486,0.0000186426914297,0.0000255000395555,0.0000213283183257,0.0000181958967005,0.0000231667254411,0.0000154153149197,0.0000123034842545,0.00000627858617008,0.00000498648250868,0.00000338723884852,0.00000280480094261,0.00000238545590037,0.00000207046036849,0.00000219012463276,0.00000197225858756,0.00000148135200106,9.83754489425e-7,5.20982325725e-7,3.00846892287e-7],"median":[0.0000495977037644,0.0000613518423052,0.000327640387695,0.000528783653863,0.000276424281765,0.0000813088408904,0.0000233748942264,0.0000122875590023,0.000018250219,0.0000174965825863,0.0000125676560856,0.00000850754258863,0.00000644411738904,0.00000611733594269,0.00000523059406987,0.00000199723831429,0.0000026160885227,0.00000452178574051,0.00000230915838983,0.00000503639512317,0.00000383106544177,0.00000513949044034,0.00000688653926773,0.00000694662639944,0.00000529395538251,0.00000783290488471,0.00000654669292999,0.0000046237355491,0.00000232510137721,0.00000151517838276,0.00000112900784188,0.00000110969347134,0.0000010699327504,9.44910709677e-7,8.96833057595e-7,6.85024645009e-7,5.38442748166e-7,3.65887103726e-7,1.66556773706e-7,7.15938881513e-8],"min":[1.21727173854e-24,1.39156099061e-24,3.80373464039e-24,8.76620734294e-24,5.22166399701e-24,3.10180048768e-24,1.14767846892e-23,1.26741493256e-23,9.08336808102e-24,3.51090197819e-24,6.84910810474e-24,5.17376081297e-24,1.06911486474e-23,1.58026178478e-23,5.3754540082e-24,7.09038515691e-24,5.85215634234e-24,8.51373319908e-24,1.09270212135e-23,7.34559901468e-24,6.61688796463e-24,1.08365649001e-23,8.76273872154e-24,1.09896970013e-23,8.26546526157e-24,5.67727376826e-24,6.5774674019e-24,7.87622156942e-24,8.95316343317e-24,1.13240975056e-23,8.92239233584e-24,9.84549764561e-24,6.74114144581e-24,1.0248039166e-23,1.16376034511e-23,5.62350579783e-24,5.26323696672e-24,7.21781459209e-24,7.22909451417e-24,8.81997531338e-24],"var":[2.30525856182e-7,2.96341823969e-7,0.00000377250739803,0.00000340611904903,6.84837175413e-7,2.8211329095e-7,3.95438206624e-8,1.60661635107e-8,2.89628250272e-8,1.30010704424e-7,9.00683261307e-8,3.54788731727e-8,6.70405553294e-9,3.78684568147e-8,2.12107824638e-8,8.08754008208e-10,3.60432017565e-9,6.50780584976e-9,5.05963715369e-10,2.17695417248e-9,1.47864442912e-9,1.88283766356e-9,3.36366401399e-9,2.59641086409e-9,1.79336545614e-9,1.94757321381e-9,5.39248923292e-10,5.65768820682e-10,1.82313206198e-10,1.57629534425e-10,3.39548632267e-11,2.24389985759e-11,1.77120297595e-11,1.76029191223e-11,3.83266716975e-11,5.74405419063e-11,2.50528018469e-11,5.09483904718e-12,1.39023569132e-12,8.29230510212e-13]},"melbands_crest":{"dmean":3.06341505051,"dmean2":4.91686058044,"dvar":7.54504060745,"dvar2":19.829914093,"max":33.125,"mean":14.76034832,"median":14.1519641876,"min":1.37112307549,"var":31.2148094177},"melbands_flatness_db":{"dmean":0.021504342556,"dmean2":0.0335040763021,"dvar":0.00042437526281,"dvar2":0.00109726702794,"max":0.427892684937,"mean":0.171260252595,"median":0.165936455131,"min":0.00177546299528,"var":0.00342122279108},"melbands_kurtosis":{"dmean":7.42967987061,"dmean2":11.715596199,"dvar":187.427886963,"dvar2":453.497497559,"max":325.019836426,"mean":16.8252487183,"median":6.77295923233,"min":-1.8525801897,"var":822.50579834},"melbands_skewness":{"dmean":0.737657546997,"dmean2":1.14563846588,"dvar":0.683577179909,"dvar2":1.64742350578,"max":14.5589389801,"mean":3.02939629555,"median":2.55253505707,"min":-1.02176582813,"var":4.62636566162},"melbands_spread":{"dmean":9.57329559326,"dmean2":15.0884170532,"dvar":138.808166504,"dvar2":314.357391357,"max":197.323913574,"mean":37.0567092896,"median":29.7709980011,"min":0.73522913456,"var":838.897644043},"mfcc":{"cov":[[11556.0166016,942.346435547,432.382568359,74.5017242432,159.985336304,-140.01171875,-100.027793884,94.2173309326,-299.522979736,66.7007293701,-23.0111274719,-79.7383575439,-109.672309875],[942.346435547,852.900756836,-60.7419891357,113.7318573,62.2212486267,8.73807430267,21.0275039673,113.843086243,-32.4276428223,28.1164627075,2.08907914162,15.8000020981,-15.4007501602],[432.382568359,-60.7419891357,618.266052246,98.4116363525,11.8481416702,102.427978516,7.30559921265,-2.99779033661,58.0370063782,-22.4883728027,-15.6119031906,56.758556366,13.081908226],[74.5017242432,113.7318573,98.4116363525,385.423370361,64.8408966064,69.4951324463,-36.0927810669,2.14497280121,66.1579437256,7.14056682587,-38.9787063599,37.833694458,47.3465576172],[159.985336304,62.2212486267,11.8481416702,64.8408966064,309.204040527,-10.1222715378,-46.9984703064,35.593547821,21.9448757172,55.9348144531,13.1294460297,19.6463031769,26.5888118744],[-140.01171875,8.73807430267,102.427978516,69.4951324463,-10.1222715378,254.79649353,128.65296936,-5.85486030579,54.3970451355,1.00847256184,15.8241796494,11.5643892288,10.5930929184],[-100.027793884,21.0275039673,7.30559921265,-36.0927810669,-46.9984703064,128.65296936,246.487304688,62.4325637817,30.5519046783,13.6273622513,54.8430480957,5.55322551727,23.4471168518],[94.2173309326,113.843086243,-2.99779033661,2.14497280121,35.593547821,-5.85486030579,62.4325637817,172.264694214,13.489900589,26.0744724274,32.5512046814,40.9937019348,28.358631134],[-299.522979736,-32.4276428223,58.0370063782,66.1579437256,21.9448757172,54.3970451355,30.5519046783,13.489900589,147.241500854,37.5149536133,-3.32211112976,22.7506656647,35.6131973267],[66.7007293701,28.1164627075,-22.4883728027,7.14056682587,55.9348144531,1.00847256184,13.6273622513,26.0744724274,37.5149536133,111.767936707,34.7558364868,13.6561307907,18.4183292389],[-23.0111274719,2.08907914162,-15.6119031906,-38.9787063599,13.1294460297,15.8241796494,54.8430480957,32.5512046814,-3.32211112976,34.7558364868,115.20917511,19.6199951172,6.65552806854],[-79.7383575439,15.8000020981,56.758556366,37.833694458,19.6463031769,11.5643892288,5.55322551727,40.9937019348,22.7506656647,13.6561307907,19.6199951172,101.519996643,48.4621315002],[-109.672309875,-15.4007501602,13.081908226,47.3465576172,26.5888118744,10.5930929184,23.4471168518,28.358631134,35.6131973267,18.4183292389,6.65552806854,48.4621315002,115.33026123]],"icov":[[0.000111434485007,-0.000115484319394,-0.000141443000757,-0.0000138294117278,-0.0000240483441303,0.0000662416932755,-0.0000141381324283,-0.0000122006877064,0.000267787952907,-0.000168316983036,0.0000375605523004,0.000149421175593,-0.00000316363980346],[-0.000115484319394,0.00158115383238,0.000328986119712,-0.000566900765989,-0.0000893105898285,-0.000193833286176,-0.000075013274909,-0.00101436651312,0.000381917954655,-0.000206669705221,0.000241089306655,-0.000250068987953,0.000606041227002],[-0.000141443000757,0.000328986119712,0.00213810359128,-0.000225232273806,-0.0000543237074453,-0.000821734487545,0.000259610475041,-0.0000502259390487,-0.000797758460976,0.000770922924858,0.000134703775984,-0.00134781480301,0.000488745630719],[-0.0000138294117278,-0.000566900765989,-0.000225232273806,0.0037004861515,-0.000390434084693,-0.00126823619939,0.00120691861957,0.000120833217807,-0.00115128024481,0.000268932199106,0.000869536655955,-0.000442680699052,-0.00120265397709],[-0.0000240483441303,-0.0000893105898285,-0.0000543237074453,-0.000390434084693,0.004015292041,-0.000404577207519,0.00140250637196,-0.000906700384803,0.00000115305147119,-0.00170375674497,-0.000466253026389,0.000371283531422,-0.000676451600157],[0.0000662416932755,-0.000193833286176,-0.000821734487545,-0.00126823619939,-0.000404577207519,0.00710214395076,-0.0043615931645,0.00200257753022,-0.00112330378033,0.000428774394095,-0.000067240842327,-0.000558328465559,0.00100310705602],[-0.0000141381324283,-0.000075013274909,0.000259610475041,0.00120691861957,0.00140250637196,-0.0043615931645,0.0083050923422,-0.00304277800024,-0.000654375064187,0.000105069120764,-0.00248075230047,0.00191934744362,-0.00188945105765],[-0.0000122006877064,-0.00101436651312,-0.0000502259390487,0.000120833217807,-0.000906700384803,0.00200257753022,-0.00304277800024,0.0087582571432,-0.000497341272421,-0.000248471013037,-0.000576141814236,-0.0029164457228,-0.000248826778261],[0.000267787952907,0.000381917954655,-0.000797758460976,-0.00115128024481,0.00000115305147119,-0.00112330378033,-0.000654375064187,-0.000497341272421,0.0102133424953,-0.00386041216552,0.00170212821104,-0.0000447700585937,-0.00138970033731],[-0.000168316983036,-0.000206669705221,0.000770922924858,0.000268932199106,-0.00170375674497,0.000428774394095,0.000105069120764,-0.000248471013037,-0.00386041216552,0.0126388175413,-0.00354713806883,-0.000140341318911,-0.00055505085038],[0.0000375605523004,0.000241089306655,0.000134703775984,0.000869536655955,-0.000466253026389,-0.000067240842327,-0.00248075230047,-0.000576141814236,0.00170212821104,-0.00354713806883,0.0119071733207,-0.00257129175588,0.00088954041712],[0.000149421175593,-0.000250068987953,-0.00134781480301,-0.000442680699052,0.000371283531422,-0.000558328465559,0.00191934744362,-0.0029164457228,-0.0000447700585937,-0.000140341318911,-0.00257129175588,0.0151060353965,-0.00542706577107],[-0.00000316363980346,0.000606041227002,0.000488745630719,-0.00120265397709,-0.000676451600157,0.00100310705602,-0.00188945105765,-0.000248826778261,-0.00138970033731,-0.00055505085038,0.00088954041712,-0.00542706577107,0.0124430004507]],"mean":[-687.092590332,87.0377655029,-1.28202450275,41.2412948608,-3.99322748184,-3.11770629883,-3.60701656342,4.55599880219,-14.4081420898,-4.93485784531,-16.013338089,-9.89437007904,-10.1968383789]},"pitch_salience":{"dmean":0.0629901960492,"dmean2":0.102324776351,"dvar":0.00318612158298,"dvar2":0.00854569952935,"max":0.974433779716,"mean":0.547283172607,"median":0.556637406349,"min":0.0959436520934,"var":0.0112613849342},"silence_rate_20dB":{"dmean":0,"dmean2":0,"dvar":0,"dvar2":0,"max":1,"mean":1,"median":1,"min":1,"var":0},"silence_rate_30dB":{"dmean":0.000532127160113,"dmean2":0.00106439599767,"dvar":0.000531828671228,"dvar2":0.00106321356725,"max":1,"mean":0.999467968941,"median":1,"min":0,"var":0.000531758065335},"silence_rate_60dB":{"dmean":0.0242117866874,"dmean2":0.0484300144017,"dvar":0.0236234758049,"dvar2":0.0503446161747,"max":1,"mean":0.216147914529,"median":0,"min":0,"var":0.169420316815},"spectral_centroid":{"dmean":295.914428711,"dmean2":463.036102295,"dvar":88974.328125,"dvar2":209644.984375,"max":10830.2607422,"mean":1893.91479492,"median":1865.29199219,"min":221.145309448,"var":704180.125},"spectral_complexity":{"dmean":2.34801125526,"dmean2":3.71926546097,"dvar":6.18494033813,"dvar2":13.2444543839,"max":48,"mean":13.742351532,"median":13,"min":0,"var":89.4943847656},"spectral_contrast_coeffs":{"dmean":[0.0495316050947,0.0449524074793,0.0353193134069,0.0295163597912,0.0214607380331,0.0156856644899],"dmean2":[0.08142478019,0.074837833643,0.0581093505025,0.0487974882126,0.0351392328739,0.0253395363688],"dvar":[0.0019849659875,0.00126426678617,0.000823846028652,0.000568011077121,0.000308762071654,0.000161364470841],"dvar2":[0.00521199218929,0.00346639077179,0.0021424673032,0.00147251435556,0.000751734245569,0.000403275509598],"max":[-0.207719922066,-0.385156601667,-0.469326227903,-0.530523359776,-0.54108530283,-0.616249978542],"mean":[-0.557178080082,-0.728810787201,-0.76557135582,-0.76912778616,-0.759792387486,-0.739199221134],"median":[-0.554381132126,-0.734477758408,-0.778298974037,-0.777430057526,-0.76694560051,-0.737156748772],"min":[-0.974234342575,-0.971901297569,-0.979594409466,-0.960401594639,-0.965808033943,-0.960132718086],"var":[0.012729998678,0.00634045340121,0.00547046819702,0.00367674534209,0.00285875773989,0.00145131465979]},"spectral_contrast_valleys":{"dmean":[0.375375568867,0.329574555159,0.28095459938,0.232022210956,0.168674245477,0.225142627954],"dmean2":[0.618383407593,0.544521152973,0.456065088511,0.372196257114,0.255216836929,0.286771297455],"dvar":[0.125136509538,0.0889194607735,0.0658767595887,0.0507374145091,0.0391520000994,0.0787947773933],"dvar2":[0.296130806208,0.197998583317,0.138918846846,0.0953911468387,0.0587147735059,0.106627821922],"max":[-5.66820812225,-5.4145565033,-5.78616285324,-6.50512552261,-5.92867136002,-7.86454153061],"mean":[-8.40852451324,-7.63475751877,-8.20871067047,-8.55119800568,-7.712433815,-10.537938118],"median":[-8.07871627808,-7.38911581039,-8.01876068115,-8.3307762146,-7.53040409088,-10.2382488251],"min":[-27.4180030823,-27.5633983612,-27.1448364258,-27.6305999756,-27.1942863464,-27.2950286865],"var":[2.4167714119,1.74871301651,1.48838877678,1.31988883018,1.18643963337,1.56729483604]},"spectral_decrease":{"dmean":1.32159028166e-9,"dmean2":2.14312012581e-9,"dvar":5.76201524277e-18,"dvar2":1.52289277814e-17,"max":-6.19406792974e-30,"mean":-3.86639253946e-9,"median":-2.82878920288e-9,"min":-3.44672308472e-8,"var":1.51182460524e-17},"spectral_energy":{"dmean":0.00521614169702,"dmean2":0.00843169819564,"dvar":0.0000867518974701,"dvar2":0.000228643242735,"max":0.132796987891,"mean":0.0159458834678,"median":0.0118855135515,"min":1.00124873634e-20,"var":0.000244298076723},"spectral_energyband_high":{"dmean":0.000253244070336,"dmean2":0.00036865088623,"dvar":2.7011466841e-7,"dvar2":5.39117536391e-7,"max":0.0202917288989,"mean":0.000753174186684,"median":0.000374644529074,"min":7.25973287461e-21,"var":0.00000140864631248},"spectral_energyband_low":{"dmean":0.000885912275407,"dmean2":0.0014145555906,"dvar":0.00000377430342269,"dvar2":0.0000097786223705,"max":0.036840390414,"mean":0.00230650929734,"median":0.000821521389298,"min":2.16508003034e-23,"var":0.0000125553633552},"spectral_energyband_middle_high":{"dmean":0.00106281146873,"dmean2":0.00161915563513,"dvar":0.00000398370275434,"dvar2":0.00000981507946562,"max":0.0421353429556,"mean":0.00347129814327,"median":0.00156038615387,"min":1.52837077319e-21,"var":0.0000206303830055},"spectral_energyband_middle_low":{"dmean":0.00466870190576,"dmean2":0.00763790169731,"dvar":0.0000796208332758,"dvar2":0.000212689221371,"max":0.129836201668,"mean":0.0105317821726,"median":0.00637829862535,"min":2.64540150054e-22,"var":0.000160923911608},"spectral_entropy":{"dmean":0.117400050163,"dmean2":0.180185526609,"dvar":0.0126444287598,"dvar2":0.0285244416445,"max":9.80223560333,"mean":7.56631231308,"median":7.58158683777,"min":5.97759962082,"var":0.0967577397823},"spectral_flux":{"dmean":0.0153806824237,"dmean2":0.0247302353382,"dvar":0.00047313325922,"dvar2":0.00111516809557,"max":0.294549435377,"mean":0.0586135089397,"median":0.053599871695,"min":6.82161410692e-11,"var":0.00169143697713},"spectral_kurtosis":{"dmean":1.14296162128,"dmean2":2.00253462791,"dvar":1.1767244339,"dvar2":3.53965115547,"max":15.0965957642,"mean":2.48831939697,"median":2.20880222321,"min":-1.25396478176,"var":2.81075167656},"spectral_rms":{"dmean":0.000544624403119,"dmean2":0.00085210375255,"dvar":5.79073571316e-7,"dvar2":0.0000014494627294,"max":0.011382356286,"mean":0.00343043915927,"median":0.00340523477644,"min":3.12542483213e-12,"var":0.0000037890602016},"spectral_rolloff":{"dmean":562.378967285,"dmean2":952.751953125,"dvar":695899.1875,"dvar2":1557482.375,"max":18863.0859375,"mean":2355.80712891,"median":2454.78515625,"min":172.265625,"var":3215981.75},"spectral_skewness":{"dmean":0.163032025099,"dmean2":0.274266123772,"dvar":0.0184386726469,"dvar2":0.0525548532605,"max":2.63701200485,"mean":0.936493337154,"median":0.927477359772,"min":-0.00573603156954,"var":0.108707413077},"spectral_spread":{"dmean":358673.59375,"dmean2":520194.4375,"dvar":289299202048,"dvar2":551181877248,"max":42309628,"mean":4240275.5,"median":4052922.75,"min":1574603.25,"var":1502684643330},"spectral_strongpeak":{"dmean":0.416404098272,"dmean2":0.711059272289,"dvar":0.788822591305,"dvar2":2.0397746563,"max":16.9955463409,"mean":0.761443257332,"median":0.435927689075,"min":0,"var":1.24211788177},"zerocrossingrate":{"dmean":0.00951930787414,"dmean2":0.0112166963518,"dvar":0.000121667064377,"dvar2":0.000161637770361,"max":0.50341796875,"mean":0.0817394405603,"median":0.07568359375,"min":0.00732421875,"var":0.0017927037552}},"metadata":{"audio_properties":{"analysis_sample_rate":44100,"bit_rate":128000,"codec":"mp3","downmix":"mix","equal_loudness":0,"length":174.524078369,"lossless":false,"md5_encoded":"011ef8d63ee5861a0d5b18301e5628a2","replay_gain":-5.36675834656,"sample_rate":44100},"tags":{"acoustid_fingerprint":["AQADtImiSOq0CKF04_mED1-eiOhDCU1Epse1tBhlNQivCGKOnGh-7MObeXiLiuLhTUfKWOgVDU1XjUGf4Vs-vDYaPei0Qx8t9B-aH715ND_OHSdDhO4Dfx6uNSryo5k0MUQsbVSKxjlaJ6FwaWHxdRIcJSrWTNEWIqmPTMezoFQieFkkPBqaH6_g68iV5Ug0_FhvoQl1tMeHciGaKgtONA-KJ8FlHOmLH2ci3Kii3NDU7NCD_EHROExwCX10NNQxnh2axEO_yNCFNg-aCw919BeaKseO1miO5Ep25Beao8pevMkRhkfPCtqHxj5ORcGro2H2oaoWQedjlIJrC4-UI50U9D0-3Ji8H4kyNoj_YP_QeMpRT1nwHSceS8PFF2HSNNDWREdMjMfBZ0cz6UMrBkd1Bd5TnD9OH85_hEcfQnxInGicRYipKDkanRNCPc9xFVqMkBL6oyF3vElRJQuJJlS6ID-kPAwydTt8nO_w5YG3hDIiWYsEvbho4WvQdEG74wqsMHtwah_ew9Xx4yK84NsPb7GDi8ajQMTx6sKnB4pSEf0OJjsqdYfSyRam5KmCfnjwHbwUoWkD5blw7cJP9Ijf4Iep6UEupkgemJVxt8Gb_XBm_MGP8FOKZKlxfOLRcDrK3fiL5-iFH_mS49DhC8efw_XRQ4OPZ0Xl4suBGzeqozl-VCTMH32IHs3IGNcs9BKaZMeZHXfwDOcF_HjyoZvRTGFwvDOao5L0CeV0NBUf6Ef648KXvDhzPDxeHM-HBCGlpHAaBlXWHNd7XGeEqx9yIXmOh4ejp_jsCCfRhwkaJzfy4_gWXUR_fMMLv2ij4mGhaUcqE3_gJz-K50aR0MmC2NZxwdG05MNF-DnOI8yZIsmj4PJefB2a5B56zE-Pnocr4k1h9J-G50jaIMc_lIZ_tGTxH0d9OD_unXAQ_nh4HD_OfHgs9ArCHw9y0SmSJ7ngPTme48GpP3iIevBR4fHSHCVpNMeRZ0RTtwvCHz1FND_-o4PvGH12tEfzHD-LchOsHu2OSlWq4bCTPPgPM2Lwxjr6oPqCU0akxjlk9jjCcEe5JIo5PEYvoVm4cMXz48uN54GPb3g45D0ShfpRGznROK9QO8UPbVqfoKlyIT963fA84z06H9eRTzuSMzeYk4OrLOiPmwxxpniOo40zfBOS_Ij0PWgelD_O4DxxNagct9h2Bz_C8ngGbUfDHn9Qoznuo2cgnsZ5lDp6D-JxBXbRh0dlwrrRp3hQ6ggjXfiWL8F7NLuD0miXBWFW5ThUbjlyho7QXCiJJxJyDb8ShNvho1Ln4cfXoqlR_ch1QZueEWEiKTze48f0RGjcHF-IksthLsvxH2GuE2cEXTnR3BNR8XgSHfnRF_0jXJIM-vgSD9tx80WvHj5Cykdi9LiKWy_qC_2DZlGDfwiOqhWaWTny4Dweoalz9MWlB52XI556QY-C9Dia50dM5YHMHKF9NNdwByWN