{"lowlevel":{"average_loudness":0.612616300583,"barkbands":{"dmean":[0.0000111741719593,0.000363202416338,0.0004015591403,0.000252350786468,0.000414094509324,0.000685665814672,0.00114566646516,0.000867328431923,0.000604073458817,0.000151200525579,0.000213916879147,0.000204900759854,0.000204839991056,0.000274147401797,0.000205877280678,0.000150736421347,0.000172638712684,0.000208849567571,0.000476024550153,0.000215846273932,0.000107168059913,0.0000289314684778,0.0000271359076578,0.0000343036881532,0.0000168421556737,0.00000759262593419,4.05160392347e-7],"dmean2":[0.0000186438173841,0.000544545182493,0.000598783779424,0.000423565885285,0.000659798097331,0.00106388446875,0.00180291931611,0.00133917736821,0.000940711295698,0.000245770148467,0.000349013775121,0.000317425350659,0.000328862282913,0.000429990031989,0.000327619665768,0.000242325491854,0.000276382372249,0.000334927026415,0.000742526899558,0.000343738967786,0.000171119201696,0.0000443103708676,0.0000408219020755,0.0000549984215468,0.0000265221133304,0.0000124893113025,7.19205445421e-7],"dvar":[9.55025836191e-10,7.27619863028e-7,8.58141902427e-7,1.2829727325e-7,3.12664695912e-7,0.00000205570586331,0.00000608447135164,0.00000430045201938,0.00000145965611864,8.39454230572e-8,2.74700823866e-7,2.47559285071e-7,2.05483885907e-7,5.34338596481e-7,2.45950758426e-7,8.20560615011e-8,1.11543769776e-7,1.54176291289e-7,4.96054894938e-7,1.38906969482e-7,6.92767869737e-8,5.39822009316e-9,4.53162529723e-9,8.50908943306e-9,2.1495656366e-9,5.62150492822e-10,4.80392765498e-12],"dvar2":[2.01578176373e-9,0.00000143361694427,0.00000166475626884,3.47431466707e-7,7.84267228937e-7,0.0000044694652388,0.0000139305038829,0.00000991556134977,0.00000330873740495,2.07216942272e-7,7.29833516289e-7,5.04025479131e-7,5.14190674039e-7,0.00000123104712202,5.93984054831e-7,2.10442550497e-7,2.75962264595e-7,3.84348396665e-7,0.00000114738691082,3.34215599196e-7,1.4587838848e-7,1.22566818916e-8,9.43243616547e-9,2.13104005553e-8,5.12004527664e-9,1.41123945863e-9,1.35596941661e-11],"max":[0.00102642923594,0.0172790922225,0.022053366527,0.00549400132149,0.0076135196723,0.0313494168222,0.0622876994312,0.0585449375212,0.0248562209308,0.0060455230996,0.0132693154737,0.0225470941514,0.0140950735658,0.0235231611878,0.0136515041813,0.00668675312772,0.00832530576736,0.0103138154373,0.016989512369,0.00629772851244,0.00871643517166,0.0018762605032,0.00218146550469,0.001758325845,0.000632081937511,0.000392211746657,0.0000476497370983],"mean":[0.0000188597168744,0.000780676433351,0.000781744602136,0.000349640380591,0.000796222186182,0.00136665906757,0.00216211169027,0.0015274946345,0.00118003727403,0.00024596392177,0.000370706780814,0.000347451015841,0.000376926618628,0.000509946257807,0.000378758093575,0.000340999278706,0.000385683873901,0.000467865582323,0.00125773251057,0.000432026368799,0.000178711226908,0.0000488326659251,0.0000418327726948,0.0000384771665267,0.0000203782310564,0.00000780492064223,3.46805052232e-7],"median":[0.0000152663324116,0.000158247930813,0.000177885347512,0.00020139379194,0.000530545832589,0.000452311011031,0.000581973115914,0.000477568188217,0.000353396957507,0.0000981825360213,0.000150018720888,0.000123469988466,0.000145269936183,0.000175950030098,0.000140426694998,0.000137062597787,0.000178769318154,0.000283346686047,0.000736735179089,0.000204467985895,0.000071000380558,0.0000215617310459,0.0000161225689226,0.0000113586374937,0.00000578678236707,0.00000174510478246,7.2328539602e-8],"min":[3.22979671943e-24,3.37885889e-24,7.76827226542e-25,2.36857001406e-23,2.64034080006e-23,2.71385790326e-23,4.46532033273e-23,8.02720307802e-23,1.41827901133e-22,1.01193322495e-22,1.09905893607e-22,4.4727381496e-23,5.17889424643e-23,7.52599935525e-23,1.4566167678e-22,1.46623241425e-22,1.80931445904e-22,1.52833457394e-22,2.55220332749e-22,3.66973650244e-22,5.30914193453e-22,6.27814635876e-22,7.37372496674e-22,5.99224448648e-22,1.2812677308e-21,1.9374948898e-21,2.32135031488e-21],"var":[1.10479325688e-9,0.00000330469379151,0.00000342960106536,1.90084392671e-7,6.81101596456e-7,0.00000833369176689,0.00002452201079,0.0000124758198581,0.00000488271598442,1.89573754028e-7,5.98319104483e-7,7.25273878288e-7,4.82253312839e-7,0.00000114887814107,5.3655605825e-7,3.15954963526e-7,4.4374885988e-7,3.8784983758e-7,0.00000238880033976,3.80809751732e-7,2.01483018714e-7,8.94862228762e-9,7.86149367826e-9,8.18670642388e-9,2.37584618645e-9,5.16772791226e-10,3.33911349092e-12]},"barkbands_crest":{"dmean":2.19076228142,"dmean2":3.51901388168,"dvar":4.31752729416,"dvar2":10.6562929153,"max":26.9218673706,"mean":8.30762767792,"median":7.29299497604,"min":2.15486359596,"var":16.5704746246},"barkbands_flatness_db":{"dmean":0.017206190154,"dmean2":0.0260870791972,"dvar":0.000283223082079,"dvar2":0.000558120431378,"max":0.588295102119,"mean":0.116230733693,"median":0.110875301063,"min":0.0213724840432,"var":0.00222753663547},"barkbands_kurtosis":{"dmean":3.93814611435,"dmean2":5.01642179489,"dvar":5410.52294922,"dvar2":6709.35644531,"max":6463.70898438,"mean":14.1746454239,"median":-0.466991424561,"min":-1.90090358257,"var":60679.8984375},"barkbands_skewness":{"dmean":0.414589434862,"dmean2":0.619933247566,"dvar":0.713441431522,"dvar2":0.69380903244,"max":76.9526367188,"mean":0.972136318684,"median":0.703523039818,"min":-3.03257870674,"var":12.8505525589},"barkbands_spread":{"dmean":5.35525894165,"dmean2":8.3793296814,"dvar":34.0358505249,"dvar2":78.1360549927,"max":114.715812683,"mean":26.8961524963,"median":26.428976059,"min":0.0776067897677,"var":116.29523468},"dissonance":{"dmean":0.0128319421783,"dmean2":0.0216461438686,"dvar":0.000149595522089,"dvar2":0.000418114010245,"max":0.500000059605,"mean":0.473206728697,"median":0.477883785963,"min":0.354842156172,"var":0.000399918761104},"dynamic_complexity":3.4057366848,"erbbands":{"dmean":[0.00360672734678,0.105655148625,0.468860030174,0.502340972424,1.42185485363,1.49257671833,1.30258464813,7.18368673325,15.6038541794,18.517616272,15.9105987549,14.4922847748,5.49419116974,5.31904220581,7.81961536407,8.45920467377,8.68852138519,13.5208072662,11.4891366959,8.38826274872,7.92900943756,8.56452560425,9.59819030762,21.2517299652,20.0853366852,9.86191082001,6.21285057068,2.66129207611,1.1330935955,0.833427846432,0.783724606037,0.735996305943,0.545411407948,0.236263051629,0.100733235478,0.0409170500934,0.0129160946235,0.0017337941099,0.0000495302883792,0.00000514037401445],"dmean2":[0.00576813472435,0.1569326967,0.689988851547,0.79913020134,2.32322239876,2.36676263809,2.0442135334,11.2146024704,24.4491920471,28.787979126,25.0587387085,22.5512809753,8.61831855774,8.61352539062,12.7683324814,13.0376930237,13.9060649872,21.4162712097,17.9369220734,13.4727182388,12.5120601654,13.6982145309,15.3765363693,33.3588905334,30.802904129,15.6954545975,10.040145874,4.22055053711,1.74288082123,1.2568615675,1.18349885941,1.16163814068,0.883937776089,0.37840461731,0.159993305802,0.0667252913117,0.021641459316,0.00295219616964,0.0000859549909364,0.00000755366045269],"dvar":[0.0000801823407528,0.06187748909,1.1672976017,0.517129063606,3.96847939491,4.95044183731,3.21540617943,210.122131348,1256.88269043,2415.05859375,1235.53869629,924.988952637,132.958343506,93.0851516724,374.768127441,437.670684814,299.708496094,1491.92285156,721.587463379,347.312164307,227.628768921,244.494171143,315.557434082,1249.7791748,1158.83032227,296.018432617,197.128829956,40.3597412109,7.8952050209,4.17370510101,3.94440317154,3.83249473572,2.34914135933,0.410914152861,0.0833221748471,0.0149374576285,0.0018449309282,0.0000421893637395,5.85705031142e-8,5.62889977684e-11],"dvar2":[0.00019261619309,0.119064033031,2.19764685631,1.16666388512,10.3821954727,12.2585697174,7.81074142456,472.873718262,3138.41064453,5777.01855469,3063.88720703,2175.4831543,322.02935791,228.336181641,989.402038574,886.97668457,765.120239258,3524.07592773,1734.87585449,876.52923584,557.67980957,570.418151855,783.923461914,2940.26342773,2814.29101562,706.406311035,430.66998291,91.8464889526,18.1485824585,9.28039169312,7.9443154335,9.32730865479,5.93440485001,1.00259673595,0.197610169649,0.036288369447,0.00475144851953,0.000111605448183,1.62286681871e-7,1.28818386513e-10],"max":[0.199667289853,5.26739835739,25.0011234283,15.4484910965,25.5433635712,36.6023254395,38.5229225159,295.525360107,749.617797852,1443.19396973,795.137939453,754.271972656,317.578857422,222.026931763,507.089691162,938.900024414,496.202484131,1164.29187012,670.120788574,348.043823242,370.223999023,337.218078613,626.586120605,1121.19921875,829.674499512,306.694549561,410.281799316,170.118148804,72.3609390259,36.3491249084,73.8572845459,46.6730384827,28.8773498535,8.94573020935,4.55718421936,1.8644169569,0.802209734917,0.0983462259173,0.00570445181802,0.000125416569063],"mean":[0.00618109479547,0.232244506478,0.990496516228,0.86674785614,2.16955566406,2.74969673157,2.80657792091,14.2461748123,29.0462017059,37.9635124207,31.2249736786,28.4177894592,11.0442733765,9.62088489532,14.401761055,15.8699884415,17.9010219574,26.1381282806,22.8545093536,18.3751239777,19.8556098938,21.315580368,23.4504356384,52.312122345,53.499420166,21.0769176483,10.7724227905,4.44983673096,1.90098309517,1.35002183914,1.17360913754,0.910180211067,0.583206295967,0.278647094965,0.121244102716,0.0444214567542,0.0126012070104,0.00168932031374,0.0000546776900592,0.0000200415142899],"median":[0.00214418582618,0.0453076474369,0.210392653942,0.554119765759,1.24745869637,1.6667547226,1.89256083965,4.91260814667,8.29707431793,10.6257791519,10.5506362915,9.02839565277,3.82347273827,4.04806280136,6.75745868683,6.19612312317,7.80309677124,9.21329307556,9.43504047394,6.81152582169,8.64321804047,10.8835439682,14.9634771347,33.3765792847,26.9612064362,10.4486465454,4.42544221878,1.94839286804,0.839203178883,0.56632822752,0.437477201223,0.296310275793,0.1570982337,0.081180088222,0.0322149768472,0.0104747815058,0.0026484541595,0.000384359038435,0.0000185999870155,0.0000166073568835],"min":[1.11256082689e-22,7.54521752151e-22,1.49086451398e-21,4.04337677202e-20,7.7164118591e-20,5.83456174838e-20,2.79090014892e-19,1.62796899369e-19,5.23874833529e-19,1.16760503589e-18,2.07838021096e-18,3.28829170947e-18,3.22760767178e-18,4.29737409501e-18,2.58012687742e-18,2.09499702869e-18,2.52110050968e-18,2.87006836458e-18,6.73426968629e-18,9.64926946776e-18,6.64620307519e-18,1.13482413705e-17,9.89784220492e-18,9.62801754347e-18,1.45185980109e-17,1.99647171137e-17,1.72369533861e-17,2.31012122885e-17,2.23959266654e-17,1.87241017048e-17,2.11659636885e-17,1.44617061827e-17,1.04028103263e-17,1.45341887111e-17,9.19078724246e-18,5.55555964728e-18,3.80801114949e-18,1.46826037314e-18,3.23588221794e-19,3.29505878359e-20],"var":[0.000136161834234,0.301256895065,5.86500263214,1.0969029665,6.53725624084,10.4749689102,9.32773017883,810.170593262,3647.18823242,12373.2607422,3766.31347656,2942.62768555,419.710571289,256.9871521,764.55645752,1355.90185547,821.163269043,3170.96240234,1799.15905762,1030.08740234,1068.56359863,1039.69519043,810.832885742,4640.88085938,5051.75341797,861.429138184,549.375915527,89.3385925293,12.9561882019,7.25079870224,6.93363285065,4.19432401657,2.13229131699,0.427574783564,0.0933862701058,0.0149278864264,0.00156316312496,0.000035537610529,4.31939746193e-8,2.42332848233e-10]},"erbbands_crest":{"dmean":2.35393667221,"dmean2":3.88261580467,"dvar":4.83705615997,"dvar2":12.3400001526,"max":28.0957927704,"mean":9.00652503967,"median":8.06985569,"min":2.13688659668,"var":15.3286981583},"erbbands_flatness_db":{"dmean":0.0153098162264,"dmean2":0.0228323657066,"dvar":0.000212975573959,"dvar2":0.000434646935901,"max":0.350154995918,"mean":0.182167500257,"median":0.184214308858,"min":0.0386463962495,"var":0.00135815271642},"erbbands_kurtosis":{"dmean":0.639993607998,"dmean2":1.01534414291,"dvar":0.828113257885,"dvar2":1.91651701927,"max":28.951166153,"mean":-0.160221263766,"median":-0.806701421738,"min":-1.80031037331,"var":5.34634876251},"erbbands_skewness":{"dmean":0.342877715826,"dmean2":0.540101349354,"dvar":0.0849727466702,"dvar2":0.202896997333,"max":4.57020998001,"mean":-0.150051996112,"median":-0.182690635324,"min":-3.51726722717,"var":0.691128909588},"erbbands_spread":{"dmean":5.39182662964,"dmean2":8.50410938263,"dvar":28.6776828766,"dvar2":66.7542953491,"max":162.350814819,"mean":36.529499054,"median":36.1920852661,"min":5.07753944397,"var":160.347961426},"gfcc":{"cov":[[6885.70556641,-176.822402954,-1264.56665039,61.6304740906,-291.475463867,-26.3683300018,-15.957903862,116.664840698,-131.774459839,-54.9174041748,5.88496208191,-216.631759644,-174.118438721],[-176.822402954,777.122253418,13.1322784424,-62.0711746216,144.892242432,-119.11894989,56.0440101624,-33.8619270325,79.5423278809,-14.8214006424,88.7080535889,-21.4479026794,3.83337044716],[-1264.56665039,13.1322784424,650.929931641,110.158119202,52.9813499451,105.735565186,-11.0204706192,13.5567359924,14.2839307785,31.3180351257,1.15157771111,84.4654922485,23.4580383301],[61.6304740906,-62.0711746216,110.158119202,302.341552734,119.660629272,75.4731140137,11.4124164581,11.629781723,18.0431137085,5.80308103561,-11.6886453629,9.40013790131,34.8862457275],[-291.475463867,144.892242432,52.9813499451,119.660629272,275.713745117,34.6361923218,7.69696474075,-15.2352046967,57.5664329529,38.5857048035,-11.9458770752,7.62077283859,39.0824584961],[-26.3683300018,-119.11894989,105.735565186,75.4731140137,34.6361923218,227.902801514,70.4642486572,37.709903717,1.3468413353,-0.813839197159,-20.8987388611,-0.1275139153,9.55884742737],[-15.957903862,56.0440101624,-11.0204706192,11.4124164581,7.69696474075,70.4642486572,213.077484131,95.2512054443,2.40299916267,-29.1853237152,-0.732452690601,-0.551887392998,-31.1866855621],[116.664840698,-33.8619270325,13.5567359924,11.629781723,-15.2352046967,37.709903717,95.2512054443,119.005195618,14.9735374451,-19.8981800079,-6.87932920456,-7.77347421646,-24.0045681],[-131.774459839,79.5423278809,14.2839307785,18.0431137085,57.5664329529,1.3468413353,2.40299916267,14.9735374451,104.411689758,44.858997345,11.8328351974,-7.52012491226,14.8401536942],[-54.9174041748,-14.8214006424,31.3180351257,5.80308103561,38.5857048035,-0.813839197159,-29.1853237152,-19.8981800079,44.858997345,94.9545974731,20.9119262695,1.94512367249,10.2918348312],[5.88496208191,88.7080535889,1.15157771111,-11.6886453629,-11.9458770752,-20.8987388611,-0.732452690601,-6.87932920456,11.8328351974,20.9119262695,83.5677032471,14.2348155975,-11.2678060532],[-216.631759644,-21.4479026794,84.4654922485,9.40013790131,7.62077283859,-0.1275139153,-0.551887392998,-7.77347421646,-7.52012491226,1.94512367249,14.2348155975,78.3881988525,28.5880413055],[-174.118438721,3.83337044716,23.4580383301,34.8862457275,39.0824584961,9.55884742737,-31.1866855621,-24.0045681,14.8401536942,10.2918348312,-11.2678060532,28.5880413055,89.2195968628]],"icov":[[0.000403074751375,-0.000575731566641,0.00111326854676,-0.000801407149993,0.000743357173633,-0.000713508052286,0.00100339145865,-0.00121089443564,0.000900198356248,-0.00108239112888,0.000667000247631,-0.000662102655042,0.000879300467204],[-0.000575731566641,0.00423060217872,-0.00267299148254,0.00259273126721,-0.00344036985189,0.00322734797373,-0.00392820639536,0.00426236493513,-0.00365218194202,0.00527155818418,-0.00533546321094,0.00436248909682,-0.00275368476287],[0.00111326854676,-0.00267299148254,0.00557950651273,-0.00319545716047,0.00278765009716,-0.00364811276086,0.00431310152635,-0.00467785866931,0.0029957999941,-0.00474294042215,0.00360747054219,-0.00562877906486,0.00379675300792],[-0.000801407149993,0.00259273126721,-0.00319545716047,0.00675775296986,-0.00433239340782,0.00140637392178,-0.00269412435591,0.00269009568729,-0.00235746591352,0.00431639607996,-0.00359415775165,0.00343419192359,-0.00360856414773],[0.000743357173633,-0.00344036985189,0.00278765009716,-0.00433239340782,0.00842811632901,-0.00285174418241,0.00245580729097,-0.0021859575063,0.000827739771921,-0.00564107391983,0.00549524184316,-0.00386179285124,0.00188798876479],[-0.000713508052286,0.00322734797373,-0.00364811276086,0.00140637392178,-0.00285174418241,0.00869933608919,-0.00552888819948,0.00346022145823,-0.00229540118016,0.00352757121436,-0.00302457739599,0.00488918786868,-0.00378005299717],[0.00100339145865,-0.00392820639536,0.00431310152635,-0.00269412435591,0.00245580729097,-0.00552888819948,0.0129891242832,-0.010921176523,0.00415683723986,-0.00393481273204,0.00399783579633,-0.00605441862717,0.00537233706564],[-0.00121089443564,0.00426236493513,-0.00467785866931,0.00269009568729,-0.0021859575063,0.00346022145823,-0.010921176523,0.0206957049668,-0.00869091041386,0.0082393232733,-0.00372697645798,0.00495073851198,-0.00159257918131],[0.000900198356248,-0.00365218194202,0.0029957999941,-0.00235746591352,0.000827739771921,-0.00229540118016,0.00415683723986,-0.00869091041386,0.0187061671168,-0.0111472299322,0.00253007560968,-0.000672736612614,-0.000244562659645],[-0.00108239112888,0.00527155818418,-0.00474294042215,0.00431639607996,-0.00564107391983,0.00352757121436,-0.00393481273204,0.0082393232733,-0.0111472299322,0.0225498266518,-0.0096931187436,0.00586690614,-0.00369622535072],[0.000667000247631,-0.00533546321094,0.00360747054219,-0.00359415775165,0.00549524184316,-0.00302457739599,0.00399783579633,-0.00372697645798,0.00253007560968,-0.0096931187436,0.0214636530727,-0.00987359788269,0.00687112938613],[-0.000662102655042,0.00436248909682,-0.00562877906486,0.00343419192359,-0.00386179285124,0.00488918786868,-0.00605441862717,0.00495073851198,-0.000672736612614,0.00586690614,-0.00987359788269,0.0240044053644,-0.0104623567313],[0.000879300467204,-0.00275368476287,0.00379675300792,-0.00360856414773,0.00188798876479,-0.00378005299717,0.00537233706564,-0.00159257918131,-0.000244562659645,-0.00369622535072,0.00687112938613,-0.0104623567313,0.0191699620336]],"mean":[-29.0999259949,85.7901077271,-147.840881348,33.6121063232,-62.7456550598,-7.653819561,-40.3501777649,13.8950519562,-29.0639152527,5.73937320709,-9.06354427338,-8.63544940948,-19.2535991669]},"hfc":{"dmean":4.31950855255,"dmean2":6.14542245865,"dvar":31.9899768829,"dvar2":66.2409439087,"max":132.472900391,"mean":17.61353302,"median":14.0684299469,"min":1.24199924895e-16,"var":216.103240967},"melbands":{"dmean":[0.000065141786763,0.00021002725407,0.000117650066386,0.0000967550950008,0.0000506487667735,0.000165506004123,0.000231312442338,0.000199121903279,0.0001297758281,0.0000844982641865,0.0000266641945927,0.0000214751271415,0.0000298676950479,0.0000215604795812,0.0000226400279644,0.000020821358703,0.0000273082805506,0.0000206645927392,0.0000136839407787,0.0000112371380965,0.0000107091500468,0.0000100907063825,0.00000963797083386,0.00000996689686872,0.0000197337412828,0.0000198612706299,0.0000101151499621,0.00000673276599628,0.00000444859824711,0.00000261560717263,0.00000133574587835,6.8486639293e-7,5.1548289548e-7,4.65133950911e-7,4.53656952004e-7,4.85723830934e-7,4.68242518536e-7,4.24386911391e-7,2.86895669888e-7,1.75300570504e-7],"dmean2":[0.000100451004982,0.000306288216962,0.000189212281839,0.000155444882694,0.0000793149229139,0.000258749845671,0.00035949825542,0.000309036840918,0.000203156232601,0.000131445602165,0.0000423446981586,0.0000349802539859,0.0000489933336212,0.0000344151812897,0.0000352157112502,0.0000333320931531,0.0000431854496128,0.0000323110361933,0.0000219050762098,0.0000182753174158,0.0000174429460458,0.0000160616091307,0.000015202657778,0.000016139658328,0.0000311995536322,0.0000308567141474,0.0000157977410709,0.0000109341654024,0.00000731129603082,0.00000410118718719,0.00000215814679905,0.00000108065614768,7.95267339981e-7,7.11228267392e-7,7.00576322288e-7,7.53332074055e-7,7.57504608373e-7,6.94333948559e-7,4.66589597181e-7,2.81038808225e-7],"dvar":[2.2339238015e-8,2.25586063607e-7,2.39950868064e-8,1.738161437e-8,4.726055991e-9,1.12587521528e-7,2.38742160263e-7,2.59680376757e-7,7.83218681022e-8,3.00442728474e-8,3.27851767956e-9,1.49586398823e-9,6.49678844056e-9,2.01576688674e-9,4.54789361726e-9,1.72643221941e-9,6.56820020595e-9,2.10589767846e-9,9.98026550292e-10,6.2452398808e-10,4.63421245822e-10,3.88343773805e-10,3.52542356419e-10,2.90578394679e-10,1.1420021595e-9,1.00852082241e-9,3.26827648278e-10,1.74184111579e-10,8.25820661854e-11,6.5356324519e-11,9.96558564836e-12,3.08317390715e-12,1.75371815594e-12,1.33042264271e-12,1.31919410291e-12,1.79726285937e-12,1.85963072198e-12,1.58306939606e-12,6.40009096067e-13,2.36427197264e-13],"dvar2":[4.77419526135e-8,4.13240343278e-7,5.80309276188e-8,4.49068977559e-8,1.10812639065e-8,2.60966885435e-7,5.73928559788e-7,6.22080733592e-7,1.85634007721e-7,7.09375740371e-8,7.96571697492e-9,3.70875130606e-9,1.73049699015e-8,4.77331774107e-9,1.04508552923e-8,4.43533476613e-9,1.54271386776e-8,4.89843987594e-9,2.43351672147e-9,1.61237478924e-9,1.17663767618e-9,9.15438780336e-10,8.40498448618e-10,7.37665040162e-10,2.66546917871e-9,2.49964271504e-9,7.73490549388e-10,4.33511476716e-10,1.96757499182e-10,1.25302754284e-10,2.46088149858e-11,7.35468717178e-12,4.06484915172e-12,2.992167061e-12,2.75028610996e-12,4.06961487079e-12,4.79321270175e-12,4.09220053676e-12,1.59716489166e-12,5.88421076187e-13],"max":[0.0025882718619,0.0111445579678,0.00251160934567,0.00152020982932,0.00166313443333,0.00684507191181,0.0115201724693,0.0157632529736,0.00733604840934,0.00422170804814,0.00152798590716,0.000762126641348,0.0021119939629,0.00126248691231,0.00258477777243,0.00097728613764,0.00266995443963,0.00107352877967,0.000964419392403,0.000453049899079,0.000492888793815,0.000462290423457,0.000543332076631,0.000429919571616,0.00111473479774,0.000571968790609,0.000470310682431,0.000273241807008,0.00018388441822,0.000318690494169,0.0000660980294924,0.0000508365483256,0.0000304642253468,0.0000250511548074,0.0000333248026436,0.0000538095737284,0.0000369972476619,0.0000296349662676,0.0000123117688418,0.00000709005234967],"mean":[0.000131561318994,0.000461171963252,0.000202324052225,0.000179184644367,0.000106224106275,0.000326445529936,0.000441988115199,0.000398374599172,0.000251620454947,0.000163789678481,0.0000487901415909,0.0000358401157428,0.000051221348258,0.0000380978635803,0.0000415225295001,0.0000404071106459,0.0000486541139253,0.0000372256181436,0.0000262167850451,0.0000233772971114,0.0000237352705881,0.0000222520829993,0.0000208449055208,0.0000213591119973,0.0000444285069534,0.0000496542415931,0.0000230053447012,0.0000120387903735,0.00000703412206349,0.00000448831906397,0.00000200156432584,0.00000108468077542,7.98154985659e-7,7.1965450843e-7,6.64517756377e-7,6.48007301152e-7,5.28081272932e-7,4.34345281519e-7,3.13029687504e-7,2.07558713328e-7],"median":[0.0000343784340657,0.000102452540887,0.000134757938213,0.000120178214274,0.0000698779113009,0.000106511783088,0.000131968132337,0.000107692787424,0.000076911150245,0.0000499665438838,0.0000151267986439,0.00001429362419,0.0000212933646253,0.0000157596768986,0.0000152091852215,0.0000159636874741,0.00001544650695,0.0000141193177114,0.0000095072109616,0.00000835991522763,0.00000971303416009,0.0000105960070869,0.0000103641814349,0.0000134871379487,0.0000271140997938,0.0000241967154579,0.0000108477124741,0.00000465591938337,0.00000287848934022,0.00000152997279201,9.03393527096e-7,4.64164315872e-7,3.2311885434e-7,2.88545919602e-7,2.4152254241e-7,2.18915829464e-7,1.59203267458e-7,1.10915948426e-7,8.61630198301e-8,5.93207865052e-8],"min":[1.15769824488e-24,5.972900773e-25,8.51271951282e-24,4.42131096612e-24,8.15114748349e-24,4.32859219963e-24,8.19088714046e-24,1.44604420151e-23,2.02942167151e-23,1.91800485052e-23,1.50808874279e-23,1.65898489664e-23,1.20324701438e-23,5.01299174935e-24,4.97372816994e-24,5.28077176692e-24,5.1625017957e-24,1.0274757096e-23,1.17684723198e-23,1.21470790115e-23,6.48682333959e-24,1.27200152764e-23,8.60830815529e-24,7.47586124938e-24,7.49578866471e-24,1.14047971873e-23,1.05846958125e-23,1.36249326091e-23,7.71112481487e-24,1.35786785388e-23,1.40955133826e-23,1.29060625988e-23,1.12866116242e-23,1.0204307084e-23,1.16560801512e-23,1.21156216052e-23,8.01964989262e-24,7.27403197564e-24,7.3883986631e-24,1.42800579251e-23],"var":[7.81487798918e-8,0.00000120905724543,4.86894187191e-8,3.47739543827e-8,1.36393705219e-8,4.31425746683e-7,8.07899482425e-7,0.00000127864643673,2.55084387391e-7,9.78063567914e-8,9.69145919072e-9,3.72921027392e-9,1.26931682942e-8,5.62355584321e-9,1.08543192212e-8,5.46447331828e-9,1.26502444076e-8,5.28281907108e-9,2.35520158931e-9,1.8212527042e-9,1.80068104871e-9,1.50216805661e-9,1.02010722092e-9,6.28006202597e-10,4.02837319058e-9,4.39442704447e-9,1.11280495929e-9,4.23054813403e-10,1.71345312938e-10,2.36168057333e-10,1.5152882421e-11,4.56538192667e-12,2.72777698866e-12,2.247829093e-12,2.32079134556e-12,2.36101719772e-12,1.69551840016e-12,1.34464921836e-12,5.99234095504e-13,2.45595156625e-13]},"melbands_crest":{"dmean":3.1059551239,"dmean2":5.04739284515,"dvar":7.96364164352,"dvar2":18.9287014008,"max":39.9568710327,"mean":12.2043190002,"median":10.7715930939,"min":2.04715418816,"var":35.2984352112},"melbands_flatness_db":{"dmean":0.0218841843307,"dmean2":0.0329579301178,"dvar":0.000470162078273,"dvar2":0.000915105512831,"max":0.570600450039,"mean":0.157629236579,"median":0.150482282043,"min":0.011033218354,"var":0.00333891483024},"melbands_kurtosis":{"dmean":6.67047405243,"dmean2":9.86124706268,"dvar":14424.265625,"dvar2":28264.8398438,"max":8199.73828125,"mean":18.9006977081,"median":2.80191469193,"min":-1.81952655315,"var":84015.109375},"melbands_skewness":{"dmean":0.486301839352,"dmean2":0.742586612701,"dvar":1.23841130733,"dvar2":2.06307911873,"max":84.7037353516,"mean":1.95858645439,"median":1.65323746204,"min":-1.48950219154,"var":11.799908638},"melbands_spread":{"dmean":9.30738639832,"dmean2":14.4985685349,"dvar":96.4932174683,"dvar2":217.418884277,"max":150.950012207,"mean":37.7805175781,"median":34.5111503601,"min":0.0934955626726,"var":467.146209717},"mfcc":{"cov":[[5112.46533203,-273.383392334,-657.868103027,-33.4029579163,-262.390350342,-204.029815674,29.9038619995,1.6214556694,-51.7881011963,75.0648574829,86.6831054688,-1.88196659088,11.1346178055],[-273.383392334,860.747741699,-83.6289749146,59.9425773621,24.6946582794,-46.5169639587,-26.9581737518,-12.7805175781,-52.8305244446,6.38623142242,75.4736175537,-24.1991500854,15.5513219833],[-657.868103027,-83.6289749146,499.748535156,9.69698810577,46.4841995239,55.8537254333,44.9164237976,49.1469154358,-5.27565956116,-4.5480093956,-30.9260044098,27.1315021515,10.4950675964],[-33.4029579163,59.9425773621,9.69698810577,255.212677002,107.353591919,35.4837608337,-0.304312616587,5.95655727386,21.9780502319,3.73695111275,-7.77098655701,-0.303156644106,30.874671936],[-262.390350342,24.6946582794,46.4841995239,107.353591919,267.535003662,113.483436584,-33.4975204468,-48.9831008911,36.441318512,20.2462596893,-40.3820648193,2.45086503029,12.7462615967],[-204.029815674,-46.5169639587,55.8537254333,35.4837608337,113.483436584,178.315536499,39.4918060303,1.28775000572,52.3979415894,21.496295929,-24.9795780182,32.7766647339,3.01131010056],[29.9038619995,-26.9581737518,44.9164237976,-0.304312616587,-33.4975204468,39.4918060303,147.156600952,94.1728515625,31.7821464539,13.9216499329,17.6517181396,29.3501911163,-5.12585926056],[1.6214556694,-12.7805175781,49.1469154358,5.95655727386,-48.9831008911,1.28775000572,94.1728515625,167.011184692,46.9826087952,7.95592880249,21.9435405731,20.5067996979,5.30420541763],[-51.7881011963,-52.8305244446,-5.27565956116,21.9780502319,36.441318512,52.3979415894,31.7821464539,46.9826087952,140.698516846,35.1627464294,-22.7873878479,28.6524524689,3.61443138123],[75.0648574829,6.38623142242,-4.5480093956,3.73695111275,20.2462596893,21.496295929,13.9216499329,7.95592880249,35.1627464294,88.5918121338,32.0372581482,9.29969596863,-1.10488939285],[86.6831054688,75.4736175537,-30.9260044098,-7.77098655701,-40.3820648193,-24.9795780182,17.6517181396,21.9435405731,-22.7873878479,32.0372581482,137.943771362,13.0753688812,1.95969414711],[-1.88196659088,-24.1991500854,27.1315021515,-0.303156644106,2.45086503029,32.7766647339,29.3501911163,20.5067996979,28.6524524689,9.29969596863,13.0753688812,82.9979782104,24.5406742096],[11.1346178055,15.5513219833,10.4950675964,30.874671936,12.7462615967,3.01131010056,-5.12585926056,5.30420541763,3.61443138123,-1.10488939285,1.95969414711,24.5406742096,76.3047714233]],"icov":[[0.000275082158623,0.000143924436998,0.000381341727916,-0.0000966430743574,0.00012401319691,0.000220599249587,-0.000175208173459,-0.00000973902569967,0.000250563782174,-0.000387146836147,0.0000735365319997,-0.000127900551888,-0.000101562574855],[0.000143924436998,0.00139233027585,0.000383983366191,-0.000284400070086,-0.000281697022729,0.000403194542741,-0.0000540282999282,-0.000121224409668,0.000520108849742,-0.00020227645291,-0.000648414890748,0.00021037782426,-0.000285136891762],[0.000381341727916,0.000383983366191,0.0028607561253,-0.0000204454645427,-0.000366745545762,-0.0000877347774804,-0.000468726473628,-0.00102399324533,0.00144420331344,-0.000702303717844,0.000772889703512,-0.000818116765004,-0.000249995908234],[-0.0000966430743574,-0.000284400070086,-0.0000204454645427,0.00519758928567,-0.00237737759016,0.000302570813801,-0.000448819744634,-0.000545274408069,-0.000513775565196,0.000663102779072,-0.000288890791126,0.000889113580342,-0.00187984120566],[0.00012401319691,-0.000281697022729,-0.000366745545762,-0.00237737759016,0.00753571465611,-0.0042587639764,0.0020578741096,0.00128052791115,-0.000617746496573,-0.00131359638181,0.000965462706517,0.000725725432858,-0.000237760032178],[0.000220599249587,0.000403194542741,-0.0000877347774804,0.000302570813801,-0.0042587639764,0.0105990339071,-0.00393204484135,0.00158853572793,-0.00148470595013,-0.000751021783799,0.000728354323655,-0.00259600323625,0.000569488853216],[-0.000175208173459,-0.0000540282999282,-0.000468726473628,-0.000448819744634,0.0020578741096,-0.00393204484135,0.0131248133257,-0.0065243570134,0.000625044922344,-0.000739485549275,-0.000296909769531,-0.00210458179936,0.00207344722003],[-0.00000973902569967,-0.000121224409668,-0.00102399324533,-0.000545274408069,0.00128052791115,0.00158853572793,-0.0065243570134,0.0115531003103,-0.00407167384401,0.00137615576386,-0.0015923990868,0.000935155258048,-0.00117743911687],[0.000250563782174,0.000520108849742,0.00144420331344,-0.000513775565196,-0.000617746496573,-0.00148470595013,0.000625044922344,-0.00407167384401,0.0118901431561,-0.00498479884118,0.00338686956093,-0.00320227933116,0.000661009689793],[-0.000387146836147,-0.00020227645291,-0.000702303717844,0.000663102779072,-0.00131359638181,-0.000751021783799,-0.000739485549275,0.00137615576386,-0.00498479884118,0.0157139953226,-0.00499089015648,0.00108708860353,0.000271952914773],[0.0000735365319997,-0.000648414890748,0.000772889703512,-0.000288890791126,0.000965462706517,0.000728354323655,-0.000296909769531,-0.0015923990868,0.00338686956093,-0.00499089015648,0.0103818960488,-0.00261505646631,0.000374443916371],[-0.000127900551888,0.00021037782426,-0.000818116765004,0.000889113580342,0.000725725432858,-0.00259600323625,-0.00210458179936,0.000935155258048,-0.00320227933116,0.00108708860353,-0.00261505646631,0.0169826168567,-0.00572386244312],[-0.000101562574855,-0.000285136891762,-0.000249995908234,-0.00187984120566,-0.000237760032178,0.000569488853216,0.00207344722003,-0.00117743911687,0.000661009689793,0.000271952914773,0.000374443916371,-0.00572386244312,0.0160155445337]],"mean":[-659.100952148,112.330963135,-28.3294792175,32.0895423889,-5.24984025955,-14.4200048447,0.482568770647,-5.58065032959,-12.2395048141,7.05463981628,2.21855354309,1.33605313301,-1.22860634327]},"pitch_salience":{"dmean":0.0632297024131,"dmean2":0.102801002562,"dvar":0.00314096780494,"dvar2":0.00765356048942,"max":0.881845891476,"mean":0.612948596478,"median":0.639230489731,"min":0.00632112612948,"var":0.0143943214789},"silence_rate_20dB":{"dmean":0,"dmean2":0,"dvar":0,"dvar2":0,"max":1,"mean":1,"median":1,"min":1,"var":0},"silence_rate_30dB":{"dmean":0,"dmean2":0,"dvar":0,"dvar2":0,"max":1,"mean":1,"median":1,"min":1,"var":0},"silence_rate_60dB":{"dmean":0.0359019264579,"dmean2":0.0718195736408,"dvar":0.0346113741398,"dvar2":0.0771712139249,"max":1,"mean":0.117093458772,"median":0,"min":0,"var":0.103380158544},"spectral_centroid":{"dmean":281.780853271,"dmean2":436.18170166,"dvar":79654.578125,"dvar2":159407.890625,"max":10888.7167969,"mean":2056.05541992,"median":2089.07861328,"min":334.03918457,"var":443969.5625},"spectral_complexity":{"dmean":3.7237303257,"dmean2":5.81344413757,"dvar":15.1443996429,"dvar2":33.3358802795,"max":54,"mean":20.9255847931,"median":20,"min":0,"var":97.3602600098},"spectral_contrast_coeffs":{"dmean":[0.0488919317722,0.0472838878632,0.0372156500816,0.0274498444051,0.023604368791,0.0221120174974],"dmean2":[0.0814093723893,0.0769682824612,0.0608957447112,0.0447902083397,0.0378357730806,0.0355142466724],"dvar":[0.00151103932876,0.00143034628127,0.000884885434061,0.000468656246085,0.000396470772102,0.000399304874009],"dvar2":[0.00406313827261,0.00375170586631,0.00224108202383,0.00124925223645,0.000947207503486,0.000987346051261],"max":[-0.415706634521,-0.368065088987,-0.543373882771,-0.597629785538,-0.594476878643,-0.582992196083],"mean":[-0.640167534351,-0.701708674431,-0.777516305447,-0.785601198673,-0.759312093258,-0.756066799164],"median":[-0.642310500145,-0.709983170033,-0.785485386848,-0.790438234806,-0.760100364685,-0.754008293152],"min":[-0.965670406818,-0.941802442074,-0.969426751137,-0.960339725018,-0.959124267101,-0.958549380302],"var":[0.00480164121836,0.0074568213895,0.00348767265677,0.0023836796172,0.00252162362449,0.00154251197819]},"spectral_contrast_valleys":{"dmean":[0.440956622362,0.340149223804,0.330298274755,0.238906145096,0.24616996944,0.35800114274],"dmean2":[0.720024108887,0.55220323801,0.535217106342,0.381562888622,0.378151774406,0.493544310331],"dvar":[0.154913887382,0.102199628949,0.103684365749,0.06531663239,0.0889185518026,0.174675866961],"dvar2":[0.336666345596,0.196298971772,0.206776618958,0.114976726472,0.153281733394,0.281012058258],"max":[-6.33657455444,-5.21402263641,-5.60595989227,-5.93486690521,-5.56741476059,-8.18527793884],"mean":[-8.1651058197,-6.94456195831,-7.56704902649,-7.67750406265,-7.24336385727,-10.5650644302],"median":[-8.05887699127,-6.83748960495,-7.47846317291,-7.58593559265,-7.13947820663,-10.5620851517],"min":[-27.0685901642,-27.8348617554,-26.9124317169,-27.2329463959,-27.2591114044,-27.2854270935],"var":[0.783695757389,0.89266294241,0.916647434235,0.925136625767,0.961705863476,0.880276918411]},"spectral_decrease":{"dmean":7.94370624835e-10,"dmean2":1.160000207e-9,"dvar":8.52415153006e-19,"dvar2":1.87849015478e-18,"max":7.39075495788e-29,"mean":-3.39573191788e-9,"median":-2.78392109365e-9,"min":-1.92295690482e-8,"var":7.1560461855e-18},"spectral_energy":{"dmean":0.00327919307165,"dmean2":0.0047490959987,"dvar":0.0000138454870466,"dvar2":0.0000301909858536,"max":0.0770090445876,"mean":0.0144138652831,"median":0.0119106313214,"min":1.09863455163e-20,"var":0.000122424098663},"spectral_energyband_high":{"dmean":0.000285841990262,"dmean2":0.0004388129164,"dvar":3.34423901904e-7,"dvar2":7.29643318209e-7,"max":0.0139750940725,"mean":0.000525897368789,"median":0.000229867931921,"min":7.88397877948e-21,"var":8.1006066921e-7},"spectral_energyband_low":{"dmean":0.00074766454054,"dmean2":0.00108813936822,"dvar":0.00000245415822064,"dvar2":0.00000454824066765,"max":0.0348141565919,"mean":0.0016898245085,"median":0.000543123809621,"min":1.51333656108e-23,"var":0.0000123651625472},"spectral_energyband_middle_high":{"dmean":0.00120125955436,"dmean2":0.00175999058411,"dvar":0.00000233215700973,"dvar2":0.00000505546495333,"max":0.0389871820807,"mean":0.00486778421327,"median":0.00362382503226,"min":1.4103022518e-21,"var":0.0000195212323888},"spectral_energyband_middle_low":{"dmean":0.00247942865826,"dmean2":0.00383617752232,"dvar":0.0000116163037092,"dvar2":0.0000284909783659,"max":0.0718006268144,"mean":0.00747586414218,"median":0.00505047058687,"min":3.93627430074e-22,"var":0.0000646919506835},"spectral_entropy":{"dmean":0.12973921001,"dmean2":0.192893147469,"dvar":0.0179567970335,"dvar2":0.035884976387,"max":9.81782341003,"mean":7.56198883057,"median":7.56613922119,"min":6.25328207016,"var":0.0897224023938},"spectral_flux":{"dmean":0.0127371456474,"dmean2":0.0202569905668,"dvar":0.000164835073519,"dvar2":0.000392177928006,"max":0.171533480287,"mean":0.0601384192705,"median":0.0583759956062,"min":1.04815767177e-10,"var":0.000709967920557},"spectral_kurtosis":{"dmean":1.66192829609,"dmean2":2.8612177372,"dvar":2.34993672371,"dvar2":7.07059907913,"max":19.9085979462,"mean":4.8103427887,"median":4.38115596771,"min":-1.19172132015,"var":4.62223863602},"spectral_rms":{"dmean":0.00042403335101,"dmean2":0.000601549982093,"dvar":1.66561576975e-7,"dvar2":3.24400332374e-7,"max":0.00866780057549,"mean":0.00346116325818,"median":0.00340883084573,"min":3.27389461027e-12,"var":0.00000208264691537},"spectral_rolloff":{"dmean":549.982788086,"dmean2":909.67010498,"dvar":572764.375,"dvar2":1254689,"max":18949.21875,"mean":2484.42333984,"median":2756.25,"min":21.533203125,"var":1610699.375},"spectral_skewness":{"dmean":0.20781904459,"dmean2":0.353036671877,"dvar":0.0302304029465,"dvar2":0.0871397703886,"max":2.99481058121,"mean":1.2457985878,"median":1.20395755768,"min":0.00595160294324,"var":0.10040359199},"spectral_spread":{"dmean":400778.96875,"dmean2":607937.9375,"dvar":488778924032,"dvar2":824723898368,"max":40841712,"mean":3440711.5,"median":3173249.75,"min":1813804.375,"var":1309472587780},"spectral_strongpeak":{"dmean":0.573979556561,"dmean2":0.951372146606,"dvar":0.954363465309,"dvar2":2.36788868904,"max":16.9933338165,"mean":1.21389579773,"median":0.727452337742,"min":0,"var":2.58715081215},"zerocrossingrate":{"dmean":0.00940091069788,"dmean2":0.0111594768241,"dvar":0.000103617130662,"dvar2":0.000114337526611,"max":0.494140625,"mean":0.0759477689862,"median":0.07470703125,"min":0,"var":0.000945805513766}},"metadata":{"audio_properties":{"analysis_sample_rate":44100,"bit_rate":160000,"codec":"mp3","downmix":"mix","equal_loudness":0,"length":106.057144165,"lossless":false,"md5_encoded":"12dcf3011c5e1cf4d6055ce4dfcf6d04","replay_gain":-12.2551631927,"sample_rate":44100},"tags":{"album":["Now Here's Johnny Cash"],"albumartist":["Johnny Cash"],"albumartistsort":["Cash, Johnny"],"artist":["Johnny Cash"],"artistsort":["Cash, Johnny"],"asin":["B006GP3T0Q"],"composer":["Charlie Phillips/Odis Echols"],"date":["1961"],"discnumber":["1/1"],"file_name":"01-Sugartime- Now Here's Johnny Cash-Johnny Cash.mp3","genre":["Country"],"label":["Get Back Records"],"language":["eng"],"musicbrainz album release country":["US"],"musicbrainz album status":["official"],"musicbrainz album type":["album"],"musicbrainz_albumartistid":["d43d12a1-2dc9-4257-a2fd-0a3bb1081b86"],"musicbrainz_albumid":["8810ac93-e31c-4f68-af63-902eb42d12fb"],"musicbrainz_artistid":["d43d12a1-2dc9-4257-a2fd-0a3bb1081b86"],"musicbrainz_recordingid":["3857506c-0927-459e-b14f-0b89a9176a4a"],"originaldate":["1961"],"script":["Latn"],"title":["Sugartime"],"tracknumber":["1/12"]},"version":{"essentia":"2.1-beta2","essentia_build_sha":"70f2e5ece6736b2c40cc944ad0e695b16b925413","essentia_git_sha":"v2.1_beta2","extractor":"music 1.0"}},"rhythm":{"beats_count":156,"beats_loudness":{"dmean":0.00783635769039,"dmean2":0.0134588805959,"dvar":0.0000620807550149,"dvar2":0.000171681254869,"max":0.0679076090455,"mean":0.018143530935,"median":0.0170628279448,"min":0.00000521764195582,"var":0.000105731080112},"beats_loudness_band_ratio":{"dmean":[0.115079402924,0.146453887224,0.141502857208,0.0725293010473,0.0743064880371,0.0820788964629],"dmean2":[0.203378334641,0.248774349689,0.245340913534,0.121835283935,0.130578041077,0.14360268414],"dvar":[0.0118673155084,0.0196208860725,0.0173422917724,0.00454055098817,0.00524330465123,0.00507491547614],"dvar2":[0.0294816624373,0.0447550266981,0.0532213561237,0.012396321632,0.0140667669475,0.0134234521538],"max":[0.