{"lowlevel":{"average_loudness":0.950723767281,"barkbands":{"dmean":[0.00000624725907983,0.000952908711042,0.00372180528939,0.00210884772241,0.00209984066896,0.00132543651853,0.00108239334077,0.00041512271855,0.000480638118461,0.00024767513969,0.00017885240959,0.000195442713448,0.000220404661377,0.000196665961994,0.000264554517344,0.000206059004995,0.000231762649491,0.0000966141233221,0.000204308162211,0.00011062775593,0.0000972826237557,0.0000965956278378,0.0000894762197277,0.0000652340531815,0.0000314326862281,0.0000140940956044,0.00000131027331918],"dmean2":[0.0000106503339339,0.0015174645232,0.00587665382773,0.00332756945863,0.00328315747902,0.00202041235752,0.00163304712623,0.000660615740344,0.000721852236893,0.000372550304746,0.000289861520287,0.000310654286295,0.000324528664351,0.000300975400023,0.000412842229707,0.000332539697411,0.000378778524464,0.000151826025103,0.00031210432644,0.000185630415217,0.000154697336257,0.000150832769577,0.000139555995702,0.0000989501131698,0.0000483443036501,0.0000220050424105,0.00000203662466447],"dvar":[5.85141879395e-10,0.00000219499065679,0.000031599378417,0.0000094362121672,0.00000725018526282,0.00000559097270525,0.00000763430762163,0.00000151915162405,0.00000151337815169,5.51905372959e-7,2.93377922844e-7,5.78006336127e-7,0.00000143082365867,0.00000108490303319,0.00000109304687612,5.17988837601e-7,2.12700939528e-7,2.00184075538e-7,8.12895734725e-7,2.05983326396e-7,4.742310864e-7,4.32558834973e-7,5.03357568959e-7,2.13703415852e-7,4.7380286361e-8,1.08228013218e-8,2.2708060432e-10],"dvar2":[1.47748424606e-9,0.00000573869283471,0.0000853516030475,0.0000261174209299,0.000017223354007,0.0000125400756588,0.0000153221390065,0.00000338241443387,0.00000335185700351,0.00000106690470147,7.31984869162e-7,0.00000137345875828,0.00000240387657868,0.00000232361662711,0.00000219882304009,0.00000112595444079,5.2399678907e-7,4.49083074727e-7,0.00000157497470354,5.34248954409e-7,0.00000113443354621,0.00000102262572454,0.00000113194846563,4.59784786244e-7,9.97741480546e-8,2.60494203985e-8,5.95775651036e-10],"max":[0.00149251916446,0.0293635409325,0.0889681652188,0.0412637256086,0.0575823746622,0.0601471923292,0.0773046091199,0.0522763282061,0.0320060551167,0.0216582305729,0.0211725048721,0.0262413322926,0.0533997826278,0.0452183708549,0.0507485195994,0.0381394997239,0.0129464743659,0.0185110270977,0.0374771244824,0.0109811387956,0.029737142846,0.0227624028921,0.0231335069984,0.0155596258119,0.00965053029358,0.00709141371772,0.000963558733929],"mean":[0.0000065337385422,0.00284793856554,0.0089651811868,0.00478475447744,0.00624188128859,0.00292709143832,0.00217921449803,0.000717568618711,0.000974315742496,0.000459292990854,0.000269199168542,0.000270423071925,0.000413440400735,0.000286573602352,0.000390924426029,0.000320740888128,0.000379354925826,0.000144647900015,0.000321415514918,0.000121032404422,0.000115603143058,0.000108361833554,0.0000979246397037,0.0000733034612495,0.0000339852558682,0.0000146527581819,0.00000149814570705],"median":[0.00000292120012091,0.00175578799099,0.00511319050565,0.0029355562292,0.00485183764249,0.00169136608019,0.000972599722445,0.000287152884994,0.000391458743252,0.000132367305923,0.0000917434808798,0.0000930147798499,0.0000778547982918,0.0000902102765394,0.000153799235704,0.000154008594109,0.000210108177271,0.0000493863990414,0.0000862737506395,0.0000230117984756,0.0000193220257643,0.0000123946883832,0.00000638775873085,0.00000443890303359,0.00000302408216157,0.00000125289329844,1.51974276719e-7],"min":[4.4876872018e-25,3.5971150088e-24,1.78598976689e-24,5.73235785452e-25,6.35711370195e-24,5.01190824889e-24,6.34689203677e-24,6.07493855059e-24,1.51789365276e-23,1.30681246055e-23,1.46912753377e-23,2.68102803674e-23,2.61423013518e-23,2.60715484172e-23,5.08639557212e-23,4.5291145675e-23,6.82279801583e-23,1.00337900662e-22,1.45853388912e-22,1.5576168383e-22,2.68355030904e-22,3.61198304894e-22,4.07945293369e-22,5.13924780127e-22,8.16293574755e-22,1.29400582756e-21,1.92812509027e-21],"var":[5.49536083305e-10,0.000010085127542,0.000111987050332,0.0000273083587672,0.0000297898877761,0.0000150804917212,0.0000187950390682,0.00000372577983399,0.00000326098779624,0.00000166845461536,5.90963736613e-7,6.77802404425e-7,0.00000668988786856,0.00000167590485489,0.00000199527107725,9.26315749439e-7,3.75094288074e-7,3.12190792329e-7,0.00000177177457772,2.25108877316e-7,5.45948466879e-7,4.77121545828e-7,6.06192031682e-7,2.97202490174e-7,5.72817953071e-8,1.10331193071e-8,2.18062359836e-10]},"barkbands_crest":{"dmean":2.03748512268,"dmean2":3.28234171867,"dvar":3.84825110435,"dvar2":10.0106983185,"max":24.287853241,"mean":10.867972374,"median":10.2111110687,"min":3.17340826988,"var":14.0072336197},"barkbands_flatness_db":{"dmean":0.0235618147999,"dmean2":0.0327794887125,"dvar":0.00050955277402,"dvar2":0.00104104122147,"max":0.363213837147,"mean":0.188401803374,"median":0.188203692436,"min":0.0469564124942,"var":0.00285067805089},"barkbands_kurtosis":{"dmean":3.84407663345,"dmean2":6.00027656555,"dvar":22.6469745636,"dvar2":54.3989639282,"max":110.310722351,"mean":10.4403419495,"median":7.65820503235,"min":-1.90879797935,"var":109.170753479},"barkbands_skewness":{"dmean":0.51234036684,"dmean2":0.783137500286,"dvar":0.289980977774,"dvar2":0.671084821224,"max":9.63163852692,"mean":2.52049040794,"median":2.50598621368,"min":-2.67896032333,"var":1.70976495743},"barkbands_spread":{"dmean":3.82919454575,"dmean2":5.87045431137,"dvar":37.1716995239,"dvar2":73.9298248291,"max":94.6437911987,"mean":12.1931428909,"median":9.65136623383,"min":0.919542133808,"var":104.89717865},"dissonance":{"dmean":0.0174183249474,"dmean2":0.0287628192455,"dvar":0.000265448819846,"dvar2":0.000707364990376,"max":0.499914228916,"mean":0.458307057619,"median":0.462941706181,"min":0.212311565876,"var":0.00065816368442},"dynamic_complexity":2.14642858505,"erbbands":{"dmean":[0.00686140265316,0.325468808413,3.38523316383,6.10936021805,6.94039869308,6.97896099091,7.69088745117,11.2681951523,17.2049427032,11.3483724594,8.74352359772,11.8466091156,7.43454122543,6.46503448486,7.60041809082,7.57435274124,9.01174926758,9.27797794342,12.1976804733,11.3648281097,9.22730064392,11.2677650452,6.55519104004,9.16785335541,8.42552852631,5.44467639923,3.51687955856,4.24184799194,3.42307448387,3.02878093719,2.4650144577,1.60058224201,0.948286950588,0.435761332512,0.194544106722,0.0840669870377,0.0186944846064,0.00333392969333,0.000162296986673,0.0000113526139103],"dmean2":[0.0109921582043,0.516885221004,5.33971500397,9.57349300385,11.0558729172,10.887421608,11.8682365417,17.2708759308,25.759141922,17.254825592,13.7105255127,17.6317901611,10.6974697113,10.090133667,12.2668304443,11.868522644,12.7135591507,13.4726781845,18.6748847961,17.2624607086,14.830242157,18.1003475189,10.334186554,14.0325899124,13.0294704437,9.08783626556,5.70449781418,6.62186813354,5.38954401016,4.70073127747,3.92995119095,2.4014852047,1.46969604492,0.681809067726,0.300743818283,0.130440756679,0.0291349608451,0.00513028493151,0.000247145275353,0.0000167603357113],"dvar":[0.000104952494439,0.215532213449,23.103729248,87.7277679443,83.7537612915,107.883308411,199.069473267,455.546936035,1621.84631348,1226.42321777,650.402709961,856.399291992,662.163879395,353.953033447,641.100708008,926.210693359,2353.10205078,1642.12219238,2399.15991211,2200.31689453,764.976379395,577.391174316,420.005096436,1945.42346191,1335.37451172,513.559936523,659.990783691,843.784057617,555.178710938,467.997283936,431.657623291,156.632766724,40.2281112671,7.55506420135,2.27463006973,0.337223857641,0.0212732106447,0.00104578828905,0.00000247670755016,1.17961929114e-9],"dvar2":[0.000277684652247,0.555284917355,60.9942054749,250.93901062,211.946136475,254.275238037,447.952606201,1068.69055176,3271.06738281,2446.0793457,1417.43786621,2010.59790039,1308.46618652,733.456726074,1526.42834473,2223.46582031,3537.46264648,2809.89135742,4176.70849609,4347.64746094,1913.83032227,1414.85998535,935.048522949,4012.95629883,2651.87817383,1339.64550781,1693.95446777,2007.21386719,1326.67700195,1031.98937988,1002.72595215,328.538909912,92.8935394287,16.8138751984,4.57233476639,0.733643114567,0.0542662963271,0.00255291583017,0.00000614986856817,2.8147437714e-9],"max":[0.241303056479,8.23154258728,65.7476806641,165.538223267,208.417739868,234.350524902,291.477905273,653.079467773,1214.30566406,1365.73632813,900.855041504,794.280151367,932.345703125,614.319091797,1028.48046875,1314.63183594,2768.56518555,1787.41040039,2921.25366211,2166.97973633,811.383422852,827.610473633,786.757080078,1955.89440918,2045.32067871,547.510864258,1157.83032227,1103.99963379,763.747314453,694.777587891,600.244750977,395.728149414,219.755340576,105.556098938,82.722442627,39.0501251221,9.67892551422,2.09370613098,0.098958812654,0.00207829801366],"mean":[0.0212895087898,0.968878388405,8.4255065918,15.2405748367,19.3981113434,19.6259403229,17.5470905304,24.2529735565,35.6219749451,22.0284442902,17.231218338,24.1076221466,15.6525697708,11.2379741669,12.1436500549,11.8121290207,17.741361618,17.2778701782,18.9526901245,19.4496154785,15.8530330658,18.5979919434,11.0188913345,14.1734695435,13.1569194794,6.13665676117,4.27702760696,4.88177776337,3.84393763542,3.47348451614,2.69685339928,1.80877137184,1.01820385456,0.460995942354,0.213123932481,0.0883108302951,0.01962820068,0.00390719342977,0.000207534932997,0.0000426189180871],"median":[0.0138234030455,0.682749688625,5.22807312012,10.1508207321,14.1944332123,13.8350048065,11.1704702377,14.4065752029,17.3108711243,9.07459831238,7.57382774353,10.5188274384,4.72152614594,3.76169133186,4.56829452515,4.25595808029,4.05694961548,4.96134662628,8.05505371094,8.09245300293,8.01901054382,9.71974086761,5.52117919922,4.02783870697,3.38908243179,1.27040827274,0.796057105064,0.740985572338,0.448528259993,0.240710899234,0.169039011002,0.101686127484,0.0616192594171,0.0345442593098,0.0185536872596,0.00761931482702,0.0017326506786,0.000373581220629,0.0000391054127249,0.0000377603282686],"min":[6.61900873828e-23,4.70458367544e-22,3.45707373878e-21,4.59514945755e-21,9.80215649783e-21,1.55992708751e-20,1.88041983144e-20,5.24171203296e-20,1.22403162666e-19,1.6587134876e-19,2.79607700709e-19,3.24924506224e-19,3.92596539878e-19,8.30936994811e-19,9.40603514749e-19,1.3576975513e-18,1.55651144551e-18,1.23658114563e-18,2.45402753574e-18,3.46704089035e-18,3.2549383396e-18,4.41076401338e-18,4.942685815e-18,6.35652359749e-18,6.94972252531e-18,8.27111542972e-18,9.51358785907e-18,1.05838859526e-17,1.11108446706e-17,1.32104788738e-17,1.2525469929e-17,1.14077355089e-17,9.03039609451e-18,8.03406118259e-18,6.38128524913e-18,4.20275579987e-18,2.39745375851e-18,9.172972874e-19,2.46378201141e-19,2.78973964037e-20],"var":[0.000569115101825,0.933043062687,79.9577331543,255.979476929,322.972137451,390.192016602,514.627929688,1066.46411133,4015.609375,4419.30126953,1352.20495605,1717.21911621,1723.27026367,851.09777832,1202.67126465,1228.02233887,11319.1337891,6124.28222656,4415.66894531,5331.87695313,1194.79748535,1049.51281738,700.199829102,3424.55615234,3163.54980469,549.211608887,710.721435547,945.898254395,599.585327148,586.172607422,497.113952637,219.2081604,50.3153495789,8.77312755585,2.83092904091,0.387220472097,0.0204854123294,0.00112476863433,0.00000282170026367,1.79275383427e-9]},"erbbands_crest":{"dmean":1.96171832085,"dmean2":3.16182184219,"dvar":3.91182541847,"dvar2":9.34514045715,"max":28.1954879761,"mean":8.31395339966,"median":7.42203044891,"min":2.62267899513,"var":13.368806839},"erbbands_flatness_db":{"dmean":0.0179214552045,"dmean2":0.024279428646,"dvar":0.000346697954228,"dvar2":0.000678959244397,"max":0.283074706793,"mean":0.171407163143,"median":0.175663530827,"min":0.0443618297577,"var":0.00148702587467},"erbbands_kurtosis":{"dmean":0.816660284996,"dmean2":1.29967010021,"dvar":1.73160851002,"dvar2":4.02851057053,"max":55.084022522,"mean":0.207179397345,"median":-0.457135081291,"min":-1.8262052536,"var":8.51437473297},"erbbands_skewness":{"dmean":0.336786359549,"dmean2":0.517229199409,"dvar":0.121113099158,"dvar2":0.251943707466,"max":6.11651134491,"mean":0.59586584568,"median":0.610932767391,"min":-4.01114225388,"var":0.599396944046},"erbbands_spread":{"dmean":7.48703193665,"dmean2":11.7241296768,"dvar":74.1079025269,"dvar2":181.042007446,"max":159.460617065,"mean":41.216003418,"median":40.2535667419,"min":4.46545267105,"var":232.001617432},"gfcc":{"cov":[[22568.5097656,1120.64807129,-2172.68164063,550.248168945,-1387.5279541,300.582641602,-943.724060059,123.343566895,-421.056976318,-68.4017333984,-389.305908203,-174.470443726,-390.894042969],[1120.64807129,1640.56030273,-428.623748779,-117.378135681,416.876525879,-410.707122803,166.260650635,-112.861824036,38.6680717468,-52.821849823,32.0725097656,-48.1467247009,71.6606063843],[-2172.68164063,-428.623748779,719.254516602,51.2575950623,31.5708942413,142.940246582,-18.0495815277,40.6259384155,21.4421234131,11.7951879501,13.1107025146,51.426776886,27.9770946503],[550.248168945,-117.378135681,51.2575950623,243.816238403,-16.9305725098,21.5557422638,-46.1274108887,11.0109195709,13.9436769485,-4.21216440201,-11.9446115494,10.8177089691,7.06733703613],[-1387.5279541,416.876525879,31.5708942413,-16.9305725098,364.813323975,-145.746261597,141.022140503,-40.3782348633,35.8172492981,3.77273058891,28.334405899,-0.308925271034,53.125213623],[300.582641602,-410.707122803,142.940246582,21.5557422638,-145.746261597,270.06161499,-34.409866333,57.2331886292,-14.1970596313,8.09693050385,-12.5519275665,-1.81565737724,-32.3017616272],[-943.724060059,166.260650635,-18.0495815277,-46.1274108887,141.022140503,-34.409866333,210.901611328,-12.0824298859,23.1978149414,9.98712539673,5.33146476746,-10.3175592422,31.5861358643],[123.343566895,-112.861824036,40.6259384155,11.0109195709,-40.3782348633,57.2331886292,-12.0824298859,97.6273193359,18.6109008789,12.329416275,-2.7905292511,2.87224030495,-5.2313079834],[-421.056976318,38.6680717468,21.4421234131,13.9436769485,35.8172492981,-14.1970596313,23.1978149414,18.6109008789,94.9435958862,10.2540311813,14.93699646,-1.52093672752,9.04985618591],[-68.4017333984,-52.821849823,11.7951879501,-4.21216440201,3.77273058891,8.09693050385,9.98712539673,12.329416275,10.2540311813,76.1007537842,17.7898178101,8.15736579895,-3.12374949455],[-389.305908203,32.0725097656,13.1107025146,-11.9446115494,28.334405899,-12.5519275665,5.33146476746,-2.7905292511,14.93699646,17.7898178101,83.6057128906,16.371843338,3.52283835411],[-174.470443726,-48.1467247009,51.426776886,10.8177089691,-0.308925271034,-1.81565737724,-10.3175592422,2.87224030495,-1.52093672752,8.15736579895,16.371843338,77.4071731567,17.1700954437],[-390.894042969,71.6606063843,27.9770946503,7.06733703613,53.125213623,-32.3017616272,31.5861358643,-5.2313079834,9.04985618591,-3.12374949455,3.52283835411,17.1700954437,65.4274749756]],"icov":[[0.000442930904683,-0.00114830466919,0.000947303778958,-0.0013232906349,0.00144114543218,-0.00128704600502,0.00116505427286,-0.000650447502267,0.00130447966512,-0.00102123199031,0.00140651699621,-0.000396001385525,0.00102079974022],[-0.00114830466919,0.00442877179012,-0.00180812785402,0.00382729573175,-0.00489968527108,0.00441171228886,-0.00297073670663,0.0018317514332,-0.00361485383473,0.0035085415002,-0.00391135038808,0.00153567560483,-0.00313923275098],[0.000947303778958,-0.00180812785402,0.00416903942823,-0.0027760756202,0.00174746243283,-0.00370605639182,0.00305880303495,-0.00145401805639,0.00233071600087,-0.00183199043386,0.00290434341878,-0.0016258979449,0.00117611326277],[-0.0013232906349,0.00382729573175,-0.0027760756202,0.00859399326146,-0.00492191966623,0.00373694999143,-0.00217154878192,0.00196452322416,-0.00493954308331,0.00338109699078,-0.00337744760327,0.000895333418157,-0.00400073220953],[0.00144114543218,-0.00489968527108,0.00174746243283,-0.00492191966623,0.0110084246844,-0.00243592192419,0.000791136291809,-0.0015628808178,0.00391991669312,-0.00396448513493,0.00363797880709,-0.000936124299187,0.00243123853579],[-0.00128704600502,0.00441171228886,-0.00370605639182,0.00373694999143,-0.00243592192419,0.0110517255962,-0.00473140925169,-0.000368991401047,-0.00292494776659,0.00343154161237,-0.00438235420734,0.00224182661623,-0.00143546599429],[0.00116505427286,-0.00297073670663,0.00305880303495,-0.00217154878192,0.000791136291809,-0.00473140925169,0.0104425922036,-0.00138623826206,0.00237498665228,-0.00361751997843,0.00445527816191,-0.00020087545272,0.000322088453686],[-0.000650447502267,0.0018317514332,-0.00145401805639,0.00196452322416,-0.0015628808178,-0.000368991401047,-0.00138623826206,0.0137817561626,-0.00502762617543,-0.0000478089204989,-0.00126024126075,0.000254732440226,-0.00193065078929],[0.00130447966512,-0.00361485383473,0.00233071600087,-0.00493954308331,0.00391991669312,-0.00292494776659,0.00237498665228,-0.00502762617543,0.0163278114051,-0.00394208263606,0.00211577489972,0.00000647841125101,0.00255199265666],[-0.00102123199031,0.0035085415002,-0.00183199043386,0.00338109699078,-0.00396448513493,0.00343154161237,-0.00361751997843,-0.0000478089204989,-0.00394208263606,0.0173840466887,-0.00616152165458,-0.000147459941218,-0.0011244561756],[0.00140651699621,-0.00391135038808,0.00290434341878,-0.00337744760327,0.00363797880709,-0.00438235420734,0.00445527816191,-0.00126024126075,0.00211577489972,-0.00616152165458,0.0184559263289,-0.00426308810711,0.00397914368659],[-0.000396001385525,0.00153567560483,-0.0016258979449,0.000895333418157,-0.000936124299187,0.00224182661623,-0.00020087545272,0.000254732440226,0.00000647841125101,-0.000147459941218,-0.00426308810711,0.0160780772567,-0.00546285416931],[0.00102079974022,-0.00313923275098,0.00117611326277,-0.00400073220953,0.00243123853579,-0.00143546599429,0.000322088453686,-0.00193065078929,0.00255199265666,-0.0011244561756,0.00397914368659,-0.00546285416931,0.0225704088807]],"mean":[-38.6288490295,129.038070679,-105.322784424,32.8628158569,-41.4350662231,-7.96047067642,-42.6055259705,1.14296674728,-23.963760376,-4.48768758774,-21.8447628021,-6.06075668335,-14.2191257477]},"hfc":{"dmean":5.56185054779,"dmean2":7.88728237152,"dvar":317.344726563,"dvar2":679.156005859,"max":492.412994385,"mean":15.908490181,"median":10.3926076889,"min":1.06316306522e-16,"var":584.882202148},"melbands":{"dmean":[0.000151743661263,0.00131068110932,0.000995527254418,0.000514567713253,0.000263318128418,0.000259869324509,0.000249719072599,0.000113602909551,0.0000772780331317,0.0000704186604708,0.0000372767426597,0.0000277483122773,0.0000251450601354,0.0000241898706008,0.0000201034836209,0.0000205721153179,0.0000181420018635,0.0000192184379557,0.000018850691049,0.000016392008547,0.0000104798173197,0.0000111910740088,0.0000115864177133,0.00000470304757982,0.00000805595300335,0.00000833515787235,0.00000402269188271,0.00000380948335987,0.00000219404637392,0.00000219246726374,0.00000273036357612,0.00000189363743175,0.00000197529084289,0.00000170400642219,0.0000015439454728,0.00000115752129659,9.63000275078e-7,7.29853297798e-7,4.98085739764e-7,3.38589956073e-7],"dmean2":[0.000241652451223,0.00206790212542,0.00156515964773,0.000808111450169,0.000403738900786,0.000395507406211,0.00037333133514,0.000174383021658,0.000119225987874,0.000105861254269,0.0000541013832844,0.0000432287670264,0.0000408620580856,0.0000384582708648,0.0000307214977511,0.0000286545000563,0.0000270998480119,0.0000297517290164,0.0000292710701615,0.0000262126304733,0.0000169196373463,0.0000179922517418,0.0000190336195374,0.0000074305862654,0.0000123814879771,0.0000128519495775,0.00000646612443234,0.00000650792480883,0.00000357245994564,0.00000351579410562,0.00000431431226389,0.00000299302564599,0.00000320136496157,0.00000264327900368,0.00000249525191975,0.00000182722419595,0.00000144501132127,0.00000114392184969,7.83712891916e-7,5.36690833997e-7],"dvar":[5.58695774089e-8,0.00000325196970152,0.00000190745981854,4.66889304107e-7,1.9081794278e-7,2.24065075827e-7,3.50735234633e-7,1.17048323034e-7,4.92070917346e-8,3.25100124599e-8,1.71167862106e-8,6.69521993402e-9,6.69512356666e-9,7.97537680342e-9,1.10926050567e-8,1.34809878816e-8,6.58095622441e-9,7.44733963387e-9,7.10989800368e-9,3.51122819708e-9,1.0679559459e-9,7.26798010664e-10,5.06107211695e-10,6.73360978087e-10,1.56955926034e-9,1.5282085597e-9,2.6462335101e-10,2.72176281513e-10,2.33514679815e-10,2.82308704191e-10,3.95388721763e-10,1.78166564835e-10,2.04749564525e-10,1.56630514114e-10,1.77080475283e-10,1.14214804281e-10,5.38740371758e-11,2.5649720195e-11,1.36248980848e-11,4.25261865653e-12],"dvar2":[1.46826351966e-7,0.00000857941722643,0.00000539514849152,0.00000112461486879,4.32046590504e-7,5.09863980369e-7,6.96494510066e-7,2.38299975308e-7,1.04052276129e-7,7.5632108576e-8,3.33557430565e-8,1.3595549575e-8,1.67744058643e-8,1.84443429418e-8,2.01906189545e-8,2.1152864349e-8,1.19080221239e-8,1.36673259377e-8,1.59909081532e-8,7.16508052889e-9,2.73602829282e-9,1.76515313477e-9,1.28277721778e-9,1.56111246152e-9,3.28460014742e-9,3.05784508825e-9,6.48398279512e-10,7.22886694948e-10,6.05253236419e-10,7.11936898323e-10,9.46251188516e-10,4.32443081344e-10,5.08951103484e-10,3.4841438068e-10,4.25186302833e-10,2.71714317712e-10,1.14246695437e-10,5.98566890497e-11,3.39857274267e-11,9.2491942924e-12],"max":[0.00526681169868,0.0255639180541,0.0234102737159,0.0152021525428,0.00904938206077,0.0133133297786,0.0181762706488,0.0141472797841,0.0092604784295,0.00490291463211,0.00459633255377,0.002749013016,0.00351639371365,0.00336500047706,0.00518568884581,0.00681220181286,0.00359902787022,0.00407422846183,0.00260722683743,0.00337801361457,0.000906586705241,0.000836270570289,0.000627225846983,0.00116677361075,0.0017573244404,0.0021522725001,0.000434579909779,0.000388345157262,0.000567940296605,0.000833112106193,0.000820524757728,0.000513894716278,0.000449529557955,0.000419552030507,0.000450321676908,0.000380143697839,0.000271834724117,0.000191705912584,0.000167484700796,0.0000784262010711],"mean":[0.000464855518658,0.00341063225642,0.00274737854488,0.00152315257583,0.000650576956104,0.000571919779759,0.000522059039213,0.000210440513911,0.000150046122144,0.000142274977406,0.0000759641261538,0.0000463751894131,0.0000390323075408,0.0000330458133249,0.000032556035876,0.0000420089709223,0.0000300205902022,0.0000284512861981,0.0000270212240139,0.0000267825816991,0.0000164418106579,0.0000179086055141,0.0000181354334927,0.00000681924166201,0.0000117913814393,0.0000129625013869,0.00000514275552632,0.00000388541911889,0.00000264163895736,0.0000024854714411,0.00000301799195768,0.00000210364532904,0.00000211623432733,0.00000187394573459,0.00000163830009114,0.00000124229518406,0.00000106320442228,7.74687350713e-7,5.03821922848e-7,3.48714223719e-7],"median":[0.000280901556835,0.00230691116303,0.00205954164267,0.00113700306974,0.00043798587285,0.000333428615704,0.000247794057941,0.0000859110950842,0.000064019812271,0.0000588867987972,0.0000202828741749,0.0000146904567373,0.0000139178828249,0.0000122368164739,0.0000100927654785,0.00000677872731103,0.0000090469384304,0.0000121904131447,0.00000886304042069,0.0000127866478579,0.000007903063306,0.00000903536238184,0.00000943805571296,0.0000022601893761,0.00000307175037051,0.00000341868235409,9.70490418695e-7,7.91252773524e-7,5.61023625778e-7,2.86498732294e-7,4.8891354254e-7,2.71039311883e-7,1.31865363073e-7,1.18521235493e-7,9.6505665681e-8,6.15929636183e-8,5.69654901028e-8,4.18448209416e-8,2.94228499342e-8,2.35467112475e-8],"min":[1.49489102096e-24,1.70874470427e-24,1.20897578144e-24,3.94626583153e-25,9.64978342439e-25,1.47389548797e-24,1.47305416782e-24,1.34672972954e-24,1.75304693549e-24,2.08484715704e-24,1.70501260332e-24,2.59461341272e-24,2.55965583057e-24,2.53031829072e-24,2.91628860455e-24,2.93300082005e-24,1.84224541019e-24,2.88954326164e-24,3.64257548505e-24,2.72228029504e-24,3.48458400067e-24,3.90127650246e-24,3.84658004274e-24,4.28552709952e-24,3.89825279861e-24,4.96887194221e-24,3.96450488731e-24,5.38725931165e-24,5.38513924797e-24,4.98416874402e-24,5.30628589517e-24,5.11199537067e-24,5.16028904086e-24,6.24840511934e-24,5.8016159963e-24,5.9614289605e-24,6.2155719396e-24,6.13348780697e-24,6.0983499701e-24,5.44737603466e-24],"var":[2.78168641898e-7,0.0000114564027172,0.00000608753953202,0.00000197630538423,5.35332105756e-7,5.95199196596e-7,8.85095289505e-7,4.33712727954e-7,1.0574328968e-7,6.58152359279e-8,4.51837252058e-8,1.67618026126e-8,1.2818245132e-8,9.63486179728e-9,2.69015352217e-8,8.86282265355e-8,1.87859221512e-8,1.19015144406e-8,1.12755964565e-8,8.09364131271e-9,1.35133504386e-9,1.22492871402e-9,8.59527060637e-10,9.46926315137e-10,2.63167243553e-9,3.42753314619e-9,4.09781125699e-10,2.65245297948e-10,2.61947796787e-10,2.85867746141e-10,4.15825512912e-10,1.78755205082e-10,2.19229412401e-10,1.87407880881e-10,1.87860046963e-10,1.25790489136e-10,7.61331345189e-11,3.19572319996e-11,1.29243447541e-11,5.16489802316e-12]},"melbands_crest":{"dmean":2.71800327301,"dmean2":4.39351797104,"dvar":6.66565132141,"dvar2":17.5568027496,"max":31.6694202423,"mean":15.8339128494,"median":15.1408815384,"min":1.60264444351,"var":28.2668037415},"melbands_flatness_db":{"dmean":0.0287184305489,"dmean2":0.0393817052245,"dvar":0.000829496537335,"dvar2":0.0016521809157,"max":0.481098383665,"mean":0.272754669189,"median":0.27512305975,"min":0.00224563968368,"var":0.00554703688249},"melbands_kurtosis":{"dmean":8.25267028809,"dmean2":12.8065261841,"dvar":121.448852539,"dvar2":293.956390381,"max":264.136779785,"mean":24.6505012512,"median":19.0849876404,"min":-1.86875987053,"var":485.208221436},"melbands_skewness":{"dmean":0.689274668694,"dmean2":1.06467986107,"dvar":0.51025134325,"dvar2":1.22154510021,"max":14.5054931641,"mean":3.6907491684,"median":3.57321643829,"min":-1.42786586285,"var":2.75420737267},"melbands_spread":{"dmean":4.23919773102,"dmean2":6.55905246735,"dvar":100.55859375,"dvar2":209.162460327,"max":213.821273804,"mean":13.2126731873,"median":8.25507831573,"min":0.805163741112,"var":393.357025146},"mfcc":{"cov":[[7819.77978516,-155.895462036,28.0411758423,-219.74281311,-179.425750732,-47.8125953674,-204.20350647,34.8388557434,-131.415802002,140.595611572,-38.7391548157,-67.8695602417,6.1966714859],[-155.895462036,2027.0045166,-587.214233398,402.206085205,70.1518325806,-42.7393798828,69.74559021,-53.187538147,83.575378418,-114.51739502,49.0945320129,22.8229885101,-24.2248973846],[28.0411758423,-587.214233398,646.761901855,-127.165596008,84.4079208374,39.5240707397,-37.4233779907,54.1949615479,-27.5538902283,41.6974983215,-49.7236099243,-2.37498140335,13.6833705902],[-219.74281311,402.206085205,-127.165596008,334.061767578,72.9496154785,2.39430570602,4.70911931992,-22.2678089142,48.9366149902,-50.6602935791,14.5803041458,4.14280462265,-0.565357089043],[-179.425750732,70.1518325806,84.4079208374,72.9496154785,175.047073364,3.4078335762,-10.4353704453,5.63794851303,1.16084003448,-7.30531311035,0.73912024498,4.55581903458,8.24982833862],[-47.8125953674,-42.7393798828,39.5240707397,2.39430570602,3.4078335762,112.826446533,38.6320381165,14.6784648895,16.7346477509,8.4870262146,4.12430095673,3.85323619843,-8.59606742859],[-204.20350647,69.74559021,-37.4233779907,4.70911931992,-10.4353704453,38.6320381165,125.351203918,8.52215480804,22.0065631866,6.60160779953,4.34090662003,4.2789068222,0.175639763474],[34.8388557434,-53.187538147,54.1949615479,-22.2678089142,5.63794851303,14.6784648895,8.52215480804,91.86328125,15.2339982986,17.4309444427,-2.24362397194,-7.03705310822,-0.638957858086],[-131.415802002,83.575378418,-27.5538902283,48.9366149902,1.16084003448,16.7346477509,22.0065631866,15.2339982986,105.67137146,15.4678239822,3.26919293404,8.38072013855,-12.325220108],[140.595611572,-114.51739502,41.6974983215,-50.6602935791,-7.30531311035,8.4870262146,6.60160779953,17.4309444427,15.4678239822,114.317565918,8.1682882309,-14.8087072372,0.526858985424],[-38.7391548157,49.0945320129,-49.7236099243,14.5803041458,0.73912024498,4.12430095673,4.34090662003,-2.24362397194,3.26919293404,8.1682882309,78.7007293701,24.6555271149,-3.9317138195],[-67.8695602417,22.8229885101,-2.37498140335,4.14280462265,4.55581903458,3.85323619843,4.2789068222,-7.03705310822,8.38072013855,-14.8087072372,24.6555271149,77.4214782715,16.9339141846],[6.1966714859,-24.2248973846,13.6833705902,-0.565357089043,8.24982833862,-8.59606742859,0.175639763474,-0.638957858086,-12.325220108,0.526858985424,-3.9317138195,16.9339141846,77.3139038086]],"icov":[[0.000146373757161,-0.0000348877874785,0.0000013666455061,0.0000316444093187,0.00015936033742,-0.0000545239963685,0.000268312753178,-0.0000801466303528,0.000183185868082,-0.000217558495933,0.0000792086866568,0.0000254102833424,-0.0000178642912942],[-0.0000348877874785,0.000877914426383,0.000654028437566,-0.000633124145679,-0.000457920017652,0.000296327285469,-0.000426806160249,-0.0000426303995482,-0.000239146844251,0.000393830734538,0.00000616985062152,-0.000155338580953,0.000233447965002],[0.0000013666455061,0.000654028437566,0.00274310004897,0.000420314492658,-0.00168689782731,-0.000770606857259,0.000551479868591,-0.000955527357291,0.00023305346258,-0.00032488204306,0.00148953788448,-0.000687405699864,0.0000732547268854],[0.0000316444093187,-0.000633124145679,0.000420314492658,0.00497718155384,-0.00187936564907,-0.000604808039498,0.000597784295678,0.000848940981086,-0.00217058509588,0.00162022153381,-0.000650095927995,0.00105541048106,-0.000721251475625],[0.00015936033742,-0.000457920017652,-0.00168689782731,-0.00187936564907,0.00771390646696,0.00000955746236286,0.000642286497168,-0.000400002812967,0.00085274578305,-0.000451432191767,-0.000453641085187,-0.000115082097182,-0.000557104882319],[-0.0000545239963685,0.000296327285469,-0.000770606857259,-0.000604808039498,0.00000955746236286,0.0108325341716,-0.00355239049532,-0.000806390831713,-0.000857413862832,-0.00000615337467025,-0.00071157340426,-0.000525874318555,0.00137632177211],[0.000268312753178,-0.000426806160249,0.000551479868591,0.000597784295678,0.000642286497168,-0.00355239049532,0.0101823927835,-0.000650003203191,-0.000916672870517,-0.000790300546214,0.000350993999746,-0.000117369432701,-0.000837669649627],[-0.0000801466303528,-0.0000426303995482,-0.000955527357291,0.000848940981086,-0.000400002812967,-0.000806390831713,-0.000650003203191,0.0124525297433,-0.00233481847681,-0.000467965961434,-0.000721942516975,0.00160856626462,-0.000532254925929],[0.000183185868082,-0.000239146844251,0.00023305346258,-0.00217058509588,0.00085274578305,-0.000857413862832,-0.000916672870517,-0.00233481847681,0.0125119546428,-0.00316749326885,0.0016158685321,-0.00280631799251,0.00236277934164],[-0.000217558495933,0.000393830734538,-0.00032488204306,0.00162022153381,-0.000451432191767,-0.00000615337467025,-0.000790300546214,-0.000467965961434,-0.00316749326885,0.0114196492359,-0.0029941466637,0.00337158958428,-0.00121791369747],[0.0000792086866568,0.00000616985062152,0.00148953788448,-0.000650095927995,-0.000453641085187,-0.00071157340426,0.000350993999746,-0.000721942516975,0.0016158685321,-0.0029941466637,0.0161046553403,-0.00622120359913,0.00214933720417],[0.0000254102833424,-0.000155338580953,-0.000687405699864,0.00105541048106,-0.000115082097182,-0.000525874318555,-0.000117369432701,0.00160856626462,-0.00280631799251,0.00337158958428,-0.00622120359913,0.0169986821711,-0.00446387333795],[-0.0000178642912942,0.000233447965002,0.0000732547268854,-0.000721251475625,-0.000557104882319,0.00137632177211,-0.000837669649627,-0.000532254925929,0.00236277934164,-0.00121791369747,0.00214933720417,-0.00446387333795,0.0146725829691]],"mean":[-678.186035156,161.34211731,-3.75960469246,40.2630119324,13.5450296402,-0.187966227531,-7.55421829224,-1.59480047226,-1.26229083538,-4.31402683258,-3.24505162239,-4.87965679169,-4.51778078079]},"pitch_salience":{"dmean":0.0632579773664,"dmean2":0.101021327078,"dvar":0.00344898272306,"dvar2":0.00915771722794,"max":0.882887005806,"mean":0.541988730431,"median":0.555441737175,"min":0.094846598804,"var":0.0145461782813},"silence_rate_20dB":{"dmean":0,"dmean2":0,"dvar":0,"dvar2":0,"max":1,"mean":1,"median":1,"min":1,"var":0},"silence_rate_30dB":{"dmean":0.000529590877704,"dmean2":0.00105932203587,"dvar":0.000529278011527,"dvar2":0.00105814589188,"max":1,"mean":0.998940944672,"median":1,"min":0,"var":0.00105783285107},"silence_rate_60dB":{"dmean":0.000794386316556,"dmean2":0.0015889829956,"dvar":0.00079380790703,"dvar2":0.00185121200047,"max":1,"mean":0.0292560234666,"median":0,"min":0,"var":0.0284004341811},"spectral_centroid":{"dmean":193.567825317,"dmean2":296.813812256,"dvar":106258.632813,"dvar2":211374.453125,"max":11829.3554688,"mean":920.008850098,"median":646.803344727,"min":169.982177734,"var":1759802},"spectral_complexity":{"dmean":3.07957100868,"dmean2":4.63824129105,"dvar":13.0480995178,"dvar2":26.2768363953,"max":50,"mean":15.9316921234,"median":15,"min":0,"var":52.7250366211},"spectral_contrast_coeffs":{"dmean":[0.0436477400362,0.0422489643097,0.0323281139135,0.0283684022725,0.0244117546827,0.0207217168063],"dmean2":[0.0723560899496,0.0682806074619,0.0525124520063,0.0467512942851,0.0385982133448,0.0314199775457],"dvar":[0.00130519235972,0.00128514878452,0.000732293294277,0.000552911136765,0.000440687377704,0.000400803197408],"dvar2":[0.00360985705629,0.00329065625556,0.00182159687392,0.00137718371116,0.00106263661291,0.000881798390765],"max":[-0.277223706245,-0.4050103724,-0.511673152447,-0.510150849819,-0.502500474453,-0.563058614731],"mean":[-0.565831720829,-0.717798769474,-0.780334532261,-0.773078799248,-0.760265290737,-0.769218504429],"median":[-0.564820051193,-0.720304965973,-0.784418225288,-0.773746013641,-0.758926033974,-0.770043253899],"min":[-0.984227836132,-0.984325766563,-0.978223741055,-0.972766518593,-0.967766702175,-0.965169370174],"var":[0.0080496435985,0.00541181163862,0.00319653959014,0.00239926297218,0.00232504773885,0.00209168577567]},"spectral_contrast_valleys":{"dmean":[0.371618539095,0.310224682093,0.311942785978,0.271397024393,0.308578133583,0.475044608116],"dmean2":[0.620468616486,0.503231465816,0.495972722769,0.409742683172,0.42246440053,0.575505197048],"dvar":[0.137749761343,0.104906342924,0.113914869726,0.0883250162005,0.12751339376,0.328471153975],"dvar2":[0.321956932545,0.228271529078,0.23567917943,0.158757925034,0.215554729104,0.571859776974],"max":[-5.69475889206,-4.71976327896,-5.24736499786,-5.64870214462,-5.37024784088,-7.07025241852],"mean":[-7.34833335876,-6.8364739418,-7.80153560638,-8.19516468048,-8.37218475342,-11.2332391739],"median":[-6.92412996292,-6.44745016098,-7.49036026001,-7.87639856339,-8.09215354919,-11.0140447617],"min":[-28.3158779144,-28.2937984467,-27.838842392,-27.671049118,-27.4800243378,-27.4976558685],"var":[6.43983364105,6.78201150894,6.16715335846,5.98574495316,5.93608427048,5.12190723419]},"spectral_decrease":{"dmean":1.84719572971e-9,"dmean2":2.80629919303e-9,"dvar":4.45599342209e-18,"dvar2":1.10201956016e-17,"max":1.92223914039e-28,"mean":-8.48486259031e-9,"median":-8.10343614432e-9,"min":-3.28445040054e-8,"var":1.92350031927e-17},"spectral_energy":{"dmean":0.00730972597376,"dmean2":0.0110478382558,"dvar":0.0000694551927154,"dvar2":0.00016974027676,"max":0.12955750525,"mean":0.0334668345749,"median":0.031863771379,"min":9.90255796806e-21,"var":0.000303376466036},"spectral_energyband_high":{"dmean":0.000409193278756,"dmean2":0.000616146950051,"dvar":0.00000593262166149,"dvar2":0.0000129184290927,"max":0.0753198415041,"mean":0.000509756675456,"median":0.0000744539865991,"min":7.11751273922e-21,"var":0.00000814490886114},"spectral_energyband_low":{"dmean":0.00526696676388,"dmean2":0.00828069727868,"dvar":0.000050478047342,"dvar2":0.000138831615914,"max":0.109939642251,"mean":0.0146390721202,"median":0.011159141548,"min":1.19955120104e-23,"var":0.000168580256286},"spectral_energyband_middle_high":{"dmean":0.0012964210473,"dmean2":0.00184096745215,"dvar":0.00000861013359099,"dvar2":0.000014298604583,"max":0.0673423707485,"mean":0.00323939067312,"median":0.00154127215501,"min":1.11999336074e-21,"var":0.0000378138538508},"spectral_energyband_middle_low":{"dmean":0.00431736605242,"dmean2":0.00658098608255,"dvar":0.0000259095577348,"dvar2":0.000058438115957,"max":0.0818161442876,"mean":0.0179872475564,"median":0.0164751261473,"min":1.67042937511e-22,"var":0.000120054035506},"spectral_entropy":{"dmean":0.20012845099,"dmean2":0.271179169416,"dvar":0.0440330393612,"dvar2":0.0835070461035,"max":9.82554149628,"mean":7.10395717621,"median":7.05653953552,"min":5.06896686554,"var":0.315890789032},"spectral_flux":{"dmean":0.0201294310391,"dmean2":0.031608376652,"dvar":0.000470612227218,"dvar2":0.00111017550807,"max":0.280523449183,"mean":0.0689740329981,"median":0.0600757971406,"min":6.3204531886e-11,"var":0.00158150913194},"spectral_kurtosis":{"dmean":2.88093209267,"dmean2":4.73353338242,"dvar":9.22369670868,"dvar2":25.0800189972,"max":34.8358879089,"mean":7.46301078796,"median":6.28295898438,"min":-1.26490044594,"var":22.230966568},"spectral_rms":{"dmean":0.000615884491708,"dmean2":0.000920459453482,"dvar":4.22915178433e-7,"dvar2":9.87162025012e-7,"max":0.0112426672131,"mean":0.00546572124586,"median":0.00557553581893,"min":3.10822006154e-12,"var":0.00000277649382951},"spectral_rolloff":{"dmean":244.181503296,"dmean2":409.695922852,"dvar":536250.375,"dvar2":1099475.375,"max":19702.8808594,"mean":928.238830566,"median":409.130859375,"min":86.1328125,"var":5547199.5},"spectral_skewness":{"dmean":0.309198975563,"dmean2":0.492223709822,"dvar":0.0841596648097,"dvar2":0.212920680642,"max":4.48370313644,"mean":1.90301537514,"median":1.86609315872,"min":-0.089181765914,"var":0.344189196825},"spectral_spread":{"dmean":618764.875,"dmean2":862455.0625,"dvar":913064198144,"dvar2":1808303390720,"max":42781772,"mean":4120599.5,"median":3273564.5,"min":1667976.75,"var":21633370685400},"spectral_strongpeak":{"dmean":0.333778917789,"dmean2":0.553344845772,"dvar":0.460596293211,"dvar2":1.05718171597,"max":16.2496681213,"mean":0.797438919544,"median":0.560277819633,"min":0,"var":1.06974446774},"zerocrossingrate":{"dmean":0.0073867328465,"dmean2":0.00904969032854,"dvar":0.00015580629406,"dvar2":0.000208347468288,"max":0.529296875,"mean":0.0399859957397,"median":0.0283203125,"min":0.00390625,"var":0.00371603132226}},"metadata":{"audio_properties":{"analysis_sample_rate":44100,"bit_rate":256006,"codec":"aac","downmix":"mix","equal_loudness":0,"length":175.380310059,"lossless":false,"md5_encoded":"f0204262c4cb709fdabd6e852159df6f","replay_gain":-8.1975440979,"sample_rate":44100},"tags":{"album":["Animalization"],"artist":["The Animals"],"asin":["B000IZKTPS"],"date":["1965"],"discnumber":["1/1"],"encodedby":["Lavf56.25.101"],"file_name":"D:\\My Music\\iTunes\\iTunes Media\\Music\\A\\Animals\\(1965) Animalization\\Animals~1965~Animalization~03~You're on My Mind.m4a","genre":["Blues Rock"],"grouping":["Ballad"],"isrc":["B000IZKTPS"],"label":["ABKCO"],"language":["English"],"media":["Digital Media"],"musicbrainz_albumartistid":["4d8afa16-4018-4ca8-8b5e-ede8f9314562"],"musicbrainz_albumid":["029dd166-1bfb-44ff-b62e-12154a4bc95e"],"musicbrainz_artistid":["4d8afa16-4018-4ca8-8b5e-ede8f9314562"],"musicbrainz_recordingid":["389ca052-03f8-442b-8b3b-eee39c823bef"],"musicbrainz_releasegroupid":["76013fef-e9a1-350c-bd6c-dbbe1acb0086"],"script":["Latin"],"title":["You're on My Mind"],"tracknumber":["3/15"]},"version":{"essentia":"2.1-beta2","essentia_build_sha":"2d9f1f26377add8aeb1075a9c2973f962c4f09fd","essentia_git_sha":"v2.1_beta2-1-ge3940c0","extractor":"music 1.0"}},"rhythm":{"beats_count":312,"beats_loudness":{"dmean":0.0153472619131,"dmean2":0.0255455877632,"dvar":0.000166385929333,"dvar2":0.000457230693428,"max":0.125608965755,"mean":0.0387188568711,"median":0.0367323085666,"min":0,"var":0.00028788644704},"beats_loudness_band_ratio":{"dmean":[0.220576509833,0.158669888973,0.132051631808,0.0543490350246,0.0419983863831,0.0380387678742],"dmean2":[0.382524758577,0.270789444447,0.231294617057,0.0976564586163,0.0723172947764,0.0700442492962],"dvar":[0.029136011377,0.0168759301305,0.0182836409658,0.00868580676615,0.00522902468