{"lowlevel":{"average_loudness":0.290675729513,"barkbands":{"dmean":[0.0185758899897,0.044438354671,0.00659195613116,0.00156171026174,0.0014796690084,0.000551800301764,0.000802813447081,0.000362568069249,0.000220665111556,0.000188726742635,0.000161780786584,0.000152764754603,0.000180299306521,0.000127083520056,0.0000785303418525,0.0000526740732312,0.0000351942981069,0.0000250306475209,0.0000193915766431,0.0000153905475599,0.0000132653703986,0.0000108188278318,0.00000901973908185,0.00000810099845694,0.00000791670572653,0.00000867272046889,0.0000312121046591],"dmean2":[0.0321070924401,0.0714265406132,0.0102476142347,0.00267570815049,0.0025322358124,0.00095043471083,0.00124082702678,0.000597838312387,0.0003727991716,0.000320111750625,0.000274670048384,0.000261138891801,0.000301044987282,0.000214381463593,0.000135775524541,0.0000900049490156,0.0000606534485996,0.0000426601436629,0.0000328135465679,0.0000258890122495,0.0000223573460971,0.0000181768864422,0.0000151512167577,0.0000136267035487,0.0000132697750814,0.000014324017684,0.0000484871125082],"dvar":[0.000605463224929,0.00400339905173,0.000103935548395,0.00000538240192327,0.00000509144956595,9.21945627397e-7,0.00000704820013198,7.79278593654e-7,1.87516675965e-7,2.04019883654e-7,1.65222544979e-7,1.1346626394e-7,1.64378732848e-7,1.10117213126e-7,4.24384118958e-8,1.59044102332e-8,8.5722184906e-9,3.55611384784e-9,2.06248773615e-9,9.4536656281e-10,5.40921918368e-10,3.18992332549e-10,2.23218415973e-10,1.91495971857e-10,1.78510650706e-10,1.86491502796e-10,2.67542854537e-9],"dvar2":[0.00168050313368,0.0109783308581,0.000255982595263,0.0000147364244185,0.0000146075581142,0.00000268684448201,0.0000145531475937,0.00000193266419046,5.22608900155e-7,5.58345675472e-7,4.63204827383e-7,3.30973875862e-7,4.65569456765e-7,3.12916142775e-7,1.26320884419e-7,4.6203609827e-8,2.62294044262e-8,1.00195149955e-8,6.18525008989e-9,2.59582821904e-9,1.43355793902e-9,8.34384228376e-10,5.87812132302e-10,5.02199115626e-10,4.67329619447e-10,4.85073425871e-10,6.14469053417e-9],"max":[0.336995542049,1.10267007351,0.181627213955,0.0421013124287,0.0377640090883,0.0172151550651,0.135886266828,0.0357033535838,0.0107422536239,0.00947688240558,0.00965479761362,0.00727522838861,0.00940756220371,0.00804449338466,0.00780335068703,0.00375980697572,0.00311514688656,0.00256964750588,0.00179063191172,0.00145815138239,0.00100062077399,0.000478625966934,0.000219413777813,0.000196254797629,0.000188418140169,0.000180412360351,0.00169905263465],"mean":[0.0232436060905,0.0868661999702,0.00970105733722,0.0019487264799,0.00223142188042,0.000804823008366,0.00213217060082,0.000769348291215,0.000364027830074,0.000327415211359,0.000262976769591,0.000279758969555,0.000324571708916,0.000264680915279,0.000157647780725,0.000104764163552,0.0000655849580653,0.0000456691886939,0.0000323425301758,0.0000238865886786,0.0000202203373192,0.0000155833295139,0.0000124102480186,0.000008071805496,0.00000784750227467,0.0000114261165436,0.0000862167580635],"median":[0.01341939345,0.05670773983,0.0043938877061,0.00100059388205,0.00124649354257,0.000338168087183,0.00021061397274,0.000138645118568,0.00011980128329,0.0000845244212542,0.0000746783916838,0.0000971207919065,0.000100757912151,0.000058273653849,0.0000436425943917,0.0000315442666761,0.0000219040248339,0.0000159945830092,0.0000123400423035,0.00000971524787019,0.0000089004952315,0.00000736333186069,0.00000595656911173,0.00000293313087241,0.00000277686876871,0.00000636194090475,0.0000543838978047],"min":[1.53955388488e-25,3.01333190653e-24,3.86963193889e-25,1.01869020515e-24,7.16581288122e-24,8.78428251286e-24,8.82865199447e-24,6.73663705004e-24,1.44186181876e-23,9.11623281519e-24,1.19551175989e-23,1.27484426679e-23,2.54242486015e-23,2.82245217993e-23,4.49747935194e-23,6.22802150575e-23,6.22369286819e-23,6.59079086816e-23,1.46644963499e-22,1.66660522988e-22,2.48489948211e-22,3.04451160225e-22,3.84954655417e-22,5.26114990897e-22,8.01022641268e-22,1.22392711029e-21,1.89114005986e-21],"var":[0.000818122527562,0.00966102350503,0.000189357248018,0.00000805600575404,0.00000835926675791,0.00000152651580265,0.000047383360652,0.00000435612355432,4.51976234217e-7,5.52723520286e-7,3.55128065621e-7,3.08412779759e-7,4.12719288079e-7,3.71389489828e-7,1.37830639346e-7,6.11463661926e-8,2.88921206959e-8,1.66745124375e-8,8.53445492055e-9,3.61906726809e-9,1.98855309996e-9,6.8632477479e-10,3.69869995742e-10,1.99127561662e-10,1.88369528309e-10,2.36392266872e-10,1.15954552626e-8]},"barkbands_crest":{"dmean":3.33585309982,"dmean2":5.55992507935,"dvar":7.14956712723,"dvar2":19.6634693146,"max":26.0202941895,"mean":17.0156402588,"median":17.3512611389,"min":3.35019850731,"var":19.2102870941},"barkbands_flatness_db":{"dmean":0.0485129728913,"dmean2":0.0791466385126,"dvar":0.00173508841544,"dvar2":0.0047144703567,"max":0.572854399681,"mean":0.26307696104,"median":0.261292517185,"min":0.0331021882594,"var":0.00563486665487},"barkbands_kurtosis":{"dmean":43.0428848267,"dmean2":70.4392089844,"dvar":3444.81884766,"dvar2":9213.91113281,"max":946.650756836,"mean":83.9959564209,"median":61.4063491821,"min":-1.82831466198,"var":7095.24902344},"barkbands_skewness":{"dmean":1.73731148243,"dmean2":2.80360651016,"dvar":2.95266056061,"dvar2":7.99709129333,"max":24.2480716705,"mean":6.52921581268,"median":6.43190097809,"min":-2.1000316143,"var":10.9071149826},"barkbands_spread":{"dmean":2.40412282944,"dmean2":3.91585707664,"dvar":12.9674358368,"dvar2":32.5408935547,"max":122.460594177,"mean":5.89769983292,"median":3.06206798553,"min":0.138163000345,"var":74.3474655151},"dissonance":{"dmean":0.017213486135,"dmean2":0.0288839675486,"dvar":0.000301682273857,"dvar2":0.000820852408651,"max":0.500000119209,"mean":0.471799254417,"median":0.477631866932,"min":0.0808547511697,"var":0.000556001090445},"dynamic_complexity":5.05354785919,"erbbands":{"dmean":[2.16413593292,7.43616676331,9.36751079559,4.95533752441,4.73894882202,5.32910013199,4.41235160828,5.11569452286,5.4205789566,18.7561378479,5.54809951782,5.58420658112,5.74893856049,4.95603227615,6.25103473663,6.20017719269,7.7000246048,6.37805509567,4.70549678802,3.41122674942,2.53113341331,1.86533665657,1.38797020912,1.10214805603,0.867579579353,0.725964188576,0.594296991825,0.490874558687,0.395984560251,0.32215103507,0.250697046518,0.180733725429,0.129461944103,0.0887669846416,0.056237924844,0.0320122763515,0.0162589363754,0.00723336683586,0.00265725934878,0.00472107576206],"dmean2":[3.42902588844,12.2124433517,14.4795360565,8.20947933197,8.00671958923,9.20141983032,7.79490613937,8.84638977051,9.01641750336,28.6043338776,9.3439540863,9.447057724,9.78211688995,8.39793205261,10.6401185989,10.5392370224,12.8410873413,10.7844390869,8.08857250214,5.87883996964,4.29835033417,3.19275856018,2.35956668854,1.86213433743,1.46992313862,1.222012043,0.998319447041,0.826344490051,0.665717124939,0.542329967022,0.420804977417,0.304133445024,0.217737942934,0.148987293243,0.0941082760692,0.0533573590219,0.0268426965922,0.011647388339,0.00417122710496,0.00760726490989],"dvar":[8.52764320374,135.530426025,202.785186768,57.4739837646,50.915222168,74.2532577515,49.9941940308,89.001411438,124.124473572,4403.47753906,124.748298645,139.549804688,179.463607788,104.781227112,235.23739624,169.937850952,280.996856689,295.709991455,139.996002197,76.6375350952,37.1286201477,22.089553833,10.5230703354,7.44885921478,3.4176223278,2.24179673195,1.13615453243,0.703935921192,0.431639522314,0.284750282764,0.171543136239,0.0943286046386,0.0490886233747,0.0227120891213,0.00890403427184,0.00278123421595,0.000649759720545,0.000109211890958,0.0000144687892316,0.0000729103412596],"dvar2":[21.684419632,394.694671631,506.231292725,151.974685669,136.901550293,220.533706665,151.403762817,261.519256592,317.794342041,8877.32519531,326.981750488,389.360870361,490.503204346,294.770080566,668.600097656,498.045227051,774.998168945,838.000915527,414.957550049,222.311462402,108.564590454,66.8930053711,30.2618255615,21.4258232117,9.8966999054,6.12732362747,3.02048897743,1.86116957664,1.13262462616,0.755956292152,0.451511323452,0.247961774468,0.128705412149,0.0594979375601,0.023292677477,0.00725173205137,0.00168682227377,0.000277152576018,0.0000338424833899,0.000171591338585],"max":[52.5224571228,164.817260742,217.326263428,144.252532959,120.414421082,157.454101562,86.7793121338,152.221633911,348.75869751,3575.8671875,320.241210938,313.865570068,242.535430908,212.862426758,355.189697266,346.256195068,354.459136963,467.540740967,379.995483398,331.387908936,189.877487183,179.027832031,111.277023315,125.34815979,75.2080459595,82.6586303711,46.6128387451,28.14128685,17.3159923553,10.6057748795,6.06985902786,4.41448068619,3.13424921036,2.12902379036,1.32782375813,0.735095977783,0.334962189198,0.164301738143,0.0855530649424,0.134799793363],"mean":[3.99930524826,13.3442554474,14.9012947083,7.46938467026,6.79913234711,7.49582719803,6.01545906067,7.46790790558,10.8584632874,51.9737815857,11.9608078003,9.29272174835,9.74397659302,9.3549118042,11.5357971191,11.9211711884,14.6152820587,13.7722330093,10.2889118195,7.24589967728,5.35392045975,3.70671033859,2.65157365799,1.94947254658,1.45174670219,1.13203632832,0.916612565517,0.728788197041,0.568673670292,0.448718369007,0.339637547731,0.196586862206,0.126045376062,0.087230168283,0.0563176758587,0.0330848619342,0.0216665789485,0.0143763301894,0.00722314696759,0.00973461195827],"median":[2.47050642967,8.2631072998,7.43351888657,4.12486886978,3.92073011398,3.94010472298,3.03594112396,2.81367731094,2.73511600494,3.31263160706,2.90787124634,2.74781322479,2.71887159348,2.81753063202,3.29985308647,4.4675488472,4.75030136108,3.41172742844,2.65287709236,2.09765291214,1.63069343567,1.26371574402,0.923908054829,0.720799565315,0.573705196381,0.463446170092,0.386102199554,0.329185456038,0.268154919147,0.214005038142,0.163098186255,0.0784067586064,0.0425194948912,0.0301140062511,0.0204530134797,0.0126335583627,0.0120650278404,0.010163500905,0.00516156991944,0.0051689920947],"min":[4.05697500484e-23,5.71736293794e-22,1.75780242253e-21,3.36711683742e-21,1.39365667581e-20,2.49878823031e-20,3.65856911989e-20,4.2801300805e-20,1.29120437927e-19,1.14175403909e-19,2.07249714734e-19,4.07833025816e-19,5.82284641521e-19,3.77738799264e-19,8.87374338933e-19,8.11925644299e-19,1.32208546138e-18,1.82409062179e-18,2.27682993889e-18,3.12157717932e-18,3.62258248517e-18,4.17878700085e-18,4.56180471169e-18,4.84122508184e-18,6.63605480985e-18,8.07842701475e-18,8.12542410843e-18,9.96791515615e-18,1.01731080604e-17,9.08108489527e-18,1.08757020379e-17,1.01099197335e-17,1.05693193021e-17,8.39781964723e-18,6.12753767006e-18,3.90653332353e-18,2.11216081961e-18,9.26167041711e-19,2.61025295043e-19,2.57772775638e-20],"var":[22.3154888153,248.816543579,389.026763916,110.715255737,77.3583374023,109.537506104,70.3597793579,149.470916748,535.31237793,32717.7851562,666.772827148,338.785705566,457.915588379,342.079498291,622.759765625,497.576904297,777.973876953,1047.95739746,516.160949707,283.353027344,166.235839844,90.2667694092,53.9077835083,32.1480560303,15.7033958435,8.06684303284,4.83135032654,2.1025557518,0.94004625082,0.519282341003,0.273909926414,0.103262938559,0.0508286245167,0.0237712599337,0.00948030594736,0.00304897711612,0.000839428859763,0.000267724768491,0.0000642697850708,0.000187163313967]},"erbbands_crest":{"dmean":2.7413380146,"dmean2":4.49334812164,"dvar":7.04599714279,"dvar2":17.3707618713,"max":31.3437786102,"mean":8.7780456543,"median":7.04852867126,"min":1.83749592304,"var":28.1816215515},"erbbands_flatness_db":{"dmean":0.0269167087972,"dmean2":0.0438447110355,"dvar":0.000621171435341,"dvar2":0.00164979917463,"max":0.365107864141,"mean":0.122613012791,"median":0.113375380635,"min":0.0239071603864,"var":0.00202709925361},"erbbands_kurtosis":{"dmean":1.26283478737,"dmean2":2.1040122509,"dvar":7.75259971619,"dvar2":19.7691001892,"max":74.2183609009,"mean":0.905179798603,"median":-0.00517575256526,"min":-1.6940984726,"var":13.3488540649},"erbbands_skewness":{"dmean":0.388351112604,"dmean2":0.63098436594,"dvar":0.159011259675,"dvar2":0.40674418211,"max":4.80231428146,"mean":0.409713625908,"median":0.51942884922,"min":-7.08562040329,"var":0.856063425541},"erbbands_spread":{"dmean":7.59618616104,"dmean2":12.4525308609,"dvar":48.7612533569,"dvar2":129.916793823,"max":152.237503052,"mean":40.8495025635,"median":42.1255264282,"min":1.33956873417,"var":241.682937622},"gfcc":{"cov":[[25434.9453125,1434.01513672,-787.346862793,289.226135254,-723.356811523,-189.444030762,-412.364227295,162.194015503,244.937393188,125.952354431,-228.601791382,38.0496864319,-97.0296936035],[1434.01513672,781.01763916,-142.602737427,-147.563217163,142.312957764,10.3320808411,-0.797905266285,-5.24518918991,78.5579681396,12.213394165,37.650844574,-40.1335754395,20.9099979401],[-787.346862793,-142.602737427,493.733917236,155.831878662,-56.0878067017,37.8416023254,-20.1361808777,68.3226318359,-15.5626926422,15.2660093307,-0.112534418702,8.33755207062,60.648727417],[289.226135254,-147.563217163,155.831878662,232.514511108,-64.3140106201,26.2542667389,-11.5882949829,37.8785438538,-22.4336509705,7.38300943375,-23.2459983826,36.679561615,14.225812912],[-723.356811523,142.312957764,-56.0878067017,-64.3140106201,205.385665894,26.2875175476,77.3140487671,-65.9297180176,17.2570705414,-27.6515636444,33.1442260742,-11.4011325836,4.46627426147],[-189.444030762,10.3320808411,37.8416023254,26.2542667389,26.2875175476,127.718193054,-37.6052589417,55.5398101807,-33.2392311096,25.6735095978,9.4181728363,-3.78225278854,28.6451358795],[-412.364227295,-0.797905266285,-20.1361808777,-11.5882949829,77.3140487671,-37.6052589417,144.243621826,-73.3149261475,26.9119033813,-30.7009944916,18.7043399811,4.6645359993,-31.4248771667],[162.194015503,-5.24518918991,68.3226318359,37.8785438538,-65.9297180176,55.5398101807,-73.3149261475,147.507293701,21.5952854156,50.7978172302,-9.38795757294,-0.309269368649,45.60105896],[244.937393188,78.5579681396,-15.5626926422,-22.4336509705,17.2570705414,-33.2392311096,26.9119033813,21.5952854156,90.6499938965,21.4622154236,3.97922682762,4.07039546967,2.71854734421],[125.952354431,12.213394165,15.2660093307,7.38300943375,-27.6515636444,25.6735095978,-30.7009944916,50.7978172302,21.4622154236,51.2850456238,15.547665596,5.81816387177,12.8596324921],[-228.601791382,37.650844574,-0.112534418702,-23.2459983826,33.1442260742,9.4181728363,18.7043399811,-9.38795757294,3.97922682762,15.547665596,43.8873443604,8.28727149963,9.56601142883],[38.0496864319,-40.1335754395,8.33755207062,36.679561615,-11.4011325836,-3.78225278854,4.6645359993,-0.309269368649,4.07039546967,5.81816387177,8.28727149963,41.2577133179,13.516960144],[-97.0296936035,20.9099979401,60.648727417,14.225812912,4.46627426147,28.6451358795,-31.4248771667,45.60105896,2.71854734421,12.8596324921,9.56601142883,13.516960144,61.8143310547]],"icov":[[0.0000736962538213,-0.000204119161936,0.000158071736223,-0.00024475416285,0.000426359387347,-0.000118009207654,0.000114372283861,0.000227458993322,-0.000291516218567,0.0000735849607736,0.000136397924507,0.0000146036663864,-0.0000265991129709],[-0.000204119161936,0.00250916113146,0.0000128315559778,0.000742422707845,-0.00191589351743,-0.0000389229971915,0.00084277940914,-0.000215230742469,-0.00142799259629,0.000703507626895,-0.00210443418473,0.00206931866705,-0.000819320499431],[0.000158071736223,0.0000128315559778,0.00371637428179,-0.00295820995234,0.00190648611169,-0.000423178629717,-0.00038597045932,0.000738072849344,-0.00129631487653,0.000881067186128,-0.00182340538595,0.00400375621393,-0.00412367051467],[-0.00024475416285,0.000742422707845,-0.00295820995234,0.0093908989802,-0.00119883089792,-0.000798396882601,-0.00222690682858,-0.00201343907975,0.00358820147812,-0.00264359288849,0.00646387273446,-0.00899572391063,0.0022746748291],[0.000426359387347,-0.00191589351743,0.00190648611169,-0.00119883089792,0.0159431602806,-0.00926440022886,-0.00251819519326,0.00751628354192,-0.00905361864716,0.00993014220148,-0.00653281388804,0.00499706016853,-0.00571047421545],[-0.000118009207654,-0.0000389229971915,-0.000423178629717,-0.000798396882601,-0.00926440022886,0.0195307470858,-0.000860935833771,-0.00839654076844,0.0142934154719,-0.0134595716372,0.00397847453132,0.0000324928332702,-0.000649204943329],[0.000114372283861,0.00084277940914,-0.00038597045932,-0.00222690682858,-0.00251819519326,-0.000860935833771,0.0170468930155,0.00211818399839,-0.00976354628801,0.0126851079985,-0.0112167065963,-0.00119182444178,0.00825702771544],[0.000227458993322,-0.000215230742469,0.000738072849344,-0.00201343907975,0.00751628354192,-0.00839654076844,0.00211818399839,0.0233219768852,-0.00946007203311,-0.00956140737981,0.00610094331205,0.00772713776678,-0.0128397056833],[-0.000291516218567,-0.00142799259629,-0.00129631487653,0.00358820147812,-0.00905361864716,0.0142934154719,-0.00976354628801,-0.00946007203311,0.0312383491546,-0.0241843871772,0.0146349174902,-0.00660651596263,-0.000645478779916],[0.0000735849607736,0.000703507626895,0.000881067186128,-0.00264359288849,0.00993014220148,-0.0134595716372,0.0126851079985,-0.00956140737981,-0.0241843871772,0.0671055838466,-0.0377088561654,-0.000543359958101,0.0117011889815],[0.000136397924507,-0.00210443418473,-0.00182340538595,0.00646387273446,-0.00653281388804,0.00397847453132,-0.0112167065963,0.00610094331205,0.0146349174902,-0.0377088561654,0.0551445558667,-0.0119069311768,-0.00907620601356],[0.0000146036663864,0.00206931866705,0.00400375621393,-0.00899572391063,0.00499706016853,0.0000324928332702,-0.00119182444178,0.00772713776678,-0.00660651596263,-0.000543359958101,-0.0119069311768,0.0435245037079,-0.0164887476712],[-0.0000265991129709,-0.000819320499431,-0.00412367051467,0.0022746748291,-0.00571047421545,-0.000649204943329,0.00825702771544,-0.0128397056833,-0.000645478779916,0.0117011889815,-0.00907620601356,-0.0164887476712,0.0369226895273]],"mean":[-58.3988838196,110.693206787,-51.7224693298,11.4297113419,-3.35380363464,11.4498596191,-0.624579131603,-4.8809800148,-0.229687154293,0.830731749535,-0.521925210953,-1.46564948559,-6.15779209137]},"hfc":{"dmean":217.390731812,"dmean2":355.335327148,"dvar":163278.34375,"dvar2":391913.46875,"max":6067.11523438,"mean":365.403411865,"median":140.079437256,"min":1.08389042466e-16,"var":363472.90625},"melbands":{"dmean":[0.0152871003374,0.00601033400744,0.000826397503261,0.000350112619344,0.0001723166788,0.000109939384856,0.0000997302340693,0.000178005066118,0.0000409527638112,0.0000341893501172,0.0000293622488243,0.0000209469435504,0.0000231311787502,0.0000178099762707,0.0000192762236111,0.0000160207418958,0.000012024804164,0.00000881558116816,0.00000593078766542,0.00000409776748711,0.00000298493773698,0.00000216523699237,0.00000157463148298,0.00000116183059617,9.25200538404e-7,7.22526010577e-7,5.75278306769e-7,4.80446146867e-7,3.98841933702e-7,3.26589201904e-7,2.79108263612e-7,2.34671261978e-7,2.00741979484e-7,1.74451656676e-7,1.49888379042e-7,1.27144133444e-7,1.04952434299e-7,9.19927600762e-8,8.14467213672e-8,7.25847755234e-8],"dmean2":[0.0244368687272,0.00961118470877,0.00135459506419,0.000589359202422,0.000305758818286,0.000189070982742,0.000162088806974,0.000272994715488,0.000069914625783,0.0000579921797907,0.0000499889247294,0.0000353831856046,0.0000392496367567,0.0000305155426759,0.0000322798878187,0.0000271770313702,0.0000203554245672,0.0000150643090819,0.0000101982113847,0.00000706577293386,0.00000511850566909,0.00000372805698134,0.00000268597182185,0.00000198284055841,0.00000156098212756,0.00000122422227378,9.70842847892e-7,8.08708819022e-7,6.72058945383e-7,5.51891503164e-7,4.69765808475e-7,3.94989370989e-7,3.38847712555e-7,2.93499539339e-7,2.51689584729e-7,2.13784815628e-7,1.76689127329e-7,1.54758836857e-7,1.36851809884e-7,1.21782477436e-7],"dvar":[0.000442757940618,0.0000840679786052,0.00000149799018345,2.84204531908e-7,7.8784495372e-8,3.99733899314e-8,6.2369295506e-8,3.72386978142e-7,6.15507511625e-9,5.197903441e-9,4.81435469268e-9,1.96325466995e-9,3.63929131275e-9,1.72001757281e-9,1.57478308171e-9,1.38469413713e-9,1.05938890993e-9,4.96457763788e-10,2.4779955865e-10,1.05282213503e-10,5.74474877391e-11,3.31074126447e-11,1.79196588124e-11,8.27198726183e-12,5.92898386637e-12,3.06760172819e-12,1.50493474019e-12,1.05618259364e-12,5.78196236549e-13,3.51077836507e-13,2.27741789186e-13,1.51836307199e-13,1.12053195769e-13,8.29379560906e-14,6.07423386221e-14,4.46822212476e-14,3.23042882321e-14,2.48428037988e-14,1.92836198398e-14,1.51399244975e-14],"dvar2":[0.00117877661251,0.000231828671531,0.00000390659488403,7.78244896082e-7,2.47238546081e-7,1.16933236427e-7,1.43192309565e-7,7.5819605172e-7,1.71714802377e-8,1.45865346468e-8,1.3131711718e-8,5.51892975764e-9,1.02350057318e-8,4.99944663446e-9,4.26728741232e-9,4.08005851327e-9,3.00098834671e-9,1.45364231763e-9,7.30932425697e-10,3.07014441647e-10,1.71179168063e-10,1.00626264266e-10,5.20643597679e-11,2.29665245155e-11,1.74948978915e-11,8.94694561493e-12,4.2964225927e-12,2.89950268656e-12,1.58119979783e-12,9.0993239419e-13,6.03679703882e-13,3.97597699122e-13,3.00199643789e-13,2.19930559766e-13,1.59964814832e-13,1.18185287403e-13,8.47482416817e-14,6.51400930266e-14,5.05404806818e-14,3.96535120007e-14],"max":[0.373953253031,0.139295980334,0.0213807504624,0.00989594962448,0.00387927726842,0.00346248107962,0.010699853301,0.0326793044806,0.00154869293328,0.00186812249012,0.00130953686312,0.000932895985898,0.00148187705781,0.000796312117018,0.000874975288752,0.000792058941443,0.000854414480273,0.000535585917532,0.000518062210176,0.000304816814605,0.000242743393756,0.000197239671252,0.000145449725096,0.000136633752845,0.000100518715044,0.0000764673823141,0.0000512245278514,0.0000541995359526,0.0000344062245858,0.00002603862049,0.0000143960378409,0.0000103825941551,0.00000775189255364,0.00000566199560126,0.00000381489508072,0.00000307825825985,0.00000255357008427,0.00000222760695578,0.00000196265773411,0.00000173765840827],"mean":[0.0294778160751,0.0110683757812,0.00132297421806,0.000533775251824,0.000239692861214,0.000162608295796,0.00022703227296,0.000488922931254,0.0000711264146958,0.0000548153075215,0.0000483564654132,0.0000381308564101,0.0000390896166209,0.0000320080034726,0.0000335212134814,0.0000304818313452,0.0000247907446465,0.0000174635842995,0.0000115232815006,0.00000808725781098,0.00000577373430133,0.0000039782080421,0.00000281393317891,0.00000207318294088,0.00000152899849581,0.00000115842658488,8.83142661223e-7,7.17912314485e-7,5.91336345224e-7,4.87046122544e-7,3.98477737917e-7,3.29777464003e-7,2.77993734699e-7,2.37020969962e-7,2.02123814574e-7,1.59958403856e-7,1.04366776554e-7,8.88339570793e-8,7.9330938263e-8,7.14247860856e-8],"median":[0.0191059429199,0.00657588848844,0.000767105724663,0.000301000778563,0.000121017212223,0.0000628707784927,0.0000422505690949,0.0000352140850737,0.0000219813337026,0.0000168321803358,0.0000133254770844,0.0000112033303594,0.0000106919214886,0.0000102541052911,0.0000116946703201,0.00000922298568184,0.00000555030510441,0.00000423366145696,0.00000315109537041,0.00000235042716668,0.0000017451467329,0.00000130966805045,9.652967492e-7,7.17832278951e-7,5.56227405468e-7,4.37865054437e-7,3.4967490592e-7,2.91437572741e-7,2.43195245275e-7,2.10258150446e-7,1.82228205858e-7,1.52277294774e-7,1.3226102169e-7,1.11761181643e-7,9.69208571178e-8,7.28709892428e-8,3.78248365962e-8,2.94054398609e-8,2.68254112257e-8,2.48003892978e-8],"min":[6.53430053874e-25,8.02060964052e-25,8.34189247265e-25,1.44138544538e-24,1.32738587407e-24,1.14050620474e-24,1.72798975491e-24,1.45154863625e-24,1.34563883352e-24,2.54025478268e-24,2.54376225548e-24,1.40829637889e-24,2.29725505551e-24,2.20895706553e-24,3.28644738483e-24,2.14292783004e-24,2.53696878258e-24,2.91613004351e-24,2.78830578344e-24,3.96299579639e-24,3.55479459339e-24,3.48009419883e-24,4.02539706058e-24,3.29026586604e-24,2.26276152079e-24,4.2543663049e-24,2.9983962058e-24,3.92170168902e-24,4.4449641715e-24,5.19911440803e-24,4.12070999616e-24,5.465840113e-24,4.34624256795e-24,4.87061300558e-24,5.31350791676e-24,5.95866913063e-24,4.73596509868e-24,6.30862912743e-24,6.11332609996e-24,5.60868704572e-24],"var":[0.00110260723159,0.000172115498572,0.00000301184104501,4.7266868819e-7,1.12709997779e-7,6.85385472821e-8,3.44710002764e-7,0.00000280275980913,1.72313434632e-8,1.15421210367e-8,1.17544471934e-8,5.964096772e-9,8.05324607001e-9,4.44047287829e-9,3.76079167808e-9,3.99659461081e-9,3.49102258212e-9,1.53378820755e-9,7.65356333865e-10,3.59531959759e-10,2.04229008705e-10,1.06659812926e-10,5.9839404265e-11,3.65138023983e-11,2.06192719149e-11,1.12038260613e-11,5.45374682914e-12,3.21284990799e-12,2.15499081253e-12,1.24774604711e-12,5.69341286356e-13,3.28345857448e-13,2.0957327128e-13,1.44548801639e-13,9.78935628306e-14,6.16952032539e-14,3.35075019218e-14,2.56668059202e-14,2.00555514578e-14,1.58756793383e-14]},"melbands_crest":{"dmean":4.16624116898,"dmean2":6.67653131485,"dvar":12.7636566162,"dvar2":32.6447257996,"max":39.4941215515,"mean":26.205991745,"median":27.0788631439,"min":1.54870855808,"var":43.4167480469},"melbands_flatness_db":{"dmean":0.0540137439966,"dmean2":0.0878280848265,"dvar":0.00218204851262,"dvar2":0.00580824306235,"max":0.716815114021,"mean":0.392211824656,"median":0.392640590668,"min":0.00270552514121,"var":0.00828982610255},"melbands_kurtosis":{"dmean":51.0444641113,"dmean2":81.6277160645,"dvar":11206.8886719,"dvar2":25483.6992188,"max":6007.20214844,"mean":112.813430786,"median":79.1509857178,"min":-1.94936084747,"var":37348.015625},"melbands_skewness":{"dmean":1.72458612919,"dmean2":2.76080179214,"dvar":2.88003516197,"dvar2":7.47274684906,"max":51.2049255371,"mean":7.2011141777,"median":6.9574804306,"min":-0.939745545387,"var":14.2923269272},"melbands_spread":{"dmean":1.97943925858,"dmean2":3.25483036041,"dvar":14.8375492096,"dvar2":39.7636451721,"max":159.629562378,"mean":5.4401974678,"median":1.9128319025,"min":0.0366416722536,"var":219.796127319},"mfcc":{"cov":[[11417.0898438,1382.9753418,-125.146316528,418.082733154,-159.523223877,-249.505691528,-506.749084473,-61.7328796387,122.796684265,183.957366943,3.46289515495,-74.4784393311,32.4912376404],[1382.9753418,1170.43640137,-141.631561279,-48.4958190918,122.82800293,56.3723182678,-17.8564548492,-5.63407564163,30.7124862671,36.098690033,41.8818283081,31.7904109955,30.1540927887],[-125.146316528,-141.631561279,484.101745605,112.183769226,49.179813385,-22.8114967346,48.9253349304,2.47096037865,43.839263916,12.7922897339,-6.79725265503,-13.2336111069,-1.14846348763],[418.082733154,-48.4958190918,112.183769226,208.787765503,-40.0812301636,37.0223503113,-24.3937644958,38.1017341614,-2.16048407555,12.1002378464,-13.4487781525,-17.7238235474,2.02758836746],[-159.523223877,122.82800293,49.179813385,-40.0812301636,148.747955322,19.0954475403,47.7270927429,-4.94693183899,36.2367134094,2.99474358559,4.19915008545,4.66434764862,1.98912787437],[-249.505691528,56.3723182678,-22.8114967346,37.0223503113,19.0954475403,117.185180664,47.7334747314,31.7310791016,-21.5369815826,-6.69846487045,2.81470680237,9.2877664566,1.52236783504],[-506.749084473,-17.8564548492,48.9253349304,-24.3937644958,47.7270927429,47.7334747314,101.72668457,15.9255151749,-5.97399806976,-18.6134033203,4.69225788116,13.0269212723,-3.72963023186],[-61.7328796387,-5.63407564163,2.47096037865,38.1017341614,-4.94693183899,31.7310791016,15.9255151749,45.4052734375,12.6327896118,7.13232183456,-1.26023232937,-0.740367650986,3.28775119781],[122.796684265,30.7124862671,43.839263916,-2.16048407555,36.2367134094,-21.5369815826,-5.97399806976,12.6327896118,58.2303771973,31.8660564423,4.90147638321,-3.91819882393,6.97342538834],[183.957366943,36.098690033,12.7922897339,12.1002378464,2.99474358559,-6.69846487045,-18.6134033203,7.13232183456,31.8660564423,42.6867485046,18.0280056,1.9484603405,7.34464740753],[3.46289515495,41.8818283081,-6.79725265503,-13.4487781525,4.19915008545,2.81470680237,4.69225788116,-1.26023232937,4.90147638321,18.0280056,34.0218429565,23.1166248322,8.28504562378],[-74.4784393311,31.7904109955,-13.2336111069,-17.7238235474,4.66434764862,9.2877664566,13.0269212723,-0.740367650986,-3.91819882393,1.9484603405,23.1166248322,34.2540893555,15.8097410202],[32.4912376404,30.1540927887,-1.14846348763,2.02758836746,1.98912787437,1.52236783504,-3.72963023186,3.28775119781,6.97342538834,7.34464740753,8.28504562378,15.8097410202,24.9462776184]],"icov":[[0.000160872266861,-0.00021779461531,0.0000823824448162,-0.000465287565021,0.000135534559377,0.00030764049734,0.000306572474074,0.00036153930705,-0.000255139661022,-0.000200672409846,0.000170117127709,-0.0000902554675122,0.000195053187781],[-0.00021779461531,0.00141726469155,0.000215335137909,0.000629185291473,-0.00131325074472,-0.00113862752914,0.00041780108586,-0.00019964868261,0.000204186333576,0.000253368547419,-0.00142644508742,0.000445713754743,-0.00114811933599],[0.0000823824448162,0.000215335137909,0.00390732288361,-0.00388785381801,-0.000262470333837,0.00179985980503,-0.00400436436757,0.00438552629203,-0.00401418888941,0.000415354879806,-0.000386146683013,0.000600120634772,-0.000389530468965],[-0.000465287565021,0.000629185291473,-0.00388785381801,0.0119251357391,0.000140293152072,-0.00431259721518,0.00544801913202,-0.0104909176007,0.0071957949549,-0.00306028337218,0.00155942258425,0.00295626977459,-0.00235556298867],[0.000135534559377,-0.00131325074472,-0.000262470333837,0.000140293152072,0.0150513667613,-0.00537596363574,-0.00514236139134,0.0107303978875,-0.0183024406433,0.00904064066708,-0.00211844337173,0.00171641469933,0.000402590580052],[0.00030764049734,-0.00113862752914,0.00179985980503,-0.00431259721518,-0.00537596363574,0.0211232304573,-0.00720010511577,-0.0118061583489,0.0176364406943,-0.0129771772772,0.00658526085317,-0.00419006543234,0.000387195963413],[0.000306572474074,0.00041780108586,-0.00400436436757,0.00544801913202,-0.00514236139134,-0.00720010511577,0.0253581088036,-0.0110783521086,0.00149038992822,0.0106198228896,-0.00577462976798,-0.00505333486944,0.00614631688222],[0.00036153930705,-0.00019964868261,0.00438552629203,-0.0104909176007,0.0107303978875,-0.0118061583489,-0.0110783521086,0.0521382801235,-0.0321299247444,0.00844946224242,-0.0000974493304966,0.00117709394544,-0.00205763289705],[-0.000255139661022,0.000204186333576,-0.00401418888941,0.0071957949549,-0.0183024406433,0.0176364406943,0.00149038992822,-0.0321299247444,0.0735768005252,-0.0526900105178,0.0217232815921,-0.00229705916718,-0.00665719341487],[-0.000200672409846,0.000253368547419,0.000415354879806,-0.00306028337218,0.00904064066708,-0.0129771772772,0.0106198228896,0.00844946224242,-0.0526900105178,0.0920792296529,-0.0636925026774,0.033431045711,-0.0116465147585],[0.000170117127709,-0.00142644508742,-0.000386146683013,0.00155942258425,-0.00211844337173,0.00658526085317,-0.00577462976798,-0.0000974493304966,0.0217232815921,-0.0636925026774,0.107686214149,-0.0748964175582,0.0246559176594],[-0.0000902554675122,0.000445713754743,0.000600120634772,0.00295626977459,0.00171641469933,-0.00419006543234,-0.00505333486944,0.00117709394544,-0.00229705916718,0.033431045711,-0.0748964175582,0.106005847454,-0.0529333688319],[0.000195053187781,-0.00114811933599,-0.000389530468965,-0.00235556298867,0.000402590580052,0.000387195963413,0.00614631688222,-0.00205763289705,-0.00665719341487,-0.0116465147585,0.0246559176594,-0.0529333688319,0.0731756612659]],"mean":[-722.800476074,167.027313232,19.4528751373,27.859254837,20.4519958496,28.6784133911,13.678571701,12.7340221405,6.28605318069,8.60794734955,8.88878440857,8.30767250061,5.96226406097]},"pitch_salience":{"dmean":0.0937084630132,"dmean2":0.150712475181,"dvar":0.00596754811704,"dvar2":0.0154840573668,"max":0.978159487247,"mean":0.336798876524,"median":0.325500696898,"min":0.0151892472059,"var":0.01957228221},"silence_rate_20dB":{"dmean":0.0503502972424,"dmean2":0.100708343089,"dvar":0.047815144062,"dvar2":0.111662574112,"max":1,"mean":0.918629705906,"median":1,"min":0,"var":0.0747491642833},"silence_rate_30dB":{"dmean":0.0942335799336,"dmean2":0.188481673598,"dvar":0.0853536128998,"dvar2":0.189759537578,"max":1,"mean":0.457505762577,"median":0,"min":0,"var":0.248194247484},"silence_rate_60dB":{"dmean":0.0129340207204,"dmean2":0.0258700344712,"dvar":0.012766731903,"dvar2":0.029974412173,"max":1,"mean":0.0851424187422,"median":0,"min":0,"var":0.0778931826353},"spectral_centroid":{"dmean":130.745391846,"dmean2":214.649246216,"dvar":27352.7773438,"dvar2":62750.5273438,"max":11899.5166016,"mean":638.690246582,"median":468.610168457,"min":88.3158340454,"var":1261739.625},"spectral_complexity":{"dmean":2.54846405983,"dmean2":4.26039409637,"dvar":5.88211107254,"dvar2":16.0560016632,"max":57,"mean":10.9321012497,"median":9,"min":0,"var":67.9068603516},"spectral_contrast_coeffs":{"dmean":[0.0501434579492,0.0431807078421,0.0301964264363,0.0281791482121,0.0269816741347,0.0250528715551],"dmean2":[0.0846263244748,0.0732890963554,0.0517801754177,0.0470482595265,0.0455168820918,0.0414588116109],"dvar":[0.00152476050425,0.00118719798047,0.000554778845981,0.000542987254448,0.000641717982944,0.000779496273026],"dvar2":[0.00430819531903,0.00348165025935,0.00162124854978,0.00145119021181,0.00177470466588,0.00207855924964],"max":[-0.484587877989,-0.42763826251,-0.677660048008,-0.62392771244,-0.686855971813,-0.495348125696],"mean":[-0.740310251713,-0.811598062515,-0.855698406696,-0.846661806107,-0.873472630978,-0.82228910923],"median":[-0.740777432919,-0.821716666222,-0.857769489288,-0.8495464921,-0.871601104736,-0.8346824646],"min":[-0.981242239475,-0.981127917767,-0.982999801636,-0.984911739826,-0.973515510559,-0.964463710785],"var":[0.00418704003096,0.00497398572043,0.00150975584984,0.00225524581037,0.00215675937943,0.00283590354957]},"spectral_contrast_valleys":{"dmean":[0.383378565311,0.460161596537,0.378438204527,0.353308558464,0.527882754803,0.732792079449],"dmean2":[0.647070348263,0.770964503288,0.636472225189,0.591946840286,0.873232722282,1.19236075878],"dvar":[0.101701527834,0.161214634776,0.12311321497,0.127578273416,0.282314330339,0.372618883848],"dvar2":[0.268879562616,0.436673820019,0.322322577238,0.328183203936,0.772853076458,1.03766918182],"max":[-4.22134685516,-4.49360179901,-5.16008520126,-5.33257579803,-5.81374740601,-8.40697097778],"mean":[-6.49734973907,-7.0982503891,-7.58849191666,-8.03487014771,-8.49815750122,-11.0325956345],"median":[-6.02709293365,-6.75186252594,-7.31085681915,-7.7185087204,-8.15312767029,-10.6389198303],"min":[-28.1569652557,-28.3143634796,-27.7305755615,-27.7469367981,-27.5928573608,-27.4321269989],"var":[5.98973655701,5.85693025589,5.42219018936,5.29855060577,5.14777851105,4.43518972397]},"spectral_decrease":{"dmean":1.50717234249e-8,"dmean2":2.41434978676e-8,"dvar":3.90509320208e-16,"dvar2":1.04077754614e-15,"max":4.7658613056e-8,"mean":-2.99278788418e-8,"median":-2.11594830546e-8,"min":-3.35707312615e-7,"var":1.11947728309e-15},"spectral_energy":{"dmean":0.0546471886337,"dmean2":0.0876402407885,"dvar":0.00501215085387,"dvar2":0.0135159287602,"max":1.31851816177,"mean":0.146097928286,"median":0.115043088794,"min":9.81864356453e-21,"var":0.0184621699154},"spectral_energyband_high":{"dmean":0.0000794063525973,"dmean2":0.000130119544338,"dvar":1.502427871e-8,"dvar2":3.85673146752e-8,"max":0.00258756615222,"mean":0.000147803351865,"median":0.0000917386641959,"min":6.8963000865e-21,"var":3.89852417015e-8},"spectral_energyband_low":{"dmean":0.0519566498697,"dmean2":0.083837762475,"dvar":0.00501109892502,"dvar2":0.0137035641819,"max":1.25811553001,"mean":0.111864417791,"median":0.0785738825798,"min":1.39120495796e-23,"var":0.013817537576},"spectral_energyband_middle_high":{"dmean":0.000563540961593,"dmean2":0.000937569420785,"dvar":9.38120422234e-7,"dvar2":0.00000256313819591,"max":0.0285306349397,"mean":0.0018325134879,"median":0.000649635330774,"min":1.15538219107e-21,"var":0.0000118807238323},"spectral_energyband_middle_low":{"dmean":0.00339292967692,"dmean2":0.00560949184,"dvar":0.0000284954548988,"dvar2":0.0000705904021743,"max":0.177360594273,"mean":0.0083480682224,"median":0.00381760718301,"min":1.60855680551e-22,"var":0.000178282673005},"spectral_entropy":{"dmean":0.298058360815,"dmean2":0.494843870401,"dvar":0.0796698480844,"dvar2":0.218427091837,"max":9.83421802521,"mean":7.35718917847,"median":7.38333320618,"min":5.45259857178,"var":0.233474209905},"spectral_flux":{"dmean":0.0513664335012,"dmean2":0.0858545154333,"dvar":0.0026761488989,"dvar2":0.00748852500692,"max":0.72187769413,"mean":0.167409315705,"median":0.159818336368,"min":6.36110400465e-11,"var":0.00953723024577},"spectral_kurtosis":{"dmean":5.41567373276,"dmean2":9.0135717392,"dvar":42.4567489624,"dvar2":116.99937439,"max":82.2248916626,"mean":14.0165653229,"median":11.8870792389,"min":-1.27008616924,"var":73.1373214722},"spectral_rms":{"dmean":0.00206862483174,"dmean2":0.00328924763016,"dvar":0.00000422182620241,"dvar2":0.0000114814556582,"max":0.0358658507466,"mean":0.010514815338,"median":0.0105942040682,"min":3.09502250218e-12,"var":0.0000319732207572},"spectral_rolloff":{"dmean":4406.02587891,"dmean2":8727.69628906,"dvar":72765552,"dvar2":181817744,"max":22050,"mean":6764.06640625,"median":150.732421875,"min":21.533203125,"var":97997176},"spectral_skewness":{"dmean":0.47628313303,"dmean2":0.789843916893,"dvar":0.256823062897,"dvar2":0.715496242046,"max":7.23656511307,"mean":2.7616519928,"median":2.65989851952,"min":-0.0916885510087,"var":0.582568705082},"spectral_spread":{"dmean":779241.875,"dmean2":1278519.375,"dvar":645040242688,"dvar2":1635090694140,"max":42582664,"mean":4951590,"median":4729612,"min":1111555.375,"var":15623443710000},"spectral_strongpeak":{"dmean":10.1898927689,"dmean2":18.793712616,"dvar":1755.79516602,"dvar2":4460.88574219,"max":531.714172363,"mean":9.70505237579,"median":0.378131479025,"min":0,"var":2026.17089844},"zerocrossingrate":{"dmean":0.0566725023091,"dmean2":0.0745769143105,"dvar":0.00325159681961,"dvar2":0.00521932635456,"max":0.87109375,"mean":0.196077883244,"median":0.15771484375,"min":0.0029296875,"var":0.0216292403638}},"metadata":{"audio_properties":{"analysis_sample_rate":44100,"bit_rate":320000,"codec":"mp3","downmix":"mix","equal_loudness":0,"length":301.584747314,"lossless":false,"md5_encoded":"6dcf014a72f89335eb8042b92f93a654","replay_gain":2.62428092957,"sample_rate":44100},"tags":{"acoustid_id":["2192f9fa-90b6-48c3-9655-bd3234003de1"],"album":["The Effects of 333"],"albumartist":["Black Rebel Motorcycle Club"],"artist":["Black Rebel Motorcycle Club"],"date":["2008"],"discnumber":["1/1"],"file_name":"05 - Black Rebel Motorcycle Club - A Sad State.mp3","musicbrainz_albumartistid":["32b90c92-9978-4a07-90eb-caa4b22f4907"],"musicbrainz_albumid":["12129186-c087-4a5c-aafe-ef016e5789b2"],"musicbrainz_artistid":["32b90c92-9978-4a07-90eb-caa4b22f4907"],"musicbrainz_recordingid":["38a521b6-b80b-4559-b32a-a8eb960447d4"],"musicbrainz_releasegroupid":["27484dee-c5c9-3f8a-b413-68c6dfd4f8e2"],"replaygain_album_gain":["+0.04 dB"],"replaygain_album_peak":["0.505173"],"replaygain_track_gain":["-0.29 dB"],"replaygain_track_peak":["0.504230"],"title":["A Sad State"],"tracknumber":["5/10"]},"version":{"essentia":"2.1-beta1","essentia_build_sha":"e76a03f03bb3900de42a1fa0d9be1e72f12def64","essentia_git_sha":"v2.1_beta1-28-g21ef5f4-dirty","extractor":"music 1.0"}},"rhythm":{"beats_count":582,"beats_loudness":{"dmean":0.101741164923,"dmean2":0.176526769996,"dvar":0.014441948384,"dvar2":0.0443906709552,"max":1.08003461361,"mean":0.171163067222,"median":0.139750927687,"min":0,"var":0.0228697806597},"beats_loudness_band_ratio":{"dmean":[0.121034264565,0.0167003087699,0.0122178709134,0.0134778823704,0.00262626959011,0.0734179466963],"dmean2":[0.208249762654,0.029013376683,0.0216293260455,0.0235437955707,0.00458652852103,0.129663348198],"dvar":[0.0177156683058,0.000343552499544,0.00078770541586,0.00120528321713,0.0000300120536849,0.0108202928677],"dvar2":[0.0508590564132,0.00092557707103,0.00229194643907,0.00330539233983,0.0000843492307467,0.0316909439862],"max":[0.999336600304,0.19391399622,0.363963365555