{"lowlevel":{"average_loudness":0.884796500206,"barkbands":{"dmean":[0.000505077710841,0.00154228042811,0.000781925569754,0.000620518170763,0.000833090045489,0.000574090809096,0.000571467739064,0.000299366569379,0.00034394080285,0.000345828739228,0.000205803225981,0.000246355630225,0.000176577785169,0.000222259142902,0.000401186669478,0.00037099813926,0.000302444648696,0.000371596921468,0.00035307649523,0.000190079357708,0.0000923122570384,0.0000758893584134,0.0000373910006601,0.0000212225586438,0.0000017621086954,0.0000289561940008,0.000162954063853],"dmean2":[0.000857439998072,0.00259788916446,0.00129460555036,0.00101140071638,0.00133508234285,0.000908546440769,0.000875433033798,0.000482289731735,0.000552634766791,0.000561444961932,0.000335749791702,0.000408459425671,0.000290709052933,0.000374766008463,0.000654755800497,0.000600508763455,0.000488353311084,0.000574273581151,0.000520868692547,0.000282253924524,0.000133901252411,0.00010820843454,0.0000532347949047,0.0000299093026115,0.00000284706334241,0.0000393019181502,0.00022699891997],"dvar":[0.000001984027449,0.0000120332224469,0.0000017061613562,0.00000132132697672,0.00000169734380506,0.00000135130005674,0.00000114278179808,3.4203623045e-7,4.60640848132e-7,6.60683724618e-7,2.46860139441e-7,2.6272687137e-7,1.59239817776e-7,2.39104167576e-7,6.42591089672e-7,7.49089338115e-7,5.48512787191e-7,8.455143643e-7,0.00000104732339423,2.84219481728e-7,5.30489998596e-8,6.80657024077e-8,1.08376854158e-8,3.4618288236e-9,2.56384583702e-11,4.15745127214e-9,9.39121136412e-8],"dvar2":[0.00000522330583408,0.000033663942304,0.00000463340848,0.00000329757290274,0.00000417819455834,0.00000331797559738,0.00000251738993029,8.4400534206e-7,0.00000111204769837,0.00000166686652392,6.15836711404e-7,6.75746775869e-7,3.9382720729e-7,6.2136825818e-7,0.00000159395972332,0.00000191047001863,0.00000137444953907,0.0000020575319013,0.00000231791341321,6.37619621102e-7,1.21720404422e-7,1.47958388652e-7,2.28785363987e-8,6.831717414e-9,5.72188234294e-11,7.44219352811e-9,1.90495896391e-7],"max":[0.0257521700114,0.0520030856133,0.0326332189143,0.0176957752556,0.0275928080082,0.0221498776227,0.0271365121007,0.0132073415443,0.0217588096857,0.0240836963058,0.0129064582288,0.0132697355002,0.00901997089386,0.00936981849372,0.0142263034359,0.0193545855582,0.0112352939323,0.0210902895778,0.0242562629282,0.0144740864635,0.00564297288656,0.00649302545935,0.00331223150715,0.00125622691121,0.000184758100659,0.00133216730319,0.00482293916866],"mean":[0.00053489865968,0.00209423713386,0.00114204827696,0.000895053555723,0.00139310548548,0.000867316091899,0.000937249860726,0.000441682117525,0.000558575266041,0.000566885748412,0.000289351533866,0.000379310949938,0.000245183939114,0.000300776038785,0.000611610943452,0.000536858045962,0.000411024637287,0.000561183143873,0.000541813555174,0.000276921055047,0.000136205009767,0.000102085461549,0.0000542408924957,0.0000220432793867,0.00000169034194641,0.0000374209048459,0.0004213701759],"median":[0.000150388135808,0.000953107955866,0.000533771351911,0.000425421982072,0.000861503300257,0.000400167744374,0.000405879953178,0.000201535905944,0.000236821273575,0.000146021629917,0.0000964861392276,0.000130456566694,0.0000924294217839,0.000105373386759,0.000208821322303,0.0001459481864,0.000111843874038,0.000129855092382,0.0000878277642187,0.0000743974524084,0.0000384013692383,0.0000251704877883,0.0000152870161401,0.00000173040189111,3.67164403769e-7,0.00000814357917989,0.000224621151574],"min":[9.05250468696e-24,8.97147368364e-24,2.5274180436e-23,3.01220446652e-23,4.40045545594e-23,7.37599776967e-23,3.94299943462e-23,5.7788674566e-23,2.58231976493e-23,6.40099787634e-23,6.13323576591e-23,5.36865473718e-23,6.5069311674e-23,1.53983603972e-22,1.74782975656e-22,1.1814951531e-22,1.54441282136e-22,2.63214333618e-22,3.20710631089e-22,3.99072312125e-22,5.61305104003e-22,6.39181705001e-22,5.29168400093e-22,7.99272506018e-22,1.02012553914e-21,1.72538970565e-21,2.4652060303e-21],"var":[0.00000176477840341,0.0000131135966512,0.0000032072389331,0.00000193892969946,0.00000286140948447,0.00000215618774746,0.00000262689854935,5.58880799417e-7,0.00000106687218704,0.00000168279984791,3.56855764494e-7,4.53357301922e-7,1.94672736598e-7,2.91091168947e-7,0.00000110789505925,0.00000112582517886,6.76003821809e-7,0.00000145363401316,0.00000221103732656,4.36494616451e-7,8.46994367976e-8,8.90998563818e-8,1.78946031326e-8,4.62300375759e-9,2.78510305096e-11,6.90877310916e-9,2.98191054071e-7]},"barkbands_crest":{"dmean":2.41825890541,"dmean2":3.88629961014,"dvar":4.78800773621,"dvar2":11.7008295059,"max":26.937046051,"mean":8.74387741089,"median":7.77285861969,"min":2.06631445885,"var":18.5628299713},"barkbands_flatness_db":{"dmean":0.0245686788112,"dmean2":0.0359530597925,"dvar":0.000628583482467,"dvar2":0.00130304996856,"max":0.673587441444,"mean":0.123074986041,"median":0.101378567517,"min":0.0190260075033,"var":0.00538970343769},"barkbands_kurtosis":{"dmean":13.490937233,"dmean2":19.371011734,"dvar":36100.4648438,"dvar2":62687.7304688,"max":11374.3964844,"mean":47.422164917,"median":1.84494018555,"min":-1.80929946899,"var":316632.8125},"barkbands_skewness":{"dmean":0.666455090046,"dmean2":0.98914706707,"dvar":3.38360238075,"dvar2":5.636282444,"max":102.540718079,"mean":1.96969747543,"median":1.29843378067,"min":-1.80715835094,"var":38.3849945068},"barkbands_spread":{"dmean":7.21039056778,"dmean2":10.5394268036,"dvar":65.7641143799,"dvar2":128.03616333,"max":108.281158447,"mean":29.6467266083,"median":29.3714752197,"min":0.0468351095915,"var":359.449493408},"dissonance":{"dmean":0.0198494698852,"dmean2":0.0328936874866,"dvar":0.000627578585409,"dvar2":0.00169354642276,"max":0.500000178814,"mean":0.463390648365,"median":0.478131651878,"min":0.176823213696,"var":0.00169426715001},"dynamic_complexity":3.1944103241,"erbbands":{"dmean":[0.0545114837587,0.326103061438,0.834081947803,1.58269822598,2.62465953827,2.64013314247,3.67136144638,4.92983579636,5.83993673325,10.4053955078,6.5995092392,7.61812353134,7.90530967712,11.5645599365,8.04099941254,9.6044960022,7.84827566147,9.83500576019,16.7121238708,21.7212047577,18.6570243835,16.96900177,19.7126693726,19.7827568054,14.8893604279,9.05113124847,4.86657238007,3.31746411324,2.85301423073,1.88431477547,0.930441260338,0.570729672909,0.253947407007,0.0369149446487,0.00947693921626,0.0483184754848,0.0682450532913,0.0437810383737,0.0191683638841,0.00316498777829],"dmean2":[0.0922391712666,0.550424814224,1.39413821697,2.52752757072,4.3368396759,4.23835277557,5.84561395645,7.77304410934,9.06112098694,15.8885631561,10.5641031265,12.2214746475,12.7718153,18.7931194305,13.2476196289,15.877289772,12.7908935547,16.4642219543,27.6641654968,35.2603111267,30.0797309875,27.0562324524,30.7331295013,29.4646663666,22.0604572296,13.2822942734,7.13729333878,4.7241268158,4.10700750351,2.72573137283,1.29507505894,0.79099971056,0.369998961687,0.0563589446247,0.0150192072615,0.0704929307103,0.092655107379,0.0593075752258,0.0260363481939,0.00456223962829],"dvar":[0.0189591273665,0.48365560174,2.09810757637,8.05834102631,16.5397815704,25.3501186371,64.2957000732,108.759254456,173.934204102,433.061920166,186.221679688,243.564422607,299.873382568,771.59564209,359.290649414,408.805023193,322.852142334,488.293243408,1130.36462402,2401.67749023,1855.82287598,1746.93811035,2365.67333984,2935.51708984,2003.83642578,707.517333984,176.38168335,64.235496521,97.8680496216,40.215385437,5.80361461639,2.11926627159,0.597194075584,0.0120935710147,0.000363619008567,0.0193342193961,0.0250151250511,0.0128932176158,0.00158059247769,0.0000339248726959],"dvar2":[0.0536961890757,1.35282516479,5.82888317108,19.8077011108,43.6450004578,61.0543708801,163.926696777,258.438903809,382.698059082,948.830200195,454.651672363,577.768798828,760.469909668,1947.3494873,907.517944336,1045.4967041,788.989501953,1265.36340332,2879.11376953,6011.55371094,4681.65283203,4307.53759766,5739.59326172,6744.08691406,4348.40820312,1603.67700195,419.222717285,137.713882446,214.867675781,90.223739624,11.7517471313,4.21700334549,1.20126783848,0.0239960029721,0.000777053122874,0.037612080574,0.0453298985958,0.0263367928565,0.00317624444142,0.000073131021054],"max":[2.28159189224,13.647644043,36.2215652466,44.4612350464,95.2247085571,140.624755859,184.703872681,216.069320679,464.257751465,481.997680664,387.551300049,494.870330811,378.978424072,922.015136719,462.712890625,615.326416016,425.015258789,526.743469238,549.03918457,953.089904785,1094.2277832,692.455078125,939.105407715,1449.84375,1592.30871582,686.072509766,328.518951416,212.71333313,256.40234375,183.961090088,73.6711196899,31.8170795441,21.8075885773,3.82073163986,0.56405210495,3.6207485199,3.4468228817,2.36421108246,0.697236001492,0.0863151848316],"mean":[0.0680977553129,0.438203692436,1.24687063694,2.45477437973,4.1182012558,4.10338068008,5.53346967697,7.33097505569,9.46367931366,16.686712265,10.6356611252,12.6273107529,12.9830884933,19.6285419464,12.6933860779,15.3673887253,11.8040571213,14.0173311234,24.9365882874,34.0874519348,27.7031135559,23.9696102142,29.6153450012,31.0040168762,22.6662349701,13.1689653397,7.20579004288,4.79364156723,3.80273580551,2.642121315,1.32627558708,0.645778119564,0.246552079916,0.0366249084473,0.0100109614432,0.0475962050259,0.0839821472764,0.0685871690512,0.0373933278024,0.0094289444387],"median":[0.0252302158624,0.189019054174,0.618636846542,1.22129797935,2.44978642464,2.28820419312,2.55383968353,3.3174033165,4.31377792358,6.44069576263,5.17971420288,5.37476730347,4.95095300674,5.50967884064,4.88623666763,5.65491580963,4.65714931488,5.5092382431,9.60270404816,9.77719306946,8.24060440063,6.69413471222,7.26919460297,5.68755197525,3.97330093384,3.53345394135,2.12844896317,1.25913500786,0.895962119102,0.730356097221,0.367446959019,0.0897750034928,0.0134516339749,0.0055225668475,0.00308482861146,0.00336133176461,0.0150211742148,0.023098655045,0.0140468385071,0.00543296337128],"min":[5.29177538258e-22,1.5431333016e-21,2.15639878773e-20,6.9745135677e-20,1.23942209744e-19,1.64886590241e-19,2.42317597364e-19,6.92117579858e-19,4.44680665081e-19,1.30365246521e-18,8.42422604411e-19,7.35346297164e-19,1.14458521983e-18,2.50238616871e-18,2.3713043046e-18,2.36082247868e-18,3.23789903937e-18,6.86767406676e-18,1.05419950449e-17,6.69412330244e-18,5.82580244853e-18,8.71562657447e-18,8.2069171152e-18,1.74568990567e-17,1.92038416446e-17,2.05019758846e-17,2.42668619728e-17,2.12188602343e-17,1.60039447302e-17,2.4306075297e-17,1.4530840284e-17,1.3668580596e-17,1.64473085754e-17,9.50644515448e-18,8.2156165737e-18,6.54566423482e-18,3.12511254926e-18,1.34604609199e-18,3.77566668148e-19,3.42701638639e-20],"var":[0.0171851236373,0.569756746292,3.77332735062,13.1571130753,26.6184825897,37.7546691895,97.7509613037,168.655532837,369.234191895,951.58013916,324.258789062,590.363525391,576.198913574,1992.53979492,528.254760742,731.371520996,421.263763428,581.65234375,1699.49755859,4084.22485352,2711.42504883,2222.01000977,3741.09619141,6321.24511719,3889.02709961,1029.42175293,255.563247681,107.614631653,125.812644958,54.2869567871,9.84444713593,2.91789650917,0.748279690742,0.0155423507094,0.000463736039819,0.025614252314,0.0393449366093,0.0207015909255,0.00355974351987,0.000126522863866]},"erbbands_crest":{"dmean":2.81061124802,"dmean2":4.50535345078,"dvar":7.68406200409,"dvar2":17.8852710724,"max":33.1098136902,"mean":9.47241687775,"median":7.77984523773,"min":2.4849114418,"var":29.9858188629},"erbbands_flatness_db":{"dmean":0.0246354602277,"dmean2":0.0360933467746,"dvar":0.000555324309971,"dvar2":0.0011850935407,"max":0.448175877333,"mean":0.157607123256,"median":0.147843524814,"min":0.0449296571314,"var":0.0030242879875},"erbbands_kurtosis":{"dmean":2.02107286453,"dmean2":3.12556362152,"dvar":25.791677475,"dvar2":58.2410736084,"max":155.268508911,"mean":2.3543279171,"median":0.358863949776,"min":-1.78223228455,"var":55.776550293},"erbbands_skewness":{"dmean":0.470485210419,"dmean2":0.706708431244,"dvar":0.255442321301,"dvar2":0.574198901653,"max":9.65319061279,"mean":0.128310933709,"median":-0.0345766916871,"min":-4.25428247452,"var":1.45645427704},"erbbands_spread":{"dmean":7.32975435257,"dmean2":11.0669517517,"dvar":65.6112518311,"dvar2":131.57182312,"max":194.402191162,"mean":29.3754615784,"median":26.8240509033,"min":0.449003458023,"var":337.87210083},"gfcc":{"cov":[[10269.1748047,-1736.45849609,-1628.63964844,1012.96398926,827.122253418,-124.699821472,543.985534668,-163.964233398,208.674835205,-187.383041382,-165.908843994,251.221282959,-248.329940796],[-1736.45849609,1530.70703125,333.858306885,-602.34185791,-193.509231567,-40.9862251282,-118.457511902,-101.738380432,-0.214320018888,-12.4384641647,22.9378166199,-113.399436951,98.3620758057],[-1628.63964844,333.858306885,741.172241211,-77.3652648926,-374.289337158,79.2971954346,-215.709213257,128.347900391,-129.370651245,89.0764846802,37.4551887512,-49.2581596375,36.4154930115],[1012.96398926,-602.34185791,-77.3652648926,588.153686523,264.616851807,-17.1583900452,186.434539795,39.9701652527,55.8778419495,2.52527356148,6.4974398613,97.6832809448,-90.1302947998],[827.122253418,-193.509231567,-374.289337158,264.616851807,506.62713623,67.3673400879,225.125991821,-31.6672859192,115.140098572,-48.1080665588,13.1757135391,61.8336181641,-11.1635866165],[-124.699821472,-40.9862251282,79.2971954346,-17.1583900452,67.3673400879,281.784393311,1.87511909008,88.7126464844,-40.0859794617,29.5036220551,-0.167880117893,9.26718521118,56.4701347351],[543.985534668,-118.457511902,-215.709213257,186.434539795,225.125991821,1.87511909008,284.0362854,-33.3288536072,97.6778717041,-29.3825931549,1.8798418045,59.192905426,-48.4662208557],[-163.964233398,-101.738380432,128.347900391,39.9701652527,-31.6672859192,88.7126464844,-33.3288536072,167.619857788,0.322795718908,51.7349815369,18.0754585266,-8.53125190735,31.2578372955],[208.674835205,-0.214320018888,-129.370651245,55.8778419495,115.140098572,-40.0859794617,97.6778717041,0.322795718908,159.829299927,34.9084129333,7.42679786682,28.0288715363,-26.2686901093],[-187.383041382,-12.4384641647,89.0764846802,2.52527356148,-48.1080665588,29.5036220551,-29.3825931549,51.7349815369,34.9084129333,96.4267272949,40.959022522,-0.0526926219463,9.28073692322],[-165.908843994,22.9378166199,37.4551887512,6.4974398613,13.1757135391,-0.167880117893,1.8798418045,18.0754585266,7.42679786682,40.959022522,71.0846252441,24.7191963196,6.59816837311],[251.221282959,-113.399436951,-49.2581596375,97.6832809448,61.8336181641,9.26718521118,59.192905426,-8.53125190735,28.0288715363,-0.0526926219463,24.7191963196,82.8667602539,7.95358085632],[-248.329940796,98.3620758057,36.4154930115,-90.1302947998,-11.1635866165,56.4701347351,-48.4662208557,31.2578372955,-26.2686901093,9.28073692322,6.59816837311,7.95358085632,101.226051331]],"icov":[[0.000227970362175,-0.000185677097761,0.000868875649758,-0.000651256646961,0.000424062309321,-0.000243724527536,0.000230980600463,-0.000202899900614,0.000252611149335,-0.000154535096954,0.000315221608616,-0.000343428662745,0.000289379124297],[-0.000185677097761,0.00258446414955,-0.00346918730065,0.00370172853582,-0.00240091932938,0.00141526781954,-0.00136234681122,0.00172745983582,-0.0015537282452,0.000980238430202,-0.000451443454949,0.00123636319768,-0.00122366368305],[0.000868875649758,-0.00346918730065,0.010338826105,-0.00916149653494,0.00883810129017,-0.00537970615551,0.00319378520362,-0.00171016575769,0.000065681306296,0.00188916549087,-0.00470319623128,0.00253240461461,-0.000389521679608],[-0.000651256646961,0.00370172853582,-0.00916149653494,0.0160948503762,-0.0139028131962,0.00963177718222,-0.00428734486923,-0.00390594871715,0.00839956384152,-0.0116161024198,0.0140145346522,-0.0132226822898,0.00804885476828],[0.000424062309321,-0.00240091932938,0.00883810129017,-0.0139028131962,0.0180426817387,-0.0114948013797,0.0018413590733,0.00472370628268,-0.0123794199899,0.0166056491435,-0.0188048761338,0.0147381518036,-0.0090269651264],[-0.000243724527536,0.00141526781954,-0.00537970615551,0.00963177718222,-0.0114948013797,0.013004546985,-0.00324094714597,-0.00602291664109,0.0113318758085,-0.0141217093915,0.0153889730573,-0.0119219394401,0.00449289940298],[0.000230980600463,-0.00136234681122,0.00319378520362,-0.00428734486923,0.0018413590733,-0.00324094714597,0.00866231881082,0.000387811218388,-0.00405780691653,0.00435173464939,-0.00300300237723,-0.000669176632073,0.0017591958167],[-0.000202899900614,0.00172745983582,-0.00171016575769,-0.00390594871715,0.00472370628268,-0.00602291664109,0.000387811218388,0.0145260244608,-0.00953942816705,0.00693137990311,-0.0107986442745,0.0122335143387,-0.00882622599602],[0.000252611149335,-0.0015537282452,0.000065681306296,0.00839956384152,-0.0123794199899,0.0113318758085,-0.00405780691653,-0.00953942816705,0.0278437063098,-0.0272286981344,0.0239294860512,-0.0206588897854,0.0126861380413],[-0.000154535096954,0.000980238430202,0.00188916549087,-0.0116161024198,0.0166056491435,-0.0141217093915,0.00435173464939,0.00693137990311,-0.0272286981344,0.045605763793,-0.036407161504,0.0248167682439,-0.0135256182402],[0.000315221608616,-0.000451443454949,-0.00470319623128,0.0140145346522,-0.0188048761338,0.0153889730573,-0.00300300237723,-0.0107986442745,0.0239294860512,-0.036407161504,0.0507688373327,-0.0322843194008,0.0153953870758],[-0.000343428662745,0.00123636319768,0.00253240461461,-0.0132226822898,0.0147381518036,-0.0119219394401,-0.000669176632073,0.0122335143387,-0.0206588897854,0.0248167682439,-0.0322843194008,0.0424638986588,-0.0194185376167],[0.000289379124297,-0.00122366368305,-0.000389521679608,0.00804885476828,-0.0090269651264,0.00449289940298,0.0017591958167,-0.00882622599602,0.0126861380413,-0.0135256182402,0.0153953870758,-0.0194185376167,0.0242048129439]],"mean":[-33.0608787537,84.1868743896,-98.9571380615,3.31277418137,-21.0534038544,-28.0696525574,-3.34681963921,-19.9837970734,0.772377848625,-12.5962648392,-10.6701173782,-1.5672314167,-14.9372797012]},"hfc":{"dmean":11.1763725281,"dmean2":15.7272253036,"dvar":357.628936768,"dvar2":736.482666016,"max":297.443115234,"mean":37.2820549011,"median":28.3566379547,"min":1.21157104616e-16,"var":1099.86096191},"melbands":{"dmean":[0.000458842288936,0.00042738346383,0.000279276660876,0.000192845080164,0.000120811069792,0.00011074039503,0.0000942528422456,0.000100750097772,0.0000555386977794,0.0000475073611597,0.00004071195508,0.0000493086918141,0.0000289238541882,0.0000292719978461,0.0000202237242775,0.0000169480645127,0.0000193154373846,0.0000265713006229,0.0000302558310068,0.0000282795172097,0.0000217589495151,0.0000183341089723,0.0000177488909685,0.0000182983039849,0.0000168428632605,0.0000133123194246,0.00000825946153782,0.00000590277841184,0.00000350363461621,0.00000221847744797,0.00000187996170098,0.00000183412862498,0.00000124534039969,9.9309579582e-7,5.84362965128e-7,4.0631397269e-7,3.33849840217e-7,2.20443169496e-7,7.49210258277e-8,1.56035362409e-8],"dmean2":[0.000771678169258,0.000712778011803,0.000452063599369,0.000312345364364,0.000191220256966,0.000173857450136,0.000145560814417,0.000154612847837,0.0000887548158062,0.0000764457436162,0.0000658374265186,0.0000801796340966,0.0000473877917102,0.0000486339959025,0.0000331645460392,0.0000279767991742,0.000032523941627,0.0000445096557087,0.0000489311860292,0.0000461185627501,0.0000354575931851,0.0000297640035569,0.0000285143360088,0.0000284199813905,0.0000255084978562,0.0000200991653401,0.0000123975314636,0.00000891109084478,0.00000531807336301,0.00000326111921822,0.0000027222818062,0.00000270855980489,0.00000182446558483,0.00000146782622323,8.35849164105e-7,5.63321805203e-7,4.78611866583e-7,3.2727280086e-7,1.13285089753e-7,2.54208831763e-8],"dvar":[0.00000123341328617,5.75782337364e-7,2.04724400987e-7,1.00233663147e-7,5.81854244786e-8,5.09389366243e-8,3.66336685431e-8,3.82987508374e-8,1.32751623028e-8,9.15409348323e-9,7.95348675808e-9,1.47337013701e-8,5.26672261358e-9,4.08025524479e-9,1.83443904511e-9,1.54303558819e-9,1.87454363143e-9,3.00044988855e-9,3.88862231304e-9,4.54247306436e-9,2.55308485464e-9,2.06185113427e-9,2.12162265534e-9,2.09809791762e-9,2.31837926634e-9,1.62617175281e-9,5.98965266274e-10,3.59177299014e-10,9.72003727506e-11,2.99796333592e-11,2.36055740926e-11,4.94900891101e-11,1.76601008123e-11,1.08720940237e-11,2.68866482897e-12,8.89335263418e-13,9.50687228593e-13,5.19450368136e-13,5.90587623836e-14,2.15218556986e-15],"dvar2":[0.00000343931219504,0.00000161231719176,5.14158443821e-7,2.4649682473e-7,1.46333391626e-7,1.21495233429e-7,8.11106914966e-8,8.53021049352e-8,3.22227649008e-8,2.21120650679e-8,2.01092014152e-8,3.71658579468e-8,1.31990178787e-8,1.04590496264e-8,4.68708227785e-9,3.82008158439e-9,4.91062701613e-9,7.75952013754e-9,9.63995994141e-9,1.16126326333e-8,6.50068665564e-9,5.19315257463e-9,5.30935651e-9,5.10880671101e-9,5.48638823261e-9,3.5804288423e-9,1.32169386546e-9,8.5584617171e-10,2.37801972558e-10,6.92094437316e-11,5.23812694608e-11,1.11712999962e-10,4.0942811641e-11,2.45070717192e-11,5.43336079253e-12,1.87283999073e-12,1.9746721619e-12,1.08834588477e-12,1.17347334649e-13,4.83913903821e-15],"max":[0.0171300638467,0.0139096230268,0.00668087136,0.00608555134386,0.00493160961196,0.00461456784979,0.00654008239508,0.00441160099581,0.00340295559727,0.00266309781,0.00202114926651,0.00405665067956,0.00196410366334,0.00178591953591,0.00105073710438,0.000843122310471,0.000971466419287,0.00083620561054,0.00107645627577,0.0016202601837,0.00117719569243,0.000856074679177,0.000649089924991,0.00107312761247,0.00133900262881,0.00116719433572,0.000658426492009,0.000519439694472,0.000256085651927,0.000159762435942,0.00015981431352,0.000206337921554,0.000101448000351,0.000116529983643,0.0000591291718592,0.0000183883985301,0.0000205105643545,0.0000202427963814,0.00000833135254652,0.00000178698689979],"mean":[0.000617507263087,0.000648307206575,0.000469856197014,0.000311423558742,0.000188209989574,0.000168304773979,0.000156987065566,0.000161330710398,0.0000877721104189,0.0000768808895373,0.0000649809589959,0.0000820403220132,0.0000418751551479,0.0000439551477029,0.0000316718433169,0.0000231324756896,0.000026012532544,0.0000369508452422,0.0000464375625597,0.0000420486394432,0.0000301553154713,0.0000242996029556,0.0000247028783633,0.0000272564211627,0.0000251740893873,0.0000193468313228,0.0000119152491607,0.00000805194576969,0.0000049403211051,0.00000318039246849,0.00000258034060607,0.00000233810487771,0.00000163167544542,0.00000139251631026,8.30414478514e-7,4.94780692861e-7,3.43476784792e-7,2.07014636544e-7,6.94382293887e-8,1.47855319099e-8],"median":[0.000274945865385,0.000344288069755,0.00028045885847,0.000181411465746,0.0000932022085181,0.0000771502091084,0.0000728774612071,0.0000643659150228,0.0000380872807,0.0000322755840898,0.0000227937689488,0.0000215132640733,0.0000150021533045,0.0000142238204717,0.0000122796191135,0.00000883097163751,0.00000940298559726,0.0000134411739054,0.0000145502490341,0.0000109833781607,0.00000866612299433,0.00000640171583655,0.00000629913847661,0.00000606083722232,0.00000422781795351,0.00000294979099635,0.00000244945886152,0.0000021877792733,0.00000143497572935,8.66953541845e-7,6.26248152003e-7,4.98736369536e-7,4.11849839566e-7,3.7195314917e-7,2.29762690651e-7,1.00826028415e-7,2.59394408175e-8,7.09065117732e-9,4.82417750192e-9,3.25512994337e-9],"min":[4.28210186547e-24,8.00864212755e-24,1.42471340263e-23,1.02527833755e-23,8.61734061265e-24,1.52739595568e-23,7.39918396939e-24,1.50459156463e-23,5.16808180331e-24,4.63550484569e-24,6.15257390214e-24,1.05766076217e-23,8.70499331441e-24,5.70014442363e-24,6.08939955427e-24,8.25335230237e-24,1.27183152811e-23,1.63800466755e-23,1.16612566565e-23,9.46549545895e-24,5.62412465921e-24,9.68279192846e-24,7.69724717382e-24,1.03034889879e-23,1.41752593315e-23,1.40986924921e-23,1.24490652213e-23,1.3868916243e-23,1.52340952598e-23,1.42928500935e-23,1.20605228264e-23,9.63843743521e-24,1.10873390487e-23,1.27113094074e-23,7.60288599892e-24,8.76115626656e-24,7.82072757132e-24,1.13690641549e-23,1.03803003743e-23,7.10244289584e-24],"var":[0.00000123327811252,9.06822833713e-7,3.43158916394e-7,1.64735141084e-7,9.226807407e-8,8.3470169443e-8,8.1209641678e-8,8.22848917892e-8,2.51742928725e-8,2.07172803357e-8,1.5367692896e-8,3.82295262114e-8,7.30528437742e-9,6.9450964979e-9,2.77361089651e-9,1.81839854285e-9,2.18306217548e-9,4.10874845258e-9,6.74005384838e-9,7.22910087347e-9,3.40500383444e-9,2.44119768844e-9,2.67331845549e-9,3.66977825905e-9,4.63063631884e-9,3.09937076004e-9,1.03480746194e-9,4.36595232189e-10,1.28606736371e-10,4.89705741236e-11,3.5101435647e-11,5.81192594051e-11,2.18847197309e-11,1.53307488232e-11,4.61858285991e-12,1.22424813342e-12,1.19427612331e-12,6.08468353827e-13,7.46530319658e-14,2.26560624611e-15]},"melbands_crest":{"dmean":3.42807602882,"dmean2":5.63031864166,"dvar":9.27470684052,"dvar2":23.8312587738,"max":39.9959526062,"mean":13.0051317215,"median":12.087269783,"min":1.6194075346,"var":29.6666793823},"melbands_flatness_db":{"dmean":0.0338212288916,"dmean2":0.0485240966082,"dvar":0.000995444366708,"dvar2":0.00199783220887,"max":0.65553176403,"mean":0.216762378812,"median":0.197896838188,"min":0.00423214398324,"var":0.0076500386931},"melbands_kurtosis":{"dmean":26.3536682129,"dmean2":38.8045425415,"dvar":146010.296875,"dvar2":270783.875,"max":23975.3984375,"mean":75.073348999,"median":3.75597572327,"min":-1.87202048302,"var":929648.4375},"melbands_skewness":{"dmean":0.799334049225,"dmean2":1.21271145344,"dvar":6.13740444183,"dvar2":10.0356311798,"max":150.145050049,"mean":2.45999193192,"median":1.69177937508,"min":-3.28011703491,"var":61.0254859924},"melbands_spread":{"dmean":8.54017829895,"dmean2":12.6143045425,"dvar":126.699028015,"dvar2":242.72102356,"max":142.865646362,"mean":29.0133647919,"median":23.7299995422,"min":0.0404261127114,"var":573.881713867},"mfcc":{"cov":[[8637.39160156,-1906.30065918,-2040.73327637,1187.25305176,10.2183303833,737.388977051,6.15435028076,717.335144043,38.3910369873,343.158081055,-144.447402954,39.5121650696,-31.086435318],[-1906.30065918,1621.8392334,394.636383057,-523.852844238,-45.8261566162,-155.664108276,-67.8381958008,-227.365463257,12.4505834579,-113.502449036,32.4120559692,-94.3936309814,43.2268295288],[-2040.73327637,394.636383057,1137.14611816,-331.258422852,-28.1357269287,-312.084289551,16.8249034882,-252.555786133,-37.7014465332,-104.984138489,9.82473754883,54.1645050049,-58.0145568848],[1187.25305176,-523.852844238,-331.258422852,651.124328613,-6.26334095001,155.216003418,-7.48062992096,185.780181885,-30.4866752625,74.8570556641,32.0118904114,22.7736053467,33.4100341797],[10.2183303833,-45.8261566162,-28.1357269287,-6.26334095001,218.619598389,31.1619968414,66.0772857666,16.7190265656,43.1054420471,-3.06820940971,11.9844398499,21.6790180206,-4.75053119659],[737.388977051,-155.664108276,-312.084289551,155.216003418,31.1619968414,261.132446289,52.7196731567,139.849700928,23.6958827972,52.6714706421,-9.69599056244,7.1185503006,20.5283222198],[6.15435028076,-67.8381958008,16.8249034882,-7.48062992096,66.0772857666,52.7196731567,161.000030518,53.1819229126,25.5476856232,-8.14103126526,6.0592918396,8.6448392868,-11.9533405304],[717.335144043,-227.365463257,-252.555786133,185.780181885,16.7190265656,139.849700928,53.1819229126,190.007049561,35.5089073181,53.4269981384,-3.58894014359,4.38650035858,3.4065952301],[38.3910369873,12.4505834579,-37.7014465332,-30.4866752625,43.1054420471,23.6958827972,25.5476856232,35.5089073181,100.343612671,36.941078186,10.2934398651,-3.38933897018,13.6400957108],[343.158081055,-113.502449036,-104.984138489,74.8570556641,-3.06820940971,52.6714706421,-8.14103126526,53.4269981384,36.941078186,103.335365295,25.5335540771,20.2519798279,3.49348855019],[-144.447402954,32.4120559692,9.82473754883,32.0118904114,11.9844398499,-9.69599056244,6.0592918396,-3.58894014359,10.2934398651,25.5335540771,95.4482574463,24.8070411682,18.3849220276],[39.5121650696,-94.3936309814,54.1645050049,22.7736053467,21.6790180206,7.1185503006,8.6448392868,4.38650035858,-3.38933897018,20.2519798279,24.8070411682,107.156814575,4.55380487442],[-31.086435318,43.2268295288,-58.0145568848,33.4100341797,-4.75053119659,20.5283222198,-11.9533405304,3.4065952301,13.6400957108,3.49348855019,18.3849220276,4.55380487442,91.4896240234]],"icov":[[0.000301177467918,0.000120245756989,0.000380361510906,-0.000186533667147,0.0000611976065557,-0.0000761238625273,0.0000493463230669,-0.000176161353011,0.00000747021204006,-0.000300483661704,0.000493238272611,-0.000232213846175,0.000310896721203],[0.000120245756989,0.00112556177191,-0.000112648354843,0.000685151375365,0.000103189464426,-0.0005286008236,0.000602206098847,0.000127374165459,-0.000169937178725,0.000575984246098,-0.000795057159849,0.000909870257601,-0.000496856519021],[0.000380361510906,-0.000112648354843,0.00229968340136,-0.000369753804989,0.000544128357433,0.00135186326224,-0.00117485178635,0.00123802851886,-0.000410546985222,0.0000293536813842,0.000945185427554,-0.00176997040398,0.00125932262745],[-0.000186533667147,0.000685151375365,-0.000369753804989,0.00338430935517,-0.000366983789718,-0.000428521656431,0.00119156320579,-0.00264762202278,0.00229384121485,-0.000256846047705,-0.00189918698743,0.000880310952198,-0.00152043323033],[0.0000611976065557,0.000103189464426,0.000544128357433,-0.000366983789718,0.00611290847883,-0.000468615384307,-0.00208530691452,0.00148875068408,-0.00326983770356,0.00176612637006,-0.000419989664806,-0.0016150327865,0.0011306052329],[-0.0000761238625273,-0.0005286008236,0.00135186326224,-0.000428521656431,-0.000468615384307,0.00828909594566,-0.00226264656521,-0.00308873644099,0.00107455439866,-0.00206769653596,0.00197535171174,-0.0011561937863,-0.00124788656831],[0.0000493463230669,0.000602206098847,-0.00117485178635,0.00119156320579,-0.00208530691452,-0.00226264656521,0.0099153155461,-0.00387453404255,-0.000868446193635,0.00301180803217,-0.00219189771451,0.000659961486235,0.000813343678601],[-0.000176161353011,0.000127374165459,0.00123802851886,-0.00264762202278,0.00148875068408,-0.00308873644099,-0.00387453404255,0.0146712446585,-0.00441240798682,-0.00106405012775,0.00131185085047,-0.00058918131981,0.00181389506906],[0.00000747021204006,-0.000169937178725,-0.000410546985222,0.00229384121485,-0.00326983770356,0.00107455439866,-0.000868446193635,-0.00441240798682,0.0166291128844,-0.00699632661417,-0.0000929749585339,0.00243495800532,-0.00368980481289],[-0.000300483661704,0.000575984246098,0.0000293536813842,-0.000256846047705,0.00176612637006,-0.00206769653596,0.00301180803217,-0.00106405012775,-0.00699632661417,0.0175181664526,-0.00501036876813,-0.00222793850116,0.00221882481128],[0.000493238272611,-0.000795057159849,0.000945185427554,-0.00189918698743,-0.000419989664806,0.00197535171174,-0.00219189771451,0.00131185085047,-0.0000929749585339,-0.00501036876813,0.0150030283257,-0.00334042613395,-0.00160754891112],[-0.000232213846175,0.000909870257601,-0.00176997040398,0.000880310952198,-0.0016150327865,-0.0011561937863,0.000659961486235,-0.00058918131981,0.00243495800532,-0.00222793850116,-0.00334042613395,0.012653613463,-0.00190540577751],[0.000310896721203,-0.000496856519021,0.00125932262745,-0.00152043323033,0.0011306052329,-0.00124788656831,0.000813343678601,0.00181389506906,-0.00368980481289,0.00221882481128,-0.00160754891112,-0.00190540577751,0.0138850640506]],"mean":[-693.907104492,146.206237793,-22.0907115936,38.784702301,-7.80115509033,11.2519922256,-11.4612760544,9.16115665436,-5.15907001495,5.90666532516,-3.52831578255,-1.17517054081,0.242004975677]},"pitch_salience":{"dmean":0.0676300823689,"dmean2":0.10863583535,"dvar":0.00360411196016,"dvar2":0.00901497527957,"max":0.907096505165,"mean":0.609043300152,"median":0.62583142519,"min":0.00122457626276,"var":0.0131730390713},"silence_rate_20dB":{"dmean":0,"dmean2":0,"dvar":0,"dvar2":0,"max":1,"mean":1,"median":1,"min":1,"var":0},"silence_rate_30dB":{"dmean":0,"dmean2":0,"dvar":0,"dvar2":0,"max":1,"mean":1,"median":1,"min":1,"var":0},"silence_rate_60dB":{"dmean":0.0360673069954,"dmean2":0.0721400529146,"dvar":0.0347669012845,"dvar2":0.0771936029196,"max":1,"mean":0.0882752388716,"median":0,"min":0,"var":0.0804802700877},"spectral_centroid":{"dmean":279.828216553,"dmean2":386.093200684,"dvar":117753.296875,"dvar2":192560.078125,"max":11350.7988281,"mean":1463.14562988,"median":1385.01574707,"min":177.379562378,"var":685922.75},"spectral_complexity":{"dmean":4.37576389313,"dmean2":6.15612745285,"dvar":29.7285251617,"dvar2":47.3351516724,"max":61,"mean":19.1022338867,"median":16,"min":0,"var":179.304534912},"spectral_contrast_coeffs":{"dmean":[0.0520214289427,0.0474276617169,0.0363367237151,0.0302799474448,0.02488479577,0.0479619763792],"dmean2":[0.0864522904158,0.0778192281723,0.060397438705,0.0500639528036,0.0402069352567,0.074514336884],"dvar":[0.00174998887815,0.00135239411611,0.000810894474853,0.000598831858952,0.000516967382282,0.00190414243843],"dvar2":[0.00470110122114,0.00360607146285,0.00226150010712,0.0015840542037,0.00124193681404,0.00439930614084],"max":[-0.360240757465,-0.494347780943,-0.571036159992,-0.567140817642,-0.602357208729,-0.40719461441],"mean":[-0.660937428474,-0.766414701939,-0.802201747894,-0.812384307384,-0.815459430218,-0.703253269196],"median":[-0.668924212456,-0.772551417351,-0.806619524956,-0.81665956974,-0.815354347229,-0.696279287338],"min":[-0.960726261139,-0.961929500103,-0.956917464733,-0.975875020027,-0.96885150671,-0.961428463459],"var":[0.00694362679496,0.00412764400244,0.00241680187173,0.00260148500092,0.00233270670287,0.00917752087116]},"spectral_contrast_valleys":{"dmean":[0.421558082104,0.34884595871,0.326906502247,0.349364668131,0.397009521723,0.690322399139],"dmean2":[0.691070854664,0.567303717136,0.518772721291,0.542211771011,0.540472149849,1.05435240269],"dvar":[0.143848076463,0.103383392096,0.106430336833,0.165700316429,0.203252181411,0.33643129468],"dvar2":[0.340141892433,0.229013323784,0.215653330088,0.345018237829,0.394314974546,0.789614915848],"max":[-5.40069389343,-5.07991456985,-5.32596540451,-5.36637496948,-5.05281639099,-8.71612548828],"mean":[-7.56864595413,-6.80912828445,-7.4083647728,-7.7115521431,-7.68087768555,-11.5640039444],"median":[-7.33541488647,-6.73649740219,-7.28287410736,-7.45816802979,-7.39794921875,-11.5061454773],"min":[-27.1778259277,-27.0825328827,-27.5107688904,-27.5337219238,-27.2260169983,-27.2300853729],"var":[1.13806128502,0.725467443466,0.989549636841,1.41654157639,1.78874480724,1.02484166622]},"spectral_decrease":{"dmean":1.23462140511e-9,"dmean2":1.91984783626e-9,"dvar":3.37763383307e-18,"dvar2":8.29200339455e-18,"max":1.29833296891e-10,"mean":-3.093476586e-9,"median":-2.5066078102e-9,"min":-2.55784424752e-8,"var":6.53034071397e-18},"spectral_energy":{"dmean":0.00534670474008,"dmean2":0.00815026275814,"dvar":0.0000645280888421,"dvar2":0.000152622218593,"max":0.109711229801,"mean":0.0150570645928,"median":0.0123852426186,"min":1.08272408797e-20,"var":0.000141244963743},"spectral_energyband_high":{"dmean":0.000450566993095,"dmean2":0.000603865773883,"dvar":0.00000111973781713,"dvar2":0.00000225764279094,"max":0.0209985040128,"mean":0.000816849409603,"median":0.000311916082865,"min":7.71339701195e-21,"var":0.00000209634140447},"spectral_energyband_low":{"dmean":0.0024791022297,"dmean2":0.00405560107902,"dvar":0.0000220030215132,"dvar2":0.0000596550817136,"max":0.0734638571739,"mean":0.00410731183365,"median":0.00252915685996,"min":5.5407280198e-23,"var":0.0000298553350149},"spectral_energyband_middle_high":{"dmean":0.00206676591188,"dmean2":0.00310338730924,"dvar":0.0000170749390236,"dvar2":0.0000393600712414,"max":0.0565059557557,"mean":0.00453881220892,"median":0.00225851801224,"min":1.59312764545e-21,"var":0.0000368520013581},"spectral_energyband_middle_low":{"dmean":0.00208340375684,"dmean2":0.00321475835517,"dvar":0.00000716340673534,"dvar2":0.0000169430240931,"max":0.0522361062467,"mean":0.00520668411627,"median":0.00410130200908,"min":2.76783700443e-22,"var":0.0000169819431903},"spectral_entropy":{"dmean":0.197733968496,"dmean2":0.283743172884,"dvar":0.0555717945099,"dvar2":0.119204826653,"max":9.80454158783,"mean":7.46514320374,"median":7.64812374115,"min":4.59407711029,"var":0.341384679079},"spectral_flux":{"dmean":0.0161731429398,"dmean2":0.0250257067382,"dvar":0.000428679661127,"dvar2":0.000895572127774,"max":0.244782850146,"mean":0.0677171349525,"median":0.0623464733362,"min":1.04054029282e-10,"var":0.00133302656468},"spectral_kurtosis":{"dmean":5.16252231598,"dmean2":7.91146993637,"dvar":82.1372146606,"dvar2":222.134872437,"max":163.84262085,"mean":16.9889831543,"median":14.0347108841,"min":-1.17506122589,"var":153.650405884},"spectral_rms":{"dmean":0.000619564263616,"dmean2":0.000920076970942,"dvar":5.44394481494e-7,"dvar2":0.0000012133450582,"max":0.0103457886726,"mean":0.00355407176539,"median":0.00347608467564,"min":3.2501017936e-12,"var":0.00000205839296541},"spectral_rolloff":{"dmean":2407.31542969,"dmean2":4395.30566406,"dvar":26519314,"dvar2":68155120,"max":22006.9335938,"mean":4251.74658203,"median":2196.38671875,"min":21.533203125,"var":34345936},"spectral_skewness":{"dmean":0.409802377224,"dmean2":0.603232145309,"dvar":0.343099743128,"dvar2":0.868802249432,"max":11.0664176941,"mean":2.59000992775,"median":2.29612207413,"min":-0.0461204573512,"var":1.13494455814},"spectral_spread":{"dmean":514009.71875,"dmean2":759267,"dvar":365072449536,"dvar2":661828337664,"max":39998524,"mean":3653642.5,"median":3561724.75,"min":854683.75,"var":1158254166020},"spectral_strongpeak":{"dmean":0.509499967098,"dmean2":0.897536337376,"dvar":2.99766850471,"dvar2":8.75474357605,"max":53.0709991455,"mean":0.633312761784,"median":0.282014071941,"min":0,"var":2.35505580902},"zerocrossingrate":{"dmean":0.024334480986,"dmean2":0.0304760895669,"dvar":0.000487261277158,"dvar2":0.000744156131987,"max":0.56494140625,"mean":0.186954364181,"median":0.18408203125,"min":0,"var":0.00345855089836}},"metadata":{"audio_properties":{"analysis_sample_rate":44100,"bit_rate":192000,"codec":"mp3","downmix":"mix","equal_loudness":0,"length":307.722442627,"lossless":false,"md5_encoded":"f86a73d0c517ccb398a5c5fa110449ea","replay_gain":-0.80658531189},"tags":{"album":["Genesis"],"albumartist":["Genesis"],"artist":["Genesis"],"composer":["Mike Rutherford/Phil Collins/Tony Banks"],"date":["1983"],"file_name":"03 - Genesis - Home by the Sea.mp3","genre":["Progressive Rock"],"label":["Virgin"],"musicbrainz album artist":["usicBra"],"musicbrainz album artist sortname":["usicBra"],"musicbrainz album status":["usicBrai"],"musicbrainz album type":["usicB"],"musicbrainz non-album":["u"],"musicbrainz_albumartistid":["usicBrainz Album Artist Id"],"musicbrainz_albumid":["usicBrainz Album Id"],"musicbrainz_artistid":["usicBrainz Artist Id"],"musicbrainz_recordingid":["38a8a59b-58f1-4dfc-b2a7-c295d368ae6f"],"musicip_puid":[""],"originaldate":["1983"],"title":["Home by the Sea"],"tracknumber":["3/9"]},"version":{"essentia":"2.1-beta1","essentia_build_sha":"ab033649a6180e58ab3ffa3648ee50b8e9460706","essentia_git_sha":"v2.1_beta1-8-g0ed32f5-dirty","extractor":"music 1.0"}},"rhythm":{"beats_count":661,"beats_loudness":{"dmean":0.0136216916144,"dmean2":0.0251556281,"dvar":0.000130036278279,"dvar2":0.000409546046285,"max":0.0945568308234,"mean":0.022937880829,"median":0.0217614658177,"min":0.00000683747794028,"var":0.000206289987545},"beats_loudness_band_ratio":{"dmean":[0.275679439306,0.118888795376,0.104108244181,0.0644761323929,0.132185176015,0.141291871667],"dmean2":[0.521376609802,0.210127368569,0.181486740708,0.115006022155,0.254585623741,0.269166141748],"dvar":[0.0399210192263,0.0153528591618,0.0132211111486,0.00450251298025,0.00871523562819,0.0173595361412],"dvar2":[0.138931199908,0.0412100367248,0.0347510538995,0.0141186052933,0.0289122797549,0.0570371113718],"max":[0.997950673103,0.723869264126,0.933146774769,0.489734500647,0.704153358936,0.658997118473],"mean":[0.339697867632,0.157890021801,0.137373015285,0.086939163506,0.142850756645,0.183072522283],"median":[0.305268913507