{"lowlevel":{"average_loudness":0.918541431427,"barkbands":{"dmean":[0.0000957745942287,0.0036336700432,0.00372859020717,0.00409059366211,0.00297710881568,0.00203009927645,0.000958352233283,0.000406557664974,0.000579823390581,0.000314643635647,0.000383697712095,0.00023387663532,0.000256951141637,0.000310405419441,0.0002239960304,0.000183823198313,0.000163823162438,0.000123070887639,0.000127204955788,0.000137136463309,0.000113429799967,0.0000808018667158,0.0000506326578034,0.0000565157206438,0.0000531246405444,0.0000136717453643,8.18869864361e-7],"dmean2":[0.000149407147546,0.00619874615222,0.00664113787934,0.00694349315017,0.00500316731632,0.00323279085569,0.00157344457693,0.000648026471026,0.000910677714273,0.000495227228384,0.000589938310441,0.000373458518879,0.000406434759498,0.00048031451297,0.000355304713594,0.000276789971394,0.000255910505075,0.000196989116375,0.000204830692383,0.000222591334023,0.000177988520591,0.000123769626953,0.0000758287133067,0.0000857194536366,0.0000780483678682,0.0000213234052353,0.00000135515244892],"dvar":[4.27162234473e-8,0.0000354241965397,0.0000480901289848,0.0000312712509185,0.0000219818030018,0.0000121625680549,0.00000505525122207,0.00000179965820735,0.00000173686100879,9.10132712306e-7,7.41424287298e-7,3.61137040272e-7,4.3732791255e-7,6.02522277404e-7,4.85055466015e-7,3.14994423434e-7,2.05022487876e-7,6.70664164204e-8,4.33131646105e-8,5.27697778807e-8,6.20086666459e-8,2.19047127104e-8,1.24327170781e-8,4.63352165525e-8,6.18943047925e-8,1.74839798195e-9,4.68571232162e-12],"dvar2":[1.04012265467e-7,0.0000956635776674,0.000137063543661,0.0000852960001794,0.000058117446315,0.0000282694927591,0.0000117729896374,0.0000044173148126,0.00000399494592784,0.00000196745372705,0.00000152574966705,8.48494266847e-7,0.00000103092247628,0.00000135669040446,0.00000113125406642,5.94513778651e-7,4.47524939773e-7,1.51136461568e-7,1.08435820323e-7,1.37805670875e-7,1.53526087843e-7,4.92448144485e-8,2.46302285234e-8,8.46547365541e-8,1.14142622465e-7,3.57430707254e-9,1.22354565715e-11],"max":[0.00680941157043,0.0625819712877,0.0749310106039,0.0624580234289,0.112632714212,0.0651005506516,0.0481116585433,0.0388377271593,0.0353942662477,0.0251787863672,0.0220980718732,0.0190461203456,0.0246574170887,0.0320468842983,0.0204102117568,0.016085555777,0.020051933825,0.0127670327201,0.00651966780424,0.0049191089347,0.00646550301462,0.00513525540009,0.00784514471889,0.0137364072725,0.0164583064616,0.00254132947885,0.0000361309139407],"mean":[0.000135633483296,0.00623930850998,0.00483761774376,0.00688877608627,0.00598965631798,0.00426508812234,0.00158995587844,0.000726686499547,0.00102763436735,0.000572315184399,0.000714658759534,0.00039023332647,0.000433148263255,0.000545951770619,0.000348178029526,0.000309625786031,0.00028064698563,0.000227817872656,0.000262880901573,0.000304351007799,0.000277290178929,0.000205839416594,0.000122462603031,0.000113223737571,0.0000875613332028,0.0000189062211575,9.78812181529e-7],"median":[0.0000285906789941,0.00457231095061,0.00269420258701,0.00530959665775,0.0037961951457,0.00187786319293,0.000610418326687,0.000208275101613,0.00043927092338,0.000152900989633,0.000214622239582,0.000142896809848,0.000112712143164,0.000138161267387,0.000114310591016,0.000111015971925,0.000116738854558,0.000131638007588,0.000168110535014,0.00016459816834,0.000128030078486,0.000111804576591,0.000068636436481,0.0000558588217245,0.0000349173024006,0.00000788843681221,4.05916523505e-7],"min":[8.73138299401e-14,1.16382774186e-13,6.17308938342e-14,4.37769937488e-14,4.39900496401e-14,9.9309225936e-15,4.45023758241e-14,7.94419461854e-14,8.55114251435e-14,1.99736010202e-14,1.50213627547e-15,1.54886560087e-15,7.79120132532e-15,6.8417506598e-15,1.12463435849e-14,6.45699949604e-15,4.66055399975e-15,1.52999476559e-14,1.14748434279e-14,1.38922373429e-14,1.35905648646e-14,4.31023997689e-14,1.5991334911e-14,9.03234176228e-15,2.96757620376e-14,4.54483727128e-14,3.21647737741e-13],"var":[1.78681673901e-7,0.0000361244347005,0.0000416701950599,0.0000430706531915,0.0000519336863363,0.000046048196964,0.0000119062151498,0.00000592056676396,0.00000435286074207,0.00000302467333313,0.00000287118041342,7.87424824011e-7,0.00000102148760561,0.00000176860282863,9.15121461276e-7,7.55596886393e-7,4.36050868302e-7,1.34993328516e-7,1.10632740302e-7,1.52432548362e-7,2.32639962405e-7,7.96983030682e-8,3.83352443123e-8,1.17106061737e-7,1.36480650781e-7,3.90071797085e-9,4.00282758328e-12]},"barkbands_crest":{"dmean":2.22443938255,"dmean2":3.67546319962,"dvar":4.15482521057,"dvar2":11.0891523361,"max":24.0487976074,"mean":10.2318983078,"median":9.41900920868,"min":2.76659488678,"var":14.2674655914},"barkbands_flatness_db":{"dmean":0.0205197874457,"dmean2":0.0319811962545,"dvar":0.000384665821912,"dvar2":0.000953756622039,"max":0.543240845203,"mean":0.149849206209,"median":0.139181241393,"min":0.0415136925876,"var":0.00355435092933},"barkbands_kurtosis":{"dmean":5.15763139725,"dmean2":8.25900268555,"dvar":138.315185547,"dvar2":373.690612793,"max":419.017303467,"mean":11.4195508957,"median":5.81560373306,"min":-1.92354261875,"var":616.878295898},"barkbands_skewness":{"dmean":0.574875116348,"dmean2":0.90084195137,"dvar":0.347080916166,"dvar2":0.874404609203,"max":16.0129356384,"mean":2.47038960457,"median":2.2954826355,"min":-1.8476742506,"var":2.26182723045},"barkbands_spread":{"dmean":4.73978376389,"dmean2":7.36654472351,"dvar":34.7710571289,"dvar2":77.6736907959,"max":136.936233521,"mean":19.0553741455,"median":15.9062652588,"min":0.365681439638,"var":211.218276978},"dissonance":{"dmean":0.0146235693246,"dmean2":0.0246258284897,"dvar":0.000241515066591,"dvar2":0.000662862090394,"max":0.500000119209,"mean":0.463746905327,"median":0.470130592585,"min":0.0838367566466,"var":0.000647197186481},"dynamic_complexity":2.20898509026,"erbbands":{"dmean":[0.0745632871985,0.949013948441,3.57846260071,9.6298418045,11.16685009,10.3909978867,14.4151706696,16.1841983795,12.5768928528,12.0741586685,9.45774650574,14.5689659119,9.14129447937,12.6428117752,13.5231466293,9.33125686646,12.1342220306,12.7417383194,14.0164527893,11.2301626205,7.94149017334,8.47564029694,6.71307325363,5.23567962646,7.91422319412,5.85936260223,4.73795509338,4.62220335007,3.08612847328,1.94833397865,1.36659228802,1.16341269016,1.01744318008,0.724222123623,0.323221445084,0.0968078896403,0.017821084708,0.00224529323168,0.000143292258144,0.0000155959442054],"dmean2":[0.126890435815,1.62098908424,6.3213133812,16.6032409668,18.771024704,17.5077457428,23.0615596771,25.3945236206,20.4620876312,19.5682792664,14.8610115051,22.8448543549,14.0987272263,19.3498954773,20.4030189514,14.7721147537,18.9059925079,19.8627376556,21.8144741058,16.7729873657,11.5939216614,13.2761116028,10.6419734955,8.37082481384,12.7457199097,9.36400032043,7.50958442688,7.27847194672,4.75645112991,2.92970728874,2.05431127548,1.77475678921,1.55343353748,1.08450341225,0.486581236124,0.149048954248,0.0279525350779,0.00360925844871,0.000231969461311,0.000024268281777],"dvar":[0.015710119158,2.55299305916,44.6857833862,188.458969116,291.564819336,316.660186768,788.520080566,871.012573242,971.504943848,955.979309082,1036.30151367,1277.74914551,652.169189453,1080.60314941,899.748291016,496.141906738,1043.75280762,963.097106934,1641.0625,1080.08251953,532.543151855,501.273071289,243.762023926,89.5189743042,174.870513916,108.070053101,97.3720855713,102.599090576,31.3244361877,10.7617664337,10.3812055588,14.7960796356,18.0226631165,11.227686882,2.29193162918,0.117477059364,0.00249539501965,0.0000329455542669,1.42293885119e-7,4.46162329304e-10],"dvar2":[0.0435749851167,6.82786846161,124.768196106,533.889648438,800.215820312,810.79486084,1834.11193848,1948.73193359,2238.77929688,2270.62915039,2689.41674805,2885.58105469,1439.82556152,2282.89794922,1762.74987793,1169.9987793,2440.20141602,2237.97583008,3941.42041016,2042.31787109,911.955871582,1128.66467285,533.489013672,214.788208008,432.487670898,282.269012451,250.611099243,253.996704102,70.6918029785,22.8136825562,20.3862457275,25.9941501617,35.7436027527,21.7975254059,4.24435567856,0.226106613874,0.00538645777851,0.0000822868896648,3.69490379626e-7,1.04611452834e-9],"max":[2.03232097626,17.6361751556,68.9555664062,139.155456543,430.235778809,611.833251953,760.779785156,498.845916748,818.387451172,998.702636719,1049.86193848,916.51171875,978.314208984,1113.39074707,877.94934082,645.108886719,1372.00720215,1062.45019531,1392.46765137,1169.54956055,858.12322998,925.934082031,895.109680176,343.286468506,381.478393555,265.220916748,194.412841797,270.742675781,155.577056885,89.3019104004,232.099380493,294.494567871,210.076812744,196.139312744,104.912391663,21.3950805664,2.06905817986,0.132837951183,0.00644802534953,0.000487197132315],"mean":[0.127753645182,1.59285342693,4.98758888245,15.914141655,21.6363372803,19.4035377502,30.6822128296,33.2124137878,21.7787075043,19.6242542267,18.2682533264,26.0431404114,16.8488330841,23.3562679291,26.3157691956,16.8275547028,21.9290790558,23.6126117706,24.5398521423,19.617855072,15.2734050751,15.3673868179,12.8074331284,10.8591547012,16.9201278687,13.4192180634,11.4665708542,10.8470392227,7.77470970154,5.0193901062,3.26039290428,2.44191646576,1.84243106842,1.19218409061,0.521044433117,0.141260579228,0.0235162600875,0.00278848246671,0.000194638210814,0.0000500614623888],"median":[0.0813845768571,1.18172216415,3.1794219017,12.158416748,15.2956857681,11.9618053436,14.3379402161,14.660112381,9.0124912262,8.76783370972,6.01276874542,10.8636293411,6.41705131531,7.90094614029,9.33247375488,7.4649682045,6.31081771851,6.15589904785,8.02793598175,7.47909736633,5.81532478333,6.7971777916,7.48024988174,6.67614650726,9.99284648895,7.28549432755,5.72710084915,5.03846740723,4.24978876114,2.83259606361,1.82851541042,1.26400101185,0.84359562397,0.507353663445,0.182614713907,0.0578379556537,0.00971484836191,0.00114051846322,0.0000951291876845,0.000045009124733],"min":[4.46447392943e-12,2.26983726953e-11,6.59449578277e-11,1.21653354057e-10,1.56554852415e-10,1.41086656247e-10,7.68859143019e-11,1.00255762026e-10,4.26811835874e-10,1.1430734137e-9,1.91915128234e-9,1.98179583855e-9,1.11911702128e-9,2.49968795663e-10,7.82718126424e-11,6.78860856418e-11,3.13626402626e-10,4.69396355118e-10,2.87251888942e-10,7.57228835191e-10,1.83657991593e-10,3.34521382817e-10,9.79411662883e-10,5.95590854413e-10,4.24320495407e-10,8.212881486e-10,6.68373578705e-10,7.16826764613e-10,1.46114664812e-9,5.77405290247e-10,6.01401706213e-10,2.07355646542e-10,1.69250724547e-10,2.46002607174e-10,2.76669381849e-10,1.36821123875e-10,6.24353277412e-11,4.66787129783e-11,8.59376025203e-12,8.20182810557e-12],"var":[0.0234319753945,2.4547727108,37.1350288391,214.271331787,499.315948486,886.535644531,3520.05981445,2911.71166992,2361.10229492,2007.20422363,3400.26782227,3170.87060547,1592.47009277,3279.80859375,3190.57128906,1091.83996582,2512.46948242,2970.34619141,3377.15039062,2932.69189453,1643.81262207,1098.02978516,468.268890381,213.089599609,460.231292725,308.898010254,327.746002197,327.806671143,112.649459839,43.6875534058,29.8392162323,40.2034606934,38.5066986084,23.0009059906,5.16975736618,0.283220738173,0.00445090839639,0.0000353244977305,1.29693844997e-7,8.74906036508e-10]},"erbbands_crest":{"dmean":2.34477972984,"dmean2":3.71390843391,"dvar":5.48160648346,"dvar2":12.9843492508,"max":28.758731842,"mean":8.9677734375,"median":7.67090034485,"min":2.31589746475,"var":22.0300312042},"erbbands_flatness_db":{"dmean":0.0138308424503,"dmean2":0.0204991232604,"dvar":0.000198368987185,"dvar2":0.000403835409088,"max":0.290471255779,"mean":0.135080263019,"median":0.129945516586,"min":0.0256247706711,"var":0.00117345608305},"erbbands_kurtosis":{"dmean":0.802516102791,"dmean2":1.26656985283,"dvar":1.70145356655,"dvar2":4.03348445892,"max":38.2511672974,"mean":0.551844418049,"median":-0.340062379837,"min":-1.89538967609,"var":10.7124605179},"erbbands_skewness":{"dmean":0.315238177776,"dmean2":0.481590390205,"dvar":0.100468240678,"dvar2":0.220293998718,"max":4.82713460922,"mean":0.544761776924,"median":0.466936528683,"min":-3.37577009201,"var":0.773227095604},"erbbands_spread":{"dmean":8.43182563782,"dmean2":12.9560642242,"dvar":78.5045089722,"dvar2":173.973083496,"max":181.583343506,"mean":51.1908683777,"median":49.161026001,"min":4.17959594727,"var":472.922454834},"gfcc":{"cov":[[15891.0498047,1030.72302246,-1948.94958496,204.60710144,-802.844543457,290.694519043,-358.575683594,19.6481018066,-362.032714844,4.69633722305,-252.740234375,-153.333740234,-229.265838623],[1030.72302246,785.899658203,-43.0730514526,-58.5748214722,34.1573791504,-57.8401107788,43.9131622314,-61.0935325623,33.0421791077,-78.3695831299,9.55240821838,-51.5911827087,17.1857128143],[-1948.94958496,-43.0730514526,736.707763672,74.4928665161,117.190193176,-45.4614143372,15.4795417786,40.6340370178,31.0524120331,-0.801008045673,33.2995033264,39.3132209778,19.1044235229],[204.60710144,-58.5748214722,74.4928665161,344.419036865,-24.515455246,-32.446849823,30.8784122467,-31.9497013092,23.205488205,-0.754125475883,21.7564105988,-8.42491436005,-3.33943557739],[-802.844543457,34.1573791504,117.190193176,-24.515455246,217.017700195,24.8040027618,8.68067646027,-1.07165873051,28.354341507,27.7222175598,10.699382782,-0.891786277294,5.03015995026],[290.694519043,-57.8401107788,-45.4614143372,-32.446849823,24.8040027618,137.182678223,30.4246559143,19.4492874146,-35.5339508057,12.2267570496,5.23612117767,0.659075200558,-19.0121669769],[-358.575683594,43.9131622314,15.4795417786,30.8784122467,8.68067646027,30.4246559143,147.394287109,12.0491456985,4.48296260834,-15.6626882553,15.9722747803,-3.24728393555,-8.36764526367],[19.6481018066,-61.0935325623,40.6340370178,-31.9497013092,-1.07165873051,19.4492874146,12.0491456985,127.199676514,33.4579391479,11.0301971436,-14.1978321075,6.78464174271,3.3486521244],[-362.032714844,33.0421791077,31.0524120331,23.205488205,28.354341507,-35.5339508057,4.48296260834,33.4579391479,106.150260925,18.8019371033,4.95207834244,-3.82733225822,9.11238288879],[4.69633722305,-78.3695831299,-0.801008045673,-0.754125475883,27.7222175598,12.2267570496,-15.6626882553,11.0301971436,18.8019371033,96.7822723389,23.8215465546,3.57123446465,-11.1745119095],[-252.740234375,9.55240821838,33.2995033264,21.7564105988,10.699382782,5.23612117767,15.9722747803,-14.1978321075,4.95207834244,23.8215465546,77.3484115601,29.6191310883,5.73151922226],[-153.333740234,-51.5911827087,39.3132209778,-8.42491436005,-0.891786277294,0.659075200558,-3.24728393555,6.78464174271,-3.82733225822,3.57123446465,29.6191310883,78.838508606,30.9863739014],[-229.265838623,17.1857128143,19.1044235229,-3.33943557739,5.03015995026,-19.0121669769,-8.36764526367,3.3486521244,9.11238288879,-11.1745119095,5.73151922226,30.9863739014,77.2471466064]],"icov":[[0.00055047229398,-0.00159177358728,0.00111593480688,-0.0014921433758,0.00142033805605,-0.00149428949226,0.0019554712344,-0.00161291880067,0.00193414196838,-0.00168202503119,0.00204526307061,-0.00162608490791,0.00149793492164],[-0.00159177358728,0.00641232868657,-0.00310123106465,0.00491657759994,-0.00446825195104,0.00495007727295,-0.00616561016068,0.00544002978131,-0.00636682473123,0.00651856698096,-0.00716209271923,0.00636839447543,-0.00489493366331],[0.00111593480688,-0.00310123106465,0.00403074780479,-0.00345825147815,0.00163312768564,-0.00199455511756,0.00389722944237,-0.00425894744694,0.0043421164155,-0.00282816798426,0.00343802082352,-0.00390913663432,0.00325681897812],[-0.0014921433758,0.00491657759994,-0.00345825147815,0.00764176482335,-0.00313616218045,0.00453457189724,-0.00624267198145,0.00584553927183,-0.00649942457676,0.00492291199043,-0.00659538898617,0.00562663236633,-0.00423497799784],[0.00142033805605,-0.00446825195104,0.00163312768564,-0.00313616218045,0.00987391825765,-0.00612147524953,0.00487316446379,-0.00254087150097,0.00278321048245,-0.00617846567184,0.00586396921426,-0.00368849583901,0.00298092910089],[-0.00149428949226,0.00495007727295,-0.00199455511756,0.00453457189724,-0.00612147524953,0.0149079486728,-0.0075413743034,0.0016406015493,-0.000638815807179,0.00396341830492,-0.00693337060511,0.00446245400235,-0.00229408452287],[0.0019554712344,-0.00616561016068,0.00389722944237,-0.00624267198145,0.00487316446379,-0.0075413743034,0.0152089241892,-0.00695532700047,0.00625711586326,-0.00383013370447,0.00501301558688,-0.0053398385644,0.00619515404105],[-0.00161291880067,0.00544002978131,-0.00425894744694,0.00584553927183,-0.00254087150097,0.0016406015493,-0.00695532700047,0.016041867435,-0.0107969213277,0.00412578554824,-0.00278080953285,0.00376199977472,-0.00500318221748],[0.00193414196838,-0.00636682473123,0.0043421164155,-0.00649942457676,0.00278321048245,-0.000638815807179,0.00625711586326,-0.0107969213277,0.0210464317352,-0.00869869254529,0.00624487176538,-0.00464939977974,0.00427004648373],[-0.00168202503119,0.00651856698096,-0.00282816798426,0.00492291199043,-0.00617846567184,0.00396341830492,-0.00383013370447,0.00412578554824,-0.00869869254529,0.0200641900301,-0.0122971963137,0.00660816393793,-0.00255579780787],[0.00204526307061,-0.00716209271923,0.00343802082352,-0.00659538898617,0.00586396921426,-0.00693337060511,0.00501301558688,-0.00278080953285,0.00624487176538,-0.0122971963137,0.0274586677551,-0.0145194362849,0.00637481501326],[-0.00162608490791,0.00636839447543,-0.00390913663432,0.00562663236633,-0.00368849583901,0.00446245400235,-0.0053398385644,0.00376199977472,-0.00464939977974,0.00660816393793,-0.0145194362849,0.0252575557679,-0.0119858914986],[0.00149793492164,-0.00489493366331,0.00325681897812,-0.00423497799784,0.00298092910089,-0.00229408452287,0.00619515404105,-0.00500318221748,0.00427004648373,-0.00255579780787,0.00637481501326,-0.0119858914986,0.0210824701935]],"mean":[6.24803161621,96.4279022217,-95.4760055542,50.3904838562,-60.1994972229,14.8796930313,-38.4909362793,3.96024990082,-28.5933380127,0.350749969482,-15.9629983902,-3.17351603508,-8.50485134125]},"hfc":{"dmean":5.05609321594,"dmean2":7.29940891266,"dvar":51.8495597839,"dvar2":103.154541016,"max":277.318908691,"mean":20.1686019897,"median":17.2280807495,"min":8.74132144446e-9,"var":226.815765381},"melbands":{"dmean":[0.000834539707284,0.00160509604029,0.00165510049555,0.000720029696822,0.000469464779599,0.000359997909982,0.000193503132323,0.000119709926366,0.0000800098714535,0.0000896911806194,0.000046178993216,0.0000515583633387,0.0000542697853234,0.0000284363341052,0.0000239116743614,0.0000262358207692,0.0000245591545536,0.0000258922864305,0.0000159029950737,0.0000142031376527,0.0000102379381133,0.00000991841716314,0.00000788971101429,0.00000603035005042,0.00000443799808636,0.00000524207507624,0.00000644886313239,0.00000397220537707,0.00000332452896146,0.00000331488149641,0.00000263184983851,0.00000190771697817,0.00000175198715624,0.00000109651182356,8.33024841995e-7,8.0520476331e-7,7.34237801225e-7,7.25514269106e-7,7.76504805344e-7,6.01486078722e-7],"dmean2":[0.001422080677,0.00276730302721,0.00283077335916,0.00121977436356,0.000750260136556,0.000567919982132,0.000315824872814,0.000193427520571,0.000126162121887,0.000141020820593,0.000071322065196,0.0000787301323726,0.0000824244998512,0.0000449117760581,0.0000376610369131,0.0000409874555771,0.0000382693033316,0.000040187715058,0.0000244382626988,0.000021309206204,0.000015224373783,0.0000157135928021,0.0000124172156575,0.00000978859316092,0.00000720292018741,0.00000843187717692,0.00001048345257,0.00000641897895548,0.00000543605301573,0.00000528617783857,0.00000420068045059,0.00000298476402349,0.00000275793036053,0.00000170086730122,0.00000127992791477,0.00000125009478325,0.00000113381020128,0.00000111533938707,0.00000119649462249,9.06063348793e-7],"dvar":[0.00000180145298145,0.00000809645189292,0.00000513729082741,0.00000131872252496,7.00051941749e-7,3.98550525915e-7,2.12742776284e-7,9.16965632314e-8,6.07163386235e-8,4.91544334125e-8,1.73190244368e-8,1.96107379224e-8,1.53580188567e-8,5.40012834449e-9,4.0826995118e-9,4.03796240889e-9,3.88863341527e-9,5.97827076732e-9,2.11887973833e-9,2.25245511132e-9,1.05042552434e-9,7.35091154613e-10,4.18570761385e-10,1.6644646772e-10,6.89784201979e-11,7.79240422188e-11,1.20491866484e-10,5.69061360534e-11,4.83592783873e-11,7.16130210687e-11,3.26449284271e-11,1.30374591331e-11,1.11217077214e-11,3.90126949842e-12,3.63745210168e-12,5.37303881942e-12,6.53063107064e-12,8.93549470526e-12,1.24605195953e-11,7.6842395294e-12],"dvar2":[0.00000494100868309,0.0000219784014917,0.0000142566605064,0.00000356890973308,0.00000165862627455,9.07996536625e-7,4.93158836434e-7,2.1331780431e-7,1.56906708071e-7,1.12950942821e-7,3.80258562416e-8,4.07746654218e-8,3.06800380656e-8,1.27432189245e-8,9.31677934801e-9,9.50819778467e-9,8.91757689914e-9,1.41905802664e-8,4.44188330562e-9,4.42615277763e-9,1.89521154326e-9,1.71622516199e-9,8.87538986749e-10,3.88893889314e-10,1.69407196604e-10,1.96493141202e-10,3.01772828948e-10,1.52316798063e-10,1.30106300733e-10,1.86915788403e-10,8.26505600071e-11,3.11256680152e-11,2.70182296674e-11,8.73372207888e-12,7.33268480657e-12,1.13119669881e-11,1.13690680134e-11,1.73268656367e-11,2.75195127103e-11,1.424807234e-11],"max":[0.0142148453742,0.0294209886342,0.029236368835,0.0210545752198,0.0208022706211,0.0102670611814,0.0111632002518,0.0106403660029,0.00755000859499,0.0062571503222,0.00478054210544,0.00453452859074,0.00352068711072,0.00292058545165,0.00228226394393,0.00235753622837,0.00259873177856,0.00255329301581,0.00191587547306,0.00148788024671,0.00136675336398,0.000931940565351,0.000815992418211,0.000507631222717,0.000285664456896,0.000311182695441,0.000253068108577,0.000221842055907,0.0001691182988,0.000314562494168,0.000155733781867,0.000120375843835,0.0000799453628133,0.0000711354878149,0.000133780646138,0.0001608702878,0.000192917548702,0.0001827460801,0.000225256459089,0.000192115592654],"mean":[0.0014833942987,0.00252341176383,0.00302746286616,0.00140643201303,0.00105505401734,0.000749698549043,0.00032728415681,0.000196260443772,0.000152614928083,0.000155016139615,0.0000806780226412,0.0000920819074963,0.000103426609712,0.0000474793123431,0.0000410872817156,0.0000469961560157,0.0000429816172982,0.0000428522944276,0.0000258578493231,0.0000229698925978,0.0000176199009729,0.0000164612465596,0.0000130695752887,0.0000106701654659,0.00000819392062112,0.0000106531097117,0.0000129161089717,0.00000801321220933,0.0000070747510108,0.00000718408682587,0.00000569503708903,0.00000429305691796,0.00000388535454476,0.00000245193291448,0.00000185543490261,0.00000166449592598,0.00000139956898693,0.00000126600139083,0.00000121339235193,9.44738928865e-7],"median":[0.00103036127985,0.00179569004104,0.00252752983943,0.000992368906736,0.000549673102796,0.000332785624778,0.000124257145217,0.0000832432415336,0.0000510743921041,0.0000640271173324,0.0000248630276474,0.0000276038445008,0.00003205685789,0.0000179099297384,0.0000150623427544,0.0000118516500152,0.0000101374771475,0.0000123812124002,0.00000958366399573,0.00000762018817113,0.00000608040500083,0.00000657770397083,0.00000614834516455,0.00000597654434387,0.00000464386266685,0.00000671287853038,0.00000674165903547,0.0000040815821194,0.00000350378968506,0.00000296419284496,0.00000273149248642,0.00000233556238527,0.00000192637139662,0.00000135619143293,0.0000010307149978,8.60150692006e-7,6.92202661412e-7,5.43867997749e-7,5.19249738318e-7,3.69965363234e-7],"min":[4.02796590841e-14,3.36130015694e-14,2.23939129637e-14,1.11087193657e-14,3.31424044635e-15,2.24984444527e-15,7.25297626185e-15,1.36644388431e-14,1.60465140253e-14,1.20675437213e-14,5.29932737977e-15,1.04594127074e-15,2.16358181583e-16,2.07886621265e-16,2.48836495275e-16,9.630198157e-16,8.37793829503e-16,3.0536077732e-16,1.02602551445e-15,7.93159693045e-16,8.5331951991e-17,1.68775007275e-16,1.00507584856e-15,6.02822443012e-16,4.8138624104e-16,4.02168278741e-16,3.16441291759e-16,5.76690841314e-16,4.00718528912e-16,2.24017000552e-16,5.9550381365e-16,8.35837077516e-16,8.44148958888e-16,1.3113389542e-16,3.46704799583e-16,2.20594166882e-16,1.1591301776e-16,1.23642881618e-16,1.3145395476e-16,2.23099266823e-16],"var":[0.00000213530643123,0.00000728662826077,0.00000630702425042,0.00000237640620071,0.00000312383758683,0.00000137835127134,5.25589371136e-7,2.09888867175e-7,1.99752960839e-7,1.12705173194e-7,4.46385755026e-8,6.07548145126e-8,5.89663677886e-8,1.17265201993e-8,8.7959719508e-9,1.07082867018e-8,1.14868292656e-8,1.26012640322e-8,4.78608175314e-9,4.95519447696e-9,2.85680701317e-9,1.47130496675e-9,7.94706522811e-10,3.00451580282e-10,1.44693618198e-10,1.85589002499e-10,3.05244496346e-10,1.31918309609e-10,1.18488358014e-10,2.22945537032e-10,8.33405913725e-11,3.64302824019e-11,3.27148377832e-11,1.20382740235e-11,9.89031079257e-12,1.22177424428e-11,1.74766052324e-11,2.06563550986e-11,1.86770147959e-11,1.74642453277e-11]},"melbands_crest":{"dmean":2.94430327415,"dmean2":4.91465234756,"dvar":7.41524267197,"dvar2":20.2239742279,"max":36.8443336487,"mean":14.6897201538,"median":13.6797227859,"min":4.69765424728,"var":28.4774913788},"melbands_flatness_db":{"dmean":0.0245844963938,"dmean2":0.0383861064911,"dvar":0.000559751759283,"dvar2":0.00137042766437,"max":0.688260912895,"mean":0.225192040205,"median":0.213746339083,"min":0.0312241204083,"var":0.00552575988695},"melbands_kurtosis":{"dmean":12.0001392365,"dmean2":19.3321208954,"dvar":610.720397949,"dvar2":1638.1739502,"max":908.230102539,"mean":29.9051036835,"median":19.9740409851,"min":-1.87923240662,"var":2166.95751953},"melbands_skewness":{"dmean":0.815249443054,"dmean2":1.29539060593,"dvar":0.716855943203,"dvar2":1.79555141926,"max":21.1930084229,"mean":3.88648700714,"median":3.65337276459,"min":-0.856614887714,"var":3.71386766434},"melbands_spread":{"dmean":4.61875200272,"dmean2":7.17401123047,"dvar":46.414276123,"dvar2":104.491088867,"max":200.721466064,"mean":15.4274158478,"median":12.0681190491,"min":0.266240507364,"var":158.622940063},"mfcc":{"cov":[[8429.59765625,288.928314209,-568.258728027,-135.474060059,-282.800079346,16.1717300415,-58.374370575,-105.331504822,-92.1151123047,-77.0185012817,-57.873878479,-21.5695266724,-54.9503173828],[288.928314209,883.121398926,16.3044033051,-19.2403850555,46.6899223328,-15.4855661392,1.6299431324,9.90101528168,15.967707634,-14.0221624374,-2.32087469101,-28.9705066681,-6.3668422699],[-568.258728027,16.3044033051,439.470092773,157.640319824,37.1723556519,-20.388584137,13.2111854553,41.4119033813,-12.1880455017,11.0025959015,-3.56444430351,-9.70171165466,17.3282012939],[-135.474060059,-19.2403850555,157.640319824,308.278137207,12.9234571457,37.5622291565,-19.5344905853,3.0887196064,-9.99967002869,25.470035553,-8.30699825287,1.99990582466,3.62604045868],[-282.800079346,46.6899223328,37.1723556519,12.9234571457,176.4894104,8.9943447113,-9.02257347107,-16.6685066223,18.7870559692,4.56531047821,8.624584198,4.30805063248,11.8798913956],[16.1717300415,-15.4855661392,-20.388584137,37.5622291565,8.9943447113,127.311103821,47.1848487854,-7.90776920319,-29.1400547028,3.93678069115,10.7169704437,5.10556268692,-14.2133483887],[-58.374370575,1.6299431324,13.2111854553,-19.5344905853,-9.02257347107,47.1848487854,127.106109619,26.8948307037,-6.46828317642,-4.71711540222,18.7528038025,7.66800832748,-9.4017124176],[-105.331504822,9.90101528168,41.4119033813,3.0887196064,-16.6685066223,-7.90776920319,26.8948307037,102.748062134,24.6776218414,2.29265928268,-5.0261092186,-4.16421365738,7.87046098709],[-92.1151123047,15.967707634,-12.1880455017,-9.99967002869,18.7870559692,-29.1400547028,-6.46828317642,24.6776218414,95.4147949219,24.9642562866,-0.118303187191,1.63489377499,5.40863418579],[-77.0185012817,-14.0221624374,11.0025959015,25.470035553,4.56531047821,3.93678069115,-4.71711540222,2.29265928268,24.9642562866,78.4136428833,30.5634288788,3.32839846611,-4.25564002991],[-57.873878479,-2.32087469101,-3.56444430351,-8.30699825287,8.624584198,10.7169704437,18.7528038025,-5.0261092186,-0.118303187191,30.5634288788,75.9412460327,27.1153411865,4.88488531113],[-21.5695266724,-28.9705066681,-9.70171165466,1.99990582466,4.30805063248,5.10556268692,7.66800832748,-4.16421365738,1.63489377499,3.32839846611,27.1153411865,60.3096961975,22.7356758118],[-54.9503173828,-6.3668422699,17.3282012939,3.62604045868,11.8798913956,-14.2133483887,-9.4017124176,7.87046098709,5.40863418579,-4.25564002991,4.88488531113,22.7356758118,69.1546325684]],"icov":[[0.000142146644066,-0.0000630113790976,0.000175354420207,-0.0000390269087802,0.000203837073059,0.00000947723583522,0.0000340115802828,0.0000845554968691,0.0000952984992182,0.0000497508590342,0.000063823950768,-0.00000535926028533,0.0000200497652258],[-0.0000630113790976,0.0012133710552,-0.0000921872488107,0.0000442991040472,-0.000411015411373,0.000108445397927,-0.0000540348046343,-0.000132336121169,-0.000235613217228,0.000365383311873,-0.000376940093702,0.000711332133505,0.0000167067701113],[0.000175354420207,-0.0000921872488107,0.00355370319448,-0.00190667796414,-0.000672606518492,0.00169714842923,-0.00104762648698,-0.00114457739983,0.00141593127046,-0.000309913128149,-0.00002122904516,0.000829511031043,-0.000608464761171],[-0.0000390269087802,0.0000442991040472,-0.00190667796414,0.00474613811821,0.000186713252333,-0.00230925600044,0.00157260533888,0.0000840265856823,-0.0000230381228903,-0.00156304228585,0.00129970617127,-0.000979566946626,0.0000353647956217],[0.000203837073059,-0.000411015411373,-0.000672606518492,0.000186713252333,0.00684161204845,-0.00148106995039,0.000784732983448,0.00186252221465,-0.00217475974932,0.000777642533649,-0.000835827901028,0.000233838785789,-0.00110201269854],[0.00000947723583522,0.000108445397927,0.00169714842923,-0.00230925600044,-0.00148106995039,0.0118116205558,-0.0048454250209,0.000328836758854,0.00375832570717,-0.00145708606578,0.00024703447707,-0.000539015396498,0.00147539353929],[0.0000340115802828,-0.0000540348046343,-0.00104762648698,0.00157260533888,0.000784732983448,-0.0048454250209,0.0113736959174,-0.00300737470388,-0.000637947639916,0.00208057858981,-0.00286496360786,-0.000968844105955,0.0016587813152],[0.0000845554968691,-0.000132336121169,-0.00114457739983,0.0000840265856823,0.00186252221465,0.000328836758854,-0.00300737470388,0.0125357834622,-0.0037045890931,0.000181601513759,0.000921739905607,0.00127139571123,-0.00193271250464],[0.0000952984992182,-0.000235613217228,0.00141593127046,-0.0000230381228903,-0.00217475974932,0.00375832570717,-0.000637947639916,-0.0037045890931,0.0148369036615,-0.005827548448,0.00264344131574,-0.00143764435779,-0.0000517179068993],[0.0000497508590342,0.000365383311873,-0.000309913128149,-0.00156304228585,0.000777642533649,-0.00145708606578,0.00208057858981,0.000181601513759,-0.005827548448,0.0189844593406,-0.00923863425851,0.00273207318969,0.00144033192191],[0.000063823950768,-0.000376940093702,-0.00002122904516,0.00129970617127,-0.000835827901028,0.00024703447707,-0.00286496360786,0.000921739905607,0.00264344131574,-0.00923863425851,0.021047949791,-0.00888012815267,0.000310581352096],[-0.00000535926028533,0.000711332133505,0.000829511031043,-0.000979566946626,0.000233838785789,-0.000539015396498,-0.000968844105955,0.00127139571123,-0.00143764435779,0.00273207318969,-0.00888012815267,0.0240419022739,-0.0075189480558],[0.0000200497652258,0.0000167067701113,-0.000608464761171,0.0000353647956217,-0.00110201269854,0.00147539353929,0.0016587813152,-0.00193271250464,-0.0000517179068993,0.00144033192191,0.000310581352096,-0.0075189480558,0.0181091669947]],"mean":[-632.689758301,116.725746155,22.4172649384,36.073425293,6.20110654831,10.4196014404,3.36621022224,0.309639930725,-2.58231520653,-0.877769052982,-3.06820487976,-4.45545005798,-2.44248962402]},"pitch_salience":{"dmean":0.0682411268353,"dmean2":0.112561956048,"dvar":0.00392633257434,"dvar2":0.0107664903626,"max":0.877920091152,"mean":0.566751539707,"median":0.578505694866,"min":0.103774756193,"var":0.0151715958491},"silence_rate_20dB":{"dmean":0,"dmean2":0,"dvar":0,"dvar2":0,"max":1,"mean":1,"median":1,"min":1,"var":0},"silence_rate_30dB":{"dmean":0.00228523951955,"dmean2":0.00457095354795,"dvar":0.0022803794127,"dvar2":0.00579537544399,"max":1,"mean":0.997922718525,"median":1,"min":0,"var":0.00207259389572},"silence_rate_60dB":{"dmean":0.000830996141303,"dmean2":0.00166216492653,"dvar":0.000830290780868,"dvar2":0.00186721980572,"max":1,"mean":0.0239925216883,"median":0,"min":0,"var":0.0234171431512},"spectral_centroid":{"dmean":214.405502319,"dmean2":331.980041504,"dvar":56939.1328125,"dvar2":130765.203125,"max":4242.26074219,"mean":1076.53283691,"median":945.350708008,"min":176.175842285,"var":373656.875},"spectral_complexity":{"dmean":3.74529957771,"dmean2":5.66071081161,"dvar":17.8094768524,"dvar2":38.3525428772,"max":55,"mean":18.325094223,"median":17,"min":0,"var":87.6986618042},"spectral_contrast_coeffs":{"dmean":[0.0500433780253,0.0478149279952,0.0371992401779,0.0299463029951,0.0201630871743,0.0190163478255],"dmean2":[0.0850361734629,0.0785931348801,0.0595971718431,0.047335613519,0.0326051302254,0.0293137859553],"dvar":[0.00184487435035,0.00160356226843,0.000987746170722,0.000643931387458,0.00028204525006,0.000309789000312],"dvar2":[0.00538022862747,0.00420694192871,0.00242027523927,0.00148672738578,0.000680860131979,0.000682439422235],"max":[-0.346267640591,-0.418765962124,-0.492917627096,-0.536460578442,-0.583848893642,-0.55955851078],"mean":[-0.614183545113,-0.69714063406,-0.761465072632,-0.786593794823,-0.796548843384,-0.752770900726],"median":[-0.611895799637,-0.702147245407,-0.768623948097,-0.794648826122,-0.799359798431,-0.752356767654],"min":[-0.943157553673,-0.976755619049,-0.958550393581,-0.950324177742,-0.937579035759,-0.923759222031],"var":[0.00635125534609,0.00637509208173,0.00477900914848,0.00331068271771,0.00163387495559,0.00212129135616]},"spectral_contrast_valleys":{"dmean":[0.345927327871,0.381279051304,0.338948041201,0.309873074293,0.239821568131,0.255259275436],"dmean2":[0.576240897179,0.617375314236,0.535452842712,0.476523637772,0.361145704985,0.354200571775],"dvar":[0.083835169673,0.103768892586,0.0890147536993,0.0817877873778,0.0629367828369,0.0870328396559],"dvar2":[0.22864857316,0.254707694054,0.204363688827,0.17475733161,0.138667151332,0.169357150793],"max":[-5.02563858032,-4.90018987656,-5.44424962997,-5.70077705383,-5.82202005386,-7.40529632568],"mean":[-6.76199388504,-6.84817552567,-7.5371670723,-7.9292883873,-7.54188537598,-9.987449646],"median":[-6.55477046967,-6.6539516449,-7.30802440643,-7.73531532288,-7.29175901413,-9.74918365479],"min":[-18.6744213104,-17.6680202484,-19.0789279938,-18.9280815125,-18.6777687073,-20.5342636108],"var":[1.47563242912,1.72561371326,1.91260313988,1.82009255886,1.64976346493,1.41043353081]},"spectral_decrease":{"dmean":2.92330359919e-9,"dmean2":4.70739047742e-9,"dvar":1.31090301347e-17,"dvar2":3.27429916358e-17,"max":-1.03227132127e-19,"mean":-9.29648003023e-9,"median":-8.3904447834e-9,"min":-4.68668837073e-8,"var":2.42340758421e-17},"spectral_energy":{"dmean":0.0113166831434,"dmean2":0.0181685388088,"dvar":0.000194032370928,"dvar2":0.000482971488964,"max":0.180589422584,"mean":0.0369163118303,"median":0.0335363820195,"min":1.18246742693e-12,"var":0.000370168505469},"spectral_energyband_high":{"dmean":0.000324974767864,"dmean2":0.000471109320642,"dvar":4.34426908669e-7,"dvar2":8.22080664875e-7,"max":0.0308930967003,"mean":0.000966929481365,"median":0.000574029400013,"min":4.30969875672e-13,"var":0.00000172488239514},"spectral_energyband_low":{"dmean":0.00752532668412,"dmean2":0.0127038108185,"dvar":0.000133531793836,"dvar2":0.000356528122211,"max":0.117744907737,"mean":0.0146648501977,"median":0.0115873627365,"min":2.4565267355e-13,"var":0.000149737548782},"spectral_energyband_middle_high":{"dmean":0.00137826730497,"dmean2":0.00203705625609,"dvar":0.00000419341995439,"dvar2":0.00000856925362314,"max":0.041628677398,"mean":0.00419540284202,"median":0.00250412011519,"min":8.74587403367e-14,"var":0.0000226174888667},"spectral_energyband_middle_low":{"dmean":0.00727105000988,"dmean2":0.0117875058204,"dvar":0.0000766451994423,"dvar2":0.000194884603843,"max":0.143702730536,"mean":0.0205994397402,"median":0.0178552381694,"min":3.17878888359e-13,"var":0.000197652479983},"spectral_entropy":{"dmean":0.148556083441,"dmean2":0.225059360266,"dvar":0.0263351108879,"dvar2":0.0560755208135,"max":9.02669715881,"mean":7.51550722122,"median":7.61166572571,"min":5.23177528381,"var":0.213511303067},"spectral_flux":{"dmean":0.0281437728554,"dmean2":0.0419642366469,"dvar":0.000860688218381,"dvar2":0.00163416785654,"max":0.279196470976,"mean":0.0900500863791,"median":0.0815190598369,"min":0.00000371495434592,"var":0.00241805193946},"spectral_kurtosis":{"dmean":1.02298903465,"dmean2":1.68410813808,"dvar":2.04090332985,"dvar2":5.23563528061,"max":65.7749252319,"mean":3.36841988564,"median":2.77542996407,"min":-1.33885014057,"var":6.511698246},"spectral_rms":{"dmean":0.000874934426975,"dmean2":0.00138520682231,"dvar":9.32070463477e-7,"dvar2":0.00000226428323913,"max":0.0132734617218,"mean":0.00576658314094,"median":0.00572000164539,"min":3.39650831904e-8,"var":0.00000276261016552},"spectral_rolloff":{"dmean":341.535675049,"dmean2":578.483886719,"dvar":548811.5,"dvar2":1270250.875,"max":20025.8789062,"mean":987.688293457,"median":495.263671875,"min":21.533203125,"var":2786930.25},"spectral_skewness":{"dmean":0.172329381108,"dmean2":0.265397071838,"dvar":0.0324417799711,"dvar2":0.071365647018,"max":6.68089771271,"mean":1.41188240051,"median":1.37121582031,"min":-0.0448304526508,"var":0.259954094887},"spectral_spread":{"dmean":462803.3125,"dmean2":707984.8125,"dvar":368995205120,"dvar2":748910215168,"max":17725002,"mean":5148145,"median":4987731.5,"min":1469120.375,"var":1916221915140},"spectral_strongpeak":{"dmean":0.411108493805,"dmean2":0.698793768883,"dvar":0.547369778156,"dvar2":1.31978476048,"max":11.2784385681,"mean":0.874324977398,"median":0.609130740166,"min":0,"var":0.947196125984},"zerocrossingrate":{"dmean":0.00836793426424,"dmean2":0.0104641625658,"dvar":0.000111009234388,"dvar2":0.00014586179168,"max":0.505859375,"mean":0.0498799495399,"median":0.0439453125,"min":0.0009765625,"var":0.0014167316258}},"metadata":{"audio_properties":{"analysis_sample_rate":44100,"bit_rate":0,"codec":"flac","downmix":"mix","equal_loudness":0,"length":223.533340454,"lossless":true,"md5_encoded":"2f8774ca8cc376766e4801942690d8d3","replay_gain":-6.96401596069},"tags":{"album":["Who's Next"],"albumartist":["The Who"],"albumartistsort":["Who, The"],"artist":["The Who"],"artistsort":["Who, The"],"barcode":["076741721726"],"catalognumber":["MCABD 37217"],"composer":["Pete Townshend"],"date":["1990-01-01"],"encoder":["Easy CD-DA Extractor (http://www.poikosoft.com)"],"file_name":"07 Going Mobile.flac","format":["CD"],"genre":["Rock"],"label":["MCA Records Canada"],"language":["eng"],"musicbrainz_albumartistid":["9fdaa16b-a6c4-4831-b87c-bc9ca8ce7eaa"],"musicbrainz_albumid":["1d93e6be-d3de-4d77-a1bf-707a845fc89e"],"musicbrainz_artistid":["9fdaa16b-a6c4-4831-b87c-bc9ca8ce7eaa"],"musicbrainz_recordingid":["38aba715-17d9-48bc-82c1-43b4c93c7bd6"],"performer":["Roger Daltrey (vocal)","John Entwistle (vocal)","Pete Townshend (vocal)","Keith Moon (drums and percussion instruments)","Pete Townshend (guitar, synthesizer and organ)","John Entwistle (bass guitar and brass)"],"producer":["The Who","Kit Lambert","Chris Stamp","Pete Kameron"],"releasecountry":["CA"],"releasestatus":["official"],"releasetype":["album"],"replaygain_album_gain":["-3.94 dB"],"replaygain_album_peak":["0.99996948"],"replaygain_reference_loudness":["89.0 dB"],"replaygain_track_gain":["-2.73 dB"],"replaygain_track_peak":["0.98400879"],"script":["Latn"],"title":["Going Mobile"],"totaltracks":["9"],"tracknumber":["7"],"tracktotal":["9"]},"version":{"essentia":"2.1-beta1","essentia_build_sha":"eef087cf131c10083d474ad51def18efd0e38295","essentia_git_sha":"v2.1_beta1-7-ge0e83e8-dirty","extractor":"music 1.0"}},"rhythm":{"beats_count":506,"beats_loudness":{"dmean":0.0162320323288,"dmean2":0.0280672777444,"dvar":0.000202592971618,"dvar2":0.00058045773766