{"lowlevel":{"average_loudness":0.870522737503,"barkbands":{"dmean":[0.0000160793479154,0.00104648072738,0.00108106900007,0.00108122127131,0.00124435464386,0.000635401403997,0.000565569207538,0.000192610386875,0.000343964260537,0.000164023032994,0.000106583742308,0.000201269969693,0.000139710944495,0.000299522274872,0.000196316919755,0.000384299928555,0.000852451543324,0.000376133510144,0.000342260900652,0.000110773966298,0.0000478699294035,0.0000165949531947,0.0000128205574583,0.00000870234089234,0.00000632894261798,0.00000476401237393,0.00000102600699847],"dmean2":[0.0000228067146963,0.00167057255749,0.00181799510028,0.00181492441334,0.0019630335737,0.00103020074312,0.000868208648171,0.000314865785185,0.000558149535209,0.000253199483268,0.00016683305148,0.000329910399159,0.000229497949476,0.000491632847115,0.000334139534971,0.000638109573629,0.00143766170368,0.000625550746918,0.000564559944905,0.000181412149686,0.0000776790911914,0.0000259902317339,0.0000192917468667,0.000012619433619,0.0000086896625362,0.00000649023513688,0.00000144865202856],"dvar":[1.27280563866e-9,0.00000888941940502,0.00000426386804975,0.00000270686632575,0.00000514874682267,6.87272404321e-7,6.62782269956e-7,1.23163474086e-7,3.65890770126e-7,1.84921759683e-7,5.3501718611e-8,1.93871898091e-7,5.12371194361e-8,1.93589542619e-7,6.2943804835e-8,2.37856042418e-7,0.00000121014511478,2.3104939828e-7,2.4674557153e-7,3.25764091258e-8,6.93892454606e-9,1.40556888351e-9,1.53386292556e-9,1.09249598257e-9,4.86066242811e-10,1.5828820199e-10,8.73875711377e-12],"dvar2":[2.78165512846e-9,0.0000179000544449,0.000011983260265,0.00000723338598618,0.0000107571095214,0.00000189752802271,0.0000015492272496,3.12967841865e-7,9.20668469462e-7,3.86017092069e-7,1.18929648352e-7,4.85636064695e-7,1.16429411889e-7,4.78176957586e-7,1.74003758957e-7,6.21284584668e-7,0.00000331329101755,5.68942425616e-7,6.02075886036e-7,7.87173419781e-8,1.68660818645e-8,2.83665024803e-9,2.70660494017e-9,1.96785676643e-9,8.00584487592e-10,2.72044692329e-10,1.65827056947e-11],"max":[0.000492165389005,0.03856562078,0.0392931625247,0.0366675071418,0.0518577098846,0.0141193959862,0.0192040093243,0.010730988346,0.0168689340353,0.0147407036275,0.0128349037841,0.015127107501,0.0067225699313,0.0105023160577,0.00455515272915,0.0118256285787,0.0239650383592,0.0147323841229,0.0107305478305,0.00303747341968,0.00195553502999,0.00144036766142,0.00131393480115,0.0012127548689,0.00116709340364,0.000406096281949,0.0000545534712728],"mean":[0.0000251663132076,0.00136822392233,0.00177995907143,0.00210200622678,0.00239215907641,0.00142778316513,0.00133676966652,0.000374356721295,0.000652312475722,0.000304309796775,0.000196873181267,0.000409032072639,0.000282388180494,0.000634124444332,0.000419164774939,0.000876750971656,0.00199551205151,0.000921586179174,0.000900867104065,0.000280297448626,0.000137129696668,0.0000444061115559,0.0000297027818306,0.0000211535243579,0.0000153699565999,0.0000106524512375,0.00000173693979377],"median":[0.0000136296384881,0.000418791023549,0.000837650964968,0.00103167467751,0.00140222150367,0.00102598348167,0.000698402407579,0.000164219614817,0.000365690822946,0.000103914477222,0.0000828425399959,0.000189581725863,0.000189612212125,0.00044458929915,0.000323735090205,0.000680197554175,0.00160456623416,0.000726468395442,0.000627626606729,0.000176857196493,0.00006392969226,0.0000156660335051,0.0000092337213573,0.00000581516496823,0.00000244699708674,9.316664773e-7,1.18966873686e-7],"min":[4.77603558418e-25,1.34389081636e-24,1.23004369242e-24,2.63565133752e-24,3.95479045969e-24,1.09942171743e-23,6.76007962956e-24,1.30365409814e-23,1.61020142272e-23,5.62917889103e-24,2.18978036969e-23,1.88749202625e-23,2.17130635169e-23,2.82866524842e-23,4.32871644522e-23,5.55076927249e-23,7.17734555434e-23,9.56647139032e-23,1.29903542798e-22,1.49636803679e-22,2.22914598036e-22,3.06389612351e-22,3.65488446041e-22,6.71050019498e-22,8.85946281884e-22,1.14194848308e-21,1.84552092791e-21],"var":[1.62451085917e-9,0.0000109771826828,0.0000062840758801,0.00000772734347265,0.0000113298619908,0.00000197151734938,0.00000328395685756,2.89269252107e-7,8.14612519662e-7,6.0833713178e-7,1.62411211591e-7,5.83191820169e-7,1.41666532727e-7,5.75253181978e-7,1.42921265933e-7,6.38610572423e-7,0.00000322251162288,6.8268815312e-7,8.65430706654e-7,9.54314032242e-8,2.80141119191e-8,4.86420370649e-9,4.65969751673e-9,2.72193134698e-9,1.35946476298e-9,5.66568403304e-10,1.77888485192e-11]},"barkbands_crest":{"dmean":1.67238092422,"dmean2":2.73269438744,"dvar":2.7674343586,"dvar2":6.72315597534,"max":26.1842632294,"mean":7.39360618591,"median":6.36382341385,"min":2.52247977257,"var":14.7749881744},"barkbands_flatness_db":{"dmean":0.0121681634337,"dmean2":0.0186176951975,"dvar":0.000174037195393,"dvar2":0.000357236567652,"max":0.46871483326,"mean":0.127646803856,"median":0.119905725121,"min":0.0311807375401,"var":0.0032408554107},"barkbands_kurtosis":{"dmean":0.858292579651,"dmean2":1.39810585976,"dvar":11.1688175201,"dvar2":27.2859191895,"max":201.356079102,"mean":1.45205593109,"median":-1.16956353188,"min":-1.87938427925,"var":183.968276978},"barkbands_skewness":{"dmean":0.347422838211,"dmean2":0.553500115871,"dvar":0.13023377955,"dvar2":0.30017220974,"max":10.4905281067,"mean":0.488415211439,"median":0.358545333147,"min":-2.15541052818,"var":0.936631679535},"barkbands_spread":{"dmean":3.566177845,"dmean2":5.72919130325,"dvar":13.9777078629,"dvar2":33.049243927,"max":133.314605713,"mean":30.5590057373,"median":31.5591278076,"min":0.211730107665,"var":111.576515198},"dissonance":{"dmean":0.00795024354011,"dmean2":0.013469430618,"dvar":0.000113413902,"dvar2":0.000320199033013,"max":0.500000119209,"mean":0.478220939636,"median":0.486682981253,"min":0.117034301162,"var":0.00151040218771},"dynamic_complexity":2.81551194191,"erbbands":{"dmean":[0.0276913288981,0.254547595978,0.962189674377,2.65724921227,4.1478600502,4.11715364456,5.48023748398,4.98318386078,8.29759979248,5.03190994263,4.0963549614,8.88235664368,5.24376344681,3.82437205315,4.86069774628,8.75036716461,5.64398384094,12.6224374771,10.1670045853,13.1008119583,23.9271869659,48.8929405212,21.1903152466,21.5815696716,11.2212333679,4.8936920166,2.51008892059,1.4064655304,0.582184016705,0.492595255375,0.334917038679,0.173754751682,0.154832944274,0.0843625515699,0.0399001836777,0.0251381602138,0.00819517765194,0.00151203456335,0.000168954706169,0.0000106410097942],"dmean2":[0.0432211868465,0.409428775311,1.63059031963,4.45390319824,6.55556726456,6.56632804871,8.87624359131,8.34961891174,12.8152666092,8.02587795258,6.64071083069,14.476518631,8.21681118011,5.92437648773,7.62682771683,14.4207601547,9.19707107544,20.7639579773,17.0448722839,21.9443435669,39.6524467468,82.6132888794,35.3431549072,35.6457862854,18.258014679,7.95579099655,4.08414697647,2.28231930733,0.908931434155,0.761184990406,0.503778755665,0.258350610733,0.227231413126,0.114948302507,0.0574947185814,0.0351206585765,0.0111713940278,0.00211173202842,0.000237153595663,0.0000150302084876],"dvar":[0.00743766780943,0.496242105961,4.07550477982,16.3436031342,88.0607147217,40.0911521912,60.009979248,45.9130935669,138.230300903,53.253578186,50.3379745483,239.009246826,123.866035461,146.647567749,106.8385849,371.403106689,87.2738494873,429.551300049,155.675537109,278.784973145,933.352111816,4352.87988281,664.94128418,998.304626465,269.298095703,77.4300537109,18.7057609558,8.00331020355,1.75534152985,1.67522680759,1.13761520386,0.356623291969,0.365333348513,0.136784106493,0.00966500490904,0.00383351463825,0.000625811575446,0.0000179865310201,2.25612467375e-7,4.82624384901e-10],"dvar2":[0.0154343657196,1.05045747757,11.4665842056,44.3178672791,180.85559082,96.1241760254,161.338790894,131.969802856,323.477020264,134.514923096,129.746673584,617.596984863,280.172332764,316.109649658,232.808853149,896.098022461,198.061950684,1063.11340332,413.474121094,748.407531738,2430.98413086,11810.4589844,1705.86621094,2477.54614258,655.980163574,188.236816406,46.7622146606,18.2330379486,3.45233082771,3.30330061913,1.99896204472,0.613215923309,0.66617834568,0.219115033746,0.0194982551038,0.00723858689889,0.00108419347089,0.0000335984477715,4.2370271558e-7,8.68663196929e-10],"max":[0.852486312389,11.3148946762,46.9421424866,92.0444335938,210.2293396,106.328552246,137.976196289,106.048095703,290.350830078,169.152603149,157.580871582,408.442810059,351.02166748,409.7081604,589.055664062,773.48059082,331.910491943,617.99029541,322.789001465,377.951812744,701.774169922,1353.34289551,803.032897949,650.240722656,359.958251953,196.378143311,89.4277801514,127.335266113,53.1495056152,36.6411972046,35.6059989929,18.6376743317,21.6284942627,19.7979984283,2.23837733269,1.51923334599,1.02916252613,0.110074587166,0.00746937282383,0.000343868538039],"mean":[0.0311390850693,0.352957218885,1.59187793732,5.70485782623,6.93440723419,7.90691041946,11.8890962601,10.2361717224,19.7730884552,11.9485569,8.77914333344,16.4196014404,10.7579927444,7.45500898361,10.3764429092,18.5865898132,13.9202537537,27.5178089142,24.5619926453,31.214427948,61.2679862976,113.269920349,58.8913841248,54.211391449,31.8092880249,13.3663797379,7.18139839172,4.06793212891,1.68712520599,1.22619211674,0.776105523109,0.428273558617,0.354486972094,0.189689606428,0.100367806852,0.0568365976214,0.0175370890647,0.00288826599717,0.000304332497763,0.0000364738953067],"median":[0.00885347370058,0.128412678838,0.840639233589,2.87095379829,3.44310712814,4.55860233307,6.72299003601,7.48394632339,11.4007015228,7.62371063232,5.1151971817,9.07306480408,4.82449865341,2.92829561234,4.54052686691,9.0657749176,10.0270023346,19.7526607513,19.2636489868,25.0481967926,49.8591651917,90.4180755615,49.9922561646,39.2133712769,21.9005088806,8.16389465332,3.8266108036,1.72279381752,0.576068937778,0.461824506521,0.216623112559,0.123768217862,0.0854600667953,0.0345368795097,0.0131997019053,0.00566453486681,0.0013968241401,0.000212618644582,0.0000336708690156,0.0000272691904684],"min":[7.4857889061e-23,3.26167301878e-22,1.60568873445e-21,7.6483340869e-21,1.76001173793e-20,1.65937148393e-20,5.74152977886e-20,8.87425986023e-20,1.53322463105e-19,1.51918194769e-19,3.27168750624e-19,3.99487523067e-19,4.00644205907e-19,5.9570523337e-19,1.02425939202e-18,8.04228211711e-19,1.2241112945e-18,2.01972421333e-18,2.41562319426e-18,3.40389971265e-18,4.3325056964e-18,4.8851256249e-18,5.2942987867e-18,5.72304552334e-18,8.07415958997e-18,8.45127784867e-18,8.53027938744e-18,8.7200412374e-18,1.08276287822e-17,1.06914243954e-17,1.08500164255e-17,1.07678219695e-17,1.07720273558e-17,8.70583192884e-18,6.15968149508e-18,4.0801415769e-18,2.00484695643e-18,1.00295597573e-18,2.53128098337e-19,2.93047828237e-20],"var":[0.00821606814861,0.60661059618,4.89079332352,53.190410614,184.874908447,95.7311019897,233.865234375,93.5080718994,646.041931152,168.04536438,124.970985413,503.826721191,382.862701416,433.692901611,356.09866333,1216.60778809,276.463134766,966.408996582,535.879455566,706.259094238,2655.71923828,11265.0820312,2225.6796875,2997.50219727,1109.83935547,230.203048706,67.51612854,29.1658210754,6.61200237274,5.02275276184,3.43257284164,1.01576519012,0.858361184597,0.345148146152,0.0339230075479,0.0133194392547,0.00208817166276,0.0000475815104437,4.8599810043e-7,1.35907229915e-9]},"erbbands_crest":{"dmean":2.10266518593,"dmean2":3.53439235687,"dvar":3.91836380959,"dvar2":10.9533061981,"max":32.6951065063,"mean":9.01804542542,"median":8.09457397461,"min":2.52497339249,"var":19.3756008148},"erbbands_flatness_db":{"dmean":0.0123733794317,"dmean2":0.0187125056982,"dvar":0.000158216673299,"dvar2":0.000312270334689,"max":0.485672742128,"mean":0.198366627097,"median":0.194220304489,"min":0.0330578908324,"var":0.00323278084397},"erbbands_kurtosis":{"dmean":1.35280442238,"dmean2":2.19545960426,"dvar":29.7122993469,"dvar2":74.5014953613,"max":324.688995361,"mean":3.85680007935,"median":0.274391651154,"min":-1.8031026125,"var":664.313232422},"erbbands_skewness":{"dmean":0.290638655424,"dmean2":0.469146460295,"dvar":0.100222855806,"dvar2":0.255236566067,"max":13.0517444611,"mean":-0.70712429285,"median":-0.955251932144,"min":-3.83886480331,"var":2.68233180046},"erbbands_spread":{"dmean":4.94445085526,"dmean2":7.97765302658,"dvar":22.5030574799,"dvar2":55.0497207642,"max":104.213394165,"mean":31.4954204559,"median":30.3257350922,"min":0.477606445551,"var":149.134765625},"gfcc":{"cov":[[19553.6542969,475.612640381,-1479.3782959,1440.00317383,18.1885280609,594.068786621,-567.247375488,127.915733337,-867.326660156,-280.546081543,-459.421844482,-65.8186645508,-150.165939331],[475.612640381,1194.28125,-569.932067871,137.195358276,145.492141724,-244.456253052,108.471908569,-152.764877319,132.673080444,-108.746368408,115.572303772,-108.632774353,72.3542861938],[-1479.3782959,-569.932067871,994.275390625,-133.974761963,-30.0622253418,187.310546875,10.1551580429,157.287734985,-32.4717788696,143.4243927,-64.6594390869,88.1925582886,-50.9358558655],[1440.00317383,137.195358276,-133.974761963,386.192169189,64.6053085327,104.073936462,28.6207904816,-35.7223396301,-49.6713485718,-57.8089675903,-35.8936042786,-53.5126266479,10.089556694],[18.1885280609,145.492141724,-30.0622253418,64.6053085327,241.978851318,20.1922855377,28.7251739502,-14.0226039886,-0.704114198685,-17.7678604126,15.3348522186,-2.3081176281,8.62969112396],[594.068786621,-244.456253052,187.310546875,104.073936462,20.1922855377,212.274871826,12.3561763763,71.2950057983,-79.7912368774,-2.93238162994,-46.7217483521,22.2528743744,-1.79782533646],[-567.247375488,108.471908569,10.1551580429,28.6207904816,28.7251739502,12.3561763763,187.082366943,14.4798612595,31.2931461334,17.9929771423,11.6292657852,13.3309421539,33.8981704712],[127.915733337,-152.764877319,157.287734985,-35.7223396301,-14.0226039886,71.2950057983,14.4798612595,130.51083374,9.2452878952,35.2448158264,-12.8290634155,22.4587688446,-16.0247268677],[-867.326660156,132.673080444,-32.4717788696,-49.6713485718,-0.704114198685,-79.7912368774,31.2931461334,9.2452878952,154.663330078,28.600435257,62.4727134705,-21.4716720581,3.49091267586],[-280.546081543,-108.746368408,143.4243927,-57.8089675903,-17.7678604126,-2.93238162994,17.9929771423,35.2448158264,28.600435257,130.81161499,20.1374893188,47.389957428,-19.7586116791],[-459.421844482,115.572303772,-64.6594390869,-35.8936042786,15.3348522186,-46.7217483521,11.6292657852,-12.8290634155,62.4727134705,20.1374893188,92.7521057129,9.56749153137,13.4840269089],[-65.8186645508,-108.632774353,88.1925582886,-53.5126266479,-2.3081176281,22.2528743744,13.3309421539,22.4587688446,-21.4716720581,47.389957428,9.56749153137,84.2192611694,18.5798377991],[-150.165939331,72.3542861938,-50.9358558655,10.089556694,8.62969112396,-1.79782533646,33.8981704712,-16.0247268677,3.49091267586,-19.7586116791,13.4840269089,18.5798377991,67.0431213379]],"icov":[[0.000297712540487,-0.000554593454581,0.000636431970634,-0.000805327494163,0.000302768312395,-0.000559531559702,0.00113607430831,-0.00126654526684,0.00111285154708,-0.000566332542803,0.00101244077086,-0.00103532627691,0.000797398563009],[-0.000554593454581,0.00320980977267,-0.000916283112019,0.000614470336586,-0.00147695816122,0.00345299043693,-0.00313977221958,0.00225861859508,-0.00193628913257,0.0017148720799,-0.00349064124748,0.00354524469003,-0.00275905034505],[0.000636431970634,-0.000916283112019,0.003272064263,-0.000926147797145,0.000448855396826,-0.00282041425817,0.00229938793927,-0.00295616523363,0.00172544491943,-0.00257110339589,0.00335764256306,-0.0024991678074,0.00220680539496],[-0.000805327494163,0.000614470336586,-0.000926147797145,0.00720616569743,-0.00115131726488,-0.00326781603508,-0.00330487079918,0.00547926267609,-0.00313343922608,0.000376477604732,-0.00108809839003,0.00519525492564,-0.00216066860594],[0.000302768312395,-0.00147695816122,0.000448855396826,-0.00115131726488,0.00525784539059,-0.00193905376364,0.000921055092476,-0.000750465493184,0.00101960590109,0.0000478223882965,0.00040833937237,-0.00240454101004,0.00195779348724],[-0.000559531559702,0.00345299043693,-0.00282041425817,-0.00326781603508,-0.00193905376364,0.0159744825214,-0.00350641761906,-0.00397235015407,0.00304859224707,0.00350534217432,-0.00452887499705,0.00244036340155,-0.00402052141726],[0.00113607430831,-0.00313977221958,0.00229938793927,-0.00330487079918,0.000921055092476,-0.00350641761906,0.0114966668189,-0.00553207984194,0.00257534417324,-0.00388736976311,0.00537089584395,-0.00478367554024,-0.000204607000342],[-0.00126654526684,0.00225861859508,-0.00295616523363,0.00547926267609,-0.000750465493184,-0.00397235015407,-0.00553207984194,0.0188436303288,-0.00911067053676,0.00169988919515,-0.00203720922582,0.00240648607723,-0.000335531542078],[0.00111285154708,-0.00193628913257,0.00172544491943,-0.00313343922608,0.00101960590109,0.00304859224707,0.00257534417324,-0.00911067053676,0.0183421429247,-0.00486432714388,-0.00400956999511,0.0036332430318,0.000246358657023],[-0.000566332542803,0.0017148720799,-0.00257110339589,0.000376477604732,0.0000478223882965,0.00350534217432,-0.00388736976311,0.00169988919515,-0.00486432714388,0.0160232819617,-0.00433577550575,-0.00695188343525,0.00510461861268],[0.00101244077086,-0.00349064124748,0.00335764256306,-0.00108809839003,0.00040833937237,-0.00452887499705,0.00537089584395,-0.00203720922582,-0.00400956999511,-0.00433577550575,0.0229950863868,-0.00867194961756,0.00208238768391],[-0.00103532627691,0.00354524469003,-0.0024991678074,0.00519525492564,-0.00240454101004,0.00244036340155,-0.00478367554024,0.00240648607723,0.0036332430318,-0.00695188343525,-0.00867194961756,0.0299261622131,-0.0142441736534],[0.000797398563009,-0.00275905034505,0.00220680539496,-0.00216066860594,0.00195779348724,-0.00402052141726,-0.000204607000342,-0.000335531542078,0.000246358657023,0.00510461861268,0.00208238768391,-0.0142441736534,0.0263649448752]],"mean":[-32.2891769409,105.268600464,-151.182098389,39.0185165405,-36.8448028564,-18.8779335022,-44.9113349915,4.71216011047,-21.3707294464,-3.97786545753,-13.1048002243,-4.29977226257,-14.6299552917]},"hfc":{"dmean":3.90573835373,"dmean2":6.17926597595,"dvar":22.9519882202,"dvar2":51.8781051636,"max":100.215614319,"mean":21.3598022461,"median":19.2558631897,"min":1.06883586986e-16,"var":184.238098145},"melbands":{"dmean":[0.00027425319422,0.000426490587415,0.000474434171338,0.000296641897876,0.000175620400114,0.000111300621938,0.000126871993416,0.0000510876889166,0.000038060505176,0.0000539730717719,0.0000262967569142,0.0000167170237546,0.0000152953907673,0.0000184636119229,0.0000199724581762,0.0000149874103954,0.0000273218920483,0.0000204238895094,0.0000151679896589,0.0000232464863075,0.0000314846765832,0.000055207972764,0.0000388290718547,0.0000158999282576,0.0000205287833523,0.0000103446227513,0.00000632578621662,0.00000329217186845,0.00000180593542609,0.00000141490943406,7.6923100778e-7,3.73615478111e-7,3.1593924632e-7,3.04027992115e-7,2.32210481954e-7,1.23582154288e-7,1.13541290148e-7,1.20085132949e-7,1.09152438199e-7,6.25223179895e-8],"dmean2":[0.000432711181929,0.000704540521838,0.000786580436397,0.000463894248242,0.000288334180368,0.000184952194104,0.00019481444906,0.0000821274370537,0.0000617553887423,0.00008782857185,0.0000409492349718,0.0000257066440099,0.0000240780409513,0.000030214081562,0.0000325701876136,0.0000247158259299,0.0000449089347967,0.0000342084895237,0.0000259323733189,0.0000387959298678,0.0000522608570463,0.0000934392955969,0.0000656357806292,0.0000265217258857,0.000034033011616,0.0000170632320078,0.0000103875963759,0.00000540506653124,0.00000295866311717,0.00000233299647334,0.00000125294855025,5.95300889472e-7,5.07228264723e-7,4.76487088008e-7,3.55373487082e-7,1.90996374272e-7,1.68829785707e-7,1.82549371175e-7,1.56409413421e-7,8.76131878158e-8],"dvar":[6.63090531816e-7,8.63678508267e-7,5.24548738667e-7,3.16854624316e-7,5.72767078211e-8,2.14345714511e-8,3.23894511212e-8,6.0077067765e-9,4.52166082354e-9,8.46382786079e-9,3.29276406141e-9,2.95531843442e-9,1.08599373938e-9,1.92788274234e-9,1.78870795953e-9,5.21669873965e-10,1.967197516e-9,6.76484701589e-10,3.86376153294e-10,8.44975145409e-10,1.61999136328e-9,5.95524651814e-9,2.31084018587e-9,4.18594714446e-10,9.42599664988e-10,2.21079946017e-10,8.6531191934e-11,4.01440547471e-11,1.00463639144e-11,5.72694062312e-12,2.91267856188e-12,7.13962472042e-13,4.99597054265e-13,7.0975419552e-13,5.80884895306e-13,1.33760136214e-13,1.86663333987e-13,1.97952087664e-13,3.20900614024e-13,5.77550702575e-14],"dvar2":[0.00000132524667151,0.00000226226688937,0.00000132782963647,6.64052663524e-7,1.56928905426e-7,6.10711765603e-8,7.46190806922e-8,1.51825378936e-8,1.14492140213e-8,2.15490469913e-8,7.32695992767e-9,6.27313267998e-9,2.37874120401e-9,4.85941953343e-9,4.43611636314e-9,1.22922527712e-9,4.90418505805e-9,1.75143066716e-9,1.09988429475e-9,2.22002349837e-9,4.24170965019e-9,1.62680979798e-8,6.14015949196e-9,1.07661957127e-9,2.35441954821e-9,5.53318280083e-10,2.12657780274e-10,1.01014877019e-10,2.55531186488e-11,1.47147797419e-11,6.51697185799e-12,1.52563996592e-12,1.04017836011e-12,1.43710791965e-12,1.04135645419e-12,2.6504129837e-13,3.48873707701e-13,3.82378455071e-13,6.17127713948e-13,8.796631636e-14],"max":[0.00877291336656,0.0219303630292,0.0144468666986,0.0132265202701,0.00402796966955,0.00219453684986,0.00445404509082,0.00217952160165,0.00183569639921,0.00220305542462,0.00191455020104,0.00191894848831,0.00200941856019,0.00136905594263,0.00133218010888,0.000465724093374,0.0012752484763,0.000756740628276,0.000484884163598,0.000754679786041,0.000720543786883,0.00174155773129,0.00134058808908,0.000446122081485,0.000657699012663,0.000389377441024,0.000185839031474,0.00012287539721,0.0000604795095569,0.0000477854919154,0.0000957849333645,0.0000348833782482,0.0000195744814846,0.0000223090082727,0.0000253132275247,0.0000124701482491,0.0000149287052409,0.0000184131040442,0.0000289464187517,0.0000141447389979],"mean":[0.000338630576152,0.000724270066712,0.000993399065919,0.00053635291988,0.000389919441659,0.000233092927374,0.000305974186631,0.000118336181913,0.0000756044246373,0.000100677985756,0.0000515252504556,0.0000302827866108,0.0000292754630209,0.0000419906682509,0.0000416747025156,0.0000305511457555,0.0000559215222893,0.0000435808033217,0.0000316544683301,0.0000521560868947,0.0000734476561774,0.00011974163499,0.0000852779849083,0.0000383533952117,0.0000459082293673,0.0000266926635959,0.0000152948305185,0.00000746566820453,0.00000452042422694,0.00000365472851627,0.00000193746609511,9.44230976074e-7,7.51849142944e-7,6.61270803448e-7,4.92546178066e-7,2.77542085314e-7,2.55470581578e-7,2.58711509105e-7,2.19717222194e-7,1.36479727075e-7],"median":[0.000101747013105,0.000367840315448,0.00054726091912,0.00029026393895,0.000240030203713,0.000172627522261,0.000172338666744,0.0000754240099923,0.0000456498819403,0.0000542343914276,0.0000206415425055,0.00000977399668045,0.0000127573439386,0.0000172046129592,0.0000247454845521,0.000021398816898,0.0000386987958336,0.0000323370586557,0.0000245864030148,0.000040652401367,0.0000582138090977,0.000092021713499,0.0000691577588441,0.0000297581191262,0.0000319630271406,0.0000177377824002,0.0000104200025817,0.00000388410853702,0.00000233674063566,0.00000163733693626,7.36423544367e-7,2.72210797903e-7,3.0048630606e-7,2.28625182785e-7,1.29020264694e-7,7.72308155206e-8,7.24684880993e-8,6.2356228625e-8,4.08705673749e-8,2.30942376334e-8],"min":[9.6958676924e-25,9.48121469578e-25,2.04917348639e-24,7.92064617269e-25,1.98313458736e-24,2.33359570805e-24,2.19896890318e-24,1.92346337355e-24,2.51285862952e-24,2.04265946747e-24,1.4513549709e-24,1.74900185398e-24,2.99440062531e-24,2.30760274122e-24,1.37091906452e-24,2.62176324407e-24,3.24990399504e-24,2.04061138734e-24,4.17346191375e-24,3.55351703315e-24,3.63385423331e-24,4.20505815959e-24,3.92683046819e-24,4.79005295221e-24,3.23615158567e-24,5.21458752026e-24,3.82434639255e-24,4.23898351725e-24,3.17743311862e-24,4.9515067471e-24,4.99146531297e-24,5.20648552433e-24,6.42837426853e-24,4.82266643419e-24,5.7361630237e-24,5.60594023205e-24,5.79499153685e-24,6.97542997921e-24,5.94615621895e-24,6.12169157543e-24],"var":[7.88419640685e-7,0.00000110125472474,0.00000147463845224,6.73386125527e-7,2.08258640555e-7,4.65608316347e-8,1.61092444273e-7,1.6556665372e-8,9.78164660381e-9,1.98764649184e-8,1.04087742869e-8,9.06134278722e-9,3.41303540985e-9,5.88833914961e-9,4.99630514739e-9,1.26612909046e-9,4.44848247128e-9,2.30066143914e-9,7.84627141037e-10,2.19669704649e-9,4.12236289549e-9,1.41848603974e-8,6.02418026574e-9,1.15484821706e-9,2.5075710397e-9,8.82877881914e-10,2.74113731713e-10,9.21839549139e-11,2.8976737676e-11,2.09901922232e-11,8.6943161004e-12,2.29221459522e-12,1.50908278929e-12,1.85537457793e-12,1.64126058664e-12,3.62219585923e-13,4.47719037408e-13,4.42299354694e-13,5.77977878231e-13,1.64495302687e-13]},"melbands_crest":{"dmean":2.52082538605,"dmean2":4.14749717712,"dvar":5.48385238647,"dvar2":14.266793251,"max":37.6153106689,"mean":11.4003543854,"median":10.4770669937,"min":1.39752912521,"var":23.3176174164},"melbands_flatness_db":{"dmean":0.0167678836733,"dmean2":0.025699082762,"dvar":0.000340007565683,"dvar2":0.000720756535884,"max":0.592484116554,"mean":0.178177848458,"median":0.168812409043,"min":0.0021025002934,"var":0.0049401242286},"melbands_kurtosis":{"dmean":2.2556014061,"dmean2":3.63681960106,"dvar":29.775894165,"dvar2":68.896194458,"max":279.991729736,"mean":5.2279419899,"median":1.15606975555,"min":-1.81976437569,"var":259.283233643},"melbands_skewness":{"dmean":0.441948831081,"dmean2":0.699487090111,"dvar":0.244944155216,"dvar2":0.544352829456,"max":15.8047456741,"mean":1.66033887863,"median":1.47427868843,"min":-1.71769475937,"var":1.26205646992},"melbands_spread":{"dmean":7.73313999176,"dmean2":12.3546905518,"dvar":58.8568954468,"dvar2":140.670928955,"max":154.114807129,"mean":43.1257324219,"median":44.0014076233,"min":0.358004897833,"var":374.679016113},"mfcc":{"cov":[[10604.5771484,652.745788574,-647.919128418,753.83807373,387.417816162,219.018005371,331.974273682,276.745513916,-61.8996162415,-99.8627929688,-208.023803711,-232.78565979,-345.076751709],[652.745788574,1001.07580566,-448.493011475,300.35546875,61.8044586182,9.89507007599,-10.0692176819,0.427981823683,-36.4383125305,-8.20736408234,-15.6997146606,11.1602602005,-33.870223999],[-647.919128418,-448.493011475,721.245849609,-178.119094849,-16.1069412231,16.4534702301,35.9974517822,-4.1431388855,67.2138519287,11.9969158173,35.9921073914,36.4782714844,58.6892166138],[753.83807373,300.35546875,-178.119094849,273.408935547,18.4493274689,67.6842193604,31.2958393097,5.37533855438,13.1825761795,-5.08844566345,-10.9856815338,10.3928098679,-14.9535055161],[387.417816162,61.8044586182,-16.1069412231,18.4493274689,199.73399353,4.2825551033,3.97746324539,21.1757831573,-37.5157203674,18.1587715149,8.27616405487,-29.9424247742,-31.9173812866],[219.018005371,9.89507007599,16.4534702301,67.6842193604,4.2825551033,98.0881500244,55.4202041626,9.88184165955,23.8224029541,-19.0251312256,-6.19458150864,5.44979715347,-0.708331286907],[331.974273682,-10.0692176819,35.9974517822,31.2958393097,3.97746324539,55.4202041626,133.064407349,44.2792663574,36.6910743713,-15.3583450317,-12.6684932709,-0.504128754139,1.56251585484],[276.745513916,0.427981823683,-4.1431388855,5.37533855438,21.1757831573,9.88184165955,44.2792663574,89.4159622192,21.1474647522,20.0339317322,-13.3157072067,-12.7797317505,-19.3255348206],[-61.8996162415,-36.4383125305,67.2138519287,13.1825761795,-37.5157203674,23.8224029541,36.6910743713,21.1474647522,91.9791488647,11.655831337,4.65056228638,18.4755344391,16.3250160217],[-99.8627929688,-8.20736408234,11.9969158173,-5.08844566345,18.1587715149,-19.0251312256,-15.3583450317,20.0339317322,11.655831337,85.4044952393,33.4508285522,10.2747631073,-1.17051339149],[-208.023803711,-15.6997146606,35.9921073914,-10.9856815338,8.27616405487,-6.19458150864,-12.6684932709,-13.3157072067,4.65056228638,33.4508285522,72.5306930542,40.678653717,23.3769073486],[-232.78565979,11.1602602005,36.4782714844,10.3928098679,-29.9424247742,5.44979715347,-0.504128754139,-12.7797317505,18.4755344391,10.2747631073,40.678653717,85.1221084595,52.2587547302],[-345.076751709,-33.870223999,58.6892166138,-14.9535055161,-31.9173812866,-0.708331286907,1.56251585484,-19.3255348206,16.3250160217,-1.17051339149,23.3769073486,52.2587547302,78.4159011841]],"icov":[[0.000164905417478,0.0000839066851768,0.0000229059442063,-0.000497744593304,-0.000191250524949,0.000174989720108,-0.000275809841696,-0.00028789229691,0.000140084099257,0.000220173838898,0.0000897602294572,-0.0000201971834031,0.000468969024951],[0.0000839066851768,0.00194699980784,0.000712660083082,-0.00205997447483,-0.000593212433159,0.00117346609477,-0.000181109877303,-0.000137137205456,0.000180390110472,0.000452873151517,0.000228855176829,-0.000916714139748,0.000534866703674],[0.0000229059442063,0.000712660083082,0.00231331330724,0.00093544612173,-0.000605740991887,-0.000645491178147,-0.000369519839296,0.000482080649817,-0.0013458172325,-0.0000738719900255,-0.000158932292834,-0.000476121087559,-0.000626814959105],[-0.000497744593304,-0.00205997447483,0.00093544612173,0.00928957015276,0.000230388584896,-0.0056738872081,0.000701604585629,0.00196644826792,-0.00175023509655,-0.00201573991217,0.00106423150282,-0.00145572447218,-0.000508455210365],[-0.000191250524949,-0.000593212433159,-0.000605740991887,0.000230388584896,0.00692535890266,-0.00105576065835,-0.0000385024686693,-0.00139578792732,0.00320290657692,-0.00128252210561,-0.00267566554248,0.00271553802304,0.000167491176398],[0.000174989720108,0.00117346609477,-0.000645491178147,-0.0056738872081,-0.00105576065835,0.0181343313307,-0.00573528604582,0.0005675223656,-0.00167356792372,0.00382912904024,-0.000632749521174,-0.00128204550128,0.00211486895569],[-0.000275809841696,-0.000181109877303,-0.000369519839296,0.000701604585629,-0.0000385024686693,-0.00573528604582,0.0134355481714,-0.00563129642978,-0.00274558365345,0.00263943010941,-0.000498381210491,0.000978526193649,-0.00249718152918],[-0.00028789229691,-0.000137137205456,0.000482080649817,0.00196644826792,-0.00139578792732,0.0005675223656,-0.00563129642978,0.0183906834573,-0.00318959844299,-0.00647973781452,0.00503387488425,-0.00181788834743,0.00304776476696],[0.000140084099257,0.000180390110472,-0.0013458172325,-0.00175023509655,0.00320290657692,-0.00167356792372,-0.00274558365345,-0.00318959844299,0.0165495052934,-0.00284272641875,0.000353464856744,-0.00085497496184,-0.00109833187889],[0.000220173838898,0.000452873151517,-0.0000738719900255,-0.00201573991217,-0.00128252210561,0.00382912904024,0.00263943010941,-0.00647973781452,-0.00284272641875,0.0190372243524,-0.00948482099921,0.000920901424251,0.00178827752825],[0.0000897602294572,0.000228855176829,-0.000158932292834,0.00106423150282,-0.00267566554248,-0.000632749521174,-0.000498381210491,0.00503387488425,0.000353464856744,-0.00948482099921,0.0262213423848,-0.0120538948104,0.000972442561761],[-0.0000201971834031,-0.000916714139748,-0.000476121087559,-0.00145572447218,0.00271553802304,-0.00128204550128,0.000978526193649,-0.00181788834743,-0.00085497496184,0.000920901424251,-0.0120538948104,0.0276555400342,-0.0144252069294],[0.000468969024951,0.000534866703674,-0.000626814959105,-0.000508455210365,0.000167491176398,0.00211486895569,-0.00249718152918,0.00304776476696,-0.00109833187889,0.00178827752825,0.000972442561761,-0.0144252069294,0.0258864592761]],"mean":[-657.805725098,129.514358521,-45.7720413208,46.9523658752,13.5855150223,-9.82588100433,-9.75396251678,-2.58677697182,-7.73962879181,-3.24589848518,-0.882954835892,2.19690155983,-3.57463026047]},"pitch_salience":{"dmean":0.0527112483978,"dmean2":0.0860904306173,"dvar":0.00235303607769,"dvar2":0.00588093604892,"max":0.89100587368,"mean":0.622991323471,"median":0.645532548428,"min":0.0809932723641,"var":0.0140821784735},"silence_rate_20dB":{"dmean":0,"dmean2":0,"dvar":0,"dvar2":0,"max":1,"mean":1,"median":1,"min":1,"var":0},"silence_rate_30dB":{"dmean":0,"dmean2":0,"dvar":0,"dvar2":0,"max":1,"mean":1,"median":1,"min":1,"var":0},"silence_rate_60dB":{"dmean":0.00136959494557,"dmean2":0.00273945787922,"dvar":0.00136774976272,"dvar2":0.00312342634425,"max":1,"mean":0.0666144937277,"median":0,"min":0,"var":0.0621773414314},"spectral_centroid":{"dmean":174.308410645,"dmean2":280.466796875,"dvar":39240.7382812,"dvar2":92044.640625,"max":11719.9521484,"mean":2004.27758789,"median":2061.86962891,"min":127.283500671,"var":711640.8125},"spectral_complexity":{"dmean":3.27196240425,"dmean2":5.32726716995,"dvar":9.75860691071,"dvar2":22.4361972809,"max":58,"mean":28.5823135376,"median":29,"min":0,"var":127.673675537},"spectral_contrast_coeffs":{"dmean":[0.0487511232495,0.0433587618172,0.034342430532,0.0269882157445,0.0210180915892,0.0151759600267],"dmean2":[0.0810304433107,0.072359316051,0.0570185519755,0.0455765277147,0.0351215340197,0.0246351566166],"dvar":[0.00160848279484,0.00121435895562,0.000719677074812,0.000451016356237,0.000288752373308,0.000205489603104],"dvar2":[0.00441245455295,0.00340156233869,0.00198791525327,0.00125452724751,0.000784496252891,0.000480107148178],"max":[-0.313566952944,-0.340285420418,-0.43370321393,-0.488137751818,-0.552353680134,-0.547143340111],"mean":[-0.61469823122,-0.726786375046,-0.780320823193,-0.791146576405,-0.744860887527,-0.730907320976],"median":[-0.611213445663,-0.735363304615,-0.787790834904,-0.7945728302,-0.739238858223,-0.732892096043],"min":[-0.989632368088,-0.979315578938,-0.978376090527,-0.971001923084,-0.966318964958,-0.964659035206],"var":[0.00644037313759,0.00652690697461,0.00376256089658,0.00203328882344,0.00232362467796,0.00343423546292]},"spectral_contrast_valleys":{"dmean":[0.408973813057,0.320705115795,0.272572100163,0.213066145778,0.172685742378,0.190645962954],"dmean2":[0.679026424885,0.539165854454,0.453692346811,0.358118504286,0.276279598475,0.260744661093],"dvar":[0.125566124916,0.0758019834757,0.0562489405274,0.0397776849568,0.0393132790923,0.0815187990665],"dvar2":[0.314306795597,0.196910202503,0.143393710256,0.0962759181857,0.0766685977578,0.130107611418],"max":[-5.2779545784,-5.09104394913,-5.72833681107,-5.92730283737,-5.55910873413,-8.33221721649],"mean":[-7.90152740479,-6.98895359039,-7.77168416977,-7.41044235229,-7.22418117523,-11.1541843414],"median":[-7.47335529327,-6.61643838882,-7.43137025833,-7.00939083099,-6.88937807083,-10.9339809418],"min":[-28.0677947998,-28.0238933563,-27.7024440765,-27.6822280884,-27.5313091278,-27.4210109711],"var":[4.0260310173,3.82890057564,3.65313315392,3.79829692841,3.7851998806,3.09570288658]},"spectral_decrease":{"dmean":9.83200187932e-10,"dmean2":1.51349210942e-9,"dvar":2.15701737666e-18,"dvar2":4.58626981908e-18,"max":1.6912839085e-28,"mean":-4.50486892234e-9,"median":-4.25120294523e-9,"min":-2.78918950158e-8,"var":8.34540369335e-18},"spectral_energy":{"dmean":0.00394019996747,"dmean2":0.00605999818072,"dvar":0.0000327007728629,"dvar2":0.0000692873509252,"max":0.109032258391,"mean":0.0189397949725,"median":0.0180150493979,"min":1.00685353123e-20,"var":0.000138807416079},"spectral_energyband_high":{"dmean":0.000112326044473,"dmean2":0.000169383492903,"dvar":4.94937815176e-8,"dvar2":1.01024639321e-7,"max":0.00467672478408,"mean":0.000376675598091,"median":0.000194210675545,"min":6.89672902488e-21,"var":2.02919494541e-7},"spectral_energyband_low":{"dmean":0.00215458055027,"dmean2":0.0034079507459,"dvar":0.0000176173834916,"dvar2":0.0000391172216041,"max":0.079094953835,"mean":0.00450425129384,"median":0.00236915424466,"min":9.1329684993e-24,"var":0.0000349470828951},"spectral_energyband_middle_high":{"dmean":0.00144943187479,"dmean2":0.00232699001208,"dvar":0.00000287024954559,"dvar2":0.00000692769799571,"max":0.0380885899067,"mean":0.00705491518602,"median":0.00624622963369,"min":1.14377409654e-21,"var":0.000023081256586},"spectral_energyband_middle_low":{"dmean":0.00235642935149,"dmean2":0.00373467151076,"dvar":0.0000114288259283,"dvar2":0.0000266006736638,"max":0.0650637745857,"mean":0.00838932022452,"median":0.00705641601235,"min":1.44121239691e-22,"var":0.0000411395521951},"spectral_entropy":{"dmean":0.0796158090234,"dmean2":0.12394811213,"dvar":0.0100774355233,"dvar2":0.0222460012883,"max":9.82357883453,"mean":7.48604774475,"median":7.54368400574,"min":3.88474965096,"var":0.305510610342},"spectral_flux":{"dmean":0.0124663254246,"dmean2":0.0200012177229,"dvar":0.000238421431277,"dvar2":0.000590359093621,"max":0.27009254694,"mean":0.0678600817919,"median":0.0664726421237,"min":6.35627453449e-11,"var":0.00098334334325},"spectral_kurtosis":{"dmean":2.5980682373,"dmean2":4.57645273209,"dvar":8.85526561737,"dvar2":26.8481960297,"max":102.115760803,"mean":7.09986972809,"median":6.04330730438,"min":-1.26761233807,"var":32.364276886},"spectral_rms":{"dmean":0.000408105610404,"dmean2":0.000625283108093,"dvar":2.45367658636e-7,"dvar2":5.06646927079e-7,"max":0.0103137260303,"mean":0.00403712736443,"median":0.00419233320281,"min":3.13416046588e-12,"var":0.00000217937508751},"spectral_rolloff":{"dmean":270.160369873,"dmean2":446.605560303,"dvar":207167.921875,"dvar2":440063.875,"max":19293.75,"mean":2513.15991211,"median":2583.984375,"min":21.533203125,"var":2572921.5},"spectral_skewness":{"dmean":0.257614254951,"dmean2":0.445122689009,"dvar":0.068187341094,"dvar2":0.201306208968,"max":8.41294193268,"mean":1.33127105236,"median":1.26482093334,"min":-0.0803006216884,"var":0.424684673548},"spectral_spread":{"dmean":230512.671875,"dmean2":355628.15625,"dvar":147928006656,"dvar2":291878502400,"max":42720864,"mean":2995275.25,"median":2639906.25,"min":886997.875,"var":8962955018240},"spectral_strongpeak":{"dmean":0.524215757847,"dmean2":0.924316287041,"dvar":1.06466400623,"dvar2":2.83416414261,"max":13.4769573212,"mean":0.835812568665,"median":0.444754451513,"min":0,"var":1.52047073841},"zerocrossingrate":{"dmean":0.00651837792248,"dmean2":0.00787431746721,"dvar":0.0000452096792287,"dvar2":0.000058870693465,"max":0.52783203125,"mean":0.075096487999,"median":0.07373046875,"min":0.00732421875,"var":0.00165656243917}},"metadata":{"audio_properties":{"analysis_sample_rate":44100,"bit_rate":0,"codec":"flac","downmix":"mix","equal_loudness":0,"length":237.333328247,"lossless":true,"md5_encoded":"f66cbb556529e59f883ce369ddd9e230","replay_gain":-6.8839969635},"tags":{"album":["Rid of Me"],"albumartist":["PJ Harvey"],"albumartistsort":["Harvey, PJ"],"artist":["PJ Harvey"],"artistsort":["Harvey, PJ"],"asin":["B000001DYD"],"barcode":["731451469626"],"catalognumber":["CID 8002/514 696-2"],"composer":["PJ Harvey"],"date":["1993-04-05"],"discnumber":["1"],"disctotal":["1"],"engineer":["John Loder"],"file_name":"05 Hook.flac","genre":["Indie Rock"],"label":["Island Records"],"media":["CD"],"musicbrainz_albumartistid":["e795e03d-b5d5-4a5f-834d-162cfb308a2c"],"musicbrainz_albumid":["7ccd7178-b401-4ee8-acd6-d9bf0aaec04a"],"musicbrainz_artistid":["e795e03d-b5d5-4a5f-834d-162cfb308a2c"],"musicbrainz_recordingid":["3902f1cc-a90d-438b-8b1e-fbb85231d4ea"],"musicbrainz_releasegroupid":["c1bb54cc-751d-300c-ba29-d7502d571c2d"],"musicbrainz_releasetrackid":["61add1a9-5a53-3eb3-afa6-fb503998a909"],"musicbrainz_workid":["c80f550e-e5d0-34bc-9fdc-4fed4babf0b4"],"originaldate":["1993-04-05"],"performer":["PJ Harvey (cello, guitars, organ and violin)","Stephen Vaughan (bass)","Rob Ellis (drums and percussion)","Rob Ellis (background vocals)"],"releasecountry":["GB"],"releasestatus":["official"],"releasetype":["album"],"script":["Latn"],"title":["Hook"],"totaldiscs":["1"],"totaltracks":["14"],"tracknumber":["5"],"tracktotal":["14"]},"version":{"essentia":"2.1-beta1","essentia_build_sha":"7598a69e7b456135ce4c070efb04a3d0ebb71fdd","essentia_git_sha":"v2.1_beta1-6-g5578087","extractor":"music 1.0"}},"rhythm":{"beats_count":375,"beats_loudness":{"dmean":0.0104251075536,"dmean2":0.0186808202416,"dvar":0.000110607157694,"dvar2":0.000313628552249,"max":0.0695466324687,"mean":0.0268068239093,"median":0.0260833613575,"min":0,"var":0.000232256803429},"beats_loudness_band_ratio":{"dmean":[0.18098959