{"lowlevel":{"average_loudness":0.954882621765,"barkbands":{"dmean":[0.000538475520443,0.00607144040987,0.00374830863439,0.000977887073532,0.00140452920459,0.000610724790022,0.000762083975133,0.000593145319726,0.000758532434702,0.000440610980149,0.000468017504318,0.000369133165805,0.000548521406017,0.000506910088006,0.000467640027637,0.00052909378428,0.000637016550172,0.000422828685259,0.000329647446051,0.000282044202322,0.000211194797885,0.000194030231796,0.0001302962919,0.0000593699005549,0.0000456544439658,0.0000311076000798,0.0000173575372173],"dmean2":[0.000921733211726,0.00991259329021,0.00658392254263,0.00173204101156,0.00237114960328,0.000970950524788,0.00123420602176,0.000958884309512,0.0011820755899,0.000728674407583,0.000762332347222,0.000603108201176,0.000881659216247,0.000809157907497,0.000739502778742,0.000812038779259,0.00105839932803,0.000665845640469,0.000536418694537,0.000444570323452,0.000323564105202,0.000294045486953,0.000193836065591,0.0000915165437618,0.0000701109747752,0.0000492940016557,0.0000314130447805],"dvar":[7.13782810635e-7,0.000162465352332,0.000108379557787,0.00000549913829673,0.0000147545133586,0.000002330501502,0.00000387398677049,0.0000027974135719,0.00000293094058179,0.00000190214723261,0.00000188510978205,9.9228009276e-7,0.00000152163636358,0.00000110373468942,9.52927393882e-7,0.0000010332742022,0.00000185858561963,6.16502234152e-7,5.21147740074e-7,4.34745118127e-7,2.33855246279e-7,6.86089776991e-7,3.8178220052e-7,8.48272492249e-8,1.8065371421e-8,7.6492376877e-9,2.21144635937e-9],"dvar2":[0.00000214127021536,0.000393589580199,0.000294464378385,0.000015213464394,0.000039352413296,0.00000538699987374,0.00000953238122747,0.00000698518579156,0.00000699140764482,0.00000507848653797,0.00000518540718986,0.00000251554274655,0.00000373385955754,0.00000263252741206,0.00000231399394579,0.00000246979766416,0.00000503363844473,0.00000155106772581,0.00000136562653097,0.00000106747700102,5.10482550453e-7,0.00000166318261563,8.1345081071e-7,2.19294832959e-7,4.18649328537e-8,1.77818044733e-8,5.71548541828e-9],"max":[0.0133663238958,0.149407863617,0.114313401282,0.032955698669,0.0387852713466,0.0420005507767,0.0410748906434,0.0259029753506,0.0335025154054,0.0326897203922,0.0573518387973,0.0169338863343,0.024356847629,0.0220301132649,0.0159826427698,0.0174680370837,0.0142271649092,0.0106906127185,0.0118375457823,0.0166738349944,0.0117360074073,0.0388807170093,0.0218962170184,0.0144709795713,0.00300457840785,0.00275534577668,0.000890613067895],"mean":[0.000653993105516,0.00773035222664,0.00293351989239,0.000830786477309,0.00130380573682,0.00069535523653,0.000876239151694,0.000659654266201,0.00107875128742,0.000484820833663,0.000591692107264,0.000450101710157,0.000670970825013,0.000622912601102,0.000606677203905,0.000691721972544,0.000762668903917,0.000544487731531,0.000420730095357,0.000394110975321,0.000285527901724,0.000237862797803,0.000154502486112,0.0000811670688563,0.000087046486442,0.000035211964132,0.000011832195014],"median":[0.000298444821965,0.00147650123108,0.000264428148512,0.000104143524368,0.000369635119569,0.000207777658943,0.000210088765016,0.000126519793412,0.000387646257877,0.000102080586657,0.000152529712068,0.00017481012037,0.000231914455071,0.000152821216034,0.000190126214875,0.000215850101085,0.000266199349426,0.000175039589521,0.000139406882226,0.00011743487994,0.0000631219809293,0.0000483502371935,0.0000339544858434,0.0000313201562676,0.0000465894772788,0.00000882857329998,8.07759136023e-7],"min":[5.05657591993e-24,3.18474625364e-24,2.1565867594e-24,4.61268112755e-24,1.81567838929e-23,1.65175956184e-23,1.48125374584e-23,1.26131017467e-23,2.80767681517e-23,3.7808664305e-23,5.1694872379e-23,2.23165121327e-23,5.35886276453e-23,6.71620965467e-23,1.07165062656e-22,8.51455251002e-23,1.20531282021e-22,2.53840091222e-22,2.01008877331e-22,1.84656522829e-22,3.80740699301e-22,4.15189333642e-22,4.77755368783e-22,8.0568133823e-22,9.85134749098e-22,1.44794926904e-21,2.045534856e-21],"var":[8.77450474945e-7,0.000250357988989,0.0000742682386772,0.00000387734871765,0.0000109685361167,0.00000289908325612,0.00000434924368165,0.00000290260140901,0.00000385191606256,0.00000182419876182,0.00000171183762632,0.0000010619846762,0.00000177369031462,0.00000151591234498,0.00000138883319778,0.00000145208298363,0.00000180003871719,7.63091179579e-7,5.81720030368e-7,5.67209724522e-7,3.37902974934e-7,7.0414705533e-7,4.69699273253e-7,7.68892718384e-8,2.61822457048e-8,9.80164927e-9,1.65086500026e-9]},"barkbands_crest":{"dmean":3.44063735008,"dmean2":5.51797199249,"dvar":9.20304107666,"dvar2":22.6354980469,"max":26.7018547058,"mean":10.3228807449,"median":9.09698390961,"min":2.37633872032,"var":26.1962184906},"barkbands_flatness_db":{"dmean":0.030529923737,"dmean2":0.0465741753578,"dvar":0.00100705667865,"dvar2":0.00228745187633,"max":0.598396360874,"mean":0.130821853876,"median":0.113161109388,"min":0.01723273471,"var":0.00571453897282},"barkbands_kurtosis":{"dmean":12.5604829788,"dmean2":21.5274162292,"dvar":10520.0976562,"dvar2":28547.1953125,"max":3525.7565918,"mean":12.2612791061,"median":0.646832704544,"min":-1.95484435558,"var":12107.7675781},"barkbands_skewness":{"dmean":1.02759790421,"dmean2":1.57707500458,"dvar":3.66122341156,"dvar2":8.70180416107,"max":50.2694702148,"mean":1.36483550072,"median":0.918907523155,"min":-9.89555168152,"var":7.79388380051},"barkbands_spread":{"dmean":8.91043186188,"dmean2":14.0596599579,"dvar":104.551742554,"dvar2":239.797546387,"max":131.917175293,"mean":27.6672363281,"median":26.0538330078,"min":0.0471267737448,"var":287.098907471},"dissonance":{"dmean":0.018820444122,"dmean2":0.0303324796259,"dvar":0.000481883267639,"dvar2":0.00117423909251,"max":0.500000059605,"mean":0.467767864466,"median":0.478231877089,"min":0.232120379806,"var":0.0010216521332},"dynamic_complexity":3.81662392616,"erbbands":{"dmean":[0.187989354134,1.41340231895,4.12064743042,3.81398630142,4.77015209198,4.10450983047,3.52913951874,5.67417240143,9.43280792236,12.1181278229,14.2413063049,15.7114877701,13.7531671524,20.0581092834,14.0416259766,13.3290042877,22.8716182709,25.6166648865,25.4476509094,21.7992477417,31.3515396118,35.2459793091,23.3926753998,18.8731136322,16.5722103119,13.1897058487,9.42336750031,8.0686378479,7.11779642105,5.56744909286,3.40005469322,1.65771460533,0.794109284878,0.67427700758,0.248275905848,0.150580272079,0.0474966131151,0.0186598710716,0.00320649985224,0.0000972639027168],"dmean2":[0.293584406376,2.37373137474,7.13226747513,6.66069126129,8.35045719147,6.80205917358,5.63389587402,9.10275936127,15.3024702072,19.38007164,22.7118644714,24.515750885,21.7916107178,32.3406677246,22.7063560486,21.2183799744,36.8274459839,40.3052635193,39.5667991638,33.4573860168,48.5122299194,58.4955177307,36.4361572266,31.0073223114,26.5809116364,20.4628276825,14.6338272095,12.4605312347,10.815993309,8.12960243225,5.11188364029,2.55266618729,1.2228372097,1.0423386097,0.381204724312,0.231879621744,0.0781396850944,0.032657045871,0.00581952976063,0.000171418112586],"dvar":[0.165460407734,9.94309329987,131.621002197,88.7822265625,221.862258911,87.5685501099,86.9767837524,237.697052002,723.405395508,919.124206543,1362.6496582,1513.6361084,1569.51831055,2661.16967773,2101.6472168,1044.7989502,2862.76733398,2653.03222656,2780.2800293,2205.23144531,3412.01879883,5749.08837891,1996.93518066,1647.52307129,1294.28173828,954.81842041,422.172149658,489.17276001,986.25213623,512.688598633,307.390045166,89.6544036865,7.28695344925,3.88261985779,0.520696401596,0.211581498384,0.0159343760461,0.00287621072493,0.0000709260784788,5.034397077e-8],"dvar2":[0.389710515738,25.2689151764,352.696624756,240.681808472,611.95703125,228.512115479,219.027603149,550.961608887,1805.38574219,2232.54174805,3404.98266602,3735.53930664,4132.76123047,6916.28222656,5630.69677734,2485.63110352,7015.71728516,6257.02539062,6821.80761719,5203.15283203,8379.48925781,15615.3242188,5021.63085938,4458.83837891,3260.26318359,2327.13964844,992.743652344,1135.8972168,2448.13891602,1052.79626465,692.152404785,229.696334839,16.4187965393,9.01557636261,1.20737874508,0.487917453051,0.0382303744555,0.00710391066968,0.00018542453472,1.32996220259e-7],"max":[5.68888235092,36.3968048096,121.356674194,107.7241745,156.280548096,101.675987244,176.297180176,377.511199951,455.280548096,444.89251709,686.116699219,797.955505371,934.202270508,1037.65332031,1761.57312012,708.953552246,1152.77233887,615.734069824,925.39239502,1102.86047363,1058.59423828,813.224609375,692.117248535,866.205078125,741.739257812,596.171813965,495.657623291,805.799682617,1497.63818359,579.105163574,832.874816895,490.665710449,64.689743042,43.8466720581,18.4072589874,15.5829153061,3.46888875961,1.22441029549,0.142811909318,0.00341045064852],"mean":[0.262927949429,1.57005906105,3.39784550667,3.26759290695,3.86024951935,4.09250879288,4.01958608627,6.32655000687,10.5776805878,14.1641588211,17.8407268524,21.8924427032,17.8273277283,26.0823478699,17.0828666687,17.7024478912,29.4539813995,32.3458023071,33.5065574646,30.1799240112,42.4213371277,43.4553527832,31.3131465912,23.4896240234,22.1578540802,18.3675022125,13.2449369431,10.178527832,8.49877643585,6.737657547,4.04435157776,2.21079516411,1.15393054485,1.24360358715,0.459820449352,0.210039868951,0.0445531271398,0.0143339037895,0.00216929567978,0.0000859393257997],"median":[0.0578513629735,0.273245602846,0.414645701647,0.484809398651,0.921313762665,1.20158982277,1.01721298695,1.95240819454,2.54228234291,3.31976151466,4.72365760803,7.75691461563,5.42711925507,7.0383143425,6.05213546753,6.90828466415,11.2675361633,9.08354759216,9.43970394135,10.149851799,15.2403936386,15.520866394,10.7262144089,8.1268119812,7.16028165817,5.41243648529,3.43082928658,2.06558537483,1.50177323818,1.49305915833,0.928338527679,0.805358767509,0.473772466183,0.633982121944,0.243329882622,0.0741262733936,0.00724618742242,0.00139967061114,0.000147160695633,0.0000288121718768],"min":[1.00532446383e-22,8.28993907162e-22,2.37810104413e-21,2.17400254826e-20,3.88136472488e-20,5.19522125136e-20,6.08574935855e-20,1.76516749653e-19,2.67343636604e-19,2.11056645482e-19,5.59256140063e-19,7.91281129065e-19,9.69021408091e-19,1.2955252089e-18,1.46201298816e-18,1.21783837032e-18,2.45282791706e-18,2.82527901595e-18,6.89904406431e-18,6.84783207181e-18,4.79006644249e-18,7.7745506362e-18,1.22850540199e-17,1.1664263242e-17,1.06263600227e-17,9.15549310009e-18,1.50817574612e-17,1.66805768169e-17,1.49937470984e-17,1.14233386168e-17,1.15466910984e-17,1.32616730819e-17,1.41672778612e-17,9.30547087131e-18,7.237286075e-18,5.08625500443e-18,2.37239804417e-18,1.12392245492e-18,2.84029782414e-19,2.91365000366e-20],"var":[0.265172630548,12.5763931274,95.8730239868,63.8998985291,143.563949585,76.3187179565,99.6656494141,275.098693848,747.657348633,1119.36462402,1531.95300293,1811.40734863,1589.52624512,2810.91674805,1852.13671875,1371.6171875,3313.85205078,3608.71655273,4154.515625,3189.70288086,4581.79638672,5668.91748047,2505.39916992,1677.52294922,1594.14599609,1267.60046387,605.617797852,598.888793945,951.599243164,700.201538086,340.517608643,80.9540634155,8.78843212128,5.72187900543,0.758713543415,0.293575286865,0.0178712066263,0.00253623677418,0.000051222195907,3.71496113871e-8]},"erbbands_crest":{"dmean":2.78221106529,"dmean2":4.5676445961,"dvar":7.40046262741,"dvar2":18.6260871887,"max":33.5449676514,"mean":8.57432460785,"median":7.67800188065,"min":2.39148044586,"var":14.835108757},"erbbands_flatness_db":{"dmean":0.0251563675702,"dmean2":0.0367700643837,"dvar":0.000704298377968,"dvar2":0.00148202222772,"max":0.45870450139,"mean":0.161264359951,"median":0.150840550661,"min":0.0350851751864,"var":0.00371022336185},"erbbands_kurtosis":{"dmean":1.83400249481,"dmean2":2.95039486885,"dvar":19.8641262054,"dvar2":51.7960472107,"max":103.390762329,"mean":1.49946010113,"median":0.417946100235,"min":-1.90141928196,"var":20.6895236969},"erbbands_skewness":{"dmean":0.546223342419,"dmean2":0.804462313652,"dvar":0.361888736486,"dvar2":0.77257835865,"max":8.24570465088,"mean":-0.0128122605383,"median":-0.0530429445207,"min":-7.47350406647,"var":1.09185385704},"erbbands_spread":{"dmean":11.1956758499,"dmean2":17.3909320831,"dvar":175.146697998,"dvar2":416.988555908,"max":164.122268677,"mean":34.5515975952,"median":30.7445220947,"min":0.675344884396,"var":402.670684814},"gfcc":{"cov":[[15201.4951172,-1271.50085449,-1291.17016602,-209.69152832,-229.804443359,748.5234375,-422.29284668,799.041931152,-518.757995605,-13.7229042053,-79.8970947266,-75.073638916,-78.1792984009],[-1271.50085449,2308.34985352,316.028137207,-11.357088089,351.317443848,-372.613098145,155.31690979,-155.099441528,232.622955322,-56.3682441711,44.974521637,-143.681488037,17.4224338531],[-1291.17016602,316.028137207,1538.86584473,168.266067505,187.64680481,123.673583984,139.326904297,65.5758972168,20.1705799103,-21.4107284546,-70.7813720703,25.0243778229,-47.2261772156],[-209.69152832,-11.357088089,168.266067505,818.940185547,219.851913452,-62.0942726135,59.4060821533,-71.7601165771,63.7965316772,-28.3567218781,13.1941862106,-1.54691636562,30.256986618],[-229.804443359,351.317443848,187.64680481,219.851913452,509.281066895,30.8911418915,55.9385719299,6.5271062851,61.4201889038,-8.44872665405,-6.02358102798,-25.4102287292,5.2152338028],[748.5234375,-372.613098145,123.673583984,-62.0942726135,30.8911418915,545.528686523,105.689598083,217.409683228,-32.512260437,67.2169189453,10.0080356598,24.8466758728,-8.17298603058],[-422.29284668,155.31690979,139.326904297,59.4060821533,55.9385719299,105.689598083,340.384643555,57.765045166,66.4903411865,3.09867095947,4.1781167984,-2.50577735901,-1.9441921711],[799.041931152,-155.099441528,65.5758972168,-71.7601165771,6.5271062851,217.409683228,57.765045166,323.533325195,1.74793076515,45.3996887207,18.6015777588,21.0127658844,9.43824577332],[-518.757995605,232.622955322,20.1705799103,63.7965316772,61.4201889038,-32.512260437,66.4903411865,1.74793076515,205.062393188,69.8378982544,19.7726459503,-19.1292934418,1.60335147381],[-13.7229042053,-56.3682441711,-21.4107284546,-28.3567218781,-8.44872665405,67.2169189453,3.09867095947,45.3996887207,69.8378982544,148.035491943,56.7893867493,-2.80742788315,2.26761126518],[-79.8970947266,44.974521637,-70.7813720703,13.1941862106,-6.02358102798,10.0080356598,4.1781167984,18.6015777588,19.7726459503,56.7893867493,118.496147156,26.6015224457,12.2008314133],[-75.073638916,-143.681488037,25.0243778229,-1.54691636562,-25.4102287292,24.8466758728,-2.50577735901,21.0127658844,-19.1292934418,-2.80742788315,26.6015224457,106.610099792,28.4360084534],[-78.1792984009,17.4224338531,-47.2261772156,30.256986618,5.2152338028,-8.17298603058,-1.9441921711,9.43824577332,1.60335147381,2.26761126518,12.2008314133,28.4360084534,89.0034866333]],"icov":[[0.000107566811494,-0.0000382984508178,0.000119900803838,-0.000081602622231,0.0000292903350783,-0.0000995250447886,0.000139332012623,-0.00029530969914,0.000269723357633,-0.0000659021316096,0.000178205576958,0.0000417369737988,0.000175903973286],[-0.0000382984508178,0.000897152291145,-0.000299437786452,0.000454790540971,-0.000530847639311,0.000549590564333,-0.000341906561516,0.00026245918707,-0.000963857106399,0.000990614062175,-0.00122873252258,0.00129938230384,-0.000731059291866],[0.000119900803838,-0.000299437786452,0.000981073593721,-0.000347029301338,-0.000044058469939,-0.000310780014843,0.00000329297654389,-0.00047925268882,0.000592436641455,-0.000491985760164,0.00114732899237,-0.000841904897243,0.0009409787599],[-0.000081602622231,0.000454790540971,-0.000347029301338,0.0017740331823,-0.000814238737803,0.00036075519165,-0.000367649423424,0.000642747851089,-0.000981971155852,0.000985246384516,-0.00114367960487,0.000651602167636,-0.00100209657103],[0.0000292903350783,-0.000530847639311,-0.000044058469939,-0.000814238737803,0.00274004111998,-0.000608668487985,0.000227828350035,-0.000213004037505,-0.000102506761323,-0.0000246010640694,0.000525576586369,-0.0000409165950259,0.00013768178178],[-0.0000995250447886,0.000549590564333,-0.000310780014843,0.00036075519165,-0.000608668487985,0.00337699148804,-0.00114358332939,-0.00124372623395,0.000559956359211,-0.00113714055624,-0.000161623684107,0.00015611917479,-0.0000387096952181],[0.000139332012623,-0.000341906561516,0.00000329297654389,-0.000367649423424,0.000227828350035,-0.00114358332939,0.00394604355097,-0.000660616206005,-0.000994237139821,0.000906180648599,0.000053390955145,-0.000091754780442,0.000370754336473],[-0.00029530969914,0.00026245918707,-0.00047925268882,0.000642747851089,-0.000213004037505,-0.00124372623395,-0.000660616206005,0.00525553105399,-0.00106407608837,-0.00000932281727728,-0.00102011556737,-0.000147768703755,-0.00125058786944],[0.000269723357633,-0.000963857106399,0.000592436641455,-0.000981971155852,-0.000102506761323,0.000559956359211,-0.000994237139821,-0.00106407608837,0.00892751663923,-0.00549469841644,0.00233744573779,-0.000647178385407,0.00108783307951],[-0.0000659021316096,0.000990614062175,-0.000491985760164,0.000985246384516,-0.0000246010640694,-0.00113714055624,0.000906180648599,-0.00000932281727728,-0.00549469841644,0.0129427425563,-0.0065995962359,0.00302879954688,-0.00122374552302],[0.000178205576958,-0.00122873252258,0.00114732899237,-0.00114367960487,0.000525576586369,-0.000161623684107,0.000053390955145,-0.00102011556737,0.00233744573779,-0.0065995962359,0.0137977814302,-0.00499187549576,0.00128781353123],[0.0000417369737988,0.00129938230384,-0.000841904897243,0.000651602167636,-0.0000409165950259,0.00015611917479,-0.000091754780442,-0.000147768703755,-0.000647178385407,0.00302879954688,-0.00499187549576,0.0137965613976,-0.00464464817196],[0.000175903973286,-0.000731059291866,0.0009409787599,-0.00100209657103,0.00013768178178,-0.0000387096952181,0.000370754336473,-0.00125058786944,0.00108783307951,-0.00122374552302,0.00128781353123,-0.00464464817196,0.0138211613521]],"mean":[-29.2646427155,68.2395858765,-122.148231506,34.5446624756,-47.7951049805,17.6288127899,-32.1329803467,16.89478302,-16.984254837,7.24426221848,-14.4259662628,0.0129801081493,-8.18523311615]},"hfc":{"dmean":12.0509433746,"dmean2":17.873626709,"dvar":360.918609619,"dvar2":826.538574219,"max":346.162658691,"mean":21.6144256592,"median":14.979265213,"min":1.05141121099e-16,"var":557.669677734},"melbands":{"dmean":[0.00166134326719,0.00197530793957,0.000686531537212,0.000351114402292,0.000120792159578,0.000126467188238,0.000147241735249,0.000129249165184,0.00012417662947,0.000102673584479,0.0000688494328642,0.0000804700175649,0.0000522932787135,0.0000423448727815,0.0000402158184443,0.0000583334622206,0.0000487668694404,0.0000430603395216,0.0000355294650944,0.0000292987460853,0.0000406047438446,0.0000389443230233,0.0000283871686406,0.0000194707736227,0.0000153877190314,0.0000135151612994,0.0000113220776257,0.00000855599773786,0.00000629691112408,0.00000506939841216,0.0000048279857765,0.00000417324508817,0.00000383530550607,0.00000297057476928,0.00000218769423554,0.00000143509930695,8.62327169671e-7,5.60876287636e-7,5.40174312391e-7,6.12864482719e-7],"dmean2":[0.00266892486252,0.00335292471573,0.00119520339649,0.000602097832598,0.00019213964697,0.000202169278054,0.00023708883964,0.00020627854974,0.000197492481675,0.000160742201842,0.000109975699161,0.000130463187816,0.0000854393001646,0.0000691735695,0.000065981199441,0.0000944950807025,0.0000773544597905,0.0000684826154611,0.0000561898959859,0.000044699449063,0.0000642823506496,0.0000646628104732,0.0000463444557681,0.0000307623195113,0.0000257992196566,0.0000222350590775,0.0000182832263818,0.0000133486691993,0.0000100165389085,0.00000778002777224,0.00000758046417104,0.00000651128721074,0.00000574132491238,0.00000442672535428,0.00000331968590217,0.00000222937069339,0.00000133694231863,8.80245352164e-7,8.44346232043e-7,9.47222019931e-7],"dvar":[0.0000123291147247,0.0000272199013125,0.00000263637912212,0.0000010170498399,8.37864817527e-8,1.10951845045e-7,1.60187724418e-7,1.06960669655e-7,9.54949044285e-8,6.61740742203e-8,4.10264462403e-8,4.47394761238e-8,3.13038626132e-8,1.51216177358e-8,9.68168656357e-9,1.66434972471e-8,1.05652402382e-8,8.57059490045e-9,5.03226571524e-9,4.25795843029e-9,6.13055872734e-9,6.68195632159e-9,4.25198720677e-9,1.26630139707e-9,1.24858567929e-9,9.92407267475e-10,7.76558040094e-10,4.14927314729e-10,2.08008124614e-10,1.4556358896e-10,2.1513300863e-10,4.78350137278e-10,2.00668079375e-10,1.91668833582e-10,1.29144750449e-10,6.93051033229e-11,2.11738560713e-11,3.58693803826e-12,3.17463893715e-12,3.00969600804e-12],"dvar2":[0.0000298453887808,0.0000718405717635,0.00000713149574949,0.00000274785747933,2.1106909287e-7,2.57866503262e-7,3.98689365966e-7,2.6136251563e-7,2.38720389234e-7,1.64801605251e-7,1.08570070267e-7,1.16431316144e-7,8.64043414595e-8,3.91682739576e-8,2.45335876059e-8,4.06480289428e-8,2.52300864645e-8,2.11882884571e-8,1.21929373265e-8,1.00269081926e-8,1.52791379548e-8,1.81247870046e-8,1.13286215964e-8,3.19719561936e-9,3.43255979196e-9,2.5673556614e-9,1.95199789665e-9,1.02294217541e-9,5.22124288249e-10,3.18480464223e-10,5.28815324863e-10,1.26910382203e-9,4.40941505531e-10,4.11604916817e-10,2.94765711839e-10,1.69354627544e-10,5.38805215722e-11,8.26633900219e-12,7.243726452e-12,7.09905224883e-12],"max":[0.0439637750387,0.053190857172,0.0166106373072,0.0101264975965,0.00551134021953,0.00823449809104,0.00804472528398,0.00465493043885,0.0060850661248,0.00564671400934,0.0048388838768,0.00397233711556,0.00790344085544,0.00223954557441,0.00258604832925,0.00262543559074,0.00151365529746,0.00148929166608,0.00141366093885,0.00139525579289,0.00136807130184,0.000890254683327,0.000870185613167,0.000530419463757,0.00084979616804,0.000595981720835,0.00088296859758,0.000419452524511,0.000374862225726,0.000306763016852,0.000571942771785,0.00115738576278,0.000434057496022,0.000345737847965,0.000500544498209,0.000368340610294,0.000216162836296,0.0000449530598416,0.0000445843434136,0.0000437486669398],"mean":[0.00223650597036,0.00191390281543,0.0005876038922,0.000308493617922,0.000141674827319,0.000141928161611,0.000169765859027,0.000149053303176,0.000156702488312,0.000140979856951,0.0000856205297168,0.000101464625914,0.0000642765589873,0.0000493508596264,0.0000516759137099,0.0000707308790879,0.0000581735694141,0.0000538242893526,0.0000464084259875,0.000038060334191,0.0000522719856235,0.0000465535085823,0.0000335414842993,0.0000250821012742,0.0000180637289304,0.0000163706445164,0.0000153050004883,0.0000113054429676,0.00000854459358379,0.00000662843058308,0.00000565267919228,0.00000470365421279,0.00000471101247967,0.00000337666006089,0.00000242472287937,0.00000182550297723,0.00000113346811759,7.68061681811e-7,8.18070475361e-7,0.00000117940498967],"median":[0.000508433266077,0.000286169466563,0.000116868519399,0.0000802954600658,0.0000386966858059,0.0000422365192208,0.0000432286142313,0.0000317191806971,0.0000388440785173,0.000049481910537,0.0000227262771659,0.0000257614792645,0.0000201307739189,0.000015899859136,0.0000189418606169,0.0000251919282164,0.0000137030447149,0.0000125369369925,0.0000162322830874,0.0000111694544103,0.0000179665257747,0.0000161410953297,0.0000102332442111,0.00000770564565755,0.00000566845028516,0.00000489262902192,0.00000429325154983,0.00000299960152006,0.00000211110796045,0.00000156312603394,8.52110531468e-7,6.19212073616e-7,0.00000114582769584,6.08115385603e-7,4.44775650976e-7,5.95145252191e-7,4.3302017616e-7,3.11840068434e-7,3.47640650489e-7,6.1631266135e-7],"min":[1.83651729395e-24,1.34594717952e-24,3.68228634859e-24,3.7525797717e-24,2.24055528352e-24,4.35274948713e-24,3.5682430941e-24,2.66039139601e-24,4.57549540777e-24,4.67703916121e-24,4.80256507503e-24,5.20797765473e-24,6.82298182042e-24,1.22928490683e-24,6.48692668036e-24,3.74457283351e-24,5.52426709595e-24,1.09029088911e-23,6.72051509972e-24,9.32217678741e-24,3.94984035751e-24,7.47102789861e-24,7.28069706143e-24,1.02800874292e-23,9.41832078796e-24,6.94897000673e-24,5.38742733902e-24,6.48657327068e-24,8.54023340347e-24,8.62362783407e-24,9.54551040943e-24,8.21985647948e-24,7.43806771227e-24,5.11870699926e-24,5.66686080432e-24,8.78906064336e-24,8.1622877772e-24,9.4962602454e-24,9.25090636007e-24,6.90855192939e-24],"var":[0.0000194243948499,0.0000235938678088,0.00000189059619515,7.17004979833e-7,9.88792123735e-8,1.30650789743e-7,1.7069665148e-7,1.27265380456e-7,1.11881391263e-7,7.59973062259e-8,4.08417726305e-8,4.61475266889e-8,2.57733567821e-8,1.51916861313e-8,1.10200000236e-8,1.92699776136e-8,1.37241134013e-8,1.2022502105e-8,7.28211357881e-9,5.93306648256e-9,7.57875984192e-9,6.63219079655e-9,4.09721812034e-9,1.59025737023e-9,1.17830867286e-9,1.08566466928e-9,9.28301602254e-10,5.36456601363e-10,2.71575845145e-10,1.96458030399e-10,2.33892100132e-10,3.87634591092e-10,2.49324422219e-10,2.40434838705e-10,1.38426395346e-10,6.59796731139e-11,1.95639025813e-11,4.13540339125e-12,3.91795190041e-12,4.70474006975e-12]},"melbands_crest":{"dmean":4.59047937393,"dmean2":7.56134319305,"dvar":17.0053539276,"dvar2":42.5662956238,"max":39.7451248169,"mean":15.4734258652,"median":14.2111730576,"min":1.61654925346,"var":54.3948745728},"melbands_flatness_db":{"dmean":0.0387142412364,"dmean2":0.0579323023558,"dvar":0.0015531766694,"dvar2":0.00317425956018,"max":0.696386039257,"mean":0.189944431186,"median":0.16975684464,"min":0.00339559046552,"var":0.00924442522228},"melbands_kurtosis":{"dmean":21.4058246613,"dmean2":35.5345687866,"dvar":13316.9482422,"dvar2":37848.8164062,"max":4321.85498047,"mean":23.0320339203,"median":4.23986196518,"min":-1.91939544678,"var":13629.0585938},"melbands_skewness":{"dmean":1.34952127934,"dmean2":2.07820558548,"dvar":4.66679906845,"dvar2":11.3261299133,"max":50.2664718628,"mean":2.57444000244,"median":1.83760607243,"min":-7.00913286209,"var":9.82268047333},"melbands_spread":{"dmean":13.7218818665,"dmean2":21.5718860626,"dvar":331.841705322,"dvar2":778.349487305,"max":265.073638916,"mean":33.2091903687,"median":28.4430675507,"min":0.0507000908256,"var":663.409179688},"mfcc":{"cov":[[11972.2705078,-233.629608154,-1551.88452148,-213.065765381,-209.401519775,-141.635421753,114.228088379,215.272567749,40.9309768677,-122.232803345,125.615959167,-2.95762395859,-220.491333008],[-233.629608154,1799.07556152,254.930953979,-68.1953735352,208.857116699,-157.093292236,34.330493927,-53.3025970459,63.0187454224,60.8082046509,10.0647478104,48.3262939453,72.8547897339],[-1551.88452148,254.930953979,1211.21130371,155.474609375,98.6448135376,82.6371688843,102.654205322,89.3649978638,84.4471511841,28.5215339661,38.1739501953,-9.87568187714,25.7544364929],[-213.065765381,-68.1953735352,155.474609375,778.616027832,229.797546387,77.8920211792,-21.9219474792,-1.06464588642,-7.08640098572,4.22579813004,-58.3170661926,-22.2263202667,-5.86659526825],[-209.401519775,208.857116699,98.6448135376,229.797546387,443.292510986,85.5170669556,24.7591381073,13.27684021,32.6587677002,23.5580501556,12.0363378525,-2.36026835442,5.75665473938],[-141.635421753,-157.093292236,82.6371688843,77.8920211792,85.5170669556,294.308319092,93.4574737549,55.6773948669,44.7593917847,38.3156013489,40.1672859192,7.70259952545,-2.6172504425],[114.228088379,34.330493927,102.654205322,-21.9219474792,24.7591381073,93.4574737549,275.44317627,143.335693359,68.1266326904,37.2101593018,41.8214225769,17.4705944061,13.812163353],[215.272567749,-53.3025970459,89.3649978638,-1.06464588642,13.27684021,55.6773948669,143.335693359,231.210998535,98.250328064,7.24046611786,52.1049957275,6.26315832138,-0.905741095543],[40.9309768677,63.0187454224,84.4471511841,-7.08640098572,32.6587677002,44.7593917847,68.1266326904,98.250328064,170.937637329,71.8039703369,48.6798477173,18.8067378998,-2.44861078262],[-122.232803345,60.8082046509,28.5215339661,4.22579813004,23.5580501556,38.3156013489,37.2101593018,7.24046611786,71.8039703369,162.698257446,56.1060791016,24.2126102448,24.9910850525],[125.615959167,10.0647478104,38.1739501953,-58.3170661926,12.0363378525,40.1672859192,41.8214225769,52.1049957275,48.6798477173,56.1060791016,157.39743042,56.4846572876,6.44536495209],[-2.95762395859,48.3262939453,-9.87568187714,-22.2263202667,-2.36026835442,7.70259952545,17.4705944061,6.26315832138,18.8067378998,24.2126102448,56.4846572876,117.044754028,46.754737854],[-220.491333008,72.8547897339,25.7544364929,-5.86659526825,5.75665473938,-2.6172504425,13.812163353,-0.905741095543,-2.44861078262,24.9910850525,6.44536495209,46.754737854,110.167396545]],"icov":[[0.000113210022391,-0.0000204537482205,0.000160665469593,-0.0000312782394758,0.0000397482472181,0.0000485925520479,-0.0000686964558554,-0.0000986561863101,-0.0000382763319067,0.000103245540231,-0.000140205811476,0.00000956082203629,0.000187634548638],[-0.0000204537482205,0.000747266167309,-0.000186410383321,0.000172402578755,-0.000490303325932,0.0005962891737,-0.000288085837383,0.000464612559881,-0.000363659491995,-0.0000911561073735,0.000103380705696,-0.000165466553881,-0.000325856672134],[0.000160665469593,-0.000186410383321,0.00118222390302,-0.000267975090537,0.000110879889689,-0.000123032354168,-0.000267122639343,-0.000206023745704,-0.000388020271203,0.000364672683645,-0.000510422454681,0.000455285975477,-0.0000774397776695],[-0.0000312782394758,0.000172402578755,-0.000267975090537,0.00172450300306,-0.000933021481615,-0.000217773253098,0.000375322502805,-0.000294731056783,0.000341765175108,-0.000445958314231,0.00100539415143,-0.000323247455526,0.00015909220383],[0.0000397482472181,-0.000490303325932,0.000110879889689,-0.000933021481615,0.00316227320582,-0.000881462183315,0.0000162015185197,0.0000752489213482,-0.00034180530929,0.000250798824709,-0.000564644637052,0.000461051298771,-0.0000865286492626],[0.0000485925520479,0.0005962891737,-0.000123032354168,-0.000217773253098,-0.000881462183315,0.00471989391372,-0.00150948378723,0.000370977271814,-0.000495346204843,-0.000381082645617,-0.000707400904503,0.00000640205871605,0.00018468539929],[-0.0000686964558554,-0.000288085837383,-0.000267122639343,0.000375322502805,0.0000162015185197,-0.00150948378723,0.00625928118825,-0.003850892419,0.000780472066253,-0.00128403387498,0.000706253515091,-0.000581992149819,-0.00020336205489],[-0.0000986561863101,0.000464612559881,-0.000206023745704,-0.000294731056783,0.0000752489213482,0.000370977271814,-0.003850892419,0.00929651223123,-0.00478622876108,0.00301377661526,-0.00224691093899,0.00149683991913,-0.00120196479838],[-0.0000382763319067,-0.000363659491995,-0.000388020271203,0.000341765175108,-0.00034180530929,-0.000495346204843,0.000780472066253,-0.00478622876108,0.0108424909413,-0.00471335742623,0.000596996920649,-0.00153478141874,0.00206831144169],[0.000103245540231,-0.0000911561073735,0.000364672683645,-0.000445958314231,0.000250798824709,-0.000381082645617,-0.00128403387498,0.00301377661526,-0.00471335742623,0.00981444492936,-0.00332978414372,0.00133151351474,-0.00237988866866],[-0.000140205811476,0.000103380705696,-0.000510422454681,0.00100539415143,-0.000564644637052,-0.000707400904503,0.000706253515091,-0.00224691093899,0.000596996920649,-0.00332978414372,0.01050032489,-0.00514944316819,0.00206927023828],[0.00000956082203629,-0.000165466553881,0.000455285975477,-0.000323247455526,0.000461051298771,0.00000640205871605,-0.000581992149819,0.00149683991913,-0.00153478141874,0.00133151351474,-0.00514944316819,0.0133041413501,-0.005614887923],[0.000187634548638,-0.000325856672134,-0.0000774397776695,0.00015909220383,-0.0000865286492626,0.00018468539929,-0.00020336205489,-0.00120196479838,0.00206831144169,-0.00237988866866,0.00206927023828,-0.005614887923,0.0125669427216]],"mean":[-666.693847656,97.9372406006,-8.52086353302,19.7742881775,9.86054897308,4.19354963303,4.05021905899,5.72320508957,6.97804117203,6.10638093948,4.33921527863,2.79427647591,3.63883829117]},"pitch_salience":{"dmean":0.0970061421394,"dmean2":0.156801849604,"dvar":0.00848011579365,"dvar2":0.0206007938832,"max":0.916298210621,"mean":0.551065146923,"median":0.574695885181,"min":0.0183147639036,"var":0.0274863615632},"silence_rate_20dB":{"dmean":0,"dmean2":0,"dvar":0,"dvar2":0,"max":1,"mean":1,"median":1,"min":1,"var":0},"silence_rate_30dB":{"dmean":0.0234852042049,"dmean2":0.0469759255648,"dvar":0.0229323990643,"dvar2":0.0605026707053,"max":1,"mean":0.983914494514,"median":1,"min":0,"var":0.0158272590488},"silence_rate_60dB":{"dmean":0.0436824783683,"dmean2":0.0873752236366,"dvar":0.0417763255537,"dvar2":0.0961787775159,"max":1,"mean":0.108136668801,"median":0,"min":0,"var":0.0964394062757},"spectral_centroid":{"dmean":397.430023193,"dmean2":601.831176758,"dvar":216276.859375,"dvar2":417944.84375,"max":11469.6582031,"mean":1840.83581543,"median":1804.53967285,"min":110.321304321,"var":714468.5625},"spectral_complexity":{"dmean":6.12728977203,"dmean2":8.44251346588,"dvar":44.9482460022,"dvar2":76.2091293335,"max":61,"mean":19.9654808044,"median":18,"min":0,"var":180.644638062},"spectral_contrast_coeffs":{"dmean":[0.0604832582176,0.0559330284595,0.0450575053692,0.0354537554085,0.030138656497,0.0262499526143],"dmean2":[0.0942861065269,0.0880529880524,0.0700036287308,0.0565424263477,0.0463286489248,0.0383480787277],"dvar":[0.00281034992076,0.00228710845113,0.00143437413499,0.00096074200701,0.000784626579843,0.000790440128185],"dvar2":[0.00670370273292,0.00524828303605,0.00331378472038,0.00224996451288,0.00164026964922,0.00153269607108],"max":[-0.365868359804,-0.367091715336,-0.467541009188,-0.530702233315,-0.563492238522,-0.342119991779],"mean":[-0.694465517998,-0.745949268341,-0.767614603043,-0.788745343685,-0.786232709885,-0.761145710945],"median":[-0.69985216856,-0.757394790649,-0.773215591908,-0.795716643333,-0.792761623859,-0.774353742599],"min":[-0.965685725212,-0.97070556879,-0.970343410969,-0.967947900295,-0.962656497955,-0.962225139141],"var":[0.0077433642,0.0074215028435,0.00602270849049,0.00333138066344,0.00281079113483,0.00335381948389]},"spectral_contrast_valleys":{"dmean":[0.507449626923,0.521607160568,0.482154339552,0.47010654211,0.457834392786,0.351542264223],"dmean2":[0.781389892101,0.78975212574,0.719638824463,0.668370723724,0.627304017544,0.4843955338],"dvar":[0.253246128559,0.278557449579,0.251409828663,0.275847107172,0.276032745838,0.184447333217],"dvar2":[0.494080245495,0.530596852303,0.449433892965,0.486390292645,0.485388487577,0.331456273794],"max":[-5.08847904205,-4.76981735229,-5.06294727325,-5.51939964294,-5.30623054504,-7.40906906128],"mean":[-7.79137420654,-7.32796144485,-7.77407217026,-7.71073865891,-7.57790708542,-10.3140001297],"median":[-7.59180212021,-7.14045906067,-7.54427480698,-7.44011163712,-7.36050415039,-9.98567390442],"min":[-27.6736049652,-27.6066570282,-28.0059223175,-27.457611084,-27.2592849731,-27.3566055298],"var":[2.01386904716,1.62588620186,1.80437016487,2.03617548943,2.04276752472,2.60678291321]},"spectral_decrease":{"dmean":3.53818174759e-9,"dmean2":5.62182878028e-9,"dvar":3.25756893939e-17,"dvar2":8.18992384757e-17,"max":1.13272040972e-28,"mean":-5.81206283101e-9,"median":-3.961833972e-9,"min":-5.57410722024e-8,"var":4.48947976124e-17},"spectral_energy":{"dmean":0.0142239723355,"dmean2":0.0224863365293,"dvar":0.000491845072247,"dvar2":0.00122928421479,"max":0.215833544731,"mean":0.0238965116441,"median":0.016894031316,"min":1.02694949647e-20,"var":0.000688133353833},"spectral_energyband_high":{"dmean":0.000727272767108,"dmean2":0.00107096403372,"dvar":0.00000357656699634,"dvar2":0.0000075533407653,"max":0.0567439422011,"mean":0.00107577815652,"median":0.000387807114748,"min":7.18692240146e-21,"var":0.00000518551814821},"spectral_energyband_low":{"dmean":0.00920756533742,"dmean2":0.0152536248788,"dvar":0.000394452712499,"dvar2":0.00101223040838,"max":0.193942129612,"mean":0.0116230370477,"median":0.00276076933369,"min":1.95217972488e-23,"var":0.000504094874486},"spectral_energyband_middle_high":{"dmean":0.00336461095139,"dmean2":0.00511021073908,"dvar":0.000030108849387,"dvar2":0.0000748481834307,"max":0.0799119994044,"mean":0.00600058399141,"median":0.00379110290669,"min":1.66847761964e-21,"var":0.0000463483484054},"spectral_energyband_middle_low":{"dmean":0.00394064513966,"dmean2":0.00626156758517,"dvar":0.0000454688088212,"dvar2":0.000114166774438,"max":0.0621431469917,"mean":0.00557365221903,"median":0.00320949032903,"min":1.88272535001e-22,"var":0.0000510810314154},"spectral_entropy":{"dmean":0.18234795332,"dmean2":0.266413062811,"dvar":0.0479272343218,"dvar2":0.0924827605486,"max":9.81476974487,"mean":7.71504688263,"median":7.79879236221,"min":4.42286205292,"var":0.223673820496},"spectral_flux":{"dmean":0.0352186150849,"dmean2":0.0552998669446,"dvar":0.00194223865401,"dvar2":0.00418191589415,"max":0.43674904108,"mean":0.0976889878511,"median":0.0881881043315,"min":6.50085471565e-11,"var":0.00382088311017},"spectral_kurtosis":{"dmean":2.190356493,"dmean2":3.50366854668,"dvar":25.7739772797,"dvar2":62.734828949,"max":135.348464966,"mean":5.39145803452,"median":4.16637563705,"min":-1.31226098537,"var":62.2506904602},"spectral_rms":{"dmean":0.00127988483291,"dmean2":0.00192389939912,"dvar":0.00000230872979046,"dvar2":0.00000539181428394,"max":0.0145110068843,"mean":0.00423643551767,"median":0.00405980041251,"min":3.16528357344e-12,"var":0.00000536637389814},"spectral_rolloff":{"dmean":767.562072754,"dmean2":1254.9041748,"dvar":1327740,"dvar2":2857379.75,"max":19121.484375,"mean":2012.62390137,"median":1679.58984375,"min":21.533203125,"var":3473768.25},"spectral_skewness":{"dmean":0.302966713905,"dmean2":0.457408457994,"dvar":0.175599738955,"dvar2":0.402650207281,"max":9.69804573059,"mean":1.56393480301,"median":1.50746977329,"min":-1.02974486351,"var":0.535405397415},"spectral_spread":{"dmean":758110.4375,"dmean2":1115656.375,"dvar":1187141648380,"dvar2":2284535676930,"max":49255856,"mean":4665210,"median":4173206.5,"min":602984.5,"var":4551790821380},"spectral_strongpeak":{"dmean":0.463004440069,"dmean2":0.78105455637,"dvar":0.578438043594,"dvar2":1.41959929466,"max":11.8584003448,"mean":0.672731459141,"median":0.295270740986,"min":0,"var":0.927973628044},"zerocrossingrate":{"dmean":0.0149252032861,"dmean2":0.0173067171127,"dvar":0.000325494504068,"dvar2":0.000408648164012,"max":0.498046875,"mean":0.076416388154,"median":0.06884765625,"min":0,"var":0.00219153123908}},"metadata":{"audio_properties":{"analysis_sample_rate":44100,"bit_rate":201258,"codec":"mp3","downmix":"mix","equal_loudness":0,"length":197.720809937,"lossless":false,"md5_encoded":"200e82f1fb6754826d3deebfa2b57acd","replay_gain":-13.8462142944,"sample_rate":44100},"tags":{"album":["Beats and Places"],"albumartist":["Public Enemy"],"artist":["Public Enemy"],"date":["2006"],"encoding":["LAME"],"file_name":"241932.mp3","genre":["Hip-Hop"],"label":["SLAMjamz"],"language":["eng"],"musicbrainz_recordingid":["3919f853-9dc8-47a5-ade6-e7ca6c097914"],"title":["Grand Theft Oil"],"tracknumber":["6"]},"version":{"essentia":"2.1-beta2","essentia_build_sha":"70f2e5ece6736b2c40cc944ad0e695b16b925413","essentia_git_sha":"v2.1_beta2","extractor":"music 1.0"}},"rhythm":{"beats_count":302,"beats_loudness":{"dmean":0.0384977012873,"dmean2":0.0591722726822,"dvar":0.000884325592779,"dvar2":0.00254321657121,"max":0.163650780916,"mean":0.0505762137473,"median":0.0375433862209,"min":6.83592702444e-8,"var":0.00146090716589},"beats_loudness_band_ratio":{"dmean":[0.376754522324,0.226738661528,0.141663298011,0.130807936192,0.131121784449,0.0938629209995],"dmean2":[0.525575578213,0.437853395939,0.242881640792,0.208983689547,0.224799290299,0.163504377007],"dvar":[0.0424920730293,0.0149850845337,0.0282232314348,0.0144505416974,0.0110750189051,0.0169298909605],"dvar2":[0.167943298817,0.0526038445532,0.0791166946292,0.0381002947688,0.0324868783355,0.0476048961282],"max":[0.99205493927,0.637989640236,0.885614275932,0.718661487103,0.763023972511,0.940731883049],"mean":[0.414090305567,0.16665892303,0.135588273406,0.125739336014,0.144115149975,0.095256768167],"median":[0.421359926462,0.105666846037,0.0793199688196,0.0890047699213,0.131766945124,0.058024816215],"min":[0.000248366064625,0.000252732745139,0.000176353540155,0.0000260301258095,0.0001023190