{"lowlevel":{"average_loudness":0.667290210724,"barkbands":{"dmean":[0.00207008305006,0.00533019239083,0.000758096924983,0.000213980601984,0.00017962694983,0.000194690030185,0.00009293716721,0.0000660170480842,0.0000713469125913,0.000104435443063,0.000134609552333,0.000152491731569,0.000269273557933,0.000385099760024,0.000582577544264,0.000671008077916,0.000562161090784,0.000469910621177,0.000279727159068,0.0001393557759,0.0000565806731174,0.0000276431183011,0.0000194546391867,0.00000823986556497,9.63395223152e-7,0.0000194850599655,0.000615963188466],"dmean2":[0.00346164475195,0.00858910009265,0.00130690867081,0.000363067287253,0.000293487886665,0.000304997112835,0.000145810408867,0.000105867191451,0.000116781964607,0.000169277569512,0.000217449109186,0.000249812554102,0.000447179394541,0.000641551741865,0.000966706953477,0.00109936436638,0.000912538787816,0.000723722798284,0.000426845654147,0.000205687203561,0.000085233230493,0.0000401260149374,0.0000286266495095,0.0000131738788696,0.00000159183991855,0.0000288506325887,0.000934587442316],"dvar":[0.0000217550950765,0.0000899639417185,0.00000185780061202,1.43746461845e-7,1.15803928225e-7,4.38376616785e-7,5.49422125573e-8,4.53966180203e-8,3.50657671788e-8,5.56590258327e-8,1.8576815819e-7,8.87457645149e-8,2.7510657219e-7,4.95358563057e-7,0.00000115239402021,0.00000130333501147,0.00000107627488433,9.49140940065e-7,3.39762351587e-7,8.73982131111e-8,1.19725545034e-8,3.21554050053e-9,1.98516181271e-9,5.57250190436e-10,3.6366773308e-12,2.1171566722e-9,7.09899723006e-7],"dvar2":[0.0000545334405615,0.000220925488975,0.00000529744602318,3.85255134461e-7,2.75745719591e-7,9.79781361821e-7,1.14213598579e-7,1.09444719953e-7,9.01637662309e-8,1.3852286429e-7,4.29535617741e-7,2.10701998071e-7,7.50170670472e-7,0.00000128759609197,0.00000278191328107,0.00000332573131345,0.00000270795271717,0.00000223731649385,7.80294328706e-7,1.92200417359e-7,2.74408780143e-8,7.05350133856e-9,4.44147785217e-9,1.41047540314e-9,9.05100040055e-12,4.72644723359e-9,0.00000154243264205],"max":[0.0662410929799,0.0979826971889,0.0227672476321,0.00704914238304,0.015254965052,0.0207906346768,0.00812346301973,0.00851668231189,0.00447568902746,0.00537424720824,0.0178480502218,0.0131499413401,0.0128222014755,0.015259584412,0.0489820130169,0.0337794013321,0.0166107136756,0.0264403503388,0.0161353312433,0.00779456133023,0.00257444288582,0.000979353208095,0.000880002451595,0.000475420645671,0.0000286217982648,0.000951701658778,0.0216539241374],"mean":[0.00184584141243,0.00522859301418,0.000934412062634,0.000270837859716,0.000274663092569,0.000293469463941,0.000153906556079,0.0000967640880845,0.000107631858555,0.000158476919751,0.000206334632821,0.000258278974798,0.000483292154968,0.000722670054529,0.00119814625941,0.00131091999356,0.000970820488874,0.000852000957821,0.000526130432263,0.000272158707958,0.000114407237561,0.0000498060253449,0.0000312617703457,0.0000099390736068,9.91851152321e-7,0.0000305412031594,0.00224862992764],"median":[0.00031563671655,0.00121128302999,0.000415180198615,0.000117832547403,0.000135577269248,0.0000718127557775,0.000049818529078,0.0000253486650763,0.0000331291194016,0.0000505077150592,0.0000594193516008,0.00014746816305,0.00026925522252,0.000395044015022,0.000693231297191,0.000734279863536,0.00048339299974,0.000287057278911,0.000161213465617,0.0000733570486773,0.0000333718016918,0.0000137461984195,0.00000589713908994,0.00000148869469285,2.98559086787e-7,0.00000574540808884,0.00196721544489],"min":[6.19875411536e-25,1.95251278196e-24,3.03452682412e-24,2.01175229163e-24,1.21145235108e-23,1.04030621668e-23,1.45377850937e-23,1.3987652431e-23,1.77919814781e-23,2.34028761511e-23,1.14149458829e-23,2.7811322768e-23,4.26886493725e-23,4.19978722768e-23,4.72968655473e-23,5.54103788436e-23,7.62795615626e-23,1.20071382424e-22,1.14025893234e-22,1.7724635476e-22,2.05094268052e-22,3.65553852076e-22,4.48381268386e-22,5.58558201978e-22,8.21736942192e-22,1.21156817164e-21,1.92446134255e-21],"var":[0.0000193260566448,0.0000937123186304,0.00000212983309211,2.07577059541e-7,2.11083360568e-7,9.77358808996e-7,1.33342382469e-7,8.24945232125e-8,6.17831332761e-8,1.04186625549e-7,4.07314104223e-7,1.83142830679e-7,5.84514339153e-7,0.00000120975266782,0.00000431364333053,0.00000316196792483,0.00000197060217033,0.00000219859225581,9.28878137074e-7,2.69600064939e-7,3.81884852629e-8,6.97552016149e-9,3.86127441132e-9,6.54163834213e-10,3.83555773947e-12,3.73874220472e-9,0.00000428896964877]},"barkbands_crest":{"dmean":2.91876888275,"dmean2":4.90610361099,"dvar":7.47581195831,"dvar2":19.9516983032,"max":26.4689006805,"mean":9.22531890869,"median":8.06133556366,"min":2.90589404106,"var":16.547744751},"barkbands_flatness_db":{"dmean":0.0252862162888,"dmean2":0.0416346713901,"dvar":0.000609299226198,"dvar2":0.00172434083652,"max":0.425903856754,"mean":0.12404319644,"median":0.117055885494,"min":0.0339775010943,"var":0.00151106948033},"barkbands_kurtosis":{"dmean":2.79958987236,"dmean2":4.97515153885,"dvar":359.599090576,"dvar2":1227.57226562,"max":1011.84838867,"mean":1.93665957451,"median":-0.479099273682,"min":-1.75141954422,"var":265.586761475},"barkbands_skewness":{"dmean":0.623496472836,"dmean2":1.01330006123,"dvar":0.67915481329,"dvar2":1.98998749256,"max":30.1923847198,"mean":0.856671512127,"median":0.484226852655,"min":-2.18156194687,"var":1.94746243954},"barkbands_spread":{"dmean":13.4207458496,"dmean2":22.0980587006,"dvar":145.632659912,"dvar2":379.169952393,"max":120.387756348,"mean":62.0337028503,"median":63.6363601685,"min":0.477731496096,"var":502.785430908},"dissonance":{"dmean":0.00717760110274,"dmean2":0.0123882563785,"dvar":0.0000788197794463,"dvar2":0.000227765151067,"max":0.500000119209,"mean":0.489747017622,"median":0.493206351995,"min":0.371491581202,"var":0.000115066912258},"dynamic_complexity":5.26290369034,"erbbands":{"dmean":[0.239950060844,0.891958594322,1.09388506413,0.665557861328,0.627619326115,0.576115727425,1.25707113743,1.60325467587,1.22752571106,1.52894699574,1.23946285248,1.60193860531,2.75673770905,3.34292054176,5.70678567886,6.35466814041,12.1462106705,15.4776334763,26.1885185242,35.4340896606,32.7675933838,27.6275882721,25.853225708,17.5098285675,11.9651155472,6.32808351517,3.08820915222,1.75888991356,1.05655300617,0.752347588539,0.522177875042,0.259825140238,0.0930178016424,0.0136445956305,0.00709563540295,0.0141012268141,0.041033860296,0.05038882792,0.0403520986438,0.012971916236],"dmean2":[0.398627460003,1.41700994968,1.84316539764,1.12455737591,1.05853199959,0.938450038433,1.98492479324,2.54062914848,1.94865322113,2.40817761421,2.01351809502,2.62108850479,4.43735551834,5.44172334671,9.13195610046,10.3925619125,20.179101944,25.5321350098,43.2594833374,57.8613166809,53.2571792603,44.2452201843,39.9058647156,26.6369533539,17.9960193634,9.24959564209,4.6197218895,2.62498283386,1.54283845425,1.10021364689,0.775254189968,0.399203211069,0.155365601182,0.022474642843,0.0116360401735,0.0224984716624,0.0605901069939,0.0704324916005,0.0546835586429,0.019801421091],"dvar":[0.217706769705,3.54930257797,4.68279981613,1.17289316654,1.15495502949,1.60479581356,18.7174797058,33.0774078369,10.6186876297,17.0050506592,16.1233959198,21.2284069061,44.9779396057,56.0285758972,300.85168457,130.617340088,577.390441895,832.781433105,3116.11108398,4352.06201172,3396.89770508,2709.37670898,2940.08496094,1264.78344727,651.869995117,182.239028931,39.3693847656,11.9483852386,4.64129543304,2.73228263855,1.49974429607,0.493036389351,0.083300486207,0.000699242344126,0.000184600212378,0.00126988242846,0.00976235512644,0.0111779384315,0.00595418969169,0.000331577961333],"dvar2":[0.562525808811,8.3890619278,12.6497116089,3.131057024,3.1244559288,3.46559309959,41.0622787476,75.7330322266,23.0716266632,37.2629814148,38.3654251099,55.685092926,109.518714905,145.711929321,680.185913086,319.407409668,1565.29846191,2121.9543457,7254.28271484,11066.0390625,8527.04980469,6675.27490234,7006.22900391,2949.94970703,1437.4630127,400.688842773,90.6986923218,26.9704456329,10.270989418,6.01815414429,3.41084980965,1.20161890984,0.218716800213,0.00172958220355,0.000454505672678,0.00308962725103,0.0219049081206,0.0231774244457,0.0115819945931,0.000723925477359],"max":[3.79424667358,25.1007823944,30.0381393433,21.1805534363,25.4112815857,78.9381027222,168.527206421,253.767272949,135.604873657,149.155822754,191.105133057,134.909713745,154.253494263,232.312103271,820.878234863,454.464752197,563.614257812,653.148864746,3011.08569336,1580.11816406,2295.0090332,908.672363281,1535.17431641,818.29888916,908.514282227,347.903869629,161.525985718,70.5210266113,37.03099823,26.6011066437,26.2162380219,15.9968128204,4.41094350815,0.419322103262,0.205007955432,0.698887526989,2.46609902382,2.31328248978,2.19006824493,0.498121351004],"mean":[0.214836701751,0.91824311018,1.3277772665,0.952442824841,0.884313106537,0.852127492428,1.80951929092,2.3636033535,2.02019476891,2.58635997772,1.88325440884,2.47070336342,4.22565507889,5.52594184875,9.53042030334,12.0251817703,22.7766056061,31.794752121,55.5991630554,73.7389144897,68.3273849487,51.0542259216,46.8589096069,33.0672035217,23.2160511017,12.607878685,6.31055831909,3.50441241264,1.95002651215,1.25833976269,0.820081174374,0.360518723726,0.0952695608139,0.0148373898119,0.00777224870399,0.0167968086898,0.0642866492271,0.0979221314192,0.103162050247,0.0490765236318],"median":[0.0390685461462,0.219383627176,0.530711174011,0.528781294823,0.436836063862,0.38134509325,0.456937134266,0.604551672935,0.71450906992,0.679804265499,0.606380820274,0.773231327534,1.33260798454,2.01115775108,3.73685836792,7.27705526352,13.043510437,18.28764534,30.7344093323,45.0704040527,38.4491844177,26.491065979,16.7157707214,10.6813259125,6.63709115982,3.4934053421,1.84062576294,1.05501687527,0.545890331268,0.276745140553,0.152187481523,0.0593389831483,0.0119347060099,0.00443873926997,0.00259713199921,0.00345256063156,0.0116702783853,0.0243217740208,0.0385662131011,0.044057443738],"min":[1.03262346877e-22,5.31021882433e-22,3.80768401571e-21,8.22880646617e-21,6.71999550544e-21,3.48534748298e-20,2.95372173446e-20,9.30262632643e-20,1.50635030843e-19,2.31782573383e-19,2.77221491437e-19,3.85659389671e-19,6.82604227332e-19,8.20494666758e-19,7.87673742714e-19,1.47191268573e-18,1.81619042656e-18,2.75550922642e-18,2.2821456083e-18,3.11916842938e-18,3.88327920856e-18,4.58537398247e-18,5.63154693989e-18,6.75595463964e-18,8.65666514041e-18,8.63323524956e-18,9.17364475145e-18,1.1181207135e-17,1.27428976618e-17,1.20980334465e-17,1.28299402233e-17,1.03837529122e-17,1.07743575236e-17,8.15606701422e-18,5.7666007185e-18,4.67175934897e-18,2.20129470049e-18,1.02911297767e-18,2.53724392161e-19,2.82184232608e-20],"var":[0.189495295286,3.90698099136,5.0500292778,1.75483119488,1.80381953716,2.99162936211,37.4516716003,68.6845321655,24.069311142,43.3049583435,26.584854126,35.433555603,78.8317642212,111.966003418,624.150756836,308.733978271,1252.6920166,2231.29174805,12784.5888672,11795.84375,8475.45703125,4780.39941406,6344.93310547,3290.29785156,1987.83398438,570.025085449,123.133392334,34.1720237732,10.4582595825,5.38504695892,2.79812121391,0.707235753536,0.0787781998515,0.000800355279353,0.000207582910662,0.00163031148259,0.0171180665493,0.0281285196543,0.0265701096505,0.00193374219816]},"erbbands_crest":{"dmean":2.34086680412,"dmean2":3.93180370331,"dvar":4.69740533829,"dvar2":12.470621109,"max":31.3635425568,"mean":9.03770446777,"median":8.25670528412,"min":2.08671116829,"var":12.8735694885},"erbbands_flatness_db":{"dmean":0.017563957721,"dmean2":0.0275426320732,"dvar":0.000217497552512,"dvar2":0.000508419820108,"max":0.332917362452,"mean":0.165765359998,"median":0.166239529848,"min":0.0135853886604,"var":0.00164030364249},"erbbands_kurtosis":{"dmean":1.73009359837,"dmean2":2.79980635643,"dvar":3.62791490555,"dvar2":8.97854709625,"max":48.8632888794,"mean":3.98947930336,"median":3.56179380417,"min":-1.69958996773,"var":14.3437013626},"erbbands_skewness":{"dmean":0.37791660428,"dmean2":0.609244346619,"dvar":0.10436668992,"dvar2":0.262717634439,"max":1.85705697536,"mean":-1.00022256374,"median":-0.996923804283,"min":-4.50848913193,"var":0.542931973934},"erbbands_spread":{"dmean":4.15520334244,"dmean2":6.81639242172,"dvar":18.2262744904,"dvar2":48.4712486267,"max":109.560501099,"mean":18.6297740936,"median":15.3775587082,"min":1.5297960043,"var":120.629226685},"gfcc":{"cov":[[18070.40625,-885.333374023,-1627.37133789,1421.50427246,1313.7088623,-273.234619141,447.003204346,-180.618835449,49.5704421997,-395.62713623,-212.47769165,160.873733521,-231.942062378],[-885.333374023,1040.98620605,91.1347427368,-368.269744873,79.9976577759,2.93991827965,-96.3848876953,-8.63438224792,6.04073047638,-11.500670433,27.0848407745,-70.7822341919,152.207931519],[-1627.37133789,91.1347427368,468.563720703,45.7383308411,-165.812133789,132.96711731,-53.5523834229,102.888885498,-31.3142223358,65.1704711914,17.6960754395,4.44369363785,16.5977668762],[1421.50427246,-368.269744873,45.7383308411,492.895385742,168.492660522,10.5064315796,144.569976807,16.8881835938,-2.39658546448,-28.4388828278,-20.8248500824,61.0941200256,-85.6224594116],[1313.7088623,79.9976577759,-165.812133789,168.492660522,367.760009766,21.5914783478,60.0969467163,-25.0790424347,3.8715775013,-64.8925704956,-6.09421682358,-9.96830940247,15.7766494751],[-273.234619141,2.93991827965,132.96711731,10.5064315796,21.5914783478,180.437286377,-8.65444850922,71.0726165771,-21.890920639,11.0147151947,-5.45236253738,-3.66391444206,23.9178562164],[447.003204346,-96.3848876953,-53.5523834229,144.569976807,60.0969467163,-8.65444850922,204.313537598,-6.71859312057,45.2944221497,-4.66944503784,-14.1016197205,39.0399971008,-40.4509735107],[-180.618835449,-8.63438224792,102.888885498,16.8881835938,-25.0790424347,71.0726165771,-6.71859312057,145.239624023,14.4094047546,29.8479557037,8.8792219162,-15.3595237732,23.3003063202],[49.5704421997,6.04073047638,-31.3142223358,-2.39658546448,3.8715775013,-21.890920639,45.2944221497,14.4094047546,101.642616272,41.25989151,10.8636875153,12.2607593536,-23.9726715088],[-395.62713623,-11.500670433,65.1704711914,-28.4388828278,-64.8925704956,11.0147151947,-4.66944503784,29.8479557037,41.25989151,90.9073028564,40.3185081482,3.92515397072,6.96580410004],[-212.47769165,27.0848407745,17.6960754395,-20.8248500824,-6.09421682358,-5.45236253738,-14.1016197205,8.8792219162,10.8636875153,40.3185081482,71.3644943237,24.0665588379,16.0305900574],[160.873733521,-70.7822341919,4.44369363785,61.0941200256,-9.96830940247,-3.66391444206,39.0399971008,-15.3595237732,12.2607593536,3.92515397072,24.0665588379,86.4785308838,9.03872108459],[-231.942062378,152.207931519,16.5977668762,-85.6224594116,15.7766494751,23.9178562164,-40.4509735107,23.3003063202,-23.9726715088,6.96580410004,16.0305900574,9.03872108459,111.905906677]],"icov":[[0.000201429720619,-0.000416517694248,0.00131857744418,-0.00117937859613,0.000354773103027,-0.000463490083348,0.000501736474689,-0.000309189927066,0.000198570778593,-0.000350320100551,0.000466190133011,-0.000374157272745,0.000208641547943],[-0.000416517694248,0.00387518550269,-0.00594956427813,0.00601809890941,-0.00394956162199,0.0031776947435,-0.0021477076225,0.00113403017167,-0.00173798995093,0.00265637598932,-0.00141207512934,0.00160479859915,-0.00224686879665],[0.00131857744418,-0.00594956427813,0.0169953424484,-0.0141496295109,0.00925594568253,-0.00900317728519,0.00556746358052,-0.00256055081263,0.00238249753602,-0.00472296681255,0.00179597723763,-0.00124047067948,0.00129045220092],[-0.00117937859613,0.00601809890941,-0.0141496295109,0.0185519549996,-0.0120295183733,0.00910125672817,-0.00627645850182,-0.00168336415663,0.00339825847186,-0.000590742158238,0.00239196117036,-0.00530096376315,0.0043460894376],[0.000354773103027,-0.00394956162199,0.00925594568253,-0.0120295183733,0.0138218561187,-0.00860971398652,0.00218796101399,0.00315906526521,-0.00517875235528,0.00604328978807,-0.00670013856143,0.00784226506948,-0.00560420844704],[-0.000463490083348,0.0031776947435,-0.00900317728519,0.00910125672817,-0.00860971398652,0.0140416054055,-0.0027841066476,-0.0044699604623,0.00434963358566,-0.00282280240208,0.00463007949293,-0.00441989162937,0.00195443723351],[0.000501736474689,-0.0021477076225,0.00556746358052,-0.00627645850182,0.00218796101399,-0.0027841066476,0.00957930181175,-0.00079744780669,-0.00215652678162,-0.0018255537143,0.00323871453293,-0.00356804672629,0.00172424770426],[-0.000309189927066,0.00113403017167,-0.00256055081263,-0.00168336415663,0.00315906526521,-0.0044699604623,-0.00079744780669,0.0135875605047,-0.00749923381954,0.00464221369475,-0.00599000789225,0.00907242298126,-0.00746903847903],[0.000198570778593,-0.00173798995093,0.00238249753602,0.00339825847186,-0.00517875235528,0.00434963358566,-0.00215652678162,-0.00749923381954,0.0239020176232,-0.0173214562237,0.00953041575849,-0.0115293245763,0.0113691175357],[-0.000350320100551,0.00265637598932,-0.00472296681255,-0.000590742158238,0.00604328978807,-0.00282280240208,-0.0018255537143,0.00464221369475,-0.0173214562237,0.0329225063324,-0.0198866333812,0.0132470922545,-0.00994691997766],[0.000466190133011,-0.00141207512934,0.00179597723763,0.00239196117036,-0.00670013856143,0.00463007949293,0.00323871453293,-0.00599000789225,0.00953041575849,-0.0198866333812,0.031229255721,-0.0167768225074,0.00698453234509],[-0.000374157272745,0.00160479859915,-0.00124047067948,-0.00530096376315,0.00784226506948,-0.00441989162937,-0.00356804672629,0.00907242298126,-0.0115293245763,0.0132470922545,-0.0167768225074,0.0284189004451,-0.013356430456],[0.000208641547943,-0.00224686879665,0.00129045220092,0.0043460894376,-0.00560420844704,0.00195443723351,0.00172424770426,-0.00746903847903,0.0113691175357,-0.00994691997766,0.00698453234509,-0.013356430456,0.0212422348559]],"mean":[-58.1466674805,56.2214012146,-114.841964722,7.98900747299,22.3940124512,-20.3045120239,3.55614280701,-22.7890224457,11.0822029114,-8.30770492554,-0.486255377531,-1.11667048931,-8.6739320755]},"hfc":{"dmean":18.4962081909,"dmean2":27.28632164,"dvar":623.492797852,"dvar2":1288.96350098,"max":627.206542969,"mean":77.2534637451,"median":69.2873687744,"min":1.06450329633e-16,"var":3955.44287109},"melbands":{"dmean":[0.00186611618847,0.000760674534831,0.000110155589937,0.0000411651635659,0.0000387829095416,0.0000356636483048,0.0000185995177162,0.0000163733748195,0.0000102260473795,0.000010383559129,0.0000143739880514,0.0000137248171086,0.0000200385929929,0.0000171730389411,0.0000227373129746,0.0000273419846053,0.0000317827943945,0.0000444548131782,0.0000446222948085,0.0000500143323734,0.0000430896179751,0.0000330893089995,0.0000267157465714,0.0000221149002755,0.0000145659951158,0.0000108577196443,0.00000737695609132,0.00000371857481696,0.00000223712049774,0.00000148674178035,9.73050077846e-7,6.73606393775e-7,4.67846803076e-7,4.23799718874e-7,3.32802869707e-7,2.28493107102e-7,1.37900912023e-7,7.85015288329e-8,2.17578097761e-8,8.75753691787e-9],"dmean2":[0.00303702265956,0.00122900702991,0.000186144447071,0.0000676054405631,0.0000612955482211,0.0000561864871997,0.000029365741284,0.0000258740255958,0.0000166533027368,0.0000169972499862,0.0000231397243624,0.0000224063951464,0.0000322102860082,0.0000282550608972,0.0000376880234398,0.000045428841986,0.0000526462099515,0.0000736508372938,0.0000735917419661,0.0000823090231279,0.0000706034625182,0.0000540314467798,0.0000426273800258,0.0000342760904459,0.0000227315995289,0.0000168100232258,0.0000112151683425,0.00000560605485589,0.00000345033572557,0.00000229204897551,0.00000149481104472,0.0000010125497738,6.89693081313e-7,6.35428705209e-7,5.0439007282e-7,3.46142513763e-7,2.19943530055e-7,1.32985405799e-7,3.70775765646e-8,1.4498334977e-8],"dvar":[0.0000112960806291,0.00000258120053331,3.06393630467e-8,5.85920112428e-9,1.46053107386e-8,1.5024880895e-8,2.33695041096e-9,2.10951278667e-9,9.95092785949e-10,8.60510773748e-10,1.21337417891e-9,9.23533916009e-10,4.33479874218e-9,1.40666966963e-9,2.03985006664e-9,2.91725466006e-9,3.7172713796e-9,8.61633964178e-9,5.50032197566e-9,7.63851470964e-9,6.21245588306e-9,3.7647005513e-9,3.08982373021e-9,2.21577667325e-9,9.1110702316e-10,5.53697976358e-10,2.60811289232e-10,6.56840207225e-11,2.35625078476e-11,9.02328819302e-12,3.79643148515e-12,1.95437221094e-12,9.49983039282e-13,9.01859153763e-13,6.12733225703e-13,3.18212714208e-13,1.63878445861e-13,6.37550315276e-14,3.55744308726e-15,3.06884060197e-16],"dvar2":[0.0000284043471765,0.00000642202394374,8.23263448524e-8,1.35739464113e-8,3.23981872441e-8,3.41980914698e-8,4.9896948795e-9,4.80370010436e-9,2.37015940208e-9,2.22942042605e-9,2.95246449511e-9,2.4072572824e-9,9.82421344276e-9,3.2599274391e-9,5.18830267637e-9,8.10260658568e-9,9.47325151657e-9,2.06470094355e-8,1.40587461672e-8,1.96748768388e-8,1.57301247583e-8,9.607446394e-9,7.63654828262e-9,5.26760057795e-9,2.20447260446e-9,1.28523691689e-9,5.98977423216e-10,1.49549775341e-10,5.74304805101e-11,2.18719001244e-11,8.90079156213e-12,4.47753075936e-12,2.12317316506e-12,2.04626615131e-12,1.42096339036e-12,7.52311136564e-13,4.15701164897e-13,1.68512231079e-13,9.52385126465e-15,7.65425452072e-16],"max":[0.0280849020928,0.0213635936379,0.00305605796166,0.0042721433565,0.00434565497562,0.00494824489579,0.00176303612534,0.0016569821164,0.00144141132478,0.000870860007126,0.00079477543477,0.000939679157455,0.00283176335506,0.00196551228873,0.00159249012358,0.00124125159346,0.00141170201823,0.0046005435288,0.00184989196714,0.00167753279675,0.00295289489441,0.00108666263986,0.000993634341285,0.00141125067603,0.000722428841982,0.000822739151772,0.000388700398616,0.000228716933634,0.000144581863424,0.0000647785927868,0.0000532482117706,0.0000243962022068,0.0000170884777617,0.0000150047990246,0.0000172331056092,0.0000149312245412,0.00000901160274225,0.00000377083711101,0.0000012566129044,2.62452431343e-7],"mean":[0.00177629722748,0.000891881762072,0.000168251412106,0.0000616111938143,0.0000574843033974,0.0000536362495041,0.0000309467941406,0.0000271156586678,0.0000149596571646,0.0000156435962708,0.0000215742838918,0.0000216020798689,0.0000318124803016,0.0000284144425677,0.0000409051463066,0.000049751939514,0.0000592046671954,0.0000860771469888,0.0000909221998882,0.0000953536218731,0.0000805771560408,0.0000566029775655,0.0000430106047133,0.0000390915192838,0.0000254909864452,0.0000192029547179,0.0000135091850098,0.0000069614984568,0.00000420862124884,0.00000274955141322,0.00000178066716217,0.00000117468403005,7.74432123762e-7,6.65387688059e-7,5.02152317949e-7,3.40969080526e-7,1.6801979541e-7,7.53750271087e-8,2.08404937752e-8,8.9162490724e-9],"median":[0.000386098225135,0.000335763324983,0.00009945682541,0.0000307638183585,0.000016684349248,0.0000139329667945,0.000010701377505,0.00000699392467141,0.00000467860445497,0.00000470390341434,0.0000064748501245,0.0000075754842328,0.0000098165592135,0.0000159543196787,0.0000230188161368,0.0000278669576801,0.00003187558832,0.0000450398401881,0.0000558407518838,0.0000544328868273,0.0000419479329139,0.0000288637820631,0.0000157883896463,0.0000124098824017,0.000007900489436,0.00000537339610673,0.0000034379634144,0.00000192381389752,0.00000117619720186,7.86482132753e-7,5.25389111772e-7,3.28857197474e-7,1.85839112987e-7,1.32760348492e-7,8.97778775766e-8,6.2640772569e-8,2.23123244325e-8,6.84526790806e-9,4.07653066858e-9,2.61685162428e-9],"min":[1.19660762573e-24,1.33990884373e-24,1.11362862901e-24,1.46174821332e-24,1.20876732494e-24,1.9725881087e-24,2.93168638056e-24,2.72908855908e-24,1.98481131121e-24,2.29229489536e-24,3.105371661e-24,2.58982088551e-24,1.8894824012e-24,2.70823620435e-24,2.79173870889e-24,4.2887519629e-24,4.59225751871e-24,2.58174314706e-24,3.40125189009e-24,4.70729434351e-24,3.90125638651e-24,4.90654916968e-24,3.87074876872e-24,4.63400167124e-24,4.84409386853e-24,4.72318870746e-24,6.59037001087e-24,5.10721092928e-24,4.92876625379e-24,3.60885602009e-24,6.3792522944e-24,6.8610483034e-24,5.08187942233e-24,7.28246489872e-24,6.56369349606e-24,5.58549887384e-24,5.40410109755e-24,6.2416654862e-24,5.83149646967e-24,7.18037919783e-24],"var":[0.0000108389394882,0.00000282857854472,4.84933622147e-8,1.12619815695e-8,2.9474247043e-8,3.24569029431e-8,5.61609381222e-9,5.02045160999e-9,1.65546509834e-9,1.45467171642e-9,2.12728124005e-9,1.75530878721e-9,9.62149115935e-9,2.82937340224e-9,4.45257830606e-9,5.86779647094e-9,8.97866581084e-9,3.27761320307e-8,1.59074176054e-8,1.84515194235e-8,1.4093959777e-8,6.3768306191e-9,5.13036635397e-9,5.0580770683e-9,2.05610839465e-9,1.39312439362e-9,7.47129580425e-10,1.76369183147e-10,5.96490704052e-11,2.35766042106e-11,9.1297490401e-12,3.91339087871e-12,1.91216725613e-12,1.63170442869e-12,1.08549605936e-12,5.39349164289e-13,1.94259932034e-13,5.76350084195e-14,3.00908200402e-15,3.19574016645e-16]},"melbands_crest":{"dmean":5.54532718658,"dmean2":8.93944263458,"dvar":26.7579097748,"dvar2":60.6967506409,"max":39.4449462891,"mean":17.0287590027,"median":15.6861610413,"min":1.00032436848,"var":72.5121765137},"melbands_flatness_db":{"dmean":0.035446099937,"dmean2":0.0561962537467,"dvar":0.0010480923811,"dvar2":0.00267374771647,"max":0.4454421103,"mean":0.199026271701,"median":0.194859817624,"min":2.24345413358e-7,"var":0.00355618982576},"melbands_kurtosis":{"dmean":5.4161028862,"dmean2":9.24898433685,"dvar":411.661682129,"dvar2":1312.33215332,"max":1439.01806641,"mean":5.50491571426,"median":0.791740894318,"min":-1.87995707989,"var":398.521606445},"melbands_skewness":{"dmean":0.936125159264,"dmean2":1.47478592396,"dvar":0.983469963074,"dvar2":2.58775758743,"max":33.550693512,"mean":1.68708896637,"median":1.40554738045,"min":-3.00225949287,"var":3.20723938942},"melbands_spread":{"dmean":13.6421298981,"dmean2":22.0958385468,"dvar":176.193206787,"dvar2":434.297058105,"max":161.724075317,"mean":46.457611084,"median":44.671005249,"min":0.422341793776,"var":619.030090332},"mfcc":{"cov":[[12724.6806641,-535.998962402,-2164.30664062,1742.06018066,241.081939697,697.341308594,-27.4703559875,745.798400879,-103.184890747,139.313674927,-459.637023926,129.642028809,86.2247085571],[-535.998962402,1173.55603027,-48.2231941223,-288.362487793,161.137802124,-74.2233505249,15.7939929962,-137.262145996,105.758903503,-101.926513672,13.6376647949,-65.0006637573,45.7094917297],[-2164.30664062,-48.2231941223,764.045227051,-244.902175903,-47.3816986084,-124.501037598,24.3211631775,-80.9886627197,18.6388530731,10.6368923187,104.700805664,2.29787707329,-32.6044540405],[1742.06018066,-288.362487793,-244.902175903,556.428222656,4.98614263535,168.250717163,30.5819091797,168.536361694,-37.7053794861,53.8501853943,-58.9819984436,40.5833969116,21.4999885559],[241.081939697,161.137802124,-47.3816986084,4.98614263535,245.313842773,22.4016208649,52.8363227844,1.82038271427,28.8268260956,-29.0686035156,-13.6025333405,-2.23918294907,20.0306739807],[697.341308594,-74.2233505249,-124.501037598,168.250717163,22.4016208649,184.17791748,30.4548225403,85.9652023315,-6.81221818924,12.8147306442,-29.4383049011,15.3948173523,13.4065876007],[-27.4703559875,15.7939929962,24.3211631775,30.5819091797,52.8363227844,30.4548225403,120.218658447,33.52110672,30.0328884125,-4.2246594429,-2.35594892502,-10.2630367279,6.15871429443],[745.798400879,-137.262145996,-80.9886627197,168.536361694,1.82038271427,85.9652023315,33.52110672,158.65057373,8.75773525238,37.8332290649,-28.0634441376,15.6596021652,-2.74302482605],[-103.184890747,105.758903503,18.6388530731,-37.7053794861,28.8268260956,-6.81221818924,30.0328884125,8.75773525238,99.3049545288,16.4949150085,13.1568508148,-7.19320678711,10.5981121063],[139.313674927,-101.926513672,10.6368923187,53.8501853943,-29.0686035156,12.8147306442,-4.2246594429,37.8332290649,16.4949150085,97.6844863892,34.5946807861,22.9803886414,-8.2400560379],[-459.637023926,13.6376647949,104.700805664,-58.9819984436,-13.6025333405,-29.4383049011,-2.35594892502,-28.0634441376,13.1568508148,34.5946807861,95.4082641602,23.1971416473,2.4339287281],[129.642028809,-65.0006637573,2.29787707329,40.5833969116,-2.23918294907,15.3948173523,-10.2630367279,15.6596021652,-7.19320678711,22.9803886414,23.1971416473,71.2897109985,22.8827514648],[86.2247085571,45.7094917297,-32.6044540405,21.4999885559,20.0306739807,13.4065876007,6.15871429443,-2.74302482605,10.5981121063,-8.2400560379,2.4339287281,22.8827514648,66.0163650513]],"icov":[[0.000285215093754,-0.0000421155818913,0.000526078860275,-0.000447704194812,-0.00021272271988,0.00000104700586689,0.000279809872154,-0.000524003233295,0.0000283516437776,-0.000204540585401,0.000489678350277,-0.000304975605104,0.000136298054713],[-0.0000421155818913,0.0013947293628,0.000204338386538,0.000486427103169,-0.000588325026911,-0.0000760095645091,0.000208671306609,0.000607553170994,-0.00126091751736,0.000984813668765,-0.000648543762509,0.000967895146459,-0.000754709355533],[0.000526078860275,0.000204338386538,0.00289281387813,-0.000233491358813,-0.000168466736795,0.000624904234428,-0.000390288070776,-0.000851160148159,-0.0000777351378929,-0.00000774479121901,-0.000718691153452,-0.000806635303888,0.000919020269066],[-0.000447704194812,0.000486427103169,-0.000233491358813,0.00443560397252,0.000173115040525,-0.00138306920417,-0.000927777728066,-0.00116269092541,0.00127267709468,-0.00104941765312,0.000245763163548,-0.00000127434054775,-0.00138926843647],[-0.00021272271988,-0.000588325026911,-0.000168466736795,0.000173115040525,0.00538900448009,-0.000291705713607,-0.00230691256002,0.000649953319225,-0.00068460451439,0.00119005003944,0.0000464716213173,-0.000880558451172,-0.000226107920753],[0.00000104700586689,-0.0000760095645091,0.000624904234428,-0.00138306920417,-0.000291705713607,0.00877973902971,-0.00126647029538,-0.00277022062801,0.000705661543179,0.000264348520432,0.000279926724033,-0.000648259418085,-0.000747016572859],[0.000279809872154,0.000208671306609,-0.000390288070776,-0.000927777728066,-0.00230691256002,-0.00126647029538,0.0117624411359,-0.00272959144786,-0.00282380729914,0.00152808451094,-0.000802614202257,0.00246812473051,-0.000835988903418],[-0.000524003233295,0.000607553170994,-0.000851160148159,-0.00116269092541,0.000649953319225,-0.00277022062801,-0.00272959144786,0.0134765310213,-0.00236280285753,-0.00262644491158,0.00227432302199,-0.00124878925271,0.0018024945166],[0.0000283516437776,-0.00126091751736,-0.0000777351378929,0.00127267709468,-0.00068460451439,0.000705661543179,-0.00282380729914,-0.00236280285753,0.0145105551928,-0.00466220825911,-0.000175740919076,0.00199753022753,-0.00298450235277],[-0.000204540585401,0.000984813668765,-0.00000774479121901,-0.00104941765312,0.00119005003944,0.000264348520432,0.00152808451094,-0.00262644491158,-0.00466220825911,0.0178001560271,-0.00762798218057,-0.00212276913226,0.00324404076673],[0.000489678350277,-0.000648543762509,-0.000718691153452,0.000245763163548,0.0000464716213173,0.000279926724033,-0.000802614202257,0.00227432302199,-0.000175740919076,-0.00762798218057,0.0188517887145,-0.00593751948327,-0.000087947009888],[-0.000304975605104,0.000967895146459,-0.000806635303888,-0.00000127434054775,-0.000880558451172,-0.000648259418085,0.00246812473051,-0.00124878925271,0.00199753022753,-0.00212276913226,-0.00593751948327,0.0217680949718,-0.00846515968442],[0.000136298054713,-0.000754709355533,0.000919020269066,-0.00138926843647,-0.000226107920753,-0.000747016572859,-0.000835988903418,0.0018024945166,-0.00298450235277,0.00324404076673,-0.000087947009888,-0.00846515968442,0.0205933302641]],"mean":[-715.031982422,123.720657349,-56.4218025208,42.2572212219,20.1629047394,26.8305244446,-1.49875020981,10.8353815079,-0.099056750536,10.2351512909,1.68997859955,5.59117889404,2.90702915192]},"pitch_salience":{"dmean":0.0988983362913,"dmean2":0.158011987805,"dvar":0.00832630414516,"dvar2":0.0201115068048,"max":0.996095359325,"mean":0.536484479904,"median":0.573576033115,"min":0.0285247322172,"var":0.0264728795737},"silence_rate_20dB":{"dmean":0,"dmean2":0,"dvar":0,"dvar2":0,"max":1,"mean":1,"median":1,"min":1,"var":0},"silence_rate_30dB":{"dmean":0.000158679788001,"dmean2":0.000317384750815,"dvar":0.00015865288151,"dvar2":0.000475969573017,"max":1,"mean":0.999920666218,"median":1,"min":0,"var":0.0000793268700363},"silence_rate_60dB":{"dmean":0.0103141861036,"dmean2":0.0206300094724,"dvar":0.0102081652731,"dvar2":0.0241731423885,"max":1,"mean":0.241808801889,"median":0,"min":0,"var":0.183322370052},"spectral_centroid":{"dmean":194.439926147,"dmean2":299.840454102,"dvar":42642.2148438,"dvar2":95480.6171875,"max":11455.2373047,"mean":2133.24072266,"median":2129.82910156,"min":310.755767822,"var":585831.3125},"spectral_complexity":{"dmean":3.74880981445,"dmean2":5.48710632324,"dvar":17.976064682,"dvar2":33.8175315857,"max":59,"mean":20.774772644,"median":22,"min":0,"var":209.701904297},"spectral_contrast_coeffs":{"dmean":[0.0503375194967,0.0434748567641,0.0336509644985,0.0275838561356,0.0202928707004,0.0422716364264],"dmean2":[0.0838763564825,0.0729745551944,0.0566601194441,0.0464492104948,0.0341025181115,0.0656111240387],"dvar":[0.00156833522487,0.00118142238352,0.000713902933057,0.000477057648823,0.000269248877885,0.00120062869973],"dvar2":[0.00429518707097,0.00329052982852,0.00196892931126,0.00132426503114,0.000753827451263,0.00303549994715],"max":[-0.451928436756,-0.49974873662,-0.559351146221,-0.562545061111,-0.630237340927,-0.484978795052],"mean":[-0.750339984894,-0.803538858891,-0.826666295528,-0.80058068037,-0.78610253334,-0.710788607597],"median":[-0.751014351845,-0.812783658504,-0.831682801247,-0.801944494247,-0.779005467892,-0.703839838505],"min":[-0.982023000717,-0.996847569942,-0.999011456966,-0.988110482693,-0.988771140575,-0.965248227119],"var":[0.00497595919296,0.0037946368102,0.00224700151011,0.00218607368879,0.00210438598879,0.00654839258641]},"spectral_contrast_valleys":{"dmean":[0.433831989765,0.375426232815,0.30931186676,0.223610088229,0.253604084253,0.5980219841],"dmean2":[0.697605609894,0.619759738445,0.505395948887,0.362396866083,0.364327013493,0.93220937252],"dvar":[0.11965727061,0.0899126380682,0.0643645375967,0.0379515662789,0.0821239575744,0.25089648366],"dvar2":[0.289037704468,0.232846423984,0.15900555253,0.0873760953546,0.152390703559,0.641791820526],"max":[-5.59738063812,-5.55146551132,-6.02387046814,-5.54159927368,-5.22548818588,-9.26265716553],"mean":[-7.8714723587,-7.80999469757,-7.91940116882,-7.32224607468,-7.67616033554,-11.7949905396],"median":[-7.5419678688,-7.61523103714,-7.60336112976,-6.80308151245,-7.22215223312,-11.591632843],"min":[-28.1896629333,-27.8253173828,-27.5953140259,-27.5599708557,-27.4756145477,-27.4536113739],"var":[2.64940476418,2.09240794182,2.32277870178,2.83081912994,3.31391739845,2.07870197296]},"spectral_decrease":{"dmean":2.22954676943e-9,"dmean2":3.47186257521e-9,"dvar":1.21182762104e-17,"dvar2":2.89240542576e-17,"max":8.25032098195e-10,"mean":-3.28248539461e-9,"median":-1.9044763544e-9,"min":-3.42257315822e-8,"var":1.69662452958e-17},"spectral_energy":{"dmean":0.00931159593165,"dmean2":0.0141720175743,"dvar":0.000196376233362,"dvar2":0.000453741668025,"max":0.146961659193,"mean":0.0193960238248,"median":0.0144263906404,"min":9.9758216134e-21,"var":0.000366086140275},"spectral_energyband_high":{"dmean":0.000574424338993,"dmean2":0.000815433624666,"dvar":9.43176075907e-7,"dvar2":0.0000018719028958,"max":0.0240718778223,"mean":0.00168247695547,"median":0.00107604940422,"min":7.16098334223e-21,"var":0.00000415118984165},"spectral_energyband_low":{"dmean":0.0071593276225,"dmean2":0.0115403467789,"dvar":0.00014882972755,"dvar2":0.000369312590919,"max":0.103752069175,"mean":0.00770214758813,"median":0.00260544405319,"min":2.05114611197e-23,"var":0.000156517984578},"spectral_energyband_middle_high":{"dmean":0.00211366731673,"dmean2":0.00317944143899,"dvar":0.0000110906112241,"dvar2":0.0000247789957939,"max":0.0571379289031,"mean":0.00684678275138,"median":0.00449394620955,"min":1.11505966056e-21,"var":0.0000521740112163},"spectral_energyband_middle_low":{"dmean":0.00055751594482,"dmean2":0.000891754752956,"dvar":8.76114938819e-7,"dvar2":0.00000204720095098,"max":0.022152222693,"mean":0.00124028860591,"median":0.000767421501223,"min":1.54775847512e-22,"var":0.00000251208007285},"spectral_entropy":{"dmean":0.094578653574,"dmean2":0.149133771658,"dvar":0.00786784850061,"dvar2":0.0185705181211,"max":9.82504177094,"mean":7.70099496841,"median":7.71895885468,"min":6.53863620758,"var":0.0634307563305},"spectral_flux":{"dmean":0.0225091706961,"dmean2":0.0367164760828,"dvar":0.000821325171273,"dvar2":0.00206356775016,"max":0.268079191446,"mean":0.0800454095006,"median":0.0765752568841,"min":6.37376124102e-11,"var":0.00254110246897},"spectral_kurtosis":{"dmean":4.15571212769,"dmean2":6.43373155594,"dvar":17.3848838806,"dvar2":40.1244850159,"max":68.5087585449,"mean":25.8688907623,"median":25.1551513672,"min":-1.27565646172,"var":82.7122955322},"spectral_rms":{"dmean":0.000865078007337,"dmean2":0.00126616307534,"dvar":0.00000113871192298,"dvar2":0.00000246583272201,"max":0.0119740227237,"mean":0.00376838888042,"median":0.00375160342082,"min":3.11969699206e-12,"var":0.0000047221838031},"spectral_rolloff":{"dmean":3943.96826172,"dmean2":7414.20996094,"dvar":44291236,"dvar2":96297096,"max":22050,"mean":14242.7861328,"median":19702.8808594,"min":21.533203125,"var":71094552},"spectral_skewness":{"dmean":0.303933978081,"dmean2":0.467454105616,"dvar":0.0859391391277,"dvar2":0.192869409919,"max":6.33265781403,"mean":3.42372488976,"median":3.36542201042,"min":-0.0721199586987,"var":0.545860111713},"spectral_spread":{"dmean":321035.15625,"dmean2":517786.5,"dvar":183047651328,"dvar2":416420593664,"max":43022436,"mean":3692921,"median":3348832.75,"min":1526260.75,"var":5431963418620},"spectral_strongpeak":{"dmean":2.22884988785,"dmean2":4.04016780853,"dvar":31.110326767,"dvar2":91.6412887573,"max":54.5955123901,"mean":2.21387982368,"median":0.184081703424,"min":0,"var":34.6343841553},"zerocrossingrate":{"dmean":0.0448715128005,"dmean2":0.0566850230098,"dvar":0.00192916044034,"dvar2":0.00327531853691,"max":0.9990234375,"mean":0.310988366604,"median":0.29345703125,"min":0,"var":0.017463574186}},"metadata":{"audio_properties":{"analysis_sample_rate":44100,"bit_rate":320000,"codec":"mp3","downmix":"mix","equal_loudness":0,"length":292.650848389,"lossless":false,"md5_encoded":"9cdd21e619d65934f46a5efdd5122d1e","replay_gain":-5.79886817932,"sample_rate":44100},"tags":{"album":["Metal Magic"],"albumartist":["Pantera"],"albumartistsort":["Pantera"],"artist":["Pantera"],"artistsort":["Pantera"],"catalognumber":["MMR 1283"],"date":["1983"],"discnumber":["1/1"],"file_name":"01. Pantera - Ride My Rocket.mp3","genre":["Thrash Metal"],"label":["Metal Magic Records"],"musicbrainz album release country":["US"],"musicbrainz album status":["official"],"musicbrainz album type":["album"],"musicbrainz_albumartistid":["541f16f5-ad7a-428e-af89-9fa1b16d3c9c"],"musicbrainz_albumid":["0003766f-36fc-4faf-ba51-358515dbebb9"],"musicbrainz_artistid":["541f16f5-ad7a-428e-af89-9fa1b16d3c9c"],"musicbrainz_recordingid":["3940974b-8601-4c15-9812-4ce082b1c63e"],"musicip_puid":["285b2984-3069-842f-4f04-e2042737a737"],"replaygain_album_gain":["-3.59 dB"],"replaygain_album_peak":["0.99996948"],"replaygain_track_gain":["-4.68 dB"],"replaygain_track_peak":["0.94628906"],"title":["Ride My Rocket"],"tracknumber":["1/10"]},"version":{"essentia":"2.1-beta1","essentia_build_sha":"ca57ba49d9b1854bd80e60cf9ccf267278fb7d6b","essentia_git_sha":"v2.1_beta1-28-g21ef5f4-dirty","extractor":"music 1.0"}},"rhythm":{"beats_count":503,"beats_loudness":{"dmean":0.0137681178749,"dmean2":0.0242783091962,"dvar":0.000203079194762,"dvar2":0.000588691211306,"max":0.0947111919522,"mean":0.0298712439835,"median":0.0309308245778,"min":0,"var":0.000504884053953},"beats_loudness_band_ratio":{"dmean":[0.17616815865,0.0280826464295,0.0240972414613,0.0426969751716,0.0714246928692,0.0796055644751],"dmean2":[0.298788100481,0.0515228360891,0.0441845878959,0.0766252800822,0.120322801173,0.139521718025],"dvar":[0.0239455923438,0.00158444046974,0.00144301669206,0.00262521812692,0