{"lowlevel":{"average_loudness":0.286082625389,"barkbands":{"dmean":[0.000467097444925,0.00104104774073,0.000692438101396,0.000622141640633,0.00274675572291,0.000809498189483,0.00111149891745,0.000504945521243,0.000642111408524,0.000323686050251,0.000391152745578,0.00067027535988,0.00044103214168,0.000143768935231,0.000216308573727,0.0000708319275873,0.0000820971326903,0.0000555650694878,0.000048456935474,0.0000714654161129,0.0000523131275258,0.0000316151963489,0.0000105146518763,0.0000017757220121,0.00000121668767861,0.0000023879570108,0.0000329731337843],"dmean2":[0.000903863285203,0.00164575933013,0.00111089763232,0.00102461420465,0.0040917233564,0.00120315619279,0.00164216407575,0.000781689188443,0.000944372208323,0.00049551599659,0.00060097622918,0.00106640404556,0.000712243781891,0.000232268066611,0.00035068221041,0.000111506451503,0.000128351151943,0.0000778362664278,0.0000676994459354,0.000103205085907,0.0000755715373089,0.0000468520338472,0.0000163545373653,0.00000294197070616,0.00000203754984796,0.00000381702875529,0.0000487997785967],"dvar":[2.26726740493e-7,0.00000471542307423,0.00000193249138647,0.00000146893171404,0.000031494317227,0.00000768250720284,0.00000469575161333,0.00000180082872703,0.00000630232079857,0.00000130992270897,0.00000117570027669,0.00000787530461821,0.00000206037566386,2.88034499363e-7,8.37940149268e-7,7.18474311157e-8,6.62879173774e-8,9.41058360127e-8,1.54468224878e-7,1.41860695635e-7,4.77705164315e-8,8.65473115397e-9,9.56839940613e-10,1.23285227513e-11,5.32007380857e-12,2.4435368659e-11,7.20570314527e-9],"dvar2":[7.29508542463e-7,0.00000946141426539,0.0000045392021093,0.00000332939475811,0.0000650957008475,0.0000176896373887,0.0000104413702502,0.00000386735518987,0.0000133424555315,0.0000031297008718,0.00000266458755505,0.0000193405012396,0.00000520940147908,7.74065597398e-7,0.00000223033521252,1.76318749823e-7,1.6412622017e-7,1.72653059849e-7,3.36433231496e-7,2.78989062963e-7,9.24262124613e-8,1.68151981228e-8,2.22097362723e-9,3.01366327726e-11,1.32433959632e-11,5.66766841792e-11,1.77037584592e-8],"max":[0.00503813521937,0.0701771825552,0.0381457135081,0.0528247132897,0.184826493263,0.100072979927,0.0814820900559,0.0546353794634,0.0921203792095,0.0400375202298,0.0417577810585,0.0716495290399,0.0370578020811,0.0283043961972,0.0365397036076,0.0103202015162,0.00737763056532,0.0145757729188,0.0202522315085,0.0171753447503,0.0111133707687,0.00433862768114,0.000818703090772,0.0000859519059304,0.0000438427778136,0.000139760493767,0.00408189930022],"mean":[0.000377879710868,0.00216370075941,0.00117169378791,0.000936947821174,0.00518161477521,0.00145171524491,0.00184047746006,0.000847226532642,0.00134497333784,0.000548901967704,0.000633040675893,0.00126665865537,0.000745683442801,0.000261463341303,0.00036176663707,0.000136693823151,0.000163141201483,0.0000916813733056,0.0000773537103669,0.000123811070807,0.0000887770002009,0.0000441528500232,0.0000114227341328,0.00000185593739843,0.00000123923337014,0.00000278217294181,0.0000840256616357],"median":[0.000240099820076,0.000920725171454,0.000486046366859,0.000516515690833,0.00218309159391,0.000407529179938,0.00091451255139,0.00027318217326,0.000240082066739,0.00011351366993,0.000231565747526,0.0000713813933544,0.0000942670594668,0.0000640533835394,0.0000413417728851,0.0000204685693461,0.0000275966449408,0.0000156585811055,0.00000984325561149,0.0000183055126399,0.0000172178333742,0.0000119868682305,0.0000026854997941,6.64272192807e-7,4.15954872324e-7,0.00000112110478767,0.0000322960986523],"min":[3.55968056118e-23,2.95312951323e-23,1.45772324777e-24,1.52890236446e-23,9.16182298017e-23,1.92179296059e-23,1.88581885227e-23,3.87388228201e-23,4.38868912222e-23,2.72289193835e-23,3.85707733592e-23,1.27056916134e-22,2.39323207787e-22,5.27553065395e-23,2.53743761839e-22,1.81547640934e-22,1.17964669423e-22,2.12864787783e-22,2.33772252344e-22,3.44331903382e-22,4.23651173204e-22,5.66091482835e-22,7.12438332643e-22,9.63010595964e-22,1.07726370638e-21,1.71595083977e-21,2.64838150149e-21],"var":[1.93477845301e-7,0.000015874284145,0.00000450258039564,0.00000311912754114,0.0000969745524344,0.0000133178964461,0.00000917046963878,0.00000425515918323,0.0000228652679652,0.0000029988100323,0.00000280999847746,0.0000218886889343,0.00000477797584608,8.02394254151e-7,0.00000182256690096,2.32602644701e-7,2.12419806189e-7,2.16464272285e-7,3.10623647692e-7,4.26478123927e-7,1.21497862438e-7,1.80897554714e-8,1.09967335238e-9,1.29351538161e-11,5.80735719929e-12,2.78529959513e-11,2.39864377249e-8]},"barkbands_crest":{"dmean":2.70882892609,"dmean2":4.36142635345,"dvar":5.48493480682,"dvar2":13.8387327194,"max":25.9083690643,"mean":10.583855629,"median":9.85368728638,"min":2.68486189842,"var":16.1133556366},"barkbands_flatness_db":{"dmean":0.0252959039062,"dmean2":0.0383704975247,"dvar":0.000453777465736,"dvar2":0.00101583322976,"max":0.465518921614,"mean":0.161568403244,"median":0.159945070744,"min":0.0332878194749,"var":0.0016926440876},"barkbands_kurtosis":{"dmean":3.69775176048,"dmean2":5.8609919548,"dvar":27.62068367,"dvar2":67.6730499268,"max":159.222305298,"mean":7.53930997849,"median":5.51826238632,"min":-1.71866381168,"var":76.57421875},"barkbands_skewness":{"dmean":0.554034352303,"dmean2":0.852625966072,"dvar":0.280951082706,"dvar2":0.654707491398,"max":11.1221218109,"mean":1.73097264767,"median":1.69199466705,"min":-2.42508888245,"var":1.27181375027},"barkbands_spread":{"dmean":3.87765002251,"dmean2":5.96480846405,"dvar":27.6126995087,"dvar2":64.2685394287,"max":116.482658386,"mean":13.9603271484,"median":11.6285400391,"min":0.512231647968,"var":109.629341125},"dissonance":{"dmean":0.0280449055135,"dmean2":0.046443939209,"dvar":0.000625716696959,"dvar2":0.00165506172925,"max":0.499998450279,"mean":0.438250213861,"median":0.443502157927,"min":0.227750241756,"var":0.00143115140963},"dynamic_complexity":4.5220041275,"erbbands":{"dmean":[0.0265200641006,0.256973773241,0.617868542671,1.5394359827,6.83728551865,9.23910427094,8.28548622131,6.28458786011,7.04451417923,26.5316772461,11.0233869553,13.311621666,10.0989332199,11.0449800491,17.2225818634,25.5440673828,20.6072826385,8.04687309265,7.80294656754,9.85010719299,3.56959962845,4.19839572906,3.01439261436,2.05859327316,3.04138255119,3.3053176403,2.64053797722,1.69581139088,1.1954215765,0.648044228554,0.230203077197,0.06010909006,0.0225683040917,0.013758610934,0.00860208831728,0.00495628360659,0.00447357818484,0.00653803674504,0.00257829367183,0.000939280318562],"dmean2":[0.0411569699645,0.407177060843,0.983999788761,2.46949243546,10.6304578781,13.8075885773,12.0924844742,9.29810523987,10.4253749847,39.0685005188,16.4711170197,19.8166503906,15.1303033829,16.7484207153,27.0171318054,40.554145813,33.3345069885,12.6361961365,12.3439483643,15.8714618683,5.55185127258,6.47515487671,4.22204685211,2.84952354431,4.36062955856,4.81830215454,3.88379383087,2.43528819084,1.75766825676,0.983851075172,0.36025851965,0.0969427451491,0.0376298949122,0.0230424571782,0.0143813947216,0.00822775717825,0.00708079524338,0.00964703969657,0.0034942694474,0.00141820148565],"dvar":[0.00290132709779,0.290348291397,1.59905278683,7.53003740311,204.645294189,523.958190918,510.209075928,670.539733887,466.797729492,2281.44140625,1849.23730469,2948.50634766,1396.87756348,1392.03076172,3167.19018555,11379.8056641,4262.35595703,756.779968262,853.118591309,2866.59985352,156.055755615,145.589080811,265.667175293,218.332962036,582.083740234,286.425201416,124.891601562,38.4389381409,13.1637706757,3.94128584862,0.415495097637,0.0191416926682,0.00171606068034,0.000681518984493,0.000263650901616,0.0000817023756099,0.0000836966646602,0.000274731777608,0.0000359463519999,0.00000355922315975],"dvar2":[0.00629268633202,0.572546482086,3.72087621689,17.6871585846,437.298522949,1104.83728027,1059.62280273,1466.65625,1042.89819336,4798.41113281,3592.24682617,6212.13818359,3160.46923828,3283.71337891,7664.06054688,27843.6992188,10855.03125,1959.25695801,2130.41015625,7839.05957031,380.238586426,335.429077148,499.314239502,435.27456665,1230.66320801,551.346435547,251.743362427,65.3584671021,24.8636302948,8.93257427216,0.960528612137,0.0455015972257,0.00426137493923,0.00169555121101,0.000656458607409,0.000203233619686,0.000193922780454,0.00059554039035,0.0000602796426392,0.00000914652173378],"max":[1.82493841648,16.2775821686,34.1292724609,119.812454224,732.351318359,748.293151855,885.231567383,1187.68103027,954.089294434,1426.21765137,2083.09912109,2364.7277832,1433.59313965,1480.86694336,1676.33984375,2906.22070312,1969.01159668,1376.94152832,1357.89440918,2408.35839844,520.631652832,407.208648682,770.17401123,668.088806152,1271.40026855,780.899291992,563.598510742,290.924407959,176.822769165,68.9068527222,18.4563579559,3.58210515976,0.732451081276,0.496181935072,0.308966219425,0.17092294991,0.269978582859,0.551287531853,0.232704117894,0.0819258391857],"mean":[0.0628077015281,0.492230862379,1.14891350269,2.79918146133,10.9512968063,16.953962326,14.9180011749,11.5617704391,13.7093086243,40.8422966003,22.3314552307,28.2785682678,17.9505195618,21.1605491638,31.3860054016,51.6814537048,39.0521125793,16.7463855743,15.1811380386,16.5096893311,8.52175235748,8.79034137726,5.51646757126,3.41891765594,4.9853477478,5.90377378464,4.58230686188,2.80069470406,1.72249531746,0.758941173553,0.251300126314,0.0644741356373,0.0233870986849,0.0140249235556,0.00886365398765,0.00536053348333,0.00533878756687,0.00894078519195,0.00577107258141,0.00348086142913],"median":[0.0293239615858,0.201808482409,0.497365236282,1.65299987793,4.34925222397,6.02683115005,5.23775672913,2.78236913681,5.82657575607,18.2651958466,4.85002231598,4.7592625618,5.26172161102,6.97041749954,9.13242912292,3.46841931343,4.65944290161,4.10926437378,1.97545850277,2.38751196861,1.14352869987,1.71166825294,0.980749368668,0.55300450325,0.583249330521,0.91375374794,0.916766524315,0.60296857357,0.450753390789,0.191553577781,0.0619839951396,0.0209296513349,0.00843140669167,0.00468407850713,0.00309146847576,0.00216850498691,0.00220563495532,0.00332942185923,0.00244013173506,0.00216893479228],"min":[1.64380336319e-21,3.92760945256e-21,1.85597983512e-21,2.32578001246e-20,1.58152706744e-19,2.22382260258e-19,4.79099857165e-19,1.42699628733e-19,2.59922999329e-19,2.75314374836e-19,1.08708799885e-18,1.06746210484e-18,6.70477552757e-19,1.32810371732e-18,1.62180256902e-18,7.12829923903e-18,1.07298403174e-17,3.37584960449e-18,6.90683238336e-18,1.32659413339e-17,1.22573889643e-17,7.28185208486e-18,1.44605448212e-17,9.56940435244e-18,1.34850920838e-17,1.59972975068e-17,1.60702200952e-17,1.68609700192e-17,2.25651330771e-17,2.42380942855e-17,1.7215061224e-17,1.72203584887e-17,1.59031478095e-17,9.27835837237e-18,9.7592389943e-18,6.88497372209e-18,3.09725165866e-18,1.28631062367e-18,3.27220656207e-19,4.08809848571e-20],"var":[0.00911218579859,0.966620862484,3.86488413811,19.2209091187,380.353881836,1775.22998047,1331.06567383,1251.11608887,983.161437988,4572.3359375,5720.08984375,11160.5712891,2912.23828125,4006.75146484,7390.88037109,33652.2265625,11640.5644531,2530.57275391,2248.33666992,5899.55175781,851.505615234,495.502105713,618.223754883,492.187164307,1214.65527344,940.863952637,342.882415771,109.646331787,29.9986190796,5.05767917633,0.482675671577,0.0201410353184,0.00187787634786,0.000744659686461,0.000288943643682,0.0000915026976145,0.0000961927289609,0.0003765510628,0.000160905750818,0.0000165547080542]},"erbbands_crest":{"dmean":3.32674956322,"dmean2":5.21640586853,"dvar":8.62912273407,"dvar2":19.314157486,"max":31.0669746399,"mean":11.6481933594,"median":10.6685447693,"min":2.42047286034,"var":23.2360725403},"erbbands_flatness_db":{"dmean":0.0250871051103,"dmean2":0.0371951162815,"dvar":0.00041465627146,"dvar2":0.000907186884433,"max":0.338918656111,"mean":0.180504262447,"median":0.178766518831,"min":0.0374877639115,"var":0.00188891775906},"erbbands_kurtosis":{"dmean":1.54189372063,"dmean2":2.36413431168,"dvar":3.5092048645,"dvar2":7.93297386169,"max":34.375957489,"mean":2.04329609871,"median":1.25332427025,"min":-1.659471035,"var":8.77290344238},"erbbands_skewness":{"dmean":0.411303967237,"dmean2":0.616762757301,"dvar":0.131134465337,"dvar2":0.2825281322,"max":4.89748668671,"mean":0.670523643494,"median":0.731233119965,"min":-3.4884595871,"var":0.738074719906},"erbbands_spread":{"dmean":6.87714624405,"dmean2":10.0762624741,"dvar":59.5510940552,"dvar2":123.274780273,"max":98.3258361816,"mean":24.2916545868,"median":21.8294754028,"min":1.83188283443,"var":167.96496582},"gfcc":{"cov":[[13035.6367188,414.55581665,-1294.33239746,77.3741226196,303.14050293,-354.647521973,7.04457950592,-669.788879395,74.6767196655,95.3314819336,34.2735862732,-12.472577095,-39.8658180237],[414.55581665,836.819152832,126.501167297,-231.511856079,38.9811401367,-65.3634109497,62.3016777039,-48.6045227051,37.3570861816,-16.7650794983,17.5316562653,-46.77684021,45.4188232422],[-1294.33239746,126.501167297,604.008239746,31.9864368439,-168.670333862,127.828117371,-53.8427124023,188.873916626,-43.1289863586,-31.7188339233,-13.9476881027,-6.96726799011,-11.0227251053],[77.3741226196,-231.511856079,31.9864368439,297.341033936,44.8173980713,-46.9311714172,63.7378845215,-29.888217926,22.5733699799,-26.7261734009,-27.0104217529,31.3500347137,-51.5798530579],[303.14050293,38.9811401367,-168.670333862,44.8173980713,251.280288696,30.9340324402,48.2414131165,-66.1197662354,-12.6236000061,-15.4540586472,24.7569656372,-1.02905321121,20.3548297882],[-354.647521973,-65.3634109497,127.828117371,-46.9311714172,30.9340324402,259.231903076,-17.6734886169,48.0213775635,-98.7566223145,-7.71295404434,22.7038478851,14.7007074356,9.55199718475],[7.04457950592,62.3016777039,-53.8427124023,63.7378845215,48.2414131165,-17.6734886169,214.886749268,-53.6967086792,46.4671363831,-25.8483276367,-5.50964832306,31.4949684143,-24.8164234161],[-669.788879395,-48.6045227051,188.873916626,-29.888217926,-66.1197662354,48.0213775635,-53.6967086792,271.004821777,38.6209526062,26.5814056396,1.5414352417,-34.6239280701,29.8662395477],[74.6767196655,37.3570861816,-43.1289863586,22.5733699799,-12.6236000061,-98.7566223145,46.4671363831,38.6209526062,178.712280273,57.084526062,-14.0704040527,-14.7362070084,-28.6466655731],[95.3314819336,-16.7650794983,-31.7188339233,-26.7261734009,-15.4540586472,-7.71295404434,-25.8483276367,26.5814056396,57.084526062,105.735847473,26.1873207092,-31.8479671478,-5.80720806122],[34.2735862732,17.5316562653,-13.9476881027,-27.0104217529,24.7569656372,22.7038478851,-5.50964832306,1.5414352417,-14.0704040527,26.1873207092,64.3663406372,20.6532917023,6.54233455658],[-12.472577095,-46.77684021,-6.96726799011,31.3500347137,-1.02905321121,14.7007074356,31.4949684143,-34.6239280701,-14.7362070084,-31.8479671478,20.6532917023,90.8771133423,15.2611064911],[-39.8658180237,45.4188232422,-11.0227251053,-51.5798530579,20.3548297882,9.55199718475,-24.8164234161,29.8662395477,-28.6466655731,-5.80720806122,6.54233455658,15.2611064911,90.9349136353]],"icov":[[0.00013619105448,-0.000405343394959,0.000636220851447,-0.000618950231001,0.000421995559009,-0.000355424330337,0.000319257669616,-0.0000183816937351,0.0000149823827087,-0.00000430506361226,-0.000102802499896,0.0000362203390978,0.0000300028314086],[-0.000405343394959,0.00523432344198,-0.00552699668333,0.00658185221255,-0.00419435463846,0.00395184569061,-0.00291734468192,0.00275442493148,-0.00153503345791,0.0010207927553,-0.000944167026319,0.00190611393191,-0.00157608068548],[0.000636220851447,-0.00552699668333,0.0097556496039,-0.00873401854187,0.00755267264321,-0.00650376453996,0.00352517678402,-0.00379009288736,0.000628715555649,0.00191743113101,-0.00147193425801,0.000446157238912,0.000818858155981],[-0.000618950231001,0.00658185221255,-0.00873401854187,0.0146616725251,-0.00930465292186,0.0081743048504,-0.00458463514224,0.00189754564781,0.00102582480758,-0.00256151310168,0.00526615139097,-0.00405806396157,0.0035103680566],[0.000421995559009,-0.00419435463846,0.00755267264321,-0.00930465292186,0.0129507165402,-0.00782866124064,0.00200194376521,0.000238638880546,-0.00311199831776,0.00614920584485,-0.00829148385674,0.00684397108853,-0.00483061699197],[-0.000355424330337,0.00395184569061,-0.00650376453996,0.0081743048504,-0.00782866124064,0.0117899049073,-0.00334378657863,-0.000788191857282,0.0060189771466,-0.00555089302361,0.00455474946648,-0.00508730858564,0.00364660704508],[0.000319257669616,-0.00291734468192,0.00352517678402,-0.00458463514224,0.00200194376521,-0.00334378657863,0.0081815412268,-0.000198687310331,-0.0026220146101,0.00238348869607,-0.000570529839024,-0.0016262428835,0.00126523070503],[-0.0000183816937351,0.00275442493148,-0.00379009288736,0.00189754564781,0.000238638880546,-0.000788191857282,-0.000198687310331,0.00923699047416,-0.00611018016934,0.00365117425099,-0.00515132863075,0.00670101353899,-0.00627116020769],[0.0000149823827087,-0.00153503345791,0.000628715555649,0.00102582480758,-0.00311199831776,0.0060189771466,-0.0026220146101,-0.00611018016934,0.0165446195751,-0.0129176611081,0.0109894331545,-0.00919472519308,0.00792640075088],[-0.00000430506361226,0.0010207927553,0.00191743113101,-0.00256151310168,0.00614920584485,-0.00555089302361,0.00238348869607,0.00365117425099,-0.0129176611081,0.0255563426763,-0.0186799708754,0.0153268547729,-0.00673992093652],[-0.000102802499896,-0.000944167026319,-0.00147193425801,0.00526615139097,-0.00829148385674,0.00455474946648,-0.000570529839024,-0.00515132863075,0.0109894331545,-0.0186799708754,0.0346276015043,-0.0191955622286,0.00914804451168],[0.0000362203390978,0.00190611393191,0.000446157238912,-0.00405806396157,0.00684397108853,-0.00508730858564,-0.0016262428835,0.00670101353899,-0.00919472519308,0.0153268547729,-0.0191955622286,0.0277011971921,-0.0120117850602],[0.0000300028314086,-0.00157608068548,0.000818858155981,0.0035103680566,-0.00483061699197,0.00364660704508,0.00126523070503,-0.00627116020769,0.00792640075088,-0.00673992093652,0.00914804451168,-0.0120117850602,0.0204151179641]],"mean":[-62.6797790527,116.555854797,-89.708732605,-3.09576249123,-31.29438591,-19.2413005829,0.653477370739,-25.6159553528,-5.82947587967,-6.56547832489,-11.4548721313,-2.80507421494,-6.06275081635]},"hfc":{"dmean":10.2641401291,"dmean2":15.2276210785,"dvar":150.105667114,"dvar2":336.476623535,"max":256.730438232,"mean":44.1332015991,"median":37.0896835327,"min":1.18845234066e-16,"var":993.098022461},"melbands":{"dmean":[0.000263970025117,0.000310630799504,0.00036180880852,0.000631435774267,0.000309952680254,0.000142949313158,0.000133069595904,0.000248702883255,0.000100649253,0.000081142570707,0.000051022387197,0.0000449334584118,0.0000595193523623,0.000065817097493,0.00006705836131,0.0000356470409315,0.0000142897943078,0.0000127644561871,0.0000152560623974,0.00000832230307424,0.00000455718691228,0.00000530083525518,0.0000030985443118,0.00000258403179032,0.00000163200331826,0.00000208148708225,0.00000263836818704,0.00000220445758714,0.00000187347245628,0.00000132676700559,9.57515339906e-7,7.5863050597e-7,5.15437989179e-7,3.21162730188e-7,1.4985177188e-7,6.14708639546e-8,2.71304028132e-8,1.62662363579e-8,1.27063533029e-8,1.11994742369e-8],"dmean2":[0.000412322464399,0.000486503355205,0.000573244644329,0.000962651858572,0.000449422310339,0.00021078363352,0.00019631125906,0.000367304717656,0.000150701249368,0.000120568038255,0.000076614174759,0.0000683253383613,0.0000925832864596,0.000104031496448,0.000107985812065,0.000057282493799,0.0000227962937061,0.0000203353974939,0.0000246900272032,0.0000133270777951,0.00000720390744391,0.00000830311364552,0.00000458234853795,0.00000370559837393,0.00000234912454289,0.00000302011608255,0.00000387997715734,0.00000330449029207,0.00000285101782538,0.00000195404004444,0.00000141721739055,0.00000113016312753,7.84875510362e-7,5.02486557252e-7,2.38159728383e-7,9.83774768315e-8,4.48924808438e-8,2.7256813695e-8,2.1303200981e-8,1.8768119503e-8],"dvar":[3.12735551233e-7,3.57133245643e-7,4.20862647843e-7,0.00000171892702383,6.75541116379e-7,2.99448089436e-7,1.15943471712e-7,2.0052445393e-7,1.95536102865e-7,9.50001393107e-8,3.53071811787e-8,2.46683704574e-8,2.75983609299e-8,8.02859005944e-8,6.52407692314e-8,1.28863302251e-8,2.97692404061e-9,2.28824870163e-9,4.14265732829e-9,1.77219594555e-9,2.61172389271e-10,2.04907341095e-10,1.69711827924e-10,2.81260958968e-10,1.50439605218e-10,2.65734462213e-10,3.78206743701e-10,1.28560412316e-10,6.00794622385e-11,3.87450835304e-11,1.16377489243e-11,5.46602650295e-12,2.88521290193e-12,1.01336614881e-12,1.92764681712e-13,2.53759229477e-14,3.90666757163e-15,9.35213418107e-16,5.81696700153e-16,4.53164109089e-16],"dvar2":[6.40111068151e-7,7.86210989645e-7,9.18378759707e-7,0.00000371545274902,0.00000130189209813,6.56088559481e-7,2.67646953489e-7,4.26659795494e-7,3.80097617381e-7,2.01795387511e-7,8.05618185495e-8,5.75878154052e-8,6.31302015108e-8,1.96350839587e-7,1.70398138266e-7,3.27289662039e-8,7.93472132443e-9,5.8066058628e-9,1.09707309903e-8,4.8537618369e-9,6.38362640526e-10,5.04159325398e-10,3.24668847362e-10,5.5605697824e-10,3.218313116e-10,5.68967817305e-10,8.06786637497e-10,2.65976823899e-10,1.28321034354e-10,8.19865356161e-11,2.09956236424e-11,1.06608897057e-11,6.52855937713e-12,2.35887871736e-12,4.50803701009e-13,6.22345396246e-14,9.53567584459e-15,2.34658450169e-15,1.44606248261e-15,1.12776962976e-15],"max":[0.0191882252693,0.0126417465508,0.0337134674191,0.037621345371,0.0403328575194,0.0230138469487,0.0161188710481,0.0130548495799,0.0203642938286,0.0126801943406,0.0069063003175,0.00652544526383,0.00626726308838,0.00839245971292,0.00726935453713,0.00338457617909,0.00301759736612,0.00214968225919,0.00264799315482,0.00175342347939,0.000582122534979,0.000392912770621,0.0005005474668,0.000775092514232,0.000548858544789,0.000783763243817,0.00104734755587,0.000577014056034,0.000376957905246,0.000358474440873,0.000157978618518,0.00011898282537,0.0000658544959151,0.0000252343779721,0.0000127411913127,0.00000427605073128,0.00000179037613179,5.81581616643e-7,4.57740185311e-7,4.0487412889e-7],"mean":[0.000615451368503,0.000637860037386,0.000661337631755,0.00108729605563,0.000587261107285,0.000264183123363,0.000250300188782,0.00038581629633,0.000202004710445,0.000168208600371,0.0000848518902785,0.0000817181062303,0.0000998749528662,0.00012535219139,0.000130731365061,0.0000620091886958,0.000026610245186,0.0000229880333791,0.0000256509665633,0.0000142950757436,0.00000966925654211,0.000010195851246,0.00000581852964388,0.00000405402033721,0.00000249023628385,0.00000317365652336,0.00000420803735324,0.00000379619996238,0.00000307691152557,0.00000208721758099,0.00000148731385252,0.0000010818832834,6.09831317888e-7,3.49793282339e-7,1.57628562647e-7,6.43301802938e-8,2.77307314889e-8,1.6355443222e-8,1.28086616868e-8,1.13385612011e-8],"median":[0.000282510300167,0.000297945807688,0.000390451808926,0.000430587853771,0.000201512579224,0.00006751671026,0.00011544724839,0.000171136533027,0.0000263362162514,0.0000324534266838,0.0000239851688093,0.0000245949177042,0.0000354081239493,0.00000947251373873,0.00000811762311059,0.00001050406172,0.0000062752624217,0.00000275212801171,0.00000297166525343,0.00000211745441447,9.28720851334e-7,0.0000019059062879,8.50937794894e-7,7.26404380202e-7,3.38473626016e-7,4.00153794544e-7,4.31828567571e-7,5.99527879785e-7,5.84579026963e-7,3.68499001979e-7,3.19229627621e-7,2.7157744853e-7,1.48359504237e-7,7.83780294e-8,3.53511140361e-8,1.81227868268e-8,9.2383842798e-9,5.62111202029e-9,4.19401313678e-9,3.73139297238e-9],"min":[1.29652303222e-23,2.10362303266e-24,8.5876171226e-24,1.21604060277e-23,1.73976661992e-23,3.27179212415e-24,3.72805448059e-24,4.12747921159e-24,9.05019490223e-24,6.33926730169e-24,3.52329498301e-24,5.40553406338e-24,5.03538198842e-24,1.09465005558e-23,2.79328546791e-23,1.74725590758e-23,4.62246103062e-24,9.01452024552e-24,2.01488438497e-23,1.17671075905e-23,1.50705659719e-23,5.88422708801e-24,1.28740230132e-23,9.20197410698e-24,7.4882684537e-24,9.8413048499e-24,1.08170650474e-23,1.01853389236e-23,9.29835161036e-24,1.16043214095e-23,8.49249233035e-24,1.42137194561e-23,9.55478031393e-24,1.52728109753e-23,9.60007355166e-24,9.27157136034e-24,1.12184556197e-23,1.13915419575e-23,9.43548876784e-24,7.51411153695e-24],"var":[0.00000105610035916,0.00000104425623704,9.42081669564e-7,0.00000382542748412,0.00000256194130088,5.6977563645e-7,2.40842666699e-7,4.04880296401e-7,6.35199398857e-7,3.45758508047e-7,7.20849371305e-8,6.87266279442e-8,6.5326105414e-8,2.05459286917e-7,2.00659272309e-7,3.05959595437e-8,8.77291395085e-9,5.74335423664e-9,9.68837987614e-9,4.23319512777e-9,1.20064636011e-9,6.74313382909e-10,4.44073333661e-10,5.49999434885e-10,3.02683628162e-10,5.11049591534e-10,7.86354426019e-10,3.91858739901e-10,1.5606543835e-10,7.92486076762e-11,3.05523766009e-11,1.23483289566e-11,3.84377252249e-12,1.16248525563e-12,2.16277977515e-13,2.54231399523e-14,3.78457158394e-15,9.82685803153e-16,6.34575114166e-16,4.93954780609e-16]},"melbands_crest":{"dmean":3.07562923431,"dmean2":4.94153642654,"dvar":7.2418513298,"dvar2":17.7870483398,"max":38.410949707,"mean":13.276725769,"median":12.537361145,"min":2.76678752899,"var":20.8069152832},"melbands_flatness_db":{"dmean":0.0309677477926,"dmean2":0.0462015420198,"dvar":0.000704945938196,"dvar2":0.00148762622848,"max":0.624227583408,"mean":0.268459975719,"median":0.267934978008,"min":0.00912116654217,"var":0.00319935497828},"melbands_kurtosis":{"dmean":5.02961969376,"dmean2":7.77923631668,"dvar":67.7524185181,"dvar2":164.000030518,"max":254.173950195,"mean":8.72139930725,"median":5.31931352615,"min":-1.80087018013,"var":142.544799805},"melbands_skewness":{"dmean":0.646983087063,"dmean2":0.955650627613,"dvar":0.392784684896,"dvar2":0.864143669605,"max":13.2527456284,"mean":1.93008887768,"median":1.77348864079,"min":-1.77970278263,"var":1.6645373106},"melbands_spread":{"dmean":4.08823299408,"dmean2":6.15184783936,"dvar":41.8054199219,"dvar2":70.7890777588,"max":144.067398071,"mean":15.7249555588,"median":11.6639480591,"min":0.578570902348,"var":245.389389038},"mfcc":{"cov":[[8611.53222656,866.78137207,-1409.21875,448.173828125,-361.939331055,517.74230957,-273.686950684,-251.074813843,-186.231369019,-160.491027832,-62.1747398376,129.91418457,-24.39884758],[866.78137207,1257.24938965,3.85813069344,-110.245239258,-56.151096344,-2.27036523819,18.1043243408,-77.0158691406,45.5386352539,-57.5729522705,47.2999992371,10.821146965,-9.7868642807],[-1409.21875,3.85813069344,755.922363281,-103.554191589,40.6909942627,-153.251296997,37.1389198303,96.0146331787,12.0742206573,74.5983123779,30.6858177185,-67.1266326904,-43.9595947266],[448.173828125,-110.245239258,-103.554191589,374.623596191,-70.2277984619,48.5210113525,-80.294708252,38.2113609314,-2.9386613369,32.0077934265,-0.67383903265,-27.1467819214,13.3568067551],[-361.939331055,-56.151096344,40.6909942627,-70.2277984619,223.950012207,-36.4466972351,67.0308914185,-6.60444784164,13.8861398697,-9.22562122345,-21.8946113586,6.14391231537,32.0108146667],[517.74230957,-2.27036523819,-153.251296997,48.5210113525,-36.4466972351,272.914550781,54.3035812378,16.1321372986,-59.2919692993,-69.3197555542,-34.1641387939,20.0034732819,31.3099193573],[-273.686950684,18.1043243408,37.1389198303,-80.294708252,67.0308914185,54.3035812378,193.565734863,45.3606452942,-3.8993229866,-54.2684516907,-32.6842803955,9.09178256989,23.7684898376],[-251.074813843,-77.0158691406,96.0146331787,38.2113609314,-6.60444784164,16.1321372986,45.3606452942,152.721481323,19.4954204559,1.96443593502,-22.9442234039,-21.8753032684,26.8074855804],[-186.231369019,45.5386352539,12.0742206573,-2.9386613369,13.8861398697,-59.2919692993,-3.8993229866,19.4954204559,117.16053772,47.5920028687,19.5826416016,2.55708670616,3.64339733124],[-160.491027832,-57.5729522705,74.5983123779,32.0077934265,-9.22562122345,-69.3197555542,-54.2684516907,1.96443593502,47.5920028687,151.941390991,56.1477813721,-13.1065387726,-15.1281394958],[-62.1747398376,47.2999992371,30.6858177185,-0.67383903265,-21.8946113586,-34.1641387939,-32.6842803955,-22.9442234039,19.5826416016,56.1477813721,111.892852783,23.1538467407,-26.5524940491],[129.91418457,10.821146965,-67.1266326904,-27.1467819214,6.14391231537,20.0034732819,9.09178256989,-21.8753032684,2.55708670616,-13.1065387726,23.1538467407,92.2312545776,37.5796089172],[-24.39884758,-9.7868642807,-43.9595947266,13.3568067551,32.0108146667,31.3099193573,23.7684898376,26.8074855804,3.64339733124,-15.1281394958,-26.5524940491,37.5796089172,118.927131653]],"icov":[[0.000239861677983,-0.000213236286072,0.000362645718269,-0.000168314334587,0.0000714767083991,-0.000205665986869,0.000246333394898,-0.0000479478148918,0.000349655194441,-0.000197234563529,0.000323293410474,-0.000346341781551,0.000326914392645],[-0.000213236286072,0.00115274183918,-0.000440488831373,0.000365347281331,0.000376724783564,0.0000881370942807,-0.000370556139387,0.000754050153773,-0.00110155181028,0.000974904280156,-0.000964092789218,0.000814724538941,-0.000688188243657],[0.000362645718269,-0.000440488831373,0.00258695939556,0.000325823581079,-0.000114463357022,0.000704271369614,0.0000124378175315,-0.00169760012068,0.00157657859381,-0.0011255586287,-0.0000774108921178,0.000446800142527,0.000833411759231],[-0.000168314334587,0.000365347281331,0.000325823581079,0.00383469904773,0.000466907164082,-0.000535761530045,0.0013564202236,-0.00121818098705,-0.000168324448168,-0.000393394671846,-0.00061927002389,0.00174677721225,-0.00103094114456],[0.0000714767083991,0.000376724783564,-0.000114463357022,0.000466907164082,0.00606070831418,0.000987870036624,-0.00217300909571,0.00164888345171,-0.000642924220301,0.0000118712541735,0.000662333215587,0.000511936261319,-0.00187054555863],[-0.000205665986869,0.0000881370942807,0.000704271369614,-0.000535761530045,0.000987870036624,0.00594071531668,-0.0021026993636,-0.000755032117013,0.00219958438538,0.000836584251374,-0.0000563392459298,-0.000277621264104,-0.000839743413962],[0.000246333394898,-0.000370556139387,0.0000124378175315,0.0013564202236,-0.00217300909571,-0.0021026993636,0.00863633304834,-0.00267469673418,-0.000297249935102,0.00163644645363,0.000776468310505,-0.000972910493147,0.000585699686781],[-0.0000479478148918,0.000754050153773,-0.00169760012068,-0.00121818098705,0.00164888345171,-0.000755032117013,-0.00267469673418,0.0104933716357,-0.0029421269428,0.00061341462424,0.000569519936107,0.00243471516296,-0.00298828957602],[0.000349655194441,-0.00110155181028,0.00157657859381,-0.000168324448168,-0.000642924220301,0.00219958438538,-0.000297249935102,-0.0029421269428,0.0126271601766,-0.00407514860854,0.000400330609409,-0.00164338434115,0.000602761865593],[-0.000197234563529,0.000974904280156,-0.0011255586287,-0.000393394671846,0.0000118712541735,0.000836584251374,0.00163644645363,0.00061341462424,-0.00407514860854,0.0117211686447,-0.00545760290697,0.00279272440821,-0.00150600285269],[0.000323293410474,-0.000964092789218,-0.0000774108921178,-0.00061927002389,0.000662333215587,-0.0000563392459298,0.000776468310505,0.000569519936107,0.000400330609409,-0.00545760290697,0.0151667464525,-0.00696640089154,0.00446195853874],[-0.000346341781551,0.000814724538941,0.000446800142527,0.00174677721225,0.000511936261319,-0.000277621264104,-0.000972910493147,0.00243471516296,-0.00164338434115,0.00279272440821,-0.00696640089154,0.0179261248559,-0.00726833334193],[0.000326914392645,-0.000688188243657,0.000833411759231,-0.00103094114456,-0.00187054555863,-0.000839743413962,0.000585699686781,-0.00298828957602,0.000602761865593,-0.00150600285269,0.00446195853874,-0.00726833334193,0.0132067687809]],"mean":[-723.218566895,172.378601074,-4.33183860779,29.1932640076,-16.7368297577,18.6800498962,-3.53505015373,-0.688670098782,1.95387065411,-4.69863700867,-1.84291398525,1.59946405888,1.55263888836]},"pitch_salience":{"dmean":0.0653172805905,"dmean2":0.105612955987,"dvar":0.00306574674323,"dvar2":0.00785968638957,"max":0.847812473774,"mean":0.566353201866,"median":0.57122284174,"min":0.0765439271927,"var":0.0102453241125},"silence_rate_20dB":{"dmean":0,"dmean2":0,"dvar":0,"dvar2":0,"max":1,"mean":1,"median":1,"min":1,"var":0},"silence_rate_30dB":{"dmean":0.00472487462685,"dmean2":0.00945067964494,"dvar":0.00470290379599,"dvar2":0.011331663467,"max":1,"mean":0.992716550827,"median":1,"min":0,"var":0.00723074423149},"silence_rate_60dB":{"dmean":0.0068904417567,"dmean2":0.0137822404504,"dvar":0.00684227049351,"dvar2":0.0169395226985,"max":1,"mean":0.0673228353262,"median":0,"min":0,"var":0.0627894476056},"spectral_centroid":{"dmean":156.429611206,"dmean2":234.539199829,"dvar":59956.7421875,"dvar2":102406.09375,"max":10968.3525391,"mean":788.750305176,"median":636.325195312,"min":150.32510376,"var":297132.15625},"spectral_complexity":{"dmean":2.12245297432,"dmean2":3.31955099106,"dvar":6.21017360687,"dvar2":11.4685058594,"max":53,"mean":12.395866394,"median":11,"min":0,"var":51.5783538818},"spectral_contrast_coeffs":{"dmean":[0.0520024262369,0.0497337654233,0.0375243611634,0.0331687517464,0.0252674035728,0.0509896986187],"dmean2":[0.0842985063791,0.0785404667258,0.0601159520447,0.0525781475008,0.0392973944545,0.0763033181429],"dvar":[0.00180287472904,0.0015091097448,0.000868055678438,0.000680620083585,0.000420764641603,0.00188796722796],"dvar2":[0.00454670190811,0.00370600097813,0.00228290539235,0.00172866380308,0.000992306158878,0.00404392136261],"max":[-0.254338651896,-0.4389564991,-0.521061360836,-0.516283750534,-0.624812245369,-0.395626246929],"mean":[-0.637352824211,-0.734320402145,-0.767390489578,-0.782956659794,-0.821139395237,-0.735299646854],"median":[-0.641526758671,-0.736047148705,-0.772903442383,-0.789725422859,-0.823488950729,-0.74368429184],"min":[-0.95410567522,-0.976782560349,-0.966569185257,-0.96769630909,-0.970959126949,-0.958171308041],"var":[0.00823493395001,0.00510508287698,0.00348195363767,0.00433162599802,0.00212609418668,0.00684065651149]},"spectral_contrast_valleys":{"dmean":[0.3404340446,0.341082274914,0.29378503561,0.319550454617,0.359380155802,0.649527430534],"dmean2":[0.57704102993,0.546713173389,0.456747174263,0.479571014643,0.514275610447,1.04272544384],"dvar":[0.0951933786273,0.0879134759307,0.0669096261263,0.0831665471196,0.120242513716,0.316249102354],"dvar2":[0.229954227805,0.194958984852,0.138859301805,0.164754375815,0.214053303003,0.789375543594],"max":[-5.52323055267,-4.35545158386,-5.30322504044,-5.89629840851,-5.14698791504,-9.13302707672],"mean":[-7.39379549026,-6.93443489075,-7.51984643936,-8.33032226562,-8.51156711578,-11.680316925],"median":[-7.22247123718,-6.81488227844,-7.35284042358,-8.15569782257,-8.34935951233,-11.5561437607],"min":[-27.5679340363,-27.6703186035,-27.0628738403,-26.8720855713,-27.2314548492,-27.269985199],"var":[1.29260718822,1.37459218502,1.29210102558,1.53478419781,1.48595547676,1.20081877708]},"spectral_decrease":{"dmean":1.45293277409e-9,"dmean2":2.15042694762e-9,"dvar":4.26412681106e-18,"dvar2":9.11151935154e-18,"max":-1.13168666682e-29,"mean":-4.60700277927e-9,"median":-3.37511929516e-9,"min":-5.21215994809e-8,"var":2.10175261275e-17},"spectral_energy":{"dmean":0.00583199923858,"dmean2":0.00856170337647,"dvar":0.0000680216689943,"dvar2":0.000144492354593,"max":0.20613090694,"mean":0.021390857175,"median":0.0164081025869,"min":1.08223238403e-20,"var":0.000376948446501},"spectral_energyband_high":{"dmean":0.000133664216264,"dmean2":0.000186033881619,"dvar":1.81875833505e-7,"dvar2":3.17058550081e-7,"max":0.0174573361874,"mean":0.000260089669609,"median":0.0000772097700974,"min":7.98295368627e-21,"var":6.67914036967e-7},"spectral_energyband_low":{"dmean":0.00158305244986,"dmean2":0.00245600775816,"dvar":0.00000857925715536,"dvar2":0.0000181478972081,"max":0.096612393856,"mean":0.00399008532986,"median":0.00231362739578,"min":4.96925635413e-23,"var":0.0000302401913359},"spectral_energyband_middle_high":{"dmean":0.00147774233483,"dmean2":0.00221902946942,"dvar":0.0000126386066768,"dvar2":0.0000298361592286,"max":0.0884710252285,"mean":0.00424487795681,"median":0.00114862108603,"min":1.68976772591e-21,"var":0.0000684095430188},"spectral_energyband_middle_low":{"dmean":0.00442897342145,"dmean2":0.00648470968008,"dvar":0.0000524346614839,"dvar2":0.000109031258035,"max":0.19902895391,"mean":0.0117838811129,"median":0.00704585015774,"min":2.30020379391e-22,"var":0.000209532765439},"spectral_entropy":{"dmean":0.245718032122,"dmean2":0.36285418272,"dvar":0.0479272119701,"dvar2":0.0988359898329,"max":9.79609680176,"mean":7.08385372162,"median":7.08404445648,"min":5.44090747833,"var":0.173260897398},"spectral_flux":{"dmean":0.0164062213153,"dmean2":0.0271902848035,"dvar":0.000354590738425,"dvar2":0.000939423392992,"max":0.28154951334,"mean":0.0671257972717,"median":0.0611239895225,"min":1.04030395409e-10,"var":0.00132761825807},"spectral_kurtosis":{"dmean":4.62277507782,"dmean2":6.81567239761,"dvar":24.0014667511,"dvar2":54.931022644,"max":81.8445281982,"mean":15.2798213959,"median":14.0106201172,"min":-1.24186336994,"var":58.5428085327},"spectral_rms":{"dmean":0.000575659214519,"dmean2":0.000833602447528,"dvar":3.85104584666e-7,"dvar2":7.79255969974e-7,"max":0.0141810905188,"mean":0.00414003105834,"median":0.00400098785758,"min":3.24936366876e-12,"var":0.00000372934482584},"spectral_rolloff":{"dmean":2978.19775391,"dmean2":5716.94189453,"dvar":42700200,"dvar2":105060600,"max":22050,"mean":4540.24804688,"median":1205.859375,"min":21.533203125,"var":55156232},"spectral_skewness":{"dmean":0.436707466841,"dmean2":0.617325544357,"dvar":0.186140805483,"dvar2":0.36483630538,"max":6.93335866928,"mean":2.66438961029,"median":2.63489818573,"min":0.0204565525055,"var":0.6149097085},"spectral_spread":{"dmean":549634.875,"dmean2":818174.8125,"dvar":321385660416,"dvar2":584973877248,"max":40924528,"mean":3644560.75,"median":3505105,"min":1644320.125,"var":1054668619780},"spectral_strongpeak":{"dmean":0.716604351997,"dmean2":1.24179065228,"dvar":7.56779146194,"dvar2":20.782749176,"max":62.1772766113,"mean":1.11814618111,"median":0.549916982651,"min":0,"var":6.19411993027},"zerocrossingrate":{"dmean":0.0297141652554,"dmean2":0.0373604856431,"dvar":0.000646316329949,"dvar2":0.00102426542435,"max":0.5458984375,"mean":0.194292634726,"median":0.18798828125,"min":0.01025390625,"var":0.00409966381267}},"metadata":{"audio_properties":{"analysis_sample_rate":44100,"bit_rate":192000,"codec":"mp3","downmix":"mix","equal_loudness":0,"length":235.88571167,"lossless":false,"md5_encoded":"c06fd520a0740dbc7c1082de96ab72e8","replay_gain":1.06065940857,"sample_rate":44100},"tags":{"album":["Green"],"artist":["R.E.M."],"date":["1988-11-07"],"file_name":"09 - R.E.M - Hairshirt.mp3","musicbrainz_albumid":["7a8cb95b-fb1f-4c6e-8a9a-556ea37649fc"],"musicbrainz_artistid":["ea4dfa26-f633-4da6-a52a-f49ea4897b58"],"musicbrainz_recordingid":["39494a16-8503-4303-abb1-70d4528427a2"],"title":["Hairshirt"],"tracknumber":["09/11"]},"version":{"essentia":"2.1-beta1","essentia_build_sha":"5a811adb4c06fd6d02ca903f7349a26d851abfa8","essentia_git_sha":"v2.1_beta1-34-gf95df8b","extractor":"music 1.0"}},"rhythm":{"beats_count":438,"beats_loudness":{"dmean":0.0138252321631,"dmean2":0.0231185574085,"dvar":0.000202137569431,"dvar2":0.000563322857488,"max":0.139768376946,"mean":0.0243280809373,"median":0.0200236774981,"min":1.24395196366e-8,"var":0.000367868982721},"beats_loudness_band_ratio":{"dmean":[0.190103664994,0.185709193349,0.154553636909,0.0928951948881,0.0451930984855,0.0752059370279],"dmean2":[0.328557699919,0.3189856112,0.272458642721,0.160837084055,0.0820188373327,0.133693680167],"dvar":[0.0276117622852,0.0212667770684,0.020510232076,0.0152569320053,0.00635309610516,0.0101836565882],"dvar2":[0.0773234069347,0.0576240420341,0.0575171969831,0.0407003127038,0.0173903685063,0.0287921968848],"max":[0.946608960629,0.805931448936,0.869333446026,0.776217281818,0.515485644341,0.649923205376],"mean":[0.339245766401,0.283707469702,0.198564618826,0.118755593896,0.0394324213266,0.110272295773],"median":[0.311145842075,0.257145702839,0.148782640696,0.0599827989936,0.0133945746347,0.0828401744366],"min":[0.0143545381