{"lowlevel":{"average_loudness":0.0799201950431,"barkbands":{"dmean":[0.000678615469951,0.00189115619287,0.00145518605132,0.00105494598392,0.00165511178784,0.0015464015305,0.0008376777987,0.000482254603412,0.000518381071743,0.000468847778393,0.000421413948061,0.000305947469315,0.000214848390897,0.000147898957948,0.000118540032418,0.0000666174310027,0.0000509644705744,0.0000398756819777,0.0000474772350572,0.0000515847568749,0.0000552819510631,0.0000673081231071,0.0000478029905935,0.0000105855797301,0.00000155940642799,0.0000342523599102,0.000284795794869],"dmean2":[0.00107432994992,0.00325004756451,0.00241585145704,0.00176897854544,0.00267357053235,0.00229886360466,0.00133920938242,0.000783651543316,0.000843258225359,0.000773224339355,0.000682865793351,0.000484415999381,0.000344456115272,0.000236266409047,0.000188204605365,0.000107964828203,0.0000833592857816,0.0000651902228128,0.0000769953985582,0.0000805505696917,0.0000847096598591,0.000102389400126,0.0000714910420356,0.0000166269855981,0.00000261529794443,0.0000515563297085,0.000411085522501],"dvar":[0.00000489364356326,0.0000263397869276,0.00000922671551962,0.00000452283848063,0.0000173604421434,0.0000230067362281,0.000005891935416,0.00000301719387608,0.00000372438034901,0.00000792951323092,0.000006772551842,6.35288529338e-7,7.13302938493e-7,2.65197087401e-7,1.23867636148e-7,2.85118293419e-8,1.49648940351e-7,9.38618640589e-8,2.4157557732e-7,4.3442659603e-7,2.46275249083e-7,8.78948696936e-7,2.78794630049e-7,5.995886454e-9,1.48217826901e-11,9.90240422993e-8,0.00000167644100202],"dvar2":[0.0000106308007162,0.000073748655268,0.0000251390756603,0.0000118470325106,0.0000475134365843,0.0000435821057181,0.0000154065965035,0.00000732881198928,0.00000889703642315,0.0000201934817596,0.0000170164166775,0.00000151371409629,0.0000015888284679,6.47902254514e-7,2.6277808729e-7,7.06265268491e-8,4.57558741118e-7,2.42394548877e-7,7.03979196714e-7,9.71020085672e-7,6.61013075387e-7,0.00000203711306312,6.269158348e-7,1.47241561166e-8,3.77626332981e-11,2.22941139327e-7,0.00000316310365633],"max":[0.0497207939625,0.09222946316,0.0651464685798,0.0698600336909,0.155424699187,0.206741303205,0.0939936861396,0.124659597874,0.104947581887,0.128879100084,0.129332363605,0.0277276150882,0.0434853844345,0.0351636372507,0.0156826600432,0.00536607345566,0.0297319162637,0.0194504186511,0.0526697859168,0.0568445362151,0.0450117401779,0.0986700505018,0.0392549969256,0.00348828150891,0.000105460261693,0.0179927498102,0.0835274830461],"mean":[0.000748277816456,0.00245086359791,0.00220552016981,0.00202107313089,0.00383819220588,0.00303066265769,0.00137281278148,0.000789122539572,0.000889493967406,0.000744565855712,0.000687966356054,0.000541935674846,0.000381807127269,0.000262482266407,0.000222116024815,0.000128915824462,0.0000922782128328,0.0000732410335331,0.0000912341638468,0.0000759698741604,0.0000901640887605,0.0000897790960153,0.0000638940982753,0.0000118757689052,0.0000016864690906,0.0000473422878713,0.000738705741242],"median":[0.0000239889814111,0.000273715762887,0.000313900411129,0.000297799415421,0.000534350168891,0.000431500258856,0.000343938794686,0.000169911887497,0.000167360587511,0.0000806177195045,0.000107174666482,0.000105501116195,0.0000711844841135,0.0000761963892728,0.0000487310026074,0.0000263791043835,0.000023879822038,0.0000176523844857,0.0000179865910468,0.00000942863880482,0.000011508107491,0.0000062684976001,0.00000317178341902,0.00000109281666028,3.98956046865e-7,0.00000376252319256,0.000272987177595],"min":[2.54107065251e-13,5.76132240873e-13,6.01055446733e-13,1.02113575842e-12,6.2611634627e-12,6.1089839784e-12,2.85711341738e-12,2.03234933223e-12,8.00665577675e-13,2.59635276603e-13,5.96426865686e-14,1.38949683465e-13,1.08096759083e-13,1.30289808348e-13,2.55331292134e-13,1.76100372349e-13,3.45562337425e-14,5.41917686669e-14,5.75052971821e-14,6.64435208784e-14,7.32651176598e-14,7.66508913091e-14,9.74770259085e-14,7.39216020752e-14,1.4210118813e-13,2.36457500715e-13,2.51550256319e-12],"var":[0.00000641420001557,0.0000325651890307,0.0000209664140129,0.000019315037207,0.0000935119387577,0.0000984432699624,0.0000108127778731,0.00000733220940674,0.0000076206142694,0.0000137443003041,0.0000162050891959,0.00000160041531672,0.00000183371821549,5.08365587848e-7,2.85202787609e-7,7.04392491002e-8,2.00331712108e-7,1.73129848235e-7,5.15290935255e-7,7.150268857e-7,5.52221536054e-7,0.00000140798965731,6.04561080308e-7,6.6521086417e-9,1.62032123829e-11,1.61132703624e-7,0.00000604813430982]},"barkbands_crest":{"dmean":2.58169460297,"dmean2":4.17684936523,"dvar":5.08606767654,"dvar2":12.9312438965,"max":24.7558841705,"mean":10.5203037262,"median":9.7338476181,"min":2.83860325813,"var":17.7125244141},"barkbands_flatness_db":{"dmean":0.0243633538485,"dmean2":0.0377704910934,"dvar":0.000474819593364,"dvar2":0.00116296694614,"max":0.426159501076,"mean":0.156795293093,"median":0.150387555361,"min":0.0401181913912,"var":0.00262568169273},"barkbands_kurtosis":{"dmean":5.13956022263,"dmean2":8.12390613556,"dvar":89.5826034546,"dvar2":224.550262451,"max":307.18927002,"mean":10.979924202,"median":6.12500667572,"min":-1.82629406452,"var":286.271972656},"barkbands_skewness":{"dmean":0.617936849594,"dmean2":0.953690886497,"dvar":0.401032984257,"dvar2":0.958302795887,"max":13.6006593704,"mean":2.05254387856,"median":2.04840040207,"min":-2.58903598785,"var":3.17050170898},"barkbands_spread":{"dmean":6.36084318161,"dmean2":9.75290203094,"dvar":57.2070198059,"dvar2":122.21762085,"max":115.211235046,"mean":25.7063045502,"median":20.8671531677,"min":0.498992592096,"var":358.415130615},"dissonance":{"dmean":0.0244316123426,"dmean2":0.0415689758956,"dvar":0.000712305249181,"dvar2":0.00197873241268,"max":0.500000119209,"mean":0.459084153175,"median":0.4683791399,"min":0.149570822716,"var":0.00142455939204},"dynamic_complexity":8.06428337097,"erbbands":{"dmean":[0.0678365752101,0.404629528522,1.20837390423,3.08226823807,4.72820901871,5.33484697342,10.4951992035,12.9026823044,10.1552963257,13.1048679352,10.8123178482,11.9495973587,12.3079319,16.4102172852,14.5391759872,13.0191688538,9.85181903839,7.52253198624,6.36920213699,5.01140069962,3.13024735451,2.45578670502,2.12165856361,2.01293182373,2.49478626251,2.50610756874,2.13979744911,2.36117434502,2.6610751152,1.94952082634,1.3620108366,0.389589190483,0.0863900333643,0.0210645440966,0.010728687048,0.0140867270529,0.0696597769856,0.0716180726886,0.0263727270067,0.00649362523109],"dmean2":[0.116621978581,0.698892831802,2.03035712242,5.0688586235,7.79597187042,8.74715042114,15.6753396988,19.41289711,16.1700363159,21.1367301941,17.6260948181,19.223077774,20.1958618164,25.9896297455,23.6087665558,20.4184322357,15.6176137924,12.0783462524,9.83961963654,8.06326293945,5.04802465439,4.01486301422,3.44665622711,3.19240736961,4.07275676727,3.99864530563,3.20518946648,3.68926334381,4.10715246201,2.84226632118,2.10736489296,0.596826314926,0.135889306664,0.0347138419747,0.0178587716073,0.0222508255392,0.105942308903,0.102779366076,0.036488853395,0.00965649355203],"dvar":[0.04272435233,1.08363258839,6.44000816345,40.7846755981,133.045593262,315.192077637,1352.88537598,1878.48937988,1202.34899902,1427.53063965,2655.21020508,1764.2722168,6485.20117188,10723.5947266,6152.60107422,1143.55981445,1529.99743652,770.837585449,462.280578613,132.140151978,136.39944458,221.962356567,279.244598389,183.74508667,1236.5020752,1005.59002686,385.870788574,536.523498535,2480.52539062,446.073883057,277.122192383,10.8688545227,0.489055633545,0.00482556270435,0.000621185346972,0.00622033886611,0.386054456234,0.415292620659,0.0461207963526,0.000354748073732],"dvar2":[0.121086768806,3.02971196175,17.8309326172,103.838020325,348.933685303,899.18737793,2506.90307617,3538.54296875,3218.79199219,3617.26831055,6820.56103516,3989.15625,17082.8652344,28751.609375,15403.6982422,2731.23608398,3374.77807617,2016.37817383,919.404541016,321.595428467,389.770446777,648.396362305,699.689758301,417.850311279,3742.59985352,2486.57275391,830.915405273,1330.42736816,6021.59667969,901.992980957,657.774353027,25.1901187897,1.1513235569,0.0115162273869,0.00161935470533,0.0143122095615,0.89700961113,0.785497248173,0.0822930559516,0.000781358627137],"max":[4.32781267166,18.6990127563,76.0507125854,148.149719238,403.357940674,851.078674316,1041.3079834,2651.5769043,1563.76513672,1331.94238281,4322.54638672,2519.73901367,4943.80322266,6057.93066406,4622.06396484,942.373046875,2304.99560547,2108.20385742,1099.12158203,424.587524414,800.207397461,1014.00128174,1023.62695312,790.804931641,3867.82983398,2291.55078125,1243.78833008,2461.08789062,5184.41601562,1998.88720703,1121.74523926,218.019332886,39.0139503479,3.74138236046,0.71585470438,4.86093568802,33.0712394714,49.9002799988,16.2689228058,0.974719047546],"mean":[0.0803782492876,0.533166468143,1.99165987968,5.73501253128,9.73838996887,12.5137996674,20.0395965576,25.391992569,17.1054267883,22.463891983,18.2278728485,21.2066631317,21.1091899872,28.1378040314,25.194486618,23.7229232788,18.3246669769,14.7937355042,12.535194397,10.1979665756,6.61939620972,4.75013780594,3.99055767059,3.99419260025,4.61356782913,3.76457905769,3.56495141983,3.6548871994,3.37457132339,2.74147129059,1.73999941349,0.473159462214,0.0931022837758,0.0230293925852,0.0121353082359,0.0171942356974,0.0948624908924,0.120267048478,0.056448571384,0.0214299466461],"median":[0.00605977140367,0.0712477862835,0.353385746479,0.974495649338,1.46669149399,1.54534757137,2.33442139626,3.8344848156,4.83487701416,4.87682247162,4.2909078598,3.80795025826,3.05420541763,3.76438570023,5.27520561218,4.5876789093,3.7418217659,4.34233474731,3.39708828926,2.7062048912,1.54673504829,1.4671792984,1.13633453846,1.00675749779,0.801661014557,0.529318988323,0.516039192677,0.384716898203,0.236201673746,0.162113726139,0.0865078642964,0.0359562262893,0.0124337384477,0.00555479899049,0.00316272187047,0.00376072898507,0.00749326031655,0.0117590818554,0.0125598106533,0.0106462435797],"min":[1.8036771729e-11,1.30068525395e-10,5.88603832341e-10,2.24271712312e-9,8.2217139763e-9,2.3763183421e-8,4.45256738146e-8,4.90813754084e-8,4.06339957237e-8,4.70479442072e-8,3.79985429788e-8,1.89853555099e-8,1.18786926961e-8,4.00500832498e-9,3.8682226311e-9,5.77569103655e-9,5.360580424e-9,6.23957996382e-9,7.97696664279e-9,1.84109918422e-8,5.20661158632e-9,2.05545713783e-9,3.36109651222e-9,2.34101582564e-9,3.8248306744e-9,2.67273225774e-9,2.91081780901e-9,3.02527691787e-9,2.51754816993e-9,2.81927770018e-9,2.30975505389e-9,1.52760082361e-9,1.46743095453e-9,1.0652498883e-9,1.26131805001e-9,7.43393124836e-10,4.94415841601e-10,2.53862791899e-10,1.27619290136e-10,1.00142526216e-10],"var":[0.0441644750535,1.4658703804,17.5791492462,113.960899353,542.755371094,1861.42004395,4378.70996094,9083.10546875,1787.23449707,4370.73388672,4290.84814453,4094.25683594,13153.4013672,23445.0488281,12436.4511719,3168.26245117,3824.56811523,1929.7166748,1115.70861816,332.005859375,285.039916992,323.502166748,464.338104248,434.592681885,2397.54248047,1613.02307129,883.851196289,1343.9609375,2935.44750977,1114.52197266,424.988372803,14.9251670837,0.540059149265,0.0051947357133,0.000729693972971,0.00773454969749,0.623316049576,0.996158123016,0.146939069033,0.00165694626048]},"erbbands_crest":{"dmean":3.12519788742,"dmean2":5.01201629639,"dvar":8.4721622467,"dvar2":20.3227863312,"max":33.9681587219,"mean":11.0421543121,"median":9.52417087555,"min":2.31606030464,"var":30.5151557922},"erbbands_flatness_db":{"dmean":0.0236016027629,"dmean2":0.0364335365593,"dvar":0.000440941919805,"dvar2":0.00105603062548,"max":0.42523175478,"mean":0.174933165312,"median":0.170584514737,"min":0.0434804968536,"var":0.00228186277673},"erbbands_kurtosis":{"dmean":1.70201349258,"dmean2":2.69409441948,"dvar":9.16454792023,"dvar2":21.3200893402,"max":113.369476318,"mean":2.05955576897,"median":0.564361095428,"min":-1.87357997894,"var":29.772769928},"erbbands_skewness":{"dmean":0.445718497038,"dmean2":0.682118952274,"dvar":0.183751881123,"dvar2":0.410711288452,"max":7.43305969238,"mean":0.554641544819,"median":0.487132966518,"min":-4.22132158279,"var":0.980910778046},"erbbands_spread":{"dmean":5.80325126648,"dmean2":8.99771404266,"dvar":44.6231422424,"dvar2":100.097602844,"max":136.002532959,"mean":25.0854530334,"median":22.4823417664,"min":0.768627583981,"var":201.983505249},"gfcc":{"cov":[[20312.890625,1276.97485352,-313.555114746,238.390304565,-13.7481451035,-101.460487366,255.052749634,115.805809021,473.431915283,225.147979736,-100.322975159,108.031166077,33.446975708],[1276.97485352,4450.79052734,1231.03820801,-628.426818848,51.9347267151,-187.931625366,-376.497497559,422.867584229,-15.3440799713,20.1219959259,-60.2424087524,-434.503723145,450.887268066],[-313.555114746,1231.03820801,862.468933105,58.7733802795,-93.5021591187,59.2172164917,-196.493850708,202.105621338,-62.3225517273,18.3695487976,-64.4724807739,-124.57711792,106.017913818],[238.390304565,-628.426818848,58.7733802795,520.122375488,149.414031982,51.599029541,110.747528076,-41.7419013977,6.79146099091,-16.3004550934,-52.5642127991,59.0108528137,-86.7439422607],[-13.7481451035,51.9347267151,-93.5021591187,149.414031982,396.063018799,56.6743164062,94.7556381226,-9.7090883255,-3.41815018654,-44.8001785278,-4.82240724564,-30.680606842,39.4910125732],[-101.460487366,-187.931625366,59.2172164917,51.599029541,56.6743164062,262.375549316,24.6545314789,56.3449859619,-50.3479232788,-6.40950536728,3.59722304344,7.49459791183,-6.04161882401],[255.052749634,-376.497497559,-196.493850708,110.747528076,94.7556381226,24.6545314789,304.082946777,-49.5594558716,46.6631622314,-37.3962097168,-12.9436702728,72.2128372192,-77.1048965454],[115.805809021,422.867584229,202.105621338,-41.7419013977,-9.7090883255,56.3449859619,-49.5594558716,226.196014404,-1.48061394691,1.41160428524,-19.9297447205,-70.8481063843,71.9815826416],[473.431915283,-15.3440799713,-62.3225517273,6.79146099091,-3.41815018654,-50.3479232788,46.6631622314,-1.48061394691,148.420761108,49.8121261597,-8.93042564392,20.8089199066,-19.9358825684],[225.147979736,20.1219959259,18.3695487976,-16.3004550934,-44.8001785278,-6.40950536728,-37.3962097168,1.41160428524,49.8121261597,108.173347473,44.584777832,5.00602197647,4.0134563446],[-100.322975159,-60.2424087524,-64.4724807739,-52.5642127991,-4.82240724564,3.59722304344,-12.9436702728,-19.9297447205,-8.93042564392,44.584777832,108.147346497,44.3367767334,4.47113990784],[108.031166077,-434.503723145,-124.57711792,59.0108528137,-30.680606842,7.49459791183,72.2128372192,-70.8481063843,20.8089199066,5.00602197647,44.3367767334,148.412582397,-31.6352844238],[33.446975708,450.887268066,106.017913818,-86.7439422607,39.4910125732,-6.04161882401,-77.1048965454,71.9815826416,-19.9358825684,4.0134563446,4.47113990784,-31.6352844238,144.459625244]],"icov":[[0.000072299153544,-0.000168007420143,0.000314321106998,-0.000270046584774,0.000166643687407,-0.000143218479934,0.000041747414798,-0.0000730878746253,-0.0000485556847707,-0.000186811012099,0.000192499966943,-0.000216923144762,0.0000669944565743],[-0.000168007420143,0.00168498069979,-0.00277607492171,0.0023111985065,-0.00139180629048,0.00143487751484,-0.000748363789171,0.000274963414995,-0.000692227797117,0.000816801621113,-0.00104567594826,0.00199500587769,-0.00154003757052],[0.000314321106998,-0.00277607492171,0.00673175277188,-0.00484488718212,0.00326016754843,-0.00268168793991,0.0018313388573,-0.00150135171134,0.00151274527889,-0.00173757469747,0.00225594989024,-0.00215351791121,0.00118009629659],[-0.000270046584774,0.0023111985065,-0.00484488718212,0.0072037181817,-0.00463446881622,0.00249141384847,-0.00100519391708,-0.000151781525346,0.000695859489497,-0.00129538599867,0.00215985765681,-0.00101842079312,0.00148245296441],[0.000166643687407,-0.00139180629048,0.00326016754843,-0.00463446881622,0.00677852565423,-0.00283169117756,-0.000903046107851,0.00141865271144,-0.0017058274243,0.00294696958736,-0.00294737727381,0.00331173231825,-0.00353114726022],[-0.000143218479934,0.00143487751484,-0.00268168793991,0.00249141384847,-0.00283169117756,0.00654460676014,-0.000926259031985,-0.00212783180177,0.0025951450225,-0.00165014376398,0.000584516557865,-0.000716692884453,0.000861342647113],[0.000041747414798,-0.000748363789171,0.0018313388573,-0.00100519391708,-0.000903046107851,-0.000926259031985,0.00612195907161,-0.000948186323512,-0.0010388137307,0.00119313492905,0.00148511992302,-0.00348168448545,0.0033417691011],[-0.0000730878746253,0.000274963414995,-0.00150135171134,-0.000151781525346,0.00141865271144,-0.00212783180177,-0.000948186323512,0.00818695686758,-0.00290478765965,0.00261753890663,-0.00235420884565,0.00453419378027,-0.00430069491267],[-0.0000485556847707,-0.000692227797117,0.00151274527889,0.000695859489497,-0.0017058274243,0.0025951450225,-0.0010388137307,-0.00290478765965,0.0135608473793,-0.00990355946124,0.0072060613893,-0.00529188523069,0.00371195026673],[-0.000186811012099,0.000816801621113,-0.00173757469747,-0.00129538599867,0.00294696958736,-0.00165014376398,0.00119313492905,0.00261753890663,-0.00990355946124,0.0205944217741,-0.0124216470867,0.00656854687259,-0.00366684258915],[0.000192499966943,-0.00104567594826,0.00225594989024,0.00215985765681,-0.00294737727381,0.000584516557865,0.00148511992302,-0.00235420884565,0.0072060613893,-0.0124216470867,0.0207126718014,-0.0105698080733,0.00404021330178],[-0.000216923144762,0.00199500587769,-0.00215351791121,-0.00101842079312,0.00331173231825,-0.000716692884453,-0.00348168448545,0.00453419378027,-0.00529188523069,0.00656854687259,-0.0105698080733,0.0181254316121,-0.00687696225941],[0.0000669944565743,-0.00154003757052,0.00118009629659,0.00148245296441,-0.00353114726022,0.000861342647113,0.0033417691011,-0.00430069491267,0.00371195026673,-0.00366684258915,0.00404021330178,-0.00687696225941,0.0156487580389]],"mean":[-92.0405654907,80.1333618164,-88.4585876465,-18.29829216,-20.7956829071,-21.527633667,-3.4259352684,-28.8745059967,-4.52403783798,-12.4619750977,-6.33958482742,-3.89910197258,-11.3159894943]},"hfc":{"dmean":54.4031524658,"dmean2":84.333984375,"dvar":14960.6015625,"dvar2":35053.9296875,"max":3010.79711914,"mean":159.530456543,"median":67.0207290649,"min":0.00000122735377772,"var":55477.3867188},"melbands":{"dmean":[0.000565668859053,0.000559670384973,0.000518694985658,0.000358771707397,0.000333844363922,0.000287127448246,0.000156167167006,0.0001292629604,0.0000905932320165,0.0000761214905651,0.0000616240140516,0.0000675623450661,0.0000562591631024,0.0000359008081432,0.000024936389309,0.0000214518404391,0.0000146720558405,0.0000112602383524,0.00000851198637974,0.00000584206827625,0.00000379876018997,0.00000306478682432,0.00000225842018153,0.00000180773872671,0.00000174801459707,0.00000200721274268,0.00000174167928435,0.00000174309457179,0.00000143662532537,0.00000140463976095,0.00000135387267619,0.00000177346691999,0.00000115011630442,0.00000110928795038,9.41958830936e-7,4.42947055035e-7,1.93800332227e-7,7.07859015847e-8,2.50002223368e-8,1.46405731982e-8],"dmean2":[0.000963775091805,0.000943613646086,0.000859165156726,0.000585207366385,0.000507958990056,0.000431136431871,0.000248768745223,0.000208926911,0.000148952414747,0.000122448545881,0.000101429002825,0.00010788365762,0.0000903900945559,0.0000572625431232,0.0000389446977351,0.0000345053958881,0.0000236728155869,0.0000172951258719,0.0000138597706609,0.00000945537522057,0.00000622586230747,0.00000504950367031,0.0000037590757529,0.00000289300692202,0.0000028095628295,0.00000320310778079,0.00000294273945656,0.00000271705357591,0.00000212942336475,0.00000218421791942,0.00000217126398638,0.00000271767976301,0.00000178648917881,0.00000161720527103,0.00000147195703448,6.65287871016e-7,3.07257607801e-7,1.12994449353e-7,4.05924360791e-8,2.45474076621e-8],"dvar":[0.0000026591058031,0.00000139457370096,0.00000105549440832,8.6061015736e-7,0.00000112586019441,8.11853226423e-7,2.41130180711e-7,1.39606086691e-7,2.24999425313e-7,7.64115810625e-8,1.62478741572e-7,1.79603617312e-7,1.17818572676e-7,9.39694011493e-9,4.61670346397e-9,8.05420174999e-9,2.98820901357e-9,1.5196394143e-9,4.53692666769e-10,2.14540468724e-10,3.81889991852e-10,5.06471864448e-10,3.40775935248e-10,1.39738220994e-10,1.65822036657e-10,4.4366538221e-10,5.78481040847e-10,5.69353175717e-10,2.87765006268e-10,1.50342974181e-10,2.25222729355e-10,1.71728786746e-9,1.36742409063e-10,1.84127282865e-10,1.28279706302e-10,4.14454477682e-11,3.06585291009e-12,4.20002764122e-13,2.19214024103e-14,1.37734651124e-15],"dvar2":[0.00000737965683584,0.00000387734962715,0.0000027706430501,0.00000227217947213,0.00000231758986047,0.00000157762622166,6.50406320801e-7,3.62739029924e-7,6.07560195931e-7,1.73170278117e-7,4.26909110729e-7,4.84224472075e-7,2.91709966405e-7,2.26072476295e-8,1.05459188049e-8,1.73841989692e-8,7.52240580937e-9,2.98788127573e-9,1.08848308145e-9,5.29275789862e-10,1.14790232875e-9,1.50511492159e-9,9.01286545396e-10,3.45983602879e-10,3.73603842307e-10,1.30911770313e-9,1.82542392313e-9,1.1985211712e-9,5.83932846521e-10,4.09879519214e-10,6.2126487288e-10,4.1136534179e-9,3.2465236055e-10,3.83577891672e-10,3.12514458756e-10,9.50630615892e-11,7.83809562394e-12,9.87010278196e-13,4.95993491504e-14,3.53393093495e-15],"max":[0.0338431596756,0.0310349073261,0.0268178153783,0.0295385997742,0.0280222520232,0.0510257035494,0.0221382025629,0.0141013143584,0.0393655635417,0.0172974057496,0.0248157605529,0.0233014896512,0.0199013594538,0.00388019927777,0.00211431016214,0.00512972380966,0.00411860318854,0.00199464266188,0.00106313230935,0.000545202812646,0.00149295630399,0.00163138471544,0.00132771395147,0.000737817026675,0.000777492125053,0.00233441172168,0.00182438944466,0.00227285386063,0.00135015987325,0.00087856897153,0.00130856025498,0.00435996893793,0.000820158224087,0.00125234224834,0.000632110110018,0.000553468649741,0.0000854768659337,0.000034496653825,0.00000979190190264,0.00000157664305789],"mean":[0.000745892291889,0.000955858267844,0.00109103030991,0.000799637287855,0.000680612400174,0.000566481379792,0.00026486729621,0.000224973118748,0.000147671191371,0.000131225489895,0.000101647383417,0.000111169007141,0.0000922871258808,0.0000644843021291,0.0000463247197331,0.0000370617599401,0.0000265317830781,0.0000203996041819,0.0000157786198542,0.0000110479513751,0.00000725891732145,0.00000536896777703,0.00000374514615942,0.0000032929065128,0.00000314778571919,0.00000364895913663,0.00000268362873612,0.00000246012882599,0.00000222044786824,0.00000215658155867,0.00000193862069864,0.00000203814352062,0.00000155608881869,0.00000145634373894,0.00000114201952783,5.01195302149e-7,2.05593551073e-7,7.08355543111e-8,2.55098946411e-8,1.55639430233e-8],"median":[0.0000712123437552,0.000170760598849,0.00020761709311,0.000113328263978,0.0000796660460765,0.000088785745902,0.0000735762514523,0.0000500809037476,0.000032420779462,0.0000224196537602,0.0000138247587529,0.0000138130726555,0.0000166210484167,0.0000128340743686,0.00000898076723388,0.00000693631000104,0.00000729881139705,0.0000050953299251,0.00000344903855876,0.00000250842185778,0.00000140928693781,0.00000136936500894,0.00000110018277155,7.59087697588e-7,7.04944966401e-7,6.64356321067e-7,3.26910083004e-7,2.88698913664e-7,2.90504431177e-7,2.63729134531e-7,1.78654104843e-7,1.12408969244e-7,1.06636818487e-7,7.15042460797e-8,4.90238534212e-8,3.02849869627e-8,1.44809995106e-8,6.86583279119e-9,4.69959759997e-9,3.52791817981e-9],"min":[1.72253772118e-13,2.62063537104e-13,5.19046340196e-13,1.10425525061e-12,1.51510303869e-12,1.10901825917e-12,6.15438526964e-13,5.10531775275e-13,2.78986035662e-13,1.08818756415e-13,5.72016595874e-14,1.68816918994e-14,1.02263549801e-14,1.51610037594e-14,1.42225031123e-14,1.03628814446e-14,1.17911373888e-14,1.1188374344e-14,2.18705380818e-14,2.02534556238e-14,3.55175187289e-15,1.77265234081e-15,2.60227558462e-15,3.08831367767e-15,1.6925661168e-15,2.29125715661e-15,3.55730205628e-15,1.22337212094e-15,1.71741340479e-15,1.46972868903e-15,2.07253037974e-15,1.64065040867e-15,1.05299409058e-15,1.79179401486e-15,1.10790236611e-15,1.75004714903e-15,5.77896857412e-16,9.13085423514e-16,1.16075743377e-15,7.96560159752e-16],"var":[0.00000321780521517,0.00000355832594323,0.0000039746287257,0.00000424324616688,0.00000420394371758,0.00000377655373995,3.82506868846e-7,4.55363647234e-7,3.26748420321e-7,1.66386300293e-7,3.28033365804e-7,3.71157454992e-7,2.55834407881e-7,2.32523511556e-8,1.3186260972e-8,1.96313933998e-8,6.58614895954e-9,3.63273211512e-9,9.62789958869e-10,5.14662978901e-10,6.5292110607e-10,6.57702836637e-10,3.77049114153e-10,3.01967645333e-10,3.25910964882e-10,9.65887370086e-10,9.05935104711e-10,9.24772591837e-10,5.2671189632e-10,2.98736174686e-10,4.34862090781e-10,1.81580295244e-9,2.75358652546e-10,3.97093441462e-10,1.80297277108e-10,4.4081911732e-11,2.97561844956e-12,4.53834886338e-13,2.1930623211e-14,1.45823900474e-15]},"melbands_crest":{"dmean":3.33500027657,"dmean2":5.41716003418,"dvar":8.29144191742,"dvar2":20.6751251221,"max":34.2291145325,"mean":13.9694423676,"median":13.1308717728,"min":2.41218757629,"var":30.7942886353},"melbands_flatness_db":{"dmean":0.03018652834,"dmean2":0.0464875102043,"dvar":0.000720375741366,"dvar2":0.00176843709778,"max":0.61192804575,"mean":0.247840687633,"median":0.255243837833,"min":0.0311175379902,"var":0.00781066529453},"melbands_kurtosis":{"dmean":5.18735837936,"dmean2":8.33130931854,"dvar":78.4428405762,"dvar2":194.899353027,"max":229.188369751,"mean":9.89157772064,"median":4.99584293365,"min":-1.86427628994,"var":248.512405396},"melbands_skewness":{"dmean":0.636283814907,"dmean2":1.0091432333,"dvar":0.382058292627,"dvar2":0.942793488503,"max":12.5107707977,"mean":1.90450012684,"median":1.75425696373,"min":-3.84059548378,"var":2.57150959969},"melbands_spread":{"dmean":6.19457578659,"dmean2":9.5385723114,"dvar":93.7050018311,"dvar2":205.826080322,"max":193.774185181,"mean":21.8149013519,"median":12.9106006622,"min":0.484624028206,"var":599.48046875},"mfcc":{"cov":[[14667.4492188,3310.09106445,-1122.16430664,674.294372559,-230.831619263,71.3666763306,-384.046600342,72.6211166382,260.836303711,245.318969727,17.4429225922,60.4529685974,303.831085205],[3310.09106445,4258.86035156,741.043579102,-131.035903931,299.861328125,-485.620422363,-33.1369857788,-303.502349854,417.349456787,-41.6114730835,71.4763412476,-127.529006958,256.04006958],[-1122.16430664,741.043579102,1029.53796387,-49.141960144,149.202178955,-198.548736572,13.6121644974,-106.547355652,115.808105469,-25.852848053,-9.33254528046,-30.6320610046,34.8351783752],[674.294372559,-131.035903931,-49.141960144,487.780670166,44.8611793518,118.421829224,-9.60069084167,77.1753768921,42.8060112,43.6752815247,-8.85591316223,-5.82652568817,0.452574759722],[-230.831619263,299.861328125,149.202178955,44.8611793518,354.480560303,-17.8521728516,105.93850708,-42.2982292175,86.9055862427,-10.0756969452,4.2916893959,-34.211353302,-9.66812324524],[71.3666763306,-485.620422363,-198.548736572,118.421829224,-17.8521728516,271.625610352,48.0420074463,100.801338196,-54.9576797485,19.6043758392,0.871774435043,24.3507175446,-34.5644645691],[-384.046600342,-33.1369857788,13.6121644974,-9.60069084167,105.93850708,48.0420074463,226.363021851,71.1870193481,33.6621170044,-33.0572967529,15.2833566666,-2.14861369133,-34.5987548828],[72.6211166382,-303.502349854,-106.547355652,77.1753768921,-42.2982292175,100.801338196,71.1870193481,199.500518799,25.8747348785,18.1520309448,-9.7268781662,20.1107330322,-29.5288600922],[260.836303711,417.349456787,115.808105469,42.8060112,86.9055862427,-54.9576797485,33.6621170044,25.8747348785,188.459411621,35.5174942017,2.93425369263,-31.2478561401,21.0981292725],[245.318969727,-41.6114730835,-25.852848053,43.6752815247,-10.0756969452,19.6043758392,-33.0572967529,18.1520309448,35.5174942017,120.603843689,22.7067737579,-7.07424449921,-1.79866862297],[17.4429225922,71.4763412476,-9.33254528046,-8.85591316223,4.2916893959,0.871774435043,15.2833566666,-9.7268781662,2.93425369263,22.7067737579,91.3345718384,14.102016449,4.46627044678],[60.4529685974,-127.529006958,-30.6320610046,-5.82652568817,-34.211353302,24.3507175446,-2.14861369133,20.1107330322,-31.2478561401,-7.07424449921,14.102016449,116.76486969,16.5710830688],[303.831085205,256.04006958,34.8351783752,0.452574759722,-9.66812324524,-34.5644645691,-34.5987548828,-29.5288600922,21.0981292725,-1.79866862297,4.46627044678,16.5710830688,121.232337952]],"icov":[[0.000153269356815,-0.000209902806091,0.000247424148256,-0.000193247091374,0.0000794991865405,-0.0000717734728823,0.000159320625244,-0.000132433051476,0.0000891344316187,-0.000253213074757,0.000189555328689,-0.000202197988983,-0.0000107113337435],[-0.000209902806091,0.000744395423681,-0.000430827785749,0.000292735785479,-0.000170258528669,0.000369869812857,-0.000189294296433,0.000598748098128,-0.000988324522041,0.0007055948372,-0.000654510920867,0.000532954582013,-0.000605966954026],[0.000247424148256,-0.000430827785749,0.00166172720492,-0.000364429637557,-0.000142283824971,0.000510782701895,0.000118735122669,0.0000950020476012,-0.000185241049621,-0.000321790023008,0.00057463243138,-0.000492910679895,0.0000786600721767],[-0.000193247091374,0.000292735785479,-0.000364429637557,0.00287382258102,-0.000705621263478,-0.00111650093459,0.000716505164746,-0.000639876583591,-0.000746533856727,0.0000616226097918,-0.000146090605995,0.000480577320559,-0.000295392266707],[0.0000794991865405,-0.000170258528669,-0.000142283824971,-0.000705621263478,0.00454643182456,-0.000527267926373,-0.00237264041789,0.00230755121447,-0.00165752042085,-0.000120360477013,0.000508312601596,0.00011042564438,0.000553879828658],[-0.0000717734728823,0.000369869812857,0.000510782701895,-0.00111650093459,-0.000527267926373,0.00657561607659,-0.00111143139657,-0.00191226275638,0.00198455806822,-0.000901551742572,-0.000196108565433,-0.000194620937691,-0.0000190510763787],[0.000159320625244,-0.000189294296433,0.000118735122669,0.000716505164746,-0.00237264041789,-0.00111143139657,0.00793234072626,-0.00341555057094,-0.000803446513601,0.00269833533093,-0.00208370550536,0.0000876872363733,0.00113414181396],[-0.000132433051476,0.000598748098128,0.0000950020476012,-0.000639876583591,0.00230755121447,-0.00191226275638,-0.00341555057094,0.00977383647114,-0.00365116773173,-0.000424775935244,0.00140114990063,-0.00124639109708,0.000834997161292],[0.0000891344316187,-0.000988324522041,-0.000185241049621,-0.000746533856727,-0.00165752042085,0.00198455806822,-0.000803446513601,-0.00365116773173,0.0106016686186,-0.00366277131252,0.000906899396796,0.00112978287507,-0.000852239958476],[-0.000253213074757,0.0007055948372,-0.000321790023008,0.0000616226097918,-0.000120360477013,-0.000901551742572,0.00269833533093,-0.000424775935244,-0.00366277131252,0.0118202799931,-0.00404967181385,0.00126047316007,0.00042631913675],[0.000189555328689,-0.000654510920867,0.00057463243138,-0.000146090605995,0.000508312601596,-0.000196108565433,-0.00208370550536,0.00140114990063,0.000906899396796,-0.00404967181385,0.0132857691497,-0.00237960601225,0.0000918122095754],[-0.000202197988983,0.000532954582013,-0.000492910679895,0.000480577320559,0.00011042564438,-0.000194620937691,0.0000876872363733,-0.00124639109708,0.00112978287507,0.00126047316007,-0.00237960601225,0.0104302661493,-0.00232019391842],[-0.0000107113337435,-0.000605966954026,0.0000786600721767,-0.000295392266707,0.000553879828658,-0.0000190510763787,0.00113414181396,0.000834997161292,-0.000852239958476,0.00042631913675,0.0000918122095754,-0.00232019391842,0.0105679575354]],"mean":[-756.277282715,147.496200562,-11.6870613098,16.1510734558,-8.11098766327,15.7046737671,-4.75741481781,2.28961777687,-7.69290161133,-1.28905057907,-2.66558432579,-1.20376133919,-1.65963482857]},"pitch_salience":{"dmean":0.0675317794085,"dmean2":0.107995577157,"dvar":0.0032495406922,"dvar2":0.00851088017225,"max":0.899273395538,"mean":0.546394586563,"median":0.556473851204,"min":0.103746838868,"var":0.0127159841359},"silence_rate_20dB":{"dmean":0,"dmean2":0,"dvar":0,"dvar2":0,"max":1,"mean":1,"median":1,"min":1,"var":0},"silence_rate_30dB":{"dmean":0.0205876044929,"dmean2":0.0411781519651,"dvar":0.0201645456254,"dvar2":0.0489223003387,"max":1,"mean":0.960972130299,"median":1,"min":0,"var":0.037506274879},"silence_rate_60dB":{"dmean":0.0287368651479,"dmean2":0.0574778392911,"dvar":0.0279096011072,"dvar2":0.0627472698689,"max":1,"mean":0.300643324852,"median":0,"min":0,"var":0.210217803717},"spectral_centroid":{"dmean":169.445526123,"dmean2":252.372848511,"dvar":51440.9296875,"dvar2":103250.203125,"max":4648.19873047,"mean":1147.17907715,"median":709.476806641,"min":141.613632202,"var":984822.875},"spectral_complexity":{"dmean":1.92679965496,"dmean2":3.14498138428,"dvar":4.55527734756,"dvar2":10.7695322037,"max":58,"mean":11.1488924026,"median":10,"min":0,"var":78.4210357666},"spectral_contrast_coeffs":{"dmean":[0.0508029684424,0.0464351214468,0.0353604033589,0.0279260668904,0.0230132080615,0.0367488898337],"dmean2":[0.0846408307552,0.0763296708465,0.0590066127479,0.0461300462484,0.03721376881,0.057453032583],"dvar":[0.0016466898378,0.00140940770507,0.000794274441432,0.000523888913449,0.000393639318645,0.0011692737462],"dvar2":[0.00463422155008,0.00382987689227,0.00216174451634,0.00137240428012,0.000993414898403,0.00281733181328],"max":[-0.300888776779,-0.400618195534,-0.433815062046,-0.512719452381,-0.564476132393,-0.397578537464],"mean":[-0.656056880951,-0.776036918163,-0.8083974123,-0.81098985672,-0.818281173706,-0.755586385727],"median":[-0.661247014999,-0.785438895226,-0.815060913563,-0.815060675144,-0.81897264719,-0.768552601337],"min":[-0.947459101677,-0.970975756645,-0.966222643852,-0.978877782822,-0.966843187809,-0.947969138622],"var":[0.00906458403915,0.00602289615199,0.0032297144644,0.00279873237014,0.0031531911809,0.00840973015875]},"spectral_contrast_valleys":{"dmean":[0.414085507393,0.347836047411,0.299242019653,0.271075725555,0.301135659218,0.589209139347],"dmean2":[0.699260652065,0.576060116291,0.485740035772,0.426546633244,0.462330281734,0.94841247797],"dvar":[0.103754229844,0.0777057781816,0.0588720813394,0.0568123720586,0.0909293293953,0.26440936327],"dvar2":[0.289537489414,0.204384759068,0.150090754032,0.134938776493,0.218558624387,0.678085148335],"max":[-5.12271118164,-4.51783895493,-4.6559677124,-5.59324550629,-5.13173723221,-8.20108032227],"mean":[-8.28293704987,-7.29362916946,-7.72496557236,-8.29023551941,-8.79395484924,-11.8719558716],"median":[-7.79872179031,-6.71930503845,-7.41385889053,-8.03979682922,-8.43522071838,-11.6624069214],"min":[-15.3189630508,-15.307050705,-17.2008113861,-17.1721630096,-18.184425354,-19.4366817474],"var":[3.26011109352,2.81968712807,2.16556501389,2.01885724068,1.88489639759,1.86419570446]},"spectral_decrease":{"dmean":1.55406298941e-9,"dmean2":2.46667242187e-9,"dvar":7.67464128027e-18,"dvar2":1.93460240658e-17,"max":2.34402257604e-8,"mean":-3.5575846713e-9,"median":-1.12566289623e-9,"min":-5.67982034738e-8,"var":2.94022771483e-17},"spectral_energy":{"dmean":0.00710549158975,"dmean2":0.0110477022827,"dvar":0.000163414282724,"dvar2":0.000395329523599,"max":0.30160883069,"mean":0.027896957472,"median":0.0124437324703,"min":7.85617196297e-11,"var":0.00124749122187},"spectral_energyband_high":{"dmean":0.000337463861797,"dmean2":0.000463945820229,"dvar":0.0000056421181398,"dvar2":0.00000988155989035,"max":0.213199958205,"mean":0.000803126313258,"median":0.000212255195947,"min":2.30732707246e-12,"var":0.0000240863428189},"spectral_energyband_low":{"dmean":0.00322893378325,"dmean2":0.00532407360151,"dvar":0.0000481766728626,"dvar2":0.00013008924725,"max":0.125377580523,"mean":0.00629562139511,"median":0.001194228651,"min":1.74139359616e-12,"var":0.000116655261081},"spectral_energyband_middle_high":{"dmean":0.00111324037425,"dmean2":0.00171854021028,"dvar":0.0000135948566822,"dvar2":0.0000335048825946,"max":0.165854349732,"mean":0.00313570676371,"median":0.00112579227425,"min":1.26163923059e-12,"var":0.0000554817015654},"spectral_energyband_middle_low":{"dmean":0.0039755157195,"dmean2":0.0062318155542,"dvar":0.0000626701948931,"dvar2":0.000149840619997,"max":0.240198343992,"mean":0.0121865291148,"median":0.00406098784879,"min":1.92003236227e-11,"var":0.000356864067726},"spectral_entropy":{"dmean":0.213127106428,"dmean2":0.325694620609,"dvar":0.0430311188102,"dvar2":0.101881667972,"max":8.39119052887,"mean":7.17127561569,"median":7.21497344971,"min":4.92887210846,"var":0.242026999593},"spectral_flux":{"dmean":0.0142898149788,"dmean2":0.0232131350785,"dvar":0.000397749914555,"dvar2":0.000980715500191,"max":0.427585601807,"mean":0.0710803940892,"median":0.0570364966989,"min":0.0000675956398482,"var":0.00317025976256},"spectral_kurtosis":{"dmean":6.87698793411,"dmean2":10.8818187714,"dvar":95.008682251,"dvar2":243.522537231,"max":221.102783203,"mean":24.0433883667,"median":20.8829441071,"min":3.06049394608,"var":211.666748047},"spectral_rms":{"dmean":0.000550504715648,"dmean2":0.00083948293468,"dvar":5.0222331538e-7,"dvar2":0.00000120687525396,"max":0.0171537902206,"mean":0.00415917485952,"median":0.0034842826426,"min":2.76849391412e-7,"var":0.00000991788147076},"spectral_rolloff":{"dmean":2593.85668945,"dmean2":5011.77929688,"dvar":38648632,"dvar2":101528024,"max":22028.4667969,"mean":18137.8300781,"median":21274.8046875,"min":107.666015625,"var":50807192},"spectral_skewness":{"dmean":0.494661033154,"dmean2":0.768997311592,"dvar":0.342033237219,"dvar2":0.856828272343,"max":12.0917310715,"mean":3.50714683533,"median":3.38696098328,"min":0.97547096014,"var":1.28321635723},"spectral_spread":{"dmean":537610.875,"dmean2":832649.5625,"dvar":253773709312,"dvar2":592856416256,"max":21194466,"mean":4087588.75,"median":3981181,"min":873151,"var":1325216825340},"spectral_strongpeak":{"dmean":6.38739013672,"dmean2":11.6152009964,"dvar":366.643859863,"dvar2":958.923461914,"max":306.983062744,"mean":6.45079755783,"median":0.743462562561,"min":0,"var":372.002044678},"zerocrossingrate":{"dmean":0.0410617701709,"dmean2":0.0508562289178,"dvar":0.0012829748448,"dvar2":0.00193956668954,"max":0.9326171875,"mean":0.365309596062,"median":0.36083984375,"min":0.02978515625,"var":0.0161271728575}},"metadata":{"audio_properties":{"analysis_sample_rate":44100,"bit_rate":140447,"codec":"mp3","downmix":"mix","equal_loudness":0,"length":324.806518555,"lossless":false,"md5_encoded":"92c78b8917ab70cc89fa48ace4b6fe05","replay_gain":-4.11666870117},"tags":{"album":["The Lamb Lies Down on Broadway"],"artist":["Genesis"],"discnumber":["2/2"],"file_name":"02 - Genesis - The Waiting Room.mp3","genre":["Progressive Rock"],"musicbrainz album artist":["Genesis"],"musicbrainz album artist sortname":["Genesis"],"musicbrainz album status":["official"],"musicbrainz album type":["album"],"musicbrainz non-album":["0"],"musicbrainz_albumartistid":["8e3fcd7d-bda1-4ca0-b987-b8528d2ee74e"],"musicbrainz_albumid":["5b3d7874-b337-40bd-a90e-9f33e8936c25"],"musicbrainz_artistid":["8e3fcd7d-bda1-4ca0-b987-b8528d2ee74e"],"musicbrainz_recordingid":["397345f9-c6c1-47e8-9c75-b5c574c2ea0b"],"originaldate":["1974"],"quodlibet::labelid":["7243 8 39774 20"],"title":["The Waiting Room"],"tracknumber":["2/12"]},"version":{"essentia":"2.1-beta1","essentia_build_sha":"ab033649a6180e58ab3ffa3648ee50b8e9460706","essentia_git_sha":"v2.1_beta1-8-g0ed32f5-dirty","extractor":"music 1.0"}},"rhythm":{"beats_count":602,"beats_loudness":{"dmean":0.0138264354318,"dmean2":0.0229152385145,"dvar":0.000397727795644,"dvar2":0.00106281472836,"max":0.190649300814,"mean":0.0316689126194,"median":0.0141541361809,"min":1.82357382528e-7,"var":0.0014428247232},"beats_loudness_band_ratio":{"dmean":[0.123675048351,0.100480467081,0.0829181671143,0.076143451035,0.0429535955191,0.138769075274],"dmean2":[0.212689965963,0.173794135451,0.145033657551,0.135323897004,0.074340634048,0.240694090724],"dvar":[0.0182098373771,0.0122000118718,0.0112911816686,0.013948048465,0.00623524514958,0.0160003658384],"dvar2":[0.0483613722026,0.0343044288456,0.0310502015054,0.0397205017507,0.0184279512614,0.0461501404643],"max":[0.8