{"lowlevel":{"average_loudness":0.909742832184,"barkbands":{"dmean":[0.0000363660728908,0.00103774096351,0.000321100233123,0.000856670551002,0.00296336226165,0.000755583867431,0.000618067919277,0.000474255270092,0.00103015161585,0.000590977375396,0.000393918919144,0.000457805232145,0.000572675431613,0.000546167022549,0.000378891330911,0.000367307802662,0.000363582541468,0.000205942735192,0.00012799470278,0.000105700557469,0.0000493939660373,0.0000618946287432,0.0000615246826783,0.0000357254284609,0.0000172790987563,0.00000385793919122,1.78217732127e-7],"dmean2":[0.000058781766711,0.00178143277299,0.000556782993954,0.00145085854456,0.00486770924181,0.00118930847384,0.000932061171625,0.000725055346265,0.00150895491242,0.000867230177391,0.000601407547947,0.000710584281478,0.000877891900018,0.00084525893908,0.000583190587349,0.000556347134989,0.000563663081266,0.000319069135003,0.000192967549083,0.000165590026882,0.0000763028292567,0.0000954074857873,0.0000934217605391,0.0000565315094718,0.0000271353201242,0.00000588804459767,3.1018583968e-7],"dvar":[2.42395903349e-9,0.00000176034006927,3.98174279326e-7,0.00000210958683056,0.0000423418423452,0.00000188841818272,0.00000200937574846,0.00000218935701923,0.00000693408173902,0.00000250858897743,0.00000158741488576,0.00000157572549142,0.00000180895619906,0.00000179781920906,0.00000104854427718,9.96309267975e-7,0.00000107499909063,2.79486954469e-7,7.95181662738e-8,7.15116357242e-8,4.49383676937e-8,2.27613384141e-7,3.06950227014e-7,7.78832855985e-8,7.94257193348e-9,1.82962603401e-10,6.34052315859e-12],"dvar2":[6.35344221678e-9,0.00000510975814905,0.0000010968190054,0.00000586203668718,0.000107651991129,0.00000457935038867,0.0000044969915507,0.00000475677961731,0.0000127832827275,0.00000503621367898,0.00000322234313899,0.00000338599329552,0.00000398003612645,0.00000434231515101,0.00000233245646086,0.00000209040263144,0.00000248628452937,6.59765134969e-7,1.78171958964e-7,1.81056307724e-7,1.09066888854e-7,5.78441472499e-7,6.80992400248e-7,2.00332934241e-7,2.10736477158e-8,4.72591688006e-10,1.88972049814e-11],"max":[0.000569972035009,0.0117217861116,0.00731856143102,0.0192255191505,0.0724696964025,0.0291307978332,0.0271457433701,0.0438330247998,0.0635299533606,0.0376344658434,0.0464955195785,0.0276136565953,0.0369962640107,0.0290579851717,0.0289031546563,0.0421070456505,0.057718154043,0.0188335962594,0.00692150462419,0.0125892171636,0.00653533171862,0.0214383751154,0.0296650752425,0.00867717340589,0.00335949123837,0.000507969642058,0.000159777046065],"mean":[0.0000552120036446,0.00165333587211,0.00042057261453,0.00128769106232,0.00391098205,0.00170640740544,0.00130761263426,0.000787494471297,0.00221770675853,0.00116436462849,0.000636712822597,0.000791024940554,0.000957999320235,0.000945433159359,0.000632732524537,0.000703975441866,0.000744976219721,0.000399168668082,0.000254302925896,0.000208137076697,0.0000823803711683,0.0000790323101683,0.0000748396341805,0.0000415005160903,0.0000200357135327,0.00000495389213029,1.59447111514e-7],"median":[0.0000308873641188,0.00112485233694,0.000224458955927,0.000724092009477,0.00161327095702,0.00109443860129,0.000684537109919,0.000234256498516,0.000957907526754,0.000270262826234,0.000235836138017,0.00024871667847,0.000321838248055,0.000395073497202,0.000217908658669,0.000253281497862,0.000299896812066,0.00015096901916,0.000121286000649,0.000107871586806,0.0000372331596736,0.0000176880130311,0.0000138319965117,0.00000700751479599,0.00000463477135781,0.00000138271411743,2.30889583008e-8],"min":[7.29718339153e-26,9.20080718449e-25,5.54026923802e-25,5.02298701145e-25,7.40441963922e-24,2.56943928352e-24,2.37661742081e-24,8.90983445909e-24,1.01445019611e-23,1.17046148184e-23,1.28231769835e-23,1.97102024765e-23,2.15514495833e-23,2.34960706007e-23,3.08727278581e-23,4.17876029802e-23,7.49400757456e-23,5.08970657911e-23,1.38510987151e-22,1.44370784794e-22,2.30478196395e-22,3.38277944982e-22,3.51278751353e-22,5.93197298897e-22,8.71476174745e-22,1.17328966178e-21,1.89223340846e-21],"var":[4.07234379551e-9,0.00000268439748652,3.54053781848e-7,0.00000271637145488,0.0000443285862275,0.00000482300174554,0.00000434429512097,0.0000048127772061,0.0000205889828067,0.00000754174379836,0.00000285918395093,0.00000341486588695,0.00000383641281587,0.00000315010879604,0.00000215377053792,0.00000264748473455,0.00000396794212065,7.94290315298e-7,1.88728549233e-7,1.10118236307e-7,5.73017118199e-8,2.60271178831e-7,3.75230285954e-7,7.63656302638e-8,7.08606684441e-9,2.11411527173e-10,3.30401439715e-12]},"barkbands_crest":{"dmean":2.36914610863,"dmean2":3.87530589104,"dvar":5.34908723831,"dvar2":13.3365135193,"max":24.9527626038,"mean":8.54919815063,"median":7.75456142426,"min":2.51709222794,"var":12.3211240768},"barkbands_flatness_db":{"dmean":0.0190720371902,"dmean2":0.0283260066062,"dvar":0.000311222829623,"dvar2":0.000689750362653,"max":0.455716580153,"mean":0.134089022875,"median":0.130451112986,"min":0.0274921059608,"var":0.0016092028236},"barkbands_kurtosis":{"dmean":1.33732533455,"dmean2":2.13408780098,"dvar":4.21900033951,"dvar2":9.94887447357,"max":31.4403419495,"mean":1.36858153343,"median":0.345528483391,"min":-1.89883804321,"var":9.84753131866},"barkbands_skewness":{"dmean":0.415592879057,"dmean2":0.635595858097,"dvar":0.182203561068,"dvar2":0.413855582476,"max":5.16170120239,"mean":0.841597497463,"median":0.794383883476,"min":-2.94570446014,"var":0.840152263641},"barkbands_spread":{"dmean":4.14276361465,"dmean2":6.30627441406,"dvar":24.2218666077,"dvar2":52.0309295654,"max":110.446472168,"mean":19.9971961975,"median":18.8893051147,"min":2.14115643501,"var":96.3397216797},"dissonance":{"dmean":0.0163813848048,"dmean2":0.0273098945618,"dvar":0.00030305996188,"dvar2":0.000807867443655,"max":0.500000059605,"mean":0.466415554285,"median":0.473367869854,"min":0.210549756885,"var":0.000735551409889},"dynamic_complexity":3.16886806488,"erbbands":{"dmean":[0.029321257025,0.250615715981,0.38636931777,1.60247695446,7.11899805069,11.0375375748,6.71433973312,6.02783441544,7.56020689011,10.0936012268,10.8180751801,24.1290798187,16.3425254822,20.2420120239,16.3554878235,16.1790084839,25.1387653351,26.3030490875,25.1887245178,15.7927694321,20.8671016693,20.432346344,12.1009922028,6.74320888519,6.46885585785,4.98802852631,2.43648529053,1.81152141094,2.14930701256,2.18841290474,1.63081789017,0.983916163445,0.485539317131,0.268991321325,0.0854638591409,0.027385558933,0.00502632325515,0.000527050229721,0.0000320081744576,0.00000892653224582],"dmean2":[0.046974580735,0.433335274458,0.664872288704,2.7075650692,11.8558549881,18.2559967041,10.7201013565,9.45929431915,11.58132267,15.1649751663,15.8822879791,34.8185768127,24.2645111084,29.7350769043,24.8056602478,24.7570877075,38.1943473816,40.3078308105,38.3732185364,23.6278133392,31.6556720734,31.4857463837,18.4517288208,10.1751060486,9.76710796356,7.76411533356,3.76510429382,2.78568410873,3.28802061081,3.37394070625,2.45043945312,1.52404880524,0.762528657913,0.423848032951,0.134440109134,0.0422895662487,0.00756994867697,0.000824395683594,0.0000525510404259,0.0000137277338581],"dvar":[0.00128617032897,0.114792272449,0.499687433243,7.02444458008,325.099304199,488.843261719,146.088180542,166.389816284,272.071838379,743.178039551,941.935974121,5007.12646484,1661.37207031,3373.04882812,1731.34753418,1959.57653809,3257.19091797,4596.92626953,4887.50097656,1684.06005859,3033.07983398,4320.89599609,888.775024414,190.806777954,215.931884766,174.325164795,69.6856307983,104.856956482,272.263427734,275.494750977,211.502685547,60.0240440369,14.8461761475,2.21899747849,0.170888394117,0.00955910235643,0.000371808506316,0.0000079062228906,6.61188082063e-8,2.17564388727e-9],"dvar2":[0.00330406799912,0.332028567791,1.35546433926,19.2499237061,851.667358398,1253.67944336,348.618011475,412.717071533,600.690307617,1564.49755859,1821.45288086,9153.59277344,3536.58764648,6635.19873047,3702.43774414,4186.37109375,7115.76025391,11238.8037109,11069.4335938,3275.16967773,6817.69140625,10125.5791016,2073.32641602,427.379364014,462.450744629,432.960662842,170.572921753,244.273025513,702.065979004,603.632141113,456.375457764,149.251541138,39.6698951721,5.86288881302,0.457276314497,0.0253205839545,0.000933146569878,0.0000216439166252,1.94021254174e-7,6.41852038186e-9],"max":[0.356536865234,3.18643379211,7.60905742645,34.5766296387,181.115066528,287.05456543,243.889831543,365.092559814,401.100463867,676.483764648,1024.95361328,1996.01025391,1375.88867188,1340.88256836,1169.60876465,1007.4921875,1975.98730469,1639.41381836,1755.60424805,1778.27319336,2562.75268555,3612.4621582,1078.12817383,412.363830566,479.643096924,624.882995605,331.744262695,506.017486572,821.799194336,745.259338379,672.342895508,247.200653076,130.486709595,60.3276557922,20.3814582825,3.98274493217,0.647584199905,0.144125595689,0.0152544640005,0.00293789780699],"mean":[0.0554645732045,0.33257317543,0.542592525482,2.58067417145,8.07387065887,15.1952800751,12.6855268478,14.4611940384,16.8029556274,19.962272644,21.1951313019,51.3566436768,32.435546875,42.0619544983,31.3703308105,29.6644611359,44.8109016418,47.8299369812,44.8629455566,29.0234279633,41.9400367737,43.7980155945,25.8760166168,14.8543157578,12.6717567444,10.0154056549,4.64574241638,2.76848387718,2.82968664169,2.76133942604,1.92805242538,1.12901878357,0.559312343597,0.300128281116,0.104114152491,0.0348209999502,0.00654921820387,0.00061603001086,0.0000421374534199,0.0000271042245004],"median":[0.0333862900734,0.216085493565,0.354392528534,1.53724968433,3.20524144173,6.43426799774,7.29742145538,8.63324546814,9.36946105957,9.16163825989,8.51535987854,21.0807037354,13.1546611786,11.4332799911,15.0722999573,11.8614788055,17.3326568604,19.0072669983,16.622964859,13.5416584015,15.421204567,17.7538070679,11.6152572632,7.15283107758,6.01957035065,5.31304073334,2.34217882156,1.0024138689,0.66706097126,0.550429940224,0.335843861103,0.185990214348,0.102066241205,0.0622889697552,0.0266723763198,0.0095105394721,0.00174310733564,0.000144569945405,0.0000186146353371,0.0000219588582695],"min":[3.09668137205e-23,3.56288560837e-22,1.48242438387e-21,2.43514318492e-21,5.95957378054e-21,2.17806752705e-20,2.10981042467e-20,2.93792743153e-20,6.36422358917e-20,1.23049074403e-19,2.5956240028e-19,2.67703822062e-19,4.83563789039e-19,4.24335770174e-19,9.71690202939e-19,1.32750142644e-18,1.18910862989e-18,1.31698827105e-18,1.7162014545e-18,2.42175777248e-18,3.94637654568e-18,4.66936672905e-18,4.9082846141e-18,6.31611168867e-18,7.39455296178e-18,7.3153686161e-18,8.33918577669e-18,8.43735309024e-18,1.14912733061e-17,9.23729960831e-18,9.77716565254e-18,1.01205324607e-17,1.07095942447e-17,8.17950931278e-18,6.01010573363e-18,4.09489434313e-18,2.31615948189e-18,9.12643672671e-19,2.19014110051e-19,2.68971347104e-20],"var":[0.00323279737495,0.132115364075,0.448111236095,9.24999809265,270.206085205,617.138427734,291.316314697,441.99230957,666.62713623,1651.62634277,2542.86254883,14119.8095703,3665.22094727,9594.33105469,3673.84765625,3877.00463867,7243.59960938,9304.04882812,10184.7255859,3825.9987793,9053.83203125,15923.8095703,2378.18969727,642.270812988,448.542938232,279.923675537,87.193572998,151.116607666,314.781219482,357.337890625,260.732269287,62.7851257324,12.8116426468,1.9118796587,0.159659609199,0.0102639878169,0.000459990929812,0.00000666665664539,3.87232610422e-8,1.40259281967e-9]},"erbbands_crest":{"dmean":2.2649641037,"dmean2":3.54204487801,"dvar":5.28546190262,"dvar2":12.6216640472,"max":31.2276916504,"mean":8.90829086304,"median":7.75640821457,"min":2.60738325119,"var":18.4067497253},"erbbands_flatness_db":{"dmean":0.0190581455827,"dmean2":0.0259307194501,"dvar":0.000314246950438,"dvar2":0.000617591897026,"max":0.467204838991,"mean":0.183165371418,"median":0.183634385467,"min":0.0438056103885,"var":0.00177381723188},"erbbands_kurtosis":{"dmean":0.71626996994,"dmean2":1.08786892891,"dvar":0.895598173141,"dvar2":2.05137228966,"max":30.0583648682,"mean":0.267124563456,"median":-0.106814026833,"min":-1.74157977104,"var":2.34680628777},"erbbands_skewness":{"dmean":0.293733268976,"dmean2":0.438098937273,"dvar":0.0866444185376,"dvar2":0.183531999588,"max":3.79810833931,"mean":0.0689162388444,"median":0.0780251324177,"min":-4.30431032181,"var":0.452569782734},"erbbands_spread":{"dmean":5.87327337265,"dmean2":8.48360824585,"dvar":40.0896949768,"dvar2":81.1212310791,"max":120.871299744,"mean":28.9019508362,"median":27.7716770172,"min":3.67757940292,"var":148.561904907},"gfcc":{"cov":[[28588.2617188,1908.01098633,-3425.33862305,678.956970215,-1310.21057129,165.667633057,-845.558227539,224.78477478,-590.807861328,3.72651052475,-288.649719238,11.2371530533,-160.663024902],[1908.01098633,1062.26062012,-281.851226807,-91.8126296997,-24.0455684662,-67.4139404297,1.87225866318,-42.865196228,26.3984909058,-62.4152107239,76.502243042,-66.2083892822,63.1374969482],[-3425.33862305,-281.851226807,1061.13916016,-43.5054969788,26.9118862152,180.161239624,31.9867362976,-41.2304725647,28.4181346893,15.3178415298,-29.9980621338,32.9065818787,-24.1567077637],[678.956970215,-91.8126296997,-43.5054969788,264.580352783,18.2649326324,-37.0536689758,-48.5459671021,9.77258968353,-18.2194080353,13.2100105286,-29.3446865082,13.2797832489,4.28693008423],[-1310.21057129,-24.0455684662,26.9118862152,18.2649326324,241.544433594,-54.6467666626,52.864906311,16.9429016113,31.2630004883,9.96844673157,23.8210659027,-9.39598655701,31.3501396179],[165.667633057,-67.4139404297,180.161239624,-37.0536689758,-54.6467666626,211.632095337,6.44980621338,6.32717561722,-9.57922458649,20.3525867462,-27.4929637909,6.8546705246,-26.7111911774],[-845.558227539,1.87225866318,31.9867362976,-48.5459671021,52.864906311,6.44980621338,173.791900635,29.6894321442,31.8924942017,-10.2717409134,33.2276039124,-6.9355635643,11.014793396],[224.78477478,-42.865196228,-41.2304725647,9.77258968353,16.9429016113,6.32717561722,29.6894321442,114.523704529,11.8852615356,18.4722042084,0.892488002777,9.10165882111,-5.1634516716],[-590.807861328,26.3984909058,28.4181346893,-18.2194080353,31.2630004883,-9.57922458649,31.8924942017,11.8852615356,109.924621582,24.0046863556,19.1017551422,-7.53936100006,8.32722091675],[3.72651052475,-62.4152107239,15.3178415298,13.2100105286,9.96844673157,20.3525867462,-10.2717409134,18.4722042084,24.0046863556,86.7074508667,20.4871711731,10.1621608734,-7.52404594421],[-288.649719238,76.502243042,-29.9980621338,-29.3446865082,23.8210659027,-27.4929637909,33.2276039124,0.892488002777,19.1017551422,20.4871711731,90.1022033691,20.5624790192,13.035077095],[11.2371530533,-66.2083892822,32.9065818787,13.2797832489,-9.39598655701,6.8546705246,-6.9355635643,9.10165882111,-7.53936100006,10.1621608734,20.5624790192,71.2823486328,14.5944356918],[-160.663024902,63.1374969482,-24.1567077637,4.28693008423,31.3501396179,-26.7111911774,11.014793396,-5.1634516716,8.32722091675,-7.52404594421,13.035077095,14.5944356918,72.5790481567]],"icov":[[0.000289001356578,-0.000592986296397,0.000853872043081,-0.000646415457595,0.000967715051956,-0.000701565819327,0.000480873393826,-0.000573167810217,0.000828406307846,-0.000570171047002,0.000912608869839,-0.000756330846343,0.000522043905221],[-0.000592986296397,0.00265711429529,-0.00148766930215,0.00153563299682,-0.00163970515132,0.00116357300431,-0.000434694316937,0.00125433027279,-0.00207900162786,0.00240922789089,-0.00375514337793,0.00345312803984,-0.00244992366061],[0.000853872043081,-0.00148766930215,0.00381429609843,-0.00177879631519,0.00244441651739,-0.00315878912807,0.00127759377938,-0.000904980755877,0.00189169216901,-0.00143354968168,0.00294484756887,-0.00288706133142,0.00176823488437],[-0.000646415457595,0.00153563299682,-0.00177879631519,0.00601643649861,-0.00266638607718,0.00254366337322,-0.000199105168576,0.000980713870376,-0.00131334655453,0.000207532168133,-0.000172958985786,0.000667641113978,-0.00145732786041],[0.000967715051956,-0.00163970515132,0.00244441651739,-0.00266638607718,0.00868525356054,-0.0009684478282,0.000420092663262,-0.00257930904627,0.00233393372037,-0.00252737151459,0.0020081019029,-0.000549224030692,-0.000595578108914],[-0.000701565819327,0.00116357300431,-0.00315878912807,0.00254366337322,-0.0009684478282,0.00871361326426,-0.00232229847461,0.00097431417089,-0.000970924797002,-0.00135342450812,0.000643888954073,0.000768127734773,-0.0000188824124052],[0.000480873393826,-0.000434694316937,0.00127759377938,-0.000199105168576,0.000420092663262,-0.00232229847461,0.00904343742877,-0.00331836426631,-0.00023537184461,0.00226692366414,-0.00250372849405,0.0009752936312,-0.000249495846219],[-0.000573167810217,0.00125433027279,-0.000904980755877,0.000980713870376,-0.00257930904627,0.00097431417089,-0.00331836426631,0.0116173233837,-0.00233690370806,-0.00109287013765,0.000107342879346,-0.000956013856921,0.000411496090237],[0.000828406307846,-0.00207900162786,0.00189169216901,-0.00131334655453,0.00233393372037,-0.000970924797002,-0.00023537184461,-0.00233690370806,0.0136489272118,-0.005440951325,0.00221833982505,-0.000522407586686,0.000430142012192],[-0.000570171047002,0.00240922789089,-0.00143354968168,0.000207532168133,-0.00252737151459,-0.00135342450812,0.00226692366414,-0.00109287013765,-0.005440951325,0.0177793446928,-0.00826370157301,0.00242483057082,-0.000211614635191],[0.000912608869839,-0.00375514337793,0.00294484756887,-0.000172958985786,0.0020081019029,0.000643888954073,-0.00250372849405,0.000107342879346,0.00221833982505,-0.00826370157301,0.0221057869494,-0.0106094228104,0.0030864009168],[-0.000756330846343,0.00345312803984,-0.00288706133142,0.000667641113978,-0.000549224030692,0.000768127734773,0.0009752936312,-0.000956013856921,-0.000522407586686,0.00242483057082,-0.0106094228104,0.0228824988008,-0.00775914266706],[0.000522043905221,-0.00244992366061,0.00176823488437,-0.00145732786041,-0.000595578108914,-0.0000188824124052,-0.000249495846219,0.000411496090237,0.000430142012192,-0.000211614635191,0.0030864009168,-0.00775914266706,0.0189915988594]],"mean":[-37.8278961182,116.948608398,-137.838623047,25.7336711884,-53.9732017517,9.8833398819,-40.3170509338,6.22868776321,-22.1601829529,-1.12111186981,-11.9967918396,-2.31144595146,-4.98293638229]},"hfc":{"dmean":5.46307182312,"dmean2":7.74417686462,"dvar":91.7792129517,"dvar2":197.200973511,"max":258.336608887,"mean":19.1324615479,"median":13.6924877167,"min":1.01148115142e-16,"var":345.647491455},"melbands":{"dmean":[0.000277587532764,0.000237285712501,0.000389639375499,0.00075021025259,0.000256088853348,0.000134078218252,0.00011875180644,0.000109450105811,0.00010041717178,0.000152163964231,0.0000822213114589,0.000086537162133,0.0000583534420002,0.0000539320790267,0.0000503619448864,0.000057469438616,0.000049704558478,0.0000456987654616,0.0000215243708226,0.0000228675962717,0.0000248440810537,0.0000238224038185,0.0000155210273078,0.0000110596092782,0.00000543698843103,0.00000497574501424,0.00000475871593153,0.00000337688516083,0.00000180109020675,0.00000110872394998,0.00000110033602141,0.00000124524467537,0.00000125376527649,0.00000125375936477,0.00000101283376353,7.73418719291e-7,5.74173952828e-7,3.92245823377e-7,2.07155451903e-7,2.53203410239e-7],"dmean2":[0.000468796351925,0.000407296814956,0.000663545331918,0.00124640145805,0.000409406464314,0.000210335667362,0.000180512841325,0.000164601355209,0.000146013058838,0.000220270725549,0.000122403056594,0.000127011880977,0.0000882731983438,0.0000839470158098,0.0000773763676989,0.0000882568710949,0.0000766025914345,0.0000700880336808,0.0000328227324644,0.0000341907980328,0.0000381570134778,0.0000373268048861,0.0000236380510614,0.0000172622731043,0.0000082586921053,0.00000756755980547,0.0000073928645179,0.00000529660928805,0.00000284547400042,0.00000172494151229,0.00000171474539457,0.00000191737103705,0.00000198826410269,0.00000194803806153,0.00000153982114171,0.00000121447567381,9.17077954909e-7,6.22051288701e-7,3.24988974398e-7,4.05591833896e-7],"dvar":[1.15730117045e-7,1.34752696113e-7,5.45473710645e-7,0.00000301405088976,2.07493840776e-7,7.18009545153e-8,7.03007216885e-8,8.94605989288e-8,7.38921031029e-8,1.87984241506e-7,4.28575006595e-8,6.27375840168e-8,2.57962557981e-8,2.60177248634e-8,1.55753934195e-8,2.04082510891e-8,1.64609605946e-8,1.66528462131e-8,2.87425949708e-9,4.1824637087e-9,3.93802324083e-9,8.23707502207e-9,8.58720150543e-10,1.37073297157e-9,1.51728310471e-10,1.32907268524e-10,1.22202525876e-10,9.47193434797e-11,3.22753213045e-11,2.33337724143e-11,4.70171367117e-11,9.77418562753e-11,9.25912332916e-11,1.21387316865e-10,1.1120575294e-10,3.99729416234e-11,2.48911100065e-11,1.09950798466e-11,2.0040499208e-12,1.72057995022e-12],"dvar2":[3.29110406483e-7,3.65951905223e-7,0.00000148772824105,0.00000773029569245,4.93251093303e-7,1.75349811116e-7,1.56696685849e-7,1.90720925275e-7,1.314986946e-7,3.50992792164e-7,9.0469676195e-8,1.23156141285e-7,5.34583080025e-8,5.74829215338e-8,3.50776296898e-8,4.54224959867e-8,4.06136066999e-8,3.78485189856e-8,6.31803143136e-9,7.72061703458e-9,8.97262619759e-9,1.89255722205e-8,1.94086990923e-9,3.31546301524e-9,3.3526387222e-10,2.94609975304e-10,2.8847751965e-10,2.28505422917e-10,7.92668777838e-11,5.78479278368e-11,1.09323869402e-10,2.48944698189e-10,2.3980578634e-10,2.75801770311e-10,2.47654230456e-10,9.76356426263e-11,6.38008118559e-11,2.93860664968e-11,5.44192035185e-12,4.5575015116e-12],"max":[0.00287163793109,0.00374042871408,0.00864625535905,0.0188928116113,0.00835791509598,0.00709264352918,0.0059090424329,0.00711927749217,0.0070553990081,0.0123110227287,0.00682125193998,0.00604169582948,0.00585196586326,0.00366033683531,0.00337059260346,0.00364362541586,0.00324145355262,0.00280219153501,0.00114192941692,0.00338527350686,0.00258621061221,0.0052907592617,0.000574238656554,0.0013992509339,0.000321537576383,0.000347280030837,0.000313231284963,0.000441636919277,0.000226825271966,0.000186942444998,0.000382423779229,0.000577095255721,0.000419554911787,0.000628617068287,0.00057817826746,0.000254739017691,0.000201070928597,0.000109825108666,0.0000547272720723,0.0000483385483676],"mean":[0.000471677660244,0.000335874559823,0.000557471881621,0.000924590567593,0.000488674791995,0.000316252029734,0.000264273927314,0.000209651741898,0.000204026058782,0.000316452380503,0.000157376169227,0.000176424815436,0.000104440041468,0.0000927991422941,0.0000844657333801,0.0000974419526756,0.0000854663812788,0.0000768573154346,0.0000362457431038,0.0000420410142397,0.0000470509803563,0.0000467630525236,0.0000308534908982,0.00001982451613,0.0000108324857138,0.00000935829939408,0.00000850393644214,0.00000627036615697,0.00000321426091432,0.00000177709853233,0.00000151923711655,0.00000159881972195,0.00000155176019234,0.0000015296948277,0.00000115803823064,8.5900836666e-7,6.36025902168e-7,4.34246146597e-7,2.42476346557e-7,2.67576382385e-7],"median":[0.000310295843519,0.00022817523859,0.000313994300086,0.000370621797629,0.000281365500996,0.000192657491425,0.000144414356328,0.0000887144633452,0.0000805014569778,0.000134153757244,0.0000546056653548,0.0000421691183874,0.0000463205687993,0.0000256167440966,0.0000329448375851,0.0000342830026057,0.0000332441923092,0.0000262536996161,0.0000144717378134,0.00001718387648,0.0000160588224389,0.0000166829086083,0.0000128073852466,0.00000646488342682,0.00000510983181812,0.00000424898735218,0.00000377549054065,0.00000305832554659,0.00000150066784954,7.47921603761e-7,4.10252823713e-7,3.36262246492e-7,3.56111883093e-7,2.6209141879e-7,1.79607766881e-7,1.51028245909e-7,9.02514827317e-8,7.43275094806e-8,5.03640151805e-8,5.10083495442e-8],"min":[4.4310533983e-25,3.57235710233e-25,5.51277694243e-25,9.27641259972e-25,1.25907959158e-24,6.3920945555e-25,8.74851970094e-25,1.08981143917e-24,1.75403025061e-24,1.52003122915e-24,2.15379064192e-24,1.63587160739e-24,2.73608181101e-24,2.53817317597e-24,2.84200354526e-24,2.07836055103e-24,2.13825126538e-24,2.73106366958e-24,2.28484627348e-24,3.07020010033e-24,3.76954816977e-24,4.00596859977e-24,3.3898540333e-24,2.62574245569e-24,4.50509391071e-24,4.44867536763e-24,4.72028491047e-24,3.8875294179e-24,4.83501762938e-24,5.51781973577e-24,4.21423379521e-24,5.69542782428e-24,5.20459068044e-24,4.4222639101e-24,4.79732388318e-24,5.33302946315e-24,4.44438593646e-24,6.45047775667e-24,5.50037289356e-24,5.93501553081e-24],"var":[2.16544563614e-7,1.38961652851e-7,5.59700879421e-7,0.00000283695794678,4.36247233893e-7,1.96478140424e-7,1.66095816212e-7,2.00317970211e-7,2.21750184437e-7,5.09730284648e-7,9.52536183263e-8,1.83709019552e-7,5.08824697931e-8,5.68463747186e-8,2.84159398234e-8,4.31997015937e-8,3.08718348663e-8,3.25919060629e-8,5.64615065812e-9,9.91169191167e-9,1.21063665759e-8,2.85861752047e-8,2.36730324232e-9,3.29203064808e-9,4.04527050746e-10,2.81258127899e-10,2.11549833207e-10,1.53899309963e-10,4.1290290631e-11,2.77569304347e-11,6.74528558009e-11,1.17444401426e-10,9.25383866757e-11,1.5167762879e-10,1.27074087364e-10,4.0448078914e-11,2.38941331998e-11,9.24673618924e-12,1.68425484063e-12,1.44657419723e-12]},"melbands_crest":{"dmean":2.99104809761,"dmean2":4.90762662888,"dvar":8.22138023376,"dvar2":20.7035388947,"max":31.9286708832,"mean":11.0936527252,"median":10.3110542297,"min":1.62748372555,"var":19.5050697327},"melbands_flatness_db":{"dmean":0.0221687890589,"dmean2":0.0330807641149,"dvar":0.000445580983069,"dvar2":0.000975820352323,"max":0.453213512897,"mean":0.186213701963,"median":0.182423070073,"min":0.00330022140406,"var":0.00317633664235},"melbands_kurtosis":{"dmean":2.79817247391,"dmean2":4.39033746719,"dvar":19.1068229675,"dvar2":45.4133644104,"max":68.3956298828,"mean":4.46509075165,"median":2.51442551613,"min":-1.79159545898,"var":39.6832389832},"melbands_skewness":{"dmean":0.508730709553,"dmean2":0.770208775997,"dvar":0.284280210733,"dvar2":0.634870052338,"max":6.58758115768,"mean":1.57472801208,"median":1.49646043777,"min":-1.46702957153,"var":1.06610321999},"melbands_spread":{"dmean":6.47559595108,"dmean2":9.97825813293,"dvar":78.7858886719,"dvar2":175.229354858,"max":209.712234497,"mean":28.4405384064,"median":24.388458252,"min":2.3587269783,"var":437.247039795},"mfcc":{"cov":[[9606.02734375,761.052429199,-862.823181152,336.804168701,-156.195556641,-90.1562423706,-27.9981822968,52.1640586853,-75.1000366211,-33.3736991882,-12.0186576843,-26.6122589111,-62.8672294617],[761.052429199,1281.73181152,-85.9427490234,-8.06104469299,9.58218955994,-26.4057331085,20.0364341736,8.86800098419,-33.9186859131,37.4907341003,-27.3765964508,9.82920074463,20.5790138245],[-862.823181152,-85.9427490234,759.055419922,-135.863235474,33.7472496033,133.224945068,-17.3266716003,19.3632450104,1.79005205631,-16.2662620544,6.82495737076,-31.4101352692,-15.8552932739],[336.804168701,-8.06104469299,-135.863235474,281.674591064,46.5268669128,-46.4929504395,-4.90890455246,-17.2413692474,10.7774457932,-16.6770954132,-27.4819221497,16.9161529541,11.7035779953],[-156.195556641,9.58218955994,33.7472496033,46.5268669128,151.623641968,22.6901187897,-11.4919776917,-22.7995738983,13.2245893478,-0.590195953846,-5.99964523315,-1.35828590393,-3.59314584732],[-90.1562423706,-26.4057331085,133.224945068,-46.4929504395,22.6901187897,129.590682983,9.2987651825,-2.59754538536,5.78068351746,7.67170763016,7.44282960892,-13.423160553,-16.204120636],[-27.9981822968,20.0364341736,-17.3266716003,-4.90890455246,-11.4919776917,9.2987651825,114.602386475,31.2400875092,1.67607557774,7.70498800278,-2.73684215546,7.9565076828,9.7565279007],[52.1640586853,8.86800098419,19.3632450104,-17.2413692474,-22.7995738983,-2.59754538536,31.2400875092,88.2414703369,19.0075588226,4.25211906433,5.44950294495,0.411979943514,0.795589268208],[-75.1000366211,-33.9186859131,1.79005205631,10.7774457932,13.2245893478,5.78068351746,1.67607557774,19.0075588226,83.7992553711,27.5742321014,0.844511508942,-3.34048581123,-9.80132484436],[-33.3736991882,37.4907341003,-16.2662620544,-16.6770954132,-0.590195953846,7.67170763016,7.70498800278,4.25211906433,27.5742321014,85.0684204102,32.8186759949,0.895405292511,-2.89686775208],[-12.0186576843,-27.3765964508,6.82495737076,-27.4819221497,-5.99964523315,7.44282960892,-2.73684215546,5.44950294495,0.844511508942,32.8186759949,74.9637069702,18.2473125458,-3.71372747421],[-26.6122589111,9.82920074463,-31.4101352692,16.9161529541,-1.35828590393,-13.423160553,7.9565076828,0.411979943514,-3.34048581123,0.895405292511,18.2473125458,69.3416442871,32.8047981262],[-62.8672294617,20.5790138245,-15.8552932739,11.7035779953,-3.59314584732,-16.204120636,9.7565279007,0.795589268208,-9.80132484436,-2.89686775208,-3.71372747421,32.8047981262,80.0647659302]],"icov":[[0.000134470494231,-0.0000810723795439,0.000150096559082,-0.000171339022927,0.000160002266057,-0.000156782814884,0.000106526378659,-0.000162296360941,0.000110156513983,0.000107049265353,-0.00011123107106,0.000115497059596,0.000110152155685],[-0.0000810723795439,0.000901550869457,-0.000015792058548,0.000211336751818,-0.000294027850032,0.00020887242863,-0.0000673607573844,-0.00017995822418,0.000609240843914,-0.000912006129511,0.000825500464998,-0.000310964271193,-0.0000830441204016],[0.000150096559082,-0.000015792058548,0.00196178909391,0.000467982899863,-0.000252157245995,-0.0017653479008,0.000618923048023,-0.000812547747046,0.000131365683046,0.000699342810549,-0.000206679687835,0.000564693124034,-0.000193517873413],[-0.000171339022927,0.000211336751818,0.000467982899863,0.00481425551698,-0.00175362790469,0.00127914478071,-0.000132017958094,0.000624045147561,-0.0008593556704,0.000402629928431,0.00158405688126,-0.0012408120092,-0.000118602838484],[0.000160002266057,-0.000294027850032,-0.000252157245995,-0.00175362790469,0.00804839003831,-0.00163634540513,0.000380564422812,0.00184545782395,-0.00144430552609,0.000428469415056,-0.000204761177883,0.000106776860775,0.000158366499818],[-0.000156782814884,0.00020887242863,-0.0017653479008,0.00127914478071,-0.00163634540513,0.0106693170965,-0.00179084972478,0.00139402621426,-0.000519421126228,-0.000759990303777,-0.000404348917073,0.000528637261596,0.00125047529582],[0.000106526378659,-0.0000673607573844,0.000618923048023,-0.000132017958094,0.000380564422812,-0.00179084972478,0.0104228230193,-0.00414127390832,0.00119919737335,-0.00144565186929,0.00165254995227,-0.00118717260193,-0.000673930277117],[-0.000162296360941,-0.00017995822418,-0.000812547747046,0.000624045147561,0.00184545782395,0.00139402621426,-0.00414127390832,0.0147300874814,-0.00447646807879,0.0016469078837,-0.00183491641656,0.000582259322982,-0.000422169512603],[0.000110156513983,0.000609240843914,0.000131365683046,-0.0008593556704,-0.00144430552609,-0.000519421126228,0.00119919737335,-0.00447646807879,0.0159759670496,-0.00657304376364,0.00326548027806,-0.00100979174022,0.00209306320176],[0.000107049265353,-0.000912006129511,0.000699342810549,0.000402629928431,0.000428469415056,-0.000759990303777,-0.00144565186929,0.0016469078837,-0.00657304376364,0.0180017892271,-0.0088450955227,0.00279241753742,-0.0012844062876],[-0.00011123107106,0.000825500464998,-0.000206679687835,0.00158405688126,-0.000204761177883,-0.000404348917073,0.00165254995227,-0.00183491641656,0.00326548027806,-0.0088450955227,0.0202613919973,-0.00749607989565,0.00324471807107],[0.000115497059596,-0.000310964271193,0.000564693124034,-0.0012408120092,0.000106776860775,0.000528637261596,-0.00118717260193,0.000582259322982,-0.00100979174022,0.00279241753742,-0.00749607989565,0.0211253985763,-0.00831147097051],[0.000110152155685,-0.0000830441204016,-0.000193517873413,-0.000118602838484,0.000158366499818,0.00125047529582,-0.000673930277117,-0.000422169512603,0.00209306320176,-0.0012844062876,0.00324471807107,-0.00831147097051,0.0166889503598]],"mean":[-660.320129395,141.458206177,-20.6094360352,16.9269485474,3.46627426147,1.39684569836,-3.73616909981,1.37032055855,-4.48765087128,1.89371085167,-3.4353954792,-2.32021665573,-1.78288328648]},"pitch_salience":{"dmean":0.060034442693,"dmean2":0.0974177494645,"dvar":0.00289142061956,"dvar2":0.00751714408398,"max":0.994193971157,"mean":0.600819170475,"median":0.603757619858,"min":0.204466417432,"var":0.00800906214863},"silence_rate_20dB":{"dmean":0,"dmean2":0,"dvar":0,"dvar2":0,"max":1,"mean":1,"median":1,"min":1,"var":0},"silence_rate_30dB":{"dmean":0,"dmean2":0,"dvar":0,"dvar2":0,"max":1,"mean":1,"median":1,"min":1,"var":0},"silence_rate_60dB":{"dmean":0.00568922609091,"dmean2":0.0113798007369,"dvar":0.00565618043765,"dvar2":0.0126729812473,"max":1,"mean":0.0497748292983,"median":0,"min":0,"var":0.047296140343},"spectral_centroid":{"dmean":212.707443237,"dmean2":323.271942139,"dvar":73722.5546875,"dvar2":150607.578125,"max":11716.3349609,"mean":1449.64916992,"median":1264.37988281,"min":262.376647949,"var":1874475.25},"spectral_complexity":{"dmean":3.23551034927,"dmean2":4.80986261368,"dvar":10.7976169586,"dvar2":21.6250209808,"max":52,"mean":20.4837646484,"median":20,"min":0,"var":87.7000198364},"spectral_contrast_coeffs":{"dmean":[0.0527318716049,0.0406606569886,0.0396092385054,0.0337769091129,0.0236913207918,0.0193267744035],"dmean2":[0.0853459686041,0.0651573911309,0.0613618418574,0.0516410060227,0.0364684909582,0.0301878657192],"dvar":[0.00234287511557,0.00118257303257,0.00117887125816,0.00084475701442,0.000468718266347,0.000340655300533],"dvar2":[0.0056150010787,0.00308830710128,0.00278843101114,0.00191148417071,0.00100290146656,0.0007878728793],"max":[-0.243621721864,-0.410403758287,-0.388266563416,-0.478839755058,-0.494804531336,-0.554291665554],"mean":[-0.639948368073,-0.72135591507,-0.736559391022,-0.757838666439,-0.78230047226,-0.773239135742],"median":[-0.643240809441,-0.723247170448,-0.739923775196,-0.760342240334,-0.786734580994,-0.771237373352],"min":[-0.983938276768,-0.993699073792,-0.985383033752,-0.991889059544,-0.967661142349,-0.96464908123],"var":[0.00845405180007,0.00532780122012,0.00612002331764,0.00411106506363,0.00326125486754,0.00215685530566]},"spectral_contrast_valleys":{"dmean":[0.375140935183,0.341601192951,0.358754187822,0.342123299837,0.296059519053,0.377874672413],"dmean2":[0.613241434097,0.539005458355,0.549765110016,0.50319558382,0.410888552666,0.483373075724],"dvar":[0.153558671474,0.153322204947,0.168789893389,0.170061334968,0.164163082838,0.199343413115],"dvar2":[0.29623451829,0.267962247133,0.286847084761,0.269780158997,0.241051539779,0.321147620678],"max":[-5.71076631546,-4.72796583176,-5.04977464676,-5.69055271149,-5.7126121521,-7.55477905273],"mean":[-7.72931528091,-7.10363006592,-7.61827516556,-7.9276266098,-7.98731470108,-10.9913072586],"median":[-7.27789020538,-6.64213275909,-7.20220994949,-7.44669532776,-7.46057987213,-10.705078125],"min":[-28.3108901978,-28.0911827087,-27.9709701538,-27.7181510925,-27.5808734894,-27.4195194244],"var":[7.35973978043,7.87551498413,7.50239992142,7.41080379486,7.49865484238,5.55079030991]},"spectral_decrease":{"dmean":1.59175850278e-9,"dmean2":2.44829490015e-9,"dvar":5.40100674008e-18,"dvar2":1.31109773179e-17,"max":1.43570805015e-19,"mean":-5.12775510941e-9,"median":-4.28485957826e-9,"min":-2.64032635755e-8,"var":1.29914315214e-17},"spectral_energy":{"dmean":0.00639221584424,"dmean2":0.00974941346794,"dvar":0.0000838703417685,"dvar2":0.000201424933039,"max":0.105359300971,"mean":0.0210887156427,"median":0.0175859630108,"min":9.56142836032e-21,"var":0.000220326634008},"spectral_energyband_high":{"dmean":0.000243559887167,"dmean2":0.000358858989784,"dvar":0.00000134736046675,"dvar2":0.00000297789779324,"max":0.0368056632578,"mean":0.000399415090214,"median":0.000172552550794,"min":6.64773150463e-21,"var":0.00000194195172298},"spectral_energyband_low":{"dmean":0.00136638444383,"dmean2":0.00231894408353,"dvar":0.00000305819821733,"dvar2":0.00000846504917718,"max":0.0172638222575,"mean":0.00271261460148,"median":0.00214081164449,"min":8.42922174145e-24,"var":0.00000520629282619},"spectral_energyband_middle_high":{"dmean":0.00228488119319,"dmean2":0.00326394033618,"dvar":0.0000134930805871,"dvar2":0.0000262050161837,"max":0.0680964514613,"mean":0.00725833280012,"median":0.00442094309255,"min":1.18194042406e-21,"var":0.0000654067116557},"spectral_energyband_middle_low":{"dmean":0.00476985843852,"dmean2":0.00760909542441,"dvar":0.0000695600683684,"dvar2":0.000174042550498,"max":0.0897634848952,"mean":0.0113558284938,"median":0.00834887847304,"min":1.35021546134e-22,"var":0.000106926701847},"spectral_entropy":{"dmean":0.162626236677,"dmean2":0.223854377866,"dvar":0.0278270281851,"dvar2":0.0525961853564,"max":9.82903957367,"mean":7.44180440903,"median":7.46076965332,"min":4.73296403885,"var":0.246903017163},"spectral_flux":{"dmean":0.022497408092,"dmean2":0.0345211476088,"dvar":0.000658702978399,"dvar2":0.00148382084444,"max":0.253281891346,"mean":0.0713302195072,"median":0.0641708374023,"min":6.37078306776e-11,"var":0.00184564932715},"spectral_kurtosis":{"dmean":2.38388681412,"dmean2":3.94137525558,"dvar":6.5962138176,"dvar2":18.3963298798,"max":71.9075317383,"mean":6.39658641815,"median":5.6348285675,"min":-1.42012524605,"var":15.9839754105},"spectral_rms":{"dmean":0.000636696116999,"dmean2":0.00094893964706,"dvar":6.08228617693e-7,"dvar2":0.00000136771120651,"max":0.0101385191083,"mean":0.00421943282709,"median":0.00414210557938,"min":3.05421399976e-12,"var":0.00000277070830634},"spectral_rolloff":{"dmean":334.872344971,"dmean2":552.899291992,"dvar":356335,"dvar2":753870.5625,"max":19530.6152344,"mean":1837.82958984,"median":1464.2578125,"min":129.19921875,"var":6151054},"spectral_skewness":{"dmean":0.280115991831,"dmean2":0.438066899776,"dvar":0.0685549750924,"dvar2":0.168521806598,"max":6.43048620224,"mean":1.71869194508,"median":1.6459915638,"min":-0.351414263248,"var":0.352677702904},"spectral_spread":{"dmean":520312.53125,"dmean2":750053.5625,"dvar":892862267392,"dvar2":1562825326590,"max":50295048,"mean":4097765.5,"median":3182167.5,"min":1116237.25,"var":24459608064000},"spectral_strongpeak":{"dmean":0.712385416031,"dmean2":1.18766582012,"dvar":1.41637217999,"dvar2":3.39083719254,"max":24.3323802948,"mean":1.28225696087,"median":0.636726200581,"min":0,"var":3.04879450798},"zerocrossingrate":{"dmean":0.00750958872959,"dmean2":0.00914578139782,"dvar":0.000133785608341,"dvar2":0.000234195103985,"max":0.52734375,"mean":0.0624943301082,"median":0.052734375,"min":0.01123046875,"var":0.00409568287432}},"metadata":{"audio_properties":{"analysis_sample_rate":44100,"bit_rate":320043,"codec":"mp3","downmix":"mix","equal_loudness":0,"length":195.892242432,"lossless":false,"md5_encoded":"06613a8ace12317564f148f43af2fc65","replay_gain":-11.3684692383,"sample_rate":44100},"tags":{"album":["Jailbreak"],"albumartist":["Thin Lizzy"],"albumartistsort":["Thin Lizzy"],"artist":["Thin Lizzy"],"artistsort":["Thin Lizzy"],"catalognumber":["9102 008"],"composer":["Phil Lynott"],"date":["1976"],"file_name":"03 - Running Back.mp3","label":["Vertigo"],"language":["eng"],"lyricist":["Phil Lynott"],"media":["Vinyl"],"musicbrainz album release country":["GB"],"musicbrainz album status":["official"],"musicbrainz album type":["album"],"musicbrainz_albumartistid":["6a726ac6-019e-455c-8bbb-571a77bed52e"],"musicbrainz_albumid":["62f4961d-e315-44fa-9d6a-3cbcdf3039e7"],"musicbrainz_artistid":["6a726ac6-019e-455c-8bbb-571a77bed52e"],"musicbrainz_recordingid":["3981d218-fca0-4bfa-8cab-a4f382c09b08"],"musicbrainz_releasegroupid":["d55dae0d-835d-3756-8805-196e41bacc2f"],"musicbrainz_workid":["2becf723-b2ca-486f-bfe7-5841511c610a"],"originaldate":["1976"],"script":["Latn"],"title":["Running Back"],"tracknumber":["3/9"],"work":["Running Back"]},"version":{"essentia":"2.1-beta2","essentia_build_sha":"70f2e5ece6736b2c40cc944ad0e695b16b925413","essentia_git_sha":"v2.1_beta2","extractor":"music 1.0"}},"rhythm":{"beats_count":441,"beats_loudness":{"dmean":0.0138116655871,"dmean2":0.0254374071956,"dvar":0.000109540756966,"dvar2":0.000338899291819,"max":0.0626321434975,"mean":0.0281151793897,"median":0.0278443228453,"min":0,"var":0.000184331598575},"beats_loudness_band_ratio":{"dmean":[0.153218343854,0.21510989964,0.112518750131,0.126924291253,0.0797592103481,0.0354738086462],"dmean2":[0.267168432474,0.404989331961,0.198045775294,0.223221153021