{"lowlevel":{"average_loudness":0.74233341217,"barkbands":{"dmean":[0.0000554036232643,0.00190781231504,0.00113991752733,0.000769535079598,0.00173533393536,0.000981120043434,0.000800012086984,0.000933558447286,0.000989182735793,0.000507685821503,0.000274821504718,0.00024133885745,0.000256831437582,0.000189394966583,0.000284999405267,0.000124561702251,0.000061283026298,0.0000309481401928,0.0000323136046063,0.0000387798245356,0.0000201673537958,0.000037631692976,0.0000545522125321,0.0000552451456315,0.0000431040643889,0.0000221632835746,0.00000193324740394],"dmean2":[0.0000911839597393,0.00330206356011,0.00170105823781,0.00126894225832,0.00279436307028,0.00147087033838,0.0011700358009,0.00132884795312,0.00134862761479,0.000719526899047,0.000401847064495,0.000361246755347,0.000384843064239,0.000289371935651,0.000447435653768,0.000210900019738,0.0000970597975538,0.0000493746119901,0.0000492176695843,0.0000604226479481,0.0000311622425215,0.000058116078435,0.0000780262853368,0.0000769517864683,0.000070360772952,0.0000375945128326,0.00000268232133749],"dvar":[1.04657118527e-8,0.0000301714080706,0.00000773372630647,0.00000296187477034,0.0000183824304258,0.00000511766165801,0.00000624511039859,0.0000147171749632,0.0000144531231854,0.00000290243269774,9.74215936367e-7,0.00000175894194854,7.66096945881e-7,4.91967853122e-7,0.00000115766397357,3.90050161059e-7,6.19659701329e-8,1.69627600854e-8,2.96425568536e-8,7.00963056488e-8,5.7672022713e-9,2.50372469424e-8,8.0501671107e-8,9.53725631803e-8,3.01976399442e-8,7.00485491834e-9,2.38979322442e-11],"dvar2":[2.65011976808e-8,0.0000908712609089,0.0000184644322871,0.00000750976232666,0.0000478010915685,0.0000130778753373,0.0000133425774038,0.0000314802855428,0.0000277836024907,0.00000633795070826,0.00000212249028664,0.00000376937100555,0.00000169483053014,0.00000104537502921,0.00000283090685116,0.00000108581809855,1.40313204611e-7,3.95568449107e-8,6.70263773372e-8,1.81215398243e-7,1.21342296211e-8,4.88517848396e-8,1.46257548295e-7,1.64348691101e-7,7.44182884205e-8,1.96616447568e-8,4.75253343624e-11],"max":[0.00447973003611,0.130857765675,0.0566745512187,0.0372312106192,0.121681042016,0.0466360524297,0.0883069559932,0.125048667192,0.13799187541,0.0574897490442,0.0244361385703,0.063799187541,0.0349366813898,0.0178963411599,0.0347136594355,0.00986815616488,0.0147201279178,0.00747482152656,0.00625164341182,0.0141938133165,0.00382185750641,0.00606665201485,0.00980534218252,0.0128458933905,0.0065261493437,0.000950421323068,0.0000626470282441],"mean":[0.0000680730809108,0.00496397446841,0.00352326408029,0.00132864306215,0.00371513725258,0.00243488070555,0.00187881314196,0.00191074353643,0.0021008583717,0.00104465545155,0.000593286007643,0.000483573880047,0.000496604479849,0.000377454329282,0.000467911508167,0.000160982555826,0.000115595299576,0.0000619897109573,0.0000591238458583,0.0000691910026944,0.0000366217500414,0.0000650764413876,0.000101344681752,0.000102340440208,0.000050847636885,0.0000201853708859,0.00000198997486223],"median":[0.0000332309064106,0.002094686497,0.00145603949204,0.000601746025495,0.00156433833763,0.000959468598012,0.000342380633811,0.000235102284933,0.000118526324513,0.00011721777264,0.0000489528974867,0.0000766077209846,0.0000900110026123,0.0000355955562554,0.0000820225395728,0.0000480524213344,0.0000345109947375,0.0000193652085727,0.0000211809201573,0.0000207789998967,0.0000133901803565,0.0000114870199468,0.00000803344119049,0.00000743144028093,0.00000555373890165,0.0000018942916995,9.68086055764e-8],"min":[1.43216060456e-24,1.64653824928e-23,3.4062075143e-24,5.73649276756e-24,9.51020415076e-23,7.14116018907e-23,5.53457364256e-23,8.46283668234e-23,4.73772725617e-23,1.15629767361e-22,3.3517961489e-23,1.58875980466e-22,7.63337594623e-23,1.23268200222e-22,8.30812528161e-23,7.04182556171e-23,1.71751604078e-22,2.71940902279e-22,1.15980375013e-22,5.20128836669e-22,3.85835983442e-22,4.53868004241e-22,4.18726030583e-22,8.84148335352e-22,1.2385832119e-21,1.48241166112e-21,2.33255481555e-21],"var":[1.41866633996e-8,0.0000648044006084,0.0000332944982802,0.00000616571333012,0.0000397056792281,0.0000156427922775,0.0000235409861489,0.00003725609713,0.0000454477521998,0.00000926173288462,0.00000328861847265,0.0000048762476581,0.00000186768897947,0.00000166435131632,0.0000020826025775,3.03981067873e-7,1.65340907188e-7,3.7932306185e-8,4.73205830076e-8,7.45907016153e-8,1.02914352595e-8,6.88163268592e-8,2.79482634369e-7,3.64078857729e-7,4.71608956332e-8,4.89134999171e-9,3.2825575591e-11]},"barkbands_crest":{"dmean":2.02077651024,"dmean2":3.27801966667,"dvar":4.47292566299,"dvar2":11.9250907898,"max":26.0009441376,"mean":11.1614456177,"median":10.1789979935,"min":3.25037622452,"var":20.5579128265},"barkbands_flatness_db":{"dmean":0.0207862369716,"dmean2":0.0297960732132,"dvar":0.000438673887402,"dvar2":0.000932656170335,"max":0.625109672546,"mean":0.189149826765,"median":0.174378305674,"min":0.0440106056631,"var":0.00693951640278},"barkbands_kurtosis":{"dmean":4.27291631699,"dmean2":6.8198018074,"dvar":110.938079834,"dvar2":323.322937012,"max":622.868530273,"mean":11.9801101685,"median":5.54219055176,"min":-1.92307662964,"var":1053.92529297},"barkbands_skewness":{"dmean":0.505866765976,"dmean2":0.772021114826,"dvar":0.343692392111,"dvar2":0.82476490736,"max":19.5565776825,"mean":2.16304826736,"median":1.97756326199,"min":-3.4204890728,"var":2.98352575302},"barkbands_spread":{"dmean":4.06384801865,"dmean2":6.26239395142,"dvar":67.2093963623,"dvar2":155.74949646,"max":139.900390625,"mean":13.5387582779,"median":10.190120697,"min":0.111828543246,"var":174.459060669},"dissonance":{"dmean":0.0233892500401,"dmean2":0.0386726856232,"dvar":0.000493107829243,"dvar2":0.00133019208442,"max":0.499999821186,"mean":0.432113856077,"median":0.439751565456,"min":0.20512470603,"var":0.00151669594925},"dynamic_complexity":4.93397760391,"erbbands":{"dmean":[0.0219694636762,0.529722213745,1.41900634766,1.60865867138,4.78882789612,6.01244544983,7.11283731461,8.36533260345,10.4684066772,12.3936166763,23.1735706329,26.5494117737,13.0274925232,14.6992950439,9.7946805954,11.4102725983,11.9937295914,8.19309616089,16.8957710266,8.12115859985,6.55068874359,2.76555800438,1.83633983135,1.36396765709,1.6807268858,1.76866018772,1.1727758646,0.895358800888,1.29755079746,1.37439095974,1.64205694199,1.30122208595,0.859651446342,0.429570227861,0.314792007208,0.149035334587,0.0373247079551,0.00396041199565,0.000297256221529,0.0000164874745678],"dmean2":[0.0379655659199,0.908766627312,2.1714425087,2.61410713196,7.91689300537,9.57565402985,10.3266592026,13.0564365387,15.4478111267,17.1777458191,33.6016387939,35.8713722229,17.860332489,21.8401603699,13.9931001663,16.8858776093,17.8587665558,12.5391759872,26.5792255402,12.4798259735,11.2162265778,4.48374891281,2.93398427963,2.10183572769,2.58077573776,2.76712155342,1.82860994339,1.37494838238,2.02337837219,2.06803870201,2.37283968925,1.86034202576,1.22049605846,0.650102376938,0.539959609509,0.257874399424,0.0619060471654,0.00574678136036,0.000421364384238,0.0000259785738308],"dvar":[0.00510052358732,2.21055984497,10.8677072525,12.4639434814,141.855407715,268.526153564,293.964569092,498.386688232,1117.16101074,1699.41320801,10596.8037109,9988.60839844,3252.93017578,2665.09399414,1188.41821289,3122.72216797,1772.85852051,696.671936035,4157.41552734,1023.85009766,1398.09460449,111.578025818,50.1615104675,34.1577568054,80.371887207,178.538146973,32.660785675,18.0508518219,26.7711830139,49.0536079407,72.374961853,64.4284896851,22.2970466614,4.01213502884,1.66155827045,0.388382762671,0.0172105450183,0.000101975914731,5.78781396143e-7,1.471221589e-9],"dvar2":[0.0135609861463,6.68794345856,27.0029335022,32.1495857239,374.681488037,670.573303223,636.348327637,1367.67407227,2509.95629883,3503.29174805,23309.0488281,17908.6035156,7139.17480469,6441.98095703,2467.14038086,6004.91992188,3822.99560547,1495.16784668,10296.4375,2318.8972168,3961.01025391,275.7449646,121.392951965,77.2137832642,188.453170776,477.858032227,80.3558654785,38.5725135803,51.6173706055,98.7801818848,129.580871582,119.903434753,39.7215957642,8.12716960907,4.54698467255,1.10467016697,0.0475732088089,0.000229093668167,0.00000128220938223,3.94192545272e-9],"max":[2.41914534569,34.0236206055,70.2068557739,86.6784515381,254.888671875,466.749633789,432.803375244,495.644714355,933.721191406,1261.41271973,3494.50683594,3763.74731445,2386.69140625,1439.82763672,1100.65148926,2899.44897461,1874.24572754,886.889282227,2191.09741211,1642.26940918,624.312011719,334.919036865,280.464294434,252.856430054,273.497589111,826.780517578,233.060714722,207.393173218,224.976623535,281.552154541,348.172912598,306.855133057,165.437576294,94.1407928467,30.7333221436,7.98961019516,1.44507658482,0.161800935864,0.0107197286561,0.000457836431451],"mean":[0.0573052689433,1.41001677513,4.74538898468,3.61749410629,8.21899795532,12.9712362289,17.5959186554,19.5289726257,25.6114139557,30.6745662689,46.3770561218,59.218585968,28.7602462769,32.2135162354,22.654668808,24.4137516022,24.5526866913,18.2623500824,28.3473320007,15.4222145081,8.92274570465,5.15211629868,3.85222434998,2.90106296539,3.05272603035,3.14379644394,2.16439056396,1.53749012947,2.12387752533,2.51728224754,3.10539674759,2.51299118996,1.48333728313,0.636624157429,0.316817998886,0.128365024924,0.0347893834114,0.00407733535394,0.000318578939186,0.0000404263882956],"median":[0.0155764967203,0.607324361801,2.12544107437,2.11225509644,3.01900625229,4.59149360657,6.72494029999,6.85217285156,7.02572822571,3.4379234314,7.04605674744,4.19888687134,2.53032326698,5.22405576706,2.75674986839,4.90020513535,5.28020191193,2.52812504768,3.5731086731,4.0883436203,2.81774115562,1.50462913513,1.35370373726,1.14366352558,1.03384387493,1.03616797924,0.70666718483,0.476086080074,0.40482839942,0.311006247997,0.224250435829,0.157802343369,0.110990211368,0.0630040615797,0.0377865098417,0.0133390845731,0.00254936655983,0.00026438239729,0.0000376644238713,0.0000286220147245],"min":[7.14332457096e-22,2.64923130032e-21,3.86161473762e-21,1.09316280034e-20,5.82750938742e-20,3.99855334097e-19,6.80933684386e-19,5.15008026049e-19,8.00272065335e-19,1.51343684229e-18,1.20602333604e-18,1.45593362425e-18,2.49505341937e-18,3.11399813696e-18,2.65528099236e-18,5.9792552055e-18,4.19236517061e-18,5.66662932403e-18,5.67310656181e-18,3.11695758239e-18,5.90287541569e-18,1.09007796725e-17,1.49598641261e-17,7.46289793271e-18,7.62800814606e-18,2.453502731e-17,2.06062701249e-17,1.34645804862e-17,1.56028878645e-17,1.23884697944e-17,1.40520234777e-17,1.49090702734e-17,1.6760793484e-17,1.13151144413e-17,1.05969669868e-17,5.06200372323e-18,2.61483971863e-18,1.33921451071e-18,2.84919260067e-19,4.05927770371e-20],"var":[0.0142613705248,4.95631885529,55.5356330872,24.9328937531,218.670394897,670.274414062,1128.67236328,1226.93908691,3342.24584961,6882.38769531,23473.1601562,33988.1601562,9333.95898438,7824.42285156,4098.31835938,11053.1015625,4425.50585938,3031.49804688,7489.39208984,2154.38452148,1052.93457031,222.865127563,103.410743713,69.9313659668,127.900672913,160.928985596,47.4074440002,31.1928787231,69.8363800049,142.072494507,262.140930176,224.474075317,77.6020812988,10.6008367538,1.51957607269,0.259944885969,0.0124100390822,0.000124399375636,7.11552047505e-7,1.90427207336e-9]},"erbbands_crest":{"dmean":2.49096751213,"dmean2":3.87000513077,"dvar":7.84215450287,"dvar2":18.4983959198,"max":32.5010604858,"mean":11.1016569138,"median":9.8484621048,"min":2.38045859337,"var":26.4926052094},"erbbands_flatness_db":{"dmean":0.0200007595122,"dmean2":0.0266125686467,"dvar":0.00039369071601,"dvar2":0.000695249706041,"max":0.372192054987,"mean":0.179568663239,"median":0.178414568305,"min":0.0150727489963,"var":0.00288899219595},"erbbands_kurtosis":{"dmean":1.39688169956,"dmean2":2.1105825901,"dvar":6.89753913879,"dvar2":15.4969434738,"max":73.2327194214,"mean":2.44639158249,"median":0.529639959335,"min":-1.88545703888,"var":39.2093696594},"erbbands_skewness":{"dmean":0.361054331064,"dmean2":0.534412503242,"dvar":0.161357194185,"dvar2":0.340282231569,"max":6.68825006485,"mean":0.809861719608,"median":0.728579223156,"min":-4.86299943924,"var":1.09853553772},"erbbands_spread":{"dmean":6.90336084366,"dmean2":10.1647996902,"dvar":105.35206604,"dvar2":223.083053589,"max":188.391418457,"mean":32.8858757019,"median":29.9279327393,"min":1.74168205261,"var":440.456878662},"gfcc":{"cov":[[14676.2978516,-1351.90148926,-2216.71435547,-535.3671875,-1643.04370117,432.966583252,-704.849182129,181.120223999,-326.070373535,147.999725342,-213.440826416,-38.5801429749,-285.068634033],[-1351.90148926,1768.61340332,-261.451660156,-51.8584671021,405.641357422,-275.333374023,290.42098999,-114.49723053,154.149703979,-132.542053223,215.561523438,-122.866088867,138.860900879],[-2216.71435547,-261.451660156,1208.65454102,152.789978027,326.797912598,28.2923717499,57.507610321,47.5484466553,21.0639286041,84.7807159424,-43.358669281,91.4615783691,-39.6186523438],[-535.3671875,-51.8584671021,152.789978027,402.297149658,79.350692749,-13.9824705124,-26.6917228699,-43.4265098572,31.5737094879,-20.6799449921,38.9617347717,22.4831600189,48.3481369019],[-1643.04370117,405.641357422,326.797912598,79.350692749,525.914123535,-124.494667053,126.546890259,-31.310174942,-18.3288345337,13.4941110611,18.0488128662,34.7992897034,41.7658348083],[432.966583252,-275.333374023,28.2923717499,-13.9824705124,-124.494667053,334.231658936,29.2160282135,39.0786552429,51.3581161499,7.07516336441,-2.5870347023,-19.4175453186,-16.1604251862],[-704.849182129,290.42098999,57.507610321,-26.6917228699,126.546890259,29.2160282135,245.77394104,28.4008674622,50.6928787231,-12.624502182,44.1927757263,-20.1612987518,11.3688220978],[181.120223999,-114.49723053,47.5484466553,-43.4265098572,-31.310174942,39.0786552429,28.4008674622,125.514320374,37.9757614136,27.0711250305,-24.6812934875,1.63117194176,-17.8589324951],[-326.070373535,154.149703979,21.0639286041,31.5737094879,-18.3288345337,51.3581161499,50.6928787231,37.9757614136,185.811462402,1.54412925243,34.2407226562,-37.9010467529,16.6375541687],[147.999725342,-132.542053223,84.7807159424,-20.6799449921,13.4941110611,7.07516336441,-12.624502182,27.0711250305,1.54412925243,105.836990356,1.70128107071,19.8407154083,-29.9190940857],[-213.440826416,215.561523438,-43.358669281,38.9617347717,18.0488128662,-2.5870347023,44.1927757263,-24.6812934875,34.2407226562,1.70128107071,128.097839355,-0.0847096741199,17.5590438843],[-38.5801429749,-122.866088867,91.4615783691,22.4831600189,34.7992897034,-19.4175453186,-20.1612987518,1.63117194176,-37.9010467529,19.8407154083,-0.0847096741199,102.429428101,8.64679908752],[-285.068634033,138.860900879,-39.6186523438,48.3481369019,41.7658348083,-16.1604251862,11.3688220978,-17.8589324951,16.6375541687,-29.9190940857,17.5590438843,8.64679908752,100.330825806]],"icov":[[0.000206457450986,-0.000280141597614,0.000310690025799,-0.000160740310093,0.000478482281324,-0.000400535296649,0.000408264750149,-0.000437476905063,0.000520762696397,-0.00060429534642,0.000472958461614,-0.000381127581932,0.00047015590826],[-0.000280141597614,0.00278972042724,-0.0000450346342404,0.00135195848998,-0.00222319085151,0.00218169041909,-0.00170276535209,0.00175600626972,-0.00245458586141,0.00274339108728,-0.00341779529117,0.00251107872464,-0.00193702930119],[0.000310690025799,-0.0000450346342404,0.00183617742732,-0.000547151023056,-0.000391652283724,-0.000704908277839,0.000411822780734,-0.000746737641748,0.000130900225486,-0.00112831534352,0.000925293483306,-0.0012135138968,0.00138820789289],[-0.000160740310093,0.00135195848998,-0.000547151023056,0.00385211734101,-0.00139012583531,0.00100003404077,0.0000386449501093,0.00164781871717,-0.00192938791588,0.00212999619544,-0.00261240382679,0.000890618248377,-0.00203594891354],[0.000478482281324,-0.00222319085151,-0.000391652283724,-0.00139012583531,0.00561613729224,-0.000719263392966,-0.000336164783221,-0.000752085121349,0.00290195504203,-0.00345432013273,0.00319070811383,-0.00222900789231,0.000524548173416],[-0.000400535296649,0.00218169041909,-0.000704908277839,0.00100003404077,-0.000719263392966,0.00559943635017,-0.00248217536137,0.00135270226747,-0.0027093924582,0.00224568229169,-0.00260388222523,0.00238619628362,-0.00182542647235],[0.000408264750149,-0.00170276535209,0.000411822780734,0.0000386449501093,-0.000336164783221,-0.00248217536137,0.00765471765772,-0.00331506808288,0.00103862339165,-0.000443945173174,-0.000117385374324,-0.000737018825021,0.0017227845965],[-0.000437476905063,0.00175600626972,-0.000746737641748,0.00164781871717,-0.000752085121349,0.00135270226747,-0.00331506808288,0.0125449281186,-0.00446162186563,-0.000188592865015,0.000599165214226,0.000383379374398,-0.00107697630301],[0.000520762696397,-0.00245458586141,0.000130900225486,-0.00192938791588,0.00290195504203,-0.0027093924582,0.00103862339165,-0.00446162186563,0.0102425031364,-0.00343528809026,0.00121494487394,0.000765392789617,0.000300504965708],[-0.00060429534642,0.00274339108728,-0.00112831534352,0.00212999619544,-0.00345432013273,0.00224568229169,-0.000443945173174,-0.000188592865015,-0.00343528809026,0.015597557649,-0.00542106665671,0.000742095988244,0.000936255732086],[0.000472958461614,-0.00341779529117,0.000925293483306,-0.00261240382679,0.00319070811383,-0.00260388222523,-0.000117385374324,0.000599165214226,0.00121494487394,-0.00542106665671,0.0145658124238,-0.00444914307445,0.00208691647276],[-0.000381127581932,0.00251107872464,-0.0012135138968,0.000890618248377,-0.00222900789231,0.00238619628362,-0.000737018825021,0.000383379374398,0.000765392789617,0.000742095988244,-0.00444914307445,0.0150876482949,-0.00442994618788],[0.00047015590826,-0.00193702930119,0.00138820789289,-0.00203594891354,0.000524548173416,-0.00182542647235,0.0017227845965,-0.00107697630301,0.000300504965708,0.000936255732086,0.00208691647276,-0.00442994618788,0.0148596698418]],"mean":[-58.4465484619,122.192176819,-95.8947677612,24.4558372498,-50.8179893494,13.1604156494,-38.0309867859,1.64933240414,-20.9010066986,1.83353161812,-14.7360553741,-4.79224634171,-8.90792751312]},"hfc":{"dmean":4.30189943314,"dmean2":6.26869344711,"dvar":69.0146408081,"dvar2":142.332901001,"max":168.307617188,"mean":14.4598531723,"median":7.9141201973,"min":1.16286360767e-16,"var":312.122680664},"melbands":{"dmean":[0.000370376917999,0.000741016061511,0.000355155818397,0.000412646535551,0.000235271858401,0.000184926699148,0.00016257216339,0.000142437798786,0.000198948560865,0.000153122702613,0.0000630427530268,0.0000614636446699,0.0000343205138051,0.0000298784470942,0.0000272205252259,0.000022495212761,0.0000161632760864,0.0000285873738903,0.0000139238918564,0.00000968287986325,0.00000803358761914,0.00000316917021337,0.00000246373610935,0.0000014654028746,0.00000113466637686,0.00000136898984238,0.00000109628444989,0.00000130426576561,9.66856759987e-7,4.46887895578e-7,5.86347653098e-7,7.90339186096e-7,7.71558120505e-7,8.26286168376e-7,9.99830604087e-7,9.78240109362e-7,8.19156468879e-7,6.856988648e-7,4.82525990719e-7,3.4002061966e-7],"dmean2":[0.00064474134706,0.00118392985314,0.000577556842472,0.000673528178595,0.000347011897247,0.000284853973426,0.000239529341343,0.000196918917936,0.000286569382297,0.000207172561204,0.0000871534939506,0.0000914826086955,0.0000497781184094,0.0000441783704446,0.0000403955018555,0.0000338224053849,0.0000248902288149,0.0000450011721114,0.0000216918160731,0.0000151701515279,0.0000139391531775,0.00000505217485625,0.00000402777732234,0.00000230757746067,0.00000177371487098,0.00000207792595575,0.00000171975852936,0.00000206577033168,0.00000151575807195,6.95747701229e-7,9.17342106277e-7,0.00000125933888739,0.00000118459854548,0.00000125377403037,0.00000150502512497,0.00000142204248732,0.00000120357276501,9.74850877355e-7,7.40129962651e-7,5.28577515979e-7],"dvar":[0.00000124107168631,0.00000307924096887,5.78946753649e-7,0.00000116941100714,3.18924691101e-7,2.26666088565e-7,2.54605453165e-7,2.19602668494e-7,7.42714291846e-7,3.19111649105e-7,8.05620459232e-8,4.88513727248e-8,1.36004283391e-8,2.69092907956e-8,8.58649062963e-9,6.84091761016e-9,3.20237458773e-9,1.11760192212e-8,2.30779262367e-9,1.34668409757e-9,2.45883979844e-9,1.77459866246e-10,1.07813133421e-10,5.20809888271e-11,2.20310714116e-11,6.78036377044e-11,3.19267390303e-11,1.37617459095e-10,2.66076223554e-11,2.48896346242e-12,1.09051153524e-11,1.05163334638e-11,1.31890071781e-11,2.07683367032e-11,2.54529678584e-11,4.15855752611e-11,2.60915213046e-11,1.89626370162e-11,5.95111893792e-12,2.56679616797e-12],"dvar2":[0.00000357203703061,0.00000849748084875,0.00000145800538576,0.00000310674704451,7.32305409201e-7,6.0403237967e-7,5.58238014037e-7,4.58971271655e-7,0.00000166605639151,5.79103186737e-7,1.77311534344e-7,1.17748740536e-7,2.80256777785e-8,6.13224528934e-8,1.70985181569e-8,1.49046410769e-8,6.7652328184e-9,2.75700138275e-8,5.37169198012e-9,3.11789549734e-9,6.97628266266e-9,4.17742923586e-10,2.87092710716e-10,1.13710513228e-10,4.97617988482e-11,1.51150869598e-10,7.71647953868e-11,3.76517539369e-10,6.52643772359e-11,5.77514945588e-12,2.44350564088e-11,2.15187485886e-11,2.69844615403e-11,4.46170426993e-11,4.88265018694e-11,8.18203074737e-11,5.35137247015e-11,3.73744576954e-11,1.20470430506e-11,5.44209772732e-12],"max":[0.0311267022043,0.0316769629717,0.0151178855449,0.0333189368248,0.016235653311,0.0110019035637,0.0152529645711,0.0120058879256,0.0338265635073,0.0202894769609,0.0117131350562,0.00623808894306,0.0027003842406,0.00920370779932,0.00409241672605,0.00350539945066,0.00179907807615,0.00337407574989,0.00142220419366,0.00148238730617,0.00106832140591,0.000547062314581,0.000270536431344,0.000492003979161,0.00016969886201,0.000298927538097,0.000229538636631,0.000771924096625,0.000241830275627,0.0000522091941093,0.000166620098753,0.00013763413881,0.000147627739352,0.000152744760271,0.000217726526898,0.000245315080974,0.000199436122784,0.00016276781389,0.000110212778964,0.0000824024900794],"mean":[0.000954763032496,0.00234574009664,0.000762551848311,0.000804285868071,0.000596663856413,0.00044042893569,0.000401591678383,0.000342542829458,0.000397897267248,0.000334163516527,0.000131757056806,0.000129729989567,0.0000770438782638,0.0000618658523308,0.0000555901206098,0.0000442149575974,0.0000338683566952,0.0000472551837447,0.0000245972369157,0.0000159521496244,0.00000992518471321,0.00000569233270653,0.00000428937255492,0.00000308114067593,0.00000219536400436,0.00000232020033764,0.00000193860137188,0.00000219186313188,0.00000165891913184,8.12270457118e-7,8.99023234524e-7,0.00000118867410492,0.00000130023147449,0.00000139925350595,0.00000175322725227,0.0000018006008986,0.00000143984800616,0.00000114180204491,7.0639543992e-7,4.74111857329e-7],"median":[0.000362167600542,0.00111098343041,0.000406226725318,0.000306396774249,0.000237651562202,0.000158192968229,0.000100932273199,0.0000334886826749,0.0000530704419361,0.0000205730866583,0.00000964352329902,0.0000197749523068,0.00000720478783478,0.00000966100924416,0.0000124446687551,0.00000762267700338,0.0000036427447867,0.00000485090549773,0.00000534996388524,0.00000426961196354,0.00000297116594083,0.00000154060171553,0.00000125001270135,9.98986706691e-7,8.26454026992e-7,7.1123406542e-7,6.46961780149e-7,6.44050942356e-7,4.7219350563e-7,2.88096146051e-7,2.27264706609e-7,2.17334516606e-7,1.91012674122e-7,1.53978334083e-7,1.26475242723e-7,1.02421104486e-7,8.57528874576e-8,7.28858182697e-8,5.89753064162e-8,4.61809079866e-8],"min":[5.15861586688e-24,2.56120653389e-24,2.79474229678e-24,1.42607166334e-23,2.40379833327e-23,1.24229389369e-23,1.18040586241e-23,1.85964697179e-23,8.43680742791e-24,8.90568505073e-24,1.24225673834e-23,1.31322660968e-23,6.21708418596e-24,1.8561158726e-23,9.90253386678e-24,9.06322688439e-24,1.09178215176e-23,1.01703836985e-23,4.68471832769e-24,3.5198831596e-24,7.88255454476e-24,1.14296234289e-23,1.36732882049e-23,1.06716148737e-23,5.37259754287e-24,5.20303504673e-24,6.71796076811e-24,2.00069277729e-23,1.29886594911e-23,1.13876189523e-23,6.67518636324e-24,8.20636616914e-24,9.76572093112e-24,5.46717920439e-24,7.43806771227e-24,9.53378714752e-24,8.61664799278e-24,1.2061636698e-23,9.23685516963e-24,9.92783736917e-24],"var":[0.00000288915862257,0.0000119427659229,0.00000120574804896,0.0000021552968974,0.00000118899424706,5.97006703629e-7,8.80475454323e-7,8.40494408294e-7,0.00000157971555836,0.00000106650793441,2.23821302825e-7,1.38746287348e-7,5.25457970468e-8,6.34311732028e-8,2.63484292162e-8,1.64568731975e-8,1.39581075587e-8,2.08483985631e-8,4.48890880023e-9,2.43556730339e-9,1.91889681922e-9,3.9465733459e-10,1.62417107541e-10,1.3143193478e-10,4.29492483245e-11,1.07251256487e-10,4.40765653142e-11,1.1052208454e-10,3.86056846213e-11,4.51217231981e-12,1.64740270037e-11,2.39599104446e-11,3.28234314728e-11,5.13826134418e-11,8.12595060684e-11,1.22376303535e-10,7.58305709891e-11,5.42073573528e-11,1.5275268897e-11,5.9301188092e-12]},"melbands_crest":{"dmean":2.38168382645,"dmean2":3.76019835472,"dvar":5.70647001266,"dvar2":14.357129097,"max":37.68724823,"mean":15.9622354507,"median":15.2309045792,"min":2.40479588509,"var":28.7488937378},"melbands_flatness_db":{"dmean":0.021926946938,"dmean2":0.0322916433215,"dvar":0.000556764251087,"dvar2":0.00117707659956,"max":0.779376983643,"mean":0.277847886086,"median":0.260867834091,"min":0.00803674105555,"var":0.0105230966583},"melbands_kurtosis":{"dmean":7.25360918045,"dmean2":11.2900238037,"dvar":234.197921753,"dvar2":577.872558594,"max":685.098632812,"mean":20.4321346283,"median":11.7130889893,"min":-1.93382573128,"var":1010.39465332},"melbands_skewness":{"dmean":0.601230978966,"dmean2":0.907459616661,"dvar":0.537746906281,"dvar2":1.19936847687,"max":22.1569290161,"mean":2.91101193428,"median":2.66517829895,"min":-1.9495267868,"var":3.9255926609},"melbands_spread":{"dmean":3.76044893265,"dmean2":5.57496976852,"dvar":87.6662521362,"dvar2":137.451156616,"max":264.06741333,"mean":14.0853004456,"median":9.98704528809,"min":0.300416201353,"var":416.153381348},"mfcc":{"cov":[[9653.19726562,-423.157867432,-544.957519531,-1095.94714355,-832.141845703,-278.507751465,-461.198455811,-95.7180938721,-265.844726562,219.02432251,-68.2462539673,-108.838348389,-113.630844116],[-423.157867432,1629.22009277,-428.143371582,155.384140015,7.35806655884,-95.7340698242,107.802482605,-32.2610359192,-13.4647293091,-39.8823204041,57.007774353,8.2518825531,4.79489898682],[-544.957519531,-428.143371582,704.691223145,55.6071395874,142.03465271,109.728858948,-2.42791557312,48.7497138977,31.3393802643,51.3421821594,20.5220241547,36.9807434082,34.0001716614],[-1095.94714355,155.384140015,55.6071395874,509.827484131,187.410766602,7.78607702255,56.5765457153,-34.8256530762,22.6082515717,-112.981002808,-24.8016433716,42.467376709,53.7502555847],[-832.141845703,7.35806655884,142.03465271,187.410766602,285.115570068,67.1765823364,39.5569877625,-12.3342847824,39.6676254272,-44.950428009,-4.41840314865,12.3212127686,24.0547943115],[-278.507751465,-95.7340698242,109.728858948,7.78607702255,67.1765823364,180.788589478,60.9752998352,36.9079208374,15.268201828,16.9567298889,17.888835907,12.120882988,2.53282880783],[-461.198455811,107.802482605,-2.42791557312,56.5765457153,39.5569877625,60.9752998352,194.206466675,34.1214561462,14.757183075,-14.8195524216,24.2119255066,-2.80918550491,8.13931560516],[-95.7180938721,-32.2610359192,48.7497138977,-34.8256530762,-12.3342847824,36.9079208374,34.1214561462,132.782318115,36.9934654236,38.0993995667,18.9916534424,7.37419891357,6.0445318222],[-265.844726562,-13.4647293091,31.3393802643,22.6082515717,39.6676254272,15.268201828,14.757183075,36.9934654236,126.589752197,30.4114837646,3.66792106628,-1.07703590393,10.4384737015],[219.02432251,-39.8823204041,51.3421821594,-112.981002808,-44.950428009,16.9567298889,-14.8195524216,38.0993995667,30.4114837646,175.853210449,51.4447402954,-7.56868171692,-17.4857788086],[-68.2462539673,57.007774353,20.5220241547,-24.8016433716,-4.41840314865,17.888835907,24.2119255066,18.9916534424,3.66792106628,51.4447402954,120.345603943,17.107585907,-9.57530403137],[-108.838348389,8.2518825531,36.9807434082,42.467376709,12.3212127686,12.120882988,-2.80918550491,7.37419891357,-1.07703590393,-7.56868171692,17.107585907,103.759185791,33.4362831116],[-113.630844116,4.79489898682,34.0001716614,53.7502555847,24.0547943115,2.53282880783,8.13931560516,6.0445318222,10.4384737015,-17.4857788086,-9.57530403137,33.4362831116,86.2779846191]],"icov":[[0.000178177520866,0.0000251330293395,0.0000708316802047,0.000231464320677,0.000261515175225,0.000020621713702,0.000238761407672,0.0000834397869767,0.000208356417716,-0.0000906536151888,0.0000893013275345,0.0000420435899287,-0.0000906952554942],[0.0000251330293395,0.000849960604683,0.000545282498933,-0.000210015219636,-0.000163358999998,0.000416472059442,-0.000412202381995,0.0000231809735851,0.000146510807099,-0.000164004042745,-0.000440282019554,-0.000101091638498,-0.0000882503882167],[0.0000708316802047,0.000545282498933,0.00219999998808,-0.0000950629255385,-0.000898620986845,-0.000510745798238,0.000306044734316,-0.00046649487922,0.000363541214028,-0.000788869219832,-0.000229470271734,-0.00033741563675,-0.000573984638322],[0.000231464320677,-0.000210015219636,-0.0000950629255385,0.00354517577216,-0.0013311727671,0.000548418203834,-0.000283136352664,0.000611699186265,-0.000178271802724,0.00123139575589,0.000327175133862,-0.000790009915363,-0.000902127358131],[0.000261515175225,-0.000163358999998,-0.000898620986845,-0.0013311727671,0.00634612748399,-0.00180915871169,0.000346711225575,0.00125154445414,-0.00136638234835,0.000872325676028,-0.000105720260763,0.000671450397931,-0.000229522556765],[0.000020621713702,0.000416472059442,-0.000510745798238,0.000548418203834,-0.00180915871169,0.00786611810327,-0.00234027858824,-0.00121504114941,0.000451767496997,-0.000604324392043,-0.000129108375404,-0.000953196606133,0.000620951352175],[0.000238761407672,-0.000412202381995,0.000306044734316,-0.000283136352664,0.000346711225575,-0.00234027858824,0.00722036836669,-0.0014285139041,0.0000655215044389,0.000923169660382,-0.00128613912966,0.00132230424788,-0.000691905501299],[0.0000834397869767,0.0000231809735851,-0.00046649487922,0.000611699186265,0.00125154445414,-0.00121504114941,-0.0014285139041,0.00981682259589,-0.00247599487193,-0.000960643345024,-0.000276869744994,-0.000580220716074,-0.000655899697449],[0.000208356417716,0.000146510807099,0.000363541214028,-0.000178271802724,-0.00136638234835,0.000451767496997,0.0000655215044389,-0.00247599487193,0.0100137228146,-0.00232292152941,0.000729018298443,0.000594263663515,-0.0010626562871],[-0.0000906536151888,-0.000164004042745,-0.000788869219832,0.00123139575589,0.000872325676028,-0.000604324392043,0.000923169660382,-0.000960643345024,-0.00232292152941,0.00879124179482,-0.00323629798368,0.000707081402652,0.000617743353359],[0.0000893013275345,-0.000440282019554,-0.000229470271734,0.000327175133862,-0.000105720260763,-0.000129108375404,-0.00128613912966,-0.000276869744994,0.000729018298443,-0.00323629798368,0.010829269886,-0.00244285305962,0.00160714401864],[0.0000420435899287,-0.000101091638498,-0.00033741563675,-0.000790009915363,0.000671450397931,-0.000953196606133,0.00132230424788,-0.000580220716074,0.000594263663515,0.000707081402652,-0.00244285305962,0.0121404286474,-0.00446181511506],[-0.0000906952554942,-0.0000882503882167,-0.000573984638322,-0.000902127358131,-0.000229522556765,0.000620951352175,-0.000691905501299,-0.000655899697449,-0.0010626562871,0.000617743353359,0.00160714401864,-0.00446181511506,0.014582362026]],"mean":[-703.782592773,151.814727783,14.2365875244,20.5193099976,10.2707443237,9.88102912903,-1.30066382885,-1.41608059406,-1.14184975624,2.83536338806,-2.75589084625,0.0514440760016,1.67213666439]},"pitch_salience":{"dmean":0.0563089102507,"dmean2":0.0910722017288,"dvar":0.00287404004484,"dvar2":0.00747926067561,"max":0.847398459911,"mean":0.498144030571,"median":0.507698833942,"min":0.0716468095779,"var":0.0136892609298},"silence_rate_20dB":{"dmean":0,"dmean2":0,"dvar":0,"dvar2":0,"max":1,"mean":1,"median":1,"min":1,"var":0},"silence_rate_30dB":{"dmean":0.00752587011084,"dmean2":0.0150533141568,"dvar":0.00746930623427,"dvar2":0.0185910090804,"max":1,"mean":0.991429746151,"median":1,"min":0,"var":0.00849670544267},"silence_rate_60dB":{"dmean":0.0242500267923,"dmean2":0.0485051237047,"dvar":0.0236665420234,"dvar2":0.0528400540352,"max":1,"mean":0.0938545167446,"median":0,"min":0,"var":0.0850376114249},"spectral_centroid":{"dmean":132.137176514,"dmean2":195.968551636,"dvar":64055.5507812,"dvar2":103802.4375,"max":11369.9726562,"mean":757.824584961,"median":640.765258789,"min":89.6757965088,"var":296071.0625},"spectral_complexity":{"dmean":1.59590256214,"dmean2":2.57328033447,"dvar":3.16151881218,"dvar2":7.01887321472,"max":43,"mean":11.4022789001,"median":11,"min":0,"var":32.8514785767},"spectral_contrast_coeffs":{"dmean":[0.0421862863004,0.0372975021601,0.0305261947215,0.0279271379113,0.0219660047442,0.0182232521474],"dmean2":[0.0705717206001,0.0597308389843,0.0466040484607,0.0442760400474,0.0340250730515,0.0266881920397],"dvar":[0.00123629602604,0.00114237936214,0.000768287456594,0.00062650849577,0.000411145534599,0.000299982872093],"dvar2":[0.00340597843751,0.00279337633401,0.00168046029285,0.00143565610051,0.000914603704587,0.000582585169468],"max":[-0.258602589369,-0.260081022978,-0.405344992876,-0.500925838947,-0.563277542591,-0.510183632374],"mean":[-0.622476518154,-0.675509750843,-0.711959302425,-0.725970029831,-0.767811536789,-0.784956157207],"median":[-0.627965867519,-0.679762363434,-0.721528291702,-0.72766238451,-0.768875300884,-0.786183476448],"min":[-0.973099470139,-0.971844732761,-0.966209232807,-0.960350513458,-0.964308142662,-0.960021018982],"var":[0.00570314005017,0.00579562177882,0.00627758726478,0.00454858085141,0.00266042677686,0.00197931309231]},"spectral_contrast_valleys":{"dmean":[0.353580206633,0.278986215591,0.259183526039,0.244454070926,0.269345194101,0.396237313747],"dmean2":[0.590750098228,0.44720941782,0.405900210142,0.384611397982,0.386354416609,0.521075904369],"dvar":[0.104427568614,0.0757304653525,0.0681472197175,0.0691250190139,0.106174960732,0.244719862938],"dvar2":[0.245462119579,0.158926084638,0.136656776071,0.136346936226,0.196234196424,0.423081278801],"max":[-5.06974458694,-4.6661529541,-5.28053331375,-6.28574752808,-5.99960660934,-7.37304735184],"mean":[-7.37022256851,-7.25584459305,-8.30271148682,-8.80164432526,-8.95934486389,-11.1491394043],"median":[-7.24942684174,-7.10949277878,-8.16492080688,-8.62869358063,-8.73451042175,-10.8678750992],"min":[-26.8388900757,-26.997051239,-27.5544681549,-27.2577133179,-27.0895290375,-27.2700500488],"var":[1.01040148735,1.55087554455,1.76294970512,1.57719552517,1.62062549591,2.20732331276]},"spectral_decrease":{"dmean":1.63089253213e-9,"dmean2":2.51180432009e-9,"dvar":7.98382898553e-18,"dvar2":1.84264854291e-17,"max":7.80513082248e-29,"mean":-6.60308607792e-9,"median":-4.81579576217e-9,"min":-4.89340621357e-8,"var":3.69479345013e-17},"spectral_energy":{"dmean":0.00643477542326,"dmean2":0.00989431701601,"dvar":0.000121910532471,"dvar2":0.000279991916614,"max":0.187264591455,"mean":0.0262331198901,"median":0.0194153562188,"min":1.02529351965e-20,"var":0.000572058837861},"spectral_energyband_high":{"dmean":0.000216207627091,"dmean2":0.000310907198582,"dvar":5.89358364778e-7,"dvar2":0.00000101573903066,"max":0.0208208542317,"mean":0.000419373303885,"median":0.0000824589951662,"min":7.43175897704e-21,"var":0.0000024268335892},"spectral_energyband_low":{"dmean":0.00289490097202,"dmean2":0.00475146248937,"dvar":0.0000475294873468,"dvar2":0.000131474473164,"max":0.150036409497,"mean":0.00914667360485,"median":0.00479649147019,"min":2.20989774272e-23,"var":0.000151646672748},"spectral_energyband_middle_high":{"dmean":0.00119795079809,"dmean2":0.00176361599006,"dvar":0.00000802094018582,"dvar2":0.0000181547220564,"max":0.0643575340509,"mean":0.00369219318964,"median":0.00101484591141,"min":1.31402618332e-21,"var":0.0000390187233279},"spectral_energyband_middle_low":{"dmean":0.00433696899563,"dmean2":0.00648766197264,"dvar":0.0000678874275764,"dvar2":0.000154641704285,"max":0.171071723104,"mean":0.0137843731791,"median":0.00769605860114,"min":3.97094682012e-22,"var":0.000249413307756},"spectral_entropy":{"dmean":0.194971010089,"dmean2":0.2739777565,"dvar":0.0478203445673,"dvar2":0.0949612185359,"max":9.8132352829,"mean":6.92330312729,"median":6.95057201385,"min":4.01041078568,"var":0.402975738049},"spectral_flux":{"dmean":0.0177240725607,"dmean2":0.0279321409762,"dvar":0.000616778037511,"dvar2":0.0014274653513,"max":0.352263689041,"mean":0.0555673614144,"median":0.0475607067347,"min":1.01256780738e-10,"var":0.00171677663457},"spectral_kurtosis":{"dmean":3.07530117035,"dmean2":5.0013833046,"dvar":18.8336029053,"dvar2":52.7678337097,"max":148.858963013,"mean":9.66264724731,"median":6.94980478287,"min":-1.39599764347,"var":177.630981445},"spectral_rms":{"dmean":0.000565506168641,"dmean2":0.000855879741721,"dvar":6.07967706401e-7,"dvar2":0.00000130348394123,"max":0.0135165508837,"mean":0.00452892668545,"median":0.00435221893713,"min":3.16273049417e-12,"var":0.00000508213361172},"spectral_rolloff":{"dmean":302.431762695,"dmean2":537.227966309,"dvar":1375316,"dvar2":3647819.5,"max":19272.2167969,"mean":876.372314453,"median":538.330078125,"min":21.533203125,"var":2041411.625},"spectral_skewness":{"dmean":0.311114937067,"dmean2":0.485897153616,"dvar":0.106904022396,"dvar2":0.27495521307,"max":10.5460577011,"mean":2.2804005146,"median":2.16690087318,"min":-0.393692165613,"var":1.16426336765},"spectral_spread":{"dmean":769090.5,"dmean2":1044850.9375,"dvar":1194811850750,"dvar2":2194211471360,"max":41283388,"mean":4377485.5,"median":3815739.5,"min":645395.375,"var":4733593452540},"spectral_strongpeak":{"dmean":0.419496268034,"dmean2":0.692251205444,"dvar":0.86524271965,"dvar2":2.21125388145,"max":18.8964195251,"mean":1.01973664761,"median":0.455314844847,"min":0,"var":1.90156662464},"zerocrossingrate":{"dmean":0.00825898069888,"dmean2":0.0097902789712,"dvar":0.000202865485335,"dvar2":0.00022338697454,"max":0.521484375,"mean":0.0396722406149,"median":0.03173828125,"min":0,"var":0.00142319232691}},"metadata":{"audio_properties":{"analysis_sample_rate":44100,"bit_rate":0,"codec":"flac","downmix":"mix","equal_loudness":0,"length":222.133331299,"lossless":true,"md5_encoded":"600f897c4d75c8b633d1dc5be5b1feea","replay_gain":-12.425113678},"tags":{"album":["Long Road Out of Eden"],"album artist":["Eagles"],"albumartist":["Eagles"],"albumartist_credit":["Eagles"],"albumartistsort":["Eagles"],"artist":["Eagles"],"artist_credit":["Eagles"],"artistsort":["Eagles"],"asin":["B000VXUWCC"],"barcode":["602517494060"],"bpm":["0"],"catalognumber":["1749406"],"compilation":["0"],"date":["2007-10-29"],"disc":["2"],"discc":["2"],"discnumber":["2"],"disctotal":["2"],"file_name":"02-08. Center of the Universe.flac","genre":["Classic Rock"],"label":["Universal Music UK"],"language":["eng"],"media":["CD"],"musicbrainz_albumartistid":["f46bd570-5768-462e-b84c-c7c993bbf47e"],"musicbrainz_albumid":["b5efcd56-76e7-4be8-b0c0-12c3d00b42ed"],"musicbrainz_albumstatus":["Official"],"musicbrainz_albumtype":["album"],"musicbrainz_artistid":["f46bd570-5768-462e-b84c-c7c993bbf47e"],"musicbrainz_recordingid":["398bdebb-14be-4d2b-8aed-c40f9b5de6f1"],"musicbrainz_releasegroupid":["82e10fc2-3863-39d8-b91e-8f59f0cb7a03"],"originaldate":["2007-10-29"],"publisher":["Universal Music UK"],"releasecountry":["GB"],"releasestatus":["official"],"releasetype":["album"],"replaygain_album_gain":["-7.49 dB"],"replaygain_album_peak":["1.000000"],"replaygain_reference_loudness":["89.0 dB"],"replaygain_track_gain":["-7.05 dB"],"replaygain_track_peak":["0.988556"],"script":["Latn"],"title":["Center of the Universe"],"totaldiscs":["2"],"totaltracks":["10"],"track":["8"],"trackc":["10"],"tracknumber":["8"],"tracktotal":["10"],"year":["2007"]},"version":{"essentia":"2.1-beta1","essentia_build_sha":"12879b851c9f4b0d899e