{"lowlevel":{"average_loudness":0.93849080801,"barkbands":{"dmean":[0.00503911497071,0.0144820967689,0.00378796667792,0.00197288161144,0.00222615734674,0.00137000682298,0.00114363362081,0.000680300465319,0.000366301741451,0.000355024996679,0.00032697111601,0.000502170645632,0.000334194803145,0.000341812876286,0.000311116426019,0.000303074659314,0.000224925708608,0.000221202717512,0.000153730623424,0.00026029793662,0.00022286271269,0.0000902743267943,0.0000753198182792,0.0000211502683669,0.00000287080024464,0.0000425131038355,0.000300936662825],"dmean2":[0.00855404883623,0.0235763546079,0.00656127231196,0.00335504184477,0.00382120534778,0.0021958600264,0.0018205557717,0.00108750863001,0.000600721454248,0.000585923262406,0.000538363528904,0.00082724483218,0.000553549500182,0.000572894699872,0.000516999862157,0.000514513929375,0.000380405923352,0.000370473717339,0.000246183830313,0.000397176656406,0.000326601555571,0.00013704567391,0.000114102251246,0.0000334744981956,0.00000479820300825,0.0000640175203444,0.000444922945462],"dvar":[0.0000764972937759,0.000706070859451,0.0000513530721946,0.0000144355799421,0.0000244749535341,0.0000085700321506,0.0000103182956082,0.00000360306626135,5.53281381599e-7,6.62429329168e-7,5.21591573488e-7,0.000001194829224,4.33847105796e-7,2.42123945782e-7,2.38010400722e-7,2.07876695413e-7,1.14267599827e-7,1.51047018448e-7,9.26051129113e-8,4.11068327821e-7,5.52363928819e-7,4.41033520815e-8,2.28088676835e-8,2.12164663616e-9,2.26659992858e-11,7.05522218425e-9,2.00529868266e-7],"dvar2":[0.000213879451621,0.00176138815004,0.000142740202136,0.0000375777781301,0.000066373278969,0.000020373836378,0.0000244175444095,0.00000849120806379,0.00000136068013035,0.00000174631929895,0.00000127794612581,0.0000028890970043,0.00000107110759018,6.46155399409e-7,6.45603449811e-7,5.63139451515e-7,3.10087017397e-7,4.06856514701e-7,2.03690902367e-7,9.01041630641e-7,0.00000114780266358,9.45064329017e-8,5.18799332383e-8,5.18737364175e-9,5.80040807052e-11,1.60646358438e-8,3.97386543227e-7],"max":[0.104828566313,0.368212044239,0.10834518075,0.0598621144891,0.0730510950089,0.095334276557,0.0849555954337,0.0441307164729,0.0161536931992,0.0217029713094,0.0216296296567,0.0316606909037,0.0205586366355,0.00665182527155,0.00970217399299,0.0079731149599,0.00554035278037,0.00657279370353,0.0118439719081,0.018567185849,0.0172886960208,0.00480886083096,0.00307139521465,0.00100179994479,0.0000860437430674,0.00198691873811,0.00636331457645],"mean":[0.006858704146,0.0204470213503,0.00420296844095,0.00219073519111,0.00237359339371,0.00181430310477,0.00173920858651,0.000887405360118,0.00054467911832,0.000521439185832,0.000460034876596,0.000844107184093,0.000545349903405,0.000592147931457,0.000619815604296,0.000539669184946,0.000440984556917,0.000418620271375,0.000297993858112,0.000479236419778,0.00038511591265,0.000156042748131,0.000115192742669,0.0000275011152553,0.00000288819637717,0.0000684923725203,0.00106164184399],"median":[0.00354308844544,0.0126662068069,0.00209970120341,0.000869314768352,0.000922756793443,0.000770349055529,0.000333018921083,0.000213809529669,0.00027415054501,0.000235548941419,0.000222297283472,0.000445057288744,0.000317237369018,0.000399491400458,0.000331727729645,0.000345784967067,0.000307499663904,0.000242074078415,0.000163618780789,0.000207146717003,0.000128077736008,0.0000760633629397,0.0000510381287313,0.0000107912655949,0.0000012310973716,0.000032079693483,0.000852501718327],"min":[3.0319493525e-15,6.46816931951e-15,5.92235229973e-15,6.08139078239e-15,8.46383865907e-15,7.68629248316e-16,6.67531525017e-16,5.98381449269e-16,6.49190275918e-15,1.80307988185e-15,2.28149531365e-15,2.85953579609e-15,2.88916119693e-15,4.66297937271e-16,1.65967550982e-15,2.52853607261e-15,3.06350302385e-15,2.08353100838e-15,5.35597186109e-15,1.88733458793e-14,2.83785535253e-15,2.48731394368e-14,2.90276463077e-14,1.98743961826e-13,4.7062244916e-14,3.28348432428e-13,7.6752440395e-14],"var":[0.0000958784294198,0.000847960647661,0.0000454688051832,0.0000157488611876,0.0000213140428968,0.0000117331846923,0.0000215963500523,0.00000603585795034,8.79461822478e-7,0.00000106495258478,7.58853730076e-7,0.0000023481916287,7.17226782854e-7,4.47185158237e-7,6.28059808605e-7,3.88996141965e-7,2.179956482e-7,2.71733028967e-7,1.93584384078e-7,8.98546943517e-7,0.00000109785423774,8.08848312772e-8,3.20594040204e-8,2.37542097103e-9,2.30759820974e-11,1.00930321878e-8,0.00000100892088994]},"barkbands_crest":{"dmean":3.23567938805,"dmean2":5.27938318253,"dvar":7.58156204224,"dvar2":19.0130062103,"max":25.8343009949,"mean":11.6090345383,"median":11.1143188477,"min":2.14427876472,"var":21.5901203156},"barkbands_flatness_db":{"dmean":0.0293300636113,"dmean2":0.0465156137943,"dvar":0.000746679026634,"dvar2":0.00178666517604,"max":0.476326495409,"mean":0.135773748159,"median":0.123681940138,"min":0.0265343431383,"var":0.00387007021345},"barkbands_kurtosis":{"dmean":9.27217769623,"dmean2":14.8830842972,"dvar":585.381347656,"dvar2":1443.35412598,"max":620.78326416,"mean":14.7216911316,"median":4.70403671265,"min":-1.95416426659,"var":1222.94824219},"barkbands_skewness":{"dmean":0.898423314095,"dmean2":1.40745127201,"dvar":1.04990673065,"dvar2":2.58033919334,"max":19.1611309052,"mean":2.66113376617,"median":2.15501451492,"min":-6.8586769104,"var":4.66066360474},"barkbands_spread":{"dmean":9.39285182953,"dmean2":14.9278087616,"dvar":105.157394409,"dvar2":253.715255737,"max":136.027267456,"mean":30.8457107544,"median":28.0809650421,"min":0.250981837511,"var":423.093322754},"dissonance":{"dmean":0.013211382553,"dmean2":0.02200104855,"dvar":0.000238678476308,"dvar2":0.000630876456853,"max":0.500000119209,"mean":0.478340566158,"median":0.484984427691,"min":0.286759823561,"var":0.000491865561344},"dynamic_complexity":3.54870653152,"erbbands":{"dmean":[0.724148511887,2.29978823662,4.20537376404,5.39462709427,7.34212303162,7.28555965424,7.61322975159,12.2977638245,13.105219841,19.8641719818,12.6269721985,8.11905765533,8.10490036011,13.4733600616,13.6489524841,18.9252967834,14.3857221603,15.7684307098,14.8252086639,16.4855861664,15.4024705887,12.3908252716,12.2672452927,8.17230319977,9.05835151672,11.8207540512,11.0172567368,6.97026443481,3.43678951263,3.00563836098,1.67890739441,0.721397101879,0.212699845433,0.0404831692576,0.0199824105948,0.0392062216997,0.0877435430884,0.0746700689197,0.031440526247,0.00621140608564],"dmean2":[1.1857688427,3.82664585114,7.23484039307,9.12866401672,12.5189313889,12.7115907669,12.4583883286,19.8418560028,20.9535636902,30.5591049194,20.3697452545,13.3038778305,13.4475460052,22.0552883148,22.4483337402,31.0487556458,23.5327949524,26.3964424133,24.3153820038,27.898727417,26.1033706665,20.8974494934,20.5219535828,13.4318065643,14.1165189743,18.0584812164,16.3057575226,10.3591041565,5.18426895142,4.57969474792,2.51474404335,1.11955761909,0.345740020275,0.0665715113282,0.0331889353693,0.0628106668591,0.132297769189,0.109348163009,0.0445890687406,0.0091638751328],"dvar":[1.95191466808,16.5884952545,59.5885810852,99.1560211182,230.937988281,364.440795898,438.814178467,688.863342285,1288.14904785,3921.80761719,1270.30700684,317.049041748,253.348419189,1005.95379639,709.595092773,1687.46765137,828.763000488,616.780090332,475.784545898,695.280090332,555.744018555,367.951690674,431.779449463,273.345581055,326.405029297,913.550598145,1354.81335449,491.174560547,67.2517166138,36.4723472595,12.7773704529,2.42319917679,0.222470507026,0.00415270822123,0.00108867511153,0.00611910782754,0.0333085469902,0.019904371351,0.00484811607748,0.0000861426378833],"dvar2":[4.91976642609,42.4008255005,165.677276611,259.657836914,610.727111816,1011.01611328,963.566345215,1713.9798584,3071.87011719,8578.48730469,3058.48168945,787.318969727,650.290710449,2487.13769531,1711.36303711,4114.34130859,1977.13061523,1631.44592285,1243.18103027,1947.6829834,1507.5723877,996.781860352,1155.06604004,683.844604492,711.014526367,1979.63635254,2827.31835938,1042.10253906,144.082015991,82.6867523193,29.5635089874,5.74315643311,0.557539403439,0.0103382598609,0.00277107139118,0.0146969864145,0.0768885537982,0.0425451882184,0.00949295982718,0.00016814591072],"max":[17.8570308685,55.0701789856,106.496826172,138.552810669,221.179000854,339.76461792,1006.5536499,683.866638184,794.967895508,1412.21582031,1154.70251465,382.55065918,422.522827148,925.501098633,748.64251709,1183.84973145,1065.34228516,702.664978027,428.993927002,635.658935547,421.182403564,327.372619629,343.540222168,425.192504883,555.863098145,751.799377441,888.742797852,460.286560059,218.863082886,105.484672546,86.3312225342,29.641450882,8.65386486053,1.12620162964,0.607430577278,1.27890229225,3.70619702339,2.55324435234,1.5678460598,0.144024908543],"mean":[1.01868903637,2.92664122581,4.86998462677,6.58137750626,8.23676776886,7.02510881424,9.16973114014,16.4438476562,19.2077865601,31.8350753784,17.3557338715,12.3606243134,12.4962949753,20.8004112244,22.6495437622,33.1065483093,25.67436409,28.7787342072,30.8985424042,32.9891319275,29.1801624298,25.5797252655,24.4957733154,16.0097103119,17.867181778,21.8489227295,19.1595954895,11.9682655334,6.013692379,4.86724328995,2.57999038696,1.0035585165,0.249082803726,0.0454150885344,0.0210889615119,0.0490369908512,0.137612327933,0.146996706724,0.0810528248549,0.0255682636052],"median":[0.568249583244,1.66747069359,2.62737441063,3.18805551529,2.96300148964,2.60599184036,3.97462677956,6.61916065216,5.42067575455,4.5375752449,5.64411640167,6.12623071671,6.71331357956,9.62379360199,13.1959056854,18.6115589142,16.0137691498,19.3502426147,20.5530395508,19.437959671,19.8509883881,17.8523159027,14.856388092,9.02164745331,10.0621480942,8.91578769684,5.71279573441,4.66274595261,2.85120677948,2.39077210426,1.24436378479,0.44103115797,0.0844193026423,0.019840605557,0.0096718352288,0.0182058457285,0.0634957328439,0.0814334601164,0.0506824031472,0.020161639899],"min":[2.0500784501e-13,1.43766086275e-12,5.89060137474e-12,1.52215479804e-11,2.62183521421e-11,2.81530597446e-11,1.54028977073e-11,4.62277351815e-12,9.17184210525e-12,6.42897150446e-12,3.46806056095e-11,1.44040460115e-10,1.15006788814e-10,4.50857233492e-11,1.012737047e-10,1.28772187358e-10,1.39823042034e-10,3.9400666757e-11,5.45712225408e-11,1.11934295166e-10,1.32823363419e-10,1.91184637566e-10,1.00825771343e-10,1.65398431062e-10,5.21188314728e-10,9.71239755287e-10,1.79075587692e-10,2.20352083802e-10,7.70202512879e-10,1.31448529839e-9,6.95166924025e-10,2.15233875167e-9,4.0241867616e-9,1.10937437015e-9,2.56033944046e-10,1.7869465907e-9,4.94177976318e-10,9.79650874311e-11,1.01703836325e-11,7.76606101476e-13],"var":[2.40646195412,17.4934406281,53.5332107544,110.149284363,241.497528076,263.757904053,582.472961426,963.591064453,2157.82641602,10719.6083984,1916.88171387,501.586700439,372.474029541,1676.85095215,1214.79431152,3362.21923828,1524.09472656,1137.43054199,1298.05297852,1568.23828125,1040.67895508,734.254089355,865.922058105,466.318511963,706.365600586,2011.71630859,2862.17651367,885.341064453,126.938034058,56.9204711914,16.9053630829,2.83332324028,0.238705337048,0.00482236081734,0.00113243807573,0.00783057603985,0.0451464504004,0.0390416644514,0.0138550819829,0.000537131505553]},"erbbands_crest":{"dmean":2.53534054756,"dmean2":4.13848161697,"dvar":6.69210720062,"dvar2":15.8076639175,"max":30.1464290619,"mean":7.69562244415,"median":6.40170764923,"min":2.23585247993,"var":17.396856308},"erbbands_flatness_db":{"dmean":0.0188961457461,"dmean2":0.0285293180496,"dvar":0.000324911379721,"dvar2":0.000674486102071,"max":0.328253954649,"mean":0.119167387486,"median":0.112402781844,"min":0.037135027349,"var":0.00131676613819},"erbbands_kurtosis":{"dmean":1.15236067772,"dmean2":1.82875835896,"dvar":5.61760854721,"dvar2":11.4701528549,"max":54.2933731079,"mean":0.728826284409,"median":-0.0760207176208,"min":-1.78806507587,"var":12.0949296951},"erbbands_skewness":{"dmean":0.389452755451,"dmean2":0.58965921402,"dvar":0.160488158464,"dvar2":0.321151643991,"max":5.05964183807,"mean":-0.196238264441,"median":-0.271727412939,"min":-6.00268316269,"var":0.822838425636},"erbbands_spread":{"dmean":9.09105300903,"dmean2":14.2454910278,"dvar":80.3263397217,"dvar2":187.881347656,"max":137.205459595,"mean":40.0935668945,"median":37.9809875488,"min":2.3493642807,"var":299.151550293},"gfcc":{"cov":[[12683.6826172,226.092453003,-1235.93115234,-230.770568848,228.256195068,-619.968322754,461.831726074,-569.195739746,319.739807129,-289.141265869,-41.8846855164,0.963283538818,-284.950683594],[226.092453003,951.465698242,32.6757011414,-164.25479126,120.501060486,-28.5901031494,-21.5339298248,32.3219490051,54.3765029907,-1.31230843067,29.4862213135,-43.2703666687,78.5105209351],[-1235.93115234,32.6757011414,426.771484375,171.513259888,-33.888420105,169.280456543,-86.2514038086,136.340698242,-61.9981994629,42.8623466492,-10.5518426895,3.00971794128,24.6340332031],[-230.770568848,-164.25479126,171.513259888,373.858795166,129.219833374,43.3342590332,86.1756286621,-7.0321097374,-18.7593326569,-1.88503360748,-24.8534679413,11.1282482147,-23.8304347992],[228.256195068,120.501060486,-33.888420105,129.219833374,254.276046753,53.3406524658,70.7240524292,-34.7980995178,18.8940029144,-28.9132480621,10.837187767,1.84677302837,17.5386199951],[-619.968322754,-28.5901031494,169.280456543,43.3342590332,53.3406524658,219.4009552,-36.3513374329,92.6851348877,-46.1405982971,19.8563671112,-1.48313033581,9.38992881775,29.2448978424],[461.831726074,-21.5339298248,-86.2514038086,86.1756286621,70.7240524292,-36.3513374329,206.612075806,-27.5846214294,69.4455490112,-13.1868658066,-3.39564871788,13.4989290237,-23.9751720428],[-569.195739746,32.3219490051,136.340698242,-7.0321097374,-34.7980995178,92.6851348877,-27.5846214294,213.336761475,45.6996192932,53.1845245361,13.6974945068,-9.51920318604,28.8402385712],[319.739807129,54.3765029907,-61.9981994629,-18.7593326569,18.8940029144,-46.1405982971,69.4455490112,45.6996192932,145.343917847,35.8560066223,24.3676204681,15.6637430191,-26.4440021515],[-289.141265869,-1.31230843067,42.8623466492,-1.88503360748,-28.9132480621,19.8563671112,-13.1868658066,53.1845245361,35.8560066223,91.5201873779,41.8454589844,4.3304643631,22.9574604034],[-41.8846855164,29.4862213135,-10.5518426895,-24.8534679413,10.837187767,-1.48313033581,-3.39564871788,13.6974945068,24.3676204681,41.8454589844,70.8678817749,36.172706604,17.7778148651],[0.963283538818,-43.2703666687,3.00971794128,11.1282482147,1.84677302837,9.38992881775,13.4989290237,-9.51920318604,15.6637430191,4.3304643631,36.172706604,70.2966995239,10.7119255066],[-284.950683594,78.5105209351,24.6340332031,-23.8304347992,17.5386199951,29.2448978424,-23.9751720428,28.8402385712,-26.4440021515,22.9574604034,17.7778148651,10.7119255066,91.4599914551]],"icov":[[0.00013082876103,-0.000113503265311,0.000435105030192,-0.000250079086982,0.000235244951909,-0.000169607723365,0.000019071792849,0.000158880982781,-0.000285718095256,0.000377923308406,-0.000173190870555,0.0000930164314923,0.000132006491185],[-0.000113503265311,0.00261228531599,-0.00377784669399,0.00393474008888,-0.00394057296216,0.0029963508714,-0.00094881496625,0.000119319556688,-0.000261697306996,-0.000331507530063,0.000245764618739,0.0011884260457,-0.00122150406241],[0.000435105030192,-0.00377784669399,0.0138698751107,-0.0117785511538,0.0106650684029,-0.00979424268007,0.00455381348729,-0.00111891923007,-0.00205497350544,0.00398447690532,-0.00373263703659,0.00116271467414,-0.000577928556595],[-0.000250079086982,0.00393474008888,-0.0117785511538,0.0170087460428,-0.0160782895982,0.0122733749449,-0.00607275590301,-0.00283743278123,0.00902856700122,-0.0121951857582,0.0124338530004,-0.00880051124841,0.0061944052577],[0.000235244951909,-0.00394057296216,0.0106650684029,-0.0160782895982,0.0230598207563,-0.0167397744954,0.00364940613508,0.00688348663971,-0.0135727124289,0.0182655658573,-0.0182557068765,0.0143179530278,-0.00986717175692],[-0.000169607723365,0.0029963508714,-0.00979424268007,0.0122733749449,-0.0167397744954,0.020250659436,-0.00379615672864,-0.00805506017059,0.01340017654,-0.014259765856,0.0144851719961,-0.0129577238113,0.00717086065561],[0.000019071792849,-0.00094881496625,0.00455381348729,-0.00607275590301,0.00364940613508,-0.00379615672864,0.00943503528833,0.00133444543462,-0.00636638514698,0.00421478925273,-0.00202946877107,0.00147715094499,-0.00204561953433],[0.000158880982781,0.000119319556688,-0.00111891923007,-0.00283743278123,0.00688348663971,-0.00805506017059,0.00133444543462,0.0134070226923,-0.0125795276836,0.0076535246335,-0.00873268675059,0.0110396910459,-0.00782135222107],[-0.000285718095256,-0.000261697306996,-0.00205497350544,0.00902856700122,-0.0135727124289,0.01340017654,-0.00636638514698,-0.0125795276836,0.0286160111427,-0.0224013105035,0.0165849011391,-0.0193501524627,0.0157955605537],[0.000377923308406,-0.000331507530063,0.00398447690532,-0.0121951857582,0.0182655658573,-0.014259765856,0.00421478925273,0.0076535246335,-0.0224013105035,0.042169842869,-0.0337491109967,0.0254811104387,-0.016526568681],[-0.000173190870555,0.000245764618739,-0.00373263703659,0.0124338530004,-0.0182557068765,0.0144851719961,-0.00202946877107,-0.00873268675059,0.0165849011391,-0.0337491109967,0.0506910644472,-0.0334188975394,0.0119127044454],[0.0000930164314923,0.0011884260457,0.00116271467414,-0.00880051124841,0.0143179530278,-0.0129577238113,0.00147715094499,0.0110396910459,-0.0193501524627,0.0254811104387,-0.0334188975394,0.0411418937147,-0.0153463212773],[0.000132006491185,-0.00122150406241,-0.000577928556595,0.0061944052577,-0.00986717175692,0.00717086065561,-0.00204561953433,-0.00782135222107,0.0157955605537,-0.016526568681,0.0119127044454,-0.0153463212773,0.0238897036761]],"mean":[15.4979076385,73.8177261353,-90.2442169189,19.0681247711,-6.94193649292,-12.0475816727,5.19652366638,-19.39179039,4.4534945488,-4.38257598877,-4.56691026688,4.19100904465,-11.1733884811]},"hfc":{"dmean":34.1068878174,"dmean2":52.6214942932,"dvar":3346.00146484,"dvar2":7899.35644531,"max":1741.88439941,"mean":123.601387024,"median":102.597984314,"min":8.87505891001e-9,"var":11579.6660156},"melbands":{"dmean":[0.00510209659114,0.00228576827794,0.000964275095612,0.000532543694135,0.000266190967523,0.000271940021776,0.000209385994822,0.000202353898203,0.0000954763308982,0.0000496741340612,0.0000420901087637,0.0000560928056075,0.0000455669141957,0.0000588691145822,0.0000416958246205,0.0000329467147822,0.0000306296860799,0.0000264981972578,0.000023877753847,0.0000223300176003,0.0000185506651178,0.0000137622464536,0.0000127261291709,0.0000110275395855,0.00000681440724293,0.00000635471360511,0.00000891069976205,0.00000834844740893,0.00000777363766247,0.00000550962067791,0.00000383596261599,0.00000212926170207,0.00000152025086209,0.00000197132294488,0.00000107886512524,6.84365204506e-7,3.50809045813e-7,1.73437598505e-7,6.82442546918e-8,2.53083154433e-8],"dmean2":[0.00836935453117,0.00385484937578,0.00162709131837,0.000915870477911,0.000440487841843,0.000435623165686,0.000334096024744,0.000311895972118,0.000155928719323,0.0000816631654743,0.0000698969524819,0.0000921667378861,0.0000752408523113,0.0000965148574323,0.000069059919042,0.0000545995389984,0.0000513462073286,0.0000437957605754,0.0000398077099817,0.0000378500044462,0.0000315274955938,0.0000232554284594,0.0000215844720515,0.0000185281678569,0.0000112792777145,0.0000102206759038,0.000014010823179,0.0000128449228214,0.0000117575964396,0.00000820990499051,0.00000591339039602,0.00000325298742609,0.00000236402570408,0.00000305528897115,0.00000163754577898,0.00000106248864995,5.6069728771e-7,2.87194183102e-7,1.12140682518e-7,4.24017123635e-8],"dvar":[0.0000927504952415,0.000013911768292,0.0000030838064049,0.0000015083027165,4.21807300199e-7,3.30709497121e-7,3.00767254657e-7,3.62024110245e-7,6.59043593032e-8,1.14627995984e-8,7.12410219705e-9,1.77572339055e-8,9.36374888738e-9,1.71789587e-8,8.19357381943e-9,4.32995994615e-9,2.20386686678e-9,1.56809143448e-9,1.47467826839e-9,1.1193919125e-9,8.14640410685e-10,4.59697557798e-10,3.99470623247e-10,3.90391358129e-10,1.9895662895e-10,1.61923197073e-10,3.35019484377e-10,5.21604204273e-10,7.121513379e-10,3.47816303536e-10,1.41074263382e-10,2.59260460322e-11,1.21226891373e-11,1.53609746451e-11,5.26789289274e-12,2.21214604794e-12,6.30993846583e-13,1.63061946758e-13,1.86864785527e-14,1.86316882265e-15],"dvar2":[0.000235232582781,0.0000375126255676,0.000008167249689,0.00000411574728787,9.83778818409e-7,8.11707081994e-7,7.215886626e-7,7.88616659975e-7,1.60380423608e-7,2.80275873621e-8,1.83770048068e-8,4.43691199337e-8,2.30532943846e-8,4.17806269581e-8,2.00692333863e-8,1.07988711306e-8,5.83769299567e-9,4.12539336025e-9,4.01703870168e-9,3.0598823475e-9,2.23316853898e-9,1.25268684315e-9,1.0794437566e-9,1.05896158509e-9,5.04404518153e-10,3.54009960235e-10,7.92716448039e-10,1.17213350137e-9,1.55041002259e-9,7.48939021911e-10,3.14357567754e-10,5.62897714551e-11,2.82079880287e-11,3.57002379048e-11,1.2327972844e-11,5.21103256032e-12,1.54811265803e-12,4.14551639544e-13,4.64205869653e-14,4.76388016085e-15],"max":[0.129379749298,0.0480739921331,0.0207103267312,0.017634049058,0.0263236984611,0.0133633147925,0.0133599750698,0.0132373934612,0.00815814733505,0.00234941951931,0.00216264696792,0.00393480015919,0.00313377799466,0.00414341781288,0.00315985199995,0.00249030510895,0.0011344574159,0.000743408862036,0.000776679487899,0.000716482754797,0.000439512368757,0.000380464887712,0.000283775880234,0.000275195285212,0.000379713252187,0.000556757498998,0.000390042288927,0.000611905008554,0.000777288572863,0.000475868058857,0.000310449977405,0.000119487027405,0.0000976990704658,0.0000636286931694,0.0000525120958628,0.0000312022093567,0.0000159374176292,0.00000754958364269,0.00000208931828638,8.02991223736e-7],"mean":[0.00746474601328,0.00295639038086,0.00121510017198,0.000557207211386,0.000310889881803,0.000371101137716,0.000310530449497,0.000317380094202,0.000127605817397,0.0000738935559639,0.0000622127772658,0.0000842378867674,0.0000692925168551,0.0000961704427027,0.0000684978222125,0.0000546132541785,0.000052700197557,0.0000497436267324,0.0000463075848529,0.0000407623811043,0.0000321477091347,0.0000258735999523,0.0000245797818934,0.0000193156029127,0.000011986006939,0.0000116270475701,0.0000153125802171,0.0000143287625178,0.0000128579231387,0.00000896468554856,0.00000625257598585,0.0000035100263176,0.00000247461184699,0.00000294268147627,0.00000159729097504,9.664619256e-7,4.43740901801e-7,1.88781285715e-7,7.27945916879e-8,2.48305802586e-8],"median":[0.00458819372579,0.00184508087113,0.000603497959673,0.000198177847778,0.00013639019744,0.000149106417666,0.0000801644855528,0.0000459344992123,0.0000454998116766,0.0000368285436707,0.0000315833895002,0.000037485086068,0.0000370908092009,0.0000490277234348,0.0000380119890906,0.000032295974961,0.00003471414675,0.0000324647880916,0.0000245379942498,0.0000251221972576,0.0000213804214582,0.0000175593540916,0.0000162158066814,0.0000100203824331,0.00000658034377921,0.00000624014001005,0.00000759740532885,0.00000478989113617,0.00000353904033545,0.00000294775372822,0.00000250402081292,0.00000159988542237,0.00000123231643556,0.000001217971203,7.33358604066e-7,4.50293498488e-7,1.67163094034e-7,5.45913003691e-8,2.35336123922e-8,1.00574135686e-8],"min":[1.95619167498e-15,2.72401433617e-15,2.97556512206e-15,2.05857275907e-15,6.79261184331e-16,1.11554874428e-16,1.4002366502e-16,5.9071594668e-17,3.75496005325e-16,9.66357549028e-16,5.48958612044e-16,1.5211172515e-16,3.35725082064e-16,2.85530994871e-16,4.19327366307e-16,2.14651119026e-16,5.3077837332e-17,6.63560647795e-17,1.38521544732e-16,1.81842118378e-16,1.30166716143e-16,2.15141908445e-16,7.94470714759e-17,1.26695164844e-16,1.17494163575e-16,2.50440855086e-16,5.58500808772e-16,7.00648078035e-16,1.14677408449e-16,2.60592581355e-17,1.61875712161e-16,4.30906650803e-16,5.26329385704e-16,7.47360515708e-16,2.77084038214e-16,5.96826455597e-16,1.58236840091e-15,2.32633554381e-15,3.37173958391e-15,1.82581895778e-16],"var":[0.000114021262561,0.0000140040610859,0.00000334614037456,0.00000128681335809,5.20889443578e-7,4.90314221224e-7,5.17011301326e-7,9.80557729235e-7,9.6268756522e-8,1.792309412e-8,1.01471053782e-8,2.95203328449e-8,1.40432092621e-8,3.2612774703e-8,1.45147707187e-8,7.27703053371e-9,3.83974629869e-9,3.56039331351e-9,3.57715812527e-9,2.33072072753e-9,1.33286748305e-9,8.01615884782e-10,7.84499798456e-10,6.71753097592e-10,3.00079128213e-10,3.33836014388e-10,6.00553995422e-10,1.07864450705e-9,1.42063905084e-9,6.31397434336e-10,2.26623886324e-10,4.61298915733e-11,2.02616343842e-11,2.1758976565e-11,6.85924537655e-12,2.58017240386e-12,6.75318199798e-13,1.63207175639e-13,2.09244886771e-14,1.8561297671e-15]},"melbands_crest":{"dmean":4.99524688721,"dmean2":8.21162796021,"dvar":16.9042644501,"dvar2":43.8304252625,"max":38.7905883789,"mean":20.3608322144,"median":19.6681022644,"min":3.0409348011,"var":59.1337356567},"melbands_flatness_db":{"dmean":0.0371936745942,"dmean2":0.0588201843202,"dvar":0.0011069996981,"dvar2":0.00264060497284,"max":0.624617934227,"mean":0.240965291858,"median":0.232006534934,"min":0.0437118895352,"var":0.0061970455572},"melbands_kurtosis":{"dmean":19.3521785736,"dmean2":31.3077087402,"dvar":1599.84411621,"dvar2":4217.70410156,"max":796.031921387,"mean":32.6860542297,"median":12.9121446609,"min":-1.94195532799,"var":3453.10522461},"melbands_skewness":{"dmean":1.30247080326,"dmean2":2.05339455605,"dvar":1.98832368851,"dvar2":5.09186601639,"max":21.6793861389,"mean":4.0374956131,"median":3.33376550674,"min":-3.43205714226,"var":8.3700170517},"melbands_spread":{"dmean":8.41709327698,"dmean2":13.4476833344,"dvar":165.853302002,"dvar2":363.977111816,"max":242.331268311,"mean":20.7316589355,"median":15.1481838226,"min":0.165268108249,"var":460.961029053},"mfcc":{"cov":[[8464.40332031,316.015289307,-818.117797852,320.802124023,-372.22052002,221.4402771,-336.541412354,197.094161987,-283.147033691,133.663665771,-144.825790405,99.0193862915,-107.045677185],[316.015289307,1036.84765625,-20.602930069,-95.27394104,97.121925354,-61.2016334534,-9.6054353714,-38.5450706482,62.5846633911,-25.2026920319,46.2697868347,-11.0613889694,53.9116516113],[-818.117797852,-20.602930069,441.654846191,-21.939781189,100.457702637,-47.7740783691,65.6740951538,-9.58149051666,51.069393158,-2.84238839149,25.9258155823,-8.65390872955,7.17085313797],[320.802124023,-95.27394104,-21.939781189,378.651031494,-5.05658388138,128.83052063,22.3144512177,60.1869239807,-6.00819587708,47.0574150085,-9.445728302,1.22973823547,-14.4968776703],[-372.22052002,97.121925354,100.457702637,-5.05658388138,258.695922852,30.4819412231,82.0408096313,10.2257041931,38.9535980225,-21.6503143311,33.021572113,-18.6189365387,-4.40016555786],[221.4402771,-61.2016334534,-47.7740783691,128.83052063,30.4819412231,198.855026245,51.6422805786,44.6732406616,-23.0855636597,2.60133886337,-38.7257347107,6.96908664703,-15.3554973602],[-336.541412354,-9.6054353714,65.6740951538,22.3144512177,82.0408096313,51.6422805786,139.942718506,12.4897594452,45.5421867371,-22.6909732819,-0.592967689037,-14.1784362793,6.16336870193],[197.094161987,-38.5450706482,-9.58149051666,60.1869239807,10.2257041931,44.6732406616,12.4897594452,140.982315063,15.1980648041,46.2470703125,9.59808731079,4.12917423248,-6.73380327225],[-283.147033691,62.5846633911,51.069393158,-6.00819587708,38.9535980225,-23.0855636597,45.5421867371,15.1980648041,114.788719177,29.4108791351,37.558265686,-2.48763823509,8.86411094666],[133.663665771,-25.2026920319,-2.84238839149,47.0574150085,-21.6503143311,2.60133886337,-22.6909732819,46.2470703125,29.4108791351,95.0486602783,39.4977836609,19.2644519806,4.45289039612],[-144.825790405,46.2697868347,25.9258155823,-9.445728302,33.021572113,-38.7257347107,-0.592967689037,9.59808731079,37.558265686,39.4977836609,93.8126220703,20.9853000641,24.1284179688],[99.0193862915,-11.0613889694,-8.65390872955,1.22973823547,-18.6189365387,6.96908664703,-14.1784362793,4.12917423248,-2.48763823509,19.2644519806,20.9853000641,62.490650177,21.2986831665],[-107.045677185,53.9116516113,7.17085313797,-14.4968776703,-4.40016555786,-15.3554973602,6.16336870193,-6.73380327225,8.86411094666,4.45289039612,24.1284179688,21.2986831665,74.491569519]],"icov":[[0.000189374855836,-0.00013083696831,0.000230802441365,-0.0000956217118073,0.0000765538934502,-0.0000158285401994,0.000143294164445,-0.000205387594178,0.000328172871377,-0.000247414776823,0.000240643275902,-0.000306400266709,0.000282233842881],[-0.00013083696831,0.00125485297758,0.0000500591449963,0.000190367572941,-0.000584625347983,-0.0000271394947049,0.000620467297267,0.000279311003396,-0.00107220222708,0.000716484384611,-0.000373566377675,0.000621287967078,-0.00110205553938],[0.000230802441365,0.0000500591449963,0.00311008561403,-0.000265448616119,-0.000930346082896,0.0012618470937,-0.000984351383522,-0.0000082274664237,0.0000456408306491,-0.000735400069971,0.000661138736177,-0.000635717646219,0.00023639491701],[-0.0000956217118073,0.000190367572941,-0.000265448616119,0.00380098633468,0.000302554224618,-0.00245291600004,-0.0000945298816077,-0.000197914734599,0.000019410132154,-0.0015193031868,-0.000476074870676,0.00108350277878,-0.0000748347956687],[0.0000765538934502,-0.000584625347983,-0.000930346082896,0.000302554224618,0.00617913203314,-0.00162530189846,-0.00207060202956,-0.000572469492909,0.00000543361738892,0.00195740186609,-0.00361709133722,0.00132929557003,0.00150496768765],[-0.0000158285401994,-0.0000271394947049,0.0012618470937,-0.00245291600004,-0.00162530189846,0.0100002195686,-0.00435635168105,-0.00138463499025,0.0026146590244,-0.00173862359952,0.0044155921787,-0.00341553869657,0.000937875243835],[0.000143294164445,0.000620467297267,-0.000984351383522,-0.0000945298816077,-0.00207060202956,-0.00435635168105,0.0140905352309,-0.000970851629972,-0.00621892884374,0.00518982531503,-0.000189923812286,0.00194899993949,-0.00250664330088],[-0.000205387594178,0.000279311003396,-0.0000082274664237,-0.000197914734599,-0.000572469492909,-0.00138463499025,-0.000970851629972,0.00965199805796,-0.000478054891573,-0.00461634807289,0.0000697491559549,0.000825182010885,0.000172891144757],[0.000328172871377,-0.00107220222708,0.0000456408306491,0.000019410132154,0.00000543361738892,0.0026146590244,-0.00621892884374,-0.000478054891573,0.0152077935636,-0.00615944201127,-0.00178438331932,0.000282567722024,0.00131332012825],[-0.000247414776823,0.000716484384611,-0.000735400069971,-0.0015193031868,0.00195740186609,-0.00173862359952,0.00518982531503,-0.00461634807289,-0.00615944201127,0.0212013479322,-0.00776088796556,-0.00154789921362,0.000233539045439],[0.000240643275902,-0.000373566377675,0.000661138736177,-0.000476074870676,-0.00361709133722,0.0044155921787,-0.000189923812286,0.0000697491559549,-0.00178438331932,-0.00776088796556,0.02004452236,-0.00531095825136,-0.00311935856007],[-0.000306400266709,0.000621287967078,-0.000635717646219,0.00108350277878,0.00132929557003,-0.00341553869657,0.00194899993949,0.000825182010885,0.000282567722024,-0.00154789921362,-0.00531095825136,0.0219068713486,-0.00581456394866],[0.000282233842881,-0.00110205553938,0.00023639491701,-0.0000748347956687,0.00150496768765,0.000937875243835,-0.00250664330088,0.000172891144757,0.00131332012825,0.000233539045439,-0.00311935856007,-0.00581456394866,0.0175980869681]],"mean":[-645.170654297,132.887649536,-19.0098667145,45.7059402466,1.46673619747,29.5355300903,-1.79069900513,13.2554483414,-1.36154413223,9.4280090332,-2.05233049393,8.41762828827,3.97968888283]},"pitch_salience":{"dmean":0.0956970006227,"dmean2":0.156864002347,"dvar":0.00663237739354,"dvar2":0.01713745296,"max":0.910011351109,"mean":0.492674082518,"median":0.508336186409,"min":0.0672743842006,"var":0.0204894635826},"silence_rate_20dB":{"dmean":0.000233372222283,"dmean2":0.000466798926936,"dvar":0.000233293947531,"dvar2":0.000699885073118,"max":1,"mean":0.99988335371,"median":1,"min":0,"var":0.000116652932775},"silence_rate_30dB":{"dmean":0.0772462040186,"dmean2":0.154510438442,"dvar":0.0712856054306,"dvar2":0.15421654284,"max":1,"mean":0.913195669651,"median":1,"min":0,"var":0.07926505059},"silence_rate_60dB":{"dmean":0.00233372231014,"dmean2":0.00466798944399,"dvar":0.00232837395743,"dvar2":0.00558028183877,"max":1,"mean":0.0253179334104,"median":0,"min":0,"var":0.02467687428},"spectral_centroid":{"dmean":315.059295654,"dmean2":469.884155273,"dvar":111965.070312,"dvar2":209198.46875,"max":11085.7734375,"mean":1559.96435547,"median":1470.61364746,"min":124.477775574,"var":646512.9375},"spectral_complexity":{"dmean":4.47187852859,"dmean2":6.78212165833,"dvar":21.9404144287,"dvar2":42.986579895,"max":63,"mean":24.722202301,"median":25,"min":0,"var":194.565231323},"spectral_contrast_coeffs":{"dmean":[0.0585165210068,0.0546317212284,0.0375712402165,0.0270731095225,0.0211210995913,0.0445667095482],"dmean2":[0.0972856581211,0.0902316048741,0.0620670616627,0.0453654937446,0.0346616022289,0.0686667189002],"dvar":[0.00214697467163,0.00186243560165,0.000886142603122,0.000454913679278,0.000331893854309,0.00138794456143],"dvar2":[0.00581140490249,0.00475146388635,0.00235282559879,0.00127490214072,0.000807635253295,0.00324510689825],"max":[-0.333902001381,-0.422583043575,-0.549888432026,-0.641658008099,-0.611928105354,-0.366299688816],"mean":[-0.714710056782,-0.762535452843,-0.813642084599,-0.817254006863,-0.809116244316,-0.682076275349],"median":[-0.722932338715,-0.771793305874,-0.818349778652,-0.817709088326,-0.808092951775,-0.679575026035],"min":[-0.972905099392,-0.966820240021,-0.964015603065,-0.98035210371,-0.964684247971,-0.958830416203],"var":[0.00647757248953,0.00607093656436,0.0028578566853,0.0014713954879,0.00132321508136,0.00621982989833]},"spectral_contrast_valleys":{"dmean":[0.423671215773,0.412768632174,0.332403063774,0.284714072943,0.265649020672,0.577554702759],"dmean2":[0.688254415989,0.668726623058,0.53290528059,0.449402838945,0.393535286188,0.90747576952],"dvar":[0.133163198829,0.128999903798,0.0970539450645,0.0933227464557,0.106840573251,0.252509534359],"dvar2":[0.319910138845,0.290302842855,0.202580839396,0.183886528015,0.198240593076,0.604083538055],"max":[-4.81023836136,-4.96849822998,-5.41037893295,-5.52138662338,-5.11472225189,-8.77266407013],"mean":[-6.70430231094,-6.7520070076,-7.11676454544,-7.18299722672,-7.23424768448,-10.9570655823],"median":[-6.51020002365,-6.56330537796,-6.871322155,-6.89335536957,-6.98466587067,-10.8143005371],"min":[-27.0611572266,-27.6003837585,-27.061460495,-27.1309223175,-27.1686916351,-27.2893028259],"var":[1.2671097517,1.36205875874,1.38306486607,1.47424805164,1.43089187145,1.00125384331]},"spectral_decrease":{"dmean":5.99083449515e-9,"dmean2":9.80549863527e-9,"dvar":8.03928036139e-17,"dvar2":2.02149600939e-16,"max":2.76702460944e-9,"mean":-1.09256914627e-8,"median":-8.26077872773e-9,"min":-1.1453334281e-7,"var":1.0795768432e-16},"spectral_energy":{"dmean":0.0234501641244,"dmean2":0.0378830954432,"dvar":0.00119457731489,"dvar2":0.0029400952626,"max":0.451023548841,"mean":0.0524469837546,"median":0.0418880097568,"min":8.11649900935e-13,"var":0.00185777409934},"spectral_energyband_high":{"dmean":0.000696390168741,"dmean2":0.000976089853793,"dvar":0.0000024435994419,"dvar2":0.00000472076771985,"max":0.0341874472797,"mean":0.00171945372131,"median":0.00108039448969,"min":7.15850935386e-13,"var":0.00000651042137179},"spectral_energyband_low":{"dmean":0.0193110331893,"dmean2":0.0317760743201,"dvar":0.0010261045536,"dvar2":0.00259815249592,"max":0.420820593834,"mean":0.0312991403043,"median":0.022292945534,"min":1.70616135559e-14,"var":0.00134674296714},"spectral_energyband_middle_high":{"dmean":0.00173313892446,"dmean2":0.00275755254552,"dvar":0.00000544895419807,"dvar2":0.0000131644819703,"max":0.0372162684798,"mean":0.00546537106857,"median":0.00455056037754,"min":3.31278854717e-14,"var":0.0000220600250032},"spectral_energyband_middle_low":{"dmean":0.00563548412174,"dmean2":0.00918367598206,"dvar":0.0000780250265962,"dvar2":0.00020470097661,"max":0.116564497352,"mean":0.00964702200145,"median":0.00620022509247,"min":2.42615714845e-14,"var":0.00011507934687},"spectral_entropy":{"dmean":0.141821205616,"dmean2":0.214149549603,"dvar":0.0249184779823,"dvar2":0.0549648217857,"max":9.80950546265,"mean":7.75448560715,"median":7.81814432144,"min":5.80879211426,"var":0.0987194478512},"spectral_flux":{"dmean":0.0369802489877,"dmean2":0.0599727369845,"dvar":0.00201415386982,"dvar2":0.00473137479275,"max":0.57118588686,"mean":0.12438569963,"median":0.113206081092,"min":0.0000470655722893,"var":0.00415014708415},"spectral_kurtosis":{"dmean":2.28498935699,"dmean2":3.45525336266,"dvar":6.81263971329,"dvar2":15.383515358,"max":58.0501594543,"mean":12.0445127487,"median":11.6040821075,"min":-1.20342314243,"var":20.79753685},"spectral_rms":{"dmean":0.00144205393735,"dmean2":0.00227277562954,"dvar":0.00000261041100202,"dvar2":0.00000609747621638,"max":0.0209767241031,"mean":0.00665004458278,"median":0.00639267964289,"min":2.81398921942e-8,"var":0.0000069446591624},"spectral_rolloff":{"dmean":4201.80517578,"dmean2":7846.79833984,"dvar":46301088,"dvar2":112426160,"max":22028.4667969,"mean":6664.61279297,"median":1916.45507812,"min":43.06640625,"var":72492016},"spectral_skewness":{"dmean":0.220646992326,"dmean2":0.325292170048,"dvar":0.0588236004114,"dvar2":0.121133327484,"max":5.99035692215,"mean":2.16861557961,"median":2.15149569511,"min":-0.00299211451784,"var":0.260298043489},"spectral_spread":{"dmean":433152.21875,"dmean2":659604.125,"dvar":243790004224,"dvar2":441679413248,"max":40799916,"mean":4355802,"median":4226491,"min":1722890.75,"var":1424082599940},"spectral_strongpeak":{"dmean":1.29717516899,"dmean2":2.4584903717,"dvar":54.2665710449,"dvar2":163.288757324,"max":116.113677979,"mean":1.03863430023,"median":0.263055413961,"min":0,"var":31.7437572479},"zerocrossingrate":{"dmean":0.0344478152692,"dmean2":0.0446118339896,"dvar":0.00097003520932,"dvar2":0.00160651328042,"max":0.63134765625,"mean":0.190212801099,"median":0.18994140625,"min":0.00537109375,"var":0.008624012582}},"metadata":{"audio_properties":{"analysis_sample_rate":44100,"bit_rate":256000,"codec":"mp3","downmix":"mix","equal_loudness":0,"length":198.975753784,"lossless":false,"md5_encoded":"c386bc2bace4a7a0ca39611a21fa2b3c","replay_gain":-3.98427772522},"tags":{"album":["Riot!"],"albumartist":["Paramore"],"albumartistsort":["Paramore"],"artist":["Paramore"],"artistsort":["Paramore"],"asin":["B000PTYPAC"],"barcode":["075678998058"],"catalognumber":["7567899805"],"composer":[""],"conductor":[""],"copyright":["2007 Atlantic Recording Corporation for the United States and WEA International Inc. for the world outside of the United States.  All Rights Reserved."],"date":["2007"],"discnumber":["1/1"],"file_name":"10. Fences.mp3","genre":["Other"],"label":["Atlantic"],"media":["CD"],"musicbrainz album release country":["GB"],"musicbrainz album status":["official"],"musicbrainz album type":["album"],"musicbrainz_albumartistid":["44cf61b8-5197-448a-b82b-cef6ee89fac5"],"musicbrainz_albumid":["a8663323-92a6-3ccc-9fcc-6233c6219dc3"],"musicbrainz_artistid":["44cf61b8-5197-448a-b82b-cef6ee89fac5"],"musicbrainz_recordingid":["398c893c-29a8-4225-851c-1b530e64b5fd"],"originaldate":["2007"],"script":["Latn"],"title":["Fences"],"tracknumber":["10/11"]},"version":{"essentia":"2.1-beta1","essentia_build_sha":"12879b851c9f4b0d899e1af4e221aa110f283a84","essentia_git_sha":"v2.1_beta1-7-ge0e83e8-dirty","extractor":"music 1.0"}},"rhythm":{"beats_count":334,"beats_loudness":{"dmean":0.0296417679638,"dmean2":0.0532033368945,"dvar":0.0012260255171,"dvar2":0.00343519984744,"max":0.232592985034,"mean":0.0616075098515,"median":0.0551805049181,"min":2.63119961375e-8,"var":0.0012096677674},"beats_loudness_band_ratio":{"dmean":[0.173089712858,0.0970830619335,0.067319445312,0.042462348938,0.0298119243234,0.0621461831033],"dmean2":[0.290348261595,0.167982548475,0.124504879117,0.0728044211864,0.0523434430361,0.105266034603],"dvar":[0.0241620969027,0.0143615575507,0.00658264942467,0.00364769389853,0.