{"lowlevel":{"average_loudness":0.911875188351,"barkbands":{"dmean":[0.00233318889514,0.00802309531718,0.00188383739442,0.00111725623719,0.00208470900543,0.00118846842088,0.00207925681025,0.000744245655369,0.000911912706215,0.000586170412134,0.000465911754873,0.000486317730974,0.000363689585356,0.000332103023538,0.000270209624432,0.000164328579558,0.000143229204696,0.000117916184536,0.000114758127893,0.000120904231153,0.0000696775896358,0.0000395923198084,0.0000277028175333,0.000012196795069,0.00000211779843085,0.0000339617108693,0.000323513144394],"dmean2":[0.00397365540266,0.0131734553725,0.00310754869133,0.00181499368045,0.00339755578898,0.00190116476733,0.00317478645593,0.00119166949298,0.00148019951303,0.00095361797139,0.000759369751904,0.000814109458588,0.000602917862125,0.000557585910428,0.000455321249319,0.00027363083791,0.000236833919189,0.00019010437245,0.000180584567715,0.000184827760677,0.000103701473563,0.000058430723584,0.0000363780964108,0.0000160354393302,0.00000356859368367,0.0000426584992965,0.000492763065267],"dvar":[0.0000132245986606,0.000109968161269,0.00000646402713755,0.00000232774004871,0.0000134109732244,0.00000657930240777,0.0000316910045512,0.00000425194093623,0.00000615015414951,0.00000154406802721,0.0000014687990415,6.87505064434e-7,2.8215401926e-7,1.855877656e-7,1.25024413933e-7,5.80164254416e-8,5.95219091792e-8,4.40212595265e-8,6.0503545285e-8,9.54079126814e-8,3.03823561865e-8,1.30333521753e-8,2.33199859423e-9,4.22704815595e-10,1.21596916564e-11,3.12493830812e-9,1.9471467283e-7],"dvar2":[0.0000358531688107,0.000293490593322,0.00001691624675,0.00000596262725594,0.0000335157383233,0.0000146935972225,0.0000712918190402,0.0000102843468994,0.0000158927123266,0.00000354858389073,0.00000343146962223,0.00000176511809968,7.08450215825e-7,4.97574831115e-7,3.49096183072e-7,1.57702828574e-7,1.42076231668e-7,1.06168549507e-7,1.29191249698e-7,1.96183350454e-7,6.24899243462e-8,3.0961995634e-8,4.49738202235e-9,8.17719558732e-10,3.02870263591e-11,5.3967941227e-9,4.3643274239e-7],"max":[0.0503979548812,0.129791840911,0.03996848315,0.0262604001909,0.0719310566783,0.0631161853671,0.096756502986,0.0613526776433,0.0583661943674,0.0267660841346,0.0339814126492,0.0220829639584,0.013383329846,0.0070638419129,0.00661593908444,0.00530967535451,0.00825612526387,0.00451441574842,0.00695078959689,0.00744398543611,0.0036451225169,0.00250842329115,0.00105729489587,0.000331315241056,0.0000673878457746,0.000989685300738,0.00986448582262],"mean":[0.00301670166664,0.0136911002919,0.00282531231642,0.00170888239518,0.00318612507544,0.00189662817866,0.00360610964708,0.00106411601882,0.00134195387363,0.000883913598955,0.000700509233866,0.000856491853483,0.000659195473418,0.000650445814244,0.000556234095711,0.000341078324709,0.000276702834526,0.000217319233343,0.000211941311136,0.000216734071728,0.000132914079586,0.0000721208925825,0.0000528094351466,0.0000211277383642,0.00000215786235458,0.0000653590395814,0.00124715082347],"median":[0.00187477807049,0.0104784248397,0.00166995020118,0.00096938572824,0.00197878479958,0.000892682757694,0.000640125363134,0.000351586932084,0.00044162911945,0.000432664412074,0.000313673401251,0.00059744057944,0.000500662310515,0.000498561479617,0.00043204711983,0.00023920374224,0.000196828827029,0.000108910666313,0.000110715191113,0.000101272555185,0.0000593062177359,0.0000340397164109,0.000021892168661,0.0000082023880168,9.2503171345e-7,0.0000261673048954,0.00100039562676],"min":[8.81932656245e-13,1.26622548709e-13,1.5557164457e-14,9.11307162545e-14,3.23395281908e-14,7.0439680022e-14,1.16599479095e-13,5.96532168822e-14,3.01030196864e-13,8.40824737852e-14,1.04639231579e-13,2.9461781864e-13,2.43137080564e-13,6.9594991662e-14,2.07853347164e-13,3.65483142882e-13,3.07927891085e-13,4.97819125332e-13,5.69040149202e-13,5.37094511661e-13,1.17241698121e-12,6.48271800824e-13,1.78488322213e-12,1.91041822119e-12,2.3760574671e-12,4.6665869953e-12,2.84030741635e-12],"var":[0.0000146591228258,0.00015491891827,0.0000112295310828,0.00000448228547612,0.0000176049125002,0.0000145870608321,0.000090001951321,0.00000789983278082,0.0000102091098597,0.0000025908848329,0.00000285055511995,0.00000128348551698,4.88436739943e-7,3.75906978434e-7,2.78330418269e-7,1.32501568828e-7,1.04949144486e-7,8.96459795285e-8,1.18261205273e-7,1.91888304357e-7,6.2162463621e-8,1.68662808164e-8,5.7251110519e-9,9.86539960834e-10,1.26704566977e-11,8.74442829257e-9,0.00000123704967336]},"barkbands_crest":{"dmean":3.10117340088,"dmean2":5.05079126358,"dvar":7.09942150116,"dvar2":18.4805431366,"max":25.299955368,"mean":10.7995758057,"median":10.2774934769,"min":2.42674160004,"var":17.0356197357},"barkbands_flatness_db":{"dmean":0.0225895773619,"dmean2":0.0345006287098,"dvar":0.000364954932593,"dvar2":0.000837511732243,"max":0.283221930265,"mean":0.12384583801,"median":0.120220065117,"min":0.0267005953938,"var":0.00166782876477},"barkbands_kurtosis":{"dmean":3.19268250465,"dmean2":4.95638847351,"dvar":19.1801757812,"dvar2":41.716293335,"max":113.76436615,"mean":6.52018737793,"median":4.09835243225,"min":-1.94200694561,"var":77.5858154297},"barkbands_skewness":{"dmean":0.541995465755,"dmean2":0.84448081255,"dvar":0.247115522623,"dvar2":0.581990718842,"max":9.26411628723,"mean":2.12634181976,"median":1.95782661438,"min":-1.89467585087,"var":1.16668748856},"barkbands_spread":{"dmean":8.67754077911,"dmean2":13.4414386749,"dvar":78.3799667358,"dvar2":186.322921753,"max":140.903106689,"mean":36.0510673523,"median":31.8630752563,"min":2.28139686584,"var":470.836791992},"dissonance":{"dmean":0.0145728997886,"dmean2":0.0244701988995,"dvar":0.000241136280238,"dvar2":0.000671306916047,"max":0.500000119209,"mean":0.475061178207,"median":0.48259177804,"min":0.2975872159,"var":0.000523921800777},"dynamic_complexity":3.932939291,"erbbands":{"dmean":[0.349600821733,1.54810070992,2.24920105934,2.67162227631,5.24708414078,8.53194332123,6.52880430222,11.1176424026,27.8264198303,21.9093952179,17.2934894562,20.2098693848,17.876991272,17.3235473633,17.0661449432,19.6874580383,15.5988044739,14.8484621048,15.4020414352,10.9566669464,8.26585865021,7.32954359055,5.97990894318,5.56942415237,6.20847797394,5.77672767639,3.56812572479,2.40098977089,1.48991858959,1.02135181427,0.75284832716,0.347373634577,0.145746469498,0.0284116081893,0.0152716655284,0.0333591103554,0.0685192421079,0.0579596720636,0.0229811221361,0.00630703149363],"dmean2":[0.574754178524,2.56426620483,3.71584439278,4.33155584335,8.58147907257,14.0605154037,10.6288404465,17.598657608,42.0439605713,33.9548377991,27.478269577,32.575630188,29.2488021851,28.2301807404,27.8015785217,32.9325714111,25.6813087463,24.6694507599,25.9534873962,18.2174682617,13.6863050461,12.0163812637,9.59534549713,8.8074092865,9.77559947968,8.75774478912,5.30404996872,3.58081459999,2.20995402336,1.42616677284,0.992274165154,0.453951150179,0.19684882462,0.0455427654088,0.0254764575511,0.0453779250383,0.0847062096,0.0747067332268,0.031666405499,0.00960339885205],"dvar":[0.222320243716,4.47463750839,8.83108234406,11.8697662354,72.0652542114,306.794647217,187.389526367,595.709838867,5671.87988281,5000.80664062,2454.65014648,3196.35571289,1807.19299316,1599.24133301,1544.01928711,1114.75231934,529.276733398,405.666900635,409.725769043,229.829086304,138.844482422,190.187103271,107.958755493,115.805587769,208.810577393,227.387680054,83.8401947021,36.6842269897,17.4661064148,6.46257686615,1.66426181793,0.361614525318,0.0588601492345,0.00182210362982,0.000602931715548,0.00281225237995,0.0131034022197,0.0142949614674,0.00206870445982,0.0000688212458044],"dvar2":[0.603359341621,12.1467132568,23.4200725555,30.5343933105,178.113189697,766.59954834,428.099517822,1354.62390137,11915.3095703,11565.5625,6188.15576172,7885.26464844,4609.84960938,3792.54199219,3621.16870117,2829.9074707,1307.58508301,1052.09265137,1134.07092285,611.358764648,368.36895752,441.966827393,253.06137085,251.634872437,437.495697021,468.554748535,168.05921936,79.6632919312,40.5859527588,15.3736934662,3.20170092583,0.701609909534,0.117062330246,0.00441644433886,0.00150620646309,0.00542283896357,0.0229388922453,0.0302579849958,0.00408744066954,0.000155371672008],"max":[5.88645887375,30.6380825043,43.4620056152,50.9285240173,195.064346313,388.246276855,428.815734863,621.823547363,1708.50585938,2575.7512207,1448.02563477,1296.20983887,1358.84960938,956.491821289,1592.6920166,1013.90686035,697.307983398,381.232818604,454.570159912,448.212249756,263.504730225,512.73046875,214.514984131,253.936660767,588.936035156,324.704071045,246.452255249,123.280815125,93.135345459,70.6788711548,21.1609706879,10.480173111,4.14026165009,0.833456933498,0.479082763195,0.78545409441,2.26894307137,3.08348178864,0.925752162933,0.23043692112],"mean":[0.544640183449,2.44451999664,3.64373826981,4.79861593246,8.09020233154,11.8957109451,10.3429574966,18.0734882355,49.0111923218,36.7292747498,26.6727104187,30.3076229095,28.5736465454,27.4261760712,29.666633606,35.6076583862,30.8878154755,31.7072792053,33.5960655212,24.3672637939,18.5343055725,14.9554586411,11.5350646973,10.8961324692,11.4519224167,10.4178104401,6.61114692688,4.4602227211,2.73889398575,1.94860935211,1.38833916187,0.619264662266,0.245524033904,0.0379565097392,0.0173247009516,0.0568523481488,0.130931779742,0.125481456518,0.066555634141,0.0317837409675],"median":[0.40009328723,1.74213182926,2.44125008583,3.22809505463,5.03471755981,6.45222759247,6.22665071487,7.93669462204,8.99872589111,8.78289985657,9.00079345703,9.95053482056,13.194144249,13.629322052,16.8866081238,24.9067497253,24.0562171936,25.4408760071,26.9934902191,18.6166210175,13.7258958817,10.5295991898,6.04572486877,5.73178100586,5.83750534058,4.75361013412,2.97766971588,2.04357290268,1.31572425365,0.889192759991,0.564453959465,0.239556476474,0.102579176426,0.0213428270072,0.00901169236749,0.0258121229708,0.0504416339099,0.0607345066965,0.0381122492254,0.0271863099188],"min":[6.31819032856e-12,2.72390339451e-11,2.78204403958e-11,1.53666870895e-10,2.70439254324e-10,4.89848162033e-11,1.26440427572e-10,6.97609581213e-10,1.22635701594e-9,2.37434538697e-9,1.25774524129e-9,6.79247680324e-9,4.37918723506e-9,3.60982355119e-9,5.1752837571e-9,1.3013766953e-8,1.33903483857e-8,4.58655113889e-9,6.92990287376e-9,1.52669521469e-8,1.71374452407e-8,2.15064499542e-8,2.38020536614e-8,3.51035822632e-8,2.18360138859e-8,2.66110085079e-8,5.37567110825e-8,3.23958460058e-8,2.71983147115e-8,4.22850412463e-8,4.62970106696e-8,3.94279418003e-8,3.01097564659e-8,2.35971295837e-8,1.81604082883e-8,1.53196744179e-8,1.04507291709e-8,2.12025841329e-9,3.9271938479e-10,4.42248355992e-11],"var":[0.2956174016,5.97761487961,14.7880249023,25.3944835663,106.543838501,369.047149658,322.730865479,1359.35058594,18763.6757812,11458.1503906,4224.33154297,5588.72167969,3304.28735352,2602.84277344,3703.54980469,2171.98486328,990.17388916,831.004760742,936.170227051,581.34967041,341.335296631,330.803375244,231.564163208,267.209960938,386.776855469,453.768035889,176.139602661,64.9394683838,23.4259815216,9.59159088135,4.00165510178,0.846409916878,0.130249202251,0.00243187951855,0.000655026698951,0.0063817827031,0.0359692238271,0.0308387670666,0.0072578904219,0.00061695300974]},"erbbands_crest":{"dmean":2.24789905548,"dmean2":3.68359184265,"dvar":5.33981704712,"dvar2":12.9918899536,"max":30.5221271515,"mean":7.76693964005,"median":6.42551851273,"min":2.41888785362,"var":17.1907215118},"erbbands_flatness_db":{"dmean":0.0169030483812,"dmean2":0.0247228275985,"dvar":0.000229614233831,"dvar2":0.000466079101898,"max":0.270507246256,"mean":0.122555598617,"median":0.118648797274,"min":0.0353495553136,"var":0.00131580571178},"erbbands_kurtosis":{"dmean":0.86260163784,"dmean2":1.37773609161,"dvar":1.14737200737,"dvar2":2.81439948082,"max":28.8855171204,"mean":0.727336466312,"median":0.284186601639,"min":-1.73164117336,"var":3.47555971146},"erbbands_skewness":{"dmean":0.309574782848,"dmean2":0.471206724644,"dvar":0.0805182978511,"dvar2":0.174082800746,"max":4.91599321365,"mean":0.0968626141548,"median":-0.0363694578409,"min":-2.35673332214,"var":0.692491889},"erbbands_spread":{"dmean":6.54126310349,"dmean2":10.0279397964,"dvar":37.0934181213,"dvar2":81.053314209,"max":119.046447754,"mean":33.4550094604,"median":31.2421283722,"min":4.8555226326,"var":204.39175415},"gfcc":{"cov":[[25220.5996094,3019.38598633,-1264.08703613,-431.007507324,452.452209473,-1011.75598145,665.583496094,-760.465026855,311.399627686,-185.141082764,71.1368713379,-68.9035491943,-74.7950057983],[3019.38598633,1254.39221191,-230.302093506,-248.107635498,231.771621704,-245.121627808,130.555755615,-106.035835266,61.281791687,-16.9954299927,64.3656234741,-137.206542969,81.4087677002],[-1264.08703613,-230.302093506,383.479827881,136.581848145,-136.031112671,156.60218811,-118.396690369,56.4046134949,-33.6909637451,13.0960950851,-22.3340167999,31.0519275665,-65.6310577393],[-431.007507324,-248.107635498,136.581848145,244.365829468,24.971244812,15.2253341675,22.2476387024,-15.467467308,-52.3464012146,-18.3545665741,-21.6189441681,24.8755493164,-39.3654975891],[452.452209473,231.771621704,-136.031112671,24.971244812,297.277496338,-5.84983587265,62.2066459656,-90.7532501221,-1.71546673775,-50.1622810364,-1.99703705311,-31.7127056122,70.0746459961],[-1011.75598145,-245.121627808,156.60218811,15.2253341675,-5.84983587265,240.095001221,-75.2578964233,33.1535148621,-21.519777298,-7.17260360718,-21.6943740845,40.9363555908,2.82401776314],[665.583496094,130.555755615,-118.396690369,22.2476387024,62.2066459656,-75.2578964233,156.922851562,-22.922624588,6.06326436996,-8.60280990601,7.54482841492,-8.60641098022,7.05019521713],[-760.465026855,-106.035835266,56.4046134949,-15.467467308,-90.7532501221,33.1535148621,-22.922624588,137.271133423,9.23434352875,39.7516098022,14.4209699631,-10.3376264572,-5.27342796326],[311.399627686,61.281791687,-33.6909637451,-52.3464012146,-1.71546673775,-21.519777298,6.06326436996,9.23434352875,102.204940796,30.5830173492,3.14754033089,2.7575776577,-11.766702652],[-185.141082764,-16.9954299927,13.0960950851,-18.3545665741,-50.1622810364,-7.17260360718,-8.60280990601,39.7516098022,30.5830173492,66.538520813,30.7923145294,-0.700848758221,0.989535570145],[71.1368713379,64.3656234741,-22.3340167999,-21.6189441681,-1.99703705311,-21.6943740845,7.54482841492,14.4209699631,3.14754033089,30.7923145294,54.2607002258,12.8879814148,13.6280879974],[-68.9035491943,-137.206542969,31.0519275665,24.8755493164,-31.7127056122,40.9363555908,-8.60641098022,-10.3376264572,2.7575776577,-0.700848758221,12.8879814148,72.1988754272,-0.532867789268],[-74.7950057983,81.4087677002,-65.6310577393,-39.3654975891,70.0746459961,2.82401776314,7.05019521713,-5.27342796326,-11.766702652,0.989535570145,13.6280879974,-0.532867789268,79.2178649902]],"icov":[[0.000108372405521,-0.000577472615987,0.000905864406377,-0.000831352837849,0.00058987736702,-0.000474892993225,0.000326819339534,0.000208121986361,-0.000172268017195,-0.0000523772214365,0.000383104837965,-0.000559277017601,0.000418442185037],[-0.000577472615987,0.00776762701571,-0.0114898756146,0.0123405223712,-0.00725363194942,0.00789484195411,-0.00637617893517,0.00140825787093,-0.0000488400110044,0.00356231676415,-0.00786335766315,0.00809178128839,-0.00376294017769],[0.000905864406377,-0.0114898756146,0.0269442200661,-0.0261461082846,0.0170645341277,-0.0182750821114,0.0135663347319,-0.0000983470599749,-0.00391336949542,-0.00100894609932,0.00532097415999,-0.00486497627571,0.00481901038438],[-0.000831352837849,0.0123405223712,-0.0261461082846,0.0354614667594,-0.0232468992472,0.020930794999,-0.0139674451202,-0.00224136840552,0.0123949265108,-0.00703587988392,0.00272745755501,-0.00337171717547,0.00484183244407],[0.00058987736702,-0.00725363194942,0.0170645341277,-0.0232468992472,0.0250719878823,-0.0170126445591,0.00581933790818,0.00801624730229,-0.0136379310861,0.0146598033607,-0.0109022241086,0.0124752279371,-0.0112084560096],[-0.000474892993225,0.00789484195411,-0.0182750821114,0.020930794999,-0.0170126445591,0.0212894845754,-0.00630748877302,-0.00421038549393,0.00812402740121,-0.00527192652225,0.00578254787251,-0.00708253402263,0.00150015333202],[0.000326819339534,-0.00637617893517,0.0135663347319,-0.0139674451202,0.00581933790818,-0.00630748877302,0.0160045623779,-0.00238911900669,-0.000751923071221,-0.00212865951471,0.00500916363671,-0.00598864583299,0.00366648752242],[0.000208121986361,0.00140825787093,-0.0000983470599749,-0.00224136840552,0.00801624730229,-0.00421038549393,-0.00238911900669,0.0163275618106,-0.00706959282979,0.00508186267689,-0.0123470816761,0.0141226304695,-0.00698184221983],[-0.000172268017195,-0.0000488400110044,-0.00391336949542,0.0123949265108,-0.0136379310861,0.00812402740121,-0.000751923071221,-0.00706959282979,0.0262836441398,-0.0239882953465,0.0214010067284,-0.0194926466793,0.0145662017167],[-0.0000523772214365,0.00356231676415,-0.00100894609932,-0.00703587988392,0.0146598033607,-0.00527192652225,-0.00212865951471,0.00508186267689,-0.0239882953465,0.0512966141105,-0.0399648472667,0.0278996191919,-0.0174355674535],[0.000383104837965,-0.00786335766315,0.00532097415999,0.00272745755501,-0.0109022241086,0.00578254787251,0.00500916363671,-0.0123470816761,0.0214010067284,-0.0399648472667,0.0619771331549,-0.0392012670636,0.0151285175234],[-0.000559277017601,0.00809178128839,-0.00486497627571,-0.00337171717547,0.0124752279371,-0.00708253402263,-0.00598864583299,0.0141226304695,-0.0194926466793,0.0278996191919,-0.0392012670636,0.0506174527109,-0.0200189352036],[0.000418442185037,-0.00376294017769,0.00481901038438,0.00484183244407,-0.0112084560096,0.00150015333202,0.00366648752242,-0.00698184221983,0.0145662017167,-0.0174355674535,0.0151285175234,-0.0200189352036,0.0319984033704]],"mean":[6.12826967239,84.3588867188,-84.7330551147,1.48960649967,-8.46098518372,-12.0948915482,3.03554868698,-19.1641044617,2.04306173325,-3.65170025826,-2.8486726284,-0.163956850767,-9.53851699829]},"hfc":{"dmean":50.1007614136,"dmean2":79.231590271,"dvar":3980.35888672,"dvar2":10038.1835938,"max":1179.02258301,"mean":206.756973267,"median":182.89352417,"min":2.75003088746e-7,"var":16051.765625},"melbands":{"dmean":[0.00259522278793,0.00137128226925,0.000495880609378,0.000499678833876,0.000250233482802,0.000261286157183,0.000421350501711,0.000213824940147,0.000147392085637,0.000129213280161,0.0000919258600334,0.0000742911288398,0.0000596361169301,0.00005377839625,0.0000500768328493,0.0000349694455508,0.0000302453099721,0.0000283889094135,0.0000197771078092,0.0000129001127789,0.0000104780410766,0.00000898908820091,0.00000595505298406,0.00000584876215726,0.00000466735946247,0.00000489990407004,0.00000468729558634,0.00000394023118133,0.00000251849996857,0.00000185336614322,0.00000135522964229,9.59522026278e-7,6.4979161607e-7,5.98950862241e-7,5.1597254469e-7,2.81911241018e-7,1.95683014681e-7,1.24570419757e-7,4.42731931116e-8,1.91597280264e-8],"dmean2":[0.00425305310637,0.00226192106493,0.00079947442282,0.00081635999959,0.000406955194194,0.000409490283346,0.000639582751319,0.000334123556968,0.000234166232985,0.000209174002521,0.000150815743837,0.000121080993267,0.0000969626926235,0.0000898143989616,0.0000833135418361,0.0000580605046707,0.0000507013101014,0.0000481817223772,0.0000334423821187,0.0000214546726056,0.0000175897566805,0.000014869122424,0.00000990905573417,0.00000937043478189,0.00000748222282709,0.00000788309625932,0.00000736850051908,0.00000601128931521,0.00000385667181035,0.00000282792484541,0.00000208018127523,0.00000146256695643,9.84133293969e-7,8.48547244914e-7,7.02963347976e-7,3.80446806503e-7,2.66898183554e-7,1.71666115989e-7,6.62918395733e-8,3.23311404316e-8],"dvar":[0.0000115985167213,0.00000317630770041,4.21519956717e-7,8.45048930387e-7,2.14944591903e-7,3.22086322058e-7,0.00000122599351471,4.33806746969e-7,1.90405685885e-7,1.36758202984e-7,4.80795989688e-8,2.76547513778e-8,2.32400818589e-8,9.9200905268e-9,5.88980197946e-9,2.78267564546e-9,1.67779046212e-9,1.4286724026e-9,6.9539957126e-10,3.55662554963e-10,2.13577072694e-10,3.11719206003e-10,1.04392106071e-10,1.12579778833e-10,8.78835615392e-11,1.16880699563e-10,1.32886937565e-10,1.15271465984e-10,4.84207500484e-11,2.33305198077e-11,1.09349560656e-11,7.53407666115e-12,4.29530369606e-12,1.60673449372e-12,7.69966393161e-13,2.43555176027e-13,1.15892064283e-13,4.83502330512e-14,4.60373164151e-15,1.01812100298e-15],"dvar2":[0.000030947594496,0.00000846985676617,0.0000010670271422,0.00000213859379983,5.05381592575e-7,7.1540347335e-7,0.00000265745802608,9.87704652289e-7,4.81599840896e-7,3.46370200077e-7,1.21937276276e-7,6.54635385899e-8,5.38230260361e-8,2.51100065185e-8,1.51035557394e-8,6.90891521771e-9,4.44593428739e-9,3.98628285936e-9,1.93989624364e-9,9.44892164512e-10,5.79273462531e-10,7.25972448823e-10,2.61391797096e-10,2.7387078716e-10,1.98782809657e-10,2.55382243131e-10,2.9659782963e-10,2.38430636346e-10,1.03431346821e-10,5.06593933469e-11,2.49659529161e-11,1.75343298908e-11,1.07778118028e-11,3.70146925263e-12,1.52983788831e-12,4.87451333638e-13,2.3505779571e-13,1.00215131061e-13,1.03408458825e-14,2.5347535062e-15],"max":[0.0377098880708,0.0230334158987,0.0130363265052,0.0186975691468,0.0112775946036,0.0137549992651,0.0226947609335,0.0240085925907,0.0138385109603,0.00812400039285,0.00655592000112,0.0037303629797,0.00512062758207,0.00298346206546,0.00173340609763,0.00163715751842,0.00074221304385,0.000777275417931,0.000560591579415,0.00039050259511,0.000284499925328,0.000714412832167,0.000214489627979,0.000214572559344,0.000233376282267,0.000335797754815,0.000428752595326,0.00024404587748,0.000210766214877,0.000101047102362,0.0000701834069332,0.000074859126471,0.0000568640716665,0.0000347205641447,0.0000129204554469,0.0000102348922155,0.00000577136461288,0.00000387027466786,0.00000138001382766,6.13362999502e-7],"mean":[0.00441652210429,0.00242229062133,0.000928450783249,0.000743698328733,0.000396333925892,0.000431889347965,0.00074322760338,0.000348950823536,0.000218213754124,0.000189627578948,0.00014203741739,0.000111759225547,0.0000962174817687,0.000093798385933,0.0000854008976603,0.0000627852132311,0.0000584401168453,0.0000563061403227,0.0000397544972657,0.0000259561311395,0.0000211952592508,0.0000168843835127,0.000010541231859,0.0000103613729152,0.00000848738272907,0.00000841486416903,0.00000806390653452,0.00000663172477289,0.00000429953752246,0.00000321192510455,0.00000237594576902,0.00000164465825492,0.00000112563020593,0.00000109409552351,9.08534218524e-7,4.9180687256e-7,3.30063272713e-7,2.02275586503e-7,6.68583268748e-8,1.90744309236e-8],"median":[0.00339987617917,0.0017705737846,0.000652919057757,0.000451607280411,0.00024003526778,0.000179467184353,0.000135478374432,0.0000887468486326,0.0000715404894436,0.0000610163551755,0.000064170868427,0.0000536534462299,0.0000485892596771,0.000063390158175,0.0000595465571678,0.0000476258610433,0.0000450485968031,0.0000438370989286,0.0000305075354845,0.0000178648697329,0.0000155327288667,0.0000118528159874,0.00000575486865273,0.00000509621168021,0.00000434957337347,0.00000423655956183,0.0000039147366806,0.00000280873859992,0.00000187281079889,0.00000137168512993,0.00000107013534034,7.77701416155e-7,5.0046872957e-7,4.68672510578e-7,3.58425751301e-7,1.93210937027e-7,1.21901393868e-7,7.99623762759e-8,3.39830243945e-8,7.75085506888e-9],"min":[9.07160970149e-14,2.18675158683e-14,3.37924438052e-14,1.02075550838e-14,3.59246620556e-15,1.56878277594e-14,2.10137540913e-14,2.40610364342e-14,1.11630209538e-14,4.68437104156e-14,2.16929694829e-14,1.4647359592e-14,1.4636844525e-14,2.89803615404e-14,3.13233529284e-14,2.51420927263e-14,6.33299048443e-15,8.31908665761e-15,1.90963967594e-14,2.73633146578e-14,1.57031488913e-14,1.91384231461e-14,2.96356601097e-14,1.6999966498e-14,3.13367021676e-14,1.60308320573e-14,1.62616756405e-14,1.5450192666e-14,3.71385593719e-14,2.5842724499e-14,1.48563988531e-14,1.47902015342e-14,1.20258773236e-14,3.16290606716e-14,2.50610011801e-14,2.55658802505e-14,2.4272716744e-14,2.5075241498e-14,1.57606996979e-14,2.12284989663e-14],"var":[0.0000162701617228,0.0000052280665841,8.72246573635e-7,0.00000104741843643,3.53090513272e-7,8.06612717952e-7,0.00000383404130844,0.00000103043555555,3.13114952633e-7,2.359546869e-7,8.49432311156e-8,4.436153489e-8,4.88865055104e-8,1.91081532819e-8,1.03559907316e-8,4.66860017312e-9,3.14340664609e-9,2.87988943803e-9,1.47300427411e-9,8.22042323101e-10,4.58316995466e-10,4.85816664675e-10,1.91485036161e-10,2.24384552605e-10,1.86127696589e-10,2.0371757059e-10,2.29393143369e-10,2.17320883511e-10,8.83883591318e-11,4.16566607597e-11,1.76783240824e-11,9.48950900498e-12,4.89231702025e-12,2.81291569898e-12,1.77440191446e-12,5.377929547e-13,2.53239920353e-13,9.63390811896e-14,8.31384860587e-15,1.05119329853e-15]},"melbands_crest":{"dmean":4.25078058243,"dmean2":6.97605705261,"dvar":12.9526290894,"dvar2":34.7042884827,"max":38.1680717468,"mean":16.9297389984,"median":16.3669586182,"min":3.98627758026,"var":33.1496200562},"melbands_flatness_db":{"dmean":0.0298578254879,"dmean2":0.0451232045889,"dvar":0.000616118835751,"dvar2":0.00142778852023,"max":0.435757011175,"mean":0.232209086418,"median":0.230428680778,"min":0.0104560684413,"var":0.00327938748524},"melbands_kurtosis":{"dmean":6.26106977463,"dmean2":9.83673763275,"dvar":68.6282196045,"dvar2":155.42729187,"max":259.76940918,"mean":12.9017114639,"median":7.58765506744,"min":-1.4660269022,"var":274.421234131},"melbands_skewness":{"dmean":0.754370033741,"dmean2":1.17587053776,"dvar":0.451962739229,"dvar2":1.12313055992,"max":12.5921936035,"mean":2.78685951233,"median":2.55121827126,"min":-0.70679217577,"var":2.21269822121},"melbands_spread":{"dmean":6.71251106262,"dmean2":10.737531662,"dvar":121.085289001,"dvar2":326.593261719,"max":240.099151611,"mean":20.3467960358,"median":16.5524158478,"min":1.16034722328,"var":331.581604004},"mfcc":{"cov":[[10548.2597656,2110.20483398,-553.421936035,630.340820312,-232.837402344,311.126739502,-96.8560943604,170.640640259,-124.892776489,188.772003174,-40.1198654175,114.5991745,-35.1477622986],[2110.20483398,1527.70495605,-272.646392822,99.9443893433,49.7206611633,22.673084259,58.2225341797,-75.3973312378,59.5465393066,29.2933998108,57.9956932068,3.41276478767,58.4753799438],[-553.421936035,-272.646392822,496.070037842,-68.1597671509,4.3160777092,-7.51778507233,-59.8252906799,40.461730957,-78.8622055054,50.3628578186,-18.9912071228,31.9996547699,-26.3942928314],[630.340820312,99.9443893433,-68.1597671509,319.779418945,-37.5646247864,37.8258399963,46.152759552,8.08217334747,-19.5362052917,-2.51877760887,1.56989681721,-2.65048909187,-22.7883224487],[-232.837402344,49.7206611633,4.3160777092,-37.5646247864,200.981735229,77.7926712036,17.0794506073,0.950583279133,24.5558223724,-35.5437049866,-13.3830165863,-13.0429697037,3.13590598106],[311.126739502,22.673084259,-7.51778507233,37.8258399963,77.7926712036,193.24029541,15.1520347595,51.1419906616,-8.41955184937,-12.2565784454,-55.2133560181,4.64872932434,-13.4381427765],[-96.8560943604,58.2225341797,-59.8252906799,46.152759552,17.0794506073,15.1520347595,133.229293823,0.553984344006,22.6521110535,-30.7805328369,-5.43192148209,-25.9802513123,16.5675582886],[170.640640259,-75.3973312378,40.461730957,8.08217334747,0.950583279133,51.1419906616,0.553984344006,89.6860275269,-10.6349115372,13.3333950043,-24.0217628479,9.09884643555,-19.8356800079],[-124.892776489,59.5465393066,-78.8622055054,-19.5362052917,24.5558223724,-8.41955184937,22.6521110535,-10.6349115372,85.1188354492,-4.43441057205,22.2304992676,-9.40611457825,13.0820455551],[188.772003174,29.2933998108,50.3628578186,-2.51877760887,-35.5437049866,-12.2565784454,-30.7805328369,13.3333950043,-4.43441057205,77.9329528809,18.1014347076,23.6726226807,-7.14482450485],[-40.1198654175,57.9956932068,-18.9912071228,1.56989681721,-13.3830165863,-55.2133560181,-5.43192148209,-24.0217628479,22.2304992676,18.1014347076,70.3897857666,12.2203865051,8.15551948547],[114.5991745,3.41276478767,31.9996547699,-2.65048909187,-13.0429697037,4.64872932434,-25.9802513123,9.09884643555,-9.40611457825,23.6726226807,12.2203865051,50.6784629822,10.3797111511],[-35.1477622986,58.4753799438,-26.3942928314,-22.7883224487,3.13590598106,-13.4381427765,16.5675582886,-19.8356800079,13.0820455551,-7.14482450485,8.15551948547,10.3797111511,52.2731895447]],"icov":[[0.000211294362089,-0.000294446363114,0.000207316465094,-0.000245431030635,0.000234958177316,-0.000194905718672,0.000320495368214,-0.000484608724946,0.000353216571966,-0.00022940695635,0.000146077174577,-0.000135339665576,0.00000379991479349],[-0.000294446363114,0.00126235559583,0.000133478606585,0.000118581476272,-0.000666257343255,0.00000474370199299,-0.000624916516244,0.00125506788027,-0.000377325020963,-0.000654825824313,-0.000599134189542,0.000317031808663,-0.000740070652682],[0.000207316465094,0.000133478606585,0.00331880454905,0.000278891180642,-0.000849975040182,0.000550010416191,0.000219722598558,-0.000989110325463,0.00295250653289,-0.00229223258793,0.000640086946078,-0.00120060727932,0.000621166720521],[-0.000245431030635,0.000118581476272,0.000278891180642,0.00441488064826,0.000869656621944,-0.00102860236075,-0.00220721168444,0.00095127930399,0.00110776524525,0.000544112408534,-0.00143652840052,-0.000628864683677,0.00265786238015],[0.000234958177316,-0.000666257343255,-0.000849975040182,0.000869656621944,0.00794742908329,-0.00420008180663,0.000436067261035,0.00038891020813,-0.00185658654664,0.00328361452557,-0.00167033425532,0.0011530573247,0.000251186313108],[-0.000194905718672,0.00000474370199299,0.000550010416191,-0.00102860236075,-0.00420008180663,0.0104475906119,-0.000809777295217,-0.00310205295682,-0.000436707981862,-0.000372731272364,0.00705366581678,-0.00375558715314,0.00141385360621],[0.000320495368214,-0.000624916516244,0.000219722598558,-0.00220721168444,0.000436067261035,-0.000809777295217,0.011376734823,-0.00295599340461,-0.00137179938611,0.00215406529605,-0.000341689999914,0.00552052771673,-0.00530365528539],[-0.000484608724946,0.00125506788027,-0.000989110325463,0.00095127930399,0.00038891020813,-0.00310205295682,-0.00295599340461,0.0178243480623,-0.00188789900858,-0.00233598449267,0.0031148227863,-0.00377857731655,0.00548271276057],[0.000353216571966,-0.000377325020963,0.00295250653289,0.00110776524525,-0.00185658654664,-0.000436707981862,-0.00137179938611,-0.00188789900858,0.0181146208197,-0.00251507293433,-0.00548492046073,0.00293956371024,-0.0022543091327],[-0.00022940695635,-0.000654825824313,-0.00229223258793,0.000544112408534,0.00328361452557,-0.000372731272364,0.00215406529605,-0.00233598449267,-0.00251507293433,0.0205506477505,-0.00445868214592,-0.0051544434391,0.00295359455049],[0.000146077174577,-0.000599134189542,0.000640086946078,-0.00143652840052,-0.00167033425532,0.00705366581678,-0.000341689999914,0.0031148227863,-0.00548492046073,-0.00445868214592,0.0252727046609,-0.00803717318922,0.00208535604179],[-0.000135339665576,0.000317031808663,-0.00120060727932,-0.000628864683677,0.0011530573247,-0.00375558715314,0.00552052771673,-0.00377857731655,0.00293956371024,-0.0051544434391,-0.00803717318922,0.0322693139315,-0.0121380314231],[0.00000379991479349,-0.000740070652682,0.000621166720521,0.00265786238015,0.000251186313108,0.00141385360621,-0.00530365528539,0.00548271276057,-0.0022543091327,0.00295359455049,0.00208535604179,-0.0121380314231,0.028595590964]],"mean":[-651.128417969,149.804962158,-15.9116477966,31.6355056763,0.691049873829,23.9668483734,0.541374444962,7.86404466629,-3.06819200516,10.7016105652,-1.56850731373,6.29685783386,0.911006569862]},"pitch_salience":{"dmean":0.0758590847254,"dmean2":0.122979074717,"dvar":0.00425117136911,"dvar2":0.0113558368757,"max":0.813060462475,"mean":0.545769572258,"median":0.553558349609,"min":0.107171848416,"var":0.0112504353747},"silence_rate_20dB":{"dmean":0,"dmean2":0,"dvar":0,"dvar2":0,"max":1,"mean":1,"median":1,"min":1,"var":0},"silence_rate_30dB":{"dmean":0.0228680316359,"dmean2":0.0457415133715,"dvar":0.0223446134478,"dvar2":0.0546109341085,"max":1,"mean":0.978325605392,"median":1,"min":0,"var":0.0212057642639},"silence_rate_60dB":{"dmean":0.000238208667724,"dmean2":0.000476474087918,"dvar":0.000238151929807,"dvar2":0.000476258428534,"max":1,"mean":0.0395379289985,"median":0,"min":0,"var":0.0379748791456},"spectral_centroid":{"dmean":216.072891235,"dmean2":326.78729248,"dvar":62065.2070312,"dvar2":111673.40625,"max":11266.3994141,"mean":1257.640625,"median":1116.3145752,"min":211.170944214,"var":485639.3125},"spectral_complexity":{"dmean":3.61267280579,"dmean2":5.59189987183,"dvar":12.8464269638,"dvar2":26.9381408691,"max":62,"mean":23.8782901764,"median":25,"min":0,"var":105.203933716},"spectral_contrast_coeffs":{"dmean":[0.0497239679098,0.050088621676,0.0365615449846,0.0251743867993,0.0186310838908,0.0307372100651],"dmean2":[0.083163805306,0.083140052855,0.0613384991884,0.0427818484604,0.0313350260258,0.0483384877443],"dvar":[0.00167225243058,0.00165067613125,0.000891593750566,0.000393992464524,0.00022553060262,0.000809545628726],"dvar2":[0.00463238824159,0.00448246533051,0.00243476615287,0.00112730648834,0.000599919061642,0.00192565377802],"max":[-0.463448166847,-0.429966926575,-0.568436026573,-0.655048131943,-0.651920437813,-0.473148554564],"mean":[-0.715169668198,-0.767198204994,-0.813582897186,-0.823195278645,-0.816131293774,-0.724091827869],"median":[-0.714474380016,-0.777440547943,-0.820862054825,-0.822991251945,-0.814040660858,-0.723797082901],"min":[-0.957331240177,-0.967023670673,-0.967893123627,-0.953703582287,-0.956691741943,-0.957915425301],"var":[0.00470429193228,0.00617227796465,0.00294349365868,0.00113087077625,0.00103695946746,0.00372495944612]},"spectral_contrast_valleys":{"dmean":[0.34933835268,0.346262723207,0.282435268164,0.218325033784,0.235033050179,0.43053278327],"dmean2":[0.581377744675,0.574921488762,0.467332661152,0.356137633324,0.353874236345,0.644666552544],"dvar":[0.0950809195638,0.0873188748956,0.0644272118807,0.0469134785235,0.0769545510411,0.161016643047],"dvar2":[0.237015411258,0.210982859135,0.143522128463,0.0923804864287,0.142330273986,0.374627619982],"max":[-4.98222875595,-4.58673286438,-5.34388208389,-5.57071781158,-5.74040985107,-8.98021316528],"mean":[-6.69530344009,-6.58546972275,-6.95253324509,-7.16718053818,-7.55834007263,-10.97864151],"median":[-6.37845802307,-6.29295682907,-6.61119270325,-6.76387310028,-7.27748298645,-10.7430143356],"min":[-27.0540866852,-26.9057540894,-27.5768127441,-27.3917865753,-27.3631534576,-27.3436470032],"var":[2.72287631035,2.81989169121,2.71418762207,2.68947505951,2.27448368073,1.48812627792]},"spectral_decrease":{"dmean":3.31609406601e-9,"dmean2":5.24622656428e-9,"dvar":1.36493412021e-17,"dvar2":3.49196644782e-17,"max":6.2730864947e-9,"mean":-7.50656781179e-9,"median":-6.30534602308e-9,"min":-4.44569003832e-8,"var":3.29317310906e-17},"spectral_energy":{"dmean":0.0130238868296,"dmean2":0.0206293109804,"dvar":0.000210035359487,"dvar2":0.00053633278003,"max":0.186001837254,"mean":0.0470849536359,"median":0.0431153066456,"min":2.43614954598e-11,"var":0.000629968359135},"spectral_energyband_high":{"dmean":0.000374724215362,"dmean2":0.000501319707837,"dvar":4.57531541542e-7,"dvar2":9.04292619452e-7,"max":0.0132887624204,"mean":0.00112445291597,"median":0.000725407327991,"min":1.52924634761e-11,"var":0.00000157418071467},"spectral_energyband_low":{"dmean":0.00963416323066,"dmean2":0.0156730413437,"dvar":0.000142341887113,"dvar2":0.000375991920009,"max":0.139899894595,"mean":0.0197958275676,"median":0.0164264552295,"min":4.7245562497e-13,"var":0.000236655556364},"spectral_energyband_middle_high":{"dmean":0.00161254464183,"dmean2":0.00245361961424,"dvar":0.00000497371138408,"dvar2":0.0000109264428829,"max":0.0411838144064,"mean":0.00533654214814,"median":0.00446166144684,"min":3.01380773636e-12,"var":0.0000191798153537},"spectral_energyband_middle_low":{"dmean":0.00523632531986,"dmean2":0.00811215490103,"dvar":0.0000591800999246,"dvar2":0.000138210380101,"max":0.125903874636,"mean":0.013058533892,"median":0.00808020588011,"min":6.81016007475e-13,"var":0.000198874360649},"spectral_entropy":{"dmean":0.127307355404,"dmean2":0.181239187717,"dvar":0.01437951345,"dvar2":0.027203835547,"max":9.79096031189,"mean":7.68819713593,"median":7.7118024826,"min":6.15481567383,"var":0.121706992388},"spectral_flux":{"dmean":0.0221833996475,"dmean2":0.0356801785529,"dvar":0.000487172976136,"dvar2":0.00117117469199,"max":0.307346820831,"mean":0.112066440284,"median":0.111494682729,"min":0.0000269071715593,"var":0.00216817343608},"spectral_kurtosis":{"dmean":3.08976268768,"dmean2":4.4297451973,"dvar":13.5495519638,"dvar2":29.062702179,"max":68.6533508301,"mean":15.9237375259,"median":14.7196807861,"min":-1.17510843277,"var":58.5581359863},"spectral_rms":{"dmean":0.000888128590304,"dmean2":0.00139315170236,"dvar":7.38435630865e-7,"dvar2":0.00000187469959201,"max":0.0134709021077,"mean":0.00646669324487,"median":0.00648565450683,"min":1.54166514221e-7,"var":0.00000411882820117},"spectral_rolloff":{"dmean":4508.75634766,"dmean2":8541.89160156,"dvar":54479980,"dvar2":131277112,"max":22050,"mean":14929.1113281,"median":20844.140625,"min":64.599609375,"var":83927384},"spectral_skewness":{"dmean":0.269884824753,"dmean2":0.388232052326,"dvar":0.0857550576329,"dvar2":0.17459577322,"max":6.4658780098,"mean":2.68346524239,"median":2.62841081619,"min":-0.0629698634148,"var":0.491170704365},"spectral_spread":{"dmean":454397.75,"dmean2":624538.25,"dvar":290260975616,"dvar2":451138420736,"max":40374584,"mean":4560687,"median":4257598,"min":2002066.875,"var":2298941538300},"spectral_strongpeak":{"dmean":4.19973707199,"dmean2":7.93081521988,"dvar":258.031494141,"dvar2":685.152404785,"max":175.562240601,"mean":3.59875535965,"median":0.228270351887,"min":0,"var":236.659744263},"zerocrossingrate":{"dmean":0.0393866635859,"dmean2":0.0503244362772,"dvar":0.00110807875171,"dvar2":0.00186793098692,"max":0.7802734375,"mean":0.293458998203,"median":0.2861328125,"min":0.07177734375,"var":0.00828008912504}},"metadata":{"audio_properties":{"analysis_sample_rate":44100,"bit_rate":320000,"codec":"mp3","downmix":"mix","equal_loudness":0,"length":194.952896118,"lossless":false,"md5_encoded":"c2e9d2b2156e7c1a1b59b95b85fcaa06","replay_gain":-6.1652507782,"sample_rate":44100},"tags":{"album":["Cross Purposes"],"albumartist":["Black Sabbath"],"albumartistsort":["Black Sabbath","Black Sabbath"],"artist":["Black Sabbath"],"artistsort":["Black Sabbath"],"asin":["B000008DHS"],"barcode":["077771322228"],"catalognumber":["0777 7 13222 2 8"],"composer":["Geezer Butler/Tony Iommi/Tony Martin"],"date":["1994"],"discnumber":["1/1"],"file_name":"03. Black Sabbath - Psychophobia.mp3","genre":["Heavy Metal"],"label":["I.R.S. Records"],"language":["eng"],"media":["CD"],"musicbrainz album release country":["XE"],"musicbrainz album status":["official"],"musicbrainz album type":["album"],"musicbrainz_albumartistid":["5182c1d9-c7d2-4dad-afa0-ccfeada921a8"],"musicbrainz_albumid":["5d2e8936-8c36-3ccd-8e8f-916e3b771d49"],"musicbrainz_artistid":["5182c1d9-c7d2-4dad-afa0-ccfeada921a8"],"musicbrainz_recordingid":["39cbdb64-052c-42b7-98ae-7a3ad2422605"],"script":["Latn"],"title":["Psychophobia"],"tracknumber":["3/10"]},"version":{"essentia":"2.1-beta1","essentia_build_sha":"ca57ba49d9b1854bd80e60cf9ccf267278fb7d6b","essentia_git_sha":"v2.1_beta1-28-g21ef5f4-dirty","extractor":"music 1.0"}},"rhythm":{"beats_count":338,"beats_loudness":{"dmean":0.0227285344154,"dmean2":0.0396037623286,"dvar":0.000396388408262,"dvar2":0.00108458683826,"max":0.201085746288,"mean":0.0561980754137,"median":0.0532526187599,"min":5.09433251139e-9,"var":0.000722921395209},"beats_loudness_band_ratio":{"dmean":[0.19322308898,0.0820129215717,0.095317684114,0.056123200804,0.0263991430402,0.103593580425],"dmean2":[0.345584928989,0.140711531043,0.166469782591,0.100209794939,0.0458539575338,0.183560192585],"dvar":[0.0201919581741,0.00759839080274,0.0155930947512,0.00361084751785,0.000644879823085,0.00730732642114],"dvar2":[0.0565248094499,0.0189884863794,0.0413499027491,0.0108076697215,0