{"lowlevel":{"average_loudness":0.502579092979,"barkbands":{"dmean":[0.0000244051589107,0.000138215109473,0.000116999864986,0.000368632492609,0.002097009914,0.00170633406378,0.00140672619455,0.000843891641125,0.000447556405561,0.000485911499709,0.000206545286346,0.000158537266543,0.000180140836164,0.000270613760222,0.000118791911518,0.0000974367867457,0.0000711648972356,0.0000459916955151,0.000049555375881,0.0000219761550397,0.0000131970164148,0.0000191157196241,0.0000126889754029,0.00000221071695705,4.28032791433e-7,1.80367962344e-7,8.01121515792e-8],"dmean2":[0.000035520442907,0.000202239578357,0.000167755060829,0.00051842443645,0.00322843948379,0.002490863204,0.00213087210432,0.00132608576678,0.000671300222166,0.000728851184249,0.000324630120303,0.000260281231022,0.000296676735161,0.000426096376032,0.00018915925466,0.000144890436786,0.000110677639896,0.0000716915965313,0.0000722591212252,0.0000341039813065,0.0000199206879188,0.0000282419077848,0.0000187847545021,0.00000358982993021,7.44431417843e-7,3.23098760191e-7,1.40054808639e-7],"dvar":[2.14762652107e-9,1.57161593961e-7,1.60274410632e-7,0.00000128742260586,0.0000169094964804,0.0000221078116738,0.0000179919479706,0.00000575137119085,0.00000256988369074,0.00000180930976512,3.34203576813e-7,4.66267294996e-7,2.52213510521e-7,6.97527696047e-7,1.38120256565e-7,1.02738319185e-7,3.28622569157e-8,2.34079173822e-8,2.07262065288e-8,5.60004087546e-9,2.49292830823e-9,6.20185280908e-9,2.77320300057e-9,7.80691761237e-11,2.37799515322e-12,5.14608809125e-13,4.26029552619e-14],"dvar2":[3.47889783647e-9,3.3158653423e-7,2.85361181795e-7,0.00000220375954996,0.0000355185438821,0.0000452019921795,0.0000369836561731,0.0000140794263643,0.00000475779233966,0.00000395583538193,7.86948760378e-7,0.0000011933695987,6.15525323155e-7,0.00000168097483311,3.45855283967e-7,2.0115126631e-7,7.04464753198e-8,5.09152862094e-8,3.86186727042e-8,1.20011049987e-8,5.0546113961e-9,1.27438770647e-8,5.51951417904e-9,1.84846443707e-10,6.39268369143e-12,1.45691802806e-12,1.18325759347e-13],"max":[0.00271995668299,0.0130462218076,0.0186739452183,0.0452499426901,0.142488002777,0.119771450758,0.0814287215471,0.0634260028601,0.0587074235082,0.039248213172,0.0203853584826,0.0284602567554,0.0137762157246,0.0335513986647,0.0101965032518,0.00784169882536,0.0052876546979,0.00439950451255,0.00487097352743,0.00290796044283,0.00140769791324,0.0022090470884,0.001736569684,0.000304927583784,0.0000503008523083,0.000016469943148,0.00000423095207225],"mean":[0.0000767557430663,0.000201461079996,0.000201160408324,0.000869458308443,0.00380537100136,0.00308579881676,0.00211303681135,0.00126403477043,0.000778892077506,0.000804357172456,0.000284153298708,0.000192578489077,0.000248603231739,0.00043819998973,0.000174484579475,0.000155249726959,0.000106242616312,0.0000597720136284,0.0000774832442403,0.0000318087040796,0.0000195393222384,0.0000295410573017,0.0000180301885848,0.0000025381582418,4.85550629037e-7,3.10242398882e-7,3.45728693674e-7],"median":[0.000073906070611,0.0000451898122265,0.0000141632408486,0.000049594182201,0.0012388783507,0.000815398467239,0.000387466861866,0.000331192131853,0.000199415255338,0.000164432465681,0.0000679219156154,0.000030903476727,0.0000396247050958,0.000058819197875,0.0000232895054069,0.0000158427592396,0.0000169492723217,0.00000738201742934,0.00000833236572362,0.00000312607994601,0.00000137847939641,9.64850073615e-7,6.88175134655e-7,2.16995815094e-7,1.59686479151e-7,2.09783820537e-7,3.2152271956e-7],"min":[9.91772989161e-25,1.17022289086e-24,3.86091995627e-25,1.4204898019e-24,6.31440990014e-24,4.07594923954e-24,4.3122797394e-24,1.38544296014e-23,1.99259543564e-23,1.00493684914e-23,1.70601252396e-23,2.38520929936e-23,2.81050251493e-23,3.20686157469e-23,4.61499375218e-23,5.00073001098e-23,6.13710118435e-23,6.18735982816e-23,1.33295733043e-22,1.6765364207e-22,2.17990187478e-22,3.10989491843e-22,3.85416915286e-22,5.75789700939e-22,8.36472863902e-22,1.32085627988e-21,1.81355168971e-21],"var":[4.42003855738e-9,2.58549135879e-7,5.32828096311e-7,0.00000886246471055,0.0000545389921172,0.000056599277741,0.0000355773117917,0.00000789863133832,0.000007601370271,0.00000387019190384,5.02491786847e-7,5.5685990219e-7,4.67209332555e-7,0.00000127534940475,2.34513734654e-7,2.47940420195e-7,6.69353212857e-8,3.79238009884e-8,6.06317485108e-8,1.4309901708e-8,5.68593305772e-9,1.42589682284e-8,5.71372060776e-9,1.1109063669e-10,1.8620467581e-12,3.17809824681e-13,3.35692777287e-14]},"barkbands_crest":{"dmean":2.73532390594,"dmean2":4.45716762543,"dvar":5.83279275894,"dvar2":14.4072589874,"max":25.9432563782,"mean":10.6840486526,"median":9.73921394348,"min":2.92668747902,"var":17.5345611572},"barkbands_flatness_db":{"dmean":0.0241736806929,"dmean2":0.0360409840941,"dvar":0.000578873965424,"dvar2":0.0011612190865,"max":0.391669631004,"mean":0.188369870186,"median":0.185662746429,"min":0.0443842895329,"var":0.0027636110317},"barkbands_kurtosis":{"dmean":3.62431550026,"dmean2":5.56855249405,"dvar":49.010219574,"dvar2":111.115158081,"max":203.91607666,"mean":6.8489985466,"median":3.39754629135,"min":-1.87334465981,"var":132.275299072},"barkbands_skewness":{"dmean":0.528907597065,"dmean2":0.80358505249,"dvar":0.306524813175,"dvar2":0.672438442707,"max":10.3860578537,"mean":1.43962097168,"median":1.2458255291,"min":-2.45421266556,"var":1.58433520794},"barkbands_spread":{"dmean":3.05339670181,"dmean2":4.7446436882,"dvar":25.2157020569,"dvar2":52.1279754639,"max":127.572067261,"mean":10.3682355881,"median":8.46987819672,"min":0.534454464912,"var":76.9470291138},"dissonance":{"dmean":0.0318827107549,"dmean2":0.0524291098118,"dvar":0.00092953175772,"dvar2":0.00239146105014,"max":0.500000059605,"mean":0.430431753397,"median":0.442402511835,"min":0.147536218166,"var":0.00259876996279},"dynamic_complexity":5.3597779274,"erbbands":{"dmean":[0.00498418044299,0.028895450756,0.106160983443,0.632758259773,3.63249015808,9.83792591095,9.98249912262,15.4907855988,15.4201202393,25.3501834869,15.0605211258,11.3915929794,10.150510788,14.7203416824,7.40062999725,6.29496669769,7.30787467957,14.4996261597,7.68135690689,5.62431383133,4.17359447479,3.7254960537,2.53003001213,2.20750188828,2.15962719917,0.950522124767,0.560963153839,0.561072170734,0.670536875725,0.611237287521,0.313911050558,0.089477211237,0.019658351317,0.00634099077433,0.00237465463579,0.000926707696635,0.000332370691467,0.0000766465236666,0.0000144117020682,0.00000672084706821],"dmean2":[0.00741564529017,0.0425570234656,0.154640287161,0.885512828827,5.44398260117,15.3642873764,14.599398613,22.568195343,23.2515640259,38.4508476257,23.31042099,16.5518493652,15.2852449417,22.0142707825,11.6475820541,10.3679018021,11.7623662949,22.7422523499,12.1361541748,8.39538002014,6.28006076813,5.75468873978,3.8484647274,3.31980609894,3.10967946053,1.4616985321,0.856951236725,0.825439035892,0.985307097435,0.90931302309,0.462353527546,0.138729467988,0.0328980572522,0.0109027400613,0.00416803918779,0.0016559221549,0.000597289414145,0.000136017639306,0.0000246089493885,0.00000979424112302],"dvar":[0.000218124012463,0.00706422189251,0.108520045877,3.44941568375,63.8999595642,467.93850708,653.769470215,2388.3503418,2847.72412109,5408.54101562,1790.41296387,1701.82775879,1185.21960449,1662.93615723,345.024902344,804.424377441,454.41305542,1496.17541504,1062.81274414,285.392822266,136.204315186,88.3501434326,64.6490325928,38.0665588379,48.5974769592,9.50612640381,4.66117286682,4.58013486862,8.34495925903,5.62056303024,1.87968671322,0.14008513093,0.00442056916654,0.000523535360117,0.000081348392996,0.0000130069229272,0.00000181706832336,5.68226781184e-8,1.11289089055e-9,1.23598589696e-10],"dvar2":[0.000422344659455,0.0156764928252,0.203658625484,6.03750324249,132.701797485,970.842895508,1302.28259277,4745.11181641,5778.74951172,11778.7470703,4386.01513672,2961.97192383,2432.30175781,3489.42553711,761.38873291,2195.67236328,1092.26733398,3598.68847656,2527.45507812,631.504638672,274.020324707,195.442382812,140.394195557,78.0300369263,84.3277816772,20.4259567261,10.1471176147,8.97113609314,17.2107944489,12.0527572632,3.69406819344,0.310857594013,0.010817470029,0.00138087267987,0.000225410112762,0.0000367795946659,0.00000517848275194,1.6004791803e-7,3.06673775263e-9,2.50997778117e-10],"max":[0.378248184919,3.33641910553,13.3650836945,90.1340332031,198.307861328,828.040649414,801.792175293,1373.81262207,1249.94030762,1603.2253418,1554.4967041,1753.1751709,1204.75866699,1667.31518555,409.539459229,1218.04174805,687.719970703,822.549865723,1674.75744629,477.895019531,320.747131348,190.536026001,241.989868164,110.594215393,280.703521729,129.007049561,86.2902603149,65.1872406006,78.7633895874,52.2335319519,51.6358985901,11.5428237915,1.841750741,0.825589776039,0.206478282809,0.0907039269805,0.0346622504294,0.00380840874277,0.000735116133001,0.000170494444319],"mean":[0.00645738840103,0.045941144228,0.209430709481,1.61652183533,6.94611930847,15.9458942413,17.8582458496,26.530122757,23.3383979797,37.5084533691,25.8616275787,20.0663661957,17.376531601,24.3542842865,11.1147508621,8.03661441803,11.0492839813,24.7339420319,11.6112480164,9.28032875061,6.87339496613,5.63796615601,3.55163383484,3.21780848503,3.5734360218,1.45900058746,0.79718375206,0.866581737995,1.01706147194,0.897777974606,0.446499794722,0.113648056984,0.021741354838,0.00689560780302,0.00287755066529,0.00130373693537,0.000580131367315,0.000202044699108,0.0000550149161427,0.0000223412716878],"median":[0.00176512612961,0.0103926919401,0.0246223136783,0.148124605417,1.72311639786,4.899102211,5.22455978394,7.02244138718,3.82273864746,9.43437767029,6.89888763428,5.26225137711,4.62387037277,4.89849328995,2.80502557755,1.46612644196,1.90652823448,3.49080204964,1.78087604046,1.08100402355,0.919921875,0.952911496162,0.489722698927,0.445021688938,0.329677283764,0.152100428939,0.0756159350276,0.0504572615027,0.0348581187427,0.0270065981895,0.0179920252413,0.00711763184518,0.00290491408668,0.0017833673628,0.00118604837917,0.000747881655116,0.000407358340453,0.000170368613908,0.0000482719769934,0.0000131103906824],"min":[5.63246686328e-23,2.58499595978e-22,1.45610970063e-21,6.12322427537e-21,4.74580376558e-21,2.38608745679e-20,4.74884486602e-20,6.22739434492e-20,8.5453418294e-20,2.0467930268e-19,3.8583992184e-19,4.95754518413e-19,4.98216518109e-19,7.16855243257e-19,7.03273092696e-19,1.19954072158e-18,1.43991837361e-18,1.97513400844e-18,2.83377229969e-18,2.79265004951e-18,3.34848709021e-18,4.71680677795e-18,3.91708483942e-18,5.9080035219e-18,6.63108055923e-18,7.50036673292e-18,7.10014035662e-18,1.08001713489e-17,1.01789868331e-17,1.08973038596e-17,1.03002746719e-17,9.04641941016e-18,9.70410492493e-18,7.43050388556e-18,6.05935813525e-18,4.07631586657e-18,2.24175768772e-18,9.76736728459e-19,2.36824756205e-19,2.7170967036e-20],"var":[0.00034512791899,0.012001613155,0.396004915237,24.453918457,240.261367798,1268.05493164,1507.71118164,5345.05273438,5752.23242188,8975.75585938,3157.28808594,5260.80761719,2484.47705078,3491.19213867,646.053344727,882.883666992,924.96887207,3345.3449707,1493.84997559,651.131469727,320.956634521,169.335723877,111.505157471,74.2974624634,186.965179443,26.3169593811,9.31381702423,11.2451467514,18.1971797943,11.8065185547,3.95518398285,0.243075251579,0.00546287046745,0.000446071207989,0.0000577093669563,0.000008186474588,0.00000109229949885,3.72788839798e-8,1.00908814638e-9,4.94156937592e-10]},"erbbands_crest":{"dmean":2.94112443924,"dmean2":4.71531105042,"dvar":7.35017347336,"dvar2":17.8751220703,"max":30.6344470978,"mean":10.6428079605,"median":9.77418422699,"min":2.35663175583,"var":20.791053772},"erbbands_flatness_db":{"dmean":0.0200196001679,"dmean2":0.0298840086907,"dvar":0.000392387009924,"dvar2":0.000788550940342,"max":0.371684074402,"mean":0.225539475679,"median":0.229057773948,"min":0.028727369383,"var":0.00249164644629},"erbbands_kurtosis":{"dmean":1.78103816509,"dmean2":2.73087573051,"dvar":9.38622951508,"dvar2":21.44780159,"max":75.2687835693,"mean":2.27420282364,"median":0.707431793213,"min":-1.82487010956,"var":23.1998348236},"erbbands_skewness":{"dmean":0.437842935324,"dmean2":0.662625014782,"dvar":0.232535690069,"dvar2":0.478630840778,"max":7.77436304092,"mean":0.864774763584,"median":0.757495939732,"min":-3.35771965981,"var":1.00865674019},"erbbands_spread":{"dmean":5.48295211792,"dmean2":8.5295419693,"dvar":54.2545852661,"dvar2":132.330581665,"max":105.80796051,"mean":21.3069610596,"median":18.7846717834,"min":2.47625303268,"var":162.615753174},"gfcc":{"cov":[[26927.1796875,3117.18481445,-4427.24560547,448.814147949,-1726.87341309,-587.665771484,-917.685119629,-855.050537109,-172.530990601,-497.200378418,-329.116149902,-269.308258057,-392.813598633],[3117.18481445,1014.43212891,-240.68510437,-339.210906982,-45.2058334351,-133.721496582,-107.015464783,-26.8460731506,-66.8636932373,-46.694278717,-38.8148155212,-24.2261791229,-14.6513376236],[-4427.24560547,-240.68510437,1561.92724609,78.7187347412,185.237167358,154.34753418,191.563598633,160.585403442,19.4524440765,94.1464767456,9.23192119598,100.683013916,65.751953125],[448.814147949,-339.210906982,78.7187347412,830.032165527,-154.130187988,26.3470134735,63.7366333008,-184.858001709,102.858673096,-52.1096382141,-42.9567947388,-15.410569191,-68.3626937866],[-1726.87341309,-45.2058334351,185.237167358,-154.130187988,421.160919189,35.7918777466,22.5688457489,155.460800171,-36.494758606,75.3742523193,51.717212677,32.4544525146,65.3715286255],[-587.665771484,-133.721496582,154.34753418,26.3470134735,35.7918777466,198.08984375,88.8928222656,29.8149909973,16.429397583,3.6832408905,7.13096809387,22.8050441742,-1.71625256538],[-917.685119629,-107.015464783,191.563598633,63.7366333008,22.5688457489,88.8928222656,184.510314941,68.4005661011,21.1640129089,13.7766675949,6.5391998291,24.198387146,8.10825920105],[-855.050537109,-26.8460731506,160.585403442,-184.858001709,155.460800171,29.8149909973,68.4005661011,241.436203003,-1.93059706688,62.2550163269,41.0169830322,49.3396987915,55.4151535034],[-172.530990601,-66.8636932373,19.4524440765,102.858673096,-36.494758606,16.429397583,21.1640129089,-1.93059706688,111.218299866,17.3514556885,3.26389837265,3.1978328228,-13.2660837173],[-497.200378418,-46.694278717,94.1464767456,-52.1096382141,75.3742523193,3.6832408905,13.7766675949,62.2550163269,17.3514556885,107.724143982,47.4313621521,22.1641101837,20.7457866669],[-329.116149902,-38.8148155212,9.23192119598,-42.9567947388,51.717212677,7.13096809387,6.5391998291,41.0169830322,3.26389837265,47.4313621521,77.8641738892,35.2765350342,13.8617811203],[-269.308258057,-24.2261791229,100.683013916,-15.410569191,32.4544525146,22.8050441742,24.198387146,49.3396987915,3.1978328228,22.1641101837,35.2765350342,79.5723571777,38.9686012268],[-392.813598633,-14.6513376236,65.751953125,-68.3626937866,65.3715286255,-1.71625256538,8.10825920105,55.4151535034,-13.2660837173,20.7457866669,13.8617811203,38.9686012268,81.6360549927]],"icov":[[0.00129821500741,-0.00407221261412,0.00309309666045,-0.00332667375915,0.00413728319108,-0.00307966186665,0.00421737134457,-0.00329236825928,0.00357570382766,-0.00294505269267,0.00274296058342,-0.00230274396017,0.00063999381382],[-0.00407221261412,0.0141731565818,-0.00963923800737,0.0111483503133,-0.0129997478798,0.0104713700712,-0.0132338898256,0.0106606595218,-0.011122838594,0.00954020861536,-0.00771604385227,0.00641544954851,-0.00122772762552],[0.00309309666045,-0.00963923800737,0.00825705844909,-0.00803706608713,0.00962305348366,-0.00760232750326,0.00953444745392,-0.00796420779079,0.00869014579803,-0.00781480688602,0.00761429220438,-0.00649567553774,0.00157193478663],[-0.00332667375915,0.0111483503133,-0.00803706608713,0.0108365193009,-0.0107701979578,0.00862562377006,-0.0119134057313,0.0103838257492,-0.0107092643157,0.00809040758759,-0.00618505245075,0.0046682972461,-0.000492519524414],[0.00413728319108,-0.0129997478798,0.00962305348366,-0.0107701979578,0.0169705040753,-0.0106079783291,0.0142032410949,-0.0124154379591,0.0126998499036,-0.0104629285634,0.00734542869031,-0.00566457957029,0.00018874068337],[-0.00307966186665,0.0104713700712,-0.00760232750326,0.00862562377006,-0.0106079783291,0.0147142168134,-0.0131459757686,0.00874348171055,-0.00925183016807,0.00807302445173,-0.00605817278847,0.00331903900951,0.0004707465705],[0.00421737134457,-0.0132338898256,0.00953444745392,-0.0119134057313,0.0142032410949,-0.0131459757686,0.0225887466222,-0.0139054600149,0.0116488523781,-0.00939017161727,0.00883925892413,-0.00714963907376,0.00199910160154],[-0.00329236825928,0.0106606595218,-0.00796420779079,0.0103838257492,-0.0124154379591,0.00874348171055,-0.0139054600149,0.0171815659851,-0.0105028552935,0.00610985327512,-0.00667305290699,0.00331740570255,-0.00268475944176],[0.00357570382766,-0.011122838594,0.00869014579803,-0.0107092643157,0.0126998499036,-0.00925183016807,0.0116488523781,-0.0105028552935,0.0214503128082,-0.0112990615889,0.00807224120945,-0.0066899699159,0.00303007545881],[-0.00294505269267,0.00954020861536,-0.00781480688602,0.00809040758759,-0.0104629285634,0.00807302445173,-0.00939017161727,0.00610985327512,-0.0112990615889,0.0225500874221,-0.0146583076566,0.00738704577088,-0.00266001024283],[0.00274296058342,-0.00771604385227,0.00761429220438,-0.00618505245075,0.00734542869031,-0.00605817278847,0.00883925892413,-0.00667305290699,0.00807224120945,-0.0146583076566,0.0294604934752,-0.0158151015639,0.00572762917727],[-0.00230274396017,0.00641544954851,-0.00649567553774,0.0046682972461,-0.00566457957029,0.00331903900951,-0.00714963907376,0.00331740570255,-0.0066899699159,0.00738704577088,-0.0158151015639,0.0281517598778,-0.0114408684894],[0.00063999381382,-0.00122772762552,0.00157193478663,-0.000492519524414,0.00018874068337,0.0004707465705,0.00199910160154,-0.00268475944176,0.00303007545881,-0.00266001024283,0.00572762917727,-0.0114408684894,0.0205698348582]],"mean":[-133.102371216,131.852050781,-117.027519226,-9.51267528534,-57.0124511719,-18.4261875153,-36.7849349976,-10.3799200058,-16.0008678436,-6.74374723434,-11.4168567657,0.370836257935,-8.81367206573]},"hfc":{"dmean":3.1622979641,"dmean2":4.51270341873,"dvar":29.4998435974,"dvar2":57.701789856,"max":81.1928329468,"mean":8.41215610504,"median":3.65643191338,"min":1.06018686937e-16,"var":119.643501282},"melbands":{"dmean":[0.0000407210354751,0.0000471090825158,0.000164442681125,0.000501646602061,0.000345006992575,0.000336783617968,0.000244320632191,0.000255215185462,0.000119098069263,0.0000655770490994,0.0000523425660504,0.0000636285694782,0.0000277983981505,0.000017934191419,0.0000151367949002,0.0000227538239415,0.0000264175796474,0.0000133601279231,0.0000079027367974,0.00000819447177491,0.00000471919929623,0.00000436593154518,0.00000342554676536,0.00000178815548679,0.00000186129113899,0.00000198214570446,0.00000119016021927,5.37819175861e-7,3.69285089619e-7,3.08159030737e-7,3.59060635446e-7,3.99695409214e-7,3.91650900156e-7,3.29396897314e-7,2.10953601254e-7,9.8296879969e-8,3.97766761751e-8,1.48357681695e-8,7.68037811127e-9,4.47313919238e-9],"dmean2":[0.0000596406716795,0.0000685355698806,0.000236505089561,0.000781672424637,0.000509262725245,0.00048997765407,0.000367816741345,0.000388812390156,0.000183574229595,0.0000960053512244,0.0000787712269812,0.0000955510622589,0.0000435969523096,0.0000293529701594,0.0000245985502261,0.0000362885475624,0.0000416330767621,0.0000211796523217,0.0000124641492221,0.0000120811619126,0.00000726908228899,0.00000684220185576,0.00000519818286193,0.00000283568783743,0.00000282713722299,0.00000284519296656,0.00000180380607162,8.50675746733e-7,5.73413842631e-7,4.74601534961e-7,5.33486854692e-7,5.94568803081e-7,5.89745809521e-7,4.93890183861e-7,3.11266916242e-7,1.50547720068e-7,6.38188808466e-8,2.51895944103e-8,1.33040041206e-8,7.75188802038e-9],"dvar":[1.39339553229e-8,1.83011117372e-8,1.80334765787e-7,0.00000104453363292,6.01802526035e-7,9.99582653094e-7,6.40105213279e-7,5.29968872343e-7,1.21834730749e-7,6.07479506698e-8,3.19113908631e-8,3.02551015352e-8,4.79766315564e-9,7.70032659858e-9,2.76450506931e-9,3.26299431919e-9,5.33070609876e-9,4.43489911461e-9,6.36678321175e-10,8.69613880905e-10,1.76050896084e-10,1.28651866937e-10,1.16475606937e-10,3.71463415583e-11,2.84713797677e-11,4.39836222998e-11,1.69386431964e-11,3.73036974574e-12,2.25692316398e-12,1.60034106193e-12,2.00269878806e-12,2.93246655257e-12,3.01316176871e-12,1.64999004043e-12,9.10648076044e-13,1.86572193242e-13,2.89994130055e-14,2.53286335217e-15,7.96769800406e-16,2.64897298746e-16],"dvar2":[2.80191763125e-8,3.60814489397e-8,3.23831528704e-7,0.00000223758888751,0.00000115789964639,0.00000201434659175,0.00000130448745495,0.00000117247907383,2.90337226261e-7,1.12212724446e-7,6.54576268744e-8,6.38577191125e-8,1.06794022514e-8,1.96902476546e-8,6.80428913213e-9,7.84071030324e-9,1.28793473664e-8,1.07521103132e-8,1.574844255e-9,1.72040126589e-9,3.76893377618e-10,2.95279689588e-10,2.39381792166e-10,8.94718396593e-11,5.98368646298e-11,7.78060324502e-11,3.4342150651e-11,8.4882456966e-12,5.12797703606e-12,3.4134364172e-12,4.05578522156e-12,6.02369066086e-12,6.837670187e-12,3.5518159594e-12,1.83160279478e-12,3.97735338588e-13,6.72353205012e-14,6.39356392807e-15,2.15782871511e-15,6.97922114253e-16],"max":[0.00297077908181,0.00488340901211,0.0149451605976,0.0292046461254,0.0214881934226,0.0264258012176,0.0177091136575,0.0158102270216,0.0118557075039,0.00964841432869,0.00623773224652,0.00689653307199,0.00160995032638,0.00390506256372,0.00132499402389,0.00141479808372,0.00168683566153,0.00372180133127,0.000570399977732,0.000740454590414,0.000410086737247,0.000270644872217,0.000301180349197,0.00021253558225,0.000101420868305,0.000282869208604,0.00013556490012,0.0000869315190357,0.0000639253121335,0.0000418900308432,0.0000373672846763,0.0000439299947175,0.0000545326802239,0.0000274060021184,0.0000330020884576,0.000018450728021,0.00000656684096612,0.00000127857572352,9.0200444447e-7,5.76995603296e-7],"mean":[0.0000589887204114,0.0000858585262904,0.00039369991282,0.000885421817657,0.000648817862384,0.000590274343267,0.000372460635845,0.000377668533474,0.000201104368898,0.000112563247967,0.000085598869191,0.00010386545182,0.0000406710314564,0.000021420795747,0.0000194426283997,0.0000363414801541,0.0000439740106231,0.0000185128956218,0.0000116070750664,0.0000132428413053,0.00000717276634532,0.00000619907405053,0.00000476084551337,0.00000221667232836,0.00000257756732935,0.00000309267329612,0.00000185717863133,7.52981748064e-7,4.98844087815e-7,4.31833029779e-7,5.34803177743e-7,5.83056021242e-7,5.6869259879e-7,4.63616686375e-7,2.89310207791e-7,1.2700557761e-7,4.54812614237e-8,1.52692152255e-8,7.58814788782e-9,4.85089390878e-9],"median":[0.0000170899311343,0.000013213281818,0.0000410493994423,0.000277602724964,0.000220912857912,0.000157259753905,0.0000615646131337,0.00010232283239,0.0000460075461888,0.0000283226781903,0.0000211598053284,0.0000201115908567,0.00000995202481135,0.00000320011531585,0.00000299145222016,0.00000524362440046,0.00000602097088631,0.0000026574793992,0.00000139555129408,0.00000113609712571,9.86311761153e-7,0.00000102639216948,5.7971641354e-7,2.83183709371e-7,3.43509697132e-7,2.77586110542e-7,1.42170279105e-7,7.94194221498e-8,4.53199326955e-8,3.12983132744e-8,2.55808529914e-8,1.99143421753e-8,1.43071341441e-8,1.40704718987e-8,1.09267368487e-8,6.32818553115e-9,3.14316883632e-9,1.9874053514e-9,1.61213631333e-9,1.44470257979e-9],"min":[8.48112149205e-25,6.10380090035e-25,1.36852250509e-24,8.18933269004e-25,1.82078681585e-24,1.38466683934e-24,9.09540254856e-25,2.60367643845e-24,2.70498728071e-24,3.01626745517e-24,2.09481776723e-24,2.39349431101e-24,2.34043276552e-24,2.64399768311e-24,2.4395653656e-24,2.67512376785e-24,3.09943844092e-24,2.39755556417e-24,3.49106370415e-24,3.18862725208e-24,2.73892723229e-24,3.77912573002e-24,4.40451177871e-24,3.50027523294e-24,4.19186209437e-24,3.69612060228e-24,3.96965299357e-24,3.5264733036e-24,3.1559451392e-24,4.88620365808e-24,5.62434435697e-24,4.78234104801e-24,5.88001812065e-24,5.70548974512e-24,5.38644717935e-24,5.38625114741e-24,5.11529280926e-24,6.22880508129e-24,5.7982925253e-24,5.94389534359e-24],"var":[2.2646934994e-8,5.9481635617e-8,0.00000120165134376,0.00000315192892231,0.00000160155263984,0.00000238019788412,0.0000013336008351,8.53127971823e-7,2.31090552916e-7,1.75069416741e-7,6.53899263625e-8,6.39253912027e-8,8.78558115147e-9,8.37566282996e-9,4.78446926522e-9,6.9869776631e-9,1.14459011158e-8,5.46780176691e-9,1.08936726306e-9,2.13439155239e-9,3.42316758273e-10,2.14952680655e-10,2.13790860015e-10,5.22909840428e-11,5.13550903192e-11,1.38762695778e-10,5.36986358157e-11,8.34413527856e-12,4.09179721356e-12,3.41648844632e-12,4.41538992868e-12,6.24508127503e-12,5.90075991541e-12,3.21922805253e-12,1.82305559537e-12,3.44438155298e-13,4.18239390603e-14,2.82212383311e-15,6.39059730105e-16,2.18935226385e-16]},"melbands_crest":{"dmean":3.34688138962,"dmean2":5.45794487,"dvar":8.79821109772,"dvar2":22.3821392059,"max":33.4824142456,"mean":13.3631086349,"median":12.4331274033,"min":1.46649754047,"var":26.1997394562},"melbands_flatness_db":{"dmean":0.030295651406,"dmean2":0.0445560440421,"dvar":0.00103400973603,"dvar2":0.00203712983057,"max":0.50443136692,"mean":0.273000270128,"median":0.275815874338,"min":0.00301225343719,"var":0.00550027098507},"melbands_kurtosis":{"dmean":4.78330278397,"dmean2":7.40811538696,"dvar":88.8496017456,"dvar2":205.538131714,"max":282.491516113,"mean":9.45442962646,"median":4.56708240509,"min":-1.84744679928,"var":263.05279541},"melbands_skewness":{"dmean":0.589340686798,"dmean2":0.906538546085,"dvar":0.384053587914,"dvar2":0.895561516285,"max":13.1173744202,"mean":1.84193885326,"median":1.63391375542,"min":-1.69644844532,"var":1.61395049095},"melbands_spread":{"dmean":4.35391044617,"dmean2":6.72969102859,"dvar":73.4287643433,"dvar2":145.807785034,"max":181.98777771,"mean":15.0674037933,"median":10.4065284729,"min":0.487233787775,"var":433.987030029},"mfcc":{"cov":[[10408.9140625,678.830932617,-1548.72998047,415.038238525,-715.40802002,297.034637451,-856.432678223,-70.5549621582,-563.670349121,22.3439407349,-263.875549316,-245.352600098,-126.312477112],[678.830932617,1866.4753418,-117.845108032,-310.304199219,104.30191803,-283.939971924,64.1443786621,-68.5740966797,-7.16433525085,-14.5838451385,22.4033279419,-71.9367370605,-64.4839553833],[-1548.72998047,-117.845108032,1057.30725098,188.579986572,-28.4984645844,147.918289185,44.1472969055,72.0988693237,103.713562012,-62.6316070557,-16.4918289185,76.4054107666,74.624206543],[415.038238525,-310.304199219,188.579986572,484.609161377,-13.7150354385,136.390594482,-78.0058670044,7.1456284523,-8.56482887268,-15.3358478546,-35.0754127502,10.8985309601,33.7365264893],[-715.40802002,104.30191803,-28.4984645844,-13.7150354385,279.301849365,-49.1083183289,91.5633544922,-11.9374265671,38.1004714966,3.68382167816,29.0525493622,16.7008876801,-15.9359502792],[297.034637451,-283.939971924,147.918289185,136.390594482,-49.1083183289,248.435028076,-40.3241615295,29.1250228882,-19.9558162689,-14.6940832138,-17.9729804993,14.8868303299,17.5369205475],[-856.432678223,64.1443786621,44.1472969055,-78.0058670044,91.5633544922,-40.3241615295,232.569900513,44.0788650513,71.2030334473,2.83918190002,42.41431427,34.8172988892,-2.15887022018],[-70.5549621582,-68.5740966797,72.0988693237,7.1456284523,-11.9374265671,29.1250228882,44.0788650513,134.552215576,42.9869766235,5.39671611786,12.5861673355,15.5760860443,13.5494432449],[-563.670349121,-7.16433525085,103.713562012,-8.56482887268,38.1004714966,-19.9558162689,71.2030334473,42.9869766235,128.111221313,16.6434688568,14.3962554932,28.8514919281,9.51009941101],[22.3439407349,-14.5838451385,-62.6316070557,-15.3358478546,3.68382167816,-14.6940832138,2.83918190002,5.39671611786,16.6434688568,84.4914245605,26.663433075,-4.81348323822,-3.48343634605],[-263.875549316,22.4033279419,-16.4918289185,-35.0754127502,29.0525493622,-17.9729804993,42.41431427,12.5861673355,14.3962554932,26.663433075,98.8016281128,35.2602081299,-0.696429908276],[-245.352600098,-71.9367370605,76.4054107666,10.8985309601,16.7008876801,14.8868303299,34.8172988892,15.5760860443,28.8514919281,-4.81348323822,35.2602081299,100.947898865,21.8698596954],[-126.312477112,-64.4839553833,74.624206543,33.7365264893,-15.9359502792,17.5369205475,-2.15887022018,13.5494432449,9.51009941101,-3.48343634605,-0.696429908276,21.8698596954,73.058883667]],"icov":[[0.000473690510262,-0.000450268795248,0.000815489911474,-0.000578275299631,0.000852521858178,-0.000741986499634,0.000907435431145,-0.000737936643418,0.000773610488977,-0.000264018366579,0.000777065870352,-0.000556410639547,0.00044402788626],[-0.000450268795248,0.00115098769311,-0.00090581405675,0.000837156898342,-0.000968923210166,0.0013659914257,-0.000868700852152,0.000853930308949,-0.000607646885328,0.000516908185091,-0.000930419424549,0.00100419763476,-0.000152936350787],[0.000815489911474,-0.00090581405675,0.00277462461963,-0.00135294022039,0.00167719647288,-0.00196340749972,0.00142972322647,-0.00138195720501,0.000156318303198,0.000506571668666,0.00141601718497,-0.00139419385232,-0.0000285854184767],[-0.000578275299631,0.000837156898342,-0.00135294022039,0.00355185102671,-0.00157844938803,-0.0000144265895869,-0.000217457054532,0.00096424651565,-0.000962332822382,0.000282524299109,-0.000466769299237,0.000716471287888,-0.00112537899986],[0.000852521858178,-0.000968923210166,0.00167719647288,-0.00157844938803,0.00605865102261,-0.000972906884272,-0.0000173985554284,-0.000345752894646,0.000517605745699,-0.000194263513549,0.000752692460082,-0.00127628981136,0.00156576070003],[-0.000741986499634,0.0013659914257,-0.00196340749972,-0.0000144265895869,-0.000972906884272,0.00727046653628,-0.00112729310058,-0.0000274984704447,0.00041343391058,0.000528931850567,-0.000874132616445,0.000396560848458,-0.000206283832085],[0.000907435431145,-0.000868700852152,0.00142972322647,-0.000217457054532,-0.0000173985554284,-0.00112729310058,0.00843397900462,-0.00289519643411,-0.000866540940478,0.000470706727356,-0.0000458925314888,-0.00172763457522,0.00114712002687],[-0.000737936643418,0.000853930308949,-0.00138195720501,0.00096424651565,-0.000345752894646,-0.0000274984704447,-0.00289519643411,0.0104991113767,-0.00383720756508,0.000360547943274,-0.00209360383451,0.00138297118247,-0.00157460744958],[0.000773610488977,-0.000607646885328,0.000156318303198,-0.000962332822382,0.000517605745699,0.00041343391058,-0.000866540940478,-0.00383720756508,0.0134477205575,-0.00371040310711,0.0027846142184,-0.00298441108316,0.000778099813033],[-0.000264018366579,0.000516908185091,0.000506571668666,0.000282524299109,-0.000194263513549,0.000528931850567,0.000470706727356,0.000360547943274,-0.00371040310711,0.0150003507733,-0.00523275649175,0.00277192960493,-0.000551855599042],[0.000777065870352,-0.000930419424549,0.00141601718497,-0.000466769299237,0.000752692460082,-0.000874132616445,-0.0000458925314888,-0.00209360383451,0.0027846142184,-0.00523275649175,0.0156422667205,-0.00627990020439,0.00146937509999],[-0.000556410639547,0.00100419763476,-0.00139419385232,0.000716471287888,-0.00127628981136,0.000396560848458,-0.00172763457522,0.00138297118247,-0.00298441108316,0.00277192960493,-0.00627990020439,0.0147445267066,-0.00361647387035],[0.00044402788626,-0.000152936350787,-0.0000285854184767,-0.00112537899986,0.00156576070003,-0.000206283832085,0.00114712002687,-0.00157460744958,0.000778099813033,-0.000551855599042,0.00146937509999,-0.00361647387035,0.0165551099926]],"mean":[-770.188049316,178.278717041,-13.9879817963,10.836725235,-11.1595649719,-7.05318212509,-19.0364246368,-3.95874142647,-13.6322860718,-2.00691914558,-4.9531416893,-8.15753746033,-5.1756978035]},"pitch_salience":{"dmean":0.0687749162316,"dmean2":0.110293984413,"dvar":0.00381077243946,"dvar2":0.00940664485097,"max":0.964987933636,"mean":0.62119114399,"median":0.625970184803,"min":0.131494134665,"var":0.0119379945099},"silence_rate_20dB":{"dmean":0,"dmean2":0,"dvar":0,"dvar2":0,"max":1,"mean":1,"median":1,"min":1,"var":0},"silence_rate_30dB":{"dmean":0.00132450333331,"dmean2":0.0026493575424,"dvar":0.00132285233121,"dvar2":0.00370249385014,"max":1,"mean":0.99907296896,"median":1,"min":0,"var":0.000926234875806},"silence_rate_60dB":{"dmean":0.0863576158881,"dmean2":0.172738105059,"dvar":0.0788945555687,"dvar2":0.157466590405,"max":1,"mean":0.300225138664,"median":0,"min":0,"var":0.210076510906},"spectral_centroid":{"dmean":165.805541992,"dmean2":254.769058228,"dvar":91303.5703125,"dvar2":178069.375,"max":11791.0703125,"mean":918.211914062,"median":612.810913086,"min":183.843490601,"var":2178667.5},"spectral_complexity":{"dmean":2.59761595726,"dmean2":3.93297123909,"dvar":11.145160675,"dvar2":23.4719638824,"max":44,"mean":9.91789150238,"median":9,"min":0,"var":44.7529220581},"spectral_contrast_coeffs":{"dmean":[0.0557889081538,0.050024881959,0.0400629192591,0.0321681536734,0.025128018111,0.0232784133404],"dmean2":[0.0892175808549,0.0782998129725,0.0634666234255,0.049204017967,0.0378325283527,0.0337059423327],"dvar":[0.00225196382962,0.00184828217607,0.00116428895853,0.000865148962475,0.00054697500309,0.000638005440123],"dvar2":[0.00531269656494,0.00411930633709,0.00277698924765,0.00181166199036,0.0010994868353,0.00123016210273],"max":[-0.204546585679,-0.357577323914,-0.447390526533,-0.513580799103,-0.472679585218,-0.488833934069],"mean":[-0.562778234482,-0.72060084343,-0.769134521484,-0.790129780769,-0.80243319273,-0.781142532825],"median":[-0.553894102573,-0.732149362564,-0.771972954273,-0.798891723156,-0.811423540115,-0.790127813816],"min":[-0.985154628754,-0.975704073906,-0.978916943073,-0.970525026321,-0.966539919376,-0.964971065521],"var":[0.0166925359517,0.0100301019847,0.00548858568072,0.00557305151597,0.00398894259706,0.00583601882681]},"spectral_contrast_valleys":{"dmean":[0.425085455179,0.416823893785,0.409073650837,0.419632911682,0.399287194014,0.281229823828],"dmean2":[0.684855401516,0.655672311783,0.635103642941,0.631602227688,0.58476960659,0.429238349199],"dvar":[0.155530840158,0.169686794281,0.206683665514,0.256404817104,0.245834007859,0.179037347436],"dvar2":[0.333549886942,0.355033516884,0.425443589687,0.497561872005,0.460351228714,0.368842214346],"max":[-5.97085189819,-4.44495439529,-5.21024274826,-5.75714921951,-6.15141963959,-9.09828281403],"mean":[-9.07988071442,-7.27126216888,-8.22381401062,-8.92578983307,-9.37041282654,-12.3988437653],"median":[-8.75768661499,-6.83721494675,-7.86098766327,-8.5776386261,-9.0624628067,-12.3277664185],"min":[-28.3131599426,-28.2393321991,-27.7724933624,-27.6608505249,-27.4725952148,-27.4390544891],"var":[7.16961050034,8.64775371552,7.94658470154,7.60015821457,7.23309421539,4.74985933304]},"spectral_decrease":{"dmean":1.35818578606e-9,"dmean2":1.95055260832e-9,"dvar":5.34801755004e-18,"dvar2":1.04043050417e-17,"max":2.3915728604e-28,"mean":-3.78271769463e-9,"median":-1.770366298e-9,"min":-3.83797136294e-8,"var":2.27207323678e-17},"spectral_energy":{"dmean":0.0053846151568,"dmean2":0.00772597594187,"dvar":0.0000834920356283,"dvar2":0.000162352618645,"max":0.148891717196,"mean":0.0150397978723,"median":0.0070807300508,"min":9.74052346425e-21,"var":0.000355862808647},"spectral_energyband_high":{"dmean":0.0000500554961036,"dmean2":0.0000733372507966,"dvar":3.33714673673e-8,"dvar2":6.64288890562e-8,"max":0.00445040687919,"mean":0.0000817445979919,"median":0.00000600514704274,"min":6.6956150839e-21,"var":8.25933241799e-8},"spectral_energyband_low":{"dmean":0.000341257051332,"dmean2":0.000484141346533,"dvar":6.42767872705e-7,"dvar2":0.0000012375710412,"max":0.0298173520714,"mean":0.000753959175199,"median":0.000142766890349,"min":1.13573266935e-23,"var":0.00000287315560854},"spectral_energyband_middle_high":{"dmean":0.0011699750321,"dmean2":0.0017319987528,"dvar":0.00000608715345152,"dvar2":0.0000126283639474,"max":0.0501395873725,"mean":0.00250089168549,"median":0.000684724829625,"min":1.02394832122e-21,"var":0.0000191396520677},"spectral_energyband_middle_low":{"dmean":0.00463984487578,"dmean2":0.00674543529749,"dvar":0.0000688629952492,"dvar2":0.000135724403663,"max":0.145976096392,"mean":0.0120640955865,"median":0.00520404241979,"min":1.67059547766e-22,"var":0.000278133258689},"spectral_entropy":{"dmean":0.242035150528,"dmean2":0.35594111681,"dvar":0.0665697902441,"dvar2":0.129474386573,"max":9.82856559753,"mean":6.86479234695,"median":6.81064653397,"min":4.99838018417,"var":0.442878484726},"spectral_flux":{"dmean":0.0202548857778,"dmean2":0.0315286740661,"dvar":0.000664137594867,"dvar2":0.00151229545008,"max":0.31426218152,"mean":0.0548538826406,"median":0.0422398336232,"min":6.34759397822e-11,"var":0.00191534578335},"spectral_kurtosis":{"dmean":5.36509084702,"dmean2":8.84386253357,"dvar":33.9988937378,"dvar2":87.5516357422,"max":70.1772842407,"mean":14.9449872971,"median":12.5384540558,"min":-1.26886379719,"var":119.11416626},"spectral_rms":{"dmean":0.000644965271931,"dmean2":0.000900818733498,"dvar":7.09969697255e-7,"dvar2":0.00000124015252823,"max":0.0120523944497,"mean":0.00316365202889,"median":0.00262831291184,"min":3.0826855825e-12,"var":0.00000466431674795},"spectral_rolloff":{"dmean":246.714553833,"dmean2":411.552154541,"dvar":335074.0625,"dvar2":671592.0625,"max":19702.8808594,"mean":1254.22351074,"median":710.595703125,"min":64.599609375,"var":6699713},"spectral_skewness":{"dmean":0.50738799572,"dmean2":0.802531778812,"dvar":0.260334014893,"dvar2":0.595995903015,"max":6.95723342896,"mean":2.67805504799,"median":2.59557461739,"min":-0.206146210432,"var":1.29541969299},"spectral_spread":{"dmean":385101.0625,"dmean2":604069.875,"dvar":415111643136,"dvar2":860039741440,"max":42495304,"mean":3531014.25,"median":2612289,"min":1117538.75,"var":27906799566800},"spectral_strongpeak":{"dmean":0.352261990309,"dmean2":0.56394559145,"dvar":0.297720730305,"dvar2":0.706116735935,"max":8.0702085495,"mean":0.780196249485,"median":0.499671816826,"min":0,"var":0.753230512142},"zerocrossingrate":{"dmean":0.00571618881077,"dmean2":0.00697125121951,"dvar":0.000109286418592,"dvar2":0.000153586137458,"max":0.53369140625,"mean":0.0438025332987,"median":0.03125,"min":0.00732421875,"var":0.00460100965574}},"metadata":{"audio_properties":{"analysis_sample_rate":44100,"bit_rate":771965,"codec":"alac","downmix":"mix","equal_loudness":0,"length":175.293334961,"lossless":true,"md5_encoded":"0c733c15128d8eef9e58592e34c3a371","replay_gain":-9.58739852905,"sample_rate":44100},"tags":{"album":["The Folk Lore Of John Lee Hooker"],"artist":["John Lee Hooker"],"bpm":["59"],"compilation":["0"],"composer":["John Lee Hooker"],"date":["1961"],"discnumber":["0"],"file_name":"06 I Like To See You Walk.m4a","genre":["Blues"],"language":["eng"],"musicbrainz_albumid":["2dbb556d-87fb-438e-9e5b-858999526ff1"],"musicbrainz_artistid":["b0122194-c49a-46a1-ade7-84d1d76bd8e9"],"musicbrainz_recordingid":["3a017231-7599-4580-87b0-806671a4aedf"],"musicbrainz_releasegroupid":["54d00a79-ef37-3f13-9a9f-9c8b9654b0b8"],"title":["I Like To See You Walk"],"tracknumber":["6"]},"version":{"essentia":"2.1-beta2","essentia_build_sha":"cead25079874084f62182a551b7393616cd33d87","essentia_git_sha":"v2.1_beta2-1-ge3940c0","extractor":"music 1.0"}},"rhythm":{"beats_count":335,"beats_loudness":{"dmean":0.0143053876236,"dmean2":0.0244570728391,"dvar":0.000196232096641,"dvar2":0.000537664571311,"max":0.0731492862105,"mean":0.0218573976308,"median":0.0176318418235,"min":0,"var":0.000304019631585},"beats_loudness_band_ratio":{"dmean":[0.107004873455,0.193982422352,0.152706041932,0.0877224877477,0.0399037674069,0.0140997450799],"dmean2":[0.182316675782,0.338438540697,0.259833067656,0.150945678353,0.0688178986311,0.0256149843335],"dvar":[0.0181220714003,0.0238417815417,0.0200600679964,0.00602664845064,0.00223426707089,0.000884426990524],"dvar2":[0.041729606688,0.0604001507163,0.0551824532449,0.0161094497889,0.00590722681955,0.00257835979573],"max":[0.83212608099,0.946815788746,0.795907437801,0.602046906948,0.519216120243,0.339729428291],"mean":[0.138292655349,0.455902814865,0.260709583759,0.132904350758,0.050