{"lowlevel":{"average_loudness":0.659245669842,"barkbands":{"dmean":[0.00000159984256243,0.000418158946559,0.000625900749583,0.000641532475129,0.00118381413631,0.00129219610244,0.000865071138833,0.000586844922509,0.00083257292863,0.000354859599611,0.000323562708218,0.000384856248274,0.000490057980642,0.000258400919847,0.000138090050314,0.000156022128067,0.000269961718004,0.000184129894478,0.00011736099259,0.000134703775984,0.0000852584416862,0.0000775032822276,0.0000719321178622,0.0000239821911237,0.00000645171667202,4.38253323409e-7,3.20575317403e-8],"dmean2":[0.00000269076781478,0.000703380967025,0.00100363779347,0.00104746082798,0.00183256901801,0.00187361193821,0.00126501044724,0.000915290263947,0.00127161701676,0.000557801511604,0.000506283249706,0.000628255773336,0.00076610117685,0.000417037983425,0.000220169720706,0.000252923695371,0.000435402937001,0.000294084107736,0.000182605654118,0.000208030061913,0.000133884896059,0.000116321316455,0.000108806263597,0.0000382046309824,0.000010225535334,6.83763744291e-7,5.6688637784e-8],"dvar":[8.41431785359e-12,4.47157333383e-7,9.10466951609e-7,0.00000165963149357,0.00000332723993779,0.00000722313234292,0.00000631291095488,0.00000372121075998,0.00000780409300205,0.00000104188097794,0.00000114698059406,0.00000262931848738,0.00000167591963418,3.55969035581e-7,1.06328634786e-7,8.28643607065e-8,0.00000103452032363,1.41777107387e-7,4.58848710139e-8,7.48817114982e-8,4.56213236077e-8,3.70195074595e-8,4.67846170693e-8,7.15780412719e-9,1.26108024023e-9,2.55839403482e-12,7.03653918444e-14],"dvar2":[2.14152064137e-11,0.00000131822037019,0.00000241164343606,0.00000418269564761,0.00000744987210055,0.0000149470133692,0.000014929459212,0.00000860130239744,0.0000188543344848,0.00000261023706116,0.00000294167170978,0.00000674168677506,0.0000042185406528,9.13841574857e-7,2.56314507396e-7,2.07445225442e-7,0.0000030176963719,3.6675473325e-7,1.07385524473e-7,1.70937710209e-7,1.04380937671e-7,8.40768379362e-8,1.0170697351e-7,1.82693007389e-8,2.64610888756e-9,6.20565231146e-12,2.07145349593e-13],"max":[0.000052244271501,0.0096536455676,0.0173845365644,0.0312058664858,0.0461697466671,0.0515593215823,0.100568160415,0.0602431446314,0.0845703110099,0.0247322972864,0.0542777739465,0.0530097000301,0.0459145903587,0.0143567528576,0.0180901736021,0.0071402778849,0.0324040278792,0.00850616861135,0.00415077945217,0.00808306504041,0.00446383003145,0.00557920662686,0.0071503771469,0.00227408343926,0.00183188903611,0.0000396585419367,0.0000118609477795],"mean":[0.00000171205897459,0.000592593976762,0.00101423473097,0.00101565476507,0.00251285964623,0.00263054459356,0.001833096263,0.000874071964063,0.00134519161656,0.000629616552033,0.000524931005202,0.00064570835093,0.00081324367784,0.000453907880001,0.00027089874493,0.000311318348395,0.000553975871298,0.000389876950067,0.000250375072937,0.000288670737064,0.00015782302944,0.00016842984769,0.000143673431012,0.0000382477446692,0.00000941969119594,7.13237454875e-7,4.299492673e-8],"median":[8.24100084174e-7,0.000312212127028,0.000600971165113,0.00032756337896,0.00142653670628,0.000954980379902,0.000464209733764,0.000112628884381,0.0001674881496,0.000168517100974,0.000117766023322,0.000172959276824,0.000257204781519,0.000157675196533,0.000144775651279,0.00016133011377,0.000161961579579,0.000161585368915,0.00012617331231,0.000137223178172,0.0000744150020182,0.0000728656741558,0.0000549780415895,0.0000120093263831,0.00000208208552976,2.03062697324e-7,2.73279585628e-8],"min":[8.12684812707e-26,1.66173825786e-24,1.18543301658e-24,3.35321671976e-25,8.03636427748e-24,7.9970829487e-24,4.01361936726e-24,5.26327404318e-24,1.49901857788e-23,4.92025326133e-24,9.86617763424e-24,2.14306150252e-23,3.3218307941e-23,3.96998889055e-23,3.28498310122e-23,5.89297271555e-23,5.98045234123e-23,8.05440678856e-23,1.26392177759e-22,1.73905181728e-22,2.69803354283e-22,2.65556733014e-22,3.97474673155e-22,5.29401700973e-22,9.08883681191e-22,1.28657089557e-21,1.88932393798e-21],"var":[9.02383202883e-12,6.09433129739e-7,0.00000159562580393,0.00000365429968952,0.0000112115467346,0.0000248213400482,0.0000177143156179,0.00000692158528182,0.0000143884135468,0.00000244269995164,0.00000249130130214,0.00000477542744193,0.00000376942989533,8.0796758084e-7,2.66647077751e-7,2.2416556078e-7,0.00000222630160351,4.18876823005e-7,1.22236315292e-7,1.89531277783e-7,7.33128828756e-8,9.0162735944e-8,1.14451772504e-7,9.25500476257e-9,2.82656942296e-9,3.4929763075e-12,3.85589218161e-14]},"barkbands_crest":{"dmean":2.33122849464,"dmean2":3.7168340683,"dvar":4.50110816956,"dvar2":11.3122625351,"max":26.4387264252,"mean":9.30474376678,"median":8.18785762787,"min":2.37984323502,"var":18.472454071},"barkbands_flatness_db":{"dmean":0.016752269119,"dmean2":0.0253202039748,"dvar":0.00022890882974,"dvar2":0.00051994464593,"max":0.395018041134,"mean":0.143002271652,"median":0.135037750006,"min":0.0359090976417,"var":0.00220247125253},"barkbands_kurtosis":{"dmean":1.85954546928,"dmean2":2.88732075691,"dvar":12.4713687897,"dvar2":28.5449504852,"max":92.2073059082,"mean":2.8428914547,"median":0.593685388565,"min":-1.86081683636,"var":60.5010795593},"barkbands_skewness":{"dmean":0.43647736311,"dmean2":0.672357618809,"dvar":0.183414399624,"dvar2":0.416351139545,"max":8.38696193695,"mean":1.24267554283,"median":1.08094000816,"min":-2.29255080223,"var":1.3268545866},"barkbands_spread":{"dmean":4.73417186737,"dmean2":7.16990470886,"dvar":26.3259162903,"dvar2":56.5925827026,"max":114.124885559,"mean":23.8193435669,"median":22.0457458496,"min":0.960407853127,"var":152.234298706},"dissonance":{"dmean":0.015619231388,"dmean2":0.026082040742,"dvar":0.000248078664299,"dvar2":0.000672503723763,"max":0.500000059605,"mean":0.461606115103,"median":0.469921410084,"min":0.227775245905,"var":0.00101210712455},"dynamic_complexity":4.09688186646,"erbbands":{"dmean":[0.00342652434483,0.127521589398,0.701548755169,1.33911454678,2.92096352577,4.22484397888,8.97135257721,9.36552238464,11.6489534378,10.99106884,15.2348747253,16.9011535645,11.1188058853,10.1206645966,13.5668382645,14.1045436859,16.9305095673,12.8513364792,8.87560939789,6.51589393616,9.37646865845,14.7697324753,10.7228164673,6.0289068222,6.32097434998,6.69565153122,4.15171051025,3.00642943382,2.82517695427,2.3600127697,1.94369494915,0.945345580578,0.196086987853,0.0969255715609,0.0337167941034,0.00455672014505,0.000442914868472,0.0000444967045041,0.00000716274871593,0.00000528409191247],"dmean2":[0.00567213725299,0.213471159339,1.12892282009,2.15838932991,4.697245121,6.52535915375,13.259054184,13.6011991501,16.7219429016,16.7642822266,23.6121006012,26.3156795502,17.1078987122,15.7200679779,21.3949069977,22.7234649658,26.2879199982,20.5046520233,14.1116876602,10.3311710358,15.2420473099,23.5436019897,17.0788784027,9.42685413361,9.81962966919,10.3349885941,6.52418804169,4.63656330109,4.22656917572,3.54133796692,2.96090745926,1.46007013321,0.307121068239,0.152946218848,0.0536009371281,0.00708146486431,0.000695140508469,0.0000734332643333,0.0000117685722216,0.00000762670288168],"dvar":[0.0000354689655069,0.0394728295505,1.08185279369,6.86939525604,22.3935031891,46.9133796692,336.442169189,419.57699585,1287.93164062,1486.43737793,2248.36694336,3469.21704102,1176.10412598,739.790649414,3232.01147461,1870.28845215,1646.94421387,1349.37976074,384.565765381,124.891586304,411.808013916,2959.47460938,566.971618652,111.95791626,144.670272827,190.778488159,103.911140442,57.0504264832,43.6797714233,57.7972259521,33.3838195801,9.26737308502,0.813160002232,0.263167709112,0.0380940847099,0.00033908066689,0.00000383696806239,8.63002256324e-8,2.08262118662e-9,5.45970213484e-11],"dvar2":[0.0000998249379336,0.114914923906,2.88365340233,17.0551738739,55.7077789307,109.568527222,748.276489258,873.667297363,3104.38476562,3510.3815918,5394.67431641,8795.28808594,2715.76977539,1833.32873535,8929.87695312,4730.41113281,4039.98999023,3356.60791016,933.124145508,289.111724854,1068.67895508,8564.72070312,1494.07299805,271.507171631,333.126373291,447.076507568,249.540908813,127.982643127,97.1100845337,125.506584167,75.389503479,23.1122264862,2.03907203674,0.557491064072,0.0824478194118,0.000758945359848,0.00000997980714601,2.43117284526e-7,6.07693761978e-9,1.23005758357e-10],"max":[0.108013853431,2.91359472275,15.7297935486,61.0815086365,137.799224854,146.799468994,434.999816895,455.529998779,1746.65734863,909.185241699,1609.93041992,1742.36621094,1082.94702148,851.973571777,1572.04821777,1271.82641602,1188.05700684,1126.02941895,747.502868652,454.503387451,472.281585693,1713.99072266,617.311950684,267.675994873,263.591918945,419.64263916,205.802215576,168.458480835,193.404586792,242.805343628,195.149078369,88.6916275024,34.1021156311,26.2831726074,9.26781654358,0.552150070667,0.0536813512444,0.00852997135371,0.00175117619801,0.000182404517545],"mean":[0.00584145961329,0.185188576579,1.13996171951,2.3668820858,5.35776233673,8.62704658508,18.5393123627,19.2752971649,24.8516845703,21.623550415,25.1755962372,27.6421661377,20.4357376099,20.2235927582,23.7637176514,26.8872356415,30.6293773651,24.3075904846,18.405954361,13.747551918,20.3098373413,32.1351623535,24.3170604706,13.7898073196,13.9038820267,14.1269445419,8.15707778931,5.84896850586,6.16592741013,4.87626934052,3.81365156174,1.69169950485,0.306485384703,0.14501491189,0.0465738214552,0.00714073330164,0.000732279731892,0.0000773009523982,0.0000183053161891,0.0000223592705879],"median":[0.00247445725836,0.105618715286,0.702970266342,1.02515077591,3.06076574326,4.79671096802,7.1208281517,7.00856733322,6.19945383072,6.16757440567,4.72250413895,3.99986600876,4.27997636795,6.60219430923,5.98771905899,9.62082958221,10.7498950958,7.58544683456,9.42126750946,8.33376693726,9.37218666077,9.99869251251,9.88244056702,7.65651416779,6.54998445511,6.57988595963,3.97054648399,2.76558852196,2.64991521835,1.66548585892,1.39715433121,0.491670072079,0.110032714903,0.0362272113562,0.00949767976999,0.00185473822057,0.000252793630352,0.0000377458673029,0.0000123054896903,0.0000168743172253],"min":[6.76253724682e-23,5.18735695689e-22,1.9304571903e-21,3.71252068287e-21,1.64184317132e-20,1.864105471e-20,4.04782189846e-20,5.66823317553e-20,5.72764025315e-20,1.22813134058e-19,1.63572911106e-19,2.83462982749e-19,2.2209502179e-19,6.59927432731e-19,9.83955533665e-19,1.19731157323e-18,1.91659712482e-18,2.10737268463e-18,2.25972425742e-18,3.57293303685e-18,3.65572016768e-18,3.89578824737e-18,4.87876501958e-18,6.18604539556e-18,6.93369383299e-18,7.61033377791e-18,9.78804307759e-18,1.00438817692e-17,1.0327543508e-17,1.08395476276e-17,1.10219814846e-17,1.1318108008e-17,9.02722881994e-18,8.51544638469e-18,6.8783686849e-18,4.0479973383e-18,2.36341734426e-18,9.23518305992e-19,2.45112278762e-19,2.70410382875e-20],"var":[0.0000622238585493,0.0543323643506,1.8802062273,15.0862264633,52.7173576355,132.004501343,1104.30395508,1382.77514648,3523.22045898,3706.72265625,3988.33251953,5704.37646484,2814.42089844,1973.171875,5855.27050781,3813.14404297,4146.36669922,3422.76367188,1117.72570801,343.262908936,1229.57202148,6694.79833984,1712.25744629,316.969726562,409.934570312,462.367706299,172.501251221,100.449409485,113.079650879,143.799316406,72.0934753418,13.839179039,1.0836379528,0.58041882515,0.0773704722524,0.000575892743655,0.00000427068425779,6.0104362376e-8,1.36171274256e-9,3.46227407855e-10]},"erbbands_crest":{"dmean":2.31883358955,"dmean2":3.71623063087,"dvar":5.30445623398,"dvar2":13.2645254135,"max":32.8452262878,"mean":8.72864723206,"median":7.44962406158,"min":2.43907928467,"var":21.4644680023},"erbbands_flatness_db":{"dmean":0.0136116147041,"dmean2":0.0202638301998,"dvar":0.000163933073054,"dvar2":0.000351392402081,"max":0.392737865448,"mean":0.185050606728,"median":0.18128053844,"min":0.0276780724525,"var":0.00156689586584},"erbbands_kurtosis":{"dmean":0.841770350933,"dmean2":1.31409454346,"dvar":2.62448191643,"dvar2":6.19376182556,"max":66.8226928711,"mean":0.479014694691,"median":-0.403764009476,"min":-1.79611289501,"var":10.9696035385},"erbbands_skewness":{"dmean":0.32039514184,"dmean2":0.483380496502,"dvar":0.0994957610965,"dvar2":0.225732713938,"max":7.4007692337,"mean":0.191121846437,"median":0.0541651137173,"min":-3.70662164688,"var":0.915248274803},"erbbands_spread":{"dmean":6.69677877426,"dmean2":10.3790941238,"dvar":42.1716957092,"dvar2":94.3290786743,"max":121.320236206,"mean":39.1137657166,"median":38.3741645813,"min":2.74173903465,"var":262.489868164},"gfcc":{"cov":[[24144.8125,1886.10339355,-3510.16577148,1302.71264648,-1554.24035645,383.928619385,-651.372741699,-322.804016113,-420.308197021,-487.651123047,-141.655227661,-321.599700928,-271.629852295],[1886.10339355,822.157714844,-313.67199707,-69.0395812988,59.2443809509,-63.7750587463,32.7461738586,-43.4864387512,-26.3926544189,-99.1061706543,8.23383045197,-97.6373443604,-28.656288147],[-3510.16577148,-313.67199707,827.478088379,-49.1564064026,211.896209717,3.12034630775,25.4016017914,36.513168335,39.8306922913,95.0444030762,1.68875694275,80.9139175415,59.6938362122],[1302.71264648,-69.0395812988,-49.1564064026,467.976898193,37.6375999451,89.9362869263,-126.262413025,-73.6352920532,-53.0975723267,-38.8256988525,-28.6634368896,16.7279148102,14.4934139252],[-1554.24035645,59.2443809509,211.896209717,37.6375999451,428.547698975,80.5146331787,87.8612670898,50.4269294739,-29.7837543488,26.1827545166,-14.0943222046,-33.4966163635,11.0991888046],[383.928619385,-63.7750587463,3.12034630775,89.9362869263,80.5146331787,342.302429199,102.391036987,9.47828865051,-82.854347229,18.1675739288,-51.6462287903,-65.7986907959,-45.4846343994],[-651.372741699,32.7461738586,25.4016017914,-126.262413025,87.8612670898,102.391036987,228.294006348,87.1590881348,3.83016562462,22.1712627411,0.308890610933,-66.3647613525,-42.4128227234],[-322.804016113,-43.4864387512,36.513168335,-73.6352920532,50.4269294739,9.47828865051,87.1590881348,162.494766235,42.8753471375,48.4518241882,-7.58888196945,-28.267583847,-13.2917575836],[-420.308197021,-26.3926544189,39.8306922913,-53.0975723267,-29.7837543488,-82.854347229,3.83016562462,42.8753471375,125.220855713,34.263256073,17.3965110779,16.1469841003,-4.85347223282],[-487.651123047,-99.1061706543,95.0444030762,-38.8256988525,26.1827545166,18.1675739288,22.1712627411,48.4518241882,34.263256073,117.854850769,22.7002162933,-0.854082167149,-9.49449634552],[-141.655227661,8.23383045197,1.68875694275,-28.6634368896,-14.0943222046,-51.6462287903,0.308890610933,-7.58888196945,17.3965110779,22.7002162933,78.3129959106,34.4893455505,11.0620574951],[-321.599700928,-97.6373443604,80.9139175415,16.7279148102,-33.4966163635,-65.7986907959,-66.3647613525,-28.267583847,16.1469841003,-0.854082167149,34.4893455505,116.776657104,51.1518859863],[-271.629852295,-28.656288147,59.6938362122,14.4934139252,11.0991888046,-45.4846343994,-42.4128227234,-13.2917575836,-4.85347223282,-9.49449634552,11.0620574951,51.1518859863,85.4717025757]],"icov":[[0.000727834936697,-0.00162910926156,0.00182111922186,-0.00181944901124,0.00236358121037,-0.00122385495342,0.00143985881004,-0.00183551991358,0.00131834973581,-0.000673204602208,0.000262445799308,-0.000496824679431,0.000537790008821],[-0.00162910926156,0.00564579153433,-0.00342991040088,0.00452166981995,-0.00609362311661,0.00317950895987,-0.00310715171508,0.00476015312597,-0.0031504186336,0.0028808163479,-0.00156160525512,0.00291252066381,-0.00137380347587],[0.00182111922186,-0.00342991040088,0.00662933057174,-0.00417385296896,0.00472300639376,-0.00293125049211,0.00328048598021,-0.00394141953439,0.00280655315146,-0.00276541383937,0.00165619514883,-0.00241159810685,0.000638165802229],[-0.00181944901124,0.00452166981995,-0.00417385296896,0.00797026511282,-0.00683756917715,0.0014947776217,-0.00089777080575,0.00485503394157,-0.00360624748282,0.00287482677959,-0.00102294504177,0.0014781979844,-0.00134751200676],[0.00236358121037,-0.00609362311661,0.00472300639376,-0.00683756917715,0.0113520622253,-0.00403592223302,0.00339539558627,-0.00683070067316,0.00530630908906,-0.00281233829446,0.000989091582596,-0.00101707561407,0.000799625064246],[-0.00122385495342,0.00317950895987,-0.00293125049211,0.0014947776217,-0.00403592223302,0.00819812435657,-0.00605095922947,0.00418019667268,0.00122396100778,-0.00133060605731,0.00281491759233,0.000899985258002,0.000523341237567],[0.00143985881004,-0.00310715171508,0.00328048598021,-0.00089777080575,0.00339539558627,-0.00605095922947,0.0132831409574,-0.00740043306723,0.00156483112369,0.00163013115525,-0.00383671047166,0.00236804317683,0.0025241014082],[-0.00183551991358,0.00476015312597,-0.00394141953439,0.00485503394157,-0.00683070067316,0.00418019667268,-0.00740043306723,0.0149942841381,-0.00583883048967,-0.00164970604237,0.00229931273498,0.00201617670245,-0.00255584320985],[0.00131834973581,-0.0031504186336,0.00280655315146,-0.00360624748282,0.00530630908906,0.00122396100778,0.00156483112369,-0.00583883048967,0.0148096848279,-0.00417292956263,0.0011324955849,-0.00266364496201,0.00344060431235],[-0.000673204602208,0.0028808163479,-0.00276541383937,0.00287482677959,-0.00281233829446,-0.00133060605731,0.00163013115525,-0.00164970604237,-0.00417292956263,0.0151608558372,-0.00706172036007,0.0034678503871,0.000765495526139],[0.000262445799308,-0.00156160525512,0.00165619514883,-0.00102294504177,0.000989091582596,0.00281491759233,-0.00383671047166,0.00229931273498,0.0011324955849,-0.00706172036007,0.0204261671752,-0.00777042191476,0.000437086739112],[-0.000496824679431,0.00291252066381,-0.00241159810685,0.0014781979844,-0.00101707561407,0.000899985258002,0.00236804317683,0.00201617670245,-0.00266364496201,0.0034678503871,-0.00777042191476,0.0189746879041,-0.00718524912372],[0.000537790008821,-0.00137380347587,0.000638165802229,-0.00134751200676,0.000799625064246,0.000523341237567,0.0025241014082,-0.00255584320985,0.00344060431235,0.000765495526139,0.000437086739112,-0.00718524912372,0.0182847585529]],"mean":[-53.2559547424,107.649269104,-148.661361694,47.3300590515,-70.4520339966,3.440117836,-39.2387733459,-10.9553232193,-18.810344696,-11.4565677643,-7.13969326019,-5.09846973419,-8.63325405121]},"hfc":{"dmean":3.97075605392,"dmean2":5.61235618591,"dvar":40.0829696655,"dvar2":86.9998016357,"max":126.629371643,"mean":16.4516963959,"median":11.342710495,"min":1.06982577344e-16,"var":247.749343872},"melbands":{"dmean":[0.0000689225562382,0.000296417885693,0.000260531756794,0.000264092697762,0.000273465440841,0.000220602523768,0.000175172681338,0.000121368466353,0.000140031363117,0.000103019141534,0.0000589299452258,0.0000440087787865,0.0000471039384138,0.0000466349738417,0.0000508831617481,0.000031708048482,0.000025975963581,0.0000180054121302,0.00000997409642878,0.00000795549931354,0.0000132949353429,0.0000171287374542,0.0000116009032354,0.00000946675845626,0.00000504339641338,0.00000474183616461,0.00000512135284225,0.00000452470703749,0.00000309158190248,0.00000186513602785,0.00000194816198018,0.00000176674575414,0.00000152727909608,0.00000134752406211,0.0000011516374343,0.00000118479192679,3.55284129228e-7,1.37104180453e-7,1.02296013438e-7,8.09844209471e-8],"dmean2":[0.000115586648462,0.000481850787764,0.000421147036832,0.000410506181652,0.000401987839723,0.000318556500133,0.000251119199675,0.000187482393812,0.000216611020733,0.000159725736012,0.0000910959934117,0.0000686957282596,0.0000742081174394,0.0000766908779042,0.0000807030810392,0.00004858498869,0.0000418406962126,0.0000287740003841,0.0000160009512911,0.0000127066487039,0.0000217232318391,0.0000279069499811,0.0000181004088518,0.0000151234989971,0.00000803072634881,0.0000075101170296,0.0000079705087046,0.00000703745536157,0.00000494253526995,0.00000294569554171,0.00000306355127577,0.00000269541556008,0.00000232626553043,0.00000206110803447,0.00000177349932073,0.00000183279269095,5.68418045077e-7,2.19621583142e-7,1.62902253464e-7,1.28760589746e-7],"dvar":[1.26936061662e-8,1.89538354789e-7,2.10181170246e-7,1.89749314927e-7,2.73640011983e-7,2.20136925577e-7,2.67685067001e-7,1.61358528317e-7,1.92151034639e-7,1.38227207458e-7,3.27055467153e-8,1.43327776314e-8,2.80979985945e-8,4.29266293622e-8,1.3664520182e-8,1.4983090324e-8,4.48161818767e-9,1.50227674744e-9,5.21041099155e-10,2.23476820382e-10,9.79674785739e-10,6.09195049961e-9,5.54436774269e-10,4.10187606104e-10,9.00469698806e-11,8.44584541193e-11,1.01002033126e-10,9.3034698001e-11,6.21858259331e-11,2.71510539746e-11,2.25344205101e-11,1.60461522541e-11,1.82923259873e-11,2.17884703335e-11,1.33709770686e-11,1.07902593111e-11,1.8720144792e-12,4.48038714419e-13,2.42010350562e-13,2.33915778457e-13],"dvar2":[3.71938924104e-8,5.14742794167e-7,5.36988920885e-7,4.25004259341e-7,5.941920449e-7,4.51178266303e-7,6.29053261036e-7,3.75751199044e-7,4.63778974336e-7,3.44169137634e-7,7.65713039641e-8,3.57779512683e-8,7.43980592688e-8,1.11903091238e-7,3.50826354634e-8,3.57831062558e-8,1.13991021067e-8,3.7347054338e-9,1.30866872894e-9,5.51887535671e-10,2.57249732627e-9,1.80124519744e-8,1.34939659446e-9,1.04487962727e-9,2.23665003185e-10,2.02683217432e-10,2.28447288864e-10,2.24724461262e-10,1.55594967466e-10,6.20128254303e-11,5.19554226031e-11,3.62724329739e-11,4.24115395581e-11,4.78945424986e-11,3.05081758467e-11,2.64306458664e-11,4.81325569679e-12,1.16090297098e-12,5.45310378883e-13,5.26837471218e-13],"max":[0.00164995633531,0.00633002165705,0.0102755594999,0.0114125516266,0.0124787781388,0.00909617636353,0.0242584645748,0.0100679714233,0.013029047288,0.0104524344206,0.00569328200072,0.00311062298715,0.00722921825945,0.00655429717153,0.00266238092445,0.00497928168625,0.00168448500335,0.00130684056785,0.00131500279531,0.000454977882328,0.000723939272575,0.00256564700976,0.000661274883896,0.000538977561519,0.000271253346,0.000171099018189,0.000268643780146,0.000272362231044,0.000187283527339,0.000124415571918,0.0000793111903477,0.000128344297991,0.00012880047143,0.000155497400556,0.000128971834783,0.0000877323327586,0.0000362749269698,0.00002749430314,0.0000197608987946,0.0000279951873381],"mean":[0.00010587387078,0.000471517152619,0.000475234759506,0.000537137617357,0.000597153382841,0.000457206682768,0.0003726859577,0.00022126098338,0.000227963275393,0.000165221950738,0.000104102095065,0.0000844740861794,0.0000794230145402,0.0000758152309572,0.0000867142734933,0.0000548057178094,0.0000458994290966,0.000034252389014,0.0000190636419575,0.0000160271374625,0.0000262038793153,0.0000342773455486,0.0000253459584201,0.0000192756560864,0.0000100276211015,0.00000940837799135,0.0000105092285594,0.00000895176344784,0.00000562296327189,0.00000327605380335,0.00000352102551915,0.00000366515860151,0.00000300097053696,0.00000259223020294,0.00000211073688661,0.0000021866969746,5.5514323094e-7,1.95297147343e-7,1.48793148469e-7,1.13947947966e-7],"median":[0.0000524984061485,0.000303772045299,0.000243478178163,0.000309615774313,0.000250473822234,0.000166925950907,0.0000921890386962,0.0000562522691325,0.0000385838575312,0.0000210079288081,0.0000222054604819,0.0000275400961982,0.0000190078626474,0.0000202374576475,0.0000312484226015,0.000014167381778,0.0000135757372846,0.0000151030062625,0.0000105029639599,0.00000918086425372,0.0000105544213511,0.00000945846386458,0.00000940566769714,0.00000760654711485,0.00000535921026312,0.00000430670070273,0.00000477180310554,0.00000387853924622,0.00000257023430095,0.00000149084291934,0.00000154255235429,0.00000149896993662,0.00000104828939129,7.6171636465e-7,7.35360117687e-7,5.78591937028e-7,1.75316827722e-7,6.64144579332e-8,4.15078886817e-8,2.39446631412e-8],"min":[9.88051636448e-25,1.11865850475e-24,6.66351940628e-25,1.63066049085e-24,1.66820672007e-24,1.58610838794e-24,8.57059212376e-25,9.65067089291e-25,1.43898109595e-24,2.01656375151e-24,7.27957145552e-25,2.44478111669e-24,2.0358896604e-24,3.60920233002e-24,2.4259421322e-24,3.16756466591e-24,3.72570801382e-24,3.21376391039e-24,2.07005325405e-24,3.96610114735e-24,3.16528406903e-24,2.7669262724e-24,3.56742307319e-24,2.63733378062e-24,4.29996009864e-24,4.20995106936e-24,4.42493262654e-24,4.84267470776e-24,4.72580417579e-24,5.88720819337e-24,4.75734599022e-24,5.51045138048e-24,5.23071735919e-24,4.92794623288e-24,4.58142093646e-24,6.21042501663e-24,6.61784406404e-24,5.48102765758e-24,6.28016465938e-24,6.60592989779e-24],"var":[1.96301535027e-8,3.08541615368e-7,4.67678319183e-7,5.42092720934e-7,0.00000100320528418,7.52322364406e-7,7.6287290085e-7,3.86489659832e-7,3.376653126e-7,2.31398288975e-7,7.55991749202e-8,3.65683199277e-8,5.90805129264e-8,7.59345368806e-8,2.69439368594e-8,3.6531538683e-8,1.0667442929e-8,3.9957224196e-9,1.11969922223e-9,5.62242419289e-10,2.62881316715e-9,1.15030331926e-8,2.11184536525e-9,1.15765463882e-9,1.96337959779e-10,2.04887898314e-10,2.62152022312e-10,2.1106538739e-10,9.4534824413e-11,4.11758023511e-11,3.80992945526e-11,3.95754956584e-11,4.06132696917e-11,5.34340245661e-11,2.76512337333e-11,1.91247590681e-11,2.29650196429e-12,5.08314527622e-13,4.40759679188e-13,4.73444579981e-13]},"melbands_crest":{"dmean":3.0547554493,"dmean2":4.92911958694,"dvar":7.31265544891,"dvar2":18.4506473541,"max":33.9416046143,"mean":12.7059774399,"median":11.9263935089,"min":1.5801306963,"var":26.9042682648},"melbands_flatness_db":{"dmean":0.0210372824222,"dmean2":0.0317512266338,"dvar":0.00037521586637,"dvar2":0.000844005786348,"max":0.430104732513,"mean":0.176814839244,"median":0.169794812799,"min":0.00323682324961,"var":0.00362001848407},"melbands_kurtosis":{"dmean":4.40799474716,"dmean2":6.84961414337,"dvar":45.7566299438,"dvar2":103.588478088,"max":153.906173706,"mean":9.47429275513,"median":5.24849319458,"min":-1.77785456181,"var":191.566604614},"melbands_skewness":{"dmean":0.572789549828,"dmean2":0.880926311016,"dvar":0.308354079723,"dvar2":0.706454634666,"max":10.6541795731,"mean":2.29879689217,"median":2.10072803497,"min":-0.795182049274,"var":1.90995633602},"melbands_spread":{"dmean":7.31013631821,"dmean2":11.2657003403,"dvar":73.6540222168,"dvar2":161.606567383,"max":168.984634399,"mean":28.9431686401,"median":24.7161579132,"min":1.23099982738,"var":444.931121826},"mfcc":{"cov":[[10549.9785156,554.152404785,-543.283935547,221.256942749,-445.944549561,269.521209717,-134.888397217,246.890808105,-323.675048828,19.4031791687,-148.003250122,-145.115356445,-139.659393311],[554.152404785,1014.54498291,-197.995544434,-23.0797595978,-13.1123018265,-49.2694244385,64.8485488892,19.3814964294,-10.8967514038,26.6481132507,31.693983078,-37.0630340576,-15.233581543],[-543.283935547,-197.995544434,374.24987793,26.1123123169,28.7327079773,33.0458908081,-57.0522766113,-29.4991798401,-2.43015933037,-35.7516975403,-30.366809845,8.34492301941,22.1529064178],[221.256942749,-23.0797595978,26.1123123169,302.455413818,151.643859863,12.7709779739,-48.2915344238,-16.8450508118,-6.62306594849,-64.4196090698,-56.6989898682,21.4196090698,32.7791442871],[-445.944549561,-13.1123018265,28.7327079773,151.643859863,283.922607422,77.4783935547,55.4433860779,-17.9096717834,49.1172599792,-21.8051280975,-42.6638336182,18.8900108337,3.57162427902],[269.521209717,-49.2694244385,33.0458908081,12.7709779739,77.4783935547,261.419525146,117.905731201,35.7253456116,0.0316790193319,37.3296089172,-32.4272842407,-7.28306674957,-55.9806442261],[-134.888397217,64.8485488892,-57.0522766113,-48.2915344238,55.4433860779,117.905731201,279.032501221,53.5352172852,63.8470840454,84.5593185425,35.5305328369,1.09625434875,-33.5052566528],[246.890808105,19.3814964294,-29.4991798401,-16.8450508118,-17.9096717834,35.7253456116,53.5352172852,107.396568298,24.464422226,17.6517028809,3.73828005791,-4.57524347305,-22.1426811218],[-323.675048828,-10.8967514038,-2.43015933037,-6.62306594849,49.1172599792,0.0316790193319,63.8470840454,24.464422226,121.0366745,58.7064285278,30.0126438141,23.1762256622,-0.52568513155],[19.4031791687,26.6481132507,-35.7516975403,-64.4196090698,-21.8051280975,37.3296089172,84.5593185425,17.6517028809,58.7064285278,141.030731201,71.5451202393,13.1963434219,-18.9492607117],[-148.003250122,31.693983078,-30.366809845,-56.6989898682,-42.6638336182,-32.4272842407,35.5305328369,3.73828005791,30.0126438141,71.5451202393,124.238647461,40.4164085388,9.48800849915],[-145.115356445,-37.0630340576,8.34492301941,21.4196090698,18.8900108337,-7.28306674957,1.09625434875,-4.57524347305,23.1762256622,13.1963434219,40.4164085388,104.847938538,32.2460746765],[-139.659393311,-15.233581543,22.1529064178,32.7791442871,3.57162427902,-55.9806442261,-33.5052566528,-22.1426811218,-0.52568513155,-18.9492607117,9.48800849915,32.2460746765,91.1831588745]],"icov":[[0.000161289819516,-0.000061247155827,0.000208851168281,-0.000328960246406,0.000378691678634,-0.000259618042037,0.000159704388352,-0.000310951349093,0.000311853218591,-0.000269159383606,0.000202796465601,0.0000288786231977,0.0000278200332104],[-0.000061247155827,0.00117231637705,0.000420980126364,0.0000931893591769,-0.000313503871439,0.000452456093626,-0.000346273765899,0.00000185960959698,0.000268121773843,-0.0000167022317328,-0.000312709918944,0.00042954593664,0.00000824932794785],[0.000208851168281,0.000420980126364,0.00357826147228,-0.00021639491024,0.000452388165286,-0.00139337382279,0.000967465806752,0.000295719277347,-0.000413253321312,0.000414409354562,0.000279076950392,0.000221180816879,-0.000870705698617],[-0.000328960246406,0.0000931893591769,-0.00021639491024,0.0061936811544,-0.00382819958031,0.000436739559518,0.000828669522889,-0.000111082568765,0.000054668445955,0.00113843590952,0.000668028253131,-0.000923919898923,-0.00147252867464],[0.000378691678634,-0.000313503871439,0.000452388165286,-0.00382819958031,0.00797299295664,-0.00244104070589,-0.00104173261207,0.00187679077499,-0.00319649139419,0.00138598016929,0.00132748892065,-0.000438811577624,0.000342598708812],[-0.000259618042037,0.000452456093626,-0.00139337382279,0.000436739559518,-0.00244104070589,0.00787825323641,-0.0028558971826,-0.00114767125342,0.00312040140852,-0.00290334108286,0.00268088560551,-0.00153504381888,0.00314225698821],[0.000159704388352,-0.000346273765899,0.000967465806752,0.000828669522889,-0.00104173261207,-0.0028558971826,0.00672892015427,-0.00195640209131,-0.00140348915011,-0.00155950302724,-0.00104512099642,0.000766198965721,-0.000555652251933],[-0.000310951349093,0.00000185960959698,0.000295719277347,-0.000111082568765,0.00187679077499,-0.00114767125342,-0.00195640209131,0.0126578267664,-0.00417461758479,0.00234078476205,-0.00027761911042,-0.0000227437467402,0.0015682518715],[0.000311853218591,0.000268121773843,-0.000413253321312,0.000054668445955,-0.00319649139419,0.00312040140852,-0.00140348915011,-0.00417461758479,0.0154478307813,-0.00705993268639,0.00143111776561,-0.00199460238218,0.000293009798042],[-0.000269159383606,-0.0000167022317328,0.000414409354562,0.00113843590952,0.00138598016929,-0.00290334108286,-0.00155950302724,0.00234078476205,-0.00705993268639,0.0162500366569,-0.00772523554042,0.00122724822722,0.000939803372603],[0.000202796465601,-0.000312709918944,0.000279076950392,0.000668028253131,0.00132748892065,0.00268088560551,-0.00104512099642,-0.00027761911042,0.00143111776561,-0.00772523554042,0.0161267630756,-0.00553388567641,-0.00022535790049],[0.0000288786231977,0.00042954593664,0.000221180816879,-0.000923919898923,-0.000438811577624,-0.00153504381888,0.000766198965721,-0.0000227437467402,-0.00199460238218,0.00122724822722,-0.00553388567641,0.0135878436267,-0.00424066605046],[0.0000278200332104,0.00000824932794785,-0.000870705698617,-0.00147252867464,0.000342598708812,0.00314225698821,-0.000555652251933,0.0015682518715,0.000293009798042,0.000939803372603,-0.00022535790049,-0.00424066605046,0.0155643159524]],"mean":[-666.925964355,116.517753601,-16.892206192,31.6400871277,-8.36810874939,9.16025066376,-12.2904396057,2.87197875977,-14.9886274338,-3.50125360489,-8.35548973083,-0.091510437429,-2.94530510902]},"pitch_salience":{"dmean":0.0615750253201,"dmean2":0.0997296497226,"dvar":0.00279784831218,"dvar2":0.00721322046593,"max":0.817343652248,"mean":0.56656652689,"median":0.575157344341,"min":0.0965951159596,"var":0.00989775359631},"silence_rate_20dB":{"dmean":0,"dmean2":0,"dvar":0,"dvar2":0,"max":1,"mean":1,"median":1,"min":1,"var":0},"silence_rate_30dB":{"dmean":0.000219876863412,"dmean2":0.000439802097389,"dvar":0.000219794223085,"dvar2":0.000659372541122,"max":1,"mean":0.999890089035,"median":1,"min":0,"var":0.000109905689897},"silence_rate_60dB":{"dmean":0.0261653475463,"dmean2":0.0523364469409,"dvar":0.0254822485149,"dvar2":0.0597194470465,"max":1,"mean":0.0986039340496,"median":0,"min":0,"var":0.0888840854168},"spectral_centroid":{"dmean":245.158554077,"dmean2":375.324645996,"dvar":84079.703125,"dvar2":183169.875,"max":11768.6142578,"mean":1592.06506348,"median":1414.15673828,"min":270.175384521,"var":1567873.375},"spectral_complexity":{"dmean":2.74450302124,"dmean2":4.26344156265,"dvar":8.53706932068,"dvar2":17.8412303925,"max":52,"mean":17.6978130341,"median":17,"min":0,"var":89.633026123},"spectral_contrast_coeffs":{"dmean":[0.047778505832,0.0435502417386,0.0336356051266,0.0282876715064,0.0211689267308,0.0175964422524],"dmean2":[0.0795397087932,0.069853939116,0.0551828406751,0.0463405586779,0.0342750363052,0.0277942698449],"dvar":[0.00143610720988,0.00128857430536,0.00076345296111,0.000522303045727,0.000317105004797,0.000262814108282],"dvar2":[0.00399514473975,0.00326764909551,0.00199372298084,0.00135744735599,0.000756253546569,0.000583536922932],"max":[-0.243419632316,-0.336695551872,-0.488937288523,-0.57683134079,-0.588719010353,-0.53494310379],"mean":[-0.608062028885,-0.684902966022,-0.764582514763,-0.762107133865,-0.782571136951,-0.71215736866],"median":[-0.607599318027,-0.691986739635,-0.768943846226,-0.763210356236,-0.781895518303,-0.704531311989],"min":[-0.982068479061,-0.978530824184,-0.979659438133,-0.979977428913,-0.966548681259,-0.965924680233],"var":[0.00938722491264,0.00796128902584,0.00369190727361,0.00292705278844,0.00241640908644,0.00298704556189]},"spectral_contrast_valleys":{"dmean":[0.426259100437,0.310400009155,0.26922878623,0.232217460871,0.20875184238,0.260815262794],"dmean2":[0.707782924175,0.515467882156,0.448250293732,0.38030320406,0.317496716976,0.372356325388],"dvar":[0.13384154439,0.0806715264916,0.0682707726955,0.0579105131328,0.0644379928708,0.103142380714],"dvar2":[0.324886620045,0.188363090158,0.150762334466,0.117543682456,0.120355419815,0.206564739347],"max":[-6.11789274216,-4.93320417404,-5.17895174026,-5.96535682678,-5.77974081039,-7.71777248383],"mean":[-8.21844577789,-7.36378860474,-7.9640583992,-8.18080234528,-7.85941267014,-11.0443973541],"median":[-7.77059412003,-6.94740581512,-7.57730102539,-7.72973632812,-7.43291902542,-10.7201709747],"min":[-28.1393451691,-28.1084117889,-28.2251682281,-27.7555847168,-27.5158672333,-27.3883895874],"var":[6.05867815018,6.60746049881,6.38014221191,6.04078912735,6.18286085129,4.4627828598]},"spectral_decrease":{"dmean":1.05914965687e-9,"dmean2":1.53146373361e-9,"dvar":1.83494488579e-18,"dvar2":3.93962840625e-18,"max":1.84077784079e-28,"mean":-4.23361523616e-9,"median":-3.13626169479e-9,"min":-3.5330728565e-8,"var":1.28953602835e-17},"spectral_energy":{"dmean":0.00424506049603,"dmean2":0.00612239073962,"dvar":0.000029641591027,"dvar2":0.0000631322764093,"max":0.139966890216,"mean":0.0174708142877,"median":0.0130793349817,"min":9.93265716415e-21,"var":0.000217242224608},"spectral_energyband_high":{"dmean":0.000271681317827,"dmean2":0.000395756156649,"dvar":4.42701349357e-7,"dvar2":9.6752069112e-7,"max":0.0165378712118,"mean":0.000658224278595,"median":0.000330935115926,"min":7.14705132658e-21,"var":0.00000110294331535},"spectral_energyband_low":{"dmean":0.00113855476957,"dmean2":0.00183024769649,"dvar":0.00000276481341643,"dvar2":0.00000726811640561,"max":0.0288957059383,"mean":0.0021183877252,"median":0.0013711603824,"min":1.88324511468e-23,"var":0.0000057899519561},"spectral_energyband_middle_high":{"dmean":0.0014573315857,"dmean2":0.00219333847053,"dvar":0.00000757548832553,"dvar2":0.0000176825687959,"max":0.0701183453202,"mean":0.00494169024751,"median":0.00292856479064,"min":1.15552799781e-21,"var":0.0000399069031118},"spectral_energyband_middle_low":{"dmean":0.00333536253311,"dmean2":0.00490790978074,"dvar":0.0000236898358708,"dvar2":0.000052281695389,"max":0.130330055952,"mean":0.0103813614696,"median":0.00675453012809,"min":1.59896690747e-22,"var":0.000114385882625},"spectral_entropy":{"dmean":0.125098496675,"dmean2":0.187035784125,"dvar":0.0164168812335,"dvar2":0.0350275039673,"max":9.82941818237,"mean":7.543800354,"median":7.56566762924,"min":5.38210916519,"var":0.227332383394},"spectral_flux":{"dmean":0.0133438324556,"dmean2":0.0210597999394,"dvar":0.000196634297026,"dvar2":0.000466461235192,"max":0.308967292309,"mean":0.059762775898,"median":0.0545311681926,"min":6.33190930244e-11,"var":0.00120526680257},"spectral_kurtosis":{"dmean":1.36866283417,"dmean2":2.38191747665,"dvar":1.99730956554,"dvar2":5.85361289978,"max":33.0278396606,"mean":2.90374207497,"median":2.40518856049,"min":-1.28594565392,"var":5.30948019028},"spectral_rms":{"dmean":0.000470793806016,"dmean2":0.000672746158671,"dvar":2.16725240421e-7,"dvar2":4.44548874157e-7,"max":0.0116855921224,"mean":0.00373994931579,"median":0.00357215991244,"min":3.11294024412e-12,"var":0.00000305743333229},"spectral_rolloff":{"dmean":467.349273682,"dmean2":770.360168457,"dvar":474211.40625,"dvar2":1048140.1875,"max":19853.6132812,"mean":2002.02929688,"median":1550.390625,"min":107.666015625,"var":5487959},"spectral_skewness":{"dmean":0.187689706683,"dmean2":0.307899832726,"dvar":0.0295695867389,"dvar2":0.0748510733247,"max":4.59018373489,"mean":1.12476146221,"median":1.08981716633,"min":-0.2505851686,"var":0.181354999542},"spectral_spread":{"dmean":316597.8125,"dmean2":495691.4375,"dvar":333460668416,"dvar2":705313701888,"max":42683800,"mean":4328764,"median":3666427.75,"min":1878698.625,"var":19139282337800},"spectral_strongpeak":{"dmean":0.55072593689,"dmean2":0.921293020248,"dvar":0.886431634426,"dvar2":2.35497641563,"max":15.2991418839,"mean":1.05190932751,"median":0.535914897919,"min":0,"var":1.82294535637},"zerocrossingrate":{"dmean":0.00848603434861,"dmean2":0.010217721574,"dvar":0.000100265184301,"dvar2":0.000149604413309,"max":0.52978515625,"mean":0.0700688138604,"median":0.0595703125,"min":0.009765625,"var":0.00343701802194}},"metadata":{"audio_properties":{"analysis_sample_rate":44100,"bit_rate":282523,"codec":"mp3","downmix":"mix","equal_loudness":0,"length":211.199996948,"lossless":false,"md5_encoded":"6f23c11ba69ae75d3de663b4d5b727fd","replay_gain":-4.30505180359,"sample_rate":44100},"tags":{"acoustid_id":["9987213b-3ade-4c35-b029-8bef48ba7c9c"],"album":["Surrealistic Pillow"],"albumartist":["Jefferson Airplane"],"albumartistsort":["Jefferson Airplane"],"artist":["Jefferson Airplane"],"artists":["Jefferson Airplane"],"artistsort":["Jefferson Airplane"],"asin":["B0000A0DRY"],"barcode":["828765035125"],"catalognumber":["82876 50351 2"],"composer":["Tom Mastin"],"date":["2003"],"file_name":"08 - How Do You Feel.mp3","label":["BMG Heritage"],"language":["eng"],"lyricist":["Tom Mastin"],"media":["CD"],"musicbrainz album release country":["XE"],"musicbrainz album status":["official"],"musicbrainz album type":["album"],"musicbrainz release track id":["bc047cdf-98c4-396d-8426-339e0c8c669e"],"musicbrainz_albumartistid":["39c2a93d-9afa-4a22-9bba-c087ab056e1c"],"musicbrainz_albumid":["9ed81c23-af06-3d4e-828f-e10e7fbd1e02"],"musicbrainz_artistid":["39c2a93d-9afa-4a22-9bba-c087ab056e1c"],"musicbrainz_recordingid":["3a2e9a4d-459d-4e46-b5e1-9427d86dc2ae"],"musicbrainz_releasegroupid":["e6440cd2-5e8e-367d-bc49-cc042b5ef524"],"musicbrainz_workid":["2d0c5e0f-3fb7-4d2f-bd3a-030cf34e6e68"],"originaldate":["1967"],"performer:electric bass guitar and guitar":["Jack Casady"],"performer:guitar":["Jorma Kaukonen","Paul Kantner","Marty Balin"],"performer:organ, piano and recorder":["Grace Slick"],"performer:percussion":["Spencer Dryden"],"performer:vocals":["Grace Slick","Jorma Kaukonen","Paul Kantner","Marty Balin"],"script":["Latn"],"title":["How Do You Feel"],"tracknumber":["8/17"],"work":["How Do 