{"lowlevel":{"average_loudness":0.770285010338,"barkbands":{"dmean":[0.00000760102693675,0.00169920967892,0.000382648722734,0.000366622611182,0.00194796733558,0.00103963667061,0.000738280941732,0.00206381548196,0.00179451599251,0.00106830778532,0.000885108020157,0.000517399050295,0.000278226070805,0.000321173021803,0.000159175964654,0.0000713342087693,0.0000476801760669,0.0000237535277847,0.000019005363356,0.0000138404911922,0.00000335977165378,0.00000187982163879,0.00000282148380393,0.00000486996032123,0.00000663832815917,0.0000252398021985,0.00000593236563873],"dmean2":[0.0000129127483888,0.00270715774968,0.000606456247624,0.000567292212509,0.00296214432456,0.00155022984836,0.00109467445873,0.00292105111293,0.00266307638958,0.00162421166897,0.00135104381479,0.000827079056762,0.000436537578935,0.000511846912559,0.000245166098466,0.000111158347863,0.0000743524142308,0.0000363377876056,0.0000293141365546,0.0000204915249924,0.00000490411457577,0.00000271239082394,0.00000398203064833,0.00000722484537619,0.0000111692570499,0.0000439580289822,0.0000105307844933],"dvar":[2.47892428806e-10,0.0000110684113679,5.26982830706e-7,8.33321678329e-7,0.0000120441727631,0.00000368699443243,0.00000301336967823,0.0000150313862832,0.0000124845355458,0.00000470641134598,0.0000048884703574,0.00000215424506678,8.84397650225e-7,0.00000245308137892,5.09582434916e-7,1.21096888961e-7,1.4058516129e-8,5.36792876815e-9,2.94915492027e-9,2.32173547055e-9,1.88220147801e-10,5.46144657276e-11,1.07147159201e-10,3.8625153076e-10,6.21622309183e-10,9.52953005395e-9,5.64554181182e-10],"dvar2":[7.15596859546e-10,0.0000278347688436,0.00000135621007757,0.00000202392106985,0.0000294309102173,0.00000849736989039,0.0000061537257352,0.0000287340044451,0.0000257593274,0.0000106157085611,0.0000113353944471,0.00000534853870704,0.0000018179688368,0.00000663792343403,0.00000110160385702,2.26621892807e-7,3.30826779305e-8,1.19315215485e-8,6.7413696847e-9,5.19717735514e-9,3.62009061616e-10,1.06906601627e-10,1.74801756403e-10,7.36684213631e-10,1.61282454059e-9,2.53251553062e-8,1.52450685409e-9],"max":[0.000274644931778,0.0678378641605,0.0185111593455,0.0329192206264,0.107355684042,0.0621628053486,0.0524758920074,0.104585155845,0.107282929122,0.037613235414,0.0552033297718,0.0389160513878,0.0361124053597,0.0647057443857,0.0310579817742,0.0282561052591,0.00429973239079,0.00230710976757,0.00180790759623,0.00176800088957,0.000694268557709,0.000340102007613,0.000646245840471,0.00111537112389,0.000666862353683,0.00150232668966,0.000322510051774],"mean":[0.0000113275527838,0.00587721541524,0.00109094846994,0.000824721879326,0.00384492403828,0.00198555015959,0.00149223289918,0.00415381696075,0.0037697260268,0.00181557692122,0.00152339495253,0.000881649495568,0.000526067509782,0.000577510800213,0.000312451506034,0.000130849512061,0.000100939083495,0.0000467804784421,0.000041735576815,0.0000293940793199,0.00000679373033563,0.00000381619020118,0.0000049662407946,0.00000682628342474,0.00000551017592443,0.0000182917283382,0.00000413558382206],"median":[0.00000432916840509,0.00362526043318,0.000749312574044,0.000311522628181,0.0022266805172,0.00112880929373,0.000451260246336,0.00151144131087,0.00128015212249,0.000586187350564,0.000322718900861,0.000207702934858,0.000108327665657,0.0000605795285082,0.0000566494491068,0.0000202722803806,0.0000229264915106,0.00000999976418825,0.00000795338928583,0.00000506206924911,0.00000121803952879,9.18271723549e-7,8.63111836225e-7,5.35584604222e-7,2.0925430988e-7,1.69290274243e-7,2.5042282914e-7],"min":[8.27986631183e-25,1.95707713115e-24,2.49228523572e-25,2.9513860123e-25,7.04871436845e-24,8.36118169951e-24,2.25177781597e-24,2.81268947402e-24,1.24133779428e-23,1.61005469459e-23,8.49935305364e-24,2.21781080646e-23,1.48811872898e-23,3.76077477433e-23,4.46071433168e-23,5.42249544059e-23,7.0357645856e-23,8.78134148163e-23,1.24455517926e-22,1.71148409476e-22,2.56940478663e-22,2.79563898709e-22,2.95321628793e-22,5.67485381122e-22,8.06043431696e-22,1.28386902803e-21,1.81538214993e-21],"var":[3.37822075869e-10,0.0000425344042014,0.00000141172870372,0.00000246623039857,0.0000303671586153,0.00000777508739702,0.0000110756718641,0.0000634881289443,0.0000381944846595,0.0000108797203211,0.0000102043668448,0.00000458950171378,0.00000358592819794,0.00000666620189804,0.00000197852750716,4.54664842664e-7,4.56146125316e-8,1.19602114879e-8,1.10505595785e-8,6.35962571494e-9,4.88617923899e-10,1.17280005152e-10,3.07425196411e-10,7.79521114325e-10,5.17489273655e-10,6.75679823203e-9,3.74974856721e-10]},"barkbands_crest":{"dmean":2.2353708744,"dmean2":3.51670789719,"dvar":4.25202322006,"dvar2":10.2298469543,"max":25.7244052887,"mean":10.993680954,"median":10.1392345428,"min":3.34197163582,"var":16.7912044525},"barkbands_flatness_db":{"dmean":0.0187226645648,"dmean2":0.0266327206045,"dvar":0.000407647283282,"dvar2":0.000746262492612,"max":0.442366480827,"mean":0.226787775755,"median":0.224347427487,"min":0.0391012094915,"var":0.00335583719425},"barkbands_kurtosis":{"dmean":2.27143359184,"dmean2":3.5018684864,"dvar":20.0745105743,"dvar2":45.6135978699,"max":198.954406738,"mean":3.39656233788,"median":1.2988216877,"min":-1.87787294388,"var":69.2587814331},"barkbands_skewness":{"dmean":0.467403948307,"dmean2":0.70385748148,"dvar":0.255355358124,"dvar2":0.580889821053,"max":13.252579689,"mean":0.842395424843,"median":0.690428674221,"min":-3.0575170517,"var":1.45902431011},"barkbands_spread":{"dmean":2.47728967667,"dmean2":3.82766461372,"dvar":14.6442661285,"dvar2":37.9154701233,"max":92.3333053589,"mean":10.6010808945,"median":9.28541660309,"min":0.443524390459,"var":43.8766288757},"dissonance":{"dmean":0.036302395165,"dmean2":0.0613109879196,"dvar":0.00110102281906,"dvar2":0.00305978977121,"max":0.499999791384,"mean":0.421542167664,"median":0.430330872536,"min":0.0812562480569,"var":0.00241514248773},"dynamic_complexity":4.13631486893,"erbbands":{"dmean":[0.0318376235664,0.435736000538,0.589868545532,0.71514582634,3.04226517677,8.15088748932,7.43100595474,10.1696233749,8.70922279358,34.5033149719,29.155008316,45.0788955688,34.9575920105,27.4307537079,37.7665100098,19.762588501,12.7565097809,15.2275495529,9.30380153656,5.99586009979,2.89444041252,2.21470427513,1.57086741924,0.829007029533,0.974530339241,0.621626496315,0.208393186331,0.0977238789201,0.0642081350088,0.0658544674516,0.0958176851273,0.0747058019042,0.0989417657256,0.0633235573769,0.0581878982484,0.0798286795616,0.0529511235654,0.0125667080283,0.000898298691027,0.0000358946381311],"dmean2":[0.0513503886759,0.693048477173,0.931913614273,1.10116612911,4.69466400146,12.5283403397,11.2268753052,15.0549888611,12.7954931259,48.0317115784,43.5137634277,66.569480896,53.1210517883,41.8855628967,58.3178482056,30.8582763672,19.9313316345,24.1527099609,14.7541027069,8.97923755646,4.39515209198,3.40835356712,2.38564944267,1.28425884247,1.48008143902,0.917657315731,0.297511696815,0.145374923944,0.0921091586351,0.0958054885268,0.137603357434,0.105608224869,0.151349291205,0.103517375886,0.0993009880185,0.135953560472,0.0933283641934,0.0224104393274,0.00159256462939,0.0000606852117926],"dvar":[0.0046978672035,0.711051464081,1.15854299068,2.44964599609,57.4072036743,237.51361084,176.97819519,425.526672363,417.605712891,4217.03271484,2781.98730469,8947.98925781,5241.95947266,4034.72900391,11058.7089844,3151.84838867,1520.79187012,4496.20947266,1454.22143555,722.548400879,189.02230835,31.3504524231,17.5582408905,5.00553178787,9.47490501404,6.01274347305,0.791491746902,0.154149085283,0.0879155546427,0.0565824322402,0.115291729569,0.132243320346,0.135413661599,0.0616708509624,0.0496288649738,0.0982082784176,0.0429518707097,0.00253302883357,0.0000127096100186,1.35397995038e-8],"dvar2":[0.0108478330076,1.82363092899,3.05241537094,5.95478248596,139.803359985,582.524475098,411.26348877,985.012817383,901.494445801,7864.38476562,6325.47705078,18340.6484375,11770.5585938,9231.22851562,26804.4746094,7066.05175781,3176.64746094,11844.6132812,3606.49902344,1398.28515625,328.903808594,72.8643417358,37.9347305298,11.7428131104,21.6000900269,13.8307723999,1.59524667263,0.325569778681,0.185274004936,0.105061531067,0.188019827008,0.247326478362,0.275963008404,0.149863645434,0.13122817874,0.257555693388,0.115308560431,0.0068398383446,0.0000342363637174,3.59927803117e-8],"max":[1.69115161896,16.9628639221,20.64935112,50.57421875,231.501815796,459.088806152,440.987884521,782.711364746,580.878479004,1919.6652832,1028.2791748,3236.61206055,1464.67651367,1536.79125977,3039.63647461,2000.00097656,1484.80065918,2481.9699707,1208.17407227,1425.11376953,1310.29199219,173.100570679,125.453712463,53.2923278809,115.143074036,111.03780365,47.9295539856,19.3768692017,16.3995056152,8.20024204254,21.8072834015,22.9429225922,19.2266464233,13.1138238907,3.90390467644,7.11276769638,2.79054236412,0.691373348236,0.0487962625921,0.00171497126576],"mean":[0.104277923703,1.50244569778,1.93435204029,1.88725244999,6.39796876907,14.7174444199,14.4274682999,19.4458885193,18.5460033417,73.3328094482,60.2903251648,94.1051254272,64.711517334,53.8095054626,63.9651107788,37.3778495789,25.4580936432,28.9290161133,17.7324428558,13.1260356903,6.34122896194,5.1366147995,3.47418642044,1.89717280865,2.23480772972,1.39251255989,0.456102907658,0.200090542436,0.128844290972,0.125257119536,0.164089262486,0.112689763308,0.132711470127,0.060440339148,0.0453170016408,0.06301176548,0.0367254763842,0.00828474760056,0.00064310641028,0.000057102082792],"median":[0.0335930809379,0.971963465214,1.45460319519,0.989561736584,2.49820375443,7.77809476852,9.01977729797,9.78929710388,6.91529273987,25.9841384888,26.8007011414,33.8992385864,25.8940258026,15.7605724335,16.3417701721,10.1904478073,7.18017196655,4.56050539017,3.43487286568,2.35703325272,1.2125556469,1.19750189781,0.823504567146,0.412951946259,0.385699212551,0.238441556692,0.0751515328884,0.0450122393668,0.030140966177,0.0292793028057,0.0270499065518,0.0116251800209,0.00916873477399,0.00304333260283,0.00128110218793,0.000728027895093,0.00031211914029,0.000125039165141,0.0000537434789294,0.0000351808885171],"min":[4.07662079683e-23,5.51534992272e-22,5.41405109481e-22,4.40098173345e-21,1.25593958565e-20,1.85757025948e-20,4.29097260887e-20,6.72069772039e-20,7.99232699971e-20,9.51091622079e-20,2.02875506107e-19,3.83237068795e-19,3.27361690502e-19,4.9089286776e-19,8.08043323793e-19,1.1199853854e-18,9.54907121901e-19,1.95163566839e-18,2.45133940554e-18,2.91770569606e-18,3.45717924308e-18,4.36536420546e-18,5.56336823226e-18,5.7915133306e-18,6.39996216018e-18,7.98174200885e-18,8.63290189577e-18,9.99227976109e-18,1.028683795e-17,8.83283724009e-18,9.69858845743e-18,9.88896738413e-18,8.08442241983e-18,8.21168002117e-18,6.01132127554e-18,3.94876296175e-18,2.21628031805e-18,9.10276488553e-19,2.39318395559e-19,2.4526512623e-20],"var":[0.0255744513124,2.56200695038,3.82703375816,7.24219751358,151.623474121,557.944885254,372.487091064,871.789672852,1327.94616699,19379.8886719,8212.015625,25372.2246094,12539.3652344,10920.4101562,20873.7871094,8115.29101562,5539.92919922,14175.9257812,3292.70678711,3399.64477539,852.49029541,114.499031067,52.0151176453,17.2830715179,37.6466255188,15.1158828735,2.16007614136,0.353028953075,0.167315512896,0.138312622905,0.322322517633,0.295184135437,0.240606039762,0.0686591565609,0.0366041399539,0.0741292461753,0.0293189659715,0.00167089293245,0.00000850091328175,1.06112389986e-8]},"erbbands_crest":{"dmean":3.06866621971,"dmean2":4.90406036377,"dvar":7.95262765884,"dvar2":19.3914966583,"max":31.1908664703,"mean":12.4689502716,"median":11.5910949707,"min":2.31456542015,"var":23.842048645},"erbbands_flatness_db":{"dmean":0.0210265256464,"dmean2":0.0302363913506,"dvar":0.000469623570098,"dvar2":0.000935699907131,"max":0.476544708014,"mean":0.247643768787,"median":0.24844917655,"min":0.0186828393489,"var":0.00345290941186},"erbbands_kurtosis":{"dmean":1.91991043091,"dmean2":2.98850274086,"dvar":7.91797590256,"dvar2":18.4773750305,"max":74.8959732056,"mean":3.01920032501,"median":1.80577135086,"min":-1.82345819473,"var":19.880651474},"erbbands_skewness":{"dmean":0.444209694862,"dmean2":0.675892174244,"dvar":0.193934559822,"dvar2":0.446716427803,"max":5.51946353912,"mean":0.49090474844,"median":0.478496968746,"min":-4.20349550247,"var":0.84969419241},"erbbands_spread":{"dmean":3.75981521606,"dmean2":5.76498889923,"dvar":30.6135559082,"dvar2":74.2442245483,"max":149.524139404,"mean":15.3490247726,"median":12.6826725006,"min":1.01568758488,"var":121.590385437},"gfcc":{"cov":[[27051.3574219,2376.1784668,-3409.27124023,-18.3364181519,-925.942260742,311.975311279,-526.612854004,380.997833252,-419.250579834,1.61311471462,-89.0958175659,-25.1130084991,-231.783905029],[2376.1784668,1610.68249512,-509.111846924,-114.594223022,154.408172607,-202.013427734,96.1648406982,-135.045257568,90.8477325439,-124.507675171,81.6397476196,-119.485427856,29.8662338257],[-3409.27124023,-509.111846924,1498.04016113,-45.1290817261,-39.6841468811,217.037353516,-20.7771930695,22.6996498108,15.6578559875,46.2333641052,-57.4088363647,109.597145081,-40.3134994507],[-18.3364181519,-114.594223022,-45.1290817261,621.333984375,120.638336182,0.0852528810501,43.1216011047,-10.1822652817,44.2768592834,0.382414847612,56.7060623169,-22.530670166,31.6414985657],[-925.942260742,154.408172607,-39.6841468811,120.638336182,431.536712646,-73.8604660034,77.6865158081,-22.6821193695,18.1410446167,28.8852481842,17.5988311768,-33.711025238,26.65051651],[311.975311279,-202.013427734,217.037353516,0.0852528810501,-73.8604660034,325.326599121,25.4180450439,33.2040481567,-5.36711883545,37.154548645,-5.15134620667,33.05884552,-20.2873859406],[-526.612854004,96.1648406982,-20.7771930695,43.1216011047,77.6865158081,25.4180450439,213.276641846,41.0224227905,17.3621330261,-1.78328609467,39.3114089966,-14.2139511108,16.0328044891],[380.997833252,-135.045257568,22.6996498108,-10.1822652817,-22.6821193695,33.2040481567,41.0224227905,194.019332886,35.8484649658,23.9762039185,-9.16976642609,42.2046356201,-8.73023319244],[-419.250579834,90.8477325439,15.6578559875,44.2768592834,18.1410446167,-5.36711883545,17.3621330261,35.8484649658,172.720901489,30.7509479523,8.55223178864,-13.8672275543,26.3374233246],[1.61311471462,-124.507675171,46.2333641052,0.382414847612,28.8852481842,37.154548645,-1.78328609467,23.9762039185,30.7509479523,123.980163574,28.2927303314,-0.0869670733809,-13.6672182083],[-89.0958175659,81.6397476196,-57.4088363647,56.7060623169,17.5988311768,-5.15134620667,39.3114089966,-9.16976642609,8.55223178864,28.2927303314,129.546554565,16.7284355164,-8.36078929901],[-25.1130084991,-119.485427856,109.597145081,-22.530670166,-33.711025238,33.05884552,-14.2139511108,42.2046356201,-13.8672275543,-0.0869670733809,16.7284355164,106.575157166,14.4186172485],[-231.783905029,29.8662338257,-40.3134994507,31.6414985657,26.65051651,-20.2873859406,16.0328044891,-8.73023319244,26.3374233246,-13.6672182083,-8.36078929901,14.4186172485,77.4799575806]],"icov":[[0.000290782219963,-0.000885042827576,0.000648561748676,-0.000588077004068,0.000705006998032,-0.000739969080314,0.000900476879906,-0.00108914391603,0.00132875796407,-0.00138339819387,0.00118649646174,-0.000810296158306,0.000626466644462],[-0.000885042827576,0.00380332954228,-0.00174688652623,0.00228721625172,-0.00252613145858,0.00240745465271,-0.00299975182861,0.00387331168167,-0.00498696789145,0.00563783524558,-0.00458535086364,0.00317413103767,-0.00179604103323],[0.000648561748676,-0.00174688652623,0.00237061665393,-0.00124973547645,0.00141925679054,-0.00202626269311,0.00176009803545,-0.00184719823301,0.00238410849124,-0.00306363939308,0.00325271254405,-0.00298088416457,0.00232119322754],[-0.000588077004068,0.00228721625172,-0.00124973547645,0.00328337191604,-0.00208722427487,0.00128327752464,-0.00172738428228,0.00224130833521,-0.00336261885241,0.00390999019146,-0.00393179943785,0.0026903161779,-0.00206026970409],[0.000705006998032,-0.00252613145858,0.00141925679054,-0.00208722427487,0.00479731429368,-0.00100672792178,0.00107396650128,-0.00236846297048,0.0037436618004,-0.00506755756214,0.00358637864701,-0.00184885051567,0.000835412240122],[-0.000739969080314,0.00240745465271,-0.00202626269311,0.00128327752464,-0.00100672792178,0.00584481144324,-0.0034121312201,0.00295634078793,-0.00327611342072,0.00230982061476,-0.00236001214944,0.00117073173169,-0.000755581480917],[0.000900476879906,-0.00299975182861,0.00176009803545,-0.00172738428228,0.00107396650128,-0.0034121312201,0.00946596451104,-0.00599468359724,0.00472261523828,-0.0030067646876,0.000742342614103,0.000276000762824,-0.000532711332198],[-0.00108914391603,0.00387331168167,-0.00184719823301,0.00224130833521,-0.00236846297048,0.00295634078793,-0.00599468359724,0.011944828555,-0.00755150057375,0.00430283602327,-0.0020709335804,-0.00151681958232,0.000932214374188],[0.00132875796407,-0.00498696789145,0.00238410849124,-0.00336261885241,0.0037436618004,-0.00327611342072,0.00472261523828,-0.00755150057375,0.0143048502505,-0.00911002233624,0.00513553526253,-0.00142144376878,-0.00111344782636],[-0.00138339819387,0.00563783524558,-0.00306363939308,0.00390999019146,-0.00506755756214,0.00230982061476,-0.0030067646876,0.00430283602327,-0.00911002233624,0.0188316572458,-0.0100085865706,0.00620055058971,-0.0018629541155],[0.00118649646174,-0.00458535086364,0.00325271254405,-0.00393179943785,0.00358637864701,-0.00236001214944,0.000742342614103,-0.0020709335804,0.00513553526253,-0.0100085865706,0.0170750617981,-0.00913893338293,0.00640863506123],[-0.000810296158306,0.00317413103767,-0.00298088416457,0.0026903161779,-0.00184885051567,0.00117073173169,0.000276000762824,-0.00151681958232,-0.00142144376878,0.00620055058971,-0.00913893338293,0.0184693858027,-0.00842904485762],[0.000626466644462,-0.00179604103323,0.00232119322754,-0.00206026970409,0.000835412240122,-0.000755581480917,-0.000532711332198,0.000932214374188,-0.00111344782636,-0.0018629541155,0.00640863506123,-0.00842904485762,0.0195621941239]],"mean":[-94.7283554077,160.537963867,-98.6230697632,-16.293466568,-43.4568252563,1.04176127911,-21.6629314423,6.64200687408,-14.5216779709,-4.21041822433,-7.8932890892,-3.65245127678,-8.17193031311]},"hfc":{"dmean":4.31554841995,"dmean2":6.36027812958,"dvar":37.0119552612,"dvar2":81.3778839111,"max":119.46723175,"mean":15.4762792587,"median":11.7812414169,"min":1.05219934868e-16,"var":198.717529297},"melbands":{"dmean":[0.000397557450924,0.000412849767599,0.000174417276867,0.000391767418478,0.000302657776047,0.000215309424675,0.000137552488013,0.000431121967267,0.000238842942053,0.000291620905045,0.000170905215782,0.000110694491013,0.000112050060125,0.0000769232938183,0.0000425035141234,0.000020934639906,0.0000333132120431,0.0000167641228472,0.0000126160775835,0.00000666741607347,0.00000285361215902,0.0000023763475383,0.00000261400305135,9.47572118548e-7,7.13576469025e-7,7.22509184925e-7,7.01963017491e-7,3.8920438783e-7,1.56183716626e-7,8.6921232878e-8,5.30881720806e-8,4.0759562836e-8,3.41832588902e-8,3.72365853707e-8,5.29877119959e-8,5.37470974393e-8,4.55343780459e-8,7.92380276948e-8,5.24131529289e-8,5.45620615355e-8],"dmean2":[0.000636329059489,0.000649589870591,0.000265867507551,0.000607056776062,0.000454802328022,0.000318729697028,0.000201774353627,0.000600349856541,0.000360138103133,0.000429859268479,0.000260475295363,0.000169114864548,0.00017287619994,0.000120916920423,0.0000654680770822,0.0000333757816406,0.0000529195021954,0.000026989793696,0.0000191305935004,0.0000102930025605,0.00000435623633166,0.00000366123231288,0.00000408471851188,0.0000014564684534,0.00000112618954518,0.00000109982522645,0.00000105586445898,5.81866231641e-7,2.29558892784e-7,1.3111146302e-7,8.02422235324e-8,6.05747203508e-8,5.03886070646e-8,5.50605001592e-8,7.77239392846e-8,7.73502719653e-8,6.66777495439e-8,1.22409218761e-7,8.25799375548e-8,9.15078501862e-8],"dvar":[6.50272568237e-7,5.77020671244e-7,1.53464142727e-7,6.94890502473e-7,2.4033741397e-7,1.79231307129e-7,1.05583808363e-7,6.79282607052e-7,2.00603167855e-7,3.88862048339e-7,1.30099664375e-7,6.89613628424e-8,8.45977794484e-8,4.08971914112e-8,2.27562697575e-8,7.32166327566e-9,2.44365558899e-8,6.10854034022e-9,3.70741415345e-9,9.49793022009e-10,1.41763614736e-10,3.78601178186e-11,5.41708136681e-11,7.63650167407e-12,4.03045131991e-12,6.27451953242e-12,4.59710785064e-12,2.98798594374e-12,4.21660427928e-13,1.70953935686e-13,3.59389099969e-14,3.78309173267e-14,1.82225382787e-14,2.03839308849e-14,4.01661498929e-14,4.87325227372e-14,5.53967170801e-14,8.52303796116e-14,5.7091152281e-14,4.6027055458e-14],"dvar2":[0.00000157970600867,0.00000150711503011,3.72809239479e-7,0.00000167465509548,5.71287444018e-7,4.1300395992e-7,2.19272607183e-7,0.00000125466226564,4.57834005374e-7,7.83663665516e-7,2.93634201398e-7,1.58051449262e-7,2.03840812674e-7,9.99282221414e-8,4.21110968318e-8,1.42067113629e-8,6.47472688797e-8,1.58850408383e-8,7.39336414313e-9,1.80980141984e-9,2.50342746533e-10,8.91929030633e-11,1.27331450939e-10,1.6576656714e-11,9.69220537161e-12,1.41295863898e-11,1.05574516143e-11,7.13894525092e-12,8.65197941503e-13,3.56170740687e-13,8.14550182404e-14,8.6291210451e-14,3.50190965906e-14,4.03348653034e-14,6.89536589719e-14,8.69724892149e-14,1.10169340285e-13,1.86488506386e-13,1.21095204719e-13,1.17692178702e-13],"max":[0.0181280467659,0.0144307324663,0.0107439663261,0.0307232625782,0.0120280394331,0.0152587248012,0.00842601247132,0.0241150408983,0.00958874821663,0.0214436259121,0.00725118955597,0.00652415724471,0.00827375613153,0.00450572604313,0.00594476098195,0.00451957341284,0.00597548717633,0.00288894260302,0.00341226067394,0.00198295642622,0.00114299904089,0.000188591497135,0.000281993241515,0.000090772882686,0.0000491819555464,0.0000843661982799,0.000062637256633,0.0000853512028698,0.0000342308449035,0.0000207698740269,0.00000645327918392,0.0000114904687507,0.00000587263548368,0.00000558658484806,0.0000131892738864,0.0000107178293547,0.0000151377062139,0.0000124457492348,0.0000182159201358,0.00000871489100973],"mean":[0.0013552721357,0.00145605986472,0.000444288103608,0.000764776894357,0.000591017422266,0.000409729836974,0.000285044079646,0.00089769391343,0.000476021989016,0.00060382502852,0.000304803048493,0.000205250587896,0.000194948268472,0.000128071056679,0.0000886333727976,0.000034871565731,0.0000607223082625,0.0000291335363727,0.0000260479100689,0.0000120005133795,0.00000604510751145,0.00000515403462487,0.00000502644070366,0.00000196934911401,0.00000144164118865,0.00000152507504936,0.00000152992936364,7.78497962983e-7,3.13970929255e-7,1.63979052559e-7,9.71681259898e-8,7.49854223159e-8,6.50685549886e-8,6.59927650304e-8,9.1133287583e-8,8.32783797478e-8,6.43914148668e-8,1.07202957622e-7,5.91670961114e-8,4.81034341249e-8],"median":[0.000681647274178,0.00112650182564,0.000223316019401,0.000392018089769,0.000372875772882,0.00021277484484,0.0000897780992091,0.000309249589918,0.000195547385374,0.000198367342819,0.000113106405479,0.0000501631038787,0.0000456137786387,0.000034049826354,0.0000189419606613,0.00000905142223928,0.0000068823037509,0.00000428573684985,0.00000409200356444,0.00000185010935638,0.00000110075745852,0.00000108013614408,0.00000107361063328,4.14241725366e-7,2.68895689715e-7,2.36006513887e-7,2.53903692737e-7,1.19449111935e-7,4.44692531687e-8,2.7239305922e-8,2.17486757492e-8,1.71804899196e-8,1.47399168426e-8,1.4728145814e-8,1.56975943355e-8,1.09446798291e-8,5.68647351429e-9,7.4148491791e-9,3.50888429423e-9,2.15772688605e-9],"min":[7.18074887778e-25,1.19213389693e-24,1.7967506185e-24,1.44763194185e-24,1.45312399148e-24,1.39296861429e-24,1.21319470817e-24,8.73448093505e-25,1.27092522554e-24,2.08103084519e-24,1.23129324809e-24,1.44733099142e-24,1.8009290175e-24,2.28412486018e-24,3.35232910333e-24,1.54353159273e-24,2.73876571302e-24,3.3805154979e-24,3.7048351487e-24,3.33637912469e-24,3.59843201208e-24,4.06162628651e-24,3.28283499353e-24,3.72232813928e-24,4.20130830928e-24,4.07800106675e-24,4.2213418264e-24,4.5421100254e-24,4.59443043608e-24,4.02020280595e-24,5.20123841602e-24,5.42475465934e-24,5.58926174036e-24,4.16641975245e-24,5.26010597778e-24,5.57230675292e-24,5.94974948037e-24,5.16505099972e-24,5.95153270045e-24,6.27898689005e-24],"var":[0.00000289385047836,0.00000196930432139,4.49497093769e-7,0.00000183551105692,5.25679070051e-7,3.75349628712e-7,3.71229475604e-7,0.00000308840435537,5.50208085315e-7,0.00000112959105536,3.0227198522e-7,1.77964793124e-7,1.68395104083e-7,8.02913007192e-8,1.19663766895e-7,1.35164821558e-8,7.52595497033e-8,1.19296625911e-8,1.85728481483e-8,3.08671288529e-9,6.59524546087e-10,1.28082683348e-10,1.38276515238e-10,2.04776213347e-11,1.21244056461e-11,2.19663436746e-11,1.63218015492e-11,5.93075978952e-12,1.17284556633e-12,3.52287291136e-13,7.29557473461e-14,6.09085739202e-14,4.056960185e-14,4.59337903542e-14,1.04636039958e-13,1.21804340702e-13,1.09827389696e-13,1.34297046682e-13,9.131066671e-14,4.22815231991e-14]},"melbands_crest":{"dmean":2.45842814445,"dmean2":3.84849095345,"dvar":5.47970485687,"dvar2":13.365401268,"max":31.2844219208,"mean":13.2028455734,"median":12.4493923187,"min":1.58897233009,"var":23.0920085907},"melbands_flatness_db":{"dmean":0.0201088823378,"dmean2":0.0280833393335,"dvar":0.000508661905769,"dvar2":0.000901417282876,"max":0.610278844833,"mean":0.321830123663,"median":0.318180322647,"min":0.00328959245235,"var":0.00638144183904},"melbands_kurtosis":{"dmean":3.01205682755,"dmean2":4.67563486099,"dvar":82.7517776489,"dvar2":205.632827759,"max":621.625549316,"mean":4.90051174164,"median":1.55821299553,"min":-1.83349633217,"var":241.981063843},"melbands_skewness":{"dmean":0.481011271477,"dmean2":0.722774505615,"dvar":0.288189411163,"dvar2":0.655265212059,"max":17.7436141968,"mean":1.24145233631,"median":1.02545678616,"min":-2.32472968102,"var":1.62516736984},"melbands_spread":{"dmean":2.96035718918,"dmean2":4.54241609573,"dvar":14.5882444382,"dvar2":33.6560249329,"max":161.239517212,"mean":15.1947078705,"median":12.2963638306,"min":0.483921408653,"var":275.018005371},"mfcc":{"cov":[[10459,1424.68823242,-1355.42675781,-134.632629395,-172.571640015,-145.522842407,118.677398682,190.587295532,-24.8913726807,140.399185181,-94.7801132202,154.345108032,102.905647278],[1424.68823242,2134.94433594,-312.179016113,-62.6852378845,17.5773334503,-51.7674751282,7.91141080856,7.79195547104,-32.5584945679,23.121219635,26.3610687256,-37.1542053223,0.390383541584],[-1355.42675781,-312.179016113,1195.85949707,-153.500213623,20.2492275238,107.381790161,-27.9198684692,54.0531768799,3.59814667702,-34.5593261719,48.3454971313,-4.97860479355,-30.8636932373],[-134.632629395,-62.6852378845,-153.500213623,542.282470703,135.372207642,22.1911945343,40.9309883118,-3.20719265938,23.8439922333,27.1262645721,-27.2686748505,37.7881164551,50.1404037476],[-172.571640015,17.5773334503,20.2492275238,135.372207642,248.609008789,62.8903160095,0.97150349617,-16.4463844299,7.8517665863,22.9518871307,5.20115423203,-1.92730259895,14.6638879776],[-145.522842407,-51.7674751282,107.381790161,22.1911945343,62.8903160095,218.538330078,62.2669029236,-13.9832296371,-0.152339622378,28.5612564087,23.9729385376,-11.347820282,-26.3060436249],[118.677398682,7.91141080856,-27.9198684692,40.9309883118,0.97150349617,62.2669029236,198.829544067,45.7147216797,-19.3206272125,12.3668422699,23.3295383453,14.5882835388,10.6519851685],[190.587295532,7.79195547104,54.0531768799,-3.20719265938,-16.4463844299,-13.9832296371,45.7147216797,150.745986938,52.0013275146,-15.5597143173,4.16503620148,22.8980693817,17.5989933014],[-24.8913726807,-32.5584945679,3.59814667702,23.8439922333,7.8517665863,-0.152339622378,-19.3206272125,52.0013275146,151.758834839,39.3054428101,-0.538228690624,-2.3091635704,-2.7157638073],[140.399185181,23.121219635,-34.5593261719,27.1262645721,22.9518871307,28.5612564087,12.3668422699,-15.5597143173,39.3054428101,138.888305664,35.7175979614,-4.83142185211,8.23420333862],[-94.7801132202,26.3610687256,48.3454971313,-27.2686748505,5.20115423203,23.9729385376,23.3295383453,4.16503620148,-0.538228690624,35.7175979614,105.48651886,36.0139846802,-5.42929077148],[154.345108032,-37.1542053223,-4.97860479355,37.7881164551,-1.92730259895,-11.347820282,14.5882835388,22.8980693817,-2.3091635704,-4.83142185211,36.0139846802,106.534538269,50.8431472778],[102.905647278,0.390383541584,-30.8636932373,50.1404037476,14.6638879776,-26.3060436249,10.6519851685,17.5989933014,-2.7157638073,8.23420333862,-5.42929077148,50.8431472778,102.145576477]],"icov":[[0.000145025085658,-0.0000780740883783,0.000150735795614,0.000104678561911,0.0000331776755047,-0.0000428409148299,0.00000891386298463,-0.00028609088622,0.000162955650012,-0.000312927528284,0.000381346704671,-0.000416604743805,0.000138115487061],[-0.0000780740883783,0.00055317953229,0.000076787728176,0.0000341425002262,-0.000138030649396,0.000112520159746,0.0000324240972986,-0.0000434559915448,0.0000958494347287,0.000126588172861,-0.000509773846716,0.000582051172387,-0.000188586724107],[0.000150735795614,0.000076787728176,0.00119721528608,0.00038054943434,-0.000116099938168,-0.000651141628623,0.000475930806715,-0.000922196253669,0.00032959174132,0.0000125969008877,-0.00019218424859,-0.000165435805684,0.0000609022499702],[0.000104678561911,0.0000341425002262,0.00038054943434,0.00259153102525,-0.00133470550645,0.00000565505297345,-0.000601347710472,0.0000634494717815,-0.000293634948321,-0.000568837451283,0.0014429516159,-0.00142299558502,-0.000194826861843],[0.0000331776755047,-0.000138030649396,-0.000116099938168,-0.00133470550645,0.00529380701482,-0.00154322071467,0.000723378674593,0.000216777596506,-0.0000553729187232,-0.0000893187680049,-0.000656866293866,0.000936746131629,-0.00117845088243],[-0.0000428409148299,0.000112520159746,-0.000651141628623,0.00000565505297345,-0.00154322071467,0.00646792445332,-0.00244551920332,0.00132393441163,-0.00042149273213,-0.000751711428165,-0.000323813932482,-0.00000997325605567,0.00179453066085],[0.00000891386298463,0.0000324240972986,0.000475930806715,-0.000601347710472,0.000723378674593,-0.00244551920332,0.00714959623292,-0.00332159502432,0.00226182490587,-0.000659504963551,-0.00127222028095,0.000493796600495,-0.000677167263348],[-0.00028609088622,-0.0000434559915448,-0.000922196253669,0.0000634494717815,0.000216777596506,0.00132393441163,-0.00332159502432,0.0107379965484,-0.00494300294667,0.00290389615111,-0.000743330572732,-0.000426724320278,-0.00140788441058],[0.000162955650012,0.0000958494347287,0.00032959174132,-0.000293634948321,-0.0000553729187232,-0.00042149273213,0.00226182490587,-0.00494300294667,0.00968732964247,-0.00387857528403,0.00129209214356,-0.000482103525428,0.00147323391866],[-0.000312927528284,0.000126588172861,0.0000125969008877,-0.000568837451283,-0.0000893187680049,-0.000751711428165,-0.000659504963551,0.00290389615111,-0.00387857528403,0.0110048707575,-0.00550650665537,0.00390848424286,-0.00324290106073],[0.000381346704671,-0.000509773846716,-0.00019218424859,0.0014429516159,-0.000656866293866,-0.000323813932482,-0.00127222028095,-0.000743330572732,0.00129209214356,-0.00550650665537,0.0160000231117,-0.00893117487431,0.00489723216742],[-0.000416604743805,0.000582051172387,-0.000165435805684,-0.00142299558502,0.000936746131629,-0.00000997325605567,0.000493796600495,-0.000426724320278,-0.000482103525428,0.00390848424286,-0.00893117487431,0.0181590300053,-0.00889031216502],[0.000138115487061,-0.000188586724107,0.0000609022499702,-0.000194826861843,-0.00117845088243,0.00179453066085,-0.000677167263348,-0.00140788441058,0.00147323391866,-0.00324290106073,0.00489723216742,-0.00889031216502,0.0156961362809]],"mean":[-739.181518555,206.648223877,0.149034872651,1.08365225792,-1.66623663902,-4.1260972023,2.82700824738,6.7939414978,-1.19922184944,7.70788145065,-1.29274058342,-0.198393419385,0.0630447492003]},"pitch_salience":{"dmean":0.0605759210885,"dmean2":0.0955697894096,"dvar":0.00284823146649,"dvar2":0.00692887697369,"max":0.906058311462,"mean":0.535645961761,"median":0.535478115082,"min":0.130966499448,"var":0.0120908785611},"silence_rate_20dB":{"dmean":0,"dmean2":0,"dvar":0,"dvar2":0,"max":1,"mean":1,"median":1,"min":1,"var":0},"silence_rate_30dB":{"dmean":0.00289598572999,"dmean2":0.00579243758693,"dvar":0.00288751907647,"dvar2":0.00720685441047,"max":1,"mean":0.996862947941,"median":1,"min":0,"var":0.00312743382528},"silence_rate_60dB":{"dmean":0.0107795028016,"dmean2":0.0215607397258,"dvar":0.0106619484723,"dvar2":0.0247901082039,"max":1,"mean":0.0818854570389,"median":0,"min":0,"var":0.0751885548234},"spectral_centroid":{"dmean":88.2187652588,"dmean2":132.753173828,"dvar":31682.0332031,"dvar2":72372.5625,"max":11739.7255859,"mean":820.389343262,"median":618.353149414,"min":147.063690186,"var":1663209.625},"spectral_complexity":{"dmean":1.78022682667,"dmean2":2.85760259628,"dvar":3.08251905441,"dvar2":6.79658412933,"max":41,"mean":12.9983110428,"median":13,"min":0,"var":34.0737533569},"spectral_contrast_coeffs":{"dmean":[0.0436683557928,0.0450596138835,0.0406393371522,0.0285943076015,0.0190824642777,0.0136259896681],"dmean2":[0.0696870461106,0.0720319971442,0.0648111775517,0.0460562594235,0.0301780272275,0.0211703870445],"dvar":[0.00135796354152,0.00136724417098,0.00114076444879,0.000576924649067,0.000281643588096,0.000200824331841],"dvar2":[0.00352215580642,0.00346037978306,0.00274739414454,0.00140606681816,0.000630527909379,0.000420917960582],"max":[-0.289443224669,-0.365905404091,-0.438794672489,-0.520249724388,-0.596929967403,-0.639634728432],"mean":[-0.638679146767,-0.703792929649,-0.710611641407,-0.761521339417,-0.794575095177,-0.818290889263],"median":[-0.636499404907,-0.705008149147,-0.71046346426,-0.766073524952,-0.795778036118,-0.822589278221],"min":[-0.978554666042,-0.97796869278,-0.978910386562,-0.975876867771,-0.967029988766,-0.964710533619],"var":[0.00947806145996,0.00692619429901,0.00667438236997,0.00457339873537,0.00309239816852,0.0019620731473]},"spectral_contrast_valleys":{"dmean":[0.338941544294,0.325992256403,0.322498738766,0.262989699841,0.211499705911,0.251425683498],"dmean2":[0.548644125462,0.520275354385,0.515248417854,0.413508296013,0.312456965446,0.322373300791],"dvar":[0.109691433609,0.0862530395389,0.100902967155,0.0815545246005,0.0681197419763,0.160291150212],"dvar2":[0.248317062855,0.190641775727,0.209871411324,0.165130957961,0.115468613803,0.23820617795],"max":[-5.47245264053,-4.68014383316,-4.79374694824,-6.08572530746,-6.40372276306,-8.68884372711],"mean":[-7.67402458191,-6.93517541885,-7.65092039108,-8.73612689972,-9.43081283569,-12.1822099686],"median":[-7.19812774658,-6.46496391296,-7.18824768066,-8.28479576111,-9.02681159973,-12.0880241394],"min":[-28.5576114655,-27.918384552,-27.8297843933,-27.9191112518,-27.6054439545,-27.3874053955],"var":[7.00608730316,7.31339788437,7.08209085464,6.54993677139,6.156042099,4.65624141693]},"spectral_decrease":{"dmean":1.74452463586e-9,"dmean2":2.56016252642e-9,"dvar":4.81898839902e-18,"dvar2":1.0408529453e-17,"max":2.78720244514e-28,"mean":-7.33482208304e-9,"median":-6.48395204195e-9,"min":-3.71177506509e-8,"var":2.77805399265e-17},"spectral_energy":{"dmean":0.00692726578563,"dmean2":0.0101562235504,"dvar":0.0000759700851631,"dvar2":0.000163593809702,"max":0.149498939514,"mean":0.0290870293975,"median":0.0256178826094,"min":9.90710746142e-21,"var":0.000441797921667},"spectral_energyband_high":{"dmean":0.0000514889325132,"dmean2":0.0000835242244648,"dvar":2.64407091777e-8,"dvar2":6.74836400094e-8,"max":0.00246725277975,"mean":0.000060708141973,"median":0.00000882889435161,"min":7.07773052163e-21,"var":2.59566679262e-8},"spectral_energyband_low":{"dmean":0.00197198987007,"dmean2":0.00310442573391,"dvar":0.0000136151311381,"dvar2":0.0000342144048773,"max":0.0727132558823,"mean":0.00728717958555,"median":0.00507001904771,"min":8.94075780657e-24,"var":0.0000528700547875},"spectral_energyband_middle_high":{"dmean":0.00207688077353,"dmean2":0.00316834403202,"dvar":0.0000142080016303,"dvar2":0.0000348136018147,"max":0.0767120346427,"mean":0.00552229722962,"median":0.00277874944732,"min":1.06710519741e-21,"var":0.0000540790388186},"spectral_energyband_middle_low":{"dmean":0.00529285194352,"dmean2":0.00773515319452,"dvar":0.000046897053835,"dvar2":0.0000988208921626,"max":0.126125618815,"mean":0.0170174688101,"median":0.0134147200733,"min":1.46817667239e-22,"var":0.000221708716708},"spectral_entropy":{"dmean":0.165049746633,"dmean2":0.242182642221,"dvar":0.0331246927381,"dvar2":0.0684838667512,"max":9.82064056396,"mean":6.60078763962,"median":6.58138370514,"min":4.67420291901,"var":0.38412091136},"spectral_flux":{"dmean":0.0204453356564,"dmean2":0.0332628414035,"dvar":0.000452445616247,"dvar2":0.00113463692833,"max":0.25381398201,"mean":0.0654809325933,"median":0.0608478710055,"min":6.35750202482e-11,"var":0.00138681638055},"spectral_kurtosis":{"dmean":8.2190952301,"dmean2":13.5798406601,"dvar":91.5226135254,"dvar2":235.772399902,"max":169.996109009,"mean":24.9633560181,"median":18.9800071716,"min":-1.28290712833,"var":438.24520874},"spectral_rms":{"dmean":0.000601338862907,"dmean2":0.000875549565535,"dvar":4.00794988309e-7,"dvar2":8.39586050461e-7,"max":0.0120769459754,"mean":0.00489104865119,"median":0.00499930558726,"min":3.10893411709e-12,"var":0.00000445528257842},"spectral_rolloff":{"dmean":141.951599121,"dmean2":245.036865234,"dvar":203798.421875,"dvar2":528512,"max":20047.4121094,"mean":1051.39660645,"median":732.12890625,"min":86.1328125,"var":5056896.5},"spectral_skewness":{"dmean":0.564698338509,"dmean2":0.922705829144,"dvar":0.31413385272,"dvar2":0.81525015831,"max":10.6742639542,"mean":3.51721072197,"median":3.3347902298,"min":-0.0880509018898,"var":2.21625208855},"spectral_spread":{"dmean":534176.9375,"dmean2":816022.3125,"dvar":1172128530430,"dvar2":2595088760830,"max":42660184,"mean":3047874.75,"median":2064855.75,"min":501568.0625,"var":23937129906200},"spectral_strongpeak":{"dmean":0.63045591116,"dmean2":1.06283867359,"dvar":1.2020843029,"dvar2":2.85922813416,"max":14.971414566,"mean":1.32913565636,"median":0.493676126003,"min":0,"var":2.88516592979},"zerocrossingrate":{"dmean":0.00499758683145,"dmean2":0.00642476789653,"dvar":0.0000734635759727,"dvar2":0.000126589773572,"max":0.53662109375,"mean":0.0379053838551,"median":0.02880859375,"min":0.0029296875,"var":0.00356081011705}},"metadata":{"audio_properties":{"analysis_sample_rate":44100,"bit_rate":0,"codec":"flac","downmix":"mix","equal_loudness":0,"length":288.640014648,"lossless":true,"md5_encoded":"f9d863624f2a021c25fcd1d7b49476ec","replay_gain":-5.93365859985,"sample_rate":44100},"tags":{"album":["Surf's Up"],"albumartist":["The Beach Boys"],"albumartistsort":["Beach Boys, The"],"artist":["The Beach Boys"],"artistsort":["Beach Boys, The"],"asin":["B00005LXOK"],"barcode":["5099746783525"],"catalognumber":["467835 2"],"date":["1991"],"discnumber":["1"],"disctotal":["1"],"engineer":["Stephen W. Desper"],"file_name":"01-06 Feel Flows.flac","genre":["Pop"],"isrc":["USBR10000054"],"label":["Epic"],"media":["CD"],"mixer":["Stephen W. Desper"],"musicbrainz_albumartistid":["ebfc1398-8d96-47e3-82c3-f782abcdb13d"],"musicbrainz_albumid":["30f4bea8-27a1-3f55-b436-a804e45fa701"],"musicbrainz_artistid":["ebfc1398-8d96-47e3-82c3-f782abcdb13d"],"musicbrainz_recordingid":["3a38d966-3ace-40fd-9e98-9bc61ae6bf55"],"musicbrainz_releasegroupid":["a42b6a80-b542-344c-921d-15a07fdb580e"],"originaldate":["1971-08-30"],"performer":["The Beach Boys"],"producer":["The Beach Boys"],"releasecountry":["XE"],"releasestatus":["official"],"releasetype":["album"],"script":["Latn"],"title":["Feel Flows"],"totaldiscs":["1"],"totaltracks":["10"],"tracknumber":["6"],"tracktotal":["10"]},"version":{"essentia":"2.1-beta1","essentia_build_sha":"ca57ba49d9b1854bd80e60cf9ccf267278fb7d6b","essentia_git_sha":"v2.1_beta1-28-g21ef5f4-dirty","extractor":"music 1.0"}},"rhythm":{"beats_count":451,"beats_loudness":{"dmean":0.0169234536588,"dmean2":0.0291751716286,"dvar":0.000262971851043,"dvar2":0.000747797661461,"max":0.1419775635,"mean":0.0425573922694,"median":0.0408613309264,"min":0,"var":0.00061510555679},"beats_