{"lowlevel":{"average_loudness":0.72997957468,"barkbands":{"dmean":[0.00003593809015,0.00140916148666,0.00232206843793,0.00118928519078,0.00186810037121,0.000737534835935,0.000666767999064,0.000533999525942,0.000498557405081,0.000242108624661,0.00024437229149,0.00033484728192,0.000216116590309,0.000254605780356,0.000362221820978,0.000230971432757,0.00016033227439,0.000113939968287,0.0000795490414021,0.0000623625383014,0.0000455988592876,0.0000407953521062,0.0000296097387036,0.0000272990346275,0.0000329905014951,0.0000144581772474,0.00000383024871553],"dmean2":[0.0000584131776122,0.00237358780578,0.0040106298402,0.00204871571623,0.00300166779198,0.00110497826245,0.00100534025114,0.000819618522655,0.000768477737438,0.000383294012863,0.000406670878874,0.000543827889487,0.000350961374352,0.000413844216382,0.000592197291553,0.000379856850486,0.000268142641289,0.00018547748914,0.000133217385155,0.000101429977803,0.0000773186402512,0.0000673437607475,0.0000459255497844,0.0000388510452467,0.0000495205531479,0.0000243844260694,0.00000605675631959],"dvar":[9.48304279547e-9,0.0000119438500406,0.0000278414718196,0.00000707814342604,0.0000137357228596,0.00000247910088547,0.00000197146323444,0.00000180270956207,0.00000163049094226,3.25676154489e-7,5.16741863521e-7,7.27815461232e-7,4.67120486292e-7,5.19449031344e-7,9.31682961891e-7,3.38530753652e-7,1.34215426328e-7,8.78724435438e-8,3.88733027989e-8,3.55756348824e-8,1.26344374962e-8,1.07447908348e-8,5.22979659578e-9,1.10168745238e-8,2.03778434127e-8,5.32824362409e-9,2.73170264187e-10],"dvar2":[2.42890578761e-8,0.0000339373291354,0.000082474311057,0.0000201015027415,0.0000379614975827,0.00000568272662349,0.0000045439992391,0.00000410104530602,0.00000370999828192,7.97190239155e-7,0.0000013824457028,0.00000196588780454,0.00000110815346943,0.00000125493238556,0.00000238176494349,8.73665328527e-7,3.68579037513e-7,2.18036646515e-7,9.95536666437e-8,8.90087150651e-8,3.5061198389e-8,2.89497403827e-8,1.27315944454e-8,1.79548962365e-8,4.71587249251e-8,1.42811549253e-8,6.67618627048e-10],"max":[0.00237402366474,0.0595166534185,0.107134394348,0.0327281840146,0.071457952261,0.0468198247254,0.0359669066966,0.0432932451367,0.0314157083631,0.0171791613102,0.0398874133825,0.0242959745228,0.0230735372752,0.0191094242036,0.0281343255192,0.0171437878162,0.0106819178909,0.0139175802469,0.0055899694562,0.00687171285972,0.00226935814135,0.00222806376405,0.00247118668631,0.00621367292479,0.00568395992741,0.00244368962012,0.000457393034594],"mean":[0.0000826987306937,0.00386197771877,0.00561906769872,0.00224887649529,0.00519023789093,0.00183717801701,0.00161953642964,0.00113934779074,0.0012008715421,0.000500884023495,0.000475572422147,0.000787509023212,0.000440320116468,0.000520088186022,0.000968539214227,0.0005344915553,0.000374344876036,0.000287739239866,0.000199411006179,0.000143491619383,0.000129260602989,0.000105632279883,0.0000731644249754,0.0000675079354551,0.0000567957758904,0.0000167913003679,0.00000479919208374],"median":[0.0000011963520592,0.00201815506443,0.00267303758301,0.000616151664872,0.00376394018531,0.000775205495302,0.000501792819705,0.000317595753586,0.000216510685277,0.000204427895369,0.0000799693152658,0.000160451148986,0.0000629695423413,0.0000474919579574,0.0000773635692894,0.000071140966611,0.0000569013100176,0.000023215665351,0.000020183812012,0.0000114041922643,0.0000105631461338,0.00000978867319645,0.0000119642827485,0.0000119181295304,0.00000926277607505,9.09011760086e-7,1.21622989013e-7],"min":[2.51283161103e-24,7.24251540476e-24,1.15194804052e-24,8.68169233543e-25,1.37571709404e-23,1.51985018557e-23,4.33786841501e-24,1.5558474864e-23,2.37435047122e-23,2.42125424738e-23,1.41189157302e-23,4.22535389407e-23,3.46239003019e-23,3.44400483794e-23,3.61412710977e-23,6.67620430935e-23,1.03591636352e-22,1.44749059376e-22,1.69366833386e-22,1.92915997481e-22,2.85832528249e-22,3.92481423438e-22,4.52506064287e-22,6.32869101198e-22,9.54846832228e-22,1.27393094573e-21,2.019058816e-21],"var":[3.53892275484e-8,0.0000237598724198,0.0000555729966436,0.0000136118333103,0.0000321829757013,0.00000996954622678,0.0000094521774372,0.00000764366541262,0.00000880976767803,0.00000113113617317,0.00000198000952878,0.00000331444084622,0.00000138836185215,0.00000134001334118,0.000005638564744,0.00000121824689359,4.04688563549e-7,3.60947979061e-7,1.39628099305e-7,8.71482939147e-8,4.61643168137e-8,3.51636124662e-8,1.83298993761e-8,4.02787456721e-8,3.50831008689e-8,5.13250997258e-9,3.8694517035e-10]},"barkbands_crest":{"dmean":1.67964804173,"dmean2":2.74406313896,"dvar":3.05419111252,"dvar2":8.35020637512,"max":26.8776817322,"mean":10.6428480148,"median":9.77032184601,"min":2.79902744293,"var":18.3775806427},"barkbands_flatness_db":{"dmean":0.0155408056453,"dmean2":0.0237971860915,"dvar":0.000267147348495,"dvar2":0.000618272926658,"max":0.504412770271,"mean":0.185958907008,"median":0.1825876683,"min":0.0307993311435,"var":0.00784052256495},"barkbands_kurtosis":{"dmean":4.08803510666,"dmean2":6.63006830215,"dvar":910.719787598,"dvar2":2557.59887695,"max":2868.48120117,"mean":13.6881484985,"median":3.96610331535,"min":-1.95266532898,"var":9840.32324219},"barkbands_skewness":{"dmean":0.416285634041,"dmean2":0.654165148735,"dvar":0.38796749711,"dvar2":0.937006413937,"max":11.4043550491,"mean":1.44777548313,"median":1.50424718857,"min":-48.2222976685,"var":7.51869297028},"barkbands_spread":{"dmean":2.97372698784,"dmean2":4.64712190628,"dvar":18.8530960083,"dvar2":43.2893447876,"max":95.2277755737,"mean":16.4438858032,"median":12.0132961273,"min":0.108634077013,"var":176.869598389},"dissonance":{"dmean":0.020092703402,"dmean2":0.0338134355843,"dvar":0.000534053950105,"dvar2":0.00141893338878,"max":0.499996215105,"mean":0.432470262051,"median":0.451604515314,"min":0.123434014618,"var":0.00401162961498},"dynamic_complexity":7.53697919846,"erbbands":{"dmean":[0.0217993538827,0.405726671219,2.33734178543,3.26441049576,5.88347244263,5.70730733871,7.66748523712,5.50722169876,7.8938331604,9.944272995,12.0528259277,10.3734169006,8.73268604279,8.92980766296,10.8647594452,12.0842256546,7.752576828,11.9421243668,16.9146289825,13.1223468781,12.3432941437,8.04238414764,6.17620658875,4.44568300247,3.46309185028,3.00195860863,1.82870340347,1.99070453644,1.45849847794,1.12096166611,0.813151240349,0.659604728222,0.422398477793,0.346164226532,0.255192726851,0.0967250019312,0.0196815170348,0.00373672018759,0.000604369619396,0.0000497016844747],"dmean2":[0.0363649018109,0.685887217522,4.03549575806,5.69151163101,9.67540550232,9.00103473663,12.0282526016,8.29556846619,11.7690067291,15.1777267456,18.4822845459,15.8242359161,13.5901212692,14.5334148407,17.679233551,19.4966182709,12.3929891586,19.1939048767,27.3190879822,20.5755901337,20.3277950287,13.442196846,9.97629451752,7.27075529099,5.68556594849,4.88533449173,3.08014893532,3.37402462959,2.40297698975,1.82679867744,1.25027596951,0.985665142536,0.595764279366,0.493248641491,0.405128717422,0.164069205523,0.0326039418578,0.00599044142291,0.000957979646046,0.0000795173255028],"dvar":[0.00358241098002,0.955278754234,27.5670642853,58.8151397705,211.074768066,99.0539398193,270.687713623,189.608261108,283.214752197,664.872131348,991.518371582,770.531005859,584.408447266,429.754760742,1070.71154785,1002.32537842,573.388305664,1063.47180176,1773.85388184,1409.13671875,916.087158203,386.061553955,246.872268677,124.357643127,83.0323867798,101.107666016,22.3205413818,23.0631313324,13.8999881744,9.85994148254,3.81603360176,4.69760417938,3.20457005501,1.93659520149,1.55338215828,0.270005464554,0.00859656557441,0.000255708670011,0.00000678689002598,4.46048069591e-8],"dvar2":[0.0099429031834,2.73100781441,81.5902328491,169.607162476,581.376098633,263.430999756,690.994384766,424.508880615,647.029724121,1441.72631836,2198.55517578,1723.32861328,1302.7598877,1112.45275879,2802.22119141,2661.75561523,1382.26928711,2545.43237305,4394.09082031,3193.22412109,2396.55517578,1058.86975098,586.410705566,308.95513916,196.920379639,251.23449707,59.5513877869,65.3843307495,37.1524772644,26.2236976624,8.99672698975,8.57129192352,5.3721446991,3.79429864883,3.92255735397,0.738230705261,0.0216672345996,0.000625049287919,0.00001646839155,1.1299557201e-7],"max":[1.1025519371,15.8824701309,94.2427825928,119.610969543,300.980987549,187.096237183,358.9453125,393.297363281,451.918884277,1015.36651611,1175.68457031,926.633483887,847.430541992,670.433227539,1689.34301758,1099.88830566,1177.59960938,1014.74780273,1566.45385742,925.143493652,1068.09729004,636.737182617,817.941162109,468.993225098,378.810974121,461.122436523,106.482948303,128.171951294,97.2011947632,67.5254821777,69.7822952271,103.168395996,109.53755188,60.8791809082,42.8201560974,18.7538700104,3.46057868004,0.42690294981,0.0710038840771,0.00644166395068],"mean":[0.0571507103741,1.09878563881,6.09204816818,6.97480154037,13.964263916,16.3329200745,17.7887210846,13.4666309357,19.5917606354,23.8769493103,26.5428218842,25.3724632263,21.4015617371,19.0097427368,26.0821151733,29.0871562958,19.3072166443,27.7571716309,43.8336486816,35.8494720459,30.6606769562,20.5026702881,16.8042373657,12.2325077057,8.92374134064,6.90907335281,4.83151197433,5.5330491066,3.95601963997,2.59528231621,2.00699591637,1.57403492928,1.02258491516,0.743804931641,0.339090108871,0.107216864824,0.0238696467131,0.00491934688762,0.00078638154082,0.0000854329846334],"median":[0.024475524202,0.612442791462,3.15760827065,3.01792836189,9.4747838974,10.5594625473,7.99396371841,5.4995470047,6.96994781494,8.28157997131,9.0997209549,6.59055089951,4.85342931747,8.53263282776,5.50836515427,6.35021400452,3.28974676132,2.85313272476,4.72848463058,3.70395207405,4.17014837265,2.97910666466,1.64319479465,1.02785110474,1.05728185177,0.498832970858,0.392686337233,0.451043128967,0.363736093044,0.294067978859,0.353803753853,0.299214661121,0.180866196752,0.133144244552,0.0418121144176,0.00751554733142,0.00113421573769,0.00018180978077,0.0000370622437913,0.0000334802789439],"min":[1.93630314186e-22,1.34348015431e-21,2.14948637701e-21,4.71278197235e-21,2.12546837205e-20,4.27061265669e-20,6.66848646786e-20,1.33935663068e-19,1.08935085481e-19,2.08505659247e-19,4.50895479818e-19,5.29506744429e-19,6.95221678505e-19,8.20912806558e-19,9.14599127639e-19,2.20861711006e-18,1.66600472281e-18,2.09600019198e-18,3.96586822964e-18,2.26174940235e-18,4.46455680938e-18,4.9773475778e-18,7.25230932928e-18,7.46542083358e-18,9.53775559503e-18,9.89298996345e-18,1.03554170131e-17,1.25748699824e-17,1.2960313814e-17,1.42575001049e-17,1.29476331352e-17,1.22417147189e-17,1.05345057516e-17,9.55111787064e-18,6.82469334854e-18,4.46306540274e-18,2.32106755805e-18,1.00496126833e-18,2.47892717144e-19,2.85791354001e-20],"var":[0.0077416873537,1.89818847179,56.9702224731,106.182754517,320.944610596,386.94921875,857.838745117,617.152770996,1312.1652832,3076.01660156,3980.29882812,3818.77539062,2798.10424805,1247.6126709,4953.40283203,4000.88012695,2345.95678711,3476.82104492,8313.63476562,6815.37353516,3825.21777344,1263.09143066,988.098632812,567.229675293,300.002990723,218.855834961,74.420715332,82.2635726929,49.9883232117,24.4536132812,13.8236303329,16.4236831665,10.9003868103,5.03753614426,1.81092453003,0.222872763872,0.0107095325366,0.000401997793233,0.00000997826282401,5.52873196114e-8]},"erbbands_crest":{"dmean":2.19901871681,"dmean2":3.49378037453,"dvar":5.09557199478,"dvar2":12.9380607605,"max":31.5673980713,"mean":11.4308605194,"median":10.1910820007,"min":2.61737465858,"var":31.7549858093},"erbbands_flatness_db":{"dmean":0.0145454686135,"dmean2":0.0212444867939,"dvar":0.000235637984588,"dvar2":0.000496776134241,"max":0.424838572741,"mean":0.18832154572,"median":0.17476554215,"min":0.0533139929175,"var":0.00430208584294},"erbbands_kurtosis":{"dmean":1.46737778187,"dmean2":2.23879265785,"dvar":9.07828330994,"dvar2":18.9426555634,"max":123.939147949,"mean":3.66471195221,"median":0.770372092724,"min":-1.87862801552,"var":101.515319824},"erbbands_skewness":{"dmean":0.321335315704,"dmean2":0.494206160307,"dvar":0.121318973601,"dvar2":0.275259822607,"max":8.44282341003,"mean":0.726638257504,"median":0.571833193302,"min":-4.5279302597,"var":1.71421968937},"erbbands_spread":{"dmean":5.19434309006,"dmean2":8.0684595108,"dvar":42.704826355,"dvar2":97.3924026489,"max":148.407608032,"mean":29.5371513367,"median":27.6183166504,"min":1.06617295742,"var":288.693206787},"gfcc":{"cov":[[43185.5742188,6209.27539062,-2940.86132812,-2554.74438477,-2338.09326172,1035.1940918,-988.777893066,1852.63220215,-2173.13110352,23.5611686707,1134.73999023,-810.380615234,-753.811645508],[6209.27539062,3539.1484375,117.859176636,-1017.38110352,-897.10144043,-323.692443848,-190.452224731,85.8826522827,-229.389358521,-79.8054962158,360.57901001,-148.269943237,-52.6085472107],[-2940.86132812,117.859176636,1305.99414062,177.282913208,-44.8104896545,-240.442138672,-64.2914123535,-133.535095215,173.493682861,54.5978431702,-15.8038358688,113.617164612,46.5144424438],[-2554.74438477,-1017.38110352,177.282913208,901.530456543,407.257568359,24.5325450897,78.8689193726,-99.9934082031,181.414398193,34.3119735718,-170.485656738,60.3508415222,85.9451217651],[-2338.09326172,-897.10144043,-44.8104896545,407.257568359,522.594665527,111.410049438,110.388420105,-66.2741241455,127.630004883,7.80950260162,-135.547286987,18.2352676392,30.2891273499],[1035.1940918,-323.692443848,-240.442138672,24.5325450897,111.410049438,303.8046875,26.7044391632,97.703163147,-109.295906067,-30.2973461151,18.9176998138,-44.8021469116,-19.6726932526],[-988.777893066,-190.452224731,-64.2914123535,78.8689193726,110.388420105,26.7044391632,222.321685791,-37.3105545044,53.6959457397,-13.2886075974,-53.8672981262,10.5991249084,9.63857936859],[1852.63220215,85.8826522827,-133.535095215,-99.9934082031,-66.2741241455,97.703163147,-37.3105545044,221.37097168,-80.6786270142,2.41978669167,53.2705764771,-55.4234352112,-37.1516799927],[-2173.13110352,-229.389358521,173.493682861,181.414398193,127.630004883,-109.295906067,53.6959457397,-80.6786270142,229.837615967,41.2397994995,-73.8986816406,25.9160671234,29.8847503662],[23.5611686707,-79.8054962158,54.5978431702,34.3119735718,7.80950260162,-30.2973461151,-13.2886075974,2.41978669167,41.2397994995,120.534095764,6.0947804451,17.7106399536,-22.9568710327],[1134.73999023,360.57901001,-15.8038358688,-170.485656738,-135.547286987,18.9176998138,-53.8672981262,53.2705764771,-73.8986816406,6.0947804451,172.434448242,-22.1576805115,-20.5520458221],[-810.380615234,-148.269943237,113.617164612,60.3508415222,18.2352676392,-44.8021469116,10.5991249084,-55.4234352112,25.9160671234,17.7106399536,-22.1576805115,133.3671875,39.9435081482],[-753.811645508,-52.6085472107,46.5144424438,85.9451217651,30.2891273499,-19.6726932526,9.63857936859,-37.1516799927,29.8847503662,-22.9568710327,-20.5520458221,39.9435081482,112.411460876]],"icov":[[0.000147916711285,-0.000244995695539,0.000199055968551,-0.000198689405806,0.000182455507456,-0.000237295171246,0.000224952818826,-0.000609737064224,0.000772979285102,-0.000463054777356,0.000180514514796,0.00000202591309062,0.000367513130186],[-0.000244995695539,0.00110611144919,-0.00039749123971,0.000662987935357,0.000278600928141,0.00108077889308,-0.000491782906465,0.00108110636938,-0.00105521897785,0.00107492110692,-0.000968430424109,0.000764810829423,-0.00090287590865],[0.000199055968551,-0.00039749123971,0.00130980089307,-0.000526975374669,0.000411797082052,9.0341620762e-7,0.00067633233266,-0.000633218325675,0.00041921439697,-0.000609943002928,0.0000425622165494,-0.000667957996484,0.000640781538095],[-0.000198689405806,0.000662987935357,-0.000526975374669,0.00249194144271,-0.00117617449723,0.000379429577151,-0.000195199143491,0.000890808529221,-0.00136263563763,0.000230011923122,0.000283141707769,0.000304063549265,-0.00166185433045],[0.000182455507456,0.000278600928141,0.000411797082052,-0.00117617449723,0.00509627815336,-0.00208188244142,-0.000297540682368,0.000161958800163,-0.000836162886117,-0.000314519566018,0.000968034320977,0.000483726995299,0.000587432470638],[-0.000237295171246,0.00108077889308,9.0341620762e-7,0.000379429577151,-0.00208188244142,0.00769611960277,-0.00128669803962,-0.000982451718301,0.00239294092171,0.00150024914183,-0.00184790731873,0.00143783492967,-0.000861012202222],[0.000224952818826,-0.000491782906465,0.00067633233266,-0.000195199143491,-0.000297540682368,-0.00128669803962,0.00595418689772,-0.000312508607749,-0.000360935286153,0.0000900665472727,0.00114754680544,-0.000701732526068,0.000962399761193],[-0.000609737064224,0.00108110636938,-0.000633218325675,0.000890808529221,0.000161958800163,-0.000982451718301,-0.000312508607749,0.00915279239416,-0.00281860958785,0.000988196814433,-0.0012721355306,0.0016211635666,-0.0010231891647],[0.000772979285102,-0.00105521897785,0.00041921439697,-0.00136263563763,-0.000836162886117,0.00239294092171,-0.000360935286153,-0.00281860958785,0.0132188918069,-0.00475230673328,0.0017698953161,0.00176109862514,0.00051448342856],[-0.000463054777356,0.00107492110692,-0.000609943002928,0.000230011923122,-0.000314519566018,0.00150024914183,0.0000900665472727,0.000988196814433,-0.00475230673328,0.0121352020651,-0.00217503798194,-0.00195466447622,0.00217917887494],[0.000180514514796,-0.000968430424109,0.0000425622165494,0.000283141707769,0.000968034320977,-0.00184790731873,0.00114754680544,-0.0012721355306,0.0017698953161,-0.00217503798194,0.00949313212186,-0.000075249132351,0.000267757015536],[0.00000202591309062,0.000764810829423,-0.000667957996484,0.000304063549265,0.000483726995299,0.00143783492967,-0.000701732526068,0.0016211635666,0.00176109862514,-0.00195466447622,-0.000075249132351,0.0109313251451,-0.00363271008246],[0.000367513130186,-0.00090287590865,0.000640781538095,-0.00166185433045,0.000587432470638,-0.000861012202222,0.000962399761193,-0.0010231891647,0.00051448342856,0.00217917887494,0.000267757015536,-0.00363271008246,0.0128616495058]],"mean":[-85.1205291748,103.898582458,-99.7109527588,36.6849365234,-50.3584060669,11.7211151123,-40.1059074402,-2.93958544731,-14.2556295395,-6.12389945984,-20.3111591339,-3.83406972885,-6.1083688736]},"hfc":{"dmean":3.07621526718,"dmean2":4.87584209442,"dvar":28.2544212341,"dvar2":69.9989089966,"max":136.763046265,"mean":17.7296943665,"median":8.85073184967,"min":1.06107519518e-16,"var":375.871002197},"melbands":{"dmean":[0.000281099666608,0.000961445970461,0.000606146058999,0.000423691555625,0.000254604587099,0.0001229835907,0.000126731771161,0.000108693595394,0.0000917125144042,0.0000702150500729,0.0000447990059911,0.0000373032889911,0.0000363417893823,0.0000393025911762,0.0000226482297876,0.000022141755835,0.0000229494562518,0.0000276785758615,0.0000283019835479,0.0000152986704052,0.0000150879222929,0.00000892766638572,0.00000789718706073,0.00000625026177659,0.00000386954980058,0.00000314847738991,0.00000261892091658,0.00000207896596294,0.00000135080415475,0.00000113838120797,0.00000135568029691,9.67106643657e-7,7.61848923503e-7,6.46730484277e-7,5.15135184287e-7,4.52502291637e-7,4.28563566857e-7,3.09236327212e-7,3.0093207215e-7,3.12253348511e-7],"dmean2":[0.000471126782941,0.00164832908195,0.00104351982009,0.000675216317177,0.000401731580496,0.000184721007827,0.000189467362361,0.000166556594195,0.000140775227919,0.000107903615572,0.0000696237693774,0.0000604393680987,0.0000595395613345,0.000063188803324,0.0000365826308553,0.0000360081103281,0.0000367877873941,0.0000440995427198,0.0000448682803835,0.0000248329906753,0.0000248945834755,0.0000149472216435,0.000013271482203,0.0000101311197795,0.00000634682419332,0.00000522096070199,0.00000429022929893,0.00000338622157869,0.0000022805224944,0.00000192143511413,0.00000231914737014,0.00000161890045547,0.00000124020482417,0.00000106142192635,8.11662346223e-7,7.01277883763e-7,6.43769396902e-7,4.47039980145e-7,4.39174129951e-7,4.54347258483e-7],"dvar":[5.1375474186e-7,0.00000473951149615,0.00000174418937604,8.77055754245e-7,2.53238113146e-7,8.5642859915e-8,6.77274130112e-8,6.91122110652e-8,5.66277620351e-8,3.54906433131e-8,1.49721604004e-8,7.58925899902e-9,1.14645333227e-8,1.15210747609e-8,3.77692455089e-9,4.961860256e-9,3.72872710486e-9,5.15176479254e-9,7.92748888756e-9,1.83230819406e-9,1.30148802846e-9,4.62109267518e-10,3.5779079699e-10,3.17417397921e-10,9.82918538228e-11,6.8642050377e-11,5.31234743695e-11,5.99906652132e-11,1.36106178411e-11,8.18761551613e-12,1.03117922187e-11,6.24857197234e-12,4.417567874e-12,3.06953876379e-12,1.54174893338e-12,1.49341335739e-12,2.42038897605e-12,1.989734549e-12,1.47075320672e-12,1.57609168772e-12],"dvar2":[0.00000145245974181,0.0000138897958095,0.00000498632653034,0.0000024210050924,6.64860863253e-7,1.92191563997e-7,1.56554563091e-7,1.51408400484e-7,1.24309721627e-7,8.10004792129e-8,3.32004752579e-8,1.96499581051e-8,3.00096125727e-8,2.91596187196e-8,9.19312270753e-9,1.21990568758e-8,8.75964190072e-9,1.2387605608e-8,1.92763618401e-8,4.34743663291e-9,3.45751005604e-9,1.26710164583e-9,9.66565383287e-10,7.91600396344e-10,2.44838954666e-10,1.65849320388e-10,1.33037247885e-10,1.5018752908e-10,3.67273156332e-11,2.26038302659e-11,2.95721849786e-11,1.7331474797e-11,1.17561524751e-11,8.17111135698e-12,3.75026615665e-12,3.49696313573e-12,4.33483717671e-12,3.45557306727e-12,2.79269944843e-12,3.25641640389e-12],"max":[0.0132556622848,0.0352792590857,0.0168832987547,0.0184730626643,0.0108299897984,0.00874594412744,0.00753745436668,0.0095382547006,0.00852128863335,0.00618886481971,0.00413365382701,0.00279959943146,0.00661392929032,0.00325951818377,0.00214738631621,0.00211673835292,0.00184613501187,0.00323416176252,0.002849759534,0.00172739312984,0.00129149039276,0.000528327480424,0.000536490930244,0.000874651828781,0.000387515930925,0.000280909007415,0.000201783564989,0.000357870740118,0.000092697358923,0.0000671469242661,0.0000935731368372,0.0000645257896394,0.0000451955129392,0.000040801060095,0.0000329385475197,0.0000602319996688,0.0000863012392074,0.0000870752555784,0.0000666757114232,0.0000583153450862],"mean":[0.000757909787353,0.00265115918592,0.00143353978638,0.00117736542597,0.000623626925517,0.000305293127894,0.000313876342261,0.000257960957242,0.000199537462322,0.000168722006492,0.000106143001176,0.0000747348021832,0.0000785611773608,0.0000935348434723,0.0000501287722727,0.000046837998525,0.0000496642896906,0.0000626709588687,0.0000746032819734,0.0000353208270099,0.0000342253697454,0.0000203799445444,0.0000175100485649,0.0000149037841766,0.00000920694492379,0.00000734075865694,0.00000564564970773,0.00000423191931986,0.00000300678993881,0.00000279616324406,0.00000343116789736,0.00000241904695031,0.00000160885053901,0.00000137446249937,0.00000118047603337,0.00000101794591956,9.37554034408e-7,6.93014726494e-7,6.8049530455e-7,6.18016940734e-7],"median":[0.000428897852544,0.00148966419511,0.000788940116763,0.000800876645371,0.000330507784383,0.000120996490296,0.000112037327199,0.0000877410711837,0.0000643499588477,0.0000327957714035,0.0000225729982049,0.0000322360901919,0.0000138296991281,0.0000200429331016,0.00000954639563133,0.00000595810206505,0.00000465326957055,0.00000728229906599,0.00000465580887976,0.00000510176369062,0.00000462906518806,0.00000319537844007,0.0000019328158487,0.00000113135911306,6.94609354923e-7,8.27162921269e-7,5.09750009314e-7,2.65808210997e-7,2.32028909863e-7,2.53003634043e-7,2.4776775831e-7,1.92522108478e-7,1.91989073528e-7,1.44891458831e-7,1.85836583455e-7,2.10138523471e-7,1.63818327792e-7,1.16909617986e-7,1.16056838806e-7,1.07170478714e-7],"min":[2.12425253419e-24,1.42688598473e-24,1.25732496771e-24,2.50696130261e-24,3.04478122702e-24,3.7076288996e-24,1.57578959426e-24,2.77349275058e-24,3.08548073049e-24,3.35965288797e-24,3.13697066785e-24,3.0061572166e-24,2.66894462038e-24,3.88509854302e-24,4.58703131522e-24,2.9753411542e-24,3.43184036612e-24,5.21580867694e-24,2.47137460388e-24,4.09933620436e-24,3.76882241774e-24,3.82842677558e-24,4.58641127055e-24,7.55093240856e-24,5.4168999713e-24,5.11743141117e-24,4.68816012782e-24,5.87182303914e-24,4.39836300239e-24,6.10511129692e-24,7.0070514686e-24,6.25328461847e-24,6.76680940194e-24,7.32424533884e-24,6.27550643574e-24,5.36825446915e-24,7.18497510147e-24,6.76850545289e-24,6.41603530069e-24,7.8685057209e-24],"var":[9.31749866595e-7,0.0000100114621091,0.00000340910901286,0.00000197846998162,7.86893679106e-7,3.06027089891e-7,3.1910806797e-7,3.17945165307e-7,2.20842522936e-7,1.8599311602e-7,7.20137478538e-8,2.18279776476e-8,4.942282672e-8,4.92224678794e-8,1.54963686327e-8,1.48971679437e-8,1.15975291592e-8,1.78950561036e-8,4.53824959834e-8,6.07109296169e-9,4.85087747748e-9,1.29173882701e-9,9.89978099497e-10,1.20747289944e-9,3.56008500457e-10,2.20745630108e-10,1.39656161635e-10,1.01360364546e-10,3.42928289931e-11,2.32166907227e-11,3.27956967139e-11,1.95430442662e-11,1.00015230473e-11,7.33588797347e-12,5.0051620834e-12,4.42332975803e-12,7.79620899088e-12,6.10403871545e-12,4.24473867514e-12,3.62082586136e-12]},"melbands_crest":{"dmean":2.33399581909,"dmean2":3.81456851959,"dvar":5.65409326553,"dvar2":15.8956737518,"max":32.6540527344,"mean":15.40579319,"median":14.6626167297,"min":1.69060790539,"var":27.0009365082},"melbands_flatness_db":{"dmean":0.0167600475252,"dmean2":0.0259025488049,"dvar":0.000310472183628,"dvar2":0.000760411261581,"max":0.608289957047,"mean":0.254013925791,"median":0.239890307188,"min":0.00363962212577,"var":0.0104721803218},"melbands_kurtosis":{"dmean":5.13825798035,"dmean2":8.08490276337,"dvar":106.263786316,"dvar2":240.915267944,"max":715.183166504,"mean":15.8171396255,"median":8.05752944946,"min":-1.94018793106,"var":980.375366211},"melbands_skewness":{"dmean":0.500403821468,"dmean2":0.788454711437,"dvar":0.358303785324,"dvar2":0.901801049709,"max":20.7973365784,"mean":2.40558123589,"median":2.24789524078,"min":-2.73415708542,"var":3.1892516613},"melbands_spread":{"dmean":4.81064319611,"dmean2":7.64583444595,"dvar":100.824272156,"dvar2":233.284515381,"max":246.27180481,"mean":24.6596107483,"median":11.9927339554,"min":0.483320355415,"var":1329.43530273},"mfcc":{"cov":[[27159.5019531,2466.22583008,-1887.28369141,-643.34967041,354.518341064,-284.505523682,1047.47302246,270.246826172,-538.210021973,492.358673096,-35.6426429749,113.38973999,-599.55291748],[2466.22583008,2539.02294922,455.604705811,-24.659034729,-63.0181121826,-157.120666504,-170.4815979,-116.079025269,-165.473480225,-104.522544861,-25.3849964142,5.53156709671,-24.3823318481],[-1887.28369141,455.604705811,1083.71350098,298.846923828,55.6602020264,-21.7167358398,-185.440353394,-92.1642837524,-33.2626419067,-107.104393005,-22.7070102692,27.8410778046,77.6227111816],[-643.34967041,-24.659034729,298.846923828,473.492950439,91.3714675903,92.5727920532,-77.4831695557,-21.3419761658,86.8397140503,-40.8237991333,0.331521391869,15.5488185883,46.1118164062],[354.518341064,-63.0181121826,55.6602020264,91.3714675903,247.640335083,41.4770240784,27.9636821747,17.2286338806,9.57136058807,15.9454097748,1.66839170456,23.1278572083,-4.68792152405],[-284.505523682,-157.120666504,-21.7167358398,92.5727920532,41.4770240784,198.092407227,40.4331512451,20.897726059,53.8742485046,-14.9615373611,7.67831516266,-12.6805782318,7.5007147789],[1047.47302246,-170.4815979,-185.440353394,-77.4831695557,27.9636821747,40.4331512451,219.247390747,75.8891677856,-14.5234918594,47.5947875977,-4.24078989029,11.6630983353,-46.7510604858],[270.246826172,-116.079025269,-92.1642837524,-21.3419761658,17.2286338806,20.897726059,75.8891677856,122.911842346,41.9914932251,16.3669223785,-9.86261367798,-10.3952665329,-22.4331626892],[-538.210021973,-165.473480225,-33.2626419067,86.8397140503,9.57136058807,53.8742485046,-14.5234918594,41.9914932251,156.182250977,24.7926139832,-7.17106389999,-31.1252536774,6.74608564377],[492.358673096,-104.522544861,-107.104393005,-40.8237991333,15.9454097748,-14.9615373611,47.5947875977,16.3669223785,24.7926139832,118.446533203,29.2565231323,-4.08011102676,-24.2072257996],[-35.6426429749,-25.3849964142,-22.7070102692,0.331521391869,1.66839170456,7.67831516266,-4.24078989029,-9.86261367798,-7.17106389999,29.2565231323,107.461868286,38.6910934448,-8.7390794754],[113.38973999,5.53156709671,27.8410778046,15.5488185883,23.1278572083,-12.6805782318,11.6630983353,-10.3952665329,-31.1252536774,-4.08011102676,38.6910934448,95.1110992432,26.1319828033],[-599.55291748,-24.3823318481,77.6227111816,46.1118164062,-4.68792152405,7.5007147789,-46.7510604858,-22.4331626892,6.74608564377,-24.2072257996,-8.7390794754,26.1319828033,93.2903518677]],"icov":[[0.0000839962958707,-0.000118626085168,0.000158795708558,-0.000116877810797,-0.0000976847586571,0.0000577894934395,-0.00024036882678,-0.0000446553131042,0.000251534947893,-0.000276328413747,0.000180722228833,-0.000138965071528,0.000259675696725],[-0.000118626085168,0.000661517202388,-0.000388772110455,0.000205957185244,0.000207950404729,0.0000857958148117,0.000614398508333,0.000145668294863,6.48891145261e-8,0.00056593422778,-0.0001381404727,0.000145279540448,0.0000718799201422],[0.000158795708558,-0.000388772110455,0.0017436160706,-0.00105176854413,-0.000414700072724,0.000344229338225,0.000142441684147,0.0000214386327571,0.000984899350442,-0.0000824951421237,0.00051400664961,-0.000277404353255,0.0000492664294143],[-0.000116877810797,0.000205957185244,-0.00105176854413,0.00378753594123,-0.000781417416874,-0.00124932045583,0.00082837138325,0.00066834653262,-0.00243267440237,0.000996661721729,-0.000237459404161,-0.000724307901692,-0.000442102900706],[-0.0000976847586571,0.000207950404729,-0.000414700072724,-0.000781417416874,0.005005272571,-0.00102020509075,0.000272654404398,-0.000649685913231,0.000341700564604,-0.00106143788435,0.000803875678685,-0.00155211240053,0.000681743840687],[0.0000577894934395,0.0000857958148117,0.000344229338225,-0.00124932045583,-0.00102020509075,0.00766798341647,-0.00317977159284,0.000890456896741,-0.00203440547921,0.00280098663643,-0.00241161440499,0.00260869506747,-0.00140495796222],[-0.00024036882678,0.000614398508333,0.000142441684147,0.00082837138325,0.000272654404398,-0.00317977159284,0.01026365906,-0.00451641809195,0.00241358065978,-0.0026922672987,0.00260923849419,-0.00330052571371,0.00271043530665],[-0.0000446553131042,0.000145668294863,0.0000214386327571,0.00066834653262,-0.000649685913231,0.000890456896741,-0.00451641809195,0.0127838337794,-0.00475361477584,0.00199285685085,0.0000103318297988,0.000450465304311,0.000845039496198],[0.000251534947893,6.48891145261e-8,0.000984899350442,-0.00243267440237,0.000341700564604,-0.00203440547921,0.00241358065978,-0.00475361477584,0.0121818510816,-0.00448734732345,0.00143008620944,0.00190653046593,-0.000198681329493],[-0.000276328413747,0.00056593422778,-0.0000824951421237,0.000996661721729,-0.00106143788435,0.00280098663643,-0.0026922672987,0.00199285685085,-0.00448734732345,0.013868201524,-0.00518056051806,0.00271486118436,-0.000523205439094],[0.000180722228833,-0.0001381404727,0.00051400664961,-0.000237459404161,0.000803875678685,-0.00241161440499,0.00260923849419,0.0000103318297988,0.00143008620944,-0.00518056051806,0.0144736878574,-0.00803870614618,0.00451931823045],[-0.000138965071528,0.000145279540448,-0.000277404353255,-0.000724307901692,-0.00155211240053,0.00260869506747,-0.00330052571371,0.000450465304311,0.00190653046593,0.00271486118436,-0.00803870614618,0.0180801730603,-0.00735068134964],[0.000259675696725,0.0000718799201422,0.0000492664294143,-0.000442102900706,0.000681743840687,-0.00140495796222,0.00271043530665,0.000845039496198,-0.000198681329493,-0.000523205439094,0.00451931823045,-0.00735068134964,0.0166541151702]],"mean":[-716.265441895,132.701034546,14.9187517166,21.8145484924,11.2088813782,9.46155261993,-8.17322063446,2.2724647522,3.57540822029,-3.81153345108,-2.85001730919,-3.5166144371,-0.472408086061]},"pitch_salience":{"dmean":0.0467013083398,"dmean2":0.0760278776288,"dvar":0.00214941240847,"dvar2":0.00597945088521,"max":0.917669534683,"mean":0.53840726614,"median":0.540513455868,"min":0.10582716763,"var":0.0139254992828},"silence_rate_20dB":{"dmean":0,"dmean2":0,"dvar":0,"dvar2":0,"max":1,"mean":1,"median":1,"min":1,"var":0},"silence_rate_30dB":{"dmean":0,"dmean2":0,"dvar":0,"dvar2":0,"max":1,"mean":1,"median":1,"min":1,"var":0},"silence_rate_60dB":{"dmean":0.014851485379,"dmean2":0.0297051984817,"dvar":0.014630918391,"dvar2":0.0324234291911,"max":1,"mean":0.189154729247,"median":0,"min":0,"var":0.153375223279},"spectral_centroid":{"dmean":128.122299194,"dmean2":203.860214233,"dvar":40950.6601562,"dvar2":97425.171875,"max":11811.5654297,"mean":1114.7532959,"median":772.809875488,"min":154.11227417,"var":1105850.125},"spectral_complexity":{"dmean":1.82253229618,"dmean2":3.05273413658,"dvar":5.40684890747,"dvar2":14.1017122269,"max":55,"mean":16.3732833862,"median":11,"min":0,"var":181.762481689},"spectral_contrast_coeffs":{"dmean":[0.0384242124856,0.036854878068,0.0307216979563,0.0270254462957,0.0185624938458,0.0141502786428],"dmean2":[0.0647658929229,0.0605871938169,0.0507607571781,0.0439422950149,0.0309737920761,0.0229790769517],"dvar":[0.00120486423839,0.00104280980304,0.000690680579282,0.000492842693347,0.000222145434236,0.000178161251824],"dvar2":[0.00344777503051,0.00282947183587,0.00181179423817,0.00126486213412,0.000597599369939,0.000427912076702],"max":[-0.2775426507,-0.34783282876,-0.499710440636,-0.509404301643,-0.60355246067,-0.636749982834],"mean":[-0.602195680141,-0.697549164295,-0.760329246521,-0.75918340683,-0.800042510033,-0.764026284218],"median":[-0.596333146095,-0.697311222553,-0.756426751614,-0.763509809971,-0.800304949284,-0.75854241848],"min":[-0.976294994354,-0.984440565109,-0.979908227921,-0.985353827477,-0.965091943741,-0.962739467621],"var":[0.00873723719269,0.00974882487208,0.0066967504099,0.0030335704796,0.00187123846263,0.00216054264456]},"spectral_contrast_valleys":{"dmean":[0.321678727865,0.29637414217,0.271828144789,0.234977602959,0.18307800591,0.203841075301],"dmean2":[0.534264981747,0.497669130564,0.451769500971,0.38768351078,0.296722918749,0.285776138306],"dvar":[0.085593663156,0.0872385948896,0.0694962218404,0.0581085607409,0.0458026975393,0.0764960348606],"dvar2":[0.224461942911,0.217028111219,0.16498363018,0.135514214635,0.0991858616471,0.149205505848],"max":[-5.09382915497,-4.97606897354,-5.37605667114,-5.80288219452,-5.86365270615,-7.52090120316],"mean":[-7.93122577667,-7.7636590004,-8.45054531097,-8.7751083374,-8.70631504059,-11.0682525635],"median":[-7.14371347427,-6.935151577,-7.73467731476,-8.41910934448,-8.48720359802,-10.5538129807],"min":[-28.1084747314,-27.9839553833,-27.8429737091,-27.7292175293,-27.4341926575,-27.3571376801],"var":[5.74318313599,6.48813676834,6.53118133545,5.54971694946,4.47623252869,3.91978549957]},"spectral_decrease":{"dmean":1.47276169038e-9,"dmean2":2.4480726335e-9,"dvar":6.32812979579e-18,"dvar2":1.80947214834e-17,"max":1.44652168034e-15,"mean":-7.12153669369e-9,"median":-6.55357323964e-9,"min":-3.70921959814e-8,"var":3.32388003863e-17},"spectral_energy":{"dmean":0.00572326732799,"dmean2":0.00950961653143,"dvar":0.0000938642697292,"dvar2":0.000268177362159,"max":0.142030373216,"mean":0.0284864678979,"median":0.025781661272,"min":1.00685062317e-20,"var":0.00053732242668},"spectral_energyband_high":{"dmean":0.000167959238752,"dmean2":0.000255622668192,"dvar":1.91673450445e-7,"dvar2":4.36891014033e-7,"max":0.0127548482269,"mean":0.000516472558957,"median":0.0000704392368789,"min":7.07677813302e-21,"var":8.01377211701e-7},"spectral_energyband_low":{"dmean":0.00362914055586,"dmean2":0.00620842678472,"dvar":0.0000696021670592,"dvar2":0.000201084767468,"max":0.135188043118,"mean":0.0106042902917,"median":0.00724009564146,"min":1.08929992204e-23,"var":0.000144410354551},"spectral_energyband_middle_high":{"dmean":0.00102313840762,"dmean2":0.0016496455064,"dvar":0.00000346019351127,"dvar2":0.00000912674204301,"max":0.0448130108416,"mean":0.00510078668594,"median":0.00121982919518,"min":1.33502144494e-21,"var":0.0000485279415443},"spectral_energyband_middle_low":{"dmean":0.00355726922862,"dmean2":0.00568851549178,"dvar":0.0000340427686751,"dvar2":0.0000921387618291,"max":0.104604944587,"mean":0.0133496345952,"median":0.0119765158743,"min":1.84332332551e-22,"var":0.000128943982418},"spectral_entropy":{"dmean":0.132724434137,"dmean2":0.199021473527,"dvar":0.0226752702147,"dvar2":0.0478004217148,"max":9.81759166718,"mean":7.12027359009,"median":7.26239156723,"min":4.50671434402,"var":0.626013338566},"spectral_flux":{"dmean":0.0141445286572,"dmean2":0.0228147953749,"dvar":0.000409571104683,"dvar2":0.000922231120057,"max":0.30678024888,"mean":0.0564181134105,"median":0.0459961853921,"min":6.38557193233e-11,"var":0.00224299309775},"spectral_kurtosis":{"dmean":2.08823680878,"dmean2":3.55028367043,"dvar":9.76111221313,"dvar2":28.300321579,"max":76.1746902466,"mean":7.11011266708,"median":4.92263031006,"min":-1.22779738903,"var":44.5480880737},"spectral_rms":{"dmean":0.000462459371192,"dmean2":0.00074861838948,"dvar":4.310472832e-7,"dvar2":0.00000121517859952,"max":0.0117714153603,"mean":0.00460445554927,"median":0.00501526100561,"min":3.13415591223e-12,"var":0.00000659066608932},"spectral_rolloff":{"dmean":223.478851318,"dmean2":384.934082031,"dvar":448010.5,"dvar2":1135427.375,"max":21856.2011719,"mean":1592.62524414,"median":667.529296875,"min":107.666015625,"var":9219431},"spectral_skewness":{"dmean":0.224518790841,"dmean2":0.370829552412,"dvar":0.0620797164738,"dvar2":0.16632398963,"max":7.25780820847,"mean":1.97010612488,"median":1.77227008343,"min":-0.236952453852,"var":0.749423921108},"spectral_spread":{"dmean":476082.21875,"dmean2":705260.3125,"dvar":472735252480,"dvar2":998590316544,"max":41192252,"mean":4366230.5,"median":3995372.75,"min":1172163.5,"var":7221142880260},"spectral_strongpeak":{"dmean":0.40417611599,"dmean2":0.713550746441,"dvar":0.966088473797,"dvar2":2.62499570847,"max":19.5185089111,"mean":0.841194152832,"median":0.541193783283,"min":7.96849045082e-11,"var":1.29957222939},"zerocrossingrate":{"dmean":0.0063458615914,"dmean2":0.00799365993589,"dvar":0.0000771091144998,"dvar2":0.000106403844256,"max":0.8935546875,"mean":0.0615355595946,"median":0.03857421875,"min":0.00390625,"var":0.00954164750874}},"metadata":{"audio_properties":{"analysis_sample_rate":44100,"bit_rate":0,"codec":"flac","downmix":"mix","equal_loudness":0,"length":309.559997559,"lossless":true,"md5_encoded":"2f8b0ac571d09f518beb7a7dd2582562","replay_gain":-13.3946819305},"tags":{"album":["Showbiz"],"albumartist":["Muse"],"albumartistsort":["Muse"],"artist":["Muse"],"artistsort":["Muse"],"barcode":["5050466888624"],"date":["2003"],"discnumber":["1"],"disctotal":["1"],"engineer":["Mark Thomas","Boris Aldridge"],"file_name":"12. Hate This & I'll Love You.flac","musicbrainz_albumartistid":["9c9f1380-2516-4fc9-a3e6-f9f61941d090"],"musicbrainz_albumid":["5a828a1b-f59f-49b2-abf0-3a55241610f6"],"musicbrainz_artistid":["9c9f1380-2516-4fc9-a3e6-f9f61941d090"],"musicbrainz_recordingid":["3a598cd8-e3e9-48cd-a18e-0132be1e8765"],"originaldate":["1999"],"producer":["Dennis Smith","Safta Jaffery"],"title":["Hate This & I'll Love You"],"totaldiscs":["1"],"totaltracks":["12"],"tracknumber":["12"],"tracktotal":["12"]},"version":{"essentia":"2.1-beta1","essentia_build_sha":"50a0fbec89d6a9cedea3d45b6611406f7e8c7b1a","essentia_git_sha":"v2.1_beta1-7-ge0e83e8-dirty","extractor":"music 1.0"}},"rhythm":{"beats_count":612,"beats_loudness":{"dmean":0.00850118417293,"dmean2":0.0141806527972,"dvar":0.000102488869743,"dvar2":0.000277071841992,"max":0.101912669837,"mean":0.028424827382,"median":0.0259170886129,"min":4.41943681651e-9,"var":0.000526981952135},"beats_loudness_band_ratio":{"dmean":[0.143908217549,0.13721293211,0.0997123941779,0.0532770529389,0.0454391874373,0.0260761436075],"dmean2":[0.242641210556,0.226237818599,0.166981890798,0.0873302668333,0.0760409906507,0.0451052673161],"dvar":[0.0209274273366,0.019011631608,0.0145997004583,0.0078214770183,0.00530841620639,0.00366032100283],"dvar2":[0.0542448759079,0.0496285147965,0.0366753451526,0.0173510629684,0.0123319057748,0.00950613152236],"max":[0.989459693432,0.94