{"lowlevel":{"average_loudness":0.914231002331,"barkbands":{"dmean":[0.000033628570236,0.00587507383898,0.00262580043636,0.00229656323791,0.00228959042579,0.000857513805386,0.000303978798911,0.000356619653758,0.000768294441514,0.000383079081075,0.000346909597283,0.000412614026573,0.00055924966,0.000645556661766,0.000621929357294,0.00045701340423,0.000310215895297,0.000181772848009,0.000191320694285,0.00019484499353,0.000105638573586,0.0000853932870086,0.0000748799284338,0.0000597561484028,0.0000478738402307,0.0000618573976681,0.0000104266055132],"dmean2":[0.0000534195787623,0.00909107364714,0.00458532525226,0.00395045010373,0.00372938183136,0.00137371011078,0.000490728009026,0.000549420306925,0.00115750113036,0.000589672010392,0.000553631107323,0.000654304458294,0.000883472966962,0.00104043725878,0.000974787573796,0.000720965792425,0.000491785875056,0.000287019531243,0.000295220233966,0.000311080599204,0.000165323144756,0.0001279314165,0.000109176296974,0.0000852606171975,0.0000670233785058,0.0000939940291573,0.0000155632751557],"dvar":[4.02378796949e-9,0.000132972432766,0.0000322924279317,0.0000203946838155,0.0000291648429993,0.0000024940984531,5.06852359194e-7,0.00000112457371415,0.00000421891400038,8.65922345383e-7,0.00000115594252748,0.000001817323664,0.00000157301076342,0.0000019868673462,0.00000207443554245,0.00000106368906927,5.06710193804e-7,1.75344823106e-7,1.39483731232e-7,1.84263583947e-7,3.83067870757e-8,4.10694660502e-8,5.69984379695e-8,3.09499839091e-8,2.00584189258e-8,4.40015135439e-8,1.30125910047e-9],"dvar2":[9.51883016853e-9,0.000300442596199,0.0000892390380614,0.0000554652688152,0.0000700895034242,0.0000062901954152,0.00000121721404867,0.00000254342307926,0.0000092046948339,0.00000182152984962,0.00000315525630867,0.00000471376597488,0.00000375679042008,0.00000503256615048,0.00000480504559164,0.00000253112830251,0.00000119604544579,4.03892585155e-7,3.04096431591e-7,4.38040757444e-7,9.2407368868e-8,8.74221512959e-8,1.05007437412e-7,6.28844247785e-8,4.14480432198e-8,1.13494294851e-7,3.19063397924e-9],"max":[0.00083859753795,0.110506489873,0.0769622921944,0.0497032925487,0.0728779584169,0.0290356241167,0.022456234321,0.0362738072872,0.0454604662955,0.0238823462278,0.0306725855917,0.0428975746036,0.0356790907681,0.0374190360308,0.0365933962166,0.0271491315216,0.0245452728122,0.0157941915095,0.0120851956308,0.0143157336861,0.00777207501233,0.00817785598338,0.00998211000115,0.00801190268248,0.00506141968071,0.00628304667771,0.00113951624371],"mean":[0.0000361450038326,0.00606208760291,0.0029902937822,0.00277650845237,0.00264995149337,0.00131721992511,0.000485336320708,0.000578666804358,0.00157051091082,0.000675299786963,0.000561122200452,0.00067375798244,0.000905129883904,0.00106998137198,0.00112614547834,0.000817389343865,0.000540004461072,0.000328914931742,0.000355462514563,0.000371019850718,0.000217516790144,0.000176997171366,0.000134866408189,0.000111543748062,0.0000813612205093,0.0000738676608307,0.0000127885687107],"median":[0.00000663112314214,0.00125982123427,0.000922352017369,0.0011556308018,0.000998734962195,0.000666688778438,0.000203321847948,0.000125183447381,0.000267759489361,0.000183342315722,0.000114688475151,0.000213019098737,0.000305130262859,0.000406391103752,0.000339296850143,0.000251930410741,0.000197907924303,0.000136523070978,0.000160726121976,0.000120433607663,0.0000989802065305,0.0000725654608686,0.0000437912240159,0.0000402345976909,0.000026169591365,0.0000120928953038,0.00000127729344968],"min":[6.50385642425e-25,3.8254906353e-24,1.72056065734e-24,1.06795673804e-24,6.57863373275e-24,1.3362574827e-23,5.01141560526e-24,6.74386774909e-24,1.40666899829e-23,1.58788565212e-23,1.64441621345e-23,2.43586016482e-23,2.18701525444e-23,2.96721131148e-23,2.86556532166e-23,4.89269235457e-23,8.3232259726e-23,8.9896739669e-23,1.29646727553e-22,1.89927830237e-22,2.56403018262e-22,2.96716259143e-22,3.38054665791e-22,6.89191447425e-22,8.68417666352e-22,1.18876264463e-21,1.86855899849e-21],"var":[5.31504618095e-9,0.00015054976393,0.0000292716249533,0.0000197815534193,0.0000291395645036,0.00000361988645636,0.00000103522495465,0.00000287130660581,0.0000137498691402,0.00000226118595492,0.00000233550395023,0.00000330979514729,0.00000314926592182,0.00000393740720028,0.00000623522419119,0.00000325119867739,0.00000106442223569,4.37639073425e-7,3.71304849978e-7,5.61402316634e-7,1.12026306454e-7,1.0499169889e-7,1.28256999687e-7,6.24987137599e-8,3.50819995276e-8,4.31375646315e-8,1.54438339894e-9]},"barkbands_crest":{"dmean":2.99674987793,"dmean2":4.86265325546,"dvar":7.56141042709,"dvar2":18.0847892761,"max":25.4501056671,"mean":9.34910392761,"median":8.5305891037,"min":2.07588815689,"var":14.9542779922},"barkbands_flatness_db":{"dmean":0.021558387205,"dmean2":0.0336759388447,"dvar":0.000439440424088,"dvar2":0.0010364871705,"max":0.339977800846,"mean":0.113744623959,"median":0.108588054776,"min":0.00927947554737,"var":0.00152593955863},"barkbands_kurtosis":{"dmean":2.3213558197,"dmean2":3.71132278442,"dvar":19.264377594,"dvar2":46.4982795715,"max":101.401306152,"mean":2.15673446655,"median":0.321673423052,"min":-1.92608857155,"var":34.0005226135},"barkbands_skewness":{"dmean":0.615177690983,"dmean2":0.926253974438,"dvar":0.383717358112,"dvar2":0.853859066963,"max":9.74299621582,"mean":1.05171048641,"median":0.917188286781,"min":-3.96760010719,"var":1.41604053974},"barkbands_spread":{"dmean":6.99405574799,"dmean2":10.7993392944,"dvar":60.8706893921,"dvar2":132.739929199,"max":114.985343933,"mean":28.2012424469,"median":26.416223526,"min":0.840876936913,"var":204.758239746},"dissonance":{"dmean":0.0150132905692,"dmean2":0.0252571236342,"dvar":0.000262603571173,"dvar2":0.000717976596206,"max":0.500000178814,"mean":0.472584635019,"median":0.47953492403,"min":0.279866635799,"var":0.000560175976716},"dynamic_complexity":4.17690992355,"erbbands":{"dmean":[0.134861290455,1.46038758755,2.78224563599,5.55145072937,10.4930458069,5.05094575882,5.33779239655,7.11650323868,5.18270015717,4.14359331131,10.515332222,18.3381023407,13.2148170471,11.6569652557,12.7993850708,18.134677887,24.2812824249,33.0591163635,27.956615448,30.5026187897,24.2887172699,14.141295433,10.1401405334,8.67858409882,9.62406349182,8.92178058624,5.62868309021,3.22976827621,2.94793486595,2.81808686256,2.09582138062,1.49628174305,0.855922937393,0.547285676003,0.346216022968,0.25048738718,0.114979930222,0.0275518484414,0.00144926004577,0.0000355511801899],"dmean2":[0.204238936305,2.28682351112,4.69907236099,9.59699726105,17.2562770844,8.39190292358,8.66792869568,11.5257120132,8.40575027466,6.56194734573,16.0666885376,27.1708583832,20.0805625916,18.1701431274,20.2479858398,28.6984119415,38.2880897522,52.8431472778,44.1602287292,47.4626960754,37.8589935303,22.1678161621,15.821149826,13.5020589828,14.9664402008,14.1886749268,8.75922107697,5.03320932388,4.4053645134,4.12128162384,3.07581567764,2.15792798996,1.21662902832,0.777724564075,0.489500105381,0.370977282524,0.180000901222,0.0422201491892,0.00216171145439,0.0000503661976836],"dvar":[0.067470908165,8.26045703888,31.6888999939,123.224578857,683.369506836,102.918655396,80.9650497437,226.909820557,150.68699646,142.973693848,893.582275391,3071.94946289,1223.9954834,719.380371094,1509.71081543,3940.13964844,2998.72167969,5396.50097656,4028.47094727,5608.74707031,3629.35522461,851.679260254,566.209533691,289.023712158,451.084533691,419.701904297,135.638504028,34.4476203918,45.5138626099,63.5180435181,49.0263748169,26.9984436035,4.18645763397,2.05645990372,1.56577169895,0.610867977142,0.169212475419,0.010184654966,0.0000252844602073,7.75601893821e-9],"dvar2":[0.148517519236,19.083366394,83.9683914185,337.495666504,1678.35266113,260.433563232,198.357940674,583.660522461,351.495147705,341.208251953,2018.33666992,6470.671875,2493.82543945,1777.78503418,4033.82324219,10330.5087891,7009.28173828,13639.5556641,9461.42871094,13235.2109375,8357.45703125,2058.53833008,1299.43981934,661.727172852,979.437255859,1022.67004395,311.801940918,79.4508361816,94.6317901611,124.234977722,96.9645385742,54.6257972717,8.72038555145,4.13016748428,3.49038028717,1.46784925461,0.447186529636,0.0264261756092,0.0000628773705103,1.88466575679e-8],"max":[2.17593836784,29.7219772339,70.6976776123,134.487670898,316.204193115,144.387298584,245.30241394,281.132965088,397.000366211,402.234619141,910.831298828,1302.82409668,919.797790527,723.549438477,1204.61401367,2188.77978516,1492.54162598,1982.0645752,1787.171875,1973.58190918,1767.47595215,862.09777832,952.380310059,857.639465332,696.756591797,667.895874023,751.911132813,150.130126953,258.252532959,331.410644531,264.081237793,239.03944397,68.5927734375,58.6172866821,60.5589981079,19.4609203339,11.8716659546,3.40399169922,0.163032084703,0.00249705603346],"mean":[0.136125475168,1.50445330143,3.35695624352,7.03099632263,11.2146377563,6.50054788589,8.43549823761,10.3739967346,8.16760921478,6.63581180573,19.0226516724,37.2894210815,26.4241733551,21.6443023682,23.9043617249,30.9182357788,42.4765586853,57.2062339783,49.8762245178,58.9082717896,47.7902984619,27.3200626373,19.6362609863,16.7715358734,18.8624992371,17.204580307,11.8387212753,6.80292510986,5.97220897675,5.62195920944,3.71308898926,2.66261363029,1.60798728466,0.949303746223,0.555992186069,0.324864119291,0.130158856511,0.0325305312872,0.00179642403964,0.000063471015892],"median":[0.0207511056215,0.345477759838,1.17885768414,3.14508748055,3.62181305885,2.9809718132,4.4194688797,4.50995492935,3.51939177513,2.7958407402,4.55646419525,6.39865207672,7.87638521194,6.41441774368,6.58972263336,12.001789093,16.9485301971,22.5831451416,22.2813873291,18.261297226,15.9120140076,12.0620908737,8.93209838867,8.42465591431,7.62084531784,5.84615468979,4.38306951523,3.6051928997,2.65543603897,1.72008347511,1.19853591919,0.919187426567,0.59193354845,0.311065584421,0.163871854544,0.0722685456276,0.0166238285601,0.0033339925576,0.00019997866184,0.0000346662527591],"min":[5.33003336943e-23,5.37723994196e-22,2.67585658019e-21,3.43692938671e-21,5.86826806587e-21,2.30972333818e-20,4.30944200099e-20,9.1720939946e-20,1.35963418791e-19,1.72532130169e-19,2.68185913263e-19,3.8582368842e-19,6.27326280236e-19,6.91761633701e-19,6.07290983523e-19,1.17940869644e-18,1.47168831299e-18,1.63283757198e-18,2.49587501652e-18,2.0693757296e-18,4.11258401412e-18,5.72331435704e-18,5.21536424957e-18,5.88827733224e-18,7.34421571278e-18,8.88491156837e-18,8.51393843444e-18,1.19880324871e-17,9.99264289338e-18,1.21209240156e-17,1.17107590642e-17,1.15049201319e-17,1.13227964677e-17,8.98696993953e-18,6.89973476012e-18,4.08778803448e-18,2.24997365915e-18,1.01613647841e-18,2.47000111715e-19,2.7250008021e-20],"var":[0.0794228613377,9.07231903076,31.4906539917,117.431358337,626.551330566,113.484352112,139.759536743,302.266113281,289.065368652,232.930679321,2404.41015625,9709.86230469,3689.14160156,2075.84448242,3416.78662109,6481.48388672,6139.57421875,11371.4257813,8719.39941406,17688.3300781,11882.2519531,1950.3293457,1492.49084473,861.732055664,1186.16125488,1114.2154541,594.101806641,89.8611907959,111.504524231,166.432952881,101.089942932,50.3918991089,9.2633972168,4.19593381882,2.16864347458,0.706901967525,0.155396267772,0.0101379044354,0.000029194932722,1.00047099494e-8]},"erbbands_crest":{"dmean":2.96712350845,"dmean2":4.75723552704,"dvar":7.59666490555,"dvar2":18.6673240662,"max":31.8168811798,"mean":10.1189022064,"median":8.82838726044,"min":2.32205581665,"var":25.1350231171},"erbbands_flatness_db":{"dmean":0.0197916775942,"dmean2":0.0275784302503,"dvar":0.000347249122569,"dvar2":0.000646603410132,"max":0.304140210152,"mean":0.14849203825,"median":0.14726498723,"min":0.0372795835137,"var":0.00186244770885},"erbbands_kurtosis":{"dmean":1.03134286404,"dmean2":1.64178645611,"dvar":1.93941235542,"dvar2":4.86786603928,"max":37.2038574219,"mean":0.912809967995,"median":0.369843572378,"min":-1.72337305546,"var":4.40972805023},"erbbands_skewness":{"dmean":0.345828831196,"dmean2":0.526538252831,"dvar":0.107981316745,"dvar2":0.241705715656,"max":4.22932624817,"mean":-0.0701525136828,"median":-0.115169420838,"min":-3.59953856468,"var":0.580337882042},"erbbands_spread":{"dmean":8.66321659088,"dmean2":13.1878051758,"dvar":81.1402206421,"dvar2":174.078109741,"max":147.25970459,"mean":35.0707168579,"median":31.4518184662,"min":3.46499538422,"var":333.757171631},"gfcc":{"cov":[[27692.5273438,916.917358398,-1015.83380127,430.633789063,-663.011230469,491.764007568,-450.089904785,182.182067871,-181.072067261,51.292842865,-283.109130859,177.384246826,-380.15524292],[916.917358398,1208.7623291,-251.379577637,62.7598724365,63.4799461365,-74.2251281738,41.4022903442,-46.4275474548,26.4028625488,-92.3283233643,72.4953460693,-54.6674346924,35.6649093628],[-1015.83380127,-251.379577637,886.246398926,-43.3233108521,58.3357887268,79.4643173218,-19.1513843536,11.2922468185,3.03422260284,-1.73305344582,1.09167301655,95.0196456909,-71.5800094604],[430.633789063,62.7598724365,-43.3233108521,408.66809082,132.956420898,3.00926756859,-25.7762031555,23.8259315491,22.8565826416,28.9959259033,55.341003418,-70.0536575317,39.2501220703],[-663.011230469,63.4799461365,58.3357887268,132.956420898,301.582489014,-2.11539793015,38.9973297119,31.9908657074,22.7620029449,43.1062698364,32.6072387695,-11.4317750931,45.9140853882],[491.764007568,-74.2251281738,79.4643173218,3.00926756859,-2.11539793015,166.842834473,39.7459564209,31.5231304169,3.12429594994,14.0919027328,4.28311634064,33.2034225464,-24.1129417419],[-450.089904785,41.4022903442,-19.1513843536,-25.7762031555,38.9973297119,39.7459564209,198.039962769,46.3515129089,0.330692023039,8.11799049377,6.52114963531,-0.12622974813,15.3496456146],[182.182067871,-46.4275474548,11.2922468185,23.8259315491,31.9908657074,31.5231304169,46.3515129089,130.575714111,50.073223114,22.8045635223,-1.97993850708,14.4671030045,18.4208183289],[-181.072067261,26.4028625488,3.03422260284,22.8565826416,22.7620029449,3.12429594994,0.330692023039,50.073223114,137.053009033,26.0365848541,10.6831188202,-6.17343854904,5.84886693954],[51.292842865,-92.3283233643,-1.73305344582,28.9959259033,43.1062698364,14.0919027328,8.11799049377,22.8045635223,26.0365848541,104.188095093,26.1934127808,0.194963872433,10.7359237671],[-283.109130859,72.4953460693,1.09167301655,55.341003418,32.6072387695,4.28311634064,6.52114963531,-1.97993850708,10.6831188202,26.1934127808,108.467788696,23.2585945129,14.4417638779],[177.384246826,-54.6674346924,95.0196456909,-70.0536575317,-11.4317750931,33.2034225464,-0.12622974813,14.4671030045,-6.17343854904,0.194963872433,23.2585945129,119.165260315,6.6347694397],[-380.15524292,35.6649093628,-71.5800094604,39.2501220703,45.9140853882,-24.1129417419,15.3496456146,18.4208183289,5.84886693954,10.7359237671,14.4417638779,6.6347694397,106.186485291]],"icov":[[0.0000748207967263,-0.000139871335705,0.000116999646707,-0.000225091978791,0.000179054521141,-0.000201324670343,0.000208001467399,-0.000216478598304,0.000206294484087,-0.000307082635118,0.000432227679994,-0.000393863942008,0.000346770510077],[-0.000139871335705,0.00140359532088,0.0000658964490867,0.00048808788415,-0.000699249445461,0.000566936621908,-0.000671880028676,0.00080500880722,-0.000887392088771,0.00202496210113,-0.00185846432578,0.00111500523053,-0.000692370173056],[0.000116999646707,0.0000658964490867,0.00167514686473,-0.000339456280926,-0.0003707401047,-0.000617381243501,0.000468599348096,-0.000228103483096,0.000117342642625,0.0000116423279906,0.000657251337543,-0.00172889581881,0.00165435881354],[-0.000225091978791,0.00048808788415,-0.000339456280926,0.00462654465809,-0.00191326823551,-0.000339928432368,0.000714487046935,-0.000353797804564,-0.000387036299799,0.00133383250795,-0.00366280949675,0.00431311735883,-0.00208542658947],[0.000179054521141,-0.000699249445461,-0.0003707401047,-0.00191326823551,0.00514608807862,-0.000028105581805,-0.000460400508018,-0.000744987861253,0.000471551320516,-0.00247203698382,0.00122601992916,-0.00100336712785,-0.000582625740208],[-0.000201324670343,0.000566936621908,-0.000617381243501,-0.000339928432368,-0.000028105581805,0.0082576405257,-0.00229522981681,-0.000485247612232,-0.00036507344339,0.0000179732323886,-0.000769183970988,-0.00133649003692,0.00130797957536],[0.000208001467399,-0.000671880028676,0.000468599348096,0.000714487046935,-0.000460400508018,-0.00229522981681,0.00709112873301,-0.00311867520213,0.00166201102547,-0.000757432309911,0.000276106758974,0.000435884401668,0.000136192378704],[-0.000216478598304,0.00080500880722,-0.000228103483096,-0.000353797804564,-0.000744987861253,-0.000485247612232,-0.00311867520213,0.0119173098356,-0.00461442722008,0.000146568403579,0.000654504692648,-0.000961999641731,-0.00226255110465],[0.000206294484087,-0.000887392088771,0.000117342642625,-0.000387036299799,0.000471551320516,-0.00036507344339,0.00166201102547,-0.00461442722008,0.00984588079154,-0.00276592117734,0.000552637153305,0.0000139434241646,0.00119350024033],[-0.000307082635118,0.00202496210113,0.0000116423279906,0.00133383250795,-0.00247203698382,0.0000179732323886,-0.000757432309911,0.000146568403579,-0.00276592117734,0.0145190125331,-0.00566473929211,0.00294100237079,-0.00183657393791],[0.000432227679994,-0.00185846432578,0.000657251337543,-0.00366280949675,0.00122601992916,-0.000769183970988,0.000276106758974,0.000654504692648,0.000552637153305,-0.00566473929211,0.0156732052565,-0.00705093704164,0.00196155230515],[-0.000393863942008,0.00111500523053,-0.00172889581881,0.00431311735883,-0.00100336712785,-0.00133649003692,0.000435884401668,-0.000961999641731,0.0000139434241646,0.00294100237079,-0.00705093704164,0.0154259782284,-0.00461305817589],[0.000346770510077,-0.000692370173056,0.00165435881354,-0.00208542658947,-0.000582625740208,0.00130797957536,0.000136192378704,-0.00226255110465,0.00119350024033,-0.00183657393791,0.00196155230515,-0.00461305817589,0.0138406008482]],"mean":[-18.7410125732,74.8443603516,-117.226875305,33.2858009338,-42.6362800598,18.7873344421,-38.6233100891,3.63399791718,-26.270160675,4.20581626892,-20.9592571259,-3.44072031975,-12.8156547546]},"hfc":{"dmean":7.55872583389,"dmean2":10.6555566788,"dvar":111.796836853,"dvar2":237.48500061,"max":213.637283325,"mean":23.5501079559,"median":19.3280715942,"min":1.09856024121e-16,"var":416.237182617},"melbands":{"dmean":[0.00149235036224,0.00155332870781,0.00110806361772,0.000579666346312,0.000169964594534,0.000159369999892,0.0000751895131543,0.0000460966184619,0.0000992127679638,0.000112716552394,0.0000644531828584,0.0000474516418763,0.0000483397052449,0.0000458515387436,0.0000496854481753,0.0000577208375034,0.0000641907972749,0.0000469728802273,0.0000437127273472,0.0000342697021551,0.0000313891796395,0.0000166183599504,0.0000137984116009,0.00000779775382398,0.0000077152153608,0.00000732855687602,0.00000756025337978,0.00000610192182648,0.00000428178600487,0.0000028073102385,0.00000186632962595,0.00000180315623766,0.00000178272557605,0.00000158143177487,0.00000133440994432,0.00000101866498881,9.5245616194e-7,6.62109243876e-7,5.31593684627e-7,4.59374916773e-7],"dmean2":[0.00228046369739,0.00247405515984,0.00187648681458,0.000950504443608,0.000277772778645,0.0002563840535,0.000121675329865,0.0000727557126083,0.000150442996528,0.000168251150171,0.0000980131153483,0.0000740946488804,0.00007696350076,0.00007198502135,0.000078308803495,0.0000914692500373,0.000103083366412,0.0000744160279282,0.0000680084194755,0.0000539823595318,0.0000490905804327,0.0000262902067334,0.0000218880068132,0.0000121975162983,0.0000120886206787,0.0000113791420517,0.000011877345969,0.00000979818833002,0.00000670533609082,0.00000442262717115,0.00000292609797725,0.00000276348600892,0.00000265991116066,0.00000235109473579,0.00000196417636289,0.00000151403889959,0.00000141817622534,9.63639308793e-7,7.71603083649e-7,6.6024847456e-7],"dvar":[0.00000843024099595,0.00000829046803119,0.00000476375498693,0.00000190018272406,7.77317836764e-8,1.04672537304e-7,3.07426546442e-8,1.77000796242e-8,7.59418981033e-8,1.05177633714e-7,2.99948546001e-8,1.21335856917e-8,2.40436950349e-8,2.26890115584e-8,1.33038229322e-8,1.86474906627e-8,2.17412789993e-8,1.21325678393e-8,1.22980781114e-8,5.91386140059e-9,6.77906619728e-9,1.4463578113e-9,1.21093501892e-9,4.16793904945e-10,2.56406451626e-10,2.29663996154e-10,3.8526090651e-10,2.24322699305e-10,9.77995948115e-11,3.69192662553e-11,1.2900045615e-11,1.6231561234e-11,2.51680898344e-11,2.24084899941e-11,2.03210850924e-11,1.36123187375e-11,1.00580993187e-11,2.46159429645e-12,1.48478516808e-12,1.69176760274e-12],"dvar2":[0.0000187927034858,0.000019753453671,0.0000125515161926,0.00000463659944216,1.93492994072e-7,2.65992042614e-7,7.24223880866e-8,4.1313239052e-8,1.70777141761e-7,2.24208221766e-7,6.10357631103e-8,2.95369613212e-8,6.60033094846e-8,5.79027883418e-8,3.26993188082e-8,4.57837323609e-8,5.49599086241e-8,2.87954957656e-8,2.74628249031e-8,1.43333069857e-8,1.55818131731e-8,3.4391698378e-9,2.94262814116e-9,9.49658574001e-10,5.89589266298e-10,5.06689523672e-10,8.76513972514e-10,5.54597701097e-10,2.09371034399e-10,8.89593121389e-11,2.96058143279e-11,3.51947047894e-11,5.46752816633e-11,4.34207739208e-11,4.11085020191e-11,2.89343878718e-11,2.07830575666e-11,5.29078647213e-12,3.17469726722e-12,3.44701112272e-12],"max":[0.0247846785933,0.0333562679589,0.0239597484469,0.0175621174276,0.00711353123188,0.00638185348362,0.00553936650977,0.00427726376802,0.00690167304128,0.00712318113074,0.0045044622384,0.00302824797109,0.00486130733043,0.00464460300282,0.00271593756042,0.00476482370868,0.00446840468794,0.00253904075362,0.00400639604777,0.00145581166726,0.00271977251396,0.00117715378292,0.00110880238935,0.000988616608083,0.000820049841423,0.000419355783379,0.000555354577955,0.000387240899727,0.000804573413916,0.000154660068802,0.0000928373265197,0.000121961049445,0.0002351331932,0.000194000691408,0.000192009320017,0.000167748396052,0.000139463954838,0.0000546575574845,0.00004715025716,0.0000577362334298],"mean":[0.00151846266817,0.00189957616385,0.00138161040377,0.000652986229397,0.000276406150078,0.000237641957938,0.000120085103845,0.000073402246926,0.000181824434549,0.000228669799981,0.000124368627439,0.000083666658611,0.0000831855213619,0.0000767878809711,0.0000821841313154,0.0000965604485827,0.0001059053684,0.000075438307249,0.0000817296167952,0.0000620243299636,0.0000569700350752,0.0000284531470243,0.0000237447766267,0.000013867135749,0.0000134322199301,0.0000132561444843,0.0000136968783409,0.00001075691398,0.00000814672785054,0.00000517443868375,0.00000355669521923,0.00000336892503583,0.00000340465089721,0.00000293020571007,0.00000222340509026,0.00000168319968452,0.00000162870287568,0.00000118664354432,9.0768918426e-7,7.53828430788e-7],"median":[0.000274045654805,0.000661125930492,0.000621432962362,0.000240807130467,0.000156735273777,0.00010848234524,0.0000515989304404,0.0000274779649772,0.0000363630751963,0.0000388111839129,0.0000317051853926,0.0000223776842176,0.0000189956845134,0.0000217434917431,0.0000324164357153,0.0000342836247,0.0000371700007236,0.0000300595584122,0.0000232434194913,0.0000192340539797,0.0000160630661412,0.0000104486789496,0.00000907366120373,0.00000541262761544,0.00000616325951341,0.0000055733262343,0.00000413349334849,0.00000329185741066,0.00000263913875642,0.00000206164054362,0.00000175200898411,0.00000144768000609,9.81554649115e-7,8.37722836877e-7,6.58788451346e-7,5.7363928363e-7,5.35708522875e-7,4.22156290369e-7,3.12745044084e-7,2.27410353659e-7],"min":[7.24919636637e-25,1.50172166893e-24,4.85016977383e-25,1.19684310071e-24,1.61626831528e-24,2.17586592828e-24,2.05429220759e-24,1.56552178072e-24,2.38781944288e-24,2.19032200158e-24,2.55055000914e-24,2.20770257948e-24,1.81111143685e-24,2.79591493852e-24,2.7753491375e-24,2.50592966976e-24,2.60269095396e-24,3.56683655511e-24,2.44767643343e-24,2.8020852113e-24,4.01237612248e-24,4.39001882616e-24,5.06843092161e-24,4.95337516416e-24,3.87663327664e-24,5.20623939973e-24,4.37432877719e-24,5.44446119361e-24,4.29212276555e-24,4.86556114034e-24,5.66513872096e-24,5.4130440192e-24,5.89263476754e-24,5.35003690984e-24,5.69665055868e-24,6.42055744583e-24,6.63584192559e-24,6.98756897082e-24,6.35740597492e-24,7.0998467546e-24],"var":[0.00000973254282144,0.00000965638173511,0.0000045829847295,0.00000183603833648,1.28704968461e-7,1.44949495962e-7,6.04627174994e-8,3.12545509473e-8,2.07337549796e-7,3.28042830233e-7,9.10395669962e-8,3.49806548172e-8,5.01684809251e-8,4.7481226062e-8,2.37299087047e-8,3.53400828601e-8,4.41545147112e-8,2.22526974625e-8,3.99712334342e-8,1.64325726359e-8,2.01989767135e-8,2.99928126779e-9,2.62286548036e-9,9.52149470379e-10,7.05176472771e-10,5.44026490523e-10,9.79408332213e-10,5.73379177471e-10,4.8556952903e-10,8.45512895808e-11,2.945041086e-11,3.60097507368e-11,6.09825176467e-11,5.37981464932e-11,4.01740411771e-11,2.39313395489e-11,1.82554023981e-11,5.0955797741e-12,3.18784582065e-12,3.17504789821e-12]},"melbands_crest":{"dmean":3.49528717995,"dmean2":5.65899276733,"dvar":8.8614730835,"dvar2":21.5243778229,"max":34.2060279846,"mean":13.1854839325,"median":12.7077035904,"min":1.56242632866,"var":21.386423111},"melbands_flatness_db":{"dmean":0.0294388215989,"dmean2":0.0450128428638,"dvar":0.000839372980408,"dvar2":0.00183105946053,"max":0.464642584324,"mean":0.174768358469,"median":0.168977200985,"min":0.0030415346846,"var":0.00317258457653},"melbands_kurtosis":{"dmean":6.71803808212,"dmean2":10.6359672546,"dvar":150.233718872,"dvar2":362.37097168,"max":375.005645752,"mean":9.32887268066,"median":4.04362201691,"min":-1.8607237339,"var":252.90864563},"melbands_skewness":{"dmean":0.885214209557,"dmean2":1.33226537704,"dvar":0.830987334251,"dvar2":1.82234084606,"max":15.1318893433,"mean":2.21326041222,"median":1.90844452381,"min":-1.54458749294,"var":2.73238515854},"melbands_spread":{"dmean":10.4108533859,"dmean2":15.9365854263,"dvar":145.222488403,"dvar2":307.562347412,"max":224.026535034,"mean":33.5133361816,"median":28.8364257813,"min":0.804642558098,"var":518.105957031},"mfcc":{"cov":[[13905.2880859,1105.26281738,-260.187438965,282.305419922,145.05557251,257.407836914,-41.8907814026,154.329055786,24.0664520264,96.5266113281,109.575447083,-3.24522304535,-32.1155357361],[1105.26281738,1226.91320801,-137.855072021,82.4403610229,18.9758224487,26.8746528625,17.1516990662,40.3461036682,-7.03194475174,-67.676071167,16.3475570679,4.189848423,-20.8880023956],[-260.187438965,-137.855072021,596.539367676,-55.986289978,61.3642692566,34.9780883789,-26.5620880127,68.5863418579,-56.5505867004,-21.5256385803,36.5813484192,-45.0384178162,34.79920578],[282.305419922,82.4403610229,-55.986289978,333.766906738,145.257888794,20.3704547882,60.3998222351,-42.3999176025,22.1492080688,72.7548522949,-48.7086830139,48.9210014343,20.2731266022],[145.05557251,18.9758224487,61.3642692566,145.257888794,265.535980225,34.6971435547,-0.905896484852,-9.44892978668,7.71332025528,40.9832420349,-19.8563766479,25.6979961395,27.8318271637],[257.407836914,26.8746528625,34.9780883789,20.3704547882,34.6971435547,121.407966614,48.3604812622,10.8246545792,-2.10863018036,3.65415835381,15.1541824341,13.2684221268,8.31604194641],[-41.8907814026,17.1516990662,-26.5620880127,60.3998222351,-0.905896484852,48.3604812622,177.615829468,13.6687860489,23.4478645325,9.06990242004,-12.8708600998,29.881149292,-1.15102648735],[154.329055786,40.3461036682,68.5863418579,-42.3999176025,-9.44892978668,10.8246545792,13.6687860489,145.339813232,18.1424980164,-18.5306549072,46.2842330933,-16.1434078217,2.04973435402],[24.0664520264,-7.03194475174,-56.5505867004,22.1492080688,7.71332025528,-2.10863018036,23.4478645325,18.1424980164,130.696136475,44.7438926697,-2.67390275002,14.3938245773,-10.8131875992],[96.5266113281,-67.676071167,-21.5256385803,72.7548522949,40.9832420349,3.65415835381,9.06990242004,-18.5306549072,44.7438926697,131.088195801,7.47506761551,24.2377967834,9.96589946747],[109.575447083,16.3475570679,36.5813484192,-48.7086830139,-19.8563766479,15.1541824341,-12.8708600998,46.2842330933,-2.67390275002,7.47506761551,118.607704163,16.8183326721,-4.764336586],[-3.24522304535,4.189848423,-45.0384178162,48.9210014343,25.6979961395,13.2684221268,29.881149292,-16.1434078217,14.3938245773,24.2377967834,16.8183326721,93.3857803345,23.0600452423],[-32.1155357361,-20.8880023956,34.79920578,20.2731266022,27.8318271637,8.31604194641,-1.15102648735,2.04973435402,-10.8131875992,9.96589946747,-4.764336586,23.0600452423,88.8055725098]],"icov":[[0.0000856291953824,-0.0000645173495286,0.0000484195843455,-0.0000718889350537,0.0000120739268823,-0.000208615834708,0.000112885973067,-0.00011178956629,0.0000325851033267,-0.0000919175363379,-0.0000300082811009,0.0000541831905139,0.0000316273508361],[-0.0000645173495286,0.000984605634585,0.000241942791035,-0.000388963875594,-0.000035765569919,-0.0000696316928952,0.0000274962148978,-0.000241295012529,-0.00000773780902819,0.000786785967648,-0.000264625850832,0.0000616084726062,0.000106469589809],[0.0000484195843455,0.000241942791035,0.00224955216981,0.000234063802054,-0.000749022234231,-0.000587129965425,0.000109722692287,-0.000916843593586,0.000866652582772,0.0000143562438097,-0.000539973319974,0.00120301288553,-0.000785651383922],[-0.0000718889350537,-0.000388963875594,0.000234063802054,0.00550708780065,-0.00246015074663,0.000546311959624,-0.0016166587593,0.000577159051318,0.000469067250378,-0.00222841626965,0.00176777259912,-0.00134571676608,-0.0000293474877253],[0.0000120739268823,-0.000035765569919,-0.000749022234231,-0.00246015074663,0.00574494013563,-0.00154559430666,0.0014624329051,-0.000382140744478,-0.000261359731667,-0.0004587090516,0.000801848655101,-0.000827512587421,-0.000499329937156],[-0.000208615834708,-0.0000696316928952,-0.000587129965425,0.000546311959624,-0.00154559430666,0.0108038056642,-0.00347225205041,0.00061901245499,0.000322599807987,0.000284955254756,-0.0016660571564,-0.000135698806844,-0.00061991228722],[0.000112885973067,0.0000274962148978,0.000109722692287,-0.0016166587593,0.0014624329051,-0.00347225205041,0.00792384520173,-0.0017730576219,-0.000702286779415,0.000185314333066,0.00177988654468,-0.00235182698816,0.000983684905805],[-0.00011178956629,-0.000241295012529,-0.000916843593586,0.000577159051318,-0.000382140744478,0.00061901245499,-0.0017730576219,0.0099846702069,-0.00267268461175,0.00190488004591,-0.00418715039268,0.00261612096801,-0.00150447210763],[0.0000325851033267,-0.00000773780902819,0.000866652582772,0.000469067250378,-0.000261359731667,0.000322599807987,-0.000702286779415,-0.00267268461175,0.0100847166032,-0.00382231548429,0.00150071899407,-0.00130040710792,0.00174263853114],[-0.0000919175363379,0.000786785967648,0.0000143562438097,-0.00222841626965,-0.0004587090516,0.000284955254756,0.000185314333066,0.00190488004591,-0.00382231548429,0.0112908734009,-0.00260717445053,-0.000105009203253,-0.00111467624083],[-0.0000300082811009,-0.000264625850832,-0.000539973319974,0.00176777259912,0.000801848655101,-0.0016660571564,0.00177988654468,-0.00418715039268,0.00150071899407,-0.00260717445053,0.0125265540555,-0.00479489052668,0.00215180148371],[0.0000541831905139,0.0000616084726062,0.00120301288553,-0.00134571676608,-0.000827512587421,-0.000135698806844,-0.00235182698816,0.00261612096801,-0.00130040710792,-0.000105009203253,-0.00479489052668,0.0156244961545,-0.00440992368385],[0.0000316273508361,0.000106469589809,-0.000785651383922,-0.0000293474877253,-0.000499329937156,-0.00061991228722,0.000983684905805,-0.00150447210763,0.00174263853114,-0.00111467624083,0.00215180148371,-0.00440992368385,0.0134714562446]],"mean":[-654.452575684,107.192939758,-8.36518859863,20.8968505859,13.1967067719,14.4888963699,2.49140977859,-0.61630153656,-0.178178280592,3.98358678818,-2.71260118484,-2.93281650543,-4.68211317062]},"pitch_salience":{"dmean":0.0781105384231,"dmean2":0.125828489661,"dvar":0.00511049618945,"dvar2":0.0123833194375,"max":0.958116710186,"mean":0.536023616791,"median":0.537141859531,"min":0.0870083346963,"var":0.011674862355},"silence_rate_20dB":{"dmean":0,"dmean2":0,"dvar":0,"dvar2":0,"max":1,"mean":1,"median":1,"min":1,"var":0},"silence_rate_30dB":{"dmean":0.0108229145408,"dmean2":0.0216478500515,"dvar":0.0107048703358,"dvar2":0.030321713537,"max":1,"mean":0.993749439716,"median":1,"min":0,"var":0.00621095998213},"silence_rate_60dB":{"dmean":0.0283634997904,"dmean2":0.0567322932184,"dvar":0.0275589227676,"dvar2":0.062656916678,"max":1,"mean":0.115215972066,"median":0,"min":0,"var":0.101937375963},"spectral_centroid":{"dmean":277.949279785,"dmean2":427.769287109,"dvar":93645.0859375,"dvar2":205270.8125,"max":11683.25,"mean":1676.32788086,"median":1552.0546875,"min":169.041290283,"var":1028993.3125},"spectral_complexity":{"dmean":4.1321144104,"dmean2":5.95371818542,"dvar":19.9866008759,"dvar2":39.8086433411,"max":54,"mean":18.8737754822,"median":19,"min":0,"var":106.804199219},"spectral_contrast_coeffs":{"dmean":[0.0556181110442,0.0469123311341,0.0390157997608,0.0334465205669,0.0242379102856,0.0184378772974],"dmean2":[0.0893674939871,0.0764050260186,0.0621981956065,0.0532237961888,0.0380170270801,0.0281520914286],"dvar":[0.00212153792381,0.00149143545423,0.0010335072875,0.000748733466025,0.000450371037005,0.000280956708593],"dvar2":[0.00550976069644,0.00377751886845,0.00245882291347,0.00185236544348,0.000998916919343,0.00062403146876],"max":[-0.352517068386,-0.453251630068,-0.459819287062,-0.502150833607,-0.574565768242,-0.56229197979],"mean":[-0.651394069195,-0.738831460476,-0.760895609856,-0.764604628086,-0.777345776558,-0.762881815434],"median":[-0.650172293186,-0.741809606552,-0.771057069302,-0.768679916859,-0.782626271248,-0.763720393181],"min":[-0.976487755775,-0.989450216293,-0.988178730011,-0.985409617424,-0.965335071087,-0.965870380402],"var":[0.00718620698899,0.00587665429339,0.00628646789119,0.00429958896711,0.00310164899565,0.00233555515297]},"spectral_contrast_valleys":{"dmean":[0.520846605301,0.399410188198,0.357704401016,0.342663139105,0.318016946316,0.318946093321],"dmean2":[0.773182988167,0.623985767365,0.540400743484,0.502623081207,0.444004446268,0.398213803768],"dvar":[0.227051436901,0.134676486254,0.107159055769,0.110582254827,0.118331059813,0.14612390101],"dvar2":[0.44317895174,0.293337523937,0.215771198273,0.212582305074,0.219809547067,0.225613951683],"max":[-5.05299901962,-5.16866493225,-5.54653167725,-5.5415968895,-5.62552404404,-7.21688127518],"mean":[-7.60315799713,-7.38587856293,-7.77688789368,-7.69609022141,-7.84036159515,-10.358127594],"median":[-7.21738386154,-6.98883342743,-7.39647436142,-7.30761957169,-7.45043039322,-10.0179653168],"min":[-27.8918380737,-28.0690097809,-27.7719535828,-27.7031726837,-27.447227478,-27.4544773102],"var":[4.70062255859,4.44875144958,4.29251337051,4.25579929352,4.20269775391,3.82595157623]},"spectral_decrease":{"dmean":3.13709525024e-9,"dmean2":4.50835679899e-9,"dvar":2.03959280213e-17,"dvar2":4.25478744563e-17,"max":1.76336183667e-28,"mean":-6.50831255555e-9,"median":-4.85665019312e-9,"min":-4.59496298788e-8,"var":3.8777528976e-17},"spectral_energy":{"dmean":0.0123397773132,"dmean2":0.0176100805402,"dvar":0.000304584595142,"dvar2":0.000630784837995,"max":0.178260743618,"mean":0.026699885726,"median":0.0203513428569,"min":1.0058777166e-20,"var":0.000612315314356},"spectral_energyband_high":{"dmean":0.000424553989433,"dmean2":0.000603840395343,"dvar":6.94365382969e-7,"dvar2":0.00000141780321883,"max":0.0257611665875,"mean":0.000982480240054,"median":0.000566181959584,"min":7.1953178e-21,"var":0.00000183583392754},"spectral_energyband_low":{"dmean":0.00790052022785,"dmean2":0.0119048943743,"dvar":0.000187333847862,"dvar2":0.000404858787078,"max":0.14603343606,"mean":0.0105032464489,"median":0.0041590849869,"min":2.22459359029e-23,"var":0.000258899730397},"spectral_energyband_middle_high":{"dmean":0.00239186710678,"dmean2":0.00364716816694,"dvar":0.0000113403557407,"dvar2":0.0000265302896878,"max":0.0539032667875,"mean":0.00709988316521,"median":0.00523387547582,"min":1.1732219081e-21,"var":0.0000476515851915},"spectral_energyband_middle_low":{"dmean":0.0053845080547,"dmean2":0.00858754850924,"dvar":0.0000910724411369,"dvar2":0.000224106057431,"max":0.108914799988,"mean":0.00965294521302,"median":0.00653542065993,"min":1.37969904301e-22,"var":0.000120166077977},"spectral_entropy":{"dmean":0.155471235514,"dmean2":0.226860612631,"dvar":0.026437535882,"dvar2":0.0515951886773,"max":9.83227157593,"mean":7.66944932938,"median":7.67517948151,"min":5.94995832443,"var":0.150326311588},"spectral_flux":{"dmean":0.0318733938038,"dmean2":0.0479543991387,"dvar":0.00133088207804,"dvar2":0.00278958491981,"max":0.347179412842,"mean":0.0895292311907,"median":0.0787937417626,"min":6.34894012363e-11,"var":0.00328890606761},"spectral_kurtosis":{"dmean":1.2661305666,"dmean2":2.04776477814,"dvar":2.44908547401,"dvar2":6.37117958069,"max":45.2381515503,"mean":4.37328338623,"median":3.93256187439,"min":-1.28503406048,"var":7.12321376801},"spectral_rms":{"dmean":0.00105954683386,"dmean2":0.001445569098,"dvar":0.00000151575034124,"dvar2":0.00000286804583993,"max":0.0131876049563,"mean":0.00452587520704,"median":0.00445589143783,"min":3.13264128179e-12,"var":0.00000556514896743},"spectral_rolloff":{"dmean":622.219177246,"dmean2":1014.24334717,"dvar":1227931.5,"dvar2":2370302.5,"max":19487.5488281,"mean":2003.73510742,"median":1636.5234375,"min":43.06640625,"var":4533040},"spectral_skewness":{"dmean":0.184412792325,"dmean2":0.288412034512,"dvar":0.0382009781897,"dvar2":0.0895586982369,"max":5.02763605118,"mean":1.51821684837,"median":1.47986161709,"min":-0.0985929071903,"var":0.169920027256},"spectral_spread":{"dmean":585340.9375,"dmean2":799667.75,"dvar":685679706112,"dvar2":1198858174460,"max":43599276,"mean":5005246,"median":4420602,"min":1731858.375,"var":11101863411700},"spectral_strongpeak":{"dmean":0.820950090885,"dmean2":1.41208195686,"dvar":2.09564137459,"dvar2":4.83481407166,"max":22.598651886,"mean":1.23727309704,"median":0.424663484097,"min":0,"var":3.59759020805},"zerocrossingrate":{"dmean":0.0129102058709,"dmean2":0.0148043027148,"dvar":0.000283273984678,"dvar2":0.000340794678777,"max":0.52294921875,"mean":0.0779336318374,"median":0.0693359375,"min":0.00341796875,"var":0.00317296897992}},"metadata":{"audio_properties":{"analysis_sample_rate":44100,"bit_rate":256005,"codec":"aac","downmix":"mix","equal_loudness":0,"length":248.87147522,"lossless":false,"md5_encoded":"986be5b4bc56a7b5205b21586751609e","replay_gain":-5.53094482422,"sample_rate":44100},"tags":{"album":["Reach for the Sky"],"artist":["The Allman Brothers Band"],"asin":["B000002ZB5"],"barcode":["0782219535121"],"bpm":["146"],"catalognumber":["AL 9535"],"date":["1980"],"discnumber":["1/1"],"encodedby":["Lavf56.25.101"],"file_name":"D:\\My Music\\iTunes\\iTunes Media\\Music\\A\\Allman Brothers Band\\(1980) Reach for the Sky\\Allman Brothers Band~1980~Reach for the Sky~07~Keep On Keepin' On.m4a","genre":["Blues Rock"],"isrc":["B000002ZB5"],"label":["Arista"],"language":["English"],"media":["12\" Vinyl"],"musicbrainz_albumartistid":["72359492-22be-4ed9-aaa0-efa434fb2b01"],"musicbrainz_albumid":["9bc0b9d7-c58f-4411-a3d9-9c346fb5884e"],"musicbrainz_artistid":["72359492-22be-4ed9-aaa0-efa434fb2b01"],"musicbrainz_recordingid":["3a6e4a62-367b-4388-9348-8dd6da2b25d0"],"musicbrainz_releasegroupid":["42a9877a-c423-3c61-8b0e-9bf0d79961d1"],"script":["Latin"],"title":["Keep On Keepin' On"],"tracknumber":["7/8"]},"version":{"essentia":"2.1-beta2","essentia_build_sha":"2d9f1f26377add8aeb1075a9c2973f962c4f09fd","essentia_git_sha":"v2.1_beta2-1-ge3940c0","extractor":"music 1.0"}},"rhythm":{"beats_count":605,"beats_loudness":{"dmean":0.0213568583131,"dmean2":0.0372088514268,"dvar":0.00037431428791,"dvar2":0.0011304434156,"max":0.126441568136,"mean":0.0450162664056,"median":0.0432985909283,"min":0,"var":0.000688315543812},"beats_loudness_band_ratio":{"dmean":[0.195473179221,0.12825012207,0.0771758705378,0.0851769447327,0.0785006135702,0.0406564772129],"dmean2":[0.335135757923,0.242293268442,0.133957564831,0.148957580328,0.138239637017,0.0715316012502],"dvar":[0.0255964323878,