{"lowlevel":{"average_loudness":0.209075778723,"barkbands":{"dmean":[0.0000210722519114,0.00096404395299,0.000567151699215,0.00112480204552,0.00101251585875,0.000691016437486,0.000704861362465,0.000456351815956,0.000379413191695,0.000217630615225,0.000185020966455,0.000092051755928,0.000187061654287,0.00015345569409,0.000128759740619,0.0000891053350642,0.0000700069140294,0.0000563606190553,0.0000626594410278,0.000135683701956,0.0000890682204044,0.0000342366511177,0.0000517121552548,0.0000657493001199,0.0000222818016482,0.00000133128935431,3.26795159822e-8],"dmean2":[0.0000303421547869,0.00159875419922,0.000946988468058,0.00177268497646,0.00162830122281,0.00108532910235,0.0010924146045,0.000725009827875,0.000585646135733,0.000330904789735,0.000288864976028,0.00014846646809,0.000301056425087,0.000249609613093,0.000208947254578,0.00013689280604,0.000111014393042,0.000088715700258,0.0000986963277683,0.000207411008887,0.000140264775837,0.0000473283871543,0.0000707506478648,0.0000844386668177,0.0000292645381705,0.00000191668800653,4.77097863438e-8],"dvar":[3.29678839783e-9,0.0000045953775043,0.00000189447962384,0.0000212567028939,0.00000730211513655,0.00000188005617474,0.00000284865473077,0.00000162376443313,0.00000151984716013,6.91554873811e-7,5.23098776739e-7,1.18334945398e-7,3.6983959717e-7,2.57158887962e-7,3.23299531146e-7,1.52882975613e-7,8.44900753805e-8,2.20632951908e-8,3.7362660521e-8,3.64777065442e-7,6.5450919351e-8,1.13210596453e-8,3.13760288861e-8,4.45369536806e-8,4.52748061264e-9,1.85068332187e-11,1.50487193778e-14],"dvar2":[6.33970076436e-9,0.0000124530070025,0.00000508570292368,0.0000460993323941,0.0000181164323294,0.00000472709689348,0.00000661053945805,0.00000393413756683,0.00000347435184267,0.00000146776903875,0.00000126803365674,2.84519359184e-7,9.11213192012e-7,6.24762321877e-7,8.15710450297e-7,2.501577967e-7,1.8594407436e-7,4.99422228017e-8,8.27253288094e-8,6.25521238362e-7,1.57783858867e-7,2.17834941196e-8,6.54761151964e-8,7.43485131238e-8,8.65986748977e-9,4.05111152957e-11,3.4604423141e-14],"max":[0.00108354736585,0.03188521415,0.0385911762714,0.0813834369183,0.0589779615402,0.0303313806653,0.0418685935438,0.0341663733125,0.043829344213,0.0423371195793,0.0191758293658,0.0179818812758,0.031894441694,0.0152002237737,0.0364793017507,0.0406880602241,0.0157310385257,0.00572678353637,0.00966902263463,0.0563214980066,0.00955517962575,0.002506445162,0.00440294854343,0.00843317154795,0.00223595555872,0.0000748378515709,0.00000301707427752],"mean":[0.000026742085538,0.00204713735729,0.000909383816179,0.00141912116669,0.0015919188736,0.00143433560152,0.00137850898318,0.000763240095694,0.000797971151769,0.000430281594163,0.00031480618054,0.000188751902897,0.000352900271537,0.000291570206173,0.000236523992498,0.000193603438674,0.0001520717924,0.000122420562548,0.000146967402543,0.000341418664902,0.000224143455853,0.0000638564160909,0.0000937981967581,0.000121009870782,0.0000402331534133,0.00000213777298086,6.01729368555e-8],"median":[0.00000457759051642,0.000859154621139,0.000301466730889,0.000132898960146,0.000484190532006,0.000567058916204,0.000198153837118,0.0000382437647204,0.0000432420492871,0.0000182849380508,0.0000124593134387,0.00000867590460985,0.0000108670064947,0.00000902714964468,0.00000531986461283,0.00000639918107481,0.00000477983303426,0.00000668614939059,0.00000400695489589,0.0000055942164181,0.00000448550599685,0.00000158980765264,0.00000181324810455,0.00000146498871345,3.70099485281e-7,3.44340449487e-8,1.2264504079e-8],"min":[7.59182478852e-25,1.05625982409e-23,3.0862695914e-24,4.64857193215e-24,1.55096143973e-23,1.39302028468e-23,1.95687060737e-23,1.19419996309e-23,1.61466826871e-23,1.25509584401e-23,2.32622474952e-23,2.08914412183e-23,5.15911592581e-23,5.25696370814e-23,5.88705625876e-23,5.89364230069e-23,7.87194894098e-23,1.36104671089e-22,1.50693536504e-22,2.13149686476e-22,3.31966931522e-22,3.45454862658e-22,5.50805403219e-22,7.24179713112e-22,9.32072405273e-22,1.47961518076e-21,2.11826212642e-21],"var":[4.9787347578e-9,0.0000105656727101,0.00000320565391121,0.0000257612718997,0.0000104525151983,0.00000495576568937,0.00000916392946237,0.00000348422531715,0.00000578686695007,0.00000285876990347,0.00000119500793971,3.41643669799e-7,9.90487365016e-7,7.01863314134e-7,9.26068764784e-7,0.0000010717188843,4.33880273931e-7,6.89733283821e-8,1.41871169035e-7,0.00000128073509131,2.59893852217e-7,2.77358207512e-8,6.86195491539e-8,1.31394912728e-7,1.31494211075e-8,3.87478972519e-11,2.54130246848e-14]},"barkbands_crest":{"dmean":2.34369707108,"dmean2":3.78001642227,"dvar":5.23286008835,"dvar2":13.3346796036,"max":26.7580184937,"mean":11.9352035522,"median":11.1463470459,"min":2.12291836739,"var":24.6494636536},"barkbands_flatness_db":{"dmean":0.0206500217319,"dmean2":0.0306203700602,"dvar":0.000490610196721,"dvar2":0.0010266227182,"max":0.523456573486,"mean":0.207336530089,"median":0.207812160254,"min":0.0369163490832,"var":0.00715869432315},"barkbands_kurtosis":{"dmean":6.07897281647,"dmean2":9.43712234497,"dvar":286.188171387,"dvar2":618.560852051,"max":662.504821777,"mean":13.9014663696,"median":5.3060874939,"min":-1.93565440178,"var":1109.76123047},"barkbands_skewness":{"dmean":0.595917224884,"dmean2":0.918318867683,"dvar":0.610272586346,"dvar2":1.38284528255,"max":17.5951747894,"mean":2.0545759201,"median":1.69586777687,"min":-4.02597522736,"var":2.99703478813},"barkbands_spread":{"dmean":3.66037321091,"dmean2":5.51364088058,"dvar":39.8764839172,"dvar2":81.7089538574,"max":104.049156189,"mean":14.6935596466,"median":8.42326450348,"min":0.134242400527,"var":211.043548584},"dissonance":{"dmean":0.0250020325184,"dmean2":0.0411070547998,"dvar":0.000668376917019,"dvar2":0.00172860512976,"max":0.5,"mean":0.42992541194,"median":0.442887157202,"min":0.179543316364,"var":0.00282222009264},"dynamic_complexity":7.65607452393,"erbbands":{"dmean":[0.0206465981901,0.248705670238,0.613188385963,2.33681678772,2.54284286499,4.42273616791,4.84582853317,5.90105056763,7.38191175461,14.265124321,7.93154668808,9.40540790558,6.60254192352,6.51790046692,6.22341442108,3.60464644432,8.67660522461,6.03151702881,8.8043794632,4.26314926147,4.54629802704,3.67928528786,3.23975038528,2.02134203911,4.04342365265,6.54607439041,5.65170288086,2.01567673683,1.23426675797,1.23959004879,1.57011377811,1.51695179939,0.990025281906,0.381624996662,0.0842534229159,0.013014045544,0.00127888470888,0.000104099650343,0.00000920891307032,0.00000455065628557],"dmean2":[0.0332845598459,0.413412302732,1.01510834694,3.72999858856,3.9819149971,6.92288923264,7.76670408249,9.18626785278,11.4914894104,22.2127895355,12.4413032532,14.6366462708,9.98129749298,9.74714660645,9.76806735992,5.75573921204,13.9768877029,9.49260997772,13.9346828461,6.71792888641,6.8228225708,5.75436306,5.12301015854,3.16384077072,6.44318008423,10.0311737061,8.85884284973,3.04270911217,1.7212562561,1.71865034103,2.15253424644,1.98424589634,1.29255461693,0.486804753542,0.113919772208,0.0180610269308,0.00179125030991,0.000144061850733,0.0000125084861793,0.00000681258870827],"dvar":[0.00254862871952,0.30141544342,1.9277664423,81.7989120483,95.7813720703,141.265014648,106.633865356,147.731826782,366.251556396,1484.3692627,522.045593262,1108.20861816,758.950256348,463.067382812,539.38079834,188.956283569,956.683654785,332.680145264,957.102294922,253.007873535,615.846252441,294.140716553,73.4364852905,40.1852073669,147.479232788,545.777587891,470.589019775,36.7204627991,15.1221818924,20.4036369324,28.0634040833,27.7971496582,12.0626897812,1.43011116982,0.0569759681821,0.0015700646909,0.0000171492720256,1.25938200313e-7,8.2167100901e-10,9.16031001053e-11],"dvar2":[0.00636222818866,0.81986361742,5.17922639847,183.475143433,223.286087036,325.180236816,278.386566162,364.008850098,860.251953125,3561.88623047,1227.9206543,2597.14208984,1628.57324219,895.160583496,1305.6796875,455.615509033,2385.35717773,766.000305176,2236.10864258,570.262939453,764.898620605,634.938720703,164.044067383,90.6332397461,332.628723145,1086.43481445,924.920654297,85.0797424316,30.0860443115,44.0918006897,57.0689430237,51.6544685364,19.4991664886,2.61761164665,0.11143104732,0.00322854984552,0.0000375226336473,2.82397877527e-7,1.71339187283e-9,1.9401362461e-10],"max":[1.10392153263,8.55196857452,34.0875434875,152.259796143,191.977737427,316.943664551,189.965652466,267.460876465,714.021728516,811.104736328,606.979675293,1082.54370117,963.678833008,660.992248535,750.681884766,820.036254883,1758.91296387,605.702331543,1786.95397949,836.664367676,2782.18701172,1109.30529785,405.293823242,237.873687744,464.091430664,1579.61022949,1745.20617676,212.48677063,88.4603042603,126.025726318,129.839614868,271.497161865,230.871994019,56.3372955322,4.38785123825,0.730085670948,0.0845815837383,0.00861090235412,0.000616876233835,0.00016735913232],"mean":[0.035139400512,0.52714818716,1.18844127655,3.02745223045,3.64890360832,6.91768693924,9.22033214569,12.5407018661,15.0384197235,24.8133773804,15.1344661713,19.7332324982,14.1505775452,12.560590744,11.8131628036,7.971180439,16.9873733521,12.6687068939,17.4415798187,9.91679477692,9.47678089142,9.03758907318,7.69131469727,5.21065616608,10.1472454071,16.275220871,14.5261859894,4.85861110687,2.40169668198,2.09865140915,2.90309786797,2.70190191269,1.81332397461,0.704034030437,0.150558829308,0.0220820009708,0.00212273490615,0.000177153226105,0.0000231564827118,0.0000182825242518],"median":[0.00966526474804,0.229467362165,0.53222990036,0.438952386379,0.635218441486,1.846316576,3.86048126221,5.00665664673,3.20531129837,2.22140145302,0.982248783112,1.04211330414,0.980414390564,0.641893625259,0.590270161629,0.444939285517,0.62860751152,0.466205358505,0.475143790245,0.414329767227,0.326067984104,0.299897015095,0.367113947868,0.274254620075,0.205418795347,0.273865759373,0.27208507061,0.118772253394,0.0572149157524,0.0536705031991,0.0512741804123,0.0340816155076,0.0209926590323,0.00651843566447,0.00167282205075,0.000280439649941,0.0000509047240485,0.0000115609855129,0.00000528406644662,0.00000726707185095],"min":[1.73245252249e-22,5.66193719208e-22,3.27651753823e-21,9.05841853736e-21,3.5101451299e-20,4.26547185843e-20,8.45283201765e-20,1.36801688794e-19,3.08694550522e-19,3.16520945737e-19,2.85132801912e-19,3.86104335292e-19,4.24593540333e-19,4.57432636501e-19,1.18765889247e-18,1.42610166565e-18,2.15257583036e-18,2.03067918657e-18,3.62013899364e-18,3.28394859766e-18,3.73066024964e-18,4.67843428293e-18,7.56057141944e-18,8.20336933755e-18,7.56003292486e-18,1.022179922e-17,1.06024809728e-17,1.19206429097e-17,1.3286524069e-17,1.4067916926e-17,1.46161854709e-17,1.26415266777e-17,1.2177532948e-17,8.92643768949e-18,6.87256394495e-18,4.76217763455e-18,2.34667520866e-18,1.12008630143e-18,2.69204534488e-19,3.12931699199e-20],"var":[0.00472453795373,0.693624436855,3.70209240913,95.0323944092,115.373649597,229.001968384,213.998718262,392.267608643,1376.79907227,3575.72875977,1281.90661621,3898.82519531,2738.58935547,1388.85107422,1355.81164551,426.625823975,2533.69824219,876.284729004,3523.96850586,1260.28442383,3022.86914062,1797.24438477,282.961639404,153.400375366,546.174682617,1937.65429688,1770.52197266,107.883621216,36.8048324585,37.9251937866,65.219581604,71.7180633545,31.6920127869,4.17640972137,0.171726971865,0.0038734653499,0.0000361867205356,2.49202656732e-7,2.28148411274e-9,6.17027484662e-10]},"erbbands_crest":{"dmean":2.71248579025,"dmean2":4.23944807053,"dvar":7.4658780098,"dvar2":17.8236656189,"max":31.9605255127,"mean":12.3066110611,"median":11.2923946381,"min":2.07694649696,"var":34.5271835327},"erbbands_flatness_db":{"dmean":0.0185009669513,"dmean2":0.0264383200556,"dvar":0.0003826628963,"dvar2":0.000749296043068,"max":0.443333357573,"mean":0.204083621502,"median":0.200480133295,"min":0.0328515097499,"var":0.0036116016563},"erbbands_kurtosis":{"dmean":2.80671358109,"dmean2":4.25807094574,"dvar":34.9375267029,"dvar2":75.5872421265,"max":178.348007202,"mean":5.79731750488,"median":1.08997154236,"min":-1.90941047668,"var":158.932540894},"erbbands_skewness":{"dmean":0.473579347134,"dmean2":0.704169750214,"dvar":0.318151056767,"dvar2":0.669870257378,"max":10.501162529,"mean":1.41795527935,"median":1.08637034893,"min":-4.90841770172,"var":2.35316753387},"erbbands_spread":{"dmean":8.26975059509,"dmean2":12.0695295334,"dvar":158.499801636,"dvar2":312.632446289,"max":151.048675537,"mean":32.7258338928,"median":26.5042457581,"min":0.822110533714,"var":609.138427734},"gfcc":{"cov":[[22906.0742188,-1794.22412109,-4606.72753906,1629.89465332,-1714.04223633,1626.14367676,-83.2232284546,959.525817871,52.4044418335,218.113555908,195.707107544,-1187.83764648,17.3575439453],[-1794.22412109,1377.8293457,321.753479004,-367.286315918,450.020111084,-332.898773193,209.329406738,-205.761077881,72.7736282349,-46.1440925598,84.4214324951,80.8921661377,53.3236808777],[-4606.72753906,321.753479004,2178.43994141,215.83493042,358.280395508,-92.8547744751,-134.108169556,-119.222839355,-78.7374267578,-111.576248169,-118.473052979,234.062149048,-89.5230407715],[1629.89465332,-367.286315918,215.83493042,770.816650391,-70.6109542847,214.278671265,-74.7271499634,106.230194092,-7.78006458282,-59.0855178833,-41.5599517822,-122.017044067,-39.9986076355],[-1714.04223633,450.020111084,358.280395508,-70.6109542847,460.261688232,-118.866622925,86.4497909546,-63.5258865356,-14.6767120361,-13.8416242599,-11.5110969543,83.3704147339,26.5697517395],[1626.14367676,-332.898773193,-92.8547744751,214.278671265,-118.866622925,430.720428467,27.7109527588,116.48714447,-12.246963501,6.35442781448,2.93908596039,-106.850387573,-45.4341888428],[-83.2232284546,209.329406738,-134.108169556,-74.7271499634,86.4497909546,27.7109527588,219.355407715,4.58593225479,29.6427631378,19.9297389984,26.8210735321,-5.79675579071,13.8882608414],[959.525817871,-205.761077881,-119.222839355,106.230194092,-63.5258865356,116.48714447,4.58593225479,204.691390991,31.7428474426,20.6662349701,2.79371333122,-47.9030685425,15.1935472488],[52.4044418335,72.7736282349,-78.7374267578,-7.78006458282,-14.6767120361,-12.246963501,29.6427631378,31.7428474426,136.18397522,33.1474494934,36.2523117065,-2.11412620544,12.6303987503],[218.113555908,-46.1440925598,-111.576248169,-59.0855178833,-13.8416242599,6.35442781448,19.9297389984,20.6662349701,33.1474494934,131.696990967,39.3775100708,7.0304441452,15.4853057861],[195.707107544,84.4214324951,-118.473052979,-41.5599517822,-11.5110969543,2.93908596039,26.8210735321,2.79371333122,36.2523117065,39.3775100708,134.608596802,26.1943531036,27.1744327545],[-1187.83764648,80.8921661377,234.062149048,-122.017044067,83.3704147339,-106.850387573,-5.79675579071,-47.9030685425,-2.11412620544,7.0304441452,26.1943531036,179.181274414,54.1591453552],[17.3575439453,53.3236808777,-89.5230407715,-39.9986076355,26.5697517395,-45.4341888428,13.8882608414,15.1935472488,12.6303987503,15.4853057861,27.1744327545,54.1591453552,122.746574402]],"icov":[[0.000528637319803,-0.00119186658412,0.00119304144755,-0.00129485991783,0.00130308116786,-0.00137204909697,0.00116801564582,-0.00128421536647,0.00121714861598,-0.00111653364729,0.000579539337195,-0.000183362935786,0.0000962918638834],[-0.00119186658412,0.00504303909838,-0.0032349047251,0.00375555991195,-0.00436021015048,0.00414883904159,-0.00412568543106,0.00421530427411,-0.00402192631736,0.00396562507376,-0.00319272233173,0.00276855286211,-0.00133443484083],[0.00119304144755,-0.0032349047251,0.0036991564557,-0.003497377038,0.00266072177328,-0.00347626931034,0.00345263723284,-0.00308868568391,0.00299580045976,-0.00262107281014,0.00228868401609,-0.002537016524,0.00155896774959],[-0.00129485991783,0.00375555991195,-0.003497377038,0.00543140573427,-0.00367323658429,0.00307426718064,-0.00280984956771,0.00310057960451,-0.00366018083878,0.00391590315849,-0.00221279659308,0.00275972858071,-0.00120724644512],[0.00130308116786,-0.00436021015048,0.00266072177328,-0.00367323658429,0.00734831485897,-0.00329346721992,0.00199981266633,-0.00370921893045,0.0042061614804,-0.00365218403749,0.00270600174554,-0.00193030782975,0.000157222457347],[-0.00137204909697,0.00414883904159,-0.00347626931034,0.00307426718064,-0.00329346721992,0.00771946460009,-0.00478990003467,0.00239036255516,-0.00264965067618,0.00320949964225,-0.00299996277317,0.00254129245877,0.0000850360593176],[0.00116801564582,-0.00412568543106,0.00345263723284,-0.00280984956771,0.00199981266633,-0.00478990003467,0.0096408938989,-0.00350184831768,0.00227736192755,-0.00336778233759,0.00200713612139,-0.00161255302373,0.000824077636935],[-0.00128421536647,0.00421530427411,-0.00308868568391,0.00310057960451,-0.00370921893045,0.00239036255516,-0.00350184831768,0.0106332469732,-0.00517584150657,0.00275085074827,-0.00179378304165,0.00250348565169,-0.00264614913613],[0.00121714861598,-0.00402192631736,0.00299580045976,-0.00366018083878,0.0042061614804,-0.00264965067618,0.00227736192755,-0.00517584150657,0.0124073633924,-0.00478826649487,0.00047794659622,-0.0013719185954,0.000885967398062],[-0.00111653364729,0.00396562507376,-0.00262107281014,0.00391590315849,-0.00365218403749,0.00320949964225,-0.00336778233759,0.00275085074827,-0.00478826649487,0.012392340228,-0.00415744259953,0.00150394742377,-0.000995212583803],[0.000579539337195,-0.00319272233173,0.00228868401609,-0.00221279659308,0.00270600174554,-0.00299996277317,0.00200713612139,-0.00179378304165,0.00047794659622,-0.00415744259953,0.0117138260975,-0.00432270951569,0.000341267237673],[-0.000183362935786,0.00276855286211,-0.002537016524,0.00275972858071,-0.00193030782975,0.00254129245877,-0.00161255302373,0.00250348565169,-0.0013719185954,0.00150394742377,-0.00432270951569,0.0137229468673,-0.00604327954352],[0.0000962918638834,-0.00133443484083,0.00155896774959,-0.00120724644512,0.000157222457347,0.0000850360593176,0.000824077636935,-0.00264614913613,0.000885967398062,-0.000995212583803,0.000341267237673,-0.00604327954352,0.0123136034235]],"mean":[-135.959335327,124.444419861,-100.620857239,38.6682395935,-65.3513793945,1.12345147133,-37.9968757629,-2.64467310905,-18.4941921234,0.486964553595,-2.7258143425,-7.10690450668,-0.24282053113]},"hfc":{"dmean":2.65700149536,"dmean2":3.72195196152,"dvar":34.3039054871,"dvar2":63.8045654297,"max":270.055389404,"mean":11.8183355331,"median":2.25948238373,"min":1.12617636079e-16,"var":367.982971191},"melbands":{"dmean":[0.000230108067626,0.000309902330628,0.000411895889556,0.000215527135879,0.000184314631042,0.000133559675305,0.000114692134957,0.000145370184327,0.0000639105710434,0.0000568563773413,0.0000333013049385,0.0000284691905108,0.0000267861069005,0.00000942859333009,0.0000154923782247,0.0000182727890206,0.0000118073930935,0.0000160457893799,0.00000846692091727,0.00000590414629187,0.00000547977379028,0.0000036223468669,0.00000508025277668,0.00000240308145294,0.00000173749083388,0.00000282357564174,0.0000039358083086,0.00000519064997206,0.00000457766600448,0.00000221082518692,0.00000107054665932,7.42286260902e-7,6.91839261435e-7,7.55880307679e-7,9.18737100619e-7,0.00000101973637356,9.52319794578e-7,7.4230302971e-7,5.67018446418e-7,2.58133752595e-7],"dmean2":[0.000382372032618,0.000506120035425,0.000647511275019,0.000340431346558,0.00029120745603,0.000207687815418,0.000178194095497,0.000228374847211,0.0000987631938187,0.0000878206192283,0.0000507764889335,0.0000423598467023,0.0000418383096985,0.0000149707502715,0.0000250498997048,0.0000291632641165,0.0000187122041098,0.0000252725749306,0.0000137398374136,0.00000922981598706,0.00000828825432109,0.0000057027486946,0.00000807412561699,0.00000382393909604,0.00000276333162219,0.00000448225318905,0.0000061859213929,0.00000798109340394,0.00000719500576452,0.0000035213645333,0.00000162464255027,0.00000107154039597,0.0000010060044815,0.00000109389020508,0.00000130184980662,0.00000140603208365,0.00000129336865484,0.00000102947501546,7.51249785935e-7,3.46265011331e-7],"dvar":[2.75558051044e-7,4.38305278294e-7,0.00000252458812611,3.65073589137e-7,1.72727141035e-7,7.14311880756e-8,7.61466978361e-8,1.47377122062e-7,3.23549933512e-8,3.9586360856e-8,1.9848446442e-8,9.84717196673e-9,1.08729478754e-8,1.87415882813e-9,2.29129182294e-9,3.35146488339e-9,1.45482947911e-9,3.05207792373e-9,1.26595800509e-9,7.70891572799e-10,9.58685020258e-10,3.04745312318e-10,3.02509933769e-10,3.86538891173e-11,3.49350062767e-11,9.03742081171e-11,1.47181156152e-10,4.51430864912e-10,4.6199821746e-10,4.01141030115e-11,1.3278596972e-11,5.28548515719e-12,5.22422036187e-12,8.34795253757e-12,1.04378441654e-11,1.39159603979e-11,1.08230195639e-11,6.76106609934e-12,6.17561861024e-12,5.47039193458e-13],"dvar2":[7.51603352001e-7,0.000001166045422,0.00000549476862943,9.02354656773e-7,4.23884756628e-7,1.75503870992e-7,1.77810036917e-7,3.5796750808e-7,7.47920694266e-8,9.04253028011e-8,4.28696402821e-8,1.80841102093e-8,2.64289266028e-8,4.33186153614e-9,5.79001424583e-9,8.13621081619e-9,3.31592664438e-9,6.89450807556e-9,3.18498760699e-9,1.57775492671e-9,1.17799670019e-9,6.53862575195e-10,6.92150614601e-10,8.61748242209e-11,7.86695292243e-11,1.87636114979e-10,3.31381866392e-10,8.51770043386e-10,8.14679212979e-10,1.00380564971e-10,3.1142425444e-11,1.09604035917e-11,1.08600186136e-11,1.92503547825e-11,2.31386715344e-11,2.75175524728e-11,1.9747719085e-11,1.23245181421e-11,1.20962389411e-11,9.96513635498e-13],"max":[0.0082640228793,0.01371890679,0.026805229485,0.0102968802676,0.00954142864794,0.00547506986186,0.00955894775689,0.00820982828736,0.00412487331778,0.0067640482448,0.00545358750969,0.0032877586782,0.00307038542815,0.00228362414055,0.00220345356502,0.00274857855402,0.00137287459802,0.00232605542988,0.00229876860976,0.00221573212184,0.00332348863594,0.0013267082395,0.000665698375087,0.000322614505421,0.000202794020879,0.000602886255365,0.000468068436021,0.00159629213158,0.0020007211715,0.000174963701284,0.000141094889841,0.0000482499672216,0.0000565746777283,0.0000785728989285,0.0000842313893372,0.000168574915733,0.000153764078277,0.00013705524907,0.000176835339516,0.0000149696579683],"mean":[0.000450144638307,0.000685137638357,0.000564188230783,0.000342873972841,0.000350725458702,0.000284971989458,0.000234255552641,0.000251650286373,0.000119753276522,0.000117484400107,0.0000689361404511,0.0000522943082615,0.0000467817662866,0.0000197453737201,0.0000298121067317,0.0000347773348039,0.0000220755646296,0.0000301583277178,0.0000161163770827,0.0000127187158796,0.000010117736565,0.00000816475676402,0.0000101361765701,0.00000508631092089,0.0000037869906464,0.0000063723787207,0.00000865496713232,0.0000115375496534,0.0000104330438262,0.00000518411616213,0.00000203243553187,0.00000134839615384,0.00000115276327506,0.00000117287220291,0.0000015961624058,0.00000179507378562,0.00000162358969646,0.00000132245565965,9.8532609627e-7,4.66372313213e-7],"median":[0.000170046259882,0.000343163323123,0.0000849780335557,0.000091799069196,0.000146462291013,0.000118511605251,0.0000459569419036,0.0000175352761289,0.00000638970550426,0.00000596838299316,0.00000399169039156,0.00000234131175603,0.00000211473684431,8.24364974505e-7,0.00000129406771521,9.91623551272e-7,6.62277045649e-7,7.35140076813e-7,4.54032203834e-7,4.28497628491e-7,3.13032387567e-7,2.5643095114e-7,3.09649095698e-7,3.03936388946e-7,1.87432618759e-7,1.4464770004e-7,1.25400816842e-7,1.78963176722e-7,1.70500868535e-7,1.05897527192e-7,4.29718518546e-8,2.77158243023e-8,2.96603843708e-8,2.69634803374e-8,2.91257116203e-8,2.34990213954e-8,1.95679383808e-8,1.58195803124e-8,8.37914626572e-9,4.06206090986e-9],"min":[2.24533085023e-24,1.08603190797e-24,3.37038691831e-24,2.30132814158e-24,2.75271474598e-24,3.74326884644e-24,4.27269154373e-24,3.17330185406e-24,2.00118747196e-24,2.60314652114e-24,2.0639236076e-24,1.71144379185e-24,3.31003274818e-24,3.33348006086e-24,5.54164057409e-24,3.56959283511e-24,3.47660388376e-24,5.97042000267e-24,3.65900035796e-24,4.33765700029e-24,4.04050532464e-24,4.00181011951e-24,3.51981018997e-24,5.36689407852e-24,5.66418262154e-24,5.63519079998e-24,5.74259145122e-24,6.62569480777e-24,5.55132857487e-24,7.25335435359e-24,6.14490144098e-24,6.4707289994e-24,6.86415010448e-24,7.46320949818e-24,7.37388204472e-24,8.81345853344e-24,5.86093518093e-24,7.61010802051e-24,6.05236371806e-24,7.81657974068e-24],"var":[5.53638585643e-7,0.00000104072955764,0.00000313855161949,5.16068041634e-7,3.31245388452e-7,1.99322400363e-7,2.90156037863e-7,3.51937160303e-7,8.43624619051e-8,1.41897373851e-7,7.32202209974e-8,2.850805636e-8,2.49937777141e-8,6.0355986875e-9,5.6698867823e-9,9.09361741463e-9,3.46188833156e-9,1.02069979135e-8,3.48509376913e-9,4.74329331368e-9,3.92782251168e-9,1.94403293463e-9,9.59819890234e-10,1.13488142495e-10,1.07457862053e-10,3.23048365836e-10,4.14388884318e-10,1.40605493915e-9,1.51874479659e-9,1.27277882678e-10,2.56454059377e-11,1.19600596787e-11,1.08246970415e-11,1.31857918681e-11,2.07915351602e-11,2.9305315119e-11,2.78444420299e-11,1.60559343598e-11,1.18103330934e-11,1.76830479513e-12]},"melbands_crest":{"dmean":2.71656084061,"dmean2":4.39546298981,"dvar":7.69894886017,"dvar2":19.3703403473,"max":32.6375350952,"mean":14.6192102432,"median":13.8610687256,"min":1.56266248226,"var":27.5025405884},"melbands_flatness_db":{"dmean":0.0244894754142,"dmean2":0.035885438323,"dvar":0.000743203621823,"dvar2":0.00149437540676,"max":0.664365112782,"mean":0.282956629992,"median":0.285404920578,"min":0.0048879859969,"var":0.0128355538473},"melbands_kurtosis":{"dmean":9.67512798309,"dmean2":15.240029335,"dvar":453.923858643,"dvar2":1118.16638184,"max":732.647888184,"mean":21.5169734955,"median":11.1014118195,"min":-1.88575291634,"var":1062.79858398},"melbands_skewness":{"dmean":0.749867081642,"dmean2":1.15237748623,"dvar":0.962128698826,"dvar2":2.25736427307,"max":19.3518886566,"mean":2.69202375412,"median":2.31572079659,"min":-1.75022697449,"var":3.29826402664},"melbands_spread":{"dmean":3.92823433876,"dmean2":6.05815219879,"dvar":61.6498069763,"dvar2":123.223365784,"max":297.067443848,"mean":14.8678045273,"median":8.26109886169,"min":0.266465038061,"var":291.861022949},"mfcc":{"cov":[[23501.7226562,-2617.47314453,-3178.52587891,-481.777679443,-1141.49865723,-22.289981842,440.515411377,-86.7966995239,325.166656494,1249.09863281,83.5428543091,567.559448242,-244.666915894],[-2617.47314453,1747.13684082,8.18802070618,50.2265396118,85.1577606201,-0.309255987406,38.0069007874,-20.7193565369,-32.1680259705,-139.437210083,8.59376239777,-13.6344032288,35.8484764099],[-3178.52587891,8.18802070618,1523.48693848,311.020446777,431.884155273,121.512825012,-30.6403102875,105.831138611,-28.7433261871,-186.951599121,-28.3730564117,-77.1108016968,26.2388687134],[-481.777679443,50.2265396118,311.020446777,488.162536621,221.731002808,44.4193382263,15.7119941711,32.2265892029,23.2581481934,-38.2241172791,-56.877532959,9.23377418518,11.8833246231],[-1141.49865723,85.1577606201,431.884155273,221.731002808,382.911987305,51.7798461914,36.4069786072,51.312587738,12.0593605042,-51.7248764038,-53.2197036743,-23.2554664612,12.8402261734],[-22.289981842,-0.309255987406,121.512825012,44.4193382263,51.7798461914,210.633605957,77.2419281006,28.9749202728,8.00424480438,4.89138269424,21.7466411591,-7.71837472916,-9.79933547974],[440.515411377,38.0069007874,-30.6403102875,15.7119941711,36.4069786072,77.2419281006,197.334564209,47.179599762,26.5050449371,48.8371315002,0.635507106781,23.0203895569,-8.37244129181],[-86.7966995239,-20.7193565369,105.831138611,32.2265892029,51.312587738,28.9749202728,47.179599762,139.539733887,34.7435646057,3.10821270943,6.75583410263,-9.49710655212,-2.59941053391],[325.166656494,-32.1680259705,-28.7433261871,23.2581481934,12.0593605042,8.00424480438,26.5050449371,34.7435646057,137.908889771,53.1712913513,-6.80068635941,23.9109210968,11.6100912094],[1249.09863281,-139.437210083,-186.951599121,-38.2241172791,-51.7248764038,4.89138269424,48.8371315002,3.10821270943,53.1712913513,181.753738403,34.11769104,46.6723403931,-13.9923057556],[83.5428543091,8.59376239777,-28.3730564117,-56.877532959,-53.2197036743,21.7466411591,0.635507106781,6.75583410263,-6.80068635941,34.11769104,115.985855103,31.0280704498,-6.06170415878],[567.559448242,-13.6344032288,-77.1108016968,9.23377418518,-23.2554664612,-7.71837472916,23.0203895569,-9.49710655212,23.9109210968,46.6723403931,31.0280704498,118.135910034,38.4395980835],[-244.666915894,35.8484764099,26.2388687134,11.8833246231,12.8402261734,-9.79933547974,-8.37244129181,-2.59941053391,11.6100912094,-13.9923057556,-6.06170415878,38.4395980835,104.50453186]],"icov":[[0.000120319840789,0.000129344931338,0.00015008841001,-0.0000534828068339,0.000159388262546,-0.0000838093910716,-0.00008486022125,-0.0000565994196222,0.0000430409709224,-0.000448603037512,0.000266112620011,-0.000413176778238,0.000272640259936],[0.000129344931338,0.00079457386164,0.000283936678898,-0.000108342253952,-0.0000435598631157,0.0000273536188615,-0.000437526847236,0.000158962619025,-0.0000403325684601,0.000218031345867,-0.000145792073454,-0.000313135737088,0.0000885028566699],[0.00015008841001,0.000283936678898,0.00139874930028,-0.000290748110274,-0.000919989601243,-0.000521361303981,0.000285797839751,-0.000548048992641,0.000139166702866,0.000308208109345,-0.00025374875986,-0.000178792208317,0.0000861195439938],[-0.0000534828068339,-0.000108342253952,-0.000290748110274,0.00303576583974,-0.0014071741607,-0.000387990876334,0.000384536775528,-0.000113493035315,-0.000283174886135,0.000296902988339,0.00107915420085,-0.00101361144334,0.000310891715344],[0.000159388262546,-0.0000435598631157,-0.000919989601243,-0.0014071741607,0.00524611258879,-0.000216397238546,-0.000878201506566,-0.000552637095097,-0.0000128052879518,-0.000880085397512,0.00179638678674,-0.00027645539376,0.000119604243082],[-0.0000838093910716,0.0000273536188615,-0.000521361303981,-0.000387990876334,-0.000216397238546,0.00637553725392,-0.0026823177468,0.000373511080397,-0.000338033918524,0.000568579125684,-0.00215515145101,0.00148772925604,-0.000170315164723],[-0.00008486022125,-0.000437526847236,0.000285797839751,0.000384536775528,-0.000878201506566,-0.0026823177468,0.00766296172515,-0.0023440932855,0.000302689266391,-0.00147187430412,0.00146292930003,-0.00160548288841,0.000692622561473],[-0.0000565994196222,0.000158962619025,-0.000548048992641,-0.000113493035315,-0.000552637095097,0.000373511080397,-0.0023440932855,0.009332918562,-0.00250519695692,0.000822648231406,-0.00191200699192,0.00184249517042,-0.000289420451736],[0.0000430409709224,-0.0000403325684601,0.000139166702866,-0.000283174886135,-0.0000128052879518,-0.000338033918524,0.000302689266391,-0.00250519695692,0.00938848406076,-0.00310694309883,0.00182640994899,-0.00126076047309,-0.000845666625537],[-0.000448603037512,0.000218031345867,0.000308208109345,0.000296902988339,-0.000880085397512,0.000568579125684,-0.00147187430412,0.000822648231406,-0.00310694309883,0.0109345670789,-0.0032660511788,-0.000458597904071,0.000616240780801],[0.000266112620011,-0.000145792073454,-0.00025374875986,0.00107915420085,0.00179638678674,-0.00215515145101,0.00146292930003,-0.00191200699192,0.00182640994899,-0.0032660511788,0.0127304811031,-0.00489717675373,0.00216040574014],[-0.000413176778238,-0.000313135737088,-0.000178792208317,-0.00101361144334,-0.00027645539376,0.00148772925604,-0.00160548288841,0.00184249517042,-0.00126076047309,-0.000458597904071,-0.00489717675373,0.0146170360968,-0.0061910264194],[0.000272640259936,0.0000885028566699,0.0000861195439938,0.000310891715344,0.000119604243082,-0.000170315164723,0.000692622561473,-0.000289420451736,-0.000845666625537,0.000616240780801,0.00216040574014,-0.0061910264194,0.0127165615559]],"mean":[-774.099487305,137.734725952,25.7786998749,30.8386859894,2.62059020996,1.46100771427,-2.71850705147,-8.15941047668,-7.10927677155,1.5253816843,-7.39223241806,4.09684371948,-2.62837696075]},"pitch_salience":{"dmean":0.0618537329137,"dmean2":0.0993560552597,"dvar":0.003630427178,"dvar2":0.00921352859586,"max":0.849941909313,"mean":0.51981985569,"median":0.520616531372,"min":0.0523543842137,"var":0.015366718173},"silence_rate_20dB":{"dmean":0,"dmean2":0,"dvar":0,"dvar2":0,"max":1,"mean":1,"median":1,"min":1,"var":0},"silence_rate_30dB":{"dmean":0,"dmean2":0,"dvar":0,"dvar2":0,"max":1,"mean":1,"median":1,"min":1,"var":0},"silence_rate_60dB":{"dmean":0.0364278405905,"dmean2":0.0728624537587,"dvar":0.0350924395025,"dvar2":0.0770335793495,"max":1,"mean":0.346682786942,"median":0,"min":0,"var":0.226500228047},"spectral_centroid":{"dmean":161.201095581,"dmean2":247.42590332,"dvar":71266.890625,"dvar2":150079.375,"max":11578.7470703,"mean":944.112365723,"median":588.020141602,"min":126.293205261,"var":661217.8125},"spectral_complexity":{"dmean":1.83663225174,"dmean2":2.91691446304,"dvar":8.00209236145,"dvar2":17.5492458344,"max":59,"mean":12.2137145996,"median":6,"min":0,"var":175.193313599},"spectral_contrast_coeffs":{"dmean":[0.0433213785291,0.0435751564801,0.0333733595908,0.0268324911594,0.0193548295647,0.0164881870151],"dmean2":[0.0703722760081,0.070258282125,0.0531776361167,0.0425006225705,0.0304228942841,0.0251468438655],"dvar":[0.00149430159945,0.00138529483229,0.00087736255955,0.000572578515857,0.00032421189826,0.000273383106105],"dvar2":[0.00371682480909,0.00351747800596,0.0021101848688,0.001329731429,0.00072549120523,0.000597435922828],"max":[-0.357373356819,-0.381418228149,-0.451965510845,-0.505336403847,-0.557927072048,-0.595798611641],"mean":[-0.654209792614,-0.672180950642,-0.756240844727,-0.782821118832,-0.805542349815,-0.78690546751],"median":[-0.659557163715,-0.678184151649,-0.766894102097,-0.793950676918,-0.809719562531,-0.792988181114],"min":[-0.969939291477,-0.971018433571,-0.970535516739,-0.969824671745,-0.964162945747,-0.963102638721],"var":[0.006188637577,0.00748242624104,0.0062254355289,0.00476399669424,0.00287434551865,0.00295870401897]},"spectral_contrast_valleys":{"dmean":[0.371967256069,0.353050321341,0.320277988911,0.28857755661,0.254591196775,0.305003255606],"dmean2":[0.614037573338,0.575010240078,0.512311458588,0.454029649496,0.371705681086,0.374069720507],"dvar":[0.114774815738,0.117215000093,0.107430130243,0.10593932122,0.108796410263,0.183347225189],"dvar2":[0.281346738338,0.276967227459,0.249902769923,0.229240626097,0.213105797768,0.269708633423],"max":[-5.5531001091,-4.76828956604,-5.69035100937,-5.85857534409,-5.63186693192,-7.69181060791],"mean":[-8.15959644318,-7.88484525681,-8.97818088531,-9.38003158569,-9.12685012817,-11.585896492],"median":[-7.89461565018,-7.83437252045,-9.05583190918,-9.49514198303,-9.22871208191,-11.7975702286],"min":[-28.1603755951,-27.675037384,-27.5097732544,-27.5430469513,-27.3957901001,-27.4339809418],"var":[2.32086443901,2.79588198662,2.89284706116,3.48670125008,3.70272612572,3.58578872681]},"spectral_decrease":{"dmean":8.90266915743e-10,"dmean2":1.38538369665e-9,"dvar":3.16022078279e-18,"dvar2":7.37081618692e-18,"max":8.05023188944e-29,"mean":-3.34186345263e-9,"median":-1.54276058595e-9,"min":-3.28009335249e-8,"var":1.79586320746e-17},"spectral_energy":{"dmean":0.00352043588646,"dmean2":0.00545241264626,"dvar":0.0000491358005092,"dvar2":0.000113113725092,"max":0.129858717322,"mean":0.0136848837137,"median":0.00613780226558,"min":1.0307274662e-20,"var":0.000307187467115},"spectral_energyband_high":{"dmean":0.000273761368589,"dmean2":0.000371222384274,"dvar":6.66774667479e-7,"dvar2":0.00000114828719688,"max":0.0582906119525,"mean":0.000764374912251,"median":0.000019144914404,"min":7.14856109276e-21,"var":0.00000311769963446},"spectral_energyband_low":{"dmean":0.00170901056845,"dmean2":0.00278798071668,"dvar":0.0000150350015247,"dvar2":0.0000380717974622,"max":0.0618587695062,"mean":0.00366411660798,"median":0.00165564171039,"min":1.82217087231e-23,"var":0.0000316741861752},"spectral_energyband_middle_high":{"dmean":0.000661364290863,"dmean2":0.00100701011252,"dvar":0.00000248642027145,"dvar2":0.00000553793961444,"max":0.0450719408691,"mean":0.00251240516081,"median":0.000169321137946,"min":1.40718568325e-21,"var":0.0000214174178836},"spectral_energyband_middle_low":{"dmean":0.00273334467784,"dmean2":0.00414361711591,"dvar":0.0000361053898814,"dvar2":0.0000811311547295,"max":0.113767728209,"mean":0.00748771429062,"median":0.00314635690302,"min":2.24419340746e-22,"var":0.000117081886856},"spectral_entropy":{"dmean":0.207784950733,"dmean2":0.294794857502,"dvar":0.0626354590058,"dvar2":0.115346983075,"max":9.82140541077,"mean":6.85640954971,"median":6.82968616486,"min":3.95649051666,"var":0.763300657272},"spectral_flux":{"dmean":0.0131791653112,"dmean2":0.0208615846932,"dvar":0.000339324935339,"dvar2":0.000835781916976,"max":0.262253791094,"mean":0.0455617271364,"median":0.0302010141313,"min":6.61965968152e-11,"var":0.001928742975},"spectral_kurtosis":{"dmean":3.21890497208,"dmean2":5.31245946884,"dvar":16.9048519135,"dvar2":43.38230896,"max":75.5893173218,"mean":8.54637622833,"median":5.03790044785,"min":-1.37415599823,"var":84.0348968506},"spectral_rms":{"dmean":0.000395799754187,"dmean2":0.00059974915348,"dvar":3.00408316889e-7,"dvar2":6.65146046686e-7,"max":0.0112557290122,"mean":0.00296614156105,"median":0.00244705937803,"min":3.1711003181e-12,"var":0.00000455313465864},"spectral_rolloff":{"dmean":308.766052246,"dmean2":526.232971191,"dvar":600969.875,"dvar2":1389798.75,"max":19487.5488281,"mean":1012.57946777,"median":473.73046875,"min":86.1328125,"var":1901103.625},"spectral_skewness":{"dmean":0.344269603491,"dmean2":0.53895932436,"dvar":0.144843369722,"dvar2":0.325381338596,"max":7.27153778076,"mean":2.03625679016,"median":1.78571939468,"min":-0.278393983841,"var":1.32396399975},"spectral_spread":{"dmean":569997.0625,"dmean2":778495.25,"dvar":589499072512,"dvar2":985564577792,"max":41984844,"mean":4161773.5,"median":3595779,"min":1411814.25,"var":5029618515970},"spectral_strongpeak":{"dmean":0.339028984308,"dmean2":0.570500552654,"dvar":0.66256582737,"dvar2":1.53191530704,"max":36.6437454224,"mean":0.67677295208,"median":0.286249041557,"min":0,"var":1.54617750645},"zerocrossingrate":{"dmean":0.007159370929,"dmean2":0.00827114842832,"dvar":0.000135360620334,"dvar2":0.000169945473317,"max":0.51416015625,"mean":0.0428853146732,"median":0.029296875,"min":0.00341796875,"var":0.00149461638648}},"metadata":{"audio_properties":{"analysis_sample_rate":44100,"bit_rate":0,"codec":"flac","downmix":"mix","equal_loudness":0,"length":249.866668701,"lossless":true,"md5_encoded":"394f43d930c00ea812ce48520a7fd520","replay_gain":-9.34323883057},"tags":{"album":["Queen"],"albumartist":["Queen"],"albumartistsort":["Queen"],"artist":["Queen"],"artistsort":["Queen"],"asin":["B000026GM3"],"barcode":["077778927624"],"catalognumber":["CDPCSD 139"],"composer":["Brian May"],"date":["1994-04-05"],"file_name":"02 Doing All Right.flac","format":["CD"],"label":["Parlophone"],"language":["eng"],"musicbrainz_albumartistid":["0383dadf-2a4e-4d10-a46a-e9e041da8eb3"],"musicbrainz_albumid":["bb19abaf-80b3-4a3e-846d-5f12b12af827"],"musicbrainz_artistid":["0383dadf-2a4e-4d10-a46a-e9e041da8eb3"],"musicbrainz_recordingid":["3a8c5730-994a-47d1-9af8-53d33119f5cc"],"releasecountry":["GB"],"releasestatus":["official"],"releasetype":["album"],"replaygain_album_gain":["-4.29 dB"],"replaygain_album_peak":["0.95501709"],"replaygain_reference_loudness":["89.0 dB"],"replaygain_track_gain":["-4.08 dB"],"replaygain_track_peak":["0.95501709"],"script":["Latn"],"title":["Doing All Right"],"totaltracks":["10"],"tracknumber":["2"],"tracktotal":["10"]},"version":{"essentia":"2.1-beta1","essentia_build_sha":"d95b123ab7c93145a6f110a2dd6bea92b4529a00","essentia_git_sha":"v2.1_beta1-6-g5578087-dirty","extractor":"music 1.0"}},"rhythm":{"beats_count":584,"beats_loudness":{"dmean":0.0094143608585,"dmean2":0.0173489525914,"dvar":0.000139092415338,"dvar2":0.0004445114173,"max":0.0947185084224,"mean":0.0196953490376,"median":0.00936641171575,"min":1.83766545092e-7,"var":0.000558058498427},"beats_loudness_band_ratio":{"dmean":[0.19341391325,0.170667171478,0.125971496105,0.0451832711697,0.0300860162824,0.0446622446179],"dmean2":[0.33868637681,0.28859987855,0.21586535871,0.0814571082592,0.0531621612608,0.0828267112374],"dvar":[0.0300