{"lowlevel":{"average_loudness":0.898249328136,"barkbands":{"dmean":[0.00595628842711,0.0143392691389,0.0032379461918,0.00143811630551,0.00239105895162,0.00123914016876,0.00108706706669,0.00060097919777,0.000630137044936,0.000490655191243,0.000440596719272,0.000667605374474,0.000659740355331,0.000466201745439,0.000349142763298,0.000236158346524,0.00033151122625,0.000262001034571,0.000267687690211,0.000189152051462,0.0000792149003246,0.0000311831790896,0.0000170720504684,0.00000582828533879,0.00000264148661699,0.000013581749954,0.000347086373949],"dmean2":[0.00912985578179,0.0232032369822,0.00566611858085,0.00248183915392,0.0040137511678,0.00205210223794,0.00180317088962,0.000981401884928,0.00103869312443,0.000810111523606,0.00072613847442,0.00108205212746,0.00108361162711,0.000770560000092,0.000575419748202,0.00038113509072,0.00053680583369,0.000416035880335,0.000418107694713,0.000294555095024,0.000120188436995,0.000045140786824,0.0000240793924604,0.00000894670029083,0.00000437046446677,0.0000189066286111,0.000500066205859],"dvar":[0.000146829072037,0.00069529004395,0.0000233752343775,0.00000492443950861,0.0000159762730618,0.00000387284126191,0.00000537909954801,0.00000142728936225,0.00000146305421822,7.30758245027e-7,7.03834018623e-7,0.00000117843569569,9.81406628853e-7,4.6524382924e-7,2.77101435131e-7,2.30253462519e-7,2.42927171712e-7,1.47042825915e-7,1.67463724665e-7,9.01180428059e-8,1.27501502689e-8,2.46077891397e-9,1.57640500653e-9,1.66585384376e-10,2.06540704678e-11,1.04974051673e-9,1.70229768059e-7],"dvar2":[0.000327674846631,0.00180676789023,0.0000662155071041,0.0000145382882693,0.000040772385546,0.0000101318246379,0.0000144342084241,0.00000361885508937,0.00000385838666261,0.0000018656244265,0.00000176522303263,0.00000304317791233,0.00000254493374996,0.00000121131199649,7.10137157967e-7,5.87544548125e-7,6.17717887508e-7,3.54535927727e-7,3.91028834201e-7,2.11777987147e-7,2.87941990251e-8,4.84241846621e-9,2.84266210571e-9,3.59420299079e-10,5.23709617339e-11,1.85592097246e-9,3.64745631032e-7],"max":[0.168719664216,0.298547118902,0.0604068040848,0.0248479507864,0.0500628948212,0.0272462219,0.0889530181885,0.0261507164687,0.0257089342922,0.0176289789379,0.0188604090363,0.0185464806855,0.0187300946563,0.00974878575653,0.0123030440882,0.0217819213867,0.0102829448879,0.00835641659796,0.00803776551038,0.00532031385228,0.00252618337981,0.000864684581757,0.000792301609181,0.000252115656622,0.0000611396244494,0.000690148794092,0.00788710638881],"mean":[0.00708247441798,0.0180488545448,0.00369010306895,0.00167905248236,0.00311046396382,0.00177934009116,0.00141771207564,0.000792528910097,0.000860985019244,0.00069705513306,0.000636391399894,0.00107424356975,0.00103784864768,0.000759201007895,0.000648057961371,0.000439781404566,0.000678307202179,0.000550553377252,0.000587443821132,0.000434713816503,0.000187819910934,0.0000713141344022,0.0000311498333758,0.00000760192642701,0.00000272890474662,0.0000245200153586,0.00127819285262],"median":[0.00151413795538,0.00906194467098,0.00194579875097,0.000882743508555,0.00176165811718,0.000890721217729,0.000687841908075,0.000328725145664,0.000432817381807,0.000369932851754,0.000315550831147,0.000630623544566,0.000658086035401,0.000481727853185,0.000431949913036,0.000289326708298,0.000467949779704,0.000350307149347,0.000378209137125,0.000279995321762,0.000126318831462,0.0000489655722049,0.0000145374870044,0.00000304047853206,0.00000104763967101,0.0000113856840471,0.00109059456736],"min":[1.47980839489e-23,7.28854780516e-24,5.6301431946e-23,1.08696189609e-23,7.54170273597e-23,2.55892783028e-23,9.22543735466e-23,5.17009623852e-23,3.08666630955e-23,5.81954428032e-23,7.4027824373e-23,6.66708823273e-23,1.376732926e-22,1.29429948576e-22,2.56593682787e-22,2.17545093222e-22,1.22738590564e-22,3.46963417144e-22,2.96883522898e-22,3.99995266763e-22,4.30545893247e-22,4.68958092942e-22,6.16775127042e-22,7.40624421139e-22,1.34239276319e-21,1.54581083435e-21,2.61018821385e-21],"var":[0.000198851150344,0.000725833117031,0.0000246175113716,0.00000526972189618,0.0000183840202226,0.00000621891695118,0.00000580448704568,0.00000210313578464,0.00000184231464573,0.00000103282604869,0.00000105611229628,0.00000200756994673,0.00000157606473294,7.89534738033e-7,5.30101033291e-7,3.41914073942e-7,6.10815732216e-7,4.04123937869e-7,4.50117994433e-7,2.57012175098e-7,4.21746300105e-8,6.52989884387e-9,3.28346017042e-9,2.52972448544e-10,2.15946774351e-11,2.16896078875e-9,9.97641905087e-7]},"barkbands_crest":{"dmean":3.44963097572,"dmean2":5.55997562408,"dvar":8.70282554626,"dvar2":21.611825943,"max":25.5692119598,"mean":10.1440982819,"median":9.33380031586,"min":2.5198738575,"var":19.7382659912},"barkbands_flatness_db":{"dmean":0.0265062153339,"dmean2":0.0407051481307,"dvar":0.000617493351456,"dvar2":0.00139372830745,"max":0.351568520069,"mean":0.120760120451,"median":0.114237442613,"min":0.0290096029639,"var":0.00161888310686},"barkbands_kurtosis":{"dmean":4.41534757614,"dmean2":7.07492160797,"dvar":80.2019271851,"dvar2":204.862289429,"max":168.803329468,"mean":5.10897874832,"median":2.64616084099,"min":-1.67415165901,"var":81.9712219238},"barkbands_skewness":{"dmean":0.737680912018,"dmean2":1.12175881863,"dvar":0.711216688156,"dvar2":1.61769342422,"max":10.8872451782,"mean":1.85178422928,"median":1.66168618202,"min":-3.85924744606,"var":1.48236978054},"barkbands_spread":{"dmean":9.98265457153,"dmean2":15.2153606415,"dvar":88.6562042236,"dvar2":189.487884521,"max":103.981498718,"mean":35.3293075562,"median":34.0716781616,"min":1.54898035526,"var":270.211669922},"dissonance":{"dmean":0.0117969587445,"dmean2":0.0202147644013,"dvar":0.000177045192686,"dvar2":0.00049145531375,"max":0.500000119209,"mean":0.483163744211,"median":0.487293362617,"min":0.311808884144,"var":0.000240446373937},"dynamic_complexity":2.87934923172,"erbbands":{"dmean":[0.674650788307,2.46156430244,3.7158908844,3.92844867706,6.51881837845,8.96266937256,8.46510505676,12.1457366943,15.0756788254,15.2366924286,12.6167144775,14.1983966827,15.3604717255,13.8659448624,20.1714267731,25.666639328,30.4403762817,19.191701889,20.1597576141,16.0042877197,13.3932981491,18.3008499146,13.9566440582,13.7333154678,11.9757461548,9.19876861572,4.55328273773,2.36352348328,1.17778885365,0.800497293472,0.441686421633,0.203771233559,0.0577623136342,0.0299486629665,0.0188214220107,0.0133148860186,0.0300082210451,0.0314802378416,0.0291060060263,0.0082392655313],"dmean2":[1.09573495388,4.07381105423,6.467233181,6.74176311493,11.1324901581,15.1000738144,14.1187181473,20.076581955,25.0225391388,24.8061847687,20.7636089325,23.3831558228,25.2501964569,22.654302597,32.9276161194,41.3295478821,49.7653656006,30.6960754395,32.881275177,26.1803073883,21.4626579285,29.5769252777,21.8479747772,21.5670681,18.6360530853,14.2879304886,6.9646987915,3.58165311813,1.72313296795,1.14301002026,0.620501279831,0.299481838942,0.0930668413639,0.0494547449052,0.0310564786196,0.0214049424976,0.0419226773083,0.0414760001004,0.0411296673119,0.0118255065754],"dvar":[1.82534003258,16.9506320953,28.5836048126,32.2201347351,109.196640015,258.202148438,216.87890625,416.97555542,769.507080078,1233.34020996,622.235961914,814.478515625,782.38861084,651.624328613,1249.28649902,1683.06738281,2229.72314453,883.340759277,813.422668457,697.189331055,725.862182617,748.552490234,386.922119141,466.108337402,376.467590332,235.892288208,44.3915786743,12.1514463425,3.02345848083,2.80671930313,1.12480306625,0.253791719675,0.0131699265912,0.00264782761224,0.0010284956079,0.000534005404916,0.00600035488605,0.00403081672266,0.0015536347637,0.0000907394423848],"dvar2":[4.74013280869,45.2167015076,80.3173294067,93.5708618164,294.449523926,663.075683594,566.74609375,1093.78381348,2037.49511719,3261.80932617,1597.00488281,2158.34204102,2077.29785156,1618.09204102,3153.11669922,4351.79443359,5751.30322266,2222.06665039,2110.73779297,1707.59020996,1810.86535645,1913.98742676,933.214660645,1136.1105957,853.235961914,553.68359375,96.9835128784,27.9580020905,6.21362781525,5.46525621414,2.03037571907,0.495279937983,0.0305636674166,0.00670947460458,0.00260732532479,0.00126482208725,0.0108943972737,0.00677160639316,0.00325058144517,0.000189840357052],"max":[14.0115270615,47.2114715576,60.3203773499,75.628578186,164.410766602,223.716445923,255.992156982,313.351013184,664.516723633,1252.14648438,568.734191895,491.298400879,580.827026367,663.731018066,780.584472656,782.708435059,982.409667969,531.716796875,585.228881836,905.653869629,1251.88110352,566.493408203,430.22277832,385.32220459,422.840240479,290.810577393,157.457443237,101.709159851,30.3003921509,35.834903717,21.714258194,9.52934074402,2.30121660233,0.696134626865,0.430429190397,0.398620456457,1.49115693569,1.3176612854,0.773075640202,0.174308568239],"mean":[0.80203551054,2.9946269989,4.52727079391,5.0430932045,7.92563676834,10.6832284927,11.0447416306,16.9289302826,20.3780117035,20.0190582275,17.7514915466,19.4312591553,22.1566848755,21.5540142059,32.7009124756,43.8204460144,49.6814804077,34.8478279114,38.4394607544,31.0711612701,27.3582897186,38.964466095,31.3617115021,30.0893764496,27.3205108643,20.9960651398,10.8415956497,5.53924131393,2.78989624977,1.60466122627,0.790803909302,0.308601856232,0.0639513134956,0.0311564020813,0.0198208726943,0.0157628953457,0.0527790598571,0.0814764872193,0.0951964557171,0.0335588976741],"median":[0.323382049799,1.51630222797,2.63248252869,3.09435749054,4.34569406509,5.32305383682,5.82295513153,7.76724433899,10.4464435577,8.2679977417,8.48263549805,9.80847263336,12.0892696381,11.9390716553,17.9950141907,27.278629303,31.9073410034,23.2337837219,26.6227264404,21.0868682861,19.1116333008,26.9843826294,20.7276611328,19.5601768494,17.374994278,13.3445386887,7.06051254272,3.82093381882,1.99288523197,0.90796983242,0.354723036289,0.123779661953,0.0237879473716,0.0121633801609,0.00799574516714,0.00713575072587,0.023487444967,0.0521690323949,0.0723738521338,0.0293652433902],"min":[1.89617637507e-22,2.61294420356e-21,4.33135065499e-20,7.32066215843e-20,1.065977768e-19,3.34077621594e-19,1.84139671362e-19,2.71436138534e-19,1.00045116944e-18,1.52285067465e-18,1.06664836591e-18,5.9669464478e-19,9.77548916423e-19,2.26796421709e-18,3.41895688134e-18,2.45595507336e-18,6.65142465281e-18,6.95743019425e-18,9.68639746956e-18,1.6323458131e-17,8.67708740255e-18,8.54647889255e-18,1.7707996349e-17,1.82333354474e-17,1.3052886905e-17,1.99116534774e-17,2.02241325343e-17,1.40605566729e-17,1.65370130041e-17,1.94847935397e-17,1.73603670792e-17,1.35373756888e-17,1.55038081708e-17,1.3887048922e-17,9.79691045376e-18,5.01311652185e-18,2.95047466282e-18,1.65789700863e-18,3.59924870236e-19,3.57391267719e-20],"var":[1.81480717659,17.710735321,32.2466239929,36.9121017456,116.704086304,281.921783447,268.873779297,656.506469727,956.708312988,1435.27709961,876.122497559,991.215881348,1032.96435547,981.095703125,2163.59423828,2953.89941406,3556.85302734,1533.69396973,1710.95861816,1316.88562012,1162.09997559,1961.49438477,1231.59094238,1142.30090332,1060.62963867,636.713500977,152.522979736,35.5665550232,8.59641647339,5.89285230637,2.32737970352,0.455417245626,0.0155523819849,0.00276995543391,0.00108613644261,0.000650678761303,0.0117045016959,0.0109890606254,0.00802993867546,0.000602306274232]},"erbbands_crest":{"dmean":2.19649386406,"dmean2":3.66835641861,"dvar":4.99214315414,"dvar2":12.7266654968,"max":34.5365562439,"mean":6.98705530167,"median":6.0393705368,"min":2.08690214157,"var":11.5565013885},"erbbands_flatness_db":{"dmean":0.0186791494489,"dmean2":0.028134200722,"dvar":0.000310810166411,"dvar2":0.000640795624349,"max":0.401592820883,"mean":0.139350682497,"median":0.133184045553,"min":0.0428230427206,"var":0.00154597288929},"erbbands_kurtosis":{"dmean":0.976440966129,"dmean2":1.55409896374,"dvar":4.65988922119,"dvar2":10.015914917,"max":139.28314209,"mean":0.556071519852,"median":-0.0657600164413,"min":-1.63259840012,"var":12.273560524},"erbbands_skewness":{"dmean":0.349728554487,"dmean2":0.536690473557,"dvar":0.127724140882,"dvar2":0.290928930044,"max":3.85692238808,"mean":-0.302768975496,"median":-0.325213968754,"min":-4.39461755753,"var":0.455165535212},"erbbands_spread":{"dmean":7.52598905563,"dmean2":11.7261991501,"dvar":53.3124237061,"dvar2":120.623687744,"max":109.314605713,"mean":33.0482635498,"median":32.3287734985,"min":0.478527218103,"var":163.789520264},"gfcc":{"cov":[[9112.41601562,24.2702789307,-2.40835309029,638.128601074,399.192321777,-288.34954834,80.5817108154,-122.459312439,332.262664795,-84.4132385254,-97.5748443604,106.563194275,-83.6824035645],[24.2702789307,688.19152832,-0.809510588646,-202.206604004,69.5460510254,-28.1006660461,16.1591510773,-50.3098907471,-7.61913490295,-5.80308675766,27.1927127838,-64.0100784302,62.4648666382],[-2.40835309029,-0.809510588646,328.03692627,144.745727539,-41.5952072144,126.996238708,-80.5597991943,86.3556289673,-15.1151504517,19.2972412109,-23.4507484436,8.65086841583,-1.57973718643],[638.128601074,-202.206604004,144.745727539,416.386108398,167.654922485,-35.0754470825,56.1060905457,19.6248264313,68.3444442749,-8.63898181915,-28.8563461304,46.8898506165,-32.5904159546],[399.192321777,69.5460510254,-41.5952072144,167.654922485,285.907196045,-12.1979341507,56.2439155579,-16.2247066498,49.0157546997,-9.44452190399,9.29076862335,-1.44210350513,39.1861953735],[-288.34954834,-28.1006660461,126.996238708,-35.0754470825,-12.1979341507,239.717285156,-36.0140800476,84.1787490845,-44.0724258423,21.1900577545,2.36192035675,-3.96132254601,22.9747524261],[80.5817108154,16.1591510773,-80.5597991943,56.1060905457,56.2439155579,-36.0140800476,189.05255127,-29.5040378571,48.7518806458,-11.4026203156,5.77617788315,28.5050258636,-36.328754425],[-122.459312439,-50.3098907471,86.3556289673,19.6248264313,-16.2247066498,84.1787490845,-29.5040378571,155.063049316,2.83257818222,37.7469711304,10.9464664459,-26.9506587982,34.6724662781],[332.262664795,-7.61913490295,-15.1151504517,68.3444442749,49.0157546997,-44.0724258423,48.7518806458,2.83257818222,125.222114563,31.2441883087,-1.0081692934,26.187330246,-29.5502948761],[-84.4132385254,-5.80308675766,19.2972412109,-8.63898181915,-9.44452190399,21.1900577545,-11.4026203156,37.7469711304,31.2441883087,80.8878555298,43.6076087952,-3.27232503891,11.0855054855],[-97.5748443604,27.1927127838,-23.4507484436,-28.8563461304,9.29076862335,2.36192035675,5.77617788315,10.9464664459,-1.0081692934,43.6076087952,73.6324996948,19.7020072937,20.8969898224],[106.563194275,-64.0100784302,8.65086841583,46.8898506165,-1.44210350513,-3.96132254601,28.5050258636,-26.9506587982,26.187330246,-3.27232503891,19.7020072937,82.7132720947,-3.1066262722],[-83.6824035645,62.4648666382,-1.57973718643,-32.5904159546,39.1861953735,22.9747524261,-36.328754425,34.6724662781,-29.5502948761,11.0855054855,20.8969898224,-3.1066262722,91.9474639893]],"icov":[[0.000144723730045,-0.000159466828336,0.000271777127637,-0.000421433534939,0.000139705225592,-0.000101664838439,0.000252916011959,0.0000206662698474,-0.000365237472579,0.00023365940433,0.00000580945743422,-0.0000585738089285,0.00000449010030934],[-0.000159466828336,0.00517769390717,-0.00703304400668,0.00671915709972,-0.00384537968785,0.00298391818069,-0.0036076924298,0.00309408549219,-0.00256511452608,0.0031674108468,-0.00390231981874,0.00521129183471,-0.00324409431778],[0.000271777127637,-0.00703304400668,0.0178584381938,-0.0146306855604,0.00930925179273,-0.00872214138508,0.00781900435686,-0.00401154905558,0.00212725275196,-0.00380419939756,0.00496966857463,-0.00552680762485,0.0027864179574],[-0.000421433534939,0.00671915709972,-0.0146306855604,0.0192701946944,-0.0141817135736,0.0101782502607,-0.00629216525704,-0.0017957331147,0.00318724173121,-0.00259948917665,0.00357968150638,-0.00365246413276,0.00372324534692],[0.000139705225592,-0.00384537968785,0.00930925179273,-0.0141817135736,0.0167942084372,-0.0090908408165,0.002272663638,0.00519647449255,-0.00884228385985,0.00804048590362,-0.00843684747815,0.00944226980209,-0.00964930653572],[-0.000101664838439,0.00298391818069,-0.00872214138508,0.0101782502607,-0.0090908408165,0.0125582031906,-0.00322689278983,-0.0050448840484,0.00691496860236,-0.00571535248309,0.0056692417711,-0.00611751526594,0.0041182488203],[0.000252916011959,-0.0036076924298,0.00781900435686,-0.00629216525704,0.002272663638,-0.00322689278983,0.0108405575156,-0.00256509287283,-0.000503510003909,0.000179915878107,0.00076986476779,-0.00487858522683,0.00515002012253],[0.0000206662698474,0.00309408549219,-0.00401154905558,-0.0017957331147,0.00519647449255,-0.0050448840484,-0.00256509287283,0.0176804158837,-0.0106699932367,0.00665439292789,-0.0108040934429,0.0160387381911,-0.0126573136076],[-0.000365237472579,-0.00256511452608,0.00212725275196,0.00318724173121,-0.00884228385985,0.00691496860236,-0.000503510003909,-0.0106699932367,0.0272742230445,-0.0229107607156,0.0201549101621,-0.0204602889717,0.0146973896772],[0.00023365940433,0.0031674108468,-0.00380419939756,-0.00259948917665,0.00804048590362,-0.00571535248309,0.000179915878107,0.00665439292789,-0.0229107607156,0.0417433418334,-0.0326192378998,0.0222337786108,-0.0115939248353],[0.00000580945743422,-0.00390231981874,0.00496966857463,0.00357968150638,-0.00843684747815,0.0056692417711,0.00076986476779,-0.0108040934429,0.0201549101621,-0.0326192378998,0.0444718413055,-0.0271284822375,0.00995424948633],[-0.0000585738089285,0.00521129183471,-0.00552680762485,-0.00365246413276,0.00944226980209,-0.00611751526594,-0.00487858522683,0.0160387381911,-0.0204602889717,0.0222337786108,-0.0271284822375,0.038797840476,-0.0172340851277],[0.00000449010030934,-0.00324409431778,0.0027864179574,0.00372324534692,-0.00964930653572,0.0041182488203,0.00515002012253,-0.0126573136076,0.0146973896772,-0.0115939248353,0.00995424948633,-0.0172340851277,0.0276190601289]],"mean":[19.0898246765,89.5518417358,-104.960235596,7.36881732941,-0.527308702469,-27.0055465698,11.4279413223,-21.5585594177,-0.370274454355,-6.10074043274,-0.039790507406,-0.275782257318,-9.27978134155]},"hfc":{"dmean":36.6028213501,"dmean2":56.1930961609,"dvar":1621.52197266,"dvar2":4019.77075195,"max":685.71697998,"mean":148.820648193,"median":137.352325439,"min":1.19813736831e-16,"var":9496.08300781},"melbands":{"dmean":[0.00499617354944,0.00217974511907,0.000725891557522,0.000534900522325,0.000322567968396,0.000262521702098,0.000227655909839,0.00015706763952,0.000106105922896,0.0000897344725672,0.000078496937931,0.0000579523439228,0.0000636478434899,0.0000771188206272,0.000074004259659,0.0000595394085394,0.0000378291297238,0.0000383419792342,0.0000283220742858,0.0000166817990248,0.0000175731311174,0.000021019955966,0.0000166802947206,0.0000128293931994,0.0000123653144328,0.0000103561233118,0.00000861105218064,0.00000642018312647,0.00000340093833984,0.00000214488750316,0.00000132012337417,7.59474971801e-7,5.97427458615e-7,4.22951671908e-7,2.68462741815e-7,2.17891880538e-7,9.23802119246e-8,4.32096634029e-8,2.80819083542e-8,2.41910242949e-8],"dmean2":[0.00794681627303,0.00370900589041,0.00123651209287,0.000904548389371,0.000537078536581,0.000432735192589,0.00037610103027,0.000254864455201,0.000175869950908,0.00014781896607,0.000129339736304,0.0000948636152316,0.000104180428025,0.000125637263409,0.000121991557535,0.0000966521911323,0.0000614557866356,0.0000633092568023,0.0000470567138109,0.0000270234213531,0.0000284651887341,0.0000342181301676,0.0000272138640867,0.0000202408464247,0.0000197164063138,0.0000163935037563,0.0000138169598358,0.0000101253835965,0.00000531302157469,0.00000335694153364,0.00000203511194741,0.0000011584324966,8.90421915756e-7,6.20332343715e-7,3.86131404184e-7,3.17362605529e-7,1.42739636999e-7,7.02631979266e-8,4.65859031351e-8,4.00512227827e-8],"dvar":[0.0000922925173654,0.00000905650176719,0.00000102292608517,7.8417150462e-7,3.27415648371e-7,1.83638249496e-7,1.89877567891e-7,1.18920134184e-7,4.2607879891e-8,3.17329913457e-8,2.02474446098e-8,1.11840341432e-8,1.37654412313e-8,1.78033481291e-8,1.3187365866e-8,9.17536802092e-9,3.60445695513e-9,3.27009463952e-9,2.07678141351e-9,7.92492460544e-10,1.42390854663e-9,1.00032848671e-9,6.55100862446e-10,3.81047776665e-10,3.85583565077e-10,2.74279293722e-10,1.89163060216e-10,1.23563270726e-10,2.81152393034e-11,1.11907844103e-11,4.21051431568e-12,1.18991654637e-12,1.2185543373e-12,8.7077117435e-13,3.85643584124e-13,3.4847922074e-13,5.75774372841e-14,9.50381978248e-15,2.37829296831e-15,1.75477645161e-15],"dvar2":[0.000232911799685,0.0000244045750151,0.00000290870502795,0.00000201523471333,8.52659127304e-7,4.80744404285e-7,5.07528000071e-7,3.12958320592e-7,1.10375793838e-7,8.39296063759e-8,5.37769082598e-8,2.77941705207e-8,3.46694726261e-8,4.61709568356e-8,3.425171613e-8,2.33699477548e-8,9.2229504034e-9,8.64036930892e-9,5.42796074754e-9,1.91056592769e-9,3.65570484995e-9,2.58892551841e-9,1.66625724329e-9,9.26983989569e-10,9.67513291705e-10,6.3053495758e-10,4.60799426394e-10,2.96830532376e-10,6.37131736259e-11,2.73519158711e-11,9.75179052093e-12,2.69255776529e-12,2.53966812858e-12,1.76843023732e-12,7.27826707323e-13,6.61981157824e-13,1.27819209752e-13,2.24798037986e-14,6.0289115856e-15,4.45158716001e-15],"max":[0.106032155454,0.0288185998797,0.0116609204561,0.0134034659714,0.0087896771729,0.0063701835461,0.0134913530201,0.0112563120201,0.00425239372998,0.00326030049473,0.00295583927073,0.00292982719839,0.0028698167298,0.00277928449214,0.00250188005157,0.00216526654549,0.0011939505348,0.00105847860686,0.00109614850953,0.000882040534634,0.00193315371871,0.000658974633552,0.000544269685633,0.00042366218986,0.000355853699148,0.000304058892652,0.000324015069054,0.000205561591429,0.000120093005535,0.0000834795209812,0.0000665628031129,0.0000198068173631,0.0000198370926228,0.0000222975959332,0.0000114402728286,0.0000183311894943,0.00000513913983013,0.00000210258917832,6.44740566713e-7,5.66583594264e-7],"mean":[0.0064275758341,0.00292411958799,0.000988335814327,0.000672439520713,0.000417555274907,0.000372626440367,0.000311338633765,0.000207060787943,0.000144912613905,0.000120724740555,0.000110242326627,0.0000855205071275,0.0000976799274213,0.000121224809845,0.000118263385957,0.0000934035124374,0.0000618227713858,0.0000656513511785,0.0000495627791679,0.000031571405998,0.0000319480604958,0.0000411298387917,0.0000332729250658,0.0000253966682067,0.0000243275007961,0.0000214597675949,0.0000175485874934,0.0000131047327159,0.0000071380436566,0.00000463926744487,0.00000267991094915,0.00000161967773238,0.00000117738602512,7.65198308272e-7,4.60804670865e-7,3.46475275137e-7,1.18660508974e-7,4.33348859019e-8,2.84369008341e-8,2.47888909399e-8],"median":[0.00308447284624,0.00178480520844,0.000636319920886,0.000376555777621,0.000219220586587,0.000176780144102,0.000159651463036,0.0000829708733363,0.0000682042154949,0.0000595347046328,0.0000592521064391,0.0000456904963357,0.0000503989431309,0.0000680728408042,0.0000765929435147,0.000056040880736,0.0000393064910895,0.0000424655008828,0.0000314319950121,0.0000217830511247,0.0000210670295928,0.000027761911042,0.0000207755711017,0.0000157127542479,0.0000151592012116,0.0000131162369144,0.0000109648135549,0.00000786698910815,0.00000438721735918,0.0000030983499073,0.00000175020193183,0.00000115288185043,7.01309659235e-7,3.84479818649e-7,2.05427170386e-7,1.29981984287e-7,4.44190817461e-8,1.26405215184e-8,1.03933768258e-8,9.33006560899e-9],"min":[1.97254669351e-24,1.69165210005e-23,1.13334597068e-23,1.88839274763e-23,7.04546899468e-24,6.25441229513e-24,1.62687352464e-23,1.60956796741e-23,8.15505234497e-24,3.31892754931e-24,5.48994651898e-24,9.42268713307e-24,1.14915213998e-23,6.78173149482e-24,9.71450965888e-24,1.47600087884e-23,1.26952142784e-23,1.52878166874e-23,1.84497873434e-23,2.0211023444e-23,8.64319079566e-24,8.34753677243e-24,1.33775347852e-23,1.62665169695e-23,1.5568535996e-23,7.94896637779e-24,1.21688310621e-23,1.27827454956e-23,1.2999435331e-23,1.12563098991e-23,6.81383024506e-24,9.1973529598e-24,1.01578912972e-23,1.12767271971e-23,1.07633562415e-23,7.35213867159e-24,8.08648376623e-24,9.61133454108e-24,1.29126416988e-23,1.1121275056e-23],"var":[0.000100211174868,0.0000113616097224,0.00000126832617298,8.67192284204e-7,3.93094438778e-7,2.97231167679e-7,2.29151467579e-7,1.49111031078e-7,5.74411274101e-8,3.88414100883e-8,2.65351900453e-8,1.65965232668e-8,2.22153229146e-8,2.85200627559e-8,2.08892263487e-8,1.45815111097e-8,5.63375701645e-9,6.03383831788e-9,3.57857854461e-9,1.46675471768e-9,1.91698834584e-9,2.28326513252e-9,1.69079905632e-9,9.3467833473e-10,8.17229950378e-10,6.91801227415e-10,4.5032658158e-10,2.8838592625e-10,7.83620390798e-11,2.81493630488e-11,9.76900851879e-12,2.96524740526e-12,2.56373915153e-12,1.6334972654e-12,7.59502270103e-13,6.6267293302e-13,7.92043839369e-14,1.01785789338e-14,2.44792987625e-15,1.82369369917e-15]},"melbands_crest":{"dmean":5.00367689133,"dmean2":8.01648521423,"dvar":18.1428661346,"dvar2":42.3511619568,"max":36.8940811157,"mean":16.7374839783,"median":15.929725647,"min":1.80777716637,"var":47.126247406},"melbands_flatness_db":{"dmean":0.0362257473171,"dmean2":0.0555332973599,"dvar":0.00104576046579,"dvar2":0.00233430345543,"max":0.502331614494,"mean":0.224075973034,"median":0.220279335976,"min":0.00633383309469,"var":0.00283672101796},"melbands_kurtosis":{"dmean":9.83820819855,"dmean2":15.7656126022,"dvar":403.48336792,"dvar2":1032.4519043,"max":355.251953125,"mean":12.4182271957,"median":6.5888299942,"min":-1.8298265934,"var":418.309844971},"melbands_skewness":{"dmean":1.05926907063,"dmean2":1.62535774708,"dvar":1.44683206081,"dvar2":3.28180503845,"max":16.2655410767,"mean":2.7330789566,"median":2.46078395844,"min":-3.82697224617,"var":3.32709336281},"melbands_spread":{"dmean":9.18873405457,"dmean2":14.3480482101,"dvar":107.436470032,"dvar2":236.157302856,"max":128.009567261,"mean":23.927986145,"median":21.1547546387,"min":0.752969801426,"var":229.821487427},"mfcc":{"cov":[[7026.06201172,488.018310547,-505.469604492,949.097106934,62.9675216675,243.801071167,-273.392486572,165.58190918,56.0829696655,77.5661773682,-5.74018669128,41.0597648621,35.2143974304],[488.018310547,875.919067383,-125.734558105,-114.528884888,-9.78348827362,-18.8835411072,21.7339553833,-95.0529556274,24.7103919983,-63.3217697144,19.4015102386,-12.6615924835,-1.51926314831],[-505.469604492,-125.734558105,465.199554443,-125.578102112,51.4247283936,-31.5900402069,28.3485946655,13.7937612534,7.19144201279,15.503484726,4.25666952133,8.03319454193,-11.0253019333],[949.097106934,-114.528884888,-125.578102112,550.103393555,51.1195068359,105.591522217,-72.5839385986,89.3417739868,9.59694576263,53.6294746399,-9.95570278168,6.47837352753,13.7306079865],[62.9675216675,-9.78348827362,51.4247283936,51.1195068359,264.615539551,12.6733722687,55.1853103638,-17.7423095703,73.3457946777,-18.3379955292,13.2617483139,12.1473836899,0.126003488898],[243.801071167,-18.8835411072,-31.5900402069,105.591522217,12.6733722687,166.778747559,-8.05104160309,67.6523742676,-8.2285900116,12.5006532669,-8.16005802155,14.703130722,2.08809113503],[-273.392486572,21.7339553833,28.3485946655,-72.5839385986,55.1853103638,-8.05104160309,161.603561401,-1.53540015221,28.28855896,-10.12068367,4.73228979111,-9.84265899658,12.4243593216],[165.58190918,-95.0529556274,13.7937612534,89.3417739868,-17.7423095703,67.6523742676,-1.53540015221,126.512405396,11.7173757553,33.281955719,-15.4000463486,7.5417304039,1.36891627312],[56.0829696655,24.7103919983,7.19144201279,9.59694576263,73.3457946777,-8.2285900116,28.28855896,11.7173757553,96.9356460571,15.6513910294,18.898563385,0.467007935047,-3.22406697273],[77.5661773682,-63.3217697144,15.503484726,53.6294746399,-18.3379955292,12.5006532669,-10.12068367,33.281955719,15.6513910294,101.820205688,29.3856010437,13.0520324707,2.31912088394],[-5.74018669128,19.4015102386,4.25666952133,-9.95570278168,13.2617483139,-8.16005802155,4.73228979111,-15.4000463486,18.898563385,29.3856010437,69.8785400391,23.9571361542,7.1257853508],[41.0597648621,-12.6615924835,8.03319454193,6.47837352753,12.1473836899,14.703130722,-9.84265899658,7.5417304039,0.467007935047,13.0520324707,23.9571361542,61.1158294678,24.2423019409],[35.2143974304,-1.51926314831,-11.0253019333,13.7306079865,0.126003488898,2.08809113503,12.4243593216,1.36891627312,-3.22406697273,2.31912088394,7.1257853508,24.2423019409,55.2995834351]],"icov":[[0.000223050097702,-0.00018129273667,0.000105352170067,-0.000309956696583,-0.0000738723247196,-0.0000290172574751,0.00027818401577,-0.000186005141586,-0.0000664973049425,-0.0000478655201732,0.0000314833050652,-0.000043970750994,-0.0000923349289224],[-0.00018129273667,0.0015547380317,0.000234086372075,0.000430661253631,0.000428053812357,-0.000448413309641,-0.000310547329718,0.00117635005154,-0.000806411844678,0.000783281051554,-0.000432107481174,0.00018360154354,0.0000498367771797],[0.000105352170067,0.000234086372075,0.00272539444268,0.000721732678358,-0.00102952076122,0.000554874713998,0.000149924628204,-0.00105478102341,0.000631813018117,-0.000717187474947,0.0000844817404868,-0.000300913816318,0.000465276069008],[-0.000309956696583,0.000430661253631,0.000721732678358,0.00337158981711,-0.00129272136837,-0.000818290864117,0.00119409372564,-0.00122417055536,0.000518519897014,-0.00126049958635,0.000148012462887,0.00132811348885,-0.00120637763757],[-0.0000738723247196,0.000428053812357,-0.00102952076122,-0.00129272136837,0.00663844216615,-0.00129121216014,-0.00208659726195,0.00307213328779,-0.00512715568766,0.00228663370945,0.000267323572189,-0.00234270538203,0.00119863508735],[-0.0000290172574751,-0.000448413309641,0.000554874713998,-0.000818290864117,-0.00129121216014,0.00897285807878,-0.000259099528193,-0.00496419752017,0.0026161770802,0.000185138735105,-0.0000707574217813,-0.00187520927284,0.00114113138989],[0.00027818401577,-0.000310547329718,0.000149924628204,0.00119409372564,-0.00208659726195,-0.000259099528193,0.00859669037163,-0.00171874114312,-0.000928288558498,0.0000573368233745,-0.000925391388591,0.0035488512367,-0.00381967052817],[-0.000186005141586,0.00117635005154,-0.00105478102341,-0.00122417055536,0.00307213328779,-0.00496419752017,-0.00171874114312,0.0149258133024,-0.00453790742904,-0.0026207184419,0.00491032237187,-0.00253137038089,0.000763854302932],[-0.0000664973049425,-0.000806411844678,0.000631813018117,0.000518519897014,-0.00512715568766,0.0026161770802,-0.000928288558498,-0.00453790742904,0.0165030304343,-0.00244288053364,-0.00361659680493,0.00199278513901,0.000908236077521],[-0.0000478655201732,0.000783281051554,-0.000717187474947,-0.00126049958635,0.00228663370945,0.000185138735105,0.0000573368233745,-0.0026207184419,-0.00244288053364,0.0147508326918,-0.00680250534788,-0.000434256740846,0.000567668699659],[0.0000314833050652,-0.000432107481174,0.0000844817404868,0.000148012462887,0.000267323572189,-0.0000707574217813,-0.000925391388591,0.00491032237187,-0.00361659680493,-0.00680250534788,0.022202078253,-0.00854666531086,0.00099680502899],[-0.000043970750994,0.00018360154354,-0.000300913816318,0.00132811348885,-0.00234270538203,-0.00187520927284,0.0035488512367,-0.00253137038089,0.00199278513901,-0.000434256740846,-0.00854666531086,0.0259889122099,-0.0111725917086],[-0.0000923349289224,0.0000498367771797,0.000465276069008,-0.00120637763757,0.00119863508735,0.00114113138989,-0.00381967052817,0.000763854302932,0.000908236077521,0.000567668699659,0.00099680502899,-0.0111725917086,0.024127792567]],"mean":[-642.305114746,152.782455444,-38.3275108337,47.9995918274,-4.44000291824,20.0855751038,4.9046163559,8.01968669891,-3.62521910667,4.56208610535,2.75609707832,5.00503253937,3.49305725098]},"pitch_salience":{"dmean":0.0951471924782,"dmean2":0.151806801558,"dvar":0.00707562174648,"dvar2":0.0164545476437,"max":0.884490966797,"mean":0.559941887856,"median":0.579011321068,"min":0.0705978423357,"var":0.0173187609762},"silence_rate_20dB":{"dmean":0,"dmean2":0,"dvar":0,"dvar2":0,"max":1,"mean":1,"median":1,"min":1,"var":0},"silence_rate_30dB":{"dmean":0.0876224786043,"dmean2":0.175264701247,"dvar":0.0799515768886,"dvar2":0.166628286242,"max":1,"mean":0.910360336304,"median":1,"min":0,"var":0.0816060006618},"silence_rate_60dB":{"dmean":0.00698276842013,"dmean2":0.0139671098441,"dvar":0.00693457946181,"dvar2":0.0176033396274,"max":1,"mean":0.0532657653093,"median":0,"min":0,"var":0.050429020077},"spectral_centroid":{"dmean":297.528808594,"dmean2":443.554107666,"dvar":92097.6171875,"dvar2":175117.296875,"max":11062.1123047,"mean":1625.29406738,"median":1565.33813477,"min":363.461517334,"var":368206},"spectral_complexity":{"dmean":4.37369060516,"dmean2":6.4591126442,"dvar":14.7545289993,"dvar2":28.6277484894,"max":59,"mean":28.9472980499,"median":30,"min":0,"var":163.976013184},"spectral_contrast_coeffs":{"dmean":[0.0594894327223,0.052630931139,0.0386328324676,0.0310313664377,0.021670198068,0.0504074431956],"dmean2":[0.0983686521649,0.0881529599428,0.0646388754249,0.0515989437699,0.0355769991875,0.0773113816977],"dvar":[0.00222783861682,0.00167390122078,0.000929885311052,0.00060804822715,0.00032161877607,0.00163656868972],"dvar2":[0.00598445767537,0.00453089363873,0.0025836462155,0.00161726388615,0.000805216724984,0.00392022775486],"max":[-0.356455206871,-0.485234737396,-0.603500545025,-0.613227963448,-0.602188110352,-0.428636610508],"mean":[-0.707220494747,-0.775579631329,-0.813342213631,-0.800169885159,-0.795089900494,-0.687085866928],"median":[-0.712918162346,-0.781778216362,-0.817970275879,-0.802671790123,-0.795363008976,-0.686535477638],"min":[-0.94789236784,-0.963519096375,-0.973055839539,-0.958719968796,-0.964862942696,-0.959049522877],"var":[0.00531066395342,0.00393660506234,0.00199528317899,0.00141817866825,0.00109856738709,0.00585876218975]},"spectral_contrast_valleys":{"dmean":[0.444175988436,0.394091725349,0.340925276279,0.281399518251,0.245486602187,0.655521154404],"dmean2":[0.709241986275,0.62455624342,0.530550301075,0.426857858896,0.340242505074,1.03401875496],"dvar":[0.161744460464,0.132134720683,0.105330936611,0.0855585336685,0.0821371227503,0.309389799833],"dvar2":[0.345869660378,0.268492400646,0.20022547245,0.154009819031,0.127729326487,0.740581393242],"max":[-4.79212474823,-4.63126039505,-5.22073841095,-5.58328390121,-5.72009468079,-8.97280406952],"mean":[-6.69593763351,-6.4621553421,-6.78556442261,-7.02967309952,-7.05915307999,-11.2367286682],"median":[-6.41626739502,-6.32325839996,-6.64197731018,-6.82454824448,-6.79794311523,-11.1017284393],"min":[-27.8465194702,-27.5510902405,-27.0748882294,-27.296869278,-27.1661109924,-27.3151321411],"var":[1.27742135525,0.923132240772,0.809152185917,0.975288450718,1.07799839973,1.14436876774]},"spectral_decrease":{"dmean":5.5534581378e-9,"dmean2":8.59587867552e-9,"dvar":7.65935895302e-17,"dvar2":1.80357521084e-16,"max":1.89109083948e-9,"mean":-1.03031760901e-8,"median":-7.55915685602e-9,"min":-1.0105780035e-7,"var":1.14064447762e-16},"spectral_energy":{"dmean":0.021849649027,"dmean2":0.0334171913564,"dvar":0.00109274825081,"dvar2":0.00256438809447,"max":0.391664505005,"mean":0.0523849986494,"median":0.0439994633198,"min":1.1024201954e-20,"var":0.00190573488362},"spectral_energyband_high":{"dmean":0.000381455552997,"dmean2":0.00052364054136,"dvar":2.11095766645e-7,"dvar2":3.92654072812e-7,"max":0.00702270492911,"mean":0.00139693729579,"median":0.00114195549395,"min":7.78375906281e-21,"var":0.00000133620903853},"spectral_energyband_low":{"dmean":0.0185110848397,"dmean2":0.0291798785329,"dvar":0.00102802750189,"dvar2":0.00247426587157,"max":0.358970165253,"mean":0.0276979934424,"median":0.0169079303741,"min":7.54631914999e-23,"var":0.00132185698021},"spectral_energyband_middle_high":{"dmean":0.0021516722627,"dmean2":0.00317674339749,"dvar":0.00000606797084401,"dvar2":0.0000135126365421,"max":0.0477792583406,"mean":0.0072475830093,"median":0.00607500039041,"min":1.91801434209e-21,"var":0.0000292744389299},"spectral_energyband_middle_low":{"dmean":0.00475022103637,"dmean2":0.0075642215088,"dvar":0.0000386723877455,"dvar2":0.000096344803751,"max":0.11615999788,"mean":0.00987129192799,"median":0.00734520610422,"min":2.94948529139e-22,"var":0.0000787694516475},"spectral_entropy":{"dmean":0.113451175392,"dmean2":0.173162534833,"dvar":0.0136369941756,"dvar2":0.0279806274921,"max":9.79698085785,"mean":7.67852449417,"median":7.71920824051,"min":6.03689098358,"var":0.0525895729661},"spectral_flux":{"dmean":0.0351081974804,"dmean2":0.0559507831931,"dvar":0.00181459658779,"dvar2":0.00423356518149,"max":0.508982658386,"mean":0.132447525859,"median":0.125792399049,"min":1.04996199235e-10,"var":0.00407204870135},"spectral_kurtosis":{"dmean":3.09640955925,"dmean2":4.63099241257,"dvar":12.4796514511,"dvar2":26.2663192749,"max":97.730430603,"mean":17.6679801941,"median":16.9184951782,"min":-1.19479215145,"var":46.9535484314},"spectral_rms":{"dmean":0.00136259756982,"dmean2":0.00200505065732,"dvar":0.00000244292687057,"dvar2":0.00000515309011462,"max":0.0195476766676,"mean":0.00652771862224,"median":0.00655181705952,"min":3.27953029317e-12,"var":0.00000849635398481},"spectral_rolloff":{"dmean":4813.91357422,"dmean2":8971.31347656,"dvar":50634488,"dvar2":114157544,"max":22050,"mean":9861.74511719,"median":3811.37695312,"min":43.06640625,"var":85442504},"spectral_skewness":{"dmean":0.248890817165,"dmean2":0.361985206604,"dvar":0.0701622217894,"dvar2":0.138577088714,"max":6.75055551529,"mean":2.571798563,"median":2.47256398201,"min":0.0323062576354,"var":0.361267268658},"spectral_spread":{"dmean":354460.6875,"dmean2":533091.5625,"dvar":269771472896,"dvar2":384908853248,"max":41042128,"mean":3665068.75,"median":3559356,"min":981683,"var":649934405632},"spectral_strongpeak":{"dmean":1.39193284512,"dmean2":2.59774398804,"dvar":52.4084739685,"dvar2":149.879104614,"max":133.088195801,"mean":1.0859670639,"median":0.257140338421,"min":0,"var":35.5913200378},"zerocrossingrate":{"dmean":0.0360871702433,"dmean2":0.0445408411324,"dvar":0.000951132853515,"dvar2":0.00145184155554,"max":0.78173828125,"mean":0.220653533936,"median":0.21728515625,"min":0.01806640625,"var":0.0070278076455}},"metadata":{"audio_properties":{"analysis_sample_rate":44100,"bit_rate":128000,"codec":"mp3","downmix":"mix","equal_loudness":0,"length":206.158370972,"lossless":false,"md5_encoded":"93f0fb118b1ee49df878be0051a43677","replay_gain":-9.72923660278},"tags":{"album":["Tony Hawk's Pro Skater 2"],"albumartist":["Various Artists"],"albumartistsort":["Various Artists"],"artist":["Rage Against the Machine"],"artistsort":["Rage Against the Machine"],"discnumber":["1/1"],"file_name":"12 - Guerrilla Radio.mp3","musicbrainz album type":["soundtrack"],"musicbrainz_albumartistid":["89ad4ac3-39f7-470e-963a-56509c546377"],"musicbrainz_albumid":["b2674269-855f-4ae0-9247-6f68d5552540"],"musicbrainz_artistid":["3798b104-01cb-484c-a3b0-56adc6399b80"],"musicbrainz_recordingid":["3a98b840-1e18-4ef1-80cd-85041534bf1b"],"musicbrainz_releasegroupid":["22873a33-a2f7-3873-9221-8ceb5966ffdf"],"replaygain_album_gain":["-8.80 dB"],"replaygain_album_peak":["1.292842"],"replaygain_track_gain":["-9.08 dB"],"replaygain_track_peak":["1.239922"],"title":["Guerrilla Radio"],"tracknumber":["12/15"]},"version":{"essentia":"2.1-beta1","essentia_build_sha":"0a826ad6289770054bb7564d59068f1232327ff9","essentia_git_sha":"v2.1_beta1-5-gf9dded9","extractor":"music 1.0"}},"rhythm":{"beats_count":352,"beats_loudness":{"dmean":0.0386731438339,"dmean2":0.0679421126842,"dvar":0.0013592580799,"dvar2":0.00368143594824,"max":0.231288775802,"mean":0.0681276619434,"median":0.0627842769027,"min":6.17871137365e-7,"var":0.00155590730719},"beats_loudness_band_ratio":{"dmean":[0.31914305687,0.115925647318,0.0926208496094,0.0726395174861,0.0513786897063,0.0982531830668],"dmean2":[0.615379393101,0.220641896129,0.175459459424,0.12801374495,0.0946519672871,0.181444987655],"dvar":[0.0460722185671,0.00885951239616,0.00979995261878,0.00570826232433,0.00352713721804,0.00574380159378],"dvar2":[0.13763011992,0.0291130971164,0.0287839174271,0.0155914556235,0.0092269545421,0.0169703084975],"max":[0.931934297085,0.568397283554,0.748848617077,0.65942800045,0.67978644371,0.44545006752],"mean":