{"lowlevel":{"average_loudness":0.916465699673,"barkbands":{"dmean":[0.0000256001021626,0.000962424150202,0.00290896138176,0.001701647765,0.00245170551352,0.0013768816134,0.00192365352996,0.0015982723562,0.000621178071015,0.00411881273612,0.000888736161869,0.000472914165584,0.000301872671116,0.000185325829079,0.0000173868884303,0.0000299675957649,0.0000143553097587,0.0000291295782517,0.0000132742579808,0.0000163911226991,0.0000122842493511,0.00000230079558605,0.00000109127893211,4.08632502058e-7,1.34305366828e-7,1.70935088306e-8,5.22269694159e-9],"dmean2":[0.0000376179305022,0.00165292795282,0.00491602765396,0.00285970070399,0.00402461970225,0.00222055637278,0.00306953815743,0.00267707393505,0.00102548848372,0.00599270034581,0.00160730513744,0.000800805806648,0.00052865681937,0.000309362920234,0.0000291792803182,0.0000514877283422,0.0000236323685385,0.000048187426728,0.0000214867250179,0.0000271768440143,0.0000198189209186,0.00000386578403777,0.00000182549138117,6.86482110268e-7,2.29213384273e-7,2.90333375119e-8,9.19391762721e-9],"dvar":[4.4452448833e-8,0.00000365453774975,0.0000530048528162,0.0000126304403238,0.0000136801409099,0.00000561161641599,0.0000107276782728,0.00000853878100315,0.00000136173935061,0.0000366685453628,0.0000131184251586,7.68016150232e-7,6.0109482547e-7,1.89878406331e-7,1.21748244819e-9,5.15422282632e-9,5.71323877097e-10,3.12960124482e-9,6.5330635346e-10,1.06255571009e-9,8.64002092094e-10,3.75031707078e-11,1.11747477591e-11,9.87409264595e-13,1.171406044e-13,1.75779792401e-15,2.12039213524e-16],"dvar2":[7.4599874722e-8,0.00000980054301181,0.000151202897541,0.0000329853100993,0.000035791672417,0.0000139516723721,0.0000257075134869,0.0000237952772295,0.00000366104268323,0.0000781271082815,0.0000380681121896,0.00000219046000893,0.00000180186987109,4.8021576049e-7,3.27393467892e-9,1.52598662595e-8,1.51352130828e-9,8.21623391545e-9,1.58945245854e-9,2.91750312797e-9,2.24561502726e-9,1.02955047265e-10,2.8916450831e-11,2.47309052577e-12,3.15948954282e-13,4.71007705156e-15,6.30165672401e-16],"max":[0.0100856265053,0.0359028503299,0.129761636257,0.064773760736,0.0727653354406,0.049283798784,0.048805937171,0.043193385005,0.0158639941365,0.0726276859641,0.0533717647195,0.0129931624979,0.0178170371801,0.0133329872042,0.000842291279696,0.00137313106097,0.000617633864749,0.00122662796639,0.000441108975792,0.000675344781484,0.000744735414628,0.000142226956086,0.000176386602107,0.000033323707612,0.00000731402269594,0.00000114373960969,6.98767223639e-7],"mean":[0.0000416619623138,0.00180226343218,0.00396836455911,0.0023542442359,0.00463278032839,0.00276176375337,0.002889405936,0.00239797704853,0.00101864605676,0.00897996965796,0.000902311760001,0.00102966499981,0.000427305494668,0.000256380910287,0.0000241926209128,0.0000479307782371,0.0000248194191954,0.0000530804900336,0.0000249671611527,0.0000327272209688,0.0000250345128734,0.00000483679514218,0.00000264733785116,0.00000112027851173,3.12030181249e-7,5.38520197324e-8,3.36839214299e-8],"median":[0.0000197868848772,0.000853401259519,0.00146888522431,0.00124392122962,0.00274804420769,0.00133722531609,0.00114394188859,0.00109585165046,0.000377151649445,0.0044416282326,0.000375555013306,0.000389188353438,0.000102561025415,0.0000905659544514,0.0000128606443468,0.0000141031505336,0.000015447527403,0.0000316919904435,0.0000166955360328,0.0000215660747926,0.0000179004746315,0.00000376360776499,0.00000236192090597,0.00000102266039903,2.83301062609e-7,5.26119094957e-8,3.87341891894e-8],"min":[1.30645448533e-25,2.15398746272e-24,1.03477448736e-24,5.18852996545e-25,1.06371440187e-23,9.17498323111e-24,1.02931730539e-23,5.8554936184e-24,1.80912358625e-23,1.34655685068e-23,1.17045580204e-23,1.54014647226e-23,3.37130215473e-23,3.65881418678e-23,4.42888032317e-23,6.18339343553e-23,6.73467404856e-23,5.86303702192e-23,4.6847205365e-23,2.6556623721e-23,1.5762537403e-23,1.15113541518e-23,7.11146273143e-24,1.04860037913e-23,6.69214845043e-24,8.91873044352e-24,1.00687515927e-23],"var":[7.56750395681e-8,0.00000711931261321,0.0000616022662143,0.0000141903292388,0.0000352216920874,0.0000167605467141,0.0000188483190868,0.0000131070637508,0.00000267989707936,0.000116115268611,0.00000790643389337,0.00000200445515475,0.0000010024355106,2.54071466088e-7,1.39998157511e-9,9.50480849582e-9,1.09695885708e-9,5.30533972309e-9,1.09117204161e-9,1.82106962843e-9,1.14982723343e-9,4.22960728941e-11,1.21183046237e-11,1.39768914758e-12,1.22048503031e-13,2.21010123587e-15,3.57412328358e-16]},"barkbands_crest":{"dmean":2.56093645096,"dmean2":4.16003227234,"dvar":4.69919395447,"dvar2":11.7767829895,"max":26.9169902802,"mean":10.5731983185,"median":9.75192928314,"min":3.57673072815,"var":15.5520162582},"barkbands_flatness_db":{"dmean":0.0184632297605,"dmean2":0.0289842560887,"dvar":0.000355874712113,"dvar2":0.000730664120056,"max":1,"mean":0.221381813288,"median":0.221061319113,"min":0.0510389134288,"var":0.00239362521097},"barkbands_kurtosis":{"dmean":7.68959236145,"dmean2":14.7910814285,"dvar":112012.851562,"dvar2":336002.40625,"max":19438.3554688,"mean":5.63196229935,"median":0.873903632164,"min":-1.55662155151,"var":57190.9648438},"barkbands_skewness":{"dmean":0.536482751369,"dmean2":0.855113565922,"dvar":4.61331224442,"dvar2":13.634510994,"max":130.291137695,"mean":0.536899924278,"median":0.391068577766,"min":-2.96229100227,"var":4.31572771072},"barkbands_spread":{"dmean":1.95548057556,"dmean2":3.22800397873,"dvar":6.35422801971,"dvar2":18.3305530548,"max":109.969062805,"mean":9.1746635437,"median":8.56938362122,"min":0.00306499190629,"var":17.8260345459},"dissonance":{"dmean":0.0433621294796,"dmean2":0.0739490017295,"dvar":0.00138230260927,"dvar2":0.00393513450399,"max":0.499999970198,"mean":0.413685888052,"median":0.420204371214,"min":0.174297422171,"var":0.00259639578871},"dynamic_complexity":4.69155502319,"erbbands":{"dmean":[0.0138911893591,0.293093144894,2.73285388947,4.41083478928,9.80762386322,5.86957073212,7.08936452866,12.8557844162,26.9742259979,39.6020126343,19.2766094208,13.3661460876,104.887741089,74.4953460693,23.9694099426,19.148765564,10.6395263672,12.9622545242,2.78464508057,1.77758920193,0.834375858307,0.873650372028,1.26662302017,1.17806911469,0.67885440588,0.853057444096,0.320010989904,0.552911758423,0.100278966129,0.0536369122565,0.0323640033603,0.0125881666318,0.00562103930861,0.00203820155002,0.000615391647443,0.000133361463668,0.0000253524776781,0.00000480393464386,0.00000514296880283,0.000011710650142],"dmean2":[0.0238124392927,0.494552344084,4.55423927307,7.4733247757,16.5341701508,9.47998332977,11.5249605179,20.8310394287,44.0416374207,64.3334579468,31.7542438507,21.9033546448,153.432815552,119.337150574,42.3281402588,32.3661003113,18.0066547394,22.1339893341,4.67365789413,2.98437333107,1.41594707966,1.43526721001,2.07490062714,1.94155871868,1.08188724518,1.41353917122,0.516620635986,0.905040800571,0.166138932109,0.0917355567217,0.0538566820323,0.0210538730025,0.00938911736012,0.00347493262962,0.00105959130451,0.000226157004363,0.0000431068037869,0.00000829470081953,0.00000798387827672,0.0000182165185834],"dvar":[0.000600895262323,0.364950925112,43.0535202026,105.041694641,292.137573242,86.3219909668,198.425064087,580.236694336,3180.10595703,7520.00341797,1087.64868164,602.429321289,24319.5742188,29215.0117188,5125.99511719,1516.7845459,396.120788574,891.328674316,56.8024597168,15.5822095871,3.65841197968,2.13912892342,6.00836610794,5.51754331589,1.93570530415,3.16740393639,0.419697999954,1.84890270233,0.0636439844966,0.0250316187739,0.00810234155506,0.00144042470492,0.000149515224621,0.000025005047064,0.00000343867031916,1.48683000134e-7,2.69704036882e-9,1.17230350427e-10,4.68832264677e-11,2.496974294e-10],"dvar2":[0.00166263291612,0.947328031063,123.724281311,271.563964844,790.533508301,212.67930603,486.778167725,1459.046875,8246.58496094,18162.96875,2907.8203125,1623.48522949,51291.1601562,78980.890625,14821.8398438,4347.07666016,1152.21166992,2559.51269531,139.826309204,45.8765525818,10.9277763367,5.64907169342,15.4455347061,15.0234031677,4.92084932327,8.66208744049,1.05888426304,4.94351005554,0.175362616777,0.0679526850581,0.0206742659211,0.00363589357585,0.000380761834094,0.0000667908971081,0.00000948925389821,4.02007685807e-7,7.21761450606e-9,3.37279093543e-10,1.13918194322e-10,6.17236595168e-10],"max":[0.557297945023,11.4169406891,115.644882202,177.360870361,239.34463501,358.724914551,479.308776855,520.619506836,730.399902344,1992.47546387,447.819213867,444.231048584,1950.29504395,2167.66455078,1045.09716797,649.24206543,428.088317871,470.151184082,328.356628418,115.742500305,52.8611755371,40.6589851379,65.2047042847,39.0468025208,30.0688686371,39.9418296814,17.0105342865,32.9128990173,5.63992786407,4.38940477371,5.09622859955,2.04976344109,0.296300679445,0.117561683059,0.0567127428949,0.0124138128012,0.00135906005744,0.000465026940219,0.000133885463583,0.000227541822824],"mean":[0.0254972595721,0.545574605465,4.04461860657,6.6188788414,14.5382585526,12.6774787903,14.8886833191,24.5397834778,40.1010742188,61.8226394653,33.197265625,25.7050952911,230.505950928,131.126358032,33.0145263672,42.5769729614,21.1300640106,19.7179794312,4.54294681549,2.88164162636,1.61617898941,1.62542271614,2.44417619705,2.11484050751,1.36191177368,1.65948963165,0.719519555569,1.0533798933,0.218021884561,0.11211489886,0.0798718929291,0.0326976776123,0.0157630238682,0.00522440392524,0.00127021956723,0.000350185029674,0.0000952601621975,0.0000242010646616,0.000020904086341,0.0000386629653804],"median":[0.0195514708757,0.230504661798,1.56788897514,3.67858457565,7.96827983856,6.89659786224,7.59227180481,9.86414146423,12.7458124161,23.7993564606,16.5989608765,14.9385175705,123.282196045,65.5291595459,18.4281082153,14.6342439651,8.28980064392,6.51785373688,1.86363720894,1.28082060814,0.635322928429,1.03992676735,1.41786444187,1.4447863102,0.914201915264,1.07174229622,0.527513861656,0.733447730541,0.170895248652,0.090151950717,0.0711237117648,0.0292275212705,0.0146834840998,0.00487452605739,0.00108394538984,0.000321670755511,0.0000990033149719,0.0000268399853667,0.0000216198859562,0.0000382379221264],"min":[6.470154472e-23,3.52137461158e-22,1.5658234151e-21,3.72720435043e-21,1.38846175538e-20,3.43466974576e-20,4.26253084362e-20,1.12229383969e-19,1.15235849454e-19,2.49677669508e-19,2.20146856351e-19,4.7970592206e-19,6.79229950818e-19,7.4445774331e-19,6.30819825854e-19,8.7486230159e-19,1.37744959036e-18,1.94843799494e-18,2.51333204296e-18,2.71761236024e-18,4.02493802436e-18,4.00925095764e-18,4.92820146889e-18,5.5861243845e-18,8.5154761632e-18,5.80555389431e-18,1.03291267317e-17,8.26273029985e-18,1.19358944659e-17,1.09444498457e-17,1.09803908434e-17,7.73578233525e-18,1.05253190837e-17,7.26630026216e-18,5.94295479791e-18,3.87111096816e-18,2.44528527064e-18,9.55403740461e-19,2.40399779114e-19,2.81621232803e-20],"var":[0.00089663331164,0.755261957645,56.692905426,126.097679138,397.969116211,353.263671875,762.258789062,1492.04382324,4902.88085938,14861.5771484,1982.2668457,1187.59484863,75801.171875,33214.4375,3745.03320312,3738.01538086,938.095214844,1523.6505127,87.7388534546,27.1873779297,8.67318630219,4.58150672913,12.2376565933,7.0283036232,3.14506173134,5.08107423782,0.738665819168,2.24402880669,0.0757590159774,0.0258501563221,0.00969527475536,0.00172419322189,0.000227920798352,0.0000289698164124,0.0000029353204809,1.49763735635e-7,4.54555859619e-9,2.099567048e-10,1.718461623e-10,7.34771132826e-10]},"erbbands_crest":{"dmean":3.50678229332,"dmean2":5.73913478851,"dvar":9.29633426666,"dvar2":23.2509803772,"max":35.7714042664,"mean":13.6937885284,"median":13.0947122574,"min":2.66674017906,"var":24.9099521637},"erbbands_flatness_db":{"dmean":0.0195811148733,"dmean2":0.0301187876612,"dvar":0.000325376808178,"dvar2":0.000772292667534,"max":0.404815942049,"mean":0.262332946062,"median":0.265294551849,"min":0.0291692577302,"var":0.00231481203809},"erbbands_kurtosis":{"dmean":2.21962738037,"dmean2":3.59986257553,"dvar":37.0817070007,"dvar2":76.890663147,"max":319.902496338,"mean":4.19702959061,"median":2.74680280685,"min":-1.44807338715,"var":178.722732544},"erbbands_skewness":{"dmean":0.446893841028,"dmean2":0.731145381927,"dvar":0.218392655253,"dvar2":0.500197589397,"max":16.636680603,"mean":0.339293837547,"median":0.3031052351,"min":-2.77266693115,"var":1.01783263683},"erbbands_spread":{"dmean":3.68247294426,"dmean2":5.85693788528,"dvar":20.2776622772,"dvar2":53.0892448425,"max":153.285125732,"mean":13.4055862427,"median":11.6724615097,"min":1.24987828732,"var":72.0701293945},"gfcc":{"cov":[[34725.3515625,5485.61865234,-3555.30761719,446.502471924,-1676.90649414,-107.625312805,-10.7239971161,-340.817474365,-143.943786621,-582.866271973,57.2414665222,-668.960754395,7.83271789551],[5485.61865234,1235.28320312,-546.023010254,-83.2932815552,-205.334381104,-16.1646976471,28.2159442902,-69.7218780518,-38.0886726379,-135.031463623,-1.78682422638,-110.0027771,-12.4431972504],[-3555.30761719,-546.023010254,600.434692383,-25.6283531189,176.547836304,6.2818403244,-52.6984138489,21.4218463898,37.5906829834,63.3616218567,-4.19450187683,55.001663208,10.4698047638],[446.502471924,-83.2932815552,-25.6283531189,245.067138672,-27.7559585571,-36.2295608521,-17.3551025391,-15.6790533066,-6.34951734543,25.1481571198,11.4500494003,-20.4546794891,-11.5031833649],[-1676.90649414,-205.334381104,176.547836304,-27.7559585571,250.800735474,62.7464675903,22.9449329376,34.755695343,43.0939941406,29.6591339111,-3.35251832008,10.3007793427,-33.4193382263],[-107.625312805,-16.1646976471,6.2818403244,-36.2295608521,62.7464675903,112.95929718,52.5562477112,16.234872818,-1.19139039516,4.68158006668,10.7566957474,-10.0621395111,-32.6074485779],[-10.7239971161,28.2159442902,-52.6984138489,-17.3551025391,22.9449329376,52.5562477112,143.06300354,41.9054489136,-16.5994663239,-28.7929763794,3.70151472092,-3.76424503326,-19.5362052917],[-340.817474365,-69.7218780518,21.4218463898,-15.6790533066,34.755695343,16.234872818,41.9054489136,85.6792755127,43.0109367371,-9.87783908844,-18.7963294983,12.8193073273,-2.82517170906],[-143.943786621,-38.0886726379,37.5906829834,-6.34951734543,43.0939941406,-1.19139039516,-16.5994663239,43.0109367371,97.3856124878,30.8702697754,1.95597243309,-6.6411356926,4.44464969635],[-582.866271973,-135.031463623,63.3616218567,25.1481571198,29.6591339111,4.68158006668,-28.7929763794,-9.87783908844,30.8702697754,91.4305343628,34.8572807312,-0.646600008011,-15.5427036285],[57.2414665222,-1.78682422638,-4.19450187683,11.4500494003,-3.35251832008,10.7566957474,3.70151472092,-18.7963294983,1.95597243309,34.8572807312,52.5916976929,5.66157579422,-10.2164373398],[-668.960754395,-110.0027771,55.001663208,-20.4546794891,10.3007793427,-10.0621395111,-3.76424503326,12.8193073273,-6.6411356926,-0.646600008011,5.66157579422,62.0275917053,29.2416763306],[7.83271789551,-12.4431972504,10.4698047638,-11.5031833649,-33.4193382263,-32.6074485779,-19.5362052917,-2.82517170906,4.44464969635,-15.5427036285,-10.2164373398,29.2416763306,64.4021148682]],"icov":[[0.000395291019231,-0.00112153729424,0.000899992010091,-0.00100863329135,0.00103154813405,-0.00118693208788,0.00096020125784,-0.000590306823142,-0.000421438191552,0.000870379095431,-0.00106266362127,0.00149143883027,-0.000998146831989],[-0.00112153729424,0.00536906020716,-0.00119410920888,0.00392081774771,-0.00261428812519,0.00379672087729,-0.00244086864404,0.00305009144358,0.0000666937339702,0.000868271163199,0.000942546175793,-0.00145455694292,0.00304220221005],[0.000899992010091,-0.00119410920888,0.00548086082563,-0.00151350616943,0.00076604023343,-0.00221339194104,0.00324487895705,-0.000922383973375,-0.00108369404916,0.00235654623248,-0.00273596588522,0.00355503940955,-0.00268548284657],[-0.00100863329135,0.00392081774771,-0.00151350616943,0.00786761566997,-0.00257981359027,0.00533600943163,-0.00215853145346,0.00107475463301,0.00204732711427,-0.00221249577589,0.0006420572754,-0.000240262234001,0.00282256002538],[0.00103154813405,-0.00261428812519,0.00076604023343,-0.00257981359027,0.0101913381368,-0.00606402475387,0.000893169664778,0.00125686696265,-0.00579778570682,0.00238324305974,0.000724883982912,0.00034964812221,0.00225989054888],[-0.00118693208788,0.00379672087729,-0.00221339194104,0.00533600943163,-0.00606402475387,0.0180884506553,-0.00614595366642,0.000388229149394,0.00307152490132,-0.00256236945279,-0.00052384583978,-0.00136470852885,0.00606132857502],[0.00096020125784,-0.00244086864404,0.00324487895705,-0.00215853145346,0.000893169664778,-0.00614595366642,0.0160311497748,-0.0124761788175,0.00596283609048,0.00592933828011,-0.0106017012149,0.00858287420124,-0.00439340667799],[-0.000590306823142,0.00305009144358,-0.000922383973375,0.00107475463301,0.00125686696265,0.000388229149394,-0.0124761788175,0.0351061522961,-0.020465515554,0.00294341775589,0.0169559177011,-0.0174756832421,0.0123545862734],[-0.000421438191552,0.0000666937339702,-0.00108369404916,0.00204732711427,-0.00579778570682,0.00307152490132,0.00596283609048,-0.020465515554,0.0272174309939,-0.00923116039485,-0.00697592739016,0.0116342119873,-0.0104317283258],[0.000870379095431,0.000868271163199,0.00235654623248,-0.00221249577589,0.00238324305974,-0.00256236945279,0.00592933828011,0.00294341775589,-0.00923116039485,0.0287213157862,-0.0177805200219,0.0066171400249,0.00289425533265],[-0.00106266362127,0.000942546175793,-0.00273596588522,0.0006420572754,0.000724883982912,-0.00052384583978,-0.0106017012149,0.0169559177011,-0.00697592739016,-0.0177805200219,0.0434314087033,-0.0218211039901,0.0114974630997],[0.00149143883027,-0.00145455694292,0.00355503940955,-0.000240262234001,0.00034964812221,-0.00136470852885,0.00858287420124,-0.0174756832421,0.0116342119873,0.0066171400249,-0.0218211039901,0.0441474951804,-0.0224684830755],[-0.000998146831989,0.00304220221005,-0.00268548284657,0.00282256002538,0.00225989054888,0.00606132857502,-0.00439340667799,0.0123545862734,-0.0104317283258,0.00289425533265,0.0114974630997,-0.0224684830755,0.0340723097324]],"mean":[-108.269134521,170.896392822,-123.866233826,8.55062103271,-65.2090835571,0.86730748415,-4.96671676636,-7.74285888672,-22.3418064117,-16.3057613373,-5.41711854935,-11.7457904816,-4.07395410538]},"hfc":{"dmean":5.48553562164,"dmean2":8.53988933563,"dvar":55.2207260132,"dvar2":135.550323486,"max":85.0391159058,"mean":17.5802307129,"median":16.4470977783,"min":1.08664063476e-16,"var":166.546524048},"melbands":{"dmean":[0.000183532785741,0.00104567536619,0.000889731803909,0.000581814965699,0.000234980310779,0.000317819067277,0.00037130821147,0.000433797569713,0.000140559262945,0.000082506754552,0.000566448725294,0.000370606750948,0.000104293932964,0.0000380067067454,0.0000482136420032,0.0000294036999549,0.0000239794153458,0.00000629095939075,0.00000153341977693,0.00000292533013635,5.93322454279e-7,0.00000102747264918,8.30277144814e-7,0.00000158263765115,9.52244874952e-7,5.7635321582e-7,6.35825244899e-7,5.47056231426e-7,1.67549146113e-7,3.96800572844e-7,2.68168406592e-7,5.91724713672e-8,4.30361204451e-8,2.5473534393e-8,1.96069915859e-8,1.43849225864e-8,6.27409280085e-9,4.98595031928e-9,2.80176681855e-9,1.41706757439e-9],"dmean2":[0.000316345802275,0.00172800000291,0.00148773053661,0.000965050014202,0.000383293576306,0.000517827924341,0.000602464482654,0.000710578693543,0.000231051759329,0.000136728485813,0.000823183683679,0.000579353363719,0.000186998833669,0.0000654801915516,0.000079727753473,0.0000509971250722,0.0000408845771744,0.0000106277329905,0.00000256677731159,0.00000498767212775,0.00000100395243408,0.00000171405247329,0.00000134321533096,0.00000263606034423,0.00000158988439125,9.26509756027e-7,0.00000107225218926,9.11965116757e-7,2.77538106275e-7,6.51996685974e-7,4.41640509052e-7,9.99300482363e-8,7.51775033336e-8,4.34896456625e-8,3.26256213157e-8,2.42372806269e-8,1.05712665288e-8,8.39021385701e-9,4.77546446831e-9,2.43290321222e-9],"dvar":[1.1976808878e-7,0.00000609506287219,0.00000323679705616,8.21395701678e-7,2.03611293159e-7,3.29485402517e-7,5.32977765033e-7,8.67565063345e-7,7.70978729747e-8,2.69782667317e-8,7.1429747095e-7,5.25138716512e-7,1.44452528161e-7,4.40102976285e-9,8.75841088543e-9,7.03168989702e-9,2.77726797115e-9,3.57763652037e-10,1.09487358416e-11,4.87257560688e-11,2.43584948219e-12,3.23209059343e-12,4.48303807271e-12,8.94235727134e-12,3.61567178107e-12,1.5056775271e-12,1.65853171041e-12,1.24255434501e-12,8.98429551241e-14,8.87451245303e-13,4.51920835823e-13,1.92257590192e-14,1.57104130459e-14,5.9479547176e-15,2.55626983712e-15,2.52653728661e-15,2.46229354333e-16,1.08046748511e-16,3.60502979528e-17,1.25414824913e-17],"dvar2":[3.19736017218e-7,0.0000169669528987,0.00000831548186397,0.00000217739898289,5.02733030316e-7,8.37073173443e-7,0.00000137456584071,0.00000217784531742,2.07058334922e-7,7.22079107618e-8,0.00000149659274484,0.00000136555911467,4.18834787297e-7,1.289860041e-8,2.37629151911e-8,2.09473753898e-8,7.81063569377e-9,8.87456330645e-10,3.05466138495e-11,1.41616135485e-10,7.36323328698e-12,8.80143961185e-12,1.01083048182e-11,2.39654285999e-11,9.98562343923e-12,3.66108142066e-12,4.65527876664e-12,3.36916020256e-12,2.3931689421e-13,2.27035339313e-12,1.24791583317e-12,5.33730605014e-14,4.41800018607e-14,1.60702190894e-14,6.57259450587e-15,6.48754689225e-15,6.23958244386e-16,2.80051141689e-16,9.53209784507e-17,3.40436702834e-17],"max":[0.00614551315084,0.0448219142854,0.0274322293699,0.020276421681,0.0130259627476,0.0103773791343,0.00929143186659,0.0199925750494,0.00422731693834,0.00285148387775,0.0104507021606,0.0085623273626,0.00566006917506,0.00108725647442,0.00117690768093,0.00197988655418,0.000985667575151,0.000830036064144,0.0000793814615463,0.000142083852552,0.0000426105689257,0.0000553244899493,0.0000997331735562,0.0000505367934238,0.00003205444591,0.0000236087525991,0.0000239819346461,0.0000245035007538,0.00000693155379849,0.000028438256777,0.0000169974646269,0.00000356728719453,0.0000032451541756,0.00000222273729378,0.00000261288391812,0.00000315775446325,6.10025097103e-7,2.81023318394e-7,1.17712488645e-7,8.40124911861e-8],"mean":[0.000342855288181,0.00165077648126,0.00139001954813,0.00106402707752,0.000506161479279,0.000599345657974,0.000566443486605,0.000661736528855,0.000236226405832,0.000135960275657,0.00125447486062,0.000681851583067,0.000115154936793,0.0000748181628296,0.000107381485577,0.0000442481432401,0.0000349744987034,0.00000930886744754,0.00000223203096539,0.00000456851785202,0.00000116597425404,0.00000166146048741,0.00000167468408563,0.00000270551595349,0.00000158190903221,9.87616431303e-7,0.00000117435843094,0.00000102295564375,3.39684419259e-7,7.26585710709e-7,4.9455422868e-7,1.11338032127e-7,8.00983954719e-8,5.10213702398e-8,4.65192364629e-8,3.44019106535e-8,1.49477141775e-8,1.25219834501e-8,7.09653402708e-9,3.2113149917e-9],"median":[0.000201421149541,0.000666690757498,0.000835088721942,0.000618115765974,0.000273611862212,0.000242197522311,0.000199556612642,0.000242754817009,0.000108272768557,0.0000520373978361,0.000660165154841,0.000326035660692,0.0000489877274958,0.0000431467997259,0.000025828860089,0.00000827274925541,0.0000111862855192,0.0000019924211756,0.00000113198916551,0.00000144208411257,4.30324803347e-7,9.64287437455e-7,8.42011559143e-7,0.00000160646163749,0.0000010453975392,5.66132996482e-7,7.50779122427e-7,6.44765805191e-7,2.3260130888e-7,5.02515035805e-7,3.38057844829e-7,8.48330827807e-8,6.10135799661e-8,4.13685832257e-8,4.08155713671e-8,3.01453511042e-8,1.31429764849e-8,1.14293712272e-8,6.55946186257e-9,2.9310922578e-9],"min":[5.19395141202e-25,6.1790049826e-25,1.03628278941e-24,2.0061655787e-24,1.31844847444e-24,2.45123301282e-24,1.81381880747e-24,2.54919671826e-24,1.64759023474e-24,2.35433308631e-24,3.07412231675e-24,2.51020766245e-24,1.85838747647e-24,1.10741615217e-24,2.22232884952e-24,2.45714375037e-24,3.32154301764e-24,3.64930762401e-24,3.40096395586e-24,3.09792008089e-24,4.26649149145e-24,3.6275386129e-24,3.06062214565e-24,2.75946167609e-24,2.24665830591e-24,1.62582437907e-24,1.03099081463e-24,7.89694928413e-25,5.12037238324e-25,3.9209527642e-25,3.27398328392e-25,2.93256650281e-25,1.65465164918e-25,1.11846942465e-25,1.15744802806e-25,1.03276572702e-25,2.32576508027e-25,7.58977375017e-26,8.95012986856e-26,5.72724911734e-26],"var":[2.11709561881e-7,0.00000887225178303,0.00000412461622545,0.00000191462208932,8.01504427272e-7,8.18733496999e-7,8.46349905714e-7,0.00000162367064149,1.34659529749e-7,5.30708419433e-8,0.00000226107908929,7.98353426035e-7,9.24298078075e-8,8.25728108111e-9,2.74172116121e-8,1.29262556214e-8,4.42752812191e-9,5.31014510141e-10,1.37345213327e-11,8.68543709176e-11,6.1927052028e-12,5.90195123676e-12,1.37012701532e-11,1.31693215361e-11,4.26717385385e-12,2.29802049785e-12,2.5454991847e-12,1.97373345966e-12,1.64643526677e-13,1.1315494982e-12,5.04617669265e-13,2.15264580521e-14,1.51599754614e-14,5.72839869547e-15,3.1099871332e-15,2.63640105976e-15,3.13407590319e-16,1.54234641179e-16,4.78092361518e-17,1.29745256041e-17]},"melbands_crest":{"dmean":2.98585414886,"dmean2":4.96591234207,"dvar":6.84999990463,"dvar2":18.9816398621,"max":40,"mean":12.5467710495,"median":11.552110672,"min":1.57262742519,"var":24.3698348999},"melbands_flatness_db":{"dmean":0.0204144846648,"dmean2":0.0326326154172,"dvar":0.00045527916518,"dvar2":0.000979333184659,"max":1,"mean":0.294662922621,"median":0.295595109463,"min":0.00358754000627,"var":0.00364899891429},"melbands_kurtosis":{"dmean":609701.125,"dmean2":1219573.5,"dvar":1233201745890000,"dvar2":2465998422670000,"max":2023285760,"mean":3352847,"median":0.548796653748,"min":-1.72374999523,"var":6772534213080000},"melbands_skewness":{"dmean":10.5680913925,"dmean2":20.8514690399,"dvar":331363.5625,"dvar2":660547.125,"max":33273.3164062,"mean":56.0479660034,"median":0.721446096897,"min":-2.10516023636,"var":1831491.625},"melbands_spread":{"dmean":3.12594676018,"dmean2":5.16189002991,"dvar":14.7997598648,"dvar2":38.0310249329,"max":170.582305908,"mean":15.8914861679,"median":13.9291543961,"min":8.61477911229e-9,"var":247.378067017},"mfcc":{"cov":[[13347.3662109,3788.30859375,-858.607116699,691.923461914,-852.137390137,210.627182007,-27.233247757,98.2372055054,-163.38861084,123.681510925,-28.1613636017,103.115829468,-254.21824646],[3788.30859375,1831.21362305,-175.407211304,20.3994941711,-195.773239136,40.3181533813,58.1670875549,81.1113586426,-15.9581956863,6.52698993683,-36.4944725037,44.5049285889,-51.3626785278],[-858.607116699,-175.407211304,285.050292969,-19.4802360535,46.692237854,-18.2681674957,-18.50715065,-36.9964752197,-27.3048820496,-8.95607376099,-13.1815319061,-50.1665153503,-10.4795818329],[691.923461914,20.3994941711,-19.4802360535,207.425628662,-28.043964386,5.93456268311,-17.4498653412,-20.1030445099,-11.8012428284,13.4422121048,4.83518695831,-10.6407403946,-14.5054979324],[-852.137390137,-195.773239136,46.692237854,-28.043964386,180.155609131,17.3833675385,-27.6064605713,-13.5711698532,19.9530315399,9.32911682129,8.49077129364,4.73882675171,30.4807262421],[210.627182007,40.3181533813,-18.2681674957,5.93456268311,17.3833675385,85.4590072632,42.5044212341,-5.84091949463,-27.9617538452,14.524225235,33.6814651489,4.92901515961,-26.8043670654],[-27.233247757,58.1670875549,-18.50715065,-17.4498653412,-27.6064605713,42.5044212341,127.860969543,55.6811141968,-3.66302204132,-13.2637138367,31.7656440735,19.0496845245,-19.8272914886],[98.2372055054,81.1113586426,-36.9964752197,-20.1030445099,-13.5711698532,-5.84091949463,55.6811141968,116.024185181,59.9160575867,-20.1561012268,-17.617269516,38.3119010925,34.7196388245],[-163.38861084,-15.9581956863,-27.3048820496,-11.8012428284,19.9530315399,-27.9617538452,-3.66302204132,59.9160575867,92.9702682495,7.83479738235,-25.9167633057,21.2273216248,53.2666320801],[123.681510925,6.52698993683,-8.95607376099,13.4422121048,9.32911682129,14.524225235,-13.2637138367,-20.1561012268,7.83479738235,63.2209205627,38.870677948,-2.69486284256,-13.6948843002],[-28.1613636017,-36.4944725037,-13.1815319061,4.83518695831,8.49077129364,33.6814651489,31.7656440735,-17.617269516,-25.9167633057,38.870677948,97.3479766846,24.6680545807,-36.3079948425],[103.115829468,44.5049285889,-50.1665153503,-10.6407403946,4.73882675171,4.92901515961,19.0496845245,38.3119010925,21.2273216248,-2.69486284256,24.6680545807,83.5428924561,37.1471176147],[-254.21824646,-51.3626785278,-10.4795818329,-14.5054979324,30.4807262421,-26.8043670654,-19.8272914886,34.7196388245,53.2666320801,-13.6948843002,-36.3079948425,37.1471176147,107.895690918]],"icov":[[0.00103364512324,-0.00153855828103,0.0013274095254,-0.0024536838755,0.00281193829142,-0.002879061969,0.00317606399767,-0.00219359993935,0.00186790444423,-0.00165902695153,0.00100941734854,-0.000853792938869,0.000782856775913],[-0.00153855828103,0.00302467122674,-0.00175002508331,0.0037058184389,-0.00360060855746,0.00392387527972,-0.00468221586198,0.00262395851314,-0.00211524334736,0.00145800830796,-0.000255795894191,0.000467096397188,-0.000587337010074],[0.0013274095254,-0.00175002508331,0.00628108903766,-0.00283559388481,0.00219673314132,-0.00184868380893,0.00335883465596,-0.00299783539958,0.00459722289816,-0.00244220788591,0.0015712401364,0.00136213353835,0.000505596399307],[-0.0024536838755,0.0037058184389,-0.00283559388481,0.0110232755542,-0.00561510026455,0.00594652350992,-0.00646355375648,0.00540699996054,-0.00437088916078,0.00330513273366,-0.00251170713454,0.00247430265881,-0.00179441110231],[0.00281193829142,-0.00360060855746,0.00219673314132,-0.00561510026455,0.0161820724607,-0.012988563627,0.0117878150195,-0.00489578116685,0.00111778173596,-0.00248474208638,0.00032916048076,-0.00213394127786,0.00029140204424],[-0.002879061969,0.00392387527972,-0.00184868380893,0.00594652350992,-0.012988563627,0.0293082799762,-0.0174327529967,0.00615808414295,0.0031853239052,-0.00290878117085,-0.000798940251116,0.00109975330997,-0.0011197195854],[0.00317606399767,-0.00468221586198,0.00335883465596,-0.00646355375648,0.0117878150195,-0.0174327529967,0.0281658507884,-0.0167435277253,0.00529185682535,0.00257720891386,-0.00578351691365,0.0003846019099,0.00325046828948],[-0.00219359993935,0.00262395851314,-0.00299783539958,0.00540699996054,-0.00489578116685,0.00615808414295,-0.0167435277253,0.0302250161767,-0.0202270094305,0.0097224758938,0.0006243714015,-0.00448383577168,-0.000399925746024],[0.00186790444423,-0.00211524334736,0.00459722289816,-0.00437088916078,0.00111778173596,0.0031853239052,0.00529185682535,-0.0202270094305,0.0363698266447,-0.0200511850417,0.0101388227195,-0.00168222794309,-0.00529950158671],[-0.00165902695153,0.00145800830796,-0.00244220788591,0.00330513273366,-0.00248474208638,-0.00290878117085,0.00257720891386,0.0097224758938,-0.0200511850417,0.0384414605796,-0.0216382760555,0.00874874833971,-0.00119869678747],[0.00100941734854,-0.000255795894191,0.0015712401364,-0.00251170713454,0.00032916048076,-0.000798940251116,-0.00578351691365,0.0006243714015,0.0101388227195,-0.0216382760555,0.031845305115,-0.0161174274981,0.00902973208576],[-0.000853792938869,0.000467096397188,0.00136213353835,0.00247430265881,-0.00213394127786,0.00109975330997,0.0003846019099,-0.00448383577168,-0.00168222794309,0.00874874833971,-0.0161174274981,0.0265391115099,-0.011554595083],[0.000782856775913,-0.000587337010074,0.000505596399307,-0.00179441110231,0.00029140204424,-0.0011197195854,0.00325046828948,-0.000399925746024,-0.00529950158671,-0.00119869678747,0.00902973208576,-0.011554595083,0.0204873662442]],"mean":[-730.825561523,189.705780029,-0.705436825752,14.800652504,-28.4546661377,3.10582208633,12.031537056,7.76715517044,-5.2570605278,-2.585460186,-5.36397981644,-1.99215364456,-10.8476715088]},"pitch_salience":{"dmean":0.0669686496258,"dmean2":0.110442005098,"dvar":0.00343083404005,"dvar2":0.00891982391477,"max":0.835578918457,"mean":0.521657288074,"median":0.518651008606,"min":0.0000164758730534,"var":0.0110132666305},"silence_rate_20dB":{"dmean":0,"dmean2":0,"dvar":0,"dvar2":0,"max":1,"mean":1,"median":1,"min":1,"var":0},"silence_rate_30dB":{"dmean":0.00813620630652,"dmean2":0.0162748638541,"dvar":0.00806953385472,"dvar2":0.0196259189397,"max":1,"mean":0.993672788143,"median":1,"min":0,"var":0.00628658989444},"silence_rate_60dB":{"dmean":0.0042187734507,"dmean2":0.00843881815672,"dvar":0.00420085573569,"dvar2":0.00927200727165,"max":1,"mean":0.163151547313,"median":0,"min":0,"var":0.136531874537},"spectral_centroid":{"dmean":93.8120956421,"dmean2":153.899963379,"dvar":37466.6328125,"dvar2":83242.3359375,"max":11985.8964844,"mean":836.522399902,"median":670.41003418,"min":223.848175049,"var":1659749.25},"spectral_complexity":{"dmean":1.87886095047,"dmean2":3.08257985115,"dvar":3.48318576813,"dvar2":8.41754627228,"max":31,"mean":11.5132570267,"median":12,"min":0,"var":25.6352043152},"spectral_contrast_coeffs":{"dmean":[0.0510928444564,0.05189954862,0.0451439581811,0.0312149170786,0.0174525920302,0.0164645202458],"dmean2":[0.0856395512819,0.0851004272699,0.0729089155793,0.0521083325148,0.0295120310038,0.0265733934939],"dvar":[0.00167344254442,0.00173476838972,0.0013151752064,0.000629898451734,0.000188400154002,0.000188380639884],"dvar2":[0.00462191691622,0.00470942351967,0.00338490004651,0.00175936019514,0.000526380026713,0.000470997852972],"max":[-0.375429570675,-0.412939786911,-0.478034794331,-0.524809956551,-0.684838294983,-0.604724466801],"mean":[-0.618976652622,-0.709801018238,-0.692867338657,-0.738860070705,-0.814497172832,-0.739101707935],"median":[-0.61464202404,-0.708403229713,-0.68713259697,-0.736519813538,-0.811577677727,-0.730785012245],"min":[-0.980492770672,-0.979070723057,-0.977592885494,-0.971997618675,-0.969426989555,-0.963646352291],"var":[0.00753292581066,0.00768507039174,0.00694836769253,0.00453716842458,0.00129263394047,0.00263140886091]},"spectral_contrast_valleys":{"dmean":[0.365903407335,0.329376518726,0.354061871767,0.280498474836,0.195020645857,0.146541193128],"dmean2":[0.61998039484,0.536562561989,0.579112946987,0.443881601095,0.306774437428,0.239803507924],"dvar":[0.128653183579,0.128487199545,0.143916010857,0.106405936182,0.0895664393902,0.071864053607],"dvar2":[0.296891987324,0.263600379229,0.315227717161,0.20713545382,0.163606092334,0.131101056933],"max":[-5.47595787048,-4.74218034744,-4.89897632599,-6.55530691147,-6.98422527313,-10.2386007309],"mean":[-7.81044435501,-7.10081291199,-7.61890506744,-8.97865009308,-9.05642795563,-12.3451480865],"median":[-7.11863899231,-6.39811754227,-6.94671630859,-8.36516284943,-8.39831733704,-11.7259435654],"min":[-28.0463447571,-27.988494873,-27.7946472168,-27.6613769531,-27.4642162323,-27.4380302429],"var":[8.18002128601,8.7886095047,8.28641414642,7.16467428207,7.05846357346,4.78722238541]},"spectral_decrease":{"dmean":2.63561505953e-9,"dmean2":4.11440392867e-9,"dvar":1.31437502138e-17,"dvar2":3.26682773742e-17,"max":5.24057299233e-18,"mean":-8.50766568306e-9,"median":-8.38121394509e-9,"min":-5.43763256644e-8,"var":3.69203000514e-17},"spectral_energy":{"dmean":0.0103968288749,"dmean2":0.0162072237581,"dvar":0.000200793219847,"dvar2":0.000498076551594,"max":0.208266347647,"mean":0.0337043888867,"median":0.0332809686661,"min":9.80927639032e-21,"var":0.000573117577005},"spectral_energyband_high":{"dmean":0.0000188958620129,"dmean2":0.0000304011009575,"dvar":1.94109017748e-9,"dvar2":5.02699037952e-9,"max":0.00110267940909,"mean":0.0000457989626739,"median":0.0000357912140316,"min":8.32424013218e-23,"var":2.97780822223e-9},"spectral_energyband_low":{"dmean":0.00395229132846,"dmean2":0.00663404585794,"dvar":0.0000912595860427,"dvar2":0.000242054404225,"max":0.173065051436,"mean":0.00696643907577,"median":0.00341912731528,"min":1.06331744706e-23,"var":0.000133077905048},"spectral_energyband_middle_high":{"dmean":0.00490477262065,"dmean2":0.00748162157834,"dvar":0.0000594423108851,"dvar2":0.00014372629812,"max":0.0788982957602,"mean":0.0115874921903,"median":0.00718761608005,"min":1.01559947179e-21,"var":0.000148051447468},"spectral_energyband_middle_low":{"dmean":0.00648664822802,"dmean2":0.0104060936719,"dvar":0.0000624758831691,"dvar2":0.000149978324771,"max":0.0992447882891,"mean":0.0173850655556,"median":0.0159191712737,"min":1.65444351908e-22,"var":0.000179909198778},"spectral_entropy":{"dmean":0.171443715692,"dmean2":0.269713580608,"dvar":0.0204034559429,"dvar2":0.0484171845019,"max":9.82327079773,"mean":6.76296901703,"median":6.71893310547,"min":5.39405202866,"var":0.282915681601},"spectral_flux":{"dmean":0.0228064078838,"dmean2":0.0364271886647,"dvar":0.000680273282342,"dvar2":0.00158574059606,"max":0.332227885723,"mean":0.0814791545272,"median":0.0808362662792,"min":0,"var":0.00233514257707},"spectral_kurtosis":{"dmean":5.42718458176,"dmean2":9.56622314453,"dvar":28.1393013,"dvar2":84.571182251,"max":101.106048584,"mean":12.6508722305,"median":10.3838100433,"min":-1.30543863773,"var":96.8883056641},"spectral_rms":{"dmean":0.000790136749856,"dmean2":0.00121889216825,"dvar":7.83556515671e-7,"dvar2":0.00000186436363947,"max":0.0142543567345,"mean":0.00515951355919,"median":0.0056981779635,"min":3.09354581882e-12,"var":0.00000626178371022},"spectral_rolloff":{"dmean":117.22605896,"dmean2":213.260284424,"dvar":123552.015625,"dvar2":260515.234375,"max":19444.4824219,"mean":1083.85449219,"median":839.794921875,"min":21.533203125,"var":4953013.5},"spectral_skewness":{"dmean":0.44519457221,"dmean2":0.766645491123,"dvar":0.14105835557,"dvar2":0.412608265877,"max":7.9041519165,"mean":2.49883317947,"median":2.38066148758,"min":-0.0924803987145,"var":0.724161505699},"spectral_spread":{"dmean":293644.90625,"dmean2":499497.78125,"dvar":762094092288,"dvar2":1620412596220,"max":51025228,"mean":3158280.5,"median":2453259.75,"min":777515.5,"var":24844110397400},"spectral_strongpeak":{"dmean":0.89319652319,"dmean2":1.44545519352,"dvar":1.09573423862,"dvar2":2.43927788734,"max":8.69851303101,"mean":1.92848908901,"median":1.32760214806,"min":0,"var":3.15945124626},"zerocrossingrate":{"dmean":0.00319468509406,"dmean2":0.00438268482685,"dvar":0.0000620449209237,"dvar2":0.000110294138722,"max":0.521484375,"mean":0.0375811047852,"median":0.03125,"min":0,"var":0.00340083660558}},"metadata":{"audio_properties":{"analysis_sample_rate":44100,"bit_rate":0,"codec":"flac","downmix":"mix","equal_loudness":0,"length":154.106674194,"lossless":true,"md5_encoded":"cac9ce22a4615606dadf79aa1637b1e2","replay_gain":-0.959432601929,"sample_rate":44100},"tags":{"acoustid_id":["f4fbd333-db1b-4eb5-b77a-3db3bc307117"],"album":["13"],"albumartist":["Blur"],"albumartistsort":["Blur"],"artist":["Blur"],"artistsort":["Blur"],"date":["1999"],"file_name":"13 - Optigan 1.flac","musicbrainz_albumartistid":["ba853904-ae25-4ebb-89d6-c44cfbd71bd2"],"musicbrainz_albumid":["16a2fa8b-480e-3d58-8c42-684b9bec1493"],"musicbrainz_artistid":["ba853904-ae25-4ebb-89d6-c44cfbd71bd2"],"musicbrainz_recordingid":["3aa16075-9ee7-48ff-9ccc-a68ef117bcfa"],"musicbrainz_releasegroupid":["307e8da2-8e8b-3bde-9324-5162501166d1"],"musicbrainz_releasetrackid":["a007ef9a-ca3c-30cc-9c52-e06d1b13d0ca"],"title":["Optigan 1"],"totaltracks":["13"],"tracknumber":["13"],"tracktotal":["13"]},"version":{"essentia":"2.1-beta2","essentia_build_sha":"70f2e5ece6736b2c40cc944ad0e695b16b925413","essentia_git_sha":"v2.1_beta2","extractor":"music 1.0"}},"rhythm":{"beats_count":246,"beats_loudness":{"dmean":0.0152424369007,"dmean2":0.026216160506,"dvar":0.000211425955058,"dvar2":0.000560398155358,"max":0.117751412094,"mean":0.0440927222371,"median":0.0487798154354,"min":0,"var":0.000644671556074},"beats_loudness_band_ratio":{"dmean":[0.18214122951,0.168804138899,0.105216093361,0.219087958336,0.00766412261873,0.00877095665783],"dmean2":[0.300437808037,0.294416248798,0.181641608477,0.377361595631,0.0131310913712,0.0166082736105],"dvar":[0.0191699899733,0.013260752894,0.00774246873334,0.0190019495785,0.000147866536281,0.00532446987927],"dvar2":[0.0546088814735,0.0407111123204,0.021552497521,0.0569151900709,0.000403160200221,0.0157181359828],"max":[0.971377372742,0.627625644207,0.630970060825,0.737594127655,0.103535301983,0.842867553234],"mean":[0.35438606143,0.2275187373