{"lowlevel":{"average_loudness":0.898421525955,"barkbands":{"dmean":[0.00149755063467,0.00358195672743,0.00328139448538,0.00249653472565,0.00217783614062,0.00135909754317,0.000810648954939,0.000421924632974,0.000469245656859,0.000524363596924,0.000230161269428,0.000241228481173,0.000646566448268,0.000454092718428,0.000347907771356,0.000412732013501,0.000258867949015,0.000216472166358,0.0000825077222544,0.0000546345363546,0.0000346406013705,0.0000225017902267,0.0000054379283938,0.00000274117314802,0.00000233190462495,0.00000289588956548,0.000403260695748],"dmean2":[0.00251980521716,0.00610490096733,0.00543211819604,0.00429994612932,0.00348087213933,0.00189825799316,0.00135011866223,0.000721391639672,0.000792186881881,0.00087565992726,0.000380778539693,0.000401369470637,0.00111076852772,0.000767527264543,0.00057961238781,0.000682990939822,0.000429255655035,0.000354029791197,0.000133195848321,0.0000884005858097,0.0000550058794033,0.0000357937606168,0.00000865666515892,0.00000448755736215,0.00000386452302337,0.00000468460530101,0.000675953458995],"dvar":[0.000023218921342,0.0000462005336885,0.0000242376809183,0.0000132608793137,0.0000119832684504,0.0000138970690386,0.00000316083833241,5.90522347466e-7,0.00000103605077584,8.19179660994e-7,1.76913701466e-7,1.77087528641e-7,9.15938130674e-7,2.80754818505e-7,2.51320500411e-7,3.5168122281e-7,1.46910636545e-7,1.26703938008e-7,1.93275919713e-8,8.03304978092e-9,3.51376661101e-9,2.05767802797e-9,7.3269897094e-11,1.57383741456e-11,1.26214481574e-11,1.5543660109e-11,5.19499621987e-7],"dvar2":[0.000058695262851,0.000123111385619,0.0000645709806122,0.0000408348096244,0.0000281096818071,0.0000208322562685,0.00000780071422923,0.00000160724016496,0.00000282887026515,0.00000219315961658,4.06396367225e-7,3.72705244445e-7,0.00000259689136328,7.76238266553e-7,6.74485249874e-7,9.27360588321e-7,3.932644006e-7,3.30183411279e-7,5.13009226211e-8,2.03593355508e-8,9.22228693412e-9,5.10072561966e-9,1.83065410053e-10,3.88928056427e-11,3.12474837671e-11,3.84702825151e-11,0.00000148341655404],"max":[0.0751295089722,0.106295950711,0.0594634115696,0.044556863606,0.0974633768201,0.185775592923,0.0405017547309,0.0233293287456,0.0372276753187,0.0154859656468,0.0170803144574,0.0281150024384,0.0112513098866,0.00809900742024,0.0080648297444,0.00882194936275,0.00518685718998,0.00780315464363,0.00269924011081,0.00192330952268,0.00145430024713,0.000999039737508,0.000233140322962,0.0000544385329704,0.0000406789840781,0.0000499951638631,0.0140707856044],"mean":[0.00153697747737,0.00524818152189,0.00530532840639,0.00412317551672,0.00494955386966,0.00391632923856,0.00116684706882,0.000646608998068,0.000790614052676,0.000806161377113,0.000428473897045,0.000463781121653,0.00110525975469,0.00091797823552,0.000699995202012,0.000824318674859,0.000585311907344,0.000512336497195,0.000208818324609,0.000152239430463,0.000103093167127,0.0000590462186665,0.0000135707887239,0.00000385237672162,0.00000243479394157,0.00000504851777805,0.00122754566837],"median":[0.000389138236642,0.00274163205177,0.00328343990259,0.00256034452468,0.00261262967251,0.000920479535125,0.000623361789621,0.000361840298865,0.000348911329638,0.000398148113163,0.000261708017206,0.000311597483233,0.000718882249203,0.000762376817875,0.000504914787598,0.000577369122766,0.000319837359712,0.00023630427313,0.0000937544682529,0.0000684959231876,0.0000446678532171,0.0000204190473596,0.00000686745715939,0.00000214050260183,9.51309687025e-7,0.00000349338529304,0.000824190035928],"min":[7.31906331155e-25,2.25414735692e-24,1.08497591904e-24,1.92135179012e-24,1.15013040639e-23,7.76408814718e-24,5.12883912872e-24,8.74214077444e-24,2.56424065071e-23,1.62238206619e-23,1.14066604768e-23,2.41906673609e-23,3.37706115489e-23,4.33547508991e-23,3.89825177309e-23,6.61758689539e-23,6.85339635262e-23,6.98205956626e-23,1.09062822181e-22,1.78675821208e-22,2.32382443512e-22,3.16584017653e-22,3.79282228016e-22,6.00527773081e-22,8.02990678833e-22,1.29092773017e-21,1.92836379327e-21],"var":[0.0000228208828048,0.0000625164466328,0.0000432857377746,0.0000252777481364,0.0000678284632158,0.000180235278094,0.00000575049944018,0.00000114787462735,0.00000331010141963,0.00000134544973207,7.97583652457e-7,0.00000123829750009,0.00000151785002345,6.10976712778e-7,5.35563231097e-7,7.82032202551e-7,4.51446652505e-7,4.13432644564e-7,7.09547194333e-8,3.72438009322e-8,1.77419945402e-8,7.57280904651e-9,3.08948699956e-10,2.48353611981e-11,1.45070674223e-11,2.89241148393e-11,0.00000163854952007]},"barkbands_crest":{"dmean":2.36212134361,"dmean2":3.92015600204,"dvar":4.39438009262,"dvar2":11.9036903381,"max":25.5257358551,"mean":9.17734146118,"median":8.29116153717,"min":2.37493371964,"var":16.9446468353},"barkbands_flatness_db":{"dmean":0.0209352690727,"dmean2":0.0336888059974,"dvar":0.000357808981789,"dvar2":0.00094406993594,"max":0.366781800985,"mean":0.135670855641,"median":0.124601654708,"min":0.0290886349976,"var":0.00267320591956},"barkbands_kurtosis":{"dmean":2.8641731739,"dmean2":4.53629493713,"dvar":31.7416343689,"dvar2":65.9823913574,"max":178.428405762,"mean":5.64423799515,"median":1.87073802948,"min":-1.87564027309,"var":139.751647949},"barkbands_skewness":{"dmean":0.49983304739,"dmean2":0.800285935402,"dvar":0.277392029762,"dvar2":0.662424445152,"max":11.9919538498,"mean":1.77725708485,"median":1.51521170139,"min":-2.13536477089,"var":1.83506381512},"barkbands_spread":{"dmean":7.4648065567,"dmean2":12.0271539688,"dvar":70.3552246094,"dvar2":187.140884399,"max":127.338424683,"mean":35.882434845,"median":36.4729537964,"min":1.04455089569,"var":401.221618652},"dissonance":{"dmean":0.0135085824877,"dmean2":0.0233477465808,"dvar":0.000213387887925,"dvar2":0.000608467496932,"max":0.500000059605,"mean":0.47742921114,"median":0.484066575766,"min":0.266193181276,"var":0.000492967024911},"dynamic_complexity":3.79487514496,"erbbands":{"dmean":[0.15636511147,0.701595723629,2.88732171059,6.67936229706,8.05574226379,6.84119701385,11.7551364899,9.11500644684,6.46180772781,17.7222957611,6.39352750778,11.7099380493,13.4913930893,12.1200370789,10.2668790817,8.53003978729,28.8127536774,23.3294258118,16.9805164337,18.5386486053,24.1929664612,13.2135162354,8.50559806824,7.75407934189,4.34437227249,2.63928890228,1.85712575912,1.17405450344,0.768835127354,0.262610644102,0.13479757309,0.0702857300639,0.0397079586983,0.0261544473469,0.0165950451046,0.00964642222971,0.0055071413517,0.0044914111495,0.00526470458135,0.0105511080474],"dmean2":[0.262407064438,1.20403969288,4.82616424561,11.1390132904,13.5414333344,10.9627256393,16.4900493622,13.7833843231,10.8001003265,29.7192211151,10.6961145401,19.8420143127,22.5557098389,20.0836982727,16.9638290405,14.3083257675,49.6654624939,39.5008850098,27.9422454834,31.064868927,39.751953125,21.6438121796,13.9587955475,12.4859409332,7.01098775864,4.2621049881,2.97328400612,1.83617663383,1.19915676117,0.409235775471,0.213370397687,0.113538444042,0.065681181848,0.0433806180954,0.0274546984583,0.0158776417375,0.00888506043702,0.00684171542525,0.0078036589548,0.0176510252059],"dvar":[0.135330304503,1.30936634541,21.506072998,81.7952270508,166.838989258,147.030014038,985.717712402,725.031616211,114.401191711,1864.09143066,159.354690552,702.716125488,618.816711426,322.484710693,515.034484863,131.903930664,2007.46191406,768.763183594,563.960998535,696.175964355,1355.0369873,383.561279297,170.780715942,174.916381836,65.6081390381,17.6804771423,10.1132936478,4.05341100693,2.23961305618,0.174774229527,0.0416307337582,0.0100807137787,0.00366749893874,0.00160618894733,0.000630034075584,0.000201219838345,0.0000569800067751,0.0000363987419405,0.0000475496453873,0.000291739794193],"dvar2":[0.33787548542,3.66413283348,58.0726509094,237.043807983,460.019592285,327.333557129,1271.68261719,1602.65148926,297.337738037,4540.78271484,446.303710938,1875.38916016,1649.56164551,841.24395752,1046.86560059,326.920379639,5770.13769531,2144.32543945,1450.98034668,1868.16345215,3478.35351562,1014.51635742,434.888153076,455.531646729,173.874740601,45.4616394043,25.9489269257,9.78715991974,5.56700181961,0.439859807491,0.101385012269,0.0245063640177,0.0091110849753,0.00398101937026,0.00155928079039,0.000497830100358,0.000140242424095,0.0000812306680018,0.000101410667412,0.000844635593239],"max":[6.46396541595,12.9221878052,63.1687469482,111.745811462,263.893005371,531.939331055,1521.62438965,977.698364258,228.059036255,1140.70996094,330.339904785,875.955200195,440.501678467,454.921630859,1678.33850098,398.976104736,544.752685547,481.061920166,489.660949707,470.698303223,601.843017578,292.768005371,250.769866943,297.431121826,153.373153687,66.1264419556,86.5683517456,40.8085975647,40.343082428,12.5411682129,5.5401096344,1.86823093891,0.808124184608,0.460879981518,0.287151604891,0.164011478424,0.102693207562,0.168418303132,0.205589219928,0.241387158632],"mean":[0.209964320064,0.992270410061,4.70567131042,12.4078798294,14.8583421707,14.6804637909,35.9448280334,21.2730484009,10.9774169922,25.5230064392,11.8286132812,19.2846927643,22.2192687988,21.8342723846,20.9316310883,18.1167373657,50.230846405,51.2486343384,37.1579971313,39.4354820251,50.9379577637,32.9063987732,23.0950050354,19.1751022339,10.5028305054,7.43197584152,5.47441244125,3.56470322609,2.19001865387,0.772991120815,0.328804284334,0.123994462192,0.0463131181896,0.0274710208178,0.0175020527095,0.0111308377236,0.0101710371673,0.0159847456962,0.025304608047,0.0374109596014],"median":[0.0762939825654,0.597160756588,2.96758627892,8.16462802887,7.88911104202,7.47850370407,8.09333324432,6.98618745804,7.04810571671,11.8684206009,6.95401716232,7.90799856186,10.8289833069,13.3037195206,13.1544418335,14.6806364059,32.5042037964,43.8111190796,29.515668869,30.3569602966,32.7971916199,18.6595668793,12.2168264389,8.25297832489,4.01944923401,3.50592374802,2.40002036095,1.39908373356,0.791657328606,0.338713914156,0.176879927516,0.0738836377859,0.0211458113045,0.0108481273055,0.00703834882006,0.00531333591789,0.00716028595343,0.00966373551637,0.018746111542,0.0224925223738],"min":[5.06169255065e-23,9.18309521402e-22,1.71468179608e-21,7.20360576199e-21,1.4980160114e-20,1.73168581027e-20,3.86319777068e-20,5.01257654093e-20,9.47062153896e-20,1.24698485469e-19,3.32270102708e-19,5.08252338589e-19,6.26868384068e-19,8.47651885148e-19,1.02449120939e-18,1.19143548895e-18,1.41663830585e-18,2.4775850192e-18,2.302442139e-18,3.91090952256e-18,3.61248591861e-18,3.80725552e-18,4.17286438767e-18,3.76374954209e-18,7.39426096702e-18,8.36259664238e-18,1.03058606226e-17,9.8236515486e-18,1.15963566768e-17,1.27665889417e-17,1.12744626501e-17,1.17015128393e-17,1.01791688128e-17,8.43122947217e-18,5.56327724239e-18,3.89031396608e-18,2.49757735422e-18,1.07221218951e-18,2.73215352333e-19,2.77825895508e-20],"var":[0.172153607011,1.70497143269,33.294921875,205.723083496,460.99331665,926.735290527,14949.8720703,4236.06982422,229.720428467,3771.91162109,456.037017822,2172.29052734,1128.37341309,869.453735352,4392.07324219,517.284667969,3212.546875,1817.91540527,1195.53271484,1486.6583252,3318.52148438,1360.47973633,698.053833008,609.047241211,209.270950317,85.4096603394,49.5261955261,22.3703212738,9.95452404022,1.06602799892,0.166805446148,0.0234339591116,0.0045251888223,0.00183967349585,0.000730755506083,0.000245118979365,0.000114558148198,0.000324325170368,0.000622152758297,0.00137900258414]},"erbbands_crest":{"dmean":2.23937225342,"dmean2":3.76314091682,"dvar":4.72663593292,"dvar2":12.8377180099,"max":28.1660785675,"mean":8.41764736176,"median":7.02088975906,"min":2.57626199722,"var":19.2913208008},"erbbands_flatness_db":{"dmean":0.0186107140034,"dmean2":0.0297325439751,"dvar":0.000270652177278,"dvar2":0.000703194993548,"max":0.371549218893,"mean":0.166141033173,"median":0.150544092059,"min":0.0418884269893,"var":0.00293380627409},"erbbands_kurtosis":{"dmean":0.933223605156,"dmean2":1.56626367569,"dvar":3.2570207119,"dvar2":9.34434318542,"max":52.1999053955,"mean":0.729204297066,"median":-0.0527937412262,"min":-1.69433963299,"var":8.95802021027},"erbbands_skewness":{"dmean":0.30584025383,"dmean2":0.49113881588,"dvar":0.0763625875115,"dvar2":0.198164358735,"max":3.79704022408,"mean":-0.305712133646,"median":-0.432402670383,"min":-3.17064094543,"var":0.508673965931},"erbbands_spread":{"dmean":4.82045888901,"dmean2":7.90238428116,"dvar":19.4616622925,"dvar2":52.9886360168,"max":104.874954224,"mean":29.5631389618,"median":30.3295326233,"min":1.63338124752,"var":154.598251343},"gfcc":{"cov":[[29024.09375,3636.37646484,-1850.22485352,1689.57836914,-66.6042022705,-1904.73254395,38.556854248,-1052.09118652,-269.958374023,-445.362243652,-279.875274658,-312.234008789,-563.590087891],[3636.37646484,1261.32788086,20.3226337433,212.46812439,63.489566803,-262.650085449,-76.7891998291,-188.726226807,-112.869026184,-113.149085999,17.3961582184,-51.5791397095,-102.40587616],[-1850.22485352,20.3226337433,617.682434082,295.759735107,-64.4501190186,219.529220581,-110.44480896,122.183082581,-171.550064087,6.79048252106,-2.68334364891,58.6863441467,-0.924785196781],[1689.57836914,212.46812439,295.759735107,1083.09277344,26.5330905914,-211.322937012,148.73614502,-111.568962097,-175.020553589,-106.396286011,-126.520996094,60.4493255615,-159.41355896],[-66.6042022705,63.489566803,-64.4501190186,26.5330905914,213.044113159,31.7648220062,102.842277527,-7.08377504349,72.7866516113,-8.59478187561,-11.5196275711,-41.177898407,-16.238910675],[-1904.73254395,-262.650085449,219.529220581,-211.322937012,31.7648220062,390.207183838,-52.1421318054,192.872543335,9.45810031891,65.6127700806,22.511674881,-0.748463630676,56.6996650696],[38.556854248,-76.7891998291,-110.44480896,148.73614502,102.842277527,-52.1421318054,241.819503784,-5.58251476288,102.598876953,-12.7351789474,-45.997467041,-23.9122753143,-44.488899231],[-1052.09118652,-188.726226807,122.183082581,-111.568962097,-7.08377504349,192.872543335,-5.58251476288,175.054000854,34.7700119019,54.796875,3.94345784187,-7.69292926788,25.3639564514],[-269.958374023,-112.869026184,-171.550064087,-175.020553589,72.7866516113,9.45810031891,102.598876953,34.7700119019,179.33744812,59.1534156799,16.6796875,-35.3820724487,1.01671290398],[-445.362243652,-113.149085999,6.79048252106,-106.396286011,-8.59478187561,65.6127700806,-12.7351789474,54.796875,59.1534156799,89.7909622192,43.5164070129,-1.44253098965,22.5754413605],[-279.875274658,17.3961582184,-2.68334364891,-126.520996094,-11.5196275711,22.511674881,-45.997467041,3.94345784187,16.6796875,43.5164070129,90.3353500366,50.9191093445,48.4863052368],[-312.234008789,-51.5791397095,58.6863441467,60.4493255615,-41.177898407,-0.748463630676,-23.9122753143,-7.69292926788,-35.3820724487,-1.44253098965,50.9191093445,113.185905457,56.9549751282],[-563.590087891,-102.40587616,-0.924785196781,-159.41355896,-16.238910675,56.6996650696,-44.488899231,25.3639564514,1.01671290398,22.5754413605,48.4863052368,56.9549751282,110.323677063]],"icov":[[0.000244793773163,-0.000748539168853,0.00167948578019,-0.0010228351457,0.000686570012476,-0.000411289278418,0.00056983041577,-0.000482512492454,0.000274377380265,-0.000397634808905,0.0000854814134073,0.000667484244332,-0.000558328407351],[-0.000748539168853,0.00385300419293,-0.005652976688,0.00284399162047,-0.00275727384724,0.00227706227452,-0.000977014075033,0.00152528879698,-0.000925329804886,0.00385146704502,-0.00380333745852,0.000381740537705,0.00218871072866],[0.00167948578019,-0.005652976688,0.0167620424181,-0.00923766475171,0.00563870044425,-0.00590005796403,0.00496097607538,-0.00569780915976,0.0044354130514,-0.00336162699386,-0.000854952086229,0.00479068374261,-0.00415285630152],[-0.0010228351457,0.00284399162047,-0.00923766475171,0.00964750628918,-0.0059089967981,0.00477319536731,-0.00544763868675,0.00260270829313,0.00400850502774,-0.00480350945145,0.00835380330682,-0.0118499891832,0.00855165626854],[0.000686570012476,-0.00275727384724,0.00563870044425,-0.0059089967981,0.0123076727614,-0.0061380174011,-0.000266489689238,0.00153388653416,-0.00508537515998,0.00540281785652,-0.00636723823845,0.00993089936674,-0.00642420584336],[-0.000411289278418,0.00227706227452,-0.00590005796403,0.00477319536731,-0.0061380174011,0.0110168056563,-0.00090579839889,-0.0058220163919,0.00314463535324,-0.00212008995004,0.00216748076491,-0.00366888288409,0.00261432561092],[0.00056983041577,-0.000977014075033,0.00496097607538,-0.00544763868675,-0.000266489689238,-0.00090579839889,0.0128398099914,-0.00260483473539,-0.00807711854577,0.00439066998661,0.000430651765782,0.00209938688204,-0.00172014208511],[-0.000482512492454,0.00152528879698,-0.00569780915976,0.00260270829313,0.00153388653416,-0.0058220163919,-0.00260483473539,0.0181946530938,-0.0046826004982,-0.00305067980662,0.004223191645,-0.00134632748086,0.00015483336756],[0.000274377380265,-0.000925329804886,0.0044354130514,0.00400850502774,-0.00508537515998,0.00314463535324,-0.00807711854577,-0.0046826004982,0.0249706208706,-0.0168327298015,0.00495969876647,-0.00545656541362,0.00567833567038],[-0.000397634808905,0.00385146704502,-0.00336162699386,-0.00480350945145,0.00540281785652,-0.00212008995004,0.00439066998661,-0.00305067980662,-0.0168327298015,0.0400098226964,-0.0286966003478,0.0189528372139,-0.00627315463498],[0.0000854814134073,-0.00380333745852,-0.000854952086229,0.00835380330682,-0.00636723823845,0.00216748076491,0.000430651765782,0.004223191645,0.00495969876647,-0.0286966003478,0.0498384833336,-0.031971976161,0.00655014440417],[0.000667484244332,0.000381740537705,0.00479068374261,-0.0118499891832,0.00993089936674,-0.00366888288409,0.00209938688204,-0.00134632748086,-0.00545656541362,0.0189528372139,-0.031971976161,0.0416715107858,-0.0201046373695],[-0.000558328407351,0.00218871072866,-0.00415285630152,0.00855165626854,-0.00642420584336,0.00261432561092,-0.00172014208511,0.00015483336756,0.00567833567038,-0.00627315463498,0.00655014440417,-0.0201046373695,0.0262788813561]],"mean":[-29.7801704407,94.5374679565,-107.763153076,-5.8721203804,0.587185919285,-17.696849823,-6.92313337326,-22.7040214539,1.53413200378,-11.9659700394,-6.57858562469,-7.72476100922,-4.96511888504]},"hfc":{"dmean":32.004699707,"dmean2":54.3025016785,"dvar":1944.22851562,"dvar2":5643.77197266,"max":611.536254883,"mean":134.701339722,"median":93.8158798218,"min":1.09962829682e-16,"var":11721.8154297},"melbands":{"dmean":[0.0011764812516,0.00122903252486,0.00109835760668,0.000510649522766,0.000368582492229,0.00021198867762,0.000117145355034,0.000173515596543,0.0000521770089108,0.0000742098200135,0.0000716389040463,0.0000559012441954,0.0000323559761455,0.0000293675366265,0.0000303092783724,0.0000757369343773,0.000045846489229,0.0000335586373694,0.0000297301558021,0.0000224820705625,0.0000307639675157,0.0000171675819729,0.00000810000710771,0.0000112508350867,0.00000635010201222,0.00000304004356622,0.00000270585655926,0.0000020127672542,0.00000133254161483,0.00000102465207874,7.94233301349e-7,5.60346222755e-7,2.38307208633e-7,1.44630320165e-7,8.91334295261e-8,5.89110413785e-8,3.8526543733e-8,2.83407111112e-8,2.42653328542e-8,2.13415045636e-8],"dmean2":[0.00198027607985,0.00205925782211,0.00185191282071,0.000831105455291,0.000531460798811,0.000312433403451,0.000195323082153,0.00029154799995,0.0000874714241945,0.000125886828755,0.000119705335237,0.0000931336035137,0.0000532367594133,0.0000487070064992,0.0000522183618159,0.000130159241962,0.0000777874374762,0.0000556477134523,0.0000499354100612,0.0000377684482373,0.0000500938876939,0.0000285657370114,0.000013506994037,0.000018521111997,0.0000103238298834,0.00000495615404361,0.00000436895106759,0.00000331028604705,0.00000215431509787,0.00000168022756952,0.00000126298186842,8.8939214038e-7,3.75855933044e-7,2.31572386156e-7,1.42926964486e-7,9.49161815811e-8,6.27295122513e-8,4.68345930926e-8,4.02647692965e-8,3.538526272e-8],"dvar":[0.00000689892749506,0.00000372112458535,0.00000223522351916,6.65433162794e-7,7.63097091294e-7,3.47365414655e-7,4.36700595685e-8,1.63959043675e-7,1.51461510001e-8,2.43037199255e-8,1.72366565465e-8,7.29816607148e-9,4.17155687771e-9,3.13130965601e-9,1.50236045826e-9,1.31796760172e-8,3.09236058982e-9,2.21885176899e-9,2.13919637559e-9,8.83679129871e-10,2.38702213551e-9,6.56005139099e-10,1.43250758478e-10,3.95450366897e-10,1.15760061259e-10,2.88686574645e-11,2.35662513809e-11,1.09551655941e-11,5.1826537853e-12,3.43197237122e-12,2.14383892583e-12,1.28359909507e-12,1.67702237188e-13,5.7387986507e-14,1.96741968962e-14,7.31418201558e-15,3.08276010615e-15,1.87174143135e-15,1.38576908923e-15,1.06777523902e-15],"dvar2":[0.0000173710013769,0.0000100678562376,0.00000660588057144,0.00000162240041846,0.00000107412131456,6.93857089118e-7,1.13541823055e-7,4.03497438128e-7,4.30989288702e-8,6.55514895698e-8,4.58747244636e-8,1.93022859918e-8,9.01460506242e-9,6.31600460821e-9,4.34011893091e-9,3.71547415057e-8,8.61965521182e-9,5.72055336434e-9,5.8595297503e-9,2.40648900807e-9,6.05548278187e-9,1.77471026763e-9,3.90227072877e-10,1.03661845774e-9,3.04220010294e-10,7.84948772647e-11,6.12287304191e-11,2.90590416313e-11,1.30203669027e-11,9.39753656837e-12,5.24168815991e-12,3.2413117329e-12,4.22254435193e-13,1.53001038488e-13,4.92207559162e-14,1.78732015624e-14,7.60138801811e-15,4.65370743243e-15,3.4439154731e-15,2.6451945323e-15],"max":[0.0445501022041,0.0252562556416,0.0162320192903,0.026956519112,0.0397717282176,0.0232697017491,0.00364464195445,0.011086399667,0.00441370718181,0.00477219186723,0.00235875579529,0.00179908773862,0.00389810139313,0.003762004897,0.000493304862175,0.00143200554885,0.000973105547018,0.000959144206718,0.00072484370321,0.000447131053079,0.000902337604202,0.000350958493073,0.000169969178387,0.000465159973828,0.000222555565415,0.000113275062176,0.0000936752621783,0.0000542443085578,0.0000594150478719,0.0000425798425567,0.0000285653895844,0.0000292609347525,0.0000119359365272,0.00000650875199426,0.00000381449513043,0.00000189350373603,8.48201693771e-7,5.55408291802e-7,4.24677409683e-7,3.75043498479e-7],"mean":[0.00169014383573,0.00212516658939,0.00219071749598,0.0010575944325,0.00108521967195,0.000534412101842,0.000186340839718,0.000254896527622,0.0000922575563891,0.000119657670439,0.000112552530481,0.0000931208196562,0.0000634498137515,0.0000572325661778,0.0000554919643037,0.00012881415023,0.0000893165633897,0.0000612508520135,0.0000542634443264,0.0000478747315356,0.0000618760095676,0.0000370678681065,0.0000189319216588,0.0000247487860179,0.0000147643104356,0.00000725611243979,0.00000638004803477,0.00000474571470477,0.00000359621276402,0.00000258425029642,0.00000201463149097,0.00000142595149555,6.49904052352e-7,3.5231701645e-7,2.01212657203e-7,1.16875575884e-7,5.69786209326e-8,3.19505488733e-8,2.56152912215e-8,2.2104897468e-8],"median":[0.000770538754296,0.0014639593428,0.00158143579029,0.000530535704456,0.000302270782413,0.000158480397658,0.000113289708679,0.000123015357531,0.0000500645546708,0.0000492467552249,0.0000527234442416,0.0000530299003003,0.000039958376874,0.0000364325933333,0.0000440940711997,0.0000829443379189,0.0000723439734429,0.0000456689340353,0.0000372981303371,0.0000380542624043,0.0000352810020559,0.000020159433916,0.0000114017793749,0.0000104946466308,0.00000635168044028,0.00000301408658743,0.00000234410208577,0.00000222948779083,0.00000152869336034,0.00000108137010102,7.07772471742e-7,5.0266874041e-7,2.37193717112e-7,1.56560659548e-7,1.04199642692e-7,6.62528734097e-8,3.09247383257e-8,1.37083251417e-8,1.0204575851e-8,8.47170866791e-9],"min":[6.87939760249e-25,9.94660417289e-25,1.33026018739e-24,2.18358611553e-24,1.56128885171e-24,1.14678169185e-24,1.861464034e-24,9.90263701034e-25,2.71308829056e-24,3.4101230254e-24,2.90171045502e-24,3.34904901969e-24,2.78247353755e-24,2.63982125627e-24,2.76866985222e-24,3.18664898614e-24,4.2388352114e-24,3.25888774025e-24,2.30445281963e-24,3.60752047857e-24,4.39491094707e-24,3.1714722884e-24,4.14215439101e-24,3.34107008606e-24,2.38634387855e-24,4.66621835617e-24,4.30482460941e-24,4.30499184793e-24,5.25363810722e-24,5.37234471295e-24,5.01446415823e-24,5.26078242601e-24,5.53533205344e-24,5.80379877442e-24,5.872303061e-24,6.60789337258e-24,6.33150569925e-24,5.54533638744e-24,6.40812894226e-24,5.95288638576e-24],"var":[0.00000904367516341,0.00000600379644311,0.00000561907199881,0.00000322121854879,0.000011032432667,0.00000280619678961,7.89302703197e-8,3.38318102422e-7,4.13044212166e-8,7.20228499063e-8,3.02017184595e-8,1.63478919291e-8,2.78906853168e-8,2.44801814375e-8,2.5495427991e-9,2.15471835929e-8,6.59266863323e-9,4.01073974032e-9,3.80550835288e-9,1.95572802397e-9,5.76432901411e-9,1.87150828168e-9,4.33550612078e-10,1.09419129313e-9,3.69117625354e-10,9.27941820605e-11,7.94883395216e-11,3.70887036361e-11,2.22954710249e-11,1.21125193209e-11,8.15982004188e-12,4.48156876193e-12,8.73563482835e-13,2.31907510773e-13,6.59753827091e-14,2.1505607489e-14,5.45568923832e-15,2.28133945959e-15,1.58746552755e-15,1.22058940595e-15]},"melbands_crest":{"dmean":3.66262888908,"dmean2":6.15634393692,"dvar":10.9507522583,"dvar2":29.9910449982,"max":39.0012626648,"mean":15.2204217911,"median":14.2618484497,"min":1.5964217186,"var":36.456363678},"melbands_flatness_db":{"dmean":0.0274442471564,"dmean2":0.0442647375166,"dvar":0.00053973402828,"dvar2":0.00143831700552,"max":0.486512452364,"mean":0.234612897038,"median":0.228013917804,"min":0.00254394160584,"var":0.0043903007172},"melbands_kurtosis":{"dmean":4.74973392487,"dmean2":7.78005361557,"dvar":62.9485092163,"dvar2":154.02166748,"max":209.377700806,"mean":9.25215435028,"median":5.15749740601,"min":-1.90607178211,"var":179.048706055},"melbands_skewness":{"dmean":0.655405521393,"dmean2":1.07067286968,"dvar":0.421521544456,"dvar2":1.06638264656,"max":12.7044610977,"mean":2.34890365601,"median":2.30125427246,"min":-3.54529953003,"var":2.60814118385},"melbands_spread":{"dmean":6.11559486389,"dmean2":9.88166999817,"dvar":42.8180122375,"dvar2":111.958953857,"max":213.544143677,"mean":23.9779167175,"median":20.274438858,"min":0.702004849911,"var":413.958984375},"mfcc":{"cov":[[16332.0996094,2314.61230469,-771.512451172,2959.71777344,-620.350463867,90.6381835938,-493.788726807,-166.869934082,-592.959472656,-356.466400146,-128.12437439,-20.268447876,-177.497940063],[2314.61230469,1356.49060059,-154.793563843,46.8385276794,72.3235549927,-28.8146419525,-76.003288269,-83.4221878052,-147.508773804,-38.2941360474,-24.8907623291,28.4811897278,-11.6381216049],[-771.512451172,-154.793563843,642.479248047,60.3354797363,162.046783447,1.14526486397,141.710037231,46.8276367188,-38.1722183228,-70.0139923096,-58.3054084778,-4.21609020233,1.9645626545],[2959.71777344,46.8385276794,60.3354797363,1260.61730957,-148.885253906,173.016067505,-11.6984405518,109.442932129,-124.7733078,-123.386833191,-75.0847702026,-32.9254074097,-59.1157112122],[-620.350463867,72.3235549927,162.046783447,-148.885253906,216.357589722,28.6853942871,84.0459136963,10.7994632721,19.7181835175,1.1331807375,-0.784719288349,8.95879364014,16.0307483673],[90.6381835938,-28.8146419525,1.14526486397,173.016067505,28.6853942871,130.293731689,45.5598945618,55.6243782043,24.6357212067,21.3171024323,7.060131073,2.580047369,-7.70605421066],[-493.788726807,-76.003288269,141.710037231,-11.6984405518,84.0459136963,45.5598945618,118.084587097,55.0383682251,42.2478904724,1.38115561008,1.45138001442,-3.5548377037,-1.76902019978],[-166.869934082,-83.4221878052,46.8276367188,109.442932129,10.7994632721,55.6243782043,55.0383682251,112.276504517,47.6020355225,16.2604885101,-2.52872920036,-0.173040285707,-4.63491010666],[-592.959472656,-147.508773804,-38.1722183228,-124.7733078,19.7181835175,24.6357212067,42.2478904724,47.6020355225,148.431365967,85.4961776733,59.4847259521,7.49675750732,1.98763108253],[-356.466400146,-38.2941360474,-70.0139923096,-123.386833191,1.1331807375,21.3171024323,1.38115561008,16.2604885101,85.4961776733,111.43952179,69.2481460571,22.9172859192,6.84956884384],[-128.12437439,-24.8907623291,-58.3054084778,-75.0847702026,-0.784719288349,7.060131073,1.45138001442,-2.52872920036,59.4847259521,69.2481460571,84.8314666748,33.3254089355,9.92286586761],[-20.268447876,28.4811897278,-4.21609020233,-32.9254074097,8.95879364014,2.580047369,-3.5548377037,-0.173040285707,7.49675750732,22.9172859192,33.3254089355,50.201007843,29.0444431305],[-177.497940063,-11.6381216049,1.9645626545,-59.1157112122,16.0307483673,-7.70605421066,-1.76902019978,-4.63491010666,1.98763108253,6.84956884384,9.92286586761,29.0444431305,52.8692970276]],"icov":[[0.000250894809142,-0.00035860404023,0.0001649777696,-0.000661480706185,0.000130390370032,0.000372462935047,0.000162188080139,0.000444783421699,-0.000148079168866,0.00018450547941,-0.000218714820221,-0.000174639935722,0.000195451284526],[-0.00035860404023,0.00158294022549,0.00037176234764,0.00074042082997,-0.00134979223367,0.000117239527754,-0.000295267323963,-0.000445268378826,0.00151313340757,-0.00107152480632,0.00099744531326,-0.00124027277343,0.000912137969863],[0.0001649777696,0.00037176234764,0.00339966476895,-0.00107736606151,-0.00201070774347,0.00285175419413,-0.00372367096134,0.000331168295816,0.00159651529975,-0.00103573570959,0.00213691918179,-0.00256008352153,0.00131401815452],[-0.000661480706185,0.00074042082997,-0.00107736606151,0.00367935537361,0.00130877341144,-0.00419246312231,0.00106368865818,-0.0029994121287,0.00115511438344,0.00239032204263,-0.0012567397207,0.00120600999799,0.0000812489743112],[0.000130390370032,-0.00134979223367,-0.00201070774347,0.00130877341144,0.0100034652278,-0.00393586605787,-0.0037661769893,0.0017442337703,-0.00128026958555,0.00190307025332,-0.000553609977942,0.000746091129258,-0.00240562716499],[0.000372462935047,0.000117239527754,0.00285175419413,-0.00419246312231,-0.00393586605787,0.0174225512892,-0.00622890563682,-0.00111142545938,0.00166418170556,-0.0075810039416,0.00354280206375,-0.00336996698752,0.00201552617364],[0.000162188080139,-0.000295267323963,-0.00372367096134,0.00106368865818,-0.0037661769893,-0.00622890563682,0.0237314365804,-0.00681208539754,-0.00508487550542,0.00818226113915,-0.0064981020987,0.00455476669595,0.0000866505433805],[0.000444783421699,-0.000445268378826,0.000331168295816,-0.0029994121287,0.0017442337703,-0.00111142545938,-0.00681208539754,0.0192348696291,-0.00646077748388,-0.0035885530524,0.00856619421393,-0.00592836365104,0.0011534987716],[-0.000148079168866,0.00151313340757,0.00159651529975,0.00115511438344,-0.00128026958555,0.00166418170556,-0.00508487550542,-0.00646077748388,0.0203312914819,-0.00972820539027,-0.00639468664303,0.00563764059916,-0.000438492308604],[0.00018450547941,-0.00107152480632,-0.00103573570959,0.00239032204263,0.00190307025332,-0.0075810039416,0.00818226113915,-0.0035885530524,-0.00972820539027,0.0309033542871,-0.0172325056046,0.00147279747762,0.000159157440066],[-0.000218714820221,0.00099744531326,0.00213691918179,-0.0012567397207,-0.000553609977942,0.00354280206375,-0.0064981020987,0.00856619421393,-0.00639468664303,-0.0172325056046,0.0388714857399,-0.0227999016643,0.0069212061353],[-0.000174639935722,-0.00124027277343,-0.00256008352153,0.00120600999799,0.000746091129258,-0.00336996698752,0.00455476669595,-0.00592836365104,0.00563764059916,0.00147279747762,-0.0227999016643,0.0485798679292,-0.0233119595796],[0.000195451284526,0.000912137969863,0.00131401815452,0.0000812489743112,-0.00240562716499,0.00201552617364,0.0000866505433805,0.0011534987716,-0.000438492308604,0.000159157440066,0.0069212061353,-0.0233119595796,0.0324443690479]],"mean":[-683.190246582,159.151351929,-39.4718933105,26.6088676453,10.2408895493,18.7190704346,-4.18508243561,3.78906702995,1.17311537266,1.79499268532,0.200946807861,0.454916924238,-3.30304145813]},"pitch_salience":{"dmean":0.0716736540198,"dmean2":0.118697978556,"dvar":0.00409020483494,"dvar2":0.0109810950235,"max":0.862505614758,"mean":0.57797151804,"median":0.600727081299,"min":0.0711935162544,"var":0.0152001706883},"silence_rate_20dB":{"dmean":0,"dmean2":0,"dvar":0,"dvar2":0,"max":1,"mean":1,"median":1,"min":1,"var":0},"silence_rate_30dB":{"dmean":0.011007337831,"dmean2":0.0220183487982,"dvar":0.0108867837116,"dvar2":0.0258723422885,"max":1,"mean":0.983825266361,"median":1,"min":0,"var":0.0159128084779},"silence_rate_60dB":{"dmean":0.00266844569705,"dmean2":0.00533778127283,"dvar":0.00266093737446,"dvar2":0.00564297055826,"max":1,"mean":0.11272303015,"median":0,"min":0,"var":0.10000680387},"spectral_centroid":{"dmean":171.947570801,"dmean2":268.234008789,"dvar":50775.9882812,"dvar2":111573.5625,"max":11862.9707031,"mean":1349.30102539,"median":1315.15246582,"min":227.947677612,"var":1367951.875},"spectral_complexity":{"dmean":2.87558364868,"dmean2":4.6415348053,"dvar":6.51695775986,"dvar2":16.4681301117,"max":52,"mean":24.593296051,"median":26,"min":0,"var":156.437957764},"spectral_contrast_coeffs":{"dmean":[0.053208116442,0.0492908172309,0.0364155210555,0.0278305076063,0.0226732566953,0.0365809239447],"dmean2":[0.0889215618372,0.0825737267733,0.0614269711077,0.0475860722363,0.0377198942006,0.0592836923897],"dvar":[0.00188912160229,0.00160511350259,0.000838863896206,0.000472219689982,0.000368313252693,0.00123248121236],"dvar2":[0.00531991245225,0.00449060276151,0.00238289730623,0.00133494648617,0.000995816662908,0.00324144144543],"max":[-0.264071345329,-0.310447663069,-0.523344218731,-0.651254057884,-0.676373898983,-0.475346326828],"mean":[-0.659049212933,-0.765480697155,-0.81049144268,-0.800328373909,-0.794864714146,-0.745050191879],"median":[-0.643926978111,-0.772370159626,-0.817329525948,-0.798179864883,-0.787922620773,-0.749641299248],"min":[-0.976479768753,-0.975486457348,-0.97303968668,-0.970874488354,-0.967562317848,-0.965280592442],"var":[0.013511727564,0.00761459860951,0.00306406035088,0.00181887403596,0.00160304585006,0.0090023027733]},"spectral_contrast_valleys":{"dmean":[0.421905577183,0.37530747056,0.289224684238,0.213556408882,0.217450812459,0.600783586502],"dmean2":[0.703851521015,0.625043392181,0.483121067286,0.355229377747,0.345375180244,0.982466995716],"dvar":[0.138260737062,0.133521169424,0.0909248962998,0.0678102076054,0.08938588202,0.315894424915],"dvar2":[0.334640800953,0.309468775988,0.191619291902,0.128053948283,0.181853413582,0.801082551479],"max":[-5.13867807388,-4.82574319839,-5.45169305801,-5.84938573837,-5.84319639206,-9.21476554871],"mean":[-7.47343444824,-7.04740905762,-7.27663516998,-7.260679245,-7.94233894348,-11.4600219727],"median":[-6.69047880173,-6.39697790146,-6.7487487793,-6.70088911057,-7.28781652451,-11.1676464081],"min":[-28.1458015442,-28.1898899078,-28.0110836029,-27.6312770844,-27.5168476105,-27.4585704803],"var":[6.77616930008,6.62741374969,5.78103160858,5.8527803421,6.23062753677,3.80343198776]},"spectral_decrease":{"dmean":2.39786390743e-9,"dmean2":3.86585430334e-9,"dvar":1.05567147239e-17,"dvar2":2.69142502146e-17,"max":3.31612870497e-9,"mean":-7.38960048707e-9,"median":-6.72395916723e-9,"min":-5.12057347635e-8,"var":3.98126065463e-17},"spectral_energy":{"dmean":0.00963586568832,"dmean2":0.0156893692911,"dvar":0.000155255998834,"dvar2":0.000396121991798,"max":0.208440110087,"mean":0.0401078984141,"median":0.0397461131215,"min":1.0111983297e-20,"var":0.000667143031023},"spectral_energyband_high":{"dmean":0.00021542669856,"dmean2":0.000340366532328,"dvar":8.92024090149e-8,"dvar2":2.30467264828e-7,"max":0.00453392742202,"mean":0.000780575443059,"median":0.00060622789897,"min":7.09998442661e-21,"var":5.63083631278e-7},"spectral_energyband_low":{"dmean":0.00689572840929,"dmean2":0.0113617936149,"dvar":0.000118585550808,"dvar2":0.000308409740683,"max":0.161216571927,"mean":0.014270898886,"median":0.0109739275649,"min":1.86794862841e-23,"var":0.000235812272877},"spectral_energyband_middle_high":{"dmean":0.00148982636165,"dmean2":0.00241891550831,"dvar":0.00000272521128863,"dvar2":0.00000704301373844,"max":0.0448548458517,"mean":0.00654184259474,"median":0.00627121515572,"min":1.06014817629e-21,"var":0.0000202481387532},"spectral_energyband_middle_low":{"dmean":0.00498736370355,"dmean2":0.00789548829198,"dvar":0.0000441409065388,"dvar2":0.00010602598195,"max":0.197812005877,"mean":0.0157855357975,"median":0.0121222063899,"min":1.91924115333e-22,"var":0.000313360476866},"spectral_entropy":{"dmean":0.125815391541,"dmean2":0.200848042965,"dvar":0.0166948121041,"dvar2":0.0428797230124,"max":9.82354450226,"mean":7.47310781479,"median":7.57529211044,"min":5.04330921173,"var":0.237181127071},"spectral_flux":{"dmean":0.0184082332999,"dmean2":0.0298801343888,"dvar":0.00049417099217,"dvar2":0.00121568376198,"max":0.337707638741,"mean":0.0992652922869,"median":0.101982079446,"min":6.41902642151e-11,"var":0.00222460785881},"spectral_kurtosis":{"dmean":4.80053186417,"dmean2":7.7695274353,"dvar":39.8537712097,"dvar2":107.813842773,"max":99.7724761963,"mean":22.7737598419,"median":18.5653247833,"min":-1.26069045067,"var":198.350494385},"spectral_rms":{"dmean":0.000706449674908,"dmean2":0.0011472980259,"dvar":5.64664560443e-7,"dvar2":0.00000144629007082,"max":0.0142603013664,"mean":0.00576652958989,"median":0.00622709374875,"min":3.14091526225e-12,"var":0.0000058766586335},"spectral_rolloff":{"dmean":1411.70776367,"dmean2":2645.18603516,"dvar":16846470,"dvar2":45125348,"max":22050,"mean":10287.9746094,"median":3057.71484375,"min":64.599609375,"var":92730064},"spectral_skewness":{"dmean":0.31915730238,"dmean2":0.515090942383,"dvar":0.144494578242,"dvar2":0.381538778543,"max":8.34666156769,"mean":3.13974761963,"median":2.83335113525,"min":-0.072251200676,"var":1.73487329483},"spectral_spread":{"dmean":407364.5625,"dmean2":667836.5,"dvar":602796261376,"dvar2":1411526688770,"max":51887992,"mean":3963619,"median":3350179.5,"min":1773220.875,"var":16667917680600},"spectral_strongpeak":{"dmean":2.90980052948,"dmean2":5.27412414551,"dvar":83.9696502686,"dvar2":238.372497559,"max":92.2987594604,"mean":2.95046710968,"median":0.493527591228,"min":0,"var":74.1008911133},"zerocrossingrate":{"dmean":0.0279894433916,"dmean2":0.0369179733098,"dvar":0.000647470005788,"dvar2":0.00118879741058,"max":0.8046875,"mean":0.275335758924,"median":0.2197265625,"min":0.0205078125,"var":0.0242143590003}},"metadata":{"audio_properties":{"analysis_sample_rate":44100,"bit_rate":256000,"codec":"mp3","downmix":"mix","equal_loudness":0,"length":139.20652771,"lossless":false,"md5_encoded":"4b932a18c171784a05150c8c2cc36561","replay_gain":-0.131616592407},"tags":{"album":["White Blood Cells"],"albumartist":["The White Stripes"],"albumartistsort":["White Stripes, The"],"artist":["The White Stripes"],"artistsort":["White Stripes, The"],"date":["2002-01-29"],"discnumber":["1/1"],"file_name":"12 - Aluminum.mp3","mp3gain_album_minmax":["026,202"],"mp3gain_minmax":["089,202"],"mp3gain_undo":["+008,+008,N"],"musicbrainz album release country":["US"],"musicbrainz album type":["album"],"musicbrainz_albumartistid":["11ae9fbb-f3d7-4a47-936f-4c0a04d3b3b5"],"musicbrainz_albumid":["6c4e8c20-9a26-47d8-be59-e96dd9918f84"],"musicbrainz_artistid":["11ae9fbb-f3d7-4a47-936f-4c0a04d3b3b5"],"musicbrainz_recordingid":["3aa6a155-9f49-4d2a-8d50-4a9aae28c5cc"],"musicbrainz_releasegroupid":["c5a0411f-374e-360d-9364-3ddec3007162"],"title":["Aluminum"],"tracknumber":["12/16"]},"version":{"essentia":"2.1-beta1","essentia_build_sha":"0a826ad6289770054bb7564d59068f1232327ff9","essentia_git_sha":"v2.1_beta1-5-gf9dded9","extractor":"music 1.0"}},"rhythm":{"beats_count":322,"beats_loudness":{"dmean":0.0199624467641,"dmean2":0.035617724061,"dvar":0.000324147869833,"dvar2":0.000984160229564,"max":0.146000549197,"mean":0.0448703430593,"median":0.0440100282431,"min":0,"var":0.000579698069487},"beats_loudness_band_ratio":{"dmean":[0.185626298189,0.141022071242,0.0525943487883,0.0512772500515,0.0521360188723,0.0763524845243],"dmean2":[0.314700633287,0.254358202219,0.090296767652,0.0900735408068,0.0900182798505,0.126279130578],"dvar":[0.026262357831,0.029210774228,0.00352583127096,0.00376283936203,0.00255966046825,0.00692175328732],"dvar2":[0.0771345794201,0.0876102000475,0.00821205042303,0.0110478345305,0.00696167256683,0.0147843956947],"max":[0.926887512207,0.932462215424,0.654873967171,0.658908426762,0.375917047262,0.73