{"lowlevel":{"average_loudness":0.768157124519,"barkbands":{"dmean":[0.0000260602901108,0.000724832410924,0.00115505640861,0.00138935714494,0.0024382181,0.000782548391726,0.0011624324834,0.000831777811982,0.000549041898921,0.000399225187721,0.000237864573137,0.000329350441461,0.000199580084882,0.000120351600344,0.0000900669620023,0.0000839981730678,0.0000932335897232,0.0000370174166164,0.0000175395325641,0.0000112612051453,0.00000808471668279,0.00000567960387343,0.00000257241504187,9.89339014268e-7,5.57468013085e-7,1.03013697128e-7,3.09242786933e-9],"dmean2":[0.0000365689847968,0.00116020755377,0.0017400420038,0.00218154513277,0.00383002636954,0.00112579693086,0.00167691253591,0.00119597802404,0.000731603358872,0.000534192367923,0.000365160580259,0.000503616640344,0.000321628875099,0.000190894905245,0.000137288239785,0.000127595834783,0.000145438971231,0.0000559621512366,0.0000260784090642,0.0000169240502146,0.0000123841009554,0.00000815450948721,0.00000383962697015,0.00000150348500938,8.5477211087e-7,1.58775620207e-7,5.33809574321e-9],"dvar":[1.19067611326e-9,0.00000105298295239,0.00000385176053896,0.00000582517350267,0.0000157043577929,0.00000256075418292,0.00000916472072277,0.0000108076947072,0.00000484742167828,0.00000251253959505,9.90252374322e-7,0.00000154192537138,0.00000170537236954,8.59173070467e-8,4.42577885451e-8,2.20107779114e-7,6.70672477554e-7,1.3063119475e-8,2.43330644523e-9,1.11500608746e-9,9.25603371726e-10,1.58026647323e-9,2.00424787877e-10,1.88063679213e-11,3.88851017358e-12,1.58813459887e-13,1.4996905274e-17],"dvar2":[2.56127830056e-9,0.00000257281772065,0.0000074495123954,0.0000148548460857,0.0000419288953708,0.0000053993308029,0.0000166813406395,0.0000217921697185,0.00000766109405959,0.00000358226225217,0.00000192782977138,0.00000269538213615,0.00000414913165514,1.86886111919e-7,9.92602835481e-8,4.42263313971e-7,0.00000168648193721,2.6985546242e-8,5.27827204166e-9,2.5736464071e-9,2.39600428387e-9,3.04665737083e-9,3.8733505292e-10,4.68404481868e-11,9.0540708611e-12,3.67249552167e-13,4.28290596163e-17],"max":[0.000541618850548,0.0233945846558,0.0368568822742,0.0516053661704,0.0620739795268,0.0453621447086,0.0969857349992,0.117276981473,0.0796480104327,0.0736264884472,0.0689370185137,0.0490259118378,0.0726970955729,0.0107352193445,0.00582764204592,0.0338854379952,0.0468376465142,0.00402573496103,0.00177668535616,0.000850633950904,0.00111939432099,0.00200105365366,0.000453871529317,0.000155740199261,0.0000343921383319,0.0000140775882755,9.31739378984e-8],"mean":[0.000071240014222,0.00186649314128,0.00337318959646,0.00387091189623,0.00616094097495,0.00224515493028,0.0025455635041,0.00161405070685,0.0013203159906,0.00103427981958,0.000518429558724,0.000701724726241,0.00033394942875,0.000262263289187,0.000212187354919,0.000179442780791,0.000194414504222,0.0000809152261354,0.0000411789078498,0.0000234307826759,0.0000142100316225,0.00000817837462819,0.00000368637415704,0.00000126018437641,7.27030396774e-7,1.58405498496e-7,6.93811985641e-9],"median":[0.0000539499742445,0.00142245786265,0.00151396112051,0.00215061148629,0.00337154557928,0.000893201853614,0.000587794405874,0.000210166195757,0.00019046413945,0.000119195188745,0.0000865828988026,0.000150127874804,0.0000856711267261,0.0000756049121264,0.0000739437382435,0.0000397512521886,0.0000450689440186,0.000028281192499,0.0000154359313456,0.00000713858707968,0.00000350112190972,0.00000182494204637,6.87289002599e-7,1.67020743902e-7,1.09848812713e-7,6.12893984453e-8,6.25252249975e-9],"min":[5.56349912092e-24,5.94422090649e-23,1.53956366182e-23,2.54218757079e-23,3.45568849903e-23,2.57057709704e-23,4.11446087673e-23,8.81497945726e-24,8.40028695453e-23,1.43237627125e-22,4.99091121707e-23,8.70660984818e-23,1.13073428888e-22,1.18921046519e-22,1.75099226837e-22,2.60781688535e-22,1.6965067185e-22,2.43233155843e-22,3.16923189977e-22,3.06240296759e-22,4.1724751592e-22,4.52152200217e-22,6.55255332858e-22,7.80099626681e-22,1.31039272785e-21,1.49203349224e-21,2.73234013172e-21],"var":[3.11208281367e-9,0.00000326797385242,0.0000198897159862,0.0000240320041485,0.0000572695244045,0.0000157034410222,0.0000410986795032,0.0000320217186527,0.0000261492823483,0.0000165899764397,0.00000539019538337,0.00000648279319648,0.00000230779619415,3.01544474723e-7,1.69788833659e-7,6.70775420986e-7,8.43051168431e-7,3.75244653128e-8,6.88930690274e-9,2.93762258963e-9,1.40299816209e-9,2.17607976083e-9,3.14707454541e-10,2.1915289028e-11,4.87960323189e-12,1.99318209507e-13,1.63314917091e-17]},"barkbands_crest":{"dmean":1.97594702244,"dmean2":3.12045264244,"dvar":3.87027716637,"dvar2":9.72890377045,"max":26.1151561737,"mean":10.8740463257,"median":10.1107826233,"min":2.52589154243,"var":15.9843273163},"barkbands_flatness_db":{"dmean":0.0172046441585,"dmean2":0.0248205773532,"dvar":0.000320300925523,"dvar2":0.000634876661934,"max":0.418739169836,"mean":0.227141335607,"median":0.225913777947,"min":0.0744200944901,"var":0.00245055393316},"barkbands_kurtosis":{"dmean":2.94932794571,"dmean2":4.58856248856,"dvar":21.9447994232,"dvar2":51.3331260681,"max":118.572113037,"mean":7.54054927826,"median":3.9354352951,"min":-1.89738953114,"var":125.628929138},"barkbands_skewness":{"dmean":0.424229949713,"dmean2":0.646737515926,"dvar":0.21134506166,"dvar2":0.489640653133,"max":10.0417785645,"mean":1.81167888641,"median":1.68274736404,"min":-2.64453363419,"var":1.89306354523},"barkbands_spread":{"dmean":1.96770453453,"dmean2":3.03159832954,"dvar":6.63976192474,"dvar2":15.1712341309,"max":62.0808639526,"mean":10.0145301819,"median":8.21679782867,"min":0.441758751869,"var":45.014667511},"dissonance":{"dmean":0.0266137700528,"dmean2":0.0442826375365,"dvar":0.000638343510218,"dvar2":0.00170590344351,"max":0.5,"mean":0.428870499134,"median":0.439906030893,"min":0.172358348966,"var":0.00205100351013},"dynamic_complexity":4.61387586594,"erbbands":{"dmean":[0.0124814026058,0.204930633307,1.12365996838,2.99232387543,7.65053749084,7.90218496323,6.32851982117,6.77742338181,15.8423261642,14.8594875336,17.6801528931,11.7372922897,12.9463224411,8.03931713104,12.0245304108,11.3753147125,8.65085029602,4.7765378952,6.16525363922,3.34346413612,5.73314094543,4.17657232285,2.41229271889,0.989450216293,0.89170819521,0.516388952732,0.387803703547,0.217435926199,0.187032669783,0.171725362539,0.0583005547523,0.0292892828584,0.0121605647728,0.00763789238408,0.00323825655505,0.000866494025104,0.000111148619908,0.0000114834492706,0.00000285055511995,0.00000649983121548],"dmean2":[0.0201600920409,0.324252933264,1.70454454422,4.560795784,12.1867713928,12.3490695953,9.64123439789,9.67060089111,23.395324707,21.0079917908,25.1256561279,15.4443235397,16.6679153442,11.6971244812,17.6096858978,18.240568161,13.7176122665,7.43224859238,9.69552993774,5.00590753555,8.79835605621,6.540102005,3.54990386963,1.48647677898,1.29519748688,0.778196692467,0.581826806068,0.340346068144,0.274284482002,0.250426948071,0.0851840600371,0.044666852802,0.0184234268963,0.0117671061307,0.00494818435982,0.00131925172172,0.000171773615875,0.0000185291883099,0.00000407844117944,0.00000930514670472],"dvar":[0.000365229469026,0.0861244052649,3.64082837105,22.1503162384,183.282943726,215.809432983,142.854919434,211.672790527,1592.78015137,2523.90307617,3720.94140625,2203.65356445,2867.06005859,558.297363281,2037.84155273,1420.58349609,3772.66943359,158.989654541,203.457443237,60.6969909668,1354.33581543,831.11315918,148.379501343,6.61166715622,6.42328023911,2.81121087074,1.38164365292,1.40027189255,1.5551623106,1.42260074615,0.0825118720531,0.0194824114442,0.00197952543385,0.000735252979212,0.00013034818403,0.0000105034405351,1.93033159235e-7,1.3936066745e-9,1.43556199914e-11,7.38709510228e-11],"dvar2":[0.000911624636501,0.205490961671,6.99312782288,51.7411003113,537.00982666,565.943054199,349.466552734,451.387756348,3066.85961914,4635.86376953,6962.015625,3657.47753906,3750.38745117,1050.59216309,3909.71557617,3037.15039063,9124.5859375,276.995910645,478.421173096,121.705032349,3049.01318359,2067.18652344,256.118865967,13.9984283447,13.3662223816,6.96225452423,3.15634465218,3.7955198288,3.0141749382,2.69528317451,0.150658041239,0.0482984893024,0.00463721854612,0.00171707000118,0.000301560387015,0.0000241634334088,4.66957345679e-7,3.70664099414e-9,2.90672780984e-11,1.52718601654e-10],"max":[0.376874268055,6.16375780106,32.4957695007,79.2266082764,197.930755615,316.191650391,230.153015137,426.23059082,1497.9387207,2092.99780273,2167.51831055,2182.19848633,2540.3815918,859.993591309,2203.13037109,1590.64196777,3535.82666016,786.318603516,377.41217041,294.865661621,2288.33911133,1511.00927734,964.671691895,70.6939849854,115.877922058,49.7801322937,35.2481536865,51.1557273865,60.5699768066,57.6064491272,10.7669725418,5.42135667801,1.07281303406,0.531477689743,0.218632668257,0.11183205992,0.0172941219062,0.00176459283102,0.0000758634050726,0.000173637352418],"mean":[0.0330690741539,0.534632086754,3.47897982597,8.92183876038,18.3042621613,20.1716308594,16.6830425262,20.0114040375,35.7058372498,32.5416259766,36.3987617493,28.5058689117,34.4976005554,20.1272888184,28.1523799896,24.5326747894,15.6492500305,10.7040262222,15.9246864319,8.69417285919,12.0580129623,9.70473384857,5.50195741653,2.46811556816,2.16072869301,1.08780360222,0.760675191879,0.310865372419,0.274204164743,0.240874573588,0.0868749842048,0.0380464270711,0.0162266157568,0.0100280530751,0.00414160778746,0.00116312387399,0.000202964016353,0.0000319074970321,0.0000136084872793,0.0000299831881421],"median":[0.0265133995563,0.39054825902,1.90398621559,5.6441488266,11.9489574432,9.24481201172,8.35426712036,7.93226861954,8.45913028717,7.70501708984,5.99025917053,5.12989711761,4.27927923203,4.62751245499,5.87752723694,6.46753740311,4.46567630768,3.99274706841,5.19348955154,3.36748027802,3.08488512039,2.62674617767,1.89618229866,0.958987236023,0.791876554489,0.375296503305,0.212241441011,0.0799425393343,0.0642546713352,0.0449156276882,0.0164744462818,0.00563439633697,0.00221947859973,0.00142155156936,0.000681370380335,0.000286355149001,0.000117621748359,0.0000263939982688,0.0000116987694128,0.000025551969884],"min":[2.08915833395e-21,1.15520498135e-20,1.30063650008e-20,6.25896614869e-20,8.11687002692e-20,1.36668822908e-19,2.01405696631e-19,1.7200307062e-19,3.94897988987e-19,5.60945346271e-19,3.07715194526e-19,2.05761632322e-18,3.54556824782e-18,3.31961021502e-18,2.40634822485e-18,3.93985381296e-18,5.70908519615e-18,6.72853401592e-18,7.67873996021e-18,1.32382208572e-17,1.07087703728e-17,1.17540156472e-17,1.24175873792e-17,9.18012240283e-18,1.85167424145e-17,1.42907461481e-17,1.89086076491e-17,1.49535907884e-17,1.60641072305e-17,1.88786554392e-17,1.80932557193e-17,1.48425500629e-17,1.33136034808e-17,1.29688891954e-17,1.05602368589e-17,5.07708074426e-18,3.1151057318e-18,1.35295821999e-18,3.74980824005e-19,3.76345756026e-20],"var":[0.000968398526311,0.277340143919,18.7808818817,94.138092041,428.355865479,879.557434082,559.86706543,1247.19848633,7879.64794922,9807.51464844,12567.0048828,11883.6484375,18708.7910156,2755.87280273,9658.61816406,5116.23779297,5134.39453125,605.92779541,883.462646484,288.255554199,3212.43334961,1335.30773926,381.209899902,22.0903053284,18.4912872314,5.85049104691,3.40660953522,1.23716259003,2.17696261406,2.03315377235,0.145814046264,0.0233595576137,0.00262865028344,0.000931821705308,0.000167793725268,0.0000139692501762,1.92466558246e-7,1.14273301932e-9,1.06204642303e-10,5.58791124483e-10]},"erbbands_crest":{"dmean":2.439879179,"dmean2":3.86909794807,"dvar":5.69912147522,"dvar2":13.9196996689,"max":31.4283008575,"mean":11.150141716,"median":10.1470003128,"min":2.63804101944,"var":22.4357910156},"erbbands_flatness_db":{"dmean":0.0153210386634,"dmean2":0.0217753890902,"dvar":0.000244622933678,"dvar2":0.000462133291876,"max":0.384069174528,"mean":0.234361663461,"median":0.237462118268,"min":0.0334139466286,"var":0.00237998459488},"erbbands_kurtosis":{"dmean":1.09887123108,"dmean2":1.70652925968,"dvar":3.24868345261,"dvar2":7.7623462677,"max":33.7578163147,"mean":1.28700339794,"median":0.328409552574,"min":-1.83681488037,"var":9.57713127136},"erbbands_skewness":{"dmean":0.32595255971,"dmean2":0.498462021351,"dvar":0.10493773222,"dvar2":0.240102484822,"max":4.87252616882,"mean":0.504629194736,"median":0.455783933401,"min":-4.65694332123,"var":0.906977951527},"erbbands_spread":{"dmean":4.51463985443,"dmean2":6.75959253311,"dvar":28.5856437683,"dvar2":56.8810958862,"max":123.086135864,"mean":26.3910560608,"median":24.3471832275,"min":2.65698194504,"var":241.841461182},"gfcc":{"cov":[[9360.70605469,1539.6862793,-1489.2220459,-54.0420379639,-172.845748901,-640.108825684,-12.2689380646,-289.984466553,205.272521973,-345.339050293,-35.8795814514,-494.157745361,-47.4947853088],[1539.6862793,878.975158691,-156.169235229,-292.054504395,187.172286987,-270.549682617,104.236663818,-117.575202942,44.9065856934,-127.926620483,19.5158119202,-131.238037109,-52.508895874],[-1489.2220459,-156.169235229,783.451477051,63.4122695923,-90.9378890991,140.408294678,-85.0122680664,-7.83328151703,-19.4109191895,8.39877986908,-41.0560379028,36.0500411987,-54.9410972595],[-54.0420379639,-292.054504395,63.4122695923,439.637145996,19.3027305603,-32.3324813843,-109.673851013,-29.8797988892,34.9032592773,36.9226379395,-25.3123073578,11.350028038,40.6355819702],[-172.845748901,187.172286987,-90.9378890991,19.3027305603,372.85760498,-37.5144309998,26.0791664124,-18.6441707611,-20.6398868561,17.7968635559,0.593368589878,2.22212171555,38.543800354],[-640.108825684,-270.549682617,140.408294678,-32.3324813843,-37.5144309998,371.008789063,74.4393768311,68.6753768921,-56.7188796997,33.4740486145,-17.5371456146,39.7157287598,-2.08079576492],[-12.2689380646,104.236663818,-85.0122680664,-109.673851013,26.0791664124,74.4393768311,208.565765381,49.0223655701,-17.7699146271,-30.923997879,7.37184810638,-18.5310573578,-24.4978160858],[-289.984466553,-117.575202942,-7.83328151703,-29.8797988892,-18.6441707611,68.6753768921,49.0223655701,147.637084961,16.4797801971,14.1638536453,-2.0139605999,23.7073631287,2.14321994781],[205.272521973,44.9065856934,-19.4109191895,34.9032592773,-20.6398868561,-56.7188796997,-17.7699146271,16.4797801971,120.859634399,15.7243423462,-3.47224330902,-19.5577430725,-10.7612228394],[-345.339050293,-127.926620483,8.39877986908,36.9226379395,17.7968635559,33.4740486145,-30.923997879,14.1638536453,15.7243423462,120.714683533,26.4765701294,21.7814273834,21.9544391632],[-35.8795814514,19.5158119202,-41.0560379028,-25.3123073578,0.593368589878,-17.5371456146,7.37184810638,-2.0139605999,-3.47224330902,26.4765701294,80.7498321533,37.9710617065,0.746687114239],[-494.157745361,-131.238037109,36.0500411987,11.350028038,2.22212171555,39.7157287598,-18.5310573578,23.7073631287,-19.5577430725,21.7814273834,37.9710617065,131.832687378,36.8708648682],[-47.4947853088,-52.508895874,-54.9410972595,40.6355819702,38.543800354,-2.08079576492,-24.4978160858,2.14321994781,-10.7612228394,21.9544391632,0.746687114239,36.8708648682,94.9948425293]],"icov":[[0.000783626164775,-0.00296105840243,0.00182225950994,-0.00199030828662,0.00209465646185,-0.00153315952048,0.00179470772855,-0.000869832991157,0.000769248930737,-0.00010156899225,0.000729710445739,0.0003553784627,0.00022627497674],[-0.00296105840243,0.0174121670425,-0.00765175232664,0.011563392356,-0.0111319096759,0.00874020997435,-0.0089162979275,0.00722391204908,-0.00666580908,0.00511503592134,-0.0060763428919,0.00279697985388,-0.00195696391165],[0.00182225950994,-0.00765175232664,0.00607079500332,-0.00526811555028,0.00543468492106,-0.00461286818609,0.00530618615448,-0.00226793112233,0.00241471105255,-0.000916617456824,0.00316300103441,-0.000569656200241,0.00224119168706],[-0.00199030828662,0.011563392356,-0.00526811555028,0.0105234263465,-0.00757910497487,0.00579018797725,-0.00486745173112,0.0051556257531,-0.00518324226141,0.00281589129008,-0.0030544323381,0.00160685786977,-0.00215896614827],[0.00209465646185,-0.0111319096759,0.00543468492106,-0.00757910497487,0.0103182718158,-0.00507189659402,0.00497404718772,-0.00389885855839,0.00468067498878,-0.00359240849502,0.00427006185055,-0.00130313448608,0.00018504865875],[-0.00153315952048,0.00874020997435,-0.00461286818609,0.00579018797725,-0.00507189659402,0.00874039996415,-0.00645588850603,0.0024063969031,-0.00122047436889,0.000302902102703,-0.000922377163079,0.0000825286697363,-0.000782941875514],[0.00179470772855,-0.0089162979275,0.00530618615448,-0.00486745173112,0.00497404718772,-0.00645588850603,0.0125753907487,-0.00540495570749,0.00323284324259,0.000528359669261,0.000908476824407,0.000935525866225,0.00219899090007],[-0.000869832991157,0.00722391204908,-0.00226793112233,0.0051556257531,-0.00389885855839,0.0024063969031,-0.00540495570749,0.0123488735408,-0.00546774733812,0.00199049012735,-0.00117605004925,-0.0000397013427573,-0.00105149962474],[0.000769248930737,-0.00666580908,0.00241471105255,-0.00518324226141,0.00468067498878,-0.00122047436889,0.00323284324259,-0.00546774733812,0.0135897118598,-0.00513575179502,0.00358716328628,-0.00109926762525,0.00246986583807],[-0.00010156899225,0.00511503592134,-0.000916617456824,0.00281589129008,-0.00359240849502,0.000302902102703,0.000528359669261,0.00199049012735,-0.00513575179502,0.0151655497029,-0.0079550081864,0.00429390417412,-0.00309332250617],[0.000729710445739,-0.0060763428919,0.00316300103441,-0.0030544323381,0.00427006185055,-0.000922377163079,0.000908476824407,-0.00117605004925,0.00358716328628,-0.0079550081864,0.0213647317141,-0.00884067639709,0.00415839347988],[0.0003553784627,0.00279697985388,-0.000569656200241,0.00160685786977,-0.00130313448608,0.0000825286697363,0.000935525866225,-0.0000397013427573,-0.00109926762525,0.00429390417412,-0.00884067639709,0.0150406556204,-0.00540561741218],[0.00022627497674,-0.00195696391165,0.00224119168706,-0.00215896614827,0.00018504865875,-0.000782941875514,0.00219899090007,-0.00105149962474,0.00246986583807,-0.00309332250617,0.00415839347988,-0.00540561741218,0.0153367416933]],"mean":[-95.5592956543,173.475769043,-120.13394165,20.4284095764,-36.4933662415,-5.01481676102,-29.710067749,-7.72748088837,-18.0996303558,-9.00195026398,-11.2403316498,-6.27378797531,-9.08879756927]},"hfc":{"dmean":2.54445147514,"dmean2":3.58111691475,"dvar":20.9437847137,"dvar2":40.7373580933,"max":117.991950989,"mean":11.1489782333,"median":8.04602909088,"min":1.20691117381e-16,"var":135.490875244},"melbands":{"dmean":[0.000148246690514,0.00046096733422,0.000615971570369,0.000587490212638,0.000239678251091,0.000154042689246,0.000236263382249,0.000167486607097,0.000142845470691,0.0000697459327057,0.0000672692258377,0.0000370490961359,0.0000401526231144,0.0000391781068174,0.0000265916787612,0.000013692738321,0.00000946978707361,0.0000114704816951,0.00000495095719089,0.00000456263660453,0.00000772598104959,0.00000514332487001,0.00000321330003317,0.00000190637899777,7.34286686566e-7,7.45414354242e-7,5.82307166042e-7,2.89360997385e-7,2.91203718916e-7,1.60990197173e-7,1.16645715309e-7,9.73305063212e-8,1.32594024649e-7,8.2894047182e-8,3.53409213005e-8,2.33750725442e-8,1.58529900318e-8,8.59071302983e-9,7.33242266904e-9,6.35829877638e-9],"dmean2":[0.000238948457991,0.000704976147972,0.0009517892031,0.000925475556869,0.000364403618732,0.000220490095671,0.000344993575709,0.000237597341766,0.000200974027393,0.0000910663584364,0.0000863756067702,0.0000530824654561,0.0000600283237873,0.0000604508641118,0.0000430044165114,0.0000213213334064,0.000014826030565,0.0000182112471521,0.00000745597208152,0.00000692114099365,0.0000119650121633,0.00000821463800094,0.00000478947777083,0.00000285930900645,0.00000111903182187,0.00000110469022729,8.66969571689e-7,4.49300159744e-7,4.39026649701e-7,2.52825969937e-7,1.83504155871e-7,1.4652465552e-7,1.91742429934e-7,1.2447370068e-7,5.18203613353e-8,3.54841311889e-8,2.46483224942e-8,1.30983357494e-8,1.13883702468e-8,9.84084547184e-9],"dvar":[4.5623231415e-8,5.53877157472e-7,9.75449097496e-7,0.0000010080273114,1.81850396075e-7,9.87356969517e-8,3.53270820597e-7,3.5231286688e-7,2.22075485112e-7,7.93187098225e-8,7.62906395835e-8,1.35488145148e-8,2.45321274406e-8,2.4774111651e-8,1.95186604657e-8,6.08076344832e-9,5.56906298854e-10,7.03267555302e-10,1.23546214925e-10,1.84144546833e-10,2.98300917301e-9,1.78727399547e-9,8.42167668935e-10,4.07170165639e-11,4.0530322154e-12,5.4290408974e-12,2.6218439312e-12,9.94435219934e-13,9.26415628238e-13,6.37983697989e-13,3.95173260434e-13,3.74014919513e-13,1.05557945197e-12,3.02598170045e-13,3.18485946708e-14,1.03144802879e-14,6.59438442844e-15,9.72071209774e-16,7.12201660375e-16,4.96262574813e-16],"dvar2":[1.113903636e-7,0.0000010950008118,0.00000254204314842,0.00000267933000941,4.46902248541e-7,2.07940516361e-7,6.65652521548e-7,6.99652218827e-7,4.04877965821e-7,1.27290689989e-7,9.96383917595e-8,2.46844944485e-8,4.76380606074e-8,4.20202930229e-8,4.79134669717e-8,1.41738976112e-8,1.02229691379e-9,1.67310931776e-9,2.65553246059e-10,4.00017546864e-10,6.90385215663e-9,4.74778438786e-9,1.36343270007e-9,8.72624750237e-11,8.84455876593e-12,1.17805539629e-11,5.52057661737e-12,2.53565831526e-12,2.06953876779e-12,1.81644738313e-12,1.01031455337e-12,7.31217874878e-13,2.12871061923e-12,5.83648092963e-13,5.79416478989e-14,2.35364621537e-14,1.70199886628e-14,2.24987515021e-15,1.71873032926e-15,1.1582174996e-15],"max":[0.00520709250122,0.0122290970758,0.0173737518489,0.017335139215,0.00828764401376,0.00828277133405,0.0227149352431,0.0214337594807,0.0151648065075,0.0122845862061,0.0126601513475,0.00431508058682,0.0102013694122,0.00606428692117,0.00701076956466,0.0043578944169,0.0012981868349,0.000751214800403,0.000414711917983,0.000643630919512,0.00307551515289,0.00246673868969,0.00254755630158,0.000323972693877,0.0000665427214699,0.000111182132969,0.0000495785679959,0.0000298429167742,0.0000338228055625,0.0000389425258618,0.0000214001447603,0.000028269856557,0.0000506613505422,0.0000232048441831,0.00000746848627386,0.00000314673047797,0.00000324339794133,6.68968311857e-7,5.08838752467e-7,4.91616901854e-7],"mean":[0.000397864263505,0.00142704159953,0.00181946554221,0.00150379678234,0.000640993064735,0.000450731196906,0.000530059332959,0.00035760665196,0.000302335160086,0.000165232879226,0.00017652841052,0.0000877238271642,0.0000906403729459,0.0000861137159518,0.0000470904815302,0.0000249225577136,0.0000197482386284,0.0000286052090814,0.0000117309418783,0.000010724384083,0.0000151050771819,0.0000112453617476,0.00000641378392174,0.00000403268859372,0.00000163644995155,0.00000173419232397,0.00000128871590732,5.30994554993e-7,5.80200605782e-7,2.35324847608e-7,1.52529864295e-7,1.41581168123e-7,1.79563670599e-7,1.13229816634e-7,5.13505966637e-8,3.21072946008e-8,1.92502991325e-8,1.13554765591e-8,9.05481911673e-9,8.26178858659e-9],"median":[0.000321386294672,0.00090629037004,0.00126873713452,0.00082518561976,0.000334550742991,0.000180905059096,0.000126821905724,0.0000713470290066,0.0000464657459815,0.0000264532827714,0.0000197700937861,0.0000171662595676,0.0000172445325006,0.0000179750750249,0.0000127727262225,0.00000714318775863,0.00000663518721922,0.00000831953275338,0.00000433464492744,0.0000032413399822,0.00000317055469168,0.00000255981558439,0.00000154681492859,0.00000128831572965,5.59792624699e-7,6.05136790455e-7,3.87033622928e-7,1.65550744669e-7,1.3501717433e-7,6.52220464303e-8,3.23292219662e-8,3.31630225503e-8,3.24749862557e-8,1.88997191231e-8,9.64735580311e-9,4.61959315246e-9,2.47343212578e-9,1.4769403478e-9,1.21009124943e-9,1.14062403966e-9],"min":[1.77985826662e-23,1.05045507e-23,1.19101477941e-23,6.71048394445e-24,7.31855528513e-24,4.30311002024e-24,7.33376767883e-24,5.29303184868e-24,2.29161253067e-24,1.41788723145e-23,1.87512394943e-23,1.52877977548e-23,8.36169761454e-24,7.81891634668e-24,9.72943964037e-24,1.36775243879e-23,1.25392178232e-23,1.06523201248e-23,1.70419104413e-23,1.64912239983e-23,1.19702187632e-23,1.09237521739e-23,1.59123420889e-23,7.02492469013e-24,6.2923671543e-24,1.62819739101e-23,8.59998488388e-24,1.00278026119e-23,1.30016536079e-23,9.58170019232e-24,8.42364765029e-24,9.00538918054e-24,8.79129469745e-24,1.17936906252e-23,1.03438668334e-23,9.2250293558e-24,9.19607737172e-24,8.17648175147e-24,1.10123420424e-23,1.11705717628e-23],"var":[1.32968182243e-7,0.000002623676437,0.00000341966801898,0.00000355659176421,7.33881279302e-7,6.07022343502e-7,0.00000171001806848,0.000001252464358,8.89671127879e-7,4.17829710386e-7,5.03757917159e-7,6.12144148704e-8,1.25890352365e-7,1.0637160841e-7,3.14616244168e-8,9.93888082945e-9,1.9508168414e-9,3.09403924703e-9,4.65171234865e-10,6.27894958249e-10,6.19948758995e-9,2.32030972214e-9,2.05970729361e-9,1.33142927239e-10,1.16884999943e-11,1.4550164025e-11,8.61882180209e-12,1.7259823128e-12,2.66618845057e-12,4.89693734781e-13,4.13522433526e-13,5.37735383565e-13,1.33478384595e-12,4.34782770767e-13,5.56275403345e-14,1.52922074689e-14,6.98982980667e-15,1.3563220947e-15,7.9471807485e-16,6.60719421358e-16]},"melbands_crest":{"dmean":2.41865324974,"dmean2":3.78809261322,"dvar":5.34597873688,"dvar2":13.3238363266,"max":35.3005599976,"mean":14.7653045654,"median":14.1890230179,"min":1.76586520672,"var":24.4181728363},"melbands_flatness_db":{"dmean":0.0208407342434,"dmean2":0.0296020116657,"dvar":0.000502548413351,"dvar2":0.00095873355167,"max":0.543151736259,"mean":0.31871804595,"median":0.317523568869,"min":0.00520857004449,"var":0.00375598226674},"melbands_kurtosis":{"dmean":5.43256616592,"dmean2":8.41439914703,"dvar":100.538757324,"dvar2":237.161300659,"max":442.626647949,"mean":16.2258434296,"median":8.45246124268,"min":-1.91651785374,"var":941.991027832},"melbands_skewness":{"dmean":0.53267365694,"dmean2":0.808319270611,"dvar":0.348768442869,"dvar2":0.785701036453,"max":18.8888263702,"mean":2.6216032505,"median":2.35938000679,"min":-1.55621659756,"var":3.64122319221},"melbands_spread":{"dmean":2.4575855732,"dmean2":3.82566952705,"dvar":16.1893196106,"dvar2":39.9477958679,"max":160.850860596,"mean":11.7232627869,"median":9.20566749573,"min":0.587623298168,"var":89.6048965454},"mfcc":{"cov":[[7396.72607422,1289.921875,-1123.47961426,383.213470459,-385.377960205,-160.15397644,-377.566741943,-79.7296524048,-112.680603027,52.7821121216,0.00384823675267,-95.2838897705,-103.930641174],[1289.921875,1469.76867676,-348.859588623,-26.2711296082,-39.1482391357,-98.9994430542,6.44025611877,-9.3638715744,-89.0277786255,4.63477134705,28.5693302155,-79.0337142944,-47.6559257507],[-1123.47961426,-348.859588623,794.00177002,-75.1922683716,11.5680198669,70.5904006958,-46.8635826111,36.9049263,-22.9906654358,-18.561290741,36.8199691772,-15.7645425797,-36.6035614014],[383.213470459,-26.2711296082,-75.1922683716,418.553405762,104.885528564,-32.8078117371,-127.896270752,-81.6881713867,-9.62891960144,-21.7858943939,-20.8232860565,-6.3075928688,18.0087280273],[-385.377960205,-39.1482391357,11.5680198669,104.885528564,264.413452148,48.5449028015,-7.374563694,-58.4455604553,42.6655693054,-33.4624519348,-40.514667511,33.1348838806,31.7026538849],[-160.15397644,-98.9994430542,70.5904006958,-32.8078117371,48.5449028015,173.776733398,67.4635925293,-1.45074820518,24.2670879364,-7.07180786133,-8.01567363739,12.7545213699,-4.088804245],[-377.566741943,6.44025611877,-46.8635826111,-127.896270752,-7.374563694,67.4635925293,230.713317871,55.7892570496,29.7299880981,7.03295564651,-14.1893978119,15.6685152054,-9.88419342041],[-79.7296524048,-9.3638715744,36.9049263,-81.6881713867,-58.4455604553,-1.45074820518,55.7892570496,160.687789917,24.7886810303,-6.89250898361,19.5423202515,-6.96536588669,-3.11009216309],[-112.680603027,-89.0277786255,-22.9906654358,-9.62891960144,42.6655693054,24.2670879364,29.7299880981,24.7886810303,127.293403625,27.0669212341,-29.5576972961,28.089963913,11.8929758072],[52.7821121216,4.63477134705,-18.561290741,-21.7858943939,-33.4624519348,-7.07180786133,7.03295564651,-6.89250898361,27.0669212341,115.092376709,28.3517589569,-10.2881889343,-13.2788686752],[0.00384823675267,28.5693302155,36.8199691772,-20.8232860565,-40.514667511,-8.01567363739,-14.1893978119,19.5423202515,-29.5576972961,28.3517589569,110.197669983,0.136758267879,-26.2256565094],[-95.2838897705,-79.0337142944,-15.7645425797,-6.3075928688,33.1348838806,12.7545213699,15.6685152054,-6.96536588669,28.089963913,-10.2881889343,0.136758267879,108.175842285,40.8671798706],[-103.930641174,-47.6559257507,-36.6035614014,18.0087280273,31.7026538849,-4.088804245,-9.88419342041,-3.11009216309,11.8929758072,-13.2788686752,-26.2256565094,40.8671798706,107.214378357]],"icov":[[0.000293066899758,-0.000188266611076,0.000387374398997,-0.000211907215999,0.000533840095159,-0.00041566247819,0.000667067128234,-0.000152536274982,0.0000538027888979,-0.0000832433797768,0.000287752103759,-0.000226652729907,0.000392123474739],[-0.000188266611076,0.000995129928924,0.000179705195478,0.000339616148267,-0.000604191387538,0.000590591167565,-0.000443805503892,0.0000265331582341,0.00053766410565,0.0000517319240316,-0.000354842894012,0.00063862837851,0.0000417079536419],[0.000387374398997,0.000179705195478,0.00222201249562,0.000240131368628,0.000261593115283,-0.00121645699255,0.00173914071638,-0.000805020332336,0.000706317892764,0.00000525795076101,0.0000925691711018,-0.000047590212489,0.00114998221397],[-0.000211907215999,0.000339616148267,0.000240131368628,0.00366898369975,-0.00169218122028,0.000513294653501,0.0012553097913,0.000706466438714,0.000173728258233,0.00034838260035,-0.000115501446999,0.000696525268722,-0.000202462077141],[0.000533840095159,-0.000604191387538,0.000261593115283,-0.00169218122028,0.00677573354915,-0.00192665460054,0.00069831154542,0.00182268256322,-0.00240400247276,0.00168638443574,0.000712990644388,-0.000958431919571,-0.000322028558003],[-0.00041566247819,0.000590591167565,-0.00121645699255,0.000513294653501,-0.00192665460054,0.00826552603394,-0.00344738736749,0.00126176478807,-0.00099333410617,0.000789501646068,-0.00096031423891,0.000552623649128,-0.000275814236375],[0.000667067128234,-0.000443805503892,0.00173914071638,0.0012553097913,0.00069831154542,-0.00344738736749,0.00845749210566,-0.00260817119852,0.000561537628528,-0.00104064110201,0.00227477983572,-0.0016925057862,0.00220874673687],[-0.000152536274982,0.0000265331582341,-0.000805020332336,0.000706466438714,0.00182268256322,0.00126176478807,-0.00260817119852,0.00945569109172,-0.00397309847176,0.00309783336706,-0.00312866573222,0.00206672260538,-0.00171524577308],[0.0000538027888979,0.00053766410565,0.000706317892764,0.000173728258233,-0.00240400247276,-0.00099333410617,0.000561537628528,-0.00397309847176,0.0128318211064,-0.00521456124261,0.00460594333708,-0.00330423982814,0.00142949062865],[-0.0000832433797768,0.0000517319240316,0.00000525795076101,0.00034838260035,0.00168638443574,0.000789501646068,-0.00104064110201,0.00309783336706,-0.00521456124261,0.0120932431892,-0.00460501620546,0.00245310273021,-0.000574302510358],[0.000287752103759,-0.000354842894012,0.0000925691711018,-0.000115501446999,0.000712990644388,-0.00096031423891,0.00227477983572,-0.00312866573222,0.00460594333708,-0.00460501620546,0.0134469065815,-0.00366447353736,0.00364849250764],[-0.000226652729907,0.00063862837851,-0.000047590212489,0.000696525268722,-0.000958431919571,0.000552623649128,-0.0016925057862,0.00206672260538,-0.00330423982814,0.00245310273021,-0.00366447353736,0.0131777878851,-0.00510971341282],[0.000392123474739,0.0000417079536419,0.00114998221397,-0.000202462077141,-0.000322028558003,-0.000275814236375,0.00220874673687,-0.00171524577308,0.00142949062865,-0.000574302510358,0.00364849250764,-0.00510971341282,0.0130013907328]],"mean":[-739.070739746,201.634918213,-15.4154071808,30.7983722687,6.78765153885,7.48987579346,-2.74263691902,2.09994673729,-5.42747545242,-3.49540925026,-3.07718229294,-4.10528564453,1.16137456894]},"pitch_salience":{"dmean":0.0570405051112,"dmean2":0.0912883132696,"dvar":0.0027407053858,"dvar2":0.00694883335382,"max":0.827585756779,"mean":0.546454131603,"median":0.547203600407,"min":0.10270345211,"var":0.0118171740323},"silence_rate_20dB":{"dmean":0,"dmean2":0,"dvar":0,"dvar2":0,"max":1,"mean":1,"median":1,"min":1,"var":0},"silence_rate_30dB":{"dmean":0.00425015157089,"dmean2":0.00850159395486,"dvar":0.00423183618113,"dvar2":0.0102506130934,"max":1,"mean":0.99256336689,"median":1,"min":0,"var":0.0073809674941},"silence_rate_60dB":{"dmean":0.00850030314177,"dmean2":0.0170031879097,"dvar":0.00842826627195,"dvar2":0.0197511669248,"max":1,"mean":0.088632568717,"median":0,"min":0,"var":0.0807781070471},"spectral_centroid":{"dmean":93.8682556152,"dmean2":141.165985107,"dvar":25070.4863281,"dvar2":42013.09375,"max":10577.4628906,"mean":649.82635498,"median":561.135192871,"min":179.168838501,"var":139446.484375},"spectral_complexity":{"dmean":1.73527622223,"dmean2":2.78427195549,"dvar":3.37145256996,"dvar2":7.82158231735,"max":35,"mean":11.9209289551,"median":12,"min":0,"var":28.9858398438},"spectral_contrast_coeffs":{"dmean":[0.0425844490528,0.0416531972587,0.0340959317982,0.0276991948485,0.0205010082573,0.0158825479448],"dmean2":[0.0697033926845,0.0664652734995,0.054603446275,0.0443758070469,0.0315442793071,0.0243117455393],"dvar":[0.00133263063617,0.00129853282124,0.000860634550918,0.000565998023376,0.000332999712555,0.000265244743787],"dvar2":[0.00356920529157,0.00325973867439,0.00208892254159,0.00133691343945,0.00071773090167,0.000534664955921],"max":[-0.353122830391,-0.373438179493,-0.428225070238,-0.533635497093,-0.536930263042,-0.543398857117],"mean":[-0.595858097076,-0.694265782833,-0.73469889164,-0.743777573109,-0.764552295208,-0.770682156086],"median":[-0.582720160484,-0.701759755611,-0.746163189411,-0.743998467922,-0.764575362206,-0.770204424858],"min":[-0.940685927868,-0.955941319466,-0.966339945793,-0.958815574646,-0.961505711079,-0.96098446846],"var":[0.00892525818199,0.00784210953861,0.00617538113147,0.00365158123896,0.00325122103095,0.00204716133885]},"spectral_contrast_valleys":{"dmean":[0.33141720295,0.335223048925,0.292372912169,0.28608366847,0.257486224174,0.239419028163],"dmean2":[0.547189772129,0.546700596809,0.468099743128,0.440769374371,0.363852620125,0.32631316781],"dvar":[0.103412732482,0.114491604269,0.0895800441504,0.101041525602,0.0925663709641,0.118118867278],"dvar2":[0.227084338665,0.243429794908,0.171980500221,0.187939584255,0.137523189187,0.166534498334],"max":[-5.67845010757,-4.67979049683,-5.73002815247,-6.45460891724,-6.49117422104,-9.40969848633],"mean":[-7.31823587418,-7.03644514084,-7.98158025742,-8.64216995239,-9.02261066437,-12.3527030945],"median":[-7.07761669159,-6.85239362717,-7.86457872391,-8.51794815063,-8.92236709595,-12.5054912567],"min":[-27.7078456879,-27.4754905701,-27.0244998932,-27.1907024384,-27.2019844055,-27.209980011],"var":[1.03679442406,1.28564620018,1.25306499004,1.17163598537,1.00684857368,0.609815359116]},"spectral_decrease":{"dmean":1.48687517854e-9,"dmean2":2.13924300496e-9,"dvar":3.80052557854e-18,"dvar2":7.99875545969e-18,"max":1.91221581855e-29,"mean":-6.80059697444e-9,"median":-5.85349635429e-9,"min":-3.77089648396e-8,"var":2.82424475067e-17},"spectral_energy":{"dmean":0.00581383099779,"dmean2":0.0083492519334,"dvar":0.0000585445268371,"dvar2":0.000122250334243,"max":0.151316165924,"mean":0.0266782566905,"median":0.0228669345379,"min":1.08748675806e-20,"var":0.000439161114627},"spectral_energyband_high":{"dmean":0.0000190259124793,"dmean2":0.0000274825342785,"dvar":5.76912961847e-9,"dvar2":1.19351852845e-8,"max":0.00298188230954,"mean":0.0000341184713761,"median":0.0000108500735223,"min":7.69742693313e-21,"var":8.90880968996e-9},"spectral_energyband_low":{"dmean":0.00200575520284,"dmean2":0.00300765316933,"dvar":0.00000899930910236,"dvar2":0.0000171408537426,"max":0.0464865267277,"mean":0.00712871272117,"median":0.00515945861116,"min":9.08438965589e-23,"var":0.0000441553165729},"spectral_energyband_middle_high":{"dmean":0.00103813630994,"dmean2":0.00148075830657,"dvar":0.00000723815037418,"dvar2":0.0000133586236188,"max":0.0795912370086,"mean":0.00346986949444,"median":0.00146032462362,"min":1.76262010336e-21,"var":0.0000419254101871},"spectral_energyband_middle_low":{"dmean":0.00469201430678,"dmean2":0.00697032734752,"dvar":0.0000445356272394,"dvar2":0.000102488338598,"max":0.129029810429,"mean":0.0180704537779,"median":0.0136943096295,"min":2.36039526938e-22,"var":0.000293008255539},"spectral_entropy":{"dmean":0.168223872781,"dmean2":0.242308229208,"dvar":0.0334713347256,"dvar2":0.062732629478,"max":9.81196498871,"mean":6.59575128555,"median":6.60922384262,"min":4.76224327087,"var":0.252838522196},"spectral_flux":{"dmean":0.0165441241115,"dmean2":0.026356652379,"dvar":0.000404216145398,"dvar2":0.000974360969849,"max":0.263672322035,"mean":0.0539618246257,"median":0.0483994036913,"min":1.04282631141e-10,"var":0.00113187590614},"spectral_kurtosis":{"dmean":6.87958145142,"dmean2":11.8669643402,"dvar":46.8149757385,"dvar2":131.507720947,"max":91.0433654785,"mean":15.900894165,"median":12.8415136337,"min":-1.15540230274,"var":137.752441406},"spectral_rms":{"dmean":0.000532155798282,"dmean2":0.000756500754505,"dvar":3.85246750056e-7,"dvar2":7.5263301369e-7,"max":0.0121501246467,"mean":0.00464750500396,"median":0.00472326204181,"min":3.25724213227e-12,"var":0.00000442828059022},"spectral_rolloff":{"dmean":126.848205566,"dmean2":218.28187561,"dvar":102574.960938,"dvar2":223354.59375,"max":18884.6191406,"mean":674.047607422,"median":495.263671875,"min":43.06640625,"var":311958.375},"spectral_skewness":{"dmean":0.533992707729,"dmean2":0.897155702114,"dvar":0.232907950878,"dvar2":0.637872755527,"max":7.9673242569,"mean":2.6495745182,"median":2.50658655167,"min":0.0465859659016,"var":1.01798605919},"spectral_spread":{"dmean":317417.9375,"dmean2":473983.78125,"dvar":260837425152,"dvar2":349813407744,"max":39998352,"mean":2472543.75,"median":2181549,"min":946479.875,"var":1457348149250},"spectral_strongpeak":{"dmean":0.388659894466,"dmean2":0.63723474741,"dvar":0.525434970856,"dvar2":1.13217294216,"max":17.9598884583,"mean":1.00881099701,"median":0.572735130787,"min":0,"var":1.74104952812},"zerocrossingrate":{"dmean":0.00365640246309,"dmean2":0.00460216403008,"dvar":0.0000433449349657,"dvar2":0.0000546730771021,"max":0.50732421875,"mean":0.027168193832,"median":0.02490234375,"min":0.0048828125,"var":0.000243826871156}},"metadata":{"audio_properties":{"analysis_sample_rate":44100,"bit_rate":192000,"codec":"mp3","downmix":"mix","equal_loudness":0,"length":152.973068237,"lossless":false,"md5_encoded":"7891323095187198fbd5c8c7e86e4a6b","replay_gain":-6.26112747192,"sample_rate":44100},"tags":{"acoustid_fingerprint":["AQADtJkkUk0m6Ee-lMOlo3mm4O3x4_FR_TijAnk2TBkzQ2uQg6FOPDcejmj-EPfxxOh1hKkD1Tmyy1gb4T5-HU-FUVIOvpjyUyh-JGeQdx9uBq_wVA9ypQq-Q_uD_Mel4w_yI2HV8Kj64N7xH9-xHxl9JH-wx8OjVJj5FfTDoItETGmSHX9z9A-O2seDx_iFK1eEcPmhMj_Sqkdv3JheuNEc4zJ4NNfxcPjx7EFS3Qi9BSUPMnEyJRl6ycSUBxWPZlGYDD9yiDXyZ8JP_PgzhFIVQ0viI58-_Eez3egf1MpS-I-B6ToSPTlyXRiPN5mDS6kU7CEYSTt-ROJ3_A20X4f4ofoOHdeHPAyDMxma43hRJkeuQ2_Qhz78Y6u4ozouFlJ7PJcwTczh_UGoR6mCHlMWXOCjOUV_wfEx7ce_Htfx5cSlJ3gv5HoCLTeJfMEv9MXzBT-aZ8nh_OhzfFTGYF4tJEU-fuh1HFl56McPdxKCTMmh6QvyR8F-PFGOv3iOZnoaosyVIs-hvujbIFmeH1ei55iVg8lJKeijJceOL8KZI5lihNl1PE-KS9Hh43jwoPnR57ji48k1PGh-9OGD03iiIlYSZRq0PBXCH-_x4MGlMBmeUEX-oUkeaNKNnDQxK8fh99jzwLGOH3diePLxJQ0ePoidQ_sR5jy-E0-OP6jELEeT5MeJ5TnC_FB05CLRdPtgotLJbFibH5x_YXqOtAkJzchx4WTmoFIUi4enLWgqukj-IIeL63jSx3iy41RyaHnQJxLx4xyeKHikj7gW-BmSS8gTqXhWfHAuJSHi9EhG8miWp8Id4nAZ4VmSHc_oIdbTBBrC4FXxvDiZMDHaZQ-aI_ly5NuMn-jR_PiDJ0p5PPmEHNWh5dCz4wh1NFUS_PBmJI_yI--JXzGeH-7xJBOeUMH3IZ3XJEhO4_iCK8IT8jijBX0OXwySKZU6xE2W6fjxGx7b4yHyKxCT54j5CN4e5MmgM0d1NEmzQ3-G68ij40oZNMmDSuG24MWF8IGiIDs-NxiV3MQT7Afz8dhLhDkJHfk0PByuE48yMgqaiOSQ7AmR48rwJHhyPHbwJAqSkSfCPBtxKcUzHGeMRzEVXAma5DGSyQzyJDl-PG9wtgn-B0-MMPqhWVmQZy2uLD_yKxCrJ_gRPCFePFESOQgpMZoCXUeYBw8uPDSunMGzy4gPcSTykMX1BGeOcA-SJU6EC2fwO0cpJYuEJkyWEr8RIznxcDkuHk-Jw08U4kqN_Ei-DVd2tEkP7-kQ_tAR3MeZZEEePD-S8Q2uHDVxHc0kB71T_Cku-McvXDz-YMrByJJzhFkXKKoe5D6eE35OnMqR54KW0DGRj4bXG8_R9ESg-9hB5YuOMRv0jMin4SmPs1pwp0SVoimeSxl-Bc13VPmUCeMJfsd2XD1O41KOM22CONIlqNeR9xv6oHGP6xRe_Dku5SGaKxJRSuLxJIeYa8FOH