{"lowlevel":{"average_loudness":0.952412128448,"barkbands":{"dmean":[0.00279314420186,0.0146154528484,0.00402721948922,0.00232512853108,0.00314634316601,0.00130330701359,0.000712520559318,0.000823020585813,0.000948880449869,0.00039674868458,0.000262694666162,0.000645346823148,0.000285746180452,0.000290550116915,0.000472166982945,0.00029672466917,0.000341776409186,0.000249079719651,0.000161035030033,0.0000963404454524,0.0000537551168236,0.0000290664356726,0.0000154523186211,0.00000766731136537,0.0000035907066831,0.0000140744732562,0.000760815630201],"dmean2":[0.00475423736498,0.0238232966512,0.00677204038948,0.00398004986346,0.00518697546795,0.00206827325746,0.00117741699796,0.00135812861845,0.00156164902728,0.000645459047519,0.000430900079664,0.00105447520036,0.000468152866233,0.000472272542538,0.000767274352256,0.000486762175569,0.00056554377079,0.000390091823647,0.000249714852544,0.000146561709698,0.0000772256971686,0.000042136227421,0.0000233567025134,0.0000134601859827,0.00000593119875703,0.0000216449334403,0.00108728907071],"dvar":[0.0000110149712782,0.000232839156524,0.0000337829878845,0.000010110448784,0.0000245253322646,0.00000426396945841,0.00000112749989967,0.00000239001678892,0.00000392942592953,5.34911350769e-7,2.38459250568e-7,0.0000018563289359,1.85597102131e-7,3.48292815033e-7,5.60913747449e-7,1.52469453951e-7,2.1620981272e-7,1.05536173578e-7,4.88268554477e-8,3.22925615137e-8,2.50313565431e-8,7.83602516208e-9,9.82315895293e-10,6.69537203457e-11,2.71376254801e-11,4.80750717013e-10,9.62100330071e-7],"dvar2":[0.0000299068578897,0.000641426129732,0.0000932333132369,0.000028679103707,0.0000653472234262,0.00000996921971819,0.00000275917454928,0.00000645400768917,0.0000100472316262,0.00000125110409499,5.88121110923e-7,0.00000475627712149,4.73237236065e-7,7.51682364353e-7,0.00000140103963986,3.93182148173e-7,5.71126349769e-7,2.56312517877e-7,1.17211378381e-7,6.64931221195e-8,4.47616272936e-8,1.34856570355e-8,2.04630112854e-9,1.85939069697e-10,6.53219839331e-11,1.06178588144e-9,0.00000199547389457],"max":[0.0401700921357,0.203513279557,0.142330318689,0.0448606833816,0.0973725616932,0.0454453863204,0.0392175465822,0.049239128828,0.0629745647311,0.0321218185127,0.0210014227778,0.0395673178136,0.00925883464515,0.0661565363407,0.0310105513781,0.00762839242816,0.010735261254,0.00465102726594,0.00674116704613,0.0111489314586,0.0143683571368,0.00571343442425,0.00139023736119,0.000211293183384,0.0000694789123372,0.000357784738299,0.0120334429666],"mean":[0.00436053005978,0.0290279183537,0.00588318239897,0.00324185634963,0.00500857504085,0.00228528026491,0.0011324606603,0.00128601933829,0.00167011364829,0.000640852318611,0.000418044772232,0.00115382461809,0.000487668818096,0.00053309253417,0.00091770401923,0.000561551598366,0.000637608289253,0.000465938035632,0.000316858175211,0.00020368641708,0.000109259555757,0.0000544574904779,0.0000213343246287,0.0000128325427795,0.00000376660409529,0.0000205685955734,0.00191286439076],"median":[0.00332768633962,0.0257747918367,0.00341167813167,0.00170822162181,0.00286773918197,0.00109810091089,0.000635943957604,0.000651831040159,0.000650177709758,0.00032222061418,0.000206753058592,0.000549474731088,0.000295687146718,0.000366078515071,0.000584320398048,0.000400422577513,0.000454591761809,0.00034201570088,0.000240397523157,0.000141548065585,0.0000603561566095,0.000024350163585,0.00000833381454868,0.0000102231269921,0.00000172571287749,0.0000107124733404,0.00161865877453],"min":[1.57616154218e-24,1.05874852247e-23,2.73236095134e-24,4.69152580287e-24,2.1707658242e-23,4.28598069454e-24,2.44738132056e-23,1.86266515361e-23,2.56990719636e-23,2.10157467643e-23,2.12906253467e-23,3.111689293e-23,1.16997980337e-23,4.99014128882e-23,6.22359378726e-23,9.40323208765e-23,8.81470272486e-23,1.27168151832e-22,1.59539292581e-22,2.36735062442e-22,3.61205600279e-22,4.20254628447e-22,4.20946655099e-22,7.37798052422e-22,1.02546061175e-21,1.26919121697e-21,2.06521028391e-21],"var":[0.0000156425267051,0.000383964914363,0.0000575237645535,0.0000173012413143,0.0000374936680601,0.000012404770132,0.00000233694640883,0.00000455136159871,0.00000944015846471,0.00000114540773666,5.21354138527e-7,0.00000423666688221,3.8902533106e-7,8.19759179649e-7,0.00000144043713135,3.61670231541e-7,4.91317280193e-7,2.1039538467e-7,1.14580082311e-7,9.06588226712e-8,9.1564842819e-8,2.7955032067e-8,2.32034302883e-9,9.23562545885e-11,3.18281963285e-11,6.96414648171e-10,0.0000027299076919]},"barkbands_crest":{"dmean":3.15974974632,"dmean2":5.04593467712,"dvar":6.67507410049,"dvar2":17.509552002,"max":26.5038433075,"mean":12.7925729752,"median":12.4629840851,"min":2.7165350914,"var":21.3729629517},"barkbands_flatness_db":{"dmean":0.0269231144339,"dmean2":0.0406327657402,"dvar":0.000603394117206,"dvar2":0.0013605809072,"max":0.483292430639,"mean":0.155728906393,"median":0.14367249608,"min":0.0466311387718,"var":0.00312563963234},"barkbands_kurtosis":{"dmean":7.99377250671,"dmean2":11.9975919724,"dvar":379.420715332,"dvar2":918.592651367,"max":521.998413086,"mean":14.0541067123,"median":5.68181228638,"min":-1.97675490379,"var":854.318054199},"barkbands_skewness":{"dmean":0.751008868217,"dmean2":1.13215851784,"dvar":0.74633038044,"dvar2":1.63848650455,"max":18.159286499,"mean":2.8234808445,"median":2.3848836422,"min":-2.14558386803,"var":3.1682446003},"barkbands_spread":{"dmean":9.0734128952,"dmean2":13.4475297928,"dvar":91.5028915405,"dvar2":201.544769287,"max":140.700027466,"mean":30.1949214935,"median":28.5969486237,"min":0.38492411375,"var":358.014526367},"dissonance":{"dmean":0.0156458150595,"dmean2":0.0265743564814,"dvar":0.000256387604168,"dvar2":0.000703386380337,"max":0.500000238419,"mean":0.475121885538,"median":0.480378568172,"min":0.255192488432,"var":0.000416393275373},"dynamic_complexity":2.09546589851,"erbbands":{"dmean":[0.62395554781,2.85114979744,4.90360546112,5.8650135994,8.00531578064,12.0400428772,12.7363615036,10.1390628815,9.5011100769,13.8053789139,18.9106864929,22.4622001648,11.4324998856,12.0969724655,14.9802627563,23.9492778778,12.2610635757,12.7393465042,22.698846817,18.6244373322,16.4171390533,17.744096756,13.9485197067,10.4584341049,5.80805969238,4.69042730331,2.58719491959,1.87548911572,1.10601973534,0.686277389526,0.41099473834,0.264974027872,0.061637096107,0.0399401411414,0.0257570389658,0.015822025016,0.031125228852,0.0367345102131,0.0419246070087,0.0210919342935],"dmean2":[0.995190680027,4.73262453079,8.24180603027,9.96364593506,13.2700300217,20.0774879456,21.1257553101,16.1876087189,15.5493221283,22.7370834351,31.370672226,36.7542076111,18.6938247681,19.7425823212,24.5405464172,39.2233581543,19.9489631653,20.7141742706,36.8879699707,30.1650943756,26.8621292114,29.0891914368,21.9244709015,16.2609539032,8.78238964081,7.11241912842,3.77190804482,2.71810889244,1.58947086334,1.00970745087,0.624708592892,0.46315485239,0.101624466479,0.0660443156958,0.0424538478255,0.0258004460484,0.0490398779511,0.0512785762548,0.0567026771605,0.0305140931159],"dvar":[0.423700422049,10.1578874588,43.6213760376,60.306224823,136.766036987,392.814056396,471.262542725,265.533996582,227.201370239,573.791992188,1025.84423828,2437.55786133,454.736175537,469.788757324,940.255004883,2423.35131836,344.206817627,353.934417725,1458.98730469,951.95880127,441.44821167,607.181945801,335.951690674,192.137771606,75.4078979492,80.1814651489,44.7677345276,40.6743659973,12.2181720734,2.78268074989,0.609157383442,0.0851070806384,0.00752461608499,0.00338871451095,0.00138176442124,0.000480504881125,0.00200715567917,0.00401779357344,0.00404712744057,0.000771086430177],"dvar2":[1.14544868469,28.1475925446,121.847991943,168.134536743,372.46270752,1038.04211426,1214.5892334,623.824768066,567.149780273,1474.67724609,2711.51147461,6200.24804688,1028.40930176,1178.3392334,2386.05273438,6110.87939453,879.283508301,870.387695312,3538.5793457,2295.32202148,1137.54504395,1597.45410156,822.639587402,458.270172119,169.544189453,171.285095215,77.4136581421,74.7899856567,21.0565433502,5.04331254959,1.30152344704,0.229294478893,0.0181016232818,0.00817212834954,0.00332112982869,0.00114091241267,0.00444779777899,0.00761407287791,0.00719534605742,0.00165431981441],"max":[8.74374008179,40.0089492798,131.736297607,123.346473694,189.138259888,378.74017334,398.36428833,468.721221924,320.703094482,819.839416504,636.822021484,1604.67944336,1245.64440918,645.790466309,1030.88098145,1578.88696289,347.965637207,1299.2545166,2364.63745117,1689.44848633,469.066650391,603.323120117,268.501647949,290.744262695,358.53326416,437.381378174,545.323120117,441.548370361,200.978652954,81.1967773438,31.8174610138,8.91481685638,1.22495019436,0.7887570858,0.491260945797,0.279126733541,0.691816866398,1.45897781849,1.07382237911,0.320835828781],"mean":[1.21552956104,4.93533372879,7.7412314415,9.12152194977,12.6385116577,17.5757274628,19.6155185699,17.2719230652,15.1652917862,22.67827034,31.7353992462,39.7732620239,19.7484455109,20.7453784943,27.302072525,42.8353729248,23.7693653107,26.0669498444,44.8115921021,37.5939712524,33.9161338806,34.9657516479,27.4365673065,20.6802978516,12.6030759811,9.74561786652,5.41033840179,3.69115495682,2.14497613907,1.09420657158,0.590957045555,0.455647021532,0.0742227509618,0.0420550480485,0.0274288970977,0.0190687756985,0.0496661663055,0.0679806619883,0.106795467436,0.053602039814],"median":[1.05714058876,3.98414492607,5.13371276855,5.57365036011,7.55852794647,9.57482719421,10.3147583008,8.39165687561,8.40229797363,11.8439092636,16.5847358704,15.3887367249,10.9285821915,10.5355682373,14.3961515427,21.5296478271,15.7320728302,19.2112121582,29.4075145721,25.1224498749,25.3880825043,25.6544322968,20.491891861,15.8732795715,9.87099933624,6.45813035965,3.22863483429,1.9643137455,0.99856108427,0.451479047537,0.256088793278,0.355260819197,0.0404975898564,0.0192173160613,0.0128084942698,0.0104805380106,0.0295657776296,0.0344676338136,0.0828704237938,0.0451766513288],"min":[6.23829310583e-23,1.94472181495e-21,3.80419879037e-21,1.49758028755e-20,6.28667799168e-20,5.23365413057e-20,1.00924300075e-19,6.0198114315e-20,1.97306809901e-19,3.36506094625e-19,5.36806716732e-19,5.74500768559e-19,8.69215036151e-19,5.75867167534e-19,1.05642058783e-18,1.12203782729e-18,7.19792044625e-19,2.17694250325e-18,4.37297343991e-18,4.04775249284e-18,7.6195543602e-18,6.7544115342e-18,7.93370432196e-18,6.54984439204e-18,7.81351415177e-18,1.01052701512e-17,1.51505077506e-17,1.46162202124e-17,1.46442930681e-17,1.41321838965e-17,1.10426378388e-17,1.38996237216e-17,1.36675863249e-17,9.13335361099e-18,8.08693870325e-18,4.2507492326e-18,2.67111116134e-18,1.17307259634e-18,2.62408263479e-19,2.97349264357e-20],"var":[0.799418389797,15.1129570007,69.8187408447,105.568443298,232.604675293,546.033996582,844.630554199,677.864440918,417.526519775,1242.92541504,1989.96777344,5907.48388672,1026.76452637,1005.67327881,2380.10253906,4952.73925781,805.364807129,886.41796875,3663.45288086,2427.33422852,1160.14941406,1429.48547363,704.214538574,423.077392578,200.402954102,217.037582397,155.039627075,134.233276367,44.8708877563,9.02085876465,1.33993124962,0.133554115891,0.00909602642059,0.0039529777132,0.00163154222537,0.000595207209699,0.00300666736439,0.00916722323745,0.011597905308,0.00197300850414]},"erbbands_crest":{"dmean":1.94991469383,"dmean2":3.21826648712,"dvar":3.5302529335,"dvar2":9.02123737335,"max":31.9939727783,"mean":6.95343542099,"median":6.02270698547,"min":2.54229402542,"var":12.1672649384},"erbbands_flatness_db":{"dmean":0.0172563269734,"dmean2":0.0270760897547,"dvar":0.000236383813899,"dvar2":0.00059810501989,"max":0.345152556896,"mean":0.127308532596,"median":0.122568458319,"min":0.0209571216255,"var":0.00110242713708},"erbbands_kurtosis":{"dmean":0.791353464127,"dmean2":1.302475214,"dvar":4.52786540985,"dvar2":13.5063276291,"max":100.745231628,"mean":0.128591835499,"median":-0.462436437607,"min":-1.68358230591,"var":13.3967618942},"erbbands_skewness":{"dmean":0.332947194576,"dmean2":0.514757871628,"dvar":0.098321557045,"dvar2":0.228438004851,"max":3.78816556931,"mean":-0.142241626978,"median":-0.189284175634,"min":-7.73659515381,"var":0.58244997263},"erbbands_spread":{"dmean":6.98882293701,"dmean2":11.0477304459,"dvar":45.4182815552,"dvar2":118.065933228,"max":181.25642395,"mean":39.0042991638,"median":37.5443153381,"min":3.53301906586,"var":200.350997925},"gfcc":{"cov":[[5572.98388672,38.7348480225,-1177.47595215,-27.889257431,306.094024658,-820.805480957,325.506958008,-328.223022461,66.6605072021,-22.394241333,3.23377466202,-55.097869873,159.003768921],[38.7348480225,604.539855957,-31.3548336029,-262.601989746,4.91234922409,116.277854919,-72.0127410889,5.95324087143,15.5697450638,-22.3023223877,40.6278915405,-18.0315437317,25.1961803436],[-1177.47595215,-31.3548336029,557.192443848,137.374725342,-174.197555542,240.841705322,-99.7169265747,127.040504456,-57.4992256165,36.4111480713,-21.4282398224,12.8709278107,-48.6495628357],[-27.889257431,-262.601989746,137.374725342,336.548278809,22.2125282288,-129.245071411,108.567092896,-19.8420639038,6.44248342514,31.4804267883,-18.4945011139,8.96826457977,-23.0142860413],[306.094024658,4.91234922409,-174.197555542,22.2125282288,216.501068115,-99.6064224243,71.4873886108,-62.292514801,27.74751091,-45.3718452454,18.3714199066,-20.2381896973,22.0823440552],[-820.805480957,116.277854919,240.841705322,-129.245071411,-99.6064224243,379.819641113,-152.664932251,126.529670715,-57.280544281,12.457901001,-10.5672826767,13.2584009171,-15.7328739166],[325.506958008,-72.0127410889,-99.7169265747,108.567092896,71.4873886108,-152.664932251,195.163848877,-55.3454551697,46.813873291,-13.3263502121,-2.17690205574,5.80905818939,-9.84966468811],[-328.223022461,5.95324087143,127.040504456,-19.8420639038,-62.292514801,126.529670715,-55.3454551697,129.158126831,-7.95743274689,29.611869812,0.636758983135,-7.91511869431,10.8124217987],[66.6605072021,15.5697450638,-57.4992256165,6.44248342514,27.74751091,-57.280544281,46.813873291,-7.95743274689,96.1170120239,14.7642612457,4.13703107834,10.8991699219,-13.6692447662],[-22.394241333,-22.3023223877,36.4111480713,31.4804267883,-45.3718452454,12.457901001,-13.3263502121,29.611869812,14.7642612457,75.3537063599,22.4690055847,3.94006538391,7.0041513443],[3.23377466202,40.6278915405,-21.4282398224,-18.4945011139,18.3714199066,-10.5672826767,-2.17690205574,0.636758983135,4.13703107834,22.4690055847,59.806312561,17.3547477722,14.8362483978],[-55.097869873,-18.0315437317,12.8709278107,8.96826457977,-20.2381896973,13.2584009171,5.80905818939,-7.91511869431,10.8991699219,3.94006538391,17.3547477722,63.7196578979,5.87196731567],[159.003768921,25.1961803436,-48.6495628357,-23.0142860413,22.0823440552,-15.7328739166,-9.84966468811,10.8124217987,-13.6692447662,7.0041513443,14.8362483978,5.87196731567,67.6860656738]],"icov":[[0.000439917901531,-0.000317133206408,0.000932061404455,-0.000281414744677,0.0000952025875449,0.000581115018576,-0.0000610590941506,-0.0001960380323,0.00072255753912,-0.000623407599051,0.000810729514342,-0.000258628366282,-0.000159530085512],[-0.000317133206408,0.00344247161411,-0.00196598097682,0.00286337803118,0.000176249828655,-0.00118303659838,-0.00063522142591,0.00222615851089,-0.00265557458624,0.00148698571138,-0.00312070478685,0.00272709643468,-0.00199919100851],[0.000932061404455,-0.00196598097682,0.00931151490659,-0.00811966415495,0.00527367880568,-0.00329676014371,0.00196899636649,-0.00212729652412,0.000572136777919,0.00386745389551,-0.00211932044476,0.00160870398395,0.000654023082461],[-0.000281414744677,0.00286337803118,-0.00811966415495,0.0147557416931,-0.00793597754091,0.00679373648018,-0.00429642898962,-0.000757534930017,0.00479320483282,-0.0111632281914,0.00802739989012,-0.00612967135385,0.00333572481759],[0.0000952025875449,0.000176249828655,0.00527367880568,-0.00793597754091,0.0151557791978,-0.00641193194315,-0.0000356947712135,0.00496137095615,-0.0083116851747,0.0146751012653,-0.0129306912422,0.0117069222033,-0.00780821219087],[0.000581115018576,-0.00118303659838,-0.00329676014371,0.00679373648018,-0.00641193194315,0.0124689433724,0.00117497763131,-0.00766066741198,0.00846131239086,-0.0088596791029,0.00998397730291,-0.0100492564961,0.00670950952917],[-0.0000610590941506,-0.00063522142591,0.00196899636649,-0.00429642898962,-0.0000356947712135,0.00117497763131,0.0101210558787,-0.000622134830337,-0.00278059509583,0.00310893892311,-0.000674709270243,-0.000956030446105,0.00153879472055],[-0.0001960380323,0.00222615851089,-0.00212729652412,-0.000757534930017,0.00496137095615,-0.00766066741198,-0.000622134830337,0.0191915165633,-0.00829756911844,0.00250797788613,-0.00652846135199,0.0105832591653,-0.0101326340809],[0.00072255753912,-0.00265557458624,0.000572136777919,0.00479320483282,-0.0083116851747,0.00846131239086,-0.00278059509583,-0.00829756911844,0.0234675742686,-0.0152272023261,0.0126659497619,-0.0136911245063,0.0116578619927],[-0.000623407599051,0.00148698571138,0.00386745389551,-0.0111632281914,0.0146751012653,-0.0088596791029,0.00310893892311,0.00250797788613,-0.0152272023261,0.036311943084,-0.0234838016331,0.0148696843535,-0.00987546890974],[0.000810729514342,-0.00312070478685,-0.00211932044476,0.00802739989012,-0.0129306912422,0.00998397730291,-0.000674709270243,-0.00652846135199,0.0126659497619,-0.0234838016331,0.0383802168071,-0.0195584092289,0.00621940568089],[-0.000258628366282,0.00272709643468,0.00160870398395,-0.00612967135385,0.0117069222033,-0.0100492564961,-0.000956030446105,0.0105832591653,-0.0136911245063,0.0148696843535,-0.0195584092289,0.0318550989032,-0.0121005633846],[-0.000159530085512,-0.00199919100851,0.000654023082461,0.00333572481759,-0.00780821219087,0.00670950952917,0.00153879472055,-0.0101326340809,0.0116578619927,-0.00987546890974,0.00621940568089,-0.0121005633846,0.0265095699579]],"mean":[31.0815200806,100.052627563,-81.4954299927,8.31808757782,2.3529624939,-18.3405208588,1.18070697784,-11.4801158905,6.54419326782,-10.7737941742,-1.77084028721,-3.03159809113,-7.52191734314]},"hfc":{"dmean":134.444702148,"dmean2":213.476699829,"dvar":42179.265625,"dvar2":102051.09375,"max":1900.89294434,"mean":283.077301025,"median":210.707336426,"min":1.11726438305e-16,"var":57568.0273438},"melbands":{"dmean":[0.00461491197348,0.00274136895314,0.00100844318513,0.000675257761031,0.000476466491818,0.00022935825109,0.000141565993545,0.000156656140462,0.000168671453139,0.000132116692839,0.0000576842176088,0.00005150767538,0.0000410533139075,0.000075530828326,0.0000451406522188,0.000027295165637,0.0000257211140706,0.0000377048490918,0.0000341732120432,0.0000214690917346,0.0000214759365917,0.0000219494359044,0.000014350703168,0.0000128654392029,0.0000089558207037,0.00000569103985981,0.0000039710762394,0.00000309468123305,0.0000018539459461,0.00000138652069381,0.0000011075889006,7.0861290169e-7,4.89832416406e-7,3.59879692269e-7,2.54489179952e-7,2.18390880491e-7,1.22627014321e-7,4.28143991371e-8,3.6566877526e-8,3.26647509041e-8],"dmean2":[0.00745866121724,0.00459913164377,0.00170578609686,0.00110851868521,0.000792401377112,0.000363818951882,0.000232081030845,0.000257202802459,0.000279066880466,0.000216942440602,0.0000943681516219,0.0000842920780997,0.0000672137975926,0.000123735007946,0.0000737575173844,0.0000451630185125,0.0000421018376073,0.0000613830125076,0.0000556846935069,0.0000350534537574,0.0000354813382728,0.0000366621752619,0.0000229621800827,0.0000204551033676,0.0000141779155456,0.00000893867127161,0.00000623236610409,0.00000474177704746,0.00000280452786683,0.00000204455659514,0.00000163338609127,0.00000105272727069,7.24223525594e-7,5.42388193026e-7,3.90059796018e-7,3.62230906603e-7,2.17527741597e-7,7.08127956273e-8,6.05459504754e-8,5.40184146303e-8],"dvar":[0.0000230110199482,0.0000108385193016,0.00000165541132446,0.00000110220014449,6.5613426159e-7,1.28023955881e-7,4.72887613512e-8,8.39635774241e-8,8.68337011184e-8,7.8043555618e-8,1.15816440882e-8,8.90030715794e-9,6.27543128573e-9,2.88222423706e-8,7.65524355018e-9,1.74572345468e-9,1.72760727946e-9,4.92445062505e-9,3.68394537098e-9,9.44528455449e-10,7.91391285837e-10,9.90420745417e-10,3.56380341904e-10,2.98947144817e-10,1.45035761179e-10,6.54925141896e-11,4.08664109497e-11,4.09626811637e-11,2.3382580594e-11,2.52031468612e-11,1.57933440631e-11,5.39060766511e-12,1.88185079499e-12,7.62166696942e-13,2.73667021119e-13,9.50302187744e-14,1.81718518271e-14,3.94471840921e-15,2.86126861374e-15,2.26459404174e-15],"dvar2":[0.0000630033464404,0.0000304662298731,0.00000465403263661,0.0000029240384265,0.00000172379054675,3.00108808915e-7,1.16562112851e-7,2.19978730343e-7,2.25764281936e-7,1.9833774445e-7,2.62763073522e-8,2.22059490795e-8,1.55155621684e-8,7.33231786398e-8,1.96931342344e-8,4.48402603936e-9,4.13909573282e-9,1.14678568863e-8,9.03518504458e-9,2.40486142111e-9,2.07542116826e-9,2.6522251062e-9,9.02561914096e-10,7.46396833229e-10,3.53458706748e-10,1.56961277309e-10,9.60682020046e-11,8.50943343567e-11,4.2679561274e-11,5.41753239491e-11,3.13675474484e-11,1.0780190976e-11,3.43998267371e-12,1.5465910887e-12,6.07254806335e-13,2.20819754626e-13,5.15507843119e-14,9.46075662744e-15,6.91261047155e-15,5.45874787429e-15],"max":[0.0667958855629,0.0549184791744,0.0189805626869,0.0233038980514,0.010596524924,0.00927734002471,0.00590095389634,0.0105938799679,0.00615755375475,0.00864110514522,0.00613305671141,0.0029002095107,0.00339768850245,0.00589675456285,0.0033539950382,0.00111777801067,0.00337602221407,0.00562096014619,0.00294928089716,0.000821274064947,0.000663776125293,0.000749552855268,0.00036707718391,0.000244125476456,0.000244453840423,0.000230883510085,0.000257825944573,0.000401215889724,0.000375785893993,0.000525485957041,0.000255839171587,0.000139915544423,0.0000746774021536,0.0000389719280065,0.0000207571411011,0.0000117115378089,0.00000359211389878,8.56099859448e-7,7.272469702e-7,6.41522319711e-7],"mean":[0.00928886886686,0.00490509998053,0.00167742441408,0.0011088141473,0.000728934828658,0.000401723664254,0.000229695608141,0.000255328835919,0.000283310073428,0.000232620353927,0.0000930392561713,0.0000840266948217,0.0000716974391253,0.000130273358081,0.0000778553512646,0.0000464108088636,0.0000469563237857,0.0000691611057846,0.0000641543520032,0.0000393986374547,0.0000406212457165,0.0000390113054891,0.0000266973875114,0.0000225167332246,0.000016281619537,0.0000107744972411,0.00000787921089795,0.00000593894674239,0.00000354337203134,0.00000255817508332,0.00000198542988983,0.000001292161528,8.23026198304e-7,5.14050157108e-7,3.34216139208e-7,3.55997030965e-7,2.05003331644e-7,4.39173817313e-8,3.76703290783e-8,3.4001580218e-8],"median":[0.00828394666314,0.00371842971072,0.00111918186303,0.000622044084594,0.000411194952903,0.000194922031369,0.000130519561935,0.000132204178954,0.000137755720061,0.0000899987862795,0.0000496430038766,0.0000403302183258,0.0000363096733054,0.0000590026065765,0.0000405975661124,0.0000291519263556,0.0000321678853652,0.0000436091249867,0.0000396156501665,0.0000261975019384,0.0000292344375339,0.0000267210234597,0.0000194224430743,0.0000160382387548,0.0000118839989227,0.00000790818921814,0.00000566199787499,0.0000035851182929,0.00000208245637623,0.00000134643948968,9.88158944892e-7,5.7825860722e-7,3.47873822193e-7,1.98280289965e-7,1.27634621094e-7,2.31584351695e-7,1.64081555454e-7,1.90494198193e-8,1.66848241889e-8,1.53253800761e-8],"min":[1.70761781646e-24,2.08651993658e-24,3.89043045387e-24,5.00390091628e-24,4.09003868974e-24,1.28164909929e-24,3.08987863004e-24,3.99588774627e-24,4.39990088672e-24,3.94841725243e-24,4.31391228704e-24,2.06675956255e-24,4.12305409634e-24,3.61425380083e-24,2.28655435455e-24,1.773987051e-24,2.84328445816e-24,6.5975951879e-24,4.53657498286e-24,5.88662995833e-24,8.01869931523e-24,5.78702838044e-24,8.53413866412e-24,5.56518412781e-24,4.92386900529e-24,5.65348882311e-24,6.59917527629e-24,6.66625961324e-24,7.83425180267e-24,6.83775166315e-24,7.76528879348e-24,8.00205119469e-24,8.69268392885e-24,7.73477407594e-24,5.28146241464e-24,6.10174917174e-24,8.59923546602e-24,8.69268235113e-24,6.8925767072e-24,6.3888771863e-24],"var":[0.0000397759540647,0.000017086205844,0.00000293517177852,0.00000196410837816,9.38570622111e-7,3.486912874e-7,9.30381176545e-8,1.75210871589e-7,1.791535027e-7,1.94945769749e-7,2.49518734563e-8,1.83562605116e-8,1.61055151437e-8,5.86711692563e-8,1.74742389447e-8,3.20336002169e-9,3.85549547843e-9,1.16105534076e-8,8.70305960632e-9,2.12248751907e-9,1.83840642709e-9,2.04419636773e-9,7.71325558979e-10,5.44485678766e-10,2.90464652331e-10,1.49840792552e-10,9.88583798156e-11,1.03615983849e-10,6.73432490328e-11,6.55459297949e-11,4.34072534861e-11,1.69463609812e-11,6.12055328295e-12,1.97668595901e-12,5.44355142559e-13,1.67048558146e-13,2.42510598056e-14,4.60625664673e-15,3.31530728434e-15,2.64288763807e-15]},"melbands_crest":{"dmean":4.14521741867,"dmean2":6.68945074081,"dvar":11.4879741669,"dvar2":29.8363780975,"max":38.5574645996,"mean":19.5569992065,"median":19.2667961121,"min":1.67755913734,"var":36.8402824402},"melbands_flatness_db":{"dmean":0.0344560369849,"dmean2":0.0521229952574,"dvar":0.000918471545447,"dvar2":0.00212305947207,"max":0.645739912987,"mean":0.279425978661,"median":0.268092930317,"min":0.00538601679727,"var":0.00459421845153},"melbands_kurtosis":{"dmean":12.4485244751,"dmean2":19.6972465515,"dvar":455.531982422,"dvar2":1094.95605469,"max":816.912109375,"mean":26.4574985504,"median":14.873752594,"min":-1.98180556297,"var":1360.6217041},"melbands_skewness":{"dmean":0.923293292522,"dmean2":1.46887564659,"dvar":0.812796294689,"dvar2":1.99128341675,"max":18.669178009,"mean":3.91393446922,"median":3.5071310997,"min":-0.501142859459,"var":3.89228701591},"melbands_spread":{"dmean":4.74313020706,"dmean2":7.54290866852,"dvar":53.1471443176,"dvar2":151.580688477,"max":304.934387207,"mean":14.1046504974,"median":12.1443805695,"min":0.226660251617,"var":169.429641724},"mfcc":{"cov":[[4541.18359375,-35.200843811,-1191.6496582,492.146179199,-310.884887695,-88.2284240723,-172.317626953,-141.663604736,-29.0257816315,-159.664489746,110.658493042,-219.002578735,118.649635315],[-35.200843811,756.194030762,-59.8381385803,-329.426940918,88.2583847046,-0.508565664291,-22.7813816071,16.2759838104,-24.2021961212,1.38964450359,-43.8969764709,66.8356323242,-40.1509056091],[-1191.6496582,-59.8381385803,736.763671875,-148.53427124,75.4664916992,-0.919270038605,70.7682418823,16.19008255,22.2892379761,42.6630554199,-7.20767021179,44.1973419189,-12.0067224503],[492.146179199,-329.426940918,-148.53427124,591.63293457,-147.995223999,26.9934120178,-25.1177997589,-7.60932064056,-18.2641410828,29.5084438324,30.6180419922,-48.9412956238,18.6622142792],[-310.884887695,88.2583847046,75.4664916992,-147.995223999,191.072784424,-6.52192592621,41.1687545776,-2.79611992836,16.9358596802,-13.5027065277,-13.1293764114,21.2409305573,-20.6571159363],[-88.2284240723,-0.508565664291,-0.919270038605,26.9934120178,-6.52192592621,98.948135376,-0.825873017311,34.0488319397,-12.4885644913,8.96135425568,-13.3526239395,4.58976268768,1.32612538338],[-172.317626953,-22.7813816071,70.7682418823,-25.1177997589,41.1687545776,-0.825873017311,111.011024475,3.02236318588,13.9909219742,-7.54986476898,-7.10055732727,1.67574846745,-0.590861260891],[-141.663604736,16.2759838104,16.19008255,-7.60932064056,-2.79611992836,34.0488319397,3.02236318588,86.6849060059,14.0618515015,8.13135623932,-11.0876550674,11.1036586761,-6.76765823364],[-29.0257816315,-24.2021961212,22.2892379761,-18.2641410828,16.9358596802,-12.4885644913,13.9909219742,14.0618515015,66.9855194092,14.5137777328,8.78153705597,-4.6653676033,-2.81225204468],[-159.664489746,1.38964450359,42.6630554199,29.5084438324,-13.5027065277,8.96135425568,-7.54986476898,8.13135623932,14.5137777328,73.8453521729,16.3831996918,11.1705684662,-3.89588165283],[110.658493042,-43.8969764709,-7.20767021179,30.6180419922,-13.1293764114,-13.3526239395,-7.10055732727,-11.0876550674,8.78153705597,16.3831996918,55.8292312622,2.06390118599,8.64850234985],[-219.002578735,66.8356323242,44.1973419189,-48.9412956238,21.2409305573,4.58976268768,1.67574846745,11.1036586761,-4.6653676033,11.1705684662,2.06390118599,63.8623275757,6.48688173294],[118.649635315,-40.1509056091,-12.0067224503,18.6622142792,-20.6571159363,1.32612538338,-0.590861260891,-6.76765823364,-2.81225204468,-3.89588165283,8.64850234985,6.48688173294,50.2316474915]],"icov":[[0.000710930733476,-0.000436924980022,0.000754530832637,-0.000346053595422,0.000431052671047,0.000182989460882,0.000313628203003,0.000443349214038,-0.000475227163406,0.00133870600257,-0.00135912117548,0.00178356911056,-0.00140282290522],[-0.000436924980022,0.00251445965841,0.000107929976366,0.00140790594742,-0.000394287664676,0.0000242819642153,0.000151984262629,-0.000341173465131,0.00122937047854,-0.0017810742138,0.00202969973907,-0.00283725769259,0.00228528073058],[0.000754530832637,0.000107929976366,0.00258748140186,0.000247762829531,0.00024486426264,0.000322730105836,-0.000539702770766,0.000393970636651,-0.000268989475444,0.0000201313596335,-0.000908155634534,0.000821862195153,-0.000993906287476],[-0.000346053595422,0.00140790594742,0.000247762829531,0.00318123330362,0.0011390177533,-0.000647989218123,-0.000381532823667,-0.000111475477752,0.00127747876104,-0.00214912765659,0.000384020619094,-0.00035869149724,0.00117112428416],[0.000431052671047,-0.000394287664676,0.00024486426264,0.0011390177533,0.00798391271383,-0.000560007872991,-0.00189002731349,0.00175336166285,-0.00223955302499,0.00230642361566,-0.000515980122145,-0.00103893969208,0.00209059705958],[0.000182989460882,0.0000242819642153,0.000322730105836,-0.000647989218123,-0.000560007872991,0.0132205300033,-0.0000952762493398,-0.00538672925904,0.00369604676962,-0.00211279210635,0.0022983069066,0.000811438658275,-0.0018585594371],[0.000313628203003,0.000151984262629,-0.000539702770766,-0.000381532823667,-0.00189002731349,-0.0000952762493398,0.0108854928985,0.000129784384626,-0.00206209602766,0.00197814009152,0.000507135875523,0.000954886025283,-0.00140843726695],[0.000443349214038,-0.000341173465131,0.000393970636651,-0.000111475477752,0.00175336166285,-0.00538672925904,0.000129784384626,0.0157970357686,-0.00543373450637,0.00117023312487,0.00158731325064,-0.00224336283281,0.00161173543893],[-0.000475227163406,0.00122937047854,-0.000268989475444,0.00127747876104,-0.00223955302499,0.00369604676962,-0.00206209602766,-0.00543373450637,0.0200474765152,-0.00581755442545,-0.00140362011734,0.00221195491031,0.000418540555984],[0.00133870600257,-0.0017810742138,0.0000201313596335,-0.00214912765659,0.00230642361566,-0.00211279210635,0.00197814009152,0.00117023312487,-0.00581755442545,0.0208752006292,-0.00756365340203,0.0000926454886212,-0.0000136354492497],[-0.00135912117548,0.00202969973907,-0.000908155634534,0.000384020619094,-0.000515980122145,0.0022983069066,0.000507135875523,0.00158731325064,-0.00140362011734,-0.00756365340203,0.025313289836,-0.00575688295066,0.000139874813613],[0.00178356911056,-0.00283725769259,0.000821862195153,-0.00035869149724,-0.00103893969208,0.000811438658275,0.000954886025283,-0.00224336283281,0.00221195491031,0.0000926454886212,-0.00575688295066,0.02580890432,-0.00910146348178],[-0.00140282290522,0.00228528073058,-0.000993906287476,0.00117112428416,0.00209059705958,-0.0018585594371,-0.00140843726695,0.00161173543893,0.000418540555984,-0.0000136354492497,0.000139874813613,-0.00910146348178,0.0266583207995]],"mean":[-638.985778809,165.241195679,-17.9886322021,44.297618866,12.4417638779,15.6650323868,-0.0508087873459,14.1036119461,1.4681712389,10.5847139359,-0.12535020709,8.33399200439,-1.61972129345]},"pitch_salience":{"dmean":0.083554007113,"dmean2":0.133961722255,"dvar":0.00475131627172,"dvar2":0.0120374606922,"max":0.811676323414,"mean":0.489319622517,"median":0.498433738947,"min":0.0472944118083,"var":0.0150859672576},"silence_rate_20dB":{"dmean":0,"dmean2":0,"dvar":0,"dvar2":0,"max":1,"mean":1,"median":1,"min":1,"var":0},"silence_rate_30dB":{"dmean":0.135667145252,"dmean2":0.271350264549,"dvar":0.117276348174,"dvar2":0.252686917782,"max":1,"mean":0.859331727028,"median":1,"min":0,"var":0.120870143175},"silence_rate_60dB":{"dmean":0.000117868927191,"dmean2":0.000235751751461,"dvar":0.000117841147585,"dvar2":0.000235640676692,"max":1,"mean":0.0107254404575,"median":0,"min":0,"var":0.0106099834666},"spectral_centroid":{"dmean":243.394668579,"dmean2":359.228820801,"dvar":69109.671875,"dvar2":149696.28125,"max":11466.6396484,"mean":1179.11230469,"median":1134.38256836,"min":140.132629395,"var":368595.53125},"spectral_complexity":{"dmean":4.36150407791,"dmean2":6.3069486618,"dvar":18.755361557,"dvar2":33.0407142639,"max":64,"mean":25.427898407,"median":27,"min":0,"var":116.179222107},"spectral_contrast_coeffs":{"dmean":[0.0523709543049,0.0482855327427,0.0376163311303,0.0301178433001,0.0266278237104,0.0466547422111],"dmean2":[0.0869905054569,0.0814351290464,0.0628948435187,0.0496194660664,0.0431887358427,0.0730379074812],"dvar":[0.00168479140848,0.00140923401341,0.00088855746435,0.000561824417673,0.000644971791189,0.00159365753643],"dvar2":[0.0046459082514,0.00393269397318,0.00242658774368,0.00147861661389,0.00165619736072,0.00376746733673],"max":[-0.394587546587,-0.480777442455,-0.536189198494,-0.580780148506,-0.541887819767,-0.384274154902],"mean":[-0.700272619724,-0.776256918907,-0.802533507347,-0.800880551338,-0.787679731846,-0.734373807907],"median":[-0.704002380371,-0.782205760479,-0.807622075081,-0.801672637463,-0.783820569515,-0.738376379013],"min":[-0.967746019363,-0.970480144024,-0.975928604603,-0.979735970497,-0.967373013496,-0.962543189526],"var":[0.0043282257393,0.00359575264156,0.0027068448253,0.00210127304308,0.00264601781964,0.00562689080834]},"spectral_contrast_valleys":{"dmean":[0.357511132956,0.366034865379,0.331604808569,0.301416546106,0.323706269264,0.664451301098],"dmean2":[0.599835991859,0.603964924812,0.527314841747,0.465144068003,0.473555862904,1.07998144627],"dvar":[0.0840699076653,0.0879470482469,0.0763577371836,0.0797676667571,0.14851924777,0.31217238307],"dvar2":[0.227578118443,0.227590933442,0.181405201554,0.177079916,0.340946555138,0.79621130228],"max":[-4.78725814819,-4.51800680161,-5.08765745163,-5.59031772614,-5.34892749786,-8.91809082031],"mean":[-6.14842367172,-6.22940969467,-6.87437391281,-7.15275716782,-7.34285831451,-10.9473114014],"median":[-6.06297111511,-6.15468835831,-6.77654457092,-6.96780538559,-7.05720472336,-10.8675823212],"min":[-27.5619888306,-27.4693927765,-27.2805767059,-27.3426170349,-27.3402118683,-27.3084907532],"var":[0.665583431721,0.810454487801,0.842329323292,0.954408347607,1.11704754829,0.860196590424]},"spectral_decrease":{"dmean":4.73503947163e-9,"dmean2":7.79162867559e-9,"dvar":2.11358096464e-17,"dvar2":5.984330124e-17,"max":8.67446292574e-9,"mean":-1.24670167523e-8,"median":-1.18200320642e-8,"min":-5.71343896638e-8,"var":4.05783044783e-17},"spectral_energy":{"dmean":0.022762844339,"dmean2":0.0367455333471,"dvar":0.000590179522987,"dvar2":0.00154838280287,"max":0.286020487547,"mean":0.0727289691567,"median":0.0681533366442,"min":1.04494430986e-20,"var":0.00105296703987},"spectral_energyband_high":{"dmean":0.000704136968125,"dmean2":0.000985487480648,"dvar":9.15069620078e-7,"dvar2":0.00000176525520601,"max":0.0268910881132,"mean":0.00180155807175,"median":0.00149117573164,"min":7.49838417486e-21,"var":0.00000282947121377},"spectral_energyband_low":{"dmean":0.0173237975687,"dmean2":0.0285598784685,"dvar":0.000315140438033,"dvar2":0.000875577970874,"max":0.234182134271,"mean":0.040225289762,"median":0.0369508676231,"min":3.02349211945e-23,"var":0.000535187893547},"spectral_energyband_middle_high":{"dmean":0.00179571774788,"dmean2":0.00273551698774,"dvar":0.00000501268414155,"dvar2":0.0000119323731269,"max":0.0799216851592,"mean":0.00615912396461,"median":0.00524041894823,"min":1.3444541514e-21,"var":0.0000257644569501},"spectral_energyband_middle_low":{"dmean":0.00586223695427,"dmean2":0.00951121654361,"dvar":0.0000500476890011,"dvar2":0.000130351298139,"max":0.115618519485,"mean":0.0148076331243,"median":0.0122184427455,"min":2.09333051199e-22,"var":0.000120874217828},"spectral_entropy":{"dmean":0.16348208487,"dmean2":0.248761087656,"dvar":0.0347948335111,"dvar2":0.0855374261737,"max":9.81130123138,"mean":7.49390172958,"median":7.5718421936,"min":5.4527053833,"var":0.111025981605},"spectral_flux":{"dmean":0.0335157588124,"dmean2":0.052082747221,"dvar":0.00109189446084,"dvar2":0.00221771071665,"max":0.385070800781,"mean":0.135891363025,"median":0.128970846534,"min":6.49645615081e-11,"var":0.00278297066689},"spectral_kurtosis":{"dmean":4.25069046021,"dmean2":6.77661848068,"dvar":30.6245498657,"dvar2":79.9821014404,"max":114.720405579,"mean":19.2375850677,"median":18.1389827728,"min":-1.26691198349,"var":72.3551025391},"spectral_rms":{"dmean":0.00126941781491,"dmean2":0.0020179389976,"dvar":0.00000142992143992,"dvar2":0.00000370453335563,"max":0.0167046207935,"mean":0.00819524750113,"median":0.00815420504659,"min":3.19289495017e-12,"var":0.00000379278071705},"spectral_rolloff":{"dmean":5149.64111328,"dmean2":9752.2265625,"dvar":62619132,"dvar2":131557784,"max":22050,"mean":10729.1708984,"median":3897.50976562,"min":43.06640625,"var":97888896},"spectral_skewness":{"dmean":0.307471185923,"dmean2":0.483194231987,"dvar":0.151362732053,"dvar2":0.390757441521,"max":8.9765329361,"mean":2.91354060173,"median":2.83792853355,"min":-0.0613238625228,"var":0.486938774586},"spectral_spread":{"dmean":450880.625,"dmean2":715531.5,"dvar":249519472640,"dvar2":624565616640,"max":43279568,"mean":3922575.75,"median":3830276.25,"min":836140.8125,"var":1829688180740},"spectral_strongpeak":{"dmean":2.72962927818,"dmean2":5.32140445709,"dvar":214.198532104,"dvar2":630.591430664,"max":160.033843994,"mean":1.76261985302,"median":0.339863717556,"min":0,"var":118.584472656},"zerocrossingrate":{"dmean":0.0417123064399,"dmean2":0.0524878315628,"dvar":0.00128188647795,"dvar2":0.00203955732286,"max":0.580078125,"mean":0.235913679004,"median":0.23291015625,"min":0.0029296875,"var":0.00773407751694}},"metadata":{"audio_properties":{"analysis_sample_rate":44100,"bit_rate":128000,"codec":"mp3","downmix":"mix","equal_loudness":0,"length":393.978790283,"lossless":false,"md5_encoded":"a14be0a87633c6196a2b3ffc5d17bc5f","replay_gain":-7.72189712524,"sample_rate":44100},"tags":{"album":["Queens of the Stone Age"],"albumartist":["Queens of the Stone Age"],"albumartistsort":["Queens of the Stone Age"],"artist":["Queens of the Stone Age"],"artistsort":["Queens of the Stone Age"],"asin":["B00000AGA0"],"barcode":["615695002125"],"catalognumber":["lg 0021-2"],"date":["1998"],"discnumber":["1/1"],"file_name":"09. Queens of the Stone Age - You Can't Quit Me Baby.mp3","genre":["Stoner Rock"],"label":["Loosegroove"],"musicbrainz album release country":["US"],"musicbrainz album status":["official"],"musicbrainz album type":["album"],"musicbrainz_albumartistid":["7dc8f5bd-9d0b-4087-9f73-dc164950bbd8"],"musicbrainz_albumid":["e2aca259-58cd-4738-9b53-390513fdf541"],"musicbrainz_artistid":["7dc8f5bd-9d0b-4087-9f73-dc164950bbd8"],"musicbrainz_recordingid":["3ab7a2a3-5453-4e3e-868e-96e1f6072bc1"],"musicip_puid":["851024df-d8d2-cfae-3958-f6ccc729455f"],"title":["You Can't Quit Me Baby"],"tracknumber":["9/11"]},"version":{"essentia":"2.1-beta1","essentia_build_sha":"ca57ba49d9b1854bd80e60cf9ccf267278fb7d6b","essentia_git_sha":"v2.1_beta1-28-g21ef5f4-dirty","extractor":"music 1.0"}},"rhythm":{"beats_count":1068,"beats_loudness":{"dmean":0.0253702066839,"dmean2":0.0440734364092,"dvar":0.000439026771346,"dvar2":0.00128672644496,"max":0.203243985772,"mean":0.0747858434916,"median":0.0721470862627,"min":0.00000336106654686,"var":0.000742325151805},"beats_loudness_band_ratio":{"dmean":[0.163190275431,0.066156797111,0.040537301451,0.0258710030466,0.0269397608936,0.0911793857813],"dmean2":[0.284012943506,0.114579282701,0.0708442255855,0.0447780378163,0.0473853386939,0.159811750054],"dvar":[0.0150592196733,0.00432730838656,0.00201009144075,0.00106906716246,0.000681766541675,0.00522944238037],"dvar2":[0.044024951756,0.01194346