{"lowlevel":{"average_loudness":0.917273819447,"barkbands":{"dmean":[0.000220233341679,0.00283455452882,0.00401411065832,0.00360130565241,0.00138502346817,0.000528754899278,0.000524068949744,0.000323889486026,0.000345030159224,0.000373917253455,0.000134597532451,0.000314629432978,0.000311607029289,0.000313099793857,0.000308624177705,0.000184127071407,0.0000840989741846,0.000105890838313,0.0000781507405918,0.0000733123160899,0.0000934434428927,0.0000356976488547,0.0000292704917229,0.0000426179176429,0.0000541469271411,0.000055849821365,0.0000183661886695],"dmean2":[0.000366995867807,0.00466643413529,0.00669389031827,0.00583315175027,0.00225546839647,0.000830402655993,0.000860657426529,0.000506745942403,0.000544924521819,0.000595197547227,0.000218561544898,0.000475392647786,0.000468673330033,0.00047919046483,0.000471854960779,0.000286125839921,0.000132834640681,0.000159816714586,0.000122113313409,0.000109342989163,0.000133023568196,0.0000533552774868,0.0000432719789387,0.000062707120378,0.0000806538228062,0.0000905870911083,0.0000313406017085],"dvar":[3.7831691202e-7,0.0000398528500227,0.0000295538538921,0.0000780421614763,0.00000494696632813,7.43385271562e-7,0.00000166122924838,9.02768192645e-7,7.37751008728e-7,0.00000125970211684,1.44918288925e-7,7.41240796742e-7,0.00000147951618601,0.00000107968332941,0.00000141185887514,3.60544476052e-7,4.65152680817e-8,9.80553380714e-8,4.58352289456e-8,3.35459695577e-8,7.54173612449e-8,1.37905571407e-8,8.0697377669e-9,3.19454791509e-8,6.18844424594e-8,4.70678997999e-8,6.08898176324e-9],"dvar2":[9.40478798839e-7,0.000100469405879,0.0000808222321211,0.000183102383744,0.0000130400258058,0.00000178951529506,0.00000434359253632,0.00000202324804377,0.00000189172214959,0.0000032428247323,3.68527992123e-7,0.00000164885204867,0.00000302824173559,0.00000235404195337,0.00000293914013128,8.05538377335e-7,1.11396850855e-7,2.01655964815e-7,1.10315696134e-7,7.1856049999e-8,1.45473791235e-7,3.022271855e-8,1.65815787767e-8,7.64768444128e-8,1.09657854352e-7,1.10315092172e-7,1.59152175883e-8],"max":[0.0078292703256,0.101791441441,0.0644798800349,0.113468423486,0.0293994750828,0.0210671536624,0.0269634723663,0.039682559669,0.0193454921246,0.0269275940955,0.00934212002903,0.022175161168,0.0389357283711,0.0277836415917,0.0389900803566,0.0185216609389,0.00745546491817,0.0140544306487,0.00555893452838,0.00452575460076,0.00634800689295,0.00410856725648,0.00377134419978,0.0109573630616,0.0148853985593,0.00800220575184,0.00256153661758],"mean":[0.000264952250291,0.00430298177525,0.0077200117521,0.00526797259226,0.00309290247969,0.00133497745264,0.000944179366343,0.00061970227398,0.000739271054044,0.000757846864872,0.00025768802152,0.000566237489693,0.000605825975072,0.000698536168784,0.000636772136204,0.000383259000955,0.000191339393496,0.000229085839237,0.000190958468011,0.00017805241805,0.000253279984463,0.0000611685172771,0.0000457897731394,0.0000676562849549,0.0000768553945818,0.000053138443036,0.0000133033518068],"median":[0.0000269544871117,0.0017265380593,0.00523886177689,0.0029160049744,0.00223775510676,0.000814447412267,0.000290102150757,0.000174050350324,0.000168097016285,0.0000838338892208,0.0000556675295229,0.000110599408799,0.0000878173232195,0.0000554657162866,0.0000474987391499,0.0000505471616634,0.0000454851069662,0.000032075222407,0.0000275709280686,0.0000291882060992,0.0000272146244242,0.0000100725601442,0.00000692510548106,0.00000968693711911,0.00000822040692583,0.00000304801687889,3.76585148842e-7],"min":[3.25422922078e-25,1.7261568366e-24,3.80727445649e-25,3.12392813468e-25,9.83201443502e-24,6.69227624589e-24,6.21422850948e-24,9.1379201792e-24,9.56933400877e-24,9.46179964561e-24,9.02382722648e-24,1.59129463563e-23,2.075598749e-23,1.78906143348e-23,3.1812665093e-23,5.81446717153e-23,6.05147569734e-23,4.80115672166e-23,1.17787585927e-22,1.77910537777e-22,2.49543311022e-22,2.45016006733e-22,3.75570416576e-22,4.514197334e-22,8.70433515198e-22,1.1793279187e-21,1.93185709655e-21],"var":[5.26245571564e-7,0.0000559715554118,0.0000648627974442,0.000093540380476,0.00000998689301923,0.00000261951731773,0.00000291195169666,0.00000287768375529,0.0000022860979243,0.00000351467565451,3.8835477767e-7,0.00000188765397979,0.000004150829227,0.00000462909565613,0.00000586371379541,0.0000010781183164,1.56679533347e-7,3.0744828905e-7,1.63506840067e-7,1.25995086364e-7,3.78665959033e-7,3.27385762944e-8,2.33421904028e-8,9.26549219571e-8,2.08699503901e-7,6.8957731969e-8,4.44799219679e-9]},"barkbands_crest":{"dmean":2.35367560387,"dmean2":3.83561468124,"dvar":4.91223096848,"dvar2":12.8866977692,"max":24.5417900085,"mean":10.9342727661,"median":10.1707763672,"min":2.78073143959,"var":19.7055187225},"barkbands_flatness_db":{"dmean":0.0274712480605,"dmean2":0.0402894690633,"dvar":0.000895567645784,"dvar2":0.00195926218294,"max":0.615117311478,"mean":0.184428662062,"median":0.16691210866,"min":0.0307423416525,"var":0.00755643891171},"barkbands_kurtosis":{"dmean":9.3249874115,"dmean2":14.7437372208,"dvar":430.142913818,"dvar2":1125.50756836,"max":457.438354492,"mean":17.7562618256,"median":7.72705078125,"min":-1.94940471649,"var":927.387023926},"barkbands_skewness":{"dmean":0.780113518238,"dmean2":1.18939888477,"dvar":1.01967000961,"dvar2":2.48431110382,"max":17.5992832184,"mean":2.62582659721,"median":2.3527879715,"min":-3.63036632538,"var":4.93308448792},"barkbands_spread":{"dmean":4.86233997345,"dmean2":7.45751953125,"dvar":69.5116577148,"dvar2":158.851226807,"max":123.718231201,"mean":16.0967350006,"median":11.7730846405,"min":0.168789476156,"var":242.592590332},"dissonance":{"dmean":0.019479220733,"dmean2":0.032532852143,"dvar":0.000376266689273,"dvar2":0.00103534059599,"max":0.5,"mean":0.455979704857,"median":0.464679956436,"min":0.242414698005,"var":0.00112846319098},"dynamic_complexity":4.08891391754,"erbbands":{"dmean":[0.0877954959869,0.685136914253,3.64897274971,9.38684272766,7.66489887238,4.24181509018,4.32776117325,4.64556312561,6.61361408234,7.57632827759,6.81750822067,7.27736282349,11.6423215866,6.85586833954,6.11181354523,10.1706314087,13.0086841583,10.295378685,18.6738452911,10.8418903351,8.44110012054,4.70712757111,4.35964202881,5.97362375259,2.2818210125,2.93305516243,4.8112745285,2.21101355553,1.31994497776,0.820851922035,0.872746944427,0.846129715443,0.72522598505,0.538399875164,0.441058129072,0.237836316228,0.0955666825175,0.031012583524,0.00333206937648,0.0000897040590644],"dmean2":[0.150206193328,1.12432396412,6.09563779831,15.1139659882,12.4984130859,6.76482439041,6.6660451889,7.39597463608,10.77480793,12.2767601013,10.6663103104,11.3265752792,18.3193511963,10.8028964996,9.58768367767,15.2033882141,19.6940231323,15.4720468521,27.2577629089,16.6535396576,13.0783500671,7.27042484283,6.60856723785,9.153881073,3.46924090385,4.25998926163,6.69935560226,3.16602015495,1.97250425816,1.19709670544,1.30457830429,1.24395799637,1.09175765514,0.807604789734,0.677220523357,0.371799021959,0.157263755798,0.0529394857585,0.00569669203833,0.000150677253259],"dvar":[0.061064068228,1.70585596561,24.0730953217,367.552307129,256.408233643,44.2186088562,52.0824432373,67.9610748291,257.871643066,458.250183105,336.425384521,320.095062256,1125.25231934,295.271911621,228.286956787,697.248291016,2081.01025391,1400.16235352,4223.36767578,1686.52099609,801.393127441,162.171401978,139.480957031,323.252380371,31.3278217316,48.6106033325,204.735061646,37.8253631592,22.0473518372,6.6405787468,7.7401137352,9.68409252167,11.6862726212,5.25672388077,6.51188135147,0.968024373055,0.140964880586,0.0197753943503,0.000197104542167,1.19441182278e-7],"dvar2":[0.167070135474,4.23999595642,67.5291366577,888.912475586,639.964782715,112.453041077,124.284011841,166.695465088,650.292480469,1219.92236328,753.580688477,782.723693848,2890.67700195,748.780944824,563.209960938,1580.90258789,4715.33154297,3026.07958984,8395.77734375,3591.73706055,1855.88293457,380.496643066,291.19708252,745.30456543,74.7867126465,104.131462097,390.189331055,75.2856369019,49.2639808655,13.4213256836,16.2693748474,19.5164890289,30.3216323853,9.47103309631,14.4625291824,1.84258913994,0.349114775658,0.0523890256882,0.000512923346832,3.09262219389e-7],"max":[3.48466277122,21.0694828033,68.0841522217,287.053222656,186.415908813,152.018264771,152.839019775,180.633804321,363.21395874,549.384094238,699.514465332,597.766540527,794.631774902,356.364257812,351.848297119,867.431335449,1492.95751953,1612.66662598,2253.82495117,2386.35571289,1078.10388184,525.880004883,392.903839111,643.655517578,208.623703003,172.106933594,389.094573975,178.490020752,174.217224121,85.5424423218,119.606567383,138.056884766,224.889602661,144.434539795,157.807937622,69.2812805176,13.649102211,5.36340475082,0.396565228701,0.0100001618266],"mean":[0.10637049377,1.11407423019,6.98736810684,16.0272960663,12.2534742355,9.76568984985,11.0195894241,11.2821359634,12.9168901443,13.8862352371,14.3563280106,15.9233665466,23.630815506,15.8887529373,13.1341018677,22.6172008514,28.7027206421,24.8463897705,46.3276557922,25.01795578,18.8042945862,11.5996141434,10.6978816986,14.3788709641,6.65142631531,8.38290119171,14.0934391022,5.73434257507,2.36452651024,1.34773492813,1.36821472645,1.43116593361,1.09110331535,0.832608520985,0.547460854053,0.2568385005,0.0872525572777,0.0243099164218,0.00239396607503,0.0000935114512686],"median":[0.0281828902662,0.545633435249,4.82301902771,10.1208000183,7.30278396606,6.64560413361,6.77215576172,6.58839893341,5.42589759827,4.12256526947,4.64181375504,3.96285295486,3.6313252449,3.06446409225,3.56974411011,4.76267051697,4.62878131866,3.26965475082,3.33894658089,3.09593439102,2.88090205193,2.73664188385,2.00636529922,1.91288137436,1.1505484581,1.35640740395,1.37736606598,0.880656838417,0.446251928806,0.178806275129,0.226093187928,0.225743144751,0.141737282276,0.0990341156721,0.0460738316178,0.0120871514082,0.00544369127601,0.00137902633287,0.0000560042608413,0.0000369036170014],"min":[5.67288746497e-23,5.28554123573e-22,1.10053664294e-21,4.28262745509e-21,9.031767812e-21,2.2332811867e-20,4.51821366342e-20,6.26922835817e-20,1.31099700187e-19,1.38565612676e-19,2.78147830325e-19,2.48197455652e-19,3.92728888776e-19,6.27833445349e-19,5.09465243861e-19,1.26925984631e-18,1.08077381904e-18,1.19278120841e-18,2.39759975589e-18,2.3627671803e-18,3.3354614771e-18,4.24707944581e-18,4.29125295848e-18,5.48217259692e-18,6.07104826526e-18,8.01436435785e-18,8.61065818192e-18,9.58075492481e-18,9.83587810523e-18,1.12635653727e-17,9.47991168197e-18,1.00775662182e-17,9.10644542567e-18,7.95550549418e-18,6.10477655474e-18,4.01211507051e-18,2.21978715026e-18,1.00187640164e-18,2.51168585014e-19,2.6547789842e-20],"var":[0.0619592964649,2.6749560833,50.4155158997,482.944519043,322.086853027,121.020378113,184.336730957,208.705322266,497.764312744,891.048583984,1091.40576172,1121.49084473,3076.41674805,1064.81494141,734.787597656,3205.05517578,7478.31787109,5586.36865234,21978.0761719,7942.49365234,2453.76904297,612.307617188,505.233459473,1027.23364258,159.261901855,250.760528564,1122.99743652,168.388916016,47.6478500366,19.6659927368,21.6299743652,30.740858078,30.3704357147,22.4150829315,12.399939537,2.62384915352,0.151314377785,0.0144127607346,0.000144708319567,9.09322253051e-8]},"erbbands_crest":{"dmean":2.30818367004,"dmean2":3.63495397568,"dvar":5.13296175003,"dvar2":12.1693258286,"max":29.2362785339,"mean":9.42603492737,"median":8.34065818787,"min":2.34174728394,"var":21.938829422},"erbbands_flatness_db":{"dmean":0.0228236820549,"dmean2":0.0304457489401,"dvar":0.000690683547873,"dvar2":0.00135472917464,"max":0.382947713137,"mean":0.158102855086,"median":0.15744663775,"min":0.0296159312129,"var":0.00283153052442},"erbbands_kurtosis":{"dmean":1.62497293949,"dmean2":2.55098009109,"dvar":23.6477146149,"dvar2":59.2024383545,"max":191.563903809,"mean":2.09986019135,"median":0.208336114883,"min":-1.87956869602,"var":49.7678337097},"erbbands_skewness":{"dmean":0.3808773458,"dmean2":0.576554954052,"dvar":0.221649512649,"dvar2":0.489475250244,"max":10.3884296417,"mean":0.706143379211,"median":0.521296262741,"min":-5.60246610641,"var":1.46389591694},"erbbands_spread":{"dmean":10.1509170532,"dmean2":15.115363121,"dvar":223.111068726,"dvar2":497.78225708,"max":184.403274536,"mean":40.2272224426,"median":35.0036468506,"min":1.25504505634,"var":646.882446289},"gfcc":{"cov":[[43958.8710938,1957.39489746,-5130.09716797,967.590576172,-1623.8482666,351.545898438,-1373.09387207,268.199584961,-1074.37060547,330.503326416,-635.394226074,-461.074584961,-287.97644043],[1957.39489746,2374.74755859,-431.301452637,-166.741592407,254.540008545,-370.106536865,53.1426467896,-154.165771484,23.0490875244,-210.359313965,76.8086624146,-155.115524292,15.3928136826],[-5130.09716797,-431.301452637,1826.05651855,-58.2588348389,112.533050537,124.299240112,79.4632034302,-20.21667099,123.380447388,-87.3584442139,-23.0374107361,155.51184082,-108.704978943],[967.590576172,-166.741592407,-58.2588348389,343.606781006,-85.4247970581,65.5166091919,-2.49696278572,23.0727577209,-9.9365901947,42.8791656494,-20.0706806183,-19.7774467468,-2.71308398247],[-1623.8482666,254.540008545,112.533050537,-85.4247970581,335.049255371,-65.2203521729,98.7773513794,-12.1781864166,85.9881286621,-31.4994049072,49.4758605957,-22.2552280426,12.6660137177],[351.545898438,-370.106536865,124.299240112,65.5166091919,-65.2203521729,226.218307495,-3.11933708191,43.5993118286,-18.8559837341,38.1134338379,-13.8505506516,26.4550094604,-27.4937229156],[-1373.09387207,53.1426467896,79.4632034302,-2.49696278572,98.7773513794,-3.11933708191,194.062866211,-8.18772411346,33.7822990417,-1.48629832268,45.5158691406,-2.80544018745,10.9533205032],[268.199584961,-154.165771484,-20.21667099,23.0727577209,-12.1781864166,43.5993118286,-8.18772411346,122.210693359,30.379901886,19.3851108551,-3.15508651733,25.0006465912,8.49160766602],[-1074.37060547,23.0490875244,123.380447388,-9.9365901947,85.9881286621,-18.8559837341,33.7822990417,30.379901886,129.419708252,0.582532763481,22.1357002258,24.2649402618,9.84986209869],[330.503326416,-210.359313965,-87.3584442139,42.8791656494,-31.4994049072,38.1134338379,-1.48629832268,19.3851108551,0.582532763481,116.235679626,14.2568473816,-9.86773490906,15.1312437057],[-635.394226074,76.8086624146,-23.0374107361,-20.0706806183,49.4758605957,-13.8505506516,45.5158691406,-3.15508651733,22.1357002258,14.2568473816,93.758934021,18.2659225464,25.3873081207],[-461.074584961,-155.115524292,155.51184082,-19.7774467468,-22.2552280426,26.4550094604,-2.80544018745,25.0006465912,24.2649402618,-9.86773490906,18.2659225464,139.345199585,9.03657817841],[-287.97644043,15.3928136826,-108.704978943,-2.71308398247,12.6660137177,-27.4937229156,10.9533205032,8.49160766602,9.84986209869,15.1312437057,25.3873081207,9.03657817841,92.0714035034]],"icov":[[0.000108125830593,-0.000223229901167,0.000237245287281,-0.000181516181328,0.000104242470115,-0.000288177427137,0.00042189998203,-0.000321379047818,0.00048114231322,-0.000426596758189,0.000504855415784,-0.000252022146014,0.000433487119153],[-0.000223229901167,0.00126565946266,-0.000308687158395,0.000402189645683,-0.000411678687669,0.00132427643985,-0.000813875754829,0.00109632476233,-0.0012060678564,0.00222061853856,-0.00179704697803,0.00118798681069,-0.000671622692607],[0.000237245287281,-0.000308687158395,0.00137231720146,-0.000327161542373,-0.00000657136843074,-0.000996290589683,0.000689652631991,-0.0000700348464306,0.000254293670878,-0.000249216827797,0.00139039638452,-0.00128218613099,0.00178827834316],[-0.000181516181328,0.000402189645683,-0.000327161542373,0.00373966852203,0.000707496947143,-0.000228455406614,-0.00117912050337,0.000358173128916,-0.00135117163882,0.000068632143666,-0.000346884247847,0.0011523271678,-0.000853532925248],[0.000104242470115,-0.000411678687669,-0.00000657136843074,0.000707496947143,0.00510428473353,0.0000693722977303,-0.00118548236787,-0.000290330237476,-0.00213235407136,0.000280577194644,-0.000760244089179,0.00130528421141,0.000157826318173],[-0.000288177427137,0.00132427643985,-0.000996290589683,-0.000228455406614,0.0000693722977303,0.00769114727154,-0.00156903069001,-0.000961184035987,0.000192074090592,0.000375372328563,-0.00187447096687,0.000488952326123,0.000643316365313],[0.00042189998203,-0.000813875754829,0.000689652631991,-0.00117912050337,-0.00118548236787,-0.00156903069001,0.00841292738914,-0.000802020658739,0.00155082461424,-0.0014083761489,-0.000702983757947,-0.000387132226024,0.00130021688528],[-0.000321379047818,0.00109632476233,-0.0000700348464306,0.000358173128916,-0.000290330237476,-0.000961184035987,-0.000802020658739,0.0116933248937,-0.00490028504282,0.00129971129354,-0.000629550078884,-0.00053741823649,-0.00195376784541],[0.00048114231322,-0.0012060678564,0.000254293670878,-0.00135117163882,-0.00213235407136,0.000192074090592,0.00155082461424,-0.00490028504282,0.0139070954174,-0.00334781827405,0.0016041463241,-0.0026568591129,0.00146593933459],[-0.000426596758189,0.00222061853856,-0.000249216827797,0.000068632143666,0.000280577194644,0.000375372328563,-0.0014083761489,0.00129971129354,-0.00334781827405,0.0146983666345,-0.0055165537633,0.00358653557487,-0.00276490324177],[0.000504855415784,-0.00179704697803,0.00139039638452,-0.000346884247847,-0.000760244089179,-0.00187447096687,-0.000702983757947,-0.000629550078884,0.0016041463241,-0.0055165537633,0.0177597347647,-0.00456211389974,-0.000516830536071],[-0.000252022146014,0.00118798681069,-0.00128218613099,0.0011523271678,0.00130528421141,0.000488952326123,-0.000387132226024,-0.00053741823649,-0.0026568591129,0.00358653557487,-0.00456211389974,0.0109421731904,-0.00252588000149],[0.000433487119153,-0.000671622692607,0.00178827834316,-0.000853532925248,0.000157826318173,0.000643316365313,0.00130021688528,-0.00195376784541,0.00146593933459,-0.00276490324177,-0.000516830536071,-0.00252588000149,0.01529934071]],"mean":[-72.1991500854,107.751708984,-80.7164993286,28.6442489624,-40.2565536499,7.39137744904,-32.3405799866,2.32987594604,-28.0403289795,0.104206703603,-19.1604347229,-6.46290016174,-12.6659755707]},"hfc":{"dmean":4.45917272568,"dmean2":6.51222848892,"dvar":70.0250320435,"dvar2":144.191635132,"max":299.125854492,"mean":16.6859169006,"median":7.91318702698,"min":1.06881330437e-16,"var":424.498962402},"melbands":{"dmean":[0.000757275032811,0.00150754139759,0.00151318358257,0.000373135524569,0.000160077135661,0.000103030215541,0.000101033307146,0.0000814885788714,0.0000568495815969,0.000046074106649,0.0000611234136159,0.0000323239764839,0.0000197814151761,0.0000274237645499,0.0000406054641644,0.0000230419809668,0.0000218849454541,0.0000342308776453,0.0000196022556338,0.0000136960188684,0.00000977562285698,0.00000557785278943,0.00000362764126294,0.00000580180949328,0.00000539643997399,0.00000229276565733,0.00000156859323397,0.00000240468239099,0.00000367381858268,0.00000214641409002,0.00000118738853416,8.70750227477e-7,5.41205167792e-7,4.73568121606e-7,5.40551127415e-7,4.63119135929e-7,5.85815257637e-7,5.28771806785e-7,5.16869079092e-7,4.54508835901e-7],"dmean2":[0.00125987827778,0.00250680744648,0.00244482140988,0.00060890626628,0.000246729992796,0.000163192045875,0.000165200646734,0.00013193245104,0.0000885419140104,0.0000721181932022,0.0000966107400018,0.0000511044054292,0.0000318413403875,0.0000416046204919,0.0000619584607193,0.0000349932925019,0.0000322052692354,0.0000501568028994,0.0000302778134937,0.0000210398484342,0.0000153373403009,0.00000870839176059,0.00000582322854825,0.00000871765314514,0.00000835946320876,0.00000355102497451,0.00000247144430432,0.00000355148790732,0.000005198857707,0.0000030899225294,0.00000175472223418,0.00000133076764541,8.09567950455e-7,7.13531619567e-7,8.32150192309e-7,6.9140389769e-7,8.90833973699e-7,8.21951289254e-7,7.9238878925e-7,6.96278050327e-7],"dvar":[0.00000373408647647,0.00000405736727771,0.0000100027455119,4.06227258054e-7,6.52079066299e-8,3.09212921934e-8,5.97683325054e-8,5.20410878835e-8,2.02847090236e-8,1.32992665769e-8,3.1454735705e-8,7.10034164797e-9,2.9334812357e-9,4.69693040017e-9,1.58878492584e-8,8.48063752557e-9,5.85843729084e-9,1.3591064274e-8,5.82805004257e-9,2.36906938511e-9,1.23687504683e-9,2.26077198628e-10,8.50245360229e-11,3.42105066498e-10,2.77267292459e-10,3.67098400289e-11,1.19863095144e-11,3.71465531945e-11,1.21803803155e-10,4.24961038581e-11,1.15680858989e-11,9.53224391781e-12,4.76073997932e-12,2.1573105715e-12,3.07070796741e-12,2.68130764987e-12,5.54826410509e-12,6.49412685086e-12,7.44880546133e-12,3.93184963754e-12],"dvar2":[0.00000952780737862,0.0000111523168016,0.0000239009059442,0.00000106434947611,1.58152246854e-7,7.55266924557e-8,1.52472210857e-7,1.34468280066e-7,4.70820360476e-8,3.28152971463e-8,8.12498157643e-8,1.81118906539e-8,7.44181694046e-9,1.05861621691e-8,3.39973205143e-8,1.87432238619e-8,1.25020438446e-8,2.70646527412e-8,1.28996724413e-8,5.00129138103e-9,2.94399904455e-9,5.23776466643e-10,2.17238005362e-10,6.96251722943e-10,6.52579268401e-10,8.56043291808e-11,3.10781088364e-11,8.19063289415e-11,2.32079161444e-10,8.28372509476e-11,2.47685205679e-11,2.21967427078e-11,1.06981264125e-11,4.67186142203e-12,6.50926101214e-12,5.94613160793e-12,1.19002706994e-11,1.7988140491e-11,1.54315692169e-11,7.61482456951e-12],"max":[0.0305558554828,0.0273701511323,0.0440684109926,0.00776507472619,0.00497751729563,0.00351392570883,0.00551848858595,0.0070540830493,0.00488489726558,0.00335351377726,0.00402413355187,0.00202714977786,0.00149563816376,0.001262290054,0.00423229858279,0.00423530768603,0.00295605650172,0.00342896324582,0.0029198974371,0.00165705906693,0.00109769683331,0.00057370349532,0.000324986176565,0.000643440173008,0.000531214580406,0.000219869471039,0.0000606547255302,0.000155975722009,0.000325972912833,0.000233024067711,0.000117776689876,0.000125509919599,0.000101378340332,0.0000396263640141,0.0000705245693098,0.0000831146317068,0.000098841934232,0.000141842028825,0.000167920428794,0.000127106861328],"mean":[0.00107224402018,0.00297417026013,0.00269013806246,0.000738999748137,0.000409899366787,0.000254971586401,0.000194087988348,0.000151940810611,0.000117955489259,0.0000978736934485,0.000122381126857,0.0000713247573003,0.0000404820020776,0.0000490254824399,0.0000911080933292,0.0000439029863628,0.0000462061325379,0.0000822883375804,0.0000396352734242,0.0000292396453005,0.0000196213532035,0.0000120596932902,0.00000815482690086,0.0000120010818137,0.0000120076028907,0.00000570191423321,0.00000377014907826,0.00000583508017371,0.000010202717931,0.00000545643933947,0.0000025622080102,0.00000142218675592,8.7322860054e-7,6.92315040851e-7,7.83311634223e-7,7.84201517945e-7,9.20294382922e-7,7.51410027533e-7,7.68464929024e-7,6.76912293329e-7],"median":[0.000383301958209,0.00218485575169,0.00183046620805,0.000521854963154,0.000260862492723,0.000151627755258,0.0000765735894674,0.0000430660875281,0.0000353501127393,0.0000217928209167,0.0000165188048413,0.0000115620441647,0.0000100154920801,0.0000098221726148,0.0000124939115267,0.00000716433123671,0.00000489243484481,0.00000490513684781,0.00000358110764864,0.00000352224014932,0.0000029608549994,0.00000269093470706,0.00000194661106434,0.00000143461852531,0.00000148705385072,8.38742835185e-7,6.98027974977e-7,8.62137653712e-7,9.41087364481e-7,5.88962279835e-7,4.2807397449e-7,2.48909373113e-7,9.69351248159e-8,7.75415571752e-8,1.13629290865e-7,1.31190887487e-7,1.34720778533e-7,9.27748260438e-8,8.85775648385e-8,7.67904353438e-8],"min":[6.89846880791e-25,1.2159254488e-24,9.89028246249e-25,1.53825253556e-24,1.63748512376e-24,1.15913633831e-24,2.0105175271e-24,1.50546225013e-24,1.8988702404e-24,1.47866947695e-24,1.78471713703e-24,2.81065539618e-24,1.43678027263e-24,2.1354693474e-24,2.68939150061e-24,2.24320013692e-24,1.78942249512e-24,3.02837508956e-24,2.2415938189e-24,2.75849117996e-24,2.99433455821e-24,3.51732330596e-24,3.79428053687e-24,2.41623776256e-24,3.55791335498e-24,4.2742661101e-24,4.10848501871e-24,3.88592684697e-24,3.69357849802e-24,5.15971908886e-24,4.43123523074e-24,5.37984914674e-24,5.38528282065e-24,5.20879215362e-24,5.02144715496e-24,4.97395378416e-24,5.80919576631e-24,4.25170626593e-24,5.2712166892e-24,5.70099323796e-24],"var":[0.00000463544802187,0.00000828731026559,0.0000129623722387,6.48134232506e-7,2.25021253186e-7,9.94047795189e-8,1.0950318341e-7,1.15632225572e-7,6.31599803569e-8,4.35799272225e-8,8.48921359875e-8,2.41855406813e-8,8.9020293359e-9,1.15406804113e-8,9.23781016127e-8,2.0302701742e-8,2.15876010401e-8,7.23224005128e-8,2.1544968476e-8,8.80923867186e-9,3.37246786053e-9,8.02496180619e-10,2.34170849378e-10,9.72824931722e-10,7.96349486354e-10,1.57086579855e-10,4.790256386e-11,1.44094902677e-10,6.40861141932e-10,1.80844617059e-10,3.79771526726e-11,1.89271029405e-11,1.03471866492e-11,5.3656332849e-12,7.20011897326e-12,8.39039688422e-12,1.44199001698e-11,1.39583431619e-11,2.27442439882e-11,1.5269579004e-11]},"melbands_crest":{"dmean":3.14729642868,"dmean2":5.25410318375,"dvar":8.63862228394,"dvar2":23.1696338654,"max":36.8650169373,"mean":16.0452327728,"median":15.9929866791,"min":1.49803411961,"var":34.6134300232},"melbands_flatness_db":{"dmean":0.0318576805294,"dmean2":0.0469262674451,"dvar":0.00120051030535,"dvar2":0.00262415246107,"max":0.788770079613,"mean":0.279246211052,"median":0.26381239295,"min":0.00266124028713,"var":0.0138882640749},"melbands_kurtosis":{"dmean":19.0121746063,"dmean2":30.0088310242,"dvar":1763.28283691,"dvar2":4368.46777344,"max":1086.98950195,"mean":39.1409606934,"median":18.0784034729,"min":-1.87346792221,"var":5212.1875},"melbands_skewness":{"dmean":0.985170960426,"dmean2":1.51508998871,"dvar":1.6222922802,"dvar2":3.7427573204,"max":26.4299163818,"mean":3.84359169006,"median":3.29741382599,"min":-0.726312279701,"var":7.63147830963},"melbands_spread":{"dmean":4.77670049667,"dmean2":7.45151615143,"dvar":156.069625854,"dvar2":358.531341553,"max":267.814117432,"mean":18.2652339935,"median":8.3185377121,"min":0.298178672791,"var":746.432434082},"mfcc":{"cov":[[18063.2558594,366.209503174,-2057.27392578,96.1256561279,-189.237075806,-196.704803467,116.924362183,-539.33190918,30.7210788727,239.641860962,-149.391937256,79.6661300659,-241.313354492],[366.209503174,2560.43188477,-123.753326416,227.265670776,158.276565552,-89.297706604,17.1733512878,4.1020655632,-56.4979171753,-64.9881668091,-41.2157173157,21.0859699249,-32.1528205872],[-2057.27392578,-123.753326416,1218.47253418,18.3164329529,107.622779846,150.654937744,-65.9206848145,166.171020508,-14.9417028427,-86.5728530884,55.3443489075,-15.9549093246,31.6853466034],[96.1256561279,227.265670776,18.3164329529,263.827331543,19.4596252441,29.8357410431,20.5895233154,-10.0236730576,19.3122615814,11.0525608063,-0.231761351228,16.9832820892,12.1579408646],[-189.237075806,158.276565552,107.622779846,19.4596252441,205.018447876,7.7320523262,-17.1439571381,37.4242630005,17.4403533936,11.7079954147,6.13493394852,12.5142793655,12.9913959503],[-196.704803467,-89.297706604,150.654937744,29.8357410431,7.7320523262,153.354751587,32.526550293,29.3059482574,-5.22593975067,6.57185411453,37.0553398132,-11.6710853577,5.85350322723],[116.924362183,17.1733512878,-65.9206848145,20.5895233154,-17.1439571381,32.526550293,151.350341797,-23.0788784027,6.5594201088,35.1103248596,-5.98928880692,22.6367034912,-32.4475975037],[-539.33190918,4.1020655632,166.171020508,-10.0236730576,37.4242630005,29.3059482574,-23.0788784027,181.191543579,7.12460184097,-24.5574626923,32.5866394043,-19.7616062164,81.4506835938],[30.7210788727,-56.4979171753,-14.9417028427,19.3122615814,17.4403533936,-5.22593975067,6.5594201088,7.12460184097,89.3423690796,25.2072162628,2.20150542259,13.7093429565,-6.84797334671],[239.641860962,-64.9881668091,-86.5728530884,11.0525608063,11.7079954147,6.57185411453,35.1103248596,-24.5574626923,25.2072162628,105.313400269,22.0645866394,4.17851018906,-19.6440086365],[-149.391937256,-41.2157173157,55.3443489075,-0.231761351228,6.13493394852,37.0553398132,-5.98928880692,32.5866394043,2.20150542259,22.0645866394,94.0131149292,-1.15926909447,30.2671947479],[79.6661300659,21.0859699249,-15.9549093246,16.9832820892,12.5142793655,-11.6710853577,22.6367034912,-19.7616062164,13.7093429565,4.17851018906,-1.15926909447,86.2157974243,0.766339480877],[-241.313354492,-32.1528205872,31.6853466034,12.1579408646,12.9913959503,5.85350322723,-32.4475975037,81.4506835938,-6.84797334671,-19.6440086365,30.2671947479,0.766339480877,127.423461914]],"icov":[[0.0000718761293683,-0.00000581361109653,0.000110715780465,-0.0000220691144932,0.0000085306191977,-0.0000556420891371,0.000057430112065,0.0000787246681284,0.0000094906972663,-0.0000712584296707,0.0000424603676947,-0.0000439353607362,0.0000549181822862],[-0.00000581361109653,0.000517895561643,0.000106189880171,-0.000540598644875,-0.000486422592076,0.000428983476013,-0.000171249135747,-0.000270793389063,0.000516973086633,0.000494291831274,-0.000173145483132,0.00000393815980715,0.000449308485258],[0.000110715780465,0.000106189880171,0.00141752383206,-0.000232470425544,-0.000545660732314,-0.00108125014231,0.000611154420767,-0.000937505159527,0.000272183824563,0.000916046556085,-0.000336047058227,-0.000363797502359,0.00100421684328],[-0.0000220691144932,-0.000540598644875,-0.000232470425544,0.00472128111869,0.000172781350557,-0.00137182266917,-0.000224509611144,0.00110848050099,-0.00147181062493,-0.000657438940834,0.000718741852324,-0.000428060040576,-0.00163979537319],[0.0000085306191977,-0.000486422592076,-0.000545660732314,0.000172781350557,0.00604998460039,-0.000348320230842,0.00104711554013,-0.000875066558365,-0.000965426384937,-0.00193333695643,0.000790793274064,-0.00116429489572,-0.000292981945677],[-0.0000556420891371,0.000428983476013,-0.00108125014231,-0.00137182266917,-0.000348320230842,0.00971076637506,-0.00293164746836,-0.000544920912944,0.0010324214818,0.0003987281234,-0.00332305300981,0.00179404846858,0.000489343656227],[0.000057430112065,-0.000171249135747,0.000611154420767,-0.000224509611144,0.00104711554013,-0.00293164746836,0.00906884204596,-0.000927906250581,0.00041762701585,-0.00280753173865,0.00158030062448,-0.00292422901839,0.00209720805287],[0.0000787246681284,-0.000270793389063,-0.000937505159527,0.00110848050099,-0.000875066558365,-0.000544920912944,-0.000927906250581,0.0103633357212,-0.00239422055893,0.00112475559581,-0.000972316542175,0.00264283805154,-0.00627850694582],[0.0000094906972663,0.000516973086633,0.000272183824563,-0.00147181062493,-0.000965426384937,0.0010324214818,0.00041762701585,-0.00239422055893,0.0135741038248,-0.00277494010516,0.000195477390662,-0.00221413490362,0.00217752321623],[-0.0000712584296707,0.000494291831274,0.000916046556085,-0.000657438940834,-0.00193333695643,0.0003987281234,-0.00280753173865,0.00112475559581,-0.00277494010516,0.0141239669174,-0.00483111618087,0.00124984490685,0.00173793162685],[0.0000424603676947,-0.000173145483132,-0.000336047058227,0.000718741852324,0.000790793274064,-0.00332305300981,0.00158030062448,-0.000972316542175,0.000195477390662,-0.00483111618087,0.0146244820207,-0.000976219773293,-0.00305452779867],[-0.0000439353607362,0.00000393815980715,-0.000363797502359,-0.000428060040576,-0.00116429489572,0.00179404846858,-0.00292422901839,0.00264283805154,-0.00221413490362,0.00124984490685,-0.000976219773293,0.0137381106615,-0.00212563690729],[0.0000549181822862,0.000449308485258,0.00100421684328,-0.00163979537319,-0.000292981945677,0.000489343656227,0.00209720805287,-0.00627850694582,0.00217752321623,0.00173793162685,-0.00305452779867,-0.00212563690729,0.0136499907821]],"mean":[-710.953308105,143.865127563,17.1595001221,29.9961738586,12.1495819092,6.98429870605,8.02090072632,-2.13671469688,1.91986989975,-1.05851209164,-5.51947259903,2.82499670982,-8.07045936584]},"pitch_salience":{"dmean":0.0744064301252,"dmean2":0.121817559004,"dvar":0.00484261335805,"dvar2":0.0127582577989,"max":0.850731372833,"mean":0.509414851665,"median":0.520711183548,"min":0.0539414957166,"var":0.0195745620877},"silence_rate_20dB":{"dmean":0,"dmean2":0,"dvar":0,"dvar2":0,"max":1,"mean":1,"median":1,"min":1,"var":0},"silence_rate_30dB":{"dmean":0.00775694893673,"dmean2":0.0155159039423,"dvar":0.00769722787663,"dvar2":0.0217416211963,"max":1,"mean":0.995475709438,"median":1,"min":0,"var":0.00450375303626},"silence_rate_60dB":{"dmean":0.00568842934445,"dmean2":0.0113783292472,"dvar":0.00565515924245,"dvar2":0.0130592714995,"max":1,"mean":0.0947518125176,"median":0,"min":0,"var":0.0857699662447},"spectral_centroid":{"dmean":178.166366577,"dmean2":267.851409912,"dvar":101014.75,"dvar2":205092.6875,"max":11741.8554688,"mean":1149.1574707,"median":668.524963379,"min":92.8398208618,"var":3112382.75},"spectral_complexity":{"dmean":2.10316753387,"dmean2":3.26920104027,"dvar":5.98880434036,"dvar2":12.9922142029,"max":53,"mean":13.9658737183,"median":11,"min":0,"var":120.489372253},"spectral_contrast_coeffs":{"dmean":[0.0495016351342,0.0399470254779,0.0319676920772,0.0260439999402,0.0193403307348,0.0201842207462],"dmean2":[0.0823382362723,0.0656145364046,0.0517243556678,0.0420946851373,0.0306225176901,0.0301208905876],"dvar":[0.00165599794127,0.00112751417328,0.000698694551829,0.000490522535983,0.000291429634672,0.000461747986265],"dvar2":[0.00435314467177,0.00300670019351,0.00177312269807,0.00117658125237,0.000658484350424,0.000942015496548],"max":[-0.284992545843,-0.472404688597,-0.496330022812,-0.488142490387,-0.534950435162,-0.555259406567],"mean":[-0.609025120735,-0.74120682478,-0.778329789639,-0.792428255081,-0.808075845242,-0.78555816412],"median":[-0.603231787682,-0.73857229948,-0.781343221664,-0.806505441666,-0.814411699772,-0.784861326218],"min":[-0.98192101717,-0.978704631329,-0.975737512112,-0.972789287567,-0.968872129917,-0.967122554779],"var":[0.0109332520515,0.00568517204374,0.00506888283417,0.00605651549995,0.00357417436317,0.00398824736476]},"spectral_contrast_valleys":{"dmean":[0.402773141861,0.333436846733,0.299127727747,0.275053739548,0.256627678871,0.488558739424],"dmean2":[0.670960605145,0.54579180479,0.481085330248,0.431840509176,0.368000268936,0.582974731922],"dvar":[0.151214510202,0.141608312726,0.12692129612,0.130331411958,0.129141226411,0.384734630585],"dvar2":[0.341089576483,0.296827226877,0.245022311807,0.244822487235,0.213954493403,0.742069125175],"max":[-4.97688055038,-4.87301588058,-5.4041390419,-5.91250991821,-5.83244514465,-7.35987138748],"mean":[-7.65370368958,-7.55047512054,-8.43323993683,-8.74902248383,-8.7755355835,-11.2992038727],"median":[-6.94801807404,-6.82685565948,-7.78442287445,-8.05922222137,-8.15499687195,-10.7806062698],"min":[-28.2333259583,-28.1438655853,-27.8283576965,-27.6375141144,-27.5009994507,-27.3824520111],"var":[11.3113651276,11.6297893524,10.9110221863,10.8992710114,10.8499155045,8.52762699127]},"spectral_decrease":{"dmean":2.480621486e-9,"dmean2":4.00614608154e-9,"dvar":1.48453657857e-17,"dvar2":3.61612526515e-17,"max":1.4203581306e-20,"mean":-7.42939754161e-9,"median":-6.62315802202e-9,"min":-4.76131170046e-8,"var":3.02488601093e-17},"spectral_energy":{"dmean":0.00960333365947,"dmean2":0.0154634527862,"dvar":0.000220267262193,"dvar2":0.000534486141987,"max":0.184498652816,"mean":0.0295537281781,"median":0.0262236893177,"min":9.90929415861e-21,"var":0.000474355270853},"spectral_energyband_high":{"dmean":0.000307749636704,"dmean2":0.000440144649474,"dvar":5.39179495718e-7,"dvar2":0.00000105079550394,"max":0.0290720742196,"mean":0.000696354021784,"median":0.000127914201585,"min":6.88238180334e-21,"var":0.00000225440476243},"spectral_energyband_low":{"dmean":0.00764717860147,"dmean2":0.0124977240339,"dvar":0.000127983221319,"dvar2":0.000322554027662,"max":0.163254007697,"mean":0.0155615424737,"median":0.0120552750304,"min":1.32653335209e-23,"var":0.00021644248045},"spectral_energyband_middle_high":{"dmean":0.00107745849527,"dmean2":0.00156774709467,"dvar":0.00000451329424322,"dvar2":0.00000984582948149,"max":0.0486914180219,"mean":0.00451181922108,"median":0.000938482349738,"min":1.10388969307e-21,"var":0.0000543832647963},"spectral_energyband_middle_low":{"dmean":0.00487390067428,"dmean2":0.00778770726174,"dvar":0.0000990386106423,"dvar2":0.000232742764638,"max":0.136473029852,"mean":0.012183544226,"median":0.00962605606765,"min":1.27141696593e-22,"var":0.000152836466441},"spectral_entropy":{"dmean":0.243229627609,"dmean2":0.341982334852,"dvar":0.0952159315348,"dvar2":0.197956219316,"max":9.82199954987,"mean":7.15751171112,"median":7.25259160995,"min":3.9380941391,"var":0.716444671154},"spectral_flux":{"dmean":0.0232218746096,"dmean2":0.0375175699592,"dvar":0.000839726533741,"dvar2":0.00202256673947,"max":0.331158936024,"mean":0.0744335949421,"median":0.0674735829234,"min":6.22145390761e-11,"var":0.00227314466611},"spectral_kurtosis":{"dmean":3.57247471809,"dmean2":5.55840301514,"dvar":41.5895805359,"dvar2":94.679397583,"max":112.404998779,"mean":8.58936405182,"median":5.26848602295,"min":-1.27313780785,"var":120.06111145},"spectral_rms":{"dmean":0.000797998392954,"dmean2":0.00126659579109,"dvar":9.93021672002e-7,"dvar2":0.00000230397836276,"max":0.0134163582698,"mean":0.00491660227999,"median":0.00505807157606,"min":3.10927715866e-12,"var":0.00000466002484245},"spectral_rolloff":{"dmean":330.06048584,"dmean2":549.604125977,"dvar":1138565.125,"dvar2":2387895.75,"max":19745.9472656,"mean":1423.82275391,"median":387.59765625,"min":43.06640625,"var":10415584},"spectral_skewness":{"dmean":0.363445162773,"dmean2":0.54528927803,"dvar":0.247927859426,"dvar2":0.542690336704,"max":9.06746387482,"mean":2.03712797165,"median":1.75632345676,"min":-0.478370606899,"var":1.25858998299},"spectral_spread":{"dmean":1024325.0625,"dmean2":1443493,"dvar":2477428834300,"dvar2":5161982361600,"max":42977824,"mean":5559786,"median":3956854.5,"min":849917.5625,"var":38322193825800},"spectral_strongpeak":{"dmean":0.43555521965,"dmean2":0.753954470158,"dvar":1.04333221912,"dvar2":2.68529033661,"max":14.9636163712,"mean":0.761777222157,"median":0.430668532848,"min":0,"var":1.93451237679},"zerocrossingrate":{"dmean":0.010157071054,"dmean2":0.0123803978786,"dvar":0.000285558315227,"dvar2":0.000371304427972,"max":0.53271484375,"mean":0.0543126426637,"median":0.03466796875,"min":0.0029296875,"var":0.00681477040052}},"metadata":{"audio_properties":{"analysis_sample_rate":44100,"bit_rate":174911,"codec":"mp3","downmix":"mix","equal_loudness":0,"length":179.591842651,"lossless":false,"md5_encoded":"8fad3eea83f14711c1f68b23798b473a","replay_gain":-4.5002117157,"sample_rate":44100},"tags":{"acoustid_id":["5d974c17-c359-4c5d-9403-f1741c795a1a"],"album":["Let England Shake"],"albumartist":["PJ Harvey"],"albumartistsort":["Harvey, PJ"],"artist":["PJ Harvey"],"artists":["PJ Harvey"],"artistsort":["Harvey, PJ"],"asin":["B004IXJEWK"],"barcode":["602527630250"],"catalognumber":["2763025"],"date":["2011-02-14"],"file_name":"08 - In the Dark Places.mp3","isrc":["GBUM71027784"],"label":["Island Records"],"media":["CD"],"musicbrainz album release country":["GB"],"musicbrainz album status":["official"],"musicbrainz album type":["album"],"musicbrainz release track id":["420428b6-097d-38bc-956b-0f2981dba7d4"],"musicbrainz_albumartistid":["e795e03d-b5d5-4a5f-834d-162cfb308a2c"],"musicbrainz_albumid":["e1b46785-d51b-3bf9-9252-086f23d9a1f8"],"musicbrainz_artistid":["e795e03d-b5d5-4a5f-834d-162cfb308a2c"],"musicbrainz_recordingid":["3acd06a9-2b02-4944-9f2d-6b8397c72739"],"musicbrainz_releasegroupid":["9d504fde-1b02-4c14-b484-bcf94570153a"],"originaldate":["2011"],"performer:additional vocals":["Greta Berlin","Sammy Hurden","Lucy Roberts"],"performer:bass harmonica":["Mick Harvey"],"performer:drums":["John Parish","Jean-Marc Butty"],"performer:guitar":["Mick Harvey","PJ Harvey"],"performer:organ":["Mick Harvey"],"performer:rhodes piano":["John Parish"],"performer:saxophone":["PJ Harvey"],"performer:trombone":["John Parish"],"performer:vocals":["John Parish","Mick Harvey","PJ Harvey","Jean-Marc Butty"],"script":["Latn"],"title":["In the Dark Places"],"tracknumber":["8/12"]},"version":{"essentia":"2.1-beta1","essentia_build_sha":"65e368e5454dd45657e4cc002e00185f437e13e1","essentia_git_sha":"v2.