{"lowlevel":{"average_loudness":0.916058719158,"barkbands":{"dmean":[0.00432482315227,0.00694524636492,0.00360333453864,0.00192246923689,0.00242882594466,0.00219586701132,0.00187998416368,0.000742689007893,0.000571125710849,0.000763469550293,0.000364843232092,0.000626633467618,0.000403892918257,0.000320727791404,0.000290690601105,0.000157447750098,0.000100119425042,0.0000848771014716,0.0000677778880345,0.0000578651161049,0.0000220178608288,0.0000161284751812,0.0000185146654985,0.00000464937784272,0.00000231867670664,0.0000380658566428,0.000541936955415],"dmean2":[0.00721596786752,0.0116420192644,0.00614232057706,0.00330655556172,0.00396481668577,0.00347829586826,0.00293364422396,0.00121585372835,0.000944422790781,0.00127268477809,0.000604449189268,0.0010306625627,0.000670018198434,0.000537217711098,0.000475824286696,0.000257574458374,0.000162206531968,0.000134400412207,0.00010430994007,0.0000896291749086,0.0000346397282556,0.0000241203779296,0.0000279331306956,0.00000728605800759,0.00000381082463718,0.0000571171367483,0.000776272616349],"dvar":[0.000046279765229,0.000117990915896,0.0000770023907535,0.00000675492037772,0.0000144090681715,0.0000252130375884,0.0000251095025305,0.00000211287510865,0.00000108536494281,0.00000132640809625,4.10340049939e-7,6.2955859903e-7,2.32805206224e-7,1.43656208706e-7,1.55148555336e-7,3.40295898127e-8,2.72777889165e-8,2.61871306861e-8,3.76868527496e-8,8.8212424032e-9,1.31196420394e-9,7.05093428088e-10,1.16688114726e-9,4.03750921585e-11,1.61151734318e-11,3.69570152259e-9,8.80448340013e-7],"dvar2":[0.000119342199469,0.000309815455694,0.000202370996703,0.0000192075385712,0.0000354717558366,0.0000565207192267,0.0000614128730376,0.00000529626822754,0.0000028816464237,0.00000347369041265,0.00000106777019937,0.00000153606970343,6.31882016933e-7,3.86444668266e-7,3.55050985945e-7,8.34608044897e-8,6.51847074096e-8,5.96587952373e-8,8.52718500255e-8,2.09599324563e-8,3.05641556508e-9,1.44708167671e-9,2.57832621919e-9,9.42089323219e-11,3.94355034739e-11,8.22116330568e-9,0.00000182418523309],"max":[0.0953567698598,0.128941714764,0.120451107621,0.0403570719063,0.0839179307222,0.130830302835,0.163513839245,0.0326948948205,0.0251870118082,0.0267826970667,0.0187388695776,0.0244033616036,0.00894015654922,0.00661246664822,0.0127721419558,0.00259606167674,0.00215148623101,0.00705015053973,0.00639128312469,0.00312632345594,0.00127267558128,0.000464431446744,0.00068457541056,0.0000974384165602,0.0000543454480066,0.000872168922797,0.0346730910242],"mean":[0.00487732794136,0.00832365173846,0.00397427938879,0.0025750643108,0.00384396011941,0.00330424308777,0.00291248736903,0.00121699611191,0.000947940687183,0.00123756716494,0.000581634056289,0.00115118303802,0.000780202099122,0.000637709978037,0.000583738961723,0.000321700179484,0.000187699988601,0.000165919322171,0.000135143563966,0.000134794943733,0.0000524993993167,0.0000396522445953,0.0000383946280635,0.00000941770667851,0.00000238973007072,0.0000728532904759,0.00178662617691],"median":[0.00225981953554,0.00507720280439,0.0017634377582,0.00159242225345,0.00237703206949,0.00112690113019,0.000717920076568,0.000553920399398,0.000522958114743,0.000786092248745,0.000381620426197,0.000931136135478,0.000626413966529,0.000540392764378,0.000482867239043,0.00027083454188,0.000135727736051,0.000110721288365,0.0000738494782127,0.0000947259395616,0.0000382838043151,0.0000271411208814,0.0000267575815087,0.00000689639773555,9.00672546322e-7,0.0000534233695362,0.00149754760787],"min":[8.09873497331e-25,4.52099103568e-24,1.31916969053e-24,1.00815457333e-24,7.33081023929e-24,7.24587437449e-24,1.70992085643e-23,1.67184680039e-23,2.06535428574e-23,2.03516300117e-23,2.92556986865e-23,2.83247008233e-23,1.97651340168e-23,3.82056064907e-23,4.59631952129e-23,4.90768228949e-23,5.43951085477e-23,1.06189525707e-22,1.05909486396e-22,1.89372156615e-22,2.55771273205e-22,3.43446713094e-22,3.61649230409e-22,4.96134843376e-22,9.02941854636e-22,1.41470200044e-21,1.88438791538e-21],"var":[0.0000571593482164,0.000117896837764,0.0000674324401189,0.00000956324674917,0.0000247217649303,0.0000460875962744,0.0000526539915882,0.00000428233988714,0.00000197319354811,0.00000219582648242,6.70187034757e-7,0.00000113751036679,4.77125126963e-7,2.84422554842e-7,3.17043259201e-7,6.95420538932e-8,4.24236823449e-8,4.94538490159e-8,8.71725873708e-8,2.40090471948e-8,3.45298456494e-9,2.03042582747e-9,2.11226369728e-9,9.37561001058e-11,1.73781943696e-11,6.42063335832e-9,0.00000295891140922]},"barkbands_crest":{"dmean":2.76401495934,"dmean2":4.64844989777,"dvar":5.42712783813,"dvar2":14.9689273834,"max":23.4738178253,"mean":8.38627338409,"median":7.71645927429,"min":2.45168209076,"var":10.5719470978},"barkbands_flatness_db":{"dmean":0.0210246108472,"dmean2":0.0345047451556,"dvar":0.000349323527189,"dvar2":0.000908050395083,"max":0.438299655914,"mean":0.116522952914,"median":0.111538663507,"min":0.0444119796157,"var":0.00116071291268},"barkbands_kurtosis":{"dmean":3.11024093628,"dmean2":5.17070245743,"dvar":75.4777069092,"dvar2":189.238845825,"max":447.871887207,"mean":5.44149446487,"median":3.92770195007,"min":-1.87585759163,"var":127.25793457},"barkbands_skewness":{"dmean":0.510788023472,"dmean2":0.831465303898,"dvar":0.273372411728,"dvar2":0.694783627987,"max":16.4172954559,"mean":2.00069403648,"median":1.94560480118,"min":-2.23835754395,"var":0.877283155918},"barkbands_spread":{"dmean":8.59428977966,"dmean2":13.6929864883,"dvar":66.8474731445,"dvar2":159.494338989,"max":138.897186279,"mean":36.9802322388,"median":34.4337730408,"min":0.641146600246,"var":297.235809326},"dissonance":{"dmean":0.0163671579212,"dmean2":0.0278267301619,"dvar":0.000238069274928,"dvar2":0.000676330295391,"max":0.500000238419,"mean":0.472380757332,"median":0.476983398199,"min":0.258616566658,"var":0.000401176279411},"dynamic_complexity":3.69621253014,"erbbands":{"dmean":[0.379217505455,1.06055510044,3.5697658062,5.0338139534,7.80488777161,8.43377399445,12.9217805862,20.4963493347,26.522562027,26.19181633,13.477060318,11.4807100296,15.8440265656,23.3919639587,16.3556156158,23.6164798737,19.200050354,13.9027843475,16.9479808807,11.2642726898,7.15957450867,5.47195482254,4.48095703125,4.04173660278,2.84171819687,2.90696024895,1.4881696701,0.562633037567,0.557270348072,0.670170724392,0.455327779055,0.133194640279,0.0660741999745,0.0265092737973,0.0165905617177,0.0139557179064,0.0460089370608,0.104649826884,0.0666626766324,0.0105888079852],"dmean2":[0.649644374847,1.7413572073,6.00964736938,8.56292819977,12.9991750717,14.0638837814,20.8800544739,32.4583396912,41.3597068787,42.1197128296,22.0877628326,18.8953018188,26.1167201996,38.4711647034,26.9656238556,38.7969512939,31.7176685333,23.0476112366,27.6206588745,18.5037555695,11.4764089584,8.74748897552,7.06640434265,6.2045750618,4.26345872879,4.5094575882,2.35835552216,0.866105020046,0.844241440296,1.00281965733,0.691488265991,0.205646961927,0.10555254668,0.0434309840202,0.0271936114877,0.0218123272061,0.0669847279787,0.14929792285,0.0953821092844,0.015231971629],"dvar":[0.389126062393,2.58643817902,75.3122711182,62.5110359192,130.024368286,222.169219971,645.870239258,2572.75048828,7029.02539062,2940.59082031,595.83984375,411.800109863,704.772705078,1617.74890137,497.039337158,944.975402832,545.561340332,260.689361572,576.274169922,166.895355225,81.1796340942,84.9127426147,63.8315238953,100.964645386,63.3488235474,18.3018493652,6.83599758148,0.666379749775,0.856433451176,1.49487638474,0.675064921379,0.0328754857183,0.00893280562013,0.00205520167947,0.000810246507172,0.000383583130315,0.0051140608266,0.028709596023,0.0328531004488,0.000303571549011],"dvar2":[1.06676018238,6.41419935226,193.265930176,171.38092041,323.5496521,567.913208008,1553.07189941,5876.02148438,17147.375,7305.53808594,1521.52612305,1068.14294434,1853.07519531,4165.12255859,1282.70263672,2239.10351562,1465.12072754,690.284179688,1297.32177734,433.532623291,191.747283936,201.430847168,146.849807739,231.047195435,136.53352356,42.2139472961,16.3184642792,1.40789985657,1.79165506363,3.14366197586,1.50039219856,0.0727500766516,0.0214211679995,0.00501882750541,0.00197988306172,0.000889299204573,0.010659661144,0.0566929392517,0.0769962593913,0.000620901817456],"max":[7.6718044281,20.7946949005,123.735176086,99.7448959351,204.946762085,319.911682129,462.779052734,1260.23376465,2881.09008789,1288.1282959,506.936981201,514.849365234,785.544799805,966.580993652,623.938964844,1073.60058594,473.788574219,225.083572388,798.598999023,192.037261963,165.675109863,127.206993103,243.767990112,479.952301025,279.530395508,115.398391724,92.9813919067,23.1866989136,16.6087665558,25.3949871063,14.6628875732,2.9133849144,1.29293596745,0.619523227215,0.394366055727,0.34446772933,0.968294918537,4.12670469284,9.91373920441,0.440200001001],"mean":[0.412627249956,1.26921248436,4.07279872894,6.92915678024,11.6180734634,11.6043701172,18.0297393799,30.0573368073,40.6551361084,41.5643119812,23.6171226501,19.6882839203,27.5849189758,39.5681610107,31.2383537292,45.5253715515,39.1300773621,30.5269851685,35.140209198,24.594701767,15.5415267944,10.9645004272,9.0841588974,8.07565498352,6.11133289337,6.6434841156,3.55637574196,1.47233486176,1.37213385105,1.50306081772,0.94397944212,0.300929278135,0.116020232439,0.0302673317492,0.017958663404,0.0258270036429,0.111687682569,0.254924893379,0.164636641741,0.0403929166496],"median":[0.227311328053,0.684585809708,1.82643306255,4.40561914444,6.86628675461,6.2932062149,7.99185562134,8.55611610413,8.5659160614,13.2613277435,12.4122371674,11.4424104691,17.6466197968,24.8041820526,24.4608726501,38.1419792175,32.1991500854,26.7497444153,29.5713405609,21.3031024933,13.1336936951,8.07250022888,6.14532423019,4.7334561348,3.66630959511,4.65222549438,2.51797533035,1.15867400169,0.951343178749,1.00129938126,0.679571509361,0.235338941216,0.0785705968738,0.0145022915676,0.00749953603372,0.0201131682843,0.0904778912663,0.192377701402,0.108922623098,0.0364702120423],"min":[9.31272449828e-23,1.02137862891e-21,3.10900881938e-21,8.41848205024e-21,1.42698543059e-20,2.04764844787e-20,3.39185894854e-20,9.62918624628e-20,1.84988449143e-19,2.30128832544e-19,3.82462440001e-19,4.71125422469e-19,6.16774971137e-19,6.25084982667e-19,1.18818074004e-18,1.31759769636e-18,1.01426125996e-18,1.17386689653e-18,3.05108402034e-18,2.65371927537e-18,4.76054312566e-18,4.31253838359e-18,6.56662002846e-18,5.55832863438e-18,8.15018658725e-18,9.16590068656e-18,1.07524463363e-17,1.01499726459e-17,1.27666931664e-17,1.25445414052e-17,1.07887107616e-17,1.11475714898e-17,9.72279176215e-18,8.65315375871e-18,6.42898006966e-18,4.0464273495e-18,2.2744658567e-18,9.42482972498e-19,2.54900177703e-19,2.81488366917e-20],"var":[0.354620665312,2.87194848061,69.3774719238,72.9427337646,237.505325317,295.172149658,948.862243652,4559.73974609,13385.1318359,6200.04492188,1293.26086426,791.848083496,1190.87976074,2752.3659668,926.258483887,1725.44812012,1141.54101562,571.148986816,1165.49047852,366.611572266,170.422088623,137.264419556,125.217697144,249.33480835,146.780487061,53.8457069397,16.9856071472,2.22829890251,2.41750407219,3.32466244698,1.21707201004,0.0848779156804,0.0168716870248,0.00227211159654,0.000886465248186,0.000664493534714,0.011986288242,0.0793222412467,0.0664684846997,0.00113403133582]},"erbbands_crest":{"dmean":2.31849265099,"dmean2":3.80380630493,"dvar":5.09774875641,"dvar2":12.566034317,"max":30.1301879883,"mean":7.52908849716,"median":6.6464176178,"min":2.63952755928,"var":11.44302845},"erbbands_flatness_db":{"dmean":0.0156549718231,"dmean2":0.0239887367934,"dvar":0.000209853591514,"dvar2":0.000448051840067,"max":0.293022066355,"mean":0.128428041935,"median":0.123209945858,"min":0.0409430414438,"var":0.000918567704502},"erbbands_kurtosis":{"dmean":0.763663232327,"dmean2":1.23875641823,"dvar":0.967770755291,"dvar2":2.29049301147,"max":32.1269683838,"mean":0.622646868229,"median":0.324048519135,"min":-1.57527720928,"var":1.91375768185},"erbbands_skewness":{"dmean":0.300739198923,"dmean2":0.47260248661,"dvar":0.072866871953,"dvar2":0.173615917563,"max":3.4441819191,"mean":0.172287344933,"median":0.134333238006,"min":-2.9701359272,"var":0.3356988132},"erbbands_spread":{"dmean":5.37141180038,"dmean2":8.48823165894,"dvar":23.7284660339,"dvar2":56.5757446289,"max":119.780014038,"mean":28.5005931854,"median":27.8130245209,"min":3.45684194565,"var":83.3057479858},"gfcc":{"cov":[[23296.1210938,873.079772949,-890.530090332,52.1259078979,122.884368896,-562.648193359,270.757659912,-577.007568359,48.3845748901,-176.53944397,-14.1441383362,22.8353271484,-157.14944458],[873.079772949,559.08984375,-41.7386779785,-142.463394165,22.6451320648,-45.2331047058,-3.55964756012,-83.9308700562,27.039730072,-22.5436191559,2.70151901245,-20.1377105713,13.1834592819],[-890.530090332,-41.7386779785,202.139205933,70.0139007568,-13.897064209,59.3516807556,-57.8434906006,50.8317108154,-26.9532775879,10.2232780457,6.68474912643,6.77505350113,2.52406024933],[52.1259078979,-142.463394165,70.0139007568,186.810699463,74.5784225464,16.219493866,55.6013183594,-7.00857067108,-29.2372951508,-8.75200557709,-0.274436205626,12.1339511871,-16.3878440857],[122.884368896,22.6451320648,-13.897064209,74.5784225464,156.819381714,35.0323104858,70.1439590454,-36.0232467651,-23.9722881317,-38.3163528442,-5.39268922806,-11.2951612473,-9.30331516266],[-562.648193359,-45.2331047058,59.3516807556,16.219493866,35.0323104858,175.453186035,-8.17706203461,28.4409885406,-35.4237556458,-8.37348365784,-18.3125534058,-5.61809968948,15.9509325027],[270.757659912,-3.55964756012,-57.8434906006,55.6013183594,70.1439590454,-8.17706203461,141.403030396,-21.7841644287,18.4191761017,-14.214217186,-5.76508665085,3.44207048416,-16.4667110443],[-577.007568359,-83.9308700562,50.8317108154,-7.00857067108,-36.0232467651,28.4409885406,-21.7841644287,119.999053955,11.5789241791,34.0186500549,10.3986406326,-17.6743526459,14.4136791229],[48.3845748901,27.039730072,-26.9532775879,-29.2372951508,-23.9722881317,-35.4237556458,18.4191761017,11.5789241791,99.1679840088,33.8338356018,10.9994449615,21.2200813293,-23.5368423462],[-176.53944397,-22.5436191559,10.2232780457,-8.75200557709,-38.3163528442,-8.37348365784,-14.214217186,34.0186500549,33.8338356018,76.5976791382,38.0191307068,7.34461355209,13.8677787781],[-14.1441383362,2.70151901245,6.68474912643,-0.274436205626,-5.39268922806,-18.3125534058,-5.76508665085,10.3986406326,10.9994449615,38.0191307068,53.7067718506,23.3760128021,11.3989391327],[22.8353271484,-20.1377105713,6.77505350113,12.1339511871,-11.2951612473,-5.61809968948,3.44207048416,-17.6743526459,21.2200813293,7.34461355209,23.3760128021,63.1055679321,7.7182469368],[-157.14944458,13.1834592819,2.52406024933,-16.3878440857,-9.30331516266,15.9509325027,-16.4667110443,14.4136791229,-23.5368423462,13.8677787781,11.3989391327,7.7182469368,67.3577651978]],"icov":[[0.0000681428791722,-0.000189385042177,0.000466983910883,-0.000429849518696,0.000189776343177,0.0000117757144835,0.000150057734572,2.93405662433e-7,0.0000569958356209,0.000115854985779,-0.000102756261185,-0.0000388298503822,0.00015191519924],[-0.000189385042177,0.0042372699827,-0.0040715248324,0.00536845857278,-0.00192504189909,0.000741563329939,-0.00173032516614,0.00392145803198,-0.00253739603795,0.00126052158885,-0.00192722165957,0.00349483662285,-0.00273660128005],[0.000466983910883,-0.0040715248324,0.0152455251664,-0.0115890167654,0.0037903659977,-0.00317246816121,0.0071547771804,-0.00600360380486,0.00210219458677,0.00128638662864,-0.00103635247797,-0.00349598284811,0.0038498272188],[-0.000429849518696,0.00536845857278,-0.0115890167654,0.0202270336449,-0.00891261175275,0.00393789773807,-0.00746297696605,0.00320098246448,0.00471193296835,-0.00712353177369,0.00562141183764,-0.00370376813225,0.0012150767725],[0.000189776343177,-0.00192504189909,0.0037903659977,-0.00891261175275,0.016338987276,-0.00518776616082,-0.00262546027079,0.00276719313115,-0.00369779649191,0.0112757571042,-0.0118796275929,0.00855934619904,-0.00182365719229],[0.0000117757144835,0.000741563329939,-0.00317246816121,0.00393789773807,-0.00518776616082,0.00934008043259,-0.000714649329893,-0.00212511932477,0.00450863782316,-0.00530901132151,0.00828476902097,-0.00482041761279,0.000129794323584],[0.000150057734572,-0.00173032516614,0.0071547771804,-0.00746297696605,-0.00262546027079,-0.000714649329893,0.0141987763345,-0.002490574494,-0.00299927452579,0.00120228750166,0.000889843737241,-0.00154644437134,0.0011466734577],[2.93405662433e-7,0.00392145803198,-0.00600360380486,0.00320098246448,0.00276719313115,-0.00212511932477,-0.002490574494,0.0181879717857,-0.00774241425097,0.00222416128963,-0.00784656498581,0.0128858061507,-0.00669049145654],[0.0000569958356209,-0.00253739603795,0.00210219458677,0.00471193296835,-0.00369779649191,0.00450863782316,-0.00299927452579,-0.00774241425097,0.0269470959902,-0.0190871935338,0.0153158186004,-0.0184418354183,0.0139094833285],[0.000115854985779,0.00126052158885,0.00128638662864,-0.00712353177369,0.0112757571042,-0.00530901132151,0.00120228750166,0.00222416128963,-0.0190871935338,0.041899997741,-0.0327715054154,0.0187239944935,-0.0110208662227],[-0.000102756261185,-0.00192722165957,-0.00103635247797,0.00562141183764,-0.0118796275929,0.00828476902097,0.000889843737241,-0.00784656498581,0.0153158186004,-0.0327715054154,0.0524827726185,-0.0267073474824,0.00611538859084],[-0.0000388298503822,0.00349483662285,-0.00349598284811,-0.00370376813225,0.00855934619904,-0.00482041761279,-0.00154644437134,0.0128858061507,-0.0184418354183,0.0187239944935,-0.0267073474824,0.0383066274226,-0.0125252436846],[0.00015191519924,-0.00273660128005,0.0038498272188,0.0012150767725,-0.00182365719229,0.000129794323584,0.0011466734577,-0.00669049145654,0.0139094833285,-0.0110208662227,0.00611538859084,-0.0125252436846,0.024846592918]],"mean":[4.05828952789,89.0599975586,-83.9688034058,-14.1535987854,-5.51393079758,-16.2279853821,3.50305080414,-25.8597297668,2.00609445572,-9.2653427124,-4.46369791031,0.321795701981,-13.513625145]},"hfc":{"dmean":35.7164154053,"dmean2":55.8153495789,"dvar":1353.77648926,"dvar2":3333.44287109,"max":700.500549316,"mean":157.973983765,"median":154.103393555,"min":1.04835679695e-16,"var":7973.67773438},"melbands":{"dmean":[0.00267117214389,0.00158986367751,0.000924672407564,0.000536205421668,0.000427388295066,0.000452377687907,0.000395096052671,0.000256933097262,0.000109833483293,0.0000736943693482,0.0000848503186717,0.000104092963738,0.0000514899111295,0.000072027760325,0.0000584691297263,0.000036776651541,0.0000280826225207,0.0000306180663756,0.0000198224806809,0.0000129414347612,0.00000854914560477,0.00000635541573502,0.00000474922262583,0.00000420756441599,0.00000352374786416,0.00000257494298239,0.00000191139315575,0.00000226707106776,0.00000127266787331,4.83109658944e-7,3.12793645207e-7,3.11006488118e-7,4.10173697674e-7,4.43244999815e-7,3.49821618784e-7,1.2256981563e-7,7.34796756774e-8,5.37527924394e-8,2.8104258476e-8,2.11708535147e-8],"dmean2":[0.00450737262145,0.00262544793077,0.0015597831225,0.000887356291059,0.000689543201588,0.00071489677066,0.000613108684774,0.000413649249822,0.000180867747986,0.000121067510918,0.000140588294016,0.000171838299138,0.0000851606528158,0.000119470736536,0.0000956860167207,0.0000612278599874,0.0000471716230095,0.0000503093688167,0.0000328354690282,0.0000212502127397,0.000013800364286,0.00001034802699,0.00000771264512878,0.00000664150593366,0.00000552712890567,0.00000393284062739,0.00000295317636301,0.00000363346339327,0.00000205021933652,7.60124009958e-7,4.89117724101e-7,4.81159077026e-7,6.41753217678e-7,6.70766496569e-7,5.40012820238e-7,1.93348768107e-7,1.1563858493e-7,8.64046469928e-8,4.58596218778e-8,3.48455806432e-8],"dvar":[0.0000187343412108,0.0000113840551421,0.00000179827600277,7.09339019522e-7,6.26358200861e-7,0.00000121895948269,0.00000132407660658,2.74702699699e-7,4.08812113051e-8,1.66972426996e-8,1.88918818367e-8,3.04805531925e-8,6.38308561562e-9,8.01543897921e-9,5.94955862354e-9,1.89794846506e-9,1.106033376e-9,1.78130254991e-9,5.48971978986e-10,2.26734547804e-10,1.26197483019e-10,1.13178133532e-10,6.00278993179e-11,7.49234771447e-11,8.96890686719e-11,7.55682877385e-11,1.36543198623e-11,1.16859794411e-11,5.98344030572e-12,5.5688711021e-13,2.23510798628e-13,2.56843835479e-13,4.97983056701e-13,6.55988501366e-13,4.16764252232e-13,3.00043498348e-14,9.9088336684e-15,6.05317230327e-15,1.93662944906e-15,1.35915944332e-15],"dvar2":[0.0000501750291733,0.000028875645512,0.00000483906160298,0.00000177927529421,0.00000151101210122,0.00000275317870546,0.00000321400352732,6.83075711549e-7,1.06584209902e-7,4.30710649368e-8,4.95609882023e-8,7.86248719464e-8,1.63655844432e-8,2.13757722634e-8,1.37851614568e-8,5.15755260722e-9,2.96503666064e-9,4.17548884357e-9,1.41990996738e-9,5.85213155713e-10,3.07010250555e-10,2.742182037e-10,1.48063145078e-10,1.7092881277e-10,2.13058071186e-10,1.67089134195e-10,2.94308605264e-11,2.88761705519e-11,1.51598126413e-11,1.2825771261e-12,5.0072240191e-13,5.49392020592e-13,1.14288548243e-12,1.44986691923e-12,9.59659868932e-13,6.73465460916e-14,2.35985852441e-14,1.47145225285e-14,4.73329337761e-15,3.3270729955e-15],"max":[0.0514426752925,0.0479478091002,0.0180733669549,0.0228146351874,0.012436340563,0.0286266431212,0.0381750687957,0.0118442233652,0.00492266844958,0.00302472244948,0.00418395735323,0.0040635834448,0.00285245804116,0.00147326779552,0.00263686431572,0.000799975474365,0.00046922499314,0.0012552527478,0.000410592765547,0.000174663393409,0.000229078053962,0.000141310112667,0.000118346142699,0.000388550193748,0.000473502615932,0.000346592772985,0.000124855214381,0.000109716696898,0.000095120347396,0.0000218739078264,0.0000183778374776,0.000012641315152,0.0000117636009236,0.0000194318072317,0.0000121404482343,0.00000297113547276,0.00000169607324096,0.0000010521554259,5.90160766478e-7,4.927259738e-7],"mean":[0.00318339420483,0.00195866031572,0.00139936071355,0.00082343124086,0.000604780332651,0.000674252747558,0.000620707927737,0.000409610220231,0.000181072668056,0.000122627621749,0.000143112469232,0.000169235674548,0.0000902620085981,0.000126763930894,0.000109366257675,0.0000704551566741,0.0000550248041691,0.0000587478862144,0.0000401942925237,0.0000257478495769,0.000016476627934,0.0000114535423563,0.00000884662949829,0.00000781865674071,0.00000645859836368,0.00000476059722132,0.00000402133173338,0.00000460379214928,0.00000267279961008,0.00000110186556412,7.24768653981e-7,7.18295325441e-7,8.57039083257e-7,8.76207820966e-7,6.53485983548e-7,2.64601965227e-7,1.46625836805e-7,9.26995866735e-8,3.57825307162e-8,2.15745075138e-8],"median":[0.00191818061285,0.00102002429776,0.000924353022128,0.000506881566253,0.000295497156912,0.000194977605133,0.00013954154565,0.000137903392897,0.0000962503690971,0.0000681768215145,0.0000904028202058,0.000103269434476,0.0000655950716464,0.0000979828328127,0.0000877875572769,0.0000574116129428,0.0000459686998511,0.0000477118410345,0.0000339813523169,0.000021414260118,0.0000131702463477,0.00000810668825579,0.00000617881414655,0.00000497819155498,0.00000364727952729,0.00000252929680755,0.00000255518580161,0.00000316007162837,0.00000177760068709,8.13153121726e-7,5.40964038009e-7,4.86182841541e-7,5.61992521853e-7,5.57390478662e-7,4.39296883314e-7,2.03295087431e-7,1.0766787284e-7,6.01600476102e-8,2.00319494326e-8,7.89049448002e-9],"min":[1.22943676256e-24,1.81742429624e-24,1.95853001573e-24,1.091490431e-24,1.84221267247e-24,2.1312274451e-24,3.50753235884e-24,3.32712815285e-24,2.90420029726e-24,2.61675023023e-24,2.48623201017e-24,1.83938638106e-24,4.06074631217e-24,3.17603111557e-24,2.86476099908e-24,2.1714857781e-24,1.93252482155e-24,4.0799795299e-24,3.77490532418e-24,3.48352692706e-24,4.2114463552e-24,3.57226786244e-24,3.5492291797e-24,4.81355706289e-24,4.00046708382e-24,4.23553895611e-24,4.85688288152e-24,4.8854061197e-24,6.02472400409e-24,5.65899664995e-24,4.75299305575e-24,5.72357280365e-24,6.07426210236e-24,6.49355271754e-24,6.44086351439e-24,5.54113925299e-24,5.67678861881e-24,5.73022290108e-24,7.40116243254e-24,6.85151334164e-24],"var":[0.0000182669482456,0.000011163068848,0.00000252997074313,0.00000117319530091,9.39071583161e-7,0.0000022187587092,0.00000263345532403,5.83384007768e-7,8.14856022657e-8,3.13337231717e-8,3.17994555132e-8,5.10120976571e-8,1.10755600247e-8,1.40509932578e-8,1.116420556e-8,3.89469390072e-9,2.13324780063e-9,3.39079408995e-9,1.14071263546e-9,4.42850728311e-10,2.30911428867e-10,1.66702901483e-10,1.02700875582e-10,1.29627752976e-10,1.98207297797e-10,1.3605142013e-10,3.79018795515e-11,2.630299277e-11,1.17218422468e-11,1.50664788805e-12,6.11671087045e-13,7.01106924253e-13,1.07886215153e-12,1.23783513821e-12,6.74493176155e-13,6.93890474593e-14,2.28505162383e-14,1.1548475155e-14,2.40147668359e-15,1.45629718171e-15]},"melbands_crest":{"dmean":4.92091321945,"dmean2":8.35191726685,"dvar":17.228553772,"dvar2":46.7723045349,"max":38.5939559937,"mean":14.6912384033,"median":13.6247940063,"min":1.29801571369,"var":31.6464595795},"melbands_flatness_db":{"dmean":0.0279859062284,"dmean2":0.0458200126886,"dvar":0.000580094754696,"dvar2":0.00150454021059,"max":0.586618483067,"mean":0.227712333202,"median":0.225678041577,"min":0.000404648075346,"var":0.00236346991733},"melbands_kurtosis":{"dmean":5.52379417419,"dmean2":8.99970912933,"dvar":1378.04724121,"dvar2":3669.02075195,"max":2487.31347656,"mean":8.02768611908,"median":4.92692899704,"min":-1.71112799644,"var":1516.2734375},"melbands_skewness":{"dmean":0.68396538496,"dmean2":1.1134198904,"dvar":0.65729033947,"dvar2":1.66145181656,"max":39.7197036743,"mean":2.18449950218,"median":2.00885891914,"min":-0.700594902039,"var":1.57127642632},"melbands_spread":{"dmean":5.29934692383,"dmean2":8.63151454926,"dvar":26.2406272888,"dvar2":65.5702133179,"max":201.164154053,"mean":19.5506629944,"median":17.2358703613,"min":0.155370458961,"var":211.395477295},"mfcc":{"cov":[[11043.6923828,1470.37475586,-745.894287109,597.047424316,-323.363494873,326.793945312,-230.991333008,136.934585571,-279.527130127,192.224502563,-180.539794922,5.07452058792,-24.6419029236],[1470.37475586,910.407897949,-128.757202148,-22.788143158,-26.4602146149,56.0312767029,-60.1178741455,-18.397359848,-21.4538459778,1.05688035488,-24.4501857758,-7.44146633148,23.453163147],[-745.894287109,-128.757202148,268.345672607,-67.2677536011,68.4163513184,-56.7297019958,3.05279660225,-23.7392196655,13.0680303574,-23.1359958649,17.8881874084,14.7935094833,0.103359282017],[597.047424316,-22.788143158,-67.2677536011,241.866165161,-27.6792030334,52.3825836182,20.8558654785,36.5205726624,-40.1904983521,26.3778495789,-15.7651500702,1.43608868122,-3.3312125206],[-323.363494873,-26.4602146149,68.4163513184,-27.6792030334,130.889450073,9.94314098358,50.7480735779,2.08006978035,10.221704483,-22.5619487762,-0.807011425495,-1.13161492348,-8.35676002502],[326.793945312,56.0312767029,-56.7297019958,52.3825836182,9.94314098358,174.063659668,34.3587303162,55.6382293701,-14.5765256882,-3.40741443634,-19.0549488068,-19.5575237274,-0.12084415555],[-230.991333008,-60.1178741455,3.05279660225,20.8558654785,50.7480735779,34.3587303162,138.415252686,16.3919887543,25.9710330963,-10.0737915039,-8.86757183075,-15.6382961273,-1.03214609623],[136.934585571,-18.397359848,-23.7392196655,36.5205726624,2.08006978035,55.6382293701,16.3919887543,90.4876861572,4.18545103073,12.6772975922,-9.55073738098,-4.24162149429,-15.7626285553],[-279.527130127,-21.4538459778,13.0680303574,-40.1904983521,10.221704483,-14.5765256882,25.9710330963,4.18545103073,68.68409729,8.69287586212,18.6205749512,-7.00027561188,6.52912807465],[192.224502563,1.05688035488,-23.1359958649,26.3778495789,-22.5619487762,-3.40741443634,-10.0737915039,12.6772975922,8.69287586212,67.2810668945,9.3074092865,19.5431613922,2.063560009],[-180.539794922,-24.4501857758,17.8881874084,-15.7651500702,-0.807011425495,-19.0549488068,-8.86757183075,-9.55073738098,18.6205749512,9.3074092865,59.5178604126,17.8835487366,18.2571048737],[5.07452058792,-7.44146633148,14.7935094833,1.43608868122,-1.13161492348,-19.5575237274,-15.6382961273,-4.24162149429,-7.00027561188,19.5431613922,17.8835487366,57.6451301575,17.0782146454],[-24.6419029236,23.453163147,0.103359282017,-3.3312125206,-8.35676002502,-0.12084415555,-1.03214609623,-15.7626285553,6.52912807465,2.063560009,18.2571048737,17.0782146454,52.5247764587]],"icov":[[0.000177956331754,-0.000236722888076,0.000203974515898,-0.000268336734734,0.0000991705092019,-0.0000765790755395,0.000144724341226,-0.0000710804160917,0.000347081775544,-0.000338879704941,0.00022585230181,-0.0000142274338941,0.0000651748341625],[-0.000236722888076,0.00162959645968,0.000386717030779,0.00064435438253,-0.000471410166938,-0.000385087507311,0.000549057964236,0.000554220634513,-0.000447380967671,0.000326852314174,0.000346172077116,0.000135873866384,-0.000819105887786],[0.000203974515898,0.000386717030779,0.00557860871777,0.000429904699558,-0.00256614340469,0.00101173995063,0.000868852424901,0.000140435295179,0.00027141495957,0.000744142511394,-0.000223914597882,-0.00100148923229,-0.0000669377113809],[-0.000268336734734,0.00064435438253,0.000429904699558,0.0063408985734,0.000702689052559,-0.000366264459444,-0.00197806581855,-0.00140562548768,0.00391185097396,-0.00199206243269,-0.000479905953398,0.000626326771453,-0.000806879776064],[0.0000991705092019,-0.000471410166938,-0.00256614340469,0.000702689052559,0.0115240849555,-0.00116786325816,-0.00411560153589,0.0000120675840662,0.0000471050771012,0.0023563390132,-0.000336825585691,-0.00223387219012,0.00280517223291],[-0.0000765790755395,-0.000385087507311,0.00101173995063,-0.000366264459444,-0.00116786325816,0.00916641950607,-0.00162254786119,-0.00543385883793,0.0027389943134,0.000414324313169,0.000135424328619,0.00302303046919,-0.00310324598104],[0.000144724341226,0.000549057964236,0.000868852424901,-0.00197806581855,-0.00411560153589,-0.00162254786119,0.0111598102376,0.000192420236999,-0.00511414697394,0.000891870760825,0.00256592687219,0.000957039708737,-0.00128830678295],[-0.0000710804160917,0.000554220634513,0.000140435295179,-0.00140562548768,0.0000120675840662,-0.00543385883793,0.000192420236999,0.0165764801204,-0.00406468473375,-0.00166821631137,0.00109502358828,-0.0024132844992,0.0055723967962],[0.000347081775544,-0.000447380967671,0.00027141495957,0.00391185097396,0.0000471050771012,0.0027389943134,-0.00511414697394,-0.00406468473375,0.0244714133441,-0.00653515802696,-0.00641516409814,0.00723346509039,-0.00360361859202],[-0.000338879704941,0.000326852314174,0.000744142511394,-0.00199206243269,0.0023563390132,0.000414324313169,0.000891870760825,-0.00166821631137,-0.00653515802696,0.0214386507869,-0.00123643700499,-0.0081888763234,0.00252245366573],[0.00022585230181,0.000346172077116,-0.000223914597882,-0.000479905953398,-0.000336825585691,0.000135424328619,0.00256592687219,0.00109502358828,-0.00641516409814,-0.00123643700499,0.0235805567354,-0.00515753775835,-0.00542625319213],[-0.0000142274338941,0.000135873866384,-0.00100148923229,0.000626326771453,-0.00223387219012,0.00302303046919,0.000957039708737,-0.0024132844992,0.00723346509039,-0.0081888763234,-0.00515753775835,0.0264322459698,-0.00845859199762],[0.0000651748341625,-0.000819105887786,-0.0000669377113809,-0.000806879776064,0.00280517223291,-0.00310324598104,-0.00128830678295,0.0055723967962,-0.00360361859202,0.00252245366573,-0.00542625319213,-0.00845859199762,0.0264552738518]],"mean":[-659.213317871,160.874145508,-18.1008834839,22.3823356628,-0.0196082051843,23.5498809814,-2.10753083229,9.3540430069,-6.60930252075,8.9597158432,-3.90716075897,2.62942481041,3.50427484512]},"pitch_salience":{"dmean":0.0791160538793,"dmean2":0.133217483759,"dvar":0.00462566874921,"dvar2":0.0128131797537,"max":0.995650827885,"mean":0.59294372797,"median":0.605924963951,"min":0.0414515845478,"var":0.009332889691},"silence_rate_20dB":{"dmean":0,"dmean2":0,"dvar":0,"dvar2":0,"max":1,"mean":1,"median":1,"min":1,"var":0},"silence_rate_30dB":{"dmean":0.0437542498112,"dmean2":0.0875184237957,"dvar":0.0418401733041,"dvar2":0.102067306638,"max":1,"mean":0.962484419346,"median":1,"min":0,"var":0.0361051596701},"silence_rate_60dB":{"dmean":0.00385400140658,"dmean2":0.00770887639374,"dvar":0.00383954774588,"dvar2":0.00810447521508,"max":1,"mean":0.0766179338098,"median":0,"min":0,"var":0.0707448795438},"spectral_centroid":{"dmean":172.03074646,"dmean2":270.369812012,"dvar":37810.828125,"dvar2":79489.1328125,"max":11612.6015625,"mean":1055.76367188,"median":931.516418457,"min":151.627304077,"var":737655.75},"spectral_complexity":{"dmean":3.31194734573,"dmean2":5.09443378448,"dvar":9.97293186188,"dvar2":20.3724880219,"max":57,"mean":22.3137264252,"median":24,"min":0,"var":83.7959289551},"spectral_contrast_coeffs":{"dmean":[0.0581659376621,0.0502327755094,0.0359111353755,0.0254613552243,0.018316321075,0.0347023233771],"dmean2":[0.0967697873712,0.0835389196873,0.0612204559147,0.0432293973863,0.0306535530835,0.0544611290097],"dvar":[0.00204523117281,0.00156198604964,0.000796544482,0.000400716351578,0.000226080417633,0.000863709836267],"dvar2":[0.0057017323561,0.00423592841253,0.00224350788631,0.00112729670946,0.000618332531303,0.00216204929166],"max":[-0.380304276943,-0.483984529972,-0.607899367809,-0.644329786301,-0.680793881416,-0.535104751587],"mean":[-0.678812980652,-0.760457396507,-0.807402551174,-0.819619596004,-0.819493830204,-0.736634612083],"median":[-0.677640199661,-0.765046358109,-0.807178199291,-0.81830483675,-0.817533612251,-0.732004642487],"min":[-0.980056107044,-0.994805693626,-0.994547069073,-0.992930352688,-0.967296421528,-0.98663765192],"var":[0.00629705842584,0.00507756648585,0.00209283363074,0.00117363675963,0.000830971519463,0.00368651957251]},"spectral_contrast_valleys":{"dmean":[0.406886726618,0.35437387228,0.293611675501,0.240054771304,0.220021575689,0.509557962418],"dmean2":[0.665707051754,0.5777374506,0.475363403559,0.377242267132,0.320384502411,0.789622962475],"dvar":[0.113418191671,0.0934475958347,0.0720020234585,0.0630643516779,0.0744671374559,0.199695706367],"dvar2":[0.270139098167,0.217614293098,0.148789748549,0.120716914535,0.126539453864,0.498122364283],"max":[-5.07976198196,-4.40955352783,-5.20848369598,-5.70714330673,-5.91156148911,-9.08004188538],"mean":[-6.94333457947,-6.55837678909,-6.8702917099,-7.14309024811,-7.79830169678,-11.2925138474],"median":[-6.577729702,-6.24371862411,-6.47524261475,-6.70932674408,-7.36177396774,-10.9962625504],"min":[-28.0905799866,-27.9368286133,-27.682258606,-27.5947132111,-27.5914745331,-27.3981494904],"var":[4.06080150604,3.95835995674,3.78750896454,3.77801704407,3.73923230171,2.73981618881]},"spectral_decrease":{"dmean":4.09530631629e-9,"dmean2":6.43879083384e-9,"dvar":2.74390615717e-17,"dvar2":6.70540662502e-17,"max":9.94579529845e-10,"mean":-8.0910158573e-9,"median":-6.29569729682e-9,"min":-5.46944995961e-8,"var":4.90150868139e-17},"spectral_energy":{"dmean":0.0164293646812,"dmean2":0.0253924317658,"dvar":0.000432530097896,"dvar2":0.00102349091321,"max":0.231646224856,"mean":0.0448662824929,"median":0.0390101894736,"min":1.00658421285e-20,"var":0.0010016557062},"spectral_energyband_high":{"dmean":0.000514049781486,"dmean2":0.000706229999196,"dvar":9.92337390926e-7,"dvar2":0.00000203661988962,"max":0.0372143089771,"mean":0.00156063935719,"median":0.00120056408923,"min":7.03941283378e-21,"var":0.00000307116351905},"spectral_energyband_low":{"dmean":0.0119069255888,"dmean2":0.0197361297905,"dvar":0.00030304476968,"dvar2":0.000785083975643,"max":0.186098992825,"mean":0.0168128758669,"median":0.0115159293637,"min":1.87465410388e-23,"var":0.000338634679792},"spectral_energyband_middle_high":{"dmean":0.00162344763521,"dmean2":0.00248290109448,"dvar":0.00000331414116772,"dvar2":0.00000765747972764,"max":0.0384474024177,"mean":0.00572900101542,"median":0.00557078840211,"min":1.1476176793e-21,"var":0.0000134414358399},"spectral_energyband_middle_low":{"dmean":0.00610589701682,"dmean2":0.00958072580397,"dvar":0.0000719818635844,"dvar2":0.000169659309904,"max":0.177514672279,"mean":0.0149965910241,"median":0.010523003526,"min":1.50822859206e-22,"var":0.000235648403759},"spectral_entropy":{"dmean":0.128456488252,"dmean2":0.199313461781,"dvar":0.0166986640543,"dvar2":0.0377177558839,"max":9.82374000549,"mean":7.57456254959,"median":7.60334444046,"min":5.40950918198,"var":0.104505836964},"spectral_flux":{"dmean":0.0273799151182,"dmean2":0.0433168932796,"dvar":0.000980910030194,"dvar2":0.00218912307173,"max":0.381587475538,"mean":0.119595676661,"median":0.117478355765,"min":6.52364481879e-11,"var":0.00305331475101},"spectral_kurtosis":{"dmean":3.23327589035,"dmean2":4.97075414658,"dvar":18.5124740601,"dvar2":43.3466835022,"max":96.6376342773,"mean":19.8176460266,"median":18.5666942596,"min":-1.25383877754,"var":59.8080787659},"spectral_rms":{"dmean":0.00110676360782,"dmean2":0.00167376874015,"dvar":0.00000134817082653,"dvar2":0.00000304933814732,"max":0.0150331743062,"mean":0.00610878551379,"median":0.00616917526349,"min":3.13374109648e-12,"var":0.00000645468662697},"spectral_rolloff":{"dmean":6551.33251953,"dmean2":12415.5410156,"dvar":64995628,"dvar2":146704544,"max":22050,"mean":12552.3242188,"median":18540.0878906,"min":64.599609375,"var":84259888},"spectral_skewness":{"dmean":0.255728721619,"dmean2":0.391414433718,"dvar":0.0830212533474,"dvar2":0.188289880753,"max":8.0039100647,"mean":3.2292072773,"median":3.15788078308,"min":-0.0762825682759,"var":0.406789332628},"spectral_spread":{"dmean":365705.71875,"dmean2":568833.0625,"dvar":296704049152,"dvar2":597517402112,"max":42479992,"mean":4568578,"median":4358856,"min":1743665.125,"var":8014278426620},"spectral_strongpeak":{"dmean":0.832330405712,"dmean2":1.53143131733,"dvar":23.8718662262,"dvar2":67.5509262085,"max":98.0163497925,"mean":0.728196382523,"median":0.189699411392,"min":0,"var":15.5649118423},"zerocrossingrate":{"dmean":0.0334457159042,"dmean2":0.0437154248357,"dvar":0.000733824330382,"dvar2":0.00124250922818,"max":0.5556640625,"mean":0.259728312492,"median":0.25634765625,"min":0.05322265625,"var":0.00391692202538}},"metadata":{"audio_properties":{"analysis_sample_rate":44100,"bit_rate":212315,"codec":"mp3","downmix":"mix","equal_loudness":0,"length":204.827194214,"lossless":false,"md5_encoded":"99605eb3dd1681bea6a43aa44f72bd1e","replay_gain":-1.56256866455,"sample_rate":44100},"tags":{"album":["Modern Life Is Rubbish"],"artist":["Blur"],"date":["1993-05-10"],"file_name":"12 - Blur - Coping.mp3","musicbrainz_albumid":["32716c59-9347-4a32-aadb-ac46bdf27ead"],"musicbrainz_artistid":["ba853904-ae25-4ebb-89d6-c44cfbd71bd2"],"musicbrainz_recordingid":["3aeb8c95-e3de-4dc9-9552-cea714e0cb00"],"title":["Coping"],"tracknumber":["12/14"]},"version":{"essentia":"2.1-beta1","essentia_build_sha":"ca57ba49d9b1854bd80e60cf9ccf267278fb7d6b","essentia_git_sha":"v2.1_beta1-28-g21ef5f4-dirty","extractor":"music 1.0"}},"rhythm":{"beats_count":417,"beats_loudness":{"dmean":0.0242178831249,"dmean2":0.0420565605164,"dvar":0.000474007742014,"dvar2":0.00143812713213,"max":0.157700479031,"mean":0.0592986233532,"median":0.0600526817143,"min":0,"var":0.00102009274997},"beats_loudness_band_ratio":{"dmean":[0.154627621174,0.100930757821,0.0949925929308,0.0438652075827,0.0268387869,0.0622184351087],"dmean2":[0.266564458609,0.181170195341,0.168177053332,0.0771375074983,0.0495334751904,0.111826002598],"dvar":[0.0134571902454,0.011042740196,0.011796602048,0.00153467443306,0.00067532225512,0.00416774628684],"dvar2":[0.039491571486,0.033403173089,0.0321054086089,0.00420005898923,0.00205423729494,0.0124714393169],"max":[0.915377736092,0.644548177719,0.760204136372,0.371888667345,0.30382668972,0.69758105278],"mean":[0.462770789862,0.138203173876,0.11370562017,0.0903017669916,0.0461994558573,0.162716373801],"median":[0.476121038198,0.105393849313,0.0805938467383,0.0801970288157,0.0420051068068,0.154004231095],"min":[0,0,0,0,0,0],"var":[0.0256903227419,0.0118653280661,0.0113367792219,0.00266896048561,0.000682417128701,0.00432308763266]},"beats_position":[0.46439909935,0.952018141747,1.43963718414