{"lowlevel":{"average_loudness":0.779759168625,"barkbands":{"dmean":[0.0000172502823261,0.0012082970934,0.0032374036964,0.000983062782325,0.00228174845688,0.00181230308954,0.00153916305862,0.00082368782023,0.00109378737397,0.000693155452609,0.000618464604486,0.000476345798234,0.000382658618037,0.000323010113789,0.000295297417324,0.00020267481159,0.000162766402354,0.000140066927997,0.000161313058925,0.000124959056848,0.000108436579467,0.000137560738949,0.000132169516291,0.0000787151948316,0.0000491670107294,0.0000586872483836,0.00000577768969379],"dmean2":[0.0000277091057796,0.00192805530969,0.00534465024248,0.00169398274738,0.00377088249661,0.0030924489256,0.00265181926079,0.00136147509329,0.00178279739339,0.00115887809079,0.00099968991708,0.000760840659495,0.000621427141596,0.000516570289619,0.000475548673421,0.000325934641296,0.000265399838099,0.000232549515204,0.000268884934485,0.000206964818062,0.000182068877621,0.00023654155666,0.000224449380767,0.000127736784634,0.0000798009423306,0.0000921637110878,0.00000933657065616],"dvar":[7.1762273901e-10,0.00000620582113697,0.0000882154199644,0.00000514716884936,0.0000149731704369,0.0000207556458918,0.0000196032633539,0.00000551139828531,0.00000837925472297,0.00000396832456317,0.00000420831202064,0.00000224192422138,0.00000137277390877,8.43095733671e-7,5.2904306358e-7,3.16988803206e-7,1.59829525614e-7,1.00506944989e-7,1.35132935952e-7,8.7130210602e-8,9.27670171791e-8,2.25732293302e-7,2.20717154775e-7,4.58582505303e-8,2.22444338505e-8,2.0968771608e-8,2.08805014945e-10],"dvar2":[1.79134285183e-9,0.0000148583803821,0.00022490718402,0.0000143564602695,0.0000388671833207,0.0000563831927138,0.0000538031854376,0.0000135804893944,0.0000214480151044,0.0000100707020465,0.00000988098599919,0.00000531575824425,0.00000300206988868,0.00000206094864552,0.00000123440747757,7.36039737603e-7,4.00076004325e-7,2.61284242242e-7,3.5530928244e-7,2.35624952438e-7,2.5347975452e-7,6.37227856259e-7,6.18668821062e-7,1.20991487051e-7,5.714820972e-8,5.31074455523e-8,5.32862975966e-10],"max":[0.000406751176342,0.0367297045887,0.179291725159,0.0582469403744,0.0665753781796,0.101322628558,0.1110175699,0.0842184349895,0.0755215138197,0.0773753970861,0.0715541914105,0.0438537374139,0.0443702377379,0.0263606570661,0.0203253161162,0.0173286851496,0.0209369137883,0.00963956676424,0.00975558441132,0.00878826808184,0.004701344762,0.00757454941049,0.00760243320838,0.00298986071721,0.00682774698362,0.0018920727307,0.000245399336563],"mean":[0.0000275090005744,0.00191024271771,0.00333359115757,0.00123483710922,0.00378584023565,0.0023244463373,0.00175723293796,0.00113003677689,0.0015776475193,0.000909691385459,0.000895217410289,0.000741919968277,0.000520483823493,0.000453466636827,0.000449496728834,0.000328979833284,0.000270102726063,0.000215818814468,0.000252159283264,0.000199104048079,0.000162379350513,0.000187581943464,0.000165712423041,0.000118434312753,0.0000727112055756,0.0000683170219418,0.00000616214174443],"median":[0.0000114376516649,0.000899881473742,0.00080781977158,0.000542930327356,0.00230231764726,0.000934781040996,0.000468920654384,0.000272690376732,0.000391899695387,0.000202143477509,0.000159748160513,0.000140232994454,0.000117817413411,0.000102377474832,0.00011567454203,0.0000814747618278,0.0000836559047457,0.0000754022112233,0.0000901354214875,0.0000727525475668,0.0000620796636213,0.0000690388260409,0.0000454492510471,0.0000347100940417,0.0000196633536689,0.0000132617287818,8.37842435431e-7],"min":[3.01822028034e-24,8.64147502319e-24,3.78684591727e-24,1.35105446224e-23,3.63203866994e-23,1.49699846287e-23,2.01731549651e-23,2.72663808101e-23,3.366655764e-23,2.01062248505e-23,4.14692565842e-23,2.07878117166e-23,5.54011523265e-23,9.30171263113e-23,5.65675305065e-23,5.55719186244e-23,1.57193056166e-22,1.6251732454e-22,2.15524877242e-22,2.34008632936e-22,3.00570040302e-22,4.13275594952e-22,4.44091127239e-22,7.16965662176e-22,9.11741957754e-22,1.38746986566e-21,2.25753058413e-21],"var":[1.67368074955e-9,0.00000910100243345,0.0000720261086826,0.0000053160238167,0.0000258708041656,0.0000223255919991,0.0000184042892215,0.0000111518938866,0.0000145851327034,0.00000680071161696,0.00000854731024447,0.00000583221799388,0.00000231799231187,0.00000136756682423,0.0000010449742831,7.21420803984e-7,3.19755429246e-7,1.79747701168e-7,2.24465736665e-7,1.24020502312e-7,9.84880443866e-8,1.85467044389e-7,1.80359904789e-7,5.50610081973e-8,2.94981425952e-8,2.22247251713e-8,2.10296974279e-10]},"barkbands_crest":{"dmean":2.76177120209,"dmean2":4.56032466888,"dvar":6.59728765488,"dvar2":17.1500167847,"max":26.4771385193,"mean":9.97614955902,"median":8.98500919342,"min":2.16304087639,"var":18.0103321075},"barkbands_flatness_db":{"dmean":0.0219598226249,"dmean2":0.0336336828768,"dvar":0.000487066456117,"dvar2":0.00109368865378,"max":0.444340407848,"mean":0.131543576717,"median":0.118332229555,"min":0.0278619192541,"var":0.00342612364329},"barkbands_kurtosis":{"dmean":3.81571578979,"dmean2":5.96265506744,"dvar":79.4111557007,"dvar2":184.508544922,"max":337.953277588,"mean":5.99223327637,"median":2.4166469574,"min":-1.92235457897,"var":170.753433228},"barkbands_skewness":{"dmean":0.586369991302,"dmean2":0.892812371254,"dvar":0.483649492264,"dvar2":1.08829188347,"max":16.8989086151,"mean":1.67088675499,"median":1.46742379665,"min":-2.3386349678,"var":1.83491659164},"barkbands_spread":{"dmean":5.46300601959,"dmean2":8.58889579773,"dvar":45.3746337891,"dvar2":105.414863586,"max":136.933547974,"mean":20.1942882538,"median":18.1864776611,"min":0.251254498959,"var":163.869491577},"dissonance":{"dmean":0.0235099662095,"dmean2":0.0394208580256,"dvar":0.000587061222177,"dvar2":0.00156847317703,"max":0.500000178814,"mean":0.452308893204,"median":0.466054558754,"min":0.150224581361,"var":0.00206246064045},"dynamic_complexity":4.37706565857,"erbbands":{"dmean":[0.0176866874099,0.380631059408,3.22092747688,3.35664892197,4.92650699615,9.26619434357,11.3412284851,16.3282966614,19.2880058289,21.691986084,18.7538471222,23.5085868835,23.4916400909,21.8018760681,22.8252239227,17.8219604492,16.7769927979,14.4926834106,14.890042305,13.7069654465,9.67051315308,8.50720691681,7.14346027374,7.49978733063,7.60827302933,5.73912811279,4.46818590164,4.51412391663,4.84074115753,4.65496206284,3.5684967041,2.03434872627,1.13832437992,0.653345286846,0.299715220928,0.21815854311,0.117379181087,0.022757936269,0.000518739572726,0.0000249209842877],"dmean2":[0.028063422069,0.608032882214,5.23596858978,5.62911748886,8.20889091492,15.3849067688,18.9770336151,28.1187000275,33.1885490417,37.0605163574,30.6465091705,38.2171707153,39.1651000977,35.8216400146,36.059928894,28.4836082458,27.0338363647,23.1002521515,23.9254665375,22.1914424896,15.5717639923,13.7995615005,11.720164299,12.6353788376,12.5033950806,9.46713829041,7.49985218048,7.64767932892,8.30992507935,7.95933103561,6.029047966,3.32126045227,1.85604536533,1.07522106171,0.483710587025,0.351437985897,0.184153333306,0.035820979625,0.000820243032649,0.0000386830288335],"dvar":[0.00084794947179,0.747520685196,84.975944519,68.5646820068,86.2657546997,291.881622314,547.54095459,2052.13720703,3022.25317383,3830.50268555,2566.88964844,4259.48730469,4369.05517578,3704.82885742,6103.56835938,3542.46948242,2376.40087891,1740.67834473,1534.8963623,1267.60693359,697.816833496,482.370666504,259.008758545,328.438659668,329.686981201,195.409927368,143.651779175,189.174255371,260.550628662,272.689605713,165.613296509,33.4912948608,10.4935979843,4.14344978333,0.746230363846,0.322094917297,0.0828083902597,0.00300681125373,0.00000160266324656,3.20234549989e-9],"dvar2":[0.00209645251743,1.80003356934,212.747756958,181.597412109,229.923461914,759.176818848,1467.43859863,5587.96728516,8297.86621094,10215.5380859,6425.57617188,10705.8046875,11576.7841797,9372.86035156,13782.2675781,8568.71484375,5399.59179688,4249.60253906,3771.11572266,2980.61889648,1657.3873291,1253.58410645,670.696105957,883.487365723,857.604553223,523.445922852,386.257171631,525.061157227,733.244384766,766.377258301,464.841186523,89.8969650269,27.6816215515,10.6022806168,1.92447137833,0.832799494267,0.207394257188,0.00753764621913,0.00000403556123274,8.0728863594e-9],"max":[0.487011522055,14.4797973633,172.692138672,131.200302124,241.755462646,377.200408936,559.859924316,954.682922363,1475.78833008,1012.03613281,1636.94396973,1490.94689941,1752.68823242,2460.67504883,3405.79858398,2149.98974609,1535.82849121,1653.37658691,1138.36230469,979.977905273,923.48260498,1285.82055664,420.030853271,621.088134766,684.732849121,550.905700684,207.086807251,252.638946533,261.759674072,258.964202881,250.469772339,94.8887634277,63.2928771973,100.430664063,28.1223182678,9.65917396545,3.46983265877,0.688528478146,0.0161251667887,0.00107702845708],"mean":[0.0328657887876,0.549575269222,3.43021130562,4.11709070206,7.39554977417,14.2780218124,16.2162265778,20.0160312653,23.1171512604,26.0044002533,27.6817455292,33.9105415344,32.4483985901,31.960357666,34.7928123474,29.6679439545,25.0776348114,22.5571231842,24.1059932709,22.3709621429,17.4936523438,15.2461919785,12.3359479904,11.631023407,12.9124584198,9.54358959198,6.84836816788,6.43805360794,6.65791654587,5.91995382309,4.51186466217,2.93368601799,1.69232785702,0.941152632236,0.443503677845,0.263637751341,0.133651539683,0.0263063069433,0.000604589586146,0.0000451857049484],"median":[0.0175422765315,0.232111558318,0.888178706169,1.83367788792,4.13094186783,7.57116413116,7.67675590515,7.34303379059,7.13972234726,7.36095237732,8.1108789444,9.25777244568,7.63156890869,8.84690189362,8.13297367096,6.52827978134,6.46412420273,5.72971773148,6.60528373718,5.81952810287,4.90759038925,5.01139736176,4.7484254837,4.4157128334,4.82393836975,3.4943883419,2.62235760689,2.39972710609,2.41810035706,1.97003996372,1.18782758713,0.829425811768,0.477351307869,0.245975419879,0.123457163572,0.0604806244373,0.0241089425981,0.00434462307021,0.000109691420221,0.0000287963139272],"min":[1.02399004881e-22,2.63216928655e-21,6.47885296983e-21,5.38480975528e-20,1.23879964403e-19,1.13183485107e-19,1.12664687767e-19,1.25082930583e-19,2.09252797211e-19,4.69516659575e-19,1.04341865277e-18,9.67320414558e-19,6.05080653529e-19,1.08477902757e-18,1.81818165709e-18,9.31524276948e-19,3.01356021262e-18,3.82132213991e-18,3.79096750656e-18,2.54054132203e-18,3.86296696144e-18,7.95363854754e-18,7.62957317178e-18,8.33268082835e-18,9.17103499662e-18,1.00342368433e-17,1.29784025996e-17,1.53384332596e-17,1.59427035863e-17,1.37139249828e-17,1.21842504817e-17,9.96045977729e-18,1.17089161058e-17,1.07225478931e-17,6.82312915e-18,4.89203092865e-18,2.51267236642e-18,1.03980563125e-18,2.96533703047e-19,3.0206532476e-20],"var":[0.00193034322001,0.952738463879,73.2998733521,60.9867401123,114.626296997,490.328125,800.688415527,2060.36743164,3090.37084961,4102.81542969,5736.01123047,7212.56201172,6894.29833984,6995.62695313,10665.7353516,9558.23144531,4413.76904297,3130.11889648,3025.91430664,2529.57788086,1787.63098145,972.138671875,533.36517334,436.188934326,620.339355469,290.246490479,167.716522217,179.853347778,223.433822632,216.596740723,136.027648926,36.7466125488,12.5680427551,5.2823972702,1.00319230556,0.33937984705,0.08737475425,0.00330280489288,0.000001732437795,3.69424024704e-9]},"erbbands_crest":{"dmean":3.06361889839,"dmean2":4.95522689819,"dvar":8.79136753082,"dvar2":21.0836467743,"max":33.4409446716,"mean":10.0208110809,"median":8.52537059784,"min":2.06111979485,"var":29.5717277527},"erbbands_flatness_db":{"dmean":0.0193620901555,"dmean2":0.0275863949209,"dvar":0.000376468058676,"dvar2":0.000698190007824,"max":0.464724868536,"mean":0.151973634958,"median":0.144166395068,"min":0.0242962632328,"var":0.00289461505599},"erbbands_kurtosis":{"dmean":1.61123752594,"dmean2":2.51553320885,"dvar":14.847120285,"dvar2":30.6068000793,"max":154.120071411,"mean":1.68339335918,"median":0.150669753551,"min":-1.82174634933,"var":37.8251075745},"erbbands_skewness":{"dmean":0.423308640718,"dmean2":0.650058686733,"dvar":0.194016888738,"dvar2":0.425980865955,"max":10.4263305664,"mean":0.666985630989,"median":0.55679833889,"min":-2.96398878098,"var":0.934503495693},"erbbands_spread":{"dmean":8.87507534027,"dmean2":13.2629671097,"dvar":92.8981628418,"dvar2":196.019790649,"max":133.503295898,"mean":38.6263122559,"median":35.6856422424,"min":0.621396660805,"var":453.581726074},"gfcc":{"cov":[[16713.6191406,-1100.96179199,-533.135559082,814.760009766,319.160247803,444.017822266,-503.567138672,63.7508583069,-422.681121826,45.3439025879,-453.563354492,71.6810836792,-211.74520874],[-1100.96179199,1194.61950684,103.761070251,-35.1963119507,167.278182983,-4.95274209976,173.181030273,-50.3215408325,78.4154281616,-79.2057571411,68.3313827515,-67.9255065918,61.7293128967],[-533.135559082,103.761070251,791.124450684,177.787536621,85.6528396606,49.0526924133,42.980266571,12.0360851288,15.8083343506,-15.6723661423,-43.0492515564,6.73410224915,-46.7370223999],[814.760009766,-35.1963119507,177.787536621,494.682495117,224.570877075,56.0072784424,-35.5365409851,30.0462932587,10.8023052216,7.93357086182,-26.8648529053,-7.90853261948,6.27391862869],[319.160247803,167.278182983,85.6528396606,224.570877075,390.442047119,107.892311096,37.9287109375,9.56568241119,-3.26398611069,10.0026807785,-19.9538249969,-17.7681446075,-0.292361468077],[444.017822266,-4.95274209976,49.0526924133,56.0072784424,107.892311096,232.768997192,100.231552124,14.5034227371,-34.6207008362,6.12314748764,-4.36057329178,-15.3175706863,-13.9321527481],[-503.567138672,173.181030273,42.980266571,-35.5365409851,37.9287109375,100.231552124,194.804656982,40.4261474609,7.53991174698,-2.43141698837,19.5669288635,-18.7526187897,-4.35445213318],[63.7508583069,-50.3215408325,12.0360851288,30.0462932587,9.56568241119,14.5034227371,40.4261474609,121.191833496,53.7478485107,17.824388504,-5.92689752579,-6.26851892471,-10.2954530716],[-422.681121826,78.4154281616,15.8083343506,10.8023052216,-3.26398611069,-34.6207008362,7.53991174698,53.7478485107,121.632820129,32.8820075989,10.4301156998,-11.6003637314,7.16223335266],[45.3439025879,-79.2057571411,-15.6723661423,7.93357086182,10.0026807785,6.12314748764,-2.43141698837,17.824388504,32.8820075989,91.9152069092,27.0368041992,-0.396768271923,-13.6177558899],[-453.563354492,68.3313827515,-43.0492515564,-26.8648529053,-19.9538249969,-4.36057329178,19.5669288635,-5.92689752579,10.4301156998,27.0368041992,108.283958435,29.359828949,6.23436594009],[71.6810836792,-67.9255065918,6.73410224915,-7.90853261948,-17.7681446075,-15.3175706863,-18.7526187897,-6.26851892471,-11.6003637314,-0.396768271923,29.359828949,86.4316711426,26.6967506409],[-211.74520874,61.7293128967,-46.7370223999,6.27391862869,-0.292361468077,-13.9321527481,-4.35445213318,-10.2954530716,7.16223335266,-13.6177558899,6.23436594009,26.6967506409,98.7967529297]],"icov":[[0.000143489203765,-0.000210059180972,0.000227350654313,-0.000278943334706,0.000198628389626,-0.000465502904262,0.000580299412832,-0.000424732308602,0.000623589323368,-0.000485436816234,0.000848682539072,-0.00063051370671,0.000485008116812],[-0.000210059180972,0.0022179656662,-0.000638327677734,0.000824181421194,-0.00148070952855,0.00153457722627,-0.00249940995127,0.00228396593593,-0.00277793779969,0.00304523599334,-0.00313805253245,0.00290114223026,-0.00181524909567],[0.000227350654313,-0.000638327677734,0.00198639486916,-0.0011709932005,0.00058729480952,-0.000912942632567,0.000474858126836,-0.000355039868737,0.000586810871027,-0.000782481161878,0.0024691184517,-0.00232135457918,0.00207814993337],[-0.000278943334706,0.000824181421194,-0.0011709932005,0.00392651977018,-0.00238271942362,0.000625445041806,0.000147975311847,-0.000048367146519,-0.00143973249942,0.0014574668603,-0.00232950155623,0.00219365605153,-0.00197397475131],[0.000198628389626,-0.00148070952855,0.00058729480952,-0.00238271942362,0.00498263165355,-0.00238564331084,0.00116836489178,-0.000940097612329,0.00175251567271,-0.00253353896551,0.00288944342174,-0.00195949478075,0.0012827636674],[-0.000465502904262,0.00153457722627,-0.000912942632567,0.000625445041806,-0.00238564331084,0.00889306515455,-0.00612899847329,0.00172588322312,-0.000117113078886,0.00120576261543,-0.00305411103182,0.00317271333188,-0.00176127592567],[0.000580299412832,-0.00249940995127,0.000474858126836,0.000147975311847,0.00116836489178,-0.00612899847329,0.0124405417591,-0.00617847638205,0.00396683672443,-0.00237738690339,0.00222674291581,-0.00185806443915,0.00181054929271],[-0.000424732308602,0.00228396593593,-0.000355039868737,-0.000048367146519,-0.000940097612329,0.00172588322312,-0.00617847638205,0.0150128677487,-0.00913433544338,0.00278956023976,-0.00174367649015,0.00147583323997,-0.000211559134186],[0.000623589323368,-0.00277793779969,0.000586810871027,-0.00143973249942,0.00175251567271,-0.000117113078886,0.00396683672443,-0.00913433544338,0.0177618674934,-0.00829180050641,0.00408646883443,-0.00149625109043,0.000368746463209],[-0.000485436816234,0.00304523599334,-0.000782481161878,0.0014574668603,-0.00253353896551,0.00120576261543,-0.00237738690339,0.00278956023976,-0.00829180050641,0.0185551661998,-0.00876001920551,0.00449020182714,-0.000559243955649],[0.000848682539072,-0.00313805253245,0.0024691184517,-0.00232950155623,0.00288944342174,-0.00305411103182,0.00222674291581,-0.00174367649015,0.00408646883443,-0.00876001920551,0.0195223260671,-0.0107602197677,0.00476190634072],[-0.00063051370671,0.00290114223026,-0.00232135457918,0.00219365605153,-0.00195949478075,0.00317271333188,-0.00185806443915,0.00147583323997,-0.00149625109043,0.00449020182714,-0.0107602197677,0.0205764621496,-0.00804171152413],[0.000485008116812,-0.00181524909567,0.00207814993337,-0.00197397475131,0.0012827636674,-0.00176127592567,0.00181054929271,-0.000211559134186,0.000368746463209,-0.000559243955649,0.00476190634072,-0.00804171152413,0.0149858091027]],"mean":[-22.6436805725,83.7873764038,-105.8647995,22.8976345062,-65.7865600586,9.18298912048,-39.8456726074,4.76055860519,-27.2220783234,2.33136439323,-20.1290302277,3.99316859245,-14.9768533707]},"hfc":{"dmean":8.00833034515,"dmean2":12.8440990448,"dvar":377.314453125,"dvar2":1022.0838623,"max":246.136566162,"mean":19.1858100891,"median":13.5641889572,"min":1.12981105858e-16,"var":489.824554443},"melbands":{"dmean":[0.000232932987274,0.00125842809211,0.000608749047387,0.000501365517266,0.000398817617679,0.000356347591151,0.000308770919219,0.000224263640121,0.000155701651238,0.000153559929458,0.000120017837617,0.0000913934200071,0.0000858904604684,0.0000549065916857,0.0000461077979708,0.000036267156247,0.0000278817096842,0.000026719939342,0.0000212419672607,0.0000164323009813,0.0000118322286653,0.00000958458713285,0.00000869827181305,0.00000680338462189,0.00000653354845781,0.00000645314685244,0.00000521160654898,0.00000375804370378,0.00000308245284941,0.00000266093570644,0.00000278598417935,0.00000283103167931,0.0000028248007311,0.00000268921462521,0.00000231534522754,0.00000153692735694,0.00000119288017686,8.94919821803e-7,6.53732968203e-7,5.41878307558e-7],"dmean2":[0.000374364375602,0.00201932550408,0.00100792851299,0.000827792508062,0.000668133492582,0.000611747382209,0.000532633217517,0.000380142591894,0.000251544144703,0.000250845158007,0.000200478883926,0.000150400912389,0.000137305047247,0.0000854127792991,0.0000748553065932,0.000058446181356,0.0000444796969532,0.0000430479230999,0.0000339057005476,0.0000265272392426,0.000019003122361,0.0000156934984261,0.0000139824969665,0.0000113899741336,0.0000110912824312,0.0000107076693894,0.00000856040696817,0.00000623590085524,0.00000521882429894,0.0000044804510253,0.00000478130459669,0.00000488291334477,0.0000048600527407,0.00000462267053081,0.00000395718689106,0.00000257071201304,0.00000195272014025,0.00000147683579144,0.00000107918629055,8.98982705166e-7],"dvar":[1.79389843424e-7,0.000012206665815,0.00000186120541912,7.62095339724e-7,5.94240702867e-7,9.28168731207e-7,7.89070213614e-7,3.84369656103e-7,1.6404541725e-7,1.84503178957e-7,1.14786423921e-7,6.67447395131e-8,8.5292874985e-8,3.31243086293e-8,2.61113690669e-8,1.21175194323e-8,6.96879398632e-9,5.66893065823e-9,3.3238916064e-9,2.27272467512e-9,1.12704501287e-9,6.54261145261e-10,4.44195569216e-10,2.65038546665e-10,2.81524747958e-10,2.35276881311e-10,1.6082099541e-10,9.30792873333e-11,6.43060119043e-11,5.96956650778e-11,7.43213407484e-11,8.5585281917e-11,9.77880554309e-11,8.89154930239e-11,7.19281509354e-11,2.57082948679e-11,9.96747476223e-12,5.95955880131e-12,4.35514905389e-12,2.95633591392e-12],"dvar2":[4.45209877853e-7,0.0000305200192088,0.00000485119153382,0.0000019811468519,0.00000160068111654,0.00000253061057265,0.00000217108777179,0.0000010030842077,4.07223268439e-7,4.71476397479e-7,3.031605047e-7,1.6754975718e-7,1.94435031631e-7,7.57098632675e-8,6.22091889113e-8,2.78750427185e-8,1.65694480359e-8,1.4047857988e-8,7.65618946019e-9,5.21895415773e-9,2.55574272856e-9,1.69862346411e-9,1.04376551846e-9,7.1464328899e-10,7.61051444087e-10,6.20445361754e-10,4.29624169573e-10,2.47628917371e-10,1.72737713022e-10,1.62988317287e-10,2.07925773821e-10,2.40885228431e-10,2.76589195991e-10,2.49703036026e-10,2.02696900931e-10,7.13045525402e-11,2.6359170055e-11,1.57708568427e-11,1.16893517435e-11,7.39878644462e-12],"max":[0.00545068643987,0.0662717297673,0.0212110318244,0.0184756424278,0.0165618360043,0.0202775541693,0.0238653030246,0.0118256462738,0.0115787275136,0.00945121049881,0.00869407318532,0.0114438943565,0.0107618188486,0.00654508545995,0.00746198929846,0.00479019526392,0.00283516943455,0.00198545190506,0.00156725279521,0.00176377617754,0.00120460160542,0.00116033386439,0.000855745107401,0.000711747503374,0.000644406711217,0.000369233137462,0.000508789264131,0.000336042838171,0.000140273637953,0.000128442188725,0.00016499767662,0.000165512712556,0.0001670995116,0.000136081405799,0.000177132795216,0.000091147790954,0.0000509278652316,0.0000456080852018,0.0000643977546133,0.0000971229746938],"mean":[0.000403254118282,0.00144368130714,0.000805734889582,0.000800087873358,0.000599020801019,0.000443574244855,0.000363574683433,0.000274680496659,0.000229214478168,0.000216986489249,0.000160718089319,0.000127556137159,0.000127245264594,0.0000825632523629,0.0000694926347933,0.0000495186832268,0.0000401255529141,0.0000394311900891,0.0000325829641952,0.0000249656714004,0.0000193850009964,0.000015455076209,0.0000137779243232,0.0000100424595075,0.00000909050777409,0.000010121520063,0.00000827978601592,0.00000568146060687,0.0000044166358748,0.0000036615983845,0.00000375484046344,0.00000379538664674,0.00000356443911187,0.00000323975314132,0.00000277574645224,0.00000205534115594,0.00000168203200701,0.00000127064527078,9.1007541414e-7,7.49827677282e-7],"median":[0.000209953650483,0.000460067472886,0.000411154614994,0.000473375810543,0.00030531239463,0.000166799916769,0.000109874708869,0.0000752541454858,0.0000632846276858,0.0000526233525306,0.0000329418180627,0.0000320603649016,0.0000258406489593,0.0000156235764734,0.0000136284088512,0.0000113361538752,0.00000870885924087,0.00000901183557289,0.00000770808401285,0.00000598020051257,0.00000508377434016,0.00000453279199064,0.00000417780256612,0.00000344373279404,0.00000313077975989,0.00000348678508999,0.00000288659430225,0.00000188111914667,0.00000153133953518,0.0000012476974689,0.00000132021978061,0.00000130379123675,0.00000119039759738,9.85622250482e-7,7.08410425432e-7,5.10288259647e-7,4.68882376481e-7,3.48731447275e-7,2.30103083254e-7,1.87924641182e-7],"min":[2.201836807e-24,2.88913463169e-24,8.96900454901e-24,8.95702964047e-24,4.69581917835e-24,2.77255183673e-24,4.15261744762e-24,5.00544787251e-24,8.18523179663e-24,5.53128638028e-24,1.957479253e-24,4.28149957017e-24,5.70187242344e-24,1.87749467367e-24,4.59855696747e-24,5.54936036691e-24,8.04669362217e-24,7.03459454711e-24,4.05293146161e-24,3.31541672385e-24,4.2591365468e-24,8.28715183672e-24,3.82581485713e-24,8.32793200121e-24,6.22901807373e-24,7.67150979793e-24,5.46333587406e-24,7.00593917472e-24,8.55480445325e-24,5.73236189743e-24,8.31949040067e-24,9.2178641322e-24,5.47972722038e-24,8.66700571752e-24,6.90435440051e-24,6.19602199422e-24,5.62449700155e-24,8.78005421841e-24,6.29026168454e-24,9.06661898628e-24],"var":[3.12464436547e-7,0.0000111355684567,0.00000184209170584,0.00000123161555621,9.19759884255e-7,9.43635200201e-7,7.62822594425e-7,4.66627255946e-7,3.76509063926e-7,3.07450733317e-7,1.8099521526e-7,1.2338583133e-7,1.63946722864e-7,7.33322380597e-8,5.84284833849e-8,1.98891871861e-8,1.16960814367e-8,1.02532045076e-8,6.34592289828e-9,4.12097467262e-9,2.64344746093e-9,1.17457010784e-9,9.51010825645e-10,4.50156634191e-10,3.33786998041e-10,4.03208716415e-10,2.67362076922e-10,1.26714708171e-10,7.7174981683e-11,6.06328043329e-11,6.79437200946e-11,7.46274222974e-11,7.65125462987e-11,6.97308114028e-11,5.64065461006e-11,2.39972538368e-11,1.13776184654e-11,6.95518512575e-12,4.83434559745e-12,3.8304294632e-12]},"melbands_crest":{"dmean":3.5518348217,"dmean2":5.78652000427,"dvar":11.721364975,"dvar2":28.9706840515,"max":36.6403923035,"mean":13.3271093369,"median":12.1304531097,"min":1.71299743652,"var":28.9840507507},"melbands_flatness_db":{"dmean":0.0261625293642,"dmean2":0.0398775748909,"dvar":0.000746642297599,"dvar2":0.00164875830524,"max":0.591505348682,"mean":0.198254048824,"median":0.18429364264,"min":0.0051207812503,"var":0.00518012326211},"melbands_kurtosis":{"dmean":8.4160900116,"dmean2":13.2285194397,"dvar":380.12677002,"dvar2":931.431396484,"max":480.458557129,"mean":14.8970031738,"median":7.893014431,"min":-1.76063466072,"var":637.527160645},"melbands_skewness":{"dmean":0.778011798859,"dmean2":1.17469549179,"dvar":0.848470032215,"dvar2":1.93399953842,"max":16.000793457,"mean":2.53510189056,"median":2.31604981422,"min":-1.43577897549,"var":3.09090328217},"melbands_spread":{"dmean":6.27262353897,"dmean2":9.80655765533,"dvar":77.6807937622,"dvar2":168.780670166,"max":205.018005371,"mean":21.07604599,"median":18.0111045837,"min":0.533378958702,"var":255.627532959},"mfcc":{"cov":[[12812.9619141,-863.756835938,-603.56048584,266.963409424,346.835845947,385.199829102,52.2795639038,112.518745422,-18.6745586395,16.0822181702,-187.258880615,-191.636062622,-121.158218384],[-863.756835938,1114.31115723,50.1516876221,12.1445140839,11.8359622955,70.6542434692,84.6443023682,66.0702362061,24.1885242462,7.34502840042,15.1920022964,9.40227985382,-5.17794847488],[-603.56048584,50.1516876221,601.898254395,102.946815491,43.2341079712,26.6284103394,19.5774936676,41.4251327515,31.2345733643,3.7030479908,11.5511255264,28.3656101227,-11.2161874771],[266.963409424,12.1445140839,102.946815491,358.539337158,204.334594727,66.3313827515,6.76218891144,22.6941165924,38.0759849548,12.7675991058,-6.98978996277,12.5382699966,19.2832641602],[346.835845947,11.8359622955,43.2341079712,204.334594727,290.819488525,110.075012207,33.4376945496,23.5208091736,32.2853775024,19.8768253326,-4.78341913223,4.37809658051,8.0090045929],[385.199829102,70.6542434692,26.6284103394,66.3313827515,110.075012207,218.367660522,127.237686157,41.6695175171,23.4038562775,10.9717197418,7.81601190567,-2.48827695847,-13.9543104172],[52.2795639038,84.6443023682,19.5774936676,6.76218891144,33.4376945496,127.237686157,199.545394897,68.5971298218,14.8454141617,17.8509883881,23.9448413849,4.95365333557,-8.87263774872],[112.518745422,66.0702362061,41.4251327515,22.6941165924,23.5208091736,41.6695175171,68.5971298218,120.203514099,37.7216415405,10.0241508484,10.5480728149,2.84994649887,-4.16484880447],[-18.6745586395,24.1885242462,31.2345733643,38.0759849548,32.2853775024,23.4038562775,14.8454141617,37.7216415405,117.428672791,48.5220146179,0.198562383652,1.03440475464,0.111141845584],[16.0822181702,7.34502840042,3.7030479908,12.7675991058,19.8768253326,10.9717197418,17.8509883881,10.0241508484,48.5220146179,113.36831665,42.5375862122,1.8471288681,-0.321762770414],[-187.258880615,15.1920022964,11.5511255264,-6.98978996277,-4.78341913223,7.81601190567,23.9448413849,10.5480728149,0.198562383652,42.5375862122,107.128601074,39.7456169128,-2.01180958748],[-191.636062622,9.40227985382,28.3656101227,12.5382699966,4.37809658051,-2.48827695847,4.95365333557,2.84994649887,1.03440475464,1.8471288681,39.7456169128,97.1488418579,35.7048416138],[-121.158218384,-5.17794847488,-11.2161874771,19.2832641602,8.0090045929,-13.9543104172,-8.87263774872,-4.16484880447,0.111141845584,-0.321762770414,-2.01180958748,35.7048416138,91.6681594849]],"icov":[[0.000105799830635,0.0000907261637622,0.000122584213386,-0.0000676187046338,-0.0000108012582132,-0.000255790073425,0.000146249614772,-0.000220718677156,0.00014864197874,-0.000134567104396,0.000204158059205,0.0000353403011104,0.000130380198243],[0.0000907261637622,0.00102270394564,0.0000644069732516,-0.0000683230682625,0.0000811191857792,-0.000387137930375,-0.0000555036749574,-0.000530559220351,0.0000732890912332,-0.0000782279166742,0.000141145283123,-0.0000252135596384,0.000116991759569],[0.000122584213386,0.0000644069732516,0.00197857595049,-0.000670961278956,0.000185456694453,-0.000314452277962,0.000207108358154,-0.000709679443389,-0.0000667935673846,-0.0000429650826845,0.000270350545179,-0.000637945893686,0.000726968166418],[-0.0000676187046338,-0.0000683230682625,-0.000670961278956,0.00504061346874,-0.00338558270596,0.00017631049559,0.000422908080509,-0.0000844251117087,-0.000708465755451,0.000307530601276,-0.0000509338824486,-0.000115835537144,-0.000829995959066],[-0.0000108012582132,0.0000811191857792,0.000185456694453,-0.00338558270596,0.00690157199278,-0.00293940049596,0.000895055592991,-0.000293292745482,0.0000647461638437,-0.00088162109023,0.000499878486153,-0.000196545108338,-0.000167594349477],[-0.000255790073425,-0.000387137930375,-0.000314452277962,0.00017631049559,-0.00293940049596,0.0100278574973,-0.00606786506251,0.00147197570186,-0.00132019573357,0.00118123111315,-0.000520092551596,0.000186574543477,0.00074903346831],[0.000146249614772,-0.0000555036749574,0.000207108358154,0.000422908080509,0.000895055592991,-0.00606786506251,0.0103075113147,-0.0045231920667,0.00149679090828,-0.00130374042783,-0.000529005308636,-0.000171988649527,-0.0000341927989211],[-0.000220718677156,-0.000530559220351,-0.000709679443389,-0.0000844251117087,-0.000293292745482,0.00147197570186,-0.0045231920667,0.0124659175053,-0.00416800891981,0.00196450296789,-0.00152267946396,0.000457955378806,-0.00021233993175],[0.00014864197874,0.0000732890912332,-0.0000667935673846,-0.000708465755451,0.0000647461638437,-0.00132019573357,0.00149679090828,-0.00416800891981,0.0128279095516,-0.0064295665361,0.00337394047529,-0.00120770488866,0.000596669095103],[-0.000134567104396,-0.0000782279166742,-0.0000429650826845,0.000307530601276,-0.00088162109023,0.00118123111315,-0.00130374042783,0.00196450296789,-0.0064295665361,0.0141918789595,-0.00694850366563,0.00289662275463,-0.00125544320326],[0.000204158059205,0.000141145283123,0.000270350545179,-0.0000509338824486,0.000499878486153,-0.000520092551596,-0.000529005308636,-0.00152267946396,0.00337394047529,-0.00694850366563,0.0153682697564,-0.00698034465313,0.00310602574609],[0.0000353403011104,-0.0000252135596384,-0.000637945893686,-0.000115835537144,-0.000196545108338,0.000186574543477,-0.000171988649527,0.000457955378806,-0.00120770488866,0.00289662275463,-0.00698034465313,0.0156693570316,-0.00620346516371],[0.000130380198243,0.000116991759569,0.000726968166418,-0.000829995959066,-0.000167594349477,0.00074903346831,-0.0000341927989211,-0.00021233993175,0.000596669095103,-0.00125544320326,0.00310602574609,-0.00620346516371,0.0139463935047]],"mean":[-667.625732422,117.922355652,10.572889328,16.7304325104,-3.59417867661,2.40754342079,-5.40231370926,1.19982886314,-5.40690279007,-0.85771894455,-3.6173813343,-4.53581762314,-1.97252631187]},"pitch_salience":{"dmean":0.0795251950622,"dmean2":0.130274310708,"dvar":0.00591586809605,"dvar2":0.0153498593718,"max":0.990508615971,"mean":0.566167593002,"median":0.574195742607,"min":0.0596812702715,"var":0.014718673192},"silence_rate_20dB":{"dmean":0,"dmean2":0,"dvar":0,"dvar2":0,"max":1,"mean":1,"median":1,"min":1,"var":0},"silence_rate_30dB":{"dmean":0.0102910911664,"dmean2":0.0205836948007,"dvar":0.0101859243587,"dvar2":0.0295725855976,"max":1,"mean":0.994413793087,"median":1,"min":0,"var":0.00555443763733},"silence_rate_60dB":{"dmean":0.0274919141084,"dmean2":0.0549878701568,"dvar":0.0267418958247,"dvar2":0.0587448477745,"max":1,"mean":0.127673655748,"median":0,"min":0,"var":0.111408896744},"spectral_centroid":{"dmean":233.386947632,"dmean2":366.125335693,"dvar":79517.421875,"dvar2":162492.609375,"max":11542.2597656,"mean":1170.20788574,"median":1091.51306152,"min":146.82925415,"var":369377.90625},"spectral_complexity":{"dmean":3.30638051033,"dmean2":5.13386774063,"dvar":20.6089286804,"dvar2":44.5501976013,"max":61,"mean":15.9356851578,"median":14,"min":0,"var":95.5517578125},"spectral_contrast_coeffs":{"dmean":[0.050679050386,0.0490625910461,0.041127435863,0.0326259210706,0.0234005395323,0.0197127312422],"dmean2":[0.0817244797945,0.080514036119,0.0669960081577,0.0525849312544,0.0377498082817,0.0318871214986],"dvar":[0.00184799695853,0.00166372593958,0.00114707066678,0.000715910980944,0.000387241336284,0.000282024935586],"dvar2":[0.00468463823199,0.0043540885672,0.00295111606829,0.00174106354825,0.000936967029702,0.000707576691639],"max":[-0.223084136844,-0.337494730949,-0.433322578669,-0.507095217705,-0.553511023521,-0.598806917667],"mean":[-0.623465657234,-0.726344347,-0.746073782444,-0.771179139614,-0.790228188038,-0.769053220749],"median":[-0.624359428883,-0.734378397465,-0.757409691811,-0.775519073009,-0.793843269348,-0.769596874714],"min":[-0.973683357239,-0.992627620697,-0.988306879997,-0.974008381367,-0.964265465736,-0.960704505444],"var":[0.00781178055331,0.00605819793418,0.00530256005004,0.00353677105159,0.00218393467367,0.00135051517282]},"spectral_contrast_valleys":{"dmean":[0.472361564636,0.391500741243,0.336733132601,0.307990819216,0.270845770836,0.324614971876],"dmean2":[0.716113090515,0.628746688366,0.53625023365,0.479591608047,0.408715933561,0.442973643541],"dvar":[0.265281498432,0.172127604485,0.126118957996,0.120099924505,0.134604409337,0.176764592528],"dvar2":[0.482375413179,0.37500461936,0.260419130325,0.236878052354,0.25721731782,0.307470470667],"max":[-5.38894796371,-4.09087324142,-4.91588783264,-5.58650445938,-5.5781879425,-7.46037530899],"mean":[-7.64567613602,-6.85878705978,-7.64133691788,-8.14933872223,-8.02280902863,-10.3170394897],"median":[-7.18689441681,-6.61066102982,-7.37720489502,-7.84087467194,-7.71573829651,-10.0421619415],"min":[-27.7831745148,-27.5755958557,-27.7808303833,-27.6292095184,-27.3395328522,-27.322435379],"var":[2.25799965858,1.62910795212,1.80213701725,2.01765275002,2.07694983482,2.13012242317]},"spectral_decrease":{"dmean":2.48666465197e-9,"dmean2":3.91166921077e-9,"dvar":1.99152897633e-17,"dvar2":4.72273344432e-17,"max":2.05558492273e-19,"mean":-5.65913760298e-9,"median":-4.44947678702e-9,"min":-6.22396711947e-8,"var":3.02955164045e-17},"spectral_energy":{"dmean":0.00999978836626,"dmean2":0.0157061461359,"dvar":0.000330016948283,"dvar2":0.000788853736594,"max":0.239370241761,"mean":0.0230991095304,"median":0.0181756168604,"min":1.02452070355e-20,"var":0.000501657195855},"spectral_energyband_high":{"dmean":0.000548672338482,"dmean2":0.000887729285751,"dvar":0.00000291167793876,"dvar2":0.00000798048404249,"max":0.0239198748022,"mean":0.0008640193264,"median":0.000337211036822,"min":7.21185737328e-21,"var":0.00000287108400698},"spectral_energyband_low":{"dmean":0.00452831806615,"dmean2":0.00723063666373,"dvar":0.000137474562507,"dvar2":0.000344969797879,"max":0.228317886591,"mean":0.00589332776144,"median":0.00272461632267,"min":5.52454879818e-23,"var":0.000132128829136},"spectral_energyband_middle_high":{"dmean":0.001997416839,"dmean2":0.0031942804344,"dvar":0.0000133568992169,"dvar2":0.0000336444973073,"max":0.0803166851401,"mean":0.00501990085468,"median":0.00240108161233,"min":1.1417288642e-21,"var":0.0000445091136498},"spectral_energyband_middle_low":{"dmean":0.00629344535992,"dmean2":0.010541787371,"dvar":0.000151416912558,"dvar2":0.000415338319726,"max":0.140341535211,"mean":0.0120636252686,"median":0.00872826669365,"min":2.42263248205e-22,"var":0.000178821137524},"spectral_entropy":{"dmean":0.173729911447,"dmean2":0.259767502546,"dvar":0.0359313935041,"dvar2":0.0714096724987,"max":9.81667423248,"mean":7.48290920258,"median":7.58814716339,"min":4.85322999954,"var":0.301495879889},"spectral_flux":{"dmean":0.0266534425318,"dmean2":0.0418455787003,"dvar":0.00144244381227,"dvar2":0.00291555491276,"max":0.423481702805,"mean":0.0830667242408,"median":0.0737059116364,"min":6.49624312676e-11,"var":0.0034719936084},"spectral_kurtosis":{"dmean":1.44843828678,"dmean2":2.37443828583,"dvar":3.98133206367,"dvar2":10.4520158768,"max":56.2415046692,"mean":4.84814977646,"median":3.83728122711,"min":-1.25811123848,"var":20.2124481201},"spectral_rms":{"dmean":0.000876182049979,"dmean2":0.00132562511135,"dvar":0.00000156709904786,"dvar2":0.00000342252928931,"max":0.0152817517519,"mean":0.00422219093889,"median":0.00421097502112,"min":3.16153808862e-12,"var":0.0000047087337407},"spectral_rolloff":{"dmean":461.315460205,"dmean2":781.312011719,"dvar":881152.25,"dvar2":2083549.5,"max":19939.7460938,"mean":1335.0234375,"median":990.52734375,"min":21.533203125,"var":1859366.875},"spectral_skewness":{"dmean":0.206563234329,"dmean2":0.327745258808,"dvar":0.0499632917345,"dvar2":0.115878731012,"max":5.96910095215,"mean":1.68824756145,"median":1.56550443172,"min":-0.0416196137667,"var":0.369650304317},"spectral_spread":{"dmean":575425.1875,"dmean2":815982.0625,"dvar":657303404544,"dvar2":1227703189500,"max":41144992,"mean":5007163.5,"median":4758152,"min":1321573,"var":2616128962560},"spectral_strongpeak":{"dmean":0.562473535538,"dmean2":0.937025368214,"dvar":0.771256089211,"dvar2":1.93610084057,"max":10.3667373657,"mean":0.971522986889,"median":0.498146444559,"min":0,"var":1.5721193552},"zerocrossingrate":{"dmean":0.010331146419,"dmean2":0.0126713700593,"dvar":0.000196324312128,"dvar2":0.000270801829174,"max":0.51513671875,"mean":0.0626711919904,"median":0.0576171875,"min":0.0048828125,"var":0.00136117369402}},"metadata":{"audio_properties":{"analysis_sample_rate":44100,"bit_rate":192000,"codec":"mp3","downmix":"mix","equal_loudness":0,"length":315.872650146,"lossless":false,"md5_encoded":"3ab3a577e26b699b6bee753c96cd279c","replay_gain":-12.5821285248,"sample_rate":44100},"tags":{"album":["Touch the World"],"albumartist":["Earth, Wind & Fire"],"albumartistsort":["Earth, Wind & Fire"],"artist":["Earth, Wind & Fire"],"artistsort":["Earth, Wind & Fire"],"barcode":["5099746040918"],"catalognumber":["CBS 460409 1"],"date":["1987"],"discnumber":["1/1"],"encodedby":["iTunes v7.1.1.5"],"file_name":"1-08. Earth, Wind & Fire - Touch the World.mp3","genre":["R&B"],"label":["CBS"],"language":["eng"],"media":["Vinyl"],"musicbrainz album release country":["FR"],"musicbrainz album status":["official"],"musicbrainz album type":["album"],"musicbrainz_albumartistid":["535afeda-2538-435d-9dd1-5e10be586774"],"musicbrainz_albumid":["49ab5c56-6c4b-3256-a567-9aed93762c35"],"musicbrainz_artistid":["535afeda-2538-435d-9dd1-5e10be586774"],"musicbrainz_recordingid":["3af36ec0-c99d-4998-9462-0319a2d29e85"],"musicbrainz_releasegroupid":["831cdea4-c742-3c7f-8596-ec8c1763ec11"],"originaldate":["1987-10"],"script":["Latn"],"title":["Touch the World"],"tracknumber":["8/10"]},"version":{"essentia":"2.1-beta2","essentia_build_sha":"2d9f1f26377add8aeb1075a9c2973f962c4f09fd","essentia_git_sha":"v2.1_beta2-1-ge3940c0","extractor":"music 1.0"}},"rhythm":{"beats_count":524,"beats_loudness":{"dmean":0.0297040976584,"dmean2":0.0574688762426,"dvar":0.000528407515958,"dvar2":0.00181303801946,"max":0.14331305027,"mean":0.0523397140205,"median":0.0530168488622,"min":4.56712667685e-10,"var":0.000894074502867},"beats_loudness_band_ratio":{"dmean":[0.188456431031,0.112035825849,0.114542908967,0.0682965293527,0.0300577580929,0.0350684039295],"dmean2":[0.336556941271,0.19