{"lowlevel":{"average_loudness":0.919233620167,"barkbands":{"dmean":[0.0000673828981235,0.00392921036109,0.00747847370803,0.00181014859118,0.00262119434774,0.00126666098367,0.000890134193469,0.000903147330973,0.00135904445779,0.000850491982419,0.000391715118894,0.000328467605868,0.00048782423255,0.000313472817652,0.000332142517436,0.000156442401931,0.000225253039389,0.00013515043247,0.000147966478835,0.000184561387869,0.000171015170054,0.000109602966404,0.0000525568684679,0.0000376780772058,0.0000154986955749,0.00000542406314707,4.18228097487e-7],"dmean2":[0.000102993959445,0.00662929657847,0.0124788042158,0.00307303667068,0.00427419599146,0.00205963221379,0.0014289310202,0.00138999696355,0.00211244262755,0.00130270933732,0.000608019297943,0.000488116464112,0.000763997086324,0.00049072568072,0.000511648016982,0.000247152347583,0.00035023962846,0.000212146493141,0.000231777012232,0.000281445274595,0.000259433640167,0.000165658027981,0.0000778952453402,0.0000548469542991,0.0000223188180826,0.00000851267486723,6.59048509988e-7],"dvar":[2.30202967799e-8,0.0000695676499163,0.000203305899049,0.00000813884435047,0.0000159984119819,0.00000349946139977,0.00000277665503745,0.00000445016667072,0.00000499360930917,0.00000174010108367,4.62852881356e-7,6.4613664108e-7,8.68239339979e-7,3.99504216375e-7,4.22915150011e-7,8.1843573696e-8,1.48782262954e-7,5.35282076441e-8,6.18663094087e-8,1.24841619709e-7,8.57510684682e-8,4.62480151953e-8,1.12599991553e-8,6.623401827e-9,2.04918482183e-9,3.03863656459e-10,1.48248731e-12],"dvar2":[5.05212476298e-8,0.00018422305584,0.000531267316546,0.0000216511089093,0.000037515826989,0.00000862266460899,0.0000065512481342,0.00000931389058678,0.0000120108534247,0.000003721635494,9.71049075815e-7,0.00000128561430301,0.00000192850370695,9.08820027234e-7,9.24594075968e-7,1.84398103897e-7,3.49095074625e-7,1.2282036721e-7,1.37110546916e-7,2.62915335725e-7,1.83726101e-7,1.06087739482e-7,2.39720048256e-8,1.43700829014e-8,4.07526812296e-9,7.74684760785e-10,3.66369955207e-12],"max":[0.00190575316083,0.0895948708057,0.194489508867,0.0468384772539,0.0867167636752,0.0444789305329,0.0308625102043,0.0566250830889,0.0492730177939,0.0417753830552,0.015992609784,0.0267975758761,0.0231778267771,0.0167221464217,0.0198525972664,0.0107357678935,0.0109817255288,0.00868700444698,0.00520601402968,0.00875066593289,0.0054204412736,0.00665915803984,0.00231935176998,0.00154904823285,0.00225074542686,0.0005515490775,0.0000243022859649],"mean":[0.0000792606224422,0.00487155932933,0.0106847640127,0.00271927542053,0.0046794116497,0.00229793973267,0.00152655155398,0.0015448104823,0.00267275981605,0.00174782122485,0.000717999122571,0.000604116474278,0.000842522305902,0.000551481556613,0.000600188330282,0.000291504751658,0.000459245115053,0.00027337713982,0.000304218439851,0.000362667866284,0.000369609217159,0.000220804882701,0.000108922256914,0.0000813713559182,0.0000287317179755,0.00000708434981789,5.57193857276e-7],"median":[0.000015111679204,0.00220281723887,0.00591597007588,0.00157575297635,0.00298243644647,0.00128434295766,0.000767712946981,0.000603974680416,0.00143104768358,0.000987375387922,0.000339919468388,0.000217521825107,0.000456530979136,0.000287220871542,0.000331289804308,0.000170298910234,0.000259482418187,0.000166019439348,0.000214090498048,0.000222300470341,0.000243160364334,0.000114507420221,0.0000620916471235,0.0000416796283389,0.0000129544041556,0.00000269674842457,1.9466945389e-7],"min":[2.21296822602e-24,3.49700966434e-23,1.83326967193e-23,6.17985350111e-24,1.73016066068e-23,1.59513086621e-23,3.75454087991e-23,7.96267993577e-23,5.67110085279e-23,1.04064612107e-22,6.55710461424e-23,9.38001180914e-23,2.32588506602e-22,7.76482604767e-23,1.32497128128e-22,2.13054846463e-22,1.85872744396e-22,2.47221586093e-22,1.92718378358e-22,3.40678354053e-22,4.92126773645e-22,5.59347012396e-22,6.3907386456e-22,8.28692044804e-22,1.05824612536e-21,1.83340503415e-21,2.84692766867e-21],"var":[3.07688914347e-8,0.00006600334018,0.00023387427791,0.0000142250692079,0.0000348005814885,0.00000896345409274,0.00000577434047955,0.000010109068171,0.0000141034715853,0.0000052673076425,0.00000125576605114,0.00000198213592739,0.00000192667971533,9.44733585584e-7,9.52288587541e-7,1.72996948322e-7,4.04715962077e-7,1.22571719885e-7,1.12832758248e-7,2.4052894787e-7,1.83086740435e-7,9.18425442364e-8,2.22185878584e-8,1.33193189811e-8,3.5131662024e-9,2.73183836663e-10,1.51137500952e-12]},"barkbands_crest":{"dmean":2.50651502609,"dmean2":4.08051681519,"dvar":5.01154994965,"dvar2":12.5216884613,"max":23.7565174103,"mean":9.36747169495,"median":8.70806884766,"min":2.76339364052,"var":13.3148345947},"barkbands_flatness_db":{"dmean":0.0199758727103,"dmean2":0.0305627472699,"dvar":0.000357731682016,"dvar2":0.000846001086757,"max":0.296335756779,"mean":0.127419307828,"median":0.123506247997,"min":0.0268655009568,"var":0.00149348168634},"barkbands_kurtosis":{"dmean":2.62973642349,"dmean2":4.19058895111,"dvar":17.8642253876,"dvar2":43.6288490295,"max":81.6072311401,"mean":3.78470659256,"median":1.8780632019,"min":-1.76471376419,"var":33.5305671692},"barkbands_skewness":{"dmean":0.515010595322,"dmean2":0.798942089081,"dvar":0.293323457241,"dvar2":0.700416684151,"max":7.8659157753,"mean":1.61427104473,"median":1.44876503944,"min":-1.92959868908,"var":1.00127077103},"barkbands_spread":{"dmean":4.56861495972,"dmean2":6.83980226517,"dvar":20.6379737854,"dvar2":43.9593315125,"max":70.6501693726,"mean":20.0660839081,"median":18.8784828186,"min":1.90837681293,"var":87.7362747192},"dissonance":{"dmean":0.0161679815501,"dmean2":0.02699200809,"dvar":0.000252097437624,"dvar2":0.000658034172375,"max":0.500000178814,"mean":0.470194458961,"median":0.475398629904,"min":0.138928219676,"var":0.000525901617948},"dynamic_complexity":2.04032444954,"erbbands":{"dmean":[0.0625667273998,1.17539310455,7.59287214279,6.73829555511,8.08050441742,8.56416797638,11.8119850159,10.4381732941,11.1985645294,16.790813446,18.6403045654,33.4835395813,29.9475917816,26.3435173035,11.985827446,13.6999359131,22.3568572998,16.8681163788,15.0746660233,12.6579446793,8.47938251495,11.7139444351,6.90344619751,6.76084947586,8.61456108093,8.42135429382,7.34821987152,6.54197406769,4.04426431656,2.61501312256,1.38640511036,0.912602603436,0.586306869984,0.242640972137,0.0753749608994,0.0287638194859,0.0091443285346,0.00138502730988,0.0000846310358611,0.0000178938735189],"dmean2":[0.10281997174,2.00539708138,12.7876729965,11.1401319504,13.3767261505,14.0420103073,19.4533653259,16.889005661,17.8457393646,26.1674804688,28.7536201477,52.595451355,46.0026435852,39.6622543335,18.2593517303,19.9126930237,34.8567428589,26.3876590729,22.8439464569,19.8522090912,13.1117238998,18.1187400818,10.6212158203,10.4356489182,13.4430007935,12.7206897736,11.1228790283,10.0159273148,6.13294649124,3.94311523438,2.05941748619,1.35288822651,0.860601067543,0.34593719244,0.10901209712,0.0445067882538,0.0144514366984,0.00222324882634,0.000129589592689,0.0000281284847006],"dvar":[0.0177488680929,6.35744524002,221.386016846,123.060676575,208.539260864,177.142227173,419.598632812,282.351196289,396.391662598,1244.68945312,2109.25073242,3640.85791016,3200.46069336,1960.16308594,597.799621582,1238.99511719,1919.07556152,1153.50341797,925.730407715,511.069763184,195.512374878,363.955993652,151.932022095,127.907188416,219.610931396,276.808227539,191.192138672,122.802818298,62.0171203613,26.3023643494,8.5701007843,3.92384505272,1.63238370419,0.422733277082,0.063634455204,0.00846611894667,0.000853797129821,0.0000196155961021,5.05485715507e-8,7.51605722105e-10],"dvar2":[0.0447244793177,17.1431522369,585.119018555,320.814666748,523.671325684,428.273651123,1000.8369751,663.508544922,939.574890137,2787.97412109,4487.05517578,8654.85058594,6737.83398438,3913.96459961,1196.98339844,2481.24169922,4276.61230469,2678.44433594,1896.28295898,1185.44067383,447.516937256,836.005126953,352.666351318,284.479309082,494.382843018,576.91607666,404.952148438,276.277648926,142.197311401,58.4713592529,18.4948501587,8.63862323761,3.55433177948,0.874059736729,0.1257404387,0.0204541999847,0.00220714695752,0.0000511812686455,1.18245829128e-7,1.87556081777e-9],"max":[1.82544481754,27.9988803864,203.451171875,146.187240601,325.580566406,353.679412842,545.641052246,474.411529541,526.431762695,842.187011719,1424.80712891,1268.48498535,1932.55151367,1200.56933594,748.732421875,1344.75610352,1255.34155273,941.441345215,1026.17456055,1039.43457031,494.85067749,404.444671631,597.09564209,276.968292236,284.187652588,476.927886963,338.907012939,251.333007812,241.62840271,119.023498535,70.3770980835,43.9726219177,35.2082824707,29.3562355042,13.3769683838,2.50239372253,0.891525268555,0.106147550046,0.00411084061489,0.000320005608955],"mean":[0.0793565064669,1.46375894547,10.5573167801,11.0952043533,12.4108562469,15.1350831985,18.4655380249,19.0221843719,20.5458526611,30.1729068756,34.2335319519,63.2080917358,61.385509491,54.3925895691,24.0223751068,27.6404056549,40.6885681152,32.6997146606,29.3557109833,24.5160293579,17.8643493652,25.1605453491,15.1694869995,13.9654970169,18.2646522522,16.6747627258,15.2796344757,13.7361564636,8.29122066498,5.17628479004,2.86439943314,1.90045845509,1.24637949467,0.47884234786,0.127535641193,0.0393157564104,0.0118495291099,0.00173233356327,0.000133180103148,0.0000491868886456],"median":[0.0372183993459,0.703112006187,5.44521141052,7.32130432129,6.60930776596,8.67549324036,10.4290809631,9.61170768738,10.6905002594,13.2125968933,15.0835762024,32.1536636353,29.9761505127,25.3270492554,13.012550354,11.1729745865,23.114692688,18.7261657715,16.6431999207,15.3574676514,11.0494995117,14.6346178055,9.49295806885,9.6788110733,12.3718004227,10.2929019928,9.33975791931,8.8973941803,4.36627101898,2.79014849663,1.61443161964,0.999537229538,0.628529667854,0.226728245616,0.0531993657351,0.0150642320514,0.00448543671519,0.000646678032354,0.0000591494026594,0.0000434501416748],"min":[8.07046711307e-22,8.23713481784e-21,2.41878597103e-20,1.9518778966e-20,2.79527690372e-20,7.08091678258e-20,5.03083784542e-20,1.82013287275e-19,3.93097087546e-19,9.36023002107e-19,2.02082002085e-18,1.48482218336e-18,2.50124010997e-18,2.36000398346e-18,3.58018451569e-18,3.89039296183e-18,1.05704070446e-17,4.68529988201e-18,4.81940943395e-18,1.01490288328e-17,1.26740539009e-17,1.06928802332e-17,1.18493267061e-17,1.23441593834e-17,1.22826651223e-17,1.72821290281e-17,2.00054756112e-17,1.7597827472e-17,1.92893985898e-17,1.90318095839e-17,1.70623752635e-17,1.44604621031e-17,1.5427902769e-17,1.16260681772e-17,8.34139021302e-18,6.17775456428e-18,3.52059028846e-18,1.42978882323e-18,4.12309184453e-19,4.18517588541e-20],"var":[0.019040973857,5.66709852219,237.569259644,163.698654175,364.458587646,414.278167725,744.823242188,834.980957031,942.579406738,2592.92895508,5400.98535156,9269.65625,10644.5361328,7061.67919922,1566.49279785,4110.68945312,4316.79150391,2586.47192383,2545.0378418,1073.18933105,508.333496094,1059.98156738,350.142913818,240.498245239,439.58706665,516.233337402,418.943328857,252.225036621,125.422187805,50.6765518188,16.3073253632,7.34884643555,3.30641698837,0.767001867294,0.0998197197914,0.0089065451175,0.000738841365092,0.000016073056031,6.13182464804e-8,1.08030384638e-9]},"erbbands_crest":{"dmean":2.53239274025,"dmean2":3.99540662766,"dvar":5.5817027092,"dvar2":13.173248291,"max":30.9073085785,"mean":8.71153450012,"median":7.68860149384,"min":2.26016020775,"var":17.4385604858},"erbbands_flatness_db":{"dmean":0.0139965619892,"dmean2":0.0205107349902,"dvar":0.000175610301085,"dvar2":0.000367060187273,"max":0.284326463938,"mean":0.152538776398,"median":0.149962693453,"min":0.0782207176089,"var":0.000885249581188},"erbbands_kurtosis":{"dmean":0.587921917439,"dmean2":0.918612003326,"dvar":0.470917463303,"dvar2":1.07361733913,"max":18.3289432526,"mean":-0.00106450822204,"median":-0.257008314133,"min":-1.81314527988,"var":1.31370794773},"erbbands_skewness":{"dmean":0.288427054882,"dmean2":0.437186866999,"dvar":0.0641302019358,"dvar2":0.148973360658,"max":2.92500805855,"mean":0.408622473478,"median":0.4156229496,"min":-2.34691286087,"var":0.250561743975},"erbbands_spread":{"dmean":7.48135948181,"dmean2":11.3040494919,"dvar":51.6837425232,"dvar2":114.544914246,"max":118.015083313,"mean":39.9222488403,"median":37.4529571533,"min":6.58678674698,"var":233.305145264},"gfcc":{"cov":[[2881.23730469,185.172363281,112.556785583,466.818603516,-58.6313476562,225.955718994,23.8733406067,-25.7298259735,51.448261261,42.8402862549,12.7693634033,-110.438659668,5.50175237656],[185.172363281,705.50982666,163.878341675,42.0673751831,141.270492554,-9.7955493927,70.7438735962,-74.2503662109,57.7285308838,-42.0313644409,49.8569221497,-77.6506500244,50.664642334],[112.556785583,163.878341675,464.337677002,172.761550903,23.1904239655,31.3661174774,6.1864361763,-19.3506469727,-11.7610998154,7.05429601669,7.59775686264,-34.0242652893,-17.2337055206],[466.818603516,42.0673751831,172.761550903,286.307861328,9.20721435547,77.8517990112,26.6593437195,-3.09596276283,19.217830658,6.25493955612,27.4662799835,-54.0450325012,3.04907274246],[-58.6313476562,141.270492554,23.1904239655,9.20721435547,188.19859314,32.47706604,48.0770339966,8.3056268692,21.1741790771,2.56934046745,-11.6941146851,5.66229104996,3.34185695648],[225.955718994,-9.7955493927,31.3661174774,77.8517990112,32.47706604,133.498947144,57.4081840515,34.1312332153,23.468832016,6.80895376205,10.2524785995,-11.6463403702,-2.23854804039],[23.8733406067,70.7438735962,6.1864361763,26.6593437195,48.0770339966,57.4081840515,116.207290649,49.3056373596,20.8072814941,-8.81921672821,10.7407217026,-7.12317991257,1.80685257912],[-25.7298259735,-74.2503662109,-19.3506469727,-3.09596276283,8.3056268692,34.1312332153,49.3056373596,95.3904724121,32.5323066711,12.0192403793,-0.316401273012,7.18143081665,-5.35464000702],[51.448261261,57.7285308838,-11.7610998154,19.217830658,21.1741790771,23.468832016,20.8072814941,32.5323066711,79.684387207,30.3714122772,15.1444673538,-10.3913707733,5.51626777649],[42.8402862549,-42.0313644409,7.05429601669,6.25493955612,2.56934046745,6.80895376205,-8.81921672821,12.0192403793,30.3714122772,66.4213409424,20.8353652954,10.6937198639,-5.22563743591],[12.7693634033,49.8569221497,7.59775686264,27.4662799835,-11.6941146851,10.2524785995,10.7407217026,-0.316401273012,15.1444673538,20.8353652954,68.5388412476,6.10780334473,11.8215255737],[-110.438659668,-77.6506500244,-34.0242652893,-54.0450325012,5.66229104996,-11.6463403702,-7.12317991257,7.18143081665,-10.3913707733,10.6937198639,6.10780334473,81.0405960083,12.3156328201],[5.50175237656,50.664642334,-17.2337055206,3.04907274246,3.34185695648,-2.23854804039,1.80685257912,-5.35464000702,5.51626777649,-5.22563743591,11.8215255737,12.3156328201,60.7944335938]],"icov":[[0.00073576340219,-0.00115486129653,0.000831706856843,-0.00167314521968,0.00113966537174,-0.00131218822207,0.000797923770733,-0.000730136991479,0.00124322797637,-0.00175378168933,0.00177698594052,-0.000834575737827,0.000576521095354],[-0.00115486129653,0.00746803637594,-0.00378281297162,0.00506620714441,-0.00526415556669,0.00409343931824,-0.00501246144995,0.0076100169681,-0.00851847697049,0.00814376585186,-0.00790599733591,0.00631956150755,-0.00445618992671],[0.000831706856843,-0.00378281297162,0.0049673798494,-0.00486682727933,0.0023787394166,-0.00201266026124,0.00246442505158,-0.00338805140927,0.00528090307489,-0.00501880468801,0.00441376445815,-0.00303899450228,0.00299974135123],[-0.00167314521968,0.00506620714441,-0.00486682727933,0.0111162588,-0.0038796281442,0.000800185895059,-0.0031250170432,0.00501278648153,-0.00608551921323,0.00634368509054,-0.00809066463262,0.00721490569413,-0.00402156123891],[0.00113966537174,-0.00526415556669,0.0023787394166,-0.0038796281442,0.0106078358367,-0.00396800972521,0.00013619424135,-0.0028474284336,0.00382263818756,-0.0066849431023,0.00850475020707,-0.00581650296226,0.00277179479599],[-0.00131218822207,0.00409343931824,-0.00201266026124,0.000800185895059,-0.00396800972521,0.0147099075839,-0.00690331123769,0.00200176006183,-0.00512051628903,0.00419047055766,-0.00473698275164,0.00281836162321,-0.00158706854563],[0.000797923770733,-0.00501246144995,0.00246442505158,-0.0031250170432,0.00013619424135,-0.00690331123769,0.0193058829755,-0.0123028708622,0.00560974469408,-0.00040722367703,0.0010876347078,-0.00271924864501,0.00283667771146],[-0.000730136991479,0.0076100169681,-0.00338805140927,0.00501278648153,-0.0028474284336,0.00200176006183,-0.0123028708622,0.0253708809614,-0.0146207725629,0.00611056666821,-0.00424372823909,0.00341917900369,-0.00267285923474],[0.00124322797637,-0.00851847697049,0.00528090307489,-0.00608551921323,0.00382263818756,-0.00512051628903,0.00560974469408,-0.0146207725629,0.0303136594594,-0.0179903861135,0.00694935396314,-0.00204488239251,0.00170164823066],[-0.00175378168933,0.00814376585186,-0.00501880468801,0.00634368509054,-0.0066849431023,0.00419047055766,-0.00040722367703,0.00611056666821,-0.0179903861135,0.0325202308595,-0.0153321493417,0.00265064742416,-0.000424824771471],[0.00177698594052,-0.00790599733591,0.00441376445815,-0.00809066463262,0.00850475020707,-0.00473698275164,0.0010876347078,-0.00424372823909,0.00694935396314,-0.0153321493417,0.0284177083522,-0.00893562659621,0.00137266807724],[-0.000834575737827,0.00631956150755,-0.00303899450228,0.00721490569413,-0.00581650296226,0.00281836162321,-0.00271924864501,0.00341917900369,-0.00204488239251,0.00265064742416,-0.00893562659621,0.022337090224,-0.00798298604786],[0.000576521095354,-0.00445618992671,0.00299974135123,-0.00402156123891,0.00277179479599,-0.00158706854563,0.00283667771146,-0.00267285923474,0.00170164823066,-0.000424824771471,0.00137266807724,-0.00798298604786,0.021791247651]],"mean":[25.1946487427,102.647994995,-126.818756104,39.773525238,-65.1024017334,13.8629684448,-29.1291732788,3.3351995945,-22.3452796936,-3.20602726936,-19.7021808624,-9.24311447144,-9.8712015152]},"hfc":{"dmean":6.07479858398,"dmean2":8.70433616638,"dvar":66.7441711426,"dvar2":135.45072937,"max":157.168502808,"mean":23.3083744049,"median":20.6988105774,"min":1.24307206912e-16,"var":227.361022949},"melbands":{"dmean":[0.000787041499279,0.0031006236095,0.00119843322318,0.000557865190785,0.000413381436374,0.000228197764955,0.000179170834599,0.000187001394806,0.000154865003424,0.000218430737732,0.000146323931403,0.000109126020106,0.000044635940867,0.0000342097482644,0.0000417984811065,0.0000516627478646,0.000030993767723,0.0000236920768657,0.0000253322978097,0.0000126938984977,0.0000117224781206,0.000014495155483,0.00000853761866892,0.00000641243059363,0.00000582910979574,0.00000622499283054,0.00000704682042851,0.00000580985852139,0.00000491494347443,0.0000044819626055,0.00000380883284379,0.00000248583637585,0.00000203776608032,0.00000130934301978,8.62038632476e-7,7.04156889242e-7,5.45068417068e-7,4.55046404113e-7,3.31191415626e-7,1.73936655301e-7],"dmean2":[0.00131216156296,0.00522766681388,0.00197136914358,0.000917934637982,0.00067505275365,0.000368052715203,0.000284258829197,0.000289029645501,0.000239450251684,0.000342009152519,0.000225237658015,0.000164895594935,0.0000680098091834,0.0000511016733071,0.0000634918033029,0.0000806446987553,0.0000486372045998,0.0000361848942703,0.0000394382041122,0.0000199600435735,0.0000183881675184,0.0000226883967116,0.0000132807581394,0.0000101960804386,0.00000913879011932,0.00000988731699181,0.0000111010140245,0.00000892555272003,0.00000755662540541,0.00000692674348102,0.00000594938001086,0.00000382842881663,0.00000315366378345,0.000001989434395,0.00000131046704155,0.00000107257528725,8.23270397632e-7,6.83754308284e-7,4.92047547596e-7,2.52081861163e-7],"dvar":[0.00000270765985988,0.0000385597159038,0.00000349097695107,7.67443623317e-7,4.90385559715e-7,1.25746566937e-7,1.02030540461e-7,1.57060028982e-7,1.27501380121e-7,1.47667989836e-7,7.73568586965e-8,3.29711902225e-8,7.52712381313e-9,5.92433480051e-9,7.72949437788e-9,1.01671346897e-8,4.38781855294e-9,2.29462138179e-9,2.51635201565e-9,5.71167224628e-10,4.62088228792e-10,6.233373262e-10,2.22946605621e-10,1.50693443834e-10,9.45786018947e-11,1.10928925767e-10,1.61691465772e-10,1.35848249316e-10,9.56877424518e-11,5.94143068078e-11,3.98767650844e-11,2.26288172228e-11,2.13572423635e-11,6.45660998624e-12,3.39739824815e-12,2.14204955856e-12,1.44146023243e-12,9.70048802569e-13,5.73083139103e-13,2.55013648002e-13],"dvar2":[0.00000697131963534,0.000102575293567,0.00000909539085114,0.00000188901299225,0.00000113318083095,2.97029032481e-7,2.41518080202e-7,3.44031121813e-7,2.78863609537e-7,3.52298002326e-7,1.62382860935e-7,6.62676455931e-8,1.48619436757e-8,1.16061729116e-8,1.6435500072e-8,2.27399681307e-8,1.0037906506e-8,4.62001814583e-9,5.82944004179e-9,1.27566546215e-9,1.06803077493e-9,1.4481364996e-9,5.40119837744e-10,3.49435619329e-10,2.14672307708e-10,2.57068616394e-10,3.70426717078e-10,2.89541807197e-10,2.07912631556e-10,1.32550095899e-10,9.3790093747e-11,5.21630724726e-11,5.21933225806e-11,1.42347028262e-11,7.58735262119e-12,4.81567520236e-12,3.26601397836e-12,2.17505896107e-12,1.23081677229e-12,5.23624112819e-13],"max":[0.0177936777472,0.0809976533055,0.0229162462056,0.0206844639033,0.0197769328952,0.00999738555402,0.00739434547722,0.00917478464544,0.0105067435652,0.00899381097406,0.00936294533312,0.0048805824481,0.00216913688928,0.0021754137706,0.00228875968605,0.00257379561663,0.00178824411705,0.0019172191387,0.00169584329706,0.00117698486429,0.000798756023869,0.000518287473824,0.000441223324742,0.000501304515637,0.000260068976786,0.000193774380023,0.000282095483271,0.000321700354107,0.00033699060441,0.000178951595444,0.000104238511994,0.000085752340965,0.000230088218814,0.0000610814531683,0.0000485487507831,0.0000309998940793,0.0000286527647404,0.0000245664177783,0.0000244040329562,0.0000246271174547],"mean":[0.00100383535028,0.00435463897884,0.00207119993865,0.000963008089457,0.000683437043335,0.000418202602305,0.000327904941514,0.000328949914547,0.000282198976493,0.000413827394368,0.000285299378447,0.00021508296777,0.0000861851731315,0.0000633310628473,0.0000787726821727,0.0000900442973943,0.0000551025659661,0.0000433971290477,0.0000449319086329,0.0000227978071052,0.0000217509787035,0.0000286532358587,0.0000170620969584,0.0000119597307275,0.0000109424017865,0.0000123518575492,0.0000136123981065,0.0000103524553197,0.00000940125119087,0.00000902093415789,0.00000745044735595,0.00000473877071272,0.00000381687186746,0.00000246095351031,0.0000016442758124,0.00000139301539548,0.00000106217419216,9.14941324481e-7,6.61585318085e-7,3.17248520787e-7],"median":[0.00048449478345,0.00235692691058,0.00144633743912,0.000604132714216,0.000401190249249,0.000216819200432,0.00017352073337,0.000140270189149,0.00011902366532,0.000208000245038,0.000124847545521,0.0000940947866184,0.0000439112554886,0.0000253385514952,0.0000388688640669,0.0000498545741721,0.0000285413880192,0.0000232240272453,0.0000246255731327,0.0000135263871925,0.0000122197070596,0.000015781926777,0.0000102096128103,0.00000698982876202,0.00000743677173887,0.0000083848790382,0.00000857587292558,0.00000595602796238,0.0000052873738241,0.00000572557655687,0.0000046563432079,0.00000234220169659,0.00000190884679796,0.00000130301293666,8.79214894667e-7,7.60919760978e-7,5.1444141036e-7,4.55477845662e-7,3.13212154879e-7,1.4106403512e-7],"min":[8.05172103272e-24,1.2624964637e-23,3.47388665237e-24,3.90861606432e-24,2.26575998109e-24,3.75510373217e-24,6.61607070473e-24,1.15404623304e-23,1.599985674e-23,8.79334494694e-24,1.32597941396e-23,1.02183353975e-23,1.18678411838e-23,1.13896826124e-23,1.32907427307e-23,2.33155508266e-23,6.63507436393e-24,7.29482003821e-24,1.2209558373e-23,1.26405746166e-23,1.54629106762e-23,1.08157508051e-23,8.10276979962e-24,1.35925167368e-23,9.49782297885e-24,8.47097141599e-24,1.10849298675e-23,1.09249780638e-23,1.27442790601e-23,1.00832461229e-23,1.08452762911e-23,1.03789301229e-23,1.08372701417e-23,1.12067647011e-23,9.12820141285e-24,1.08627361495e-23,7.66702196824e-24,1.14561630763e-23,9.85188978552e-24,9.69380284898e-24],"var":[0.00000273659748018,0.0000392524452764,0.00000499758380101,0.00000154698454935,9.70115934251e-7,3.74367544964e-7,2.38333612401e-7,3.25354818642e-7,3.5172760704e-7,3.86983828093e-7,2.55740758348e-7,1.1705423475e-7,2.04965040496e-8,1.90597582161e-8,2.17401847635e-8,2.22647589254e-8,9.41805833321e-9,6.50272413694e-9,4.67521266145e-9,1.2043559483e-9,1.01257924268e-9,1.65808033969e-9,4.93134755253e-10,2.72136674306e-10,1.62137081539e-10,1.9851580102e-10,2.98177621483e-10,2.37591918362e-10,2.02694555584e-10,1.1534363048e-10,7.71242444908e-11,4.54869683586e-11,3.39357431045e-11,1.20760979341e-11,5.96678349091e-12,3.90811168149e-12,2.55920892117e-12,1.81954841819e-12,1.15855708274e-12,4.30319354369e-13]},"melbands_crest":{"dmean":3.69930171967,"dmean2":6.07880544662,"dvar":11.0273103714,"dvar2":28.6577758789,"max":32.0103607178,"mean":14.4294843674,"median":13.6617860794,"min":2.26441502571,"var":28.9368362427},"melbands_flatness_db":{"dmean":0.0255752466619,"dmean2":0.0389158241451,"dvar":0.000590837444179,"dvar2":0.0013807839714,"max":0.393201708794,"mean":0.188274890184,"median":0.184804275632,"min":0.0056688641198,"var":0.0029149048496},"melbands_kurtosis":{"dmean":6.83951473236,"dmean2":10.9537401199,"dvar":125.521270752,"dvar2":307.936950684,"max":234.343917847,"mean":12.3629436493,"median":7.56112337112,"min":-1.71066653728,"var":220.651107788},"melbands_skewness":{"dmean":0.748534798622,"dmean2":1.16843509674,"dvar":0.650552093983,"dvar2":1.55903553963,"max":12.4490861893,"mean":2.63070440292,"median":2.37990903854,"min":-1.03667998314,"var":2.04059123993},"melbands_spread":{"dmean":5.71357297897,"dmean2":8.78137207031,"dvar":36.5912666321,"dvar2":84.6549377441,"max":135.368545532,"mean":20.9080314636,"median":19.0222930908,"min":1.2950283289,"var":143.473312378},"mfcc":{"cov":[[2974.84106445,-187.510101318,227.852081299,196.797637939,64.9764785767,209.76852417,51.1085510254,-16.8399677277,62.5355987549,67.2688903809,41.3576660156,102.292243958,-28.9771175385],[-187.510101318,663.50402832,5.77272176743,39.0520057678,67.3846359253,38.4683990479,22.0107631683,-8.38136482239,16.7640647888,5.07382249832,-17.0634098053,-8.64112472534,-22.7643432617],[227.852081299,5.77272176743,466.175872803,149.870239258,48.8397026062,56.5027694702,39.1350097656,-15.9964017868,-24.3081321716,44.1354293823,3.17752194405,6.3168296814,-7.70865106583],[196.797637939,39.0520057678,149.870239258,179.404190063,60.198059082,49.0111579895,32.009677887,-5.91893911362,2.9445874691,27.6188831329,-3.34605526924,10.569647789,-5.726354599],[64.9764785767,67.3846359253,48.8397026062,60.198059082,114.555107117,58.3653450012,15.1011829376,2.55643367767,19.2264213562,18.8752384186,8.73129653931,5.8540019989,-1.29163312912],[209.76852417,38.4683990479,56.5027694702,49.0111579895,58.3653450012,113.424507141,39.4207763672,15.132478714,18.9233322144,11.2532081604,15.4232263565,14.9891014099,-2.39698505402],[51.1085510254,22.0107631683,39.1350097656,32.009677887,15.1011829376,39.4207763672,100.826950073,48.6754875183,17.7630729675,23.0668792725,1.51235473156,12.8936748505,4.95143985748],[-16.8399677277,-8.38136482239,-15.9964017868,-5.91893911362,2.55643367767,15.132478714,48.6754875183,95.3766174316,41.4193611145,4.30432653427,15.1913967133,11.1342821121,13.1293916702],[62.5355987549,16.7640647888,-24.3081321716,2.9445874691,19.2264213562,18.9233322144,17.7630729675,41.4193611145,80.1118545532,29.3090496063,15.6504402161,8.85855579376,5.86964035034],[67.2688903809,5.07382249832,44.1354293823,27.6188831329,18.8752384186,11.2532081604,23.0668792725,4.30432653427,29.3090496063,92.4933776855,21.12707901,5.47529172897,-2.88912415504],[41.3576660156,-17.0634098053,3.17752194405,-3.34605526924,8.73129653931,15.4232263565,1.51235473156,15.1913967133,15.6504402161,21.12707901,70.8103866577,36.4554214478,11.8695554733],[102.292243958,-8.64112472534,6.3168296814,10.569647789,5.8540019989,14.9891014099,12.8936748505,11.1342821121,8.85855579376,5.47529172897,36.4554214478,71.6875228882,27.2637958527],[-28.9771175385,-22.7643432617,-7.70865106583,-5.726354599,-1.29163312912,-2.39698505402,4.95143985748,13.1293916702,5.86964035034,-2.88912415504,11.8695554733,27.2637958527,61.9985656738]],"icov":[[0.000465268472908,0.000189366139239,-0.0000607267938904,-0.000305854278849,0.000346391549101,-0.00088345236145,0.0001765730849,0.000281898159301,-0.000432747328887,-0.000119669428386,0.000301320455037,-0.00077944813529,0.000470917933853],[0.000189366139239,0.00173960649408,0.0000860637082951,-0.000157863891218,-0.000800184439868,-0.000358465564204,-0.000410301756347,0.000589569332078,-0.000590545416344,0.00017001357628,0.000523193564732,-0.000411927467212,0.000745564990211],[-0.0000607267938904,0.0000860637082951,0.00320937717333,-0.00231617479585,0.000103911297629,-0.000647593755275,-0.000324036984239,-0.0000375154450012,0.00176022353116,-0.00118356361054,-0.000280920183286,0.000421016360633,-0.00015387890744],[-0.000305854278849,-0.000157863891218,-0.00231617479585,0.0096544213593,-0.00348390731961,-0.000193777130335,-0.00145900272764,0.00082214619033,0.0000497277651448,-0.000842535228003,0.0019341011066,-0.00145404762588,0.00049031706294],[0.000346391549101,-0.000800184439868,0.000103911297629,-0.00348390731961,0.0144436294213,-0.00662233075127,0.00180984369945,0.000573189230636,-0.00205068499781,-0.00114179390948,-0.000423543446232,0.000513591279741,-0.00066564779263],[-0.00088345236145,-0.000358465564204,-0.000647593755275,-0.000193777130335,-0.00662233075127,0.0165662355721,-0.00562128797174,0.0010325985495,-0.00158497935627,0.00299440370873,-0.00345816719346,0.000672832364216,0.000745614583138],[0.0001765730849,-0.000410301756347,-0.000324036984239,-0.00145900272764,0.00180984369945,-0.00562128797174,0.0184399131685,-0.0104104802012,0.00340558774769,-0.00536226062104,0.00517603289336,-0.00347803439945,0.000275357044302],[0.000281898159301,0.000589569332078,-0.0000375154450012,0.00082214619033,0.000573189230636,0.0010325985495,-0.0104104802012,0.0207059327513,-0.0102018713951,0.00498330779374,-0.00430149631575,0.0016997352941,-0.00180796417408],[-0.000432747328887,-0.000590545416344,0.00176022353116,0.0000497277651448,-0.00205068499781,-0.00158497935627,0.00340558774769,-0.0102018713951,0.021493576467,-0.00717538641766,0.000333648466039,-0.000122243887745,-0.000790552352555],[-0.000119669428386,0.00017001357628,-0.00118356361054,-0.000842535228003,-0.00114179390948,0.00299440370873,-0.00536226062104,0.00498330779374,-0.00717538641766,0.0161983277649,-0.0059980545193,0.00249953055754,0.000729752006009],[0.000301320455037,0.000523193564732,-0.000280920183286,0.0019341011066,-0.000423543446232,-0.00345816719346,0.00517603289336,-0.00430149631575,0.000333648466039,-0.0059980545193,0.0235745348036,-0.0122311115265,0.00138587271795],[-0.00077944813529,-0.000411927467212,0.000421016360633,-0.00145404762588,0.000513591279741,0.000672832364216,-0.00347803439945,0.0016997352941,-0.000122243887745,0.00249953055754,-0.0122311115265,0.0248783193529,-0.00911350082606],[0.000470917933853,0.000745564990211,-0.00015387890744,0.00049031706294,-0.00066564779263,0.000745614583138,0.000275357044302,-0.00180796417408,-0.000790552352555,0.000729752006009,0.00138587271795,-0.00911350082606,0.020876429975]],"mean":[-609.341796875,121.469482422,-1.77652466297,25.9358139038,-6.80895185471,9.13437080383,0.664777636528,2.47101783752,3.00691223145,3.70631241798,-2.856944561,-2.41671895981,-8.59855079651]},"pitch_salience":{"dmean":0.079708814621,"dmean2":0.129277095199,"dvar":0.00525095174089,"dvar2":0.0137624628842,"max":0.921995341778,"mean":0.550667703152,"median":0.550726234913,"min":0.157453507185,"var":0.0128446258605},"silence_rate_20dB":{"dmean":0,"dmean2":0,"dvar":0,"dvar2":0,"max":1,"mean":1,"median":1,"min":1,"var":0},"silence_rate_30dB":{"dmean":0.0289165787399,"dmean2":0.0578386597335,"dvar":0.0280788075179,"dvar2":0.0725747346878,"max":1,"mean":0.979931533337,"median":1,"min":0,"var":0.0196643229574},"silence_rate_60dB":{"dmean":0.00418529426679,"dmean2":0.00837138481438,"dvar":0.00416768388823,"dvar2":0.00944206118584,"max":1,"mean":0.0507894232869,"median":0,"min":0,"var":0.0482094697654},"spectral_centroid":{"dmean":227.543395996,"dmean2":339.42855835,"dvar":55317.9570312,"dvar2":108787.859375,"max":11262.7421875,"mean":1282.31872559,"median":1214.3182373,"min":246.411026001,"var":296076.875},"spectral_complexity":{"dmean":4.61428689957,"dmean2":6.5131278038,"dvar":21.4664478302,"dvar2":36.8385887146,"max":60,"mean":23.7784862518,"median":23,"min":0,"var":113.055107117},"spectral_contrast_coeffs":{"dmean":[0.0536374039948,0.0498730912805,0.041685320437,0.029604094103,0.0190023649484,0.0171864163131],"dmean2":[0.0890888795257,0.0810632631183,0.0667246952653,0.0477172508836,0.0310869496316,0.0278647355735],"dvar":[0.00188344228081,0.0016073595034,0.00109786330722,0.000544530863408,0.00022262710263,0.000223339287913],"dvar2":[0.00496784457937,0.0041046445258,0.00276610534638,0.00135225208942,0.000570792588405,0.000556803657673],"max":[-0.279909074306,-0.404528200626,-0.417953044176,-0.5518861413,-0.655227601528,-0.59618139267],"mean":[-0.603607237339,-0.729181289673,-0.733375489712,-0.787288546562,-0.802893400192,-0.72471922636],"median":[-0.609937310219,-0.736191034317,-0.737588763237,-0.793108344078,-0.805848956108,-0.724371314049],"min":[-0.942347049713,-0.979314923286,-0.966255605221,-0.963924944401,-0.960443139076,-0.959037601948],"var":[0.00664443941787,0.00564185390249,0.00438364641741,0.00235920166597,0.000850428070407,0.00104487442877]},"spectral_contrast_valleys":{"dmean":[0.429639011621,0.383859723806,0.325086802244,0.289687156677,0.222410365939,0.22548161447],"dmean2":[0.702401578426,0.613639235497,0.502418279648,0.433481484652,0.315899968147,0.306640267372],"dvar":[0.153865903616,0.12899197638,0.0953125059605,0.0856736600399,0.0666483044624,0.074619486928],"dvar2":[0.338180810213,0.264196038246,0.17072057724,0.146111175418,0.0949993357062,0.118639349937],"max":[-5.05805397034,-4.66415071487,-5.4118938446,-5.91250610352,-5.45129203796,-7.70318174362],"mean":[-7.05850219727,-6.45981264114,-6.94036388397,-7.26656866074,-7.09741020203,-9.96001243591],"median":[-6.82646846771,-6.36892700195,-6.88518238068,-7.18190860748,-7.03353881836,-9.92837524414],"min":[-27.6393661499,-27.4125232697,-27.2548370361,-27.2451496124,-27.2413463593,-27.3196372986],"var":[0.965139091015,0.437807261944,0.330151557922,0.336852878332,0.34692966938,0.433262109756]},"spectral_decrease":{"dmean":3.71491748474e-9,"dmean2":5.98446669997e-9,"dvar":3.64695097786e-17,"dvar2":9.39030585319e-17,"max":5.01260913939e-29,"mean":-9.67995905654e-9,"median":-8.50858405954e-9,"min":-7.62776579677e-8,"var":4.76005947316e-17},"spectral_energy":{"dmean":0.0144328242168,"dmean2":0.023166410625,"dvar":0.000535861414392,"dvar2":0.00137679965701,"max":0.291514664888,"mean":0.0386485829949,"median":0.0342963114381,"min":1.1085856798e-20,"var":0.000715233851224},"spectral_energyband_high":{"dmean":0.000406427774578,"dmean2":0.000575044366997,"dvar":5.95235405854e-7,"dvar2":0.00000118042146369,"max":0.0163647979498,"mean":0.0010032071732,"median":0.000644978543278,"min":8.09211486994e-21,"var":0.00000138899304147},"spectral_energyband_low":{"dmean":0.0110582346097,"dmean2":0.0183427166194,"dvar":0.000462196621811,"dvar2":0.00120658485685,"max":0.271115481853,"mean":0.0170181598514,"median":0.0105390353128,"min":5.78599307939e-23,"var":0.000494623091072},"spectral_energyband_middle_high":{"dmean":0.00177131639794,"dmean2":0.00257473438978,"dvar":0.00000465239099867,"dvar2":0.00000941039343161,"max":0.0357971489429,"mean":0.00606124242768,"median":0.00467979814857,"min":1.73049273956e-21,"var":0.0000251883247984},"spectral_energyband_middle_low":{"dmean":0.00570365553722,"dmean2":0.00910765118897,"dvar":0.0000491613354825,"dvar2":0.000122060344438,"max":0.102856114507,"mean":0.0161198340356,"median":0.0141732655466,"min":2.40372481144e-22,"var":0.000118583193398},"spectral_entropy":{"dmean":0.117069467902,"dmean2":0.171655490994,"dvar":0.0123475240543,"dvar2":0.0248658638448,"max":9.80190658569,"mean":7.67170763016,"median":7.69856452942,"min":6.11665582657,"var":0.0707706212997},"spectral_flux":{"dmean":0.0306278448552,"dmean2":0.0477183572948,"dvar":0.00134125445038,"dvar2":0.00294935842976,"max":0.404266148806,"mean":0.0985965803266,"median":0.089317291975,"min":1.05289395258e-10,"var":0.00275944266468},"spectral_kurtosis":{"dmean":1.07476842403,"dmean2":1.84374475479,"dvar":1.27058422565,"dvar2":3.68123817444,"max":21.653881073,"mean":3.09955596924,"median":2.65518164635,"min":-1.23044669628,"var":3.20753479004},"spectral_rms":{"dmean":0.00103575387038,"dmean2":0.0016074544983,"dvar":0.00000171107774349,"dvar2":0.00000414392206949,"max":0.0168642979115,"mean":0.00578691298142,"median":0.00578444590792,"min":3.28868811524e-12,"var":0.00000421740378442},"spectral_rolloff":{"dmean":378.265899658,"dmean2":608.046203613,"dvar":294056.21875,"dvar2":604414.5625,"max":18776.953125,"mean":1191.79394531,"median":904.39453125,"min":107.666015625,"var":806709.6875},"spectral_skewness":{"dmean":0.165663689375,"dmean2":0.264654576778,"dvar":0.0231453124434,"dvar2":0.0575837269425,"max":3.40277838707,"mean":1.2806879282,"median":1.24299073219,"min":-0.0113312602043,"var":0.1120942384},"spectral_spread":{"dmean":321313.625,"dmean2":479432.1875,"dvar":217854181376,"dvar2":314022559744,"max":41377036,"mean":4258780,"median":4252635,"min":2151289,"var":653190365184},"spectral_strongpeak":{"dmean":0.530834555626,"dmean2":0.909466266632,"dvar":0.659813523293,"dvar2":1.67147779465,"max":10.0009527206,"mean":0.953733026981,"median":0.609521746635,"min":0,"var":1.02668571472},"zerocrossingrate":{"dmean":0.00791941769421,"dmean2":0.00949654076248,"dvar":0.0000761681876611,"dvar2":0.0000953200142249,"max":0.51513671875,"mean":0.0519120879471,"median":0.04833984375,"min":0.00537109375,"var":0.000544661306776}},"metadata":{"audio_properties":{"analysis_sample_rate":44100,"bit_rate":325792,"codec":"aac","downmix":"mix","equal_loudness":0,"length":244.095993042,"lossless":false,"md5_encoded":"f52cc8f61d305643249731a46eaed06f","replay_gain":-6.86629867554,"sample_rate":48000},"tags":{"album":["Freedom - Atlanta Pop Festival [2015 2x 200g Experience Hendrix Pressing]"],"artist":["Jimi Hendrix"],"bpm":["116"],"file_name":"09 Freedom.m4a","musicbrainz_recordingid":["3b1dad3a-0b72-4ebf-8048-d05145195b66"],"title":["Freedom"],"tracknumber":["9"]},"version":{"essentia":"2.1-beta2","essentia_build_sha":"cead25079874084f62182a551b7393616cd33d87","essentia_git_sha":"v2.1_beta2-1-ge3940c0","extractor":"music 1.0"}},"rhythm":{"beats_count":482,"beats_loudness":{"dmean":0.0210533067584,"dmean2":0.0367148965597,"dvar":0.00037332563079,"dvar2":0.00114878150634,"max":0.14171025157,"mean":0.0474733449519,"median":0.0456903725863,"min":0.000194852997083,"var":0.000592894910369},"beats_loudness_band_ratio":{"dmean":[0.214223489165,0.107153363526,0.110842116177,0.0661196634173,0.0466039665043,0.074012234807],"dmean2":[0.390577942133,0.182965919375,0.195681989193,0.112939924002,0.0831176564097,0.140892088413],"dvar":[0.028718912974,0.0103211663663,0.0102643165737,0.00427278550342,0.00292788795196,0.00492081511766],"dvar2":[0.0866419896483,0.0299123227596,0.0285375900567,0.0116109298542,0.0080845579505,0.0162645410746],"max":[0.923287928104,0.760307610035,0.79703772068,0.501827597618,0.478786826134,0.521866798401],"mean":[0.463104277849,0.162909269333,0.167887583375,0.108982346952,0.0705913007259,0.0717708840966],"median":[0.47699713707,0.134205877781,0.147458523512,0.0790111720562,0.0518006496131,0.0447793453932],"min":[0.0034119959455,0.00962000433356,0.0105221914127,0.00608305865899,0.00253252312541,0.00123565352987],"var":[0.0496020652354,0.0148785850033,0.0129251200706,0.00793874822557,0.00485362531617,0.0049382164143]},"beats_position":[0.522448956966,1.06811785698,1.6137868166,2.15945577621,2.70512461662,3.25079369545,3.78485250473,4.3