{"lowlevel":{"average_loudness":0.94432502985,"barkbands":{"dmean":[0.000249049713602,0.0126531394199,0.00416769599542,0.00267580710351,0.00255884067155,0.00118773186114,0.000763394578826,0.000853706034832,0.000881814805325,0.000625528569799,0.000474558677524,0.000495613494422,0.000575642334297,0.000406378618209,0.000338310201187,0.000315221521305,0.000272365607088,0.000179157097591,0.000133709734655,0.000185817581951,0.000170631130459,0.000112840622023,0.000132440050947,0.000112446476123,0.0000404315615015,0.00000912292762223,0.00000155354462095],"dmean2":[0.000418034702307,0.0207372903824,0.00771433860064,0.00469595333561,0.00428328244016,0.00192468042951,0.00124841020443,0.00138409738429,0.00139084318653,0.00100857717916,0.000751463347115,0.000816238927655,0.000951447116677,0.000673081667628,0.000551422883291,0.000510165700689,0.000441466254415,0.00029438835918,0.000218924775254,0.000298509257846,0.000267243245617,0.00016853150737,0.000187838129932,0.000156809168402,0.0000581806853006,0.0000136514026963,0.00000237711310547],"dvar":[4.08496958926e-7,0.000911262119189,0.000112581117719,0.0000309169445245,0.000027220152333,0.00000342545899912,0.00000197761050913,0.00000251403503171,0.00000291142032438,0.00000137929475841,9.44456644447e-7,9.32980583457e-7,0.00000123817233089,6.30043359706e-7,3.9903011384e-7,3.59363980351e-7,2.88503542833e-7,1.35593651862e-7,7.29396845145e-8,1.03185996636e-7,8.88121576281e-8,6.46710844876e-8,2.31890965097e-7,1.81217487238e-7,1.92671212318e-8,5.41143185817e-10,9.84031692935e-12],"dvar2":[0.00000105789990812,0.00223581097089,0.000323613552609,0.0000854688041727,0.0000709868982085,0.0000087829248514,0.00000490521688334,0.00000631654029348,0.00000689297758072,0.00000352023789674,0.00000217078672904,0.00000236686628341,0.00000319919513458,0.00000160363924806,9.90295347947e-7,8.7926764536e-7,6.97567202224e-7,3.33958013243e-7,1.80242125225e-7,2.42343418222e-7,2.02179805342e-7,1.30398007059e-7,3.94059355813e-7,3.34478841069e-7,3.55329348167e-8,1.14358400527e-9,2.30997894424e-11],"max":[0.00604636082426,0.188414141536,0.0894106253982,0.0709060132504,0.0603817217052,0.0318109579384,0.0317733734846,0.0272958930582,0.0382153317332,0.0225035082549,0.0192767027766,0.0196716245264,0.0207290835679,0.015683490783,0.0124369077384,0.0121022583917,0.0107714906335,0.00981002021581,0.00738595146686,0.00720901507884,0.00583303207532,0.00768160354346,0.0110528701916,0.0149589488283,0.00368337822147,0.000737552763894,0.000043540068873],"mean":[0.000230743666179,0.0120697952807,0.0040840934962,0.00322222523391,0.00379259232432,0.0020927330479,0.00129048386589,0.00132765353192,0.00148516579065,0.00109525234438,0.000825390859973,0.000797495071311,0.000891313829925,0.000661433849018,0.000585340138059,0.00058464606991,0.000560949847568,0.000325435365085,0.000265400245553,0.00034407430212,0.000341109262081,0.000202471346711,0.000220822941628,0.000174863365828,0.0000649475332466,0.000014199391444,0.00000232006209444],"median":[0.0000361554921255,0.00279363570735,0.00165908318013,0.0015833087964,0.00235762237571,0.00132983701769,0.000753177911974,0.000622183259111,0.000682927551679,0.000497483939398,0.000359698315151,0.000409047468565,0.000408314721426,0.000301826803479,0.000292514305329,0.000287985516479,0.000263400987023,0.000184678981896,0.000144601959619,0.00018538889708,0.000161812480655,0.0000822734436952,0.0000788983234088,0.0000384164522984,0.0000178035752469,0.00000377562946596,7.33997183033e-7],"min":[5.78215864346e-25,2.84213370731e-24,2.03814106942e-24,1.51984042342e-24,7.82795195949e-24,1.18537016409e-23,5.27277390063e-24,5.52670033741e-24,1.35038235275e-23,2.3477432973e-23,1.04646059392e-23,2.23567282616e-23,3.64258858014e-23,2.75136887039e-23,4.74019449754e-23,6.80040320136e-23,4.28657170913e-23,1.07851800784e-22,1.43689600247e-22,1.78322335791e-22,2.1619739063e-22,3.05937803311e-22,3.87779408546e-22,6.25063694884e-22,9.23840887851e-22,1.2783853214e-21,1.96878921648e-21],"var":[3.30321000774e-7,0.000817353837192,0.0000717741568224,0.0000257183746726,0.0000268764124485,0.00000593657523495,0.00000370232191926,0.0000045958845476,0.00000641239103061,0.00000326880285684,0.00000247000275522,0.0000017110439785,0.00000207658399631,0.00000112335044378,8.05150875749e-7,8.39123288188e-7,8.70007795584e-7,2.47588928914e-7,1.4655259406e-7,2.28179757755e-7,2.25415405453e-7,1.33432422444e-7,4.09731683249e-7,3.55083557224e-7,4.14248795266e-8,1.0087188862e-9,1.42576558199e-11]},"barkbands_crest":{"dmean":2.9310734272,"dmean2":4.6772480011,"dvar":9.76584911346,"dvar2":22.7428302765,"max":26.6970939636,"mean":9.43091106415,"median":8.11719799042,"min":2.51373100281,"var":22.7106723785},"barkbands_flatness_db":{"dmean":0.0242538973689,"dmean2":0.038030564785,"dvar":0.000887956412043,"dvar2":0.00224860338494,"max":0.480364859104,"mean":0.140663772821,"median":0.115961119533,"min":0.0236757192761,"var":0.00574062764645},"barkbands_kurtosis":{"dmean":6.18533754349,"dmean2":10.1779384613,"dvar":369.783660889,"dvar2":954.853881836,"max":543.091125488,"mean":8.02962017059,"median":1.07327079773,"min":-1.93391239643,"var":670.374206543},"barkbands_skewness":{"dmean":0.726797282696,"dmean2":1.1005449295,"dvar":1.20451331139,"dvar2":2.75438833237,"max":18.7106647491,"mean":1.58251702785,"median":1.18733763695,"min":-21.3889427185,"var":3.32295751572},"barkbands_spread":{"dmean":5.38618183136,"dmean2":8.19175338745,"dvar":48.3339157104,"dvar2":93.317779541,"max":104.968391418,"mean":21.5499019623,"median":20.5500621796,"min":0.434689342976,"var":206.495651245},"dissonance":{"dmean":0.0187070537359,"dmean2":0.0310776308179,"dvar":0.000374495604774,"dvar2":0.000890789087862,"max":0.499999910593,"mean":0.461333811283,"median":0.470943301916,"min":0.140711784363,"var":0.0012884309981},"dynamic_complexity":2.65904855728,"erbbands":{"dmean":[0.353459358215,2.9087562561,4.88238716125,6.677526474,10.619603157,7.46566534042,8.9140586853,9.96233177185,9.27564907074,16.0358200073,16.9381809235,22.2263889313,15.6630010605,19.2501754761,18.754907608,21.1605548859,26.0623607635,20.3320236206,16.5730037689,18.7713623047,13.7464342117,13.2242984772,10.2501468658,6.7289185524,6.61433649063,8.13287162781,8.64579582214,5.25919723511,4.22821140289,3.69765472412,3.82089567184,2.89763474464,1.5865957737,0.663704991341,0.164300277829,0.0589387863874,0.012983199209,0.00262058363296,0.000258207932347,0.0000308473936457],"dmean2":[0.598995387554,4.75534391403,8.7609834671,12.0510091782,18.1289424896,12.6112194061,14.5358896255,16.3286151886,15.2720603943,26.2218265533,27.0401325226,34.719745636,25.3826904297,30.1765098572,30.4383068085,34.7246856689,43.0908584595,33.4708786011,27.0188350677,30.5793151855,21.9343528748,21.3794612885,16.7295303345,11.1234331131,10.735751152,13.1165561676,13.5478458405,8.20633888245,6.34920835495,5.44052505493,5.42248439789,4.13205909729,2.18430876732,0.955029785633,0.233450159431,0.0865589976311,0.0196457393467,0.00399455521256,0.000393044872908,0.0000457063397334],"dvar":[0.758014380932,48.2249603271,150.767028809,195.055862427,726.125488281,159.851470947,222.750106812,267.95916748,275.045196533,1040.12756348,1129.73010254,2087.23950195,898.725158691,1766.53820801,1340.92687988,1692.84753418,2580.765625,1465.56640625,1163.34655762,1395.07556152,701.698730469,722.381164551,417.509735107,162.369445801,223.204147339,194.678405762,251.728622437,89.2861404419,89.652923584,113.629859924,204.034042358,132.968109131,35.3242950439,6.00433969498,0.243833377957,0.0294801983982,0.000797654909547,0.0000261738277914,2.69580681334e-7,2.89694157551e-9],"dvar2":[1.93052327633,119.413963318,420.96774292,558.952575684,1893.8671875,429.040252686,561.419128418,682.792541504,707.983276367,2581.01025391,2743.65380859,4834.35742188,2330.20678711,4385.77734375,3317.18457031,4259.93066406,6678.51220703,3684.88574219,2912.27514648,3472.77587891,1681.36230469,1745.50305176,1034.63183594,411.104858398,558.037963867,464.285888672,559.71862793,207.525665283,181.976104736,212.065750122,350.784301758,266.513275146,61.5755958557,11.0567350388,0.450581759214,0.0590792819858,0.00178993376903,0.0000621115395916,6.28919281098e-7,6.24458573739e-9],"max":[6.88775157928,44.3880653381,97.7634124756,156.096679688,321.281005859,164.056442261,311.982788086,344.480255127,332.629547119,964.965148926,662.608886719,1159.31848145,701.536865234,871.03692627,724.441772461,846.592712402,1053.16052246,750.977111816,1034.1661377,882.17791748,758.981140137,589.201599121,528.369873047,359.533325195,544.189819336,250.415893555,357.141571045,251.523452759,304.733764648,276.102233887,335.30758667,358.515045166,180.307617188,66.3563613892,14.4495382309,4.62943506241,0.96389567852,0.0827373936772,0.00728228967637,0.000675350136589],"mean":[0.320083290339,2.80527353287,4.89563703537,8.03981590271,13.0349464417,11.7078208923,14.5766620636,17.1539115906,16.0510215759,26.7137336731,29.1276912689,37.6700057983,28.6906356812,35.3136329651,35.0675354004,37.0105628967,42.9905548096,36.2260398865,30.231710434,35.4850616455,29.3911647797,29.3001308441,20.5659065247,14.6541490555,12.8074493408,15.6331911087,17.474822998,10.3070106506,7.59694242477,6.50234079361,6.22420549393,4.44493818283,2.45370006561,1.05945682526,0.263953030109,0.0900477021933,0.020324151963,0.00414661597461,0.000397862662794,0.0000620645150775],"median":[0.0753940865397,0.633476614952,1.9429949522,4.60795259476,6.62736225128,7.49065065384,8.45017433167,10.6982154846,10.2708301544,13.4463300705,14.6999998093,17.406747818,16.3940677643,14.8899745941,18.4722251892,21.032289505,22.2258243561,17.5901584625,15.9103393555,17.671705246,15.8571767807,14.480463028,11.7888126373,8.88955879211,6.65939044952,8.96133899689,8.24647712708,4.63184928894,3.13180041313,2.58235573769,2.11854410172,1.16883790493,0.469240128994,0.234429299831,0.0839113667607,0.0243560001254,0.00589815061539,0.00125130347442,0.000138830160722,0.0000434093781223],"min":[1.23571337379e-22,7.02213988492e-22,4.43195455829e-21,5.74722019986e-21,1.36738577498e-20,2.16145832196e-20,7.85048168053e-20,1.03542565821e-19,5.19025752145e-20,1.96206155623e-19,3.41463051994e-19,3.65062411473e-19,6.33597446652e-19,1.05714488785e-18,6.69044875936e-19,1.33576154864e-18,1.4438527548e-18,1.91889523936e-18,2.72871312406e-18,2.87343416249e-18,3.45150457729e-18,3.70275986117e-18,5.3961338191e-18,6.87823799036e-18,8.28205654768e-18,8.27461523089e-18,8.43174976877e-18,1.16319618391e-17,1.12628324907e-17,1.15804772905e-17,1.1695571201e-17,1.2012552602e-17,9.79027150216e-18,7.63329962044e-18,5.98725776434e-18,4.03542626094e-18,2.08482270716e-18,9.54866383256e-19,2.51218758688e-19,2.65513990637e-20],"var":[0.624390304089,43.0623435974,103.218261719,139.293823242,611.816894531,189.165374756,366.355834961,444.314208984,430.036010742,2132.04931641,2245.42944336,4594.13330078,1794.3260498,4403.44873047,3208.90673828,3155.81420898,4238.23339844,3124.34765625,2079.6862793,3285.18286133,1934.46887207,2300.21630859,889.012573242,360.399414062,376.856506348,420.766296387,679.312927246,202.592605591,182.209655762,209.398757935,350.722290039,218.041854858,75.8272476196,12.6564617157,0.515225231647,0.0569493025541,0.00144573312718,0.0000436861264461,3.91976840319e-7,4.0786618527e-9]},"erbbands_crest":{"dmean":2.60791659355,"dmean2":4.24118089676,"dvar":5.86756324768,"dvar2":14.9143505096,"max":28.0503997803,"mean":8.57398414612,"median":7.6422495842,"min":2.36870622635,"var":15.1949806213},"erbbands_flatness_db":{"dmean":0.0180887822062,"dmean2":0.0252834148705,"dvar":0.000381129910238,"dvar2":0.000665346742608,"max":0.456399470568,"mean":0.157102435827,"median":0.149110540748,"min":0.0377920381725,"var":0.00270920386538},"erbbands_kurtosis":{"dmean":1.18874418736,"dmean2":1.772108078,"dvar":7.04158878326,"dvar2":12.9305229187,"max":80.0747680664,"mean":1.26449632645,"median":-0.0311121940613,"min":-1.81278312206,"var":24.187461853},"erbbands_skewness":{"dmean":0.358017861843,"dmean2":0.54926097393,"dvar":0.159174442291,"dvar2":0.3606941998,"max":7.27699804306,"mean":0.396260231733,"median":0.208646953106,"min":-2.36564898491,"var":0.907805383205},"erbbands_spread":{"dmean":9.16942405701,"dmean2":13.7245988846,"dvar":118.360702515,"dvar2":247.742858887,"max":162.408721924,"mean":36.7492218018,"median":33.3500366211,"min":1.6248664856,"var":356.247772217},"gfcc":{"cov":[[17445.4316406,-1658.29663086,-2468.60449219,982.697937012,-914.998779297,1082.85693359,-430.268890381,414.417785645,-281.062408447,228.769546509,-223.824203491,28.8059749603,-200.728393555],[-1658.29663086,1628.45227051,-8.63476657867,-298.847595215,305.148498535,-364.693206787,178.818267822,-166.774139404,101.304771423,-140.008270264,73.9040527344,-32.2937774658,75.2587432861],[-2468.60449219,-8.63476657867,1542.06982422,121.625534058,53.1594390869,-38.7504234314,-16.746257782,-13.527633667,-25.3691482544,83.9032211304,8.7889509201,58.3823776245,-18.7490081787],[982.697937012,-298.847595215,121.625534058,402.6434021,-59.2258872986,105.619430542,-18.7525501251,20.2749443054,-7.32787084579,21.2147350311,-8.73119926453,-1.42211341858,1.75592529774],[-914.998779297,305.148498535,53.1594390869,-59.2258872986,301.723388672,-34.4531211853,94.0482254028,-7.42622327805,58.4817657471,-5.51121282578,23.1497154236,24.8920516968,31.7868003845],[1082.85693359,-364.693206787,-38.7504234314,105.619430542,-34.4531211853,273.686279297,6.84268951416,78.8814697266,-29.0389556885,53.4839782715,11.0915641785,15.1049442291,-24.74908638],[-430.268890381,178.818267822,-16.746257782,-18.7525501251,94.0482254028,6.84268951416,187.521224976,4.73715162277,26.5267944336,-5.01484918594,40.2702865601,2.50806879997,0.126904964447],[414.417785645,-166.774139404,-13.527633667,20.2749443054,-7.42622327805,78.8814697266,4.73715162277,121.073280334,27.345085144,38.1989822388,-1.23112356663,13.4225254059,-1.37736737728],[-281.062408447,101.304771423,-25.3691482544,-7.32787084579,58.4817657471,-29.0389556885,26.5267944336,27.345085144,105.998527527,13.9153585434,8.38937664032,-4.46464729309,20.1459922791],[228.769546509,-140.008270264,83.9032211304,21.2147350311,-5.51121282578,53.4839782715,-5.01484918594,38.1989822388,13.9153585434,93.1180877686,14.828414917,20.6371192932,-9.11140155792],[-223.824203491,73.9040527344,8.7889509201,-8.73119926453,23.1497154236,11.0915641785,40.2702865601,-1.23112356663,8.38937664032,14.828414917,77.5965042114,20.4509983063,6.92890024185],[28.8059749603,-32.2937774658,58.3823776245,-1.42211341858,24.8920516968,15.1049442291,2.50806879997,13.4225254059,-4.46464729309,20.6371192932,20.4509983063,69.6336669922,15.0095739365],[-200.728393555,75.2587432861,-18.7490081787,1.75592529774,31.7868003845,-24.74908638,0.126904964447,-1.37736737728,20.1459922791,-9.11140155792,6.92890024185,15.0095739365,64.3227539062]],"icov":[[0.000346557033481,-0.000610949762631,0.00070349057205,-0.000975086411927,0.00074993079761,-0.000997879658826,0.00060531339841,-0.000756855471991,0.000777925364673,-0.00119967432693,0.00135027803481,-0.00116389372852,0.000968585663941],[-0.000610949762631,0.00261728395708,-0.00133089430165,0.00230642803945,-0.00213240040466,0.00285242125392,-0.00175705400761,0.00227002706379,-0.00204728846438,0.00333712971769,-0.00362507207319,0.00285577424802,-0.00237832288258],[0.00070349057205,-0.00133089430165,0.00220742239617,-0.00235870759934,0.00129814259708,-0.00163009192329,0.00133291597012,-0.00153255311307,0.00203089532442,-0.00334764108993,0.0028838487342,-0.00291551393457,0.00241557043046],[-0.000975086411927,0.00230642803945,-0.00235870759934,0.00602170359343,-0.00173808843829,0.00170102191623,-0.00199842895381,0.00302582141012,-0.00309770461172,0.00400303117931,-0.00380831840448,0.00390494894236,-0.00397495133802],[0.00074993079761,-0.00213240040466,0.00129814259708,-0.00173808843829,0.00693964678794,-0.00309284660034,-0.000486186560011,-0.00109678227454,-0.000422750948928,-0.00267382105812,0.00415711477399,-0.00467869779095,0.00101670483127],[-0.000997879658826,0.00285242125392,-0.00163009192329,0.00170102191623,-0.00309284660034,0.00996603723615,-0.00260944664478,-0.000908036658075,0.000358877005056,0.00197500176728,-0.00564909493551,0.00382178975269,-0.00174022035208],[0.00060531339841,-0.00175705400761,0.00133291597012,-0.00199842895381,-0.000486186560011,-0.00260944664478,0.00872826017439,-0.00227324734442,0.00093921541702,-0.00136248592753,-0.000783022143878,-0.00141742301639,0.00348610943183],[-0.000756855471991,0.00227002706379,-0.00153255311307,0.00302582141012,-0.00109678227454,-0.000908036658075,-0.00227324734442,0.01500866469,-0.00671909935772,0.00090699509019,-0.00136119080707,0.000801965652499,-0.00283626490273],[0.000777925364673,-0.00204728846438,0.00203089532442,-0.00309770461172,-0.000422750948928,0.000358877005056,0.00093921541702,-0.00671909935772,0.016421649605,-0.00663571525365,0.00245875352994,0.000773121661041,-0.000827719282825],[-0.00119967432693,0.00333712971769,-0.00334764108993,0.00400303117931,-0.00267382105812,0.00197500176728,-0.00136248592753,0.00090699509019,-0.00663571525365,0.0209680423141,-0.00811284780502,0.00129469763488,-0.00100968021434],[0.00135027803481,-0.00362507207319,0.0028838487342,-0.00380831840448,0.00415711477399,-0.00564909493551,-0.000783022143878,-0.00136119080707,0.00245875352994,-0.00811284780502,0.0229615867138,-0.00952838268131,0.00297487410717],[-0.00116389372852,0.00285577424802,-0.00291551393457,0.00390494894236,-0.00467869779095,0.00382178975269,-0.00141742301639,0.000801965652499,0.000773121661041,0.00129469763488,-0.00952838268131,0.0237719211727,-0.00870673451573],[0.000968585663941,-0.00237832288258,0.00241557043046,-0.00397495133802,0.00101670483127,-0.00174022035208,0.00348610943183,-0.00283626490273,-0.000827719282825,-0.00100968021434,0.00297487410717,-0.00870673451573,0.022752340883]],"mean":[1.10661375523,107.39050293,-112.403366089,35.1848907471,-55.08385849,13.3742303848,-30.7195854187,0.843976855278,-18.3103542328,-0.405374467373,-14.0349273682,-2.45740699768,-9.50280475616]},"hfc":{"dmean":6.50052976608,"dmean2":9.55784702301,"dvar":98.5795135498,"dvar2":186.4037323,"max":191.907562256,"mean":24.3164653778,"median":21.3040752411,"min":1.08327367879e-16,"var":399.034698486},"melbands":{"dmean":[0.00343155302107,0.0028736689128,0.00131893949583,0.000620458391495,0.000303846172756,0.000219467649003,0.000141773314681,0.000177878158865,0.000147299448145,0.000131094799144,0.000079465113231,0.0000809563134681,0.0000664371764287,0.0000535010476597,0.0000662442107568,0.0000468561011076,0.0000414566529798,0.0000291780961561,0.0000224376399274,0.0000275270358543,0.0000170350012922,0.0000154484532686,0.0000131951210278,0.00000827721305541,0.00000582437360208,0.00000508692164658,0.00000568174073123,0.00000590759873376,0.00000645470390737,0.00000413765110352,0.00000311061808134,0.00000250455263995,0.0000023005991352,0.00000223245001507,0.00000241117481892,0.00000210451162275,0.00000173994044417,0.00000116682724638,9.94596121018e-7,4.28545888553e-7],"dmean2":[0.00566207105294,0.0047541516833,0.00233671418391,0.0010446094675,0.000494460808113,0.000358679681085,0.000231757512665,0.000289406714728,0.000233540253248,0.000205588206882,0.000128741594381,0.000127351886476,0.000105637904198,0.0000885067420313,0.000109263295599,0.0000771059640101,0.0000685764534865,0.0000476591449114,0.0000366655112884,0.0000448950813734,0.0000270994951279,0.0000250531375059,0.0000214766532736,0.0000136360622491,0.0000096851372291,0.00000826640734886,0.00000946526233747,0.00000950850244408,0.0000101381301647,0.0000065977246777,0.00000496378424941,0.000003835662028,0.00000348529124494,0.00000332601143782,0.0000034849254007,0.00000304238415083,0.00000250929201684,0.00000163771244388,0.0000014323012465,6.27470569725e-7],"dvar":[0.0000680176526657,0.0000444892575615,0.00000741917801861,0.00000179791777555,2.26393638059e-7,1.22214700582e-7,6.27235579032e-8,1.17699777036e-7,7.76409976311e-8,7.05890599306e-8,2.29164989207e-8,3.18193791315e-8,1.80651369419e-8,1.04777067023e-8,1.45571679155e-8,1.00141779313e-8,6.50881615272e-9,4.06834477218e-9,1.89274995677e-9,2.79772116585e-9,1.25266463868e-9,1.14196174739e-9,7.19217851941e-10,2.99358232647e-10,1.25039756327e-10,1.32587288371e-10,1.40420244876e-10,1.08850962965e-10,1.56702775755e-10,5.01393475349e-11,3.62838717405e-11,2.99960473127e-11,3.38985679804e-11,5.10019249056e-11,8.02393637644e-11,7.22109524953e-11,5.28997748384e-11,2.11252196292e-11,1.43297934282e-11,2.74228860106e-12],"dvar2":[0.000168086742633,0.000114036432933,0.000020521121769,0.00000469856695418,5.78653100547e-7,3.12040640438e-7,1.59217165674e-7,2.9566447779e-7,1.89393773553e-7,1.64474840858e-7,5.87558623977e-8,7.94557237782e-8,4.18306314032e-8,2.70960907045e-8,3.64711567613e-8,2.58677790299e-8,1.65725229095e-8,1.02158566051e-8,4.73578642968e-9,6.85496948094e-9,2.93119417627e-9,2.73676836748e-9,1.76707404265e-9,7.66984420419e-10,3.22301074718e-10,3.3204020089e-10,3.60242918829e-10,2.5747345922e-10,3.52096407585e-10,1.17903034558e-10,8.78722997144e-11,6.42297881548e-11,7.08874695055e-11,9.76379879725e-11,1.42949804771e-10,1.3681619726e-10,1.14631144854e-10,3.85472834208e-11,2.88662288517e-11,5.188314188e-12],"max":[0.055248580873,0.049146104604,0.0286922715604,0.0165870059282,0.00885402411222,0.00700689991936,0.00517628900707,0.00912992749363,0.00473357317969,0.00650145485997,0.00368816079572,0.00377719849348,0.00304051837884,0.00241706124507,0.00214035995305,0.00265099713579,0.00143197714351,0.0021800713148,0.00097465259023,0.000970197899733,0.000913317198865,0.000803678296506,0.000541731074918,0.000565762980841,0.00026640467695,0.000358981400495,0.000360746431397,0.000191583341802,0.000352466246113,0.000151624932187,0.000171760446392,0.000155783141963,0.000187581128557,0.000184758828254,0.000218083208892,0.000226199132157,0.000302826636471,0.000146236707224,0.000127778126625,0.0000496824577567],"mean":[0.00323361693881,0.00303853838705,0.00161091936752,0.000895138829947,0.000517622334883,0.000387916137697,0.000245656789048,0.000292645097943,0.00024916161783,0.000219919747906,0.000138261340908,0.000142416349263,0.000119157695735,0.0000892423340701,0.000108122156234,0.00007582368562,0.0000677498028381,0.0000485597229272,0.0000399697819375,0.0000492237777507,0.0000323457134073,0.0000314679891744,0.000024813141863,0.0000147336686496,0.0000115377579277,0.00000945663578023,0.00000938245102589,0.000010606973774,0.0000120879985843,0.00000786477903603,0.00000537628329766,0.00000419396974394,0.00000390116611015,0.00000365914092981,0.00000378189452022,0.00000315167449116,0.00000253785810855,0.00000172767249751,0.00000146121828948,6.79898619182e-7],"median":[0.000754812848754,0.00108159228694,0.000902336207218,0.000534353603143,0.000330547482008,0.000249944016105,0.000155179499416,0.00014889978047,0.000121407516417,0.00010017821478,0.0000729513049009,0.0000539646644029,0.0000557036182727,0.0000490609163535,0.0000586088608543,0.0000359821242455,0.0000295771988021,0.0000233228274737,0.0000201887087314,0.0000235653678828,0.0000157648955792,0.0000147422324517,0.0000109890916065,0.00000834509501146,0.00000634675234323,0.00000480054131913,0.00000454786231785,0.00000572209683014,0.00000517621674589,0.00000343917940882,0.00000216034959521,0.00000166904737853,0.00000151655228819,0.00000138136749683,0.00000126460884076,9.32951479626e-7,5.97150688009e-7,3.11648420848e-7,2.59367197941e-7,1.63952691423e-7],"min":[1.29636194682e-24,2.05827733567e-24,1.33456786097e-24,9.29338001172e-25,4.06512685678e-24,2.31690380573e-24,8.63136498183e-25,2.0444420959e-24,2.62145637718e-24,1.85629955887e-24,3.12655730947e-24,3.86403359026e-24,1.98370808924e-24,2.05253324499e-24,2.48475250154e-24,3.99851544194e-24,2.92053662053e-24,3.99445280828e-24,2.88767563344e-24,2.95473236026e-24,3.14316776191e-24,2.47532817752e-24,3.42746494911e-24,4.75799758933e-24,5.07362833169e-24,4.37859138709e-24,5.30098790533e-24,4.45366491286e-24,5.32404985947e-24,4.20077464488e-24,5.95623746689e-24,5.31019193995e-24,4.97881908379e-24,6.05085936032e-24,5.80218949818e-24,6.70688989416e-24,6.37196519179e-24,5.73032071984e-24,5.78504123982e-24,6.84607335684e-24],"var":[0.0000600223174843,0.0000382003636332,0.00000569346502743,0.00000168443841631,3.63550213933e-7,2.09387408745e-7,1.02078054454e-7,2.33896784607e-7,1.57145180424e-7,1.54591219825e-7,4.54746356127e-8,7.86622820215e-8,4.75399382083e-8,1.9908023674e-8,2.54645122766e-8,1.7374610195e-8,1.24810775048e-8,6.47664943898e-9,3.98397936863e-9,6.41478337116e-9,3.09402925502e-9,3.13612047442e-9,1.8067551899e-9,4.88542373223e-10,2.60793830975e-10,2.32766111941e-10,2.11411971263e-10,2.23732074534e-10,3.92404109206e-10,1.30812638499e-10,6.57228854672e-11,5.58309613818e-11,6.29975932531e-11,8.46689662826e-11,1.32359054272e-10,1.15023053582e-10,8.06024136324e-11,4.18911884348e-11,2.73198321604e-11,5.47136684917e-12]},"melbands_crest":{"dmean":3.35192751884,"dmean2":5.28218221664,"dvar":10.0154705048,"dvar2":23.5308609009,"max":31.1942481995,"mean":13.0175704956,"median":11.7707901001,"min":1.00265264511,"var":30.0166625977},"melbands_flatness_db":{"dmean":0.0315963178873,"dmean2":0.0485935248435,"dvar":0.00141377968248,"dvar2":0.00348756415769,"max":0.63169324398,"mean":0.210920616984,"median":0.181518286467,"min":-8.62865050522e-8,"var":0.0100686158985},"melbands_kurtosis":{"dmean":12.4503469467,"dmean2":19.9066467285,"dvar":951.130371094,"dvar2":2385.57910156,"max":511.345092773,"mean":16.5651721954,"median":5.54910469055,"min":-1.44916951656,"var":1162.01000977},"melbands_skewness":{"dmean":0.944766521454,"dmean2":1.40727710724,"dvar":1.66837465763,"dvar2":3.53579854965,"max":16.7309112549,"mean":2.578373909,"median":2.05881690979,"min":-0.942074418068,"var":3.71351623535},"melbands_spread":{"dmean":6.93963956833,"dmean2":10.3118810654,"dvar":82.2741241455,"dvar2":156.134246826,"max":157.737838745,"mean":24.2711830139,"median":21.8657989502,"min":0.436395823956,"var":388.448150635},"mfcc":{"cov":[[10397.6171875,-1729.02416992,-1321.20214844,-301.917449951,-284.941131592,235.227401733,86.4313659668,175.786743164,114.250770569,200.036315918,53.9883499146,115.543968201,-8.88535404205],[-1729.02416992,1536.05859375,-82.1447219849,72.1998748779,64.8886108398,-40.282119751,14.1352920532,15.7906885147,-8.7479763031,-59.0561676025,7.57491874695,-32.0785980225,4.29874515533],[-1321.20214844,-82.1447219849,1018.9977417,234.584899902,95.3565063477,54.2751617432,12.9953737259,-48.1884880066,-40.5549316406,4.09313869476,-0.716395020485,-0.330505490303,26.3481807709],[-301.917449951,72.1998748779,234.584899902,320.107421875,44.3948135376,48.3092384338,3.46500015259,3.49376583099,11.9172821045,-14.6164951324,-2.83993053436,-4.14931535721,10.040394783],[-284.941131592,64.8886108398,95.3565063477,44.3948135376,188.473861694,22.5006809235,-5.20050764084,-1.51167654991,41.1415252686,-6.54511404037,-5.89179706573,26.5276317596,9.16262149811],[235.227401733,-40.282119751,54.2751617432,48.3092384338,22.5006809235,145.273468018,62.9810256958,30.2756881714,-2.95891952515,15.9779958725,21.9321117401,8.7687702179,4.64466714859],[86.4313659668,14.1352920532,12.9953737259,3.46500015259,-5.20050764084,62.9810256958,137.986129761,47.7381286621,-9.77901268005,18.4751853943,33.505405426,-5.06369352341,6.08446788788],[175.786743164,15.7906885147,-48.1884880066,3.49376583099,-1.51167654991,30.2756881714,47.7381286621,95.0741729736,18.8934764862,14.9731884003,19.1629600525,5.84941482544,7.8368024826],[114.250770569,-8.7479763031,-40.5549316406,11.9172821045,41.1415252686,-2.95891952515,-9.77901268005,18.8934764862,100.686759949,22.9138355255,0.617590069771,17.9214897156,9.2127904892],[200.036315918,-59.0561676025,4.09313869476,-14.6164951324,-6.54511404037,15.9779958725,18.4751853943,14.9731884003,22.9138355255,82.7200012207,30.3885231018,7.39346170425,5.71319484711],[53.9883499146,7.57491874695,-0.716395020485,-2.83993053436,-5.89179706573,21.9321117401,33.505405426,19.1629600525,0.617590069771,30.3885231018,76.7548294067,16.1683063507,4.77827978134],[115.543968201,-32.0785980225,-0.330505490303,-4.14931535721,26.5276317596,8.7687702179,-5.06369352341,5.84941482544,17.9214897156,7.39346170425,16.1683063507,79.3476791382,18.7527065277],[-8.88535404205,4.29874515533,26.3481807709,10.040394783,9.16262149811,4.64466714859,6.08446788788,7.8368024826,9.2127904892,5.71319484711,4.77827978134,18.7527065277,65.2272644043]],"icov":[[0.000177253008587,0.000187586803804,0.000251121469773,-0.0000440822041128,0.000152363078087,-0.000306414614897,0.0000273213900073,-0.000107782274426,-0.0000402157857025,-0.000241846835706,0.000105948442069,-0.000180650749826,-0.00000101469220226],[0.000187586803804,0.000928357709199,0.000400052696932,-0.000285032729153,-0.000230727237067,0.0000531224286533,-0.000133141656988,-0.00024701928487,0.000113720954687,0.000247341173235,-0.000277741142781,0.000216076718061,-0.00016212920309],[0.000251121469773,0.000400052696932,0.00173669855576,-0.00105079368223,-0.000518993067089,-0.000437764130766,-0.000205328295124,0.000592169293668,0.000911966431886,-0.000887284288183,0.000190932347323,-0.000128691492137,-0.000507935183123],[-0.0000440822041128,-0.000285032729153,-0.00105079368223,0.00424291146919,-0.0000453488137282,-0.00137990119401,0.000644449493848,-0.00039120882866,-0.00116147112567,0.00124560575932,-0.000191465529497,0.000646363303531,-0.000241205911152],[0.000152363078087,-0.000230727237067,-0.000518993067089,-0.0000453488137282,0.00715653784573,-0.00154846243095,0.000136102607939,0.000489003548864,-0.00333023280837,0.00104691460729,0.000764955708291,-0.00212143082172,0.000218643152039],[-0.000306414614897,0.0000531224286533,-0.000437764130766,-0.00137990119401,-0.00154846243095,0.0103684300557,-0.0038860370405,-0.00101776246447,0.0013064390514,-0.000616692821495,-0.000638848403469,-0.000609251845162,0.000399429176468],[0.0000273213900073,-0.000133141656988,-0.000205328295124,0.000644449493848,0.000136102607939,-0.0038860370405,0.011528420262,-0.00436548469588,0.0014287806116,-0.000477027992019,-0.00297878310084,0.00189460103866,-0.000783554452937],[-0.000107782274426,-0.00024701928487,0.000592169293668,-0.00039120882866,0.000489003548864,-0.00101776246447,-0.00436548469588,0.0144948670641,-0.00281224190257,-0.000157999063958,-0.00109428609721,-0.000263823982095,-0.0009408359183],[-0.0000402157857025,0.000113720954687,0.000911966431886,-0.00116147112567,-0.00333023280837,0.0013064390514,0.0014287806116,-0.00281224190257,0.0139493728057,-0.00462686782703,0.00152372813318,-0.00151031941641,-0.000865567300934],[-0.000241846835706,0.000247341173235,-0.000887284288183,0.00124560575932,0.00104691460729,-0.000616692821495,-0.000477027992019,-0.000157999063958,-0.00462686782703,0.0169469900429,-0.00617435388267,0.00108159263618,-0.000611749885138],[0.000105948442069,-0.000277741142781,0.000190932347323,-0.000191465529497,0.000764955708291,-0.000638848403469,-0.00297878310084,-0.00109428609721,0.00152372813318,-0.00617435388267,0.018063351512,-0.00414424436167,0.000526264542714],[-0.000180650749826,0.000216076718061,-0.000128691492137,0.000646363303531,-0.00212143082172,-0.000609251845162,0.00189460103866,-0.000263823982095,-0.00151031941641,0.00108159263618,-0.00414424436167,0.0159458480775,-0.00405223108828],[-0.00000101469220226,-0.00016212920309,-0.000507935183123,-0.000241205911152,0.000218643152039,0.000399429176468,-0.000783554452937,-0.0009408359183,-0.000865567300934,-0.000611749885138,0.000526264542714,-0.00405223108828,0.0170131307095]],"mean":[-634.042480469,130.574157715,4.47467327118,24.5481777191,1.63194823265,12.266289711,-1.64744710922,3.37402939796,-0.501685142517,1.94071006775,-3.9323143959,3.86965036392,-1.35078394413]},"pitch_salience":{"dmean":0.0800344124436,"dmean2":0.128584206104,"dvar":0.00655303429812,"dvar2":0.0158987939358,"max":0.995861232281,"mean":0.570245087147,"median":0.585294246674,"min":0.0661304369569,"var":0.0142604680732},"silence_rate_20dB":{"dmean":0,"dmean2":0,"dvar":0,"dvar2":0,"max":1,"mean":1,"median":1,"min":1,"var":0},"silence_rate_30dB":{"dmean":0.0907791256905,"dmean2":0.181574478745,"dvar":0.0825365260243,"dvar2":0.185231938958,"max":1,"mean":0.927275955677,"median":1,"min":0,"var":0.0674402862787},"silence_rate_60dB":{"dmean":0.00160829164088,"dmean2":0.00321687059477,"dvar":0.00160566158593,"dvar2":0.0037422424648,"max":1,"mean":0.0268918070942,"median":0,"min":0,"var":0.0261689499021},"spectral_centroid":{"dmean":240.043563843,"dmean2":375.900177002,"dvar":88669.015625,"dvar2":196226.25,"max":11842.2275391,"mean":1303.56469727,"median":1252.31970215,"min":163.621276855,"var":868621.125},"spectral_complexity":{"dmean":3.75839877129,"dmean2":5.87472057343,"dvar":15.6865720749,"dvar2":34.4431724548,"max":60,"mean":22.9174480438,"median":24,"min":0,"var":140.439971924},"spectral_contrast_coeffs":{"dmean":[0.0522949509323,0.0470438823104,0.0383587218821,0.031040109694,0.0220414977521,0.020583646372],"dmean2":[0.0858819931746,0.0776631981134,0.0620189458132,0.0503494404256,0.0350677333772,0.0325495004654],"dvar":[0.00199088570662,0.00141805992462,0.000950793095399,0.000633789750282,0.000358191144187,0.00046807268518],"dvar2":[0.0052579944022,0.00386158120818,0.00245364289731,0.00156807701569,0.000830902485177,0.00110925443005],"max":[-0.337265491486,-0.486730188131,-0.535742998123,-0.545428097248,-0.599630832672,-0.568037807941],"mean":[-0.642650127411,-0.740149199963,-0.778004407883,-0.780422031879,-0.795653820038,-0.746855318546],"median":[-0.646049022675,-0.741954445839,-0.782485365868,-0.777425408363,-0.794365048409,-0.741947650909],"min":[-0.992691159248,-0.986510157585,-0.992546796799,-0.993376553059,-0.996030628681,-0.973906934261],"var":[0.00594679731876,0.00360587076284,0.00364768924192,0.0033245452214,0.0021187919192,0.00251514511183]},"spectral_contrast_valleys":{"dmean":[0.398211479187,0.338440865278,0.328823685646,0.310514241457,0.290436714888,0.32312259078],"dmean2":[0.634660899639,0.549880981445,0.520740032196,0.480615407228,0.432874262333,0.425679534674],"dvar":[0.137133792043,0.0947469472885,0.116660542786,0.13280852139,0.161600276828,0.167531237006],"dvar2":[0.292279422283,0.210686832666,0.241191416979,0.275831848383,0.327945381403,0.288266867399],"max":[-4.83954620361,-4.85309171677,-5.44253873825,-5.79092121124,-5.48388338089,-7.54555845261],"mean":[-6.97559785843,-6.54779052734,-7.15554571152,-7.60204076767,-7.62349939346,-10.3486223221],"median":[-6.7679233551,-6.28093528748,-6.79270029068,-7.1756029129,-7.15785694122,-9.94530773163],"min":[-28.0405864716,-27.9636554718,-27.688741684,-27.6934051514,-27.527261734,-27.379234314],"var":[2.92993950844,2.85096597672,3.06732559204,3.22845029831,3.4163672924,3.44099164009]},"spectral_decrease":{"dmean":4.74693617747e-9,"dmean2":7.25733428908e-9,"dvar":7.34593889543e-17,"dvar2":1.57654033777e-16,"max":4.79601119103e-16,"mean":-9.36545241359e-9,"median":-6.66718946718e-9,"min":-5.68498990106e-8,"var":9.24944096534e-17},"spectral_energy":{"dmean":0.0182639043778,"dmean2":0.0278371218592,"dvar":0.00105714006349,"dvar2":0.00226165610366,"max":0.21822860837,"mean":0.0375528670847,"median":0.0278266146779,"min":1.01361153221e-20,"var":0.00136392062996},"spectral_energyband_high":{"dmean":0.000556868850254,"dmean2":0.0007855486474,"dvar":0.00000149815252826,"dvar2":0.00000247126672548,"max":0.0210836902261,"mean":0.00123148981947,"median":0.000595909717958,"min":7.29507626655e-21,"var":0.00000397930944018},"spectral_energyband_low":{"dmean":0.0150649631396,"dmean2":0.0237631164491,"dvar":0.00107529910747,"dvar2":0.00241138064303,"max":0.20646981895,"mean":0.0178303215653,"median":0.0066250343807,"min":1.14758609331e-23,"var":0.00114330265205},"spectral_energyband_middle_high":{"dmean":0.00186605553608,"dmean2":0.002988248365,"dvar":0.00000538860922461,"dvar2":0.0000135680347739,"max":0.0357514023781,"mean":0.00656257988885,"median":0.00544851180166,"min":1.09365585734e-21,"var":0.0000316000441671},"spectral_energyband_middle_low":{"dmean":0.00597498286515,"dmean2":0.00996243022382,"dvar":0.000102819045424,"dvar2":0.000272136705462,"max":0.125647708774,"mean":0.013553654775,"median":0.0110479844734,"min":1.88388024237e-22,"var":0.000129739579279},"spectral_entropy":{"dmean":0.169862285256,"dmean2":0.24628265202,"dvar":0.0594219453633,"dvar2":0.123132973909,"max":9.81636714935,"mean":7.52352285385,"median":7.6717672348,"min":4.77751493454,"var":0.385467886925},"spectral_flux":{"dmean":0.0388157591224,"dmean2":0.0567482411861,"dvar":0.00293663213961,"dvar2":0.00562137924135,"max":0.419030070305,"mean":0.107847034931,"median":0.0892701521516,"min":6.40768965665e-11,"var":0.00601671915501},"spectral_kurtosis":{"dmean":2.35036993027,"dmean2":3.88488268852,"dvar":27.3776741028,"dvar2":74.3416213989,"max":320.494415283,"mean":6.59864711761,"median":3.42533254623,"min":-1.24607408047,"var":295.83380127},"spectral_rms":{"dmean":0.00118992780335,"dmean2":0.00175056967419,"dvar":0.00000300588681057,"dvar2":0.00000580963933317,"max":0.0145912971348,"mean":0.00552636152133,"median":0.00521036610007,"min":3.14466096392e-12,"var":0.00000609633843851},"spectral_rolloff":{"dmean":463.33795166,"dmean2":735.773498535,"dvar":821744.4375,"dvar2":1501749.625,"max":19875.1464844,"mean":1519.88098145,"median":1184.32617188,"min":64.599609375,"var":4067867.75},"spectral_skewness":{"dmean":0.278579622507,"dmean2":0.441314667463,"dvar":0.170646801591,"dvar2":0.423094630241,"max":14.5541992188,"mean":1.65105700493,"median":1.41534054279,"min":-0.0960597246885,"var":1.29483520985},"spectral_spread":{"dmean":525796.4375,"dmean2":728610.375,"dvar":574193860608,"dvar2":1013002731520,"max":42254132,"mean":4444585,"median":4175100.75,"min":331416.59375,"var":8574109483010},"spectral_strongpeak":{"dmean":0.550924897194,"dmean2":0.960277676582,"dvar":0.833920478821,"dvar2":2.22597289085,"max":9.82820034027,"mean":0.833190321922,"median":0.483629047871,"min":0,"var":1.061429739},"zerocrossingrate":{"dmean":0.0100290924311,"dmean2":0.0114847971126,"dvar":0.000201732254936,"dvar2":0.0002035786747,"max":0.83544921875,"mean":0.0584986954927,"median":0.05126953125,"min":0.00244140625,"var":0.00316585996188}},"metadata":{"audio_properties":{"analysis_sample_rate":44100,"bit_rate":320032,"codec":"mp3","downmix":"mix","equal_loudness":0,"length":259.866119385,"lossless":false,"md5_encoded":"9834b5712c4390b2c028e00474a510b0","replay_gain":-15.2931289673,"sample_rate":44100},"tags":{"album":["We Need Medicine"],"albumartist":["The Fratellis"],"artist":["The Fratellis"],"composer":["The Fratellis"],"date":["2013"],"encodedby":["exy"],"file_name":"1978032.mp3","genre":["Indie"],"musicbrainz_recordingid":["3b2aab4f-2d56-4b02-b2a0-f645e801b970"],"title":["Jeannie Nitro"],"tracknumber":["8"]},"version":{"essentia":"2.1-beta2","essentia_build_sha":"70f2e5ece6736b2c40cc944ad0e695b16b925413","essentia_git_sha":"v2.1_beta2","extractor":"music 1.0"}},"rhythm":{"beats_count":659,"beats_loudness":{"dmean":0.0310658924282,"dmean2":0.0552939511836,"dvar":0.000703777943272,"dvar2":0.00208667432889,"max":0.1963827461,"mean":0.0699980333447,"median":0.0648643150926,"min":0,"var":0.000983527046628},"beats_loudness_band_ratio":{"dmean":[0.16952355206,0.0800861045718,0.0674838572741,0.049547623843,0.033535528928,0.0319372713566],"dmean2":[0.313018172979,0.146727412939,0.122612021863,0.0861737057567,0.059758760035,0.061521731317],"dvar":[0.0251546241343,0.00564133236185,0.00809638295323,0.00442782975733,0.00213569286279,0.00134578393772],"dvar2":[0.0748952254653,0.017405660823,0.0233749225736,0.0124509856105,0.00611286517233,0.00482537131757],"max":[0.988170325756,0.697938382626,0.85481351614,0.627539455891,0.563332378864,0.238254204392],"mean":[0.691525042057,0.11253913492,0.084572866559,0.0661602392793,0.0441627576947,0.0315853394568],"median":[0.741592466831,0.0862397328019,0.0560525581241,0.0506128408015,0.0278370101005,0.0183018986136],"min":[0,0,0,0,0,0],"var":[0.0428593866527,0.00943458545953,0.00802652630955,0.00497838295996,0.00278160069138,0.00125866872258]},"beats_position":[0.441179126501,0.8591