{"lowlevel":{"average_loudness":0.883417904377,"barkbands":{"dmean":[0.000113433750812,0.00292766396888,0.00135460018646,0.000858917017467,0.000847984396387,0.000216838554479,0.000206791024539,0.00038879897329,0.000244405149715,0.000368566601537,0.000186911755009,0.000180965827894,0.000164388766279,0.000404397316743,0.000228689328651,0.000460704817669,0.000521108740941,0.000336188124493,0.000269864627626,0.000100518183899,0.0000504642666783,0.0000683316247887,0.0000568020368519,0.0000583190376346,0.0000453399043181,0.0000236984433286,0.00000683839971316],"dmean2":[0.000172606887645,0.00489339698106,0.00238741678186,0.0015112303663,0.00147201947402,0.000355083495378,0.000321381667163,0.000599277671427,0.00037073722342,0.000542773283087,0.000293016753858,0.000285406102194,0.000268078438239,0.000661172147375,0.000381688121706,0.000766454788391,0.000881398736965,0.000564931309782,0.000447282363893,0.000167640886502,0.0000849313219078,0.000114679758553,0.0000808157928986,0.0000859637075337,0.0000657830605633,0.0000347754503309,0.00000950042340264],"dvar":[7.95399301978e-8,0.000052356015658,0.00000670219651511,0.00000403189960707,0.00000381694326279,2.07081328085e-7,1.69050437648e-7,9.94973447632e-7,6.46084174605e-7,6.97120981386e-7,9.77910517008e-8,1.94465741288e-7,6.88078216626e-8,3.4226368939e-7,1.39116991704e-7,4.31040206195e-7,5.96354993831e-7,3.41486128264e-7,1.8087932574e-7,2.45297790968e-8,7.88614951119e-9,3.76702544713e-8,4.03068121102e-8,4.87253792869e-8,3.07075893602e-8,1.50596441983e-8,1.03039898836e-9],"dvar2":[1.63289826105e-7,0.000133293055114,0.0000193311898329,0.0000113571259135,0.0000107977466541,4.90901641115e-7,3.46795587802e-7,0.00000226596375796,0.00000124676898849,0.00000141449868352,2.3015056172e-7,4.9440774319e-7,1.85520704576e-7,9.0338244263e-7,3.71599355731e-7,0.0000011623909586,0.00000172027216649,9.73863166109e-7,4.94221808367e-7,6.33884482681e-8,2.04369303702e-8,1.0032091069e-7,6.80655034557e-8,8.8795395925e-8,6.51970921695e-8,3.68330006495e-8,1.37264644096e-9],"max":[0.00308854924515,0.0646603256464,0.0321846753359,0.0258308649063,0.0248235240579,0.016277320683,0.0190350972116,0.0280806496739,0.0384124368429,0.0249807164073,0.00925448350608,0.0188195742667,0.00409192265943,0.0086155673489,0.00773776788265,0.0129755549133,0.0160576254129,0.0143289705738,0.0103163113818,0.00345424609259,0.00158501183614,0.00250446493737,0.00937005970627,0.0107614686713,0.00731741543859,0.00442622229457,0.00255386671051],"mean":[0.000135685972054,0.00378238433041,0.00178004987538,0.000979437259957,0.00118287303485,0.000494655338116,0.000461840216303,0.000789719109889,0.000530893041287,0.00118908169679,0.000390324683394,0.000349898822606,0.000338270619977,0.000888554146513,0.000459214556031,0.00105945731048,0.00130102061667,0.000920123711694,0.000793185259681,0.000281453103526,0.000121354656585,0.00010858092719,0.000131011605845,0.000146081001731,0.0000898356011021,0.0000437183807662,0.0000139426992973],"median":[0.000017394671886,0.00215393677354,0.000994297559373,0.000478681351524,0.000686883868184,0.000249865930527,0.000237904154346,0.00029095337959,0.000240672146901,0.000328451918904,0.000227978991461,0.000244862632826,0.000239527391386,0.000669874018058,0.000336276105372,0.000840944470838,0.00108939176425,0.000646903179586,0.000605880981311,0.000219806330279,0.0000832060250104,0.0000397179319407,0.0000374671944883,0.0000449830113212,0.0000258366635535,0.00000685706618242,0.00000178265622708],"min":[2.9517563825e-24,9.73860304865e-24,2.51356978763e-24,7.94952094701e-24,3.2558832846e-23,1.65580894264e-23,1.10827399896e-23,1.6968360206e-23,2.97638039955e-23,5.5321534173e-23,5.01697707464e-23,6.32001783343e-23,5.26059846365e-23,6.48797957301e-23,8.47978141458e-23,7.27372984191e-23,1.1619089359e-22,1.7692285868e-22,1.69821785247e-22,2.29039667514e-22,4.05395644437e-22,3.92083635594e-22,5.46913756736e-22,6.59261585053e-22,1.18247154834e-21,1.49671697837e-21,2.32341059237e-21],"var":[1.10834591283e-7,0.0000487253419124,0.00000669037854095,0.00000330346756527,0.00000332310469275,7.83964253515e-7,6.98536382515e-7,0.00000352386132363,0.00000261425498138,0.00000650235688227,3.25776142063e-7,2.70218464493e-7,1.50701069401e-7,9.24838730043e-7,2.96691268886e-7,0.00000126379552512,0.00000189722084087,0.00000166530026036,8.54101926961e-7,9.84032411111e-8,2.07477039993e-8,5.28884811501e-8,1.97714356887e-7,2.16789516116e-7,7.78255540013e-8,2.32618866391e-8,4.15241796503e-9]},"barkbands_crest":{"dmean":2.04614639282,"dmean2":3.32751345634,"dvar":5.67126131058,"dvar2":14.2049818039,"max":26.6304798126,"mean":8.72412872314,"median":6.98705244064,"min":2.26159191132,"var":28.7688732147},"barkbands_flatness_db":{"dmean":0.0142184030265,"dmean2":0.0224949456751,"dvar":0.000304926041281,"dvar2":0.00076679472113,"max":0.485336273909,"mean":0.122304424644,"median":0.0927982479334,"min":0.0234751682729,"var":0.00773907778785},"barkbands_kurtosis":{"dmean":4.40531301498,"dmean2":7.08363485336,"dvar":637.434326172,"dvar2":1712.13232422,"max":2352.06616211,"mean":28.0335826874,"median":-0.792617559433,"min":-1.84288036823,"var":29502.4941406},"barkbands_skewness":{"dmean":0.441592186689,"dmean2":0.710597336292,"dvar":0.350350379944,"dvar2":0.95084965229,"max":40.2095794678,"mean":1.4559751749,"median":0.439900875092,"min":-2.04515480995,"var":19.1683139801},"barkbands_spread":{"dmean":4.32059860229,"dmean2":6.95656871796,"dvar":28.7038707733,"dvar2":67.502456665,"max":124.940444946,"mean":30.5757865906,"median":34.2924423218,"min":0.135274007916,"var":260.673187256},"dissonance":{"dmean":0.0119902789593,"dmean2":0.0198336280882,"dvar":0.000266793678747,"dvar2":0.00068399385782,"max":0.500000119209,"mean":0.469263881445,"median":0.483666419983,"min":0.163402661681,"var":0.0014468858717},"dynamic_complexity":5.18800067902,"erbbands":{"dmean":[0.0852838456631,0.68281775713,1.48248708248,2.25878214836,3.1998295784,2.72409439087,1.69643473625,1.88213789463,2.12395739555,5.37053203583,8.52981567383,5.29777669907,13.2150535583,6.53364944458,6.72647476196,7.98588609695,7.33937692642,18.1158828735,12.1928720474,17.7749118805,27.823802948,24.7437915802,15.2411289215,17.9401340485,8.54920959473,5.11178159714,2.43669724464,1.77059447765,2.41042971611,2.10678219795,1.59038329124,1.31468379498,1.00318479538,0.601372301579,0.284319162369,0.126690194011,0.0400600172579,0.00786328781396,0.00117273838259,0.0000801928399596],"dmean2":[0.138964548707,1.1775547266,2.63279938698,3.96630144119,5.67849683762,4.69507884979,2.78351855278,3.05333805084,3.44801950455,8.23828029633,13.0260686874,8.0092830658,19.2672977448,10.2167654037,10.6503381729,12.5168085098,11.872253418,29.7517852783,19.9529972076,29.4465713501,46.8506507874,41.8597450256,25.6971721649,29.984041214,14.4204435349,8.59615516663,4.11935424805,2.98308229446,4.07392787933,3.31855940819,2.24432277679,1.90307271481,1.47172009945,0.856766462326,0.432649165392,0.193890184164,0.0587837323546,0.0108051663265,0.00165631459095,0.000112204972538],"dvar":[0.0462238565087,2.94941115379,9.73596000671,20.7038116455,75.0545806885,30.8043842316,12.3503694534,14.5536117554,14.5144443512,135.079864502,710.720703125,296.920318604,1046.23266602,152.169006348,180.059814453,286.231994629,122.334480286,767.182800293,341.772155762,848.91809082,1589.07958984,1164.61291504,611.000549316,835.299255371,197.436309814,70.8054046631,15.6802711487,13.8958005905,50.1292419434,31.2146778107,39.1524658203,32.5610809326,14.9639177322,4.98296356201,1.4043558836,0.28042525053,0.0707325190306,0.00175364105962,0.000043252712203,1.08665986431e-7],"dvar2":[0.111143998802,7.94366455078,27.9930343628,58.0112419128,217.153549194,84.707244873,30.2303733826,35.3456039429,35.1216430664,260.567321777,1587.45141602,592.094543457,2082.55224609,364.711730957,457.147766113,744.797180176,324.848083496,2074.91308594,924.68170166,2294.07983398,4366.5625,3343.06616211,1778.68688965,2382.40576172,542.08782959,180.084518433,41.3474502563,35.882358551,134.565078735,71.1693954468,70.8219985962,58.7038993835,30.5532054901,10.3286914825,3.19527220726,0.700244069099,0.178287371993,0.00316191930324,0.0000669448490953,1.4353888389e-7],"max":[1.92838323116,14.9753866196,32.6668434143,61.0055732727,106.943832397,75.8833770752,154.662094116,108.479919434,128.585037231,551.928405762,771.940490723,888.796630859,998.737915039,269.830230713,618.30480957,801.175537109,209.738052368,424.450958252,356.388549805,620.338134766,818.352294922,564.997436523,580.335388184,800.571533203,335.310211182,231.400650024,71.3535614014,51.9986076355,92.0762786865,149.265686035,335.253387451,353.042877197,115.265914917,91.8725738525,49.5491294861,18.1927871704,11.6860017776,2.93752884865,0.51394879818,0.026783529669],"mean":[0.114183880389,0.831216096878,1.92554306984,2.98981547356,3.92465925217,3.74650073051,3.20930790901,4.10752439499,4.56979465485,12.1063919067,18.1108779907,13.1567049026,44.0004386902,15.9196271896,15.2534685135,16.4089355469,17.9186134338,39.541469574,29.4671325684,38.2222747803,69.4342346191,66.8057250977,47.0472755432,54.0456809998,26.5460414886,14.4024419785,6.95469093323,3.67731761932,3.69054198265,4.20475006104,3.64787483215,3.11733627319,2.32171797752,1.24240255356,0.516157388687,0.22785821557,0.0722509101033,0.0153844896704,0.00237109535374,0.000170559098478],"median":[0.0619052760303,0.474170833826,1.07434141636,1.75107097626,2.17085075378,1.94831693172,1.75854730606,1.91481208801,2.79345083237,5.15829753876,6.04066181183,6.27017688751,10.3879070282,8.9141960144,10.2745294571,12.0907659531,14.3824872971,30.2095108032,23.1449508667,27.9518470764,57.0461120605,59.1346855164,37.9457778931,39.3005867004,20.7008209229,11.2049674988,5.23478889465,2.13032078743,1.27017235756,1.47203946114,1.04794573784,0.866566181183,0.683077692986,0.344886600971,0.12638476491,0.0364254042506,0.0109129734337,0.00252971379086,0.000306270027068,0.0000470000850328],"min":[3.39981657345e-22,1.83851210703e-21,6.01297660935e-21,2.02112325363e-20,4.38025609312e-20,7.21974935487e-20,9.94375527841e-20,1.25433590539e-19,1.83652720475e-19,2.05916467608e-19,5.99562376566e-19,6.07905785513e-19,1.66850911551e-18,1.32430013407e-18,2.01295498079e-18,2.35877582705e-18,2.37590466958e-18,3.45360789079e-18,3.01501315537e-18,4.65721006918e-18,5.81922967138e-18,8.7424752028e-18,1.00252801316e-17,8.91890290129e-18,9.88809884449e-18,1.26541635159e-17,1.41558181009e-17,1.52717988982e-17,1.58247128894e-17,1.4307622287e-17,1.52579866363e-17,1.39652770468e-17,1.2230114338e-17,1.0637183681e-17,8.17576549333e-18,4.59242032052e-18,2.9852478882e-18,1.22066887898e-18,3.07148575806e-19,3.22438880182e-20],"var":[0.0480461493134,2.39606666565,8.44989585876,20.2393264771,54.59324646,32.6955909729,27.942691803,56.9232139587,42.3851165771,672.845092773,2648.97924805,1084.14489746,9982.73632812,480.981842041,431.913513184,461.063995361,346.940887451,1923.6081543,929.805969238,2110.91723633,5152.01318359,4179.93212891,3047.75439453,4292.46191406,949.576599121,286.070495605,58.1274185181,27.2873954773,64.966506958,89.9349060059,181.764053345,136.938476562,49.2558479309,13.3579549789,3.0776925087,0.428693234921,0.0936176627874,0.0050072860904,0.000164887896972,4.01404207651e-7]},"erbbands_crest":{"dmean":1.84849131107,"dmean2":2.95584654808,"dvar":3.32054042816,"dvar2":8.08285140991,"max":29.9066696167,"mean":9.09944152832,"median":7.73370361328,"min":2.52008342743,"var":20.1007061005},"erbbands_flatness_db":{"dmean":0.0127956876531,"dmean2":0.0194095447659,"dvar":0.000194214837393,"dvar2":0.000391167675843,"max":0.357633531094,"mean":0.165897935629,"median":0.159360617399,"min":0.0286160577089,"var":0.00267833448015},"erbbands_kurtosis":{"dmean":0.824688792229,"dmean2":1.30409753323,"dvar":1.21331226826,"dvar2":2.83492875099,"max":43.409778595,"mean":1.36506593227,"median":0.709341883659,"min":-1.82409965992,"var":11.1230297089},"erbbands_skewness":{"dmean":0.257645487785,"dmean2":0.399254322052,"dvar":0.0729309469461,"dvar2":0.167327776551,"max":5.88255119324,"mean":-0.202370837331,"median":-0.444323420525,"min":-2.82991814613,"var":1.07642483711},"erbbands_spread":{"dmean":5.15750837326,"dmean2":8.26868152618,"dvar":56.1676445007,"dvar2":136.146987915,"max":180.3253479,"mean":28.1283931732,"median":24.9121646881,"min":4.1627573967,"var":277.472290039},"gfcc":{"cov":[[35746.1757812,-2986.8828125,-4642.96630859,1647.6842041,-480.81060791,642.452270508,-866.145324707,945.606750488,-400.915466309,-308.362854004,-374.140228271,52.527557373,-88.6090698242],[-2986.8828125,1972.79443359,-232.370773315,-533.201171875,67.4603042603,-447.429992676,71.5104598999,-242.769241333,-21.2610855103,-66.0765380859,82.1350708008,-149.548278809,13.4932069778],[-4642.96630859,-232.370773315,1688.6072998,-70.2164077759,21.0645160675,253.153305054,88.184715271,-86.3339233398,124.115234375,118.850250244,26.4904270172,83.3618240356,-49.3769874573],[1647.6842041,-533.201171875,-70.2164077759,625.436645508,100.543273926,167.576858521,73.7032623291,133.33164978,15.269698143,52.3898773193,15.2834482193,74.5185317993,60.0367660522],[-480.81060791,67.4603042603,21.0645160675,100.543273926,297.384033203,-32.976360321,119.768356323,36.2355651855,-7.94558334351,55.6901321411,33.7724533081,30.9612541199,38.4872741699],[642.452270508,-447.429992676,253.153305054,167.576858521,-32.976360321,282.16293335,21.8634471893,94.9002838135,46.844909668,17.0211868286,6.06743717194,41.792427063,0.379143476486],[-866.145324707,71.5104598999,88.184715271,73.7032623291,119.768356323,21.8634471893,192.562088013,47.1984939575,25.8825874329,33.3558502197,27.8878631592,28.0483207703,40.8693733215],[945.606750488,-242.769241333,-86.3339233398,133.33164978,36.2355651855,94.9002838135,47.1984939575,183.262176514,32.4544067383,24.9861240387,16.4209747314,20.7315673828,26.1856613159],[-400.915466309,-21.2610855103,124.115234375,15.269698143,-7.94558334351,46.844909668,25.8825874329,32.4544067383,94.1542510986,25.4258003235,23.8660507202,8.48590946198,-0.402802407742],[-308.362854004,-66.0765380859,118.850250244,52.3898773193,55.6901321411,17.0211868286,33.3558502197,24.9861240387,25.4258003235,87.1824951172,29.3741416931,20.4189720154,1.1424561739],[-374.140228271,82.1350708008,26.4904270172,15.2834482193,33.7724533081,6.06743717194,27.8878631592,16.4209747314,23.8660507202,29.3741416931,82.5201797485,18.1401138306,14.2314472198],[52.527557373,-149.548278809,83.3618240356,74.5185317993,30.9612541199,41.792427063,28.0483207703,20.7315673828,8.48590946198,20.4189720154,18.1401138306,78.346572876,26.1715164185],[-88.6090698242,13.4932069778,-49.3769874573,60.0367660522,38.4872741699,0.379143476486,40.8693733215,26.1856613159,-0.402802407742,1.1424561739,14.2314472198,26.1715164185,66.8353042603]],"icov":[[0.000109215412522,-0.0000457337810076,0.00033407236333,-0.000157752801897,-0.00000687970714353,-0.000420978030888,0.000436995644122,-0.000325546046952,0.000207908786251,-0.0000879146173247,0.000400253105909,-0.000472143001389,0.000511631078552],[-0.0000457337810076,0.00144285825081,-0.000155530535267,0.000641201448161,-0.000172128187842,0.00155260541942,-0.00115443032701,0.00119942706078,-0.000610543065704,0.00100855040364,-0.00209820270538,0.00237267022021,-0.00121973606292],[0.00033407236333,-0.000155530535267,0.00215372489765,-0.0000271928529401,-0.000193917934666,-0.0026980608236,0.000881474057678,0.000394629256334,-0.000269592012046,-0.00162879191339,0.00169210357126,-0.00233093183488,0.00210188375786],[-0.000157752801897,0.000641201448161,-0.0000271928529401,0.00308283371851,-0.000663604703732,-0.000574589706957,-0.00106338353362,0.000636793556623,-0.000335019925842,-0.000876723206602,-0.000644171552267,0.000406590406783,-0.0023508539889],[-0.00000687970714353,-0.000172128187842,-0.000193917934666,-0.000663604703732,0.00561949145049,0.0013585499255,-0.00268403626978,-0.00076929590432,0.00191339838784,-0.00233091367409,-0.000532689155079,-0.000602960935794,-0.000421648495831],[-0.000420978030888,0.00155260541942,-0.0026980608236,-0.000574589706957,0.0013585499255,0.0104155121371,-0.00257410178892,-0.00153422588482,-0.00185812066775,0.00343984412029,-0.00363810709678,0.00247196038254,-0.00127828645054],[0.000436995644122,-0.00115443032701,0.000881474057678,-0.00106338353362,-0.00268403626978,-0.00257410178892,0.0107466392219,-0.0030906049069,-0.000343548716046,-0.000923289509956,0.0025442710612,-0.00309726293199,-0.00069676397834],[-0.000325546046952,0.00119942706078,0.000394629256334,0.000636793556623,-0.00076929590432,-0.00153422588482,-0.0030906049069,0.0113817024976,-0.00347676244564,-0.00138802290894,-0.00225606770255,0.00324983196333,-0.00386132788844],[0.000207908786251,-0.000610543065704,-0.000269592012046,-0.000335019925842,0.00191339838784,-0.00185812066775,-0.000343548716046,-0.00347676244564,0.015393583104,-0.00265983305871,-0.00182120245881,-0.000549168675207,0.00172271009069],[-0.0000879146173247,0.00100855040364,-0.00162879191339,-0.000876723206602,-0.00233091367409,0.00343984412029,-0.000923289509956,-0.00138802290894,-0.00265983305871,0.0189108904451,-0.00587185798213,0.000211088525248,0.00252356636338],[0.000400253105909,-0.00209820270538,0.00169210357126,-0.000644171552267,-0.000532689155079,-0.00363810709678,0.0025442710612,-0.00225606770255,-0.00182120245881,-0.00587185798213,0.0196041110903,-0.00677097821608,0.00100491987541],[-0.000472143001389,0.00237267022021,-0.00233093183488,0.000406590406783,-0.000602960935794,0.00247196038254,-0.00309726293199,0.00324983196333,-0.000549168675207,0.000211088525248,-0.00677097821608,0.0238288789988,-0.0101344939321],[0.000511631078552,-0.00121973606292,0.00210188375786,-0.0023508539889,-0.000421648495831,-0.00127828645054,-0.00069676397834,-0.00386132788844,0.00172271009069,0.00252356636338,0.00100491987541,-0.0101344939321,0.0254620015621]],"mean":[-44.7219619751,86.2091064453,-121.696296692,26.1770896912,-31.0068969727,9.80053329468,-34.3531455994,16.2015113831,-18.9945201874,-3.70066690445,-13.3811864853,-5.20547962189,-12.9489688873]},"hfc":{"dmean":4.07410955429,"dmean2":6.40603923798,"dvar":54.3421363831,"dvar2":116.27784729,"max":311.743499756,"mean":23.68268013,"median":23.3858566284,"min":1.1713086585e-16,"var":448.58883667},"melbands":{"dmean":[0.000781676615588,0.000804947514553,0.000401496974519,0.000215029926039,0.0000679250297253,0.0000419900825364,0.0000339092584909,0.0000600221355853,0.0000687076026225,0.0000332727613568,0.0000657594064251,0.0000264514001174,0.000027308386052,0.0000178025802597,0.0000185429271369,0.0000193571850104,0.0000384849336115,0.0000239900746237,0.00001607993363,0.0000298354916595,0.0000381153913622,0.0000325787186739,0.0000172296749952,0.0000198023226403,0.0000164681350725,0.00000930374972086,0.00000451525420431,0.00000355103497895,0.00000184533962511,0.00000123104427985,0.00000114980684884,0.00000137317999815,0.00000146174227211,0.00000115193017791,9.70951759882e-7,9.47328658185e-7,8.19162039534e-7,7.77697437115e-7,6.64845117626e-7,4.96694156027e-7],"dmean2":[0.00128598185256,0.00140969757922,0.000706837978214,0.000377421063604,0.000111772285891,0.0000682173122186,0.0000543806927453,0.0000919364902074,0.00010457578901,0.0000505002972204,0.0000957691154326,0.00004135465133,0.0000426767001045,0.0000279153337033,0.0000297124352073,0.0000316612713505,0.0000631637958577,0.0000390918539779,0.000026888330467,0.0000496572974953,0.0000639501740807,0.0000551470657228,0.0000293195134873,0.0000333226998919,0.0000275056772807,0.000015545201677,0.00000755508563088,0.00000596679728915,0.00000312303791361,0.00000208017149816,0.0000019679810066,0.00000231932426686,0.00000249186268775,0.00000178605898782,0.00000141342320603,0.00000137655013077,0.00000124008317925,0.00000118578759611,9.82830897556e-7,7.38638505027e-7],"dvar":[0.00000374441424356,0.00000331463434122,7.57963391607e-7,2.7835903893e-7,1.49050922715e-8,6.80511735851e-9,3.60361518403e-9,1.54805750441e-8,4.95761867114e-8,1.18884964095e-8,2.59873988995e-8,2.77038414431e-9,2.25532481579e-9,2.43572539915e-9,9.1144597425e-10,9.79345937679e-10,3.353075817e-9,1.17079212991e-9,6.68552491145e-10,1.92784166408e-9,3.13352166437e-9,2.15335882459e-9,5.95805071946e-10,1.5684713528e-9,7.22383486362e-10,2.48358500432e-10,4.6581905e-11,3.36184205474e-11,9.21348414229e-12,4.91192720178e-12,6.43979617895e-12,1.38910749223e-11,2.02800675558e-11,9.87004315084e-12,1.3902171081e-11,2.20399115625e-11,1.14587003081e-11,9.66316002909e-12,6.1104892847e-12,3.89399710393e-12],"dvar2":[0.00000922925119085,0.00000929096131586,0.0000021507657948,7.95081973592e-7,3.77130504603e-8,1.6333505215e-8,8.47863557141e-9,3.0754556235e-8,1.07400296656e-7,2.26999414821e-8,5.16340499246e-8,6.43972697389e-9,5.47767253778e-9,6.15301631868e-9,2.42024178476e-9,2.68772182288e-9,8.94963481102e-9,3.10171333062e-9,1.79348202956e-9,5.23337329028e-9,8.70517080642e-9,6.21509954613e-9,1.63409830112e-9,4.48749215565e-9,2.0547421542e-9,6.69644173446e-10,1.26116436738e-10,8.62280941094e-11,2.47018100419e-11,1.29992102152e-11,1.69555966489e-11,3.64544262832e-11,5.55859525075e-11,2.07982919082e-11,2.76607729777e-11,4.07727081264e-11,2.23775598746e-11,2.17586487022e-11,1.27816706871e-11,8.55714631098e-12],"max":[0.0175925791264,0.0185030084103,0.0107816457748,0.00662837084383,0.00404374394566,0.00224052020349,0.00182089791633,0.00515117356554,0.00684599531814,0.00588308786973,0.0049636438489,0.00131556845736,0.00128551630769,0.00240003038198,0.0010656400118,0.000526426418219,0.000970370194409,0.000508072844241,0.000518326123711,0.000676941243,0.000964697857853,0.000834037549794,0.000536519510206,0.00103200750891,0.000764828408137,0.000477768597193,0.000115524817375,0.000151908985572,0.0000597945108893,0.000042870760808,0.0000340284168487,0.0000484614392917,0.0000715920978109,0.000105636689113,0.000210302590858,0.00027629424585,0.000206249897019,0.0000901991224964,0.000109967404569,0.0000656356060063],"mean":[0.0010487632826,0.00106288096868,0.000553041754756,0.000285072135739,0.000123811449157,0.0000947885855567,0.0000742202537367,0.000132312110509,0.000144645120599,0.0000819226625026,0.000217545093619,0.0000581451859034,0.0000575239537284,0.0000355279844371,0.000040012455429,0.0000422274206358,0.0000798776309239,0.0000527773991053,0.0000333063544531,0.0000639272329863,0.000087401131168,0.0000765905278968,0.000042330550059,0.0000489250633109,0.0000443053504569,0.0000242839960265,0.0000121354041767,0.0000086909667516,0.00000465540824734,0.00000278524157693,0.00000193868186216,0.00000203046784009,0.00000217289993998,0.00000240665167439,0.00000213082830669,0.00000198370480575,0.00000186222916909,0.00000167799362316,0.00000139964720347,9.32567502332e-7],"median":[0.000602437823545,0.000677188625559,0.000345307518728,0.000164456359926,0.0000683448306518,0.000045446173317,0.0000443765093223,0.0000592107026023,0.0000449988510809,0.0000376269308617,0.0000487443903694,0.000031170060538,0.0000336600933224,0.000024807464797,0.000030278622944,0.0000306513647956,0.0000598725164309,0.0000384456798201,0.0000243215399678,0.0000473754334962,0.0000665214029141,0.0000630748545518,0.0000356987293344,0.0000298354934785,0.0000316557852784,0.0000176502471732,0.00000929024463403,0.00000646733678877,0.00000337572510034,0.00000175358570687,8.6336115146e-7,6.47374520213e-7,7.31511534013e-7,8.11694064851e-7,6.12967710367e-7,4.53460927474e-7,5.10162976752e-7,4.78816900795e-7,3.57157261988e-7,2.60783565409e-7],"min":[2.59116825994e-24,3.99079091596e-24,4.05760230703e-24,5.97413001551e-24,3.48047916295e-24,3.16839711138e-24,2.65910456666e-24,2.3239067212e-24,4.00467644561e-24,3.79805681403e-24,8.66917587387e-24,4.51854320029e-24,6.60915160573e-24,6.17438393402e-24,6.67611485253e-24,4.5712513361e-24,5.68550237637e-24,4.95889758492e-24,6.39276390398e-24,6.97920467864e-24,6.46142951262e-24,7.21113215136e-24,1.14994754843e-23,7.79409957146e-24,7.12326409057e-24,4.8077080537e-24,8.0674966731e-24,7.05399736993e-24,8.67884651971e-24,9.03248497491e-24,7.7085231516e-24,8.87993110876e-24,4.75412783216e-24,9.27900006349e-24,8.55976875493e-24,9.11257328945e-24,7.37748635019e-24,7.6028157903e-24,7.81076110264e-24,7.98212614594e-24],"var":[0.00000373746183868,0.0000027234150366,6.75701016917e-7,2.2566941027e-7,3.09974517165e-8,2.84005121642e-8,1.11428724026e-8,7.24031608001e-8,1.88741267948e-7,5.1982638638e-8,2.49125662322e-7,7.97905830296e-9,7.01634528255e-9,3.23363691379e-9,2.00674610262e-9,2.40683273312e-9,8.07512900991e-9,3.23115445511e-9,1.53627333077e-9,5.13954212522e-9,9.2388079409e-9,6.31989705013e-9,1.98283589548e-9,6.8753274185e-9,2.94719093574e-9,9.94811788502e-10,1.81536952137e-10,1.14238424276e-10,2.81645713696e-11,1.23718292555e-11,1.05177481308e-11,1.8682728975e-11,2.59055710911e-11,3.36199922069e-11,5.6451385233e-11,8.07451119855e-11,4.3719288606e-11,2.68463879599e-11,1.70538461824e-11,8.36029075829e-12]},"melbands_crest":{"dmean":2.82605361938,"dmean2":4.51667070389,"dvar":8.23532962799,"dvar2":19.4195079803,"max":32.6337432861,"mean":12.9802799225,"median":11.5207395554,"min":1.00072264671,"var":30.8574829102},"melbands_flatness_db":{"dmean":0.0206894855946,"dmean2":0.0327429436147,"dvar":0.000602403772064,"dvar2":0.00147649948485,"max":0.640204668045,"mean":0.190089046955,"median":0.146306931973,"min":-2.76116480791e-7,"var":0.0130234081298},"melbands_kurtosis":{"dmean":4.67133522034,"dmean2":7.67046308517,"dvar":179.483673096,"dvar2":489.861938477,"max":962.19720459,"mean":18.5195236206,"median":1.57974791527,"min":-1.68199443817,"var":7518.25830078},"melbands_skewness":{"dmean":0.551923274994,"dmean2":0.879973053932,"dvar":0.477481693029,"dvar2":1.17526102066,"max":24.1644039154,"mean":2.00133395195,"median":1.40705418587,"min":-0.536454498768,"var":5.57758617401},"melbands_spread":{"dmean":8.02305412292,"dmean2":12.8945646286,"dvar":99.3728561401,"dvar2":237.959625244,"max":203.389282227,"mean":40.8082275391,"median":42.9978256226,"min":0.262028157711,"var":636.336181641},"mfcc":{"cov":[[20906.3886719,-1891.41479492,-1860.19555664,848.989440918,485.412841797,-134.617614746,247.079772949,619.18560791,232.655426025,135.767410278,22.8637504578,-2.47496747971,-27.2027664185],[-1891.41479492,1880.44909668,-229.498260498,-146.682342529,-118.976409912,-222.856109619,-112.035438538,-219.041320801,-178.483047485,-35.7491226196,-86.9002838135,-38.1824188232,-37.9544410706],[-1860.19555664,-229.498260498,971.565246582,-155.030288696,21.9614181519,200.096893311,-80.9657974243,7.2706413269,-4.68715143204,-4.57689619064,54.6181373596,-8.51963996887,-2.09820532799],[848.989440918,-146.682342529,-155.030288696,386.198944092,71.6518859863,66.3136291504,109.154830933,47.8424720764,69.6276016235,-0.251982063055,12.3978843689,48.9642181396,33.6949729919],[485.412841797,-118.976409912,21.9614181519,71.6518859863,141.50630188,42.6121444702,39.8548965454,29.5188846588,26.6053695679,12.14427948,18.2036895752,23.7578029633,12.8979692459],[-134.617614746,-222.856109619,200.096893311,66.3136291504,42.6121444702,169.422958374,35.754940033,36.101272583,26.8519382477,-2.04891681671,24.9984970093,16.0322399139,6.71880435944],[247.079772949,-112.035438538,-80.9657974243,109.154830933,39.8548965454,35.754940033,157.117630005,55.8198432922,64.2425994873,8.45157241821,19.857378006,39.1296806335,19.0060920715],[619.18560791,-219.041320801,7.2706413269,47.8424720764,29.5188846588,36.101272583,55.8198432922,122.946006775,61.1916275024,24.7344379425,18.5731544495,7.41601514816,12.825176239],[232.655426025,-178.483047485,-4.68715143204,69.6276016235,26.6053695679,26.8519382477,64.2425994873,61.1916275024,113.965713501,26.7929420471,24.223613739,12.732837677,12.9331912994],[135.767410278,-35.7491226196,-4.57689619064,-0.251982063055,12.14427948,-2.04891681671,8.45157241821,24.7344379425,26.7929420471,81.2056808472,29.8137760162,12.3039035797,6.4630112648],[22.8637504578,-86.9002838135,54.6181373596,12.3978843689,18.2036895752,24.9984970093,19.857378006,18.5731544495,24.223613739,29.8137760162,68.2001266479,25.2816810608,14.0447845459],[-2.47496747971,-38.1824188232,-8.51963996887,48.9642181396,23.7578029633,16.0322399139,39.1296806335,7.41601514816,12.732837677,12.3039035797,25.2816810608,78.6716537476,24.7952651978],[-27.2027664185,-37.9544410706,-2.09820532799,33.6949729919,12.8979692459,6.71880435944,19.0060920715,12.825176239,12.9331912994,6.4630112648,14.0447845459,24.7952651978,52.9288597107]],"icov":[[0.0000929260568228,0.0000796913955128,0.000191286380868,-0.000121010736621,-0.000262735062279,0.0000894797922228,0.000190491482499,-0.000438574119471,0.000172263928107,-0.00000702258012097,-0.0000929054440348,0.0000766911252867,0.000227548225666],[0.0000796913955128,0.000867650902364,0.000134559042635,-0.00015889237693,-0.0000291917294817,0.000810882716905,-0.000145472658915,0.000595475838054,0.000837759696878,-0.00032464589458,0.000335060380166,0.000118577932881,0.000272226461675],[0.000191286380868,0.000134559042635,0.0022956088651,0.000799255096354,-0.000722022843547,-0.00247480580583,0.0016213072231,-0.000862963788677,-0.000152440028614,0.000489582947921,-0.00124918029178,0.000123620848171,0.000145031226566],[-0.000121010736621,-0.00015889237693,0.000799255096354,0.00444573024288,-0.00071332405787,-0.0023752078414,-0.00107282574754,0.000775487511419,-0.00177199149039,0.00078033428872,0.000584486930165,-0.00112217862625,-0.00159366521984],[-0.000262735062279,-0.0000291917294817,-0.000722022843547,-0.00071332405787,0.00938776042312,-0.00116388569586,-0.00129753013607,0.000718263094313,-0.000244149501668,-0.000767996767536,-0.0000904764674488,-0.00122779933736,-0.000825883180369],[0.0000894797922228,0.000810882716905,-0.00247480580583,-0.0023752078414,-0.00116388569586,0.0116681745276,-0.00186330196448,-0.00114513072185,0.00144619832281,0.000791048165411,-0.000894600292668,0.0000556541090191,0.00155179586727],[0.000190491482499,-0.000145472658915,0.0016213072231,-0.00107282574754,-0.00129753013607,-0.00186330196448,0.0120235076174,-0.00363459368236,-0.00385218509473,0.00187085871585,-0.00106551439967,-0.0035811457783,0.000529963232111],[-0.000438574119471,0.000595475838054,-0.000862963788677,0.000775487511419,0.000718263094313,-0.00114513072185,-0.00363459368236,0.015717221424,-0.00449734879658,-0.0025596935302,0.0010970296571,0.00160199205857,-0.00248934305273],[0.000172263928107,0.000837759696878,-0.000152440028614,-0.00177199149039,-0.000244149501668,0.00144619832281,-0.00385218509473,-0.00449734879658,0.0159606877714,-0.00301467184909,-0.00180212024134,0.00203668954782,0.000152431995957],[-0.00000702258012097,-0.00032464589458,0.000489582947921,0.00078033428872,-0.000767996767536,0.000791048165411,0.00187085871585,-0.0025596935302,-0.00301467184909,0.0165279600769,-0.00663364399225,-0.0013036452001,0.000410813488998],[-0.0000929054440348,0.000335060380166,-0.00124918029178,0.000584486930165,-0.0000904764674488,-0.000894600292668,-0.00106551439967,0.0010970296571,-0.00180212024134,-0.00663364399225,0.0221692416817,-0.004746444989,-0.00238544121385],[0.0000766911252867,0.000118577932881,0.000123620848171,-0.00112217862625,-0.00122779933736,0.0000556541090191,-0.0035811457783,0.00160199205857,0.00203668954782,-0.0013036452001,-0.004746444989,0.0187021065503,-0.00580663233995],[0.000227548225666,0.000272226461675,0.000145031226566,-0.00159366521984,-0.000825883180369,0.00155179586727,0.000529963232111,-0.00248934305273,0.000152431995957,0.000410813488998,-0.00238544121385,-0.00580663233995,0.0239086616784]],"mean":[-673.94921875,117.258636475,-21.65924263,21.8429508209,21.1334209442,-1.65882277489,4.78315591812,9.38169384003,1.08222901821,7.09772920609,0.550383508205,0.140319868922,-1.52516794205]},"pitch_salience":{"dmean":0.058160290122,"dmean2":0.0947036296129,"dvar":0.00378319504671,"dvar2":0.00958842970431,"max":0.996095776558,"mean":0.559411942959,"median":0.584876179695,"min":0.0609130077064,"var":0.0183240436018},"silence_rate_20dB":{"dmean":0,"dmean2":0,"dvar":0,"dvar2":0,"max":1,"mean":1,"median":1,"min":1,"var":0},"silence_rate_30dB":{"dmean":0,"dmean2":0,"dvar":0,"dvar2":0,"max":1,"mean":1,"median":1,"min":1,"var":0},"silence_rate_60dB":{"dmean":0.00926369614899,"dmean2":0.0185303520411,"dvar":0.00917616579682,"dvar2":0.0201038364321,"max":1,"mean":0.214787602425,"median":0,"min":0,"var":0.168661698699},"spectral_centroid":{"dmean":150.951599121,"dmean2":243.9425354,"dvar":47954.5976562,"dvar2":100935.453125,"max":10881.7666016,"mean":1792.44665527,"median":2089.84521484,"min":92.9487838745,"var":670850.9375},"spectral_complexity":{"dmean":2.67049980164,"dmean2":4.39968061447,"dvar":7.27026700974,"dvar2":18.2130432129,"max":56,"mean":25.8864574432,"median":32,"min":0,"var":231.697616577},"spectral_contrast_coeffs":{"dmean":[0.0476603768766,0.0394737124443,0.0321874804795,0.0276753567159,0.0194911938161,0.0167270693928],"dmean2":[0.0810086578131,0.0643337965012,0.0517129562795,0.0460485890508,0.0326468981802,0.0269356239587],"dvar":[0.00163117866032,0.00115928472951,0.000716819660738,0.000525687995832,0.000259160529822,0.000315256504109],"dvar2":[0.00453243451193,0.00295175332576,0.00179320538882,0.00141431810334,0.000683723075781,0.000772258325014],"max":[-0.364755034447,-0.440735161304,-0.457089871168,-0.582576334476,-0.62629532814,-0.65954887867],"mean":[-0.687241435051,-0.75551623106,-0.763131439686,-0.780992746353,-0.777943789959,-0.786773562431],"median":[-0.692968845367,-0.769284367561,-0.769396901131,-0.779794037342,-0.769933819771,-0.78123831749],"min":[-0.978338837624,-0.996168792248,-0.996866822243,-0.985960483551,-0.987104475498,-0.962332963943],"var":[0.00539759732783,0.00613657850772,0.0046882359311,0.00252429652028,0.00247543933801,0.00220949365757]},"spectral_contrast_valleys":{"dmean":[0.3745226264,0.318317979574,0.28279042244,0.234186947346,0.199564903975,0.225493654609],"dmean2":[0.627946078777,0.525202929974,0.462299734354,0.380344927311,0.315822094679,0.328773260117],"dvar":[0.112602561712,0.095940887928,0.0830918326974,0.0727564096451,0.0880635306239,0.106106340885],"dvar2":[0.257544636726,0.207903251052,0.170792371035,0.139196410775,0.162930235267,0.187668114901],"max":[-5.47304773331,-4.98045015335,-5.87258052826,-5.97708559036,-5.71512985229,-7.13724803925],"mean":[-7.64485359192,-7.42918395996,-7.87117528915,-7.81219482422,-7.72885131836,-10.7897939682],"median":[-7.04675102234,-6.92653942108,-7.17217636108,-6.96819114685,-6.69610595703,-10.0100183487],"min":[-27.8934192657,-27.8198032379,-27.7744560242,-27.3826007843,-27.2586307526,-27.290763855],"var":[2.88216900826,3.03296709061,3.82892274857,4.3150639534,5.00383329391,4.24103307724]},"spectral_decrease":{"dmean":1.37812949941e-9,"dmean2":2.28566210403e-9,"dvar":6.22764637652e-18,"dvar2":1.60491435332e-17,"max":3.89845385173e-29,"mean":-4.40210845554e-9,"median":-4.30230251425e-9,"min":-2.439923108e-8,"var":1.24368582059e-17},"spectral_energy":{"dmean":0.00543355988339,"dmean2":0.00898278411478,"dvar":0.000092517460871,"dvar2":0.000238631677348,"max":0.0949935540557,"mean":0.0187626592815,"median":0.0186405088753,"min":1.06780745274e-20,"var":0.000212772531086},"spectral_energyband_high":{"dmean":0.000267497322056,"dmean2":0.000394565111492,"dvar":5.34720925316e-7,"dvar2":9.94984475255e-7,"max":0.0324837826192,"mean":0.000778055982664,"median":0.000478158530314,"min":7.63484231874e-21,"var":0.00000241760494646},"spectral_energyband_low":{"dmean":0.00409651827067,"dmean2":0.00681478809565,"dvar":0.0000770745464251,"dvar2":0.000196276247152,"max":0.083080984652,"mean":0.00623864214867,"median":0.0042708334513,"min":2.20030377416e-23,"var":0.0000807996548247},"spectral_energyband_middle_high":{"dmean":0.00116315064952,"dmean2":0.00191165984143,"dvar":0.00000221439540837,"dvar2":0.00000606930416325,"max":0.0279769320041,"mean":0.00742907542735,"median":0.00728324521333,"min":1.47011815374e-21,"var":0.0000384731320082},"spectral_energyband_middle_low":{"dmean":0.00201777322218,"dmean2":0.0033765907865,"dvar":0.0000165891597135,"dvar2":0.0000459905531898,"max":0.0482276566327,"mean":0.00533651188016,"median":0.00396961532533,"min":2.58106730625e-22,"var":0.0000280916356132},"spectral_entropy":{"dmean":0.109211184084,"dmean2":0.167093858123,"dvar":0.0250425636768,"dvar2":0.054167561233,"max":9.82189464569,"mean":7.52388334274,"median":7.69049072266,"min":5.36905241013,"var":0.383256465197},"spectral_flux":{"dmean":0.0153606543317,"dmean2":0.0243279058486,"dvar":0.000508074474055,"dvar2":0.00105752097443,"max":0.260988980532,"mean":0.0658293813467,"median":0.0676241666079,"min":6.6541931687e-11,"var":0.00191826501396},"spectral_kurtosis":{"dmean":2.12971544266,"dmean2":3.62543392181,"dvar":8.12651062012,"dvar2":23.0181159973,"max":49.7400245667,"mean":8.01704978943,"median":6.19233369827,"min":-1.21049308777,"var":40.7895774841},"spectral_rms":{"dmean":0.00051340542268,"dmean2":0.000830103643239,"dvar":5.65919606288e-7,"dvar2":0.0000014226334315,"max":0.0096268709749,"mean":0.00382565613836,"median":0.0042644883506,"min":3.22763604038e-12,"var":0.00000366938365914},"spectral_rolloff":{"dmean":334.056213379,"dmean2":551.73059082,"dvar":470928.46875,"dvar2":1005781.0625,"max":19336.8164062,"mean":2192.62158203,"median":2390.18554688,"min":86.1328125,"var":2581894.25},"spectral_skewness":{"dmean":0.232282757759,"dmean2":0.386523753405,"dvar":0.0760629624128,"dvar2":0.194079339504,"max":5.39291381836,"mean":1.84737300873,"median":1.67582273483,"min":0.0125805344433,"var":0.626690685749},"spectral_spread":{"dmean":401224.53125,"dmean2":587663.625,"dvar":620432261120,"dvar2":1026865037310,"max":40943836,"mean":3797618.25,"median":3416096,"min":1341147,"var":4330033774590},"spectral_strongpeak":{"dmean":0.465585678816,"dmean2":0.817282021046,"dvar":1.12892210484,"dvar2":2.9349462986,"max":13.9708175659,"mean":0.82947909832,"median":0.249333113432,"min":0,"var":2.12729811668},"zerocrossingrate":{"dmean":0.00807391479611,"dmean2":0.00963442865759,"dvar":0.000135388312628,"dvar2":0.000177176960278,"max":0.51318359375,"mean":0.0749690309167,"median":0.076171875,"min":0.0029296875,"var":0.00216829101555}},"metadata":{"audio_properties":{"analysis_sample_rate":44100,"bit_rate":0,"codec":"flac","downmix":"mix","equal_loudness":0,"length":145.36000061,"lossless":true,"md5_encoded":"a68ced42dab973e7b84820aabd199e0f","replay_gain":-10.6778621674},"tags":{"album":["Pablo Honey"],"albumartist":["Radiohead"],"albumartistsort":["Radiohead"],"artist":["Radiohead"],"artistsort":["Radiohead"],"asin":["B000002UR7"],"barcode":["077778140924"],"catalognumber":["0777 7 81409 2 4","CDPCS 7360"],"composer":["Radiohead"],"date":["1993-02-22"],"discnumber":["1"],"disctotal":["1"],"engineer":["Paul Q. Kolderie","Sean Slade"],"file_name":"09 Prove Yourself.flac","genre":["Rock"],"isrc":["GBAYE9200115"],"label":["Parlophone"],"lyricist":["Thom Yorke"],"media":["CD"],"mixer":["Paul Q. Kolderie","Sean Slade"],"musicbrainz_albumartistid":["a74b1b7f-71a5-4011-9441-d0b5e4122711"],"musicbrainz_albumid":["07aab296-9a40-42a9-8d1f-6b06aa032e8a"],"musicbrainz_artistid":["a74b1b7f-71a5-4011-9441-d0b5e4122711"],"musicbrainz_recordingid":["3b53ea59-7270-4339-88df-8f2cc7a2fb44"],"musicbrainz_releasegroupid":["cd76f76b-ff15-3784-a71d-4da3078a6851"],"musicbrainz_releasetrackid":["324a590a-d5a1-3e03-a210-e7f87c3641d6"],"musicbrainz_workid":["ffdc6706-b532-3c2e-8cb5-048b3ef20e61"],"originaldate":["1993-02-22"],"performer":["Colin Greenwood (bass)","Phil Selway (drums)","Ed O'Brien (guitar)","Thom Yorke (guitar)","Ed O'Brien (vocals)","Thom Yorke (vocals)","Jonny Greenwood (guitar, organ and piano)"],"producer":["Paul Q. Kolderie","Sean Slade"],"releasecountry":["GB"],"releasestatus":["official"],"releasetype":["album"],"script":["Latn"],"title":["Prove Yourself"],"totaldiscs":["1"],"totaltracks":["12"],"tracknumber":["9"],"tracktotal":["12"]},"version":{"essentia":"2.1-beta1","essentia_build_sha":"7598a69e7b456135ce4c070efb04a3d0ebb71fdd","essentia_git_sha":"v2.1_beta1-6-g5578087","extractor":"music 1.0"}},"rhythm":{"beats_count":278,"beats_loudness":{"dmean":0.00726876175031,"dmean2":0.0132371205837,"dvar":0.0000526808944414,"dvar