{"lowlevel":{"average_loudness":0.802817344666,"barkbands":{"dmean":[0.0000575203703193,0.0021083902102,0.00133913883474,0.0013675581431,0.00225503719412,0.000868642702699,0.000943459570408,0.000683220976498,0.000427788792877,0.000299926789012,0.000224255607463,0.000237787156948,0.000296685640933,0.000203763978789,0.000249739910942,0.000264746311586,0.000276260310784,0.00016816383868,0.000109423082904,0.0000853280580486,0.0000823495793156,0.000070763315307,0.0000581475142098,0.0000728130253265,0.0000602295040153,0.000037948411773,0.0000250339853665],"dmean2":[0.0000917735451367,0.00343953608535,0.00232847384177,0.00232059461996,0.00369162345305,0.00136822613422,0.00149510870688,0.00107277976349,0.000676181982271,0.000477351539303,0.000359662808478,0.000381446239771,0.000478869304061,0.000333096919348,0.000409833708545,0.000429251784226,0.00043872493552,0.000273637095233,0.000177545589395,0.00013880142069,0.00013269991905,0.000111337227281,0.0000888526556082,0.000106590450741,0.0000833639132907,0.00005325654638,0.0000359816294804],"dvar":[2.28437411209e-8,0.0000314504250127,0.0000146656875586,0.0000135204245453,0.0000354841031367,0.0000034800677895,0.0000057992915572,0.00000371616920347,0.00000174207639247,8.11875736417e-7,3.8769471189e-7,4.54640428416e-7,7.10743279342e-7,2.14768320461e-7,3.21165288142e-7,3.44522533169e-7,6.73095939874e-7,1.81611468975e-7,7.12438605888e-8,4.19842969279e-8,5.13831430737e-8,4.40081109332e-8,3.08645944358e-8,6.00575518206e-8,4.66972451818e-8,1.79223089702e-8,1.10127320596e-8],"dvar2":[5.31654933411e-8,0.0000770841070334,0.0000417495393776,0.0000360054800694,0.0000902069004951,0.00000813961651147,0.0000135216041599,0.00000842732970341,0.00000436760728917,0.00000190664729871,9.72712768998e-7,0.00000108555229872,0.00000178686559593,5.38793869964e-7,8.17038369405e-7,8.24795165499e-7,0.0000015464831904,4.3226981461e-7,1.77328317363e-7,1.06326687899e-7,1.28969247726e-7,1.03864550738e-7,6.88568562168e-8,1.20609868759e-7,8.55468940131e-8,3.5723743963e-8,2.2831027735e-8],"max":[0.00455800909549,0.0816665589809,0.0574702098966,0.0689761862159,0.081001162529,0.044589728117,0.0601478330791,0.063191011548,0.0500301420689,0.0345312133431,0.0230490621179,0.0235119089484,0.0353740528226,0.0151506457478,0.0160095673054,0.0169690791517,0.0316548645496,0.013803971,0.0074594928883,0.00431760633364,0.0055571119301,0.0077580367215,0.0059244656004,0.0074713700451,0.00640052044764,0.0027477061376,0.00261880317703],"mean":[0.000126549886772,0.00465392041951,0.00238397321664,0.00174258998595,0.00340307829902,0.00173383299261,0.00154682516586,0.00108343386091,0.000757909147069,0.000516831758432,0.000377420161385,0.000414541340433,0.000540280772839,0.000356849079253,0.000460393319372,0.000503367453348,0.000557057210244,0.000306843285216,0.000200847556698,0.000153523200424,0.000152184380568,0.000130550048198,0.000108801526949,0.000139674040838,0.000118709314847,0.000058653720771,0.0000319345381286],"median":[0.0000218989862333,0.00349579053,0.00141355174128,0.000688179279678,0.0013165663695,0.000587889982853,0.000396169314627,0.000327252229908,0.000222173664952,0.000122799698147,0.0000948240049183,0.000105188177258,0.000133692999952,0.00012217235053,0.00014197298151,0.000194228996406,0.000145024459925,0.0000910555099836,0.0000748506063246,0.0000567593924643,0.0000442216951342,0.0000346086198988,0.0000249183340202,0.0000257791562035,0.0000158408802235,0.00000350243089997,4.12574394204e-7],"min":[2.48132079883e-23,2.54833895035e-23,4.68935682982e-24,5.54315676475e-24,2.87274237818e-23,3.84375315968e-23,5.17570630174e-23,5.69788488934e-23,1.37295421916e-22,9.38371693104e-23,5.9783943609e-23,9.82117753722e-23,1.33242948782e-22,9.8489050514e-23,1.72810936989e-22,9.86503252375e-23,1.93268889673e-22,3.05635511812e-22,2.6212542789e-22,3.69092795693e-22,6.44641733182e-22,6.66137119998e-22,6.74848365824e-22,6.45666924192e-22,1.53681837539e-21,1.8653310554e-21,2.22556578878e-21],"var":[6.44129372063e-8,0.0000350581030943,0.0000125826309159,0.0000125768156067,0.0000443467688456,0.0000120139084174,0.0000118824227684,0.00000701917724655,0.00000393840127799,0.0000018803847297,0.00000108043013824,0.0000013450106735,0.00000200472300094,4.73939365975e-7,7.96113056367e-7,7.90259264249e-7,0.00000187026319054,3.97657373696e-7,1.34088736559e-7,7.54831717131e-8,1.02462550444e-7,9.78948548891e-8,7.80797293487e-8,1.6764504096e-7,1.53811811288e-7,3.92353030065e-8,1.95390903457e-8]},"barkbands_crest":{"dmean":2.14795684814,"dmean2":3.47508096695,"dvar":4.6554608345,"dvar2":11.7156038284,"max":25.2676296234,"mean":10.0420379639,"median":9.38092136383,"min":2.63476705551,"var":15.758392334},"barkbands_flatness_db":{"dmean":0.0177206303924,"dmean2":0.0271142292768,"dvar":0.000394968054025,"dvar2":0.000900293933228,"max":0.422467708588,"mean":0.134445428848,"median":0.124017037451,"min":0.0160802844912,"var":0.00319377565756},"barkbands_kurtosis":{"dmean":2.7946562767,"dmean2":4.45716285706,"dvar":36.992401123,"dvar2":89.146156311,"max":168.469268799,"mean":5.81032085419,"median":2.2646946907,"min":-1.95969176292,"var":140.215026855},"barkbands_skewness":{"dmean":0.461115419865,"dmean2":0.711467325687,"dvar":0.31968319416,"dvar2":0.726504206657,"max":11.4847860336,"mean":1.78315806389,"median":1.59355664253,"min":-1.75354921818,"var":1.81947028637},"barkbands_spread":{"dmean":5.23708629608,"dmean2":7.90998077393,"dvar":49.0796165466,"dvar2":94.0010986328,"max":141.18687439,"mean":24.875120163,"median":20.7543296814,"min":0.559515058994,"var":413.807037354},"dissonance":{"dmean":0.0153816835955,"dmean2":0.0257070902735,"dvar":0.000230927835219,"dvar2":0.000615261378698,"max":0.5,"mean":0.467085570097,"median":0.472721874714,"min":0.274082392454,"var":0.00059803534532},"dynamic_complexity":4.9649810791,"erbbands":{"dmean":[0.0530826635659,0.524074196815,1.49969804287,2.76195025444,8.45132160187,5.97135543823,7.30289649963,7.45863294601,13.8596925735,13.7412443161,11.8084335327,10.4389858246,9.07045841217,9.19061470032,8.73387145996,10.1300735474,13.4371156693,10.4034776688,10.4957818985,14.8229646683,11.7410507202,12.4103288651,9.43095684052,7.52149581909,4.50111532211,4.08497333527,3.4529607296,3.21436977386,2.64469909668,1.81392347813,1.72223269939,1.79009664059,1.10479032993,0.765254914761,0.382767260075,0.183109134436,0.0658833160996,0.0189611706883,0.00372154801153,0.000332213763613],"dmean2":[0.0872983708978,0.865514039993,2.60098195076,4.69244003296,14.1723794937,9.87784767151,11.4426641464,11.7278604507,22.0137329102,21.6714477539,18.4336662292,16.4621200562,14.2550506592,14.5651273727,14.002415657,16.0500621796,21.7143306732,17.0327720642,16.8371562958,24.1367378235,18.9332466125,19.7177295685,15.2274589539,12.0748310089,7.37200117111,6.63848781586,5.55485630035,5.15451383591,4.19152069092,2.82647275925,2.63337302208,2.66034960747,1.62921369076,1.09831166267,0.534996569157,0.261105507612,0.0925904065371,0.0270536299795,0.00532238604501,0.000485336669954],"dvar":[0.0183472130448,2.16450810432,19.6982784271,38.1549606323,752.442871094,192.173202515,389.789001465,285.375610352,1171.06848145,1551.87194824,1124.62536621,1151.13305664,809.116638184,704.313537598,516.336914062,841.622680664,1569.359375,558.986328125,547.419921875,1274.84594727,624.552978516,1218.7019043,608.9296875,371.822143555,125.401420593,99.3004837036,87.2895126343,80.2585754395,62.2601509094,29.7294788361,27.3795509338,33.1161231995,15.9654779434,8.29702091217,1.83059513569,0.421833276749,0.0577434189618,0.00539102684706,0.000243222122663,0.00000202619503398],"dvar2":[0.0453857220709,5.47252225876,55.3127174377,104.101676941,1975.48242188,502.455535889,851.327819824,656.952941895,2786.81518555,3537.13964844,2653.69873047,2901.60766602,1849.14599609,1592.49475098,1286.0345459,1957.7388916,4051.65771484,1393.2545166,1282.78857422,3273.62573242,1480.97460938,2831.92211914,1441.28405762,906.165893555,314.505218506,251.351882935,221.263763428,197.665710449,149.420898438,67.6931381226,61.4435653687,67.9521789551,32.8725471497,16.4715461731,3.36777067184,0.849883794785,0.117453888059,0.0111172860488,0.00050010078121,0.00000435012088928],"max":[2.07572340965,21.0970668793,59.5182342529,91.7997665405,439.072723389,240.848220825,725.995239258,446.469207764,821.880493164,927.471069336,1599.42822266,1472.68066406,1154.96240234,966.380371094,869.813110352,1184.00952148,1909.57763672,840.383239746,838.382385254,776.698364258,560.31817627,1324.37695312,667.594543457,646.366271973,331.370117188,240.66986084,198.957946777,209.334091187,342.997711182,163.433425903,202.229446411,159.459121704,126.997749329,81.4566879272,48.3078117371,21.9543094635,4.69211435318,1.8003616333,0.455242484808,0.0342800691724],"mean":[0.12027708441,1.08828568459,2.72048783302,4.3505449295,9.86081314087,9.70118713379,13.1168613434,15.2025499344,22.5721950531,22.9439048767,20.318195343,19.0385627747,15.8893470764,16.901184082,15.8957567215,18.9822750092,25.3591747284,20.3456382751,21.2371444702,29.0498142242,24.5553188324,26.3359661102,19.2926292419,14.5625839233,8.40672206879,7.41886568069,6.50610303879,5.92229747772,4.86763334274,3.35647201538,3.20831751823,3.3052008152,2.09311890602,1.46399891376,0.731323182583,0.302177935839,0.095825701952,0.0256340745836,0.00477602658793,0.000430204643635],"median":[0.0911377593875,0.774667322636,1.79804825783,2.40455079079,3.20232462883,3.93789434433,4.21334838867,5.03675222397,6.57591247559,6.91316652298,6.4547162056,6.09317874908,4.49319648743,4.02571296692,4.74506473541,5.06834316254,6.94414138794,6.75311994553,7.67591524124,10.1440792084,10.0840206146,7.7901058197,5.74617242813,4.71253252029,3.19051909447,2.73003792763,2.19212698936,1.64584517479,1.29689991474,0.796974420547,0.705090105534,0.650588989258,0.354645907879,0.211731165648,0.0866050645709,0.0249255727977,0.00455902609974,0.000804716721177,0.0000714446578058,0.0000287264520011],"min":[1.95751060075e-21,1.36922675672e-21,3.91179002724e-21,9.60371554576e-21,3.7280904192e-20,1.58735158218e-19,1.8281584634e-19,3.39427722398e-19,6.59513377135e-19,1.2953717669e-18,1.57426429242e-18,2.64243446386e-18,3.59165089334e-18,1.41681222058e-18,3.10949620647e-18,5.60920975462e-18,5.07603518796e-18,4.74735579874e-18,6.50698775092e-18,8.32956318462e-18,6.63034767721e-18,1.03858274811e-17,1.76419757556e-17,1.127759022e-17,1.55295450684e-17,1.69138053537e-17,2.52903970648e-17,2.48344005173e-17,2.56836089496e-17,2.28296191149e-17,1.8410661464e-17,1.22347556484e-17,1.19947119705e-17,1.48635852659e-17,1.22871517499e-17,5.78876254147e-18,3.31899044995e-18,1.37063093377e-18,2.99912580753e-19,3.61567786642e-20],"var":[0.0229244418442,2.19364237785,16.1669559479,40.6338844299,659.796813965,305.406616211,966.553833008,1080.53723145,2266.32250977,3087.125,2498.52099609,2473.99682617,1748.6171875,2005.70715332,1543.61962891,2828.73583984,4172.10400391,1452.04675293,1689.41162109,2688.34057617,1623.22338867,3529.23803711,1494.86999512,890.158325195,228.689712524,176.404251099,170.384033203,158.485443115,137.339431763,71.2944412231,68.8445739746,86.9595108032,44.1866149902,24.87358284,5.8918094635,1.00677990913,0.115287125111,0.0100708799437,0.000431941618444,0.00000338791437571]},"erbbands_crest":{"dmean":2.29769921303,"dmean2":3.72624778748,"dvar":5.21068668365,"dvar2":12.7957353592,"max":32.192691803,"mean":8.26047325134,"median":7.24205875397,"min":2.04054021835,"var":16.4844970703},"erbbands_flatness_db":{"dmean":0.0152689656243,"dmean2":0.0217599812895,"dvar":0.00026498635998,"dvar2":0.000501933507621,"max":0.34698587656,"mean":0.139892295003,"median":0.139372810721,"min":0.0245829168707,"var":0.00197282759473},"erbbands_kurtosis":{"dmean":0.751958489418,"dmean2":1.18624317646,"dvar":1.56497299671,"dvar2":3.55650472641,"max":44.1522674561,"mean":0.260709047318,"median":-0.353708982468,"min":-1.80662190914,"var":4.38842916489},"erbbands_skewness":{"dmean":0.328034698963,"dmean2":0.502475976944,"dvar":0.102192044258,"dvar2":0.218082740903,"max":5.91060829163,"mean":0.186834543943,"median":0.181797683239,"min":-4.29977083206,"var":0.673213720322},"erbbands_spread":{"dmean":7.56024360657,"dmean2":11.4776582718,"dvar":84.3954162598,"dvar2":176.51663208,"max":179.656799316,"mean":43.1312065125,"median":39.9149131775,"min":2.38430118561,"var":428.590423584},"gfcc":{"cov":[[28368.6992188,892.061340332,-1366.10681152,421.669555664,-1150.5715332,203.278518677,-790.592224121,108.615333557,-293.796569824,-29.6466007233,-236.452590942,-0.1099871099,-53.6054153442],[892.061340332,1828.14660645,-514.129455566,60.040802002,247.224807739,-164.583221436,74.4404449463,-40.3348045349,80.8473358154,-64.3918075562,75.5944595337,-72.4813766479,31.7263641357],[-1366.10681152,-514.129455566,1174.22717285,46.932258606,72.451675415,216.909927368,-9.65981006622,53.4131965637,13.7768983841,59.0594482422,14.658823967,23.212682724,-46.5534133911],[421.669555664,60.040802002,46.932258606,426.940948486,-37.2422180176,49.3396606445,-15.3220367432,-6.9106926918,38.2165794373,33.4660644531,28.3924732208,13.4707136154,28.8973426819],[-1150.5715332,247.224807739,72.451675415,-37.2422180176,418.553161621,-37.3139457703,119.456840515,0.547651946545,20.6719646454,-33.7795791626,30.263677597,12.8526506424,1.20093989372],[203.278518677,-164.583221436,216.909927368,49.3396606445,-37.3139457703,270.539001465,10.9146308899,51.5286979675,-27.7058887482,9.21072101593,6.1588845253,2.09270429611,-4.64914226532],[-790.592224121,74.4404449463,-9.65981006622,-15.3220367432,119.456840515,10.9146308899,185.684844971,2.44999265671,9.24530315399,-17.3222236633,9.51761817932,-7.53823804855,0.908529877663],[108.615333557,-40.3348045349,53.4131965637,-6.9106926918,0.547651946545,51.5286979675,2.44999265671,125.174705505,40.8141098022,23.3713874817,4.47689628601,-2.8995680809,-9.92580604553],[-293.796569824,80.8473358154,13.7768983841,38.2165794373,20.6719646454,-27.7058887482,9.24530315399,40.8141098022,130.199752808,48.2943191528,17.1281738281,-8.12591934204,-3.21162509918],[-29.6466007233,-64.3918075562,59.0594482422,33.4660644531,-33.7795791626,9.21072101593,-17.3222236633,23.3713874817,48.2943191528,92.5556335449,22.6686935425,5.14419937134,-2.31161499023],[-236.452590942,75.5944595337,14.658823967,28.3924732208,30.263677597,6.1588845253,9.51761817932,4.47689628601,17.1281738281,22.6686935425,74.4433670044,21.0407485962,6.31099128723],[-0.1099871099,-72.4813766479,23.212682724,13.4707136154,12.8526506424,2.09270429611,-7.53823804855,-2.8995680809,-8.12591934204,5.14419937134,21.0407485962,65.7882843018,22.570022583],[-53.6054153442,31.7263641357,-46.5534133911,28.8973426819,1.20093989372,-4.64914226532,0.908529877663,-9.92580604553,-3.21162509918,-2.31161499023,6.31099128723,22.570022583,61.860584259]],"icov":[[0.00005421647802,-0.0000649935100228,0.0000607591864537,-0.0000595463934587,0.0000939162855502,-0.0000747494632378,0.000166714075021,-0.000105530736619,0.000150708583533,-0.0000643520615995,0.00022610904125,-0.000192579915165,0.000179648428457],[-0.0000649935100228,0.000965194660239,0.000260947999777,-0.0000804515948403,-0.0006192229921,0.000209942591027,-0.0000145521298691,0.000284441717668,-0.000715724017937,0.000818369793706,-0.00148723914754,0.00168024422601,-0.000711617991328],[0.0000607591864537,0.000260947999777,0.00133561028633,-0.000166863392224,-0.00051382969832,-0.00101178803016,0.000531762256287,0.000068302389991,-0.000131745313411,-0.000518290267792,0.000142400400364,-0.000322837964632,0.00101602252107],[-0.0000595463934587,-0.0000804515948403,-0.000166863392224,0.00280211819336,0.000201593706151,-0.000627837376669,-0.0000321104816976,0.000860915111843,-0.00113647582475,-0.000327380519593,-0.000744764343835,-0.00000148385493048,-0.00135208840948],[0.0000939162855502,-0.0006192229921,-0.00051382969832,0.000201593706151,0.00387471169233,0.000593931879848,-0.00181826180778,-0.000447525293566,-0.000144124060171,0.00124454987235,-0.000311294716084,-0.00175092322752,0.000552030687686],[-0.0000747494632378,0.000209942591027,-0.00101178803016,-0.000627837376669,0.000593931879848,0.00561902020127,-0.00116539222654,-0.00247123441659,0.00208810367621,0.00018274562899,-0.00119348533917,0.00106596492697,-0.000761147530284],[0.000166714075021,-0.0000145521298691,0.000531762256287,-0.0000321104816976,-0.00181826180778,-0.00116539222654,0.00749240117148,-0.0000310074210574,-0.000338983110851,0.000724897021428,-0.0000881360538187,0.000958767661359,0.0000684804253979],[-0.000105530736619,0.000284441717668,0.000068302389991,0.000860915111843,-0.000447525293566,-0.00247123441659,-0.0000310074210574,0.0107648102567,-0.00425041327253,-0.000562960049137,-0.000154803521582,0.0000749461905798,0.000709328858647],[0.000150708583533,-0.000715724017937,-0.000131745313411,-0.00113647582475,-0.000144124060171,0.00208810367621,-0.000338983110851,-0.00425041327253,0.0129157109186,-0.00608973158523,0.000407763232943,0.00101554777939,0.000442983320681],[-0.0000643520615995,0.000818369793706,-0.000518290267792,-0.000327380519593,0.00124454987235,0.00018274562899,0.000724897021428,-0.000562960049137,-0.00608973158523,0.016954543069,-0.00531744351611,0.000652872549836,-0.00020231428789],[0.00022610904125,-0.00148723914754,0.000142400400364,-0.000744764343835,-0.000311294716084,-0.00119348533917,-0.0000881360538187,-0.000154803521582,0.000407763232943,-0.00531744351611,0.01978084445,-0.00801221840084,0.0020342823118],[-0.000192579915165,0.00168024422601,-0.000322837964632,-0.00000148385493048,-0.00175092322752,0.00106596492697,0.000958767661359,0.0000749461905798,0.00101554777939,0.000652872549836,-0.00801221840084,0.0232208035886,-0.00873649306595],[0.000179648428457,-0.000711617991328,0.00101602252107,-0.00135208840948,0.000552030687686,-0.000761147530284,0.0000684804253979,0.000709328858647,0.000442983320681,-0.00020231428789,0.0020342823118,-0.00873649306595,0.0211225710809]],"mean":[-40.8010864258,92.9108276367,-103.635536194,33.602645874,-44.1101036072,12.1171798706,-38.5006904602,7.90010786057,-16.4130992889,3.04455900192,-12.923409462,-1.82751762867,-9.61209964752]},"hfc":{"dmean":5.78568601608,"dmean2":8.26567268372,"dvar":133.598419189,"dvar2":270.947357178,"max":164.749542236,"mean":18.2266731262,"median":9.92526340485,"min":1.20695286371e-16,"var":475.650817871},"melbands":{"dmean":[0.000523975293618,0.000739784387406,0.000666878127959,0.000521452398971,0.000254436105024,0.000172662868863,0.000203696108656,0.000152664782945,0.0000903874461073,0.0000659226279822,0.0000455519002571,0.0000381165045837,0.0000296071357297,0.0000271908902505,0.000028504699003,0.000028467789889,0.0000205088799703,0.0000169073591678,0.0000189618458535,0.0000227728560276,0.0000137786073537,0.0000130356665977,0.0000152466182044,0.00000808448203315,0.00000634384332443,0.00000384897884942,0.0000028404663226,0.00000287942793875,0.00000236749042415,0.00000216095486394,0.00000192975858226,0.00000167033579146,0.00000124042094285,9.85654992292e-7,9.77299237093e-7,0.00000122852554796,0.00000108447704861,7.97649022388e-7,7.90503975168e-7,6.37293737782e-7],"dmean2":[0.000853977282532,0.00124916306231,0.00112341484055,0.000879617466126,0.000396209361497,0.000271558412351,0.00032226004987,0.000240350767854,0.000141696509672,0.000104295839265,0.0000716551439837,0.0000605315362918,0.0000473084328405,0.0000435973597632,0.0000459789080196,0.0000456724374089,0.0000338375139108,0.0000271876670013,0.00003112234117,0.0000368160362996,0.0000223429069592,0.0000208382080018,0.0000244854691118,0.0000132480554385,0.0000102626163425,0.00000635627748125,0.00000465959556095,0.0000047016960707,0.00000385203929909,0.0000035061291328,0.0000031187175864,0.00000268822168437,0.00000195201482711,0.00000154333110913,0.00000152439713474,0.00000185960675481,0.00000162810022175,0.00000119762682971,0.00000117987815429,9.20286311157e-7],"dvar":[0.00000185242720363,0.0000044944936235,0.00000310125506076,0.00000225777080232,4.23803498961e-7,1.3955452971e-7,2.50264349688e-7,1.8877322816e-7,6.76659226428e-8,4.58844873208e-8,2.0576239379e-8,1.2584556508e-8,6.52806209089e-9,6.23207396799e-9,6.34575991754e-9,6.31950847207e-9,2.24779728164e-9,1.50026524537e-9,1.9480550506e-9,2.90633050959e-9,9.31340227162e-10,1.23524512841e-9,2.94800273082e-9,4.55106702324e-10,2.76541595179e-10,1.06424660751e-10,4.66891456052e-11,4.92328573742e-11,4.19050107114e-11,3.33740812763e-11,3.03101224675e-11,2.53453109195e-11,1.41055995009e-11,8.76472852629e-12,9.04607638796e-12,1.51185262226e-11,1.31390636218e-11,8.57207100441e-12,8.63198401646e-12,5.88952107569e-12],"dvar2":[0.00000448680521004,0.0000121026578199,0.00000818534772407,0.00000600870225753,8.99780843611e-7,3.22658621599e-7,5.94087566697e-7,4.2837740466e-7,1.64121743751e-7,1.1536183564e-7,4.69163303762e-8,2.84312680066e-8,1.62201150289e-8,1.46220475727e-8,1.57179886884e-8,1.54056341017e-8,5.67880453772e-9,3.49428441737e-9,5.05041164445e-9,6.89254653352e-9,2.15124096314e-9,2.86139045791e-9,7.08576086694e-9,1.07721787046e-9,6.80559941735e-10,2.69083227922e-10,1.19483728467e-10,1.25746232871e-10,1.07380118686e-10,8.48114634078e-11,7.61502944036e-11,6.28634436173e-11,3.29450910996e-11,2.03597382009e-11,2.11752299722e-11,3.39198599764e-11,2.73155456587e-11,1.80751073831e-11,1.82238824725e-11,1.18451030234e-11],"max":[0.0202646572143,0.0266776960343,0.0313801728189,0.0211393125355,0.0237930901349,0.00931895431131,0.0126336822286,0.0115487035364,0.0108995232731,0.00937930680811,0.00599279487506,0.00396206881851,0.00361376209185,0.00304211978801,0.0032671361696,0.00331589323469,0.00149786518887,0.00119529571384,0.00135742244311,0.00179628119804,0.000820842396934,0.000951446476392,0.00203507882543,0.000678129552398,0.000528335862327,0.000314926699502,0.00020469140145,0.000155764384544,0.000125846840092,0.000152528111357,0.000115540955449,0.000196946944925,0.000151076965267,0.0000974127397058,0.000131793989567,0.000111717905384,0.000101429403003,0.000121557866805,0.000101727535366,0.0000707762010279],"mean":[0.00119939295109,0.00147509831004,0.000960632809438,0.000703986617737,0.000468874379294,0.000346130051184,0.000336854514899,0.000250209996011,0.000155484987772,0.000116343311674,0.0000765391450841,0.0000671318775858,0.0000520934772794,0.0000470448649139,0.0000527241245436,0.0000517816006322,0.0000364397092198,0.0000318308666465,0.0000352420283889,0.0000415712202084,0.000026400995921,0.0000260431515926,0.0000278685856756,0.0000140548954732,0.0000116242645163,0.00000648424611427,0.00000496827442475,0.00000491041100759,0.00000415274053012,0.00000377640162696,0.00000330512625624,0.00000290146704174,0.00000217491628973,0.00000171861597664,0.00000173758951405,0.00000210483881347,0.00000196106316253,0.00000143865429436,0.00000139182884595,0.00000118131640647],"median":[0.000930528505705,0.00109404709656,0.000506583892275,0.000275976926787,0.00016624541604,0.000113134818093,0.0000968527310761,0.0000738807866583,0.0000466325946036,0.0000346499655279,0.0000202243754757,0.000014762513274,0.000014086860574,0.000013076896721,0.0000136433263833,0.0000132374325403,0.0000118300749818,0.0000111082017611,0.0000106742490971,0.0000149577717821,0.00000971890767687,0.00000766761240811,0.00000614652162767,0.00000401138777306,0.00000361664410775,0.00000226130282499,0.00000181518021236,0.00000168869792105,0.00000134741958391,0.00000108703932256,8.42825215841e-7,7.59301485687e-7,5.04295940118e-7,3.87925979339e-7,3.72440609908e-7,4.16726663843e-7,3.69691775859e-7,2.387610607e-7,2.03671248755e-7,1.57934493927e-7],"min":[1.39046705747e-23,1.75957357619e-24,2.87495584299e-24,6.25769829523e-24,7.19218450128e-24,8.21595082914e-24,9.4306751386e-24,1.34976357026e-23,1.62752906805e-23,1.69826827646e-23,1.76678400152e-23,5.39261607163e-24,1.01335730821e-23,8.57949185528e-24,2.33127740362e-23,5.07366422486e-24,9.90345210087e-24,9.19070996212e-24,1.37235907094e-23,8.57472871314e-24,7.5574815318e-24,8.22782081918e-24,2.09108661292e-23,1.10391546357e-23,8.94068523137e-24,9.1667688225e-24,1.20613976732e-23,1.13055103649e-23,1.49719488924e-23,1.56356712145e-23,1.43395206824e-23,1.4503755212e-23,1.29084796687e-23,1.25571841303e-23,1.09409390865e-23,9.3042104803e-24,6.37117672531e-24,6.99303656576e-24,1.12083463672e-23,1.32003416375e-23],"var":[0.00000218154286813,0.00000401958959628,0.0000028970096082,0.00000216779608309,0.00000108969788926,5.16596287525e-7,5.03785997807e-7,3.65791919421e-7,1.53157145633e-7,9.85267689657e-8,4.35484679429e-8,3.49812800948e-8,2.09651549454e-8,1.5629542105e-8,1.98288372388e-8,1.67926863526e-8,5.08314190739e-9,4.1048049404e-9,4.45186065789e-9,6.16298034828e-9,2.31933805495e-9,3.4989011688e-9,6.88492418632e-9,9.0161894617e-10,6.40221098358e-10,1.6854388718e-10,8.28176971446e-11,8.49796968905e-11,7.63271737481e-11,6.49508086203e-11,5.36582479838e-11,4.85114483306e-11,3.43167369521e-11,1.94037876045e-11,2.03521349079e-11,3.48356760105e-11,3.29134358656e-11,2.19005698993e-11,2.26022429939e-11,1.70398192084e-11]},"melbands_crest":{"dmean":2.62098789215,"dmean2":4.30069351196,"dvar":6.88693666458,"dvar2":17.4028244019,"max":36.3836555481,"mean":14.0231790543,"median":13.3239021301,"min":2.11891913414,"var":24.9346485138},"melbands_flatness_db":{"dmean":0.0213527623564,"dmean2":0.0328777134418,"dvar":0.00061438861303,"dvar2":0.00136640062556,"max":0.581264138222,"mean":0.211216419935,"median":0.195566251874,"min":0.00728190038353,"var":0.00578502751887},"melbands_kurtosis":{"dmean":7.24806022644,"dmean2":11.5124444962,"dvar":244.298522949,"dvar2":590.357666016,"max":388.990631104,"mean":17.7197437286,"median":9.95067214966,"min":-1.66044390202,"var":644.031494141},"melbands_skewness":{"dmean":0.653812110424,"dmean2":1.0124245882,"dvar":0.681939303875,"dvar2":1.54309988022,"max":15.8659858704,"mean":3.02338695526,"median":2.7155148983,"min":-1.00067281723,"var":3.21979475021},"melbands_spread":{"dmean":5.67493009567,"dmean2":8.79820919037,"dvar":65.6813812256,"dvar2":138.512252808,"max":209.651199341,"mean":22.8372840881,"median":18.0914402008,"min":0.484320998192,"var":381.288726807},"mfcc":{"cov":[[15294.71875,84.7566146851,-311.599487305,95.5000076294,-268.318237305,-62.0163459778,-272.263275146,-43.7001037598,-30.3086662292,-127.786895752,-113.211990356,55.0320701599,-65.515586853],[84.7566146851,1564.57202148,-367.130615234,156.710830688,152.31578064,-6.3767991066,54.0036659241,38.5884284973,25.0140209198,28.6039066315,36.2523269653,24.0562038422,-10.6241378784],[-311.599487305,-367.130615234,947.946411133,-36.3452911377,127.618461609,101.229232788,24.6064720154,14.4996852875,-10.4586057663,66.744354248,22.6584529877,19.4231243134,52.1557922363],[95.5000076294,156.710830688,-36.3452911377,356.739349365,62.0607376099,43.6283607483,-22.7579078674,-9.33011245728,13.9398374557,2.37329673767,-1.48599255085,36.3180770874,26.5589351654],[-268.318237305,152.31578064,127.618461609,62.0607376099,243.509414673,44.7317810059,40.513671875,36.7119903564,12.30768013,16.5112667084,19.0152873993,21.5107135773,15.1094179153],[-62.0163459778,-6.3767991066,101.229232788,43.6283607483,44.7317810059,151.940063477,66.4903259277,27.151971817,6.27092456818,3.36397361755,2.57841873169,3.01845598221,3.39566063881],[-272.263275146,54.0036659241,24.6064720154,-22.7579078674,40.513671875,66.4903259277,173.031539917,60.5452537537,7.05233335495,-9.82556056976,11.418211937,-9.35764503479,-18.4084625244],[-43.7001037598,38.5884284973,14.4996852875,-9.33011245728,36.7119903564,27.151971817,60.5452537537,102.703392029,24.6975650787,5.50264024734,15.0949954987,1.06974983215,-11.0334148407],[-30.3086662292,25.0140209198,-10.4586057663,13.9398374557,12.30768013,6.27092456818,7.05233335495,24.6975650787,82.7526168823,30.4509563446,13.9333620071,9.90676689148,-3.16449809074],[-127.786895752,28.6039066315,66.744354248,2.37329673767,16.5112667084,3.36397361755,-9.82556056976,5.50264024734,30.4509563446,99.2378921509,36.3503723145,12.3184309006,12.2582473755],[-113.211990356,36.2523269653,22.6584529877,-1.48599255085,19.0152873993,2.57841873169,11.418211937,15.0949954987,13.9333620071,36.3503723145,77.2550506592,29.7626953125,4.60518550873],[55.0320701599,24.0562038422,19.4231243134,36.3180770874,21.5107135773,3.01845598221,-9.35764503479,1.06974983215,9.90676689148,12.3184309006,29.7626953125,78.1000137329,29.3700466156],[-65.515586853,-10.6241378784,52.1557922363,26.5589351654,15.1094179153,3.39566063881,-18.4084625244,-11.0334148407,-3.16449809074,12.2582473755,4.60518550873,29.3700466156,72.7126159668]],"icov":[[0.0000712896362529,-0.0000151110325532,-0.00000173327873654,-0.00000911113693292,0.000078549986938,-0.0000432512097177,0.000140801552334,-0.0000715996065992,0.0000125547321659,0.0000662838574499,0.0000993552530417,-0.000136250731885,0.000115189686767],[-0.0000151110325532,0.000851744029205,0.00043093401473,-0.000257588602835,-0.000649328983855,0.000148947103298,-0.000299081904814,-0.0000259713960986,0.000154005450895,-0.000467850011773,-0.000158261216711,-0.00000219167054638,0.0000406145845773],[-0.00000173327873654,0.00043093401473,0.00156828854233,0.000276951381238,-0.000932233408093,-0.000839546788484,0.000050733651733,-8.49262704605e-8,0.000593280827161,-0.00111234385986,0.0000528055606992,-0.00000988224837783,-0.000704924750607],[-0.00000911113693292,-0.000257588602835,0.000276951381238,0.00351068959571,-0.000734778237529,-0.00142519781366,0.000912535993848,0.000448063219665,-0.000526980438735,0.000193120358745,0.000611299008597,-0.0012225714745,-0.000608943460975],[0.000078549986938,-0.000649328983855,-0.000932233408093,-0.000734778237529,0.0057011526078,-0.00041167656309,-0.000381271616789,-0.00133553263731,-0.000152700726176,0.00028468266828,-0.000215465188376,-0.000688692787662,-0.000314485194394],[-0.0000432512097177,0.000148947103298,-0.000839546788484,-0.00142519781366,-0.00041167656309,0.00930588226765,-0.00361376511864,-0.000321419967804,-0.000209215810173,-0.000218499524635,0.000583508284763,0.000119418618851,-0.000264603469986],[0.000140801552334,-0.000299081904814,0.000050733651733,0.000912535993848,-0.000381271616789,-0.00361376511864,0.0094477282837,-0.00408342061564,0.000295674835797,0.00167102203704,-0.00120814295951,0.000670010631438,0.00127073540352],[-0.0000715996065992,-0.0000259713960986,-8.49262704605e-8,0.000448063219665,-0.00133553263731,-0.000321419967804,-0.00408342061564,0.0138864153996,-0.00357235898264,0.000497812638059,-0.00156703253742,0.00017566117458,0.000922858249396],[0.0000125547321659,0.000154005450895,0.000593280827161,-0.000526980438735,-0.000152700726176,-0.000209215810173,0.000295674835797,-0.00357235898264,0.0153175797313,-0.00508068688214,0.000699565280229,-0.00183186063077,0.00159380782861],[0.0000662838574499,-0.000467850011773,-0.00111234385986,0.000193120358745,0.00028468266828,-0.000218499524635,0.00167102203704,0.000497812638059,-0.00508068688214,0.0151092577726,-0.0065721035935,0.00190859416034,-0.00195465772413],[0.0000993552530417,-0.000158261216711,0.0000528055606992,0.000611299008597,-0.000215465188376,0.000583508284763,-0.00120814295951,-0.00156703253742,0.000699565280229,-0.0065721035935,0.0194953549653,-0.0077577396296,0.00231630285271],[-0.000136250731885,-0.00000219167054638,-0.00000988224837783,-0.0012225714745,-0.000688692787662,0.000119418618851,0.000670010631438,0.00017566117458,-0.00183186063077,0.00190859416034,-0.0077577396296,0.0192650500685,-0.00702731544152],[0.000115189686767,0.0000406145845773,-0.000704924750607,-0.000608943460975,-0.000314485194394,-0.000264603469986,0.00127073540352,0.000922858249396,0.00159380782861,-0.00195465772413,0.00231630285271,-0.00702731544152,0.0182206574827]],"mean":[-677.857055664,123.588356018,3.95370006561,25.1831531525,15.9705514908,6.80687046051,-2.24291563034,1.64611899853,1.52094817162,2.60474276543,0.0974535495043,4.04806661606,-0.997364342213]},"pitch_salience":{"dmean":0.0624703466892,"dmean2":0.102947540581,"dvar":0.00381967099383,"dvar2":0.0100100729614,"max":0.892512559891,"mean":0.534643471241,"median":0.539714574814,"min":0.0849124342203,"var":0.0109284026548},"silence_rate_20dB":{"dmean":0,"dmean2":0,"dvar":0,"dvar2":0,"max":1,"mean":1,"median":1,"min":1,"var":0},"silence_rate_30dB":{"dmean":0.00147994677536,"dmean2":0.00296011241153,"dvar":0.00147772475611,"dvar2":0.00428328337148,"max":1,"mean":0.999186098576,"median":1,"min":0,"var":0.000813365972135},"silence_rate_60dB":{"dmean":0.0106556164101,"dmean2":0.0213128104806,"dvar":0.0105424635112,"dvar2":0.0245620403439,"max":1,"mean":0.104328520596,"median":0,"min":0,"var":0.0934458971024},"spectral_centroid":{"dmean":211.116104126,"dmean2":330.839477539,"dvar":64052.046875,"dvar2":133536.125,"max":11237.5390625,"mean":1272.93884277,"median":1179.8671875,"min":137.575927734,"var":476480.34375},"spectral_complexity":{"dmean":3.18203353882,"dmean2":4.9587802887,"dvar":20.8468837738,"dvar2":43.072769165,"max":58,"mean":16.8285617828,"median":15,"min":0,"var":133.57170105},"spectral_contrast_coeffs":{"dmean":[0.0462910570204,0.0437283068895,0.0338621661067,0.0279060509056,0.0197834856808,0.0176446381956],"dmean2":[0.0761052146554,0.0719349384308,0.0552139207721,0.0456826426089,0.0323484055698,0.0277967937291],"dvar":[0.00187254475895,0.00138077908196,0.00077722070273,0.000545143499039,0.000308240763843,0.0003287520085],"dvar2":[0.00467025348917,0.00355404056609,0.0020281621255,0.00137793365866,0.000739523384254,0.000731654989067],"max":[-0.316766232252,-0.40837675333,-0.460835397243,-0.55117213726,-0.582475304604,-0.578384757042],"mean":[-0.674735307693,-0.728029966354,-0.784761488438,-0.776552915573,-0.789266645908,-0.781172156334],"median":[-0.681469917297,-0.731851160526,-0.789708673954,-0.777815401554,-0.793261766434,-0.780087888241],"min":[-0.980566084385,-0.969353437424,-0.986169278622,-0.96594786644,-0.959794223309,-0.960062503815],"var":[0.00742382835597,0.00631125411019,0.00394545961171,0.00294077349827,0.00248223822564,0.0025706011802]},"spectral_contrast_valleys":{"dmean":[0.332190841436,0.331463962793,0.310715585947,0.27087059617,0.240004330873,0.282165765762],"dmean2":[0.547654032707,0.54608130455,0.501128196716,0.4315071702,0.366700738668,0.370093733072],"dvar":[0.0975702777505,0.0982587859035,0.103339061141,0.0941798463464,0.108621299267,0.140348359942],"dvar2":[0.228891253471,0.222378522158,0.218191847205,0.187678828835,0.205244898796,0.23618209362],"max":[-5.20331525803,-4.69031620026,-4.92972326279,-5.43834543228,-5.51669073105,-7.39477491379],"mean":[-7.32106971741,-7.21351957321,-7.85917139053,-8.05432224274,-8.10468387604,-10.5292606354],"median":[-6.83905982971,-6.85941362381,-7.53143930435,-7.73110389709,-7.7215051651,-10.1527519226],"min":[-27.208360672,-27.468378067,-26.8375263214,-27.3735866547,-27.4365348816,-27.2305698395],"var":[3.24503946304,2.85483932495,2.80666828156,2.77680230141,2.73821949959,2.93648719788]},"spectral_decrease":{"dmean":1.83277670818e-9,"dmean2":2.87779089447e-9,"dvar":1.15540505243e-17,"dvar2":2.76072919103e-17,"max":-8.02257011876e-29,"mean":-5.53960655125e-9,"median":-4.28653157414e-9,"min":-4.1725623845e-8,"var":2.36417483491e-17},"spectral_energy":{"dmean":0.00727838091552,"dmean2":0.0113558759913,"dvar":0.0001798436424,"dvar2":0.000424925470725,"max":0.163519352674,"mean":0.0225608628243,"median":0.017310699448,"min":1.12501999758e-20,"var":0.000389717664802},"spectral_energyband_high":{"dmean":0.000376422423869,"dmean2":0.000539853121154,"dvar":9.83060090221e-7,"dvar2":0.00000201885495699,"max":0.0172292571515,"mean":0.000825136958156,"median":0.000239459768636,"min":8.19449139544e-21,"var":0.00000289329136649},"spectral_energyband_low":{"dmean":0.00327304261737,"dmean2":0.00534068886191,"dvar":0.0000648470086162,"dvar2":0.00016004977806,"max":0.114087320864,"mean":0.00786461215466,"median":0.00636771414429,"min":5.52743161147e-23,"var":0.0000776079759817},"spectral_energyband_middle_high":{"dmean":0.00132214732002,"dmean2":0.00203894195147,"dvar":0.00000676021136314,"dvar2":0.0000154029494297,"max":0.0621530897915,"mean":0.00421987101436,"median":0.00182701006997,"min":1.64051988428e-21,"var":0.0000320891485899},"spectral_energyband_middle_low":{"dmean":0.00464767357334,"dmean2":0.00741074047983,"dvar":0.000103500591649,"dvar2":0.000255728809861,"max":0.15022751689,"mean":0.0104525843635,"median":0.00609266012907,"min":3.6139957171e-22,"var":0.000176853311132},"spectral_entropy":{"dmean":0.13821798563,"dmean2":0.205951184034,"dvar":0.0248749461025,"dvar2":0.0495893470943,"max":9.8122959137,"mean":7.57881879807,"median":7.62761974335,"min":5.32210636139,"var":0.244887501001},"spectral_flux":{"dmean":0.0203613936901,"dmean2":0.0321722924709,"dvar":0.000955183641054,"dvar2":0.00206272304058,"max":0.338659524918,"mean":0.0671857371926,"median":0.0571999996901,"min":1.0606696077e-10,"var":0.00251464964822},"spectral_kurtosis":{"dmean":1.47068250179,"dmean2":2.4367711544,"dvar":4.09401607513,"dvar2":11.0507278442,"max":46.2647705078,"mean":5.05106592178,"median":4.06423091888,"min":-1.43749666214,"var":17.9478816986},"spectral_rms":{"dmean":0.000642877595965,"dmean2":0.000979437725618,"dvar":9.36359242587e-7,"dvar2":0.0000020480438252,"max":0.0126305613667,"mean":0.00421768100932,"median":0.00410956051201,"min":3.3129753281e-12,"var":0.00000422172024628},"spectral_rolloff":{"dmean":435.159210205,"dmean2":714.934631348,"dvar":861660.9375,"dvar2":1779352.5,"max":18841.5527344,"mean":1579.22644043,"median":925.927734375,"min":43.06640625,"var":5683741},"spectral_skewness":{"dmean":0.197102040052,"dmean2":0.312555730343,"dvar":0.0473561994731,"dvar2":0.112140320241,"max":5.23108053207,"mean":1.62907159328,"median":1.55249369144,"min":-0.247042268515,"var":0.31958258152},"spectral_spread":{"dmean":569726.625,"dmean2":793196.3125,"dvar":677749456896,"dvar2":1177440223230,"max":40346160,"mean":4937828,"median":4396579.5,"min":1538095,"var":4941887307780},"spectral_strongpeak":{"dmean":0.41885086894,"dmean2":0.717628836632,"dvar":0.888328790665,"dvar2":2.2619972229,"max":17.1174240112,"mean":0.717829823494,"median":0.291290938854,"min":0,"var":1.52498960495},"zerocrossingrate":{"dmean":0.00995253305882,"dmean2":0.0116648739204,"dvar":0.00017494543863,"dvar2":0.000182513103937,"max":0.5078125,"mean":0.0639005377889,"median":0.052734375,"min":0.0029296875,"var":0.00331659638323}},"metadata":{"audio_properties":{"analysis_sample_rate":44100,"bit_rate":0,"codec":"flac","downmix":"mix","equal_loudness":0,"length":313.773345947,"lossless":true,"md5_encoded":"c060c27b841c45079eb6f714fcd9ae4c","replay_gain":-14.8409404755,"sample_rate":44100},"tags":{"album":["Dirty Work"],"albumartist":["The Rolling Stones"],"albumartistsort":["Rolling Stones, The"],"artist":["The Rolling Stones"],"artistsort":["Rolling Stones, The"],"asin":["B000000W66"],"barcode":["602527015644"],"catalognumber":["2701564"],"date":["2009-07-14"],"discnumber":["1"],"disctotal":["1"],"file_name":"01-10 Sleep Tonight.flac","genre":["Rock"],"label":["Polydor"],"labelno":["2701564"],"media":["CD"],"musicbrainz_albumartistid":["b071f9fa-14b0-4217-8e97-eb41da73f598"],"musicbrainz_albumid":["e32e431a-34f6-3e2b-9d23-5e97721c5f95"],"musicbrainz_artistid":["b071f9fa-14b0-4217-8e97-eb41da73f598"],"musicbrainz_recordingid":["3ba02ffc-6a76-4901-8897-39d5f43dc668"],"musicbrainz_releasegroupid":["fb2dc90c-9f8a-3fa3-b9bc-2001dbe6a561"],"originaldate":["1986-03-21"],"publisher":["Polydor"],"release date":["2009-07-14"],"releasecountry":["AR"],"releasestatus":["official"],"releasetype":["album"],"script":["Latn"],"title":["Sleep Tonight"],"totaldiscs":["1"],"totaltracks":["11"],"tracknumber":["10"],"tracktotal":["11"]},"version":{"essentia":"2.1-beta1","essentia_build_sha":"ca57ba49d9b1854bd80e60cf9ccf267278fb7d6b","essentia_git_sha":"v2.1_beta1-28-g21ef5f4-dirty","extractor":"music 1.0"}},"rhythm":{"beats_count":769,"beats_loudness":{"dmean":0.0247976426035,"dmean2":0.0463202260435,"dvar":0.000359561643563,"dvar2":0.00110834185034,"max":0.11670127511,"mean":0.0359535552561,"median":0.0336175560951,"min":2.44997938603e-10,"var":0.000596751575358},"beats_loudness_band_ratio":{"dmean":[0.242325827479,0.151160910726,0.124215722084,0.051434893