{"lowlevel":{"average_loudness":0.725754141808,"barkbands":{"dmean":[0.000362852908438,0.0176978167146,0.00255031022243,0.000840213673655,0.00084989547031,0.000672377413139,0.000494105450343,0.000466489378596,0.000452233332908,0.000377051765099,0.000115272327093,0.000208972240216,0.000323376618326,0.000442738062702,0.00105237076059,0.00055237748893,0.000258649291936,0.000174023225554,0.00012585229706,0.0000656728443573,0.0000241649977397,0.0000160748822964,0.0000071570025284,0.00000482864106743,0.00000351373978447,0.00000519849254488,6.06322089425e-7],"dmean2":[0.000558948726393,0.0302049499005,0.00464550917968,0.00135719007812,0.00138665514532,0.00108511908911,0.000794123625383,0.000695832306519,0.000671358662657,0.000563301844522,0.000185200638953,0.000327656191075,0.000517803942785,0.000721971853636,0.00164566375315,0.000925603846554,0.000421458273195,0.000280874344753,0.000203601521207,0.000103767990367,0.0000367183456547,0.0000239034379774,0.0000103178736026,0.00000668531220072,0.00000476177774544,0.00000745777197153,9.11335291676e-7],"dvar":[6.10516451616e-7,0.00163740338758,0.0000336488483299,0.00000281982624983,0.00000319321520692,0.00000251201390711,7.62685999689e-7,0.0000018382216922,0.0000027798305382,0.00000218370973926,6.55297540675e-8,3.61388600822e-7,6.19203149199e-7,8.01097883141e-7,0.00000324325060319,9.18369380543e-7,1.98789010142e-7,1.27147174567e-7,4.90378120332e-8,2.3602925836e-8,3.29152927137e-9,1.4358532141e-9,2.10621742269e-10,8.74348371482e-11,2.84522891358e-11,7.07096950436e-11,5.8380606122e-13],"dvar2":[0.00000141816485666,0.00425229081884,0.0000979008109425,0.00000672180021866,0.00000775052922108,0.00000635397964288,0.00000186907027455,0.00000395901315642,0.00000573075385546,0.00000451745427199,1.39669779742e-7,7.1085929676e-7,0.00000151973711127,0.00000196602286451,0.00000786758755567,0.00000258930640484,4.99393934206e-7,3.22530667063e-7,1.25144367757e-7,5.43422764565e-8,6.92265134106e-9,3.18419712819e-9,4.45231157498e-10,1.76939504715e-10,5.6171338414e-11,1.61843996538e-10,1.23274968792e-12],"max":[0.006666040048,0.348686397076,0.0800115913153,0.0354460403323,0.0577781125903,0.0308551359922,0.0234126169235,0.0415918529034,0.051178060472,0.0873635858297,0.0175038613379,0.031335901469,0.0256693400443,0.0233675967902,0.0342701748013,0.0179108604789,0.00911350548267,0.0086758537218,0.00586904631928,0.00606193998829,0.00175534957089,0.00159861100838,0.000438696122728,0.000388639804441,0.000150488136569,0.000135440408485,0.0000124097477965],"mean":[0.000358394376235,0.018885621801,0.00335162947886,0.00200793193653,0.0016752491938,0.00119264563546,0.000886772526428,0.00087383313803,0.00094159838045,0.000736688205507,0.00018973404076,0.000378285098122,0.000533314887434,0.00080884603085,0.002097629942,0.00101427303161,0.000542104186025,0.000339339458151,0.000287298462354,0.000141439930303,0.0000523414346389,0.0000381502577511,0.0000177483434527,0.0000117926902021,0.00000812183134258,0.00000926821940084,0.0000011649993894],"median":[0.0000428895946243,0.00693427026272,0.0012516991701,0.000782602350228,0.000606066489127,0.000453358807135,0.0004671170027,0.000184052565601,0.000117504256195,0.000171362335095,0.0000804717128631,0.00013104325626,0.000209615856875,0.000348199013388,0.000935081450734,0.000534339633305,0.000305473804474,0.000132459361339,0.000164681114256,0.0000526285220985,0.0000191417311726,0.0000126264703795,0.00000652639118925,0.00000390069453715,0.00000328489636559,0.00000398488282372,9.53522317104e-7],"min":[3.32743428019e-25,1.86094200529e-24,1.13314258262e-24,1.56562176884e-24,4.63833448976e-24,5.32981801041e-24,8.36752019688e-24,2.89659843914e-24,1.22287119157e-23,9.87371204474e-24,1.09613437626e-23,1.40926198408e-23,3.2637217221e-23,2.78510214042e-23,3.80937302371e-23,5.65750278405e-23,5.18547839508e-23,9.19845136972e-23,9.87219538077e-23,1.12058360541e-22,2.51408708316e-22,3.10469701927e-22,3.12644206478e-22,5.91161911543e-22,8.12954711507e-22,1.21044816586e-21,1.93130113263e-21],"var":[6.62866170842e-7,0.00139107217547,0.0000323422755173,0.0000101283012555,0.0000108927079054,0.00000454711243947,0.00000187688272035,0.00000647598380965,0.0000115090197141,0.00000819296201371,1.73343934762e-7,0.00000109904704004,0.00000126569636905,0.00000178567677267,0.00000969109532889,0.00000185130625141,5.18779472714e-7,3.56487618092e-7,1.35012101055e-7,6.4606581418e-8,9.18458997745e-9,5.4394120319e-9,1.07052666731e-9,5.06125696909e-10,1.63957486476e-10,1.47164336273e-10,1.11715291965e-12]},"barkbands_crest":{"dmean":3.09302973747,"dmean2":4.96944999695,"dvar":10.51126194,"dvar2":26.0203800201,"max":26.1198348999,"mean":11.8125038147,"median":10.831700325,"min":2.86256599426,"var":25.2428321838},"barkbands_flatness_db":{"dmean":0.0238138958812,"dmean2":0.0377588048577,"dvar":0.000731614418328,"dvar2":0.00182265473995,"max":0.353648751974,"mean":0.145165413618,"median":0.141164362431,"min":0.0319814123213,"var":0.00227666413411},"barkbands_kurtosis":{"dmean":4.34571266174,"dmean2":7.45542526245,"dvar":194.501480103,"dvar2":528.473999023,"max":308.827575684,"mean":3.73795008659,"median":0.309293150902,"min":-1.87418937683,"var":172.483612061},"barkbands_skewness":{"dmean":0.735954761505,"dmean2":1.16415500641,"dvar":1.14299941063,"dvar2":2.74109339714,"max":16.2201156616,"mean":1.33711910248,"median":1.09254264832,"min":-2.85690188408,"var":2.48372459412},"barkbands_spread":{"dmean":5.45395326614,"dmean2":8.81310367584,"dvar":36.5812530518,"dvar2":90.5742034912,"max":124.739212036,"mean":25.4478149414,"median":23.8933830261,"min":0.709813058376,"var":265.627807617},"dissonance":{"dmean":0.0133206797764,"dmean2":0.0222734790295,"dvar":0.000185534649063,"dvar2":0.00050104863476,"max":0.500000059605,"mean":0.471356987953,"median":0.478177070618,"min":0.283929347992,"var":0.00058575841831},"dynamic_complexity":5.01823616028,"erbbands":{"dmean":[0.468246042728,4.09141778946,4.1965007782,2.50620102882,2.81336975098,2.82929587364,3.3473315239,5.83972644806,8.70467758179,4.91741037369,11.7905349731,9.89913749695,11.8057022095,9.09939670563,5.09747457504,8.0736656189,9.55170249939,24.3332023621,64.8605728149,13.295416832,35.0163345337,12.1269273758,8.83552932739,6.96991109848,6.04618644714,3.00120520592,1.22395181656,0.815002679825,0.625776052475,0.37839370966,0.174876019359,0.114127285779,0.0747690722346,0.0441735312343,0.0226872954518,0.0138764213771,0.0125350318849,0.00233938125893,0.000101872195955,0.0000239631208387],"dmean2":[0.829586446285,6.92868280411,7.35641431808,4.14980125427,4.61559677124,4.69217777252,5.09305953979,9.68426513672,14.0016746521,7.73909139633,17.1977481842,14.6835517883,16.8221321106,14.1766805649,7.93254089355,12.8163795471,15.2811536789,39.2513160706,101.809234619,20.9786510468,58.7797584534,19.6691703796,14.3350439072,11.2784547806,9.74627685547,4.74182796478,1.86805093288,1.2179287672,0.940068483353,0.558692514896,0.247866436839,0.161024704576,0.104661390185,0.0618214383721,0.0312450900674,0.018782844767,0.0187237001956,0.00342693855055,0.000151828411617,0.0000390449604311],"dvar":[1.32560050488,84.141418457,85.424911499,26.855424881,36.6171684265,36.3697052002,66.6214904785,207.360427856,264.998565674,135.085388184,1274.59423828,1474.4552002,2986.16455078,490.29486084,231.668289185,393.174041748,512.896179199,2447.06420898,12304.3388672,926.238830566,3724.1015625,441.853485107,290.708374023,152.970504761,129.414855957,45.8487510681,9.29081344604,3.24931406975,2.40456819534,0.644068479538,0.138981848955,0.056588370353,0.0205087307841,0.005216431804,0.00121888890862,0.00039753166493,0.000509945908561,0.0000142502685776,1.43707046263e-8,2.24856555597e-9],"dvar2":[3.57433795929,217.078277588,236.811264038,67.6694259644,89.7756958008,87.8515853882,141.211807251,543.470581055,674.589111328,312.23034668,2661.47705078,2892.02246094,5909.96972656,1177.69604492,415.527191162,928.073181152,1209.96447754,6072.19580078,29880.4433594,2274.59057617,10613.46875,1090.27526855,734.694763184,376.136199951,315.249450684,107.374404907,19.8622550964,6.56606340408,5.46140003204,1.42089366913,0.269010365009,0.117251783609,0.0443139225245,0.0112256612629,0.00239384453744,0.000719777191989,0.00126116862521,0.0000332080671797,2.95108382176e-8,5.58386137328e-9],"max":[8.74070739746,85.3425445557,107.934387207,107.10760498,144.791595459,208.900375366,271.812194824,310.103942871,277.46282959,402.714630127,1175.06311035,1549.15393066,3400.65844727,1052.921875,968.209106445,678.022827148,727.466308594,1379.26855469,1963.9654541,1657.25830078,1106.7434082,418.32598877,389.151885986,215.860656738,315.025695801,212.897888184,99.3511886597,42.0806121826,66.4222793579,25.1127471924,12.7578544617,10.2470693588,5.08405303955,2.10679411888,1.02340364456,0.431991189718,0.282748609781,0.077555000782,0.00196115486324,0.000444966193754],"mean":[0.40755340457,4.58872413635,5.75504112244,5.67656707764,6.14349985123,4.65123081207,6.78418588638,9.69919681549,15.3680047989,9.22680473328,23.3427009583,20.9248332977,27.3429374695,16.8497848511,10.4278030396,15.1771430969,18.2806587219,51.4466514587,126.90246582,36.7611656189,66.0489349365,28.9130878448,19.3769130707,16.4660644531,14.0332651138,6.83297204971,2.68853282928,1.84987163544,1.46172535419,0.915913820267,0.449221223593,0.275651723146,0.174393758178,0.098708935082,0.0518204569817,0.0300721284002,0.0199230927974,0.00394894648343,0.000208970202948,0.0000470982158731],"median":[0.0993102192879,1.80694723129,2.5512638092,2.55698680878,2.52733421326,1.73570752144,2.52299594879,3.47877502441,8.08881759644,4.58679676056,5.03405475616,3.28488373756,4.03896713257,6.9832868576,4.57227563858,6.20686626434,8.97611236572,26.1260471344,64.087600708,19.0315818787,35.4836044312,16.9186782837,10.1779727936,8.97188568115,7.35305070877,2.72865152359,1.0365998745,0.675012588501,0.461173564196,0.360030353069,0.156832933426,0.094789467752,0.0577073469758,0.0377185940742,0.0219623818994,0.0139404395595,0.00817687995732,0.00179994781502,0.000185460376088,0.0000330137991114],"min":[6.22345053012e-23,3.76579754637e-22,2.0347546489e-21,3.49182824921e-21,9.63139216895e-21,2.34693144078e-20,3.15659553451e-20,5.28395802092e-20,1.18190525677e-19,1.25658997256e-19,1.81760855017e-19,2.57632381116e-19,3.63107318396e-19,5.99875464428e-19,8.18938378134e-19,9.47293131158e-19,1.36956387078e-18,1.83029323561e-18,2.2862376708e-18,2.35201734785e-18,4.05435546208e-18,4.04492643027e-18,5.58312874991e-18,5.48526790677e-18,6.31465833233e-18,7.24964994361e-18,7.89479209158e-18,1.06651440401e-17,1.11621753635e-17,9.19250860532e-18,9.93915243189e-18,9.99572744989e-18,9.22597467854e-18,7.03408750316e-18,4.58316582383e-18,4.26599417129e-18,2.09994377555e-18,9.56591985411e-19,2.49021766982e-19,2.5218266644e-20],"var":[0.969336807728,74.4237442017,84.5727386475,77.9177780151,117.38469696,104.468086243,211.504867554,338.132568359,499.576019287,348.02456665,4769.18408203,5502.19873047,13569.4267578,1433.82983398,760.375976562,1022.15582275,1136.5357666,6242.38183594,32350.9667969,4824.37939453,7649.60595703,1329.56359863,847.636169434,434.74130249,386.022064209,137.971572876,25.1267757416,10.2277927399,9.31511688232,2.42538452148,0.770767331123,0.280418992043,0.114153929055,0.0280051678419,0.00611189194024,0.00158369797282,0.00078163750004,0.0000234197086684,2.99975937423e-8,2.71487099468e-9]},"erbbands_crest":{"dmean":3.01002454758,"dmean2":4.80164575577,"dvar":7.78618240356,"dvar2":19.2813339233,"max":32.3376464844,"mean":11.3785667419,"median":10.5412015915,"min":1.9970934391,"var":25.5943698883},"erbbands_flatness_db":{"dmean":0.016446409747,"dmean2":0.0239436458796,"dvar":0.000210897080251,"dvar2":0.000438273476902,"max":0.323051422834,"mean":0.168006554246,"median":0.169506371021,"min":0.0253766905516,"var":0.00180694228038},"erbbands_kurtosis":{"dmean":1.16794586182,"dmean2":1.84570991993,"dvar":2.35257983208,"dvar2":5.45459794998,"max":45.8194923401,"mean":1.32757270336,"median":0.441858053207,"min":-1.74459147453,"var":8.24894809723},"erbbands_skewness":{"dmean":0.334710657597,"dmean2":0.517397940159,"dvar":0.0915109887719,"dvar2":0.211719170213,"max":5.88781452179,"mean":-0.649407863617,"median":-0.681322932243,"min":-3.70589852333,"var":0.748622894287},"erbbands_spread":{"dmean":6.63534545898,"dmean2":10.4288358688,"dvar":53.0721092224,"dvar2":125.707176208,"max":123.649658203,"mean":30.1573467255,"median":27.332157135,"min":2.73973727226,"var":237.219543457},"gfcc":{"cov":[[28587.9257812,3841.81738281,-3537.81713867,1317.94775391,-7.13051939011,348.852630615,-408.515167236,318.010650635,-159.974578857,160.674346924,-369.961883545,-93.294052124,-319.761749268],[3841.81738281,1265.32995605,-506.813476562,148.040725708,154.56741333,-38.794593811,56.4071884155,72.7632064819,-6.63842201233,-53.270690918,-15.4397859573,-41.9682922363,-53.7417297363],[-3537.81713867,-506.813476562,934.715393066,-23.5593643188,60.510509491,55.2409934998,107.562728882,-0.385543346405,31.3841304779,-11.8843297958,39.628452301,15.0338468552,40.4958763123],[1317.94775391,148.040725708,-23.5593643188,420.092132568,142.483978271,123.65953064,73.1356658936,23.8182868958,35.6759872437,24.8620319366,-5.20087623596,-4.61563587189,7.44392251968],[-7.13051939011,154.56741333,60.510509491,142.483978271,311.566650391,87.6860275269,45.0002479553,38.3984184265,55.7721099854,28.2947463989,27.2053852081,12.9548377991,25.3081893921],[348.852630615,-38.794593811,55.2409934998,123.65953064,87.6860275269,179.936004639,86.2551803589,35.213092804,32.4472351074,31.0951213837,-6.76487493515,3.9750187397,12.9672670364],[-408.515167236,56.4071884155,107.562728882,73.1356658936,45.0002479553,86.2551803589,229.628692627,74.8788146973,22.2214260101,-19.791683197,12.4248189926,-10.0863237381,-3.35990142822],[318.010650635,72.7632064819,-0.385543346405,23.8182868958,38.3984184265,35.213092804,74.8788146973,108.334510803,37.9492378235,12.0999088287,2.87901926041,-0.637355029583,-6.7799654007],[-159.974578857,-6.63842201233,31.3841304779,35.6759872437,55.7721099854,32.4472351074,22.2214260101,37.9492378235,96.0134124756,50.0467720032,14.2460155487,4.29959869385,14.7941818237],[160.674346924,-53.270690918,-11.8843297958,24.8620319366,28.2947463989,31.0951213837,-19.791683197,12.0999088287,50.0467720032,88.0960922241,31.7963180542,11.0082511902,4.19507265091],[-369.961883545,-15.4397859573,39.628452301,-5.20087623596,27.2053852081,-6.76487493515,12.4248189926,2.87901926041,14.2460155487,31.7963180542,71.791557312,33.554271698,10.5652980804],[-93.294052124,-41.9682922363,15.0338468552,-4.61563587189,12.9548377991,3.9750187397,-10.0863237381,-0.637355029583,4.29959869385,11.0082511902,33.554271698,67.2928543091,31.4509010315],[-319.761749268,-53.7417297363,40.4958763123,7.44392251968,25.3081893921,12.9672670364,-3.35990142822,-6.7799654007,14.7941818237,4.19507265091,10.5652980804,31.4509010315,63.7572250366]],"icov":[[0.000315586483339,-0.000801719957963,0.000510911748279,-0.000771125953179,0.000713027548045,-0.000985151273198,0.00102932029404,-0.00112023937982,0.00115006626584,-0.00131394329946,0.00133958214428,-0.000973027548753,0.000602549291216],[-0.000801719957963,0.00348458532244,-0.000455494853668,0.00160536088515,-0.0027315444313,0.00325121264905,-0.00296020018868,0.00224762503058,-0.00310130021535,0.00467694690451,-0.00398903293535,0.00302556483075,-0.000895312987268],[0.000510911748279,-0.000455494853668,0.00257353042252,-0.0011542205466,0.000509586301632,-0.00156985060312,0.000934017822146,-0.00156894954853,0.00117091473658,-0.000652899208944,0.000960443401709,-0.000900126120541,0.000734111177735],[-0.000771125953179,0.00160536088515,-0.0011542205466,0.005338054616,-0.00266921077855,0.00067002751166,-0.00311830476858,0.00365001289174,-0.00300168152899,0.00253256387077,-0.00253143929876,0.00231498805806,-0.00144991069101],[0.000713027548045,-0.0027315444313,0.000509586301632,-0.00266921077855,0.0069105499424,-0.00450317002833,0.00360573967919,-0.0032432959415,0.000809538178146,-0.00195016455837,0.000490750535391,-0.00148342561442,-0.000129634994664],[-0.000985151273198,0.00325121264905,-0.00156985060312,0.00067002751166,-0.00450317002833,0.0144877675921,-0.00795422121882,0.00360658601858,-0.00176365103107,-0.00239707133733,0.00245196302421,0.000358726159902,-0.00249251630157],[0.00102932029404,-0.00296020018868,0.000934017822146,-0.00311830476858,0.00360573967919,-0.00795422121882,0.0127252293751,-0.00869917310774,0.00220707478002,0.00236478634179,-0.00196089223027,0.000339708727552,0.00185964279808],[-0.00112023937982,0.00224762503058,-0.00156894954853,0.00365001289174,-0.0032432959415,0.00360658601858,-0.00869917310774,0.0190765019506,-0.00885127019137,0.00289073679596,-0.00159204832744,0.000144198173075,0.00102697277907],[0.00115006626584,-0.00310130021535,0.00117091473658,-0.00300168152899,0.000809538178146,-0.00176365103107,0.00220707478002,-0.00885127019137,0.024262111634,-0.0171995796263,0.00807208381593,-0.00203797966242,-0.0028574205935],[-0.00131394329946,0.00467694690451,-0.000652899208944,0.00253256387077,-0.00195016455837,-0.00239707133733,0.00236478634179,0.00289073679596,-0.0171995796263,0.0335133560002,-0.0204254481941,0.00791293755174,0.000432323198766],[0.00133958214428,-0.00398903293535,0.000960443401709,-0.00253143929876,0.000490750535391,0.00245196302421,-0.00196089223027,-0.00159204832744,0.00807208381593,-0.0204254481941,0.0350901894271,-0.0185114461929,0.00486300094053],[-0.000973027548753,0.00302556483075,-0.000900126120541,0.00231498805806,-0.00148342561442,0.000358726159902,0.000339708727552,0.000144198173075,-0.00203797966242,0.00791293755174,-0.0185114461929,0.0304387025535,-0.0134745463729],[0.000602549291216,-0.000895312987268,0.000734111177735,-0.00144991069101,-0.000129634994664,-0.00249251630157,0.00185964279808,0.00102697277907,-0.0028574205935,0.000432323198766,0.00486300094053,-0.0134745463729,0.0248960219324]],"mean":[-45.8618354797,97.7349395752,-116.120903015,26.5269775391,-19.0208206177,6.75820446014,-36.1776008606,10.6626300812,-13.5648889542,10.8706121445,-16.2505226135,0.843371868134,-14.6844978333]},"hfc":{"dmean":4.59923028946,"dmean2":6.99088859558,"dvar":41.1647796631,"dvar2":91.5687332153,"max":119.249420166,"mean":18.413351059,"median":14.1316413879,"min":1.0319087406e-16,"var":300.495056152},"melbands":{"dmean":[0.00471246941015,0.00332981836982,0.000425097765401,0.000214566796785,0.000102777143184,0.00013322821178,0.000127166684251,0.0000572511780774,0.0000928926019697,0.0000655875701341,0.0000600574167038,0.0000395281495003,0.0000168755341292,0.0000259313583229,0.0000137526112667,0.0000357480166713,0.0000470711347589,0.000105449478724,0.0000387316576962,0.0000245594947046,0.0000398621450586,0.0000116241726573,0.0000157980812219,0.00000687819283485,0.00000596197560299,0.00000609007929597,0.00000312592305818,0.000001869454195,8.85919632765e-7,6.83187067807e-7,4.43260177008e-7,4.06878086778e-7,2.9851176464e-7,2.0867970818e-7,1.19463635428e-7,6.96300261893e-8,7.64220686733e-8,5.73028415829e-8,4.86644005093e-8,3.43026691496e-8],"dmean2":[0.00814625341445,0.00560237653553,0.000706377148163,0.000355775584467,0.000158540846314,0.000219940629904,0.000203901960049,0.0000899268488865,0.000134551039082,0.0000979262113106,0.0000856719052535,0.0000618533085799,0.0000268028761639,0.0000407472616644,0.0000219284975174,0.0000571443342778,0.000076360127423,0.000166178928339,0.0000606309222349,0.0000408291016356,0.0000669064247631,0.0000190415976249,0.0000255411614489,0.0000111443632704,0.0000096944404504,0.00000988703868643,0.00000495848598803,0.00000298271720567,0.00000139156725254,0.00000106150309875,6.73574447774e-7,6.28528482594e-7,4.61574472865e-7,3.14193215445e-7,1.78689745667e-7,9.91093713765e-8,1.12666548091e-7,8.30005006947e-8,6.95320281352e-8,4.91570233407e-8],"dvar":[0.000123942139908,0.0000513637569384,6.78344463267e-7,2.20087841285e-7,5.18041467501e-8,1.08169139423e-7,5.3955396595e-8,1.8941957336e-8,7.98414276915e-8,6.59720456042e-8,7.64455023727e-8,1.03217647762e-8,1.77058012696e-9,5.99428329195e-9,1.03980302146e-9,7.60040030912e-9,9.42859035291e-9,3.22375015571e-8,5.28947818879e-9,1.75927838963e-9,4.65626825985e-9,4.39667663388e-10,9.14140985131e-10,1.63275795662e-10,1.11083156562e-10,1.25904564552e-10,5.6315511282e-11,1.85405076708e-11,4.92350908307e-12,2.67539831435e-12,9.65724462204e-13,1.155613257e-12,4.73487948068e-13,1.84757604723e-13,6.5786677321e-14,2.70422112437e-14,2.57307586018e-14,1.52448007289e-14,6.41806562662e-15,3.57140515485e-15],"dvar2":[0.000326287001371,0.00013287672482,0.00000174915157913,5.43132500752e-7,1.09718072849e-7,2.81294319393e-7,1.36420723607e-7,4.42838690162e-8,1.64975688222e-7,1.33345025688e-7,1.50019104694e-7,2.46321967268e-8,3.61959107131e-9,1.2263787319e-8,2.40227082671e-9,1.89262259198e-8,2.37055814978e-8,7.87243052969e-8,1.32379636142e-8,4.79021622368e-9,1.3265545995e-8,1.12150766451e-9,2.28586993778e-9,4.01611216505e-10,2.78151335298e-10,3.19872128784e-10,1.3044752778e-10,4.45200230847e-11,1.10629292185e-11,6.20883813113e-12,2.02518037062e-12,2.68451840618e-12,1.14064443654e-12,4.31232144178e-13,1.42914461732e-13,5.32295663439e-14,5.86380106255e-14,3.4912644878e-14,1.46468429019e-14,7.94453377053e-15],"max":[0.0879956930876,0.0647193565965,0.0154582764953,0.0161833427846,0.00720445625484,0.006723807659,0.00423915311694,0.00450415024534,0.0101529676467,0.00916842371225,0.0171132665128,0.00490465899929,0.00215549161658,0.00426929723471,0.00143616006244,0.00290087424219,0.00261899689212,0.00316685484722,0.00242118071765,0.000859563820995,0.00116536195856,0.000487598095788,0.000740967458114,0.000299078878015,0.000169118022313,0.000365430314559,0.000326343608322,0.000137476468808,0.0000601239662501,0.0000482796203869,0.0000181440282176,0.0000515388201165,0.0000228244007303,0.0000115304346764,0.00000778263256507,0.00000586985652262,0.00000649795310892,0.00000418500349042,0.0000022747587991,0.00000201270722755],"mean":[0.00465806294233,0.00433727540076,0.000975806033239,0.000402864388889,0.000210521437111,0.000222489819862,0.000228885692195,0.000105445506051,0.000181490788236,0.000138129413244,0.000136537229992,0.0000693908368703,0.0000303548004013,0.0000469613987661,0.0000251021338045,0.00006115600263,0.0000903971740627,0.00020195619436,0.0000868019851623,0.0000485215095978,0.0000747028389014,0.000024604742066,0.0000309788520099,0.0000129812206069,0.0000128289993881,0.0000128243318613,0.00000683877533447,0.00000380061146643,0.00000169735199052,0.00000135265020162,9.33663670821e-7,8.71451391049e-7,6.46600597065e-7,4.61470023083e-7,2.78892827055e-7,1.66129268564e-7,1.67978654986e-7,1.25372835669e-7,1.02882090403e-7,7.42162171719e-8],"median":[0.00150493520778,0.00204690732062,0.000515366555192,0.000142067146953,0.0000840395514388,0.0000801666465122,0.000121662189486,0.0000456636917079,0.0000346622982761,0.0000177205583896,0.0000193608102563,0.0000272404467978,0.0000131231936393,0.0000160879244504,0.000012504411643,0.0000223982442549,0.0000394429662265,0.000103616512206,0.0000383097903978,0.0000250224602496,0.0000396092327719,0.0000139528965519,0.0000144125706356,0.0000058210316638,0.00000683311145622,0.000006699210644,0.00000271473049906,0.00000137441429615,5.84675490245e-7,4.87776901537e-7,3.17976997621e-7,2.5090133704e-7,2.23370051344e-7,1.80555304041e-7,9.55299839234e-8,5.39323465887e-8,5.64924818036e-8,3.79365303615e-8,3.70765107505e-8,2.87639707608e-8],"min":[7.60320903746e-25,1.36894208048e-24,1.333765195e-24,9.44893352146e-25,8.09855698656e-25,1.26307063611e-24,2.24134591936e-24,9.48878381617e-25,1.0801416808e-24,1.58399976274e-24,1.63538280945e-24,1.98580369823e-24,1.73088566329e-24,2.28533260622e-24,2.86774230166e-24,2.50045714444e-24,2.55824613613e-24,3.24678917776e-24,2.6902720666e-24,2.70843834995e-24,3.5577141676e-24,2.54496940988e-24,4.3078151811e-24,4.339603909e-24,4.16987180777e-24,3.20731832515e-24,4.20067603726e-24,4.26765308913e-24,4.21382358754e-24,4.47524223077e-24,4.99503372527e-24,4.83070453238e-24,4.71231820418e-24,4.08506058299e-24,4.46356985038e-24,4.90577845258e-24,5.40542914488e-24,5.46223699082e-24,4.12213428453e-24,5.54943096996e-24],"var":[0.0000987817620626,0.0000505657153553,0.00000178999550826,7.37918981031e-7,1.70312191017e-7,1.74068119918e-7,1.08199074589e-7,4.51070718555e-8,2.91837977784e-7,2.62758078406e-7,3.41894491385e-7,2.86678503159e-8,4.91233453914e-9,1.73915495338e-8,2.2460293625e-9,1.59660498156e-8,2.21966516278e-8,8.21977366172e-8,2.13999094001e-8,4.5043684338e-9,9.69526503525e-9,1.06981334902e-9,2.64364352631e-9,3.67111202548e-10,2.76889650097e-10,3.26374177684e-10,1.55578258609e-10,4.85249791737e-11,1.1944045579e-11,6.37658849334e-12,2.74985004385e-12,3.98683386651e-12,1.39042445092e-12,6.32607085205e-13,2.97980552993e-13,1.277084585e-13,1.03613949018e-13,6.84944383655e-14,3.09615275584e-14,1.71315496782e-14]},"melbands_crest":{"dmean":3.1802008152,"dmean2":5.08123922348,"dvar":9.146484375,"dvar2":22.694475174,"max":34.2453727722,"mean":15.5387878418,"median":15.649017334,"min":1.59400808811,"var":27.4460868835},"melbands_flatness_db":{"dmean":0.03048575297,"dmean2":0.0475263036788,"dvar":0.00120642862748,"dvar2":0.00285224593244,"max":0.478769183159,"mean":0.227210313082,"median":0.22327002883,"min":0.00264561665244,"var":0.00500708911568},"melbands_kurtosis":{"dmean":10.5425806046,"dmean2":17.542257309,"dvar":613.374694824,"dvar2":1566.19836426,"max":419.851348877,"mean":13.2035169601,"median":5.09038639069,"min":-1.79228436947,"var":702.490661621},"melbands_skewness":{"dmean":0.998506247997,"dmean2":1.56920409203,"dvar":1.81497263908,"dvar2":4.19299697876,"max":15.0464248657,"mean":2.67509484291,"median":2.2644162178,"min":-2.03789138794,"var":4.26506614685},"melbands_spread":{"dmean":7.89041566849,"dmean2":12.622467041,"dvar":84.0191116333,"dvar2":190.873168945,"max":159.683929443,"mean":27.3725318909,"median":24.0418548584,"min":0.531355321407,"var":426.762786865},"mfcc":{"cov":[[13218.84375,2281.30493164,-1403.58947754,918.118591309,279.148742676,425.685913086,125.042007446,303.639770508,162.102233887,271.36819458,168.764419556,-96.0340042114,-50.7625579834],[2281.30493164,1207.64477539,-298.977386475,157.203811646,96.9134979248,-42.468536377,35.1414756775,84.574836731,-10.5183343887,43.5219612122,41.9029273987,-57.6040077209,32.8953437805],[-1403.58947754,-298.977386475,543.969604492,-12.4352903366,-22.4270935059,22.2268714905,44.6235237122,3.7455303669,30.5857543945,-26.0473804474,-9.09813022614,54.0088577271,-16.1398487091],[918.118591309,157.203811646,-12.4352903366,287.09475708,110.456863403,95.3660583496,64.6158294678,65.3312911987,41.8240509033,31.791229248,24.9269542694,17.8505954742,6.6118311882],[279.148742676,96.9134979248,-22.4270935059,110.456863403,260.271484375,95.0171279907,12.035159111,-0.828443586826,47.3392944336,26.0329284668,4.12925481796,21.9573574066,22.9345474243],[425.685913086,-42.468536377,22.2268714905,95.3660583496,95.0171279907,184.633499146,69.2465286255,36.427028656,57.3681755066,31.9466590881,27.1963500977,27.098449707,-9.10959720612],[125.042007446,35.1414756775,44.6235237122,64.6158294678,12.035159111,69.2465286255,145.049636841,87.6737136841,35.1647491455,23.9751472473,32.1017494202,16.1911525726,-3.39633607864],[303.639770508,84.574836731,3.7455303669,65.3312911987,-0.828443586826,36.427028656,87.6737136841,127.605697632,54.833114624,19.3670120239,28.629611969,6.94981145859,1.3877812624],[162.102233887,-10.5183343887,30.5857543945,41.8240509033,47.3392944336,57.3681755066,35.1647491455,54.833114624,106.23890686,50.9691734314,18.5867214203,19.8612575531,-1.71948099136],[271.36819458,43.5219612122,-26.0473804474,31.791229248,26.0329284668,31.9466590881,23.9751472473,19.3670120239,50.9691734314,88.8638534546,47.0604400635,6.60736846924,3.0050983429],[168.764419556,41.9029273987,-9.09813022614,24.9269542694,4.12925481796,27.1963500977,32.1017494202,28.629611969,18.5867214203,47.0604400635,88.2403869629,37.4554328918,0.66454988718],[-96.0340042114,-57.6040077209,54.0088577271,17.8505954742,21.9573574066,27.098449707,16.1911525726,6.94981145859,19.8612575531,6.60736846924,37.4554328918,86.9546890259,23.0256118774],[-50.7625579834,32.8953437805,-16.1398487091,6.6118311882,22.9345474243,-9.10959720612,-3.39633607864,1.3877812624,-1.71948099136,3.0050983429,0.66454988718,23.0256118774,74.0360946655]],"icov":[[0.000226529184147,-0.00032906839624,0.000435025896877,-0.00048197680735,0.000346472661477,-0.000600946485065,0.000345285137882,-0.000142015851452,-0.000031770861824,-0.000297256570775,0.000274411519058,-0.000279174157185,0.000372327718651],[-0.00032906839624,0.00172138644848,-0.000152238018927,0.000157104252139,-0.00110989366658,0.00173173937947,-0.000639546953607,-0.00056614971254,0.00050610024482,0.000306805042783,-0.00114514259622,0.00133846735116,-0.000906201719772],[0.000435025896877,-0.000152238018927,0.00330471550114,-0.00110990926623,0.000814536644612,-0.00059486500686,-0.00072831165744,0.000607202469837,-0.00137007189915,0.000575428537559,0.000855068967212,-0.00182716944255,0.00132056197617],[-0.00048197680735,0.000157104252139,-0.00110990926623,0.00649152323604,-0.0023181559518,-0.000582402804866,-0.000616973557044,-0.00233574234881,0.00166808918584,-0.000837328843772,0.000443595869001,-0.000415627582697,-0.000362022779882],[0.000346472661477,-0.00110989366658,0.000814536644612,-0.0023181559518,0.00687222136185,-0.00354372896254,0.000783051596954,0.00259608123451,-0.00284771807492,0.00017766856763,0.00113600445911,-0.000882646942046,-0.00127136020456],[-0.000600946485065,0.00173173937947,-0.00059486500686,-0.000582402804866,-0.00354372896254,0.0120178693905,-0.00543759716675,0.00262349494733,-0.00352600193582,0.00188982568216,-0.00243844860233,0.000439762574388,0.000745226512663],[0.000345285137882,-0.000639546953607,-0.00072831165744,-0.000616973557044,0.000783051596954,-0.00543759716675,0.0160199608654,-0.0112760243937,0.00523189082742,-0.00442948983982,0.00121524906717,-0.00177263340447,0.00129356223624],[-0.000142015851452,-0.00056614971254,0.000607202469837,-0.00233574234881,0.00259608123451,0.00262349494733,-0.0112760243937,0.0226252954453,-0.0139102740213,0.00960536208004,-0.00706275040284,0.00468141818419,-0.00303313252516],[-0.000031770861824,0.00050610024482,-0.00137007189915,0.00166808918584,-0.00284771807492,-0.00352600193582,0.00523189082742,-0.0139102740213,0.0255573131144,-0.0166860427707,0.00941404514015,-0.00680225063115,0.00355664012022],[-0.000297256570775,0.000306805042783,0.000575428537559,-0.000837328843772,0.00017766856763,0.00188982568216,-0.00442948983982,0.00960536208004,-0.0166860427707,0.0290481057018,-0.0173159446567,0.00941614340991,-0.00468529062346],[0.000274411519058,-0.00114514259622,0.000855068967212,0.000443595869001,0.00113600445911,-0.00243844860233,0.00121524906717,-0.00706275040284,0.00941404514015,-0.0173159446567,0.0271143168211,-0.014232612215,0.00548446644098],[-0.000279174157185,0.00133846735116,-0.00182716944255,-0.000415627582697,-0.000882646942046,0.000439762574388,-0.00177263340447,0.00468141818419,-0.00680225063115,0.00941614340991,-0.014232612215,0.02253642492,-0.00841023121029],[0.000372327718651,-0.000906201719772,0.00132056197617,-0.000362022779882,-0.00127136020456,0.000745226512663,0.00129356223624,-0.00303313252516,0.00355664012022,-0.00468529062346,0.00548446644098,-0.00841023121029,0.0179259628057]],"mean":[-685.39465332,139.073181152,-26.2310256958,30.8852233887,25.734369278,9.25859737396,-2.37080907822,1.83661830425,3.39430379868,10.6510486603,5.9364361763,-3.32721590996,3.5427005291]},"pitch_salience":{"dmean":0.0739971920848,"dmean2":0.119746804237,"dvar":0.0055459109135,"dvar2":0.0141684953123,"max":0.895556569099,"mean":0.458394467831,"median":0.456798553467,"min":0.0575753301382,"var":0.0159575901926},"silence_rate_20dB":{"dmean":0.000187178287888,"dmean2":0.000374391616788,"dvar":0.000187141631613,"dvar2":0.000561440712772,"max":1,"mean":0.999906420708,"median":1,"min":0,"var":0.0000935712232604},"silence_rate_30dB":{"dmean":0.079363591969,"dmean2":0.158742040396,"dvar":0.07305970788,"dvar2":0.153375908732,"max":1,"mean":0.924854934216,"median":1,"min":0,"var":0.0695027336478},"silence_rate_60dB":{"dmean":0.016471689567,"dmean2":0.0329464636743,"dvar":0.0162031650543,"dvar2":0.0352403521538,"max":1,"mean":0.156466409564,"median":0,"min":0,"var":0.131998807192},"spectral_centroid":{"dmean":188.190551758,"dmean2":300.411712646,"dvar":47311.515625,"dvar2":109436.070312,"max":11895.4267578,"mean":1613.15124512,"median":1480.19848633,"min":258.746368408,"var":1661146.5},"spectral_complexity":{"dmean":2.8703789711,"dmean2":4.44271802902,"dvar":11.5811128616,"dvar2":23.2026538849,"max":56,"mean":17.8202323914,"median":18,"min":0,"var":114.280250549},"spectral_contrast_coeffs":{"dmean":[0.0442490242422,0.0428356826305,0.0337453857064,0.0322306342423,0.0202750600874,0.016129501164],"dmean2":[0.0743994638324,0.0704113915563,0.0549719594419,0.051356907934,0.0330725125968,0.0257464163005],"dvar":[0.00134746846743,0.00121455173939,0.0007614888018,0.000758980517276,0.000289627583697,0.00024743884569],"dvar2":[0.00360067468137,0.00327266613021,0.00195105443709,0.00179916806519,0.000724223675206,0.000585349684115],"max":[-0.366020143032,-0.441978991032,-0.470625221729,-0.529051363468,-0.585676074028,-0.552003145218],"mean":[-0.671645343304,-0.728004336357,-0.781476259232,-0.722541570663,-0.764469206333,-0.781295597553],"median":[-0.670750975609,-0.728745341301,-0.78757083416,-0.713634550571,-0.758265852928,-0.775761961937],"min":[-0.981003701687,-0.978124797344,-0.977378964424,-0.970686495304,-0.967682182789,-0.964530467987],"var":[0.00774081191048,0.0058922348544,0.0047934865579,0.00485041737556,0.00296840886585,0.00258913263679]},"spectral_contrast_valleys":{"dmean":[0.438573718071,0.330682426691,0.301636725664,0.291972756386,0.230802848935,0.229449555278],"dmean2":[0.723728597164,0.539532363415,0.484456300735,0.454261898994,0.35229280591,0.29454934597],"dvar":[0.172734290361,0.0842606499791,0.0801907926798,0.0870492458344,0.0788945630193,0.048337250948],"dvar2":[0.393014222383,0.197060242295,0.176211893559,0.178081586957,0.156530410051,0.0827051624656],"max":[-5.03622817993,-5.01994895935,-5.59705495834,-5.63350582123,-5.79169750214,-8.80962657928],"mean":[-7.67921304703,-7.51287317276,-8.04619026184,-8.13962554932,-8.2259016037,-11.1222143173],"median":[-7.02757358551,-6.99078464508,-7.49373435974,-7.56814670563,-7.7094707489,-10.9145526886],"min":[-28.2352848053,-27.8963375092,-27.9203510284,-27.689491272,-27.474565506,-27.3986721039],"var":[7.68240737915,7.3538312912,7.14107084274,7.19008302689,6.88412189484,4.64010334015]},"spectral_decrease":{"dmean":5.51822809669e-9,"dmean2":9.13039155392e-9,"dvar":1.29985067281e-16,"dvar2":3.2695593525e-16,"max":2.14677825704e-28,"mean":-9.46182332484e-9,"median":-6.39541131164e-9,"min":-1.02419640768e-7,"var":1.43790195544e-16},"spectral_energy":{"dmean":0.0211372077465,"dmean2":0.0349116511643,"dvar":0.00187817646656,"dvar2":0.00471810484305,"max":0.391865283251,"mean":0.0373811013997,"median":0.0257030427456,"min":9.65924165996e-21,"var":0.00213456177153},"spectral_energyband_high":{"dmean":0.0000651757218293,"dmean2":0.0000889684160938,"dvar":1.93371807455e-8,"dvar2":3.69027226554e-8,"max":0.00421854807064,"mean":0.000185646960745,"median":0.0000766002049204,"min":6.83601202921e-21,"var":9.12197961611e-8},"spectral_energyband_low":{"dmean":0.0194846503437,"dmean2":0.0327915810049,"dvar":0.00184672418982,"dvar2":0.00468776840717,"max":0.370136469603,"mean":0.0238857381046,"median":0.0117432754487,"min":1.29711885886e-23,"var":0.00171513122041},"spectral_energyband_middle_high":{"dmean":0.00182254367974,"dmean2":0.0027990215458,"dvar":0.00000737132086215,"dvar2":0.0000169464328792,"max":0.075606957078,"mean":0.00684071518481,"median":0.00494609447196,"min":1.09343431995e-21,"var":0.0000529236749571},"spectral_energyband_middle_low":{"dmean":0.00253237341531,"dmean2":0.00392248202115,"dvar":0.0000174023571162,"dvar2":0.0000404621823691,"max":0.100895963609,"mean":0.00790972169489,"median":0.00511620845646,"min":1.07356610706e-22,"var":0.0000769543694332},"spectral_entropy":{"dmean":0.110079921782,"dmean2":0.166082531214,"dvar":0.0116532770917,"dvar2":0.0251892507076,"max":9.82925605774,"mean":7.46419906616,"median":7.41808748245,"min":6.15850162506,"var":0.217795044184},"spectral_flux":{"dmean":0.0386924445629,"dmean2":0.0622260794044,"dvar":0.004025218077,"dvar2":0.00897399149835,"max":0.499647498131,"mean":0.0883368775249,"median":0.066475123167,"min":6.32364646758e-11,"var":0.00693240994588},"spectral_kurtosis":{"dmean":1.77152848244,"dmean2":3.02161741257,"dvar":3.06548690796,"dvar2":8.90464782715,"max":22.3823757172,"mean":7.3601975441,"median":7.33091259003,"min":-1.26674664021,"var":10.4823541641},"spectral_rms":{"dmean":0.00129437749274,"dmean2":0.00203973916359,"dvar":0.00000452390804639,"dvar2":0.0000106178376882,"max":0.019552687183,"mean":0.00509296637028,"median":0.00500760832801,"min":3.06979637023e-12,"var":0.0000105311619336},"spectral_rolloff":{"dmean":475.886627197,"dmean2":817.944091797,"dvar":803952.6875,"dvar2":2077744.5,"max":19487.5488281,"mean":1869.13012695,"median":1636.5234375,"min":64.599609375,"var":7590805},"spectral_skewness":{"dmean":0.209475025535,"dmean2":0.345177859068,"dvar":0.0389698036015,"dvar2":0.106006287038,"max":3.52024364471,"mean":1.80495119095,"median":1.83215260506,"min":-0.0862070322037,"var":0.221328765154},"spectral_spread":{"dmean":339325.46875,"dmean2":502571.28125,"dvar":276019576832,"dvar2":598136848384,"max":42559612,"mean":4282667,"median":3248716.5,"min":1793290,"var":23710134173700},"spectral_strongpeak":{"dmean":0.474205374718,"dmean2":0.838510632515,"dvar":1.12931787968,"dvar2":2.86253404617,"max":12.540348053,"mean":0.816546797752,"median":0.469360113144,"min":0,"var":1.38963449001},"zerocrossingrate":{"dmean":0.00810359511524,"dmean2":0.0103020761162,"dvar":0.0000771469058236,"dvar2":0.000129436055431,"max":0.529296875,"mean":0.0624075159431,"median":0.046875,"min":0.00341796875,"var":0.00482427608222}},"metadata":{"audio_properties":{"analysis_sample_rate":44100,"bit_rate":197877,"codec":"mp3","downmix":"mix","equal_loudness":0,"length":248.084899902,"lossless":false,"md5_encoded":"cce957cc48f21c8edb481cd72ff9b4b6","replay_gain":-8.61602210999,"sample_rate":44100},"tags":{"album":["The Joshua Tree"],"albumartist":["U2"],"artist":["U2"],"date":["1987"],"discnumber":["2/2"],"encoding":["LAME"],"file_name":"368509.mp3","genre":["Rock"],"label":["Island/Interscope/Universal"],"language":["eng"],"musicbrainz_recordingid":["3bd73ceb-ca21-43f8-951a-c7d7334065b2"],"title":["Rise Up"],"tracknumber":["13"]},"version":{"essentia":"2.1-beta2","essentia_build_sha":"70f2e5ece6736b2c40cc944ad0e695b16b925413","essentia_git_sha":"v2.1_beta2","extractor":"music 1.0"}},"rhythm":{"beats_count":473,"beats_loudness":{"dmean":0.0293047726154,"dmean2":0.0555957630277,"dvar":0.000834851642139,"dvar2":0.0025597459171,"max":0.262727171183,"mean":0.0457658655941,"median":0.0432715900242,"min":0,"var":0.00129700754769},"beats_loudness_band_ratio":{"dmean":[0.373445481062,0.118917874992,0.126245900989,0.0676477700472,0.129893317819,0.0305277332664],"dmean2":[0.733746707439,0.227930888534,0.237705290318,0.126367241144,0.24335539341,0.0569392032921],"dvar":[0.0586388930678,0.0145256277174,0.0142981745303,0.00624450389296,0.0145744672045,0.00151054048911],"dvar2":[0.21549487114,0.0472008362412,0.0458155199885,0.0181212518364,0.04737938568,0.00376353273168],"max":[0.980999112129,0.78378278017,0.621777713299,0.73233538866,0.878363668919,0.6502789855],"mean":[0.54298889637,0.105230562389,0.119965933263,0.0671397820115,0.146220862865,0.0374463237822],"median":[0.56010812521,0.0704483836889,0.0814218744636,0.0454461239278,0.105285644531,0.0164590384811],"min":[0,0,0,0,0,0],"var":[0.0804185345769,0.0127109903842,0.0153450360522,0.00563971325755,0.0207908619195,0.0056534553878]},"beats_position":[0.522448956966,1.04489791393,1.5673469305,2.10140585899,2.62385487556,3.18