{"lowlevel":{"average_loudness":0.609404623508,"barkbands":{"dmean":[0.00000354518442691,0.00156295462511,0.00217356276698,0.0037147430703,0.00158601626754,0.000377740390832,0.000193645246327,0.00015204725787,0.000119040887512,0.0000763564603403,0.0000482095274492,0.0000595157107455,0.0000909346126718,0.000163851698744,0.000213042774703,0.000186355595361,0.000227409371291,0.000132908782689,0.000103291989944,0.000087624124717,0.0000357493481715,0.000038565354771,0.00000858349540067,0.00000542996758668,0.00000583626160733,0.00000182603037047,3.35454792832e-8],"dmean2":[0.00000596458357904,0.00218805042095,0.00328984693624,0.00541112432256,0.0025082193315,0.0006411006907,0.000329712289385,0.000254258920904,0.000198405032279,0.000131750974106,0.0000824051239761,0.000102419202449,0.00015363615239,0.00028084081714,0.000357834273018,0.00031369968201,0.000382015947253,0.00022515708406,0.000167909092852,0.000139568204759,0.0000559533982596,0.0000620307255303,0.0000136804319482,0.00000833293051983,0.00000867616472533,0.00000265411495093,5.86856714335e-8],"dvar":[2.91348056791e-10,0.000015855557649,0.0000201904185815,0.0000500084424857,0.0000153051805682,0.00000397833764509,7.43342127407e-7,5.06091396346e-7,1.29097884383e-7,1.34414392505e-7,3.70249750858e-8,2.99824165495e-8,5.46817524594e-8,1.58266516337e-7,3.55532250751e-7,2.39724329276e-7,0.00000174416561549,5.09931396664e-7,2.52037636983e-7,1.81482647577e-7,3.42328725367e-8,5.5100159102e-8,2.37578023921e-9,1.23708188138e-9,2.57268739645e-9,2.78210593452e-10,1.28903506792e-13],"dvar2":[6.77603584354e-10,0.0000363792023563,0.0000568485447729,0.00013463209325,0.0000392583679059,0.0000116889086712,0.00000207723337553,0.00000118603975352,3.28706960318e-7,3.86141437048e-7,9.64164286188e-8,8.17244512064e-8,1.39990049774e-7,4.41345207491e-7,9.26931193135e-7,6.63161472403e-7,0.00000530620218342,0.00000152074005655,6.51956156617e-7,4.75034426017e-7,8.16537024662e-8,1.49709819652e-7,6.03219962869e-9,2.76021805412e-9,5.77658498813e-9,5.95245686075e-10,3.69069792089e-13],"max":[0.000639766803943,0.150770977139,0.09289970994,0.186637088656,0.139238849282,0.0834704190493,0.0417417436838,0.0530559495091,0.0134192053229,0.0187210254371,0.00923312176019,0.00557514419779,0.00852173380554,0.0115948133171,0.0240552425385,0.029107676819,0.0850616842508,0.0339078865945,0.0260561853647,0.0185070876032,0.0106393638998,0.00935277249664,0.00213239202276,0.00125616672449,0.00135070388205,0.000493930303492,0.0000226346710406],"mean":[0.00000403945387006,0.00581021606922,0.00542903225869,0.0103607429191,0.00329908053391,0.00055951741524,0.000295135803754,0.00023396605684,0.000204838259378,0.000117546071124,0.0000758792302804,0.0000979815449682,0.000158974609803,0.000298274680972,0.00041414910811,0.000339898775565,0.000441665732069,0.000268455245532,0.000240546985879,0.000221771406359,0.0000897258432815,0.000110267770651,0.0000247391744779,0.0000159411174536,0.0000123845666167,0.00000368625683222,3.58545655388e-8],"median":[0.00000133136711611,0.00416607270017,0.00361166475341,0.00638293009251,0.00129869417287,0.00021180260228,0.000115300601465,0.0000929813395487,0.000112094858196,0.0000544165814063,0.0000368833716493,0.0000436563204858,0.0000592843134655,0.000101563622593,0.000125418271637,0.000112434921903,0.0000578834224143,0.0000376942334697,0.0000168159676832,0.00000780336176831,0.0000046782647587,7.57546217756e-7,1.61271259458e-7,1.41545768884e-7,9.68693001369e-8,7.65255379065e-8,1.2301421215e-8],"min":[4.19254264467e-23,1.46035855595e-23,2.13105945717e-23,4.83345962909e-23,5.36542482509e-23,1.84918746505e-23,1.10999702895e-23,1.26858501839e-22,2.5017595538e-23,3.59266819988e-23,4.58130087183e-23,2.14472625147e-22,9.30297733293e-23,3.97957386609e-23,7.85541883403e-23,1.42138649221e-22,2.54077885454e-22,3.42169869144e-22,2.38866526743e-22,3.93079569331e-22,2.94334530298e-22,4.78983517927e-22,6.57512711981e-22,6.94403180057e-22,1.34849695625e-21,1.66364610534e-21,2.61824575274e-21],"var":[3.48270662309e-10,0.0000485723394377,0.000036530491343,0.00014031396131,0.0000316439109156,0.00000392513584302,0.00000104124353584,0.00000108430629098,2.19104563826e-7,1.45368829862e-7,5.0992518652e-8,4.91957763415e-8,1.19966159673e-7,4.04178933877e-7,9.433199466e-7,6.32435103398e-7,0.00000537106279808,0.00000132813011078,8.9462082542e-7,8.65635740865e-7,1.57384889121e-7,3.14915894251e-7,1.42751570564e-8,6.1299756382e-9,5.32404698106e-9,5.7174498469e-10,8.79029108617e-14]},"barkbands_crest":{"dmean":1.79539036751,"dmean2":2.80886507034,"dvar":2.9962875843,"dvar2":7.68396186829,"max":24.9144477844,"mean":12.1050758362,"median":11.6902322769,"min":2.36301732063,"var":12.0048685074},"barkbands_flatness_db":{"dmean":0.0162139926106,"dmean2":0.0242895092815,"dvar":0.000231198209804,"dvar2":0.000516365515068,"max":0.559288144112,"mean":0.253898620605,"median":0.254679739475,"min":0.056082803756,"var":0.00447482895106},"barkbands_kurtosis":{"dmean":4.5216088295,"dmean2":6.97912073135,"dvar":29.6159381866,"dvar2":69.5369110107,"max":175.422576904,"mean":13.4613828659,"median":10.1627597809,"min":-1.91351854801,"var":189.619247437},"barkbands_skewness":{"dmean":0.509518146515,"dmean2":0.782744407654,"dvar":0.230216383934,"dvar2":0.544119954109,"max":9.81381511688,"mean":2.92877984047,"median":2.93772411346,"min":-3.74274492264,"var":2.11733055115},"barkbands_spread":{"dmean":3.0637793541,"dmean2":4.81555271149,"dvar":15.9623527527,"dvar2":38.1813201904,"max":89.6404953003,"mean":11.9636278152,"median":7.75369167328,"min":0.256239771843,"var":135.992523193},"dissonance":{"dmean":0.0130648687482,"dmean2":0.0223742928356,"dvar":0.000192893130588,"dvar2":0.000551913690288,"max":0.499999910593,"mean":0.472066342831,"median":0.478321611881,"min":0.262288630009,"var":0.000564623915125},"dynamic_complexity":3.13011431694,"erbbands":{"dmean":[0.0274935625494,0.406778395176,1.52301979065,9.98242378235,6.2232427597,5.34210395813,4.5082988739,2.53358793259,2.45931792259,3.37825417519,3.24752879143,2.21750998497,3.0084643364,2.00917959213,2.02751040459,2.41094493866,3.61534237862,6.99783420563,9.22175979614,11.1161870956,8.33144569397,12.8769865036,7.96715545654,4.61546993256,4.89800024033,4.02496242523,1.91853487492,1.30854320526,1.52466595173,0.574267685413,0.311565607786,0.133070349693,0.0918950438499,0.0711385309696,0.0389006994665,0.0135307256132,0.0025322381407,0.000218253830099,0.00000748399588701,0.00000747952208258],"dmean2":[0.0379130020738,0.574663460255,2.3790128231,14.2102508545,9.7186498642,8.5969953537,7.63138961792,4.33592319489,4.17113208771,5.6760635376,5.38865709305,3.71830534935,5.05351543427,3.41424202919,3.44921422005,4.10882472992,6.11317777634,11.940568924,15.463850975,18.730173111,13.9450788498,21.457906723,13.383690834,7.44089794159,7.87052822113,6.45101881027,2.90236067772,2.06071519852,2.46590304375,0.917060375214,0.494516819715,0.205745175481,0.140302047133,0.107399381697,0.0610462725163,0.0206377375871,0.0037350540515,0.000345315522281,0.0000109543243525,0.0000108506364995],"dvar":[0.0044893855229,1.10251140594,11.9180040359,292.504241943,219.155548096,180.390762329,750.792541504,138.137573242,69.0947418213,535.754272461,110.96723175,56.7904815674,205.564224243,39.5262336731,54.186920166,41.9362792969,84.1548995972,264.549346924,529.881286621,885.377990723,731.983825684,5738.875,2353.58154297,396.906066895,586.017456055,395.163757324,98.6427383423,59.3444709778,84.0554275513,14.0321826935,3.364392519,0.622319221497,0.444134563208,0.359210759401,0.118089705706,0.0165045559406,0.000545532500837,0.00000402833848057,2.4026660661e-9,2.15724993424e-10],"dvar2":[0.0106870839372,2.53988194466,33.0367355347,770.447814941,576.498779297,446.894042969,2241.42016602,405.605895996,190.900772095,1322.94311523,282.451019287,140.78086853,565.831787109,105.789627075,139.821365356,113.694137573,219.534393311,702.845092773,1450.22436523,2274.48242188,1857.16333008,17236.4902344,7020.91503906,1012.22662354,1506.01647949,1038.35510254,213.47833252,140.181182861,227.538833618,35.9605064392,8.56261730194,1.49278354645,1.00656437874,0.81052261591,0.272915273905,0.0379699170589,0.00114688067697,0.00000947822718445,5.46140022095e-9,4.39657615869e-10],"max":[1.99299478531,41.0599021912,80.5338363647,393.153808594,480.325195313,388.322601318,1042.04455566,427.306335449,272.324371338,1804.44042969,428.157592773,260.418121338,686.371826172,250.369430542,338.918365479,210.941726685,266.089202881,367.309661865,781.151245117,1260.22521973,2402.28808594,4601.94384766,2591.21118164,886.652404785,1071.28417969,919.455810547,704.823608398,436.337127686,396.716430664,250.406234741,80.3891906738,32.1483840942,22.3966636658,19.4973449707,10.6661567688,3.68391823769,0.71941536665,0.086348593235,0.00235168542713,0.000477540597785],"mean":[0.10576531291,1.5402649641,4.32455396652,29.3799266815,15.6654424667,10.5408096313,6.39724683762,3.74639511108,3.90768790245,4.93135166168,5.14123392105,3.9830622673,4.68921756744,3.39626526833,3.47079277039,4.28666687012,6.83102560043,13.4120225906,19.0582027435,22.8159160614,17.7012901306,26.1070594788,17.4017105103,10.7696933746,12.4269895554,10.3701410294,4.95790195465,3.60132074356,4.36340999603,1.4353787899,0.816600680351,0.40760627389,0.234628409147,0.155394792557,0.078675493598,0.0265663713217,0.00504122115672,0.000407993589761,0.0000245406790782,0.0000336903285643],"median":[0.0779620036483,1.11380577087,3.18175172806,19.264125824,9.42960643768,4.15252017975,2.0619430542,1.49734258652,1.69433629513,1.60326814651,2.41771459579,2.08068323135,2.31480646133,1.80233430862,1.74398112297,2.01467394829,2.78129291534,4.89827251434,6.30506134033,7.98764467239,5.120429039,3.53973245621,2.44013118744,1.28779602051,0.690455794334,0.360046267509,0.252276688814,0.125496417284,0.0358950532973,0.0102144293487,0.00448171887547,0.00289909541607,0.00246855383739,0.00125062488951,0.00063261995092,0.000328601221554,0.000147179787746,0.0000416618058807,0.0000118867510537,0.0000253502767009],"min":[2.9452794637e-22,4.31894625776e-21,2.35721820718e-20,8.3659218309e-20,2.43220077261e-19,1.48613478974e-19,1.01624237045e-19,1.37898581985e-19,1.07580796948e-19,5.62423879917e-19,3.38986721394e-18,7.73401620124e-19,9.27317960135e-19,1.24426399916e-18,2.81424463338e-18,9.96826588073e-18,4.26288066347e-18,2.89525105115e-18,2.8291127913e-18,4.16723170128e-18,1.1190348308e-17,1.30492315939e-17,1.92293800189e-17,1.12333294398e-17,1.95189709882e-17,1.78265743442e-17,8.97063643116e-18,1.54951194656e-17,1.94001349127e-17,1.07787126295e-17,2.31805389093e-17,1.7097674369e-17,1.15974121592e-17,1.42234318442e-17,8.43899256222e-18,4.94142229662e-18,3.56957592433e-18,1.5207663863e-18,3.24341369742e-19,4.00985236964e-20],"var":[0.013653954491,3.34660005569,20.5252132416,990.298339844,410.136322021,407.120391846,648.081604004,149.33253479,107.897346497,902.24230957,208.103881836,103.071670532,220.458236694,63.0889816284,83.9119186401,78.0616531372,183.564849854,710.360290527,1528.58276367,2678.95629883,2933.13378906,17514.5058594,6301.61767578,1441.21350098,2468.85131836,1907.26879883,522.211791992,279.852874756,503.006866455,53.4469795227,16.7078609467,4.00426530838,1.43075537682,0.783870220184,0.226517826319,0.0301750320941,0.00110199966002,0.00000672126680001,5.20917309288e-9,1.18464993371e-9]},"erbbands_crest":{"dmean":2.23181176186,"dmean2":3.58564782143,"dvar":3.97948908806,"dvar2":10.2952041626,"max":28.7028236389,"mean":10.3674516678,"median":9.41485786438,"min":2.4853386879,"var":20.1455173492},"erbbands_flatness_db":{"dmean":0.0104250358418,"dmean2":0.0164336040616,"dvar":0.0000991583438008,"dvar2":0.000237111817114,"max":0.419729799032,"mean":0.212017059326,"median":0.212343335152,"min":0.0557279810309,"var":0.00180487276521},"erbbands_kurtosis":{"dmean":1.09560644627,"dmean2":1.72391521931,"dvar":10.1402254105,"dvar2":22.9430351257,"max":166.709274292,"mean":1.58294415474,"median":-0.779468476772,"min":-1.91469824314,"var":139.50378418},"erbbands_skewness":{"dmean":0.380998522043,"dmean2":0.60480093956,"dvar":0.131829738617,"dvar2":0.326995968819,"max":9.44452190399,"mean":0.129578009248,"median":0.0724450051785,"min":-5.59143257141,"var":1.76734268665},"erbbands_spread":{"dmean":6.33571624756,"dmean2":10.1468772888,"dvar":35.9876480103,"dvar2":89.4139022827,"max":113.227378845,"mean":43.0611114502,"median":42.5018157959,"min":0.894754052162,"var":277.129882813},"gfcc":{"cov":[[4952.61132813,-1404.63464355,-1209.12194824,964.159790039,-539.95513916,-15.176071167,-210.630706787,134.408050537,-6.28102731705,147.572006226,-68.6706695557,35.3371429443,-35.414516449],[-1404.63464355,940.524108887,204.546157837,-568.35333252,347.508850098,-101.91557312,43.6932678223,-100.420066833,65.8408966064,-83.5963287354,37.1073036194,-47.4068641663,40.7100372314],[-1209.12194824,204.546157837,918.752868652,-216.18560791,-64.4937896729,165.4506073,30.5815811157,-36.0952110291,-55.1426734924,-62.2946243286,9.80719470978,5.67793893814,-32.2078094482],[964.159790039,-568.35333252,-216.18560791,618.101745605,-122.995254517,-34.9951515198,62.4244995117,-6.43820762634,-23.9381923676,32.2499465942,-34.782787323,-8.14248371124,-2.51594686508],[-539.95513916,347.508850098,-64.4937896729,-122.995254517,365.494506836,-83.6351318359,2.47207641602,-53.313949585,12.3342952728,-38.684261322,-12.8283462524,-45.0057525635,34.3133583069],[-15.176071167,-101.91557312,165.4506073,-34.9951515198,-83.6351318359,179.31477356,-7.76475286484,22.3070487976,6.05388641357,8.26725101471,21.8938808441,23.2873725891,-24.1046791077],[-210.630706787,43.6932678223,30.5815811157,62.4244995117,2.47207641602,-7.76475286484,154.436843872,-8.94010162354,-9.96411037445,7.35290288925,-5.16905355453,-20.3836612701,0.578652262688],[134.408050537,-100.420066833,-36.0952110291,-6.43820762634,-53.313949585,22.3070487976,-8.94010162354,137.352661133,24.717092514,19.4790458679,22.3311042786,42.1054878235,2.59328174591],[-6.28102731705,65.8408966064,-55.1426734924,-23.9381923676,12.3342952728,6.05388641357,-9.96411037445,24.717092514,100.478469849,10.5867938995,18.6230659485,18.6723060608,4.59218025208],[147.572006226,-83.5963287354,-62.2946243286,32.2499465942,-38.684261322,8.26725101471,7.35290288925,19.4790458679,10.5867938995,103.320976257,15.3599052429,12.1817388535,15.0618810654],[-68.6706695557,37.1073036194,9.80719470978,-34.782787323,-12.8283462524,21.8938808441,-5.16905355453,22.3311042786,18.6230659485,15.3599052429,65.8952331543,26.1601867676,-2.52671480179],[35.3371429443,-47.4068641663,5.67793893814,-8.14248371124,-45.0057525635,23.2873725891,-20.3836612701,42.1054878235,18.6723060608,12.1817388535,26.1601867676,77.1533279419,14.1384401321],[-35.414516449,40.7100372314,-32.2078094482,-2.51594686508,34.3133583069,-24.1046791077,0.578652262688,2.59328174591,4.59218025208,15.0618810654,-2.52671480179,14.1384401321,54.0955924988]],"icov":[[0.000761563132983,-0.00106902595144,0.00109218945727,-0.0016495048767,0.0012617870234,-0.00117779301945,0.00180525495671,-0.000862421176862,0.00104395940434,-0.000583103625104,0.00127738306765,0.0000585640773352,0.000691572437063],[-0.00106902595144,0.0219726264477,-0.00451209396124,0.0188666228205,-0.00914478674531,0.0134680345654,-0.0140095548704,0.0124472090974,-0.0153698371723,0.00961938593537,-0.0150610534474,0.00579510722309,-0.0112811028957],[0.00109218945727,-0.00451209396124,0.00366972736083,-0.00415669288486,0.00319227948785,-0.00483376486227,0.00361054972745,-0.00229834462516,0.0043809581548,-0.001178683131,0.0037719802931,-0.00104514299892,0.00240060221404],[-0.0016495048767,0.0188666228205,-0.00415669288486,0.0191538352519,-0.00778430281207,0.0121984928846,-0.0141444792971,0.0113364970312,-0.0130811119452,0.00821792706847,-0.0124856829643,0.00442646257579,-0.00979877635837],[0.0012617870234,-0.00914478674531,0.00319227948785,-0.00778430281207,0.00897105317563,-0.0051568322815,0.00691083073616,-0.00454452587292,0.00594070414081,-0.00255643646233,0.00626995414495,0.000350195972715,0.0018110955134],[-0.00117779301945,0.0134680345654,-0.00483376486227,0.0121984928846,-0.0051568322815,0.0168510805815,-0.00900176074356,0.007326527033,-0.0104679707438,0.00485173985362,-0.0106233172119,0.002127350308,-0.00420675985515],[0.00180525495671,-0.0140095548704,0.00361054972745,-0.0141444792971,0.00691083073616,-0.00900176074356,0.018022429198,-0.00871171150357,0.0103063611314,-0.0070600900799,0.00981683190912,-0.000888851936907,0.00682844175026],[-0.000862421176862,0.0124472090974,-0.00229834462516,0.0113364970312,-0.00454452587292,0.007326527033,-0.00871171150357,0.0166395064443,-0.00994009431452,0.00499027874321,-0.00945403985679,-0.000898047233932,-0.00608268612996],[0.00104395940434,-0.0153698371723,0.0043809581548,-0.0130811119452,0.00594070414081,-0.0104679707438,0.0103063611314,-0.00994009431452,0.0225386209786,-0.00714636361226,0.00886087492108,-0.00567830586806,0.00815808214247],[-0.000583103625104,0.00961938593537,-0.001178683131,0.00821792706847,-0.00255643646233,0.00485173985362,-0.0070600900799,0.00499027874321,-0.00714636361226,0.0163531750441,-0.00951272062957,0.00373575184494,-0.00968794245273],[0.00127738306765,-0.0150610534474,0.0037719802931,-0.0124856829643,0.00626995414495,-0.0106233172119,0.00981683190912,-0.00945403985679,0.00886087492108,-0.00951272062957,0.0306586101651,-0.00994473230094,0.0114006847143],[0.0000585640773352,0.00579510722309,-0.00104514299892,0.00442646257579,0.000350195972715,0.002127350308,-0.000888851936907,-0.000898047233932,-0.00567830586806,0.00373575184494,-0.00994473230094,0.0230292323977,-0.0110023878515],[0.000691572437063,-0.0112811028957,0.00240060221404,-0.00979877635837,0.0018110955134,-0.00420675985515,0.00682844175026,-0.00608268612996,0.00815808214247,-0.00968794245273,0.0114006847143,-0.0110023878515,0.0310100000352]],"mean":[-89.4905853271,163.666412354,-113.916435242,41.1397438049,-6.98669719696,0.00827904231846,-27.3362045288,-2.33058285713,-18.790189743,-6.36345434189,-21.3918190002,-14.8679122925,-8.38801860809]},"hfc":{"dmean":2.30554747581,"dmean2":3.43154454231,"dvar":41.737953186,"dvar2":89.3145828247,"max":432.022888184,"mean":11.625084877,"median":5.65085029602,"min":1.20474171067e-16,"var":562.648010254},"melbands":{"dmean":[0.000362324790331,0.00065568467835,0.00147639412899,0.000422544428147,0.000152801076183,0.0000570999982301,0.000037467591028,0.000034923581552,0.0000261603363469,0.000015015286408,0.0000151448566612,0.00000857708619151,0.00000685796157995,0.00000703872683516,0.00000662378215566,0.00000988223291642,0.0000144423529491,0.0000157024605869,0.0000165169531101,0.0000147534283315,0.00000979604010354,0.0000150673622556,0.0000122152632684,0.00000454463724964,0.00000418452191298,0.0000044360594984,0.00000389325805372,0.00000264113828052,0.00000152082373006,7.70936992467e-7,9.90728153738e-7,0.00000118485195344,4.79920402086e-7,2.43717522608e-7,2.14443545588e-7,1.35908081234e-7,7.43757553323e-8,6.08623054177e-8,7.98725920959e-8,6.16822717348e-8],"dmean2":[0.000496058259159,0.00101658189669,0.00213384092785,0.000660362071358,0.000257739739027,0.0000971929257503,0.0000635088435956,0.0000584567496844,0.0000439432624262,0.0000250627545029,0.0000255168870353,0.0000146263419083,0.0000116786086437,0.0000120992617667,0.0000113505684567,0.0000166153895407,0.0000247040497925,0.0000265824073722,0.0000275888342003,0.000024872535505,0.0000163028271345,0.0000255543309322,0.0000205480919249,0.00000757889119996,0.00000679617278365,0.00000710191079634,0.00000629204032521,0.00000431193302575,0.00000231396302297,0.00000121710479561,0.00000156215526204,0.0000019336148398,7.76955062065e-7,3.93031342583e-7,3.48921389559e-7,2.1476446932e-7,1.18213449696e-7,9.49123091232e-8,1.25789199501e-7,9.69826317032e-8],"dvar":[7.95627386196e-7,0.00000231692843045,0.00000726203688828,7.98263499746e-7,7.25308950678e-7,7.29297440216e-8,1.78295227471e-8,5.60543504946e-8,6.25196827642e-9,2.30543584223e-9,5.1058726136e-9,6.75624944879e-10,7.87997556095e-10,3.89719617688e-10,3.57353258096e-10,6.1243504712e-10,1.13227449638e-9,1.62773605705e-9,2.53412557605e-9,1.14460274592e-9,1.44308209826e-9,7.7999500192e-9,6.42148467733e-9,4.31654129107e-10,3.3956429335e-10,5.84730985853e-10,3.95304261547e-10,1.91653637405e-10,6.48330139574e-11,1.59581028947e-11,4.63365422421e-11,5.66267553681e-11,8.27572732565e-12,2.34761862727e-12,1.65903022657e-12,6.04443632733e-13,2.01145022405e-13,1.92898106342e-13,3.46703433107e-13,2.92178309541e-13],"dvar2":[0.00000178765833425,0.00000620072160018,0.0000193718187802,0.0000019438207346,0.00000215515456148,2.13179177422e-7,4.91973750627e-8,1.34126423745e-7,1.61897499851e-8,5.75212544263e-9,1.41696867573e-8,1.85326098912e-9,2.03182159986e-9,1.07778364011e-9,9.31636989776e-10,1.5707080081e-9,3.04272762541e-9,4.54388970894e-9,6.44234798841e-9,3.02345282144e-9,3.66650354522e-9,2.31506440684e-8,2.0298514869e-8,1.16706033726e-9,8.85483575352e-10,1.50590073744e-9,1.02098085542e-9,5.14491615977e-10,1.35982877736e-10,3.95128686714e-11,1.07349934497e-10,1.54680976361e-10,2.17150845916e-11,5.97826042142e-12,4.31271988607e-12,1.56067292336e-12,4.99705745532e-13,4.39533636267e-13,8.44584114017e-13,6.82535842081e-13],"max":[0.0314628854394,0.0499174781144,0.0659905821085,0.0239900071174,0.0322978720069,0.0104873934761,0.00439911987633,0.0191127918661,0.0026431796141,0.0016272343928,0.00344245228916,0.00103233836126,0.00133277766872,0.000576306658331,0.000799803005066,0.000865281850565,0.000760732335038,0.00156646315008,0.00244077877142,0.00139781995676,0.00361468154006,0.00522982515395,0.00492153549567,0.0011732178973,0.000658238190226,0.00127405975945,0.000570114294533,0.000704055360984,0.000566889415495,0.00026182064903,0.000406009552535,0.000321686762618,0.000175731358468,0.0000921405735426,0.0000543799687875,0.0000364541592717,0.0000222843700612,0.0000174167435034,0.0000183663705684,0.0000195851589524],"mean":[0.00140309159178,0.0023108900059,0.00431268010288,0.000939807214309,0.000231613637879,0.000086298394308,0.0000600979874434,0.0000521772381035,0.0000407463630836,0.0000259788066614,0.0000232889178733,0.0000136259759529,0.0000110131841211,0.0000114306676551,0.0000116143173727,0.0000174793258338,0.0000258689633483,0.0000297819788102,0.0000318551938108,0.0000275265392702,0.0000187977166206,0.0000275595102721,0.0000236927644437,0.00000942369206314,0.00000845707018016,0.00000957580141403,0.00000884263045009,0.00000628494444754,0.0000034938564113,0.00000175965783455,0.00000228392832469,0.00000303351498587,0.0000012691689335,5.19114564668e-7,4.7853183105e-7,3.65326371821e-7,1.9531755413e-7,1.4557146244e-7,1.70425252577e-7,1.22462694208e-7],"median":[0.00102186761796,0.00191403285135,0.00286858808249,0.000431717664469,0.0000780973932706,0.000034463875636,0.0000257259816863,0.0000167138368852,0.0000197988774744,0.0000137509823617,0.0000115229431685,0.00000700555892763,0.00000535618255526,0.00000518216029377,0.00000504241415911,0.00000645234104013,0.00000892322532309,0.00000936000287766,0.00000962646754488,0.0000094976494438,0.00000452142967333,0.00000328159785568,0.00000285281794277,0.00000143639715589,8.95985863281e-7,5.41852614333e-7,3.30887303335e-7,1.95964076966e-7,1.55119550982e-7,1.12377989581e-7,5.01059389535e-8,1.95104945533e-8,8.93740192964e-9,3.79958953189e-9,2.4572133217e-9,1.86836279781e-9,1.67620251013e-9,1.78026082764e-9,1.4140598692e-9,9.1480778508e-10],"min":[5.01890426183e-24,9.8973273848e-24,2.12861461945e-23,1.47542122385e-23,3.91458537479e-24,3.35325640933e-24,1.68770558671e-24,8.46462818545e-24,2.67955949328e-23,3.14001074056e-24,4.65753457533e-24,4.80434671739e-24,7.65762111283e-24,2.08545493492e-23,1.85394445408e-23,8.90429507781e-24,4.70295679182e-24,3.78123317193e-24,5.82906046719e-24,4.64529855383e-24,1.58052573764e-23,1.28281531181e-23,1.54261118927e-23,1.84051141504e-23,7.28133761648e-24,1.16773920174e-23,1.72238359656e-23,1.06244370472e-23,3.80788759863e-24,8.48120373079e-24,8.87253317119e-24,1.25552474768e-23,6.68864433029e-24,5.31289536627e-24,1.38277803023e-23,1.25088593001e-23,9.65757362304e-24,7.58067404241e-24,1.00992939203e-23,1.2808888346e-23],"var":[0.0000026209115731,0.00000482419591208,0.0000212475551962,0.00000207920106732,6.54208690776e-7,7.97721071422e-8,2.7769083033e-8,1.02952220971e-7,1.0798857808e-8,4.05656352953e-9,5.39822497814e-9,1.03346942115e-9,1.10914899487e-9,6.28881224873e-10,6.59699128658e-10,1.43755141124e-9,2.85246848364e-9,4.13434531055e-9,6.3594791655e-9,3.51154771927e-9,4.85171591791e-9,2.10583461779e-8,1.52455115199e-8,1.2834174834e-9,9.62472546107e-10,1.71625547107e-9,1.39025491119e-9,7.80995101923e-10,2.92916302325e-10,5.97318791651e-11,1.50308834823e-10,2.64849364662e-10,3.9963126558e-11,7.1657948672e-12,6.03662432541e-12,3.41865251385e-12,9.3652245247e-13,5.56578925743e-13,8.60006022559e-13,5.50485275853e-13]},"melbands_crest":{"dmean":2.3919672966,"dmean2":3.64430999756,"dvar":5.40928936005,"dvar2":12.8586893082,"max":32.003036499,"mean":18.108083725,"median":17.3951129913,"min":2.65196681023,"var":27.0350608826},"melbands_flatness_db":{"dmean":0.0188246201724,"dmean2":0.027860339731,"dvar":0.000329879898345,"dvar2":0.000726626894902,"max":0.69566911459,"mean":0.348171412945,"median":0.352904379368,"min":0.0127586722374,"var":0.0073575549759},"melbands_kurtosis":{"dmean":10.4387464523,"dmean2":16.2126255035,"dvar":140.908691406,"dvar2":336.791503906,"max":297.37689209,"mean":36.1458892822,"median":29.2956886292,"min":-1.9094145298,"var":937.719665527},"melbands_skewness":{"dmean":0.698668539524,"dmean2":1.07819807529,"dvar":0.412452876568,"dvar2":0.97688382864,"max":13.2718229294,"mean":4.72883033752,"median":4.6818561554,"min":-2.3628923893,"var":3.8477628231},"melbands_spread":{"dmean":3.25467729568,"dmean2":5.08795642853,"dvar":27.772901535,"dvar2":63.6217880249,"max":131.192062378,"mean":10.3301744461,"median":5.81114625931,"min":0.229175984859,"var":168.090164185},"mfcc":{"cov":[[5966.66308594,-2144.36669922,-818.218139648,570.870483398,-324.409667969,-62.0028648376,-284.87310791,-45.3476676941,-55.446849823,65.8359298706,63.2017440796,-31.2605895996,27.9441776276],[-2144.36669922,1578.3885498,-99.8578414917,-418.652099609,228.536651611,-68.7154388428,37.9408187866,-48.6880531311,44.1760520935,-53.5009651184,-28.2281494141,30.3523960114,-49.3907012939],[-818.218139648,-99.8578414917,923.045837402,-174.154830933,-71.0799026489,78.7553710938,56.2874755859,86.8643798828,-62.3678588867,-8.76087856293,6.55178928375,-10.4875001907,58.6807670593],[570.870483398,-418.652099609,-174.154830933,465.038391113,-61.6954040527,46.8409957886,30.3696079254,-31.4222068787,39.5424919128,2.68429780006,-29.7586193085,-4.14339065552,-29.8784351349],[-324.409667969,228.536651611,-71.0799026489,-61.6954040527,216.341781616,-3.26566576958,-21.0110301971,7.33021497726,-1.0407730341,-15.7692747116,-12.345823288,-6.45224380493,-16.4863452911],[-62.0028648376,-68.7154388428,78.7553710938,46.8409957886,-3.26566576958,151.422683716,30.578912735,-20.4076080322,-0.816011726856,3.22524237633,6.77545213699,-13.9006738663,-19.0933818817],[-284.87310791,37.9408187866,56.2874755859,30.3696079254,-21.0110301971,30.578912735,125.177787781,-0.833531200886,6.39482879639,8.02249336243,-16.4721488953,9.61087036133,-10.3217010498],[-45.3476676941,-48.6880531311,86.8643798828,-31.4222068787,7.33021497726,-20.4076080322,-0.833531200886,119.065635681,-2.84080553055,-8.84007835388,24.0928096771,-4.98689937592,25.3002815247],[-55.446849823,44.1760520935,-62.3678588867,39.5424919128,-1.0407730341,-0.816011726856,6.39482879639,-2.84080553055,80.2605209351,10.0257301331,-15.3575839996,15.4763793945,-4.43646001816],[65.8359298706,-53.5009651184,-8.76087856293,2.68429780006,-15.7692747116,3.22524237633,8.02249336243,-8.84007835388,10.0257301331,69.3997802734,19.276348114,-5.10267114639,8.68061065674],[63.2017440796,-28.2281494141,6.55178928375,-29.7586193085,-12.345823288,6.77545213699,-16.4721488953,24.0928096771,-15.3575839996,19.276348114,79.1428070068,5.42543792725,5.70980739594],[-31.2605895996,30.3523960114,-10.4875001907,-4.14339065552,-6.45224380493,-13.9006738663,9.61087036133,-4.98689937592,15.4763793945,-5.10267114639,5.42543792725,57.5137176514,17.594455719],[27.9441776276,-49.3907012939,58.6807670593,-29.8784351349,-16.4863452911,-19.0933818817,-10.3217010498,25.3002815247,-4.43646001816,8.68061065674,5.70980739594,17.594455719,68.8512802124]],"icov":[[0.000605437380727,0.000875011144672,0.000649192894343,0.000273914192803,0.000372759823222,0.0000814216327854,0.000825017341413,0.000122503945022,0.000316273362841,0.0000560270855203,0.000111499597551,-0.000210956670344,0.000196017019334],[0.000875011144672,0.00254535162821,0.00106816517655,0.00166814483237,-0.000429691077443,0.000603872525971,0.000156566820806,0.00107886188198,-0.000845633039717,0.00123780651484,-0.000173687498318,-0.000295496807666,0.00085527531337],[0.000649192894343,0.00106816517655,0.00235645868815,0.0011183465831,0.00100144708995,-0.00113252003212,0.000272042496363,-0.00101275730412,0.00124605279416,0.00020188720373,0.000959846423939,-0.000202946859645,-0.00065452355193],[0.000273914192803,0.00166814483237,0.0011183465831,0.00421913806349,0.000313794036629,-0.000671828747727,-0.000952861853875,0.000548998825252,-0.00174383691046,0.00113585987128,0.000912291405257,-0.0000214846950257,0.00118176126853],[0.000372759823222,-0.000429691077443,0.00100144708995,0.000313794036629,0.00648529222235,-0.00120426760986,0.00220556929708,-0.0020013677422,0.00160213233903,-0.000579001149163,0.00216639623977,-0.0005378567148,0.00124215357937],[0.0000814216327854,0.000603872525971,-0.00113252003212,-0.000671828747727,-0.00120426760986,0.00908043328673,-0.00231222063303,0.00320184789598,-0.00178209273145,0.0015347948065,-0.00341707281768,0.00281536695547,0.00103599682916],[0.000825017341413,0.000156566820806,0.000272042496363,-0.000952861853875,0.00220556929708,-0.00231222063303,0.0121955992654,-0.00255955406465,0.00255878060125,-0.00408269884065,0.00445101363584,-0.00470490939915,0.00330064166337],[0.000122503945022,0.00107886188198,-0.00101275730412,0.000548998825252,-0.0020013677422,0.00320184789598,-0.00255955406465,0.013305963017,-0.00409465003759,0.00537941092625,-0.00670797284693,0.00514460587874,-0.00473930547014],[0.000316273362841,-0.000845633039717,0.00124605279416,-0.00174383691046,0.00160213233903,-0.00178209273145,0.00255878060125,-0.00409465003759,0.0180997345597,-0.00626912713051,0.00621471786872,-0.00708405580372,0.00247549358755],[0.0000560270855203,0.00123780651484,0.00020188720373,0.00113585987128,-0.000579001149163,0.0015347948065,-0.00408269884065,0.00537941092625,-0.00626912713051,0.0205861199647,-0.00822679325938,0.006823587697,-0.00517663033679],[0.000111499597551,-0.000173687498318,0.000959846423939,0.000912291405257,0.00216639623977,-0.00341707281768,0.00445101363584,-0.00670797284693,0.00621471786872,-0.00822679325938,0.0197649318725,-0.00690609868616,0.00367469037883],[-0.000210956670344,-0.000295496807666,-0.000202946859645,-0.0000214846950257,-0.0005378567148,0.00281536695547,-0.00470490939915,0.00514460587874,-0.00708405580372,0.006823587697,-0.00690609868616,0.025185123086,-0.00908646546304],[0.000196017019334,0.00085527531337,-0.00065452355193,0.00118176126853,0.00124215357937,0.00103599682916,0.00330064166337,-0.00473930547014,0.00247549358755,-0.00517663033679,0.00367469037883,-0.00908646546304,0.0217791721225]],"mean":[-737.354980469,192.736038208,-25.316986084,51.0447845459,29.3806819916,16.4571075439,7.43742752075,1.39536905289,9.93563270569,3.08839583397,-1.21948134899,-3.02512741089,-8.5103187561]},"pitch_salience":{"dmean":0.0573558062315,"dmean2":0.0907216146588,"dvar":0.00272857421078,"dvar2":0.0067726704292,"max":0.874582052231,"mean":0.52248185873,"median":0.53796851635,"min":0.0944066122174,"var":0.0116221411154},"silence_rate_20dB":{"dmean":0,"dmean2":0,"dvar":0,"dvar2":0,"max":1,"mean":1,"median":1,"min":1,"var":0},"silence_rate_30dB":{"dmean":0.0101726008579,"dmean2":0.0203468985856,"dvar":0.0100701525807,"dvar2":0.023601943627,"max":1,"mean":0.980156719685,"median":1,"min":0,"var":0.0194512344897},"silence_rate_60dB":{"dmean":0.0100058363751,"dmean2":0.0199299529195,"dvar":0.00990495830774,"dvar2":0.0240353420377,"max":1,"mean":0.0215941295028,"median":0,"min":0,"var":0.0211310200393},"spectral_centroid":{"dmean":148.952346802,"dmean2":231.296905518,"dvar":39421.6328125,"dvar2":80237.9375,"max":10852.3701172,"mean":760.397705078,"median":545.469543457,"min":133.966629028,"var":396563.375},"spectral_complexity":{"dmean":2.36696410179,"dmean2":3.94554710388,"dvar":6.4338684082,"dvar2":14.1823987961,"max":62,"mean":12.8890275955,"median":10,"min":0,"var":101.352012634},"spectral_contrast_coeffs":{"dmean":[0.0418523550034,0.0402995459735,0.0307944901288,0.0264288019389,0.0212079342455,0.0142013812438],"dmean2":[0.0669157505035,0.0690101459622,0.0524315722287,0.0450184978545,0.0360067225993,0.0234900526702],"dvar":[0.00119787896983,0.000949043605942,0.00057163357269,0.000453378394013,0.000357233540853,0.000177655674634],"dvar2":[0.00313503085636,0.00275404355489,0.00165107066277,0.00130012503359,0.000980580691248,0.000431669643149],"max":[-0.265534311533,-0.554122924805,-0.675518989563,-0.583284080029,-0.594267487526,-0.474518328905],"mean":[-0.601115882397,-0.80520093441,-0.835000574589,-0.81297314167,-0.787077844143,-0.75472176075],"median":[-0.60151553154,-0.809659600258,-0.837863028049,-0.820308864117,-0.791927337646,-0.758444368839],"min":[-0.985446512699,-0.97552472353,-0.959757566452,-0.960804224014,-0.960570931435,-0.961205661297],"var":[0.0064044687897,0.00201077922247,0.00112549168989,0.00205457606353,0.00207681767642,0.0039421999827]},"spectral_contrast_valleys":{"dmean":[0.311823308468,0.321346580982,0.271331936121,0.231397479773,0.166367918253,0.109957717359],"dmean2":[0.519130706787,0.54656791687,0.458975255489,0.388560563326,0.270677596331,0.171627417207],"dvar":[0.0808069705963,0.0816491320729,0.060470726341,0.062170445919,0.0464694239199,0.0359017886221],"dvar2":[0.181935355067,0.188215568662,0.134297296405,0.130017995834,0.075507812202,0.0469947382808],"max":[-4.79000139236,-4.27774000168,-5.18409395218,-5.59686470032,-4.68618011475,-7.96679782867],"mean":[-6.88459682465,-7.1129283905,-7.72414588928,-7.67739915848,-8.34320926666,-12.2115449905],"median":[-6.84994220734,-7.05517673492,-7.69140815735,-7.60956192017,-8.39282035828,-12.5546379089],"min":[-27.4905719757,-27.3381690979,-27.3412837982,-27.2557048798,-27.2056560516,-27.1495037079],"var":[0.308596044779,0.463780969381,0.418557107449,0.670192837715,1.20172178745,0.969647884369]},"spectral_decrease":{"dmean":1.73428638117e-9,"dmean2":2.53195109323e-9,"dvar":1.07591853768e-17,"dvar2":2.35738550187e-17,"max":5.0864826963e-29,"mean":-7.43834416284e-9,"median":-5.87640158756e-9,"min":-9.70682165757e-8,"var":4.55487996919e-17},"spectral_energy":{"dmean":0.0066852835007,"dmean2":0.00976216048002,"dvar":0.000160338444402,"dvar2":0.000348156288965,"max":0.382974594831,"mean":0.0291284155101,"median":0.0227764584124,"min":1.07353850576e-20,"var":0.000724586367141},"spectral_energyband_high":{"dmean":0.0000946614673012,"dmean2":0.00014088023454,"dvar":2.025177821e-7,"dvar2":4.45943129534e-7,"max":0.0230389982462,"mean":0.000348994653905,"median":0.0000108549575089,"min":7.64133455564e-21,"var":0.0000020327272523},"spectral_energyband_low":{"dmean":0.00506586162373,"dmean2":0.00731007894501,"dvar":0.000080794277892,"dvar2":0.000200923183002,"max":0.221134573221,"mean":0.0195106174797,"median":0.0155732799321,"min":6.12007882819e-23,"var":0.000275896600215},"spectral_energyband_middle_high":{"dmean":0.000705869519152,"dmean2":0.00114526879042,"dvar":0.00000450132620244,"dvar2":0.0000115124603326,"max":0.157821878791,"mean":0.00256725447252,"median":0.000985121820122,"min":1.73038025431e-21,"var":0.0000380769924959},"spectral_energyband_middle_low":{"dmean":0.00459018256515,"dmean2":0.00676269875839,"dvar":0.0000863532259245,"dvar2":0.000208642202779,"max":0.329112946987,"mean":0.0149938138202,"median":0.0101296501234,"min":2.9857029684e-22,"var":0.000267375988187},"spectral_entropy":{"dmean":0.130612328649,"dmean2":0.199367403984,"dvar":0.0161981582642,"dvar2":0.036860819906,"max":9.81219387054,"mean":6.90366363525,"median":6.97378540039,"min":3.58936691284,"var":0.377651184797},"spectral_flux":{"dmean":0.0142696527764,"dmean2":0.0237566716969,"dvar":0.000360228121281,"dvar2":0.000856394704897,"max":0.453389436007,"mean":0.0531982146204,"median":0.0428856983781,"min":1.03611702551e-10,"var":0.00154986581765},"spectral_kurtosis":{"dmean":5.11939764023,"dmean2":9.04766654968,"dvar":27.5225257874,"dvar2":83.4171829224,"max":113.459777832,"mean":12.8575315475,"median":9.76354026794,"min":-1.19584321976,"var":143.075668335},"spectral_rms":{"dmean":0.000562274712138,"dmean2":0.000806269817986,"dvar":4.91925732149e-7,"dvar2":0.00000102930243884,"max":0.0193296074867,"mean":0.00492777070031,"median":0.00471390876919,"min":3.23628580531e-12,"var":0.00000413507723351},"spectral_rolloff":{"dmean":182.698928833,"dmean2":313.669555664,"dvar":166718.921875,"dvar2":387039.5625,"max":19056.8847656,"mean":558.598937988,"median":215.33203125,"min":86.1328125,"var":668397.6875},"spectral_skewness":{"dmean":0.428275376558,"dmean2":0.747676372528,"dvar":0.164210438728,"dvar2":0.495632857084,"max":9.54151153564,"mean":2.08541417122,"median":1.8707908392,"min":-0.47607755661,"var":1.49790680408},"spectral_spread":{"dmean":201828.296875,"dmean2":337107.3125,"dvar":124549808128,"dvar2":141260029952,"max":40100164,"mean":2454541.25,"median":2215775,"min":952281.1875,"var":756929789952},"spectral_strongpeak":{"dmean":0.159394308925,"dmean2":0.25253918767,"dvar":0.137630522251,"dvar2":0.392594128847,"max":17.5691738129,"mean":0.64578795433,"median":0.570562243462,"min":4.64950655754e-9,"var":0.262297809124},"zerocrossingrate":{"dmean":0.00415102159604,"dmean2":0.00536347972229,"dvar":0.0000358463003067,"dvar2":0.0000495205167681,"max":0.50390625,"mean":0.0255123488605,"median":0.01953125,"min":0.00341796875,"var":0.000429084000643}},"metadata":{"audio_properties":{"analysis_sample_rate":44100,"bit_rate":192000,"codec":"mp3","downmix":"mix","equal_loudness":0,"length":278.465301514,"lossless":false,"md5_encoded":"ac1b636a6794f00450cfe333ac3c8431","replay_gain":-10.6388912201,"sample_rate":44100},"tags":{"album":["Stag"],"albumartist":["Melvins"],"albumartistsort":["Melvins"],"artist":["Melvins"],"artistsort":["Melvins"],"asin":["B000002J8Y"],"barcode":["075678287824"],"catalognumber":["82878-2"],"contentgroup":["Rock"],"date":["1996"],"discnumber":["1/1"],"file_name":"12 - Lacrimosa.mp3","genre":["Rock","Grunge","Stoner Rock","Sludge Metal","Experimental","Alternative"],"label":["Atlantic"],"language":["eng"],"media":["CD"],"musicbrainz album release country":["US"],"musicbrainz album status":["official"],"musicbrainz album type":["album"],"musicbrainz_albumartistid":["9ccfbc94-a4f4-42f7-b6f5-d903ab77cccb"],"musicbrainz_albumid":["77332629-7701-4c05-b133-6d7fd1ecb5c2"],"musicbrainz_artistid":["9ccfbc94-a4f4-42f7-b6f5-d903ab77cccb"],"musicbrainz_recordingid":["3c0c6f84-8fb8-430d-b4c3-1fe9807fb96e"],"musicip_puid":["be2b89eb-af90-daf2-0eee-afc55851945e"],"script":["Latn"],"title":["Lacrimosa"],"tracknumber":["12/16"]},"version":{"essentia":"2.1-beta2","essentia_build_sha":"2d9f1f26377add8aeb1075a9c2973f962c4f09fd","essentia_git_sha":"v2.1_beta2-1-ge3940c0","extractor":"music 1.0"}},"rhythm":{"beats_count":532,"beats_loudness":{"dmean":0.0278920475394,"dmean2":0.0512886568904,"dvar":0.00215055863373,"dvar2":0.00609743222594,"max":0.310781121254,"mean":0.036841571331,"median":0.0264520607889,"min":0.00170745758805,"var":0.00161311717238},"beats_loudness_band_ratio":{"dmean":[0.117592565715,0.0896680280566,0.0260475371033,0.0179715994745,0.0423098094761,0.0165880993009],"dmean2":[0.201514199376,0.156967818737,0.0456898473203,0.0314162671566,0.0711091309786,0.02870535478],"dvar":[0.0123470453545,0.0104677267373,0.00193267583381,0.00069416948827,0.00433308072388,0.0023587