{"lowlevel":{"average_loudness":0.926408350468,"barkbands":{"dmean":[0.000662963255309,0.016100583598,0.00412859395146,0.00215009227395,0.00451890239492,0.000835974351503,0.000586287060287,0.000425476173405,0.000431563006714,0.000542559777386,0.000445182959083,0.000325347005855,0.000207575896638,0.000319568498526,0.000349646667019,0.000296729122056,0.000460097682662,0.000263384688878,0.000189715850865,0.000172929736436,0.000113654270535,0.0000626803812338,0.0000600813764322,0.0000460271621705,0.0000308124435833,0.0000100510869743,0.00000107594439669],"dmean2":[0.000926456006709,0.0271314252168,0.00707699917257,0.00367858703248,0.00787149835378,0.00133062305395,0.000936657888815,0.000682357465848,0.000688925560098,0.000849736796226,0.00070525839692,0.000540699751582,0.000348686124198,0.000526857678778,0.000575170561206,0.000502174370922,0.000777729204856,0.000446485530119,0.000323482934618,0.000293224758934,0.000191318409634,0.000104085847852,0.0000977245581453,0.0000694628688507,0.0000458101785625,0.0000150364185174,0.00000167394762229],"dvar":[0.0000011642384834,0.000741713156458,0.000043304549763,0.00000935962361837,0.000186454999493,0.00000147642970205,0.00000135924346978,7.35900073323e-7,6.62662898776e-7,8.91237903033e-7,5.87226054449e-7,2.11979170217e-7,1.15959835512e-7,2.60858115553e-7,3.68843160459e-7,1.51990306563e-7,2.90792172564e-7,1.13870598284e-7,6.23173619374e-8,5.83737929105e-8,3.07185317183e-8,1.54816603981e-8,1.73385075186e-8,1.5834009659e-8,7.75723307811e-9,5.86029114125e-10,6.62075342467e-12],"dvar2":[0.00000218807190322,0.0019048533868,0.000122301891679,0.000026968160455,0.000519702618476,0.00000384778331863,0.00000347464606421,0.00000196362748284,0.00000158604029821,0.00000227654277296,0.00000150124844822,5.8751470533e-7,3.20905087392e-7,6.72388239309e-7,9.66726247498e-7,4.22261194899e-7,7.87642591149e-7,3.24392203765e-7,1.74072184222e-7,1.63639697348e-7,8.28428525779e-8,4.02670785604e-8,4.34126832261e-8,3.2017233309e-8,1.63476912007e-8,1.25261134798e-9,1.52714577095e-11],"max":[0.0118371974677,0.229240223765,0.10673160851,0.0696343630552,0.181026175618,0.0214086547494,0.0326681472361,0.0175099018961,0.0296639837325,0.0319615527987,0.0151780238375,0.0110309366137,0.00696604745463,0.0116539280862,0.01509326417,0.00959551427513,0.015042161569,0.00787128694355,0.00502134347335,0.00492096180096,0.00545834330842,0.0046523665078,0.00347636663355,0.00387285090983,0.00257268175483,0.000524618604686,0.0000417537812609],"mean":[0.00104016868863,0.0318352989852,0.00731911277398,0.00404447969049,0.0062850327231,0.0019385330379,0.00115687493235,0.00071557960473,0.000820096116513,0.00100562046282,0.000817235501017,0.000606176501606,0.000380035169655,0.00060811865842,0.000685739156324,0.000633208255749,0.000978564028628,0.000616410980001,0.000496736203786,0.000489452388138,0.000321839790558,0.000152735388838,0.00015050166985,0.000118135700177,0.0000729074745323,0.0000215783456952,0.00000192772631635],"median":[0.000245336239459,0.0166645124555,0.00530471652746,0.00267154560424,0.00335288001224,0.00131409114692,0.00069513526978,0.000387782783946,0.000473321881145,0.000610954477452,0.000451770611107,0.000441231706645,0.000254380021943,0.000349340494722,0.000385333230952,0.000525589799508,0.000792034785263,0.000500991125591,0.000394754868466,0.000365236424841,0.000240050969296,0.0000650728979963,0.0000648959758109,0.0000329591784975,0.0000215825966734,0.00000630158092463,3.67541616697e-7],"min":[6.97754669024e-25,4.59037135229e-24,3.79913760277e-25,1.27187314052e-24,8.38760222895e-24,7.63122424922e-24,8.80744031359e-24,6.67721373577e-24,9.69782446187e-24,1.14409214948e-23,1.66151161812e-23,2.86450951023e-23,2.13844982167e-23,2.90347387469e-23,4.46228227161e-23,5.7936709048e-23,5.29601705611e-23,6.84673584222e-23,1.62792971472e-22,1.72747058188e-22,1.91734940177e-22,3.13077562483e-22,4.17445778754e-22,6.09061405297e-22,8.73747589281e-22,1.29605318035e-21,1.94960553291e-21],"var":[0.00000276711512015,0.00122917070985,0.0000526744152012,0.0000190044520423,0.00014439066581,0.00000457030546386,0.0000027969454095,0.00000115546731649,0.00000145983540278,0.00000200123918148,0.00000129173895402,3.89809116541e-7,1.92029943946e-7,6.63792832256e-7,9.30930866616e-7,2.42348733082e-7,6.04869626386e-7,2.41811022761e-7,1.67364120784e-7,1.7800810781e-7,9.35079427222e-8,5.29231698465e-8,5.51893428735e-8,7.3289811553e-8,2.67725450698e-8,1.44747314135e-9,1.41136278012e-11]},"barkbands_crest":{"dmean":2.80858564377,"dmean2":4.64814758301,"dvar":8.98925304413,"dvar2":21.5575237274,"max":25.4927806854,"mean":12.5572843552,"median":11.1697444916,"min":2.84338068962,"var":27.8773555756},"barkbands_flatness_db":{"dmean":0.0220029167831,"dmean2":0.0359798707068,"dvar":0.000613273470663,"dvar2":0.00147929962259,"max":0.348571419716,"mean":0.135631322861,"median":0.126767098904,"min":0.0296411383897,"var":0.00240097404458},"barkbands_kurtosis":{"dmean":4.06226825714,"dmean2":6.79654550552,"dvar":66.0283126831,"dvar2":167.189987183,"max":315.285766602,"mean":6.09865999222,"median":2.8881020546,"min":-1.74826693535,"var":100.330329895},"barkbands_skewness":{"dmean":0.622091889381,"dmean2":1.01597237587,"dvar":0.645980894566,"dvar2":1.53522646427,"max":16.5852222443,"mean":2.1669254303,"median":1.9038926363,"min":-2.13647437096,"var":1.74121940136},"barkbands_spread":{"dmean":5.46108961105,"dmean2":8.95380496979,"dvar":33.5576782227,"dvar2":81.7858963013,"max":90.3349075317,"mean":22.9746932983,"median":22.0104846954,"min":1.3670759201,"var":129.571578979},"dissonance":{"dmean":0.00897444132715,"dmean2":0.0152955176309,"dvar":0.000068702524004,"dvar2":0.00019220141985,"max":0.500000119209,"mean":0.481304883957,"median":0.484002023935,"min":0.338475853205,"var":0.000191831335542},"dynamic_complexity":1.6180524826,"erbbands":{"dmean":[0.548809826374,3.57964301109,5.23065328598,5.76772785187,13.3197822571,15.1334314346,7.48813486099,6.33511066437,8.30354976654,8.25841236115,8.81701374054,10.5940704346,16.9945030212,17.4658164978,14.0022630692,13.3170843124,9.52141284943,12.6749477386,19.5504627228,12.874879837,21.036491394,18.5710792542,15.7139177322,10.8066930771,8.79159259796,7.80219078064,6.15133714676,2.89810657501,2.24725866318,2.19962191582,1.70492887497,1.0337523222,0.809878110886,0.422976672649,0.171620741487,0.0619388446212,0.0157499480993,0.00231794407591,0.00017740635667,0.0000272757879429],"dmean2":[0.835487484932,6.23548984528,9.01056194305,9.77545261383,23.1165504456,26.5196704865,12.1135597229,10.3704195023,13.2358064651,13.3698835373,14.0555028915,16.7028369904,26.4231719971,28.0093631744,22.2117156982,22.1106872559,15.9734506607,20.8882026672,32.3731880188,21.7212200165,35.5878639221,31.4337310791,26.6061038971,18.2670898438,15.0278739929,13.2304029465,10.3855667114,4.83649730682,3.75995874405,3.63081073761,2.77210617065,1.59435009956,1.21643328667,0.634197175503,0.254367828369,0.0934431105852,0.0234328024089,0.00351448869333,0.000271713593975,0.0000448823557235],"dvar":[0.808357059956,41.0149841309,85.1985702515,55.9817733765,1320.13098145,2008.91455078,150.883483887,104.785903931,257.8644104,309.985839844,316.546417236,450.713623047,869.746582031,1024.38146973,440.746887207,351.261413574,237.541320801,427.415893555,1209.17919922,405.729827881,642.265686035,482.366363525,414.367950439,213.597900391,127.201293945,138.04296875,86.24559021,22.1746482849,20.2089862823,19.3201026917,14.288143158,6.7422785759,6.24506282806,1.66621828079,0.234110996127,0.0218529831618,0.00155593268573,0.0000322841879097,1.70654118392e-7,1.370157654e-9],"dvar2":[1.70558345318,114.78327179,240.167785645,161.033874512,3706.10839844,5606.26025391,412.972839355,281.398345947,660.644775391,826.135803223,812.000976562,1020.5100708,2094.05004883,2632.1809082,1087.12780762,965.525390625,653.137939453,1090.5279541,3168.04150391,1115.14245605,1766.33410645,1315.83703613,1189.40612793,593.847473145,363.941345215,385.552764893,233.311889648,59.3185157776,53.3572540283,50.3361625671,34.5800666809,14.2389364243,13.1655330658,3.53502893448,0.495301097631,0.0471375435591,0.00336610991508,0.0000716084832675,3.87072077501e-7,3.51417273059e-9],"max":[8.22555923462,56.0129623413,124.741958618,131.41003418,549.12286377,518.485412598,203.6277771,199.478744507,402.520507812,542.522949219,452.338470459,885.192687988,1206.06506348,1032.9708252,667.24005127,572.00390625,327.368865967,473.427520752,900.593261719,379.83682251,469.196594238,492.186737061,489.035888672,314.47064209,202.383544922,258.775482178,306.778137207,92.7426147461,154.842559814,135.152572632,98.1341705322,85.3527145386,70.0081787109,34.6674919128,17.7383880615,2.93108844757,0.983753085136,0.105396188796,0.00757346395403,0.000369647837942],"mean":[0.897640824318,6.96816253662,10.1707458496,12.4004354477,18.2953567505,20.1960258484,16.569021225,13.4182004929,17.2111129761,15.6436519623,15.7825450897,21.4417476654,32.1336975098,31.383398056,29.6703281403,25.6913719177,19.1489448547,26.0290317535,40.4731903076,28.7753601074,47.9104270935,45.5662994385,38.1804046631,28.5486240387,24.1286029816,22.6102046967,17.7813358307,8.18904304504,5.43620157242,5.43603181839,4.14599704742,2.60346269608,1.93010747433,1.00806128979,0.393253922462,0.136156022549,0.0321087837219,0.00436410866678,0.000358739838703,0.0000860182990436],"median":[0.378182470798,3.7966504097,7.73655319214,9.83178138733,9.96429634094,10.9278793335,10.6188564301,9.17112350464,10.5357170105,9.17476940155,8.91738891602,12.4748687744,19.9400882721,17.3352642059,19.0830001831,19.0957298279,13.2757987976,15.6394824982,23.3775310516,20.9459152222,41.106678009,37.859752655,31.9378128052,21.8401470184,19.1789646149,16.415719986,13.9401226044,5.40875387192,2.3857717514,2.41055321693,1.6877399683,0.824912965298,0.485632568598,0.279508531094,0.125064745545,0.043508425355,0.00830747094005,0.000946138345171,0.0000988749525277,0.0000735117282602],"min":[7.9165883708e-23,9.17949447419e-22,6.86080180014e-22,1.15778467011e-20,1.73367912168e-20,1.82433100823e-20,1.55872702939e-20,8.46299406072e-20,1.43659041921e-19,1.69954557833e-19,2.4428763139e-19,3.05650965307e-19,6.55346609896e-19,6.21552404464e-19,7.24454241352e-19,1.36541307847e-18,1.17738013938e-18,2.05038593748e-18,2.77363771672e-18,2.90792842122e-18,3.68299355325e-18,3.48985680639e-18,4.59847652338e-18,5.91377931053e-18,7.28704595192e-18,8.06402993619e-18,9.77891183081e-18,8.38866937529e-18,1.08908501964e-17,1.10717148917e-17,1.10881410443e-17,1.12043549573e-17,1.07886239076e-17,9.53731222622e-18,6.29704682991e-18,4.04949618957e-18,2.23864066437e-18,9.20540455786e-19,2.57094170881e-19,2.78313576641e-20],"var":[1.52004420757,60.2128868103,92.3378753662,112.307746887,1050.39172363,1524.13781738,346.233032227,222.64213562,594.791564941,502.356994629,535.013305664,1090.52966309,1840.52148438,2108.02270508,1302.58190918,705.580505371,427.202789307,1075.27319336,3111.62036133,793.14465332,1098.11572266,1129.7097168,842.338989258,642.006652832,320.663513184,430.799713135,246.158248901,75.3709182739,65.7919158936,60.5079612732,48.2911491394,30.144329071,22.9633827209,5.91125488281,0.70519298315,0.0569887720048,0.00356354517862,0.0000677195494063,3.95072788706e-7,2.81032441762e-9]},"erbbands_crest":{"dmean":1.59449875355,"dmean2":2.62746953964,"dvar":2.53549003601,"dvar2":6.59215211868,"max":32.645980835,"mean":6.13719797134,"median":5.31966257095,"min":2.24991583824,"var":8.10142993927},"erbbands_flatness_db":{"dmean":0.00974661018699,"dmean2":0.0143963126466,"dvar":0.000095038631116,"dvar2":0.000185687400517,"max":0.380048424006,"mean":0.129883542657,"median":0.129675298929,"min":0.0344459749758,"var":0.000852226745337},"erbbands_kurtosis":{"dmean":0.359862536192,"dmean2":0.586442112923,"dvar":0.19226449728,"dvar2":0.480415970087,"max":17.8501987457,"mean":-0.496187478304,"median":-0.664871931076,"min":-1.76696801186,"var":0.756682693958},"erbbands_skewness":{"dmean":0.217386603355,"dmean2":0.350827544928,"dvar":0.0356618575752,"dvar2":0.091644525528,"max":4.1460351944,"mean":-0.27680632472,"median":-0.298497259617,"min":-2.28904986382,"var":0.196077719331},"erbbands_spread":{"dmean":6.5534658432,"dmean2":10.5676927567,"dvar":41.8696212769,"dvar2":104.461227417,"max":123.398628235,"mean":47.7866172791,"median":47.0858955383,"min":4.14458608627,"var":180.560806274},"gfcc":{"cov":[[16853.0117188,1038.3807373,-1048.5769043,674.684814453,-676.536499023,437.657836914,-332.142120361,109.399986267,-292.830627441,-67.3124847412,-208.184112549,-19.1540660858,-81.1316680908],[1038.3807373,830.794616699,-284.897155762,73.9242248535,95.8051071167,-132.993392944,70.4167785645,-57.8666152954,47.5878601074,-27.4776859283,55.3289413452,-55.9237442017,80.5945587158],[-1048.5769043,-284.897155762,444.534210205,-10.7303791046,30.9355239868,34.3694076538,-27.9280509949,8.24965763092,16.9327697754,41.1118431091,16.5160541534,38.8618011475,-14.0734834671],[674.684814453,73.9242248535,-10.7303791046,157.937133789,17.6317100525,45.6921272278,30.4913711548,3.76029014587,19.5241508484,-4.50858688354,15.9737529755,-4.45964956284,10.0696983337],[-676.536499023,95.8051071167,30.9355239868,17.6317100525,166.956329346,-8.75089645386,73.6971969604,-3.29216790199,28.704240799,12.6294364929,28.5838127136,-1.33376657963,28.7309322357],[437.657836914,-132.993392944,34.3694076538,45.6921272278,-8.75089645386,146.380767822,28.3699436188,38.0801963806,3.46566271782,-4.87228631973,-1.27488827705,-4.19938707352,-8.00559806824],[-332.142120361,70.4167785645,-27.9280509949,30.4913711548,73.6971969604,28.3699436188,145.653839111,22.1352500916,37.4936676025,-9.22713661194,13.8449764252,-5.82289743423,24.1081771851],[109.399986267,-57.8666152954,8.24965763092,3.76029014587,-3.29216790199,38.0801963806,22.1352500916,77.1112136841,29.1948566437,14.0506429672,-4.17349672318,-2.77691626549,-3.05601406097],[-292.830627441,47.5878601074,16.9327697754,19.5241508484,28.704240799,3.46566271782,37.4936676025,29.1948566437,85.4824371338,25.1055870056,30.2239398956,-11.5239496231,10.9615736008],[-67.3124847412,-27.4776859283,41.1118431091,-4.50858688354,12.6294364929,-4.87228631973,-9.22713661194,14.0506429672,25.1055870056,63.9261016846,24.5697727203,12.6299467087,-7.13652229309],[-208.184112549,55.3289413452,16.5160541534,15.9737529755,28.5838127136,-1.27488827705,13.8449764252,-4.17349672318,30.2239398956,24.5697727203,72.6496200562,14.9139966965,20.188583374],[-19.1540660858,-55.9237442017,38.8618011475,-4.45964956284,-1.33376657963,-4.19938707352,-5.82289743423,-2.77691626549,-11.5239496231,12.6299467087,14.9139966965,59.0632591248,12.109793663],[-81.1316680908,80.5945587158,-14.0734834671,10.0696983337,28.7309322357,-8.00559806824,24.1081771851,-3.05601406097,10.9615736008,-7.13652229309,20.188583374,12.109793663,58.1014060974]],"icov":[[0.000298721104627,-0.000913267664146,0.000309507333441,-0.000969005108345,0.000994550180621,-0.00143665738869,0.000727348029613,-0.000739358365536,0.00105818442535,-0.000962650636211,0.00107750226744,-0.00103317154571,0.00041947880527],[-0.000913267664146,0.0057686092332,0.000479835638544,0.00152573978994,-0.0037879133597,0.00690831337124,-0.00252288160846,0.00327925849706,-0.00377604691312,0.00327811739407,-0.0048564481549,0.00584332644939,-0.00379639910534],[0.000309507333441,0.000479835638544,0.00382305681705,-0.00129892711993,-0.000458767550299,-0.00148823624477,0.00178866903298,0.000208041354199,-0.000442152551841,-0.00154728302732,0.000815652718302,-0.00199837679975,0.000234772072872],[-0.000969005108345,0.00152573978994,-0.00129892711993,0.0114323552698,-0.00321714906022,0.000668910972308,-0.002572681522,0.00343030435033,-0.0049788672477,0.00372606981546,-0.003626546124,0.00200019730255,-0.000594330136664],[0.000994550180621,-0.0037879133597,-0.000458767550299,-0.00321714906022,0.0128758689389,-0.00408917060122,-0.00251275906339,-0.00131332152523,0.00442051002756,-0.00592745887116,0.00262315408327,-0.0018510845257,-0.00095509190578],[-0.00143665738869,0.00690831337124,-0.00148823624477,0.000668910972308,-0.00408917060122,0.018977470696,-0.00590952625498,-0.000919729121961,-0.00254129408859,0.00623558834195,-0.00822538696229,0.00853749085218,-0.0027006873861],[0.000727348029613,-0.00252288160846,0.00178866903298,-0.002572681522,-0.00251275906339,-0.00590952625498,0.0136127397418,-0.00367428758182,-0.0017175055109,0.0014693569392,0.00328739383258,-0.00436285277829,0.00025259461836],[-0.000739358365536,0.00327925849706,0.000208041354199,0.00343030435033,-0.00131332152523,-0.000919729121961,-0.00367428758182,0.0220934618264,-0.0103193446994,-0.00191545137204,0.00226991530508,0.00188077054918,-0.00238509336486],[0.00105818442535,-0.00377604691312,-0.000442152551841,-0.0049788672477,0.00442051002756,-0.00254129408859,-0.0017175055109,-0.0103193446994,0.0261175129563,-0.00951815117151,-0.00322342989966,0.00403879955411,-0.000713132205419],[-0.000962650636211,0.00327811739407,-0.00154728302732,0.00372606981546,-0.00592745887116,0.00623558834195,0.0014693569392,-0.00191545137204,-0.00951815117151,0.0283062048256,-0.0104020442814,-0.00194766547065,0.00546076428145],[0.00107750226744,-0.0048564481549,0.000815652718302,-0.003626546124,0.00262315408327,-0.00822538696229,0.00328739383258,0.00226991530508,-0.00322342989966,-0.0104020442814,0.0271078944206,-0.00986219849437,-0.00264110974967],[-0.00103317154571,0.00584332644939,-0.00199837679975,0.00200019730255,-0.0018510845257,0.00853749085218,-0.00436285277829,0.00188077054918,0.00403879955411,-0.00194766547065,-0.00986219849437,0.0295876152813,-0.0101191494614],[0.00041947880527,-0.00379639910534,0.000234772072872,-0.000594330136664,-0.00095509190578,-0.0027006873861,0.00025259461836,-0.00238509336486,-0.000713132205419,0.00546076428145,-0.00264110974967,-0.0101191494614,0.0269250199199]],"mean":[33.2654151917,101.604446411,-116.593383789,53.8024940491,-38.7491912842,15.5013113022,-28.4463500977,14.1172170639,-21.959733963,-0.367491871119,-14.533121109,0.371083676815,-5.01362848282]},"hfc":{"dmean":5.14391851425,"dmean2":8.5051984787,"dvar":61.9190826416,"dvar2":166.414596558,"max":115.122200012,"mean":27.0431842804,"median":24.3170928955,"min":1.03283531524e-16,"var":181.158172607},"melbands":{"dmean":[0.0045869667083,0.00330491689965,0.00108205352444,0.00116144632921,0.00030206219526,0.000149157553096,0.000126872124383,0.0000893379838089,0.0000675119154039,0.000071492009738,0.0000846384791657,0.0000696264396538,0.0000500712048961,0.0000382250327675,0.0000280723543256,0.0000201773455046,0.0000278886800515,0.0000344065701938,0.0000232455604419,0.0000182888252311,0.000031438368751,0.000023427488486,0.00001633260581,0.0000138802779475,0.00000970875953499,0.0000069485727181,0.00000730734564058,0.00000556993245482,0.00000439261020801,0.00000337628284797,0.00000158600198574,0.00000131452907226,0.00000143519537232,0.00000132959542043,0.00000113529335977,7.88952888797e-7,6.59631780309e-7,6.53027996123e-7,5.38252720617e-7,3.39726312859e-7],"dmean2":[0.0074833384715,0.00571917789057,0.00184092007112,0.00204220437445,0.00049974443391,0.000240965106059,0.000200833805138,0.000145010082633,0.000107629806735,0.000113176232844,0.000131989305373,0.00011187808559,0.000079653931607,0.00006305937859,0.0000466949313704,0.0000338941608788,0.000045902455895,0.0000569112744415,0.0000386751999031,0.000031050407415,0.0000531826117367,0.0000396267096221,0.0000276581940852,0.0000235481038544,0.0000164340890478,0.0000119080223158,0.0000124975213112,0.00000942021688388,0.00000745449642636,0.00000572970930079,0.00000266821803052,0.00000222165408559,0.00000240695339926,0.00000220442757382,0.00000187703699339,0.00000126227917008,0.00000102595436147,0.00000100568695416,8.24764356366e-7,5.228620239e-7],"dvar":[0.000057633198594,0.0000353063442162,0.00000236985715674,0.0000132793575176,3.13297903176e-7,5.39994857718e-8,5.78690944053e-8,3.52166402706e-8,1.7394711449e-8,2.05556691668e-8,2.20960210129e-8,1.73106986523e-8,6.33311225684e-9,3.04486769132e-9,1.66951996672e-9,1.30007482557e-9,2.15249240654e-9,3.34868821561e-9,1.426727958e-9,7.50225215285e-10,1.40894240719e-9,7.5705086644e-10,3.8225203558e-10,3.30065003107e-10,1.75401360103e-10,8.43884614965e-11,9.57044929417e-11,6.84247519755e-11,3.49221242202e-11,2.83265754603e-11,8.52202856894e-12,6.84066388604e-12,8.63794973049e-12,7.02683310844e-12,6.18323708207e-12,4.13645463368e-12,2.82059770505e-12,4.63678097654e-12,2.66839154939e-12,1.12070411545e-12],"dvar2":[0.000137801660458,0.0000997988754534,0.00000672477472108,0.0000371493370039,8.77541367572e-7,1.41745545079e-7,1.47724492194e-7,9.53689109906e-8,4.44913794695e-8,4.70209435832e-8,5.37229460917e-8,4.49533885671e-8,1.62169229156e-8,8.42523828481e-9,4.6247072838e-9,3.61260865667e-9,5.45372014216e-9,8.83748541014e-9,3.75050079882e-9,2.09338146817e-9,3.85962639626e-9,2.05770023243e-9,1.08251663189e-9,9.30048094094e-10,4.8526288543e-10,2.40055281209e-10,2.74686912105e-10,1.88981261195e-10,9.50823933477e-11,7.8354968347e-11,2.27621029664e-11,1.84488362087e-11,2.22658020493e-11,1.89007247353e-11,1.56405999263e-11,9.68029822968e-12,6.27497576469e-12,1.04684967292e-11,6.04686266337e-12,2.44124707428e-12],"max":[0.0685701519251,0.0674264729023,0.0261242873967,0.0471066832542,0.00856678374112,0.00476823374629,0.00623450195417,0.00572010269389,0.00344178872183,0.00589246721938,0.00594924157485,0.00477516464889,0.00188922509551,0.001149965683,0.000808209355455,0.000872187025379,0.00105839513708,0.00129623000976,0.000922751671169,0.000832771067508,0.000820718472824,0.000696041039191,0.000316873512929,0.000410538254073,0.000295635778457,0.000194365784409,0.000172056636075,0.000186613804544,0.000151500207721,0.00017057977675,0.000056870332628,0.000076477372204,0.000113709691504,0.0000720162424841,0.000061909428041,0.0000746274017729,0.0000509759629495,0.0000578621657041,0.000046267396101,0.0000276806495094],"mean":[0.00850081257522,0.00701797008514,0.0022633720655,0.00148380582687,0.000629016722087,0.000328965397784,0.000266060989816,0.000164996105013,0.000119529977383,0.000139357565786,0.000155823407113,0.000120096570754,0.00010027528333,0.0000737628361094,0.0000538039421372,0.000035927965655,0.000051692033594,0.0000677391508361,0.0000448170067102,0.0000368701621483,0.0000644573447062,0.0000511276666657,0.0000368144465028,0.0000305812282022,0.0000225025632972,0.0000170254934346,0.0000176692537934,0.0000143558872878,0.0000115185639515,0.00000827789699542,0.00000364074867321,0.000002886745051,0.00000311606095238,0.00000299882094623,0.00000251339884016,0.00000179590983862,0.00000151547203586,0.00000139811618283,0.00000117925310406,7.42328779779e-7],"median":[0.00407692417502,0.00501131592318,0.00183447636664,0.000770346086938,0.000418852781877,0.000225359763135,0.00016644554853,0.0000968015374383,0.0000685657796566,0.0000787710378063,0.000093838738394,0.0000612031290075,0.0000601359170105,0.0000547255440324,0.0000385203602491,0.0000230662626564,0.0000285564001388,0.0000382754624297,0.0000270155815087,0.0000279496380244,0.0000539411485079,0.0000415350150433,0.0000302297776216,0.0000243123813561,0.0000164617777045,0.000013718655282,0.0000129244344862,0.0000100705865407,0.00000903337604541,0.00000627434837952,0.00000194654830921,0.00000125700250919,0.00000120177787721,0.00000138096777391,0.00000103317881894,5.97983159878e-7,4.47875635246e-7,3.40893734574e-7,2.7041926387e-7,2.15409841076e-7],"min":[9.15253974393e-25,4.36689829911e-25,2.30359927213e-24,1.77511847476e-24,6.21207896212e-25,1.97646141575e-24,2.25626249022e-24,1.99735262189e-24,1.61706664252e-24,1.69880781787e-24,2.85135588572e-24,1.96692842614e-24,2.35039726204e-24,2.53356425613e-24,2.94306688241e-24,2.53915649109e-24,2.48750187901e-24,3.93170602302e-24,3.76543544344e-24,3.95099958861e-24,3.99109028867e-24,2.26711899121e-24,4.49478073767e-24,2.67301514265e-24,4.04957051973e-24,3.81443908844e-24,4.51133735035e-24,4.95195758111e-24,5.64812693554e-24,4.04872170539e-24,5.05120338274e-24,5.10618186023e-24,5.36653396352e-24,5.46271227951e-24,5.05890424289e-24,5.79263165945e-24,6.54684894916e-24,6.72033523943e-24,6.07869431736e-24,6.89892861521e-24],"var":[0.0000991114357021,0.0000441894771939,0.00000354355370291,0.00000977238414634,4.91389016588e-7,1.33587903406e-7,1.34157275511e-7,5.42302132089e-8,2.96894349106e-8,4.86611959616e-8,4.62621940756e-8,3.62576599855e-8,1.71788698822e-8,5.30241628383e-9,3.17442694353e-9,2.05288208655e-9,5.33315880347e-9,8.544602359e-9,3.13884251923e-9,1.21972487666e-9,2.3312487496e-9,1.65209246283e-9,7.8540313142e-10,6.7664623904e-10,5.05351149815e-10,1.77071426966e-10,2.45008457966e-10,2.08276812463e-10,9.49977110865e-11,6.6918512398e-11,2.408920112e-11,1.96610106667e-11,2.47530988762e-11,1.82354877726e-11,1.73666758058e-11,1.4091860491e-11,1.093855128e-11,1.32328687938e-11,8.90660722258e-12,3.39641791254e-12]},"melbands_crest":{"dmean":3.27215671539,"dmean2":5.18633079529,"dvar":10.6864452362,"dvar2":25.7224559784,"max":38.6673240662,"mean":16.7278118134,"median":16.2125873566,"min":1.63433659077,"var":30.5938224792},"melbands_flatness_db":{"dmean":0.0268870070577,"dmean2":0.0440217331052,"dvar":0.000928550143726,"dvar2":0.00220774975605,"max":0.433890402317,"mean":0.215052694082,"median":0.20709605515,"min":0.00358172832057,"var":0.00369206303731},"melbands_kurtosis":{"dmean":11.8652496338,"dmean2":19.7168922424,"dvar":465.858184814,"dvar2":1165.06103516,"max":710.406860352,"mean":23.9695930481,"median":15.0807361603,"min":-1.62175524235,"var":762.854309082},"melbands_skewness":{"dmean":0.919416248798,"dmean2":1.49370658398,"dvar":1.32711410522,"dvar2":3.12899756432,"max":22.2064266205,"mean":3.99047827721,"median":3.58717036247,"min":-0.300833970308,"var":3.57994413376},"melbands_spread":{"dmean":5.5467042923,"dmean2":9.12002563477,"dvar":39.6852912903,"dvar2":98.4028930664,"max":158.991882324,"mean":19.0530033112,"median":16.2043762207,"min":0.718597114086,"var":243.118331909},"mfcc":{"cov":[[6557.94580078,622.556396484,191.119018555,161.507324219,44.2530899048,188.445877075,74.1280670166,128.070602417,12.8716468811,62.7897796631,-47.0195999146,-71.3359985352,-39.4441947937],[622.556396484,808.152893066,-230.803146362,206.133422852,9.27108192444,-3.7756729126,13.4297428131,-27.7595081329,10.9324741364,7.0412197113,-26.2056999207,31.1540279388,4.63304424286],[191.119018555,-230.803146362,305.432037354,-38.3846549988,44.8770942688,9.98164272308,-15.559923172,-2.108710289,-13.2571926117,-7.49496841431,20.9125461578,6.248670578,3.56544852257],[161.507324219,206.133422852,-38.3846549988,175.214889526,21.0563220978,31.0673427582,16.333322525,6.44970750809,12.9916877747,1.26186871529,-0.257683157921,16.5014057159,20.327041626],[44.2530899048,9.27108192444,44.8770942688,21.0563220978,93.577583313,18.7673473358,12.7394161224,-4.06949710846,0.598052561283,8.45088386536,8.1302022934,10.4929380417,0.922014534473],[188.445877075,-3.7756729126,9.98164272308,31.0673427582,18.7673473358,88.955291748,43.1268997192,30.126625061,10.9843578339,11.153845787,9.30047512054,-4.44628477097,5.41967725754],[74.1280670166,13.4297428131,-15.559923172,16.333322525,12.7394161224,43.1268997192,83.4340438843,37.8958129883,22.1207714081,9.59613513947,1.11938631535,0.963354051113,3.34994530678],[128.070602417,-27.7595081329,-2.108710289,6.44970750809,-4.06949710846,30.126625061,37.8958129883,80.3817977905,34.6890678406,18.0066394806,0.540737092495,-1.73485589027,7.19692087173],[12.8716468811,10.9324741364,-13.2571926117,12.9916877747,0.598052561283,10.9843578339,22.1207714081,34.6890678406,69.4326858521,29.8529949188,8.11866855621,4.44186687469,1.15166258812],[62.7897796631,7.0412197113,-7.49496841431,1.26186871529,8.45088386536,11.153845787,9.59613513947,18.0066394806,29.8529949188,68.4440078735,28.315196991,5.35505819321,-7.10705757141],[-47.0195999146,-26.2056999207,20.9125461578,-0.257683157921,8.1302022934,9.30047512054,1.11938631535,0.540737092495,8.11866855621,28.315196991,60.4458580017,20.2055473328,0.568592131138],[-71.3359985352,31.1540279388,6.248670578,16.5014057159,10.4929380417,-4.44628477097,0.963354051113,-1.73485589027,4.44186687469,5.35505819321,20.2055473328,63.1960716248,27.8365516663],[-39.4441947937,4.63304424286,3.56544852257,20.327041626,0.922014534473,5.41967725754,3.34994530678,7.19692087173,1.15166258812,-7.10705757141,0.568592131138,27.8365516663,59.5612449646]],"icov":[[0.000217610198888,-0.000335283169989,-0.000391449779272,0.000127376202727,0.000114613481855,-0.000424781814218,0.000114346243208,-0.00040929869283,0.000217195105506,-0.00026104983408,0.000216598913539,0.000260941189481,0.0000706869759597],[-0.000335283169989,0.00298233213834,0.00207019876689,-0.00283810240217,-0.000462332682218,0.00119031954091,-0.000461807765532,0.00162724638358,-0.000225475756451,-0.000267755327513,0.000908518966753,-0.00174830842298,0.000899658887647],[-0.000391449779272,0.00207019876689,0.00559329986572,-0.000610321643762,-0.00264068483375,0.000274954858469,0.00111024419311,0.000458192778751,-0.0000746702644392,0.00146376225166,-0.00136064155959,-0.00111308321357,0.0000605511595495],[0.000127376202727,-0.00283810240217,-0.000610321643762,0.00986597687006,-0.00121305731591,-0.00347928353585,0.000892185838893,-0.00059896876337,-0.00140804727562,0.00127288687509,-0.00068087503314,0.000322161911754,-0.00263279234059],[0.000114613481855,-0.000462332682218,-0.00264068483375,-0.00121305731591,0.0133785698563,-0.00215257075615,-0.00218238402158,0.00234182365239,0.000504032534081,-0.00229950598441,0.00102193362545,-0.00201941747218,0.00116238743067],[-0.000424781814218,0.00119031954091,0.000274954858469,-0.00347928353585,-0.00215257075615,0.0189262218773,-0.00769073562697,-0.0026212327648,0.00180663180072,-0.000472121377243,-0.00351100089028,0.00336602516472,-0.00177340093069],[0.000114346243208,-0.000461807765532,0.00111024419311,0.000892185838893,-0.00218238402158,-0.00769073562697,0.019573552534,-0.00622009858489,-0.00242217397317,0.00139882753137,0.000747135432903,-0.00121780810878,0.00090076046763],[-0.00040929869283,0.00162724638358,0.000458192778751,-0.00059896876337,0.00234182365239,-0.0026212327648,-0.00622009858489,0.021817361936,-0.00774430204183,-0.00232446333393,0.0023735279683,0.0000392805304728,-0.00247342092916],[0.000217195105506,-0.000225475756451,-0.0000746702644392,-0.00140804727562,0.000504032534081,0.00180663180072,-0.00242217397317,-0.00774430204183,0.0224613565952,-0.00821529701352,0.000957022828516,-0.000810203782748,0.0005011180765],[-0.00026104983408,-0.000267755327513,0.00146376225166,0.00127288687509,-0.00229950598441,-0.000472121377243,0.00139882753137,-0.00232446333393,-0.00821529701352,0.0240644980222,-0.0108091207221,0.000517462962307,0.00249832193367],[0.000216598913539,0.000908518966753,-0.00136064155959,-0.00068087503314,0.00102193362545,-0.00351100089028,0.000747135432903,0.0023735279683,0.000957022828516,-0.0108091207221,0.0258563477546,-0.00899909622967,0.00301212654449],[0.000260941189481,-0.00174830842298,-0.00111308321357,0.000322161911754,-0.00201941747218,0.00336602516472,-0.00121780810878,0.0000392805304728,-0.000810203782748,0.000517462962307,-0.00899909622967,0.0256787203252,-0.0117836827412],[0.0000706869759597,0.000899658887647,0.0000605511595495,-0.00263279234059,0.00116238743067,-0.00177340093069,0.00090076046763,-0.00247342092916,0.0005011180765,0.00249832193367,0.00301212654449,-0.0117836827412,0.0238196346909]],"mean":[-600.031860352,122.363578796,-7.68576097488,42.8503112793,14.3252763748,9.99511432648,8.56317710876,11.0732450485,5.39130878448,4.1280412674,-5.1203584671,2.70154261589,1.85534393787]},"pitch_salience":{"dmean":0.0761472061276,"dmean2":0.125935927033,"dvar":0.00609567575157,"dvar2":0.015049630776,"max":0.827183008194,"mean":0.500210344791,"median":0.519912421703,"min":0.0592039264739,"var":0.0178252141923},"silence_rate_20dB":{"dmean":0,"dmean2":0,"dvar":0,"dvar2":0,"max":1,"mean":1,"median":1,"min":1,"var":0},"silence_rate_30dB":{"dmean":0.108657382429,"dmean2":0.217332154512,"dvar":0.0968478322029,"dvar2":0.198089748621,"max":1,"mean":0.846867740154,"median":1,"min":0,"var":0.129671812057},"silence_rate_60dB":{"dmean":0.000320051214658,"dmean2":0.000640153652057,"dvar":0.000319847342325,"dvar2":0.000639810401481,"max":1,"mean":0.0277622211725,"median":0,"min":0,"var":0.0269913952798},"spectral_centroid":{"dmean":222.417251587,"dmean2":368.69241333,"dvar":62405.2734375,"dvar2":157630.359375,"max":11557.8037109,"mean":1616.7442627,"median":1512.05895996,"min":210.394332886,"var":927220},"spectral_complexity":{"dmean":3.72779655457,"dmean2":6.10034418106,"dvar":11.3277416229,"dvar2":28.1333713531,"max":58,"mean":31.5730857849,"median":32,"min":0,"var":86.6872634888},"spectral_contrast_coeffs":{"dmean":[0.047620177269,0.0401593521237,0.0343627668917,0.0259080827236,0.0179763622582,0.0155906034634],"dmean2":[0.0792897641659,0.0661300122738,0.0570286475122,0.0435611009598,0.0304985009134,0.0251138061285],"dvar":[0.00181836693082,0.00104795047082,0.000743455660995,0.000419286283432,0.000193582876818,0.000186593475519],"dvar2":[0.00498272059485,0.0028894438874,0.00202272459865,0.00117166491691,0.000555372389499,0.000450963678304],"max":[-0.349969953299,-0.431817799807,-0.404106110334,-0.575117766857,-0.574608981609,-0.652760267258],"mean":[-0.661673665047,-0.738815188408,-0.772915840149,-0.792731881142,-0.796927273273,-0.741136491299],"median":[-0.660706877708,-0.743176341057,-0.776761770248,-0.794898092747,-0.797535419464,-0.734916567802],"min":[-0.98146212101,-0.978464543819,-0.975347220898,-0.969041705132,-0.968468308449,-0.964457094669],"var":[0.00548853678629,0.00460322061554,0.00332488096319,0.00175729615148,0.000931946909986,0.00150120013859]},"spectral_contrast_valleys":{"dmean":[0.315804153681,0.317167550325,0.266299009323,0.219259887934,0.155074611306,0.192691579461],"dmean2":[0.531909942627,0.530906140804,0.446234047413,0.366142749786,0.262433648109,0.287136912346],"dvar":[0.0890823677182,0.0885937437415,0.0693726465106,0.0551031716168,0.0405057705939,0.0746274515986],"dvar2":[0.223798900843,0.22273401916,0.16817343235,0.128019556403,0.0873047709465,0.140719607472],"max":[-4.82055997849,-4.67784500122,-5.1103978157,-5.5405330658,-5.51267671585,-7.64577054977],"mean":[-6.47538948059,-6.77693653107,-7.05887556076,-7.28731918335,-6.85535526276,-10.0490913391],"median":[-6.15557050705,-6.49099588394,-6.77484703064,-7.03228998184,-6.60491085052,-9.90941333771],"min":[-28.0115947723,-28.004611969,-27.7723464966,-27.7889862061,-27.4603366852,-27.3948249817],"var":[4.29815626144,4.17450714111,4.00164747238,3.79265427589,3.86331033707,3.20273089409]},"spectral_decrease":{"dmean":5.77319347883e-9,"dmean2":9.71823599372e-9,"dvar":6.86764850688e-17,"dvar2":1.80162862325e-16,"max":1.84488055306e-28,"mean":-1.61248738806e-8,"median":-1.31013857541e-8,"min":-7.48946362705e-8,"var":1.08766130946e-16},"spectral_energy":{"dmean":0.0220329817384,"dmean2":0.0370638743043,"dvar":0.000992767862044,"dvar2":0.00260765640996,"max":0.286967337132,"mean":0.0633118152618,"median":0.0522320941091,"min":9.6432021109e-21,"var":0.00157788360957},"spectral_energyband_high":{"dmean":0.000289764866466,"dmean2":0.000462173862616,"dvar":2.38540849296e-7,"dvar2":5.67275549201e-7,"max":0.0127254612744,"mean":0.00108062592335,"median":0.000665288243908,"min":6.94696489901e-21,"var":0.00000134478284508},"spectral_energyband_low":{"dmean":0.0187865961343,"dmean2":0.0315391980112,"dvar":0.000893954769708,"dvar2":0.00230325525627,"max":0.268498510122,"mean":0.0426620207727,"median":0.0287774261087,"min":8.71376386996e-24,"var":0.00148043385707},"spectral_energyband_middle_high":{"dmean":0.00165136845317,"dmean2":0.00273293675855,"dvar":0.000005265805612,"dvar2":0.0000145484391396,"max":0.0360299088061,"mean":0.00680920062587,"median":0.00607582647353,"min":1.17897248953e-21,"var":0.000015157420421},"spectral_energyband_middle_low":{"dmean":0.00672327307984,"dmean2":0.011474693194,"dvar":0.000248581578489,"dvar2":0.000688934698701,"max":0.211137622595,"mean":0.0154933156446,"median":0.0124240294099,"min":1.50679753526e-22,"var":0.00022500572959},"spectral_entropy":{"dmean":0.0872298181057,"dmean2":0.141799256206,"dvar":0.00887092668563,"dvar2":0.0226059872657,"max":9.83037948608,"mean":7.77586126328,"median":7.75895643234,"min":5.69189596176,"var":0.0938227176666},"spectral_flux":{"dmean":0.0350890047848,"dmean2":0.0570431537926,"dvar":0.00214508944191,"dvar2":0.00501497415826,"max":0.437360137701,"mean":0.108106762171,"median":0.0923074483871,"min":6.34640257013e-11,"var":0.00411484204233},"spectral_kurtosis":{"dmean":1.00162148476,"dmean2":1.75420975685,"dvar":0.984818577766,"dvar2":3.02204728127,"max":16.4302139282,"mean":3.58741760254,"median":3.3632683754,"min":-1.26646327972,"var":2.60006165504},"spectral_rms":{"dmean":0.00124246580526,"dmean2":0.00205371715128,"dvar":0.00000231494004765,"dvar2":0.0000058779542087,"max":0.0167322475463,"mean":0.00745372334495,"median":0.00713849719614,"min":3.06724654356e-12,"var":0.00000620978698862},"spectral_rolloff":{"dmean":407.725891113,"dmean2":702.327026367,"dvar":361991.8125,"dvar2":877604.625,"max":19702.8808594,"mean":1127.0802002,"median":775.1953125,"min":21.533203125,"var":3307948.5},"spectral_skewness":{"dmean":0.135461345315,"dmean2":0.228100597858,"dvar":0.0145644247532,"dvar2":0.0407477840781,"max":2.73272609711,"mean":1.23874187469,"median":1.2182097435,"min":-0.064468704164,"var":0.0706289038062},"spectral_spread":{"dmean":310579.15625,"dmean2":459342.625,"dvar":350128635904,"dvar2":698934427648,"max":47263444,"mean":4368968.5,"median":3846991.25,"min":2183359.75,"var":11779651403800},"spectral_strongpeak":{"dmean":0.236524745822,"dmean2":0.407039761543,"dvar":0.142694935203,"dvar2":0.381407409906,"max":7.20087242126,"mean":0.582659780979,"median":0.522399544716,"min":0,"var":0.203096598387},"zerocrossingrate":{"dmean":0.00746975000948,"dmean2":0.00943589769304,"dvar":0.0000745765210013,"dvar2":0.000119948133943,"max":0.53466796875,"mean":0.050239212811,"median":0.0439453125,"min":0.00146484375,"var":0.00217395671643}},"metadata":{"audio_properties":{"analysis_sample_rate":44100,"bit_rate":0,"codec":"flac","downmix":"mix","equal_loudness":0,"length":290.200012207,"lossless":true,"md5_encoded":"eac28faf24165a04756b92a6002613d1","replay_gain":-8.95216178894,"sample_rate":44100},"tags":{"album":["MACHINA II/the friends & enemies of modern music"],"album artist":["The Smashing Pumpkins"],"albumartist":["The Smashing Pumpkins"],"albumartistsort":["Smashing Pumpkins, The"],"artist":["The Smashing Pumpkins"],"artistsort":["Smashing Pumpkins, The"],"composer":["Billy Corgan"],"date":["2000-09-05"],"discnumber":["1"],"disctotal":["2"],"file_name":"Machina2.Q101.cd1t08.flac","genre":["Rock; Alternative Rock; Alternative; Grunge; Indie Rock"],"grouping":["Rock"],"label":["Q101"],"language":["eng"],"lyricist":["Billy Corgan"],"media":["CD"],"mood":["Melancholy; Melancholic; Mellow"],"musicbrainz_albumartistid":["ba0d6274-db14-4ef5-b28d-657ebde1a396"],"musicbrainz_albumid":["063e29a2-1c82-3adc-b34e-942e44d98ad2"],"musicbrainz_artistid":["ba0d6274-db14-4ef5-b28d-657ebde1a396"],"musicbrainz_recordingid":["3c39f411-f248-41cd-a6f7-81f0c5bad628"],"musicbrainz_releasegroupid":["f6675c5f-549d-34d8-bf24-9e9a3c86b418"],"musicbrainz_releasetrackid":["97a5a3c3-8ba7-3c95-b4ff-a7c82c35a1fb"],"musicbrainz_workid":["6545dcba-45ec-4569-91a3-86333487fab4"],"originaldate":["2000-09-05"],"originalyear":["2000"],"performer":["The Smashing Pumpkins"],"releasecountry":["US"],"releasestatus":["bootleg"],"releasetype":["album"],"script":["Latn"],"title":["Speed Kills but Beauty Lives Forever"],"totaldiscs":["2"],"totaltracks":["11"],"tracknumber":["8"],"tracktotal":["11"]},"version":{"essentia":"2.1-beta1","essentia_build_sha":"ca57ba49d9b1854bd80e60cf9ccf267278fb7d6b","essentia_git_sha":"v2.1_beta1-28-g21ef5f4-dirty","extractor":"music 1.0"}},"rhythm":{"beats_count":606,"beats_loudness":{"dmean":0.0448787920177,"dmean2":0.0787095576525,"dvar":0.00150461180601,"dvar2":0.00415246421471,"max":0.22195866704,"mean":0.0788256675005,"median":0.07