{"lowlevel":{"average_loudness":0.566213011742,"barkbands":{"dmean":[0.0000771326522226,0.00171284982935,0.000960719306022,0.000918084289879,0.00130737153813,0.00123460008763,0.00125673180446,0.000841120025143,0.000844141934067,0.00048368278658,0.000675772666,0.000319501763443,0.00031870562816,0.000217720953515,0.0000595917881583,0.0000975337025011,0.0000312799784297,0.0000422423436248,0.0000366457279597,0.0000397229487135,0.0000263403780991,0.0000161299813044,0.00000740535369914,0.0000146335323734,0.0000206148852158,0.00000185320016044,1.33575625227e-7],"dmean2":[0.000132158005727,0.00279589509591,0.00145090057049,0.00145194411743,0.00189681642223,0.00189648359083,0.00194710760843,0.00121717224829,0.0011945971055,0.00066939619137,0.000991287757643,0.000453357090009,0.000465722638182,0.000336993398378,0.0000897546269698,0.000157070302521,0.000050780170568,0.0000637095654383,0.0000565300106246,0.0000597511279921,0.0000392466499761,0.0000238285829255,0.0000104504770206,0.0000211480619328,0.0000310418472509,0.0000026653515306,2.2355203555e-7],"dvar":[3.86296534316e-7,0.0000589220835536,0.00000596373411099,0.0000171206702362,0.00000634069556327,0.00000577222454012,0.00000928260033106,0.00000444774877906,0.00000500457463204,0.00000193785967895,0.00000188689421066,5.62601201182e-7,7.45018269299e-7,2.72923387001e-7,3.53080018556e-8,3.39362848933e-8,3.03367775345e-9,1.59448081405e-8,9.30678822897e-9,8.84823858627e-9,6.00695493347e-9,1.20321210773e-8,2.85184720283e-9,6.70243593959e-9,2.58555488131e-8,3.19244602975e-10,2.97963259968e-13],"dvar2":[0.00000103432125798,0.000151578526129,0.0000143113647937,0.0000408256019,0.0000146438078445,0.0000128858082462,0.0000223141178139,0.0000096628718893,0.0000117662339107,0.00000445670320914,0.00000406021399613,0.00000117826778023,0.00000157274587309,5.55958536097e-7,6.09838295418e-8,8.40661087409e-8,7.4090049651e-9,3.58240832554e-8,2.04601260378e-8,1.8877297947e-8,1.26455796945e-8,2.51442155985e-8,4.65768756897e-9,1.24115384637e-8,5.38403561734e-8,5.43376288409e-10,8.09981747472e-13],"max":[0.0196737796068,0.279884397984,0.0483823381364,0.137955486774,0.047949783504,0.0607290007174,0.0717048868537,0.0734879970551,0.0632190480828,0.0407881960273,0.0403790175915,0.0279468875378,0.0248396545649,0.0214623715729,0.0125560285524,0.00722681358457,0.00157771329395,0.00505649903789,0.0041926833801,0.00275837141089,0.00369811034761,0.00526520702988,0.00268557504751,0.00409172801301,0.00754579575732,0.00116046797484,0.0000152771499415],"mean":[0.000109984481242,0.00311902817339,0.0017933169147,0.00141737458762,0.00273924181238,0.00337253091857,0.00330699747428,0.00181566691026,0.0020748404786,0.00117020006292,0.00168580387253,0.000900484796148,0.000697748095263,0.000543417059816,0.000132156274049,0.000165756966453,0.0000651315640425,0.0000962769699981,0.0000880474835867,0.00015096036077,0.0000790966878412,0.0000270035761787,0.0000142272310768,0.0000397787480324,0.0000441372176283,0.00000379132029593,2.55274727579e-7],"median":[5.7124259456e-7,0.0000494174528285,0.0000268393250735,0.000374944356736,0.000868579605594,0.00109518913087,0.000934864045121,0.000801327987574,0.000483314972371,0.000292838725727,0.000494668260217,0.000227471522521,0.000157517788466,0.000139583367854,0.0000391853609472,0.0000769415200921,0.0000356369127985,0.0000242467685894,0.0000352719325747,0.000019901253836,0.0000117418785521,0.00000393854315917,0.0000012441656736,0.00000225195708481,0.00000177156698555,3.10774623813e-7,8.63406199869e-8],"min":[6.79600415797e-25,2.39447506233e-24,7.73464312503e-25,6.93536802327e-26,9.77926803945e-24,8.40951836262e-24,1.22973783132e-23,7.58049418213e-24,1.79728862164e-23,1.5010924932e-23,1.57612689146e-23,1.2870609612e-23,2.31699239481e-23,2.52833785542e-23,2.8919524034e-23,6.33092241549e-23,5.83430165904e-23,6.35126177399e-23,1.06691241242e-22,1.83093846174e-22,2.68447523268e-22,3.51997611897e-22,4.26199812395e-22,6.03500251459e-22,8.377915869e-22,1.30078210487e-21,2.03707745931e-21],"var":[7.57087434522e-7,0.000125541453599,0.0000155198486027,0.0000213740095205,0.0000224014293053,0.0000283623048745,0.0000364414809155,0.0000115267084766,0.0000218842142203,0.00000711108987161,0.000011106412785,0.00000403086505685,0.00000325971541315,0.00000230033379012,2.88742114662e-7,1.03353521297e-7,9.3922905009e-9,5.55842554206e-8,3.1340071871e-8,1.07901151125e-7,3.33797736118e-8,2.17440092598e-8,6.40882591441e-9,2.02167971253e-8,7.04258482642e-8,9.61598245475e-10,3.46536357552e-13]},"barkbands_crest":{"dmean":2.06684374809,"dmean2":3.2503592968,"dvar":3.80614733696,"dvar2":9.42028999329,"max":25.2293281555,"mean":10.9060230255,"median":10.0607967377,"min":3.5376636982,"var":16.8131313324},"barkbands_flatness_db":{"dmean":0.0161254499108,"dmean2":0.0245681200176,"dvar":0.000240447989199,"dvar2":0.000535648257937,"max":0.385660141706,"mean":0.201388925314,"median":0.199726834893,"min":0.0586912259459,"var":0.00264106830582},"barkbands_kurtosis":{"dmean":1.95722830296,"dmean2":3.03060984612,"dvar":8.50960159302,"dvar2":20.8399677277,"max":100.118659973,"mean":4.26174020767,"median":2.50988411903,"min":-1.93547391891,"var":35.0918083191},"barkbands_skewness":{"dmean":0.375226736069,"dmean2":0.561366438866,"dvar":0.142672210932,"dvar2":0.335550874472,"max":8.40758514404,"mean":1.34656488895,"median":1.24270319939,"min":-2.21254849434,"var":0.984851539135},"barkbands_spread":{"dmean":2.22181510925,"dmean2":3.3507642746,"dvar":12.5834960938,"dvar2":22.2947483063,"max":97.1322174072,"mean":11.2501935959,"median":9.16045570374,"min":0.93980294466,"var":71.2708129883},"dissonance":{"dmean":0.0315708331764,"dmean2":0.053200148046,"dvar":0.000771938764956,"dvar2":0.00211013923399,"max":0.499772787094,"mean":0.408809900284,"median":0.415033936501,"min":0.208358168602,"var":0.00247103953734},"dynamic_complexity":3.85596466064,"erbbands":{"dmean":[0.0587069168687,0.375923395157,0.98395138979,2.08593249321,4.77561664581,3.51976943016,3.58111524582,13.8680706024,18.3841171265,19.8050498962,10.31635952,21.9383583069,19.4673271179,9.71607971191,30.1527404785,10.6192989349,13.9090681076,11.8859548569,5.22972106934,3.8212082386,3.45348715782,1.62375807762,2.26555299759,2.36541175842,1.0739262104,1.78527069092,1.52415955067,0.67498421669,0.600341260433,0.393000483513,0.191155418754,0.238415464759,0.289310067892,0.323302030563,0.0904318913817,0.0130067085847,0.00297905225307,0.000322477746522,0.0000233075661527,0.00000737377558835],"dmean2":[0.098886705935,0.583944678307,1.50034189224,3.29523015022,7.26485347748,5.06912136078,5.33383893967,21.0255413055,29.3399333954,28.2951450348,15.223575592,31.2564239502,27.1864585876,13.5018987656,44.4392242432,15.0897808075,20.3833179474,18.1555328369,8.04376029968,5.99177932739,5.47549057007,2.60363721848,3.45525431633,3.6362631321,1.66847527027,2.66447329521,2.2544195652,1.04588842392,0.893460631371,0.563002049923,0.268779873848,0.344766408205,0.427426427603,0.494645535946,0.134590879083,0.0175567287952,0.00402046972886,0.000475969689433,0.0000373760631192,0.000011327349057],"dvar":[0.120944038033,2.0865778923,6.55992603302,74.6567687988,122.746589661,54.8217010498,43.4850006104,773.09161377,1824.54907227,2420.2565918,758.436340332,3652.75488281,2841.09594727,557.622009277,4147.24316406,550.90838623,1383.70898438,827.410095215,120.58921051,62.0897827148,40.7510719299,8.72282028198,60.9232254028,36.5258331299,8.08543968201,19.1834468842,13.7532711029,6.51944684982,12.2223033905,11.6247730255,1.97488605976,1.62051606178,3.23660826683,5.63720083237,0.871095716953,0.0176214389503,0.000521264097188,0.00000202718683795,9.37822264291e-9,2.14799386611e-10],"dvar2":[0.3653819561,4.80943393707,16.0084209442,185.00440979,283.41305542,126.936416626,94.5140762329,1680.2064209,5126.46484375,5238.34033203,1643.16259766,8549.34863281,6776.83203125,1033.76074219,9398.18847656,1225.00354004,2924.6809082,1625.38806152,266.884002686,125.303718567,94.7259979248,21.2973423004,141.159484863,78.6688308716,19.4999637604,40.0027618408,29.6960086823,14.1460380554,25.9887046814,21.6535720825,3.29944324493,3.34437394142,6.36281919479,12.7027864456,1.88157689571,0.0246239658445,0.000828624935821,0.00000324397228724,2.33698695951e-8,5.26777566012e-10],"max":[10.991976738,51.6505088806,54.5973968506,263.233917236,240.27406311,159.748535156,183.657669067,743.756958008,1210.51159668,1122.01599121,1076.45556641,1782.7623291,1538.33154297,1231.46936035,1921.31591797,685.402893066,1073.85241699,1266.8795166,385.996643066,419.812164307,231.837234497,103.778900146,333.09161377,226.701034546,100.847862244,154.875244141,178.254486084,96.3452453613,149.165878296,182.567977905,59.6013450623,48.9610519409,82.7147369385,97.0948944092,49.1884689331,8.68235397339,1.55128324032,0.0998865514994,0.00308073591441,0.000403309328249],"mean":[0.0896489992738,0.712357997894,1.92897379398,3.51119947433,8.84758281708,7.87373256683,9.3243303299,38.6923103333,46.9944496155,50.058303833,24.9117584229,54.0167427063,49.8985290527,31.4482955933,73.4649047852,35.1997947693,33.6933174133,33.7962493896,12.4335451126,8.09526824951,6.68049716949,3.69482636452,5.50816774368,6.06676673889,3.41103029251,7.13626480103,5.66332912445,1.71410429478,1.01787781715,0.644881844521,0.406267255545,0.614582657814,0.765989899635,0.711851298809,0.171026170254,0.0266477242112,0.00604617968202,0.000703394587617,0.0000604343367741,0.0000323952626786],"median":[0.00102471467108,0.0131772588938,0.0657459497452,0.914630234241,1.97015452385,2.2749145031,3.99706625938,12.5472831726,17.9226531982,20.0446662903,13.5511779785,13.5914154053,14.4353113174,10.82447052,26.7127304077,10.9021625519,9.45060634613,9.65341186523,4.69948101044,4.19165945053,3.63257646561,2.13384008408,1.66478312016,2.49225521088,1.00799369812,0.962596774101,0.750095009804,0.363413006067,0.178746148944,0.0595343112946,0.0391322299838,0.0399764925241,0.0388091206551,0.0257988255471,0.00813459418714,0.00187555630691,0.000527199124917,0.00011073283531,0.0000277400158666,0.0000234026410908],"min":[1.02252926774e-22,6.94280042025e-22,1.39135282836e-21,3.14606897459e-21,1.33964953663e-20,2.20054826046e-20,2.47736150595e-20,8.71173696444e-20,1.65845848332e-19,1.88139231795e-19,2.41135633817e-19,4.02967161712e-19,4.50933116536e-19,6.49483967304e-19,8.82135804114e-19,8.43114489295e-19,1.77325789161e-18,1.78555558577e-18,2.51069664553e-18,2.24819149852e-18,4.0675767034e-18,4.71063270186e-18,3.97016998241e-18,5.07617663585e-18,7.50749785698e-18,8.62921846051e-18,7.82059729936e-18,9.36570947224e-18,1.16885285852e-17,1.26877089985e-17,1.20079559593e-17,9.6887507984e-18,8.72477932795e-18,8.48769447514e-18,6.07225222664e-18,4.4726966802e-18,2.1764155892e-18,1.02161582618e-18,2.58398195267e-19,2.76079122699e-20],"var":[0.171812057495,5.06187295914,17.3953418732,93.8343048096,297.352539062,200.475601196,197.644134521,3837.88110352,6372.41455078,7517.38232422,1822.29724121,14984.3095703,10442.8173828,4611.22070312,21686.90625,5752.203125,5937.32861328,7874.51416016,557.192016602,334.147521973,126.967788696,26.1578063965,203.529159546,157.018768311,42.5246162415,270.667938232,153.950942993,17.909910202,22.3239746094,21.6979694366,4.56098842621,4.47044420242,8.6850233078,14.0610666275,1.92338633537,0.0670419335365,0.00141059304588,0.0000063886600401,1.59792463705e-8,1.01920882845e-9]},"erbbands_crest":{"dmean":2.42611241341,"dmean2":3.76526761055,"dvar":5.213139534,"dvar2":13.1977434158,"max":31.4216136932,"mean":12.4434289932,"median":11.8579645157,"min":2.76244616508,"var":20.6081371307},"erbbands_flatness_db":{"dmean":0.0139878429472,"dmean2":0.0210678186268,"dvar":0.000201213653781,"dvar2":0.000441357406089,"max":0.368215978146,"mean":0.235005065799,"median":0.234273791313,"min":0.0631822645664,"var":0.00285707763396},"erbbands_kurtosis":{"dmean":1.07528841496,"dmean2":1.66452074051,"dvar":1.98398518562,"dvar2":5.01094865799,"max":42.039150238,"mean":2.0098426342,"median":0.960738062859,"min":-1.84287536144,"var":14.8396615982},"erbbands_skewness":{"dmean":0.316463500261,"dmean2":0.471695542336,"dvar":0.0899135842919,"dvar2":0.215965181589,"max":5.211414814,"mean":0.850102961063,"median":0.762438774109,"min":-1.76663839817,"var":0.66724729538},"erbbands_spread":{"dmean":3.65116071701,"dmean2":5.37747716904,"dvar":23.7767448425,"dvar2":46.3852996826,"max":139.521377563,"mean":20.7998275757,"median":17.593711853,"min":2.68250584602,"var":168.574615479},"gfcc":{"cov":[[22514.9101562,632.05078125,-2157.26171875,917.565490723,-912.439086914,767.241088867,-227.147979736,383.04385376,-824.901245117,250.257736206,103.353561401,-395.939178467,234.092086792],[632.05078125,1892.3338623,-47.0645103455,-158.68460083,569.995117188,-101.098365784,174.100524902,-129.53805542,270.913421631,-203.880630493,-19.0550270081,-26.7423915863,-114.687980652],[-2157.26171875,-47.0645103455,1112.74462891,418.23550415,163.406814575,247.125610352,106.558692932,-13.3937482834,27.2092494965,28.1277770996,6.79919528961,21.5540885925,-41.1487884521],[917.565490723,-158.68460083,418.23550415,695.872558594,123.688438416,289.87789917,125.550613403,96.2331085205,-6.17107105255,75.5796203613,41.5671920776,0.0966209471226,24.2380924225],[-912.439086914,569.995117188,163.406814575,123.688438416,547.118896484,93.5148086548,181.809402466,9.23259449005,157.881484985,-64.397819519,-3.95057487488,-21.8783283234,-37.4236068726],[767.241088867,-101.098365784,247.125610352,289.87789917,93.5148086548,338.819976807,123.067108154,76.7146148682,-38.2555999756,52.0813102722,31.4445838928,-39.7588577271,18.2443180084],[-227.147979736,174.100524902,106.558692932,125.550613403,181.809402466,123.067108154,222.858978271,68.0156478882,74.4662704468,2.81331586838,28.1107273102,-2.86921811104,0.400353074074],[383.04385376,-129.53805542,-13.3937482834,96.2331085205,9.23259449005,76.7146148682,68.0156478882,187.92225647,35.8360786438,46.513874054,24.8866786957,-14.7516222,27.7694625854],[-824.901245117,270.913421631,27.2092494965,-6.17107105255,157.881484985,-38.2555999756,74.4662704468,35.8360786438,260.324523926,14.104382515,3.56757593155,79.591545105,-17.6224899292],[250.257736206,-203.880630493,28.1277770996,75.5796203613,-64.397819519,52.0813102722,2.81331586838,46.513874054,14.104382515,140.341217041,55.1562347412,22.1309223175,29.8466930389],[103.353561401,-19.0550270081,6.79919528961,41.5671920776,-3.95057487488,31.4445838928,28.1107273102,24.8866786957,3.56757593155,55.1562347412,132.372695923,30.4020652771,15.2836799622],[-395.939178467,-26.7423915863,21.5540885925,0.0966209471226,-21.8783283234,-39.7588577271,-2.86921811104,-14.7516222,79.591545105,22.1309223175,30.4020652771,139.246765137,16.496181488],[234.092086792,-114.687980652,-41.1487884521,24.2380924225,-37.4236068726,18.2443180084,0.400353074074,27.7694625854,-17.6224899292,29.8466930389,15.2836799622,16.496181488,90.2726364136]],"icov":[[0.000337168487022,-0.000845623086207,0.000990713364445,-0.00087870459538,0.000915366807021,-0.00118114287034,0.000728111248463,-0.000667783606332,0.00107011478394,-0.000735513167456,0.000444350094767,-0.000194008331164,-0.0000284551661025],[-0.000845623086207,0.00325537077151,-0.00235618487932,0.00229509593919,-0.00298355007544,0.00309482472949,-0.00218480965123,0.00254886667244,-0.00370982824825,0.00294768298045,-0.00176140002441,0.00121540715918,0.000379014440114],[0.000990713364445,-0.00235618487932,0.00426229368895,-0.0031920906622,0.00250333570875,-0.00408385228366,0.0020608950872,-0.00131274957675,0.0029689213261,-0.00214719818905,0.0014699002495,-0.00092247815337,0.0007044528611],[-0.00087870459538,0.00229509593919,-0.0031920906622,0.00497413147241,-0.00284796115011,0.00161990604829,-0.00193705328275,0.00106061506085,-0.00239483802579,0.00135814805981,-0.00110916874837,-0.0000680676093907,-0.000138169139973],[0.000915366807021,-0.00298355007544,0.00250333570875,-0.00284796115011,0.00658794911578,-0.00378658995032,0.000350795278791,-0.001215451397,0.000922131119296,-0.000648724788334,0.000951057649218,0.000882651540451,-0.000317505182466],[-0.00118114287034,0.00309482472949,-0.00408385228366,0.00161990604829,-0.00378658995032,0.010594422929,-0.00493900757283,0.00157739780843,-0.00203227507882,0.00105856743176,-0.0015602579806,0.00172882282641,-0.000274463993264],[0.000728111248463,-0.00218480965123,0.0020608950872,-0.00193705328275,0.000350795278791,-0.00493900757283,0.0102117909119,-0.00355310738087,0.00115953723434,-0.000713557121344,-0.000239299217355,-0.000638523895759,-0.000393524009269],[-0.000667783606332,0.00254886667244,-0.00131274957675,0.00106061506085,-0.001215451397,0.00157739780843,-0.00355310738087,0.00990618206561,-0.00515699572861,0.001278434298,-0.0018899779534,0.00336263864301,-0.00149138341658],[0.00107011478394,-0.00370982824825,0.0029689213261,-0.00239483802579,0.000922131119296,-0.00203227507882,0.00115953723434,-0.00515699572861,0.0125913498923,-0.00588920852169,0.00383904972114,-0.00639868434519,0.0018068467034],[-0.000735513167456,0.00294768298045,-0.00214719818905,0.00135814805981,-0.000648724788334,0.00105856743176,-0.000713557121344,0.001278434298,-0.00588920852169,0.0142362527549,-0.00562921911478,0.0016698386753,-0.00177281303331],[0.000444350094767,-0.00176140002441,0.0014699002495,-0.00110916874837,0.000951057649218,-0.0015602579806,-0.000239299217355,-0.0018899779534,0.00383904972114,-0.00562921911478,0.0110591081902,-0.00354737765156,0.000256304949289],[-0.000194008331164,0.00121540715918,-0.00092247815337,-0.0000680676093907,0.000882651540451,0.00172882282641,-0.000638523895759,0.00336263864301,-0.00639868434519,0.0016698386753,-0.00354737765156,0.0124859083444,-0.00285231042653],[-0.0000284551661025,0.000379014440114,0.0007044528611,-0.000138169139973,-0.000317505182466,-0.000274463993264,-0.000393524009269,-0.00149138341658,0.0018068467034,-0.00177281303331,0.000256304949289,-0.00285231042653,0.0137921329588]],"mean":[-77.5098648071,127.449165344,-130.756149292,-7.08141613007,-66.1817321777,-3.27257752419,-36.7170982361,1.26744449139,-27.7227344513,1.74851977825,-5.39472436905,-9.07981967926,-3.8442697525]},"hfc":{"dmean":2.84403681755,"dmean2":4.22853803635,"dvar":20.301568985,"dvar2":42.1745376587,"max":100.884376526,"mean":15.3060007095,"median":11.0921916962,"min":1.07934774726e-16,"var":189.931243896},"melbands":{"dmean":[0.000487596698804,0.00048010260798,0.000432978529716,0.00031407471397,0.000129835607368,0.000299869570881,0.000266330112936,0.00022424972849,0.0000733355191187,0.000148425067891,0.0000967521918938,0.000038120400859,0.00008838372014,0.0000500074711454,0.0000249110598816,0.000038244001189,0.0000227577129408,0.0000102792255348,0.00000448988248536,0.00000884931796463,0.00000282844234789,0.00000179889491392,0.00000218627951654,0.00000182111091362,0.00000221219852392,8.39008123421e-7,9.41758003137e-7,0.00000151929179992,0.0000011726900766,6.73075192026e-7,3.81149050099e-7,3.63332588904e-7,3.13388198947e-7,1.85146888043e-7,1.11943755599e-7,1.20828602235e-7,1.73792642499e-7,1.98503244064e-7,2.92502761567e-7,3.01161463767e-7],"dmean2":[0.000803597387858,0.000741111114621,0.000675263290759,0.00046395661775,0.000188485952094,0.000462182797492,0.000419171672547,0.000320936378557,0.000108599204395,0.000210483849514,0.000135201655212,0.0000525674695382,0.000129413077957,0.0000716134236427,0.0000358669203706,0.000055874701502,0.0000350569280272,0.0000158148523042,0.0000066065063038,0.0000144012810779,0.00000439460336565,0.00000292667618851,0.00000342832595379,0.00000273661657957,0.00000341387953995,0.00000132727382152,0.00000145985404743,0.00000225183134717,0.00000173498040112,0.0000010183446193,6.00342104917e-7,5.54022676624e-7,4.63305042331e-7,2.74867090866e-7,1.58704310138e-7,1.77988809469e-7,2.51919516359e-7,3.00799626984e-7,4.44925973397e-7,4.61876936697e-7],"dvar":[0.00000610470715401,0.00000185143187537,0.000002257567985,4.37609685378e-7,5.46439800075e-8,3.44489620829e-7,3.68768610315e-7,2.83181179839e-7,3.57101797022e-8,1.71544542127e-7,7.13552168463e-8,8.86829187863e-9,3.38319594562e-8,9.37543020996e-9,7.02417457532e-9,1.3458738124e-8,3.49124018584e-9,5.42093148148e-10,3.21646265178e-10,2.89538670817e-10,2.86411415418e-11,1.31559520222e-11,4.12220986512e-11,2.5761837108e-11,3.34945821079e-11,6.14919226649e-12,7.37808078521e-12,1.38225021706e-11,8.42355091929e-12,3.84212453519e-12,2.60310479769e-12,3.70715133938e-12,7.63861977143e-12,2.52346819656e-12,7.42051277196e-13,5.16749024213e-13,7.95396626167e-13,1.30777214145e-12,3.6142974464e-12,5.51403931195e-12],"dvar2":[0.000016525895262,0.00000456378165836,0.00000548683146917,0.00000102689875803,1.11121671864e-7,8.05958734418e-7,9.7744384675e-7,6.20770833848e-7,7.69151782265e-8,4.03009607908e-7,1.69669050365e-7,1.64910129996e-8,7.50655217985e-8,1.97130010093e-8,1.58946793505e-8,2.85077543793e-8,7.0021854981e-9,1.22215226828e-9,5.07875741462e-10,7.2705047538e-10,5.9244574524e-11,3.14358226949e-11,9.56446102873e-11,5.58038060205e-11,7.2325555267e-11,1.5204223297e-11,1.68558795394e-11,2.87647405894e-11,1.79449406723e-11,8.54704675091e-12,5.97028806601e-12,8.0972078001e-12,1.71973598556e-11,4.21845674711e-12,1.31140096612e-12,1.0682485712e-12,1.62414103434e-12,2.62751257384e-12,8.09901798404e-12,1.24203078378e-11],"max":[0.0902474746108,0.039307564497,0.0472481809556,0.012792927213,0.00498525938019,0.014501599595,0.0154500100762,0.0135312788188,0.00719939963892,0.0121038891375,0.00772880204022,0.00481662712991,0.00574204791337,0.00334771699272,0.00345712108538,0.00343416421674,0.00282100285403,0.000620976847131,0.0013461826602,0.000747941376176,0.000176401925273,0.000145813610288,0.000298681115964,0.000156526628416,0.000215683918213,0.000113455949759,0.0000940920290304,0.000144799065311,0.000159570772666,0.0000630504073342,0.0000599160302954,0.000066540647822,0.000150151725393,0.0000891878662515,0.0000386113169952,0.0000278051975329,0.0000367023349099,0.0000494692721986,0.00007861967606,0.000104677194031],"mean":[0.000851383781992,0.000998102826998,0.000786382879596,0.000648292188998,0.000340565777151,0.000821754219942,0.000703026948031,0.000540675071534,0.000167506848811,0.000362841703463,0.000242367415922,0.000115161907161,0.000218642788241,0.000130401400384,0.0000755731889512,0.0000827623152873,0.0000618415870122,0.0000210919879464,0.0000103175989352,0.0000148593753693,0.0000056325911828,0.0000036734340938,0.00000453508891951,0.00000445839441454,0.00000525606492374,0.00000207338462133,0.00000283038025373,0.00000559495356356,0.00000408979758504,0.00000190551361356,7.43318196328e-7,5.84537133363e-7,4.7127639391e-7,3.00984567048e-7,2.11663049754e-7,2.64792362259e-7,4.32923485505e-7,5.12546876053e-7,6.40406426555e-7,6.010660627e-7],"median":[0.000012303575204,0.0000175025670615,0.000237279658904,0.000176215165993,0.000148980660015,0.000273989426205,0.000243208662141,0.000222840521019,0.0000789437399362,0.0000868559727678,0.0000618946432951,0.0000291546875815,0.0000703084515408,0.0000517568623764,0.0000108257236207,0.0000139317717185,0.0000152238308146,0.00000771680970502,0.00000285551368506,0.00000668916618451,0.00000281210327557,0.0000017451277472,0.00000190135347111,0.00000118234584079,0.00000200073873202,6.38894789518e-7,5.13962277182e-7,6.30389990874e-7,4.82398661461e-7,2.83499048237e-7,1.44916526779e-7,9.76490639459e-8,3.67445700533e-8,1.98157721343e-8,1.72578786817e-8,2.0913635268e-8,2.24106653235e-8,2.51208174262e-8,2.44512925462e-8,1.92246218944e-8],"min":[1.23244409754e-24,1.04005551669e-24,6.16956083845e-25,1.74056045065e-24,8.52669595869e-25,2.09813926607e-24,2.76624686595e-24,1.88788061913e-24,2.07101763651e-24,2.39280405772e-24,1.69079437158e-24,1.85975654457e-24,2.31312240098e-24,1.62174448908e-24,3.09078463679e-24,3.30343727936e-24,2.57325500372e-24,3.60759542036e-24,3.00114065289e-24,2.49388613032e-24,4.05900647945e-24,2.87606655915e-24,4.14047963931e-24,2.81388499272e-24,2.99582806912e-24,4.27985558404e-24,5.20222961975e-24,4.61702144025e-24,3.86336897495e-24,5.84720269029e-24,5.38813889156e-24,5.13198865589e-24,5.39852108993e-24,5.71204517924e-24,5.37987636244e-24,6.15231752235e-24,4.87761809042e-24,6.02208723652e-24,4.19852205256e-24,6.50722012715e-24],"var":[0.0000119173864732,0.00000478675610793,0.00000310172913487,0.00000149499055624,2.54624723084e-7,0.00000162956757777,0.00000138742029776,8.46087232276e-7,9.1965489446e-8,7.17509010428e-7,2.62974964471e-7,7.05760854203e-8,1.94263591879e-7,4.77485251338e-8,6.69039081913e-8,5.64202338182e-8,3.44600259439e-8,1.69958513929e-9,2.76523626219e-9,8.9001267467e-10,9.9445861268e-11,3.73736389059e-11,1.32006378051e-10,1.00134150971e-10,1.36967936992e-10,1.6101276562e-11,5.61668628274e-11,1.83743048554e-10,8.54585846533e-11,1.84096175804e-11,5.54916355922e-12,6.71269116681e-12,1.11895041843e-11,5.02651783044e-12,1.5665115689e-12,1.09013254153e-12,2.35561483514e-12,3.56117219047e-12,8.07486716381e-12,1.31639829246e-11]},"melbands_crest":{"dmean":2.52643966675,"dmean2":3.96905970573,"dvar":5.87794971466,"dvar2":14.4528913498,"max":31.9085197449,"mean":13.9855222702,"median":13.0948209763,"min":1.51983547211,"var":25.4988002777},"melbands_flatness_db":{"dmean":0.0184157323092,"dmean2":0.0277122687548,"dvar":0.00035700967419,"dvar2":0.000771519495174,"max":0.49503839016,"mean":0.265659034252,"median":0.263930410147,"min":0.00309684989043,"var":0.00439283205196},"melbands_kurtosis":{"dmean":2.88891077042,"dmean2":4.40370512009,"dvar":19.0217151642,"dvar2":43.3177490234,"max":164.317001343,"mean":7.04262447357,"median":4.24529647827,"min":-1.48487019539,"var":80.4037246704},"melbands_skewness":{"dmean":0.42480686307,"dmean2":0.640197277069,"dvar":0.180250525475,"dvar2":0.410920202732,"max":10.6543226242,"mean":1.71274363995,"median":1.52896475792,"min":-1.03577494621,"var":1.21578741074},"melbands_spread":{"dmean":3.10884308815,"dmean2":4.68586349487,"dvar":30.8122634888,"dvar2":62.3010749817,"max":178.079605103,"mean":15.6914539337,"median":12.0620880127,"min":1.29202532768,"var":286.266815186},"mfcc":{"cov":[[10630.8691406,-668.664245605,-246.829025269,313.350860596,40.406917572,202.62727356,981.708129883,-175.990814209,270.430938721,142.607635498,-97.289855957,211.920257568,-195.417190552],[-668.664245605,2243.21923828,-368.635284424,46.623462677,179.685592651,112.901878357,-206.854553223,264.209869385,-33.2269096375,91.9639663696,56.3547363281,-85.8110733032,52.5652503967],[-246.829025269,-368.635284424,925.56427002,180.740707397,125.205230713,192.531417847,175.582992554,3.45075058937,5.16274118423,51.3780136108,-6.79560947418,71.7082061768,-13.5488739014],[313.350860596,46.623462677,180.740707397,391.739227295,170.987442017,187.245742798,84.1058654785,130.922698975,63.6850204468,92.923286438,62.2823257446,33.5444412231,16.6000804901],[40.406917572,179.685592651,125.205230713,170.987442017,280.349060059,157.713775635,99.4084777832,97.5077667236,50.0514755249,84.2091369629,37.4233474731,15.1009817123,-11.5882387161],[202.62727356,112.901878357,192.531417847,187.245742798,157.713775635,333.3621521,91.4700927734,128.681503296,29.5736217499,100.408157349,47.3838386536,-3.30432701111,2.12268638611],[981.708129883,-206.854553223,175.582992554,84.1058654785,99.4084777832,91.4700927734,391.030517578,-2.09158802032,61.345703125,77.5016555786,-32.2955436707,75.8019714355,-50.8698997498],[-175.990814209,264.209869385,3.45075058937,130.922698975,97.5077667236,128.681503296,-2.09158802032,266.452209473,59.2532119751,83.7333068848,70.3239822388,11.5561618805,30.5347709656],[270.430938721,-33.2269096375,5.16274118423,63.6850204468,50.0514755249,29.5736217499,61.345703125,59.2532119751,184.690216064,45.107257843,51.9316253662,27.7675800323,-5.68332004547],[142.607635498,91.9639663696,51.3780136108,92.923286438,84.2091369629,100.408157349,77.5016555786,83.7333068848,45.107257843,160.011459351,57.4549446106,21.229227066,-0.577562391758],[-97.289855957,56.3547363281,-6.79560947418,62.2823257446,37.4233474731,47.3838386536,-32.2955436707,70.3239822388,51.9316253662,57.4549446106,162.946411133,26.1774921417,29.2209758759],[211.920257568,-85.8110733032,71.7082061768,33.5444412231,15.1009817123,-3.30432701111,75.8019714355,11.5561618805,27.7675800323,21.229227066,26.1774921417,164.592941284,55.8842277527],[-195.417190552,52.5652503967,-13.5488739014,16.6000804901,-11.5882387161,2.12268638611,-50.8698997498,30.5347709656,-5.68332004547,-0.577562391758,29.2209758759,55.8842277527,132.889373779]],"icov":[[0.000149403989781,5.55615770281e-7,0.00015906104818,-0.000172160638613,0.000180414004717,-0.000148562423419,-0.000361072772648,0.000180525268661,-0.00012181866623,0.0000325801956933,0.0000372203248844,-0.000128019280965,0.000136196031235],[5.55615770281e-7,0.000634028750937,0.000249431846896,0.000149461004185,-0.000516642990988,-0.0000578966355533,0.000312953721732,-0.000490061182063,0.000252002384514,-0.000266137823928,0.00015924879699,0.000141138851177,-0.000139690964716],[0.00015906104818,0.000249431846896,0.00168041442521,-0.000524759234395,-0.000104453734821,-0.000920675112866,-0.000512148952112,0.00043251880561,0.000176096189534,0.0000891554082045,0.000248233205639,-0.000695386086591,0.000328050518874],[-0.000172160638613,0.000149461004185,-0.000524759234395,0.00459334487095,-0.00169782247394,-0.000915317155886,0.000414765905589,-0.00109585549217,-0.000282473221887,-0.000368410313968,-0.000392449088395,-0.0000312149022648,-0.000576693506446],[0.000180414004717,-0.000516642990988,-0.000104453734821,-0.00169782247394,0.00656216405332,-0.00145548488945,-0.00129158527125,0.00000821240064397,-0.000663405517116,-0.000487773038913,-0.000146428268636,-0.00024630498956,0.000875565747265],[-0.000148562423419,-0.0000578966355533,-0.000920675112866,-0.000915317155886,-0.00145548488945,0.00595964631066,-0.000432960601756,-0.00157336040866,0.000805548450444,-0.00121129862964,-0.000524870643858,0.00167390576098,-0.000760757655371],[-0.000361072772648,0.000312953721732,-0.000512148952112,0.000414765905589,-0.00129158527125,-0.000432960601756,0.00546959228814,0.000131899287226,-0.000674096867442,-0.00189375004265,0.00187785283197,-0.00215436238796,0.00165494612884],[0.000180525268661,-0.000490061182063,0.00043251880561,-0.00109585549217,0.00000821240064397,-0.00157336040866,0.000131899287226,0.00659807724878,-0.00138990092091,-0.00126754492521,-0.000603986496571,-0.000311405339744,-0.000600622966886],[-0.00012181866623,0.000252002384514,0.000176096189534,-0.000282473221887,-0.000663405517116,0.000805548450444,-0.000674096867442,-0.00138990092091,0.00712388753891,-0.000321549538057,-0.00187654083129,-0.000316192104947,0.000613897980656],[0.0000325801956933,-0.000266137823928,0.0000891554082045,-0.000368410313968,-0.000487773038913,-0.00121129862964,-0.00189375004265,-0.00126754492521,-0.000321549538057,0.0102247865871,-0.00266396440566,-0.000150080872118,0.000431011110777],[0.0000372203248844,0.00015924879699,0.000248233205639,-0.000392449088395,-0.000146428268636,-0.000524870643858,0.00187785283197,-0.000603986496571,-0.00187654083129,-0.00266396440566,0.00894337985665,-0.00138593779411,-0.000556246493943],[-0.000128019280965,0.000141138851177,-0.000695386086591,-0.0000312149022648,-0.00024630498956,0.00167390576098,-0.00215436238796,-0.000311405339744,-0.000316192104947,-0.000150080872118,-0.00138593779411,0.00964253116399,-0.00487684784457],[0.000136196031235,-0.000139690964716,0.000328050518874,-0.000576693506446,0.000875565747265,-0.000760757655371,0.00165494612884,-0.000600622966886,0.000613897980656,0.000431011110777,-0.000556246493943,-0.00487684784457,0.0109474109486]],"mean":[-714.919006348,164.795425415,-12.8618955612,-0.83434844017,-11.9210329056,-14.336274147,2.10825371742,-15.2690753937,-5.46843194962,-6.43177461624,-5.78076982498,1.5797804594,-2.20968151093]},"pitch_salience":{"dmean":0.053468298167,"dmean2":0.084069557488,"dvar":0.00239779055119,"dvar2":0.005964406766,"max":0.848043262959,"mean":0.51196962595,"median":0.504639983177,"min":0.16598983109,"var":0.0125494496897},"silence_rate_20dB":{"dmean":0,"dmean2":0,"dvar":0,"dvar2":0,"max":1,"mean":1,"median":1,"min":1,"var":0},"silence_rate_30dB":{"dmean":0.00822575110942,"dmean2":0.0164533816278,"dvar":0.0081585701555,"dvar2":0.0202959477901,"max":1,"mean":0.986520469189,"median":1,"min":0,"var":0.01329889521},"silence_rate_60dB":{"dmean":0.00754027208313,"dmean2":0.015082267113,"dvar":0.00748348515481,"dvar2":0.0171412490308,"max":1,"mean":0.0839616209269,"median":0,"min":0,"var":0.076911225915},"spectral_centroid":{"dmean":110.652648926,"dmean2":168.085021973,"dvar":50433.2851562,"dvar2":100777.109375,"max":12041.7304688,"mean":960.94708252,"median":771.63873291,"min":92.8714370728,"var":1429674.375},"spectral_complexity":{"dmean":1.5466697216,"dmean2":2.54913163185,"dvar":2.33488345146,"dvar2":5.49530124664,"max":34,"mean":12.3740005493,"median":12,"min":0,"var":27.8391876221},"spectral_contrast_coeffs":{"dmean":[0.0490737780929,0.0426551029086,0.0350612998009,0.0291345920414,0.02059905231,0.0154486866668],"dmean2":[0.0792942866683,0.0695052742958,0.055650614202,0.0472323410213,0.0335747264326,0.0249452572316],"dvar":[0.00164475874044,0.00141689740121,0.000991297070868,0.000649869500194,0.000341511156876,0.000240430468693],"dvar2":[0.00413912208751,0.00356080988422,0.00238874554634,0.00166720943525,0.000855986319948,0.000590730982367],"max":[-0.244205862284,-0.305151581764,-0.373567521572,-0.500739991665,-0.588588654995,-0.624109625816],"mean":[-0.598135888577,-0.618063688278,-0.651401460171,-0.70181530714,-0.754445970058,-0.782483994961],"median":[-0.604156255722,-0.618411660194,-0.644258141518,-0.691377997398,-0.745587587357,-0.77900147438],"min":[-0.985160470009,-0.98433059454,-0.985278844833,-0.978472054005,-0.981557846069,-0.973118066788],"var":[0.0131917167455,0.0111337900162,0.0087720900774,0.00612073671073,0.00390295288526,0.00232824636623]},"spectral_contrast_valleys":{"dmean":[0.419642686844,0.3515394032,0.296753793955,0.260420650244,0.225839555264,0.209364250302],"dmean2":[0.686529099941,0.569406688213,0.481943398714,0.419007956982,0.360807329416,0.324320316315],"dvar":[0.177350476384,0.162860840559,0.129742562771,0.11352071166,0.101335935295,0.106948919594],"dvar2":[0.410133123398,0.344219982624,0.276640892029,0.234632104635,0.205977261066,0.209041535854],"max":[-4.92906665802,-4.98405838013,-5.87700128555,-6.48218631744,-6.38630008698,-7.711789608],"mean":[-8.58228969574,-7.48206090927,-8.2218914032,-8.97925853729,-9.1872844696,-11.6473445892],"median":[-8.67118930817,-7.19473552704,-7.85146188736,-8.70162963867,-8.81693267822,-11.5872421265],"min":[-28.3325634003,-27.9149799347,-27.7635192871,-27.6567707062,-27.5925426483,-27.3849582672],"var":[6.37761211395,5.81449317932,5.26536560059,5.02716255188,5.09090614319,4.30814313889]},"spectral_decrease":{"dmean":1.51833279283e-9,"dmean2":2.33315278209e-9,"dvar":9.05874936437e-18,"dvar2":2.19215402385e-17,"max":2.47575116567e-28,"mean":-6.4291207913e-9,"median":-4.48276882281e-9,"min":-9.15027413839e-8,"var":4.47490219187e-17},"spectral_energy":{"dmean":0.00593629013747,"dmean2":0.00911901798099,"dvar":0.000133888810524,"dvar2":0.000322923704516,"max":0.350440919399,"mean":0.0256532486528,"median":0.01808071509,"min":9.96654571987e-21,"var":0.000686365936417},"spectral_energyband_high":{"dmean":0.0000861816442921,"dmean2":0.000121054719784,"dvar":1.13188079354e-7,"dvar2":1.97076886366e-7,"max":0.0104567566887,"mean":0.000315913319355,"median":0.0000452600215795,"min":7.16011900311e-21,"var":5.38197014066e-7},"spectral_energyband_low":{"dmean":0.00266859144904,"dmean2":0.00426824018359,"dvar":0.0000857682025526,"dvar2":0.000223122013267,"max":0.29826888442,"mean":0.00559453014284,"median":0.000265730166575,"min":1.03420887409e-23,"var":0.000205366537557},"spectral_energyband_middle_high":{"dmean":0.00128710386343,"dmean2":0.00186775461771,"dvar":0.00000406550861953,"dvar2":0.00000917221859709,"max":0.0536299720407,"mean":0.0052972799167,"median":0.00286792917177,"min":1.10075151603e-21,"var":0.0000390718196286},"spectral_energyband_middle_low":{"dmean":0.00426264898852,"dmean2":0.00638968264684,"dvar":0.0000512082042405,"dvar2":0.000117408824735,"max":0.218346402049,"mean":0.0153199844062,"median":0.0114950621501,"min":1.5563272716e-22,"var":0.0001995817438},"spectral_entropy":{"dmean":0.146199956536,"dmean2":0.223248258233,"dvar":0.0288912709802,"dvar2":0.0628384724259,"max":9.82192802429,"mean":6.72169446945,"median":6.7204375267,"min":4.84861373901,"var":0.368507444859},"spectral_flux":{"dmean":0.0160773489624,"dmean2":0.0261369869113,"dvar":0.000458368536783,"dvar2":0.00114015222061,"max":0.449038356543,"mean":0.0543683506548,"median":0.0459219254553,"min":6.31349625357e-11,"var":0.0015268776333},"spectral_kurtosis":{"dmean":4.78628063202,"dmean2":8.35236167908,"dvar":40.5654830933,"dvar2":123.746231079,"max":77.6547393799,"mean":13.3914737701,"median":9.15772628784,"min":-1.48626720905,"var":150.503219604},"spectral_rms":{"dmean":0.000508338969667,"dmean2":0.000767535995692,"dvar":4.40607209384e-7,"dvar2":9.87678959063e-7,"max":0.0184903647751,"mean":0.0044491328299,"median":0.00419996678829,"min":3.11824611271e-12,"var":0.0000052327523008},"spectral_rolloff":{"dmean":182.018157959,"dmean2":308.389282227,"dvar":298998.46875,"dvar2":543381.5,"max":19487.5488281,"mean":1203.69104004,"median":925.927734375,"min":107.666015625,"var":4652841},"spectral_skewness":{"dmean":0.388145565987,"dmean2":0.658775925636,"dvar":0.188900694251,"dvar2":0.55368989706,"max":7.08511781693,"mean":2.55419039726,"median":2.35036754608,"min":-0.102325193584,"var":1.16791760921},"spectral_spread":{"dmean":353840.15625,"dmean2":548275.5,"dvar":470431301632,"dvar2":814744928256,"max":42361452,"mean":3791612.25,"median":3069741.25,"min":1043914.8125,"var":19659009032200},"spectral_strongpeak":{"dmean":0.545635581017,"dmean2":0.918075501919,"dvar":0.743301212788,"dvar2":1.83573138714,"max":8.76496505737,"mean":1.42997801304,"median":1.0536198616,"min":0,"var":1.72380745411},"zerocrossingrate":{"dmean":0.00498244352639,"dmean2":0.00623010518029,"dvar":0.000124522019178,"dvar2":0.00018196531164,"max":0.53662109375,"mean":0.0446131415665,"median":0.03564453125,"min":0.00830078125,"var":0.00322201033123}},"metadata":{"audio_properties":{"analysis_sample_rate":44100,"bit_rate":0,"codec":"flac","downmix":"mix","equal_loudness":0,"length":203.226669312,"lossless":true,"md5_encoded":"c244074e9c0249dd4d49d70df5d917db","replay_gain":-9.50514030457},"tags":{"album":["White Chalk"],"albumartist":["PJ Harvey"],"albumartistsort":["Harvey, PJ"],"artist":["PJ Harvey"],"artistsort":["Harvey, PJ"],"asin":["B000SFYUV2"],"barcode":["602517403260"],"catalognumber":["B0009972-02"],"composer":["PJ Harvey"],"date":["2007-10-02"],"discnumber":["1"],"disctotal":["1"],"engineer":["Ali Chant","PJ Harvey","Flood"],"file_name":"03 Grow Grow Grow.flac","genre":["Rock","Alternative"],"isrc":["GBUM70704799"],"label":["Island Records"],"lyricist":["PJ Harvey"],"media":["CD"],"mixer":["John Parish","PJ Harvey","Flood"],"musicbrainz_albumartistid":["e795e03d-b5d5-4a5f-834d-162cfb308a2c"],"musicbrainz_albumid":["68a8b3b5-b256-4917-8ba0-b74e79bedb44"],"musicbrainz_artistid":["e795e03d-b5d5-4a5f-834d-162cfb308a2c"],"musicbrainz_recordingid":["3c3a1ba8-577d-46f9-8c13-04d9c75096b7"],"musicbrainz_releasegroupid":["4e08e36d-59f2-3352-aa7c-4c55e4b20e14"],"musicbrainz_releasetrackid":["41568874-f2e3-31ab-bc9b-4f46070e96e7"],"originaldate":["2007-09-24"],"performer":["Eric Drew Feldman (vocals)","John Parish (vocals)","PJ Harvey (vocals)","Jim White (drums and percussion)","John Parish (acoustic guitar, banjo, bass guitar, drums and percussion)","PJ Harvey (acoustic guitar, bass guitar, fiddle, harmonica, harp, keyboard, piano and zither)","Eric Drew Feldman (keyboard, mellotron, minimoog and piano)"],"producer":["John Parish","PJ Harvey","Flood"],"releasecountry":["US"],"releasestatus":["official"],"releasetype":["album"],"script":["Latn"],"title":["Grow Grow Grow"],"totaldiscs":["1"],"totaltracks":["11"],"tracknumber":["3"],"tracktotal":["11"]},"version":{"essentia":"2.1-beta1","essentia_build_sha":