{"lowlevel":{"average_loudness":0.902300536633,"barkbands":{"dmean":[0.0000894423574209,0.0033875531517,0.00281788315624,0.00106206617784,0.00212185736746,0.000855912978295,0.000475794135127,0.00110498385038,0.000865148147568,0.000561444670893,0.000378254364477,0.000425253761932,0.000515011721291,0.000525651907083,0.000455807632534,0.000423647608841,0.000326431880239,0.000269567011856,0.000220902540605,0.000137137220008,0.0000961042824201,0.000121465978737,0.000135712005431,0.000144112142152,0.0000826100731501,0.000104471793748,0.0000294358487736],"dmean2":[0.000132355780806,0.00526942964643,0.00489764939994,0.0019167792052,0.00355024705641,0.00140838231891,0.000754977110773,0.00172103592195,0.00126491719857,0.000782720453572,0.000559561944101,0.000685415987391,0.000828139367513,0.000854186248034,0.000723101315089,0.000685913197231,0.000513015256729,0.00042046548333,0.000347353925463,0.000213097082451,0.000142281453009,0.000179497743375,0.00020533244242,0.000213879393414,0.000122236451716,0.000151952845044,0.0000432576198364],"dvar":[2.87894348361e-8,0.0000293859320664,0.0000362122809747,0.00000691628656568,0.0000564022302569,0.00000796292260929,0.00000241316274696,0.0000104691916931,0.0000069436546255,0.00000371378087038,0.00000121965342714,0.00000104819935132,0.00000142204771691,0.00000142390319979,0.00000108711208213,8.17903242023e-7,4.12987361642e-7,3.77162734821e-7,1.9605626278e-7,6.09370616189e-8,3.5803900289e-8,5.48337020234e-8,6.70309177053e-8,6.76532252442e-8,2.18005897779e-8,6.36185859548e-8,5.77890135744e-9],"dvar2":[5.95037406015e-8,0.0000689154912834,0.000100303674117,0.0000189105394384,0.000151189626195,0.0000202669998544,0.00000519694322065,0.0000241813049797,0.0000140100692079,0.00000692120556778,0.00000209098629966,0.00000259276225734,0.00000335636332238,0.0000034863721794,0.00000244535499405,0.00000200347585633,0.00000100239651601,9.04961723336e-7,4.91048808726e-7,1.44732481999e-7,8.04977418056e-8,1.15302611903e-7,1.539742982e-7,1.50477987404e-7,5.01977446277e-8,1.3480602945e-7,1.25301289344e-8],"max":[0.00161586538889,0.0540920943022,0.0708015561104,0.0563481971622,0.134878203273,0.0546497255564,0.0431159324944,0.0559347011149,0.0549163594842,0.0423849932849,0.0378319509327,0.0306221414357,0.0352332890034,0.0233541503549,0.0281237624586,0.0206489022821,0.0159520022571,0.0190295726061,0.0144458180293,0.00721416855231,0.00929318275303,0.00487716402858,0.0083608198911,0.00640467461199,0.00196531321853,0.00372008909471,0.00106580706779],"mean":[0.000102585705463,0.00672572525218,0.00396337313578,0.000874771620147,0.0023304251954,0.0010831640102,0.000602564890869,0.00136681820732,0.00138816609979,0.000928718131036,0.000552401586901,0.00058447784977,0.000656914548017,0.000662041653413,0.000582242151722,0.000551511475351,0.000484041520394,0.000437852053437,0.000391287292587,0.000266342918621,0.000179547278094,0.000212634840864,0.000234919047216,0.000219122026465,0.000111487257527,0.000110723667603,0.0000286214817606],"median":[0.0000321392653859,0.00615766039118,0.00110999785829,0.00021639445913,0.000689319917001,0.000187375757378,0.0000683387479512,0.000106405175757,0.000219519919483,0.000083359213022,0.000121458127978,0.000190871243831,0.000151100190124,0.000196999084437,0.000186602788744,0.000194806940272,0.000214139421587,0.000207241100725,0.000194505933905,0.000113132649858,0.000097898839158,0.000102514095488,0.000105254366645,0.000093132519396,0.0000463184042019,0.0000162686028489,0.0000011562229929],"min":[1.41612632731e-9,4.01871980138e-10,4.92242639878e-13,7.49830492836e-12,7.94784897618e-12,2.10723608701e-11,4.99128342824e-12,1.78948674455e-12,7.78416827524e-12,1.98269027064e-12,2.83009791817e-12,1.67369720513e-12,1.89783388657e-12,5.58379124188e-12,2.3505275417e-12,2.04953648454e-13,3.44132339812e-12,2.7217574982e-12,5.31203509999e-12,4.41908055288e-12,6.73232606815e-12,1.06484916371e-11,7.42283665089e-12,1.0038503015e-11,1.19849147967e-11,2.11167038716e-11,3.87224211029e-11],"var":[3.63346188692e-8,0.0000483778894704,0.0000408975138271,0.00000500272790305,0.000043221629312,0.00000997914685286,0.00000461998479295,0.0000151530011863,0.0000167143516592,0.0000106356210381,0.00000329892486661,0.00000167299560871,0.00000224975701713,0.00000195287793758,0.00000163564516242,0.00000109676329885,6.12607436778e-7,6.03857984061e-7,3.4387744563e-7,1.74198206082e-7,7.22915629581e-8,1.24158901826e-7,1.61399668741e-7,1.25019155917e-7,3.12555812343e-8,8.23633499181e-8,7.09499525797e-9]},"barkbands_crest":{"dmean":3.01305651665,"dmean2":4.69884490967,"dvar":8.05554580688,"dvar2":18.5140571594,"max":25.7081127167,"mean":11.3182010651,"median":10.7182588577,"min":2.19112968445,"var":24.7966384888},"barkbands_flatness_db":{"dmean":0.0276529192924,"dmean2":0.0390728376806,"dvar":0.000757904665079,"dvar2":0.001426279312,"max":0.495374083519,"mean":0.124258205295,"median":0.113106884062,"min":0.0168285146356,"var":0.00370464916341},"barkbands_kurtosis":{"dmean":5.18993902206,"dmean2":8.0513792038,"dvar":247.58430481,"dvar2":543.714599609,"max":387.423248291,"mean":6.8606300354,"median":0.787897109985,"min":-1.94269979,"var":580.169555664},"barkbands_skewness":{"dmean":0.778792500496,"dmean2":1.16761469841,"dvar":0.922747075558,"dvar2":1.97589409351,"max":15.159526825,"mean":1.53664851189,"median":1.1612893343,"min":-4.42012310028,"var":3.81312155724},"barkbands_spread":{"dmean":9.10349750519,"dmean2":14.0814781189,"dvar":99.9165267944,"dvar2":240.858200073,"max":115.643928528,"mean":30.7063560486,"median":28.2087211609,"min":0.296863377094,"var":291.638824463},"dissonance":{"dmean":0.017539722845,"dmean2":0.0290539711714,"dvar":0.000454262917629,"dvar2":0.00118520716205,"max":0.500000059605,"mean":0.469308674335,"median":0.479360789061,"min":0.218343988061,"var":0.000928027264308},"dynamic_complexity":3.55305814743,"erbbands":{"dmean":[0.0960010886192,0.810764491558,2.95914578438,3.42235612869,6.33129501343,6.60150718689,7.45897531509,5.95929431915,4.14049530029,14.2325115204,26.0477962494,18.6492061615,15.6074352264,17.6071186066,13.3590993881,16.8242454529,20.9607334137,23.9568576813,23.4007396698,22.9671478271,22.7258262634,18.8810901642,15.1707258224,12.3835515976,8.27777385712,6.4166636467,4.69734573364,4.01182031631,4.23742103577,4.17028522491,3.92385482788,3.30091905594,2.16426801682,1.06886160374,0.527662158012,0.365446090698,0.208008155227,0.057162836194,0.00503288209438,0.000149307539687],"dmean2":[0.141770556569,1.29165506363,5.06632137299,6.12124347687,11.072309494,10.8742675781,11.9582338333,9.78441143036,6.71457195282,22.3995304108,39.8407249451,26.7142219543,22.2799758911,24.0703544617,20.8663406372,26.8802719116,33.4504585266,38.738067627,37.7019577026,36.9661178589,36.1155471802,29.4894371033,23.4674720764,19.3402824402,12.8346300125,9.98479557037,7.07392168045,5.94689512253,6.2456240654,6.27944421768,5.96490049362,4.92225027084,3.24986815453,1.61805033684,0.774253368378,0.534294486046,0.30605006218,0.0842071324587,0.00734147755429,0.000213589184568],"dvar":[0.0350764319301,1.6074757576,35.7681007385,65.1162643433,587.35333252,425.211639404,418.258911133,474.047058105,208.329528809,1879.12866211,6028.56054688,3707.47485352,2709.44360352,3109.10449219,940.756530762,1713.20788574,2521.68164062,3225.87890625,2655.76098633,2702.94702148,2366.08154297,1376.19091797,1236.3984375,635.384277344,266.950439453,130.254302979,78.0470046997,57.3116378784,69.9688262939,59.4200592041,62.8347587585,40.1106071472,15.0013837814,3.63714814186,0.943971514702,0.648080587387,0.276922643185,0.0221640840173,0.000165329358424,1.3145879052e-7],"dvar2":[0.0761647522449,3.96902799606,97.2327651978,180.302017212,1598.22814941,1134.46362305,1034.8840332,1190.96118164,463.904998779,4221.78173828,13717.5341797,7412.22998047,5311.29394531,5273.39013672,2092.26660156,4126.03125,5923.18359375,7766.19726562,6089.53320312,6244.92822266,5739.52001953,3300.7019043,2964.08349609,1567.67199707,667.525878906,313.457550049,179.237991333,123.87399292,146.912231445,130.70892334,147.016601562,89.0837783813,34.7724571228,8.60000610352,2.12527179718,1.3807259798,0.595795691013,0.0477977208793,0.000354902207619,2.81291050896e-7],"max":[2.13556075096,12.0343084335,75.2852554321,94.1108398438,439.95098877,319.519348145,420.702331543,407.724090576,617.013122559,889.148071289,1235.37402344,1616.77502441,1486.45361328,1563.8614502,1168.69396973,1545.78881836,1950.25610352,1315.13586426,1487.11071777,1721.41760254,1209.47802734,875.018005371,948.401550293,826.38293457,722.76953125,279.244262695,387.700469971,256.076293945,156.317428589,251.773040771,305.367675781,167.49987793,76.7560882568,27.1544532776,15.3737621307,11.2778110504,8.78612613678,2.17520022392,0.17469060421,0.00516711780801],"mean":[0.148855537176,1.68350470066,4.88205337524,3.35949897766,5.63150882721,7.56271839142,10.5390233994,6.92858409882,5.08029127121,18.5442714691,34.6704902649,30.272857666,27.2359218597,31.3087654114,19.9377632141,24.2062034607,28.923784256,32.1582107544,30.5072116852,30.6917991638,32.1757011414,29.7304801941,25.5500183105,21.575838089,15.2468538284,12.5550193787,9.22201728821,7.44120645523,7.313185215,7.23035812378,6.60852003098,5.10459756851,3.20228409767,1.45105779171,0.694168031216,0.421030461788,0.212996065617,0.0562237426639,0.00494690705091,0.00017025602574],"median":[0.0514636002481,1.69985663891,1.73731708527,1.36669850349,1.51393795013,2.14380216599,1.96132934093,1.43076360226,1.16258478165,1.82804131508,4.11461925507,5.16111660004,3.74600791931,4.70049667358,6.16905593872,8.40497016907,7.73999166489,10.3427429199,10.5504703522,11.6425676346,12.4068841934,13.9345874786,12.3731422424,11.724521637,7.56182956696,5.46789836884,4.41768932343,3.91623330116,3.55552911758,3.37415242195,2.953083992,2.12872982025,1.37900292873,0.624671757221,0.261214762926,0.105393141508,0.0216759499162,0.00287511339411,0.000226313364692,0.0000411665532738],"min":[1.43564307109e-8,8.0888817422e-8,3.30042695396e-8,6.46832134521e-8,2.30746923791e-8,2.33239116909e-8,1.3957647127e-7,1.38027900221e-7,8.66837268632e-8,4.58755984312e-8,8.3341298307e-8,1.94535147102e-7,6.49394635843e-8,9.58762811365e-8,8.76911059322e-8,8.65330420652e-8,9.86570682926e-8,2.74660607147e-7,1.6669416425e-7,6.26716243346e-8,2.76643774555e-8,1.88503264553e-7,1.44802598356e-7,2.31508522575e-7,2.82944540686e-7,2.22036973696e-7,2.46973201001e-7,2.52462456274e-7,3.49989932147e-7,3.11606299874e-7,2.5720873964e-7,1.84047081575e-7,1.68645684084e-7,7.75006654408e-8,1.36501768111e-7,5.68818023794e-8,3.60690641799e-8,1.95141733883e-8,5.78308334553e-9,5.70352154394e-10],"var":[0.0505720116198,2.63120675087,49.0749816895,45.2973976135,403.234527588,365.679077148,730.245910645,502.047973633,290.740997314,3331.90576172,9170.12695312,9006.40136719,7238.97753906,11663.4541016,1979.63269043,2829.51953125,4153.14453125,4624.87646484,3998.86499023,3956.38525391,3344.15380859,2154.88476562,2048.00024414,1016.40783691,488.27142334,362.153625488,199.309692383,132.026275635,150.561035156,144.324371338,133.243591309,77.5688323975,25.05626297,5.09668684006,1.34521782398,0.85398119688,0.348039150238,0.0274714175612,0.000207011937164,1.68522788613e-7]},"erbbands_crest":{"dmean":2.86009454727,"dmean2":4.55758571625,"dvar":8.08966445923,"dvar2":18.8169841766,"max":30.7934074402,"mean":9.11358261108,"median":7.59744739532,"min":2.3491063118,"var":24.3557548523},"erbbands_flatness_db":{"dmean":0.0229945704341,"dmean2":0.0319241657853,"dvar":0.000445452082204,"dvar2":0.000878094055224,"max":0.375570833683,"mean":0.136732056737,"median":0.132077634335,"min":0.0290195345879,"var":0.00210734200664},"erbbands_kurtosis":{"dmean":1.31347453594,"dmean2":2.05144667625,"dvar":5.42126846313,"dvar2":12.4180269241,"max":91.6740112305,"mean":1.06568586826,"median":0.316749095917,"min":-1.89118754864,"var":9.56898212433},"erbbands_skewness":{"dmean":0.450863450766,"dmean2":0.67466032505,"dvar":0.212206378579,"dvar2":0.467170327902,"max":8.8101348877,"mean":-0.106978386641,"median":-0.200203582644,"min":-5.24071645737,"var":0.910170853138},"erbbands_spread":{"dmean":12.7025108337,"dmean2":19.44947052,"dvar":213.878311157,"dvar2":498.172729492,"max":186.137680054,"mean":43.9505729675,"median":37.4973144531,"min":2.6854326725,"var":693.15423584},"gfcc":{"cov":[[9092.07128906,-51.3942451477,-525.859924316,-304.253051758,-206.079833984,-38.1328315735,-218.066467285,51.3063964844,58.0153541565,92.6651611328,-151.800949097,24.6779460907,-166.047058105],[-51.3942451477,1360.8347168,-204.787231445,8.98067855835,161.839553833,128.020004272,151.401901245,11.3709125519,131.946685791,-110.576057434,58.7303390503,-53.8500404358,28.9953384399],[-525.859924316,-204.787231445,1314.43774414,215.555755615,299.304718018,192.992218018,125.011131287,14.6189222336,-16.8152637482,23.6367149353,-30.4747257233,66.8929443359,-52.4241218567],[-304.253051758,8.98067855835,215.555755615,573.216674805,119.032310486,72.3357696533,21.207857132,12.6460437775,-15.1578016281,-1.08643984795,44.2834281921,-41.5980796814,49.1048774719],[-206.079833984,161.839553833,299.304718018,119.032310486,519.144958496,125.546386719,138.682067871,38.1319770813,23.0710964203,11.4876909256,-3.07299876213,6.42894601822,6.2531337738],[-38.1328315735,128.020004272,192.992218018,72.3357696533,125.546386719,295.822601318,157.13772583,14.7391471863,-0.756809651852,-19.6792240143,21.3846435547,19.7252674103,-2.96204733849],[-218.066467285,151.401901245,125.011131287,21.207857132,138.682067871,157.13772583,277.200195312,61.4921531677,12.0134220123,-18.532453537,21.5200138092,7.53908061981,-11.7578277588],[51.3063964844,11.3709125519,14.6189222336,12.6460437775,38.1319770813,14.7391471863,61.4921531677,132.092422485,58.5861244202,22.0217056274,-2.8013677597,-4.7430357933,-3.91618156433],[58.0153541565,131.946685791,-16.8152637482,-15.1578016281,23.0710964203,-0.756809651852,12.0134220123,58.5861244202,160.167160034,32.1897087097,-2.97916269302,-5.67779588699,-3.69151139259],[92.6651611328,-110.576057434,23.6367149353,-1.08643984795,11.4876909256,-19.6792240143,-18.532453537,22.0217056274,32.1897087097,108.787643433,24.1317996979,-4.88392305374,-8.43192481995],[-151.800949097,58.7303390503,-30.4747257233,44.2834281921,-3.07299876213,21.3846435547,21.5200138092,-2.8013677597,-2.97916269302,24.1317996979,89.3653411865,27.2660427094,8.82193183899],[24.6779460907,-53.8500404358,66.8929443359,-41.5980796814,6.42894601822,19.7252674103,7.53908061981,-4.7430357933,-5.67779588699,-4.88392305374,27.2660427094,100.349822998,29.4138240814],[-166.047058105,28.9953384399,-52.4241218567,49.1048774719,6.2531337738,-2.96204733849,-11.7578277588,-3.91618156433,-3.69151139259,-8.43192481995,8.82193183899,29.4138240814,86.9913406372]],"icov":[[0.000140910211485,-0.0000784066796768,0.000122699930216,-0.0000878847495187,0.0000342998500855,-0.000114526432299,0.000136708564241,-0.0000961246114457,0.000112797431939,-0.000352153874701,0.000571511918679,-0.000504939525854,0.000509864767082],[-0.0000784066796768,0.00139738991857,0.00000557070188734,0.000457141257357,-0.000483642565086,-0.000216325424844,-0.000300139072351,0.000492487393785,-0.00164034124464,0.00236508087255,-0.00236660474911,0.00208111968823,-0.00116515543777],[0.000122699930216,0.00000557070188734,0.00137565017212,-0.000790355261415,-0.000401756871725,-0.000512588303536,-0.0000920895909076,0.000175179186044,0.000212187704165,-0.000953298120294,0.00196622125804,-0.00228634104133,0.00200464203954],[-0.0000878847495187,0.000457141257357,-0.000790355261415,0.00298617267981,-0.000477095978567,-0.00041665812023,0.000549802498426,-0.000459818751551,-0.000298513419693,0.00173637503758,-0.00367087777704,0.00410401262343,-0.00326809333637],[0.0000342998500855,-0.000483642565086,-0.000401756871725,-0.000477095978567,0.00278026796877,-0.000243627771852,-0.000916298129596,-0.000128824307467,0.000283969071461,-0.00134796311613,0.00143575435504,-0.00066935189534,-0.000121805438539],[-0.000114526432299,-0.000216325424844,-0.000512588303536,-0.00041665812023,-0.000243627771852,0.0055777435191,-0.00283946259879,0.00082834722707,-0.0000315895267704,0.000484424032038,-0.000614923599642,-0.000538052408956,-0.0000693673791829],[0.000136708564241,-0.000300139072351,-0.0000920895909076,0.000549802498426,-0.000916298129596,-0.00283946259879,0.00684957625344,-0.00321622402407,0.000789211306255,0.00117654434871,-0.00144116650335,0.000259515683865,0.000951259746216],[-0.0000961246114457,0.000492487393785,0.000175179186044,-0.000459818751551,-0.000128824307467,0.00082834722707,-0.00321622402407,0.0109649654478,-0.00390345603228,-0.00111796741839,0.000867998169269,0.000163703938597,-0.000303510576487],[0.000112797431939,-0.00164034124464,0.000212187704165,-0.000298513419693,0.000283969071461,-0.0000315895267704,0.000789211306255,-0.00390345603228,0.00980255287141,-0.00456686271355,0.00335427187383,-0.00242442055605,0.00142079393845],[-0.000352153874701,0.00236508087255,-0.000953298120294,0.00173637503758,-0.00134796311613,0.000484424032038,0.00117654434871,-0.00111796741839,-0.00456686271355,0.0164856053889,-0.0101905874908,0.00663557648659,-0.00259912828915],[0.000571511918679,-0.00236660474911,0.00196622125804,-0.00367087777704,0.00143575435504,-0.000614923599642,-0.00144116650335,0.000867998169269,0.00335427187383,-0.0101905874908,0.0228103417903,-0.0122838960961,0.00585172977298],[-0.000504939525854,0.00208111968823,-0.00228634104133,0.00410401262343,-0.00066935189534,-0.000538052408956,0.000259515683865,0.000163703938597,-0.00242442055605,0.00663557648659,-0.0122838960961,0.0212187096477,-0.0106682283804],[0.000509864767082,-0.00116515543777,0.00200464203954,-0.00326809333637,-0.000121805438539,-0.0000693673791829,0.000951259746216,-0.000303510576487,0.00142079393845,-0.00259912828915,0.00585172977298,-0.0106682283804,0.0188532322645]],"mean":[-0.917003571987,56.9987945557,-108.227645874,41.5593795776,-45.5278091431,25.9530200958,-34.8858222961,13.1464452744,-21.1565799713,-0.790902078152,-16.6282081604,0.266602784395,-13.5481729507]},"hfc":{"dmean":10.2377548218,"dmean2":13.8070440292,"dvar":207.188949585,"dvar2":411.125030518,"max":279.663513184,"mean":23.8153476715,"median":17.1636104584,"min":0.00000179216726792,"var":535.709472656},"melbands":{"dmean":[0.000885067391209,0.00131606473587,0.000655927986372,0.000508334138431,0.000248030031798,0.000137779614306,0.0000708145889803,0.000171786043211,0.00021560525056,0.000112131303467,0.0000805390664027,0.0000748273232603,0.0000477012363262,0.0000430739710282,0.0000556263657927,0.0000457740352431,0.0000470657287224,0.0000413074994867,0.0000348347239196,0.0000297443330055,0.0000257482934103,0.0000221146674448,0.0000147332439155,0.0000133363801069,0.0000105953968159,0.00000812152120488,0.00000478324500364,0.00000451916776001,0.00000364790685126,0.00000227442228606,0.00000259563239524,0.00000259716057371,0.00000233326159105,0.0000025267656838,0.0000024660616873,0.00000208294181903,0.00000214286546907,0.00000174250362761,0.00000107815083084,8.7713448238e-7],"dmean2":[0.00133158406243,0.00220737210475,0.0011605626205,0.000868998875376,0.00039732910227,0.000226116040722,0.000113859976409,0.000269162119366,0.000327230023686,0.000160870491527,0.000114890208351,0.000102331883681,0.0000724102574168,0.0000692586545483,0.0000895053890417,0.0000733855413273,0.000076465526945,0.0000673614122206,0.0000554715697945,0.000048741199862,0.0000409640888392,0.0000349327783624,0.0000230005498452,0.0000210159578273,0.0000167925554706,0.0000128373139887,0.00000748327011024,0.00000713956069376,0.00000565800201002,0.00000344038176081,0.00000392203810406,0.00000390170589526,0.00000351346943717,0.00000390273453377,0.00000381158656637,0.00000319270088767,0.00000322432765643,0.00000264433219854,0.000001641222525,0.00000134770516524],"dvar":[0.00000237540075432,0.00000585466932534,0.00000234578055824,0.00000381954805562,3.98465374474e-7,2.31134620776e-7,5.68137252799e-8,2.57113555335e-7,4.05885572263e-7,1.3458389958e-7,7.39212353551e-8,5.86687498583e-8,1.34852129463e-8,1.19378240626e-8,1.7106458472e-8,1.23730368173e-8,1.38624187684e-8,8.77167138924e-9,6.87737422567e-9,4.14480405553e-9,3.17404103001e-9,2.02401495564e-9,1.28178057057e-9,9.23319254387e-10,4.71659211687e-10,2.85162921054e-10,8.59642010353e-11,6.75395989136e-11,4.82820138037e-11,1.99303230169e-11,2.53319500793e-11,2.7030176708e-11,2.14660424852e-11,2.18254945367e-11,2.5710546539e-11,1.87225877163e-11,1.66840499749e-11,1.01248376003e-11,3.88235754309e-12,2.51652323112e-12],"dvar2":[0.00000531001478521,0.0000157986614795,0.00000637882794763,0.0000103810998553,9.96166932055e-7,5.83836822443e-7,1.25313789567e-7,5.88841544413e-7,9.11304425699e-7,2.67155314759e-7,1.4421557637e-7,1.02085543574e-7,2.5691029748e-8,2.93731492462e-8,4.15539602727e-8,2.81857932549e-8,3.35447261079e-8,2.07536032804e-8,1.58079718204e-8,1.00853050355e-8,7.64040652967e-9,4.94524243777e-9,3.11000403208e-9,2.26927410196e-9,1.1906334807e-9,7.28784643744e-10,2.09854453259e-10,1.64399452385e-10,1.15328246952e-10,4.64872203232e-11,5.68832932146e-11,5.93550347761e-11,4.71409335179e-11,5.0492842546e-11,6.25609078431e-11,4.36054976849e-11,3.74611036635e-11,2.40172257082e-11,9.13784325984e-12,6.11386765867e-12],"max":[0.0169840510935,0.03014145419,0.0209897663444,0.0345580726862,0.0122711854056,0.00839693658054,0.0084882657975,0.0102764563635,0.0101856309921,0.00899636745453,0.00731685850769,0.00662168767303,0.00556958094239,0.0029821828939,0.00382909574546,0.00342257926241,0.00290345423855,0.00216645840555,0.00287705427036,0.00200819899328,0.00137420208193,0.00112562614959,0.00155097211245,0.00095069949748,0.000789763405919,0.000720968120731,0.000365381245501,0.000176627450855,0.00022078040638,0.000226688207476,0.000136177201057,0.00009441687871,0.000100850469607,0.000157844959176,0.000193239000509,0.00012986024376,0.000111176865175,0.0000657326963847,0.0000311916737701,0.000023896645871],"mean":[0.00162576930597,0.00249148858711,0.000662389851641,0.000502567156218,0.0003574618313,0.000164395183674,0.0000881147134351,0.00022142592934,0.000293445686111,0.00018190582341,0.000136033646413,0.00013025959197,0.0000704670601408,0.0000581252352276,0.0000748956736061,0.0000591182542848,0.000060454778577,0.0000505214666191,0.0000450442748843,0.0000371418136638,0.0000356234122592,0.0000324346583511,0.0000227519758482,0.0000213331713894,0.0000172139662027,0.0000139532794492,0.00000832051136967,0.00000840816483105,0.00000666306232233,0.00000406158596888,0.00000439263158114,0.00000426385804531,0.00000378077652385,0.00000418337958763,0.00000395624374505,0.00000324466327584,0.00000312046631734,0.00000253395342042,0.00000144886075759,0.00000114433714771],"median":[0.00109720509499,0.00161203392781,0.000279619620414,0.000136838905746,0.0000789967962191,0.0000319631581078,0.0000152395259647,0.0000181497671292,0.0000324476786773,0.0000280945532722,0.0000158819821081,0.0000175770073838,0.0000197361914616,0.0000174263623194,0.0000194836538867,0.0000149834131662,0.0000182211169886,0.0000150640044012,0.0000139598159876,0.0000138505665745,0.0000128246938402,0.0000138371451612,0.00000995178652374,0.00000973811711447,0.00000884635210241,0.00000674289185554,0.00000360367221219,0.00000336533048539,0.00000280384779217,0.00000214736542148,0.00000214685292121,0.00000194679250853,0.00000178986545052,0.00000183025144906,0.00000173296484718,0.0000013115712818,0.00000122967014704,0.00000105797494143,6.1247527583e-7,4.81273787045e-7],"min":[1.52746454374e-10,6.88588908115e-11,1.06291538071e-11,1.52904175866e-12,3.86943819e-12,3.3914555192e-12,1.13644445417e-12,3.92119225544e-13,8.84507527985e-13,1.1414716828e-12,2.78426018135e-13,3.70539617869e-13,3.61265948797e-13,2.07432947772e-13,2.1099268166e-13,2.1734975202e-13,4.939904822e-13,2.68744553521e-13,1.66674698132e-13,2.65650775845e-14,2.82496465456e-14,1.93743377461e-13,1.5988302533e-13,1.45830423475e-13,1.85717340486e-13,2.07412591876e-13,1.69818803117e-13,1.43281789428e-13,1.263683033e-13,1.56308925764e-13,1.61021058141e-13,1.67752246013e-13,2.41835522961e-13,1.26634420723e-13,1.2216889013e-13,1.39818427561e-13,1.20058666784e-13,1.48835127166e-13,5.97618607162e-14,6.46749635184e-14],"var":[0.00000380512437914,0.00000823114896775,0.00000171130886883,0.00000271226303994,6.62371519411e-7,2.55458900256e-7,8.97107881315e-8,4.23711185249e-7,6.6228022888e-7,3.34564049354e-7,1.99569626602e-7,2.07848756872e-7,3.36048451288e-8,1.81312849179e-8,2.97075111177e-8,1.97191809548e-8,1.89402875606e-8,1.22931043123e-8,9.92291582236e-9,5.50394663179e-9,4.42302949821e-9,2.97921554093e-9,1.9079664515e-9,1.41702560796e-9,6.99508451163e-10,4.60285060067e-10,1.7682799669e-10,1.82009671224e-10,1.22398050029e-10,3.83569287443e-11,5.24608481656e-11,5.53436151074e-11,4.14127447612e-11,5.21429809053e-11,4.92416454834e-11,3.63024020567e-11,3.00030209011e-11,1.6370051148e-11,5.44274261077e-12,3.31997558785e-12]},"melbands_crest":{"dmean":3.88111162186,"dmean2":6.11629056931,"dvar":13.9078092575,"dvar2":31.2708683014,"max":33.125957489,"mean":16.8984870911,"median":16.7147254944,"min":2.50663685799,"var":47.7311553955},"melbands_flatness_db":{"dmean":0.034873187542,"dmean2":0.0498271733522,"dvar":0.00119582389016,"dvar2":0.00233083544299,"max":0.625231802464,"mean":0.186892092228,"median":0.179674372077,"min":0.013688406907,"var":0.00721775693819},"melbands_kurtosis":{"dmean":17.3791885376,"dmean2":26.914648056,"dvar":1921.54003906,"dvar2":4387.60595703,"max":958.395568848,"mean":28.4252357483,"median":6.96215438843,"min":-1.91126942635,"var":4558.20849609},"melbands_skewness":{"dmean":1.23796379566,"dmean2":1.85492217541,"dvar":2.42912101746,"dvar2":5.19157409668,"max":24.5504150391,"mean":3.33035826683,"median":2.49103069305,"min":-1.64122211933,"var":9.7050743103},"melbands_spread":{"dmean":11.5454816818,"dmean2":18.0929908752,"dvar":239.678466797,"dvar2":546.814147949,"max":262.90435791,"mean":32.6502952576,"median":25.5747852325,"min":0.232906162739,"var":767.019104004},"mfcc":{"cov":[[7329.27050781,105.220336914,-559.837341309,-268.220977783,-186.221221924,-165.012954712,-333.406311035,-123.111938477,-58.8991355896,38.2727890015,38.157699585,-12.3685398102,-92.189781189],[105.220336914,1156.07836914,-114.239128113,-76.8307571411,104.054252625,103.116821289,63.5938987732,162.634002686,91.330871582,-13.7341032028,86.3469696045,36.9858551025,10.7158651352],[-559.837341309,-114.239128113,885.783081055,154.117507935,135.323272705,168.313949585,103.45198822,89.1880187988,25.4930858612,-5.44307327271,12.9728660583,24.6471805573,35.7067909241],[-268.220977783,-76.8307571411,154.117507935,415.887084961,173.587173462,51.929851532,82.8266677856,0.297384172678,33.7231178284,58.8389205933,-39.3751411438,9.5675983429,43.0204391479],[-186.221221924,104.054252625,135.323272705,173.587173462,332.207672119,124.381774902,68.2345657349,37.0785751343,63.3651313782,35.8371391296,-9.92989826202,14.3619604111,37.560333252],[-165.012954712,103.116821289,168.313949585,51.929851532,124.381774902,258.268066406,156.477340698,97.047203064,43.5777626038,7.04914999008,13.7164087296,21.4749889374,16.3444786072],[-333.406311035,63.5938987732,103.45198822,82.8266677856,68.2345657349,156.477340698,281.027160645,105.709037781,37.408000946,15.9767303467,0.856139659882,25.954372406,30.4402294159],[-123.111938477,162.634002686,89.1880187988,0.297384172678,37.0785751343,97.047203064,105.709037781,198.055114746,70.2204208374,-3.9170293808,29.7252254486,20.2710266113,10.6212377548],[-58.8991355896,91.330871582,25.4930858612,33.7231178284,63.3651313782,43.5777626038,37.408000946,70.2204208374,128.197921753,51.1343765259,14.6373071671,8.3888053894,5.72492694855],[38.2727890015,-13.7341032028,-5.44307327271,58.8389205933,35.8371391296,7.04914999008,15.9767303467,-3.9170293808,51.1343765259,126.092346191,44.7619514465,10.6946401596,0.340630948544],[38.157699585,86.3469696045,12.9728660583,-39.3751411438,-9.92989826202,13.7164087296,0.856139659882,29.7252254486,14.6373071671,44.7619514465,126.656341553,32.9400672913,-22.1783676147],[-12.3685398102,36.9858551025,24.6471805573,9.5675983429,14.3619604111,21.4749889374,25.954372406,20.2710266113,8.3888053894,10.6946401596,32.9400672913,80.3043289185,31.1076259613],[-92.189781189,10.7158651352,35.7067909241,43.0204391479,37.560333252,16.3444786072,30.4402294159,10.6212377548,5.72492694855,0.340630948544,-22.1783676147,31.1076259613,85.5525970459]],"icov":[[0.000153010885697,-0.0000170475905179,0.0000735968278605,0.0000400861972594,0.0000297464102914,-0.0000828599950182,0.000190947175724,-0.0000293703378702,0.0000816910542198,-0.000143224009662,0.0000696856441209,-0.0000904509142856,0.000100676290458],[-0.0000170475905179,0.00116469664499,0.000308010581648,0.000176831992576,-0.000442977878265,-0.000159926741617,0.0000441795455117,-0.000632692419458,-0.000500724418089,0.000687477993779,-0.000891277974006,0.000061754246417,-0.000316600955557],[0.0000735968278605,0.000308010581648,0.00151994195767,-0.000431914115325,-0.000179938855581,-0.000857832666952,0.000295807141811,-0.000513099657837,0.0000828900883789,0.000494500040077,-0.000584585766774,0.0000519795103173,-0.00035308371298],[0.0000400861972594,0.000176831992576,-0.000431914115325,0.00386801594868,-0.00176138244569,0.000749843835365,-0.00090889853891,0.000170720551978,0.000366777967429,-0.0018963960465,0.00151724391617,-0.00032351637492,-0.000317520578392],[0.0000297464102914,-0.000442977878265,-0.000179938855581,-0.00176138244569,0.00519838184118,-0.00227058771998,0.000748122227378,0.000751015671995,-0.00153638096526,-0.00013338435383,0.000209924197407,0.00023281761969,-0.00108643050771],[-0.0000828599950182,-0.000159926741617,-0.000857832666952,0.000749843835365,-0.00227058771998,0.00787239614874,-0.00346429250203,-0.00108697253745,-0.0000246135350608,0.000327292247675,-0.000157357455464,-0.00038430839777,0.000871438765898],[0.000190947175724,0.0000441795455117,0.000295807141811,-0.00090889853891,0.000748122227378,-0.00346429250203,0.0066892853938,-0.0024117261637,0.000856785394717,-0.0011709688697,0.000936705095228,-0.000762830022722,-0.000745955447201],[-0.0000293703378702,-0.000632692419458,-0.000513099657837,0.000170720551978,0.000751015671995,-0.00108697253745,-0.0024117261637,0.00966419652104,-0.00507353106514,0.00311337900348,-0.002187628299,0.000160071838764,-0.000586050678976],[0.0000816910542198,-0.000500724418089,0.0000828900883789,0.000366777967429,-0.00153638096526,-0.0000246135350608,0.000856785394717,-0.00507353106514,0.0136629398912,-0.00645146286115,0.00245328200981,-0.000442185148131,0.000844125810545],[-0.000143224009662,0.000687477993779,0.000494500040077,-0.0018963960465,-0.00013338435383,0.000327292247675,-0.0011709688697,0.00311337900348,-0.00645146286115,0.014081212692,-0.00661730766296,0.00126861513127,-0.00126815319527],[0.0000696856441209,-0.000891277974006,-0.000584585766774,0.00151724391617,0.000209924197407,-0.000157357455464,0.000936705095228,-0.002187628299,0.00245328200981,-0.00661730766296,0.0143390139565,-0.00674241175875,0.00557494163513],[-0.0000904509142856,0.000061754246417,0.0000519795103173,-0.00032351637492,0.00023281761969,-0.00038430839777,-0.000762830022722,0.000160071838764,-0.000442185148131,0.00126861513127,-0.00674241175875,0.0185188706964,-0.00819841679186],[0.000100676290458,-0.000316600955557,-0.00035308371298,-0.000317520578392,-0.00108643050771,0.000871438765898,-0.000745955447201,-0.000586050678976,0.000844125810545,-0.00126815319527,0.00557494163513,-0.00819841679186,0.0171673595905]],"mean":[-644.785705566,88.0252151489,3.12683796883,22.562871933,16.4445858002,13.0319051743,5.60399484634,13.0364408493,1.70414757729,5.3402466774,0.79730206728,0.665771782398,-3.31462264061]},"pitch_salience":{"dmean":0.0881143808365,"dmean2":0.136902600527,"dvar":0.00712508754805,"dvar2":0.0165181867778,"max":0.869427502155,"mean":0.476686745882,"median":0.473364591599,"min":0.0702679529786,"var":0.0212039873004},"silence_rate_20dB":{"dmean":0,"dmean2":0,"dvar":0,"dvar2":0,"max":1,"mean":1,"median":1,"min":1,"var":0},"silence_rate_30dB":{"dmean":0.00716253463179,"dmean2":0.0143260555342,"dvar":0.00711162155494,"dvar2":0.0185270123184,"max":1,"mean":0.995041668415,"median":1,"min":0,"var":0.00493270950392},"silence_rate_60dB":{"dmean":0.0341597795486,"dmean2":0.0682553872466,"dvar":0.0329878889024,"dvar2":0.0746099352837,"max":1,"mean":0.0683837234974,"median":0,"min":0,"var":0.0637065842748},"spectral_centroid":{"dmean":333.309051514,"dmean2":515.101501465,"dvar":137409.84375,"dvar2":317549.1875,"max":6020.12841797,"mean":1762.54797363,"median":1648.84741211,"min":108.58644104,"var":659495.4375},"spectral_complexity":{"dmean":5.29132223129,"dmean2":7.67525291443,"dvar":37.3711891174,"dvar2":69.4207077026,"max":62,"mean":17.3625774384,"median":16,"min":0,"var":124.416023254},"spectral_contrast_coeffs":{"dmean":[0.0545200817287,0.0540945492685,0.0447563305497,0.0388843715191,0.0257567502558,0.021305102855],"dmean2":[0.0885125845671,0.0854655653238,0.0698499903083,0.0603832937777,0.0394072495401,0.0327741205692],"dvar":[0.00235960329883,0.00235266797245,0.00142099859659,0.00113250117283,0.000489014957566,0.000354038056685],"dvar2":[0.00573828537017,0.00516923470423,0.00316113303415,0.00259719369933,0.00105543027166,0.000806036929134],"max":[-0.246610432863,-0.348274379969,-0.406138122082,-0.492079168558,-0.5661470294,-0.598391115665],"mean":[-0.656562626362,-0.734806418419,-0.768364787102,-0.761140704155,-0.777860581875,-0.783588767052],"median":[-0.659911692142,-0.759707987309,-0.783246994019,-0.764090418816,-0.781292378902,-0.783471345901],"min":[-0.910653710365,-0.944353759289,-0.955319344997,-0.946394085884,-0.938961267471,-0.91837990284],"var":[0.00756765762344,0.0104109086096,0.00659366138279,0.00454871729016,0.00246727652848,0.00167781196069]},"spectral_contrast_valleys":{"dmean":[0.472388505936,0.532750844955,0.476703703403,0.493920922279,0.372233569622,0.429371237755],"dmean2":[0.748209059238,0.821678221226,0.708044171333,0.703357994556,0.492831796408,0.554598867893],"dvar":[0.177727296948,0.247221201658,0.199931964278,0.25147819519,0.121593043208,0.159327834845],"dvar2":[0.395889788866,0.568477272987,0.442654639482,0.548374772072,0.223198443651,0.296748697758],"max":[-5.10261201859,-4.26700687408,-5.18121528625,-5.22520542145,-5.15870809555,-7.586124897],"mean":[-7.49055099487,-7.45576143265,-7.7321100235,-7.82170152664,-7.53552436829,-9.63049602509],"median":[-7.243953228,-7.41322040558,-7.6567697525,-7.77139997482,-7.43164348602,-9.49334621429],"min":[-15.8070993423,-15.4544429779,-16.0018005371,-16.1426010132,-15.5646657944,-17.2894611359],"var":[1.37117171288,1.09437000751,1.04719614983,1.13763606548,0.938459277153,0.998902916908]},"spectral_decrease":{"dmean":2.69676414533e-9,"dmean2":4.20936574486e-9,"dvar":1.79874196143e-17,"dvar2":4.52518087648e-17,"max":-7.64703568243e-16,"mean":-6.21912388254e-9,"median":-4.98078689404e-9,"min":-5.44383773615e-8,"var":2.90776517712e-17},"spectral_energy":{"dmean":0.010855297558,"dmean2":0.0167071931064,"dvar":0.000282954308204,"dvar2":0.000698915566318,"max":0.217140391469,"mean":0.0256324764341,"median":0.0202621147037,"min":3.81372711189e-9,"var":0.000480120012071},"spectral_energyband_high":{"dmean":0.000666092382744,"dmean2":0.000929533969611,"dvar":0.00000115206637474,"dvar2":0.00000232483444051,"max":0.0295237805694,"mean":0.00125539058354,"median":0.000668025459163,"min":1.05764355607e-10,"var":0.00000282285873254},"spectral_energyband_low":{"dmean":0.00561235425994,"dmean2":0.00929309800267,"dvar":0.0000848150884849,"dvar2":0.000227248616284,"max":0.102468922734,"mean":0.0112336482853,"median":0.0102136693895,"min":8.20523982092e-10,"var":0.000123040066683},"spectral_energyband_middle_high":{"dmean":0.00274829356931,"dmean2":0.0040968558751,"dvar":0.0000177313704626,"dvar2":0.0000381360405299,"max":0.0762105286121,"mean":0.00585163990036,"median":0.00325596309267,"min":3.00063793257e-11,"var":0.0000526289259142},"spectral_energyband_middle_low":{"dmean":0.00527246110141,"dmean2":0.00842312723398,"dvar":0.000145282494486,"dvar2":0.000366025400581,"max":0.188177570701,"mean":0.00785428006202,"median":0.00297291693278,"min":5.30306423774e-11,"var":0.000159162547789},"spectral_entropy":{"dmean":0.197668224573,"dmean2":0.27294242382,"dvar":0.0355799719691,"dvar2":0.0662413015962,"max":8.95819377899,"mean":7.80385541916,"median":7.84398412704,"min":4.73381662369,"var":0.162562906742},"spectral_flux":{"dmean":0.0311493147165,"dmean2":0.046973079443,"dvar":0.00125069590285,"dvar2":0.00239348667674,"max":0.419987916946,"mean":0.085236184299,"median":0.0715560168028,"min":0.0000174681772478,"var":0.00305331964046},"spectral_kurtosis":{"dmean":1.22679638863,"dmean2":1.9331612587,"dvar":1.66368329525,"dvar2":4.10383176804,"max":28.6469860077,"mean":3.28856992722,"median":2.97244977951,"min":-1.08640599251,"var":4.47453355789},"spectral_rms":{"dmean":0.000980771030299,"dmean2":0.00144210306462,"dvar":0.00000138542986861,"dvar2":0.00000312381916956,"max":0.0145548712462,"mean":0.0045629455708,"median":0.0044461125508,"min":0.00000192891411643,"var":0.00000418685567638},"spectral_rolloff":{"dmean":822.207580566,"dmean2":1380.03210449,"dvar":1725931.875,"dvar2":4324313.5,"max":14534.9121094,"mean":2049.7512207,"median":1550.390625,"min":64.599609375,"var":4035519.25},"spectral_skewness":{"dmean":0.210991293192,"dmean2":0.325616568327,"dvar":0.0385206826031,"dvar2":0.0919163823128,"max":3.91621589661,"mean":1.37634515762,"median":1.36786067486,"min":-0.105513162911,"var":0.154349297285},"spectral_spread":{"dmean":982825.3125,"dmean2":1420995.5,"dvar":1021653876740,"dvar2":2144825901060,"max":13886030,"mean":5618275,"median":5265873,"min":1588601.125,"var":3675578957820},"spectral_strongpeak":{"dmean":0.55436360836,"dmean2":0.94494587183,"dvar":0.966598927975,"dvar2":2.40234565735,"max":13.5358123779,"mean":0.919444382191,"median":0.399051010609,"min":0,"var":1.53297102451},"zerocrossingrate":{"dmean":0.016288921237,"dmean2":0.018743859604,"dvar":0.00027653502184,"dvar2":0.000353517651092,"max":0.40478515625,"mean":0.0806023851037,"median":0.0703125,"min":0.0029296875,"var":0.00235648569651}},"metadata":{"audio_properties":{"analysis_sample_rate":44100,"bit_rate":0,"codec":"flac","downmix":"mix","equal_loudness":0,"length":337.14666748,"lossless":true,"md5_encoded":"3a4ff53d7e0969bbe4f7eff6dc183b0d","replay_gain":-4.8501739502},"tags":{"album":["London Calling"],"albumartist":["The Clash"],"albumartistsort":["Clash, The"],"albumsort":["London Calling (1991, Clash, The, f6d6db5e-0fe8-3ce2-8f18-4c5cf11f0571)"],"artist":["The Clash"],"artists":["The Clash"],"artistsort":["Clash, The"],"asin":["B000026AQ6"],"barcode":["5099746011420"],"catalognumber":["01-460114-10","460114 2","COL 460114 2"],"composer":["Danny Ray","Jackie Edwards"],"composersort":["Ray, Danny","Edwards, Jackie"],"date":["1991"],"discnumber":["1"],"disctotal":["1"],"engineer":["Bill Price"],"file_name":"18 - The Clash - Revolution Rock.flac","genre":["Punk"],"isrc":["GBBBN7902030"],"label":["Columbia"],"media":["CD"],"musicbrainz_albumartistid":["8f92558c-2baa-4758-8c38-615519e9deda"],"musicbrainz_albumid":["f6d6db5e-0fe8-3ce2-8f18-4c5cf11f0571"],"musicbrainz_artistid":["8f92558c-2baa-4758-8c38-615519e9deda"],"musicbrainz_recordingid":["3c933124-72de-42cc-b896-42e4f373ed2f"],"musicbrainz_releasegroupid":["8d73e45e-7ca1-3cb4-ae28-6da76196c17c"],"musicbrainz_releasetrackid":["4efe73d0-035e-3f2c-a45a-6806d189aa7c"],"musicbrainz_workid":["3808e519-818c-3cfb-8b85-9414059c4df4"],"musicip_puid":["bc80f940-09cb-58a9-7ae7-61f323f98b4b"],"originaldate":["1979-12-14"],"performer":["Paul Simonon (bass guitar)","Mick Jones (guitar and piano)","Joe Strummer (guitar and piano)","Topper Headon (drums)","Joe Strummer (guitar)","Mick Jones (guitars)","Paul Simonon (vocals)","Joe Strummer (vocals)","Topper Headon (drums and percussion)"],"producer":["Guy Stevens"],"releasecountry":["GB"],"releasestatus":["official"],"releasetype":["album"],"replaygain_album_gain":["-2.610000"],"replaygain_album_peak":["0.