{"lowlevel":{"average_loudness":0.893451988697,"barkbands":{"dmean":[0.000133838664624,0.00593917956576,0.00228652101941,0.00218440662138,0.00390369072556,0.000914252770599,0.000519897148479,0.000385746709071,0.000283768808004,0.000178525864612,0.000174924280145,0.000153166372911,0.000176101049874,0.000177892579813,0.000172029453097,0.000119481788715,0.000125411577756,0.000112002198875,0.0000707431026967,0.0000484662850795,0.0000144368268593,0.0000145908725244,0.0000167669568327,0.0000131881870402,0.0000151510148498,0.000021908988856,0.0000164001776284],"dmean2":[0.000207236647839,0.0104743633419,0.00395424477756,0.00360785447992,0.00643538590521,0.00140478846151,0.000791464815848,0.000520682311617,0.000386956555303,0.000238977634581,0.000243166403379,0.000218313463847,0.000254592654528,0.000260985660134,0.000260945875198,0.000171329666045,0.000186033386854,0.000159104602062,0.00010122294043,0.0000683190519339,0.0000203810650419,0.0000215522231883,0.0000242788610194,0.000020669258447,0.0000245117371378,0.0000374319824914,0.0000282763339783],"dvar":[1.67164671439e-7,0.000416809052695,0.0000275788261206,0.0000132476616272,0.0000318828606396,0.00000245672549681,0.00000122269057101,9.43713473589e-7,5.53824236249e-7,4.81482800296e-7,6.62456784539e-7,2.06325140084e-7,2.44630570023e-7,2.29871858437e-7,2.92791952461e-7,1.14760972281e-7,1.29685702177e-7,9.90821149571e-8,4.18925729662e-8,2.64602579847e-8,3.34725314133e-9,4.67700989049e-9,5.88574566862e-9,3.23020965531e-9,3.72520680969e-9,1.00785602086e-8,6.19658990786e-9],"dvar2":[3.80730398319e-7,0.00115655339323,0.0000778429457569,0.0000374422088498,0.0000936976794037,0.00000577762239118,0.0000028109093364,0.00000136327685141,9.36907724736e-7,8.03721775355e-7,0.00000132146601572,4.08057388768e-7,4.87978070396e-7,4.43009327e-7,7.10497431555e-7,2.40598467371e-7,2.76613803862e-7,1.84383921464e-7,8.35553066736e-8,5.27619796742e-8,6.06797367908e-9,9.51334300225e-9,1.1762151253e-8,6.71017730269e-9,8.78141115379e-9,2.58986077029e-8,1.60498050406e-8],"max":[0.0040030060336,0.198254331946,0.0703460201621,0.0762055292726,0.089889600873,0.0381825193763,0.0225903578103,0.0426051057875,0.0580836832523,0.0462747253478,0.0460568405688,0.0160724055022,0.0176730453968,0.0153215965256,0.017369646579,0.0101394336671,0.00874336902052,0.0169989988208,0.00705929193646,0.00564241083339,0.00273315701634,0.0027234966401,0.00475546391681,0.00292780948803,0.00223109964281,0.00138974096626,0.00111008901149],"mean":[0.000162668802659,0.0070444541052,0.00436814408749,0.00390642229468,0.00833312235773,0.0023213417735,0.00127526791766,0.0010246677557,0.000755956280045,0.000467387173558,0.000402385427151,0.000348467525328,0.000364048552001,0.000416265567765,0.00037510538823,0.000242159265326,0.000299101462588,0.000268439383944,0.000153168177349,0.0000879257568158,0.0000262634512183,0.0000232857928495,0.0000268409767159,0.0000164408484125,0.0000156945880008,0.0000162730902957,0.0000114722806757],"median":[0.0000151143613039,0.00394755555317,0.00227332185023,0.002221085364,0.00536989280954,0.00126248155721,0.000485737924464,0.000313055614242,0.000230707591982,0.000130578933749,0.0000698453513905,0.000113186419185,0.00011867289868,0.00010054543236,0.0000799008703325,0.0000605020322837,0.0000452024723927,0.000031897383451,0.0000218020759348,0.0000134659539981,0.00000344883392245,0.00000257250167124,0.00000311703661282,0.00000138314749165,9.89898353509e-7,2.70381889322e-7,1.17406067091e-7],"min":[4.57593997416e-11,7.69772356968e-10,1.64628449761e-11,6.64409083306e-11,3.99621058467e-10,1.14883512425e-10,3.29308941227e-11,1.027189514e-10,1.61902463658e-10,6.43369316156e-11,3.4181390357e-11,4.694933331e-11,1.00073262177e-10,8.07831787575e-11,1.19374538032e-10,1.47917872395e-10,1.83983814295e-10,1.73414130278e-10,3.67708502536e-10,4.57082538485e-10,4.82277939806e-10,7.9469925085e-10,6.82592427026e-10,7.53417217503e-10,1.31007926729e-9,1.39156342005e-9,1.59846913483e-9],"var":[1.8388904266e-7,0.000277500163065,0.0000312942320306,0.0000254585174844,0.0000838660125737,0.00000935335356189,0.00000472282499686,0.00000641831729808,0.00000441322799816,0.00000233809623751,0.00000329879208039,6.1654975525e-7,7.78493472353e-7,0.00000119575395274,0.00000119333344628,3.04554760078e-7,5.61015042422e-7,5.69037467812e-7,1.51015314032e-7,6.67652813036e-8,1.16701315278e-8,9.23069265468e-9,1.07620730105e-8,6.22000451145e-9,4.11766354347e-9,7.44046557699e-9,4.46603731774e-9]},"barkbands_crest":{"dmean":2.38088130951,"dmean2":3.97484254837,"dvar":6.15091609955,"dvar2":17.7481422424,"max":25.2244758606,"mean":10.6272144318,"median":10.0697994232,"min":2.87672042847,"var":13.127820015},"barkbands_flatness_db":{"dmean":0.0234604608268,"dmean2":0.0350669957697,"dvar":0.000722704513464,"dvar2":0.00149124779273,"max":0.462752014399,"mean":0.217732742429,"median":0.209441974759,"min":0.0244595836848,"var":0.00525382673368},"barkbands_kurtosis":{"dmean":4.2880525589,"dmean2":6.92944049835,"dvar":53.0894737244,"dvar2":133.467025757,"max":179.493133545,"mean":9.07142448425,"median":5.5222234726,"min":-1.78821444511,"var":178.233566284},"barkbands_skewness":{"dmean":0.537256896496,"dmean2":0.847349047661,"dvar":0.411323070526,"dvar2":1.04348635674,"max":10.1986780167,"mean":2.14198732376,"median":2.02941179276,"min":-0.879944324493,"var":1.54180383682},"barkbands_spread":{"dmean":3.22832918167,"dmean2":4.95526266098,"dvar":26.4984645844,"dvar2":56.7601356506,"max":114.496818542,"mean":12.2832832336,"median":8.30670261383,"min":0.52075111866,"var":183.357299805},"dissonance":{"dmean":0.0219394732267,"dmean2":0.0359868369997,"dvar":0.000447027909104,"dvar2":0.00117649976164,"max":0.49994713068,"mean":0.433859825134,"median":0.445885956287,"min":0.11843585968,"var":0.00258211395703},"dynamic_complexity":3.94804143906,"erbbands":{"dmean":[0.159712910652,1.38245725632,2.63208961487,4.78672504425,11.5600585938,14.892947197,8.03547477722,7.1177649498,8.17982769012,6.89609003067,9.18019104004,6.21992778778,6.58967399597,5.52499389648,5.49086475372,6.28711986542,6.78506183624,10.3186130524,6.02826309204,9.78476524353,6.3084526062,5.90876722336,6.23281526566,3.40145421028,3.70757985115,2.16998934746,0.699564635754,0.487036734819,0.484792023897,0.529823303223,0.497451364994,0.293619573116,0.224931508303,0.170236006379,0.110969938338,0.0716255754232,0.0417136773467,0.0154244452715,0.00283899134956,0.000168747268617],"dmean2":[0.278756350279,2.4613904953,4.62777709961,7.9869852066,18.8114700317,24.7057437897,12.542965889,10.9722471237,12.6527233124,10.3121442795,11.8236551285,8.31117630005,8.67668533325,7.35582828522,7.55050802231,9.03626537323,9.66906070709,15.0552520752,8.64377212524,14.7478437424,9.01971530914,8.50037002563,8.84774398804,4.71250772476,5.27571105957,2.97968888283,0.986555576324,0.694202661514,0.71270686388,0.77609115839,0.724181830883,0.43952858448,0.361473351717,0.271309912205,0.18279646337,0.120991684496,0.0715829357505,0.0265200752765,0.00491356803104,0.00028944175574],"dvar":[0.296545028687,22.8126335144,49.3134651184,59.2011375427,291.924102783,628.089477539,192.151611328,179.054870605,303.689147949,224.242935181,642.578491211,321.205108643,284.983337402,627.25982666,454.461364746,309.705108643,323.156494141,828.872192383,269.604705811,1124.41491699,346.00881958,288.926147461,300.049224854,77.9770278931,135.758895874,62.5282325745,5.68210601807,5.49702596664,7.26206731796,5.33392620087,5.32530212402,1.53290688992,1.07647514343,0.551570475101,0.187662482262,0.0954575315118,0.0384832583368,0.00547879515216,0.000187326528248,5.59934733246e-7],"dvar2":[0.809582233429,64.2464599609,139.188751221,164.160690308,805.570556641,1852.88684082,469.1953125,420.874694824,702.977905273,525.492675781,853.637023926,477.59487915,482.589935303,1038.29736328,846.103027344,607.408813477,680.213745117,1593.72192383,565.541564941,2763.71166992,713.578063965,593.801635742,567.404785156,138.443328857,274.756164551,117.93144989,10.8718271255,10.3922729492,15.1622810364,10.0259208679,11.1723928452,2.92319059372,2.37426567078,1.21897375584,0.464354395866,0.24262920022,0.099628187716,0.0142249707133,0.000486292410642,0.00000144895534504],"max":[4.92285728455,49.8918914795,83.0262527466,114.348068237,318.944641113,414.840515137,388.481536865,351.63192749,364.247161865,444.817626953,1164.16491699,1516.94287109,536.588745117,1573.2520752,1070.27355957,676.639709473,553.850769043,842.505859375,651.517944336,1215.89697266,675.395568848,475.602905273,774.015441895,322.702545166,329.310089111,302.860076904,125.247955322,85.6777648926,140.482131958,129.487594604,139.756530762,73.8501739502,49.1635246277,37.5860214233,7.70862388611,3.55373716354,2.90739750862,1.13545227051,0.176946207881,0.0102764852345],"mean":[0.17862187326,1.67707800865,4.98478937149,9.41747570038,22.582403183,29.5962429047,19.3234786987,17.9064159393,18.7400150299,18.1803436279,25.7226524353,17.1667327881,18.9727134705,14.2547092438,13.8090581894,15.3450622559,14.9862957001,24.841173172,14.4764881134,22.5400066376,14.6559448242,15.8570251465,16.1191959381,8.70032691956,7.84039115906,4.16117477417,1.34493565559,0.861368596554,0.728641629219,0.952720701694,0.751380264759,0.411843836308,0.252978354692,0.184357076883,0.107528649271,0.05780711025,0.0300723016262,0.0108815552667,0.00199640914798,0.000145582031109],"median":[0.0665035024285,1.03984642029,2.73426795006,6.42435932159,13.4516420364,16.9199047089,11.7110681534,9.28206348419,7.76131105423,7.9350028038,7.39428091049,5.9391746521,6.17098283768,4.24325084686,3.77093267441,5.60272073746,5.58666086197,6.72760772705,4.52356815338,4.75921964645,3.65771555901,2.65497779846,2.23316979408,1.40677046776,1.0400415659,0.668213486671,0.233535006642,0.112672202289,0.0812017172575,0.106684051454,0.0770618394017,0.04054107517,0.0171512272209,0.0109506221488,0.00599860120565,0.00171074212994,0.000422125682235,0.000111898953037,0.00003559270408,0.0000346172419086],"min":[1.85041741929e-8,1.08647981278e-7,5.26691330549e-8,1.24718354755e-7,0.00000110392841179,0.00000103041554667,0.00000124149119074,9.27644009607e-7,7.18561409485e-7,0.000001707020715,0.00000274447165793,0.00000398440761273,0.00000340085261996,0.00000218653372031,0.00000401867919209,0.00000464589084004,0.00000567990718991,0.00000690632532496,0.00000711602524461,0.00000957735392149,0.0000105286799226,0.0000109412840175,0.0000119260148495,0.0000135825948746,0.0000160577928909,0.0000206518470804,0.0000242997975874,0.0000189536058315,0.0000262067860604,0.0000157101803779,0.0000217316246562,0.0000139912262966,0.0000141942227856,0.0000135593381856,0.00000997181541607,0.00000540369455848,0.00000282418659481,0.00000108337167148,2.33020159612e-7,1.77751697805e-8],"var":[0.210984617472,14.5807733536,43.9295387268,104.679244995,810.154846191,1433.51318359,665.252319336,625.467712402,961.831054688,1023.62268066,4517.53515625,2540.92651367,1639.94177246,2991.60351562,2328.32958984,1046.72912598,870.661010742,4156.39941406,1020.95556641,5249.52441406,1049.05444336,1700.8013916,1755.0032959,435.399475098,445.06918335,160.251037598,19.314874649,14.907828331,12.6855726242,11.2958650589,9.25976753235,3.31125640869,1.75382363796,0.742275476456,0.167996540666,0.0732721984386,0.0278953816742,0.00394304469228,0.000134268062538,4.06197557368e-7]},"erbbands_crest":{"dmean":2.00033140182,"dmean2":3.13231039047,"dvar":3.70980858803,"dvar2":9.18850040436,"max":29.2633838654,"mean":9.45320606232,"median":8.37592411041,"min":2.39635372162,"var":16.961566925},"erbbands_flatness_db":{"dmean":0.0166594255716,"dmean2":0.0224273782223,"dvar":0.000376347801648,"dvar2":0.000601865875069,"max":0.397743701935,"mean":0.204600229859,"median":0.207525223494,"min":0.0376271493733,"var":0.00281321955845},"erbbands_kurtosis":{"dmean":1.11838686466,"dmean2":1.59255766869,"dvar":7.53079462051,"dvar2":9.72890090942,"max":207.946517944,"mean":2.1087975502,"median":-0.143094539642,"min":-1.82226681709,"var":157.274291992},"erbbands_skewness":{"dmean":0.328719705343,"dmean2":0.492781341076,"dvar":0.113898813725,"dvar2":0.235421806574,"max":10.1546878815,"mean":0.63570022583,"median":0.528602540493,"min":-2.67835640907,"var":1.42736279964},"erbbands_spread":{"dmean":5.94816207886,"dmean2":8.99247550964,"dvar":71.0753936768,"dvar2":154.314056396,"max":151.64630127,"mean":31.7449569702,"median":28.8052692413,"min":1.01960086823,"var":281.511932373},"gfcc":{"cov":[[15007.7285156,494.427581787,-2422.64013672,792.821228027,-6.38337373734,497.466827393,-441.75958252,-55.6992950439,-542.733886719,-736.757873535,-188.68006897,-86.5441665649,89.9589080811],[494.427581787,2284.16748047,-188.311325073,-384.847106934,514.709350586,-48.9218063354,244.494949341,-246.410354614,-7.75716686249,-188.638870239,-17.3038005829,-144.097412109,102.315170288],[-2422.64013672,-188.311325073,1391.18713379,-20.717300415,-5.64069509506,35.7545661926,113.807167053,79.0997161865,145.247543335,175.739776611,-1.49566113949,33.6960372925,-46.389465332],[792.821228027,-384.847106934,-20.717300415,556.53729248,-99.0459594727,38.1914024353,-61.0673370361,78.3475799561,15.3428487778,-10.65280056,26.3783855438,32.923084259,16.1260871887],[-6.38337373734,514.709350586,-5.64069509506,-99.0459594727,485.860809326,47.7088394165,121.527099609,-29.1534042358,-15.4518909454,-14.0539283752,-24.1153278351,-18.6014633179,74.4519042969],[497.466827393,-48.9218063354,35.7545661926,38.1914024353,47.7088394165,223.226318359,60.028213501,0.391006141901,-14.7709751129,-24.2666416168,0.435404419899,-7.73886680603,16.0851726532],[-441.75958252,244.494949341,113.807167053,-61.0673370361,121.527099609,60.028213501,234.966278076,-14.669508934,-4.75626945496,26.1972675323,20.2392978668,-8.17144584656,21.2194957733],[-55.6992950439,-246.410354614,79.0997161865,78.3475799561,-29.1534042358,0.391006141901,-14.669508934,207.805328369,42.9707565308,-14.8920507431,22.6711997986,33.926158905,-29.6246604919],[-542.733886719,-7.75716686249,145.247543335,15.3428487778,-15.4518909454,-14.7709751129,-4.75626945496,42.9707565308,176.418273926,77.1745529175,-4.99139785767,1.21736085415,-8.00605201721],[-736.757873535,-188.638870239,175.739776611,-10.65280056,-14.0539283752,-24.2666416168,26.1972675323,-14.8920507431,77.1745529175,217.029830933,28.4560852051,-4.38184356689,-0.458183318377],[-188.68006897,-17.3038005829,-1.49566113949,26.3783855438,-24.1153278351,0.435404419899,20.2392978668,22.6711997986,-4.99139785767,28.4560852051,123.376647949,24.4877662659,-28.3180160522],[-86.5441665649,-144.097412109,33.6960372925,32.923084259,-18.6014633179,-7.73886680603,-8.17144584656,33.926158905,1.21736085415,-4.38184356689,24.4877662659,94.5320968628,8.95056343079],[89.9589080811,102.315170288,-46.389465332,16.1260871887,74.4519042969,16.0851726532,21.2194957733,-29.6246604919,-8.00605201721,-0.458183318377,-28.3180160522,8.95056343079,99.3820266724]],"icov":[[0.000161993448273,-0.000168299520737,0.000235509040067,-0.000257092266111,0.0000712682522135,-0.000505908450577,0.000336525321472,-0.000188073739992,0.000408778258134,-0.000107021194708,0.000408289459301,-0.000172464948264,0.000243164613494],[-0.000168299520737,0.00142971600872,-0.000293921213597,0.000697578827385,-0.000950716086663,0.0014152652584,-0.00121914106421,0.00149790919386,-0.00168491969816,0.00214224169031,-0.00166471744888,0.00183358415961,-0.0011453210609],[0.000235509040067,-0.000293921213597,0.00128350721207,-0.000373257877072,0.000150276318891,-0.000963976082858,0.0000454033870483,-0.000563118082937,0.000242684182012,-0.000910537608434,0.00117051543202,-0.000850315554999,0.0010404480854],[-0.000257092266111,0.000697578827385,-0.000373257877072,0.00270496867597,0.0000255564136751,0.000570531236008,-0.000285990186967,-0.0000197389690584,-0.00116882275324,0.000906436296646,-0.00162632367574,0.000699103751685,-0.00177125527989],[0.0000712682522135,-0.000950716086663,0.000150276318891,0.0000255564136751,0.0034122869838,-0.00101558770984,-0.00037877340219,-0.00120076467283,0.00103502243292,-0.00116140639875,0.00108814646956,-0.000691703346092,-0.00123835320119],[-0.000505908450577,0.0014152652584,-0.000963976082858,0.000570531236008,-0.00101558770984,0.007354401052,-0.00294144591317,0.0015168604441,-0.00197149929591,0.00258522550575,-0.00231410539709,0.00236822012812,-0.001910506282],[0.000336525321472,-0.00121914106421,0.0000454033870483,-0.000285990186967,-0.00037877340219,-0.00294144591317,0.00714016938582,-0.00123688089661,0.00210270122625,-0.00205714651383,0.000177695488674,-0.000906299741473,0.000176873858436],[-0.000188073739992,0.00149790919386,-0.000563118082937,-0.0000197389690584,-0.00120076467283,0.0015168604441,-0.00123688089661,0.0078205447644,-0.00351082580164,0.00345454714261,-0.00234565115534,0.0000417096671299,0.000678797776345],[0.000408778258134,-0.00168491969816,0.000242684182012,-0.00116882275324,0.00103502243292,-0.00197149929591,0.00210270122625,-0.00351082580164,0.00996528565884,-0.00500648096204,0.00344152702019,-0.00179652497172,0.00163791398518],[-0.000107021194708,0.00214224169031,-0.000910537608434,0.000906436296646,-0.00116140639875,0.00258522550575,-0.00205714651383,0.00345454714261,-0.00500648096204,0.0100227976218,-0.00447281356901,0.00368745764717,-0.00272375531495],[0.000408289459301,-0.00166471744888,0.00117051543202,-0.00162632367574,0.00108814646956,-0.00231410539709,0.000177695488674,-0.00234565115534,0.00344152702019,-0.00447281356901,0.0129296127707,-0.00524402968585,0.00538983335719],[-0.000172464948264,0.00183358415961,-0.000850315554999,0.000699103751685,-0.000691703346092,0.00236822012812,-0.000906299741473,0.0000417096671299,-0.00179652497172,0.00368745764717,-0.00524402968585,0.015255718492,-0.0048970351927],[0.000243164613494,-0.0011453210609,0.0010404480854,-0.00177125527989,-0.00123835320119,-0.001910506282,0.000176873858436,0.000678797776345,0.00163791398518,-0.00272375531495,0.00538983335719,-0.0048970351927,0.0152919860557]],"mean":[-70.3849563599,149.174591064,-96.8005523682,19.1940116882,-34.742149353,-2.75482797623,-38.3356361389,-1.1786698103,-20.2116146088,-6.57793283463,-11.0868206024,-7.43249368668,-12.316608429]},"hfc":{"dmean":3.70022463799,"dmean2":5.51972579956,"dvar":35.1006889343,"dvar2":74.9193954468,"max":142.535949707,"mean":13.1175556183,"median":8.94559955597,"min":0.0000942200276768,"var":169.203643799},"melbands":{"dmean":[0.00155211577658,0.00153474532999,0.000974702183157,0.000986518920399,0.000334264419507,0.000164068813319,0.000121354751172,0.0000732461194275,0.0000732848857297,0.0000384403720091,0.00003344077777,0.0000221883528866,0.0000228039752983,0.0000174657216121,0.0000156571422849,0.0000168482674781,0.0000201843904506,0.0000100523975561,0.000011884727428,0.0000114491995191,0.00000755078599468,0.00000671968518873,0.00000685335635353,0.00000568706809645,0.0000026057375635,0.00000275019601759,0.00000266189863396,0.00000122206267861,4.54155127727e-7,3.79679818252e-7,2.59192006524e-7,2.65037698455e-7,3.29028239321e-7,2.89582771984e-7,3.08222411149e-7,2.43413040835e-7,1.59081295692e-7,1.51968592377e-7,1.66834411175e-7,1.41138059462e-7],"dmean2":[0.00273466319777,0.00270663294941,0.00160729105119,0.00163357320707,0.00053609861061,0.000253313599387,0.000187146477401,0.000108941669168,0.000094103772426,0.0000516710024385,0.00004417056698,0.0000297352326015,0.0000310110845021,0.000024934674002,0.0000226969714276,0.000024446819225,0.0000294110977848,0.0000143296592796,0.00001802895531,0.0000169732757058,0.000010814498637,0.00000970253131527,0.0000100666866274,0.00000800400357548,0.00000369561007574,0.00000392479478251,0.00000379928064831,0.00000171135798155,6.53053348287e-7,5.49020569451e-7,3.78050572181e-7,3.89429970937e-7,4.93850166094e-7,4.23462921617e-7,4.59013733689e-7,3.60919926834e-7,2.42262132133e-7,2.43297876068e-7,2.71242726058e-7,2.25160690093e-7],"dvar":[0.0000287389757432,0.0000210952821362,0.00000207785660677,0.00000218781042349,2.65370118768e-7,8.74661267858e-8,6.12235311337e-8,2.22469385136e-8,3.79686433405e-8,1.10951177135e-8,7.52066231513e-9,1.09602549259e-8,9.62494706158e-9,3.24434945576e-9,2.04783101587e-9,2.51878118362e-9,3.28152149898e-9,8.58182469532e-10,1.61333058024e-9,1.07630826474e-9,5.73467329179e-10,4.43285547158e-10,3.47751216712e-10,3.60882018713e-10,4.9424339621e-11,7.61247453962e-11,7.70925268068e-11,2.69035280165e-11,2.60315315311e-12,2.50213651881e-12,2.02653085285e-12,2.65925692924e-12,2.31372148003e-12,1.6328145433e-12,1.83365193689e-12,1.40286382771e-12,4.5997949373e-13,4.87168519501e-13,6.53028033124e-13,3.63305793869e-13],"dvar2":[0.0000790382182458,0.0000591526259086,0.0000057713791648,0.00000650790798318,6.94677794399e-7,2.04903557233e-7,1.40153048278e-7,5.19195531012e-8,5.0758501402e-8,1.73143792637e-8,1.26480284024e-8,1.81967934054e-8,1.86022752757e-8,6.04308736385e-9,4.69724170671e-9,5.06995334604e-9,6.17301454398e-9,1.76284986608e-9,3.82795750653e-9,2.52808463053e-9,1.20456411512e-9,9.50693634927e-10,7.22688797694e-10,6.24836793417e-10,9.20739318122e-11,1.49427470397e-10,1.61629445938e-10,5.30491865713e-11,5.09122865394e-12,4.67739909304e-12,4.28530301522e-12,5.55406024991e-12,4.98271823107e-12,3.12122419924e-12,3.80448623993e-12,2.99192918704e-12,9.08068488025e-13,1.08753186578e-12,1.47364726758e-12,8.16342436358e-13],"max":[0.0465019382536,0.0531058982015,0.0258217733353,0.0234905201942,0.0105729633942,0.0078475959599,0.00510370032862,0.00404184684157,0.00863119214773,0.00809679739177,0.00266156252474,0.00717293424532,0.00584281096235,0.00245096557774,0.00144546816591,0.00184874597471,0.00193216220941,0.00134794774931,0.00111563073006,0.00102842110209,0.000969745218754,0.000678869604599,0.000401206256356,0.0013588758884,0.000222023634706,0.000269753189059,0.000324358668877,0.000220497240662,0.000107323226985,0.0000621004219283,0.000062049148255,0.0000938006633078,0.0000726937287254,0.0000658765929984,0.0000719682793715,0.0000770228652982,0.0000377809446945,0.0000334948235832,0.0000377868564101,0.0000293605262414],"mean":[0.00178821850568,0.00251328083687,0.00201619206928,0.00199726340361,0.00079570064554,0.000413772650063,0.000285968068056,0.000190911174286,0.000201149770874,0.000103879443486,0.0000933746487135,0.0000552596284251,0.0000546557166672,0.0000391158246202,0.0000344276813848,0.0000360382546205,0.0000474514126836,0.0000222811049753,0.0000256548664765,0.0000254661499639,0.0000158988077601,0.000017105254301,0.000015154590983,0.0000139031681101,0.00000595433084527,0.00000566946982872,0.00000509282426719,0.00000214467422666,8.27441340334e-7,6.67604865612e-7,4.19435394861e-7,3.63219982091e-7,5.32860838121e-7,5.14123144058e-7,4.56122052128e-7,3.43536811442e-7,2.11712404052e-7,1.68640923448e-7,1.77120853095e-7,1.49378521996e-7],"median":[0.00088527915068,0.00164133950602,0.00144590926357,0.00123279844411,0.000496682769153,0.000213712235563,0.000123198376969,0.0000836472827359,0.0000522955560882,0.0000344254076481,0.0000292702006846,0.0000156674541358,0.0000111589642984,0.0000114377962745,0.0000128118308567,0.0000118859161375,0.0000115133007057,0.00000626460769126,0.00000522790378454,0.00000579747256779,0.00000340004044119,0.00000223318443204,0.00000219676576307,0.00000145971830534,9.73819851424e-7,6.98169401403e-7,6.25984057478e-7,3.150560417e-7,1.12106143035e-7,7.872111496e-8,4.78421853245e-8,3.39053372045e-8,4.75038035574e-8,5.69560469899e-8,4.47898784728e-8,2.74590057359e-8,1.96549816422e-8,1.00276231763e-8,8.45512726499e-9,8.10804312579e-9],"min":[3.55686979869e-10,6.6450234204e-11,3.99838356868e-11,1.04166508752e-10,4.47929089653e-11,2.24058081116e-11,9.63772811557e-12,1.59844585484e-11,2.07849553541e-11,2.17446095852e-11,1.65209061709e-11,6.97349079523e-12,1.06414521292e-11,5.63922346319e-12,9.07176157111e-12,6.88361910875e-12,1.07719970097e-11,1.12676803651e-11,9.03252472817e-12,8.70614517978e-12,9.82504876068e-12,1.02962994034e-11,1.07147580738e-11,8.74495441339e-12,1.09905444121e-11,1.13735141097e-11,1.45297506665e-11,1.31525779851e-11,1.45582226829e-11,1.11982229045e-11,1.16595743477e-11,1.47315389054e-11,8.08309322253e-12,9.66262920371e-12,1.43692436422e-11,7.4678527251e-12,9.08462888249e-12,8.34602179034e-12,1.30597789527e-11,1.12545771314e-11],"var":[0.0000196647233679,0.0000152886404976,0.00000441902284365,0.00000540936116522,8.75575210557e-7,3.20806321952e-7,2.10677285395e-7,1.01885312631e-7,2.72541996083e-7,8.43254639449e-8,4.21902228709e-8,5.23410470521e-8,5.48337659723e-8,9.71499236613e-9,4.57697257872e-9,8.59650306495e-9,1.77720789196e-8,3.29693738976e-9,6.06306471695e-9,4.61627047699e-9,1.53081547438e-9,2.66387734094e-9,1.32553534815e-9,2.46494802347e-9,2.21767867958e-10,2.44184061859e-10,2.22627513646e-10,5.67161109744e-11,9.54630905575e-12,7.19332883189e-12,4.32340925213e-12,4.23853703871e-12,4.62393404815e-12,3.19506552292e-12,3.2496063132e-12,2.40398217825e-12,9.97217824809e-13,8.25559510077e-13,9.05174318746e-13,4.52181640655e-13]},"melbands_crest":{"dmean":2.74667429924,"dmean2":4.53309202194,"dvar":6.85429525375,"dvar2":18.8958759308,"max":31.7375431061,"mean":14.4269628525,"median":13.9874372482,"min":4.61257839203,"var":18.6204414368},"melbands_flatness_db":{"dmean":0.0275822766125,"dmean2":0.0408964641392,"dvar":0.0010478241602,"dvar2":0.00208980613388,"max":0.616778075695,"mean":0.316884696484,"median":0.303689569235,"min":0.0407232008874,"var":0.00891035608947},"melbands_kurtosis":{"dmean":7.84826850891,"dmean2":12.8402729034,"dvar":194.544769287,"dvar2":510.167694092,"max":277.81463623,"mean":18.179479599,"median":12.7849912643,"min":-1.65115404129,"var":390.993743896},"melbands_skewness":{"dmean":0.653833448887,"dmean2":1.03013646603,"dvar":0.622161388397,"dvar2":1.546626091,"max":14.0193395615,"mean":2.97668457031,"median":2.86432266235,"min":-1.73272931576,"var":1.98070108891},"melbands_spread":{"dmean":3.21091008186,"dmean2":4.89032793045,"dvar":27.0178985596,"dvar2":57.0596122742,"max":146.046203613,"mean":11.6112775803,"median":7.99426031113,"min":0.604152202606,"var":132.464324951},"mfcc":{"cov":[[11985.265625,168.648605347,-1320.81286621,307.181396484,116.142044067,-71.3067169189,-84.909576416,384.991973877,-328.905822754,15.4036436081,-323.971435547,-420.370941162,-210.04234314],[168.648605347,2631.16162109,-269.710327148,-123.841522217,154.962005615,183.512084961,194.710128784,10.2478923798,75.1780166626,-27.8368911743,-47.3172416687,-110.909042358,-192.525527954],[-1320.81286621,-269.710327148,1007.21453857,83.9161529541,8.85370159149,70.8482208252,-25.5467147827,18.9721088409,55.6190643311,43.2642745972,65.9355163574,94.6063613892,71.9210205078],[307.181396484,-123.841522217,83.9161529541,374.000915527,73.0302505493,-10.9312829971,-15.8970813751,22.0262336731,14.1182126999,-2.36981129646,7.83216667175,12.4978551865,60.4281578064],[116.142044067,154.962005615,8.85370159149,73.0302505493,257.910430908,14.3615484238,13.796713829,49.1879425049,46.7535629272,16.7325820923,-3.91851449013,-13.2418785095,5.22449636459],[-71.3067169189,183.512084961,70.8482208252,-10.9312829971,14.3615484238,251.894683838,79.6157684326,-70.6665802002,74.3057022095,5.62496709824,4.14016485214,20.8405380249,-18.9961051941],[-84.909576416,194.710128784,-25.5467147827,-15.8970813751,13.796713829,79.6157684326,262.916320801,26.4321517944,1.6836258173,5.90087080002,-2.3681640625,-16.2120952606,-20.060426712],[384.991973877,10.2478923798,18.9721088409,22.0262336731,49.1879425049,-70.6665802002,26.4321517944,275.943267822,-48.0657730103,25.9340572357,-17.8720226288,-60.1698226929,13.3733167648],[-328.905822754,75.1780166626,55.6190643311,14.1182126999,46.7535629272,74.3057022095,1.6836258173,-48.0657730103,221.81199646,-1.90365982056,13.0860757828,26.568901062,-19.6500740051],[15.4036436081,-27.8368911743,43.2642745972,-2.36981129646,16.7325820923,5.62496709824,5.90087080002,25.9340572357,-1.90365982056,134.94203186,31.399187088,-9.2674331665,8.30509757996],[-323.971435547,-47.3172416687,65.9355163574,7.83216667175,-3.91851449013,4.14016485214,-2.3681640625,-17.8720226288,13.0860757828,31.399187088,127.014953613,45.2498893738,13.2310285568],[-420.370941162,-110.909042358,94.6063613892,12.4978551865,-13.2418785095,20.8405380249,-16.2120952606,-60.1698226929,26.568901062,-9.2674331665,45.2498893738,140.659393311,40.1056480408],[-210.04234314,-192.525527954,71.9210205078,60.4281578064,5.22449636459,-18.9961051941,-20.060426712,13.3733167648,-19.6500740051,8.30509757996,13.2310285568,40.1056480408,122.356330872]],"icov":[[0.000128583240439,0.0000237119620579,0.000161530129844,-0.00017355629825,-0.0000166679328686,-0.00016092567239,0.000122847312014,-0.000166281271959,0.000170071085449,-0.0000769679536461,0.000184578108019,0.000110255416075,0.000239290384343],[0.0000237119620579,0.000498760899063,0.000114179871161,0.0000628115158179,-0.000306164409267,-0.000310111558065,-0.000175127875991,-0.0000696168935974,0.0000212909053516,0.000107359570393,0.0000169865961652,0.000172919171746,0.000608801143244],[0.000161530129844,0.000114179871161,0.00139015819877,-0.00037640100345,0.0000410681277572,-0.000666309904773,0.000317439174978,-0.000568772607949,0.0000199201112991,-0.000347835273715,-0.0000535256695002,-0.00044625296141,0.000013587513422],[-0.00017355629825,0.0000628115158179,-0.00037640100345,0.00338142854162,-0.000873706245329,0.000280419393675,-0.000128030762426,0.000212903221836,-0.000406391103752,0.000477395456983,-0.000395604613004,0.000161734962603,-0.00171916233376],[-0.0000166679328686,-0.000306164409267,0.0000410681277572,-0.000873706245329,0.0047271871008,-0.0000484958254674,0.0000194749354705,-0.000848073977977,-0.00109973852523,-0.000534098537173,0.000161085030413,0.0000859218780533,-0.000402433477575],[-0.00016092567239,-0.000310111558065,-0.000666309904773,0.000280419393675,-0.0000484958254674,0.00587993580848,-0.0018333735643,0.0016435313737,-0.00155389448628,-0.000399977026973,0.000243121641688,-0.000446330785053,-0.000178709829925],[0.000122847312014,-0.000175127875991,0.000317439174978,-0.000128030762426,0.0000194749354705,-0.0018333735643,0.00469200173393,-0.000973769812845,0.000549336837139,-0.0000909809023142,-0.0000512472797709,0.000207593067898,0.000434081070125],[-0.000166281271959,-0.0000696168935974,-0.000568772607949,0.000212903221836,-0.000848073977977,0.0016435313737,-0.000973769812845,0.00508998148143,0.000332512776367,-0.00052456947742,0.0000336819321092,0.0017532017082,-0.00107970659155],[0.000170071085449,0.0000212909053516,0.0000199201112991,-0.000406391103752,-0.00109973852523,-0.00155389448628,0.000549336837139,0.000332512776367,0.00580658810213,0.0000295879108307,-0.00000311288158628,-0.000646231987048,0.00151655112859],[-0.0000769679536461,0.000107359570393,-0.000347835273715,0.000477395456983,-0.000534098537173,-0.000399977026973,-0.0000909809023142,-0.00052456947742,0.0000295879108307,0.00850403588265,-0.00262155081145,0.00143209798262,-0.000749784405343],[0.000184578108019,0.0000169865961652,-0.0000535256695002,-0.000395604613004,0.000161085030413,0.000243121641688,-0.0000512472797709,0.0000336819321092,-0.00000311288158628,-0.00262155081145,0.0100396182388,-0.00296411593445,0.000652581918985],[0.000110255416075,0.000172919171746,-0.00044625296141,0.000161734962603,0.0000859218780533,-0.000446330785053,0.000207593067898,0.0017532017082,-0.000646231987048,0.00143209798262,-0.00296411593445,0.0107299769297,-0.00298427115194],[0.000239290384343,0.000608801143244,0.000013587513422,-0.00171916233376,-0.000402433477575,-0.000178709829925,0.000434081070125,-0.00107970659155,0.00151655112859,-0.000749784405343,0.000652581918985,-0.00298427115194,0.0117632932961]],"mean":[-720.037841797,184.005142212,0.923678040504,27.984079361,17.8486919403,2.49737858772,-2.60582447052,1.63836288452,-9.57870864868,2.20602798462,-1.95397531986,-4.30297517776,-1.31908714771]},"pitch_salience":{"dmean":0.0640270933509,"dmean2":0.105410568416,"dvar":0.00404867716134,"dvar2":0.0110579682514,"max":0.820707678795,"mean":0.559120714664,"median":0.564043045044,"min":0.139679163694,"var":0.0100765060633},"silence_rate_20dB":{"dmean":0,"dmean2":0,"dvar":0,"dvar2":0,"max":1,"mean":1,"median":1,"min":1,"var":0},"silence_rate_30dB":{"dmean":0.0241621192545,"dmean2":0.0483305193484,"dvar":0.0235780868679,"dvar2":0.0600312910974,"max":1,"mean":0.982725024223,"median":1,"min":0,"var":0.0169766061008},"silence_rate_60dB":{"dmean":0.00337750068866,"dmean2":0.00675587868318,"dvar":0.00336612784304,"dvar2":0.00697021186352,"max":1,"mean":0.0540329925716,"median":0,"min":0,"var":0.0511136204004},"spectral_centroid":{"dmean":134.381256104,"dmean2":201.174453735,"dvar":46610.5703125,"dvar2":82606.2578125,"max":11612.3857422,"mean":703.102844238,"median":529.965454102,"min":154.868148804,"var":280302},"spectral_complexity":{"dmean":1.95921015739,"dmean2":3.03416919708,"dvar":5.07402992249,"dvar2":9.52160644531,"max":42,"mean":13.7387971878,"median":13,"min":0,"var":40.9974784851},"spectral_contrast_coeffs":{"dmean":[0.0476320013404,0.0361351668835,0.0309977773577,0.0306700412184,0.0250961966813,0.0166131351143],"dmean2":[0.077548712492,0.0583128854632,0.0486394092441,0.0484798103571,0.0374111458659,0.0250655654818],"dvar":[0.00173068512231,0.000946679152548,0.000755355809815,0.000930693699047,0.000634152151179,0.00028852649848],"dvar2":[0.00444972235709,0.0024470067583,0.00176569377072,0.0021404910367,0.0012194752926,0.000605655368418],"max":[-0.294700801373,-0.417766600847,-0.448418647051,-0.481210321188,-0.509311974049,-0.591372847557],"mean":[-0.603526413441,-0.693620145321,-0.7325938344,-0.731597602367,-0.746629416943,-0.79175144434],"median":[-0.608654737473,-0.698686718941,-0.734108567238,-0.728774905205,-0.749705255032,-0.793625533581],"min":[-0.96230083704,-0.948689520359,-0.96345615387,-0.96242171526,-0.96172940731,-0.958372354507],"var":[0.00925526674837,0.00514421472326,0.006136525888,0.0060173231177,0.00598603533581,0.00248064962216]},"spectral_contrast_valleys":{"dmean":[0.372607111931,0.276071429253,0.278768062592,0.298440277576,0.285016000271,0.282650828362],"dmean2":[0.580132067204,0.440287649632,0.439600616693,0.47301530838,0.418129742146,0.370578974485],"dvar":[0.184174925089,0.0871732532978,0.0927890092134,0.134172365069,0.131592482328,0.17927582562],"dvar2":[0.339080542326,0.16611237824,0.178753659129,0.27989423275,0.236816614866,0.252210199833],"max":[-4.64307498932,-4.78756713867,-5.46130752563,-6.39196062088,-6.09494066238,-7.48398542404],"mean":[-7.01819515228,-7.08614349365,-8.19616699219,-8.71706008911,-9.04476261139,-11.7651987076],"median":[-6.60736846924,-6.81552934647,-7.95394849777,-8.49063491821,-8.79233932495,-11.6830005646],"min":[-27.5147800446,-28.2472229004,-27.0830287933,-27.0883541107,-27.4775409698,-27.2910251617],"var":[1.93736696243,1.9115114212,1.72347390652,1.59062254429,1.5272384882,1.4743719101]},"spectral_decrease":{"dmean":3.19573589813e-9,"dmean2":5.33439559192e-9,"dvar":4.34680764919e-17,"dvar2":1.17263135339e-16,"max":-1.66653986482e-15,"mean":-8.36278868377e-9,"median":-7.14833037208e-9,"min":-8.06883306836e-8,"var":4.88681001278e-17},"spectral_energy":{"dmean":0.0123078143224,"dmean2":0.0204945392907,"dvar":0.000629935762845,"dvar2":0.00169764773455,"max":0.308370649815,"mean":0.0327529236674,"median":0.0279361158609,"min":1.48359404761e-8,"var":0.000728233717382},"spectral_energyband_high":{"dmean":0.000113911286462,"dmean2":0.000174423490535,"dvar":1.53792612423e-7,"dvar2":3.37363786684e-7,"max":0.014676084742,"mean":0.000159575312864,"median":0.0000249881832133,"min":7.59627649671e-9,"var":2.40572802568e-7},"spectral_energyband_low":{"dmean":0.00831844564527,"dmean2":0.0143292117864,"dvar":0.00058689515572,"dvar2":0.00159135565627,"max":0.254364222288,"mean":0.0133710224181,"median":0.00936563313007,"min":1.49793533133e-9,"var":0.000449667568319},"spectral_energyband_middle_high":{"dmean":0.0008692110423,"dmean2":0.00116627465468,"dvar":0.00000306423612528,"dvar2":0.00000504140325575,"max":0.0661639794707,"mean":0.00326659856364,"median":0.00146058143582,"min":2.27621255178e-9,"var":0.0000280022049992},"spectral_energyband_middle_low":{"dmean":0.00584389269352,"dmean2":0.00947050191462,"dvar":0.0000536947336514,"dvar2":0.000150316860527,"max":0.114668630064,"mean":0.0178554318845,"median":0.014317151159,"min":2.13577910912e-9,"var":0.000201632734388},"spectral_entropy":{"dmean":0.195321634412,"dmean2":0.291191130877,"dvar":0.0527598299086,"dvar2":0.101828411222,"max":9.78652763367,"mean":6.63718032837,"median":6.64996385574,"min":4.64352464676,"var":0.377170532942},"spectral_flux":{"dmean":0.028061227873,"dmean2":0.0449628978968,"dvar":0.00199701311067,"dvar2":0.00427829939872,"max":0.487564206123,"mean":0.0738650932908,"median":0.0606028102338,"min":0.000107454841782,"var":0.00348949572071},"spectral_kurtosis":{"dmean":5.94176101685,"dmean2":9.8404712677,"dvar":63.3533706665,"dvar2":159.304946899,"max":162.81137085,"mean":16.9355354309,"median":11.1477918625,"min":-1.16767501831,"var":316.426391602},"spectral_rms":{"dmean":0.000902381318156,"dmean2":0.00144725048449,"dvar":0.00000198644556804,"dvar2":0.00000502369493915,"max":0.0173450112343,"mean":0.00521360756829,"median":0.00522060785443,"min":0.00000380448273063,"var":0.00000477234334539},"spectral_rolloff":{"dmean":215.409011841,"dmean2":361.499176025,"dvar":291270.65625,"dvar2":695087.75,"max":15848.4375,"mean":815.754882812,"median":452.197265625,"min":86.1328125,"var":1841042.875},"spectral_skewness":{"dmean":0.47632214427,"dmean2":0.772682487965,"dvar":0.2753264606,"dvar2":0.652520477772,"max":11.034491539,"mean":2.78028512001,"median":2.45769000053,"min":-0.088948123157,"var":1.81305921078},"spectral_spread":{"dmean":508026.71875,"dmean2":735511.5625,"dvar":991038078976,"dvar2":1736074985470,"max":39812172,"mean":3109681.75,"median":2639699.5,"min":645292,"var":3594869800960},"spectral_strongpeak":{"dmean":0.338911384344,"dmean2":0.579181611538,"dvar":0.403813093901,"dvar2":0.998439192772,"max":15.7912950516,"mean":0.722692966461,"median":0.451340913773,"min":0,"var":0.984159946442},"zerocrossingrate":{"dmean":0.00637150555849,"dmean2":0.00788291636854,"dvar":0.000102124307887,"dvar2":0.00013580727682,"max":0.34814453125,"mean":0.032723467797,"median":0.0244140625,"min":0.00341796875,"var":0.00113893125672}},"metadata":{"audio_properties":{"analysis_sample_rate":44100,"bit_rate":0,"codec":"flac","downmix":"mix","equal_loudness":0,"length":178.746673584,"lossless":true,"md5_encoded":"ffc855c33016a06b99fcaf8f34455229","replay_gain":-0.251892089844},"tags":{"album":["Breakfast in America"],"albumartist":["Supertramp"],"albumartistsort":["Supertramp"],"albumsort":["Breakfast in America (1985, Supertramp, 2bce1651-d6d0-388f-90bb-fb6fe5d13a91)"],"artist":["Supertramp"],"artists":["Supertramp"],"artistsort":["Supertramp"],"barcode":["075021370821"],"catalognumber":["CD-3708"],"composer":["Roger Hodgson","Rick Davies"],"composersort":["Hodgson, Roger","Davies, Rick"],"date":["1985"],"discnumber":["1"],"disctotal":["1"],"engineer":["Lenise Bent","Jeff Harris","Peter Henderson","Russel Pope"],"file_name":"09 - Supertramp - Casual Conversations.flac","genre":["Progressive Rock"],"isrc":["USUM71021499"],"label":["A&M Records"],"lyricist":["Roger Hodgson","Rick Davies"],"media":["CD"],"musicbrainz_albumartistid":["d2ff6b6b-fc30-48dc-8952-06f9d8fc64f8"],"musicbrainz_albumid":["2bce1651-d6d0-388f-90bb-fb6fe5d13a91"],"musicbrainz_artistid":["d2ff6b6b-fc30-48dc-8952-06f9d8fc64f8"],"musicbrainz_recordingid":["3cb137de-ca2d-4256-b6a5-a0b1803f9f31"],"musicbrainz_releasegroupid":["d584f7e7-55b4-39a1-87e9-af3b86773132"],"musicbrainz_releasetrackid":["c39a2fe2-a111-3798-bbfc-edabb03996c9"],"musicbrainz_workid":["72c1e2bb-8ebb-3604-a12e-edcbedc08728"],"musicip_puid":["3a6969c9-c1a5-8bad-45da-e1d426593769"],"originaldate":["1979"],"performer":["John Helliwell (woodwind)","Bob Siebenberg (drums)","Roger Hodgson (guitars and keyboard)","Dougie Thomson (bass)","Rick Davies (keyboard)","Roger Hodgson (vocals)","Rick Davies (vocals)","Dick Hyde (guest trombone and tuba)"],"producer":["Peter Henderson","Supertramp"],"releasecountry":["CA"],"releasestatus":["official"