{"lowlevel":{"average_loudness":0.82679104805,"barkbands":{"dmean":[0.0000173287317011,0.00123793154489,0.00116304389667,0.00060957740061,0.00108482770156,0.000626503722742,0.000625262444373,0.000304561079247,0.000435168360127,0.000154085151735,0.000601765350439,0.000291652366286,0.000362613267498,0.000562439963687,0.000668787164614,0.000768753350712,0.000947157037444,0.000346847809851,0.000214978426811,0.0001084204996,0.0000407887855545,0.00002481725096,0.0000206504300877,0.00001583874473,0.00000617905607214,0.00000157489466801,2.96629536933e-7],"dmean2":[0.000026708779842,0.00194547104184,0.00201821979135,0.0010718384292,0.00185448187403,0.000998692004941,0.00105071987491,0.000501306145452,0.000678637123201,0.000254831858911,0.00095402461011,0.000423763733124,0.000576899910811,0.000915156153496,0.00107720913365,0.00123512046412,0.00153346569277,0.000562022149097,0.000343811581843,0.00017136191309,0.0000655918847769,0.00003678815483,0.0000287218135782,0.0000235493080254,0.00000901498333405,0.00000233577748077,4.93421680403e-7],"dvar":[1.81981363312e-9,0.00000646860416964,0.00000849568459671,0.00000144420607739,0.00000227259147323,6.4676112288e-7,8.65834351771e-7,1.72439456492e-7,0.00000113665350909,7.77540378749e-8,0.00000104548689706,2.65856215265e-7,4.48682413889e-7,6.09512426308e-7,0.00000147707748965,0.00000136274752549,0.0000030124983823,3.21659427982e-7,1.11430153993e-7,5.25586258959e-8,7.48548512064e-9,5.85659964969e-9,1.35012294677e-8,1.47882497359e-8,1.98085703396e-9,6.41703010174e-11,1.75962347991e-12],"dvar2":[4.16384260404e-9,0.0000139460771607,0.0000238063239522,0.00000407681727665,0.00000632057435723,0.00000160822685302,0.0000023475515718,4.41411344809e-7,0.0000025909228043,1.87327373169e-7,0.00000267093605544,5.64776996725e-7,0.00000106696802504,0.00000146481045249,0.00000378101640308,0.000003306068038,0.00000785695738159,8.1487934267e-7,2.76437049251e-7,1.21745657111e-7,1.86726651918e-8,1.22737873198e-8,2.41322251071e-8,3.04637417514e-8,4.08938882757e-9,1.35885108721e-10,4.67145983354e-12],"max":[0.000513912294991,0.030219912529,0.086623698473,0.0367684364319,0.0333377718925,0.0139766931534,0.0205693393946,0.00871726032346,0.0270747635514,0.00970950163901,0.0296777430922,0.017580550164,0.0215167757124,0.0173209905624,0.0205673668534,0.0318931080401,0.0555613674223,0.0211701150984,0.00748308561742,0.00808853376657,0.00312677887268,0.00242132088169,0.00445003574714,0.00575034087524,0.00185317918658,0.00058053288376,0.0000452092208434],"mean":[0.0000159269620781,0.00137792201713,0.00141543650534,0.000723705568817,0.0021260518115,0.00153128884267,0.00114909815602,0.000605624576565,0.000863563385792,0.000281186337816,0.00141883036122,0.000624620297458,0.000682449724991,0.0010112732416,0.0011114400113,0.00138170190621,0.00191649631597,0.000786924676504,0.000527674041223,0.000277317361906,0.000103130405478,0.0000558734500373,0.0000401854340453,0.0000305205430777,0.0000106572606455,0.00000223391157306,3.33326880764e-7],"median":[0.0000019564233753,0.000384404178476,0.000663379847538,0.000329411384882,0.00163097470067,0.00121454324108,0.000791861559264,0.000405866769142,0.000298844272038,0.000182700547157,0.000816433632281,0.00029242382152,0.000349632668076,0.00067183811916,0.000598812359385,0.000855442835018,0.00102909700945,0.000501626054756,0.000305929745082,0.000139619995025,0.0000505448042531,0.0000210009748116,0.0000083908871602,0.00000240306212618,7.78699813964e-7,1.30920511765e-7,1.7278534159e-8],"min":[6.56966148149e-11,9.83835096724e-11,6.52488479913e-11,6.463212604e-11,1.55334689556e-10,1.36435293618e-10,1.03749654701e-10,6.34416061351e-11,3.79096927461e-11,4.91559466742e-11,1.56965801468e-10,4.20988049976e-10,6.30893837172e-10,9.36684285691e-10,3.33745298065e-9,1.1426492641e-8,2.11864108479e-8,1.80994792487e-8,2.97196356414e-9,2.98054136927e-9,7.58942630963e-10,1.42822101368e-10,9.8906161039e-11,8.97082685913e-11,7.95284116339e-11,8.18223266918e-11,8.4842778636e-11],"var":[1.83109938323e-9,0.0000079588871813,0.00000969568372966,0.0000016139276795,0.00000459457260149,0.00000208756932807,0.00000167318603417,4.27503891842e-7,0.00000358301940651,1.54812838105e-7,0.00000339217331202,9.68653694144e-7,0.00000126944587464,0.00000125347366975,0.00000221360846808,0.00000279653090729,0.00000831880970509,8.67884068612e-7,3.7418408283e-7,1.99358012765e-7,2.50639917709e-8,1.52599319847e-8,3.80312350501e-8,3.84045044655e-8,4.63987914756e-9,1.39747172168e-10,2.41410190449e-12]},"barkbands_crest":{"dmean":1.91806578636,"dmean2":3.19709300995,"dvar":2.9777545929,"dvar2":7.85661649704,"max":20.6430282593,"mean":6.88680791855,"median":6.25769233704,"min":2.46634292603,"var":7.05175113678},"barkbands_flatness_db":{"dmean":0.0129587715492,"dmean2":0.0200241040438,"dvar":0.00014239102893,"dvar2":0.00031612534076,"max":0.275344312191,"mean":0.139924734831,"median":0.140403628349,"min":0.0365606769919,"var":0.00116573937703},"barkbands_kurtosis":{"dmean":0.767440319061,"dmean2":1.24532186985,"dvar":1.40512108803,"dvar2":3.57236504555,"max":29.9210891724,"mean":0.0157558396459,"median":-0.752422332764,"min":-1.91238033772,"var":5.24416637421},"barkbands_skewness":{"dmean":0.337836235762,"dmean2":0.532985687256,"dvar":0.0817761644721,"dvar2":0.201014742255,"max":3.45489096642,"mean":0.0434368103743,"median":0.185237139463,"min":-4.47978639603,"var":0.92259144783},"barkbands_spread":{"dmean":3.70800638199,"dmean2":5.74292850494,"dvar":11.4965057373,"dvar2":25.786863327,"max":74.19190979,"mean":23.5182533264,"median":23.4472103119,"min":2.42090582848,"var":64.3956604004},"dissonance":{"dmean":0.00929965917021,"dmean2":0.0159515887499,"dvar":0.000103046346339,"dvar2":0.000264311762294,"max":0.500000119209,"mean":0.485250145197,"median":0.488764464855,"min":0,"var":0.000174185755895},"dynamic_complexity":1.91244196892,"erbbands":{"dmean":[0.0314628072083,0.316654413939,1.20113348961,1.65596473217,2.6583814621,4.4372215271,5.14373826981,5.81754827499,6.87007522583,11.9892177582,4.67724704742,8.86457443237,8.21810436249,8.22497272491,23.52277565,8.91110229492,11.1155166626,22.9728908539,38.8922805786,26.9362850189,49.3371162415,50.7919044495,19.582818985,15.135884285,7.62013435364,4.91712999344,2.47506451607,1.00460481644,1.02507615089,0.572641849518,0.635684728622,0.426367074251,0.221018105745,0.0995944961905,0.0268375314772,0.00866322685033,0.0027665621601,0.000425227248343,0.0000511210637342,0.00000812009784568],"dmean2":[0.0480040684342,0.513688087463,2.09815955162,2.89795589447,4.73131990433,7.44903993607,8.42374420166,9.10642242432,11.6078596115,20.3282909393,7.37629127502,14.2401351929,12.7802257538,12.9380016327,36.849407196,13.6745977402,17.8606586456,36.9689674377,61.7705917358,43.2464256287,78.7605743408,82.133026123,31.5802192688,24.5428829193,12.322019577,7.71990919113,4.02113389969,1.54799127579,1.53297924995,0.838723123074,0.892900109291,0.620713889599,0.33197876811,0.148776322603,0.0375857204199,0.0123785343021,0.00426171021536,0.000683892110828,0.0000840601715026,0.0000127404982777],"dvar":[0.00530547229573,0.424684286118,8.77456569672,12.1696052551,18.2720394135,42.7174263,44.7567749023,65.0886230469,92.4605865479,357.08883667,39.725025177,385.785369873,362.146636963,201.334976196,1327.11242676,334.548492432,387.895446777,1112.38391113,4623.39599609,1815.97045898,5772.03955078,9645.1796875,1037.49023438,605.79510498,175.775848389,118.653991699,28.7963504791,5.45525598526,9.89231777191,5.04950284958,14.9441862106,9.19776535034,3.19317388535,0.590717673302,0.0278025045991,0.00267757498659,0.000164633893291,0.00000287666352961,4.49532251423e-8,2.38388114804e-10],"dvar2":[0.0112588731572,1.01623928547,24.8002929688,34.4787445068,53.7416687012,113.874862671,117.773719788,154.312820435,257.462615967,952.851013184,93.0248947144,936.922302246,805.028625488,477.995574951,3435.09399414,806.936279297,892.9453125,2683.27807617,10974.9277344,4329.92578125,13909.1748047,25196.1445312,2660.17749023,1538.5246582,427.79284668,260.344726562,72.2711410522,12.2271404266,20.8768386841,9.64333438873,27.861989975,17.9433174133,6.85218334198,1.25845098495,0.0499030984938,0.00522330729291,0.0003786830639,0.00000735776438887,1.19092945283e-7,6.10665240597e-10],"max":[0.882028281689,8.53737163544,89.6398086548,98.5564117432,97.9238967896,128.484848022,97.1364746094,156.402404785,186.95980835,363.608703613,181.32371521,537.908630371,517.216003418,458.206848145,924.807617188,708.491394043,740.870910645,908.147216797,1346.02197266,1012.48590088,2353.97875977,3539.94897461,1089.45678711,781.530761719,322.037780762,442.703979492,195.715118408,80.9736862183,120.250526428,81.1327438354,151.138214111,138.441452026,82.1209716797,30.0647029877,10.5079650879,4.22366905212,0.758314430714,0.0517682470381,0.007541697938,0.00053354294505],"mean":[0.0308026373386,0.355083465576,1.41686403751,2.25150585175,3.88891029358,8.13345050812,10.6862001419,13.6294612885,13.893116951,20.2612915039,10.8723983765,17.7655963898,17.0301532745,20.7934837341,58.3417396545,21.539018631,24.234457016,47.138999939,65.767829895,54.6959381104,94.794380188,106.487930298,48.6342506409,36.654335022,20.4472637177,13.0716152191,6.65678930283,2.60842752457,2.24982905388,1.28349137306,1.19083750248,0.814276814461,0.407503455877,0.169310316443,0.0477106794715,0.0140949627385,0.00347002106719,0.000528846867383,0.000067770073656,0.000028335090974],"median":[0.00541643518955,0.117500126362,0.649477958679,1.20982670784,2.3430981636,5.32880115509,8.03856086731,9.64434146881,11.1685581207,12.9763336182,7.13796043396,7.64635562897,7.89153385162,12.2838869095,38.4484558105,12.507270813,14.8287115097,30.6113586426,38.9786605835,34.2006988525,60.5285720825,57.4894104004,30.9613304138,22.0586929321,11.0579910278,6.87287521362,3.13663721085,1.39627027512,0.848976075649,0.388477027416,0.232781887054,0.0767682641745,0.030438516289,0.0125780254602,0.00336063257419,0.000906636647414,0.000198995592655,0.0000306545043713,0.0000161936550285,0.0000239167529799],"min":[3.58841290016e-9,1.99837550952e-8,6.72200570762e-8,1.61921533959e-7,3.21840161632e-7,5.56010263608e-7,8.56253507209e-7,0.00000118265108995,0.00000144706723404,0.00000151753727096,0.00000128916542508,8.87910346137e-7,0.00000101945420283,0.00000320874869431,0.00000918518526305,0.0000187342902791,0.000028428468795,0.00004174638525,0.000102888174297,0.000323112501064,0.000774448679294,0.00120772817172,0.00108550209552,0.000432002707385,0.0000820286222734,0.000145863654325,0.0000703121477272,0.0000161001080414,0.00000550752929485,0.00000288134924631,0.000002725855893,0.00000182919063718,0.00000149672882799,8.90523949693e-7,5.87032388921e-7,3.18108931197e-7,1.53167292183e-7,5.5153936529e-8,1.17119203225e-8,1.29147614825e-9],"var":[0.0059132790193,0.478413909674,9.58504104614,14.7168502808,25.6414165497,87.5027694702,104.976112366,211.52520752,174.989959717,619.971008301,140.864562988,1145.90515137,1110.32849121,732.829162598,4392.83642578,1091.21447754,1215.06396484,2980.47680664,6990.16064453,3959.08520508,12393.7871094,26182.0898438,3432.01367188,1777.22167969,689.524414062,461.08013916,115.02822876,16.0485553741,24.779624939,14.7180156708,39.2841911316,24.7632827759,7.68234539032,1.31564044952,0.0776037722826,0.0070354891941,0.000274367193924,0.00000426679071097,6.12415504975e-8,4.6696813083e-10]},"erbbands_crest":{"dmean":2.52401328087,"dmean2":4.1551361084,"dvar":5.28851032257,"dvar2":13.5221242905,"max":30.2102928162,"mean":9.00533676147,"median":8.14098358154,"min":2.63039708138,"var":13.7124814987},"erbbands_flatness_db":{"dmean":0.0155397234485,"dmean2":0.022678591311,"dvar":0.00022071757121,"dvar2":0.000435361085692,"max":0.397031515837,"mean":0.223396390676,"median":0.222500413656,"min":0.0807050913572,"var":0.00251683569513},"erbbands_kurtosis":{"dmean":0.955101013184,"dmean2":1.54222238064,"dvar":1.70448660851,"dvar2":4.42649316788,"max":34.1197052002,"mean":1.23594975471,"median":0.109217762947,"min":-1.64064192772,"var":9.8553647995},"erbbands_skewness":{"dmean":0.294515669346,"dmean2":0.463333666325,"dvar":0.0607539303601,"dvar2":0.146962627769,"max":1.53806447983,"mean":-0.724308550358,"median":-0.614248514175,"min":-4.01044034958,"var":0.462958365679},"erbbands_spread":{"dmean":4.16467952728,"dmean2":6.54574966431,"dvar":14.9354515076,"dvar2":35.6850624084,"max":80.5840682983,"mean":23.6943626404,"median":23.2744483948,"min":1.97759783268,"var":112.015586853},"gfcc":{"cov":[[2203.81640625,-568.139038086,800.049499512,-12.2613229752,-331.941650391,451.755401611,-315.474151611,181.821853638,-93.3933334351,170.802810669,-19.956111908,200.732437134,13.3183603287],[-568.139038086,1035.30456543,-51.7671356201,-215.120223999,252.085662842,-107.096458435,193.80696106,-107.606307983,48.2068481445,-43.8733558655,33.1706848145,-40.5818977356,-8.87474155426],[800.049499512,-51.7671356201,811.087585449,-0.981614112854,-157.843322754,296.683502197,-153.109283447,93.4527740479,-41.2145690918,149.873779297,-27.9528503418,125.10723877,-22.2092437744],[-12.2613229752,-215.120223999,-0.981614112854,292.350982666,-6.30663299561,-34.3720474243,-23.1252174377,20.0337944031,31.2508850098,-3.31322336197,19.0785961151,-13.7872056961,20.6487789154],[-331.941650391,252.085662842,-157.843322754,-6.30663299561,251.840408325,-106.110786438,123.240158081,-35.2283935547,26.5621891022,-22.3680152893,-0.589711785316,-11.0048007965,-9.86756324768],[451.755401611,-107.096458435,296.683502197,-34.3720474243,-106.110786438,257.891662598,-62.4971122742,64.9996337891,-17.8958835602,58.8218765259,-1.60722732544,45.1827163696,-6.55252075195],[-315.474151611,193.80696106,-153.109283447,-23.1252174377,123.240158081,-62.4971122742,162.323638916,-17.5200271606,19.2041893005,-24.1671352386,3.97844934464,-20.8621444702,-8.65571403503],[181.821853638,-107.606307983,93.4527740479,20.0337944031,-35.2283935547,64.9996337891,-17.5200271606,95.3258209229,19.0284366608,16.6131877899,0.00712709501386,14.9705467224,-3.74897503853],[-93.3933334351,48.2068481445,-41.2145690918,31.2508850098,26.5621891022,-17.8958835602,19.2041893005,19.0284366608,77.7670135498,8.24070930481,14.5364351273,-16.4566745758,3.24260258675],[170.802810669,-43.8733558655,149.873779297,-3.31322336197,-22.3680152893,58.8218765259,-24.1671352386,16.6131877899,8.24070930481,95.0043411255,5.88178539276,36.5242881775,0.392495959997],[-19.956111908,33.1706848145,-27.9528503418,19.0785961151,-0.589711785316,-1.60722732544,3.97844934464,0.00712709501386,14.5364351273,5.88178539276,51.313041687,5.2185921669,9.73416805267],[200.732437134,-40.5818977356,125.10723877,-13.7872056961,-11.0048007965,45.1827163696,-20.8621444702,14.9705467224,-16.4566745758,36.5242881775,5.2185921669,89.540977478,13.6784744263],[13.3183603287,-8.87474155426,-22.2092437744,20.6487789154,-9.86756324768,-6.55252075195,-8.65571403503,-3.74897503853,3.24260258675,0.392495959997,9.73416805267,13.6784744263,48.7326278687]],"icov":[[0.00113729317673,0.000145331083331,-0.000239193221205,0.0000933586998144,0.000028590351576,-0.000838975596707,0.00111345632467,-0.000932587310672,0.000673179223668,-0.000290769559797,0.0000520964313182,-0.00102633237839,-0.000178691450856],[0.000145331083331,0.00371912843548,-0.00324885104783,0.00334064732306,-0.00241998536512,0.00130722660106,-0.00280438363552,0.00356137519702,-0.00305392919108,0.00341973500326,-0.00446894997731,0.00290027074516,-0.00254264078103],[-0.000239193221205,-0.00324885104783,0.00640026060864,-0.00353295379318,0.00213867123239,-0.00351452012546,0.00379549292848,-0.00354595389217,0.00321585917845,-0.00577803468332,0.00586764374748,-0.0049605066888,0.00430221483111],[0.0000933586998144,0.00334064732306,-0.00353295379318,0.00708962185308,-0.00236499891616,0.00242375466041,-0.00180091767106,0.00207174639218,-0.00373434391804,0.00350207649171,-0.00545169087127,0.00388620933518,-0.00412626937032],[0.000028590351576,-0.00241998536512,0.00213867123239,-0.00236499891616,0.00904375314713,0.000791933620349,-0.00284176133573,-0.000974887341727,0.000143636614666,-0.00223943218589,0.00398506596684,-0.00408871704713,0.00324630714022],[-0.000838975596707,0.00130722660106,-0.00351452012546,0.00242375466041,0.000791933620349,0.00946436449885,-0.00268618948758,-0.00111132126767,-0.000674636568874,0.000870465184562,-0.00339649850503,0.00255473982543,-0.00129177456256],[0.00111345632467,-0.00280438363552,0.00379549292848,-0.00180091767106,-0.00284176133573,-0.00268618948758,0.0145421158522,-0.0045635397546,0.00266323261894,-0.00310468813404,0.00307147810236,-0.00308267166838,0.00307260570116],[-0.000932587310672,0.00356137519702,-0.00354595389217,0.00207174639218,-0.000974887341727,-0.00111132126767,-0.0045635397546,0.0195682682097,-0.00927395746112,0.00529637746513,-0.0031037949957,0.00147064507473,-0.000460820680019],[0.000673179223668,-0.00305392919108,0.00321585917845,-0.00373434391804,0.000143636614666,-0.000674636568874,0.00266323261894,-0.00927395746112,0.021319501102,-0.00749128358439,-0.000234372797422,0.00151421851479,0.000269284413662],[-0.000290769559797,0.00341973500326,-0.00577803468332,0.00350207649171,-0.00223943218589,0.000870465184562,-0.00310468813404,0.00529637746513,-0.00749128358439,0.0203125141561,-0.00627753511071,-0.000473766180221,-0.00217355787754],[0.0000520964313182,-0.00446894997731,0.00586764374748,-0.00545169087127,0.00398506596684,-0.00339649850503,0.00307147810236,-0.0031037949957,-0.000234372797422,-0.00627753511071,0.0286093559116,-0.00706695998088,0.00114810070954],[-0.00102633237839,0.00290027074516,-0.0049605066888,0.00388620933518,-0.00408871704713,0.00255473982543,-0.00308267166838,0.00147064507473,0.00151421851479,-0.000473766180221,-0.00706695998088,0.021787347272,-0.00881816074252],[-0.000178691450856,-0.00254264078103,0.00430221483111,-0.00412626937032,0.00324630714022,-0.00129177456256,0.00307260570116,-0.000460820680019,0.000269284413662,-0.00217355787754,0.00114810070954,-0.00881816074252,0.0270542725921]],"mean":[-18.8941268921,126.717803955,-177.001296997,36.2839622498,-41.77942276,-8.22300815582,-37.8046455383,-3.93124699593,-15.1962594986,-10.0344200134,-8.68172550201,-4.92477321625,-4.90083599091]},"hfc":{"dmean":5.47085857391,"dmean2":8.34628105164,"dvar":44.485408783,"dvar2":101.748474121,"max":196.088943481,"mean":24.3051528931,"median":20.7962627411,"min":0.000170943996636,"var":263.034606934},"melbands":{"dmean":[0.000312702526571,0.00053458387265,0.000294366909657,0.000244406866841,0.000175482535269,0.000121999946714,0.000110033346573,0.000117629017041,0.0000343118226738,0.0000646212502033,0.0000423607780249,0.0000296772013826,0.0000933995543164,0.0000331847113557,0.0000218945988308,0.0000393307018385,0.000045049469918,0.0000696948845871,0.0000435326765,0.0000399589807785,0.0000631655930192,0.0000630985305179,0.0000314652024827,0.0000162555788847,0.0000136748012665,0.000007636045666,0.00000514638713867,0.00000319114838021,0.00000203199329007,8.75699242897e-7,5.73749900923e-7,6.81485119003e-7,4.57475948679e-7,3.07221540652e-7,4.01605689149e-7,3.29401643739e-7,2.51898541137e-7,1.82452225772e-7,1.08359557771e-7,7.93914907149e-8],"dmean2":[0.000479208450997,0.000910571892746,0.00051411887398,0.000422563025495,0.000287157483399,0.000192246792722,0.000184553398867,0.000198977766559,0.0000540157452633,0.000101957382867,0.0000658578574075,0.0000471140447189,0.000146956444951,0.0000482744108012,0.0000361220627383,0.0000630314316368,0.000072852752055,0.000111005101644,0.0000710359818186,0.0000638267083559,0.000100841039966,0.000102524121758,0.0000515693282068,0.0000265916187345,0.0000223544702749,0.0000126151744553,0.00000831184934214,0.00000501637896377,0.0000033154835819,0.00000141880457249,8.82406197888e-7,0.0000010404561408,6.92686001003e-7,4.60443800421e-7,5.89226260672e-7,4.81320967083e-7,3.78526834766e-7,2.81891402665e-7,1.63880287118e-7,1.20707355222e-7],"dvar":[4.44574851599e-7,0.00000148846550019,3.35213542257e-7,1.29635324697e-7,5.16359754954e-8,2.74835656455e-8,2.48985756457e-8,3.27101083997e-8,2.23617346862e-9,2.37204975662e-8,9.42037026164e-9,2.71202105218e-9,2.43353657225e-8,2.72721867312e-9,3.42737083159e-9,5.12854336776e-9,4.38252811819e-9,1.35416140523e-8,5.17526910215e-9,3.55708107413e-9,9.50970857616e-9,1.25092531889e-8,4.61266802532e-9,6.62205512647e-10,5.08645181529e-10,1.76750031278e-10,1.12251610784e-10,5.81184163295e-11,2.31463754413e-11,2.59763890086e-12,2.33777103578e-12,4.16611753776e-12,2.94801509593e-12,1.85003661696e-12,5.81742163122e-12,4.63750478991e-12,3.7008941918e-12,2.22325153079e-12,7.36660623994e-13,3.65394888825e-13],"dvar2":[9.10245660179e-7,0.00000412112603954,9.48246736243e-7,3.68997774558e-7,1.36255962957e-7,6.63592558681e-8,6.89062318315e-8,8.72714451816e-8,5.24506971189e-9,5.57494104214e-8,2.0869574513e-8,6.40296704546e-9,6.29397831631e-8,5.5888116357e-9,8.25204971022e-9,1.22858621054e-8,1.03008881425e-8,3.14473247442e-8,1.34007747121e-8,8.25823676109e-9,2.27426451005e-8,3.27656479726e-8,1.19055894032e-8,1.65663249785e-9,1.30591348846e-9,4.49921572221e-10,2.87170426327e-10,1.19767362694e-10,5.833045158e-11,6.50380357209e-12,5.29419520376e-12,9.22424289729e-12,6.568659245e-12,3.7537967526e-12,1.17879065883e-11,8.4462038058e-12,7.74949115295e-12,4.9734370268e-12,1.60482673157e-12,7.97434600991e-13],"max":[0.00760029023513,0.0334730893373,0.0159036293626,0.00896472670138,0.00359560991637,0.00324238976464,0.00359012582339,0.00366623327136,0.00136355787981,0.00424438668415,0.00261370884255,0.0016756078694,0.00437673879787,0.00142012280412,0.00200200942345,0.00233151135035,0.00175189157017,0.00223389547318,0.00112818391062,0.00124622310977,0.00277035706677,0.00340937962756,0.00283093401231,0.00118597398978,0.000608200440183,0.000320839433698,0.000325687928125,0.000308117450913,0.000188081219676,0.0000524559545738,0.0000523752059962,0.0000722833356122,0.000058923556935,0.0000496204738738,0.0000847588307806,0.0000976806113613,0.0000859461069922,0.0000645661566523,0.0000368275468645,0.0000221536720346],"mean":[0.00033663175418,0.000664010934997,0.000434724031948,0.000423972582212,0.000376941345166,0.000291418778943,0.000226065778406,0.000202713810722,0.0000762487688917,0.000127003528178,0.0000847035480547,0.0000662717575324,0.000228004384553,0.0000722563127056,0.0000431104963354,0.0000733037377358,0.0000853526216815,0.0001117493739,0.0000753489293857,0.0000760220791562,0.000115460992674,0.000120918179164,0.0000633409872535,0.0000345041407854,0.0000297544429486,0.0000168177684827,0.0000121764023788,0.00000762968375057,0.00000488411797051,0.00000207805874197,0.00000128287479129,0.00000136215044222,9.41859582326e-7,6.22294578534e-7,7.12047437901e-7,6.01444071435e-7,4.59190943047e-7,3.19991613651e-7,1.82762619261e-7,1.26961452906e-7],"median":[0.0000794172665337,0.000308051006868,0.000253147009062,0.000288659706712,0.000306437315885,0.000215656677028,0.000177499226993,0.000134518108098,0.0000472190367873,0.0000461378585896,0.0000378515069315,0.0000365732048522,0.000143061522976,0.0000365017258446,0.000021992413167,0.0000383717342629,0.0000540371402167,0.0000637652701698,0.0000425647667726,0.0000480341150251,0.0000718593073543,0.0000629502246738,0.0000324408683809,0.0000225496169151,0.000016465992303,0.00000902618739929,0.00000565743084735,0.00000380323308491,0.00000198348789127,0.00000109906000034,5.458407486e-7,4.91519983825e-7,2.86157558094e-7,1.69076088241e-7,1.4555783423e-7,6.58629630834e-8,3.63232359746e-8,2.19026858872e-8,1.39434233049e-8,8.77201333793e-9],"min":[3.28138453909e-11,3.2690065932e-11,3.23114451861e-11,3.14490759823e-11,2.96319774273e-11,2.66520763792e-11,2.20690254266e-11,1.61202006604e-11,9.90239747839e-12,5.2079568956e-12,4.94445586904e-12,1.15302585188e-11,2.54294987845e-11,4.3007649525e-11,5.72783070973e-11,6.45265368915e-11,7.62471127902e-11,1.32287333865e-10,2.93823299025e-10,5.95001048431e-10,9.76067004999e-10,1.24655930023e-9,1.19432486123e-9,7.9563372557e-10,3.1068186912e-10,5.54008193487e-11,6.43968281477e-11,1.06035652481e-10,5.8069431208e-11,1.1741247731e-11,8.55530229993e-12,3.94606005857e-12,7.85357889832e-13,1.84861501107e-12,1.75512881138e-12,1.14731770091e-12,1.04231326261e-12,9.99444233971e-13,9.73392698909e-13,6.83643029339e-13],"var":[5.49286937712e-7,0.00000166199424712,4.35626617445e-7,2.32826323554e-7,1.18454231313e-7,8.89071642973e-8,4.90843277134e-8,5.71039713293e-8,7.86509524175e-9,7.32010647653e-8,2.89037469514e-8,9.04202757113e-9,7.7562603451e-8,1.04826352043e-8,8.21906276371e-9,1.45199363644e-8,1.05377759851e-8,2.14053770264e-8,8.96431373576e-9,7.99114019401e-9,2.03974401813e-8,3.34609850938e-8,1.0652264848e-8,1.58604585021e-9,1.338676614e-9,5.13361464449e-10,3.72715913688e-10,2.02809782857e-10,7.99538352192e-11,8.14561612605e-12,5.67035958118e-12,9.12204686787e-12,6.67122433684e-12,4.75025878008e-12,1.340542434e-11,1.29540857208e-11,8.79055248731e-12,5.04483781139e-12,1.59856665665e-12,7.5361147444e-13]},"melbands_crest":{"dmean":2.4823114872,"dmean2":4.13233852386,"dvar":5.01186132431,"dvar2":12.9334535599,"max":29.0734062195,"mean":8.94616317749,"median":8.27183532715,"min":3.1060795784,"var":10.271982193},"melbands_flatness_db":{"dmean":0.0152315199375,"dmean2":0.0239058285952,"dvar":0.000206099430216,"dvar2":0.000487935321871,"max":0.379893660545,"mean":0.16966240108,"median":0.164934873581,"min":0.0310052260756,"var":0.00156956235878},"melbands_kurtosis":{"dmean":1.3703482151,"dmean2":2.21285915375,"dvar":3.95977497101,"dvar2":9.9710226059,"max":35.415019989,"mean":1.17168068886,"median":0.275322675705,"min":-1.82585370541,"var":9.10202598572},"melbands_skewness":{"dmean":0.394579738379,"dmean2":0.622494876385,"dvar":0.126089155674,"dvar2":0.308943450451,"max":5.41760921478,"mean":0.906138777733,"median":0.96070754528,"min":-3.20627212524,"var":1.02254509926},"melbands_spread":{"dmean":7.05425596237,"dmean2":11.1457881927,"dvar":41.2901535034,"dvar2":98.0826568604,"max":127.067359924,"mean":40.4780540466,"median":37.9836425781,"min":5.30193042755,"var":269.196838379},"mfcc":{"cov":[[1805.89587402,-566.247253418,679.407592773,-279.335540771,118.949295044,29.3278331757,-48.0730705261,25.7633781433,-41.2758789062,12.8861646652,-19.6638221741,18.5758514404,4.55820417404],[-566.247253418,1142.86572266,-180.937515259,-39.4533233643,-14.7407026291,80.0129394531,78.1635665894,9.64584064484,13.9488801956,-13.0553293228,76.8155822754,-50.9988021851,-11.6257915497],[679.407592773,-180.937515259,927.888122559,-212.308197021,120.048812866,83.0847854614,-27.8143177032,-7.09556531906,-7.12323522568,20.6837406158,34.1161842346,36.8381996155,1.13500916958],[-279.335540771,-39.4533233643,-212.308197021,315.759796143,11.837553978,-25.4265441895,-0.4539706707,-7.12291765213,19.281703949,-16.5422897339,-9.27278327942,22.0053405762,17.1268100739],[118.949295044,-14.7407026291,120.048812866,11.837553978,111.757202148,20.0731296539,-7.50811100006,8.42014312744,9.33144855499,6.26825428009,10.6139726639,15.0906038284,9.46723175049],[29.3278331757,80.0129394531,83.0847854614,-25.4265441895,20.0731296539,101.441574097,29.8408241272,-2.86359119415,8.83337879181,-1.23425221443,17.8808765411,3.50683879852,6.2043595314],[-48.0730705261,78.1635665894,-27.8143177032,-0.4539706707,-7.50811100006,29.8408241272,80.3606948853,23.9085159302,7.44518327713,1.56695401669,9.74892044067,-3.09125733376,-0.725396990776],[25.7633781433,9.64584064484,-7.09556531906,-7.12291765213,8.42014312744,-2.86359119415,23.9085159302,82.0618972778,14.0045814514,8.34869289398,6.43698358536,-0.94413036108,1.80972254276],[-41.2758789062,13.9488801956,-7.12323522568,19.281703949,9.33144855499,8.83337879181,7.44518327713,14.0045814514,61.010269165,13.0995140076,7.93780469894,10.9563589096,7.40156173706],[12.8861646652,-13.0553293228,20.6837406158,-16.5422897339,6.26825428009,-1.23425221443,1.56695401669,8.34869289398,13.0995140076,73.7197647095,17.567647934,-4.81330108643,-2.39536070824],[-19.6638221741,76.8155822754,34.1161842346,-9.27278327942,10.6139726639,17.8808765411,9.74892044067,6.43698358536,7.93780469894,17.567647934,59.7041053772,15.10268116,-1.44136667252],[18.5758514404,-50.9988021851,36.8381996155,22.0053405762,15.0906038284,3.50683879852,-3.09125733376,-0.94413036108,10.9563589096,-4.81330108643,15.10268116,63.763961792,19.3556747437],[4.55820417404,-11.6257915497,1.13500916958,17.1268100739,9.46723175049,6.2043595314,-0.725396990776,1.80972254276,7.40156173706,-2.39536070824,-1.44136667252,19.3556747437,49.6410446167]],"icov":[[0.00101995770819,0.000453605054645,-0.000428203929914,0.000658875622321,-0.000654560979456,-0.0000904353728401,0.0000648495188216,-0.000406073639169,0.000462278549094,0.000168415164808,0.000107493280666,0.000208833385841,-0.00019217011868],[0.000453605054645,0.00143269076943,0.00017806753749,0.000575336860493,-0.000500258640386,-0.000654006551486,-0.000596047553699,0.0000652423623251,-0.000111240799015,0.000861954293214,-0.00195270520635,0.00148228509352,-0.000319112616125],[-0.000428203929914,0.00017806753749,0.00201295060106,0.00097335211467,-0.00143445190042,-0.00116126122884,0.00051481166156,0.000366004212992,0.0000317699959851,-0.0000736152360332,-0.000669260509312,-0.000766818993725,0.000383337959647],[0.000658875622321,0.000575336860493,0.00097335211467,0.00482312403619,-0.00211500492878,0.000478153699078,-0.000339682243066,0.000616285309661,-0.00087758974405,0.000995265087113,-0.0000387298350688,-0.00104032910895,-0.000712497858331],[-0.000654560979456,-0.000500258640386,-0.00143445190042,-0.00211500492878,0.0122330812737,-0.00158837309573,0.00189716019668,-0.001647277968,-0.000818046624772,-0.000833222060464,-0.000336217839504,-0.000962289865129,-0.00089405925246],[-0.0000904353728401,-0.000654006551486,-0.00116126122884,0.000478153699078,-0.00158837309573,0.0141801266,-0.00561259174719,0.00275180675089,-0.00188435974997,0.00137737952173,-0.00223780446686,0.000945119303651,-0.00202105310746],[0.0000648495188216,-0.000596047553699,0.00051481166156,-0.000339682243066,0.00189716019668,-0.00561259174719,0.0171035509557,-0.00528718018904,0.0000449889375886,-0.000293866876746,-0.000266055430984,-0.000282142515061,0.000823628564831],[-0.000406073639169,0.0000652423623251,0.000366004212992,0.000616285309661,-0.001647277968,0.00275180675089,-0.00528718018904,0.0149144688621,-0.00320658273995,-0.00033535255352,-0.00136510003358,0.00104218837805,-0.000803262519184],[0.000462278549094,-0.000111240799015,0.0000317699959851,-0.00087758974405,-0.000818046624772,-0.00188435974997,0.0000449889375886,-0.00320658273995,0.0195748731494,-0.003727494739,0.000437548849732,-0.00309017021209,-0.0011382708326],[0.000168415164808,0.000861954293214,-0.0000736152360332,0.000995265087113,-0.000833222060464,0.00137737952173,-0.000293866876746,-0.00033535255352,-0.003727494739,0.0165092758834,-0.0064304205589,0.00402237707749,-0.000563286303077],[0.000107493280666,-0.00195270520635,-0.000669260509312,-0.0000387298350688,-0.000336217839504,-0.00223780446686,-0.000266055430984,-0.00136510003358,0.000437548849732,-0.0064304205589,0.024671876803,-0.00852544885129,0.00361618469469],[0.000208833385841,0.00148228509352,-0.000766818993725,-0.00104032910895,-0.000962289865129,0.000945119303651,-0.000282142515061,0.00104218837805,-0.00309017021209,0.00402237707749,-0.00852544885129,0.0230212043971,-0.00784124899656],[-0.00019217011868,-0.000319112616125,0.000383337959647,-0.000712497858331,-0.00089405925246,-0.00202105310746,0.000823628564831,-0.000803262519184,-0.0011382708326,-0.000563286303077,0.00361618469469,-0.00784124899656,0.0240939557552]],"mean":[-640.457763672,144.69984436,-59.8579216003,35.2823905945,5.65900659561,0.362656861544,-10.5617580414,1.516949296,-5.90598058701,-2.97862863541,-6.96270275116,-1.61957418919,0.0315669812262]},"pitch_salience":{"dmean":0.0558084100485,"dmean2":0.0927812829614,"dvar":0.00215489184484,"dvar2":0.00574946869165,"max":0.992452740669,"mean":0.647416293621,"median":0.653959691525,"min":0.197986796498,"var":0.00605055270717},"silence_rate_20dB":{"dmean":0,"dmean2":0,"dvar":0,"dvar2":0,"max":1,"mean":1,"median":1,"min":1,"var":0},"silence_rate_30dB":{"dmean":0.000129726919113,"dmean2":0.000259470689343,"dvar":0.000129693435156,"dvar2":0.000389072025428,"max":1,"mean":0.999935150146,"median":1,"min":0,"var":0.0000648508867016},"silence_rate_60dB":{"dmean":0.00136213272344,"dmean2":0.00272444216534,"dvar":0.00136028882116,"dvar2":0.00323600694537,"max":1,"mean":0.00259437016211,"median":0,"min":0,"var":0.00258776033297},"spectral_centroid":{"dmean":165.995483398,"dmean2":263.45904541,"dvar":20657.4863281,"dvar2":50069.640625,"max":3357.10913086,"mean":1824.05444336,"median":1762.42687988,"min":418.054748535,"var":277714.34375},"spectral_complexity":{"dmean":3.30926895142,"dmean2":5.32414388657,"dvar":7.19928836823,"dvar2":17.5761585236,"max":56,"mean":28.4455184937,"median":29,"min":0,"var":58.305721283},"spectral_contrast_coeffs":{"dmean":[0.0542710386217,0.0416418276727,0.0344021059573,0.0319348946214,0.0221747644246,0.0159020740539],"dmean2":[0.0891689360142,0.0700283795595,0.0572672523558,0.0524216741323,0.036295901984,0.0258681681007],"dvar":[0.00180171814281,0.00106594071258,0.000708305102307,0.000606368179433,0.000300466956105,0.000206037875614],"dvar2":[0.00476632406935,0.00299197412096,0.00193564267829,0.00159996002913,0.000763099174947,0.000515265448485],"max":[-0.368722528219,-0.543051242828,-0.526910185814,-0.583284318447,-0.5690305233,-0.585331737995],"mean":[-0.636137127876,-0.760485053062,-0.77326375246,-0.770944356918,-0.75118970871,-0.709723114967],"median":[-0.637383103371,-0.763160467148,-0.777238428593,-0.774588882923,-0.754671692848,-0.710523068905],"min":[-0.958348691463,-0.972652554512,-0.917576849461,-0.898178696632,-0.901539325714,-0.930907785892],"var":[0.00412972923368,0.00291268830188,0.00295115937479,0.00199722568505,0.00136756023858,0.00137819955125]},"spectral_contrast_valleys":{"dmean":[0.459717959166,0.30044862628,0.256049156189,0.220062464476,0.155283689499,0.225838571787],"dmean2":[0.742031157017,0.509456574917,0.432158082724,0.370001703501,0.250895917416,0.311588853598],"dvar":[0.137910991907,0.0572716370225,0.0409351401031,0.0320420302451,0.0185515061021,0.0884713456035],"dvar2":[0.344354689121,0.1583622545,0.11130091548,0.084123082459,0.0418776459992,0.163597002625],"max":[-5.51606321335,-5.03442668915,-5.45844936371,-5.65083456039,-5.33355283737,-7.44835519791],"mean":[-7.58783531189,-6.49094486237,-6.96502304077,-6.89910936356,-7.04092216492,-11.2891044617],"median":[-7.44372844696,-6.39516639709,-6.93752765656,-6.88441181183,-7.06908321381,-11.3806648254],"min":[-13.6521596909,-13.2970666885,-14.3337621689,-12.556388855,-11.9258937836,-13.9948234558],"var":[0.767118096352,0.29300737381,0.218023613095,0.178961053491,0.253186672926,0.928605079651]},"spectral_decrease":{"dmean":1.13580378436e-9,"dmean2":1.77580650185e-9,"dvar":2.22810134939e-18,"dvar2":5.30419558914e-18,"max":-1.29413081813e-14,"mean":-4.73393058087e-9,"median":-4.19792955952e-9,"min":-3.21251256707e-8,"var":7.84969006868e-18},"spectral_energy":{"dmean":0.00467520998791,"dmean2":0.00728773279116,"dvar":0.0000349242291122,"dvar2":0.0000825630340842,"max":0.123874850571,"mean":0.0200714692473,"median":0.0179434474558,"min":6.43485194018e-8,"var":0.000132500237669},"spectral_energyband_high":{"dmean":0.000122829151223,"dmean2":0.000179915223271,"dvar":1.27484355517e-7,"dvar2":2.29006218433e-7,"max":0.0136139607057,"mean":0.000356467207894,"median":0.000183643918717,"min":3.17626192015e-9,"var":4.69116656632e-7},"spectral_energyband_low":{"dmean":0.00221889442764,"dmean2":0.00357639905997,"dvar":0.0000211540591408,"dvar2":0.000052736580983,"max":0.104735471308,"mean":0.00318552507088,"median":0.00147286371794,"min":2.28897081844e-10,"var":0.0000292498189083},"spectral_energyband_middle_high":{"dmean":0.00244659627788,"dmean2":0.00375880789943,"dvar":0.00000796549375082,"dvar2":0.0000185586395673,"max":0.0727485194802,"mean":0.00986834336072,"median":0.0081804767251,"min":6.0460166651e-8,"var":0.0000448130012956},"spectral_energyband_middle_low":{"dmean":0.00209923763759,"dmean2":0.00345448357984,"dvar":0.00000747482818042,"dvar2":0.0000196507116925,"max":0.0586120672524,"mean":0.00709805171937,"median":0.0065633803606,"min":5.6999321929e-10,"var":0.00002752931141},"spectral_entropy":{"dmean":0.0812021419406,"dmean2":0.125732704997,"dvar":0.00580937461928,"dvar2":0.0120848538354,"max":8.71279907227,"mean":7.51146841049,"median":7.5030670166,"min":6.6731300354,"var":0.0365416333079},"spectral_flux":{"dmean":0.0132097471505,"dmean2":0.0211552139372,"dvar":0.000203997100471,"dvar2":0.00045739550842,"max":0.272134631872,"mean":0.0762497112155,"median":0.072540268302,"min":0.0202005449682,"var":0.000698813295458},"spectral_kurtosis":{"dmean":3.3945119381,"dmean2":6.0596575737,"dvar":11.1177654266,"dvar2":35.0030479431,"max":34.2875099182,"mean":6.92075395584,"median":5.87344360352,"min":-0.444057226181,"var":16.4659538269},"spectral_rms":{"dmean":0.000487203651574,"dmean2":0.000752840482164,"dvar":2.44306818331e-7,"dvar2":5.55364238153e-7,"max":0.0109933391213,"mean":0.00425587687641,"median":0.00418399367481,"min":0.00000792332320998,"var":0.00000146931779454},"spectral_rolloff":{"dmean":285.20602417,"dmean2":474.137817383,"dvar":142727.234375,"dvar2":299558.65625,"max":8742.48046875,"mean":2233.0234375,"median":2217.91992188,"min":129.19921875,"var":593991.25},"spectral_skewness":{"dmean":0.309915155172,"dmean2":0.547480463982,"dvar":0.0809184834361,"dvar2":0.25386056304,"max":3.37487697601,"mean":1.33212780952,"median":1.34293746948,"min":0.0327797010541,"var":0.147355005145},"spectral_spread":{"dmean":236776.09375,"dmean2":357744.46875,"dvar":105556983808,"dvar2":172804997120,"max":20971020,"mean":2463971.5,"median":2285041.5,"min":1112178,"var":789998338048},"spectral_strongpeak":{"dmean":1.05722904205,"dmean2":1.80901348591,"dvar":2.01115131378,"dvar2":4.93698549271,"max":24.7291069031,"mean":1.59399950504,"median":0.747328996658,"min":0.000167288613738,"var":3.61359357834},"zerocrossingrate":{"dmean":0.00551586458459,"dmean2":0.00690663326532,"dvar":0.000033123546018,"dvar2":0.0000416848088207,"max":0.24658203125,"mean":0.0724424645305,"median":0.068359375,"min":0.00244140625,"var":0.000552804733161}},"metadata":{"audio_properties":{"analysis_sample_rate":44100,"bit_rate":0,"codec":"flac","downmix":"mix","equal_loudness":0,"length":357.959991455,"lossless":true,"md5_encoded":"266c2ba2a613ef801b1619c762362e5e","replay_gain":-2.91646575928},"tags":{"acoustid_id":["a3ee9548-ab84-4e86-9c4f-06aba2c6ccd1"],"album":["Bad Moon Rising"],"albumartist":["Sonic Youth"],"albumartistsort":["Sonic Youth"],"artist":["Sonic Youth"],"artists":["Sonic Youth"],"artistsort":["Sonic Youth"],"catalognumber":["BFFP 1 CD"],"date":["1986-11"],"file_name":"03 - Society Is A Hole.flac","label":["Blast First"],"media":["CD"],"musicbrainz_albumartistid":["5cbef01b-cc35-4f52-af7b-d0df0c4f61b9"],"musicbrainz_albumid":["6e10bfbe-a350-4457-be0b-b23e479abac8"],"musicbrainz_artistid":["5cbef01b-cc35-4f52-af7b-d0df0c4f61b9"],"musicbrainz_recordingid":["3cd73587-4bfd-4902-ac1c-7f22e0523163"],"musicbrainz_releasegroupid":["74e5dba6-af28-346b-80b8-4559ef0c1d4f"],"musicbrainz_releasetrackid":["4808f2f8-1472-4355-bedb-eba4c6b05815"],"originaldate":["1985"],"releasecountry":["GB"],"releasestatus":["official"],"releasetype":["album"],"script":["Latn"],"title":["Society Is A Hole"],"totaltracks":["12"],"tracknumber":["3"],"tracktotal":["12"]},"version":{"essentia":"2.1-beta1","essentia_build_sha":"85931cb11b241c07ac43bfc3827c398894034a25","essentia_git_sha":"v2.1_beta1-6-g5578087","extractor":"music 1.0"}},"rhythm":{"beats_count":1000,"beats_loudness":{"dmean":0.00825003627688,"dmean2":0.0141954999417,"dvar":0.0000571150521864,"dvar2":0.000171972656972,"max":0.0813332721591,"mean":0.0255338717252,"median":0.0239117816091,"min":0.00273059913889,"var":0.000147867685882},"beats_loudness_band_ratio":{"dmean":[0.126804232597,0.0718405172229,0.0581555441022,0.0785798206925,0.110265605152,0.0273323561996],"dmean2":[0.212205603719,0.122257560492,0.09883592