{"lowlevel":{"average_loudness":0.937057435513,"barkbands":{"dmean":[0.0000393200316466,0.00233476189896,0.00181189505383,0.00243233353831,0.00189443817362,0.000481480848975,0.000671103131026,0.00041462178342,0.000388213229598,0.000511545338668,0.000619171303697,0.000453305401606,0.000375135306967,0.000323219952406,0.00023376988247,0.000194598251255,0.000265762966592,0.000216937449295,0.000199720991077,0.00018656233442,0.000127715393319,0.000096378105809,0.0000364640836779,0.0000187129044207,0.0000134390356834,0.00000663550872559,8.08767774974e-10],"dmean2":[0.000064898704295,0.00365112093277,0.00287238461897,0.00394062325358,0.00315377744846,0.000766931974795,0.00104491878301,0.00062343548052,0.000592073483858,0.000816467101686,0.000960713950917,0.000696926028468,0.000575782090891,0.00049833121011,0.000361442653229,0.000295537320198,0.000436771078967,0.000329573784256,0.000300184445223,0.000270389165962,0.000181220413651,0.000136590970214,0.0000518381384609,0.0000263450965576,0.0000189753827726,0.00000947385524341,1.49407897165e-9],"dvar":[1.14030838105e-8,0.0000325061846524,0.000018653961888,0.0000437726375822,0.0000282213022729,8.21467153855e-7,0.00000164084485732,0.00000104219736841,9.83970608104e-7,8.83672612417e-7,0.00000171597946519,0.00000111371173261,6.50931553992e-7,3.96003258629e-7,2.36092091654e-7,2.13178196873e-7,4.60268609004e-7,1.39586518344e-7,1.04455011751e-7,1.20404990867e-7,6.02285226137e-8,4.20576995452e-8,4.57695970013e-9,1.4283000338e-9,8.30475910263e-10,1.96537036645e-10,1.6024456121e-18],"dvar2":[2.7349290832e-8,0.000076111558883,0.0000459113252873,0.000103662707261,0.0000716971771908,0.00000205215997084,0.0000037237214201,0.00000227923305829,0.00000219667072088,0.00000224216819333,0.00000393841355617,0.00000249816753239,0.0000013999924704,8.67617643507e-7,5.39684208434e-7,4.89158821892e-7,0.00000123426502796,3.15274860441e-7,2.35883476307e-7,2.52156212355e-7,1.16998826627e-7,9.29175527631e-8,9.36716038069e-9,3.01527847135e-9,1.63557722921e-9,3.87712972838e-10,5.03683675309e-18],"max":[0.00313221639954,0.0621970593929,0.0470275729895,0.0762761980295,0.0616411529481,0.0165003426373,0.0223053917289,0.0307054836303,0.038251042366,0.0160293951631,0.025885719806,0.0224806554615,0.0155198145658,0.014511404559,0.012686659582,0.0130407419056,0.0142030082643,0.00774756725878,0.00627783779055,0.00497443880886,0.00362206646241,0.00707568181679,0.000959935656283,0.000936552649364,0.000914553762414,0.000245154020377,1.79943739909e-8],"mean":[0.0000597146499786,0.00348699907772,0.00263685802929,0.0028659759555,0.00232706055976,0.000788554432802,0.0012109024683,0.000774649786763,0.000625153654255,0.000858909799717,0.00125829875469,0.000864941161126,0.000612667470705,0.000591099495068,0.000401635625167,0.000369092216715,0.000398886681069,0.000411150103901,0.000383700215025,0.000321168656228,0.000211454214877,0.000151461703354,0.0000556084414711,0.0000269308475254,0.0000166638346855,0.00000825946244731,6.50609455199e-10],"median":[0.0000162001379067,0.00123409926891,0.000678339973092,0.000474945816677,0.00055148411775,0.000321023340803,0.000463982432848,0.000179053109605,0.000142322503962,0.000251913646935,0.000235458224779,0.000178805232281,0.00017832958838,0.000176658140845,0.0000999883341137,0.000100176905107,0.000153003784362,0.000177306472324,0.000187122132047,0.000147624901729,0.0000845806789584,0.0000632877636235,0.000021939540602,0.00000905119941308,0.00000335328059009,0.00000172619206751,2.12463283078e-10],"min":[6.47872134366e-25,2.48500907855e-24,1.22434496124e-24,1.00228722313e-24,1.0513778006e-23,9.66568547973e-24,1.18328615135e-23,3.47405507417e-24,7.39377790561e-24,8.47706457763e-24,1.00754837316e-23,3.87746402606e-23,2.5340070832e-23,2.39989189407e-23,4.74538267794e-23,5.0229850393e-23,7.08825791459e-23,8.3338654974e-23,1.25022601631e-22,1.23506663407e-22,2.47552983404e-22,2.49720419762e-22,3.71640677577e-22,6.06228826667e-22,8.76076155212e-22,1.2768983754e-21,1.96762155088e-21],"var":[1.83802146836e-8,0.0000403259073209,0.0000249977347266,0.0000468986363558,0.0000306356123474,0.00000162475498655,0.000004395230917,0.00000399632972403,0.00000241305770032,0.00000207220455195,0.00000656146949041,0.00000395537381337,0.00000160813328876,0.00000129047373321,6.7329972353e-7,7.40611937999e-7,5.29332282895e-7,3.58040409765e-7,2.6792480412e-7,2.4619455985e-7,1.27136360106e-7,6.64976411713e-8,8.53206039153e-9,2.51767562354e-9,1.33982125394e-9,2.92440738292e-10,1.25238908412e-18]},"barkbands_crest":{"dmean":2.5448486805,"dmean2":4.05217313766,"dvar":5.2950668335,"dvar2":13.0741548538,"max":26.0973300934,"mean":9.68376159668,"median":8.94575214386,"min":2.32540154457,"var":16.4864940643},"barkbands_flatness_db":{"dmean":0.0224976036698,"dmean2":0.0348593629897,"dvar":0.000533251208253,"dvar2":0.00125254353043,"max":0.404675096273,"mean":0.14961643517,"median":0.14609901607,"min":0.0130240609869,"var":0.00203201873228},"barkbands_kurtosis":{"dmean":2.84190702438,"dmean2":4.56831932068,"dvar":46.3660812378,"dvar2":108.512367249,"max":176.83782959,"mean":3.2949719429,"median":0.440319299698,"min":-1.80771815777,"var":95.1029586792},"barkbands_skewness":{"dmean":0.596941709518,"dmean2":0.921923220158,"dvar":0.564989507198,"dvar2":1.27322006226,"max":12.8585348129,"mean":1.14279675484,"median":0.855105757713,"min":-3.40475678444,"var":2.01124286652},"barkbands_spread":{"dmean":5.72230243683,"dmean2":8.85248661041,"dvar":37.2738876343,"dvar2":89.291343689,"max":109.288108826,"mean":23.2229099274,"median":22.678155899,"min":0.723578751087,"var":113.175949097},"dissonance":{"dmean":0.0176326390356,"dmean2":0.029912199825,"dvar":0.000335948774591,"dvar2":0.000917407276575,"max":0.500000059605,"mean":0.469580829144,"median":0.47572055459,"min":0.233879595995,"var":0.000555084377993},"dynamic_complexity":3.86834287643,"erbbands":{"dmean":[0.0256179608405,0.660217225552,2.19597625732,4.4698176384,10.4445028305,4.09917831421,3.67590236664,4.34946680069,9.04003810883,9.67051315308,7.85000276566,8.63301563263,14.0990715027,17.8332271576,21.014995575,17.3842010498,15.4547166824,15.8803110123,11.8397493362,11.5875425339,10.8898239136,12.887670517,11.1896705627,11.6368379593,8.17403125763,8.31315326691,7.22637271881,3.99959349632,3.79739236832,1.82686877251,0.933915615082,0.49515068531,0.264536172152,0.162083536386,0.088147573173,0.0359430871904,0.0118367997929,0.00089536991436,0.0000204922307603,0.00000969041866483],"dmean2":[0.0411369167268,1.02723264694,3.40709805489,7.20603513718,17.3593616486,6.8593454361,6.05328226089,6.9056930542,14.0837535858,15.0883989334,11.9075117111,13.3018016815,22.5340614319,27.5399799347,31.8678264618,26.6147880554,23.5452404022,24.2891845703,17.6388664246,17.1786365509,16.8343772888,20.7559719086,16.7765140533,17.1976356506,12.1817169189,11.8903160095,10.2686071396,5.50309848785,5.44021940231,2.55905032158,1.32980823517,0.7059263587,0.372868299484,0.231489211321,0.124425925314,0.0511193834245,0.0170524939895,0.00129843549803,0.000028126012694,0.0000132657551148],"dvar":[0.0021871891804,2.69650530815,29.18400383,91.5001678467,1165.35070801,92.3557052612,64.7751312256,75.1214370728,338.980407715,426.509033203,490.114044189,477.662811279,798.883666992,1205.30090332,2136.76733398,1623.41015625,877.672363281,978.189880371,586.640808105,603.533447266,594.922363281,891.61315918,388.928039551,364.365264893,180.768157959,248.237579346,199.909286499,60.8235969543,77.8824996948,11.2219219208,3.11161255836,0.952245354652,0.354832410812,0.117520220578,0.0390074625611,0.00590947270393,0.00062739715213,0.00000377934770768,1.58845780973e-9,2.32721050764e-10],"dvar2":[0.00564225157723,6.20599651337,66.7590026855,221.928024292,2863.82202148,250.435745239,171.864715576,182.37928772,800.701293945,988.722045898,1149.52905273,1108.26550293,2065.8203125,2907.58935547,4648.55517578,3781.85864258,1968.06396484,2154.96386719,1298.32556152,1393.68249512,1472.21606445,2347.22949219,880.534606934,796.834899902,401.920318604,517.936706543,404.665130615,119.57661438,180.947891235,22.9272956848,6.35368347168,1.95941603184,0.811767101288,0.234213709831,0.079598903656,0.0114476243034,0.00128184317145,0.00000796136464487,3.12929127055e-9,4.47560377648e-10],"max":[0.724887788296,17.9976158142,57.6477737427,97.3278503418,310.532226562,139.082199097,172.127838135,164.041671753,360.824676514,434.783660889,659.500915527,749.569885254,622.85144043,658.240722656,1132.17370605,1006.46905518,582.22833252,856.645080566,621.261901855,665.267089844,735.078918457,626.033325195,268.479187012,365.042694092,203.972244263,250.624588013,187.473648071,160.360488892,343.465545654,53.4936447144,25.9297294617,20.5748844147,22.2558784485,8.8641872406,7.02526140213,1.96003961563,0.349761843681,0.0287363007665,0.000609524024185,0.000136142480187],"mean":[0.0508709996939,0.94779920578,3.20836234093,6.21026611328,10.8217048645,5.63645267487,5.45930337906,7.45736169815,15.7655057907,19.3687210083,15.1439037323,14.6339006424,24.0733070374,34.0491981506,45.4236335754,35.7220115662,29.4177799225,31.2273006439,22.8199977875,24.0080547333,19.4714298248,21.6251106262,21.3432884216,23.2027854919,16.9483833313,14.5605764389,11.7764425278,6.71917772293,5.85935544968,2.95029830933,1.42769801617,0.728767573833,0.368488281965,0.205044150352,0.106850877404,0.0449596345425,0.0143572464585,0.00104431796353,0.0000331355331582,0.0000272912566288],"median":[0.0208413340151,0.298661917448,0.905504703522,1.68806529045,1.65101397038,1.65827798843,2.0439722538,2.97765421867,5.88485860825,6.68415641785,4.28492450714,3.73296165466,7.91642570496,11.6938991547,12.7013921738,9.67231750488,11.4741888046,13.0429515839,9.44073677063,7.05468940735,7.21336889267,9.19069290161,9.86217975616,10.7789697647,9.17258930206,6.75507450104,4.67004156113,2.81121706963,2.40395760536,1.29914629459,0.539449691772,0.259216010571,0.11355368793,0.0434280969203,0.0203843358904,0.00919759087265,0.00288952304982,0.000197098357603,0.0000159363280545,0.0000223162642214],"min":[1.00376100463e-22,2.39157584862e-22,1.24044638776e-21,3.89762617484e-21,1.26730104061e-20,3.17930972026e-20,3.54673656289e-20,9.97662795294e-20,1.6173234377e-19,1.83733060392e-19,2.53926844616e-19,3.00076827804e-19,1.87336310839e-19,6.36469159245e-19,9.44974854093e-19,1.12247488885e-18,1.3678948271e-18,1.7271621146e-18,2.23933528929e-18,2.76009242739e-18,3.47707066207e-18,4.5883592773e-18,4.93015444231e-18,6.487972523e-18,6.11770952361e-18,5.71265778921e-18,9.11295864581e-18,9.37314086286e-18,9.07511678715e-18,1.03810347967e-17,1.14641608072e-17,1.05619855187e-17,9.7953173039e-18,7.76563032047e-18,6.06911018109e-18,3.86474002308e-18,2.26455271745e-18,9.73607194009e-19,2.60339846659e-19,2.7117048431e-20],"var":[0.00422337511554,3.33184862137,39.09765625,118.597740173,1075.09228516,124.391616821,106.816970825,164.460952759,863.99432373,1516.69812012,1831.24438477,1214.32543945,1688.45568848,3417.50341797,8692.91699219,5978.75634766,2638.24291992,3557.11157227,1692.72180176,2449.8762207,1164.66247559,1242.24755859,912.39276123,1026.29907227,469.359985352,513.22052002,401.213165283,124.274345398,109.774551392,21.1665019989,5.80484437943,1.72854506969,0.538651943207,0.194707080722,0.057612862438,0.00934292469174,0.000867165159434,0.00000496918255521,2.50395726376e-9,5.48333600747e-10]},"erbbands_crest":{"dmean":2.72341752052,"dmean2":4.30233049393,"dvar":6.62196445465,"dvar2":15.6515903473,"max":30.4781761169,"mean":9.681848526,"median":8.45427513123,"min":2.23767137527,"var":24.6741905212},"erbbands_flatness_db":{"dmean":0.0188169069588,"dmean2":0.0258302558213,"dvar":0.000372451904695,"dvar2":0.000643172184937,"max":0.364920407534,"mean":0.173296362162,"median":0.17106898129,"min":0.0377190634608,"var":0.00214030547068},"erbbands_kurtosis":{"dmean":0.801017045975,"dmean2":1.25923991203,"dvar":1.35241508484,"dvar2":3.2213037014,"max":23.8757896423,"mean":0.31242698431,"median":-0.254699230194,"min":-1.81274449825,"var":3.86297106743},"erbbands_skewness":{"dmean":0.348694831133,"dmean2":0.534478366375,"dvar":0.104660056531,"dvar2":0.241551846266,"max":4.57079601288,"mean":0.150199368596,"median":0.0816049054265,"min":-2.68618226051,"var":0.454075366259},"erbbands_spread":{"dmean":8.53810977936,"dmean2":12.9974355698,"dvar":100.415794373,"dvar2":221.794647217,"max":139.294891357,"mean":36.9951667786,"median":34.302520752,"min":2.85327744484,"var":374.265228271},"gfcc":{"cov":[[34246.0898438,2533.85791016,-3439.55859375,991.87512207,-1431.57385254,93.4127349854,-708.164978027,-70.4524993896,-574.910522461,-36.560459137,-348.118408203,-74.0994720459,-251.049499512],[2533.85791016,955.911376953,-140.063308716,125.465522766,46.2184257507,-47.9134674072,52.4046783447,-44.7010383606,26.1949386597,-65.0129318237,40.1098060608,-12.3285226822,36.210609436],[-3439.55859375,-140.063308716,1146.35290527,160.384765625,219.467544556,-6.00665855408,23.7679023743,8.41000175476,0.345912128687,-22.5700111389,-33.5013084412,21.9895706177,47.1637306213],[991.87512207,125.465522766,160.384765625,343.925018311,69.6369857788,-36.4936218262,-70.8464126587,-6.77232694626,17.1781864166,3.95202898979,-31.6806678772,4.40704536438,7.85763835907],[-1431.57385254,46.2184257507,219.467544556,69.6369857788,317.21673584,78.1257705688,98.6113357544,13.436003685,72.8841629028,14.3701467514,40.8249053955,1.70580780506,22.0256519318],[93.4127349854,-47.9134674072,-6.00665855408,-36.4936218262,78.1257705688,261.226470947,143.282470703,22.1957645416,-49.0490188599,14.220495224,31.2530879974,12.1178445816,-12.2513494492],[-708.164978027,52.4046783447,23.7679023743,-70.8464126587,98.6113357544,143.282470703,253.730804443,68.6229705811,20.6152515411,6.55116701126,73.6383285522,15.088092804,3.30493426323],[-70.4524993896,-44.7010383606,8.41000175476,-6.77232694626,13.436003685,22.1957645416,68.6229705811,164.601898193,84.1632843018,42.6236152649,19.4388427734,22.1170101166,-5.22138690948],[-574.910522461,26.1949386597,0.345912128687,17.1781864166,72.8841629028,-49.0490188599,20.6152515411,84.1632843018,214.899551392,74.6844177246,48.8119506836,11.1708488464,18.4728984833],[-36.560459137,-65.0129318237,-22.5700111389,3.95202898979,14.3701467514,14.220495224,6.55116701126,42.6236152649,74.6844177246,116.067901611,44.7293167114,15.7187147141,-5.57476139069],[-348.118408203,40.1098060608,-33.5013084412,-31.6806678772,40.8249053955,31.2530879974,73.6383285522,19.4388427734,48.8119506836,44.7293167114,137.839813232,43.1716003418,1.1137137413],[-74.0994720459,-12.3285226822,21.9895706177,4.40704536438,1.70580780506,12.1178445816,15.088092804,22.1170101166,11.1708488464,15.7187147141,43.1716003418,89.1169891357,32.161190033],[-251.049499512,36.210609436,47.1637306213,7.85763835907,22.0256519318,-12.2513494492,3.30493426323,-5.22138690948,18.4728984833,-5.57476139069,1.1137137413,32.161190033,95.0225067139]],"icov":[[0.000149668951053,-0.000407101964811,0.000368028180674,-0.000520770438015,0.000489586556796,-0.000461708579678,0.000390207424061,-0.000342845945852,0.000352462782757,-0.000301426945953,0.000268850359134,-0.0000998788236757,0.000149983607116],[-0.000407101964811,0.00253087142482,-0.000684288796037,0.000594735145569,-0.00132133695297,0.00169765762985,-0.00182635523379,0.00141148152761,-0.00128211569972,0.00189233082347,-0.00140063255094,0.000757407397032,-0.000962977064773],[0.000368028180674,-0.000684288796037,0.00210022320971,-0.00176727445796,0.000303959706798,-0.000636870914605,0.000636755663436,-0.000960075121839,0.00127368792892,-0.000567476206925,0.00098668737337,-0.000546450552065,0.00000181646021247],[-0.000520770438015,0.000594735145569,-0.00176727445796,0.00590085005388,-0.00280958856456,0.00144598900806,0.000417174160248,0.000663011334836,-0.00102742819581,0.000232789287111,0.0000885951085365,-0.000556669896469,0.0000470718950965],[0.000489586556796,-0.00132133695297,0.000303959706798,-0.00280958856456,0.00715946033597,-0.0032212859951,-0.000173337102751,0.000382653583074,-0.00158853374887,-0.000170914965565,0.0000781331036706,0.00076163985068,-0.000129217311041],[-0.000461708579678,0.00169765762985,-0.000636870914605,0.00144598900806,-0.0032212859951,0.00877149403095,-0.00525897881016,0.000976900104433,0.00216169981286,-0.00142080779187,0.0000523063135915,-0.000649867753964,0.000159687158884],[0.000390207424061,-0.00182635523379,0.000636755663436,0.000417174160248,-0.000173337102751,-0.00525897881016,0.0105140255764,-0.00477026728913,0.00119829259347,0.00128820363898,-0.0031962308567,0.00135618133936,-0.000468241574708],[-0.000342845945852,0.00141148152761,-0.000960075121839,0.000663011334836,0.000382653583074,0.000976900104433,-0.00477026728913,0.0112659744918,-0.00533591676503,-0.000500907364767,0.00224142288789,-0.00299024977721,0.0017939938698],[0.000352462782757,-0.00128211569972,0.00127368792892,-0.00102742819581,-0.00158853374887,0.00216169981286,0.00119829259347,-0.00533591676503,0.0110821258277,-0.00546708144248,-0.00117598671932,0.00149876065552,-0.00178404804319],[-0.000301426945953,0.00189233082347,-0.000567476206925,0.000232789287111,-0.000170914965565,-0.00142080779187,0.00128820363898,-0.000500907364767,-0.00546708144248,0.0150714823976,-0.0047307126224,0.00042058766121,0.000389163062209],[0.000268850359134,-0.00140063255094,0.00098668737337,0.0000885951085365,0.0000781331036706,0.0000523063135915,-0.0031962308567,0.00224142288789,-0.00117598671932,-0.0047307126224,0.0141649255529,-0.00728420214728,0.0032204084564],[-0.0000998788236757,0.000757407397032,-0.000546450552065,-0.000556669896469,0.00076163985068,-0.000649867753964,0.00135618133936,-0.00299024977721,0.00149876065552,0.00042058766121,-0.00728420214728,0.0177465490997,-0.00689485110343],[0.000149983607116,-0.000962977064773,0.00000181646021247,0.0000470718950965,-0.000129217311041,0.000159687158884,-0.000468241574708,0.0017939938698,-0.00178404804319,0.000389163062209,0.0032204084564,-0.00689485110343,0.0141131924465]],"mean":[-53.4713096619,93.9152374268,-136.025222778,43.4559326172,-52.922996521,13.0814247131,-25.074338913,6.2122426033,-25.7695484161,3.31657123566,-14.4375858307,1.25424671173,-15.5834741592]},"hfc":{"dmean":5.19618797302,"dmean2":6.6626291275,"dvar":52.8202056885,"dvar2":88.9153442383,"max":133.498123169,"mean":17.0383739471,"median":14.8152971268,"min":1.09344416221e-16,"var":217.800445557},"melbands":{"dmean":[0.000429196865298,0.0010566227138,0.0010458555771,0.000494002655614,0.000138666946441,0.000100366210972,0.000133573528728,0.000101706646092,0.0000652470771456,0.0000547310301044,0.0000733055567252,0.0000736805959605,0.0000793476137915,0.0000460297560494,0.0000489965714223,0.0000341888917319,0.0000318986312777,0.0000211339665839,0.0000187777459359,0.0000146086822497,0.0000147807468238,0.0000165872679645,0.00000853228630149,0.0000118056277643,0.000010345877854,0.00000682403106111,0.00000619340653429,0.00000597899634158,0.00000539421080248,0.00000301299019156,0.00000228743556363,0.0000025401855055,0.00000142839132877,9.12801340291e-7,6.04801243753e-7,3.63669471426e-7,2.95439917863e-7,1.94327199665e-7,1.6119763302e-7,1.31860304009e-7],"dmean2":[0.000679106859025,0.00162227870896,0.00170537643135,0.000810566998553,0.000230565448874,0.000158856317285,0.000207634744584,0.00015793943021,0.000100358833151,0.0000839522908791,0.000117366893392,0.000113965907076,0.00012104268535,0.0000680577868479,0.000077545097156,0.0000519833665749,0.0000487312972837,0.0000314792814606,0.0000286514496111,0.0000215415711864,0.000023530841645,0.0000270124601229,0.0000134034853545,0.0000177433030331,0.0000154780354933,0.0000104228911368,0.00000946022919379,0.00000881035521161,0.00000790251033322,0.00000439086670667,0.0000032303998978,0.00000372273484572,0.00000207520633921,0.00000131941999371,8.89522027592e-7,5.1631155884e-7,4.33448434478e-7,2.78445810409e-7,2.34641760244e-7,1.88958964031e-7],"dvar":[9.44163502936e-7,0.00000681532947056,0.00000744844464862,0.0000021135795123,1.01386625317e-7,3.65408681091e-8,6.94856510108e-8,4.66284824086e-8,3.50672451077e-8,1.95447036333e-8,2.14434550116e-8,1.93912512714e-8,3.03802636381e-8,1.15021832059e-8,1.46071412743e-8,5.36285016395e-9,4.2582626314e-9,2.12608308736e-9,1.68061786709e-9,1.52656787211e-9,1.42680434134e-9,1.72360226092e-9,2.99807789705e-10,4.42064829187e-10,3.07352088225e-10,1.21698720545e-10,1.28020760659e-10,1.3532948373e-10,1.13992697226e-10,3.71578393055e-11,2.07002453373e-11,3.57061880063e-11,7.94995753256e-12,2.90715129921e-12,1.35226844913e-12,5.41528139605e-13,3.51330916399e-13,1.77978291827e-13,1.56700349853e-13,7.91909601588e-14],"dvar2":[0.00000228052044804,0.0000149920851982,0.0000178694172064,0.00000522063419339,2.7001024705e-7,8.83937261165e-8,1.61599089665e-7,1.05986686094e-7,8.16255862901e-8,4.54025261831e-8,5.52463852443e-8,4.6399261322e-8,6.68032313911e-8,2.31763870318e-8,3.74988964325e-8,1.16858718258e-8,9.33385901902e-9,4.6683004129e-9,3.83080411837e-9,3.44425332699e-9,3.64352281679e-9,4.62596316808e-9,7.63823171379e-10,9.64058499697e-10,6.78482880989e-10,2.7818664039e-10,2.90889007326e-10,2.9127084078e-10,2.41426323377e-10,7.72836517005e-11,4.27019253291e-11,8.41477235114e-11,1.75847808537e-11,6.22453911331e-12,2.91967535218e-12,1.10781327688e-12,7.77033548182e-13,4.06881505485e-13,3.6587868694e-13,1.56073599682e-13],"max":[0.0107137728482,0.0286582000554,0.0286272093654,0.0147197265178,0.00661587854847,0.00369404652156,0.00517510157079,0.00597375817597,0.00534748472273,0.00594410346821,0.00302386307158,0.00250635691918,0.00394123792648,0.00277978694066,0.00337329669856,0.00165944045875,0.00187998649199,0.00111820641905,0.000852493569255,0.00123292114586,0.00118773244321,0.000898694444913,0.000374763796572,0.000415807560785,0.000323335116263,0.000234537568758,0.000196729655727,0.000182475414476,0.00014035597269,0.000105414299469,0.000111704022856,0.000226249248954,0.0000741363910493,0.000026779332984,0.0000183357296919,0.0000216329717659,0.0000103906932054,0.0000129271475089,0.0000164707416843,0.0000084230405264],"mean":[0.000708982523065,0.00159293704201,0.0013045569649,0.000582455366384,0.000202897470444,0.000173546155565,0.000237712010858,0.000203270465136,0.00012030936341,0.0000890805677045,0.000121551609482,0.000132165136165,0.000167649806826,0.0000890046430868,0.0000907015200937,0.0000602594736847,0.0000580591695325,0.0000368622895621,0.0000338636236847,0.0000290298630716,0.0000223816732614,0.0000251885194302,0.0000150108235175,0.0000214681331272,0.0000188455287571,0.0000131015694933,0.0000109144666567,0.00000952462960413,0.00000835236824059,0.00000474891749036,0.00000363662365999,0.00000367784627997,0.00000229034276344,0.0000013666143559,8.81312132606e-7,5.36696688869e-7,4.07107677347e-7,2.6552777399e-7,2.08236016874e-7,1.59494788932e-7],"median":[0.000271176977549,0.000492159510031,0.000329133385094,0.00012081755267,0.0000759765316616,0.0000695384806022,0.0000933442061068,0.0000644431493129,0.0000278628904198,0.00001943364623,0.0000350996415364,0.0000406409635616,0.0000358813740604,0.0000232264210354,0.0000178326808964,0.0000186652014236,0.0000189416132343,0.0000101396017271,0.00000814172108221,0.00000687363399265,0.00000715501573723,0.00000943941631704,0.0000068781578193,0.00000842914505483,0.00000784033090895,0.00000657500777379,0.00000528023701918,0.00000392192487197,0.00000309442953039,0.00000179684332124,0.00000144302578065,0.00000135460686579,9.66062430052e-7,5.46685612335e-7,3.14874057494e-7,1.79978755455e-7,1.37199350547e-7,8.1382189876e-8,4.96061893784e-8,2.92409971792e-8],"min":[1.04172602826e-24,4.2749072568e-25,1.04817703692e-24,1.50939245377e-24,1.289802667e-24,2.16499049463e-24,2.42694181618e-24,1.60947671593e-24,2.06517809366e-24,1.39791408191e-24,7.80669324277e-25,2.20435820367e-24,2.05949888678e-24,4.34533616677e-24,2.87348264525e-24,2.31993362325e-24,2.40597251281e-24,2.39745932314e-24,3.77011733291e-24,2.91765550329e-24,3.26601805675e-24,3.94648375436e-24,4.49204496805e-24,3.2421035412e-24,4.31423887546e-24,4.20846879971e-24,4.18838440107e-24,3.58152908947e-24,4.96308249203e-24,5.24984250298e-24,5.22433744662e-24,4.90678030593e-24,4.66253950334e-24,5.6004659318e-24,4.71015554201e-24,6.27832503575e-24,5.13759351262e-24,6.26907800822e-24,5.30755832781e-24,6.06062111959e-24],"var":[0.00000125842950638,0.0000093130638561,0.00000780048776505,0.00000216526746044,1.66006373092e-7,8.389218209e-8,1.78922689997e-7,1.80990696208e-7,1.30189079073e-7,4.7629974631e-8,4.53329214167e-8,5.27104475623e-8,1.24385209688e-7,4.27642135037e-8,4.91704241767e-8,1.68715619253e-8,1.45066252344e-8,6.06293015792e-9,5.29963406493e-9,6.30204111118e-9,2.03981032065e-9,2.09931028117e-9,4.87087592482e-10,1.1495040475e-9,7.83042741759e-10,3.17938980698e-10,2.55618776146e-10,2.53167625752e-10,2.11969469754e-10,7.03215541353e-11,3.86552352627e-11,4.78768899526e-11,1.35058466147e-11,4.99303246318e-12,2.29680619142e-12,1.02139640062e-12,5.56489045383e-13,2.69368647396e-13,2.18641673776e-13,1.25117472806e-13]},"melbands_crest":{"dmean":3.67807269096,"dmean2":5.86986684799,"dvar":12.8255033493,"dvar2":30.799697876,"max":39.079334259,"mean":14.3168230057,"median":13.3735542297,"min":1.22667217255,"var":34.0235671997},"melbands_flatness_db":{"dmean":0.0278763137758,"dmean2":0.0422102063894,"dvar":0.00093252712395,"dvar2":0.00211688503623,"max":0.51731389761,"mean":0.189559191465,"median":0.186880335212,"min":0.00023482539109,"var":0.00410528853536},"melbands_kurtosis":{"dmean":8.32155227661,"dmean2":13.4184799194,"dvar":334.158538818,"dvar2":800.145751953,"max":422.850158691,"mean":12.4784049988,"median":3.48954629898,"min":-1.66410887241,"var":663.28717041},"melbands_skewness":{"dmean":0.888064026833,"dmean2":1.36702334881,"dvar":1.35564291477,"dvar2":3.03543376923,"max":16.8042831421,"mean":2.29496026039,"median":1.73600268364,"min":-1.78331506252,"var":4.32013273239},"melbands_spread":{"dmean":8.1418390274,"dmean2":12.7735338211,"dvar":88.689414978,"dvar2":212.90852356,"max":175.057281494,"mean":29.4539756775,"median":26.9278430939,"min":0.587292194366,"var":421.753875732},"mfcc":{"cov":[[13574.8632812,1569.44787598,-447.774200439,420.928771973,-301.812713623,68.7497253418,-130.10256958,-23.5030632019,-81.6134719849,-84.8022918701,-153.894577026,-155.561599731,-141.597854614],[1569.44787598,1089.98657227,-31.4924621582,196.955551147,2.56763768196,71.2607116699,54.6647338867,83.0941238403,6.44531154633,-9.14019107819,-7.49269723892,21.280008316,-4.9393453598],[-447.774200439,-31.4924621582,554.513366699,148.681030273,116.098083496,35.233215332,32.6205329895,-0.790539383888,26.8921794891,-34.6715698242,-37.3354759216,-8.16999816895,-24.9655380249],[420.928771973,196.955551147,148.681030273,391.882324219,156.384536743,22.5539321899,-58.5113449097,-7.56292152405,22.0361919403,2.33871054649,2.26557612419,-5.26427459717,17.3687095642],[-301.812713623,2.56763768196,116.098083496,156.384536743,236.838592529,57.0221252441,-27.1399898529,-8.58281803131,36.0619049072,15.4745264053,6.98017024994,3.7502579689,21.94024086],[68.7497253418,71.2607116699,35.233215332,22.5539321899,57.0221252441,185.99269104,111.783103943,27.9403800964,4.90697574615,-6.61580562592,11.0658130646,3.71595072746,3.46282982826],[-130.10256958,54.6647338867,32.6205329895,-58.5113449097,-27.1399898529,111.783103943,253.357620239,97.255065918,-5.18721103668,2.13317322731,32.7744483948,0.871506154537,-9.1644525528],[-23.5030632019,83.0941238403,-0.790539383888,-7.56292152405,-8.58281803131,27.9403800964,97.255065918,147.158187866,30.2781047821,19.4686164856,33.9867477417,19.6418113708,27.8117427826],[-81.6134719849,6.44531154633,26.8921794891,22.0361919403,36.0619049072,4.90697574615,-5.18721103668,30.2781047821,143.55619812,38.706943512,2.55469322205,37.4164886475,16.6371135712],[-84.8022918701,-9.14019107819,-34.6715698242,2.33871054649,15.4745264053,-6.61580562592,2.13317322731,19.4686164856,38.706943512,99.8035354614,56.2483139038,27.2300109863,22.1759757996],[-153.894577026,-7.49269723892,-37.3354759216,2.26557612419,6.98017024994,11.0658130646,32.7744483948,33.9867477417,2.55469322205,56.2483139038,128.291488647,54.6303329468,29.1687679291],[-155.561599731,21.280008316,-8.16999816895,-5.26427459717,3.7502579689,3.71595072746,0.871506154537,19.6418113708,37.4164886475,27.2300109863,54.6303329468,122.968589783,63.0185661316],[-141.597854614,-4.9393453598,-24.9655380249,17.3687095642,21.94024086,3.46282982826,-9.1644525528,27.8117427826,16.6371135712,22.1759757996,29.1687679291,63.0185661316,126.217346191]],"icov":[[0.000103967475297,-0.000118700299936,0.0000795464220573,-0.000152832930326,0.000233625076362,-0.000134302608785,0.000107733460027,0.00000848857052915,-0.00000714047109796,-0.0000131673432406,0.0000664980034344,0.0000900578088476,0.000060705046053],[-0.000118700299936,0.00133826257661,0.000199897855055,-0.000761772156693,0.000190256905626,-0.00030491760117,-0.000132455403218,-0.00079942116281,0.000238125678152,-0.0000536155603186,0.000522781629115,-0.000798203400336,0.000461148913018],[0.0000795464220573,0.000199897855055,0.00247630476952,-0.00103056128137,-0.000684388855007,0.000240317924181,-0.000838705454953,0.0000252616991929,-0.00027156775468,0.000729780585971,0.000857865612488,-0.00068015436409,0.000823511043563],[-0.000152832930326,-0.000761772156693,-0.00103056128137,0.00475732283667,-0.0026693015825,0.000247429561568,0.00101719622035,0.0000408192063333,-0.000147602928337,0.000343286897987,-0.00116212107241,0.0010454072617,-0.000831937184557],[0.000233625076362,0.000190256905626,-0.000684388855007,-0.0026693015825,0.00788105465472,-0.00317908241414,0.0017341185594,0.000143570912769,-0.00108132138848,-0.00096560124075,-0.000299098202959,0.00101560214534,-0.000812739599496],[-0.000134302608785,-0.00030491760117,0.000240317924181,0.000247429561568,-0.00317908241414,0.00933839101344,-0.00509594380856,0.00167989300098,-0.000412306078942,0.00130883941893,-0.000201109069167,-0.000286298716674,-0.000579061510507],[0.000107733460027,-0.000132455403218,-0.000838705454953,0.00101719622035,0.0017341185594,-0.00509594380856,0.00890618003905,-0.00486764870584,0.000906496483367,-0.000163827688084,-0.00129072414711,0.000657483004034,0.00124672788661],[0.00000848857052915,-0.00079942116281,0.0000252616991929,0.0000408192063333,0.000143570912769,0.00167989300098,-0.00486764870584,0.0115133421496,-0.00277734501287,0.000378100841772,-0.00205957377329,0.00147934036795,-0.0029467898421],[-0.00000714047109796,0.000238125678152,-0.00027156775468,-0.000147602928337,-0.00108132138848,-0.000412306078942,0.000906496483367,-0.00277734501287,0.00998539850116,-0.00461960304528,0.00373070407659,-0.00402802368626,0.00148939690553],[-0.0000131673432406,-0.0000536155603186,0.000729780585971,0.000343286897987,-0.00096560124075,0.00130883941893,-0.000163827688084,0.000378100841772,-0.00461960304528,0.0161768887192,-0.00738460989669,0.00174783030525,-0.00128241814673],[0.0000664980034344,0.000522781629115,0.000857865612488,-0.00116212107241,-0.000299098202959,-0.000201109069167,-0.00129072414711,-0.00205957377329,0.00373070407659,-0.00738460989669,0.0146401533857,-0.00639735069126,0.00145874905866],[0.0000900578088476,-0.000798203400336,-0.00068015436409,0.0010454072617,0.00101560214534,-0.000286298716674,0.000657483004034,0.00147934036795,-0.00402802368626,0.00174783030525,-0.00639735069126,0.0151382116601,-0.0065115285106],[0.000060705046053,0.000461148913018,0.000823511043563,-0.000831937184557,-0.000812739599496,-0.000579061510507,0.00124672788661,-0.0029467898421,0.00148939690553,-0.00128241814673,0.00145874905866,-0.0065115285106,0.0121263619512]],"mean":[-674.596130371,113.125846863,-18.5752258301,34.6875038147,-5.89647674561,12.0220556259,5.28774023056,7.36492967606,-3.511541605,-0.112652078271,1.26939284801,1.32123875618,1.03850662708]},"pitch_salience":{"dmean":0.0805440172553,"dmean2":0.12986394763,"dvar":0.00684867519885,"dvar2":0.0175865255296,"max":0.990235030651,"mean":0.527867078781,"median":0.528837263584,"min":0.0331717096269,"var":0.0156823340803},"silence_rate_20dB":{"dmean":0,"dmean2":0,"dvar":0,"dvar2":0,"max":1,"mean":1,"median":1,"min":1,"var":0},"silence_rate_30dB":{"dmean":0.00108636613004,"dmean2":0.0021730272565,"dvar":0.00108516961336,"dvar2":0.00325475283898,"max":1,"mean":0.999456882477,"median":1,"min":0,"var":0.000542781315744},"silence_rate_60dB":{"dmean":0.0309614334255,"dmean2":0.0619312785566,"dvar":0.0300047211349,"dvar2":0.0657040476799,"max":1,"mean":0.122606925666,"median":0,"min":0,"var":0.107580505311},"spectral_centroid":{"dmean":291.819091797,"dmean2":451.596862793,"dvar":106249.617188,"dvar2":242835.46875,"max":11647.5400391,"mean":1755.02807617,"median":1604.39086914,"min":170.429016113,"var":1677977.875},"spectral_complexity":{"dmean":4.34872341156,"dmean2":5.74711418152,"dvar":31.3100261688,"dvar2":48.8119392395,"max":65,"mean":17.4625930786,"median":15,"min":0,"var":156.880172729},"spectral_contrast_coeffs":{"dmean":[0.0532500036061,0.0466591157019,0.0410521551967,0.0319076739252,0.0219523906708,0.0176490936428],"dmean2":[0.0853729844093,0.0755844116211,0.0650981366634,0.0498698242009,0.0349023751915,0.0274602063],"dvar":[0.0029215933755,0.00157348322682,0.00120064767543,0.000744541059248,0.000353805953637,0.000254795450019],"dvar2":[0.00614790525287,0.00372309749946,0.00285550369881,0.00164506153669,0.000822895497549,0.000578884966671],"max":[-0.272658914328,-0.381842672825,-0.418360203505,-0.471398323774,-0.58434098959,-0.571496844292],"mean":[-0.661325454712,-0.728186011314,-0.744512617588,-0.764091134071,-0.789841771126,-0.72644931078],"median":[-0.675102651119,-0.736671686172,-0.750738739967,-0.770235896111,-0.790860652924,-0.720312654972],"min":[-0.98084372282,-0.990553975105,-0.989538609982,-0.983638703823,-0.984502077103,-0.965714216232],"var":[0.0122481724247,0.00866001378745,0.0080186817795,0.00582246249542,0.0026117276866,0.00263604777865]},"spectral_contrast_valleys":{"dmean":[0.444332182407,0.403995931149,0.350868225098,0.326717078686,0.28124153614,0.352952748537],"dmean2":[0.697729945183,0.62216770649,0.53783762455,0.469118893147,0.371814608574,0.412430107594],"dvar":[0.178205117583,0.148370698094,0.124948106706,0.120925046504,0.09771476686,0.156690403819],"dvar2":[0.369563519955,0.285170942545,0.23264656961,0.200935393572,0.151576697826,0.228057563305],"max":[-5.40069389343,-4.94957494736,-5.41277217865,-5.86964797974,-5.46450424194,-8.28458499908],"mean":[-8.01750850677,-7.62065935135,-8.02195930481,-8.26439285278,-7.83463430405,-11.0129823685],"median":[-7.43655061722,-7.10186386108,-7.50707292557,-7.85197114944,-7.40729379654,-10.7358217239],"min":[-28.3656711578,-28.102060318,-27.768655777,-27.6578655243,-27.5070610046,-27.4023628235],"var":[7.9106388092,7.98440027237,7.60090112686,7.44121837616,7.58026075363,5.57556962967]},"spectral_decrease":{"dmean":2.00773420111e-9,"dmean2":2.93023982856e-9,"dvar":1.15736108643e-17,"dvar2":2.42792531384e-17,"max":2.43140508795e-27,"mean":-5.34478505898e-9,"median":-4.30965840792e-9,"min":-3.0819265362e-8,"var":2.23662259183e-17},"spectral_energy":{"dmean":0.00786811392754,"dmean2":0.0113086188212,"dvar":0.000170137398527,"dvar2":0.000350458169123,"max":0.119515307248,"mean":0.021717812866,"median":0.01776971668,"min":1.00420542235e-20,"var":0.000351748720277},"spectral_energyband_high":{"dmean":0.000363426399417,"dmean2":0.000482352741528,"dvar":4.59135492292e-7,"dvar2":8.2636637444e-7,"max":0.0106367282569,"mean":0.00064494390972,"median":0.000296093785437,"min":7.03063130992e-21,"var":0.00000102652404621},"spectral_energyband_low":{"dmean":0.0041735842824,"dmean2":0.0063677909784,"dvar":0.000079394383647,"dvar2":0.000170310420799,"max":0.0971632003784,"mean":0.00739201204851,"median":0.00358883105218,"min":1.22334655916e-23,"var":0.000124455487821},"spectral_energyband_middle_high":{"dmean":0.00193306594156,"dmean2":0.00286512286402,"dvar":0.00000594389121034,"dvar2":0.0000134879783218,"max":0.0302720274776,"mean":0.00620084721595,"median":0.00510748801753,"min":1.0882829194e-21,"var":0.0000298435043078},"spectral_energyband_middle_low":{"dmean":0.00478135002777,"dmean2":0.00747650163248,"dvar":0.000125231861603,"dvar2":0.00029123632703,"max":0.114574819803,"mean":0.00883961841464,"median":0.00510309077799,"min":1.74869043536e-22,"var":0.000167424004758},"spectral_entropy":{"dmean":0.144029200077,"dmean2":0.196281865239,"dvar":0.0214374046773,"dvar2":0.0417434312403,"max":9.82191371918,"mean":7.6153087616,"median":7.60275268555,"min":5.64662790298,"var":0.19005651772},"spectral_flux":{"dmean":0.0269832331687,"dmean2":0.0427142381668,"dvar":0.00128053454682,"dvar2":0.00323505443521,"max":0.302379995584,"mean":0.0755109786987,"median":0.0660861954093,"min":6.17603398978e-11,"var":0.00254679052159},"spectral_kurtosis":{"dmean":1.42644953728,"dmean2":2.47752118111,"dvar":2.08630228043,"dvar2":6.11064338684,"max":20.5772972107,"mean":3.62108421326,"median":3.23558521271,"min":-1.26222729683,"var":3.98578071594},"spectral_rms":{"dmean":0.000755333923735,"dmean2":0.00104099779855,"dvar":0.00000111307122097,"dvar2":0.00000205959781852,"max":0.0107981618494,"mean":0.00412883982062,"median":0.0041636894457,"min":3.13003616081e-12,"var":0.00000414077385358},"spectral_rolloff":{"dmean":500.870391846,"dmean2":836.390808105,"dvar":542488.875,"dvar2":1242922,"max":19767.4804688,"mean":1846.63293457,"median":1421.19140625,"min":21.533203125,"var":5983668},"spectral_skewness":{"dmean":0.190387129784,"dmean2":0.316231548786,"dvar":0.0304334536195,"dvar2":0.0830643251538,"max":3.47750329971,"mean":1.20679235458,"median":1.18883824348,"min":-0.117029048502,"var":0.110728256404},"spectral_spread":{"dmean":420920.0625,"dmean2":610210.375,"dvar":498471370752,"dvar2":1020653273090,"max":42688176,"mean":4455858,"median":3645489.75,"min":1798605.625,"var":22245319639000},"spectral_strongpeak":{"dmean":0.590484440327,"dmean2":1.00155317783,"dvar":0.756065011024,"dvar2":1.87862622738,"max":9.65793323517,"mean":1.09518504143,"median":0.561667561531,"min":0,"var":1.69701421261},"zerocrossingrate":{"dmean":0.00912483874708,"dmean2":0.0112432679161,"dvar":0.000115817972983,"dvar2":0.000191718150745,"max":0.5244140625,"mean":0.0661587640643,"median":0.056640625,"min":0.00390625,"var":0.00390270561911}},"metadata":{"audio_properties":{"analysis_sample_rate":44100,"bit_rate":128000,"codec":"mp3","downmix":"mix","equal_loudness":0,"length":170.971435547,"lossless":false,"md5_encoded":"3cb9b578381c97080ea3cbca566a3ef7","replay_gain":-11.2489948273,"sample_rate":44100},"tags":{"album":["Emperors Of Soul"],"albumartist":["The Temptations"],"artist":["The Temptations"],"composer":["Berry Gordy, Jr."],"date":["1994"],"discnumber":["1"],"file_name":"copy861856449881075831.mp3","genre":["Soul"],"label":["Motown"],"musicbrainz_recordingid":["3d0fc144-1774-4c26-b9c3-f41b05600386"],"title":["Paradise"],"tracknumber":["8"]},"version":{"essentia":"2.1-beta2","essentia_build_sha":"cead25079874084f62182a551b7393616cd33d87","essentia_git_sha":"v2.1_beta2-1-ge3940c0","extractor":"music 1.0"}},"rhythm":{"beats_count":325,"beats_loudness":{"dmean":0.0143681894988,"dmean2":0.0250136423856,"dvar":0.000211034363019,"dvar2":0.000596749014221,"max":0.107324652374,"mean":0.0383114889264,"median":0.039247199893,"min":0,"var":0.000337026722264},"beats_loudness_band_ratio":{"dmean":[0.290741950274,0.0915790200233,0.0812256932259,0.137149095535,0.0892735496163,0.0982380658388],"dmean2":[0.543115198612,0.161865204573,0.139196172357,0.243140533566,0.165853098035,0.191653177142],"dvar":[0.0352111533284,0.00724160578102,0.00572232576087,0.0186214502901,0.00586294382811,0.00575352227315],"dvar2":[0.106385856867,0.0208680536598,0.0145735545084,0.0563968978822,0.0168928802013,0.0167362987995],"max":[0.97661626339,0.480382174253,0.725556313992,0.835438013077,0.729126632214,0.63495194912],"mean":[0.410352885723,0.127345725894,0.123851411045,0.162894636393,0.120486624539,0.0904995054007],"median":[0.386123001575,0.112389810383,0.0988085791469,0.130232095718,0.111290924251,0.0742535963655],"min":[0,0,0,0,0,0],"var":[0.0543685145676,0.00811531767249,0.00867755990475,