{"lowlevel":{"average_loudness":0.292777061462,"barkbands":{"dmean":[6.53294364383e-7,0.0000072599127634,0.0000244265484071,0.0000602343279752,0.000521312700585,0.000609714130405,0.000605003966484,0.000535320781637,0.000485091266455,0.000387893524021,0.000449603016023,0.000310900475597,0.000303371809423,0.000423185294494,0.000157461981871,0.000363462750101,0.000366410531569,0.000314538483508,0.000154745430336,0.000092840360594,0.0000742483898648,0.0000226156189456,0.0000188305348274,0.0000263541442109,0.0000164777247846,0.00000367965481018,8.44803480504e-8],"dmean2":[0.00000110422911348,0.0000125525866679,0.0000428379571531,0.000103130732896,0.000780473987106,0.000921343511436,0.000918587553315,0.000843724585138,0.00072255183477,0.00058967503719,0.0006139879697,0.000463197298814,0.000452754989965,0.000646279775538,0.000245292292675,0.000580905354582,0.00055465841433,0.000485929078422,0.00023492584296,0.000141719603562,0.000109564738523,0.0000327950074279,0.0000259284879576,0.0000357229437213,0.0000218862769543,0.00000483677740704,1.32500147743e-7],"dvar":[3.49261288293e-12,1.70856162551e-10,2.05893746497e-9,1.19930705367e-8,0.00000155535053636,0.00000335210097546,0.0000112696370707,0.00000338281961376,0.00000203661329579,0.00000362052560376,0.00000482959512738,0.00000299831231132,0.00000178829839115,0.00000416732427766,6.879164971e-7,9.47010107666e-7,2.62275733576e-7,2.20941331008e-7,6.25367988505e-8,3.40092007889e-8,2.10114823318e-8,1.05251238836e-8,1.18722711662e-8,2.91419670617e-8,1.08645155095e-8,7.13154701959e-10,2.26339536306e-13],"dvar2":[8.38915915902e-12,4.88776075169e-10,6.03260108534e-9,3.41748886967e-8,0.00000303270007862,0.00000699973406881,0.0000242346759478,0.00000808946697362,0.0000045579035941,0.00000786920463725,0.00000804403953225,0.00000647870865578,0.00000363795425073,0.00000770800124883,0.0000015914956748,0.00000207074663194,6.09288349551e-7,5.43184569324e-7,1.37503107567e-7,7.59608056455e-8,4.60766287347e-8,1.95019076443e-8,2.25752874172e-8,4.94834893061e-8,1.67523470651e-8,1.11781295331e-9,4.72144784207e-13],"max":[0.0000780253758421,0.000208345096326,0.000733467575628,0.00167384836823,0.0324500799179,0.0518612340093,0.119173154235,0.0595850944519,0.0377699546516,0.0578133314848,0.0874861776829,0.0662020072341,0.0385238602757,0.0813539251685,0.0252221655101,0.0407436527312,0.0100260097533,0.0072671524249,0.0070010186173,0.00489111570641,0.00322231883183,0.00313731026836,0.00287739746273,0.00664081936702,0.00418569752946,0.000981681863777,0.0000166753452504],"mean":[7.48833826947e-7,0.000010074304555,0.0000306231740979,0.0000897737263585,0.00105416984297,0.00114791491069,0.000903869047761,0.000883651373442,0.000912248971872,0.000593700795434,0.000848725263495,0.000482528732391,0.000483458919916,0.000827756884973,0.00023470474116,0.000732806220185,0.000901543535292,0.000703355763108,0.000368147186236,0.000205534684937,0.000149978732225,0.0000361376405635,0.0000285146343231,0.0000406245453632,0.0000276360551652,0.00000619161846771,1.39021878454e-7],"median":[2.92816366709e-7,0.00000475298065794,0.0000108844760689,0.0000356127093255,0.000364247098332,0.000165043951711,0.000183822965482,0.000210385536775,0.000221308946493,0.0000979939140962,0.0000360637641279,0.000038873487938,0.000116784474812,0.000229376368225,0.0000467466234113,0.000321438419633,0.000549324031454,0.000425852078479,0.000198048277525,0.0000724402707419,0.0000659193610772,0.00000709347841621,0.00000237989843299,0.00000245937599175,9.15360089948e-7,3.32176171014e-7,4.50727739576e-8],"min":[6.33628098985e-23,2.06758486883e-23,3.78473847536e-23,8.84334137339e-24,8.82291445134e-23,3.16466477378e-23,1.4944411967e-22,4.59503083811e-23,1.35101782754e-22,3.40704702007e-23,5.37031828705e-23,7.99077726794e-23,1.30112938037e-22,1.2064742759e-22,1.0071088672e-22,1.91676337278e-22,1.06339333548e-22,1.49246424816e-22,2.83692834552e-22,4.47222740949e-22,3.58909371335e-22,8.51325865192e-22,6.29196770669e-22,7.90458417974e-22,8.98630862317e-22,1.53307374733e-21,2.60087859494e-21],"var":[4.80731947305e-12,2.18274565089e-10,2.83922507727e-9,2.14346851379e-8,0.00000462673006041,0.00000878422360984,0.0000160287909239,0.0000053124963415,0.00000501196836922,0.00000671190127832,0.0000165164365171,0.0000060107668105,0.00000320936987919,0.0000162000633281,0.00000114980412036,0.00000233807236327,0.00000110858115931,6.7806035986e-7,2.20561233277e-7,1.33790578616e-7,5.91981681453e-8,1.94764524508e-8,2.44591049636e-8,6.17444229079e-8,3.17404307282e-8,2.02571803776e-9,4.89778953072e-13]},"barkbands_crest":{"dmean":2.0924911499,"dmean2":3.26646375656,"dvar":4.32887792587,"dvar2":9.72325992584,"max":26.2653694153,"mean":8.5922164917,"median":7.27584552765,"min":2.66128325462,"var":17.7924518585},"barkbands_flatness_db":{"dmean":0.0154345668852,"dmean2":0.0225766543299,"dvar":0.000223279508646,"dvar2":0.000436600792455,"max":0.378588110209,"mean":0.139801219106,"median":0.138816952705,"min":0.0191554762423,"var":0.00142133317422},"barkbands_kurtosis":{"dmean":1.10945212841,"dmean2":1.7018443346,"dvar":11.9980716705,"dvar2":26.8759555817,"max":155.743606567,"mean":0.251397430897,"median":-0.750916838646,"min":-1.89645838737,"var":19.2868251801},"barkbands_skewness":{"dmean":0.406885802746,"dmean2":0.583347082138,"dvar":0.198710739613,"dvar2":0.37970739603,"max":11.8607521057,"mean":0.238799035549,"median":0.134602278471,"min":-3.02827358246,"var":1.1410381794},"barkbands_spread":{"dmean":4.74739122391,"dmean2":7.2512588501,"dvar":39.0860137939,"dvar2":94.5401611328,"max":133.186645508,"mean":25.29155159,"median":22.871837616,"min":0.804644703865,"var":223.93196106},"dissonance":{"dmean":0.0115266283974,"dmean2":0.018454303965,"dvar":0.000185065859114,"dvar2":0.00045333331218,"max":0.500000059605,"mean":0.475577324629,"median":0.482823431492,"min":0.257673949003,"var":0.000546501541976},"dynamic_complexity":9.00355434418,"erbbands":{"dmean":[0.000152671491378,0.00208492577076,0.0206569377333,0.111965790391,0.543576300144,2.01786470413,4.6183590889,4.97612667084,7.57209205627,8.77822971344,13.4432497025,11.4318447113,6.5055475235,19.5978183746,15.4888410568,11.0461339951,11.8811693192,22.8215484619,8.1764831543,9.75569725037,21.8451080322,17.3636188507,15.8524627686,13.7225494385,7.02948045731,3.79638004303,2.27845430374,2.88885211945,0.878226220608,0.539647996426,0.565609514713,0.565273880959,0.431749641895,0.257119745016,0.0812861099839,0.026325667277,0.00506072351709,0.000399791053496,0.0000149427442011,0.00000399736609324],"dmean2":[0.000263200287009,0.00363590568304,0.0359589606524,0.192075297236,0.884659826756,3.04556727409,6.91978120804,7.35616588593,11.5721302032,13.4684743881,20.9048366547,17.1568012238,9.72716808319,27.3607730865,20.8118686676,15.6539421082,17.7515182495,33.4345779419,12.0459470749,14.7379245758,34.3559494019,26.2414951324,24.3970470428,20.9944190979,10.7156448364,5.79474449158,3.2966940403,4.30843305588,1.2671931982,0.78202611208,0.78565621376,0.7778185606,0.589994609356,0.336735785007,0.110593743622,0.035794839263,0.00662710051984,0.000531967380084,0.0000209794288821,0.00000567703000343],"dvar":[1.03630441117e-7,0.0000141918972076,0.0014094352955,0.0389793850482,1.05526435375,20.4311065674,210.181991577,341.453033447,2060.75244141,1432.97998047,2224.23681641,1188.39697266,859.051208496,8771.8828125,8149.89794922,2519.93212891,2442.53857422,11641.6748047,981.65234375,2059.55761719,1977.8873291,592.534667969,556.045471191,472.798461914,140.662155151,69.6874847412,22.602350235,32.7314071655,13.7963647842,8.79939842224,11.0797767639,12.1813297272,8.3785161972,2.58898305893,0.317095458508,0.0382540635765,0.00130874209572,0.00000703323621565,6.35325791976e-9,6.14737497018e-11],"dvar2":[2.80041916767e-7,0.0000409155363741,0.00412279320881,0.112989529967,2.73820114136,43.1537780762,434.901153564,672.377868652,4645.75439453,3172.63964844,5226.27490234,2615.03393555,1957.56750488,15947.6708984,14000.4003906,5219.14404297,5297.20214844,20716.7519531,1983.60412598,3722.29418945,5010.97509766,1354.9206543,1369.52636719,1115.49023438,321.576293945,159.798797607,46.5245094299,71.8904800415,26.078004837,16.9216480255,20.9965419769,20.8752880096,14.0816392899,4.02310228348,0.565322101116,0.0629363805056,0.00197730027139,0.000011033894225,1.12208518033e-8,1.1687607826e-10],"max":[0.00723774498329,0.05282959342,0.594873428345,3.03287792206,22.6644592285,129.952148438,582.45098877,483.438049316,1256.94128418,1229.68115234,1545.58654785,890.136779785,1098.84399414,3053.98608398,3832.96679688,1839.18408203,1566.32849121,4650.72558594,1192.76342773,2142.59912109,1938.65185547,483.754364014,466.967346191,392.234008789,366.380432129,276.772399902,209.724395752,133.509796143,133.829559326,77.7130432129,90.0061340332,113.014938354,126.605743408,72.7249298096,21.4528121948,7.07802772522,1.62073266506,0.104278996587,0.00277434405871,0.000208966972423],"mean":[0.000234922015807,0.00290980888531,0.0287225805223,0.180362701416,0.945756494999,4.1233921051,9.39126777649,8.6591386795,10.6327791214,15.3872318268,23.3635692596,21.3654346466,11.9483165741,34.5802688599,28.7411651611,19.2078590393,22.6808261871,47.5779838562,15.6178798676,19.2957019806,50.5060501099,46.3027420044,37.947719574,30.3971939087,16.6414394379,8.69156551361,5.11586380005,5.58550357819,1.53410887718,0.835254430771,0.862782359123,0.869939148426,0.663365960121,0.419325530529,0.130399689078,0.0427600815892,0.00854401383549,0.000765188306104,0.0000323464264511,0.000016441435946],"median":[0.000146546954056,0.00127197965048,0.0116286585107,0.0829007476568,0.408450961113,1.40146493912,1.63681721687,1.52709436417,1.95002543926,4.53849220276,5.05222463608,5.77314186096,2.99820947647,3.99287605286,1.43377184868,1.88335239887,5.47618198395,12.4085178375,5.56315517426,5.8233833313,27.2004337311,30.5123252869,24.4155044556,17.1442165375,8.30498218536,3.30969381332,2.06910705566,2.41707253456,0.425682157278,0.0946177914739,0.0690988749266,0.0651817470789,0.0296082086861,0.0140225095674,0.00419230572879,0.00157967978157,0.000581246335059,0.000148919672938,0.0000125473588923,0.00000955454015639],"min":[5.01618398544e-22,6.0624818342e-21,3.44012364481e-20,3.93316012528e-20,3.98664736852e-20,2.55267135703e-19,6.50482839593e-19,3.07278779205e-19,1.31990945938e-18,2.40365533836e-18,1.13633698835e-18,3.49086679392e-18,1.36618121906e-18,1.98152191072e-18,1.80578490804e-18,3.54570845494e-18,7.21885483659e-18,3.90600889102e-18,5.63630405559e-18,8.89182679829e-18,1.05455097353e-17,6.6473416893e-18,6.44707381838e-18,1.13887202809e-17,1.62783767876e-17,2.35466821356e-17,1.56846298527e-17,1.53471451258e-17,3.57993015765e-17,2.04821218955e-17,1.85288573017e-17,1.19666432508e-17,1.55452912785e-17,8.58752028583e-18,7.18107005339e-18,4.98625507223e-18,3.14768920331e-18,1.43927968678e-18,3.60947575666e-19,3.77438571475e-20],"var":[1.30255642716e-7,0.0000186624565686,0.00203125923872,0.07204528898,2.24772787094,66.6762771606,662.002258301,685.24432373,2585.97045898,2553.06152344,3806.27807617,2732.76855469,1440.06799316,25989.0566406,24036.5039062,5584.45556641,5557.68017578,54101.9453125,1985.20678711,5800.80029297,5330.30761719,2638.45800781,1851.16308594,1399.89978027,506.250183105,261.754547119,108.548980713,80.0765914917,25.9668674469,15.7216205597,23.2899894714,26.1880817413,17.9119701385,7.52430391312,0.769533932209,0.0982980206609,0.00401050271466,0.0000211918941204,1.74603602687e-8,4.09644290711e-10]},"erbbands_crest":{"dmean":2.4068338871,"dmean2":3.84548449516,"dvar":5.94555568695,"dvar2":13.9481773376,"max":32.1996154785,"mean":9.54074573517,"median":8.70591545105,"min":1.9708738327,"var":17.410074234},"erbbands_flatness_db":{"dmean":0.0140408491716,"dmean2":0.020382842049,"dvar":0.000194397609448,"dvar2":0.000358180084731,"max":0.397437632084,"mean":0.214318171144,"median":0.226919740438,"min":0.0196010544896,"var":0.00295141735114},"erbbands_kurtosis":{"dmean":1.01840662956,"dmean2":1.56438100338,"dvar":1.82164943218,"dvar2":3.95733952522,"max":26.4056682587,"mean":0.798778295517,"median":0.0513389110565,"min":-1.7382786274,"var":5.98991537094},"erbbands_skewness":{"dmean":0.344222813845,"dmean2":0.501713216305,"dvar":0.117771312594,"dvar2":0.233664229512,"max":4.27993869781,"mean":-0.55862891674,"median":-0.649780988693,"min":-3.41833496094,"var":0.70768904686},"erbbands_spread":{"dmean":5.27743721008,"dmean2":7.92703342438,"dvar":37.5478897095,"dvar2":82.6117401123,"max":153.404922485,"mean":28.3240528107,"median":24.6400337219,"min":2.15948057175,"var":304.440979004},"gfcc":{"cov":[[26545.9140625,2840.50219727,-5027.01025391,-111.947441101,-2390.25561523,-762.358276367,-1093.19238281,-603.183105469,-678.962097168,-640.850158691,-63.5947990417,-642.109863281,222.130630493],[2840.50219727,1361.81738281,-899.069458008,-306.606903076,-97.8882827759,-389.14175415,-97.7904205322,-95.2813339233,-95.4133224487,-117.520385742,-58.1613044739,-118.895675659,-3.12018060684],[-5027.01025391,-899.069458008,1769.05212402,39.4759788513,439.157562256,395.161895752,152.690917969,194.660125732,134.541259766,150.531692505,36.8893699646,183.935089111,-24.0862636566],[-111.947441101,-306.606903076,39.4759788513,413.6875,27.6610641479,-19.340221405,10.5494651794,-52.1656494141,58.7997245789,19.3657112122,2.15750551224,-15.5879297256,-17.1055812836],[-2390.25561523,-97.8882827759,439.157562256,27.6610641479,437.997344971,38.5279006958,141.347122192,82.5692443848,91.7762832642,79.3196716309,-2.33887720108,57.3644065857,-53.2978935242],[-762.358276367,-389.14175415,395.161895752,-19.340221405,38.5279006958,290.163696289,74.0450286865,52.0586624146,-4.03900003433,23.3204307556,23.9275741577,43.5981292725,-0.0154468268156],[-1093.19238281,-97.7904205322,152.690917969,10.5494651794,141.347122192,74.0450286865,224.61769104,37.9731903076,43.2340354919,22.9914207458,17.62641716,30.7276878357,-5.08068323135],[-603.183105469,-95.2813339233,194.660125732,-52.1656494141,82.5692443848,52.0586624146,37.9731903076,137.850891113,50.1122665405,22.2290802002,-16.6174716949,29.9880523682,-9.6800737381],[-678.962097168,-95.4133224487,134.541259766,58.7997245789,91.7762832642,-4.03900003433,43.2340354919,50.1122665405,130.501861572,43.7705764771,1.97770357132,9.72726249695,-28.487821579],[-640.850158691,-117.520385742,150.531692505,19.3657112122,79.3196716309,23.3204307556,22.9914207458,22.2290802002,43.7705764771,104.01587677,19.7776126862,14.4256534576,-18.4033718109],[-63.5947990417,-58.1613044739,36.8893699646,2.15750551224,-2.33887720108,23.9275741577,17.62641716,-16.6174716949,1.97770357132,19.7776126862,82.0475006104,17.2834358215,15.9997196198],[-642.109863281,-118.895675659,183.935089111,-15.5879297256,57.3644065857,43.5981292725,30.7276878357,29.9880523682,9.72726249695,14.4256534576,17.2834358215,83.6227416992,19.636302948],[222.130630493,-3.12018060684,-24.0862636566,-17.1055812836,-53.2978935242,-0.0154468268156,-5.08068323135,-9.6800737381,-28.487821579,-18.4033718109,15.9997196198,19.636302948,83.5312271118]],"icov":[[0.000192411447642,-0.000416010385379,0.000345076288795,-0.000435713940533,0.000600198283792,-0.000651008507702,0.000445452256827,-0.000402866455261,0.0000992374625639,-0.0000415076428908,-0.000239229018916,0.0000198881043616,-0.0000878369464772],[-0.000416010385379,0.00339526217431,-0.000209290883504,0.0029809968546,-0.00219833804294,0.00381993129849,-0.00111608207226,0.0016789563233,0.0000590482450207,0.0014096145751,0.000783544033766,0.00148164550774,0.000340239290381],[0.000345076288795,-0.000209290883504,0.00214946828783,-0.000521090754773,-0.00013577111531,-0.00229168846272,0.001412422047,-0.000962306687143,-0.00029154738877,-0.000354327727109,-0.00026365253143,-0.00111795112025,-0.000389224063838],[-0.000435713940533,0.0029809968546,-0.000521090754773,0.00564918667078,-0.00212485715747,0.00340016442351,-0.00118539761752,0.00369034823962,-0.00199090200476,0.00114597310312,0.00119471445214,0.00161941396073,0.000240980283706],[0.000600198283792,-0.00219833804294,-0.00013577111531,-0.00212485715747,0.0069920332171,-0.00116924510803,-0.00099733134266,-0.00218797591515,0.0000657160926494,-0.00195649755187,-0.000223382012337,-0.00175327819306,0.00204073172063],[-0.000651008507702,0.00381993129849,-0.00229168846272,0.00340016442351,-0.00116924510803,0.0109181795269,-0.00380536611192,0.00070100434823,0.00221559172496,0.00131645682268,-0.00013871176634,0.00150005624164,0.00173470529262],[0.000445452256827,-0.00111608207226,0.001412422047,-0.00118539761752,-0.00099733134266,-0.00380536611192,0.00767359836027,-0.0010955077596,-0.00134740618523,0.000530985707883,-0.0015678582713,-0.000565795518924,-0.0012682339875],[-0.000402866455261,0.0016789563233,-0.000962306687143,0.00369034823962,-0.00218797591515,0.00070100434823,-0.0010955077596,0.013258590363,-0.00488746957853,0.00041868534754,0.00425454042852,-0.00141437107231,-0.000370846188162],[0.0000992374625639,0.0000590482450207,-0.00029154738877,-0.00199090200476,0.0000657160926494,0.00221559172496,-0.00134740618523,-0.00488746957853,0.0131999673322,-0.00265969196334,-0.0013943532249,0.000753894972149,0.00264618708752],[-0.0000415076428908,0.0014096145751,-0.000354327727109,0.00114597310312,-0.00195649755187,0.00131645682268,0.000530985707883,0.00041868534754,-0.00265969196334,0.0141250984743,-0.0032844862435,0.00114282732829,0.00169362826273],[-0.000239229018916,0.000783544033766,-0.00026365253143,0.00119471445214,-0.000223382012337,-0.00013871176634,-0.0015678582713,0.00425454042852,-0.0013943532249,-0.0032844862435,0.0157370548695,-0.00257670832798,-0.00251855305396],[0.0000198881043616,0.00148164550774,-0.00111795112025,0.00161941396073,-0.00175327819306,0.00150005624164,-0.000565795518924,-0.00141437107231,0.000753894972149,0.00114282732829,-0.00257670832798,0.019510217011,-0.00488898530602],[-0.0000878369464772,0.000340239290381,-0.000389224063838,0.000240980283706,0.00204073172063,0.00173470529262,-0.0012682339875,-0.000370846188162,0.00264618708752,0.00169362826273,-0.00251855305396,-0.00488898530602,0.0162445902824]],"mean":[-121.994567871,75.8530044556,-167.285675049,16.2473831177,-55.2166137695,-24.3043022156,-48.4222640991,7.01792049408,-26.6414470673,-3.4354622364,-18.554353714,-3.65246081352,-10.5036258698]},"hfc":{"dmean":3.74543142319,"dmean2":5.21304416656,"dvar":37.537940979,"dvar2":70.0790405273,"max":143.371658325,"mean":16.2592582703,"median":10.465921402,"min":1.17736454703e-16,"var":354.286804199},"melbands":{"dmean":[0.00000157943861723,0.00000779135007178,0.0000267934774456,0.0000836454710225,0.000147665603436,0.000110888897325,0.000117804986075,0.0000941856269492,0.000112716734293,0.0000682009122102,0.0000319457212754,0.0000780188129283,0.0000571728887735,0.0000285169080598,0.0000341610357282,0.0000346839660779,0.0000428545063187,0.0000145575386341,0.0000116130631795,0.0000200085669348,0.0000268832682195,0.0000198299785552,0.0000203496656468,0.0000147831124195,0.0000122083765746,0.0000055255704865,0.0000052903433243,0.00000220275978791,0.00000120883692034,0.00000258408681475,0.00000127529415295,5.21764548012e-7,4.13577254221e-7,2.65155392754e-7,3.04111836158e-7,3.95888037019e-7,3.50908010205e-7,3.20470917359e-7,2.88825617645e-7,2.04722397257e-7],"dmean2":[0.00000271397925644,0.0000135485724968,0.0000453798311355,0.000130201384309,0.00021884960006,0.000164745986694,0.000177222056664,0.000146804130054,0.00017354087322,0.000101861602161,0.0000478443544125,0.000108909938717,0.0000772320418037,0.0000413434208895,0.0000504548625031,0.0000513369741384,0.0000620561477263,0.0000219259472942,0.0000177742440428,0.0000300863121083,0.0000419330535806,0.0000298485665553,0.0000325457804138,0.0000231977010117,0.00001889325722,0.00000838295181893,0.00000841337714519,0.00000336561220138,0.00000176147636921,0.00000388330681744,0.00000189522950222,7.65971378769e-7,6.2266644818e-7,3.85363392752e-7,4.29153146797e-7,5.62320224162e-7,4.99617726746e-7,4.46923820618e-7,3.87147224501e-7,2.71122189588e-7],"dvar":[8.60153268056e-12,2.02767608259e-10,2.21697149527e-9,2.57339269893e-8,1.79467321004e-7,1.39785214515e-7,4.79757261473e-7,1.33171624839e-7,1.38005219696e-7,4.68391085917e-8,2.38900117466e-8,1.41256990105e-7,9.11544546511e-8,3.30062164267e-8,2.80600609415e-8,2.36816894983e-8,4.12844620712e-8,3.44199913016e-9,4.32112701176e-9,5.93395332871e-9,2.59668309077e-9,8.31509749943e-10,9.49966327823e-10,5.08782072028e-10,3.88603316193e-10,1.00632391309e-10,1.01173007472e-10,3.23899483623e-11,1.219638366e-11,2.79053152114e-11,6.81973921779e-12,4.77978377364e-12,5.41839273102e-12,2.18499415609e-12,3.22103368283e-12,5.60049923104e-12,5.29156449561e-12,5.43134938066e-12,3.19415284153e-12,1.66622488376e-12],"dvar2":[2.39414269659e-11,5.92333460059e-10,6.28308471917e-9,6.0343666064e-8,3.56348635933e-7,2.76362413842e-7,0.00000105244942006,3.0100355275e-7,3.18741740557e-7,1.01566492106e-7,5.44449179074e-8,2.62041112364e-7,1.51359486722e-7,6.27248581964e-8,5.93896878343e-8,4.72848071809e-8,7.20621358141e-8,6.69394273345e-9,9.36736466173e-9,1.09904219059e-8,6.70906707967e-9,1.84918236279e-9,2.49248333084e-9,1.24999155471e-9,9.28842613934e-10,2.13538575711e-10,2.51848875088e-10,7.50447343156e-11,2.33125897059e-11,6.53445145216e-11,1.36399528824e-11,9.22365048922e-12,1.14622894509e-11,4.42394038069e-12,6.3950554921e-12,1.04646248264e-11,9.70549769025e-12,9.57031849602e-12,5.59016504961e-12,2.69184934759e-12],"max":[0.00006013737584,0.000220306916162,0.000664312916342,0.0044273766689,0.0163882337511,0.00986624602228,0.0224510170519,0.0113806603476,0.0107898581773,0.00596508570015,0.00566531065851,0.0124618122354,0.0146014336497,0.00966359581798,0.00733252475038,0.00522845471278,0.00852900277823,0.00278837885708,0.00232393457554,0.00407746201381,0.00195554201491,0.00057785876561,0.000646216794848,0.000351626105839,0.000335480581271,0.000340562226484,0.000227480064495,0.000186902791029,0.000158304028446,0.000113172805868,0.000111973604362,0.0000773343490437,0.000069487367,0.0000459097427665,0.0000475999077025,0.0000757660600357,0.000083313731011,0.000117043586215,0.0000683364269207,0.0000560176158615],"mean":[0.00000234915773945,0.0000106216648419,0.0000445450823463,0.000167358899489,0.000312218238832,0.000198668698431,0.000167061021784,0.000164948112797,0.000199189016712,0.000123906967929,0.0000533882557647,0.000132864079205,0.00010889096302,0.000048109664931,0.0000549840879103,0.000063609717472,0.0000874989564181,0.0000238628635998,0.0000184947166417,0.0000373657312593,0.0000628398847766,0.0000493907318742,0.0000422154407715,0.0000306254078168,0.0000243977483478,0.0000118273483167,0.000010461918464,0.00000446921330877,0.00000249174490818,0.00000467425115858,0.00000243699605562,8.37317088553e-7,5.9499342342e-7,3.893655105e-7,4.4820774292e-7,5.83308803925e-7,5.15854708283e-7,4.6542473342e-7,4.45799884119e-7,3.23722105122e-7],"median":[0.000001263011427,0.0000041935900299,0.0000199100941245,0.0000672536916682,0.0000703380792402,0.0000322063024214,0.0000307392510877,0.0000483344228996,0.0000416185357608,0.0000311389412673,0.000011500205801,0.0000147342161654,0.0000048269466788,0.00000388762964576,0.00000523874132341,0.0000166814934346,0.0000221075788431,0.00000854754944157,0.00000301234967992,0.00001369212805,0.0000345398439094,0.0000299773055303,0.0000254587703239,0.0000175309724,0.0000123417339637,0.00000577361606702,0.00000395022561861,0.00000131119168145,6.69148221277e-7,0.00000199221790353,0.00000102319950201,2.02944178795e-7,6.46423785611e-8,3.57547875751e-8,3.37458629929e-8,4.37695248934e-8,3.54026425953e-8,1.93429503526e-8,1.45358516335e-8,9.8075307875e-9],"min":[8.56670599773e-24,1.53392583071e-23,7.3550763896e-24,7.15355634933e-24,2.35712458895e-23,8.02238171793e-24,2.22766052372e-23,2.27311674012e-23,1.00950340715e-23,2.19195857242e-23,6.04252386156e-24,7.84528638902e-24,6.91889468472e-24,6.59506846642e-24,1.58733834042e-23,1.11064247494e-23,6.71462704192e-24,1.03829888122e-23,8.10650584487e-24,1.2920120889e-23,1.19130989227e-23,7.53878631721e-24,4.14290065342e-24,7.10676112044e-24,9.07605376271e-24,1.25760252842e-23,1.19753179601e-23,1.69970905201e-23,1.00608456287e-23,8.55707163949e-24,7.18341394574e-24,2.3172181668e-23,1.46194605964e-23,1.03750268391e-23,1.08209620202e-23,8.77820433958e-24,6.56005842501e-24,1.20281290422e-23,9.28361568865e-24,6.31260577525e-24],"var":[1.17178411072e-11,2.89609169979e-10,4.27743218623e-9,8.10543809848e-8,5.9895518234e-7,3.08421590489e-7,6.30894930964e-7,2.3737241861e-7,2.62969365394e-7,1.06903669916e-7,3.74732316288e-8,4.0449572225e-7,2.96783213116e-7,8.31683877323e-8,5.43705667155e-8,6.75409168593e-8,1.90381854281e-7,6.13264816707e-9,8.73672423296e-9,1.61678173072e-8,7.09458713999e-9,3.50233997359e-9,2.58123256103e-9,1.40852485231e-9,1.02112085454e-9,2.9765939713e-10,2.84531315176e-10,1.0663250144e-10,5.5203810273e-11,5.60098287194e-11,1.95209369502e-11,8.68582289426e-12,8.21026059639e-12,3.71771754007e-12,6.28068994382e-12,1.20088114799e-11,9.81195159844e-12,9.87885641346e-12,8.20644333738e-12,4.67627239015e-12]},"melbands_crest":{"dmean":2.76580262184,"dmean2":4.32914543152,"dvar":7.99291753769,"dvar2":17.9296379089,"max":34.4793586731,"mean":11.4821100235,"median":9.29112243652,"min":2.10169482231,"var":44.7578430176},"melbands_flatness_db":{"dmean":0.0204549971968,"dmean2":0.0278398897499,"dvar":0.000433419045294,"dvar2":0.00073194608558,"max":0.463184922934,"mean":0.164649367332,"median":0.157847434282,"min":0.00621261494234,"var":0.00283113610931},"melbands_kurtosis":{"dmean":3.18560194969,"dmean2":4.89178991318,"dvar":139.144744873,"dvar2":345.508483887,"max":418.865783691,"mean":5.53980016708,"median":0.060391664505,"min":-1.77445006371,"var":547.824707031},"melbands_skewness":{"dmean":0.479899972677,"dmean2":0.705071091652,"dvar":0.383859425783,"dvar2":0.812398850918,"max":16.2548313141,"mean":1.30668151379,"median":0.901715636253,"min":-1.92074871063,"var":3.60152173042},"melbands_spread":{"dmean":8.63183116913,"dmean2":12.5366821289,"dvar":106.599784851,"dvar2":198.629333496,"max":221.961608887,"mean":43.1116714478,"median":41.9804267883,"min":0.894335448742,"var":588.600219727},"mfcc":{"cov":[[22502.6015625,2042.75183105,-2917.01318359,-135.023345947,-1544.16467285,-1096.2668457,-775.853759766,-826.660522461,-660.590515137,-602.178161621,-655.191345215,-130.40675354,-596.922363281],[2042.75183105,1638.23986816,-733.087890625,-35.3684577942,-144.512741089,-331.458831787,-93.1765594482,-114.672172546,-24.6599903107,-125.987136841,-23.5663261414,19.9618911743,-177.014038086],[-2917.01318359,-733.087890625,993.53527832,-122.713363647,275.541748047,226.036346436,119.795524597,135.9737854,74.3865356445,76.8713684082,63.1410713196,-28.9414978027,164.249328613],[-135.023345947,-35.3684577942,-122.713363647,366.795928955,45.1941070557,31.2525196075,-48.354598999,-15.8595514297,1.40559947491,46.766368866,13.6547842026,36.2122612,-43.135017395],[-1544.16467285,-144.512741089,275.541748047,45.1941070557,267.375488281,78.1605834961,28.3805751801,59.5390472412,49.341091156,53.0487174988,68.6217651367,6.87570667267,39.330329895],[-1096.2668457,-331.458831787,226.036346436,31.2525196075,78.1605834961,215.736175537,94.9172286987,62.7306785583,23.5761623383,46.725440979,38.1396446228,7.84815788269,63.6914672852],[-775.853759766,-93.1765594482,119.795524597,-48.354598999,28.3805751801,94.9172286987,174.873977661,55.2164840698,35.2967796326,4.6829867363,16.1117954254,-1.23880982399,49.8354721069],[-826.660522461,-114.672172546,135.9737854,-15.8595514297,59.5390472412,62.7306785583,55.2164840698,152.726501465,57.6193275452,32.0714263916,28.6811447144,10.6874656677,32.3875236511],[-660.590515137,-24.6599903107,74.3865356445,1.40559947491,49.341091156,23.5761623383,35.2967796326,57.6193275452,112.026496887,35.5352592468,29.7977294922,9.90574073792,17.099697113],[-602.178161621,-125.987136841,76.8713684082,46.766368866,53.0487174988,46.725440979,4.6829867363,32.0714263916,35.5352592468,111.629318237,39.2629776001,23.6024341583,27.2545089722],[-655.191345215,-23.5663261414,63.1410713196,13.6547842026,68.6217651367,38.1396446228,16.1117954254,28.6811447144,29.7977294922,39.2629776001,106.914016724,26.264081955,11.6892213821],[-130.40675354,19.9618911743,-28.9414978027,36.2122612,6.87570667267,7.84815788269,-1.23880982399,10.6874656677,9.90574073792,23.6024341583,26.264081955,68.60521698,9.32210159302],[-596.922363281,-177.014038086,164.249328613,-43.135017395,39.330329895,63.6914672852,49.8354721069,32.3875236511,17.099697113,27.2545089722,11.6892213821,9.32210159302,106.9998703]],"icov":[[0.000122927041957,0.0000229492761719,0.000188828416867,0.0000768181271269,0.000306581612676,0.0000961572804954,0.000228948047152,0.000120585013065,0.000201572009246,0.000132571207359,0.000217082808376,0.0000439845607616,0.0000582596985623],[0.0000229492761719,0.00126404664479,0.000787432480138,0.00034704018617,-0.00050077564083,0.00127638573758,-0.000459566683276,0.000160732175573,-0.000291752017802,0.000676895433571,-0.000326677778503,-0.000463826436317,0.000690355431288],[0.000188828416867,0.000787432480138,0.00301442295313,0.00114540325012,-0.00164687423967,-0.000502327980939,0.000439932657173,-0.000194627515157,-0.0000521365327586,0.000359987228876,0.000412089808378,0.000955148774665,-0.0012626448879],[0.0000768181271269,0.00034704018617,0.00114540325012,0.0041328552179,-0.00132765632588,-0.00149813084863,0.00111783493776,0.000607041758485,-0.000114117676276,-0.00112246384379,0.00104524218477,-0.0016818967415,0.00192239228636],[0.000306581612676,-0.00050077564083,-0.00164687423967,-0.00132765632588,0.00776055175811,0.00000941462258197,0.000964478182141,-0.000278840132523,-0.000179583061254,-0.000208133686101,-0.00224928208627,0.000989690073766,-0.000107089850644],[0.0000961572804954,0.00127638573758,-0.000502327980939,-0.00149813084863,0.00000941462258197,0.0105573832989,-0.00423584971577,-0.000967215048149,0.00162701262161,-0.000730215455405,-0.00158719252795,0.0000305498033413,-0.00111022533383],[0.000228948047152,-0.000459566683276,0.000439932657173,0.00111783493776,0.000964478182141,-0.00423584971577,0.00980571471155,-0.00103112624492,-0.00159229361452,0.00189490581397,0.000424065976404,0.00059406174114,-0.00212206621654],[0.000120585013065,0.000160732175573,-0.000194627515157,0.000607041758485,-0.000278840132523,-0.000967215048149,-0.00103112624492,0.00975018180907,-0.00339412386529,-0.000351796072209,0.000185420823982,-0.00113322341349,0.000399810640374],[0.000201572009246,-0.000291752017802,-0.0000521365327586,-0.000114117676276,-0.000179583061254,0.00162701262161,-0.00159229361452,-0.00339412386529,0.0130933159962,-0.00267266482115,-0.000826918694656,0.000155496556545,0.000207502016565],[0.000132571207359,0.000676895433571,0.000359987228876,-0.00112246384379,-0.000208133686101,-0.000730215455405,0.00189490581397,-0.000351796072209,-0.00267266482115,0.0137498024851,-0.00246334029362,-0.00213269540109,-0.00203086528927],[0.000217082808376,-0.000326677778503,0.000412089808378,0.00104524218477,-0.00224928208627,-0.00158719252795,0.000424065976404,0.000185420823982,-0.000826918694656,-0.00246334029362,0.0141108473763,-0.00413092691451,0.0015552744735],[0.0000439845607616,-0.000463826436317,0.000955148774665,-0.0016818967415,0.000989690073766,0.0000305498033413,0.00059406174114,-0.00113322341349,0.000155496556545,-0.00213269540109,-0.00413092691451,0.0189605709165,-0.00366403907537],[0.0000582596985623,0.000690355431288,-0.0012626448879,0.00192239228636,-0.000107089850644,-0.00111022533383,-0.00212206621654,0.000399810640374,0.000207502016565,-0.00203086528927,0.0015552744735,-0.00366403907537,0.0157271008939]],"mean":[-745.354858398,109.05430603,-53.7911949158,24.480096817,-2.93321561813,-24.6470775604,-14.2060041428,-8.03881835938,-5.6301779747,-10.0389785767,-2.50489878654,2.95144963264,-16.252664566]},"pitch_salience":{"dmean":0.0578455962241,"dmean2":0.0900261327624,"dvar":0.00278881099075,"dvar2":0.00627441890538,"max":0.852904438972,"mean":0.587271094322,"median":0.603401422501,"min":0.111786611378,"var":0.0121922278777},"silence_rate_20dB":{"dmean":0,"dmean2":0,"dvar":0,"dvar2":0,"max":1,"mean":1,"median":1,"min":1,"var":0},"silence_rate_30dB":{"dmean":0.000583515677135,"dmean2":0.00116720166989,"dvar":0.000583146174904,"dvar2":0.00174932403024,"max":1,"mean":0.999708294868,"median":1,"min":0,"var":0.000291639502393},"silence_rate_60dB":{"dmean":0.0344274267554,"dmean2":0.0688648968935,"dvar":0.0332454144955,"dvar2":0.0740349963307,"max":1,"mean":0.373395562172,"median":0,"min":0,"var":0.233955129981},"spectral_centroid":{"dmean":230.475753784,"dmean2":320.192382812,"dvar":75451.4921875,"dvar2":121675.945312,"max":11038.8710938,"mean":2076.6628418,"median":2133.12939453,"min":254.139099121,"var":390584.96875},"spectral_complexity":{"dmean":2.853099823,"dmean2":4.18908643723,"dvar":11.3392238617,"dvar2":21.5498504639,"max":46,"mean":16.9943122864,"median":18,"min":0,"var":152.823226929},"spectral_contrast_coeffs":{"dmean":[0.0446601845324,0.040924642235,0.032089073211,0.0278842225671,0.0214457847178,0.0224177949131],"dmean2":[0.0730351954699,0.0656868368387,0.0508166998625,0.0447990931571,0.0333332493901,0.0311883240938],"dvar":[0.00136368139647,0.0012409100309,0.000789399142377,0.000517138047144,0.000331172806909,0.000517766166013],"dvar2":[0.00354189355858,0.00308874831535,0.0018530752277,0.00129757774994,0.000748910766561,0.000882700318471],"max":[-0.297300875187,-0.443527698517,-0.406143218279,-0.50968426466,-0.57985329628,-0.602984428406],"mean":[-0.598411440849,-0.74725061655,-0.76536411047,-0.766433775425,-0.735504627228,-0.737157702446],"median":[-0.580136120319,-0.747894406319,-0.771145284176,-0.765288293362,-0.722843050957,-0.721237182617],"min":[-0.978873074055,-0.963538348675,-0.964378416538,-0.957302212715,-0.959600269794,-0.961353361607],"var":[0.0143394162878,0.00758351804689,0.00653025135398,0.00386928906664,0.00353071419522,0.00466682435945]},"spectral_contrast_valleys":{"dmean":[0.400528550148,0.340060979128,0.282639086246,0.276077151299,0.288769215345,0.243850216269],"dmean2":[0.677895188332,0.539324104786,0.430998295546,0.4002622962,0.372910261154,0.306184053421],"dvar":[0.127983912826,0.113578021526,0.0895305424929,0.0896209105849,0.116910412908,0.103104829788],"dvar2":[0.307865411043,0.219584524632,0.157302588224,0.142542541027,0.172447130084,0.139104425907],"max":[-7.64913129807,-5.08871269226,-5.1304359436,-6.25539922714,-5.70142889023,-7.48850536346],"mean":[-9.76955032349,-7.6881608963,-8.52018451691,-8.46759700775,-8.24205112457,-11.5984354019],"median":[-9.56484699249,-7.15966033936,-7.96755552292,-7.90255260468,-7.62411355972,-11.3832674026],"min":[-27.305639267,-27.3058853149,-27.1663913727,-27.2106513977,-27.2570743561,-27.2346401215],"var":[1.51141691208,3.16227626801,2.99822115898,2.97310233116,2.9464673996,2.05431294441]},"spectral_decrease":{"dmean":6.75017763907e-10,"dmean2":9.6919927639e-10,"dvar":1.82024361156e-18,"dvar2":3.70109640096e-18,"max":2.25633364409e-17,"mean":-2.71042677191e-9,"median":-1.50505585772e-9,"min":-3.39722809883e-8,"var":1.17049439845e-17},"spectral_energy":{"dmean":0.00281051918864,"dmean2":0.00403089215979,"dvar":0.0000297746028082,"dvar2":0.0000605257773714,"max":0.136077925563,"mean":0.0117045463994,"median":0.00678526796401,"min":1.0766234694e-20,"var":0.000207917139051},"spectral_energyband_high":{"dmean":0.000158312555868,"dmean2":0.000217274558963,"dvar":2.1333576683e-7,"dvar2":3.35839359877e-7,"max":0.0127397095785,"mean":0.000346302054822,"median":0.000117784227768,"min":7.79347358824e-21,"var":6.72538419622e-7},"spectral_energyband_low":{"dmean":0.0000466118071927,"dmean2":0.0000800953639555,"dvar":6.42355413305e-9,"dvar2":1.89784667981e-8,"max":0.00122239743359,"mean":0.0000756056033424,"median":0.0000346428205376,"min":8.36940841435e-23,"var":1.16584351062e-8},"spectral_energyband_middle_high":{"dmean":0.00175418681465,"dmean2":0.00244475645013,"dvar":0.0000147914770423,"dvar2":0.0000275013189821,"max":0.09900175035,"mean":0.00628216797486,"median":0.00334008131176,"min":1.41698664259e-21,"var":0.0000970534820226},"spectral_energyband_middle_low":{"dmean":0.0018424683949,"dmean2":0.00273490115069,"dvar":0.0000191217022802,"dvar2":0.0000408266205341,"max":0.124605752528,"mean":0.00508014811203,"median":0.00222205580212,"min":4.65953050386e-22,"var":0.0000582090142416},"spectral_entropy":{"dmean":0.122524037957,"dmean2":0.165899857879,"dvar":0.0184988956898,"dvar2":0.0305459015071,"max":9.80739116669,"mean":7.4639840126,"median":7.44125556946,"min":5.45315408707,"var":0.16162417829},"spectral_flux":{"dmean":0.0115134250373,"dmean2":0.0174525901675,"dvar":0.000269217183813,"dvar2":0.000635194010101,"max":0.289057165384,"mean":0.0473369508982,"median":0.0408831164241,"min":1.03760465497e-10,"var":0.00168760656379},"spectral_kurtosis":{"dmean":2.60054588318,"dmean2":4.40155982971,"dvar":6.78345775604,"dvar2":19.2325286865,"max":34.6388206482,"mean":7.18792676926,"median":6.53083610535,"min":-1.20907151699,"var":16.1170978546},"spectral_rms":{"dmean":0.000337671430316,"dmean2":0.000468277896289,"dvar":2.06985689033e-7,"dvar2":3.91147466416e-7,"max":0.0115221068263,"mean":0.00272300606593,"median":0.00257289223373,"min":3.24093247898e-12,"var":0.00000400434555559},"spectral_rolloff":{"dmean":443.353942871,"dmean2":704.354248047,"dvar":819969.3125,"dvar2":1748049.125,"max":18690.8203125,"mean":2792.12084961,"median":2670.1171875,"min":64.599609375,"var":3857991.75},"spectral_skewness":{"dmean":0.284785330296,"dmean2":0.457638531923,"dvar":0.0775462687016,"dvar2":0.187623634934,"max":4.88923358917,"mean":1.46848988533,"median":1.3763692379,"min":-0.00913234613836,"var":0.258647471666},"spectral_spread":{"dmean":316197.53125,"dmean2":432860.75,"dvar":361017966592,"dvar2":425804759040,"max":41133052,"mean":3249133,"median":2576445,"min":1358260.125,"var":4516902600700},"spectral_strongpeak":{"dmean":0.704254984856,"dmean2":1.16663384438,"dvar":1.11457836628,"dvar2":2.72765231133,"max":17.8614749908,"mean":1.45315253735,"median":0.831116080284,"min":0,"var":3.2566177845},"zerocrossingrate":{"dmean":0.0106500163674,"dmean2":0.0117609240115,"dvar":0.000204969022889,"dvar2":0.000218254557694,"max":0.517578125,"mean":0.0936929509044,"median":0.08642578125,"min":0.01171875,"var":0.00265293335542}},"metadata":{"audio_properties":{"analysis_sample_rate":44100,"bit_rate":183787,"codec":"mp3","downmix":"mix","equal_loudness":0,"length":159.164077759,"lossless":false,"md5_encoded":"70d1b36938546b48811e800145f51733","replay_gain":-4.26263046265,"sample_rate":44100},"tags":{"acoustid_id":["0e7b4293-fe78-4541-8bbf-ddf3a50c20fb"],"album":["4-Track Demos"],"albumartist":["PJ Harvey"],"albumartistsort":["Harvey, PJ"],"artist":["PJ Harvey"],"artists":["PJ Harvey"],"artistsort":["Harvey, PJ"],"asin":["B000001E26"],"barcode":["731451845024"],"catalognumber":["518 450-2","IMCD 170"],"date":["1993-10-19"],"file_name":"07 - Driving.mp3","label":["Island Records","Island Masters"],"media":["CD"],"musicbrainz album release country":["GB"],"musicbrainz album status":["official"],"musicbrainz album type":["album"],"musicbrainz release track id":["0aa0d997-5fac-3e17-8811-9d0e0f7c6b82"],"musicbrainz_albumartistid":["e795e03d-b5d5-4a5f-834d-162cfb308a2c"],"musicbrainz_albumid":["0efea1e8-9daa-48a6-b43c-6d48aede3557"],"musicbrainz_artistid":["e795e03d-b5d5-4a5f-834d-162cfb308a2c"],"musicbrainz_recordingid":["3d15a95c-9eec-4bb3-a086-359454b13217"],"musicbrainz_releasegroupid":["850778ff-f726-33a5-9d67-2f36692887a5"],"originaldate":["1993"],"script":["Latn"],"title":["Driving"],"tracknumber":["7/14"]},"version":{"essentia":"2.1-beta1","essentia_build_sha":"65e368e5454dd45657e4cc002e00185f437e13e1","essentia_git_sha":"v2.1_beta1-28-g21ef5f4","extractor":"music 1.0"}},"rhythm":{"beats_count":377,"beats_loudness":{"dmean":0.00664093578234,"dmean2":0.0113420691341,"dvar":0.0000886301277205,"dvar2":0.000253079197137,"max":0.078382268548,"mean":0.0134785911068,"median":0.00847219489515,"min":1.09890563316e-9,"var":0.00021791436302},"beats_loudness_band_ratio":{