{"lowlevel":{"average_loudness":0.922735631466,"barkbands":{"dmean":[0.0019058980979,0.00608190475032,0.00239401357248,0.00149312452413,0.00170702382457,0.000778493587859,0.00109137408435,0.000499822897837,0.000520871020854,0.000564445741475,0.000449699466117,0.000347649067407,0.00035679875873,0.000497542438097,0.000302969448967,0.000221354202949,0.000183090611245,0.000206191194593,0.00016462241183,0.000162429147167,0.000109938213427,0.0000665908301016,0.0000454397049907,0.0000299928979075,0.00000187926025319,0.000055998294556,0.000478979025502],"dmean2":[0.00314377248287,0.0101534994319,0.00400777999312,0.00236806157045,0.00279826181941,0.00126058002934,0.0017090649344,0.000802368740551,0.000843121204525,0.000890937575605,0.000711153144948,0.000560012820642,0.000574931269512,0.000757100584451,0.000486487842863,0.000353841896867,0.000282912835246,0.00031247572042,0.000241805973928,0.000238928347244,0.000155707151862,0.0000956620860961,0.0000678106371197,0.0000467766512884,0.00000308954463435,0.0000857051927596,0.000659260898829],"dvar":[0.0000160685631272,0.000140522635775,0.0000212778813875,0.00000941688085732,0.0000150706509885,0.00000369530630451,0.00000876936246641,9.96958192445e-7,9.1818361625e-7,0.00000204099842449,0.0000013078797565,3.43310631479e-7,3.64294777455e-7,0.00000274087301477,2.50489847531e-7,1.53388114654e-7,1.18296995311e-7,2.09669238416e-7,1.78733287726e-7,3.00539937825e-7,6.25407494681e-8,3.47406619028e-8,1.07811137795e-8,6.98999569337e-9,1.27360327146e-11,2.11777724246e-8,0.00000104840364656],"dvar2":[0.0000382178404834,0.000372614973458,0.0000569791554881,0.0000225699332077,0.0000390197856177,0.0000095301102192,0.000018727951101,0.00000234073922911,0.00000218015998144,0.00000448243781648,0.00000301468935504,8.60317982188e-7,9.0418700438e-7,0.00000499672114529,5.94528842157e-7,3.92731635657e-7,2.80254539575e-7,4.71582950468e-7,3.92214957401e-7,6.39155985027e-7,1.1855219384e-7,7.68429728737e-8,2.44823930018e-8,1.58478457024e-8,3.09208908478e-11,4.85704703124e-8,0.00000204514071811],"max":[0.0643868818879,0.128670081496,0.0609557256103,0.073938190937,0.0487524271011,0.0474070422351,0.0746032968163,0.0216443408281,0.0265725515783,0.0428235046566,0.0236079860479,0.0116565311328,0.00880692340434,0.0635177493095,0.0154753485695,0.00755085516721,0.00791637971997,0.012209886685,0.0177919082344,0.018289571628,0.00792207848281,0.00789181981236,0.00186509639025,0.00182512053289,0.0000608170194027,0.00273392582312,0.0323012210429],"mean":[0.00212405947968,0.00758029380813,0.00296973949298,0.00201974832453,0.00213727820665,0.00111691083293,0.00160183559638,0.000726802623831,0.000832118210383,0.000936464115512,0.000695309368894,0.000595855701249,0.000635766773485,0.000916253949981,0.00054298073519,0.0003829911293,0.00033877696842,0.000402438483434,0.000322202191455,0.000325828237692,0.000247966148891,0.000121804223454,0.0000786067175795,0.0000398690790462,0.00000188109049759,0.0000857305203681,0.00138199690264],"median":[0.000819785986096,0.00389210414141,0.00122950063087,0.000593222444877,0.000688121188432,0.000458967580926,0.000510841142386,0.000289519550279,0.000415764050558,0.000325319735566,0.000249825883657,0.000287491187919,0.000311468931613,0.000307396199787,0.000272192264674,0.000184719538083,0.000128706902615,0.000104063183244,0.000105598504888,0.000102131714812,0.0000861711741891,0.0000293014090857,0.0000122502679005,0.00000377879405278,6.43983810278e-7,0.00000905656088435,0.000646995264105],"min":[1.62164337683e-23,4.38410670811e-24,2.71432490891e-23,3.25994055401e-23,1.85476013625e-23,3.91843272831e-23,1.83122526001e-23,4.93343922913e-23,4.90953548153e-23,2.50919583001e-23,1.49761408992e-23,6.7948319501e-23,1.15338305345e-22,1.12036966633e-22,9.88657663061e-23,1.68874950212e-22,1.30383700343e-22,1.33962957908e-22,1.43670352041e-22,2.59058286204e-22,3.34548210622e-22,4.19595721332e-22,5.15401123845e-22,8.44999629872e-22,1.15393624058e-21,1.3879737269e-21,2.5188491777e-21],"var":[0.0000176315334102,0.000135255570058,0.0000257308875007,0.0000157522827067,0.000016526410036,0.00000452515132565,0.0000156296700879,0.00000190489640772,0.00000192573725144,0.00000565455457036,0.00000259008334069,7.28744907974e-7,8.53191750139e-7,0.00000835188257042,5.79774962262e-7,2.89396950848e-7,2.71992547596e-7,6.24246808911e-7,3.92079840594e-7,7.03057139617e-7,2.11973969044e-7,7.06267400119e-8,2.3587732656e-8,9.06075836582e-9,1.33357977439e-11,3.42324142366e-8,0.00000488572732138]},"barkbands_crest":{"dmean":2.90360951424,"dmean2":4.77467679977,"dvar":6.81705331802,"dvar2":17.9209957123,"max":26.3964653015,"mean":9.68595504761,"median":8.68077468872,"min":2.31208944321,"var":20.459854126},"barkbands_flatness_db":{"dmean":0.0232550892979,"dmean2":0.0366715081036,"dvar":0.000484225602122,"dvar2":0.00119452329818,"max":0.414623826742,"mean":0.117158763111,"median":0.111604087055,"min":0.0223894901574,"var":0.00228422903456},"barkbands_kurtosis":{"dmean":4.36463165283,"dmean2":7.10722112656,"dvar":249.495330811,"dvar2":694.779663086,"max":908.000854492,"mean":6.44363737106,"median":2.46020412445,"min":-1.75432014465,"var":301.651184082},"barkbands_skewness":{"dmean":0.634556114674,"dmean2":0.993875563145,"dvar":0.601031303406,"dvar2":1.48461091518,"max":28.6704654694,"mean":1.92206740379,"median":1.59374141693,"min":-2.03122425079,"var":2.28308486938},"barkbands_spread":{"dmean":9.02012443542,"dmean2":14.1807746887,"dvar":81.8363571167,"dvar2":191.592208862,"max":120.529258728,"mean":36.8283500671,"median":34.1555328369,"min":0.563957691193,"var":426.627807617},"dissonance":{"dmean":0.0156507566571,"dmean2":0.0264062266797,"dvar":0.000268737639999,"dvar2":0.000739361275919,"max":0.500000178814,"mean":0.474781811237,"median":0.481706261635,"min":0.266331344843,"var":0.00052901217714},"dynamic_complexity":4.98995399475,"erbbands":{"dmean":[0.242628231645,1.19126594067,2.69794726372,4.0286192894,4.95612573624,6.43278646469,4.64647579193,7.22873687744,16.4620189667,10.3168792725,12.4200201035,10.9644174576,18.5107555389,12.5227575302,16.8825721741,14.7715024948,14.9479093552,24.1929798126,17.8882160187,13.7188673019,10.758102417,9.86087989807,10.7032213211,9.38054466248,8.25502300262,7.58438253403,5.13004875183,4.01083374023,2.60818982124,1.73962295055,1.28773105145,0.903792262077,0.314635545015,0.0270180609077,0.014022918418,0.050429251045,0.14004124701,0.072306342423,0.0251100491732,0.00851182732731],"dmean2":[0.416841268539,1.99046063423,4.50747823715,6.36796140671,8.13002300262,10.6551275253,7.57052087784,11.5776357651,25.8106517792,16.1365680695,19.980966568,17.6701774597,29.090221405,19.9152450562,26.5834197998,23.5158672333,23.9464015961,36.3728179932,28.0515975952,21.8219261169,17.1055908203,14.9842767715,16.2857818604,14.0693626404,12.2171754837,11.1899967194,7.39707708359,5.71589517593,3.76883149147,2.54593777657,1.92706668377,1.40138912201,0.49365785718,0.0431429035962,0.0227804053575,0.0800837799907,0.216095507145,0.102577880025,0.0329162403941,0.0112185133621],"dvar":[0.263072282076,5.03624343872,26.8913211823,61.6039886475,104.374076843,248.023971558,150.807067871,341.805877686,2354.13452148,922.335693359,642.932739258,391.684356689,2662.10693359,580.869140625,1642.89746094,611.603637695,674.891296387,7155.65234375,1040.25427246,568.750976562,391.932952881,360.655426025,522.896972656,430.105773926,740.091064453,739.463867188,151.640853882,83.0822143555,64.5778961182,17.8824558258,9.26847267151,5.81500673294,0.87470048666,0.00285119423643,0.000686665764078,0.0248991400003,0.151781827211,0.0276655312628,0.00241677323356,0.000218847941142],"dvar2":[0.711757659912,13.3200941086,71.0912017822,147.761306763,274.836151123,641.25567627,377.817108154,881.409973145,4962.18359375,2132.84741211,1524.38806152,940.206298828,5780.88964844,1460.12011719,3741.82080078,1505.89941406,1683.546875,12457.1630859,2254.24194336,1360.76245117,963.592407227,853.660095215,1179.15136719,924.272705078,1653.85119629,1580.1282959,311.949829102,158.481811523,151.366653442,38.1431465149,21.27684021,13.4778528214,1.94678580761,0.00643420964479,0.00162417907268,0.0564216561615,0.348497658968,0.0590440481901,0.00403820490465,0.0003931815736],"max":[6.10900068283,23.6120281219,73.4334869385,165.5806427,154.173660278,197.983459473,450.105407715,490.787536621,1335.85839844,880.477294922,634.799255371,404.572265625,1483.47070312,496.385009766,1022.94927979,394.537963867,432.039123535,3472.11987305,941.39465332,548.318481445,418.902435303,356.010345459,734.648071289,488.322479248,1306.06286621,934.48626709,353.757141113,336.092102051,352.514526367,122.579048157,66.765663147,42.9378204346,30.3686389923,1.81599116325,0.571021676064,5.21215772629,7.63171815872,4.21449184418,1.40308582783,0.420148909092],"mean":[0.272206515074,1.49096333981,3.41487002373,5.82880830765,6.71468067169,7.3128080368,6.23078346252,10.5120849609,23.5584583282,15.9832363129,18.7725143433,18.4746074677,31.1873722076,22.779132843,28.3375492096,27.0893821716,28.9725246429,46.3950386047,34.4287261963,26.2510738373,20.3390865326,19.3804244995,21.3957195282,18.7457408905,16.167350769,15.1571397781,11.0903568268,8.57909393311,4.85663080215,3.14861726761,2.13725376129,1.2577214241,0.396557807922,0.0322776883841,0.0153636122122,0.0595964938402,0.202027797699,0.148328751326,0.0742458552122,0.0290631316602],"median":[0.116470068693,0.793047785759,1.66315841675,1.97085261345,2.44294285774,2.0747692585,2.25447678566,4.23787879944,7.16045379639,5.70903587341,8.14044094086,9.21558380127,11.6731128693,10.9081745148,11.7309770584,13.6208953857,15.9796466827,17.8993415833,18.0286178589,13.9115600586,9.60488891602,7.26787137985,6.25676631927,5.60916900635,4.99702167511,4.99460458755,3.67927885056,2.9348897934,1.26727199554,0.577162384987,0.315270781517,0.118096277118,0.0410499125719,0.0113422302529,0.00601758807898,0.00888469722122,0.0185011252761,0.0313412472606,0.0320117175579,0.0149291921407],"min":[4.40518256292e-22,6.15942998693e-22,1.92222120982e-20,9.23377194149e-20,1.90697106894e-19,2.71016987377e-20,2.0707943185e-19,3.48645874843e-19,2.80593441505e-19,3.84768929742e-19,1.19850281671e-18,1.1083504697e-18,7.2431181119e-19,6.64581409351e-19,1.12562934212e-18,3.12323629683e-18,4.91438920702e-18,4.82394197012e-18,3.83637889501e-18,9.37532213814e-18,1.13955594102e-17,7.69196492384e-18,9.11828072587e-18,4.08989982659e-18,9.55316183393e-18,1.10172268504e-17,1.16806008862e-17,1.35540715023e-17,1.52008218386e-17,1.77454494328e-17,1.44215267117e-17,1.29549743631e-17,1.50552446682e-17,1.13923954444e-17,9.14260810769e-18,4.95277245539e-18,2.96415747092e-18,1.21797195999e-18,3.42836120112e-19,3.59764629842e-20],"var":[0.233233943582,4.92422580719,30.2490367889,109.897216797,129.336593628,251.144638062,173.025787354,434.012023926,4096.46972656,1728.44958496,1208.36767578,830.207336426,7172.36376953,1278.7791748,3373.68139648,1470.8704834,1630.12023926,20892.6679688,2959.74707031,1242.77685547,833.927978516,899.833068848,1555.64428711,1192.38903809,1496.55493164,1596.60595703,462.533111572,261.310455322,117.127510071,40.399974823,19.148601532,7.98033428192,1.08396887779,0.0035655470565,0.000774998683482,0.0276700668037,0.212807625532,0.0760809853673,0.0129962833598,0.00140340893995]},"erbbands_crest":{"dmean":2.3210208416,"dmean2":3.75841856003,"dvar":6.28688812256,"dvar2":14.7298069,"max":31.7860355377,"mean":7.69628238678,"median":6.31353759766,"min":2.12543535233,"var":19.4565563202},"erbbands_flatness_db":{"dmean":0.0186678171158,"dmean2":0.0273465048522,"dvar":0.000316290563205,"dvar2":0.000619874102995,"max":0.356812745333,"mean":0.129810571671,"median":0.123202927411,"min":0.0180435311049,"var":0.00176368292887},"erbbands_kurtosis":{"dmean":0.977503836155,"dmean2":1.50823450089,"dvar":3.88241410255,"dvar2":7.8482336998,"max":85.915763855,"mean":0.697682797909,"median":0.0417686700821,"min":-1.68464040756,"var":9.53987884521},"erbbands_skewness":{"dmean":0.336686491966,"dmean2":0.519200265408,"dvar":0.114267259836,"dvar2":0.246338322759,"max":4.64876079559,"mean":-0.0428426899016,"median":-0.0445263683796,"min":-4.31462478638,"var":0.532750785351},"erbbands_spread":{"dmean":7.29951000214,"dmean2":11.108464241,"dvar":51.6265144348,"dvar2":110.854721069,"max":103.941589355,"mean":35.1033401489,"median":32.3656730652,"min":1.31063771248,"var":287.836425781},"gfcc":{"cov":[[23430.9863281,749.679321289,-818.308227539,-269.899230957,-142.272140503,-581.152954102,-29.8700199127,-615.928100586,69.4435119629,-473.913208008,-127.000045776,-34.8477554321,-398.550384521],[749.679321289,1160.6270752,-89.5577774048,-268.545654297,116.984855652,-159.597473145,99.2289505005,-86.2537078857,-25.6363334656,39.8273735046,18.9072475433,-172.734573364,123.061027527],[-818.308227539,-89.5577774048,360.462432861,239.494903564,-46.5650177002,99.1038742065,-57.9104995728,106.447113037,-42.1719932556,51.1267127991,-14.9424877167,30.4322109222,15.5483455658],[-269.899230957,-268.545654297,239.494903564,472.562805176,75.4095687866,5.51359701157,41.2918510437,44.936958313,-33.5317115784,-19.8188858032,-54.3431777954,59.2029037476,-30.4110088348],[-142.272140503,116.984855652,-46.5650177002,75.4095687866,215.96987915,1.73610961437,70.2551956177,-54.6249694824,2.22889351845,-1.93735706806,8.78599071503,-31.3383865356,35.133441925],[-581.152954102,-159.597473145,99.1038742065,5.51359701157,1.73610961437,201.816055298,-23.9913959503,73.1985321045,-20.3219451904,31.7594223022,7.89340162277,17.2100048065,12.5806465149],[-29.8700199127,99.2289505005,-57.9104995728,41.2918510437,70.2551956177,-23.9913959503,215.92237854,-1.3931697607,42.7700500488,7.9845199585,-11.3766803741,-11.0803565979,7.85244274139],[-615.928100586,-86.2537078857,106.447113037,44.936958313,-54.6249694824,73.1985321045,-1.3931697607,149.355926514,8.57741737366,44.7995262146,0.476683527231,3.06417012215,19.2845573425],[69.4435119629,-25.6363334656,-42.1719932556,-33.5317115784,2.22889351845,-20.3219451904,42.7700500488,8.57741737366,108.996055603,40.0358200073,20.5450839996,14.0147123337,-23.6813793182],[-473.913208008,39.8273735046,51.1267127991,-19.8188858032,-1.93735706806,31.7594223022,7.9845199585,44.7995262146,40.0358200073,124.756607056,52.0037384033,-16.5373077393,39.0247840881],[-127.000045776,18.9072475433,-14.9424877167,-54.3431777954,8.78599071503,7.89340162277,-11.3766803741,0.476683527231,20.5450839996,52.0037384033,75.6658935547,17.5131168365,17.3973712921],[-34.8477554321,-172.734573364,30.4322109222,59.2029037476,-31.3383865356,17.2100048065,-11.0803565979,3.06417012215,14.0147123337,-16.5373077393,17.5131168365,93.9699249268,-15.984085083],[-398.550384521,123.061027527,15.5483455658,-30.4110088348,35.133441925,12.5806465149,7.85244274139,19.2845573425,-23.6813793182,39.0247840881,17.3973712921,-15.984085083,94.6054840088]],"icov":[[0.0000614039963693,-0.000132103683427,0.000266596412985,-0.000287806964479,0.000310740142595,-0.000182213319931,0.000104997307062,0.000214157887967,-0.000208219542401,0.000218750559725,-0.000157056128955,0.000126093145809,0.000058480341977],[-0.000132103683427,0.00285668228753,-0.00358021841384,0.00387484324165,-0.00290470616892,0.00354530778714,-0.00188117392827,-0.000252474361332,0.00167454616167,-0.000292387790978,0.000418906303821,0.00155678926967,-0.000897825520951],[0.000266596412985,-0.00358021841384,0.0134382322431,-0.0109661547467,0.00811552349478,-0.00800987798721,0.00441725738347,0.00042979529826,-0.0024415908847,-0.00116328743752,-0.00159125670325,0.00086231646128,-0.00204939860851],[-0.000287806964479,0.00387484324165,-0.0109661547467,0.0158448517323,-0.0134762022644,0.0107762767002,-0.00407579541206,-0.00538004701957,0.00949346274137,-0.00703022815287,0.010377147235,-0.00951485428959,0.00740988133475],[0.000310740142595,-0.00290470616892,0.00811552349478,-0.0134762022644,0.0192154254764,-0.0109382933006,0.000839898828417,0.00903703831136,-0.0106029836461,0.00993289425969,-0.0123168919235,0.012690231204,-0.0105138616636],[-0.000182213319931,0.00354530778714,-0.00800987798721,0.0107762767002,-0.0109382933006,0.0150667326525,-0.00240395078436,-0.00675975624472,0.00894537847489,-0.00665214378387,0.0068385573104,-0.00704765040427,0.00557206617668],[0.000104997307062,-0.00188117392827,0.00441725738347,-0.00407579541206,0.000839898828417,-0.00240395078436,0.00777723733336,-0.000583571265452,-0.0037994782906,-0.00033381220419,0.00149829592556,-0.000540477514733,-0.000845841539558],[0.000214157887967,-0.000252474361332,0.00042979529826,-0.00538004701957,0.00903703831136,-0.00675975624472,-0.000583571265452,0.015410028398,-0.00725619029254,0.00387312122621,-0.00473348097876,0.007946992293,-0.00732024013996],[-0.000208219542401,0.00167454616167,-0.0024415908847,0.00949346274137,-0.0106029836461,0.00894537847489,-0.0037994782906,-0.00725619029254,0.0245902668685,-0.0166435074061,0.0101059703156,-0.0137100303546,0.0137860989198],[0.000218750559725,-0.000292387790978,-0.00116328743752,-0.00703022815287,0.00993289425969,-0.00665214378387,-0.00033381220419,0.00387312122621,-0.0166435074061,0.0303849317133,-0.0228604469448,0.0184731259942,-0.013707684353],[-0.000157056128955,0.000418906303821,-0.00159125670325,0.010377147235,-0.0123168919235,0.0068385573104,0.00149829592556,-0.00473348097876,0.0101059703156,-0.0228604469448,0.0369108095765,-0.0213087331504,0.00846769008785],[0.000126093145809,0.00155678926967,0.00086231646128,-0.00951485428959,0.012690231204,-0.00704765040427,-0.000540477514733,0.007946992293,-0.0137100303546,0.0184731259942,-0.0213087331504,0.0317220948637,-0.0118186045438],[0.000058480341977,-0.000897825520951,-0.00204939860851,0.00740988133475,-0.0105138616636,0.00557206617668,-0.000845841539558,-0.00732024013996,0.0137860989198,-0.013707684353,0.00846769008785,-0.0118186045438,0.0249804444611]],"mean":[-13.2936668396,79.3473892212,-97.0241241455,6.93156147003,-9.57524585724,-17.4000854492,9.74825572968,-19.3245220184,2.32376599312,-4.84243392944,-6.66384792328,-3.85961222649,-11.2915058136]},"hfc":{"dmean":25.0228710175,"dmean2":32.9522514343,"dvar":1092.28112793,"dvar2":1920.60803223,"max":714.461181641,"mean":97.9688873291,"median":74.027130127,"min":1.17239061074e-16,"var":8683.609375},"melbands":{"dmean":[0.00190654117614,0.00142674241215,0.000663745566271,0.000423758756369,0.000175446184585,0.000171150415554,0.000232634120039,0.000102572033938,0.000100921999547,0.0000723113334971,0.0000952808331931,0.0000527538395545,0.0000650869114907,0.0000382561156584,0.0000370826492144,0.0000345197731804,0.0000509704004799,0.0000323484746332,0.0000216751486732,0.0000175150253199,0.0000130016578623,0.0000111347844722,0.0000104507489596,0.0000105325379991,0.00000800255929789,0.00000637588664176,0.00000666391269988,0.00000514476914759,0.0000035991686218,0.00000297879114441,0.00000234120193454,0.00000156725786837,0.00000128587737436,9.33517355861e-7,8.3790826011e-7,6.15263274995e-7,5.54670577912e-7,3.10701722128e-7,2.76308327329e-8,1.72161662704e-8],"dmean2":[0.00321296742186,0.00236518890597,0.00105494598392,0.00069579371484,0.000284490786726,0.00027317617787,0.000364020932466,0.000160480602062,0.000162301730597,0.000117246352602,0.000149815969053,0.0000844420210342,0.00010326521442,0.0000615211101831,0.0000595910023549,0.000055237680499,0.0000766515440773,0.0000511109174113,0.0000349568726961,0.0000279105042864,0.0000209383088077,0.0000173141943378,0.0000164509619935,0.0000163021468325,0.0000122589435705,0.00000967846881395,0.0000102544272522,0.00000773606461735,0.00000536609741175,0.0000044220350901,0.00000344471641256,0.00000230914270105,0.00000190626656149,0.00000141666748732,0.00000126550048662,9.59969952419e-7,8.68078302574e-7,4.92135711738e-7,4.47937829051e-8,2.83030470172e-8],"dvar":[0.000015338864614,0.00000664841309117,0.00000152423763211,9.54583924795e-7,1.64749550891e-7,1.66879473795e-7,4.27526344993e-7,8.00713095828e-8,4.0692906822e-8,1.82716437536e-8,6.85505767706e-8,1.04268540468e-8,2.90190840246e-8,4.38453806595e-9,4.10487288605e-9,3.4038347696e-9,3.73248489893e-8,4.05926714464e-9,1.44145095859e-9,9.3188068373e-10,5.52697998479e-10,4.67425431694e-10,4.32199720457e-10,6.32856489435e-10,3.08696984641e-10,3.11054487723e-10,6.51820097897e-10,3.17447179654e-10,7.92093404756e-11,4.78184956909e-11,2.77217675898e-11,2.01076186951e-11,1.57510931381e-11,4.72369539317e-12,4.48017447793e-12,2.59365814416e-12,2.24937017797e-12,8.67111449917e-13,5.0865959021e-15,1.07795901027e-15],"dvar2":[0.0000406111830671,0.0000174170345417,0.00000369093618247,0.00000247771890827,4.06861147439e-7,4.21385863092e-7,9.00666293546e-7,1.84963255379e-7,9.64483319876e-8,4.3212217804e-8,1.48458425997e-7,2.59647237044e-8,6.54412843915e-8,1.09758859779e-8,1.01056301105e-8,8.38463076747e-9,6.4784948961e-8,8.81445050283e-9,3.4794440662e-9,2.37174235806e-9,1.37311106929e-9,1.13065856677e-9,1.03767439086e-9,1.47570222708e-9,6.85359990982e-10,7.06046887622e-10,1.51135093329e-9,6.75566269592e-10,1.76790401762e-10,9.87609577452e-11,5.66295656201e-11,4.66721869485e-11,3.75890533977e-11,1.06477292261e-11,1.04400594073e-11,6.26499373213e-12,5.15502961498e-12,1.92115030481e-12,1.25175011754e-14,2.62003659497e-15],"max":[0.0462834201753,0.0354654751718,0.0261084549129,0.0122536942363,0.0118652880192,0.00961355678737,0.0174840427935,0.00838662777096,0.0057030916214,0.00347870774567,0.007643035613,0.00187046371866,0.00377124291845,0.00136757141445,0.00166804378387,0.00109229749069,0.00796297192574,0.00180595717393,0.00101218279451,0.000564246322028,0.000434791785665,0.00045727880206,0.00051896419609,0.000728359213099,0.000406759994803,0.000796592794359,0.00111276679672,0.000570918666199,0.00024163571652,0.000224907460506,0.000191961356904,0.000185118959052,0.000176609377377,0.0000481523784401,0.0000559351828997,0.0000302414118778,0.0000273030436801,0.0000294838919217,0.00000309335632664,5.65130108043e-7],"mean":[0.00236943061464,0.00189606053755,0.0010198635282,0.000529379118234,0.000229932644288,0.000251302175457,0.000341522943927,0.000157994189067,0.000151208747411,0.000116749564768,0.000157815709827,0.0000909793379833,0.000101587087556,0.0000669235378155,0.0000667484055157,0.0000614228483755,0.0000934618656174,0.0000589628980379,0.0000386265746783,0.0000301206655422,0.00002253880848,0.0000198719135369,0.0000196149721887,0.000019040378902,0.0000147878017742,0.0000116491901281,0.000011802582776,0.00000955046016315,0.00000705484353603,0.00000596606832914,0.00000458917975266,0.00000275248203252,0.00000214373085328,0.0000015915760514,0.00000135379332278,8.70749829573e-7,7.2437325116e-7,3.77220999326e-7,2.85921331056e-8,1.70754113071e-8],"median":[0.00114883552305,0.00101522519253,0.000393196009099,0.000168286554981,0.0000791293568909,0.000101785248262,0.000111342531454,0.0000590964082221,0.0000654561590636,0.0000568813957216,0.0000573730430915,0.0000404583770433,0.0000365744635928,0.0000320628241752,0.0000333865973516,0.0000310356663249,0.0000306632282445,0.0000276171904261,0.000018839880795,0.0000147341288539,0.00000929955785978,0.00000742707015888,0.00000608353002463,0.00000477748380945,0.00000429132705904,0.00000366878839486,0.00000322654113916,0.00000322197456626,0.00000225085841521,0.00000206060440178,0.00000152736515702,7.75576040724e-7,3.71597423054e-7,2.74551950952e-7,1.89610005918e-7,1.03650236838e-7,5.51139400784e-8,3.02885538872e-8,8.60626414578e-9,5.70828273538e-9],"min":[5.11340545954e-24,6.35071604001e-24,1.76154280967e-23,5.71007539356e-24,5.98010011484e-24,7.75559527068e-24,3.82450140372e-24,5.47613593111e-24,9.97048003427e-24,6.12389565279e-24,3.527066527e-24,2.79269106121e-24,3.03208529961e-24,6.63773992493e-24,1.25875300316e-23,8.80162246442e-24,9.44182016547e-24,4.86517893723e-24,8.67762220759e-24,9.15955863383e-24,1.11683195649e-23,8.48425504478e-24,7.53736084555e-24,7.29360124812e-24,2.38366904844e-24,6.68189168094e-24,5.98457690048e-24,8.11864562534e-24,7.11925746604e-24,7.43937169935e-24,7.41758888317e-24,8.88835772095e-24,7.87367670414e-24,9.94148624055e-24,8.85714565037e-24,7.54731074815e-24,7.91835936353e-24,8.64952061556e-24,1.00991322039e-23,9.37052133913e-24],"var":[0.0000146085894812,0.00000741483790989,0.00000279081359622,0.00000103330819456,2.039859055e-7,2.25988912916e-7,7.60682610235e-7,1.55175484906e-7,7.59410667683e-8,3.89622414332e-8,1.86573160477e-7,2.20991296374e-8,5.85344892556e-8,9.12445052847e-9,9.66540003589e-9,7.44133199504e-9,1.08853555503e-7,1.14587379585e-8,3.00896818572e-9,1.7678414288e-9,1.11635345412e-9,9.86714154827e-10,1.1332811356e-9,1.58628166158e-9,7.61508855973e-10,6.20524354122e-10,1.19815390942e-9,6.5584510045e-10,2.04788824787e-10,1.30669197684e-10,7.65920243895e-11,3.68060582012e-11,2.62972144061e-11,9.81834925862e-12,8.95115752353e-12,3.46769726649e-12,2.95127203925e-12,1.06972373667e-12,4.81131442941e-15,1.12255698901e-15]},"melbands_crest":{"dmean":4.1350607872,"dmean2":6.86977720261,"dvar":13.4267091751,"dvar2":36.1194534302,"max":38.7440338135,"mean":15.6880912781,"median":14.6785106659,"min":2.38865351677,"var":43.4886932373},"melbands_flatness_db":{"dmean":0.0306658130139,"dmean2":0.0477690696716,"dvar":0.000713083951268,"dvar2":0.00173883757088,"max":0.486639648676,"mean":0.217221677303,"median":0.214438021183,"min":0.00700125982985,"var":0.00394428009167},"melbands_kurtosis":{"dmean":9.42441272736,"dmean2":15.1280403137,"dvar":484.907989502,"dvar2":1287.47229004,"max":904.028930664,"mean":15.6773700714,"median":5.6997833252,"min":-1.92530560493,"var":1049.25280762},"melbands_skewness":{"dmean":0.915055453777,"dmean2":1.41998910904,"dvar":0.977067232132,"dvar2":2.35655879974,"max":25.6588249207,"mean":2.79636764526,"median":2.2298386097,"min":-2.29116559029,"var":4.90649223328},"melbands_spread":{"dmean":7.36906433105,"dmean2":11.3778572083,"dvar":77.1877593994,"dvar2":155.102722168,"max":152.58984375,"mean":24.2955608368,"median":21.0025939941,"min":0.522705674171,"var":303.103271484},"mfcc":{"cov":[[12087.9521484,932.627624512,-506.270294189,518.921325684,-347.115570068,462.228759766,-560.12121582,526.963378906,-513.928710938,275.649749756,-298.696380615,82.2349624634,-259.947540283],[932.627624512,1464.3125,-213.694915771,-34.813999176,-63.0338134766,1.53178489208,109.817024231,-198.170333862,117.303520203,-21.3816604614,71.956993103,-36.3334388733,53.6516189575],[-506.270294189,-213.694915771,414.266204834,41.2596511841,71.1039733887,-51.4609718323,31.9424991608,3.51087522507,32.4623069763,-10.0351457596,6.60053920746,24.1343765259,0.209255054593],[518.921325684,-34.813999176,41.2596511841,492.532897949,17.5097980499,86.912322998,28.9589481354,68.4854736328,33.9312896729,-5.89821195602,-19.2758827209,17.4350395203,-34.6392707825],[-347.115570068,-63.0338134766,71.1039733887,17.5097980499,193.261993408,15.6522865295,45.6788101196,-34.6873207092,11.2069778442,-32.1653327942,6.42064094543,-12.0763864517,4.19108772278],[462.228759766,1.53178489208,-51.4609718323,86.912322998,15.6522865295,153.286056519,19.4085197449,47.2855186462,-12.6964149475,19.2274875641,-15.0168819427,9.14740085602,-16.6503887177],[-560.12121582,109.817024231,31.9424991608,28.9589481354,45.6788101196,19.4085197449,180.423721313,-40.5920333862,97.5245285034,-26.7975559235,36.0509033203,-17.6936187744,20.8711681366],[526.963378906,-198.170333862,3.51087522507,68.4854736328,-34.6873207092,47.2855186462,-40.5920333862,173.914962769,-38.8924980164,32.2181587219,-50.6107330322,13.6364116669,-35.5527610779],[-513.928710938,117.303520203,32.4623069763,33.9312896729,11.2069778442,-12.6964149475,97.5245285034,-38.8924980164,153.211639404,2.9379761219,51.4818344116,-5.6905298233,19.0260601044],[275.649749756,-21.3816604614,-10.0351457596,-5.89821195602,-32.1653327942,19.2274875641,-26.7975559235,32.2181587219,2.9379761219,94.1263961792,17.813287735,27.5365467072,-6.75894880295],[-298.696380615,71.956993103,6.60053920746,-19.2758827209,6.42064094543,-15.0168819427,36.0509033203,-50.6107330322,51.4818344116,17.813287735,85.839553833,19.4161090851,23.7175617218],[82.2349624634,-36.3334388733,24.1343765259,17.4350395203,-12.0763864517,9.14740085602,-17.6936187744,13.6364116669,-5.6905298233,27.5365467072,19.4161090851,77.3478164673,17.7951622009],[-259.947540283,53.6516189575,0.209255054593,-34.6392707825,4.19108772278,-16.6503887177,20.8711681366,-35.5527610779,19.0260601044,-6.75894880295,23.7175617218,17.7951622009,65.2587661743]],"icov":[[0.000191400991753,-0.000259944965364,0.0000043115119297,-0.000141909375088,0.000048090776545,-0.000296085694572,0.000351098919054,-0.000374657014618,0.000434862682596,-0.00032577328966,0.000166654630448,-0.0000697990108165,0.000303691747831],[-0.000259944965364,0.00132934201974,0.000422362354584,0.000121496865177,0.000410769454902,0.000161747419043,-0.000730602419935,0.00162768142764,-0.00102273491211,0.000380392593797,-0.000118535805086,0.000296620593872,-0.000630135997199],[0.0000043115119297,0.000422362354584,0.00323305628262,-0.000288713752525,-0.00109374511521,0.00160576729104,-0.000687144231051,-0.0000160932213475,-0.000599049904849,-0.0000697469731676,0.000552926503588,-0.00155839161016,0.000588684983086],[-0.000141909375088,0.000121496865177,-0.000288713752525,0.00272414786741,-0.000111264678708,-0.00113988295197,-0.000109479893581,-0.000459892151412,-0.00150165765081,0.00128373433836,0.000190616075997,-0.00100107502658,0.0010569836013],[0.000048090776545,0.000410769454902,-0.00109374511521,-0.000111264678708,0.0067582228221,-0.00174372573383,-0.00102608650923,0.00166884588543,0.000688283529598,0.00143368716817,-0.000429212377639,0.000884129840415,0.0000194394306163],[-0.000296085694572,0.000161747419043,0.00160576729104,-0.00113988295197,-0.00174372573383,0.0101959006861,-0.00340398075059,-0.00127524719574,0.00121491821483,-0.00191697280388,0.000852187047713,-0.00149524724111,0.000730007130187],[0.000351098919054,-0.000730602419935,-0.000687144231051,-0.000109479893581,-0.00102608650923,-0.00340398075059,0.0113840894774,-0.000890012539458,-0.00508317211643,0.00239744666032,-0.00151246681344,0.00196361844428,-0.0012405377347],[-0.000374657014618,0.00162768142764,-0.0000160932213475,-0.000459892151412,0.00166884588543,-0.00127524719574,-0.000890012539458,0.0114967571571,-0.00103790289722,-0.00228840764612,0.00499348388985,-0.00145081931259,0.001687249518],[0.000434862682596,-0.00102273491211,-0.000599049904849,-0.00150165765081,0.000688283529598,0.00121491821483,-0.00508317211643,-0.00103790289722,0.0138248782605,-0.00290598161519,-0.00427529867738,0.00172464456409,-0.000144156583701],[-0.00032577328966,0.000380392593797,-0.0000697469731676,0.00128373433836,0.00143368716817,-0.00191697280388,0.00239744666032,-0.00228840764612,-0.00290598161519,0.0163383726031,-0.00534740835428,-0.00346643384546,0.00190470425878],[0.000166654630448,-0.000118535805086,0.000552926503588,0.000190616075997,-0.000429212377639,0.000852187047713,-0.00151246681344,0.00499348388985,-0.00427529867738,-0.00534740835428,0.0213230717927,-0.00530678126961,-0.00130007939879],[-0.0000697990108165,0.000296620593872,-0.00155839161016,-0.00100107502658,0.000884129840415,-0.00149524724111,0.00196361844428,-0.00145081931259,0.00172464456409,-0.00346643384546,-0.00530678126961,0.0191940423101,-0.0070720622316],[0.000303691747831,-0.000630135997199,0.000588684983086,0.0010569836013,0.0000194394306163,0.000730007130187,-0.0012405377347,0.001687249518,-0.000144156583701,0.00190470425878,-0.00130007939879,-0.0070720622316,0.0217517558485]],"mean":[-668.689208984,141.41053772,-25.7058925629,39.4165115356,-6.81951284409,22.9540309906,1.15759801865,8.14659500122,1.01793253422,11.0637998581,-0.930007636547,7.25589370728,-2.87400341034]},"pitch_salience":{"dmean":0.0767110288143,"dmean2":0.126672759652,"dvar":0.0046197026968,"dvar2":0.0120918573812,"max":0.835473179817,"mean":0.546326816082,"median":0.567519128323,"min":0.0323457978666,"var":0.0159406680614},"silence_rate_20dB":{"dmean":0,"dmean2":0,"dvar":0,"dvar2":0,"max":1,"mean":1,"median":1,"min":1,"var":0},"silence_rate_30dB":{"dmean":0.0192785169929,"dmean2":0.0385626628995,"dvar":0.0189072825015,"dvar2":0.047591727227,"max":1,"mean":0.985397219658,"median":1,"min":0,"var":0.0143899088725},"silence_rate_60dB":{"dmean":0.0151891335845,"dmean2":0.0303827058524,"dvar":0.014957039617,"dvar2":0.0352979563177,"max":1,"mean":0.0633761659265,"median":0,"min":0,"var":0.0593568645418},"spectral_centroid":{"dmean":243.598449707,"dmean2":368.467376709,"dvar":66025.6953125,"dvar2":130270.632812,"max":11246.4140625,"mean":1495.02148438,"median":1380.68310547,"min":261.800567627,"var":440378.3125},"spectral_complexity":{"dmean":4.16561985016,"dmean2":5.62284564972,"dvar":23.9043102264,"dvar2":35.3233032227,"max":61,"mean":21.3436031342,"median":19,"min":0,"var":199.704360962},"spectral_contrast_coeffs":{"dmean":[0.0523917451501,0.0493687950075,0.0375759042799,0.0276939980686,0.0185830928385,0.042725969106],"dmean2":[0.0873679593205,0.0819656327367,0.0619772784412,0.0457079671323,0.0302213281393,0.0662566721439],"dvar":[0.00183113862295,0.00160204863641,0.000893075950444,0.000494953303132,0.000233386890613,0.00133756815922],"dvar2":[0.00490838801488,0.00425330642611,0.00236653746106,0.00133466592524,0.000576572027057,0.00328406598419],"max":[-0.414258599281,-0.439676553011,-0.550947844982,-0.578771531582,-0.619196653366,-0.405051350594],"mean":[-0.706741213799,-0.77712315321,-0.800407171249,-0.803458571434,-0.816679239273,-0.688910365105],"median":[-0.711537957191,-0.782309889793,-0.803231298923,-0.806568980217,-0.818442165852,-0.68193179369],"min":[-0.963958263397,-0.978544652462,-0.984961688519,-0.984282433987,-0.981040298939,-0.979120731354],"var":[0.00656997552142,0.00502681406215,0.00344267906621,0.002316277707,0.0012221080251,0.00582481315359]},"spectral_contrast_valleys":{"dmean":[0.425414770842,0.387256801128,0.316250562668,0.266591906548,0.232500836253,0.606728732586],"dmean2":[0.681435525417,0.611107468605,0.490725249052,0.402049720287,0.315091460943,0.939281761646],"dvar":[0.156761169434,0.137631058693,0.105438329279,0.0911249890924,0.0968847498298,0.309102892876],"dvar2":[0.327797561884,0.27395015955,0.192223340273,0.14698253572,0.126206576824,0.698770821095],"max":[-4.97756528854,-5.02502441406,-5.31581401825,-5.62841367722,-5.29774713516,-8.65021705627],"mean":[-7.12663030624,-6.84602975845,-7.22973585129,-7.467212677,-7.53322839737,-11.3401584625],"median":[-6.88987064362,-6.54777669907,-6.90933036804,-7.14929962158,-7.36515378952,-11.1188220978],"min":[-27.7373313904,-27.3241405487,-27.5554485321,-27.3427181244,-27.5333957672,-27.1659145355],"var":[2.190117836,2.36022472382,2.27442741394,2.2011911869,2.16708564758,1.74755299091]},"spectral_decrease":{"dmean":3.03661673584e-9,"dmean2":4.73930361622e-9,"dvar":2.35344249733e-17,"dvar2":5.60619741099e-17,"max":4.59479299053e-9,"mean":-6.02200334043e-9,"median":-4.22966550673e-9,"min":-5.29657029347e-8,"var":3.81228122125e-17},"spectral_energy":{"dmean":0.0124118514359,"dmean2":0.0188274085522,"dvar":0.0003609987034,"dvar2":0.000847064482514,"max":0.211586207151,"mean":0.0316144712269,"median":0.0252477303147,"min":1.0477748993e-20,"var":0.00074055820005},"spectral_energyband_high":{"dmean":0.000489616533741,"dmean2":0.000637342396658,"dvar":8.530577702e-7,"dvar2":0.00000143615989145,"max":0.0286284610629,"mean":0.00137801119126,"median":0.000567902578041,"min":7.75656065341e-21,"var":0.00000416104194301},"spectral_energyband_low":{"dmean":0.00887282192707,"dmean2":0.0143370078877,"dvar":0.000248211930739,"dvar2":0.000628619862255,"max":0.193546190858,"mean":0.0133101986721,"median":0.007527962327,"min":1.03270456367e-22,"var":0.000305985828163},"spectral_energyband_middle_high":{"dmean":0.00186714797746,"dmean2":0.00266370456666,"dvar":0.0000076091550909,"dvar2":0.0000150221076183,"max":0.0668998211622,"mean":0.00578853907064,"median":0.00400763005018,"min":1.35378487392e-21,"var":0.0000387095606129},"spectral_energyband_middle_low":{"dmean":0.00411341991276,"dmean2":0.00626506237313,"dvar":0.0000418462404923,"dvar2":0.0000980872428045,"max":0.0997348278761,"mean":0.0088282674551,"median":0.00578732602298,"min":3.12665562521e-22,"var":0.0000933457849897},"spectral_entropy":{"dmean":0.125834688544,"dmean2":0.184540987015,"dvar":0.0155347138643,"dvar2":0.0317382588983,"max":9.8003616333,"mean":7.70224142075,"median":7.73493385315,"min":6.04584217072,"var":0.0980271100998},"spectral_flux":{"dmean":0.0258642751724,"dmean2":0.0405555330217,"dvar":0.00103562651202,"dvar2":0.00227355374955,"max":0.415703892708,"mean":0.0968794301152,"median":0.0899495780468,"min":1.02927832923e-10,"var":0.00294579076581},"spectral_kurtosis":{"dmean":2.59154868126,"dmean2":3.80713891983,"dvar":9.61013793945,"dvar2":19.9127407074,"max":51.6657104492,"mean":14.0117778778,"median":12.5021209717,"min":-1.14634788036,"var":42.2223815918},"spectral_rms":{"dmean":0.00097983086016,"dmean2":0.00143859453965,"dvar":0.00000135753987252,"dvar2":0.00000292785080092,"max":0.0143675180152,"mean":0.00503463391215,"median":0.00496305665001,"min":3.19721658003e-12,"var":0.00000549611058887},"spectral_rolloff":{"dmean":3618.56347656,"dmean2":6751.55908203,"dvar":40850704,"dvar2":94582488,"max":22050,"mean":8758.94921875,"median":2713.18359375,"min":21.533203125,"var":83445424},"spectral_skewness":{"dmean":0.222296699882,"dmean2":0.318209320307,"dvar":0.0610032528639,"dvar2":0.10839984566,"max":5.31155824661,"mean":2.3622136116,"median":2.23436737061,"min":0.00448047555983,"var":0.408141493797},"spectral_spread":{"dmean":420134.8125,"dmean2":625256.5,"dvar":421758926848,"dvar2":602475134976,"max":39207548,"mean":4190203.25,"median":4073165,"min":1470407.5,"var":1174904373250},"spectral_strongpeak":{"dmean":1.13753497601,"dmean2":2.05377459526,"dvar":36.9138565063,"dvar2":94.4616088867,"max":143.662765503,"mean":1.23925209045,"median":0.216246455908,"min":0,"var":46.3012771606},"zerocrossingrate":{"dmean":0.0331818722188,"dmean2":0.0409050732851,"dvar":0.00114585703705,"dvar2":0.00179810600821,"max":0.93896484375,"mean":0.22022126615,"median":0.21630859375,"min":0.0009765625,"var":0.00905776210129}},"metadata":{"audio_properties":{"analysis_sample_rate":44100,"bit_rate":160000,"codec":"mp3","downmix":"mix","equal_loudness":0,"length":158.981231689,"lossless":false,"md5_encoded":"bf40dd66bf54f0b6ca3fe223ac975243","replay_gain":-6.56141662598,"sample_rate":44100},"tags":{"album":["This Note's for You"],"album artist credit":["Neil Young"],"albumartist":["Neil Young"],"albumartistsort":["Young, Neil"],"artist":["Neil Young"],"artist credit":["Neil Young"],"artistsort":["Young, Neil"],"bpm":["0"],"catalognumber":["1-25719"],"date":["1988-04"],"discnumber":["1/1"],"file_name":"06 - Neil Young - Married Man.mp3","genre":["Rock - Roots Rock"],"label":["Reprise Records"],"language":["eng"],"length":["158000"],"media":["12\" Vinyl"],"musicbrainz album release country":["US"],"musicbrainz album status":["Official"],"musicbrainz album type":["album"],"musicbrainz_albumartistid":["75167b8b-44e4-407b-9d35-effe87b223cf"],"musicbrainz_albumid":["b9ae3474-a49e-4484-9e67-b95ff1f1ac43"],"musicbrainz_artistid":["75167b8b-44e4-407b-9d35-effe87b223cf"],"musicbrainz_recordingid":["3d416bd1-1c47-449f-bc90-c3fd98375a9b"],"musicbrainz_releasegroupid":["62810843-fe3f-3b4c-8537-182eedfad223"],"originaldate":["1988-04-12"],"replaygain_album_gain":["0.00 dB"],"replaygain_album_peak":["0.000000"],"replaygain_track_gain":["0.00 dB"],"replaygain_track_peak":["0.000000"],"script":["Latn"],"title":["Married Man"],"tracknumber":["6/10"]},"version":{"essentia":"2.1-beta1","essentia_build_sha":"ca57ba49d9b1854bd80e60cf9ccf267278fb7d6b","essentia_git_sha":"v2.1_beta1-28-g21ef5f4-dirty","extractor":"music 1.0"}},"rhythm":{"beats_count":339,"beats_loudness":{"dmean":0.0229208469391,"dmean2":0.0394431240857,"dvar":0.000386130006518,"dvar2":0.00118085322902,"max":0.178161203861,"mean":0.0534322336316,"median":0.0524147823453,"min":4.43383019189e-9,"var":0.000641473394353},"beats_loudness_band_ratio":{"dmean":[0.175408303738,0.0808588117361,0.0727602243423,0.0609917715192,0.0394301339984,0.0760782882571],"dmean2":[0.294