{"lowlevel":{"average_loudness":0.53025329113,"barkbands":{"dmean":[0.000122437908431,0.00230868998915,0.00173721613828,0.000618184218183,0.000629252812359,0.000743284646887,0.000692253699526,0.000361276237527,0.000696229923051,0.00076900102431,0.000264902191702,0.000214534418774,0.0000827581170597,0.000139457872137,0.0000763388597989,0.000118550524348,0.0000869210125529,0.0000859411447891,0.0000935315547395,0.0000953208291321,0.0000455170484202,0.0000208420296985,0.00000848170384415,0.0000423785022576,0.0000553225036128,0.00000711599523129,7.78600906415e-7],"dmean2":[0.000194243286387,0.00337914004922,0.00320951687172,0.00109698204324,0.00103622989263,0.00115032086615,0.00103589252103,0.000546743278392,0.000960002129432,0.00111909862608,0.000379519595299,0.000327224348439,0.000120619792142,0.000212086131796,0.000113137954031,0.000175418274011,0.00013019562175,0.000125376376673,0.000135550828418,0.000130374493892,0.0000674973271089,0.0000313597520289,0.0000124068465084,0.0000601395586273,0.0000780694608693,0.0000093915814432,0.00000124567941384],"dvar":[1.56390484563e-7,0.0000719844028936,0.00006345865404,0.0000064984456003,0.0000013585099623,0.00000232134584621,0.0000018812925191,6.83959399339e-7,0.00000446723515779,0.00000768172412791,0.00000212539225686,9.8602606613e-7,1.01812851483e-7,2.82085238723e-7,6.49112692486e-8,1.58677863737e-7,1.65837704458e-7,9.8060418452e-8,5.71520608617e-8,8.76300987329e-8,1.12968026045e-8,5.33096589095e-9,3.25041904503e-9,3.92495209667e-8,5.60404629368e-8,2.16486673033e-9,2.1041007478e-11],"dvar2":[3.55872487035e-7,0.000158729802934,0.000184505988727,0.0000186118450074,0.00000379125458494,0.00000545794591744,0.00000430805175711,0.00000150666301124,0.0000076207256825,0.0000160157342179,0.00000345800049217,0.00000218938862417,2.14896999751e-7,6.37085406652e-7,1.23134100249e-7,3.29007292521e-7,3.80137919365e-7,2.10546232893e-7,1.10923778607e-7,1.63311909773e-7,2.57933532311e-8,1.22371286437e-8,6.30416741032e-9,7.45257224821e-8,1.01951187048e-7,2.99485325428e-9,4.99385983954e-11],"max":[0.00832882616669,0.135291963816,0.105672419071,0.0446733348072,0.0227671843022,0.0410939790308,0.0337560027838,0.0259090494365,0.0783746689558,0.103606946766,0.0757062733173,0.0462535023689,0.0109324194491,0.0231755804271,0.0098576284945,0.0104031795636,0.0190684273839,0.014831636101,0.00550807267427,0.0107552651316,0.00292974757031,0.00337917823344,0.00272630667314,0.00950115174055,0.0129786571488,0.00275299465284,0.000276699807728],"mean":[0.000142186676385,0.00298397848383,0.00145074236207,0.000619473983534,0.00130503356922,0.00164704455528,0.00182707118802,0.000777343229856,0.00200418801978,0.00256302440539,0.000688199186698,0.000566243252251,0.000158622904564,0.00030067039188,0.000154202338308,0.000305984693114,0.000272395089269,0.000218202985707,0.000275194208371,0.000247075717198,0.000129859399749,0.0000611206851318,0.0000200611921173,0.000114591581223,0.000142336371937,0.0000156942696776,0.00000133850301154],"median":[0.0000109562834041,0.000387000472983,0.000250356213655,0.000187706580618,0.000880309555214,0.000777115870733,0.000535343191586,0.00022757309489,0.000270834105322,0.000116273440653,0.0000609411290498,0.0000668684879201,0.0000333753268933,0.0000453230095445,0.0000285815112875,0.0000432934357377,0.0000223019305849,0.0000405608589062,0.0000278011430055,0.0000339012003678,0.0000129644104163,0.00000155698478466,8.62099852839e-7,0.00000475993465443,0.0000140824595292,0.00000196174732991,9.89164732346e-8],"min":[4.67301133604e-25,3.18004917859e-25,1.18557777256e-24,1.28249475818e-24,1.11660713113e-23,8.72582082003e-24,8.98447016706e-24,4.40430785817e-24,9.2705008761e-24,1.43328342973e-23,1.22289178084e-23,1.96522275109e-23,2.49719757118e-23,2.57985394352e-23,5.53793671437e-23,5.23627598867e-23,6.56933195827e-23,9.39689532577e-23,1.36099369944e-22,2.0614369287e-22,1.753683988e-22,3.21669179131e-22,3.90369118991e-22,5.24210466102e-22,8.65003829764e-22,1.45481854359e-21,1.8852585149e-21],"var":[2.32323230875e-7,0.0000907170688151,0.0000362282262358,0.00000415395788878,0.00000234534536503,0.00000638334040559,0.0000116889896162,0.00000246313311436,0.0000368414039258,0.0000756588342483,0.0000130394018925,0.00000775024363975,2.3809000993e-7,8.61978037392e-7,2.07581749123e-7,6.16199031356e-7,0.00000183984752766,3.40381717479e-7,3.8263414126e-7,3.67721384009e-7,6.67881678851e-8,3.66947894292e-8,1.39906548569e-8,1.47635404346e-7,1.78900336323e-7,6.72286848413e-9,4.25648717661e-11]},"barkbands_crest":{"dmean":2.4933681488,"dmean2":3.81796097755,"dvar":5.32802724838,"dvar2":11.9709091187,"max":26.5799846649,"mean":12.0408124924,"median":11.2982244492,"min":2.66144394875,"var":22.9510803223},"barkbands_flatness_db":{"dmean":0.0240846406668,"dmean2":0.0348535403609,"dvar":0.000913325638976,"dvar2":0.00168616510928,"max":0.742756664753,"mean":0.202211409807,"median":0.167108669877,"min":0.025545861572,"var":0.0119730811566},"barkbands_kurtosis":{"dmean":9.64952373505,"dmean2":15.2346410751,"dvar":2155.18652344,"dvar2":4975.85449219,"max":2219.04174805,"mean":15.3104667664,"median":4.35328578949,"min":-1.91775786877,"var":2899.75048828},"barkbands_skewness":{"dmean":0.707288205624,"dmean2":1.06502437592,"dvar":1.25482988358,"dvar2":2.73982667923,"max":33.4800186157,"mean":2.00370502472,"median":1.58658647537,"min":-4.42851686478,"var":3.97648334503},"barkbands_spread":{"dmean":3.82122349739,"dmean2":5.65154647827,"dvar":53.826335907,"dvar2":112.021278381,"max":116.934944153,"mean":15.3527898788,"median":11.5619115829,"min":0.0448197759688,"var":233.054840088},"dissonance":{"dmean":0.0299200657755,"dmean2":0.0504110082984,"dvar":0.0011193199316,"dvar2":0.00307316775434,"max":0.500000059605,"mean":0.435092359781,"median":0.446623921394,"min":0.100365437567,"var":0.00249424623325},"dynamic_complexity":7.40388441086,"erbbands":{"dmean":[0.0611813813448,0.586486935616,1.94458758831,2.09725046158,1.79466414452,2.35182571411,4.35540437698,6.48779058456,8.13623332977,10.0044851303,9.7791633606,11.7709884644,25.6121330261,15.7647695541,8.19435882568,6.63101387024,3.67119431496,4.7139954567,6.07740974426,4.88667821884,5.55034971237,5.60596036911,4.16502285004,5.20245599747,3.28594946861,4.51556921005,1.63460826874,1.92673158646,0.784329950809,0.244654417038,0.270387381315,0.552157461643,0.919144272804,0.779393613338,0.321744948626,0.0542264059186,0.0111224027351,0.00142879411578,0.000151442218339,0.00000953992002906],"dmean2":[0.0848652496934,0.919121563435,3.50378155708,3.82920980453,3.10931444168,3.80395174026,6.87987470627,9.98921489716,12.0279521942,15.1734247208,14.8062181473,16.3479194641,35.5420227051,22.1286411285,11.6255760193,9.79843902588,5.4017367363,6.89193153381,8.78998374939,7.01633787155,7.89510917664,8.07266712189,5.96772384644,7.62997055054,4.39791965485,6.11120271683,2.25747776031,2.81524300575,1.14039421082,0.357820510864,0.394781917334,0.746697127819,1.30753207207,1.11176717281,0.444384634495,0.0725584626198,0.0157011952251,0.00200513494201,0.000240345179918,0.0000142771941682],"dvar":[0.0496641248465,4.96930456161,69.9116897583,92.7913284302,27.7619190216,15.463716507,68.8156661987,283.150604248,344.220031738,447.511505127,670.713439941,1492.60632324,6423.89013672,2588.3659668,1913.01489258,601.519042969,162.234466553,427.338378906,511.442840576,160.852325439,413.714935303,755.222839355,287.81237793,166.225189209,80.2513656616,216.034286499,20.9654445648,25.1183376312,9.12633037567,3.29803848267,3.42337274551,8.63262271881,16.1878509521,7.90253686905,3.34071660042,0.148073032498,0.00554283848032,0.0000958940945566,5.97790233314e-7,6.70985988993e-10],"dvar2":[0.0911005213857,11.8873376846,198.545578003,269.174163818,79.4035568237,41.4299125671,171.058776855,680.805969238,760.067443848,1015.13873291,1548.37084961,2755.68359375,12129.8457031,5149.17431641,3477.5859375,1210.38476563,348.770782471,960.044128418,970.947387695,311.89730835,785.362365723,1597.67895508,600.269592285,347.300964355,130.566040039,386.874511719,42.3818626404,58.4317741394,19.8431110382,7.18327951431,7.15917062759,15.2173919678,33.3771362305,15.7756757736,5.90810108185,0.221967220306,0.0102800559253,0.000160882147611,0.00000152438144596,1.58166579833e-9],"max":[3.44571471214,33.4671325684,105.025520325,138.480453491,81.6909713745,56.4622306824,139.639801025,502.827423096,498.471954346,387.402679443,863.147888184,1372.02392578,3232.94946289,2649.01708984,2081.16503906,1155.84875488,504.544189453,1182.12109375,704.965270996,305.893218994,711.374694824,1267.33374023,846.13293457,288.012481689,311.513977051,559.205383301,149.932998657,166.930130005,159.901077271,95.4173660278,95.2520446777,140.553253174,210.768371582,131.019882202,104.792488098,25.48046875,5.78575181961,0.735226392746,0.0379623956978,0.00103565654717],"mean":[0.0806287676096,0.683678388596,1.72868967056,1.99350869656,2.66389656067,4.7893447876,9.67704200745,14.3775529861,22.2380657196,23.3058376312,24.1172809601,32.2634124756,83.5327529907,51.4537200928,24.4004955292,17.4721775055,8.81571769714,10.5963125229,13.2370462418,12.8231897354,14.9370737076,17.23320961,11.9978933334,15.5170431137,10.3073949814,11.957652092,4.96033239365,6.16550588608,2.62789154053,0.668337404728,0.655760586262,1.430372715,2.49189019203,1.95838022232,0.759658515453,0.121613591909,0.0246338229626,0.0032449234277,0.000268861214863,0.0000316712248605],"median":[0.0072658569552,0.0934943333268,0.293223202229,0.621298015118,1.33356761932,3.02054595947,4.91020059586,6.32279634476,6.88350391388,7.86666488647,6.53245544434,6.90003585815,6.46967601776,5.44299697876,3.46319532394,3.03121852875,2.33183431625,2.54905653,2.2900454998,2.83103179932,2.26334238052,1.66018009186,2.0307366848,2.33885240555,1.37971496582,1.60624527931,0.772935211658,0.378137141466,0.0908904448152,0.029406812042,0.0303722955287,0.0583012327552,0.109254933894,0.144873082638,0.0908484309912,0.0167701095343,0.00252403295599,0.0003819707199,0.0000317539452226,0.0000207518751267],"min":[1.05714240167e-23,3.52236668306e-22,2.71968725718e-21,5.06663392487e-21,1.26231243066e-20,3.95932714385e-20,3.52163518559e-20,7.95250083815e-20,1.90373149362e-19,1.80840332242e-19,1.33962533513e-19,2.28674752425e-19,3.6854574658e-19,6.73932220887e-19,8.21586907058e-19,1.14894714999e-18,1.26477032353e-18,2.68413532688e-18,3.02285275962e-18,2.82839914122e-18,3.94840520614e-18,4.56860744505e-18,5.60731468384e-18,5.73645412107e-18,8.52726762283e-18,9.82910266884e-18,8.85075976242e-18,8.83909486143e-18,1.24136309743e-17,9.33450325645e-18,1.18157258024e-17,9.0148575067e-18,1.03019885901e-17,8.175054118e-18,6.74230491876e-18,4.39840469426e-18,2.5943101298e-18,8.85263167215e-19,2.47953256425e-19,2.91716455192e-20],"var":[0.0769938677549,5.02691030502,43.5624961853,54.5321464539,23.8105392456,33.4501342773,192.775619507,657.578125,2152.33056641,1889.05236816,2986.66894531,7448.78515625,54636.953125,21343.2421875,13148.4238281,4445.13964844,509.226501465,827.953735352,1845.65917969,805.668029785,1572.66967773,6804.78759766,1174.94812012,944.287658691,485.820861816,933.66583252,93.9912414551,183.884109497,65.6120529175,11.0202198029,14.2152767181,33.5442390442,56.7329330444,26.9461116791,8.56732940674,0.429008334875,0.0127823287621,0.000254319049418,0.00000112975340016,1.91557458784e-9]},"erbbands_crest":{"dmean":2.60109353065,"dmean2":4.0506567955,"dvar":5.87999248505,"dvar2":14.5339708328,"max":31.3284988403,"mean":12.6282835007,"median":11.8121480942,"min":2.02524495125,"var":29.7937507629},"erbbands_flatness_db":{"dmean":0.0187407024205,"dmean2":0.0275301709771,"dvar":0.000545507995412,"dvar2":0.00108293676749,"max":0.518680930138,"mean":0.198847949505,"median":0.190752580762,"min":0.0277500469238,"var":0.00413502985612},"erbbands_kurtosis":{"dmean":3.71022510529,"dmean2":5.80011701584,"dvar":88.7941513062,"dvar2":213.127471924,"max":265.604949951,"mean":6.42515134811,"median":1.83244824409,"min":-1.8501650095,"var":272.622741699},"erbbands_skewness":{"dmean":0.523215472698,"dmean2":0.796767711639,"dvar":0.501064479351,"dvar2":1.19201934338,"max":11.1946516037,"mean":1.36173498631,"median":1.18638157845,"min":-5.21175384521,"var":2.22954368591},"erbbands_spread":{"dmean":7.54118061066,"dmean2":11.5625638962,"dvar":147.29019165,"dvar2":343.709228516,"max":181.631088257,"mean":30.3404560089,"median":25.8590621948,"min":0.545017302036,"var":513.011108398},"gfcc":{"cov":[[40488.7539063,-969.072143555,-7990.28173828,-1771.89416504,-2522.54785156,46.3163948059,-1137.60388184,1861.32409668,-1258.51257324,755.821899414,-80.9090957642,-446.222991943,1303.01000977],[-969.072143555,2201.99975586,657.915466309,-95.4438095093,388.541381836,-203.322814941,134.706970215,-213.688552856,206.320114136,-25.5430145264,192.797409058,-47.3098602295,-80.3975296021],[-7990.28173828,657.915466309,2606.40063477,666.614746094,619.990783691,209.538467407,300.322723389,-402.525390625,368.97076416,-175.866821289,68.1758804321,100.278968811,-344.424072266],[-1771.89416504,-95.4438095093,666.614746094,962.287109375,233.523376465,48.4950637817,227.269119263,-84.4050292969,157.469512939,-53.221572876,-31.2889442444,31.6361064911,-49.6873550415],[-2522.54785156,388.541381836,619.990783691,233.523376465,579.831542969,49.2157287598,177.678314209,-49.0540924072,51.5985450745,-20.781747818,45.5567779541,3.64137029648,-55.7623977661],[46.3163948059,-203.322814941,209.538467407,48.4950637817,49.2157287598,422.751617432,125.635070801,-49.3741760254,50.1188468933,-52.5029945374,17.9697570801,17.7118301392,-43.5652732849],[-1137.60388184,134.706970215,300.322723389,227.269119263,177.678314209,125.635070801,308.044403076,-74.0146179199,86.449432373,-45.8701477051,-6.26465177536,6.01152706146,-35.430015564],[1861.32409668,-213.688552856,-402.525390625,-84.4050292969,-49.0540924072,-49.3741760254,-74.0146179199,327.48046875,-110.017120361,101.203994751,-37.9189491272,-25.6684627533,108.183509827],[-1258.51257324,206.320114136,368.97076416,157.469512939,51.5985450745,50.1188468933,86.449432373,-110.017120361,256.342498779,-71.8845443726,18.8566532135,39.1195030212,-55.0411300659],[755.821899414,-25.5430145264,-175.866821289,-53.221572876,-20.781747818,-52.5029945374,-45.8701477051,101.203994751,-71.8845443726,180.731826782,10.0595560074,-34.4948654175,23.7869052887],[-80.9090957642,192.797409058,68.1758804321,-31.2889442444,45.5567779541,17.9697570801,-6.26465177536,-37.9189491272,18.8566532135,10.0595560074,179.100646973,-1.44870710373,-19.1178302765],[-446.222991943,-47.3098602295,100.278968811,31.6361064911,3.64137029648,17.7118301392,6.01152706146,-25.6684627533,39.1195030212,-34.4948654175,-1.44870710373,112.514801025,-1.6252849102],[1303.01000977,-80.3975296021,-344.424072266,-49.6873550415,-55.7623977661,-43.5652732849,-35.430015564,108.183509827,-55.0411300659,23.7869052887,-19.1178302765,-1.6252849102,169.589004517]],"icov":[[0.000147530590766,-0.000257203821093,0.000362172781024,-0.000228354954743,0.00041064445395,-0.000519334513228,0.000249978795182,-0.000423362129368,0.000243480157224,-0.0000352884562744,-0.00000962481863098,0.0000787012977526,-0.000179267852218],[-0.000257203821093,0.00124841160141,-0.000755601155106,0.000786618387792,-0.00112148653716,0.00153627654072,-0.000796871434432,0.00103469903115,-0.00103224127088,-0.000031474752177,-0.000591825810261,0.000372848560801,0.0000695306589478],[0.000362172781024,-0.000755601155106,0.00183686462697,-0.000925207219552,0.00034533906728,-0.00152082787827,0.00086437020218,-0.00072547676973,0.000130000888021,0.0000136333419505,0.000119451855426,-0.000270644377451,0.000735966779757],[-0.000228354954743,0.000786618387792,-0.000925207219552,0.00203655986115,-0.000916557211895,0.00131370592862,-0.00136245845351,0.000686178216711,-0.00106576271355,-0.0000788921242929,0.0000561929009564,0.0000739289171179,-0.000168959726579],[0.00041064445395,-0.00112148653716,0.00034533906728,-0.000916557211895,0.00419867318124,-0.00147261074744,-0.000474093103549,-0.00181622838136,0.00164651719388,-0.0000444929282821,-0.000464226701297,0.000211640755879,-0.000701820710674],[-0.000519334513228,0.00153627654072,-0.00152082787827,0.00131370592862,-0.00147261074744,0.00519058993086,-0.00247637112625,0.00143204990309,-0.0012370981276,0.000624150736257,-0.000824607268441,-0.00011489388271,0.000849922129419],[0.000249978795182,-0.000796871434432,0.00086437020218,-0.00136245845351,-0.000474093103549,-0.00247637112625,0.00597152020782,-0.000175957087777,-0.000228547753068,0.000109235057607,0.000927903747652,0.000434786081314,-0.000355116149876],[-0.000423362129368,0.00103469903115,-0.00072547676973,0.000686178216711,-0.00181622838136,0.00143204990309,-0.000175957087777,0.00646439660341,-0.000345609878423,-0.00200020545162,0.00074273289647,0.0000196288983716,-0.0016665145522],[0.000243480157224,-0.00103224127088,0.000130000888021,-0.00106576271355,0.00164651719388,-0.0012370981276,-0.000228547753068,-0.000345609878423,0.00673116277903,0.00106797611807,-0.000169804348843,-0.001224988373,-0.00000805141371529],[-0.0000352884562744,-0.000031474752177,0.0000136333419505,-0.0000788921242929,-0.0000444929282821,0.000624150736257,0.000109235057607,-0.00200020545162,0.00106797611807,0.00758644798771,-0.000904567539692,0.00125374633353,0.000897846883163],[-0.00000962481863098,-0.000591825810261,0.000119451855426,0.0000561929009564,-0.000464226701297,-0.000824607268441,0.000927903747652,0.00074273289647,-0.000169804348843,-0.000904567539692,0.0066618877463,-0.000273796380498,0.000228164019063],[0.0000787012977526,0.000372848560801,-0.000270644377451,0.0000739289171179,0.000211640755879,-0.00011489388271,0.000434786081314,0.0000196288983716,-0.001224988373,0.00125374633353,-0.000273796380498,0.0103568891063,-0.00134258356411],[-0.000179267852218,0.0000695306589478,0.000735966779757,-0.000168959726579,-0.000701820710674,0.000849922129419,-0.000355116149876,-0.0016665145522,-0.00000805141371529,0.000897846883163,0.000228164019063,-0.00134258356411,0.00961292721331]],"mean":[-120.061729431,104.669006348,-87.4606704712,18.4283313751,-53.6392326355,-1.84662485123,-40.237575531,19.5905513763,-32.9985237122,7.67241048813,-13.0241355896,-8.25234985352,-0.0497159846127]},"hfc":{"dmean":3.11042356491,"dmean2":4.35746622086,"dvar":38.8311424255,"dvar2":71.8590087891,"max":284.250793457,"mean":16.1726360321,"median":8.63899803162,"min":1.03519655193e-16,"var":429.7059021},"melbands":{"dmean":[0.000586330133956,0.000908481481019,0.00035077118082,0.000139441428473,0.000134319256176,0.000144024277688,0.000123414763948,0.0000970909968601,0.0000890817100299,0.0000830392818898,0.000135402311571,0.0000762594499975,0.0000331448682118,0.0000197813715204,0.0000169426093635,0.00000732583430363,0.0000100035404103,0.0000123221816466,0.00000554358348381,0.00000950427056523,0.00000649223647997,0.00000720007983546,0.00000321314519169,0.00000504111676491,0.00000475875413031,0.00000361260822501,0.00000256622661254,0.00000365770142707,0.00000139789869991,0.00000115830346203,0.00000121468349334,5.64916206258e-7,2.11388837101e-7,1.25118504002e-7,1.49562580987e-7,2.05441850198e-7,4.43040676146e-7,6.48940385872e-7,7.77008153818e-7,6.99454972164e-7],"dmean2":[0.000822302361485,0.00154621223919,0.000636147218756,0.000231873942539,0.000212682512938,0.000221150388825,0.000183997282875,0.00014685948554,0.000134349102154,0.000113586829684,0.000190099788597,0.000107190477138,0.0000461065865238,0.0000292779423035,0.0000256951971096,0.000010695378478,0.0000147552000271,0.0000181117520697,0.00000813997939986,0.0000137838924275,0.00000913974145078,0.0000105945264295,0.00000457976602775,0.00000726379994376,0.00000692503363098,0.00000487497663926,0.00000361433603757,0.00000499550787936,0.0000019922847514,0.00000170070120475,0.00000181322332082,8.40062284624e-7,3.06492125901e-7,1.93654983605e-7,2.26568133144e-7,3.02605911884e-7,6.1005880525e-7,9.22184881347e-7,0.00000112613759029,0.00000100679858406],"dvar":[0.00000455506233266,0.0000129247919176,0.00000239217342823,8.03430353358e-8,5.61353061812e-8,1.14007185914e-7,7.01401887682e-8,3.94354806588e-8,6.22939850814e-8,8.1793977813e-8,1.82019746831e-7,6.02485741297e-8,3.4259272752e-8,1.37691991142e-8,4.66334482141e-9,6.45252573594e-10,2.24854113107e-9,2.26069496456e-9,2.16137621689e-10,8.58816684435e-10,7.82627185281e-10,1.4333756404e-9,1.59076252171e-10,4.73353911623e-10,1.46843995297e-10,1.22617027642e-10,4.57546431298e-11,1.6496169708e-10,2.33225730395e-11,8.4781218504e-12,1.21502807815e-11,4.89325073516e-12,1.36436098964e-12,1.11958576091e-12,1.23968489554e-12,1.25551001887e-12,5.95559929498e-12,9.79425134745e-12,7.2104709356e-12,7.87702715555e-12],"dvar2":[0.00000927908968151,0.0000343387691828,0.00000691291415933,2.25660983233e-7,1.41020606748e-7,2.71222035053e-7,1.5655238883e-7,8.77503865127e-8,1.43339264014e-7,1.43391119423e-7,3.52122498271e-7,1.21008014276e-7,5.46730269946e-8,3.05251575128e-8,1.02664605706e-8,1.22792120916e-9,5.13363884735e-9,4.50499770821e-9,4.47735792886e-10,1.78495718206e-9,1.37315014914e-9,3.28901594848e-9,3.01277697234e-10,9.84701986617e-10,3.00833191691e-10,1.91992713394e-10,9.06009156587e-11,3.00365815553e-10,5.04526802281e-11,1.80076266398e-11,2.88773067958e-11,1.13378828895e-11,2.7572106924e-12,2.59869556429e-12,2.82380607612e-12,2.59094330192e-12,1.11165304392e-11,2.03162816431e-11,1.55975805188e-11,1.66661979356e-11],"max":[0.0322321020067,0.0445807985961,0.0220374874771,0.00589859625325,0.00383402430452,0.00987337622792,0.00664014043286,0.00420513888821,0.00785109680146,0.00905034970492,0.0170314237475,0.00973972864449,0.00923806894571,0.00671286182478,0.00311278318986,0.00115371623542,0.00272303167731,0.00160547718406,0.000378158758394,0.000873500714079,0.00092610163847,0.00160630000755,0.000420658499934,0.00114260124974,0.000259978754912,0.000323019514326,0.000152186097694,0.00050723052118,0.000176562811248,0.0000767636738601,0.000111847570224,0.000120593911561,0.0000530055986019,0.0000582225184189,0.0000569326039113,0.0000411525506934,0.000122546727653,0.000170079190866,0.000108236308733,0.000138555231388],"mean":[0.00077985675307,0.000928773835767,0.000359640223905,0.000265265232883,0.000312515388941,0.000335676333634,0.000339263788192,0.00022212624026,0.000214320753003,0.000231338315643,0.000447588419775,0.000247147370828,0.0000911024544621,0.000057564702729,0.0000363046601706,0.0000159144110512,0.0000206708718906,0.0000254504211625,0.000011565692148,0.0000240447752731,0.000014362116417,0.0000205131418625,0.00000781291237217,0.0000124237894852,0.0000128279534692,0.0000100695542642,0.00000634196339888,0.00000873361659615,0.00000327160068991,0.00000303447563965,0.00000364611673831,0.00000166807535606,6.17509954282e-7,2.67826294476e-7,3.1842157e-7,4.94035930387e-7,0.0000010388642977,0.00000165715857747,0.00000191913864001,0.0000016060616872],"median":[0.0000926006177906,0.000159210525453,0.000136260321597,0.000165409845067,0.000185622498975,0.000155929068569,0.000109195971163,0.0000700654782122,0.0000394795642933,0.0000332946729031,0.0000266611932602,0.0000185087355931,0.00000896133042261,0.00000578714161747,0.00000523046037415,0.00000300111469187,0.00000403502144763,0.00000299840621665,0.00000241120233113,0.00000295264544548,0.00000190395849131,0.00000150685320932,0.0000013573646811,0.0000019178214643,0.00000157121962729,8.95675498214e-7,9.37271238399e-7,0.00000104503055809,4.39793382156e-7,2.85411829282e-7,1.42164580552e-7,3.74954360893e-8,1.52382106933e-8,1.02926911438e-8,1.21938921183e-8,1.84269914882e-8,3.60513041642e-8,6.54920242482e-8,9.26580909777e-8,1.21260001151e-7],"min":[8.13431395599e-26,1.0859391182e-24,9.90837104304e-25,1.6903451153e-24,1.12109815571e-24,1.847895232e-24,2.76490244975e-24,1.50628424319e-24,9.49059819625e-25,1.19485231161e-24,1.8985594292e-24,2.06356723969e-24,2.12993292435e-24,2.54850133737e-24,2.99327906232e-24,2.86443145244e-24,3.82967514797e-24,3.91083749663e-24,4.23434895943e-24,3.56839573869e-24,4.11703903194e-24,3.57797566552e-24,4.88817541591e-24,3.98614768067e-24,3.77411094125e-24,5.19059194924e-24,3.60931158726e-24,5.39448172767e-24,5.34663691934e-24,4.65012322712e-24,4.55998561351e-24,5.15614791554e-24,5.71770959497e-24,3.7800230593e-24,6.05801748417e-24,5.92954359714e-24,3.61769560096e-24,6.64097819895e-24,7.09187058199e-24,5.9241328002e-24],"var":[0.00000644576812192,0.0000099650806078,0.00000143529325669,1.17397696897e-7,1.66000361901e-7,3.01101209743e-7,4.45787350145e-7,1.68459422412e-7,2.97765524238e-7,5.33947513759e-7,0.00000163527249697,5.42945315374e-7,2.33200751154e-7,1.33393470492e-7,1.52607508852e-8,2.66244959413e-9,3.76974940153e-9,8.34864621879e-9,7.71200658889e-10,4.21135970541e-9,2.40260367157e-9,1.19523635433e-8,5.26264865019e-10,1.46091250208e-9,7.39154237817e-10,6.40197617141e-10,1.85214871218e-10,6.22988605148e-10,5.80012496365e-11,4.4102117791e-11,7.8645548407e-11,2.92184818007e-11,6.14706159238e-12,3.05116999375e-12,4.29809703453e-12,5.02897246416e-12,2.04245405311e-11,3.09408713928e-11,2.48940729142e-11,2.33884214079e-11]},"melbands_crest":{"dmean":3.00289988518,"dmean2":4.64757728577,"dvar":7.44039297104,"dvar2":17.3535461426,"max":38.3542289734,"mean":15.0450677872,"median":14.571105957,"min":1.54997062683,"var":27.5764389038},"melbands_flatness_db":{"dmean":0.028280230239,"dmean2":0.0401754193008,"dvar":0.0012924062321,"dvar2":0.00236111716367,"max":0.919899880886,"mean":0.286038994789,"median":0.245621949434,"min":0.0047120959498,"var":0.0199380163103},"melbands_kurtosis":{"dmean":12.8820171356,"dmean2":20.4398479462,"dvar":1102.13745117,"dvar2":2628.84863281,"max":638.303771973,"mean":23.4198627472,"median":8.27642822266,"min":-1.82146036625,"var":2341.44897461},"melbands_skewness":{"dmean":0.796057760715,"dmean2":1.21640193462,"dvar":1.44158804417,"dvar2":3.31492304802,"max":20.1073608398,"mean":2.44440174103,"median":1.94543814659,"min":-2.18243002892,"var":4.69518184662},"melbands_spread":{"dmean":4.41828775406,"dmean2":6.4351644516,"dvar":87.2917022705,"dvar2":163.294876099,"max":279.259887695,"mean":17.7580699921,"median":12.4414701462,"min":0.098943144083,"var":448.087921143},"mfcc":{"cov":[[25706.0214844,922.589599609,-4055.75878906,-1802.20336914,-1368.94836426,-2476.47045898,663.93951416,-1233.55529785,746.824768066,-333.864135742,-314.469696045,-93.0604324341,-457.251312256],[922.589599609,2618.76269531,-62.7262878418,-106.280326843,40.3188819885,-188.01802063,-32.0988998413,-124.013755798,-171.60848999,11.7430410385,62.4365692139,85.0037612915,81.3512039185],[-4055.75878906,-62.7262878418,1598.37744141,421.240447998,336.2940979,653.825012207,-171.830825806,358.945709229,-153.978393555,110.873634338,89.4420623779,53.3578567505,102.929092407],[-1802.20336914,-106.280326843,421.240447998,829.867614746,222.893066406,202.636077881,20.1302509308,113.385307312,85.556060791,28.5398006439,43.6572723389,49.7779922485,87.8878555298],[-1368.94836426,40.3188819885,336.2940979,222.893066406,361.285858154,180.770462036,68.0098953247,119.773345947,-18.2209072113,53.5308074951,2.11806416512,61.579372406,65.0330734253],[-2476.47045898,-188.01802063,653.825012207,202.636077881,180.770462036,673.49005127,-4.56471967697,279.584991455,-65.8544616699,95.3023605347,81.3719177246,-18.7083568573,31.4472885132],[663.93951416,-32.0988998413,-171.830825806,20.1302509308,68.0098953247,-4.56471967697,357.97869873,-27.0532054901,64.709487915,33.0073242188,-10.7188987732,31.2642269135,-16.0384922028],[-1233.55529785,-124.013755798,358.945709229,113.385307312,119.773345947,279.584991455,-27.0532054901,295.085845947,-8.09127616882,41.3860626221,31.4632415771,-2.04678297043,20.1240825653],[746.824768066,-171.60848999,-153.978393555,85.556060791,-18.2209072113,-65.8544616699,64.709487915,-8.09127616882,247.359329224,-8.92555713654,12.4404182434,-42.0232276917,-35.2278518677],[-333.864135742,11.7430410385,110.873634338,28.5398006439,53.5308074951,95.3023605347,33.0073242188,41.3860626221,-8.92555713654,119.105674744,28.4423465729,21.6534576416,11.9248332977],[-314.469696045,62.4365692139,89.4420623779,43.6572723389,2.11806416512,81.3719177246,-10.7188987732,31.4632415771,12.4404182434,28.4423465729,132.281188965,-8.06268024445,11.879778862],[-93.0604324341,85.0037612915,53.3578567505,49.7779922485,61.579372406,-18.7083568573,31.2642269135,-2.04678297043,-42.0232276917,21.6534576416,-8.06268024445,145.741912842,41.5254135132],[-457.251312256,81.3512039185,102.929092407,87.8878555298,65.0330734253,31.4472885132,-16.0384922028,20.1240825653,-35.2278518677,11.9248332977,11.879778862,41.5254135132,141.267028809]],"icov":[[0.0000933629635256,-0.0000345247353835,0.000071019938332,0.000101354155049,0.000168210695847,0.00015150285617,-0.000125183622004,0.0000128631745611,-0.000221224268898,-0.0000140216561704,0.0000630005306448,-0.0000759613831178,0.0000431152657256],[-0.0000345247353835,0.000454310968053,-0.0000233389455389,0.00000269640645456,-0.00021317442588,0.000132875240524,0.0000595763704041,0.000108803287731,0.000402079487685,-0.0000371661953977,-0.000399989308789,-0.0000417654846387,-0.000148905717651],[0.000071019938332,-0.0000233389455389,0.00151349161752,-0.000266670802375,-0.000469377555419,-0.000749290862586,0.000642991624773,-0.000439203402493,0.00033399098902,-0.000245506322244,-0.000132661618409,-0.000331261282554,0.0000374608498532],[0.000101354155049,0.00000269640645456,-0.000266670802375,0.00190781475976,-0.000488334917463,-0.0000486286080559,-0.000103507918539,0.000220103625907,-0.00130526989233,0.000388151296647,-0.000165248842677,-0.000519037770573,-0.000665385625325],[0.000168210695847,-0.00021317442588,-0.000469377555419,-0.000488334917463,0.00507251685485,0.0000780780101195,-0.00133649306372,-0.000869646144565,-0.000445843237685,-0.000659427489154,0.00115511100739,-0.000990383559838,-0.000928895024117],[0.00015150285617,0.000132875240524,-0.000749290862586,-0.0000486286080559,0.0000780780101195,0.00399018032476,-0.000880208215676,-0.00200031767599,0.000664223043714,-0.00111836451106,-0.00100345013198,0.00118163123261,0.000247976160608],[-0.000125183622004,0.0000595763704041,0.000642991624773,-0.000103507918539,-0.00133649306372,-0.000880208215676,0.00392333883792,0.00054361653747,-0.000603423337452,-0.000879554019775,0.000172710584593,-0.000873711251188,0.000501669128425],[0.0000128631745611,0.000108803287731,-0.000439203402493,0.000220103625907,-0.000869646144565,-0.00200031767599,0.00054361653747,0.0062007647939,-0.000876508362126,0.00000531169871465,0.00009011439397,-0.000136945353006,-2.6513521334e-7],[-0.000221224268898,0.000402079487685,0.00033399098902,-0.00130526989233,-0.000445843237685,0.000664223043714,-0.000603423337452,-0.000876508362126,0.00643075397238,-0.000161288058734,-0.00128901342396,0.00188738224097,0.000905707187485],[-0.0000140216561704,-0.0000371661953977,-0.000245506322244,0.000388151296647,-0.000659427489154,-0.00111836451106,-0.000879554019775,0.00000531169871465,-0.000161288058734,0.0105804568157,-0.00169718381949,-0.0014159361599,-0.00000908881065698],[0.0000630005306448,-0.000399989308789,-0.000132661618409,-0.000165248842677,0.00115511100739,-0.00100345013198,0.000172710584593,0.00009011439397,-0.00128901342396,-0.00169718381949,0.00920346751809,0.000318876875099,-0.000713758112397],[-0.0000759613831178,-0.0000417654846387,-0.000331261282554,-0.000519037770573,-0.000990383559838,0.00118163123261,-0.000873711251188,-0.000136945353006,0.00188738224097,-0.0014159361599,0.000318876875099,0.00913878064603,-0.00166732026264],[0.0000431152657256,-0.000148905717651,0.0000374608498532,-0.000665385625325,-0.000928895024117,0.000247976160608,0.000501669128425,-2.6513521334e-7,0.000905707187485,-0.00000908881065698,-0.000713758112397,-0.00166732026264,0.00889693573117]],"mean":[-758.840881348,137.841583252,15.1727457047,23.7956962585,8.48702430725,-17.7770080566,12.8635158539,-12.8977832794,6.95938873291,-1.62524211407,-1.92883181572,-0.967984259129,-5.46511411667]},"pitch_salience":{"dmean":0.0664681866765,"dmean2":0.103516072035,"dvar":0.00411504786462,"dvar2":0.00961017236114,"max":0.937740623951,"mean":0.509745895863,"median":0.515258669853,"min":0.0629398003221,"var":0.0166899040341},"silence_rate_20dB":{"dmean":0,"dmean2":0,"dvar":0,"dvar2":0,"max":1,"mean":1,"median":1,"min":1,"var":0},"silence_rate_30dB":{"dmean":0.0104302475229,"dmean2":0.0208623092622,"dvar":0.0103208236396,"dvar2":0.0282521657646,"max":1,"mean":0.993394732475,"median":1,"min":0,"var":0.00656122434884},"silence_rate_60dB":{"dmean":0.0286831818521,"dmean2":0.0573713481426,"dvar":0.0278615225106,"dvar2":0.0608637966216,"max":1,"mean":0.217625588179,"median":0,"min":0,"var":0.170262932777},"spectral_centroid":{"dmean":164.849945068,"dmean2":235.302825928,"dvar":82334.8125,"dvar2":145041.765625,"max":11550.7763672,"mean":1070.30236816,"median":845.74987793,"min":78.8232345581,"var":1093477},"spectral_complexity":{"dmean":1.56957840919,"dmean2":2.48748254776,"dvar":2.96172523499,"dvar2":6.43549585342,"max":38,"mean":11.6390581131,"median":12,"min":0,"var":65.6165084839},"spectral_contrast_coeffs":{"dmean":[0.0462683625519,0.0424343384802,0.0343260057271,0.0271251555532,0.0230067558587,0.0178916603327],"dmean2":[0.0742962062359,0.0687633231282,0.0539813823998,0.0422096587718,0.0349329933524,0.0270733870566],"dvar":[0.00155251531396,0.00131955719553,0.000880783423781,0.000623736181296,0.000526222691406,0.000294705940178],"dvar2":[0.00389898498543,0.00320432474837,0.0020188621711,0.00131132395472,0.00102913286537,0.000600712024607],"max":[-0.390821456909,-0.385067731142,-0.343374967575,-0.487776577473,-0.527678728104,-0.583978235722],"mean":[-0.659760892391,-0.714049100876,-0.737477600574,-0.764252901077,-0.764002740383,-0.776787817478],"median":[-0.661685287952,-0.718985319138,-0.747429251671,-0.755564689636,-0.762637078762,-0.772554039955],"min":[-0.979808866978,-0.983862519264,-0.97853821516,-0.972961127758,-0.969352722168,-0.963274002075],"var":[0.00783654674888,0.00903998687863,0.0141984159127,0.00922377407551,0.00881231762469,0.00535422097892]},"spectral_contrast_valleys":{"dmean":[0.443449676037,0.378432482481,0.312242716551,0.283442139626,0.292343109846,0.222630396485],"dmean2":[0.696070671082,0.613168776035,0.511234283447,0.456927388906,0.450559318066,0.321732610464],"dvar":[0.190130293369,0.189738094807,0.108765594661,0.100529514253,0.113359309733,0.0757213011384],"dvar2":[0.381174564362,0.422467857599,0.23967371881,0.210876882076,0.233418494463,0.119281433523],"max":[-5.17606401443,-5.11548471451,-5.83990383148,-6.42438220978,-6.16579151154,-7.52292394638],"mean":[-8.14786434174,-7.6368355751,-8.84609699249,-9.45874977112,-9.38981151581,-11.8128194809],"median":[-7.79131937027,-6.85307598114,-8.09216880798,-8.77350521088,-8.78733253479,-11.4430646896],"min":[-28.3523139954,-28.3700771332,-27.7443447113,-27.7777290344,-27.5710086823,-27.4232730865],"var":[4.07050943375,5.59365749359,5.40254211426,5.12528848648,4.92521524429,3.9971909523]},"spectral_decrease":{"dmean":1.49454759679e-9,"dmean2":2.23606444472e-9,"dvar":1.3513822548e-17,"dvar2":3.102626761e-17,"max":1.63437231753e-28,"mean":-4.64333282935e-9,"median":-3.7165654998e-9,"min":-5.04938491019e-8,"var":2.74812130413e-17},"spectral_energy":{"dmean":0.00584780797362,"dmean2":0.00873728096485,"dvar":0.000197617438971,"dvar2":0.000454054039437,"max":0.192820176482,"mean":0.0189918465912,"median":0.015256064944,"min":9.98853870753e-21,"var":0.000438336195657},"spectral_energyband_high":{"dmean":0.000172211206518,"dmean2":0.000234494946199,"dvar":2.97815802242e-7,"dvar2":5.36241259397e-7,"max":0.0272712334991,"mean":0.000634461583104,"median":0.0000882693348103,"min":7.09458836558e-21,"var":0.0000015777735598},"spectral_energyband_low":{"dmean":0.00367145473137,"dmean2":0.00552485650405,"dvar":0.000171739477082,"dvar2":0.000396107556298,"max":0.177749499679,"mean":0.0049225599505,"median":0.000946076586843,"min":1.68257625533e-23,"var":0.000208553930861},"spectral_energyband_middle_high":{"dmean":0.00128825614229,"dmean2":0.00184515339788,"dvar":0.0000105668887045,"dvar2":0.0000217543656618,"max":0.105344131589,"mean":0.00553121557459,"median":0.00134101137519,"min":1.21641664961e-21,"var":0.000120607321151},"spectral_energyband_middle_low":{"dmean":0.00255969678983,"dmean2":0.00401770044118,"dvar":0.0000213953189814,"dvar2":0.0000551526536583,"max":0.0837237387896,"mean":0.00845863111317,"median":0.00645124632865,"min":1.54605655505e-22,"var":0.000079711608123},"spectral_entropy":{"dmean":0.213571801782,"dmean2":0.315736711025,"dvar":0.0813147053123,"dvar2":0.157552704215,"max":9.82069206238,"mean":6.83515262604,"median":6.98488044739,"min":3.51572418213,"var":0.708311676979},"spectral_flux":{"dmean":0.0191603899002,"dmean2":0.0305608343333,"dvar":0.00100284698419,"dvar2":0.00181431684177,"max":0.414196252823,"mean":0.0573566071689,"median":0.0487588793039,"min":6.36328281733e-11,"var":0.00257336720824},"spectral_kurtosis":{"dmean":4.18952512741,"dmean2":6.64012336731,"dvar":156.001861572,"dvar2":364.981689453,"max":478.219604492,"mean":11.8481769562,"median":5.71739864349,"min":-1.36759376526,"var":414.550506592},"spectral_rms":{"dmean":0.000553252699319,"dmean2":0.000796424224973,"dvar":8.70398366715e-7,"dvar2":0.0000018192583866,"max":0.0137155838311,"mean":0.00366259249859,"median":0.00385797442868,"min":3.12168476832e-12,"var":0.00000511408597959},"spectral_rolloff":{"dmean":322.750274658,"dmean2":537.688110352,"dvar":1082604.25,"dvar2":2355648,"max":20025.8789063,"mean":1334.82995605,"median":710.595703125,"min":21.533203125,"var":5336354.5},"spectral_skewness":{"dmean":0.381836265326,"dmean2":0.580065846443,"dvar":0.448789715767,"dvar2":0.946898400784,"max":19.9418392181,"mean":2.45043349266,"median":1.96868336201,"min":-0.369597375393,"var":2.43090653419},"spectral_spread":{"dmean":590208.3125,"dmean2":874523.875,"dvar":918742695936,"dvar2":1873606344700,"max":42056716,"mean":4926624,"median":4520874,"min":215188.6875,"var":12033322909700},"spectral_strongpeak":{"dmean":0.484884381294,"dmean2":0.784036815166,"dvar":0.842422962189,"dvar2":2.07128763199,"max":13.1845493317,"mean":1.50542533398,"median":0.636202037334,"min":0,"var":4.03893661499},"zerocrossingrate":{"dmean":0.00830990634859,"dmean2":0.00953336898237,"dvar":0.000215516382013,"dvar2":0.000225110532483,"max":0.533203125,"mean":0.0533768720925,"median":0.04150390625,"min":0,"var":0.00352242658846}},"metadata":{"audio_properties":{"analysis_sample_rate":44100,"bit_rate":192019,"codec":"mp3","downmix":"mix","equal_loudness":0,"length":267.128173828,"lossless":false,"md5_encoded":"486a6d1e7a1daecd8ae9414b85572b23","replay_gain":-4.88677024841,"sample_rate":44100},"tags":{"acoustid_fingerprint":["AQADtFGSKFGSUImy4Dhw_AeO4_hxHD8OyMKR4wCO48eP9Ohy6MgXBfnR4_CPA8dx_HhxHMcPAD-OU5AN5Hhx4t9wHCOOpjuRDzoj4csufBIOTdFbwSkOD-moCS2FU8ePyuHx9EVP41GMR1qTYveFeiOLLFly6Ese4g8cOsMTSg8eH_2D9Dn8gOFpPD36XIFjpgpWcah44YxGfD16dcJ9fD3cF5eRHwmPWsfDF02U_JgInseXCtuN3EiuBOWyGM0TZQoOfAeaLUSqo-IFIcKfrmh5XLvwIdM04YNeTH2Q57ioDSd-VNaO57iPHMl1wYtylBL-4_nxJQq-4yKDi8ccacVzojmSsXtwhWkiPH0UVEsTpCOLB72JB8eu6OiVoIlpDfeSHTfeAv-JPjlyQqSaFj_y4zyeEyO3w1rCVaicJQTPHw_2HCXCPMrxJIoc6DTy4_iPR3h0NEqXyuiP_wgzC0n0BY8tXNIG_kL7I4x1DcqLPDo-9Mcn_M_gHM9xHgkdHbkUHM3x4_7wnMFz-MePPL2gU0k4IZ-OX8ZZE4_y4Br-HBWN81FQ5sKPJDrC_HiKH6N4wdpf_EJyHjkb9PDx_UgvyEcsGD_8o3Z4nCdKXdh1CfWI7Gg45ULJXFB4ChfCohmLb7gR5i965tiTQz_oaMd7aG8wPfKRrsdz_Pg_xGYZaDvSRUX14DrqC8734FSGs8c1NJew50VPBUx-Bc-L-mgeqbgITumRY-0-aEhDfviEXxX6FA95FPdK9Dj3wzfuo2aNdEsOPzIUaTnOgT9K7Ugfj6gukH7BJPSQJzmaM3g__PKgeQvyDNSjo13ygf4x6lvwHz8-HDmUf8jDgz32aMano_lRxbh-5B8uC08aTsiHykejMPgPXDJxJB0ekUa_HKLOELGTD8eH18IVuvjQ4zryQ1eQnzieo_pDNBeOJ8ly1GNRHD_cRZTxuMg_I1nWHdXWGC-Lv_jRx4aPWEdCnMEfMdjFojoYNkejPCIxNokc_GjGoz6SD7lwPcOT5GiOHv_xo9OPZkqSYQd3HD0x5biOJ4ol9IRjdA1-HDdxSsh34xPCxyGec7gTXBka58RF5zi14hOSZz7CE1dmPOhzHF0vNLGe4cMf40miHfVRvMRpuEeeEzrCPKVQKbdw7Xgp9EZzXFCLkoTfHrcwSU2HjwcThemJqtGxkw0Kj0etDH-RH99eaO8Rpl9xHH6CJ5KM5IoQHT-YX2ieCcesheiZDA1DIUeS4wePHz94HlfUo4u2HE2OHT-eH1cNe_jo48cH9DqaHflRZpnRvNCUHWEa4zGO-zjqHXn0QTtq8piSHbyhINyFJuPx4_jioJQfw24q9OiPU-h75IbKB0_w5EXJLA181MgVdFqOfREPs0MP9kW39Ni6XUjqIjxObXhwBVdu9Ao