{"lowlevel":{"average_loudness":0.704225599766,"barkbands":{"dmean":[0.0000194076001208,0.0013429520186,0.000998859875835,0.000565103080589,0.00083444948541,0.00042849057354,0.000354722113116,0.000379024510039,0.000448911363492,0.000279914675048,0.000322345265886,0.000165586854564,0.000320145161822,0.000201446993742,0.000212608603761,0.000137867609737,0.000159995761351,0.000118270872917,0.0000383568367397,0.0000235967818298,0.0000126076974993,0.0000130250527945,0.0000119730111692,0.00000955542418524,0.00000331474961968,4.66676340238e-7,3.42718280422e-8],"dmean2":[0.0000295841637126,0.00212852656841,0.00152288842946,0.000941830337979,0.0012794288341,0.000634997792076,0.000528232718352,0.000549773278181,0.000639824254904,0.000380969635444,0.000473323452752,0.000249012984568,0.000461273477413,0.000307262293063,0.000314955774229,0.000210461439565,0.000239873625105,0.000168622049387,0.000056248420151,0.0000370321286027,0.0000191861563508,0.0000182386756933,0.0000167221242009,0.0000129227391881,0.00000439161476606,6.28648649581e-7,4.93070686503e-8],"dvar":[3.86638410177e-9,0.00000971881127043,0.00000472922647532,0.00000224434484153,0.00000531728619535,0.00000114345311886,0.00000137351833018,0.00000161140246746,0.0000021335126803,0.00000119959929634,0.00000137035681291,3.99998810963e-7,0.00000123168945265,5.31747559762e-7,5.33703882866e-7,5.96623465299e-7,2.9549107694e-7,2.00489310487e-7,1.335168065e-8,6.5579870423e-9,2.30863661521e-9,2.80870904312e-9,5.32261346109e-9,3.84346643401e-9,3.57513629812e-10,1.10031159531e-11,5.99228308575e-14],"dvar2":[8.21242185367e-9,0.0000253801135841,0.0000118813222798,0.00000604984143138,0.0000139640051202,0.00000246421018346,0.00000342576163348,0.00000337183905685,0.00000423907704317,0.00000225450139624,0.00000273067416856,8.79655203789e-7,0.00000233857258536,0.00000115451030069,0.00000109969221285,0.00000119029857615,6.84962913056e-7,4.52746320434e-7,2.68595652386e-8,1.53646997347e-8,4.80652229129e-9,5.36921263006e-9,9.33295751793e-9,7.15972259258e-9,6.09467420976e-10,1.98257799067e-11,1.06776742938e-13],"max":[0.00192510639317,0.0641318410635,0.0327267348766,0.0277757681906,0.0704214051366,0.0240375250578,0.0231206119061,0.0291362497956,0.0525257363915,0.0351737216115,0.026811664924,0.0163339301944,0.0333983302116,0.0188689827919,0.0166597273201,0.0236546099186,0.0162211507559,0.0181779675186,0.00353352143429,0.00245741731487,0.00144871463999,0.00144803419244,0.00223511876538,0.00216731056571,0.000558713800274,0.000109403503302,0.00000640624693915],"mean":[0.0000610333372606,0.00751832872629,0.00434555625543,0.00120833457913,0.00208813673817,0.000909866648726,0.000692525762133,0.000776388158556,0.00135220692027,0.000607904628851,0.000927886809222,0.000294357625535,0.000834097270854,0.000435850874055,0.00038253646926,0.000258363754256,0.000357329874532,0.000299279810861,0.000102663019788,0.0000540134242328,0.0000262056582869,0.0000285180503852,0.0000196093042177,0.0000149270108523,0.00000500583200846,7.11387656338e-7,6.75263081007e-8],"median":[0.00000205629976335,0.00627908715978,0.00224769162014,0.000333179661538,0.00100333278533,0.000358639925253,0.000211666018004,0.000170808110852,0.00012419448467,0.000102267171314,0.0000919065059861,0.0000718848677934,0.0000664809704176,0.0000283090412267,0.0000452489948657,0.0000345252046827,0.0000327108682541,0.0000236295709328,0.0000105528379208,0.00000556336635782,0.00000133265916702,6.24610549949e-7,3.61360093848e-7,1.36013312613e-7,8.36896845158e-8,2.72919500333e-8,2.11905621939e-8],"min":[1.08404833721e-10,7.37778893534e-10,2.02663372195e-11,9.07137420736e-11,5.5752876274e-12,1.86301625169e-12,3.43467940721e-12,2.97574725278e-12,1.95992180818e-12,4.24265874169e-12,2.3971487989e-11,5.98308208533e-12,4.91052641258e-12,5.47686765731e-12,9.2171313984e-12,1.05080440876e-11,1.20911405888e-11,1.04793639044e-11,8.23210770384e-12,1.92010088385e-11,1.9403520457e-11,2.90177708251e-11,3.79937643846e-11,3.88689254394e-11,4.92654875228e-11,4.19157278331e-11,1.78151415842e-9],"var":[3.88134218099e-8,0.000059476653405,0.0000244480270339,0.00000471092516818,0.0000102625945146,0.0000029663647183,0.00000298174677482,0.00000359526643479,0.0000214878036786,0.00000388621947423,0.0000094797278507,9.84834628071e-7,0.00000797978373157,0.00000207005064112,0.00000143021111398,0.00000139238261454,0.00000122172593819,0.00000122829464999,9.67381339478e-8,2.52836684922e-8,5.66969049487e-9,7.4739423539e-9,1.15297016379e-8,7.74765140932e-9,7.07281289092e-10,1.94202466608e-11,9.17623250063e-14]},"barkbands_crest":{"dmean":1.41228246689,"dmean2":2.13829278946,"dvar":2.77661347389,"dvar2":6.37177324295,"max":25.8121089935,"mean":13.6116199493,"median":12.4975557327,"min":3.23107147217,"var":30.9554767609},"barkbands_flatness_db":{"dmean":0.0132963433862,"dmean2":0.0193370506167,"dvar":0.000260449276539,"dvar2":0.000494514766615,"max":0.444265574217,"mean":0.243112027645,"median":0.239680871367,"min":0.0561840124428,"var":0.00512554729357},"barkbands_kurtosis":{"dmean":3.1800763607,"dmean2":4.65161371231,"dvar":31.5776576996,"dvar2":61.7050743103,"max":136.711761475,"mean":11.6806221008,"median":5.6362991333,"min":-1.87777411938,"var":266.746032715},"barkbands_skewness":{"dmean":0.390190690756,"dmean2":0.560594916344,"dvar":0.220136493444,"dvar2":0.407081753016,"max":10.1217060089,"mean":2.43981313705,"median":2.19604539871,"min":-1.21774673462,"var":3.27248048782},"barkbands_spread":{"dmean":2.09211707115,"dmean2":2.9697432518,"dvar":14.2561769485,"dvar2":25.1985263824,"max":143.34425354,"mean":11.2548294067,"median":7.74326944351,"min":0.40587964654,"var":144.590560913},"dissonance":{"dmean":0.0229445360601,"dmean2":0.0380795523524,"dvar":0.000524973846041,"dvar2":0.00142255588435,"max":0.499725431204,"mean":0.439885526896,"median":0.448790609837,"min":0.214948773384,"var":0.00171179953031},"dynamic_complexity":4.7132396698,"erbbands":{"dmean":[0.0257916152477,0.357092857361,1.06797480583,1.51919853687,2.38317704201,2.90515875816,3.22217607498,3.4650683403,4.86992788315,6.76205396652,8.29274272919,12.2086277008,7.0145907402,9.95466804504,11.8751544952,7.16763782501,14.7682409286,9.66811847687,8.97729682922,9.86002063751,5.45909166336,6.70299911499,6.38354206085,2.36610341072,1.59728980064,0.927161991596,0.561255574226,0.448232740164,0.464820295572,0.485785394907,0.313090026379,0.227092906833,0.140672147274,0.0554817169905,0.0142210563645,0.00343165267259,0.000595227465965,0.0000754969805712,0.00000717712055121,0.00000391183266402],"dmean2":[0.0406246706843,0.563043236732,1.65560030937,2.44914984703,3.79436564445,4.36329221725,4.67681932449,5.3290848732,7.50888824463,9.80676078796,11.7289400101,16.5863742828,9.53820133209,12.5818824768,16.5160236359,10.1327800751,20.7731323242,14.2440643311,12.8997535706,14.4088220596,7.44309139252,9.44308853149,9.03350925446,3.3525531292,2.38477945328,1.42047512531,0.870422542095,0.66451972723,0.661757946014,0.699106514454,0.443381518126,0.315323382616,0.189332783222,0.0740672945976,0.0191253125668,0.00463010324165,0.000790926627815,0.000102034682641,0.00000992998320726,0.00000576546472075],"dvar":[0.00541522819549,0.633183300495,5.199467659,15.3287715912,59.1128959656,54.0182113647,75.2351837158,88.8116226196,332.777893066,333.613250732,1057.22753906,1619.62463379,864.932739258,1388.97314453,1408.28051758,675.95123291,2515.40332031,1248.96520996,807.351074219,2161.95874023,635.651428223,620.135742188,508.558258057,47.8357849121,26.4410953522,10.2773857117,4.2963347435,3.12605309486,3.89447546005,6.1554312706,4.18343305588,2.38426923752,0.718544125557,0.104100972414,0.00744975870475,0.000574495876208,0.0000163292443176,2.63943832124e-7,1.86319404349e-9,4.89564083717e-11],"dvar2":[0.0139100272208,1.66208934784,13.0489931107,40.4576454163,162.36505127,135.840377808,163.696136475,205.044784546,900.858093262,705.031494141,2264.05566406,2847.16552734,1547.29870605,2529.2487793,2618.74169922,1307.64147949,4720.421875,2612.01586914,1390.04626465,4023.47680664,1037.07116699,1291.09777832,1127.67736816,91.4199829102,52.897731781,23.0254535675,9.69409561157,6.19520044327,7.54321193695,12.8164815903,7.85415029526,4.21901321411,1.35454821587,0.180527418852,0.0128584718332,0.00100423523691,0.0000300773499475,4.67665842052e-7,3.30230864876e-9,1.03498799808e-10],"max":[1.95009768009,13.8229236603,43.0028648376,65.8833618164,243.937316895,169.438598633,216.164505005,237.758377075,332.524169922,451.26953125,802.422973633,1671.47436523,1445.74829102,1240.11425781,1057.59887695,722.730041504,1700.01171875,1122.79162598,1055.87438965,1532.94946289,1209.32629395,1127.16430664,1125.46484375,209.445175171,178.247177124,103.169448853,52.8453178406,51.5217437744,67.9130630493,82.2828140259,60.8148612976,50.0596542358,26.9252529144,10.4427223206,2.67999410629,0.795562207699,0.116331122816,0.0154856909066,0.00127240316942,0.000155121073476],"mean":[0.149408996105,1.9336836338,5.07488536835,4.85282421112,5.00910186768,7.2814283371,7.55950164795,6.87004995346,9.71725749969,14.8892812729,18.2085971832,37.3501091003,16.3080825806,25.0886211395,32.7205047607,16.6507854462,41.6786804199,21.966676712,21.1085548401,21.1544456482,13.6235151291,18.3541965485,19.1496219635,6.94560575485,4.31775999069,2.39345741272,1.24729347229,0.95200574398,1.01158797741,0.861385047436,0.51218444109,0.358155161142,0.218631789088,0.0846965461969,0.0215474013239,0.00527044804767,0.000937189091928,0.00012344152492,0.000023096883524,0.0000276017253782],"median":[0.0771759673953,1.56399965286,3.28031253815,2.31915903091,2.25131630898,3.000197649,3.10342955589,2.72932672501,3.22908759117,4.11910009384,3.38385796547,3.80190062523,3.17842006683,3.42634773254,4.82661151886,3.27376842499,3.40603661537,1.97879946232,2.40645241737,2.40215563774,1.84220969677,1.64379346371,1.46361088753,0.868884265423,0.39723610878,0.288375109434,0.0963995531201,0.0371695645154,0.0225577931851,0.0168588440865,0.00983422808349,0.00420818338171,0.0019673993811,0.00126460043248,0.000461566552985,0.000152120002895,0.0000532379744982,0.0000146717447933,0.0000124103653434,0.0000220132842514],"min":[3.49537678801e-8,1.14734213241e-7,4.87375224623e-8,2.54577571468e-7,1.16175250753e-7,3.0892696401e-8,1.71369318736e-8,1.41544358456e-8,4.66136107491e-8,9.41141493627e-8,1.0190607469e-7,6.21873326168e-8,1.06834875169e-7,3.30766113166e-7,8.18223270471e-7,2.65301878244e-7,3.32751397991e-7,3.10824589178e-7,4.01220660251e-7,6.51915058825e-7,5.1210872698e-7,5.84343354149e-7,5.19674188126e-7,4.74828027563e-7,4.32909331494e-7,7.60945795264e-7,8.95272023627e-7,8.22344929929e-7,7.80251980359e-7,0.00000109984716801,0.00000116307830922,8.87577641606e-7,5.60264709293e-7,5.89137073348e-7,3.33193924007e-7,1.32450580281e-7,7.45754533682e-8,9.33554318294e-8,1.40943981819e-7,4.23728998555e-8],"var":[0.03729474172,3.74526166916,29.1625328064,44.8088607788,78.3969497681,157.090560913,234.65776062,191.06199646,652.090393066,1084.68554688,2443.7590332,18116.2539062,2450.54223633,7029.36279297,10409.3388672,2177.30371094,20205.5585938,4269.17382812,3580.05493164,6860.23730469,2807.25219727,3199.45898438,4297.36572266,335.628753662,145.70539856,46.0486183167,11.4163541794,7.6792640686,10.1546068192,10.969587326,8.56601810455,5.10788965225,1.45709490776,0.216189011931,0.0128417341039,0.00102902657818,0.0000291986088996,4.38395886704e-7,3.24466764567e-9,5.01086949711e-10]},"erbbands_crest":{"dmean":1.93750488758,"dmean2":2.94708561897,"dvar":4.14584875107,"dvar2":9.68923854828,"max":28.7244606018,"mean":9.74419116974,"median":8.74901294708,"min":2.40552663803,"var":20.1450061798},"erbbands_flatness_db":{"dmean":0.0108453091234,"dmean2":0.015233065933,"dvar":0.000170677390997,"dvar2":0.000294529396342,"max":0.364997595549,"mean":0.218499049544,"median":0.217447146773,"min":0.0221992824227,"var":0.00196927855723},"erbbands_kurtosis":{"dmean":0.572124958038,"dmean2":0.855094194412,"dvar":0.527407824993,"dvar2":1.17611396313,"max":12.2411870956,"mean":0.259426057339,"median":-0.290838003159,"min":-1.7472410202,"var":2.9077641964},"erbbands_skewness":{"dmean":0.251452535391,"dmean2":0.371416062117,"dvar":0.0631631612778,"dvar2":0.138027474284,"max":2.65856003761,"mean":0.302594453096,"median":0.295953392982,"min":-2.43799543381,"var":0.452011078596},"erbbands_spread":{"dmean":4.29130935669,"dmean2":6.19797229767,"dvar":34.9088172913,"dvar2":61.7400665283,"max":135.079345703,"mean":30.0034122467,"median":28.9095287323,"min":4.1353263855,"var":230.368209839},"gfcc":{"cov":[[10417.4970703,-1173.86730957,-1515.78674316,1702.52429199,-777.640258789,831.809265137,-43.2311058044,427.991973877,135.99949646,-41.311214447,-63.1024932861,-208.711685181,-140.914474487],[-1173.86730957,1228.83496094,330.496887207,-276.785644531,575.223632812,-254.285308838,245.741012573,-37.6690177917,40.3761901855,-32.9941902161,50.2108306885,12.8925170898,63.7457695007],[-1515.78674316,330.496887207,900.440368652,-2.91728138924,254.046264648,62.8720436096,67.3179473877,-21.2304019928,10.9218912125,-2.09844112396,-16.7552680969,6.73511648178,-0.498781383038],[1702.52429199,-276.785644531,-2.91728138924,762.721191406,72.8397140503,193.610794067,130.077133179,138.67729187,88.7212142944,16.5215091705,-3.0637755394,-50.9714546204,22.1842460632],[-777.640258789,575.223632812,254.046264648,72.8397140503,619.895568848,-77.0034484863,247.135681152,57.4139442444,74.185508728,41.315864563,41.1277809143,27.7106075287,97.0355072021],[831.809265137,-254.285308838,62.8720436096,193.610794067,-77.0034484863,324.750915527,81.5241775513,49.6273841858,25.947807312,13.6104726791,2.83868169785,-21.8542137146,-25.1983451843],[-43.2311058044,245.741012573,67.3179473877,130.077133179,247.135681152,81.5241775513,377.148254395,70.5606460571,34.0359306335,45.3219718933,49.6233215332,8.75657749176,37.9238777161],[427.991973877,-37.6690177917,-21.2304019928,138.67729187,57.4139442444,49.6273841858,70.5606460571,132.978302002,67.808555603,21.5432186127,19.039598465,-8.98967075348,16.5290260315],[135.99949646,40.3761901855,10.9218912125,88.7212142944,74.185508728,25.947807312,34.0359306335,67.808555603,141.595413208,34.7812614441,15.5265378952,-4.8749833107,19.7864246368],[-41.311214447,-32.9941902161,-2.09844112396,16.5215091705,41.315864563,13.6104726791,45.3219718933,21.5432186127,34.7812614441,116.106414795,18.9895439148,17.6272850037,31.4873428345],[-63.1024932861,50.2108306885,-16.7552680969,-3.0637755394,41.1277809143,2.83868169785,49.6233215332,19.039598465,15.5265378952,18.9895439148,91.5761032104,22.8300952911,0.361734390259],[-208.711685181,12.8925170898,6.73511648178,-50.9714546204,27.7106075287,-21.8542137146,8.75657749176,-8.98967075348,-4.8749833107,17.6272850037,22.8300952911,86.1525421143,36.4017715454],[-140.914474487,63.7457695007,-0.498781383038,22.1842460632,97.0355072021,-25.1983451843,37.9238777161,16.5290260315,19.7864246368,31.4873428345,0.361734390259,36.4017715454,106.636367798]],"icov":[[0.000894945231266,-0.00179144123103,0.00183233257849,-0.00222252029926,0.00123522989452,-0.00256720231846,0.0015960924793,-0.0020496128127,0.00123726378661,-0.000940730678849,0.00116755894851,-0.000965860148426,0.0011178253917],[-0.00179144123103,0.00634734844789,-0.00416048802435,0.00546626839787,-0.00421476503834,0.00665772054344,-0.00466572167352,0.00529512297362,-0.00370889250189,0.00369573524222,-0.00312862312421,0.00329799042083,-0.00258951517753],[0.00183233257849,-0.00416048802435,0.00527063943446,-0.00462964689359,0.0018879835261,-0.00620672153309,0.00379253574647,-0.00394103210419,0.00275023700669,-0.00221825554036,0.00307432119735,-0.00252851378173,0.00297105894424],[-0.00222252029926,0.00546626839787,-0.00462964689359,0.00783115718514,-0.00387986679561,0.0059822704643,-0.00463788816705,0.0042162979953,-0.00380696984939,0.00324305216782,-0.00288504385389,0.00381717365235,-0.00345986778848],[0.00123522989452,-0.00421476503834,0.0018879835261,-0.00387986679561,0.00631222361699,-0.0029057553038,0.00107738492079,-0.00369241996668,0.00136589887552,-0.0021088081412,0.00148462585639,-0.00184926576912,-0.000278082239674],[-0.00256720231846,0.00665772054344,-0.00620672153309,0.0059822704643,-0.0029057553038,0.0129244187847,-0.00688674859703,0.00594814447686,-0.00464438227937,0.00332423439249,-0.00373024540022,0.00354513130151,-0.00273781060241],[0.0015960924793,-0.00466572167352,0.00379253574647,-0.00463788816705,0.00107738492079,-0.00688674859703,0.00833112280816,-0.00542034255341,0.00405211886391,-0.00350477057509,0.00113498722203,-0.00226680887863,0.00220339233056],[-0.0020496128127,0.00529512297362,-0.00394103210419,0.0042162979953,-0.00369241996668,0.00594814447686,-0.00542034255341,0.0176578368992,-0.00783086195588,0.00300541403703,-0.00436279736459,0.00371170905419,-0.00349986110814],[0.00123726378661,-0.00370889250189,0.00275023700669,-0.00380696984939,0.00136589887552,-0.00464438227937,0.00405211886391,-0.00783086195588,0.012714589946,-0.00430928450078,0.00122118054423,-0.00105835474096,0.001359667629],[-0.000940730678849,0.00369573524222,-0.00221825554036,0.00324305216782,-0.0021088081412,0.00332423439249,-0.00350477057509,0.00300541403703,-0.00430928450078,0.0126902991906,-0.00300833000802,0.00108099449426,-0.00395877240226],[0.00116755894851,-0.00312862312421,0.00307432119735,-0.00288504385389,0.00148462585639,-0.00373024540022,0.00113498722203,-0.00436279736459,0.00122118054423,-0.00300833000802,0.0155641408637,-0.00609484501183,0.00475733773783],[-0.000965860148426,0.00329799042083,-0.00252851378173,0.00381717365235,-0.00184926576912,0.00354513130151,-0.00226680887863,0.00371170905419,-0.00105835474096,0.00108099449426,-0.00609484501183,0.0178428664804,-0.00749548804015],[0.0011178253917,-0.00258951517753,0.00297105894424,-0.00345986778848,-0.000278082239674,-0.00273781060241,0.00220339233056,-0.00349986110814,0.001359667629,-0.00395877240226,0.00475733773783,-0.00749548804015,0.015960643068]],"mean":[-103.896644592,166.888320923,-119.159446716,19.2775840759,-29.8269462585,4.06008052826,-25.1067314148,2.06564688683,-12.5222101212,-9.81536960602,-5.04483270645,-6.11745595932,-6.78496551514]},"hfc":{"dmean":1.94118285179,"dmean2":2.60341739655,"dvar":16.0223331451,"dvar2":27.5135364532,"max":124.569366455,"mean":11.4483947754,"median":3.9030983448,"min":0.0000716713693691,"var":284.029815674},"melbands":{"dmean":[0.000301226507872,0.000508312892634,0.000268727861112,0.000192176114069,0.000114386697533,0.00008025662828,0.0000726124053472,0.0000758844980737,0.0000766851153458,0.0000725646896171,0.000035191198549,0.0000411038308812,0.0000454119217466,0.0000194115909835,0.0000300475494441,0.0000310946779791,0.0000197303779714,0.0000158091970661,0.0000148895351231,0.0000127734692796,0.00000742630891182,0.00000780145910539,0.00000991390970739,0.00000389044771509,0.00000205429591915,0.000001342178507,0.00000120284710192,5.86149553783e-7,3.7337454728e-7,3.29722524839e-7,2.57848796537e-7,2.79342572185e-7,2.82988054323e-7,2.80671031305e-7,1.91517059989e-7,1.62172426599e-7,1.42889007293e-7,1.15504022347e-7,6.48922622304e-8,4.44074110817e-8],"dmean2":[0.000474918051623,0.000794026360381,0.000434611516539,0.000299634091789,0.000167774836882,0.000123454388813,0.000110672117444,0.0001110984158,0.000107880419819,0.000097299569461,0.0000474354892503,0.0000524723072886,0.0000644790707156,0.0000279233554465,0.0000414326714235,0.0000435791807831,0.0000290703210339,0.0000231246194744,0.0000214710271393,0.000018436301616,0.0000107389623736,0.0000113160567707,0.0000143454226418,0.00000560584476261,0.00000297847736874,0.00000199927330868,0.00000191149456441,9.00086376987e-7,5.8600170405e-7,5.11398127401e-7,3.84962476119e-7,4.05118015578e-7,4.10817364127e-7,4.0562298409e-7,2.78760751371e-7,2.22596838739e-7,2.09233263604e-7,1.58691321417e-7,9.23071752368e-8,6.01433143288e-8],"dvar":[5.7682723309e-7,0.00000114609099455,4.3916628556e-7,3.41330888887e-7,8.07589941587e-8,4.71615351216e-8,6.76419560364e-8,4.43179679621e-8,8.84124986555e-8,5.47533858253e-8,2.14408171217e-8,2.34650769926e-8,2.19023821302e-8,4.18014378667e-9,9.48738509976e-9,1.5428678779e-8,5.67838798204e-9,2.81974044114e-9,3.48341577805e-9,4.89697482564e-9,1.21457688351e-9,9.4581931176e-10,1.39958267198e-9,1.79443945814e-10,4.07942568614e-11,2.34401976995e-11,1.65308149114e-11,4.79417243751e-12,1.78618350579e-12,1.73717735075e-12,1.02457950978e-12,1.24720806599e-12,1.4215755309e-12,2.5267633038e-12,1.59007616102e-12,1.13282896518e-12,1.01575182727e-12,5.0432065208e-13,1.33419263051e-13,6.865826809e-14],"dvar2":[0.00000148435697156,0.00000291302171718,0.00000116299997899,9.08136485123e-7,1.88487234709e-7,1.09266800052e-7,1.76520501327e-7,9.47828624476e-8,1.93805661297e-7,9.68708633309e-8,3.73008504084e-8,4.23762855917e-8,4.20993089278e-8,8.2259159484e-9,1.84243358348e-8,2.6248558882e-8,1.19741594418e-8,4.77980899305e-9,7.0093260085e-9,9.93036675112e-9,2.1529467098e-9,1.92077798111e-9,3.32387783963e-9,3.99138749829e-10,7.65708468853e-11,4.77805607579e-11,3.81274317673e-11,1.07487716644e-11,4.11024773245e-12,3.83745769536e-12,1.99460131571e-12,2.42304657241e-12,2.98891879129e-12,5.19465893911e-12,3.19957883972e-12,1.96941681713e-12,2.01399465681e-12,1.00529664888e-12,2.45061702051e-13,1.24513707721e-13],"max":[0.0184639692307,0.0189658086747,0.0108451321721,0.018724007532,0.00675837928429,0.00548681337386,0.00511620147154,0.00464228028432,0.00805509276688,0.00967653747648,0.007122206036,0.00518103595823,0.00442011049017,0.00150200445205,0.00273423269391,0.00418328074738,0.00217415206134,0.00223922566511,0.00140443851706,0.00231541669928,0.00134100986179,0.00144521752372,0.00127490947489,0.000605545414146,0.000174833185156,0.000184914882993,0.000142050354043,0.0000637523407931,0.0000332096569764,0.0000326202316501,0.0000308813505399,0.0000362734099326,0.0000313975870085,0.0000627285407973,0.0000362799946743,0.0000346034794347,0.0000347996719938,0.0000224843843171,0.0000125964879771,0.00000862734123075],"mean":[0.00177705276292,0.00272865430452,0.000846987473778,0.000451164814876,0.000283392408164,0.000164132114151,0.000145314174006,0.000165364705026,0.000174765242264,0.000211350343307,0.0000722562690498,0.0000949410168687,0.000131625420181,0.0000361566671927,0.0000716752838343,0.0000743650525692,0.0000386808169424,0.0000351214803231,0.0000292626536975,0.0000232248148677,0.0000153559667524,0.0000172804175236,0.0000262623198068,0.0000101601226561,0.00000512900351168,0.00000353470068148,0.00000265410676548,0.00000129619968448,7.77926572937e-7,6.30870431451e-7,5.06760613916e-7,5.71075531752e-7,5.4365420965e-7,4.53821741075e-7,2.99913807567e-7,2.43373250441e-7,2.09771272353e-7,1.70097166574e-7,1.00538564141e-7,6.19939299895e-8],"median":[0.00136461784132,0.00235381606035,0.000461494899355,0.000212675717194,0.000116179850011,0.0000618614067207,0.0000475223714602,0.0000422931625508,0.0000221943028009,0.0000209982990782,0.0000141428263305,0.0000122287010527,0.00001518154113,0.00000953795915848,0.00000663590572003,0.00000668514121571,0.00000280328822555,0.00000369111671716,0.00000304139052787,0.00000279506389234,0.00000189137347206,0.00000173158491634,0.00000158345301315,9.48921353938e-7,6.25549319011e-7,2.57498129486e-7,2.37379154555e-7,1.59929498977e-7,6.34019770018e-8,2.87709536195e-8,1.66902580645e-8,1.23361303395e-8,1.00149701865e-8,8.15457656955e-9,6.04612715449e-9,3.75011932618e-9,1.62129953907e-9,1.25251620187e-9,1.07019892948e-9,9.23669252195e-10],"min":[2.78613521143e-10,9.21124634901e-11,4.11654356436e-11,4.00239780554e-12,8.59072524489e-13,3.43937687575e-13,7.12945707245e-13,9.45404453508e-13,7.93878905756e-13,3.34274410452e-13,3.45284564829e-13,8.46420589867e-13,3.17902822122e-12,9.50239344676e-13,6.60530007426e-13,5.54440282748e-13,4.13922558338e-13,6.67000417572e-13,6.72279994261e-13,8.34627397577e-13,5.50071598514e-13,6.4217641621e-13,4.5642103378e-13,5.326774178e-13,3.65774305375e-13,3.31601418416e-13,3.28364776776e-13,6.02798301726e-13,6.54107952698e-13,5.01976878033e-13,4.58958283704e-13,3.37095504505e-13,5.59069067083e-13,5.1803515904e-13,6.45028789496e-13,5.76119013607e-13,4.53002110649e-13,3.64198932514e-13,4.39526968423e-13,5.15438765888e-13],"var":[0.00000378676600121,0.00000589549244978,0.00000117887520901,5.63740343296e-7,2.54872418282e-7,1.09318619934e-7,1.37019341651e-7,1.30822542133e-7,2.48206447395e-7,5.76210027248e-7,6.04144219096e-8,1.14149955266e-7,1.88076512586e-7,1.03777386684e-8,4.67139464888e-8,7.5163676172e-8,1.68469487249e-8,1.30520110275e-8,1.0215004842e-8,1.12383773399e-8,3.8125782531e-9,3.49526785293e-9,7.9279605103e-9,1.26105004217e-9,2.13645573455e-10,1.55356102982e-10,6.35317493058e-11,1.54275741487e-11,4.57236895915e-12,3.60938709476e-12,2.39714411515e-12,3.33718903206e-12,3.02936603754e-12,4.26462120826e-12,2.98625490655e-12,2.47287585374e-12,1.86357179688e-12,9.24817947917e-13,2.88564717911e-13,1.27676989532e-13]},"melbands_crest":{"dmean":1.68566441536,"dmean2":2.57897353172,"dvar":4.25445652008,"dvar2":9.7421913147,"max":31.9059581757,"mean":17.4635810852,"median":17.1463108063,"min":5.07277584076,"var":37.1326904297},"melbands_flatness_db":{"dmean":0.0159717462957,"dmean2":0.0224300734699,"dvar":0.000424336118158,"dvar2":0.000768265395891,"max":0.584408938885,"mean":0.333662182093,"median":0.331572651863,"min":0.0595911666751,"var":0.0096615338698},"melbands_kurtosis":{"dmean":6.22754096985,"dmean2":9.17413330078,"dvar":136.58682251,"dvar2":256.311279297,"max":387.843688965,"mean":24.0144577026,"median":13.9019031525,"min":-1.5544500351,"var":802.149108887},"melbands_skewness":{"dmean":0.495627224445,"dmean2":0.713466405869,"dvar":0.384226500988,"dvar2":0.721113681793,"max":15.0103254318,"mean":3.44249248505,"median":3.13894605637,"min":-0.938578486443,"var":4.55631542206},"melbands_spread":{"dmean":2.33639717102,"dmean2":3.30276179314,"dvar":15.1611795425,"dvar2":28.8284988403,"max":96.4811859131,"mean":11.9375362396,"median":7.97645807266,"min":0.403708100319,"var":137.585067749},"mfcc":{"cov":[[9662.09375,-1940.10705566,-926.533508301,605.253356934,-262.877441406,308.450469971,-24.8141803741,432.390533447,94.4344177246,285.438476562,395.004608154,-0.91935390234,-198.36819458],[-1940.10705566,1585.22766113,-12.2360715866,124.037315369,266.614440918,-43.1581726074,220.160552979,52.6725234985,84.6000518799,6.75283813477,-40.3445472717,10.3892383575,74.853515625],[-926.533508301,-12.2360715866,679.041015625,-106.761260986,59.9381217957,91.8008575439,-14.7251605988,0.897469043732,-24.4906902313,-15.0139226913,-32.3938102722,-6.26754713058,22.0728683472],[605.253356934,124.037315369,-106.761260986,547.373291016,191.643981934,69.6022415161,160.483947754,115.159111023,144.806152344,94.33984375,23.9383487701,53.5196151733,41.0183830261],[-262.877441406,266.614440918,59.9381217957,191.643981934,322.683013916,34.6800384521,51.68775177,51.0485076904,85.3545608521,48.0976753235,-18.2737922668,30.3924369812,39.445941925],[308.450469971,-43.1581726074,91.8008575439,69.6022415161,34.6800384521,217.113235474,112.991577148,62.1138648987,71.303894043,35.3263244629,51.7457962036,23.6268825531,-4.64628505707],[-24.8141803741,220.160552979,-14.7251605988,160.483947754,51.68775177,112.991577148,297.565612793,90.8313827515,89.6811828613,46.2833938599,45.3351860046,53.7452507019,-0.0557264536619],[432.390533447,52.6725234985,0.897469043732,115.159111023,51.0485076904,62.1138648987,90.8313827515,179.775085449,42.2248535156,48.8039741516,61.3716545105,8.08592319489,4.89567947388],[94.4344177246,84.6000518799,-24.4906902313,144.806152344,85.3545608521,71.303894043,89.6811828613,42.2248535156,182.95489502,67.2899551392,10.3718900681,36.8391799927,12.9659061432],[285.438476562,6.75283813477,-15.0139226913,94.33984375,48.0976753235,35.3263244629,46.2833938599,48.8039741516,67.2899551392,134.298675537,46.7308197021,19.6024398804,10.8917703629],[395.004608154,-40.3445472717,-32.3938102722,23.9383487701,-18.2737922668,51.7457962036,45.3351860046,61.3716545105,10.3718900681,46.7308197021,131.522583008,29.8321914673,-10.5689334869],[-0.91935390234,10.3892383575,-6.26754713058,53.5196151733,30.3924369812,23.6268825531,53.7452507019,8.08592319489,36.8391799927,19.6024398804,29.8321914673,90.2747421265,28.5369167328],[-198.36819458,74.853515625,22.0728683472,41.0183830261,39.445941925,-4.64628505707,-0.0557264536619,4.89567947388,12.9659061432,10.8917703629,-10.5689334869,28.5369167328,88.7856292725]],"icov":[[0.000268505362328,0.000277475483017,0.000355017051334,-0.000268957519438,0.000101966077636,-0.000359046272933,0.000270310643828,-0.000509327510372,0.000136018599733,-0.000241477508098,-0.000195429005544,0.000054847318097,0.000334996992024],[0.000277475483017,0.00126040843315,0.000411262066336,0.0000377768919861,-0.000774509622715,0.000374361639842,-0.000869198178407,-0.000430733343819,-0.000120826996863,0.000103328529804,-0.000376682175556,0.000892905518413,-0.000502341717947],[0.000355017051334,0.000411262066336,0.00233737519011,0.00027704591048,-0.000482139730593,-0.00170522346161,0.000464064767584,-0.000903127889615,0.000737794674933,-0.000476810324471,0.000553407589905,0.0000106232482722,-0.000074349627539],[-0.000268957519438,0.0000377768919861,0.00027704591048,0.0036541481968,-0.00165954651311,0.000520044413861,-0.00144893396646,-0.000503939518239,-0.00112471356988,-0.000375586503651,0.000663853657898,-0.0000989393665805,-0.00127728306688],[0.000101966077636,-0.000774509622715,-0.000482139730593,-0.00165954651311,0.00538096949458,-0.000707011262421,0.00147672591265,-0.000978747615591,-0.00064906058833,-0.000906445493456,0.00132611487061,-0.00142215040978,0.000215520558413],[-0.000359046272933,0.000374361639842,-0.00170522346161,0.000520044413861,-0.000707011262421,0.0084802787751,-0.0031095391605,0.00034550158307,-0.00265394872986,0.00119210372213,-0.00237413984723,0.00116825650912,-0.000614017364569],[0.000270310643828,-0.000869198178407,0.000464064767584,-0.00144893396646,0.00147672591265,-0.0031095391605,0.00718699675053,-0.00232657114975,-0.000299805658869,-0.000535482075065,0.000543223344721,-0.00349121936597,0.00250102183782],[-0.000509327510372,-0.000430733343819,-0.000903127889615,-0.000503939518239,-0.000978747615591,0.00034550158307,-0.00232657114975,0.00977038126439,-0.000291495991405,-0.0000450029147032,-0.00350578711368,0.00285112042911,-0.00169037946034],[0.000136018599733,-0.000120826996863,0.000737794674933,-0.00112471356988,-0.00064906058833,-0.00265394872986,-0.000299805658869,-0.000291495991405,0.00958948582411,-0.00360133871436,0.00226503005251,-0.00233500637114,0.000968832056969],[-0.000241477508098,0.000103328529804,-0.000476810324471,-0.000375586503651,-0.000906445493456,0.00119210372213,-0.000535482075065,-0.0000450029147032,-0.00360133871436,0.011482944712,-0.00389513466507,0.00126700906549,-0.00162097672001],[-0.000195429005544,-0.000376682175556,0.000553407589905,0.000663853657898,0.00132611487061,-0.00237413984723,0.000543223344721,-0.00350578711368,0.00226503005251,-0.00389513466507,0.0132681550458,-0.00535927992314,0.00236593023874],[0.000054847318097,0.000892905518413,0.0000106232482722,-0.0000989393665805,-0.00142215040978,0.00116825650912,-0.00349121936597,0.00285112042911,-0.00233500637114,0.00126700906549,-0.00535927992314,0.0174080841243,-0.00610120547935],[0.000334996992024,-0.000502341717947,-0.000074349627539,-0.00127728306688,0.000215520558413,-0.000614017364569,0.00250102183782,-0.00169037946034,0.000968832056969,-0.00162097672001,0.00236593023874,-0.00610120547935,0.0153105529025]],"mean":[-743.965637207,191.125411987,-11.6817598343,23.1605587006,16.0949268341,5.01852560043,3.54045057297,9.29016685486,-0.541716098785,0.501585841179,0.902253210545,0.957902550697,2.17168474197]},"pitch_salience":{"dmean":0.0455987006426,"dmean2":0.0710399523377,"dvar":0.00238290871494,"dvar2":0.00608000298962,"max":0.834298849106,"mean":0.432147026062,"median":0.442527532578,"min":0.0415485277772,"var":0.0184673294425},"silence_rate_20dB":{"dmean":0,"dmean2":0,"dvar":0,"dvar2":0,"max":1,"mean":1,"median":1,"min":1,"var":0},"silence_rate_30dB":{"dmean":0,"dmean2":0,"dvar":0,"dvar2":0,"max":1,"mean":1,"median":1,"min":1,"var":0},"silence_rate_60dB":{"dmean":0.0111336028203,"dmean2":0.0220197420567,"dvar":0.0110084824264,"dvar2":0.0220426693559,"max":1,"mean":0.101188972592,"median":0,"min":0,"var":0.0909612625837},"spectral_centroid":{"dmean":97.3050689697,"dmean2":138.51385498,"dvar":35838.5898438,"dvar2":54253.1796875,"max":10955.7480469,"mean":746.011535645,"median":608.664123535,"min":126.580490112,"var":248890.125},"spectral_complexity":{"dmean":1.75581979752,"dmean2":2.74715256691,"dvar":3.81663179398,"dvar2":8.59293365479,"max":48,"mean":11.5241584778,"median":10,"min":0,"var":55.9856643677},"spectral_contrast_coeffs":{"dmean":[0.034583248198,0.0370878241956,0.0309996977448,0.0277596600354,0.0197609774768,0.013669368811],"dmean2":[0.0563657879829,0.0578892491758,0.0485601350665,0.0442146137357,0.0306130833924,0.0211631804705],"dvar":[0.000968338630628,0.00100566830952,0.000740641262382,0.000575966958422,0.000319322571158,0.000176595058292],"dvar2":[0.00246703159064,0.00243006064557,0.00172300578561,0.00133154448122,0.000663330720272,0.000369313434931],"max":[-0.297265559435,-0.43405765295,-0.49962630868,-0.540184676647,-0.563048601151,-0.632738769054],"mean":[-0.620357394218,-0.704205751419,-0.738373100758,-0.754694879055,-0.764418125153,-0.784843683243],"median":[-0.62863099575,-0.70949447155,-0.748545825481,-0.764998555183,-0.769975543022,-0.782730519772],"min":[-0.954477071762,-0.969197750092,-0.954169273376,-0.958372592926,-0.961797475815,-0.958026885986],"var":[0.00846186000854,0.00514896959066,0.00486264936626,0.00379077997059,0.0026735032443,0.00226681237109]},"spectral_contrast_valleys":{"dmean":[0.311281144619,0.290755361319,0.261984586716,0.247156843543,0.191335842013,0.206439629197],"dmean2":[0.50590056181,0.465485394001,0.418565064669,0.398617714643,0.29249176383,0.279878556728],"dvar":[0.118606187403,0.101039327681,0.0928203091025,0.0988476574421,0.0803661197424,0.117269851267],"dvar2":[0.229761779308,0.182006895542,0.16200722754,0.172904148698,0.120086051524,0.165379360318],"max":[-5.33417415619,-5.00485801697,-5.49556493759,-6.00414705276,-6.02855348587,-8.05521297455],"mean":[-7.56995820999,-7.42866325378,-8.01053237915,-8.5860824585,-9.07653999329,-12.2624416351],"median":[-7.32144594193,-7.40412855148,-7.94089126587,-8.52810764313,-9.1049156189,-12.6848564148],"min":[-27.4895954132,-27.1768093109,-27.4870910645,-27.3138103485,-27.123046875,-27.2548675537],"var":[1.69824814796,0.958784222603,0.990322589874,1.42399871349,1.65061831474,1.76545035839]},"spectral_decrease":{"dmean":8.51393455736e-10,"dmean2":1.28937505117e-9,"dvar":2.23100020385e-18,"dvar2":5.27835612117e-18,"max":1.52361237233e-15,"mean":-5.97825344784e-9,"median":-4.99669328136e-9,"min":-2.70885109899e-8,"var":2.06675393929e-17},"spectral_energy":{"dmean":0.00333220837638,"dmean2":0.00502256350592,"dvar":0.0000337991077686,"dvar2":0.0000789105106378,"max":0.110033392906,"mean":0.0236016251147,"median":0.0193080529571,"min":5.22959986426e-9,"var":0.000336451048497},"spectral_energyband_high":{"dmean":0.0000490008387715,"dmean2":0.0000670231020194,"dvar":5.14398763585e-8,"dvar2":8.99191689996e-8,"max":0.00759816449136,"mean":0.000112756330054,"median":0.00000586970782024,"min":1.51277979032e-9,"var":1.28304691316e-7},"spectral_energyband_low":{"dmean":0.00211763684638,"dmean2":0.00327923288569,"dvar":0.0000190212613234,"dvar2":0.0000480395865452,"max":0.0714260041714,"mean":0.0127116916701,"median":0.0119664305821,"min":1.154066398e-9,"var":0.000107480533188},"spectral_energyband_middle_high":{"dmean":0.00091896293452,"dmean2":0.00125157949515,"dvar":0.00000402053728976,"dvar2":0.00000707102617525,"max":0.0607591569424,"mean":0.00443329149857,"median":0.000721738673747,"min":1.29515453917e-10,"var":0.0000724492929294},"spectral_energyband_middle_low":{"dmean":0.00194130372256,"dmean2":0.00298428931274,"dvar":0.0000147883692989,"dvar2":0.0000356425916834,"max":0.0872249901295,"mean":0.00723955919966,"median":0.00401645153761,"min":1.43816458742e-10,"var":0.0000681277742842},"spectral_entropy":{"dmean":0.116359055042,"dmean2":0.170421034098,"dvar":0.0212742127478,"dvar2":0.0379771478474,"max":9.80835533142,"mean":6.76220273972,"median":6.76642608643,"min":5.0254650116,"var":0.303609311581},"spectral_flux":{"dmean":0.0143841095269,"dmean2":0.0229327138513,"dvar":0.000411222863477,"dvar2":0.000980153097771,"max":0.230814784765,"mean":0.0462285093963,"median":0.0294314604253,"min":0.0000630156209809,"var":0.00183298252523},"spectral_kurtosis":{"dmean":5.45244169235,"dmean2":9.45865440369,"dvar":31.8920440674,"dvar2":93.5270385742,"max":84.9123687744,"mean":14.8191146851,"median":11.1609115601,"min":-1.20629143715,"var":150.179046631},"spectral_rms":{"dmean":0.000313699420076,"dmean2":0.000463430100353,"dvar":2.2623139273e-7,"dvar2":4.71151992087e-7,"max":0.0103609673679,"mean":0.00438283896074,"median":0.00434017553926,"min":0.00000225877147386,"var":0.00000381669542548},"spectral_rolloff":{"dmean":146.951187134,"dmean2":241.467422485,"dvar":230083.390625,"dvar2":443710.46875,"max":21705.46875,"mean":751.28302002,"median":430.6640625,"min":64.599609375,"var":2255376.5},"spectral_skewness":{"dmean":0.429226130247,"dmean2":0.725443422794,"dvar":0.158571526408,"dvar2":0.457019120455,"max":6.96822738647,"mean":2.50594305992,"median":2.25028443336,"min":0.0113054160029,"var":1.21689546108},"spectral_spread":{"dmean":281118.15625,"dmean2":409601.15625,"dvar":399035924480,"dvar2":490583752704,"max":39970972,"mean":2553324.75,"median":2238641.75,"min":974879.6875,"var":1952147701760},"spectral_strongpeak":{"dmean":0.287207007408,"dmean2":0.483090758324,"dvar":0.637284755707,"dvar2":1.54711353779,"max":10.7796983719,"mean":0.801274240017,"median":0.421496838331,"min":0,"var":1.57168149948},"zerocrossingrate":{"dmean":0.0039661731571,"dmean2":0.0045221936889,"dvar":0.0000824120434118,"dvar2":0.0000727300357539,"max":0.62353515625,"mean":0.0280685760081,"median":0.02197265625,"min":0.00146484375,"var":0.00166221393738}},"metadata":{"audio_properties":{"analysis_sample_rate":44100,"bit_rate":0,"codec":"flac","downmix":"mix","equal_loudness":0,"length":91.7600021362,"lossless":true,"md5_encoded":"8fa84a4ca4767a76182aca54d413b015","replay_gain":-10.6533603668},"tags":{"album":["Abbey Road"],"album artist":["The Beatles"],"albumartist":["The Beatles"],"albumartist_credit":["The Beatles"],"albumartistsort":["Beatles, The"],"artist":["The Beatles"],"artist_credit":["The Beatles"],"artistsort":["Beatles, The"],"asin":["B0025KVLUQ"],"barcode":["094638246824"],"bpm":["0"],"catalognumber":["0946 3 82468 2 4"],"compilation":["0"],"date":["2009-09-09"],"disc":["1"],"discc":["1"],"discnumber":["1"],"disctotal":["1"],"file_name":"130-14. Golden Slumbers.flac","label":["Apple Records"],"language":["eng"],"media":["CD"],"musicbrainz_albumartistid":["b10bbbfc-cf9e-42e0-be17-e2c3e1d2600d"],"musicbrainz_albumid":["c93e1d4c-89fa-3139-9c65-8542a39f07d1"],"musicbrainz_albumstatus":["Official"],"musicbrainz_albumtype":["album"],"musicbrainz_artistid":["b10bbbfc-cf9e-42e0-be17-e2c3e1d2600d"],"musicbrainz_recordingid":["3d7f2000-123d-4cac-862b-e04ead24c5f2"],"musicbrainz_releasegroupid":["9162580e-5df4-32de-80cc-f45a8d8a9b1d"],"originaldate":["1969-09-26"],"publisher":["Apple Records"],"releasecountry":["XW"],"releasestatus":["official"],"releasetype":["album"],"replaygain_album_gain":["-5.65 dB"],"replaygain_album_peak":["0.972473"],"replaygain_reference_loudness":["89.0 dB"],"replaygain_track_gain":["-5.26 dB"],"replaygain_track_peak":["0.958557"],"script":["Latn"],"title":["Golden Slumbers"],"totaldiscs":["1"],"totaltracks":["17"],"track":["14"],"trackc":["17"],"tracknumber":["14"],"tracktotal":["17"],"year":["2009"]},"version":{"essentia":"2.1-beta1","essentia_build_sha":"12879b851c9f4b0d899e1af4e221aa110f283a84","essentia_git_sha":"v2.1_beta1-7-ge0e83e8-dirty","extractor":"music 1.0"}},"rhythm":{"beats_count":124,"beats_loudness":{"dmean":0.0134517606348,"dmean2":0.0215914975852,"dvar":