{"lowlevel":{"average_loudness":0.955155134201,"barkbands":{"dmean":[0.0000508868142788,0.00150009535719,0.00318487524055,0.00123458227608,0.00116610073019,0.00038899955689,0.000296363723464,0.000838556734379,0.000715527450666,0.000538852182217,0.000512752565555,0.000350070389686,0.000674950948451,0.000562731001992,0.000377173622837,0.000485742959427,0.000366824970115,0.000507906428538,0.000163312171935,0.000289764633635,0.00021045160247,0.000120304081065,0.0000562400709896,0.0000399269847549,0.0000332404270011,0.0000101493951661,4.41181811084e-7],"dmean2":[0.0000680183657096,0.00256947614253,0.00546634802595,0.00210737087764,0.00204774085432,0.0006347677554,0.000494961743243,0.00133689458016,0.00110987189692,0.000864225439727,0.00082911766367,0.000546934723388,0.00105647090822,0.000850407755934,0.000576687511057,0.000756505527534,0.000579681829549,0.000778160931077,0.000259942607954,0.000484240008518,0.000325366359903,0.000197787667275,0.0000912823234103,0.000062957915361,0.0000505510288349,0.0000163281601999,7.24070503111e-7],"dvar":[1.51218770839e-8,0.00000872098007676,0.0000200844606297,0.00000533154934601,0.00000598309043198,5.98549092956e-7,3.87526398526e-7,0.00000846409329824,0.00000213889347833,8.60678994741e-7,0.00000116897388125,6.37287257632e-7,0.0000018030332285,0.00000149557797613,6.25888958439e-7,0.00000109632480871,4.18200443164e-7,9.93708681563e-7,1.43884264503e-7,1.71820559558e-7,5.81062309379e-8,1.93894020839e-8,6.43111963683e-9,1.23771828342e-8,1.11347029375e-8,1.16210430168e-9,2.25109926359e-12],"dvar2":[2.69063260561e-8,0.0000242241840169,0.0000542910674994,0.0000147101582115,0.0000166533809534,0.00000139301221225,0.00000100453530649,0.0000185731405509,0.00000481217102788,0.0000019555450308,0.00000282634960058,0.0000013136857433,0.00000388397302231,0.000002802116569,0.00000143298200328,0.00000243673412115,9.82370465863e-7,0.00000208955520975,3.19989084119e-7,5.14644000305e-7,1.31392525304e-7,4.99611907401e-8,1.52452699353e-8,2.53758951629e-8,2.5354360389e-8,3.03044322969e-9,6.0722195501e-12],"max":[0.0023243825417,0.0479588061571,0.0438374057412,0.0261474717408,0.0253489464521,0.019731445238,0.0136381601915,0.0412475243211,0.0281762164086,0.0264105647802,0.0308050159365,0.0313809253275,0.0317232944071,0.0284951012582,0.0198962874711,0.0256250575185,0.0127620156854,0.0263234134763,0.0195873398334,0.00978192966431,0.00927421916276,0.00282177468762,0.00246121222153,0.00502578448504,0.00285213673487,0.000661832280457,0.0000277286635537],"mean":[0.0000616712350165,0.00231833360158,0.00665177591145,0.00250273640268,0.00137982401066,0.000571115175262,0.000414599111537,0.00105306843761,0.00107728375588,0.000947406690102,0.000841416534968,0.00055921880994,0.00117864122149,0.00101262528915,0.000644759798888,0.000891660980415,0.000692267320119,0.00103919312824,0.000345084554283,0.000685113831423,0.000690616492648,0.000383627513656,0.000171807390871,0.000118522941193,0.0000629695132375,0.0000159657411132,6.4372613906e-7],"median":[0.00000641358019493,0.0011448787991,0.00483693601564,0.00168243073858,0.000557382474653,0.000203611562029,0.000173397478648,0.000312934047543,0.000416877417592,0.000543410191312,0.000399675918743,0.000195194967091,0.000454050838016,0.000372859300114,0.000288868963253,0.000361892569344,0.000340694969054,0.000601114705205,0.000210468046134,0.000560971384402,0.000614308286458,0.00034493545536,0.000150287145516,0.0000935885473154,0.000035261244193,0.00000831380930322,3.26284379071e-7],"min":[5.50982512353e-25,4.49413899932e-24,1.39908504732e-24,1.18104024463e-24,7.19237934992e-24,9.04036727308e-24,6.66749181397e-24,1.26348364424e-23,1.7170097183e-23,1.98135259002e-23,1.77535828847e-23,3.2509440687e-23,2.76826721761e-23,3.39441293936e-23,4.47011692258e-23,4.78762144625e-23,6.6862424066e-23,1.00932417795e-22,1.13685622816e-22,1.8453802961e-22,1.56875403967e-22,3.30926493408e-22,4.23919108233e-22,5.84290415566e-22,9.0648554404e-22,1.25626147119e-21,1.85368913451e-21],"var":[2.62715040833e-8,0.0000117641884572,0.0000423854544351,0.00000783679570304,0.00000559545014767,0.00000119725746117,5.07970753461e-7,0.00000954450752033,0.000003632094149,0.0000017597473061,0.00000226011798077,0.00000145782462369,0.00000477103094454,0.00000463947844764,0.00000131721094476,0.00000317634589919,0.00000103963270703,0.00000266783627012,3.9597634327e-7,3.44653443562e-7,2.24733085474e-7,6.42939923523e-8,1.80345569589e-8,2.37182629093e-8,1.65253606355e-8,1.16205822742e-9,1.96684769166e-12]},"barkbands_crest":{"dmean":2.20678305626,"dmean2":3.72045135498,"dvar":4.51808309555,"dvar2":11.8465127945,"max":26.8334617615,"mean":8.62285137177,"median":8.01821327209,"min":2.24770641327,"var":13.0579385757},"barkbands_flatness_db":{"dmean":0.0150486724451,"dmean2":0.0246977712959,"dvar":0.000218528555706,"dvar2":0.000564846850466,"max":0.480325877666,"mean":0.101428672671,"median":0.0966097712517,"min":0.0264600086957,"var":0.00105650536716},"barkbands_kurtosis":{"dmean":1.53366959095,"dmean2":2.28163385391,"dvar":406.227111816,"dvar2":529.315368652,"max":1918.48034668,"mean":1.35707378387,"median":-0.418515324593,"min":-1.9483602047,"var":1483.96875},"barkbands_skewness":{"dmean":0.420917898417,"dmean2":0.672205984592,"dvar":0.291828542948,"dvar2":0.552196621895,"max":5.26531267166,"mean":0.713922321796,"median":0.677110373974,"min":-39.5949478149,"var":1.76012325287},"barkbands_spread":{"dmean":6.2020611763,"dmean2":9.81642246246,"dvar":38.1103096008,"dvar2":95.9338607788,"max":151.04876709,"mean":35.4992713928,"median":35.0582313538,"min":0.153837278485,"var":182.845718384},"dissonance":{"dmean":0.0113557167351,"dmean2":0.0193558502942,"dvar":0.000123078891193,"dvar2":0.000348352157744,"max":0.5,"mean":0.480627715588,"median":0.484566032887,"min":0.354385972023,"var":0.000239420172875},"dynamic_complexity":3.01793241501,"erbbands":{"dmean":[0.0456034876406,0.370197474957,2.49118876457,5.07848072052,2.52024579048,4.83840656281,3.82761883736,2.95757889748,3.75523471832,9.74585914612,16.0934200287,19.0082130432,14.837266922,20.5735206604,17.2336730957,15.1097707748,29.1292591095,25.6684131622,19.303314209,23.0878639221,20.8997535706,16.4536399841,30.5800628662,10.9143562317,9.57361221313,12.6843500137,7.09423446655,9.49271774292,3.78673672676,3.27026748657,1.47616410255,1.01855838299,0.579552710056,0.415830105543,0.234273672104,0.0690631121397,0.0124473543838,0.00165731681045,0.0000872514792718,0.0000105495200842],"dmean2":[0.0713906735182,0.652765929699,4.3508682251,8.49944114685,4.55676984787,8.38152599335,6.420814991,4.90916109085,6.11119937897,15.672000885,25.2813911438,29.4848899841,23.7220668793,32.7992401123,27.7864665985,23.3172092438,45.2989692688,39.3118171692,30.0827770233,34.6081085205,32.1714744568,25.5036125183,46.3287658691,17.004535675,15.7570791245,20.9364700317,11.3761434555,14.821767807,6.16418409348,5.41042327881,2.39958715439,1.6095790863,0.925648927689,0.632408261299,0.370844483376,0.110412247479,0.0198710802943,0.00268409750424,0.000141453070682,0.0000166537574842],"dvar":[0.0105983940884,0.457339048386,13.0895309448,64.9281311035,30.5188026428,112.979881287,58.0057601929,32.3527336121,72.7079544067,695.064758301,2568.37768555,1635.32275391,680.505310059,1422.88647461,1546.6685791,972.58416748,3227.65209961,3263.6574707,1272.14196777,2388.25830078,1842.57995605,827.206970215,3817.36767578,786.055419922,136.968673706,445.849456787,71.5194244385,122.899459839,20.5512561798,15.2268590927,5.06925392151,5.67680025101,3.26991724968,2.41862940788,0.628037750721,0.0495250485837,0.00205659633502,0.0000432884226029,1.01011586651e-7,3.31851018887e-10],"dvar2":[0.0258220173419,1.34354376793,36.5526657104,168.718734741,88.3502655029,310.297485352,151.608062744,80.1267242432,177.312942505,1528.67883301,5463.64453125,3672.92236328,1564.28442383,3417.81787109,3640.29858398,1896.77246094,6957.18554688,6509.88867188,2920.07519531,5342.61230469,3707.08374023,1883.99462891,7794.19140625,1743.45458984,347.994567871,1347.32385254,183.424758911,290.77911377,51.1686592102,39.4478645325,12.2158946991,10.8592414856,7.03229570389,5.12467002869,1.56309223175,0.127089321613,0.00538982916623,0.000114496651804,2.68570715889e-7,8.32858837452e-10],"max":[1.90481889248,13.3831567764,35.5988845825,95.2132492065,55.3777389526,123.976905823,135.060348511,119.539802551,256.738708496,350.745056152,818.41595459,763.207397461,657.089782715,972.819213867,1485.10791016,1523.67138672,1154.34399414,1629.67883301,807.371643066,1416.75744629,1434.75878906,665.617004395,1643.02624512,1543.99975586,241.063369751,533.735900879,248.30128479,458.503936768,97.9568099976,110.795448303,60.0587501526,114.731887817,77.440536499,59.206867218,21.0419845581,4.81285429001,0.857496976852,0.141219064593,0.00655840756372,0.000368713226635],"mean":[0.067997738719,0.589421331882,4.74479961395,12.1432876587,3.24615812302,5.69607067108,5.37820386887,4.39367628098,5.47681379318,13.7202167511,21.6392784119,28.317905426,26.9856567383,33.9183654785,30.9664516449,28.6427898407,53.8652915955,48.4453964233,38.5425605774,43.879825592,44.3330307007,36.3346252441,63.7259635925,26.051815033,24.4047584534,30.363817215,22.1484336853,28.790927887,13.0202598572,9.91129398346,4.61414337158,2.99829483032,1.6049734354,0.85062122345,0.400518864393,0.11669255048,0.0180119480938,0.00231246673502,0.00014092073252,0.0000398364209104],"median":[0.0269867181778,0.366310179234,3.509775877,8.5270690918,1.98589742184,2.14862537384,2.11981058121,1.75517296791,2.08058714867,5.08614015579,7.55400562286,11.0548286438,14.8722743988,17.8048248291,14.2729377747,12.573720932,22.3648223877,19.3512153625,21.7063083649,18.4584083557,23.8444442749,19.5167064667,34.6182632446,16.1804275513,20.8935317993,23.9374752045,19.7229309082,25.2960319519,11.7171897888,8.8613986969,4.02447795868,2.45704460144,1.23211216927,0.506634712219,0.212705314159,0.0649304687977,0.0081616230309,0.00104064377956,0.0000770605693106,0.0000382660109608],"min":[8.96509179892e-23,8.1353501021e-22,2.72336413155e-21,7.37787268378e-21,1.45448934751e-20,2.69163941246e-20,3.0693615841e-20,6.1132602225e-20,9.61401265191e-20,2.49640110339e-19,2.02670649658e-19,4.25478649438e-19,6.31386082682e-19,7.53459019339e-19,8.0539686282e-19,1.35345969823e-18,1.48878737702e-18,2.05625519752e-18,2.73799657208e-18,2.4951675703e-18,3.62391755467e-18,3.92587156548e-18,5.25621994079e-18,5.09164119099e-18,5.14844244288e-18,9.49524512898e-18,8.37411595959e-18,9.57789784297e-18,1.11362606221e-17,1.10145716006e-17,1.22069392187e-17,1.06222803679e-17,9.95159488267e-18,8.16958314543e-18,6.69183945677e-18,4.49766967648e-18,2.117630965e-18,8.39890656255e-19,2.36486154991e-19,2.63173715738e-20],"var":[0.0141915036365,0.569805622101,21.3054618835,150.628662109,23.4569835663,107.934280396,82.2884063721,65.1543731689,124.402984619,885.517822266,3144.27050781,2674.03198242,1524.52441406,2528.85473633,4010.14086914,2840.953125,9058.86035156,9822.16113281,3061.61938477,6013.86669922,5346.20605469,2391.86889648,11153.1103516,2392.40161133,352.629516602,836.191345215,233.764755249,420.92098999,72.625793457,45.9436035156,13.3134336472,11.6669483185,5.79908561707,4.04172992706,0.720264792442,0.0530431494117,0.00194059230853,0.0000381115933124,9.00301841966e-8,5.76750314174e-10]},"erbbands_crest":{"dmean":2.23680639267,"dmean2":3.58809494972,"dvar":5.37040662766,"dvar2":12.5030193329,"max":30.2484703064,"mean":7.82921695709,"median":6.58643913269,"min":1.86504137516,"var":16.7680091858},"erbbands_flatness_db":{"dmean":0.0124325379729,"dmean2":0.0185196716338,"dvar":0.000126913248096,"dvar2":0.000268671399681,"max":0.300560593605,"mean":0.14890474081,"median":0.143372476101,"min":0.0124650700018,"var":0.00124185858294},"erbbands_kurtosis":{"dmean":0.717474222183,"dmean2":1.1047270298,"dvar":0.943464815617,"dvar2":2.0690984726,"max":22.3662185669,"mean":0.429355353117,"median":-0.0621831417084,"min":-1.78373908997,"var":3.22431254387},"erbbands_skewness":{"dmean":0.287400186062,"dmean2":0.436289906502,"dvar":0.0688952952623,"dvar2":0.152607306838,"max":2.21480703354,"mean":-0.299427777529,"median":-0.281151354313,"min":-3.30373072624,"var":0.39779406786},"erbbands_spread":{"dmean":6.713804245,"dmean2":10.5158948898,"dvar":45.6136894226,"dvar2":105.780677795,"max":124.334846497,"mean":38.5546417236,"median":37.1560630798,"min":4.34114027023,"var":266.392211914},"gfcc":{"cov":[[29239.3046875,1757.97009277,-2647.73486328,1847.31677246,-1371.0892334,678.313842773,-622.349853516,273.381072998,-689.736328125,50.1643676758,-756.247009277,-175.89074707,-456.916259766],[1757.97009277,498.6824646,-181.166992188,71.9616317749,-99.2056045532,-4.85846567154,-44.3378410339,-49.6205940247,-32.631893158,-20.6298866272,-15.0742645264,-38.0949478149,-22.270778656],[-2647.73486328,-181.166992188,718.036010742,57.2712478638,162.094650269,-64.5827026367,94.7765350342,-12.8958873749,45.2301597595,23.3696651459,49.1436386108,22.7519855499,23.6697692871],[1847.31677246,71.9616317749,57.2712478638,519.123046875,69.1154098511,109.678062439,41.1118431091,47.745059967,-15.7688837051,-24.2994728088,-63.4993629456,-26.6814002991,-26.5906658173],[-1371.0892334,-99.2056045532,162.094650269,69.1154098511,270.971099854,70.0685424805,86.4982757568,3.4763917923,55.209022522,-23.5358982086,23.7871685028,-6.8241019249,14.1999635696],[678.313842773,-4.85846567154,-64.5827026367,109.678062439,70.0685424805,188.912216187,97.7787399292,11.5923242569,-20.7765293121,-3.73591589928,-21.7158527374,-30.2358207703,-20.8887729645],[-622.349853516,-44.3378410339,94.7765350342,41.1118431091,86.4982757568,97.7787399292,154.559936523,21.2783203125,11.7807569504,-7.81268596649,16.6441993713,-12.7046632767,-5.42738056183],[273.381072998,-49.6205940247,-12.8958873749,47.745059967,3.4763917923,11.5923242569,21.2783203125,88.8529129028,28.12748909,5.10391998291,-14.72864151,7.64338159561,-1.47009968758],[-689.736328125,-32.631893158,45.2301597595,-15.7688837051,55.209022522,-20.7765293121,11.7807569504,28.12748909,89.0456390381,18.8556594849,14.6082172394,3.91249465942,21.7642745972],[50.1643676758,-20.6298866272,23.3696651459,-24.2994728088,-23.5358982086,-3.73591589928,-7.81268596649,5.10391998291,18.8556594849,74.0013122559,24.8362407684,10.235578537,-1.69594442844],[-756.247009277,-15.0742645264,49.1436386108,-63.4993629456,23.7871685028,-21.7158527374,16.6441993713,-14.72864151,14.6082172394,24.8362407684,90.8167953491,26.0188694,14.1141529083],[-175.89074707,-38.0949478149,22.7519855499,-26.6814002991,-6.8241019249,-30.2358207703,-12.7046632767,7.64338159561,3.91249465942,10.235578537,26.0188694,71.3714294434,30.0690822601],[-456.916259766,-22.270778656,23.6697692871,-26.5906658173,14.1999635696,-20.8887729645,-5.42738056183,-1.47009968758,21.7642745972,-1.69594442844,14.1141529083,30.0690822601,69.238822937]],"icov":[[0.000493777974043,-0.000963713042438,0.000843326561153,-0.0013368652435,0.00114945240784,-0.00167037418578,0.00174484832678,-0.00158861896489,0.00184171902947,-0.00155368063133,0.00155539659318,-0.00106607668567,0.0010391214164],[-0.000963713042438,0.00473794573918,-0.000941673642956,0.00169456272852,-0.00111590360757,0.00376788363792,-0.00374413048849,0.00527017842978,-0.00443835137412,0.00382049288601,-0.00377064757049,0.00317473732866,-0.00180037191603],[0.000843326561153,-0.000941673642956,0.00418239738792,-0.00316197401844,0.000456701323856,0.000816311337985,-0.000206333352253,-0.00115784094669,0.00399772031233,-0.00478111254051,0.00327166169882,-0.00181083439384,0.00147582613863],[-0.0013368652435,0.00169456272852,-0.00316197401844,0.00661332439631,-0.00377601385117,0.00237751216628,-0.00338193355128,0.00202327733859,-0.00426181266084,0.00463265227154,-0.00295450352132,0.00260074110702,-0.00246087345295],[0.00114945240784,-0.00111590360757,0.000456701323856,-0.00377601385117,0.0108823804185,-0.00828348100185,0.00448258873075,-0.00147241307423,-0.00234006741084,0.00190750055481,0.000716321403161,-0.00246888818219,0.00291786412708],[-0.00167037418578,0.00376788363792,0.000816311337985,0.00237751216628,-0.00828348100185,0.0217538010329,-0.0164927169681,0.00686193443835,0.00000375141917175,-0.00157406076323,-0.00109223264735,0.00574246887118,-0.00437333947048],[0.00174484832678,-0.00374413048849,-0.000206333352253,-0.00338193355128,0.00448258873075,-0.0164927169681,0.0223270244896,-0.0100503982976,0.00430968590081,-0.000362567370757,0.000264653615886,-0.0025435613934,0.00441071810201],[-0.00158861896489,0.00527017842978,-0.00115784094669,0.00202327733859,-0.00147241307423,0.00686193443835,-0.0100503982976,0.0231789406389,-0.0135002331808,0.00483178952709,-0.00156709982548,-0.000614412361756,-0.000590778130572],[0.00184171902947,-0.00443835137412,0.00399772031233,-0.00426181266084,-0.00234006741084,0.00000375141917175,0.00430968590081,-0.0135002331808,0.0287864357233,-0.0141910649836,0.0066256779246,0.000470599188702,-0.0026962091215],[-0.00155368063133,0.00382049288601,-0.00478111254051,0.00463265227154,0.00190750055481,-0.00157406076323,-0.000362567370757,0.00483178952709,-0.0141910649836,0.0262250304222,-0.0119119798765,0.00157116167247,0.00044662647997],[0.00155539659318,-0.00377064757049,0.00327166169882,-0.00295450352132,0.000716321403161,-0.00109223264735,0.000264653615886,-0.00156709982548,0.0066256779246,-0.0119119798765,0.022995820269,-0.00884561799467,0.00308876461349],[-0.00106607668567,0.00317473732866,-0.00181083439384,0.00260074110702,-0.00246888818219,0.00574246887118,-0.0025435613934,-0.000614412361756,0.000470599188702,0.00157116167247,-0.00884561799467,0.0241068191826,-0.01114522852],[0.0010391214164,-0.00180037191603,0.00147582613863,-0.00246087345295,0.00291786412708,-0.00437333947048,0.00441071810201,-0.000590778130572,-0.0026962091215,0.00044662647997,0.00308876461349,-0.01114522852,0.0227557290345]],"mean":[4.06663513184,66.8231735229,-136.873092651,50.8556480408,-57.1014595032,26.1693477631,-27.2519054413,9.33137512207,-24.0574645996,-1.89297568798,-24.0110263824,-7.02690792084,-13.4255199432]},"hfc":{"dmean":5.25272989273,"dmean2":7.62991714478,"dvar":45.6379432678,"dvar2":92.5241317749,"max":166.849700928,"mean":29.2417564392,"median":27.6775474548,"min":1.07333632796e-16,"var":265.245025635},"melbands":{"dmean":[0.000401356664952,0.00100115174428,0.000745361496229,0.000262704183115,0.000154511406436,0.0000693735200912,0.0000578390354349,0.00013446615776,0.000132119443151,0.000112284011266,0.0000730109095457,0.0000832227815408,0.0000599867598794,0.0000401229663112,0.0000629766946076,0.0000564888796362,0.0000549242977286,0.0000363600956916,0.0000290587704512,0.0000417124174419,0.0000239819455601,0.000016960882931,0.0000298515042232,0.0000232720012718,0.00000900652776181,0.00000555368796995,0.0000120137647173,0.00000951468337007,0.00000464759386887,0.00000663534910927,0.00000497240898767,0.00000238158395405,0.00000319940204463,0.00000161269497312,9.95197751763e-7,7.20495279438e-7,7.0003966357e-7,4.61433501187e-7,3.90415408447e-7,3.73041558532e-7],"dmean2":[0.000664208084345,0.00173559761606,0.00125444913283,0.000466544501251,0.000259629654465,0.000113627451356,0.0000952150148805,0.000214816260268,0.000205423842999,0.000174996661372,0.000117098104965,0.000132853587274,0.0000959021563176,0.0000625017273705,0.0000970817127381,0.0000881425148691,0.0000834901511553,0.000056293552916,0.0000441524716734,0.0000643664388917,0.0000372932190658,0.0000268512831099,0.0000459686270915,0.0000352365968865,0.0000142717690323,0.00000895744778973,0.0000202962000913,0.0000156751666509,0.00000763792559155,0.00000995433765638,0.00000800447651272,0.00000390951117879,0.00000533188585905,0.00000267284599431,0.00000163561844602,0.00000115767875286,0.00000111466408725,7.49739967887e-7,6.1344110236e-7,5.75893295718e-7],"dvar":[7.16840702353e-7,0.00000203267381949,0.00000143789588947,3.10252431746e-7,9.94588305048e-8,1.79990724547e-8,1.58956368068e-8,1.76802444685e-7,1.36081155233e-7,5.35205870733e-8,1.68972729142e-8,2.41135751367e-8,1.5526591568e-8,7.16384107591e-9,2.10886597074e-8,1.25218395652e-8,1.61216409111e-8,5.31863175723e-9,4.41376846183e-9,8.8527478681e-9,2.34745267669e-9,8.50757297943e-10,3.63578878115e-9,1.98097360737e-9,7.26314619559e-10,8.77833500335e-11,1.88490778541e-10,3.49259121624e-10,4.14622607081e-11,6.18727638568e-11,3.31139074494e-11,9.15879438262e-12,1.30231936346e-11,3.90828211808e-12,2.30971903929e-12,1.90199201874e-12,2.92136432233e-12,1.83975274251e-12,1.72442778373e-12,1.78110542808e-12],"dvar2":[0.00000190202706563,0.00000571841474084,0.00000380273809242,8.63205002588e-7,2.70875830211e-7,4.3177351472e-8,3.97687003328e-8,3.89811248169e-7,2.88649545155e-7,1.21207619941e-7,3.90064727185e-8,5.77867460549e-8,3.61241028202e-8,1.51302970153e-8,4.35400266952e-8,2.78077560978e-8,3.20941602183e-8,1.12688498533e-8,9.82926451343e-9,2.07450927547e-8,4.86165463442e-9,1.91959981244e-9,7.88507570348e-9,3.85690324123e-9,1.62385704883e-9,2.14169959545e-10,5.18471432454e-10,1.07842779151e-9,1.14061995959e-10,1.28831487145e-10,8.575696403e-11,2.25443136381e-11,3.49843626291e-11,9.93659061282e-12,5.80614159182e-12,4.24511901326e-12,5.6416694233e-12,4.18501821739e-12,3.55192524698e-12,3.92740007182e-12],"max":[0.0132293663919,0.0163614135236,0.0143321547657,0.00624218583107,0.00428766012192,0.00272958679125,0.00328772864304,0.00539597775787,0.00589021481574,0.00411657243967,0.00320833059959,0.00432113325223,0.00412578508258,0.00225748145021,0.00473404303193,0.0029879277572,0.00351458508521,0.00185153924394,0.0022244900465,0.00249733706005,0.00164882163517,0.000663298473228,0.00177783868276,0.00120609323494,0.00153110956308,0.000212195780477,0.000200179318199,0.000508883153088,0.000143652534462,0.000302591419313,0.000197705026949,0.0000636735421722,0.0000566255039303,0.0000611268915236,0.0000448386381322,0.0000596690042585,0.0000805464733276,0.0000580519008508,0.0000486412318423,0.0000538991371286],"mean":[0.000634633121081,0.00205005938187,0.0017684889026,0.000280974170892,0.000219101188122,0.000103511330963,0.0000845677786856,0.000179074006155,0.00017935950018,0.000169167644344,0.000127141785924,0.000131236753077,0.000103995196696,0.0000707344297552,0.000110539862362,0.0000986971281236,0.0000944546263781,0.0000666853957227,0.0000485134660266,0.0000732666740078,0.0000472467581858,0.0000331230075972,0.0000577530845476,0.0000484266529384,0.0000181857103598,0.0000120786389743,0.0000256823350355,0.000019038137907,0.0000117251347547,0.0000191729941434,0.0000144669120345,0.00000672408623359,0.00000797852135292,0.0000044095377234,0.00000271091084869,0.00000192302604773,0.00000182446262897,0.00000118593686693,8.18704563699e-7,6.89734577008e-7],"median":[0.000290926021989,0.00159959157463,0.00125778955407,0.000111788700451,0.0000900088853086,0.0000385887178709,0.0000331758092216,0.0000593632139498,0.000062597944634,0.0000677811476635,0.0000669338769512,0.0000654975010548,0.0000483167968923,0.000028963713703,0.0000367027314496,0.000040321261622,0.0000307141162921,0.0000333146199409,0.0000208918590943,0.0000237303629547,0.0000275874645013,0.0000173049265868,0.0000268105432042,0.0000281829343294,0.00000951619404077,0.00000885071222001,0.0000217066190089,0.0000131998713186,0.0000097005686257,0.0000161118841788,0.0000127955772768,0.00000584111467106,0.00000688089403411,0.00000382772441299,0.00000230609566643,0.00000157382464749,0.00000142704823247,9.02076180864e-7,5.29537032889e-7,3.90960394725e-7],"min":[1.57829462207e-24,1.56813803791e-24,1.3063492217e-24,1.33604174896e-24,1.19433619937e-24,1.42754803624e-24,1.41750149819e-24,1.84620667523e-24,1.24280844794e-24,2.34843871763e-24,2.90461385759e-24,1.87363556612e-24,2.35620209501e-24,2.78118848314e-24,4.43517756311e-24,2.64126644944e-24,3.190768615e-24,3.60231478546e-24,3.31763578958e-24,3.43225727911e-24,3.45489009291e-24,3.77355952747e-24,3.4523266894e-24,4.32375135468e-24,3.6137599739e-24,4.01007895952e-24,3.00605643962e-24,5.73372031591e-24,4.35726492695e-24,3.55018843457e-24,5.75127365434e-24,5.23148847072e-24,3.6838731423e-24,5.91111265096e-24,5.83314794997e-24,5.93946786176e-24,6.38763236379e-24,6.28282233177e-24,5.67382329066e-24,6.07697893932e-24],"var":[9.63013121691e-7,0.00000351606672666,0.00000310522318614,2.52283683722e-7,1.30411621058e-7,3.82024865075e-8,2.56250878294e-8,2.07508065841e-7,1.77691276804e-7,8.94979237387e-8,3.71836179625e-8,4.15153955657e-8,3.82933507126e-8,1.94848048807e-8,5.85531942932e-8,3.32834204642e-8,4.58449385121e-8,1.3783803432e-8,8.76108874337e-9,2.47748666027e-8,5.7922955321e-9,2.25733920445e-9,1.00446122531e-8,5.47912248905e-9,2.12085637941e-9,1.73503642009e-10,3.90247084647e-10,5.62232149726e-10,9.74267819198e-11,2.26916374579e-10,1.01610553305e-10,2.51162129289e-11,3.30278443483e-11,1.05108881668e-11,5.24098256113e-12,3.69432522768e-12,5.68693616504e-12,3.13987811446e-12,3.03530247811e-12,2.67475191301e-12]},"melbands_crest":{"dmean":2.62305903435,"dmean2":4.39367389679,"dvar":6.48084449768,"dvar2":17.0815544128,"max":33.7387733459,"mean":12.5861787796,"median":12.4536876678,"min":1.50353467464,"var":21.1651477814},"melbands_flatness_db":{"dmean":0.0206503495574,"dmean2":0.0337908826768,"dvar":0.000447379396064,"dvar2":0.00113521656021,"max":0.305160194635,"mean":0.141537159681,"median":0.139490276575,"min":0.00237549957819,"var":0.00206369929947},"melbands_kurtosis":{"dmean":4.01283454895,"dmean2":6.71691083908,"dvar":44.6639938354,"dvar2":117.724006653,"max":134.387420654,"mean":7.29424667358,"median":3.31825566292,"min":-1.78273034096,"var":148.048980713},"melbands_skewness":{"dmean":0.618207752705,"dmean2":0.999554812908,"dvar":0.439988225698,"dvar2":1.09502232075,"max":10.6090650558,"mean":2.14699363708,"median":1.85841345787,"min":-1.49111104012,"var":2.30638456345},"melbands_spread":{"dmean":9.89870071411,"dmean2":15.8835010529,"dvar":107.989822388,"dvar2":256.175231934,"max":248.58555603,"mean":41.3618583679,"median":38.0880432129,"min":3.54990148544,"var":486.201171875},"mfcc":{"cov":[[11804.78125,1103.10070801,-17.5672645569,774.829650879,-16.8333053589,414.873840332,130.640762329,194.872528076,142.555114746,65.3843536377,-10.3664674759,95.030960083,-115.791267395],[1103.10070801,537.944030762,-56.8549461365,-31.6964035034,-54.7747154236,2.29808664322,-42.3943138123,-37.4138717651,-40.5954246521,-20.3099327087,-4.25537824631,-10.7955293655,-21.3453979492],[-17.5672645569,-56.8549461365,320.155059814,156.898468018,-0.39540874958,15.0505647659,21.2781085968,-8.13840961456,-1.88213896751,2.72173023224,-10.4433555603,11.8905830383,17.1056251526],[774.829650879,-31.6964035034,156.898468018,338.021362305,104.410446167,76.5505905151,34.5549583435,67.6347732544,48.2983016968,14.991186142,-5.0533747673,28.5987472534,3.04560160637],[-16.8333053589,-54.7747154236,-0.39540874958,104.410446167,150.360443115,53.2642745972,17.1439857483,34.6631584167,38.8984375,9.69464683533,0.131968855858,10.8314838409,2.42050290108],[414.873840332,2.29808664322,15.0505647659,76.5505905151,53.2642745972,186.322189331,103.357208252,56.3475341797,34.754940033,34.946849823,18.6586170197,-0.317830383778,-19.4943714142],[130.640762329,-42.3943138123,21.2781085968,34.5549583435,17.1439857483,103.357208252,145.054122925,65.6105957031,15.6966552734,28.6164836884,23.6012783051,5.00998163223,-13.1137113571],[194.872528076,-37.4138717651,-8.13840961456,67.6347732544,34.6631584167,56.3475341797,65.6105957031,110.420623779,55.6259498596,10.7745218277,9.75904273987,6.85564041138,-3.25700449944],[142.555114746,-40.5954246521,-1.88213896751,48.2983016968,38.8984375,34.754940033,15.6966552734,55.6259498596,95.6326293945,34.6732254028,-4.97910308838,-2.43721795082,8.15331268311],[65.3843536377,-20.3099327087,2.72173023224,14.991186142,9.69464683533,34.946849823,28.6164836884,10.7745218277,34.6732254028,77.2829971313,28.6170425415,-6.26932430267,-6.72999715805],[-10.3664674759,-4.25537824631,-10.4433555603,-5.0533747673,0.131968855858,18.6586170197,23.6012783051,9.75904273987,-4.97910308838,28.6170425415,80.7368011475,21.0421047211,-17.7614078522],[95.030960083,-10.7955293655,11.8905830383,28.5987472534,10.8314838409,-0.317830383778,5.00998163223,6.85564041138,-2.43721795082,-6.26932430267,21.0421047211,71.1038665771,21.2377948761],[-115.791267395,-21.3453979492,17.1056251526,3.04560160637,2.42050290108,-19.4943714142,-13.1137113571,-3.25700449944,8.15331268311,-6.72999715805,-17.7614078522,21.2377948761,69.6061325073]],"icov":[[0.000167449208675,-0.000315215293085,0.000254889804637,-0.000572943419684,0.000448362960014,-0.000232868580497,-0.0000474737171317,0.000112067391456,-0.000251484656474,-0.0000267007872026,0.000172490326804,-0.000287938135443,0.000218555534957],[-0.000315215293085,0.00277287047356,0.0000898076978046,0.000641355640255,0.000233376922552,-0.000532644335181,0.00109104556032,0.000059761263401,0.00110038835555,0.000311025039991,-0.000245740753599,0.000591080577578,-0.0000149901188706],[0.000254889804637,0.0000898076978046,0.00554180704057,-0.00436641881242,0.00276238098741,0.00000605932382314,-0.00192914693616,0.00328438403085,-0.000903960259166,0.000664962106384,0.000119466887554,0.000152898282977,-0.000869403476827],[-0.000572943419684,0.000641355640255,-0.00436641881242,0.0087049305439,-0.00518038589507,-0.000472849234939,0.00238421349786,-0.00472557684407,0.00179914722685,-0.00150454812683,0.0010562078096,-0.00137982820161,0.000545817543752],[0.000448362960014,0.000233376922552,0.00276238098741,-0.00518038589507,0.0117910886183,-0.00291945575736,0.000533790735062,0.00170510122553,-0.00325485761277,0.00139355007559,-0.0000162375927175,-0.000975316390395,0.000127359249745],[-0.000232868580497,-0.000532644335181,0.00000605932382314,-0.000472849234939,-0.00291945575736,0.0115087134764,-0.00771798891947,0.00117152009625,-0.00184895051643,-0.000808441080153,-0.000481092691189,0.00102681899443,0.00109632103704],[-0.0000474737171317,0.00109104556032,-0.00192914693616,0.00238421349786,0.000533790735062,-0.00771798891947,0.0175376869738,-0.0108528193086,0.0071235569194,-0.00509630702436,0.000577456434257,-0.00121784792282,0.000433278968558],[0.000112067391456,0.000059761263401,0.00328438403085,-0.00472557684407,0.00170510122553,0.00117152009625,-0.0108528193086,0.0240145102143,-0.0143274767324,0.00862246006727,-0.00395204219967,0.000779086956754,0.000217996843276],[-0.000251484656474,0.00110038835555,-0.000903960259166,0.00179914722685,-0.00325485761277,-0.00184895051643,0.0071235569194,-0.0143274767324,0.0245344303548,-0.0124377934262,0.00546083413064,0.000141886601341,-0.00239672488533],[-0.0000267007872026,0.000311025039991,0.000664962106384,-0.00150454812683,0.00139355007559,-0.000808441080153,-0.00509630702436,0.00862246006727,-0.0124377934262,0.0238067433238,-0.0101122818887,0.00491199735552,-0.00119854614604],[0.000172490326804,-0.000245740753599,0.000119466887554,0.0010562078096,-0.0000162375927175,-0.000481092691189,0.000577456434257,-0.00395204219967,0.00546083413064,-0.0101122818887,0.0205661505461,-0.00904953759164,0.00631733238697],[-0.000287938135443,0.000591080577578,0.000152898282977,-0.00137982820161,-0.000975316390395,0.00102681899443,-0.00121784792282,0.000779086956754,0.000141886601341,0.00491199735552,-0.00904953759164,0.0208439566195,-0.00835706945509],[0.000218555534957,-0.0000149901188706,-0.000869403476827,0.000545817543752,0.000127359249745,0.00109632103704,0.000433278968558,0.000217996843276,-0.00239672488533,-0.00119854614604,0.00631733238697,-0.00835706945509,0.0196364503354]],"mean":[-614.906616211,83.0512924194,-13.2983140945,26.3298912048,-2.12334370613,16.8778152466,4.54631519318,10.1815319061,7.81169366837,2.61153626442,-0.00931334216148,0.185556143522,-7.59462547302]},"pitch_salience":{"dmean":0.0645874515176,"dmean2":0.105965442955,"dvar":0.00379318161868,"dvar2":0.00939440261573,"max":0.905277311802,"mean":0.521828591824,"median":0.526145458221,"min":0.159413024783,"var":0.0142907546833},"silence_rate_20dB":{"dmean":0,"dmean2":0,"dvar":0,"dvar2":0,"max":1,"mean":1,"median":1,"min":1,"var":0},"silence_rate_30dB":{"dmean":0,"dmean2":0,"dvar":0,"dvar2":0,"max":1,"mean":1,"median":1,"min":1,"var":0},"silence_rate_60dB":{"dmean":0.0020690546371,"dmean2":0.00413864478469,"dvar":0.00206431816332,"dvar2":0.00515612168238,"max":1,"mean":0.0668476819992,"median":0,"min":0,"var":0.0623806230724},"spectral_centroid":{"dmean":275.900726318,"dmean2":437.724243164,"dvar":88456.421875,"dvar2":206660.234375,"max":11532.0595703,"mean":2221.55786133,"median":2132.92236328,"min":560.956420898,"var":1152754.125},"spectral_complexity":{"dmean":3.46437335014,"dmean2":5.50491476059,"dvar":11.3938484192,"dvar2":25.2777023315,"max":59,"mean":26.193561554,"median":27,"min":0,"var":89.770362854},"spectral_contrast_coeffs":{"dmean":[0.0509846545756,0.0446738228202,0.0370520576835,0.0318668149412,0.0221807025373,0.0149026336148],"dmean2":[0.0854862257838,0.0744986012578,0.0621504001319,0.0514903180301,0.0357159748673,0.0238511357456],"dvar":[0.00191585405264,0.00135884783231,0.000873855431564,0.000716640322935,0.000325215631165,0.000153722285177],"dvar2":[0.00505838450044,0.00363334268332,0.00236331298947,0.00175738940015,0.000823102891445,0.000387580104871],"max":[-0.304798543453,-0.478804081678,-0.498821228743,-0.525171816349,-0.587645590305,-0.604759216309],"mean":[-0.62598413229,-0.773554444313,-0.771142840385,-0.758379817009,-0.759944736958,-0.707628548145],"median":[-0.62474489212,-0.777632832527,-0.77527487278,-0.765837669373,-0.758311986923,-0.699560403824],"min":[-0.980257689953,-0.975941598415,-0.980149507523,-0.97623282671,-0.980628073215,-0.965017855167],"var":[0.00882478989661,0.00463480874896,0.00383202848025,0.00430166441947,0.00213985680602,0.00223400979303]},"spectral_contrast_valleys":{"dmean":[0.421216160059,0.399483859539,0.30098003149,0.266473293304,0.173620685935,0.154154777527],"dmean2":[0.699208199978,0.662929177284,0.493845105171,0.427214562893,0.278361022472,0.23861785233],"dvar":[0.136039465666,0.161144584417,0.0931544005871,0.0787669122219,0.0509973838925,0.0480665192008],"dvar2":[0.313897192478,0.375508606434,0.187793388963,0.153526678681,0.08761575073,0.0857866108418],"max":[-5.54609251022,-4.57674884796,-5.07691335678,-5.70647287369,-5.50608062744,-7.81413125992],"mean":[-7.75788974762,-7.28466129303,-7.35156297684,-7.65563774109,-7.41256999969,-9.97076034546],"median":[-7.25852870941,-6.90183258057,-6.98141670227,-7.27691555023,-6.9467420578,-9.55987453461],"min":[-28.3046302795,-28.1874217987,-27.8365898132,-27.6731777191,-27.5312156677,-27.3854293823],"var":[6.11619520187,6.11066579819,5.98382282257,5.83403730392,5.99411201477,4.6687836647]},"spectral_decrease":{"dmean":1.74204672909e-9,"dmean2":2.844570135e-9,"dvar":5.13481505588e-18,"dvar2":1.32664806556e-17,"max":1.26030021634e-15,"mean":-6.26873708498e-9,"median":-6.17060802455e-9,"min":-2.1856015664e-8,"var":1.18795973806e-17},"spectral_energy":{"dmean":0.00683746766299,"dmean2":0.0110901976004,"dvar":0.0000779856709414,"dvar2":0.000198862704565,"max":0.0884861126542,"mean":0.0263118688017,"median":0.0261013023555,"min":9.8435470324e-21,"var":0.000193703715922},"spectral_energyband_high":{"dmean":0.000403966667363,"dmean2":0.000629034417216,"dvar":2.96183628734e-7,"dvar2":7.46281330066e-7,"max":0.0119201140478,"mean":0.00172735727392,"median":0.00159481586888,"min":7.03050044736e-21,"var":0.00000118712091535},"spectral_energyband_low":{"dmean":0.00461527984589,"dmean2":0.00780574092641,"dvar":0.0000418206655013,"dvar2":0.000115310445835,"max":0.0646573156118,"mean":0.0112811336294,"median":0.00912270694971,"min":1.23198379721e-23,"var":0.0000965424696915},"spectral_energyband_middle_high":{"dmean":0.00209494912997,"dmean2":0.00311945797876,"dvar":0.00000727613860363,"dvar2":0.0000150690657392,"max":0.0659074783325,"mean":0.00833458732814,"median":0.0067272093147,"min":1.14205824203e-21,"var":0.0000412327244703},"spectral_energyband_middle_low":{"dmean":0.00350252818316,"dmean2":0.00567318312824,"dvar":0.0000374893752451,"dvar2":0.0000929683446884,"max":0.0645987540483,"mean":0.00740931509063,"median":0.00585144478828,"min":1.85728995007e-22,"var":0.0000496397806273},"spectral_entropy":{"dmean":0.0860495045781,"dmean2":0.137137830257,"dvar":0.00654641911387,"dvar2":0.0158218853176,"max":9.82603931427,"mean":7.86302232742,"median":7.87432575226,"min":6.48195028305,"var":0.0984221696854},"spectral_flux":{"dmean":0.0212330073118,"dmean2":0.0340501777828,"dvar":0.000617980665993,"dvar2":0.00140593526885,"max":0.271608173847,"mean":0.0812131240964,"median":0.0763152614236,"min":6.39826108761e-11,"var":0.0015665696701},"spectral_kurtosis":{"dmean":0.725775897503,"dmean2":1.24366641045,"dvar":0.574114859104,"dvar2":1.68283438683,"max":17.0456485748,"mean":2.537119627,"median":2.21293520927,"min":-1.25931608677,"var":2.40662074089},"spectral_rms":{"dmean":0.000614041928202,"dmean2":0.00098229397554,"dvar":5.18915499015e-7,"dvar2":0.00000129164163809,"max":0.00929128192365,"mean":0.00479386607185,"median":0.00504625448957,"min":3.09894492879e-12,"var":0.0000026890306799},"spectral_rolloff":{"dmean":602.858276367,"dmean2":1007.56396484,"dvar":653938.9375,"dvar2":1516284.375,"max":21813.1347656,"mean":2734.09277344,"median":2325.5859375,"min":107.666015625,"var":7336274},"spectral_skewness":{"dmean":0.127005442977,"dmean2":0.201816752553,"dvar":0.0118168918416,"dvar2":0.029993891716,"max":2.69508123398,"mean":1.05880904198,"median":1.01627779007,"min":-0.062302492559,"var":0.107295125723},"spectral_spread":{"dmean":318427.1875,"dmean2":495210.84375,"dvar":279006347264,"dvar2":519708180480,"max":42562384,"mean":4918064.5,"median":4398502,"min":1803010.125,"var":16673142734800},"spectral_strongpeak":{"dmean":0.694104194641,"dmean2":1.21408104897,"dvar":2.073595047,"dvar2":5.14094209671,"max":17.0305156708,"mean":1.10592579842,"median":0.558360934258,"min":0,"var":3.05895757675},"zerocrossingrate":{"dmean":0.00982927251607,"dmean2":0.0119749521837,"dvar":0.000112852358143,"dvar2":0.000145683778101,"max":0.88916015625,"mean":0.0930933430791,"median":0.08203125,"min":0.01513671875,"var":0.00511264242232}},"metadata":{"audio_properties":{"analysis_sample_rate":44100,"bit_rate":0,"codec":"flac","downmix":"mix","equal_loudness":0,"length":179.546661377,"lossless":true,"md5_encoded":"0dec7cb7a8be2d728af594cb5a62d995","replay_gain":-13.2452507019,"sample_rate":44100},"tags":{"acoustid_id":["673cd252-bd5d-43e6-b32f-41b367331833"],"album":["Revolver"],"album artist":["The Beatles"],"albumartist":["The Beatles"],"albumartistsort":["Beatles, The"],"artist":["The Beatles"],"artistsort":["Beatles, The"],"catalognumber":["PMC 7009"],"date":["1966-08-05"],"disc":["1"],"discnumber":["1"],"disctotal":["1"],"encoder":["reference libFLAC 1.2.0 20070715"],"engineer":["Geoff Emerick"],"ensemble":["The Beatles"],"file_name":"14. The Beatles - Tomorrow Never Knows.flac","genre":["Classic Rock"],"label":["Parlophone"],"language":["eng"],"media":["12\" Vinyl"],"musicbrainz_albumartistid":["b10bbbfc-cf9e-42e0-be17-e2c3e1d2600d"],"musicbrainz_albumid":["5f3ba07b-4a24-4cd5-b8ad-95ba0fcebec1"],"musicbrainz_artistid":["b10bbbfc-cf9e-42e0-be17-e2c3e1d2600d"],"musicbrainz_recordingid":["3db1ed20-fff9-491f-a7b1-0ea2f76ff9cd"],"musicbrainz_workid":["47f9b6cc-013a-33a5-a7fe-d3f3dc1a691f"],"originaldate":["1966-08-05"],"performer":["John Lennon (lead vocals vocal)"],"producer":["George Martin"],"releasecountry":["GB"],"releasestatus":["official"],"releasetype":["album"],"replaygain_album_gain":["-7.28000020980835 dB"],"replaygain_track_gain":["-7.71000003814697 dB"],"replaygain_track_peak":["0.958282470703125"],"script":["Latn"],"title":["Tomorrow Never Knows"],"totaldiscs":["1"],"totaltracks":["14"],"tracknumber":["14"],"tracktotal":["14"],"writer":["John Lennon","Paul McCartney"]},"version":{"essentia":"2.1-beta1","essentia_build_sha":"ca57ba49d9b1854bd80e60cf9ccf267278fb7d6b","essentia_git_sha":"v2.1_beta1-28-g21ef5f4-dirty","extractor":"music 1.0"}},"rhythm":{"beats_count":378,"beats_loudness":{"dmean":0.0142529793084,"dmean2":0.0221497230232,"dvar":0.000136096539791,"dvar2":0.000337490957463,"max":0.07990764081