{"lowlevel":{"average_loudness":0.951326608658,"barkbands":{"dmean":[0.0000286637568934,0.000590067764279,0.000827756768558,0.00160795031115,0.00324033922516,0.00178189401049,0.00116143957712,0.000598943210207,0.000681704259478,0.000405413185945,0.000579917919822,0.000452936714282,0.000456496403785,0.000413491739891,0.000566829054151,0.000433338194853,0.000320704741171,0.000254110986134,0.000190575228771,0.000137889655889,0.0000760707189329,0.0000537666346645,0.0000403823396482,0.0000232658549066,0.000007163207556,7.75502769557e-7,1.9690075348e-8],"dmean2":[0.0000477512985526,0.000919426733162,0.00141195184551,0.00276247551665,0.00508294301108,0.00276308599859,0.00181471719407,0.000914522213861,0.00101281737443,0.000598857761361,0.000845531292725,0.000679495453369,0.000696479168255,0.000650825386401,0.000888216192834,0.000669723202009,0.000502835027874,0.000396740942961,0.000286529073492,0.000210493424674,0.000118901079986,0.0000822451038403,0.00006245754048,0.000036983674363,0.0000107762534753,0.0000011626293599,3.00396827413e-8],"dvar":[6.19780715638e-9,0.00000128231249619,0.00000135651350774,0.00000465679204353,0.0000192920197151,0.00000719907257007,0.0000038829539335,0.00000181380528375,0.00000223183928938,9.43670386278e-7,0.00000159768615049,9.51288370743e-7,8.11839811377e-7,8.25040956443e-7,0.00000166228937815,0.00000104119942534,3.91961378909e-7,1.58768401093e-7,7.94361909584e-8,5.14463742718e-8,1.42241907142e-8,1.52157078048e-8,1.8668115942e-8,1.28598554028e-8,6.17577433637e-10,1.57087992787e-12,2.61618407737e-15],"dvar2":[1.65634013172e-8,0.00000298826716971,0.00000375784088646,0.0000131324441099,0.0000476625464216,0.0000180656443263,0.00000915448254091,0.00000405341006626,0.00000476737159261,0.00000193526511794,0.00000323358744936,0.00000188813373825,0.00000173253249613,0.00000190299658698,0.00000373467378267,0.00000217303158934,9.32999967063e-7,3.54315801587e-7,1.77300606197e-7,1.16755735746e-7,3.23338014141e-8,3.07876888428e-8,4.32559836838e-8,3.10791072877e-8,1.45518641581e-9,3.32999166436e-12,7.14056059019e-15],"max":[0.000936128082685,0.0172315556556,0.0126775167882,0.0332628712058,0.0833446085453,0.038373850286,0.037365783006,0.0238857790828,0.0316805206239,0.0268189460039,0.0295955911279,0.0313500538468,0.0186851415783,0.0192595813423,0.0404936894774,0.031579669565,0.0129541307688,0.00911377556622,0.0045548863709,0.00609764875844,0.00245524127968,0.00688842078671,0.00296116294339,0.00250776857138,0.000734320026822,0.0000211080005101,0.00000248369633482],"mean":[0.0000263351921603,0.000837656669319,0.00118048815057,0.00224085408263,0.00644464464858,0.00362942600623,0.00235989084467,0.0010751230875,0.00124587561004,0.000797657354269,0.00124000618234,0.000748052669223,0.000769684265833,0.000623601023108,0.000852471916005,0.000653309223708,0.000532053469215,0.000493008876219,0.00034736879752,0.000265950307949,0.000160531984875,0.00011130337225,0.0000759340109653,0.0000349969741364,0.0000139400626722,0.00000181774748853,3.98052613093e-8],"median":[0.00000507651657244,0.000372092908947,0.000709984626155,0.00145045260433,0.00435325969011,0.00205942965113,0.000910371425562,0.00041945616249,0.000358466611942,0.000216258107685,0.000191440543858,0.0002234713902,0.000193312851479,0.000151734639076,0.000235194544075,0.000148368766531,0.000219610912609,0.00027033771039,0.000207408607821,0.000141822500154,0.000116240385978,0.0000712785767973,0.0000473769359814,0.000018304475816,0.00000893277774594,0.00000129209774968,2.38977104772e-8],"min":[6.19465095397e-24,2.7674806444e-24,4.71033106356e-24,5.47382299093e-24,3.13509069398e-23,3.47931835413e-23,1.89963937978e-23,1.39587056534e-22,4.1917689299e-23,5.40513608306e-23,2.90226376206e-23,6.45026444868e-23,7.53644450472e-23,9.65322589505e-23,1.14657082933e-22,3.0787009601e-22,1.7792713541e-22,2.00872271866e-22,3.52714351983e-22,3.23108944946e-22,3.9189632846e-22,6.55017892036e-22,6.68294686128e-22,7.66074462336e-22,1.29181731283e-21,1.40765773761e-21,2.40952582948e-21],"var":[5.19040721514e-9,0.00000193945902538,0.00000180039694442,0.00000641015276415,0.0000469448823424,0.0000194746407942,0.0000130494172481,0.00000414586111219,0.00000650641140965,0.00000343499709743,0.00000743955797589,0.00000268014082394,0.00000242353189606,0.00000175188802132,0.0000030075000268,0.00000254011797551,8.27391033908e-7,4.54961991636e-7,1.74295550437e-7,1.24327868889e-7,2.97306375074e-8,3.96852755102e-8,2.25967049516e-8,1.2073347655e-8,7.06324387867e-10,3.88703522494e-12,3.1350260624e-15]},"barkbands_crest":{"dmean":2.60546278954,"dmean2":4.15292978287,"dvar":5.25213575363,"dvar2":13.0397558212,"max":24.2525749207,"mean":9.86345863342,"median":9.23962402344,"min":2.4919128418,"var":13.9305477142},"barkbands_flatness_db":{"dmean":0.0192116368562,"dmean2":0.0280007515103,"dvar":0.000326902780216,"dvar2":0.000671615824103,"max":0.359716683626,"mean":0.145403429866,"median":0.140801876783,"min":0.0190688688308,"var":0.00195635808632},"barkbands_kurtosis":{"dmean":2.46309375763,"dmean2":3.67940402031,"dvar":17.1553459167,"dvar2":34.3068504333,"max":186.205444336,"mean":3.59089922905,"median":1.70458555222,"min":-1.85771608353,"var":49.3112678528},"barkbands_skewness":{"dmean":0.51333373785,"dmean2":0.76090747118,"dvar":0.269390434027,"dvar2":0.568634033203,"max":7.61608457565,"mean":1.43162620068,"median":1.36269569397,"min":-9.3336057663,"var":1.37261819839},"barkbands_spread":{"dmean":4.56271696091,"dmean2":6.87575483322,"dvar":29.4027042389,"dvar2":64.0760040283,"max":99.0384521484,"mean":19.7349586487,"median":17.7093334198,"min":0.551170825958,"var":143.154815674},"dissonance":{"dmean":0.0173163134605,"dmean2":0.0286481268704,"dvar":0.000289636023808,"dvar2":0.000786697608419,"max":0.500000178814,"mean":0.463929355145,"median":0.4712934196,"min":0.25255599618,"var":0.00080629484728},"dynamic_complexity":3.70841169357,"erbbands":{"dmean":[0.0178026910871,0.140078708529,0.736117660999,3.3396115303,7.90497159958,12.6650362015,12.5877714157,16.3433628082,17.6628684998,13.4872245789,11.4276218414,16.6017494202,11.4479045868,13.0052814484,25.5019359589,17.5029449463,19.4041690826,19.7957324982,26.9886722565,25.8985671997,19.9568405151,16.4856834412,14.0184001923,11.576467514,7.64550971985,6.52823543549,3.92968916893,2.30812168121,2.00501251221,1.58393347263,1.11623358727,0.641429901123,0.318765342236,0.117923431098,0.0359326042235,0.00697782076895,0.000757615547627,0.0000673164104228,0.00000603724720349,0.000007669176739],"dmean2":[0.0259497370571,0.231419891119,1.24911236763,5.78965711594,12.6840906143,20.0339698792,19.6437664032,25.3883514404,27.6457767487,20.6925621033,17.2229309082,24.679769516,17.0909996033,19.1130256653,36.9392433167,25.9586620331,29.6630859375,30.7219905853,42.058681488,40.5241317749,30.6162433624,25.3907566071,21.6718101501,17.6818981171,11.5304384232,9.88228130341,6.21492147446,3.58238554001,3.07254433632,2.44039130211,1.72836136818,1.01962018013,0.506076693535,0.180585667491,0.0542113557458,0.0104180863127,0.00108540337533,0.0000955681607593,0.00000849079060572,0.0000115950570034],"dvar":[0.00222515850328,0.055518630892,0.944231271744,21.0626125336,112.515525818,375.038665771,429.59085083,712.882080078,847.348388672,528.043762207,799.49609375,1422.41809082,858.15637207,1095.10144043,2964.27539063,1513.36242676,1534.41601563,1813.94897461,3638.23901367,4700.07519531,2361.57983398,1040.2298584,537.210449219,272.433135986,131.797561646,129.073028564,34.8948936462,21.0359992981,19.6017494202,22.0452861786,12.9165039063,9.06382274628,2.13539409637,0.205792918801,0.0110419979319,0.0001519673242,0.00000151486381128,1.32540023401e-8,1.12255059415e-10,6.56176918357e-11],"dvar2":[0.00493896612898,0.142092481256,2.58101820946,60.3792762756,270.249145508,965.583374023,1060.00085449,1774.33740234,2010.81152344,1197.1171875,1701.39355469,3015.58007813,1870.32092285,2205.68798828,6072.01806641,3038.69677734,3258.41210938,4254.80273438,8091.38037109,11120.6650391,4861.5859375,2400.99902344,1208.23779297,616.735351563,299.649841309,280.989776611,81.2263641357,43.6193847656,38.8926315308,52.1663627625,29.9452838898,22.1914348602,5.14047384262,0.489216774702,0.0264194309711,0.000326701672748,0.00000308680751004,2.80355205717e-8,2.7038313255e-10,1.44822195902e-10],"max":[0.603222429752,3.85953235626,10.2918100357,56.8743095398,135.195007324,383.766540527,351.079406738,430.30166626,518.303039551,430.354187012,635.901428223,747.664245605,890.031921387,930.107849121,1256.72338867,1571.63903809,990.729553223,1002.65991211,2123.02929688,1951.51318359,1504.44970703,736.269897461,556.587158203,310.043945313,254.0362854,405.328277588,103.53553009,222.847503662,272.587432861,105.80255127,76.9199752808,62.0458564758,28.7486724854,10.4946432114,4.37628746033,0.304391443729,0.0229539014399,0.00217112805694,0.000427317572758,0.000123137244373],"mean":[0.0217964779586,0.207120254636,1.14117825031,4.76267576218,13.5747385025,23.0991191864,24.5151443481,33.4603309631,37.8954162598,28.1824245453,21.4087696075,31.1329231262,22.7343978882,26.9272651672,59.298915863,33.3530540466,34.4754600525,33.097240448,46.0090332031,38.9153862,32.0518569946,29.5503940582,28.965133667,21.580909729,15.2208490372,12.726764679,8.2430934906,4.68134641647,4.15780210495,3.01369047165,2.10686516762,1.01529407501,0.480735361576,0.207077071071,0.0749690309167,0.0162256918848,0.00189768406563,0.000166379322764,0.0000230540790653,0.0000324477005051],"median":[0.00484376773238,0.115057513118,0.758656203747,3.31091952324,8.36670303345,14.0428495407,14.9265899658,17.5992984772,15.8295927048,13.0750198364,9.38392543793,9.45011138916,7.67452335358,9.14539527893,10.9232444763,12.5377779007,10.2861223221,8.89984893799,13.9598293304,9.69770336151,9.72501850128,13.0541687012,14.8743658066,14.5730924606,10.138835907,6.70493125916,5.86277294159,3.09597611427,2.71396684647,1.87699747086,1.3240956068,0.562465369701,0.257287889719,0.124043807387,0.0511643104255,0.011571643874,0.00134357705247,0.000113120135211,0.0000211967926589,0.0000327744201059],"min":[1.72318889732e-22,4.40614383726e-22,3.87799759896e-21,1.5291220414e-20,1.06741635141e-19,5.16569251908e-20,2.25989388114e-19,2.5365961358e-19,3.25200422657e-19,1.18319211716e-18,2.60486267967e-18,1.28925952255e-18,1.23094463354e-18,1.87013645777e-18,1.55554829708e-18,2.29464492775e-18,3.73425517658e-18,4.07957371741e-18,5.04789284916e-18,1.19320770274e-17,1.49602479379e-17,1.11247661203e-17,8.72104212594e-18,1.76377008862e-17,1.54004949666e-17,1.53129494793e-17,1.74756446237e-17,1.4922052046e-17,2.01370568856e-17,2.21424851432e-17,1.87147611813e-17,1.85923946989e-17,1.19423415116e-17,1.25254666203e-17,9.51075311111e-18,5.65824874365e-18,2.90261771489e-18,1.00179637191e-18,2.78232254447e-19,3.74621859931e-20],"var":[0.0028417322319,0.080609574914,1.37389695644,25.2715244293,249.217391968,762.597351074,950.080871582,1965.26574707,2972.72314453,1758.86999512,1813.31201172,4016.28491211,2308.50805664,4037.38378906,16268.4951172,4810.52783203,4578.70117188,4092.45361328,7848.43847656,7584.33789063,5554.6484375,2353.63891602,1639.48583984,564.249206543,273.740264893,316.472961426,73.3060913086,55.2732505798,56.4332962036,28.2065105438,15.996881485,8.47564506531,2.04810094833,0.220026895404,0.0136284818873,0.000329645321472,0.00000413283351008,3.37223511337e-8,2.35001018645e-10,2.74908512621e-10]},"erbbands_crest":{"dmean":2.68676352501,"dmean2":4.21627235413,"dvar":6.58255767822,"dvar2":15.6555681229,"max":32.1678733826,"mean":9.66973590851,"median":8.6511182785,"min":2.29863834381,"var":22.4388866425},"erbbands_flatness_db":{"dmean":0.0141703654081,"dmean2":0.0206021312624,"dvar":0.000198346824618,"dvar2":0.000386393512599,"max":0.47715857625,"mean":0.183190584183,"median":0.181860953569,"min":0.0553628057241,"var":0.00192266434897},"erbbands_kurtosis":{"dmean":0.865119040012,"dmean2":1.31129741669,"dvar":1.84604251385,"dvar2":4.03767585754,"max":48.4706382751,"mean":0.461299628019,"median":-0.315981537104,"min":-1.78878855705,"var":7.71687364578},"erbbands_skewness":{"dmean":0.363771349192,"dmean2":0.542182207108,"dvar":0.121507622302,"dvar2":0.254563808441,"max":3.89690470695,"mean":0.29324477911,"median":0.290611088276,"min":-3.99620103836,"var":0.636871933937},"erbbands_spread":{"dmean":7.00155591965,"dmean2":10.6970367432,"dvar":53.0516471863,"dvar2":121.452804565,"max":129.504730225,"mean":38.0456504822,"median":36.7617301941,"min":0.99565076828,"var":291.880401611},"gfcc":{"cov":[[15221.7558594,1329.39099121,-1472.66235352,-76.5820083618,-370.299926758,-112.594680786,-344.267486572,-381.16696167,-254.142044067,-332.25970459,92.3718643188,-244.857513428,66.3670272827],[1329.39099121,1119.47070313,-25.3777008057,-132.891174316,58.4843330383,-227.466751099,135.026672363,-68.3488845825,-6.28753948212,-188.165359497,127.93862915,-135.969543457,16.194437027],[-1472.66235352,-25.3777008057,684.067443848,133.915634155,-75.1524658203,14.1855478287,-33.1445770264,67.7948532104,-51.1845054626,63.9257926941,-2.93349528313,58.5489044189,-30.3712158203],[-76.5820083618,-132.891174316,133.915634155,271.796661377,68.9757995605,-28.9261245728,-95.8564147949,5.95818376541,41.4783287048,18.1462955475,-31.5045261383,7.22228336334,14.2877378464],[-370.299926758,58.4843330383,-75.1524658203,68.9757995605,216.602996826,17.8501815796,15.4495697021,3.02572536469,54.9469451904,-5.64283275604,-12.3195400238,-23.0066337585,20.514995575],[-112.594680786,-227.466751099,14.1855478287,-28.9261245728,17.8501815796,248.708007813,60.4533042908,25.2407207489,-42.1370239258,60.565952301,-18.7248535156,34.3143959045,-12.728269577],[-344.267486572,135.026672363,-33.1445770264,-95.8564147949,15.4495697021,60.4533042908,205.479873657,36.1942176819,-23.3163127899,-29.1853141785,38.6377754211,-4.19440603256,-1.88764572144],[-381.16696167,-68.3488845825,67.7948532104,5.95818376541,3.02572536469,25.2407207489,36.1942176819,109.983612061,33.7693824768,28.8436565399,-10.0012025833,17.6652641296,0.252828299999],[-254.142044067,-6.28753948212,-51.1845054626,41.4783287048,54.9469451904,-42.1370239258,-23.3163127899,33.7693824768,149.664886475,33.2970581055,-12.4192333221,-12.0750017166,18.2697181702],[-332.25970459,-188.165359497,63.9257926941,18.1462955475,-5.64283275604,60.565952301,-29.1853141785,28.8436565399,33.2970581055,130.866668701,3.49853610992,29.4287948608,-9.12696361542],[92.3718643188,127.93862915,-2.93349528313,-31.5045261383,-12.3195400238,-18.7248535156,38.6377754211,-10.0012025833,-12.4192333221,3.49853610992,87.6622467041,18.1348361969,-3.74691390991],[-244.857513428,-135.969543457,58.5489044189,7.22228336334,-23.0066337585,34.3143959045,-4.19440603256,17.6652641296,-12.0750017166,29.4287948608,18.1348361969,93.6045532227,16.955991745],[66.3670272827,16.194437027,-30.3712158203,14.2877378464,20.514995575,-12.728269577,-1.88764572144,0.252828299999,18.2697181702,-9.12696361542,-3.74691390991,16.955991745,59.2819442749]],"icov":[[0.000357457669452,-0.0013862256892,0.00154217809904,-0.00142352248076,0.00167425279506,-0.00121414789464,0.0012713058386,-0.000605972658377,0.000988918822259,-0.000680930505041,0.000865858106408,-0.000763807795011,0.000178258123924],[-0.0013862256892,0.00866452045739,-0.00741439918056,0.00741525040939,-0.00785563327372,0.00609977869317,-0.00551022356376,0.00325095793232,-0.00458503747359,0.00587047729641,-0.00837883818895,0.00772474892437,-0.00298409233801],[0.00154217809904,-0.00741439918056,0.00951891206205,-0.00842813402414,0.00851746276021,-0.00534112099558,0.00543295079842,-0.00436378503218,0.00594372581691,-0.00530411629006,0.0061009041965,-0.00617761956528,0.00280841859058],[-0.00142352248076,0.00741525040939,-0.00842813402414,0.0129129393026,-0.00978986360133,0.00571642490104,-0.00274896714836,0.00290619907901,-0.00526871299371,0.00510928593576,-0.00578742101789,0.0055059986189,-0.00287708733231],[0.00167425279506,-0.00785563327372,0.00851746276021,-0.00978986360133,0.0150306075811,-0.00760222179815,0.00496183522046,-0.0027866801247,0.00288253719918,-0.00393598666415,0.00585005246103,-0.0039597004652,0.000338912184816],[-0.00121414789464,0.00609977869317,-0.00534112099558,0.00571642490104,-0.00760222179815,0.0118919797242,-0.00753385201097,0.0024944273755,-0.000552215788048,-0.000835789251141,-0.001126715797,0.00197246554308,-0.0000814490631456],[0.0012713058386,-0.00551022356376,0.00543295079842,-0.00274896714836,0.00496183522046,-0.00753385201097,0.0138637544587,-0.00638046814129,0.00386381009594,0.000619274331257,-0.00101371586788,-0.00154791667592,-0.0000547949530301],[-0.000605972658377,0.00325095793232,-0.00436378503218,0.00290619907901,-0.0027866801247,0.0024944273755,-0.00638046814129,0.014915259555,-0.00585837522522,0.000364344479749,0.000612638657913,-0.0000468054749945,0.00000103697391296],[0.000988918822259,-0.00458503747359,0.00594372581691,-0.00526871299371,0.00288253719918,-0.000552215788048,0.00386381009594,-0.00585837522522,0.0143608916551,-0.00719707785174,0.0044944928959,-0.0017211753875,-0.00126522255596],[-0.000680930505041,0.00587047729641,-0.00530411629006,0.00510928593576,-0.00393598666415,-0.000835789251141,0.000619274331257,0.000364344479749,-0.00719707785174,0.0175436809659,-0.00983791984618,0.00453637074679,-0.00058966135839],[0.000865858106408,-0.00837883818895,0.0061009041965,-0.00578742101789,0.00585005246103,-0.001126715797,-0.00101371586788,0.000612638657913,0.0044944928959,-0.00983791984618,0.0261692572385,-0.014130464755,0.00633464939892],[-0.000763807795011,0.00772474892437,-0.00617761956528,0.0055059986189,-0.0039597004652,0.00197246554308,-0.00154791667592,-0.0000468054749945,-0.0017211753875,0.00453637074679,-0.014130464755,0.0246175657958,-0.0107078030705],[0.000178258123924,-0.00298409233801,0.00280841859058,-0.00287708733231,0.000338912184816,-0.0000814490631456,-0.0000547949530301,0.00000103697391296,-0.00126522255596,-0.00058966135839,0.00633464939892,-0.0107078030705,0.0232420582324]],"mean":[-22.5629463196,110.193565369,-140.733474731,43.3619003296,-69.5268783569,0.678156971931,-46.3432731628,-5.00239706039,-26.4409122467,-7.31427335739,-10.7453622818,-6.0104675293,-8.39467430115]},"hfc":{"dmean":5.52229404449,"dmean2":7.95233821869,"dvar":55.0407829285,"dvar2":111.041015625,"max":146.249465942,"mean":20.9843330383,"median":19.2290897369,"min":1.15542427611e-16,"var":200.456420898},"melbands":{"dmean":[0.000155586982146,0.000305112422211,0.000651885580737,0.000735355424695,0.000465181074105,0.000352786853909,0.00026258622529,0.000145873564179,0.0000969825050561,0.000102516518382,0.0000576905840717,0.0000524776041857,0.0000826460163807,0.0000592733413214,0.0000428795428888,0.0000441300908278,0.0000382363359677,0.0000456301349914,0.0000393245754822,0.0000335476615874,0.0000242177720793,0.0000176424546225,0.0000180816314241,0.0000110622459033,0.0000102128988146,0.00000686455950927,0.0000057302654568,0.00000432632032243,0.00000297928477266,0.0000018651209075,0.00000130941771204,0.0000012037222632,0.00000114122497052,8.56613667111e-7,7.08778600256e-7,5.46054138795e-7,3.60293199719e-7,2.61336509766e-7,1.40489916589e-7,8.88413111966e-8],"dmean2":[0.000230667923461,0.000519816065207,0.00110359652899,0.00116507767234,0.000723293574993,0.000547551724594,0.000409597385442,0.000223795781494,0.000145723912283,0.000152804350364,0.0000865134497872,0.0000778799803811,0.00012021150178,0.0000857473787619,0.0000660267614876,0.000068081288191,0.0000600444727752,0.0000713397748768,0.0000622497464065,0.000051877254009,0.0000375312520191,0.0000276201790257,0.0000280091589957,0.0000172831805685,0.0000157404756465,0.0000105418421299,0.00000891753097676,0.00000665526704324,0.00000481605729874,0.00000297362839774,0.00000205996639124,0.00000188578042071,0.00000177778838406,0.00000135045104344,0.00000111376903078,8.57721488501e-7,5.83123721754e-7,4.22702214564e-7,2.2033465541e-7,1.37607088391e-7],"dvar":[1.23825898868e-7,1.50498010498e-7,7.03036846517e-7,0.0000010600602991,5.25036625731e-7,3.06416609419e-7,1.87766715953e-7,6.44825774998e-8,5.18944247574e-8,5.31315009766e-8,2.20510703031e-8,1.9655363559e-8,3.27669695821e-8,1.48196503957e-8,7.8892483657e-9,8.34096791635e-9,7.98876431674e-9,1.1665702182e-8,9.00258179115e-9,6.94953827818e-9,3.96020860549e-9,1.22547183512e-9,1.3198168114e-9,3.11914605255e-10,2.29420496489e-10,1.10804920794e-10,8.94239404747e-11,6.5032645935e-11,2.0722567759e-11,9.1951515846e-12,8.66373639496e-12,9.14484720588e-12,5.84515899224e-12,8.66350394202e-12,4.91695009361e-12,3.81583133147e-12,3.61483152439e-12,1.35489145944e-12,3.81997412218e-13,9.74308321197e-14],"dvar2":[2.75310355846e-7,4.10417726471e-7,0.0000019703675207,0.00000258663044406,0.0000012985677813,7.63759373967e-7,4.4593539883e-7,1.45940589391e-7,1.10376475959e-7,1.13589891271e-7,4.75857078186e-8,3.95138819442e-8,6.69164776923e-8,2.88020753914e-8,1.70393210652e-8,1.83774844231e-8,1.88834299308e-8,2.58079477788e-8,2.15735518339e-8,1.5250634533e-8,8.57412540967e-9,2.87084600537e-9,2.98778601859e-9,7.36543548374e-10,5.25423426989e-10,2.5337992815e-10,2.17336815211e-10,1.37454977955e-10,4.92427799925e-11,2.24843876157e-11,1.62719438618e-11,1.89741555801e-11,1.33151415241e-11,2.09983575666e-11,1.16324354663e-11,9.18323229959e-12,9.03512334394e-12,3.25766020062e-12,9.32725359622e-13,2.30443864945e-13],"max":[0.00516757182777,0.00481413537636,0.0116715570912,0.0138090588152,0.0159793179482,0.00876500364393,0.00757157476619,0.00528292637318,0.00464287539944,0.00506440503523,0.00455081881955,0.00421749334782,0.00383897894062,0.00361558841541,0.00267309951596,0.00176193367224,0.00229021999985,0.00390604883432,0.0020590708591,0.0021103345789,0.00204153428786,0.000639160862193,0.000734644068871,0.000367607543012,0.000303555803839,0.000184421325685,0.000160093361046,0.000298928905977,0.0000818550252006,0.000046807963372,0.000187988975085,0.000220988295041,0.0000602972359047,0.0000715048590791,0.0000486439639644,0.0000418779345637,0.000043502808694,0.0000212265022128,0.0000126972254293,0.00000760161765356],"mean":[0.0002093725343,0.00048187590437,0.00105486507528,0.00137356319465,0.000941259087995,0.000729355670046,0.000560762477107,0.000292497279588,0.00017593758821,0.000189365862752,0.000108658532554,0.000100410463347,0.000180825227289,0.000116551207611,0.0000712331238901,0.0000742296542739,0.0000585481684539,0.0000746614678064,0.000055421704019,0.0000492782637593,0.0000358741599484,0.0000288544815703,0.0000329889444401,0.0000209861882468,0.0000172992677108,0.0000120869235616,0.0000102453868749,0.00000783735322329,0.0000056163876252,0.00000357600083589,0.00000235522679759,0.00000229624720305,0.00000221689583668,0.00000146031732129,0.00000126186125726,9.47102535065e-7,4.90863499181e-7,3.76066168428e-7,2.16943689679e-7,1.55777001964e-7],"median":[0.000074476840382,0.000334750569891,0.000782587216236,0.000891122967005,0.000588899245486,0.000400354882004,0.000232014179346,0.000133416571771,0.0000661888334434,0.0000536123734491,0.000031995568861,0.0000266566803475,0.0000297954611597,0.0000309342394758,0.0000232569018408,0.0000180875085789,0.0000126878458104,0.0000196703476831,0.0000157042759383,0.00000915228338272,0.0000110050841613,0.0000123910722323,0.0000130128519231,0.0000120171789604,0.0000105029148472,0.00000711687380317,0.00000606273397352,0.00000354793974111,0.00000369972144654,0.00000252908535003,0.00000136571213716,0.00000140423310313,0.00000141202986015,8.52871949064e-7,7.77238312821e-7,5.79947140977e-7,2.31068696621e-7,1.96866423607e-7,1.17360215768e-7,9.33454273877e-8],"min":[1.49735088648e-24,1.47543544307e-24,5.35264961716e-24,5.8804318782e-24,6.69675224267e-24,5.94158122013e-24,4.46046252728e-24,1.88492538841e-23,1.91968701751e-23,6.99831010091e-24,5.94288560163e-24,7.86374100103e-24,4.32130154714e-24,7.76759226732e-24,4.9040275758e-24,8.84676976288e-24,7.57766690464e-24,8.28096480064e-24,1.05021154864e-23,2.04974225511e-23,1.66216747708e-23,1.07220641063e-23,9.88244079066e-24,7.66145103253e-24,1.56533779864e-23,1.03724732964e-23,1.12675614222e-23,9.95147321961e-24,1.18346356617e-23,9.68184213993e-24,7.91817477008e-24,9.29607969095e-24,1.71084950349e-23,1.01297865498e-23,1.0802979147e-23,1.11594141142e-23,1.16682593747e-23,8.01181255953e-24,8.38067760792e-24,1.13496739539e-23],"var":[1.76791118633e-7,2.27893806937e-7,9.91675506157e-7,0.00000243953877543,0.00000124635016618,8.63011621277e-7,6.65428615321e-7,2.0163243164e-7,1.28777202235e-7,1.4669357995e-7,5.81857335646e-8,7.21891382227e-8,1.53537641268e-7,5.4471538391e-8,2.06872030617e-8,2.49172842359e-8,1.6643641132e-8,2.45238691576e-8,1.40243123781e-8,1.59230033603e-8,8.54477821832e-9,2.40149078401e-9,3.48853523846e-9,7.01230906675e-10,4.46860465297e-10,2.37935254832e-10,1.61994195835e-10,1.61575530733e-10,4.24866183901e-11,1.54389365875e-11,2.72809518032e-11,2.58507850542e-11,1.04643689547e-11,9.55479358827e-12,5.89469879159e-12,4.14113708602e-12,3.11967856062e-12,1.29397111515e-12,3.67925362486e-13,1.08365275303e-13]},"melbands_crest":{"dmean":3.12809920311,"dmean2":5.0691037178,"dvar":7.64420175552,"dvar2":19.8097019196,"max":30.3090000153,"mean":12.6617336273,"median":11.9827432632,"min":1.0014295578,"var":18.7713756561},"melbands_flatness_db":{"dmean":0.023439919576,"dmean2":0.0345346033573,"dvar":0.000507941935211,"dvar2":0.00105364853516,"max":0.436151951551,"mean":0.190575033426,"median":0.186106294394,"min":-3.71031262603e-7,"var":0.00263710715808},"melbands_kurtosis":{"dmean":5.45605182648,"dmean2":8.2197561264,"dvar":62.1244316101,"dvar2":132.64100647,"max":193.832290649,"mean":10.9107112885,"median":6.85920095444,"min":-1.68831920624,"var":176.423324585},"melbands_skewness":{"dmean":0.653919160366,"dmean2":0.98141759634,"dvar":0.44658100605,"dvar2":0.981847643852,"max":11.3403158188,"mean":2.40795564651,"median":2.28206086159,"min":-7.31610918045,"var":2.36418199539},"melbands_spread":{"dmean":6.56477832794,"dmean2":10.089632988,"dvar":73.3497772217,"dvar2":171.58895874,"max":147.291381836,"mean":22.7669734955,"median":19.1519756317,"min":1.74729681015,"var":218.845443726},"mfcc":{"cov":[[12553.6699219,1543.30993652,-921.731872559,97.8212280273,-246.653823853,-9.99073600769,-217.229827881,-134.325134277,-401.481719971,-124.942092896,-243.997741699,-163.418441772,-154.284317017],[1543.30993652,1243.0814209,-98.5544433594,102.373527527,-122.925430298,-126.846847534,66.3361663818,21.4870872498,-120.319229126,-24.6471767426,-13.6762886047,-32.1696662903,-39.40026474],[-921.731872559,-98.5544433594,623.625061035,68.6736679077,4.56979513168,-28.1857528687,28.6056404114,-15.3602409363,-24.642988205,-25.4342193604,-9.57574653625,44.8445701599,30.3812675476],[97.8212280273,102.373527527,68.6736679077,283.714263916,104.376609802,-52.4957466125,-70.4984893799,-16.2488555908,-0.826605796814,-12.5264577866,-25.8723125458,0.696070849895,8.93188285828],[-246.653823853,-122.925430298,4.56979513168,104.376609802,210.433319092,39.0092735291,-63.937953949,-22.7463130951,46.0339775085,21.8086566925,-11.8188743591,10.148443222,4.55569171906],[-9.99073600769,-126.846847534,-28.1857528687,-52.4957466125,39.0092735291,148.996002197,47.145488739,-0.129095673561,18.750082016,4.98391294479,11.1453332901,6.18573713303,-1.90105998516],[-217.229827881,66.3361663818,28.6056404114,-70.4984893799,-63.937953949,47.145488739,193.518432617,55.9733581543,-16.1584281921,-2.85965442657,17.305015564,-4.10173130035,-8.37994480133],[-134.325134277,21.4870872498,-15.3602409363,-16.2488555908,-22.7463130951,-0.129095673561,55.9733581543,105.042694092,27.6205673218,-3.05827736855,3.30564785004,-2.68896770477,8.72472286224],[-401.481719971,-120.319229126,-24.642988205,-0.826605796814,46.0339775085,18.750082016,-16.1584281921,27.6205673218,121.426445007,49.6847305298,3.23699307442,7.72752475739,9.82110595703],[-124.942092896,-24.6471767426,-25.4342193604,-12.5264577866,21.8086566925,4.98391294479,-2.85965442657,-3.05827736855,49.6847305298,88.5480041504,31.1944923401,-0.444341570139,-5.63492965698],[-243.997741699,-13.6762886047,-9.57574653625,-25.8723125458,-11.8188743591,11.1453332901,17.305015564,3.30564785004,3.23699307442,31.1944923401,76.0634078979,23.2775936127,0.197885647416],[-163.418441772,-32.1696662903,44.8445701599,0.696070849895,10.148443222,6.18573713303,-4.10173130035,-2.68896770477,7.72752475739,-0.444341570139,23.2775936127,70.7318954468,31.4623126984],[-154.284317017,-39.40026474,30.3812675476,8.93188285828,4.55569171906,-1.90105998516,-8.37994480133,8.72472286224,9.82110595703,-5.63492965698,0.197885647416,31.4623126984,68.2235412598]],"icov":[[0.000145914891618,-0.000134976551635,0.000189675629372,-0.0000910471135285,0.000251416437095,-0.000363908649888,0.000331316434313,-0.0000808363620308,0.000523184018675,-0.000325648521539,0.00062191253528,-0.000176002751687,0.000180737275514],[-0.000134976551635,0.0012831290951,0.000161093543284,-0.000646933389362,0.000327086774632,0.00103245559148,-0.000874940189533,-0.000175584515091,0.000617936719209,-0.000333277566824,-0.000124537356896,-0.000201931688935,0.000347660970874],[0.000189675629372,0.000161093543284,0.00219349679537,-0.000788507168181,0.000468854676001,0.000170998609974,-0.000531114288606,0.000410579115851,0.00108191487379,-0.000400438730139,0.00139216799289,-0.00156172830611,0.0000314703102049],[-0.0000910471135285,-0.000646933389362,-0.000788507168181,0.00596426893026,-0.00372252962552,0.00214312737808,0.000679757678881,-0.0000815587482066,-0.000445857847808,0.00145355088171,-0.000360776408343,0.000860254454892,-0.000818437431008],[0.000251416437095,0.000327086774632,0.000468854676001,-0.00372252962552,0.00913213100284,-0.00405895151198,0.00238792179152,0.000233140337514,-0.000350774178514,-0.00257567106746,0.00272315065376,-0.00175347330514,0.00121511600446],[-0.000363908649888,0.00103245559148,0.000170998609974,0.00214312737808,-0.00405895151198,0.0112951397896,-0.00466237030923,0.00214179861359,-0.00246042944491,0.00269257812761,-0.00261178473011,0.000208652752917,-0.000356297357939],[0.000331316434313,-0.000874940189533,-0.000531114288606,0.000679757678881,0.00238792179152,-0.00466237030923,0.00976793002337,-0.0050655673258,0.00305221299641,-0.00192650593817,0.000807209871709,-0.0000938926750678,0.00139217742253],[-0.0000808363620308,-0.000175584515091,0.000410579115851,-0.0000815587482066,0.000233140337514,0.00214179861359,-0.0050655673258,0.0143681447953,-0.00632037175819,0.00423392420635,-0.00210477993824,0.0020504668355,-0.00255187577568],[0.000523184018675,0.000617936719209,0.00108191487379,-0.000445857847808,-0.000350774178514,-0.00246042944491,0.00305221299641,-0.00632037175819,0.0175980255008,-0.0108402082697,0.00633173529059,-0.00318743195385,0.000277542887488],[-0.000325648521539,-0.000333277566824,-0.000400438730139,0.00145355088171,-0.00257567106746,0.00269257812761,-0.00192650593817,0.00423392420635,-0.0108402082697,0.0213160887361,-0.0108570186421,0.0044958665967,-0.000192694977159],[0.00062191253528,-0.000124537356896,0.00139216799289,-0.000360776408343,0.00272315065376,-0.00261178473011,0.000807209871709,-0.00210477993824,0.00633173529059,-0.0108570186421,0.02297478728,-0.0095244795084,0.0033929743804],[-0.000176002751687,-0.000201931688935,-0.00156172830611,0.000860254454892,-0.00175347330514,0.000208652752917,-0.0000938926750678,0.0020504668355,-0.00318743195385,0.0044958665967,-0.0095244795084,0.0227623544633,-0.00972204376012],[0.000180737275514,0.000347660970874,0.0000314703102049,-0.000818437431008,0.00121511600446,-0.000356297357939,0.00139217742253,-0.00255187577568,0.000277542887488,-0.000192694977159,0.0033929743804,-0.00972204376012,0.0201843772084]],"mean":[-648.281494141,122.329040527,-11.4216251373,31.5758056641,-2.94744372368,1.4665709734,-10.1615438461,-3.06365203857,-13.6034669876,-5.65512704849,-6.44436073303,-4.24725961685,-3.44066548347]},"pitch_salience":{"dmean":0.0691158100963,"dmean2":0.108600668609,"dvar":0.00350372586399,"dvar2":0.00869134441018,"max":0.996064603329,"mean":0.592934906483,"median":0.595436930656,"min":0.221429169178,"var":0.0106540927663},"silence_rate_20dB":{"dmean":0,"dmean2":0,"dvar":0,"dvar2":0,"max":1,"mean":1,"median":1,"min":1,"var":0},"silence_rate_30dB":{"dmean":0,"dmean2":0,"dvar":0,"dvar2":0,"max":1,"mean":1,"median":1,"min":1,"var":0},"silence_rate_60dB":{"dmean":0.00323719833978,"dmean2":0.00647534942254,"dvar":0.00322621222585,"dvar2":0.00790512096137,"max":1,"mean":0.0607620999217,"median":0,"min":0,"var":0.0570708177984},"spectral_centroid":{"dmean":236.348587036,"dmean2":351.095367432,"dvar":69355.65625,"dvar2":135313.125,"max":11560.9306641,"mean":1280.81445313,"median":1210.03515625,"min":208.709487915,"var":348034.59375},"spectral_complexity":{"dmean":4.75927019119,"dmean2":6.64194250107,"dvar":30.2759418488,"dvar2":50.8348083496,"max":57,"mean":19.8622913361,"median":19,"min":0,"var":113.176361084},"spectral_contrast_coeffs":{"dmean":[0.0554719679058,0.0490275025368,0.0384312793612,0.0304551105946,0.0217663608491,0.0160043351352],"dmean2":[0.0909630581737,0.0788692906499,0.0597671940923,0.0483150221407,0.0345020890236,0.0260021351278],"dvar":[0.00195962074213,0.00154063198715,0.00103572418448,0.000654119823594,0.000331120332703,0.000210805563256],"dvar2":[0.0050873872824,0.00398507900536,0.00236239517108,0.00147952116095,0.000792872684542,0.000508778786752],"max":[-0.277022570372,-0.440225690603,-0.482375591993,-0.471199959517,-0.573905467987,-0.474946290255],"mean":[-0.568197309971,-0.702878475189,-0.759502291679,-0.784328520298,-0.786128818989,-0.738435685635],"median":[-0.56049233675,-0.70487934351,-0.772270977497,-0.796903848648,-0.786949157715,-0.735314011574],"min":[-0.997900307178,-0.99610465765,-0.992676258087,-0.986303448677,-0.993176460266,-0.960062384605],"var":[0.0098324958235,0.00697670830414,0.00713890092447,0.00434175878763,0.00200252654031,0.00146750337444]},"spectral_contrast_valleys":{"dmean":[0.432240515947,0.357769668102,0.360355556011,0.336641579866,0.261534184217,0.240531787276],"dmean2":[0.710586190224,0.567687869072,0.543558955193,0.510471582413,0.361395359039,0.337912082672],"dvar":[0.137046992779,0.10618057847,0.122861884534,0.146897092462,0.084404245019,0.101148121059],"dvar2":[0.329104036093,0.218467578292,0.229285016656,0.259467691183,0.132721379399,0.169974207878],"max":[-5.64707136154,-5.0244102478,-5.29800748825,-5.25349760056,-5.70250368118,-8.00350284576],"mean":[-7.69201469421,-6.73065710068,-7.50540924072,-7.63074827194,-7.43700265884,-10.5105419159],"median":[-7.44216394424,-6.43776512146,-7.28874778748,-7.45774030685,-7.21617841721,-10.2132825851],"min":[-27.1517162323,-27.306312561,-27.6820449829,-27.0805492401,-27.187379837,-27.2563838959],"var":[1.52918696404,1.78218233585,1.76753163338,1.69351732731,1.46601355076,1.24928951263]},"spectral_decrease":{"dmean":1.62747770815e-9,"dmean2":2.49622633675e-9,"dvar":2.8187703453e-18,"dvar2":6.61552915013e-18,"max":1.27076890146e-29,"mean":-6.58642385076e-9,"median":-6.600069824e-9,"min":-2.76961902301e-8,"var":1.14854888321e-17},"spectral_energy":{"dmean":0.0064967921935,"dmean2":0.00991065986454,"dvar":0.0000454007677035,"dvar2":0.0001045211975,"max":0.108822129667,"mean":0.026761950925,"median":0.0269214678556,"min":1.04320763447e-20,"var":0.000188506048289},"spectral_energyband_high":{"dmean":0.000218401997699,"dmean2":0.000320882332744,"dvar":2.11385525972e-7,"dvar2":4.45845898867e-7,"max":0.00933759473264,"mean":0.000516452302691,"median":0.000356333737727,"min":7.34461339925e-21,"var":4.23076130573e-7},"spectral_energyband_low":{"dmean":0.00175805413164,"dmean2":0.00303971790709,"dvar":0.00000525586801814,"dvar2":0.0000146940701597,"max":0.0265072211623,"mean":0.00301334983669,"median":0.00222453614697,"min":1.26927885311e-23,"var":0.00000793734034232},"spectral_energyband_middle_high":{"dmean":0.00242551392876,"dmean2":0.00354629498906,"dvar":0.0000115591255962,"dvar2":0.0000248371125053,"max":0.0728990212083,"mean":0.00705033075064,"median":0.00494920322672,"min":1.61488092037e-21,"var":0.0000471886341984},"spectral_energyband_middle_low":{"dmean":0.00538482842967,"dmean2":0.0083676641807,"dvar":0.0000316071382258,"dvar2":0.0000779463662184,"max":0.0935311242938,"mean":0.0172722507268,"median":0.0162270329893,"min":2.78995136307e-22,"var":0.000116619710752},"spectral_entropy":{"dmean":0.142980113626,"dmean2":0.200301483274,"dvar":0.020057907328,"dvar2":0.0365279689431,"max":9.79291725159,"mean":7.49546718597,"median":7.50171709061,"min":5.74085617065,"var":0.128012344241},"spectral_flux":{"dmean":0.0198824945837,"dmean2":0.030736412853,"dvar":0.000357908778824,"dvar2":0.000783445546404,"max":0.257775217295,"mean":0.0818693190813,"median":0.0801332220435,"min":1.02137534541e-10,"var":0.00137387809809},"spectral_kurtosis":{"dmean":1.53180849552,"dmean2":2.6712501049,"dvar":3.10086607933,"dvar2":9.23158836365,"max":27.3937091827,"mean":3.79443597794,"median":3.24123191833,"min":-1.22818291187,"var":5.93451833725},"spectral_rms":{"dmean":0.000616913137492,"dmean2":0.00092615862377,"dvar":3.6965121808e-7,"dvar2":7.98594385287e-7,"max":0.0103037822992,"mean":0.00483804335818,"median":0.00512492423877,"min":3.19024060641e-12,"var":0.00000270254827228},"spectral_rolloff":{"dmean":414.012390137,"dmean2":685.751342773,"dvar":491830.875,"dvar2":1090403.375,"max":19336.8164063,"mean":1418.37194824,"median":1141.25976563,"min":86.1328125,"var":1330812.25},"spectral_skewness":{"dmean":0.197761967778,"dmean2":0.327783346176,"dvar":0.0384769625962,"dvar2":0.102100022137,"max":3.89523243904,"mean":1.33612692356,"median":1.29616129398,"min":-0.577391266823,"var":0.12730962038},"spectral_spread":{"dmean":319353.09375,"dmean2":484888.78125,"dvar":248893702144,"dvar2":332766511104,"max":41885804,"mean":3864242.5,"median":3762721,"min":1379928.375,"var":1168758276100},"spectral_strongpeak":{"dmean":0.676344394684,"dmean2":1.13712012768,"dvar":1.08731043339,"dvar2":2.71561527252,"max":12.0139732361,"mean":1.34394931793,"median":0.892982900143,"min":0,"var":2.05792331696},"zerocrossingrate":{"dmean":0.00795303564519,"dmean2":0.00953129306436,"dvar":0.000134101777803,"dvar2":0.000204241528991,"max":0.50341796875,"mean":0.0568131059408,"median":0.05224609375,"min":0.00732421875,"var":0.000839764950797}},"metadata":{"audio_properties":{"analysis_sample_rate":44100,"bit_rate":259381,"codec":"aac","downmix":"mix","equal_loudness":0,"length":157.802810669,"lossless":false,"md5_encoded":"882fb71f15a71922526410d592a36742","replay_gain":-7.691822052,"sample_rate":44100},"tags":{"album":["The Capitol Albums, Volume 1"],"albumartistsort":["Beatles, The"],"artist":["The Beatles"],"artistsort":["Beatles, The"],"asin":["B00065XJ48"],"barcode":["724386687821"],"bpm":["1"],"catalognumber":["0724 3 875348 2 7"],"composer":["Lennon-McCartney"],"date":["2004-11-16"],"discnumber":["1/4"],"discsubtitle":["Meet The Beatles!"],"encodedby":["Pro Audio Converter 1.5.1"],"file_name":"1-22 Hold Me Tight (mono) (2).m4a","genre":["Classic Rock; Psychedelic","Classic Rock; Psychedelic","Classic Rock; Psychedelic","Classic Rock; Psychedelic"],"grouping":["Classic Rock"],"isrc":["GBAYE0601432"],"label":["Capitol Records"],"language":["English"],"media":["CD"],"mood":["Funky; Happy; Groovy"],"musicbrainz_albumartistid":["b10bbbfc-cf9e-42e0-be17-e2c3e1d2600d"],"musicbrainz_albumid":["8ed9bdd4-66e8-4b7e-b5d3-59e623d56e4f"],"musicbrainz_artistid":["b10bbbfc-cf9e-42e0-be17-e2c3e1d2600d"],"musicbrainz_recordingid":["3dcc8bf3-c998-43fa-bd61-da6f1fd1f4ec"],"musicbrainz_releasegroupid":["a79a5dc0-1731-373d-bbf9-33171b9b323a"],"script":["Latn"],"title":["Hold Me Tight (mono)"],"tracknumber":["22/24"]},"version":{"essentia":"2.1-beta2","essentia_build_sha":"2d9f1f26377add8aeb1075a9c2973f962c4f09fd","essentia_git_sha":"v2.1_beta2-1-ge3940c0","extractor":"music 1.0"}},"rhythm":{"beats_count":354,"beats_loudness":{"dmean":0.0106568997726,"dmean2":0.0188073515892,"dvar":0.0000892905300134,"dvar2":0.000243365066126,"max":0.0955738574266,"mean":0.0348340496421,"median":0.0359416157007,"min":9.53455483454e-8,"var":0.000176470581209},"beats_loudness_band_ratio":{"dmean":[0.14106272161,0.184109583497,0.11623