{"lowlevel":{"average_loudness":0.943133056164,"barkbands":{"dmean":[0.0122638950124,0.0298346355557,0.00216817390174,0.000817877124064,0.000773400010075,0.00116859702393,0.00173811195418,0.00095763138961,0.00150862766895,0.0017341633793,0.00145516498014,0.00163947849069,0.000728635815904,0.000492093036883,0.00054958689725,0.000393664318835,0.000232965787291,0.000129716136144,0.0000922493927646,0.00015302617976,0.000135177848279,0.0000520520516147,0.0000308836497425,0.0000176759367605,0.00000493264042234,0.0000327260968334,0.000610566115938],"dmean2":[0.0205084905028,0.0502725765109,0.00377911957912,0.00139935011975,0.00132201181259,0.00187724409625,0.00281459162943,0.00158728926908,0.0024717124179,0.0029136701487,0.00239526899531,0.00274044298567,0.00118712079711,0.000821490830276,0.00090196140809,0.000652169575915,0.000389163004002,0.000210023208638,0.000146417645738,0.000234619466937,0.000213230858208,0.0000804649753263,0.0000497657456435,0.0000286538215732,0.00000814033046481,0.0000531778823643,0.000910410191864],"dvar":[0.000234466744587,0.00129609520081,0.00000955180348683,0.00000162075320986,0.00000190381911125,0.00000531757268618,0.000015889390852,0.00000426903898187,0.0000115235725389,0.0000118723974083,0.0000155738161993,0.00000599931900069,0.0000012396915281,3.43209904941e-7,5.27207077994e-7,1.86787886491e-7,1.65772647165e-7,1.30397154408e-7,5.49453424981e-8,7.86873613379e-7,0.00000115186651328,3.2049147336e-8,7.88322918055e-9,2.60872390356e-9,6.22254886506e-11,1.12350857506e-8,4.06259346164e-7],"dvar2":[0.000627207220532,0.00351627729833,0.0000263872207142,0.00000426469614467,0.00000513544364367,0.0000137371216624,0.0000399019445467,0.000011174987776,0.0000305497705995,0.0000312384363497,0.0000384535815101,0.0000163611766766,0.00000306183096654,9.15336499929e-7,0.00000139806468269,5.12251233431e-7,4.36499163925e-7,3.16548749879e-7,1.22062971286e-7,0.00000196641235561,0.00000285954388346,6.70990871754e-8,1.94184544e-8,6.35173202923e-9,1.4693324335e-10,2.84119856531e-8,9.2424096465e-7],"max":[0.141161888838,0.293328344822,0.0305048413575,0.01270137541,0.0245930496603,0.0346023477614,0.0571006685495,0.0336984209716,0.0494171902537,0.0486439839005,0.0775357633829,0.0368371829391,0.0218517631292,0.00595085183159,0.013387016952,0.00478325970471,0.00655665807426,0.00906931143254,0.00590347405523,0.032499935478,0.029985608533,0.00372817018069,0.0012763608247,0.00102171231993,0.00010535446927,0.00182974466588,0.0157911665738],"mean":[0.0182932522148,0.0475957542658,0.0023773885332,0.000909391674213,0.000927861023229,0.00153274496552,0.00242294277996,0.0012925544288,0.00212532607839,0.00234645954333,0.00192659476306,0.00273244665004,0.00121436757036,0.000875519763213,0.00108935963362,0.000761399976909,0.000388835731428,0.000205894379178,0.000168696715264,0.000243242189754,0.000183464100701,0.0000711993925506,0.0000369681838492,0.0000168802889675,0.00000522834807271,0.0000352149399987,0.00194410362747],"median":[0.0139949340373,0.0370980389416,0.00128964032046,0.000450105959317,0.000487841258291,0.000608350557741,0.00045550338109,0.000450620485935,0.00093558622757,0.00115479982924,0.000808171520475,0.00184787879698,0.000863131077494,0.000680604774971,0.00087385228835,0.000673203030601,0.000270449905656,0.000106797393528,0.0000877270358615,0.0000691300519975,0.0000537722298759,0.0000233656792261,0.0000131494434754,0.00000470430586574,0.0000022218318918,0.0000118906518765,0.00181134603918],"min":[1.8131029162e-24,1.79587103859e-24,9.20827237245e-24,2.08834279692e-24,8.74001952747e-24,8.67977816444e-24,1.03797276613e-23,1.09167936319e-23,1.15008717681e-23,1.27675780669e-23,2.02433099431e-23,4.72445987792e-23,5.05133038934e-23,6.04658160428e-23,7.68584718711e-23,5.98444082197e-23,1.03648888721e-22,1.69465321092e-22,1.47750845514e-22,2.66944143709e-22,3.69424925067e-22,3.80696699795e-22,4.42760994156e-22,8.16141356154e-22,1.02316900238e-21,1.31035122746e-21,2.11746140105e-21],"var":[0.000320186634781,0.00203943462111,0.00000968489985098,0.00000174567628619,0.00000212215309148,0.00000803306102171,0.000027910409699,0.00000537811774848,0.000015087475731,0.0000147038999785,0.0000185648059414,0.0000091474976216,0.00000192799257093,5.80210098633e-7,9.77112222245e-7,2.85092397689e-7,2.00345198209e-7,1.50416639144e-7,1.01610091008e-7,0.00000169942222783,0.00000135115635658,4.99075305527e-8,7.81563880281e-9,2.26503793499e-9,7.17666898131e-11,9.21028497913e-9,0.00000154119629769]},"barkbands_crest":{"dmean":3.25842857361,"dmean2":5.30582809448,"dvar":7.54040813446,"dvar2":20.1007003784,"max":24.3781032562,"mean":13.5788354874,"median":13.8357019424,"min":3.50444459915,"var":18.6463394165},"barkbands_flatness_db":{"dmean":0.0330026932061,"dmean2":0.05282157287,"dvar":0.000893442076631,"dvar2":0.0021425022278,"max":0.391782820225,"mean":0.171323016286,"median":0.165181830525,"min":0.0520248040557,"var":0.00241882307455},"barkbands_kurtosis":{"dmean":9.39081668854,"dmean2":14.9571380615,"dvar":540.238525391,"dvar2":1276.54833984,"max":342.713562012,"mean":12.7630786896,"median":5.79998636246,"min":-1.79133880138,"var":697.07043457},"barkbands_skewness":{"dmean":0.962876260281,"dmean2":1.50779592991,"dvar":1.36951649189,"dvar2":2.99322962761,"max":16.0465393066,"mean":2.73704957962,"median":2.36358737946,"min":-1.91076147556,"var":3.72907209396},"barkbands_spread":{"dmean":8.91655921936,"dmean2":13.8059530258,"dvar":74.4083557129,"dvar2":174.89906311,"max":102.568313599,"mean":28.1867275238,"median":25.8960762024,"min":0.711927473545,"var":237.066894531},"dissonance":{"dmean":0.0184408351779,"dmean2":0.0319596491754,"dvar":0.000558700121474,"dvar2":0.00148718233686,"max":0.500000178814,"mean":0.476026415825,"median":0.48239928484,"min":0.00908630061895,"var":0.00056559429504},"dynamic_complexity":2.19375753403,"erbbands":{"dmean":[1.68508803844,4.04581212997,2.7311360836,2.5959944725,2.30522799492,2.70194244385,5.06048870087,11.5322389603,26.6017971039,19.1424980164,20.2804679871,30.8543109894,42.8331413269,58.5290489197,63.2533378601,59.2835159302,31.9963493347,22.1989536285,24.2986831665,28.0468826294,17.42461586,12.730381012,7.06118583679,5.80917024612,5.37839174271,6.56936264038,7.67903137207,3.07047486305,2.09325265884,1.18253409863,0.896103024483,0.497465252876,0.223622590303,0.060149114579,0.0356534235179,0.0444207526743,0.0737481042743,0.0494232513011,0.0265589393675,0.0144072743133],"dmean2":[2.82194805145,6.83547782898,4.73864269257,4.41859340668,3.97340869904,4.61229753494,8.40560722351,18.7657432556,43.0548858643,31.1810646057,33.3602561951,50.7041320801,72.2233810425,95.3742599487,104.371078491,97.4599761963,52.723400116,36.1464958191,39.7469329834,46.2017211914,29.1603240967,20.8057785034,11.5574789047,9.18793296814,8.28338813782,9.91693496704,12.3085746765,4.73142576218,3.19310712814,1.8750743866,1.44663023949,0.808185994625,0.363539814949,0.0987483039498,0.0586116276681,0.0726029872894,0.119507834315,0.0776038020849,0.0386418551207,0.0207694657147],"dvar":[3.84904718399,27.6879482269,13.7588596344,16.0232391357,11.9122209549,26.9841365814,128.105560303,573.273498535,3708.11230469,1626.92333984,1665.20544434,4176.3984375,8171.78125,14060.3203125,23290.7539062,7090.28515625,2211.38037109,781.057128906,1087.5814209,1020.66082764,436.997436523,589.506958008,304.022644043,248.197280884,643.726135254,1278.78234863,4729.86376953,267.81072998,55.839679718,12.7583379745,6.86919736862,2.44512152672,0.341156184673,0.00883773621172,0.00312779983506,0.0130596673116,0.0612813420594,0.0226757917553,0.01296210289,0.000172876461875],"dvar2":[10.5023765564,75.8656845093,37.7963790894,41.8636169434,31.8795661926,73.3894119263,331.903259277,1501.5994873,9468.47070312,3919.82495117,4022.87402344,11072.8935547,22338.25,37077.4335938,58346.546875,19102.2636719,5467.765625,1956.30932617,2826.20654297,2749.06835938,1196.40942383,1547.63696289,739.485168457,587.695739746,1357.89135742,2970.84570312,11766.0585938,585.091491699,119.489379883,28.2037220001,17.1512317657,6.1759595871,0.809374511242,0.0205652136356,0.00735808210447,0.0323522277176,0.154684230685,0.052651129663,0.0287428554147,0.000379949371563],"max":[15.2648077011,42.4819107056,33.4790306091,44.6456260681,40.5462303162,95.8652648926,190.975646973,370.59942627,691.636474609,645.431152344,624.56262207,739.909240723,1444.18395996,1340.85400391,2642.80419922,1562.0057373,921.157409668,547.635498047,537.537109375,472.648223877,311.87600708,436.629852295,416.091308594,336.426422119,990.547119141,1236.80969238,1854.28015137,380.486877441,149.857818604,80.1594009399,36.9794387817,31.9978065491,9.90577793121,1.19246125221,0.746158838272,1.81215500832,4.09547948837,2.33630418777,3.56040763855,0.221199274063],"mean":[2.57533073425,6.04249763489,3.53714966774,3.14322638512,2.72403478622,3.12891340256,6.22110033035,15.148475647,34.6396751404,29.1034526825,29.8418655396,44.3056030273,61.7005462646,85.0939788818,92.8525619507,105.220016479,59.8841285706,44.1112098694,51.14087677,58.0140724182,35.8684310913,21.8101158142,11.7744188309,10.1114673615,9.42488384247,10.8992204666,10.1010599136,4.82653856277,2.78656554222,1.57543826103,1.03708589077,0.503550112247,0.206708759069,0.0639265552163,0.0385397747159,0.0434994250536,0.0771069303155,0.0713118389249,0.0587964653969,0.0563945621252],"median":[1.87579977512,4.31590557098,2.29281330109,1.82325649261,1.45202708244,1.58496499062,2.40820980072,6.00568199158,7.0560336113,7.3128194809,12.7305412292,19.3826789856,34.6960830688,36.2786254883,49.7089271545,73.5513153076,46.0718994141,35.6472320557,41.2368659973,50.76953125,32.4889221191,14.8020381927,6.47213459015,5.0994925499,4.14064598083,3.24813270569,2.75677776337,1.70133709908,0.907056093216,0.529499530792,0.351496249437,0.156327679753,0.0537628605962,0.0272350460291,0.017284411937,0.0147127108648,0.0244502816349,0.0273810774088,0.0316693559289,0.0551434084773],"min":[7.0886548694e-23,7.09727377432e-22,1.00063303608e-20,1.96949102754e-20,8.58776003896e-21,5.01376722865e-20,3.86639404826e-20,1.06239601133e-19,2.81527276718e-19,1.5010824604e-19,5.64219533931e-19,2.91407432147e-19,1.12483845405e-18,8.46630161995e-19,1.94438791186e-18,2.45095683451e-18,2.9600240494e-18,3.28351680938e-18,4.33894943337e-18,3.92216951865e-18,3.81774044786e-18,5.9853523538e-18,8.47581202564e-18,6.76581339177e-18,1.00540345841e-17,1.3129576474e-17,1.35656156349e-17,1.08690118011e-17,1.22203577426e-17,1.49653185551e-17,1.16262121066e-17,1.16732555224e-17,1.30493300284e-17,9.53856457766e-18,6.47699583627e-18,4.48775881198e-18,2.16360214792e-18,1.13636645666e-18,2.60724330547e-19,3.10018149362e-20],"var":[6.15486860275,38.9612350464,16.0308494568,17.5746517181,13.834854126,28.1452770233,154.528244019,821.642272949,5547.203125,3021.00292969,2480.74707031,5831.52246094,8704.32910156,21067.8242188,25797.6171875,12569.6367188,3731.24780273,1460.0402832,2055.01782227,1877.66687012,635.563232422,696.241149902,370.803375244,368.9324646,1293.77453613,3112.43164062,5199.54882812,450.814361572,88.854057312,16.8855743408,6.33351325989,1.98786699772,0.31416285038,0.0103029310703,0.00365725951269,0.0112106855959,0.0495776161551,0.0276613906026,0.025233797729,0.000882938911673]},"erbbands_crest":{"dmean":2.68182659149,"dmean2":4.42254638672,"dvar":6.71901082993,"dvar2":16.8611984253,"max":27.1256408691,"mean":8.4962644577,"median":7.58388805389,"min":2.43489408493,"var":14.3800773621},"erbbands_flatness_db":{"dmean":0.0244903117418,"dmean2":0.0375324301422,"dvar":0.000423413992394,"dvar2":0.00100420496892,"max":0.379926294088,"mean":0.159270957112,"median":0.148408025503,"min":0.0414723716676,"var":0.0030379765667},"erbbands_kurtosis":{"dmean":1.231087327,"dmean2":1.95742583275,"dvar":3.89688777924,"dvar2":9.39856243134,"max":53.8568725586,"mean":1.64592564106,"median":1.13546490669,"min":-1.58488881588,"var":6.8924703598},"erbbands_skewness":{"dmean":0.39763957262,"dmean2":0.621633410454,"dvar":0.121888875961,"dvar2":0.293445199728,"max":2.84922647476,"mean":-0.162201434374,"median":-0.140169039369,"min":-6.18713760376,"var":0.432371228933},"erbbands_spread":{"dmean":6.00959253311,"dmean2":9.14089202881,"dvar":47.7409172058,"dvar2":99.0280685425,"max":100.841842651,"mean":22.2247066498,"median":19.9608192444,"min":2.16486668587,"var":152.87538147},"gfcc":{"cov":[[12165.2363281,619.792053223,-300.725097656,548.440429688,-521.449645996,-11.385310173,270.245819092,-35.0545959473,143.956604004,145.636306763,-19.0653762817,272.117736816,-244.93270874],[619.792053223,609.743835449,-65.471862793,-87.26197052,91.2919540405,-113.469520569,37.7831687927,-1.99895727634,55.8592758179,28.1574192047,61.4490661621,-35.9537887573,37.389793396],[-300.725097656,-65.471862793,513.874511719,486.10369873,-126.038803101,92.5137405396,-36.1907234192,81.0220108032,-82.4981536865,92.5242767334,4.05801439285,16.7447414398,-67.4347000122],[548.440429688,-87.26197052,486.10369873,827.25189209,-77.9017562866,28.4707794189,153.766143799,58.3864440918,-70.9315414429,132.718688965,18.5392837524,47.505065918,-112.654121399],[-521.449645996,91.2919540405,-126.038803101,-77.9017562866,245.885375977,13.0764799118,62.1348304749,-9.37991714478,12.3525247574,-28.3071460724,10.8391218185,-54.7276306152,82.275970459],[-11.385310173,-113.469520569,92.5137405396,28.4707794189,13.0764799118,190.376342773,-20.7490997314,51.2647476196,-47.4016113281,-18.3266620636,-25.5722694397,-9.4737329483,19.7226028442],[270.245819092,37.7831687927,-36.1907234192,153.766143799,62.1348304749,-20.7490997314,223.718307495,2.70247006416,46.5107727051,16.8927097321,4.67215251923,23.657037735,-19.934425354],[-35.0545959473,-1.99895727634,81.0220108032,58.3864440918,-9.37991714478,51.2647476196,2.70247006416,104.214065552,0.540262281895,24.2117080688,2.94745445251,-18.8743228912,2.35177159309],[143.956604004,55.8592758179,-82.4981536865,-70.9315414429,12.3525247574,-47.4016113281,46.5107727051,0.540262281895,103.976219177,18.2934150696,8.87464046478,14.0021800995,-9.9818315506],[145.636306763,28.1574192047,92.5242767334,132.718688965,-28.3071460724,-18.3266620636,16.8927097321,24.2117080688,18.2934150696,83.5984039307,41.9294815063,13.1566505432,-20.1545581818],[-19.0653762817,61.4490661621,4.05801439285,18.5392837524,10.8391218185,-25.5722694397,4.67215251923,2.94745445251,8.87464046478,41.9294815063,61.8499984741,20.6333656311,7.66249990463],[272.117736816,-35.9537887573,16.7447414398,47.505065918,-54.7276306152,-9.4737329483,23.657037735,-18.8743228912,14.0021800995,13.1566505432,20.6333656311,78.3759460449,-18.6130485535],[-244.93270874,37.389793396,-67.4347000122,-112.654121399,82.275970459,19.7226028442,-19.934425354,2.35177159309,-9.9818315506,-20.1545581818,7.66249990463,-18.6130485535,88.1691513062]],"icov":[[0.000295264646411,-0.000841647677589,0.00199904059991,-0.00127595162485,0.00107263657264,-0.00120696786325,0.000730061437935,-0.0000460852352262,-0.0000698621079209,-0.00104250828736,0.00146334979217,-0.000903664680663,-0.0000530225988769],[-0.000841647677589,0.00487044593319,-0.00689510721713,0.00430400529876,-0.00320194871165,0.00488631892949,-0.00307107716799,0.00023982541461,-0.000781346578151,0.00414851866663,-0.00730626052245,0.00460422458127,-0.000516893749591],[0.00199904059991,-0.00689510721713,0.0231472142041,-0.0144672533497,0.00915809255093,-0.0115083223209,0.00994652416557,-0.002363699954,0.000176320463652,-0.00983591098338,0.0122050661594,-0.00659444509074,-0.000644844840281],[-0.00127595162485,0.00430400529876,-0.0144672533497,0.0130487643182,-0.00754924817011,0.0077092316933,-0.00840680580586,-0.0000778471439844,0.00595721695572,-0.00214034877717,-0.0026679369621,0.000769425765611,0.00423865392804],[0.00107263657264,-0.00320194871165,0.00915809255093,-0.00754924817011,0.0161322746426,-0.00724908476695,-0.0000729890380171,0.00337374513038,-0.00510053476319,0.00342566380277,-0.0037552039139,0.00767243141308,-0.00969094224274],[-0.00120696786325,0.00488631892949,-0.0115083223209,0.0077092316933,-0.00724908476695,0.0149090206251,-0.0042510018684,-0.00439278502017,0.00418377900496,0.00402093399316,-0.00223192502744,0.000316073099384,-0.000137807975989],[0.000730061437935,-0.00307107716799,0.00994652416557,-0.00840680580586,-0.0000729890380171,-0.0042510018684,0.0127750560641,-0.00197259313427,-0.00409190077335,-0.00174006924499,0.00615294650197,-0.00611668080091,0.00146943714935],[-0.0000460852352262,0.00023982541461,-0.002363699954,-0.0000778471439844,0.00337374513038,-0.00439278502017,-0.00197259313427,0.0157149508595,-0.00464513152838,0.00000495219092045,-0.00473668705672,0.00826301332563,-0.00353654148057],[-0.0000698621079209,-0.000781346578151,0.000176320463652,0.00595721695572,-0.00510053476319,0.00418377900496,-0.00409190077335,-0.00464513152838,0.0223827846348,-0.0155675131828,0.0118001895025,-0.00957246683538,0.00683529535308],[-0.00104250828736,0.00414851866663,-0.00983591098338,-0.00214034877717,0.00342566380277,0.00402093399316,-0.00174006924499,0.00000495219092045,-0.0155675131828,0.0474992804229,-0.036778151989,0.0159254577011,-0.00374894007109],[0.00146334979217,-0.00730626052245,0.0122050661594,-0.0026679369621,-0.0037552039139,-0.00223192502744,0.00615294650197,-0.00473668705672,0.0118001895025,-0.036778151989,0.0548992455006,-0.0253641139716,0.00141366152093],[-0.000903664680663,0.00460422458127,-0.00659444509074,0.000769425765611,0.00767243141308,0.000316073099384,-0.00611668080091,0.00826301332563,-0.00957246683538,0.0159254577011,-0.0253641139716,0.0325369760394,-0.00572733860463],[-0.0000530225988769,-0.000516893749591,-0.000644844840281,0.00423865392804,-0.00969094224274,-0.000137807975989,0.00146943714935,-0.00353654148057,0.00683529535308,-0.00374894007109,0.00141366152093,-0.00572733860463,0.0244218148291]],"mean":[20.8800830841,91.4588775635,-102.724700928,-14.8030939102,4.29055452347,0.476069927216,12.7788114548,-7.61691522598,10.7901411057,-1.47219777107,1.32250809669,0.380758702755,2.32882666588]},"hfc":{"dmean":73.5296325684,"dmean2":115.601425171,"dvar":5924.44433594,"dvar2":15327.40625,"max":882.399291992,"mean":255.937942505,"median":249.901306152,"min":1.13648713404e-16,"var":17680.3105469},"melbands":{"dmean":[0.0111520774662,0.0023758164607,0.000423672783654,0.000167562437127,0.000162115960848,0.000255963997915,0.000386377214454,0.000206705211895,0.000171411098563,0.000213217528653,0.000222808259423,0.000247105490416,0.000207656150451,0.000190925071365,0.000127390943817,0.0000572079516132,0.0000442108394054,0.0000421410986746,0.0000439643408754,0.0000329432514263,0.0000208952369576,0.0000153012315423,0.00000786252985563,0.00000644216925139,0.00000495476888318,0.00000307532059196,0.00000560598664379,0.00000423555866291,0.00000623675987299,0.00000235615311794,0.00000177608956164,0.00000128579483771,8.6091091589e-7,5.92058938764e-7,5.90020022173e-7,3.67637113641e-7,2.80188857005e-7,1.85302567957e-7,6.98169131397e-8,4.51287753833e-8],"dmean2":[0.0187242180109,0.00400970969349,0.00071736011887,0.000288147304673,0.000271971948678,0.00041267942288,0.00062664860161,0.000334218639182,0.000284657144221,0.000349627778633,0.00037603158853,0.000405761413276,0.00033953692764,0.000319731829222,0.000211545004277,0.0000931406175368,0.0000724892815924,0.0000691666500643,0.0000727191290935,0.0000548842872377,0.0000352652168658,0.0000252739791904,0.0000132805225803,0.000010546379599,0.00000795597679826,0.00000478476886201,0.00000872911095939,0.0000065982912929,0.000010199454664,0.00000371958321921,0.0000027637124731,0.00000199740884455,0.00000138155303375,9.4777084314e-7,9.57050247052e-7,6.01980616466e-7,4.55812880773e-7,3.00789707808e-7,1.14097616688e-7,7.44888026816e-8],"dvar":[0.000173383654328,0.00000944761723076,3.94433499196e-7,7.50846211872e-8,1.2336870725e-7,2.57757193367e-7,7.80506638876e-7,1.93250244251e-7,1.23429998666e-7,2.20728239242e-7,2.18652047579e-7,2.57922096125e-7,3.29016557998e-7,8.3231597614e-8,4.44978027758e-8,1.06895843288e-8,2.7551010362e-9,3.07781067299e-9,3.90043819465e-9,1.16541776229e-9,5.75748226872e-10,8.30898683191e-10,2.96409924383e-10,3.76101899624e-10,1.66832880844e-10,8.64300714332e-11,1.1063305827e-9,5.13356634979e-10,3.76639830435e-9,1.98937991081e-10,8.45840411601e-11,2.1868784561e-11,8.23699355251e-12,2.84427407841e-12,2.99365935687e-12,1.17078655798e-12,7.97579721452e-13,2.4853242294e-13,1.80676718568e-14,5.26183304285e-15],"dvar2":[0.000474617030704,0.000026073974368,0.00000102645969946,2.03610127869e-7,3.24919540162e-7,6.63123785216e-7,0.00000197250619749,4.77412470445e-7,2.8767249205e-7,5.88991838413e-7,5.95374217482e-7,6.83615724029e-7,7.99396900675e-7,2.27510824402e-7,1.13156744419e-7,2.59547388026e-8,7.09824066192e-9,8.1905620064e-9,1.03794306483e-8,3.06344194456e-9,1.61943269905e-9,2.19867368756e-9,7.75380537554e-10,9.14800790675e-10,3.9945680097e-10,1.73629430278e-10,2.52892418118e-9,1.1512916176e-9,9.72963842827e-9,4.17352929993e-10,1.96094626648e-10,4.64988013371e-11,1.77670309021e-11,6.6527113679e-12,7.51773903546e-12,2.98990996891e-12,1.97245605266e-12,5.86478565365e-13,4.31524390873e-14,1.24402848049e-14],"max":[0.107566274703,0.0262885801494,0.00708556268364,0.00448025623336,0.00622830865905,0.00757703091949,0.0098989829421,0.00604402879253,0.00586795574054,0.00649282196537,0.00715665053576,0.00595995318145,0.0119500076398,0.003767905524,0.00405685370788,0.00270545226522,0.000722740776837,0.000830041070003,0.00126535445452,0.000331113958964,0.000332820985932,0.000496859836858,0.000281012355117,0.00054690107936,0.000267615629127,0.000262047105934,0.00124664674513,0.000704986974597,0.00174016854726,0.000320942810504,0.000221833877731,0.000109799082566,0.0000793986619101,0.0000290374664473,0.0000256423754763,0.0000175870627572,0.0000189840829989,0.0000079950386862,0.00000250580637839,9.67883352132e-7],"mean":[0.0184171181172,0.00369285535999,0.000537761079613,0.000200850336114,0.000201148621272,0.000338723795721,0.000524769595359,0.00030631039408,0.000245201721555,0.000299116538372,0.000311935320497,0.00034420756856,0.000289408955723,0.000308835704345,0.000218724191654,0.0000978972602752,0.0000805959498393,0.0000812364960439,0.0000847632545629,0.0000639665304334,0.000037958870962,0.0000250450066233,0.0000118837388072,0.000009672879969,0.00000816877036414,0.0000053696676332,0.00000851168260851,0.00000676479885442,0.00000727553515389,0.00000376144726033,0.00000248496439781,0.00000165192921031,0.00000113804617285,7.50506444547e-7,6.66186622311e-7,3.9649358996e-7,2.65364036522e-7,1.65549721487e-7,6.97567230645e-8,4.74256154348e-8],"median":[0.0144208725542,0.00268638716079,0.000313945900416,0.000112739260658,0.0000827197218314,0.000136513874168,0.00010508253763,0.0000796795793576,0.00010692881915,0.000128688770928,0.000173767635715,0.000139474024763,0.000132964836666,0.000209544537938,0.000146178092109,0.0000722997647244,0.0000629596615909,0.0000647536071483,0.0000664741382934,0.0000554219041078,0.0000333471034537,0.0000167415273609,0.00000660927616991,0.00000483062149215,0.00000392303445551,0.00000287073680738,0.00000258221416516,0.00000205068477044,0.00000180022209406,0.00000127428279484,8.56854171616e-7,5.14480632319e-7,3.62807838883e-7,2.5733510256e-7,2.15787196112e-7,1.38738158739e-7,6.92769077659e-8,3.53984432877e-8,2.56782737296e-8,1.99795984202e-8],"min":[6.21031043458e-25,5.51183188707e-24,3.19299951364e-24,1.69026267933e-24,1.90069448124e-24,3.22185348176e-24,4.69643133441e-24,1.54720768455e-24,4.62729674797e-24,1.9861348226e-24,4.85259423921e-24,2.00870571082e-24,4.5984847867e-24,6.01026339484e-24,4.45970561524e-24,5.16132284308e-24,5.52393025234e-24,6.76789014138e-24,5.45654180951e-24,5.15481276846e-24,4.33099467551e-24,5.51552375611e-24,7.42693767376e-24,7.81023887672e-24,4.50069561674e-24,6.58895952757e-24,7.68560358686e-24,8.42496268142e-24,7.37425517593e-24,6.73939569662e-24,6.42336973495e-24,6.86034227289e-24,7.38518799921e-24,7.59620119161e-24,5.81147084116e-24,6.27925589162e-24,7.21013739776e-24,8.00058233568e-24,8.00581248348e-24,7.66549946669e-24],"var":[0.000274517049547,0.000013673513422,4.63780565951e-7,8.44812007017e-8,1.49992771981e-7,3.93191555759e-7,0.00000126093527797,3.17162459851e-7,1.81983708103e-7,2.97931450177e-7,2.31672899531e-7,3.67573335325e-7,3.74016366322e-7,1.2038177033e-7,6.81620804244e-8,1.39114293418e-8,5.10491116046e-9,5.41562572565e-9,6.43663122801e-9,2.05908090578e-9,8.1163664678e-10,9.91431603481e-10,3.12053521911e-10,4.09130895829e-10,2.49531451058e-10,1.57591162342e-10,2.17295781368e-9,1.19092691264e-9,3.5266118914e-9,3.36775329846e-10,1.22239746103e-10,3.53855625357e-11,1.09970678397e-11,3.53090907207e-12,2.75981559654e-12,9.62050643143e-13,6.65385118965e-13,2.29773123271e-13,1.8093360672e-14,6.04268772945e-15]},"melbands_crest":{"dmean":4.80171012878,"dmean2":7.91827201843,"dvar":19.2989788055,"dvar2":51.5303459167,"max":39.0324745178,"mean":24.77394104,"median":26.8353996277,"min":1.07613885403,"var":72.8733978271},"melbands_flatness_db":{"dmean":0.039750084281,"dmean2":0.0638522282243,"dvar":0.0012034534011,"dvar2":0.00290505820885,"max":0.503916859627,"mean":0.279590845108,"median":0.274043917656,"min":0.0000365429514204,"var":0.00369657762349},"melbands_kurtosis":{"dmean":17.5987205505,"dmean2":28.5505332947,"dvar":2281.62915039,"dvar2":5555.63085938,"max":840.342041016,"mean":22.0686645508,"median":8.37709236145,"min":-1.58115267754,"var":2734.58740234},"melbands_skewness":{"dmean":1.36253488064,"dmean2":2.15041732788,"dvar":2.9542953968,"dvar2":6.89442157745,"max":24.1624279022,"mean":3.2609565258,"median":2.82062959671,"min":-2.30393671989,"var":8.40458393097},"melbands_spread":{"dmean":6.44097185135,"dmean2":10.4085254669,"dvar":55.1578979492,"dvar2":125.192596436,"max":144.380020142,"mean":16.4738349915,"median":14.3047924042,"min":0.361711323261,"var":191.41317749},"mfcc":{"cov":[[5604.73144531,121.068138123,519.945068359,604.790161133,-465.434020996,242.736587524,-148.316894531,229.941192627,-141.260696411,169.116592407,99.8427200317,64.5669937134,45.072467804],[121.068138123,838.642333984,-347.4503479,-202.483734131,47.3676605225,-88.2294998169,-35.4393005371,-65.6218109131,58.8129577637,-29.2888832092,17.9294147491,-1.27203726768,48.8945808411],[519.945068359,-347.4503479,686.48223877,362.027618408,12.9852619171,58.8627319336,54.7411270142,24.2501811981,-89.8042449951,78.3459854126,50.5094032288,17.6927604675,-22.4984073639],[604.790161133,-202.483734131,362.027618408,722.627197266,-76.9189147949,136.612533569,114.453094482,45.4548377991,-66.0514984131,144.000259399,81.2915649414,33.7010383606,14.1907300949],[-465.434020996,47.3676605225,12.9852619171,-76.9189147949,201.555587769,-12.7417345047,69.3130493164,-43.2768821716,41.1919288635,-17.5917224884,-18.1367492676,-9.47241306305,-5.03699684143],[242.736587524,-88.2294998169,58.8627319336,136.612533569,-12.7417345047,141.884460449,54.9321250916,54.0057983398,-1.70423269272,40.7198181152,-18.7929840088,13.0047912598,-1.7154494524],[-148.316894531,-35.4393005371,54.7411270142,114.453094482,69.3130493164,54.9321250916,169.093139648,24.3245944977,36.882610321,35.8611412048,-3.33615016937,-6.94740772247,5.93577480316],[229.941192627,-65.6218109131,24.2501811981,45.4548377991,-43.2768821716,54.0057983398,24.3245944977,106.041519165,19.0366573334,34.8551177979,-6.69862699509,5.23893642426,-12.7146081924],[-141.260696411,58.8129577637,-89.8042449951,-66.0514984131,41.1919288635,-1.70423269272,36.882610321,19.0366573334,91.4446411133,20.8841609955,-10.6327857971,-3.26266956329,-4.13625812531],[169.116592407,-29.2888832092,78.3459854126,144.000259399,-17.5917224884,40.7198181152,35.8611412048,34.8551177979,20.8841609955,101.039985657,34.6396980286,21.5003032684,-2.68244194984],[99.8427200317,17.9294147491,50.5094032288,81.2915649414,-18.1367492676,-18.7929840088,-3.33615016937,-6.69862699509,-10.6327857971,34.6396980286,72.1154098511,18.9872207642,9.56240558624],[64.5669937134,-1.27203726768,17.6927604675,33.7010383606,-9.47241306305,13.0047912598,-6.94740772247,5.23893642426,-3.26266956329,21.5003032684,18.9872207642,54.6038818359,19.3496379852],[45.072467804,48.8945808411,-22.4984073639,14.1907300949,-5.03699684143,-1.7154494524,5.93577480316,-12.7146081924,-4.13625812531,-2.68244194984,9.56240558624,19.3496379852,54.223236084]],"icov":[[0.000319227139698,-0.000283084722469,-0.000366826599929,-0.0000503336596012,0.000565668800846,-0.000526523916051,0.000395479029976,-0.000413235189626,-0.0000967543965089,0.0000668270949973,-0.000131798544317,0.000201589704375,-0.000306190835545],[-0.000283084722469,0.00200493889861,0.00115255708806,0.0000876365083968,-0.00102746696211,0.000812877144199,-0.0000192239931494,0.000750078936107,-0.00019828673976,-0.000533598475158,-0.000709993590135,0.000321343773976,-0.00104003807064],[-0.000366826599929,0.00115255708806,0.00338104646653,-0.000845641188789,-0.00226573157124,0.00132647994906,-0.000447763042757,-0.000319493672578,0.00304629630409,-0.00155476806685,-0.000327781221131,-0.000300035171676,0.00101573928259],[-0.0000503336596012,0.0000876365083968,-0.000845641188789,0.0036223793868,0.00130618421827,-0.0019868388772,-0.00208331365138,0.00119119894225,0.00205036555417,-0.00292968237773,-0.0019858435262,0.000608637230471,-0.000625723914709],[0.000565668800846,-0.00102746696211,-0.00226573157124,0.00130618421827,0.0103865982965,-0.00155773304868,-0.00385687872767,0.00444477749988,-0.00415352499112,0.00189063872676,0.000630339200143,-0.00132024055347,0.00169102288783],[-0.000526523916051,0.000812877144199,0.00132647994906,-0.0019868388772,-0.00155773304868,0.0146813951433,-0.0029088575393,-0.00396951939911,0.00306288944557,-0.00335420761257,0.00773389730603,-0.00368073629215,0.000499727728311],[0.000395479029976,-0.0000192239931494,-0.000447763042757,-0.00208331365138,-0.00385687872767,-0.0029088575393,0.0119335902855,-0.00263061537407,-0.00391641445458,-0.000258170766756,-0.000314346427331,0.00417725509033,-0.00407222472131],[-0.000413235189626,0.000750078936107,-0.000319493672578,0.00119119894225,0.00444477749988,-0.00396951939911,-0.00263061537407,0.0168412532657,-0.00438245991245,-0.00209152139723,0.00105102837551,-0.00145437265746,0.00364301400259],[-0.0000967543965089,-0.00019828673976,0.00304629630409,0.00205036555417,-0.00415352499112,0.00306288944557,-0.00391641445458,-0.00438245991245,0.0224278289825,-0.00987461302429,0.00276912283152,0.000343038671417,0.000710349238943],[0.0000668270949973,-0.000533598475158,-0.00155476806685,-0.00292968237773,0.00189063872676,-0.00335420761257,-0.000258170766756,-0.00209152139723,-0.00987461302429,0.0234499722719,-0.00812132097781,-0.00479742512107,0.0037055760622],[-0.000131798544317,-0.000709993590135,-0.000327781221131,-0.0019858435262,0.000630339200143,0.00773389730603,-0.000314346427331,0.00105102837551,0.00276912283152,-0.00812132097781,0.0247868858278,-0.00532340211794,-0.000944516563322],[0.000201589704375,0.000321343773976,-0.000300035171676,0.000608637230471,-0.00132024055347,-0.00368073629215,0.00417725509033,-0.00145437265746,0.000343038671417,-0.00479742512107,-0.00532340211794,0.026622550562,-0.0105511723086],[-0.000306190835545,-0.00104003807064,0.00101573928259,-0.000625723914709,0.00169102288783,0.000499727728311,-0.00407222472131,0.00364301400259,0.000710349238943,0.0037055760622,-0.000944516563322,-0.0105511723086,0.0258620232344]],"mean":[-640.898925781,163.550384521,-36.3979110718,13.5546131134,5.50593519211,25.1308097839,8.67463874817,14.3530397415,13.0970220566,12.4345026016,2.12796711922,10.3359832764,10.5802087784]},"pitch_salience":{"dmean":0.0960614681244,"dmean2":0.157421201468,"dvar":0.00663801748306,"dvar2":0.0178645532578,"max":0.987862467766,"mean":0.405399054289,"median":0.390239059925,"min":0.0656612440944,"var":0.025253791362},"silence_rate_20dB":{"dmean":0,"dmean2":0,"dvar":0,"dvar2":0,"max":1,"mean":1,"median":1,"min":1,"var":0},"silence_rate_30dB":{"dmean":0.18090954423,"dmean2":0.361999988556,"dvar":0.148180902004,"dvar2":0.317955046892,"max":1,"mean":0.519980013371,"median":1,"min":0,"var":0.249602019787},"silence_rate_60dB":{"dmean":0.000999500276521,"dmean2":0.00200000009499,"dvar":0.000998514587991,"dvar2":0.00199605291709,"max":1,"mean":0.00699300691485,"median":0,"min":0,"var":0.00694384239614},"spectral_centroid":{"dmean":206.255554199,"dmean2":321.158569336,"dvar":116355.46875,"dvar2":204486.71875,"max":11259.3447266,"mean":1364.13342285,"median":1266.85839844,"min":448.160125732,"var":687827.375},"spectral_complexity":{"dmean":4.01399278641,"dmean2":5.93400001526,"dvar":14.255604744,"dvar2":25.962594986,"max":61,"mean":25.7547454834,"median":26,"min":0,"var":84.4216690063},"spectral_contrast_coeffs":{"dmean":[0.0503027699888,0.0521531961858,0.0424724034965,0.028285684064,0.0238635819405,0.042518928647],"dmean2":[0.0848242044449,0.0864674076438,0.070029579103,0.0475758053362,0.0393108576536,0.0675898045301],"dvar":[0.00150326651055,0.00177618511952,0.00114720605779,0.000481531576952,0.000415105867432,0.00145697465632],"dvar2":[0.00433131819591,0.00472899572924,0.0031252601184,0.00127738458104,0.00105573621113,0.00353755592369],"max":[-0.521441221237,-0.549686849117,-0.591226398945,-0.648229956627,-0.605718433857,-0.432283520699],"mean":[-0.774087190628,-0.780751883984,-0.785170197487,-0.804619193077,-0.799217581749,-0.756753265858],"median":[-0.775042057037,-0.787551283836,-0.789054274559,-0.806493163109,-0.805278897285,-0.759976863861],"min":[-0.969600737095,-0.993166446686,-0.979070425034,-0.975006043911,-0.974584400654,-0.962981581688],"var":[0.00299130938947,0.0050535723567,0.00324279116467,0.00131376530044,0.00172033102717,0.00557859009132]},"spectral_contrast_valleys":{"dmean":[0.442728996277,0.431175917387,0.372954428196,0.286470472813,0.298322051764,0.66122931242],"dmean2":[0.704891681671,0.693221032619,0.566227078438,0.419752568007,0.444582432508,1.05304908752],"dvar":[0.269929409027,0.323952555656,0.301336020231,0.262462049723,0.251185774803,0.403331249952],"dvar2":[0.395096689463,0.461531400681,0.369835168123,0.250836670399,0.285254865885,0.834156394005],"max":[-4.9261007309,-4.57112836838,-4.87392473221,-5.52567052841,-5.44965934753,-8.75115680695],"mean":[-6.70901584625,-6.51172685623,-6.42265367508,-6.71432542801,-7.56611824036,-10.8200616837],"median":[-6.32763147354,-6.29432344437,-6.19585514069,-6.47073173523,-7.30747032166,-10.6790599823],"min":[-27.3592281342,-27.9826087952,-27.6269035339,-27.4817028046,-27.415019989,-27.3527603149],"var":[3.29498839378,3.02807879448,2.89407968521,2.69496035576,2.74528694153,2.16034340858]},"spectral_decrease":{"dmean":1.0029189923e-8,"dmean2":1.67187934608e-8,"dvar":1.34182631695e-16,"dvar2":3.60486660909e-16,"max":2.7679378789e-9,"mean":-2.05057251179e-8,"median":-1.81185306758e-8,"min":-9.820561786e-8,"var":2.53723372455e-16},"spectral_energy":{"dmean":0.0386074185371,"dmean2":0.0634753853083,"dvar":0.00186809804291,"dvar2":0.0049944948405,"max":0.38642475009,"mean":0.100607685745,"median":0.09345510602,"min":1.02042729043e-20,"var":0.00409765308723},"spectral_energyband_high":{"dmean":0.000590807816479,"dmean2":0.000917549652513,"dvar":0.00000363286062566,"dvar2":0.00000821389949124,"max":0.0594150871038,"mean":0.00137745926622,"median":0.00104653392918,"min":7.34713613856e-21,"var":0.00000646842681817},"spectral_energyband_low":{"dmean":0.0355963222682,"dmean2":0.0599867887795,"dvar":0.00178370589856,"dvar2":0.00485016126186,"max":0.345082908869,"mean":0.0645189881325,"median":0.0538545250893,"min":2.6755116902e-23,"var":0.00291391229257},"spectral_energyband_middle_high":{"dmean":0.00436129001901,"dmean2":0.00682599376887,"dvar":0.0000407826082665,"dvar2":0.000100158387795,"max":0.0864415019751,"mean":0.0115473316982,"median":0.00928597804159,"min":1.28848284196e-21,"var":0.0000924582273001},"spectral_energyband_middle_low":{"dmean":0.00451755756512,"dmean2":0.00716065289453,"dvar":0.0000407699189964,"dvar2":0.000101157216704,"max":0.0747457370162,"mean":0.00976351648569,"median":0.00568547472358,"min":1.74904510722e-22,"var":0.000109978776891},"spectral_entropy":{"dmean":0.142248302698,"dmean2":0.216782897711,"dvar":0.0172684006393,"dvar2":0.0369768664241,"max":9.81520462036,"mean":7.61037826538,"median":7.63636159897,"min":6.42479276657,"var":0.104895234108},"spectral_flux":{"dmean":0.0422455370426,"dmean2":0.0688310936093,"dvar":0.00178832560778,"dvar2":0.00432999851182,"max":0.506739974022,"mean":0.162700116634,"median":0.164554253221,"min":6.71267069707e-11,"var":0.00538379186764},"spectral_kurtosis":{"dmean":6.42193651199,"dmean2":9.84704113007,"dvar":53.7994728088,"dvar2":132.820999146,"max":96.9858856201,"mean":25.4158554077,"median":20.6338119507,"min":-1.23930621147,"var":262.508178711},"spectral_rms":{"dmean":0.00179377908353,"dmean2":0.00288811139762,"dvar":0.0000030903379411,"dvar2":0.00000802659269539,"max":0.0194164812565,"mean":0.00934871658683,"median":0.00954859703779,"min":3.15521610575e-12,"var":0.0000107551441033},"spectral_rolloff":{"dmean":4582.10498047,"dmean2":8803.96484375,"dvar":58850820,"dvar2":144069440,"max":22006.9335938,"mean":7170.17041016,"median":1442.72460938,"min":43.06640625,"var":82917656},"spectral_skewness":{"dmean":0.470007359982,"dmean2":0.691190183163,"dvar":0.238480299711,"dvar2":0.550315439701,"max":8.38711452484,"mean":3.52016592026,"median":3.17890071869,"min":-0.0204817187041,"var":1.73366105556},"spectral_spread":{"dmean":557544.0625,"dmean2":847365.3125,"dvar":1348129652740,"dvar2":1785532776450,"max":43098664,"mean":4020150.25,"median":3693776.75,"min":2069156,"var":8177852088320},"spectral_strongpeak":{"dmean":1.89263081551,"dmean2":3.30114483833,"dvar":66.6608734131,"dvar2":176.469772339,"max":144.279556274,"mean":3.76717090607,"median":0.369814485312,"min":0,"var":197.013397217},"zerocrossingrate":{"dmean":0.0378870628774,"dmean2":0.0478483885527,"dvar":0.00117946183309,"dvar2":0.00192209891975,"max":0.71533203125,"mean":0.217223450541,"median":0.18798828125,"min":0.0146484375,"var":0.0164720341563}},"metadata":{"audio_properties":{"analysis_sample_rate":44100,"bit_rate":192000,"codec":"mp3","downmix":"mix","equal_loudness":0,"length":46.4457130432,"lossless":false,"md5_encoded":"f7ac275a987791cfef8374c2202ea038","replay_gain":1.84638404846},"tags":{"album":["Steal This Album!"],"albumartist":["System of a Down"],"albumartistsort":["System of a Down"],"artist":["System of a Down"],"artistsort":["System of a Down"],"date":["2002-11-25"],"discnumber":["1/1"],"file_name":"09 - 36.mp3","mp3gain_album_minmax":["055,202"],"mp3gain_minmax":["080,202"],"musicbrainz album release country":["GB"],"musicbrainz album type":["album"],"musicbrainz_albumartistid":["cc0b7089-c08d-4c10-b6b0-873582c17fd6"],"musicbrainz_albumid":["c3502349-4781-4136-a9d6-02aec80281a4"],"musicbrainz_artistid":["cc0b7089-c08d-4c10-b6b0-873582c17fd6"],"musicbrainz_recordingid":["3e52e34b-e1b2-46c8-82c2-11c89ff2b9f0"],"musicbrainz_releasegroupid":["3351730c-7853-38f3-8d56-1bf627de4523"],"title":["36"],"tracknumber":["9/16"]},"version":{"essentia":"2.1-beta1","essentia_build_sha":"0a826ad6289770054bb7564d59068f1232327ff9","essentia_git_sha":"v2.1_beta1-5-gf9dded9","extractor":"music 1.0"}},"rhythm":{"beats_count":143,"beats_loudness":{"dmean":0.0423041582108,"dmean2":0.0707715153694,"dvar":0.00154096691404,"dvar2":0.00497995875776,"max":0.292496472597,"mean":0.103802025318,"median":0.0988801568747,"min":0.0122056081891,"var":0.00270484643988},"beats_loudness_band_ratio":{"dmean":[0.134579092264,0.0324519015849,0.0504696890712,0.0834613069892,0.0223794467747,0.0635787770152],"dmean2":[0.230670392513,0.0566125102341,0.0861615464091,0.15015001595,0.0400879010558,0.112092904747],"dvar":[0.0161776207387,0.00139263423625,0.0035207325127,0.00927750673145,0.000431398540968,0.00485098501667],"dvar2":[0.0453759618104,0.00379094830714,0.00967701710761,0.0286266040057,0.0011907935841,0.0128716891631],"max":[0.920685648918,0.247300863266,0.344741910696,0.535258233547,0.182635009289,0.634006381035],"mean":[0.570691168308,0.0371365211904,0.0691464021802,0.131484538317,0.0432684235275,0.156618908048],"median":[0.624749183655,0.02390019