{"lowlevel":{"average_loudness":0.857884526253,"barkbands":{"dmean":[0.0000292882577924,0.0015258921776,0.00127229164355,0.00122825673316,0.00331961223856,0.00161047477741,0.00137076876126,0.00118818192277,0.000826921546832,0.000396709714551,0.000364194624126,0.000397507101297,0.000300493498798,0.000283472996671,0.000188447142136,0.000146315273014,0.000129132080474,0.00015921657905,0.000137217881274,0.000106320694613,0.000113172398414,0.000140668518725,0.0000478166439279,0.0000228983026318,0.0000200652757485,0.00000439346013081,4.81740698888e-7],"dmean2":[0.000047914818424,0.0024688357953,0.00208925502375,0.00199615466408,0.00549808237702,0.00275636441074,0.00215010694228,0.00189351779409,0.00130934698973,0.000636020384263,0.00057836069027,0.000629586284049,0.000475722859846,0.000441414187662,0.000298224098515,0.000223450610065,0.000196719280211,0.000242742564296,0.000208985627978,0.000157938135089,0.00017155437672,0.000227186348638,0.0000692648027325,0.0000300312058243,0.0000280308722722,0.00000575849753659,7.55937946906e-7],"dvar":[2.25274976451e-9,0.00000591449361309,0.00000328557916873,0.00000468400139653,0.0000276344417216,0.0000137746446853,0.00000794849893282,0.0000119524011097,0.00000459087323179,8.21808157525e-7,7.86559098742e-7,7.24733411062e-7,4.54694173868e-7,4.01010453288e-7,1.56795266548e-7,1.09010436233e-7,6.00142087137e-8,9.52279890498e-8,1.13701901228e-7,8.26567259082e-8,4.5455770703e-8,1.03057161027e-7,8.18426038052e-9,6.10627104436e-9,1.41931100206e-9,5.84969156447e-11,1.13479798475e-12],"dvar2":[6.17421624938e-9,0.0000148084263856,0.00000826170798973,0.0000118207972264,0.0000713922054274,0.0000370242378267,0.0000187955356523,0.0000287334987661,0.0000113726773634,0.00000210664984479,0.00000190260618638,0.00000186394640878,0.00000115862269467,0.00000102344461084,3.84949260024e-7,2.66002246008e-7,1.42392238445e-7,2.09225447634e-7,2.73544344509e-7,1.82414552796e-7,1.02224646525e-7,2.66615415967e-7,1.72113683305e-8,9.63200541548e-9,2.85413026546e-9,1.04505015752e-10,2.83220799244e-12],"max":[0.000996177317575,0.0233125574887,0.0243518911302,0.0399014875293,0.0703507140279,0.103392630816,0.0520998165011,0.0703699663281,0.0454693771899,0.0200566202402,0.0251681879163,0.0185374692082,0.0136362519115,0.0142750767991,0.0122457463294,0.00706883706152,0.0044828527607,0.00821330398321,0.00822643376887,0.0120487138629,0.0065129394643,0.00398989534006,0.00215855124407,0.00412092916667,0.00141966668889,0.0001645177108,0.000019210147002],"mean":[0.0000537096384505,0.00220521935262,0.00189857184887,0.00160189834423,0.00462646177039,0.00195255223662,0.00209276750684,0.00167818611953,0.00118140736595,0.00060676241992,0.000573135504965,0.000660138612147,0.000490216189064,0.000434086658061,0.000293826858979,0.000237638741964,0.000227698212257,0.000309145747451,0.000271945609711,0.000210584636079,0.000202932831598,0.000177001697011,0.0000787285389379,0.000045166882046,0.0000319065075018,0.00000724863048163,5.6974039353e-7],"median":[0.0000400368116971,0.00146772223525,0.00115391868167,0.000796684471425,0.00237863906659,0.000808825599961,0.000815544102807,0.000386164494557,0.000331317103701,0.000176763744093,0.000161590505741,0.000197853456484,0.000161327887326,0.000138617528137,0.000107410472992,0.0000765341683291,0.0000856692931848,0.000122684607049,0.000107805346488,0.0000913068506634,0.0000899793521967,0.0000576466554776,0.0000297461465379,0.0000175941931957,0.0000139266594488,0.0000028811359698,1.40533529702e-7],"min":[2.61246434893e-24,2.24583714116e-23,1.11759328615e-23,1.18661459217e-23,7.66786620718e-23,2.34400835645e-23,4.9547507798e-23,1.03833810339e-22,5.63005799762e-23,9.33947571821e-23,1.05641368352e-22,1.1761035097e-22,6.30635791799e-23,1.66888636318e-22,7.87644671032e-23,2.33832634913e-22,2.6131142441e-22,2.69444264799e-22,2.43493012936e-22,2.78652707565e-22,4.07493686278e-22,5.07922217592e-22,4.96824295186e-22,7.81297281618e-22,1.24339897423e-21,1.89467799374e-21,2.41405573385e-21],"var":[2.58503751738e-9,0.00000694954223945,0.00000487153329232,0.00000586668738833,0.0000398201118514,0.0000149430243255,0.0000143032284541,0.0000220201018237,0.00000746553450881,0.00000143841066347,0.00000163969218647,0.00000171496049006,9.8366263046e-7,7.48759873659e-7,2.74875077366e-7,2.43297364477e-7,1.35150543201e-7,2.46571289608e-7,2.48744584042e-7,1.70963517121e-7,9.5021292168e-8,1.06889473273e-7,1.64578306538e-8,1.70214757844e-8,2.96915025899e-9,1.42841016793e-10,1.38472165592e-12]},"barkbands_crest":{"dmean":2.36324453354,"dmean2":3.92005968094,"dvar":4.51922988892,"dvar2":11.8941669464,"max":25.8021068573,"mean":8.48457145691,"median":7.91598272324,"min":2.64321088791,"var":10.0696659088},"barkbands_flatness_db":{"dmean":0.0211764015257,"dmean2":0.03080794774,"dvar":0.000418267358327,"dvar2":0.000823609705549,"max":0.489900439978,"mean":0.126332730055,"median":0.116699434817,"min":0.0382171310484,"var":0.00203508301638},"barkbands_kurtosis":{"dmean":2.53549075127,"dmean2":4.06300878525,"dvar":14.4948282242,"dvar2":35.2381401062,"max":80.0294952393,"mean":3.74031805992,"median":2.19417953491,"min":-1.86255562305,"var":31.1711769104},"barkbands_skewness":{"dmean":0.514604628086,"dmean2":0.806485652924,"dvar":0.256783396006,"dvar2":0.630482792854,"max":7.11271333694,"mean":1.54642903805,"median":1.49112343788,"min":-1.98440074921,"var":0.849064469337},"barkbands_spread":{"dmean":5.46603631973,"dmean2":8.63067436218,"dvar":41.529586792,"dvar2":102.110908508,"max":127.95262146,"mean":20.2248573303,"median":18.3584823608,"min":0.776149868965,"var":135.129669189},"dissonance":{"dmean":0.0197197366506,"dmean2":0.0330292060971,"dvar":0.000348996109096,"dvar2":0.000940750003792,"max":0.500000059605,"mean":0.46201813221,"median":0.468448966742,"min":0.242422536016,"var":0.000747742538806},"dynamic_complexity":3.76367259026,"erbbands":{"dmean":[0.0237486939877,0.418096274137,1.40116906166,2.61609745026,8.03522777557,13.1879072189,9.96521091461,15.9811124802,16.061000824,25.4483566284,24.0638103485,18.6155662537,12.4631738663,12.9553585052,12.4418125153,15.4716854095,13.3265886307,12.6762018204,11.259967804,9.55926418304,6.33359146118,7.47921657562,8.54087638855,7.16044616699,6.41164302826,4.70783615112,3.86866664886,6.47459125519,4.98236989975,1.55078601837,1.53738605976,0.582841217518,0.345368295908,0.168783962727,0.201670795679,0.0320013649762,0.00743441097438,0.00125989981461,0.0000715675560059,0.0000120958493426],"dmean2":[0.0381620079279,0.678613424301,2.28091263771,4.22321796417,13.3424949646,22.0675430298,16.8351955414,27.4012851715,25.8312416077,39.5488166809,38.2194023132,29.2000904083,19.8937854767,20.3318214417,19.4578056335,24.5022697449,20.9896297455,19.4307956696,17.4206047058,14.9049425125,9.50215435028,11.2265892029,12.8897647858,10.8436927795,9.68411445618,6.91708946228,5.67342329025,10.2119855881,7.99451971054,2.25509357452,2.25306606293,0.783718764782,0.464531362057,0.222365349531,0.302449375391,0.0423801727593,0.00994720775634,0.00172341987491,0.000112192130473,0.000017681521058],"dvar":[0.00172282289714,0.427428334951,3.9599404335,17.9736938477,225.05519104,525.015686035,331.094146729,1527.75317383,891.529663086,4411.67382813,5509.98632813,2729.39868164,758.776123047,1038.36401367,1014.45690918,1249.97045898,915.299072266,870.505432129,443.997802734,453.608612061,148.982055664,203.71446228,281.592468262,234.773498535,326.765991211,202.719863892,60.4064712524,186.051528931,124.635253906,8.86291313171,9.48681640625,3.50082683563,1.39282536507,0.15939669311,0.172422766685,0.0027045388706,0.000187456462299,0.00000510330892212,3.75562372312e-8,2.63123717259e-10],"dvar2":[0.00434119720012,1.0730073452,9.68493652344,44.8263206482,589.543334961,1362.72521973,908.63104248,4041.43823242,2256.43652344,10327.5722656,13507.4091797,6602.390625,1963.38415527,2622.17675781,2544.05102539,3251.69946289,2373.28637695,2145.3659668,1079.75830078,1131.74401855,325.671661377,473.915039063,603.808288574,551.474182129,782.622558594,456.67199707,123.273605347,458.084106445,320.482025146,19.4199199677,20.7287788391,6.29927062988,2.23880529404,0.241965934634,0.403199493885,0.00503483321518,0.0003614477464,0.0000103227084765,1.00741097242e-7,5.82113635073e-10],"max":[0.481419324875,6.50950860977,27.5911369324,74.3988037109,188.69682312,416.03427124,389.832946777,1197.33984375,678.993713379,1456.73413086,1863.46057129,1224.9498291,615.322509766,862.85760498,904.881896973,919.830688477,678.835693359,664.820129395,431.406341553,726.870300293,274.495666504,313.219451904,489.224853516,382.312835693,530.124206543,596.932373047,294.068908691,229.982376099,168.557296753,73.8946838379,77.3357086182,91.5512008667,62.3161048889,25.9786911011,7.60203647614,1.09622967243,0.239333286881,0.0352494865656,0.00508333416656,0.000235595187405],"mean":[0.0350184887648,0.599761962891,2.18252754211,3.85538506508,10.1605997086,17.4016361237,13.5134057999,19.0991973877,24.8808288574,37.8533859253,35.333946228,26.9156608582,19.8472328186,21.2488212585,20.7211837769,27.3524112701,24.0367088318,20.8817939758,19.099937439,15.8763570786,11.3190851212,14.1445665359,17.0683479309,14.6700019836,13.1187067032,9.41840267181,7.66695547104,9.64961528778,6.38226079941,2.65504622459,2.39104390144,1.13939809799,0.647506654263,0.305493026972,0.277598500252,0.0532394237816,0.0116246268153,0.00188216916285,0.0000898961734492,0.000029450886359],"median":[0.0189083982259,0.397626578808,1.36222136021,2.41267514229,5.15380954742,7.61268806458,6.85212039948,7.24463224411,11.8258876801,10.1537408829,8.88335227966,7.36656332016,7.48052692413,7.54628896713,6.8091340065,8.30468177795,8.55312728882,6.98119306564,7.99775314331,5.65800571442,4.4874997139,5.56951475143,7.16099309921,5.93952894211,5.51094913483,4.0997300148,3.65790557861,3.54555869102,2.12106633186,1.04896640778,0.873118579388,0.449555158615,0.259155571461,0.133511081338,0.107954084873,0.0231315921992,0.00435293838382,0.000654220988508,0.0000322298728861,0.00002292350473],"min":[1.00073193021e-21,3.58695927031e-21,1.35959912967e-20,2.71840726789e-20,1.50846750306e-19,2.90835255808e-19,1.72129319061e-19,2.27125443137e-19,3.61643441356e-19,2.34595059844e-18,1.35487448727e-18,1.27732661504e-18,1.92191051949e-18,3.27283790767e-18,5.40224999254e-18,5.08562097049e-18,3.34913249788e-18,5.27864770233e-18,6.40437599593e-18,8.04215597207e-18,1.45608222725e-17,1.32037265985e-17,1.3614675717e-17,1.05479730792e-17,1.79374132376e-17,1.2725948731e-17,1.44481205684e-17,1.73655766627e-17,1.97358825603e-17,1.36010264097e-17,1.49460005791e-17,1.40242004306e-17,1.38274629665e-17,1.4525880509e-17,9.37537425052e-18,6.91794927721e-18,3.22598453662e-18,1.22198585391e-18,3.56823253132e-19,3.7460014644e-20],"var":[0.00204898836091,0.504411399364,6.05982494354,24.1956558228,237.326004028,804.647705078,409.764160156,1664.60900879,1552.02856445,8239.91113281,9620.68652344,4483.69384766,1312.68811035,1957.58068848,2053.04272461,2966.40185547,2047.88378906,1777.25268555,878.867004395,836.957702637,370.299133301,502.657867432,742.481994629,593.821594238,672.753295898,392.062316895,151.19732666,251.637252808,132.561950684,18.1899719238,16.3860702515,8.82324123383,3.67644095421,0.504462122917,0.228700429201,0.0065638194792,0.00038639982813,0.00000988624105958,3.6402010295e-8,6.11625583513e-10]},"erbbands_crest":{"dmean":2.64894247055,"dmean2":4.26583814621,"dvar":6.78692102432,"dvar2":16.2520008087,"max":30.4560279846,"mean":8.40538215637,"median":7.16797018051,"min":2.27462434769,"var":18.7348041534},"erbbands_flatness_db":{"dmean":0.0188220757991,"dmean2":0.0255238357931,"dvar":0.000330684706569,"dvar2":0.000594165932853,"max":0.355342358351,"mean":0.153470665216,"median":0.147506728768,"min":0.0260501839221,"var":0.00162103853654},"erbbands_kurtosis":{"dmean":0.955453693867,"dmean2":1.53231692314,"dvar":2.97046327591,"dvar2":7.32364559174,"max":46.2099685669,"mean":0.326994121075,"median":-0.313113689423,"min":-1.84002947807,"var":5.41036939621},"erbbands_skewness":{"dmean":0.384702682495,"dmean2":0.601167917252,"dvar":0.154489472508,"dvar2":0.373071342707,"max":4.93902158737,"mean":0.437870204449,"median":0.407188862562,"min":-3.51583766937,"var":0.539729058743},"erbbands_spread":{"dmean":8.94090747833,"dmean2":13.6794672012,"dvar":91.6555862427,"dvar2":205.616317749,"max":157.393066406,"mean":39.9938659668,"median":38.7507247925,"min":1.99030101299,"var":298.758789063},"gfcc":{"cov":[[8770.13964844,-667.96484375,-709.071533203,343.48727417,-655.676879883,120.255104065,-245.928833008,75.2547454834,-226.90184021,38.6581268311,-185.175567627,-12.3122444153,-100.037826538],[-667.96484375,972.248535156,26.8296966553,-234.99269104,239.820373535,-120.700119019,75.2629089355,-29.2275161743,99.4080047607,-67.6657867432,87.1159515381,-76.3001861572,21.8889942169],[-709.071533203,26.8296966553,587.340332031,30.804233551,52.8907623291,58.5981063843,-17.0121536255,-10.8501529694,48.2581062317,39.167766571,-41.3301734924,47.1520767212,19.3121528625],[343.48727417,-234.99269104,30.804233551,334.118408203,-27.9514255524,7.79034614563,-24.0999279022,18.1099586487,-5.20195245743,6.22119140625,-9.72675991058,20.1203765869,14.7472276688],[-655.676879883,239.820373535,52.8907623291,-27.9514255524,254.953720093,18.3933124542,37.3980064392,-6.29939889908,28.9744510651,-13.0436601639,30.2395896912,3.68977761269,11.1401176453],[120.255104065,-120.700119019,58.5981063843,7.79034614563,18.3933124542,198.228286743,53.7762908936,-7.22899484634,-33.5522499084,27.2605075836,-15.9977664948,21.023431778,-7.10344362259],[-245.928833008,75.2629089355,-17.0121536255,-24.0999279022,37.3980064392,53.7762908936,136.323669434,32.7728157043,-2.89211082458,-13.695687294,33.3765983582,-13.6942844391,-8.02568721771],[75.2547454834,-29.2275161743,-10.8501529694,18.1099586487,-6.29939889908,-7.22899484634,32.7728157043,89.9876098633,31.0570850372,2.65885853767,2.80999207497,-8.21016979218,-7.59501791],[-226.90184021,99.4080047607,48.2581062317,-5.20195245743,28.9744510651,-33.5522499084,-2.89211082458,31.0570850372,107.483322144,22.2692775726,-0.419580310583,-17.167142868,3.78120088577],[38.6581268311,-67.6657867432,39.167766571,6.22119140625,-13.0436601639,27.2605075836,-13.695687294,2.65885853767,22.2692775726,70.1590957642,2.59031581879,8.69679069519,-12.534819603],[-185.175567627,87.1159515381,-41.3301734924,-9.72675991058,30.2395896912,-15.9977664948,33.3765983582,2.80999207497,-0.419580310583,2.59031581879,81.0760040283,-2.27724170685,-3.40390229225],[-12.3122444153,-76.3001861572,47.1520767212,20.1203765869,3.68977761269,21.023431778,-13.6942844391,-8.21016979218,-17.167142868,8.69679069519,-2.27724170685,67.1947250366,16.1708221436],[-100.037826538,21.8889942169,19.3121528625,14.7472276688,11.1401176453,-7.10344362259,-8.02568721771,-7.59501791,3.78120088577,-12.534819603,-3.40390229225,16.1708221436,49.6284065247]],"icov":[[0.000232054182561,-0.000357249693479,0.000329514557961,-0.000356915377779,0.000603749242146,-0.000481669296278,0.000625584740192,-0.000603540742304,0.000541310699191,-0.000270694319624,0.000504374445882,-0.000223294453463,0.000405235536164],[-0.000357249693479,0.00336663564667,-0.000912353978492,0.00201892922632,-0.00265514850616,0.00196175742894,-0.00195696647279,0.00266834488139,-0.00292114913464,0.00246046017855,-0.0026579820551,0.00248992186971,-0.00163083081134],[0.000329514557961,-0.000912353978492,0.00266422401182,-0.000855947961099,0.000710389693268,-0.00127440097276,0.000889841583557,-0.000574458099436,-0.000150714447955,-0.001345045981,0.00213085231371,-0.00202473159879,0.000475982640637],[-0.000356915377779,0.00201892922632,-0.000855947961099,0.00455114524812,-0.00155470264144,0.00105955766048,-0.000626420078333,0.000596050056629,-0.00151408975944,0.00141384883318,-0.00196227803826,0.0010428406531,-0.00214058626443],[0.000603749242146,-0.00265514850616,0.000710389693268,-0.00155470264144,0.00748147722334,-0.00290540396236,0.00157295912504,-0.00152934226207,0.000417714763898,0.000139696421684,0.000432862812886,-0.0025283198338,0.00135568575934],[-0.000481669296278,0.00196175742894,-0.00127440097276,0.00105955766048,-0.00290540396236,0.00998250022531,-0.00676287198439,0.0031989379786,0.00141017069109,-0.00379721401259,0.00207762396894,-0.0000514116582053,-0.00108547357377],[0.000625584740192,-0.00195696647279,0.000889841583557,-0.000626420078333,0.00157295912504,-0.00676287198439,0.0150954751298,-0.00729058077559,0.00214047031477,0.00313039775938,-0.00394657300785,0.0012144157663,0.00192957592662],[-0.000603540742304,0.00266834488139,-0.000574458099436,0.000596050056629,-0.00152934226207,0.0031989379786,-0.00729058077559,0.0178880728781,-0.00784394517541,0.00219937693328,-0.000943273364101,0.000370348396245,0.00098042958416],[0.000541310699191,-0.00292114913464,-0.000150714447955,-0.00151408975944,0.000417714763898,0.00141017069109,0.00214047031477,-0.00784394517541,0.0183049533516,-0.00938663817942,0.00401010643691,0.00293725449592,-0.00230559520423],[-0.000270694319624,0.00246046017855,-0.001345045981,0.00141384883318,0.000139696421684,-0.00379721401259,0.00313039775938,0.00219937693328,-0.00938663817942,0.0238610208035,-0.00656852638349,-0.00170147034805,0.00558609468862],[0.000504374445882,-0.0026579820551,0.00213085231371,-0.00196227803826,0.000432862812886,0.00207762396894,-0.00394657300785,-0.000943273364101,0.00401010643691,-0.00656852638349,0.0193116441369,-0.00333237997256,0.00180634169374],[-0.000223294453463,0.00248992186971,-0.00202473159879,0.0010428406531,-0.0025283198338,-0.0000514116582053,0.0012144157663,0.000370348396245,0.00293725449592,-0.00170147034805,-0.00333237997256,0.0220886655152,-0.00833647325635],[0.000405235536164,-0.00163083081134,0.000475982640637,-0.00214058626443,0.00135568575934,-0.00108547357377,0.00192957592662,0.00098042958416,-0.00230559520423,0.00558609468862,0.00180634169374,-0.00833647325635,0.0265659522265]],"mean":[-17.9048728943,106.4271698,-117.097412109,36.0027885437,-62.8112716675,8.28594779968,-38.2107810974,2.89307546616,-26.7827033997,3.37304568291,-16.2433757782,-1.73148560524,-12.9763898849]},"hfc":{"dmean":5.55170631409,"dmean2":7.41985702515,"dvar":57.002281189,"dvar2":105.064414978,"max":147.588867188,"mean":15.9330921173,"median":11.2305803299,"min":1.18845935515e-16,"var":224.84475708},"melbands":{"dmean":[0.000318592385156,0.000662281992845,0.000587540096603,0.000754549342673,0.000412121677073,0.000341555307386,0.000249542616075,0.000274575053481,0.000195189830265,0.000115323440696,0.0000635558681097,0.000054246174841,0.0000458326139778,0.0000351108901668,0.0000486712488055,0.0000282991841232,0.0000246765594056,0.0000205897376873,0.0000155465895659,0.0000126078566609,0.00000713117924533,0.00000857799386722,0.00000723725543139,0.00000812420785223,0.0000061778014242,0.00000508096354679,0.00000459442662759,0.0000032517928048,0.00000265986886916,0.00000229657166528,0.00000514875318913,0.00000369014833268,0.00000121970344935,7.53154267841e-7,0.00000118612535971,4.47580390528e-7,3.24922240225e-7,2.72333210205e-7,1.88964136782e-7,1.26710588688e-7],"dmean2":[0.000511542486493,0.00107099942397,0.000947233114857,0.00124553451315,0.000696799019352,0.000584501423873,0.000398361793486,0.000428344385,0.000311690382659,0.000181345225428,0.000101914163679,0.0000857357299537,0.0000727518490748,0.0000552313867956,0.0000776142915129,0.0000448852697446,0.0000382298931072,0.0000321010556945,0.0000249443146458,0.000019869157768,0.0000108321892185,0.0000131979541038,0.0000109454513222,0.0000124477155623,0.00000947338048718,0.00000777772947913,0.00000703809564584,0.00000489263175041,0.00000401687429985,0.00000350947038896,0.00000829911186884,0.00000602160253038,0.00000191381514014,0.00000109735674414,0.00000178996117484,6.44547185402e-7,4.48244406925e-7,3.78423891334e-7,2.58725805224e-7,1.77118280931e-7],"dvar":[2.7465799235e-7,8.91973115813e-7,9.2207852731e-7,0.0000015242817426,4.86807380184e-7,6.4726657456e-7,2.17139941583e-7,5.17000046329e-7,3.69773658804e-7,1.05432945929e-7,2.01652277099e-8,1.71646075131e-8,1.30952155786e-8,6.15093886935e-9,1.0511416626e-8,4.79091877281e-9,3.64375041251e-9,1.66811264801e-9,1.17481246953e-9,9.97647631173e-10,1.95704549788e-10,2.8774316263e-10,2.25441776358e-10,2.45413217526e-10,1.94744637083e-10,1.80195788846e-10,1.56874166435e-10,9.90434054216e-11,3.28410493244e-11,2.19620224784e-11,1.41187783687e-10,7.26401161444e-11,6.86307477862e-12,2.14692781782e-12,6.07731269822e-12,1.19334641994e-12,1.41687041873e-12,9.19795272933e-13,3.08832874638e-13,8.96164991716e-14],"dvar2":[6.85451425397e-7,0.00000214961551137,0.00000232508455156,0.00000396135737901,0.00000130246951358,0.00000171705244156,5.33737136266e-7,0.00000121275888887,9.08854303816e-7,2.5472391485e-7,5.22652925383e-8,4.34452722686e-8,3.19748565403e-8,1.57887729557e-8,2.68566306971e-8,1.22894556753e-8,9.00562291406e-9,4.19914947258e-9,2.98342772709e-9,2.52505483189e-9,4.29729224427e-10,6.9157435334e-10,4.73565131553e-10,5.60449742171e-10,4.5543055438e-10,4.31120417144e-10,3.63661656344e-10,2.33384062076e-10,7.15315515154e-11,5.06786973498e-11,3.59033747177e-10,1.89073284806e-10,1.69605128553e-11,4.67242347243e-12,1.39497528112e-11,2.48238669204e-12,2.4378225133e-12,1.48787080746e-12,5.43997301632e-13,1.54673447444e-13],"max":[0.00581749528646,0.0126344999298,0.0138175385073,0.0169928539544,0.0139913894236,0.0238168723881,0.00869937893003,0.015581427142,0.0144721101969,0.00786873698235,0.00324247311801,0.00343883340247,0.00293484306894,0.00163545808755,0.00223498023115,0.00151662330609,0.00134603469633,0.000891377800144,0.00111262861174,0.000689729000442,0.000372814858565,0.000360147736501,0.000499678601045,0.000360040459782,0.000386292114854,0.000408236403018,0.000444084143965,0.000384076673072,0.000169235805515,0.000186587974895,0.000179169379408,0.000103554957605,0.0000573109173274,0.0000386811807402,0.0000480976705148,0.0000465047014586,0.0000589196024521,0.0000531346122443,0.0000317535195791,0.0000186531960935],"mean":[0.000467886246042,0.00105440604966,0.000845986185595,0.00102729909122,0.000561581575312,0.000420599651989,0.000386987900129,0.000404068588978,0.000280563079286,0.000162479613209,0.0000980462064035,0.0000866553309606,0.0000734368150006,0.0000565614682273,0.0000834286693134,0.0000445476216555,0.000038067704736,0.0000324548964272,0.0000234154358623,0.0000200790382223,0.0000112295083454,0.0000151478207044,0.0000130522494146,0.0000155320176418,0.0000115483371701,0.00000972657744569,0.0000088216693257,0.00000571164628127,0.0000048214292292,0.00000429661804446,0.00000654883206153,0.00000436675918536,0.00000180702238595,0.00000127704026909,0.00000166070662999,8.18815692583e-7,6.12684118551e-7,4.87905879254e-7,3.28667539407e-7,2.20413085117e-7],"median":[0.00030806180439,0.000702576828189,0.000520761299413,0.000522902992088,0.000279293832136,0.000172198211658,0.000176357512828,0.000101163175714,0.0000637687480776,0.0000431125918112,0.0000347741515725,0.0000297105798381,0.0000212332488445,0.0000179098133231,0.0000218333079829,0.000014063512026,0.0000112524539873,0.0000120825570775,0.00000816126794234,0.00000574201203563,0.00000435630454376,0.00000537692676517,0.00000556376971872,0.00000583100791118,0.00000428834982813,0.00000398826750825,0.00000342977409673,0.00000232343245443,0.00000214291821976,0.00000197358281184,0.00000205487708627,0.00000135821073854,6.39207712538e-7,5.0022083542e-7,5.60594628496e-7,3.14467058615e-7,2.34538561017e-7,1.86949790759e-7,1.34719286393e-7,9.5328964278e-8],"min":[6.79900912637e-24,6.08268082594e-24,6.80950807616e-24,1.85911054637e-23,6.97176887575e-24,4.67806468039e-24,6.61511736632e-24,2.69075153626e-23,1.00891972896e-23,8.2041392148e-24,9.43937548552e-24,1.26779035147e-23,1.64731622391e-23,1.43467545369e-23,8.83006721094e-24,6.86720930707e-24,1.12075298962e-23,1.30535070129e-23,6.77079551609e-24,1.47948827513e-23,1.71071823704e-23,1.28637709768e-23,1.26161838263e-23,1.32463251285e-23,7.3345975605e-24,1.16321271787e-23,1.10901686928e-23,8.06430020872e-24,9.00493637438e-24,9.72276982142e-24,1.00244696746e-23,1.0718141101e-23,9.80380398018e-24,6.94377299109e-24,8.53752129968e-24,7.74858781926e-24,9.39585639596e-24,8.62466124185e-24,1.10396090196e-23,1.31297890736e-23],"var":[3.20818088539e-7,0.00000129628210743,0.00000114573663268,0.00000209065524359,6.81770131905e-7,7.17707848708e-7,3.82047602443e-7,9.91872866507e-7,6.55484200252e-7,1.72712375957e-7,3.40101742324e-8,3.17442818698e-8,2.80838765576e-8,1.2763028856e-8,2.89705823775e-8,9.16509002025e-9,6.88059875742e-9,3.02989544565e-9,1.89633753145e-9,2.04500150147e-9,3.82812892497e-10,6.63002153178e-10,5.04981390037e-10,6.40272335151e-10,4.32615360202e-10,3.73130110143e-10,3.30132032822e-10,1.65121138984e-10,6.90653784163e-11,4.90223070471e-11,1.51337539722e-10,7.0637731775e-11,9.82744961797e-12,4.5691918131e-12,8.6859807541e-12,2.92233728535e-12,3.56662290847e-12,2.34302833212e-12,8.03531828748e-13,2.53825958732e-13]},"melbands_crest":{"dmean":3.02851057053,"dmean2":5.05894613266,"dvar":6.59002494812,"dvar2":17.5039710999,"max":30.0606155396,"mean":11.8258190155,"median":11.1157407761,"min":1.17395997047,"var":15.4471530914},"melbands_flatness_db":{"dmean":0.0269886367023,"dmean2":0.0391153506935,"dvar":0.000714239838999,"dvar2":0.00138141261414,"max":0.653275370598,"mean":0.197410956025,"median":0.186537533998,"min":0.000276670965832,"var":0.00380446948111},"melbands_kurtosis":{"dmean":5.74452638626,"dmean2":9.17635822296,"dvar":64.4893875122,"dvar2":158.981445313,"max":142.900436401,"mean":11.2281599045,"median":8.04649543762,"min":-1.84029829502,"var":140.705413818},"melbands_skewness":{"dmean":0.67911118269,"dmean2":1.05768811703,"dvar":0.443477541208,"dvar2":1.0701867342,"max":10.674902916,"mean":2.4980802536,"median":2.38032221794,"min":-1.90151083469,"var":1.55794692039},"melbands_spread":{"dmean":6.58304023743,"dmean2":10.4950065613,"dvar":93.246711731,"dvar2":215.629547119,"max":195.412704468,"mean":20.8424892426,"median":17.7576789856,"min":0.746494054794,"var":220.379272461},"mfcc":{"cov":[[7880.79785156,-976.59375,-296.65802002,61.6231613159,-395.675079346,-43.5605621338,-104.111068726,-27.7288150787,-86.4082717896,-33.5823745728,-33.0964660645,9.91478443146,-166.070968628],[-976.59375,1184.36108398,-92.2132110596,-90.9725799561,115.949630737,-41.6952972412,20.3797969818,5.67187595367,5.11848306656,28.5103111267,25.6709728241,-2.23308515549,38.1960449219],[-296.65802002,-92.2132110596,455.444488525,29.7821178436,35.236164093,65.9684906006,-39.3939476013,-10.735830307,46.3230361938,-5.68156576157,-5.78428077698,-10.2847585678,28.707321167],[61.6231613159,-90.9725799561,29.7821178436,252.365951538,51.9693412781,-26.689207077,-29.7438411713,10.7368450165,1.73252809048,0.575891435146,-12.0236215591,9.1364812851,3.02673959732],[-395.675079346,115.949630737,35.236164093,51.9693412781,178.48487854,39.1043510437,-12.8531885147,-1.94917154312,24.7971191406,1.54188621044,-13.7767267227,-1.26781761646,25.0441246033],[-43.5605621338,-41.6952972412,65.9684906006,-26.689207077,39.1043510437,165.710067749,44.1964874268,11.2452011108,10.6570272446,-13.7649106979,9.27039432526,-16.4664173126,11.1444311142],[-104.111068726,20.3797969818,-39.3939476013,-29.7438411713,-12.8531885147,44.1964874268,158.479309082,49.023891449,-18.5650081635,6.76969766617,1.74924504757,12.20084095,-4.67893505096],[-27.7288150787,5.67187595367,-10.735830307,10.7368450165,-1.94917154312,11.2452011108,49.023891449,81.5553817749,21.1320533752,4.04317426682,4.3765912056,2.91729998589,3.27480816841],[-86.4082717896,5.11848306656,46.3230361938,1.73252809048,24.7971191406,10.6570272446,-18.5650081635,21.1320533752,81.4741592407,22.5680141449,0.955540120602,2.42822551727,5.88046884537],[-33.5823745728,28.5103111267,-5.68156576157,0.575891435146,1.54188621044,-13.7649106979,6.76969766617,4.04317426682,22.5680141449,82.4534301758,24.6479454041,9.65629196167,-0.488486349583],[-33.0964660645,25.6709728241,-5.78428077698,-12.0236215591,-13.7767267227,9.27039432526,1.74924504757,4.3765912056,0.955540120602,24.6479454041,68.6275024414,19.9716281891,1.97927701473],[9.91478443146,-2.23308515549,-10.2847585678,9.1364812851,-1.26781761646,-16.4664173126,12.20084095,2.91729998589,2.42822551727,9.65629196167,19.9716281891,68.8673934937,17.6724433899],[-166.070968628,38.1960449219,28.707321167,3.02673959732,25.0441246033,11.1444311142,-4.67893505096,3.27480816841,5.88046884537,-0.488486349583,1.97927701473,17.6724433899,57.5922698975]],"icov":[[0.000171456995304,0.0000855615871842,0.000121664299513,-0.0000644818064757,0.00033514414099,-0.000216579559492,0.000284778390778,-0.000104083759652,0.000129592270241,-0.0000870238436619,0.000234176783124,-0.000238698776229,0.000356859032763],[0.0000855615871842,0.00112304650247,0.000225440089707,0.00054955977248,-0.000889234885108,0.000679409306031,-0.000203126066481,-0.0000660208752379,0.0000897039426491,-0.0000919143349165,-0.000622070860118,0.000497967470437,-0.000538248859812],[0.000121664299513,0.000225440089707,0.0027778018266,-0.000410110718803,0.000362545921234,-0.0011828832794,0.000599241175223,0.000636639480945,-0.00142279907595,0.000165687160916,0.000223234208534,0.000274535821518,-0.00102326238994],[-0.0000644818064757,0.00054955977248,-0.000410110718803,0.00509177427739,-0.00235029961914,0.00123785971664,0.00109817588236,-0.00204280856997,0.00146875309292,-0.000459280825453,0.000447763683042,-0.000797636806965,0.000449796963949],[0.00033514414099,-0.000889234885108,0.000362545921234,-0.00235029961914,0.00899674277753,-0.00323446700349,0.0011373704765,0.00093835266307,-0.00177780003287,-0.000621925282758,0.00280729075894,-0.000864227418788,-0.00140338984784],[-0.000216579559492,0.000679409306031,-0.0011828832794,0.00123785971664,-0.00323446700349,0.00989056471735,-0.00444662058726,0.00134910573252,-0.00201651942916,0.00294970348477,-0.00441520148888,0.00431137345731,-0.00243619596586],[0.000284778390778,-0.000203126066481,0.000599241175223,0.00109817588236,0.0011373704765,-0.00444662058726,0.0118765830994,-0.00794119015336,0.00573618849739,-0.00329343229532,0.00382613460533,-0.00454140268266,0.00303020188585],[-0.000104083759652,-0.0000660208752379,0.000636639480945,-0.00204280856997,0.00093835266307,0.00134910573252,-0.00794119015336,0.0193882957101,-0.00834311172366,0.00277652987279,-0.0029674526304,0.00277752522379,-0.0027579353191],[0.000129592270241,0.0000897039426491,-0.00142279907595,0.00146875309292,-0.00177780003287,-0.00201651942916,0.00573618849739,-0.00834311172366,0.0191244836897,-0.00631457474083,0.00322813284583,-0.00278448476456,0.0017871480668],[-0.0000870238436619,-0.0000919143349165,0.000165687160916,-0.000459280825453,-0.000621925282758,0.00294970348477,-0.00329343229532,0.00277652987279,-0.00631457474083,0.0164044480771,-0.00684844842181,0.00125036621466,-0.000338643934811],[0.000234176783124,-0.000622070860118,0.000223234208534,0.000447763683042,0.00280729075894,-0.00441520148888,0.00382613460533,-0.0029674526304,0.00322813284583,-0.00684844842181,0.0207652449608,-0.00738405156881,0.00223070709035],[-0.000238698776229,0.000497967470437,0.000274535821518,-0.000797636806965,-0.000864227418788,0.00431137345731,-0.00454140268266,0.00277752522379,-0.00278448476456,0.00125036621466,-0.00738405156881,0.0204958114773,-0.00783938821405],[0.000356859032763,-0.000538248859812,-0.00102326238994,0.000449796963949,-0.00140338984784,-0.00243619596586,0.00303020188585,-0.0027579353191,0.0017871480668,-0.000338643934811,0.00223070709035,-0.00783938821405,0.0228640828282]],"mean":[-657.637939453,131.880554199,1.68874406815,28.5921554565,-3.35919451714,6.83283901215,-2.62730717659,-1.00174212456,-5.27948617935,-1.74248182774,-0.00320045137778,-0.920743584633,-4.54725646973]},"pitch_salience":{"dmean":0.0714112371206,"dmean2":0.118170551956,"dvar":0.00373611692339,"dvar2":0.0101848375052,"max":0.982252955437,"mean":0.613579928875,"median":0.620103180408,"min":0.138027504086,"var":0.00833153910935},"silence_rate_20dB":{"dmean":0,"dmean2":0,"dvar":0,"dvar2":0,"max":1,"mean":1,"median":1,"min":1,"var":0},"silence_rate_30dB":{"dmean":0.00126008060761,"dmean2":0.00252047879621,"dvar":0.00125853403006,"dvar2":0.00377412745729,"max":1,"mean":0.999370038509,"median":1,"min":0,"var":0.000629594782367},"silence_rate_60dB":{"dmean":0.0325100794435,"dmean2":0.0650283545256,"dvar":0.031451381743,"dvar2":0.0769323185086,"max":1,"mean":0.062996096909,"median":0,"min":0,"var":0.0590268969536},"spectral_centroid":{"dmean":265.885131836,"dmean2":418.35546875,"dvar":106424.039063,"dvar2":246650.3125,"max":11137.7695313,"mean":1205.40100098,"median":1100.40942383,"min":156.143463135,"var":370915.65625},"spectral_complexity":{"dmean":4.04334688187,"dmean2":5.57303094864,"dvar":22.0720996857,"dvar2":37.0610771179,"max":54,"mean":17.5407581329,"median":16,"min":0,"var":99.0244674683},"spectral_contrast_coeffs":{"dmean":[0.0573731698096,0.0502458587289,0.0390026122332,0.0315487906337,0.0217229332775,0.022333431989],"dmean2":[0.0950970947742,0.082922488451,0.0626451224089,0.0497908368707,0.0341837666929,0.0351366885006],"dvar":[0.00230783643201,0.00167588493787,0.00100423884578,0.000635178002995,0.000338369660312,0.000514578423463],"dvar2":[0.0061961482279,0.0044220155105,0.00250187795609,0.00153222389054,0.000771239865571,0.0011986711761],"max":[-0.261198431253,-0.409101963043,-0.435668706894,-0.563129603863,-0.627589404583,-0.591970682144],"mean":[-0.629128992558,-0.733658611774,-0.770823657513,-0.776686251163,-0.79685395956,-0.743144631386],"median":[-0.63492590189,-0.740043342113,-0.779180347919,-0.780840814114,-0.800163984299,-0.743710577488],"min":[-0.957659780979,-0.990439295769,-0.981839060783,-0.981739163399,-0.981047332287,-0.959722459316],"var":[0.0062240222469,0.0051580267027,0.00403642747551,0.00284619489685,0.00162988540251,0.0018088897923]},"spectral_contrast_valleys":{"dmean":[0.482425361872,0.411288380623,0.378876388073,0.360369265079,0.334629029036,0.388429015875],"dmean2":[0.769369959831,0.645183265209,0.556173920631,0.499270826578,0.421678125858,0.441956192255],"dvar":[0.199787348509,0.134439915419,0.122023396194,0.126628443599,0.133909136057,0.200894534588],"dvar2":[0.438177347183,0.286125481129,0.222497746348,0.208943784237,0.193466305733,0.309419959784],"max":[-5.30732774734,-4.5777220726,-5.24367332458,-5.59689569473,-5.6866402626,-7.74444150925],"mean":[-7.22859525681,-6.60832166672,-7.48670864105,-7.84913682938,-7.73988962173,-10.4810562134],"median":[-7.07283496857,-6.50135993958,-7.4162273407,-7.7886762619,-7.53167963028,-10.2306442261],"min":[-27.6725749969,-27.182182312,-27.4419956207,-27.4708156586,-27.344707489,-27.2415142059],"var":[0.885689437389,0.910718560219,0.909430682659,0.938488960266,1.12057840824,1.21065926552]},"spectral_decrease":{"dmean":2.25800422804e-9,"dmean2":3.38738592731e-9,"dvar":8.89611572977e-18,"dvar2":1.98733268909e-17,"max":5.5712588301e-23,"mean":-5.48571588155e-9,"median":-4.23016155437e-9,"min":-4.00773920717e-8,"var":2.12131146377e-17},"spectral_energy":{"dmean":0.00893811974674,"dmean2":0.0133107360452,"dvar":0.000138739924296,"dvar2":0.000306511268718,"max":0.159670382738,"mean":0.0221495218575,"median":0.0171366911381,"min":1.07624986487e-20,"var":0.000343238876667},"spectral_energyband_high":{"dmean":0.000339661346516,"dmean2":0.000479509908473,"dvar":4.01861825594e-7,"dvar2":8.3245663518e-7,"max":0.0160219557583,"mean":0.000642565079033,"median":0.000290850497549,"min":7.6543731516e-21,"var":8.82169842953e-7},"spectral_energyband_low":{"dmean":0.00276267714798,"dmean2":0.00431605055928,"dvar":0.0000152941702254,"dvar2":0.0000353233263013,"max":0.0491676852107,"mean":0.00483089825138,"median":0.00340013275854,"min":4.00545513021e-23,"var":0.0000241577017732},"spectral_energyband_middle_high":{"dmean":0.00156222446822,"dmean2":0.00220582005568,"dvar":0.00000539720713277,"dvar2":0.0000117821255117,"max":0.0435637794435,"mean":0.00416484056041,"median":0.00238902750425,"min":1.7500706264e-21,"var":0.0000231512076425},"spectral_energyband_middle_low":{"dmean":0.00676956074312,"dmean2":0.0107085257769,"dvar":0.000096852229035,"dvar2":0.000233809565543,"max":0.133579745889,"mean":0.0132604492828,"median":0.00858237408102,"min":3.51071325111e-22,"var":0.000188233738299},"spectral_entropy":{"dmean":0.180841863155,"dmean2":0.251371830702,"dvar":0.0369585417211,"dvar2":0.0664930120111,"max":9.79988670349,"mean":7.51750659943,"median":7.60661125183,"min":4.60440301895,"var":0.175797879696},"spectral_flux":{"dmean":0.0242345929146,"dmean2":0.036892876029,"dvar":0.00074389053043,"dvar2":0.0015519753797,"max":0.297587960958,"mean":0.0793545395136,"median":0.0721650794148,"min":1.03742466007e-10,"var":0.00202838028781},"spectral_kurtosis":{"dmean":1.91567885876,"dmean2":3.06806969643,"dvar":8.50438404083,"dvar2":19.730014801,"max":93.0779800415,"mean":4.70614385605,"median":3.42348861694,"min":-1.17334055901,"var":19.891746521},"spectral_rms":{"dmean":0.000890493451152,"dmean2":0.00129186327104,"dvar":9.69680513663e-7,"dvar2":0.00000199675309887,"max":0.0124810244888,"mean":0.00423937197775,"median":0.00408885348588,"min":3.24037021174e-12,"var":0.00000363701383321},"spectral_rolloff":{"dmean":441.51385498,"dmean2":743.458984375,"dvar":533186.5,"dvar2":1270067.25,"max":18820.0195313,"mean":1234.9732666,"median":947.4609375,"min":129.19921875,"var":1205223.75},"spectral_skewness":{"dmean":0.258838444948,"dmean2":0.396892637014,"dvar":0.0987209677696,"dvar2":0.217700853944,"max":8.28355121613,"mean":1.53590333462,"median":1.41806900501,"min":0.0193715635687,"var":0.360935121775},"spectral_spread":{"dmean":509845.96875,"dmean2":702947.875,"dvar":420763041792,"dvar2":685905018880,"max":39828748,"mean":4287881.5,"median":4276797.5,"min":1292745.375,"var":1456588849150},"spectral_strongpeak":{"dmean":0.465420216322,"dmean2":0.786248385906,"dvar":0.473824173212,"dvar2":1.22612702847,"max":7.39841938019,"mean":0.769611001015,"median":0.399297237396,"min":0,"var":0.839535474777},"zerocrossingrate":{"dmean":0.00913404673338,"dmean2":0.0108032301068,"dvar":0.000105853803689,"dvar2":0.000139526819112,"max":0.505859375,"mean":0.0549026355147,"median":0.0517578125,"min":0.00439453125,"var":0.000779050751589}},"metadata":{"audio_properties":{"analysis_sample_rate":44100,"bit_rate":160000,"codec":"mp3","downmix":"mix","equal_loudness":0,"length":184.26776123,"lossless":false,"md5_encoded":"dbb9c7220a2f40419f1c7ed530817dec","replay_gain":-4.61747932434,"sample_rate":44100},"tags":{"acoustid_fingerprint":["AQADtJmUeGqi4N6PSGluVP6EcGEuNDw-XDLEZSHeXLgu-EyET-WE_9gPiw2FX8Ec5Dwaji_KZx1-PEHab_iSTlDTyAti2uinGM2kHMdzwru0CL8QPgmYjMzxH-qPMJIiZagkcSyO5lnAMDGX4Vri4c1RH1kS0tA_IuZkHQ8l48pRw86PPhSuC03_oP3ANbAilSaOb0IplSPC5EOtoBmXGNePQ9OmHs30I2aCznvRRBmDMxeaKk-KPjV-8GvhmNGG58GFJ1ngCz8uqmGQU0OyhMpCo-AerNNRNSGP7cJFD-kPXZQ2RJY-XDmejvBTXMechYGn42Hh-AJz6cGDidRhMgj5I_lUoReayviFX5mMybrg7yiXg0aOB6cUFX2Uw7CSsSxCMlFw3B_cuENOJOGiw2p43J_wKBcah2ZRSlkwVD9hlSmqHzyaSVLQ_viP0UejViI085hzXGAoJUqDRmVx5IWW6UK7LJswSzyqJnC1EDqlHOfyICcPh8eTw5qKfphfhOEOho0WPDp04sJ1IqN3VMsrhLkeQ6UWPMuO_EazXVgnWvATJaqRC-KJiYkShbjIhcPRbOLQRj7yHn0WNEuU4cuF-kQTJ8O74pZyuMqOHzk0-4iU58Wj4_nh48tUxLSPpGlsPBxqG77x-EQlZjm-zMbz4SPCX4JYXhK-VEgn43g-XFmKvhMqX8R-eFx4tJFW5MeTjTgucTF8icclvO3wJFsOTbqEMA8ePJF2fEfTC_2P6hTcw4sylFK44ctR3ToahzmOJzSa_piYyzh5PA1xMrngZsePZjnK4wo1Ys9XJBWPVMmEZwx-WA2ZBJe0EBePKY-N3PB1fNnx49fhbFEeosvCFOdxx0N4Bj7xXse4J0EX8sT4DLWWo2lyPEEOLedDhD-mLEl4VNKLn5ieE2GedbgotOnRTInEZfhz5MuDw02QSxnxpEeuHN4U-fg6o7wxpWmM58JfNM9Ricfz4KQROmEOZVWO8MRRZpPRTLqCuLGReMqIh8G04_lyOOqP-sfx8UKeKMfPQXt0eFeLPEa55MN1NEfl5ALZHf3RTNtwmcGlbMvxEneYwZWE8zilccFzIhUSHW_yBxfT4DqY7Bn6HCeaflpRrS0cMaSIL9HxTM_hKsRzAzx6Ylv4oEqU4KRyPAr-4T4-Bk9l1Ep-wXnQXSz-IMcVB2LaIvqFf8KXH1PjEWiVBXtMhE-ORAnHD0-k4ZIe3DkaPUTlKB-uI_qhST0aJTqD8Q36wN_RH_oDhomiZBK80qhSGjuqQn_wp4I5fkOp5dC4MEFz6RIe5UJ-9JQTbF8qGJV45E-gaScmcvihOcqJMKOOX7ijH-_x0MWXK0H1F_6xa4qBx9NxHTdy6EH44_qHZ8cxrR18lN5wRTKSHbE6PDy2jcElfNE7JPyF0Dpe4v-KCyirw5-Fe8UHRryM50JS-8gv4jYe9fjRPCR6XDLOZEGvHEyEZz9-48oT9OHR1LmQCz9yjFqqKMKP90b3nHA2iQqD6bpwLYH2Y7vxH1ZJBY6zZJh8EruO5kLPBGFj6Az8D5Wkl2gXF1o2H9GF5-gPX8