{"lowlevel":{"average_loudness":0.968307137489,"barkbands":{"dmean":[0.000268030213192,0.0162405129522,0.00491627398878,0.00211298698559,0.00104995153379,0.000532692414708,0.000567788258195,0.000926337728743,0.000810159021057,0.000699346070178,0.000324883701978,0.00043835354154,0.000463696662337,0.000421284203185,0.000585787463933,0.000398819625843,0.00037502439227,0.00049873185344,0.000355426047463,0.000254152255366,0.00015686932602,0.0000956335716182,0.0000352674724127,0.0000122154469864,0.00000871617885423,0.0000111444142021,0.00000711248640073],"dmean2":[0.000363637518603,0.0269046314061,0.00863445363939,0.00369819393381,0.00179902708624,0.00087885686662,0.000914506090339,0.00145733135287,0.00124327617232,0.00101883918978,0.000514656247105,0.000696356175467,0.000735891517252,0.00066102942219,0.000933922710828,0.000636018055957,0.000575655139983,0.000806277792435,0.000541529036127,0.00037920603063,0.000230577061302,0.000141804324812,0.0000508119519509,0.0000172632499016,0.0000124316065921,0.0000158827315317,0.0000108787526187],"dvar":[2.47989987656e-7,0.000698729883879,0.000136914633913,0.0000191007748072,0.00000448174023404,0.00000251425626629,0.00000307699178848,0.00000651440950605,0.00000562885952604,0.00000505703565068,8.14049428755e-7,0.00000152898860506,0.00000219031858251,0.00000174615331616,0.00000201464172278,7.69830421632e-7,4.7477459475e-7,6.42336090095e-7,2.97230400292e-7,1.77946162694e-7,6.01422058821e-8,2.77193361597e-8,3.06434810859e-9,4.3358786006e-10,3.93500648732e-10,1.23525489837e-9,2.4343790872e-10],"dvar2":[4.27333873176e-7,0.00182655139361,0.000381599384127,0.000053901647334,0.0000119783499031,0.00000636471486359,0.00000731886530048,0.0000143195802593,0.000013033823052,0.0000106706593215,0.00000193554228645,0.0000036658686895,0.00000525624363945,0.00000398909423893,0.00000476138893646,0.00000174997512659,0.00000104338994333,0.00000155643442667,5.9722054857e-7,3.82910940289e-7,1.18875455257e-7,6.11825470287e-8,5.98800209417e-9,9.48287115499e-10,7.48152706453e-10,2.23756702056e-9,4.94198182377e-10],"max":[0.0060123289004,0.230727374554,0.126401126385,0.0559930875897,0.035641040653,0.042119897902,0.0586109682918,0.0515662953258,0.0522039346397,0.0533112622797,0.0164307039231,0.0259937830269,0.0519485659897,0.0463599786162,0.033708229661,0.031681612134,0.0137809570879,0.0243930462748,0.0139318276197,0.00637684622779,0.00354368262924,0.00242362031713,0.000792512437329,0.000373866903828,0.000838886015117,0.00157959433272,0.000544488953892],"mean":[0.000641266698949,0.0227909628302,0.00439936574548,0.00252318987623,0.00101649691351,0.000601864012424,0.000593178847339,0.000989502645098,0.000942458980717,0.000984863727354,0.000382827129215,0.000540395849384,0.00057600333821,0.000518402899615,0.000806505384389,0.000570399337448,0.000528677890543,0.000612178875599,0.000500905211084,0.000373173126718,0.000237671396462,0.000130847867695,0.0000540203072887,0.0000198805919354,0.0000133711664603,0.0000153992623382,0.00000745984561945],"median":[0.000497119093779,0.0143454372883,0.00101005425677,0.000736762245651,0.000399653508794,0.00021975049458,0.0000670450099278,0.000102783844341,0.0000864739631652,0.0000591624302615,0.0000689522858011,0.0000705477286829,0.000114958442282,0.0000897395657375,0.000295468809782,0.000222629387281,0.000239388580667,0.000302343891235,0.000235537372646,0.000178299975232,0.000120076372696,0.0000661845479044,0.0000274427366094,0.00000838475261844,0.00000423146320827,0.00000406432309319,9.39693165947e-7],"min":[5.75205975423e-24,3.60371193701e-23,1.64928632513e-23,8.35823293745e-24,2.06124589814e-23,1.00550407168e-22,3.73436718221e-23,5.01956643168e-23,6.45913944941e-23,1.0942586228e-22,5.24482755643e-23,6.76735813359e-23,1.38212267614e-22,1.00622793045e-22,1.09547081802e-22,1.47861159823e-22,2.26378972209e-22,2.53386666596e-22,2.41716346716e-22,2.43071874809e-22,6.55075194892e-22,5.97505312476e-22,5.59791399832e-22,8.20945708394e-22,1.33118886836e-21,1.76054629533e-21,2.53023543193e-21],"var":[6.63340699703e-7,0.000940805708524,0.000105514023744,0.0000169799732248,0.000003590723054,0.00000240805661633,0.00000371599548998,0.00000848806575959,0.00000781732887845,0.0000107423147711,0.00000109586096642,0.00000226556380767,0.00000439820860265,0.00000261132026935,0.00000287104739982,0.00000139311339353,8.01426892849e-7,8.43661041472e-7,5.50347181161e-7,2.90697101946e-7,1.08952363576e-7,3.95990973345e-8,5.7032649714e-9,1.14732723322e-9,9.54827439337e-10,2.7919035972e-9,4.37427538635e-10]},"barkbands_crest":{"dmean":4.02177906036,"dmean2":6.52950954437,"dvar":12.8211555481,"dvar2":31.4827651978,"max":26.2846908569,"mean":14.2239961624,"median":13.7415885925,"min":2.2310769558,"var":42.2118301392},"barkbands_flatness_db":{"dmean":0.0391777120531,"dmean2":0.0604144707322,"dvar":0.00129216734786,"dvar2":0.00294344918802,"max":0.49829351902,"mean":0.168925538659,"median":0.160382956266,"min":0.0238266829401,"var":0.00450651440769},"barkbands_kurtosis":{"dmean":15.2264919281,"dmean2":25.1926040649,"dvar":1895.39196777,"dvar2":4660.95556641,"max":1035.65002441,"mean":14.898314476,"median":2.47776508331,"min":-1.88029277325,"var":2039.38525391},"barkbands_skewness":{"dmean":1.40205824375,"dmean2":2.17358446121,"dvar":3.4103281498,"dvar2":7.78968048096,"max":27.9667129517,"mean":2.39974093437,"median":1.75489556789,"min":-4.06743431091,"var":8.27983379364},"barkbands_spread":{"dmean":8.85885334015,"dmean2":13.9969272614,"dvar":72.9772415161,"dvar2":180.848724365,"max":126.401901245,"mean":21.7541980743,"median":20.0115261078,"min":0.194860070944,"var":179.309738159},"dissonance":{"dmean":0.014491581358,"dmean2":0.0234186202288,"dvar":0.000348895409843,"dvar2":0.000807241303846,"max":0.5,"mean":0.477158635855,"median":0.487031310797,"min":0.282271772623,"var":0.000694429094438},"dynamic_complexity":3.00753545761,"erbbands":{"dmean":[0.487057089806,3.63375520706,5.63186836243,6.52152872086,4.01802015305,3.38750934601,4.95733976364,4.24628782272,6.44106435776,12.5552330017,21.3308315277,18.4034576416,20.0337028503,17.3175239563,12.5945110321,18.4065876007,20.364402771,19.3927021027,27.2996749878,25.8931045532,22.2116394043,20.4167709351,28.5044689178,16.3580417633,19.2904281616,11.865023613,7.94261789322,5.39853000641,3.73693346977,1.86889374256,0.86634773016,0.352595508099,0.170035973191,0.0960589796305,0.0659994781017,0.0409869775176,0.0217340830714,0.00936674606055,0.00129801756702,0.0000431527478213],"dmean2":[0.787478268147,6.06764698029,9.66908931732,11.3132123947,7.14041042328,5.80454397202,8.26389789581,7.04451751709,10.4955482483,19.6579265594,33.0252952576,28.1773967743,29.2825183868,25.4683265686,19.6520309448,28.6298980713,32.0899238586,29.8289413452,43.794418335,40.7668609619,35.1104736328,31.28083992,45.6609420776,25.0608024597,29.5094585419,17.9130630493,11.7834730148,7.80799818039,5.59626150131,2.69944858551,1.26573240757,0.504137217999,0.244690909982,0.138212919235,0.0948933362961,0.0584180429578,0.0313693359494,0.0141983395442,0.00197409489192,0.0000644816245767],"dvar":[0.630927681923,37.1441650391,160.393615723,180.906784058,90.1268386841,52.2871017456,104.967536926,247.81237793,496.898101807,1442.05725098,3833.57739258,3409.02001953,4454.55908203,2727.12963867,1265.97998047,2589.93847656,3619.84521484,3859.35522461,5442.95019531,3412.52563477,2234.45849609,1319.21765137,2079.37109375,703.56072998,842.276977539,411.590423584,166.95489502,76.2400131226,45.0583076477,8.89985466003,1.98013627529,0.326952248812,0.119413673878,0.0368490740657,0.0336192660034,0.0207972787321,0.00548927858472,0.000398955424316,0.00000976052524493,6.73164413101e-9],"dvar2":[1.58510768414,94.6383666992,432.019866943,507.5675354,253.071762085,139.544433594,263.042755127,644.090332031,1164.66137695,3290.70019531,8738.05566406,7943.68847656,9577.16210938,5562.97509766,2944.65551758,6099.78515625,8782.03710938,8536.62304688,12961.625,7944.80126953,5006.29199219,2921.7746582,4909.40039063,1398.95141602,1763.71643066,935.228271484,332.283721924,146.229278564,102.713996887,17.7909069061,3.9570684433,0.687673449516,0.280535191298,0.0724714100361,0.0660915896297,0.0406231805682,0.0102076791227,0.000840254302602,0.0000192017632799,1.30438113644e-8],"max":[7.87842941284,52.76820755,128.217407227,142.214981079,121.150192261,135.499633789,202.725509644,504.480712891,1013.54974365,722.469177246,1555.28527832,1394.26733398,1813.08251953,1650.75610352,775.945373535,1159.0970459,1507.43969727,2355.63989258,2172.16748047,1482.40515137,1454.01391602,981.107116699,1459.46289063,846.48236084,612.163146973,285.577362061,179.983795166,131.841247559,92.3154602051,39.253993988,20.249206543,10.3130474091,7.65825891495,5.61519050598,8.48837089539,7.39339256287,3.57676696777,0.704586923122,0.110885314643,0.00362965348177],"mean":[0.794762551785,4.496134758,5.7700009346,7.91770887375,4.07041788101,3.32981705666,5.56206655502,4.56988525391,6.99309110641,13.4751653671,23.7854576111,21.7652626038,27.9363937378,24.7848129272,16.2311992645,23.6732406616,26.3551692963,26.2277698517,36.3518295288,38.386920929,33.1993675232,29.4159126282,35.5393753052,23.3882713318,27.260427475,17.5850143433,11.6201305389,8.1456861496,5.03627634048,2.87287759781,1.30292403698,0.556575834751,0.272295475006,0.1507627666,0.096110932529,0.0578290559351,0.0294026583433,0.0104821259156,0.00140622304752,0.0000757317102398],"median":[0.593682408333,2.28893375397,1.55660796165,2.77783560753,1.80256390572,1.32298922539,2.16736364365,1.36542952061,1.05888652802,1.92819273472,2.72967362404,2.4641559124,2.3247051239,2.78156709671,3.23386263847,3.67165398598,5.91434907913,5.38700628281,10.0998945236,15.5797166824,13.721622467,13.8989448547,17.3579235077,11.8665628433,12.9606275558,8.73561573029,5.36273765564,4.25019359589,2.58179068565,1.49590921402,0.630592286587,0.263303458691,0.0986805483699,0.0494982525706,0.0296677649021,0.0151481125504,0.00727557484061,0.00240892753936,0.000154915323947,0.0000475595807075],"min":[1.50265133283e-21,5.88809657066e-21,1.91835300955e-20,3.17552827702e-20,5.29662745522e-20,3.90066355943e-20,1.40382954331e-19,1.10182556563e-18,8.10344850449e-19,4.55250792539e-19,1.51264843577e-18,1.48859598811e-18,4.0619618014e-18,1.28442506546e-18,2.83935535523e-18,3.34977149491e-18,4.65646808817e-18,7.05022000665e-18,4.2967901055e-18,6.94227293671e-18,7.92791902075e-18,1.42249439304e-17,1.45679558781e-17,1.25918520004e-17,1.09395454919e-17,1.38517026672e-17,1.84581929163e-17,2.87172160911e-17,2.38953338007e-17,1.53900923432e-17,1.56841897926e-17,1.76148392685e-17,1.44186051097e-17,1.26368043036e-17,1.05510187582e-17,7.0364921172e-18,2.91924694033e-18,1.34271441528e-18,3.09080016687e-19,3.86779314672e-20],"var":[1.03846788406,46.1192588806,147.940963745,163.537231445,62.9545898438,42.0926055908,113.968894958,220.646942139,664.055053711,1696.47973633,4872.80029297,4494.02734375,8258,5989.47851563,1793.18200684,3921.94311523,5944.74316406,6756.47998047,7524.33154297,5237.69482422,4082.34790039,2299.953125,2747.45214844,1330.85766602,1539.32897949,623.471496582,287.523376465,135.235565186,59.9421348572,16.1939067841,3.5556666851,0.67932087183,0.305062890053,0.0968116596341,0.0740528479218,0.0430326908827,0.0116458656266,0.000696756935213,0.0000190130358533,1.45262433193e-8]},"erbbands_crest":{"dmean":3.3185043335,"dmean2":5.47336912155,"dvar":9.49902057648,"dvar2":23.6951828003,"max":30.1028137207,"mean":9.27309799194,"median":8.22572040558,"min":2.56068921089,"var":17.7609825134},"erbbands_flatness_db":{"dmean":0.0223977584392,"dmean2":0.033351380378,"dvar":0.000406345207011,"dvar2":0.000867170863785,"max":0.476589530706,"mean":0.162213534117,"median":0.157520294189,"min":0.0333887301385,"var":0.0019991544541},"erbbands_kurtosis":{"dmean":1.7126224041,"dmean2":2.73700022697,"dvar":8.50646018982,"dvar2":18.067522049,"max":178.253738403,"mean":1.14222824574,"median":0.354706436396,"min":-1.85970914364,"var":13.272359848},"erbbands_skewness":{"dmean":0.554984509945,"dmean2":0.836713373661,"dvar":0.283770114183,"dvar2":0.615374326706,"max":3.68202471733,"mean":-0.511318027973,"median":-0.559386432171,"min":-9.56380271912,"var":0.907763063908},"erbbands_spread":{"dmean":13.6556825638,"dmean2":21.0777492523,"dvar":208.375183105,"dvar2":472.828491211,"max":160.858016968,"mean":41.3013267517,"median":34.6218299866,"min":0.786304593086,"var":590.976745605},"gfcc":{"cov":[[8380.16992188,432.669006348,-263.66796875,-335.26940918,-145.136810303,-83.6538467407,-61.2240715027,151.876358032,-248.789077759,84.3501358032,-220.032913208,25.6190853119,-100.41985321],[432.669006348,821.250915527,-45.7399406433,-31.3163948059,30.864616394,66.4078521729,129.387985229,11.0375070572,56.4148254395,-24.6758079529,37.6764793396,-57.8978118896,24.9090919495],[-263.66796875,-45.7399406433,1432.68164063,364.356048584,511.717926025,178.68447876,85.7379379272,158.522399902,-79.7278289795,100.798622131,-55.2288322449,82.4062728882,0.262983351946],[-335.26940918,-31.3163948059,364.356048584,761.06640625,264.409332275,52.4001312256,-23.3723011017,-41.6229782104,82.1283187866,-25.0745620728,69.1013336182,-25.0747451782,42.4915275574],[-145.136810303,30.864616394,511.717926025,264.409332275,517.797546387,165.072769165,91.2628936768,96.569732666,11.8725910187,93.3671340942,23.9619102478,40.12474823,25.9602718353],[-83.6538467407,66.4078521729,178.68447876,52.4001312256,165.072769165,301.833312988,170.879119873,79.431640625,21.4130744934,46.206993103,45.3927650452,17.8063697815,47.8238563538],[-61.2240715027,129.387985229,85.7379379272,-23.3723011017,91.2628936768,170.879119873,309.247833252,104.614044189,42.0515861511,28.3026771545,46.6976280212,30.9737491608,25.3216705322],[151.876358032,11.0375070572,158.522399902,-41.6229782104,96.569732666,79.431640625,104.614044189,196.805267334,36.4701194763,63.5069007874,-3.71257781982,36.35181427,17.4660453796],[-248.789077759,56.4148254395,-79.7278289795,82.1283187866,11.8725910187,21.4130744934,42.0515861511,36.4701194763,206.109924316,49.7161750793,66.8032150269,-7.30645942688,47.6606292725],[84.3501358032,-24.6758079529,100.798622131,-25.0745620728,93.3671340942,46.206993103,28.3026771545,63.5069007874,49.7161750793,148.151473999,31.0749607086,43.8172454834,11.5632658005],[-220.032913208,37.6764793396,-55.2288322449,69.1013336182,23.9619102478,45.3927650452,46.6976280212,-3.71257781982,66.8032150269,31.0749607086,142.711303711,31.4233818054,33.4696273804],[25.6190853119,-57.8978118896,82.4062728882,-25.0747451782,40.12474823,17.8063697815,30.9737491608,36.35181427,-7.30645942688,43.8172454834,31.4233818054,116.773628235,30.9694023132],[-100.41985321,24.9090919495,0.262983351946,42.4915275574,25.9602718353,47.8238563538,25.3216705322,17.4660453796,47.6606292725,11.5632658005,33.4696273804,30.9694023132,97.7078094482]],"icov":[[0.000149468425661,-0.000135824549943,0.0000902102110558,-0.0000836853214423,0.0000683917824063,-0.0000130880398501,0.0000688873988111,-0.000208017299883,0.000259925815044,-0.000252169411397,0.000248016964179,-0.000137473165523,0.0000936312426347],[-0.000135824549943,0.00158786750399,-0.000143249999383,0.000375352421543,-0.000315707235131,0.000176532543264,-0.00072305748472,0.000385104620364,-0.000472037121654,0.000598735641688,-0.00066388444975,0.00123468961101,-0.00059576286003],[0.0000902102110558,-0.000143249999383,0.00143727078103,-0.000669415981974,-0.000753620639443,-0.00026101799449,0.0000847614792292,-0.000756930036005,0.000825324270409,-0.000575998565182,0.00104629283305,-0.000867375347298,0.000439913856098],[-0.0000836853214423,0.000375352421543,-0.000669415981974,0.00250029773451,-0.00122122187167,0.000157999034855,0.00032716584974,0.00102222559508,-0.00143426167779,0.00173516909126,-0.00140382070094,0.00100889743771,-0.000632255279925],[0.0000683917824063,-0.000315707235131,-0.000753620639443,-0.00122122187167,0.00417757313699,-0.00110642390791,-0.0000603715707257,-0.000712962297257,0.000740532588679,-0.00199728482403,0.000251545046922,-0.000235010229517,0.000122051664221],[-0.0000130880398501,0.000176532543264,-0.00026101799449,0.000157999034855,-0.00110642390791,0.00628729909658,-0.00290207657963,-0.000308487418806,0.00116931786761,-0.000855467049405,-0.00128012720961,0.00207456201315,-0.00279080937617],[0.0000688873988111,-0.00072305748472,0.0000847614792292,0.00032716584974,-0.0000603715707257,-0.00290207657963,0.00606042705476,-0.00217652739957,-0.000778525543865,0.00133669970091,-0.000847265066113,-0.00151250162162,0.00135877123103],[-0.000208017299883,0.000385104620364,-0.000756930036005,0.00102222559508,-0.000712962297257,-0.000308487418806,-0.00217652739957,0.008693812415,-0.00221231719479,-0.00119242270011,0.00152828800492,-0.000831358251162,-0.000443831813755],[0.000259925815044,-0.000472037121654,0.000825324270409,-0.00143426167779,0.000740532588679,0.00116931786761,-0.000778525543865,-0.00221231719479,0.00900481361896,-0.00392428319901,-0.00194756616838,0.00271174288355,-0.00328325224109],[-0.000252169411397,0.000598735641688,-0.000575998565182,0.00173516909126,-0.00199728482403,-0.000855467049405,0.00133669970091,-0.00119242270011,-0.00392428319901,0.0118485800922,-0.00203203572892,-0.00262894947082,0.00169259705581],[0.000248016964179,-0.00066388444975,0.00104629283305,-0.00140382070094,0.000251545046922,-0.00128012720961,-0.000847265066113,0.00152828800492,-0.00194756616838,-0.00203203572892,0.0115655809641,-0.00405067298561,0.0000505569551024],[-0.000137473165523,0.00123468961101,-0.000867375347298,0.00100889743771,-0.000235010229517,0.00207456201315,-0.00151250162162,-0.000831358251162,0.00271174288355,-0.00262894947082,-0.00405067298561,0.0141402054578,-0.00541080441326],[0.0000936312426347,-0.00059576286003,0.000439913856098,-0.000632255279925,0.000122051664221,-0.00279080937617,0.00135877123103,-0.000443831813755,-0.00328325224109,0.00169259705581,0.0000505569551024,-0.00541080441326,0.0149161433801]],"mean":[-18.1182537079,82.0341720581,-123.173805237,56.3836174011,-27.70662117,8.64230251312,-16.8795528412,7.90588140488,-12.2502803802,4.80427646637,-16.8709640503,2.65855026245,-12.4135990143]},"hfc":{"dmean":8.4450969696,"dmean2":11.6544694901,"dvar":121.101799011,"dvar2":213.516372681,"max":175.859329224,"mean":19.6398544312,"median":14.7212648392,"min":1.20550946663e-16,"var":351.405151367},"melbands":{"dmean":[0.00454652961344,0.00323530565947,0.00103944621515,0.000238721157075,0.000169200022356,0.0000964366190601,0.000102411999251,0.000150202904479,0.000175341265276,0.000113846304885,0.000102764191979,0.0000762854251661,0.0000431211119576,0.0000466833116661,0.0000515936262673,0.0000441760093963,0.000038012942241,0.0000459726361441,0.0000422817720391,0.0000286714202957,0.0000280308340734,0.0000202615119633,0.0000282511755358,0.0000248602173087,0.0000124506977954,0.0000152856046043,0.0000116946630442,0.00000773890315031,0.00000561632305107,0.00000383231190426,0.00000308884091282,0.00000242850705945,0.0000014223095377,9.48717172378e-7,5.65630898564e-7,3.08899956281e-7,1.85492396554e-7,1.31514752866e-7,8.97715892734e-8,8.17155623167e-8],"dmean2":[0.00751964049414,0.00538574252278,0.00180358882062,0.000414512644056,0.00028267383459,0.000159231160069,0.000165448291227,0.00023417652119,0.000272247416433,0.000174179804162,0.000150306994328,0.000111267829197,0.0000677973366692,0.00007274341624,0.0000812640864751,0.0000701728422428,0.0000587973518122,0.0000746704899939,0.0000669537766953,0.0000455698282167,0.0000452129570476,0.0000311812436848,0.0000455662629975,0.0000400382523367,0.0000192823408725,0.000023593662263,0.0000182526655408,0.0000118659054351,0.0000084009807324,0.00000578395383855,0.00000454284281659,0.00000371862870452,0.00000216422949961,0.00000137051642923,8.42668555379e-7,4.57168454204e-7,2.69718327672e-7,1.93678260985e-7,1.33381007572e-7,1.1998939442e-7],"dvar":[0.0000542962334293,0.0000340446604241,0.00000474060152555,2.63030102587e-7,1.16461364996e-7,1.11502707512e-7,1.09370560608e-7,1.82517439384e-7,2.65766402663e-7,1.26798198608e-7,1.16356005719e-7,5.7319144986e-8,1.47157654951e-8,1.71733915977e-8,2.30943122403e-8,2.51667326978e-8,1.71564593643e-8,1.58854316368e-8,1.12009344022e-8,4.22909351983e-9,3.56690899039e-9,1.56998691825e-9,2.17489359855e-9,1.82957093919e-9,5.04622732489e-10,5.60522350757e-10,3.26471044643e-10,1.94735769177e-10,9.05426497666e-11,4.09210408614e-11,2.5281282276e-11,1.99911181359e-11,6.19232790044e-12,2.25293351683e-12,9.272348514e-13,2.57715262976e-13,9.89853069845e-14,7.82215614438e-14,3.98030336446e-14,2.73281577082e-14],"dvar2":[0.000143819212099,0.0000822063229862,0.0000132170553115,7.18754563422e-7,2.96554759416e-7,2.8637015248e-7,2.56291372125e-7,4.06275916021e-7,6.0985928485e-7,2.93711167387e-7,2.48770930966e-7,1.16733886557e-7,3.47203439333e-8,3.97466344282e-8,5.56592816281e-8,5.89081139424e-8,3.84391469765e-8,3.81415183881e-8,2.67579469693e-8,9.78265379814e-9,8.27229307276e-9,3.56847085214e-9,5.3472661854e-9,4.24748369809e-9,1.02160058191e-9,1.16044751586e-9,7.44774630856e-10,4.50774889638e-10,1.86178295003e-10,8.67590999043e-11,4.88123153009e-11,4.69208734366e-11,1.37199505229e-11,4.58502246586e-12,1.88241284539e-12,5.69282414178e-13,2.12026875007e-13,1.89171202032e-13,9.05313354122e-14,5.5350618159e-14],"max":[0.0636205896735,0.0561043843627,0.0228353161365,0.0093594705686,0.0057868459262,0.0100744934753,0.0140171321109,0.00848218612373,0.013016696088,0.008250227198,0.00889450218529,0.00772413611412,0.0022290230263,0.00295279663987,0.00307277892716,0.00634996592999,0.00541514018551,0.00360804516822,0.00277328956872,0.00235478091054,0.00160259602126,0.00122461584397,0.000791201600805,0.00180016108789,0.000765226897784,0.000594424200244,0.000335692311637,0.000184389326023,0.000136862450745,0.000106189596409,0.0000747723534005,0.0000570320516999,0.0000436616683146,0.0000280138483504,0.0000151237436512,0.00000782338975114,0.00000597902544541,0.0000060625916376,0.00000425691041528,0.0000051193624131],"mean":[0.00666587986052,0.00408353097737,0.00123694050126,0.000226917196414,0.000189336351468,0.000105186758447,0.000110227992991,0.000161313670105,0.000196667024284,0.000131523091113,0.000141010779771,0.000105302053271,0.0000522246664332,0.0000574400401092,0.00006212657172,0.0000559125910513,0.0000475151609862,0.0000564050897083,0.0000571290984226,0.000042514573579,0.0000386251376767,0.0000289802828775,0.0000327481902787,0.0000306347646983,0.0000167778143805,0.0000205043506867,0.0000163912718563,0.0000106898123704,0.00000767835899751,0.00000559918362342,0.0000044530888772,0.00000305705179926,0.00000200636509362,0.00000142278258863,8.12077018963e-7,4.47648403679e-7,2.88844461238e-7,2.01168788294e-7,1.37693106694e-7,1.22079939047e-7],"median":[0.00461141765118,0.0015242540976,0.000463929143734,0.00009669001156,0.0000816461470095,0.0000334727301379,0.0000148112021634,0.0000208183646464,0.000019862976842,0.0000123854824778,0.00000936742071644,0.00000975368766376,0.0000101976156657,0.00000805309355201,0.0000106074585347,0.0000109745406007,0.00000794618790678,0.0000134701740535,0.0000205661162909,0.0000183328156709,0.0000152177017299,0.0000135492391564,0.0000135140826387,0.0000150032574311,0.00000781357448432,0.00000917757915886,0.00000781924427429,0.00000477899220641,0.0000032361117519,0.00000273863429356,0.00000228899693866,0.00000148996844018,9.7120960163e-7,7.34918046419e-7,3.74399263592e-7,2.08829646908e-7,1.2937881877e-7,6.95260951034e-8,4.1715225052e-8,3.89314003257e-8],"min":[1.07762146742e-23,9.55946614771e-24,5.64831429e-24,3.19099975125e-24,4.15762000906e-24,2.36715542868e-23,1.20763434319e-23,4.96184240268e-24,1.32357733251e-23,9.19943081942e-24,2.06370935298e-23,4.74930907532e-24,9.02167126962e-24,7.64586866306e-24,1.18228532352e-23,1.04940083629e-23,1.36621889319e-23,5.74731396703e-24,9.10534337926e-24,1.00992126677e-23,8.57368899446e-24,1.20401355052e-23,1.73788376671e-23,1.12112083546e-23,1.010509757e-23,7.93245630791e-24,7.16927361401e-24,9.34446841887e-24,8.45192752488e-24,1.75636346451e-23,1.56117750399e-23,1.37196811147e-23,1.10838980374e-23,8.08561049721e-24,1.01446968097e-23,7.89205243006e-24,1.21861418258e-23,1.07796580521e-23,8.16798335293e-24,1.11613902107e-23],"var":[0.0000756597073632,0.0000450846055173,0.00000414046144215,1.93255942804e-7,1.21159104083e-7,1.03207995039e-7,1.444940807e-7,2.28304472216e-7,3.38338423944e-7,1.69743259448e-7,2.19755506237e-7,1.23417962072e-7,2.00218348567e-8,2.50501912546e-8,3.07443208669e-8,5.71406744143e-8,2.65895465645e-8,2.14507505092e-8,1.50088528272e-8,7.43441264106e-9,5.68649127786e-9,2.54186605098e-9,2.7235214084e-9,2.48518405854e-9,8.78818962047e-10,9.86849824081e-10,5.44991829443e-10,2.703910984e-10,1.46474485319e-10,6.58501864148e-11,4.28768479055e-11,2.43714822629e-11,9.26537839507e-12,4.04686267136e-12,1.58679764207e-12,4.25094421469e-13,2.17152359462e-13,1.8208854292e-13,9.36501649341e-14,6.4541294943e-14]},"melbands_crest":{"dmean":4.2822933197,"dmean2":6.93984413147,"dvar":15.6738271713,"dvar2":35.9614257813,"max":38.8267059326,"mean":19.8069705963,"median":20.2968616486,"min":2.01284742355,"var":64.485206604},"melbands_flatness_db":{"dmean":0.0475945658982,"dmean2":0.0720219090581,"dvar":0.0018214333104,"dvar2":0.00408008927479,"max":0.626141965389,"mean":0.241674304008,"median":0.240221977234,"min":0.00566378328949,"var":0.00911834649742},"melbands_kurtosis":{"dmean":37.865814209,"dmean2":60.6880378723,"dvar":6327.17285156,"dvar2":14450.7255859,"max":1115.78027344,"mean":46.7726325989,"median":12.9843606949,"min":-1.95472550392,"var":9092.86328125},"melbands_skewness":{"dmean":1.96180951595,"dmean2":3.03297448158,"dvar":5.49988269806,"dvar2":12.1137628555,"max":24.812297821,"mean":4.48626375198,"median":3.49145388603,"min":-2.41138887405,"var":16.351360321},"melbands_spread":{"dmean":10.4131755829,"dmean2":16.5729503632,"dvar":140.205062866,"dvar2":318.018493652,"max":174.67741394,"mean":24.4642295837,"median":17.1678314209,"min":0.23332169652,"var":546.311767578},"mfcc":{"cov":[[4830.765625,270.753814697,-367.768798828,-248.668991089,-260.563842773,-211.709701538,-32.9262771606,-98.640045166,-14.1469078064,-42.0341949463,-43.2095184326,-43.7410430908,-76.7837524414],[270.753814697,822.271362305,33.2817993164,-126.264480591,-25.0973262787,22.3553104401,131.924987793,50.8203468323,82.7227478027,27.6203804016,67.5357513428,-1.12329471111,20.317735672],[-367.768798828,33.2817993164,766.630615234,296.591339111,293.34866333,130.27746582,174.009017944,68.9976348877,99.5224075317,-7.10085630417,6.91451978683,21.6209201813,60.8875274658],[-248.668991089,-126.264480591,296.591339111,583.279541016,311.986419678,125.572662354,35.8066825867,34.5253601074,18.8372535706,23.6955795288,5.0746216774,15.3396196365,34.6651344299],[-260.563842773,-25.0973262787,293.34866333,311.986419678,483.596252441,137.711791992,107.63924408,9.42138195038,73.6176528931,29.8918266296,33.7050666809,10.0137720108,46.8024139404],[-211.709701538,22.3553104401,130.27746582,125.572662354,137.711791992,255.90435791,132.224563599,63.7684898376,42.3568763733,53.0648956299,30.2647628784,29.1701965332,28.8847808838],[-32.9262771606,131.924987793,174.009017944,35.8066825867,107.63924408,132.224563599,306.700927734,114.34122467,84.2915267944,22.4392757416,51.5976448059,25.6270313263,39.0551719666],[-98.640045166,50.8203468323,68.9976348877,34.5253601074,9.42138195038,63.7684898376,114.34122467,163.391921997,68.0216217041,34.5038871765,28.9884338379,22.7686653137,28.1709060669],[-14.1469078064,82.7227478027,99.5224075317,18.8372535706,73.6176528931,42.3568763733,84.2915267944,68.0216217041,163.114898682,69.7812271118,28.9631328583,11.0278787613,34.4080162048],[-42.0341949463,27.6203804016,-7.10085630417,23.6955795288,29.8918266296,53.0648956299,22.4392757416,34.5038871765,69.7812271118,132.571075439,54.5586738586,29.2123699188,16.0700550079],[-43.2095184326,67.5357513428,6.91451978683,5.0746216774,33.7050666809,30.2647628784,51.5976448059,28.9884338379,28.9631328583,54.5586738586,115.257873535,43.1512641907,27.4610309601],[-43.7410430908,-1.12329471111,21.6209201813,15.3396196365,10.0137720108,29.1701965332,25.6270313263,22.7686653137,11.0278787613,29.2123699188,43.1512641907,84.537612915,43.2533073425],[-76.7837524414,20.317735672,60.8875274658,34.6651344299,46.8024139404,28.8847808838,39.0551719666,28.1709060669,34.4080162048,16.0700550079,27.4610309601,43.2533073425,97.832901001]],"icov":[[0.000232673977735,-0.0000774721775088,0.000104220081994,-0.0000505362258991,0.0000757118905312,0.000162305455888,-0.000157713016961,0.000190582344658,-0.000120039425383,0.0000208857854886,0.00010592869512,-0.0000718590963515,0.000116511640954],[-0.0000774721775088,0.00148907746188,-0.000103511527414,0.000314878387144,0.000140721298521,-0.0000658580756863,-0.000418713432737,0.0000569128533243,-0.000506510899868,0.00017828863929,-0.000908448710106,0.000632025883533,-0.0001898904884],[0.000104220081994,-0.000103511527414,0.0021829851903,-0.000752431922592,-0.000521410489455,-0.0000297333244816,-0.000750482489821,0.000138950301334,-0.00105537404306,0.0010146596469,0.000466090510599,-0.000458450376755,-0.000194536376512],[-0.0000505362258991,0.000314878387144,-0.000752431922592,0.00324300141074,-0.00181008502841,-0.000566260365304,0.000931791088078,-0.00119719456416,0.00115507596638,-0.000630032271147,0.00029729801463,0.0000414981004724,-0.000184540636837],[0.0000757118905312,0.000140721298521,-0.000521410489455,-0.00181008502841,0.00435944786295,-0.000962519610766,-0.000821542285848,0.00205753371119,-0.00160952925216,0.000478900328744,-0.00114468974061,0.00100259110332,-0.000704316829797],[0.000162305455888,-0.0000658580756863,-0.0000297333244816,-0.000566260365304,-0.000962519610766,0.00656473729759,-0.0024338979274,-0.00065176084172,0.00137012510095,-0.00267868861556,0.00119724648539,-0.000951909343712,0.0000846710609039],[-0.000157713016961,-0.000418713432737,-0.000750482489821,0.000931791088078,-0.000821542285848,-0.0024338979274,0.00674097659066,-0.0032014916651,-0.001137897023,0.00202219001949,-0.00184481486212,0.0000884051332832,-0.0000106677671283],[0.000190582344658,0.0000569128533243,0.000138950301334,-0.00119719456416,0.00205753371119,-0.00065176084172,-0.0032014916651,0.0103504098952,-0.00313038798049,-0.0000971279732767,-0.000302932050545,-0.000698493095115,-0.000507979246322],[-0.000120039425383,-0.000506510899868,-0.00105537404306,0.00115507596638,-0.00160952925216,0.00137012510095,-0.001137897023,-0.00313038798049,0.0120579861104,-0.00650899251923,0.00154883507639,0.0020876689814,-0.00254975212738],[0.0000208857854886,0.00017828863929,0.0010146596469,-0.000630032271147,0.000478900328744,-0.00267868861556,0.00202219001949,-0.0000971279732767,-0.00650899251923,0.0141171570867,-0.00509462459013,-0.00215265713632,0.00170567736495],[0.00010592869512,-0.000908448710106,0.000466090510599,0.00029729801463,-0.00114468974061,0.00119724648539,-0.00184481486212,-0.000302932050545,0.00154883507639,-0.00509462459013,0.0142227765173,-0.00521184084937,-0.000501697184518],[-0.0000718590963515,0.000632025883533,-0.000458450376755,0.0000414981004724,0.00100259110332,-0.000951909343712,0.0000884051332832,-0.000698493095115,0.0020876689814,-0.00215265713632,-0.00521184084937,0.0191697347909,-0.00734270596877],[0.000116511640954,-0.0001898904884,-0.000194536376512,-0.000184540636837,-0.000704316829797,0.0000846710609039,-0.0000106677671283,-0.000507979246322,-0.00254975212738,0.00170567736495,-0.000501697184518,-0.00734270596877,0.0150050362572]],"mean":[-658.11529541,108.757728577,-22.4036273956,54.0431556702,9.50363826752,20.3134670258,3.52606582642,12.8683767319,7.14295196533,8.52910518646,3.86479568481,1.8479501009,2.23731827736]},"pitch_salience":{"dmean":0.111172690988,"dmean2":0.18029999733,"dvar":0.0100112836808,"dvar2":0.0239529125392,"max":0.947239398956,"mean":0.438775539398,"median":0.443191319704,"min":0.021213054657,"var":0.0334761142731},"silence_rate_20dB":{"dmean":0,"dmean2":0,"dvar":0,"dvar2":0,"max":1,"mean":1,"median":1,"min":1,"var":0},"silence_rate_30dB":{"dmean":0.0811894387007,"dmean2":0.162392452359,"dvar":0.0745984911919,"dvar2":0.180624291301,"max":1,"mean":0.929257512093,"median":1,"min":0,"var":0.0657386481762},"silence_rate_60dB":{"dmean":0.0340795181692,"dmean2":0.0681647285819,"dvar":0.0329165458679,"dvar2":0.0740380138159,"max":1,"mean":0.0665664374828,"median":0,"min":0,"var":0.0621456578374},"spectral_centroid":{"dmean":413.096984863,"dmean2":632.205566406,"dvar":153329.171875,"dvar2":326991.875,"max":10967.9511719,"mean":1855.49438477,"median":1853.7878418,"min":189.547241211,"var":551875.25},"spectral_complexity":{"dmean":6.51570320129,"dmean2":9.17968463898,"dvar":42.5050239563,"dvar2":74.4897079468,"max":63,"mean":18.1417350769,"median":16,"min":0,"var":154.641784668},"spectral_contrast_coeffs":{"dmean":[0.059358485043,0.0599746257067,0.0455980747938,0.0371925346553,0.0292440373451,0.0264276117086],"dmean2":[0.0994732826948,0.0945862308145,0.0705075934529,0.0587943382561,0.0465216934681,0.039600096643],"dvar":[0.00242049130611,0.00272014294751,0.00164244277403,0.000975107832346,0.000685456150677,0.000534615246579],"dvar2":[0.00621939497069,0.00597085617483,0.00337799149565,0.00224780593999,0.00166127597913,0.00115137186367],"max":[-0.306277632713,-0.336698055267,-0.448293179274,-0.462731450796,-0.576557517052,-0.4532571733],"mean":[-0.673655569553,-0.751117527485,-0.784542500973,-0.775555729866,-0.790061056614,-0.696810424328],"median":[-0.677456200123,-0.770231604576,-0.808310866356,-0.78427952528,-0.795867025852,-0.697682857513],"min":[-0.961378455162,-0.986437857151,-0.967751562595,-0.957902193069,-0.961409270763,-0.958934724331],"var":[0.00614058692008,0.00889651291072,0.00715564377606,0.0034755950328,0.00168996187858,0.00267109437846]},"spectral_contrast_valleys":{"dmean":[0.470961213112,0.545425772667,0.442700475454,0.388627201319,0.413946211338,0.368185997009],"dmean2":[0.75093626976,0.85313564539,0.667808830738,0.580376207829,0.575882911682,0.470598906279],"dvar":[0.157045945525,0.239444851875,0.162593856454,0.136248782277,0.161057919264,0.106742046773],"dvar2":[0.346155524254,0.531039535999,0.331166148186,0.272806555033,0.305942595005,0.164263889194],"max":[-5.13053655624,-4.67660951614,-5.15591859818,-5.20619058609,-5.27930355072,-8.6567440033],"mean":[-7.2656006813,-7.38968658447,-7.79059648514,-7.6279168129,-7.16585636139,-10.7337694168],"median":[-7.03123903275,-7.35092115402,-7.78041362762,-7.55993175507,-7.07630872726,-10.6580171585],"min":[-27.0420970917,-27.7163562775,-27.2811012268,-27.1870193481,-27.181804657,-27.3529167175],"var":[1.55309474468,1.08735656738,1.06706154346,0.950666666031,0.917523145676,0.867382109165]},"spectral_decrease":{"dmean":5.26226573427e-9,"dmean2":8.45507042158e-9,"dvar":4.85151851738e-17,"dvar2":1.22610705798e-16,"max":4.67439970949e-19,"mean":-1.04895514497e-8,"median":-7.87691689652e-9,"min":-6.4001994815e-8,"var":9.0399922168e-17},"spectral_energy":{"dmean":0.020368879661,"dmean2":0.0325674042106,"dvar":0.000696812930983,"dvar2":0.00175596401095,"max":0.243149012327,"mean":0.0413712672889,"median":0.0316924192011,"min":1.09505707626e-20,"var":0.00132347340696},"spectral_energyband_high":{"dmean":0.000407706975238,"dmean2":0.000566267757677,"dvar":4.00747637741e-7,"dvar2":7.4827789831e-7,"max":0.00851982738823,"mean":0.000653472554404,"median":0.000351444759872,"min":8.02037957002e-21,"var":7.5569244018e-7},"spectral_energyband_low":{"dmean":0.0180429294705,"dmean2":0.0296681616455,"dvar":0.000751999206841,"dvar2":0.00189904100262,"max":0.241310045123,"mean":0.0296489838511,"median":0.0201437808573,"min":6.50808605977e-23,"var":0.00125210208353},"spectral_energyband_middle_high":{"dmean":0.00297804898582,"dmean2":0.0042738514021,"dvar":0.0000207181528822,"dvar2":0.000039930739149,"max":0.073081985116,"mean":0.00608130218461,"median":0.00337355467491,"min":1.54698799152e-21,"var":0.0000659322322463},"spectral_energyband_middle_low":{"dmean":0.00451177591458,"dmean2":0.00725800544024,"dvar":0.0000475245142297,"dvar2":0.000121819648484,"max":0.0717330947518,"mean":0.00698761548847,"median":0.00439843395725,"min":3.51097830838e-22,"var":0.0000656920092297},"spectral_entropy":{"dmean":0.172105595469,"dmean2":0.262320637703,"dvar":0.0278637669981,"dvar2":0.0645892471075,"max":9.80981731415,"mean":7.66495704651,"median":7.69871234894,"min":4.78632497787,"var":0.0824250131845},"spectral_flux":{"dmean":0.0418299995363,"dmean2":0.065754942596,"dvar":0.00193572684657,"dvar2":0.00447579845786,"max":0.42481225729,"mean":0.115567661822,"median":0.103566385806,"min":1.04644973242e-10,"var":0.00457978667691},"spectral_kurtosis":{"dmean":1.66115438938,"dmean2":2.78980183601,"dvar":2.61966228485,"dvar2":7.06594562531,"max":43.4738883972,"mean":4.30105400085,"median":3.99717521667,"min":-1.23305332661,"var":4.94799089432},"spectral_rms":{"dmean":0.00144483998884,"dmean2":0.00223709247075,"dvar":0.00000225548751587,"dvar2":0.00000545253124073,"max":0.0154019007459,"mean":0.00574018945917,"median":0.00556052429602,"min":3.2685599019e-12,"var":0.00000741250642022},"spectral_rolloff":{"dmean":615.623718262,"dmean2":1032.2833252,"dvar":770785.8125,"dvar2":1739029.625,"max":19810.546875,"mean":1381.10986328,"median":818.26171875,"min":21.533203125,"var":3079541},"spectral_skewness":{"dmean":0.261190712452,"dmean2":0.413844823837,"dvar":0.0552937053144,"dvar2":0.132952094078,"max":4.39280939102,"mean":1.17101347446,"median":1.16357004642,"min":-0.352569013834,"var":0.163655087352},"spectral_spread":{"dmean":498560.21875,"dmean2":759034.625,"dvar":370773721088,"dvar2":736066338816,"max":41654872,"mean":3691677.25,"median":3543008.25,"min":1238547.375,"var":1170442682370},"spectral_strongpeak":{"dmean":0.405307531357,"dmean2":0.677731156349,"dvar":0.578192353249,"dvar2":1.3844178915,"max":13.4120035172,"mean":0.704320013523,"median":0.376991897821,"min":0,"var":0.999865233898},"zerocrossingrate":{"dmean":0.0116378320381,"dmean2":0.0137665858492,"dvar":0.000137919894769,"dvar2":0.000171852574567,"max":0.53759765625,"mean":0.0530096516013,"median":0.04296875,"min":0.001953125,"var":0.00200349092484}},"metadata":{"audio_properties":{"analysis_sample_rate":44100,"bit_rate":320030,"codec":"mp3","downmix":"mix","equal_loudness":0,"length":277.968994141,"lossless":false,"md5_encoded":"58a0e0efd468c71ca161b813e3779d61","replay_gain":-12.5739688873,"sample_rate":44100},"tags":{"acoustid_fingerprint":["AQADtF6-JEmUCC3nBE0Oqzku0kqxI0yjExrlIN_RH30rXHESPDouwUe2lwn0B2GS4FvQNDfyZ4WOhggp9Xjy4Teeg7NECaWmC9vxcBWe41fh6JiUH89lJEuL0Jni4_jBS_DG5MTIjcVjpUiYd0NkBsePKz-SuUUuHe6WB14UEwzFB30O50F-OBKfQXnSVDipIn1m40c6oUxyQj-L5jH6RMZ79El8aKkyxMqO58GVo2oYDk3P4MfzI6nSGblaPEuE58aZKmieyMKkLMeTBxeyQ3lM5NJQZX5wpmHgMcH3oC-eIy_0GE30aIgaZkcTHk8ugTnMEX0ShHkPKabsIczjgakv4suD00YXH020B-FzaKGSC9GNPsU-WTFCiVnwP9Cbo2lYPF9gLjN6BvWFhtrxLrDCLEdvHO8WrOuFY89Rnwr6wg-PHj9aWPGOC3_AHx59XMdXcD5OuLuQH1eITueR4zUaPtB-HCsdTPphHjdwF5eOH6ml43CdTTjy41-gJryEmmA-_PDyYLJ4XMnRB40Z4pJyXMvRVEe3FB915MQFH8eThriIphKqHnkjPIL6ww-Fx8iTD82DHlXbI5-koJot6AhztOOFL_iDME6GfoJu45TkEm9U_D_qE3ZRK8fVoz_EUNLR6UT-o0cTEfdxhSHqo6mOPMcXqB5-pI9x4gk7oTZcI25TdAoP3UIOZzsu3GHwEGFOCr2hdkqLRxFyTcYRJnyCPoxwHBVTQwsnvJeQw7Hw42mOs0FzWmg7I24YPFJ0QR-ayEebG8_RL7Cn4TRe5lDXHOHRHD2eLUfcXEGjJuihP8ar4DvxB01-tK_w4JXwD9UNHSl34TqaE1doPJnQB021I88znJC1HJfg_MKDJx98Bm94fA00WcrxI7-I5ngW5AmP53CoQx7x6MGnCId2Ba5XVC6PL8MPTRn8HX0O_Wg-9MKVhRLeHU2caCEKvTwe5biM5kbtdNB19ESYB9dRH8_wMhT8fKh85DaeLBTq_Wjy4zmeSflxockplNQPPcpxlJRyXLCmo3rwDtqP5sQXnNShjZnQfPg-PElxojwh8iG6Hk_QB2IoHr5SHSc-6TBEolZ2MciLxkEvHrc8XE9RSiOuIJRsBVpVNM9y5DiqFpbCI9QP_Qhz9PiOJyEqI4yUXXgO9ceXo4dzhcdJiD9MdNN8_EFbHcYDPzv64w56xQuazPg5yA7ed4D-EA3HH9pX3PihifCLBz3CXEePR3iIJueK_kQuyIqeHT385KjFQt_RN0f6D-eOiosifMGPIswPlcepiHiCNMUnPDeedwjtTHCOcoGOM_pwFqV15MM79MeFa4vQa0UTH-eM4NKOyoGW6Qu-B1-LPjfSc3iW-jgnkcSXC72G8Ghu4aGhRzqqJkejLkf-4hueXLiyoDEqszmeED2eM7CO-PAFDT-OKzuaTD66Ji_O48er4Ogf-MWTo1qgH09-oz_hHT1xNKi34OWI_nAcoWM-5JNxKujR8BYubvh_BD2cjMqhH-UTo0czCl-W4UKPJj8-IffxZcOHmjrRuDnaDGmOShJjaFwSE6GNPwkltMvRHMCXlEOYWEfPCLrw5EWPN0ETF18GHb0u5BN-4keO3sCDb9BC7SiX3PiFI-YnNBN7dBpz_KiPA2mz