{"lowlevel":{"average_loudness":0.961668729782,"barkbands":{"dmean":[0.0000851278164191,0.00346972630359,0.00115031527821,0.000565084337723,0.00231801741756,0.000973362592049,0.000888063339517,0.000357966200681,0.000564427813515,0.000885798712261,0.000591267889831,0.000308545102598,0.000325714994688,0.000289660907583,0.000280525098788,0.00037087520468,0.000313238007948,0.000297402235446,0.000230149773415,0.000225343988859,0.000126249389723,0.0000601164865657,0.0000294992114505,0.0000124426214825,0.00000197226904675,4.7113374535e-7,1.12224725513e-7],"dmean2":[0.000126812752569,0.00514617189765,0.00211328361183,0.000933464849368,0.0032478638459,0.00146690325346,0.00142892403528,0.000592136522755,0.0008796507027,0.00131308485288,0.000858180923387,0.000470922386739,0.0004792958498,0.000436454196461,0.000434014335042,0.000589111994486,0.000486642675241,0.000458777416497,0.000353676005034,0.00034538548789,0.000195306638489,0.0000926445791265,0.0000466567580588,0.0000181968880497,0.00000304480386148,7.29845567093e-7,1.77766551701e-7],"dvar":[4.38920899626e-8,0.0000712897599442,0.00000970472683548,9.12147640975e-7,0.0000102139174487,0.00000376951879844,0.00000442633063358,6.52677726976e-7,0.00000286086105916,0.00000353348559656,0.00000212802228816,8.13912606645e-7,5.43627834304e-7,4.18154570525e-7,2.96557800539e-7,4.71389938639e-7,5.10955032951e-7,2.92416245884e-7,1.53873742192e-7,2.39529157398e-7,7.3760588748e-8,1.56035753207e-8,2.64353960944e-9,2.4568638235e-9,1.91667133553e-11,1.19124328457e-12,1.53209408593e-13],"dvar2":[9.13303210837e-8,0.000156370180775,0.0000286075428448,0.0000024000707981,0.0000190029368241,0.00000809292578197,0.0000105705912574,0.00000165629228377,0.00000661813510305,0.000007001548056,0.00000364634865946,0.00000168159033365,0.00000104387243027,8.93870947039e-7,6.25696202405e-7,0.00000105798176264,0.00000108565302526,6.01406441092e-7,3.18727956028e-7,5.34924367912e-7,1.54476992975e-7,3.38538441724e-8,6.07568484412e-9,3.55693319243e-9,3.94661733849e-11,2.61781178332e-12,3.87639329273e-13],"max":[0.00290702236816,0.0666056126356,0.0229683108628,0.0130483023822,0.0481392145157,0.03992831707,0.0431710481644,0.0227200686932,0.0370334163308,0.0345214642584,0.0623600035906,0.0260471887887,0.0202697888017,0.0112011013553,0.0110740587115,0.0176309943199,0.0183961838484,0.00982403475791,0.0108150076121,0.0110886283219,0.00573700387031,0.00297316419892,0.00106440612581,0.0024009863846,0.000110051129013,0.0000218502664211,0.00000662582033328],"mean":[0.000111130495497,0.00466277403757,0.00108350662049,0.000731956330128,0.00617452478036,0.00179467140697,0.00140986894257,0.000590213283431,0.00111460057087,0.00174400862306,0.00126582907978,0.000513580744155,0.000636737269815,0.000519862514921,0.000573709257878,0.000762478797697,0.00063628423959,0.000656722288113,0.00054278888274,0.000480081274873,0.000297164398944,0.000171589868842,0.0000880851148395,0.0000337128913088,0.0000069893771979,0.00000157610963925,1.97835973381e-7],"median":[0.0000051439519666,0.000438329472672,0.000273461744655,0.000320631021168,0.00292311073281,0.000841809844133,0.000690765562467,0.000311381358188,0.000416554568801,0.000642634113319,0.000408677704399,0.000179529713932,0.000224116171012,0.000208312732866,0.000253984762821,0.000407944549806,0.000225005860557,0.000347163208062,0.000369666668121,0.000290444324492,0.000209722915315,0.000109796448669,0.0000554420839762,0.0000189845359273,0.00000342210978488,5.8173253592e-7,5.28201375971e-8],"min":[1.04961907466e-24,4.42607055839e-24,4.71477659059e-25,1.36516008409e-24,9.79937925937e-24,9.07295117277e-24,8.58921219936e-24,9.54284011527e-24,1.35911551629e-23,1.91146929569e-23,1.80844343038e-23,2.30750429138e-23,3.10626192998e-23,4.0108089714e-23,7.60661715323e-23,7.13744560084e-23,8.8198101259e-23,9.57987508373e-23,1.70595929163e-22,1.65451508454e-22,2.11765077815e-22,3.60117855754e-22,4.22561712118e-22,6.09622064519e-22,8.49165926168e-22,1.36357603877e-21,1.86156815102e-21],"var":[7.52825641825e-8,0.000104549610114,0.00000637373341306,0.00000126498537156,0.0000673805261613,0.00000847629780765,0.00000664553908791,8.77412730915e-7,0.00000945318606682,0.0000120471231639,0.0000135034661071,0.00000181456323389,0.00000187842920241,9.53166761519e-7,0.00000112129964691,0.00000152128393438,0.00000150884204686,0.00000104160346837,5.35695846793e-7,5.19201137195e-7,1.91834686802e-7,6.17071904685e-8,1.2217641121e-8,6.64238974935e-9,9.60867704847e-11,5.20580236904e-12,1.81524622265e-13]},"barkbands_crest":{"dmean":2.94563031197,"dmean2":4.43936014175,"dvar":8.56108474731,"dvar2":20.031042099,"max":26.1587562561,"mean":11.3744907379,"median":10.2792453766,"min":2.75668740273,"var":27.3216705322},"barkbands_flatness_db":{"dmean":0.0185899846256,"dmean2":0.0276052691042,"dvar":0.00039269644185,"dvar2":0.000836266088299,"max":0.417922139168,"mean":0.150983095169,"median":0.137570858002,"min":0.0478931069374,"var":0.0042416062206},"barkbands_kurtosis":{"dmean":2.58544611931,"dmean2":3.93913817406,"dvar":38.4435424805,"dvar2":78.25,"max":263.086242676,"mean":4.11663913727,"median":0.668480873108,"min":-1.94463455677,"var":154.76600647},"barkbands_skewness":{"dmean":0.504750728607,"dmean2":0.731503546238,"dvar":0.304649502039,"dvar2":0.65460306406,"max":12.5011901855,"mean":1.31513381004,"median":1.17087805271,"min":-2.86053729057,"var":1.61206066608},"barkbands_spread":{"dmean":4.55635976791,"dmean2":6.75299263,"dvar":26.330411911,"dvar2":62.1145439148,"max":149.427947998,"mean":22.4245624542,"median":21.8280353546,"min":0.32217746973,"var":188.712173462},"dissonance":{"dmean":0.0144190136343,"dmean2":0.0242729261518,"dvar":0.0002669460373,"dvar2":0.000737774884328,"max":0.5,"mean":0.471557348967,"median":0.479553550482,"min":0.298069775105,"var":0.000638780416921},"dynamic_complexity":2.60329270363,"erbbands":{"dmean":[0.100362621248,0.831657648087,1.46432721615,1.30748701096,2.59323811531,12.1726970673,7.43301391602,9.55655574799,12.0216932297,11.3630437851,7.50194597244,14.3993444443,18.4873828888,31.6593875885,16.2925357819,13.1409645081,14.9641237259,11.475194931,16.448261261,14.6842536926,19.3990459442,15.0944414139,12.5032453537,14.1866931915,10.9709119797,10.5702228546,6.2826628685,4.30016422272,2.28123140335,1.20665192604,0.815633177757,0.444847613573,0.10727339983,0.0294130407274,0.0129170035943,0.00272439769469,0.000752084073611,0.000158400915097,0.0000223281240324,0.0000079041619756],"dmean2":[0.140068277717,1.31688213348,2.65594434738,2.24697351456,4.23484230042,16.810628891,10.8195495605,14.4027748108,19.1109542847,18.536491394,12.2727851868,22.2018203735,26.7491779327,45.6159057617,23.2335529327,19.7338523865,21.782875061,17.0008621216,24.7873630524,22.1270217896,30.3252544403,23.4239578247,19.4123287201,21.3311462402,16.9064540863,16.3621883392,9.75119113922,6.54194450378,3.46413707733,1.87627160549,1.31292426586,0.650346636772,0.159935027361,0.044591806829,0.0201475415379,0.00427388818935,0.00115605990868,0.000239451575908,0.0000345980624843,0.0000112304578579],"dvar":[0.0602848790586,4.34208250046,16.1652297974,5.55773735046,21.1413154602,320.586975098,122.460823059,391.614990234,942.461303711,647.340270996,279.520599365,2183.60229492,1839.33374023,5666.56982422,937.144836426,1486.09216309,1087.93786621,553.273620605,1059.08703613,859.766540527,1266.61535645,1007.23608398,440.864898682,654.046203613,338.081787109,606.600341797,103.499740601,151.188751221,25.0171947479,3.89554738998,2.30831170082,2.91241312027,0.136702567339,0.0050381035544,0.000793612038251,0.0000389092674595,0.00000341189411301,2.20115992988e-7,5.34145705444e-9,1.19398851917e-10],"dvar2":[0.108314044774,10.6588859558,46.7910308838,15.8463230133,54.7055969238,585.923828125,286.445495605,868.118041992,2191.1887207,1688.03320312,664.78692627,5121.53076172,3246.3762207,10620.6669922,1769.33642578,3049.19824219,1986.95812988,1154.93969727,2306.89575195,1863.10290527,2824.29736328,2250.86181641,996.798400879,1269.53051758,712.801086426,1409.26245117,229.098052979,321.176940918,53.3993988037,8.48217201233,5.47949647903,4.48495388031,0.207902342081,0.00934302248061,0.00178175151814,0.0000858196144691,0.00000758466376283,5.02472005337e-7,1.34488464809e-8,2.43349118634e-10],"max":[1.86779510975,16.4598808289,28.835111618,30.5611991882,129.328414917,269.340240479,187.761749268,467.544189453,724.91204834,591.05480957,536.066955566,1107.62805176,1098.11694336,2972.63916016,1109.58337402,1091.18249512,815.506835938,557.532653809,686.739624023,1101.04882812,1134.0567627,882.592956543,442.557250977,611.460510254,441.614685059,576.180541992,170.425994873,279.753265381,138.704879761,65.2668914795,35.3191986084,83.2495803833,15.3495178223,2.20732140541,0.651080906391,0.132634535432,0.0356952361763,0.00808446574956,0.001312237815,0.000113406757009],"mean":[0.138068705797,1.01097166538,1.50690352917,1.77632951736,4.65667772293,31.5292987823,19.1145210266,17.417886734,19.0315971375,18.6050891876,13.5168399811,28.4984493256,38.0249786377,68.5022125244,34.6421661377,24.6244411469,30.9916000366,23.1053943634,33.252784729,34.0628089905,42.2393035889,34.140663147,30.0003490448,33.571182251,25.87068367,22.3291511536,15.3228778839,10.146478653,6.4740691185,3.74171185493,2.28654646873,1.21837210655,0.331029862165,0.098742634058,0.0418225154281,0.00965281296521,0.0024436803069,0.000409523665439,0.0000522844820807,0.0000338851641573],"median":[0.00516968220472,0.117571182549,0.379895538092,0.869089484215,3.30231332779,12.4691638947,11.324968338,8.26808738708,8.74773025513,9.33475494385,7.33255195618,9.78478527069,17.1927337646,24.0234241486,15.9356555939,10.2860002518,12.5662794113,11.7746019363,16.9590377808,17.5860881805,21.9993858337,14.101020813,18.2945041656,20.9458732605,18.691034317,13.3714113235,11.5822143555,6.3583779335,4.08444929123,2.58259248734,1.39437568188,0.700173377991,0.189885109663,0.0516340397298,0.0178951025009,0.00398285733536,0.000862837885506,0.000122475117678,0.0000284616253339,0.0000351457129],"min":[1.4314462989e-22,1.24573652686e-21,2.59528220111e-21,9.86301808854e-21,2.37543298276e-20,2.94888886711e-20,6.09286117311e-20,8.96896751672e-20,8.61970859765e-20,2.15105280991e-19,3.61156102729e-19,3.63444523743e-19,5.86583964454e-19,8.88856853386e-19,1.16155741503e-18,1.08027544272e-18,1.57551188758e-18,2.48482471072e-18,3.20958257905e-18,4.54747918425e-18,4.76652115995e-18,5.12554897866e-18,5.8226037411e-18,6.39200716423e-18,8.32819750943e-18,7.05423348698e-18,9.8264589996e-18,9.33591608094e-18,1.23658331698e-17,1.13218832603e-17,1.22870905386e-17,1.25195539333e-17,9.50667511069e-18,7.85222455008e-18,7.24155019105e-18,4.21841060655e-18,2.39128940179e-18,1.0211200348e-18,2.49680228598e-19,2.77359830932e-20],"var":[0.109947629273,5.04523134232,11.6644363403,6.63566398621,31.3758277893,2068.7878418,478.364868164,807.594726562,1379.34912109,977.610107422,472.718780518,7538.23681641,6269.68408203,29403.2265625,4617.18847656,3316.9921875,3615.46655273,1541.89770508,2660.74853516,3236.99267578,4195.15527344,3502.84472656,1747.46777344,2123.99267578,1080.26489258,1161.58227539,305.003662109,356.034820557,94.6035079956,21.4840965271,9.03149223328,7.87062692642,0.405816942453,0.0212742704898,0.00364580913447,0.000185821161722,0.0000130567987071,4.91666810376e-7,6.58177423674e-9,3.76719100359e-10]},"erbbands_crest":{"dmean":2.07694411278,"dmean2":3.19897079468,"dvar":5.63135480881,"dvar2":12.5877351761,"max":33.0281448364,"mean":8.55078792572,"median":6.63600826263,"min":2.04955267906,"var":29.2018432617},"erbbands_flatness_db":{"dmean":0.0130006046966,"dmean2":0.0185409449041,"dvar":0.000231311903917,"dvar2":0.000398108182708,"max":0.392595261335,"mean":0.191549286246,"median":0.177724257112,"min":0.0181959588081,"var":0.00385673088022},"erbbands_kurtosis":{"dmean":0.854500591755,"dmean2":1.33622002602,"dvar":6.30677604675,"dvar2":14.1699447632,"max":75.5003433228,"mean":0.577026069164,"median":-0.610075712204,"min":-1.88190901279,"var":23.7464313507},"erbbands_skewness":{"dmean":0.323090076447,"dmean2":0.481570780277,"dvar":0.14708404243,"dvar2":0.315960764885,"max":7.25851869583,"mean":0.226821437478,"median":0.00860232394189,"min":-3.11495184898,"var":1.04079794884},"erbbands_spread":{"dmean":5.8476934433,"dmean2":8.83997631073,"dvar":37.9664154053,"dvar2":82.1234817505,"max":121.585792542,"mean":37.5524482727,"median":36.5257720947,"min":2.13381910324,"var":281.340789795},"gfcc":{"cov":[[23709.4121094,734.183105469,-3114.06958008,1184.52478027,-1665.44677734,647.976074219,-605.826477051,57.6194190979,-179.401489258,-110.14666748,-74.7394256592,191.678237915,16.7939147949],[734.183105469,1707.96264648,9.95564842224,-254.586730957,343.381835938,-429.400726318,89.1703643799,-159.093704224,-10.1292457581,-130.461029053,15.7030172348,-154.189346313,97.3030548096],[-3114.06958008,9.95564842224,1630.3203125,116.709320068,290.981994629,112.03894043,-24.8788280487,175.651779175,16.2521762848,104.067985535,-120.52268219,84.028137207,-64.6058807373],[1184.52478027,-254.586730957,116.709320068,310.082458496,-102.253791809,182.612243652,-51.111492157,90.0913772583,15.8281974792,50.2296791077,-19.9988822937,55.8020057678,-37.3219451904],[-1665.44677734,343.381835938,290.981994629,-102.253791809,489.715942383,-74.0086135864,111.08102417,54.6919670105,39.829372406,47.7078666687,5.07505369186,0.0100473426282,29.4246788025],[647.976074219,-429.400726318,112.03894043,182.612243652,-74.0086135864,351.62387085,34.2588043213,116.869445801,34.1679496765,79.0357284546,-10.5725450516,71.2660446167,-38.3957366943],[-605.826477051,89.1703643799,-24.8788280487,-51.111492157,111.08102417,34.2588043213,192.501953125,22.1164550781,38.9923667908,21.2746753693,43.9486351013,-36.5457992554,12.0523805618],[57.6194190979,-159.093704224,175.651779175,90.0913772583,54.6919670105,116.869445801,22.1164550781,164.54800415,50.3195877075,66.1024398804,-19.7402439117,60.6058349609,-18.8738384247],[-179.401489258,-10.1292457581,16.2521762848,15.8281974792,39.829372406,34.1679496765,38.9923667908,50.3195877075,89.0867996216,32.6776542664,21.7677707672,1.64479613304,4.91723823547],[-110.14666748,-130.461029053,104.067985535,50.2296791077,47.7078666687,79.0357284546,21.2746753693,66.1024398804,32.6776542664,101.652587891,17.5787277222,35.4021034241,-19.4489765167],[-74.7394256592,15.7030172348,-120.52268219,-19.9988822937,5.07505369186,-10.5725450516,43.9486351013,-19.7402439117,21.7677707672,17.5787277222,87.2148895264,0.589610815048,16.6280536652],[191.678237915,-154.189346313,84.028137207,55.8020057678,0.0100473426282,71.2660446167,-36.5457992554,60.6058349609,1.64479613304,35.4021034241,0.589610815048,103.776039124,14.7678422928],[16.7939147949,97.3030548096,-64.6058807373,-37.3219451904,29.4246788025,-38.3957366943,12.0523805618,-18.8738384247,4.91723823547,-19.4489765167,16.6280536652,14.7678422928,71.4507369995]],"icov":[[0.00041236684774,-0.00112010887824,0.00101749063469,-0.00116763170809,0.00105888955295,-0.00114900770131,0.000954022980295,-0.000974801019765,0.000974069233052,-0.000854310579598,0.000738127971999,-0.00064575811848,-0.0000712517721695],[-0.00112010887824,0.00417125225067,-0.00286044063978,0.00287540163845,-0.00349781918339,0.00407164730132,-0.00286479690112,0.0028925430961,-0.00277533940971,0.00301945512183,-0.0020101510454,0.00266700494103,-0.000696449889801],[0.00101749063469,-0.00286044063978,0.00342726125382,-0.00304707279429,0.00207824166864,-0.00289127160795,0.00243574706838,-0.00256291334517,0.00242747459561,-0.00256618577987,0.00296437903307,-0.00218606321141,0.000562531349715],[-0.00116763170809,0.00287540163845,-0.00304707279429,0.00915048737079,-0.00209832843393,0.000645702821203,-0.000627788773272,0.000762207084335,-0.00264192651957,0.00187866645865,-0.00282895797864,0.00216886703856,0.000804828829132],[0.00105888955295,-0.00349781918339,0.00207824166864,-0.00209832843393,0.0066292276606,-0.00208450551145,0.000599705032073,-0.00346692162566,0.00228939927183,-0.00433901371434,0.00271908915602,-0.00246529886499,-0.00103141542058],[-0.00114900770131,0.00407164730132,-0.00289127160795,0.000645702821203,-0.00208450551145,0.0103527242318,-0.00632079318166,0.00249459873885,-0.00355395977385,0.00104638701305,-0.0000145911299114,-0.00112036953215,0.00135943852365],[0.000954022980295,-0.00286479690112,0.00243574706838,-0.000627788773272,0.000599705032073,-0.00632079318166,0.0128556685522,-0.00567392539233,0.00264394446276,-0.00181389949284,-0.00382818630897,0.00550859980285,-0.00268264627084],[-0.000974801019765,0.0028925430961,-0.00256291334517,0.000762207084335,-0.00346692162566,0.00249459873885,-0.00567392539233,0.0184640344232,-0.00956309307367,-0.000883622677065,0.00472439453006,-0.00683131301776,0.00370348105207],[0.000974069233052,-0.00277533940971,0.00242747459561,-0.00264192651957,0.00228939927183,-0.00355395977385,0.00264394446276,-0.00956309307367,0.020106330514,-0.00453719450161,-0.00330933439545,0.0043348944746,-0.00420377217233],[-0.000854310579598,0.00301945512183,-0.00256618577987,0.00187866645865,-0.00433901371434,0.00104638701305,-0.00181389949284,-0.000883622677065,-0.00453719450161,0.0208941474557,-0.00735539756715,-0.00146097631659,0.00518492655829],[0.000738127971999,-0.0020101510454,0.00296437903307,-0.00282895797864,0.00271908915602,-0.0000145911299114,-0.00382818630897,0.00472439453006,-0.00330933439545,-0.00735539756715,0.0212509594858,-0.00677362177521,-0.000787156808656],[-0.00064575811848,0.00266700494103,-0.00218606321141,0.00216886703856,-0.00246529886499,-0.00112036953215,0.00550859980285,-0.00683131301776,0.0043348944746,-0.00146097631659,-0.00677362177521,0.0240914076567,-0.0107434429228],[-0.0000712517721695,-0.000696449889801,0.000562531349715,0.000804828829132,-0.00103141542058,0.00135943852365,-0.00268264627084,0.00370348105207,-0.00420377217233,0.00518492655829,-0.000787156808656,-0.0107434429228,0.022580306977]],"mean":[-33.1292953491,111.97315979,-151.408081055,41.1468811035,-61.3678092957,-4.7392873764,-28.3814945221,-5.56709575653,-19.6459217072,-9.22232913971,-9.53150653839,-2.27023506165,0.122091956437]},"hfc":{"dmean":4.52324914932,"dmean2":6.33759975433,"dvar":36.9424095154,"dvar2":68.6323699951,"max":93.5903778076,"mean":22.766992569,"median":21.11860466,"min":1.05908407218e-16,"var":243.989959717},"melbands":{"dmean":[0.000933006056584,0.000857634120621,0.000251692399615,0.000466131605208,0.000362397928257,0.000205582706258,0.000181234499905,0.000113519621664,0.0000670930021442,0.000091795976914,0.0000976382361841,0.000134366302518,0.0000693361944286,0.0000315218967444,0.0000362393657269,0.0000315036486427,0.0000227179771173,0.0000294254441542,0.0000214431838685,0.0000247296575253,0.0000253442176472,0.0000188860412891,0.0000134185820571,0.0000131184579004,0.0000125881033455,0.00000922020899452,0.00000873241970112,0.00000772616022005,0.00000453772236142,0.00000350098002855,0.00000250505763688,0.0000016104839915,0.00000107666528493,6.30615772934e-7,4.26526128194e-7,5.5369440588e-7,2.36701552581e-7,9.87249464401e-8,3.75624509275e-8,2.38045156919e-8],"dmean2":[0.00132825248875,0.00146724062506,0.000419838615926,0.000673233880661,0.000501348229591,0.00030845036963,0.000288377254037,0.000186968973139,0.00010856994777,0.000140814416227,0.000141604279634,0.000194613312487,0.0000985113729257,0.0000491311802762,0.0000545547591173,0.0000464018994535,0.0000339957041433,0.0000444032812084,0.000032259064028,0.0000386524989153,0.0000391090470657,0.000029340326364,0.0000209020145121,0.0000200373942789,0.00001897308357,0.0000145258109114,0.0000136586959343,0.000012106768736,0.00000710153472028,0.00000545059947399,0.00000386810052078,0.00000250260995927,0.00000167090365721,0.00000101531179553,6.95951428042e-7,8.69600683018e-7,3.50652925363e-7,1.52963622213e-7,5.92077675776e-8,3.69143968726e-8],"dvar":[0.00000511550297233,0.00000501513659401,1.92574162838e-7,4.17340572767e-7,2.44199327426e-7,1.75344439413e-7,2.00128852157e-7,6.47050057978e-8,2.47784690544e-8,8.98094398849e-8,5.19933500698e-8,9.2600402013e-8,1.91056859222e-8,1.09072928467e-8,7.59341034495e-9,6.62900889736e-9,2.44201348032e-9,4.00389543742e-9,1.85862847335e-9,2.06620209831e-9,2.80767809002e-9,1.89394877559e-9,7.22017501342e-10,6.32520480437e-10,5.5237014962e-10,2.31647506732e-10,3.57505552939e-10,3.31137312015e-10,5.87248513706e-11,7.95041324442e-11,5.29062488264e-11,1.3007520408e-11,4.83781330968e-12,1.08869716627e-12,6.07964199817e-13,1.51663859423e-12,1.01813262682e-12,1.09084846733e-13,6.58068367051e-15,3.38042844788e-15],"dvar2":[0.0000102067651824,0.0000137309370984,5.14775081228e-7,8.48455954383e-7,4.62413140667e-7,3.79192442779e-7,4.66910734076e-7,1.70408753775e-7,5.60765265334e-8,2.07558898069e-7,9.09379309633e-8,1.78402061124e-7,3.28566223118e-8,2.34994974591e-8,1.58673429951e-8,1.19642811214e-8,5.01271246733e-9,8.75050698568e-9,3.67868313589e-9,4.22982049386e-9,5.98850480316e-9,4.04773725649e-9,1.58883717294e-9,1.33200972474e-9,1.06340747319e-9,5.04593311579e-10,7.95361720929e-10,7.73612895966e-10,1.3442004454e-10,1.60545035599e-10,1.17152579304e-10,2.87441580954e-11,1.02325257642e-11,2.51047815349e-12,1.49004799384e-12,3.02681946347e-12,1.59275511617e-12,1.88048375157e-13,1.42757730143e-14,7.04550358823e-15],"max":[0.017283860594,0.0162580013275,0.00736658740789,0.00915655307472,0.00715607544407,0.00937871076167,0.0102304061875,0.00670613255352,0.00399925559759,0.00634736567736,0.00553875835612,0.0115068890154,0.00645773299038,0.00386688648723,0.00229652994312,0.00235101627186,0.000965035345871,0.00127806863748,0.00109291006811,0.00127118383534,0.00185125099961,0.00129885110073,0.000871575670317,0.00051839806838,0.00062839651946,0.000378782424377,0.000583291577641,0.00050736265257,0.000130876927869,0.000228031145525,0.00019286670431,0.00010908315744,0.0000707860890543,0.0000269325864792,0.0000147181362991,0.0000451546075055,0.0000481273491459,0.000012026175682,0.00000210123425859,0.00000167067628354],"mean":[0.00127543194685,0.00100359204225,0.000370139227016,0.00118184322491,0.00100508169271,0.000374429189833,0.000285928777885,0.00018194912991,0.000114708433102,0.000176317538717,0.000188695368706,0.000279995874735,0.000147401166032,0.0000528568307345,0.0000707865474396,0.00006049374133,0.0000407892985095,0.0000541502631677,0.0000461733870907,0.0000499025263707,0.00005093947766,0.0000380226301786,0.0000292322438327,0.0000269939391728,0.0000276787177427,0.000020292472982,0.0000167546313605,0.0000146679358295,0.0000100914612631,0.00000727313272364,0.00000540000701221,0.00000390333752875,0.00000280434596789,0.00000175400498392,0.00000113425778636,0.00000130613614147,5.70387214793e-7,2.59347217479e-7,1.13384061251e-7,6.85995615868e-8],"median":[0.0000871480588103,0.000209232282941,0.000194659587578,0.000601953652222,0.000524367205799,0.000170806975802,0.000133643523441,0.0000897759964573,0.0000559098371014,0.0000592515898461,0.0000763945718063,0.0000916098579182,0.0000543217938684,0.0000217410761252,0.0000271443568636,0.0000203739382414,0.0000182761959877,0.0000239033524849,0.0000199423047889,0.0000268094845524,0.0000225560561375,0.0000133749890665,0.0000152393840835,0.0000140852916957,0.0000165137971635,0.000014286935766,0.00000974778322416,0.00000827214535093,0.00000741051189834,0.00000463361448055,0.00000314956014336,0.00000237472067965,0.00000168200426742,0.00000116109845294,6.86085741108e-7,7.10745666765e-7,3.02562057186e-7,1.39941747079e-7,5.95436766559e-8,3.36253194178e-8],"min":[1.72657986326e-24,2.65757654309e-24,2.19709456967e-24,2.52915255152e-24,2.3695945866e-24,1.86613606271e-24,1.38398684124e-24,2.01026666933e-24,3.04113057597e-24,2.00059641793e-24,2.76360220976e-24,3.02690859714e-24,2.90807123772e-24,2.93269099492e-24,3.05881762633e-24,4.40112559328e-24,4.65420124357e-24,3.28452650853e-24,4.34316324941e-24,4.81354089124e-24,5.15441084383e-24,4.30406059763e-24,5.51021787766e-24,4.31783608118e-24,4.88291095266e-24,5.38653829278e-24,5.12402668277e-24,4.10879109674e-24,5.33559523325e-24,4.70824965407e-24,4.84107055911e-24,6.90524502448e-24,5.43209540449e-24,5.88780220564e-24,6.0899296688e-24,6.36122130069e-24,6.30521612072e-24,6.50888028493e-24,6.22192897521e-24,6.46068088362e-24],"var":[0.00000845077647682,0.00000454638393421,2.6829988542e-7,0.00000231723038269,0.0000015659844621,3.72538522697e-7,2.99101714063e-7,9.1902691679e-8,4.73469121687e-8,2.90395348657e-7,1.74055230673e-7,4.64824580604e-7,1.29154599904e-7,2.26841834206e-8,2.00464729261e-8,2.14066844251e-8,5.86094017763e-9,9.17705555992e-9,8.60902726885e-9,7.380281275e-9,8.16034617657e-9,5.95535043502e-9,2.92676349822e-9,1.82981008123e-9,1.6935791658e-9,7.4901568281e-10,7.64409036069e-10,6.00461735889e-10,1.47058656919e-10,1.80788078952e-10,1.12120535078e-10,3.80326360683e-11,2.23571335056e-11,4.68033511253e-12,2.22928142959e-12,4.40372261226e-12,2.60111094989e-12,2.71060734622e-13,2.65920674424e-14,1.12362300115e-14]},"melbands_crest":{"dmean":3.31146597862,"dmean2":4.99167013168,"dvar":10.0659732819,"dvar2":20.8831748962,"max":32.1804389954,"mean":13.86531353,"median":13.0349445343,"min":1.00078082085,"var":30.1905422211},"melbands_flatness_db":{"dmean":0.0238558761775,"dmean2":0.0348117947578,"dvar":0.00071474321885,"dvar2":0.00146550836507,"max":0.524598419666,"mean":0.193424880505,"median":0.173190787435,"min":1.38058624088e-7,"var":0.0071131028235},"melbands_kurtosis":{"dmean":5.47688102722,"dmean2":8.34684848785,"dvar":75.1004714966,"dvar2":178.664169312,"max":129.211715698,"mean":10.6365232468,"median":6.09508514404,"min":-1.70213067532,"var":189.019134521},"melbands_skewness":{"dmean":0.663526177406,"dmean2":0.96938598156,"dvar":0.552961587906,"dvar2":1.24147033691,"max":8.86040973663,"mean":2.36337041855,"median":2.19852662086,"min":-1.10684835911,"var":2.14601612091},"melbands_spread":{"dmean":7.10315179825,"dmean2":10.490272522,"dvar":77.5705947876,"dvar2":165.634277344,"max":192.136520386,"mean":27.1781311035,"median":24.0051212311,"min":0.580746948719,"var":402.921691895},"mfcc":{"cov":[[11128.2490234,-425.211303711,-760.014221191,214.107040405,-518.767944336,336.695922852,-330.216430664,312.220458984,-182.174926758,93.2629470825,-91.8067550659,-19.7515106201,-32.4751434326],[-425.211303711,2032.29919434,-134.290512085,223.164581299,206.385360718,-168.664260864,101.254669189,-142.813873291,81.4814910889,-76.6589813232,-121.216239929,49.3118476868,-30.5219364166],[-760.014221191,-134.290512085,1049.57141113,90.876663208,188.617370605,81.5266876221,12.8068380356,87.0123901367,74.7747497559,6.82664203644,90.5878982544,-54.6066093445,38.2935256958],[214.107040405,223.164581299,90.876663208,180.845169067,87.1529312134,-9.40303325653,14.0630998611,4.97538471222,25.9523601532,0.646376132965,-3.44772601128,17.6541023254,6.61588954926],[-518.767944336,206.385360718,188.617370605,87.1529312134,284.182922363,9.2530632019,47.3451805115,29.7644863129,88.3098602295,-3.67024731636,28.0125675201,34.5178947449,42.618270874],[336.695922852,-168.664260864,81.5266876221,-9.40303325653,9.2530632019,152.851089478,47.7430915833,53.622467041,23.4597187042,39.1079864502,51.4791870117,-2.9346601963,16.214799881],[-330.216430664,101.254669189,12.8068380356,14.0630998611,47.3451805115,47.7430915833,137.076690674,20.5707931519,41.8717269897,32.5015182495,35.0953941345,23.2409687042,21.0033912659],[312.220458984,-142.813873291,87.0123901367,4.97538471222,29.7644863129,53.622467041,20.5707931519,113.844436646,47.4087333679,25.7466163635,37.4943885803,7.06770849228,18.6216907501],[-182.174926758,81.4814910889,74.7747497559,25.9523601532,88.3098602295,23.4597187042,41.8717269897,47.4087333679,115.560569763,35.3167572021,26.0823059082,22.6530647278,29.4031124115],[93.2629470825,-76.6589813232,6.82664203644,0.646376132965,-3.67024731636,39.1079864502,32.5015182495,25.7466163635,35.3167572021,85.5417709351,42.0091590881,16.7843151093,16.7129535675],[-91.8067550659,-121.216239929,90.5878982544,-3.44772601128,28.0125675201,51.4791870117,35.0953941345,37.4943885803,26.0823059082,42.0091590881,95.0746841431,23.5052928925,20.3772449493],[-19.7515106201,49.3118476868,-54.6066093445,17.6541023254,34.5178947449,-2.9346601963,23.2409687042,7.06770849228,22.6530647278,16.7843151093,23.5052928925,92.9877471924,31.4365158081],[-32.4751434326,-30.5219364166,38.2935256958,6.61588954926,42.618270874,16.214799881,21.0033912659,18.6216907501,29.4031124115,16.7129535675,20.3772449493,31.4365158081,74.5553512573]],"icov":[[0.000201556686079,-0.0000924087144085,0.000188972786418,-0.000488316407427,0.000316199701047,-0.000696821371093,0.000746533274651,-0.000853555160575,0.000427871098509,-0.000278073654044,0.000278614053968,-0.000021178742827,-0.0002037112572],[-0.0000924087144085,0.000926634587813,-0.00000469393853564,-0.000567691400647,-0.000402865960496,0.000842251989525,-0.00123951525893,0.00140794436447,-0.00111912249122,0.000683026853949,0.000562847242691,-0.000248454423854,0.000675699324347],[0.000188972786418,-0.00000469393853564,0.00160313525703,-0.00108928314876,-0.000410014385125,-0.000866944494192,0.00106008339208,-0.00108702131547,0.0000907681096578,0.000342098734109,-0.00117926415987,0.0015877065016,-0.000710202031769],[-0.000488316407427,-0.000567691400647,-0.00108928314876,0.00880231335759,-0.00250426889397,0.00167069351301,-0.00134024932049,0.00107984349597,0.000110622881039,-0.000903784297407,0.000511713093147,-0.00122465053573,0.00104479142465],[0.000316199701047,-0.000402865960496,-0.000410014385125,-0.00250426889397,0.00699937716126,-0.000999929499812,0.000484645977849,-0.000989626394585,-0.00320698064752,0.00249636010267,-0.000784793344792,-0.000976731302217,-0.0019358304562],[-0.000696821371093,0.000842251989525,-0.000866944494192,0.00167069351301,-0.000999929499812,0.0126982238144,-0.0055836411193,0.000304039596813,-0.000899967912119,-0.000653987575788,-0.00332507304847,0.00180108950008,0.000296163489111],[0.000746533274651,-0.00123951525893,0.00106008339208,-0.00134024932049,0.000484645977849,-0.0055836411193,0.0134563911706,-0.00316685508005,0.000504199939314,-0.00278250686824,-0.00116776081268,-0.00053642137209,-0.00170011934824],[-0.000853555160575,0.00140794436447,-0.00108702131547,0.00107984349597,-0.000989626394585,0.000304039596813,-0.00316685508005,0.0177832003683,-0.00761506753042,0.00228375056759,-0.00275675347075,-0.000123733188957,0.000914039614145],[0.000427871098509,-0.00111912249122,0.0000907681096578,0.000110622881039,-0.00320698064752,-0.000899967912119,0.000504199939314,-0.00761506753042,0.0179943796247,-0.00690176105127,0.00189914670773,-0.000472138810437,-0.00240874662995],[-0.000278073654044,0.000683026853949,0.000342098734109,-0.000903784297407,0.00249636010267,-0.000653987575788,-0.00278250686824,0.00228375056759,-0.00690176105127,0.0196473319083,-0.00653558969498,-0.000444817385869,-0.000716868089512],[0.000278614053968,0.000562847242691,-0.00117926415987,0.000511713093147,-0.000784793344792,-0.00332507304847,-0.00116776081268,-0.00275675347075,0.00189914670773,-0.00653558969498,0.0196392964572,-0.004740153905,0.000448412989499],[-0.000021178742827,-0.000248454423854,0.0015877065016,-0.00122465053573,-0.000976731302217,0.00180108950008,-0.00053642137209,-0.000123733188957,-0.000472138810437,-0.000444817385869,-0.004740153905,0.0158919710666,-0.00558853428811],[-0.0002037112572,0.000675699324347,-0.000710202031769,0.00104479142465,-0.0019358304562,0.000296163489111,-0.00170011934824,0.000914039614145,-0.00240874662995,-0.000716868089512,0.000448412989499,-0.00558853428811,0.0185101553798]],"mean":[-649.739746094,125.427848816,-26.49858284,36.3971290588,-11.4644508362,3.40549087524,-6.06742763519,2.69328951836,-6.3556137085,-0.491685837507,-12.8242740631,-3.75445914268,-4.73377227783]},"pitch_salience":{"dmean":0.0797825306654,"dmean2":0.1223808676,"dvar":0.00642663100734,"dvar2":0.0151708424091,"max":0.996096491814,"mean":0.576562464237,"median":0.592662215233,"min":0.15863224864,"var":0.0183717068285},"silence_rate_20dB":{"dmean":0,"dmean2":0,"dvar":0,"dvar2":0,"max":1,"mean":1,"median":1,"min":1,"var":0},"silence_rate_30dB":{"dmean":0,"dmean2":0,"dvar":0,"dvar2":0,"max":1,"mean":1,"median":1,"min":1,"var":0},"silence_rate_60dB":{"dmean":0.0121802678332,"dmean2":0.0243654828519,"dvar":0.012032315135,"dvar2":0.0262097362429,"max":1,"mean":0.060888979584,"median":0,"min":0,"var":0.0571818202734},"spectral_centroid":{"dmean":239.192901611,"dmean2":358.382720947,"dvar":95158.765625,"dvar2":204471.28125,"max":11795.7441406,"mean":1663.70910645,"median":1637.46252441,"min":201.204727173,"var":1172092.75},"spectral_complexity":{"dmean":4.29679250717,"dmean2":6.2728934288,"dvar":21.1036281586,"dvar2":38.9886398315,"max":56,"mean":23.9529132843,"median":23,"min":0,"var":154.006134033},"spectral_contrast_coeffs":{"dmean":[0.0534016601741,0.0472734645009,0.0390363186598,0.0299017783254,0.0208225660026,0.0162097793072],"dmean2":[0.0831500738859,0.077006816864,0.0623738728464,0.0481039434671,0.0330658443272,0.0253506843001],"dvar":[0.00206450442784,0.00161681813188,0.00109517516103,0.000697103794664,0.000374563853256,0.000267052295385],"dvar2":[0.00466312328354,0.00408583180979,0.00263179093599,0.00161585025489,0.000830288801808,0.000550753087737],"max":[-0.256889045238,-0.389429867268,-0.385433554649,-0.52767932415,-0.542470633984,-0.523543000221],"mean":[-0.608996450901,-0.751940906048,-0.763728439808,-0.786673486233,-0.784640848637,-0.695797324181],"median":[-0.614883601665,-0.763402462006,-0.779863834381,-0.798822581768,-0.793759346008,-0.6926882267],"min":[-0.976382255554,-0.996565759182,-0.99701577425,-0.98637264967,-0.987480044365,-0.964266359806],"var":[0.0124018499628,0.00659762369469,0.00706131570041,0.00444831280038,0.00307724811137,0.00305785820819]},"spectral_contrast_valleys":{"dmean":[0.444368988276,0.371706932783,0.332822650671,0.293094694614,0.242212235928,0.177065521479],"dmean2":[0.725947678089,0.606710791588,0.525575995445,0.445212572813,0.358309626579,0.257919669151],"dvar":[0.213645517826,0.167077794671,0.148407056928,0.135782971978,0.138192877173,0.101967051625],"dvar2":[0.459281742573,0.355642199516,0.297972500324,0.251075029373,0.248733818531,0.171403452754],"max":[-5.30655288696,-5.04764223099,-5.39814519882,-5.21992111206,-5.64738512039,-8.69495582581],"mean":[-7.79580211639,-6.8735704422,-7.33832216263,-7.65792036057,-7.44191026688,-11.1286077499],"median":[-7.57469844818,-6.47624588013,-6.97154569626,-7.29974985123,-7.02269124985,-10.5341520309],"min":[-28.2975730896,-28.0935783386,-27.7414093018,-27.7618541718,-27.4452362061,-27.3521289825],"var":[4.65445709229,4.71027803421,4.60404872894,4.56436777115,4.65410280228,3.8076107502]},"spectral_decrease":{"dmean":1.70050828974e-9,"dmean2":2.44390063742e-9,"dvar":5.62891567836e-18,"dvar2":1.17935366825e-17,"max":1.45980966852e-17,"mean":-6.50188169971e-9,"median":-6.48533760028e-9,"min":-2.17762519128e-8,"var":1.64327535054e-17},"spectral_energy":{"dmean":0.00663341255859,"dmean2":0.00951909273863,"dvar":0.0000824201342766,"dvar2":0.00017114385264,"max":0.0833015814424,"mean":0.0266045834869,"median":0.027156766504,"min":9.74348321988e-21,"var":0.000253792008152},"spectral_energyband_high":{"dmean":0.000259816413745,"dmean2":0.00039002741687,"dvar":2.26067299991e-7,"dvar2":4.82708514937e-7,"max":0.00921964738518,"mean":0.000854342768434,"median":0.000665625964757,"min":7.15173652927e-21,"var":8.62943238644e-7},"spectral_energyband_low":{"dmean":0.00413560401648,"dmean2":0.00620969757438,"dvar":0.0000936816941248,"dvar2":0.000208145283978,"max":0.0756353363395,"mean":0.00614244537428,"median":0.00111879012547,"min":2.50761511053e-23,"var":0.000144996927702},"spectral_energyband_middle_high":{"dmean":0.00213273242116,"dmean2":0.0029556369409,"dvar":0.00000903701948118,"dvar2":0.0000162795531651,"max":0.0748858451843,"mean":0.00794335175306,"median":0.00556827895343,"min":1.1905843201e-21,"var":0.0000681455203448},"spectral_energyband_middle_low":{"dmean":0.00367492996156,"dmean2":0.00534485047683,"dvar":0.0000188411559066,"dvar2":0.0000400351200369,"max":0.0552599616349,"mean":0.0121676819399,"median":0.0103733325377,"min":1.37511090176e-22,"var":0.0000936340948101},"spectral_entropy":{"dmean":0.113717913628,"dmean2":0.164405405521,"dvar":0.0233241468668,"dvar2":0.0418365299702,"max":9.82197284698,"mean":7.50814723969,"median":7.65828561783,"min":4.93069601059,"var":0.323103159666},"spectral_flux":{"dmean":0.0248983129859,"dmean2":0.0384919308126,"dvar":0.000878877006471,"dvar2":0.00179899635259,"max":0.259346216917,"mean":0.0805988833308,"median":0.0759468600154,"min":6.43063241546e-11,"var":0.00218426133506},"spectral_kurtosis":{"dmean":2.34443998337,"dmean2":4.09310483932,"dvar":13.2406663895,"dvar2":37.0490379333,"max":53.967300415,"mean":4.82782459259,"median":2.85973167419,"min":-1.26825296879,"var":38.3924827576},"spectral_rms":{"dmean":0.000629795598798,"dmean2":0.000877590151504,"dvar":6.19623619968e-7,"dvar2":0.00000114932629458,"max":0.00901497807354,"mean":0.00477519398555,"median":0.00514727178961,"min":3.08315374099e-12,"var":0.00000315318811772},"spectral_rolloff":{"dmean":470.237823486,"dmean2":733.381774902,"dvar":473155.9375,"dvar2":979002.625,"max":20607.2753906,"mean":1976.19348145,"median":1614.99023438,"min":86.1328125,"var":5691824.5},"spectral_skewness":{"dmean":0.253631442785,"dmean2":0.429379105568,"dvar":0.102491125464,"dvar2":0.27245849371,"max":5.87786531448,"mean":1.21530938148,"median":1.03858685493,"min":-0.145853281021,"var":0.506979167461},"spectral_spread":{"dmean":265472,"dmean2":407087.5625,"dvar":516609441792,"dvar2":1064018051070,"max":43203088,"mean":3694648,"median":3380378.5,"min":1238946.875,"var":11998103339000},"spectral_strongpeak":{"dmean":0.5443598032,"dmean2":0.889340400696,"dvar":1.03021013737,"dvar2":2.48605680466,"max":12.3923435211,"mean":1.37238335609,"median":0.864005029202,"min":0,"var":2.53342556953},"zerocrossingrate":{"dmean":0.00885983649641,"dmean2":0.0103052621707,"dvar":0.000131298991619,"dvar2":0.000197270332137,"max":0.59619140625,"mean":0.0657418593764,"median":0.0576171875,"min":0.00537109375,"var":0.00347992801107}},"metadata":{"audio_properties":{"analysis_sample_rate":44100,"bit_rate":0,"codec":"flac","downmix":"mix","equal_loudness":0,"length":114.373336792,"lossless":true,"md5_encoded":"68e469e409652748ee3e56d420806a51","replay_gain":-17.2504348755},"tags":{"album":["The White Stripes"],"albumartist":["The White Stripes"],"albumartistsort":["White Stripes, The"],"artist":["The White Stripes"],"artistsort":["White Stripes, The"],"asin":["B00005Q4Q2"],"barcode":["634904014926"],"catalognumber":["XLCD 149"],"date":["2001-11-26"],"discnumber":["1"],"disctotal":["1"],"engineer":["Jim Diamond"],"file_name":"10 When I Hear My Name.flac","genre":["Rock"],"isrc":["GBBKS0100399"],"label":["XL Recordings"],"media":["CD"],"musicbrainz_albumartistid":["11ae9fbb-f3d7-4a47-936f-4c0a04d3b3b5"],"musicbrainz_albumid":["e63a68de-41c7-37ca-a362-90afcf9c7700"],"musicbrainz_artistid":["11ae9fbb-f3d7-4a47-936f-4c0a04d3b3b5"],"musicbrainz_recordingid":["3eac650b-59f8-4b5a-b596-1d4a0fd4e1da"],"musicbrainz_releasegroupid":["5c5589a7-1561-3b45-9ea9-650888413b4e"],"musicbrainz_releasetrackid":["11cb1060-9b0e-3f32-970d-4d6576ae6369"],"originaldate":["1999-06-15"],"producer":["Jack White","Jim Diamond"],"releasecountry":["GB"],"releasestatus":["official"],"releasetype":["album"],"script":["Latn"],"title":["When I Hear My Name"],"totaldiscs":["1"],"totaltracks":["17"],"tracknumber":["10"],"tracktotal":["17"]},"version":{"essentia":"2.1-beta1","essentia_build_sha":"7598a69e7b456135ce4c070efb04a3d0ebb71fdd","essentia_git_sha":"v2.1_beta1-6-g5578087","extractor":"music 1.0"}},"rhythm":{"beats_count":293,"beats_loudness":{"dmean":0.0142392748967,"dmean2":0.02475114353,"dvar":0.000151478481712,"dvar2":0.000464392476715,"max":0.0799265578389,"mean":0.0385060012341,"median":0.0405517742038,"min":0,"var":0.000262284273049},"beats_loudness_band_ratio":{"dmean":[0.291721105576,0.16019281745,0.112610727549,0.115062057972,0.0896360054612,0.0504391156137],"dmean2":[0.540996968746,0.297479331493,0.209504