{"lowlevel":{"average_loudness":0.939832985401,"barkbands":{"dmean":[0.0000911471579457,0.00461437599733,0.00670996587723,0.00413357466459,0.0027984844055,0.00122303760145,0.000768838566728,0.000686318380758,0.000692309637088,0.000471695093438,0.000330333219608,0.000362705322914,0.000319435464917,0.000365149608115,0.000300143728964,0.000278319028439,0.000284448004095,0.000218539542402,0.000189359576325,0.000207933597267,0.000260860164417,0.000279279687675,0.000267024006462,0.000140978547279,0.0000508758130309,0.0000100745501186,0.00000330184411723],"dmean2":[0.000146855105413,0.0080740256235,0.0113435164094,0.00687802676111,0.00469740061089,0.00196171551943,0.00124110316392,0.00107015809044,0.00106723338831,0.000746636476833,0.000518339977134,0.000586127280258,0.000501988513861,0.000576026213821,0.000480023183627,0.000454943598015,0.00045887826127,0.000351127819158,0.000306859408738,0.000318408536259,0.000381657417165,0.000394713890273,0.000382355821785,0.000208914701943,0.0000744781427784,0.0000147955352077,0.00000518016986462],"dvar":[3.09888612549e-8,0.0000603540574957,0.0000890001101652,0.0000257670017163,0.0000139109624797,0.00000442600730821,0.00000251411552199,0.00000235984634855,0.00000247629486694,0.00000113630824217,4.48666071406e-7,3.82823316158e-7,4.647995695e-7,6.25598033821e-7,3.51322398728e-7,1.84816983051e-7,1.80748870093e-7,1.35591733397e-7,8.96161580499e-8,3.54088484755e-7,6.48085858757e-7,9.96357016447e-7,0.00000110969801881,4.4592127324e-7,6.2968062764e-8,8.41592018297e-10,1.25144283825e-10],"dvar2":[7.403828306e-8,0.000167572419741,0.000246614712523,0.0000678688084008,0.0000377007490897,0.0000106528959805,0.00000580170944886,0.00000517683565704,0.00000547843319509,0.00000251609958468,9.04602643459e-7,8.70405187925e-7,0.00000102195997442,0.00000138079190037,8.34050638332e-7,4.6658010433e-7,4.52996943068e-7,3.06130687022e-7,2.10686494029e-7,7.76653791945e-7,0.00000138125881222,0.00000192597531168,0.00000218673608288,9.84469465948e-7,1.39941860766e-7,1.83451553948e-9,3.0549276997e-10],"max":[0.00336565589532,0.0861064642668,0.102226853371,0.0671050697565,0.0475160256028,0.0339520052075,0.0380021035671,0.0283866897225,0.0594654902816,0.0621651262045,0.023628840223,0.0187602639198,0.0257021859288,0.0232284534723,0.0191705618054,0.0117745045573,0.0103014064953,0.0111115984619,0.0100316796452,0.0170988645405,0.023553384468,0.0203457195312,0.0205673053861,0.0182988326997,0.00786450318992,0.000962941790931,0.000265043025138],"mean":[0.0000914501288207,0.00532160326838,0.00972251873463,0.00645841378719,0.00449115876108,0.00216402229853,0.00129956856836,0.0011021962855,0.00146668811794,0.000807645730674,0.000584916386288,0.000689228996634,0.000616619130597,0.00063577137189,0.000532719073817,0.000530752527993,0.000534680555575,0.000477014575154,0.000459481059806,0.000376447482267,0.000472553307191,0.0005070209736,0.000447035068646,0.000212758386624,0.0000800350535428,0.0000200378253794,0.00000483220628666],"median":[0.0000205469550565,0.00292701413855,0.00533725414425,0.00383631046861,0.00310309510678,0.00117109774146,0.000688584521413,0.000442551710876,0.000483017298393,0.000430011015851,0.000310245493893,0.000433606735896,0.000296710059047,0.000351635157131,0.000332308874931,0.000398088013753,0.000378343538614,0.000340408936609,0.000358257151674,0.000140248797834,0.000081922087702,0.0000515658830409,0.0000410867578466,0.0000198643356271,0.00000955702307692,0.00000315229908665,4.5198277121e-7],"min":[7.44791979612e-25,3.06356223024e-24,1.81009045362e-24,2.72008667008e-24,5.60533872561e-24,1.61146580898e-23,7.13675440091e-24,7.04821107519e-24,9.81362450959e-24,2.59195049441e-23,1.26145761278e-23,3.5994028632e-23,2.80604765963e-23,4.98136442239e-23,2.94227384054e-23,6.43499399482e-23,7.50254746717e-23,7.91116163886e-23,1.3962244799e-22,2.28420115092e-22,2.63130600766e-22,3.4320313809e-22,3.8410467988e-22,6.16065328932e-22,9.88359662966e-22,1.30384445028e-21,1.84380477048e-21],"var":[3.40785533126e-8,0.0000537987616553,0.000137186842039,0.0000545337206859,0.0000204563893931,0.00000931575050345,0.00000493298011861,0.00000506063906869,0.0000130388934849,0.00000260033948507,0.0000013041864122,0.00000102446938399,0.00000153755001975,0.00000122957851545,5.68826465042e-7,2.96541969647e-7,2.96310929571e-7,2.7503492106e-7,2.11619735069e-7,6.86502062308e-7,0.00000154647727868,0.00000270321538665,0.00000260645742856,8.16134274828e-7,1.1409672851e-7,1.79992465377e-9,1.57290916403e-10]},"barkbands_crest":{"dmean":2.59750294685,"dmean2":4.26956272125,"dvar":4.98537826538,"dvar2":12.6926040649,"max":25.0812606812,"mean":9.76605224609,"median":9.07882881165,"min":2.47424077988,"var":14.1400222778},"barkbands_flatness_db":{"dmean":0.023543857038,"dmean2":0.0367542244494,"dvar":0.000452173233498,"dvar2":0.00106980442069,"max":0.387956082821,"mean":0.141241684556,"median":0.134328305721,"min":0.0230659153312,"var":0.00295953615569},"barkbands_kurtosis":{"dmean":3.15498948097,"dmean2":5.15202856064,"dvar":22.6987438202,"dvar2":58.5183105469,"max":119.863952637,"mean":4.31085395813,"median":2.15275478363,"min":-1.94178724289,"var":49.2640609741},"barkbands_skewness":{"dmean":0.614864647388,"dmean2":0.968201398849,"dvar":0.347851097584,"dvar2":0.844386339188,"max":9.68771839142,"mean":1.76506650448,"median":1.65948057175,"min":-2.33025932312,"var":1.35474216938},"barkbands_spread":{"dmean":6.30328798294,"dmean2":9.74787807465,"dvar":65.9813995361,"dvar2":131.288909912,"max":130.127319336,"mean":23.0054092407,"median":19.328327179,"min":1.03882861137,"var":258.246520996},"dissonance":{"dmean":0.0116847958416,"dmean2":0.0196066126227,"dvar":0.000126720755361,"dvar2":0.000346894608811,"max":0.500000119209,"mean":0.477605551481,"median":0.481971919537,"min":0.216415911913,"var":0.000306922738673},"dynamic_complexity":1.70209395885,"erbbands":{"dmean":[0.0604258403182,1.3286138773,6.89077091217,11.0588970184,9.52763843536,10.4946937561,11.8542261124,8.72240543365,10.1254138947,11.8209915161,16.0054988861,15.7657785416,13.9792079926,14.1056118011,11.9591522217,14.3328886032,13.3425760269,15.7731742859,17.1999073029,13.0326604843,16.7568302155,12.9601631165,12.2616491318,8.84820461273,9.71876049042,9.42117500305,10.7764835358,9.96583080292,9.59109401703,10.3247022629,6.71184492111,3.67314839363,2.09973526001,0.812598109245,0.257366985083,0.0595582127571,0.0166227463633,0.00466016540304,0.000563504698221,0.0000364621810149],"dmean2":[0.099940136075,2.34264802933,11.7926206589,18.2717227936,15.9764671326,17.6694793701,19.1052951813,13.9739360809,16.194108963,18.8541126251,24.4647750854,23.6557636261,22.0734062195,22.4129447937,18.6135978699,23.3834228516,21.0901203156,24.6171016693,26.9055080414,20.9788684845,27.2617168427,20.6028709412,19.6582298279,14.2480211258,15.5956354141,14.3941192627,15.8805360794,14.6965456009,13.7587394714,14.9856357574,9.52721500397,5.43608188629,3.10701727867,1.20914685726,0.377235144377,0.0883344486356,0.0242513008416,0.00706262560561,0.000878119899426,0.0000567959032196],"dvar":[0.0114279957488,4.84941339493,104.016792297,172.886352539,165.072998047,203.230667114,411.56463623,286.409484863,481.392456055,606.246337891,1365.36486816,1400.75695801,1107.73657227,773.87677002,670.549560547,574.851074219,748.422729492,944.300354004,1523.32592773,580.063781738,565.094055176,361.387634277,457.167877197,164.405700684,375.674102783,750.283996582,1096.84118652,1078.96130371,1163.3782959,1536.15319824,745.421630859,297.642333984,110.683944702,17.4983596802,1.56592571735,0.0437943488359,0.0020417587366,0.00021979441226,0.00000366140716324,6.63148647106e-9],"dvar2":[0.0277462340891,13.7828884125,294.51449585,470.975280762,437.542053223,552.810180664,997.701721191,668.91784668,1102.08227539,1381.91638184,2974.21728516,2985.23657227,2482.37036133,1749.38024902,1274.71313477,1371.56091309,1710.92382812,2037.51940918,3418.1315918,1398.05773926,1419.88317871,889.377624512,1048.42956543,384.750701904,868.812805176,1645.85522461,2311.30078125,2315.82910156,2253.58691406,3040.91601562,1491.42736816,664.249450684,247.913162231,40.1179962158,3.46283006668,0.0953174754977,0.00430686958134,0.000512225495186,0.0000089240302259,1.59311674963e-8],"max":[1.07752990723,25.1546764374,119.801879883,155.912399292,191.192367554,205.591247559,364.104553223,359.711914062,427.199554443,771.016601562,877.246337891,1839.12097168,2084.82080078,795.363525391,1015.11096191,728.818847656,725.723510742,1045.04931641,1236.83312988,925.780212402,762.886230469,463.226959229,681.559326172,363.267608643,617.119140625,767.601074219,822.128540039,1000.58795166,808.378967285,967.84979248,560.527526855,517.144470215,316.864959717,139.876693726,48.0707855225,6.54962587357,1.23486363888,0.447533220053,0.0422367751598,0.00184846331831],"mean":[0.0778293460608,1.56941306591,9.73401927948,18.9918804169,14.9625902176,16.0163421631,19.7684707642,15.1687412262,17.8625946045,19.5392150879,28.0554847717,34.1012992859,26.0253582001,26.5852508545,25.1005821228,27.9741687775,27.5326099396,32.0797958374,32.309967041,25.9153690338,34.2565231323,27.793592453,26.8339672089,22.2921714783,22.4065227509,17.8351993561,19.7750473022,17.6494274139,17.4233188629,17.9389266968,11.2025899887,5.71842908859,3.09642791748,1.23001110554,0.415980905294,0.11229223758,0.0327680855989,0.00759608345106,0.000859598105308,0.0000849394782563],"median":[0.04185218364,0.916397094727,5.4437918663,12.7157917023,10.2265377045,10.6674556732,9.73599815369,8.59206676483,9.33868789673,10.4536705017,11.1983985901,11.4761199951,13.9800224304,15.5058879852,14.4566574097,18.13306427,15.0893535614,17.9961452484,18.6442832947,17.8090705872,26.4928016663,20.402256012,18.6927375793,18.3360671997,16.0594520569,6.77090167999,4.09236478806,2.68565773964,1.82677316666,1.58333027363,1.07971143723,0.560347020626,0.252019286156,0.130310058594,0.0511889234185,0.0187597647309,0.00486861169338,0.000862132292241,0.000105318162241,0.000058875331888],"min":[8.21689257128e-23,5.25849226814e-22,1.77690007609e-21,6.54529116344e-21,1.48651803932e-20,2.32596402784e-20,3.42908821533e-20,1.14135957733e-19,1.18524189657e-19,1.4939444087e-19,3.54706601342e-19,2.49530172865e-19,6.14649737349e-19,1.10245546367e-18,8.45070719745e-19,1.37553228909e-18,1.43707669802e-18,2.52815987583e-18,1.54099467459e-18,3.33883926913e-18,4.11956376413e-18,5.00409777163e-18,4.66586527352e-18,6.64148070107e-18,9.66113950955e-18,1.06627816123e-17,9.19515227456e-18,1.11442238898e-17,9.84781183993e-18,1.19488712753e-17,1.07763741899e-17,1.27097434356e-17,9.7749612162e-18,9.44810989614e-18,6.36639393015e-18,4.30604667014e-18,2.49534541413e-18,1.0494461111e-18,2.38559431498e-19,2.43863975976e-20],"var":[0.0121044432744,4.21611881256,134.422836304,393.133605957,230.938613892,301.397735596,865.352416992,552.875610352,999.443664551,1076.60070801,3173.03125,7654.01416016,2758.70581055,1741.03588867,2405.67773438,1471.53149414,2106.7253418,2852.14379883,2781.95654297,1046.97839355,961.704284668,694.112609863,928.370422363,377.707397461,768.169372559,1497.45227051,2543.71850586,2488.05175781,3148.00170898,3739.17602539,1723.6541748,572.162109375,185.830032349,28.8848075867,2.98561358452,0.0916061028838,0.00437811855227,0.000321757805068,0.00000463784090243,9.29540178163e-9]},"erbbands_crest":{"dmean":2.09535479546,"dmean2":3.37913990021,"dvar":4.17898225784,"dvar2":10.4666051865,"max":30.3314838409,"mean":7.19949054718,"median":6.23158550262,"min":2.270840168,"var":11.9761095047},"erbbands_flatness_db":{"dmean":0.0144213475287,"dmean2":0.0212884042412,"dvar":0.000210754617001,"dvar2":0.000426344748121,"max":0.386722743511,"mean":0.156170636415,"median":0.152470737696,"min":0.0439202189445,"var":0.00161059317179},"erbbands_kurtosis":{"dmean":0.58101272583,"dmean2":0.912816882133,"dvar":0.839387774467,"dvar2":1.77332985401,"max":16.1221580505,"mean":-0.283687353134,"median":-0.693829536438,"min":-1.83758926392,"var":2.1617538929},"erbbands_skewness":{"dmean":0.319827228785,"dmean2":0.481434673071,"dvar":0.103600330651,"dvar2":0.204392790794,"max":3.22685194016,"mean":-0.0921119600534,"median":-0.0656289458275,"min":-3.7763004303,"var":0.466351270676},"erbbands_spread":{"dmean":7.66118907928,"dmean2":12.1651535034,"dvar":59.9136390686,"dvar2":150.42578125,"max":136.252624512,"mean":44.0643806458,"median":42.9925994873,"min":3.64809703827,"var":205.016921997},"gfcc":{"cov":[[9914.11035156,-1233.90856934,-295.892456055,525.607666016,-996.097595215,473.264404297,-324.634643555,71.6852416992,-189.588058472,133.863082886,-254.105911255,118.794532776,-189.741073608],[-1233.90856934,2093.92089844,-632.903808594,-176.649932861,667.663513184,-459.788635254,160.226593018,-78.7177810669,72.029838562,-186.252059937,219.421722412,-168.320220947,123.943450928],[-295.892456055,-632.903808594,609.307861328,12.5630207062,-63.2982940674,134.603302002,-33.6980056763,55.4200515747,-22.4472255707,74.8377609253,-70.6310424805,81.1733169556,-61.6287879944],[525.607666016,-176.649932861,12.5630207062,389.735015869,-185.334030151,97.9085388184,-23.1812953949,-59.8029518127,15.872136116,10.2174530029,16.4259395599,-6.48037195206,55.5393028259],[-996.097595215,667.663513184,-63.2982940674,-185.334030151,501.413208008,-193.944854736,101.438056946,10.9513301849,4.23290634155,-36.1808242798,43.4328155518,-17.7159118652,10.29824543],[473.264404297,-459.788635254,134.603302002,97.9085388184,-193.944854736,249.363555908,-24.5105628967,32.1867446899,7.15626478195,15.7209310532,-32.917224884,19.3722229004,-24.5657405853],[-324.634643555,160.226593018,-33.6980056763,-23.1812953949,101.438056946,-24.5105628967,116.750785828,14.5374250412,15.6058235168,-10.4458942413,9.35615253448,-8.81934833527,2.52723670006],[71.6852416992,-78.7177810669,55.4200515747,-59.8029518127,10.9513301849,32.1867446899,14.5374250412,102.720855713,11.7762374878,23.1646232605,-11.3128614426,3.7561519146,-20.1350002289],[-189.588058472,72.029838562,-22.4472255707,15.872136116,4.23290634155,7.15626478195,15.6058235168,11.7762374878,89.1669692993,4.73965835571,15.7607278824,-13.8247861862,4.37668228149],[133.863082886,-186.252059937,74.8377609253,10.2174530029,-36.1808242798,15.7209310532,-10.4458942413,23.1646232605,4.73965835571,84.1076049805,-3.01733660698,31.9037399292,-6.61340332031],[-254.105911255,219.421722412,-70.6310424805,16.4259395599,43.4328155518,-32.917224884,9.35615253448,-11.3128614426,15.7607278824,-3.01733660698,94.8447113037,-5.01797866821,36.0175514221],[118.794532776,-168.320220947,81.1733169556,-6.48037195206,-17.7159118652,19.3722229004,-8.81934833527,3.7561519146,-13.8247861862,31.9037399292,-5.01797866821,81.8557128906,-0.208354830742],[-189.741073608,123.943450928,-61.6287879944,55.5393028259,10.29824543,-24.5657405853,2.52723670006,-20.1350002289,4.37668228149,-6.61340332031,36.0175514221,-0.208354830742,81.0500183105]],"icov":[[0.00023998405959,-0.000327713263687,0.000370580033632,-0.000429518782767,0.000394976552343,-0.000396998249926,0.000491507351398,-0.000509363773745,0.000661717902403,-0.000584426743444,0.000821186287794,-0.000775771040935,0.000876348582096],[-0.000327713263687,0.00340342358686,0.000604416069109,0.000507930933964,-0.00279344781302,0.00275662541389,-0.00109222554602,0.000743992335629,-0.00217554811388,0.00394671177492,-0.00454081315547,0.00331701152027,-0.00198499276303],[0.000370580033632,0.000604416069109,0.00356247578748,-0.00107889133506,-0.000893701624591,-0.000916918681469,0.00126811128575,-0.00138422031887,0.000894942204468,-0.00101621518843,0.00110278651118,-0.00206894101575,0.00221699150279],[-0.000429518782767,0.000507930933964,-0.00107889133506,0.00518403947353,0.000559045467526,-0.000746430072468,-0.00160523317754,0.0037067856174,-0.00173163833097,-0.0000583130058658,-0.00176489003934,0.00271307723597,-0.00460130861029],[0.000394976552343,-0.00279344781302,-0.000893701624591,0.000559045467526,0.00649321218953,0.000224025730859,-0.00157293316443,-0.00119922112208,0.001982514048,-0.00199937168509,0.0027041786816,-0.00286496174522,0.00164855353069],[-0.000396998249926,0.00275662541389,-0.000916918681469,-0.000746430072468,0.000224025730859,0.00991171691567,-0.0018705035327,-0.00191746791825,-0.00269949086942,0.00545036699623,-0.00379372853786,0.00186994182877,-0.000491716258693],[0.000491507351398,-0.00109222554602,0.00126811128575,-0.00160523317754,-0.00157293316443,-0.0018705035327,0.0122593902051,-0.0027515757829,0.000128608284285,-0.00109479273669,0.00259334803559,-0.00218150974251,0.00219787796959],[-0.000509363773745,0.000743992335629,-0.00138422031887,0.0037067856174,-0.00119922112208,-0.00191746791825,-0.0027515757829,0.0149709600955,-0.00290143792517,-0.00281272944994,-0.00149250216782,0.00365584227256,-0.00194676511455],[0.000661717902403,-0.00217554811388,0.000894942204468,-0.00173163833097,0.001982514048,-0.00269949086942,0.000128608284285,-0.00290143792517,0.0150535991415,-0.00452246516943,0.00174480665009,-0.000823890673928,0.00298879970796],[-0.000584426743444,0.00394671177492,-0.00101621518843,-0.0000583130058658,-0.00199937168509,0.00545036699623,-0.00109479273669,-0.00281272944994,-0.00452246516943,0.0216068159789,-0.00678323954344,-0.0013503821101,-0.00187675689813],[0.000821186287794,-0.00454081315547,0.00110278651118,-0.00176489003934,0.0027041786816,-0.00379372853786,0.00259334803559,-0.00149250216782,0.00174480665009,-0.00678323954344,0.0209618806839,-0.00571042625234,-0.00100839883089],[-0.000775771040935,0.00331701152027,-0.00206894101575,0.00271307723597,-0.00286496174522,0.00186994182877,-0.00218150974251,0.00365584227256,-0.000823890673928,-0.0013503821101,-0.00571042625234,0.0209864489734,-0.00588795123622],[0.000876348582096,-0.00198499276303,0.00221699150279,-0.00460130861029,0.00164855353069,-0.000491716258693,0.00219787796959,-0.00194676511455,0.00298879970796,-0.00187675689813,-0.00100839883089,-0.00588795123622,0.0214716959745]],"mean":[16.7318916321,114.284965515,-124.039337158,40.5731086731,-41.8036994934,5.10376977921,-31.301530838,1.42299032211,-22.8453464508,-7.80232000351,-16.6730041504,-6.31529808044,-14.0425071716]},"hfc":{"dmean":8.87190628052,"dmean2":12.641409874,"dvar":418.736663818,"dvar2":762.539367676,"max":398.569549561,"mean":29.7008457184,"median":19.4408893585,"min":1.08044379465e-16,"var":1282.58532715},"melbands":{"dmean":[0.000879486091435,0.00294620660134,0.00178131530993,0.000688390340656,0.000395443930756,0.000200743568712,0.000154326218762,0.000131029766635,0.000134123736643,0.0000987565217656,0.0000718522860552,0.0000603245462116,0.0000420807409682,0.0000395906281483,0.0000362421851605,0.0000311558214889,0.0000323486019624,0.0000315047400363,0.0000205429423659,0.0000180908900802,0.0000222997314268,0.0000167769612744,0.0000113773648991,0.000010889438272,0.00000770017322793,0.00000846408056532,0.00000668342318022,0.00000674853572491,0.00000720088200978,0.00000673533304507,0.00000583821702094,0.0000054957008615,0.00000614200007476,0.00000597912458034,0.00000407142351833,0.0000034296811009,0.00000194193285097,0.00000166458596595,9.97991492113e-7,6.27793440344e-7],"dmean2":[0.00150523288175,0.00508816353977,0.00294141471386,0.00115709018428,0.000642868631985,0.000320624560118,0.000247138843406,0.000206499666092,0.000203496863833,0.000149633167894,0.000113560112368,0.0000956136791501,0.000065304004238,0.0000634060052107,0.0000587175200053,0.000048542933655,0.0000508314478793,0.0000492535218655,0.0000330532675434,0.0000294211167784,0.0000364161132893,0.000027109101211,0.0000182744133781,0.0000175431723619,0.0000125825890791,0.0000138926179716,0.0000106471679828,0.0000104030250441,0.0000108846488729,0.0000100041988844,0.00000879581875779,0.00000804570208857,0.0000089512386694,0.00000885283498064,0.00000589061937717,0.00000510850804858,0.00000292912704936,0.00000248808578363,0.00000149166407937,9.49165894326e-7],"dvar":[0.00000226950146498,0.0000191605904547,0.0000041644934754,8.86971520231e-7,3.70794367655e-7,1.35326544637e-7,1.03539775864e-7,7.14533996415e-8,9.43592581848e-8,5.3947331935e-8,2.93934991902e-8,1.50385286446e-8,7.97613086689e-9,5.23156051813e-9,4.91551555015e-9,4.5736765486e-9,4.19297840892e-9,5.81972470215e-9,1.4245630231e-9,1.03862229928e-9,9.90973747506e-10,5.95837157391e-10,5.04783659316e-10,3.66189245593e-10,1.18324308684e-10,2.05315958679e-10,3.008145677e-10,4.33302477232e-10,4.97232977015e-10,4.58057453079e-10,4.08293177045e-10,3.869217724e-10,5.15518849831e-10,5.44596034935e-10,2.78578715651e-10,2.49514575668e-10,9.1031439331e-11,7.23512985634e-11,2.55356291667e-11,1.15541395895e-11],"dvar2":[0.00000605649302088,0.0000545270704606,0.0000113290116133,0.00000240139434027,9.22365018141e-7,3.19202769106e-7,2.37182575802e-7,1.61132234666e-7,2.0076919327e-7,1.17898181884e-7,6.53545271234e-8,3.39949188799e-8,1.5319630009e-8,1.15914229326e-8,1.19182113067e-8,9.40551281303e-9,9.21788334551e-9,1.28004709055e-8,3.45927086975e-9,2.57907184498e-9,2.50642484545e-9,1.48116707788e-9,1.22252297174e-9,8.55724713311e-10,2.93395197026e-10,4.95528174049e-10,6.98722968373e-10,9.80337921952e-10,1.07803010962e-9,1.00169172956e-9,9.00077123944e-10,7.76757269616e-10,1.08402220533e-9,1.11220810339e-9,5.76685310616e-10,5.57328239115e-10,2.09818953878e-10,1.64314561957e-10,5.7931888453e-11,2.75971519942e-11],"max":[0.015210326761,0.0498373135924,0.0226966142654,0.0113969212398,0.0101374899969,0.00699422648177,0.0062975618057,0.00714069744572,0.0102200210094,0.0108441235498,0.0108139887452,0.00375442556106,0.00379772810265,0.00208052736707,0.00202431995422,0.00289141922258,0.00212792376988,0.00227349158376,0.00102490151767,0.00102455262095,0.000811741105281,0.000638380879536,0.000652310031001,0.000554530415684,0.000300775835058,0.000599906605203,0.000437508744653,0.000614210381173,0.000534634804353,0.000578432518523,0.000643249892164,0.000542646099348,0.000563534384128,0.000660081976093,0.000417108502006,0.000411105313106,0.00027785327984,0.000247955700615,0.000149284111103,0.0001251513022],"mean":[0.00107648479752,0.00411774031818,0.0031615877524,0.00108268938493,0.000680502620526,0.000356974400347,0.000271994475042,0.000215008476516,0.000235472369241,0.000210875310586,0.000127441351651,0.000108266845928,0.0000812073776615,0.0000772053535911,0.0000638193378109,0.0000630435461062,0.0000590550444031,0.0000548358366359,0.0000364051302313,0.0000339754769811,0.0000424498721259,0.0000317879894283,0.0000224582872761,0.0000228929329751,0.0000171922256413,0.0000183557676792,0.0000129294367071,0.0000114847043733,0.0000123519066619,0.0000116250212159,0.000009642581972,0.00000948673732637,0.0000104054724943,0.00000981947323453,0.00000654566792946,0.0000052140662774,0.00000283298754766,0.00000237336303144,0.00000144464445384,9.06874845441e-7],"median":[0.000602841959335,0.00247287051752,0.00226140255108,0.000747565412894,0.00039575775736,0.000203513627639,0.00014635444677,0.000110137960291,0.0000860085419845,0.0000685612176312,0.0000662072125124,0.0000602087602601,0.0000451977248304,0.0000478587462567,0.000038520891394,0.0000288458795694,0.0000326964509441,0.000029259488656,0.0000236322266574,0.0000243678186962,0.0000318294405588,0.0000227058590099,0.0000139265557664,0.0000164709872479,0.0000138457216963,0.0000135392929224,0.00000744515728002,0.00000346819297192,0.00000262499065684,0.0000018086855107,0.00000129306079089,9.21866785575e-7,9.37394020184e-7,7.73148371991e-7,6.10316760685e-7,4.59875593606e-7,2.64183540821e-7,1.71065295262e-7,1.30577220148e-7,9.3688086622e-8],"min":[8.19647089516e-25,1.02421302034e-24,1.48110291563e-24,1.39556268477e-24,1.56002854781e-24,2.75853811718e-24,1.66316234901e-24,1.69150907956e-24,2.80368955717e-24,1.56578604912e-24,3.25173257462e-24,3.9158443968e-24,2.50006882766e-24,2.79683987793e-24,3.39334119293e-24,2.67811453676e-24,3.29755474359e-24,2.08925669228e-24,2.51375300057e-24,4.11008127875e-24,3.37993805172e-24,3.79770379877e-24,5.07688829938e-24,3.71135823953e-24,4.40693003182e-24,5.32871084413e-24,5.99865570105e-24,5.12093000929e-24,4.78416883872e-24,4.68701036305e-24,5.50350585464e-24,4.9877911933e-24,6.9315448582e-24,5.64007108797e-24,5.21530735584e-24,6.22248236113e-24,6.25840945334e-24,6.65599258856e-24,7.7420552621e-24,7.28930274504e-24],"var":[0.00000214050533032,0.000022466034352,0.00000877631191543,0.00000125142389606,7.6738797361e-7,2.74372666809e-7,2.17050057927e-7,1.36932087003e-7,2.4710536195e-7,3.06174769094e-7,7.34868947916e-8,3.32831007199e-8,2.64618051915e-8,1.45060985446e-8,9.66127444713e-9,1.92492901618e-8,1.04163060399e-8,1.04226751674e-8,2.3102360025e-9,1.66154379144e-9,1.58402235773e-9,1.008658157e-9,8.77325934123e-10,6.85954015811e-10,2.41403619317e-10,4.21418233643e-10,5.22821508309e-10,7.92957699502e-10,1.04014608038e-9,1.06614228557e-9,8.5647156034e-10,9.7372510055e-10,1.23280163855e-9,1.20831045169e-9,6.00401672823e-10,4.75140038425e-10,1.60485166822e-10,1.17247031528e-10,4.1511450527e-11,1.77168349436e-11]},"melbands_crest":{"dmean":3.97898292542,"dmean2":6.58212518692,"dvar":10.8119115829,"dvar2":28.4756793976,"max":32.6699943542,"mean":15.9977636337,"median":15.3306007385,"min":1.6413462162,"var":30.6015777588},"melbands_flatness_db":{"dmean":0.0313829816878,"dmean2":0.0485656894743,"dvar":0.000772479688749,"dvar2":0.00181143160444,"max":0.516208052635,"mean":0.214364662766,"median":0.211444318295,"min":0.0037689821329,"var":0.0051757232286},"melbands_kurtosis":{"dmean":8.47657871246,"dmean2":13.9573373795,"dvar":143.754226685,"dvar2":380.114624023,"max":250.720153809,"mean":15.5638170242,"median":10.1616659164,"min":-1.81966876984,"var":310.742950439},"melbands_skewness":{"dmean":0.863993644714,"dmean2":1.38920903206,"dvar":0.701399385929,"dvar2":1.81371593475,"max":12.3579874039,"mean":3.1746339798,"median":2.94542264938,"min":-0.344748109579,"var":2.44330143929},"melbands_spread":{"dmean":8.80124473572,"dmean2":13.5734939575,"dvar":194.846237183,"dvar2":397.842529297,"max":230.238571167,"mean":23.7204399109,"median":17.1313304901,"min":0.743007600307,"var":607.930419922},"mfcc":{"cov":[[5157.19824219,-1474.43115234,590.797424316,-103.057395935,-375.556182861,213.727203369,-181.109954834,29.1928806305,-12.6417694092,-5.30885505676,13.3496780396,14.1216287613,-42.6573295593],[-1474.43115234,2157.35351562,-918.602111816,254.128036499,279.801391602,-221.626083374,166.077285767,11.5368289948,-38.115978241,23.4361953735,0.145411208272,-17.6799259186,18.8952388763],[590.797424316,-918.602111816,701.427856445,-107.313560486,-68.5380859375,115.259803772,-69.417137146,13.9994916916,17.5240440369,-2.32320165634,3.74830794334,17.6810817719,4.13828325272],[-103.057395935,254.128036499,-107.313560486,273.617736816,24.1542282104,25.1552143097,21.7859191895,-29.5588970184,-4.27153873444,-5.24724531174,-34.3177757263,2.03669714928,37.8286552429],[-375.556182861,279.801391602,-68.5380859375,24.1542282104,172.788818359,-19.9235439301,39.1333618164,7.61261367798,5.30454206467,10.2745351791,-4.4033665657,3.20561909676,12.8797512054],[213.727203369,-221.626083374,115.259803772,25.1552143097,-19.9235439301,129.497085571,-9.73761749268,19.7989654541,6.25089883804,-5.46612644196,-2.23113870621,-1.92225408554,2.92527508736],[-181.109954834,166.077285767,-69.417137146,21.7859191895,39.1333618164,-9.73761749268,109.708152771,15.4904975891,9.65884590149,0.653333604336,-1.24228692055,3.85622310638,5.90798377991],[29.1928806305,11.5368289948,13.9994916916,-29.5588970184,7.61261367798,19.7989654541,15.4904975891,87.2333526611,16.1258354187,14.394695282,15.4234485626,-1.44337117672,-3.29474043846],[-12.6417694092,-38.115978241,17.5240440369,-4.27153873444,5.30454206467,6.25089883804,9.65884590149,16.1258354187,75.6694107056,15.7489356995,11.6473503113,5.29044008255,-8.59038448334],[-5.30885505676,23.4361953735,-2.32320165634,-5.24724531174,10.2745351791,-5.46612644196,0.653333604336,14.394695282,15.7489356995,66.1228942871,17.6535778046,15.1826686859,-2.06299757957],[13.3496780396,0.145411208272,3.74830794334,-34.3177757263,-4.4033665657,-2.23113870621,-1.24228692055,15.4234485626,11.6473503113,17.6535778046,62.6316871643,9.38372516632,-1.06677246094],[14.1216287613,-17.6799259186,17.6810817719,2.03669714928,3.20561909676,-1.92225408554,3.85622310638,-1.44337117672,5.29044008255,15.1826686859,9.38372516632,52.437335968,12.4751262665],[-42.6573295593,18.8952388763,4.13828325272,37.8286552429,12.8797512054,2.92527508736,5.90798377991,-3.29474043846,-8.59038448334,-2.06299757957,-1.06677246094,12.4751262665,59.8544387817]],"icov":[[0.000265928101726,0.000123520556372,-0.00000625920574748,-0.0000877135898918,0.00033629880636,-0.000132705943543,0.000138649833389,-0.000165171702974,0.000150040650624,-0.0000576858546992,-0.0000372857248294,-0.0000935212083277,0.000156112961122],[0.000123520556372,0.0017868783325,0.00159461703151,-0.00121121655684,-0.00156896410044,0.00147522881161,-0.000539734552149,-0.00104478001595,0.000949967070483,-0.000114486203529,-0.000764760596212,0.000190033126273,0.000519628054462],[-0.00000625920574748,0.00159461703151,0.00353415124118,0.0000121046541608,-0.00126486516092,-0.00049474433763,0.00032638158882,-0.000644688145258,0.000231498997891,-0.0000671446323395,-0.000100246776128,-0.000528074451722,-0.000392014655517],[-0.0000877135898918,-0.00121121655684,0.0000121046541608,0.0061054895632,0.000890468771104,-0.00322898174636,-0.000137500595883,0.00261710654013,-0.00135116477031,-0.000649964727927,0.00305418972857,-0.000092066002253,-0.00355859170668],[0.00033629880636,-0.00156896410044,-0.00126486516092,0.000890468771104,0.00880976673216,-0.000997733557597,-0.00111494027078,0.000293958204566,-0.0010200481629,-0.00104990694672,0.00147276557982,-0.000194194784854,-0.00157695147209],[-0.000132705943543,0.00147522881161,-0.00049474433763,-0.00322898174636,-0.000997733557597,0.0119345178828,-0.000314679637086,-0.00380185712129,0.000544234761037,0.00113140174653,-0.000957118230872,0.000817611929961,0.000897510210052],[0.000138649833389,-0.000539734552149,0.00032638158882,-0.000137500595883,-0.00111494027078,-0.000314679637086,0.0112535143271,-0.00196217093617,-0.00155280076433,0.00114891177509,0.000646630534902,-0.0013151866151,-0.000527581956703],[-0.000165171702974,-0.00104478001595,-0.000644688145258,0.00261710654013,0.000293958204566,-0.00380185712129,-0.00196217093617,0.0149316191673,-0.00238879001699,-0.00251675280742,-0.00143770419527,0.00168648234103,-0.00106591836084],[0.000150040650624,0.000949967070483,0.000231498997891,-0.00135116477031,-0.0010200481629,0.000544234761037,-0.00155280076433,-0.00238879001699,0.0156117947772,-0.0025060356129,-0.00230706692673,-0.000798412947915,0.00313920225017],[-0.0000576858546992,-0.000114486203529,-0.0000671446323395,-0.000649964727927,-0.00104990694672,0.00113140174653,0.00114891177509,-0.00251675280742,-0.0025060356129,0.0186695661396,-0.0037700808607,-0.00487282499671,0.00156137964223],[-0.0000372857248294,-0.000764760596212,-0.000100246776128,0.00305418972857,0.00147276557982,-0.000957118230872,0.000646630534902,-0.00143770419527,-0.00230706692673,-0.0037700808607,0.019909247756,-0.00237086415291,-0.00173367548268],[-0.0000935212083277,0.000190033126273,-0.000528074451722,-0.000092066002253,-0.000194194784854,0.000817611929961,-0.0013151866151,0.00168648234103,-0.000798412947915,-0.00487282499671,-0.00237086415291,0.0225937366486,-0.00484134769067],[0.000156112961122,0.000519628054462,-0.000392014655517,-0.00355859170668,-0.00157695147209,0.000897510210052,-0.000527581956703,-0.00106591836084,0.00313920225017,0.00156137964223,-0.00173367548268,-0.00484134769067,0.020701976493]],"mean":[-619.377075195,139.149459839,-15.2088871002,36.7629013062,8.44292640686,8.67415809631,1.15278351307,7.42459392548,-3.23652529716,1.20963120461,-3.40945267677,-3.40979528427,-2.83778238297]},"pitch_salience":{"dmean":0.0847707539797,"dmean2":0.140332341194,"dvar":0.00523633137345,"dvar2":0.0143688162789,"max":0.853560507298,"mean":0.553654611111,"median":0.561674833298,"min":0.0836063399911,"var":0.0141171598807},"silence_rate_20dB":{"dmean":0,"dmean2":0,"dvar":0,"dvar2":0,"max":1,"mean":1,"median":1,"min":1,"var":0},"silence_rate_30dB":{"dmean":0.00349063565955,"dmean2":0.00698174024001,"dvar":0.00347780738957,"dvar2":0.00975018087775,"max":1,"mean":0.997919201851,"median":1,"min":0,"var":0.00207618251443},"silence_rate_60dB":{"dmean":0.00107404170558,"dmean2":0.00214822776616,"dvar":0.00107269070577,"dvar2":0.00227778265253,"max":1,"mean":0.011947912164,"median":0,"min":0,"var":0.0118049709126},"spectral_centroid":{"dmean":289.480743408,"dmean2":437.824493408,"dvar":113585.390625,"dvar2":207494.671875,"max":11613.6396484,"mean":1356.61853027,"median":1182.09545898,"min":177.705062866,"var":823102.625},"spectral_complexity":{"dmean":4.18903112411,"dmean2":6.4362244606,"dvar":13.8212966919,"dvar2":29.8692798615,"max":62,"mean":28.4299240112,"median":29,"min":0,"var":93.0075683594},"spectral_contrast_coeffs":{"dmean":[0.0559470467269,0.0467202328146,0.0342293605208,0.0265841726214,0.0211437772959,0.0199434254318],"dmean2":[0.0937243774533,0.0776285901666,0.0567597560585,0.0442544594407,0.0349497236311,0.0306699872017],"dvar":[0.00191248848569,0.00139458361082,0.00074664602289,0.000439905445091,0.000290127209155,0.000360404548701],"dvar2":[0.00529000256211,0.0037309655454,0.00201194081455,0.0011957322713,0.000772683939431,0.000775284948759],"max":[-0.307002991438,-0.21913933754,-0.334697186947,-0.533596158028,-0.619458794594,-0.492241203785],"mean":[-0.595307767391,-0.746015429497,-0.796428143978,-0.806330442429,-0.780556261539,-0.731665849686],"median":[-0.596708297729,-0.752808094025,-0.806061446667,-0.812605261803,-0.782115757465,-0.733916044235],"min":[-0.978433191776,-0.980746984482,-0.971911072731,-0.970774233341,-0.966138541698,-0.963680028915],"var":[0.0053064073436,0.00456745456904,0.00311575690284,0.00163145526312,0.00108772050589,0.00241368613206]},"spectral_contrast_valleys":{"dmean":[0.427955985069,0.320240706205,0.27538689971,0.239885911345,0.214864343405,0.345464289188],"dmean2":[0.713742733002,0.535042107105,0.450706124306,0.384432315826,0.325853258371,0.473028063774],"dvar":[0.13150562346,0.0775158032775,0.061767809093,0.0547971203923,0.0581763312221,0.184508934617],"dvar2":[0.332843840122,0.19174554944,0.140108883381,0.111417658627,0.105887509882,0.320793658495],"max":[-5.06876039505,-4.43177986145,-5.14403104782,-5.71169185638,-5.14107751846,-6.97177457809],"mean":[-6.84608602524,-6.47735023499,-6.87354803085,-7.1049284935,-7.14958286285,-10.5271501541],"median":[-6.69899177551,-6.33238697052,-6.71909809113,-6.94986820221,-6.96147155762,-10.2976055145],"min":[-27.8741474152,-27.9236850739,-27.8598423004,-27.542093277,-27.4408740997,-27.427854538],"var":[1.91536271572,1.91089773178,1.84795022011,1.79877305031,1.92629873753,2.54682064056]},"spectral_decrease":{"dmean":3.53073237314e-9,"dmean2":5.91228754843e-9,"dvar":1.81178031312e-17,"dvar2":5.00463295749e-17,"max":1.19177832924e-28,"mean":-9.91278614748e-9,"median":-9.04994568174e-9,"min":-5.02777162126e-8,"var":2.67868809439e-17},"spectral_energy":{"dmean":0.0136816371232,"dmean2":0.0228042844683,"dvar":0.000264291331405,"dvar2":0.000727443781216,"max":0.19278934598,"mean":0.0401073247194,"median":0.037249289453,"min":9.96005267518e-21,"var":0.000409376836615},"spectral_energyband_high":{"dmean":0.000951363472268,"dmean2":0.00131215306465,"dvar":0.00000958073087531,"dvar2":0.0000171437859535,"max":0.0602007992566,"mean":0.00195243139751,"median":0.000330125854816,"min":7.06558130638e-21,"var":0.0000277817180176},"spectral_energyband_low":{"dmean":0.0115825263783,"dmean2":0.0196744054556,"dvar":0.000240384237259,"dvar2":0.000672621768899,"max":0.174439668655,"mean":0.0192695315927,"median":0.0139019303024,"min":1.17172168714e-23,"var":0.000314121949486},"spectral_energyband_middle_high":{"dmean":0.00163293245714,"dmean2":0.00244528241456,"dvar":0.00000436153641203,"dvar2":0.00000948745127971,"max":0.0613252483308,"mean":0.00593981286511,"median":0.00473673734814,"min":1.34217738523e-21,"var":0.0000211301121453},"spectral_energyband_middle_low":{"dmean":0.00636770110577,"dmean2":0.0104502271861,"dvar":0.0000440491821792,"dvar2":0.000117829717055,"max":0.0769285485148,"mean":0.0172005519271,"median":0.0152667909861,"min":1.85255703707e-22,"var":0.000108901251224},"spectral_entropy":{"dmean":0.134701743722,"dmean2":0.200272127986,"dvar":0.0188962575048,"dvar2":0.0376646406949,"max":9.82326889038,"mean":7.60529136658,"median":7.60042858124,"min":4.95720052719,"var":0.152021244168},"spectral_flux":{"dmean":0.0281268227845,"dmean2":0.0450573079288,"dvar":0.000803656410426,"dvar2":0.00177843193524,"max":0.3505628407,"mean":0.107776537538,"median":0.102943241596,"min":6.2942664969e-11,"var":0.00197025574744},"spectral_kurtosis":{"dmean":2.05426383018,"dmean2":3.50434994698,"dvar":7.06683826447,"dvar2":21.4447727203,"max":52.1847572327,"mean":5.03470230103,"median":4.31921863556,"min":-1.26725971699,"var":14.7938051224},"spectral_rms":{"dmean":0.00101595709566,"dmean2":0.00166087877005,"dvar":0.00000104303990156,"dvar2":0.00000283017857328,"max":0.0137144876644,"mean":0.0060483943671,"median":0.00602833088487,"min":3.11723021527e-12,"var":0.00000254579322245},"spectral_rolloff":{"dmean":545.425415039,"dmean2":883.078735352,"dvar":830799.4375,"dvar2":1643042.375,"max":19509.0820312,"mean":1440.00048828,"median":882.861328125,"min":107.666015625,"var":3561045.75},"spectral_skewness":{"dmean":0.241218522191,"dmean2":0.389239907265,"dvar":0.0643452629447,"dvar2":0.170294448733,"max":5.43283987045,"mean":1.37985467911,"median":1.38578271866,"min":-0.410433888435,"var":0.264200329781},"spectral_spread":{"dmean":395094.75,"dmean2":574240.375,"dvar":351780274176,"dvar2":609907638272,"max":43356460,"mean":3838364.25,"median":3630885.5,"min":1224230,"var":5995000496130},"spectral_strongpeak":{"dmean":0.449012845755,"dmean2":0.77566742897,"dvar":0.631045103073,"dvar2":1.71822249889,"max":18.188627243,"mean":0.808565735817,"median":0.577881753445,"min":0,"var":0.832692325115},"zerocrossingrate":{"dmean":0.0104305427521,"dmean2":0.0121408496052,"dvar":0.000210967758903,"dvar2":0.00022950413404,"max":0.52587890625,"mean":0.0545972697437,"median":0.04248046875,"min":0.00390625,"var":0.00227587064728}},"metadata":{"audio_properties":{"analysis_sample_rate":44100,"bit_rate":0,"codec":"flac","downmix":"mix","equal_loudness":0,"length":345.893341064,"lossless":true,"md5_encoded":"11f595cc6fd932bf180341ac7861bd8d","replay_gain":-12.9175872803},"tags":{"acoustid_id":["5e6ffb57-98aa-4add-a410-b2b5920d5095"],"album":["Rather Ripped"],"albumartist":["Sonic Youth"],"albumartistsort":["Sonic Youth"],"artist":["Sonic Youth"],"artists":["Sonic Youth"],"artistsort":["Sonic Youth"],"asin":["B000FDF1U6"],"barcode":["4988005432476"],"catalognumber":["UICF-1075"],"date":["2006-06-05"],"file_name":"14 - Eyeliner.flac","label":["Geffen Records"],"media":["CD"],"musicbrainz_albumartistid":["5cbef01b-cc35-4f52-af7b-d0df0c4f61b9"],"musicbrainz_albumid":["41973638-f69e-478c-9a7f-b2ab95744cff"],"musicbrainz_artistid":["5cbef01b-cc35-4f52-af7b-d0df0c4f61b9"],"musicbrainz_recordingid":["3eafcf6e-4966-494c-9bcf-edaa1d1f428a"],"musicbrainz_releasegroupid":["4c528cc1-e920-38f5-9ee4-12e36afc388b"],"musicbrainz_releasetrackid":["0e747193-30d8-3acb-9061-faf64eec2dde"],"originaldate":["2006"],"releasecountry":["JP"],"releasestatus":["official"],"releasetype":["album"],"script":["Latn"],"title":["Eyeliner"],"totaltracks":["15"],"tracknumber":["14"],"tracktotal":["15"]},"version":{"essentia":"2.1-beta1","essentia_build_sha":"85931cb11b241c07ac43bfc3827c398894034a25","essentia_git_sha":"v2.1_beta1-6-g5578087","extractor":"music 1.0"}},"rhythm":{"beats_count":833,"beats_loudness":{"dmean":0.0159696359187,"dmean2":0.0278117824346,"dvar":0.000209336707485,"dvar2":0.000617707206402,"max":0.131691500545,"mean":0.0428624227643,"median":0.041722279042,"min":0,"var":0.000312477612169},"beats_loudness_band_ratio":{"dmean":[0.196846961975,0.1157393381,0.0865738093853,0.0648609921336,0.0537987276912,0.0828829333186],"dmean2":[0.336846590042,0.204911991954,0.154515624046,0