{"lowlevel":{"average_loudness":0.207747265697,"barkbands":{"dmean":[0.000089031556854,0.000949841050897,0.000587369548157,0.000527144176885,0.00108775834087,0.000891410163604,0.000548978860024,0.000422372919274,0.000323859218042,0.000377875578124,0.000201040762477,0.000188868492842,0.000178960399353,0.000150914609549,0.000134596630232,0.000108194566565,0.000138719333336,0.0000690655724611,0.0000715651549399,0.0000623419182375,0.00006278163346,0.0000394931084884,0.0000487965262437,0.0000497063847433,0.0000426588085247,0.0000278235620499,0.00000713159715815],"dmean2":[0.000143294964801,0.00153991801199,0.000954869552515,0.00085087842308,0.00169280357659,0.00132306502201,0.000806672207545,0.000587287417147,0.000475384324091,0.000536080216989,0.000302164145978,0.000296069483738,0.000277887156699,0.000237926389673,0.000221965252422,0.000174725937541,0.000217591557885,0.000110134373244,0.000110954148113,0.0000943872728385,0.0000938867597142,0.0000564036781725,0.00006971052062,0.0000718188894098,0.0000661427911837,0.0000451904415968,0.0000116885985335],"dvar":[2.84227098746e-7,0.00000359363775715,0.00000119673461541,0.00000135318907724,0.00000378891263608,0.00000719304944141,0.00000342958151123,0.00000256835573964,0.00000128722399495,0.00000151907966028,3.45951178815e-7,4.06100127748e-7,2.91891467441e-7,2.18570662014e-7,1.99861204919e-7,1.08212937278e-7,1.61336160431e-7,5.15348901331e-8,6.38869153136e-8,8.01092525649e-8,9.79789618327e-8,2.84843491016e-8,3.04376541749e-8,3.49806228428e-8,4.90654024077e-8,3.10712024998e-8,2.41986253258e-9],"dvar2":[6.96112294918e-7,0.0000101688165159,0.0000031469046462,0.00000360031117452,0.00000920649381442,0.0000141323926073,0.0000068316044235,0.00000446639887741,0.00000275732986665,0.00000305830553771,7.47994874928e-7,9.08716117465e-7,6.90662773195e-7,5.2807973816e-7,5.38047913778e-7,2.7850518336e-7,3.81938349392e-7,1.27215756152e-7,1.47103875747e-7,1.81864507454e-7,2.29942997976e-7,5.63904727358e-8,6.11171202536e-8,7.86590845792e-8,1.18360070189e-7,7.93566314883e-8,6.01559424496e-9],"max":[0.0255348794162,0.04065817222,0.0226136576384,0.0286332666874,0.0444180779159,0.112275801599,0.0811741650105,0.0659999996424,0.0474836155772,0.0516800396144,0.0183304324746,0.0262702796608,0.0145196896046,0.0108227422461,0.0138804707676,0.00909383688122,0.0128870122135,0.0059281848371,0.00669653713703,0.0108873415738,0.0107938591391,0.00630489224568,0.00615430623293,0.00447156932205,0.00531973131001,0.00445811077952,0.00146871432662],"mean":[0.000147218132042,0.00201648566872,0.00144627538975,0.00118288421072,0.00297194113955,0.00173996726517,0.00102397380397,0.000808950979263,0.000617425772361,0.00076027069008,0.000419266987592,0.00036455236841,0.000340821483405,0.000284665729851,0.000265617331024,0.000223862967687,0.000282854569377,0.000151325715706,0.000155624729814,0.000125602848129,0.000115797563922,0.00006996938464,0.0000768887621234,0.0000733505003154,0.0000477381436212,0.0000247767038672,0.00000587615750192],"median":[0.0000457793285022,0.00122688361444,0.000688356114551,0.000450063031167,0.00146018713713,0.000629679940175,0.00036621914478,0.000216737666051,0.0000989581894828,0.00010557341011,0.0000425119033025,0.0000387805339415,0.0000315570505336,0.0000119171854749,0.0000185672106454,0.000022255751901,0.0000307018926833,0.0000172917498276,0.0000135898117151,0.000010124182154,0.00000785017255112,0.00000424626250606,0.0000064373598434,0.00000524198367202,0.00000277491562883,9.93217099676e-7,1.54940934749e-7],"min":[2.40425772642e-25,1.13206529444e-24,9.01209686482e-25,1.43581115701e-24,1.91409920018e-24,3.0820769929e-24,4.616189192e-24,1.0054412468e-23,1.77740033381e-23,1.05069551481e-23,1.13207906007e-23,2.0032108213e-23,2.99210776165e-23,2.9915953176e-23,2.98129121646e-23,6.69374920698e-23,6.927885648e-23,9.59508179763e-23,1.21433789384e-22,1.41092114789e-22,2.26516170898e-22,2.92794269914e-22,4.20332706744e-22,5.06493685156e-22,8.12732972173e-22,1.29194353058e-21,1.82114454534e-21],"var":[4.92108995331e-7,0.00000733560409572,0.00000392443507735,0.00000432970045949,0.0000184715463547,0.0000171798074007,0.00000927313067223,0.00000768901736592,0.00000326333338307,0.00000460016053694,0.00000129617194489,0.00000105156539121,7.57047416755e-7,5.80031553454e-7,5.16011425589e-7,3.03334871887e-7,4.37492644778e-7,1.51149151861e-7,1.81756675488e-7,1.79138353928e-7,1.70172015146e-7,6.22605824674e-8,6.22592111199e-8,5.48256871014e-8,4.80889283949e-8,2.4492186057e-8,1.93606597421e-9]},"barkbands_crest":{"dmean":1.88013112545,"dmean2":2.99315023422,"dvar":3.28234887123,"dvar2":8.23714542389,"max":24.4299583435,"mean":9.3496131897,"median":8.79817008972,"min":1.97438871861,"var":12.1229047775},"barkbands_flatness_db":{"dmean":0.0201777759939,"dmean2":0.0278775803745,"dvar":0.000405920727644,"dvar2":0.000736513058655,"max":0.484278798103,"mean":0.16018871963,"median":0.149190291762,"min":0.00858450774103,"var":0.00576326576993},"barkbands_kurtosis":{"dmean":2.55921554565,"dmean2":3.89871954918,"dvar":12.8011293411,"dvar2":28.4033069611,"max":68.5730438232,"mean":5.83587646484,"median":3.80773735046,"min":-1.89376032352,"var":47.6528816223},"barkbands_skewness":{"dmean":0.415783822536,"dmean2":0.615901052952,"dvar":0.180494621396,"dvar2":0.377727180719,"max":6.70922613144,"mean":1.73597836494,"median":1.6670191288,"min":-2.84065556526,"var":1.14971137047},"barkbands_spread":{"dmean":4.23574733734,"dmean2":6.2243013382,"dvar":47.3412055969,"dvar2":94.3721008301,"max":101.698104858,"mean":16.5528831482,"median":12.4391822815,"min":0.951105237007,"var":184.051437378},"dissonance":{"dmean":0.0214525051415,"dmean2":0.0350406952202,"dvar":0.00047002651263,"dvar2":0.00125971727539,"max":0.500000059605,"mean":0.443935215473,"median":0.453906387091,"min":0.171679794788,"var":0.00184626493137},"dynamic_complexity":5.98611831665,"erbbands":{"dmean":[0.0194855034351,0.244638860226,0.625449776649,1.27964222431,2.84010982513,3.87009572983,6.34053421021,6.99741458893,8.73358249664,6.90249443054,9.42130088806,7.19145059586,10.268201828,11.2416782379,7.35406494141,8.00577640533,7.68682432175,7.90956878662,6.08168792725,6.58314704895,5.89753246307,7.83553791046,4.15116500854,3.29538321495,3.42393779755,2.99356746674,2.58877372742,2.25121736526,1.47214007378,1.23403942585,1.40081393719,1.18756723404,0.786335706711,0.503269970417,0.301781058311,0.146954089403,0.0450736954808,0.00934784393758,0.00124587886967,0.0000582211141591],"dmean2":[0.0316014438868,0.394358217716,1.0242061615,2.01406216621,4.58168125153,5.99165010452,9.73474502563,10.2684593201,12.7815313339,9.91079330444,13.0627861023,10.3593082428,14.3047370911,16.6078128815,11.1123142242,12.5265016556,11.8681097031,12.4176425934,9.59875202179,10.8083343506,9.45795917511,12.2715158463,6.52571201324,5.16991710663,5.20098686218,4.53572320938,3.94876027107,3.28871846199,2.08329629898,1.75059068203,2.00169682503,1.73067772388,1.14790964127,0.76657128334,0.479018360376,0.239172145724,0.0726783275604,0.0153467915952,0.0020358057227,0.0000950007452047],"dvar":[0.00409274362028,0.213126510382,1.23416900635,7.54106998444,27.6334533691,58.6574440002,255.335006714,676.287353516,808.664367676,558.89276123,1373.27368164,661.176025391,1043.1628418,1663.80957031,458.182769775,592.451049805,569.442138672,588.817626953,400.773254395,409.509277344,341.45803833,610.825500488,161.26133728,148.374313354,172.539245605,178.767791748,199.823120117,124.678283691,40.711025238,26.1584014893,26.066526413,17.3075962067,11.2826538086,6.63638830185,2.57124066353,0.853486418724,0.088975392282,0.00421721301973,0.0000742337069823,1.36750941238e-7],"dvar2":[0.011744976975,0.590153634548,3.42922353745,18.8632526398,70.3745727539,137.080871582,584.510681152,1244.63916016,1697.13806152,1091.75463867,2304.99511719,1353.83361816,1930.34973145,3641.23144531,1020.76416016,1406.02966309,1311.00354004,1406.02160645,996.679931641,1106.79003906,886.666564941,1413.88269043,387.295928955,350.881103516,397.208892822,404.878631592,484.687957764,289.855194092,81.9704666138,48.8340377808,52.6640853882,39.4416351318,25.4758377075,15.7659358978,6.44848775864,2.20729470253,0.225148871541,0.0105832768604,0.000183688476682,3.4000930782e-7],"max":[2.62202453613,11.1908063889,20.4888954163,69.8997192383,158.678268433,230.866363525,472.343536377,1242.38891602,1154.64575195,875.801940918,1805.1295166,1147.25598145,936.424438477,1854.91455078,661.877197266,706.953369141,627.55670166,647.069274902,622.260986328,465.46673584,544.742370605,833.743591309,387.585113525,354.898040771,424.258880615,434.518676758,695.61920166,407.938140869,202.135879517,213.015487671,199.603881836,110.495513916,79.5648651123,70.1540374756,35.3761291504,21.5150756836,8.27649784088,1.81763207912,0.237435773015,0.0103723006323],"mean":[0.0415974408388,0.511850833893,1.55183029175,3.39873623848,6.34241533279,10.2935400009,12.7371435165,13.6274147034,16.6823825836,13.9137878418,18.4218845367,14.973195076,21.3061103821,22.4612350464,16.298582077,16.2740955353,15.710934639,15.6049356461,13.0555229187,14.0252485275,13.1044816971,16.0170898438,9.73737716675,7.68304729462,7.34110355377,6.14409017563,4.9008731842,4.09041404724,2.5891430378,2.08611011505,2.18380856514,1.77462005615,1.10872495174,0.602638721466,0.310696452856,0.134350344539,0.0397422574461,0.00792867317796,0.0010414198041,0.0000641134611215],"median":[0.02133144252,0.313189268112,0.874066352844,1.43272840977,3.03650617599,4.658867836,4.88471221924,4.29804754257,5.85920858383,4.52000331879,4.75646829605,2.81032991409,2.54698729515,3.25315523148,2.02379417419,1.89814829826,1.61063432693,0.81985360384,0.810435295105,1.21065855026,1.60087633133,1.81453168392,1.25953173637,0.751657128334,0.645583033562,0.477381408215,0.351365327835,0.266350597143,0.155824393034,0.159472346306,0.174550592899,0.139983862638,0.0705007016659,0.0356326028705,0.0162986498326,0.00596817117184,0.00148624344729,0.000253202655585,0.0000364416700904,0.0000142950721056],"min":[7.76263680089e-23,4.24234854544e-22,2.81597988543e-21,3.51871606198e-21,1.05686685823e-20,7.92544282328e-21,3.95186119259e-20,4.67419213885e-20,7.69772274714e-20,1.18392163876e-19,2.1814673363e-19,4.73154599909e-19,4.02402791889e-19,3.8509920745e-19,8.91178335775e-19,9.12602003448e-19,1.45448316305e-18,2.01910920455e-18,2.5352095226e-18,2.95587408427e-18,4.51330752596e-18,4.14408677416e-18,6.24204055995e-18,5.56145206837e-18,6.07445211348e-18,6.22013888528e-18,8.5927819817e-18,8.99711696411e-18,1.01182022929e-17,1.03264681732e-17,1.16188559894e-17,9.8262158085e-18,9.8193593084e-18,9.05567390685e-18,5.93915762531e-18,3.98982089864e-18,2.33286315359e-18,9.19386642229e-19,2.53326750931e-19,2.65209339371e-20],"var":[0.00678523490205,0.430144518614,3.89393997192,31.2568874359,106.562522888,265.214813232,597.928161621,1628.14367676,1832.77185059,1565.51245117,4317.35839844,1844.59960938,3386.99926758,4755.78466797,1647.92687988,1725.88269043,1572.64953613,1596.7409668,1179.36682129,1188.01098633,988.61730957,1529.93615723,539.057922363,460.501281738,436.318969727,421.929077148,329.451324463,216.242294312,84.2805175781,61.0332946777,50.8869934082,28.6444778442,16.0107574463,6.96756124496,2.28054499626,0.665628552437,0.0708729997277,0.00333908945322,0.0000599576305831,1.13049409833e-7]},"erbbands_crest":{"dmean":2.2235057354,"dmean2":3.45102739334,"dvar":5.02914142609,"dvar2":11.4327125549,"max":30.8673744202,"mean":9.00537967682,"median":8.10953712463,"min":2.08960294724,"var":16.8564319611},"erbbands_flatness_db":{"dmean":0.0197831131518,"dmean2":0.0259199552238,"dvar":0.000382408354199,"dvar2":0.000655467563774,"max":0.429796546698,"mean":0.168097257614,"median":0.158758088946,"min":0.0317346379161,"var":0.00362702412531},"erbbands_kurtosis":{"dmean":0.966364443302,"dmean2":1.47967350483,"dvar":2.04083371162,"dvar2":4.47411966324,"max":46.2425498962,"mean":1.07075500488,"median":0.243373811245,"min":-1.78512275219,"var":6.43832111359},"erbbands_skewness":{"dmean":0.318497806787,"dmean2":0.47412493825,"dvar":0.110903955996,"dvar2":0.222230166197,"max":5.79206085205,"mean":0.649810194969,"median":0.599796295166,"min":-4.19841337204,"var":0.682892024517},"erbbands_spread":{"dmean":6.98471450806,"dmean2":10.1335401535,"dvar":76.348487854,"dvar2":156.377151489,"max":135.928955078,"mean":34.6612205505,"median":31.6610717773,"min":2.84111022949,"var":333.30770874},"gfcc":{"cov":[[27225.65625,-1741.85095215,-2896.41772461,1263.17822266,-736.563903809,771.251281738,-1009.78601074,404.642578125,-261.823059082,69.520614624,-383.694335938,148.619125366,-72.267829895],[-1741.85095215,2416.28320312,179.923233032,-455.195892334,135.805770874,-281.791046143,251.374084473,-117.948295593,110.58341217,-124.338401794,187.224365234,-119.921432495,90.7211532593],[-2896.41772461,179.923233032,1156.69958496,-246.207672119,15.2492084503,-28.7414169312,72.9172363281,47.5068321228,50.7884254456,9.09277153015,57.8150863647,70.9780578613,-11.8599882126],[1263.17822266,-455.195892334,-246.207672119,463.194274902,0.666176795959,55.1876525879,-94.2202224731,39.4224395752,11.1612920761,-0.602282643318,-35.228767395,10.7154302597,16.7292098999],[-736.563903809,135.805770874,15.2492084503,0.666176795959,314.284820557,3.71746563911,45.7099761963,31.1983795166,11.4726428986,-28.4189167023,17.325553894,-10.1155786514,38.8714294434],[771.251281738,-281.791046143,-28.7414169312,55.1876525879,3.71746563911,212.36491394,-13.5427293777,48.168182373,-5.34394931793,12.923034668,-15.8044557571,12.494351387,-7.05318641663],[-1009.78601074,251.374084473,72.9172363281,-94.2202224731,45.7099761963,-13.5427293777,244.806671143,-36.5143165588,1.30306923389,33.7534980774,2.39003825188,-22.8892021179,-5.94964551926],[404.642578125,-117.948295593,47.5068321228,39.4224395752,31.1983795166,48.168182373,-36.5143165588,143.291687012,29.5596218109,-11.9778432846,11.5355768204,26.9957790375,8.53464794159],[-261.823059082,110.58341217,50.7884254456,11.1612920761,11.4726428986,-5.34394931793,1.30306923389,29.5596218109,118.273979187,16.6217842102,26.760187149,1.91465270519,15.0799465179],[69.520614624,-124.338401794,9.09277153015,-0.602282643318,-28.4189167023,12.923034668,33.7534980774,-11.9778432846,16.6217842102,120.500259399,-1.279317379,-0.282478421926,-14.5853977203],[-383.694335938,187.224365234,57.8150863647,-35.228767395,17.325553894,-15.8044557571,2.39003825188,11.5355768204,26.760187149,-1.279317379,100.65045166,13.1789827347,9.02345371246],[148.619125366,-119.921432495,70.9780578613,10.7154302597,-10.1155786514,12.494351387,-22.8892021179,26.9957790375,1.91465270519,-0.282478421926,13.1789827347,85.1246109009,10.5647239685],[-72.267829895,90.7211532593,-11.8599882126,16.7292098999,38.8714294434,-7.05318641663,-5.94964551926,8.53464794159,15.0799465179,-14.5853977203,9.02345371246,10.5647239685,80.9042892456]],"icov":[[0.000102539612271,-0.000162861339049,0.000226152376854,-0.000148946914123,0.000189178390428,-0.000334336305968,0.000365428015357,-0.000347476074239,0.00027965856134,-0.00031503388891,0.000414917652961,-0.000391887908336,0.000177632871782],[-0.000162861339049,0.00130534777418,-0.000310971954605,0.000921618833672,-0.000310709816404,0.00128829665482,-0.00135631544981,0.000980071723461,-0.00131118530408,0.00174795032945,-0.00213732686825,0.00188451178838,-0.0012350929901],[0.000226152376854,-0.000310971954605,0.00160736718681,0.000269180512987,0.000384699669667,-0.000591850199271,0.000536350009497,-0.00109259679448,0.000153014538228,-0.000613377895206,0.00068959814962,-0.00177855230868,0.000665190513246],[-0.000148946914123,0.000921618833672,0.000269180512987,0.00348371802829,-0.000410076143453,0.000569540716242,-0.000215286505409,0.000327956950059,-0.00149594747927,0.00102155876812,-0.000686470302753,0.000897016085219,-0.00122871191707],[0.000189178390428,-0.000310709816404,0.000384699669667,-0.000410076143453,0.00410509295762,-0.00069790816633,-0.000281598215224,-0.00160434341524,0.000633719784673,0.000254950195085,0.000250674958806,0.000100168625067,-0.00133926246781],[-0.000334336305968,0.00128829665482,-0.000591850199271,0.000569540716242,-0.00069790816633,0.00706933205947,-0.00185212644283,-0.000515866442584,-0.000916336139198,0.00113733496983,-0.00170243950561,0.0017452808097,-0.000740150106139],[0.000365428015357,-0.00135631544981,0.000536350009497,-0.000215286505409,-0.000281598215224,-0.00185212644283,0.00698214955628,-0.000474650034448,0.00156074645929,-0.00353646231815,0.00276682875119,-0.001357424655,0.00144801556598],[-0.000347476074239,0.000980071723461,-0.00109259679448,0.000327956950059,-0.00160434341524,-0.000515866442584,-0.000474650034448,0.0106486547738,-0.00350456451997,0.00254153134301,-0.0023659998551,-0.000226414282224,-0.000664881255943],[0.00027965856134,-0.00131118530408,0.000153014538228,-0.00149594747927,0.000633719784673,-0.000916336139198,0.00156074645929,-0.00350456451997,0.0117559153587,-0.00376986083575,-0.0000168258429767,-0.000730996136554,-0.000621551007498],[-0.00031503388891,0.00174795032945,-0.000613377895206,0.00102155876812,0.000254950195085,0.00113733496983,-0.00353646231815,0.00254153134301,-0.00376986083575,0.011989207007,-0.00291943736374,0.00210052030161,-0.000178717193194],[0.000414917652961,-0.00213732686825,0.00068959814962,-0.000686470302753,0.000250674958806,-0.00170243950561,0.00276682875119,-0.0023659998551,-0.0000168258429767,-0.00291943736374,0.015230066143,-0.00501931877807,0.00162814708892],[-0.000391887908336,0.00188451178838,-0.00177855230868,0.000897016085219,0.000100168625067,0.0017452808097,-0.001357424655,-0.000226414282224,-0.000730996136554,0.00210052030161,-0.00501931877807,0.0172229837626,-0.00405562995002],[0.000177632871782,-0.0012350929901,0.000665190513246,-0.00122871191707,-0.00133926246781,-0.000740150106139,0.00144801556598,-0.000664881255943,-0.000621551007498,-0.000178717193194,0.00162814708892,-0.00405562995002,0.0154426973313]],"mean":[-91.2212371826,118.433387756,-94.6602096558,22.9108562469,-54.7932281494,4.82734966278,-37.0516166687,5.88222074509,-22.978012085,-6.05192708969,-12.3113126755,-1.44878697395,-8.52537155151]},"hfc":{"dmean":3.62452411652,"dmean2":5.10804796219,"dvar":153.336410522,"dvar2":325.433349609,"max":367.279327393,"mean":11.734459877,"median":3.45221757889,"min":1.07718185754e-16,"var":502.490661621},"melbands":{"dmean":[0.000220964750042,0.000323793065036,0.000240207300521,0.000246633222559,0.00020045900601,0.000160786876222,0.000130002605147,0.0000764859651099,0.0000747797967051,0.0000452173881058,0.0000516885775141,0.0000471322382509,0.0000260575507127,0.0000226235606533,0.000018161479602,0.0000168837541423,0.0000156700989464,0.0000104207647382,0.00000988997999229,0.00000846874991112,0.00000734445029593,0.00000890989213076,0.00000578484832658,0.00000321320726471,0.00000287952070721,0.00000287405237032,0.00000245812930189,0.00000208734650187,0.00000158294380981,0.00000175498178123,0.00000125152473629,8.79837557477e-7,7.37554444186e-7,7.10621804956e-7,7.89036107562e-7,9.68694621406e-7,6.50781316835e-7,5.76356399051e-7,4.89490503242e-7,4.20533467604e-7],"dmean2":[0.000355863536242,0.00052390655037,0.000383762904676,0.000389461143641,0.000305667839712,0.000235743122175,0.000189533995581,0.00010913162987,0.000103897160443,0.0000652202579658,0.0000722004333511,0.0000698958319845,0.0000394355774915,0.0000349909678334,0.0000282026412606,0.0000259697990259,0.0000247317475441,0.0000163698041433,0.0000163840213645,0.0000136758771987,0.0000118319940157,0.0000140656775329,0.00000912055020308,0.00000514991643286,0.00000457924807051,0.0000044831035666,0.00000381165523322,0.00000326164490616,0.00000245362184614,0.00000270088912657,0.00000184810926385,0.00000126617374008,0.00000106653487819,0.00000102291448911,0.00000113820419756,0.00000143311046941,9.62954459283e-7,8.54795530358e-7,7.34504453703e-7,6.54241830489e-7],"dvar":[2.74768552799e-7,3.15787048066e-7,2.19444274308e-7,2.0326065453e-7,2.17669807512e-7,3.09871467152e-7,1.72582403479e-7,6.92679549275e-8,7.62574359214e-8,2.8256103235e-8,2.62860861966e-8,3.07902219276e-8,5.41756950412e-9,6.7422054606e-9,2.78821699062e-9,2.87530110832e-9,2.37313546592e-9,1.1461324112e-9,1.20570231577e-9,6.01273753009e-10,5.37755784347e-10,8.21404055884e-10,2.57407983817e-10,1.25163060472e-10,1.14145248808e-10,1.02127729884e-10,1.10322730118e-10,9.63404217513e-11,8.76357528212e-11,8.38614663823e-11,3.3413310313e-11,1.48012071349e-11,1.15676817083e-11,8.28582775309e-12,9.35692582443e-12,1.22393952612e-11,5.31184774985e-12,5.84783436952e-12,6.46397735685e-12,4.77292944751e-12],"dvar2":[7.80043194482e-7,8.9234134748e-7,5.57972498427e-7,5.06312005655e-7,4.98270765092e-7,5.78749620672e-7,3.55215462378e-7,1.34914344585e-7,1.30372555418e-7,5.94681317523e-8,4.89304277096e-8,6.68860167252e-8,1.17898384389e-8,1.45668543894e-8,6.58460130865e-9,6.83904621823e-9,5.73582337182e-9,2.80592393764e-9,3.3324150106e-9,1.52752532845e-9,1.41098188688e-9,1.89228166469e-9,6.46454001441e-10,3.16280390766e-10,2.75615169576e-10,2.421345624e-10,2.64275018536e-10,2.320790643e-10,2.22949422812e-10,2.00417168972e-10,7.73570235646e-11,3.1317344551e-11,2.28040624578e-11,1.60918830344e-11,1.82108737812e-11,2.810911226e-11,1.22914109446e-11,1.32995107982e-11,1.52979868356e-11,1.16182827248e-11],"max":[0.0171597227454,0.011458478868,0.0103483172134,0.0110885826871,0.0143729401752,0.0259030330926,0.0148898325861,0.0106963710859,0.0134904915467,0.00830050650984,0.00460969563574,0.00830269791186,0.00235297600739,0.00390457431786,0.0012573688291,0.00198771664873,0.00137416122016,0.000833885977045,0.000971166358795,0.000563672627322,0.000593600096181,0.00102839863393,0.000447552622063,0.000359534198651,0.00031503351056,0.000294355064398,0.00039384374395,0.000322767969919,0.000549335498363,0.000289298972348,0.000173946929863,0.000143237048178,0.000142778735608,0.00012797267118,0.000158375129104,0.0000934367562877,0.0000495108106406,0.0000577518367209,0.000074388422945,0.0000519978530065],"mean":[0.000485293829115,0.000798826396931,0.000636591983493,0.000623018480837,0.00044987295405,0.000315356708597,0.000250272249104,0.000151884771185,0.000145444559166,0.0000902909523575,0.000105078688648,0.0000901368621271,0.0000558015235583,0.0000439085888502,0.0000374717819795,0.0000324955071846,0.0000285957958113,0.0000206911554415,0.0000193303640117,0.0000175013774424,0.0000146091942952,0.0000171276460605,0.0000118387961265,0.00000683723328621,0.00000610566758041,0.00000577325727136,0.00000476183049614,0.00000390780405723,0.00000289680338028,0.00000296791631627,0.0000021659388949,0.00000148074605022,0.00000123949416775,0.00000113039698135,0.00000120186473396,0.00000138635869007,9.51346919464e-7,8.02920737897e-7,6.26679252491e-7,4.71732931828e-7],"median":[0.0002873702324,0.000521205714904,0.000305460154777,0.000309684255626,0.000184624193935,0.000102232123027,0.0000885645276867,0.0000455257868452,0.0000356845703209,0.0000151197928062,0.0000122561159515,0.0000130234975586,0.00000628831730864,0.00000491397713631,0.00000408221239923,0.00000272540341939,0.00000129100260438,0.00000112302018351,0.00000128791305087,0.00000160427555329,0.00000165969845511,0.00000178024561137,0.00000135552704705,7.80961158853e-7,5.27817633156e-7,4.96842972098e-7,3.7478264403e-7,2.75430863894e-7,2.03240645646e-7,1.71303327079e-7,1.3465472648e-7,8.04081565775e-8,6.92273331993e-8,8.66173621716e-8,9.4402125228e-8,9.7860969106e-8,7.05705787141e-8,4.95504615117e-8,3.39972636709e-8,2.64580251041e-8],"min":[1.01294246598e-24,1.77812147101e-24,8.20689519898e-25,5.68807711975e-25,1.41348629479e-24,1.06463888768e-24,1.04838016861e-24,1.41953636489e-24,1.20190660165e-24,2.96471933932e-24,1.71418390021e-24,1.21841154394e-24,2.41147718421e-24,3.00172283223e-24,1.3198493928e-24,3.14424633198e-24,3.2077592984e-24,3.59492907524e-24,3.46149128096e-24,3.4579402236e-24,3.74233877943e-24,3.92830603252e-24,4.19322958475e-24,4.47279242323e-24,2.87296968845e-24,3.73656155659e-24,5.12823604456e-24,3.70435907115e-24,3.66387039076e-24,5.50636586986e-24,4.75810053568e-24,4.97825544268e-24,5.78527987024e-24,5.10432330394e-24,5.76632275383e-24,6.32703956323e-24,5.32146002912e-24,6.14180910623e-24,6.54160184084e-24,6.78411069931e-24],"var":[5.50030279101e-7,8.68938684562e-7,8.97956567769e-7,8.22195829642e-7,6.18586625478e-7,7.54001177938e-7,4.30092654824e-7,1.86694634863e-7,2.39558346493e-7,7.23221234011e-8,8.34747311274e-8,8.48469809966e-8,1.9864440759e-8,1.65359619331e-8,8.49195913588e-9,7.0978298794e-9,5.78828363018e-9,3.13717118949e-9,2.96340441075e-9,1.75708003702e-9,1.35165068027e-9,1.9449850619e-9,7.24185600376e-10,3.37009198326e-10,3.20425574962e-10,2.48955939197e-10,2.26737587039e-10,1.94572760681e-10,1.24227017562e-10,1.32339444958e-10,6.0048625794e-11,2.79847603424e-11,2.51353382552e-11,1.82437225049e-11,1.83263872827e-11,1.97342645697e-11,8.45418440115e-12,8.45834947222e-12,7.3554348376e-12,4.67269972715e-12]},"melbands_crest":{"dmean":2.37853264809,"dmean2":3.83932948112,"dvar":4.91583299637,"dvar2":12.6253232956,"max":33.1543464661,"mean":12.6116809845,"median":12.0531654358,"min":1.62673735619,"var":17.909444809},"melbands_flatness_db":{"dmean":0.0231210384518,"dmean2":0.0321961715817,"dvar":0.000559186271857,"dvar2":0.00101549655665,"max":0.653571069241,"mean":0.248056530952,"median":0.23787972331,"min":0.00353704020381,"var":0.00977448839694},"melbands_kurtosis":{"dmean":5.02152061462,"dmean2":7.57986783981,"dvar":48.4770889282,"dvar2":107.341705322,"max":165.437194824,"mean":13.2069654465,"median":9.28044033051,"min":-1.89197063446,"var":184.526580811},"melbands_skewness":{"dmean":0.524104118347,"dmean2":0.777510821819,"dvar":0.278139919043,"dvar2":0.604107439518,"max":11.0658740997,"mean":2.5691678524,"median":2.41101455688,"min":-0.523807585239,"var":1.66485571861},"melbands_spread":{"dmean":4.32377624512,"dmean2":6.5033788681,"dvar":74.2736282349,"dvar2":138.477416992,"max":243.274398804,"mean":17.1897201538,"median":11.3320827484,"min":1.4550229311,"var":362.474884033},"mfcc":{"cov":[[14913.1337891,-1156.79724121,-1282.66210938,-99.0937805176,126.971664429,238.386810303,-141.021896362,123.097259521,25.0787715912,55.9958572388,-129.804718018,32.9657020569,-143.432998657],[-1156.79724121,2048.11352539,175.913574219,54.3217086792,-24.7749347687,-101.961723328,53.1001701355,23.5735149384,2.43213915825,-10.0348930359,28.9445400238,40.0668296814,54.2655715942],[-1282.66210938,175.913574219,753.536865234,29.6206188202,-16.3979759216,-63.6957244873,-48.1100502014,28.6712017059,-6.9951133728,-26.4559364319,12.2209386826,68.2272415161,45.3814430237],[-99.0937805176,54.3217086792,29.6206188202,250.992660522,25.2156295776,6.6601099968,-6.46249103546,-5.40385532379,20.7764701843,-5.179002285,-8.09314823151,-0.748134434223,12.7435913086],[126.971664429,-24.7749347687,-16.3979759216,25.2156295776,309.570220947,-54.325428009,5.09251594543,61.2437705994,-0.266852766275,14.7370653152,-78.7562866211,36.9887008667,9.20628833771],[238.386810303,-101.961723328,-63.6957244873,6.6601099968,-54.325428009,173.402313232,36.2548866272,-20.6656112671,23.9332027435,14.0653028488,40.4132118225,-23.5764942169,-22.4791908264],[-141.021896362,53.1001701355,-48.1100502014,-6.46249103546,5.09251594543,36.2548866272,149.576293945,20.7241230011,13.4690179825,12.0862188339,6.55969905853,-12.830124855,-11.8963127136],[123.097259521,23.5735149384,28.6712017059,-5.40385532379,61.2437705994,-20.6656112671,20.7241230011,131.610107422,10.6480636597,1.85619568825,-23.8570823669,25.5011959076,11.0141115189],[25.0787715912,2.43213915825,-6.9951133728,20.7764701843,-0.266852766275,23.9332027435,13.4690179825,10.6480636597,108.767929077,17.2298412323,-2.33330631256,1.40672409534,4.51287841797],[55.9958572388,-10.0348930359,-26.4559364319,-5.179002285,14.7370653152,14.0653028488,12.0862188339,1.85619568825,17.2298412323,95.9998092651,16.4409503937,-3.60705304146,-3.48660039902],[-129.804718018,28.9445400238,12.2209386826,-8.09314823151,-78.7562866211,40.4132118225,6.55969905853,-23.8570823669,-2.33330631256,16.4409503937,120.19707489,4.97108078003,-6.60158395767],[32.9657020569,40.0668296814,68.2272415161,-0.748134434223,36.9887008667,-23.5764942169,-12.830124855,25.5011959076,1.40672409534,-3.60705304146,4.97108078003,112.836158752,23.3482532501],[-143.432998657,54.2655715942,45.3814430237,12.7435913086,9.20628833771,-22.4791908264,-11.8963127136,11.0141115189,4.51287841797,-3.48660039902,-6.60158395767,23.3482532501,80.0086288452]],"icov":[[0.000089470158855,0.0000262987214228,0.000154839130118,0.0000102603262349,0.0000179267317435,-0.000126675702631,0.000167882899405,-0.000139223120641,0.0000121408538689,-0.000031007330108,0.000108880725747,-0.000138917195727,0.000107058956928],[0.0000262987214228,0.000546850787941,-0.0000365209780284,-0.000123348800116,0.0000932809198275,0.000361697486369,-0.000286559865344,-0.0000525144168932,-0.0000325062319462,0.0000189213878912,-0.00017353821022,-0.000104399819975,-0.00020907621365],[0.000154839130118,-0.0000365209780284,0.00179111876059,-0.000158608920174,0.000260373431956,0.000142272503581,0.000644686107989,-0.000552034354769,0.0000405342470913,0.00021663181542,-0.0000426075166615,-0.000916921417229,-0.000235239131143],[0.0000102603262349,-0.000123348800116,-0.000158608920174,0.00422898866236,-0.000556491897441,-0.000456697714981,0.000276180711808,0.00042720529018,-0.000836204737425,0.000401653669542,0.0000832954028738,0.000327802787069,-0.000587707967497],[0.0000179267317435,0.0000932809198275,0.000260373431956,-0.000556491897441,0.00461813388392,0.000737796071917,-0.000258894026047,-0.00135985400993,0.000401610188419,-0.00130041630473,0.00272098975256,-0.00151428347453,0.000321516301483],[-0.000126675702631,0.000361697486369,0.000142272503581,-0.000456697714981,0.000737796071917,0.00788940489292,-0.00186476670206,0.000695448485203,-0.0015161940828,-0.000212993327295,-0.0021783625707,0.000768259225879,0.000950639252551],[0.000167882899405,-0.000286559865344,0.000644686107989,0.000276180711808,-0.000258894026047,-0.00186476670206,0.0080698672682,-0.00181812199298,-0.000426241895184,-0.000465843855636,-0.0000564239962841,0.000495939981192,0.000896068115253],[-0.000139223120641,-0.0000525144168932,-0.000552034354769,0.00042720529018,-0.00135985400993,0.000695448485203,-0.00181812199298,0.00941142253578,-0.000883069005795,0.0000542422567378,0.000776508182753,-0.00122118357103,-0.000710343010724],[0.0000121408538689,-0.0000325062319462,0.0000405342470913,-0.000836204737425,0.000401610188419,-0.0015161940828,-0.000426241895184,-0.000883069005795,0.0101781776175,-0.00185397744644,0.00101001793519,-0.000402279169066,-0.000714163586963],[-0.000031007330108,0.0000189213878912,0.00021663181542,0.000401653669542,-0.00130041630473,-0.000212993327295,-0.000465843855636,0.0000542422567378,-0.00185397744644,0.0115800471976,-0.00242816819809,0.000698539428413,-0.0000372041395167],[0.000108880725747,-0.00017353821022,-0.0000426075166615,0.0000832954028738,0.00272098975256,-0.0021783625707,-0.0000564239962841,0.000776508182753,0.00101001793519,-0.00242816819809,0.0116455135867,-0.0022275368683,0.000731524894945],[-0.000138917195727,-0.000104399819975,-0.000916921417229,0.000327802787069,-0.00151428347453,0.000768259225879,0.000495939981192,-0.00122118357103,-0.000402279169066,0.000698539428413,-0.0022275368683,0.0111192092299,-0.0024539064616],[0.000107058956928,-0.00020907621365,-0.000235239131143,-0.000587707967497,0.000321516301483,0.000950639252551,0.000896068115253,-0.000710343010724,-0.000714163586963,-0.0000372041395167,0.000731524894945,-0.0024539064616,0.0143356611952]],"mean":[-729.112426758,146.432189941,15.9428720474,22.1249408722,6.3199596405,-2.08034443855,-1.05065238476,4.63729906082,-3.61434483528,-1.30047559738,-7.03456306458,2.37891578674,-1.95394527912]},"pitch_salience":{"dmean":0.0542683079839,"dmean2":0.0868581905961,"dvar":0.00235816650093,"dvar2":0.00596136553213,"max":0.972769677639,"mean":0.606927394867,"median":0.6144977808,"min":0.186831891537,"var":0.0094975316897},"silence_rate_20dB":{"dmean":0,"dmean2":0,"dvar":0,"dvar2":0,"max":1,"mean":1,"median":1,"min":1,"var":0},"silence_rate_30dB":{"dmean":0.002983343089,"dmean2":0.00596718071029,"dvar":0.00297444267198,"dvar2":0.00775487860665,"max":1,"mean":0.996768295765,"median":1,"min":0,"var":0.00322124338709},"silence_rate_60dB":{"dmean":0.0210491418839,"dmean2":0.0421017743647,"dvar":0.0206060763448,"dvar2":0.0453018657863,"max":1,"mean":0.195972815156,"median":0,"min":0,"var":0.157567471266},"spectral_centroid":{"dmean":165.556716919,"dmean2":241.958206177,"dvar":71077.5546875,"dvar2":133329.265625,"max":11760.5019531,"mean":992.417663574,"median":732.940917969,"min":198.403060913,"var":1194133.25},"spectral_complexity":{"dmean":1.84967267513,"dmean2":2.87800431252,"dvar":6.27126121521,"dvar2":11.7563753128,"max":63,"mean":13.0766487122,"median":9,"min":0,"var":149.411346436},"spectral_contrast_coeffs":{"dmean":[0.0412712469697,0.0391789227724,0.0312034636736,0.0254384707659,0.0210630893707,0.0204485468566],"dmean2":[0.0681720897555,0.0625709071755,0.0494949743152,0.0398161262274,0.032524202019,0.029951075092],"dvar":[0.00116603600327,0.00112041563261,0.000677760865074,0.000473471911391,0.000372144306311,0.000359272235073],"dvar2":[0.00320494896732,0.00276145804673,0.00165354367346,0.00107794231735,0.000781680981163,0.000728371029254],"max":[-0.310289472342,-0.379221051931,-0.496638864279,-0.564247965813,-0.549248218536,-0.599026203156],"mean":[-0.647417008877,-0.719935894012,-0.763925552368,-0.786868572235,-0.788999438286,-0.78851133585],"median":[-0.654286026955,-0.722770750523,-0.767643332481,-0.792827367783,-0.790745913982,-0.791016459465],"min":[-0.998085558414,-0.995725095272,-0.982013046741,-0.982613921165,-0.966991901398,-0.965494334698],"var":[0.00666666263714,0.00588715914637,0.00370667828247,0.00295000732876,0.00291382125579,0.00300560914911]},"spectral_contrast_valleys":{"dmean":[0.350508362055,0.300474524498,0.265453308821,0.251712650061,0.279794156551,0.440761625767],"dmean2":[0.574770331383,0.485402464867,0.426742225885,0.38291016221,0.37866538763,0.549188196659],"dvar":[0.105879671872,0.0765850767493,0.06530636549,0.0670539885759,0.0957489609718,0.204785808921],"dvar2":[0.251789987087,0.171863183379,0.139248684049,0.126972824335,0.160929366946,0.337856411934],"max":[-5.37507677078,-4.5397810936,-4.95849990845,-5.32254219055,-5.0648522377,-7.27813816071],"mean":[-7.70585584641,-7.4324388504,-8.27270889282,-8.97429466248,-8.97726726532,-11.4471950531],"median":[-7.26479244232,-7.1147146225,-8.112159729,-8.87723350525,-8.70782661438,-11.0976076126],"min":[-28.19008255,-28.0182323456,-27.9961986542,-27.6068058014,-27.5284175873,-27.486951828],"var":[4.68008136749,4.83256864548,5.09183359146,5.40362215042,5.36361932755,4.73764753342]},"spectral_decrease":{"dmean":8.83447037747e-10,"dmean2":1.30322475034e-9,"dvar":2.38442462989e-18,"dvar2":4.86559340909e-18,"max":1.96737391049e-28,"mean":-3.88943854901e-9,"median":-2.22292206864e-9,"min":-4.54855602072e-8,"var":2.02984563667e-17},"spectral_energy":{"dmean":0.00355315115303,"dmean2":0.00521920667961,"dvar":0.0000410689171986,"dvar2":0.0000822569636512,"max":0.185600623488,"mean":0.0157439932227,"median":0.00881710834801,"min":1.00826103074e-20,"var":0.000348783098161},"spectral_energyband_high":{"dmean":0.000275471917121,"dmean2":0.000392775924411,"dvar":0.00000143646229844,"dvar2":0.0000031789015793,"max":0.0368072353303,"mean":0.000476189423352,"median":0.0000471889288747,"min":7.02610524256e-21,"var":0.00000234364370044},"spectral_energyband_low":{"dmean":0.00149670836981,"dmean2":0.00238213501871,"dvar":0.00000747843159843,"dvar2":0.0000202544324566,"max":0.0608611628413,"mean":0.00429842667654,"median":0.00276370509528,"min":1.91073502396e-23,"var":0.0000252106310654},"spectral_energyband_middle_high":{"dmean":0.000818928820081,"dmean2":0.00117848056834,"dvar":0.00000527276051798,"dvar2":0.000010386903341,"max":0.0691509917378,"mean":0.00314511684701,"median":0.000513534003403,"min":1.18796090952e-21,"var":0.0000426624392276},"spectral_energyband_middle_low":{"dmean":0.00242640194483,"dmean2":0.00357351824641,"dvar":0.0000212152644963,"dvar2":0.0000437933849753,"max":0.141735881567,"mean":0.00866931676865,"median":0.00464097317308,"min":1.21094591816e-22,"var":0.00011924131104},"spectral_entropy":{"dmean":0.188293218613,"dmean2":0.255509883165,"dvar":0.0418712161481,"dvar2":0.0755681172013,"max":9.83021640778,"mean":7.14850950241,"median":7.21837902069,"min":4.93411207199,"var":0.514156997204},"spectral_flux":{"dmean":0.0113771092147,"dmean2":0.017795253545,"dvar":0.00020695180865,"dvar2":0.000475223583635,"max":0.26810914278,"mean":0.0458947233856,"median":0.0359977632761,"min":6.42043015975e-11,"var":0.00133226404432},"spectral_kurtosis":{"dmean":3.62180352211,"dmean2":5.84031963348,"dvar":61.2659645081,"dvar2":158.561080933,"max":296.938262939,"mean":12.8330345154,"median":5.53948688507,"min":-1.26209568977,"var":901.914978027},"spectral_rms":{"dmean":0.000391858717194,"dmean2":0.000570315984078,"dvar":2.47077480253e-7,"dvar2":4.8243356332e-7,"max":0.0134563660249,"mean":0.00333572598174,"median":0.00293292640708,"min":3.13635012059e-12,"var":0.0000042329261305},"spectral_rolloff":{"dmean":324.37210083,"dmean2":535.053527832,"dvar":704538.75,"dvar2":1524562.25,"max":19702.8808594,"mean":1158.24475098,"median":581.396484375,"min":86.1328125,"var":4088057.5},"spectral_skewness":{"dmean":0.318354874849,"dmean2":0.487946599722,"dvar":0.167906582355,"dvar2":0.397909909487,"max":14.6936407089,"mean":2.29682087898,"median":1.88382291794,"min":-0.110515393317,"var":3.09301567078},"spectral_spread":{"dmean":701985.125,"dmean2":944834.875,"dvar":785954308096,"dvar2":1392492281860,"max":43217680,"mean":4451881.5,"median":3912342,"min":308939.40625,"var":14477558808600},"spectral_strongpeak":{"dmean":0.27976116538,"dmean2":0.467476695776,"dvar":0.311071068048,"dvar2":0.754014372826,"max":10.0257959366,"mean":0.527810633183,"median":0.253644526005,"min":0,"var":0.581304371357},"zerocrossingrate":{"dmean":0.00894306879491,"dmean2":0.0105594359338,"dvar":0.00017630115326,"dvar2":0.000222799528274,"max":0.52734375,"mean":0.0485840253532,"median":0.03662109375,"min":0,"var":0.00284105795436}},"metadata":{"audio_properties":{"analysis_sample_rate":44100,"bit_rate":0,"codec":"flac","downmix":"mix","equal_loudness":0,"length":280.173339844,"lossless":true,"md5_encoded":"dafa9b926cdc47cef7fd767fcffe76f6","replay_gain":-3.14066123962},"tags":{"acoustid_id":["852097bf-2a31-4d37-8706-c991e994a418"],"album":["Brothers in Arms"],"albumartist":["Dire Straits"],"albumartistsort":["Dire Straits"],"artist":["Dire Straits"],"artists":["Dire Straits"],"artistsort":["Dire Straits"],"asin":["B000002L7G"],"barcode":["075992526425"],"catalognumber":["9 25264-2"],"composer":["Mark Knopfler"],"composersort":["Knopfler, Mark"],"date":["1985-05-15"],"discnumber":["1"],"disctotal":["1"],"engineer":["Neil Dorfsman"],"file_name":"07 The Man's Too Strong.flac","genre":["Guitar"],"grouping":["Rock"],"isrc":["GBF088500679"],"label":["Warner Bros. Records"],"language":["eng"],"lyricist":["Mark Knopfler"],"media":["CD"],"mood":["Dramatic; Calm; Mellow"],"musicbrainz_albumartistid":["614e3804-7d34-41ba-857f-811bad7c2b7a"],"musicbrainz_albumid":["4c618c14-0ed3-3b50-b32a-562e0f4cfe28"],"musicbrainz_artistid":["614e3804-7d34-41ba-857f-811bad7c2b7a"],"musicbrainz_recordingid":["3ed0c827-3374-44b6-b0f1-774677f52e5b"],"musicbrainz_releasegroupid":["b02f651e-32a1-30ae-bc23-070b59170278"],"musicbrainz_releasetrackid":["2d091f7a-52c8-3bbb-871c-93cc66143661"],"musicbrainz_workid":["a673d30c-67ac-352d-9a7f-f0695e246c42"],"originaldate":["1985-05-14"],"originalyear":["1985"],"performer":["John Illsley (bass guitar)","John Illsley (bass)","Terry Williams (drums)","Omar Hakim (drums)","Omar Hakim (guest drums)","Guy E. Fletcher (keyboard)","Alan Clark (keyboard)","Mark Knopfler (vocals)","John Illsley (background vocals)","Guy E. Fletcher (background vocals)","Mark Knopfler (guitars)"],"producer":["Neil Dorfsman","Mark K