{"lowlevel":{"average_loudness":0.92584502697,"barkbands":{"dmean":[0.0000852471712278,0.00474484171718,0.00216282950714,0.000637468241621,0.00098549737595,0.00129334139638,0.00146806403063,0.00196468527429,0.00167533231433,0.0012741839746,0.000744614517316,0.00078866048716,0.000398085277993,0.000226506395848,0.000117921474157,0.0000988499959931,0.0000857979612192,0.0000393916743633,0.0000195756238099,0.00000695518383509,0.00000353933137376,0.00000231768967751,3.57470526069e-7,1.33599513674e-7,4.70451695378e-8,2.37730084507e-8,1.19111982499e-8],"dmean2":[0.000134631234687,0.00805262755603,0.00349042168818,0.00109381985385,0.00164669251535,0.00200944044627,0.00221170461737,0.00283260992728,0.00246678292751,0.00196037208661,0.00120046222582,0.00121669657528,0.000629166606814,0.000353415845893,0.000186000412214,0.000148591410834,0.000126899103634,0.0000600477105763,0.0000287682287308,0.0000103085712908,0.00000519131117471,0.00000338092831953,5.5609092442e-7,2.09378555383e-7,7.32971727757e-8,3.84817582244e-8,2.07956514231e-8],"dvar":[1.07840936181e-8,0.0000224399645958,0.00000805358649814,9.50860680859e-7,0.00000302211992675,0.00000572052931602,0.00000949103286985,0.0000143189245136,0.0000187356308743,0.0000110180653792,0.00000562322065889,0.00000617087243882,0.00000120810420867,7.6123768622e-7,1.45811270613e-7,8.9510564294e-8,7.15435746201e-8,2.5113642721e-8,4.35352065509e-9,6.60400623076e-10,3.57902762982e-10,1.67365232784e-10,4.3410578951e-12,4.7156722971e-13,7.65980635582e-14,1.28496177118e-14,3.97155198946e-15],"dvar2":[2.21600906514e-8,0.0000639013087493,0.0000200488193514,0.00000258887189375,0.00000824170638225,0.0000123349227579,0.0000188521589735,0.0000298741215374,0.0000385618732253,0.0000247146581387,0.0000131124161271,0.0000131494671223,0.00000275849970421,0.00000190114292309,3.2587618648e-7,1.87672981156e-7,1.61539347232e-7,4.76091805979e-8,8.74473116141e-9,1.32023036947e-9,6.75243472248e-10,3.42254474761e-10,9.52956290268e-12,1.0724422652e-12,1.69449740697e-13,2.88907014089e-14,1.15645459111e-14],"max":[0.002152685076,0.045210249722,0.0291222780943,0.011664159596,0.0239661410451,0.0421374738216,0.0650166943669,0.0767340138555,0.0957124456763,0.0609185360372,0.0766408368945,0.0888136997819,0.0277407169342,0.0321077406406,0.0152463503182,0.013187202625,0.0140709578991,0.00889505445957,0.00235458114184,0.000695464899763,0.000802575435955,0.000475059146993,0.0000746292425902,0.0000190935588762,0.0000112122106657,0.00000385261046176,0.00000324909410665],"mean":[0.000124891972519,0.00744699360803,0.00402438268065,0.000801523332484,0.00157321733423,0.00232445821166,0.00252516521141,0.00348317367025,0.00310794473626,0.00216592242941,0.0010502866935,0.00119958585128,0.000626282009762,0.000335385644576,0.000199365531444,0.00018576272123,0.000169494975125,0.0000723319608369,0.0000332278614223,0.0000111322005978,0.00000503423234477,0.00000314738781526,4.9578807193e-7,2.13814928429e-7,1.19720724001e-7,8.39475333692e-8,1.8576953309e-8],"median":[0.0000706414430169,0.00619045225903,0.00272263586521,0.000501804694068,0.000894806871656,0.00091911770869,0.000936676980928,0.00129466492217,0.000620270438958,0.000442698132247,0.000323396612657,0.000279475410935,0.000209041856579,0.000090192152129,0.0000757280431571,0.0000675574701745,0.0000598526130489,0.0000272914548987,0.00000642706345388,0.00000257091346612,0.0000010043279417,2.65118359266e-7,1.0400433581e-7,8.74942500673e-8,9.1506549893e-8,7.70557946339e-8,1.43574139244e-8],"min":[1.73870149993e-23,3.57808405501e-23,3.69356540292e-23,1.74323871231e-23,1.03313288359e-22,4.58784115982e-23,6.13212504976e-23,1.5036176054e-22,5.49467621342e-23,1.09304920437e-22,6.12011606243e-23,2.93802251135e-23,7.48067456308e-23,1.81503174422e-22,9.51009434132e-23,1.8636918403e-22,1.21198494264e-22,3.22310087595e-22,3.22910151998e-22,5.1476847002e-22,3.09869662768e-22,6.91001409886e-22,7.69982163716e-22,8.70780866432e-22,1.05777114274e-21,1.88353468343e-21,2.4305300778e-21],"var":[2.40313973165e-8,0.0000320122999256,0.0000169845352502,9.86426698546e-7,0.00000405235641665,0.0000165968867805,0.0000256737748714,0.0000351163798769,0.0000511217440362,0.0000292023323709,0.000010813823792,0.0000124517036966,0.00000218479431169,9.63781758401e-7,3.11735334435e-7,2.38321590018e-7,1.83764328199e-7,5.145586357e-8,1.0802232886e-8,1.34359612325e-9,6.11709238818e-10,2.82562168108e-10,6.28498381811e-12,6.06399316611e-13,9.33135472646e-14,1.52799932538e-14,2.29691787779e-15]},"barkbands_crest":{"dmean":2.9881644249,"dmean2":4.87379360199,"dvar":6.45316886902,"dvar2":16.9181785583,"max":25.9485988617,"mean":11.3871307373,"median":10.7002429962,"min":2.63418316841,"var":17.3729782104},"barkbands_flatness_db":{"dmean":0.0213333908468,"dmean2":0.0334829986095,"dvar":0.000377697491786,"dvar2":0.000903020438273,"max":0.446531951427,"mean":0.252565681934,"median":0.250307381153,"min":0.0620108097792,"var":0.00211204797961},"barkbands_kurtosis":{"dmean":2.84044337273,"dmean2":4.53183031082,"dvar":34.2685203552,"dvar2":85.6888275146,"max":143.878814697,"mean":3.96389484406,"median":1.14236807823,"min":-1.87483847141,"var":90.9970474243},"barkbands_skewness":{"dmean":0.560703516006,"dmean2":0.851145029068,"dvar":0.344592481852,"dvar2":0.756376326084,"max":11.1912679672,"mean":1.15750336647,"median":0.936167776585,"min":-2.64632606506,"var":1.95437097549},"barkbands_spread":{"dmean":2.50442504883,"dmean2":3.90641689301,"dvar":6.66819286346,"dvar2":15.3751096725,"max":69.7674789429,"mean":10.1897859573,"median":9.48559856415,"min":0.568086922169,"var":28.1736049652},"dissonance":{"dmean":0.036998655647,"dmean2":0.0620489306748,"dvar":0.00106738286559,"dvar2":0.00294275209308,"max":0.500000238419,"mean":0.427293390036,"median":0.437134921551,"min":0.191528722644,"var":0.00237258174457},"dynamic_complexity":3.25140476227,"erbbands":{"dmean":[0.125818148255,1.13669025898,2.22194290161,2.44592046738,1.65787184238,3.74155974388,8.59019565582,11.8096828461,18.9098339081,31.7901573181,32.1717567444,39.7296867371,38.0816726685,30.8284702301,33.0206489563,30.5156650543,17.2251033783,12.5517597198,6.95208358765,5.30297899246,4.49035596848,4.38328313828,2.58292198181,1.11432492733,0.741482913494,0.314640194178,0.173561409116,0.118047356606,0.0945904478431,0.02691745013,0.00936106592417,0.00415613409132,0.0016557991039,0.000741639756598,0.000262463727267,0.000106409388536,0.0000494136656926,0.0000155181860464,0.00000534307628186,0.0000102999074443],"dmean2":[0.211935967207,1.9353710413,3.58999466896,4.07673215866,2.82881259918,6.32933950424,13.9216547012,18.1530780792,28.1322917938,46.387008667,46.9711112976,58.1589889526,57.6966171265,47.4721260071,51.9251899719,46.9498977661,26.7012996674,19.3576774597,10.5537748337,7.93235206604,6.58868217468,6.47615718842,3.85295581818,1.59269726276,1.08470129967,0.459294229746,0.257134437561,0.167491182685,0.137683242559,0.0412015020847,0.0146303037181,0.00651919841766,0.00261569651775,0.00115779950283,0.000412125431467,0.000170662111486,0.0000801994829089,0.0000264280861302,0.00000844821897772,0.0000158212660608],"dvar":[0.0156790874898,1.33516383171,7.52027130127,11.6336231232,7.43060398102,47.2241821289,315.674926758,438.676055908,2068.69921875,3394.86523438,5035.81982422,12117.890625,10390.4824219,7352.69677734,8507.96582031,11745.0566406,2267.68920898,2047.98388672,483.229553223,252.901763916,158.28918457,192.215515137,87.8020248413,13.8096122742,6.09044981003,1.5723773241,0.741788268089,0.44491943717,0.259792357683,0.0275175832212,0.00298223970458,0.000435486377683,0.0000813671285869,0.0000189726270037,0.00000170754117335,2.70558444981e-7,4.62308626936e-8,7.78712205829e-9,1.31615940369e-10,1.101436789e-10],"dvar2":[0.0432436168194,3.77493786812,18.5692882538,30.4491977692,20.9863929749,131.565093994,758.005187988,969.387084961,3977.19921875,7011.74462891,10460.4375,25019.4726563,21578.0234375,16715.5117188,19819.6992188,25405.4921875,5181.39990234,4908.35742188,1024.61108398,495.525695801,318.707519531,433.269012451,180.589920044,25.851442337,11.7212266922,3.26099181175,1.39996623993,0.841395974159,0.517346739769,0.0605130977929,0.00684990547597,0.0009803425055,0.000192052539205,0.0000427081795351,0.00000357625526703,5.84101883305e-7,1.05826373442e-7,2.20351239477e-8,3.69401259581e-10,2.4089846784e-10],"max":[1.30109870434,11.6055355072,27.1559295654,45.8101806641,40.0630607605,98.4288406372,309.446014404,374.459594727,1166.20043945,1062.95959473,1637.66967773,2821.01416016,2986.39428711,2136.77661133,2320.93310547,3810.66772461,1268.98474121,1734.4005127,988.0390625,766.345397949,447.209289551,639.070739746,481.806152344,126.493339539,84.3313293457,39.1539497375,33.2664794922,30.4594402313,17.4249420166,7.90006399155,1.99838340282,0.706293523312,0.246098488569,0.168816134334,0.0497800186276,0.0206499043852,0.00826751999557,0.00423569558188,0.000584038964007,0.000167220554431],"mean":[0.178232908249,1.80026614666,4.63654994965,3.83630490303,2.45578861237,5.67471122742,14.6353111267,20.4481391907,33.6736907959,59.9504928589,63.043132782,74.2471694946,69.0636062622,52.4669837952,48.6616668701,48.6863441467,29.7151851654,20.1305294037,12.8396186829,10.5091772079,9.4696855545,9.10791301727,5.2463388443,2.1110188961,1.26763129234,0.519631385803,0.252694368362,0.17499025166,0.132010012865,0.0354675427079,0.0129430973902,0.00608079787344,0.00289698154666,0.00160213687923,0.000752726744395,0.000340642727679,0.000172973188455,0.0000451270352642,0.0000179813723662,0.0000355300180672],"median":[0.138254106045,1.46369934082,3.4914598465,2.67500495911,1.56703352928,2.94799542427,5.72192192078,8.92639732361,11.5975322723,27.9150390625,24.3483486176,16.5512275696,15.8981800079,13.3293333054,14.0401010513,11.8560686111,10.8313798904,6.53570604324,4.56207132339,4.29574537277,3.63912725449,3.20725226402,2.07838129997,0.623474240303,0.244732841849,0.122580491006,0.0588488765061,0.0281032640487,0.0112359793857,0.00463159894571,0.00289574032649,0.0019657551311,0.00144026568159,0.00109106511809,0.000625790969934,0.000298688886687,0.000159765055287,0.0000409798667533,0.0000159197534231,0.0000309727729473],"min":[3.95734458619e-22,1.02535345794e-20,3.77404482587e-20,7.13017344935e-20,9.1731286166e-20,5.01562101795e-19,2.58471788492e-19,5.24565684437e-19,4.32065876396e-19,1.79690698532e-18,3.64640652758e-18,1.47179388192e-18,2.8669145317e-18,3.93061751424e-18,1.20255372696e-18,1.45449732851e-18,3.39153997994e-18,9.94294257346e-18,5.11196460505e-18,4.89079222568e-18,1.24880424878e-17,6.61854918654e-18,1.03826883307e-17,2.25264805815e-17,1.97307358425e-17,2.54599459294e-17,1.52651384399e-17,1.23126173323e-17,2.55090788034e-17,2.68931190587e-17,2.07191571175e-17,1.4652889129e-17,1.53285087466e-17,1.09568724442e-17,7.95935767429e-18,6.61595142583e-18,3.69811689639e-18,1.57007017652e-18,3.22424171877e-19,3.22708974039e-20],"var":[0.022080309689,1.92404210567,17.0096855164,15.0227680206,8.16157913208,60.4043731689,795.253295898,940.596008301,6244.64648438,8142.99316406,14104.8486328,32026.0917969,28286.0957031,19131.0859375,16161.4785156,24469.9609375,4256.30712891,2888.70605469,1153.23413086,639.346191406,520.760070801,534.256347656,200.235549927,40.5246124268,15.2800245285,3.00522303581,1.25544118881,0.813479602337,0.471136957407,0.0405028946698,0.00401998776942,0.000592503813095,0.0000954437418841,0.0000223276438192,0.00000233614969147,3.51411699739e-7,5.37312025983e-8,5.20721243902e-9,1.63115951302e-10,4.54350973511e-10]},"erbbands_crest":{"dmean":2.94763875008,"dmean2":4.69905471802,"dvar":7.59421300888,"dvar2":17.4733352661,"max":32.4436035156,"mean":11.1589012146,"median":10.1330738068,"min":2.35560178757,"var":23.328037262},"erbbands_flatness_db":{"dmean":0.0177169945091,"dmean2":0.025866528973,"dvar":0.000302134169033,"dvar2":0.000590813928284,"max":0.424221038818,"mean":0.267550170422,"median":0.264684408903,"min":0.0322590768337,"var":0.00195003696717},"erbbands_kurtosis":{"dmean":1.19633996487,"dmean2":1.83530437946,"dvar":3.22531294823,"dvar2":6.70486402512,"max":49.7657623291,"mean":1.49803543091,"median":0.503962934017,"min":-1.61612248421,"var":11.5348424911},"erbbands_skewness":{"dmean":0.397559136152,"dmean2":0.608783841133,"dvar":0.140716716647,"dvar2":0.303930073977,"max":3.6085691452,"mean":0.346690177917,"median":0.340621322393,"min":-4.80289649963,"var":0.587589979172},"erbbands_spread":{"dmean":3.81924414635,"dmean2":5.72930288315,"dvar":16.2639770508,"dvar2":34.7028083801,"max":143.843536377,"mean":17.5976963043,"median":16.1623649597,"min":1.48467004299,"var":108.718086243},"gfcc":{"cov":[[5163.58349609,585.966125488,-1616.88110352,-171.16784668,-205.929199219,-342.454284668,190.473846436,-84.4952697754,43.0758132935,-99.2311325073,-24.7925395966,-124.805145264,3.95813941956],[585.966125488,482.223510742,69.2001342773,-206.704238892,91.3318328857,-90.2946929932,-62.4130516052,-8.82789230347,-20.1647052765,-38.9468154907,37.6920585632,4.52565145493,32.2511558533],[-1616.88110352,69.2001342773,890.910766602,32.9456977844,81.7825393677,101.913017273,-111.997642517,15.679069519,-25.5642623901,1.08716320992,26.2885532379,58.0576019287,12.5723190308],[-171.16784668,-206.704238892,32.9456977844,298.904418945,15.976641655,15.7805271149,-8.18277835846,-51.1115379333,3.55064868927,30.136051178,-23.1149482727,-4.26123380661,-18.1782169342],[-205.929199219,91.3318328857,81.7825393677,15.976641655,222.674209595,43.4488792419,-58.4505729675,1.40989625454,-9.22993373871,15.750243187,24.6945838928,5.22488737106,0.986345469952],[-342.454284668,-90.2946929932,101.913017273,15.7805271149,43.4488792419,181.853347778,84.4433288574,-3.8812494278,-19.9566726685,-9.40212059021,-9.24864768982,5.52850532532,-14.9466552734],[190.473846436,-62.4130516052,-111.997642517,-8.18277835846,-58.4505729675,84.4433288574,199.14239502,35.2017097473,-11.6490068436,-35.9022865295,-28.4521427155,-25.6683864594,-11.4470367432],[-84.4952697754,-8.82789230347,15.679069519,-51.1115379333,1.40989625454,-3.8812494278,35.2017097473,118.100234985,45.5923347473,-8.46691322327,-12.5268373489,-13.4866056442,-4.84992361069],[43.0758132935,-20.1647052765,-25.5642623901,3.55064868927,-9.22993373871,-19.9566726685,-11.6490068436,45.5923347473,98.4941711426,37.5635223389,-10.3137378693,-18.3508872986,-13.1771011353],[-99.2311325073,-38.9468154907,1.08716320992,30.136051178,15.750243187,-9.40212059021,-35.9022865295,-8.46691322327,37.5635223389,87.2531280518,32.6906051636,-9.25496387482,-15.6760463715],[-24.7925395966,37.6920585632,26.2885532379,-23.1149482727,24.6945838928,-9.24864768982,-28.4521427155,-12.5268373489,-10.3137378693,32.6906051636,79.9042892456,30.8871917725,-0.567097604275],[-124.805145264,4.52565145493,58.0576019287,-4.26123380661,5.22488737106,5.52850532532,-25.6683864594,-13.4866056442,-18.3508872986,-9.25496387482,30.8871917725,72.6535568237,34.0124931335],[3.95813941956,32.2511558533,12.5723190308,-18.1782169342,0.986345469952,-14.9466552734,-11.4470367432,-4.84992361069,-13.1771011353,-15.6760463715,-0.567097604275,34.0124931335,60.9320831299]],"icov":[[0.00183156575076,-0.00485981022939,0.00386735820211,-0.00315759028308,0.00315960566513,-0.00216398015618,0.000891161733307,-0.00096107571153,-0.000781500071753,0.00134722061921,-0.00136207020842,0.000838392414153,-0.0000808093900559],[-0.00485981022939,0.0193664450198,-0.0117957862094,0.0132004618645,-0.0129710733891,0.0116027658805,-0.00527730956674,0.00776459462941,-0.000670553301461,0.00044266943587,0.00150353542995,-0.0000807803153293,-0.000852177734487],[0.00386735820211,-0.0117957862094,0.0101985391229,-0.00820560008287,0.00819863099605,-0.007937788032,0.00471836002544,-0.00472007412463,-0.000236953652347,0.00222995621152,-0.00284912274219,0.00110496743582,-0.000250064651482],[-0.00315759028308,0.0132004618645,-0.00820560008287,0.0135096618906,-0.00981389451772,0.0091617833823,-0.0050796456635,0.00804990064353,-0.000837489031255,-0.00216512475163,0.00469635007903,-0.0024796964135,0.00172410148662],[0.00315960566513,-0.0129710733891,0.00819863099605,-0.00981389451772,0.0153818167746,-0.0120524996892,0.00805085431784,-0.00782600790262,0.00182548642624,0.000416664872319,-0.00421754131094,0.00342548359185,-0.00172449613456],[-0.00216398015618,0.0116027658805,-0.007937788032,0.0091617833823,-0.0120524996892,0.0200868621469,-0.0121054043993,0.00928691588342,-0.00139816408046,-0.000977151561528,0.00459468038753,-0.00525602372363,0.00438074069098],[0.000891161733307,-0.00527730956674,0.00471836002544,-0.0050796456635,0.00805085431784,-0.0121054043993,0.0147224515676,-0.00827401224524,0.003111357335,0.00277996785007,-0.00300953001715,0.0053215585649,-0.00235659675673],[-0.00096107571153,0.00776459462941,-0.00472007412463,0.00804990064353,-0.00782600790262,0.00928691588342,-0.00827401224524,0.0197628196329,-0.0103056812659,0.00521435914561,-0.000110291432065,0.000561511842534,0.000549879972823],[-0.000781500071753,-0.000670553301461,-0.000236953652347,-0.000837489031255,0.00182548642624,-0.00139816408046,0.003111357335,-0.0103056812659,0.0208550989628,-0.0128178745508,0.00770229054615,-0.00277666421607,0.0024304992985],[0.00134722061921,0.00044266943587,0.00222995621152,-0.00216512475163,0.000416664872319,-0.000977151561528,0.00277996785007,0.00521435914561,-0.0128178745508,0.0279854629189,-0.0170489717275,0.0112282270566,-0.00273545319214],[-0.00136207020842,0.00150353542995,-0.00284912274219,0.00469635007903,-0.00421754131094,0.00459468038753,-0.00300953001715,-0.000110291432065,0.00770229054615,-0.0170489717275,0.0295528713614,-0.0183400325477,0.00969480723143],[0.000838392414153,-0.0000807803153293,0.00110496743582,-0.0024796964135,0.00342548359185,-0.00525602372363,0.0053215585649,0.000561511842534,-0.00277666421607,0.0112282270566,-0.0183400325477,0.0331028625369,-0.0176404062659],[-0.0000808093900559,-0.000852177734487,-0.000250064651482,0.00172410148662,-0.00172449613456,0.00438074069098,-0.00235659675673,0.000549879972823,0.0024304992985,-0.00273545319214,0.00969480723143,-0.0176404062659,0.0278965625912]],"mean":[-91.2198410034,199.603393555,-120.540283203,-7.28826951981,-20.829864502,-2.49920535088,-15.3462772369,10.1979627609,-5.11917638779,-0.685787379742,-4.36055183411,-1.08621931076,-6.48866796494]},"hfc":{"dmean":4.57096195221,"dmean2":6.40666103363,"dvar":45.6930656433,"dvar2":91.8703536987,"max":138.697784424,"mean":14.6818370819,"median":9.94303321838,"min":1.21329925807e-16,"var":212.723480225},"melbands":{"dmean":[0.00124473811593,0.00119382760022,0.000381188292522,0.000166466677911,0.000277808430837,0.000261852925178,0.000283969449811,0.000380617566407,0.000267092575086,0.000254825892625,0.000197192668566,0.000134907517349,0.000102821992186,0.0000877093771123,0.0000673322574585,0.000035746343201,0.0000235477691604,0.0000127703142425,0.00000853457640915,0.00000766054472479,0.00000510937252329,0.0000047768485274,0.00000440104622612,0.00000131520130253,9.38429536745e-7,6.82029565269e-7,3.888377762e-7,1.76946741703e-7,1.12992971424e-7,8.9456662522e-8,6.64054411459e-8,6.49730225177e-8,2.78382010777e-8,1.02318784556e-8,5.75443337425e-9,3.8424543547e-9,2.07090455895e-9,1.25262034079e-9,8.76130612504e-10,5.9188798307e-10],"dmean2":[0.00211788178422,0.00195596599951,0.000632350798696,0.000280850654235,0.000450389459729,0.000401460099965,0.000423721270636,0.000550189462956,0.000393180118408,0.000372297887225,0.000300031184452,0.000209138685022,0.000162094380357,0.00013673416106,0.000103310252598,0.0000567311326449,0.0000367307693523,0.0000194980930246,0.0000133725052365,0.0000115221118904,0.00000755098517402,0.00000711172151568,0.00000666385903969,0.00000197725648832,0.00000136873643442,0.00000101874240954,5.8117871049e-7,2.63023565594e-7,1.70941277133e-7,1.32821909915e-7,9.53403542781e-8,9.48676941448e-8,4.21974597486e-8,1.61568589618e-8,9.24412013603e-9,6.10926598199e-9,3.30154881212e-9,2.02649164116e-9,1.40046219066e-9,9.32394939035e-10],"dvar":[0.0000015297932805,0.00000159183582582,2.68503043799e-7,8.80183748109e-8,2.83399714363e-7,2.11937788208e-7,4.06864756997e-7,5.05469188283e-7,3.84014896326e-7,5.10694178502e-7,2.71232011073e-7,1.41871197457e-7,9.88157893289e-8,5.98701817012e-8,5.32982404877e-8,1.17378897713e-8,8.90729534575e-9,1.81515025233e-9,8.99928465081e-10,5.51784395952e-10,2.15208989518e-10,2.10589296001e-10,3.33457733648e-10,1.59429396768e-11,1.09805706194e-11,6.00666001313e-12,1.69496274655e-12,6.47743414895e-13,3.04185279396e-13,2.2498776659e-13,1.63695297009e-13,1.28666581512e-13,2.61414425263e-14,4.31970667122e-15,1.25649417967e-15,4.53969002147e-16,9.8272100796e-17,4.44829576203e-17,2.49613247648e-17,1.17896803664e-17],"dvar2":[0.00000437471817349,0.00000417691535404,6.98422923051e-7,2.51691915309e-7,7.02622855897e-7,4.57618853034e-7,7.97084112492e-7,0.0000010322394246,7.85815643667e-7,0.00000105725837329,5.70118572796e-7,3.27186995719e-7,2.310969478e-7,1.32980048306e-7,1.10572031531e-7,2.76357567941e-8,2.16270716891e-8,3.86269682906e-9,1.8638113275e-9,1.170478936e-9,4.27106683354e-10,4.87503704072e-10,7.67379937372e-10,2.97311619768e-11,2.1352910759e-11,1.22245442935e-11,3.18633704491e-12,1.38649790433e-12,5.75544549086e-13,4.44896235737e-13,3.23361671641e-13,2.64164612494e-13,5.46011464666e-14,9.96012151336e-15,3.08915287556e-15,1.06038180606e-15,2.292391969e-16,1.06616897339e-16,5.99750876552e-17,2.62602365546e-17],"max":[0.0107327671722,0.0127960639074,0.00676559889689,0.00560091994703,0.00849130377173,0.00858916994184,0.014990276657,0.015047762543,0.0153696769848,0.0181129705161,0.014408540912,0.0079298755154,0.0103761758655,0.00625751307234,0.00995730794966,0.00352359260432,0.00396591192111,0.00173371669371,0.00171774649061,0.00113173061982,0.000488647434395,0.0004886512761,0.00089268211741,0.0001573197369,0.000114404487249,0.0000703050827724,0.0000495844942634,0.0000277376857412,0.0000204549705813,0.0000198296947929,0.0000186236975424,0.0000132935756483,0.00000676930449117,0.00000308966627927,0.00000132934678732,9.08211291062e-7,2.85319742943e-7,1.74234813244e-7,1.57875078344e-7,1.3296913437e-7],"mean":[0.00186379987281,0.00250028260052,0.000641553488094,0.000254983577179,0.000478647853015,0.00046818354167,0.000501650443766,0.000705860729795,0.000512237427756,0.000465879100375,0.000344518921338,0.000221179609071,0.000148382139741,0.000131575172418,0.000107297084469,0.0000550219228899,0.0000350882219209,0.0000217669548874,0.0000149396873894,0.0000140680176628,0.0000103186030174,0.00000942803944781,0.00000811110476207,0.00000252052905125,0.00000162345588706,0.0000011084767948,6.23244318376e-7,2.70192288099e-7,1.60191362397e-7,1.1933214239e-7,9.646267074e-8,8.8462485337e-8,3.55369742522e-8,1.30701689471e-8,7.61968266261e-9,5.11670839032e-9,3.06678282769e-9,2.03699324075e-9,1.60490232215e-9,1.23968135757e-9],"median":[0.00153233867604,0.00210020830855,0.00046224903781,0.000144823134178,0.00021049308998,0.000194035339518,0.000175490553374,0.000297183520161,0.000173105785507,0.0000910448870854,0.0000727769511286,0.0000490849524795,0.0000430065847468,0.0000331966111844,0.0000286653266812,0.0000172144882526,0.0000101599443951,0.00000661880312691,0.00000581264430366,0.00000519260902365,0.00000370670750272,0.00000312879024023,0.00000279247024082,0.00000102909018551,3.94866532361e-7,1.80042050602e-7,1.28633004692e-7,6.22041085308e-8,3.82332423499e-8,2.33967138996e-8,1.23732455393e-8,6.59509913348e-9,3.53962881228e-9,2.07865080704e-9,1.70112157694e-9,1.34716282574e-9,1.0916663129e-9,9.55380552448e-10,9.52883216776e-10,8.74211869561e-10],"min":[7.80115593226e-24,1.9145556351e-23,1.1059967153e-23,2.06151821293e-23,1.40547134966e-23,1.04205496354e-23,8.88456566657e-24,2.19289921016e-23,2.86181570801e-23,7.68236136854e-24,1.38167015397e-23,1.56201290769e-23,5.46617459003e-24,2.84066898982e-24,4.76426311707e-24,1.00129791267e-23,2.00222837392e-23,7.90473494683e-24,6.40386514907e-24,7.84117090167e-24,1.64616795797e-23,7.53564901739e-24,5.28171287798e-24,1.47335693263e-23,1.89653016341e-23,1.05282094274e-23,1.43493498893e-23,1.95835256147e-23,8.60513851217e-24,1.01544100541e-23,5.69189491071e-24,1.36274790521e-23,1.41507147133e-23,1.62293505768e-23,1.23104118731e-23,1.08391184428e-23,7.49953733173e-24,1.06443928615e-23,1.17420644122e-23,8.1244476973e-24],"var":[0.00000205704009204,0.00000328942496708,3.72225542833e-7,1.02944795799e-7,6.35352023437e-7,5.20327034792e-7,0.00000119349215311,0.00000123687595988,0.00000107901178126,0.00000135382822464,7.23069604192e-7,3.71547315581e-7,1.91689906615e-7,1.14588296185e-7,1.05657129268e-7,2.126475529e-8,1.11512168388e-8,4.04076239136e-9,1.72640546303e-9,1.27429233832e-9,6.91706136813e-10,5.7715321411e-10,6.78726297387e-10,3.50155703044e-11,2.98678096144e-11,1.31408781426e-11,4.20331217749e-12,1.09180145393e-12,5.15602480416e-13,3.55307336287e-13,2.89151948912e-13,2.26289906952e-13,3.98768407075e-14,6.00695606809e-15,1.50493360178e-15,5.67002319645e-16,1.29058214713e-16,5.07556104804e-17,2.65128475875e-17,1.3846489775e-17]},"melbands_crest":{"dmean":3.34488081932,"dmean2":5.40462398529,"dvar":7.68681812286,"dvar2":19.4128894806,"max":33.6227989197,"mean":14.8122854233,"median":14.2444419861,"min":1.00073134899,"var":25.6825313568},"melbands_flatness_db":{"dmean":0.0271030049771,"dmean2":0.0418719500303,"dvar":0.000618842837866,"dvar2":0.00140962551814,"max":0.601757824421,"mean":0.359657108784,"median":0.357533812523,"min":6.90292836225e-8,"var":0.00406459346414},"melbands_kurtosis":{"dmean":4.82812070847,"dmean2":7.66162014008,"dvar":134.405563354,"dvar2":373.180511475,"max":456.411346436,"mean":8.10901927948,"median":2.74882292747,"min":-1.88308644295,"var":412.566619873},"melbands_skewness":{"dmean":0.6658603549,"dmean2":1.01383209229,"dvar":0.484796077013,"dvar2":1.1049169302,"max":17.549489975,"mean":1.76684784889,"median":1.43837058544,"min":-2.37691831589,"var":2.80963349342},"melbands_spread":{"dmean":3.43827724457,"dmean2":5.30417299271,"dvar":16.4384803772,"dvar2":34.0165061951,"max":137.409805298,"mean":12.9776887894,"median":11.7923851013,"min":0.522136867046,"var":65.015914917},"mfcc":{"cov":[[4412.83203125,396.115631104,-1473.70800781,102.557693481,-637.082458496,-110.175666809,-142.200759888,-19.8915729523,-3.92532038689,37.4834518433,52.8620452881,-116.403564453,-101.128128052],[396.115631104,878.850830078,-49.0878295898,-146.021743774,107.977790833,-148.085296631,-2.46601319313,-19.8760166168,-19.7706813812,-57.5779304504,-43.3432884216,29.0083065033,23.0234375],[-1473.70800781,-49.0878295898,760.042602539,-3.36243271828,167.923828125,54.0948867798,29.3718795776,24.8831386566,-10.3802585602,-39.1022109985,-33.09034729,31.1985359192,21.5416049957],[102.557693481,-146.021743774,-3.36243271828,206.273529053,34.9561386108,14.4932508469,-34.9702224731,-49.0869102478,-8.20106220245,-6.97034645081,2.31646418571,3.54138207436,-10.9015932083],[-637.082458496,107.977790833,167.923828125,34.9561386108,331.026397705,20.797252655,-13.8105964661,-48.5208511353,-23.7886962891,-26.6266040802,-20.8603305817,58.4136657715,35.9110679626],[-110.175666809,-148.085296631,54.0948867798,14.4932508469,20.797252655,174.264328003,61.3555183411,4.0120177269,-0.0663145929575,-16.9080123901,3.40028786659,6.79228639603,1.14514899254],[-142.200759888,-2.46601319313,29.3718795776,-34.9702224731,-13.8105964661,61.3555183411,145.621994019,57.8162307739,-0.683073341846,-4.26666402817,-13.4620780945,-5.97403621674,8.51191139221],[-19.8915729523,-19.8760166168,24.8831386566,-49.0869102478,-48.5208511353,4.0120177269,57.8162307739,127.134529114,52.0627059937,0.228629156947,-5.25519895554,-17.7698421478,-1.29917836189],[-3.92532038689,-19.7706813812,-10.3802585602,-8.20106220245,-23.7886962891,-0.0663145929575,-0.683073341846,52.0627059937,100.681632996,33.9292831421,2.85409498215,-8.97668552399,-14.8520011902],[37.4834518433,-57.5779304504,-39.1022109985,-6.97034645081,-26.6266040802,-16.9080123901,-4.26666402817,0.228629156947,33.9292831421,109.181900024,53.3674926758,-17.2378864288,-15.6724729538],[52.8620452881,-43.3432884216,-33.09034729,2.31646418571,-20.8603305817,3.40028786659,-13.4620780945,-5.25519895554,2.85409498215,53.3674926758,88.2502212524,22.2478733063,-11.7997703552],[-116.403564453,29.0083065033,31.1985359192,3.54138207436,58.4136657715,6.79228639603,-5.97403621674,-17.7698421478,-8.97668552399,-17.2378864288,22.2478733063,81.5880126953,35.765007019],[-101.128128052,23.0234375,21.5416049957,-10.9015932083,35.9110679626,1.14514899254,8.51191139221,-1.29917836189,-14.8520011902,-15.6724729538,-11.7997703552,35.765007019,74.0219650269]],"icov":[[0.00274761859328,-0.00302990945056,0.00440646288916,-0.00406550662592,0.00465038279071,-0.00438629556447,0.00495408521965,-0.00470051635057,0.00432436168194,-0.00344085018151,0.00297375326045,-0.00184761371929,0.00148054945748],[-0.00302990945056,0.00532834138721,-0.00462764734402,0.00606668321416,-0.00604462204501,0.00700902380049,-0.0066614295356,0.00660860678181,-0.00578285660595,0.00572953699157,-0.00383304711431,0.00226258090697,-0.00150190398563],[0.00440646288916,-0.00462764734402,0.00867610517889,-0.00629842840135,0.00656408118084,-0.00724398950115,0.0079982643947,-0.00828411057591,0.00731901312247,-0.00549505744129,0.0053727417253,-0.00342552945949,0.00268599833362],[-0.00406550662592,0.00606668321416,-0.00629842840135,0.0128938443959,-0.00804149731994,0.0075812023133,-0.00760880718008,0.0102334143594,-0.00810537301004,0.00757635524496,-0.0054311840795,0.00351888826117,-0.0014589476632],[0.00465038279071,-0.00604462204501,0.00656408118084,-0.00804149731994,0.0126173133031,-0.00880489684641,0.00921855214983,-0.00759877916425,0.00815273821354,-0.00778819201514,0.00757638039067,-0.00647243624553,0.0022822835017],[-0.00438629556447,0.00700902380049,-0.00724398950115,0.0075812023133,-0.00880489684641,0.0172868426889,-0.0138799594715,0.0118003981188,-0.0106634069234,0.0111788362265,-0.00904535222799,0.0049738115631,-0.00275832624175],[0.00495408521965,-0.0066614295356,0.0079982643947,-0.00760880718008,0.00921855214983,-0.0138799594715,0.0217399951071,-0.016622941941,0.0136006847024,-0.0117746898904,0.0106364693493,-0.00606036745012,0.00320229516365],[-0.00470051635057,0.00660860678181,-0.00828411057591,0.0102334143594,-0.00759877916425,0.0118003981188,-0.016622941941,0.026588588953,-0.0190965924412,0.0143784517422,-0.0117584504187,0.00942594837397,-0.00589329330251],[0.00432436168194,-0.00578285660595,0.00731901312247,-0.00810537301004,0.00815273821354,-0.0106634069234,0.0136006847024,-0.0190965924412,0.0264823380858,-0.016975639388,0.0137298107147,-0.0100114559755,0.00743866898119],[-0.00344085018151,0.00572953699157,-0.00549505744129,0.00757635524496,-0.00778819201514,0.0111788362265,-0.0117746898904,0.0143784517422,-0.016975639388,0.0286175403744,-0.0219511371106,0.0147720649838,-0.00653972756118],[0.00297375326045,-0.00383304711431,0.0053727417253,-0.0054311840795,0.00757638039067,-0.00904535222799,0.0106364693493,-0.0117584504187,0.0137298107147,-0.0219511371106,0.0318841896951,-0.0190022327006,0.0102973626927],[-0.00184761371929,0.00226258090697,-0.00342552945949,0.00351888826117,-0.00647243624553,0.0049738115631,-0.00606036745012,0.00942594837397,-0.0100114559755,0.0147720649838,-0.0190022327006,0.029016951099,-0.013717636466],[0.00148054945748,-0.00150190398563,0.00268599833362,-0.0014589476632,0.0022822835017,-0.00275832624175,0.00320229516365,-0.00589329330251,0.00743866898119,-0.00653972756118,0.0102973626927,-0.013717636466,0.0218438841403]],"mean":[-740.951904297,241.397689819,-28.2233886719,14.8249311447,8.97148990631,-0.546694099903,3.28378343582,9.50016689301,8.12063407898,1.12775301933,7.1424498558,10.6511917114,4.37420082092]},"pitch_salience":{"dmean":0.080706179142,"dmean2":0.130859911442,"dvar":0.00491487188265,"dvar2":0.0127439210191,"max":0.996092021465,"mean":0.494428932667,"median":0.498150765896,"min":0.0913431942463,"var":0.0139301912859},"silence_rate_20dB":{"dmean":0,"dmean2":0,"dvar":0,"dvar2":0,"max":1,"mean":1,"median":1,"min":1,"var":0},"silence_rate_30dB":{"dmean":0.00271646864712,"dmean2":0.00543385976925,"dvar":0.00270909559913,"dvar2":0.00710253696889,"max":1,"mean":0.997793257236,"median":1,"min":0,"var":0.00220180721954},"silence_rate_60dB":{"dmean":0.00271646864712,"dmean2":0.00543385976925,"dvar":0.00270892586559,"dvar2":0.00642264215276,"max":1,"mean":0.0222373120487,"median":0,"min":0,"var":0.0217430125922},"spectral_centroid":{"dmean":94.0546722412,"dmean2":137.8359375,"dvar":22299.03125,"dvar2":28407.5371094,"max":11010.1259766,"mean":654.591796875,"median":612.096862793,"min":132.314300537,"var":92663.0234375},"spectral_complexity":{"dmean":2.31103563309,"dmean2":3.59483790398,"dvar":4.47588825226,"dvar2":9.93026161194,"max":38,"mean":14.3245630264,"median":14,"min":0,"var":31.9694919586},"spectral_contrast_coeffs":{"dmean":[0.0484684109688,0.0492266044021,0.0416846051812,0.0307460930198,0.0231988821179,0.0202203448862],"dmean2":[0.0809376910329,0.0778503865004,0.0659471675754,0.0492712371051,0.0365925729275,0.0316996462643],"dvar":[0.00147178512998,0.00160574982874,0.00118850299623,0.000673039874528,0.000394621078158,0.000486593868118],"dvar2":[0.00409784726799,0.00399828609079,0.00275235972367,0.00164559623227,0.00093118759105,0.00113542855252],"max":[-0.487550795078,-0.418916523457,-0.439915686846,-0.564166903496,-0.601611495018,-0.61850631237],"mean":[-0.69037181139,-0.705717265606,-0.744981586933,-0.770025730133,-0.764094531536,-0.789453208447],"median":[-0.690722584724,-0.713563799858,-0.757218360901,-0.774465084076,-0.762400567532,-0.794632911682],"min":[-0.964707791805,-0.997351229191,-0.998800516129,-0.988402724266,-0.989033460617,-0.958261966705],"var":[0.00316433468834,0.00633502844721,0.0056583979167,0.00264682690613,0.00213178712875,0.0024387370795]},"spectral_contrast_valleys":{"dmean":[0.387970119715,0.363616585732,0.343829631805,0.297258585691,0.28042691946,0.160644248128],"dmean2":[0.637875258923,0.572126805782,0.536307752132,0.45724889636,0.42297282815,0.253185987473],"dvar":[0.108985170722,0.115443818271,0.119722023606,0.104176521301,0.10706461966,0.0416239462793],"dvar2":[0.251832127571,0.219693377614,0.233910426497,0.196896404028,0.210446462035,0.0737117230892],"max":[-5.40716648102,-4.63587379456,-4.89032649994,-5.99406433105,-6.34946537018,-9.96797657013],"mean":[-6.89146995544,-6.4739818573,-7.19297456741,-7.99556016922,-9.07504653931,-12.6708860397],"median":[-6.80259895325,-6.39351892471,-7.07218503952,-7.84286832809,-9.00523376465,-12.6970300674],"min":[-27.1868038177,-27.6001873016,-27.3755874634,-27.0837650299,-27.1553726196,-27.3161678314],"var":[0.603868126869,0.813062608242,0.978201985359,0.928470909595,0.846202373505,0.255899757147]},"spectral_decrease":{"dmean":2.34930253029e-9,"dmean2":3.64210595016e-9,"dvar":5.37936397295e-18,"dvar2":1.20714462072e-17,"max":1.92512696445e-21,"mean":-7.98520272127e-9,"median":-7.119935308e-9,"min":-3.37440511089e-8,"var":2.09730519347e-17},"spectral_energy":{"dmean":0.0092003615573,"dmean2":0.0142045542598,"dvar":0.0000849085336085,"dvar2":0.000188191057532,"max":0.139937788248,"mean":0.0314694754779,"median":0.0277155451477,"min":1.13215111841e-20,"var":0.000339976220857},"spectral_energyband_high":{"dmean":0.00000815472412796,"dmean2":0.000011547752365,"dvar":1.69807312655e-9,"dvar2":3.19351967093e-9,"max":0.00176042492967,"mean":0.0000129651607494,"median":0.0000027493874768,"min":8.04318842918e-21,"var":3.0601456924e-9},"spectral_energyband_low":{"dmean":0.00580718833953,"dmean2":0.00970586948097,"dvar":0.0000312893280352,"dvar2":0.0000877139609656,"max":0.0527039840817,"mean":0.0121245412156,"median":0.0108551708981,"min":9.58296804957e-23,"var":0.0000571242489968},"spectral_energyband_middle_high":{"dmean":0.00260710157454,"dmean2":0.0038693563547,"dvar":0.0000263157471636,"dvar2":0.0000577230093768,"max":0.0965002030134,"mean":0.00567845674232,"median":0.00247246911749,"min":1.65938004654e-21,"var":0.0000803116854513},"spectral_energyband_middle_low":{"dmean":0.00513006793335,"dmean2":0.00746420118958,"dvar":0.0000445291116193,"dvar2":0.0000938994780881,"max":0.111520662904,"mean":0.0145750734955,"median":0.0107313795015,"min":4.75924656125e-22,"var":0.000178075322765},"spectral_entropy":{"dmean":0.155521050096,"dmean2":0.234380230308,"dvar":0.0248085297644,"dvar2":0.0551746860147,"max":9.80511856079,"mean":6.61818552017,"median":6.62622594833,"min":5.33951425552,"var":0.148828044534},"spectral_flux":{"dmean":0.0257705878466,"dmean2":0.0409156084061,"dvar":0.000610866700299,"dvar2":0.00144202553201,"max":0.321131646633,"mean":0.0867285877466,"median":0.0785541832447,"min":1.06402588129e-10,"var":0.00181933457498},"spectral_kurtosis":{"dmean":11.6105833054,"dmean2":20.1897563934,"dvar":101.860466003,"dvar2":300.827911377,"max":94.7984237671,"mean":26.5735816956,"median":24.1647796631,"min":-1.26342976093,"var":232.372116089},"spectral_rms":{"dmean":0.000819731503725,"dmean2":0.00125436054077,"dvar":5.43466683212e-7,"dvar2":0.00000118150148865,"max":0.0116843776777,"mean":0.00528639229015,"median":0.00519995717332,"min":3.32345847891e-12,"var":0.00000275605907518},"spectral_rolloff":{"dmean":165.187103271,"dmean2":273.976470947,"dvar":141658.734375,"dvar2":242427.953125,"max":18884.6191406,"mean":691.664001465,"median":624.462890625,"min":64.599609375,"var":317921.59375},"spectral_skewness":{"dmean":0.772729516029,"dmean2":1.32917785645,"dvar":0.42844954133,"dvar2":1.25330781937,"max":7.87855052948,"mean":3.34128856659,"median":3.27041006088,"min":-0.020695772022,"var":1.30028414726},"spectral_spread":{"dmean":239234.15625,"dmean2":393325.15625,"dvar":244907868160,"dvar2":314817249280,"max":41472456,"mean":1671188.875,"median":1549974.875,"min":767809.6875,"var":859580334080},"spectral_strongpeak":{"dmean":0.62348818779,"dmean2":1.0439786911,"dvar":0.878279745579,"dvar2":2.02647089958,"max":14.0304527283,"mean":1.11781525612,"median":0.406418025494,"min":0,"var":2.21743226051},"zerocrossingrate":{"dmean":0.00362555054016,"dmean2":0.0044996663928,"dvar":0.0000588102229813,"dvar2":0.0000950880203163,"max":0.49951171875,"mean":0.024685928598,"median":0.0234375,"min":0.0029296875,"var":0.000247570220381}},"metadata":{"audio_properties":{"analysis_sample_rate":44100,"bit_rate":192037,"codec":"mp3","downmix":"mix","equal_loudness":0,"length":136.751022339,"lossless":false,"md5_encoded":"72b837952bf69b7189cea2fe0a29462c","replay_gain":-5.67829322815,"sample_rate":44100},"tags":{"acoustid_fingerprint":["AQADtFKSJ9yUIC80SchZXMxRbxdc_Lii1Phx-OiJ3ERSWT8-Co2uo2QwfTiuucLRH9_QFz56EefRDz5z9Dh15MwXnFBzYbqhZSdO7NqDib7wBv5xbD_wozFybmguBVVPJFaD-Be-4NWCB88xZZQe9ImS4wqSGqnO42KOR3tQzmj-YNaOG5x6HU1ycwgtGc-hByF3o_lxHntODc1fTMx1_MepKCkSikFMG2eGZkwe9FEEJoyDSRrCVHqg6BmHHzxcPYSqNSNCJvbRPHiyKnB4rMePPg88pYk2bIyP6k8CXgjFw2J2tFEuqBSLFz_2o_GToOIFTfmJ9FHQdzv-orGiRENop_gfnMmxC1XICU0kN8efDe8P4ULDKxrKp4A88Qj5oWGUFezD4fSRXsED_cOzHM8PLU8QWtpwZj5u_PiDM9XgH4nnHDmFZkukY__hcyit5ALO4keo6BS0VMeZY1cm6E-QPTrOG82ysJj04j9CUd2RLI2EP-g9PCxK4vvRKBr6WcjrQ198pBfxCNeJMA6R3KGwHd_ywNFyhIUU0sOP1KETOGJ4hNMhTTzyRId__Hh44fgRXiKU_UOV3YWK3EfDTEkxcTnyZcb2Q89xPriSJPiIJpcU9Fmgd7zw4IFOXTjDJqGgxTOqH3FyGs1yoU_wHs0TTHJ2JM1TZC1-tPmOhvaRTxH2QN2OOFfgH3-OK3VQ6_APP8pRbx9SSoGuKwiVeQqaKxlO_PCDt3hGzMzxg3kGX0pjPNjSJEJMGQmjXPCe4MeZFU2j4w_yMFGKJHePJiOLUq7wCniw50juZ4iTLsVPtLbgyRRRJwGuXDgffMvxKAhFUwhzynhmPNFx5XieoN-FPBzO7HASPdBPeMyFnIGnJJGPWjvOVsNzBUe4-UgWcTvOjMKX5LhP-FFxJR7quEdzzEfIHFr-IHu0FKeU4EkVThj1B8_Rf3CjBT2eK8V1PEkeDdNPVGJGgc0eYkdijoiP62h6oj--4E9QTeVhpY_gUwh1qM9xhkPzFNMTJJUkPCN1PEuTYM9yhGlCaOJGxElQXoLPxDjRNFeRL0-R_MFzOLSEUzvmLCsuHlNOHKGViNDE8FCDZsyRv0IfTvB01AmDP8iTDzpCLWiUlcIoiaGwKxeOcsoDX4fdHEec6CK0ZJOO54h0ggmjjEM5F_seNFV2PMUvHDkPrTbSPRUmNxcuXeCoHd0RLT8SHlc6lDxaXbHgkUGtTA4R_0jsH9eHMj6abiHylEh-4U-CHw-XGQ5zPLuQZ9B_hF3QYK-SGqfg8_jyIM4OTcwohHmFnGHxJCExUtA-E5aPynyCOl-I5OIJkzrK40oDh8qJMyfuB3kOdTtCPmge5rhC4Ay-F5eO8Ct-Hdpw50H4_PCkHOkL7fzRz2iO50Wzl6iiUISqCbmu4ug5eHlRKvpxHx9eolkjHpWjB49uNOhztD7yjsKTxXjEwxe0L8clIkzCfEFF5cPRo-nx41mQlDrCJPHxoPlxKSf27EH9I3VCJPphLh-cRmoOZp0i4tmD_Gh6JHuOH_tI4spRK0dz4d-JZ9QzND6FNkJkhht0RLLRuMGVfXgmJlRw4fsR60gyWsQ1Yn_wB89xKYcdKU9