{"lowlevel":{"average_loudness":0.830725967884,"barkbands":{"dmean":[0.00155703653581,0.011684987694,0.0101658329368,0.00491062551737,0.00251135486178,0.00052062748,0.000254732382018,0.000164486336871,0.000132423025207,0.0000788789548096,0.0000728257655283,0.0000869899959071,0.0000664992621751,0.0000708178704372,0.0000672428213875,0.0000968384338194,0.000104687736894,0.000116356895887,0.00016541974037,0.000148376304423,0.000233824408497,0.000170820509084,0.000280189327896,0.000268534407951,0.000275321945082,0.000223457071115,0.0000280905114778],"dmean2":[0.00271297222935,0.0187227874994,0.018632395193,0.00892825238407,0.00437502935529,0.000867652066518,0.000423866789788,0.000257654697634,0.000213308929233,0.00012277213682,0.000107717300125,0.000130835120217,0.000103122583823,0.000108167456347,0.000110443754238,0.00016227652668,0.000181226656423,0.000206125172554,0.000304746325128,0.000270672870101,0.00039667476085,0.000287559116259,0.000458780297777,0.000426448590588,0.000446879654191,0.000363738799933,0.0000430914624303],"dvar":[0.00000481750203107,0.000979208853096,0.00088413694175,0.000203378353035,0.0000353275390808,0.00000103387321815,2.00902618985e-7,1.35307203664e-7,5.4355435708e-8,2.32153478663e-8,1.66250107014e-8,2.24175966679e-8,1.39025129187e-8,1.69580509635e-8,2.46655105229e-8,4.01145641149e-8,6.46639435331e-8,7.05598495188e-8,2.95697105912e-7,2.14425668332e-7,2.89238244022e-7,1.11391543101e-7,2.80375502371e-7,2.29998832424e-7,2.75452862297e-7,1.81901910423e-7,2.46559128669e-9],"dvar2":[0.000014736774574,0.0023455126211,0.00250376737677,0.000567532435525,0.0000986339364317,0.00000268914277513,5.39075756478e-7,3.19480761846e-7,1.26074056084e-7,5.32230473027e-8,3.47428716907e-8,5.10211215499e-8,3.13820081033e-8,3.69045451976e-8,5.50375318653e-8,1.04701051384e-7,1.60194446153e-7,1.93409746885e-7,8.63711591137e-7,6.23010294021e-7,7.96137555881e-7,2.96532959965e-7,7.18374337794e-7,5.52066182991e-7,7.0028772825e-7,4.57587930214e-7,5.8019757887e-9],"max":[0.0290751382709,0.345393866301,0.260436415672,0.150787383318,0.0843726396561,0.0210033804178,0.00604498432949,0.0117687638849,0.00275945547037,0.00488555803895,0.00290599511936,0.00203475425951,0.00221932725981,0.0015841962304,0.00461362814531,0.0020466898568,0.00439016055316,0.00231468188576,0.0043807704933,0.00377831375226,0.00438617868349,0.00219697039574,0.00373241305351,0.00321589852683,0.00306816585362,0.00224023265764,0.000342665909557],"mean":[0.00170515372884,0.0129395462573,0.00763701321557,0.00375865632668,0.00302501558326,0.00092536455486,0.000469558377517,0.000352150935214,0.000270101503702,0.000130407948745,0.00013289823255,0.000147262820974,0.000102522775705,0.000105368024379,0.0000892625248525,0.00010750839283,0.000113922847959,0.000132144297822,0.000152536100359,0.000140116215334,0.000257963954937,0.000207869234146,0.000288208684651,0.000286487338599,0.00025893712882,0.000207500590477,0.0000354162111762],"median":[0.000601209932938,0.00185806781519,0.00127549772151,0.000574789766688,0.00135247770231,0.000462114083348,0.000260725064436,0.000123282326967,0.0000740680043236,0.0000306997426378,0.0000333695570589,0.0000391659523302,0.0000233736845985,0.000024500550353,0.0000160733161465,0.0000153073233378,0.0000165417695825,0.0000190251630556,0.0000155393772729,0.0000159971714311,0.0000163881468325,0.000020759034669,0.0000292273707601,0.0000308209164359,0.0000232111433434,0.0000153722812684,0.00000350535583493],"min":[5.30614556737e-8,3.29707290803e-7,1.49608183619e-8,2.33065988731e-9,9.22478271548e-9,2.6447779522e-9,5.21499288197e-10,2.26228757949e-10,2.2443483183e-10,1.16743253953e-10,9.49650774684e-11,1.93365462531e-10,3.36774025333e-10,3.48186035559e-10,4.7894477273e-10,4.89756735167e-10,3.91426918656e-10,5.97562999083e-10,6.8521860408e-10,8.27760249233e-10,1.28912491792e-9,1.36660771588e-9,2.30517049893e-9,2.90967205885e-9,2.0086421415e-9,9.93065851773e-10,7.70499941627e-10],"var":[0.00000598044562139,0.00099383702036,0.000544835231267,0.000136973991175,0.0000283767421934,0.00000170787723164,3.77936657969e-7,5.49626975044e-7,1.69478070688e-7,6.77771367918e-8,4.67882905753e-8,5.07323427712e-8,2.76265286203e-8,3.32218483834e-8,3.9772569238e-8,4.54400108651e-8,6.94060062756e-8,7.37210896773e-8,1.76919712658e-7,1.31443385953e-7,2.73075841051e-7,1.29016086703e-7,2.83186125216e-7,2.62529681549e-7,2.65472607452e-7,1.80258950877e-7,3.69725028371e-9]},"barkbands_crest":{"dmean":3.44939422607,"dmean2":5.74709606171,"dvar":10.9712667465,"dvar2":25.9223270416,"max":26.8475494385,"mean":11.4297304153,"median":10.2126369476,"min":2.14070463181,"var":27.7665271759},"barkbands_flatness_db":{"dmean":0.0467342697084,"dmean2":0.0728107169271,"dvar":0.00306996516883,"dvar2":0.00727952923626,"max":0.603911340237,"mean":0.217844888568,"median":0.196072369814,"min":0.0167611930519,"var":0.0133976545185},"barkbands_kurtosis":{"dmean":35.1269340515,"dmean2":58.857624054,"dvar":54677.453125,"dvar2":173267.78125,"max":7044.82080078,"mean":37.3740615845,"median":7.42235183716,"min":-1.94653189182,"var":54503.6171875},"barkbands_skewness":{"dmean":1.45906543732,"dmean2":2.28387069702,"dvar":8.61626243591,"dvar2":22.5338993073,"max":73.5040664673,"mean":3.04717326164,"median":2.38561177254,"min":-2.72958993912,"var":17.4718494415},"barkbands_spread":{"dmean":11.8792085648,"dmean2":19.2719287872,"dvar":355.90246582,"dvar2":826.065368652,"max":133.063247681,"mean":21.4972248077,"median":9.48600196838,"min":0.037135578692,"var":694.238525391},"dissonance":{"dmean":0.0280169676989,"dmean2":0.0455557815731,"dvar":0.00114850455429,"dvar2":0.00280924583785,"max":0.500000119209,"mean":0.436490505934,"median":0.460339695215,"min":0.112283855677,"var":0.00452324468642},"dynamic_complexity":5.32158279419,"erbbands":{"dmean":[0.231975331903,3.19271683693,11.4043216705,15.1484251022,11.915304184,7.14398908615,6.12587785721,3.85339188576,3.12350106239,3.58176016808,3.86372542381,2.695738554,2.59829282761,2.67152404785,2.78910541534,3.28951954842,2.92573738098,3.4862601757,2.92573046684,4.22363138199,5.30669736862,6.80848646164,6.82897138596,8.45850849152,6.19718551636,7.31522607803,9.62756824493,8.93098258972,6.68444347382,6.15214252472,8.76882457733,5.82437896729,4.87641429901,3.09074020386,1.78442323208,1.12946808338,0.408419370651,0.050883565098,0.00474015576765,0.000217458757106],"dmean2":[0.357029497623,5.22693967819,20.7236194611,27.5515651703,21.724407196,12.2556037903,9.78360462189,6.71840238571,5.15375900269,5.8631362915,5.86477375031,4.48467111588,4.03491163254,4.15857362747,4.04813337326,4.89794683456,4.42562866211,5.31815338135,4.71147680283,7.03932619095,8.79784870148,11.7761306763,12.1888713837,15.383810997,11.0459747314,13.5710659027,16.0542125702,15.1375589371,11.6154432297,9.66110801697,14.6251525879,9.25831127167,7.89016914368,4.97717285156,2.93490982056,1.82929468155,0.66437792778,0.0809840783477,0.00735049229115,0.000340772385243],"dvar":[0.30881601572,80.9558410645,1135.93066406,1848.97363281,1039.48742676,257.196929932,185.734603882,60.1787185669,33.7138938904,41.3222541809,67.8808670044,21.2809848785,23.0372104645,19.126203537,23.4268512726,32.7082023621,27.3379325867,42.6937866211,28.5080509186,156.399795532,109.068031311,278.363769531,265.920898438,730.516174316,261.635864258,615.569885254,714.358825684,343.239135742,186.597106934,119.276901245,286.574493408,107.649925232,82.2854156494,32.3470840454,12.0996294022,4.75703239441,0.595167815685,0.00895871780813,0.0000695647104294,1.29602199195e-7],"dvar2":[0.632951796055,207.318328857,3196.25878906,5188.24414062,2961.08911133,716.768127441,468.177215576,164.431167603,88.6335754395,104.884620667,149.886062622,58.4563484192,53.1800384521,46.2374343872,50.1085853577,75.3484649658,61.1936836243,94.4103164673,69.3604278564,359.758392334,278.237213135,686.682983398,746.952270508,2126.58618164,748.596374512,1797.28466797,2008.52404785,918.823242188,509.400054932,284.230194092,748.377990723,260.454315186,201.291946411,80.6653594971,31.3407993317,11.8541698456,1.49310278893,0.0226951576769,0.000164597193361,3.12633176236e-7],"max":[7.71802330017,97.6236343384,295.071594238,374.843017578,420.76953125,228.851272583,347.074981689,143.138595581,85.307472229,106.365539551,273.377105713,62.1318969727,107.939437866,85.5668487549,82.6231155396,85.0002288818,94.5666427612,80.8421173096,66.8414382935,360.268463135,94.268409729,292.441589355,131.951980591,251.823120117,137.744491577,199.337234497,225.678848267,146.25062561,109.307701111,80.4118423462,104.536827087,71.3612442017,66.9348068237,35.8017997742,21.5287075043,11.9793510437,4.36665964127,0.609184801579,0.0550751686096,0.00236988812685],"mean":[0.307357728481,3.14933347702,9.03508281708,11.586356163,10.4031105042,9.03523921967,11.0968618393,6.02397108078,6.0417509079,6.90430927277,8.81071662903,5.12789297104,4.71052312851,4.51688146591,5.35404443741,5.64109182358,4.80989313126,5.4724407196,4.24619960785,5.28587198257,6.19016742706,7.51438760757,7.22376394272,8.21175479889,6.53490781784,6.56711816788,10.1711530685,9.27896785736,7.6124382019,7.42571258545,8.59659957886,6.30169725418,4.89927816391,3.06358623505,1.66429722309,1.0306122303,0.379229635,0.05543166399,0.00593651691452,0.000284829031443],"median":[0.0404887609184,0.417518943548,1.44143676758,2.21200084686,3.23392415047,3.82307338715,4.48809337616,2.88674807549,3.31969499588,3.0842924118,3.10554599762,1.64035665989,1.14246332645,1.48462450504,1.79555761814,1.68227601051,1.15496575832,1.40717041492,1.11076319218,0.912137985229,1.02885222435,1.07791852951,0.995711684227,0.97730666399,0.794964551926,0.722358822823,0.622548341751,0.711736917496,0.739577412605,0.826343655586,0.792433679104,0.719340622425,0.433702170849,0.247824162245,0.144253224134,0.073896445334,0.0246373247355,0.00410227337852,0.000634811294731,0.0000593497316004],"min":[0.0000149758725456,0.0000600447674515,0.0000543940368516,0.0000409496133216,0.0000376225798391,0.0000370121997548,0.0000231015019381,0.0000215819891309,0.00000644133251626,0.00000703080240783,0.00000753812491894,0.00000838089181343,0.00000730585043129,0.0000150548585225,0.0000123111040011,0.000012417032849,0.000020785810193,0.0000183668562386,0.0000204534080694,0.0000317312951665,0.0000261526856775,0.0000290889893222,0.0000378664517484,0.0000365376654372,0.0000398074080294,0.0000447580787295,0.0000487603610964,0.000051873143093,0.000046740151447,0.0000645096588414,0.0000577151513426,0.0000497774126416,0.0000534829123353,0.0000249134081969,0.0000126254299175,0.00000499390171171,0.00000176155094778,5.67293454878e-7,1.49449263631e-7,2.30772272403e-8],"var":[0.423820674419,70.7598953247,728.116210938,1203.94885254,676.863098145,235.276031494,318.640960693,76.1261978149,69.7983627319,105.870353699,292.588043213,54.2998466492,64.7246398926,46.1285095215,63.145652771,70.0514221191,58.0697402954,86.8457870483,45.0914459229,238.369766235,137.834472656,307.885528564,233.112106323,461.194610596,196.054641724,354.418212891,587.808959961,313.634490967,182.929168701,164.992599487,264.118621826,125.143058777,86.2877578735,33.5986862183,11.347196579,4.61241531372,0.602970659733,0.0103289438412,0.000102411810076,1.90083284224e-7]},"erbbands_crest":{"dmean":2.68449616432,"dmean2":4.34050798416,"dvar":7.79171609879,"dvar2":20.2329883575,"max":28.0072422028,"mean":8.91260433197,"median":7.32566022873,"min":2.30420088768,"var":25.7580871582},"erbbands_flatness_db":{"dmean":0.0280404631048,"dmean2":0.0398462340236,"dvar":0.00130238779821,"dvar2":0.00257938005961,"max":0.431563556194,"mean":0.160866513848,"median":0.130592405796,"min":0.0397999174893,"var":0.00751187186688},"erbbands_kurtosis":{"dmean":4.11791181564,"dmean2":7.05770254135,"dvar":125.055633545,"dvar2":335.846496582,"max":211.617156982,"mean":5.06378221512,"median":0.0994734764099,"min":-1.87662994862,"var":213.737335205},"erbbands_skewness":{"dmean":0.692291975021,"dmean2":1.14301836491,"dvar":1.19310557842,"dvar2":3.19003510475,"max":11.3570814133,"mean":0.827785432339,"median":0.516192555428,"min":-4.01427841187,"var":2.70110011101},"erbbands_spread":{"dmean":15.2396717072,"dmean2":22.6082744598,"dvar":469.568817139,"dvar2":912.096679688,"max":157.559860229,"mean":50.680065155,"median":47.4607887268,"min":0.93820899725,"var":1229.1036377},"gfcc":{"cov":[[25635.78125,-6585.91650391,-3994.18603516,101.00390625,-296.48046875,766.511474609,61.9424476624,965.639587402,-67.0349731445,640.160095215,-512.890136719,191.458618164,-723.924682617],[-6585.91650391,5948.53125,1561.34802246,-853.651489258,119.511131287,-392.059204102,-72.0676803589,-736.285522461,-151.592681885,-570.395202637,171.642059326,-132.376907349,415.639190674],[-3994.18603516,1561.34802246,2229.39282227,534.314758301,-212.411102295,-221.112731934,-88.8376083374,-347.759124756,-130.147994995,-213.880371094,-70.0866928101,-6.83922529221,100.500083923],[101.00390625,-853.651489258,534.314758301,1101.31152344,221.967834473,-39.8485527039,-122.936737061,-37.3322029114,-113.218475342,-35.9653244019,-65.6650619507,-27.6203784943,-62.6162910461],[-296.48046875,119.511131287,-212.411102295,221.967834473,530.294311523,188.416595459,-8.37924575806,30.7130203247,-5.97390317917,-24.738445282,64.7574081421,-39.5637435913,9.65424633026],[766.511474609,-392.059204102,-221.112731934,-39.8485527039,188.416595459,356.327026367,143.149124146,64.8653945923,39.0888366699,91.4242019653,8.86848068237,44.1764144897,-40.0329666138],[61.9424476624,-72.0676803589,-88.8376083374,-122.936737061,-8.37924575806,143.149124146,254.774719238,106.608139038,78.4872360229,55.7743415833,31.9460639954,11.7095022202,-15.4897174835],[965.639587402,-736.285522461,-347.759124756,-37.3322029114,30.7130203247,64.8653945923,106.608139038,327.674377441,105.693145752,81.6583786011,18.046705246,10.8186788559,-53.7760124207],[-67.0349731445,-151.592681885,-130.147994995,-113.218475342,-5.97390317917,39.0888366699,78.4872360229,105.693145752,161.629776001,77.8178634644,-3.4927251339,17.9081764221,-3.99630498886],[640.160095215,-570.395202637,-213.880371094,-35.9653244019,-24.738445282,91.4242019653,55.7743415833,81.6583786011,77.8178634644,167.039459229,14.4493331909,18.3023738861,-42.8848838806],[-512.890136719,171.642059326,-70.0866928101,-65.6650619507,64.7574081421,8.86848068237,31.9460639954,18.046705246,-3.4927251339,14.4493331909,138.719726562,0.716919660568,20.2661895752],[191.458618164,-132.376907349,-6.83922529221,-27.6203784943,-39.5637435913,44.1764144897,11.7095022202,10.8186788559,17.9081764221,18.3023738861,0.716919660568,95.3144302368,-3.46175527573],[-723.924682617,415.639190674,100.500083923,-62.6162910461,9.65424633026,-40.0329666138,-15.4897174835,-53.7760124207,-3.99630498886,-42.8848838806,20.2661895752,-3.46175527573,92.4861679077]],"icov":[[0.000107752377517,-0.000111893023131,0.000278469902696,-0.000242942376644,0.000389629218262,-0.000376737647457,0.00020776312158,-0.000358068704372,0.000372771959519,-0.00023731237161,0.000391403358663,-0.0000866280170158,0.000319106882671],[-0.000111893023131,0.00134730769787,-0.00117451208644,0.00196295115165,-0.0022700605914,0.00197337334976,-0.00133753637783,0.00219046254642,-0.000753808533773,0.00201672827825,-0.000861529784743,0.000360945501598,-0.00107982160989],[0.000278469902696,-0.00117451208644,0.00218982691877,-0.00250493339263,0.00313298148103,-0.00243742531165,0.00118864921387,-0.0015468574129,0.000627141736913,-0.000828088494018,0.00102385214996,-0.000240364170168,0.000709870830178],[-0.000242942376644,0.00196295115165,-0.00250493339263,0.00480347592384,-0.0053139468655,0.00445828679949,-0.00223409174941,0.00284751644358,0.00040694171912,0.00134233990684,-0.000057896868384,-0.000240480832872,-0.00033943564631],[0.000389629218262,-0.0022700605914,0.00313298148103,-0.0053139468655,0.0100511750206,-0.008983399719,0.00518803950399,-0.0041034030728,-0.00122053676751,0.000843574409373,-0.00168595951982,0.00301602156833,0.000615436641965],[-0.000376737647457,0.00197337334976,-0.00243742531165,0.00445828679949,-0.008983399719,0.0125881684944,-0.00728840287775,0.00415632035583,0.00202060095035,-0.00247392756864,0.00193433370441,-0.00445220433176,-0.000218050496187],[0.00020776312158,-0.00133753637783,0.00118864921387,-0.00223409174941,0.00518803950399,-0.00728840287775,0.00957917701453,-0.003889370244,-0.00243399129249,0.000467116362415,-0.00197463063523,0.00238198041916,0.00111279089469],[-0.000358068704372,0.00219046254642,-0.0015468574129,0.00284751644358,-0.0041034030728,0.00415632035583,-0.003889370244,0.00920482631773,-0.0045080371201,0.0036766724661,-0.00261709326878,0.000439325463958,-0.00000995109985524],[0.000372771959519,-0.000753808533773,0.000627141736913,0.00040694171912,-0.00122053676751,0.00202060095035,-0.00243399129249,-0.0045080371201,0.0146166915074,-0.00853596068919,0.00580798694864,-0.00344715313986,-0.000855451100506],[-0.00023731237161,0.00201672827825,-0.000828088494018,0.00134233990684,0.000843574409373,-0.00247392756864,0.000467116362415,0.0036766724661,-0.00853596068919,0.0169315263629,-0.00609993236139,0.0030595974531,0.000878243765328],[0.000391403358663,-0.000861529784743,0.00102385214996,-0.000057896868384,-0.00168595951982,0.00193433370441,-0.00197463063523,-0.00261709326878,0.00580798694864,-0.00609993236139,0.0125397061929,-0.00301492982544,-0.000493623840157],[-0.0000866280170158,0.000360945501598,-0.000240364170168,-0.000240480832872,0.00301602156833,-0.00445220433176,0.00238198041916,0.000439325463958,-0.00344715313986,0.0030595974531,-0.00301492982544,0.0140873631462,-0.00133171165362],[0.000319106882671,-0.00107982160989,0.000709870830178,-0.00033943564631,0.000615436641965,-0.000218050496187,0.00111279089469,-0.00000995109985524,-0.000855451100506,0.000878243765328,-0.000493623840157,-0.00133171165362,0.017612349242]],"mean":[-89.5139465332,79.5396728516,-46.5850410461,32.5232124329,-51.5337867737,14.9439125061,-34.4610099792,4.97783279419,-18.6475543976,2.34416913986,-13.048333168,1.89471423626,-12.2229728699]},"hfc":{"dmean":16.7661838531,"dmean2":27.2070617676,"dvar":853.459960938,"dvar2":2215.83520508,"max":158.753051758,"mean":19.8959083557,"median":6.42379617691,"min":0.000494339794386,"var":889.584106445},"melbands":{"dmean":[0.00256700185128,0.00540349818766,0.00255118822679,0.000652937218547,0.000224679562962,0.000085780651716,0.0000492801846121,0.0000381182871934,0.0000304880013573,0.0000168383103301,0.0000130425933094,0.0000109438951768,0.0000095352606877,0.00000931257090997,0.0000092888585641,0.00000667367339702,0.00000648604509479,0.00000476899731439,0.00000600674729867,0.00000548333446204,0.00000674865214023,0.00000739686220186,0.00000629772830507,0.00000541945337318,0.00000742289739719,0.00000603426678936,0.00000355159158971,0.00000524208644492,0.00000698419262335,0.00000474016997032,0.00000509843812324,0.00000361477646038,0.00000369689405488,0.00000346699789588,0.00000535520075573,0.00000411134215028,0.00000353631253347,0.00000351752214556,0.00000311258668262,0.00000250785319622],"dmean2":[0.00398871023208,0.00955007318407,0.00465817656368,0.00115323811769,0.000365955958841,0.000147781218402,0.0000822646688903,0.000061078921135,0.0000456388697785,0.0000283023528027,0.0000201515831577,0.000016903544747,0.0000140578658829,0.0000139756966746,0.0000139023923111,0.000010306735021,0.00000995350183075,0.00000769633879827,0.00000991974138742,0.00000926560187509,0.000011137648471,0.0000127634057208,0.0000114322710942,0.00000942396218306,0.0000135278796733,0.0000110388218673,0.00000603873741056,0.00000989206000668,0.0000116656046885,0.00000805055242381,0.00000871388056112,0.0000064380119511,0.00000614447571934,0.00000543722399016,0.00000904124772205,0.00000661369904265,0.00000567091092307,0.00000570762085772,0.00000501328759128,0.00000405230457545],"dvar":[0.0000398401898565,0.000247921183472,0.0000509024794155,0.00000248552873927,2.65360910134e-7,2.88020505224e-8,7.80064368655e-9,4.72534944507e-9,3.53236173645e-9,8.7266927018e-10,5.98582183819e-10,3.41981692964e-10,2.99692215489e-10,2.85140910883e-10,2.75334116617e-10,1.6140579151e-10,1.50542620037e-10,8.25199977794e-11,1.79682047019e-10,2.35334141063e-10,1.82128714887e-10,3.62726432224e-10,2.3850990627e-10,1.58573321141e-10,5.97008054104e-10,3.21875082143e-10,6.13178466335e-11,3.58191087901e-10,4.06407435483e-10,9.94111251651e-11,1.15281090229e-10,6.02063329747e-11,4.83275260088e-11,3.78883625862e-11,1.09668468751e-10,6.01680441581e-11,4.06912906148e-11,4.286383401e-11,3.305173496e-11,2.1203825154e-11],"dvar2":[0.000082103011664,0.000685678853188,0.000143211451359,0.00000696787401466,6.91391335295e-7,7.78268756108e-8,2.09084269898e-8,1.15156408853e-8,7.48848627552e-9,2.37293984462e-9,1.36023248221e-9,8.14799727689e-10,6.30601848517e-10,6.75742184431e-10,6.23439799785e-10,3.6333139275e-10,3.40932115872e-10,2.01191688309e-10,4.21040868837e-10,5.88555704173e-10,4.50321169243e-10,8.26466728387e-10,6.88075763033e-10,4.18044598938e-10,1.74078740312e-9,9.3474972207e-10,1.58573987274e-10,1.04621256103e-9,1.12893683291e-9,2.62360050352e-10,3.1012423185e-10,1.6824057425e-10,1.22405238723e-10,8.87885182044e-11,2.87651596986e-10,1.53828519367e-10,9.88363973997e-11,1.05584124777e-10,8.07262590108e-11,5.36433501785e-11],"max":[0.0675125569105,0.137841299176,0.065576761961,0.0215553976595,0.012858254835,0.0033384191338,0.00110993674025,0.00148172001354,0.00180433655623,0.000405831087846,0.000613538257312,0.000440559117123,0.000309649301926,0.000262869638391,0.000231270532822,0.000291743665002,0.000146919948747,0.000132218483486,0.000324471155182,0.00032139569521,0.000128218962345,0.000413124507759,0.00013972108718,0.000175517910975,0.000231452373555,0.00014639730216,0.0000619364436716,0.00015325928689,0.000166658996022,0.0000928159206524,0.0000898454454727,0.000068824410846,0.0000598463593633,0.0000484172269353,0.0000651383597869,0.0000665451516397,0.0000477011417388,0.0000470966660941,0.000039953047235,0.0000295533845929],"mean":[0.00326143414713,0.00465009035543,0.00198070262559,0.000686579092871,0.000391769164708,0.000144209348946,0.0000918483128771,0.0000771420018282,0.0000699971060385,0.0000307752161461,0.0000236638825299,0.0000183542742889,0.0000177491674549,0.0000161379666679,0.0000141189429996,0.0000103399743239,0.00000978163188847,0.00000655542362438,0.00000760223292673,0.00000604247406955,0.00000745986153561,0.00000809785342426,0.00000590315721638,0.00000649093590255,0.00000681359688315,0.00000552805840925,0.00000424461404691,0.00000410993834521,0.00000694036543791,0.00000501952581544,0.00000521128959008,0.00000396017048843,0.00000451464302387,0.00000402558134738,0.00000500350324728,0.00000443537237516,0.00000371054647985,0.00000345387047673,0.00000315239776683,0.0000024209498406],"median":[0.000499167945236,0.000732913613319,0.000479096197523,0.000272147270152,0.000151338157593,0.0000751791812945,0.0000540236542292,0.0000316007899528,0.0000232257843891,0.00000889942111826,0.00000524541428604,0.00000567568258703,0.00000509268920723,0.00000449849403594,0.00000299426096717,0.00000218244895223,0.00000232123556998,0.0000016373779772,0.00000116896399049,9.039013662e-7,0.00000109522306957,0.00000101407749753,8.18617024834e-7,7.92209164047e-7,7.27092242414e-7,5.15177248417e-7,5.53936160941e-7,4.00917485877e-7,3.4942519278e-7,3.43859397844e-7,4.03047977215e-7,3.8099560129e-7,4.19006369157e-7,4.63718436094e-7,4.47966556294e-7,3.88344744806e-7,4.20092050035e-7,3.08945317329e-7,2.21364658159e-7,1.96114811502e-7],"min":[2.02774288027e-7,2.14907096563e-8,7.0902568261e-9,2.22351448365e-9,9.45734712765e-10,3.25899696119e-10,7.25360604914e-11,4.70082167636e-11,5.26638871401e-11,3.15657118499e-11,3.15147664909e-11,4.81774412031e-11,3.28292011631e-11,2.88882529009e-11,4.33042907089e-11,4.09436547166e-11,2.62668550105e-11,2.39723900453e-11,3.25156915282e-11,3.42415470977e-11,2.7216343762e-11,2.19716328465e-11,3.11861057811e-11,2.31382794869e-11,2.38767009636e-11,2.59968539751e-11,2.35924613179e-11,2.62449697391e-11,2.00096571257e-11,2.82284213365e-11,2.59281606602e-11,2.57488856625e-11,2.39346598097e-11,3.72931477366e-11,3.07355321749e-11,3.17854527421e-11,2.50386100742e-11,3.68799123185e-11,1.9369788759e-11,2.15252832919e-11],"var":[0.0000510741883772,0.000173774154973,0.0000328288406308,0.00000184467933195,4.03613370281e-7,4.13987386594e-8,1.44871377117e-8,1.53879522458e-8,1.53769637024e-8,2.12023398838e-9,1.73365655165e-9,8.53162096526e-10,8.27010626647e-10,6.5008870509e-10,4.90251284013e-10,3.19316517672e-10,2.84091944414e-10,1.21119003715e-10,2.81467626984e-10,3.0238866966e-10,2.29908550531e-10,4.46445685975e-10,1.65562091814e-10,1.98168745302e-10,3.63929414382e-10,2.02522609793e-10,7.08714614772e-11,1.9763521375e-10,3.33192584634e-10,9.40192437793e-11,1.01315691947e-10,5.27372694126e-11,6.53003970341e-11,5.02190164453e-11,9.5090088581e-11,6.70882238651e-11,4.50284462494e-11,4.34991903608e-11,3.60991028736e-11,2.13459909471e-11]},"melbands_crest":{"dmean":3.64091324806,"dmean2":6.06083059311,"dvar":13.4529485703,"dvar2":30.7648792267,"max":39.9326667786,"mean":16.8983802795,"median":16.1037540436,"min":3.62941431999,"var":45.2301940918},"melbands_flatness_db":{"dmean":0.0551773756742,"dmean2":0.0832133889198,"dvar":0.00454192794859,"dvar2":0.0100257266313,"max":0.726607501507,"mean":0.313813596964,"median":0.298313945532,"min":0.0244208276272,"var":0.0211626086384},"melbands_kurtosis":{"dmean":52.9195823669,"dmean2":87.3346328735,"dvar":84393.4765625,"dvar2":241413.1875,"max":14726.359375,"mean":72.0062484741,"median":24.5860099792,"min":-1.86236667633,"var":103920.414062},"melbands_skewness":{"dmean":1.79643058777,"dmean2":2.7880756855,"dvar":9.45656394958,"dvar2":22.2973213196,"max":109.333587646,"mean":4.65841960907,"median":3.79957842827,"min":-0.864688873291,"var":23.0310230255},"melbands_spread":{"dmean":9.80755996704,"dmean2":15.7841510773,"dvar":549.589416504,"dvar2":1041.21044922,"max":281.483917236,"mean":19.161365509,"median":6.71957683563,"min":0.0462324023247,"var":1210.42175293},"mfcc":{"cov":[[22895.0078125,-4828.27001953,-3237.93139648,-1179.08032227,-511.082458496,-75.0453186035,16.7100467682,282.894500732,274.677368164,395.226898193,339.051727295,552.035400391,61.7536392212],[-4828.27001953,5144.08154297,1025.82470703,-304.991333008,-129.928970337,-44.3266792297,-145.085571289,-154.804046631,-249.741638184,-338.587219238,-379.284118652,-342.542480469,-141.805709839],[-3237.93139648,1025.82470703,1794.40820312,654.784118652,-25.3254432678,51.0309333801,-148.881698608,-99.7211303711,-146.453674316,-163.990875244,-181.922210693,-265.332824707,-98.6072158813],[-1179.08032227,-304.991333008,654.784118652,883.588012695,319.294403076,35.8895149231,-10.1391420364,-56.8912887573,-82.0395812988,-57.5015296936,-107.513290405,-137.164459229,-47.5002059937],[-511.082458496,-129.928970337,-25.3254432678,319.294403076,532.217956543,121.37260437,106.828308105,-12.6516237259,-7.03863811493,-35.8158683777,-54.570022583,-22.4731082916,-25.0372543335],[-75.0453186035,-44.3266792297,51.0309333801,35.8895149231,121.37260437,369.954620361,74.96849823,15.8275489807,5.38475894928,-23.3167686462,2.32132983208,-1.75240290165,10.8320522308],[16.7100467682,-145.085571289,-148.881698608,-10.1391420364,106.828308105,74.96849823,263.300323486,67.4592590332,15.593249321,51.520740509,25.0003967285,71.6354598999,9.98484134674],[282.894500732,-154.804046631,-99.7211303711,-56.8912887573,-12.6516237259,15.8275489807,67.4592590332,204.175598145,82.381362915,36.417766571,72.4947509766,42.4212379456,31.771774292],[274.677368164,-249.741638184,-146.453674316,-82.0395812988,-7.03863811493,5.38475894928,15.593249321,82.381362915,184.392059326,79.199546814,71.3250579834,59.8146781921,6.6426897049],[395.226898193,-338.587219238,-163.990875244,-57.5015296936,-35.8158683777,-23.3167686462,51.520740509,36.417766571,79.199546814,159.953598022,91.5317153931,71.7328948975,32.3509788513],[339.051727295,-379.284118652,-181.922210693,-107.513290405,-54.570022583,2.32132983208,25.0003967285,72.4947509766,71.3250579834,91.5317153931,179.102218628,89.9117965698,51.5099067688],[552.035400391,-342.542480469,-265.332824707,-137.164459229,-22.4731082916,-1.75240290165,71.6354598999,42.4212379456,59.8146781921,71.7328948975,89.9117965698,153.209518433,47.1524085999],[61.7536392212,-141.805709839,-98.6072158813,-47.5002059937,-25.0372543335,10.8320522308,9.98484134674,31.771774292,6.6426897049,32.3509788513,51.5099067688,47.1524085999,107.184150696]],"icov":[[0.0000771345949033,0.0000652325616102,0.000113608657557,0.0000309432653012,0.000080737794633,-0.0000539408974873,0.000119569900562,-0.000128480547573,0.000117996445624,-0.0000794713414507,0.000168240323546,-0.0000805218296591,0.000182594914804],[0.0000652325616102,0.000402158329962,-0.000175439301529,0.000539358064998,-0.000104533370177,0.0000735176508897,-0.00000339220446222,-0.00012099018204,0.000214314102777,0.000123091376736,0.000517617620062,0.000385534192901,0.000107640495116],[0.000113608657557,-0.000175439301529,0.0014604307944,-0.00121659343131,0.000964809732977,-0.000455143483123,0.000285824236926,-0.000151934291353,0.0000834847742226,0.00016066680837,0.0000124845455503,0.000394661852624,0.000563343928661],[0.0000309432653012,0.000539358064998,-0.00121659343131,0.00320272054523,-0.00186533492524,0.000485449912958,0.0000805693416623,-0.000185209588381,0.000738105038181,-0.000670527806506,0.000733025604859,0.00125404552091,-0.000188864156371],[0.000080737794633,-0.000104533370177,0.000964809732977,-0.00186533492524,0.00362870912068,-0.000875991012435,-0.00108453596476,0.000387150066672,-0.000783686235081,0.00100098340772,0.000315815705108,-0.0000817082691356,0.000429190229625],[-0.0000539408974873,0.0000735176508897,-0.000455143483123,0.000485449912958,-0.000875991012435,0.00333775719628,-0.0011717408197,0.000381848833058,-0.000597983365878,0.00109685491771,-0.000639435253106,0.000739283277653,-0.000933147093747],[0.000119569900562,-0.00000339220446222,0.000285824236926,0.0000805693416623,-0.00108453596476,-0.0011717408197,0.00657259114087,-0.00276655796915,0.0023622806184,-0.00283607793972,0.00177395343781,-0.00350921973586,0.00169901235495],[-0.000128480547573,-0.00012099018204,-0.000151934291353,-0.000185209588381,0.000387150066672,0.000381848833058,-0.00276655796915,0.00789428781718,-0.00381021038629,0.00226730015129,-0.00284347939305,0.00169341731817,-0.00216503906995],[0.000117996445624,0.000214314102777,0.0000834847742226,0.000738105038181,-0.000783686235081,-0.000597983365878,0.0023622806184,-0.00381021038629,0.00973548740149,-0.00423398287967,0.000293872348266,-0.00219730520621,0.0029061883688],[-0.0000794713414507,0.000123091376736,0.00016066680837,-0.000670527806506,0.00100098340772,0.00109685491771,-0.00283607793972,0.00226730015129,-0.00423398287967,0.0122234653682,-0.00412225490436,-0.0000454627370345,-0.0016515282914],[0.000168240323546,0.000517617620062,0.0000124845455503,0.000733025604859,0.000315815705108,-0.000639435253106,0.00177395343781,-0.00284347939305,0.000293872348266,-0.00412225490436,0.0119703281671,-0.00361565826461,-0.00119580817409],[-0.0000805218296591,0.000385534192901,0.000394661852624,0.00125404552091,-0.0000817082691356,0.000739283277653,-0.00350921973586,0.00169341731817,-0.00219730520621,-0.0000454627370345,-0.00361565826461,0.0146916210651,-0.0033692154102],[0.000182594914804,0.000107640495116,0.000563343928661,-0.000188864156371,0.000429190229625,-0.000933147093747,0.00169901235495,-0.00216503906995,0.0029061883688,-0.0016515282914,-0.00119580817409,-0.0033692154102,0.0128547875211]],"mean":[-749.982788086,116.399040222,54.3606109619,28.2555847168,14.2729644775,11.0243349075,1.96234667301,5.37460660934,-0.606172442436,1.26221847534,2.25918388367,3.70210909843,0.150801926851]},"pitch_salience":{"dmean":0.0986850261688,"dmean2":0.161019876599,"dvar":0.0107105653733,"dvar2":0.0240904092789,"max":0.852864980698,"mean":0.543119430542,"median":0.577619075775,"min":0.0119675798342,"var":0.0254889242351},"silence_rate_20dB":{"dmean":0.00114863307681,"dmean2":0.00229753018357,"dvar":0.0011472303886,"dvar2":0.0034411624074,"max":1,"mean":0.999425768852,"median":1,"min":0,"var":0.000573954195715},"silence_rate_30dB":{"dmean":0.0985527187586,"dmean2":0.197128087282,"dvar":0.088836453855,"dvar2":0.178703770041,"max":1,"mean":0.901573419571,"median":1,"min":0,"var":0.0887419134378},"silence_rate_60dB":{"dmean":0.0337698124349,"dmean2":0.0675473883748,"dvar":0.0326286032796,"dvar2":0.0744806528091,"max":1,"mean":0.171356379986,"median":0,"min":0,"var":0.141990274191},"spectral_centroid":{"dmean":367.742492676,"dmean2":581.427062988,"dvar":343048.3125,"dvar2":752086.125,"max":5491.14941406,"mean":1057.56298828,"median":584.426086426,"min":101.487564087,"var":1091739.375},"spectral_complexity":{"dmean":3.6354238987,"dmean2":5.90166568756,"dvar":31.4903697968,"dvar2":76.34009552,"max":50,"mean":10.4425172806,"median":9,"min":0,"var":64.9459609985},"spectral_contrast_coeffs":{"dmean":[0.0606054775417,0.0497611686587,0.0443982519209,0.0347172319889,0.0303288474679,0.0221045948565],"dmean2":[0.0970236957073,0.0825113877654,0.0688156113029,0.0517808794975,0.0448572076857,0.0342967733741],"dvar":[0.00323520135134,0.00270954146981,0.00203776010312,0.00146128237247,0.00121847807895,0.000546873547137],"dvar2":[0.00740798609331,0.00704620173201,0.00429636845365,0.00249267159961,0.00219782139175,0.00119408452883],"max":[-0.281828343868,-0.386021316051,-0.484981477261,-0.481135427952,-0.540303587914,-0.587901771069],"mean":[-0.652261137962,-0.721460819244,-0.776476144791,-0.800109684467,-0.809767663479,-0.807146787643],"median":[-0.661086320877,-0.723739624023,-0.787249684334,-0.819045424461,-0.826533257961,-0.806525349617],"min":[-0.947243392467,-0.95906162262,-0.961305975914,-0.981737494469,-0.972382724285,-0.908849000931],"var":[0.0115686934441,0.0069909915328,0.00763722043484,0.00691087730229,0.00613118335605,0.00365637033246]},"spectral_contrast_valleys":{"dmean":[0.523056268692,0.525092661381,0.585603415966,0.557376682758,0.621668934822,0.641727924347],"dmean2":[0.822849452496,0.848348498344,0.910701096058,0.828667163849,0.887038111687,0.800523400307],"dvar":[0.341855943203,0.356518834829,0.417198598385,0.444838762283,0.620307803154,0.622714877129],"dvar2":[0.706203639507,0.884022533894,1.03284442425,0.928165078163,1.26967895031,1.16266083717],"max":[-4.97640180588,-5.20763969421,-6.01763153076,-6.45913171768,-5.30340337753,-7.47467565536],"mean":[-7.53623867035,-7.74316740036,-8.94249916077,-9.35477256775,-9.12716388702,-10.6660022736],"median":[-7.16622686386,-7.32557058334,-8.57655334473,-8.91692829132,-8.61643505096,-10.4381990433],"min":[-12.4722242355,-13.179265976,-14.3609542847,-14.5451097488,-14.6718482971,-15.7421417236],"var":[1.87590873241,2.23803663254,2.81127977371,3.13227438927,3.5584397316,3.86527037621]},"spectral_decrease":{"dmean":6.92692525561e-9,"dmean2":1.16323484178e-8,"dvar":2.6545162887e-16,"dvar2":6.91414730696e-16,"max":-1.21744400585e-12,"mean":-8.52473203139e-9,"median":-3.7580702994e-9,"min":-1.35278099833e-7,"var":2.42495580162e-16},"spectral_energy":{"dmean":0.0271461959928,"dmean2":0.0454683043063,"dvar":0.00392848718911,"dvar2":0.0102050853893,"max":0.516721367836,"mean":0.0339789651334,"median":0.016096079722,"min":0.00000471451176054,"var":0.0036071613431},"spectral_energyband_high":{"dmean":0.00152405817062,"dmean2":0.00251099467278,"dvar":0.00000842564259074,"dvar2":0.000022067768441,"max":0.0161697398871,"mean":0.00162185367662,"median":0.00017705897335,"min":1.52785943897e-8,"var":0.0000084388329924},"spectral_energyband_low":{"dmean":0.0224640630186,"dmean2":0.0376908890903,"dvar":0.00332358921878,"dvar2":0.00868338160217,"max":0.505811870098,"mean":0.0237012114376,"median":0.00516176363453,"min":0.00000329749627781,"var":0.00292440643534},"spectral_energyband_middle_high":{"dmean":0.000694535963703,"dmean2":0.00118619552813,"dvar":0.00000226638803724,"dvar2":0.00000601546162216,"max":0.0124340448529,"mean":0.00126174534671,"median":0.000634627067484,"min":1.11814353332e-8,"var":0.00000289633658213},"spectral_energyband_middle_low":{"dmean":0.00741812074557,"dmean2":0.0131603656337,"dvar":0.000367211265257,"dvar2":0.00101420492865,"max":0.246477469802,"mean":0.00883011333644,"median":0.00401809019968,"min":4.66328451409e-8,"var":0.000278241845081},"spectral_entropy":{"dmean":0.385697305202,"dmean2":0.557769715786,"dvar":0.27426430583,"dvar2":0.592754721642,"max":8.92520427704,"mean":7.08964395523,"median":7.3481669426,"min":3.82554841042,"var":1.2910400629},"spectral_flux":{"dmean":0.0525719001889,"dmean2":0.0850896686316,"dvar":0.00729448581114,"dvar2":0.0139882508665,"max":0.645333886147,"mean":0.099730938673,"median":0.0663198307157,"min":0.000621015555225,"var":0.0120240822434},"spectral_kurtosis":{"dmean":5.57540988922,"dmean2":8.7010345459,"dvar":134.812927246,"dvar2":307.767608643,"max":223.151855469,"mean":13.6769895554,"median":3.22399663925,"min":-0.401795148849,"var":592.872070312},"spectral_rms":{"dmean":0.00159756990615,"dmean2":0.00249640550464,"dvar":0.00000740611085348,"dvar2":0.0000171662668436,"max":0.0224525816739,"mean":0.00456560403109,"median":0.00396276311949,"min":0.0000678197902744,"var":0.0000123054660435},"spectral_rolloff":{"dmean":943.141235352,"dmean2":1650.38146973,"dvar":4508233.5,"dvar2":9892199,"max":12919.921875,"mean":1512.89807129,"median":301.46484375,"min":21.533203125,"var":7896212},"spectral_skewness":{"dmean":0.542675733566,"dmean2":0.803268969059,"dvar":0.697872102261,"dvar2":1.34169638157,"max":12.13626194,"mean":2.44827032089,"median":1.68290400505,"min":0.136429741979,"var":4.03838300705},"spectral_spread":{"dmean":1112517.75,"dmean2":1627711.625,"dvar":2336681623550,"dvar2":3674848362500,"max":13751546,"mean":5973844.5,"median":6569794,"min":523126.46875,"var":7900500066300},"spectral_strongpeak":{"dmean":0.227174863219,"dmean2":0.386426627636,"dvar":0.143725380301,"dvar2":0.399007380009,"max":5.53018665314,"mean":0.321436733007,"median":0.267710208893,"min":0,"var":0.134554341435},"zerocrossingrate":{"dmean":0.0205483622849,"dmean2":0.0252828728408,"dvar":0.000990551430732,"dvar2":0.00137411942706,"max":0.3837890625,"mean":0.053896561265,"median":0.0234375,"min":0,"var":0.00406228611246}},"metadata":{"audio_properties":{"analysis_sample_rate":44100,"bit_rate":0,"codec":"flac","downmix":"mix","equal_loudness":0,"length":202.141296387,"lossless":true,"md5_encoded":"eb5fa61c98dafcc83c72dfe4ebbd643d","replay_gain":-0.916368484497},"tags":{"album":["Discovery"],"albumartist":["Daft Punk"],"albumartistsort":["Daft Punk"],"artist":["Daft Punk"],"artistsort":["Daft Punk"],"asin":["B000059MEL"],"barcode":["724384960612"],"catalognumber":["VIR 8496061"],"composer":["Thomas Bangalter","Guy-Manuel de Homem-Christo"],"date":["2001-10-03"],"discnumber":["2"],"disctotal":["2"],"file_name":"2-05 Short Circuit.flac","isrc":["GBDUW0000067"],"label":["Virgin France"],"language":["eng"],"media":["Vinyl"],"musicbrainz_albumartistid":["056e4f3e-d505-4dad-8ec1-d04f521cbb56"],"musicbrainz_albumid":["ac7518c6-b630-4761-99c7-6a94cc35a594"],"musicbrainz_artistid":["056e4f3e-d505-4dad-8ec1-d04f521cbb56"],"musicbrainz_recordingid":["3f60ae01-43cc-4db9-86ec-97b79f83764f"],"producer":["Thomas Bangalter","Guy-Manuel de Homem-Christo"],"releasecountry":["FR"],"releasestatus":["official"],"releasetype":["album"],"script":["Latn"],"title":["Short Circuit"],"totaldiscs":["2"],"totaltracks":["7"],"tracknumber":["5"],"tracktotal":["7"]},"version":{"essentia":"2.1-beta1","essentia_build_sha":"eef087cf131c10083d474ad51def18efd0e38295","essentia_git_sha":"v2.1_beta1-7-ge0e83e8-dirty","extractor":"music 1.0"}},"rhythm":{"beats_count":371,"beats_loudness":{"dmean":0.0460148528218,"dmean2":0.0628946423531,"dvar":0.00100721174385,"dvar2":0.00307027460076,"max":0.233625918627,"mean":0.0596768558025,"median":0.0534774139524,"min":0.0000153122091433,"var":0.0020806803368},"beats_loudness_band_ratio":{"dmean":[0.224666535854,0.0897260010242,0.0517920106649,0.0216432213783,0.025101069361,0.0956996530294],"dmean2":[0.38131