{"lowlevel":{"average_loudness":0.794679582119,"barkbands":{"dmean":[0.000148059727508,0.00349096395075,0.00190583115909,0.00154827488586,0.00264421198517,0.00117374409456,0.000644734827802,0.000621630810201,0.000579753250349,0.000487264158437,0.000399426615331,0.000342839572113,0.000221605427214,0.000199376881937,0.000281043554423,0.000220933172386,0.000193787316675,0.000207417979254,0.000120218945085,0.0000970743276412,0.000138354836963,0.0000901313687791,0.0000911598690436,0.0000598500591877,0.0000366205022146,0.000017345575543,0.00000214245756069],"dmean2":[0.000195063490537,0.00577237131074,0.00331569067203,0.002594553167,0.00432114163414,0.00188034819439,0.00104012561496,0.00101026834454,0.000944012659602,0.000770945858676,0.000647062028293,0.000557897845283,0.000359970348654,0.000329335365677,0.000455006724223,0.000356565404218,0.000317937490763,0.000338602665579,0.00019495007291,0.000163393327966,0.000232467937167,0.000145151585457,0.000143981509609,0.0000934716226766,0.000055192693253,0.0000260641427303,0.00000322513665196],"dvar":[9.49990237586e-8,0.0000588825896557,0.0000137673341669,0.00000631901093584,0.0000249897620961,0.00000410771144743,0.00000147111200022,0.00000143460260915,0.00000193124742509,7.39837901165e-7,6.28529221558e-7,3.97386514805e-7,1.25760735159e-7,1.38983665465e-7,2.52674425383e-7,1.4826511574e-7,9.21795830777e-8,1.12132276797e-7,4.3027423402e-8,5.21022549549e-8,8.12811151718e-8,8.09179212524e-8,7.80648505838e-8,3.04902485482e-8,1.81020904932e-8,3.5473219917e-9,4.04690933542e-11],"dvar2":[1.79658130151e-7,0.000156095658895,0.0000388597218262,0.0000168874485098,0.0000645579420961,0.0000106385195977,0.00000391810590372,0.00000376475531993,0.00000492901244797,0.00000184672057912,0.00000154489509896,0.00000101116859241,3.27917661025e-7,3.88306204968e-7,6.27963004263e-7,3.6684136262e-7,2.37829837602e-7,2.81989372297e-7,1.1246542897e-7,1.36021654384e-7,2.17582041273e-7,1.87526623563e-7,1.74774910988e-7,7.09355063577e-8,3.97485031556e-8,8.21714696286e-9,9.06764663355e-11],"max":[0.0038355581928,0.0812027230859,0.0682237148285,0.0333455204964,0.0907015800476,0.0482083335519,0.0322075821459,0.0262996293604,0.0363871231675,0.0258767101914,0.0368691198528,0.0509824231267,0.00932848080993,0.0170917641371,0.0183339044452,0.0117121506482,0.00645871460438,0.0132254119962,0.00641865376383,0.0118554932997,0.0100200371817,0.0150687498972,0.00741014070809,0.00436662323773,0.00600498449057,0.00254891440272,0.00015613285359],"mean":[0.000207257791772,0.00504546472803,0.00315333507024,0.00335585745052,0.00463108951226,0.00232026306912,0.00137137260754,0.00114701979328,0.00110544066411,0.000994255067781,0.000703780853655,0.000686906336341,0.000435291789472,0.000390046770917,0.00056916649919,0.000459243048681,0.000419067393523,0.000480705493828,0.000280970998574,0.000166862970218,0.000273329205811,0.000198610476218,0.000195851665922,0.000128346844576,0.0000701562166796,0.0000309403258143,0.00000298957161249],"median":[0.0000112228344733,0.00159517745487,0.00124643929303,0.00126159796491,0.00302265863866,0.00144051155075,0.000856886676047,0.000640720478259,0.000487090030219,0.000590302573983,0.000377731164917,0.000430122250691,0.000267137016635,0.000243768387008,0.000375949399313,0.000285534682916,0.000283908331767,0.000324005872244,0.000165833625942,0.0000660920486553,0.0000749697865103,0.00003259244113,0.0000183802094398,0.0000166636818903,0.00000967913911154,0.00000291519700113,2.85983134063e-7],"min":[9.69938798419e-24,3.3225193119e-23,1.70578186104e-23,1.72660842002e-23,3.05062988122e-23,5.59154833258e-23,2.57534875889e-23,1.18509892216e-22,1.09935529534e-22,5.28553561904e-23,2.43883669478e-23,4.22634344119e-23,1.27173314138e-22,1.28449564865e-22,1.54353989944e-22,1.42968265836e-22,1.68447210897e-22,2.43659090245e-22,2.96240165809e-22,3.96482652167e-22,5.6138325803e-22,4.55920557207e-22,6.66829954443e-22,8.21317697331e-22,1.50358564707e-21,1.5428472417e-21,2.15828728792e-21],"var":[1.86238793276e-7,0.0000728504455765,0.0000229850575124,0.0000199471887754,0.0000345583830494,0.00000867604285304,0.00000328478404299,0.00000300096212413,0.00000482967652715,0.00000202514956982,0.00000144569605709,0.0000014109048152,3.21801735481e-7,3.06008644202e-7,5.77203650209e-7,3.90844718368e-7,2.50100583798e-7,3.5593009784e-7,1.35919520972e-7,9.23694472021e-8,2.44314833253e-7,2.5559714345e-7,2.31188252542e-7,8.77424426449e-8,4.14625453971e-8,7.30057791998e-9,6.71723648926e-11]},"barkbands_crest":{"dmean":2.36294198036,"dmean2":3.8822388649,"dvar":5.03796768188,"dvar2":13.4093637466,"max":23.5466136932,"mean":9.30176734924,"median":8.81384944916,"min":2.42706346512,"var":11.8887701035},"barkbands_flatness_db":{"dmean":0.0178582258523,"dmean2":0.0279763005674,"dvar":0.000277570565231,"dvar2":0.000668045133352,"max":0.330178111792,"mean":0.135142639279,"median":0.124776482582,"min":0.0239236690104,"var":0.00299529614858},"barkbands_kurtosis":{"dmean":1.83647286892,"dmean2":3.03947281837,"dvar":9.30289745331,"dvar2":27.4004173279,"max":99.8826370239,"mean":3.19680666924,"median":1.48750209808,"min":-1.91428303719,"var":41.2655296326},"barkbands_skewness":{"dmean":0.397132247686,"dmean2":0.640895962715,"dvar":0.150377571583,"dvar2":0.398761689663,"max":7.69550514221,"mean":1.53985846043,"median":1.43877637386,"min":-5.55206871033,"var":0.732167184353},"barkbands_spread":{"dmean":4.25389146805,"dmean2":6.82446527481,"dvar":27.3052787781,"dvar2":64.6738739014,"max":141.619781494,"mean":21.8985767365,"median":19.8527355194,"min":1.11990499496,"var":225.47454834},"dissonance":{"dmean":0.0149045959115,"dmean2":0.0253526829183,"dvar":0.000253214093391,"dvar2":0.000722583208699,"max":0.5,"mean":0.467864781618,"median":0.474102854729,"min":0.2559864223,"var":0.000596037541982},"dynamic_complexity":4.56169319153,"erbbands":{"dmean":[0.0849520415068,0.886692345142,2.17297315598,3.62929749489,6.54578828812,10.7999162674,10.1013050079,8.33505058289,9.01879692078,10.6036930084,14.5327348709,14.8831882477,11.6380500793,16.0833816528,15.3997058868,14.6445636749,10.8821992874,8.51652622223,14.496919632,12.8075151443,9.35238933563,9.9157409668,11.4693346024,8.15219974518,4.80601644516,4.45684289932,5.74375963211,4.91017436981,3.20871543884,2.90844202042,2.63380455971,1.48662877083,0.949299395084,0.475758492947,0.246085464954,0.103029310703,0.0271252952516,0.00397001393139,0.000377832853701,0.0000216786011151],"dmean2":[0.121113605797,1.52602934837,3.7951002121,6.1675362587,10.8363313675,17.6453762054,15.8995351791,13.7414979935,15.0192756653,16.8435764313,23.6249103546,24.3708400726,18.5648288727,25.7159748077,24.9783306122,23.6960048676,17.6524047852,14.0346460342,23.5839748383,20.7051811218,14.9711256027,16.2072906494,18.7207393646,13.1225166321,7.78851032257,7.49158620834,9.74821472168,8.21287822723,5.2207531929,4.61169052124,4.12624645233,2.33464884758,1.49090993404,0.739188790321,0.367711395025,0.154462769628,0.0409683585167,0.00598486047238,0.000568807765376,0.0000325389082718],"dvar":[0.0324198491871,4.10722303391,19.8812026978,35.5550384521,121.343002319,490.888092041,294.018951416,260.183105469,261.759979248,454.450897217,863.285949707,1472.91113281,484.574920654,945.465576172,1012.72314453,631.36730957,298.308654785,225.591110229,718.325622559,508.737823486,279.958648682,234.568527222,343.47644043,217.524459839,100.7473526,101.944740295,139.873764038,118.461288452,89.9050140381,100.160049438,65.3064651489,17.9509181976,8.73526096344,3.16907930374,0.778640806675,0.157728180289,0.00671671237797,0.000127791805426,0.00000131178876472,2.031772528e-9],"dvar2":[0.0620445795357,11.3605298996,56.185043335,98.2056427002,329.580841064,1259.63549805,721.848327637,696.319702148,710.426025391,1202.69226074,2307.68994141,3756.79370117,1221.67053223,2370.14282227,2557.68603516,1605.27368164,769.602050781,586.350341797,1818.86181641,1305.9675293,678.572509766,595.204223633,875.487243652,517.903564453,269.801177979,268.5262146,374.513641357,320.696624756,212.653244019,229.965744019,145.314697266,41.2771530151,20.7417068481,7.2279458046,1.64778351784,0.366542339325,0.0155440894887,0.000291722244583,0.00000295093286695,4.50413129016e-9],"max":[1.68859732151,22.1852989197,68.1337585449,82.7092285156,210.397720337,421.59564209,341.785308838,385.99206543,386.564453125,593.00592041,714.700866699,1109.2947998,890.825073242,983.269592285,1404.6887207,1598.44226074,482.370239258,652.343078613,958.814819336,694.994445801,479.764404297,372.427703857,659.715393066,794.797729492,461.661499023,413.633514404,352.972167969,315.779968262,358.833892822,443.85836792,193.410018921,102.637077332,94.9390182495,61.2184677124,50.2988090515,18.9602794647,2.91248106956,0.276395559311,0.0260355230421,0.000936928612646],"mean":[0.133363306522,1.16532158852,3.64897251129,7.90116882324,12.0980329514,17.4911270142,19.3669605255,16.2742004395,17.6078014374,23.3030719757,27.4507350922,28.3732357025,25.2189464569,32.9734535217,29.9899501801,29.9486579895,22.9467220306,18.5388126373,29.7974300385,28.3692512512,21.6661376953,23.7031478882,27.1730556488,19.9223518372,10.8862409592,7.89984321594,10.6137151718,9.8719587326,6.96899414062,6.15997028351,5.71432209015,3.36392259598,1.89381766319,0.892295897007,0.458086788654,0.1876411587,0.0463782064617,0.00608702236786,0.000547909352463,0.0000570010488445],"median":[0.019456859678,0.416204631329,1.77630198002,4.44629669189,8.32563114166,8.98566055298,11.2155294418,9.83762168884,10.6943101883,12.4744310379,14.6269760132,12.7402267456,15.7288150787,19.1798725128,17.9034862518,19.2044086456,15.1650886536,12.4614009857,19.8899917603,18.7720928192,13.900094986,17.0004806519,18.9570617676,12.4564628601,5.75935029984,3.28408479691,3.12552142143,2.50683736801,1.22854626179,0.791685700417,0.48554712534,0.352167665958,0.260379731655,0.133652716875,0.0554771274328,0.0179070606828,0.00433407211676,0.000611070950981,0.0000674106049701,0.0000386934807466],"min":[9.25765657973e-22,7.44776379098e-21,1.63442504143e-20,5.78809746241e-20,8.58755970615e-20,9.66228251807e-20,1.92050400226e-19,5.61905237673e-19,4.68923157486e-19,1.11324748232e-18,2.34475201374e-18,2.79084100551e-18,2.0276872743e-18,1.07193425682e-18,1.21925698507e-18,2.59636091733e-18,4.37688972652e-18,5.81145665516e-18,5.98276617361e-18,7.72598603525e-18,1.02771814436e-17,1.00948369222e-17,1.26876378609e-17,1.35757667954e-17,1.6651714831e-17,2.07619885296e-17,2.66000059543e-17,1.71353954593e-17,1.64963587314e-17,1.3746012146e-17,1.92152368848e-17,2.04828547776e-17,1.32959944599e-17,1.42542195066e-17,1.15342048071e-17,5.8658880346e-18,2.97980483298e-18,1.09048533302e-18,2.79600721372e-19,3.29088087526e-20],"var":[0.0649307221174,4.04870986938,28.0470409393,85.3934783936,179.494018555,676.530029297,658.127746582,499.925476074,543.513061523,1171.42663574,1857.96118164,3541.89453125,1238.33642578,2455.08691406,2493.05541992,2023.53625488,807.254333496,606.286254883,1598.2635498,1372.5579834,778.01940918,697.813720703,985.392944336,788.010437012,273.15737915,186.369033813,346.211547852,352.245727539,291.365570068,263.079315186,200.773071289,62.8945884705,20.3354797363,6.17086267471,1.99987399578,0.314509928226,0.0144275976345,0.000237778382143,0.00000214557667277,4.46948478228e-9]},"erbbands_crest":{"dmean":1.88429057598,"dmean2":3.05051922798,"dvar":3.14554286003,"dvar2":8.01330184937,"max":24.3240890503,"mean":7.29473972321,"median":6.45558786392,"min":2.32468223572,"var":10.5115251541},"erbbands_flatness_db":{"dmean":0.0153051745147,"dmean2":0.0222680792212,"dvar":0.000242126072408,"dvar2":0.000516767962836,"max":0.35402572155,"mean":0.163423076272,"median":0.15210442245,"min":0.0244048330933,"var":0.00360013544559},"erbbands_kurtosis":{"dmean":0.492720931768,"dmean2":0.799028038979,"dvar":0.381762593985,"dvar2":1.01336336136,"max":25.9041194916,"mean":-0.134153038263,"median":-0.506024599075,"min":-1.75977981091,"var":3.50839304924},"erbbands_skewness":{"dmean":0.242513880134,"dmean2":0.380616724491,"dvar":0.0443561002612,"dvar2":0.10798446089,"max":4.22027921677,"mean":0.196801945567,"median":0.139771491289,"min":-2.05402731895,"var":0.374806582928},"erbbands_spread":{"dmean":6.37524271011,"dmean2":10.0832338333,"dvar":50.3816146851,"dvar2":121.454566956,"max":133.795196533,"mean":38.6855964661,"median":36.0295715332,"min":5.15394353867,"var":289.206176758},"gfcc":{"cov":[[23176.6855469,-626.753112793,-462.117980957,2463.12524414,-943.223144531,1748.11621094,-124.914894104,467.881652832,-300.344360352,171.26473999,-73.3496856689,34.4064292908,-351.512756348],[-626.753112793,1644.67663574,-772.579650879,-298.428863525,280.41583252,-449.67590332,65.7356338501,-166.728286743,89.3471603394,-156.701446533,101.72983551,-159.50289917,95.775604248],[-462.117980957,-772.579650879,1166.54187012,216.411483765,-50.2178611755,406.578857422,5.51313638687,105.970344543,-38.3229789734,107.930038452,-3.80292916298,108.660842896,-85.9927062988],[2463.12524414,-298.428863525,216.411483765,717.138977051,-37.5913391113,376.044342041,126.34690094,101.301612854,-6.5388250351,44.2029190063,26.535943985,14.0420274734,-51.9827270508],[-943.223144531,280.41583252,-50.2178611755,-37.5913391113,303.043060303,-71.8759002686,112.879676819,5.2912774086,31.0473899841,-7.81012153625,27.8388767242,-5.27748823166,25.6666259766],[1748.11621094,-449.67590332,406.578857422,376.044342041,-71.8759002686,541.828186035,74.8079223633,147.848876953,2.84990644455,39.8141517639,10.7719593048,71.381690979,-63.7006874084],[-124.914894104,65.7356338501,5.51313638687,126.34690094,112.879676819,74.8079223633,207.603561401,47.8946342468,44.5371780396,16.3748645782,8.94200897217,8.41521453857,0.144076108932],[467.881652832,-166.728286743,105.970344543,101.301612854,5.2912774086,147.848876953,47.8946342468,122.120620728,23.067024231,33.5451278687,-0.438697963953,25.8282356262,-15.8617525101],[-300.344360352,89.3471603394,-38.3229789734,-6.5388250351,31.0473899841,2.84990644455,44.5371780396,23.067024231,82.9296112061,14.6687917709,22.6022052765,-1.67062962055,15.1767129898],[171.26473999,-156.701446533,107.930038452,44.2029190063,-7.81012153625,39.8141517639,16.3748645782,33.5451278687,14.6687917709,91.7059936523,12.348950386,32.1804122925,-2.11979055405],[-73.3496856689,101.72983551,-3.80292916298,26.535943985,27.8388767242,10.7719593048,8.94200897217,-0.438697963953,22.6022052765,12.348950386,71.3628463745,13.3302822113,16.8379802704],[34.4064292908,-159.50289917,108.660842896,14.0420274734,-5.27748823166,71.381690979,8.41521453857,25.8282356262,-1.67062962055,32.1804122925,13.3302822113,75.6183853149,10.6054487228],[-351.512756348,95.775604248,-85.9927062988,-51.9827270508,25.6666259766,-63.7006874084,0.144076108932,-15.8617525101,15.1767129898,-2.11979055405,16.8379802704,10.6054487228,66.229019165]],"icov":[[0.00022401593742,-0.00046457737335,0.000422142504249,-0.000675302697346,0.000465793098556,-0.000656223972328,0.000643295003101,-0.000455727160443,0.000912698102184,-0.00104652007576,0.000864370260388,-0.000596601341385,0.000589786504861],[-0.00046457737335,0.00285775773227,-0.000313190335874,0.0017732582055,-0.00190305244178,0.00148980109952,-0.00188332563266,0.00194231269415,-0.00267270603217,0.0037721649278,-0.00457174004987,0.00374392652884,-0.00167756632436],[0.000422142504249,-0.000313190335874,0.00241954391822,-0.00101437163539,0.000239037399297,-0.00224178284407,0.00143707473762,-0.000193486936041,0.00196093157865,-0.00280655547976,0.00106074567884,-0.00135269400198,0.00214828178287],[-0.000675302697346,0.0017732582055,-0.00101437163539,0.00484621617943,-0.00115602917504,0.0000566432208871,-0.0035492752213,0.00166953273583,-0.00130195566453,0.00229222443886,-0.00452437903732,0.00435961317271,-0.0019279246917],[0.000465793098556,-0.00190305244178,0.000239037399297,-0.00115602917504,0.00652271974832,-0.000231939775404,-0.00173833977897,-0.00245626084507,0.00283112982288,-0.00182076252531,0.000975826813374,-0.00207679625601,0.000669292290695],[-0.000656223972328,0.00148980109952,-0.00224178284407,0.0000566432208871,-0.000231939775404,0.00779677554965,-0.0024482854642,-0.00261336541735,-0.00338933384046,0.00597665039822,-0.0035289209336,-0.0016384718474,0.000592306139879],[0.000643295003101,-0.00188332563266,0.00143707473762,-0.0035492752213,-0.00173833977897,-0.0024482854642,0.0106654819101,-0.00216150539927,-0.000961880199611,-0.00387910590507,0.00555574288592,-0.00359617103823,0.00225557829253],[-0.000455727160443,0.00194231269415,-0.000193486936041,0.00166953273583,-0.00245626084507,-0.00261336541735,-0.00216150539927,0.0163305439055,-0.00570246344432,-0.000668869237415,-0.000349315116182,0.00154722912703,-0.000687900348566],[0.000912698102184,-0.00267270603217,0.00196093157865,-0.00130195566453,0.00283112982288,-0.00338933384046,-0.000961880199611,-0.00570246344432,0.0219180937856,-0.00768357748166,-0.000771537364926,0.00080971076386,-0.000689390522894],[-0.00104652007576,0.0037721649278,-0.00280655547976,0.00229222443886,-0.00182076252531,0.00597665039822,-0.00387910590507,-0.000668869237415,-0.00768357748166,0.0223223604262,-0.00794914457947,-0.00107239268254,-0.00188412668649],[0.000864370260388,-0.00457174004987,0.00106074567884,-0.00452437903732,0.000975826813374,-0.0035289209336,0.00555574288592,-0.000349315116182,-0.000771537364926,-0.00794914457947,0.0259315893054,-0.00901599042118,-0.0000696823408362],[-0.000596601341385,0.00374392652884,-0.00135269400198,0.00435961317271,-0.00207679625601,-0.0016384718474,-0.00359617103823,0.00154722912703,0.00080971076386,-0.00107239268254,-0.00901599042118,0.0272095389664,-0.00959269702435],[0.000589786504861,-0.00167756632436,0.00214828178287,-0.0019279246917,0.000669292290695,0.000592306139879,0.00225557829253,-0.000687900348566,-0.000689390522894,-0.00188412668649,-0.0000696823408362,-0.00959269702435,0.0237237047404]],"mean":[-24.8763370514,108.339447021,-125.313018799,21.6010284424,-52.3419685364,2.99546551704,-40.1503829956,3.16487193108,-24.8474788666,-5.85888576508,-17.6663894653,-1.89275765419,-9.19570827484]},"hfc":{"dmean":4.47864198685,"dmean2":6.83586215973,"dvar":57.3702659607,"dvar2":130.003936768,"max":258.139038086,"mean":20.9222373962,"median":15.5901947021,"min":1.18867786318e-16,"var":424.291748047},"melbands":{"dmean":[0.000851405609865,0.00112967856694,0.000658474047668,0.000646446365863,0.000350624672137,0.000196625376702,0.000133538575028,0.000112623623863,0.000117371659144,0.0000899572478374,0.0000589486407989,0.0000675626288285,0.0000587173053646,0.0000382308135158,0.0000324942739098,0.0000197630015464,0.0000172042491613,0.0000234248163906,0.0000200104877877,0.0000175135864993,0.0000111921035568,0.00001004985279,0.0000153506898641,0.00000866884238349,0.0000073908217928,0.00000374362662114,0.00000333756634063,0.00000321674974657,0.00000359299315278,0.00000404588899983,0.00000278125253317,0.00000189173613308,0.00000191432195606,0.00000160797878834,0.00000158285274665,0.0000015021080344,8.81890684923e-7,7.79276888352e-7,5.25541224761e-7,3.87798564816e-7],"dmean2":[0.00134315819014,0.00196019932628,0.00110984453931,0.00105516868643,0.000561763183214,0.000322442967445,0.000220948757487,0.000179454145837,0.000191121114767,0.000147200014908,0.0000938698503887,0.0001081163864,0.0000949032400968,0.0000621343788225,0.0000524823444721,0.0000322746018355,0.0000285304249701,0.0000383606929972,0.0000323018939525,0.0000283560020762,0.000018163196728,0.0000165112505783,0.0000252952213486,0.0000142092967508,0.0000119633887152,0.00000607963238508,0.00000555632232135,0.00000546215278519,0.00000612811891187,0.00000674272678225,0.00000469965607408,0.00000310699897454,0.00000307259278998,0.00000256363568951,0.00000248716560236,0.00000240674285124,0.00000140765655487,0.00000124662665257,8.31698173442e-7,6.06078458532e-7],"dvar":[0.0000033924602576,0.0000056453027355,9.70616838458e-7,0.00000177031165549,3.06114230852e-7,1.28229501684e-7,5.84478314636e-8,4.74953374408e-8,5.60443531583e-8,5.16423561692e-8,1.22006298398e-8,1.70863749815e-8,1.40475737709e-8,6.37303454454e-9,2.66787525405e-9,1.01651387308e-9,1.01781738593e-9,1.8695565096e-9,1.26020904823e-9,1.0396215e-9,4.47846815188e-10,2.71707795152e-10,6.16482587201e-10,1.96888241821e-10,1.88204507534e-10,4.89679997939e-11,7.78308389959e-11,5.05305103315e-11,5.72185909764e-11,7.29660429299e-11,4.17251649898e-11,2.69474598885e-11,5.58656870764e-11,2.95142695006e-11,2.58926387275e-11,2.03966392387e-11,6.40170728927e-12,5.96945496506e-12,3.0617665521e-12,2.19187667148e-12],"dvar2":[0.00000829563032312,0.0000157897575264,0.00000266632173407,0.00000451475625596,7.89071350482e-7,3.43988745044e-7,1.56233795678e-7,1.25028677189e-7,1.49493530444e-7,1.3183954195e-7,3.0742359769e-8,4.27404991399e-8,3.53093625449e-8,1.63048419211e-8,7.03956892778e-9,2.59518517787e-9,2.6873117065e-9,4.84752460395e-9,3.14996650985e-9,2.64777266779e-9,1.1142595735e-9,7.07271741174e-10,1.58000201811e-9,5.08324660142e-10,4.49224157872e-10,1.31183619523e-10,1.91247989667e-10,1.37250349974e-10,1.54834797761e-10,1.92855939551e-10,1.15816044255e-10,6.5139123262e-11,1.35010350122e-10,6.82876116764e-11,5.69748588586e-11,5.05152968067e-11,1.50857295406e-11,1.46459892825e-11,7.25963386627e-12,5.01526034244e-12],"max":[0.0178573131561,0.0287228897214,0.0120609346777,0.0241553112864,0.00989253353328,0.00835975818336,0.00574933132157,0.00577173940837,0.00534362345934,0.00672655412927,0.0045890477486,0.00428808061406,0.00520371971652,0.00673835584894,0.00202345312573,0.000860321626533,0.00152968557086,0.00139054923784,0.00125408032909,0.00112310796976,0.000625509943347,0.000476684392197,0.000531794677954,0.000465419114335,0.000695923285093,0.000286323163891,0.000602262560278,0.000178605536348,0.000198652283871,0.000301937456243,0.000183517026016,0.00017549857148,0.000472144718515,0.000138358343975,0.000138170071295,0.000108033207653,0.0000647221386316,0.0000786659511505,0.0000558841711609,0.0000556123995921],"mean":[0.00128062418662,0.00181400508154,0.00149501941632,0.00108563248068,0.000696103612427,0.000387861102354,0.000270614720648,0.000245049624937,0.000221485970542,0.000166610683664,0.000121793636936,0.000132967616082,0.000105124068796,0.0000764736032579,0.0000670737135806,0.0000395573988499,0.000033410560718,0.0000457396854472,0.0000414749592892,0.0000346306333086,0.0000231898920902,0.0000215368418139,0.0000312223055516,0.0000198450288735,0.0000162886153703,0.00000819956767373,0.00000616983561486,0.00000505474690726,0.00000607301717537,0.00000732539820092,0.00000520229468748,0.00000379951916329,0.00000389645128962,0.00000313303280564,0.00000322750474879,0.00000302582816403,0.00000178188781774,0.00000144105320032,9.45334704738e-7,6.76577428749e-7],"median":[0.000329942093231,0.000931169837713,0.000986538478173,0.000693685491569,0.000438240065705,0.000242505600909,0.000166447513038,0.000136368005769,0.000114059366751,0.0000724851779523,0.0000745474535506,0.000073061666626,0.0000582042630413,0.0000471765451948,0.0000434690882685,0.0000252838508459,0.0000207309549296,0.0000295205572911,0.0000276373430097,0.0000214746614802,0.0000136355847644,0.0000148994922711,0.0000201626226044,0.0000132790200951,0.00000939687470236,0.00000461833496956,0.0000026785951377,0.00000190093226138,0.00000181308041647,0.00000180478468792,0.00000120819026961,6.69827272759e-7,5.09795199832e-7,3.82300839874e-7,2.70515130296e-7,2.37011207105e-7,1.999503354e-7,1.87841408206e-7,1.43750256143e-7,9.93166295871e-8],"min":[9.96623517373e-24,9.84190122874e-24,9.71257379422e-24,7.25264043447e-24,5.70094630074e-24,1.18956122431e-23,6.49317130329e-24,1.75610850466e-23,1.79637338521e-23,1.793375556e-23,9.78050260677e-24,4.25599056951e-24,3.61854441529e-24,5.27735915464e-24,8.71205835268e-24,1.10243327282e-23,1.1418274087e-23,9.59460911217e-24,1.44835209297e-23,4.68425487191e-24,1.49131377342e-23,9.98771112302e-24,1.0121482211e-23,1.26496315287e-23,1.04604297096e-23,1.01570274945e-23,1.22618677396e-23,1.38296656798e-23,1.90788534283e-23,1.10995001284e-23,9.48755989847e-24,9.93123657081e-24,7.65408149395e-24,7.78301765346e-24,1.10337580383e-23,1.22133551605e-23,1.33454092137e-23,8.76892575762e-24,1.03988835706e-23,1.28686059053e-23],"var":[0.00000505331399836,0.00000671108455208,0.00000247719844992,0.00000225090229833,6.85054999394e-7,2.5605336873e-7,1.2759215906e-7,1.22565907645e-7,1.26798724409e-7,1.21439896361e-7,3.08448484532e-8,4.39948557585e-8,3.24672875252e-8,2.21106954967e-8,7.08091674184e-9,2.60504062766e-9,2.37877095799e-9,3.92867871568e-9,2.91693669219e-9,2.53775001013e-9,1.08684961031e-9,6.75474287615e-10,1.4958394523e-9,6.15220541178e-10,6.13836148577e-10,1.32176977696e-10,1.50612564087e-10,8.28767818262e-11,1.18266951787e-10,1.93479426924e-10,1.07643990943e-10,8.33594096528e-11,1.31588046015e-10,6.86657813942e-11,6.88711865315e-11,6.43125275257e-11,1.77771981164e-11,1.30135641846e-11,5.48296000616e-12,4.24425945778e-12]},"melbands_crest":{"dmean":3.04772377014,"dmean2":4.98269128799,"dvar":7.52223730087,"dvar2":19.5421047211,"max":31.3590450287,"mean":13.925365448,"median":13.3189697266,"min":1.79474794865,"var":21.8735923767},"melbands_flatness_db":{"dmean":0.0220354739577,"dmean2":0.0345655828714,"dvar":0.000436057627667,"dvar2":0.00105651177,"max":0.42790094018,"mean":0.205293551087,"median":0.199339315295,"min":0.00473655480891,"var":0.00401112670079},"melbands_kurtosis":{"dmean":4.44733715057,"dmean2":7.36001873016,"dvar":44.4018707275,"dvar2":127.527763367,"max":152.384094238,"mean":10.1523561478,"median":7.26461029053,"min":-1.67730128765,"var":137.172012329},"melbands_skewness":{"dmean":0.549656033516,"dmean2":0.888846635818,"dvar":0.312680482864,"dvar2":0.814640462399,"max":10.1228761673,"mean":2.54324173927,"median":2.41876244545,"min":-0.839758515358,"var":1.29181218147},"melbands_spread":{"dmean":5.07366943359,"dmean2":8.1149148941,"dvar":35.2055664062,"dvar2":83.7272491455,"max":219.833053589,"mean":20.8713417053,"median":18.8669300079,"min":1.41323125362,"var":142.769729614},"mfcc":{"cov":[[17228.4941406,-383.514221191,283.653625488,1048.19482422,217.139221191,854.684936523,416.362091064,636.260314941,83.9984054565,174.944564819,267.237976074,281.089141846,-251.334716797],[-383.514221191,1672.52233887,-660.772460938,57.4864196777,62.4334449768,-217.813537598,-75.5998077393,-152.438980103,-56.4098129272,-102.252037048,-28.0137367249,-52.2986335754,-25.0825462341],[283.653625488,-660.772460938,900.350219727,-54.057723999,42.1807022095,234.651229858,71.3184890747,131.014205933,3.42521119118,63.1359062195,42.3228492737,53.7788658142,39.8313026428],[1048.19482422,57.4864196777,-54.057723999,363.56652832,48.8006629944,105.036857605,105.41368103,44.219581604,43.8381538391,16.8226184845,49.6903686523,56.9189605713,-30.0259170532],[217.139221191,62.4334449768,42.1807022095,48.8006629944,148.439956665,57.4396972656,52.0636062622,43.0090522766,5.50619411469,1.46052801609,22.105173111,15.9632310867,7.17271709442],[854.684936523,-217.813537598,234.651229858,105.036857605,57.4396972656,253.393341064,127.20941925,146.861526489,42.2863273621,52.2857322693,57.623714447,52.7652664185,24.0134143829],[416.362091064,-75.5998077393,71.3184890747,105.41368103,52.0636062622,127.20941925,153.031890869,103.408561707,47.8826026917,32.9115257263,45.2259864807,39.4580497742,11.2056875229],[636.260314941,-152.438980103,131.014205933,44.219581604,43.0090522766,146.861526489,103.408561707,183.449508667,48.8000793457,53.9377288818,48.535320282,31.6954441071,15.7408952713],[83.9984054565,-56.4098129272,3.42521119118,43.8381538391,5.50619411469,42.2863273621,47.8826026917,48.8000793457,83.9959945679,39.1560211182,21.4983406067,19.1736545563,9.22881793976],[174.944564819,-102.252037048,63.1359062195,16.8226184845,1.46052801609,52.2857322693,32.9115257263,53.9377288818,39.1560211182,76.7332763672,34.0150146484,19.6569156647,10.2583456039],[267.237976074,-28.0137367249,42.3228492737,49.6903686523,22.105173111,57.623714447,45.2259864807,48.535320282,21.4983406067,34.0150146484,73.7326278687,34.7314987183,9.35653591156],[281.089141846,-52.2986335754,53.7788658142,56.9189605713,15.9632310867,52.7652664185,39.4580497742,31.6954441071,19.1736545563,19.6569156647,34.7314987183,77.3666305542,17.572725296],[-251.334716797,-25.0825462341,39.8313026428,-30.0259170532,7.17271709442,24.0134143829,11.2056875229,15.7408952713,9.22881793976,10.2583456039,9.35653591156,17.572725296,61.2311820984]],"icov":[[0.0000948876404436,-1.31628794975e-7,0.0000451341547887,-0.000169394581462,0.00000458388285551,-0.000265093229245,0.000209183534025,-0.000267020543106,0.000174112603418,-0.0000355045885954,0.00000356670057045,-0.000206810480449,0.00044930545846],[-1.31628794975e-7,0.00095948134549,0.000611276132986,-0.0001513754396,-0.000663738232106,0.000256362109212,0.0000657869532006,0.000177114561666,0.000329402915668,0.000500999682117,-0.000450463296147,0.000252252881182,-0.000296872138279],[0.0000451341547887,0.000611276132986,0.00212874845602,0.000601225008722,-0.000522819289472,-0.00196351576596,0.000468874815851,0.000079199373431,0.00101909181103,-0.000452030129964,-8.5893752555e-8,-0.000677627976984,0.000187458615983],[-0.000169394581462,-0.0001513754396,0.000601225008722,0.00520825013518,-0.000411471439293,-0.00173344661016,-0.0024366134312,0.00225685862824,-0.00154792750254,0.000584437977523,-0.000995459035039,-0.0021273533348,0.00289733428508],[0.00000458388285551,-0.000663738232106,-0.000522819289472,-0.000411471439293,0.00854294374585,-0.000570580654312,-0.0018865984166,-0.000917501980439,0.000742002041079,0.00135607249103,-0.00089438597206,0.000165731078596,-0.000560512416996],[-0.000265093229245,0.000256362109212,-0.00196351576596,-0.00173344661016,-0.000570580654312,0.0128544000909,-0.0042899386026,-0.00438388623297,0.000756502675358,-0.000574136327486,-0.000571205338929,0.000141420110594,-0.00358927994967],[0.000209183534025,0.0000657869532006,0.000468874815851,-0.0024366134312,-0.0018865984166,-0.0042899386026,0.0163232367486,-0.00475805345923,-0.00331906531937,0.0017473816406,-0.00159525009803,-0.00129378994461,0.00034763358417],[-0.000267020543106,0.000177114561666,0.000079199373431,0.00225685862824,-0.000917501980439,-0.00438388623297,-0.00475805345923,0.0140746422112,-0.00252144201659,-0.00282521196641,-0.00177163642365,0.00138942978811,-0.000163712509675],[0.000174112603418,0.000329402915668,0.00101909181103,-0.00154792750254,0.000742002041079,0.000756502675358,-0.00331906531937,-0.00252144201659,0.0193151328713,-0.00787045899779,0.00151135784108,-0.00111495796591,-0.00120395014528],[-0.0000355045885954,0.000500999682117,-0.000452030129964,0.000584437977523,0.00135607249103,-0.000574136327486,0.0017473816406,-0.00282521196641,-0.00787045899779,0.0228804592043,-0.00730514712632,0.000258253101492,-0.00049192114966],[0.00000356670057045,-0.000450463296147,-8.5893752555e-8,-0.000995459035039,-0.00089438597206,-0.000571205338929,-0.00159525009803,-0.00177163642365,0.00151135784108,-0.00730514712632,0.0227701794356,-0.00614343071356,-0.000302071566693],[-0.000206810480449,0.000252252881182,-0.000677627976984,-0.0021273533348,0.000165731078596,0.000141420110594,-0.00129378994461,0.00138942978811,-0.00111495796591,0.000258253101492,-0.00614343071356,0.0202404540032,-0.00628850236535],[0.00044930545846,-0.000296872138279,0.000187458615983,0.00289733428508,-0.000560512416996,-0.00358927994967,0.00034763358417,-0.000163712509675,-0.00120395014528,-0.00049192114966,-0.000302071566693,-0.00628850236535,0.0229195430875]],"mean":[-658.221679688,135.502182007,-11.0200920105,17.8915653229,4.2757973671,-0.744986653328,-4.49472665787,1.37593245506,-2.29378080368,-5.40548276901,-5.34087657928,-2.79911279678,-6.69695138931]},"pitch_salience":{"dmean":0.0639677941799,"dmean2":0.105144061148,"dvar":0.00336171220988,"dvar2":0.00884114578366,"max":0.935378909111,"mean":0.592211961746,"median":0.598243415356,"min":0.216938942671,"var":0.00937025807798},"silence_rate_20dB":{"dmean":0,"dmean2":0,"dvar":0,"dvar2":0,"max":1,"mean":1,"median":1,"min":1,"var":0},"silence_rate_30dB":{"dmean":0.000423250574386,"dmean2":0.000846560869832,"dvar":0.000423004676122,"dvar2":0.000987041508779,"max":1,"mean":0.999647319317,"median":1,"min":0,"var":0.000352516799467},"silence_rate_60dB":{"dmean":0.00211625290103,"dmean2":0.00423280429095,"dvar":0.00211117044091,"dvar2":0.00506239151582,"max":1,"mean":0.115750864148,"median":0,"min":0,"var":0.102378509939},"spectral_centroid":{"dmean":198.741500854,"dmean2":315.991882324,"dvar":47542.3203125,"dvar2":112002.257812,"max":11363.7236328,"mean":1206.27612305,"median":1154.76965332,"min":231.800415039,"var":263609.5625},"spectral_complexity":{"dmean":3.36159706116,"dmean2":5.36296319962,"dvar":13.4013204575,"dvar2":31.4080142975,"max":61,"mean":23.3213653564,"median":24,"min":0,"var":149.147186279},"spectral_contrast_coeffs":{"dmean":[0.0489620007575,0.043095484376,0.0340687595308,0.025802558288,0.0210047326982,0.0185204818845],"dmean2":[0.0801060944796,0.071619592607,0.0563819035888,0.0429958999157,0.0345019884408,0.029512938112],"dvar":[0.00164606096223,0.00121193344239,0.000720939191524,0.000421557662776,0.00029466120759,0.000313190481393],"dvar2":[0.00428389525041,0.00335193821229,0.00193594431039,0.00113036332186,0.000756025372539,0.000724560930394],"max":[-0.241279497743,-0.487554579973,-0.558086633682,-0.573789358139,-0.567961633205,-0.565943717957],"mean":[-0.59481137991,-0.733121275902,-0.778507053852,-0.791252374649,-0.785441935062,-0.758776724339],"median":[-0.597676873207,-0.735010504723,-0.78112924099,-0.794125497341,-0.785208582878,-0.75979411602],"min":[-0.984716951847,-0.968420088291,-0.959371685982,-0.952856421471,-0.957833826542,-0.963264107704],"var":[0.00968473963439,0.00405101152137,0.00256014429033,0.00215671071783,0.00170284055639,0.00298908283003]},"spectral_contrast_valleys":{"dmean":[0.403673708439,0.307944566011,0.266653507948,0.225378349423,0.235221087933,0.312412649393],"dmean2":[0.667090892792,0.512555837631,0.435397356749,0.358887970448,0.355776637793,0.437608927488],"dvar":[0.120867967606,0.0684678852558,0.0508700832725,0.0413856059313,0.0649713650346,0.152534902096],"dvar2":[0.304686009884,0.175988137722,0.121792025864,0.0889778733253,0.13200584054,0.32302570343],"max":[-5.23586654663,-4.59898614883,-4.94363641739,-5.35991001129,-5.49710035324,-7.41711854935],"mean":[-7.64601993561,-6.72122335434,-7.17513656616,-7.62534236908,-7.78894233704,-10.6874074936],"median":[-7.10182094574,-6.38183784485,-6.75630903244,-7.13638401031,-7.28436565399,-10.2881736755],"min":[-27.0250453949,-27.3343505859,-27.1195526123,-27.5262737274,-27.2756271362,-27.2391796112],"var":[2.82331204414,1.94445943832,2.15147161484,2.32996892929,2.61421585083,3.18588042259]},"spectral_decrease":{"dmean":2.0289305791e-9,"dmean2":3.28191918086e-9,"dvar":8.41111822994e-18,"dvar2":2.18447315555e-17,"max":1.24390427899e-16,"mean":-7.13416659082e-9,"median":-6.5218346279e-9,"min":-3.5407026644e-8,"var":2.44444096739e-17},"spectral_energy":{"dmean":0.00789474323392,"dmean2":0.0127500677481,"dvar":0.00012541389151,"dvar2":0.000324460328557,"max":0.135875999928,"mean":0.0288238618523,"median":0.0263195559382,"min":1.08602214755e-20,"var":0.00039747680421},"spectral_energyband_high":{"dmean":0.000383938051527,"dmean2":0.000604821718298,"dvar":8.38924336222e-7,"dvar2":0.00000192684296962,"max":0.0307427756488,"mean":0.000996839255095,"median":0.000246670562774,"min":7.71607403983e-21,"var":0.00000349972424374},"spectral_energyband_low":{"dmean":0.00517524778843,"dmean2":0.00856330338866,"dvar":0.000094252776762,"dvar2":0.000251347897574,"max":0.116185642779,"mean":0.0101263644174,"median":0.00672170612961,"min":7.42836488091e-23,"var":0.000143470228068},"spectral_energyband_middle_high":{"dmean":0.00124435697217,"dmean2":0.00190204009414,"dvar":0.0000028943795769,"dvar2":0.0000066852985583,"max":0.0825689136982,"mean":0.0053644105792,"median":0.00456068664789,"min":1.53171190835e-21,"var":0.0000246829022217},"spectral_energyband_middle_low":{"dmean":0.004451634828,"dmean2":0.00726012326777,"dvar":0.000042195282731,"dvar2":0.000110581589979,"max":0.106674619019,"mean":0.0142000820488,"median":0.012228993699,"min":3.8521408337e-22,"var":0.000112169225758},"spectral_entropy":{"dmean":0.131821811199,"dmean2":0.196110129356,"dvar":0.0175213273615,"dvar2":0.0378269255161,"max":9.81576728821,"mean":7.50905609131,"median":7.606153965,"min":5.6329126358,"var":0.268014907837},"spectral_flux":{"dmean":0.0202326048166,"dmean2":0.0309028439224,"dvar":0.000648425018881,"dvar2":0.00130180187989,"max":0.320006370544,"mean":0.0763869211078,"median":0.0701818317175,"min":1.04212388718e-10,"var":0.00241203699261},"spectral_kurtosis":{"dmean":2.40797114372,"dmean2":4.11554336548,"dvar":12.2247533798,"dvar2":35.8353805542,"max":61.678565979,"mean":6.83038425446,"median":4.75886440277,"min":-1.2169406414,"var":41.2366065979},"spectral_rms":{"dmean":0.000641683873255,"dmean2":0.00101918366272,"dvar":6.11670031958e-7,"dvar2":0.00000152594566316,"max":0.0115135554224,"mean":0.00485131284222,"median":0.00506730843335,"min":3.25504814075e-12,"var":0.00000458550221083},"spectral_rolloff":{"dmean":401.752532959,"dmean2":676.824035645,"dvar":463029.125,"dvar2":1141534.75,"max":21468.6035156,"mean":1488.13684082,"median":1076.66015625,"min":107.666015625,"var":3765141.5},"spectral_skewness":{"dmean":0.261247247458,"dmean2":0.434484630823,"dvar":0.0854555815458,"dvar2":0.239054262638,"max":5.79246902466,"mean":1.74315226078,"median":1.57477843761,"min":-0.0754349753261,"var":0.507190227509},"spectral_spread":{"dmean":462355.90625,"dmean2":670536.8125,"dvar":343325343744,"dvar2":666785415168,"max":40760752,"mean":4054088.5,"median":3700495.25,"min":1244205.375,"var":3566991048700},"spectral_strongpeak":{"dmean":0.294749319553,"dmean2":0.506105005741,"dvar":0.26270660758,"dvar2":0.678140938282,"max":13.3859033585,"mean":0.624757528305,"median":0.480638861656,"min":0,"var":0.382448136806},"zerocrossingrate":{"dmean":0.00769600970671,"dmean2":0.0095947002992,"dvar":0.0000928132940317,"dvar2":0.000134398826049,"max":0.75634765625,"mean":0.0570686683059,"median":0.0478515625,"min":0.0078125,"var":0.0020100150723}},"metadata":{"audio_properties":{"analysis_sample_rate":44100,"bit_rate":0,"codec":"flac","downmix":"mix","equal_loudness":0,"length":329.14666748,"lossless":true,"md5_encoded":"b072782945d0f98856cf0701c9e4d36b","replay_gain":-13.9594802856},"tags":{"acoustid_id":["66df0a51-70f5-41bd-ad06-aca4bc1ec365"],"album":["Goo"],"albumartist":["Sonic Youth"],"albumartistsort":["Sonic Youth"],"artist":["Sonic Youth"],"artists":["Sonic Youth"],"artistsort":["Sonic Youth"],"asin":["B0007ZIYWY"],"barcode":["602498604939"],"catalognumber":["B0000845-02"],"date":["2005-09-13"],"discnumber":["1"],"disctotal":["2"],"file_name":"01 - Dirty Boots.flac","label":["Geffen Records"],"media":["CD"],"musicbrainz_albumartistid":["5cbef01b-cc35-4f52-af7b-d0df0c4f61b9"],"musicbrainz_albumid":["1123137a-295d-4c19-9dad-76ea01bc656a"],"musicbrainz_artistid":["5cbef01b-cc35-4f52-af7b-d0df0c4f61b9"],"musicbrainz_recordingid":["3f83648c-6647-4b36-baba-069f28359b7a"],"musicbrainz_releasegroupid":["8114542a-d659-3b5f-a11f-cf86ed7fa84d"],"musicbrainz_releasetrackid":["b0cf3e16-9a56-36a4-a219-cff226c5391e"],"musicbrainz_workid":["9a8279b7-e4ad-43bc-aacc-88eaa04b61e6"],"originaldate":["1990"],"releasecountry":["US"],"releasestatus":["official"],"releasetype":["album"],"script":["Latn"],"title":["Dirty Boots"],"totaldiscs":["2"],"totaltracks":["16"],"tracknumber":["1"],"tracktotal":["16"],"work":["Dirty Boots"]},"version":{"essentia":"2.1-beta1","essentia_build_sha":"85931cb11b241c07ac43bfc3827c398894034a25","essentia_git_sha":"v2.1_beta1-6-g5578087","extractor":"music 1.0"}},"rhythm":{"beats_count":770,"beats_loudness":{"dmean":0.0103233167902,"dmean2":0.0181739926338,"dvar":0.000099667624454,"dvar2":0.000297952617984,"max":0.0975336655974,"mean":0.0346897542477,"median":0.0357644408941,"min":3.33997940416e-9,"var":0.000422152457759},"beats_loudness_band_ratio":{"dmean":[0.173564970493,0.183456495404,0.0825890153646,0.