{"lowlevel":{"average_loudness":0.893788814545,"barkbands":{"dmean":[0.00927986763418,0.0179752167314,0.00234284182079,0.00167230947409,0.00209451164119,0.00123400485609,0.000616616860498,0.000510188692715,0.000545115675777,0.000534101680387,0.000277130573522,0.000328506808728,0.000236824955209,0.000244785274845,0.00021535702399,0.000163698205142,0.000213281018659,0.000182806092198,0.000129377265694,0.000097191776149,0.000105742561573,0.000137210183311,0.0000943418999668,0.0000262862395175,0.00000630796193946,0.000083432001702,0.000240523906541],"dmean2":[0.0151800196618,0.030209902674,0.0039506633766,0.00291209411807,0.00326387421228,0.001908652368,0.000950990826823,0.00079180765897,0.000845745089464,0.000820103450678,0.000429904932389,0.00051318644546,0.00036853729398,0.000379309727577,0.000329848408001,0.000241827176069,0.000315097626299,0.000266673130682,0.00018408356118,0.000135705631692,0.000148232706124,0.000197851928533,0.000142113683978,0.0000397459298256,0.0000101039377114,0.000126383980387,0.000324019405525],"dvar":[0.000707451254129,0.00254633650184,0.0000378013428417,0.0000253250000242,0.0000154512399604,0.0000129814270622,0.00000379243579118,0.00000314940461976,0.00000239354608311,0.00000400552562496,5.10139273047e-7,5.25883194769e-7,2.70413153203e-7,4.77314245018e-7,3.42247432172e-7,3.10804551873e-7,6.19800175627e-7,3.62154395361e-7,1.55450706529e-7,7.40903729479e-8,5.56946417873e-8,8.19287251375e-8,4.26001847131e-8,3.51485596184e-9,2.11509670889e-10,3.53426585775e-8,1.96230033112e-7],"dvar2":[0.00176123389974,0.00662891753018,0.0000931767208385,0.0000682880418026,0.0000352198912879,0.000029744074709,0.00000752833648221,0.00000784186067904,0.00000543655733054,0.00000909180562303,0.00000109920244995,0.00000121846062484,6.39382506051e-7,0.00000112987640932,7.51390302867e-7,6.53618144497e-7,0.00000133790490509,7.40333803151e-7,3.01446249296e-7,1.38925344118e-7,1.01296706134e-7,1.59907486363e-7,9.02844021766e-8,7.39904448821e-9,4.69578653739e-10,7.59575655707e-8,3.36541006618e-7],"max":[0.325033485889,0.51477432251,0.101186551154,0.0782008245587,0.118730820715,0.123924903572,0.129560515285,0.0619942732155,0.0390185900033,0.065555036068,0.0221631992608,0.0313275679946,0.0174329392612,0.0240391530097,0.0192523729056,0.00922512542456,0.0148328812793,0.00917984638363,0.00883285142481,0.00600487040356,0.00574875390157,0.00547142745927,0.00238991924562,0.000721438496839,0.000230018325965,0.00228485092521,0.00758241023868],"mean":[0.00889041088521,0.0163727477193,0.00234476686455,0.00146866682917,0.00324389385059,0.00176498445217,0.000878884515259,0.000671538989991,0.000697702809703,0.000700796779711,0.000378003867809,0.000398862786824,0.00026552437339,0.000300682993839,0.000271860684734,0.000181005802006,0.000232740829233,0.000215309904888,0.000162675292813,0.000123566234834,0.000130805186927,0.000149198240251,0.0000925748972804,0.0000252503668889,0.00000582194525123,0.0000788780889707,0.000362960185157],"median":[0.00122361327522,0.00227459170856,0.00058411777718,0.000292125972919,0.00140778359491,0.000551372999325,0.000251339020906,0.000164765369846,0.000173708089278,0.000114204332931,0.0000811697900645,0.0000867340859259,0.0000616781544522,0.0000577208629693,0.0000495388740092,0.0000274480753433,0.000030756018532,0.0000286532849714,0.0000198260568141,0.0000160587842402,0.0000192722054635,0.0000147855344039,0.00000849291518534,0.00000243781664722,7.58927058087e-7,0.00000674171496939,0.000141788099427],"min":[2.20168366938e-25,2.35641350973e-24,9.71591462015e-25,5.34252892617e-25,5.23187422371e-24,8.21327895725e-24,1.13552472562e-23,1.02780845113e-23,1.17386754657e-23,1.47923615519e-23,1.49520396208e-23,2.03061616469e-23,2.39958818262e-23,2.24779398952e-23,4.49963988419e-23,6.19150292564e-23,5.95478911826e-23,8.5599271582e-23,1.12528054635e-22,1.40940943796e-22,2.47529885556e-22,3.20380218277e-22,3.98484288896e-22,4.96962629834e-22,8.1312722592e-22,1.21873733955e-21,1.83939845852e-21],"var":[0.000605132547207,0.0019857196603,0.0000353166942659,0.0000188990070455,0.0000316721379932,0.000020673389372,0.0000073934484135,0.00000471321436635,0.0000037255931602,0.00000587692056797,9.93763023871e-7,8.49069692777e-7,3.52256137148e-7,7.36559627512e-7,5.62222112421e-7,3.76303717076e-7,7.12204609954e-7,4.71816150593e-7,2.44904555302e-7,1.3341372096e-7,1.10677902398e-7,1.24835210613e-7,5.10685076449e-8,4.16584100549e-9,2.2592537563e-10,4.02995539162e-8,3.91890580431e-7]},"barkbands_crest":{"dmean":3.39372968674,"dmean2":5.43266773224,"dvar":8.26322174072,"dvar2":20.2518844604,"max":25.5165271759,"mean":11.8487586975,"median":11.3841753006,"min":2.46487784386,"var":21.1970424652},"barkbands_flatness_db":{"dmean":0.0403701514006,"dmean2":0.059205763042,"dvar":0.00138389726635,"dvar2":0.00291177607141,"max":0.491872131824,"mean":0.161042496562,"median":0.153422385454,"min":0.0222209617496,"var":0.00461285514757},"barkbands_kurtosis":{"dmean":14.4405918121,"dmean2":22.7317714691,"dvar":836.393981934,"dvar2":1979.69006348,"max":648.610839844,"mean":19.7448997498,"median":8.15603542328,"min":-1.81161975861,"var":1266.62866211},"barkbands_skewness":{"dmean":1.19932878017,"dmean2":1.8069999218,"dvar":1.92496109009,"dvar2":4.3606967926,"max":19.7843475342,"mean":3.05443406105,"median":2.5243332386,"min":-3.01402807236,"var":5.37169027328},"barkbands_spread":{"dmean":9.72211265564,"dmean2":14.6561136246,"dvar":132.516921997,"dvar2":284.81048584,"max":125.587615967,"mean":21.9768352509,"median":16.5378417969,"min":0.310193777084,"var":333.40625},"dissonance":{"dmean":0.0217649247497,"dmean2":0.0357344038785,"dvar":0.000500176684,"dvar2":0.00128679559566,"max":0.500000119209,"mean":0.463480174541,"median":0.472071021795,"min":0.188949048519,"var":0.000978451571427},"dynamic_complexity":4.37295866013,"erbbands":{"dmean":[0.93222951889,2.63958644867,3.19342160225,4.21691179276,4.86874294281,8.14280796051,9.74172878265,10.7227878571,9.45390605927,10.1190090179,10.3754634857,12.3891181946,16.5419807434,13.6181440353,11.4283332825,13.2668437958,11.4600639343,10.3859272003,13.2216835022,8.8006696701,9.77303314209,11.7552518845,10.2474336624,7.58313322067,5.92895746231,4.46127986908,4.09502792358,4.39724349976,5.22402143478,4.21292114258,2.26482248306,0.965558826923,0.267889738083,0.0994186475873,0.0353784449399,0.0881989225745,0.17503388226,0.146597757936,0.0238560885191,0.00431073829532],"dmean2":[1.58940732479,4.49101257324,5.36359739304,7.27387809753,8.07301998138,12.6723890305,15.400894165,16.4892044067,14.5894451141,15.726190567,15.9802408218,19.2614021301,25.703212738,20.6258468628,17.0799922943,20.6660785675,17.6454238892,15.8144159317,20.0402317047,13.1049041748,14.3301153183,17.118057251,14.7357339859,10.8408222198,8.35628604889,6.21593570709,5.71063375473,6.18289422989,7.55574035645,6.25630140305,3.4110224247,1.45420706272,0.409643292427,0.156807288527,0.0574324540794,0.14157384634,0.2660548985,0.214002132416,0.0324287377298,0.00570696778595],"dvar":[8.4254360199,47.576007843,69.7487030029,150.937927246,109.563545227,307.357818604,474.729522705,1314.27685547,1024.89013672,1133.04736328,1159.7019043,1337.55285645,3757.40795898,2738.86450195,660.960205078,872.544372559,610.345275879,682.249023438,1278.29577637,655.433776855,1247.9197998,1814.78173828,1113.80200195,568.20513916,332.832397461,151.066375732,90.6175003052,98.5936584473,124.40032959,81.4422836304,24.2834568024,4.60699892044,0.393122166395,0.0550958104432,0.00656624743715,0.0509137697518,0.159246236086,0.0957731157541,0.00229886523448,0.0000681066085235],"dvar2":[22.4920921326,124.291000366,171.459869385,403.295684814,276.754455566,687.178344727,1119.99060059,3021.9777832,2179.95092773,2495.10888672,2597.64428711,3133.6315918,9089.4140625,5378.24560547,1425.69116211,2045.98010254,1423.86462402,1532.31274414,2892.21459961,1378.77099609,2651.22729492,3798.54174805,2224.29345703,1098.20068359,647.395141602,286.149291992,163.272491455,188.793899536,249.53843689,166.49017334,51.3707046509,9.85104179382,0.831402242184,0.119439661503,0.0152476998046,0.118342347443,0.348262101412,0.190243497491,0.00387234799564,0.00012224749662],"max":[28.4829521179,85.7597045898,143.663070679,185.482803345,162.971374512,719.804992676,472.461547852,1435.7199707,2254.19116211,1320.66259766,1548.1842041,1078.58105469,2065.21069336,2516.6328125,633.359130859,1318.74487305,755.266540527,792.638977051,1157.2833252,496.717041016,729.807373047,740.299743652,533.06817627,451.040985107,405.547943115,227.476898193,208.806259155,268.465637207,152.163635254,137.68572998,62.8886032104,26.3240127563,7.85091304779,2.64849591255,1.63107740879,3.06470346451,5.81739139557,5.45022106171,1.15034341812,0.154979467392],"mean":[0.817118048668,2.36485028267,3.19478106499,4.02333641052,5.93196773529,12.0212984085,14.1899595261,15.2019357681,13.4254159927,14.8579158783,14.0489253998,16.25299263,20.6445846558,19.2246799469,16.3789901733,16.137462616,13.4843959808,13.1276264191,17.283826828,10.9593725204,10.8841333389,13.099855423,12.1464519501,9.41461181641,7.61854553223,5.63814687729,5.14604043961,5.30106925964,5.68066692352,4.29516744614,2.22985458374,0.932276427746,0.249545618892,0.0915785804391,0.032427277416,0.0748061835766,0.163946196437,0.154418617487,0.0321187153459,0.00801502447575],"median":[0.0882533788681,0.394088327885,0.803136229515,1.02850294113,2.17613458633,4.67029285431,5.5518450737,4.4613275528,3.79946017265,3.93438339233,4.02739429474,4.30101680756,3.76955485344,3.59096264839,4.00183820724,3.80199599266,3.42760658264,3.05832409859,3.16720223427,2.11604738235,1.62955462933,1.7481341362,1.67520153522,1.22619724274,0.8860476017,0.768413722515,0.830356180668,0.67169123888,0.555322408676,0.389739483595,0.216495767236,0.0874734297395,0.0226714555174,0.00948059465736,0.00531169492751,0.00559255294502,0.0134636675939,0.0171698164195,0.00843768008053,0.00419101724401],"min":[7.74978152358e-23,4.87090130268e-22,1.72614519459e-21,6.47996085871e-21,5.76882706219e-21,1.60796818653e-20,4.51296268212e-20,7.43894640108e-20,1.30364827761e-19,1.62183079655e-19,2.50840995642e-19,3.20653307433e-19,3.99423778461e-19,3.85937089712e-19,7.68301276166e-19,1.00188394966e-18,1.58569468771e-18,1.6176902406e-18,2.08341008947e-18,2.95471437705e-18,2.82365691477e-18,4.14741162663e-18,5.10761983888e-18,6.34996529601e-18,7.7785227575e-18,6.18315481291e-18,9.8533638762e-18,9.96461801423e-18,9.8120164261e-18,1.02250260516e-17,1.28058874654e-17,1.01701823226e-17,9.21835055484e-18,7.88455738586e-18,5.60290539759e-18,3.67942137378e-18,2.3566787174e-18,8.73223656797e-19,2.21979449149e-19,2.71775230886e-20],"var":[6.11697864532,37.3229103088,64.2567214966,116.873817444,127.600028992,593.550720215,762.772827148,1994.95068359,1765.64746094,2253.75610352,1885.89196777,1986.22631836,4529.31445312,5353.69384766,1304.59338379,1335.22106934,805.448120117,1143.48876953,2197.36279297,890.539978027,1476.61083984,2178.18359375,1483.79943848,842.769836426,558.836730957,260.775756836,176.531799316,191.355026245,185.034057617,107.549194336,29.0907287598,5.41610813141,0.450567096472,0.060229819268,0.00661208108068,0.0487437956035,0.177559912205,0.132560759783,0.00470932479948,0.000139047289849]},"erbbands_crest":{"dmean":2.86737561226,"dmean2":4.6805100441,"dvar":7.35282468796,"dvar2":17.921049118,"max":29.3134880066,"mean":8.31481075287,"median":7.37099123001,"min":1.87810826302,"var":15.8009967804},"erbbands_flatness_db":{"dmean":0.0297078229487,"dmean2":0.0427067354321,"dvar":0.000756413326599,"dvar2":0.00146191415843,"max":0.349643081427,"mean":0.132799491286,"median":0.125106602907,"min":0.0244181081653,"var":0.00275065074675},"erbbands_kurtosis":{"dmean":1.40499567986,"dmean2":2.25453424454,"dvar":3.43281650543,"dvar2":8.41362285614,"max":33.3585014343,"mean":0.765872001648,"median":0.154698848724,"min":-1.82204604149,"var":5.34724569321},"erbbands_skewness":{"dmean":0.52296602726,"dmean2":0.775985121727,"dvar":0.238175630569,"dvar2":0.510055243969,"max":4.64906978607,"mean":0.38260436058,"median":0.427011817694,"min":-3.61600327492,"var":0.758774638176},"erbbands_spread":{"dmean":13.4603252411,"dmean2":19.9293861389,"dvar":216.169906616,"dvar2":451.320587158,"max":166.219604492,"mean":40.5716743469,"median":35.021232605,"min":3.58795809746,"var":579.21697998},"gfcc":{"cov":[[27550.9023438,679.114196777,-1568.21960449,475.985015869,-420.954101562,-144.336883545,199.191864014,-439.261047363,52.2712974548,-120.627838135,-333.379394531,281.453857422,-357.73248291],[679.114196777,1533.96032715,-196.051193237,-475.47052002,132.011444092,-199.53755188,-48.2948989868,-39.3818702698,-21.7538566589,-111.816902161,120.128738403,-142.052246094,160.919586182],[-1568.21960449,-196.051193237,745.088439941,311.681793213,-68.9092559814,314.753875732,-7.49910354614,192.182418823,22.7320404053,129.381851196,11.1546134949,81.1084136963,-6.37985420227],[475.985015869,-475.47052002,311.681793213,712.42175293,203.408706665,148.847427368,137.712432861,154.889678955,77.2513198853,84.5675811768,-17.7943305969,97.7385482788,-70.3065185547],[-420.954101562,132.011444092,-68.9092559814,203.408706665,402.240325928,37.0416069031,85.8994445801,45.1229324341,36.6666641235,-40.7105178833,46.2032012939,-19.992647171,34.9121360779],[-144.336883545,-199.53755188,314.753875732,148.847427368,37.0416069031,431.767974854,18.6691417694,127.40007019,-35.0120315552,61.5953369141,-6.69499063492,82.6791687012,16.136341095],[199.191864014,-48.2948989868,-7.49910354614,137.712432861,85.8994445801,18.6691417694,216.129562378,-6.09116458893,54.3624763489,-5.06610536575,5.63212966919,50.9631385803,-11.6614284515],[-439.261047363,-39.3818702698,192.182418823,154.889678955,45.1229324341,127.40007019,-6.09116458893,242.849365234,28.814655304,67.4680175781,24.7752113342,-2.65251159668,38.7394142151],[52.2712974548,-21.7538566589,22.7320404053,77.2513198853,36.6666641235,-35.0120315552,54.3624763489,28.814655304,146.284103394,66.4665145874,18.0628871918,17.4667129517,-34.0821495056],[-120.627838135,-111.816902161,129.381851196,84.5675811768,-40.7105178833,61.5953369141,-5.06610536575,67.4680175781,66.4665145874,129.797302246,40.513420105,21.2416133881,-12.5804433823],[-333.379394531,120.128738403,11.1546134949,-17.7943305969,46.2032012939,-6.69499063492,5.63212966919,24.7752113342,18.0628871918,40.513420105,85.5382919312,10.9737043381,29.2735538483],[281.453857422,-142.052246094,81.1084136963,97.7385482788,-19.992647171,82.6791687012,50.9631385803,-2.65251159668,17.4667129517,21.2416133881,10.9737043381,108.095550537,2.35592031479],[-357.73248291,160.919586182,-6.37985420227,-70.3065185547,34.9121360779,16.136341095,-11.6614284515,38.7394142151,-34.0821495056,-12.5804433823,29.2735538483,2.35592031479,110.269966125]],"icov":[[0.000108397813165,-0.000338103767717,0.000635313452221,-0.000585582398344,0.000530185352545,-0.000371181959054,0.000141364755109,0.0000721912947483,-0.000044716631237,-0.000142983233673,0.000381821184419,-0.000365815067198,0.000260824424913],[-0.000338103767717,0.00243995687924,-0.00236726715229,0.00230890396051,-0.00160877965391,0.00108318659477,-0.000544441863894,0.0000803293805802,-0.00110650260467,0.00253998022527,-0.00358258374035,0.00299976486713,-0.0022225738503],[0.000635313452221,-0.00236726715229,0.00701351696625,-0.00581605359912,0.00573782203719,-0.00477169780061,0.00160848256201,0.000421898323111,-0.00180117262062,0.000306430185447,0.0000869732684805,-0.00059660122497,0.00058464333415],[-0.000585582398344,0.00230890396051,-0.00581605359912,0.010423543863,-0.00977334473282,0.00642465706915,-0.00267658848315,-0.00445478502661,0.00591402547434,-0.00696715386584,0.00614463211969,-0.00636874232441,0.00401424290612],[0.000530185352545,-0.00160877965391,0.00573782203719,-0.00977334473282,0.0137399844825,-0.00800720881671,0.00125945289619,0.00384571054019,-0.00912810768932,0.0119651518762,-0.0109615437686,0.0095483334735,-0.0049781803973],[-0.000371181959054,0.00108318659477,-0.00477169780061,0.00642465706915,-0.00800720881671,0.00945455767214,-0.00172781082802,-0.00429637171328,0.00805577076972,-0.00855262763798,0.00775403669104,-0.00831888616085,0.00314693385735],[0.000141364755109,-0.000544441863894,0.00160848256201,-0.00267658848315,0.00125945289619,-0.00172781082802,0.00725783454254,0.00122041883878,-0.00391401955858,0.00332246557809,-0.0014448557049,-0.00156878400594,-0.000581091851927],[0.0000721912947483,0.0000803293805802,0.000421898323111,-0.00445478502661,0.00384571054019,-0.00429637171328,0.00122041883878,0.00976508203894,-0.00547735812142,0.00330960564315,-0.00531749567017,0.00821053422987,-0.00666846474633],[-0.000044716631237,-0.00110650260467,-0.00180117262062,0.00591402547434,-0.00912810768932,0.00805577076972,-0.00391401955858,-0.00547735812142,0.0213967338204,-0.0190873425454,0.0131251700222,-0.0127204023302,0.00958075653762],[-0.000142983233673,0.00253998022527,0.000306430185447,-0.00696715386584,0.0119651518762,-0.00855262763798,0.00332246557809,0.00330960564315,-0.0190873425454,0.0347212217748,-0.0258866660297,0.0160987861454,-0.00735299102962],[0.000381821184419,-0.00358258374035,0.0000869732684805,0.00614463211969,-0.0109615437686,0.00775403669104,-0.0014448557049,-0.00531749567017,0.0131251700222,-0.0258866660297,0.0376114696264,-0.0197133403271,0.00598047673702],[-0.000365815067198,0.00299976486713,-0.00059660122497,-0.00636874232441,0.0095483334735,-0.00831888616085,-0.00156878400594,0.00821053422987,-0.0127204023302,0.0160987861454,-0.0197133403271,0.0305771958083,-0.0120305083692],[0.000260824424913,-0.0022225738503,0.00058464333415,0.00401424290612,-0.0049781803973,0.00314693385735,-0.000581091851927,-0.00666846474633,0.00958075653762,-0.00735299102962,0.00598047673702,-0.0120305083692,0.0199401117861]],"mean":[-56.8344535828,86.2724990845,-74.0366744995,5.26568031311,-23.3666763306,-14.2342128754,-3.59958672523,-20.2342433929,-2.11045312881,-7.12756824493,-7.35753679276,4.10009860992,-10.2896242142]},"hfc":{"dmean":24.0922851562,"dmean2":32.3661994934,"dvar":1074.71435547,"dvar2":1992.94812012,"max":694.111206055,"mean":55.1695671082,"median":34.4481620789,"min":1.06185201703e-16,"var":3714.90356445},"melbands":{"dmean":[0.00680326763541,0.00219548563473,0.000725869846065,0.000436404778156,0.000361047772458,0.000237027386902,0.000138684234116,0.000111378038127,0.0000883423999767,0.0000777219393058,0.0000836638573674,0.0000572370408918,0.0000386881911254,0.0000369630579371,0.0000315460529237,0.0000211905426113,0.0000206716285902,0.0000233787977777,0.000014832121451,0.0000109699558379,0.0000119578007798,0.0000131831102408,0.0000100868828667,0.00000871826705406,0.00000610997676631,0.00000482004452351,0.00000376906632482,0.00000285745090878,0.00000254797282651,0.00000279191408481,0.00000245804085353,0.0000029901018479,0.00000268596954811,0.00000230085038311,0.00000138212089951,9.46227373788e-7,4.47044072871e-7,1.83087394134e-7,1.37090253816e-7,6.34643342323e-8],"dmean2":[0.0113775152713,0.00365708349273,0.00123731757049,0.000691554276273,0.000562331581023,0.000364283099771,0.000213545339648,0.000173214255483,0.000136630071211,0.000121023680549,0.000130373853608,0.0000875253754202,0.0000587647591601,0.0000570477168367,0.0000494968626299,0.0000328658388753,0.000032124142308,0.0000358660872735,0.0000226054689847,0.0000163273962244,0.0000179469534487,0.000019706762032,0.0000147910432133,0.0000128658830363,0.00000889006514626,0.00000693935680829,0.00000540232440471,0.00000407815286962,0.00000364577704204,0.00000406169738199,0.00000348843741449,0.00000435551328337,0.00000396565474148,0.00000347821605828,0.0000020954221327,0.00000145383364725,6.77123409787e-7,2.83232139964e-7,2.15011240812e-7,1.0181629051e-7],"dvar":[0.000400325545343,0.0000290454991045,0.00000405153014071,7.76288061388e-7,5.54221514903e-7,5.8787765056e-7,2.01857645266e-7,1.43652044926e-7,7.85095721767e-8,5.2317410848e-8,9.82380043979e-8,5.18914475833e-8,8.09746403263e-9,7.32226812517e-9,4.53209825224e-9,2.40262343354e-9,3.14344394958e-9,4.2806065359e-9,1.67099334369e-9,1.27173993558e-9,2.06683958837e-9,2.4970554513e-9,1.15604492645e-9,8.2990581074e-10,3.77931436146e-10,2.27828353405e-10,1.33935737501e-10,6.08448014194e-11,4.23062349042e-11,3.92419881312e-11,3.31212279825e-11,4.29065498408e-11,3.23861631957e-11,2.62286130315e-11,9.2496227691e-12,4.73615851398e-12,1.02611007798e-12,1.94989071547e-13,1.1285080265e-13,2.29227088564e-14],"dvar2":[0.00104046298657,0.0000723325429135,0.0000106517109089,0.00000177766492016,0.0000012833565961,0.00000134542483465,4.22170074899e-7,3.36087992991e-7,1.72162970102e-7,1.22961395732e-7,2.38010073872e-7,1.03858965872e-7,1.77931731571e-8,1.66798610479e-8,1.09154667527e-8,5.59775381603e-9,7.24561655119e-9,1.00615284993e-8,3.78207243301e-9,2.70743050201e-9,4.57929161257e-9,5.50276846312e-9,2.38208008874e-9,1.72436054324e-9,7.61000040761e-10,4.67240968138e-10,2.60649557493e-10,1.21184146051e-10,8.23547063877e-11,7.78916167676e-11,6.47886119753e-11,8.79832248724e-11,6.60098989358e-11,5.56866497359e-11,1.98487407066e-11,1.06572901545e-11,2.19123460696e-12,4.18599318619e-13,2.45870733712e-13,5.12479835858e-14],"max":[0.197357073426,0.0882644876838,0.0294327586889,0.0308715756983,0.0190863087773,0.0285516660661,0.030517578125,0.0124135715887,0.0107293408364,0.00586018385366,0.0104224709794,0.0108607420698,0.00215377402492,0.00456440541893,0.00144734815694,0.00212701177225,0.00181814597454,0.00192504422739,0.000952139380388,0.000689711887389,0.00101936189458,0.000899813720025,0.000585050496738,0.000470823899377,0.000405059545301,0.000321779923979,0.000281212851405,0.000147026439663,0.000155535395606,0.000144320831168,0.000186377365026,0.000111985697004,0.0000763483913033,0.0000757668021834,0.0000429855899711,0.0000305006160488,0.0000143141078297,0.00000567274855712,0.00000430580985267,0.00000231518129112],"mean":[0.00628684740514,0.00215165363625,0.000732681539375,0.000641168036964,0.000543901289348,0.000340888189385,0.000199325295398,0.00015944216284,0.000115831950097,0.0000997992174234,0.00010180202662,0.0000778605026426,0.000054200165323,0.0000463239521196,0.0000359969526471,0.0000241788893618,0.0000250410157605,0.0000295503959933,0.0000183604606718,0.0000123316585814,0.0000128358251459,0.0000140677702802,0.0000116280680231,0.0000101741607068,0.0000073510045695,0.00000593909317104,0.00000472767897008,0.00000349037782144,0.00000315263287121,0.00000328472424371,0.00000291007336273,0.00000323214521813,0.00000279168898487,0.00000227102646022,0.00000134883930514,8.95696075531e-7,4.29067199548e-7,1.68017521673e-7,1.22742974895e-7,5.78059982104e-8],"median":[0.000963592843618,0.000517495791428,0.000218498476897,0.000265665410552,0.000213325140066,0.000101268698927,0.0000563366156712,0.0000405242026318,0.000033101401641,0.0000245559695031,0.0000174359465746,0.0000135312984639,0.0000124093194245,0.0000103580387076,0.00000847864521347,0.00000570290967516,0.00000511838879902,0.00000499810403198,0.00000342197085956,0.00000197260783352,0.00000174601018443,0.00000175071659214,0.00000158032810305,0.00000129656734771,9.21217917949e-7,6.83596852014e-7,5.25386838035e-7,4.79060076941e-7,4.95332756145e-7,4.54549820006e-7,3.48283094809e-7,3.18850652548e-7,2.59250072077e-7,1.93894948097e-7,1.2880570921e-7,8.26673485221e-8,3.716192154e-8,1.41178224666e-8,9.01935681696e-9,6.90655399538e-9],"min":[1.2366750544e-24,8.27310182957e-25,1.06042163729e-24,8.40438110319e-25,2.23668789293e-24,1.73555078947e-24,2.24070280051e-24,1.41509369749e-24,2.07065515492e-24,1.41615057389e-24,1.84158059767e-24,1.31121560602e-24,2.32480917807e-24,2.54839069963e-24,2.46833354509e-24,2.22476406314e-24,2.32750254642e-24,2.31364028816e-24,3.89926766817e-24,3.79379302083e-24,2.65969621234e-24,3.60000223972e-24,3.91506105792e-24,2.67335948044e-24,3.91044148846e-24,3.83269254093e-24,4.54904766263e-24,4.06466103441e-24,5.25908361405e-24,4.5801922856e-24,4.97000040774e-24,4.48510930297e-24,4.05455888166e-24,4.9181572579e-24,6.15791843478e-24,4.7436797639e-24,5.86924149183e-24,5.4923079741e-24,6.40993858918e-24,5.78168779211e-24],"var":[0.000310905830702,0.0000259470052697,0.00000327725251736,0.00000149428979057,0.00000101353953141,9.30831959067e-7,3.73416099819e-7,2.5857974606e-7,1.25787380512e-7,7.71838770675e-8,1.16839828479e-7,9.71779172687e-8,1.59270854283e-8,1.26783641363e-8,5.39632782903e-9,3.26519633553e-9,5.03381780703e-9,6.97078972323e-9,2.47188824964e-9,1.5414680643e-9,2.27777374739e-9,2.76328870896e-9,1.45384126959e-9,1.07785380621e-9,5.35091082554e-10,3.40942912791e-10,2.31396998784e-10,9.77680852943e-11,7.61582949482e-11,6.8713340573e-11,6.27120647079e-11,6.24920948322e-11,4.475323237e-11,3.19993510856e-11,1.08456663789e-11,5.11387937205e-12,1.20808929267e-12,2.16965266825e-13,1.21569746457e-13,2.3957423976e-14]},"melbands_crest":{"dmean":4.81148576736,"dmean2":7.6235408783,"dvar":19.3366546631,"dvar2":42.2418174744,"max":38.2097854614,"mean":18.1155586243,"median":16.5459499359,"min":1.5502178669,"var":64.1152954102},"melbands_flatness_db":{"dmean":0.0492062978446,"dmean2":0.07148065418,"dvar":0.0019203950651,"dvar2":0.00411859061569,"max":0.636119902134,"mean":0.264746487141,"median":0.260604918003,"min":0.00287146074697,"var":0.00768967252225},"melbands_kurtosis":{"dmean":29.1973628998,"dmean2":47.125743866,"dvar":4850.39697266,"dvar2":12449.796875,"max":1356.61547852,"mean":37.3799819946,"median":12.4108362198,"min":-1.71118664742,"var":5993.60009766},"melbands_skewness":{"dmean":1.58047091961,"dmean2":2.38941073418,"dvar":4.58713245392,"dvar2":10.5248193741,"max":28.8798885345,"mean":3.87232661247,"median":2.91488909721,"min":-1.68439435959,"var":10.749080658},"melbands_spread":{"dmean":6.90909910202,"dmean2":10.575876236,"dvar":89.4599380493,"dvar2":201.051132202,"max":178.102493286,"mean":15.9917221069,"median":10.5661201477,"min":0.132664576173,"var":425.754241943},"mfcc":{"cov":[[12489.4677734,194.053329468,-563.42590332,603.809753418,-428.615081787,543.285949707,-248.498275757,360.298431396,-72.2621612549,118.927780151,-67.8430404663,-6.64125299454,-96.4415054321],[194.053329468,1918.29589844,-275.580627441,-255.759277344,8.53674411774,-217.478469849,11.9401245117,-139.028366089,-43.7524108887,-97.1621246338,-25.7322273254,-67.5240249634,-34.846370697],[-563.42590332,-275.580627441,852.696533203,-18.2468299866,73.4873275757,100.882446289,56.7966079712,65.138092041,70.1869506836,49.0419464111,69.8932876587,76.4221038818,61.4993515015],[603.809753418,-255.759277344,-18.2468299866,596.692321777,90.7505569458,85.5914840698,26.9423294067,113.536979675,52.3363342285,93.0992507935,48.6264533997,52.3851928711,38.1351928711],[-428.615081787,8.53674411774,73.4873275757,90.7505569458,357.882751465,32.9757156372,125.169235229,53.32421875,77.9683837891,18.3836994171,44.7131729126,34.9131851196,40.8185424805],[543.285949707,-217.478469849,100.882446289,85.5914840698,32.9757156372,292.461425781,56.9672241211,120.294487,10.3041372299,25.1811122894,-5.13936471939,37.5819625854,26.2882385254],[-248.498275757,11.9401245117,56.7966079712,26.9423294067,125.169235229,56.9672241211,204.425796509,76.3111114502,60.68516922,-8.75062084198,-5.58234453201,5.04380273819,35.9924240112],[360.298431396,-139.028366089,65.138092041,113.536979675,53.32421875,120.294487,76.3111114502,170.742477417,57.9450187683,30.7333106995,-8.70501708984,24.4314308167,20.4817276001],[-72.2621612549,-43.7524108887,70.1869506836,52.3363342285,77.9683837891,10.3041372299,60.68516922,57.9450187683,110.625480652,41.4257850647,23.4389877319,13.6477689743,20.5264205933],[118.927780151,-97.1621246338,49.0419464111,93.0992507935,18.3836994171,25.1811122894,-8.75062084198,30.7333106995,41.4257850647,106.379966736,57.4940719604,37.2589263916,12.5659513474],[-67.8430404663,-25.7322273254,69.8932876587,48.6264533997,44.7131729126,-5.13936471939,-5.58234453201,-8.70501708984,23.4389877319,57.4940719604,102.674674988,50.687374115,20.8068389893],[-6.64125299454,-67.5240249634,76.4221038818,52.3851928711,34.9131851196,37.5819625854,5.04380273819,24.4314308167,13.6477689743,37.2589263916,50.687374115,82.6713027954,39.98595047],[-96.4415054321,-34.846370697,61.4993515015,38.1351928711,40.8185424805,26.2882385254,35.9924240112,20.4817276001,20.5264205933,12.5659513474,20.8068389893,39.98595047,71.7655334473]],"icov":[[0.000113473484816,-0.0000551665907551,0.0000698954827385,-0.0000909545487957,0.000129361927975,-0.000216534346691,0.000187417157576,-0.000241386980633,-3.66870040125e-7,-0.0000154946010298,-0.0000612690782873,0.000067895562097,0.0000775273001636],[-0.0000551665907551,0.000660309451632,0.000136852715514,0.000233996688621,-0.000146823105752,0.000414968177211,-0.000296941812849,0.000246047507972,0.0000568901159568,0.000286410242552,-0.000187635159818,0.0000738831367926,-0.0000381141398975],[0.0000698954827385,0.000136852715514,0.00151994882617,0.000305152731016,0.0000858706553117,-0.00045053838403,0.0000724103811081,-0.000274805119261,-0.000670185138006,0.000166395606357,-0.000779175781645,-0.000487210025312,-0.000486068340251],[-0.0000909545487957,0.000233996688621,0.000305152731016,0.00241546868347,-0.000564574671444,0.000221945112571,0.000171768115251,-0.00117982388474,0.00034621154191,-0.00141224346589,-0.000318465667078,0.0000265088656306,-0.000837447762024],[0.000129361927975,-0.000146823105752,0.0000858706553117,-0.000564574671444,0.00434194831178,-0.000374794122763,-0.00180119660217,0.000077469732787,-0.0018576621078,0.00119235471357,-0.00168784789275,-0.000620489299763,0.0000355308657163],[-0.000216534346691,0.000414968177211,-0.00045053838403,0.000221945112571,-0.000374794122763,0.00602518813685,-0.00109706621151,-0.00324026844464,0.00258012395352,-0.000872178992722,0.000954939809162,-0.00136292644311,-0.000442996126367],[0.000187417157576,-0.000296941812849,0.0000724103811081,0.000171768115251,-0.00180119660217,-0.00109706621151,0.0089431097731,-0.0029149055481,-0.00260796141811,0.00220433552749,-0.000235556275584,0.00225254218094,-0.00309942942113],[-0.000241386980633,0.000246047507972,-0.000274805119261,-0.00117982388474,0.000077469732787,-0.00324026844464,-0.0029149055481,0.0134436385706,-0.00488963490352,-0.00132142473012,0.00463645998389,-0.00338373077102,0.00159651704598],[-3.66870040125e-7,0.0000568901159568,-0.000670185138006,0.00034621154191,-0.0018576621078,0.00258012395352,-0.00260796141811,-0.00488963490352,0.0167829245329,-0.00589642534032,-0.00097209692467,0.00310441921465,-0.00198327424005],[-0.0000154946010298,0.000286410242552,0.000166395606357,-0.00141224346589,0.00119235471357,-0.000872178992722,0.00220433552749,-0.00132142473012,-0.00589642534032,0.0187629144639,-0.00846381299198,-0.0019297801191,0.00156928354409],[-0.0000612690782873,-0.000187635159818,-0.000779175781645,-0.000318465667078,-0.00168784789275,0.000954939809162,-0.000235556275584,0.00463645998389,-0.00097209692467,-0.00846381299198,0.0210711378604,-0.00983832590282,0.00120119156782],[0.000067895562097,0.0000738831367926,-0.000487210025312,0.0000265088656306,-0.000620489299763,-0.00136292644311,0.00225254218094,-0.00338373077102,0.00310441921465,-0.0019297801191,-0.00983832590282,0.0260447058827,-0.0109903691337],[0.0000775273001636,-0.0000381141398975,-0.000486068340251,-0.000837447762024,0.0000355308657163,-0.000442996126367,-0.00309942942113,0.00159651704598,-0.00198327424005,0.00156928354409,0.00120119156782,-0.0109903691337,0.022190136835]],"mean":[-714.965209961,146.203811646,4.00211572647,32.5992851257,-3.13770747185,19.6155700684,-4.73748779297,8.57268619537,-3.73722839355,1.46310901642,0.704721450806,0.950563073158,-1.39619314671]},"pitch_salience":{"dmean":0.100085020065,"dmean2":0.157921075821,"dvar":0.00827727373689,"dvar2":0.019264196977,"max":0.922320902348,"mean":0.51974093914,"median":0.547645747662,"min":0.0390127524734,"var":0.0246626976877},"silence_rate_20dB":{"dmean":0.00996843352914,"dmean2":0.0199385229498,"dvar":0.00986888818443,"dvar2":0.0271832831204,"max":1,"mean":0.993853330612,"median":1,"min":0,"var":0.00610924512148},"silence_rate_30dB":{"dmean":0.0797474682331,"dmean2":0.159508183599,"dvar":0.0733801499009,"dvar2":0.140860408545,"max":1,"mean":0.9061383605,"median":1,"min":0,"var":0.0850431770086},"silence_rate_60dB":{"dmean":0.0405382961035,"dmean2":0.0810833275318,"dvar":0.0388979129493,"dvar2":0.087641172111,"max":1,"mean":0.106321126223,"median":0,"min":0,"var":0.095010176301},"spectral_centroid":{"dmean":336.309875488,"dmean2":483.074188232,"dvar":166322.1875,"dvar2":331846.96875,"max":12015.5917969,"mean":1165.53564453,"median":805.54675293,"min":126.775360107,"var":1781830.75},"spectral_complexity":{"dmean":4.42698144913,"dmean2":6.0299077034,"dvar":38.2301712036,"dvar2":54.1300582886,"max":63,"mean":12.8344545364,"median":10,"min":0,"var":119.765541077},"spectral_contrast_coeffs":{"dmean":[0.0586939156055,0.0504115261137,0.0392389371991,0.032414060086,0.0248889084905,0.0510622374713],"dmean2":[0.0924445539713,0.0824296250939,0.0633438006043,0.0518432818353,0.0385470502079,0.072557374835],"dvar":[0.0023056960199,0.00164098129608,0.00104645895772,0.000710875843652,0.000477323454106,0.0018910135841],"dvar2":[0.005507519003,0.0043565435335,0.00259799836203,0.001757049351,0.00108617008664,0.00376369571313],"max":[-0.274403899908,-0.475821256638,-0.526596069336,-0.59252345562,-0.631989657879,-0.430509865284],"mean":[-0.681723296642,-0.778668284416,-0.814614355564,-0.824413180351,-0.836506545544,-0.736412405968],"median":[-0.68962174654,-0.783194184303,-0.819900631905,-0.82701587677,-0.837855219841,-0.731242656708],"min":[-0.981687307358,-0.979348957539,-0.985650241375,-0.984633386135,-0.991530179977,-0.978489875793],"var":[0.0107519477606,0.005295955576,0.00390681577846,0.00270285410807,0.0019730841741,0.00725308572873]},"spectral_contrast_valleys":{"dmean":[0.533086359501,0.463614404202,0.469998776913,0.462308883667,0.502246320248,0.764500081539],"dmean2":[0.800995588303,0.716657519341,0.678152322769,0.644950151443,0.655301451683,1.14060354233],"dvar":[0.23110768199,0.172596871853,0.180210903287,0.198176965117,0.244093373418,0.434404492378],"dvar2":[0.43705791235,0.371714144945,0.343961983919,0.353119760752,0.4284106493,0.91804265976],"max":[-4.66688489914,-4.57002353668,-5.07202672958,-5.26557922363,-5.26167440414,-8.38604640961],"mean":[-7.47312068939,-7.16029024124,-7.7721118927,-8.26824092865,-8.37334156036,-11.455491066],"median":[-7.05522823334,-6.73026371002,-7.39814519882,-7.94548797607,-8.06845378876,-11.2259016037],"min":[-28.782989502,-28.030538559,-27.7988739014,-27.7383327484,-27.5754394531,-27.4637012482],"var":[6.82331323624,6.64461612701,6.35612535477,6.05475187302,6.15540075302,4.73724508286]},"spectral_decrease":{"dmean":8.0308115713e-9,"dmean2":1.26465646844e-8,"dvar":3.73727427001e-16,"dvar2":8.92364456525e-16,"max":1.20454390906e-9,"mean":-9.81439374215e-9,"median":-4.22142187873e-9,"min":-1.91821314388e-7,"var":3.6676055454e-16},"spectral_energy":{"dmean":0.0315463133156,"dmean2":0.0490964725614,"dvar":0.0054550464265,"dvar2":0.0129292877391,"max":0.737581312656,"mean":0.0420458801091,"median":0.0207634158432,"min":9.81569350242e-21,"var":0.00547994347289},"spectral_energyband_high":{"dmean":0.000659467361402,"dmean2":0.000917693192605,"dvar":0.00000160777767633,"dvar2":0.00000285740202344,"max":0.0183393787593,"mean":0.000815864477772,"median":0.000165566103533,"min":6.91044697523e-21,"var":0.00000284055886368},"spectral_energyband_low":{"dmean":0.0255882106721,"dmean2":0.0415315069258,"dvar":0.00464942725375,"dvar2":0.011480811052,"max":0.664209723473,"mean":0.0259112026542,"median":0.00589950662106,"min":1.22524795059e-23,"var":0.00408489163965},"spectral_energyband_middle_high":{"dmean":0.00193179911003,"dmean2":0.00268242438324,"dvar":0.0000166171521414,"dvar2":0.0000313714444928,"max":0.0871908217669,"mean":0.00305125769228,"median":0.000967112660874,"min":1.17954218594e-21,"var":0.000033146046917},"spectral_energyband_middle_low":{"dmean":0.00501609547064,"dmean2":0.00767392432317,"dvar":0.0000757552334107,"dvar2":0.000177870839252,"max":0.153041854501,"mean":0.0089892828837,"median":0.00455825263634,"min":1.85865537363e-22,"var":0.000150585910887},"spectral_entropy":{"dmean":0.29153701663,"dmean2":0.403816223145,"dvar":0.0773119404912,"dvar2":0.149123847485,"max":9.82360267639,"mean":7.52078294754,"median":7.55292081833,"min":5.20903921127,"var":0.323498547077},"spectral_flux":{"dmean":0.0485153496265,"dmean2":0.0760288238525,"dvar":0.00612899102271,"dvar2":0.0128851095214,"max":0.794669926167,"mean":0.111855745316,"median":0.0807416290045,"min":6.35315550168e-11,"var":0.0111708482727},"spectral_kurtosis":{"dmean":5.7843503952,"dmean2":8.48767185211,"dvar":60.1312255859,"dvar2":138.191207886,"max":114.99357605,"mean":14.0726099014,"median":11.4604196548,"min":-1.28109002113,"var":118.647003174},"spectral_rms":{"dmean":0.00177300837822,"dmean2":0.00253638694994,"dvar":0.00000769353391661,"dvar2":0.0000154673689394,"max":0.026825202629,"mean":0.00517346803099,"median":0.00450077699497,"min":3.09455759628e-12,"var":0.0000142555545608},"spectral_rolloff":{"dmean":2979.1862793,"dmean2":5514.625,"dvar":38204860,"dvar2":85426176,"max":21985.4003906,"mean":6710.48291016,"median":1012.06054688,"min":21.533203125,"var":82592488},"spectral_skewness":{"dmean":0.540184497833,"dmean2":0.754029512405,"dvar":0.344330281019,"dvar2":0.722736001015,"max":8.79337406158,"mean":2.48235917091,"median":2.33847904205,"min":-0.108982637525,"var":1.05311119556},"spectral_spread":{"dmean":906468,"dmean2":1285202.625,"dvar":878340407296,"dvar2":1723603222530,"max":43172788,"mean":5181742,"median":4487431.5,"min":1268422.875,"var":19360049528800},"spectral_strongpeak":{"dmean":1.64016962051,"dmean2":2.96897935867,"dvar":43.4054946899,"dvar2":114.733642578,"max":92.4769744873,"mean":1.48593175411,"median":0.228303134441,"min":0,"var":37.1113777161},"zerocrossingrate":{"dmean":0.0403457097709,"dmean2":0.045862454921,"dvar":0.0013755831169,"dvar2":0.00169090018608,"max":0.6904296875,"mean":0.188458070159,"median":0.1611328125,"min":0.00048828125,"var":0.0154650760815}},"metadata":{"audio_properties":{"analysis_sample_rate":44100,"bit_rate":160000,"codec":"mp3","downmix":"mix","equal_loudness":0,"length":279.510192871,"lossless":false,"md5_encoded":"9b8a00f311ee167bf024cebe1d6ab419","replay_gain":0.334520339966,"sample_rate":44100},"tags":{"album":["Wanted Dread & Alive"],"album artist credit":["Peter Tosh"],"albumartist":["Peter Tosh"],"albumartistsort":["Tosh, Peter"],"artist":["Peter Tosh"],"artist credit":["Peter Tosh"],"artistsort":["Tosh, Peter"],"asin":["B00000CKZ6"],"bpm":["0"],"catalognumber":["SO-17055"],"date":["1981"],"discnumber":["1/1"],"encodedby":["iTunes v4.9.0.17"],"file_name":"08 - Peter Tosh - That's What They Will Do.mp3","genre":["Reggae"],"label":["EMI America"],"language":["eng"],"media":["12\" Vinyl"],"musicbrainz album release country":["US"],"musicbrainz album status":["Official"],"musicbrainz album type":["album"],"musicbrainz_albumartistid":["7db6aae5-6644-4513-9bfc-ca2e79d4469c"],"musicbrainz_albumid":["a93a68f7-7cd4-42bf-ba88-fef2b195b8bb"],"musicbrainz_artistid":["7db6aae5-6644-4513-9bfc-ca2e79d4469c"],"musicbrainz_recordingid":["405743c1-88db-4093-8bc8-39034dbc20f9"],"musicbrainz_releasegroupid":["0802c02d-bb53-3da5-a80a-38bc02da8198"],"originaldate":["1981"],"replaygain_album_gain":["0.00 dB"],"replaygain_album_peak":["0.000000"],"replaygain_track_gain":["3.28 dB"],"replaygain_track_peak":["0.786530"],"script":["Latn"],"title":["That's What They Will Do"],"tracknumber":["8/9"]},"version":{"essentia":"2.1-beta1","essentia_build_sha":"5a811adb4c06fd6d02ca903f7349a26d851abfa8","essentia_git_sha":"v2.1_beta1-34-gf95df8b","extractor":"music 1.0"}},"rhythm":{"beats_count":411,"beats_loudness":{"dmean":0.0602722913027,"dmean2":0.102806031704,"dvar":0.00353593798354,"dvar2":0.0104150157422,"max":0.520218849182,"mean":0.105109743774,"median":0.0988619029522,"min":0,"var":0.00452794972807},"beats_loudness_band_ratio":{"dmean":[0.16933915019,0.0609735623002,0.0354054383934,0.0316326282918,0.0595742240548,0.0625