{"lowlevel":{"average_loudness":0.786473274231,"barkbands":{"dmean":[0.000308052898617,0.00308056245558,0.00318921986036,0.00278210127726,0.004172926303,0.00152587564662,0.000321929022903,0.000396457646275,0.000522748741787,0.00028602159,0.000208119046874,0.000191938059288,0.0000900946397451,0.000122072655358,0.0000985974620562,0.0000152132206495,0.00000887390160642,0.00000728587247067,0.00000706991977495,0.00000629876331004,0.00000422574203185,0.00000340902602147,0.00000213656153392,0.00000175301931904,0.00000165040000866,0.00000169252052729,0.00000476470586364],"dmean2":[0.000513341510668,0.00517664290965,0.00522031728178,0.00435609417036,0.006314934697,0.00227041984908,0.00050571677275,0.000611476949416,0.00081420422066,0.000443196651759,0.000331517250743,0.000307441310724,0.00014744004875,0.000192515770323,0.00015306386922,0.0000239870641963,0.0000140515230669,0.0000112500838441,0.0000106561146822,0.00000951202218857,0.00000666722189635,0.00000528674991074,0.00000349812648892,0.00000295354493574,0.00000278723064184,0.00000283058761852,0.00000700634200257],"dvar":[3.38195548011e-7,0.0000195758457266,0.0000298779923469,0.0000183411721082,0.0000883280808921,0.0000177160618478,4.49634484312e-7,0.00000128209103423,0.00000244813918471,7.96565132077e-7,3.90609386614e-7,2.40120328954e-7,1.37514447829e-7,8.9413532578e-8,6.30050820405e-8,7.43750283583e-10,3.66677022079e-10,2.53844389952e-10,3.63038793472e-10,3.41270095516e-10,7.01761287969e-11,3.94036539508e-11,1.99986485705e-11,1.62111903762e-11,1.48220515722e-11,1.45082539732e-11,6.7993791153e-11],"dvar2":[8.37759841943e-7,0.0000520905741723,0.0000742188422009,0.0000415956092183,0.000176351502887,0.0000355907250196,0.00000106500453967,0.00000268068652076,0.00000618693593424,0.00000194371455109,9.33404066927e-7,6.13133067873e-7,3.70941137362e-7,2.17763300725e-7,1.54648787998e-7,1.76570380539e-9,9.14240405603e-10,5.78811887308e-10,7.621143161e-10,8.39701863597e-10,1.72510034036e-10,9.38168501219e-11,5.16665460415e-11,4.2543430584e-11,3.89421168923e-11,3.80798517718e-11,1.5651555052e-10],"max":[0.0101962890476,0.0614792108536,0.164027899504,0.072096914053,0.35719332099,0.0875476226211,0.0148821882904,0.0302615370601,0.0387651771307,0.0253374241292,0.0165088288486,0.0214567407966,0.0185622442514,0.0113326152787,0.00584386894479,0.000657900993247,0.000627407862339,0.00039804779226,0.000722853641491,0.000903940526769,0.000170785220689,0.000153889224748,0.000117141840747,0.000110316454084,0.000105773426185,0.000104745326098,0.000190089689568],"mean":[0.000355451309588,0.0044608078897,0.00479472149163,0.0045893616043,0.00691220723093,0.00270270765759,0.000550731376279,0.000650352914818,0.000801402784418,0.000437816866906,0.000349902053131,0.000346742046531,0.000139935058542,0.000207498844247,0.00017049665621,0.0000246723448072,0.0000128813262563,0.0000108746407932,0.000010954152458,0.00000925687072595,0.00000545282637177,0.0000042819524424,0.00000236888627114,0.00000163078323112,0.00000147201660639,0.00000166574784544,0.0000094315428214],"median":[0.00012923272152,0.00236873235554,0.00220194784924,0.00221116351895,0.00213761557825,0.000567533425055,0.000212016166188,0.000141451906529,0.000106800980575,0.000107625623059,0.000103747079265,0.000143684155773,0.0000543540118088,0.0000693891852279,0.0000386901992897,0.000014078887034,0.00000632865749139,0.00000527553629581,0.00000458068461739,0.00000413473435401,0.00000248357628152,0.00000190375158127,0.00000100202646536,4.55743446537e-7,3.50942741534e-7,5.69808037199e-7,0.00000468616462967],"min":[4.66808395324e-14,1.1067188832e-13,1.73841247387e-13,3.16163816048e-13,1.34703554734e-12,8.81314444166e-13,9.41937364695e-14,1.63603410875e-13,2.96615542458e-13,4.04822632664e-13,4.22694973641e-13,2.54444848437e-13,1.38742533087e-13,2.30163544473e-13,6.27565165633e-13,2.96383441878e-13,3.79484041847e-13,7.10590006975e-13,1.87966526025e-12,3.13609229731e-12,4.73872850681e-12,3.20957887004e-12,3.65383071022e-12,6.65089771451e-12,2.61160776165e-13,4.62807830254e-12,2.60045175497e-12],"var":[4.59317050172e-7,0.0000358233082807,0.0000591361240367,0.0000479312402604,0.000226498304983,0.0000515383435413,0.00000103079344171,0.00000332348918164,0.00000529362068846,0.00000148521417032,9.32747980187e-7,5.29669023308e-7,1.203815998e-7,1.69977411701e-7,1.4190217712e-7,1.14961273834e-9,4.58979243501e-10,3.99116767413e-10,6.94323654127e-10,4.2389100563e-10,8.76033690034e-11,5.15560649728e-11,1.97807829144e-11,1.45300464369e-11,1.31825271185e-11,1.31720042859e-11,1.67622304925e-10]},"barkbands_crest":{"dmean":2.73867821693,"dmean2":4.53896093369,"dvar":5.32367229462,"dvar2":14.1862401962,"max":25.8382549286,"mean":10.7024612427,"median":10.1475315094,"min":3.39494681358,"var":12.6717100143},"barkbands_flatness_db":{"dmean":0.0354652404785,"dmean2":0.0560669861734,"dvar":0.000812480342574,"dvar2":0.00208880682476,"max":0.43181475997,"mean":0.213274002075,"median":0.211372107267,"min":0.0422898121178,"var":0.00276674260385},"barkbands_kurtosis":{"dmean":5.31729602814,"dmean2":8.5570230484,"dvar":43.3194770813,"dvar2":109.888389587,"max":169.055465698,"mean":11.0475502014,"median":7.94917488098,"min":-1.7059981823,"var":137.687927246},"barkbands_skewness":{"dmean":0.616858363152,"dmean2":0.986397087574,"dvar":0.301308214664,"dvar2":0.764859437943,"max":11.9366979599,"mean":2.32785630226,"median":2.23142290115,"min":-2.27254533768,"var":1.29052567482},"barkbands_spread":{"dmean":2.42563128471,"dmean2":3.8031065464,"dvar":8.17305374146,"dvar2":18.5034770966,"max":94.762512207,"mean":7.69674777985,"median":6.40094470978,"min":0.408689200878,"var":32.5388069153},"dissonance":{"dmean":0.0268226116896,"dmean2":0.0457306168973,"dvar":0.000662524893414,"dvar2":0.00184159749188,"max":0.500000119209,"mean":0.453607082367,"median":0.460895448923,"min":0.23030731082,"var":0.00102092768066},"dynamic_complexity":4.33489465714,"erbbands":{"dmean":[0.0705401003361,0.789137601852,2.85425233841,7.43770456314,11.1713876724,15.9895486832,15.6861782074,10.2968816757,4.66422319412,7.00373888016,9.1399936676,12.1891994476,10.4479627609,6.64298343658,8.14246845245,7.6071138382,4.43038606644,4.38127040863,7.14194107056,2.04432892799,0.707923531532,0.506101727486,0.394135415554,0.382195144892,0.359939664602,0.278148859739,0.190015926957,0.150617703795,0.12452994287,0.0910447761416,0.057784255594,0.0400823839009,0.0277061425149,0.0186576154083,0.0116306077689,0.00645109638572,0.00316918618046,0.00144888297655,0.000412038236391,0.0000845798058435],"dmean2":[0.117039263248,1.32860505581,4.64272403717,11.7323007584,17.5369319916,23.9393844604,23.595954895,15.2593736649,7.3030128479,10.7678871155,14.0070066452,19.0288925171,16.1944694519,10.1362037659,12.7176761627,12.1477975845,7.17644119263,6.88404560089,10.8898000717,3.13876533508,1.10414469242,0.796403408051,0.608825325966,0.582963824272,0.532313466072,0.41990339756,0.299621790648,0.238110840321,0.193667694926,0.143978178501,0.0949043929577,0.067307382822,0.0467560775578,0.0315029732883,0.0196380633861,0.0108909290284,0.00530626252294,0.00228780740872,0.000620367412921,0.000119971511594],"dvar":[0.0097467629239,1.34564757347,26.7265663147,119.622200012,489.305633545,2051.03198242,1638.55541992,912.162109375,143.977111816,227.78742981,869.572387695,1582.26794434,986.672546387,490.122711182,538.337890625,357.516967773,379.843933105,83.9615478516,325.310638428,16.7129135132,1.60273480415,1.19718635082,0.688069462776,1.01093375683,0.735116541386,0.601934015751,0.150415077806,0.0855281800032,0.053569111973,0.0312268640846,0.0148031264544,0.00825558789074,0.00410687131807,0.00189257448073,0.000735867128242,0.000225167095778,0.0000508803495904,0.00000789609111962,6.54184475479e-7,1.85107289497e-8],"dvar2":[0.0252917297184,3.56791067123,65.6887969971,281.140686035,1033.66137695,3927.34814453,3356.74121094,1972.41064453,349.429199219,498.977783203,1872.50048828,4009.73535156,2469.28027344,1107.28723145,1276.06677246,909.585632324,1030.09667969,206.969207764,755.213134766,39.9500732422,3.77804160118,2.97886991501,1.60879683495,2.23290228844,1.56123292446,1.41657471657,0.365500062704,0.21165689826,0.127630665898,0.0774208679795,0.0384908355772,0.021691692993,0.0107811233029,0.00497133703902,0.00193317176308,0.000591250136495,0.000133571898914,0.0000196974615392,0.00000154320218826,3.98844690608e-8],"max":[1.88592088223,15.4997797012,153.604034424,194.230331421,503.099517822,1957.5748291,924.660400391,717.435791016,288.931060791,328.397674561,915.548583984,1137.80065918,894.996032715,666.569091797,566.146179199,941.646240234,1013.10980225,222.610351562,444.036376953,82.5825805664,26.3615951538,33.7137794495,20.066614151,31.6554412842,24.3452281952,36.0935516357,7.25366163254,7.22014188766,5.81486654282,4.00529575348,3.28187680244,2.47255754471,1.75810551643,1.19502532482,0.745356857777,0.412072718143,0.194709375501,0.0717636868358,0.0216592159122,0.00260207802057],"mean":[0.101528801024,1.13724291325,4.62599134445,12.7978715897,18.136762619,24.2646389008,26.1150989532,17.7303199768,7.9253487587,12.0014514923,15.3367261887,18.7335662842,16.7729873657,11.0808744431,15.1818590164,14.2260818481,7.74397563934,8.18458557129,12.8740329742,3.87640166283,1.21525263786,0.759591400623,0.602383732796,0.579855024815,0.573085725307,0.416607528925,0.249113753438,0.193732902408,0.156626746058,0.109077334404,0.0634584501386,0.0392762906849,0.0250713229179,0.0166862942278,0.0103940386325,0.00581209082156,0.00315712881275,0.00176969124004,0.000629887683317,0.000217819149839],"median":[0.0525535866618,0.582401931286,2.09735155106,6.85183620453,7.14834928513,5.94211483002,6.0726723671,3.71223163605,2.28770208359,4.47183847427,2.78941297531,2.54006648064,3.92509293556,3.32698249817,4.85332918167,6.42834091187,3.43941044807,3.31498360634,2.80733799934,1.44796991348,0.729347348213,0.385661840439,0.30366769433,0.251536995173,0.238763138652,0.190880045295,0.114258386195,0.0890967994928,0.0708702504635,0.047172985971,0.0267888475209,0.0131253041327,0.00632380088791,0.00401877611876,0.00249712029472,0.00143649452366,0.00110238080379,0.000802929804195,0.000325032830006,0.00013072990987],"min":[3.18422501908e-12,2.68853255631e-11,1.61622493167e-10,6.91752044535e-10,2.17310835993e-9,5.01621588711e-9,7.82625519946e-9,6.47587228286e-9,1.93296756379e-9,2.51977572141e-9,3.24516191696e-9,5.93461413345e-9,1.47849190668e-8,9.57291756976e-9,2.05257340014e-8,8.54844461884e-9,6.95358659542e-9,6.65998944882e-9,2.72866405027e-8,2.68217661414e-8,1.72776601914e-8,2.21041442927e-8,3.59445309073e-8,8.11065561379e-8,8.34997706534e-8,1.72421025013e-7,1.31560952354e-7,2.28966186455e-7,1.44708081962e-7,1.07513201897e-7,8.30425506138e-8,1.26701323211e-7,1.03456159195e-7,1.27834516306e-8,3.56263130108e-9,1.48870773486e-8,1.05205444356e-8,2.3944657368e-9,5.06236386144e-10,1.97828316228e-11],"var":[0.0190505050123,2.44353175163,56.4314613342,314.960266113,1257.10217285,4867.53466797,4153.79736328,2464.72338867,331.041870117,572.064147949,2116.01342773,3155.29199219,1902.76464844,987.356811523,1464.67663574,798.071899414,327.711700439,183.348373413,788.374511719,44.6495361328,2.51799964905,1.49928081036,1.03450798988,1.66689479351,1.48706293106,0.830116033554,0.189807221293,0.105344511569,0.0699141174555,0.036276537925,0.0143662029877,0.00742542650551,0.00367132062092,0.00168468325865,0.000654854695313,0.0002008300944,0.0000461548697785,0.00000906832246983,9.6884332379e-7,6.05019465638e-8]},"erbbands_crest":{"dmean":2.85098719597,"dmean2":4.60772323608,"dvar":6.22812891006,"dvar2":15.3366918564,"max":31.8873348236,"mean":10.13123703,"median":9.2855682373,"min":2.18105816841,"var":16.8152751923},"erbbands_flatness_db":{"dmean":0.0319907739758,"dmean2":0.0499336160719,"dvar":0.000673239410389,"dvar2":0.0017854339676,"max":0.389616966248,"mean":0.192589238286,"median":0.189696237445,"min":0.0451437160373,"var":0.00231649796478},"erbbands_kurtosis":{"dmean":1.05372226238,"dmean2":1.71044671535,"dvar":2.36508703232,"dvar2":6.00736236572,"max":37.6624183655,"mean":0.60490745306,"median":0.0521774291992,"min":-1.76226818562,"var":4.47780895233},"erbbands_skewness":{"dmean":0.40299230814,"dmean2":0.623261511326,"dvar":0.126167297363,"dvar2":0.303908914328,"max":4.67554330826,"mean":0.534482777119,"median":0.531537771225,"min":-3.32647633553,"var":0.636633872986},"erbbands_spread":{"dmean":5.19956874847,"dmean2":8.0561542511,"dvar":21.4968223572,"dvar2":50.7473487854,"max":123.416694641,"mean":26.0607814789,"median":25.2380065918,"min":1.98194396496,"var":110.439956665},"gfcc":{"cov":[[4894.49707031,150.995941162,-149.19090271,-313.629974365,-91.6934509277,-34.5947723389,-266.548522949,-41.3370399475,-103.577590942,72.6787261963,-72.8211975098,-171.132888794,111.211250305],[150.995941162,899.08782959,-33.9746627808,-232.005630493,112.118309021,-96.0226287842,64.968711853,-171.308242798,76.7628555298,-53.9479446411,20.0543670654,-82.0480117798,32.9309425354],[-149.19090271,-33.9746627808,313.170776367,100.144485474,-78.0501327515,132.935089111,-96.8604354858,96.8927383423,-72.0808486938,20.4831314087,-37.8288383484,-1.79279458523,13.0174713135],[-313.629974365,-232.005630493,100.144485474,255.487030029,62.877166748,12.5725641251,50.4023361206,21.9632434845,-19.8675575256,-11.4789638519,-14.3887042999,45.199508667,-44.4959602356],[-91.6934509277,112.118309021,-78.0501327515,62.877166748,192.705535889,10.0560340881,81.1219024658,-73.5904083252,13.1387014389,-35.6386222839,25.1474514008,-7.94780063629,-18.1273288727],[-34.5947723389,-96.0226287842,132.935089111,12.5725641251,10.0560340881,223.665969849,-15.8425149918,81.2581176758,-83.8014068604,-0.727989017963,-13.5454311371,7.03991985321,16.0550518036],[-266.548522949,64.968711853,-96.8604354858,50.4023361206,81.1219024658,-15.8425149918,227.224578857,-33.9886894226,34.7751274109,-63.3252334595,1.45990002155,37.9660072327,-36.2266273499],[-41.3370399475,-171.308242798,96.8927383423,21.9632434845,-73.5904083252,81.2581176758,-33.9886894226,168.203460693,-22.2379341125,19.6286392212,-13.7477874756,2.8482208252,14.8563613892],[-103.577590942,76.7628555298,-72.0808486938,-19.8675575256,13.1387014389,-83.8014068604,34.7751274109,-22.2379341125,117.232223511,34.9578208923,11.5881481171,-3.44044137001,-15.1913976669],[72.6787261963,-53.9479446411,20.4831314087,-11.4789638519,-35.6386222839,-0.727989017963,-63.3252334595,19.6286392212,34.9578208923,81.2940673828,30.6435909271,-6.48739337921,0.427442580462],[-72.8211975098,20.0543670654,-37.8288383484,-14.3887042999,25.1474514008,-13.5454311371,1.45990002155,-13.7477874756,11.5881481171,30.6435909271,63.8348579407,22.3446598053,-3.26815247536],[-171.132888794,-82.0480117798,-1.79279458523,45.199508667,-7.94780063629,7.03991985321,37.9660072327,2.8482208252,-3.44044137001,-6.48739337921,22.3446598053,75.6867828369,10.7776632309],[111.211250305,32.9309425354,13.0174713135,-44.4959602356,-18.1273288727,16.0550518036,-36.2266273499,14.8563613892,-15.1913976669,0.427442580462,-3.26815247536,10.7776632309,70.0844039917]],"icov":[[0.000324146298226,-0.000223413255299,0.000352065108018,0.000740439281799,-0.00100649974775,0.00082402897533,-0.0000700775053701,-0.000530809804332,0.00195439625531,-0.00267878361046,0.00258015911095,-0.00102121988311,0.000339848193107],[-0.000223413255299,0.0363994985819,-0.0810711607337,0.10551314801,-0.0935167595744,0.0721659362316,-0.0346100628376,-0.00232803681865,0.0243795029819,-0.0391226001084,0.0475156754255,-0.0444328412414,0.021754084155],[0.000352065108018,-0.0810711607337,0.195713415742,-0.255838751793,0.231464028358,-0.179628461599,0.0832320079207,0.0131811546162,-0.0709101706743,0.112065710127,-0.131262466311,0.122930549085,-0.0610798485577],[0.000740439281799,0.10551314801,-0.255838751793,0.357691138983,-0.328104764223,0.251126497984,-0.110994033515,-0.0294122304767,0.119275569916,-0.184701308608,0.214722543955,-0.192241072655,0.0968869701028],[-0.00100649974775,-0.0935167595744,0.231464028358,-0.328104764223,0.314214915037,-0.23654641211,0.099616356194,0.0351555012167,-0.1213786304,0.188395068049,-0.216670528054,0.189308479428,-0.0929395779967],[0.00082402897533,0.0721659362316,-0.179628461599,0.251126497984,-0.23654641211,0.188212797046,-0.0800578147173,-0.0269415639341,0.0971110910177,-0.144498035312,0.162173181772,-0.140948101878,0.0687844008207],[-0.0000700775053701,-0.0346100628376,0.0832320079207,-0.110994033515,0.099616356194,-0.0800578147173,0.0459718480706,0.00633817119524,-0.0397763103247,0.0624369978905,-0.062365308404,0.0503731332719,-0.0226874612272],[-0.000530809804332,-0.00232803681865,0.0131811546162,-0.0294122304767,0.0351555012167,-0.0269415639341,0.00633817119524,0.0198881998658,-0.0249391552061,0.0345492884517,-0.0382562540472,0.0319912806153,-0.0171806197613],[0.00195439625531,0.0243795029819,-0.0709101706743,0.119275569916,-0.1213786304,0.0971110910177,-0.0397763103247,-0.0249391552061,0.0875533744693,-0.11765730381,0.117824524641,-0.0901740565896,0.0444834306836],[-0.00267878361046,-0.0391226001084,0.112065710127,-0.184701308608,0.188395068049,-0.144498035312,0.0624369978905,0.0345492884517,-0.11765730381,0.18839815259,-0.186387196183,0.140257298946,-0.0655793175101],[0.00258015911095,0.0475156754255,-0.131262466311,0.214722543955,-0.216670528054,0.162173181772,-0.062365308404,-0.0382562540472,0.117824524641,-0.186387196183,0.217186972499,-0.16512170434,0.0791621953249],[-0.00102121988311,-0.0444328412414,0.122930549085,-0.192241072655,0.189308479428,-0.140948101878,0.0503731332719,0.0319912806153,-0.0901740565896,0.140257298946,-0.16512170434,0.154132992029,-0.0736812576652],[0.000339848193107,0.021754084155,-0.0610798485577,0.0968869701028,-0.0929395779967,0.0687844008207,-0.0226874612272,-0.0171806197613,0.0444834306836,-0.0655793175101,0.0791621953249,-0.0736812576652,0.0535482503474]],"mean":[-83.4721679688,149.748245239,-77.7118682861,2.06959271431,-25.1477050781,2.56265187263,-14.7928848267,-19.6135120392,-17.5127983093,-6.34735870361,-12.9429979324,-6.39602041245,-11.7950391769]},"hfc":{"dmean":2.67585349083,"dmean2":3.80890417099,"dvar":15.6039009094,"dvar2":30.415687561,"max":95.6615447998,"mean":8.01790332794,"median":4.64304351807,"min":2.66769916379e-7,"var":78.053817749},"melbands":{"dmean":[0.000742179516237,0.00128449103795,0.00125394540373,0.000999977695756,0.000539431581274,0.000234011793509,0.0000688373256708,0.0000767876263126,0.0000784127623774,0.0000773546416895,0.0000524631432199,0.0000276001082966,0.0000295650497719,0.0000211348269659,0.0000168304595718,0.00000767934852774,0.00000875249588717,0.0000129342561195,0.00000576670800001,0.00000128348085582,7.7580625657e-7,5.35989215678e-7,4.30462165468e-7,3.52555844074e-7,3.19848226127e-7,2.76361333817e-7,2.76172585245e-7,1.67069472923e-7,1.22778260447e-7,1.05086684243e-7,8.42698710812e-8,7.37109644433e-8,6.35575219121e-8,4.57297630874e-8,3.4284610706e-8,2.83397323386e-8,2.30956960223e-8,1.97477731945e-8,1.72261014342e-8,1.5223479366e-8],"dmean2":[0.00124550319742,0.00209516147152,0.00197380548343,0.00151909247506,0.000809980090708,0.000348361907527,0.000108079759229,0.000117502611829,0.000121072145703,0.000120340126159,0.0000814830418676,0.0000424392528657,0.0000464507465949,0.0000333158386638,0.000027281445,0.0000125360083985,0.0000139013873195,0.0000198512625502,0.00000901284147403,0.00000200459726329,0.00000123573965993,8.50609410463e-7,6.76250124343e-7,5.52135020371e-7,4.95726396821e-7,4.13500345076e-7,4.1014936869e-7,2.58874109704e-7,1.96068583591e-7,1.67646049931e-7,1.34782283112e-7,1.16133918482e-7,1.00186724694e-7,7.34474383535e-8,5.62699007389e-8,4.7535003489e-8,3.88907821502e-8,3.33374536865e-8,2.90853439111e-8,2.57051695485e-8],"dvar":[0.00000109737925413,0.00000452562153441,0.00000334891319653,0.00000548502248421,0.00000173930800429,4.42448765625e-7,2.95748474599e-8,3.05011376156e-8,7.10571583795e-8,6.32298338132e-8,2.53818353002e-8,8.47879810806e-9,7.60637952624e-9,3.38551031653e-9,1.43590217494e-9,1.4074983401e-9,3.85786597112e-10,1.14419707042e-9,1.92123483789e-10,5.26480335022e-12,2.05482896323e-12,1.46414531974e-12,7.44696188396e-13,6.75842140498e-13,7.92505980545e-13,5.46291093959e-13,7.23533700401e-13,1.84256893055e-13,6.20712858825e-14,4.91406062706e-14,2.7199452746e-14,2.00423394379e-14,1.48326988712e-14,8.21416468644e-15,5.07384890328e-15,4.02347934429e-15,2.79090622208e-15,2.07903940442e-15,1.61000147438e-15,1.26071695655e-15],"dvar2":[0.00000288213823296,0.0000112197440103,0.00000763819480198,0.0000105219532998,0.00000373466741621,9.49564423536e-7,7.03394107404e-8,6.57713243868e-8,1.54156637677e-7,1.61817865774e-7,6.30781329392e-8,1.91846183384e-8,1.81638686314e-8,8.64522142763e-9,3.61466989673e-9,3.93091426076e-9,9.5473307038e-10,2.64841459874e-9,4.77258732534e-10,1.22480471945e-11,4.97360269289e-12,3.7360561693e-12,1.75447427853e-12,1.60055887814e-12,1.80263226221e-12,1.12922345086e-12,1.79162858594e-12,4.30418775708e-13,1.52216279403e-13,1.23506239957e-13,6.80078145491e-14,4.77059255814e-14,3.60516399177e-14,2.0646573779e-14,1.31376944642e-14,1.06250796464e-14,7.32250072616e-15,5.45722575609e-15,4.22836094412e-15,3.31186197783e-15],"max":[0.0168099496514,0.0559064261615,0.0297851711512,0.0974985957146,0.0254018399864,0.014090902172,0.00403403816745,0.00477435393259,0.0084476750344,0.00725717982277,0.00456663733348,0.00276363897137,0.00246262317523,0.00237375427969,0.00133705546614,0.0017618748825,0.000574795121793,0.00103243184276,0.00029541560798,0.0000705477359588,0.0000321868647006,0.000043760472181,0.0000189152124221,0.0000241812376771,0.0000288602495857,0.0000260251708823,0.0000421136246587,0.0000181835821422,0.00000510848576596,0.00000546240198673,0.00000420547485191,0.00000401700481234,0.000002625585239,0.00000209870790968,0.00000194361746253,0.00000166268785051,0.00000144404680213,0.00000124932091694,0.00000110068901904,9.75642933554e-7],"mean":[0.00111656147055,0.00215815985575,0.00227956473827,0.00159490632359,0.00091979955323,0.000414202339016,0.000117764109746,0.000130556116346,0.000128560699522,0.000116504830658,0.0000820500208647,0.0000434779612988,0.0000521775364177,0.0000384391314583,0.0000293687007797,0.0000125605156427,0.0000153755154315,0.0000224817740673,0.0000101824316516,0.00000209327117773,0.00000119581807212,7.56534177526e-7,6.33245804238e-7,5.11290011218e-7,4.6273757448e-7,4.22708495762e-7,4.12569562513e-7,2.36416937582e-7,1.56474129653e-7,1.32899188543e-7,1.05028796327e-7,9.11320370278e-8,7.65376455547e-8,5.30269126386e-8,3.75458313329e-8,2.94214217433e-8,2.16193445368e-8,1.77803904933e-8,1.54162140831e-8,1.35821851543e-8],"median":[0.000600810628384,0.00110597303137,0.00124114973005,0.00050685252063,0.000215655920329,0.0000859382198541,0.0000371578134946,0.0000451242376585,0.0000199771893676,0.0000150708301589,0.0000188448757399,0.000012337899534,0.0000158700404427,0.0000140618376463,0.0000137348915814,0.00000515494002684,0.0000059095564211,0.0000045656461225,0.00000262331445811,0.00000109505629098,6.86822886564e-7,3.64467354075e-7,3.05258083699e-7,2.44740760991e-7,1.91903026803e-7,1.68448110571e-7,1.68146968349e-7,1.09769999312e-7,7.08486069811e-8,5.89594115752e-8,4.74974299891e-8,4.03271371852e-8,3.29251825804e-8,2.23059686277e-8,1.56970365595e-8,1.14902967141e-8,6.17276096904e-9,4.43695524766e-9,3.72369624024e-9,3.2390630178e-9],"min":[3.1619919492e-14,6.76486048169e-14,1.55108808826e-13,2.55327307691e-13,2.74153421319e-13,1.46797328525e-13,2.64872877727e-14,3.05717772061e-14,2.41569663036e-14,4.32347740779e-14,7.51426915482e-14,3.66998708441e-14,6.61980371778e-14,3.57485478123e-14,1.98361919474e-14,9.5080828993e-15,1.24665470614e-14,4.15216838234e-14,4.80697601136e-14,2.56402344967e-14,1.82305596807e-14,2.17996177072e-14,2.85473413571e-14,3.18261279689e-14,7.01680941541e-14,6.79413326272e-14,4.56173049638e-14,1.40977927574e-13,6.85997008439e-14,1.27677599396e-13,1.12169239283e-13,7.05348594202e-14,7.63877757706e-14,6.03845451289e-14,3.379297913e-14,7.10968081825e-14,8.70324049374e-14,7.3015053205e-14,4.62585292337e-14,1.70155059527e-15],"var":[0.00000216432431444,0.00000975538478087,0.00000928079316509,0.0000142876024256,0.00000432414390161,0.00000125505448523,6.79008351767e-8,7.63265646242e-8,1.66110481814e-7,1.24775453969e-7,4.81575455069e-8,1.68532476863e-8,1.89771789394e-8,7.94149013217e-9,2.52775356202e-9,1.07435893515e-9,7.55301932109e-10,2.6397073416e-9,4.70186334312e-10,8.98529167737e-12,2.84468108791e-12,1.67362272045e-12,1.10776221095e-12,9.65896308248e-13,1.20206145385e-12,1.10808898949e-12,9.15626081899e-13,2.5277157212e-13,7.5471191254e-14,5.84772844297e-14,3.19040041781e-14,2.55044839143e-14,1.78855580791e-14,9.04225035369e-15,4.9917485408e-15,3.62203781982e-15,2.49896339956e-15,1.85958820262e-15,1.43438009832e-15,1.12167798057e-15]},"melbands_crest":{"dmean":3.46583366394,"dmean2":5.74248456955,"dvar":7.91134357452,"dvar2":20.5293064117,"max":36.8943138123,"mean":15.5354347229,"median":15.0045862198,"min":4.09230470657,"var":22.4126472473},"melbands_flatness_db":{"dmean":0.0420644581318,"dmean2":0.0667177438736,"dvar":0.00112893048208,"dvar2":0.00289745046757,"max":0.555007576942,"mean":0.338619172573,"median":0.337049007416,"min":0.0252398010343,"var":0.00391421932727},"melbands_kurtosis":{"dmean":8.32708740234,"dmean2":13.4238805771,"dvar":141.63142395,"dvar2":361.904693604,"max":495.148620605,"mean":18.4664325714,"median":13.4339237213,"min":-1.78828525543,"var":446.879852295},"melbands_skewness":{"dmean":0.72748619318,"dmean2":1.16242086887,"dvar":0.434441238642,"dvar2":1.09052908421,"max":17.8466529846,"mean":3.09300899506,"median":2.99407291412,"min":-1.40371239185,"var":2.05078911781},"melbands_spread":{"dmean":2.59442877769,"dmean2":4.09927129745,"dvar":11.2911567688,"dvar2":23.3292274475,"max":161.158493042,"mean":7.68696451187,"median":6.1149520874,"min":0.562522053719,"var":36.3156280518},"mfcc":{"cov":[[4399.34130859,357.851257324,-308.126251221,-115.983474731,-126.924530029,-7.19272470474,-179.530487061,-173.195480347,-90.5127792358,62.7181472778,-13.5612840652,-153.131790161,-149.357971191],[357.851257324,935.95715332,-79.6588745117,-137.529251099,-16.3973731995,29.5462055206,-41.8737792969,-90.104637146,-40.2405052185,36.8113632202,-3.9922914505,-81.7282333374,-53.899269104],[-308.126251221,-79.6588745117,384.383514404,-34.4072227478,51.7715110779,-31.49949646,22.0116615295,6.43063402176,40.3792953491,-11.320224762,-9.32735443115,17.6442527771,-30.5554447174],[-115.983474731,-137.529251099,-34.4072227478,244.041549683,4.79543924332,30.8558101654,-4.86622238159,35.6641349792,1.8319517374,-15.6364421844,4.09714841843,16.108669281,34.6606216431],[-126.924530029,-16.3973731995,51.7715110779,4.79543924332,148.19708252,29.9782810211,29.9513931274,-17.5525398254,-8.08447265625,-2.33112955093,1.3070294857,4.93868684769,0.917058825493],[-7.19272470474,29.5462055206,-31.49949646,30.8558101654,29.9782810211,145.8802948,60.7644271851,29.0699081421,-8.24021434784,-22.2569065094,-7.91836929321,-0.112344585359,12.0370874405],[-179.530487061,-41.8737792969,22.0116615295,-4.86622238159,29.9513931274,60.7644271851,146.088806152,87.6945343018,12.8152894974,-29.4710922241,-22.5282516479,7.82196474075,19.713634491],[-173.195480347,-90.104637146,6.43063402176,35.6641349792,-17.5525398254,29.0699081421,87.6945343018,131.305221558,49.5597114563,-23.6043395996,-19.0772609711,10.7459497452,18.5409069061],[-90.5127792358,-40.2405052185,40.3792953491,1.8319517374,-8.08447265625,-8.24021434784,12.8152894974,49.5597114563,71.5372161865,19.8904018402,-5.47440767288,-1.43925094604,-7.77120637894],[62.7181472778,36.8113632202,-11.320224762,-15.6364421844,-2.33112955093,-22.2569065094,-29.4710922241,-23.6043395996,19.8904018402,70.4031143188,33.9575920105,-13.3715753555,-18.3999996185],[-13.5612840652,-3.9922914505,-9.32735443115,4.09714841843,1.3070294857,-7.91836929321,-22.5282516479,-19.0772609711,-5.47440767288,33.9575920105,60.4770088196,27.8643455505,1.74996030331],[-153.131790161,-81.7282333374,17.6442527771,16.108669281,4.93868684769,-0.112344585359,7.82196474075,10.7459497452,-1.43925094604,-13.3715753555,27.8643455505,80.0426483154,43.5122795105],[-149.357971191,-53.899269104,-30.5554447174,34.6606216431,0.917058825493,12.0370874405,19.713634491,18.5409069061,-7.77120637894,-18.3999996185,1.74996030331,43.5122795105,69.9305267334]],"icov":[[0.000290113326628,-0.00000297879319078,0.000206198063097,0.0000652651724522,0.00018004476442,-0.00013673081412,0.000192354433239,0.0000847805422381,0.000307135574985,-0.000218198838411,0.000305768218823,-0.00000821757657832,0.000593728967942],[-0.00000297879319078,0.00139487511478,0.000145864105434,0.000712705194019,0.000226984426263,-0.000638836761937,0.00010826777725,0.000571591372136,0.000310450821416,-0.00031921552727,-0.000138048257213,0.00118367548566,-0.0000783984796726],[0.000206198063097,0.000145864105434,0.00380091089755,0.000114316935651,-0.000949661363848,0.000977780669928,-0.00125146401115,0.00192767707631,-0.00309656816535,0.00191145204008,0.000423572870204,-0.00205534719862,0.0032698889263],[0.0000652651724522,0.000712705194019,0.000114316935651,0.00558666279539,-0.000754802720621,-0.00155607133638,0.00320868589915,-0.00310679152608,0.00107017927803,0.000589092844166,-0.00129769230261,0.00188965711277,-0.00270279520191],[0.00018004476442,0.000226984426263,-0.000949661363848,-0.000754802720621,0.00887225288898,-0.00142362469342,-0.00381393753923,0.00489578582346,-0.000850349257234,-0.000327923713485,-0.000165183897479,-0.0000662262682454,0.000289042422082],[-0.00013673081412,-0.000638836761937,0.000977780669928,-0.00155607133638,-0.00142362469342,0.00985262263566,-0.00463821692392,0.00107736629434,-0.00106698682066,0.00332824932411,-0.00227472861297,0.000923852669075,-0.00000206719232665],[0.000192354433239,0.00010826777725,-0.00125146401115,0.00320868589915,-0.00381393753923,-0.00463821692392,0.0188805162907,-0.0154732614756,0.00839490722865,-0.00355880847201,0.0042108586058,-0.000280170585029,-0.00194904056843],[0.0000847805422381,0.000571591372136,0.00192767707631,-0.00310679152608,0.00489578582346,0.00107736629434,-0.0154732614756,0.0286713708192,-0.0207216050476,0.0116121973842,-0.00560083240271,0.00242411578074,-0.00110118871089],[0.000307135574985,0.000310450821416,-0.00309656816535,0.00107017927803,-0.000850349257234,-0.00106698682066,0.00839490722865,-0.0207216050476,0.0366906672716,-0.0224446114153,0.015351485461,-0.00773055665195,0.00493178283796],[-0.000218198838411,-0.00031921552727,0.00191145204008,0.000589092844166,-0.000327923713485,0.00332824932411,-0.00355880847201,0.0116121973842,-0.0224446114153,0.0412101186812,-0.0297062471509,0.0165303777903,-0.00400624424219],[0.000305768218823,-0.000138048257213,0.000423572870204,-0.00129769230261,-0.000165183897479,-0.00227472861297,0.0042108586058,-0.00560083240271,0.015351485461,-0.0297062471509,0.0457335077226,-0.0254289358854,0.0106342555955],[-0.00000821757657832,0.00118367548566,-0.00205534719862,0.00188965711277,-0.0000662262682454,0.000923852669075,-0.000280170585029,0.00242411578074,-0.00773055665195,0.0165303777903,-0.0254289358854,0.0356646105647,-0.0197263546288],[0.000593728967942,-0.0000783984796726,0.0032698889263,-0.00270279520191,0.000289042422082,-0.00000206719232665,-0.00194904056843,-0.00110118871089,0.00493178283796,-0.00400624424219,0.0106342555955,-0.0197263546288,0.0306158941239]],"mean":[-747.766113281,198.807937622,9.89169502258,19.5722637177,5.93177986145,23.2554798126,7.15115118027,0.296565085649,-4.25771331787,0.9499989748,-2.05309224129,-6.4826426506,-1.99683427811]},"pitch_salience":{"dmean":0.0836466550827,"dmean2":0.139192581177,"dvar":0.00467037968338,"dvar2":0.0125700617209,"max":0.894889116287,"mean":0.588006138802,"median":0.600921094418,"min":0.151878386736,"var":0.011001797393},"silence_rate_20dB":{"dmean":0.000280112057226,"dmean2":0.000560302578378,"dvar":0.000280057021882,"dvar2":0.000559945125133,"max":1,"mean":0.999719917774,"median":1,"min":0,"var":0.000280017848127},"silence_rate_30dB":{"dmean":0.0179271716624,"dmean2":0.0358593650162,"dvar":0.0176052451134,"dvar2":0.0407351180911,"max":1,"mean":0.978294372559,"median":1,"min":0,"var":0.0212355926633},"silence_rate_60dB":{"dmean":0.0210084039718,"dmean2":0.0420226939023,"dvar":0.0205679871142,"dvar2":0.0486634597182,"max":1,"mean":0.0655370429158,"median":0,"min":0,"var":0.0612374469638},"spectral_centroid":{"dmean":95.7377090454,"dmean2":146.537216187,"dvar":13336.7617188,"dvar2":27563.4199219,"max":3554.64575195,"mean":456.991577148,"median":395.662353516,"min":140.662811279,"var":76649.4609375},"spectral_complexity":{"dmean":2.13585424423,"dmean2":3.34332537651,"dvar":3.88043260574,"dvar2":8.52615356445,"max":30,"mean":10.4926481247,"median":10,"min":0,"var":25.1588840485},"spectral_contrast_coeffs":{"dmean":[0.0560400187969,0.047332983464,0.0366251431406,0.0301994085312,0.0256659090519,0.0391761697829],"dmean2":[0.0928988084197,0.0789712369442,0.0604900084436,0.0494905635715,0.0413146652281,0.0641760155559],"dvar":[0.00194676709361,0.00142199010588,0.000875022436958,0.000585330300964,0.000433433509897,0.00161873700563],"dvar2":[0.00525025976822,0.00380802084692,0.00230530020781,0.00154807593208,0.00112360622734,0.00403125816956],"max":[-0.289060950279,-0.490595787764,-0.563793420792,-0.588880836964,-0.700841665268,-0.507355511189],"mean":[-0.628973245621,-0.761586666107,-0.804664731026,-0.803778886795,-0.857514202595,-0.802562057972],"median":[-0.633538365364,-0.767396569252,-0.813192129135,-0.807390987873,-0.854845404625,-0.821515321732],"min":[-0.9368917346,-0.95087915659,-0.971701383591,-0.960918784142,-0.963381409645,-0.87382376194],"var":[0.00666875438765,0.00393646163866,0.00295133213513,0.00213040877134,0.00134463782888,0.00307625392452]},"spectral_contrast_valleys":{"dmean":[0.409037381411,0.370430111885,0.316894501448,0.315973371267,0.45804309845,0.848218381405],"dmean2":[0.690413892269,0.599073410034,0.498802483082,0.485084146261,0.70728456974,1.38121914864],"dvar":[0.101246006787,0.0898378714919,0.0676853507757,0.0729998499155,0.15973597765,0.489100426435],"dvar2":[0.276272892952,0.226669505239,0.153446882963,0.163369938731,0.409010738134,1.36119699478],"max":[-5.09933042526,-4.26968955994,-5.24763584137,-6.25604152679,-6.32042455673,-8.69600200653],"mean":[-6.86424255371,-6.88104629517,-7.42783069611,-8.15802574158,-8.84794902802,-11.7166728973],"median":[-6.77102613449,-6.87602329254,-7.38550710678,-8.08661460876,-8.83463287354,-11.6506156921],"min":[-15.6528196335,-16.6633262634,-16.6070232391,-17.0576515198,-16.1155815125,-18.081325531],"var":[0.569149255753,0.753077328205,0.654622852802,0.615811347961,0.553955316544,1.10391533375]},"spectral_decrease":{"dmean":2.69486344351e-9,"dmean2":4.02858857385e-9,"dvar":1.38075667913e-17,"dvar2":2.85887317809e-17,"max":-3.61402116583e-18,"mean":-7.11494418937e-9,"median":-4.58348914378e-9,"min":-9.90848718629e-8,"var":5.47771276993e-17},"spectral_energy":{"dmean":0.0103804944083,"dmean2":0.0154951028526,"dvar":0.000204909403692,"dvar2":0.000423169956775,"max":0.382372140884,"mean":0.0275806300342,"median":0.0177660621703,"min":3.7837004363e-11,"var":0.000820446235593},"spectral_energyband_high":{"dmean":0.0000190274186025,"dmean2":0.0000300326828437,"dvar":1.38695110952e-9,"dvar2":3.49528872512e-9,"max":0.000958291930147,"mean":0.0000246727959166,"median":0.0000120463273561,"min":2.83168957033e-11,"var":1.59276258849e-9},"spectral_energyband_low":{"dmean":0.00622193468735,"dmean2":0.010000737384,"dvar":0.0000782889037509,"dvar2":0.000187880184967,"max":0.188015311956,"mean":0.0123745650053,"median":0.00749400258064,"min":4.46557667146e-13,"var":0.000218495391891},"spectral_energyband_middle_high":{"dmean":0.00068585248664,"dmean2":0.00100967218168,"dvar":0.00000185890019111,"dvar2":0.000004135594736,"max":0.0330595038831,"mean":0.00163703470025,"median":0.000797225860879,"min":5.84996981412e-12,"var":0.00000601350029683},"spectral_energyband_middle_low":{"dmean":0.00705104786903,"dmean2":0.0105062425137,"dvar":0.000136472910526,"dvar2":0.000271642580628,"max":0.369962781668,"mean":0.0163946077228,"median":0.00789452623576,"min":3.27504061197e-12,"var":0.000484955467982},"spectral_entropy":{"dmean":0.311935901642,"dmean2":0.485970377922,"dvar":0.0707304254174,"dvar2":0.179968222976,"max":8.61084747314,"mean":6.7609333992,"median":6.75578165054,"min":4.7429690361,"var":0.234282776713},"spectral_flux":{"dmean":0.0221999287605,"dmean2":0.0367374457419,"dvar":0.000542465073522,"dvar2":0.00142198277172,"max":0.327346861362,"mean":0.077786013484,"median":0.0712607800961,"min":0.000309675524477,"var":0.00186570186634},"spectral_kurtosis":{"dmean":7.94179868698,"dmean2":12.8713626862,"dvar":84.8418655396,"dvar2":223.931259155,"max":104.202209473,"mean":19.3741397858,"median":15.6672229767,"min":1.82183647156,"var":165.260940552},"spectral_rms":{"dmean":0.000904489250388,"dmean2":0.00134501140565,"dvar":8.37380753183e-7,"dvar2":0.00000173594423813,"max":0.0193143989891,"mean":0.00460041686893,"median":0.00416326103732,"min":1.92130556798e-7,"var":0.00000574412933929},"spectral_rolloff":{"dmean":143.40435791,"dmean2":247.472412109,"dvar":78106.5078125,"dvar2":174344.546875,"max":13264.453125,"mean":446.848144531,"median":301.46484375,"min":21.533203125,"var":143906.453125},"spectral_skewness":{"dmean":0.573082923889,"dmean2":0.895913541317,"dvar":0.304180681705,"dvar2":0.793305337429,"max":8.20300674438,"mean":3.18255829811,"median":3.0386428833,"min":0.974691271782,"var":0.913657784462},"spectral_spread":{"dmean":720223.3125,"dmean2":1158484.75,"dvar":376320524288,"dvar2":1012423524350,"max":9810492,"mean":2875167.75,"median":2771625.75,"min":718653.875,"var":1021979525120},"spectral_strongpeak":{"dmean":0.297690778971,"dmean2":0.488437056541,"dvar":0.148834764957,"dvar2":0.37012141943,"max":5.58904790878,"mean":0.544421136379,"median":0.349414676428,"min":0,"var":0.341245085001},"zerocrossingrate":{"dmean":0.00320289237425,"dmean2":0.00407129013911,"dvar":0.0000113621645141,"dvar2":0.0000168568021763,"max":0.1533203125,"mean":0.0184193681926,"median":0.0166015625,"min":0.0048828125,"var":0.0000849762727739}},"metadata":{"audio_properties":{"analysis_sample_rate":44100,"bit_rate":139557,"codec":"mp3","downmix":"mix","equal_loudness":0,"length":165.774124146,"lossless":false,"md5_encoded":"74de589fe6e5239bb6dfceb8334b6ea1","replay_gain":1.72278404236,"sample_rate":44100},"tags":{"album":["The Complete Columbia Album Collection"],"albumartist":["Johnny Cash"],"albumartistsort":["Cash, Johnny"],"artist":["Johnny Cash"],"artists":["Johnny Cash"],"artistsort":["Cash, Johnny"],"asin":["B008DDC874"],"barcode":["886979104723"],"catalognumber":["88697910472"],"date":["2012-12-04"],"discnumber":["15/63"],"file_name":"22 - Green Grow the Lilacs.mp3","label":["Columbia","Legacy"],"media":["CD"],"musicbrainz album release country":["US"],"musicbrainz album status":["official"],"musicbrainz album type":["album","compilation"],"musicbrainz release track id":["3bfb5d13-4f2e-3517-8ac4-d1f0b2b51537"],"musicbrainz_albumartistid":["d43d12a1-2dc9-4257-a2fd-0a3bb1081b86"],"musicbrainz_albumid":["de36c451-000c-4488-9375-b6d40b6636e5"],"musicbrainz_artistid":["d43d12a1-2dc9-4257-a2fd-0a3bb1081b86"],"musicbrainz_recordingid":["40b5da6b-0297-46a9-bdf1-d1fa2ecbfbda"],"musicbrainz_releasegroupid":["30578604-ce5e-4d3d-a09c-6c06fc4c526b"],"originaldate":["2012"],"script":["Latn"],"title":["Green Grow the Lilacs"],"tracknumber":["22/26"]},"version":{"essentia":"2.1-beta1","essentia_build_sha":"ca57ba49d9b1854bd80e60cf9ccf267278fb7d6b","essentia_git_sha":"v2.1_beta1-28-g21ef5f4-dirty","extractor":"music 1.0"}},"rhythm":{"beats_count":362,"beats_loudness":{"dmean":0.0299912448972,"dmean2":0.0519634522498,"dvar":0.00102458230685,"dvar2":0.00276078283787,"max":0.347558259964,"mean":0.0426660552621,"median":0.0338409096003,"min":0.0000387813415728,"var":0.00124044483528},"beats_loudness_band_ratio":{"dmean":[0.234864786267,0.185299113393,0.0883919596672,0.0515828132629,0.0159829799086,0.00419922545552],"dmean2":[0.39719