{"lowlevel":{"average_loudness":0.922933042049,"barkbands":{"dmean":[0.00345113244839,0.00867440365255,0.00495500955731,0.00253990734927,0.00183480326086,0.00139792321716,0.00061579211615,0.000458872964373,0.000757454603445,0.000393518916098,0.00041535490891,0.00041531235911,0.000385108607588,0.000280013802694,0.000272107456112,0.000304846005747,0.00029760421603,0.000204344076337,0.000116206596431,0.000111183071567,0.0000940505924518,0.0000396252216888,0.0000141419004649,0.00000456311772723,0.00000252811173596,0.00000785899464972,0.000150712745381],"dmean2":[0.00577931571752,0.0146751767024,0.00822734739631,0.00419656420127,0.00293135619722,0.002144100843,0.000979828997515,0.000728539132979,0.00118375068996,0.000646967848297,0.000677948177326,0.000684430939145,0.000623847940005,0.000463522243081,0.000445505720563,0.000500979484059,0.000488767342176,0.000336259690812,0.000183358977665,0.000166932310094,0.000139080657391,0.0000582791981287,0.0000206490440178,0.00000694859909345,0.00000422617904405,0.0000112620937216,0.000229720419156],"dvar":[0.000059737743868,0.000180549322977,0.00006695468619,0.0000142104636325,0.00000835967239254,0.00000909717073228,0.00000252723475569,0.00000139493772622,0.00000372334739041,6.1681561192e-7,6.61804847368e-7,5.48198102024e-7,7.28802888261e-7,2.7781885592e-7,3.67160822634e-7,5.66510777844e-7,4.50607188895e-7,1.89504163473e-7,9.40621944778e-8,2.13240795688e-7,1.64000624636e-7,1.95675866621e-8,1.96263405527e-9,9.15061151852e-11,1.69261011457e-11,3.14693743286e-10,5.13109021938e-8],"dvar2":[0.000147588099935,0.000486595905386,0.000176349567482,0.0000380264136766,0.0000204190200748,0.0000204821408261,0.00000585383304497,0.00000307549862555,0.0000085115998445,0.00000158209593337,0.00000166723975781,0.00000137450570037,0.000001810231538,6.80768948769e-7,8.94880770375e-7,0.00000136437608944,0.00000113987573513,4.7235695888e-7,2.02643406055e-7,4.41235471271e-7,3.27775410369e-7,3.75118602847e-8,3.62931995568e-9,1.69885411294e-10,4.26364707429e-11,5.43471156966e-10,1.16769889758e-7],"max":[0.109545581043,0.145224571228,0.111790500581,0.0650828182697,0.0528183616698,0.0510123819113,0.0397459790111,0.0303485263139,0.0339305736125,0.0188749134541,0.0186803303659,0.0148418601602,0.0213136151433,0.015696823597,0.0288049336523,0.0309670493007,0.0222739391029,0.0126319937408,0.00986635312438,0.0152575038373,0.0109409634024,0.00469667511061,0.0025673371274,0.000583682849538,0.0000572454919165,0.000433075008914,0.00573619455099],"mean":[0.00335418619215,0.0117799397558,0.0069320583716,0.00376794207841,0.00332091748714,0.00236982456408,0.00100647599902,0.000666496576741,0.0011987980688,0.000605681794696,0.000689023931045,0.000772378058173,0.00063825014513,0.000498816079926,0.000493598694447,0.0005473838537,0.000550115422811,0.000387921289075,0.000247700576438,0.000215840802412,0.000177055597305,0.0000748332749936,0.0000243628855969,0.00000708140532879,0.00000254262340604,0.0000141642112794,0.000554175348952],"median":[0.00102180615067,0.0073190908879,0.00422893371433,0.00220886059105,0.00201735179871,0.000805480638519,0.000370175810531,0.000218898552703,0.000339846301358,0.000261100300122,0.000289465300739,0.0004245355085,0.00026459043147,0.000251594989095,0.000271144119324,0.0002268399694,0.000245107861701,0.000193977728486,0.000135726309964,0.0000801952410256,0.0000552159835934,0.0000269494157692,0.00000753291533329,0.0000027146938919,9.76675778475e-7,0.00000430369846072,0.00039860320976],"min":[2.92666942242e-24,1.13063536572e-23,6.85253807195e-24,4.2926946897e-24,3.64395646495e-23,1.71856503646e-23,2.36415034195e-23,4.93152198159e-23,6.10387625629e-23,3.34492517042e-23,2.74188991775e-23,5.64602075581e-23,5.49890577005e-23,8.3810804003e-23,9.79730597514e-23,1.03007961323e-22,2.04948814723e-22,2.24767222095e-22,2.13917191339e-22,2.43031737566e-22,4.15260066066e-22,4.66099361996e-22,4.02550847929e-22,6.36531990641e-22,1.16214019205e-21,1.64152488046e-21,2.48571429338e-21],"var":[0.000054523563449,0.000205581833143,0.0000846390030347,0.0000230455352721,0.0000184842265298,0.0000214594274439,0.00000554227926841,0.00000266523420578,0.0000081377056631,0.00000107149401174,0.00000124587791106,0.00000140058966736,0.00000144421358073,5.71664259041e-7,6.85251734467e-7,0.00000134607955715,0.00000102047238215,4.41081539293e-7,2.29399404361e-7,4.80931930724e-7,3.9000912011e-7,4.6587206981e-8,4.53661019861e-9,2.20483090119e-10,1.81156114415e-11,9.812805013e-10,3.83645215152e-7]},"barkbands_crest":{"dmean":2.9476981163,"dmean2":4.9222035408,"dvar":6.37492847443,"dvar2":17.7190361023,"max":25.2343463898,"mean":10.3409280777,"median":9.82929801941,"min":2.64672207832,"var":14.618891716},"barkbands_flatness_db":{"dmean":0.0301948394626,"dmean2":0.0482765883207,"dvar":0.000825690163765,"dvar2":0.00208292691968,"max":0.46256557107,"mean":0.158748328686,"median":0.143229991198,"min":0.0391433052719,"var":0.00418196711689},"barkbands_kurtosis":{"dmean":7.52573251724,"dmean2":12.2439851761,"dvar":169.608184814,"dvar2":448.059448242,"max":214.708206177,"mean":14.6358470917,"median":6.43824481964,"min":-1.83866202831,"var":461.11239624},"barkbands_skewness":{"dmean":0.771333158016,"dmean2":1.24347579479,"dvar":0.656078338623,"dvar2":1.75282490253,"max":12.1631889343,"mean":2.69740390778,"median":2.33506298065,"min":-2.01797676086,"var":2.74059295654},"barkbands_spread":{"dmean":6.06294631958,"dmean2":9.62114238739,"dvar":52.4180374146,"dvar2":121.072296143,"max":121.283607483,"mean":22.35597229,"median":19.3910865784,"min":0.513501822948,"var":295.213134766},"dissonance":{"dmean":0.0168824251741,"dmean2":0.0282494984567,"dvar":0.000349212990841,"dvar2":0.000947322754655,"max":0.500000119209,"mean":0.469564348459,"median":0.477642416954,"min":0.216389507055,"var":0.000750775681809},"dynamic_complexity":4.20458936691,"erbbands":{"dmean":[0.357151061296,1.70471322536,4.78437948227,7.82018375397,7.43965864182,5.15675592422,7.57030296326,13.1324644089,9.53947639465,9.10753726959,10.4150562286,15.5823516846,15.0113897324,12.9715976715,16.167930603,15.4715719223,17.7089118958,10.008354187,14.5849189758,16.0104579926,15.4857435226,15.429107666,11.8219776154,7.15447616577,5.3905954361,5.20278692245,4.89294099808,2.78561115265,1.63060176373,0.761944115162,0.337029129267,0.138396188617,0.0572703629732,0.0287371426821,0.0179198309779,0.0119610019028,0.0161789450794,0.0163575597107,0.00962940882891,0.00360711640678],"dmean2":[0.60924577713,2.88355183601,7.99715948105,12.8053951263,12.21185112,8.23409366608,11.8199310303,20.1424922943,14.9833116531,14.3149747849,16.516626358,24.6676197052,23.7619171143,21.101524353,26.4714832306,25.352678299,28.5554542542,16.3377056122,23.7421512604,26.1261920929,25.3555641174,25.0851478577,19.3110904694,11.4480676651,8.32603645325,7.77604150772,7.18115949631,4.10521841049,2.38357901573,1.11742699146,0.494366019964,0.204476773739,0.0898366421461,0.0479403324425,0.0298988595605,0.0190970953554,0.0228609722108,0.022408073768,0.0135673703626,0.0054542273283],"dvar":[0.495191246271,5.64433097839,55.465637207,122.513000488,141.010284424,89.3906326294,233.61618042,988.489501953,697.326965332,491.59362793,629.701477051,1804.77209473,1240.55151367,784.328308105,825.63659668,768.762634277,1709.01672363,305.274871826,1102.73120117,1224.41467285,1164.08068848,1312.8729248,598.035644531,321.68081665,239.638534546,442.805938721,489.645843506,138.654052734,34.720703125,6.69650554657,0.870703697205,0.114339239895,0.0102947112173,0.00216784887016,0.000841098779347,0.000331822986482,0.00143131252844,0.00164105731528,0.000582284585107,0.0000278560928564],"dvar2":[1.32294988632,15.547334671,147.536148071,322.912353516,359.901306152,200.021057129,531.194274902,2176.83251953,1587.14428711,1080.09460449,1433.17883301,4321.66455078,2922.41699219,1837.21984863,2076.05908203,1882.6270752,4196.87207031,742.909179688,2643.23730469,3017.23828125,2837.15844727,3254.24194336,1476.68725586,765.522094727,505.467803955,918.203796387,968.207702637,284.92565918,67.0545806885,12.6190776825,1.60271954536,0.207987189293,0.0210296306759,0.00545339426026,0.00211904477328,0.000774444895796,0.00243359268643,0.00283215101808,0.00107306090649,0.0000615898534306],"max":[7.3680434227,25.3404159546,98.3538208008,160.421981812,263.39855957,238.083526611,374.87210083,613.914428711,704.904418945,845.19720459,629.21307373,938.402954102,842.293945312,984.469787598,638.36529541,715.198791504,1074.08825684,655.970214844,1738.34814453,1369.46337891,1028.79174805,1126.79968262,746.629455566,777.83972168,446.622528076,705.989013672,640.751281738,377.139312744,198.586730957,147.350585938,43.2347831726,20.0971851349,5.41218948364,0.64868915081,0.403458356857,0.519774436951,0.977459311485,1.59001040459,0.640153288841,0.13758020103],"mean":[0.39396956563,2.46277618408,7.17532777786,11.869474411,12.5144853592,8.84786987305,13.253616333,21.8516330719,15.6822366714,15.6506099701,16.2978954315,24.7761802673,24.2357616425,23.3629398346,30.6610584259,30.5206069946,30.7646312714,20.6375255585,27.8220691681,30.0367603302,30.5449485779,30.0070819855,23.4065494537,15.2985639572,11.3623304367,10.309428215,9.19709682465,5.25888299942,3.08018541336,1.33432352543,0.588175356388,0.232888519764,0.0808144435287,0.0302854664624,0.0184577908367,0.0160599127412,0.0299186371267,0.0367972142994,0.0311005655676,0.016863591969],"median":[0.185925349593,1.58498167992,4.53527879715,7.73759937286,6.93299484253,4.98285961151,5.36887073517,6.09039831161,5.2184047699,5.70304012299,5.86604690552,7.44044303894,8.09748840332,11.4514484406,16.611869812,17.1709442139,12.9913482666,12.3348579407,16.100151062,14.4805631638,15.2140750885,13.4229354858,11.8759822845,8.30450820923,5.92324542999,3.94305181503,2.76071166992,1.80509352684,1.08611857891,0.443271011114,0.182461440563,0.0789784640074,0.03414356336,0.0127192661166,0.00745723862201,0.00745073799044,0.00880099460483,0.0148112848401,0.0190174691379,0.0129306428134],"min":[1.87344733602e-22,2.14064588421e-21,9.00428263588e-21,1.35721355371e-20,2.86242555176e-20,1.69531971937e-19,8.4263299263e-20,2.14379210283e-19,1.73849880584e-19,9.18640318522e-19,1.16519628595e-18,1.53050343948e-18,1.10717442566e-18,1.23308992646e-18,1.02800889834e-18,2.7934954281e-18,2.91552979746e-18,4.61687012507e-18,3.85034542606e-18,5.81837271227e-18,7.20336339808e-18,1.02643576625e-17,1.33744856282e-17,1.03234605445e-17,1.18001979679e-17,1.03852972584e-17,1.40885699715e-17,1.57522353241e-17,1.93479927556e-17,1.13559779908e-17,1.14892864183e-17,1.29036825477e-17,1.19919061739e-17,9.6219534824e-18,9.86646807147e-18,5.29438398631e-18,3.27225060944e-18,1.29145971959e-18,3.69770128983e-19,3.4598218525e-20],"var":[0.431749641895,7.80529642105,78.0380401611,186.252059937,299.443450928,204.435531616,533.375671387,2373.69189453,1350.07922363,1678.07092285,1225.89550781,3731.83276367,2464.69091797,1570.0970459,1870.56506348,1958.30273438,3512.99975586,715.536132812,2058.33129883,2996.48950195,2859.234375,3145.04931641,1497.66906738,784.170532227,573.916259766,1035.60778809,1174.45593262,298.820343018,81.568397522,15.1675748825,2.20318102837,0.291646838188,0.0219618622214,0.00235512852669,0.000908055983018,0.000559985172004,0.00451834034175,0.00517508387566,0.00234370282851,0.000291044038022]},"erbbands_crest":{"dmean":2.37231945992,"dmean2":3.84100699425,"dvar":5.33430147171,"dvar2":12.8419055939,"max":28.6530914307,"mean":8.38710021973,"median":7.31220912933,"min":2.05659461021,"var":16.7359466553},"erbbands_flatness_db":{"dmean":0.0212693493813,"dmean2":0.0328731499612,"dvar":0.00041707418859,"dvar2":0.00103252648842,"max":0.31343755126,"mean":0.143423900008,"median":0.140946745872,"min":0.0263334270567,"var":0.00144111656118},"erbbands_kurtosis":{"dmean":1.15988886356,"dmean2":1.82415008545,"dvar":9.90810871124,"dvar2":24.956911087,"max":100.341751099,"mean":0.867789626122,"median":-0.192852854729,"min":-1.75677525997,"var":21.3886127472},"erbbands_skewness":{"dmean":0.365596950054,"dmean2":0.557494580746,"dvar":0.155828103423,"dvar2":0.343921124935,"max":8.36762237549,"mean":0.122056908906,"median":-0.0165368281305,"min":-4.89673042297,"var":1.09194874763},"erbbands_spread":{"dmean":7.12579441071,"dmean2":11.2109022141,"dvar":48.5088882446,"dvar2":118.361824036,"max":119.741851807,"mean":35.8945198059,"median":34.4771461487,"min":2.86858320236,"var":214.988677979},"gfcc":{"cov":[[22770.6660156,657.576293945,-2718.41870117,-176.749755859,398.486083984,-1174.76940918,796.937133789,-35.9064674377,430.951904297,-50.3855514526,35.7816925049,164.420791626,9.4466085434],[657.576293945,1021.12463379,93.3463973999,-272.250976562,97.6321563721,-5.71869468689,-29.8189601898,-40.1147766113,-13.0707445145,-34.2941665649,46.7241325378,-71.151008606,83.1928100586],[-2718.41870117,93.3463973999,814.484619141,111.470924377,-145.036499023,327.173217773,-222.881164551,57.463508606,-137.926712036,17.2673549652,-14.7758722305,-30.2353420258,-23.7327632904],[-176.749755859,-272.250976562,111.470924377,318.620635986,28.5490932465,7.3166513443,46.9692497253,-5.15872144699,-11.1692667007,4.68927764893,-27.6264228821,30.3703193665,-52.2679252625],[398.486083984,97.6321563721,-145.036499023,28.5490932465,250.976470947,-4.86770296097,84.9628067017,-73.8455505371,19.3473014832,-27.4392738342,21.2260017395,4.24524211884,28.2347354889],[-1174.76940918,-5.71869468689,327.173217773,7.3166513443,-4.86770296097,323.233001709,-87.8738250732,34.5504798889,-77.0567016602,27.4683666229,-3.1182706356,-4.94083595276,6.8778219223],[796.937133789,-29.8189601898,-222.881164551,46.9692497253,84.9628067017,-87.8738250732,223.244384766,-43.9730567932,63.5709533691,-12.067697525,1.04906857014,19.0514087677,-23.6411552429],[-35.9064674377,-40.1147766113,57.463508606,-5.15872144699,-73.8455505371,34.5504798889,-43.9730567932,169.969802856,14.8070087433,30.526714325,-2.40323495865,-14.0167331696,7.66921186447],[430.951904297,-13.0707445145,-137.926712036,-11.1692667007,19.3473014832,-77.0567016602,63.5709533691,14.8070087433,123.743469238,31.3145008087,2.58112955093,15.3740224838,-14.4371414185],[-50.3855514526,-34.2941665649,17.2673549652,4.68927764893,-27.4392738342,27.4683666229,-12.067697525,30.526714325,31.3145008087,84.8755111694,28.0312786102,-0.0327768586576,3.67066979408],[35.7816925049,46.7241325378,-14.7758722305,-27.6264228821,21.2260017395,-3.1182706356,1.04906857014,-2.40323495865,2.58112955093,28.0312786102,69.0753707886,28.6841087341,14.1673555374],[164.420791626,-71.151008606,-30.2353420258,30.3703193665,4.24524211884,-4.94083595276,19.0514087677,-14.0167331696,15.3740224838,-0.0327768586576,28.6841087341,78.0024795532,12.0459976196],[9.4466085434,83.1928100586,-23.7327632904,-52.2679252625,28.2347354889,6.8778219223,-23.6411552429,7.66921186447,-14.4371414185,3.67066979408,14.1673555374,12.0459976196,89.7449951172]],"icov":[[0.00010123688844,-0.000258460728219,0.000502225244418,-0.000231858546613,0.0000892868702067,-0.000034187836718,0.0000506539072376,-0.00018286339764,0.000257187173702,-0.000227270837058,0.000299363135127,-0.000422165554482,0.000290286319796],[-0.000258460728219,0.0026803216897,-0.00277131190524,0.00259256013669,-0.0014753366122,0.0012147781672,-0.000898279133253,0.000621603452601,-0.00110960693564,0.00122552039102,-0.00183155003469,0.00257818331011,-0.00188461248763],[0.000502225244418,-0.00277131190524,0.00775011908263,-0.00565363047644,0.00451752915978,-0.00522974925116,0.00318352831528,0.000114096619654,0.0000128488627524,0.00212720525451,-0.00213635223918,0.000880926090758,0.00121538212989],[-0.000231858546613,0.00259256013669,-0.00565363047644,0.0103853838518,-0.00663486961275,0.00561354029924,-0.00312362075783,-0.001841060468,0.00497887190431,-0.00700596254319,0.00830210838467,-0.00686676101759,0.00386481476016],[0.0000892868702067,-0.0014753366122,0.00451752915978,-0.00663486961275,0.0116361910477,-0.00646675517783,0.000262826535618,0.0040524774231,-0.00633854605258,0.00933450087905,-0.0103239677846,0.00834301952273,-0.0056451940909],[-0.000034187836718,0.0012147781672,-0.00522974925116,0.00561354029924,-0.00646675517783,0.0101295039058,-0.0017226774944,-0.00268821395002,0.00668295659125,-0.00875048991293,0.00828526634723,-0.00690922280774,0.00285044917837],[0.0000506539072376,-0.000898279133253,0.00318352831528,-0.00312362075783,0.000262826535618,-0.0017226774944,0.00859498698264,0.00112045824062,-0.0030526118353,0.00221485225484,-0.00153588142712,0.000411681365222,0.00167329329997],[-0.00018286339764,0.000621603452601,0.000114096619654,-0.001841060468,0.0040524774231,-0.00268821395002,0.00112045824062,0.00903161428869,-0.00520634837449,0.00300648552366,-0.00481720175594,0.00611407542601,-0.00416533323005],[0.000257187173702,-0.00110960693564,0.0000128488627524,0.00497887190431,-0.00633854605258,0.00668295659125,-0.0030526118353,-0.00520634837449,0.0214764531702,-0.0164647623897,0.0145702408627,-0.0138532118872,0.00871508847922],[-0.000227270837058,0.00122552039102,0.00212720525451,-0.00700596254319,0.00933450087905,-0.00875048991293,0.00221485225484,0.00300648552366,-0.0164647623897,0.0315270163119,-0.0238370317966,0.0175149682909,-0.00909561291337],[0.000299363135127,-0.00183155003469,-0.00213635223918,0.00830210838467,-0.0103239677846,0.00828526634723,-0.00153588142712,-0.00481720175594,0.0145702408627,-0.0238370317966,0.0392816141248,-0.0244766399264,0.00895982887596],[-0.000422165554482,0.00257818331011,0.000880926090758,-0.00686676101759,0.00834301952273,-0.00690922280774,0.000411681365222,0.00611407542601,-0.0138532118872,0.0175149682909,-0.0244766399264,0.0327909775078,-0.0121034728363],[0.000290286319796,-0.00188461248763,0.00121538212989,0.00386481476016,-0.0056451940909,0.00285044917837,0.00167329329997,-0.00416533323005,0.00871508847922,-0.00909561291337,0.00895982887596,-0.0121034728363,0.0197699330747]],"mean":[-25.5958328247,103.932235718,-85.9695739746,12.937625885,-4.0555768013,-12.7104349136,0.00381630961783,-18.6929454803,-5.0383477211,-12.1816511154,-8.22795677185,-2.9547188282,-7.83933925629]},"hfc":{"dmean":26.2385959625,"dmean2":41.0782661438,"dvar":1059.46850586,"dvar2":2555.81396484,"max":573.943725586,"mean":114.411552429,"median":101.658248901,"min":1.16039503602e-16,"var":7941.59960938},"melbands":{"dmean":[0.00283379293978,0.0023069777526,0.00126204732805,0.000436265167082,0.000247422110988,0.000281932385406,0.00014074210776,0.0000984402431641,0.0000891410381882,0.00010574440239,0.0000761162373237,0.0000531824443897,0.0000589216906519,0.0000490506863571,0.0000459469447378,0.0000313174459734,0.0000197454046429,0.0000272945944744,0.0000229448378377,0.0000218833520194,0.0000189700258488,0.0000173707521753,0.0000142748913277,0.00000977559193416,0.00000608645768807,0.00000459032935396,0.00000379862058253,0.0000037091217564,0.00000357602607437,0.0000024423979994,0.00000145840522237,0.00000108809342692,5.96864765612e-7,3.83590844422e-7,2.15327418118e-7,1.26050736071e-7,7.20170376667e-8,4.36720455355e-8,2.786253539e-8,2.32305961134e-8],"dmean2":[0.00479773757979,0.00384889706038,0.00206717755646,0.000698503630701,0.000386057363357,0.000431831751484,0.000221221023821,0.000154528723215,0.000142270175274,0.000165982608451,0.000120764190797,0.0000869659925229,0.000096213821962,0.000080921468907,0.0000746434889152,0.0000511099860887,0.0000325722430716,0.0000448423743364,0.0000377867763746,0.0000356172204192,0.0000312885895255,0.0000286459562631,0.0000231773392443,0.0000160575509653,0.00000984194139164,0.00000731390991859,0.00000583283144806,0.00000567696361031,0.00000532826743438,0.0000037524966956,0.00000219383196054,0.00000162651588198,8.8641070306e-7,5.71498219415e-7,3.23175072481e-7,1.88474530205e-7,1.08450372238e-7,6.83783767386e-8,4.61699976029e-8,3.88681762331e-8],"dvar":[0.0000254252317973,0.00000994075071503,0.00000301274167214,5.1802607004e-7,2.09488135283e-7,4.26840614409e-7,1.37995016303e-7,5.67323574785e-8,4.36064873099e-8,8.11598042105e-8,3.18948742972e-8,1.28555788237e-8,1.18316538789e-8,8.09897482412e-9,8.91190055086e-9,5.18033083097e-9,1.22701304672e-9,3.55281737363e-9,2.15574869067e-9,3.33865113333e-9,1.58793433958e-9,1.49889867185e-9,1.31572741591e-9,3.90587173715e-10,2.58806753806e-10,1.33061950347e-10,1.81366269225e-10,2.40771236282e-10,2.75523881488e-10,1.11814869863e-10,3.84246419405e-11,1.5624253627e-11,4.16182106139e-12,1.83600053563e-12,3.51028776359e-13,1.16860541426e-13,2.81765069447e-14,6.4792701098e-15,2.00812178267e-15,1.4386337919e-15],"dvar2":[0.0000672046880936,0.0000270278869721,0.00000792387436377,0.0000012618436358,4.75252562637e-7,9.43311249557e-7,3.1416354318e-7,1.24685655578e-7,1.01387890084e-7,1.91376344105e-7,7.46578194821e-8,3.03941583013e-8,3.03552774028e-8,2.05756229832e-8,2.20182574395e-8,1.25595516209e-8,3.04517322469e-9,8.58333404352e-9,5.60150636986e-9,8.00306754201e-9,3.88094667514e-9,3.71857522552e-9,3.23699400617e-9,1.00287556037e-9,6.26674434567e-10,2.95852703447e-10,4.05127181802e-10,5.22672294334e-10,5.66390323531e-10,2.382599118e-10,8.46548248168e-11,3.25952077829e-11,8.08164646315e-12,3.61887928478e-12,6.89411743839e-13,2.20108111425e-13,5.45537261741e-14,1.34319698037e-14,4.93560719706e-15,3.62436673691e-15],"max":[0.0511575490236,0.0395625978708,0.0247593447566,0.013719048351,0.0101376799867,0.0119595751166,0.00936620403081,0.00755934836343,0.00514513300732,0.00576862180606,0.00409221509472,0.00378407002427,0.00219575734809,0.00216954248026,0.00255559268408,0.00241940049455,0.00124818272889,0.00259090168402,0.00135373009834,0.0025359550491,0.00126131006982,0.000867530528922,0.00180295284372,0.000642335333396,0.000728161947336,0.000334785901941,0.000460607960122,0.000520027300809,0.000542512047105,0.000317166937748,0.000226920063142,0.000118386029499,0.000109361310024,0.0000802384674898,0.0000261988479906,0.0000173449097929,0.0000104027240013,0.00000471988414574,0.0000011628711718,5.28687507995e-7],"mean":[0.00359500991181,0.00371067970991,0.00211849529296,0.000763586373068,0.000440004805569,0.000477152061649,0.000235279236222,0.000164102384588,0.00013538802159,0.000165318881045,0.00011936021474,0.0000901470775716,0.000102405552752,0.0000899541628314,0.0000792592327343,0.000053345633205,0.0000370108245988,0.0000470205668535,0.0000397745025111,0.000038425783714,0.0000352138195012,0.0000314407152473,0.0000259233620454,0.0000177152196557,0.0000117761755973,0.0000088707811301,0.00000711678922016,0.00000676215131534,0.00000623516598353,0.00000424905692853,0.00000259819103121,0.00000196588803192,9.9480564586e-7,6.30307852134e-7,3.5710891666e-7,2.1034368558e-7,1.13406123603e-7,6.15196000808e-8,3.08782119873e-8,2.31875212364e-8],"median":[0.00201153149828,0.00259592500515,0.00143929047044,0.000430461834185,0.000190573555301,0.000141103359056,0.0000811814461485,0.0000590106646996,0.0000464756521978,0.0000461094059574,0.0000377869728254,0.000041857452743,0.0000483063195134,0.0000500660171383,0.0000336415614584,0.000024445791496,0.0000210050438909,0.000023940252504,0.0000200563736144,0.0000150543401105,0.0000174603173946,0.0000135674754347,0.0000113153564598,0.00000852699849929,0.0000059639551182,0.00000466465507998,0.00000307224445351,0.00000233743503486,0.00000171695444351,0.00000128929445964,8.8122226316e-7,6.77068953792e-7,3.15660770411e-7,1.91041337416e-7,1.08900266582e-7,6.17446147544e-8,4.03435223006e-8,2.47737723669e-8,1.32744784054e-8,8.67252403225e-9],"min":[3.35130318972e-24,4.02769659012e-24,2.61551309912e-24,7.91528043942e-24,5.17565447357e-24,4.24384960574e-24,2.9936634348e-24,9.48835349254e-24,1.0297488123e-23,9.19696089593e-24,5.45030546963e-24,4.96447522595e-24,3.17313717934e-24,6.50017204939e-24,6.09519886521e-24,5.64852176042e-24,8.32876346061e-24,5.78187869645e-24,8.29924191895e-24,6.18387471957e-24,8.72118389563e-24,1.01540424449e-23,1.0395155414e-23,1.06395957984e-23,7.11861138895e-24,8.21521403305e-24,6.17981090262e-24,7.09969765989e-24,7.91588391801e-24,9.16357551356e-24,9.28570459232e-24,1.17308121002e-23,7.44979412963e-24,6.06772915077e-24,5.59038350057e-24,1.06396880951e-23,5.81242891273e-24,9.49994817013e-24,6.77685475671e-24,8.1871250628e-24],"var":[0.0000250499779213,0.0000152994343807,0.00000518789238413,0.00000115668092349,5.0920226613e-7,0.00000104250420918,2.768402112e-7,1.71826371798e-7,8.49524965929e-8,1.6655400259e-7,6.29384118156e-8,2.4973536128e-8,2.34904806717e-8,2.03245118513e-8,2.02631280644e-8,9.90157111858e-9,2.5444064633e-9,6.493440452e-9,4.1697791886e-9,7.6652026948e-9,3.65427998972e-9,3.48283202278e-9,2.65086996798e-9,8.74988803634e-10,5.55567758465e-10,2.8948263231e-10,3.74269226722e-10,5.1252202482e-10,6.05893335504e-10,2.36341612947e-10,7.26016816111e-11,3.33489520721e-11,8.99116371633e-12,3.73599675502e-12,7.95704593794e-13,2.9253943018e-13,6.42162104741e-14,1.40621707868e-14,2.40222990764e-15,1.53207825488e-15]},"melbands_crest":{"dmean":4.15310001373,"dmean2":7.01463842392,"dvar":13.9172801971,"dvar2":37.6263389587,"max":36.6592521667,"mean":16.4247608185,"median":15.8814544678,"min":1.75711774826,"var":26.8938903809},"melbands_flatness_db":{"dmean":0.0375941246748,"dmean2":0.0598071850836,"dvar":0.00115900253877,"dvar2":0.00291530322284,"max":0.629712462425,"mean":0.275192350149,"median":0.260291427374,"min":0.00486172735691,"var":0.00671312585473},"melbands_kurtosis":{"dmean":11.9920444489,"dmean2":19.7584991455,"dvar":402.39352417,"dvar2":1119.94812012,"max":487.293304443,"mean":23.7013607025,"median":12.4960803986,"min":-1.78688311577,"var":924.205627441},"melbands_skewness":{"dmean":0.953606903553,"dmean2":1.5527895689,"dvar":0.96501994133,"dvar2":2.62497591972,"max":17.9341030121,"mean":3.49701786041,"median":3.15079593658,"min":-0.406004667282,"var":3.48482561111},"melbands_spread":{"dmean":5.63819122314,"dmean2":9.07221698761,"dvar":67.804397583,"dvar2":157.818527222,"max":176.531188965,"mean":16.4302635193,"median":12.1207227707,"min":0.431845247746,"var":305.924621582},"mfcc":{"cov":[[15233.6533203,1090.77514648,-2958.25341797,882.26953125,-908.689453125,-80.8129196167,-400.933837891,335.372283936,144.007369995,115.479782104,72.409614563,296.589874268,141.522720337],[1090.77514648,1270.26525879,-179.97706604,-111.627449036,53.533706665,-17.5141563416,33.1219139099,-27.9537620544,44.0648918152,-30.9080238342,45.9347839355,-34.8721847534,32.515789032],[-2958.25341797,-179.97706604,1130.44799805,-204.78163147,245.634735107,16.9171199799,93.7340774536,-42.570022583,-62.9907684326,23.9437446594,-30.3927440643,-62.6976699829,-43.1190643311],[882.26953125,-111.627449036,-204.78163147,381.567016602,-80.3176574707,38.3273124695,-27.7595691681,54.5308647156,-2.01537489891,13.8341999054,-1.50329172611,23.3727760315,-5.53082036972],[-908.689453125,53.533706665,245.634735107,-80.3176574707,250.357162476,45.1615371704,65.8897857666,-19.3548698425,-4.91051435471,-17.1917762756,-18.4342193604,-28.6692676544,2.36829900742],[-80.8129196167,-17.5141563416,16.9171199799,38.3273124695,45.1615371704,228.892456055,60.7007522583,28.9864654541,-15.1401147842,0.418646097183,-13.9405384064,-7.02755260468,3.84246754646],[-400.933837891,33.1219139099,93.7340774536,-27.7595691681,65.8897857666,60.7007522583,135.800674438,6.73130369186,2.32430934906,-24.668598175,3.80253505707,-22.813741684,-2.52968764305],[335.372283936,-27.9537620544,-42.570022583,54.5308647156,-19.3548698425,28.9864654541,6.73130369186,108.460411072,7.42180299759,18.5666217804,-11.1100215912,12.8331184387,-5.00963973999],[144.007369995,44.0648918152,-62.9907684326,-2.01537489891,-4.91051435471,-15.1401147842,2.32430934906,7.42180299759,88.9223632812,18.7140827179,10.9557590485,-2.48602509499,6.18708324432],[115.479782104,-30.9080238342,23.9437446594,13.8341999054,-17.1917762756,0.418646097183,-24.668598175,18.5666217804,18.7140827179,93.7961730957,28.4502048492,8.94235897064,-6.41550779343],[72.409614563,45.9347839355,-30.3927440643,-1.50329172611,-18.4342193604,-13.9405384064,3.80253505707,-11.1100215912,10.9557590485,28.4502048492,90.5643844604,15.3390779495,5.6797451973],[296.589874268,-34.8721847534,-62.6976699829,23.3727760315,-28.6692676544,-7.02755260468,-22.813741684,12.8331184387,-2.48602509499,8.94235897064,15.3390779495,73.4493637085,23.9675579071],[141.522720337,32.515789032,-43.1190643311,-5.53082036972,2.36829900742,3.84246754646,-2.52968764305,-5.00963973999,6.18708324432,-6.41550779343,5.6797451973,23.9675579071,56.5850753784]],"icov":[[0.000184879929293,-0.000161830655998,0.000362934777513,-0.000166389130754,0.000211574530113,0.0000366366330127,0.0000871347801876,-0.000273758458206,0.0001092796374,-0.000294890807709,0.000195828266442,-0.000271267839707,-0.0000909249865799],[-0.000161830655998,0.00106904818676,-0.0000656887496007,0.000424722587923,-0.000490922306199,0.0000350626469299,-0.0001223305444,0.000171198116732,-0.00029796132003,0.000520364032127,-0.000755691027734,0.000934645126108,-0.000418707844801],[0.000362934777513,-0.0000656887496007,0.00219475664198,0.00020611420041,-0.000755400571506,0.000379429460736,-0.000545680115465,-0.000265278620645,0.00130524730776,-0.00174319511279,0.000760191003792,-0.000106320607301,0.000408965715906],[-0.000166389130754,0.000424722587923,0.00020611420041,0.00349465967156,0.000193130632397,-0.000628784066066,0.000252078752965,-0.000900538405403,0.000214260813664,0.000133380759507,-0.000245412200456,0.0000201789152925,0.000644670566544],[0.000211574530113,-0.000490922306199,-0.000755400571506,0.000193130632397,0.0063289119862,-0.000785264594015,-0.00141612661537,0.000301057298202,-0.000478778849356,0.000116026487376,0.00115107325837,0.000229702025536,-0.00119936268311],[0.0000366366330127,0.0000350626469299,0.000379429460736,-0.000628784066066,-0.000785264594015,0.0056351791136,-0.00266677699983,-0.00094854546478,0.00149161019363,-0.00143384013791,0.00105592340697,0.000291000469588,-0.00099200650584],[0.0000871347801876,-0.0001223305444,-0.000545680115465,0.000252078752965,-0.00141612661537,-0.00266677699983,0.0112888561562,-0.00205468037166,-0.0015469500795,0.00412491662428,-0.00309177162126,0.00217644753866,0.0000496046995977],[-0.000273758458206,0.000171198116732,-0.000265278620645,-0.000900538405403,0.000301057298202,-0.00094854546478,-0.00205468037166,0.0120372315869,-0.000937897188123,-0.00255002570339,0.00270396913402,-0.00236207456328,0.00186430453323],[0.0001092796374,-0.00029796132003,0.00130524730776,0.000214260813664,-0.000478778849356,0.00149161019363,-0.0015469500795,-0.000937897188123,0.0134928878397,-0.00390345975757,0.0000214115025301,0.00166465248913,-0.00194510631263],[-0.000294890807709,0.000520364032127,-0.00174319511279,0.000133380759507,0.000116026487376,-0.00143384013791,0.00412491662428,-0.00255002570339,-0.00390345975757,0.0159573741257,-0.00597046595067,0.0000677666030242,0.00198097131215],[0.000195828266442,-0.000755691027734,0.000760191003792,-0.000245412200456,0.00115107325837,0.00105592340697,-0.00309177162126,0.00270396913402,0.0000214115025301,-0.00597046595067,0.0148760899901,-0.0036344693508,-0.000151960528456],[-0.000271267839707,0.000934645126108,-0.000106320607301,0.0000201789152925,0.000229702025536,0.000291000469588,0.00217644753866,-0.00236207456328,0.00166465248913,0.0000677666030242,-0.0036344693508,0.01976560615,-0.00826044008136],[-0.0000909249865799,-0.000418707844801,0.000408965715906,0.000644670566544,-0.00119936268311,-0.00099200650584,0.0000496046995977,0.00186430453323,-0.00194510631263,0.00198097131215,-0.000151960528456,-0.00826044008136,0.0227513816208]],"mean":[-684.10760498,159.271621704,-13.966129303,41.7809524536,8.05620956421,22.3818511963,5.09519672394,10.6036500931,1.75021064281,0.256770133972,-1.58963155746,0.872125208378,-0.821504712105]},"pitch_salience":{"dmean":0.0839406177402,"dmean2":0.140995651484,"dvar":0.00549941509962,"dvar2":0.0151670053601,"max":0.988030672073,"mean":0.544515669346,"median":0.556265592575,"min":0.117961153388,"var":0.0105612939224},"silence_rate_20dB":{"dmean":0,"dmean2":0,"dvar":0,"dvar2":0,"max":1,"mean":1,"median":1,"min":1,"var":0},"silence_rate_30dB":{"dmean":0.0328985638916,"dmean2":0.0658025890589,"dvar":0.0318146422505,"dvar2":0.0805850848556,"max":1,"mean":0.976241886616,"median":1,"min":0,"var":0.0231927428395},"silence_rate_60dB":{"dmean":0.000830771808978,"dmean2":0.00166168157011,"dvar":0.000830111093819,"dvar2":0.00232364586554,"max":1,"mean":0.0873899310827,"median":0,"min":0,"var":0.0797469392419},"spectral_centroid":{"dmean":208.737808228,"dmean2":319.051422119,"dvar":67865.828125,"dvar2":127928.367188,"max":11098.8583984,"mean":1047.52600098,"median":948.230163574,"min":135.940475464,"var":490961.71875},"spectral_complexity":{"dmean":3.36695194244,"dmean2":5.23246908188,"dvar":13.6203136444,"dvar2":28.5983009338,"max":63,"mean":20.5999336243,"median":22,"min":0,"var":166.4793396},"spectral_contrast_coeffs":{"dmean":[0.0570955686271,0.0487502031028,0.0373019203544,0.0303412545472,0.0238924324512,0.0388378873467],"dmean2":[0.0955882892013,0.0801905840635,0.061384499073,0.0500087067485,0.0390844382346,0.0608704425395],"dvar":[0.0020283756312,0.00149523676373,0.000886740512215,0.000582493667025,0.000436614383943,0.00126210961025],"dvar2":[0.00561546394601,0.00393116706982,0.0023554507643,0.0015903058229,0.00112238619477,0.0029741153121],"max":[-0.368033647537,-0.45189127326,-0.525505661964,-0.569335341454,-0.618518948555,-0.451732814312],"mean":[-0.664689183235,-0.771294295788,-0.806832373142,-0.810654580593,-0.814569234848,-0.736151754856],"median":[-0.665493369102,-0.777598798275,-0.810389518738,-0.811123132706,-0.806629896164,-0.73132610321],"min":[-0.969167053699,-0.977454483509,-0.979743480682,-0.977983593941,-0.97312939167,-0.963101089001],"var":[0.00573363807052,0.0051913689822,0.00348352012224,0.00251055066474,0.00282934703864,0.00733972014859]},"spectral_contrast_valleys":{"dmean":[0.387009084225,0.407587319613,0.338432103395,0.309933930635,0.304645508528,0.599920153618],"dmean2":[0.646263480186,0.661143422127,0.544639408588,0.488220512867,0.469416618347,0.966757178307],"dvar":[0.0972233787179,0.123240381479,0.0944763347507,0.0980933010578,0.135701626539,0.283470869064],"dvar2":[0.256251454353,0.303880721331,0.216123729944,0.216186240315,0.305088549852,0.717463731766],"max":[-5.06270074844,-4.64672851562,-5.11607217789,-5.44554281235,-5.19820976257,-9.01958942413],"mean":[-6.78838539124,-6.9076051712,-7.26692676544,-7.62706184387,-7.78887796402,-11.2619190216],"median":[-6.48558759689,-6.51602840424,-6.81835460663,-7.11774539948,-7.23937368393,-11.0213222504],"min":[-28.0892333984,-27.562171936,-27.319726944,-27.4906864166,-27.2509117126,-27.2512950897],"var":[2.05616188049,2.35441613197,2.49083924294,2.55007624626,2.60183787346,1.54912102222]},"spectral_decrease":{"dmean":4.09618383657e-9,"dmean2":6.65238175657e-9,"dvar":2.82110411132e-17,"dvar2":7.27679387541e-17,"max":1.15958309621e-9,"mean":-9.14456510515e-9,"median":-8.07188182961e-9,"min":-5.54371908379e-8,"var":4.72652689461e-17},"spectral_energy":{"dmean":0.015897968784,"dmean2":0.0256775934249,"dvar":0.000422980810981,"dvar2":0.00107434985694,"max":0.222510799766,"mean":0.0448910035193,"median":0.0425153598189,"min":1.03264217929e-20,"var":0.000881237792782},"spectral_energyband_high":{"dmean":0.000264359841822,"dmean2":0.000371008674847,"dvar":6.96985352988e-7,"dvar2":0.00000128716430936,"max":0.0217280965298,"mean":0.000750220438931,"median":0.000442664430011,"min":7.73898064201e-21,"var":0.00000210037978832},"spectral_energyband_low":{"dmean":0.0138682378456,"dmean2":0.0230179317296,"dvar":0.000370280991774,"dvar2":0.000977445859462,"max":0.193923279643,"mean":0.0233067665249,"median":0.0170964971185,"min":2.72862506386e-23,"var":0.000491991231684},"spectral_energyband_middle_high":{"dmean":0.00154996197671,"dmean2":0.00236807577312,"dvar":0.00000516847921972,"dvar2":0.0000114904742077,"max":0.0426299311221,"mean":0.00542819313705,"median":0.00387582043186,"min":1.24204652585e-21,"var":0.0000321491497743},"spectral_energyband_middle_low":{"dmean":0.0047373585403,"dmean2":0.00745701184496,"dvar":0.0000357064091077,"dvar2":0.0000884191249497,"max":0.0776025056839,"mean":0.0125093525276,"median":0.00934113003314,"min":2.49351359076e-22,"var":0.000121154647786},"spectral_entropy":{"dmean":0.201896056533,"dmean2":0.310840278864,"dvar":0.0621989630163,"dvar2":0.14952377975,"max":9.79303264618,"mean":7.38303041458,"median":7.51684808731,"min":4.74265193939,"var":0.261198580265},"spectral_flux":{"dmean":0.0295265056193,"dmean2":0.0480616465211,"dvar":0.0011117043905,"dvar2":0.0025879284367,"max":0.387781828642,"mean":0.110282801092,"median":0.108092285693,"min":6.72296177062e-11,"var":0.0033290151041},"spectral_kurtosis":{"dmean":3.99333047867,"dmean2":6.40778636932,"dvar":38.8522720337,"dvar2":101.85307312,"max":94.1504821777,"mean":16.0153121948,"median":15.1689662933,"min":-1.23343932629,"var":68.9907836914},"spectral_rms":{"dmean":0.00107692345046,"dmean2":0.00171232048888,"dvar":0.00000135754555686,"dvar2":0.00000336177708959,"max":0.0147337606177,"mean":0.0061246319674,"median":0.00644037313759,"min":3.17404436068e-12,"var":0.0000062850890572},"spectral_rolloff":{"dmean":3654.33154297,"dmean2":6957.40625,"dvar":46459280,"dvar2":116310464,"max":22050,"mean":7292.515625,"median":1981.0546875,"min":21.533203125,"var":82778808},"spectral_skewness":{"dmean":0.321402430534,"dmean2":0.499924898148,"dvar":0.194103866816,"dvar2":0.486540138721,"max":7.77582550049,"mean":2.59750294685,"median":2.51982688904,"min":0.00827633868903,"var":0.588806569576},"spectral_spread":{"dmean":488412.53125,"dmean2":775846,"dvar":333688733696,"dvar2":791074111488,"max":40178536,"mean":3810759.5,"median":3588620.25,"min":1283161.75,"var":1196810305540},"spectral_strongpeak":{"dmean":0.944634795189,"dmean2":1.76452720165,"dvar":33.1632194519,"dvar2":92.0582809448,"max":101.939117432,"mean":0.89030367136,"median":0.294160574675,"min":0,"var":24.0271511078},"zerocrossingrate":{"dmean":0.0291604958475,"dmean2":0.0386127568781,"dvar":0.000748221704271,"dvar2":0.00130983442068,"max":0.681640625,"mean":0.187280803919,"median":0.18798828125,"min":0.0048828125,"var":0.00873781647533}},"metadata":{"audio_properties":{"analysis_sample_rate":44100,"bit_rate":320000,"codec":"mp3","downmix":"mix","equal_loudness":0,"length":279.484069824,"lossless":false,"md5_encoded":"791f9caaa60a219a3160cd76e68fa99a","replay_gain":-11.860452652,"sample_rate":44100},"tags":{"album":["Out of Exile"],"albumartist":["Audioslave"],"albumartistsort":["Audioslave"],"artist":["Audioslave"],"artistsort":["Audioslave"],"asin":["B0007WZUMY"],"barcode":["4988005390455"],"composer":["Audioslave/Audioslave/Chris Cornell"],"date":["2005"],"discnumber":["1/1"],"encoding":["LAME 3.90.3"],"file_name":"03. Audioslave - Be Yourself.mp3","genre":["Alternative Rock"],"isrc":["USIR10500509"],"label":["Epic"],"language":["eng"],"media":["CD"],"musicbrainz album release country":["JP"],"musicbrainz album status":["official"],"musicbrainz album type":["album"],"musicbrainz_albumartistid":["020bfbb4-05c3-4c86-b372-17825c262094"],"musicbrainz_albumid":["780cd4e5-56f8-4ea1-94e0-6fb6368e0083"],"musicbrainz_artistid":["020bfbb4-05c3-4c86-b372-17825c262094"],"musicbrainz_recordingid":["40b71a2f-b614-4fe3-a76e-ba9273fde182"],"musicbrainz_workid":["2a6e009d-8ca7-32f5-be62-752e25562a12"],"musicip_puid":["3819ffa7-dd54-a700-250e-3a50086b7f7c"],"originaldate":["2005"],"script":["Latn"],"title":["Be Yourself"],"tracknumber":["3/14"],"user defined text information":["Normal release"]},"version":{"essentia":"2.1-beta1","essentia_build_sha":"ca57ba49d9b1854bd80e60cf9ccf267278fb7d6b","essentia_git_sha":"v2.1_beta1-28-g21ef5f4-dirty","extractor":"music 1.0"}},"rhythm":{"beats_count":542,"beats_loudness":{"dmean":0.0222257580608,"dmean2":0.0390568114817,"dvar":0.000440977484686,"dvar2":0.00129904551432,"max":0.186108127236,"mean":0.0559276901186,"median":0.0559241436422,"min":3.44868883451e-10,"var":0.000882456544787},"beats_loudness_band_ratio":{"dmean":[0.178155392408,0.0841157212853,0.0587815903127,0.0440107323229,0.0390755496919,0.0591369606555],"dmean2":[0.317381173372,0.146918416023,0.1067059