{"lowlevel":{"average_loudness":0.885621726513,"barkbands":{"dmean":[0.000123016099678,0.00215096585453,0.00165320932865,0.00157372432295,0.0021218508482,0.00151848501991,0.00119634380098,0.000850870797876,0.000659077777527,0.000311994721415,0.000222313799895,0.00028890860267,0.000215444219066,0.000237511630985,0.00025790464133,0.000204431649763,0.000148914608872,0.000110428125481,0.000120043907373,0.000191546409042,0.000198979731067,0.000176937217475,0.000402934238082,0.000325531116687,0.0000534837236046,0.00000689097078066,1.0038110787e-7],"dmean2":[0.000174026805325,0.00334637891501,0.00258204108104,0.00252948654816,0.00340195838362,0.00230740034021,0.0018813253846,0.00134633586276,0.00105102080852,0.000489402853418,0.000360083562555,0.000466563011287,0.000350465852534,0.00038432769361,0.00040253190673,0.000317360012559,0.000241760208155,0.00017528324679,0.000189352722373,0.000280163716525,0.000287813716568,0.000248100084718,0.00057801627554,0.00044268387137,0.0000741501062294,0.00000987866860669,1.47252606553e-7],"dvar":[2.83058891881e-8,0.0000140499978443,0.0000117525687529,0.0000112917305159,0.0000118394427773,0.00000751336347093,0.00000618912781647,0.00000445187606601,0.00000217202818931,6.20379239535e-7,3.1761385344e-7,3.26733868405e-7,2.45250618036e-7,5.46554588254e-7,4.96386178384e-7,4.34760409007e-7,1.07109933367e-7,8.08765321381e-8,1.62710676932e-7,4.16346722432e-7,4.87693114337e-7,2.94488131658e-7,0.00000174045044332,0.00000179397432021,4.43742784739e-8,7.26739224355e-10,1.59109379318e-13],"dvar2":[6.04508869628e-8,0.000036959809222,0.0000309138922603,0.0000299610746879,0.0000325715118379,0.0000177754318429,0.000014955464394,0.0000111389808808,0.00000536000152351,0.00000135326411055,8.25600125154e-7,8.73246449373e-7,6.25204904736e-7,0.0000012451563407,0.00000120671484183,9.81100242825e-7,2.7303758543e-7,1.95255978497e-7,4.01263804406e-7,8.36066362808e-7,9.96058020064e-7,5.69441624521e-7,0.00000365014511772,0.00000322618870996,8.37966211975e-8,1.48813583678e-9,3.18323384145e-13],"max":[0.00265844073147,0.0611485801637,0.0768044888973,0.0503444075584,0.0669446289539,0.0647972226143,0.059645794332,0.0534901693463,0.0274752806872,0.0265084747225,0.017413591966,0.0110891014338,0.0125818066299,0.0219996646047,0.024045066908,0.0289120860398,0.0125265792012,0.0101459780708,0.011298132129,0.0214915014803,0.0205473247916,0.0110443439335,0.0241108220071,0.0388373546302,0.00538813741878,0.000702373043168,0.0000137559472932],"mean":[0.000370520428987,0.00627368548885,0.00292420620099,0.0022443390917,0.00449050124735,0.00293829594739,0.00199757050723,0.00145447428804,0.00112144032028,0.000573390861973,0.000351915310603,0.000498141802382,0.00037064391654,0.000370762660168,0.000451413507108,0.000380528799724,0.000298659753753,0.000213791601709,0.000192534716916,0.0003340926487,0.000364398525562,0.000332674942911,0.000702841382008,0.00060832145391,0.0000971685149125,0.000012347351003,2.0156892333e-7],"median":[0.000284340232611,0.00360209285282,0.00126398541033,0.000800463138148,0.00229009869508,0.00103902327828,0.000806931522675,0.000526963616721,0.00038355650031,0.000182085903361,0.000144443532918,0.00025892566191,0.000158058217494,0.000147023747559,0.000169081395143,0.000161915115314,0.00016752074589,0.0000955157447606,0.0000599129780312,0.0000586906462559,0.000039688526158,0.0000466458659503,0.00006649979332,0.0000525337090949,0.0000109767352114,0.00000198085535885,8.13024314539e-8],"min":[5.05227938901e-25,3.85796764433e-24,8.20792022512e-25,7.46136445113e-25,7.5934046797e-24,3.89152933712e-24,7.3487868016e-24,6.51238716608e-24,1.61004286168e-23,1.00412945e-23,1.47468143009e-23,1.31545498397e-23,3.5902243088e-23,3.1077550859e-23,4.14989556196e-23,3.51737458192e-23,7.44764337926e-23,7.69128527864e-23,1.17809989577e-22,1.49988989052e-22,2.31821001739e-22,2.82024261209e-22,4.11809904011e-22,5.61274811744e-22,8.38951830898e-22,1.20103706788e-21,1.95611877244e-21],"var":[8.65996483412e-8,0.0000582395514357,0.0000208739038499,0.0000167084981513,0.0000369253757526,0.0000235395236814,0.0000136898415803,0.00000866497430252,0.00000453971415482,0.00000210951861845,5.26634266862e-7,5.78855292588e-7,3.97381825223e-7,8.65292918206e-7,8.4943286538e-7,9.74016074906e-7,1.8602554519e-7,1.92181175862e-7,2.40637575644e-7,9.81470975603e-7,0.00000139779899655,9.0253649887e-7,0.00000444416127721,0.0000053556873354,1.23515533801e-7,1.66601010765e-9,2.90512514219e-13]},"barkbands_crest":{"dmean":2.06004619598,"dmean2":3.28981637955,"dvar":3.78327536583,"dvar2":9.79009819031,"max":24.4874687195,"mean":9.76327610016,"median":8.98196792603,"min":2.19986200333,"var":15.6663265228},"barkbands_flatness_db":{"dmean":0.0161661915481,"dmean2":0.0242715999484,"dvar":0.000259053223999,"dvar2":0.000559061300009,"max":0.359363526106,"mean":0.136475011706,"median":0.133366242051,"min":0.0314170494676,"var":0.0018860445125},"barkbands_kurtosis":{"dmean":2.40687060356,"dmean2":3.68650341034,"dvar":15.3151636124,"dvar2":34.0748252869,"max":105.77243042,"mean":4.59179639816,"median":2.66002297401,"min":-1.93120884895,"var":48.7292480469},"barkbands_skewness":{"dmean":0.447996348143,"dmean2":0.663156986237,"dvar":0.249213442206,"dvar2":0.505659580231,"max":9.06882476807,"mean":1.57130718231,"median":1.562915802,"min":-3.40092277527,"var":1.62201929092},"barkbands_spread":{"dmean":5.88984251022,"dmean2":8.64818572998,"dvar":73.689781189,"dvar2":138.195999146,"max":104.002632141,"mean":23.9968299866,"median":18.7247123718,"min":1.41916739941,"var":337.090332031},"dissonance":{"dmean":0.016787160188,"dmean2":0.0279834661633,"dvar":0.000259233405814,"dvar2":0.000710538239218,"max":0.499862194061,"mean":0.463154047728,"median":0.468833774328,"min":0.297502815723,"var":0.000689789245371},"dynamic_complexity":3.94298815727,"erbbands":{"dmean":[0.0565463528037,0.517878711224,1.65849769115,3.73624706268,5.95548391342,7.84028291702,9.46467399597,12.7858285904,16.7321643829,16.1247138977,17.9711494446,15.1118440628,9.57658863068,9.35774421692,9.96820259094,9.77902793884,9.47516155243,10.411693573,12.8154735565,12.3407239914,9.49637699127,7.71619129181,5.89393568039,5.1574177742,6.99213838577,8.96231842041,9.45441055298,6.80538129807,5.8488817215,11.458530426,10.1993741989,8.75481319427,4.09227657318,0.895306944847,0.272795647383,0.0611101128161,0.00719179352745,0.000447045837063,0.0000300491683447,0.0000117896133816],"dmean2":[0.0857308655977,0.815070092678,2.55011343956,6.03680419922,9.50252342224,12.5994644165,14.7135248184,19.4255447388,26.2311782837,25.2723712921,28.2328262329,23.7374420166,14.9673395157,14.4862699509,16.2655715942,15.6646413803,15.1373796463,16.7386322021,20.139881134,18.9126338959,14.8870067596,12.508769989,9.29606056213,8.20642185211,10.910826683,13.0171480179,13.8593654633,9.76648712158,8.255859375,16.602060318,14.4679117203,12.1765174866,5.60323143005,1.20387470722,0.387497156858,0.0867337659001,0.00990413688123,0.000617569952738,0.0000411323380831,0.0000168523802131],"dvar":[0.01297860872,0.771591186523,9.86255550385,74.4128265381,88.2072753906,219.117294312,299.263000488,658.512817383,1279.9342041,1255.62634277,2084.41577148,1195.65637207,549.05078125,452.282623291,632.608215332,340.858734131,374.897033691,1068.54406738,1467.10571289,1080.46594238,816.790222168,366.097503662,213.335159302,308.049255371,486.421081543,1006.59472656,1088.64306641,604.168334961,337.271057129,1309.88623047,1300.98449707,1380.15014648,266.108520508,12.7153205872,1.28934502602,0.0543524362147,0.000754704640713,0.00000251539972851,9.66469038133e-9,4.38148933801e-10],"dvar2":[0.0321449413896,2.05328392982,25.5109825134,198.382583618,232.552047729,620.581359863,720.782043457,1580.27026367,3173.03051758,2995.37133789,5342.32910156,2856.72802734,1164.76623535,923.579223633,1740.48803711,846.842041016,894.870605469,2578.26904297,3520.32763672,2359.33740234,1742.66271973,951.367736816,509.154663086,773.928955078,1146.29321289,2050.03442383,2340.0090332,1188.41369629,680.561645508,2870.44628906,2536.07519531,2570.64892578,486.690093994,23.0207290649,2.72195196152,0.109239831567,0.00147140270565,0.00000478130777992,1.76227903381e-8,7.94320276221e-10],"max":[2.24828529358,16.2756309509,76.4781112671,110.575782776,163.613296509,329.104614258,309.456115723,682.330078125,849.137207031,1006.98248291,1346.48205566,789.213745117,880.265319824,717.799377441,798.024536133,416.623077393,550.139831543,1016.35998535,1531.71228027,1084.18566895,1337.72351074,849.041625977,501.660766602,637.136962891,648.405151367,1035.47314453,906.250854492,771.105957031,368.309967041,676.710510254,841.106628418,1020.37304688,473.204467773,100.954353333,37.1482887268,5.97979831696,0.774314761162,0.0477578081191,0.00236154091544,0.000453689804999],"mean":[0.184137061238,1.39040315151,3.38640666008,5.83478307724,11.1443901062,15.7722949982,18.7539463043,24.5046806335,28.4350910187,28.8661365509,32.7096176147,26.1161804199,17.7980499268,17.7967300415,17.9503135681,18.4937343597,17.8518943787,17.2089710236,22.7179851532,24.0094890594,19.3761806488,16.2372360229,12.2173423767,9.22269630432,11.8454456329,15.6036462784,16.7768383026,12.5246925354,11.0039787292,19.6279201508,18.4277629852,15.9781980515,7.49376964569,1.65930974483,0.485927551985,0.112002022564,0.0132447211072,0.000874179881066,0.00007552705938,0.0000440717558376],"median":[0.0700560808182,0.839176654816,1.75965809822,2.59346008301,5.86705112457,6.80492687225,6.84170055389,9.11918544769,11.9534397125,11.4153881073,13.9468727112,9.55095386505,6.64743614197,7.17742729187,8.70865821838,10.4613761902,8.29054069519,7.40774583817,8.87672996521,9.28461074829,8.97627544403,8.98504066467,6.00708007812,3.4848742485,3.37446856499,2.68914556503,2.04324889183,1.48087668419,1.55464053154,2.10551023483,1.69431936741,1.3210709095,0.633486151695,0.162294462323,0.0659781843424,0.0175330340862,0.0021894602105,0.000196429144125,0.0000334712531185,0.0000364685911336],"min":[8.02505358982e-23,6.9814573814e-22,2.21111638136e-21,3.55710362397e-21,9.90768907279e-21,1.51655131947e-20,3.46309794009e-20,4.0624129121e-20,9.77123965308e-20,2.06175594859e-19,2.01573329952e-19,3.84405745754e-19,4.00340217032e-19,6.68296742771e-19,5.53110446606e-19,1.06264026225e-18,1.51447846948e-18,1.94891982765e-18,2.87848637488e-18,3.50643681459e-18,3.00445005894e-18,4.39042281493e-18,5.15703312713e-18,5.84157760999e-18,7.48042671707e-18,7.40013725809e-18,9.34505808107e-18,7.56805492244e-18,9.41320949174e-18,1.08483082975e-17,1.11011815467e-17,1.14528052717e-17,9.78873046468e-18,7.5266454338e-18,6.42007298882e-18,4.19221214219e-18,2.13114957775e-18,8.67675859826e-19,2.50765670508e-19,2.6372369391e-20],"var":[0.077275082469,2.84352850914,21.0861854553,98.6637191772,227.259719849,618.770690918,1043.44885254,1745.35473633,2716.43798828,2654.68139648,4065.55737305,2594.55102539,1400.37145996,1586.01635742,1065.35668945,648.715881348,749.486877441,1562.08422852,2580.65527344,2677.21289062,1908.18847656,585.773925781,499.609436035,522.588439941,852.616210938,2300.66748047,2780.32543945,1674.0357666,975.870239258,2911.92919922,3694.45532227,3950.53613281,760.769714355,37.9885673523,2.83759832382,0.133073046803,0.00184538715985,0.00000640269809082,2.63020343283e-8,1.91541205119e-9]},"erbbands_crest":{"dmean":2.33994364738,"dmean2":3.7949681282,"dvar":5.25028848648,"dvar2":13.3853168488,"max":29.1759853363,"mean":8.32070446014,"median":7.53564739227,"min":2.09834361076,"var":14.0644102097},"erbbands_flatness_db":{"dmean":0.012663112022,"dmean2":0.0190159007907,"dvar":0.000163416611031,"dvar2":0.000349231995642,"max":0.288973063231,"mean":0.154989480972,"median":0.152882993221,"min":0.0322352051735,"var":0.00131018110551},"erbbands_kurtosis":{"dmean":0.878721773624,"dmean2":1.34415400028,"dvar":2.37715244293,"dvar2":4.85473632812,"max":55.1785125732,"mean":0.455849766731,"median":-0.151171565056,"min":-1.86064827442,"var":5.73395681381},"erbbands_skewness":{"dmean":0.351982474327,"dmean2":0.515308499336,"dvar":0.13691483438,"dvar2":0.248245000839,"max":6.85063695908,"mean":0.247945278883,"median":0.321287125349,"min":-4.19814682007,"var":0.860758721828},"erbbands_spread":{"dmean":8.05062103271,"dmean2":12.3077001572,"dvar":100.851928711,"dvar2":217.727844238,"max":149.212249756,"mean":42.4508857727,"median":38.3175811768,"min":3.78985023499,"var":390.910705566},"gfcc":{"cov":[[33006.1445312,1900.48132324,-2941.92480469,1738.6003418,-2504.02661133,875.519714355,-1298.76550293,156.033081055,-379.258178711,-151.329772949,-222.847869873,-238.620391846,-138.577972412],[1900.48132324,1737.16967773,-584.68536377,-415.967071533,454.433837891,-226.287338257,34.3871269226,-53.3049163818,47.1910018921,-132.807357788,-19.7187595367,-7.79646635056,-40.8774528503],[-2941.92480469,-584.68536377,853.48248291,106.492073059,2.82951307297,57.3800086975,22.3144664764,-2.709192276,15.6672840118,24.3653755188,47.2922019958,61.6792678833,39.3857154846],[1738.6003418,-415.967071533,106.492073059,565.32409668,-312.520629883,118.576507568,-38.1632156372,-13.2331562042,-28.9162197113,33.1097869873,5.08470773697,-19.4298553467,40.5037918091],[-2504.02661133,454.433837891,2.82951307297,-312.520629883,619.235839844,-153.535507202,175.596618652,0.28855279088,41.3886222839,8.24045372009,-11.2982110977,14.4791460037,-0.982711851597],[875.519714355,-226.287338257,57.3800086975,118.576507568,-153.535507202,213.90411377,-25.0378303528,18.75548172,4.10791730881,5.3250169754,0.500607907772,-30.1209373474,-12.8588924408],[-1298.76550293,34.3871269226,22.3144664764,-38.1632156372,175.596618652,-25.0378303528,260.12979126,3.05538320541,16.1891994476,34.3766059875,0.691060125828,-19.5082988739,10.1533060074],[156.033081055,-53.3049163818,-2.709192276,-13.2331562042,0.28855279088,18.75548172,3.05538320541,121.330749512,27.9119987488,26.7633857727,5.69179582596,-8.16382312775,7.10692691803],[-379.258178711,47.1910018921,15.6672840118,-28.9162197113,41.3886222839,4.10791730881,16.1891994476,27.9119987488,116.501457214,13.9961891174,12.1898860931,-4.68430662155,-3.36742949486],[-151.329772949,-132.807357788,24.3653755188,33.1097869873,8.24045372009,5.3250169754,34.3766059875,26.7633857727,13.9961891174,106.352378845,20.2838878632,-8.46067237854,10.6025257111],[-222.847869873,-19.7187595367,47.2922019958,5.08470773697,-11.2982110977,0.500607907772,0.691060125828,5.69179582596,12.1898860931,20.2838878632,78.590385437,25.8362026215,8.72320270538],[-238.620391846,-7.79646635056,61.6792678833,-19.4298553467,14.4791460037,-30.1209373474,-19.5082988739,-8.16382312775,-4.68430662155,-8.46067237854,25.8362026215,103.01020813,27.67537117],[-138.577972412,-40.8774528503,39.3857154846,40.5037918091,-0.982711851597,-12.8588924408,10.1533060074,7.10692691803,-3.36742949486,10.6025257111,8.72320270538,27.67537117,68.4998703003]],"icov":[[0.000507329707034,-0.0013439389877,0.00106979615521,-0.00144096266013,0.0014916411601,-0.00174743239768,0.00124902743846,-0.00130703602917,0.0013834121637,-0.00141629425343,0.00125851749908,-0.000962414138485,0.000620912818704],[-0.0013439389877,0.00485731940717,-0.00200963998213,0.0039974343963,-0.00477288942784,0.00509247370064,-0.00306682288647,0.00384818110615,-0.00420159939677,0.00522591499612,-0.00404159165919,0.00281029194593,-0.00172174803447],[0.00106979615521,-0.00200963998213,0.00412867218256,-0.00320113333873,0.00238883821294,-0.00391049263999,0.00271590356715,-0.00238227471709,0.00242920406163,-0.00215544574894,0.00171641516499,-0.0026516970247,0.000934514799155],[-0.00144096266013,0.0039974343963,-0.00320113333873,0.0070615937002,-0.00294536096044,0.00437856279314,-0.00385550176725,0.00446497555822,-0.00378946447745,0.00339103653096,-0.0033754541073,0.00346710439771,-0.00365873984993],[0.0014916411601,-0.00477288942784,0.00238883821294,-0.00294536096044,0.00813279859722,-0.00406573992223,0.00176038150676,-0.00394739583135,0.00374131137505,-0.00531517714262,0.00489004701376,-0.00315208733082,0.00169693585485],[-0.00174743239768,0.00509247370064,-0.00391049263999,0.00437856279314,-0.00406573992223,0.0126775307581,-0.00451281433925,0.00360940396786,-0.00540655292571,0.00567940343171,-0.00461537903175,0.00478397496045,-0.000710759893991],[0.00124902743846,-0.00306682288647,0.00271590356715,-0.00385550176725,0.00176038150676,-0.00451281433925,0.00838608667254,-0.00281824520789,0.00326129607856,-0.00445457547903,0.00269012572244,-0.000927556597162,0.00052433705423],[-0.00130703602917,0.00384818110615,-0.00238227471709,0.00446497555822,-0.00394739583135,0.00360940396786,-0.00281824520789,0.0130481366068,-0.00567529350519,0.0018541222671,-0.003414665116,0.00330704008229,-0.00340049620718],[0.0013834121637,-0.00420159939677,0.00242920406163,-0.00378946447745,0.00374131137505,-0.00540655292571,0.00326129607856,-0.00567529350519,0.0136272804812,-0.0049221906811,0.00222515547648,-0.00218512560241,0.00231076451018],[-0.00141629425343,0.00522591499612,-0.00215544574894,0.00339103653096,-0.00531517714262,0.00567940343171,-0.00445457547903,0.0018541222671,-0.0049221906811,0.0171518139541,-0.00736668147147,0.00455535622314,-0.00285372580402],[0.00125851749908,-0.00404159165919,0.00171641516499,-0.0033754541073,0.00489004701376,-0.00461537903175,0.00269012572244,-0.003414665116,0.00222515547648,-0.00736668147147,0.0189436599612,-0.00659271515906,0.00180329068098],[-0.000962414138485,0.00281029194593,-0.0026516970247,0.00346710439771,-0.00315208733082,0.00478397496045,-0.000927556597162,0.00330704008229,-0.00218512560241,0.00455535622314,-0.00659271515906,0.015505024232,-0.0063854730688],[0.000620912818704,-0.00172174803447,0.000934514799155,-0.00365873984993,0.00169693585485,-0.000710759893991,0.00052433705423,-0.00340049620718,0.00231076451018,-0.00285372580402,0.00180329068098,-0.0063854730688,0.0195248499513]],"mean":[-31.3944911957,105.342689514,-111.152175903,39.7861785889,-61.0658760071,19.67461586,-40.4906311035,6.90776586533,-12.7265520096,-0.789896070957,-8.92303276062,-1.81507277489,-7.98663187027]},"hfc":{"dmean":9.53265762329,"dmean2":12.6564598083,"dvar":595.850097656,"dvar2":969.266967773,"max":573.120239258,"mean":28.0157966614,"median":14.2786521912,"min":1.06197827788e-16,"var":2393.95092773},"melbands":{"dmean":[0.000554695841856,0.000754782231525,0.000662449048832,0.000517405627761,0.000312596996082,0.000286322843749,0.000254638202023,0.000178665446583,0.000144011428347,0.0000910422386369,0.0000494713567605,0.0000401466022595,0.0000323020685755,0.0000351130329364,0.0000243025770033,0.0000194579024537,0.0000206683362194,0.0000220088149945,0.0000192180996237,0.0000160691579367,0.0000116308756333,0.00000891655236046,0.00000685876284479,0.00000572517456021,0.00000425845792051,0.00000498818553751,0.00000585681300436,0.0000065105050453,0.00000660336945657,0.00000529820863449,0.00000380172355108,0.00000339455141329,0.00000392160745832,0.00000813995029603,0.00000641640781396,0.00000560900662094,0.00000570538031752,0.00000352974757334,0.00000138039058584,5.83146800182e-7],"dmean2":[0.000856471131556,0.0011722225463,0.00105882366188,0.000829590309877,0.000489423982799,0.000434205052443,0.000398573640268,0.000281118031126,0.000228203542065,0.000142863456858,0.000077466640505,0.0000623981977697,0.0000525903742528,0.0000570775046072,0.0000393099253415,0.0000312246702379,0.0000335449585691,0.0000351452108589,0.0000299742532661,0.0000249415206781,0.0000186381148524,0.0000145637422975,0.0000110002747533,0.00000920073034649,0.00000692342928232,0.00000798189466877,0.00000901916064322,0.00000961443492997,0.00000997678216663,0.00000784078110883,0.00000549998185306,0.00000502621105625,0.00000563332378078,0.0000121804960145,0.00000937756431085,0.00000806812022347,0.0000080978979895,0.00000493716015626,0.00000191987896869,8.16955605387e-7],"dvar":[0.00000106797006083,0.00000171898057033,0.00000170409623479,7.63756190736e-7,2.79897619748e-7,3.02887286807e-7,2.80268892539e-7,1.45738283663e-7,1.21074336334e-7,4.46369448071e-8,1.49326364607e-8,8.51289794213e-9,6.75727784838e-9,5.56725332501e-9,2.68051802976e-9,2.27394769681e-9,4.61416815867e-9,4.80526374247e-9,2.31474617252e-9,2.94558177849e-9,1.05316333432e-9,4.25732255005e-10,2.2502985586e-10,2.59951948856e-10,2.3638155322e-10,2.98880808991e-10,4.40823044734e-10,5.58795343331e-10,5.90493876018e-10,3.72596065112e-10,1.90845311776e-10,1.25084220759e-10,1.64053742813e-10,7.08741232369e-10,4.96280183615e-10,5.54113865903e-10,6.47690623357e-10,2.00380961823e-10,3.25746964125e-11,5.44310950479e-12],"dvar2":[0.00000277596086562,0.00000449316712547,0.00000447400407211,0.00000212315921999,6.86852672516e-7,7.25855272776e-7,6.83347536778e-7,3.4600179788e-7,3.09544958554e-7,1.06057626681e-7,3.18543236233e-8,1.75197865104e-8,1.79214030283e-8,1.51190331366e-8,6.61512133959e-9,5.66331559426e-9,1.10375024676e-8,1.14347402658e-8,5.20660092818e-9,6.63784316401e-9,2.25677165844e-9,1.08083331174e-9,5.6561055839e-10,6.60593246771e-10,6.06434291672e-10,7.37506833381e-10,1.05788100502e-9,1.13483900055e-9,1.30608057702e-9,8.11769984566e-10,3.97832600196e-10,2.77894290912e-10,3.28382820936e-10,1.65895186477e-9,1.01908670391e-9,1.0752089219e-9,1.30933563991e-9,3.84913101392e-10,6.24242810221e-11,1.0588628932e-11],"max":[0.016230456531,0.0291278082877,0.0172773711383,0.0192040614784,0.00871223211288,0.0146431671456,0.013418789953,0.00896570645273,0.0100639499724,0.00506926095113,0.00456713279709,0.00316515797749,0.00288370554335,0.00149956985842,0.00145898468327,0.00119486905169,0.00208431342617,0.00254116812721,0.0010077963816,0.00238368590362,0.0012736201752,0.000836712424643,0.000441077892901,0.000562499975786,0.000563085020985,0.000514759100042,0.00066803075606,0.000837765226606,0.000750604260247,0.000563228095416,0.000428186409408,0.00026629617787,0.000291940203169,0.000416938361013,0.000522998685483,0.000692401896231,0.000728388433345,0.000390373985283,0.000161806121469,0.0000615098397247],"mean":[0.00169811025262,0.0018219051417,0.00114135676995,0.00103484210558,0.000654917850625,0.000552129524294,0.000434038433013,0.000319406477502,0.000259401189396,0.000153387591126,0.0000876853155205,0.0000741845360608,0.0000556286395295,0.0000594351404288,0.0000437223970948,0.0000339100442943,0.000031331426726,0.0000355414049409,0.0000343197207258,0.0000293591365335,0.0000214496612898,0.0000173142689164,0.0000130334328787,0.0000100510333141,0.00000693749962011,0.00000774400541559,0.00000951255333348,0.0000105814460767,0.0000109069451355,0.00000912831274036,0.00000651697746434,0.00000587311433264,0.00000701535509506,0.0000129236332214,0.0000109654565676,0.00000983859990811,0.00000979081778496,0.00000618555668552,0.0000023864799914,0.00000100630518318],"median":[0.000865374342538,0.00111053488217,0.000592782627791,0.00051548553165,0.000264328089543,0.000205369491596,0.000185495999176,0.000122716679471,0.000110122746264,0.0000521744223079,0.0000304405839415,0.0000272206907539,0.0000252025711234,0.0000295651334454,0.0000216415137402,0.0000148459166667,0.0000125536516862,0.0000125557198771,0.0000126917602756,0.0000115397142508,0.00000946351974562,0.00000911142433324,0.00000667805988996,0.00000412841200159,0.00000231682406593,0.00000224858990805,0.00000221731602323,0.00000162524440839,0.00000132302932343,9.0597018243e-7,7.86845475886e-7,8.03489626833e-7,8.5013300577e-7,0.00000122995174934,9.79891865427e-7,7.16036140602e-7,7.58305304771e-7,5.0155659892e-7,1.80195783628e-7,9.98954092779e-8],"min":[1.53306952219e-24,1.50090352157e-24,8.58186790433e-25,1.75284538153e-24,1.09182490802e-24,9.6741493656e-25,1.57146219916e-24,2.06580582972e-24,1.25212538827e-24,2.31219193954e-24,1.70847235004e-24,1.94963560902e-24,2.21756136864e-24,1.65321934895e-24,3.76380841783e-24,3.54962597674e-24,3.26879938309e-24,4.19779432838e-24,3.50252782525e-24,4.2119488596e-24,2.35266405385e-24,3.70605433323e-24,2.55868671495e-24,3.50806129007e-24,3.8790625738e-24,4.66618325186e-24,4.26919373448e-24,4.60147220295e-24,4.96460026041e-24,4.73991610852e-24,3.68190414548e-24,4.92949989443e-24,5.57653070864e-24,5.5335429169e-24,5.44862085716e-24,5.85896697297e-24,6.01021211888e-24,5.51177193364e-24,5.61779365601e-24,4.97858321438e-24],"var":[0.00000481604047309,0.00000463249625682,0.00000267578593593,0.00000211973156183,0.00000107349137579,8.52467962886e-7,6.18198441771e-7,3.17135260275e-7,2.41302643644e-7,9.6868504329e-8,3.77183475564e-8,3.16781409992e-8,1.13796270185e-8,9.50972989244e-9,4.71758809795e-9,3.62423246969e-9,6.40875796876e-9,8.16391221292e-9,4.6927723929e-9,6.50642606459e-9,2.19472617857e-9,7.16903370002e-10,4.40282726943e-10,4.8776638284e-10,3.53023971167e-10,4.25800589232e-10,7.65789653911e-10,1.19002452337e-9,1.27344335077e-9,1.0066579792e-9,4.59627363947e-10,2.95262453376e-10,4.46320813641e-10,1.31194510811e-9,1.26742272233e-9,1.52213330828e-9,1.5877736903e-9,5.25176957478e-10,8.83635872806e-11,1.41813080376e-11]},"melbands_crest":{"dmean":2.70046949387,"dmean2":4.3167386055,"dvar":6.72639083862,"dvar2":17.6922836304,"max":33.4191970825,"mean":13.4564762115,"median":12.8841991425,"min":1.43219280243,"var":25.6597824097},"melbands_flatness_db":{"dmean":0.0214696675539,"dmean2":0.0313080325723,"dvar":0.000512435683049,"dvar2":0.0010228746105,"max":0.474037259817,"mean":0.203522399068,"median":0.205091506243,"min":0.00238483119756,"var":0.00486105680466},"melbands_kurtosis":{"dmean":5.87340593338,"dmean2":9.05798912048,"dvar":109.731636047,"dvar2":253.731994629,"max":287.20401001,"mean":14.2491483688,"median":9.15835189819,"min":-1.85403943062,"var":346.128692627},"melbands_skewness":{"dmean":0.600014030933,"dmean2":0.91411948204,"dvar":0.474401205778,"dvar2":1.0525342226,"max":14.9054775238,"mean":2.75093460083,"median":2.57844543457,"min":-0.982107937336,"var":2.39522624016},"melbands_spread":{"dmean":7.92254161835,"dmean2":11.4954462051,"dvar":243.059112549,"dvar2":422.091400146,"max":250.429901123,"mean":27.8078536987,"median":17.3490715027,"min":0.871789574623,"var":1154.43713379},"mfcc":{"cov":[[13994.4052734,-81.3277359009,640.83795166,190.159408569,-343.408782959,138.965560913,-350.740783691,44.1405143738,-251.301208496,219.006942749,-274.753356934,-40.5667304993,-117.201759338],[-81.3277359009,2424.6328125,-885.152954102,-50.7870292664,235.935302734,-69.5306396484,-5.53379917145,103.086448669,27.212677002,-105.900382996,72.7576065063,-1.90501379967,40.2378959656],[640.83795166,-885.152954102,914.137634277,53.1302604675,-45.017490387,54.5251312256,-60.0668945312,-4.16205501556,-69.083190918,20.6702842712,-82.7636184692,44.484588623,-9.6344537735],[190.159408569,-50.7870292664,53.1302604675,314.728912354,-12.097454071,38.9428329468,43.6732711792,-25.072675705,38.8254089355,-36.0537567139,-5.82498550415,3.71252655983,24.7738723755],[-343.408782959,235.935302734,-45.017490387,-12.097454071,212.160324097,-12.1986055374,-20.4918231964,14.0060300827,8.36398887634,-13.701218605,1.93546819687,17.4093875885,15.9494848251],[138.965560913,-69.5306396484,54.5251312256,38.9428329468,-12.1986055374,153.59513855,39.9156455994,3.61328244209,11.5427684784,8.69335460663,17.1240940094,-7.48223257065,-9.88904857635],[-350.740783691,-5.53379917145,-60.0668945312,43.6732711792,-20.4918231964,39.9156455994,164.517486572,-4.62748003006,41.5559921265,19.9671287537,18.2435264587,6.48283720016,1.31957650185],[44.1405143738,103.086448669,-4.16205501556,-25.072675705,14.0060300827,3.61328244209,-4.62748003006,105.747192383,4.71666669846,-6.21571731567,0.0598181895912,-3.33883881569,4.06650257111],[-251.301208496,27.212677002,-69.083190918,38.8254089355,8.36398887634,11.5427684784,41.5559921265,4.71666669846,126.623535156,29.6853733063,27.6016025543,8.55965805054,-0.335399717093],[219.006942749,-105.900382996,20.6702842712,-36.0537567139,-13.701218605,8.69335460663,19.9671287537,-6.21571731567,29.6853733063,136.048858643,24.3281764984,7.86380815506,-5.1360912323],[-274.753356934,72.7576065063,-82.7636184692,-5.82498550415,1.93546819687,17.1240940094,18.2435264587,0.0598181895912,27.6016025543,24.3281764984,88.7417373657,12.7020359039,-0.978500127792],[-40.5667304993,-1.90501379967,44.484588623,3.71252655983,17.4093875885,-7.48223257065,6.48283720016,-3.33883881569,8.55965805054,7.86380815506,12.7020359039,81.5729370117,21.6724319458],[-117.201759338,40.2378959656,-9.6344537735,24.7738723755,15.9494848251,-9.88904857635,1.31957650185,4.06650257111,-0.335399717093,-5.1360912323,-0.978500127792,21.6724319458,81.5655670166]],"icov":[[0.000105632250779,-0.0000622587031103,-0.0000254674941971,-0.000155525456648,0.000209575358895,-0.0001571768953,0.000277073180769,-0.000070956077252,0.000179935377673,-0.000362086808309,0.000372585811419,-0.000100470846519,0.00017484932323],[-0.0000622587031103,0.000835107231978,0.000793061917648,0.00000141285011068,-0.000749955361243,0.0000779314723331,-0.00000616221814198,-0.000639381527435,0.000151175423525,0.000553655612748,-0.000292164477287,-0.000297224527458,-0.000109161235741],[-0.0000254674941971,0.000793061917648,0.00227158050984,-0.000458476366475,-0.00034491516999,-0.000777859881055,0.000758582318667,-0.000804547045846,0.000908798770979,-0.000275562837487,0.00140358018689,-0.00170656503178,0.000437385751866],[-0.000155525456648,0.00000141285011068,-0.000458476366475,0.00428838515654,-0.0000452419408248,-0.000516823900398,-0.00121758319438,0.00132860091981,-0.00193571439013,0.00211250176653,-0.00036112224916,0.000603850814514,-0.00172090588603],[0.000209575358895,-0.000749955361243,-0.00034491516999,-0.0000452419408248,0.00600935937837,-0.00036864640424,0.00123235024512,-0.000145582176629,-0.000396912830183,-0.000485039839987,0.00104153121356,-0.00113578222226,-0.000306244066451],[-0.0001571768953,0.0000779314723331,-0.000777859881055,-0.000516823900398,-0.00036864640424,0.00806289166212,-0.00227716914378,-0.000417924515205,-0.000180543051101,0.000503981660586,-0.00269752857275,0.00161713501438,0.000477062421851],[0.000277073180769,-0.00000616221814198,0.000758582318667,-0.00121758319438,0.00123235024512,-0.00227716914378,0.00835943687707,-0.000208906058106,-0.00102476216853,-0.00174458534457,0.00118821486831,-0.00140551629011,0.000492339837365],[-0.000070956077252,-0.000639381527435,-0.000804547045846,0.00132860091981,-0.000145582176629,-0.000417924515205,-0.000208906058106,0.0106064295396,-0.00135895085987,0.000846797658596,-0.00022641014948,0.00115883303806,-0.00109560845885],[0.000179935377673,0.000151175423525,0.000908798770979,-0.00193571439013,-0.000396912830183,-0.000180543051101,-0.00102476216853,-0.00135895085987,0.0106951612979,-0.00280836597085,-0.000956639356446,-0.00124333135318,0.00120532896835],[-0.000362086808309,0.000553655612748,-0.000275562837487,0.00211250176653,-0.000485039839987,0.000503981660586,-0.00174458534457,0.000846797658596,-0.00280836597085,0.0103618763387,-0.00343376630917,0.00025109568378,-0.000792619131971],[0.000372585811419,-0.000292164477287,0.00140358018689,-0.00036112224916,0.00104153121356,-0.00269752857275,0.00118821486831,-0.00022641014948,-0.000956639356446,-0.00343376630917,0.0159627534449,-0.00355188339017,0.0013314235257],[-0.000100470846519,-0.000297224527458,-0.00170656503178,0.000603850814514,-0.00113578222226,0.00161713501438,-0.00140551629011,0.00115883303806,-0.00124333135318,0.00025109568378,-0.00355188339017,0.0154106914997,-0.0041262251325],[0.00017484932323,-0.000109161235741,0.000437385751866,-0.00172090588603,-0.000306244066451,0.000477062421851,0.000492339837365,-0.00109560845885,0.00120532896835,-0.000792619131971,0.0013314235257,-0.0041262251325,0.0143712814897]],"mean":[-657.406555176,125.237945557,9.82681083679,20.6395492554,7.87935495377,8.71856403351,-7.67220497131,6.80996799469,-3.32849168777,5.19187068939,-3.2441880703,5.9495806694,2.61669421196]},"pitch_salience":{"dmean":0.0591808222234,"dmean2":0.0945621207356,"dvar":0.00295674987137,"dvar2":0.00771624175832,"max":0.830024719238,"mean":0.570530772209,"median":0.578790903091,"min":0.138350442052,"var":0.0128654297441},"silence_rate_20dB":{"dmean":0,"dmean2":0,"dvar":0,"dvar2":0,"max":1,"mean":1,"median":1,"min":1,"var":0},"silence_rate_30dB":{"dmean":0.00119420804549,"dmean2":0.00238877278753,"dvar":0.00119278358761,"dvar2":0.00357745867223,"max":1,"mean":0.999402999878,"median":1,"min":0,"var":0.000596631260123},"silence_rate_60dB":{"dmean":0.00656814454123,"dmean2":0.0131382504478,"dvar":0.0065248766914,"dvar2":0.0147579330951,"max":1,"mean":0.085522390902,"median":0,"min":0,"var":0.0782045572996},"spectral_centroid":{"dmean":256.572631836,"dmean2":370.91696167,"dvar":148944.484375,"dvar2":256819.40625,"max":11670.0351562,"mean":1439.92089844,"median":1022.05078125,"min":236.267776489,"var":2481686.5},"spectral_complexity":{"dmean":3.24794745445,"dmean2":4.85189628601,"dvar":16.1300621033,"dvar2":28.9978218079,"max":59,"mean":18.8986568451,"median":17,"min":0,"var":110.399604797},"spectral_contrast_coeffs":{"dmean":[0.0461688712239,0.0449672304094,0.0339662469923,0.0263992920518,0.0210856366903,0.0171403679997],"dmean2":[0.0755002275109,0.0730388015509,0.0558981895447,0.0434233732522,0.0335362069309,0.0263792220503],"dvar":[0.0015004160814,0.00140469218604,0.000782804272603,0.000487527169753,0.000375188305043,0.000315364362905],"dvar2":[0.00407189177349,0.0037413102109,0.00205502426252,0.00124196172692,0.00084501382662,0.000672861817293],"max":[-0.33118185401,-0.467407822609,-0.483120918274,-0.592759072781,-0.548351705074,-0.573428928852],"mean":[-0.65433549881,-0.720993041992,-0.775418400764,-0.778063416481,-0.785657525063,-0.769563674927],"median":[-0.65550416708,-0.723931789398,-0.779456853867,-0.776384830475,-0.785938620567,-0.765779435635],"min":[-0.979380428791,-0.97963321209,-0.98531806469,-0.975814878941,-0.970157146454,-0.965867042542],"var":[0.00882092863321,0.00669916905463,0.00430718017742,0.00324740912765,0.00279186642729,0.00292991776951]},"spectral_contrast_valleys":{"dmean":[0.323077529669,0.324850708246,0.289359092712,0.255713403225,0.231420397758,0.252260744572],"dmean2":[0.522564470768,0.531422436237,0.46634849906,0.398397505283,0.341138333082,0.331729203463],"dvar":[0.109873734415,0.107563070953,0.0932563468814,0.0917091593146,0.102072380483,0.127183377743],"dvar2":[0.231014877558,0.222898736596,0.178782165051,0.167936131358,0.177258431911,0.192108854651],"max":[-5.29370498657,-4.74213218689,-5.25900888443,-5.37672519684,-5.07103776932,-6.82582616806],"mean":[-7.44857692719,-7.04063892365,-7.80493402481,-8.1781463623,-8.19529533386,-10.5236082077],"median":[-6.88277339935,-6.47950077057,-7.25436210632,-7.69068956375,-7.66633796692,-10.0329170227],"min":[-28.6285209656,-27.9903888702,-27.8854465485,-27.6772518158,-27.5421333313,-27.462802887],"var":[8.63021373749,8.99427318573,8.42221355438,8.11778640747,8.25401496887,7.26047229767]},"spectral_decrease":{"dmean":1.73706604656e-9,"dmean2":2.65036503855e-9,"dvar":4.5484924805e-18,"dvar2":1.13147264936e-17,"max":1.50139853082e-28,"mean":-7.26710114307e-9,"median":-6.88848622588e-9,"min":-3.17239354786e-8,"var":2.52059832833e-17},"spectral_energy":{"dmean":0.00710878102109,"dmean2":0.0107545079663,"dvar":0.0000746474979678,"dvar2":0.00017999985721,"max":0.126293897629,"mean":0.029968816787,"median":0.0286299958825,"min":9.8991870455e-21,"var":0.000429386214819},"spectral_energyband_high":{"dmean":0.00106389599387,"dmean2":0.00138085300568,"dvar":0.0000111121535156,"dvar2":0.000017598611521,"max":0.0755935534835,"mean":0.00231457012706,"median":0.000313499069307,"min":6.81169178829e-21,"var":0.0000436025329691},"spectral_energyband_low":{"dmean":0.0035819853656,"dmean2":0.00562861049548,"dvar":0.0000380183882953,"dvar2":0.0000984336293186,"max":0.0987426862121,"mean":0.0105567537248,"median":0.00706929713488,"min":1.1289743402e-23,"var":0.000126946906676},"spectral_energyband_middle_high":{"dmean":0.00124757457525,"dmean2":0.00186860107351,"dvar":0.000005278207027,"dvar2":0.0000116531700769,"max":0.0446610115469,"mean":0.00379082676955,"median":0.00230684666894,"min":1.18997322427e-21,"var":0.0000208529745578},"spectral_energyband_middle_low":{"dmean":0.00480238627642,"dmean2":0.00734424637631,"dvar":0.0000358742254321,"dvar2":0.0000907926514628,"max":0.0809579119086,"mean":0.0143691478297,"median":0.0121297501028,"min":1.37585142127e-22,"var":0.000144043748151},"spectral_entropy":{"dmean":0.13920506835,"dmean2":0.204074695706,"dvar":0.0231880452484,"dvar2":0.0454279892147,"max":9.82821369171,"mean":7.59334754944,"median":7.56688404083,"min":6.05454349518,"var":0.313205569983},"spectral_flux":{"dmean":0.0171880628914,"dmean2":0.0271612666547,"dvar":0.000371315720258,"dvar2":0.000859324005432,"max":0.256275475025,"mean":0.074664093554,"median":0.0715017318726,"min":6.30784591227e-11,"var":0.00198750803247},"spectral_kurtosis":{"dmean":1.53124153614,"dmean2":2.53415226936,"dvar":4.92837715149,"dvar2":13.6364479065,"max":55.6741828918,"mean":4.5127158165,"median":3.20347929001,"min":-1.27176213264,"var":21.566576004},"spectral_rms":{"dmean":0.00059927359689,"dmean2":0.000892031472176,"dvar":4.10715244925e-7,"dvar2":9.50580556491e-7,"max":0.011100159958,"mean":0.00495987338945,"median":0.00528504513204,"min":3.10769097088e-12,"var":0.00000463742799184},"spectral_rolloff":{"dmean":498.672637939,"dmean2":810.640258789,"dvar":1226878.25,"dvar2":2349115.25,"max":19724.4140625,"mean":1864.8338623,"median":818.26171875,"min":21.533203125,"var":9310393},"spectral_skewness":{"dmean":0.214592248201,"dmean2":0.325439304113,"dvar":0.0601154752076,"dvar2":0.135945618153,"max":5.9676027298,"mean":1.51331913471,"median":1.50408935547,"min":-0.147671833634,"var":0.484290540218},"spectral_spread":{"dmean":466998.875,"dmean2":694685.9375,"dvar":658545573888,"dvar2":1321601073150,"max":45949848,"mean":5339894,"median":4491645,"min":1604736.125,"var":26945920172000},"spectral_strongpeak":{"dmean":0.411988139153,"dmean2":0.707468450069,"dvar":0.856362938881,"dvar2":2.19830179214,"max":17.9361305237,"mean":0.729277849197,"median":0.412835240364,"min":0,"var":1.05274140835},"zerocrossingrate":{"dmean":0.0114903897047,"dmean2":0.0125009622425,"dvar":0.000328393420205,"dvar2":0.000368276552763,"max":0.533203125,"mean":0.0704672932625,"median":0.0478515625,"min":0.005859375,"var":0.00605716044083}},"metadata":{"audio_properties":{"analysis_sample_rate":44100,"bit_rate":0,"codec":"flac","downmix":"mix","equal_loudness":0,"length":155.533340454,"lossless":true,"md5_encoded":"2bec0147e5e199b30f0eef23291e7b2d","replay_gain":-7.52514457703,"sample_rate":44100},"tags":{"acoustid_id":["4da430fb-fbb4-4910-ac57-5343f10d81a2"],"album":["There Are But Four Small Faces"],"albumartist":["Small Faces"],"albumartistsort":["Small Faces"],"artist":["Small Faces"],"artistsort":["Small Faces"],"barcode":["074644789522"],"bpm":["117"],"catalognumber":["AK 47895"],"date":["1991"],"discnumber":["1"],"disctotal":["1"],"file_name":"Small Faces - Green Circles (alternate take).flac","genre":["Rock; Psychedelic; Pop"],"grouping":["Rock"],"label":["Sony Music"],"media":["CD"],"musicbrainz_albumartistid":["7771a68c-ef6a-400f-978d-64050d45a54c"],"musicbrainz_albumid":["1a5299c4-e56d-4982-aab8-eb264ab487c1"],"musicbrainz_artistid":["7771a68c-ef6a-400f-978d-64050d45a54c"],"musicbrainz_recordingid":["40e92c1c-f929-4c83-a2e1-99a01644c538"],"musicbrainz_releasegroupid":["39fcfe80-f986-366a-a93a-10de4c1432de"],"musicbrainz_releasetrackid":["086982dc-0cb8-4129-b852-ef16ca6f1ca1"],"originaldate":["1967-06"],"originalyear":["1967"],"releasecountry":["US"],"releasestatus":["official"],"releasetype":["album"],"script":["Latn"],"title":["Green Circles (alternate take)"],"totaldiscs":["1"],"totaltracks":["14"],"tracknumber":["13"],"tracktotal":["14"]},"version":{"essentia":"2.1-beta2","essentia_build_sha":"70f2e5ece6736b2c40cc944ad0e695b16b925413","essentia_git_sha":"v2.1_beta2","extractor":"music 1.0"}},"rhythm":{"beats_count":300,"beats_loudness":{"dmean":0.0146724339575,"dmean2":0.0253936685622,"dvar":0.000206522410735,"dvar2":0.000578923616558,"max":0.12437466532,"mean":0.0373105742037,"median":0.0374720469117,"min":0,"var":0.000538146472536},"beats_loudness_band_ratio":{"dmean":[0.220478147268,0.131596967578,0.1463561