{"lowlevel":{"average_loudness":0.864396989346,"barkbands":{"dmean":[0.0000186908509932,0.00789138302207,0.00196951208636,0.00188526359852,0.00322012463585,0.000927478889935,0.000660562247504,0.000642578525003,0.00066296645673,0.000481229741126,0.00023164106824,0.000102821730252,0.000165705379914,0.0005037127994,0.000221698370297,0.000257149455138,0.000213839797652,0.000464504759293,0.000212987710256,0.000238095351961,0.000231694080867,0.0000589026603848,0.0000321806837746,0.0000145175490616,0.00000921634728002,7.4131042993e-7,2.12321005222e-8],"dmean2":[0.0000324356769852,0.01142472215,0.00340068689547,0.00307082338259,0.00519630219787,0.00149904866703,0.00104786152951,0.00101260491647,0.00101433624513,0.000749773695134,0.000349492242094,0.000161724761711,0.000256814790191,0.000773798907176,0.000335446122335,0.000387476902688,0.000332417606842,0.000705320620909,0.00031379039865,0.000349475856638,0.000337621837389,0.0000896518540685,0.000047615456424,0.0000211504648178,0.0000138132791108,0.00000111499218747,3.60075347317e-8],"dvar":[1.45677403474e-9,0.000241731919232,0.0000112482039185,0.0000110752553155,0.000020015742848,0.00000345885473507,0.00000166070378782,0.00000235545962823,0.00000161792456765,0.00000186544832559,1.70070251215e-7,5.77237670996e-8,9.19436544677e-8,7.07830736246e-7,2.07790307627e-7,1.95745997189e-7,1.93474591015e-7,5.50950574052e-7,1.48109677411e-7,2.41342121399e-7,4.26021301791e-7,3.33450032031e-8,1.99297094383e-8,2.06433892203e-8,2.04655226099e-8,7.0982657252e-11,3.43029433627e-15],"dvar2":[3.41514994062e-9,0.000364707666449,0.0000292816057481,0.0000277630224446,0.0000519901841471,0.00000894841377885,0.00000391731600757,0.00000516346290169,0.00000392590845877,0.00000465031644126,3.60195429039e-7,1.49850308162e-7,2.11541248518e-7,0.00000159171736414,4.61399991991e-7,4.12375413816e-7,4.73152880431e-7,0.00000124068481,2.90811954073e-7,5.08300104229e-7,8.16669000869e-7,7.69190506844e-8,4.21719903443e-8,3.74561288652e-8,3.97793513685e-8,1.48646706055e-10,8.45717589791e-15],"max":[0.00322301592678,0.137623906136,0.0358573533595,0.0666090771556,0.07693041116,0.0428377352655,0.0308264363557,0.0322163179517,0.0294575020671,0.0316523835063,0.0125413918868,0.010181600228,0.00969569850713,0.0182469356805,0.0141033502296,0.0158451125026,0.0166718568653,0.0202826391906,0.0158060509712,0.01569840312,0.025777425617,0.0065360404551,0.00788233149797,0.00867417920381,0.00905561633408,0.000504925556015,0.00000225225448958],"mean":[0.0000292410004477,0.0249619409442,0.00413387781009,0.00293600279838,0.00638271216303,0.00162464252207,0.00106914166827,0.00102906487882,0.00128027878236,0.000878706225194,0.000438470655354,0.000185108408914,0.000324936350808,0.000993427238427,0.000441618351033,0.000519241089933,0.000402473757276,0.000972299312707,0.000465196702862,0.00048983778106,0.000476135930512,0.000109643158794,0.0000577150603931,0.0000205590276892,0.0000106033221527,9.59487579166e-7,4.29098747645e-8],"median":[0.0000218615950871,0.00130210909992,0.00179538514931,0.00127494870685,0.00355904456228,0.000764030846767,0.000510637823027,0.00035897892667,0.000586496840697,0.000224960152991,0.000204187890631,0.0000829680357128,0.000158969443874,0.000522179820109,0.000178642716492,0.000278644147329,0.000209391495446,0.000557852850761,0.000235121508013,0.000224312345381,0.000171150750248,0.0000501842077938,0.0000203863382922,0.00000291164769806,4.80916298784e-7,2.13841914842e-7,3.28485398882e-8],"min":[2.53189147658e-25,2.52641638747e-24,3.09874103857e-25,2.68278341002e-24,3.86638045146e-24,6.91116621443e-24,7.39919738003e-24,1.55707905605e-23,1.11242703608e-23,1.92842570308e-23,1.78870786603e-23,2.43991128111e-23,1.43120714783e-23,3.09322332139e-23,3.28691297054e-23,7.23954629008e-23,6.16826371446e-23,8.3861511982e-23,1.27950297953e-22,1.67063069242e-22,2.38924410201e-22,3.46406796889e-22,3.95709240314e-22,5.49926372357e-22,6.864241991e-22,1.32139295773e-21,1.92524227698e-21],"var":[2.26824337091e-9,0.00113416044042,0.0000209386817005,0.0000244255879807,0.0000582016291446,0.00000747037893234,0.0000038146413317,0.00000527538804818,0.00000419055686507,0.00000544149088455,5.25086250036e-7,1.4048394803e-7,2.76509126707e-7,0.00000202436331165,6.52762480513e-7,5.9719826595e-7,4.173627417e-7,0.00000161212096828,5.96904158101e-7,7.53564961542e-7,0.00000164553705417,4.85552682505e-8,3.22086712856e-8,3.52885329846e-8,2.63400039557e-8,8.19391429707e-11,4.55985745243e-15]},"barkbands_crest":{"dmean":2.91791200638,"dmean2":4.59787607193,"dvar":10.7026929855,"dvar2":21.4350776672,"max":26.5415859222,"mean":13.7409238815,"median":12.9884252548,"min":2.54715847969,"var":36.8793373108},"barkbands_flatness_db":{"dmean":0.0268904305995,"dmean2":0.0379149839282,"dvar":0.000930837646592,"dvar2":0.00140273466241,"max":0.573297202587,"mean":0.206305980682,"median":0.193394213915,"min":0.0514734052122,"var":0.00657047145069},"barkbands_kurtosis":{"dmean":5.73815059662,"dmean2":9.17882347107,"dvar":324.692687988,"dvar2":911.032958984,"max":1817.61608887,"mean":14.6242856979,"median":3.75864171982,"min":-1.92015814781,"var":6799.20410156},"barkbands_skewness":{"dmean":0.730714440346,"dmean2":1.07406949997,"dvar":0.695362448692,"dvar2":1.34825289249,"max":37.0591011047,"mean":2.30584406853,"median":1.93321335316,"min":-4.09785079956,"var":6.82125282288},"barkbands_spread":{"dmean":5.01260375977,"dmean2":7.61955881119,"dvar":41.8020019531,"dvar2":84.7571563721,"max":115.869476318,"mean":17.8321495056,"median":14.5091123581,"min":0.152486726642,"var":166.163253784},"dissonance":{"dmean":0.0156389139593,"dmean2":0.025345724076,"dvar":0.000308090558974,"dvar2":0.00077743222937,"max":0.500000059605,"mean":0.465120404959,"median":0.476306289434,"min":0.189303323627,"var":0.00127162097488},"dynamic_complexity":1.27654957771,"erbbands":{"dmean":[0.110143095255,2.11343312263,3.12501478195,3.65384697914,7.98701238632,14.5503587723,6.97847414017,7.88861083984,9.25626564026,10.4399003983,14.8674783707,14.4597959518,15.7071876526,11.1887407303,7.64822530746,4.33550310135,5.84805727005,25.5121765137,13.397977829,11.3339014053,14.292014122,10.8428735733,24.5470371246,12.4406805038,10.4656763077,10.7012443542,13.8861856461,4.30752849579,2.24825143814,1.09007275105,0.879481732845,0.358776330948,0.229685723782,0.134578481317,0.0477910861373,0.00698395865038,0.000887192087248,0.0000869955911185,0.00000715638589099,0.0000113392261483],"dmean2":[0.172697722912,3.02599430084,4.6087679863,6.02702903748,13.4562778473,23.2879905701,10.9819202423,12.8410453796,14.8759717941,16.3099937439,23.6035175323,21.9133110046,24.4184761047,17.0234928131,11.5363693237,6.84269618988,8.89376926422,39.0701942444,20.154876709,17.0964889526,21.3903503418,16.375289917,37.261341095,18.3427658081,15.4192237854,15.7063674927,19.870880127,6.22132921219,3.39183330536,1.61108064651,1.30338251591,0.525147914886,0.341778159142,0.199845552444,0.0722227692604,0.0104250963777,0.00134522351436,0.000137566414196,0.0000104993532659,0.000016449686882],"dvar":[0.0493161305785,17.1298789978,27.8270568848,39.161277771,162.48576355,448.739257812,161.516357422,302.152893066,356.517700195,509.615020752,1170.1505127,886.784484863,1538.3515625,1056.45605469,192.902999878,94.2014160156,110.329742432,1913.52978516,695.443664551,417.616699219,612.169433594,350.546936035,1477.22509766,415.592834473,407.685821533,500.491577148,1416.38085938,120.970741272,52.702583313,18.9235191345,17.8485984802,10.8276405334,5.70074319839,4.05896615982,0.544837832451,0.00827928073704,0.0000772728162701,2.37623751786e-7,5.19006559951e-10,2.16914791684e-10],"dvar2":[0.109789356589,24.5592765808,52.905620575,98.9871902466,455.618438721,1128.68115234,365.062988281,810.783325195,856.342224121,1092.21618652,2711.61523438,2202.19165039,3809.15307617,2493.53442383,427.646179199,249.383224487,244.707824707,4292.61376953,1493.4675293,921.317626953,1264.59362793,792.121826172,3426.48901367,877.277282715,823.582702637,1048.57763672,2630.89892578,251.277862549,124.952957153,42.7401123047,35.6876411438,21.2023048401,9.95071411133,7.67903327942,1.10886287689,0.0166160464287,0.000158715658472,4.76714120623e-7,1.02962149917e-9,3.16441317594e-10],"max":[2.0205719471,37.4934997559,46.6756019592,130.617233276,275.51171875,359.730834961,249.574417114,476.123596191,453.695495605,606.908447266,787.390075684,875.609985352,1104.71862793,1088.68994141,460.784393311,437.035369873,514.443115234,1044.83996582,857.49395752,579.282714844,915.851379395,501.350280762,1148.93310547,577.245849609,826.06640625,638.989807129,1536.77966309,322.030151367,305.870697021,154.35899353,259.997009277,167.444992065,150.265884399,137.42048645,35.4433708191,4.59491300583,0.55456084013,0.0232549998909,0.00117993506137,0.000246529729338],"mean":[0.268121212721,6.82765817642,9.19015884399,6.49763250351,14.6119165421,26.2557582855,13.196978569,13.7796068192,15.1805276871,17.2276496887,25.7956848145,29.1955795288,29.8302516937,21.8995113373,15.6906461716,8.48527336121,13.2968969345,51.2689208984,29.4648075104,24.3131046295,30.8143844604,25.0548343658,52.0537948608,28.4245300293,22.7141036987,23.1388549805,29.4125614166,9.21214866638,4.31503677368,2.06188392639,1.53540277481,0.52450042963,0.325741678476,0.160851866007,0.052478607744,0.00823389273137,0.00130163261201,0.000185612560017,0.0000320749568345,0.0000579316765652],"median":[0.0143662085757,0.407046347857,2.03240418434,4.01574802399,7.84909057617,13.2139415741,6.75800991058,6.3815703392,6.93998527527,7.67855167389,11.2160787582,13.5408840179,10.8731403351,8.15493869781,7.51092863083,4.40183639526,8.06437587738,26.5185623169,14.1476974487,13.3573656082,16.8592605591,15.0076684952,30.5270957947,16.7638263702,11.4461803436,10.5539913177,10.6827421188,4.09381246567,2.01661038399,0.884683787823,0.50148075819,0.101801343262,0.0386319123209,0.00939476303756,0.00226872041821,0.000856809900142,0.000427000661148,0.000110569999379,0.0000269198299065,0.0000446854246547],"min":[6.91244101365e-23,2.57170952265e-22,2.60937355404e-21,9.89749471798e-21,1.25094540192e-20,1.56021821632e-20,2.14038524962e-20,4.90711133595e-20,1.23083673817e-19,1.5122566365e-19,4.63874615714e-19,2.95374900557e-19,5.63725138419e-19,6.36946649254e-19,1.23533293009e-18,1.32127099867e-18,1.39125792312e-18,1.49545300519e-18,2.69685881226e-18,2.42550324629e-18,3.96357197626e-18,3.93983230627e-18,4.83277543188e-18,5.3762173779e-18,7.50269607352e-18,7.45839227991e-18,7.38748304908e-18,1.04660449754e-17,1.19480978615e-17,1.13630470763e-17,1.09269781368e-17,1.03263995172e-17,9.51131642111e-18,6.80624060343e-18,5.85695282963e-18,4.14458349611e-18,2.176134141e-18,9.4268470117e-19,2.4250634964e-19,2.64434293755e-20],"var":[0.136240169406,83.866607666,112.811569214,83.9866256714,383.906158447,1166.42822266,386.460571289,612.569030762,881.564880371,1060.46484375,2646.55517578,2310.40795898,3905.22485352,3195.40234375,637.499633789,204.458480835,360.610198975,5473.42285156,2236.67089844,1407.64233398,2120.8972168,1063.16894531,4353.63671875,1489.17248535,1464.91967773,1696.58691406,6074.39990234,319.158782959,72.4766311646,27.2246551514,30.3601665497,17.3867321014,9.87630271912,5.55996084213,0.638684391975,0.0100101036951,0.0000942393380683,3.39861514931e-7,8.26563095746e-10,1.28239296959e-9]},"erbbands_crest":{"dmean":2.57330799103,"dmean2":4.1217751503,"dvar":6.05260753632,"dvar2":15.2812986374,"max":29.6170921326,"mean":9.34940433502,"median":8.26448154449,"min":2.29168462753,"var":18.6902675629},"erbbands_flatness_db":{"dmean":0.0152613390237,"dmean2":0.0224162600935,"dvar":0.000240439985646,"dvar2":0.000494903943036,"max":0.435354411602,"mean":0.206238657236,"median":0.201286375523,"min":0.0267932172865,"var":0.00172139005736},"erbbands_kurtosis":{"dmean":1.09122979641,"dmean2":1.7127314806,"dvar":4.9619383812,"dvar2":11.9181442261,"max":55.4003448486,"mean":0.489786565304,"median":-0.327090024948,"min":-1.87621831894,"var":9.82285690308},"erbbands_skewness":{"dmean":0.384419262409,"dmean2":0.57207274437,"dvar":0.167957648635,"dvar2":0.362650036812,"max":6.21185159683,"mean":-0.0248907487839,"median":-0.176242485642,"min":-5.38091421127,"var":1.10298657417},"erbbands_spread":{"dmean":7.98976516724,"dmean2":11.9068202972,"dvar":67.1579055786,"dvar2":144.406295776,"max":179.28793335,"mean":39.9519081116,"median":39.5724754333,"min":1.29581546783,"var":286.634460449},"gfcc":{"cov":[[16268.7080078,739.009460449,-3412.84008789,1424.53088379,-1083.5012207,-270.521881104,-94.0464096069,-146.328384399,-45.6842727661,-313.148193359,-149.223892212,-166.482345581,-19.9451503754],[739.009460449,1583.85778809,630.451904297,-153.014862061,665.970581055,-149.923568726,239.693984985,-40.3987541199,134.295516968,71.7095184326,49.9750938416,6.40203046799,-24.9939308167],[-3412.84008789,630.451904297,1706.87634277,-218.461746216,691.57208252,173.718566895,128.624786377,110.653335571,162.418411255,136.232086182,88.2210998535,55.0216789246,-13.1121397018],[1424.53088379,-153.014862061,-218.461746216,1003.70318604,263.079528809,146.397354126,316.854919434,88.3523406982,286.976928711,11.2690753937,97.2488174438,69.0715942383,13.1580190659],[-1083.5012207,665.970581055,691.57208252,263.079528809,898.384155273,182.267089844,357.308319092,72.0219497681,274.154388428,129.114303589,100.295166016,84.6729049683,0.517727673054],[-270.521881104,-149.923568726,173.718566895,146.397354126,182.267089844,372.234069824,128.909820557,60.4039878845,151.645126343,45.4909439087,46.6133422852,28.3025684357,0.203413680196],[-94.0464096069,239.693984985,128.624786377,316.854919434,357.308319092,128.909820557,409.685974121,75.4117660522,195.673904419,81.4352264404,73.7095336914,41.7684555054,11.5894165039],[-146.328384399,-40.3987541199,110.653335571,88.3523406982,72.0219497681,60.4039878845,75.4117660522,143.089767456,98.2950210571,11.0017957687,21.2482795715,18.5790843964,-2.25679421425],[-45.6842727661,134.295516968,162.418411255,286.976928711,274.154388428,151.645126343,195.673904419,98.2950210571,303.23739624,80.6918487549,72.7431869507,54.664932251,4.83186912537],[-313.148193359,71.7095184326,136.232086182,11.2690753937,129.114303589,45.4909439087,81.4352264404,11.0017957687,80.6918487549,123.414733887,40.979675293,10.2366886139,9.25963783264],[-149.223892212,49.9750938416,88.2210998535,97.2488174438,100.295166016,46.6133422852,73.7095336914,21.2482795715,72.7431869507,40.979675293,97.5265579224,40.6772766113,0.0992737039924],[-166.482345581,6.40203046799,55.0216789246,69.0715942383,84.6729049683,28.3025684357,41.7684555054,18.5790843964,54.664932251,10.2366886139,40.6772766113,83.2427825928,24.4048175812],[-19.9451503754,-24.9939308167,-13.1121397018,13.1580190659,0.517727673054,0.203413680196,11.5894165039,-2.25679421425,4.83186912537,9.25963783264,0.0992737039924,24.4048175812,73.9521560669]],"icov":[[0.000723600445781,-0.00241299206391,0.00152672594413,-0.00206100032665,0.00165652064607,-0.00198311195709,0.00159848551266,-0.00174889236223,0.00155843608081,-0.00149801443331,0.00108540814836,-0.000439633644419,-0.0000636196928099],[-0.00241299206391,0.00971631053835,-0.0052410881035,0.00769676268101,-0.00679672323167,0.00809977110475,-0.00610948912799,0.00710221705958,-0.00654104910791,0.00629870360717,-0.00430321786553,0.00268232054077,0.000293130200589],[0.00152672594413,-0.0052410881035,0.00438808184117,-0.00392945483327,0.00254340074025,-0.00451589468867,0.00393026554957,-0.00462955236435,0.00352140818723,-0.00355455768295,0.00178594549652,-0.00088042858988,-0.000141860946314],[-0.00206100032665,0.00769676268101,-0.00392945483327,0.00820535887033,-0.00561797665432,0.00634256005287,-0.0057442560792,0.00564335426316,-0.00656495383009,0.00632116338238,-0.00444814236835,0.00197004736401,-0.0000236002924794],[0.00165652064607,-0.00679672323167,0.00254340074025,-0.00561797665432,0.00779844401404,-0.00566510623321,0.00247772922739,-0.00378784700297,0.00362854986452,-0.00486939493567,0.00368554308079,-0.00332619901747,0.000522638147231],[-0.00198311195709,0.00809977110475,-0.00451589468867,0.00634256005287,-0.00566510623321,0.0102440230548,-0.00540568446741,0.00571826379746,-0.00678314035758,0.00537441950291,-0.00387942790985,0.00245846714824,0.000270752265351],[0.00159848551266,-0.00610948912799,0.00393026554957,-0.0057442560792,0.00247772922739,-0.00540568446741,0.00921778287739,-0.00579642318189,0.00378957856447,-0.00530705461279,0.00173012784217,-0.00058713631006,-0.000930416281335],[-0.00174889236223,0.00710221705958,-0.00462955236435,0.00564335426316,-0.00378784700297,0.00571826379746,-0.00579642318189,0.0152445575222,-0.00825735740364,0.00647398037836,-0.0027154313866,0.00148755533155,0.000729774648789],[0.00155843608081,-0.00654104910791,0.00352140818723,-0.00656495383009,0.00362854986452,-0.00678314035758,0.00378957856447,-0.00825735740364,0.0132554108277,-0.00782642140985,0.00254774116911,-0.0038458625786,0.000529055309016],[-0.00149801443331,0.00629870360717,-0.00355455768295,0.00632116338238,-0.00486939493567,0.00537441950291,-0.00530705461279,0.00647398037836,-0.00782642140985,0.0172569733113,-0.00712639512494,0.00514776259661,-0.00232023722492],[0.00108540814836,-0.00430321786553,0.00178594549652,-0.00444814236835,0.00368554308079,-0.00387942790985,0.00173012784217,-0.0027154313866,0.00254774116911,-0.00712639512494,0.0189996138215,-0.00868222117424,0.00314286490902],[-0.000439633644419,0.00268232054077,-0.00088042858988,0.00197004736401,-0.00332619901747,0.00245846714824,-0.00058713631006,0.00148755533155,-0.0038458625786,0.00514776259661,-0.00868222117424,0.0204863268882,-0.00670698843896],[-0.0000636196928099,0.000293130200589,-0.000141860946314,-0.0000236002924794,0.000522638147231,0.000270752265351,-0.000930416281335,0.000729774648789,0.000529055309016,-0.00232023722492,0.00314286490902,-0.00670698843896,0.0162119865417]],"mean":[-33.4260902405,133.703994751,-140.536422729,48.2701759338,-44.3751182556,-10.8121919632,-21.9487514496,-8.15228652954,-14.5156183243,-8.53059959412,-16.2668895721,-11.7147407532,-9.01397418976]},"hfc":{"dmean":4.51066637039,"dmean2":6.35181999207,"dvar":44.9777412415,"dvar2":81.9723129272,"max":190.128570557,"mean":23.0713157654,"median":20.5338726044,"min":1.0961659173e-16,"var":215.833786011},"melbands":{"dmean":[0.00169155164622,0.00211870321073,0.00073769770097,0.000798396940809,0.000318935402902,0.000178262853296,0.000138593881275,0.000118232761452,0.000121956640214,0.000091010799224,0.0000801964924904,0.0000493630104756,0.0000312815209327,0.0000124188190966,0.00000926355551201,0.0000222014714382,0.0000531560617674,0.0000252642512351,0.0000140749734783,0.0000171934971149,0.0000178827212949,0.0000101748728412,0.000025631790777,0.0000218954828597,0.00000991185243038,0.00000810412529972,0.00000755629162086,0.00000785679731052,0.0000114032018246,0.00000445694513473,0.00000231929516303,0.00000162903563705,6.35115895875e-7,6.53637357573e-7,6.06458797847e-7,3.05914142018e-7,1.98951340735e-7,1.68195157357e-7,1.4596501785e-7,1.06982980697e-7],"dmean2":[0.00252250046469,0.00297521543689,0.00122360070236,0.00130632496439,0.000492309161928,0.000288628245471,0.0002218028676,0.00018390067271,0.000192358405911,0.000138889154186,0.000124858270283,0.0000752906998969,0.0000468047583126,0.0000195049560716,0.0000146085994857,0.0000344325744663,0.0000814398736111,0.0000384183003916,0.0000213488838199,0.0000260297038039,0.0000270511554845,0.0000155465422722,0.0000395302158722,0.0000333862044499,0.0000148017206811,0.0000119556507343,0.0000114880913316,0.0000118171110444,0.0000164625307661,0.00000658727640257,0.00000349464039573,0.00000250570201388,9.81676407719e-7,9.88420197245e-7,9.07071978418e-7,4.66343692551e-7,2.93929616646e-7,2.54872503547e-7,2.18748141378e-7,1.61189745995e-7],"dvar":[0.0000111244708023,0.0000145684425661,0.00000142621661325,0.00000131412446081,2.37034385009e-7,1.41590248859e-7,7.68551231545e-8,6.70824249482e-8,6.86563410568e-8,3.44744464087e-8,4.07522158241e-8,2.27459455715e-8,2.92700441662e-9,9.45578282341e-10,2.89058610381e-10,1.53074752873e-9,8.96755736335e-9,2.46878228971e-9,9.09723796294e-10,1.00720287666e-9,1.03239328197e-9,4.13078460326e-10,2.14005790866e-9,1.50113388386e-9,2.87027734913e-10,2.54287702006e-10,2.22533436123e-10,3.110839919e-10,1.14402110007e-9,1.20333409903e-10,3.42026476585e-11,2.28844651562e-11,8.76355151641e-12,5.60571597821e-12,6.42674281848e-12,6.55251590834e-12,3.99765073475e-12,2.44545464607e-12,4.53604428324e-12,2.57331699352e-12],"dvar2":[0.0000196365181182,0.0000198303969228,0.0000036656622342,0.00000347046852767,5.24357062659e-7,3.75823901777e-7,1.839071615e-7,1.39664848575e-7,1.60328724519e-7,8.6312589076e-8,1.00463161345e-7,5.40368105817e-8,6.08955419423e-9,2.4886555039e-9,6.85673184897e-10,3.53128704056e-9,1.98303187204e-8,5.32147748089e-9,2.01049110693e-9,2.14410689203e-9,2.21690754643e-9,9.3620255992e-10,4.92848029054e-9,3.43109873846e-9,6.11665273986e-10,4.90059437475e-10,4.97607621774e-10,6.83930356793e-10,2.17050177831e-9,2.35039765428e-10,7.56894477649e-11,5.61304440427e-11,1.97480174574e-11,1.31087944319e-11,1.33015881296e-11,1.43515156356e-11,7.51450637826e-12,4.61037805155e-12,8.03901736846e-12,5.05256210134e-12],"max":[0.029884673655,0.0368994884193,0.0237657986581,0.0216295942664,0.00764471571892,0.00989848747849,0.00702608795837,0.00651895115152,0.00598804699257,0.0055957227014,0.00568059459329,0.00466194562614,0.0020050436724,0.00142362620682,0.000572030839976,0.00115458737127,0.00237182877026,0.00147197849583,0.00121163728181,0.000921599625144,0.00106519204564,0.000635740987491,0.00153465755284,0.0013453544816,0.000531874713488,0.00065040786285,0.000393782887841,0.000543771777302,0.00126220087986,0.000365645886632,0.000150329331518,0.000212741346331,0.0000971592598944,0.0000780699774623,0.000167509337189,0.000140675256262,0.000125107442727,0.0000768162935856,0.000160233510542,0.000100755496533],"mean":[0.00492334971204,0.00699651474133,0.00133179593831,0.00158088584431,0.000617870595306,0.000314686243655,0.000229418757954,0.000193558938918,0.000216609900235,0.00017812664737,0.000148615872604,0.0000914523334359,0.0000607432411925,0.000023187860279,0.0000177263482328,0.000044251934014,0.000102981823147,0.0000510184545419,0.0000278989937215,0.0000347395907738,0.0000358602228516,0.0000198434627237,0.0000494830201205,0.0000423174169555,0.0000206373533729,0.0000165694036696,0.0000147740265675,0.0000151778140207,0.0000227638120123,0.00000869868654263,0.00000436420668848,0.00000293561993203,0.00000109035681817,0.00000115866623673,0.00000104033586013,4.49117408152e-7,2.6936879749e-7,2.3666163429e-7,1.85544422493e-7,1.19671270227e-7],"median":[0.000240400957409,0.000934517942369,0.000822029367555,0.000855673104525,0.000331554329023,0.000145636935486,0.000106043655251,0.0000825560491649,0.0000970657129074,0.0000819183478598,0.0000492908875458,0.0000298975537589,0.0000283014651359,0.0000100122988442,0.00000978578282229,0.0000226086394832,0.0000502080802107,0.0000218487493839,0.000012050811165,0.0000188585781871,0.0000182127387234,0.000010651165212,0.0000239102337218,0.0000231493413594,0.0000111467188617,0.00000785329211794,0.00000702272200215,0.00000656269321553,0.00000749098353481,0.0000034603867789,0.00000187155683307,0.00000127808777961,4.65523953608e-7,4.48364431804e-7,3.35553409059e-7,8.76591315091e-8,4.19982164601e-8,2.96544673262e-8,1.12976596967e-8,5.87002491059e-9],"min":[1.62185009783e-24,8.94996815207e-25,2.42323850866e-24,7.39879397628e-25,9.67306862616e-25,1.14540897526e-24,1.83511410761e-24,1.78053597702e-24,3.81367034349e-24,1.22200756638e-24,2.87489214248e-24,2.1098173657e-24,3.23905498823e-24,2.80363768957e-24,2.17780218737e-24,2.14417048318e-24,2.22841274204e-24,3.1056799084e-24,2.19551645343e-24,2.83667242326e-24,3.38120299018e-24,3.34561629146e-24,3.39943198798e-24,3.57421082685e-24,4.16522817806e-24,4.9928024322e-24,3.43641733709e-24,4.71547759211e-24,3.71872028393e-24,5.93544822102e-24,5.83846723905e-24,5.69143934354e-24,5.9862027428e-24,5.00529838337e-24,5.56790569793e-24,5.99459030638e-24,5.20479183997e-24,5.32883193428e-24,6.40296190333e-24,4.16096596258e-24],"var":[0.0000446333833679,0.0000763380157878,0.00000315640590998,0.00000380169103664,6.87707142788e-7,3.06959236696e-7,1.90321955529e-7,1.40013952432e-7,1.59939446576e-7,8.64140616841e-8,1.04857640792e-7,6.75801956618e-8,1.01027435306e-8,2.31828400921e-9,7.1458250428e-10,4.66273641919e-9,2.49814284814e-8,7.70845609566e-9,2.86611445688e-9,2.82249290606e-9,3.16225734487e-9,9.53613632504e-10,5.84002890491e-9,3.55749740777e-9,9.75771352607e-10,9.48680356494e-10,6.28586294127e-10,8.48660253183e-10,4.41947722862e-9,3.83673037785e-10,6.91919022078e-11,3.07428596469e-11,1.14510952803e-11,7.89568410653e-12,1.0484338224e-11,1.00026098515e-11,6.2335978393e-12,4.13039047409e-12,7.00588979191e-12,3.29465968396e-12]},"melbands_crest":{"dmean":3.11280155182,"dmean2":5.0142288208,"dvar":11.2692222595,"dvar2":26.3292331696,"max":39.1132965088,"mean":16.2180423737,"median":17.1403446198,"min":1.5244140625,"var":30.8247566223},"melbands_flatness_db":{"dmean":0.0362688079476,"dmean2":0.0485651306808,"dvar":0.001688323915,"dvar2":0.00238675251603,"max":0.728766739368,"mean":0.270218402147,"median":0.260114014149,"min":0.00338184158318,"var":0.0135252140462},"melbands_kurtosis":{"dmean":11.2613697052,"dmean2":17.2842903137,"dvar":312.447998047,"dvar2":677.11114502,"max":1041.21948242,"mean":27.0631046295,"median":12.7585039139,"min":-1.86803281307,"var":2287.77539062},"melbands_skewness":{"dmean":0.974425971508,"dmean2":1.42401492596,"dvar":1.27990460396,"dvar2":2.27671432495,"max":23.7199077606,"mean":3.67292523384,"median":3.0825612545,"min":-2.33114886284,"var":5.91767835617},"melbands_spread":{"dmean":7.59869813919,"dmean2":11.1320934296,"dvar":138.287734985,"dvar2":250.686828613,"max":258.570892334,"mean":20.9939975739,"median":12.5267066956,"min":0.288114368916,"var":522.211914062},"mfcc":{"cov":[[8336.71972656,-1301.87548828,-1524.74194336,733.37097168,-779.875549316,48.1152076721,-296.111968994,207.949752808,-40.5123291016,52.9324302673,-181.318405151,23.3004951477,-102.437980652],[-1301.87548828,2293.80053711,318.175323486,142.760269165,377.249786377,79.1647415161,174.715774536,-58.1068344116,85.0747070312,3.87061190605,134.997924805,31.1814689636,37.7859954834],[-1524.74194336,318.175323486,768.061035156,-92.8911514282,270.594238281,37.0788116455,56.6713409424,28.7419166565,28.2132740021,39.4239578247,71.0040664673,30.5380954742,47.6629104614],[733.37097168,142.760269165,-92.8911514282,827.084106445,180.540863037,259.618988037,113.400306702,214.465637207,156.751312256,105.740905762,126.003234863,163.774871826,128.213668823],[-779.875549316,377.249786377,270.594238281,180.540863037,461.196502686,212.753585815,82.465057373,129.732681274,111.970787048,69.2355804443,121.643867493,75.5451431274,81.4519577026],[48.1152076721,79.1647415161,37.0788116455,259.618988037,212.753585815,419.424926758,136.043731689,168.155014038,152.568664551,118.441101074,124.684928894,126.724784851,94.8369216919],[-296.111968994,174.715774536,56.6713409424,113.400306702,82.465057373,136.043731689,197.084960938,68.3070220947,56.1018486023,45.6711235046,54.7483177185,46.8839035034,30.1675510406],[207.949752808,-58.1068344116,28.7419166565,214.465637207,129.732681274,168.155014038,68.3070220947,256.841949463,109.69303894,82.1189727783,101.488342285,74.9227981567,68.1464538574],[-40.5123291016,85.0747070312,28.2132740021,156.751312256,111.970787048,152.568664551,56.1018486023,109.69303894,189.26914978,91.3328018188,62.0615730286,88.0952377319,73.8961257935],[52.9324302673,3.87061190605,39.4239578247,105.740905762,69.2355804443,118.441101074,45.6711235046,82.1189727783,91.3328018188,134.115707397,81.9162063599,57.5489807129,49.0286216736],[-181.318405151,134.997924805,71.0040664673,126.003234863,121.643867493,124.684928894,54.7483177185,101.488342285,62.0615730286,81.9162063599,155.531204224,78.1107635498,42.7408409119],[23.3004951477,31.1814689636,30.5380954742,163.774871826,75.5451431274,126.724784851,46.8839035034,74.9227981567,88.0952377319,57.5489807129,78.1107635498,144.566268921,83.8407287598],[-102.437980652,37.7859954834,47.6629104614,128.213668823,81.4519577026,94.8369216919,30.1675510406,68.1464538574,73.8961257935,49.0286216736,42.7408409119,83.8407287598,126.097434998]],"icov":[[0.000305360881612,-0.0000251084347838,0.000381354591809,-0.00028051994741,0.000363079510862,-0.00023112987401,0.000567283248529,-0.00051309238188,0.000385568942875,-0.000559076492209,0.000655266514514,-0.000360300502507,0.000486427219585],[-0.0000251084347838,0.000648340035696,-0.0000974678405328,-0.000108998036012,-0.00047611782793,0.000263714231551,-0.000603115942795,0.000805659859907,-0.000582687498536,0.000638147001155,-0.000920230988413,0.00050706876209,-0.000180794551852],[0.000381354591809,-0.0000974678405328,0.00241548963822,0.000211293168832,-0.000879005237948,0.000296534184599,0.000247245538048,-0.000648207555059,0.000879999075551,-0.00125606218353,0.000741042662412,-0.000848516589031,0.000132744011353],[-0.00028051994741,-0.000108998036012,0.000211293168832,0.00227281614207,-0.000707475934178,0.0000581843014515,-0.000788402103353,-0.000508352473844,-0.000243224276346,0.000297414924717,-0.000389638036722,-0.000933132949285,-0.000930081529077],[0.000363079510862,-0.00047611782793,-0.000879005237948,-0.000707475934178,0.00510193686932,-0.00191555474885,0.00128848617896,-0.00124525499996,-0.000455146247987,0.000572652672417,-0.000783676863648,0.000920671503991,-0.000303400593111],[-0.00023112987401,0.000263714231551,0.000296534184599,0.0000581843014515,-0.00191555474885,0.00566851394251,-0.00252646999434,-0.000183195690624,-0.00133129628375,-0.000891304574907,-0.000964868580922,-0.00123143231031,-0.000487968092784],[0.000567283248529,-0.000603115942795,0.000247245538048,-0.000788402103353,0.00128848617896,-0.00252646999434,0.0083487406373,-0.00181563291699,0.000975413946435,-0.0015280067455,0.00148393574636,-0.00108672562055,0.00164352997672],[-0.00051309238188,0.000805659859907,-0.000648207555059,-0.000508352473844,-0.00124525499996,-0.000183195690624,-0.00181563291699,0.00879622064531,-0.00321225146763,0.00162095564883,-0.0048877694644,0.00264931865968,-0.0021261270158],[0.000385568942875,-0.000582687498536,0.000879999075551,-0.000243224276346,-0.000455146247987,-0.00133129628375,0.000975413946435,-0.00321225146763,0.0123258400708,-0.00644426466897,0.00470003113151,-0.0045165088959,-0.000107316060166],[-0.000559076492209,0.000638147001155,-0.00125606218353,0.000297414924717,0.000572652672417,-0.000891304574907,-0.0015280067455,0.00162095564883,-0.00644426466897,0.0169195849448,-0.008389942348,0.00344263599254,-0.00293033453636],[0.000655266514514,-0.000920230988413,0.000741042662412,-0.000389638036722,-0.000783676863648,-0.000964868580922,0.00148393574636,-0.0048877694644,0.00470003113151,-0.008389942348,0.0172165259719,-0.00753281172365,0.00412322580814],[-0.000360300502507,0.00050706876209,-0.000848516589031,-0.000933132949285,0.000920671503991,-0.00123143231031,-0.00108672562055,0.00264931865968,-0.0045165088959,0.00344263599254,-0.00753281172365,0.0177432000637,-0.00795121397823],[0.000486427219585,-0.000180794551852,0.000132744011353,-0.000930081529077,-0.000303400593111,-0.000487968092784,0.00164352997672,-0.0021261270158,-0.000107316060166,-0.00293033453636,0.00412322580814,-0.00795121397823,0.0156853701919]],"mean":[-659.320983887,149.898132324,-27.2809886932,53.9283866882,-5.34311628342,9.34838867188,-5.48081445694,1.73564052582,-0.733759284019,4.26453256607,-1.94808232784,-3.22580575943,-12.9600372314]},"pitch_salience":{"dmean":0.0827388837934,"dmean2":0.126996785402,"dvar":0.00773320673034,"dvar2":0.0142485797405,"max":0.968972802162,"mean":0.47154045105,"median":0.50122576952,"min":0.0368034243584,"var":0.0318413227797},"silence_rate_20dB":{"dmean":0,"dmean2":0,"dvar":0,"dvar2":0,"max":1,"mean":1,"median":1,"min":1,"var":0},"silence_rate_30dB":{"dmean":0.0513034984469,"dmean2":0.102614149451,"dvar":0.0486677996814,"dvar2":0.110061615705,"max":1,"mean":0.925559341908,"median":1,"min":0,"var":0.0689060017467},"silence_rate_60dB":{"dmean":0.00432176236063,"dmean2":0.00864412728697,"dvar":0.00430347304791,"dvar2":0.00940748024732,"max":1,"mean":0.0294835157692,"median":0,"min":0,"var":0.0286146774888},"spectral_centroid":{"dmean":269.885437012,"dmean2":381.099243164,"dvar":96899.59375,"dvar2":172242.40625,"max":11642.2753906,"mean":1476.11096191,"median":1393.61828613,"min":90.0258178711,"var":1180034.625},"spectral_complexity":{"dmean":4.04182338715,"dmean2":5.90616941452,"dvar":16.7775173187,"dvar2":30.1242961884,"max":58,"mean":22.564786911,"median":22,"min":0,"var":115.081687927},"spectral_contrast_coeffs":{"dmean":[0.0529653765261,0.0479282438755,0.0380727872252,0.0315311141312,0.0233126282692,0.0240889620036],"dmean2":[0.0876700356603,0.0786870270967,0.0611107684672,0.0502730309963,0.0372649021447,0.0366779789329],"dvar":[0.00208030757494,0.00154304481111,0.000953300739639,0.000672160182148,0.000409339147154,0.000684009050019],"dvar2":[0.00541835511103,0.00399273214862,0.00241393502802,0.00161436747294,0.000975394446868,0.00131498021074],"max":[-0.255530565977,-0.367135226727,-0.399607151747,-0.484030991793,-0.567855834961,-0.51917475462],"mean":[-0.550314426422,-0.740591883659,-0.749089121819,-0.75372928381,-0.772983074188,-0.679052591324],"median":[-0.556880831718,-0.752861857414,-0.75673353672,-0.75742650032,-0.77486538887,-0.651572406292],"min":[-0.980815172195,-0.980642557144,-0.975233137608,-0.970327734947,-0.968999385834,-0.965656340122],"var":[0.00963617302477,0.00708284741268,0.00492294318974,0.00362703111023,0.0025171302259,0.00621214043349]},"spectral_contrast_valleys":{"dmean":[0.464075297117,0.386832386255,0.343141943216,0.300996154547,0.301927775145,0.291918933392],"dmean2":[0.762700438499,0.609241962433,0.529001712799,0.456705749035,0.425026744604,0.409705370665],"dvar":[0.187257617712,0.113717190921,0.0956530347466,0.0797829031944,0.130403488874,0.103860884905],"dvar2":[0.433643817902,0.251341700554,0.194163203239,0.157734081149,0.216233327985,0.188277423382],"max":[-5.22308969498,-4.88320302963,-5.60973358154,-5.97090911865,-5.64522743225,-7.46923971176],"mean":[-7.59489393234,-6.84874629974,-7.65990638733,-7.88314294815,-7.51523256302,-11.5419273376],"median":[-7.26726293564,-6.57217979431,-7.3768787384,-7.54306554794,-7.05930423737,-11.343662262],"min":[-28.5860271454,-27.7571411133,-27.8634376526,-27.7083187103,-27.5200920105,-27.4065074921],"var":[4.17745494843,3.68923568726,3.48761582375,3.45453429222,4.09897184372,2.53972792625]},"spectral_decrease":{"dmean":2.71841105182e-9,"dmean2":3.93963528467e-9,"dvar":1.34506424928e-17,"dvar2":1.89319539947e-17,"max":7.03265028896e-22,"mean":-1.27552368667e-8,"median":-8.74821814989e-9,"min":-4.12525231752e-8,"var":8.05205203004e-17},"spectral_energy":{"dmean":0.0103008039296,"dmean2":0.0149467736483,"dvar":0.000187838231795,"dvar2":0.00026574061485,"max":0.1569917202,"mean":0.0502337738872,"median":0.0361144654453,"min":9.97360825903e-21,"var":0.00113684660755},"spectral_energyband_high":{"dmean":0.000419159274315,"dmean2":0.000579266634304,"dvar":0.00000103497643522,"dvar2":0.00000185413477993,"max":0.0269390977919,"mean":0.000980585347861,"median":0.00043599397759,"min":7.12307035896e-21,"var":0.00000393758728023},"spectral_energyband_low":{"dmean":0.00940861273557,"dmean2":0.013512137346,"dvar":0.000269519980066,"dvar2":0.000376195792342,"max":0.152590230107,"mean":0.0304290242493,"median":0.00674077915028,"min":1.8451661677e-23,"var":0.00138152786531},"spectral_energyband_middle_high":{"dmean":0.00152628659271,"dmean2":0.00216251029633,"dvar":0.0000032950140394,"dvar2":0.0000068474219006,"max":0.0326139442623,"mean":0.00564942276105,"median":0.00465345289558,"min":1.18789345876e-21,"var":0.0000224611903832},"spectral_energyband_middle_low":{"dmean":0.00470773642883,"dmean2":0.0074930540286,"dvar":0.0000300566389342,"dvar2":0.0000745824436308,"max":0.0932213813066,"mean":0.0146357826889,"median":0.0118158599362,"min":1.79531577518e-22,"var":0.000123255798826},"spectral_entropy":{"dmean":0.178897857666,"dmean2":0.251672923565,"dvar":0.0545381121337,"dvar2":0.0993421971798,"max":9.81571674347,"mean":7.24241924286,"median":7.42355108261,"min":4.07639598846,"var":0.425061941147},"spectral_flux":{"dmean":0.0324058160186,"dmean2":0.0518383681774,"dvar":0.00131162151229,"dvar2":0.00327853974886,"max":0.310258686543,"mean":0.0899742916226,"median":0.0816888585687,"min":6.42023309516e-11,"var":0.00219113822095},"spectral_kurtosis":{"dmean":3.79106998444,"dmean2":6.2486166954,"dvar":56.1834182739,"dvar2":126.62260437,"max":176.45803833,"mean":7.53034496307,"median":3.14888334274,"min":-1.42889463902,"var":261.6953125},"spectral_rms":{"dmean":0.000750150065869,"dmean2":0.00107309047598,"dvar":8.3248522742e-7,"dvar2":0.00000117595175197,"max":0.012375889346,"mean":0.00654930155724,"median":0.00593579187989,"min":3.11935069788e-12,"var":0.00000611504765402},"spectral_rolloff":{"dmean":429.876831055,"dmean2":682.911621094,"dvar":617586,"dvar2":1110898.625,"max":20219.6777344,"mean":1338.34338379,"median":645.99609375,"min":21.533203125,"var":3616517.5},"spectral_skewness":{"dmean":0.379179537296,"dmean2":0.596463322639,"dvar":0.310054898262,"dvar2":0.640201687813,"max":11.2846794128,"mean":1.35644757748,"median":0.947868525982,"min":-0.443316042423,"var":1.95246183872},"spectral_spread":{"dmean":271630.28125,"dmean2":416220.59375,"dvar":258438430720,"dvar2":500327972864,"max":42988964,"mean":3273525.25,"median":3030406.5,"min":578298.4375,"var":9501224730620},"spectral_strongpeak":{"dmean":0.552252948284,"dmean2":0.940907180309,"dvar":1.74503779411,"dvar2":4.25502586365,"max":25.7291660309,"mean":1.16325223446,"median":0.896798551083,"min":0,"var":2.47589898109},"zerocrossingrate":{"dmean":0.0100265797228,"dmean2":0.0105649493635,"dvar":0.000159219373018,"dvar2":0.000152402819367,"max":0.52685546875,"mean":0.0469009689987,"median":0.03662109375,"min":0.001953125,"var":0.0023651511874}},"metadata":{"audio_properties":{"analysis_sample_rate":44100,"bit_rate":192000,"codec":"mp3","downmix":"mix","equal_loudness":0,"length":333.113464355,"lossless":false,"md5_encoded":"d1cd3afc28fbd833995be2be0e813cc1","replay_gain":-12.7822093964,"sample_rate":44100},"tags":{"album":["20th Century Superstar"],"albumartist":["Marc Bolan &amp; T. Rex"],"artist":["Marc Bolan &amp; T. Rex"],"date":["2002"],"file_name":"42953.mp3","genre":["Oldies"],"length":["333000"],"musicbrainz_recordingid":["40f1e82d-3641-49b3-9746-067e3be3b77d"],"title":["Elemental Child"],"tracknumber":["9"]},"version":{"essentia":"2.1-beta2","essentia_build_sha":"70f2e5ece6736b2c40cc944ad0e695b16b925413","essentia_git_sha":"v2.1_beta2","extractor":"music 1.0"}},"rhythm":{"beats_count":671,"beats_loudness":{"dmean":0.0135201625526,"dmean2":0.0235945433378,"dvar":0.000321838917444,"dvar2":0.000821616791654,"max":0.148505419493,"mean":0.0544421412051,"median":0.0379843339324,"min":0,"var":0.00126401544549},"beats_loudness_band_ratio":{"dmean":[0.13838852942,0.153242200613,0.101560883224,0.0793261602521,0.0594130828977,0.0645061954856],"dmean2":[0.248540952802,0.264687299728,0.18212659657,0.141541272402,0.104797206819,0.116127438843],"dvar":[0.0314954668283,0.0245277434587,0.0165225863457,0.0144102498889,0.00506039848551,0.0130422348157],"dvar2":[0.0807495489717,0.0714487582445,0.0479520373046,0.0425933636725,0.0148489940912,0.0379878804088],"max":[0.998281955719,0.875963032246,0.758281946182,0.860108554363,0.478117436171,0.8404276371],"mean":[0.485484361649,0.212209776044,0.133941456676,0.0776474103332,0.0771501064301,0.0580899603665],"median":[0.421979129314,0.143508374691,0.0643439739943,0.0313270911574,0.0429705306888,0.0169419273734],"min":[0,0,0,0,0,0],"var":[0.129911884665,0.0442483387887,0.0265424046665,0.0144461095333,0.00728474650532,0.0112521769479]},"beats_position":[0.383129239082,0.777868449688,1.16099774837,1.53251695633,1.91564619541,2.29877543449,2.68190479279,3.06503391266,3.