{"lowlevel":{"average_loudness":0.829131901264,"barkbands":{"dmean":[0.0000429186220572,0.00115893699694,0.00104621716309,0.000967300438788,0.000971517176367,0.000830162782222,0.000670856621582,0.000690284592565,0.000586962036323,0.000402620877139,0.000255578896031,0.000218192624743,0.000238820357481,0.000323733693222,0.00024304332328,0.000233842249145,0.000280788604869,0.000197380475583,0.000069384019298,0.000058966648794,0.0000291854285024,0.0000242737078224,0.000030888539186,0.0000399556156481,0.0000086023728727,0.00000123828908727,1.80146557227e-7],"dmean2":[0.0000610684946878,0.00182103645056,0.00166479800828,0.00157839257736,0.00152790860739,0.00129785051104,0.00100608216599,0.00099908048287,0.000861422740854,0.000597825972363,0.000364096544217,0.000327342830133,0.00034501531627,0.000481628201669,0.000349983689375,0.000340924307238,0.000400398566853,0.000283454835881,0.000101631623693,0.000084842875367,0.0000440897747467,0.0000357361095666,0.000046348941396,0.0000569686053495,0.0000121114744616,0.00000171922567915,2.783545483e-7],"dvar":[2.14813926647e-8,0.0000113784217319,0.00000413844463765,0.00000551053926756,0.00000375315607926,0.00000251458891398,0.00000219977755478,0.00000372707904717,0.00000177638139576,0.0000013310856275,6.59329259634e-7,4.17378373641e-7,6.07141714681e-7,8.43240229642e-7,4.54045874676e-7,4.88637226681e-7,9.21116281916e-7,2.79845409068e-7,2.60371191274e-8,1.7259184304e-8,5.32027710776e-9,4.03260536075e-9,8.01708921472e-9,1.87849362732e-8,1.08008724187e-9,2.53770685021e-11,8.81522990454e-13],"dvar2":[3.81669629235e-8,0.0000269770025625,0.0000109400425572,0.0000136890976137,0.00000921141599974,0.00000570901283936,0.0000042488723011,0.00000654221548757,0.00000393882237404,0.00000285613373308,0.0000012153740272,8.85761323843e-7,0.00000112441216515,0.00000176167179688,8.13242195363e-7,0.00000100297381778,0.0000016114211121,5.46571982341e-7,4.91824607707e-8,3.42574928425e-8,1.14272333818e-8,8.24071655359e-9,1.70524536713e-8,3.75282418474e-8,1.74351910687e-9,4.42307857007e-11,2.26597733632e-12],"max":[0.0035294778645,0.0871543288231,0.0327532961965,0.0569293610752,0.0507858358324,0.0559311620891,0.0351546145976,0.0546483658254,0.0391508676112,0.0279237218201,0.0335662662983,0.0185319315642,0.0220138914883,0.0287124067545,0.017544740811,0.026261145249,0.044935580343,0.0120660178363,0.00634298101068,0.00392598425969,0.00168107589707,0.00166647229344,0.00289832754061,0.00414236821234,0.0020625249017,0.000283728848444,0.0000287705133815],"mean":[0.0000588474977121,0.00271343323402,0.00429845880717,0.00172881269827,0.00214533274993,0.00171457417309,0.00133385602385,0.00161346199457,0.00128350127488,0.00087535410421,0.000524030416273,0.000493433210067,0.000509495672304,0.000682782439981,0.000441946351202,0.000437633018009,0.000528864329681,0.000420307827881,0.000148567662109,0.000129422944156,0.000065121530497,0.0000556210507057,0.0000711379398126,0.0000924878841033,0.0000198770194402,0.00000276682476397,2.89549348054e-7],"median":[0.00000572190583625,0.000913639669307,0.00203402806073,0.00057279394241,0.00108531455044,0.000881656073034,0.000584107474424,0.000440953241196,0.000406492850743,0.000191912127775,0.0000904035405256,0.0000985574151855,0.0000657183554722,0.000133460562211,0.0000936645301408,0.0000723657867638,0.000090634188382,0.0000689220105414,0.0000347200730175,0.0000319075988955,0.0000164907178259,0.0000111164354166,0.000010284770724,0.00000775774788053,0.00000242250916926,3.47076081653e-7,4.76053010345e-8],"min":[6.15361095413e-11,7.38320585225e-11,6.44926126392e-12,9.18628237714e-13,1.28918284468e-12,6.3567835891e-13,3.14014439451e-13,6.9266635613e-13,1.0655446794e-12,1.14191978356e-12,1.08995353975e-12,1.63986023111e-12,1.26390120158e-12,4.9917042071e-13,5.32843680203e-13,8.32650300705e-13,4.73946240327e-13,8.4578833737e-13,1.57182600269e-12,3.89923726987e-12,4.14814146574e-12,3.0757328108e-12,2.78633192907e-12,4.62453079303e-12,3.29500272553e-12,3.10651612941e-12,1.75164410754e-10],"var":[3.89305725434e-8,0.000018931719751,0.000031510804547,0.00000940782683756,0.0000105001263364,0.00000809552784631,0.000006283105904,0.0000234229682974,0.0000076882488429,0.00000468763391837,0.00000263235847342,0.00000196388964468,0.00000271833414445,0.00000321173456541,0.0000012617547327,0.00000151386336711,0.00000255099348578,8.24877986361e-7,1.06648272435e-7,6.88925183567e-8,1.58141464368e-8,1.42377247769e-8,3.00176132839e-8,7.036018701e-8,4.16679712956e-9,9.70624552954e-11,1.00030454839e-12]},"barkbands_crest":{"dmean":1.96652400494,"dmean2":3.09694266319,"dvar":4.02549934387,"dvar2":10.1209640503,"max":25.8757400513,"mean":10.3699417114,"median":9.53321933746,"min":2.73706793785,"var":17.6995620728},"barkbands_flatness_db":{"dmean":0.0167040936649,"dmean2":0.0241947900504,"dvar":0.000330321054207,"dvar2":0.000681476667523,"max":0.433849900961,"mean":0.164735153317,"median":0.159710213542,"min":0.0334125943482,"var":0.00310964253731},"barkbands_kurtosis":{"dmean":3.02394294739,"dmean2":4.62264680862,"dvar":89.17993927,"dvar2":188.974456787,"max":611.621398926,"mean":6.09176206589,"median":2.40816545486,"min":-1.95837724209,"var":387.934875488},"barkbands_skewness":{"dmean":0.454677373171,"dmean2":0.668463349342,"dvar":0.288517713547,"dvar2":0.637239575386,"max":18.187417984,"mean":1.65864753723,"median":1.50379323959,"min":-2.8017616272,"var":1.96745836735},"barkbands_spread":{"dmean":3.71178746223,"dmean2":5.39065742493,"dvar":23.6627025604,"dvar2":48.8568840027,"max":150.005157471,"mean":18.841053009,"median":14.7474021912,"min":0.276196658611,"var":332.558532715},"dissonance":{"dmean":0.0222590472549,"dmean2":0.0368655361235,"dvar":0.00045744937961,"dvar2":0.00122704857495,"max":0.500000119209,"mean":0.45117983222,"median":0.4599185884,"min":0.22685277462,"var":0.00128908187617},"dynamic_complexity":6.03615379333,"erbbands":{"dmean":[0.0295811966062,0.284984558821,1.07734942436,2.21797299385,2.98698067665,3.72345018387,5.13768672943,7.21702957153,8.2842130661,14.0050172806,12.863319397,13.4929018021,12.8778123856,10.4803848267,9.42185974121,8.45641326904,10.2677078247,15.2493114471,12.1748809814,11.4499855042,12.6172142029,14.8133487701,11.4357824326,4.22013187408,3.48941087723,2.7151350975,1.35391807556,1.02466595173,0.761702418327,1.01355779171,0.936853706837,1.20112502575,0.428557872772,0.133624941111,0.0445739924908,0.00914959982038,0.00182572670747,0.000293441902613,0.0000348160065187,0.0000059175476963],"dmean2":[0.0465227141976,0.454815417528,1.72260200977,3.60194802284,4.78257417679,5.88153362274,7.85857200623,11.4003639221,12.6162166595,20.1959819794,18.3464851379,19.9066677094,18.4757499695,15.3121814728,13.5126543045,12.2068414688,14.2513093948,22.3637104034,17.7101573944,16.4736747742,18.1022415161,20.6905097961,16.3339385986,6.07147502899,4.994140625,3.88103103638,2.02261734009,1.55308949947,1.1400513649,1.52906262875,1.39772737026,1.76792538166,0.606943488121,0.19090975821,0.0622332021594,0.0127241834998,0.00251426058821,0.000408536638133,0.0000539673528692,0.00000838290270622],"dvar":[0.0123943574727,0.580062568188,4.34889554977,24.2961177826,45.6286621094,74.135848999,148.587402344,191.503219604,337.696655273,1257.76574707,1659.18762207,1074.96398926,1448.15026855,881.676330566,793.017456055,583.173095703,1094.82336426,2179.06689453,901.240905762,1005.94073486,1418.77575684,2905.73657227,1028.03076172,80.7600250244,72.5855026245,38.5524635315,9.19852352142,7.55050754547,4.11620616913,8.01147556305,7.49125289917,19.0820236206,1.90951514244,0.246577322483,0.0364040322602,0.00153711263556,0.0000446905105491,0.0000013417086393,3.53476821147e-8,1.15301920789e-10],"dvar2":[0.0288097783923,1.42613196373,11.347114563,62.0024223328,116.6381073,176.575439453,311.071411133,479.517700195,689.600097656,2145.20751953,3030.83081055,2422.70263672,2972.50610352,1817.93359375,1493.47558594,1164.61901855,1978.67980957,4528.74853516,1782.74145508,1871.56713867,2920.1706543,4566.43115234,1948.13513184,157.453521729,129.584396362,75.3647384644,19.3521080017,16.3241939545,8.49808883667,17.6963920593,15.3099632263,42.5275344849,3.38239216805,0.422631025314,0.0605167262256,0.00245904573239,0.0000734268469387,0.00000275627689916,9.34549930776e-8,2.42477732337e-10],"max":[2.86347365379,17.6110363007,31.8469715118,94.3505096436,131.476013184,276.314208984,664.88861084,257.095153809,561.378417969,1144.35974121,1493.19641113,1042.0065918,1471.63745117,836.470214844,1261.4798584,858.276855469,1027.38378906,1705.40795898,749.655151367,1035.80603027,1068.5814209,3129.73535156,807.209899902,313.409698486,406.704925537,193.722351074,56.4966392517,68.1383285522,56.818195343,99.3760070801,81.8377532959,147.2109375,44.7705154419,34.4044647217,11.943145752,2.27018141747,0.316242754459,0.04768627882,0.00570333516225,0.000242085036007],"mean":[0.042417626828,0.783811688423,4.68469190598,5.17758226395,6.3467373848,7.50661230087,10.4229822159,14.3729543686,16.4384346008,29.4960021973,32.7507362366,29.8326454163,31.5293884277,24.3310928345,21.9187393188,21.226726532,25.024105072,36.4374809265,24.9920425415,22.5658588409,25.4167404175,30.9323501587,24.7707538605,10.88322258,8.000415802,6.17870283127,3.15716934204,2.20703077316,1.70324099064,2.29411268234,2.17903757095,2.54339528084,1.03923153877,0.314365267754,0.0938194096088,0.020654655993,0.00401384197176,0.000577878498007,0.0000652684902889,0.0000290272710117],"median":[0.013767153956,0.27531427145,2.46992921829,3.33200287819,3.14885687828,3.20564126968,4.12021350861,7.56329536438,7.86738681793,11.2256832123,10.0801582336,10.3944797516,7.77279090881,5.92622470856,5.33564710617,4.18347406387,3.93982791901,6.79159545898,6.76275062561,4.94066905975,4.68568134308,5.64197874069,4.57739400864,2.43422079086,1.90459120274,1.54904985428,0.903848409653,0.549120903015,0.387789964676,0.367314100266,0.284561693668,0.201790452003,0.103489875793,0.0373700782657,0.0114211924374,0.00270715611987,0.000475003820611,0.000070244728704,0.0000206382956094,0.0000253737198364],"min":[3.36602656859e-9,1.21466277037e-8,1.46482967978e-8,6.3502105796e-9,4.41696901277e-9,6.30483176778e-9,2.47463693981e-9,6.60413190801e-9,3.41273742599e-9,9.8676116167e-9,1.79922494681e-8,2.36770123507e-8,5.27619015145e-8,1.93151024064e-8,5.06088326802e-8,7.55801892183e-8,6.71798972007e-8,3.36862164829e-8,2.83119394595e-8,2.02284109463e-8,5.31340127452e-8,2.67706674606e-8,4.66652991804e-8,8.67391776183e-8,1.03588455147e-7,1.49201696331e-7,1.33754099352e-7,1.83761699191e-7,1.57428075909e-7,6.48436824235e-8,8.35997795434e-8,7.46681649844e-8,8.60530420255e-8,3.95234316386e-8,2.32040502368e-8,9.12700848232e-9,5.50834799995e-9,7.11321224145e-9,1.79313595083e-8,3.92403709526e-9],"var":[0.0137481978163,1.17348110676,33.7804985046,42.3659057617,91.5187911987,206.200531006,640.506591797,450.690979004,901.25982666,4526.68701172,11753.1630859,4312.53173828,6927.98730469,3589.52734375,2996.83374023,3683.65551758,6145.36767578,9981.50976562,2704.42480469,3316.92602539,4413.02099609,8866.12304688,3003.18652344,424.699798584,321.078460693,162.393737793,30.3479309082,20.6759243011,12.5059480667,29.0863895416,29.8540554047,58.1595458984,7.90583086014,0.910367369652,0.122934669256,0.00628210650757,0.000171486492036,0.00000326365238834,3.72444546315e-8,5.5908944141e-10]},"erbbands_crest":{"dmean":2.44555449486,"dmean2":3.79728293419,"dvar":5.78554439545,"dvar2":13.4371805191,"max":33.1097221375,"mean":10.1195201874,"median":8.93585586548,"min":2.12655425072,"var":25.8298206329},"erbbands_flatness_db":{"dmean":0.0144937271252,"dmean2":0.0201249457896,"dvar":0.000254750135355,"dvar2":0.000436369620729,"max":0.380270689726,"mean":0.181795805693,"median":0.182394355536,"min":0.019040973857,"var":0.00291903829202},"erbbands_kurtosis":{"dmean":1.01688539982,"dmean2":1.53795349598,"dvar":3.00929117203,"dvar2":6.5407037735,"max":48.9861030579,"mean":1.06273758411,"median":0.202061653137,"min":-1.85267353058,"var":11.0259180069},"erbbands_skewness":{"dmean":0.341336905956,"dmean2":0.499132514,"dvar":0.128662720323,"dvar2":0.267886608839,"max":6.08352899551,"mean":0.420651823282,"median":0.408287018538,"min":-6.10367679596,"var":0.872644662857},"erbbands_spread":{"dmean":6.17005157471,"dmean2":8.98549747467,"dvar":52.6487426758,"dvar2":107.381347656,"max":135.449111938,"mean":33.9522094727,"median":30.3380317688,"min":2.01070284843,"var":346.165740967},"gfcc":{"cov":[[21832.2851562,1449.04260254,-2410.62890625,819.875732422,-1141.69677734,474.699493408,-749.366821289,200.348205566,-155.561096191,-124.813163757,5.69119501114,-153.890457153,-37.7906455994],[1449.04260254,1442.12988281,-213.814254761,-166.795074463,150.34526062,-193.162078857,53.5823402405,-89.8253250122,45.203502655,-96.5177383423,30.7490005493,-84.6259078979,21.2367916107],[-2410.62890625,-213.814254761,1083.26318359,169.729187012,-8.18987083435,107.86214447,63.5554924011,-19.9396629333,13.4744529724,38.2780456543,-39.8389968872,13.49563694,-40.1357955933],[819.875732422,-166.795074463,169.729187012,444.625427246,4.46877384186,77.6858215332,-33.6094093323,22.1581954956,2.35729217529,-9.18809318542,-10.1109857559,2.09092974663,-0.997899711132],[-1141.69677734,150.34526062,-8.18987083435,4.46877384186,414.116455078,-42.1565170288,56.9464988708,-11.5841560364,53.6495285034,-30.1851539612,-6.92915487289,10.2599163055,32.8042449951],[474.699493408,-193.162078857,107.86214447,77.6858215332,-42.1565170288,274.027526855,71.4297027588,9.38535022736,-27.2165737152,4.94212579727,-10.7038421631,-3.80194997787,-30.2107276917],[-749.366821289,53.5823402405,63.5554924011,-33.6094093323,56.9464988708,71.4297027588,252.222427368,22.0918674469,-24.654706955,-8.85331058502,45.0246429443,-10.6970939636,-26.5501308441],[200.348205566,-89.8253250122,-19.9396629333,22.1581954956,-11.5841560364,9.38535022736,22.0918674469,118.00958252,36.2497177124,19.0637779236,5.57890224457,9.28589630127,-8.54773426056],[-155.561096191,45.203502655,13.4744529724,2.35729217529,53.6495285034,-27.2165737152,-24.654706955,36.2497177124,140.495040894,47.9448165894,-8.01583385468,-5.69883394241,13.4575881958],[-124.813163757,-96.5177383423,38.2780456543,-9.18809318542,-30.1851539612,4.94212579727,-8.85331058502,19.0637779236,47.9448165894,104.422317505,33.0830764771,8.85260105133,-10.044342041],[5.69119501114,30.7490005493,-39.8389968872,-10.1109857559,-6.92915487289,-10.7038421631,45.0246429443,5.57890224457,-8.01583385468,33.0830764771,120.220161438,35.6979103088,-11.6850233078],[-153.890457153,-84.6259078979,13.49563694,2.09092974663,10.2599163055,-3.80194997787,-10.6970939636,9.28589630127,-5.69883394241,8.85260105133,35.6979103088,87.3310394287,29.7143344879],[-37.7906455994,21.2367916107,-40.1357955933,-0.997899711132,32.8042449951,-30.2107276917,-26.5501308441,-8.54773426056,13.4575881958,-10.044342041,-11.6850233078,29.7143344879,82.7342987061]],"icov":[[0.000303448876366,-0.000647828681394,0.000725632824469,-0.000783461844549,0.000732928921934,-0.00109353626613,0.000997327035293,-0.000849587435368,0.000478205241961,-0.000295197678497,0.000103983846202,-0.00013662710262,0.000139954747283],[-0.000647828681394,0.00247256853618,-0.00149868719745,0.00191697466653,-0.00165544368792,0.00286807166412,-0.00237992592156,0.00258261919953,-0.00193737493828,0.00202580657788,-0.00121438177302,0.00156179792248,-0.000599105900619],[0.000725632824469,-0.00149868719745,0.00290871737525,-0.00236416026019,0.00183850980829,-0.00264515820891,0.00174328964204,-0.00128792598844,0.000831211276818,-0.00132593198214,0.00131247472018,-0.00129844609182,0.00118573685177],[-0.000783461844549,0.00191697466653,-0.00236416026019,0.00480500189587,-0.00217176554725,0.00200272421353,-0.00156765442807,0.00140977383126,-0.00132185278926,0.0018406213494,-0.00133272225503,0.00131466297898,-0.000925795873627],[0.000732928921934,-0.00165544368792,0.00183850980829,-0.00217176554725,0.00488075520843,-0.00213222298771,0.00112647563219,-0.00113277649507,-0.000764958327636,0.000520085275639,0.000730144267436,-0.00132764526643,-0.0000764231954236],[-0.00109353626613,0.00286807166412,-0.00264515820891,0.00200272421353,-0.00213222298771,0.00897009950131,-0.00552472565323,0.00369387422688,-0.00157764216419,0.00080681021791,0.000937394157518,-0.0000329322938342,0.000733641616534],[0.000997327035293,-0.00237992592156,0.00174328964204,-0.00156765442807,0.00112647563219,-0.00552472565323,0.00949980225414,-0.00506532844156,0.00308864167891,-0.0000463238975499,-0.00305133289658,0.00188738037832,0.000337613513693],[-0.000849587435368,0.00258261919953,-0.00128792598844,0.00140977383126,-0.00113277649507,0.00369387422688,-0.00506532844156,0.0137145835906,-0.00558656360954,0.00123274384532,0.000644619925879,-0.0019759926945,0.00178972142749],[0.000478205241961,-0.00193737493828,0.000831211276818,-0.00132185278926,-0.000764958327636,-0.00157764216419,0.00308864167891,-0.00558656360954,0.0130648529157,-0.00740297790617,0.00185317522846,0.00139436707832,-0.00201871106401],[-0.000295197678497,0.00202580657788,-0.00132593198214,0.0018406213494,0.000520085275639,0.00080681021791,-0.0000463238975499,0.00123274384532,-0.00740297790617,0.016954222694,-0.00627405755222,0.00155057106167,0.000744506251067],[0.000103983846202,-0.00121438177302,0.00131247472018,-0.00133272225503,0.000730144267436,0.000937394157518,-0.00305133289658,0.000644619925879,0.00185317522846,-0.00627405755222,0.0149468993768,-0.00843240879476,0.00419645756483],[-0.00013662710262,0.00156179792248,-0.00129844609182,0.00131466297898,-0.00132764526643,-0.0000329322938342,0.00188738037832,-0.0019759926945,0.00139436707832,0.00155057106167,-0.00843240879476,0.0197566058487,-0.00848660431802],[0.000139954747283,-0.000599105900619,0.00118573685177,-0.000925795873627,-0.0000764231954236,0.000733641616534,0.000337613513693,0.00178972142749,-0.00201871106401,0.000744506251067,0.00419645756483,-0.00848660431802,0.0175195280463]],"mean":[-69.2326583862,118.909538269,-120.432807922,30.8013877869,-57.3038368225,9.03581809998,-38.1670913696,6.76339435577,-13.5676422119,-8.20266723633,-10.5519323349,-10.3179359436,-10.858789444]},"hfc":{"dmean":3.3657169342,"dmean2":4.29170894623,"dvar":32.2102890015,"dvar2":46.3801040649,"max":130.838806152,"mean":15.5131444931,"median":9.42838478088,"min":0.00000852001630847,"var":299.353668213},"melbands":{"dmean":[0.000286398193566,0.000481084687635,0.000396684888983,0.000225648167543,0.000169726496097,0.000160989366123,0.000124911704916,0.000154382840265,0.000101620789792,0.0000857219856698,0.0000654270261293,0.0000448389837402,0.000034921518818,0.0000262729154201,0.0000225814910664,0.0000260237193288,0.0000306113361148,0.0000209380177694,0.0000178175541805,0.000015135277863,0.0000165099791047,0.0000166086883837,0.0000153886776388,0.00000827217718324,0.0000033590122257,0.00000275478078038,0.00000263146876023,0.00000180541201189,8.94082916147e-7,8.41850294364e-7,5.43758403637e-7,4.45423211204e-7,5.35514971034e-7,6.05669413289e-7,6.01930935318e-7,5.80104199344e-7,7.87083820342e-7,3.72553586203e-7,1.64755419974e-7,9.98675417918e-8],"dmean2":[0.000449880491942,0.000767580175307,0.000639275182039,0.000356757111149,0.000260462576989,0.000252226542216,0.000188916994375,0.000221824579057,0.000145205209265,0.0001261489233,0.0000941824619076,0.0000658744393149,0.0000491106256959,0.0000392462461605,0.0000311019975925,0.000036933721276,0.0000448276223324,0.0000308669550577,0.0000252808094956,0.0000223287352128,0.0000242179721681,0.0000234692470258,0.0000223059796554,0.0000119825090223,0.00000495121048516,0.00000401504303227,0.00000386177680411,0.00000264112782133,0.00000135020047765,0.00000130808336962,8.30279304864e-7,6.87105114139e-7,8.06064747394e-7,9.35981404382e-7,9.26038069338e-7,8.74778038451e-7,0.00000116055309718,5.38842698461e-7,2.407126658e-7,1.45529753581e-7],"dvar":[8.88457350356e-7,8.88296312951e-7,7.56879217079e-7,2.21197709038e-7,1.33058392748e-7,9.02350123511e-8,7.0608535907e-8,1.44312735983e-7,1.00272906423e-7,4.19805097351e-8,3.6682632043e-8,1.62463020814e-8,1.24913244193e-8,5.96754956561e-9,5.10193354231e-9,6.28312601947e-9,9.2511305283e-9,2.6973290268e-9,2.87338064453e-9,2.63213983942e-9,2.63666843914e-9,4.55203563732e-9,2.29948171615e-9,4.48535597553e-10,5.73356327693e-11,5.52026827028e-11,3.92676273442e-11,1.80717905918e-11,3.98582208905e-12,4.8069807683e-12,2.17071326192e-12,1.3791550367e-12,2.12159369933e-12,3.08016069248e-12,3.10409380491e-12,3.83437595911e-12,8.09246506611e-12,1.43594175179e-12,2.90068533429e-13,1.65382274932e-13],"dvar2":[0.00000208053370443,0.00000230459500017,0.0000019163765046,5.47250181171e-7,2.87298206558e-7,2.19351250053e-7,1.40716991837e-7,2.43996140625e-7,1.88653061173e-7,9.24199383689e-8,7.53479056925e-8,3.44958195342e-8,2.26347314225e-8,1.2629607582e-8,8.86583961801e-9,1.1196662264e-8,1.91883824385e-8,5.58912516269e-9,5.08585751291e-9,5.40142330863e-9,5.66895153042e-9,7.09244041275e-9,4.46070469451e-9,9.02904362388e-10,1.17995405113e-10,9.63847682223e-11,7.77691105958e-11,3.6823467886e-11,8.59153199972e-12,1.11872334313e-11,4.79026974337e-12,3.03199501096e-12,4.63367452047e-12,7.28176373366e-12,6.88352022951e-12,8.54724971355e-12,1.79850336013e-11,2.72742332191e-12,5.42597976098e-13,3.00492568111e-13],"max":[0.0252360962331,0.0174058061093,0.0191624350846,0.0123476069421,0.0174530595541,0.0050932331942,0.00837166886777,0.0127206426114,0.0117257125676,0.00609180843458,0.00714649120346,0.00335242180154,0.00543525582179,0.00244314386509,0.00220417231321,0.00248609739356,0.00364773487672,0.00117653002962,0.00170336838346,0.00262583303265,0.00129530485719,0.00402655033395,0.00158803455997,0.000456338282675,0.000261976965703,0.000415732472902,0.000217929642531,0.000134787042043,0.0000384115664929,0.0000537395208084,0.0000344577929354,0.0000305653811665,0.000038194055378,0.0000667385465931,0.0000508891898789,0.0000623872183496,0.0000880845473148,0.0000419142052124,0.0000196701439563,0.0000305827488774],"mean":[0.000548116746359,0.00198014709167,0.000981990015134,0.000493199622724,0.000357282580808,0.00032662958256,0.000253886188148,0.000339918944519,0.000244280847255,0.000187037046999,0.000154050430865,0.0000982498313533,0.0000754929860705,0.000060633294197,0.0000479900663777,0.0000583570981689,0.0000677530479152,0.0000391719186155,0.0000319060090987,0.0000274630783679,0.0000304225359287,0.0000317988378811,0.0000291281903628,0.000017669506633,0.00000770300539443,0.00000583829933021,0.00000544267413716,0.00000374922274204,0.00000188705439541,0.00000172286138422,0.00000109697930384,8.96399058092e-7,0.00000113118994705,0.00000129195666432,0.00000126433337755,0.00000125849203414,0.00000162307355822,8.2515015265e-7,3.77332952439e-7,2.13071430721e-7],"median":[0.000189428334124,0.00109767867252,0.0007010170375,0.000249262171565,0.00016348194913,0.000172017142177,0.000122459881823,0.000122800673125,0.0000731143809389,0.0000593114673393,0.0000336305238307,0.0000225261737796,0.0000153758628585,0.0000133475186885,0.00000735302000976,0.00000855328653415,0.0000114214799396,0.00000970982273429,0.00000690848992235,0.00000477634694107,0.00000496942402606,0.00000537122969035,0.00000463676315121,0.00000260558363152,0.00000163050299307,0.0000012022521787,0.00000127629323288,8.5303065589e-7,5.24963354565e-7,3.9741968294e-7,2.673495203e-7,2.13064197396e-7,1.99747717033e-7,1.92590633219e-7,1.63526124197e-7,1.39011206102e-7,1.08890368722e-7,7.70315011778e-8,4.43100987013e-8,2.44141347139e-8],"min":[2.8499513513e-11,1.06854967583e-11,1.05759259857e-12,4.3881884888e-13,1.13804947996e-13,1.48163070896e-13,5.81362689651e-14,1.18267957819e-13,1.47182979237e-13,1.70746758204e-13,2.64934260511e-13,6.81463417055e-14,1.63122309714e-13,1.63353881745e-13,1.79839934719e-13,1.3733278566e-13,4.96703406758e-14,4.1054030157e-14,3.92568430833e-14,2.48902698311e-14,6.93618949711e-14,2.03681608255e-14,3.56157330462e-14,5.15949181166e-14,7.4899762499e-14,4.48050105318e-14,1.43662764519e-13,8.3083144314e-14,8.48167971404e-14,1.07656213859e-13,9.30268164476e-14,9.64686433492e-14,4.21524523186e-14,3.68529906841e-14,5.4537734192e-14,3.3983659799e-14,5.37309183691e-14,6.75895767848e-14,4.21481934369e-14,3.01804988065e-14],"var":[0.00000115026705316,0.00000518024626217,0.00000134497281579,5.56283509923e-7,5.50987465431e-7,2.3350627032e-7,2.04915949098e-7,6.13053032339e-7,6.16908891971e-7,1.78840991794e-7,1.7219551296e-7,5.99882170604e-8,4.87262532545e-8,2.75970766239e-8,2.17590248042e-8,2.9363789622e-8,3.86228755644e-8,7.35277660979e-9,7.46137729379e-9,7.71916930375e-9,6.83457113126e-9,1.27499273361e-8,5.74890668403e-9,1.47795031769e-9,2.50634957233e-10,2.3809573757e-10,1.34705399613e-10,6.71889141546e-11,1.16461389144e-11,1.23561768456e-11,5.46163851992e-12,3.50324109999e-12,6.68804681775e-12,9.71585225468e-12,1.03041793847e-11,1.20052691746e-11,2.47695006866e-11,5.18243564382e-12,1.06578927541e-12,5.26861919977e-13]},"melbands_crest":{"dmean":2.660602808,"dmean2":4.23174571991,"dvar":7.42933797836,"dvar2":18.6701774597,"max":35.8474807739,"mean":15.8490943909,"median":14.9291725159,"min":3.98765015602,"var":37.2186775208},"melbands_flatness_db":{"dmean":0.0200541187078,"dmean2":0.0284596923739,"dvar":0.000502235372551,"dvar2":0.0010360047454,"max":0.583344340324,"mean":0.233221277595,"median":0.228116840124,"min":0.0424333699048,"var":0.00502141611651},"melbands_kurtosis":{"dmean":5.97717189789,"dmean2":9.12619304657,"dvar":141.236038208,"dvar2":324.591674805,"max":469.987976074,"mean":14.8242378235,"median":7.81996059418,"min":-1.93763935566,"var":664.385681152},"melbands_skewness":{"dmean":0.588727355003,"dmean2":0.873291611671,"dvar":0.462472915649,"dvar2":1.00361347198,"max":17.1283798218,"mean":2.61823368073,"median":2.36310863495,"min":-1.82685148716,"var":3.05946946144},"melbands_spread":{"dmean":4.45873689651,"dmean2":6.48541641235,"dvar":39.2600860596,"dvar2":78.4527740479,"max":213.604858398,"mean":18.886964798,"median":14.9973545074,"min":0.286989569664,"var":215.346282959},"mfcc":{"cov":[[16721.5507812,807.696289062,-1110.8404541,47.2978096008,-57.8453941345,8.78840827942,-148.531066895,214.738510132,-204.54473877,212.842437744,-183.585739136,76.6320495605,-116.793685913],[807.696289062,1715.26464844,-333.306365967,56.7474441528,22.773973465,-24.6992721558,-19.0948867798,14.5192346573,0.859561026096,-16.9621353149,17.6814460754,-25.3521461487,-7.51025390625],[-1110.8404541,-333.306365967,1009.89672852,82.7529907227,-11.3386201859,117.686691284,49.6521186829,3.76362037659,25.4865703583,13.1850271225,7.22026920319,45.4437446594,14.1501207352],[47.2978096008,56.7474441528,82.7529907227,329.707550049,117.655517578,7.75206947327,3.4347755909,17.6755924225,22.7212200165,-4.2570400238,-12.3532018661,12.5876207352,43.191192627],[-57.8453941345,22.773973465,-11.3386201859,117.655517578,271.649353027,41.445022583,-61.3674545288,3.62673282623,55.8370475769,5.94052934647,-34.6975135803,-1.95083606243,17.2445793152],[8.78840827942,-24.6992721558,117.686691284,7.75206947327,41.445022583,190.958984375,76.0059432983,32.9642295837,18.5238895416,21.404958725,2.36658811569,-5.95868730545,-18.7797336578],[-148.531066895,-19.0948867798,49.6521186829,3.4347755909,-61.3674545288,76.0059432983,215.779693604,83.1683044434,-32.4219970703,-3.72650837898,41.8679771423,-5.14181089401,-13.4449396133],[214.738510132,14.5192346573,3.76362037659,17.6755924225,3.62673282623,32.9642295837,83.1683044434,122.872879028,21.1865329742,4.48451137543,9.59478855133,-3.90876531601,-10.1780433655],[-204.54473877,0.859561026096,25.4865703583,22.7212200165,55.8370475769,18.5238895416,-32.4219970703,21.1865329742,123.989601135,44.555431366,-17.1758937836,-4.00452136993,5.87762212753],[212.842437744,-16.9621353149,13.1850271225,-4.2570400238,5.94052934647,21.404958725,-3.72650837898,4.48451137543,44.555431366,99.5703277588,24.4137134552,2.85971808434,-10.0838308334],[-183.585739136,17.6814460754,7.22026920319,-12.3532018661,-34.6975135803,2.36658811569,41.8679771423,9.59478855133,-17.1758937836,24.4137134552,116.269935608,48.3215904236,5.42535209656],[76.6320495605,-25.3521461487,45.4437446594,12.5876207352,-1.95083606243,-5.95868730545,-5.14181089401,-3.90876531601,-4.00452136993,2.85971808434,48.3215904236,109.149475098,56.3509101868],[-116.793685913,-7.51025390625,14.1501207352,43.191192627,17.2445793152,-18.7797336578,-13.4449396133,-10.1780433655,5.87762212753,-10.0838308334,5.42535209656,56.3509101868,100.475601196]],"icov":[[0.0000954651477514,-0.0000318430102197,0.000111414723506,-0.0000820930144982,0.0000927891887841,-0.000108807253127,0.000225009935093,-0.000370455993107,0.000449773942819,-0.000460496317828,0.000434409041191,-0.000388646352803,0.000206493641599],[-0.0000318430102197,0.00065239018295,0.000190426915651,-0.000171459207195,0.0000411922301282,-0.0000799828994786,0.0000853544916026,0.0000263008460024,-0.000230369842029,0.000359166908311,-0.000438794086222,0.000321106053889,-0.0000561709239264],[0.000111414723506,0.000190426915651,0.00136585382279,-0.0005628731451,0.0005258328747,-0.000947045511566,0.000227171971346,-0.000153158573085,0.00016088585835,-0.000373539456632,0.000640217389446,-0.00108386832289,0.00046738225501],[-0.0000820930144982,-0.000171459207195,-0.0005628731451,0.00415112543851,-0.00202916422859,0.000825937255286,-0.000960417557508,-8.02116915111e-7,-0.000259824388195,0.000273605430266,-0.000229317622143,0.000755141139962,-0.00180783763062],[0.0000927891887841,0.0000411922301282,0.0005258328747,-0.00202916422859,0.00584219628945,-0.00228875176981,0.00255456985906,-0.00109724863432,-0.000976804993115,0.000180731847649,0.000819138833322,-0.000350719463313,-0.0000628927809885],[-0.000108807253127,-0.0000799828994786,-0.000947045511566,0.000825937255286,-0.00228875176981,0.00800018664449,-0.00396329909563,0.000997577095404,-0.00118331960402,-0.000872496108059,0.000561595195904,-0.00029933283804,0.0012239163043],[0.000225009935093,0.0000853544916026,0.000227171971346,-0.000960417557508,0.00255456985906,-0.00396329909563,0.0104787210003,-0.00688218232244,0.00383051857352,-0.000474014435895,-0.00201619463041,0.00139901123475,-0.00077279395191],[-0.000370455993107,0.0000263008460024,-0.000153158573085,-8.02116915111e-7,-0.00109724863432,0.000997577095404,-0.00688218232244,0.014268681407,-0.00563447596505,0.00267173326574,-0.00118545652367,0.000286943337414,0.000993332127109],[0.000449773942819,-0.000230369842029,0.00016088585835,-0.000259824388195,-0.000976804993115,-0.00118331960402,0.00383051857352,-0.00563447596505,0.0147947417572,-0.00793882180005,0.00385337369516,-0.00105365435593,-0.000796428823378],[-0.000460496317828,0.000359166908311,-0.000373539456632,0.000273605430266,0.000180731847649,-0.000872496108059,-0.000474014435895,0.00267173326574,-0.00793882180005,0.0162748135626,-0.00629488518462,0.00233593885787,0.000567244598642],[0.000434409041191,-0.000438794086222,0.000640217389446,-0.000229317622143,0.000819138833322,0.000561595195904,-0.00201619463041,-0.00118545652367,0.00385337369516,-0.00629488518462,0.0159523077309,-0.00934093445539,0.00357531406917],[-0.000388646352803,0.000321106053889,-0.00108386832289,0.000755141139962,-0.000350719463313,-0.00029933283804,0.00139901123475,0.000286943337414,-0.00105365435593,0.00233593885787,-0.00934093445539,0.0193467289209,-0.0104292118922],[0.000206493641599,-0.0000561709239264,0.00046738225501,-0.00180783763062,-0.0000628927809885,0.0012239163043,-0.00077279395191,0.000993332127109,-0.000796428823378,0.000567244598642,0.00357531406917,-0.0104292118922,0.016896173358]],"mean":[-701.633789062,139.129852295,0.780242979527,20.5754394531,6.12898206711,-0.286032795906,-6.80004024506,5.70629692078,-3.02765130997,5.26564788818,-1.89629745483,2.21027994156,-4.96657657623]},"pitch_salience":{"dmean":0.0590253211558,"dmean2":0.0942556411028,"dvar":0.00337260053493,"dvar2":0.00854569580406,"max":0.908246099949,"mean":0.520398437977,"median":0.52273774147,"min":0.0750435292721,"var":0.0129136042669},"silence_rate_20dB":{"dmean":0,"dmean2":0,"dvar":0,"dvar2":0,"max":1,"mean":1,"median":1,"min":1,"var":0},"silence_rate_30dB":{"dmean":0,"dmean2":0,"dvar":0,"dvar2":0,"max":1,"mean":1,"median":1,"min":1,"var":0},"silence_rate_60dB":{"dmean":0.0162039324641,"dmean2":0.0324110686779,"dvar":0.0159397274256,"dvar2":0.0355073362589,"max":1,"mean":0.144339069724,"median":0,"min":0,"var":0.123500734568},"spectral_centroid":{"dmean":168.96925354,"dmean2":241.879180908,"dvar":49951.2578125,"dvar2":89084.859375,"max":11640.4980469,"mean":1071.69287109,"median":932.780883789,"min":125.954490662,"var":358697.375},"spectral_complexity":{"dmean":2.49520802498,"dmean2":3.71699595451,"dvar":10.6590843201,"dvar2":20.0517406464,"max":55,"mean":14.0839757919,"median":13,"min":0,"var":73.7803497314},"spectral_contrast_coeffs":{"dmean":[0.0443586669862,0.0425038598478,0.0359539948404,0.0296537391841,0.0227157995105,0.0139993745834],"dmean2":[0.0720078274608,0.0688178539276,0.0566929131746,0.0460641458631,0.0349680967629,0.0222476702183],"dvar":[0.00146156724077,0.00124760170002,0.000879160419572,0.000668148975819,0.000452040170785,0.000172771280631],"dvar2":[0.00377102615312,0.0031597064808,0.00208356184885,0.00138710637111,0.000951521389652,0.000400029442972],"max":[-0.329486757517,-0.371043115854,-0.462554693222,-0.492161750793,-0.562489628792,-0.637451350689],"mean":[-0.619391381741,-0.726251721382,-0.751108527184,-0.776570498943,-0.778307795525,-0.784972310066],"median":[-0.617765128613,-0.733326792717,-0.75617057085,-0.785649418831,-0.78360837698,-0.781170070171],"min":[-0.962034761906,-0.97181135416,-0.961850047112,-0.954216599464,-0.960286021233,-0.963466644287],"var":[0.00903409160674,0.00728737562895,0.00619530677795,0.00513095455244,0.00401318911463,0.00155183696188]},"spectral_contrast_valleys":{"dmean":[0.389902472496,0.330227673054,0.308384597301,0.282897949219,0.247609198093,0.217549845576],"dmean2":[0.635039389133,0.529969096184,0.483226001263,0.435440063477,0.357074707747,0.28784686327],"dvar":[0.129860937595,0.0994079336524,0.0883078426123,0.0880352705717,0.0944517478347,0.10039074719],"dvar2":[0.285612434149,0.218967452645,0.181101188064,0.164685532451,0.153152406216,0.143457785249],"max":[-5.3266043663,-4.74314594269,-5.33978128433,-5.9168176651,-5.64071321487,-7.94745206833],"mean":[-7.86350679398,-7.07691335678,-7.90992689133,-8.32263374329,-8.38733005524,-10.9898681641],"median":[-7.51902770996,-6.65150165558,-7.53951835632,-7.95963954926,-8.10970783234,-10.8726882935],"min":[-27.2691059113,-26.9436588287,-27.1540737152,-27.5664653778,-27.2406826019,-27.2401771545],"var":[2.09307456017,2.29562902451,2.21706342697,2.14095258713,1.99689626694,2.07124400139]},"spectral_decrease":{"dmean":1.08752318262e-9,"dmean2":1.59495283647e-9,"dvar":2.68168025482e-18,"dvar2":5.62380990603e-18,"max":1.04610898327e-15,"mean":-5.55938317603e-9,"median":-5.2082751445e-9,"min":-2.60174672917e-8,"var":1.66721313028e-17},"spectral_energy":{"dmean":0.00431804265827,"dmean2":0.00627356208861,"dvar":0.0000416113434767,"dvar2":0.0000851008298923,"max":0.100088998675,"mean":0.0223894175142,"median":0.0208093021065,"min":5.99529870193e-10,"var":0.000275643076748},"spectral_energyband_high":{"dmean":0.000126617436763,"dmean2":0.000172977670445,"dvar":1.08283948919e-7,"dvar2":1.83745157756e-7,"max":0.00817509181798,"mean":0.000360250851372,"median":0.000081653095549,"min":1.4943447868e-10,"var":5.50251286313e-7},"spectral_energyband_low":{"dmean":0.00215989933349,"dmean2":0.00337620335631,"dvar":0.0000192133611563,"dvar2":0.0000463704600406,"max":0.0936595723033,"mean":0.0079135093838,"median":0.00567962927744,"min":1.18303464247e-10,"var":0.0000668355714879},"spectral_energyband_middle_high":{"dmean":0.00132850126829,"dmean2":0.00176366500091,"dvar":0.00000572042335989,"dvar2":0.0000091266065283,"max":0.0573629550636,"mean":0.00496221287176,"median":0.00193447479978,"min":1.20499018749e-11,"var":0.0000550242220925},"spectral_energyband_middle_low":{"dmean":0.0028895100113,"dmean2":0.0043464275077,"dvar":0.0000189413112821,"dvar2":0.0000421064032707,"max":0.0788515806198,"mean":0.0101291285828,"median":0.00781447254121,"min":6.4407992828e-12,"var":0.0000872130040079},"spectral_entropy":{"dmean":0.145555764437,"dmean2":0.205331116915,"dvar":0.0264306534082,"dvar2":0.0496506169438,"max":9.8181848526,"mean":7.25998067856,"median":7.26073884964,"min":5.16780185699,"var":0.259419083595},"spectral_flux":{"dmean":0.0175000559539,"dmean2":0.0265110880136,"dvar":0.000422282435466,"dvar2":0.000882496591657,"max":0.253792673349,"mean":0.0598731786013,"median":0.0514266192913,"min":0.000048438556405,"var":0.00175062112976},"spectral_kurtosis":{"dmean":2.31626057625,"dmean2":3.86607050896,"dvar":8.54906845093,"dvar2":23.8061065674,"max":74.4321136475,"mean":6.56856822968,"median":5.25849151611,"min":-1.20099198818,"var":27.9543132782},"spectral_rms":{"dmean":0.000439098279458,"dmean2":0.000625725777354,"dvar":3.63170357787e-7,"dvar2":6.79734228015e-7,"max":0.00988169014454,"mean":0.00419855443761,"median":0.00450574699789,"min":7.64792218888e-7,"var":0.00000421548111262},"spectral_rolloff":{"dmean":278.773010254,"dmean2":455.733642578,"dvar":440317.0625,"dvar2":1075410.625,"max":21727.0019531,"mean":1374.81689453,"median":775.1953125,"min":43.06640625,"var":6422097},"spectral_skewness":{"dmean":0.254827350378,"dmean2":0.402992546558,"dvar":0.0737526863813,"dvar2":0.180332377553,"max":7.04954004288,"mean":1.82129991055,"median":1.71177649498,"min":-0.0762335434556,"var":0.402957141399},"spectral_spread":{"dmean":377034.65625,"dmean2":534531.4375,"dvar":304745971712,"dvar2":458045259776,"max":40825000,"mean":3986430.5,"median":3573674.5,"min":1124483,"var":2968011407360},"spectral_strongpeak":{"dmean":0.418861359358,"dmean2":0.711970686913,"dvar":1.01055145264,"dvar2":2.51362061501,"max":21.3000221252,"mean":0.952108025551,"median":0.485568881035,"min":0,"var":1.95515584946},"zerocrossingrate":{"dmean":0.00689228670672,"dmean2":0.00799613632262,"dvar":0.0000827989424579,"dvar2":0.0000990382031887,"max":0.63330078125,"mean":0.0525498092175,"median":0.0400390625,"min":0.0029296875,"var":0.004286902491}},"metadata":{"audio_properties":{"analysis_sample_rate":44100,"bit_rate":0,"codec":"flac","downmix":"mix","equal_loudness":0,"length":235,"lossless":true,"md5_encoded":"1b43e3228d7f98b2f96dae56e7a589f1","replay_gain":-12.5536327362,"sample_rate":44100},"tags":{"album":["Let It Be"],"album artist":["Beatles"],"albumartist":["The Beatles"],"albumartistsort":["Beatles, The"],"artist":["The Beatles"],"artistsort":["Beatles, The"],"catalognumber":["PCS 7096"],"composer":["The Beatles"],"date":["1970-11-06"],"discnumber":["1"],"disctotal":["1"],"file_name":"01-02 Dig a Pony.flac","genre":["Classic Rock; Rock; Pop"],"label":["Apple Records"],"media":["12\" Vinyl"],"musicbrainz_albumartistid":["b10bbbfc-cf9e-42e0-be17-e2c3e1d2600d"],"musicbrainz_albumid":["23f4c1d1-fd0e-3d56-ad43-4672e462e9fb"],"musicbrainz_artistid":["b10bbbfc-cf9e-42e0-be17-e2c3e1d2600d"],"musicbrainz_recordingid":["4131e00c-13c5-4f92-a2ff-73c2edaf420c"],"musicbrainz_releasegroupid":["bff544a7-56e0-3ed6-9e0f-3b676cca9111"],"originaldate":["1970-05-08"],"producer":["Phil Spector"],"releasecountry":["GB"],"releasestatus":["official"],"releasetype":["album"],"script":["Latn"],"title":["Dig a Pony"],"totaldiscs":["1"],"totaltracks":["12"],"tracknumber":["2"],"tracktotal":["12"]},"version":{"essentia":"2.1-beta1","essentia_build_sha":"ca57ba49d9b1854bd80e60cf9ccf267278fb7d6b","essentia_git_sha":"v2.1_beta1-28-g21ef5f4-dirty","extractor":"music 1.0"}},"rhythm":{"beats_count":460,"beats_loudness":{"dmean":0.0132279600948,"dmean2":0.0224474910647,"dvar":0.000139376570587,"dvar2":0.000410190143157,"max":0.0771870613098,"mean":0.0301478505135,"median":0.0291132964194,"min":8.56730952847e-9,"var":0.000323279527947},"beats_loudness_band_ratio":{"dmean":[0.200777962804,0.107978418469,0.136648193002,0.0855472907424,0.0831624940038,0.040945366025],"dmean2":[0.339419811964,0.179185196757,0.244991913438,0.150230020285,0.142694696784,0.0705055519938],"dvar":[0.0307888202369,0.011743