{"lowlevel":{"average_loudness":0.511547029018,"barkbands":{"dmean":[0.00027921385481,0.003735212842,0.00206393469125,0.00157933600713,0.0012005289318,0.000583017535973,0.000317897676723,0.000282387889456,0.000493807543535,0.0003340349067,0.000359435973223,0.000168862141436,0.000294126919471,0.000307812617393,0.000243043556111,0.000199785994482,0.000191095503396,0.000185840486665,0.000153550630785,0.000144929159433,0.000114959599159,0.000138136412716,0.000331724935677,0.000185237309779,0.0001785375498,0.000157309143106,0.000071787777415],"dmean2":[0.000428603118053,0.0057002864778,0.00344237033278,0.00269646872766,0.00192812865134,0.000953977229074,0.000511369784363,0.000445838377345,0.000746793404687,0.000538236577995,0.000563426234294,0.00026794889709,0.000454094260931,0.000445742713055,0.000380095618311,0.000323696964188,0.000316047342494,0.000306280941004,0.000247998919804,0.000236495427089,0.000184995122254,0.00021904965979,0.000521815789398,0.000271909957519,0.000256461848039,0.000239583809162,0.000108600128442],"dvar":[6.68044492613e-7,0.000113213885925,0.0000246789859375,0.000012466645785,0.00000916061344469,0.00000207465041058,7.73009730892e-7,6.59187492147e-7,0.00000190131140698,0.00000139214557748,0.00000157195916017,3.72594200826e-7,8.05238812518e-7,6.03085823059e-7,3.08865281795e-7,1.53457492047e-7,1.71461451259e-7,2.36170208723e-7,1.18095897506e-7,1.07614624767e-7,9.42689126759e-8,1.22522607171e-7,0.00000145876538227,2.1888450874e-7,2.62958252506e-7,3.25141286339e-7,5.02136501268e-8],"dvar2":[0.00000162002777415,0.000238313310547,0.0000688270883984,0.0000351822236553,0.0000215428899537,0.0000054078800531,0.00000193583105101,0.00000160534284532,0.00000424939753429,0.000003673463425,0.00000401725355914,8.33645344755e-7,0.00000194747963178,0.0000012972894865,7.5626172702e-7,3.87236212873e-7,4.59920073581e-7,6.54263203614e-7,2.91376153427e-7,2.75162904018e-7,2.45018298983e-7,3.06681727125e-7,0.00000373465377379,4.87278612127e-7,5.7692733435e-7,8.28166264455e-7,1.16104295955e-7],"max":[0.0140802320093,0.141590952873,0.101122707129,0.0823687538505,0.0773890167475,0.034617703408,0.0197448711842,0.0203410461545,0.0362508036196,0.0328267253935,0.0420802719891,0.0336267612875,0.0368647612631,0.0253404024988,0.0146087761968,0.00940121430904,0.0125385578722,0.0135593600571,0.00956166256219,0.00499875936657,0.00874762888998,0.00795493554324,0.0395050682127,0.0121517088264,0.0110722547397,0.0157961640507,0.00360423512757],"mean":[0.000414008274674,0.00625684252009,0.00377043592744,0.00242686830461,0.00219744141214,0.00108310452197,0.000508476514369,0.000535399711225,0.000960225996096,0.000544973881915,0.000630251364782,0.000288957060548,0.000516229309142,0.000586605805438,0.000441047683125,0.000365981366485,0.00034120719647,0.000344687752659,0.000286148308078,0.000277159211691,0.000226022544666,0.00028516780003,0.000586721173022,0.000393272493966,0.000329496891936,0.000219599154661,0.0000869237555889],"median":[0.0000672739115544,0.00257458677515,0.00225553521886,0.000964361941442,0.000874068355188,0.000451370025985,0.000133811729029,0.0000780541304266,0.000202310067834,0.0000767740566516,0.000098060379969,0.0000768102327129,0.000152922933921,0.000142309887451,0.000149895669892,0.000155783433001,0.000126006692881,0.0000925323183765,0.0000881866290001,0.000092489135568,0.0000608261470916,0.0000789605910541,0.000149378785864,0.0000969801258179,0.0000730771862436,0.0000372132817574,0.00000817701402411],"min":[2.37361284684e-24,5.46530723746e-24,2.61579472246e-24,4.15051276673e-24,1.41625965363e-23,1.4679789523e-23,6.97548756606e-24,1.48377541861e-23,2.71154401645e-23,3.18070452479e-23,2.40159756912e-23,3.578532128e-23,3.34894236569e-23,5.16191953747e-23,4.73639976104e-23,4.92822706736e-23,4.59244400543e-23,1.36446557095e-22,1.5791682658e-22,1.86941303824e-22,2.14338960555e-22,3.19129981027e-22,4.00955329417e-22,6.88940072164e-22,8.21978321008e-22,1.35009335829e-21,2.09695071459e-21],"var":[0.0000013020987808,0.000156900976435,0.0000265508369921,0.0000188440408238,0.0000216565495066,0.00000443325188826,0.00000151340771026,0.00000218882973968,0.00000553445670448,0.00000304147283714,0.00000396089308197,7.51470224714e-7,0.00000157960710112,0.00000177301967597,6.91878369707e-7,3.41599616149e-7,4.03646339464e-7,5.96675590714e-7,2.70112082035e-7,2.20958895625e-7,1.89444648413e-7,2.86369015612e-7,0.00000184682016879,5.25016730535e-7,5.05000514295e-7,3.34343212671e-7,6.0343417374e-8]},"barkbands_crest":{"dmean":2.14607381821,"dmean2":3.40627598763,"dvar":5.14053678513,"dvar2":12.1398363113,"max":24.830121994,"mean":10.2543478012,"median":9.34202575684,"min":2.29649305344,"var":19.6355991364},"barkbands_flatness_db":{"dmean":0.0202965401113,"dmean2":0.028689974919,"dvar":0.00053510221187,"dvar2":0.000972970039584,"max":0.550909876823,"mean":0.147614240646,"median":0.106229916215,"min":0.0129286199808,"var":0.0127396658063},"barkbands_kurtosis":{"dmean":7.23376226425,"dmean2":11.0114326477,"dvar":432.274200439,"dvar2":1012.45410156,"max":731.861572266,"mean":15.5407066345,"median":1.88696575165,"min":-1.94339644909,"var":1338.13525391},"barkbands_skewness":{"dmean":0.686214268208,"dmean2":1.01876378059,"dvar":0.967881798744,"dvar2":2.11371040344,"max":19.5466213226,"mean":2.17270493507,"median":1.56930589676,"min":-4.91729164124,"var":4.63500976562},"barkbands_spread":{"dmean":7.94141387939,"dmean2":11.9505243301,"dvar":142.607467651,"dvar2":308.760681152,"max":139.231643677,"mean":31.0546779633,"median":29.0061721802,"min":0.204029068351,"var":538.523010254},"dissonance":{"dmean":0.0165414717048,"dmean2":0.0274760462344,"dvar":0.000331713090418,"dvar2":0.000900096260011,"max":0.500000059605,"mean":0.464701980352,"median":0.473722010851,"min":0,"var":0.000935512594879},"dynamic_complexity":6.11603498459,"erbbands":{"dmean":[0.133724048734,0.797124505043,1.97354233265,4.15027713776,4.88769626617,3.87929725647,3.78314328194,5.34328365326,4.37099170685,5.20420217514,6.18857955933,9.54415607452,11.128827095,13.999958992,10.695473671,6.73650741577,12.120259285,17.8809051514,9.52848720551,13.1776399612,10.7220582962,8.95642185211,9.53156089783,8.13973045349,7.42031812668,6.52650547028,5.97851848602,3.78657960892,4.07187128067,8.85542106628,9.4636259079,4.64897346497,2.67044615746,1.61728584766,1.58573246002,0.657530248165,0.268612802029,0.110793925822,0.0109551483765,0.000495150336064],"dmean2":[0.204410806298,1.25388717651,3.27819633484,7.03467416763,8.05973243713,6.26349210739,6.02919960022,8.81230163574,7.07542324066,8.31326293945,9.50344944,14.5387506485,17.0215377808,22.2659320831,16.7950153351,10.5240888596,18.481967926,25.8724803925,15.0487241745,20.6889724731,17.4774646759,14.803188324,15.7149877548,13.0882530212,12.017911911,10.656873703,9.77957344055,5.94935131073,6.47522258759,14.0047130585,14.9658002853,6.96348190308,3.90610265732,2.3017282486,2.33643984795,1.00200533867,0.414685606956,0.167598858476,0.0165309589356,0.0007506487309],"dvar":[0.176079303026,4.91370248795,23.05717659,87.7537841797,151.937210083,121.069900513,104.348670959,174.786437988,137.966430664,219.783920288,356.450439453,776.922241211,997.685424805,3196.70117188,1132.72998047,342.162658691,1570.67810059,2047.63110352,615.331359863,952.646972656,449.139343262,370.064331055,601.885009766,324.47442627,299.770477295,226.54776001,232.07749939,123.158042908,117.257705688,600.587646484,1296.84875488,140.946472168,47.1197357178,17.7175102234,25.0895671844,7.81830644608,0.887278676033,0.143055468798,0.000897960329894,0.00000256522230302],"dvar2":[0.385626494884,10.8656730652,63.7574653625,242.922851562,387.350860596,272.967224121,256.313262939,469.02331543,342.716033936,560.24407959,803.312194824,1863.09851074,2296.77563477,8461.33007812,2798.52490234,760.688659668,3788.10668945,4463.30126953,1564.15612793,2268.22143555,1136.6295166,1005.71929932,1687.38110352,800.431396484,750.159851074,585.161010742,608.23248291,310.777984619,296.807067871,1502.54907227,3311.85131836,321.499176025,104.645492554,37.662021637,57.4813499451,20.1663665771,2.29689002037,0.330347597599,0.0020356841851,0.00000605235118201],"max":[5.58643293381,29.2083721161,88.1645584106,200.333374023,261.319488525,413.601226807,401.037506104,314.253631592,277.573486328,462.107818604,582.207519531,962.557678223,852.720825195,2000.23022461,948.384033203,694.789672852,1968.24755859,1455.93457031,873.920715332,918.291015625,648.730957031,609.133483887,807.800170898,354.310058594,693.832946777,265.998931885,530.726745605,457.71963501,208.031417847,760.189819336,1229.79003906,264.969268799,275.205108643,173.159469604,110.385002136,98.6530609131,33.0510444641,5.92818117142,0.492830246687,0.0292071457952],"mean":[0.177225783467,1.41871249676,3.95456266403,6.89667224884,7.99604558945,7.27563238144,7.0731086731,9.52610969543,7.35646915436,9.18877220154,12.359087944,18.3959350586,21.5265750885,24.7218341827,20.5899600983,12.8276224136,22.9051647186,35.8231773376,18.3113040924,24.7639656067,21.0942726135,17.641374588,18.8086738586,15.923418045,14.5474748611,12.6960105896,11.6797056198,7.32536268234,8.20128631592,16.7506904602,16.2773971558,9.54247188568,5.60974311829,3.37916088104,2.58633184433,0.971813559532,0.368585169315,0.135826155543,0.0135877933353,0.000602905522101],"median":[0.0520882532001,0.627247452736,2.45894980431,3.83452606201,3.45295023918,2.2527012825,2.45188260078,3.68481779099,2.65548157692,2.46027708054,2.10063910484,4.13422489166,5.54588699341,3.73967790604,4.75650501251,4.11827135086,7.26842880249,9.58705043793,6.39839839935,9.15389823914,10.1555776596,7.18469047546,5.42072677612,5.09743213654,4.88799953461,4.55222034454,3.60998106003,1.72200727463,2.39893865585,4.49907684326,3.93398761749,2.41064071655,1.31633317471,0.833503723145,0.498913049698,0.179696798325,0.0569302923977,0.0138107035309,0.00139108393341,0.0000921096361708],"min":[2.12951398399e-22,1.38412842757e-21,4.42538073424e-21,8.32033513186e-21,2.29998764855e-20,6.82620783869e-20,7.18703371541e-20,1.34342364511e-19,1.74251063181e-19,2.60143236167e-19,4.18732784747e-19,4.49408364173e-19,1.29787884793e-18,5.05792975532e-19,1.35871777519e-18,1.73056420506e-18,1.66346600211e-18,2.91261191784e-18,3.69786584707e-18,3.52340270254e-18,3.39860410237e-18,3.32150094311e-18,6.63322461138e-18,8.31303446162e-18,8.43309476445e-18,9.03419533506e-18,1.21037616722e-17,8.36468031035e-18,1.33405720503e-17,1.04403808697e-17,1.04131889614e-17,1.30708292797e-17,9.86290623175e-18,9.38690183953e-18,5.64933297742e-18,4.08914998736e-18,2.66758509718e-18,1.05772556864e-18,2.64728711892e-19,2.86459173099e-20],"var":[0.216139838099,6.58399105072,26.4597854614,110.781890869,199.666259766,435.859222412,290.848358154,335.840454102,285.225830078,447.14932251,1075.02001953,2036.39404297,2653.47485352,6605.23974609,3064.88427734,868.336364746,3104.52978516,6340.52490234,1393.80322266,2208.73852539,1058.21020508,914.725585938,1595.53100586,791.484008789,738.380065918,433.747253418,505.287109375,218.053604126,231.531265259,1133.5604248,1555.42883301,325.331756592,113.120246887,45.1138763428,38.9176712036,7.89663743973,0.883482575417,0.168699353933,0.00115780183114,0.00000287192369797]},"erbbands_crest":{"dmean":2.44230604172,"dmean2":3.8456594944,"dvar":6.14026784897,"dvar2":15.0195293427,"max":30.7899169922,"mean":9.42292881012,"median":8.30177974701,"min":2.17495679855,"var":22.1743488312},"erbbands_flatness_db":{"dmean":0.017296038568,"dmean2":0.023990560323,"dvar":0.000412015418988,"dvar2":0.000719892093912,"max":0.389084815979,"mean":0.129230543971,"median":0.112067773938,"min":0.0307638384402,"var":0.00392923131585},"erbbands_kurtosis":{"dmean":2.00306558609,"dmean2":2.8565621376,"dvar":26.6361408234,"dvar2":48.1220321655,"max":157.906600952,"mean":3.92613744736,"median":-0.17056453228,"min":-1.8324944973,"var":223.674743652},"erbbands_skewness":{"dmean":0.414410531521,"dmean2":0.593388259411,"dvar":0.261278152466,"dvar2":0.483315974474,"max":9.82944869995,"mean":0.63263297081,"median":0.166970223188,"min":-3.65220952034,"var":2.716599226},"erbbands_spread":{"dmean":11.3391952515,"dmean2":16.5487442017,"dvar":241.205932617,"dvar2":468.246948242,"max":191.621398926,"mean":49.620464325,"median":45.6370811462,"min":1.26761555672,"var":832.453674316},"gfcc":{"cov":[[31104.7128906,-3491.03076172,-4117.59033203,170.164855957,-2775.69702148,411.485168457,-1025.0177002,742.878356934,-11.7779874802,288.820709229,-169.664474487,428.499481201,-155.269012451],[-3491.03076172,2318.94970703,58.6302604675,54.4585876465,595.195068359,-160.468704224,159.79196167,-117.522850037,54.1240196228,-104.430450439,57.4584999084,-189.784072876,61.8227920532],[-4117.59033203,58.6302604675,1784.72644043,76.889289856,557.487426758,76.8622665405,166.542694092,-162.168212891,-39.6915855408,-37.0077285767,-29.0948047638,-61.9837913513,-84.4919281006],[170.164855957,54.4585876465,76.889289856,423.247802734,60.4256973267,79.9115142822,20.6219711304,3.30211830139,11.7170381546,-23.8129348755,-6.91566371918,-34.3935966492,-26.598115921],[-2775.69702148,595.195068359,557.487426758,60.4256973267,614.579772949,28.0411281586,172.194488525,-95.4001998901,-12.2829332352,-59.3400535583,-0.553262233734,-88.5380096436,-9.01068401337],[411.485168457,-160.468704224,76.8622665405,79.9115142822,28.0411281586,248.815551758,61.4585533142,13.9679603577,-24.8832206726,3.49591064453,-6.70593070984,-18.0695915222,-51.4548034668],[-1025.0177002,159.79196167,166.542694092,20.6219711304,172.194488525,61.4585533142,208.196502686,20.6475391388,-20.9697570801,-47.8416900635,-9.95468425751,-39.8298377991,-10.4336357117],[742.878356934,-117.522850037,-162.168212891,3.30211830139,-95.4001998901,13.9679603577,20.6475391388,137.813186646,41.3981819153,-4.12558889389,-21.3402709961,16.6620597839,1.59194266796],[-11.7779874802,54.1240196228,-39.6915855408,11.7170381546,-12.2829332352,-24.8832206726,-20.9697570801,41.3981819153,100.912231445,35.8352050781,-2.85442495346,-10.3344888687,4.81893634796],[288.820709229,-104.430450439,-37.0077285767,-23.8129348755,-59.3400535583,3.49591064453,-47.8416900635,-4.12558889389,35.8352050781,102.547241211,41.0482978821,10.1492404938,-10.4453687668],[-169.664474487,57.4584999084,-29.0948047638,-6.91566371918,-0.553262233734,-6.70593070984,-9.95468425751,-21.3402709961,-2.85442495346,41.0482978821,98.3879241943,33.3475456238,-5.24800920486],[428.499481201,-189.784072876,-61.9837913513,-34.3935966492,-88.5380096436,-18.0695915222,-39.8298377991,16.6620597839,-10.3344888687,10.1492404938,33.3475456238,102.47467041,37.0472869873],[-155.269012451,61.8227920532,-84.4919281006,-26.598115921,-9.01068401337,-51.4548034668,-10.4336357117,1.59194266796,4.81893634796,-10.4453687668,-5.24800920486,37.0472869873,88.485710144]],"icov":[[0.0000870672665769,0.00000936226024351,0.000141494703712,-0.0000749716127757,0.000122136480059,-0.000137701179483,0.00024208718969,-0.000223922528676,0.000222742295591,-0.000175756940735,0.000332781870384,-0.000258211250184,0.000318716018228],[0.00000936226024351,0.000974177906755,0.000208693294553,0.0000262035373453,-0.000682769576088,0.000371409521904,0.0000472080791951,0.000271372875432,-0.00078954314813,0.00133038160857,-0.00175405107439,0.00210528774187,-0.00109535339288],[0.000141494703712,0.000208693294553,0.00124175683595,-0.00019784484175,-0.0007346610073,-0.0000654987379676,-0.0000941149191931,0.000737718015444,-0.0000315134966513,-0.00044468883425,0.001339931041,-0.00132380519062,0.00167439202778],[-0.0000749716127757,0.0000262035373453,-0.00019784484175,0.00278080487624,-0.000199371817871,-0.000893820775673,0.000313382566674,0.0000992468339973,-0.00109344162047,0.00155583641026,-0.00110812531784,0.0011623010505,-0.000316932942951],[0.000122136480059,-0.000682769576088,-0.0007346610073,-0.000199371817871,0.00432811398059,-0.000588069786318,-0.00165887142066,0.00133556942455,-0.000521219451912,0.000530279416125,0.0000758124006097,0.000462053576484,-0.000288909359369],[-0.000137701179483,0.000371409521904,-0.0000654987379676,-0.000893820775673,-0.000588069786318,0.00599222816527,-0.00215985951945,-0.0000813622464193,0.00125867046881,-0.00138843827881,0.000349789013853,0.0000327940724674,0.00211363565177],[0.00024208718969,0.0000472080791951,-0.0000941149191931,0.000313382566674,-0.00165887142066,-0.00215985951945,0.00975125841796,-0.00520554790273,0.00289176800288,0.00216806749813,-0.0018037998816,0.00298733799718,-0.00104456720874],[-0.000223922528676,0.000271372875432,0.000737718015444,0.0000992468339973,0.00133556942455,-0.0000813622464193,-0.00520554790273,0.0146345980465,-0.0081788469106,0.00259512779303,0.00243404158391,-0.00390336895362,0.00189371732995],[0.000222742295591,-0.00078954314813,-0.0000315134966513,-0.00109344162047,-0.000521219451912,0.00125867046881,0.00289176800288,-0.0081788469106,0.0180402174592,-0.00874125212431,0.00302533176728,0.00138665991835,-0.000664792780299],[-0.000175756940735,0.00133038160857,-0.00044468883425,0.00155583641026,0.000530279416125,-0.00138843827881,0.00216806749813,0.00259512779303,-0.00874125212431,0.0199826154858,-0.0109479511157,0.00545201310888,-0.0018363398267],[0.000332781870384,-0.00175405107439,0.001339931041,-0.00110812531784,0.0000758124006097,0.000349789013853,-0.0018037998816,0.00243404158391,0.00302533176728,-0.0109479511157,0.0223454553634,-0.0141235198826,0.00849187653512],[-0.000258211250184,0.00210528774187,-0.00132380519062,0.0011623010505,0.000462053576484,0.0000327940724674,0.00298733799718,-0.00390336895362,0.00138665991835,0.00545201310888,-0.0141235198826,0.0255356393754,-0.0133109595627],[0.000318716018228,-0.00109535339288,0.00167439202778,-0.000316932942951,-0.000288909359369,0.00211363565177,-0.00104456720874,0.00189371732995,-0.000664792780299,-0.0018363398267,0.00849187653512,-0.0133109595627,0.0210679229349]],"mean":[-44.5616264343,63.0814170837,-71.8379592896,33.0086669922,-35.0983543396,22.6284637451,-33.5954017639,5.57317113876,-21.4661426544,-1.88699650764,-17.8943061829,-2.24628925323,-14.8963308334]},"hfc":{"dmean":11.3485546112,"dmean2":16.0490589142,"dvar":767.929321289,"dvar2":1716.3572998,"max":452.943023682,"mean":30.1386432648,"median":15.9872608185,"min":1.06564454088e-16,"var":1786.36437988},"melbands":{"dmean":[0.00109321798664,0.000965902057942,0.00071539497003,0.000291237665806,0.000137984141475,0.000115154551168,0.0000669145665597,0.0000565789414395,0.0000489928170282,0.0000687238425598,0.0000564341025893,0.0000572227327211,0.0000462715761387,0.0000201940547413,0.0000181220839295,0.0000371743226424,0.0000314087592415,0.0000152076490849,0.0000170516523212,0.0000150324776769,0.0000143800871228,0.00000960775560088,0.000011333943803,0.00000971870031208,0.0000068611043389,0.00000599145914748,0.00000592088872509,0.00000429766623711,0.00000459524926555,0.0000023939694529,0.00000239793098444,0.00000223608640226,0.00000317158514918,0.00000619767570242,0.00000686700650476,0.00000319351306644,0.00000297581209452,0.00000211159567698,0.00000162602270848,0.0000013711506881],"dmean2":[0.00164984446019,0.00156316615175,0.00120472640265,0.000475357112009,0.000219030931476,0.000189111757209,0.000108262291178,0.0000908348738449,0.0000752024861868,0.000104411388747,0.0000860864311107,0.0000911322931643,0.0000727838341845,0.0000317196718242,0.0000282275650534,0.0000548451062059,0.0000454881919723,0.0000242501082539,0.0000266220777121,0.0000235893148783,0.0000236641644733,0.0000159131650435,0.0000188912799786,0.0000158597049449,0.000011053282833,0.00000971221379586,0.00000966248353507,0.00000704242893335,0.0000075771063166,0.00000389936758438,0.00000380100050279,0.00000363487788491,0.0000050632543207,0.00000994571291812,0.000011100233678,0.00000491536502523,0.00000455771305496,0.00000319223704537,0.00000240338749791,0.00000201410352929],"dvar":[0.0000106405377664,0.00000532718149771,0.00000237165249928,5.27386021076e-7,1.32317723001e-7,7.93198893234e-8,3.21451096852e-8,2.42802595807e-8,2.25095480033e-8,3.80740274863e-8,2.56923371467e-8,5.31790220748e-8,2.25001635101e-8,5.39326494575e-9,2.8823066156e-9,1.07112487768e-8,6.56976917313e-9,1.68222757946e-9,1.50238788077e-9,1.07994024834e-9,8.54559090158e-10,3.71726371906e-10,1.2931161697e-9,7.09914405039e-10,2.38327330093e-10,1.97822189185e-10,1.70997188631e-10,1.05166035602e-10,1.41790246211e-10,4.4974454716e-11,5.06024736002e-11,3.35880143143e-11,6.91582902057e-11,3.62191499015e-10,9.22308118767e-10,7.04573621668e-11,5.65491091453e-11,3.40363293105e-11,1.58707439551e-11,1.30629803849e-11],"dvar2":[0.0000224872201215,0.0000134240062835,0.00000649167441225,0.00000129083673528,3.07763542651e-7,2.10298850334e-7,8.07551145954e-8,6.31611669633e-8,5.09869373388e-8,8.86607480766e-8,5.89140931595e-8,1.41217455507e-7,5.73687195526e-8,1.18187051257e-8,6.12538419986e-9,2.5824789418e-8,1.41163978284e-8,4.25855617436e-9,3.58544549606e-9,2.54540366562e-9,2.17924589485e-9,9.75700409356e-10,3.84728515712e-9,1.85205906167e-9,5.86887038967e-10,4.8932002894e-10,4.38833719363e-10,2.74382766507e-10,3.76281478198e-10,1.17222481721e-10,1.25514168503e-10,8.75070849116e-11,1.74346009851e-10,9.33776833634e-10,2.40279862673e-9,1.63464616842e-10,1.31396532543e-10,7.91199536443e-11,3.51910930951e-11,2.85739643752e-11],"max":[0.0407306477427,0.0402805544436,0.0301309190691,0.0168015211821,0.0130959870294,0.00627282587811,0.00415904307738,0.00440618069842,0.00517306709662,0.00536744995043,0.00431155599654,0.00775168929249,0.00440833717585,0.00407356070355,0.00230180239305,0.00336353201419,0.00248639774509,0.00129855191335,0.00120944716036,0.000782831164543,0.00083902105689,0.000506779644638,0.00133077404462,0.000933117000386,0.000330429320456,0.000449492479675,0.000275784754194,0.000183217562153,0.000430114363553,0.000113139176392,0.000345998239936,0.000120172793686,0.000221258858801,0.000489802623633,0.00112816621549,0.000292721175356,0.000150313775521,0.000206456403248,0.000192633509869,0.000135776572279],"mean":[0.00168875942472,0.00206798803993,0.00128045852762,0.000521621026564,0.000271877623163,0.000208043144085,0.000113044799946,0.000103532569483,0.0000964701466728,0.000131116015837,0.000106797277112,0.0000972197085503,0.0000846948387334,0.0000348438297806,0.0000316912992275,0.0000708176448825,0.0000605251261732,0.0000260381366388,0.0000311655458063,0.0000276550599665,0.0000255879695032,0.0000172737127286,0.0000194200256374,0.0000170246366906,0.0000122369165183,0.0000108520862341,0.0000106307143142,0.00000754702114136,0.00000842241479404,0.00000419691468778,0.00000440593521489,0.0000041496882659,0.00000608018353887,0.000010856555491,0.0000106734169094,0.00000619039337835,0.00000573443549001,0.000004025088856,0.00000329140539179,0.00000267072005045],"median":[0.000644039013423,0.00127768144011,0.000733712338842,0.000213139632251,0.00009570021939,0.0000831006182125,0.0000403598241974,0.0000255793402175,0.0000136833004944,0.0000276522914646,0.000025395751436,0.0000118324624054,0.0000154271656356,0.00000897137579159,0.00000853275651025,0.0000202331066248,0.0000145538751894,0.00000619405818725,0.0000111877952804,0.0000101191917565,0.0000112517245725,0.00000694709706295,0.00000486027010993,0.00000421852473664,0.00000359771138392,0.00000314447015626,0.00000313219857162,0.00000265150947598,0.00000239018345383,0.0000011451663795,8.79629851624e-7,0.00000120296715522,0.00000160570380103,0.0000028740334983,0.00000237707945416,0.00000158906289016,0.00000137842152981,8.73144870184e-7,7.92600644672e-7,6.49963794785e-7],"min":[2.18633529578e-24,2.80537495849e-24,2.3846152871e-24,2.56410342835e-24,2.46215498927e-24,3.16713808937e-24,2.87130933346e-24,3.18661526234e-24,3.29901867222e-24,3.18093171673e-24,5.88138482217e-24,1.73740737361e-24,3.63343455931e-24,4.67219792184e-24,3.37595548744e-24,3.7489103852e-24,4.04796124348e-24,4.17863013597e-24,3.63385581103e-24,4.61377843307e-24,3.59870219695e-24,2.5685194717e-24,5.04243440491e-24,5.98458676124e-24,5.3075788382e-24,5.20875507716e-24,5.40476768501e-24,5.89594601119e-24,6.30811321239e-24,5.36375756756e-24,5.0809387057e-24,7.15066911842e-24,6.42295676627e-24,5.35949653538e-24,5.03361967316e-24,6.55178840171e-24,7.64937041662e-24,6.14813774284e-24,7.10951266727e-24,7.25911224934e-24],"var":[0.0000142286671689,0.00000734284822101,0.00000334836477123,0.00000103775994376,4.58159803429e-7,1.59145542966e-7,6.61165628912e-8,6.04945427085e-8,6.60882903958e-8,1.03704941523e-7,6.92505537359e-8,1.09654791913e-7,6.13632096247e-8,1.16756790902e-8,6.30921892508e-9,2.45754190331e-8,1.96374845274e-8,3.69000563438e-9,3.44649353501e-9,2.58794297103e-9,1.79614823015e-9,8.1741469149e-10,2.95783242343e-9,1.79416170809e-9,5.02043517869e-10,4.42279324275e-10,3.71472769212e-10,1.70001832056e-10,3.06168118636e-10,6.60392227014e-11,9.43548988941e-11,6.00066524248e-11,1.46817516478e-10,5.3621679319e-10,9.48379375032e-10,1.53443063811e-10,1.21101642603e-10,6.70811878267e-11,3.98324498385e-11,3.05318652305e-11]},"melbands_crest":{"dmean":2.66716217995,"dmean2":4.28124427795,"dvar":7.45289087296,"dvar2":18.6212902069,"max":36.7650146484,"mean":15.397321701,"median":15.0227012634,"min":1.00012969971,"var":27.1004753113},"melbands_flatness_db":{"dmean":0.0265943203121,"dmean2":0.0373373813927,"dvar":0.000937788572628,"dvar2":0.00172603712417,"max":0.720111012459,"mean":0.239170372486,"median":0.19068595767,"min":-3.27888187712e-7,"var":0.0211908910424},"melbands_kurtosis":{"dmean":16.4293670654,"dmean2":24.3014526367,"dvar":1607.3840332,"dvar2":3144.96899414,"max":901.284729004,"mean":35.2548561096,"median":12.6515674591,"min":-1.79299736023,"var":4393.13916016},"melbands_skewness":{"dmean":0.962269306183,"dmean2":1.42223119736,"dvar":1.90804505348,"dvar2":3.56679582596,"max":23.0102329254,"mean":3.63940429688,"median":2.92219424248,"min":-1.3748306036,"var":7.05545759201},"melbands_spread":{"dmean":7.56837797165,"dmean2":11.8003530502,"dvar":203.859970093,"dvar2":468.576904297,"max":250.957168579,"mean":25.4917564392,"median":19.9971160889,"min":0.29191160202,"var":649.821838379},"mfcc":{"cov":[[27173.1210938,-3013.36865234,-2526.40209961,-1201.07873535,-1368.99890137,-1038.66418457,-1017.9208374,37.4924240112,-450.444488525,95.3849563599,-133.904251099,-10.2597389221,296.382476807],[-3013.36865234,1823.96643066,-10.4445848465,236.90852356,261.048492432,110.748313904,121.49962616,-44.8096580505,70.9102020264,12.8867454529,1.13795351982,-6.02969455719,-54.0319862366],[-2526.40209961,-10.4445848465,989.945007324,196.193206787,246.382217407,231.721725464,151.62940979,31.0073471069,29.8428859711,-17.9268093109,49.3694343567,23.752532959,-48.1221427917],[-1201.07873535,236.90852356,196.193206787,362.975189209,179.342803955,101.645057678,72.6589279175,31.8992004395,40.1605606079,12.6851377487,5.49454116821,-0.209325522184,-21.3540039062],[-1368.99890137,261.048492432,246.382217407,179.342803955,291.530548096,167.075698853,86.9646987915,14.134314537,30.4740867615,13.9673662186,10.6573019028,1.45051658154,-9.35566616058],[-1038.66418457,110.748313904,231.721725464,101.645057678,167.075698853,253.305786133,156.324737549,29.8347969055,11.7023057938,15.7556171417,33.0651397705,4.78563308716,-27.2203636169],[-1017.9208374,121.49962616,151.62940979,72.6589279175,86.9646987915,156.324737549,232.076293945,81.1828689575,26.4399166107,-3.16078782082,26.3705692291,5.33931541443,-36.2504272461],[37.4924240112,-44.8096580505,31.0073471069,31.8992004395,14.134314537,29.8347969055,81.1828689575,139.1302948,51.6967697144,7.55712938309,4.21429395676,-6.75127792358,-13.2669534683],[-450.444488525,70.9102020264,29.8428859711,40.1605606079,30.4740867615,11.7023057938,26.4399166107,51.6967697144,132.317108154,36.2064590454,-13.4116315842,-19.5009231567,-9.65329551697],[95.3849563599,12.8867454529,-17.9268093109,12.6851377487,13.9673662186,15.7556171417,-3.16078782082,7.55712938309,36.2064590454,97.2218551636,38.9673309326,-2.38990044594,-8.56641769409],[-133.904251099,1.13795351982,49.3694343567,5.49454116821,10.6573019028,33.0651397705,26.3705692291,4.21429395676,-13.4116315842,38.9673309326,96.0280456543,39.2294235229,-16.4410457611],[-10.2597389221,-6.02969455719,23.752532959,-0.209325522184,1.45051658154,4.78563308716,5.33931541443,-6.75127792358,-19.5009231567,-2.38990044594,39.2294235229,80.1149902344,21.456653595],[296.382476807,-54.0319862366,-48.1221427917,-21.3540039062,-9.35566616058,-27.2203636169,-36.2504272461,-13.2669534683,-9.65329551697,-8.56641769409,-16.4410457611,21.456653595,95.6253967285]],"icov":[[0.0000794984662207,0.0000791503698565,0.000132668894366,0.0000501084250573,0.000109650929517,-0.0000653476818115,0.000254175130976,-0.000286719790893,0.000285378890112,-0.000209755366086,0.000135603389936,-0.0000577462815272,-0.0000287303046207],[0.0000791503698565,0.000837732804939,0.00040638394421,-0.000191181941773,-0.000667301355861,0.000308614718961,-0.000355045311153,0.000513540231623,-0.000205544027267,-0.00000909321715881,0.0000500276619277,-0.000161748437677,0.000372393667931],[0.000132668894366,0.00040638394421,0.00180189148523,-0.00023893546313,-0.000739572336897,-0.000756869965699,0.000266988266958,-0.000107704312541,-0.000144957390148,0.000739197363146,-0.000558660598472,-0.000329045491526,0.000499678077176],[0.0000501084250573,-0.000191181941773,-0.00023893546313,0.00424201600254,-0.00211739703082,0.000280548003502,0.0000620267528575,-0.000830359989777,-0.000024945486075,-0.000470415077871,0.000539829954505,-0.000391783600207,0.000480782357045],[0.000109650929517,-0.000667301355861,-0.000739572336897,-0.00211739703082,0.00857697334141,-0.00462777819484,0.00176693766844,-0.000651276553981,0.0000872906894074,-0.000775829714257,0.000923263840377,0.00003937506699,-0.0013714194065],[-0.0000653476818115,0.000308614718961,-0.000756869965699,0.000280548003502,-0.00462777819484,0.0111359870061,-0.00649315910414,0.00197567162104,0.000766180397477,-0.00154568476137,-0.000899398408365,0.000786009186413,0.000196345470613],[0.000254175130976,-0.000355045311153,0.000266988266958,0.0000620267528575,0.00176693766844,-0.00649315910414,0.0114434231073,-0.00595238478854,0.000666718638968,0.0015615192242,-0.000611169845797,-0.000816756451968,0.0012819673866],[-0.000286719790893,0.000513540231623,-0.000107704312541,-0.000830359989777,-0.000651276553981,0.00197567162104,-0.00595238478854,0.012705498375,-0.00518640130758,0.00145249639172,-0.00148914859165,0.000876709935255,0.000097948613984],[0.000285378890112,-0.000205544027267,-0.000144957390148,-0.000024945486075,0.0000872906894074,0.000766180397477,0.000666718638968,-0.00518640130758,0.0128030162305,-0.00662732496858,0.00471154926345,0.000102169658931,0.000166559329955],[-0.000209755366086,-0.00000909321715881,0.000739197363146,-0.000470415077871,-0.000775829714257,-0.00154568476137,0.0015615192242,0.00145249639172,-0.00662732496858,0.0176528226584,-0.0103459134698,0.0040107248351,-0.000576855090912],[0.000135603389936,0.0000500276619277,-0.000558660598472,0.000539829954505,0.000923263840377,-0.000899398408365,-0.000611169845797,-0.00148914859165,0.00471154926345,-0.0103459134698,0.0212478935719,-0.0106111671776,0.00442636245862],[-0.0000577462815272,-0.000161748437677,-0.000329045491526,-0.000391783600207,0.00003937506699,0.000786009186413,-0.000816756451968,0.000876709935255,0.000102169658931,0.0040107248351,-0.0106111671776,0.0195800922811,-0.00597410276532],[-0.0000287303046207,0.000372393667931,0.000499678077176,0.000480782357045,-0.0013714194065,0.000196345470613,0.0012819673866,0.000097948613984,0.000166559329955,-0.000576855090912,0.00442636245862,-0.00597410276532,0.013603691943]],"mean":[-699.583862305,102.447906494,27.205034256,23.5582618713,22.6095352173,16.8146705627,5.8452911377,9.84398651123,0.27492582798,7.01202344894,-2.51383638382,-2.47127723694,-1.43807601929]},"pitch_salience":{"dmean":0.0604886822402,"dmean2":0.0978451743722,"dvar":0.00328635773621,"dvar2":0.00841644685715,"max":0.996097147465,"mean":0.519957780838,"median":0.519261002541,"min":0.14471526444,"var":0.0107428403571},"silence_rate_20dB":{"dmean":0,"dmean2":0,"dvar":0,"dvar2":0,"max":1,"mean":1,"median":1,"min":1,"var":0},"silence_rate_30dB":{"dmean":0.0212904624641,"dmean2":0.0425840094686,"dvar":0.0208380892873,"dvar2":0.0519228428602,"max":1,"mean":0.983562648296,"median":1,"min":0,"var":0.0161671955138},"silence_rate_60dB":{"dmean":0.0243319571018,"dmean2":0.0486674383283,"dvar":0.0237320680171,"dvar2":0.0519576705992,"max":1,"mean":0.186821147799,"median":0,"min":0,"var":0.151926860213},"spectral_centroid":{"dmean":238.070602417,"dmean2":367.871459961,"dvar":122196.304688,"dvar2":269355.0625,"max":11661.8173828,"mean":1319.4876709,"median":1299.51159668,"min":97.8296356201,"var":814162.1875},"spectral_complexity":{"dmean":3.08755159378,"dmean2":4.65034770966,"dvar":20.1735782623,"dvar2":38.9345588684,"max":63,"mean":16.2559013367,"median":14,"min":0,"var":175.466751099},"spectral_contrast_coeffs":{"dmean":[0.0442325659096,0.0410438254476,0.0356118045747,0.028330789879,0.0190379340202,0.0135151389986],"dmean2":[0.0731412097812,0.0675640925765,0.057311091572,0.045145150274,0.0311444811523,0.0219655409455],"dvar":[0.00150767108425,0.00115617970005,0.00085045088781,0.000532025296707,0.000245560047915,0.000162207870744],"dvar2":[0.00398451043293,0.00312426127493,0.00216067722067,0.00130748900119,0.000627137429547,0.000408310996136],"max":[-0.373834013939,-0.427550345659,-0.48375672102,-0.554108738899,-0.602199852467,-0.659023761749],"mean":[-0.649320483208,-0.739140331745,-0.771606862545,-0.77861058712,-0.808509230614,-0.812965214252],"median":[-0.647030234337,-0.742086410522,-0.775964260101,-0.781090974808,-0.808228731155,-0.805734276772],"min":[-0.980706572533,-0.99915856123,-0.997426271439,-0.984813034534,-0.985788285732,-0.964513361454],"var":[0.0056185843423,0.00574345886707,0.005000251811,0.00353823928162,0.00207729521208,0.00196844618767]},"spectral_contrast_valleys":{"dmean":[0.356040775776,0.339183300734,0.306236475706,0.288680285215,0.263626396656,0.298386693001],"dmean2":[0.579526782036,0.550019979477,0.48193526268,0.438265651464,0.382643938065,0.376836210489],"dvar":[0.121572732925,0.103338189423,0.0863770991564,0.0939142182469,0.109692580998,0.197149217129],"dvar2":[0.274376004934,0.240189358592,0.183508053422,0.183829367161,0.201837658882,0.320434242487],"max":[-4.87486696243,-4.80489253998,-5.42961263657,-5.83249092102,-5.33708143234,-7.2115688324],"mean":[-7.47246599197,-7.8446688652,-8.26412963867,-8.51318836212,-8.27054595947,-10.1733160019],"median":[-7.05080604553,-7.22908973694,-7.5169506073,-7.77567863464,-7.41992378235,-9.46125602722],"min":[-27.7545776367,-27.6757297516,-27.6984157562,-27.7214317322,-27.4850273132,-27.4150390625],"var":[2.37963891029,3.32576847076,3.67390704155,3.71243548393,4.20346212387,4.23467350006]},"spectral_decrease":{"dmean":1.90378779408e-9,"dmean2":2.90436097394e-9,"dvar":1.41047777484e-17,"dvar2":3.00826497457e-17,"max":4.23282207895e-11,"mean":-5.87433302002e-9,"median":-4.44067183025e-9,"min":-5.55840813377e-8,"var":3.90291473922e-17},"spectral_energy":{"dmean":0.00783915352076,"dmean2":0.0118716973811,"dvar":0.000229097131523,"dvar2":0.000481917115394,"max":0.235175713897,"mean":0.0249047651887,"median":0.0189224798232,"min":1.01725395418e-20,"var":0.00067487731576},"spectral_energyband_high":{"dmean":0.00104528304655,"dmean2":0.00147907843348,"dvar":0.00000769635789766,"dvar2":0.0000175159293576,"max":0.0486236773431,"mean":0.00224989303388,"median":0.000724569777958,"min":7.21254642119e-21,"var":0.0000155856341735},"spectral_energyband_low":{"dmean":0.00532936258242,"dmean2":0.00820826832205,"dvar":0.000160679177498,"dvar2":0.000341564824339,"max":0.171347647905,"mean":0.0116279860958,"median":0.00695016235113,"min":2.16375931941e-23,"var":0.000286994531052},"spectral_energyband_middle_high":{"dmean":0.00135683314875,"dmean2":0.00209482968785,"dvar":0.00000646931221127,"dvar2":0.0000167012512975,"max":0.0560627877712,"mean":0.00443144375458,"median":0.00231556780636,"min":1.25304574598e-21,"var":0.000033788044675},"spectral_energyband_middle_low":{"dmean":0.00306883035228,"dmean2":0.00492263678461,"dvar":0.0000337089368259,"dvar2":0.0000845359099912,"max":0.10256177932,"mean":0.00783398095518,"median":0.00485715549439,"min":2.40916302919e-22,"var":0.0000916168937692},"spectral_entropy":{"dmean":0.195523038507,"dmean2":0.263052791357,"dvar":0.0798906832933,"dvar2":0.128162458539,"max":9.81703567505,"mean":7.50577783585,"median":7.87258052826,"min":3.96120333672,"var":1.0125015974},"spectral_flux":{"dmean":0.0186971947551,"dmean2":0.0292817335576,"dvar":0.000780186848715,"dvar2":0.00172618904617,"max":0.359410822392,"mean":0.0682014077902,"median":0.0595634058118,"min":6.39366476429e-11,"var":0.00308448076248},"spectral_kurtosis":{"dmean":1.83153688908,"dmean2":2.69711446762,"dvar":12.7410411835,"dvar2":24.6924781799,"max":101.77166748,"mean":6.26343774796,"median":2.70362186432,"min":-1.2583335638,"var":100.354072571},"spectral_rms":{"dmean":0.000634940806776,"dmean2":0.000934628129471,"dvar":8.80875177245e-7,"dvar2":0.00000173157536665,"max":0.0151472678408,"mean":0.00425757654011,"median":0.00429662130773,"min":3.15030618779e-12,"var":0.00000617044679529},"spectral_rolloff":{"dmean":912.383972168,"dmean2":1504.9362793,"dvar":4007541.25,"dvar2":8684813,"max":19293.75,"mean":2162.65649414,"median":1162.79296875,"min":43.06640625,"var":8780617},"spectral_skewness":{"dmean":0.235529407859,"dmean2":0.334070116282,"dvar":0.119364708662,"dvar2":0.209161832929,"max":8.46593379974,"mean":1.79898047447,"median":1.40704262257,"min":-0.0724570006132,"var":1.25946581364},"spectral_spread":{"dmean":912145,"dmean2":1251552.25,"dvar":2009587515390,"dvar2":3471263924220,"max":45868664,"mean":6557513.5,"median":6259168,"min":1169254,"var":9748476854270},"spectral_strongpeak":{"dmean":0.411726117134,"dmean2":0.728318750858,"dvar":1.37997961044,"dvar2":3.67442297935,"max":28.0832176208,"mean":0.60514241457,"median":0.293031841516,"min":0,"var":1.37914502621},"zerocrossingrate":{"dmean":0.0177112184465,"dmean2":0.0199658870697,"dvar":0.000701879383996,"dvar2":0.000869506970048,"max":0.57763671875,"mean":0.086202993989,"median":0.0751953125,"min":0.0029296875,"var":0.0047417934984}},"metadata":{"audio_properties":{"analysis_sample_rate":44100,"bit_rate":0,"codec":"flac","downmix":"mix","equal_loudness":0,"length":320.626678467,"lossless":true,"md5_encoded":"0f8eb62f5285679461660369d45457df","replay_gain":-6.20872688293},"tags":{"album":["Come Taste the Band"],"albumartist":["Deep Purple"],"albumartistsort":["Deep Purple"],"albumsort":["Come Taste the Band (2007-07-31, Deep Purple, 70cf5a89-a93e-4682-8eff-9dba8794c241)"],"artist":["Deep Purple"],"artists":["Deep Purple"],"artistsort":["Deep Purple"],"asin":["B000SQJ2JG"],"barcode":["829421105824"],"catalognumber":["829421-10582-4"],"composer":["Glenn Hughes","David Coverdale"],"composersort":["Hughes, Glenn","Coverdale, David"],"date":["2007-07-31"],"discnumber":["1"],"disctotal":["1"],"file_name":"10 - Deep Purple - You Keep on Moving.flac","genre":["Classic Hard Rock"],"label":["Friday Music"],"media":["CD"],"musicbrainz_albumartistid":["79491354-3d83-40e3-9d8e-7592d58d790a"],"musicbrainz_albumid":["70cf5a89-a93e-4682-8eff-9dba8794c241"],"musicbrainz_artistid":["79491354-3d83-40e3-9d8e-7592d58d790a"],"musicbrainz_recordingid":["4164a402-863d-43d1-9b06-9dd3ca38c2d8"],"musicbrainz_releasegroupid":["d12f085d-7861-36cd-a2fb-55a18ddc6e56"],"musicbrainz_releasetrackid":["7d1ecd38-57ee-39f6-9074-83819294028f"],"musicbrainz_workid":["c61e63ed-a249-3a9e-9606-7fbc9e692f35"],"musicip_puid":["36cc5bbd-ca5b-0831-9818-c4585b3544a1"],"originaldate":["1975-10"],"producer":["Deep Purple","Martin Birch"],"releasecountry":["US"],"releasestatus":["official"],"releasetype":["album"],"replaygain_album_gain":["-2.95 dB"],"replaygain_album_peak":["1.00000000"],"replaygain_track_gain":["-2.07 dB"],"replaygain_track_peak":["0.99996948"],"script":["Latn"],"title":["You Keep on Moving"],"totaldiscs":["1"],"totaltracks":["10"],"tracknumber":["10"],"tracktotal":["10"],"work":["You Keep on Moving"]},"ver