{"lowlevel":{"average_loudness":0.928191661835,"barkbands":{"dmean":[0.000196222841623,0.00347131770104,0.00220230431296,0.000972393900156,0.000995344365947,0.00122651935089,0.000988752231933,0.00214551854879,0.00184232904576,0.00109678716399,0.000477305438835,0.000671866117045,0.000540543114766,0.000651119102258,0.000418292445829,0.000358570774551,0.000319054757711,0.000125161124743,0.00013958477939,0.0000905350389075,0.0000844012247398,0.000115014030598,0.000101214456663,0.0000769631733419,0.0000439482246293,0.0000195252105186,0.00000319153514283],"dmean2":[0.000321345927659,0.00533254118636,0.0039292355068,0.00166144268587,0.00168410351034,0.00200572726317,0.0016284242738,0.00344308558851,0.00287841283716,0.00174394273199,0.000761182745919,0.00106500508264,0.000860654516146,0.00105131661985,0.000691582623404,0.000583825516514,0.000526013667695,0.000207725272048,0.000231149635511,0.000148838051246,0.000137451701448,0.000180272079888,0.000150964566274,0.000118443866086,0.0000674332259223,0.0000285825790343,0.00000468220105176],"dvar":[1.598118331e-7,0.0000618198246229,0.0000244442217081,0.00000165089602433,0.00000190669607036,0.00000652881999486,0.00000419631487603,0.0000239995915763,0.0000131707201945,0.00000642978284304,0.00000143671479691,0.00000109331926978,8.71415068104e-7,0.00000171282238171,3.98846935923e-7,2.86162901375e-7,1.71981952235e-7,3.43264154878e-8,3.86051723922e-8,1.84682917848e-8,2.3838451213e-8,1.0071678247e-7,1.33998668161e-7,1.41769291417e-7,3.79735318745e-8,4.42413750079e-9,3.90960978869e-11],"dvar2":[4.02319699333e-7,0.000137364724651,0.000070251422585,0.00000460875025965,0.00000534474975211,0.00001649328442,0.0000107668329292,0.0000630038412055,0.0000330744987878,0.0000172687996383,0.00000338028030455,0.00000271084286396,0.00000212182794712,0.00000437308426626,0.0000010459123132,7.24914627881e-7,4.60752346498e-7,8.77088908169e-8,9.68088045283e-8,4.72742911484e-8,5.92676983047e-8,2.15925467728e-7,2.60848480593e-7,3.20682374877e-7,8.43544896156e-8,8.93798191015e-9,8.52520345984e-11],"max":[0.00327529991046,0.0711045414209,0.0442574955523,0.0139459222555,0.018482381478,0.0540015138686,0.0469633303583,0.073782324791,0.0702727511525,0.0529351346195,0.0297778006643,0.0280060637742,0.0261697843671,0.0312020722777,0.0143229868263,0.00940695591271,0.00829352717847,0.00376578955911,0.00448657386005,0.00293062115088,0.00358479632996,0.00851150602102,0.00934369117022,0.0140529861674,0.00567804602906,0.00216263742186,0.000253578356933],"mean":[0.000203324350878,0.00386962736957,0.00298562645912,0.00176029081922,0.00202424288727,0.00197879504412,0.00163309730124,0.00428009126335,0.00366435921751,0.00214803917333,0.000825884169899,0.00127689202782,0.00106962153222,0.00129346642643,0.000817378459033,0.0007348608342,0.000678977346979,0.000250193406828,0.000310525967507,0.00019532047736,0.00018030233332,0.000227156153414,0.000184918040759,0.000138164716191,0.0000838841806399,0.0000407774496125,0.00000722950244381],"median":[0.0000477187240904,0.000938724842854,0.00193954096176,0.00127862254158,0.00153768039308,0.000890858413186,0.000681388599332,0.000967654923443,0.00122130080126,0.000951120280661,0.000311143754516,0.000807148928288,0.00055535195861,0.000506994489115,0.000527334166691,0.000439215771621,0.000497686967719,0.000180405535502,0.00023172715737,0.000142119955854,0.00011978031398,0.000107701409434,0.0000620512000751,0.0000416602233599,0.0000299035582429,0.0000155301622726,0.00000298239524454],"min":[1.04257780082e-25,1.83726138699e-24,4.19170363193e-25,1.08917936437e-24,1.00368808232e-23,5.50427617732e-24,7.51761802368e-24,4.90759322709e-24,1.32656395989e-23,1.79065130375e-23,1.10701024379e-23,1.95369938653e-23,4.02444111893e-23,2.46620795938e-23,4.19727360129e-23,5.05120795813e-23,6.49154396213e-23,9.23483111032e-23,8.58958138626e-23,1.25254072354e-22,2.6483395972e-22,3.26969920517e-22,4.07930803572e-22,6.01899507532e-22,8.85103349297e-22,1.21242110067e-21,1.87665834069e-21],"var":[1.61340693694e-7,0.0000690228844178,0.0000177822475962,0.00000310560653816,0.0000034765989767,0.00000977520903689,0.0000111460594781,0.0000745831566746,0.0000421938566433,0.0000171180672623,0.00000378673234991,0.00000243754993789,0.00000259594230556,0.00000576289448873,9.40716176956e-7,7.66970515542e-7,4.24901884344e-7,6.7746064758e-8,8.85648105964e-8,3.71334465399e-8,4.74668624406e-8,2.59559698179e-7,3.29665425625e-7,2.49696768151e-7,7.61905525337e-8,1.22130892066e-8,1.16363536862e-10]},"barkbands_crest":{"dmean":2.39548897743,"dmean2":3.87336182594,"dvar":5.5819606781,"dvar2":13.0524301529,"max":26.0457267761,"mean":8.71794986725,"median":7.59296798706,"min":2.26558065414,"var":15.9394369125},"barkbands_flatness_db":{"dmean":0.0168090816587,"dmean2":0.0257916208357,"dvar":0.000319069600664,"dvar2":0.000696601287927,"max":0.418932080269,"mean":0.106787368655,"median":0.103354565799,"min":0.0200884398073,"var":0.0015372732887},"barkbands_kurtosis":{"dmean":1.63773989677,"dmean2":2.65759944916,"dvar":115.150444031,"dvar2":279.040161133,"max":794.426147461,"mean":1.70562791824,"median":0.635942935944,"min":-1.86024928093,"var":133.38710022},"barkbands_skewness":{"dmean":0.392231911421,"dmean2":0.612966358662,"dvar":0.268884003162,"dvar2":0.625617146492,"max":25.3495521545,"mean":0.903541564941,"median":0.858277499676,"min":-2.1872253418,"var":0.901254534721},"barkbands_spread":{"dmean":4.42404079437,"dmean2":6.77258491516,"dvar":31.700094223,"dvar2":61.8417854309,"max":118.751998901,"mean":21.4502925873,"median":19.2499408722,"min":0.534319579601,"var":136.454040527},"dissonance":{"dmean":0.0186124965549,"dmean2":0.0316358134151,"dvar":0.000325762812281,"dvar2":0.000885558663867,"max":0.500000059605,"mean":0.466817140579,"median":0.474551022053,"min":0.279872059822,"var":0.000724716228433},"dynamic_complexity":2.36943411827,"erbbands":{"dmean":[0.118776403368,0.813516318798,2.32800865173,3.04168891907,2.99540686607,3.44860363007,6.78959226608,11.1653966904,13.6845493317,20.3707275391,49.3186912537,33.9955825806,48.3571205139,23.08411026,20.3800315857,30.6495933533,21.9438381195,36.2521476746,22.791097641,16.9310359955,18.21991539,13.1995363235,7.87058210373,6.5278301239,6.68555498123,4.11117124557,3.40426564217,3.4095723629,4.01862192154,3.92466163635,2.72873783112,1.77297544479,1.25276839733,0.61983281374,0.26818010211,0.10535274446,0.0357476063073,0.00558919878677,0.000500913825817,0.000029018290661],"dmean2":[0.178356915712,1.3336275816,4.21086788177,5.25432109833,5.10150814056,5.87653207779,10.9401483536,18.5666790009,23.4881782532,32.026725769,79.3972473145,53.6546401978,77.8466491699,35.9665336609,32.7029037476,48.2395706177,34.7595405579,58.6442184448,37.5842552185,27.7125225067,29.8492832184,21.6125717163,13.0136928558,10.7911758423,11.0370140076,6.74951553345,5.60461616516,5.49914884567,6.39097309113,5.97397327423,4.02301740646,2.7192838192,1.94082927704,0.961985647678,0.41009375453,0.156628862023,0.0532334633172,0.00825957860798,0.00073120376328,0.0000421275726694],"dvar":[0.0687112435699,3.90421247482,33.6151161194,19.7146434784,17.0243110657,26.1640396118,149.114334106,706.628723145,856.210754395,2521.18164062,15087.3232422,4358.90380859,12583.9550781,2117.20214844,2070.0637207,2517.30273438,1340.68273926,5352.06396484,1086.0567627,736.517883301,612.532836914,299.587860107,118.744628906,87.2123565674,92.2894973755,39.925945282,34.7290840149,46.2391242981,106.621963501,189.723999023,99.5991363525,61.3488426208,43.6648521423,8.48147583008,1.27047526836,0.161278441548,0.0136129576713,0.000165690711583,9.26042503124e-7,2.10091744002e-9],"dvar2":[0.137470796704,10.0615730286,96.5708770752,56.0302619934,48.0665969849,73.6329421997,361.514312744,1787.52832031,2314.13110352,6423.00927734,39533.5429688,10791.0820312,33795.7539062,5383.83740234,5041.36474609,6185.63183594,3174.61767578,13905.734375,2819.37011719,1888.64221191,1604.88671875,780.267883301,303.989349365,228.440216064,227.920059204,103.157661438,89.7496795654,109.4659729,230.674255371,401.922271729,191.286682129,135.596008301,100.772644043,19.3571815491,2.74776411057,0.331731587648,0.0284399744123,0.000334974669386,0.00000204184834729,4.68480720883e-9],"max":[2.13331747055,17.0361785889,48.220123291,47.7990722656,72.1231307983,80.3858566284,258.146728516,678.210266113,773.439025879,1282.64013672,2071.75317383,1272.56152344,2080.46118164,1550.0045166,1310.31811523,1383.76855469,1016.13262939,1826.74560547,671.345458984,569.021484375,458.189331055,410.534240723,240.715682983,152.127716064,243.239318848,133.148422241,123.857849121,208.516647339,230.045669556,364.811981201,238.40486145,258.304229736,218.982421875,76.9504013062,38.0654563904,15.15990448,4.19340848923,0.644847095013,0.0349542424083,0.00158920290414],"mean":[0.126245617867,0.83282738924,2.82721686363,5.73237848282,5.68275880814,6.44770431519,11.9357452393,16.4532642365,20.6863956451,43.6319961548,99.1166000366,70.1525344849,102.491279602,48.744392395,41.8840332031,59.2159156799,48.6460113525,77.9232711792,46.9517364502,37.9000244141,41.1138687134,30.7581748962,17.8576164246,15.0545272827,14.5828428268,9.1215877533,7.30424165726,7.17933177948,7.92637252808,7.2929186821,4.92967796326,3.08620500565,2.17978715897,1.12044858932,0.513117611408,0.214194849133,0.0714517310262,0.0121573684737,0.00116261455696,0.0000966784427874],"median":[0.0256390757859,0.239496216178,1.72774338722,4.56444263458,4.46639156342,4.63185834885,5.34288787842,7.06597232819,11.0028419495,12.360575676,24.8507575989,28.6159591675,36.7036781311,26.0440177917,21.5858249664,37.8326339722,28.6216468811,32.8912124634,31.4260482788,24.4277667999,28.1920394897,23.7623062134,13.617515564,11.188211441,10.7691078186,6.65971517563,5.1235704422,4.34636116028,3.91574168205,2.64297604561,1.65915942192,1.05092585087,0.57793289423,0.36279848218,0.187603279948,0.0802624002099,0.026042830199,0.00482902536169,0.000491572136525,0.0000725579302525],"min":[7.07061772257e-23,6.58664827556e-22,1.32814035642e-21,8.3572601836e-21,9.14042493248e-21,2.94847010693e-20,3.61208576999e-20,6.99646939685e-20,1.17772773618e-19,1.62592508209e-19,2.33617544325e-19,4.05778852011e-19,5.33334212521e-19,5.65900778526e-19,8.40348345628e-19,1.42188521588e-18,2.27515220982e-18,1.5313517132e-18,1.89520437303e-18,2.71001594709e-18,3.79796173223e-18,5.32671475414e-18,4.9283118975e-18,6.16905800091e-18,5.82806437391e-18,6.93358795387e-18,9.00451609468e-18,1.00370409856e-17,1.13793268179e-17,1.12688494025e-17,1.19459711801e-17,1.030342623e-17,7.9748664836e-18,8.47623802366e-18,6.05775836795e-18,4.3655883714e-18,2.22031530508e-18,9.61937536722e-19,2.42172116974e-19,2.75577902947e-20],"var":[0.0846471562982,3.33791565895,21.8720550537,29.0369567871,27.8618087769,40.4993209839,363.571746826,947.871276855,1236.75061035,10587.8095703,45508.8320312,12191.4677734,37385.03125,8476.96875,5739.14453125,5411.38720703,4210.29736328,18655.2636719,2625.06347656,1924.14868164,1748.86755371,789.351135254,278.738342285,196.774551392,207.731704712,78.2365188599,62.954246521,98.3411560059,269.018707275,466.365936279,239.440048218,105.958236694,76.0821914673,15.7844457626,2.69246268272,0.43714427948,0.0338893346488,0.00045996074914,0.00000286658928417,7.44374828443e-9]},"erbbands_crest":{"dmean":2.52052235603,"dmean2":4.094414711,"dvar":6.27799940109,"dvar2":15.9363460541,"max":28.6395168304,"mean":9.69844245911,"median":8.10882759094,"min":2.23118853569,"var":28.8603439331},"erbbands_flatness_db":{"dmean":0.0154734170064,"dmean2":0.0230730529875,"dvar":0.000248717347858,"dvar2":0.000519625842571,"max":0.315996736288,"mean":0.161099210382,"median":0.15722873807,"min":0.025706762448,"var":0.00229877000675},"erbbands_kurtosis":{"dmean":0.765547573566,"dmean2":1.22997295856,"dvar":1.01974391937,"dvar2":2.60402750969,"max":20.3715515137,"mean":0.704012572765,"median":0.0799610614777,"min":-1.57152366638,"var":3.59260654449},"erbbands_skewness":{"dmean":0.314656406641,"dmean2":0.498932868242,"dvar":0.0829828009009,"dvar2":0.206704124808,"max":3.49612021446,"mean":0.339411526918,"median":0.249726668,"min":-1.95587611198,"var":0.475424557924},"erbbands_spread":{"dmean":5.36825704575,"dmean2":8.38695240021,"dvar":39.073184967,"dvar2":86.2372436523,"max":131.616744995,"mean":29.2229251862,"median":26.2566757202,"min":5.87827157974,"var":209.573104858},"gfcc":{"cov":[[23695.0332031,777.456604004,-1717.47924805,389.990997314,-1312.35546875,403.201873779,-730.137329102,104.099494934,-402.747039795,68.1393203735,-468.922393799,6.32857275009,-375.138946533],[777.456604004,1030.05004883,-281.257324219,-9.13894081116,161.819625854,-27.1161575317,125.646270752,17.2152576447,47.7332954407,-17.5802574158,37.1163978577,-61.7862014771,3.47615909576],[-1717.47924805,-281.257324219,1068.53735352,196.049972534,166.620559692,211.107040405,66.3578338623,31.7437152863,18.1764984131,69.9720687866,4.10267686844,31.5201282501,-38.9804840088],[389.990997314,-9.13894081116,196.049972534,268.259246826,41.565700531,79.6438293457,-1.94666397572,5.47833538055,2.586332798,-5.87322282791,18.1957912445,14.5831956863,3.43059873581],[-1312.35546875,161.819625854,166.620559692,41.565700531,288.15045166,36.9811859131,105.709136963,16.8733825684,27.4923191071,18.9295845032,39.2566947937,1.60029661655,32.2091407776],[403.201873779,-27.1161575317,211.107040405,79.6438293457,36.9811859131,236.949661255,70.3970870972,55.9364776611,19.1212501526,30.2332363129,-6.71870517731,-1.98244869709,-8.49960231781],[-730.137329102,125.646270752,66.3578338623,-1.94666397572,105.709136963,70.3970870972,185.031326294,54.2834320068,36.6042060852,9.35784339905,28.6939525604,-8.14243888855,13.1965484619],[104.099494934,17.2152576447,31.7437152863,5.47833538055,16.8733825684,55.9364776611,54.2834320068,95.7927474976,41.029876709,20.2466926575,5.06574106216,-3.41935396194,-1.1321721077],[-402.747039795,47.7332954407,18.1764984131,2.586332798,27.4923191071,19.1212501526,36.6042060852,41.029876709,103.40133667,35.1875076294,23.0561561584,-11.7527494431,5.75300550461],[68.1393203735,-17.5802574158,69.9720687866,-5.87322282791,18.9295845032,30.2332363129,9.35784339905,20.2466926575,35.1875076294,78.0518722534,20.9384899139,7.84835290909,-8.63237571716],[-468.922393799,37.1163978577,4.10267686844,18.1957912445,39.2566947937,-6.71870517731,28.6939525604,5.06574106216,23.0561561584,20.9384899139,80.8982391357,26.8908748627,20.4886722565],[6.32857275009,-61.7862014771,31.5201282501,14.5831956863,1.60029661655,-1.98244869709,-8.14243888855,-3.41935396194,-11.7527494431,7.84835290909,26.8908748627,67.7848510742,27.7407360077],[-375.138946533,3.47615909576,-38.9804840088,3.43059873581,32.2091407776,-8.49960231781,13.1965484619,-1.1321721077,5.75300550461,-8.63237571716,20.4886722565,27.7407360077,72.5078659058]],"icov":[[0.000249044882366,-0.000439458002802,0.000548895215616,-0.000746457837522,0.000777297886088,-0.000724381476175,0.000652365910355,-0.000682579411659,0.00103381299414,-0.00129241042305,0.00133355602156,-0.00107372540515,0.000878460064996],[-0.000439458002802,0.00219725025818,-0.000391863199184,0.00103971979115,-0.00224800035357,0.00131267530378,-0.00179543544073,0.00141417246778,-0.00212615798227,0.00250304746442,-0.00274176662788,0.0027698923368,-0.000955817988142],[0.000548895215616,-0.000391863199184,0.0029472084716,-0.00249745394103,0.000527343479916,-0.00243980041705,0.00111203256529,-0.00104312039912,0.00206026085652,-0.00360452360474,0.00354622281156,-0.00330597767606,0.00349246920086],[-0.000746457837522,0.00103971979115,-0.00249745394103,0.00737397139892,-0.00265211705118,0.000408059655456,-0.000286532769678,0.00199174345471,-0.00353947980329,0.00628522364423,-0.0059206308797,0.00283580692485,-0.00267700850964],[0.000777297886088,-0.00224800035357,0.000527343479916,-0.00265211705118,0.00839253515005,-0.00155975366943,-0.000405319529818,-0.00152863003314,0.0036856373772,-0.00519959116355,0.0032122428529,-0.00205327803269,-0.000356311618816],[-0.000724381476175,0.00131267530378,-0.00243980041705,0.000408059655456,-0.00155975366943,0.0091411517933,-0.00430416688323,-0.000518478802405,-0.00201052473858,0.00133410072885,-0.00186704134103,0.00359026505612,-0.00312964688055],[0.000652365910355,-0.00179543544073,0.00111203256529,-0.000286532769678,-0.000405319529818,-0.00430416688323,0.0116691300645,-0.00553086632863,0.00209693657234,-0.000883809640072,0.000358796474757,-0.00154099205974,0.00175457797013],[-0.000682579411659,0.00141417246778,-0.00104312039912,0.00199174345471,-0.00152863003314,-0.000518478802405,-0.00553086632863,0.017909983173,-0.00799351837486,0.00241136364639,-0.00189427356236,0.00132932013366,-0.00140178319998],[0.00103381299414,-0.00212615798227,0.00206026085652,-0.00353947980329,0.0036856373772,-0.00201052473858,0.00209693657234,-0.00799351837486,0.0196859054267,-0.0113640669733,0.00232739071362,0.00113913521636,0.000337991368724],[-0.00129241042305,0.00250304746442,-0.00360452360474,0.00628522364423,-0.00519959116355,0.00133410072885,-0.000883809640072,0.00241136364639,-0.0113640669733,0.0263846591115,-0.0114683257416,0.00243862997741,-0.0000266783335974],[0.00133355602156,-0.00274176662788,0.00354622281156,-0.0059206308797,0.0032122428529,-0.00186704134103,0.000358796474757,-0.00189427356236,0.00232739071362,-0.0114683257416,0.0266656763852,-0.0134816840291,0.00354984006844],[-0.00107372540515,0.0027698923368,-0.00330597767606,0.00283580692485,-0.00205327803269,0.00359026505612,-0.00154099205974,0.00132932013366,0.00113913521636,0.00243862997741,-0.0134816840291,0.0289344284683,-0.0130258118734],[0.000878460064996,-0.000955817988142,0.00349246920086,-0.00267700850964,-0.000356311618816,-0.00312964688055,0.00175457797013,-0.00140178319998,0.000337991368724,-0.0000266783335974,0.00354984006844,-0.0130258118734,0.0237872488797]],"mean":[18.0230197906,85.5353851318,-128.006774902,13.6487483978,-52.2624588013,11.993180275,-31.8780021667,6.01380681992,-19.8753738403,0.943251013756,-21.252620697,-2.64713048935,-15.0731067657]},"hfc":{"dmean":6.70375061035,"dmean2":10.7182331085,"dvar":96.4237442017,"dvar2":222.887435913,"max":211.326370239,"mean":28.9339427948,"median":25.0377159119,"min":1.08299879013e-16,"var":361.86907959},"melbands":{"dmean":[0.000969448301475,0.0011590779759,0.000492187566124,0.000227782031288,0.000208459590795,0.000244006645516,0.000207032353501,0.000261079811025,0.000385159422876,0.000242822032305,0.000243256145041,0.0000979648975772,0.0000689690568834,0.0000791844358901,0.0000537418709428,0.0000600146231591,0.000068855821155,0.0000373756338377,0.0000260566703219,0.0000277986891888,0.000023046419301,0.0000158570474014,0.0000135246873469,0.00000687522970111,0.00000577443643124,0.00000564211268284,0.00000423219898948,0.00000271756357506,0.0000023130264708,0.00000219775961341,0.00000212364534491,0.00000233273931372,0.00000257931401393,0.00000221164327741,0.00000175839841177,0.00000130226817419,0.0000010716506722,9.17358249808e-7,7.92514583736e-7,4.90963373068e-7],"dmean2":[0.00147480994929,0.00204783934169,0.000850260839798,0.00038848517579,0.000337684818078,0.000404181279009,0.000350790971424,0.000407786486903,0.000617277459241,0.000381657853723,0.00039113490493,0.000152605280164,0.000109738452011,0.000126049504615,0.0000838888154249,0.0000956771546043,0.00011120315321,0.0000612420699326,0.0000428586936323,0.0000454380970041,0.0000378999284294,0.0000260534161498,0.000022644719138,0.0000115245120469,0.00000961609021033,0.00000937161348702,0.0000069740303843,0.0000045206361392,0.00000386980173062,0.00000361871389032,0.00000346140063812,0.00000378350659958,0.00000404504726248,0.00000339665234605,0.00000263511788035,0.00000198063935386,0.00000168837698311,0.00000142622911881,0.00000124898031117,7.7141072552e-7],"dvar":[0.0000046140635277,0.00000852132325235,4.85505097458e-7,1.03644303806e-7,1.25038013721e-7,3.07226713403e-7,1.85853423318e-7,3.68535950201e-7,9.26856273509e-7,2.41709642523e-7,3.10914515467e-7,3.88068102097e-8,2.98333162618e-8,1.44034819627e-8,7.12183467755e-9,1.0361498326e-8,2.01578895798e-8,3.38076078243e-9,2.30971974879e-9,2.14961159983e-9,1.00317176788e-9,4.71838124128e-10,3.55670659591e-10,9.97063126507e-11,7.05503849785e-11,7.61214563605e-11,3.70153213636e-11,1.83676181903e-11,1.53277043835e-11,1.50993141601e-11,1.85496635413e-11,3.10695288941e-11,7.132883173e-11,6.46050435371e-11,4.24253236708e-11,2.99566656203e-11,2.38730927388e-11,2.31406456497e-11,1.63990800106e-11,5.32963994118e-12],"dvar2":[0.00000931349404709,0.000023951755793,0.00000138021050589,2.93389120998e-7,3.08143512484e-7,7.80734467298e-7,4.99978909829e-7,9.54638608164e-7,0.00000239936525759,6.12344365436e-7,8.35677553823e-7,9.76717942081e-8,7.15868821999e-8,3.54090019528e-8,1.69786833482e-8,2.541444033e-8,5.25222212389e-8,8.73813554847e-9,6.20888851444e-9,5.38368682967e-9,2.68275113235e-9,1.20599785713e-9,9.54051171398e-10,2.63164573466e-10,1.85634022043e-10,1.88300930404e-10,9.32208893412e-11,4.83405537821e-11,4.06827002641e-11,3.77630461623e-11,4.46124873155e-11,7.13831493915e-11,1.56051144229e-10,1.40900222045e-10,8.46446454594e-11,6.20941076335e-11,5.58064601475e-11,5.43585280954e-11,3.86599328939e-11,1.24964292386e-11],"max":[0.0180926211178,0.0235697440803,0.00739130564034,0.00482992921025,0.00684040412307,0.013136821799,0.0112526258454,0.0140786133707,0.0165134072304,0.0087626921013,0.0100953802466,0.00660255178809,0.00443995697424,0.00271639903076,0.0024814712815,0.00268158037215,0.00311384303495,0.00115980522241,0.00146739999764,0.000947735738009,0.000513009377755,0.000505021947902,0.000317482918035,0.000159104689374,0.000147712984472,0.000242129273829,0.000144457852002,0.0000714950510883,0.0000604346714681,0.000102885729575,0.000146268532262,0.000133944427944,0.000226329779252,0.000238477950916,0.000174102984602,0.000162689262652,0.00016416546714,0.000163099175552,0.000127233361127,0.0000725425124983],"mean":[0.00110015796963,0.0013779666042,0.000974652939476,0.000439455412561,0.000378945434932,0.000367638131138,0.000322282925481,0.000540449633263,0.000761922565289,0.000488405697979,0.000509505101945,0.000191478116903,0.000127714622067,0.000156554509886,0.000107320782263,0.000126339116832,0.000141506578075,0.0000707192739355,0.0000530538527528,0.0000551029042981,0.0000472344654554,0.0000331964984071,0.0000245318060479,0.0000126166160044,0.0000118577463581,0.0000116449737106,0.00000856554470374,0.00000542274983673,0.00000455156623502,0.0000042644851419,0.00000412341296396,0.00000435940000898,0.00000462434354631,0.00000386262809116,0.00000303363503917,0.00000215784780266,0.00000174315903223,0.00000149792663251,0.00000133325352181,8.33055480598e-7],"median":[0.000255219754763,0.000812723359559,0.000835112703498,0.000335943885148,0.00018970988458,0.00016352935927,0.000163644683198,0.00014532826026,0.000184136762982,0.000174927001353,0.000180361181265,0.0000939919773373,0.0000532691774424,0.0000999907642836,0.0000681324090692,0.000061246639234,0.0000554652215214,0.0000430485670222,0.0000340212609444,0.0000312870106427,0.0000313009732054,0.0000241072320932,0.0000170637486008,0.00000877116781339,0.00000834701768326,0.00000840180109662,0.00000609622065895,0.00000369390522792,0.00000319133823723,0.00000265262201538,0.00000245049091063,0.00000223921347242,0.00000177720914962,0.00000131755678012,9.94690708467e-7,7.02465627e-7,5.79688617108e-7,3.87116330103e-7,3.50924295844e-7,2.76788370002e-7],"min":[1.18417468483e-24,1.01240604057e-24,1.33061418872e-24,1.07628691199e-24,1.41356133518e-24,1.29978185606e-24,2.01648920415e-24,1.70078056178e-24,2.36956697647e-24,2.15606788614e-24,1.93324268498e-24,2.25334528259e-24,2.22005594404e-24,2.86321049298e-24,2.42196942868e-24,4.07733171827e-24,2.02064728999e-24,2.47777305468e-24,3.06757201022e-24,3.45315420449e-24,4.55453300693e-24,4.17630181301e-24,3.74625547382e-24,4.25081169766e-24,3.97542114451e-24,3.18692725683e-24,4.42906586325e-24,4.36132361631e-24,4.62950516408e-24,4.73368095193e-24,4.91175565166e-24,4.97059205341e-24,6.08095006511e-24,5.52218292544e-24,5.50702456871e-24,5.96145144304e-24,5.6364797987e-24,5.26725424088e-24,5.83574724665e-24,6.66362797326e-24],"var":[0.00000568660152567,0.00000583656901654,7.02397528585e-7,1.66230762488e-7,2.97882024825e-7,4.21093830028e-7,3.04869075762e-7,0.00000142395697367,0.00000280445601675,7.29386044895e-7,9.22746551169e-7,1.5629551342e-7,8.20342265229e-8,3.43816353165e-8,1.88957756109e-8,3.61615448696e-8,6.82774015104e-8,7.84101406026e-9,5.31161914452e-9,5.37129141165e-9,2.65995114823e-9,1.11067466335e-9,6.87353007844e-10,1.77553985403e-10,1.46748724283e-10,1.54659576812e-10,7.85760137512e-11,3.20444122626e-11,2.46576873503e-11,2.91454742285e-11,3.61142747651e-11,6.76588091109e-11,1.70412600697e-10,1.44714129569e-10,9.45034259181e-11,5.64756887089e-11,3.62762493655e-11,3.7581247142e-11,2.83932495571e-11,9.01903465106e-12]},"melbands_crest":{"dmean":3.15551400185,"dmean2":5.06365251541,"dvar":9.17468547821,"dvar2":20.7818946838,"max":39.6879463196,"mean":12.2349300385,"median":11.0939378738,"min":1.51269328594,"var":29.2521648407},"melbands_flatness_db":{"dmean":0.0211925208569,"dmean2":0.0319093354046,"dvar":0.000557563034818,"dvar2":0.00113065133337,"max":0.47287863493,"mean":0.168182343245,"median":0.165030807257,"min":0.00369851570576,"var":0.00299113197252},"melbands_kurtosis":{"dmean":3.61071634293,"dmean2":5.79148387909,"dvar":516.341308594,"dvar2":1187.65100098,"max":1944.52429199,"mean":5.43292093277,"median":2.78932666779,"min":-1.44621324539,"var":662.124694824},"melbands_skewness":{"dmean":0.509766578674,"dmean2":0.79629611969,"dvar":0.541670978069,"dvar2":1.22767424583,"max":37.660697937,"mean":1.57352018356,"median":1.37277960777,"min":-0.959707915783,"var":1.72700858116},"melbands_spread":{"dmean":6.26372098923,"dmean2":9.74043560028,"dvar":64.1306838989,"dvar2":134.448989868,"max":195.985153198,"mean":27.8839359283,"median":24.9836273193,"min":0.307066887617,"var":341.7371521},"mfcc":{"cov":[[7545.01513672,444.658843994,236.757141113,-16.7589454651,-94.4794540405,63.9025878906,-155.347061157,-9.47264862061,-20.5979557037,-19.5897464752,14.7466592789,-17.8197784424,-75.3629760742],[444.658843994,1136.99523926,-271.830871582,83.6457672119,14.9356441498,36.4273605347,69.9945144653,37.0993003845,39.9983673096,53.3507537842,47.815410614,30.1231002808,3.7712700367],[236.757141113,-271.830871582,733.921020508,56.6086578369,134.715652466,152.116088867,59.6319236755,46.353099823,18.7016181946,37.7452812195,36.0251159668,13.674282074,17.5059719086],[-16.7589454651,83.6457672119,56.6086578369,198.795120239,73.0938415527,33.3327674866,31.0525398254,14.1247596741,-9.79884147644,-2.67067527771,-13.3469963074,3.54948592186,17.5977954865],[-94.4794540405,14.9356441498,134.715652466,73.0938415527,171.448394775,72.1576461792,38.0343971252,12.853053093,13.6242961884,22.6350536346,-0.776884675026,11.3810405731,14.2463254929],[63.9025878906,36.4273605347,152.116088867,33.3327674866,72.1576461792,149.483276367,76.0608673096,35.7298736572,28.5755004883,30.7206897736,21.0832595825,20.1519832611,-2.05308675766],[-155.347061157,69.9945144653,59.6319236755,31.0525398254,38.0343971252,76.0608673096,143.464248657,61.8013954163,29.3171653748,25.7942371368,22.8534488678,15.3958702087,-9.74394607544],[-9.47264862061,37.0993003845,46.353099823,14.1247596741,12.853053093,35.7298736572,61.8013954163,97.4088058472,39.2297935486,27.5187530518,18.5264892578,7.49480009079,-1.17578876019],[-20.5979557037,39.9983673096,18.7016181946,-9.79884147644,13.6242961884,28.5755004883,29.3171653748,39.2297935486,85.6588897705,44.4835166931,22.0039596558,12.1828527451,-6.36699581146],[-19.5897464752,53.3507537842,37.7452812195,-2.67067527771,22.6350536346,30.7206897736,25.7942371368,27.5187530518,44.4835166931,91.9609146118,47.2463874817,16.5869674683,-4.21519374847],[14.7466592789,47.815410614,36.0251159668,-13.3469963074,-0.776884675026,21.0832595825,22.8534488678,18.5264892578,22.0039596558,47.2463874817,83.7942962646,31.8400020599,1.40744125843],[-17.8197784424,30.1231002808,13.674282074,3.54948592186,11.3810405731,20.1519832611,15.3958702087,7.49480009079,12.1828527451,16.5869674683,31.8400020599,69.9642410278,28.5034160614],[-75.3629760742,3.7712700367,17.5059719086,17.5977954865,14.2463254929,-2.05308675766,-9.74394607544,-1.17578876019,-6.36699581146,-4.21519374847,1.40744125843,28.5034160614,74.2555084229]],"icov":[[0.000156092399266,-0.000110017048428,-0.000117575014883,2.46312652052e-7,0.00015712811728,-0.000172200729139,0.000366455700714,-0.000118163516163,0.0000547745185031,0.0000850552460179,0.0000163989552675,-0.0000681150268065,0.000238337524934],[-0.000110017048428,0.00123730965424,0.000746171630453,-0.000575386744458,-0.000162482145242,-0.000370950292563,-0.000499705725815,0.0000178432073881,-0.000202805531444,-0.000368047971278,-0.000653588911518,0.000118275391287,-0.000329717324348],[-0.000117575014883,0.000746171630453,0.00236868439242,-0.000288463255856,-0.00107243889943,-0.00186353444587,0.000117786657938,-0.000550425727852,0.000277708953945,-0.00010287384066,-0.0012192359427,0.000778802146669,-0.000744184071664],[2.46312652052e-7,-0.000575386744458,-0.000288463255856,0.00666619092226,-0.00246785371564,0.000183865166036,-0.000775883265305,-0.000797449669335,0.00154547742568,0.0001581030956,0.00132388714701,0.0000826046525617,-0.00103353569284],[0.00015712811728,-0.000162482145242,-0.00107243889943,-0.00246785371564,0.00940880086273,-0.00289535243064,-0.000170507701114,0.00125524168834,-0.000502539100125,-0.00201344536617,0.00214470690116,-0.000379077973776,-0.00093479588395],[-0.000172200729139,-0.000370950292563,-0.00186353444587,0.000183865166036,-0.00289535243064,0.0131979789585,-0.00514081027359,0.000574833247811,-0.00127468106803,-0.000687141902745,0.000500093621667,-0.00209815753624,0.00114235375077],[0.000366455700714,-0.000499705725815,0.000117786657938,-0.000775883265305,-0.000170507701114,-0.00514081027359,0.0135535113513,-0.00652260053903,0.000516921340022,0.000882769410964,-0.00106714386493,-0.00139189104084,0.00276816519909],[-0.000118163516163,0.0000178432073881,-0.000550425727852,-0.000797449669335,0.00125524168834,0.000574833247811,-0.00652260053903,0.0168737974018,-0.00562707753852,-0.000918885518331,-0.000508443568833,0.00149600766599,-0.00171499978751],[0.0000547745185031,-0.000202805531444,0.000277708953945,0.00154547742568,-0.000502539100125,-0.00127468106803,0.000516921340022,-0.00562707753852,0.0185349639505,-0.0071917315945,0.00156244449317,-0.00197164411657,0.0015822959831],[0.0000850552460179,-0.000368047971278,-0.00010287384066,0.0001581030956,-0.00201344536617,-0.000687141902745,0.000882769410964,-0.000918885518331,-0.0071917315945,0.0201039686799,-0.00949072744697,0.00108077481855,0.000849978765473],[0.0000163989552675,-0.000653588911518,-0.0012192359427,0.00132388714701,0.00214470690116,0.000500093621667,-0.00106714386493,-0.000508443568833,0.00156244449317,-0.00949072744697,0.0213798433542,-0.00824538059533,0.00183282210492],[-0.0000681150268065,0.000118275391287,0.000778802146669,0.0000826046525617,-0.000379077973776,-0.00209815753624,-0.00139189104084,0.00149600766599,-0.00197164411657,0.00108077481855,-0.00824538059533,0.0223705917597,-0.00896106846631],[0.000238337524934,-0.000329717324348,-0.000744184071664,-0.00103353569284,-0.00093479588395,0.00114235375077,0.00276816519909,-0.00171499978751,0.0015822959831,0.000849978765473,0.00183282210492,-0.00896106846631,0.0182819943875]],"mean":[-614.340515137,123.065383911,-18.6449203491,9.24077987671,-2.44342398643,6.05670642853,-4.17097425461,3.97341895103,1.99590814114,2.8730943203,0.716609060764,-1.59559237957,-2.45281052589]},"pitch_salience":{"dmean":0.0667742416263,"dmean2":0.106492824852,"dvar":0.00386630860157,"dvar2":0.00927930884063,"max":0.888824641705,"mean":0.582163691521,"median":0.593078911304,"min":0.0282118041068,"var":0.0133138075471},"silence_rate_20dB":{"dmean":0,"dmean2":0,"dvar":0,"dvar2":0,"max":1,"mean":1,"median":1,"min":1,"var":0},"silence_rate_30dB":{"dmean":0,"dmean2":0,"dvar":0,"dvar2":0,"max":1,"mean":1,"median":1,"min":1,"var":0},"silence_rate_60dB":{"dmean":0.000194893786102,"dmean2":0.000389825552702,"dvar":0.000194855791051,"dvar2":0.000389643653762,"max":1,"mean":0.024261912331,"median":0,"min":0,"var":0.0236731935292},"spectral_centroid":{"dmean":179.450881958,"dmean2":279.806640625,"dvar":52496.3398438,"dvar2":112987.773438,"max":11789.6191406,"mean":1486.54016113,"median":1281.68383789,"min":347.036529541,"var":1408447},"spectral_complexity":{"dmean":3.51412987709,"dmean2":5.63629293442,"dvar":12.4558668137,"dvar2":28.4952831268,"max":53,"mean":25.4873809814,"median":25,"min":0,"var":65.8147583008},"spectral_contrast_coeffs":{"dmean":[0.0498341210186,0.0462592989206,0.0374464765191,0.028876516968,0.0198406167328,0.0165068432689],"dmean2":[0.0815034285188,0.0768625363708,0.0615478307009,0.0473757721484,0.0327223278582,0.0268029421568],"dvar":[0.00170252576936,0.00144056696445,0.000893440039363,0.000521076377481,0.000267404684564,0.000228200529818],"dvar2":[0.00454306369647,0.00386616564356,0.00233833189122,0.00138554361183,0.000684810453095,0.000564787420444],"max":[-0.314811736345,-0.424612224102,-0.511891901493,-0.576789975166,-0.608967900276,-0.617179811001],"mean":[-0.637538433075,-0.729357898235,-0.745838701725,-0.768798828125,-0.78921598196,-0.754518508911],"median":[-0.638631224632,-0.74244081974,-0.750765442848,-0.769350469112,-0.792751133442,-0.751172661781],"min":[-0.982303023338,-0.975040495396,-0.985225915909,-0.974700331688,-0.966765403748,-0.96504098177],"var":[0.00776320276782,0.007005430758,0.00522592896596,0.00267226342112,0.00155502848793,0.00151064596139]},"spectral_contrast_valleys":{"dmean":[0.410967618227,0.34876921773,0.279187291861,0.241854667664,0.213697582483,0.254964053631],"dmean2":[0.672531604767,0.581556856632,0.458643883467,0.39022949338,0.329150736332,0.357542276382],"dvar":[0.142459467053,0.105327278376,0.0674313902855,0.0594527572393,0.0698944553733,0.129098892212],"dvar2":[0.325533211231,0.254475802183,0.150824025273,0.123680435121,0.132809773088,0.216496244073],"max":[-5.28551197052,-4.42660140991,-5.3172712326,-5.63520717621,-5.58130025864,-7.33218717575],"mean":[-7.60477256775,-6.64662742615,-6.94540214539,-7.33396148682,-7.48146629333,-10.1864461899],"median":[-7.14255952835,-6.31058073044,-6.62273931503,-7.00179958344,-7.11472320557,-9.74726390839],"min":[-28.3427886963,-27.9623184204,-27.7643432617,-27.6427879333,-27.5269966125,-27.4484729767],"var":[6.12414646149,6.26693868637,5.94299888611,5.74784708023,5.75996541977,4.87711000443]},"spectral_decrease":{"dmean":2.48396170299e-9,"dmean2":3.96528454516e-9,"dvar":1.1055292875e-17,"dvar2":2.78546453832e-17,"max":2.00466797904e-28,"mean":-8.0119741952e-9,"median":-7.18457471294e-9,"min":-3.04133749296e-8,"var":2.20008668592e-17},"spectral_energy":{"dmean":0.00978490523994,"dmean2":0.0156651698053,"dvar":0.000165395220392,"dvar2":0.000419393792981,"max":0.118334546685,"mean":0.0328633859754,"median":0.0300870761275,"min":9.8599597821e-21,"var":0.00034503932693},"spectral_energyband_high":{"dmean":0.000383361388231,"dmean2":0.000566216825973,"dvar":0.00000114806277907,"dvar2":0.00000220135984819,"max":0.0238615106791,"mean":0.00094925716985,"median":0.000485895492602,"min":6.94924287687e-21,"var":0.0000035579444102},"spectral_energyband_low":{"dmean":0.00550471898168,"dmean2":0.00861589610577,"dvar":0.000135979993502,"dvar2":0.000331780000124,"max":0.108216024935,"mean":0.00818585976958,"median":0.00495370011777,"min":1.82759287108e-23,"var":0.00014277761511},"spectral_energyband_middle_high":{"dmean":0.00223626289517,"dmean2":0.00351303978823,"dvar":0.00000736759739084,"dvar2":0.0000188248959603,"max":0.0484117753804,"mean":0.00888600945473,"median":0.00751223601401,"min":1.05921598251e-21,"var":0.000038089689042},"spectral_energyband_middle_low":{"dmean":0.00563490903005,"dmean2":0.00926851760596,"dvar":0.0000526331714354,"dvar2":0.000141961878398,"max":0.0845082625747,"mean":0.016367893666,"median":0.0130187477916,"min":1.43026426972e-22,"var":0.000152233566041},"spectral_entropy":{"dmean":0.117505475879,"dmean2":0.171733662486,"dvar":0.0163277946413,"dvar2":0.0300789941102,"max":9.82584190369,"mean":7.69252109528,"median":7.68067359924,"min":6.43117666245,"var":0.167984083295},"spectral_flux":{"dmean":0.0250942632556,"dmean2":0.0389163456857,"dvar":0.000943290768191,"dvar2":0.00184636889026,"max":0.312915116549,"mean":0.0924656242132,"median":0.0832441002131,"min":6.26586491026e-11,"var":0.00201751012355},"spectral_kurtosis":{"dmean":1.44349253178,"dmean2":2.39889454842,"dvar":3.10114789009,"dvar2":8.6438703537,"max":31.8311233521,"mean":5.21557760239,"median":4.66990613937,"min":-1.28057479858,"var":9.05551242828},"spectral_rms":{"dmean":0.000784168601967,"dmean2":0.00123480230104,"dvar":8.60453383211e-7,"dvar2":0.00000212461054616,"max":0.0107446890324,"mean":0.00539910327643,"median":0.00541786337271,"min":3.10152749837e-12,"var":0.00000291167816613},"spectral_rolloff":{"dmean":395.685821533,"dmean2":645.145812988,"dvar":636444.6875,"dvar2":1280537.625,"max":20068.9453125,"mean":1877.72058105,"median":1464.2578125,"min":21.533203125,"var":5262817},"spectral_skewness":{"dmean":0.186092525721,"dmean2":0.299822986126,"dvar":0.0354767665267,"dvar2":0.0876667648554,"max":3.84922981262,"mean":1.65015923977,"median":1.64084720612,"min":-0.0818268805742,"var":0.193426430225},"spectral_spread":{"dmean":411480.875,"dmean2":598098.25,"dvar":462904262656,"dvar2":848250404864,"max":42862372,"mean":4693026,"median":4204942,"min":1497711.125,"var":18444896436200},"spectral_strongpeak":{"dmean":0.752994060516,"dmean2":1.27994906902,"dvar":0.964660763741,"dvar2":2.41173362732,"max":11.4950733185,"mean":1.65158057213,"median":0.97166955471,"min":0,"var":2.70611286163},"zerocrossingrate":{"dmean":0.00882022827864,"dmean2":0.010356596671,"dvar":0.00013770579244,"dvar2":0.000154425622895,"max":0.5302734375,"mean":0.0689080804586,"median":0.05712890625,"min":0.001953125,"var":0.00339111825451}},"metadata":{"audio_properties":{"analysis_sample_rate":44100,"bit_rate":0,"codec":"flac","downmix":"mix","equal_loudness":0,"length":238.266662598,"lossless":true,"md5_encoded":"7352881f98ef7ac641e5d5558a1c5d03","replay_gain":-15.2489624023,"sample_rate":44100},"tags":{"acoustid_id":["0f184d7f-c8e6-4676-84a5-3d1e291dcc33"],"album":["The Weight of Your Love"],"albumartist":["Editors"],"albumartistsort":["Editors"],"artist":["Editors"],"artistsort":["Editors"],"barcode":["4582214509648"],"catalognumber":["HSE-30305","PIASR660CDJ"],"date":["2013-06-26"],"discnumber":["1"],"disctotal":["1"],"file_name":"03. A Ton of Love.flac","genre":["Podcast"],"isrc":["GBENL1300891"],"label":["Hostess Entertainment Unlimited.","[PIAS] Recordings"],"language":["eng"],"media":["CD"],"musicbrainz_albumartistid":["0efe858c-89e5-4e47-906a-356fa953fd6e"],"musicbrainz_albumid":["dac5f628-f9c3-4ded-a392-5c8d781bb807"],"musicbrainz_artistid":["0efe858c-89e5-4e47-906a-356fa953fd6e"],"musicbrainz_recordingid":["418420a9-abaf-437b-a1da-b9f91aa26b75"],"musicbrainz_releasegroupid":["1db9eb6b-4f42-4f1e-a0a7-e3243b657c7d"],"musicbrainz_workid":["8acb36d9-35ff-4568-9f35-a8822bac4dcc"],"originaldate":["2013-06-26"],"releasecountry":["JP"],"releasestatus":["official"],"releasetype":["album"],"script":["Latn"],"title":["A Ton of Love"],"totaldiscs":["1"],"totaltracks":["14"],"tracknumber":["3"],"tracktotal":["14"],"writer":["Ed Lay","Russell Leetch","Justin Lockey","Elliott Williams","Tom Smith"]},"version":{"essentia":"2.1-beta2","essentia_build_sha":"70f2e5ece6736b2c40cc944ad0e695b16b925413","essentia_git_sha":"v2.1_beta2","extractor":"music 1.0"}},"rhythm":{"beats_count":563,"beats_loudness":{"dmean":0.0155244041234,"dmean2":0.0276061426848,"dvar":0.000161145624588,"dvar2":0.000443195516709,"max":0.0902758017182,"mean":0.0403488762677,"median":0.0395391620696,"min":0,"var":0.000309530209051},"beats_loudness_band_ratio":{"dmean":[0.347878396511,0.11267478019,0.194080367684,0.112349689007,0.0643575116992,0.0441751256585],"dmean2":[0.68