{"lowlevel":{"average_loudness":0.963119149208,"barkbands":{"dmean":[0.000517873500939,0.00668336171657,0.00309392251074,0.00195223651826,0.00165250769351,0.000547123898286,0.00042434228817,0.000369659188436,0.000503527815454,0.000511405814905,0.000412091379985,0.000447008816991,0.000500094727613,0.000536766601726,0.000513589009643,0.000508324825205,0.000447965023341,0.000464321987238,0.000278764287941,0.000205351680052,0.000116136645374,0.0000589089067944,0.0000156211481226,0.0000152846678247,0.0000117432900879,0.00000374557589566,1.57845278181e-7],"dmean2":[0.000785558426287,0.0111202532426,0.00537630682811,0.00327430595644,0.00272211502306,0.000885937828571,0.00070211122511,0.00059173500631,0.000814410159364,0.000805976451375,0.000667636166327,0.000715031346772,0.000837678730022,0.000861063424964,0.000807811273262,0.000834380043671,0.000736134650651,0.000769051490352,0.000464386626845,0.000336183817126,0.000190016828128,0.0000952778209466,0.0000240445151576,0.0000222843755182,0.0000169550803548,0.00000544429212823,2.38757280613e-7],"dvar":[7.42420695587e-7,0.000140757896588,0.0000259802727669,0.00000797379198048,0.00000504797208123,7.95179573743e-7,7.71235761476e-7,7.21921367131e-7,0.00000101243267636,9.10447738534e-7,4.4864950155e-7,5.761098123e-7,9.42132260207e-7,0.00000101867556168,8.38361586375e-7,4.46606463811e-7,3.11747299975e-7,3.94280817773e-7,1.20216768096e-7,6.31954222285e-8,2.03144328026e-8,1.01592041446e-8,1.70941516497e-9,3.10166070605e-9,7.30151328288e-10,2.991783557e-11,1.02096608078e-13],"dvar2":[0.00000157236422638,0.000361356331268,0.0000744012213545,0.000023847886041,0.0000132397271955,0.00000196457676793,0.00000192195398085,0.00000165317749179,0.00000249449726653,0.00000206576783057,0.00000107070934519,0.000001363389174,0.00000239391101786,0.00000238852112489,0.00000199539999812,0.00000117294553093,7.95722996827e-7,0.00000103148204289,3.16848797866e-7,1.60305859254e-7,5.19583913672e-8,2.47766767103e-8,3.4629115131e-9,6.40180441991e-9,1.43162348643e-9,6.44255829241e-11,2.20547945141e-13],"max":[0.00996593758464,0.102141328156,0.0494892522693,0.0402335450053,0.0284156315029,0.0200267918408,0.0208518095315,0.0266821533442,0.0209072455764,0.0177007988095,0.0115198343992,0.0178958028555,0.0240256823599,0.0199042186141,0.0220905076712,0.0132461087778,0.00995603948832,0.014917309396,0.0073542217724,0.00550530850887,0.00239145522937,0.00330270896666,0.00179151282646,0.0019790052902,0.000994346803054,0.0000938319353736,0.00000875061141414],"mean":[0.00057344220113,0.00819517299533,0.00442247185856,0.00368770002387,0.00325692724437,0.00100522430148,0.000629978545476,0.000566968694329,0.000768547761254,0.000947527762037,0.000763990799896,0.00088552426314,0.000772165134549,0.00101379409898,0.00107562518679,0.00101846351754,0.000933844421525,0.00100461137481,0.000702473509591,0.000587005692068,0.000364668405382,0.000172693471541,0.0000432813139923,0.0000366421991203,0.0000263154415734,0.00000712174778528,2.33980287589e-7],"median":[0.000199776855879,0.0043552829884,0.00288402242586,0.00224921433255,0.00233024009503,0.000657955533825,0.000354491552571,0.000220731861191,0.000312831049087,0.000369939516531,0.000411901535699,0.000510419835337,0.000358735647751,0.000399919343181,0.000565725727938,0.000773985986598,0.00074261566624,0.000780850590672,0.000623043975793,0.000542160938494,0.000359179801308,0.000161010146257,0.000034785916796,0.0000161269799719,0.0000138882642204,0.00000399164673581,1.01205507974e-7],"min":[1.92727729416e-25,4.09186726931e-24,4.75040154907e-25,1.17346648969e-24,9.0649055804e-24,9.58505995091e-24,3.35425274065e-24,7.05117719219e-24,2.34182510501e-23,1.84009552757e-23,1.2813782439e-23,1.24246223661e-23,2.73043187088e-23,3.94873256014e-23,3.88625793189e-23,5.8417535547e-23,7.08748609308e-23,8.3314193975e-23,1.16922729318e-22,1.09860505706e-22,2.87972297678e-22,3.37150088457e-22,3.86102605806e-22,5.06695785009e-22,7.67325431649e-22,1.41348788671e-21,1.9700174666e-21],"var":[9.70022369984e-7,0.000135389243951,0.0000248663109232,0.0000181616396731,0.00000957932661549,0.00000161506159202,0.00000105293690922,0.00000120800223158,0.00000180808285677,0.00000263531069322,0.0000011744331232,0.00000165880442182,0.00000149633524416,0.00000288611931865,0.00000262847265731,9.65896902017e-7,6.98943608768e-7,9.66931906987e-7,3.54599904995e-7,2.48529659075e-7,8.27592145924e-8,2.74730798111e-8,4.20027967962e-9,8.29102297928e-9,2.17467710506e-9,6.86959031326e-11,1.56786706556e-13]},"barkbands_crest":{"dmean":2.65555405617,"dmean2":4.41080856323,"dvar":7.42127656937,"dvar2":19.8395690918,"max":23.8944816589,"mean":8.57208442688,"median":7.80769968033,"min":2.26708841324,"var":13.1355791092},"barkbands_flatness_db":{"dmean":0.0183992963284,"dmean2":0.0289458855987,"dvar":0.000384186598239,"dvar2":0.000906798930373,"max":0.274718075991,"mean":0.119314417243,"median":0.110404402018,"min":0.0270891189575,"var":0.00155505049042},"barkbands_kurtosis":{"dmean":1.60941231251,"dmean2":2.67677426338,"dvar":8.63331031799,"dvar2":23.4316272736,"max":43.9038085938,"mean":1.03882455826,"median":-0.516885697842,"min":-1.880813241,"var":14.3124599457},"barkbands_skewness":{"dmean":0.47913351655,"dmean2":0.757283687592,"dvar":0.264034062624,"dvar2":0.673459947109,"max":6.40757799149,"mean":1.05787801743,"median":0.886192858219,"min":-2.17298316956,"var":0.97983276844},"barkbands_spread":{"dmean":5.2488899231,"dmean2":8.3444814682,"dvar":28.0526504517,"dvar2":68.8003540039,"max":66.9017105103,"mean":31.172996521,"median":32.3652839661,"min":3.38873195648,"var":142.768325806},"dissonance":{"dmean":0.00883430149406,"dmean2":0.0149780223146,"dvar":0.000090042987722,"dvar2":0.000243342961767,"max":0.499999940395,"mean":0.483065336943,"median":0.48656052351,"min":0.328310549259,"var":0.000174946908373},"dynamic_complexity":2.0250082016,"erbbands":{"dmean":[0.207671061158,1.52964675426,3.37084197998,5.22290325165,4.71297454834,7.3203625679,5.28039598465,3.98856782913,4.7538523674,6.6616396904,9.13501739502,10.6904754639,14.9467887878,17.6805496216,12.3002710342,18.7378692627,19.8533115387,25.5552177429,24.4887676239,23.7744045258,28.0176639557,22.1709213257,25.1358737946,18.4798870087,11.4650793076,9.71688365936,6.00807285309,4.07983493805,2.33412599564,0.923813760281,0.373209267855,0.27548584342,0.296693235636,0.154338493943,0.079351708293,0.0245042592287,0.00550858303905,0.000539789150935,0.0000301571835735,0.0000121899438454],"dmean2":[0.336942464113,2.6791498661,5.95216655731,8.76776981354,7.95842170715,12.0026445389,8.84423732758,6.32805252075,7.862596035,10.8237266541,14.7206935883,17.4438209534,23.3635940552,28.110332489,19.750415802,30.0134754181,33.1424942017,41.2005767822,38.9184989929,38.0105438232,46.0467567444,36.0931892395,41.4749755859,31.1256580353,19.1059417725,15.901722908,9.8294506073,6.70950317383,3.7793340683,1.46994566917,0.562327384949,0.410500138998,0.429333865643,0.222339391708,0.117042340338,0.0354573726654,0.00807304587215,0.000798858061898,0.0000443226963398,0.0000194541498786],"dvar":[0.145515963435,8.18381118774,34.7710609436,49.8884849548,37.6587295532,124.616950989,70.3125915527,65.7861251831,102.595901489,199.243408203,424.973907471,476.435882568,869.132263184,943.778320312,321.644134521,1160.05224609,1557.52001953,2047.03991699,1815.82958984,1280.01342773,1367.91833496,737.001403809,1065.77185059,619.93145752,202.898773193,152.306015015,52.6190223694,27.4387569427,15.4968061447,5.20037126541,1.11577653885,0.768049478531,1.47225594521,0.232523575425,0.0174296535552,0.00126823503524,0.0000707689396222,8.48964134548e-7,3.05824809921e-9,2.55204718469e-10],"dvar2":[0.338589280844,22.4081745148,100.079467773,144.214920044,111.228721619,321.578308105,178.037857056,154.470031738,262.225860596,475.824676514,1011.11938477,1198.07641602,1940.02844238,2254.53369141,788.84777832,2788.6887207,3990.73974609,4952.86962891,4309.51757812,2994.60424805,3675.48535156,1883.95947266,2712.45288086,1640.37036133,542.082824707,393.164245605,136.885879517,69.2725830078,38.7266311646,12.1507997513,2.22667503357,1.44693660736,3.14999389648,0.456146717072,0.0369777902961,0.00270227878354,0.000155944610015,0.00000185321130175,6.48588960317e-9,6.34155894463e-10],"max":[3.47946000099,23.848777771,57.6938934326,82.4649200439,87.7937774658,144.639968872,166.944503784,219.701446533,331.101074219,292.744415283,525.391540527,493.196380615,660.12310791,639.173400879,486.787567139,885.889160156,1223.78356934,940.350158691,866.415039062,1021.21588135,869.596801758,457.364959717,853.471252441,489.462493896,245.777572632,261.628051758,148.154922485,107.032951355,103.949073792,92.212890625,53.1469841003,50.7690811157,37.866481781,17.6634941101,3.42702078819,0.629304111004,0.128751397133,0.019825020805,0.00158486492001,0.000144238394569],"mean":[0.229374051094,1.86180627346,4.89925193787,10.0390300751,10.0512962341,13.018913269,9.12312316895,7.33782052994,7.72584199905,9.82601261139,14.5168027878,17.1609325409,27.0384922028,36.7655029297,25.5606384277,37.5482902527,34.7735824585,50.5757255554,53.1627426147,53.9203300476,59.2386856079,51.9562454224,57.0154533386,42.7168312073,31.3205680847,27.6524009705,18.3238105774,12.5617666245,6.98484277725,2.72468781471,1.05654776096,0.675552427769,0.662140369415,0.35049790144,0.163259923458,0.0492777377367,0.00987620744854,0.000911734357942,0.0000625740140094,0.0000425033431384],"median":[0.0959054380655,1.02196896076,3.42299294472,6.97062301636,7.28778505325,7.72898292542,5.57501983643,4.53752946854,4.64983129501,5.1971821785,6.26046800613,7.86135005951,11.7403726578,18.73528862,17.9493236542,20.7015666962,18.3608093262,21.700881958,27.4838180542,33.9244041443,47.136089325,43.3012123108,44.9473114014,36.2147636414,28.7054710388,25.4564552307,17.6242904663,12.3183250427,6.56818437576,2.43289518356,0.833981215954,0.368207842112,0.254392266273,0.1613484025,0.087806224823,0.0283510703593,0.00520625663921,0.000454453896964,0.0000417677256337,0.0000400118879043],"min":[6.32977320293e-23,4.59277191913e-22,1.87279082704e-21,5.85334973428e-21,9.66779377045e-21,2.1760066841e-20,3.67327742515e-20,6.58565983915e-20,1.0726681082e-19,1.15349483391e-19,2.66600414823e-19,5.12305368494e-19,4.01052729732e-19,8.27157348098e-19,8.20411431709e-19,7.98758376513e-19,1.65190894478e-18,1.86114789964e-18,2.22858649082e-18,3.33937321422e-18,3.321590899e-18,4.25759622012e-18,4.33320879992e-18,5.94996556719e-18,7.39734800507e-18,6.14699006294e-18,1.11425521578e-17,1.07806077003e-17,1.04501473912e-17,1.14165838599e-17,1.16762921024e-17,1.05448703247e-17,9.79971955912e-18,7.45477832782e-18,6.43040902417e-18,4.48996448908e-18,2.53331114309e-18,9.99672172098e-19,2.47567118176e-19,2.70626193005e-20],"var":[0.14821973443,6.81526756287,28.7651634216,94.572303772,86.1811828613,228.266967773,135.713409424,127.81111908,135.91998291,260.077178955,697.852722168,791.59552002,2142.98486328,3067.78125,786.285522461,3311.30664062,2486.70458984,5813.23095703,5538.45361328,4383.05859375,2848.30712891,1877.71875,2820.03320312,1475.57177734,684.554992676,565.977416992,222.27947998,105.496711731,43.3111801147,10.6975536346,2.65171289444,1.95315766335,3.5958969593,0.662671744823,0.046487942338,0.00318102911115,0.000148108360008,0.00000153024450356,4.98550845052e-9,4.26896046291e-10]},"erbbands_crest":{"dmean":1.64957547188,"dmean2":2.72440552711,"dvar":2.43698048592,"dvar2":6.29231977463,"max":24.4009990692,"mean":6.7299284935,"median":6.16426753998,"min":2.62322330475,"var":5.97483730316},"erbbands_flatness_db":{"dmean":0.0113515639678,"dmean2":0.0165207274258,"dvar":0.000111757188279,"dvar2":0.000217475288082,"max":0.291770786047,"mean":0.161689192057,"median":0.160672575235,"min":0.0745100528002,"var":0.000789238954894},"erbbands_kurtosis":{"dmean":0.6050760746,"dmean2":0.973822653294,"dvar":0.405670940876,"dvar2":0.996691823006,"max":13.9489097595,"mean":0.311035960913,"median":0.116969741881,"min":-1.6678198576,"var":1.42842876911},"erbbands_skewness":{"dmean":0.236435815692,"dmean2":0.373616755009,"dvar":0.0445858798921,"dvar2":0.104159139097,"max":1.08582210541,"mean":-0.605036973953,"median":-0.608523845673,"min":-2.65070438385,"var":0.24871301651},"erbbands_spread":{"dmean":5.840528965,"dmean2":9.34892368317,"dvar":31.642496109,"dvar2":80.0931777954,"max":99.8712692261,"mean":35.5634765625,"median":33.8830604553,"min":6.84066915512,"var":142.938705444},"gfcc":{"cov":[[16774.2363281,397.626159668,-1362.33276367,393.074707031,-509.746124268,601.993835449,-358.523864746,505.58190918,-632.669128418,117.899253845,-294.746307373,65.3870315552,1.6447685957],[397.626159668,766.708007812,-103.536582947,-91.582824707,139.133209229,-107.929634094,48.2500686646,-90.7624511719,20.1682262421,-103.199684143,20.8048706055,-32.7460670471,66.1058273315],[-1362.33276367,-103.536582947,569.398620605,-172.100967407,134.871643066,42.1337280273,-48.8294639587,70.5832290649,-74.3168182373,-7.30859136581,-14.7061004639,72.8619689941,9.11884880066],[393.074707031,-91.582824707,-172.100967407,431.336669922,-101.082145691,-24.4190483093,52.8778038025,-70.8239059448,141.054519653,-19.467004776,45.4887199402,-13.4701156616,-3.68669939041],[-509.746124268,139.133209229,134.871643066,-101.082145691,212.600799561,-8.47900104523,24.5944805145,16.760269165,-24.1809558868,6.8744802475,-10.3171072006,23.8454227448,13.1291303635],[601.993835449,-107.929634094,42.1337280273,-24.4190483093,-8.47900104523,163.568130493,-0.328334242105,58.6060447693,-47.9213638306,4.89608049393,-4.51857376099,11.5339336395,7.38155269623],[-358.523864746,48.2500686646,-48.8294639587,52.8778038025,24.5944805145,-0.328334242105,121.173820496,-18.1434249878,61.891330719,-18.1974544525,23.4915752411,-9.24705314636,10.7373104095],[505.58190918,-90.7624511719,70.5832290649,-70.8239059448,16.760269165,58.6060447693,-18.1434249878,132.381500244,-49.9343681335,40.7504005432,-24.9928035736,18.7245464325,4.15290546417],[-632.669128418,20.1682262421,-74.3168182373,141.054519653,-24.1809558868,-47.9213638306,61.891330719,-49.9343681335,177.085739136,1.46493935585,45.7677307129,-31.6628417969,4.26723909378],[117.899253845,-103.199684143,-7.30859136581,-19.467004776,6.8744802475,4.89608049393,-18.1974544525,40.7504005432,1.46493935585,94.8441009521,5.01756095886,7.5348739624,-19.5650081635],[-294.746307373,20.8048706055,-14.7061004639,45.4887199402,-10.3171072006,-4.51857376099,23.4915752411,-24.9928035736,45.7677307129,5.01756095886,72.8645095825,3.64066338539,15.133102417],[65.3870315552,-32.7460670471,72.8619689941,-13.4701156616,23.8454227448,11.5339336395,-9.24705314636,18.7245464325,-31.6628417969,7.5348739624,3.64066338539,66.6218948364,9.11102581024],[1.6447685957,66.1058273315,9.11884880066,-3.68669939041,13.1291303635,7.38155269623,10.7373104095,4.15290546417,4.26723909378,-19.5650081635,15.133102417,9.11102581024,58.7461624146]],"icov":[[0.000493396539241,-0.00133758736774,0.00114476680756,-0.00133995513897,0.00103887834121,-0.00186154525727,0.00115226022899,-0.00190496316645,0.0015258914791,-0.00109387212433,0.00153318431694,-0.00132072926499,0.000490086618811],[-0.00133758736774,0.00644549913704,-0.00195320649073,0.00452227611095,-0.00513077853248,0.00639247149229,-0.00269652693532,0.00547329057008,-0.00421743094921,0.00597012741491,-0.00537266815081,0.00439776526764,-0.00318255205639],[0.00114476680756,-0.00195320649073,0.00598259875551,-0.00199001375586,-0.0000677204952808,-0.00425369897857,0.00439498154446,-0.00550229940563,0.00256242440082,0.000483484240249,0.00238513504155,-0.00527398008853,0.00142604194116],[-0.00133995513897,0.00452227611095,-0.00199001375586,0.00786736421287,-0.00240112817846,0.00491779157892,-0.00309774908237,0.00590933253989,-0.00713803945109,0.00483572343364,-0.00474090222269,0.00169148005079,-0.00109360564966],[0.00103887834121,-0.00513077853248,-0.0000677204952808,-0.00240112817846,0.0110362414271,-0.00404270226136,-0.00105932820588,-0.00335601018742,0.00379403191619,-0.0065873414278,0.00577686354518,-0.00428154179826,0.000783090596087],[-0.00186154525727,0.00639247149229,-0.00425369897857,0.00491779157892,-0.00404270226136,0.0158098712564,-0.00570997595787,0.0038567436859,-0.00312805082649,0.00598622579128,-0.00780078908429,0.00615018373355,-0.00320778996684],[0.00115226022899,-0.00269652693532,0.00439498154446,-0.00309774908237,-0.00105932820588,-0.00570997595787,0.0152642205358,-0.00563132949173,-0.000905698048882,0.00162212492432,0.00121441239025,-0.00371337635443,0.0015569718089],[-0.00190496316645,0.00547329057008,-0.00550229940563,0.00590933253989,-0.00335601018742,0.0038567436859,-0.00563132949173,0.0208736825734,-0.00471859285608,-0.00233209389262,-0.00120863341726,0.00455025210977,-0.00588991912082],[0.0015258914791,-0.00421743094921,0.00256242440082,-0.00713803945109,0.00379403191619,-0.00312805082649,-0.000905698048882,-0.00471859285608,0.0170145817101,-0.00642527127638,0.00104533182457,0.00131664052606,0.0000522958180227],[-0.00109387212433,0.00597012741491,0.000483484240249,0.00483572343364,-0.0065873414278,0.00598622579128,0.00162212492432,-0.00233209389262,-0.00642527127638,0.0223100893199,-0.00937603507191,0.00100837717764,0.00428522517905],[0.00153318431694,-0.00537266815081,0.00238513504155,-0.00474090222269,0.00577686354518,-0.00780078908429,0.00121441239025,-0.00120863341726,0.00104533182457,-0.00937603507191,0.0255638565868,-0.00724536785856,-0.00377248623408],[-0.00132072926499,0.00439776526764,-0.00527398008853,0.00169148005079,-0.00428154179826,0.00615018373355,-0.00371337635443,0.00455025210977,0.00131664052606,0.00100837717764,-0.00724536785856,0.0248695537448,-0.00519623514265],[0.000490086618811,-0.00318255205639,0.00142604194116,-0.00109360564966,0.000783090596087,-0.00320778996684,0.0015569718089,-0.00588991912082,0.0000522958180227,0.00428522517905,-0.00377248623408,-0.00519623514265,0.0238608438522]],"mean":[10.9383916855,106.561958313,-140.341491699,55.3281974792,-36.1687660217,11.6448354721,-28.5635795593,7.46818113327,-27.0681381226,0.0570685826242,-19.9926204681,-2.35291457176,-5.66050720215]},"hfc":{"dmean":5.54542779922,"dmean2":8.64531993866,"dvar":51.6778945923,"dvar2":126.1614151,"max":100.159202576,"mean":27.0051212311,"median":25.134262085,"min":1.05324986806e-16,"var":244.223510742},"melbands":{"dmean":[0.0018195345765,0.00179749424569,0.000836653343868,0.000430998275988,0.000189472397324,0.0000894533804967,0.0000791825004853,0.0000725944482838,0.0000778874600655,0.0000711630491423,0.0000764877258916,0.0000726023790776,0.0000451992491435,0.0000486754070153,0.0000447152342531,0.000053373278206,0.0000512740843988,0.0000430084473919,0.0000422544253524,0.000032318464946,0.0000363475846825,0.0000247049410973,0.000029028420613,0.0000215039508475,0.0000162414726219,0.0000100925781226,0.00000859987721924,0.0000068979597927,0.00000484581732962,0.00000329707518176,0.00000252240147347,0.00000167090695413,8.97528934729e-7,4.63751717916e-7,2.5119695124e-7,1.64391778412e-7,1.89338607015e-7,2.32671396816e-7,1.77445883764e-7,1.25584463717e-7],"dmean2":[0.00296794110909,0.00315367267467,0.00141412322409,0.00071321404539,0.000315976067213,0.000142775810673,0.000131192529807,0.000117580333608,0.000125932550873,0.000115217429993,0.000119405493024,0.00011534334044,0.0000728099257685,0.0000780972550274,0.0000729478342691,0.0000891065938049,0.0000825613824418,0.0000688316067681,0.00006656673213,0.0000529767894477,0.0000602007603447,0.000040704060666,0.0000479015579913,0.0000358830693585,0.0000274379326584,0.0000170115636138,0.0000143119987115,0.0000113845635497,0.00000806668504083,0.00000543958003618,0.00000419776006311,0.00000275265415439,0.00000148641981923,7.45280885894e-7,3.92045535591e-7,2.44670843585e-7,2.89631287842e-7,3.45069963714e-7,2.5970552997e-7,1.85732332625e-7],"dvar":[0.0000104972177724,0.0000102147851067,0.00000129793716042,3.44823263276e-7,7.52875877197e-8,2.79301080042e-8,2.64565098718e-8,2.30749943597e-8,2.90138828518e-8,2.0396681677e-8,2.24415241945e-8,1.64471352093e-8,4.85413131912e-9,6.402113506e-9,6.71050193191e-9,1.11671862868e-8,8.79421513389e-9,6.32615870799e-9,6.80104639272e-9,1.84167558981e-9,2.30945174096e-9,9.8716224084e-10,1.45218326253e-9,9.36363542259e-10,4.71741090635e-10,1.59801408217e-10,1.18161563867e-10,7.72167052521e-11,3.64642760431e-11,1.73036897311e-11,1.04523551273e-11,7.33720723067e-12,3.64036708764e-12,1.25997725708e-12,4.26286339127e-13,2.84585126731e-13,3.95405225489e-13,9.64967905928e-13,4.09864416712e-13,1.36172404732e-13],"dvar2":[0.0000256650127994,0.0000287581933662,0.00000382214511774,9.15862528927e-7,1.90037908965e-7,6.59314025597e-8,6.70105038125e-8,5.41262643594e-8,7.09942469257e-8,5.04848713945e-8,5.00237611334e-8,3.89522512023e-8,1.15828893144e-8,1.47281351559e-8,1.586225018e-8,2.83157444159e-8,2.06803658642e-8,1.48510510556e-8,1.61722173431e-8,4.56194149123e-9,6.24934015647e-9,2.53549203855e-9,3.79099240888e-9,2.4847393032e-9,1.25294419284e-9,4.28047819412e-10,3.1210672935e-10,2.01791736099e-10,9.75986513829e-11,4.51547479963e-11,2.74023650992e-11,1.85249662832e-11,9.05479771024e-12,2.93192575253e-12,9.19052919705e-13,4.99223655036e-13,8.39513029406e-13,2.09661628336e-12,8.8681584862e-13,2.70271787806e-13],"max":[0.0291038639843,0.0295948460698,0.0136090097949,0.00739112077281,0.00494433147833,0.00445369258523,0.00461247609928,0.00326137873344,0.00396887911484,0.00324378558435,0.0033391485922,0.00268932548352,0.00152121239807,0.00197705556639,0.00226144632325,0.00288002472371,0.00205116556026,0.00151982554235,0.00234365975484,0.00102720805444,0.00120035372674,0.000622604973614,0.000941423058975,0.000662243226543,0.000461240502773,0.000170717015862,0.000221121983486,0.000152079694089,0.000131601846078,0.0000662516904413,0.0000760629336582,0.0000693448455422,0.000082386075519,0.000035614521039,0.000029577735404,0.0000359401419701,0.0000307109876303,0.0000307947848341,0.0000233024566114,0.0000139606827361],"mean":[0.00221104733646,0.0025889268145,0.00171733950265,0.00084304891061,0.000353057897883,0.000166209152667,0.000126875500428,0.000107421277789,0.000119061754958,0.000111267712782,0.00013424300414,0.000147454455146,0.0000890848823474,0.0000954441202339,0.0000806130847195,0.0000841954897624,0.0000964847276919,0.0000827089534141,0.0000856129991007,0.0000650853689876,0.0000703476471244,0.0000512943224749,0.0000589263509028,0.0000439788454969,0.0000340354963555,0.0000237975600612,0.0000212321920117,0.0000176499852387,0.00001248742592,0.00000866646769282,0.00000680622815707,0.00000439970790467,0.00000226942393056,0.00000119229741813,6.30333772733e-7,3.97071318048e-7,4.13433866697e-7,4.88923433295e-7,3.79253719984e-7,2.69696073474e-7],"median":[0.00111500069033,0.00184342567809,0.00126226001885,0.000599881808739,0.000239957647864,0.00010735248361,0.0000756302542868,0.0000543935857422,0.0000499746638525,0.0000457489768451,0.0000540596847713,0.0000711075554136,0.0000557673847652,0.0000578961153224,0.0000419002062699,0.0000379632765544,0.00003848896813,0.0000390198038076,0.000043963031203,0.0000471977873531,0.0000543681708223,0.0000412815134041,0.0000444622492068,0.0000330058137479,0.0000277824783552,0.0000208483270399,0.0000184502550837,0.0000156763744599,0.0000112535062726,0.00000814506893221,0.00000638732944935,0.00000400473800255,0.00000199138230528,9.96626340566e-7,4.85076441237e-7,2.59803982772e-7,1.97912228828e-7,1.79062595862e-7,1.47524517047e-7,1.28624137119e-7],"min":[1.25774119045e-24,9.28168613487e-25,1.73235945268e-24,1.40355808586e-24,1.22097455302e-24,1.57144543586e-24,1.4741834222e-24,1.51502945658e-24,2.19928227818e-24,3.10790982096e-24,1.84027897717e-24,3.32234883906e-24,1.8649715068e-24,1.94574553868e-24,2.73994367957e-24,3.17842432234e-24,3.02934795227e-24,3.34072377612e-24,3.34646589465e-24,4.07578673419e-24,3.53147310402e-24,3.82829148594e-24,3.83946688395e-24,3.9993788502e-24,3.23640658495e-24,4.13213546308e-24,3.47585762134e-24,3.95676418967e-24,6.04132321526e-24,4.67857704555e-24,4.78721147523e-24,4.57890407574e-24,3.98520814733e-24,5.91599846097e-24,5.51086711018e-24,5.9213844088e-24,5.31175901213e-24,5.88889043926e-24,6.12729800988e-24,5.83452687883e-24],"var":[0.0000106365350803,0.00000823321988719,0.00000250969605986,6.57415625938e-7,1.45927032236e-7,5.56701387211e-8,3.64610315273e-8,3.16825001789e-8,4.61556233233e-8,3.69474015827e-8,5.62252608916e-8,5.33284953974e-8,1.21053158608e-8,1.79257355626e-8,1.48796681643e-8,1.9107680771e-8,2.46854163777e-8,1.64502260702e-8,1.99366834153e-8,4.78113015845e-9,4.3686165796e-9,2.15975903828e-9,3.20869908421e-9,2.07288985976e-9,1.02556496628e-9,4.1746731072e-10,3.61702195972e-10,2.53696674779e-10,1.23837870514e-10,5.11385517266e-11,3.48746413692e-11,1.86093883359e-11,6.76787272058e-12,2.56900924145e-12,9.48466457283e-13,6.30499884073e-13,8.99807572202e-13,2.18214313806e-12,1.06419148667e-12,3.63220440053e-13]},"melbands_crest":{"dmean":3.47181463242,"dmean2":5.68560838699,"dvar":9.70554447174,"dvar2":24.5799942017,"max":31.6128463745,"mean":13.9583730698,"median":13.4639129639,"min":1.5339807272,"var":23.4044303894},"melbands_flatness_db":{"dmean":0.025472972542,"dmean2":0.0398365519941,"dvar":0.000721152580809,"dvar2":0.00170346128289,"max":0.382132858038,"mean":0.182057857513,"median":0.171772330999,"min":0.00345884263515,"var":0.00353809376247},"melbands_kurtosis":{"dmean":5.36826896667,"dmean2":8.89897251129,"dvar":83.722869873,"dvar2":225.278808594,"max":145.942901611,"mean":8.39897537231,"median":4.50137233734,"min":-1.65717983246,"var":130.033813477},"melbands_skewness":{"dmean":0.71414899826,"dmean2":1.14138460159,"dvar":0.642263293266,"dvar2":1.64112019539,"max":10.8103256226,"mean":2.47492456436,"median":2.24542808533,"min":-0.355491667986,"var":1.87413370609},"melbands_spread":{"dmean":8.54164218903,"dmean2":13.4449481964,"dvar":75.1178207397,"dvar2":180.895324707,"max":171.427566528,"mean":34.4771461487,"median":33.3635826111,"min":2.3942065239,"var":409.764434814},"mfcc":{"cov":[[6510.72949219,260.832458496,-402.093231201,87.52368927,-118.870925903,93.3121871948,191.963516235,88.1487045288,87.9544525146,71.5252914429,73.6539001465,24.1123428345,-96.2490768433],[260.832458496,1119.67053223,-143.731735229,-43.9775733948,120.779083252,-37.5454864502,109.708709717,14.0565662384,38.1416320801,-92.9456329346,-78.5192871094,-33.4420127869,-19.5431079865],[-402.093231201,-143.731735229,284.467315674,-29.2804584503,50.4097137451,-11.8544635773,-18.0245513916,20.9488525391,-10.9394388199,-30.5458621979,-23.7576313019,17.0961666107,17.1773033142],[87.52368927,-43.9775733948,-29.2804584503,310.550933838,-21.862121582,57.6605606079,-66.4850845337,31.4999427795,-3.76484632492,21.0534267426,3.26817893982,11.2457342148,32.1488075256],[-118.870925903,120.779083252,50.4097137451,-21.862121582,141.867156982,-7.44716739655,30.0758209229,-6.33951568604,18.5620212555,-28.6907157898,-8.82643222809,8.76566791534,6.07695198059],[93.3121871948,-37.5454864502,-11.8544635773,57.6605606079,-7.44716739655,109.016738892,-0.378390341997,35.7562980652,-9.48400402069,15.6746301651,4.17210245132,-2.91207647324,7.11504364014],[191.963516235,109.708709717,-18.0245513916,-66.4850845337,30.0758209229,-0.378390341997,113.791183472,13.6196680069,17.1166419983,-24.7215995789,-3.37162065506,-1.00006258488,-6.40748882294],[88.1487045288,14.0565662384,20.9488525391,31.4999427795,-6.33951568604,35.7562980652,13.6196680069,90.6207733154,17.7782344818,-2.97959566116,-16.0987606049,9.52271080017,5.33349895477],[87.9544525146,38.1416320801,-10.9394388199,-3.76484632492,18.5620212555,-9.48400402069,17.1166419983,17.7782344818,66.2740402222,18.6856613159,7.14217376709,-2.66149902344,-1.0514703989],[71.5252914429,-92.9456329346,-30.5458621979,21.0534267426,-28.6907157898,15.6746301651,-24.7215995789,-2.97959566116,18.6856613159,84.8961639404,34.2713623047,2.37750053406,-4.73795366287],[73.6539001465,-78.5192871094,-23.7576313019,3.26817893982,-8.82643222809,4.17210245132,-3.37162065506,-16.0987606049,7.14217376709,34.2713623047,66.8120880127,21.8429698944,2.67261171341],[24.1123428345,-33.4420127869,17.0961666107,11.2457342148,8.76566791534,-2.91207647324,-1.00006258488,9.52271080017,-2.66149902344,2.37750053406,21.8429698944,55.4531364441,18.0453720093],[-96.2490768433,-19.5431079865,17.1773033142,32.1488075256,6.07695198059,7.11504364014,-6.40748882294,5.33349895477,-1.0514703989,-4.73795366287,2.67261171341,18.0453720093,44.0688476562]],"icov":[[0.000194258216652,-0.0000143158094943,0.000175632812898,-0.000117888790555,0.00017632698291,-0.000118581418064,-0.000344982079696,-0.0000464253134851,-0.000188543679542,-0.00000580633604841,-0.0000572412282054,-0.000307975744363,0.000510214595124],[-0.0000143158094943,0.00142030231655,0.00107701111119,-0.0000520046924066,-0.00119633832946,0.000444801989943,-0.000553778663743,-0.000304303306621,-0.000377346819732,0.00086607830599,0.00132121320348,0.00015277309285,0.000207622564631],[0.000175632812898,0.00107701111119,0.00549982022494,0.000769113306887,-0.00253458064981,0.000798204331659,0.00107031641528,-0.00215538125485,0.000653442402836,0.00115889904555,0.00180735706817,-0.000916069780942,-0.000800795736723],[-0.000117888790555,-0.0000520046924066,0.000769113306887,0.00476641766727,-0.000241666319198,-0.00178153428715,0.0032434493769,-0.00125806068536,-0.000196699038497,0.000092341506388,0.000156481764861,-0.0000292913355224,-0.00310494587757],[0.00017632698291,-0.00119633832946,-0.00253458064981,-0.000241666319198,0.0107963951305,-0.0021270152647,-0.00176097312942,0.00385611620732,-0.00470400322229,0.00245361099951,0.000124594414956,-0.00303493905813,0.000537452171557],[-0.000118581418064,0.000444801989943,0.000798204331659,-0.00178153428715,-0.0021270152647,0.014034004882,-0.00151710771024,-0.00708272354677,0.00618794187903,-0.00337757542729,-0.00233645201661,0.0048646456562,-0.00247488985769],[-0.000344982079696,-0.000553778663743,0.00107031641528,0.0032434493769,-0.00176097312942,-0.00151710771024,0.0139203453436,-0.0022994754836,-0.00254080235027,0.00426583364606,-0.00205408153124,0.00038078048965,-0.000625666812994],[-0.0000464253134851,-0.000304303306621,-0.00215538125485,-0.00125806068536,0.00385611620732,-0.00708272354677,-0.0022994754836,0.0190139338374,-0.00813006237149,0.0011189985089,0.00704017840326,-0.00740330899134,0.00202869391069],[-0.000188543679542,-0.000377346819732,0.000653442402836,-0.000196699038497,-0.00470400322229,0.00618794187903,-0.00254080235027,-0.00813006237149,0.0234599523246,-0.00786133576185,-0.00335764721967,0.00584092922509,-0.00289977272041],[-0.00000580633604841,0.00086607830599,0.00115889904555,0.000092341506388,0.00245361099951,-0.00337757542729,0.00426583364606,0.0011189985089,-0.00786133576185,0.0208058841527,-0.00756948534399,0.000216108674067,0.00296399160288],[-0.0000572412282054,0.00132121320348,0.00180735706817,0.000156481764861,0.000124594414956,-0.00233645201661,-0.00205408153124,0.00704017840326,-0.00335764721967,-0.00756948534399,0.027114931494,-0.0120832519606,0.00126112333965],[-0.000307975744363,0.00015277309285,-0.000916069780942,-0.0000292913355224,-0.00303493905813,0.0048646456562,0.00038078048965,-0.00740330899134,0.00584092922509,0.000216108674067,-0.0120832519606,0.0290555600077,-0.0106443017721],[0.000510214595124,0.000207622564631,-0.000800795736723,-0.00310494587757,0.000537452171557,-0.00247488985769,-0.000625666812994,0.00202869391069,-0.00289977272041,0.00296399160288,0.00126112333965,-0.0106443017721,0.0309960246086]],"mean":[-614.383850098,123.710037231,-30.1620159149,45.9422683716,9.82839298248,13.8980779648,8.7798204422,5.2638835907,7.56991386414,-3.89963912964,-1.47225630283,-2.17123484612,-2.35277199745]},"pitch_salience":{"dmean":0.0733034089208,"dmean2":0.120452284813,"dvar":0.00479478994384,"dvar2":0.0124701950699,"max":0.870850205421,"mean":0.584014177322,"median":0.593337476254,"min":0.168844312429,"var":0.00983340572566},"silence_rate_20dB":{"dmean":0,"dmean2":0,"dvar":0,"dvar2":0,"max":1,"mean":1,"median":1,"min":1,"var":0},"silence_rate_30dB":{"dmean":0,"dmean2":0,"dvar":0,"dvar2":0,"max":1,"mean":1,"median":1,"min":1,"var":0},"silence_rate_60dB":{"dmean":0.000194779902813,"dmean2":0.000389597727917,"dvar":0.00019474196597,"dvar2":0.000389445951441,"max":1,"mean":0.0297984220088,"median":0,"min":0,"var":0.0289104767144},"spectral_centroid":{"dmean":214.605026245,"dmean2":337.377990723,"dvar":60216.953125,"dvar2":136341.515625,"max":11875.1601562,"mean":1937.61230469,"median":2007.74597168,"min":306.870422363,"var":1102870.875},"spectral_complexity":{"dmean":4.36443328857,"dmean2":6.69523715973,"dvar":17.7193508148,"dvar2":35.8752708435,"max":60,"mean":33.5917816162,"median":37,"min":0,"var":164.365646362},"spectral_contrast_coeffs":{"dmean":[0.0514107048512,0.0436870083213,0.0351576656103,0.0281389541924,0.0196226220578,0.0164563059807],"dmean2":[0.0848135054111,0.0726473107934,0.0572469383478,0.0466696806252,0.0326632633805,0.0265014115721],"dvar":[0.00174097204581,0.00123296282254,0.000806560390629,0.000499692629091,0.000249553850153,0.000226004049182],"dvar2":[0.00487340986729,0.0032815837767,0.00206067040563,0.00134935090318,0.000676117488183,0.000535813218448],"max":[-0.370330870152,-0.489978969097,-0.546955883503,-0.573858499527,-0.616474032402,-0.539729297161],"mean":[-0.648675024509,-0.76084882021,-0.780880749226,-0.781302392483,-0.78692650795,-0.700618803501],"median":[-0.647682368755,-0.76537913084,-0.787066578865,-0.788554430008,-0.79133784771,-0.69661039114],"min":[-0.98302513361,-0.978320538998,-0.977407813072,-0.974073410034,-0.96561819315,-0.963999152184],"var":[0.00497525325045,0.00393858365715,0.00331837846898,0.00256453128532,0.00134363514371,0.00299682607874]},"spectral_contrast_valleys":{"dmean":[0.369033545256,0.342810869217,0.294465392828,0.262098997831,0.197941347957,0.209814593196],"dmean2":[0.602096557617,0.567030668259,0.482557803392,0.422147512436,0.305614113808,0.289614975452],"dvar":[0.120653234422,0.121701210737,0.0976122617722,0.089379183948,0.0765628665686,0.0890919491649],"dvar2":[0.29966878891,0.283326327801,0.212057515979,0.187611043453,0.141050770879,0.151156783104],"max":[-5.22187662125,-4.94325017929,-5.31888198853,-5.50640296936,-5.499751091,-8.49055671692],"mean":[-6.89830446243,-6.9519701004,-7.13851928711,-7.1694817543,-6.89194107056,-10.5525112152],"median":[-6.61425971985,-6.66288280487,-6.82957267761,-6.85819387436,-6.41996717453,-10.1694307327],"min":[-28.1998004913,-28.0955600739,-27.7358627319,-27.6610145569,-27.5707416534,-27.4193458557],"var":[4.27260732651,4.38769197464,4.31907987595,4.28270101547,4.328520298,3.48252630234]},"spectral_decrease":{"dmean":2.66783883873e-9,"dmean2":4.31431113057e-9,"dvar":1.34601898115e-17,"dvar2":3.40744811068e-17,"max":2.14374925072e-28,"mean":-8.21703327603e-9,"median":-7.62596741311e-9,"min":-3.39222836487e-8,"var":1.94822325885e-17},"spectral_energy":{"dmean":0.0103483013809,"dmean2":0.0167173724622,"dvar":0.000196466498892,"dvar2":0.00049646262778,"max":0.129644557834,"mean":0.0334624350071,"median":0.0311877988279,"min":1.00439670787e-20,"var":0.000298306724289},"spectral_energyband_high":{"dmean":0.000237039130297,"dmean2":0.000367280037608,"dvar":1.01015707799e-7,"dvar2":2.26288022986e-7,"max":0.00638755131513,"mean":0.000943635648582,"median":0.000945332110859,"min":7.17386280286e-21,"var":5.30204317784e-7},"spectral_energyband_low":{"dmean":0.00891050510108,"dmean2":0.0145214535296,"dvar":0.00020020523516,"dvar2":0.000508687982801,"max":0.123184084892,"mean":0.0153808696195,"median":0.0112616969272,"min":1.55600020987e-23,"var":0.000220522430027},"spectral_energyband_middle_high":{"dmean":0.00235333736055,"dmean2":0.00366364349611,"dvar":0.00000883787834027,"dvar2":0.0000216785447265,"max":0.0492672361434,"mean":0.00929965078831,"median":0.0074988277629,"min":1.28290563323e-21,"var":0.0000465490556962},"spectral_energyband_middle_low":{"dmean":0.00341140688397,"dmean2":0.00563549529761,"dvar":0.0000155207708303,"dvar2":0.0000434916728409,"max":0.0473263002932,"mean":0.0102104069665,"median":0.00892230682075,"min":1.5714614103e-22,"var":0.0000423042911279},"spectral_entropy":{"dmean":0.0824932530522,"dmean2":0.12379116565,"dvar":0.0102687496692,"dvar2":0.0201192982495,"max":9.8189573288,"mean":7.73411083221,"median":7.79857492447,"min":6.34205055237,"var":0.106817722321},"spectral_flux":{"dmean":0.0262907166034,"dmean2":0.0405059158802,"dvar":0.000914877280593,"dvar2":0.00169604737312,"max":0.306330412626,"mean":0.0986442044377,"median":0.0918419361115,"min":6.30120261524e-11,"var":0.00214887550101},"spectral_kurtosis":{"dmean":1.48270428181,"dmean2":2.58335900307,"dvar":2.42747378349,"dvar2":7.13156032562,"max":35.2899055481,"mean":4.41100072861,"median":3.92748498917,"min":-1.25148677826,"var":6.69156646729},"spectral_rms":{"dmean":0.000811610370874,"dmean2":0.00128595996648,"dvar":9.07514504433e-7,"dvar2":0.00000221834579861,"max":0.0112464437261,"mean":0.00549064204097,"median":0.00551607832313,"min":3.13033409957e-12,"var":0.00000249913159678},"spectral_rolloff":{"dmean":450.853027344,"dmean2":738.936828613,"dvar":318617.3125,"dvar2":722015.375,"max":19616.7480469,"mean":1976.75183105,"median":1981.0546875,"min":64.599609375,"var":3342186},"spectral_skewness":{"dmean":0.185717955232,"dmean2":0.311922520399,"dvar":0.0304016694427,"dvar2":0.083600088954,"max":4.0614323616,"mean":1.17886781693,"median":1.13884103298,"min":-0.080718331039,"var":0.20967246592},"spectral_spread":{"dmean":264208.3125,"dmean2":402924.96875,"dvar":334573633536,"dvar2":683772411904,"max":42607416,"mean":3620856.75,"median":3192044.5,"min":1529579.875,"var":11796876361700},"spectral_strongpeak":{"dmean":0.436002165079,"dmean2":0.782338559628,"dvar":0.914997339249,"dvar2":2.52866649628,"max":9.73106384277,"mean":0.590967953205,"median":0.337244480848,"min":0,"var":0.907682776451},"zerocrossingrate":{"dmean":0.00775172654539,"dmean2":0.00968292076141,"dvar":0.0000698587537045,"dvar2":0.000116465082101,"max":0.52734375,"mean":0.0650983676314,"median":0.0634765625,"min":0.009765625,"var":0.00213967706077}},"metadata":{"audio_properties":{"analysis_sample_rate":44100,"bit_rate":0,"codec":"flac","downmix":"mix","equal_loudness":0,"length":238.399993896,"lossless":true,"md5_encoded":"af19be09350efe9efc18770920dc4b13","replay_gain":-13.0529289246},"tags":{"album":["Without You I'm Nothing"],"albumartist":["Placebo"],"albumartistsort":["Placebo"],"artist":["Placebo"],"artistsort":["Placebo"],"barcode":["724384653125"],"composer":["Placebo"],"date":["1998-10-12"],"discnumber":["1"],"disctotal":["1"],"file_name":"03. You Don't Care About Us.flac","mixer":["Jake Davies"],"musicbrainz_albumartistid":["847e8284-8582-4b0e-9c26-b042a4f49e57"],"musicbrainz_albumid":["febbd996-fc2b-4811-a389-ef339c015664"],"musicbrainz_artistid":["847e8284-8582-4b0e-9c26-b042a4f49e57"],"musicbrainz_recordingid":["41a2a087-05a0-4949-b695-61aed0cd0792"],"originaldate":["1998-10-09"],"title":["You Don't Care About Us"],"totaldiscs":["1"],"totaltracks":["12"],"tracknumber":["3"],"tracktotal":["12"]},"version":{"essentia":"2.1-beta1","essentia_build_sha":"50a0fbec89d6a9cedea3d45b6611406f7e8c7b1a","essentia_git_sha":"v2.1_beta1-7-ge0e83e8-dirty","extractor":"music 1.0"}},"rhythm":{"beats_count":402,"beats_loudness":{"dmean":0.00924154277891,"dmean2":0.0154227139428,"dvar":0.0000692680623615,"dvar2":0.000182004674571,"max":0.0766250863671,"mean":0.0338304713368,"median":0.0344609543681,"min":0,"var":0.000182592688361},"beats_loudness_band_ratio":{"dmean":[0.178430974483,0.0858231708407,0.0558141730726,0.0744897946715,0.0781080424786,0.0312011707574],"dmean2":[0.307968467474,0.15193849802,0.0977730676532,0.134614631534,0.140278324485,0.0533360950649],"dvar":[0.0209148656577,0.00480283098295,0.00369427469559,0.00614365004003,0.0044530602172,0.000969724846072],"dvar2":[0.0666880980134,0.0137740839273,0.00974493846297,0.0165788400918,0.0135763240978,0.00228990591131],"max":[0.885306835175,0.447351843119,0.485220372677,0.52401471138,0.491312503815,0.436917424202],"mean":[0.399829417467,0.144865453243,0.0942513123155,0.126356318593,