{"lowlevel":{"average_loudness":0.740594387054,"barkbands":{"dmean":[0.00000666589266984,0.00181891443208,0.00233178515919,0.00113760621753,0.00149162404705,0.00104302039836,0.0011808485724,0.00222559389658,0.000681926903781,0.000204239011509,0.000150235049659,0.000377319287509,0.00028377387207,0.000178069341928,0.0000993014473352,0.0000714704801794,0.0000650755609968,0.0000486976423417,0.0000801863643574,0.0000402086807298,0.0000173470507434,0.0000154581339302,0.0000152532593347,0.00000988469309959,0.00000438863844465,7.6945048022e-7,9.20497100765e-8],"dmean2":[0.0000107090936581,0.0028385061305,0.00347073678859,0.00184162519872,0.00234498293139,0.00150808831677,0.00187446328346,0.0033572234679,0.00101913628168,0.000313884636853,0.000240419292822,0.000622107239906,0.000450431747595,0.00028085365193,0.000160804702318,0.000115760914923,0.000102284415334,0.0000781844209996,0.000120861914183,0.0000623547603027,0.0000259559019469,0.0000225136882364,0.0000218414625124,0.0000138112873174,0.0000064451878643,0.00000115916895993,1.44620983633e-7],"dvar":[1.45341993996e-9,0.0000332192503265,0.0000190655791812,0.00000831188481243,0.00000664465778755,0.00000414797023041,0.0000225255480473,0.0000450719380751,0.00000493148036185,4.25023898742e-7,1.79542340106e-7,0.00000114683916763,8.97872098449e-7,3.68044567267e-7,4.88787748054e-8,2.47123370656e-8,1.55030033255e-8,9.75038183526e-9,4.01527664451e-8,7.18290893431e-9,3.06802361294e-9,2.53521448279e-9,3.86823684195e-9,2.30788543831e-9,5.1581633409e-10,1.51914088947e-11,4.03686382011e-14],"dvar2":[2.67588173841e-9,0.0000836705294205,0.0000482324612676,0.0000232183920161,0.0000177352976607,0.00000945084047999,0.0000592239157413,0.000103880112874,0.0000110019745989,0.00000105126946437,4.32634351455e-7,0.00000323193535223,0.00000218942318497,8.60419049786e-7,1.22980125639e-7,6.392609464e-8,3.655750902e-8,2.37577335582e-8,9.57693302439e-8,1.69209606327e-8,6.6568417445e-9,5.2337676415e-9,7.93383048148e-9,4.03471966948e-9,1.03000163953e-9,3.4237411517e-11,9.31289821735e-14],"max":[0.00187368097249,0.0932192876935,0.0799038484693,0.0566134527326,0.0488139912486,0.0466599501669,0.131595224142,0.161016151309,0.0534389913082,0.0214040484279,0.0110278446227,0.0291672889143,0.032661087811,0.0245788916945,0.00483634881675,0.00289429700933,0.00310567696579,0.00164477759972,0.00647132424638,0.00212832796387,0.00101374264341,0.00122959178407,0.00328592536971,0.00161245954223,0.000861590204295,0.0000910994058358,0.00000429000556323],"mean":[0.00000802287377155,0.00282330135815,0.00551820779219,0.00197577476501,0.00312813511118,0.00233135116287,0.0017489666352,0.00364944431931,0.00116696127225,0.000347808323568,0.000232776423218,0.000617738813162,0.00049950304674,0.00031009275699,0.000183011638001,0.000141015145346,0.000125684862724,0.0000976548399194,0.000181616458576,0.000090634188382,0.0000317572921631,0.0000299090097542,0.0000300281863019,0.0000179072358151,0.00000785075644671,0.00000146520812905,2.31534855288e-7],"median":[0.00000266501137958,0.000387295236578,0.00243792519905,0.000881956191733,0.00214821472764,0.00109231425449,0.000404838239774,0.000615536468104,0.000258477550233,0.0000797100292402,0.0000492477411171,0.000144615289173,0.0000745625802665,0.0000646327534923,0.0000691702152835,0.0000462793759652,0.0000537223495485,0.0000440348776465,0.0000719650270185,0.0000377129181288,0.0000128024375954,0.0000122215060401,0.0000121172261061,0.00000644364172331,0.00000263845095105,7.52348114474e-7,1.60555714501e-7],"min":[7.44297511736e-25,1.6231461963e-24,6.20806612531e-25,2.29021486637e-24,5.47035555282e-24,8.86528432833e-24,5.65282341894e-24,6.91324880722e-24,2.27718852457e-23,1.57613809329e-23,2.07999096875e-23,2.45387853675e-23,3.41297956962e-23,2.80249747001e-23,5.30451971449e-23,3.66813978486e-23,6.18055542954e-23,9.07693397371e-23,1.51591954412e-22,1.90038094059e-22,2.99130274487e-22,3.21446884439e-22,3.96890890841e-22,5.90456606785e-22,7.79729707714e-22,1.24033400348e-21,1.95917344381e-21],"var":[2.21242379972e-9,0.0000470060040243,0.0000697529758327,0.0000114168797154,0.0000121961838886,0.0000122881938296,0.0000320872823067,0.000105994229671,0.00000982859000942,8.77344518813e-7,3.43488864019e-7,0.00000245770411311,0.00000190925811694,8.31087334063e-7,1.1872545258e-7,7.20464328197e-8,3.79575375575e-8,2.45665141563e-8,1.22160074056e-7,2.28808545444e-8,5.05620567637e-9,4.64672345046e-9,7.6561397222e-9,4.7507624501e-9,8.58636717282e-10,1.67464635908e-11,6.42074013315e-14]},"barkbands_crest":{"dmean":2.3803563118,"dmean2":3.85476493835,"dvar":5.16007471085,"dvar2":13.1389656067,"max":26.1809101105,"mean":10.9258966446,"median":10.1867609024,"min":3.15825533867,"var":16.7587604523},"barkbands_flatness_db":{"dmean":0.0184688977897,"dmean2":0.0274572279304,"dvar":0.000325802189764,"dvar2":0.000716100505088,"max":0.396395117044,"mean":0.180220887065,"median":0.175451725721,"min":0.0342977903783,"var":0.00280923908576},"barkbands_kurtosis":{"dmean":3.82475924492,"dmean2":5.82141017914,"dvar":50.6766242981,"dvar2":111.827163696,"max":238.095916748,"mean":8.38571548462,"median":4.94497585297,"min":-1.93053972721,"var":145.264450073},"barkbands_skewness":{"dmean":0.524060964584,"dmean2":0.783357799053,"dvar":0.303141832352,"dvar2":0.649105548859,"max":13.2762060165,"mean":2.06671333313,"median":1.89578986168,"min":-3.60371303558,"var":1.92277598381},"barkbands_spread":{"dmean":3.27633333206,"dmean2":4.86368322372,"dvar":23.0036888123,"dvar2":41.3627662659,"max":127.885795593,"mean":13.091676712,"median":10.7296533585,"min":0.589684784412,"var":114.36492157},"dissonance":{"dmean":0.023036731407,"dmean2":0.0385720357299,"dvar":0.000536383944564,"dvar2":0.00147393788211,"max":0.500000059605,"mean":0.446401149035,"median":0.457771480083,"min":0.214986860752,"var":0.00172577844933},"dynamic_complexity":4.69080352783,"erbbands":{"dmean":[0.0179973673075,0.527032315731,2.3586564064,3.39059853554,4.08864068985,5.01081466675,8.74050140381,7.93858242035,10.5996656418,38.360660553,38.0651817322,13.7754325867,6.65648174286,5.12990474701,5.97239351273,15.1436300278,13.9913892746,8.88151073456,5.28611278534,4.61811971664,3.57732915878,3.74237680435,2.75263118744,2.37201309204,4.82332468033,1.49542272091,0.497226387262,0.928264737129,0.608297288418,0.389870047569,0.446103215218,0.198802828789,0.173763796687,0.0742739588022,0.0194276049733,0.00535289105028,0.00106744666118,0.000165141726029,0.0000178573773155,0.00000864843968884],"dmean2":[0.0295808501542,0.810666143894,3.45799303055,5.25589513779,6.62319755554,8.01104927063,12.6473770142,11.6054162979,15.9055261612,60.4858589172,56.9483642578,20.712928772,10.2287988663,7.95162534714,9.67843055725,25.080280304,22.453666687,13.9570045471,8.32761192322,7.43114280701,5.72305679321,5.86719417572,4.38455677032,3.58823728561,7.29579019547,2.2825460434,0.766543984413,1.37137329578,0.872784912586,0.570744812489,0.636086940765,0.278477072716,0.249821171165,0.10757522285,0.0278527550399,0.00800488423556,0.00159866316244,0.000249448348768,0.0000277962171822,0.0000127280663946],"dvar":[0.00340290274471,2.6133711338,25.4705715179,48.0466804504,94.9980545044,76.5730895996,224.360900879,315.028594971,1013.39447021,18253.0898438,15424.2226562,1954.05114746,344.748443604,329.783538818,208.638702393,1773.57958984,2080.63256836,1026.00024414,191.042663574,88.220199585,58.736530304,53.5713386536,30.9863395691,25.3541641235,158.530502319,8.92060756683,2.23419213295,9.23204231262,3.80281615257,2.21088337898,3.01075100899,0.714559316635,0.803475797176,0.146578371525,0.00793890096247,0.000732860411517,0.0000251390192716,3.0434330256e-7,1.22061183383e-9,2.14214576633e-10],"dvar2":[0.00869884248823,6.58611297607,64.2387008667,131.177215576,260.744384766,206.097106934,523.604675293,717.214355469,2359.81323242,43974.578125,36433.8945312,4518.99560547,852.739379883,842.383361816,537.997314453,4962.53564453,5137.13671875,2337.52319336,465.377349854,230.861846924,153.243865967,125.810531616,77.8715896606,51.0578689575,403.807373047,20.4292201996,5.11815261841,19.6975593567,7.57441663742,4.92336177826,5.78632211685,1.2424608469,1.38776755333,0.276855975389,0.0155382370576,0.00164000224322,0.0000560568259971,6.58619171645e-7,2.71753219927e-9,4.73968475578e-10],"max":[0.935214042664,26.8709545135,99.6079330444,141.857940674,148.049163818,158.473358154,259.384613037,558.827209473,959.208435059,3464.28808594,3495.65649414,1036.5123291,536.68371582,484.48727417,337.169921875,1061.51367188,1570.34423828,1436.90393066,336.566741943,164.306488037,146.188644409,184.321243286,88.9261322021,139.505477905,443.673675537,78.8303756714,31.3138618469,57.3840789795,55.068775177,67.7652816772,81.170463562,29.1207923889,31.1291484833,14.1534099579,3.06820654869,0.599867284298,0.122224539518,0.0114972293377,0.000715406087693,0.000249429605901],"mean":[0.0249259155244,0.885364055634,5.509370327,7.52580118179,7.40829658508,9.89628601074,19.2416057587,16.8863220215,18.5118083954,59.7717514038,65.3606872559,24.8926448822,12.2893981934,9.13971710205,10.0882062912,25.6021537781,26.6332206726,16.7659893036,11.0254573822,9.84126186371,7.45163202286,7.6358089447,5.80318069458,5.61319732666,11.0236635208,3.95668029785,1.12232398987,1.62698125839,1.16561985016,0.807046234608,0.861478626728,0.388167023659,0.295553207397,0.128942936659,0.0364873632789,0.0093153314665,0.00221519265324,0.000434602989117,0.0000512877486472,0.0000303370070469],"median":[0.00657318392769,0.148986756802,1.98840069771,4.21792888641,4.17387390137,6.30912351608,10.3607263565,7.44115972519,6.74373579025,9.68726444244,14.3117275238,6.64351177216,3.7709646225,2.07892751694,2.89375448227,6.59274339676,4.87067842484,4.08015918732,3.67601728439,4.12327766418,3.25287818909,3.43229937553,2.64148497581,2.85521268845,3.96620345116,1.77778434753,0.580486476421,0.58185261488,0.442691713572,0.396736085415,0.329781979322,0.165175229311,0.0895712673664,0.0396612286568,0.0143556334078,0.0044093709439,0.00120602920651,0.000274499470834,0.0000392166439269,0.0000218045934162],"min":[7.6876779755e-23,3.90390071137e-22,2.82191494672e-21,9.55927478267e-21,1.5304356753e-20,1.89720626643e-20,3.43455019231e-20,4.45571596762e-20,7.72820693765e-20,9.09429701175e-20,2.7019301532e-19,5.05639998817e-19,5.1212250988e-19,6.80284606099e-19,1.27392297361e-18,1.085502914e-18,1.80289349821e-18,2.00261377557e-18,2.12326344458e-18,3.15976707423e-18,2.52198497255e-18,4.35431348606e-18,5.10869103777e-18,7.07257208116e-18,7.21284206071e-18,8.54323799891e-18,9.04440108946e-18,1.11407340148e-17,1.05505125236e-17,1.27277263421e-17,1.09137134685e-17,1.08188962365e-17,9.78126929555e-18,7.58024921903e-18,6.48412737392e-18,4.32715673296e-18,2.09533575915e-18,9.38341072376e-19,2.61762235421e-19,2.5908220901e-20],"var":[0.00394207239151,4.04197835922,90.0625610352,102.839889526,121.260528564,138.996047974,654.10546875,821.774536133,1852.25964355,32597.2949219,35659.1679688,4067.18334961,788.750610352,698.274414062,411.296600342,3756.02124023,4748.43164062,2259.79394531,611.612121582,254.980163574,145.979629517,133.40007019,83.4976654053,82.3626480103,465.503509521,37.1476593018,3.6905066967,16.5432529449,7.51082706451,3.55632734299,6.59810352325,1.54758989811,1.62688612938,0.265212327242,0.0131205804646,0.000815942534246,0.0000300532719848,4.74554241237e-7,2.29018826126e-9,8.65921279125e-10]},"erbbands_crest":{"dmean":2.88255214691,"dmean2":4.64337825775,"dvar":7.97584867477,"dvar2":20.0238227844,"max":31.2232761383,"mean":10.6747646332,"median":9.35065078735,"min":2.69315671921,"var":27.7836227417},"erbbands_flatness_db":{"dmean":0.0159405227751,"dmean2":0.0237703938037,"dvar":0.000250440090895,"dvar2":0.000547233037651,"max":0.358010619879,"mean":0.180671036243,"median":0.175721645355,"min":0.0323298051953,"var":0.00231159594841},"erbbands_kurtosis":{"dmean":1.42488265038,"dmean2":2.2411737442,"dvar":6.79273939133,"dvar2":15.7943496704,"max":65.8419799805,"mean":1.47788703442,"median":0.0840072631836,"min":-1.87325322628,"var":19.88230896},"erbbands_skewness":{"dmean":0.403738081455,"dmean2":0.613560855389,"dvar":0.159126266837,"dvar2":0.361366271973,"max":6.82782268524,"mean":0.761292636395,"median":0.636196672916,"min":-2.93054914474,"var":0.863142430782},"erbbands_spread":{"dmean":6.95942306519,"dmean2":10.5923509598,"dvar":59.7355079651,"dvar2":130.719589233,"max":163.844406128,"mean":36.3131523132,"median":33.4117393494,"min":2.71871995926,"var":436.084075928},"gfcc":{"cov":[[26200.9492188,3126.87792969,-3367.47290039,467.282897949,-1172.67077637,241.134872437,-728.88104248,-22.7590122223,-492.611450195,-141.768630981,-227.501907349,-493.620819092,-383.593505859],[3126.87792969,1027.37023926,-220.017807007,-165.259841919,-55.0060653687,-62.4457817078,-36.1102676392,-2.81888628006,-58.0167274475,-79.1055450439,62.6301879883,-88.3971939087,-97.0879821777],[-3367.47290039,-220.017807007,936.467407227,67.5249252319,198.193572998,23.5850486755,100.867042542,9.64211845398,50.297668457,0.811662793159,21.6657333374,104.583251953,62.3391723633],[467.282897949,-165.259841919,67.5249252319,508.461975098,122.451683044,-9.53027057648,-76.8515548706,-14.4895305634,54.9776268005,-13.4820165634,-79.656829834,16.456817627,45.2755508423],[-1172.67077637,-55.0060653687,198.193572998,122.451683044,298.728118896,34.7251434326,57.3573799133,20.8632221222,57.3352012634,28.3788471222,-11.3598871231,14.3512926102,22.3553409576],[241.134872437,-62.4457817078,23.5850486755,-9.53027057648,34.7251434326,272.113220215,111.393569946,12.0743789673,-18.2045383453,56.7027740479,-18.7200737,2.69428920746,-0.923533141613],[-728.88104248,-36.1102676392,100.867042542,-76.8515548706,57.3573799133,111.393569946,199.003723145,57.3404693604,22.0528202057,34.6999130249,20.2637233734,2.15772271156,-24.5648536682],[-22.7590122223,-2.81888628006,9.64211845398,-14.4895305634,20.8632221222,12.0743789673,57.3404693604,96.7654876709,24.3632831573,0.914209187031,4.49604797363,-10.2428236008,-10.8405914307],[-492.611450195,-58.0167274475,50.297668457,54.9776268005,57.3352012634,-18.2045383453,22.0528202057,24.3632831573,136.744415283,45.0782852173,-2.32380151749,-17.6960830688,-6.65102529526],[-141.768630981,-79.1055450439,0.811662793159,-13.4820165634,28.3788471222,56.7027740479,34.6999130249,0.914209187031,45.0782852173,121.979438782,15.274720192,-9.39825439453,-0.57333445549],[-227.501907349,62.6301879883,21.6657333374,-79.656829834,-11.3598871231,-18.7200737,20.2637233734,4.49604797363,-2.32380151749,15.274720192,107.109458923,26.7325229645,-4.56406641006],[-493.620819092,-88.3971939087,104.583251953,16.456817627,14.3512926102,2.69428920746,2.15772271156,-10.2428236008,-17.6960830688,-9.39825439453,26.7325229645,109.049179077,57.2961769104],[-383.593505859,-97.0879821777,62.3391723633,45.2755508423,22.3553409576,-0.923533141613,-24.5648536682,-10.8405914307,-6.65102529526,-0.57333445549,-4.56406641006,57.2961769104,100.981704712]],"icov":[[0.000771661812905,-0.00240165414289,0.00169468531385,-0.00211729272269,0.00226916396059,-0.00180927081965,0.0018455486279,-0.00214161607437,0.00143839919474,-0.00188085017726,0.00138527853414,-0.00101867946796,0.000950140703935],[-0.00240165414289,0.00883328355849,-0.00508033065125,0.00688466383144,-0.0074092997238,0.00554290553555,-0.00539225246757,0.00676508713514,-0.00424176827073,0.00691716745496,-0.00541379256174,0.0041555496864,-0.00231799134053],[0.00169468531385,-0.00508033065125,0.00522275222465,-0.00460716802627,0.0041805524379,-0.00381291797385,0.00332405534573,-0.00427859323099,0.0027548216749,-0.00360522326082,0.00288737891242,-0.00326997111551,0.00193030096125],[-0.00211729272269,0.00688466383144,-0.00460716802627,0.00882247369736,-0.00743960728869,0.00447264732793,-0.00339013733901,0.00582056678832,-0.00517478911206,0.00593730248511,-0.00226939539425,0.002222340554,-0.00271766097285],[0.00226916396059,-0.0074092997238,0.0041805524379,-0.00743960728869,0.0115837827325,-0.00530458241701,0.00402888236567,-0.00649512698874,0.00331892888062,-0.00631497893482,0.00432241195813,-0.00274501275271,0.00185640028212],[-0.00180927081965,0.00554290553555,-0.00381291797385,0.00447264732793,-0.00530458241701,0.010350770317,-0.00822777673602,0.00573838688433,-0.000999864656478,0.00140759057831,-0.00127316522412,0.00206618825905,-0.00259930919856],[0.0018455486279,-0.00539225246757,0.00332405534573,-0.00339013733901,0.00402888236567,-0.00822777673602,0.0150301614776,-0.00975070986897,0.00233266851865,-0.00444626202807,0.00220636720769,-0.00347892707214,0.00513853738084],[-0.00214161607437,0.00676508713514,-0.00427859323099,0.00582056678832,-0.00649512698874,0.00573838688433,-0.00975070986897,0.0195210371166,-0.00607364019379,0.00713077001274,-0.00430315546691,0.00417672516778,-0.00330920750275],[0.00143839919474,-0.00424176827073,0.0027548216749,-0.00517478911206,0.00331892888062,-0.000999864656478,0.00233266851865,-0.00607364019379,0.0137202395126,-0.0079977363348,0.00267776101828,-0.0000986976738204,0.00221207761206],[-0.00188085017726,0.00691716745496,-0.00360522326082,0.00593730248511,-0.00631497893482,0.00140759057831,-0.00444626202807,0.00713077001274,-0.0079977363348,0.0173608101904,-0.00676256697625,0.00479345954955,-0.00328944716603],[0.00138527853414,-0.00541379256174,0.00288737891242,-0.00226939539425,0.00432241195813,-0.00127316522412,0.00220636720769,-0.00430315546691,0.00267776101828,-0.00676256697625,0.0162183977664,-0.00750841805711,0.0035295963753],[-0.00101867946796,0.0041555496864,-0.00326997111551,0.002222340554,-0.00274501275271,0.00206618825905,-0.00347892707214,0.00417672516778,-0.0000986976738204,0.00479345954955,-0.00750841805711,0.0187801215798,-0.00959766842425],[0.000950140703935,-0.00231799134053,0.00193030096125,-0.00271766097285,0.00185640028212,-0.00259930919856,0.00513853738084,-0.00330920750275,0.00221207761206,-0.00328944716603,0.0035295963753,-0.00959766842425,0.0175024494529]],"mean":[-73.0233459473,117.302276611,-106.076934814,30.828212738,-56.9832763672,-1.10840797424,-40.5180397034,-0.121787160635,-20.2044277191,-5.01778078079,-8.87938785553,-11.1496667862,-19.9983177185]},"hfc":{"dmean":3.35723400116,"dmean2":4.8943772316,"dvar":35.1207733154,"dvar2":78.0498733521,"max":110.614273071,"mean":11.7104377747,"median":7.99456214905,"min":1.11396016046e-16,"var":158.455337524},"melbands":{"dmean":[0.000330999027938,0.00104731018655,0.000569378957152,0.00030953908572,0.000288627867121,0.000183485171874,0.000176842819201,0.000463257310912,0.000292133860057,0.0000759108370403,0.0000333310708811,0.0000220765177801,0.0000179872658919,0.0000289517138299,0.0000502132788824,0.0000259202224697,0.0000178243626578,0.00000979249125521,0.00000776386696089,0.00000577050195716,0.00000417899354943,0.00000431378202848,0.00000307676396005,0.00000213589214582,0.00000205945480047,0.00000341172221852,0.00000289071931547,8.20542595648e-7,3.32932245328e-7,3.43912233802e-7,6.52124583667e-7,4.15473380144e-7,2.02056710918e-7,2.64617057155e-7,3.2367185554e-7,1.48934333311e-7,1.19129708764e-7,1.2857692866e-7,1.15747887719e-7,4.86583466852e-8],"dmean2":[0.000526021467522,0.0015436403919,0.00088703725487,0.000496208842378,0.00042553813546,0.000267554365564,0.000272203731583,0.000721953809261,0.000434897956438,0.000114409645903,0.0000512604274263,0.000034184580727,0.0000290116222459,0.00004769921361,0.0000828632619232,0.0000405256687372,0.0000281253596768,0.0000153038618009,0.0000126430559249,0.00000927444580157,0.00000671130192131,0.00000680515358908,0.00000490738602821,0.00000343483475262,0.00000320162826029,0.0000050906423894,0.00000445705109087,0.0000013061427353,5.24072447661e-7,5.30391275788e-7,9.66156108007e-7,6.02608395184e-7,3.07863473381e-7,4.01145769047e-7,4.66631462359e-7,2.16313509327e-7,1.74801755293e-7,1.90946764178e-7,1.68010998891e-7,7.17981407661e-8],"dvar":[0.00000113263718049,0.00000591422758589,0.00000147350056068,3.73509266183e-7,2.17841900962e-7,1.45969224263e-7,3.40555089906e-7,0.00000222405719796,9.32052671487e-7,6.06332122288e-8,9.26900955989e-9,5.94784133057e-9,1.99761540642e-9,5.71304337171e-9,2.68736233267e-8,1.11982165762e-8,4.74948480544e-9,8.04171562674e-10,3.17829595975e-10,1.61622298878e-10,8.89089912803e-11,7.1785924427e-11,4.31182416161e-11,2.10470772755e-11,2.08113630495e-11,8.34544794381e-11,4.30387045447e-11,3.45049336326e-12,8.51271256177e-13,1.39061754733e-12,4.71335860966e-12,1.78826311398e-12,4.68459418392e-13,1.34123246363e-12,1.67684941453e-12,3.56712245462e-13,2.79508268744e-13,4.70929122521e-13,4.39117980259e-13,5.92089785946e-14],"dvar2":[0.00000283800795842,0.0000148745266415,0.00000404226420869,0.00000100628619748,5.31889725153e-7,3.34732220608e-7,8.51592403706e-7,0.00000520137155036,0.00000218671061702,1.38992177767e-7,2.26995133801e-8,1.51959991257e-8,4.85694862107e-9,1.57109276699e-8,7.3978462467e-8,2.67950213129e-8,1.0830746966e-8,1.9448387345e-9,8.34605440314e-10,4.08452355272e-10,2.34004482458e-10,1.71675007543e-10,1.05078126755e-10,5.38368898073e-11,4.36828524741e-11,1.98371805094e-10,1.01035110833e-10,8.71889366261e-12,2.01468073995e-12,3.19810866158e-12,1.02170303468e-11,3.612239197e-12,1.05137589173e-12,3.17996063509e-12,3.35524338348e-12,6.7185048757e-13,5.52938825369e-13,9.50787734134e-13,8.57047722722e-13,1.12020195366e-13],"max":[0.0161916464567,0.0456635802984,0.0237883683294,0.0109754567966,0.00696944352239,0.0110431965441,0.0155652351677,0.0322128459811,0.0252808760852,0.00567435100675,0.0029642470181,0.00214088801295,0.000993863679469,0.00145926501136,0.00439540343359,0.00421785982326,0.00316654029302,0.000746610166971,0.000473139603855,0.000270003365586,0.000209994745092,0.000171594234416,0.000161033458426,0.0000794291117927,0.000133026507683,0.000306512636598,0.000173426029505,0.0000500368623761,0.000021999285309,0.0000210534744838,0.0000455859917565,0.0000432616834587,0.0000197098124772,0.0000617229670752,0.0000645543259452,0.000016971527657,0.0000175366494659,0.0000246682411671,0.0000260412089119,0.00000897008339962],"mean":[0.000491227896418,0.00237509934232,0.00129329715855,0.000612650241237,0.000638690951746,0.000400459888624,0.000290295341983,0.00073316891212,0.000499059271533,0.000133754190756,0.0000585947418585,0.000037789101043,0.0000292125678243,0.0000463164360553,0.0000855223406688,0.000046490567911,0.0000302558801195,0.0000187378136616,0.0000138700097523,0.0000119790620374,0.00000766399534768,0.00000813137648947,0.00000602014461037,0.00000429838519267,0.00000427972145189,0.00000758600253903,0.00000671482803227,0.00000177711467586,6.69039877721e-7,6.03890612183e-7,0.00000108147401079,7.36988113204e-7,3.98723159378e-7,4.98240524394e-7,5.99114343913e-7,2.74989048421e-7,2.1708684983e-7,2.03697794632e-7,1.82858499898e-7,8.46341734473e-8],"median":[0.0000845435715746,0.000859935767949,0.000772799365222,0.000399464101065,0.000372653041268,0.000185119584785,0.0000886613561306,0.000107765103166,0.000107093648694,0.000031920040783,0.0000156922797032,0.00000732830585548,0.00000741164467399,0.0000139292033055,0.0000161510379257,0.00000556472241442,0.00000632122100797,0.00000474332773592,0.00000551269386051,0.00000405636683354,0.00000314856538353,0.00000345528519574,0.00000242321675614,0.00000193568212126,0.00000199489772967,0.00000280575932265,0.00000222370658776,8.05322940778e-7,3.18168872582e-7,2.74708071402e-7,3.36734103712e-7,2.6333972869e-7,1.73114983681e-7,2.29521162964e-7,2.122911269e-7,1.05317653265e-7,9.17982703186e-8,6.15275652649e-8,4.88786042752e-8,2.67227395767e-8],"min":[8.93789069161e-25,1.44200302486e-24,1.80608205415e-24,1.54619005398e-24,9.99444661464e-25,1.10556331512e-24,1.28542261543e-24,7.19633923445e-25,2.38014303741e-24,3.57290486762e-24,2.14099196538e-24,2.29457470337e-24,3.26009213363e-24,2.46265808531e-24,3.53733394611e-24,2.99014629845e-24,2.96573381445e-24,3.05214267978e-24,4.36861505765e-24,3.16873632157e-24,2.25360402897e-24,3.90582507444e-24,3.57616877962e-24,4.53049404857e-24,4.77433568754e-24,4.68047741147e-24,4.82416881978e-24,4.87597055442e-24,5.67843891582e-24,5.39709561828e-24,5.42799648323e-24,5.1845776737e-24,6.11103012029e-24,6.59684853105e-24,5.72137977034e-24,6.79711191589e-24,6.34784971391e-24,6.20476691178e-24,7.31859867248e-24,4.39163323001e-24],"var":[0.00000148859282945,0.0000165923192981,0.00000281774737232,5.7590995084e-7,6.20795844952e-7,3.95654382146e-7,5.73464888021e-7,0.00000447736510978,0.00000212801523958,1.27389753857e-7,2.06960422133e-8,1.23808634456e-8,3.9112069139e-9,9.17957887481e-9,5.80151713336e-8,2.3652621195e-8,9.46395850576e-9,2.54458987214e-9,6.83432310744e-10,5.23618315373e-10,1.70315123116e-10,1.66988409211e-10,1.05857017596e-10,5.28881764772e-11,5.79792845679e-11,2.46692083428e-10,1.6077519871e-10,8.43395058653e-12,1.44038741438e-12,1.82054393262e-12,8.63382802752e-12,3.46057232349e-12,6.91252177026e-13,1.91831142984e-12,3.56785911579e-12,7.56305662628e-13,5.2213230484e-13,7.96212542512e-13,7.34510596876e-13,1.02161931258e-13]},"melbands_crest":{"dmean":2.90515756607,"dmean2":4.60870838165,"dvar":7.55974054337,"dvar2":19.3839817047,"max":32.2939109802,"mean":15.2746458054,"median":14.3750762939,"min":1.54016292095,"var":31.1268577576},"melbands_flatness_db":{"dmean":0.021152254194,"dmean2":0.0307653769851,"dvar":0.000470443628728,"dvar2":0.000983642647043,"max":0.52776324749,"mean":0.25633507967,"median":0.253867954016,"min":0.00335061945952,"var":0.00509637780488},"melbands_kurtosis":{"dmean":8.30699729919,"dmean2":12.7784147263,"dvar":246.89630127,"dvar2":569.913330078,"max":542.189025879,"mean":20.2870349884,"median":10.9356279373,"min":-1.83418524265,"var":1161.73730469},"melbands_skewness":{"dmean":0.729396939278,"dmean2":1.10900604725,"dvar":0.597284436226,"dvar2":1.39818847179,"max":20.5966587067,"mean":3.00257825851,"median":2.64680671692,"min":-1.87599766254,"var":4.26805496216},"melbands_spread":{"dmean":3.71205401421,"dmean2":5.58840513229,"dvar":44.8026542664,"dvar2":86.7602920532,"max":206.66696167,"mean":14.5793952942,"median":10.2494268417,"min":0.600040376186,"var":355.624176025},"mfcc":{"cov":[[12402.3388672,1509.03320312,-1092.53271484,-108.691810608,-276.588867188,75.1770935059,31.0098724365,-66.4598922729,-40.4495544434,87.2038345337,23.9255695343,-30.1707553864,10.3673877716],[1509.03320312,1263.85400391,1.88062775135,-87.9243850708,-32.2655067444,-117.293113708,70.4356079102,36.4142913818,-137.657516479,20.1696434021,31.0649299622,-4.28172826767,40.5232658386],[-1092.53271484,1.88062775135,532.701904297,79.775138855,69.7239532471,39.0197181702,32.0942649841,33.3967018127,33.3075332642,-79.1629943848,-17.7052707672,24.0210056305,-16.1490707397],[-108.691810608,-87.9243850708,79.775138855,422.238952637,201.950775146,25.3493309021,-92.181602478,16.029050827,32.4865112305,19.3477497101,-43.8876228333,-23.1862163544,7.01205205917],[-276.588867188,-32.2655067444,69.7239532471,201.950775146,239.495941162,55.797744751,-37.2058944702,5.90587997437,36.1698226929,22.8816776276,-28.8806056976,-22.4750556946,6.89635181427],[75.1770935059,-117.293113708,39.0197181702,25.3493309021,55.797744751,228.985778809,58.5862083435,-5.75042629242,90.6081161499,20.0003299713,43.9742431641,37.8961410522,-12.697098732],[31.0098724365,70.4356079102,32.0942649841,-92.181602478,-37.2058944702,58.5862083435,184.630172729,48.7360649109,35.729888916,-22.7402210236,31.9296875,48.3179206848,0.782166600227],[-66.4598922729,36.4142913818,33.3967018127,16.029050827,5.90587997437,-5.75042629242,48.7360649109,129.832977295,18.9364356995,-11.8563537598,0.481731802225,4.25013971329,16.7329826355],[-40.4495544434,-137.657516479,33.3075332642,32.4865112305,36.1698226929,90.6081161499,35.729888916,18.9364356995,157.080322266,16.3864803314,16.3846073151,37.2406921387,-22.0392227173],[87.2038345337,20.1696434021,-79.1629943848,19.3477497101,22.8816776276,20.0003299713,-22.7402210236,-11.8563537598,16.3864803314,152.876037598,54.9801673889,13.3160848618,9.7348613739],[23.9255695343,31.0649299622,-17.7052707672,-43.8876228333,-28.8806056976,43.9742431641,31.9296875,0.481731802225,16.3846073151,54.9801673889,115.958724976,45.2902793884,-1.11985135078],[-30.1707553864,-4.28172826767,24.0210056305,-23.1862163544,-22.4750556946,37.8961410522,48.3179206848,4.25013971329,37.2406921387,13.3160848618,45.2902793884,109.029205322,3.9463326931],[10.3673877716,40.5232658386,-16.1490707397,7.01205205917,6.89635181427,-12.697098732,0.782166600227,16.7329826355,-22.0392227173,9.7348613739,-1.11985135078,3.9463326931,87.3908843994]],"icov":[[0.000140510848723,-0.000223524490139,0.000317970523611,-0.000145763784531,0.000260910601355,-0.00025179021759,0.0000681414021528,0.0000486456410727,-0.000157971080625,0.000106327177491,0.00012851995416,0.0000244239163294,0.0000391976900573],[-0.000223524490139,0.00133748468943,-0.000588594586588,0.0003420728317,-0.000684201717377,0.000863988185301,-0.000731914537027,-0.000212621846003,0.00109948741738,-0.000457710382761,-0.000500108639244,-0.0000209793215618,-0.000180299277417],[0.000317970523611,-0.000588594586588,0.00301356613636,-0.000584008230362,-0.0000614955206402,-0.000707310100552,0.0000757393281674,-0.000255755148828,-0.000483854382765,0.00166565889958,0.0000842582157929,-0.000605318229645,0.000510175188538],[-0.000145763784531,0.0003420728317,-0.000584008230362,0.00473668752238,-0.00363369169645,0.000215045190998,0.00192702072673,-0.00114344072063,-0.0000518059459864,-0.000273988756817,0.000537441461347,-0.000694270536769,-0.000053930823924],[0.000260910601355,-0.000684201717377,-0.0000614955206402,-0.00363369169645,0.00867968332022,-0.00229773367755,0.000131507942569,0.000313314172672,-0.00104050338268,-0.00123327749316,0.0018547399668,0.00156387500465,-0.000685325649101],[-0.00025179021759,0.000863988185301,-0.000707310100552,0.000215045190998,-0.00229773367755,0.00769934058189,-0.00242755142972,0.00152917776722,-0.00248495140113,-0.0000336219709425,-0.00267030973919,-3.19663769233e-7,-0.000146964914165],[0.0000681414021528,-0.000731914537027,0.0000757393281674,0.00192702072673,0.000131507942569,-0.00242755142972,0.00943367183208,-0.00329229678027,-0.00095611118013,0.00177272688597,-0.000432280037785,-0.00251014833339,0.0000427724226029],[0.0000486456410727,-0.000212621846003,-0.000255755148828,-0.00114344072063,0.000313314172672,0.00152917776722,-0.00329229678027,0.00982784479856,-0.00187066523358,0.000454549735878,-0.000545647460967,0.00131363247056,-0.0021062521264],[-0.000157971080625,0.00109948741738,-0.000483854382765,-0.0000518059459864,-0.00104050338268,-0.00248495140113,-0.00095611118013,-0.00187066523358,0.0105517543852,-0.00147254939657,0.000856459722854,-0.00262839859352,0.00246622087434],[0.000106327177491,-0.000457710382761,0.00166565889958,-0.000273988756817,-0.00123327749316,-0.0000336219709425,0.00177272688597,0.000454549735878,-0.00147254939657,0.0099670663476,-0.00504452642053,-0.000041404604417,-0.00102546450216],[0.00012851995416,-0.000500108639244,0.0000842582157929,0.000537441461347,0.0018547399668,-0.00267030973919,-0.000432280037785,-0.000545647460967,0.000856459722854,-0.00504452642053,0.0144084915519,-0.00405959412456,0.000908989459276],[0.0000244239163294,-0.0000209793215618,-0.000605318229645,-0.000694270536769,0.00156387500465,-3.19663769233e-7,-0.00251014833339,0.00131363247056,-0.00262839859352,-0.000041404604417,-0.00405959412456,0.0131981866434,-0.00170809833799],[0.0000391976900573,-0.000180299277417,0.000510175188538,-0.000053930823924,-0.000685325649101,-0.000146964914165,0.0000427724226029,-0.0021062521264,0.00246622087434,-0.00102546450216,0.000908989459276,-0.00170809833799,0.0128810070455]],"mean":[-708.559082031,143.738204956,7.54995632172,28.8979167938,5.56665563583,-1.35095560551,-5.80630016327,0.000199467001949,-14.091091156,3.99736595154,1.67556166649,-2.46274256706,0.393003195524]},"pitch_salience":{"dmean":0.0650838240981,"dmean2":0.103935003281,"dvar":0.00369118968956,"dvar2":0.00955757219344,"max":0.867245018482,"mean":0.513403475285,"median":0.516684412956,"min":0.0723266899586,"var":0.0146920057014},"silence_rate_20dB":{"dmean":0,"dmean2":0,"dvar":0,"dvar2":0,"max":1,"mean":1,"median":1,"min":1,"var":0},"silence_rate_30dB":{"dmean":0.0138888889924,"dmean2":0.0277824830264,"dvar":0.0136953024194,"dvar2":0.0317569449544,"max":1,"mean":0.98171043396,"median":1,"min":0,"var":0.0179558228701},"silence_rate_60dB":{"dmean":0.0179539304227,"dmean2":0.0359139405191,"dvar":0.0176319759339,"dvar2":0.0386920087039,"max":1,"mean":0.133107542992,"median":0,"min":0,"var":0.115389280021},"spectral_centroid":{"dmean":157.214492798,"dmean2":234.406356812,"dvar":58991.484375,"dvar2":114395.484375,"max":11745.5761719,"mean":975.717895508,"median":745.851745605,"min":169.291519165,"var":1450186},"spectral_complexity":{"dmean":1.98915994167,"dmean2":3.03709983826,"dvar":5.41824483871,"dvar2":10.8955755234,"max":43,"mean":12.2519893646,"median":12,"min":0,"var":52.1096305847},"spectral_contrast_coeffs":{"dmean":[0.0442194119096,0.0467157922685,0.0349062606692,0.0277522373945,0.0193199254572,0.0123639646918],"dmean2":[0.0728266909719,0.0740552917123,0.0569413378835,0.0450420677662,0.0306541789323,0.0196846332401],"dvar":[0.00133779866155,0.00152740825433,0.000806645140983,0.000517699983902,0.00028386732447,0.000124062760733],"dvar2":[0.00364775210619,0.0037052850239,0.00211606011726,0.00131378765218,0.000610953546129,0.000286286289338],"max":[-0.289128988981,-0.283889263868,-0.448059201241,-0.548331618309,-0.603714644909,-0.611697494984],"mean":[-0.589937031269,-0.68466937542,-0.765044093132,-0.760903000832,-0.776310324669,-0.783402383327],"median":[-0.586479067802,-0.688324332237,-0.768788993359,-0.759576797485,-0.774936437607,-0.776862025261],"min":[-0.97870028019,-0.981398165226,-0.974969387054,-0.973046600819,-0.968579351902,-0.964125931263],"var":[0.00900346878916,0.00935753248632,0.0051125860773,0.00429393025115,0.00299744051881,0.00186767091509]},"spectral_contrast_valleys":{"dmean":[0.392139464617,0.314084857702,0.282441526651,0.232570618391,0.177001863718,0.167948886752],"dmean2":[0.637410283089,0.512529075146,0.454001694918,0.364823609591,0.266002714634,0.226656749845],"dvar":[0.140511393547,0.0971157625318,0.0856019183993,0.0706274062395,0.0634468272328,0.0717180743814],"dvar2":[0.309528052807,0.209371209145,0.166413843632,0.127485871315,0.100601233542,0.105087146163],"max":[-5.14785337448,-4.7527089119,-5.66291761398,-6.0596036911,-6.14352941513,-8.16039466858],"mean":[-7.93909692764,-7.25907611847,-8.46493530273,-8.70119380951,-8.65542697906,-11.2239627838],"median":[-7.53891515732,-6.69848680496,-7.97703456879,-8.19183444977,-8.11373710632,-10.8712520599],"min":[-27.9665241241,-27.7863750458,-27.6724891663,-27.7275352478,-27.5192165375,-27.4004192352],"var":[6.03602790833,6.47710752487,5.80593824387,5.65884971619,5.43679332733,3.97785139084]},"spectral_decrease":{"dmean":1.9433921139e-9,"dmean2":2.85231771535e-9,"dvar":1.12544490152e-17,"dvar2":2.51135127627e-17,"max":7.50303635494e-19,"mean":-6.4210992079e-9,"median":-4.4661625509e-9,"min":-5.63561393108e-8,"var":4.43855157441e-17},"spectral_energy":{"dmean":0.00758580258116,"dmean2":0.0111307194456,"dvar":0.000170606843312,"dvar2":0.000380355893867,"max":0.21911868453,"mean":0.0252968315035,"median":0.0176610909402,"min":1.01498526595e-20,"var":0.000681412231643},"spectral_energyband_high":{"dmean":0.0000613714801148,"dmean2":0.0000841538640088,"dvar":4.02852009529e-8,"dvar2":7.56461773221e-8,"max":0.00496289646253,"mean":0.000142138742376,"median":0.000065914086008,"min":7.29245416863e-21,"var":8.48743511028e-8},"spectral_energyband_low":{"dmean":0.00405172305182,"dmean2":0.00591034488752,"dvar":0.0000764989526942,"dvar2":0.000182230418432,"max":0.157612591982,"mean":0.00967597775161,"median":0.00442712614313,"min":1.94759849406e-23,"var":0.000207591292565},"spectral_energyband_middle_high":{"dmean":0.00091374234762,"dmean2":0.00139433587901,"dvar":0.00000365246887668,"dvar2":0.00000928613644646,"max":0.0423744954169,"mean":0.00274689868093,"median":0.00140042591374,"min":1.13901346612e-21,"var":0.0000174239085027},"spectral_energyband_middle_low":{"dmean":0.00533899758011,"dmean2":0.00818983279169,"dvar":0.0000980587064987,"dvar2":0.000242274531047,"max":0.184020414948,"mean":0.0141122546047,"median":0.010068857111,"min":1.60839613032e-22,"var":0.000253976235399},"spectral_entropy":{"dmean":0.149089515209,"dmean2":0.216376855969,"dvar":0.0246164277196,"dvar2":0.0481406971812,"max":9.83385276794,"mean":7.10053253174,"median":7.13678693771,"min":4.92362976074,"var":0.363087058067},"spectral_flux":{"dmean":0.0182444117963,"dmean2":0.029349129647,"dvar":0.00058874086244,"dvar2":0.00143366865814,"max":0.353691756725,"mean":0.0609225183725,"median":0.0527229867876,"min":6.52404588686e-11,"var":0.00196308991872},"spectral_kurtosis":{"dmean":1.85448992252,"dmean2":3.14665865898,"dvar":3.46958303452,"dvar2":9.73603630066,"max":43.3249549866,"mean":6.35427808762,"median":5.41984367371,"min":-1.25785195827,"var":20.4564876556},"spectral_rms":{"dmean":0.000652297516353,"dmean2":0.00093298999127,"dvar":7.03443504335e-7,"dvar2":0.00000141872317272,"max":0.0146210230887,"mean":0.00435924623162,"median":0.00415094383061,"min":3.14679142119e-12,"var":0.00000567676124774},"spectral_rolloff":{"dmean":237.121170044,"dmean2":397.144927979,"dvar":336832.6875,"dvar2":643253.125,"max":19745.9472656,"mean":1051.66235352,"median":559.86328125,"min":64.599609375,"var":5636705.5},"spectral_skewness":{"dmean":0.215306743979,"dmean2":0.348811149597,"dvar":0.0387054011226,"dvar2":0.0904707610607,"max":5.69547939301,"mean":1.83871746063,"median":1.7709774971,"min":-0.116753786802,"var":0.464536428452},"spectral_spread":{"dmean":316770.40625,"dmean2":476121.53125,"dvar":489797287936,"dvar2":948498268160,"max":42316348,"mean":4305525,"median":3602098,"min":1596616.875,"var":17204894498800},"spectral_strongpeak":{"dmean":0.424937427044,"dmean2":0.702372789383,"dvar":0.576299667358,"dvar2":1.44775915146,"max":9.08215141296,"mean":0.874840080738,"median":0.506928503513,"min":0,"var":1.19250249863},"zerocrossingrate":{"dmean":0.00642018718645,"dmean2":0.00767733948305,"dvar":0.000105551429442,"dvar2":0.00014857390488,"max":0.5234375,"mean":0.0437046848238,"median":0.0322265625,"min":0.00439453125,"var":0.00375363975763}},"metadata":{"audio_properties":{"analysis_sample_rate":44100,"bit_rate":320061,"codec":"mp3","downmix":"mix","equal_loudness":0,"length":137.090606689,"lossless":false,"md5_encoded":"0da31dd41c8d13ae761e9b030660442b","replay_gain":-4.72665786743,"sample_rate":44100},"tags":{"album":["Little Deuce Coupe"],"albumartist":["The Beach Boys","The Beach Boys"],"artist":["The Beach Boys"],"asin":["B00005A1MX"],"barcode":["753088006166"],"bpm":["100"],"date":["1963"],"discnumber":["1/1"],"file_name":"02 Ballad of Ole' Betsy 1.mp3","genre":["Pop"],"initialkey":["Cm"],"isrc":["USCA20001624"],"musicbrainz_recordingid":["41bdebd4-fd68-421e-89f3-75b0ada22e0c"],"musicip_puid":["0977c6af-a6d7-fcf8-525c-ea4cf980de59"],"performer":["The Beach Boys"],"title":["Ballad of Ole' Betsy"],"tracknumber":["2/12"]},"version":{"essentia":"2.1-beta2","essentia_build_sha":"cead25079874084f62182a551b7393616cd33d87","essentia_git_sha":"v2.1_beta2-1-ge3940c0","extractor":"music 1.0"}},"rhythm":{"beats_count":245,"beats_loudness":{"dmean":0.0169435366988,"dmean2":0.0281562525779,"dvar":0.000323373620631,"dvar2":0.000879314437043,"max":0.142338186502,"mean":0.0290350113064,"median":0.0262437369674,"min":0,"var":0.000558120198548},"beats_loudness_band_ratio":{"dmean":[0.253891676664,0.165313571692,0.169147789478,0.0468310341239,0.0286400653422,0.0339413173497],"dmean2":[0.423066288233,0.277957767248,0.292633146048,0.08325458318,0.0501757003367,0.0615821406245],"dvar":[0.0377322509885,0.0239005181938,0.0337270013988,0.0038564899005,0.00129160122015,0.00484726810828],"dvar2":[0.105743609369,0.0548386126757,0.0860179886222,0.0105871688575,0.00324924383312,0.0137224616483],"max":[0.984520852566,0.854972302914,0.852280020714,0.388633608818,0.291093796492,0.474264740944],"mean":[0.456583708525,0.272318333387,0.204767078161,0.056298688054