{"lowlevel":{"average_loudness":0.960132062435,"barkbands":{"dmean":[0.000328295136569,0.00843695085496,0.00231495755725,0.00150161131751,0.00409325072542,0.000820432789624,0.000495262560435,0.000307840469759,0.000599314807914,0.000685640028678,0.000293687655358,0.000392730522435,0.000365391868399,0.00041690049693,0.000292700860882,0.000278851017356,0.000375989737222,0.000247564050369,0.000308163522277,0.000270449789241,0.000145910307765,0.000139228213811,0.0000692851899657,0.0000635224860162,0.0000441754600615,0.0000213321945921,0.00000242145642915],"dmean2":[0.000475587963592,0.0145790325478,0.00402535451576,0.00252411141992,0.00661455979571,0.00137436157092,0.000846877577715,0.00049973098794,0.000939927005675,0.00101178023033,0.000454515888123,0.000621209561359,0.000589959265199,0.000675072777085,0.000473915337352,0.00046100615873,0.000614820804913,0.000423026096541,0.00053091335576,0.000448491802672,0.000258100568317,0.000246672861977,0.00010916221072,0.0000959303069976,0.0000656019547023,0.000031621006201,0.00000383175756724],"dvar":[3.97799851726e-7,0.000392265850678,0.0000180928527698,0.000004618087587,0.0000844376772875,0.00000246945432991,0.00000123032248212,4.56159199302e-7,0.00000132628292704,0.00000210437519854,4.52422767694e-7,4.00026749503e-7,3.8828295601e-7,4.59339872805e-7,2.37461023289e-7,1.3766243967e-7,1.99725079142e-7,9.62396811133e-8,1.68246828025e-7,1.44100880561e-7,4.35392237819e-8,5.74482506011e-8,2.36317010405e-8,2.72168527715e-8,1.38120954674e-8,3.94374044532e-9,4.88003561172e-11],"dvar2":[8.18369016997e-7,0.00102697266266,0.0000521023612237,0.0000118370271593,0.000204093419597,0.00000645193676974,0.00000337096707881,0.00000114749491331,0.00000310760560751,0.00000412345207224,9.44691521454e-7,9.65799245023e-7,9.23156449062e-7,0.00000113805208457,5.758018915e-7,3.58498141395e-7,5.11524945068e-7,2.58290640431e-7,4.62543766844e-7,3.53696862021e-7,1.2315638287e-7,1.64891446275e-7,5.09240436486e-8,5.28729131588e-8,2.69411515319e-8,7.96464583175e-9,1.15228979136e-10],"max":[0.00461025256664,0.136287018657,0.0503472723067,0.0213151164353,0.0795888006687,0.0370677709579,0.0227458551526,0.0137971565127,0.0239736139774,0.0244086030871,0.0196367204189,0.0116471145302,0.0109127564356,0.0110776564106,0.00705808587372,0.00604460202157,0.00860349554569,0.0062170913443,0.00457907980308,0.0058971340768,0.00252543669194,0.0032209136989,0.00396458804607,0.00300446595065,0.00197287788615,0.0013164258562,0.000176114670467],"mean":[0.000329458445776,0.00665727630258,0.0035682618618,0.00214072829112,0.004835865926,0.00123229227029,0.000690639019012,0.00046835761168,0.00108609034214,0.00176139967516,0.000570617732592,0.000796927197371,0.000648523913696,0.000786928343587,0.000544530164916,0.000581413274631,0.000834606704302,0.000518325716257,0.000616416567937,0.000583587854635,0.000308674876578,0.000285393645754,0.00014776273747,0.00013698512339,0.0000849661810207,0.0000368802102457,0.00000366503354599],"median":[0.0000390904715459,0.0010158366058,0.00259953108616,0.00144161260687,0.00176278548315,0.000640196492895,0.000388063956052,0.00021149564418,0.000564387533814,0.000380604062229,0.000246944924584,0.000453186716186,0.000428478204412,0.00046984362416,0.000361266138498,0.000473938242067,0.000695118447766,0.000435690861195,0.000518011627719,0.000434458022937,0.000272554520052,0.000239500775933,0.0000884129985934,0.0000730744504835,0.0000356241871486,0.0000109300890472,0.0000010174817362],"min":[1.94721893364e-24,6.99903427522e-24,2.08696722072e-24,4.40075877296e-24,8.13437551179e-24,2.29602399863e-23,1.13604174505e-23,7.80809317506e-24,2.20195643776e-23,3.11696866573e-23,3.28451010022e-23,2.74235092807e-23,1.41194426893e-23,3.99182266714e-23,5.52759821889e-23,7.91257464651e-23,7.88123667373e-23,1.14525021306e-22,2.03737212725e-22,2.55346828173e-22,3.56354295039e-22,3.4317234096e-22,4.09957229466e-22,7.41439434361e-22,9.09695008855e-22,1.49009872567e-21,2.00530754416e-21],"var":[5.00181670304e-7,0.000292848155368,0.0000183821684914,0.00000616942452325,0.0000907681678655,0.00000323213384945,0.00000114771694371,6.69361440941e-7,0.00000276302830571,0.0000114698532343,0.00000169917791482,0.0000012155873037,6.8592697744e-7,0.00000103229615434,4.62293400005e-7,2.8982694289e-7,5.15825831826e-7,1.75988390083e-7,2.62007006313e-7,3.15042683496e-7,5.80884815804e-8,6.98616844375e-8,5.56170860477e-8,6.99215831901e-8,3.49702062863e-8,9.13710351824e-9,9.18885245671e-11]},"barkbands_crest":{"dmean":3.54026198387,"dmean2":5.76020812988,"dvar":15.2125043869,"dvar2":38.0966529846,"max":26.6828117371,"mean":9.59575462341,"median":8.18501567841,"min":2.10527229309,"var":24.1493015289},"barkbands_flatness_db":{"dmean":0.0237486604601,"dmean2":0.0380590558052,"dvar":0.000674045644701,"dvar2":0.00169291545171,"max":0.465161204338,"mean":0.115642748773,"median":0.0911310166121,"min":0.0185325555503,"var":0.00554214371368},"barkbands_kurtosis":{"dmean":2.47514867783,"dmean2":4.14936304092,"dvar":46.9318313599,"dvar2":97.3670272827,"max":420.32913208,"mean":3.37825655937,"median":-0.0725967884064,"min":-1.99080073833,"var":260.188720703},"barkbands_skewness":{"dmean":0.622876048088,"dmean2":0.971647620201,"dvar":0.54266756773,"dvar2":1.26441347599,"max":17.1460094452,"mean":1.1082855463,"median":0.892902612686,"min":-16.880065918,"var":2.2178144455},"barkbands_spread":{"dmean":7.25279140472,"dmean2":11.8424968719,"dvar":72.4196014404,"dvar2":179.485183716,"max":163.93296814,"mean":29.8933086395,"median":29.953868866,"min":0.179194673896,"var":218.159179688},"dissonance":{"dmean":0.0119428886101,"dmean2":0.0203991252929,"dvar":0.000207156132092,"dvar2":0.000583945366088,"max":0.500000059605,"mean":0.47771063447,"median":0.485002726316,"min":0.268964320421,"var":0.000608864997048},"dynamic_complexity":3.30465340614,"erbbands":{"dmean":[0.256972849369,1.85649394989,2.75216269493,3.49051094055,15.7326335907,8.7822303772,7.71454668045,5.73636054993,6.55781650543,7.06563186646,7.37197303772,13.4319524765,23.0486965179,13.6949529648,8.28411102295,17.2463645935,15.4623537064,19.6180000305,15.7276201248,12.7238197327,16.2652683258,18.4772148132,13.409239769,14.938372612,16.3382453918,12.0871238708,7.42620277405,5.44287490845,5.45669603348,2.79719042778,1.97534120083,1.52956974506,0.980715036392,0.56398242712,0.291331917048,0.127730980515,0.033144954592,0.00467802630737,0.000410891574575,0.0000288208175334],"dmean2":[0.426478713751,3.34326767921,4.83727407455,5.92773962021,25.6594409943,14.3869419098,13.2805681229,9.5381193161,11.0533103943,11.9427633286,11.7426958084,21.0324039459,33.7782745361,20.5691242218,12.9136476517,27.0578613281,24.7284603119,31.4079399109,25.7006969452,20.4996395111,26.8727836609,30.3333282471,22.5292224884,26.197977066,27.3998184204,19.9918289185,13.2396593094,9.49516963959,9.70172309875,4.68114948273,3.13337039948,2.34948945045,1.46153604984,0.849820554256,0.430332124233,0.187880381942,0.0499270409346,0.00728284241632,0.000647067790851,0.0000449082581326],"dvar":[0.338748365641,20.5117206573,30.5608558655,23.8890190125,1324.60327148,311.563598633,232.043380737,169.037078857,249.065933228,216.642211914,292.756164551,734.491455078,2368.22802734,865.448791504,251.612609863,732.25994873,636.772583008,1066.86157227,644.309020996,390.371520996,395.317108154,471.681671143,281.682006836,497.113677979,461.04989624,305.243041992,122.688728333,58.3338470459,87.6771621704,26.5867462158,19.6356334686,13.775718689,7.29217147827,2.12280106544,0.68754786253,0.150814250112,0.00956961978227,0.000178087502718,0.00000144882255881,2.47289499988e-9],"dvar2":[0.836913108826,55.8667678833,86.9657897949,65.2306976318,3195.76171875,770.494873047,634.039978027,448.977874756,677.329040527,581.704223633,716.088989258,1743.59130859,4637.05419922,1808.65966797,542.564941406,1742.86108398,1548.73901367,2619.35473633,1616.27929688,948.688110352,1049.40588379,1254.07458496,744.627441406,1403.35461426,1178.28564453,758.793945312,347.978271484,162.91078186,252.533752441,65.7321243286,43.4235801697,28.3419971466,13.975684166,4.32710504532,1.33990502357,0.304262429476,0.0198168251663,0.000401173601858,0.00000340133215104,5.79518655286e-9],"max":[3.73744988441,32.2319068909,54.0835494995,73.3503875732,306.455505371,181.728622437,298.279815674,394.811767578,356.944274902,292.83380127,281.936920166,713.552978516,855.02142334,798.088439941,380.365997314,574.869445801,454.103363037,575.610412598,450.543823242,460.565765381,345.877044678,299.809692383,344.274597168,269.01184082,397.974517822,225.918945312,122.103691101,102.451393127,133.114395142,114.709953308,88.3870391846,87.1076965332,47.6513595581,27.4445037842,12.5220184326,8.12836837769,1.92315721512,0.318441152573,0.0289971753955,0.00127570121549],"mean":[0.203770726919,1.45077037811,3.85462236404,5.95919179916,17.2393512726,11.3226509094,10.3477678299,8.89661407471,10.2119588852,10.023604393,12.5233669281,26.3000450134,61.5903244019,31.3320064545,17.24010849,37.195186615,31.6578807831,39.4422416687,32.8771362305,28.5881099701,38.2979736328,43.6495857239,30.7047691345,28.0769786835,34.2517051697,26.5359249115,14.1103248596,12.5124979019,10.9809150696,5.8945980072,4.13961029053,3.24172544479,2.02831959724,1.08537352085,0.530471980572,0.223396733403,0.0545549951494,0.00746144540608,0.000652176502626,0.0000633710660622],"median":[0.0206344500184,0.301641821861,2.5536441803,4.89371538162,5.77436161041,4.83122062683,4.70661258698,4.93786048889,5.60782909393,5.6241607666,5.97664451599,14.5171222687,14.6228504181,12.164686203,10.6737356186,21.6516361237,22.3476161957,24.9059734344,23.5033454895,22.0095748901,32.6470413208,38.1279754639,26.5368690491,23.5713844299,27.1752090454,20.2387962341,12.2279777527,11.0560112,9.14414215088,4.1860332489,2.47032499313,1.86387658119,0.975992262363,0.503388881683,0.187638193369,0.0675906613469,0.0150385955349,0.00207799626514,0.000200295995455,0.0000437597118434],"min":[1.50798877834e-22,1.37306579564e-21,3.57354868541e-21,1.89553865739e-20,2.3078011126e-20,2.08367797966e-20,1.20037451964e-19,1.60854252775e-19,1.65284606287e-19,3.57141717668e-19,2.42526693113e-19,5.43522958017e-19,1.10229447364e-18,8.10485522852e-19,1.29475913625e-18,1.64253905639e-18,1.28584150887e-18,1.88163323431e-18,3.5623840025e-18,3.09204745184e-18,4.85753542916e-18,5.88221409835e-18,6.30335863157e-18,9.53817249405e-18,9.43778171901e-18,1.26072673383e-17,1.20973518496e-17,1.38151354939e-17,1.41377822549e-17,1.24393000431e-17,1.19452937192e-17,9.39347709822e-18,1.18398530065e-17,8.91711122808e-18,6.79491401931e-18,3.99557683493e-18,2.42481130971e-18,9.9084667195e-19,2.66201998112e-19,2.74811177605e-20],"var":[0.283226519823,13.829460144,26.6531906128,33.2931213379,1377.67919922,360.848358154,265.124603271,190.939331055,290.068115234,236.384140015,481.772949219,1549.99816895,13747.96875,3703.76635742,648.091491699,2599.98071289,1253.92956543,2379.85058594,1373.33422852,879.13885498,971.51361084,1137.24829102,574.188354492,577.469421387,948.687316895,617.44921875,131.008651733,95.3067016602,102.85925293,50.4984817505,45.0489768982,33.4668617249,18.4355010986,5.0728468895,1.68799817562,0.347395539284,0.0205215122551,0.000361028738553,0.00000277947219729,5.01477259718e-9]},"erbbands_crest":{"dmean":1.9129576683,"dmean2":3.09190654755,"dvar":4.28930997849,"dvar2":10.2746562958,"max":32.0995445251,"mean":7.72698974609,"median":6.23328113556,"min":1.72309935093,"var":19.9326705933},"erbbands_flatness_db":{"dmean":0.0128795811906,"dmean2":0.0187763646245,"dvar":0.000207334567676,"dvar2":0.000393801921746,"max":0.425963848829,"mean":0.153554603457,"median":0.136890083551,"min":0.00659149838611,"var":0.00362435751595},"erbbands_kurtosis":{"dmean":0.63426053524,"dmean2":0.978677928448,"dvar":1.40065658092,"dvar2":2.78320407867,"max":58.4654006958,"mean":0.553546309471,"median":-0.162421345711,"min":-1.70220839977,"var":12.0962409973},"erbbands_skewness":{"dmean":0.281758278608,"dmean2":0.432694852352,"dvar":0.088961482048,"dvar2":0.192033752799,"max":6.8105430603,"mean":-0.0811491385102,"median":-0.258976876736,"min":-5.27162456512,"var":0.740388154984},"erbbands_spread":{"dmean":7.55306005478,"dmean2":11.6620349884,"dvar":68.5996017456,"dvar2":151.174285889,"max":197.124176025,"mean":38.9327659607,"median":37.0102844238,"min":2.30994701385,"var":294.725769043},"gfcc":{"cov":[[29767.1054688,-204.460983276,-2968.80517578,1631.19714355,-1517.59289551,1327.82592773,-799.794555664,666.800109863,-777.690612793,364.401519775,-460.457275391,78.75365448,-468.996765137],[-204.460983276,2213.82373047,-6.78712844849,280.100799561,417.959442139,-421.101623535,253.62588501,-252.025375366,154.292022705,-150.919799805,-20.9879760742,-65.2894210815,57.3509597778],[-2968.80517578,-6.78712844849,1435.73242188,154.231964111,407.578674316,14.0366439819,-56.5522270203,-53.7528419495,58.6158256531,-36.0626029968,-63.9133758545,2.28298830986,-50.5655021667],[1631.19714355,280.100799561,154.231964111,545.838623047,136.393539429,97.4790878296,-13.4429388046,8.35297584534,50.0777740479,31.7498683929,-59.1396903992,-3.68918681145,-50.5079460144],[-1517.59289551,417.959442139,407.578674316,136.393539429,409.863616943,-36.8169212341,124.410247803,-0.405640661716,117.372795105,15.9996709824,14.4875164032,-4.55622577667,12.4144020081],[1327.82592773,-421.101623535,14.0366439819,97.4790878296,-36.8169212341,351.312408447,4.27541303635,164.446517944,-41.3123397827,66.2718658447,-0.715038120747,-2.51913881302,-40.8285675049],[-799.794555664,253.62588501,-56.5522270203,-13.4429388046,124.410247803,4.27541303635,227.346374512,29.559709549,65.0671157837,-4.54975557327,49.9476165771,-1.81490826607,36.3017692566],[666.800109863,-252.025375366,-53.7528419495,8.35297584534,-0.405640661716,164.446517944,29.559709549,210.114196777,36.3562355042,90.2730865479,48.6498298645,6.74324321747,-10.0451316833],[-777.690612793,154.292022705,58.6158256531,50.0777740479,117.372795105,-41.3123397827,65.0671157837,36.3562355042,147.523254395,48.4952888489,44.5797309875,-4.78463935852,20.9229354858],[364.401519775,-150.919799805,-36.0626029968,31.7498683929,15.9996709824,66.2718658447,-4.54975557327,90.2730865479,48.4952888489,117.18522644,56.6774291992,21.0691871643,-6.09348678589],[-460.457275391,-20.9879760742,-63.9133758545,-59.1396903992,14.4875164032,-0.715038120747,49.9476165771,48.6498298645,44.5797309875,56.6774291992,121.780662537,26.2430782318,26.9505653381],[78.75365448,-65.2894210815,2.28298830986,-3.68918681145,-4.55622577667,-2.51913881302,-1.81490826607,6.74324321747,-4.78463935852,21.0691871643,26.2430782318,68.4722900391,20.7505970001],[-468.996765137,57.3509597778,-50.5655021667,-50.5079460144,12.4144020081,-40.8285675049,36.3017692566,-10.0451316833,20.9229354858,-6.09348678589,26.9505653381,20.7505970001,69.556892395]],"icov":[[0.00028701100382,-0.000529528071638,0.000451230589533,-0.000623240543064,0.000726590049453,-0.000670404697303,0.000726651283912,-0.000918783072848,0.00113642821088,-0.00100551056676,0.00101534766145,-0.000954703253228,0.000673641217873],[-0.000529528071638,0.00213948776945,-0.000482029194245,0.000365099665942,-0.00234091584571,0.00241277646273,-0.00200536078773,0.00197904952802,-0.00203333073296,0.00291614816524,-0.00227245967835,0.00258861668408,-0.0012779685203],[0.000451230589533,-0.000482029194245,0.00216799974442,-0.000909238005988,-0.000984147540294,-0.00141451146919,0.00230923760682,-0.00101138290484,0.00113152223639,0.0000131495362439,0.00147161702625,-0.00217913836241,0.00209054606967],[-0.000623240543064,0.000365099665942,-0.000909238005988,0.00467493385077,-0.00204582838342,-0.000766227778513,-0.000525212322827,0.00299766357057,-0.00430151913315,0.00115276733413,-0.000326181005221,0.000252932513831,0.000298567902064],[0.000726590049453,-0.00234091584571,-0.000984147540294,-0.00204582838342,0.00903429929167,-0.00153210514691,-0.00120700558182,-0.00257156183943,0.00140342826489,-0.00530206458643,0.00353535450995,-0.00224337703548,0.000787888187915],[-0.000670404697303,0.00241277646273,-0.00141451146919,-0.000766227778513,-0.00153210514691,0.00960734579712,-0.00425126822665,-0.00273543968797,0.00183091068175,0.000984820537269,-0.00194123527035,0.00448110559955,-0.00140703539364],[0.000726651283912,-0.00200536078773,0.00230923760682,-0.000525212322827,-0.00120700558182,-0.00425126822665,0.0107495374978,-0.00296093383804,0.000168424085132,0.00189289997797,-0.00014243539772,-0.00323162786663,0.000667008629534],[-0.000918783072848,0.00197904952802,-0.00101138290484,0.00299766357057,-0.00257156183943,-0.00273543968797,-0.00296093383804,0.0146283740178,-0.00666964892298,-0.00118670728989,-0.00392902363092,0.00317652500235,-0.00139710737858],[0.00113642821088,-0.00203333073296,0.00113152223639,-0.00430151913315,0.00140342826489,0.00183091068175,0.000168424085132,-0.00666964892298,0.0197961907834,-0.0104655921459,0.00253972574137,0.00137797486968,-0.00145547557622],[-0.00100551056676,0.00291614816524,0.0000131495362439,0.00115276733413,-0.00530206458643,0.000984820537269,0.00189289997797,-0.00118670728989,-0.0104655921459,0.0262584183365,-0.0109581286088,-0.0014114145888,0.00214284937829],[0.00101534766145,-0.00227245967835,0.00147161702625,-0.000326181005221,0.00353535450995,-0.00194123527035,-0.00014243539772,-0.00392902363092,0.00253972574137,-0.0109581286088,0.0190341174603,-0.00665315706283,0.000175134526216],[-0.000954703253228,0.00258861668408,-0.00217913836241,0.000252932513831,-0.00224337703548,0.00448110559955,-0.00323162786663,0.00317652500235,0.00137797486968,-0.0014114145888,-0.00665315706283,0.023955790326,-0.00990296062082],[0.000673641217873,-0.0012779685203,0.00209054606967,0.000298567902064,0.000787888187915,-0.00140703539364,0.000667008629534,-0.00139710737858,-0.00145547557622,0.00214284937829,0.000175134526216,-0.00990296062082,0.0237046871334]],"mean":[-3.27819347382,75.0269165039,-131.087112427,39.6588821411,-50.6068077087,10.057847023,-32.8873558044,4.5134396553,-26.7779941559,-2.70734167099,-19.5300731659,-3.54356575012,-11.2045593262]},"hfc":{"dmean":6.25170993805,"dmean2":10.0867681503,"dvar":66.7821960449,"dvar2":169.771194458,"max":102.327232361,"mean":26.0572738647,"median":25.9116916656,"min":1.09544196882e-16,"var":206.274215698},"melbands":{"dmean":[0.00233100424521,0.00177918700501,0.000924047315493,0.0010030438425,0.000253158737905,0.000134888279717,0.000101232086308,0.0000730102401576,0.0000654872128507,0.0000912582836463,0.000116827352031,0.0000584316403547,0.0000305367502733,0.0000368150685972,0.0000459440489067,0.0000376507123292,0.0000419196294388,0.0000284848429146,0.0000223545484914,0.0000195743359654,0.0000220539841393,0.0000227555847232,0.0000158854891197,0.0000110800247057,0.0000133542534968,0.0000121771909107,0.0000125231827042,0.00000784032636147,0.00000553391600988,0.00000334414153258,0.00000349777610609,0.00000357435874321,0.0000022948474907,0.00000143832949107,0.00000123185702705,0.00000108714539238,9.55078803599e-7,7.68520010297e-7,5.97406540237e-7,4.64308442361e-7],"dmean2":[0.00394368870184,0.00314274523407,0.00153311586473,0.00163509196136,0.000433995068306,0.000223577182624,0.000170478364453,0.000122294397443,0.000104426268081,0.000142526580021,0.000171119434526,0.0000878305654624,0.0000475533197459,0.0000583607215958,0.0000728217928554,0.0000606988833169,0.0000673630129313,0.0000468144717161,0.0000362165483239,0.000032185937016,0.000036739409552,0.0000374827977794,0.0000263863730652,0.0000190824812307,0.0000235198895098,0.0000207447246794,0.0000205882861337,0.0000130920470838,0.00000986101167655,0.0000058584018916,0.00000608901200394,0.00000633132322037,0.00000403876401833,0.000002354577191,0.00000196964833776,0.00000171948397565,0.00000147563059727,0.00000115534919587,9.20811373817e-7,7.07047149717e-7],"dvar":[0.0000291645792458,0.0000144877576531,0.00000212832037505,0.00000538763060831,2.32660681831e-7,8.0487438936e-8,5.45633263016e-8,2.22335163613e-8,2.4007295707e-8,3.24606403979e-8,6.10037247384e-8,1.58329029887e-8,4.03108790792e-9,3.91530319277e-9,6.41532293955e-9,4.46221237738e-9,5.14074205427e-9,2.3542676697e-9,1.64344671205e-9,8.05691902084e-10,7.18907045005e-10,7.32750637944e-10,4.19307366606e-10,2.16317172508e-10,4.05740718801e-10,2.43700754021e-10,3.41240730117e-10,1.33693237037e-10,6.6639770091e-11,2.01819221057e-11,2.49348684062e-11,3.15147075103e-11,1.83813381183e-11,8.25950852851e-12,7.54336350328e-12,6.3549881503e-12,5.5066277059e-12,4.56316581743e-12,2.55435429752e-12,1.4050437246e-12],"dvar2":[0.0000747448502807,0.0000399059172196,0.00000516881618751,0.0000131772731038,6.36537947685e-7,2.10999616002e-7,1.48167231373e-7,5.83896557771e-8,5.73847103169e-8,7.67769137155e-8,1.19431533108e-7,3.30916165581e-8,8.64494076325e-9,9.43468414505e-9,1.53536952041e-8,1.077859757e-8,1.25674208817e-8,5.96585980617e-9,3.93098975593e-9,2.00782701576e-9,1.93529214876e-9,1.94592053582e-9,1.10086395555e-9,5.77667691459e-10,1.14811271601e-9,6.5744015787e-10,8.17059975233e-10,3.41474154508e-10,1.88036239357e-10,5.70223521179e-11,6.96677160406e-11,9.05578875776e-11,5.25954904629e-11,1.8916592251e-11,1.7361900112e-11,1.41715493507e-11,1.14663920719e-11,8.88365943308e-12,5.57001276699e-12,2.91109671091e-12],"max":[0.0343996472657,0.0330323167145,0.0123639618978,0.0200149565935,0.0116870794445,0.00802722666413,0.00527731049806,0.00347470585257,0.00294706830755,0.00463759712875,0.00420269789174,0.00298846419901,0.00167534628417,0.00151377299335,0.00185847037937,0.00131494563539,0.00131946627516,0.000955584517214,0.000696874747518,0.000597023463342,0.000411145680118,0.0004598069645,0.000285192771116,0.000367550353985,0.000242331181653,0.000235079351114,0.000358168064849,0.000146137579577,0.0000891085874173,0.0000601901556365,0.0000658149656374,0.0000832907826407,0.0000591776479268,0.0000747070662328,0.0000473708932986,0.0000577573264309,0.0000535730541742,0.0000383134356525,0.000036287252442,0.0000234864965023],"mean":[0.0018399041146,0.00202924571931,0.0013996141497,0.00113068078645,0.000361054058885,0.000213200066355,0.000155740519403,0.000105153267214,0.000108286782051,0.000175187306013,0.000307141075609,0.000126757193357,0.0000583330656809,0.0000760875336709,0.0000912601753953,0.0000652785747661,0.0000770687547629,0.0000547799245396,0.0000405700593546,0.0000391477224184,0.000047256678954,0.0000491329374199,0.0000338976315106,0.0000219828380068,0.0000224398354476,0.0000240448734985,0.0000249621152761,0.000015719613657,0.00000924971118366,0.00000686072417011,0.00000744694216337,0.0000069059501584,0.00000418925628765,0.00000288414594252,0.00000240561553255,0.0000021315001959,0.00000191734829968,0.00000150967559875,0.00000109666586923,8.48284344102e-7],"median":[0.000239484143094,0.00108350173105,0.000979009550065,0.00040346593596,0.000178164395038,0.000117654941278,0.0000857250706758,0.0000577919126954,0.0000477819194202,0.0000893262622412,0.0000654624891467,0.0000434879912063,0.0000300309475278,0.0000454938199255,0.0000530063334736,0.0000411300716223,0.0000430070758739,0.0000369962072,0.0000270173113677,0.0000292125314445,0.0000392245929106,0.0000412120789406,0.0000286954673356,0.0000183440934052,0.0000180788028956,0.0000199331607291,0.0000172191266756,0.0000118499456221,0.00000759729755373,0.00000602571390118,0.00000640178950562,0.000005712078746,0.00000315076499646,0.00000182873463928,0.00000140778638524,0.00000121006178233,0.00000104331445527,6.97864379617e-7,5.06899880293e-7,3.65875990838e-7],"min":[2.36087372929e-24,2.75398836191e-24,3.62227967168e-24,1.33721725032e-24,3.51313129911e-24,4.41666773083e-24,2.74265223349e-24,3.24180377405e-24,2.19677429214e-24,3.54266427925e-24,5.29463875834e-24,2.94844809708e-24,4.24821516199e-24,3.01001119655e-24,4.61387072979e-24,2.77599777838e-24,3.76880269622e-24,5.26890690447e-24,3.99615556454e-24,4.478226886e-24,5.4146773557e-24,5.28412837007e-24,5.88285762548e-24,5.78366507197e-24,7.05485012857e-24,6.98306220847e-24,4.70765998054e-24,7.06965389232e-24,6.35374763247e-24,6.72185379667e-24,7.26983681335e-24,6.49397160268e-24,4.6434123874e-24,6.28761150633e-24,4.7988771503e-24,4.83480621466e-24,5.91935703628e-24,7.00216210871e-24,7.93735040096e-24,5.79851301193e-24],"var":[0.0000228567387239,0.0000111792087409,0.00000273851333077,0.0000055223849813,2.96905568575e-7,1.03198729562e-7,6.17635933509e-8,2.71736340096e-8,4.19703631849e-8,7.12990413376e-8,3.52513808366e-7,6.70720154972e-8,1.17983205428e-8,1.20131389281e-8,1.58582889043e-8,8.03197597321e-9,1.14916334226e-8,4.91147700288e-9,3.03444602778e-9,1.67000135942e-9,1.6811042558e-9,1.70266079014e-9,7.93398624577e-10,3.49701129165e-10,4.29957125458e-10,4.27207158538e-10,7.62283181022e-10,2.34167407687e-10,6.72695579795e-11,2.93590880773e-11,3.81300546692e-11,3.92516921743e-11,2.08423122511e-11,1.69642962872e-11,1.58679024781e-11,1.3954224061e-11,1.27283617674e-11,1.11221830357e-11,5.33444339049e-12,3.24158430133e-12]},"melbands_crest":{"dmean":3.88480424881,"dmean2":6.14329814911,"dvar":14.158665657,"dvar2":34.0044784546,"max":36.6075706482,"mean":14.0723791122,"median":13.1793994904,"min":1.60325407982,"var":29.9057807922},"melbands_flatness_db":{"dmean":0.0311757288873,"dmean2":0.0485769696534,"dvar":0.00117553281598,"dvar2":0.00284827733412,"max":0.593599259853,"mean":0.169568017125,"median":0.145002290606,"min":0.00406562304124,"var":0.00790238659829},"melbands_kurtosis":{"dmean":7.530772686,"dmean2":12.598077774,"dvar":184.754150391,"dvar2":479.372924805,"max":445.359741211,"mean":10.4423847198,"median":4.75821304321,"min":-1.9465624094,"var":484.89276123},"melbands_skewness":{"dmean":0.928990006447,"dmean2":1.45723092556,"dvar":1.28084981441,"dvar2":3.09102845192,"max":15.864323616,"mean":2.43269181252,"median":2.10212492943,"min":-4.25950145721,"var":2.67432975769},"melbands_spread":{"dmean":10.7064981461,"dmean2":16.5335178375,"dvar":166.294036865,"dvar2":356.604858398,"max":246.074981689,"mean":33.5637397766,"median":32.1270637512,"min":0.391333460808,"var":510.228240967},"mfcc":{"cov":[[14857.3642578,788.26184082,-489.379821777,450.8487854,-25.0242710114,396.632781982,45.199760437,186.211303711,54.8390693665,93.2180099487,99.6088943481,-5.04693984985,-156.812347412],[788.26184082,1229.9979248,-77.3408203125,411.688842773,54.7638397217,76.5928192139,19.6984119415,6.05593729019,92.2281417847,-85.299446106,35.4009857178,-4.17367744446,10.3325624466],[-489.379821777,-77.3408203125,712.867004395,157.755523682,251.535614014,101.604652405,-24.6967868805,20.2247447968,-5.21707725525,-27.1285552979,-17.9731521606,-11.4469347,-13.1247854233],[450.8487854,411.688842773,157.755523682,464.741912842,171.846298218,142.560592651,-27.5767765045,11.6978807449,82.8803024292,-53.0112113953,52.6401863098,21.0328788757,34.8079071045],[-25.0242710114,54.7638397217,251.535614014,171.846298218,281.235687256,88.3576660156,14.7609844208,25.6174087524,51.4407691956,38.4588546753,36.0299797058,46.0446472168,33.7085762024],[396.632781982,76.5928192139,101.604652405,142.560592651,88.3576660156,176.055999756,47.6218757629,42.5614128113,46.3763618469,-8.43974399567,33.1350212097,5.92656230927,-15.4582424164],[45.199760437,19.6984119415,-24.6967868805,-27.5767765045,14.7609844208,47.6218757629,157.620742798,73.0424728394,25.5829772949,49.4970626831,27.730714798,27.6955623627,8.18035697937],[186.211303711,6.05593729019,20.2247447968,11.6978807449,25.6174087524,42.5614128113,73.0424728394,99.8785400391,43.0186653137,35.3921546936,19.9390258789,22.3327693939,2.7438018322],[54.8390693665,92.2281417847,-5.21707725525,82.8803024292,51.4407691956,46.3763618469,25.5829772949,43.0186653137,101.939651489,34.1913223267,40.0507202148,18.8042011261,7.58482027054],[93.2180099487,-85.299446106,-27.1285552979,-53.0112113953,38.4588546753,-8.43974399567,49.4970626831,35.3921546936,34.1913223267,138.657669067,46.6139526367,43.2141265869,19.4615535736],[99.6088943481,35.4009857178,-17.9731521606,52.6401863098,36.0299797058,33.1350212097,27.730714798,19.9390258789,40.0507202148,46.6139526367,83.386390686,52.0929527283,27.543050766],[-5.04693984985,-4.17367744446,-11.4469347,21.0328788757,46.0446472168,5.92656230927,27.6955623627,22.3327693939,18.8042011261,43.2141265869,52.0929527283,97.0489807129,58.0902671814],[-156.812347412,10.3325624466,-13.1247854233,34.8079071045,33.7085762024,-15.4582424164,8.18035697937,2.7438018322,7.58482027054,19.4615535736,27.543050766,58.0902671814,88.2752532959]],"icov":[[0.000087605243607,-0.000045111439249,0.000117101677461,-0.0000907940411707,0.0000109609491119,-0.000237156171352,0.000188106845599,-0.000265884940745,0.000294961209875,-0.000210737562156,0.0000249286949838,-0.0000447094753326,0.000201991715585],[-0.000045111439249,0.00143130449578,0.000284499226836,-0.00155336386524,0.0000839824497234,0.000959324592259,-0.00107901892625,0.000503966992255,-0.000733710476197,0.000751295185182,0.0000861881344463,-0.00002264077375,0.000512802798767],[0.000117101677461,0.000284499226836,0.00272856745869,-0.000512296508532,-0.00250691222027,-0.000602728687227,0.000779454130679,-0.00151305133477,0.00178518821485,0.000328188034473,0.000383314298233,0.000575804093387,0.000884689507075],[-0.0000907940411707,-0.00155336386524,-0.000512296508532,0.0067350952886,-0.00199120002799,-0.00311527191661,0.00238108774647,-0.0000427517334174,-0.00207719602622,0.00245211622678,-0.00249642436393,0.00148558360524,-0.00327666383237],[0.0000109609491119,0.0000839824497234,-0.00250691222027,-0.00199120002799,0.00847220793366,-0.00161774805747,-0.000357744575012,0.00167689519003,-0.00194189872127,-0.00319027062505,0.00218625692651,-0.00278675463051,-0.00109347305261],[-0.000237156171352,0.000959324592259,-0.000602728687227,-0.00311527191661,-0.00161774805747,0.012484902516,-0.0043944302015,-0.000708505453076,-0.00182148884051,0.00333750713617,-0.0034675069619,0.000304945162497,0.00414042081684],[0.000188106845599,-0.00107901892625,0.000779454130679,0.00238108774647,-0.000357744575012,-0.0043944302015,0.0126403253525,-0.00807980075479,0.00271820044145,-0.00254313042387,-0.00103969301563,0.000247343210503,-0.00142694369424],[-0.000265884940745,0.000503966992255,-0.00151305133477,-0.0000427517334174,0.00167689519003,-0.000708505453076,-0.00807980075479,0.0204047374427,-0.00793812051415,-0.000818680797238,0.0035412593279,-0.00383586529642,0.000892558076885],[0.000294961209875,-0.000733710476197,0.00178518821485,-0.00207719602622,-0.00194189872127,-0.00182148884051,0.00271820044145,-0.00793812051415,0.0191801302135,-0.00364822428674,-0.0049824998714,0.00267468485981,0.00106254580896],[-0.000210737562156,0.000751295185182,0.000328188034473,0.00245211622678,-0.00319027062505,0.00333750713617,-0.00254313042387,-0.000818680797238,-0.00364822428674,0.0142097100616,-0.00634128367528,-0.000610283110291,0.00024428931647],[0.0000249286949838,0.0000861881344463,0.000383314298233,-0.00249642436393,0.00218625692651,-0.0034675069619,-0.00103969301563,0.0035412593279,-0.0049824998714,-0.00634128367528,0.0264740046114,-0.0117058577016,0.000888814567588],[-0.0000447094753326,-0.00002264077375,0.000575804093387,0.00148558360524,-0.00278675463051,0.000304945162497,0.000247343210503,-0.00383586529642,0.00267468485981,-0.000610283110291,-0.0117058577016,0.0258845575154,-0.0128395278007],[0.000201991715585,0.000512802798767,0.000884689507075,-0.00327666383237,-0.00109347305261,0.00414042081684,-0.00142694369424,0.000892558076885,0.00106254580896,0.00024428931647,0.000888814567588,-0.0128395278007,0.0223243292421]],"mean":[-626.976501465,96.1566009521,-16.4450454712,28.6598148346,3.09715604782,7.37175130844,2.69814157486,3.4627969265,-0.014028429985,-0.885991036892,-3.17288851738,-3.21638226509,-5.17908334732]},"pitch_salience":{"dmean":0.0907878279686,"dmean2":0.149952188134,"dvar":0.0088382717222,"dvar2":0.0231017190963,"max":0.871439635754,"mean":0.570620954037,"median":0.583898067474,"min":0.1086839661,"var":0.0148077718914},"silence_rate_20dB":{"dmean":0,"dmean2":0,"dvar":0,"dvar2":0,"max":1,"mean":1,"median":1,"min":1,"var":0},"silence_rate_30dB":{"dmean":0.000419331161538,"dmean2":0.000838750274852,"dvar":0.000419159710873,"dvar2":0.00125743926037,"max":1,"mean":0.999790370464,"median":1,"min":0,"var":0.000209585094126},"silence_rate_60dB":{"dmean":0.00733829522505,"dmean2":0.0146781299263,"dvar":0.00728400656953,"dvar2":0.0169771239161,"max":1,"mean":0.0874213799834,"median":0,"min":0,"var":0.0797747299075},"spectral_centroid":{"dmean":286.224182129,"dmean2":458.122344971,"dvar":105398,"dvar2":239883.734375,"max":11377.5869141,"mean":1878.1060791,"median":1909.13623047,"min":151.742431641,"var":582326.9375},"spectral_complexity":{"dmean":4.36293125153,"dmean2":7.11019086838,"dvar":18.9290294647,"dvar2":46.1124267578,"max":57,"mean":30.0698108673,"median":34,"min":0,"var":178.317337036},"spectral_contrast_coeffs":{"dmean":[0.0585379675031,0.0453525558114,0.0371636264026,0.02906072326,0.0204421132803,0.0175833180547],"dmean2":[0.0910557955503,0.0745209306479,0.0592347681522,0.046920247376,0.0331388600171,0.0276807043701],"dvar":[0.00250680465251,0.00153656746261,0.00103287864476,0.000596155587118,0.000349057576386,0.000265398935881],"dvar2":[0.00582892075181,0.00403303513303,0.00244874251075,0.00146629835945,0.000786559539847,0.00059228844475],"max":[-0.240764811635,-0.358189284801,-0.364528775215,-0.473194986582,-0.502535939217,-0.537814378738],"mean":[-0.625552713871,-0.760363459587,-0.762197852135,-0.789307892323,-0.795741200447,-0.734259605408],"median":[-0.629578649998,-0.76678621769,-0.777266263962,-0.794670939445,-0.799857020378,-0.727717757225],"min":[-0.976545929909,-0.96978867054,-0.974158287048,-0.964514434338,-0.964140117168,-0.965235710144],"var":[0.0107789197937,0.00475706951693,0.00702602230012,0.00327164982446,0.00183099473361,0.00353825441562]},"spectral_contrast_valleys":{"dmean":[0.437764436007,0.362275958061,0.295374572277,0.250873446465,0.23495362699,0.243406742811],"dmean2":[0.703162372112,0.586288809776,0.476124733686,0.40069681406,0.382205814123,0.370232611895],"dvar":[0.147152110934,0.116403982043,0.0793143212795,0.0699615329504,0.0783713236451,0.106880202889],"dvar2":[0.343269765377,0.266616672277,0.179580524564,0.147613331676,0.173992052674,0.211877584457],"max":[-4.98367357254,-4.85666799545,-5.264108181,-5.92267847061,-5.48442077637,-7.7540602684],"mean":[-7.64985656738,-7.09049320221,-7.40591812134,-7.4528336525,-7.11701154709,-10.1420516968],"median":[-7.06151390076,-6.61963605881,-6.92674541473,-6.87815999985,-6.55506181717,-9.56289577484],"min":[-27.7745552063,-27.9116039276,-27.4760665894,-27.6704483032,-27.4437274933,-27.3764572144],"var":[3.83473157883,3.46187925339,3.38700079918,3.68301677704,3.90759181976,3.97425937653]},"spectral_decrease":{"dmean":3.85024412353e-9,"dmean2":6.27661123076e-9,"dvar":3.38147927166e-17,"dvar2":8.41045483108e-17,"max":2.22038506288e-15,"mean":-7.39041450259e-9,"median":-5.86672710412e-9,"min":-4.33827018753e-8,"var":3.91148730822e-17},"spectral_energy":{"dmean":0.0148461079225,"dmean2":0.0241427924484,"dvar":0.00049247284187,"dvar2":0.0012206787942,"max":0.168864175677,"mean":0.0302566234022,"median":0.024640224874,"min":1.03718827993e-20,"var":0.000591812480707},"spectral_energyband_high":{"dmean":0.000476553017506,"dmean2":0.000806237221695,"dvar":5.69754206481e-7,"dvar2":0.00000143815884712,"max":0.0107087222859,"mean":0.00123813038226,"median":0.00104139279574,"min":7.30422533649e-21,"var":0.00000120974846141},"spectral_energyband_low":{"dmean":0.0101977018639,"dmean2":0.0171412229538,"dvar":0.000457644258859,"dvar2":0.00117382185999,"max":0.153480097651,"mean":0.0114190401509,"median":0.0053673973307,"min":2.31646401577e-23,"var":0.000397905852878},"spectral_energyband_middle_high":{"dmean":0.00172886869404,"dmean2":0.00271971733309,"dvar":0.00000376498405785,"dvar2":0.00000902253941604,"max":0.0305815506727,"mean":0.00748726166785,"median":0.00699116103351,"min":1.32319352959e-21,"var":0.0000228413009609},"spectral_energyband_middle_low":{"dmean":0.0059877759777,"dmean2":0.00945915840566,"dvar":0.000117775452964,"dvar2":0.000271117896773,"max":0.0974358469248,"mean":0.0114792706445,"median":0.00788658950478,"min":1.8731150047e-22,"var":0.000161722666235},"spectral_entropy":{"dmean":0.107815727592,"dmean2":0.163981735706,"dvar":0.0181390233338,"dvar2":0.0358396545053,"max":9.81483745575,"mean":7.78195858002,"median":7.91082572937,"min":4.62638425827,"var":0.35320276022},"spectral_flux":{"dmean":0.0346076004207,"dmean2":0.0538287386298,"dvar":0.00185769877862,"dvar2":0.00380857195705,"max":0.399273693562,"mean":0.0989341139793,"median":0.0852015316486,"min":6.59207965992e-11,"var":0.00409319717437},"spectral_kurtosis":{"dmean":1.16898155212,"dmean2":1.96879541874,"dvar":3.81308722496,"dvar2":9.75019550323,"max":116.572013855,"mean":4.81081771851,"median":3.0376598835,"min":-1.24716722965,"var":102.789985657},"spectral_rms":{"dmean":0.00110657722689,"dmean2":0.00172794866376,"dvar":0.00000205512060347,"dvar2":0.00000481404140373,"max":0.0128353238106,"mean":0.00497481646016,"median":0.00490298308432,"min":3.18102337006e-12,"var":0.00000476997092846},"spectral_rolloff":{"dmean":758.640869141,"dmean2":1234.77453613,"dvar":1305893.75,"dvar2":2693234.5,"max":21877.734375,"mean":2392.92822266,"median":2045.65429688,"min":64.599609375,"var":7550092.5},"spectral_skewness":{"dmean":0.160422161222,"dmean2":0.266180217266,"dvar":0.0310928747058,"dvar2":0.078372143209,"max":8.8401889801,"mean":1.31789624691,"median":1.1680328846,"min":-0.305421054363,"var":0.701855957508},"spectral_spread":{"dmean":388479.8125,"dmean2":556236.875,"dvar":448118882304,"dvar2":826036125696,"max":43946676,"mean":4451600.5,"median":4051883.5,"min":788117.5,"var":6562177875970},"spectral_strongpeak":{"dmean":0.507707536221,"dmean2":0.866972506046,"dvar":0.617004811764,"dvar2":1.5183403492,"max":10.420255661,"mean":0.906347751617,"median":0.433086574078,"min":0,"var":1.21393084526},"zerocrossingrate":{"dmean":0.0130564430729,"dmean2":0.0156735815108,"dvar":0.000295028323308,"dvar2":0.00034024741035,"max":0.8857421875,"mean":0.0831853151321,"median":0.06982421875,"min":0.00537109375,"var":0.00641833245754}},"metadata":{"audio_properties":{"analysis_sample_rate":44100,"bit_rate":0,"codec":"flac","downmix":"mix","equal_loudness":0,"length":221.493331909,"lossless":true,"md5_encoded":"71b4b517b6b3b617791ced6e93d9a7ca","replay_gain":-15.1769943237},"tags":{"acoustid_id":["1b62e1c8-0064-4ca3-b9b9-f9a85e02ec86"],"album":["The Sufferer & the Witness"],"albumartist":["Rise Against"],"artist":["Rise Against"],"date":["2006-07-28"],"discnumber":["1"],"disctotal":["1"],"file_name":"13 - Rise Against - Survive.flac","musicbrainz_albumartistid":["606bf117-494f-4864-891f-09d63ff6aa4b"],"musicbrainz_albumid":["51dcb278-fd58-4cfe-84ef-981a5739224f"],"musicbrainz_artistid":["606bf117-494f-4864-891f-09d63ff6aa4b"],"musicbrainz_recordingid":["41efb15b-c0d0-464b-82ed-3b493b25a8fe"],"musicbrainz_releasegroupid":["005b84a0-ecd6-39f1-b2f6-6eb48756b268"],"replaygain_album_gain":["-10.95 dB"],"replaygain_album_peak":["1.000000"],"replaygain_track_gain":["-10.96 dB"],"replaygain_track_peak":["0.966644"],"title":["Survive"],"tracknumber":["13"],"tracktotal":["14"]},"version":{"essentia":"2.1-beta1","essentia_build_sha":"46c2b6830b139c2e69ed9f3e0d9145e1b8fbae31","essentia_git_sha":"v2.1_beta1-6-g5578087","extractor":"music 1.0"}},"rhythm":{"beats_count":421,"beats_loudness":{"dmean":0.0173737592995,"dmean2":0.0311586856842,"dvar":0.000255443737842,"dvar2":0.000757478817832,"max":0.0915598273277,"mean":0.0413971431553,"median":0.0439906455576,"min":4.1719593058e-11,"var":0.000511552672833},"beats_loudness_band_ratio":{"dmean":[0.174125924706,0.200723409653,0.0908821672201,0.0814435333014,0.0531372353435,0.0517214201391],"dmean2":[0.303993403912,0.369505912066,0.15939976275,0.147916585207,0.0930060446262,0.0913211926818],"dvar":[0.0361480154097,0.0313398465514,0.0162126068026,0.0119596822187,0.00399352051318,0.0105633102357],"dvar2":[0.0974690169096,0.107605189085,0.0446284078062,0.0318755432963,0.0116091193631,0.0237340498716],"max":[0.985487580299,0.7859523