{"lowlevel":{"average_loudness":0.0190155021846,"barkbands":{"dmean":[0.0000466039382445,0.000303600158077,0.000192619670997,0.00105284759775,0.00164159573615,0.00051436224021,0.000396516552428,0.00181496678852,0.000762715528253,0.000594864599407,0.000190118618775,0.000343952910043,0.000187114535947,0.000371231260942,0.000248870492214,0.0000974325230345,0.0000370277230104,0.00000719430045137,0.0000147976434164,0.0000183546308108,0.00000869652376423,0.00000904055832507,0.00000511869620823,0.00000351045628122,0.00000235040693042,9.33898036237e-7,4.69693588911e-7],"dmean2":[0.0000710321692168,0.000516863598023,0.000319947401294,0.00169556459878,0.00236263219267,0.000732916814741,0.000577383325435,0.00244869920425,0.00109180575237,0.000879212107975,0.000292060809443,0.000526876945514,0.000278415158391,0.000558399071451,0.000388770684367,0.00015664374223,0.00005846471322,0.0000112761472337,0.0000223352071771,0.0000271973694908,0.0000123816053019,0.0000122764222397,0.00000723340099285,0.00000470949044029,0.00000320154913425,0.00000135662548928,6.97556799878e-7],"dvar":[8.07280287063e-8,0.00000436953678218,6.40952293907e-7,0.0000346083616023,0.0000165051424119,0.00000119967876344,9.97623146759e-7,0.0000458415233879,0.00000520538196724,0.00000168195583683,3.80532043209e-7,0.00000100640897926,2.49055403856e-7,0.00000144850366723,7.89356590758e-7,1.42395279568e-7,1.19632863615e-8,2.59493093679e-10,3.37764549663e-9,4.86511719799e-9,7.53507645168e-10,8.50138404118e-10,3.94311916452e-10,2.20441484511e-10,1.38282288398e-10,1.40333175636e-10,5.12747795611e-11],"dvar2":[1.70536353039e-7,0.0000122684195958,0.0000018239234123,0.0000794772277004,0.0000364402621926,0.0000023594780032,0.00000202341220756,0.0000781079288572,0.0000116852652354,0.00000374914384338,8.76404726569e-7,0.00000247363732342,5.40162943707e-7,0.00000294071855933,0.00000192689890355,3.52571760232e-7,2.78371796725e-8,5.84861215014e-10,6.59014265381e-9,9.40525346493e-9,1.51144119442e-9,1.47289291874e-9,8.24147916578e-10,3.89027310366e-10,2.34806313282e-10,2.7984969897e-10,1.00898914224e-10],"max":[0.00720769632608,0.0558437407017,0.022230643779,0.169048935175,0.089579179883,0.0258601922542,0.0283922590315,0.312720745802,0.0746134445071,0.0426654368639,0.0188834294677,0.0357041731477,0.0175594091415,0.0493160896003,0.0184953194112,0.0142571302131,0.00541634531692,0.000296604208415,0.00237747118808,0.00238711386919,0.00107431598008,0.00099918351043,0.000712062814273,0.000485028664116,0.000410162552726,0.000420540862251,0.000265205831965],"mean":[0.0000519484565302,0.000315981858876,0.000282704015262,0.00131561781745,0.00364974117838,0.00125398661476,0.000861386652105,0.0053178598173,0.00171424169093,0.00132756854873,0.00044392500422,0.000663344981149,0.000379075092496,0.000836527091451,0.000485778524308,0.000179652866791,0.0000737121663406,0.000013904647858,0.0000291450760415,0.0000326269037032,0.0000164420198416,0.0000170574021467,0.00000901595558389,0.00000642673921902,0.00000455679264633,0.00000127147723106,5.68675318391e-7],"median":[8.28126189845e-7,0.000019041575797,0.0000511016114615,0.000298167637084,0.00102542852983,0.000490543316118,0.000128571293317,0.00106922630221,0.000220606700168,0.000410611100961,0.0000956239382504,0.000141906610224,0.000109112021164,0.000135375623358,0.0000650165311527,0.0000399870150432,0.0000221614100155,0.00000585366888117,0.0000111119315989,0.0000125612396005,0.00000388613443647,0.00000188896638065,6.31836201137e-7,3.81458505672e-7,2.70311232953e-7,1.59501340136e-7,1.09888887323e-7],"min":[8.30798353316e-26,1.27461078369e-24,8.01251198333e-25,1.17528856116e-24,5.07267538772e-24,3.93828630626e-24,7.08345580271e-24,6.21488720834e-24,8.2672141662e-24,1.04985703455e-23,1.45502001866e-23,2.35295088368e-23,3.36092516284e-23,2.33246053721e-23,4.29282264294e-23,4.20781846278e-23,5.48567815039e-23,8.12317147812e-23,1.17757924757e-22,1.49311300737e-22,2.23226684032e-22,2.64169928165e-22,3.87608787399e-22,5.46824596521e-22,7.97147352605e-22,1.26474108221e-21,1.85211716823e-21],"var":[1.08212582006e-7,0.00000319954142469,6.3440353415e-7,0.0000369523222616,0.0000489685371576,0.00000440145458924,0.00000411798691857,0.000414791924413,0.0000176295161509,0.00000763614207244,0.00000186770478194,0.00000289024501399,9.57605379881e-7,0.00000630424347037,0.00000249613958658,3.16073425211e-7,4.28242081796e-8,6.06032835027e-10,6.62610810664e-9,8.01108424042e-9,1.96564808874e-9,2.5251181146e-9,9.71992153431e-10,6.51957710041e-10,3.40078881722e-10,1.72581920976e-10,6.02847008424e-11]},"barkbands_crest":{"dmean":2.172052145,"dmean2":3.35534024239,"dvar":4.09396266937,"dvar2":9.96882820129,"max":26.4500255585,"mean":11.2141513824,"median":10.409116745,"min":2.95643043518,"var":18.0842094421},"barkbands_flatness_db":{"dmean":0.0184925179929,"dmean2":0.0264121741056,"dvar":0.000275334023172,"dvar2":0.000575532263611,"max":0.439070224762,"mean":0.198458641768,"median":0.198604762554,"min":0.030056733638,"var":0.00339181767777},"barkbands_kurtosis":{"dmean":2.22766113281,"dmean2":3.43080210686,"dvar":33.2644767761,"dvar2":67.4920425415,"max":380.486816406,"mean":3.80176329613,"median":2.2161924839,"min":-1.92292392254,"var":80.3820266724},"barkbands_skewness":{"dmean":0.429996728897,"dmean2":0.653564035892,"dvar":0.196122244,"dvar2":0.453675836325,"max":11.4380807877,"mean":1.02564823627,"median":1.03907907009,"min":-3.13174653053,"var":1.30254077911},"barkbands_spread":{"dmean":2.20586466789,"dmean2":3.33031868935,"dvar":10.9506378174,"dvar2":25.1110172272,"max":142.265716553,"mean":10.5867443085,"median":8.58885192871,"min":0.155315741897,"var":82.9232177734},"dissonance":{"dmean":0.0313211157918,"dmean2":0.0524301193655,"dvar":0.000836133374833,"dvar2":0.00228887028061,"max":0.500000119209,"mean":0.419458687305,"median":0.426210075617,"min":0.170618385077,"var":0.002444767626},"dynamic_complexity":5.41486215591,"erbbands":{"dmean":[0.0113944262266,0.0602379068732,0.185319259763,1.74046278,5.92166233063,4.35841226578,5.3549990654,3.36039495468,6.27674674988,12.452296257,43.5030555725,22.544757843,15.573759079,13.619222641,7.53560495377,17.2740840912,8.72852230072,14.4978504181,18.4182567596,7.7750377655,3.19664120674,1.38390028477,0.404220581055,0.566292345524,0.897155225277,0.922852814198,0.357176452875,0.368502646685,0.312387734652,0.2315415591,0.131823167205,0.0765812024474,0.0562089718878,0.0339164100587,0.0139212319627,0.00409961678088,0.00177473283838,0.000581594766118,0.0000810475612525,0.00000913236726774],"dmean2":[0.0199443157762,0.101123481989,0.298752248287,2.81127238274,8.79722309113,6.35737609863,7.53695774078,5.04435300827,8.86300563812,17.4608058929,58.5405578613,31.8401260376,23.0796413422,19.935503006,11.5590162277,26.3338108063,12.8902893066,21.8750705719,28.6370944977,11.8802471161,5.00539398193,2.14244484901,0.616633832455,0.875097036362,1.3176292181,1.37925505638,0.510438203812,0.520269811153,0.431046396494,0.326945871115,0.185492500663,0.107158698142,0.0762534737587,0.0464158691466,0.0182134415954,0.00555709376931,0.00262310565449,0.000864509027451,0.000118819829368,0.0000128171532197],"dvar":[0.00745428260416,0.140219673514,0.519664466381,105.621566772,372.389526367,133.097076416,153.517913818,69.371421814,280.663146973,1509.16503906,33217.3632812,4620.51171875,1984.7746582,810.601196289,381.442871094,2566.96777344,490.027801514,1970.32519531,3761.95581055,847.669128418,120.281356812,13.7663784027,0.756674289703,2.75087690353,17.336391449,10.9676866531,1.04278004169,1.52022206783,1.1807551384,0.537783026695,0.236038312316,0.0948324650526,0.0601237788796,0.0212371349335,0.00663885008544,0.00158329529222,0.000540926412214,0.0000799593835836,0.00000146539002799,3.48696382879e-9],"dvar2":[0.0210251845419,0.391462445259,1.35499250889,248.734298706,851.402954102,297.402099609,316.209625244,143.648193359,502.573547363,2797.11279297,55721.5898438,10391.9697266,4537.91796875,1668.91540527,902.283203125,6293.98583984,945.836547852,3890.57568359,9000.20703125,1750.42199707,266.750457764,29.8315982819,1.68157756329,6.3408370018,34.2088699341,21.5359153748,2.08283305168,3.07956552505,2.04179978371,1.06364476681,0.471634358168,0.171838417649,0.104249551892,0.0369747541845,0.0116135245189,0.00313211255707,0.00111354992259,0.000165932477103,0.00000291108904094,6.66295285612e-9],"max":[1.85208082199,11.1749753952,19.104391098,289.874389648,461.04473877,268.186676025,311.2862854,230.872055054,432.033874512,1114.80627441,8514.58105469,2289.40673828,1569.51501465,1017.20031738,601.782470703,1773.3560791,909.983764648,2423.78442383,2196.65722656,1007.23095703,611.619140625,142.269744873,22.1374874115,58.059879303,148.560760498,106.66293335,32.00806427,53.8009757996,42.1319351196,24.8306159973,16.506816864,9.39237785339,8.55998039246,4.64070224762,2.92484545708,1.43102407455,0.893700480461,0.332803249359,0.0434851162136,0.00205790461041],"mean":[0.0100369127467,0.070006236434,0.304353237152,2.44570040703,10.8878059387,9.35759830475,12.6586647034,7.96016407013,14.1252651215,30.4091243744,131.183242798,56.7737426758,35.7494049072,31.9119434357,18.2026157379,34.3609924316,19.8757152557,33.9125747681,40.1993560791,16.4687194824,7.40913581848,3.02610421181,0.893904924393,1.15923988819,1.68935990334,1.65389692783,0.717210292816,0.681752920151,0.573535740376,0.430388689041,0.227533847094,0.135050609708,0.10170236975,0.0655798539519,0.0270302314311,0.00678131170571,0.00224169809371,0.000669036118779,0.000101578996691,0.0000270895998256],"median":[0.000439615716459,0.00534154195338,0.0565853267908,0.663383603096,1.99915003777,2.44443821907,4.42779350281,2.71932649612,2.60346794128,5.00032043457,28.8217811584,11.8265914917,10.2981748581,10.6648693085,6.8150177002,8.73497962952,7.04723119736,8.68565368652,5.08670806885,3.48781991005,2.07188272476,1.01594638824,0.402629554272,0.535221457481,0.565712094307,0.649790763855,0.243991613388,0.139575332403,0.0654903799295,0.0353468433022,0.0187243819237,0.00949602480978,0.00569402147084,0.00363745028153,0.00157258473337,0.000695916009136,0.000296382058877,0.0000979280594038,0.0000230707428273,0.0000144227406054],"min":[4.27834483652e-23,3.25448315116e-22,1.02122524911e-21,3.76469930053e-21,5.58006226536e-21,1.25626302619e-20,4.18873663945e-20,5.38634133189e-20,8.60533374956e-20,1.48388964062e-19,1.89711379023e-19,3.16453866559e-19,3.37118647718e-19,5.29010539459e-19,5.788466721e-19,1.15664603015e-18,1.88339368145e-18,1.94260451046e-18,2.29701707495e-18,2.38416220684e-18,2.82877736956e-18,4.07762363912e-18,4.43447307769e-18,5.21757819848e-18,7.41896388883e-18,6.67566600784e-18,9.43121225059e-18,8.65792907239e-18,7.6641269875e-18,1.05063766477e-17,1.08175909455e-17,9.29991304478e-18,8.08247606385e-18,7.05778788207e-18,5.97937680105e-18,3.82951619106e-18,2.41761856069e-18,9.16023119064e-19,2.52744364081e-19,2.49417007449e-20],"var":[0.00513491081074,0.11067713052,0.69562959671,109.582077026,783.093139648,353.79006958,572.542053223,205.899093628,1118.39892578,6077.97363281,302206.21875,17943.2558594,8414.89550781,4130.25097656,1703.60375977,7262.94433594,2309.50708008,7105.08154297,12639.5097656,2515.11083984,401.271179199,56.7057228088,2.06225204468,4.73447847366,30.8858547211,18.6213912964,2.71281242371,3.81688332558,3.30912899971,1.56276786327,0.590141296387,0.275217711926,0.167229935527,0.0595668144524,0.0148115400225,0.00229074642994,0.000623250612989,0.000087607637397,0.00000169709198872,5.25575627464e-9]},"erbbands_crest":{"dmean":2.88832163811,"dmean2":4.53290653229,"dvar":7.39309310913,"dvar2":18.2799606323,"max":33.7834205627,"mean":13.3356714249,"median":12.3256912231,"min":2.30397868156,"var":33.7764472961},"erbbands_flatness_db":{"dmean":0.0175097044557,"dmean2":0.0244493018836,"dvar":0.000246351992246,"dvar2":0.000479039706988,"max":0.485304147005,"mean":0.24879924953,"median":0.251387357712,"min":0.0185821074992,"var":0.00500150769949},"erbbands_kurtosis":{"dmean":1.43391251564,"dmean2":2.20581865311,"dvar":12.1916208267,"dvar2":23.714466095,"max":193.065124512,"mean":1.97493183613,"median":0.962276101112,"min":-1.81744909286,"var":32.9664916992},"erbbands_skewness":{"dmean":0.391551584005,"dmean2":0.59278678894,"dvar":0.144112065434,"dvar2":0.325577050447,"max":9.99915218353,"mean":0.481721550226,"median":0.48631298542,"min":-3.62139034271,"var":0.946816980839},"erbbands_spread":{"dmean":3.5875146389,"dmean2":5.36747312546,"dvar":17.0083065033,"dvar2":37.3142089844,"max":94.5526885986,"mean":18.4790306091,"median":16.1720352173,"min":0.45252853632,"var":118.77129364},"gfcc":{"cov":[[46230.9921875,5536.43701172,-5341.22460938,6.75228691101,-2744.67431641,159.649856567,-1423.93017578,-549.008056641,-665.909606934,-183.908401489,-894.68939209,-1134.98278809,-459.075286865],[5536.43701172,1219.08850098,-766.094177246,-327.454162598,-146.559494019,-151.823577881,-111.907066345,-107.893791199,-161.073806763,-56.0783996582,-106.765678406,-182.046279907,-75.0779953003],[-5341.22460938,-766.094177246,1520.12744141,398.225860596,110.133644104,214.516616821,81.4304580688,182.222900391,100.19065094,-5.98979043961,184.250762939,261.251495361,-28.3893756866],[6.75228691101,-327.454162598,398.225860596,614.430725098,-93.8436813354,172.693405151,-80.35131073,52.2581787109,86.1760482788,-42.2640190125,16.4242038727,88.193939209,-20.6734199524],[-2744.67431641,-146.559494019,110.133644104,-93.8436813354,443.888885498,-71.7023162842,76.0719451904,-7.74008178711,6.36150741577,1.10148143768,14.2526082993,29.2948074341,48.3894500732],[159.649856567,-151.823577881,214.516616821,172.693405151,-71.7023162842,283.824798584,26.1043281555,9.41008853912,1.18938744068,-18.9369659424,28.8111019135,19.9231014252,-29.7032909393],[-1423.93017578,-111.907066345,81.4304580688,-80.35131073,76.0719451904,26.1043281555,234.20765686,17.1312637329,-27.9248924255,-7.49642944336,21.2967033386,-1.93119418621,-12.9951343536],[-549.008056641,-107.893791199,182.222900391,52.2581787109,-7.74008178711,9.41008853912,17.1312637329,133.482650757,80.0388412476,16.6863880157,34.6934204102,39.6952133179,4.76300811768],[-665.909606934,-161.073806763,100.19065094,86.1760482788,6.36150741577,1.18938744068,-27.9248924255,80.0388412476,205.61831665,60.5055427551,26.2167282104,5.63496398926,18.7241744995],[-183.908401489,-56.0783996582,-5.98979043961,-42.2640190125,1.10148143768,-18.9369659424,-7.49642944336,16.6863880157,60.5055427551,108.108322144,29.4868717194,-9.30647659302,21.7022190094],[-894.68939209,-106.765678406,184.250762939,16.4242038727,14.2526082993,28.8111019135,21.2967033386,34.6934204102,26.2167282104,29.4868717194,123.588661194,69.5891799927,-7.94279050827],[-1134.98278809,-182.046279907,261.251495361,88.193939209,29.2948074341,19.9231014252,-1.93119418621,39.6952133179,5.63496398926,-9.30647659302,69.5891799927,166.200881958,32.6986312866],[-459.075286865,-75.0779953003,-28.3893756866,-20.6734199524,48.3894500732,-29.7032909393,-12.9951343536,4.76300811768,18.7241744995,21.7022190094,-7.94279050827,32.6986312866,100.398170471]],"icov":[[0.000483079260448,-0.00149530044291,0.00116044504102,-0.000935095304158,0.00148855615407,-0.00119371223263,0.00124295277055,-0.00108233676292,0.000933532544877,-0.00113831530325,0.000977204763331,-0.000127637933474,0.000558753788937],[-0.00149530044291,0.00635243952274,-0.00304551934823,0.00346973375417,-0.00435235025361,0.00398404058069,-0.00288976612501,0.00286611542106,-0.00205609435216,0.00426550209522,-0.00318719609641,0.00102360185701,-0.000591357820667],[0.00116044504102,-0.00304551934823,0.00434138532728,-0.00260134926066,0.00315872533247,-0.00333128869534,0.0030133749824,-0.0038582670968,0.00257803616114,-0.00275695882738,0.00175643980037,-0.00153271504678,0.00253905798309],[-0.000935095304158,0.00346973375417,-0.00260134926066,0.00493510439992,-0.0023972610943,0.00113644415978,-0.00112719135359,0.00228674639948,-0.00302662351169,0.00371318124235,-0.000873670040164,-0.000661353755277,-0.000255108869169],[0.00148855615407,-0.00435235025361,0.00315872533247,-0.0023972610943,0.00756961945444,-0.00280213332735,0.00303303194232,-0.00228734198026,0.00236007594503,-0.00267040566541,0.00279334746301,-0.000188628750038,0.000394562608562],[-0.00119371223263,0.00398404058069,-0.00333128869534,0.00113644415978,-0.00280213332735,0.00804199557751,-0.00389244966209,0.00340749206953,-0.00186727498658,0.00333218462765,-0.00354643445462,0.00149968930054,-0.00126370205544],[0.00124295277055,-0.00288976612501,0.0030133749824,-0.00112719135359,0.00303303194232,-0.00389244966209,0.00915213581175,-0.00442339712754,0.0037978508044,-0.00212450209074,0.00181669893209,0.00076525734039,0.0025689129252],[-0.00108233676292,0.00286611542106,-0.0038582670968,0.00228674639948,-0.00228734198026,0.00340749206953,-0.00442339712754,0.0148545857519,-0.00711437547579,0.00330931530334,-0.00261263898574,-0.00112637982238,-0.00182093190961],[0.000933532544877,-0.00205609435216,0.00257803616114,-0.00302662351169,0.00236007594503,-0.00186727498658,0.0037978508044,-0.00711437547579,0.0110047813505,-0.00592440599576,0.00107258732896,0.00194482156076,0.000655674492009],[-0.00113831530325,0.00426550209522,-0.00275695882738,0.00371318124235,-0.00267040566541,0.00333218462765,-0.00212450209074,0.00330931530334,-0.00592440599576,0.0172559581697,-0.00712905731052,0.00356318312697,-0.00453896913677],[0.000977204763331,-0.00318719609641,0.00175643980037,-0.000873670040164,0.00279334746301,-0.00354643445462,0.00181669893209,-0.00261263898574,0.00107258732896,-0.00712905731052,0.0165570527315,-0.00694361329079,0.00527755217627],[-0.000127637933474,0.00102360185701,-0.00153271504678,-0.000661353755277,-0.000188628750038,0.00149968930054,0.00076525734039,-0.00112637982238,0.00194482156076,0.00356318312697,-0.00694361329079,0.0133247803897,-0.00572267081589],[0.000558753788937,-0.000591357820667,0.00253905798309,-0.000255108869169,0.000394562608562,-0.00126370205544,0.0025689129252,-0.00182093190961,0.000655674492009,-0.00453896913677,0.00527755217627,-0.00572267081589,0.0157335419208]],"mean":[-137.525268555,128.030853271,-133.830505371,-15.0918045044,-58.1539764404,-5.78703069687,-32.5662765503,-12.6573791504,-26.8654117584,-3.7157869339,-21.1916942596,-15.5491638184,-7.56496429443]},"hfc":{"dmean":2.89127206802,"dmean2":3.99041461945,"dvar":28.780582428,"dvar2":52.6951370239,"max":188.361999512,"mean":12.3666296005,"median":7.4759349823,"min":1.04678343325e-16,"var":285.823944092},"melbands":{"dmean":[0.0000921975515666,0.0000818877742859,0.00043644089601,0.000376973795937,0.000184631237062,0.0000851579825394,0.0000912415052881,0.000174650835106,0.000344775151461,0.000119963355246,0.0000758615715313,0.0000576859456487,0.0000262625308096,0.0000370178859157,0.000030566676287,0.0000183403044502,0.000031037881854,0.0000335290351359,0.0000144928681038,0.0000101021869341,0.00000342416933563,0.00000202212345357,4.160688718e-7,4.64853087578e-7,4.88309012781e-7,6.42071086077e-7,7.64503681694e-7,5.85838904499e-7,2.19151601755e-7,2.42951898599e-7,2.31158907127e-7,2.06111437251e-7,1.49606790956e-7,1.27491873059e-7,8.38174400997e-8,5.74996761316e-8,4.44239631747e-8,4.04177527003e-8,3.83168625717e-8,2.75185563225e-8],"dmean2":[0.000157006463269,0.000134244968649,0.000682004378177,0.000551317294594,0.000261036911979,0.00012507980864,0.000129939668113,0.000243067232077,0.000462127063656,0.000172192230821,0.000112883171823,0.0000843812667881,0.0000401980505558,0.0000575468147872,0.0000453473439848,0.0000278356728813,0.0000465775119665,0.0000517102416779,0.00002205266901,0.0000161277257575,0.00000532214789928,0.00000316567434311,6.69499229389e-7,7.42818656363e-7,7.81091216595e-7,9.62017452366e-7,0.0000011158037978,8.97854135928e-7,3.24246883565e-7,3.60212879968e-7,3.29697002144e-7,2.90794417879e-7,2.08615745123e-7,1.85131028729e-7,1.18034364505e-7,8.474345492e-8,6.28385166124e-8,5.67299736076e-8,5.27736396805e-8,3.83668243842e-8],"dvar":[4.44984664227e-7,1.09786974178e-7,0.00000450678544439,0.00000107649930214,1.90614841244e-7,4.37553673294e-8,5.83424260014e-8,2.82859559775e-7,0.00000192035190594,1.57218423169e-7,4.89152114369e-8,1.52573029766e-8,7.67873409302e-9,9.89700410514e-9,6.31806562623e-9,2.19370810406e-9,9.62172830299e-9,1.34990623124e-8,2.75977174446e-9,1.38729006061e-9,1.4118939351e-10,3.34271950397e-11,9.02983146155e-13,1.12791438515e-12,2.27773876149e-12,8.07358520316e-12,1.2994318295e-11,3.78393236883e-12,5.03002479078e-13,6.75437028357e-13,5.65598891507e-13,5.72120475995e-13,2.20259303418e-13,2.34523934561e-13,1.151732789e-13,4.20987673704e-14,3.97363416585e-14,3.20652656987e-14,3.03162815761e-14,1.48704274128e-14],"dvar2":[0.0000012392951021,2.96299390357e-7,0.0000104753107735,0.00000244746047429,3.98776109023e-7,8.5984765974e-8,1.0612295398e-7,5.17761577612e-7,0.00000316577074955,3.64933299579e-7,1.11889136178e-7,3.13924175543e-8,1.77722530026e-8,2.47211477955e-8,1.4086587008e-8,4.81109685424e-9,1.91872793209e-8,3.09078984628e-8,6.18556361687e-9,3.43728800978e-9,2.87839863056e-10,7.37308894494e-11,2.23896183711e-12,2.69223814249e-12,5.6996633975e-12,1.52728142633e-11,2.48450756496e-11,8.05513381691e-12,1.02568376969e-12,1.50140989051e-12,1.14789081018e-12,1.00867296286e-12,4.51687407095e-13,5.36878647008e-13,2.37108265964e-13,8.30667457562e-14,7.61499492478e-14,5.74708060004e-14,5.46845792119e-14,2.84045824242e-14],"max":[0.0161904897541,0.00847672950476,0.0568920746446,0.022472217679,0.00974799040705,0.00578621262684,0.00656118383631,0.0145784523338,0.0625768601894,0.0146757289767,0.00796298310161,0.00444887485355,0.00277520436794,0.00283351610415,0.00308023486286,0.00151623657439,0.0050358818844,0.00461281230673,0.0015111612156,0.00116903940216,0.000779572525062,0.000207505960134,0.000023932516342,0.0000179483195097,0.0000493550396641,0.000146829959704,0.00013097160263,0.0000540902656212,0.0000315023680741,0.0000322856394632,0.0000271787612292,0.0000308705348289,0.0000142565131682,0.000015431218344,0.000012183931176,0.00000583902829021,0.00000618337207925,0.00000581556196266,0.00000670818371873,0.00000401223860536],"mean":[0.0000908310466912,0.00012715968478,0.000678232696373,0.000775866385084,0.00042892358033,0.000199794842047,0.000201940943953,0.000428444327554,0.00104141491465,0.000278307474218,0.000167501100805,0.000130194981466,0.0000629921196378,0.0000730026804376,0.0000630398571957,0.0000388536682294,0.0000694895425113,0.0000720534226275,0.0000280287131318,0.000018326278223,0.00000724263327356,0.00000405873925047,7.50883430101e-7,8.4872442585e-7,8.91887225407e-7,0.00000117582032999,0.00000129883494537,0.00000101271666608,4.20827262815e-7,4.2196975869e-7,4.00036043402e-7,3.5339789406e-7,2.66771337465e-7,2.22901206826e-7,1.36025150255e-7,9.88952848502e-8,7.39181160725e-8,6.88997587872e-8,7.11012191346e-8,5.10385262942e-8],"median":[0.00000466186338599,0.0000182482799573,0.000158102193382,0.000175951310666,0.000147764440044,0.0000702917095623,0.0000329930735461,0.0000793737781351,0.000244115304668,0.0000409345011576,0.000036973025999,0.0000383115911973,0.0000146609136209,0.0000204497318919,0.0000181571485882,0.0000123596846606,0.000015226767573,0.00000752210144128,0.00000446532521892,0.00000377824517273,0.00000201868806471,0.00000117104946185,2.4651728836e-7,3.41537713666e-7,3.90561751828e-7,3.57827047992e-7,4.14140231442e-7,4.03708014574e-7,1.39030731816e-7,9.72592175685e-8,6.86710563969e-8,4.14124556869e-8,2.23169358549e-8,1.64549902593e-8,1.09453122121e-8,6.779876216e-9,4.9570245686e-9,3.88337628721e-9,3.27390292654e-9,2.93000645968e-9],"min":[4.5706477589e-25,5.77069748059e-25,8.68665722875e-25,1.03280549054e-24,1.36234276597e-24,1.327491187e-24,1.3386275364e-24,1.14355702568e-24,1.60286132838e-24,1.16345387265e-24,1.53708196458e-24,1.59601569205e-24,1.7083177333e-24,1.81697701211e-24,2.5482686234e-24,2.61342478709e-24,2.17905568735e-24,2.54715652674e-24,3.5504751855e-24,2.44770956559e-24,2.06528340659e-24,3.3999037268e-24,3.85248032788e-24,3.0782638365e-24,3.78554153576e-24,3.45114103146e-24,3.883028572e-24,3.60037931523e-24,4.63269255656e-24,4.25215355006e-24,4.1969423586e-24,3.39046895038e-24,4.21504277207e-24,5.44616710532e-24,5.29349924876e-24,5.89179699726e-24,4.8348961448e-24,4.78213712746e-24,5.37646848333e-24,5.37599240577e-24],"var":[3.25119032141e-7,1.35762121545e-7,0.00000542012912774,0.00000279734285868,6.50240906452e-7,1.33523641921e-7,2.39790637124e-7,0.00000129136117266,0.0000181390514626,4.95667052292e-7,2.09433849818e-7,7.71331443161e-8,3.73461865877e-8,2.97621429723e-8,2.00726955057e-8,8.29963564541e-9,3.47954838276e-8,4.72666421558e-8,8.15923062447e-9,3.16366821629e-9,5.04357611231e-10,1.24399573975e-10,1.87569447821e-12,2.33566790041e-12,3.09662972348e-12,1.79816109919e-11,2.06358784227e-11,6.03414020139e-12,1.22746485285e-12,1.39558037435e-12,1.42708653054e-12,1.47565900471e-12,5.8383094366e-13,5.37134952402e-13,2.61007415767e-13,1.19097575768e-13,1.02067700537e-13,8.37995105707e-14,7.9742520909e-14,3.81215749885e-14]},"melbands_crest":{"dmean":2.74191308022,"dmean2":4.28015327454,"dvar":6.81611013412,"dvar2":16.9925308228,"max":34.1471290588,"mean":14.2177181244,"median":13.388420105,"min":1.53890490532,"var":33.0980873108},"melbands_flatness_db":{"dmean":0.0217172410339,"dmean2":0.0307544935495,"dvar":0.000415155227529,"dvar2":0.000841672823299,"max":0.50680077076,"mean":0.262519538403,"median":0.268190145493,"min":0.00261634308845,"var":0.00509472331032},"melbands_kurtosis":{"dmean":2.84773659706,"dmean2":4.42035484314,"dvar":31.6739234924,"dvar2":75.4777832031,"max":153.678344727,"mean":4.97488260269,"median":2.59186577797,"min":-1.83725333214,"var":76.217376709},"melbands_skewness":{"dmean":0.45581138134,"dmean2":0.688601732254,"dvar":0.245300516486,"dvar2":0.591082572937,"max":11.4601612091,"mean":1.29147839546,"median":1.19518065453,"min":-2.17025923729,"var":1.30561077595},"melbands_spread":{"dmean":3.7224047184,"dmean2":5.76022386551,"dvar":27.8455581665,"dvar2":68.5704727173,"max":173.981002808,"mean":18.2170543671,"median":12.8542556763,"min":0.334949076176,"var":493.470001221},"mfcc":{"cov":[[13458.4707031,2986.84667969,-204.624603271,90.4446258545,-341.078826904,228.143341064,-398.077728271,-180.083755493,-34.1027145386,227.895935059,186.797683716,-211.398193359,-173.043212891],[2986.84667969,2331.16040039,-648.38671875,-177.204376221,-170.122375488,-118.433258057,51.8702888489,-237.416152954,-81.571647644,23.3574466705,-126.639030457,-96.7051315308,-57.1292190552],[-204.624603271,-648.38671875,1146.16308594,128.158706665,96.0688247681,63.7903633118,-25.1847419739,247.925369263,-41.2913742065,-124.327957153,155.638565063,119.764923096,60.2269592285],[90.4446258545,-177.204376221,128.158706665,275.181854248,79.2054901123,-2.06054925919,-53.5812644958,57.3149757385,21.5850448608,-45.1718482971,5.5180182457,22.5659255981,20.961894989],[-341.078826904,-170.122375488,96.0688247681,79.2054901123,261.009307861,14.4225559235,-56.4618759155,29.1299209595,10.4582529068,-12.9819555283,-5.93021774292,14.0507421494,22.5158443451],[228.143341064,-118.433258057,63.7903633118,-2.06054925919,14.4225559235,181.56010437,53.9551773071,27.0132350922,-9.26890563965,-8.05060100555,27.0468845367,-51.7100982666,-42.5439529419],[-398.077728271,51.8702888489,-25.1847419739,-53.5812644958,-56.4618759155,53.9551773071,207.287979126,34.1647415161,-36.6688690186,-26.9699001312,-15.7509450912,-23.8558330536,-31.2240047455],[-180.083755493,-237.416152954,247.925369263,57.3149757385,29.1299209595,27.0132350922,34.1647415161,189.160919189,1.28569340706,-55.6979789734,41.0776138306,30.4616355896,24.5535202026],[-34.1027145386,-81.571647644,-41.2913742065,21.5850448608,10.4582529068,-9.26890563965,-36.6688690186,1.28569340706,116.950012207,42.9951438904,-1.63427639008,0.872659862041,-21.0233669281],[227.895935059,23.3574466705,-124.327957153,-45.1718482971,-12.9819555283,-8.05060100555,-26.9699001312,-55.6979789734,42.9951438904,143.829025269,32.5056991577,-22.7689170837,-17.3136291504],[186.797683716,-126.639030457,155.638565063,5.5180182457,-5.93021774292,27.0468845367,-15.7509450912,41.0776138306,-1.63427639008,32.5056991577,135.71484375,41.1732749939,-1.95977282524],[-211.398193359,-96.7051315308,119.764923096,22.5659255981,14.0507421494,-51.7100982666,-23.8558330536,30.4616355896,0.872659862041,-22.7689170837,41.1732749939,127.016235352,62.4132957458],[-173.043212891,-57.1292190552,60.2269592285,20.961894989,22.5158443451,-42.5439529419,-31.2240047455,24.5535202026,-21.0233669281,-17.3136291504,-1.95977282524,62.4132957458,113.616523743]],"icov":[[0.000185423123185,-0.000314088974847,-0.0000785155789345,-0.000223474038648,0.000285975082079,-0.000548167328816,0.000613156356849,-0.000225231211516,0.000127651990624,-0.000357920216629,-0.0000993389476207,0.00000123083907511,0.000129261694383],[-0.000314088974847,0.0011258154409,0.000346075627021,0.000505779345986,-0.000320820749039,0.00132948567625,-0.00109405233525,0.000743080221582,0.000188893507584,0.000837648112793,0.000165237244801,0.000231423269724,-0.0000505749085278],[-0.0000785155789345,0.000346075627021,0.00170362833887,0.0000450813859061,-0.000314148084726,-0.00000195860093299,0.000172138214111,-0.00116817932576,0.000467586709419,0.00117597647477,-0.00127794640139,-0.000533440674189,0.0000410398970416],[-0.000223474038648,0.000505779345986,0.0000450813859061,0.00496995449066,-0.00124915316701,0.000780594651587,0.000302288797684,-0.000483501353301,-0.00116454577073,0.00204862561077,-0.000107386207674,0.000310884875944,-0.000375406176317],[0.000285975082079,-0.000320820749039,-0.000314148084726,-0.00124915316701,0.00514480704442,-0.00178974610753,0.00225035496987,-0.000797781976871,0.000525577459484,-0.00110974698327,0.00124191236682,-0.000551181612536,0.0000246804011113],[-0.000548167328816,0.00132948567625,-0.00000195860093299,0.000780594651587,-0.00178974610753,0.0100909769535,-0.0039165392518,0.00109148595948,-0.000646331522148,0.00259342906065,-0.00292403972708,0.00458066724241,0.000220544301555],[0.000613156356849,-0.00109405233525,0.000172138214111,0.000302288797684,0.00225035496987,-0.0039165392518,0.00931642577052,-0.00351584609598,0.00291952700354,-0.00136404344812,0.00181800685823,-0.00153348734602,0.00285046314821],[-0.000225231211516,0.000743080221582,-0.00116817932576,-0.000483501353301,-0.000797781976871,0.00109148595948,-0.00351584609598,0.0101328575984,-0.00290360697545,0.00380986998789,-0.00292990636081,0.00189817126375,-0.00290013616905],[0.000127651990624,0.000188893507584,0.000467586709419,-0.00116454577073,0.000525577459484,-0.000646331522148,0.00291952700354,-0.00290360697545,0.0128776887432,-0.00536233372986,0.00346551975235,-0.00354023347609,0.00491031026468],[-0.000357920216629,0.000837648112793,0.00117597647477,0.00204862561077,-0.00110974698327,0.00259342906065,-0.00136404344812,0.00380986998789,-0.00536233372986,0.0138772074133,-0.00687150517479,0.0046475189738,-0.00268154754303],[-0.0000993389476207,0.000165237244801,-0.00127794640139,-0.000107386207674,0.00124191236682,-0.00292403972708,0.00181800685823,-0.00292990636081,0.00346551975235,-0.00687150517479,0.0148106496781,-0.00724396575242,0.00424974551424],[0.00000123083907511,0.000231423269724,-0.000533440674189,0.000310884875944,-0.000551181612536,0.00458066724241,-0.00153348734602,0.00189817126375,-0.00354023347609,0.0046475189738,-0.00724396575242,0.016800859943,-0.00796459335834],[0.000129261694383,-0.0000505749085278,0.0000410398970416,-0.000375406176317,0.0000246804011113,0.000220544301555,0.00285046314821,-0.00290013616905,0.00491031026468,-0.00268154754303,0.00424974551424,-0.00796459335834,0.0154567621648]],"mean":[-757.655639648,167.814086914,-25.6312332153,-3.2876701355,-15.6386194229,0.766621887684,-5.63117456436,-16.3597393036,-4.49030637741,1.06585347652,-9.29934978485,-11.0630044937,-5.62414550781]},"pitch_salience":{"dmean":0.0587508641183,"dmean2":0.0925552323461,"dvar":0.002740313299,"dvar2":0.00685878517106,"max":0.849022746086,"mean":0.542245686054,"median":0.541658759117,"min":0.0779007524252,"var":0.0131684411317},"silence_rate_20dB":{"dmean":0,"dmean2":0,"dvar":0,"dvar2":0,"max":1,"mean":1,"median":1,"min":1,"var":0},"silence_rate_30dB":{"dmean":0.00672996044159,"dmean2":0.0134615385905,"dvar":0.00668500177562,"dvar2":0.0144837219268,"max":1,"mean":0.982456147671,"median":1,"min":0,"var":0.0172341987491},"silence_rate_60dB":{"dmean":0.0326883792877,"dmean2":0.065384618938,"dvar":0.0316193513572,"dvar2":0.0700015947223,"max":1,"mean":0.202715694904,"median":0,"min":0,"var":0.16161391139},"spectral_centroid":{"dmean":119.014656067,"dmean2":180.692230225,"dvar":41858.2890625,"dvar2":83471.578125,"max":11999.5341797,"mean":1135.82434082,"median":752.710571289,"min":260.24029541,"var":3322332.5},"spectral_complexity":{"dmean":1.48876333237,"dmean2":2.39759612083,"dvar":2.35044169426,"dvar2":5.38597345352,"max":34,"mean":10.2880315781,"median":10,"min":0,"var":28.5088176727},"spectral_contrast_coeffs":{"dmean":[0.0435401573777,0.0395632199943,0.0357262380421,0.0274540297687,0.0193818956614,0.0183232910931],"dmean2":[0.0716884806752,0.0616892315447,0.0572703145444,0.0440943203866,0.0306964926422,0.0264712236822],"dvar":[0.00150489050429,0.00111625692807,0.000941615318879,0.000523424765561,0.000271474273177,0.000306499161525],"dvar2":[0.00393423065543,0.00266661169007,0.00235332967713,0.00131498323753,0.000677270349115,0.000574119621888],"max":[-0.25931635499,-0.294788777828,-0.462707340717,-0.477018862963,-0.634850025177,-0.560129284859],"mean":[-0.56039172411,-0.65879368782,-0.711495697498,-0.749715089798,-0.794397950172,-0.779547989368],"median":[-0.544605851173,-0.658908605576,-0.707392930984,-0.749114632607,-0.791073679924,-0.776795327663],"min":[-0.979317307472,-0.982092559338,-0.978659927845,-0.973604381084,-0.968221724033,-0.966846525669],"var":[0.0135162016377,0.0126480963081,0.00779965333641,0.00566125940531,0.00253754318692,0.00325613631867]},"spectral_contrast_valleys":{"dmean":[0.384270787239,0.310849547386,0.297321617603,0.248006001115,0.249251708388,0.316978216171],"dmean2":[0.63062363863,0.50218129158,0.475900501013,0.389566749334,0.35606148839,0.420186370611],"dvar":[0.134104013443,0.103115178645,0.0982921570539,0.0812164023519,0.0968498364091,0.129508242011],"dvar2":[0.304342448711,0.23289321363,0.213348895311,0.165376186371,0.184043392539,0.2302044034],"max":[-5.34927511215,-5.07626008987,-5.55139780045,-5.94130086899,-6.63643264771,-8.60694313049],"mean":[-9.46821212769,-8.14281654358,-8.55582714081,-9.00225925446,-9.65356254578,-12.5088510513],"median":[-8.87951946259,-7.43611288071,-7.78675174713,-8.22810554504,-8.96281051636,-12.1508560181],"min":[-28.3663578033,-28.0736846924,-27.8544712067,-27.779756546,-27.5848026276,-27.429933548],"var":[12.1497297287,13.748878479,12.7389726639,12.2520513535,11.2610864639,8.2558221817]},"spectral_decrease":{"dmean":1.28991550774e-9,"dmean2":1.80934245364e-9,"dvar":8.85666335046e-18,"dvar2":1.79399956954e-17,"max":2.30780525969e-28,"mean":-4.81221862358e-9,"median":-2.7679463166e-9,"min":-8.00528567879e-8,"var":4.96712494892e-17},"spectral_energy":{"dmean":0.00510377669707,"dmean2":0.00714939413592,"dvar":0.000134940608405,"dvar2":0.000271333643468,"max":0.319221645594,"mean":0.0192840453237,"median":0.0112389465794,"min":9.82677562237e-21,"var":0.000784815405495},"spectral_energyband_high":{"dmean":0.0000323751010001,"dmean2":0.0000423594428867,"dvar":9.60390877935e-9,"dvar2":1.53758232813e-8,"max":0.00303464778699,"mean":0.0000676975469105,"median":0.0000163363947649,"min":6.86488903364e-21,"var":3.090839229e-8},"spectral_energyband_low":{"dmean":0.000782169401646,"dmean2":0.00126203801483,"dvar":0.0000149403249452,"dvar2":0.0000373729890271,"max":0.0834904015064,"mean":0.00111643841956,"median":0.000244171329541,"min":1.11743440956e-23,"var":0.0000156870864885},"spectral_energyband_middle_high":{"dmean":0.00120128050912,"dmean2":0.00178168772254,"dvar":0.00000489487547384,"dvar2":0.0000106218185465,"max":0.0552007071674,"mean":0.00416105147451,"median":0.00199692649767,"min":1.13416630083e-21,"var":0.0000345707085216},"spectral_energyband_middle_low":{"dmean":0.00452148728073,"dmean2":0.0063185733743,"dvar":0.000119682401419,"dvar2":0.000239310364123,"max":0.31716376543,"mean":0.014726433903,"median":0.00694112526253,"min":1.19783416639e-22,"var":0.000661139318254},"spectral_entropy":{"dmean":0.174000814557,"dmean2":0.244907066226,"dvar":0.029050193727,"dvar2":0.056832883507,"max":9.82758998871,"mean":6.83081197739,"median":6.72860336304,"min":4.35565567017,"var":0.516047656536},"spectral_flux":{"dmean":0.0142813893035,"dmean2":0.0226923953742,"dvar":0.000429017149145,"dvar2":0.00105670862831,"max":0.437040328979,"mean":0.0464610941708,"median":0.0395588688552,"min":6.36213443039e-11,"var":0.00137048552278},"spectral_kurtosis":{"dmean":5.25391769409,"dmean2":8.72124958038,"dvar":30.1000289917,"dvar2":83.6494140625,"max":80.3373947144,"mean":13.6918697357,"median":11.5265216827,"min":-1.2707452774,"var":100.626205444},"spectral_rms":{"dmean":0.000477911788039,"dmean2":0.000660712772515,"dvar":4.52260792372e-7,"dvar2":8.7862304099e-7,"max":0.0176475420594,"mean":0.00361968553625,"median":0.00331131787971,"min":3.09630402914e-12,"var":0.00000571151349504},"spectral_rolloff":{"dmean":194.581802368,"dmean2":334.533508301,"dvar":240726.40625,"dvar2":551008.5625,"max":20973.3398438,"mean":1674.77148438,"median":904.39453125,"min":64.599609375,"var":10563769},"spectral_skewness":{"dmean":0.442273944616,"dmean2":0.711317956448,"dvar":0.171851843596,"dvar2":0.454935222864,"max":7.2366771698,"mean":2.5326154232,"median":2.48636198044,"min":-0.0926477760077,"var":0.932440817356},"spectral_spread":{"dmean":401351.0625,"dmean2":600423.5625,"dvar":434326339584,"dvar2":928339197952,"max":44148588,"mean":3993502.5,"median":2519684,"min":1194019,"var":45042215419900},"spectral_strongpeak":{"dmean":0.528017282486,"dmean2":0.848987340927,"dvar":0.70735925436,"dvar2":1.7105448246,"max":14.5290050507,"mean":1.54361629486,"median":1.03597426414,"min":0,"var":3.04779362679},"zerocrossingrate":{"dmean":0.00497887283564,"dmean2":0.00641532288864,"dvar":0.0000643360981485,"dvar2":0.00012247194536,"max":0.52685546875,"mean":0.0551938526332,"median":0.037109375,"min":0.01025390625,"var":0.00713743362576}},"metadata":{"audio_properties":{"analysis_sample_rate":44100,"bit_rate":0,"codec":"flac","downmix":"mix","equal_loudness":0,"length":193.199996948,"lossless":true,"md5_encoded":"807fda3204fc89bb570c28e925e4c037","replay_gain":-10.7247600555},"tags":{"album":["White Chalk"],"albumartist":["PJ Harvey"],"albumartistsort":["Harvey, PJ"],"artist":["PJ Harvey"],"artistsort":["Harvey, PJ"],"asin":["B000SFYUV2"],"barcode":["602517403260"],"catalognumber":["B0009972-02"],"composer":["PJ Harvey"],"date":["2007-10-02"],"discnumber":["1"],"disctotal":["1"],"engineer":["Ali Chant","PJ Harvey","Flood"],"file_name":"05 White Chalk.flac","genre":["Rock","Alternative"],"isrc":["GBUM70704886"],"label":["Island Records"],"lyricist":["PJ Harvey"],"media":["CD"],"mixer":["John Parish","PJ Harvey","Flood"],"musicbrainz_albumartistid":["e795e03d-b5d5-4a5f-834d-162cfb308a2c"],"musicbrainz_albumid":["68a8b3b5-b256-4917-8ba0-b74e79bedb44"],"musicbrainz_artistid":["e795e03d-b5d5-4a5f-834d-162cfb308a2c"],"musicbrainz_recordingid":["42029f1f-7a73-485d-965c-bd0e36338736"],"musicbrainz_releasegroupid":["4e08e36d-59f2-3352-aa7c-4c55e4b20e14"],"musicbrainz_releasetrackid":["4001218e-83d6-3b2c-b620-368e0ec3d547"],"originaldate":["2007-09-24"],"performer":["Eric Drew Feldman (vocals)","John Parish (vocals)","PJ Harvey (vocals)","Jim White (drums and percussion)","John Parish (acoustic guitar, banjo, bass guitar, drums and percussion)","PJ Harvey (acoustic guitar, bass guitar, fiddle, harmonica, harp, keyboard, piano and zither)","Eric Drew Feldman (keyboard, mellotron, minimoog and piano)"],"producer":["John Parish","PJ Harvey","Flood"],"releasecountry":["US"],"releasestatus":["official"],"releasetype":["album"],"script":["Latn"],"title":["White Chalk"],"totaldiscs":["1"],"totaltracks":["11"],"tracknumber":["5"],"