{"lowlevel":{"average_loudness":0.00643510185182,"barkbands":{"dmean":[0.00015138166782,0.00148332631215,0.00171348417643,0.000864954316057,0.00155414338224,0.000292347074719,0.00048148172209,0.000545186398085,0.000487405544845,0.000171195177245,0.000116499359137,0.000172416010173,0.000177048728801,0.000153541142936,0.0000923718398553,0.0000823115478852,0.000103456215584,0.000102714438981,0.0000533116362931,0.00003676686174,0.0000473991240142,0.0000540115361218,0.0000528384953213,0.0000390333880205,0.0000171911997313,0.00000611520090388,0.00000107801531612],"dmean2":[0.000243363771006,0.00249698525295,0.00296710734256,0.0014655883424,0.0026087295264,0.000468546058983,0.000751578016207,0.000808484037407,0.000760911731049,0.000256823783275,0.000178380680154,0.000265582377324,0.000271582219284,0.000244649680099,0.000147230603034,0.000134198737214,0.000163131800946,0.000158445225679,0.00008485266153,0.0000599894628976,0.0000798650653451,0.0000879117069417,0.0000838965497678,0.0000617024197709,0.0000277931831079,0.00000995083064481,0.00000166853135397],"dvar":[8.10210849522e-7,0.0000517147091159,0.0000474398257211,0.000010396945072,0.0000742075862945,0.00000145462206547,0.00000711954771759,0.0000132311879497,0.00000485972350361,8.15049077119e-7,4.9536674851e-7,7.43555403915e-7,0.00000106316565507,8.41217115521e-7,1.32929386609e-7,1.33728022433e-7,1.58270069051e-7,2.56105181506e-7,3.66769441484e-8,1.76161005783e-8,3.5920226793e-8,5.00689019134e-8,5.36222231062e-8,3.85665011038e-8,1.00110089107e-8,1.3578888014e-9,3.25936257151e-11],"dvar2":[0.00000199432406589,0.000141639684443,0.000137993702083,0.000028617978387,0.000201108268811,0.00000348946696249,0.0000157804770424,0.0000250105294981,0.0000115258317237,0.00000165097776517,0.00000101642262962,0.0000016437800241,0.00000226991255659,0.00000196553742171,3.28810870087e-7,3.55842502131e-7,3.74125676217e-7,5.3380870213e-7,8.67188845177e-8,4.63473810441e-8,9.99533682489e-8,1.27099653469e-7,1.22845762007e-7,8.68435918733e-8,2.66791904124e-8,3.55540508146e-9,7.92411691819e-11],"max":[0.0174815803766,0.137405887246,0.117877721786,0.0719668865204,0.24408197403,0.0463839620352,0.107971198857,0.198810264468,0.0608677975833,0.0514439567924,0.0734953954816,0.0514316298068,0.0832110270858,0.0929415598512,0.0121970856562,0.0227259527892,0.0234343893826,0.040254317224,0.0100266775116,0.004143552389,0.00432299310341,0.00618804246187,0.00784112326801,0.00720422435552,0.00753273256123,0.00163764704484,0.000209232894122],"mean":[0.000128332671011,0.00208643474616,0.00247742561623,0.00122847920284,0.0018461542204,0.000445612560725,0.000643674400635,0.000800272740889,0.00075102323899,0.000314314529533,0.000173325752257,0.000261854060227,0.000259413005551,0.000246978772338,0.000158243594342,0.000155625326443,0.000202113064006,0.000199468791834,0.00011109811021,0.0000785452211858,0.000107357147499,0.000110733315523,0.000111900306365,0.0000834797028801,0.0000361362908734,0.00000992126297206,0.00000164543803294],"median":[4.30723972045e-8,0.00000637137054582,0.0000197719200514,0.00000690812430548,0.000028277754609,0.0000180356983037,0.00000536778406968,0.00000297653582493,6.7046124741e-7,6.09303413057e-7,4.51881732033e-7,3.01590773688e-7,3.55535149765e-7,2.26654847779e-7,2.7597846497e-7,1.20429717754e-7,1.13456223971e-7,9.76449001655e-8,7.22626438687e-8,2.85660011201e-8,1.8239607158e-8,2.39765096666e-8,1.08984998803e-8,6.14845196978e-9,2.31814056839e-9,1.03442454602e-9,5.77378977962e-10],"min":[2.04490341929e-26,3.03895450316e-25,1.08493124979e-25,1.25273601591e-25,2.881561567e-24,9.61163016671e-25,1.09598397993e-24,2.08209067982e-24,3.48875431385e-24,4.22081052858e-24,6.01593372703e-24,9.93157893645e-24,9.48114724817e-24,1.5094430592e-23,2.40106319474e-23,2.4742986746e-23,2.32939660145e-23,4.52182139066e-23,6.5132780267e-23,1.15508762409e-22,1.6478635356e-22,2.26508774538e-22,3.06063288993e-22,4.87626606171e-22,7.01010477051e-22,1.09752478463e-21,1.64265649827e-21],"var":[7.353816045e-7,0.0000602264408371,0.000055275449995,0.0000151846998051,0.0000619865459157,0.00000225450366997,0.0000116820792755,0.0000270238215307,0.00000960554370977,0.00000286990825771,9.9655790109e-7,0.00000158023931363,0.00000180913821168,0.00000189563968434,2.69886015758e-7,3.32602269282e-7,4.39613359049e-7,7.48097136238e-7,1.13215307351e-7,5.14623330616e-8,9.6024962204e-8,1.18878659805e-7,1.42666905845e-7,1.02102966082e-7,1.65299365307e-8,1.78859138611e-9,4.99881143423e-11]},"barkbands_crest":{"dmean":1.76635491848,"dmean2":2.91686439514,"dvar":4.74623775482,"dvar2":12.4048404694,"max":26.178850174,"mean":9.33634376526,"median":7.49002456665,"min":2.57499361038,"var":17.1162128448},"barkbands_flatness_db":{"dmean":0.0194311309606,"dmean2":0.0297609325498,"dvar":0.0006141885533,"dvar2":0.00134803843684,"max":0.585409700871,"mean":0.151220321655,"median":0.101759463549,"min":0.0201535951346,"var":0.00943946558982},"barkbands_kurtosis":{"dmean":3.32986354828,"dmean2":5.38177204132,"dvar":63.2011680603,"dvar2":160.962982178,"max":308.095184326,"mean":7.18862390518,"median":3.34545516968,"min":-1.94052016735,"var":209.457229614},"barkbands_skewness":{"dmean":0.456298708916,"dmean2":0.713853299618,"dvar":0.426761597395,"dvar2":0.988974630833,"max":15.7902879715,"mean":0.419942080975,"median":0.550907254219,"min":-5.65620851517,"var":5.03605937958},"barkbands_spread":{"dmean":4.29111719131,"dmean2":6.96945953369,"dvar":42.3119735718,"dvar2":100.353439331,"max":132.616973877,"mean":20.0798797607,"median":23.2235736847,"min":0.146768644452,"var":166.54624939},"dissonance":{"dmean":0.0185342635959,"dmean2":0.0306415688246,"dvar":0.000707684841473,"dvar2":0.00179219571874,"max":0.500000119209,"mean":0.453161239624,"median":0.484098792076,"min":0.11149867624,"var":0.00410166848451},"dynamic_complexity":32.0474433899,"erbbands":{"dmean":[0.039150301367,0.368486970663,1.7303224802,2.42154526711,5.83416175842,3.90872597694,2.18269848824,2.69094705582,5.20992040634,10.6696281433,9.87368965149,10.314414978,7.98552179337,3.51602911949,5.43873596191,6.97140216827,7.54418516159,7.69617938995,5.19825315475,3.8957490921,4.9157128334,5.12767362595,5.57394933701,3.33090996742,2.12336730957,1.77253603935,1.83388781548,1.93863677979,1.94687891006,1.81590914726,1.47572016716,1.04436469078,0.5314245224,0.24098098278,0.108659289777,0.0379869565368,0.00869257189333,0.00156825990416,0.000174830420292,0.0000155501256813],"dmean2":[0.0645612627268,0.632340252399,2.97280788422,4.1443195343,9.78627109528,6.62046670914,3.46922063828,4.34117889404,8.29181861877,15.9647245407,14.5483722687,15.9877738953,12.0329761505,5.43573665619,8.09021186829,10.7342605591,11.5513076782,12.1564750671,8.20294475555,6.0936665535,7.87974977493,7.90612459183,8.46588897705,5.1034617424,3.44376325607,2.89467692375,3.05167222023,3.24509644508,3.18338727951,2.94746208191,2.35362410545,1.64497172832,0.840758502483,0.383469671011,0.178448751569,0.0630687698722,0.0140049895272,0.00248362147249,0.000268983189017,0.0000236347823375],"dvar":[0.0525821037591,3.01240348816,49.4852485657,76.5718688965,1077.3527832,365.956451416,56.7456817627,150.837631226,749.386291504,3775.7097168,3610.65136719,2384.67089844,1564.82421875,335.488067627,1057.80957031,1345.69628906,2243.1171875,1744.99499512,574.950866699,264.057403564,425.127685547,361.380157471,705.876525879,150.697860718,62.3090019226,42.0729560852,45.1057090759,67.2004470825,63.821056366,63.6452217102,44.0749740601,28.7038784027,6.52094936371,1.38520658016,0.717987477779,0.0656906664371,0.00256946706213,0.0000676718336763,8.45646297876e-7,4.87248374981e-9],"dvar2":[0.134286373854,8.59392929077,142.681594849,218.147720337,2867.68017578,1008.21276855,128.030899048,363.300933838,1790.38708496,7366.94628906,7453.51611328,5710.67285156,3331.08740234,686.021789551,2131.69726562,2957.13867188,4750.65576172,3857.60424805,1471.60046387,622.730163574,1129.95080566,805.481567383,1421.13342285,336.862518311,158.498046875,112.274230957,123.942153931,187.377700806,165.096206665,157.181991577,99.7605743408,63.3202819824,15.3665685654,3.48507738113,2.01571822166,0.178052455187,0.00662221154198,0.000161279036547,0.00000205935771191,1.17322347393e-8],"max":[4.73321008682,34.3001747131,120.10508728,189.050689697,896.106872559,494.808197021,455.682189941,555.558898926,1029.18725586,3133.47973633,3213.21533203,1575.734375,2197.72900391,1109.07788086,3151.93530273,2603.91918945,4442.61132812,3331.78759766,1690.65368652,793.301635742,1201.72546387,792.555236816,1810.17871094,631.3359375,312.550354004,186.659378052,170.320037842,199.938430786,253.722412109,278.577423096,266.177276611,246.377334595,102.020736694,44.7762031555,80.4989929199,14.1186199188,2.09034562111,0.441139221191,0.0323150679469,0.00304082990624],"mean":[0.0375547781587,0.557473480701,2.67356038094,3.70905733109,6.45941305161,4.9811205864,3.67131567001,3.90112519264,7.36669397354,15.3946809769,15.0848827362,16.1736869812,15.2771692276,6.41635942459,9.0133638382,11.1374588013,11.9026021957,13.4724369049,9.45507717133,7.58053779602,10.0744352341,11.1264123917,11.7849378586,7.35232830048,4.55477142334,3.80985498428,4.12936401367,4.05288219452,3.95800161362,3.72310423851,3.05029940605,2.1971976757,1.13789618015,0.530848920345,0.203123822808,0.0621529556811,0.0138245867565,0.00251309783198,0.000275323924143,0.000032348842069],"median":[0.00018082029419,0.00263491668738,0.0232254229486,0.0396572500467,0.0420905463398,0.0953060090542,0.16284917295,0.141206473112,0.118599131703,0.0984895676374,0.0559826306999,0.021636094898,0.0267537087202,0.0185019243509,0.0244879629463,0.0162800997496,0.0178697835654,0.0144001003355,0.0151388067752,0.0119254169986,0.00818903371692,0.00712113734335,0.00629070308059,0.00453089736402,0.00318909599446,0.00153894338291,0.000854516867548,0.000807271106169,0.000936275173444,0.000519227178302,0.000308538554236,0.000187214085599,0.0000795673840912,0.0000350422633346,0.0000142605367728,0.00000583015298616,0.00000206943559533,5.63336413961e-7,3.82369336194e-7,5.02302327732e-7],"min":[1.81604158085e-23,1.90561317098e-22,3.80683850829e-22,2.09345296845e-21,3.58947271999e-21,7.65347246178e-21,1.3837006201e-20,2.06046053852e-20,2.82613235615e-20,8.41341427652e-20,1.19204119196e-19,1.45539120056e-19,2.76679041901e-19,2.29885641444e-19,4.07510037636e-19,6.14716325388e-19,8.51279278929e-19,1.19389966e-18,1.39249755666e-18,1.6247601533e-18,2.01317521763e-18,2.59512759104e-18,3.18596140268e-18,4.32137060458e-18,4.4739639209e-18,5.64788582494e-18,6.01961210682e-18,6.36872906102e-18,7.77201698198e-18,7.73095821792e-18,8.7657661273e-18,5.69618117859e-18,7.59828837383e-18,6.55779814722e-18,5.16146392008e-18,3.33089750807e-18,1.74961913765e-18,7.86554722442e-19,2.0459862672e-19,2.35589504132e-20],"var":[0.0452712252736,3.76125812531,64.4242324829,111.976104736,967.621520996,325.116638184,103.024894714,219.397003174,1136.86633301,7897.83789062,6801.89990234,4471.99804688,5229.8046875,917.935424805,2291.51782227,2831.03173828,3701.30737305,4425.85302734,1166.38879395,662.284851074,1242.25231934,1207.99462891,2282.50732422,583.007995605,162.487365723,121.468971252,137.804748535,146.450286865,148.017623901,147.537033081,109.478790283,75.1818161011,17.3229141235,3.31639528275,0.752029061317,0.072589546442,0.003445785027,0.000119194955914,0.00000130896796691,8.94152663022e-9]},"erbbands_crest":{"dmean":1.81853914261,"dmean2":2.96896481514,"dvar":5.73936748505,"dvar2":14.3523025513,"max":31.5864219666,"mean":7.94066047668,"median":5.8179731369,"min":2.11237049103,"var":30.9462490082},"erbbands_flatness_db":{"dmean":0.0159848034382,"dmean2":0.0240185428411,"dvar":0.00043255725177,"dvar2":0.000897869293112,"max":0.491333961487,"mean":0.160694286227,"median":0.114867441356,"min":0.0262174718082,"var":0.00633847294375},"erbbands_kurtosis":{"dmean":1.35014116764,"dmean2":2.15226745605,"dvar":10.1989049911,"dvar2":22.975402832,"max":160.941894531,"mean":2.00414252281,"median":0.184927463531,"min":-1.86536931992,"var":32.0728912354},"erbbands_skewness":{"dmean":0.327930897474,"dmean2":0.508215427399,"dvar":0.215057596564,"dvar2":0.460636198521,"max":8.79464054108,"mean":0.227394014597,"median":-0.239705458283,"min":-7.14193534851,"var":1.42763698101},"erbbands_spread":{"dmean":6.39124441147,"dmean2":10.2521390915,"dvar":96.1085739136,"dvar2":235.8959198,"max":159.06036377,"mean":34.6208076477,"median":34.7575340271,"min":0.651150405407,"var":405.189849854},"gfcc":{"cov":[[256385.140625,24604.1875,-26832.4296875,7875.53125,-14523.0703125,2326.09082031,-9779.48242188,104.208259583,-4471.08300781,-2258.29418945,-3297.64794922,-1883.13427734,-3874.2409668],[24604.1875,5386.85888672,-2521.58325195,356.658843994,-1555.3894043,-324.160308838,-1100.14123535,-285.813781738,-316.311676025,-415.280639648,-111.520141602,-336.086914062,-351.424346924],[-26832.4296875,-2521.58325195,3647.69921875,-666.030700684,1527.2869873,-145.616043091,1023.12744141,18.5610771179,456.231719971,264.8230896,280.376983643,196.387802124,411.600921631],[7875.53125,356.658843994,-666.030700684,696.889038086,-387.214355469,162.391418457,-296.691314697,18.0518093109,-148.231643677,-26.2041893005,-162.337295532,-51.0088577271,-74.6112289429],[-14523.0703125,-1555.3894043,1527.2869873,-387.214355469,1085.0703125,-54.1513290405,606.58203125,40.1231613159,252.552246094,155.608139038,139.048034668,109.967102051,244.630279541],[2326.09082031,-324.160308838,-145.616043091,162.391418457,-54.1513290405,293.987182617,3.36794614792,63.3291015625,-78.7458343506,32.6672058105,-78.671836853,7.88100385666,-37.9374198914],[-9779.48242188,-1100.14123535,1023.12744141,-296.691314697,606.58203125,3.36794614792,577.936279297,21.6853675842,164.594299316,105.317970276,98.8989639282,86.3727264404,155.053268433],[104.208259583,-285.813781738,18.5610771179,18.0518093109,40.1231613159,63.3291015625,21.6853675842,161.905334473,14.8301143646,12.1737957001,-18.3598270416,0.316411852837,-13.4109811783],[-4471.08300781,-316.311676025,456.231719971,-148.231643677,252.552246094,-78.7458343506,164.594299316,14.8301143646,176.109985352,31.0472240448,64.7864379883,20.2921085358,64.0293579102],[-2258.29418945,-415.280639648,264.8230896,-26.2041893005,155.608139038,32.6672058105,105.317970276,12.1737957001,31.0472240448,126.352752686,21.0935058594,38.4659881592,44.7773704529],[-3297.64794922,-111.520141602,280.376983643,-162.337295532,139.048034668,-78.671836853,98.8989639282,-18.3598270416,64.7864379883,21.0935058594,133.472579956,20.7853450775,31.6411819458],[-1883.13427734,-336.086914062,196.387802124,-51.0088577271,109.967102051,7.88100385666,86.3727264404,0.316411852837,20.2921085358,38.4659881592,20.7853450775,98.5270690918,41.6578788757],[-3874.2409668,-351.424346924,411.600921631,-74.6112289429,244.630279541,-37.9374198914,155.053268433,-13.4109811783,64.0293579102,44.7773704529,31.6411819458,41.6578788757,129.51171875]],"icov":[[0.000117678027891,-0.000226467745961,0.000304060231429,-0.000250539276749,0.000360376317985,-0.000402936624596,0.000260434841039,-0.000345359992934,0.000290576252155,-0.000141918295412,0.000729582156055,-0.000200930633582,0.000440568896011],[-0.000226467745961,0.000961554120295,-0.00048904918367,0.000567127601244,-0.000329031114234,0.00116780668031,-0.00018800435646,0.00122312491294,-0.000568220566493,0.00076973385876,-0.00154061359353,0.00120432546828,-0.000965379877016],[0.000304060231429,-0.00048904918367,0.00160624855198,-0.000624470529146,0.000417047267547,-0.000946026586462,0.000304126384435,-0.00070461811265,0.000260452041402,-0.000522983609699,0.00153623591177,-0.000476694403915,0.000632269482594],[-0.000250539276749,0.000567127601244,-0.000624470529146,0.00313432863913,-0.000333958829287,-0.0000459252114524,0.000406817387557,0.000829927565064,-0.000478704401758,-0.000147033017129,0.000117078860058,0.00101448863279,-0.00201667798683],[0.000360376317985,-0.000329031114234,0.000417047267547,-0.000333958829287,0.00489921122789,-0.0011277331505,-0.000456536683487,-0.00131240976043,-0.0000679785152897,-0.00082287035184,0.00212797266431,0.000115050163004,-0.0010426590452],[-0.000402936624596,0.00116780668031,-0.000946026586462,-0.0000459252114524,-0.0011277331505,0.00767186144367,-0.00224812584929,-0.0000689082007739,0.00146519055124,-0.000787421828136,-0.000527605647221,0.000607097987086,0.000638641533442],[0.000260434841039,-0.00018800435646,0.000304126384435,0.000406817387557,-0.000456536683487,-0.00224812584929,0.00610051257536,-0.000260565517237,-0.000362417777069,-0.000196180699277,0.00112887867726,-0.000633282761555,-0.000403513811762],[-0.000345359992934,0.00122312491294,-0.00070461811265,0.000829927565064,-0.00131240976043,-0.0000689082007739,-0.000260565517237,0.00896823871881,-0.00259660254233,0.000811049772892,-0.0014326319797,0.00147612858564,0.000283114524791],[0.000290576252155,-0.000568220566493,0.000260452041402,-0.000478704401758,-0.0000679785152897,0.00146519055124,-0.000362417777069,-0.00259660254233,0.0118160862476,-0.00047374056885,0.00049622845836,0.000427806196967,0.00083279563114],[-0.000141918295412,0.00076973385876,-0.000522983609699,-0.000147033017129,-0.00082287035184,-0.000787421828136,-0.000196180699277,0.000811049772892,-0.00047374056885,0.0117948828265,-0.00230487179942,-0.00121897470672,-0.00182541250251],[0.000729582156055,-0.00154061359353,0.00153623591177,0.000117078860058,0.00212797266431,-0.000527605647221,0.00112887867726,-0.0014326319797,0.00049622845836,-0.00230487179942,0.0170450378209,-0.00222955690697,0.00426016841084],[-0.000200930633582,0.00120432546828,-0.000476694403915,0.00101448863279,0.000115050163004,0.000607097987086,-0.000633282761555,0.00147612858564,0.000427806196967,-0.00121897470672,-0.00222955690697,0.0147090377286,-0.00374838360585],[0.000440568896011,-0.000965379877016,0.000632269482594,-0.00201667798683,-0.0010426590452,0.000638641533442,-0.000403513811762,0.000283114524791,0.00083279563114,-0.00182541250251,0.00426016841084,-0.00374838360585,0.018163042143]],"mean":[-531.809387207,71.0336532593,-63.5843429565,18.5070800781,-36.1663017273,3.39156889915,-24.7674198151,-1.31095051765,-10.7753686905,-5.35086536407,-6.97386360168,-4.3861579895,-9.05700016022]},"hfc":{"dmean":2.74041485786,"dmean2":4.10460662842,"dvar":74.8289718628,"dvar2":178.739624023,"max":207.174789429,"mean":9.53453540802,"median":0.140736430883,"min":1.00334202506e-16,"var":413.66583252},"melbands":{"dmean":[0.000366006861441,0.000749042490497,0.000490045465995,0.000385807506973,0.0000828813863336,0.0000594266493863,0.0000864658213686,0.000121648248751,0.0000798942855909,0.000066985070589,0.0000401097568101,0.0000148773669935,0.0000171160136233,0.0000201545990421,0.0000183228057722,0.0000161643165484,0.0000154631870828,0.00000946380077949,0.00000632644150755,0.00000490004185849,0.00000669792643748,0.00000558876035939,0.0000066513944148,0.00000459242983197,0.0000028187969292,0.00000201670036404,0.00000138649966175,0.00000120966251416,0.00000117937838695,0.00000125754331748,0.00000125642236526,0.00000114340923574,0.00000119847493352,0.00000105273329609,9.05290676201e-7,8.50900732985e-7,6.24200367838e-7,4.11680531442e-7,3.10464599806e-7,1.92194576698e-7],"dmean2":[0.00060703069903,0.00128287973348,0.000819917186163,0.000651944428682,0.000132172906888,0.0000956019066507,0.000135805094033,0.000181687515578,0.000119651449495,0.000104214152088,0.0000603293556196,0.0000230723126151,0.0000258471918642,0.0000305802022922,0.0000289471408905,0.0000250367611443,0.0000245327537414,0.0000151550766532,0.00000997779170575,0.00000781951894169,0.0000108208014353,0.00000875091154739,0.0000102382782643,0.00000708227253199,0.00000438408233094,0.00000328154192175,0.00000227370878747,0.00000198553743758,0.00000195967913896,0.0000021171103981,0.0000021199780349,0.00000188556009562,0.0000019600295218,0.00000171984163444,0.00000146526474509,0.00000132765444505,0.00000100731620023,6.60385865103e-7,4.99402631249e-7,3.11314778401e-7],"dvar":[0.00000368040832655,0.00000993689809548,0.0000033369706216,0.00000498923691339,6.99952522609e-8,6.78227678463e-8,2.20537202722e-7,5.46047772332e-7,2.06274208381e-7,1.00244108125e-7,3.96166477401e-8,6.87292178725e-9,1.15064313633e-8,1.08088098472e-8,1.1411658285e-8,7.91536525213e-9,8.23096435454e-9,2.78071632387e-9,6.46552200667e-10,4.99986163582e-10,8.07496347566e-10,4.31958607772e-10,1.21610355119e-9,4.15070200432e-10,1.12626352688e-10,6.30391572276e-11,2.62709940607e-11,2.04221153877e-11,1.84142943949e-11,2.23259015442e-11,2.97346210154e-11,2.16935792247e-11,2.67599692405e-11,2.10105752241e-11,1.6771813105e-11,1.77437058102e-11,1.04115995339e-11,3.86109633849e-12,2.62628720854e-12,9.3180140253e-13],"dvar2":[0.0000096198209576,0.0000284872439806,0.00000902681313164,0.0000135990630952,1.62138590554e-7,1.63535702313e-7,5.0925780215e-7,0.00000103739137103,4.33361691421e-7,2.39703496163e-7,8.39152605181e-8,1.37152680324e-8,2.27289742583e-8,2.33172787745e-8,2.5456907693e-8,1.73004259807e-8,1.80633890068e-8,7.22190840463e-9,1.53793755509e-9,1.24178700656e-9,2.13627493473e-9,1.01800667895e-9,2.36637709428e-9,8.98926710846e-10,2.59505084088e-10,1.5819742738e-10,6.78281319999e-11,5.45182336775e-11,5.07022722418e-11,6.16302217593e-11,8.33594027139e-11,5.7241572593e-11,6.68205560328e-11,5.26623397668e-11,3.97685114006e-11,3.86892982929e-11,2.34786270287e-11,9.11750449445e-12,6.70178192455e-12,2.40012155116e-12],"max":[0.040969312191,0.05717484653,0.0389099232852,0.0626830011606,0.0150302452967,0.0107248602435,0.016714964062,0.0382660403848,0.0210294611752,0.010604351759,0.0106084225699,0.00495542865247,0.0120584759861,0.00586146255955,0.00659621832892,0.00626973481849,0.00813209172338,0.00457046506926,0.00130148674361,0.00119240325876,0.00163377495483,0.000874553225003,0.00346774584614,0.00127954024356,0.000491140235681,0.000378474447643,0.000187936311704,0.000138892835821,0.000129902313347,0.00011498767708,0.000146815364133,0.00014771676797,0.000173785650986,0.000190139733604,0.000157654882059,0.00020795945602,0.000122319208458,0.0000668480206514,0.0000905019478523,0.0000434678877355],"mean":[0.000445953133749,0.00121130549815,0.000742725562304,0.000431728345575,0.000144017860293,0.0000865652036737,0.000120733682706,0.000177615671419,0.000120051401609,0.000104510851088,0.0000746344667277,0.0000247222160397,0.0000268550629698,0.0000313918062602,0.0000272665711236,0.0000247446332651,0.0000253205162153,0.0000155767775141,0.0000110300788947,0.0000089208033387,0.0000127678949866,0.0000109511693154,0.0000125500309878,0.00000899811311683,0.0000056633780332,0.0000038212160689,0.00000273639807347,0.00000237991366703,0.00000243208705797,0.00000257998704001,0.00000230429645853,0.00000219005642066,0.00000221788104682,0.00000201817260859,0.00000172151840161,0.0000016856839693,0.00000121724258406,8.24643848318e-7,6.16245756646e-7,3.95002956566e-7],"median":[0.00000165088772519,0.00000929029465624,0.00000819861543278,0.00000505474190504,0.00000626503015155,0.00000320717617797,0.00000173676755821,9.52232028339e-7,3.4428646245e-7,1.06534315591e-7,1.17804667354e-7,6.2221054975e-8,7.37508045745e-8,4.36269615989e-8,3.6315004337e-8,3.30782015112e-8,2.18127897966e-8,2.11351753876e-8,1.80324448706e-8,1.01639159311e-8,8.00672594892e-9,6.47383613384e-9,5.27122656635e-9,4.32590008259e-9,3.03831559911e-9,2.34212760297e-9,1.45009659835e-9,6.96005086898e-10,4.36712832563e-10,3.58246043941e-10,4.16566531269e-10,4.71291505821e-10,3.2448210785e-10,2.06989078655e-10,1.52163795453e-10,1.13926756917e-10,7.84684886512e-11,4.72493155712e-11,3.44386776041e-11,2.34826099538e-11],"min":[2.58897443776e-25,2.47222696809e-25,4.64793640609e-25,3.45198876111e-25,4.40704490969e-25,3.76724617504e-25,3.33498072082e-25,8.02591177188e-25,7.21335792241e-25,6.43408562149e-25,9.39371621633e-25,7.33548936775e-25,9.97038537096e-25,1.08164653159e-24,1.12304230341e-24,1.37423730931e-24,1.33709635738e-24,1.70215594077e-24,1.64988414365e-24,1.60904461737e-24,1.74481300257e-24,1.54770515996e-24,1.68563758785e-24,1.90044638449e-24,2.30928380381e-24,2.59187014893e-24,1.96451392012e-24,2.84918750431e-24,2.87336609105e-24,3.00353129586e-24,3.06053260993e-24,3.69703173663e-24,2.27515787827e-24,3.59302239843e-24,3.5315350296e-24,4.33206910407e-24,2.98221607698e-24,4.06702288396e-24,4.30177763417e-24,4.47523631431e-24],"var":[0.00000368407381757,0.0000134569127113,0.0000048993888413,0.00000404146112487,1.38333902555e-7,1.00529753411e-7,3.49713218384e-7,0.0000011656627521,4.01363109859e-7,1.94153741973e-7,1.30880096094e-7,1.85535800057e-8,2.38230430938e-8,2.44183979703e-8,1.87793336437e-8,1.43135547859e-8,2.00283558627e-8,4.76837413999e-9,1.43464529145e-9,1.13549225578e-9,2.22855511822e-9,1.18442300412e-9,3.31089800021e-9,1.38132660865e-9,3.68216013236e-10,1.44290718262e-10,6.40322933565e-11,5.21758330985e-11,5.1575209381e-11,5.74626145278e-11,5.29065784238e-11,4.68178447399e-11,5.61630880691e-11,4.57138146781e-11,3.58555130031e-11,4.53286540247e-11,2.45755655409e-11,9.34070095576e-12,5.70959859253e-12,1.88596404119e-12]},"melbands_crest":{"dmean":2.1468834877,"dmean2":3.52770447731,"dvar":7.24558162689,"dvar2":18.698431015,"max":33.895565033,"mean":10.3361568451,"median":10.1026592255,"min":1.37182462215,"var":59.6152229309},"melbands_flatness_db":{"dmean":0.0201876405627,"dmean2":0.0296686161309,"dvar":0.00099509966094,"dvar2":0.00206716731191,"max":0.70449090004,"mean":0.168353155255,"median":0.152333900332,"min":0.0017587475013,"var":0.0253325924277},"melbands_kurtosis":{"dmean":6.10285520554,"dmean2":9.91159534454,"dvar":249.846786499,"dvar2":643.990844727,"max":472.703338623,"mean":12.3685245514,"median":1.9071969986,"min":-1.91776275635,"var":1021.70324707},"melbands_skewness":{"dmean":0.565040946007,"dmean2":0.896728813648,"dvar":0.756831467152,"dvar2":1.86070847511,"max":18.0403728485,"mean":1.69068682194,"median":0.953584730625,"min":-3.6535961628,"var":5.08670568466},"melbands_spread":{"dmean":8.8650636673,"dmean2":14.5654668808,"dvar":165.398269653,"dvar2":385.135314941,"max":271.233215332,"mean":62.3549613953,"median":30.6055870056,"min":0.319084703922,"var":3436.32641602},"mfcc":{"cov":[[48877.4296875,9882.69726562,-144.616607666,1707.0892334,458.017547607,545.02935791,-595.645019531,882.648132324,-499.588562012,34.9014320374,214.568283081,-159.837158203,-774.733459473],[9882.69726562,5762.67871094,752.816955566,516.816894531,190.242752075,-190.119796753,-378.674285889,6.45847654343,-421.984161377,-140.169967651,75.3536911011,-135.609069824,-153.926757812],[-144.616607666,752.816955566,972.69934082,249.130325317,90.8986053467,39.6165046692,-19.4488716125,-77.5175476074,-18.9600219727,-19.8718090057,-55.7552108765,-0.0699223875999,18.3769931793],[1707.0892334,516.816894531,249.130325317,399.085754395,116.994758606,56.0378913879,-35.6688270569,-16.0159378052,16.9243869781,-11.8136081696,-38.1766242981,1.25744783878,-7.87007522583],[458.017547607,190.242752075,90.8986053467,116.994758606,226.239318848,20.0811462402,-19.6298809052,-4.37758255005,20.4053325653,12.8430624008,-15.6232690811,4.83185195923,-5.2727637291],[545.02935791,-190.119796753,39.6165046692,56.0378913879,20.0811462402,220.533157349,92.2296142578,-0.711561977863,65.9900894165,5.26255226135,-20.9037437439,19.8279323578,2.89195585251],[-595.645019531,-378.674285889,-19.4488716125,-35.6688270569,-19.6298809052,92.2296142578,182.37361145,24.3851623535,63.3425750732,29.8446292877,-9.89708137512,15.5561952591,16.3509674072],[882.648132324,6.45847654343,-77.5175476074,-16.0159378052,-4.37758255005,-0.711561977863,24.3851623535,140.820358276,16.747800827,19.5037231445,28.6427497864,-6.16977357864,-17.7234363556],[-499.588562012,-421.984161377,-18.9600219727,16.9243869781,20.4053325653,65.9900894165,63.3425750732,16.747800827,168.363098145,32.5107955933,-24.1784687042,15.8322143555,6.37453985214],[34.9014320374,-140.169967651,-19.8718090057,-11.8136081696,12.8430624008,5.26255226135,29.8446292877,19.5037231445,32.5107955933,98.1517715454,21.7266578674,-0.938059210777,-6.44628715515],[214.568283081,75.3536911011,-55.7552108765,-38.1766242981,-15.6232690811,-20.9037437439,-9.89708137512,28.6427497864,-24.1784687042,21.7266578674,86.1656188965,10.7605285645,-6.4625878334],[-159.837158203,-135.609069824,-0.0699223875999,1.25744783878,4.83185195923,19.8279323578,15.5561952591,-6.16977357864,15.8322143555,-0.938059210777,10.7605285645,64.4443283081,23.5675086975],[-774.733459473,-153.926757812,18.3769931793,-7.87007522583,-5.2727637291,2.89195585251,16.3509674072,-17.7234363556,6.37453985214,-6.44628715515,-6.4625878334,23.5675086975,74.5513687134]],"icov":[[0.0000664741673972,-0.000107924104668,0.000119960808661,-0.000182598436368,0.0000616561592324,-0.000309680472128,0.000170728424564,-0.000375085073756,0.000110725988634,-0.000190362741705,0.000141846132465,-0.000233642203966,0.000369103567209],[-0.000107924104668,0.00049376435345,-0.000374695839128,-0.0000066505454015,-0.000218727742322,0.000543350703083,-0.0000408463893109,0.000455453671748,0.000391946989112,0.000589858565945,-0.000622455729172,0.000766193203162,-0.000208393365028],[0.000119960808661,-0.000374695839128,0.00162148487289,-0.000901604827959,0.0000328891910613,-0.000619952217676,0.0000411940818594,-0.0000744790522731,0.000200035676244,-0.000575233541895,0.000846675073262,-0.000558039988391,0.000160707902978],[-0.000182598436368,-0.0000066505454015,-0.000901604827959,0.00448804209009,-0.00140757544432,-0.000198617373826,0.000439355062554,0.000800645851996,-0.00102631072514,0.000394639675505,0.000871824158821,0.0000741219773772,-0.00103909987956],[0.0000616561592324,-0.000218727742322,0.0000328891910613,-0.00140757544432,0.00552827166393,-0.000505279167555,0.000879419152625,-0.000422959390562,-0.000499771384057,-0.00139585870784,0.000931217276957,-0.0010180901736,0.000474188535009],[-0.000309680472128,0.000543350703083,-0.000619952217676,-0.000198617373826,-0.000505279167555,0.0081759672612,-0.00411924580112,0.00228725303896,-0.00183179380838,0.00185141363181,-0.000544109963812,-0.000111248591566,-0.000565434689634],[0.000170728424564,-0.0000408463893109,0.0000411940818594,0.000439355062554,0.000879419152625,-0.00411924580112,0.0093864556402,-0.00260000373237,-0.00061007682234,-0.00245104520582,0.00146465096623,-0.000945461797528,-0.000462636089651],[-0.000375085073756,0.000455453671748,-0.0000744790522731,0.000800645851996,-0.000422959390562,0.00228725303896,-0.00260000373237,0.0107983415946,-0.0018849321641,0.000854643178172,-0.00365149695426,0.00232565845363,-0.000652521441225],[0.000110725988634,0.000391946989112,0.000200035676244,-0.00102631072514,-0.000499771384057,-0.00183179380838,-0.00061007682234,-0.0018849321641,0.00954970531166,-0.00253159552813,0.00268635107204,-0.00159170676488,0.00122425926384],[-0.000190362741705,0.000589858565945,-0.000575233541895,0.000394639675505,-0.00139585870784,0.00185141363181,-0.00245104520582,0.000854643178172,-0.00253159552813,0.0136855589226,-0.00508339749649,0.00259035103954,0.000133602545247],[0.000141846132465,-0.000622455729172,0.000846675073262,0.000871824158821,0.000931217276957,-0.000544109963812,0.00146465096623,-0.00365149695426,0.00268635107204,-0.00508339749649,0.017020964995,-0.00573702715337,0.00158969650511],[-0.000233642203966,0.000766193203162,-0.000558039988391,0.0000741219773772,-0.0010180901736,-0.000111248591566,-0.000945461797528,0.00232565845363,-0.00159170676488,0.00259035103954,-0.00573702715337,0.0209740456194,-0.00677573587745],[0.000369103567209,-0.000208393365028,0.000160707902978,-0.00103909987956,0.000474188535009,-0.000565434689634,-0.000462636089651,-0.000652521441225,0.00122425926384,0.000133602545247,0.00158969650511,-0.00677573587745,0.0188581570983]],"mean":[-915.671569824,78.7340087891,10.9396839142,12.6426668167,4.2237944603,1.62774002552,-4.67951583862,1.61177122593,-5.25165224075,-1.52131891251,0.776461362839,-1.15168833733,-2.78102064133]},"pitch_salience":{"dmean":0.0479307696223,"dmean2":0.0775372236967,"dvar":0.00373546383344,"dvar2":0.00962851196527,"max":0.953357577324,"mean":0.63753336668,"median":0.654538035393,"min":0.0652907192707,"var":0.024775184691},"silence_rate_20dB":{"dmean":0,"dmean2":0,"dvar":0,"dvar2":0,"max":1,"mean":1,"median":1,"min":1,"var":0},"silence_rate_30dB":{"dmean":0.0238478649408,"dmean2":0.0476975589991,"dvar":0.0232799071819,"dvar2":0.0543161742389,"max":1,"mean":0.979181826115,"median":1,"min":0,"var":0.0203845575452},"silence_rate_60dB":{"dmean":0.0216241087765,"dmean2":0.0432498753071,"dvar":0.0211512744427,"dvar2":0.0463750325143,"max":1,"mean":0.662730515003,"median":1,"min":0,"var":0.223562985659},"spectral_centroid":{"dmean":264.158630371,"dmean2":427.185272217,"dvar":112754.6875,"dvar2":253084.671875,"max":12061.8837891,"mean":4922.09912109,"median":1769.15820312,"min":136.520248413,"var":24023646},"spectral_complexity":{"dmean":1.22728323936,"dmean2":1.9257696867,"dvar":5.81523275375,"dvar2":13.1602258682,"max":57,"mean":7.5818734169,"median":2,"min":0,"var":143.044418335},"spectral_contrast_coeffs":{"dmean":[0.03273146227,0.0297956615686,0.0249310154468,0.0201540067792,0.0167175289243,0.0129073578864],"dmean2":[0.0541247166693,0.0481351390481,0.0402688384056,0.0318563058972,0.025402136147,0.0192756485194],"dvar":[0.00133354309946,0.00118687341455,0.000851599790622,0.000566792441532,0.000500028778333,0.000287546048639],"dvar2":[0.00352009828202,0.00286057894118,0.00206860154867,0.00125348893926,0.000988009036519,0.000584087683819],"max":[-0.24249599874,-0.24903960526,-0.354659587145,-0.454103887081,-0.435461819172,-0.596574962139],"mean":[-0.749995589256,-0.817113518715,-0.846848011017,-0.854744076729,-0.853597640991,-0.850299715996],"median":[-0.698910057545,-0.804475426674,-0.844071626663,-0.848894298077,-0.850881695747,-0.839207589626],"min":[-0.987852871418,-0.984910070896,-0.984999716282,-0.975107729435,-0.971109449863,-0.967471897602],"var":[0.0337145701051,0.0178101900965,0.0124078113586,0.00995891168714,0.0105954194441,0.00953598413616]},"spectral_contrast_valleys":{"dmean":[0.396035790443,0.344303905964,0.306481152773,0.268781721592,0.249045863748,0.264484554529],"dmean2":[0.659558951855,0.564209878445,0.495754182339,0.423153698444,0.361710220575,0.36712911725],"dvar":[0.1243371889,0.101294033229,0.088087014854,0.0890318825841,0.120133958757,0.196718990803],"dvar2":[0.308399528265,0.236618474126,0.196269631386,0.179816246033,0.219612523913,0.339798331261],"max":[-4.92204999924,-4.41464519501,-5.17252826691,-5.71299743652,-5.53395080566,-7.47116947174],"mean":[-15.801858902,-15.4527301788,-15.9737663269,-16.2628974915,-16.3216552734,-17.7865524292],"median":[-9.77064800262,-9.38488006592,-10.4757471085,-11.1412611008,-11.6488485336,-14.3688907623],"min":[-28.7111682892,-28.4458274841,-28.1807613373,-28.0548439026,-27.8183879852,-27.586856842],"var":[85.7539215088,90.7426605225,82.5972824097,79.2755889893,78.7059707642,59.9558563232]},"spectral_decrease":{"dmean":1.43428546817e-9,"dmean2":2.29979990607e-9,"dvar":2.27300100256e-17,"dvar2":5.9287832915e-17,"max":1.68436110137e-18,"mean":-3.22315218959e-9,"median":-9.67504895644e-11,"min":-7.56501634669e-8,"var":5.0373850084e-17},"spectral_energy":{"dmean":0.00558908469975,"dmean2":0.00894788466394,"dvar":0.000340438593412,"dvar2":0.00088468240574,"max":0.293399840593,"mean":0.0130297103897,"median":0.000392344256397,"min":9.58198589881e-21,"var":0.000802679162007},"spectral_energyband_high":{"dmean":0.000182559568202,"dmean2":0.000289999123197,"dvar":6.04005151672e-7,"dvar2":0.00000150155494794,"max":0.0182558167726,"mean":0.000499273301102,"median":1.38795812177e-7,"min":6.58198882129e-21,"var":0.00000203380272978},"spectral_energyband_low":{"dmean":0.0032357762102,"dmean2":0.00544660817832,"dvar":0.000193275496713,"dvar2":0.000534289865755,"max":0.229951754212,"mean":0.00531170004979,"median":0.0000533550410182,"min":4.31021371269e-24,"var":0.000257044535829},"spectral_energyband_middle_high":{"dmean":0.000657298776787,"dmean2":0.000956717063673,"dvar":0.00000475332944916,"dvar2":0.00000981359698926,"max":0.115111961961,"mean":0.00203169300221,"median":0.00000663754008201,"min":9.60983135085e-22,"var":0.0000279348932963},"spectral_energyband_middle_low":{"dmean":0.00317055848427,"dmean2":0.00500822206959,"dvar":0.000143264609505,"dvar2":0.000361150188837,"max":0.281484782696,"mean":0.00587906641886,"median":0.000153456756379,"min":8.39431054431e-23,"var":0.000227005599299},"spectral_entropy":{"dmean":0.138639837503,"dmean2":0.20374648273,"dvar":0.0591386705637,"dvar2":0.119042932987,"max":9.83456325531,"mean":8.07668590546,"median":7.97199869156,"min":3.59081196785,"var":2.44126319885},"spectral_flux":{"dmean":0.0122783668339,"dmean2":0.0196151267737,"dvar":0.000818188185804,"dvar2":0.00186732935254,"max":0.452002197504,"mean":0.0364602543414,"median":0.00575849041343,"min":6.13854522769e-11,"var":0.00372886890545},"spectral_kurtosis":{"dmean":2.99269580841,"dmean2":4.86240959167,"dvar":52.9506645203,"dvar2":128.764892578,"max":225.502624512,"mean":6.91883707047,"median":1.95605564117,"min":-1.31513702869,"var":233.107269287},"spectral_rms":{"dmean":0.000412780995248,"dmean2":0.000628895126283,"dvar":9.93695152829e-7,"dvar2":0.00000242677106144,"max":0.0169187393039,"mean":0.00204138271511,"median":0.000618688063696,"min":3.05749544606e-12,"var":0.00000854465724842},"spectral_rolloff":{"dmean":420.995788574,"dmean2":713.936889648,"dvar":626400.0625,"dvar2":1416645.125,"max":20176.6113281,"mean":8005.75830078,"median":1981.0546875,"min":64.599609375,"var":74542296},"spectral_skewness":{"dmean":0.273251593113,"dmean2":0.429498404264,"dvar":0.234979465604,"dvar2":0.528513789177,"max":12.786693573,"mean":1.39945840836,"median":1.14936959743,"min":-0.421673297882,"var":2.65417170525},"spectral_spread":{"dmean":725601.0625,"dmean2":1164787.375,"dvar":741816139776,"dvar2":1788868820990,"max":50939856,"mean":18187868,"median":5693913.5,"min":503005.21875,"var":320435027706000},"spectral_strongpeak":{"dmean":0.21495307982,"dmean2":0.352933496237,"dvar":0.396006494761,"dvar2":0.981619298458,"max":19.1533298492,"mean":0.419441998005,"median":0.0722316801548,"min":0,"var":0.935772240162},"zerocrossingrate":{"dmean":0.0105798393488,"dmean2":0.0149140050635,"dvar":0.000188458987395,"dvar2":0.000285639893264,"max":0.54150390625,"mean":0.224369898438,"median":0.07861328125,"min":0.00244140625,"var":0.0493374988437}},"metadata":{"audio_properties":{"analysis_sample_rate":44100,"bit_rate":320000,"codec":"vorbis","downmix":"mix","equal_loudness":0,"length":605.601074219,"lossless":false,"md5_encoded":"a5365cd1d49611cc5c89ecdfee1301bc","replay_gain":-12.859796524,"sample_rate":44100},"tags":{"album":["Pura Vida Conspiracy"],"albumartist":["Gogol Bordello"],"albumartistsort":["Gogol Bordello"],"artist":["Gogol Bordello"],"artistsort":["Gogol Bordello"],"asin":["B00DE2G1DQ"],"barcode":["880882188023"],"catalognumber":["0882188023"],"date":["2013-07-23"],"discnumber":["1"],"disctotal":["1"],"engineer":["Manuel Calderon","Pedro Meirelles","Jason Gossman"],"file_name":"12 We Shall Sail.ogg","isrc":["USATO1300236"],"label":["ATO Records"],"media":["CD"],"mixer":["Andrew Scheps"],"musicbrainz_albumartistid":["f47fc54d-b334-4321-8218-00c5b11d4dd1"],"musicbrainz_albumid":["6191c7b3-2a22-4be9-83e2-c959e536c1ef"],"musicbrainz_artistid":["f47fc54d-b334-4321-8218-00c5b11d4dd1"],"musicbrainz_recordingid":["42050db5-55bc-4239-b908-9b54c3444a56"],"musicbrainz_releasegroupid":["cf875908-0e8e-4258-9540-bf4e000bbc76"],"musicbrainz_releasetrackid":["45cd2ef4-1558-46f5-9e6e-4dcc59e6a725"],"originaldate":["2013-07-23"],"producer":["Andrew Scheps"],"releasecountry":["US"],"releasestatus":["official"],"releasetype":["album"],"script":["Latn"],"title":["We Shall Sail"],"totaldiscs":["1"],"totaltracks":["12"],"tracknumber":["12"],"tracktotal":["12"]},"version":{"essentia":"2.1-beta2","essentia_build_sha":"cead25079874084f62182a551b7393616cd33d87","essentia_git_sha":"v2.1_beta2-1-ge3940c0","extractor":"music 1.0"}},"rhythm":{"beats_count":1153,"beats_loudness":{"dmean":0.0101670660079,"dmean2":0.0179760958999,"dvar":0.000