{"lowlevel":{"average_loudness":0.476834595203,"barkbands":{"dmean":[0.0162276700139,0.0238674934953,0.00289247487672,0.000691646360792,0.00129516248126,0.000968298874795,0.000861495907884,0.000528981268872,0.000500659283716,0.000529433542397,0.000230398843996,0.00171013618819,0.000702282646671,0.000310168950818,0.000311681389576,0.000152533466462,0.000216327607632,0.000179823386134,0.000244572467636,0.000196553883143,0.000186900579138,0.000159783943673,0.0000791231359472,0.000110174412839,0.0000100259549072,0.0000709095183993,0.000319494720316],"dmean2":[0.0264833774418,0.0406610183418,0.00473501812667,0.00113854266237,0.00209747347981,0.00150409433991,0.00139339966699,0.000853768724483,0.000821871333756,0.000859549385495,0.000370564986952,0.00264449394308,0.00108078937046,0.000495762913488,0.000489899714012,0.000246964249527,0.00031711961492,0.000292344659101,0.000372356706066,0.00029928170261,0.000270502903732,0.000222120666876,0.000107210675196,0.00014966535673,0.0000157237409439,0.0000923451370909,0.00044992796029],"dvar":[0.00172400055453,0.00333289662376,0.0000435945621575,0.00000158519014803,0.00000513647955813,0.00000431082798968,0.00000518925753568,0.0000014096152654,0.00000143178397138,5.28696602942e-7,9.05162451659e-8,0.00000544932754565,9.01874159354e-7,2.58254601704e-7,2.60194525481e-7,7.80058186933e-8,1.36521890681e-7,1.97567118221e-7,4.12244332892e-7,1.74537959197e-7,1.48211455553e-7,1.06705911662e-7,2.55469974064e-8,5.11874169717e-8,4.62226312781e-10,1.91368432212e-8,1.90935097066e-7],"dvar2":[0.00420767674223,0.00917120557278,0.000112555666419,0.00000411280916524,0.0000129482959892,0.00000897833797353,0.0000129623203975,0.00000308732569465,0.0000040590343815,0.00000130614603222,2.39824686332e-7,0.0000122162182379,0.00000204994557862,5.87186093526e-7,6.54560210478e-7,1.95839589878e-7,3.16665364153e-7,4.54535268091e-7,9.11482061383e-7,4.21059866085e-7,3.28644858882e-7,2.25201588933e-7,5.20565315298e-8,1.03818187824e-7,1.07446240794e-9,3.55948124309e-8,3.96373792455e-7],"max":[0.478882193565,0.707676231861,0.143537610769,0.0212070476264,0.0454302504659,0.0505983494222,0.0663936287165,0.0635614618659,0.0619398467243,0.0150359822437,0.00399717176333,0.0323253087699,0.014141083695,0.0145289106295,0.0125987101346,0.00540017709136,0.0106013221666,0.0109987808391,0.0193966254592,0.009965560399,0.00887231621891,0.00678446423262,0.00206746067852,0.00256262090988,0.000268662231974,0.001331779873,0.00612800195813],"mean":[0.0191189143807,0.0399645529687,0.00412601139396,0.000922250794247,0.00210272218101,0.00157373852562,0.00138498761225,0.000865458336193,0.000831482058857,0.00092403992312,0.00039739330532,0.00343475397676,0.00126601825468,0.000476561341202,0.000461459363578,0.000228613294894,0.00034033015254,0.000288260926027,0.000385409861337,0.000282402063021,0.000270098593319,0.000209762671147,0.00010130499868,0.000133162378916,0.000010590410966,0.0000910135859158,0.000669835775625],"median":[0.00323216966353,0.0121531682089,0.00163311057258,0.000403185666073,0.0009191284189,0.000654590781778,0.000511133403052,0.000444859906565,0.000492408114951,0.00060593226226,0.000299339415506,0.00227644480765,0.000824931194074,0.000265514478087,0.000238535547396,0.000113435962703,0.000141927739605,0.0000903532345546,0.0000945646461332,0.0000517907537869,0.0000509100282216,0.000024209930416,0.00000938454832067,0.00000540270912097,0.00000160438048624,0.00000671763291393,0.000388673506677],"min":[1.21041387487e-24,4.81470919424e-24,2.09332760898e-24,1.80572371408e-24,1.26506160271e-23,1.50526146531e-23,2.23060534148e-23,1.31924411955e-23,2.51032248115e-23,3.51992291819e-23,2.20294835146e-23,3.31843679894e-23,3.65566757841e-23,4.94824867268e-23,7.78121605293e-23,8.09986284718e-23,6.03189932512e-23,1.3446721042e-22,1.17846681075e-22,2.17326307383e-22,3.50303138672e-22,3.64305937233e-22,5.22501528324e-22,6.14576969285e-22,9.7077510773e-22,1.52947946986e-21,1.77936404842e-21],"var":[0.00181277072988,0.00407361146063,0.0000618183039478,0.00000226623501476,0.00000959611588769,0.00000956697294896,0.000010544658835,0.00000318161301038,0.00000187052046385,0.00000105125229766,1.39757233342e-7,0.0000130910093503,0.0000018716049226,4.64598628014e-7,4.06296976507e-7,1.13714605732e-7,2.52919562627e-7,3.8262282942e-7,7.94342213339e-7,2.58781369666e-7,2.25205880611e-7,1.64621468457e-7,3.96203354569e-8,7.68144445829e-8,5.28099786123e-10,3.22910551631e-8,5.4467739119e-7]},"barkbands_crest":{"dmean":2.71462225914,"dmean2":4.39849710464,"dvar":6.01077079773,"dvar2":15.462428093,"max":24.5183544159,"mean":11.9699373245,"median":11.4851522446,"min":2.78816890717,"var":22.4898777008},"barkbands_flatness_db":{"dmean":0.029602913186,"dmean2":0.0453492850065,"dvar":0.000733540102374,"dvar2":0.00178832549136,"max":0.360382705927,"mean":0.151302054524,"median":0.146885797381,"min":0.0195309184492,"var":0.00317245419137},"barkbands_kurtosis":{"dmean":5.21217155457,"dmean2":8.48331642151,"dvar":67.6890258789,"dvar2":179.896347046,"max":135.484024048,"mean":8.17899227142,"median":4.81200885773,"min":-1.81886315346,"var":102.609977722},"barkbands_skewness":{"dmean":0.725894808769,"dmean2":1.14280211926,"dvar":0.65654695034,"dvar2":1.67355310917,"max":10.7266578674,"mean":2.20683288574,"median":1.92671108246,"min":-2.15347266197,"var":1.84484994411},"barkbands_spread":{"dmean":7.37587928772,"dmean2":11.5200901031,"dvar":64.6256332397,"dvar2":156.923461914,"max":123.783927917,"mean":22.6000270844,"median":19.6346549988,"min":1.74558842182,"var":187.774688721},"dissonance":{"dmean":0.0189839228988,"dmean2":0.0322799384594,"dvar":0.000474198750453,"dvar2":0.00130132876802,"max":0.500000059605,"mean":0.470191091299,"median":0.479972988367,"min":0.209978654981,"var":0.000896988378372},"dynamic_complexity":3.44394016266,"erbbands":{"dmean":[1.43585431576,2.95662212372,3.5352165699,2.66009449959,2.48069524765,5.23705673218,6.59653139114,8.80563831329,11.3528766632,13.2920532227,11.6733293533,11.1470689774,14.0916481018,15.018743515,12.0946960449,81.3300552368,36.9131622314,18.3967819214,17.0015296936,10.1414909363,8.78990268707,12.4104557037,9.33835124969,11.5484237671,12.3242263794,9.10281848907,7.38190698624,7.76839494705,6.36083889008,3.30424332619,2.10775971413,1.87155520916,1.97124838829,0.288512915373,0.0430359989405,0.248699456453,0.13964754343,0.0668198913336,0.0257258024067,0.0123089384288],"dmean2":[2.45486974716,5.06633806229,5.76064634323,4.31690263748,4.13100481033,8.53183841705,10.7757062912,13.6965351105,18.158372879,21.3082275391,19.0755252838,18.1489295959,23.4769306183,23.6680793762,18.7471466064,126.733291626,56.0857276917,28.5137386322,26.3103141785,16.6374359131,13.6398086548,17.9172782898,14.9765205383,17.8959331512,18.9246921539,13.7735624313,10.8685913086,11.0844612122,8.9518699646,4.55459070206,2.86531352997,2.54563784599,2.74154615402,0.402099430561,0.06460634619,0.33861258626,0.182762593031,0.0868990495801,0.034412484616,0.0168558191508],"dvar":[12.7066488266,44.7783622742,61.2541427612,25.6866722107,18.0216369629,107.740646362,203.331253052,401.957305908,1031.82092285,1123.95812988,844.581787109,734.786621094,446.629272461,464.568786621,206.424926758,13108.4726562,2269.70703125,817.342041016,797.856994629,292.550140381,241.202590942,462.735626221,502.565063477,937.260192871,1038.7388916,362.257476807,251.453063965,256.396850586,174.236938477,45.9420509338,18.1028270721,14.6670150757,17.4902858734,0.332616060972,0.00551856122911,0.257107704878,0.075076982379,0.0158965643495,0.00214629271068,0.000224669449381],"dvar2":[35.0208244324,125.212486267,157.71131897,65.7890853882,48.2063598633,266.884521484,492.336364746,840.290771484,2567.40478516,2494.27636719,1973.04516602,2007.29406738,1190.13745117,1093.53088379,507.513580322,29665.7929688,5105.56835938,1798.4387207,1968.17370605,769.266540527,580.145019531,1071.44421387,1163.81591797,2125.24804688,2368.5925293,868.531982422,582.111938477,555.25958252,373.004150391,96.9674987793,36.3158340454,29.6102600098,37.1614494324,0.655818879604,0.0117388824001,0.496434062719,0.142845377326,0.0306453499943,0.00436172122136,0.000432101282058],"max":[44.3076629639,79.8330307007,143.527633667,98.9055023193,67.3411941528,233.344314575,491.93536377,492.40246582,1205.91394043,1304.3260498,1812.58581543,1488.81188965,584.246948242,308.667755127,178.577560425,1595.20324707,761.439331055,798.512023926,797.708068848,386.544616699,321.492248535,651.508361816,603.026245117,986.251464844,1062.80334473,371.556854248,530.221679688,381.420959473,266.234375,112.358917236,52.1039505005,53.5799789429,45.926651001,6.36940813065,1.19957399368,5.99903678894,2.78955483437,2.00028419495,0.796913206577,0.167657226324],"mean":[2.2698996067,4.65100574493,5.24567079544,4.05282354355,3.73259496689,7.80124139786,9.91246986389,14.2069263458,17.681016922,22.1619663239,20.0545387268,18.8038463593,23.5095424652,28.2225284576,25.8343868256,155.606704712,78.9829940796,33.3477096558,27.5305080414,15.3465919495,14.0727825165,19.8835430145,15.3700065613,18.2892951965,18.7035865784,13.3538475037,10.9010629654,10.7943382263,8.28218364716,4.32565641403,2.69992756844,2.31474089622,2.29547214508,0.34243363142,0.0532776899636,0.299556851387,0.179657503963,0.0952352359891,0.0469916053116,0.0318871513009],"median":[0.490584254265,1.82417011261,2.46489906311,1.90411818027,1.84520435333,2.83051013947,4.3833360672,5.45717287064,6.20590877533,8.2240896225,11.1685218811,10.9937887192,15.9102697372,18.0002975464,21.375421524,98.4533996582,57.3261795044,20.9084472656,14.9109153748,9.19464302063,6.47603368759,8.19957828522,5.08213090897,5.07353210449,4.18095779419,2.5012524128,2.05804538727,1.75924193859,0.956138372421,0.484974205494,0.244202703238,0.136133417487,0.074831277132,0.0260536707938,0.0129362652078,0.0151941496879,0.013937747106,0.0136367380619,0.0127463378012,0.0247498378158],"min":[1.08018408208e-22,8.30037324015e-22,2.86021284362e-21,7.50146348393e-21,1.88010608441e-20,3.54119025226e-20,4.07621842728e-20,1.06570033938e-19,1.33610542313e-19,2.43734842096e-19,3.29002584192e-19,6.09854261145e-19,1.14679958233e-18,8.52983632882e-19,1.11927338969e-18,1.70262111339e-18,1.54725829298e-18,2.84501968127e-18,2.7965671633e-18,3.36732054519e-18,5.02653463216e-18,4.12298746468e-18,6.00627960971e-18,7.70873601076e-18,8.43603704589e-18,1.06707920293e-17,1.24804067836e-17,1.41026634748e-17,1.19639209994e-17,1.31767927705e-17,1.46120561852e-17,1.20991129172e-17,1.12549544225e-17,7.97760941451e-18,6.3154747596e-18,4.38089245351e-18,2.59276309526e-18,1.07347653507e-18,2.54569589802e-19,2.86539176974e-20],"var":[15.1943855286,50.2895927429,83.2324981689,41.4619789124,26.7970657349,182.85635376,354.992950439,899.074951172,1593.07067871,3915.28027344,1646.6463623,1009.0222168,680.371276855,1044.57861328,425.885925293,28795.171875,5735.27832031,1680.17419434,1436.79870605,374.450042725,424.008453369,856.326049805,967.567871094,1887.59997559,1672.47521973,576.238525391,367.333770752,392.980041504,259.229217529,69.9102630615,28.3131542206,22.371421814,24.3300762177,0.50540214777,0.00847074389458,0.398804545403,0.124617397785,0.0283597782254,0.00491175334901,0.000739059119951]},"erbbands_crest":{"dmean":3.14537477493,"dmean2":4.94979381561,"dvar":7.3465628624,"dvar2":16.6434326172,"max":30.7986831665,"mean":11.3913011551,"median":10.472120285,"min":2.17545676231,"var":26.264831543},"erbbands_flatness_db":{"dmean":0.0234718192369,"dmean2":0.0336944833398,"dvar":0.000420525291702,"dvar2":0.000868618371896,"max":0.376328140497,"mean":0.157925978303,"median":0.147266060114,"min":0.0479863882065,"var":0.00425964221358},"erbbands_kurtosis":{"dmean":1.3208552599,"dmean2":1.99661540985,"dvar":2.80208492279,"dvar2":6.33317470551,"max":34.3117752075,"mean":1.90903961658,"median":0.877231538296,"min":-1.5725363493,"var":10.0442447662},"erbbands_skewness":{"dmean":0.360440522432,"dmean2":0.543993830681,"dvar":0.108445487916,"dvar2":0.241648852825,"max":5.14759635925,"mean":-0.197731241584,"median":-0.100841552019,"min":-4.60330438614,"var":0.601531207561},"erbbands_spread":{"dmean":6.25176095963,"dmean2":9.16199874878,"dvar":45.6779441833,"dvar2":95.6865386963,"max":92.1723480225,"mean":24.8339939117,"median":23.3073806763,"min":1.35680150986,"var":196.113220215},"gfcc":{"cov":[[17373.3769531,-839.511901855,304.450134277,2835.54663086,147.105514526,272.482391357,630.657043457,447.213165283,96.5061035156,636.989501953,289.349517822,435.095306396,85.7531814575],[-839.511901855,1294.2130127,23.4270820618,-506.550415039,239.481506348,-87.6622848511,20.551525116,-124.247619629,42.0192985535,-138.264053345,42.2346305847,-86.1306533813,51.675151825],[304.450134277,23.4270820618,530.066101074,396.026763916,-15.8685817719,261.128082275,70.7389602661,137.724945068,-17.1047840118,113.806266785,32.2133255005,69.0715942383,17.1387233734],[2835.54663086,-506.550415039,396.026763916,1250.52392578,39.821308136,120.954246521,297.212432861,219.217590332,-21.4319152832,227.608566284,60.3675041199,155.023086548,-14.6253566742],[147.105514526,239.481506348,-15.8685817719,39.821308136,259.084655762,68.5791015625,76.5574951172,9.97128391266,41.1424064636,-3.80324840546,39.2165107727,-3.37645196915,37.7816200256],[272.482391357,-87.6622848511,261.128082275,120.954246521,68.5791015625,362.08404541,41.0420608521,110.422676086,23.4208450317,83.2768325806,28.1636981964,40.5804901123,30.0914878845],[630.657043457,20.551525116,70.7389602661,297.212432861,76.5574951172,41.0420608521,213.501281738,56.1697540283,23.343214035,46.7142868042,36.4926567078,31.1228084564,-8.04976177216],[447.213165283,-124.247619629,137.724945068,219.217590332,9.97128391266,110.422676086,56.1697540283,156.648025513,31.2314987183,75.9417953491,19.4515132904,32.5224342346,7.49836683273],[96.5061035156,42.0192985535,-17.1047840118,-21.4319152832,41.1424064636,23.4208450317,23.343214035,31.2314987183,104.654647827,46.3705062866,23.0555019379,3.55620574951,0.139935195446],[636.989501953,-138.264053345,113.806266785,227.608566284,-3.80324840546,83.2768325806,46.7142868042,75.9417953491,46.3705062866,128.263092041,53.3780174255,41.2838973999,6.00873231888],[289.349517822,42.2346305847,32.2133255005,60.3675041199,39.2165107727,28.1636981964,36.4926567078,19.4515132904,23.0555019379,53.3780174255,78.4013442993,39.0265312195,13.3686504364],[435.095306396,-86.1306533813,69.0715942383,155.023086548,-3.37645196915,40.5804901123,31.1228084564,32.5224342346,3.55620574951,41.2838973999,39.0265312195,77.4686508179,26.2407569885],[85.7531814575,51.675151825,17.1387233734,-14.6253566742,37.7816200256,30.0914878845,-8.04976177216,7.49836683273,0.139935195446,6.00873231888,13.3686504364,26.2407569885,65.8176651001]],"icov":[[0.000149613173562,-0.000338476034813,0.000776441243943,-0.000758566602599,0.000533477345016,-0.000594692130107,0.000356388307409,0.0000248027718044,-0.000122189085232,-0.0000493127445225,-0.000228916367632,0.0000225780640903,-0.000251253019087],[-0.000338476034813,0.0034975297749,-0.00491939624771,0.00311929057352,-0.00329182832502,0.00366481184028,-0.00228846888058,0.000845354399644,-0.00133094948251,0.00285492883995,-0.00248911441304,0.0026726371143,-0.00131075305399],[0.000776441243943,-0.00491939624771,0.0120047833771,-0.00701627321541,0.00675724167377,-0.0087913069874,0.00410196604207,-0.00146832037717,0.00160159985535,-0.00230749323964,0.000426238111686,-0.00159269431606,-0.00026928682928],[-0.000758566602599,0.00311929057352,-0.00701627321541,0.00953156035393,-0.00744227645919,0.00717970309779,-0.0061447666958,-0.00162025308236,0.00564050674438,-0.00844129826874,0.0080570243299,-0.00755253853276,0.00504022371024],[0.000533477345016,-0.00329182832502,0.00675724167377,-0.00744227645919,0.0133547242731,-0.00788382999599,0.00214005308226,0.000889930990525,-0.00594606390223,0.00896167661995,-0.00965745933354,0.00866953935474,-0.00772551679984],[-0.000594692130107,0.00366481184028,-0.0087913069874,0.00717970309779,-0.00788382999599,0.0114043932408,-0.00394663633779,-0.00190971244592,0.00236592208967,-0.00478708557785,0.0044338167645,-0.00341954641044,0.00172330741771],[0.000356388307409,-0.00228846888058,0.00410196604207,-0.0061447666958,0.00214005308226,-0.00394663633779,0.0111341774464,-0.000548738404177,-0.0032317196019,0.00446594320238,-0.00496148969978,0.00204481952824,0.000690690823831],[0.0000248027718044,0.000845354399644,-0.00146832037717,-0.00162025308236,0.000889930990525,-0.00190971244592,-0.000548738404177,0.012394014746,-0.0044277375564,0.000387355772546,-0.00124222191516,0.00296077365056,-0.00274463463575],[-0.000122189085232,-0.00133094948251,0.00160159985535,0.00564050674438,-0.00594606390223,0.00236592208967,-0.0032317196019,-0.0044277375564,0.0220187008381,-0.0200044568628,0.0121698947623,-0.011115623638,0.00822046399117],[-0.0000493127445225,0.00285492883995,-0.00230749323964,-0.00844129826874,0.00896167661995,-0.00478708557785,0.00446594320238,0.000387355772546,-0.0200044568628,0.0437141917646,-0.0309422370046,0.0205342583358,-0.0117559116334],[-0.000228916367632,-0.00248911441304,0.000426238111686,0.0080570243299,-0.00965745933354,0.0044338167645,-0.00496148969978,-0.00124222191516,0.0121698947623,-0.0309422370046,0.0440687984228,-0.0286313723773,0.0122460536659],[0.0000225780640903,0.0026726371143,-0.00159269431606,-0.00755253853276,0.00866953935474,-0.00341954641044,0.00204481952824,0.00296077365056,-0.011115623638,0.0205342583358,-0.0286313723773,0.043209053576,-0.0201542004943],[-0.000251253019087,-0.00131075305399,-0.00026928682928,0.00504022371024,-0.00772551679984,0.00172330741771,0.000690690823831,-0.00274463463575,0.00822046399117,-0.0117559116334,0.0122460536659,-0.0201542004943,0.0283876881003]],"mean":[1.17257583141,84.6762084961,-94.8254318237,-13.6434955597,-15.4927940369,0.890751957893,2.35099983215,-15.4424886703,-3.8602001667,-4.71383285522,4.33551359177,-1.00768709183,-8.20889186859]},"hfc":{"dmean":69.941619873,"dmean2":98.7518539429,"dvar":8115.89111328,"dvar2":16696.21875,"max":1148.6895752,"mean":189.538024902,"median":152.702941895,"min":1.07983346771e-16,"var":22337.4511719},"melbands":{"dmean":[0.00986565556377,0.00232254061848,0.000433145003626,0.000261896639131,0.000239318251261,0.000196141001652,0.000171755455085,0.00013350219524,0.0000971772533376,0.0000704624035279,0.0000719274612493,0.000065174222982,0.0000322085179505,0.000164358789334,0.000149992309161,0.0000711567190592,0.0000341059057973,0.0000267849845841,0.0000189522324945,0.0000108131480374,0.0000107135992948,0.0000151304657265,0.00000929504494707,0.00000869058476383,0.0000100265488072,0.0000096890507848,0.00000824425751489,0.00000584843473916,0.00000468257394459,0.00000476083550893,0.00000464324057248,0.00000397604753744,0.00000249302524935,0.00000170848261405,0.00000127006217099,0.00000105885442281,0.00000121382549878,0.00000150754215156,9.24869141272e-7,5.07272694961e-8],"dmean2":[0.016733886674,0.00386416330002,0.000702357792761,0.000424355035648,0.000387577834772,0.000304005749058,0.000274465302937,0.000213933177292,0.000158663635375,0.000115346178063,0.000119853633805,0.000102929749119,0.0000517227199452,0.000252664060099,0.000229923854931,0.000110561042675,0.0000537984669791,0.0000417547016696,0.0000305156027025,0.0000179622311407,0.0000168680562638,0.0000219503108383,0.0000148174731294,0.0000141405789691,0.0000157880476763,0.0000149574898387,0.0000129228274091,0.00000892597654456,0.0000070403598329,0.00000714466477802,0.00000669989276503,0.00000571374175706,0.00000351513131136,0.00000242440137299,0.00000177713491212,0.0000014516850797,0.00000169289398855,0.00000215201180254,0.00000128573560687,8.11183227256e-8],"dvar":[0.000595090386923,0.0000210506150324,6.6114330366e-7,2.19100016352e-7,2.23534939892e-7,1.90007440892e-7,2.17614797293e-7,1.02739903696e-7,6.68717774488e-8,2.50593732432e-8,1.15201119755e-8,8.94080809388e-9,1.65420477316e-9,5.13349753817e-8,3.77691442566e-8,1.06508144526e-8,3.30703198159e-9,2.0113481991e-9,1.01449348922e-9,3.67378932831e-10,3.63716612384e-10,6.11744710444e-10,5.61630519869e-10,4.35236513496e-10,7.47103101606e-10,7.16734949169e-10,3.87408161107e-10,1.53936557945e-10,1.16223447533e-10,1.03938933849e-10,9.33366162137e-11,7.03180499939e-11,2.69585742618e-11,1.30752804417e-11,6.95353627109e-12,4.63694620895e-12,6.53705995585e-12,1.08934033669e-11,3.75630559643e-12,9.38863261901e-15],"dvar2":[0.00161503220443,0.0000562744207855,0.00000169292650298,5.48144214463e-7,5.54291716526e-7,3.95914526052e-7,5.42214763755e-7,2.28329355423e-7,1.65062346014e-7,6.7618856292e-8,3.06200291789e-8,2.10209130103e-8,4.39040315214e-9,1.13885434416e-7,8.30818720488e-8,2.44920688175e-8,7.17350889801e-9,5.0064290491e-9,2.60370347505e-9,9.52019241218e-10,8.88253193221e-10,1.42278555604e-9,1.35660638279e-9,1.00188446428e-9,1.75830483506e-9,1.62298063877e-9,9.4377583526e-10,3.77320341638e-10,2.79081868726e-10,2.44069597866e-10,2.04416775174e-10,1.54461679558e-10,5.81204563643e-11,2.8858981177e-11,1.45543334329e-11,9.26930494166e-12,1.37578811191e-11,2.41530424133e-11,7.54395330926e-12,2.16919479612e-14],"max":[0.289894491434,0.0567920096219,0.0160386376083,0.0084405997768,0.0138113508001,0.0111972102895,0.0160359591246,0.0124593488872,0.0152047155425,0.00808552186936,0.00289869494736,0.00136948365252,0.000481098133605,0.00311924889684,0.00414815358818,0.00178423628677,0.00181792280637,0.00128612259869,0.000663479440846,0.000371096102754,0.00038325888454,0.000648081593681,0.000726416416001,0.000578173901886,0.00090880371863,0.000872115604579,0.000579136773013,0.000298978266073,0.000451551837614,0.000245333183557,0.000223702736548,0.00014857048518,0.000120266056911,0.000054757721955,0.000034475717257,0.0000263463680312,0.0000381154459319,0.0000341232589562,0.0000220052497752,0.0000014370482404],"mean":[0.0159391071647,0.0037142962683,0.000690950721037,0.000402542384109,0.000369517336367,0.000321841100231,0.000276158127235,0.0002228183439,0.000162471522344,0.000115996081149,0.000117878676974,0.000118187250337,0.000058311590692,0.000293235323625,0.000344992731698,0.000119041127618,0.0000531305158802,0.0000435657275375,0.0000271809294645,0.000015904828615,0.0000163411350513,0.000022993708626,0.0000138830073411,0.000013533684978,0.0000148552462633,0.0000145997146319,0.0000112592242658,0.00000829174769024,0.00000672777423461,0.00000651415484754,0.00000619570164417,0.00000504689205627,0.00000318556317325,0.0000021469929834,0.00000158381510573,0.00000132331183522,0.00000145586545841,0.00000172043644397,0.00000105968592834,5.43558016375e-8],"median":[0.00426135165617,0.00195137923583,0.000366190215573,0.000167649996001,0.000157198868692,0.00012710026931,0.0000974701324594,0.0000865874899318,0.0000913653348107,0.0000679328368278,0.0000790994090494,0.0000722079566913,0.0000453907414339,0.000184089614777,0.000250021228567,0.0000708185252734,0.0000292386321235,0.0000237123931583,0.0000149143670569,0.00000872431883181,0.00000721916148905,0.00000918344539969,0.00000440652365796,0.00000428530347563,0.00000387791260437,0.00000330894044964,0.0000021720929908,0.00000136660457883,0.00000118213006317,0.00000121734888126,8.85015765562e-7,5.52743927074e-7,3.46560455e-7,2.26577157036e-7,1.40925322967e-7,1.00535103797e-7,7.41968122497e-8,5.55928814094e-8,3.46776971583e-8,1.28075683392e-8],"min":[1.25086340804e-24,1.29696325605e-24,2.1957673112e-24,3.0067997438e-24,1.54082530679e-24,3.17243114883e-24,2.91253264057e-24,2.65836579843e-24,2.66935837792e-24,3.90913552923e-24,5.46443239072e-24,2.69078344568e-24,3.81035397225e-24,4.11118292301e-24,5.3709997051e-24,4.31155753724e-24,4.84188742457e-24,4.09861321334e-24,6.33244957132e-24,3.29362325806e-24,5.98073002027e-24,3.93518174417e-24,4.09167044852e-24,5.25668705462e-24,5.44568037814e-24,4.75379966602e-24,6.57957444938e-24,6.64232162907e-24,6.6379000637e-24,8.09052036748e-24,7.4228750401e-24,6.66304894936e-24,7.22797906485e-24,6.03838155295e-24,8.20624784e-24,7.61194685528e-24,7.05480200805e-24,7.24220064925e-24,7.405390727e-24,6.10082107689e-24],"var":[0.000699432042893,0.0000266474617092,0.00000105104948034,3.75241313577e-7,4.12577776387e-7,4.34657977166e-7,3.67693701264e-7,3.64610286852e-7,1.21221759741e-7,3.50669324689e-8,1.76113879036e-8,2.00466256928e-8,2.64664845595e-9,1.07926410919e-7,1.1939465594e-7,2.00583194498e-8,6.16901196793e-9,3.77065134671e-9,1.28189636683e-9,4.85559203955e-10,6.32972618764e-10,1.09559838979e-9,8.68950411625e-10,8.27463819686e-10,1.38139488737e-9,1.23461918466e-9,5.02447028428e-10,2.39632647059e-10,1.55555818226e-10,1.40871661558e-10,1.37725247873e-10,9.97625523858e-11,3.99169516885e-11,1.82314684183e-11,1.01569178415e-11,7.15864043391e-12,9.32092077133e-12,1.40966370521e-11,5.47778185658e-12,1.14371606261e-14]},"melbands_crest":{"dmean":4.07906103134,"dmean2":6.67039966583,"dvar":17.6905002594,"dvar2":46.5449981689,"max":38.1504173279,"mean":19.8420715332,"median":19.2578697205,"min":1.00020873547,"var":84.7572784424},"melbands_flatness_db":{"dmean":0.0372329428792,"dmean2":0.0565672330558,"dvar":0.00113850377966,"dvar2":0.0027364124544,"max":0.523243546486,"mean":0.250871479511,"median":0.246857345104,"min":4.96149425544e-7,"var":0.00563340913504},"melbands_kurtosis":{"dmean":9.48265457153,"dmean2":15.6829948425,"dvar":363.712158203,"dvar2":989.16595459,"max":395.822143555,"mean":13.5116071701,"median":5.91060638428,"min":-1.69503593445,"var":439.069274902},"melbands_skewness":{"dmean":0.957936763763,"dmean2":1.50787365437,"dvar":1.46102285385,"dvar2":3.72386884689,"max":17.6608047485,"mean":2.58415150642,"median":2.30145573616,"min":-2.51740384102,"var":5.07683134079},"melbands_spread":{"dmean":6.31312084198,"dmean2":10.045712471,"dvar":57.4320793152,"dvar2":142.073287964,"max":224.339508057,"mean":19.0316181183,"median":16.2241630554,"min":0.935632050037,"var":250.384780884},"mfcc":{"cov":[[12448.5458984,-1849.5,596.363769531,2371.98999023,112.76625061,713.160583496,430.753875732,421.25958252,60.9000015259,557.835266113,262.293792725,381.000610352,-36.1671981812],[-1849.5,1722.35717773,-281.3387146,-547.957580566,118.820365906,-104.653076172,-63.8844299316,-72.5563583374,3.30081343651,-157.925567627,-28.5798797607,-79.8983154297,45.3700752258],[596.363769531,-281.3387146,644.007507324,201.923065186,44.2770996094,142.75213623,146.513061523,85.7639694214,47.7647094727,86.6402511597,33.0983428955,60.7141685486,33.459022522],[2371.98999023,-547.957580566,201.923065186,957.64831543,-32.8358230591,150.155303955,183.145446777,131.050918579,11.362818718,132.183074951,79.0691680908,33.257774353,-3.00358366966],[112.76625061,118.820365906,44.2770996094,-32.8358230591,202.678482056,82.4190216064,54.7078437805,33.205821991,48.5238609314,21.674703598,14.6897268295,31.4494514465,24.7497692108],[713.160583496,-104.653076172,142.75213623,150.155303955,82.4190216064,210.617874146,117.358261108,75.1136169434,40.8126144409,68.7945556641,22.3935680389,64.7626876831,16.7244853973],[430.753875732,-63.8844299316,146.513061523,183.145446777,54.7078437805,117.358261108,184.202072144,89.2399597168,41.6890144348,43.9387664795,30.8936767578,31.4872817993,26.1794948578],[421.25958252,-72.5563583374,85.7639694214,131.050918579,33.205821991,75.1136169434,89.2399597168,113.403594971,45.6688766479,43.9974937439,17.8543395996,28.0814361572,11.2096862793],[60.9000015259,3.30081343651,47.7647094727,11.362818718,48.5238609314,40.8126144409,41.6890144348,45.6688766479,86.1611785889,44.8994560242,12.2245130539,19.1474285126,18.7471694946],[557.835266113,-157.925567627,86.6402511597,132.183074951,21.674703598,68.7945556641,43.9387664795,43.9974937439,44.8994560242,116.038734436,47.4130783081,46.7246170044,12.8688573837],[262.293792725,-28.5798797607,33.0983428955,79.0691680908,14.6897268295,22.3935680389,30.8936767578,17.8543395996,12.2245130539,47.4130783081,79.6354751587,39.1595420837,17.3401660919],[381.000610352,-79.8983154297,60.7141685486,33.257774353,31.4494514465,64.7626876831,31.4872817993,28.0814361572,19.1474285126,46.7246170044,39.1595420837,95.5221328735,29.629026413],[-36.1671981812,45.3700752258,33.459022522,-3.00358366966,24.7497692108,16.7244853973,26.1794948578,11.2096862793,18.7471694946,12.8688573837,17.3401660919,29.629026413,62.9270210266]],"icov":[[0.000208247060073,0.0000214417977986,0.0000369567969756,-0.000460090406705,-0.000145269586938,-0.000242084279307,0.000267436291324,-0.000154928158736,0.000236234947806,-0.000305930239847,0.000141657161294,-0.000560962827876,0.000317710451782],[0.0000214417977986,0.000908351095859,0.000255669117905,0.000358323304681,-0.000465279706987,-0.000178865433554,-0.0000826446266728,-0.0000765918521211,-0.000201533708605,0.000928671564907,-0.000797883258201,0.000873942801263,-0.000804374518339],[0.0000369567969756,0.000255669117905,0.00212568999268,-0.0000225667117775,0.0000144150917549,-0.000521016481798,-0.0011025457643,-0.0000614979144302,0.0000528654745722,-0.000643782259431,0.000282786582829,-0.000182149291504,-0.000568229064811],[-0.000460090406705,0.000358323304681,-0.0000225667117775,0.00294529087842,0.000774891872425,0.0000133020585054,-0.00170412519947,-0.000804554263595,0.00080718920799,-0.000495101790875,-0.00151518650819,0.00259867729619,-0.00077150616562],[-0.000145269586938,-0.000465279706987,0.0000144150917549,0.000774891872425,0.0073386891745,-0.00256723444909,-0.000657255353872,0.00045198306907,-0.00307737593539,0.00104138546158,-0.000946978689171,0.0000614081218373,-0.000793971878011],[-0.000242084279307,-0.000178865433554,-0.000521016481798,0.0000133020585054,-0.00256723444909,0.0116373151541,-0.0050188107416,-0.000556883984245,0.000900730083231,-0.0032227835618,0.00398557400331,-0.00493928184733,0.00198957556859],[0.000267436291324,-0.0000826446266728,-0.0011025457643,-0.00170412519947,-0.000657255353872,-0.0050188107416,0.0137565601617,-0.00595080526546,-0.000871751108207,0.00258546811529,-0.00301849399693,0.0019846369978,-0.00272420956753],[-0.000154928158736,-0.0000765918521211,-0.0000614979144302,-0.000804554263595,0.00045198306907,-0.000556883984245,-0.00595080526546,0.0180032402277,-0.00643004151061,-0.000196327295271,0.0013294890523,-0.00191333133262,0.00168967887294],[0.000236234947806,-0.000201533708605,0.0000528654745722,0.00080718920799,-0.00307737593539,0.000900730083231,-0.000871751108207,-0.00643004151061,0.0211134664714,-0.00891074165702,0.00256308563985,0.00114288239274,-0.00294165266678],[-0.000305930239847,0.000928671564907,-0.000643782259431,-0.000495101790875,0.00104138546158,-0.0032227835618,0.00258546811529,-0.000196327295271,-0.00891074165702,0.0206021219492,-0.00847364962101,-0.00127019977663,0.000254092330579],[0.000141657161294,-0.000797883258201,0.000282786582829,-0.00151518650819,-0.000946978689171,0.00398557400331,-0.00301849399693,0.0013294890523,0.00256308563985,-0.00847364962101,0.0217134021223,-0.00775636127219,-0.000595834164415],[-0.000560962827876,0.000873942801263,-0.000182149291504,0.00259867729619,0.0000614081218373,-0.00493928184733,0.0019846369978,-0.00191333133262,0.00114288239274,-0.00127019977663,-0.00775636127219,0.0220114458352,-0.00823528878391],[0.000317710451782,-0.000804374518339,-0.000568229064811,-0.00077150616562,-0.000793971878011,0.00198957556859,-0.00272420956753,0.00168967887294,-0.00294165266678,0.000254092330579,-0.000595834164415,-0.00823528878391,0.0224013011903]],"mean":[-660.295959473,151.591720581,-16.7598667145,9.15400791168,-1.9465482235,21.7267913818,9.69935035706,8.86468982697,-3.68581366539,2.25778007507,3.91041350365,12.8215799332,1.73994350433]},"pitch_salience":{"dmean":0.0778860673308,"dmean2":0.124584294856,"dvar":0.0053207622841,"dvar2":0.0134104583412,"max":0.996096909046,"mean":0.46077978611,"median":0.475918054581,"min":0.0745589360595,"var":0.024540875107},"silence_rate_20dB":{"dmean":0.041340675205,"dmean2":0.0826893374324,"dvar":0.0396316237748,"dvar2":0.0990357324481,"max":1,"mean":0.969383835793,"median":1,"min":0,"var":0.0296788364649},"silence_rate_30dB":{"dmean":0.0927267447114,"dmean2":0.185471400619,"dvar":0.0841284990311,"dvar2":0.169618904591,"max":1,"mean":0.683117628098,"median":1,"min":0,"var":0.216467931867},"silence_rate_60dB":{"dmean":0.003670433769,"dmean2":0.00734157627448,"dvar":0.0036569617223,"dvar2":0.010185668245,"max":1,"mean":0.0522503368556,"median":0,"min":0,"var":0.049520239234},"spectral_centroid":{"dmean":250.215621948,"dmean2":348.23449707,"dvar":93753.7421875,"dvar2":180971.90625,"max":11632.6621094,"mean":1342.59570312,"median":1183.57641602,"min":248.422546387,"var":493788.6875},"spectral_complexity":{"dmean":5.07930088043,"dmean2":7.02183151245,"dvar":33.2641639709,"dvar2":56.8984794617,"max":60,"mean":23.1244926453,"median":20,"min":0,"var":170.66973877},"spectral_contrast_coeffs":{"dmean":[0.0504787676036,0.0451403297484,0.0379564911127,0.0325829982758,0.026285270229,0.0299756191671],"dmean2":[0.0835502296686,0.0742552429438,0.0614168010652,0.0529740452766,0.0418610163033,0.0457685478032],"dvar":[0.00161141238641,0.00122921762522,0.000877840851899,0.00066478527151,0.000554738275241,0.000783689902164],"dvar2":[0.00434606522322,0.00336341955699,0.00232761329971,0.00172595563345,0.00134436949156,0.00171869189944],"max":[-0.258541703224,-0.44307243824,-0.594026684761,-0.562143325806,-0.650730729103,-0.475685834885],"mean":[-0.706818163395,-0.779849410057,-0.772594869137,-0.758861005306,-0.810450017452,-0.753660619259],"median":[-0.715273857117,-0.786045372486,-0.772354006767,-0.759423851967,-0.80973470211,-0.738844156265],"min":[-0.972138047218,-0.983791768551,-0.991754710674,-0.985952973366,-0.986961364746,-0.966511726379],"var":[0.00638337107375,0.00347756361589,0.00234728935175,0.00209797546268,0.00199748133309,0.00574679113925]},"spectral_contrast_valleys":{"dmean":[0.421700954437,0.356543213129,0.309602886438,0.324885934591,0.400062829256,0.553050100803],"dmean2":[0.686039328575,0.576390385628,0.492564231157,0.488823771477,0.560842871666,0.774573981762],"dvar":[0.1217944175,0.0862000510097,0.0667663067579,0.0875893384218,0.164036795497,0.21660426259],"dvar2":[0.301367998123,0.218342378736,0.156115204096,0.179552018642,0.341633439064,0.476369291544],"max":[-4.5065164566,-4.51468849182,-5.10958957672,-5.63522768021,-5.10697174072,-8.2925491333],"mean":[-7.11442661285,-6.59556674957,-6.87427711487,-7.42474317551,-7.79857587814,-10.7575445175],"median":[-6.51552295685,-6.38299179077,-6.68131542206,-7.20641994476,-7.54821157455,-10.7443342209],"min":[-27.9281177521,-27.8071136475,-27.6419181824,-27.6003627777,-27.4453659058,-27.364812851],"var":[3.28981089592,1.81173527241,1.65956640244,1.87525093555,2.66462874413,2.0723221302]},"spectral_decrease":{"dmean":1.0176927745e-8,"dmean2":1.67002536244e-8,"dvar":5.35209414426e-16,"dvar2":1.36431395644e-15,"max":4.29367652544e-9,"mean":-1.87567614773e-8,"median":-8.80829631456e-9,"min":-2.50227145671e-7,"var":6.97971824499e-16},"spectral_energy":{"dmean":0.041336145252,"dmean2":0.0668249055743,"dvar":0.00848629325628,"dvar2":0.0213240440935,"max":1.00866115093,"mean":0.0879840329289,"median":0.050094474107,"min":1.02672614155e-20,"var":0.0117670688778},"spectral_energyband_high":{"dmean":0.00082105648471,"dmean2":0.0010747507913,"dvar":0.00000234557842305,"dvar2":0.00000466849223812,"max":0.0227690860629,"mean":0.001292818808,"median":0.000260703207459,"min":7.11242283195e-21,"var":0.00000433777086073},"spectral_energyband_low":{"dmean":0.035082757473,"dmean2":0.0586730502546,"dvar":0.00681779114529,"dvar2":0.0181171167642,"max":0.935676753521,"mean":0.0590619891882,"median":0.0214120484889,"min":1.34297226672e-23,"var":0.00817975215614},"spectral_energyband_middle_high":{"dmean":0.0030076529365,"dmean2":0.00440036598593,"dvar":0.0000140124784593,"dvar2":0.0000300134688587,"max":0.0491335466504,"mean":0.00823459215462,"median":0.00647459132597,"min":1.29786920126e-21,"var":0.0000443501121481},"spectral_energyband_middle_low":{"dmean":0.00306072016247,"dmean2":0.00482149701566,"dvar":0.0000229084762395,"dvar2":0.0000561486085644,"max":0.125349223614,"mean":0.00791330914944,"median":0.00534852594137,"min":2.00474635483e-22,"var":0.0000757842426538},"spectral_entropy":{"dmean":0.191725924611,"dmean2":0.263858616352,"dvar":0.03323180601,"dvar2":0.0641855075955,"max":9.81174278259,"mean":7.54089164734,"median":7.57004165649,"min":6.01572847366,"var":0.244960963726},"spectral_flux":{"dmean":0.0464860424399,"dmean2":0.0729547590017,"dvar":0.00574315246195,"dvar2":0.0129718165845,"max":0.831555187702,"mean":0.128991365433,"median":0.101019404829,"min":6.5020808182e-11,"var":0.0120386360213},"spectral_kurtosis":{"dmean":6.75638484955,"dmean2":10.0831155777,"dvar":92.1722183228,"dvar2":236.457702637,"max":143.629592896,"mean":21.5211582184,"median":14.9930105209,"min":-1.22637748718,"var":359.33215332},"spectral_rms":{"dmean":0.00169410009403,"dmean2":0.00261296774261,"dvar":0.00000761144701755,"dvar2":0.0000175809054781,"max":0.0313697271049,"mean":0.00783534161747,"median":0.00699089793488,"min":3.16493923083e-12,"var":0.0000244455059146},"spectral_rolloff":{"dmean":3652.41845703,"dmean2":6880.41992188,"dvar":46204400,"dvar2":110702056,"max":22028.4667969,"mean":10544.0712891,"median":4565.0390625,"min":43.06640625,"var":96811984},"spectral_skewness":{"dmean":0.521645069122,"dmean2":0.746063649654,"dvar":0.369548976421,"dvar2":0.887693524361,"max":10.0154895782,"mean":3.1092338562,"median":2.6084523201,"min":-0.0575869493186,"var":2.4813888073},"spectral_spread":{"dmean":561005.9375,"dmean2":785627.3125,"dvar":337080516608,"dvar2":652454920192,"max":41697676,"mean":4211965.5,"median":3955715.75,"min":1466144.75,"var":3688425586690},"spectral_strongpeak":{"dmean":3.4315071106,"dmean2":6.04887199402,"dvar":115.236724854,"dvar2":297.82522583,"max":146.119995117,"mean":3.85083961487,"median":0.424084305763,"min":0,"var":138.449310303},"zerocrossingrate":{"dmean":0.0368376672268,"dmean2":0.0457568392158,"dvar":0.000988237210549,"dvar2":0.00153228908312,"max":0.755859375,"mean":0.257701396942,"median":0.2314453125,"min":0.0166015625,"var":0.0172433890402}},"metadata":{"audio_properties":{"analysis_sample_rate":44100,"bit_rate":257338,"codec":"mp3","downmix":"mix","equal_loudness":0,"length":240.379837036,"lossless":false,"md5_encoded":"984d8e3a97fce1a876f652a849aeda36","replay_gain":2.03119468689,"sample_rate":44100},"tags":{"acoustid_id":["88ce6941-3848-4c42-9c51-f4eefe3b6131"],"album":["Four"],"albumartist":["Bloc Party"],"artist":["Bloc Party"],"date":["2012"],"discnumber":["1/1"],"file_name":"10 - Bloc Party - Truth.mp3","musicbrainz_albumartistid":["8c538f11-c141-4588-8ecb-931083524186"],"musicbrainz_albumid":["a3ab21b3-86a2-419e-9744-adc8928510aa"],"musicbrainz_artistid":["8c538f11-c141-4588-8ecb-931083524186"],"musicbrainz_recordingid":["42169bb7-790a-4364-baa0-6ae8872a1842"],"musicbrainz_releasegroupid":["08f53230-984f-45ff-ab63-550128ef3bf0"],"replaygain_album_gain":["-0.06 dB"],"replaygain_album_peak":["0.355843"],"replaygain_track_gain":["+0.45 dB"],"replaygain_track_peak":["0.355843"],"title":["Truth"],"tracknumber":["10/14"]},"version":{"essentia":"2.1-beta1","essentia_build_sha":"e76a03f03bb3900de42a1fa0d9be1e72f12def64","essentia_git_sha":"v2.1_beta1-28-g21ef5f4-dirty","extractor":"music 1.0"}},"rhythm":{"beats_count":589,"beats_loudness":{"dmean":0.0529281385243,"dmean2":0.095276594162,"dvar":0.00510716205463,"dvar2":0.0170519426465,"max":0.612348377705,"mean":0.108212210238,"median":0.0903332009912,"min":1.14253184691e-9,"var":0.00948304403573},"beats_loudness_band_ratio":{"dmean":[0.152529031038,0.0476270578802,0.0507452748716,0.070678435266,0.0207895636559,0.0849211290479],"dmean2":[0.273989081383,0.0869230926037,0.092088110745,0.123385347426,0.0380348935723,0.149515673518],"dvar":[0.0223316568881,0.00449679000303,0.006579620298,0.00441909115762,0.00109451706521,0.00703078042716],"dvar2":[0.0742670446634,0.0130734918639,0.0186366066337,0.0125174047425,0.00325159565546,0.0214214194566],"max":[0.924874067307,0.723036706448,0.803286373615,0.722459673882,0.509788691998,0.813649535179],"mean":[0.476543545723,0.0580618306994,0.0718404352665,0.152448534966,0.0323789864779,0.