{"lowlevel":{"average_loudness":0.030388398096,"barkbands":{"dmean":[0.0000556881277589,0.0027092162054,0.00163135456387,0.00115119409747,0.00055842672009,0.000270749762421,0.000447941099992,0.000418776384322,0.000897971680388,0.000597377482336,0.000374644150725,0.000610633462202,0.000459044211311,0.000396397983423,0.00024585382198,0.000251837336691,0.000246180075919,0.000140083866427,0.000152005348355,0.00020455433696,0.000330940674758,0.000280664215097,0.000171237014001,0.00014454756456,0.000108379994344,0.0000611255745753,0.00000469268979941],"dmean2":[0.0000970703986241,0.00436408584937,0.00287968106568,0.00208700471558,0.000969236367382,0.000438181770733,0.000717719085515,0.000665452214889,0.00125737558119,0.000851661257911,0.000524234375916,0.000893185671885,0.000635411706753,0.000572361866944,0.000360793666914,0.000364361621905,0.000373487651814,0.000223784314585,0.000229969082284,0.000316298828693,0.000480471149785,0.000401241908548,0.000236438048887,0.000206196622457,0.000153141372721,0.0000881531959749,0.00000693622041581],"dvar":[6.8437313594e-9,0.000057399902289,0.0000252098634519,0.00000955494488153,0.0000014715327552,3.1536379197e-7,0.00000294279902846,0.00000419222487835,0.0000469513943244,0.0000214242591028,0.00000498891449752,0.0000273050736723,0.00000706203582013,0.00000443290855401,8.96018036656e-7,0.00000454762766822,5.76677280151e-7,7.66875416502e-8,1.34357861725e-7,1.7129735852e-7,4.08478371128e-7,3.46339305679e-7,1.19672790788e-7,1.2069899924e-7,1.19896199635e-7,2.23363993967e-8,1.01544224418e-10],"dvar2":[1.87550366348e-8,0.000145789381349,0.0000684661426931,0.0000264940954366,0.00000400266662837,7.37220432256e-7,0.00000700284999766,0.0000103311685962,0.000075828145782,0.0000428661478509,0.00000735918320061,0.0000693548790878,0.0000115971597552,0.00000761049204812,0.00000154451652179,0.00000850377273309,0.00000130525086206,1.71657902115e-7,2.56497799e-7,4.14775684021e-7,8.64760409058e-7,7.78834134962e-7,2.3814703809e-7,2.7489775789e-7,2.37849278051e-7,4.2800255784e-8,2.04346359278e-10],"max":[0.00175569555722,0.0867957770824,0.0424893721938,0.0423754751682,0.019173739478,0.0195475872606,0.0603844188154,0.0907886922359,0.475195407867,0.30345800519,0.113193579018,0.297777235508,0.122060649097,0.123638734221,0.0557954162359,0.175353810191,0.0322836972773,0.0111881382763,0.0174891483039,0.0132318995893,0.0176324620843,0.0227614175528,0.00785398669541,0.0110177714378,0.018082967028,0.0074112387374,0.000206665630685],"mean":[0.0000777426903369,0.00234462413937,0.00116124877241,0.000820049201138,0.000655561219901,0.000485674740048,0.000727396516595,0.000691347348038,0.00172646902502,0.00119799608365,0.000670077861287,0.00102500268258,0.000834339880385,0.000651629874483,0.000453415996162,0.000414095266024,0.000438935821876,0.000215195468627,0.000275612634141,0.000359788857168,0.000552143610548,0.000501819420606,0.00030818983214,0.000286158145173,0.000206296259421,0.0000948033557506,0.00000591802381678],"median":[0.0000567528368265,0.000250690907706,0.0000979581527645,0.0000937015138334,0.000267327210167,0.000219982903218,0.000220168527449,0.000182750052772,0.000314722710755,0.000141172524309,0.0000942316328292,0.000103629492514,0.0000951155234361,0.000121008582937,0.000105133767647,0.0000715378046152,0.000131244712975,0.0000854014069773,0.0001214955264,0.000157440430485,0.000192996885744,0.000147738377564,0.000101943980553,0.0000887824426172,0.0000646989283268,0.0000233700502577,4.90694958444e-7],"min":[6.92427984369e-25,1.40681193988e-24,1.43513914613e-24,8.65184282485e-25,5.75816238219e-24,5.81014279382e-24,5.3703339065e-24,6.19109516344e-24,6.65740149413e-24,1.37272100032e-23,1.68203320348e-23,2.1562992196e-23,2.63083628833e-23,2.89304450244e-23,5.15268450062e-23,4.56621879795e-23,5.9319184629e-23,7.66285473162e-23,1.30062349965e-22,1.48434163141e-22,2.67359803986e-22,3.1246689579e-22,3.74739474674e-22,5.7407833978e-22,8.89798750379e-22,1.29764049471e-21,1.95544749598e-21],"var":[6.72111033495e-9,0.000048497950047,0.0000167923353729,0.00000614610280536,0.00000137564427405,7.23123889657e-7,0.0000041743132897,0.00000480787593915,0.000162813841598,0.0000825517709018,0.0000137772258313,0.000055492084357,0.000025752984584,0.0000101457435449,0.00000452786935057,0.00000884120163391,0.0000014125683947,1.72996990955e-7,4.63706015807e-7,4.42975220949e-7,0.00000100100362488,9.15273801638e-7,3.23074175412e-7,3.57940450613e-7,3.34402329827e-7,5.34140447428e-8,1.97385760514e-10]},"barkbands_crest":{"dmean":2.46113300323,"dmean2":3.89904069901,"dvar":6.70192527771,"dvar2":14.6083545685,"max":25.4123249054,"mean":7.51630306244,"median":6.39277553558,"min":1.84018564224,"var":16.0531024933},"barkbands_flatness_db":{"dmean":0.0211927480996,"dmean2":0.031844932586,"dvar":0.000566785456613,"dvar2":0.00132858124562,"max":0.343402534723,"mean":0.0869683250785,"median":0.0755083635449,"min":0.0117674646899,"var":0.00223118858412},"barkbands_kurtosis":{"dmean":2.43322443962,"dmean2":3.99335002899,"dvar":65.1234817505,"dvar2":160.972793579,"max":244.345809937,"mean":1.53354883194,"median":-0.332090377808,"min":-1.89233064651,"var":74.5766830444},"barkbands_skewness":{"dmean":0.5924243927,"dmean2":0.877302289009,"dvar":0.64267551899,"dvar2":1.44051480293,"max":14.9269657135,"mean":0.701072454453,"median":0.5580727458,"min":-4.46280050278,"var":1.56202590466},"barkbands_spread":{"dmean":9.39641284943,"dmean2":14.3318309784,"dvar":96.0989837646,"dvar2":220.844650269,"max":122.428253174,"mean":36.2572784424,"median":34.6844596863,"min":1.28781652451,"var":286.810119629},"dissonance":{"dmean":0.0153257446364,"dmean2":0.0255514476448,"dvar":0.000280272302916,"dvar2":0.000737652007956,"max":0.500000119209,"mean":0.472077161074,"median":0.479494661093,"min":0.21719238162,"var":0.000714786991011},"dynamic_complexity":5.32103919983,"erbbands":{"dmean":[0.0539501830935,0.714936614037,1.96496629715,3.0122795105,2.86070752144,1.70437073708,1.46985185146,2.505879879,6.2945432663,6.12869548798,11.1212854385,15.0916042328,23.449131012,18.1856460571,9.35326194763,23.2374210358,21.7847709656,18.8644390106,13.2842493057,10.9880304337,15.278049469,13.3069677353,7.68942070007,7.76357984543,7.94434976578,9.1624584198,12.7682352066,12.6577711105,9.72302246094,8.07262706757,4.52444934845,3.06731176376,2.5474383831,1.44656312466,0.710948169231,0.324456036091,0.102980256081,0.0167921446264,0.000523218128365,0.0000216276112042],"dmean2":[0.0829663947225,1.18864905834,3.45984125137,5.42023706436,5.12830448151,2.90150904655,2.39945483208,4.07794284821,10.1097812653,9.53197193146,17.5429878235,21.3976020813,31.9059257507,23.4324874878,13.080786705,34.7595748901,31.1266498566,27.1121749878,18.5324859619,16.0599803925,21.8646774292,20.1909103394,11.8068799973,12.3494596481,12.2105016708,13.9193401337,19.0045108795,18.3250923157,13.8827314377,11.3086328506,6.27412843704,4.41341638565,3.67380714417,2.08996963501,0.999446988106,0.477430641651,0.147968143225,0.0237448271364,0.000744428369217,0.0000293782250083],"dvar":[0.0189730394632,4.24720859528,36.1274223328,67.4891357422,52.0945396423,14.2737884521,9.34453678131,33.4465065002,491.649353027,544.840576172,3437.15332031,5576.55810547,58775.6914062,15503.6308594,1408.0892334,40534.7929688,17042.6914062,9734.88085938,2527.81201172,1424.43530273,20970.140625,1235.05297852,236.406173706,468.609985352,235.737197876,287.231658936,687.085510254,724.599304199,411.930725098,246.570373535,91.2724380493,55.2616500854,39.9834823608,18.8926925659,6.82326555252,0.863622069359,0.0610348843038,0.00112018396612,0.00000111051053864,1.18195875309e-9],"dvar2":[0.0425460189581,11.2066040039,98.3139801025,186.948577881,144.463546753,38.126663208,23.4434776306,75.8643951416,1094.29101562,1340.54406738,8414.26953125,9789.29492188,94547.0625,20086.4765625,2233.57739258,102701.351562,37086.015625,16501.6679688,3972.55029297,2898.85400391,39715.2421875,2664.11206055,478.47366333,941.673217773,485.321685791,678.537597656,1586.5501709,1586.76257324,939.456542969,484.939147949,188.494018555,126.74432373,89.23412323,41.4288749695,12.837182045,1.67511630058,0.122757486999,0.00207693362609,0.00000213073212763,2.16726747659e-9],"max":[1.91380405426,21.0157928467,47.6211280823,114.070129395,106.116783142,102.803962708,70.2802810669,245.698806763,782.785766602,815.446533203,2431.16137695,4539.25488281,16755.2050781,8819.15429688,1568.94287109,11543.171875,7024.32470703,5881.07421875,3059.91748047,2252.72485352,11686.4121094,1326.22546387,651.181274414,1264.32727051,729.523803711,399.883056641,801.09576416,827.586547852,659.319458008,410.261291504,228.378662109,246.915771484,244.718719482,196.573242188,141.730178833,36.2216911316,13.6550455093,0.953615128994,0.0221666339785,0.00109496456571],"mean":[0.0511791333556,0.583977341652,1.41084611416,2.17794728279,2.43768072128,2.11294102669,2.33692336082,4.58086490631,10.4360628128,11.0106229782,19.2957878113,29.1539440155,52.5313835144,36.3025894165,19.2093429565,43.0489349365,42.2551765442,34.7390174866,25.5631542206,20.3519210815,25.9069309235,25.3937702179,13.547246933,12.8930921555,15.2966098785,16.4259967804,20.8169250488,21.5519924164,17.4689102173,14.1769332886,8.12395572662,5.79222536087,4.86653900146,2.74334716797,1.24218976498,0.512252092361,0.155926957726,0.0247223805636,0.000752161780838,0.0000455482731923],"median":[0.00670568877831,0.0564002431929,0.132992401719,0.273162037134,0.582916736603,0.865953505039,1.00258600712,1.95442426205,3.53186559677,3.26238918304,5.76671266556,6.38550662994,6.4112329483,4.51035928726,3.5177423954,4.3824338913,5.10463380814,6.47491359711,6.11050605774,5.63095664978,5.27455329895,7.91054582596,5.2803235054,5.17586040497,7.02351999283,7.17701435089,8.11589050293,6.77673864365,4.97528505325,4.75763893127,2.55373334885,1.69896996021,1.56509208679,0.851521968842,0.372453987598,0.137260049582,0.0356899574399,0.00423590978608,0.000129640218802,0.0000202747396543],"min":[2.92511864021e-23,4.52529237865e-22,2.03341088431e-21,5.97056906267e-21,6.77086145856e-21,2.05520471045e-20,5.74102506944e-20,9.0258930525e-20,1.0637701005e-19,1.13791966921e-19,1.37765703174e-19,2.1178783437e-19,5.01443091184e-19,6.17843016405e-19,1.10128004001e-18,1.11829390444e-18,1.39473094432e-18,2.40813162625e-18,3.60472158779e-18,2.84535282826e-18,3.57454852058e-18,4.09480666198e-18,5.11146250642e-18,6.05787251887e-18,8.06597794653e-18,6.44644102521e-18,8.63155855446e-18,1.02275654961e-17,1.1297727932e-17,1.18622621565e-17,1.06212753435e-17,1.00376067771e-17,1.08155577355e-17,8.44550909108e-18,6.64076932575e-18,3.952114284e-18,2.19630369947e-18,9.79260042918e-19,2.37950652416e-19,2.86208789405e-20],"var":[0.0195050816983,3.2950489521,24.1787204742,43.5266532898,35.6225547791,16.2370891571,15.5662488937,80.7993850708,909.496337891,753.434448242,3916.80615234,17890.6757812,290476.8125,47343.4921875,4265.97998047,95154.5078125,53420.296875,27336.2363281,11068.4296875,4756.41845703,37646.453125,4088.03808594,735.982910156,1159.13745117,1033.38391113,792.153137207,1364.55517578,1841.07434082,1146.18566895,663.268554688,234.849197388,157.642822266,111.879432678,51.2866363525,15.69008255,1.89025616646,0.142716959119,0.00264956010506,0.00000249068102676,5.15396880729e-9]},"erbbands_crest":{"dmean":2.18005394936,"dmean2":3.49953818321,"dvar":5.02668237686,"dvar2":11.5999803543,"max":29.2268352509,"mean":7.48947143555,"median":6.37539148331,"min":2.1168961525,"var":14.524638176},"erbbands_flatness_db":{"dmean":0.0185778290033,"dmean2":0.025887362659,"dvar":0.00034065078944,"dvar2":0.000615818658844,"max":0.414068162441,"mean":0.138088479638,"median":0.130796685815,"min":0.0357048548758,"var":0.00179424427915},"erbbands_kurtosis":{"dmean":1.04746055603,"dmean2":1.59041976929,"dvar":3.7856066227,"dvar2":7.61827468872,"max":74.2679214478,"mean":0.530349552631,"median":-0.284435749054,"min":-1.79468464851,"var":10.032333374},"erbbands_skewness":{"dmean":0.413464903831,"dmean2":0.594600737095,"dvar":0.175948664546,"dvar2":0.354276299477,"max":7.21746921539,"mean":0.0139922183007,"median":-0.00104524614289,"min":-4.78563928604,"var":0.846209704876},"erbbands_spread":{"dmean":10.515540123,"dmean2":15.8262395859,"dvar":139.199478149,"dvar2":323.635864258,"max":143.445419312,"mean":42.6332054138,"median":40.1764831543,"min":1.69346487522,"var":362.385009766},"gfcc":{"cov":[[31484.9179688,-1241.1842041,-1731.37695312,21.9860305786,-1423.57861328,566.36895752,-807.098937988,408.012145996,-836.111450195,447.202880859,-850.591918945,177.915023804,-474.079223633],[-1241.1842041,1654.92211914,-209.484268188,62.5621414185,97.4561386108,-66.7245178223,67.371635437,-19.2484035492,215.425720215,-125.305343628,169.297317505,-123.383071899,92.2060775757],[-1731.37695312,-209.484268188,950.541381836,129.931991577,119.079574585,-8.44121742249,106.299453735,20.1935024261,5.60359144211,32.4585723877,-27.4261436462,37.2914047241,-57.036895752],[21.9860305786,62.5621414185,129.931991577,606.401062012,-9.34626483917,2.9505341053,-13.1887731552,-18.1869163513,-1.50990068913,-54.8759231567,-12.7981729507,-55.7922096252,-20.489944458],[-1423.57861328,97.4561386108,119.079574585,-9.34626483917,477.542480469,54.5364151001,69.2748565674,21.1054000854,63.5280189514,-6.2946639061,34.7186164856,19.1828212738,20.2746543884],[566.36895752,-66.7245178223,-8.44121742249,2.9505341053,54.5364151001,224.756759644,67.7800216675,4.51331233978,-27.7261123657,12.5533370972,0.916623413563,25.3418273926,-4.06490278244],[-807.098937988,67.371635437,106.299453735,-13.1887731552,69.2748565674,67.7800216675,177.825836182,23.3418083191,20.9427433014,-7.0946726799,27.8343086243,6.54274702072,8.43890285492],[408.012145996,-19.2484035492,20.1935024261,-18.1869163513,21.1054000854,4.51331233978,23.3418083191,115.609443665,43.0289497375,26.1181278229,-8.34663581848,7.42228746414,-2.03174829483],[-836.111450195,215.425720215,5.60359144211,-1.50990068913,63.5280189514,-27.7261123657,20.9427433014,43.0289497375,167.978668213,14.5034065247,41.6372680664,-19.5472049713,34.1537246704],[447.202880859,-125.305343628,32.4585723877,-54.8759231567,-6.2946639061,12.5533370972,-7.0946726799,26.1181278229,14.5034065247,106.152404785,0.753846585751,23.156961441,-8.67475032806],[-850.591918945,169.297317505,-27.4261436462,-12.7981729507,34.7186164856,0.916623413563,27.8343086243,-8.34663581848,41.6372680664,0.753846585751,112.524284363,8.56255531311,26.2854194641],[177.915023804,-123.383071899,37.2914047241,-55.7922096252,19.1828212738,25.3418273926,6.54274702072,7.42228746414,-19.5472049713,23.156961441,8.56255531311,89.4748153687,13.9595327377],[-474.079223633,92.2060775757,-57.036895752,-20.489944458,20.2746543884,-4.06490278244,8.43890285492,-2.03174829483,34.1537246704,-8.67475032806,26.2854194641,13.9595327377,81.1340637207]],"icov":[[0.000123592370073,-0.000172061932972,0.000219516863581,-0.0000947416774579,0.000226081363508,-0.000373630115064,0.000415135524236,-0.000593495497014,0.000485059368657,-0.000540321168955,0.000768768717535,-0.000460486975498,0.000483058072859],[-0.000172061932972,0.00129391124938,-0.000177149588126,0.000148414372234,-0.000355319585651,0.000608099158853,-0.000786203658208,0.000992857269011,-0.0016218702076,0.00176611810457,-0.00219895527698,0.00173493591137,-0.00105156376958],[0.000219516863581,-0.000177149588126,0.00182677712291,-0.000589279807173,0.0000890551091288,-0.0000435136898886,-0.000421548553277,-0.000754534848966,0.000527938071173,-0.00137638859451,0.00181279715616,-0.00173081411049,0.00196100515313],[-0.0000947416774579,0.000148414372234,-0.000589279807173,0.00202573323622,-0.0000792374703451,-0.000136614806252,0.000223844079301,0.000444809469627,-0.000454485067166,0.00142128218431,-0.000736884190701,0.00155593501404,-0.000309815135552],[0.000226081363508,-0.000355319585651,0.0000890551091288,-0.0000792374703451,0.00289071863517,-0.00130504264962,0.000448997539934,-0.0011587938061,-0.0000328059431922,-0.000453824759461,0.00112261157483,-0.0013244523434,0.000733432883862],[-0.000373630115064,0.000608099158853,-0.0000435136898886,-0.000136614806252,-0.00130504264962,0.00692422315478,-0.00388931762427,0.00202148919925,-0.000400845892727,0.000559194537345,-0.00194170686882,0.0000535377475899,-0.000962789694313],[0.000415135524236,-0.000786203658208,-0.000421548553277,0.000223844079301,0.000448997539934,-0.00388931762427,0.00953339599073,-0.00375112402253,0.00164582324214,-0.000391836540075,0.000754380133003,-0.000715846486855,0.000830853299703],[-0.000593495497014,0.000992857269011,-0.000754534848966,0.000444809469627,-0.0011587938061,0.00202148919925,-0.00375112402253,0.0138722285628,-0.00593248428777,0.000741313735489,-0.00145628186874,0.000742588366847,-0.000965341518167],[0.000485059368657,-0.0016218702076,0.000527938071173,-0.000454485067166,-0.0000328059431922,-0.000400845892727,0.00164582324214,-0.00593248428777,0.0122177274898,-0.00472148321569,0.00116397975944,0.000811384408735,-0.00156241306104],[-0.000540321168955,0.00176611810457,-0.00137638859451,0.00142128218431,-0.000453824759461,0.000559194537345,-0.000391836540075,0.000741313735489,-0.00472148321569,0.0151793211699,-0.00491251377389,0.000455862260424,-0.000448650302133],[0.000768768717535,-0.00219895527698,0.00181279715616,-0.000736884190701,0.00112261157483,-0.00194170686882,0.000754380133003,-0.00145628186874,0.00116397975944,-0.00491251377389,0.0173276625574,-0.00583975436166,0.00196242914535],[-0.000460486975498,0.00173493591137,-0.00173081411049,0.00155593501404,-0.0013244523434,0.0000535377475899,-0.000715846486855,0.000742588366847,0.000811384408735,0.000455862260424,-0.00583975436166,0.0180788189173,-0.00657093711197],[0.000483058072859,-0.00105156376958,0.00196100515313,-0.000309815135552,0.000733432883862,-0.000962789694313,0.000830853299703,-0.000965341518167,-0.00156241306104,-0.000448650302133,0.00196242914535,-0.00657093711197,0.0184056796134]],"mean":[-41.7821769714,47.8257102966,-118.925079346,33.425113678,-70.4107589722,19.7385864258,-34.7487792969,13.6235580444,-21.4018268585,9.58560752869,-19.517364502,1.55056548119,-12.2600002289]},"hfc":{"dmean":9.57918739319,"dmean2":12.360906601,"dvar":279.007659912,"dvar2":486.624603271,"max":622.258483887,"mean":27.250629425,"median":12.6139211655,"min":1.06806626101e-16,"var":2274.14990234},"melbands":{"dmean":[0.000618118792772,0.00101361959241,0.000529992801603,0.000153335073264,0.0000529851604369,0.0000598637598159,0.0000932876573643,0.0000697538853274,0.000101314813946,0.000108675907541,0.000114656439109,0.0000726028592908,0.0000355884767487,0.0000395205570385,0.0000803709481261,0.0000414822316088,0.0000385223866033,0.0000240404715441,0.000020937399313,0.0000143640427268,0.0000188102712855,0.0000155431334861,0.00000876535796124,0.0000068660310717,0.00000665202378514,0.00000590859872318,0.0000067237060648,0.00000638161054667,0.00000803692182672,0.00000902174178918,0.0000072032476055,0.00000581933636568,0.0000056641088122,0.00000428470093539,0.00000284830070996,0.00000225328017223,0.00000183641566309,0.00000188816397895,0.00000174898764271,0.0000011411387959],"dmean2":[0.00096673052758,0.00174866395537,0.000950389541686,0.000268076953944,0.0000872239033924,0.0000972966154222,0.000149527608301,0.000109198597784,0.000157846370712,0.000152391381562,0.000156466849148,0.0000932777111302,0.0000493882835144,0.0000593194527028,0.000123643563711,0.0000561454799026,0.0000553364297957,0.0000341692320944,0.000030900202546,0.0000213210187212,0.0000272019715339,0.0000236653922912,0.0000134303918458,0.0000110005494207,0.0000107325495264,0.00000905421438802,0.0000105403460111,0.00000986536997516,0.0000123764457385,0.0000133076182465,0.0000106665611384,0.00000859512147144,0.00000821705361886,0.00000604271963311,0.000004076157893,0.00000328091414303,0.00000271860903922,0.00000275487172985,0.00000258747922999,0.00000166165671089],"dvar":[0.00000272619149655,0.00000904706121219,0.00000200841668629,1.20987081687e-7,1.08802709065e-8,1.98104910254e-8,1.08091995799e-7,6.63563213266e-8,2.70001237368e-7,5.13928114287e-7,0.00000135968139148,2.39202279317e-7,3.13535828411e-8,5.75250886925e-8,5.55686654025e-7,5.53598091813e-8,4.762526018e-8,1.03732524792e-8,7.57667262263e-9,6.86068446498e-9,2.71860436385e-8,1.95035698702e-9,4.46912284957e-10,2.34141650512e-10,4.27222035526e-10,1.80458106791e-10,2.02599312327e-10,1.53073859144e-10,3.32658234292e-10,3.05593272909e-10,3.11463410618e-10,1.72181449654e-10,1.36328490163e-10,7.44918779438e-11,3.94861053576e-11,2.77661851844e-11,2.60235930027e-11,2.18061818602e-11,2.53709345199e-11,1.26261353803e-11],"dvar2":[0.00000648835248285,0.0000243349968514,0.00000555343558517,3.30886962274e-7,2.78582881208e-8,4.49407515646e-8,2.48276450066e-7,1.60261123483e-7,6.51527614082e-7,8.37420031985e-7,0.00000216961643673,3.09993623659e-7,4.48310792933e-8,1.22995700735e-7,0.00000155892530529,8.6390301135e-8,7.90580116927e-8,1.78449912625e-8,1.39127500631e-8,1.35762849851e-8,5.07138260275e-8,4.21409485085e-9,8.01852195753e-10,4.91171769923e-10,8.42908853826e-10,3.80965148317e-10,4.47099551826e-10,3.70730446342e-10,8.29382895695e-10,6.51771470128e-10,7.12870096287e-10,4.13672651689e-10,2.97407681815e-10,1.51111984037e-10,8.52799705853e-11,6.12069422923e-11,6.41692254888e-11,4.99799750198e-11,5.90888379892e-11,2.70423006904e-11],"max":[0.0220234952867,0.0239935107529,0.0196414068341,0.00535856885836,0.00202654930763,0.00479412032291,0.00993195641786,0.00830160453916,0.0226841326803,0.0483718700707,0.0810706913471,0.0344722084701,0.0072643077001,0.0128297628835,0.053387645632,0.0137764988467,0.0136064942926,0.0049374261871,0.00549901882187,0.00590520631522,0.0130320386961,0.00152390392032,0.00158181891311,0.0007979713846,0.00122178846505,0.000814559229184,0.000711140979547,0.000294850673527,0.000664306804538,0.000411936198361,0.000725267163943,0.000458962313132,0.000276127510006,0.000279834493995,0.000185497963685,0.000147876882693,0.000189542261069,0.000140436357469,0.00024873597431,0.000163855016581],"mean":[0.000573842378799,0.000772903731558,0.00039247085806,0.000163040356711,0.0000818239350338,0.000107630294224,0.000156028312631,0.000123848963995,0.000174579341547,0.000209539139178,0.000258074636804,0.000143179146107,0.0000700635064277,0.0000712260807632,0.000154074718012,0.0000709697196726,0.0000643031235086,0.0000402750156354,0.0000369892295566,0.000023333263016,0.000030489247365,0.0000275875372608,0.0000156726873684,0.0000104730088424,0.0000102406738733,0.0000104091750472,0.0000119620508485,0.0000105278440969,0.000012242210687,0.0000141983873618,0.0000118073576232,0.0000099100980151,0.00000941881353356,0.00000713792178431,0.00000477369894725,0.00000393132768295,0.00000328955525219,0.00000340535939358,0.00000311648250317,0.00000205753917726],"median":[0.0000698708900018,0.0000831664583529,0.0000594763405388,0.0000574562036491,0.0000367983629985,0.0000469580627396,0.0000531806217623,0.0000343102256011,0.0000494224550494,0.0000392613364966,0.000029558506867,0.0000164801404026,0.0000117432346087,0.00000999202438834,0.0000116135533972,0.00000898720463738,0.0000111056806418,0.00000809135235613,0.00000859653755469,0.00000468394682684,0.0000054865522543,0.00000801141140983,0.00000523225344295,0.00000410259599448,0.00000376681828129,0.00000432203160017,0.00000507194590682,0.00000429693500337,0.00000477644198327,0.00000460328647023,0.00000323942185787,0.00000249767913374,0.00000283179292637,0.00000236724326896,0.00000144270723013,0.00000114711383503,9.17581019166e-7,0.00000108322888082,9.39470908179e-7,6.02965940288e-7],"min":[3.96426689783e-25,1.41039257953e-24,1.24768489023e-24,8.23666779562e-25,2.4069282178e-24,1.9582797496e-24,1.41489490454e-24,1.69930282809e-24,8.66749086698e-25,1.18599892567e-24,2.621808998e-24,2.07142961911e-24,2.81978547508e-24,2.414158128e-24,3.15893354153e-24,2.73426900865e-24,3.9460672358e-24,5.01675540473e-24,3.65536923121e-24,3.61274549878e-24,2.63302758615e-24,3.2884260452e-24,4.61451562358e-24,3.60696709265e-24,4.32255899142e-24,4.76009635377e-24,5.51276629281e-24,3.62986338599e-24,4.29530463601e-24,5.21444118656e-24,5.63919308579e-24,5.76920919588e-24,5.19661253567e-24,6.04319242118e-24,6.21367551799e-24,4.90089264256e-24,5.79527158247e-24,7.06857157515e-24,6.71838990844e-24,6.21227213444e-24],"var":[0.00000259111357082,0.00000643367502562,0.00000130722332869,1.04670931478e-7,1.67020175468e-8,4.62072939911e-8,1.83046537927e-7,9.82414363193e-8,3.30666296122e-7,0.00000183755616945,0.00000699925294612,7.78133141921e-7,9.48612850493e-8,1.343112217e-7,0.0000014095401184,1.63234858519e-7,1.20233522694e-7,2.9937009316e-8,3.08134140425e-8,1.29653106029e-8,5.31249924052e-8,5.39316369341e-9,1.91344384781e-9,5.50574641434e-10,9.46569045368e-10,7.28732407751e-10,7.8091105804e-10,3.38701316993e-10,5.50074152894e-10,6.52217613251e-10,7.15232095772e-10,4.63378335702e-10,3.21879939369e-10,1.79602818728e-10,8.55246429232e-11,7.02614910697e-11,6.16649578622e-11,5.71705599528e-11,5.8817894999e-11,3.43267879399e-11]},"melbands_crest":{"dmean":3.55384874344,"dmean2":5.73925924301,"dvar":12.7506980896,"dvar2":30.1804046631,"max":33.7977638245,"mean":10.9685649872,"median":9.59391307831,"min":1.59938645363,"var":28.5047225952},"melbands_flatness_db":{"dmean":0.0289290901273,"dmean2":0.0420813113451,"dvar":0.00110063597094,"dvar2":0.00242162868381,"max":0.457240730524,"mean":0.123976431787,"median":0.109456881881,"min":0.00314080715179,"var":0.00457511143759},"melbands_kurtosis":{"dmean":8.38482284546,"dmean2":13.7105989456,"dvar":704.288330078,"dvar2":1824.64221191,"max":567.461547852,"mean":8.81075954437,"median":2.86765384674,"min":-1.91154551506,"var":678.833618164},"melbands_skewness":{"dmean":0.87347650528,"dmean2":1.3070744276,"dvar":1.70819926262,"dvar2":3.8680202961,"max":17.5429096222,"mean":1.93900775909,"median":1.54594874382,"min":-2.24154090881,"var":3.13858413696},"melbands_spread":{"dmean":14.9279584885,"dmean2":21.6672153473,"dvar":288.188140869,"dvar2":558.228027344,"max":231.122131348,"mean":48.994354248,"median":42.5979614258,"min":0.693635165691,"var":1133.94665527},"mfcc":{"cov":[[14565.5771484,-724.368896484,-259.319580078,-283.193634033,-297.540252686,65.2840423584,9.00187778473,-125.736198425,100.582649231,-37.5659561157,-78.4872436523,-74.8920593262,-163.090164185],[-724.368896484,1401.54089355,-100.600692749,-34.3479728699,62.1009292603,-48.0998039246,-14.5817832947,50.2264976501,35.7063064575,50.9596786499,58.7817459106,69.6444778442,36.087310791],[-259.319580078,-100.600692749,656.457641602,209.778289795,-60.0162086487,36.2534751892,0.149577602744,31.1572532654,-11.640329361,10.2267303467,33.6201324463,-10.1596717834,5.91083812714],[-283.193634033,-34.3479728699,209.778289795,452.269805908,102.179252625,24.2304019928,-14.3235149384,30.070066452,4.16754674911,20.9949150085,-0.227434322238,-0.945883333683,-12.3659763336],[-297.540252686,62.1009292603,-60.0162086487,102.179252625,277.017852783,57.3733558655,22.1713256836,32.2041969299,32.8698425293,15.7610025406,4.17915010452,21.7530975342,5.98918151855],[65.2840423584,-48.0998039246,36.2534751892,24.2304019928,57.3733558655,195.24432373,85.3385391235,40.6831588745,6.22170734406,-8.24275588989,8.14924240112,-2.60530281067,-4.29917430878],[9.00187778473,-14.5817832947,0.149577602744,-14.3235149384,22.1713256836,85.3385391235,168.461715698,54.7115211487,0.0272998344153,-12.4329080582,3.81457710266,4.24642419815,-1.19746446609],[-125.736198425,50.2264976501,31.1572532654,30.070066452,32.2041969299,40.6831588745,54.7115211487,122.28969574,30.436914444,-0.495911508799,17.7640113831,4.21001911163,3.58648824692],[100.582649231,35.7063064575,-11.640329361,4.16754674911,32.8698425293,6.22170734406,0.0272998344153,30.436914444,107.337783813,38.1008377075,5.93006563187,10.1559829712,3.26246118546],[-37.5659561157,50.9596786499,10.2267303467,20.9949150085,15.7610025406,-8.24275588989,-12.4329080582,-0.495911508799,38.1008377075,95.267036438,33.4959793091,7.10383605957,9.16742706299],[-78.4872436523,58.7817459106,33.6201324463,-0.227434322238,4.17915010452,8.14924240112,3.81457710266,17.7640113831,5.93006563187,33.4959793091,91.6550750732,26.5531711578,-1.52380669117],[-74.8920593262,69.6444778442,-10.1596717834,-0.945883333683,21.7530975342,-2.60530281067,4.24642419815,4.21001911163,10.1559829712,7.10383605957,26.5531711578,66.8607559204,19.9627170563],[-163.090164185,36.087310791,5.91083812714,-12.3659763336,5.98918151855,-4.29917430878,-1.19746446609,3.58648824692,3.26246118546,9.16742706299,-1.52380669117,19.9627170563,68.5941467285]],"icov":[[0.000076833559433,0.0000319451282849,0.0000315585602948,0.0000180374863703,0.0000925562417251,-0.0000603154367127,-0.00000416413968196,0.0000760604598327,-0.000135993876029,0.0000139746998684,0.000032952055335,-0.0000214540796151,0.000162071199156],[0.0000319451282849,0.00081806309754,0.000120527867693,0.0000738669696148,-0.0000878202481545,0.000206010285183,0.000109011336463,-0.000395611685235,0.00000797014490672,-0.000285569374682,-0.000207188160857,-0.000601056730375,-0.000100223711343],[0.0000315585602948,0.000120527867693,0.00211462494917,-0.00115404685494,0.000999274314381,-0.000482350820675,0.000131406675791,-0.0002807098208,-0.000022202706532,0.000168144208146,-0.000984353362583,0.000451908330433,-0.000653954979498],[0.0000180374863703,0.0000738669696148,-0.00115404685494,0.00322664808482,-0.00143330113497,0.0000482218274556,0.000614844553638,-0.000768999801949,0.000675128365401,-0.00102086958941,0.00106615026016,-0.000462860130938,0.0011269870447],[0.0000925562417251,-0.0000878202481545,0.000999274314381,-0.00143330113497,0.00505773443729,-0.00151649885811,0.0000939034944167,-0.000363195023965,-0.00106750952546,-0.000215582389501,0.000236077074078,-0.00122394924983,-0.000153230546857],[-0.0000603154367127,0.000206010285183,-0.000482350820675,0.0000482218274556,-0.00151649885811,0.0073437797837,-0.00330073852092,-0.000460696872324,-0.000176998524694,0.000670656154398,-0.000881065730937,0.000977197661996,-0.0000275547699857],[-0.00000416413968196,0.000109011336463,0.000131406675791,0.000614844553638,0.0000939034944167,-0.00330073852092,0.00879748072475,-0.00348214432597,0.00119603122585,-0.0000943416307564,0.000796253618319,-0.00121975550428,0.000481231923914],[0.0000760604598327,-0.000395611685235,-0.0002807098208,-0.000768999801949,-0.000363195023965,-0.000460696872324,-0.00348214432597,0.0119321588427,-0.00413957750425,0.00275253294967,-0.002998232143,0.00189834297635,-0.00119735929184],[-0.000135993876029,0.00000797014490672,-0.000022202706532,0.000675128365401,-0.00106750952546,-0.000176998524694,0.00119603122585,-0.00413957750425,0.0131134102121,-0.00605441164225,0.00278225424699,-0.00239975377917,0.0010611822363],[0.0000139746998684,-0.000285569374682,0.000168144208146,-0.00102086958941,-0.000215582389501,0.000670656154398,-0.0000943416307564,0.00275253294967,-0.00605441164225,0.0158186070621,-0.00677656102926,0.00307011301629,-0.00296995369717],[0.000032952055335,-0.000207188160857,-0.000984353362583,0.00106615026016,0.000236077074078,-0.000881065730937,0.000796253618319,-0.002998232143,0.00278225424699,-0.00677656102926,0.0165117513388,-0.00725235976279,0.00380998058245],[-0.0000214540796151,-0.000601056730375,0.000451908330433,-0.000462860130938,-0.00122394924983,0.000977197661996,-0.00121975550428,0.00189834297635,-0.00239975377917,0.00307011301629,-0.00725235976279,0.0208223778754,-0.00632676528767],[0.000162071199156,-0.000100223711343,-0.000653954979498,0.0011269870447,-0.000153230546857,-0.0000275547699857,0.000481231923914,-0.00119735929184,0.0010611822363,-0.00296995369717,0.00380998058245,-0.00632676528767,0.0176311023533]],"mean":[-670.199645996,77.046875,4.57390451431,14.0046644211,-7.62801837921,4.89336919785,-2.00781965256,1.73134493828,4.44145011902,3.4330201149,2.54856824875,2.58205461502,-1.1130964756]},"pitch_salience":{"dmean":0.0744353309274,"dmean2":0.119380258024,"dvar":0.00588686717674,"dvar2":0.0142910033464,"max":0.879315197468,"mean":0.613369524479,"median":0.633615851402,"min":0.111577741802,"var":0.013837155886},"silence_rate_20dB":{"dmean":0.000581902801059,"dmean2":0.00116397498641,"dvar":0.000581551517826,"dvar2":0.00116265425459,"max":1,"mean":0.997672736645,"median":1,"min":0,"var":0.00232199416496},"silence_rate_30dB":{"dmean":0.00552807701752,"dmean2":0.0110577624291,"dvar":0.00549748633057,"dvar2":0.0129723018035,"max":1,"mean":0.982400000095,"median":1,"min":0,"var":0.0172909554094},"silence_rate_60dB":{"dmean":0.0864125713706,"dmean2":0.172850281,"dvar":0.07894667238,"dvar2":0.164813309908,"max":1,"mean":0.251927286386,"median":0,"min":0,"var":0.188463643193},"spectral_centroid":{"dmean":375.859008789,"dmean2":548.546325684,"dvar":165649.984375,"dvar2":353718.78125,"max":11842.4511719,"mean":2281.25805664,"median":2184.85205078,"min":296.464782715,"var":1654635.375},"spectral_complexity":{"dmean":4.32673835754,"dmean2":6.28924798965,"dvar":26.9105072021,"dvar2":51.1400642395,"max":54,"mean":16.6833457947,"median":15,"min":0,"var":132.561737061},"spectral_contrast_coeffs":{"dmean":[0.0556776598096,0.0431380085647,0.0381614118814,0.0340075716376,0.0249950047582,0.0225438736379],"dmean2":[0.0892295613885,0.0701239034534,0.0595369189978,0.0519448518753,0.0386285968125,0.0351292453706],"dvar":[0.00234512845054,0.0013003826607,0.00105042790528,0.000846653827466,0.000457961374195,0.00041099221562],"dvar2":[0.00559679884464,0.00326824979857,0.00240042270161,0.00177783099934,0.00100740860216,0.00100405490957],"max":[-0.385804057121,-0.423412978649,-0.357603132725,-0.43393227458,-0.539828240871,-0.572290122509],"mean":[-0.698702335358,-0.762343883514,-0.765768766403,-0.768350303173,-0.789595365524,-0.75393807888],"median":[-0.703919053078,-0.769121408463,-0.772477626801,-0.775921702385,-0.792558014393,-0.75223839283],"min":[-0.978750407696,-0.976210236549,-0.972228288651,-0.969433963299,-0.965072929859,-0.965281426907],"var":[0.00714028952643,0.00567341037095,0.00611375551671,0.00560827925801,0.00289896735922,0.00217214808799]},"spectral_contrast_valleys":{"dmean":[0.509745538235,0.376463025808,0.370588392019,0.377002954483,0.392264962196,0.396018713713],"dmean2":[0.796029627323,0.600883543491,0.574177801609,0.547254562378,0.546075344086,0.485433876514],"dvar":[0.234507098794,0.134649321437,0.136460229754,0.157741859555,0.213881477714,0.19285389781],"dvar2":[0.486600339413,0.290836006403,0.295070469379,0.315438896418,0.432486265898,0.302383840084],"max":[-5.52636146545,-5.12353181839,-5.45225477219,-5.49203968048,-5.68654632568,-7.01722335815],"mean":[-8.33546543121,-7.44802904129,-8.09367370605,-8.4482049942,-8.00174427032,-10.0544395447],"median":[-8.02498912811,-7.00858020782,-7.66472578049,-7.99383211136,-7.52622890472,-9.51096153259],"min":[-28.27318573,-28.1045455933,-27.898891449,-27.771068573,-27.4448490143,-27.4129962921],"var":[6.09019088745,6.40404987335,6.15987157822,6.06153535843,6.36806201935,5.88722705841]},"spectral_decrease":{"dmean":1.97698390991e-9,"dmean2":2.9190598827e-9,"dvar":1.71359993011e-17,"dvar2":3.77283198522e-17,"max":2.47247251068e-28,"mean":-3.89743926021e-9,"median":-1.62268953829e-9,"min":-1.56082478497e-7,"var":6.32674650165e-17},"spectral_energy":{"dmean":0.00815199222416,"dmean2":0.0117588099092,"dvar":0.000268174888333,"dvar2":0.000579564017244,"max":0.644968867302,"mean":0.0171815417707,"median":0.00760465953499,"min":9.93706206247e-21,"var":0.00113456044346},"spectral_energyband_high":{"dmean":0.000996946240775,"dmean2":0.00134098553099,"dvar":0.0000030817766401,"dvar2":0.00000588056309425,"max":0.0427136160433,"mean":0.00214797747321,"median":0.000906780885998,"min":6.38449702666e-21,"var":0.0000112575226012},"spectral_energyband_low":{"dmean":0.00453952839598,"dmean2":0.00730779068545,"dvar":0.000142303251778,"dvar2":0.000355068361387,"max":0.105968572199,"mean":0.0040069501847,"median":0.000563245557714,"min":1.71405496089e-23,"var":0.000124222948216},"spectral_energyband_middle_high":{"dmean":0.00210441974923,"dmean2":0.0028260932304,"dvar":0.0000614473392488,"dvar2":0.000125046630274,"max":0.39953482151,"mean":0.0059871757403,"median":0.00184598797932,"min":1.19154074769e-21,"var":0.00033477312536},"spectral_energyband_middle_low":{"dmean":0.00303859170526,"dmean2":0.00479241320863,"dvar":0.000094538256235,"dvar2":0.000166365454788,"max":0.57789170742,"mean":0.00563657004386,"median":0.00242310250178,"min":1.25482425498e-22,"var":0.000356549804565},"spectral_entropy":{"dmean":0.149919077754,"dmean2":0.209677159786,"dvar":0.0260645207018,"dvar2":0.0466565862298,"max":9.82511043549,"mean":7.95632314682,"median":8.02531528473,"min":5.28723430634,"var":0.202040195465},"spectral_flux":{"dmean":0.0253419522196,"dmean2":0.0361483767629,"dvar":0.00136800936889,"dvar2":0.00273776520044,"max":0.579539477825,"mean":0.0703423470259,"median":0.0532965771854,"min":6.36076746829e-11,"var":0.0035465140827},"spectral_kurtosis":{"dmean":0.980041503906,"dmean2":1.57071423531,"dvar":2.93453717232,"dvar2":7.56897687912,"max":57.4701385498,"mean":2.56772732735,"median":2.02029371262,"min":-1.28381061554,"var":8.47384738922},"spectral_rms":{"dmean":0.000832762336358,"dmean2":0.00112058909144,"dvar":0.00000141846351198,"dvar2":0.00000292149024972,"max":0.0250846147537,"mean":0.00326384161599,"median":0.0027238172479,"min":3.11363044722e-12,"var":0.00000610985534877},"spectral_rolloff":{"dmean":1060.06750488,"dmean2":1639.06359863,"dvar":1765634.125,"dvar2":3579216.75,"max":19702.8808594,"mean":3603.77490234,"median":3036.18164062,"min":64.599609375,"var":8504697},"spectral_skewness":{"dmean":0.195735946298,"dmean2":0.292489945889,"dvar":0.050321791321,"dvar2":0.113761343062,"max":5.95755672455,"mean":1.16608119011,"median":1.15062153339,"min":-0.0804865732789,"var":0.23987492919},"spectral_spread":{"dmean":706635.3125,"dmean2":1021145.25,"dvar":844709625856,"dvar2":1805982760960,"max":42875392,"mean":6070579.5,"median":5578819.5,"min":950646.5,"var":17482630823900},"spectral_strongpeak":{"dmean":0.600035309792,"dmean2":0.982200801373,"dvar":1.41176879406,"dvar2":3.21810626984,"max":35.2619476318,"mean":1.078312397,"median":0.401147216558,"min":0,"var":4.37515974045},"zerocrossingrate":{"dmean":0.0196104515344,"dmean2":0.0210989639163,"dvar":0.000354984396836,"dvar2":0.000390865985537,"max":0.53759765625,"mean":0.116712428629,"median":0.1044921875,"min":0.005859375,"var":0.00486267358065}},"metadata":{"audio_properties":{"analysis_sample_rate":44100,"bit_rate":128021,"codec":"mp3","downmix":"mix","equal_loudness":0,"length":159.608169556,"lossless":false,"md5_encoded":"5dec2c8566eeda4b766e3f5e13de2c57","replay_gain":-9.4117641449,"sample_rate":44100},"tags":{"acoustid_id":["11b4cdae-f879-4ce6-b06e-2985de668441"],"album":["Back on the Right Track"],"albumartist":["Sly & The Family Stone"],"albumartistsort":["Sly & The Family Stone"],"artist":["Sly & The Family Stone"],"artistsort":["Sly & The Family Stone"],"barcode":["075992685825"],"bpm":["108"],"catalognumber":["7599-26858-2"],"contentgroup":["Funk"],"date":["1992"],"discnumber":["1/1"],"file_name":"Sly & The Family Stone - If It's Not Addin' Up.mp3","genre":["Soul; Psychedelic; Groove"],"label":["Warner Bros. Records"],"media":["CD"],"mood":["Funky"],"musicbrainz album release country":["DE"],"musicbrainz album status":["official"],"musicbrainz album type":["album"],"musicbrainz_albumartistid":["b7ec4c54-1f93-4bf2-957f-7b9921ab84ea"],"musicbrainz_albumid":["4f268c12-154a-41f1-af0d-618ccc8503ea"],"musicbrainz_artistid":["b7ec4c54-1f93-4bf2-957f-7b9921ab84ea"],"musicbrainz_recordingid":["424a5197-4b0e-4d6b-aa30-64674fa60bc4"],"musicbrainz_releasegroupid":["41b2e67f-afe0-3819-b592-cda19b258d3c"],"originaldate":["1979"],"originalyear":["1979"],"script":["Latn"],"title":["If It's Not Addin' Up"],"tracknumber":["3/8"]},"version":{"essentia":"2.1-beta2","essentia_build_sha":"70f2e5ece6736b2c40cc944ad0e695b16b925413","essentia_git_sha":"v2.1_beta2","extractor":"music 1.0"}},"rhythm":{"beats_count":279,"beats_loudness":{"dmean":0.0247081331909,"dmean2":0.0440889298916,"dvar":0.00123143137898,"dvar