{"lowlevel":{"average_loudness":0.945362925529,"barkbands":{"dmean":[0.0000591783973505,0.00318112107925,0.0018702566158,0.0015230277786,0.00209732935764,0.000824133458082,0.000869022274856,0.000590138370171,0.000329340866301,0.000521054142155,0.000290512718493,0.000250864104601,0.000211468577618,0.000266587478109,0.000227646232815,0.000121737532027,0.000152543347212,0.000216797416215,0.00023744662758,0.000151366315549,0.000157417307491,0.000168220693013,0.000144520963659,0.0000768539757701,0.0000908707370399,0.0000491279679409,0.0000152754055307],"dmean2":[0.0000873459503055,0.00556165119633,0.00334414467216,0.00260793440975,0.00335486279801,0.00132675317582,0.00127140595578,0.000865636044182,0.000466546043754,0.000740981951822,0.000427554885391,0.00036214699503,0.000326028472045,0.000397391268052,0.000349673704477,0.000194251813809,0.000247251620749,0.00034896901343,0.00037583874655,0.000236347143073,0.000226684482186,0.000232669830439,0.000215223248233,0.00011387118866,0.000132315428345,0.0000713256013114,0.0000226761567319],"dvar":[1.80857160359e-8,0.0000874835459399,0.0000326963199768,0.0000152439215526,0.0000113502683234,0.00000238729990087,0.00000307723530568,0.00000123398410778,5.38967356079e-7,0.00000152100324158,6.20872071977e-7,3.41623206168e-7,2.79066568964e-7,2.44932522264e-7,2.29669780083e-7,8.13814295952e-8,8.76534684835e-8,2.03203470051e-7,2.5028981554e-7,1.07465844223e-7,9.91756792246e-8,9.02854040419e-8,9.49860137212e-8,2.38213893056e-8,3.11207308812e-8,1.30219408589e-8,1.45897338655e-9],"dvar2":[3.94182038121e-8,0.000240857392782,0.0000950756148086,0.0000417201590608,0.0000284034977085,0.00000612719259152,0.00000581621225137,0.00000257985448116,0.0000010334694025,0.0000026682130283,0.00000133320918394,6.22975733222e-7,6.30467638985e-7,5.16073612289e-7,5.34529192464e-7,1.91815288986e-7,2.16897191763e-7,4.8654942475e-7,6.28993575447e-7,2.5321523367e-7,2.16403321929e-7,1.69924490478e-7,1.90423975255e-7,5.22651859569e-8,6.70174387096e-8,2.7406095171e-8,3.29755001083e-9],"max":[0.00135191553272,0.090648651123,0.0788567438722,0.0549722015858,0.0374570973217,0.0264920759946,0.0527545362711,0.0260217785835,0.0283143185079,0.0448217876256,0.0242520533502,0.0222259294242,0.0191417653114,0.0131273102015,0.0103947278112,0.0115704238415,0.00497381668538,0.00846369378269,0.0114832166582,0.00934261549264,0.00436932826415,0.00642451457679,0.00586356641725,0.00323178526014,0.0031102958601,0.00252127414569,0.000841805594973],"mean":[0.00009684793622,0.00461909780279,0.00238964357413,0.00183095352259,0.00412192801014,0.00189699523617,0.00204199738801,0.00140703748912,0.000721793679986,0.00109036441427,0.000542981084436,0.000517701555509,0.00037683537812,0.000547265750356,0.000399747019401,0.00021903666493,0.000245391478529,0.000394068862079,0.000460971030407,0.000270067772362,0.000279513915302,0.00037533469731,0.000363188155461,0.000163306380273,0.00017245010531,0.0000681977981003,0.0000186742036021],"median":[0.000035443190427,0.00339987315238,0.00117963377852,0.000836541526951,0.00251783244312,0.000960021687206,0.000837687053718,0.000560116255656,0.000228187942412,0.000362751801731,0.000155690184329,0.000202509705559,0.000160709503689,0.000266301416559,0.000152392371092,0.0000688685395289,0.00011513561185,0.000149204788613,0.000221275608055,0.000130715066916,0.000101999896287,0.000150859850692,0.000131445049192,0.0000872168820933,0.0000680220837239,0.0000195203228941,0.0000038032253542],"min":[2.39895934215e-24,6.88929741242e-24,2.39055955123e-24,3.20719526285e-24,1.58101861794e-23,1.15547115249e-23,1.11945854776e-23,1.32006011727e-23,2.00001735458e-23,7.8202739763e-24,2.03767678533e-23,2.10043414133e-23,2.48221662928e-23,6.01017725123e-23,7.06798292715e-23,5.48567815039e-23,9.53159742742e-23,1.21837610436e-22,1.07064871011e-22,1.87636132509e-22,2.81434900071e-22,3.2594753154e-22,3.81356641896e-22,5.81899195147e-22,1.02806211094e-21,1.32205645917e-21,2.05361804233e-21],"var":[2.53220484581e-8,0.0000608724621998,0.0000225790226978,0.0000122780684251,0.0000217506021727,0.00000721333844922,0.0000137411689138,0.00000640914140604,0.00000253379494097,0.00000601614055995,0.00000200979616238,0.00000127315729515,5.1985182381e-7,8.39470885694e-7,5.31655473424e-7,2.01420817803e-7,1.46680406488e-7,4.54861975641e-7,5.46637181742e-7,2.09820825603e-7,2.00104892656e-7,3.12500276323e-7,4.33539668165e-7,6.28318872486e-8,7.33806331255e-8,2.30806715962e-8,2.13060213916e-9]},"barkbands_crest":{"dmean":2.15411043167,"dmean2":3.47066545486,"dvar":5.21791934967,"dvar2":13.898229599,"max":23.691324234,"mean":8.89017486572,"median":8.11978244781,"min":2.57673120499,"var":12.0336761475},"barkbands_flatness_db":{"dmean":0.0181164517999,"dmean2":0.0273119546473,"dvar":0.000413192377891,"dvar2":0.000950373883825,"max":0.362596094608,"mean":0.107821039855,"median":0.0986261218786,"min":0.0212863683701,"var":0.00201747566462},"barkbands_kurtosis":{"dmean":2.46598601341,"dmean2":3.97157716751,"dvar":36.3790359497,"dvar2":100.704101562,"max":135.644851685,"mean":3.78023695946,"median":1.91705560684,"min":-1.92700445652,"var":46.5732192993},"barkbands_skewness":{"dmean":0.453769445419,"dmean2":0.701074838638,"dvar":0.380840927362,"dvar2":0.970249712467,"max":10.2606258392,"mean":1.59912824631,"median":1.48782849312,"min":-2.33209967613,"var":1.0715045929},"barkbands_spread":{"dmean":6.78573274612,"dmean2":9.77723121643,"dvar":76.2243881226,"dvar2":158.474700928,"max":120.652870178,"mean":28.0498657227,"median":24.6777324677,"min":1.42708098888,"var":294.534057617},"dissonance":{"dmean":0.0155608095229,"dmean2":0.0254344660789,"dvar":0.000214306099224,"dvar2":0.000563465117011,"max":0.500000059605,"mean":0.458451479673,"median":0.464458167553,"min":0.278763771057,"var":0.000892792828381},"dynamic_complexity":3.59594559669,"erbbands":{"dmean":[0.0731664597988,0.79167920351,2.08529758453,3.54842019081,6.6593914032,7.40974330902,6.17266511917,6.85221767426,10.7943372726,16.4785556793,10.6298847198,6.50095796585,17.7406864166,10.599313736,10.6620512009,11.3471364975,9.49600028992,14.1422557831,11.6377382278,9.54255199432,7.13701343536,7.74973201752,10.6724767685,11.5191926956,11.1957178116,7.11318588257,6.46860218048,5.99041748047,5.99452543259,5.77760028839,3.77306342125,2.20138573647,1.05422890186,0.988986968994,0.713197886944,0.251434952021,0.0851526856422,0.021774802357,0.00270243920386,0.000105939303467],"dmean2":[0.124462433159,1.40633559227,3.74374580383,6.16157722473,11.3237228394,11.7132902145,9.36149978638,11.1262645721,17.0525455475,23.5429592133,14.8112726212,9.07979106903,24.8165302277,15.4562759399,15.5123195648,16.5040378571,14.2905025482,21.1983795166,17.7748794556,14.879445076,11.311917305,12.3964996338,16.8820419312,17.9623775482,17.7441692352,11.1391267776,9.40898227692,8.57354927063,8.3533039093,8.12341022491,5.58031606674,3.26701951027,1.55507612228,1.44887006283,1.0655452013,0.365513294935,0.124722242355,0.0325009524822,0.00401263218373,0.00015528962831],"dvar":[0.0454798005521,5.5973405838,40.5737037659,84.7007141113,239.575256348,158.021789551,134.277618408,189.351013184,499.06072998,1509.0189209,488.802398682,184.512634277,1842.05761719,1129.5144043,817.387634277,702.997558594,504.555847168,756.122741699,621.396606445,513.291687012,293.842590332,242.365570068,490.31451416,655.233886719,515.858642578,241.847549438,189.247299194,143.671890259,115.451820374,138.328857422,74.3590316772,20.318189621,4.38965702057,3.47739243507,2.19656419754,0.319219261408,0.0412092655897,0.00271875597537,0.0000447089078079,6.94866528761e-8],"dvar2":[0.12015222013,15.7124090195,117.609779358,237.27545166,643.93548584,368.220184326,320.581085205,474.389862061,1145.68676758,2548.97265625,940.949157715,373.636962891,3335.14697266,1931.20629883,1764.37536621,1289.85974121,1023.46136475,1628.94824219,1412.21643066,1162.02368164,702.140808105,594.078063965,1166.89880371,1570.14172363,1333.82080078,574.186218262,424.293823242,310.319732666,214.632156372,272.063232422,156.232498169,43.8205795288,9.62755203247,7.39682912827,4.96566152573,0.657766103745,0.0881034210324,0.00626114429906,0.000100243269117,1.49071894384e-7],"max":[2.11395812035,21.7034416199,80.1022644043,112.770896912,196.072692871,216.660766602,219.208206177,287.643188477,555.685241699,1383.36877441,715.698608398,398.577697754,1627.8659668,1643.85314941,956.301269531,940.224975586,921.706970215,763.21105957,669.93170166,476.576416016,797.651794434,266.825134277,430.185241699,529.018859863,579.54699707,528.778442383,233.568115234,148.210876465,200.547088623,279.594451904,170.095809937,94.6492385864,44.3369636536,38.7078056335,28.2013530731,13.4405164719,4.70935487747,0.926788330078,0.145500063896,0.00771014671773],"mean":[0.103654146194,1.13213276863,2.85337662697,4.75070524216,9.28936958313,14.889749527,14.6821107864,15.0019397736,23.4013404846,38.9116439819,28.4610691071,16.058298111,39.9695014954,21.7388782501,21.97681427,24.1833610535,20.0262794495,30.0937137604,22.6864356995,15.8558425903,13.1945619583,13.5951881409,20.316192627,22.3161430359,21.8367977142,12.986615181,11.6297674179,10.6411180496,13.0573244095,13.4521589279,9.4497756958,4.78697919846,2.24245476723,1.9046857357,1.22483849525,0.373875468969,0.114983223379,0.0265901405364,0.00331562035717,0.000161925592693],"median":[0.0611127987504,0.843507111073,1.59882414341,2.61649131775,4.76698875427,6.54937648773,7.75659036636,7.08270454407,11.5906076431,12.7740783691,10.7638711929,6.66512775421,13.5501565933,7.92238473892,8.43571949005,10.120388031,9.24272918701,14.4622955322,10.8645896912,5.30713844299,5.32886552811,6.28800630569,8.06233787537,9.4549407959,11.4450263977,6.73998355865,4.59717607498,3.64122486115,5.02783870697,4.86989688873,3.45673513412,2.49660205841,1.1440461874,0.805409312248,0.430827766657,0.132754042745,0.0294619351625,0.00560367759317,0.000680368277244,0.0000686589628458],"min":[1.69098885735e-22,8.96418416712e-22,1.9561615855e-21,1.4424910281e-20,2.38158239207e-20,3.68584087694e-20,8.22399185495e-20,8.48868254238e-20,1.70956842241e-19,1.64448585181e-19,2.55054110846e-19,4.96709550129e-19,3.6902703645e-19,3.27834191577e-19,1.03338484854e-18,9.37977319701e-19,1.3773794868e-18,1.65541794834e-18,2.87105787939e-18,4.20381335028e-18,4.12860112591e-18,5.31309563894e-18,5.98284475577e-18,7.74741166748e-18,7.0398074571e-18,8.13595908071e-18,1.03560787576e-17,1.09505097709e-17,1.07578469985e-17,1.26495677004e-17,1.07974085657e-17,1.1374577974e-17,1.02997196337e-17,1.00858446417e-17,7.67437327375e-18,4.12988284227e-18,2.66250310629e-18,1.02540472698e-18,2.65825062246e-19,3.07035387772e-20],"var":[0.0356599390507,3.70338487625,27.5756969452,64.9550933838,213.19468689,431.16003418,454.218383789,545.242431641,1593.13366699,8012.13671875,3633.01074219,790.557678223,7403.17236328,4382.24755859,2489.33251953,2597.52099609,1243.45751953,2681.67163086,1654.31066895,993.878173828,607.222290039,452.644195557,1128.80651855,1509.80932617,1028.39477539,473.229125977,352.28302002,302.078460693,377.004852295,525.96295166,316.17199707,54.4007339478,11.8903198242,8.64425945282,4.25785255432,0.580941975117,0.0739227309823,0.0037554341834,0.0000673698159517,1.13495325138e-7]},"erbbands_crest":{"dmean":1.97395515442,"dmean2":3.03167080879,"dvar":3.77552390099,"dvar2":8.29424095154,"max":26.0679645538,"mean":8.12844657898,"median":7.07864665985,"min":2.31164813042,"var":15.5729970932},"erbbands_flatness_db":{"dmean":0.0150078684092,"dmean2":0.0208535958081,"dvar":0.000240902663791,"dvar2":0.000453227985417,"max":0.306693702936,"mean":0.126204237342,"median":0.122749365866,"min":0.0357603989542,"var":0.00138022459578},"erbbands_kurtosis":{"dmean":0.630681157112,"dmean2":0.952373981476,"dvar":0.811458706856,"dvar2":1.60372889042,"max":19.1340236664,"mean":0.15078856051,"median":-0.401298046112,"min":-1.80880236626,"var":3.6018204689},"erbbands_skewness":{"dmean":0.28841856122,"dmean2":0.419893264771,"dvar":0.0913901180029,"dvar2":0.189482927322,"max":3.69489240646,"mean":0.374397069216,"median":0.3704405725,"min":-3.33164691925,"var":0.553370118141},"erbbands_spread":{"dmean":8.52763462067,"dmean2":12.5977926254,"dvar":100.324737549,"dvar2":223.731445312,"max":144.211914062,"mean":48.0902099609,"median":46.3546867371,"min":4.06546354294,"var":363.577056885},"gfcc":{"cov":[[18019.5292969,-788.750305176,-1061.34069824,1101.13916016,-676.130737305,350.225402832,-388.370330811,178.873458862,-294.701324463,-37.9861106873,-278.419464111,-1.0727814436,-249.292388916],[-788.750305176,1232.74169922,-48.531829834,-7.75672531128,152.826400757,39.7148551941,147.654708862,23.8891677856,83.0846252441,-27.5317821503,58.07995224,-56.9358863831,27.9479942322],[-1061.34069824,-48.531829834,672.739501953,85.8282165527,218.257369995,86.2563247681,128.753173828,44.2637710571,51.5220870972,57.4790344238,11.5079669952,6.03153753281,1.31206166744],[1101.13916016,-7.75672531128,85.8282165527,625.275390625,91.3286895752,152.87449646,56.7879562378,1.0191848278,52.3229904175,-1.14444351196,-32.5935134888,-19.0269870758,13.2204494476],[-676.130737305,152.826400757,218.257369995,91.3286895752,307.200866699,66.6416625977,90.280708313,26.4071178436,36.0601158142,17.8456516266,-4.78330230713,-7.92872524261,23.8837833405],[350.225402832,39.7148551941,86.2563247681,152.87449646,66.6416625977,189.129684448,109.301582336,33.4123458862,29.3161716461,12.9689464569,-0.984181165695,-13.1408586502,9.99194431305],[-388.370330811,147.654708862,128.753173828,56.7879562378,90.280708313,109.301582336,226.903518677,51.920715332,36.4059791565,18.8433647156,19.7053127289,-15.7362318039,3.82827353477],[178.873458862,23.8891677856,44.2637710571,1.0191848278,26.4071178436,33.4123458862,51.920715332,103.52129364,33.3551559448,12.2571821213,7.43975162506,-6.90266036987,-13.2288484573],[-294.701324463,83.0846252441,51.5220870972,52.3229904175,36.0601158142,29.3161716461,36.4059791565,33.3551559448,106.05922699,29.5830249786,13.7960777283,-8.83157444,-1.16422092915],[-37.9861106873,-27.5317821503,57.4790344238,-1.14444351196,17.8456516266,12.9689464569,18.8433647156,12.2571821213,29.5830249786,85.2101745605,22.3574104309,4.76016378403,6.88273429871],[-278.419464111,58.07995224,11.5079669952,-32.5935134888,-4.78330230713,-0.984181165695,19.7053127289,7.43975162506,13.7960777283,22.3574104309,75.8062896729,14.915389061,-13.5795736313],[-1.0727814436,-56.9358863831,6.03153753281,-19.0269870758,-7.92872524261,-13.1408586502,-15.7362318039,-6.90266036987,-8.83157444,4.76016378403,14.915389061,63.389667511,15.02389431],[-249.292388916,27.9479942322,1.31206166744,13.2204494476,23.8837833405,9.99194431305,3.82827353477,-13.2288484573,-1.16422092915,6.88273429871,-13.5795736313,15.02389431,81.2789916992]],"icov":[[0.000129330030177,-0.0000512671904289,0.000171502353624,-0.000261694105575,0.000219491106691,-0.000356620526873,0.000288085866487,-0.000486871635076,0.000551005417947,-0.000421587814344,0.000538317312021,-0.000310943229124,0.000531635538209],[-0.0000512671904289,0.00120490312111,0.000284451671178,0.000223576935241,-0.000731047883164,0.000375717034331,-0.000758929061703,0.000421345874202,-0.00109025277197,0.00116019742563,-0.00151467358228,0.00130743277259,-0.000948151224293],[0.000171502353624,0.000284451671178,0.00247931643389,-0.000339866877766,-0.00119507918134,-0.000536537088919,-0.000409671629313,-0.000642394355964,0.000346963817719,-0.00133896444459,0.000671071000397,-0.000794071471319,0.00115259049926],[-0.000261694105575,0.000223576935241,-0.000339866877766,0.00273705110885,-0.000809318502434,-0.00112895318307,-0.000266880495474,0.00173536303919,-0.00220961635932,0.00127420388162,-0.000370135996491,0.000755609886255,-0.000988673768006],[0.000219491106691,-0.000731047883164,-0.00119507918134,-0.000809318502434,0.00545652024448,-0.000856397382449,-0.0000325758956023,-0.00115178257693,0.000880277017131,-0.000939601566643,0.00188238662668,-0.000640601909254,-0.000083450366219],[-0.000356620526873,0.000375717034331,-0.000536537088919,-0.00112895318307,-0.000856397382449,0.0102830212563,-0.00447109527886,0.000189243350178,-0.00148718804121,0.000912920746487,-0.00154294911772,0.00164996332023,-0.00246316636913],[0.000288085866487,-0.000758929061703,-0.000409671629313,-0.000266880495474,-0.0000325758956023,-0.00447109527886,0.00845444202423,-0.00311574409716,0.00141020701267,-0.00110494729597,-0.000179599781404,0.000221086869715,0.000891370291356],[-0.000486871635076,0.000421345874202,-0.000642394355964,0.00173536303919,-0.00115178257693,0.000189243350178,-0.00311574409716,0.0142380623147,-0.00540332961828,0.00143068353646,-0.00153642508667,0.0010745661566,0.000215365245822],[0.000551005417947,-0.00109025277197,0.000346963817719,-0.00220961635932,0.000880277017131,-0.00148718804121,0.00141020701267,-0.00540332961828,0.0154780829325,-0.00579477939755,0.0014701099135,-0.000434179004515,0.00243526836857],[-0.000421587814344,0.00116019742563,-0.00133896444459,0.00127420388162,-0.000939601566643,0.000912920746487,-0.00110494729597,0.00143068353646,-0.00579477939755,0.0169639550149,-0.00673826225102,0.00205806829035,-0.00445458991453],[0.000538317312021,-0.00151467358228,0.000671071000397,-0.000370135996491,0.00188238662668,-0.00154294911772,-0.000179599781404,-0.00153642508667,0.0014701099135,-0.00673826225102,0.0208771489561,-0.0077119441703,0.00712139438838],[-0.000310943229124,0.00130743277259,-0.000794071471319,0.000755609886255,-0.000640601909254,0.00164996332023,0.000221086869715,0.0010745661566,-0.000434179004515,0.00205806829035,-0.0077119441703,0.0208656527102,-0.00668930402026],[0.000531635538209,-0.000948151224293,0.00115259049926,-0.000988673768006,-0.000083450366219,-0.00246316636913,0.000891370291356,0.000215365245822,0.00243526836857,-0.00445458991453,0.00712139438838,-0.00668930402026,0.0175608899444]],"mean":[7.93021440506,71.6859741211,-99.050743103,28.95586586,-61.896446228,12.3932619095,-36.3170318604,4.42856550217,-24.6726894379,3.6636557579,-12.3163986206,0.0794738605618,-16.1709651947]},"hfc":{"dmean":6.89848041534,"dmean2":9.46419620514,"dvar":107.510192871,"dvar2":225.965606689,"max":129.817901611,"mean":24.2904644012,"median":18.6930732727,"min":1.08655639468e-16,"var":426.265441895},"melbands":{"dmean":[0.000775083899498,0.00106577866245,0.000710360240191,0.000487580924528,0.000246583658736,0.000161657808349,0.00016417966981,0.000166015772265,0.0000804882947705,0.0000433377281297,0.0000889089496923,0.000042677125748,0.0000418631934735,0.0000267753493972,0.0000270480759355,0.0000212871946133,0.0000278177158179,0.0000193264222617,0.0000130049802465,0.0000104718046714,0.0000089774339358,0.00000878310856933,0.00000901418297872,0.0000119953992908,0.00000973060286924,0.00000971625013335,0.00000633624904367,0.00000467905647383,0.00000453613301943,0.00000407997504226,0.00000346115075445,0.00000355802126251,0.00000383427277484,0.00000333268440045,0.00000243407498601,0.00000193727237274,0.00000127329349198,7.77473530889e-7,7.22844845313e-7,9.68698486759e-7],"dmean2":[0.00134172546677,0.00190196291078,0.00122141675092,0.000801378453616,0.000374159426428,0.000262301153271,0.000254904298345,0.000239808228798,0.000111235778604,0.0000606019530096,0.000124575235532,0.0000625995162409,0.0000610509378021,0.0000388755724998,0.0000399012933485,0.0000323921340168,0.0000415503673139,0.0000297224632959,0.0000199358582904,0.000016568648789,0.0000144687073771,0.0000143268707689,0.0000143846691572,0.0000194111744349,0.0000152519723997,0.0000155752659339,0.0000101862442534,0.00000739950428397,0.00000678635842633,0.00000611042605669,0.00000513154418513,0.0000051379870456,0.00000540830114915,0.00000488098839924,0.00000369476038031,0.0000029140735478,0.00000194373615159,0.00000117939839583,0.00000107204766664,0.00000146202864926],"dvar":[0.00000516833461006,0.0000103695056168,0.00000317763806379,7.17707507647e-7,1.85610076642e-7,9.8884591182e-8,1.03895260395e-7,1.41584365565e-7,3.04929486106e-8,8.44473824202e-9,4.62641871479e-8,1.93328961728e-8,1.1944695899e-8,3.82226872375e-9,4.90657559027e-9,2.13075357358e-9,2.90793167323e-9,1.89510029891e-9,8.37467428738e-10,5.25425647435e-10,4.73534933487e-10,3.23426230242e-10,3.45794171075e-10,6.59872045894e-10,4.89580154195e-10,4.36288893901e-10,1.85502710415e-10,1.12663309237e-10,9.94393734022e-11,6.74524464062e-11,4.78052250563e-11,4.39868662327e-11,5.02428827709e-11,5.11104526757e-11,3.12805302494e-11,1.7768668481e-11,7.18028414504e-12,2.83711010414e-12,1.74697203318e-12,3.88026329817e-12],"dvar2":[0.0000139555686474,0.0000295856898447,0.00000870292660693,0.00000185620490356,4.25544982363e-7,2.48731396368e-7,2.32655267496e-7,2.50647474331e-7,5.81624277629e-8,1.64961839744e-8,8.39268707864e-8,3.25208233676e-8,2.4871063431e-8,7.25085236297e-9,1.00539399028e-8,4.59485649529e-9,6.24221163648e-9,4.28817292786e-9,1.8798973489e-9,1.18770082658e-9,1.1398531008e-9,8.14674827598e-10,8.46402448129e-10,1.57883495167e-9,1.17484311168e-9,1.14627052294e-9,4.67319571928e-10,2.64630262148e-10,2.2510576736e-10,1.58859175814e-10,1.08285401479e-10,9.19665593679e-11,1.00240267475e-10,1.05601576095e-10,6.97781693537e-11,3.85912760081e-11,1.61768255041e-11,6.58573239345e-12,3.65154130891e-12,8.84640451171e-12],"max":[0.0224605463445,0.0381095558405,0.0229412112385,0.0105746174231,0.00672135455534,0.00672098342329,0.00725331390277,0.0125935887918,0.00570039451122,0.00282267248258,0.00831256434321,0.00688778422773,0.0029446426779,0.00168734579347,0.00249184831046,0.00158223917242,0.00142252235673,0.00117570732255,0.000613439886365,0.000469952792628,0.00102042814251,0.000301003601635,0.000368214736227,0.000466675381176,0.000489755708259,0.000547872448806,0.000213104634895,0.000438864517491,0.000186751742149,0.00013843268971,0.0000792342107161,0.0000975598595687,0.000168631711858,0.000192799881916,0.000108809399535,0.0000875374607858,0.0000590476411162,0.0000354131225322,0.0000282144701487,0.0000360417070624],"mean":[0.00112530775368,0.00154782331083,0.000957046344411,0.000863018853124,0.000575342855882,0.0003589875123,0.00036909696064,0.000386213534512,0.000208968529478,0.000100727615063,0.000197610614123,0.0000825565584819,0.0000809856428532,0.0000546002083865,0.0000565918344364,0.0000405203500122,0.0000565877453482,0.000036495988752,0.00002207927173,0.0000181316681847,0.0000150285277414,0.0000136003964144,0.0000157741160365,0.0000208293313335,0.0000174472243089,0.0000178352274816,0.0000116039154818,0.00000771972463554,0.00000751479819883,0.00000645326235826,0.00000594949187871,0.00000705340107743,0.00000796187305241,0.00000737963409847,0.00000571764076085,0.00000414396936321,0.00000243405929723,0.00000154018925969,0.00000136753294555,0.00000173337423348],"median":[0.00076822808478,0.00113164063077,0.000546540773939,0.000507025106344,0.000289766583592,0.000172369749635,0.000183811032912,0.000133484107209,0.000070407113526,0.0000369071967725,0.0000645482869004,0.0000261575460172,0.0000257387418969,0.0000241621928581,0.000024171649784,0.0000186576089618,0.0000258147847489,0.0000164795255841,0.0000087483876996,0.00000545211196368,0.00000598142105446,0.00000578571143706,0.0000061636474129,0.00000780836944614,0.0000067645960371,0.00000851063305163,0.00000614861210124,0.00000345510875377,0.00000283615486296,0.00000222602602662,0.00000189303193565,0.00000265711992142,0.00000289041190626,0.00000243944259637,0.00000177227502718,0.00000179446851689,0.00000120501420042,7.18049989246e-7,6.15618660049e-7,6.35899198187e-7],"min":[1.81178867393e-24,1.04755344238e-24,2.65130509889e-24,2.82580606151e-24,2.49296651572e-24,2.01285078044e-24,2.26754793433e-24,1.73238094914e-24,1.8707262471e-24,3.39226873653e-24,1.69933300202e-24,1.0080972823e-24,2.96361670899e-24,2.4116882045e-24,3.48471652931e-24,2.57024885202e-24,3.14393887344e-24,4.19949905679e-24,5.99658178573e-24,4.19128149274e-24,4.7393848107e-24,4.73279663885e-24,4.40349178156e-24,5.30462021537e-24,5.66086940574e-24,4.48185840718e-24,6.04205133388e-24,4.86573192873e-24,5.83383110351e-24,6.18134326493e-24,5.53043401607e-24,5.08057070208e-24,6.46480268185e-24,6.39188550736e-24,5.28986259999e-24,6.24760403109e-24,6.41777118911e-24,7.24355591229e-24,6.51092146252e-24,8.23864951282e-24],"var":[0.00000377918490813,0.00000693299125487,0.00000251016331276,0.00000108477149752,6.10735185091e-7,3.03868574747e-7,3.45046487382e-7,7.12730638952e-7,2.23711609237e-7,3.83611613586e-8,1.84325884334e-7,7.61790630577e-8,4.14636787127e-8,1.20370655665e-8,1.49401593319e-8,5.0429314058e-9,9.75133751524e-9,5.04055508443e-9,1.62354685251e-9,1.33667166224e-9,8.46627379314e-10,5.37814737189e-10,7.49980910708e-10,1.4370006296e-9,1.07400444094e-9,8.68110805463e-10,3.32918831392e-10,2.1920620874e-10,1.6395150515e-10,1.17597306892e-10,9.70091021402e-11,1.14774988125e-10,1.63393173991e-10,1.90614815598e-10,1.3049783476e-10,5.29679251848e-11,1.60176264613e-11,6.67190348108e-12,4.5558942903e-12,8.28185263424e-12]},"melbands_crest":{"dmean":2.60447573662,"dmean2":4.19421577454,"dvar":6.83407449722,"dvar2":17.9464740753,"max":29.2573680878,"mean":12.6142635345,"median":11.9745445251,"min":1.61938405037,"var":19.6235198975},"melbands_flatness_db":{"dmean":0.0231785997748,"dmean2":0.0344845056534,"dvar":0.000714416673873,"dvar2":0.00166417181026,"max":0.518266499043,"mean":0.179491385818,"median":0.167741477489,"min":0.00341276079416,"var":0.00407920684665},"melbands_kurtosis":{"dmean":6.80619478226,"dmean2":11.0445642471,"dvar":237.804275513,"dvar2":650.602478027,"max":288.343780518,"mean":14.446688652,"median":9.73943805695,"min":-1.82441043854,"var":319.586975098},"melbands_skewness":{"dmean":0.641817808151,"dmean2":0.996045947075,"dvar":0.748551547527,"dvar2":1.91765260696,"max":12.8233861923,"mean":2.86798810959,"median":2.66694045067,"min":-0.322915941477,"var":2.1256878376},"melbands_spread":{"dmean":7.0023727417,"dmean2":10.5922746658,"dvar":114.236968994,"dvar2":249.868713379,"max":205.836486816,"mean":24.9034023285,"median":20.915102005,"min":0.924572408199,"var":363.38885498},"mfcc":{"cov":[[10520.9863281,-438.778533936,-184.339645386,393.447784424,-35.1096839905,98.2315979004,-136.21673584,178.204483032,-91.0251083374,-64.5220794678,83.3197784424,-242.826980591,-108.745071411],[-438.778533936,1204.24267578,-46.7571182251,-22.8945789337,43.7418632507,-2.48444247246,104.094024658,51.2863235474,35.2487831116,46.6635971069,-0.243135288358,44.7279701233,2.56239247322],[-184.339645386,-46.7571182251,397.944366455,108.901603699,61.4179992676,103.95186615,69.5966186523,41.8826408386,53.8279075623,62.9839019775,26.0588378906,54.4266586304,20.0241012573],[393.447784424,-22.8945789337,108.901603699,333.178771973,127.730056763,134.445144653,35.2344589233,45.7977180481,60.6133804321,24.2727870941,10.4722070694,7.00592422485,6.92198133469],[-35.1096839905,43.7418632507,61.4179992676,127.730056763,221.64390564,77.3167648315,23.907831192,19.7440071106,51.3351974487,18.4727191925,-4.69756555557,8.27015304565,10.1257801056],[98.2315979004,-2.48444247246,103.95186615,134.445144653,77.3167648315,208.852035522,82.7222442627,41.1873168945,77.1873321533,21.7629451752,6.83969831467,30.553604126,5.60259056091],[-136.21673584,104.094024658,69.5966186523,35.2344589233,23.907831192,82.7222442627,177.449890137,55.0820426941,57.6024856567,35.1455535889,17.9810352325,28.8082771301,4.73131370544],[178.204483032,51.2863235474,41.8826408386,45.7977180481,19.7440071106,41.1873168945,55.0820426941,128.22303772,23.7825717926,40.1101722717,23.3908061981,9.43401432037,-9.11025714874],[-91.0251083374,35.2487831116,53.8279075623,60.6133804321,51.3351974487,77.1873321533,57.6024856567,23.7825717926,159.358261108,23.772485733,0.817313671112,25.9460391998,12.6421222687],[-64.5220794678,46.6635971069,62.9839019775,24.2727870941,18.4727191925,21.7629451752,35.1455535889,40.1101722717,23.772485733,124.413230896,31.0107078552,28.0395355225,-12.0129899979],[83.3197784424,-0.243135288358,26.0588378906,10.4722070694,-4.69756555557,6.83969831467,17.9810352325,23.3908061981,0.817313671112,31.0107078552,93.9874420166,14.9163856506,-0.984399855137],[-242.826980591,44.7279701233,54.4266586304,7.00592422485,8.27015304565,30.553604126,28.8082771301,9.43401432037,25.9460391998,28.0395355225,14.9163856506,99.3153381348,20.0247440338],[-108.745071411,2.56239247322,20.0241012573,6.92198133469,10.1257801056,5.60259056091,4.73131370544,-9.11025714874,12.6421222687,-12.0129899979,-0.984399855137,20.0247440338,77.8218002319]],"icov":[[0.000116611205158,0.0000247877505899,0.0000664131948724,-0.00016168365255,0.0000909633236006,-0.0000783099822002,0.000111204019049,-0.000188331512618,0.0000468047546747,0.0000547873969481,-0.000121961595141,0.000228648990742,0.0000648945642752],[0.0000247877505899,0.000944415456615,0.000277459592326,0.000048768997658,-0.000261839712039,0.000284876849037,-0.000581703032367,-0.000253968959441,-0.0000250388620771,-0.000211546372157,0.000165112636751,-0.000354068179149,0.0000116137980513],[0.0000664131948724,0.000277459592326,0.00342231453396,-0.000605669803917,-0.000158034978085,-0.000796973763499,-0.000484271236928,-0.00020961590053,0.0000605048298894,-0.00112168956548,-0.00023586563475,-0.000917294528335,-0.000610132527072],[-0.00016168365255,0.000048768997658,-0.000605669803917,0.0051553552039,-0.0019894130528,-0.00227625062689,0.000648928806186,-0.000605530862231,-0.000295002973871,-0.000130645872559,-0.000206625816645,0.000495750107802,-0.000320279999869],[0.0000909633236006,-0.000261839712039,-0.000158034978085,-0.0019894130528,0.00628426950425,-0.000945972569752,0.000502791546751,-0.0000254488404607,-0.000811027712189,-0.000438367656898,0.000536828534678,0.000547344621737,-0.000499744084664],[-0.0000783099822002,0.000284876849037,-0.000796973763499,-0.00227625062689,-0.000945972569752,0.00902112293988,-0.0028073838912,-0.000296802405501,-0.00191316334531,0.000819291337393,0.00044763146434,-0.00152295781299,0.000733095977921],[0.000111204019049,-0.000581703032367,-0.000484271236928,0.000648928806186,0.000502791546751,-0.0028073838912,0.00874525308609,-0.00241387635469,-0.00138931849506,-0.000445722485892,-0.000711565255187,-0.0000826400646474,-0.000266989285592],[-0.000188331512618,-0.000253968959441,-0.00020961590053,-0.000605530862231,-0.0000254488404607,-0.000296802405501,-0.00241387635469,0.0105117922649,-0.0000824152375571,-0.00208424800076,-0.00117893330753,0.000217028340558,0.000875890196767],[0.0000468047546747,-0.0000250388620771,0.0000605048298894,-0.000295002973871,-0.000811027712189,-0.00191316334531,-0.00138931849506,-0.0000824152375571,0.00839843042195,-0.000754187989514,0.000639752543066,-0.000716842128895,-0.000893218151759],[0.0000547873969481,-0.000211546372157,-0.00112168956548,-0.000130645872559,-0.000438367656898,0.000819291337393,-0.000445722485892,-0.00208424800076,-0.000754187989514,0.0109119331464,-0.00244377437048,-0.00204948266037,0.00246831541881],[-0.000121961595141,0.000165112636751,-0.00023586563475,-0.000206625816645,0.000536828534678,0.00044763146434,-0.000711565255187,-0.00117893330753,0.000639752543066,-0.00244377437048,0.0122740780935,-0.00135899917223,-0.000269829964964],[0.000228648990742,-0.000354068179149,-0.000917294528335,0.000495750107802,0.000547344621737,-0.00152295781299,-0.0000826400646474,0.000217028340558,-0.000716842128895,-0.00204948266037,-0.00135899917223,0.0132640739903,-0.00303820963018],[0.0000648945642752,0.0000116137980513,-0.000610132527072,-0.000320279999869,-0.000499744084664,0.000733095977921,-0.000266989285592,0.000875890196767,-0.000893218151759,0.00246831541881,-0.000269829964964,-0.00303820963018,0.014561153017]],"mean":[-635.913696289,105.204627991,14.6473340988,20.5765724182,-0.460202544928,6.44701957703,-0.801380991936,1.63744044304,-9.25309371948,2.36695957184,3.60424351692,-3.60872125626,-1.17248642445]},"pitch_salience":{"dmean":0.0591111183167,"dmean2":0.0954919308424,"dvar":0.0036361918319,"dvar2":0.0100614549592,"max":0.851487100124,"mean":0.562799215317,"median":0.56552541256,"min":0.182218387723,"var":0.00855233240873},"silence_rate_20dB":{"dmean":0,"dmean2":0,"dvar":0,"dvar2":0,"max":1,"mean":1,"median":1,"min":1,"var":0},"silence_rate_30dB":{"dmean":0.00113421550486,"dmean2":0.00226885988377,"dvar":0.00113294192124,"dvar2":0.00339819211513,"max":1,"mean":0.999432981014,"median":1,"min":0,"var":0.000566665490624},"silence_rate_60dB":{"dmean":0.00869565177709,"dmean2":0.0173945929855,"dvar":0.00862065516412,"dvar2":0.0197411924601,"max":1,"mean":0.0512190498412,"median":0,"min":0,"var":0.0485967248678},"spectral_centroid":{"dmean":263.762084961,"dmean2":392.261474609,"dvar":128526.375,"dvar2":264550.96875,"max":11643.1054688,"mean":1442.96679688,"median":1327.21008301,"min":188.790756226,"var":797624.6875},"spectral_complexity":{"dmean":3.60113430023,"dmean2":5.3548874855,"dvar":22.3143310547,"dvar2":47.3948478699,"max":59,"mean":18.9693813324,"median":18,"min":0,"var":91.2770004272},"spectral_contrast_coeffs":{"dmean":[0.0455948263407,0.0381898544729,0.0354515351355,0.03069915995,0.0236766468734,0.0199468508363],"dmean2":[0.0732509642839,0.0610117129982,0.0544996224344,0.0473549440503,0.0370316244662,0.0305898152292],"dvar":[0.00156268116552,0.00105032883584,0.000956706586294,0.000692344794516,0.000466222991236,0.000386959902244],"dvar2":[0.00378576619551,0.00263318954967,0.00215881387703,0.00156975456048,0.00106392940506,0.000875027442817],"max":[-0.30274900794,-0.375067174435,-0.425697773695,-0.503807663918,-0.559280872345,-0.599255383015],"mean":[-0.631338536739,-0.702345430851,-0.724366545677,-0.740766584873,-0.766777813435,-0.758163809776],"median":[-0.639311134815,-0.703029811382,-0.724848747253,-0.743101000786,-0.767497420311,-0.753833174706],"min":[-0.971891820431,-0.978403806686,-0.983757138252,-0.98343116045,-0.981293320656,-0.980680346489],"var":[0.00865470059216,0.00592545047402,0.0055541577749,0.00391320930794,0.00274507678114,0.00241295876913]},"spectral_contrast_valleys":{"dmean":[0.399626880884,0.298343420029,0.322289288044,0.32518902421,0.301452755928,0.323595255613],"dmean2":[0.627983748913,0.476723462343,0.499548226595,0.48293569684,0.433073192835,0.421222120523],"dvar":[0.210679218173,0.107820391655,0.12646497786,0.151384368539,0.182286515832,0.177894666791],"dvar2":[0.382959872484,0.214547201991,0.258015841246,0.302643865347,0.348360836506,0.295025795698],"max":[-5.08611488342,-5.23558187485,-5.7248506546,-6.02532434464,-5.37312078476,-7.66909408569],"mean":[-7.37675046921,-6.96113300323,-7.84433317184,-8.26588439941,-7.86126279831,-9.97247982025],"median":[-6.89586400986,-6.69839954376,-7.61066007614,-8.08483695984,-7.6253194809,-9.68902111053],"min":[-27.6396598816,-27.9082374573,-27.7996997833,-27.5347080231,-27.4439659119,-27.3062572479],"var":[3.25368881226,2.70628833771,2.6970076561,2.84151721001,3.0849776268,2.81503200531]},"spectral_decrease":{"dmean":2.18108131556e-9,"dmean2":3.5033007606e-9,"dvar":1.99718738803e-17,"dvar2":5.16530716665e-17,"max":2.59071184998e-28,"mean":-6.20739637469e-9,"median":-5.22281062842e-9,"min":-4.69766732181e-8,"var":2.38826084542e-17},"spectral_energy":{"dmean":0.00862246286124,"dmean2":0.0137428864837,"dvar":0.000301873806166,"dvar2":0.000774691696279,"max":0.183986246586,"mean":0.0256313737482,"median":0.0217108149081,"min":1.00391122394e-20,"var":0.000385432096664},"spectral_energyband_high":{"dmean":0.000612007919699,"dmean2":0.000809152261354,"dvar":9.97360416477e-7,"dvar2":0.00000187795239981,"max":0.0137226674706,"mean":0.00156056461856,"median":0.000800506968517,"min":7.04876385211e-21,"var":0.00000381662130167},"spectral_energyband_low":{"dmean":0.00501540163532,"dmean2":0.00862300023437,"dvar":0.00019946708926,"dvar2":0.000540780194569,"max":0.14884275198,"mean":0.00802793819457,"median":0.00627453718334,"min":2.29547495144e-23,"var":0.000149699364556},"spectral_energyband_middle_high":{"dmean":0.00147842557635,"dmean2":0.00210046046413,"dvar":0.00000613875226918,"dvar2":0.0000125843998831,"max":0.0526484549046,"mean":0.00462617073208,"median":0.00303174857982,"min":1.07598476722e-21,"var":0.000026398076443},"spectral_energyband_middle_low":{"dmean":0.00435221428052,"dmean2":0.00690060434863,"dvar":0.000049456510169,"dvar2":0.000127184102894,"max":0.100066959858,"mean":0.0126973856241,"median":0.010232347995,"min":1.77520171536e-22,"var":0.00010996824858},"spectral_entropy":{"dmean":0.15844258666,"dmean2":0.219101920724,"dvar":0.0340821668506,"dvar2":0.0647260844707,"max":9.81441688538,"mean":7.64463853836,"median":7.66163921356,"min":5.40324926376,"var":0.216955348849},"spectral_flux":{"dmean":0.0235765762627,"dmean2":0.0350815802813,"dvar":0.00133996771183,"dvar2":0.00247593247332,"max":0.390365183353,"mean":0.0711574032903,"median":0.0600105039775,"min":6.3498643843e-11,"var":0.00273146247491},"spectral_kurtosis":{"dmean":0.959752261639,"dmean2":1.47998225689,"dvar":1.88857388496,"dvar2":3.88984394073,"max":54.987651825,"mean":3.60041069984,"median":2.87347078323,"min":-1.25745308399,"var":15.0946626663},"spectral_rms":{"dmean":0.000719590578228,"dmean2":0.00110221421346,"dvar":0.00000139257269893,"dvar2":0.00000331295336764,"max":0.0133977150545,"mean":0.00464815413579,"median":0.00460231257603,"min":3.1295775433e-12,"var":0.00000340081055583},"spectral_rolloff":{"dmean":685.87677002,"dmean2":1110.51904297,"dvar":1508667.625,"dvar2":3265105.25,"max":19358.3496094,"mean":1808.39599609,"median":1184.32617188,"min":86.1328125,"var":4287749.5},"spectral_skewness":{"dmean":0.172360926867,"dmean2":0.249852538109,"dvar":0.039696380496,"dvar2":0.0758246332407,"max":5.95775747299,"mean":1.45257949829,"median":1.41387748718,"min":-0.0621733292937,"var":0.352856189013},"spectral_spread":{"dmean":675907.5625,"dmean2":971948.5,"dvar":1068369444860,"dvar2":2137302630400,"max":42532208,"mean":5776657.5,"median":5452873.5,"min":1352573.875,"var":7352809422850},"spectral_strongpeak":{"dmean":0.383428603411,"dmean2":0.642636477947,"dvar":0.442598193884,"dvar2":1.10224914551,"max":12.023062706,"mean":0.833269417286,"median":0.432509034872,"min":0,"var":0.977396309376},"zerocrossingrate":{"dmean":0.013773499988,"dmean2":0.0154299279675,"dvar":0.00028505580849,"dvar2":0.000377721415134,"max":0.52978515625,"mean":0.0765857771039,"median":0.068359375,"min":0.00390625,"var":0.00244881375693}},"metadata":{"audio_properties":{"analysis_sample_rate":44100,"bit_rate":0,"codec":"flac","downmix":"mix","equal_loudness":0,"length":122.826667786,"lossless":true,"md5_encoded":"b65acae7e395764868a95f4ed4544383","replay_gain":-6.72078704834,"sample_rate":44100},"tags":{"album":["Strangeways, Here We Come"],"albumartist":["The Smiths"],"albumartistsort":["Smiths, The"],"artist":["The Smiths"],"artistsort":["Smiths, The"],"asin":["B000GW88UG"],"barcode":["4943674066230"],"catalognumber":["WPCR 12444"],"composer":["Johnny Marr"],"date":["2006-09-13"],"discnumber":["1"],"disctotal":["1"],"file_name":"01-04 Girlfriend in a Coma.flac","genre":["Alternative Rock"],"isrc":["GBAHT0105660"],"label":["Warner Music Japan"],"lyricist":["Morrissey"],"media":["CD"],"musicbrainz_albumartistid":["40f5d9e4-2de7-4f2d-ad41-e31a9a9fea27"],"musicbrainz_albumid":["611e7b6f-fb9c-3780-ab89-db4ba377c146"],"musicbrainz_artistid":["40f5d9e4-2de7-4f2d-ad41-e31a9a9fea27"],"musicbrainz_recordingid":["42608546-7fc9-49d9-84fa-cac346c2415c"],"musicbrainz_releasegroupid":["53bcf9cf-db1e-3887-80f5-9f23c87a0f64"],"originaldate":["1987-09-22"],"performer":["Andy Rourke (bass guitar)","Mike Joyce (drums)","Johnny Marr (guitar)","Morrissey (vocal)"],"producer":["Morrissey","Stephen Street","Johnny Marr"],"releasecountry":["JP"],"releasestatus":["official"],"releasetype":["album"],"script":["Latn"],"title":["Girlfriend in a Coma"],"totaldiscs":["1"],"totaltracks":["10"],"tracknumber":["4"],"tracktotal":["10"]},"version":{"essentia":"2.1-beta1","essentia_build_sha":"ca57ba49d9b1854bd80e60cf9ccf267278fb7d6b","essentia_git_sha":"v2.1_beta1-28-g21ef5f4-dirty","extractor":"music 1.0"}},"rhythm":{"beats_count":212,"beats_loudness":{"dmean":0.0201721526682,"dmean2":0.036562923342,"dvar":0.000289829622488,"dvar2":0.000935723190196,"max":0.12000836432,"