{"lowlevel":{"average_loudness":0.334947794676,"barkbands":{"dmean":[0.000213361112401,0.0112566249445,0.0044496958144,0.00114825263154,0.00137419218663,0.000846426992211,0.000575616897549,0.0011766536627,0.000689549720846,0.000788011122495,0.00014998287952,0.000439027353423,0.0000932429538807,0.000147007551277,0.0000846732145874,0.0000425363432441,0.0000737849622965,0.0000323224812746,0.0000219462799578,0.0000177238562173,0.0000133006078613,0.00000824758899398,0.00000686891189616,0.00000918623936741,0.00000417493811256,0.00000148582626025,6.49082380733e-7],"dmean2":[0.000323804764776,0.0173855945468,0.0068253017962,0.00192580989096,0.00235993368551,0.00130010477733,0.000906234723516,0.00173097383231,0.0010436468292,0.00110193982255,0.000242151858401,0.000686066050548,0.000152104985318,0.000242806534516,0.000139440046041,0.0000694333648426,0.000123151097796,0.0000534387654625,0.0000367474131053,0.0000305334797304,0.0000222745038627,0.000013991252672,0.0000114401473184,0.0000138561481435,0.00000606868206887,0.00000251881374425,0.00000111418194138],"dvar":[2.20648018967e-7,0.000927616783883,0.000214937608689,0.0000150643209054,0.0000253772977885,0.00000232624029195,0.00000130583919145,0.0000112447842184,0.00000503944011143,0.00000272963961834,1.39980372182e-7,0.00000171726651388,9.26594125872e-8,1.7704162758e-7,1.08724556469e-7,1.60061137677e-8,8.73537260304e-8,9.08381370124e-9,5.10351672034e-9,5.40990496845e-9,4.94509677651e-9,2.68346767029e-9,1.95960270233e-9,1.0433669928e-8,1.49895551527e-9,5.59810392486e-11,1.15355641706e-11],"dvar2":[5.24083134223e-7,0.00237430608831,0.000598430808168,0.0000420248470618,0.0000722160111764,0.00000530355373485,0.00000320392950925,0.0000232985148614,0.000010629375538,0.00000603632861385,3.60158111334e-7,0.0000043964487304,2.38697253963e-7,4.73549704338e-7,2.92445179184e-7,4.01422504126e-8,2.42278900942e-7,2.33351578061e-8,1.38950166928e-8,1.56644475169e-8,1.25725705402e-8,7.39094696556e-9,5.10046893609e-9,1.68858900196e-8,3.001696669e-9,1.44827455584e-10,3.10907515011e-11],"max":[0.00816494785249,0.331647187471,0.251075804234,0.068366587162,0.196263685822,0.0295108053833,0.0201285071671,0.081825517118,0.0655898973346,0.0355446003377,0.0113358637318,0.0384964123368,0.0091277807951,0.018978478387,0.0106457546353,0.00308563420549,0.0134155806154,0.00384779414162,0.00190701731481,0.00294922618195,0.00204172823578,0.00253471569158,0.00123182404786,0.00557342031971,0.00226339953952,0.000179736496648,0.0000902800820768],"mean":[0.000434140034486,0.0173996426165,0.00610605208203,0.00138013961259,0.00175500824116,0.00187037652358,0.00119414797518,0.00310866744258,0.00141936633736,0.00186645262875,0.000294520374155,0.00078247039346,0.00014984671725,0.000215667110751,0.000124232697999,0.0000632641240372,0.000118118339742,0.0000593190125073,0.0000379644261557,0.0000301847503579,0.0000182343701454,0.0000103634320112,0.00000759736940381,0.0000117190902529,0.00000491849823447,0.00000204649586522,0.00000123722327317],"median":[0.0000505760071974,0.000342846207786,0.000216030530282,0.000110272783786,0.00071158411447,0.00111468625255,0.000689805019647,0.00100622186437,0.000351706170477,0.000905609340407,0.0000917166544241,0.000278711377177,0.0000265437302005,0.0000512765036547,0.0000263715210167,0.00000615926956016,0.0000346804990841,0.0000134862002596,0.00000756913141231,0.0000040120507947,0.00000151545725657,6.65661957555e-7,2.01769211117e-7,1.61732984338e-7,6.93958455145e-8,4.11229876818e-8,2.08777493071e-8],"min":[1.0708328263e-24,3.74341636343e-24,1.91493894261e-24,2.05051809981e-24,1.12368558004e-23,1.17437375861e-23,9.76716139114e-24,5.35219404998e-24,1.74457583154e-23,2.36822701733e-23,9.49679193765e-24,3.50988892302e-23,4.51347650446e-23,4.77344025153e-23,4.29778962675e-23,8.46947068701e-23,9.32441036818e-23,8.2082725304e-23,1.31316840753e-22,1.78238741779e-22,2.89095155979e-22,4.12112725625e-22,4.78009672295e-22,6.20184722713e-22,9.14223903488e-22,1.25513621475e-21,1.94159888502e-21],"var":[7.19145987205e-7,0.00153125985526,0.000226118107093,0.0000142450699059,0.0000186740053323,0.00000549121523363,0.00000250604693974,0.0000456211892015,0.0000136740809467,0.00000842690042191,2.74851061022e-7,0.00000320839012602,1.68192073602e-7,2.77041351637e-7,1.16082013335e-7,2.65274913147e-8,8.80615544929e-8,1.82086310474e-8,8.45621261902e-9,7.04794178574e-9,5.69398039829e-9,2.29962093812e-9,1.91424009977e-9,2.10266737355e-8,2.30910757182e-9,8.14966566454e-11,2.79224646876e-11]},"barkbands_crest":{"dmean":2.33125662804,"dmean2":3.56140899658,"dvar":5.82212209702,"dvar2":13.7138948441,"max":26.4003410339,"mean":12.0505657196,"median":10.982758522,"min":3.40600609779,"var":22.8504562378},"barkbands_flatness_db":{"dmean":0.0220224466175,"dmean2":0.0316795781255,"dvar":0.000516228203196,"dvar2":0.00109548505861,"max":0.535037457943,"mean":0.263411849737,"median":0.254361659288,"min":0.0577524676919,"var":0.00632643746212},"barkbands_kurtosis":{"dmean":4.02876615524,"dmean2":6.08031702042,"dvar":93.3179855347,"dvar2":232.737564087,"max":351.109313965,"mean":7.59258508682,"median":2.62023448944,"min":-1.67061710358,"var":378.403839111},"barkbands_skewness":{"dmean":0.572771966457,"dmean2":0.818511903286,"dvar":0.40909704566,"dvar2":0.890166401863,"max":14.3670558929,"mean":1.41351187229,"median":1.02542543411,"min":-3.98743391037,"var":2.66775894165},"barkbands_spread":{"dmean":1.7392115593,"dmean2":2.48315262794,"dvar":5.97602844238,"dvar2":12.3698644638,"max":83.6075057983,"mean":7.18244171143,"median":5.68614292145,"min":0.12346111238,"var":28.103685379},"dissonance":{"dmean":0.0348356775939,"dmean2":0.0592510215938,"dvar":0.00117617845535,"dvar2":0.00337281660177,"max":0.499999970198,"mean":0.406328678131,"median":0.422711610794,"min":0.0398629233241,"var":0.00462747178972},"dynamic_complexity":6.24896717072,"erbbands":{"dmean":[0.284966766834,2.72778749466,4.91946554184,4.67399930954,3.76948881149,4.98280334473,5.58689641953,6.46301460266,10.354511261,14.8148555756,26.5794219971,13.6666822433,30.5739536285,7.36447572708,4.92005157471,21.0052070618,5.09629106522,7.60992908478,4.24621152878,3.49020862579,3.0007557869,2.93770051003,1.56478464603,1.59927999973,1.06282329559,0.747605204582,0.547319054604,0.504153013229,0.313164681196,0.215631872416,0.200096875429,0.210271805525,0.145300850272,0.0637365207076,0.0202123131603,0.00737519003451,0.00261379638687,0.000685677456204,0.000110555636638,0.0000200385602511],"dmean2":[0.41952958703,4.24165630341,7.20842647552,7.43609714508,6.51346969604,8.55365371704,9.39822673798,9.78115749359,15.7784614563,21.9261112213,40.2356681824,20.3651065826,42.7388381958,11.4067354202,7.79232549667,32.6855201721,8.23175621033,12.5350246429,6.93200063705,5.68420743942,4.86060905457,4.87585401535,2.5729932785,2.65281248093,1.8023058176,1.28984320164,0.926368355751,0.84791892767,0.536522388458,0.369607746601,0.336115628481,0.303847074509,0.222532480955,0.0905553251505,0.0315178148448,0.0122563792393,0.0044574867934,0.001186878304,0.000187544515938,0.0000291725864372],"dvar":[0.497292160988,60.251159668,226.284866333,237.522521973,259.679016113,271.065307617,138.149841309,152.771835327,414.6171875,2848.53662109,5482.81152344,1710.02783203,4220.47167969,267.628204346,134.905288696,4110.05810547,251.797271729,474.934295654,214.748397827,135.356491089,99.1697006226,116.956069946,17.7006797791,26.6262073517,14.6225290298,11.3624839783,7.37630081177,9.02610111237,4.71073150635,1.72949385643,1.85863804817,5.68179035187,2.63112545013,0.44833701849,0.0182968452573,0.00154101988301,0.000171685096575,0.0000112949073809,3.12015629333e-7,2.2354331719e-9],"dvar2":[1.10356867313,154.906509399,590.197265625,653.424865723,744.285095215,765.071289062,371.869415283,333.347167969,952.039489746,5650.20703125,12618.2890625,3545.41210938,9370.41796875,646.23260498,358.202148438,10466.4853516,656.374084473,1264.55163574,572.68359375,357.683441162,265.502563477,322.671875,45.0348167419,71.2426986694,40.7620162964,32.9815139771,20.3649711609,22.1842594147,13.1754179001,4.66122436523,4.78676748276,7.90998125076,5.50665855408,0.882651090622,0.0358740501106,0.00370430992916,0.000455097324448,0.0000305497342197,8.46247871777e-7,5.33256239166e-9],"max":[8.17639255524,81.6235198975,244.269699097,207.497619629,647.971923828,565.407165527,201.918441772,238.757888794,390.185302734,1631.80859375,1860.98034668,1139.0300293,1445.73254395,645.972167969,241.011276245,1994.79980469,481.676605225,1069.38415527,580.325195312,383.880065918,386.287200928,443.368560791,154.754241943,162.158157349,118.097450256,158.502059937,122.895896912,106.21849823,124.654899597,36.5268211365,41.0675697327,146.78729248,92.1493606567,39.9665641785,5.67412662506,1.1381932497,0.319638639688,0.0817555487156,0.0167836211622,0.00105853774585],"mean":[0.545544207096,3.70794057846,7.15492773056,6.36496496201,4.46762466431,6.19269180298,7.67861557007,14.4592533112,23.2728729248,39.9778747559,62.8956642151,31.304605484,71.6998825073,18.1510410309,10.6393089294,37.7260437012,9.96379566193,12.3424510956,6.55798435211,5.56083059311,5.01107215881,5.104783535,3.13800835609,2.86183190346,1.82304787636,1.27213740349,0.844620347023,0.661617934704,0.387629657984,0.257441699505,0.225057125092,0.269116222858,0.16758672893,0.0736963897943,0.0253576021641,0.00957776978612,0.0036393168848,0.00104873708915,0.000213856983464,0.0000568443974771],"median":[0.00755755789578,0.0809377133846,0.297428488731,0.404415458441,1.18891763687,2.16281628609,3.11521100998,8.3424987793,13.6654262543,10.6057062149,24.2872142792,11.5672101974,34.2210922241,8.06485462189,4.59639358521,13.6006126404,2.95700526237,3.14799070358,1.45436418056,1.27124071121,1.22152674198,1.36020994186,0.86237257719,0.500985324383,0.315778166056,0.1839761585,0.0861518234015,0.0522278174758,0.0254254005849,0.0124376500025,0.00672069005668,0.00342021137476,0.00228649424389,0.000940484344028,0.000478476489661,0.000211252568988,0.0000864214453031,0.0000196974015125,0.0000121680104712,0.0000159927112691],"min":[1.12398113466e-22,7.74749761348e-22,2.5940468828e-21,9.34393721256e-21,7.48668328504e-21,2.88154570237e-20,5.1132893348e-20,1.24143498977e-19,1.36759063143e-19,1.73778846449e-19,2.68415455883e-19,3.6898862425e-19,7.11005266869e-19,9.03057683347e-19,9.63456757315e-19,1.91003303307e-18,2.42800422687e-18,3.3153405155e-18,2.742710054e-18,3.26966194771e-18,4.28493412578e-18,5.25362672957e-18,4.89712966995e-18,6.86101236769e-18,9.88836602382e-18,8.25303739743e-18,1.16247124282e-17,1.03257319824e-17,1.42527702862e-17,1.23844157822e-17,1.33120864315e-17,1.05405880107e-17,1.10466926782e-17,9.16392951516e-18,7.60399261133e-18,3.7282982354e-18,2.41886077918e-18,8.57735165116e-19,2.50952251435e-19,2.55939100397e-20],"var":[1.41552257538,79.7797088623,272.400543213,248.210418701,184.145690918,217.015945435,170.532043457,352.918518066,905.329162598,11866.7138672,14014.40625,4695.46826172,12903.1972656,696.260742188,300.03692627,7654.03369141,527.993713379,832.108886719,252.975326538,170.987457275,130.244140625,150.45980835,38.7305679321,51.3064918518,21.4965686798,13.2630491257,8.44229221344,9.87827968597,3.73551678658,1.54074561596,1.92563402653,12.2585315704,3.97236776352,0.691828489304,0.0321057550609,0.00226859259419,0.000252753408859,0.0000189396996575,7.26428027065e-7,9.3411900437e-9]},"erbbands_crest":{"dmean":2.65353608131,"dmean2":4.07054853439,"dvar":6.63371276855,"dvar2":16.1140117645,"max":33.9731941223,"mean":12.9885110855,"median":11.7924566269,"min":2.31567382812,"var":29.9231643677},"erbbands_flatness_db":{"dmean":0.0159251447767,"dmean2":0.0240670181811,"dvar":0.000266017683316,"dvar2":0.000619204656687,"max":0.571097970009,"mean":0.272785663605,"median":0.269547283649,"min":0.0289961211383,"var":0.00671161105856},"erbbands_kurtosis":{"dmean":1.53551149368,"dmean2":2.39118671417,"dvar":6.71851587296,"dvar2":17.5325183868,"max":60.8913421631,"mean":2.67719984055,"median":1.3973865509,"min":-1.63751065731,"var":18.7201538086},"erbbands_skewness":{"dmean":0.356654465199,"dmean2":0.535486519337,"dvar":0.123297967017,"dvar2":0.286579489708,"max":5.80398273468,"mean":0.671786189079,"median":0.568593740463,"min":-2.01093840599,"var":0.725858151913},"erbbands_spread":{"dmean":3.37415003777,"dmean2":4.88851165771,"dvar":22.7169284821,"dvar2":45.1594734192,"max":142.865264893,"mean":15.7367963791,"median":11.9066963196,"min":0.576886892319,"var":160.412384033},"gfcc":{"cov":[[30382.6113281,179.994750977,-3923.38330078,1885.7232666,19.3792476654,477.275543213,745.764099121,573.651184082,197.472351074,121.155311584,-80.9019241333,-391.52444458,-263.649871826],[179.994750977,1170.3536377,135.033874512,-268.975708008,130.646072388,-198.870147705,-17.1113834381,-77.8846511841,34.987121582,-87.8854522705,22.6516475677,-77.2906341553,77.8266220093],[-3923.38330078,135.033874512,2104.59228516,450.352600098,421.889984131,390.888305664,-84.8931427002,28.4978160858,-99.9069671631,-28.9424285889,-123.973526001,-40.3087158203,-99.3635940552],[1885.7232666,-268.975708008,450.352600098,1321.18554688,450.967681885,435.377044678,283.163360596,116.033157349,47.2519454956,-25.5635814667,-53.9384231567,-77.9182357788,-123.311859131],[19.3792476654,130.646072388,421.889984131,450.967681885,466.005340576,205.220581055,157.802658081,83.0205307007,35.8965835571,10.5245952606,-25.1791305542,-45.310295105,-42.9360351562],[477.275543213,-198.870147705,390.888305664,435.377044678,205.220581055,371.773284912,127.665962219,112.686286926,36.923740387,9.49673366547,-33.7881584167,-37.438079834,-70.2165527344],[745.764099121,-17.1113834381,-84.8931427002,283.163360596,157.802658081,127.665962219,261.998382568,89.6569671631,82.5207366943,18.2286624908,24.1411762238,-8.39899635315,-22.4730319977],[573.651184082,-77.8846511841,28.4978160858,116.033157349,83.0205307007,112.686286926,89.6569671631,143.909683228,53.8759155273,24.3005905151,3.70380067825,-12.808921814,-20.8360366821],[197.472351074,34.987121582,-99.9069671631,47.2519454956,35.8965835571,36.923740387,82.5207366943,53.8759155273,136.871154785,28.62266922,40.6963233948,4.39190864563,12.532084465],[121.155311584,-87.8854522705,-28.9424285889,-25.5635814667,10.5245952606,9.49673366547,18.2286624908,24.3005905151,28.62266922,93.1168823242,35.7376022339,23.0956020355,-8.39018249512],[-80.9019241333,22.6516475677,-123.973526001,-53.9384231567,-25.1791305542,-33.7881584167,24.1411762238,3.70380067825,40.6963233948,35.7376022339,99.714630127,43.7128868103,22.9511222839],[-391.52444458,-77.2906341553,-40.3087158203,-77.9182357788,-45.310295105,-37.438079834,-8.39899635315,-12.808921814,4.39190864563,23.0956020355,43.7128868103,86.7180938721,29.3969841003],[-263.649871826,77.8266220093,-99.3635940552,-123.311859131,-42.9360351562,-70.2165527344,-22.4730319977,-20.8360366821,12.532084465,-8.39018249512,22.9511222839,29.3969841003,88.7674179077]],"icov":[[0.000117416202556,-0.000354890740709,0.000394360627979,-0.000334347627359,0.000257938867435,-0.000391990761273,0.000223976065172,-0.000491610611789,0.000398242322262,-0.000601209001616,0.000450538122095,-0.000147791259224,0.000212271756027],[-0.000354890740709,0.00294414535165,-0.00158629089128,0.00162573822308,-0.00194038730115,0.00247285095975,-0.00122658349574,0.00226317043416,-0.00211317907088,0.00367723684758,-0.00297629088163,0.00316704879515,-0.00154776161071],[0.000394360627979,-0.00158629089128,0.00229493109509,-0.00117033848073,0.000238036634983,-0.0025470808614,0.0018540173769,-0.00156038301066,0.00177823426202,-0.00221490953118,0.00223066774197,-0.00168582820334,0.00122978177387],[-0.000334347627359,0.00162573822308,-0.00117033848073,0.00285873003304,-0.00201815320179,0.000189723039512,-0.00165841844864,0.00235389568843,-0.00138036359567,0.00311626051553,-0.00182755105197,0.00131394166965,0.0000761481351219],[0.000257938867435,-0.00194038730115,0.000238036634983,-0.00201815320179,0.00581167871132,-0.00134146760684,-0.00115516292863,-0.00214931578375,0.00152233894914,-0.00355100212619,0.00206452049315,-0.000386760308174,-0.0000730207320885],[-0.000391990761273,0.00247285095975,-0.0025470808614,0.000189723039512,-0.00134146760684,0.00902576930821,-0.00216829264536,-0.000937580887694,-0.00255822390318,0.00284720398486,-0.00175091135316,0.00250286981463,0.0000558825777262],[0.000223976065172,-0.00122658349574,0.0018540173769,-0.00165841844864,-0.00115516292863,-0.00216829264536,0.0087747676298,-0.00305278925225,-0.00123756227549,-0.000956772535574,0.000296540238196,-0.00218259147368,0.00147360528354],[-0.000491610611789,0.00226317043416,-0.00156038301066,0.00235389568843,-0.00214931578375,-0.000937580887694,-0.00305278925225,0.0139681994915,-0.00446070823818,0.00166057527531,-0.00188256986439,0.00240336754359,-0.00071896269219],[0.000398242322262,-0.00211317907088,0.00177823426202,-0.00138036359567,0.00152233894914,-0.00255822390318,-0.00123756227549,-0.00446070823818,0.0133103160188,-0.00464539881796,-0.0012054432882,0.000121431730804,-0.00158585503232],[-0.000601209001616,0.00367723684758,-0.00221490953118,0.00311626051553,-0.00355100212619,0.00284720398486,-0.000956772535574,0.00166057527531,-0.00464539881796,0.0195930190384,-0.00779656693339,0.000128008367028,0.00200333050452],[0.000450538122095,-0.00297629088163,0.00223066774197,-0.00182755105197,0.00206452049315,-0.00175091135316,0.000296540238196,-0.00188256986439,-0.0012054432882,-0.00779656693339,0.0200195815414,-0.00926653016359,0.000478485628264],[-0.000147791259224,0.00316704879515,-0.00168582820334,0.00131394166965,-0.000386760308174,0.00250286981463,-0.00218259147368,0.00240336754359,0.000121431730804,0.000128008367028,-0.00926653016359,0.0218825209886,-0.00632909871638],[0.000212271756027,-0.00154776161071,0.00122978177387,0.0000761481351219,-0.0000730207320885,0.0000558825777262,0.00147360528354,-0.00071896269219,-0.00158585503232,0.00200333050452,0.000478485628264,-0.00632909871638,0.0173339471221]],"mean":[-145.642623901,171.896850586,-113.852989197,-12.4746999741,-47.3805274963,-8.27669143677,-17.7492141724,5.84410905838,-8.76451587677,-2.35395336151,-4.68565607071,-3.45791077614,-5.03126764297]},"hfc":{"dmean":2.94361519814,"dmean2":4.20050239563,"dvar":31.8067245483,"dvar2":71.6177978516,"max":126.68044281,"mean":11.0546188354,"median":6.35785102844,"min":1.0721148138e-16,"var":165.252761841},"melbands":{"dmean":[0.00292754685506,0.00272218859755,0.000762401265092,0.000315930898068,0.000191743369214,0.000163924603839,0.000145421799971,0.000174354485353,0.000229753524764,0.0000811306163087,0.00015144108329,0.0000278753741441,0.0000164240482263,0.0000439412979176,0.0000350973750756,0.00000878256105352,0.0000164765388035,0.00000684484848534,0.00000639236986899,0.0000037815059386,0.00000425684493166,0.00000405597165809,0.00000161777120411,0.00000155348845965,0.00000138339487421,7.68039910781e-7,7.73348062921e-7,4.78364370338e-7,3.51131319576e-7,3.78584360305e-7,2.80011988707e-7,1.93794605252e-7,1.38738144528e-7,1.167721706e-7,1.16582405951e-7,1.3169305646e-7,1.25536146811e-7,1.17141411238e-7,6.92746340292e-8,4.851336044e-8],"dmean2":[0.00449275039136,0.00396058009937,0.00121311924886,0.000547978503164,0.000322519190377,0.00024661765201,0.000220698144403,0.000255071994616,0.000348779372871,0.000121133190987,0.000211582286283,0.0000441614211013,0.0000264314749074,0.0000683898833813,0.0000554760517844,0.0000142375420182,0.0000272279939963,0.0000112785528472,0.0000105389644887,0.00000620760010861,0.00000700798682374,0.00000676545141687,0.00000262863613898,0.00000257607939602,0.00000231023977904,0.00000130662454012,0.00000132188768021,8.31900251796e-7,5.99231270826e-7,6.34660636933e-7,4.75540304024e-7,3.30779698743e-7,2.3811429628e-7,2.00968713671e-7,2.0221253294e-7,2.00435550823e-7,1.83973796197e-7,1.86729778306e-7,1.02987804951e-7,6.96863864391e-8],"dvar":[0.0000588473631069,0.0000582638094784,0.00000619755883235,0.00000161700074841,1.81398689847e-7,9.50883034534e-8,8.0920607104e-8,4.20988470751e-7,4.56357867051e-7,6.12071033856e-8,1.0331184086e-7,4.28793356377e-9,1.66301672433e-9,1.75981309525e-8,1.27085639789e-8,7.65470020703e-10,2.29463847923e-9,5.28055710269e-10,8.26867907477e-10,1.14781829874e-10,2.5494750755e-10,2.54982673864e-10,1.66886608699e-11,2.56144185723e-11,2.01694546481e-11,7.97968115196e-12,8.53750403706e-12,5.25003695032e-12,3.07628271815e-12,3.64116462676e-12,3.09602625655e-12,1.67666390754e-12,7.90894368226e-13,5.56352598539e-13,6.28783483614e-13,1.79202768076e-12,2.24510752871e-12,1.77706916023e-12,5.596166976e-13,2.58514238662e-13],"dvar2":[0.000147584651131,0.000138559873449,0.0000169915711012,0.00000464539652967,4.82426003146e-7,2.05602560754e-7,1.86572009397e-7,8.13015219592e-7,0.00000104451908101,1.22054430562e-7,2.29278271036e-7,1.0399848982e-8,4.42959224856e-9,4.41557475028e-8,3.38429479996e-8,1.91135884897e-9,6.14578654634e-9,1.41461931058e-9,2.2465620475e-9,2.90341140019e-10,6.98015312217e-10,7.06445790755e-10,4.50099089944e-11,6.50587084206e-11,5.46644569888e-11,2.19491248094e-11,2.43973452552e-11,1.52743789839e-11,8.76848853942e-12,9.22789882701e-12,7.61925765536e-12,4.6456475819e-12,2.2114454365e-12,1.48327238079e-12,1.746572071e-12,3.26033601158e-12,3.35648262656e-12,3.95245034618e-12,1.15639084679e-12,5.20791472013e-13],"max":[0.0842273458838,0.0976745262742,0.0363397598267,0.050910089165,0.00867422297597,0.00631056725979,0.00522567750886,0.0197992082685,0.0192626807839,0.00776933785528,0.00707622757182,0.00274329283275,0.000875344558153,0.00390590471216,0.00354730943218,0.000748120015487,0.00237615196966,0.000796115433332,0.00113843439613,0.000290356314508,0.000669616216328,0.000672297901474,0.0000997152892523,0.000216147149331,0.000143273180583,0.0000750413528294,0.0000832876103232,0.000114471797133,0.0000848785566632,0.0000673443282722,0.0000665001789457,0.0000710607200745,0.000041569583118,0.0000230239438679,0.0000235056504607,0.000083715931396,0.0000904080225155,0.0000732670450816,0.0000375297640858,0.0000296265061479],"mean":[0.00486037926748,0.00423743342981,0.00105686078314,0.000376205221983,0.000265246955678,0.000373394344933,0.000327969406499,0.000487599347252,0.000514810206369,0.000180302900844,0.000351518625394,0.0000632221199339,0.0000317409103445,0.0000787742319517,0.0000621882572887,0.0000143937995745,0.000024783103072,0.00000991940305539,0.00000920184629649,0.0000058547880144,0.00000643287012281,0.00000641609040031,0.00000304512013827,0.00000271015233011,0.00000230463388107,0.00000118553157336,0.00000125958615627,7.44914188999e-7,5.24991435213e-7,5.06120272803e-7,3.42520877439e-7,2.3625047163e-7,1.5958787003e-7,1.32028873168e-7,1.25261877315e-7,1.46893171404e-7,1.65822896747e-7,1.30533550191e-7,7.84855771485e-8,5.53083232546e-8],"median":[0.0000832277437439,0.000140909905895,0.000114020054752,0.000128124345792,0.000108483392978,0.000217516862904,0.000192527339095,0.000124069993035,0.000186602061149,0.0000639743884676,0.000166057332535,0.0000257589726971,0.0000109808697744,0.000029485036066,0.0000198694415303,0.00000270740360975,0.00000570331894778,0.00000218190734813,0.0000018239113615,9.86818008641e-7,0.00000164797336311,0.00000162891410582,9.7155293588e-7,4.97004634781e-7,3.71538277477e-7,2.01223770091e-7,1.79705793357e-7,9.69585016719e-8,5.37979971682e-8,3.63192285135e-8,2.35217161304e-8,1.50666803478e-8,8.36316971231e-9,4.3306367381e-9,4.05433553397e-9,1.81029835566e-9,2.06671857406e-9,1.65119729001e-9,9.94175408664e-10,6.32823404789e-10],"min":[2.02426599217e-24,1.5154195483e-24,1.60872927022e-24,7.87962984296e-25,1.65712421043e-24,3.01158004368e-24,2.08275016753e-24,1.62103066857e-24,2.696421829e-24,2.40543924284e-24,3.36124323156e-24,3.18793246284e-24,2.39069819354e-24,3.05960983989e-24,4.32034071456e-24,3.9419860639e-24,5.07286234775e-24,4.53996590146e-24,3.01223637595e-24,4.99009742816e-24,4.69995951481e-24,5.26737414773e-24,4.00595637243e-24,2.76904988596e-24,4.75373064069e-24,5.56494904726e-24,5.86381255108e-24,4.6433035246e-24,6.70885889098e-24,6.40965183824e-24,5.77596973384e-24,6.52030575185e-24,8.6046596736e-24,6.08135041202e-24,6.69810277254e-24,5.75790955227e-24,5.12967611014e-24,7.04836490307e-24,7.14454124691e-24,7.64529595005e-24],"var":[0.000116456896649,0.000083930164692,0.0000064009691414,0.00000112696000087,2.1186299648e-7,2.32090485497e-7,1.77939838863e-7,0.00000187712612387,0.00000110879921067,1.66982914607e-7,3.14777167887e-7,9.92498705443e-9,3.16219983532e-9,3.24709041877e-8,2.34674111255e-8,1.46467671325e-9,3.75164255217e-9,5.96578064727e-10,8.13973666247e-10,1.84793236269e-10,2.64661847993e-10,2.84115925231e-10,3.22657595087e-11,4.61370421034e-11,3.64905154704e-11,1.07469692867e-11,1.16824197885e-11,5.4948263821e-12,3.29450767882e-12,4.30557282535e-12,3.20678835049e-12,1.38129763703e-12,6.29017508653e-13,4.89716557237e-13,5.00899831595e-13,2.85471169273e-12,4.86092763263e-12,2.4684722582e-12,8.05443602439e-13,3.84971351672e-13]},"melbands_crest":{"dmean":2.86670064926,"dmean2":4.27680301666,"dvar":7.76148223877,"dvar2":18.0566501617,"max":38.349822998,"mean":16.3415279388,"median":14.746632576,"min":1.67764151096,"var":45.4002342224},"melbands_flatness_db":{"dmean":0.0248583201319,"dmean2":0.0351032391191,"dvar":0.000702051853295,"dvar2":0.00142517895438,"max":0.682626187801,"mean":0.362877041101,"median":0.346484154463,"min":0.00459953816608,"var":0.00908860005438},"melbands_kurtosis":{"dmean":6.76409339905,"dmean2":10.3102493286,"dvar":512.084106445,"dvar2":1412.45471191,"max":875.832519531,"mean":12.9454965591,"median":3.69942331314,"min":-1.70505011082,"var":1411.33251953},"melbands_skewness":{"dmean":0.643935382366,"dmean2":0.916184902191,"dvar":0.591846644878,"dvar2":1.32407617569,"max":23.0900363922,"mean":1.9246481657,"median":1.34145629406,"min":-3.37449789047,"var":4.02672481537},"melbands_spread":{"dmean":2.15373659134,"dmean2":3.05677843094,"dvar":9.28758621216,"dvar2":19.1975288391,"max":158.317306519,"mean":8.94128417969,"median":7.55783224106,"min":0.092074893415,"var":68.8087387085},"mfcc":{"cov":[[16702.2910156,2442.94897461,-2349.10473633,1023.71276855,134.152328491,552.121154785,515.201660156,647.560546875,245.519180298,292.648193359,224.229812622,413.31060791,113.233413696],[2442.94897461,2191.03222656,-476.560760498,-158.378677368,-88.8122177124,-214.670333862,-63.5532112122,-68.6797485352,-52.8479156494,-44.6073188782,-25.7991828918,-57.2282905579,-34.4553031921],[-2349.10473633,-476.560760498,1405.45385742,173.795120239,275.770111084,236.735183716,44.6313743591,22.6784687042,-6.5214138031,40.6502838135,-23.7766208649,-111.655563354,-85.1638336182],[1023.71276855,-158.378677368,173.795120239,755.713623047,316.794494629,372.733215332,230.367279053,219.782989502,84.8620529175,47.5459747314,43.8383712769,63.9693756104,36.3071708679],[134.152328491,-88.8122177124,275.770111084,316.794494629,380.340942383,245.388687134,148.17250061,117.759346008,61.2098846436,53.7004699707,9.53766441345,0.0760443657637,-6.23847150803],[552.121154785,-214.670333862,236.735183716,372.733215332,245.388687134,374.257598877,173.936172485,165.727706909,75.3858566284,79.3601989746,49.0567970276,28.6477680206,2.62887954712],[515.201660156,-63.5532112122,44.6313743591,230.367279053,148.17250061,173.936172485,201.087493896,129.370391846,66.9257354736,45.2628707886,39.8442764282,45.3665504456,14.1974039078],[647.560546875,-68.6797485352,22.6784687042,219.782989502,117.759346008,165.727706909,129.370391846,194.712997437,97.2266845703,53.4682769775,44.6992645264,64.816696167,26.0509777069],[245.519180298,-52.8479156494,-6.5214138031,84.8620529175,61.2098846436,75.3858566284,66.9257354736,97.2266845703,132.271133423,68.3511734009,35.9902381897,49.3364219666,12.7880897522],[292.648193359,-44.6073188782,40.6502838135,47.5459747314,53.7004699707,79.3601989746,45.2628707886,53.4682769775,68.3511734009,126.261405945,57.9678535461,12.0446109772,0.639551639557],[224.229812622,-25.7991828918,-23.7766208649,43.8383712769,9.53766441345,49.0567970276,39.8442764282,44.6992645264,35.9902381897,57.9678535461,98.6796569824,51.783493042,23.7042999268],[413.31060791,-57.2282905579,-111.655563354,63.9693756104,0.0760443657637,28.6477680206,45.3665504456,64.816696167,49.3364219666,12.0446109772,51.783493042,136.613739014,71.2187957764],[113.233413696,-34.4553031921,-85.1638336182,36.3071708679,-6.23847150803,2.62887954712,14.1974039078,26.0509777069,12.7880897522,0.639551639557,23.7042999268,71.2187957764,91.4526596069]],"icov":[[0.000156931957463,-0.000162959666341,0.000259124004515,-0.000140921329148,0.000105367958895,-0.000253680715105,0.00000111920314794,-0.000320829596603,0.000400999299018,-0.000511663267389,0.000296889716992,-0.000474407046568,0.000387241947465],[-0.000162959666341,0.000703784520738,-0.0000732146509108,0.000117171228339,-0.000314155564411,0.00065936887404,-0.0000326347071677,0.000169012855622,-0.000267182651442,0.000552283599973,-0.000473219290143,0.000793468556367,-0.000192992549273],[0.000259124004515,-0.0000732146509108,0.00146376551129,-0.000133724606712,-0.000491762941238,-0.000912861956749,0.000377129123081,-0.000424198544351,0.000814847880974,-0.000823393347673,0.00038801759365,-0.000224185932893,0.00108858756721],[-0.000140921329148,0.000117171228339,-0.000133724606712,0.00336231873371,-0.00109997938853,-0.00183709594421,-0.000762942945585,-0.00085213087732,-0.0000452791682619,0.00152235280257,-0.000287088623736,0.000437296723248,-0.00117225397844],[0.000105367958895,-0.000314155564411,-0.000491762941238,-0.00109997938853,0.00586876180023,-0.00199187500402,-0.00172292627394,0.000207366843824,-0.000509862671606,-0.00107256206684,0.00180757557973,0.000237780579482,-0.000178966176463],[-0.000253680715105,0.00065936887404,-0.000912861956749,-0.00183709594421,-0.00199187500402,0.00923855509609,-0.00182450038847,-0.00229305704124,0.000817934342194,-0.00143628416117,-0.00138907902874,0.00106176012196,0.000405627273722],[0.00000111920314794,-0.0000326347071677,0.000377129123081,-0.000762942945585,-0.00172292627394,-0.00182450038847,0.011334839277,-0.00357316131704,-0.000339132966474,0.00033019395778,-0.00125979341101,-0.000964359438512,0.000956151983701],[-0.000320829596603,0.000169012855622,-0.000424198544351,-0.00085213087732,0.000207366843824,-0.00229305704124,-0.00357316131704,0.0153078874573,-0.00724874995649,0.00186662026681,-0.000926512002479,-0.00103123602457,-0.00127782300115],[0.000400999299018,-0.000267182651442,0.000814847880974,-0.0000452791682619,-0.000509862671606,0.000817934342194,-0.000339132966474,-0.00724874995649,0.0176293160766,-0.00892114639282,0.00339545193128,-0.00602704007179,0.00364953815006],[-0.000511663267389,0.000552283599973,-0.000823393347673,0.00152235280257,-0.00107256206684,-0.00143628416117,0.00033019395778,0.00186662026681,-0.00892114639282,0.0182445496321,-0.00993727520108,0.00631290301681,-0.00236499216408],[0.000296889716992,-0.000473219290143,0.00038801759365,-0.000287088623736,0.00180757557973,-0.00138907902874,-0.00125979341101,-0.000926512002479,0.00339545193128,-0.00993727520108,0.0194238238037,-0.00784699618816,0.00122310093138],[-0.000474407046568,0.000793468556367,-0.000224185932893,0.000437296723248,0.000237780579482,0.00106176012196,-0.000964359438512,-0.00103123602457,-0.00602704007179,0.00631290301681,-0.00784699618816,0.0200624708086,-0.0118579808623],[0.000387241947465,-0.000192992549273,0.00108858756721,-0.00117225397844,-0.000178966176463,0.000405627273722,0.000956151983701,-0.00127782300115,0.00364953815006,-0.00236499216408,0.00122310093138,-0.0118579808623,0.020476847887]],"mean":[-774.732116699,196.408981323,-5.79334402084,8.76137828827,-9.47022533417,-9.00919151306,-2.38596773148,3.09948015213,3.25268554688,3.52826547623,3.45404624939,5.67974567413,1.07317078114]},"pitch_salience":{"dmean":0.0674905106425,"dmean2":0.103906214237,"dvar":0.00498127704486,"dvar2":0.0120786651969,"max":0.848298668861,"mean":0.490123420954,"median":0.510759592056,"min":0.0523047968745,"var":0.0200168546289},"silence_rate_20dB":{"dmean":0,"dmean2":0,"dvar":0,"dvar2":0,"max":1,"mean":1,"median":1,"min":1,"var":0},"silence_rate_30dB":{"dmean":0.0543343648314,"dmean2":0.108677141368,"dvar":0.0513756349683,"dvar2":0.107866212726,"max":1,"mean":0.893429279327,"median":1,"min":0,"var":0.0952105820179},"silence_rate_60dB":{"dmean":0.0277089774609,"dmean2":0.0554222464561,"dvar":0.026936898008,"dvar2":0.0608580000699,"max":1,"mean":0.194257408381,"median":0,"min":0,"var":0.156503915787},"spectral_centroid":{"dmean":80.4068756104,"dmean2":114.637413025,"dvar":24348.4824219,"dvar2":48361.0976562,"max":11712.7089844,"mean":637.26965332,"median":596.312133789,"min":130.675109863,"var":308623.15625},"spectral_complexity":{"dmean":1.62151706219,"dmean2":2.67481994629,"dvar":4.09731435776,"dvar2":10.1236095428,"max":48,"mean":11.2454919815,"median":10,"min":0,"var":47.8869171143},"spectral_contrast_coeffs":{"dmean":[0.0477899760008,0.0413973219693,0.0352368578315,0.0270030591637,0.0193168018013,0.0144965928048],"dmean2":[0.0759705603123,0.0680548027158,0.055620610714,0.0437509976327,0.0311818663031,0.0232789311558],"dvar":[0.00161350017879,0.00121527747251,0.00096083257813,0.000529171316884,0.00027858876274,0.000248431257205],"dvar2":[0.00410582916811,0.00319781946018,0.00232095271349,0.00135813385714,0.000691502995323,0.000501224189065],"max":[-0.329220175743,-0.434700101614,-0.398804247379,-0.570396006107,-0.577568650246,-0.461194753647],"mean":[-0.662489533424,-0.698123216629,-0.700233757496,-0.769553184509,-0.785176515579,-0.787069916725],"median":[-0.659432053566,-0.695022344589,-0.698113262653,-0.767121493816,-0.781928181648,-0.773973882198],"min":[-0.996904671192,-0.977691709995,-0.984614193439,-0.983991801739,-0.981665313244,-0.977240085602],"var":[0.00994189362973,0.0069580427371,0.00878992211074,0.00462749786675,0.00372156244703,0.00440743984655]},"spectral_contrast_valleys":{"dmean":[0.363810867071,0.332471698523,0.310739040375,0.26837143302,0.220569193363,0.206227645278],"dmean2":[0.590771436691,0.543982863426,0.493119686842,0.423937499523,0.341403245926,0.327087461948],"dvar":[0.0976106896996,0.0935222432017,0.092804454267,0.0729111284018,0.0643037855625,0.0901043787599],"dvar2":[0.231546267867,0.21411831677,0.198439359665,0.155633106828,0.130668863654,0.187342524529],"max":[-4.81357955933,-4.61682224274,-5.14830493927,-5.83521175385,-5.65314102173,-8.19135570526],"mean":[-8.06438732147,-7.098528862,-8.21627235413,-9.22622776031,-9.76055049896,-12.8767852783],"median":[-7.94308948517,-6.64763402939,-7.81536006927,-8.8577413559,-9.41078472137,-12.8835935593],"min":[-27.8759727478,-28.123336792,-28.0409126282,-27.6250095367,-27.4534988403,-27.3514442444],"var":[3.89532661438,3.48308753967,3.70121669769,4.12763357162,4.20869016647,2.83738350868]},"spectral_decrease":{"dmean":3.81054476861e-9,"dmean2":5.41399414189e-9,"dvar":6.74114545969e-17,"dvar2":1.49074092948e-16,"max":1.7524868325e-28,"mean":-9.92599158423e-9,"median":-3.44460593382e-9,"min":-1.02120765177e-7,"var":2.00611574395e-16},"spectral_energy":{"dmean":0.0145672056824,"dmean2":0.0206890776753,"dvar":0.000974033318926,"dvar2":0.00215177680366,"max":0.389421373606,"mean":0.0384658537805,"median":0.0136632071808,"min":1.00147992686e-20,"var":0.0029468908906},"spectral_energyband_high":{"dmean":0.0000468970974907,"dmean2":0.0000760203038226,"dvar":6.22394011884e-8,"dvar2":1.4338576193e-7,"max":0.00842079892755,"mean":0.0000679509030306,"median":0.00000440700250692,"min":7.13166366692e-21,"var":9.04870560703e-8},"spectral_energyband_low":{"dmean":0.01317546051,"dmean2":0.0192807801068,"dvar":0.00107268930878,"dvar2":0.00247387844138,"max":0.369678854942,"mean":0.0249034222215,"median":0.000714158057235,"min":2.31058368881e-23,"var":0.00231777084991},"spectral_energyband_middle_high":{"dmean":0.000942420389038,"dmean2":0.00141807773616,"dvar":0.00000373620127903,"dvar2":0.00000916360022529,"max":0.0438322350383,"mean":0.00290792551823,"median":0.00158508971799,"min":1.29207853308e-21,"var":0.0000146191587191},"spectral_energyband_middle_low":{"dmean":0.00444819731638,"dmean2":0.00690926704556,"dvar":0.00010554731125,"dvar2":0.000270252960036,"max":0.311506599188,"mean":0.0123350191861,"median":0.00713889021426,"min":1.52038512793e-22,"var":0.000230656878557},"spectral_entropy":{"dmean":0.162443563342,"dmean2":0.24753536284,"dvar":0.0301390178502,"dvar2":0.0690306872129,"max":9.82148170471,"mean":6.36773538589,"median":6.41258096695,"min":3.65814518929,"var":0.595525085926},"spectral_flux":{"dmean":0.0251556169242,"dmean2":0.0370735600591,"dvar":0.00191781751346,"dvar2":0.00366277131252,"max":0.517425715923,"mean":0.0668622329831,"median":0.0426260195673,"min":6.41410466407e-11,"var":0.0057758432813},"spectral_kurtosis":{"dmean":10.3449230194,"dmean2":17.8745517731,"dvar":145.228118896,"dvar2":406.745330811,"max":231.139160156,"mean":33.2712936401,"median":19.3267745972,"min":-1.25701141357,"var":1269.24938965},"spectral_rms":{"dmean":0.000840556749608,"dmean2":0.00113273400348,"dvar":0.00000166471374996,"dvar2":0.00000342581574841,"max":0.0194916203618,"mean":0.00485675828531,"median":0.00365102151409,"min":3.12578565462e-12,"var":0.0000139394442158},"spectral_rolloff":{"dmean":108.9375,"dmean2":177.641571045,"dvar":96406.796875,"dvar2":208569.859375,"max":19293.75,"mean":667.326416016,"median":645.99609375,"min":43.06640625,"var":903576.9375},"spectral_skewness":{"dmean":0.65579277277,"dmean2":1.12401556969,"dvar":0.39212808013,"dvar2":1.09740161896,"max":12.6693592072,"mean":3.8436653614,"median":3.10082125664,"min":-0.069657549262,"var":4.92350769043},"spectral_spread":{"dmean":337325.9375,"dmean2":545828.75,"dvar":342836346880,"dvar2":603923546112,"max":42032176,"mean":2258128.75,"median":1910390.875,"min":442055.21875,"var":5133969653760},"spectral_strongpeak":{"dmean":0.34878000617,"dmean2":0.575315833092,"dvar":0.381369590759,"dvar2":0.96928358078,"max":10.184545517,"mean":0.898084700108,"median":0.67647767067,"min":0,"var":0.760050535202},"zerocrossingrate":{"dmean":0.00355217047036,"dmean2":0.00421394407749,"dvar":0.000033175572753,"dvar2":0.0000473617001262,"max":0.5146484375,"mean":0.0259559974074,"median":0.02490234375,"min":0.00146484375,"var":0.000730888685212}},"metadata":{"audio_properties":{"analysis_sample_rate":44100,"bit_rate":0,"codec":"flac","downmix":"mix","equal_loudness":0,"length":299.986663818,"lossless":true,"md5_encoded":"40a2f4cf04360288b1af531625938324","replay_gain":-12.1350593567},"tags":{"album":["The 2nd Law"],"album artist":["Muse"],"albumartist":["Muse"],"albumartist_credit":["Muse"],"albumartistsort":["Muse"],"artist":["Muse"],"artist_credit":["Muse"],"artistsort":["Muse"],"asin":["B008G12EUY"],"barcode":["825646568789"],"bpm":["0"],"catalognumber":["825646568789"],"compilation":["0"],"date":["2012-09-28"],"disc":["1"],"discc":["2"],"discnumber":["1"],"disctotal":["2"],"file_name":"64-01-13. The 2nd Law_ Isolated System.flac","label":["Warner Music UK Ltd."],"language":["eng"],"media":["CD"],"musicbrainz_albumartistid":["9c9f1380-2516-4fc9-a3e6-f9f61941d090"],"musicbrainz_albumid":["0f8971e0-903c-417b-a81d-c38853c0e00e"],"musicbrainz_albumstatus":["Official"],"musicbrainz_albumtype":["album"],"musicbrainz_artistid":["9c9f1380-2516-4fc9-a3e6-f9f61941d090"],"musicbrainz_recordingid":["428a6d0a-f805-4178-878f-0a7553ae5bd5"],"musicbrainz_releasegroupid":["422cd8ac-8599-4356-b874-4da79a06abac"],"originaldate":["2012-09-28"],"publisher":["Warner Music UK Ltd."],"releasecountry":["DE"],"releasestatus":["official"],"releasetype":["album"],"replaygain_album_gain":["-9.33 dB"],"replaygain_album_peak":["1.000000"],"replaygain_reference_loudness":["89.0 dB"],"replaygain_track_gain":["-7.19 dB"],"replaygain_track_peak":["0.999969"],"script":["Latn"],"title":["The 2nd Law: Isolated System"],"totaldiscs":["2"],"totaltracks":["15"],"track":["13"],"trackc":["15"],"tracknumber":["13"],"tracktotal":["15"],"year":["2012"]},"version":{"essentia":"2.1-beta1","essentia_build_sha":"12879b851c9f4b0d899e1af4e221aa110f283a84","essentia_git_sha":"v2.1_beta1-7-ge0e83e8-dirty","extractor":"music 1.0"}},"rhythm":{"bea