{"lowlevel":{"average_loudness":0.941647291183,"barkbands":{"dmean":[0.000014505371837,0.0013703648001,0.00120969745331,0.000595796911512,0.00230812071823,0.00070899707498,0.00129277922679,0.00129029946402,0.00116499222349,0.000776984146796,0.000491708808113,0.000461538380478,0.000395486713387,0.000294350582408,0.000274825375527,0.000228611403145,0.000174367451109,0.000074691066402,0.000125904247398,0.000104245787952,0.0000460771225335,0.0000332010058628,0.0000233514838328,0.0000185188200703,0.00000773121155362,0.00000126354848362,6.42985611421e-8],"dmean2":[0.0000245739593083,0.00220776232891,0.00197078520432,0.000970753666479,0.00366095686331,0.00109872943722,0.00191815383732,0.00182808854152,0.00168834161013,0.00108346936759,0.000710304186214,0.000666538486257,0.000547508301679,0.000430282176239,0.000398875097744,0.000319096725434,0.000244456372457,0.000109806169348,0.000183134296094,0.000146052218042,0.0000664750114083,0.0000464810727863,0.0000329781687469,0.0000272941870207,0.0000113940177471,0.00000184304963113,1.09653527147e-7],"dvar":[1.00421415627e-9,0.00000482081759401,0.00000356999112228,0.0000011598222045,0.0000104204727904,0.00000212365694097,0.00000917342367757,0.0000151642407218,0.00000909047412279,0.00000521539504916,0.00000262944854512,0.00000205133733289,0.00000130862281367,4.90009938403e-7,6.57531472825e-7,3.64238530892e-7,1.9984226185e-7,4.02825044432e-8,9.98082470005e-8,7.22361548355e-8,9.00858321273e-9,1.51246428715e-8,6.28900087563e-9,4.52954296293e-9,7.50337181277e-10,1.85200466074e-11,7.65161656366e-14],"dvar2":[2.64656474513e-9,0.0000115832099254,0.00000932978946366,0.00000294347819363,0.0000263420824922,0.00000449214303444,0.000018021746655,0.000028889551686,0.0000176653120434,0.00000954970437306,0.00000627067993264,0.00000439322957391,0.00000253311986853,0.00000102438923477,0.00000134193487611,7.14678151326e-7,3.55571216915e-7,7.84690854516e-8,1.96898184868e-7,1.18259855242e-7,1.76995005319e-8,2.60705288468e-8,1.13749747399e-8,9.73981695296e-9,1.65083724468e-9,3.93360552464e-11,2.0489174051e-13],"max":[0.00058290787274,0.0272566322237,0.0240202061832,0.0154623156413,0.0541539750993,0.0353317148983,0.0571556389332,0.0910392850637,0.0581564828753,0.0557781271636,0.05224667117,0.0411197952926,0.0381940566003,0.0183905921876,0.0198262091726,0.015786614269,0.0158016569912,0.0084906918928,0.0130165433511,0.0151155255735,0.00287127075717,0.00529434392229,0.00204715249129,0.00165853160433,0.00100717099849,0.000150561856572,0.00000782947790867],"mean":[0.0000151979456859,0.00371699500829,0.00268625840545,0.00101430446375,0.00523381493986,0.00133442808874,0.00219653453678,0.00207018526271,0.00190202344675,0.00140806776471,0.000773518637288,0.000686431187205,0.000668129476253,0.00047725031618,0.000402005302021,0.000385318620829,0.000327410642058,0.000133714609547,0.000218679415411,0.000194914333406,0.0000806099706097,0.0000502293041791,0.0000359531586582,0.0000282309047179,0.0000120736131066,0.00000194309541257,7.31859444159e-8],"median":[0.00000545168040844,0.00207760930061,0.00137225398794,0.000437171460362,0.00333347707056,0.000613699608948,0.000660613644868,0.000278060731944,0.000405156170018,0.000190245365957,0.000181220544619,0.000149981875438,0.000110783235868,0.000122664481751,0.000088438639068,0.000114595583,0.000106829545985,0.0000579275074415,0.0000854034296935,0.0000668564753141,0.0000300536848954,0.0000133138710225,0.00000775858097768,0.00000677591515341,0.00000344832778865,4.68288419597e-7,3.22629674088e-8],"min":[5.66676259113e-25,1.05933793962e-24,9.31612780199e-25,9.36568009975e-25,8.70816847956e-24,7.53402001962e-24,8.07241522085e-24,6.92024679231e-24,1.29412844494e-23,1.0270515391e-23,2.65752250612e-23,3.66531440064e-23,2.69807121882e-23,3.40377072296e-23,4.32496588493e-23,5.06936532736e-23,8.50645627278e-23,9.96246757405e-23,1.15777732424e-22,1.66104647418e-22,2.52459925426e-22,3.19879058099e-22,3.37914665068e-22,6.62167016565e-22,8.33937250382e-22,1.33017034165e-21,1.93865568916e-21],"var":[9.4807262041e-10,0.0000173954558704,0.0000104214213934,0.0000025040124001,0.000033917654946,0.00000475309661851,0.0000229925681197,0.0000351492417394,0.0000210860689549,0.0000147322216435,0.00000514044086231,0.00000376273737857,0.00000366994390788,0.00000117473598493,0.00000131898752898,8.54399729633e-7,5.66522601275e-7,1.0298148112e-7,2.25442647661e-7,2.40536280671e-7,2.20784919236e-8,3.45134054669e-8,1.36683384611e-8,8.13704925662e-9,1.17810905476e-9,3.64877017489e-11,5.77246109528e-14]},"barkbands_crest":{"dmean":2.48198723793,"dmean2":3.92443704605,"dvar":5.34121274948,"dvar2":12.6258268356,"max":26.9067077637,"mean":10.6883811951,"median":9.91273593903,"min":2.87526988983,"var":17.131811142},"barkbands_flatness_db":{"dmean":0.0235751848668,"dmean2":0.0331768728793,"dvar":0.000537119107321,"dvar2":0.00101897597779,"max":0.61884522438,"mean":0.172020331025,"median":0.169962048531,"min":0.0398604087532,"var":0.00297492532991},"barkbands_kurtosis":{"dmean":4.25180864334,"dmean2":6.21031427383,"dvar":1261.90307617,"dvar2":2822.50219727,"max":3854.2121582,"mean":7.3914899826,"median":2.51314973831,"min":-1.91194307804,"var":3546.53710938},"barkbands_skewness":{"dmean":0.557553470135,"dmean2":0.802493453026,"dvar":0.480904459953,"dvar2":0.924823582172,"max":61.0585441589,"mean":1.67610919476,"median":1.49359536171,"min":-3.56057858467,"var":3.5226817131},"barkbands_spread":{"dmean":4.60446071625,"dmean2":6.74025249481,"dvar":39.2733459473,"dvar2":77.8832168579,"max":135.372451782,"mean":16.3902168274,"median":13.6549568176,"min":0.146906375885,"var":148.869659424},"dissonance":{"dmean":0.0230037458241,"dmean2":0.0374285615981,"dvar":0.000524746254086,"dvar2":0.00133251177613,"max":0.500000119209,"mean":0.448219209909,"median":0.457804590464,"min":0.212687909603,"var":0.00145058881026},"dynamic_complexity":3.1783759594,"erbbands":{"dmean":[0.0250437892973,0.365932404995,1.33090424538,1.54464960098,4.8333568573,9.52961063385,5.79979372025,6.54099369049,14.6660318375,25.6888923645,24.4964981079,27.1673698425,25.2834701538,17.5048389435,19.891620636,17.3368835449,18.5290088654,14.9748487473,12.2044315338,12.4457578659,11.1197299957,8.32339859009,4.65720558167,5.62431335449,5.91742801666,4.5510559082,2.43844366074,1.54379463196,1.25836646557,0.959430277348,0.634101808071,0.472793757915,0.252876669168,0.114383429289,0.0440984666348,0.00983870495111,0.00159113144036,0.000189642829355,0.0000124160605992,0.00000784422718425],"dmean2":[0.0405138097703,0.591349422932,2.14830517769,2.50963616371,7.67633152008,15.1393756866,9.0522518158,10.0217132568,21.7754974365,37.0046577454,34.5000190735,39.1579780579,34.6953125,23.9246273041,28.8355617523,24.1458110809,25.2979049683,21.0464172363,17.504535675,17.2043819427,15.0610055923,11.2981929779,6.55679416656,8.49796676636,7.92545366287,6.31232118607,3.43893384933,2.25002288818,1.78488814831,1.33740139008,0.892461657524,0.691223859787,0.378337949514,0.168716520071,0.0653900131583,0.0142701966688,0.00231494335458,0.00029803274083,0.000019919270926,0.000010827204278],"dvar":[0.00216186256148,0.326117485762,3.78049588203,7.02159261703,56.0685195923,244.27154541,108.554489136,206.551483154,1344.99230957,4185.11328125,5750.00390625,5156.57373047,5667.04785156,3471.54443359,4024.26098633,2739.94750977,2939.39770508,1307.2689209,889.713439941,1396.01159668,738.372375488,388.191955566,140.170211792,279.285095215,225.108551025,143.992095947,27.182434082,13.8403272629,23.518371582,12.8619327545,4.3694729805,2.87879014015,0.994921267033,0.153248533607,0.0292179230601,0.00115735025611,0.0000316485748044,4.90815523335e-7,2.26650720414e-9,8.13722492166e-11],"dvar2":[0.00560158770531,0.775293588638,9.64949989319,17.6006908417,129.465499878,641.917785645,255.799835205,430.375488281,2775.37866211,7689.109375,11665.2890625,10086.0810547,10406.6298828,7262.76708984,9632.8046875,5544.33935547,5623.14892578,2583.34545898,1827.03063965,2792.20751953,1337.33996582,634.865234375,246.438537598,613.21875,347.503662109,229.724349976,52.7428512573,27.7436332703,44.349773407,22.4379863739,7.84714889526,5.79711914063,2.38913941383,0.335581153631,0.0676567852497,0.00249852589332,0.0000666157284286,0.00000121099560602,6.11229378222e-9,1.46443537852e-10],"max":[0.628207564354,7.06449985504,22.1730728149,34.3506278992,162.696212769,305.814300537,351.311584473,385.293823242,786.93572998,1518.39611816,2305.56152344,1530.74743652,1984.94482422,1607.21203613,2460.30224609,1577.19311523,1896.56982422,1103.75915527,757.770812988,1120.61816406,874.110229492,533.2109375,448.064483643,922.287414551,588.173828125,689.497375488,228.647964478,138.074615479,194.055160522,146.394546509,63.8310623169,49.0635757446,36.3941307068,11.8080320358,6.78422164917,1.29806482792,0.207446917892,0.0165094714612,0.00164410611615,0.000139314710395],"mean":[0.0527539849281,1.0264121294,3.28730916977,3.12393403053,10.6409769058,19.3647689819,11.8774328232,12.2649288177,25.4542312622,46.8612937927,38.6615180969,44.4612464905,48.6899108887,32.0562820435,33.903011322,28.8861618042,32.8344306946,25.8956642151,20.6465778351,20.985370636,21.0624103546,17.0779438019,9.46684360504,9.60071372986,11.2705640793,8.74242305756,4.57983589172,2.57953977585,1.85487496853,1.41262686253,0.980210840702,0.721212744713,0.380086302757,0.174013495445,0.0669211447239,0.015502853319,0.00237535196356,0.00025784454192,0.0000262167704932,0.0000308536436933],"median":[0.0201428402215,0.684005081654,1.99550163746,2.05741429329,5.96632099152,9.56341457367,5.82951545715,5.80498933792,8.93868637085,10.6723499298,8.4820690155,11.9493770599,7.73285198212,5.72665500641,9.32527732849,6.92455673218,6.26699733734,6.27832317352,5.94459676743,5.25467777252,6.70993804932,5.67313480377,4.0707821846,4.21169996262,3.69506835938,3.07405996323,1.82492768764,0.928090453148,0.516075968742,0.304840415716,0.223102807999,0.16708612442,0.091400206089,0.0480323508382,0.0184776186943,0.00385719770566,0.000582611886784,0.00008423331019,0.0000188804624486,0.0000274315534625],"min":[2.14849138991e-23,4.09808494475e-22,1.889069483e-21,3.17916609456e-21,7.8747351977e-21,2.47654321107e-20,3.98757083812e-20,7.40763244502e-20,1.28794270272e-19,2.62282945616e-19,2.27717549359e-19,4.27031086502e-19,4.64002621913e-19,7.3413049676e-19,9.43289060005e-19,1.720019927e-18,1.65196446928e-18,2.42955974001e-18,2.44003019221e-18,2.52439289532e-18,4.51918298986e-18,4.93059408881e-18,5.81593873331e-18,5.6913123935e-18,8.46118995395e-18,8.34181124795e-18,8.7558507133e-18,9.45992120811e-18,1.26953868889e-17,9.67228824985e-18,9.15899290126e-18,9.46544512024e-18,1.01213728762e-17,8.49908475218e-18,6.58019116718e-18,4.16067712211e-18,2.55303257646e-18,9.88477316483e-19,2.65415245951e-19,2.85786216434e-20],"var":[0.00513732200488,1.22769021988,12.2620649338,12.6602125168,199.391479492,668.127319336,293.458374023,421.389556885,3059.3137207,13110.1533203,10316.4960938,10972.40625,17487.7480469,8350.91210938,7572.49755859,5738.0859375,8381.40820313,3526.21435547,2015.54821777,3215.39453125,2133.35083008,1356.05322266,452.162475586,429.90020752,817.119262695,480.722839355,77.1451721191,30.6267318726,46.0523529053,28.4530735016,9.61518573761,5.74345254898,1.38395285606,0.240843757987,0.0413811542094,0.00220839912072,0.0000595651836193,5.64692754779e-7,1.83245418839e-9,4.10471545642e-10]},"erbbands_crest":{"dmean":2.73258280754,"dmean2":4.27869844437,"dvar":6.77403354645,"dvar2":15.7365493774,"max":29.9920082092,"mean":9.75573921204,"median":8.83917236328,"min":2.16885185242,"var":20.3962879181},"erbbands_flatness_db":{"dmean":0.0190107673407,"dmean2":0.0264531653374,"dvar":0.000365104788216,"dvar2":0.000664170074742,"max":0.389181107283,"mean":0.18546243012,"median":0.183639377356,"min":0.0223562028259,"var":0.00230812793598},"erbbands_kurtosis":{"dmean":0.882234990597,"dmean2":1.32719111443,"dvar":1.69216358662,"dvar2":3.66604280472,"max":29.9156398773,"mean":0.459949791431,"median":-0.218364387751,"min":-1.80569088459,"var":4.96842336655},"erbbands_skewness":{"dmean":0.376841723919,"dmean2":0.562379658222,"dvar":0.130492791533,"dvar2":0.278679639101,"max":4.98652458191,"mean":0.435191839933,"median":0.434869557619,"min":-2.52576732635,"var":0.526355981827},"erbbands_spread":{"dmean":7.32443714142,"dmean2":10.8251752853,"dvar":70.7408447266,"dvar2":145.098907471,"max":156.992919922,"mean":35.2722892761,"median":34.1009635925,"min":2.29094052315,"var":328.752288818},"gfcc":{"cov":[[16995.7089844,1641.16955566,-2255.98901367,303.474029541,-932.635742188,194.176620483,-416.632476807,134.229034424,-279.318084717,-53.1641731262,-230.748382568,-293.245605469,-32.7636680603],[1641.16955566,1353.21899414,-153.827819824,-194.560714722,276.168518066,-155.376220703,167.201461792,-84.6423873901,34.8304023743,-124.919792175,28.3254528046,-118.233039856,17.1985359192],[-2255.98901367,-153.827819824,918.261779785,225.614730835,189.741760254,97.7502593994,35.0787162781,15.3272333145,38.4812545776,14.5357656479,31.4510688782,82.3304290771,-25.3489456177],[303.474029541,-194.560714722,225.614730835,460.455963135,42.4695129395,32.534526825,-94.6801376343,35.118057251,8.92696285248,11.0859212875,8.64353847504,44.3038635254,-5.24630784988],[-932.635742188,276.168518066,189.741760254,42.4695129395,358.069396973,-35.6166992188,72.8009033203,-13.9990625381,45.0647468567,-25.9391479492,24.8786468506,-8.20850944519,12.2391805649],[194.176620483,-155.376220703,97.7502593994,32.534526825,-35.6166992188,277.453033447,66.8777542114,25.4757041931,-12.9738168716,33.9343605042,0.269818305969,22.0345363617,-16.2334842682],[-416.632476807,167.201461792,35.0787162781,-94.6801376343,72.8009033203,66.8777542114,246.357452393,8.38526725769,16.9992370605,-11.0043544769,22.503824234,-1.67080843449,8.65503311157],[134.229034424,-84.6423873901,15.3272333145,35.118057251,-13.9990625381,25.4757041931,8.38526725769,129.314926147,38.6342201233,33.4490699768,11.9938344955,17.8194255829,7.86279821396],[-279.318084717,34.8304023743,38.4812545776,8.92696285248,45.0647468567,-12.9738168716,16.9992370605,38.6342201233,120.056999207,44.0924491882,14.4358930588,3.57401299477,7.25626659393],[-53.1641731262,-124.919792175,14.5357656479,11.0859212875,-25.9391479492,33.9343605042,-11.0043544769,33.4490699768,44.0924491882,110.924034119,24.1724452972,11.8332128525,-0.420130848885],[-230.748382568,28.3254528046,31.4510688782,8.64353847504,24.8786468506,0.269818305969,22.503824234,11.9938344955,14.4358930588,24.1724452972,95.1770477295,34.955909729,-5.80501270294],[-293.245605469,-118.233039856,82.3304290771,44.3038635254,-8.20850944519,22.0345363617,-1.67080843449,17.8194255829,3.57401299477,11.8332128525,34.955909729,98.6675491333,14.2942638397],[-32.7636680603,17.1985359192,-25.3489456177,-5.24630784988,12.2391805649,-16.2334842682,8.65503311157,7.86279821396,7.25626659393,-0.420130848885,-5.80501270294,14.2942638397,71.1798782349]],"icov":[[0.000532203528564,-0.00150882336311,0.0011749707628,-0.00129697739612,0.0013778784778,-0.00116390944459,0.000932589988224,-0.00118645420298,0.00121383997612,-0.00105981819797,0.00133651588112,-0.000486026372528,0.000524276460055],[-0.00150882336311,0.00564779853448,-0.00312293064781,0.00391401071101,-0.00465061608702,0.00363583047874,-0.00318258651532,0.00382054457441,-0.00407349178568,0.00435041822493,-0.00480239652097,0.00277663464658,-0.00179730623495],[0.0011749707628,-0.00312293064781,0.00422259885818,-0.00340925622731,0.00208274042234,-0.00293834926561,0.00182105076965,-0.00238226493821,0.00234309933148,-0.00226312852465,0.0031675263308,-0.00217828317545,0.00200491305441],[-0.00129697739612,0.00391401071101,-0.00340925622731,0.00615205429494,-0.0039042478893,0.00242291274481,-0.000858051935211,0.00219757808372,-0.00303390924819,0.00309463683516,-0.00350925745443,0.00081672728993,-0.001340558636],[0.0013778784778,-0.00465061608702,0.00208274042234,-0.0039042478893,0.00802383385599,-0.00252498476766,0.00158713199198,-0.00262669241056,0.00197154306807,-0.00218136492185,0.00275599886663,-0.000585842761211,0.00048205818166],[-0.00116390944459,0.00363583047874,-0.00293834926561,0.00242291274481,-0.00252498476766,0.0074933799915,-0.00413836026564,0.00213807518594,-0.00136363215279,0.000652097747661,-0.00198395526968,0.000597410311457,-0.0000108372641989],[0.000932589988224,-0.00318258651532,0.00182105076965,-0.000858051935211,0.00158713199198,-0.00413836026564,0.00770901329815,-0.00278130220249,0.00151976232883,-0.000801944057457,0.0010918979533,-0.000837827858049,0.0000343180217897],[-0.00118645420298,0.00382054457441,-0.00238226493821,0.00219757808372,-0.00262669241056,0.00213807518594,-0.00278130220249,0.0122801279649,-0.0056333434768,0.0015098892618,-0.00353618781082,0.000668352877256,-0.00207412359305],[0.00121383997612,-0.00407349178568,0.00234309933148,-0.00303390924819,0.00197154306807,-0.00136363215279,0.00151976232883,-0.0056333434768,0.014944982715,-0.00789809878916,0.00382466916926,-0.00144495174754,0.000973219692241],[-0.00105981819797,0.00435041822493,-0.00226312852465,0.00309463683516,-0.00218136492185,0.000652097747661,-0.000801944057457,0.0015098892618,-0.00789809878916,0.0164949335158,-0.00705541856587,0.00303799426183,-0.00194529665168],[0.00133651588112,-0.00480239652097,0.0031675263308,-0.00350925745443,0.00275599886663,-0.00198395526968,0.0010918979533,-0.00353618781082,0.00382466916926,-0.00705541856587,0.0183491986245,-0.00798644218594,0.0046451757662],[-0.000486026372528,0.00277663464658,-0.00217828317545,0.00081672728993,-0.000585842761211,0.000597410311457,-0.000837827858049,0.000668352877256,-0.00144495174754,0.00303799426183,-0.00798644218594,0.0164118092507,-0.00512702018023],[0.000524276460055,-0.00179730623495,0.00200491305441,-0.001340558636,0.00048205818166,-0.0000108372641989,0.0000343180217897,-0.00207412359305,0.000973219692241,-0.00194529665168,0.0046451757662,-0.00512702018023,0.0167770199478]],"mean":[-42.7215461731,126.078872681,-125.953552246,33.7679290771,-56.7556610107,4.82522583008,-34.806312561,4.31078290939,-22.1722774506,-3.51764011383,-10.6974487305,-9.71619415283,-6.031291008]},"hfc":{"dmean":4.91971254349,"dmean2":6.19873428345,"dvar":43.089717865,"dvar2":64.2125167847,"max":132.350830078,"mean":15.8319940567,"median":10.6450853348,"min":1.06303773081e-16,"var":222.767990112},"melbands":{"dmean":[0.000302689004457,0.000608570233453,0.000319253071211,0.000541472632904,0.000250138371484,0.000145814236021,0.000233134720474,0.000281432323391,0.000206722368603,0.000168534097611,0.000127935651108,0.0000751898187445,0.0000673087561154,0.0000556497034268,0.0000460755800304,0.0000331853007083,0.0000306103211187,0.0000200494832825,0.0000214220253838,0.0000163274180522,0.0000133732337417,0.00000941557391343,0.00000734849709261,0.00000294729579764,0.00000518784099768,0.00000409519634559,0.00000466687924927,0.00000287139528155,0.00000177526771949,0.00000112650388928,8.68655945396e-7,7.48135619233e-7,6.47729848424e-7,5.14306918831e-7,3.93532843646e-7,3.25529612155e-7,2.90859986762e-7,1.98601654233e-7,1.23374803707e-7,9.17138009981e-8],"dmean2":[0.000486015866045,0.000979950767942,0.000508378318045,0.000862354121637,0.000393809721572,0.000224467628868,0.000343551189872,0.000405112426961,0.000294039287837,0.000241607966018,0.000175910899998,0.000103965765447,0.0000978237439995,0.0000805236195447,0.0000643493403913,0.0000459216935269,0.0000441775482614,0.0000292684962915,0.000030713268643,0.0000226296815526,0.0000185292847164,0.0000130163180074,0.0000106109637272,0.00000433922332377,0.00000805328636488,0.00000566848757444,0.00000624072026767,0.00000411283463109,0.00000255565601037,0.00000165138271768,0.00000129013733385,0.00000109143979898,9.28116946852e-7,7.3692785918e-7,5.65329685287e-7,4.7791849056e-7,4.3310180331e-7,3.01609077269e-7,1.88123308931e-7,1.36765507364e-7],"dvar":[2.62233896819e-7,7.20704747437e-7,2.35353539324e-7,6.20391745088e-7,1.77912582444e-7,9.50886871465e-8,3.14502699439e-7,5.41019346656e-7,3.81755711487e-7,2.01742309969e-7,1.45412585084e-7,6.53541363249e-8,4.75462549332e-8,3.33896892357e-8,1.8430220905e-8,8.85324880073e-9,6.00566041342e-9,2.34138086697e-9,5.10232966988e-9,2.15220552491e-9,1.17612186656e-9,5.38000977102e-10,4.03429178952e-10,5.77140835123e-11,2.80285045173e-10,1.25265742223e-10,1.46565717896e-10,6.61492111087e-11,1.55307260108e-11,5.90585349722e-12,5.57701020781e-12,8.66788064935e-12,7.00291994532e-12,3.72182970207e-12,1.81200388895e-12,1.25758041133e-12,1.16925978448e-12,6.35641983927e-13,1.92569931897e-13,9.62114773701e-14],"dvar2":[6.52861956496e-7,0.00000178414984475,5.70480040096e-7,0.00000154986582857,4.35885198158e-7,1.96798893626e-7,6.37413506865e-7,9.7560962331e-7,7.68313157096e-7,3.91475197148e-7,2.66364338586e-7,1.36700862186e-7,1.14936852924e-7,7.20008301869e-8,3.62605057092e-8,1.64385944856e-8,1.20493597322e-8,4.82049555828e-9,1.00177519613e-8,4.35016067613e-9,2.12279682721e-9,8.96801688466e-10,7.02502556127e-10,1.21626889116e-10,6.31513452642e-10,2.06367978262e-10,2.20205562118e-10,1.17378898268e-10,3.11281625476e-11,1.20631707748e-11,1.1981697752e-11,1.71083529288e-11,1.30518269803e-11,6.96891199262e-12,3.48142608492e-12,2.46620454093e-12,2.48200028238e-12,1.56214873936e-12,4.4936905759e-13,2.10937699057e-13],"max":[0.00682491436601,0.00982545223087,0.00862098112702,0.0130408629775,0.0103355990723,0.00803537387401,0.0107574248686,0.0158740337938,0.0162208490074,0.00960067939013,0.0101843178272,0.00713388621807,0.00819112546742,0.00582735799253,0.00357891689055,0.00271718017757,0.00241107703187,0.00116691261064,0.00218018563464,0.00119284901302,0.00115068617743,0.000756158668082,0.00065826473292,0.000408029911341,0.000934316252824,0.000541784393135,0.000519990979228,0.000416299124481,0.000165046629263,0.0000803033690318,0.000105578379589,0.000122040633869,0.000120315366075,0.000067093038524,0.0000419578136643,0.0000337985620718,0.0000282013279502,0.0000290204607154,0.0000133357125378,0.0000102099338619],"mean":[0.000768899510149,0.00166178529616,0.000719763454981,0.00118386500981,0.000524112663697,0.000271780532785,0.000406801293138,0.000515208928846,0.000317202560836,0.000271634518867,0.000239417262492,0.000128532425151,0.000110800072434,0.0000848706258694,0.0000791811253293,0.0000559705040359,0.0000489177873533,0.0000316361401929,0.0000312846023007,0.0000269007668976,0.0000241718680627,0.0000180762817763,0.0000137009792525,0.00000534405489816,0.00000822138827061,0.00000738504604669,0.0000084616294771,0.00000520341245647,0.00000316678324452,0.00000190654168364,0.00000132936213504,0.00000106344907636,9.05779188543e-7,7.32329624498e-7,5.77912373956e-7,4.80587232232e-7,4.2892608576e-7,2.86762826818e-7,1.82472007282e-7,1.3414810951e-7],"median":[0.00038953879266,0.00127910403535,0.000513566890731,0.000703023222741,0.00027670484269,0.000125733553432,0.000135024776682,0.000103461396066,0.0000619048005319,0.0000636245677015,0.0000324492357322,0.0000189850179595,0.0000291470933007,0.0000201616494451,0.0000147317623487,0.00000994933816401,0.0000113641890493,0.00000920745151234,0.00000669822111377,0.00000729072053218,0.00000736076435714,0.00000556698842047,0.00000459435614175,0.00000242282567342,0.00000328967644236,0.00000245632259066,0.00000233850619225,0.00000178648087967,0.00000117732156468,6.8911759854e-7,4.22988506443e-7,2.85077476292e-7,2.10798546618e-7,1.39295963208e-7,1.21674560205e-7,1.12580082146e-7,9.57932755341e-8,6.51353815329e-8,4.57991014002e-8,3.6612476606e-8],"min":[3.74903704668e-25,1.54586593076e-24,7.53274058584e-25,1.34264776879e-24,1.49369313568e-24,1.60385805413e-24,2.44909796078e-24,2.57156546087e-24,1.52604422279e-24,1.85782107434e-24,1.61556544022e-24,2.64557757429e-24,3.59269383786e-24,2.80359903538e-24,2.76955396808e-24,2.84109004433e-24,3.50825377214e-24,2.984345607e-24,3.34135486485e-24,4.47611628865e-24,5.07136430089e-24,4.39899764099e-24,3.62109361931e-24,4.5825470354e-24,4.14192917122e-24,4.42258182104e-24,4.46333595313e-24,5.65007897185e-24,4.99655898783e-24,5.0174752403e-24,3.6977929874e-24,5.78699603714e-24,4.70986957993e-24,5.53467414344e-24,4.4879527521e-24,4.76103825369e-24,5.12479818874e-24,6.49839395691e-24,7.10385969003e-24,6.11558934189e-24],"var":[8.18646356038e-7,0.00000237150175053,6.19877312147e-7,0.00000199223268282,5.36916047622e-7,2.03634229479e-7,7.58811211199e-7,0.00000172199656845,7.0613407388e-7,4.37386034946e-7,4.4742131422e-7,1.51622330691e-7,9.31268928639e-8,5.90339297446e-8,4.68153444899e-8,2.63515929078e-8,1.44651828293e-8,4.97179275527e-9,9.86847403794e-9,4.87276263783e-9,3.19329318543e-9,1.67947944441e-9,1.18911913649e-9,1.42616224386e-10,3.91783022691e-10,3.76365189014e-10,5.29610133526e-10,1.91254206916e-10,4.15282079558e-11,1.32201151068e-11,1.11695123636e-11,1.58848333792e-11,1.41937642195e-11,7.63395510001e-12,3.59093549167e-12,2.42980722348e-12,2.20716240423e-12,8.48476399817e-13,2.72255416996e-13,1.5097221162e-13]},"melbands_crest":{"dmean":3.03016519547,"dmean2":4.84730243683,"dvar":7.82274580002,"dvar2":18.6532516479,"max":39.9914474487,"mean":14.149225235,"median":13.5645675659,"min":1.51799476147,"var":25.4526386261},"melbands_flatness_db":{"dmean":0.0291484277695,"dmean2":0.0401193872094,"dvar":0.00085253053112,"dvar2":0.00159460655414,"max":0.658693194389,"mean":0.23474483192,"median":0.231059923768,"min":0.00327681656927,"var":0.00523710530251},"melbands_kurtosis":{"dmean":9.18585777283,"dmean2":13.9292764664,"dvar":6166.6328125,"dvar2":14900.4541016,"max":7689.02001953,"mean":17.4912033081,"median":7.55588150024,"min":-1.68421673775,"var":11688.6591797},"melbands_skewness":{"dmean":0.737735748291,"dmean2":1.07429027557,"dvar":1.04119932652,"dvar2":2.17003965378,"max":85.2165908813,"mean":2.64770507813,"median":2.35004806519,"min":-1.93908107281,"var":5.75651979446},"melbands_spread":{"dmean":5.64542341232,"dmean2":8.23482894897,"dvar":82.2059707642,"dvar2":171.090087891,"max":176.756958008,"mean":18.4262332916,"median":14.7978658676,"min":0.124626457691,"var":308.934417725},"mfcc":{"cov":[[6827.04736328,506.530975342,-564.539916992,-124.645874023,-261.159881592,-31.8648796082,-31.1689662933,-41.0495376587,67.114982605,146.253433228,-96.4663238525,-5.74032306671,-19.422914505],[506.530975342,1634.4510498,-259.233734131,62.3906135559,36.6303520203,11.4152450562,114.163230896,36.4955215454,43.315158844,14.2659320831,-5.3268661499,8.59736156464,2.37289404869],[-564.539916992,-259.233734131,647.685852051,126.98576355,127.889549255,103.592796326,27.1758708954,65.4247589111,-5.12937307358,-21.6845932007,53.1604309082,20.0021877289,9.83316135406],[-124.645874023,62.3906135559,126.98576355,396.773071289,185.133758545,-9.97482204437,-17.7842674255,18.9637870789,0.282296210527,-11.5335206985,-8.45468139648,10.7048492432,28.0852146149],[-261.159881592,36.6303520203,127.889549255,185.133758545,290.806945801,29.1398849487,-13.669919014,11.7520627975,0.907967925072,3.36198854446,17.1767711639,1.96850168705,13.5310153961],[-31.8648796082,11.4152450562,103.592796326,-9.97482204437,29.1398849487,200.170639038,75.1536865234,35.6347427368,18.1457576752,7.19037866592,31.4590358734,6.80540752411,-25.0714797974],[-31.1689662933,114.163230896,27.1758708954,-17.7842674255,-13.669919014,75.1536865234,166.560180664,62.9402427673,10.7830724716,6.87496089935,12.5108098984,14.1534376144,-0.495059162378],[-41.0495376587,36.4955215454,65.4247589111,18.9637870789,11.7520627975,35.6347427368,62.9402427673,128.165985107,24.1736068726,-5.97255182266,18.988899231,5.99752759933,10.2475862503],[67.114982605,43.315158844,-5.12937307358,0.282296210527,0.907967925072,18.1457576752,10.7830724716,24.1736068726,112.205543518,41.4223365784,-7.06958770752,5.22905302048,5.3649148941],[146.253433228,14.2659320831,-21.6845932007,-11.5335206985,3.36198854446,7.19037866592,6.87496089935,-5.97255182266,41.4223365784,109.70375061,25.0975646973,6.16984891891,7.58213806152],[-96.4663238525,-5.3268661499,53.1604309082,-8.45468139648,17.1767711639,31.4590358734,12.5108098984,18.988899231,-7.06958770752,25.0975646973,109.436019897,28.2044296265,0.868600189686],[-5.74032306671,8.59736156464,20.0021877289,10.7048492432,1.96850168705,6.80540752411,14.1534376144,5.99752759933,5.22905302048,6.16984891891,28.2044296265,87.2987136841,30.2338104248],[-19.422914505,2.37289404869,9.83316135406,28.0852146149,13.5310153961,-25.0714797974,-0.495059162378,10.2475862503,5.3649148941,7.58213806152,0.868600189686,30.2338104248,86.8533172607]],"icov":[[0.000171086154296,-0.0000421677614213,0.000107404368464,-0.000041163079004,0.000147648446728,-0.0000984735961538,0.000126512910356,-0.0000806841126177,0.000054238105804,-0.000277516257484,0.000183668700629,-0.0000729233724996,0.0000437995659013],[-0.0000421677614213,0.000743031676393,0.000370569701772,-0.000177598645678,-0.000209543839446,0.0000627676345175,-0.000621353741735,0.00000430594536738,-0.000280481879599,0.000199197151233,-0.000176298155566,0.0000102885815068,0.0000305762041535],[0.000107404368464,0.000370569701772,0.00227447249927,-0.000511922698934,-0.000452837528428,-0.000972090288997,0.0000659165598336,-0.000759780756198,0.0000550177283003,0.000373813381884,-0.000603621127084,-0.000131889028125,-0.000182198084076],[-0.000041163079004,-0.000177598645678,-0.000511922698934,0.00390543672256,-0.00232845824212,0.000581941974815,0.000286552211037,-0.000429744221037,0.0000630071299383,0.000227908254601,0.000822596251965,-0.000471099920105,-0.000494217907544],[0.000147648446728,-0.000209543839446,-0.000452837528428,-0.00232845824212,0.00546840159222,-0.000962673861068,0.000863602908794,0.000047502318921,0.000182692994713,-0.000611363269854,-0.000523194088601,0.000582850014325,-0.000443125230959],[-0.0000984735961538,0.0000627676345175,-0.000972090288997,0.000581941974815,-0.000962673861068,0.00739755528048,-0.00314959208481,0.000226917560212,-0.00127478863578,0.000393076654291,-0.00135448889341,-0.000222678630962,0.00227429298684],[0.000126512910356,-0.000621353741735,0.0000659165598336,0.000286552211037,0.000863602908794,-0.00314959208481,0.00953858345747,-0.00417153444141,0.00130568654276,-0.00138383894227,0.00123166607227,-0.001377392211,-0.0000447061902378],[-0.0000806841126177,0.00000430594536738,-0.000759780756198,-0.000429744221037,0.000047502318921,0.000226917560212,-0.00417153444141,0.0113462973386,-0.00315712718293,0.00255686976016,-0.00245264871046,0.00145693309605,-0.00160839955788],[0.000054238105804,-0.000280481879599,0.0000550177283003,0.0000630071299383,0.000182692994713,-0.00127478863578,0.00130568654276,-0.00315712718293,0.0119738038629,-0.00535538466647,0.00307400873862,-0.00125941459555,0.000112241628813],[-0.000277516257484,0.000199197151233,0.000373813381884,0.000227908254601,-0.000611363269854,0.000393076654291,-0.00138383894227,0.00255686976016,-0.00535538466647,0.0128100933507,-0.00427675666288,0.00117567472626,-0.00143835565541],[0.000183668700629,-0.000176298155566,-0.000603621127084,0.000822596251965,-0.000523194088601,-0.00135448889341,0.00123166607227,-0.00245264871046,0.00307400873862,-0.00427675666288,0.0126828020439,-0.0043082581833,0.00139149732422],[-0.0000729233724996,0.0000102885815068,-0.000131889028125,-0.000471099920105,0.000582850014325,-0.000222678630962,-0.001377392211,0.00145693309605,-0.00125941459555,0.00117567472626,-0.0043082581833,0.0149028943852,-0.00535363517702],[0.0000437995659013,0.0000305762041535,-0.000182198084076,-0.000494217907544,-0.000443125230959,0.00227429298684,-0.0000447061902378,-0.00160839955788,0.000112241628813,-0.00143835565541,0.00139149732422,-0.00535363517702,0.0145864505321]],"mean":[-672.749267578,147.374511719,-7.58196401596,28.1055316925,1.08919858932,1.35777020454,0.419543832541,-0.60287553072,-2.25888109207,2.26607918739,-5.14493751526,0.920545458794,-1.13672423363]},"pitch_salience":{"dmean":0.0679821521044,"dmean2":0.108843289316,"dvar":0.00408656569198,"dvar2":0.0098765976727,"max":0.873992919922,"mean":0.549448788166,"median":0.552821040154,"min":0.00191374192946,"var":0.0134606733918},"silence_rate_20dB":{"dmean":0,"dmean2":0,"dvar":0,"dvar2":0,"max":1,"mean":1,"median":1,"min":1,"var":0},"silence_rate_30dB":{"dmean":0.000409039785154,"dmean2":0.000818163214717,"dvar":0.000408914493164,"dvar2":0.0012267435668,"max":1,"mean":0.999795496464,"median":1,"min":0,"var":0.00020443048561},"silence_rate_60dB":{"dmean":0.0239288266748,"dmean2":0.0478625483811,"dvar":0.0233588516712,"dvar2":0.0523198582232,"max":1,"mean":0.0542944781482,"median":0,"min":0,"var":0.0513463206589},"spectral_centroid":{"dmean":232.01335144,"dmean2":335.256011963,"dvar":89966.8671875,"dvar2":176339.90625,"max":11685,"mean":1123.93005371,"median":937.417602539,"min":123.969009399,"var":1022699.375},"spectral_complexity":{"dmean":3.32263016701,"dmean2":4.65657615662,"dvar":10.4997425079,"dvar2":19.271320343,"max":50,"mean":14.7949895859,"median":14,"min":0,"var":47.0433425903},"spectral_contrast_coeffs":{"dmean":[0.049580655992,0.0516008660197,0.0418566837907,0.0339202657342,0.0251635406166,0.0193293746561],"dmean2":[0.0793327838182,0.0810085088015,0.0638128072023,0.0513423644006,0.0384697578847,0.0296254493296],"dvar":[0.0017560091801,0.0019362019375,0.00129439751618,0.000826671894174,0.000485357420985,0.000308505201247],"dvar2":[0.00430321786553,0.00450326828286,0.00273736054078,0.00170610868372,0.0010055230232,0.000696395989507],"max":[-0.299291551113,-0.351842433214,-0.420090049505,-0.455179214478,-0.55241549015,-0.591082215309],"mean":[-0.603090047836,-0.707334041595,-0.748236715794,-0.764594316483,-0.781334996223,-0.767970323563],"median":[-0.608364582062,-0.715296030045,-0.764878511429,-0.776235461235,-0.78699940443,-0.767146945],"min":[-0.977309405804,-0.975494980812,-0.977709949017,-0.971503078938,-0.968288183212,-0.965259552002],"var":[0.0105565115809,0.008310678415,0.0073314299807,0.0047212135978,0.00261726789176,0.00167304475326]},"spectral_contrast_valleys":{"dmean":[0.41966548562,0.400791794062,0.414649009705,0.373301327229,0.333154946566,0.382244169712],"dmean2":[0.666398227215,0.630479037762,0.597814559937,0.527962446213,0.455750882626,0.49983087182],"dvar":[0.153471574187,0.134212583303,0.143008843064,0.124819435179,0.11539529264,0.176783487201],"dvar2":[0.339092820883,0.287404537201,0.275195658207,0.236436590552,0.211458563805,0.326814621687],"max":[-5.71024990082,-4.7844991684,-4.92592430115,-5.7127494812,-5.81523370743,-8.01346302032],"mean":[-7.57899951935,-6.99664020538,-7.65469169617,-8.13047885895,-8.04585933685,-10.9657611847],"median":[-7.24671220779,-6.77029800415,-7.42792892456,-7.91198825836,-7.82808876038,-10.7955265045],"min":[-28.5789604187,-27.9705619812,-27.9118595123,-27.5535469055,-27.4699935913,-27.4422206879],"var":[3.90210723877,3.80073523521,3.70308589935,3.50278115273,3.46670746803,2.85131955147]},"spectral_decrease":{"dmean":1.65420721565e-9,"dmean2":2.31711738685e-9,"dvar":3.62915360795e-18,"dvar2":6.69364188332e-18,"max":1.47307676803e-28,"mean":-6.52273834945e-9,"median":-5.90300075487e-9,"min":-2.93544246688e-8,"var":1.83945661836e-17},"spectral_energy":{"dmean":0.00659924373031,"dmean2":0.00917542725801,"dvar":0.0000583077016927,"dvar2":0.000105404935312,"max":0.118663415313,"mean":0.0260543376207,"median":0.0233683492988,"min":9.892669767e-21,"var":0.00029933769838},"spectral_energyband_high":{"dmean":0.000154875582666,"dmean2":0.00021131032554,"dvar":1.26575301351e-7,"dvar2":2.22640295533e-7,"max":0.0106552643701,"mean":0.000293389777653,"median":0.000116636583698,"min":7.07510115357e-21,"var":3.38859081239e-7},"spectral_energyband_low":{"dmean":0.00240819575265,"dmean2":0.00383938197047,"dvar":0.0000108819604066,"dvar2":0.0000261169589066,"max":0.0380515679717,"mean":0.00684736203402,"median":0.00662040291354,"min":1.38274205817e-23,"var":0.0000321829029417},"spectral_energyband_middle_high":{"dmean":0.00203753798269,"dmean2":0.00253860466182,"dvar":0.0000116553164844,"dvar2":0.0000167223261087,"max":0.0890611335635,"mean":0.00528735015541,"median":0.00217313598841,"min":1.23178573001e-21,"var":0.0000605757122685},"spectral_energyband_middle_low":{"dmean":0.00485792756081,"dmean2":0.00709143886343,"dvar":0.000037154983147,"dvar2":0.0000767513920437,"max":0.103862926364,"mean":0.0144061539322,"median":0.0116013083607,"min":1.61739305739e-22,"var":0.000140945863677},"spectral_entropy":{"dmean":0.200886011124,"dmean2":0.280423611403,"dvar":0.0420068725944,"dvar2":0.0790106505156,"max":9.8215637207,"mean":7.26957273483,"median":7.23663425446,"min":4.43800354004,"var":0.269938468933},"spectral_flux":{"dmean":0.0243153702468,"dmean2":0.0365798100829,"dvar":0.000558744417503,"dvar2":0.00122507312335,"max":0.313332468271,"mean":0.0756752118468,"median":0.0688212662935,"min":6.38795266683e-11,"var":0.00183176400606},"spectral_kurtosis":{"dmean":2.61941409111,"dmean2":4.37686395645,"dvar":14.1844530106,"dvar2":33.2987556458,"max":145.377380371,"mean":6.15031957626,"median":4.96045398712,"min":-1.27832877636,"var":46.8747444153},"spectral_rms":{"dmean":0.000657268683426,"dmean2":0.000900223676581,"dvar":4.70873857239e-7,"dvar2":8.17629995709e-7,"max":0.0107596088201,"mean":0.00470527354628,"median":0.00477476604283,"min":3.10666791771e-12,"var":0.00000327931979882},"spectral_rolloff":{"dmean":371.62878418,"dmean2":593.351135254,"dvar":587129.125,"dvar2":1215918.5,"max":19638.28125,"mean":1224.2800293,"median":775.1953125,"min":21.533203125,"var":3814330.5},"spectral_skewness":{"dmean":0.303488403559,"dmean2":0.479125142097,"dvar":0.107454940677,"dvar2":0.246908545494,"max":10.4954452515,"mean":1.67944967747,"median":1.61608457565,"min":-0.0558582395315,"var":0.474690109491},"spectral_spread":{"dmean":449692.8125,"dmean2":670777.8125,"dvar":506247872512,"dvar2":1032743419900,"max":44078096,"mean":3908933,"median":3345589.25,"min":739451.125,"var":10994878251000},"spectral_strongpeak":{"dmean":0.500940322876,"dmean2":0.808004319668,"dvar":0.661787927151,"dvar2":1.45396316051,"max":12.1616458893,"mean":1.09547877312,"median":0.516492724419,"min":0,"var":1.59463763237},"zerocrossingrate":{"dmean":0.00817595236003,"dmean2":0.00911140441895,"dvar":0.000126331462525,"dvar2":0.000135500042234,"max":0.52587890625,"mean":0.0456823557615,"median":0.03662109375,"min":0,"var":0.00241829873994}},"metadata":{"audio_properties":{"analysis_sample_rate":44100,"bit_rate":256029,"codec":"mp3","downmix":"mix","equal_loudness":0,"length":227.05632019,"lossless":false,"md5_encoded":"971ff5f119c486b25c44258f5428a07c","replay_gain":-11.3914222717,"sample_rate":44100},"tags":{"album":["The Monkees Present: Micky, David & Michael"],"albumartist":["The Monkees"],"artist":["The Monkees"],"bpm":["101"],"composer":["3Good Late Sixties Funky"],"contentgroup":["Funky"],"date":["1969"],"discnumber":["1/1"],"file_name":"C:\\Users\\KMC\\Music\\iTunes\\iTunes Media\\Music\\The Monkees\\The Monkees Present_ Micky, David & Mich\\05 Never Tell a Woman Yes.mp3","genre":["60's Oldies"],"initialkey":["C"],"language":["eng"],"musicbrainz_recordingid":["42a2e1b5-6038-4090-aef4-f9f3de777ed1"],"title":["Never Tell a Woman Yes"],"tracknumber":["5/17"]},"version":{"essentia":"2.1-beta2","essentia_build_sha":"2d9f1f26377add8aeb1075a9c2973f962c4f09fd","essentia_git_sha":"v2.1_beta2-1-ge3940c0","extractor":"music 1.0"}},"rhythm":{"beats_count":384,"beats_loudness":{"dmean":0.0156457666308,"dmean2":0.0268001928926,"dvar":0.000193214058527,"dvar2":0.000514258339535,"max":0.104718260467,"mean":0.0343066342175,"median":0.0331154577434,"min":0,"var":0.000343395251548},"beats_loudness_band_ratio":{"dmean":[0.216869786382,0.154360622168,0.177859008312,0.108262754977,0.0580760911107,0.0327379107475],"dmean2":[0.374531298876,0.270137280226,0.309972405434,0.190359130502,0.104066096246,0.0563685745001],"dvar":[0.0312941372395,0.0171772371978,0.025134190917,0.0191206354648,0.00352159864269,0.007167364005],"dvar2":[0.0825017914176,0.0465828329325,0.0767171904445,0.0506438016891,0.00944416411221,0.0181298330426],"max":[0.998241007328,0.752839028835,0.827019512653,0.834633052349,0.369885653257,0.966600894928],"mean":[0.380412429571,0.237912997603,0.235821977258,0.113411284983,0.06572192162