{"lowlevel":{"average_loudness":0.900317430496,"barkbands":{"dmean":[0.00615726597607,0.0133784003556,0.00257111270912,0.00142066378612,0.00168092118111,0.00184801279102,0.00139653601218,0.00101850973442,0.000806744210422,0.000611648836639,0.000753562082537,0.000678194512147,0.000372290203813,0.000565949128941,0.000343073770637,0.00028300168924,0.000208122830372,0.000171043415321,0.000122251134599,0.0000772013954702,0.0000678435317241,0.000043004656618,0.0000204858188226,0.00000724813799025,0.00000316043633575,0.00000902288411453,0.000162588781677],"dmean2":[0.0106188012287,0.0229583531618,0.00424693292007,0.00233099097386,0.00277095660567,0.00289815058932,0.00218432210386,0.00158761476632,0.00128713273443,0.000990332453512,0.00122901995201,0.00112340424675,0.00062791648088,0.000946416868828,0.000581823755056,0.000477564841276,0.000354865944246,0.000294120662147,0.000206988464925,0.000119825519505,0.000100418677903,0.0000649464127491,0.0000305219436996,0.0000114857202789,0.00000526788562638,0.0000135544105433,0.000262946559815],"dvar":[0.000182999661774,0.000513882201631,0.0000159453811648,0.00000572503404328,0.000010640535038,0.000021014808226,0.000015449930288,0.00000876607737155,0.0000046844870667,0.00000148747290041,0.00000184685563909,0.0000010934771808,4.07866252772e-7,6.72971168569e-7,2.72082445463e-7,1.93021875816e-7,1.31889876798e-7,1.509585843e-7,6.10473378515e-8,4.57031781309e-8,4.6908677831e-8,1.73959584515e-8,3.30533911352e-9,2.99616970123e-10,2.60570662269e-11,3.32493532706e-10,4.60858551321e-8],"dvar2":[0.000489325844683,0.00139219802804,0.0000393621703552,0.0000134365773192,0.0000270561595244,0.0000473068139399,0.0000372217400582,0.0000201174934773,0.0000110064838736,0.00000341666736858,0.00000453216898677,0.00000274703347714,0.00000104850357729,0.00000181986195003,7.5382513387e-7,5.30657928266e-7,3.71790264353e-7,4.33384514054e-7,1.65708854638e-7,8.84318964722e-8,8.39309350908e-8,3.303362206e-8,6.59894094923e-9,6.36413088895e-10,6.42183875521e-11,6.62683574681e-10,1.21732014691e-7],"max":[0.150022178888,0.25453260541,0.0747817903757,0.0560915507376,0.0650677978992,0.0997218042612,0.119391985238,0.0844261422753,0.057662691921,0.0429216660559,0.0307736359537,0.0180247537792,0.0173734053969,0.016677480191,0.0108527783304,0.00764483725652,0.00519824959338,0.0062671690248,0.00410217791796,0.00643991585821,0.00565474806353,0.00400950061157,0.00157327461056,0.000508250494022,0.0000869887880981,0.000507525226567,0.00447795633227],"mean":[0.00698177842423,0.0187327172607,0.00336853647605,0.0019858693704,0.00251424266025,0.00281616905704,0.00233729439788,0.001520699705,0.00130728061777,0.000940753729083,0.00124823465012,0.00118875538465,0.000600645202212,0.00105111161247,0.000640632642899,0.000502272159792,0.000375928531867,0.000272791978205,0.000204234544071,0.000145951387822,0.000129226813442,0.0000778001340223,0.0000350345217157,0.00000985293354461,0.00000323903509525,0.0000167105390574,0.00068423175253],"median":[0.00335259595886,0.0111645106226,0.00183074816596,0.00101900880691,0.00128733902238,0.00103951699566,0.000650201283861,0.000316133489832,0.000457454036223,0.000404148333473,0.000568484421819,0.000748491671402,0.000394037662772,0.000705051643308,0.000432415370597,0.000372145354049,0.000268168369075,0.00015824395814,0.000107714178739,0.0000629204296274,0.0000589955052419,0.0000331549817929,0.0000131786209749,0.00000393607615479,0.00000133466983243,0.00000864370122144,0.000700266798958],"min":[9.67267123748e-25,3.80704509518e-24,2.00983535963e-24,5.94651732003e-25,1.12251175501e-23,2.45321573582e-23,1.83251788749e-23,2.14313376218e-23,3.05661607331e-23,1.54021746974e-23,2.07522072685e-23,4.77181014935e-23,4.00961842253e-23,4.63482161326e-23,7.22600817477e-23,8.46515214687e-23,6.08795073233e-23,1.77877191049e-22,9.4849378826e-23,2.21118519527e-22,2.94361995279e-22,3.81478189584e-22,4.40730251616e-22,7.14115564523e-22,9.76672909536e-22,1.30549911443e-21,2.1605624385e-21],"var":[0.000154924578965,0.000563872104976,0.0000220467263716,0.0000109137163236,0.0000182902567758,0.0000373688017135,0.0000371463138436,0.0000184779783012,0.00000996788730845,0.00000286044928544,0.00000381276686312,0.00000210328994399,6.10859387962e-7,0.00000132336322167,5.18440742781e-7,2.99625952493e-7,1.89738329937e-7,1.58532856176e-7,8.71218333032e-8,1.19368081641e-7,1.17642997566e-7,3.4349753264e-8,6.87501700014e-9,5.26756194219e-10,2.86866416038e-11,7.93013377187e-10,2.88861599529e-7]},"barkbands_crest":{"dmean":3.00597047806,"dmean2":4.97770118713,"dvar":6.18073940277,"dvar2":16.5059566498,"max":24.4494819641,"mean":10.8966388702,"median":10.3571844101,"min":2.45967531204,"var":18.8948097229},"barkbands_flatness_db":{"dmean":0.0302632264793,"dmean2":0.0487790964544,"dvar":0.000822100089863,"dvar2":0.00219087558798,"max":0.464840531349,"mean":0.148804754019,"median":0.137086316943,"min":0.0326693840325,"var":0.00358481146395},"barkbands_kurtosis":{"dmean":5.58118009567,"dmean2":9.07521152496,"dvar":107.725898743,"dvar2":269.434814453,"max":265.026245117,"mean":9.31982707977,"median":4.08315181732,"min":-1.7936809063,"var":270.239105225},"barkbands_skewness":{"dmean":0.724175691605,"dmean2":1.1688542366,"dvar":0.610563993454,"dvar2":1.54932820797,"max":12.8157148361,"mean":2.24924969673,"median":1.85772395134,"min":-1.98919904232,"var":2.24654817581},"barkbands_spread":{"dmean":6.48270225525,"dmean2":10.199637413,"dvar":48.1596298218,"dvar2":114.557662964,"max":119.384277344,"mean":24.328207016,"median":22.4171390533,"min":0.437755137682,"var":226.351074219},"dissonance":{"dmean":0.0188976097852,"dmean2":0.0320246107876,"dvar":0.000410218082834,"dvar2":0.0011170541402,"max":0.500000238419,"mean":0.468298077583,"median":0.476731747389,"min":0.194672718644,"var":0.000842244538944},"dynamic_complexity":3.08808875084,"erbbands":{"dmean":[0.698356091976,2.0302503109,3.04326415062,3.91962790489,4.864777565,5.92959833145,8.1850233078,17.0920829773,17.4932861328,26.0243721008,19.7810440063,19.244348526,16.8815193176,20.1207141876,28.3689746857,29.7882537842,16.9174861908,24.706577301,20.8694648743,15.7725324631,14.9854154587,11.4462900162,9.39399719238,7.58749055862,4.55161905289,3.68216013908,3.19356584549,2.44083380699,1.66520321369,0.919445037842,0.545877635479,0.25350394845,0.0816676318645,0.036908172071,0.022265939042,0.0162375885993,0.01955046691,0.0211452953517,0.0103212296963,0.00373098952696],"dmean2":[1.21031248569,3.44859743118,5.10122203827,6.29552221298,8.09378433228,9.82980918884,13.2110109329,26.9120311737,27.1643505096,40.2844390869,30.9567565918,30.1440200806,27.6231803894,32.328754425,46.1772842407,49.4276390076,28.4756507874,41.2386665344,35.1712188721,26.8245677948,25.161989212,19.5413341522,16.1629619598,13.0222816467,7.49627590179,5.69709062576,4.75178194046,3.68313407898,2.52519273758,1.38076138496,0.815310835838,0.386109888554,0.132735654712,0.0611880086362,0.0370362997055,0.0263660233468,0.0291695445776,0.0310622062534,0.0150736989453,0.00608364213258],"dvar":[1.84075558186,9.57492160797,23.4524707794,38.0455169678,88.9289703369,152.862991333,414.961975098,1924.91333008,2061.46557617,7706.81005859,3218.91870117,2951.73657227,1272.3795166,1436.78210449,2430.58935547,2178.38037109,831.909057617,1290.61499023,970.467712402,645.434448242,513.99395752,437.536956787,471.433074951,242.272613525,93.6172485352,111.639549255,110.387069702,55.6388626099,26.618062973,7.0152015686,2.51354122162,0.434538453817,0.031900215894,0.00356393866241,0.00128972809762,0.000761760864407,0.00180844415445,0.00182655500248,0.000347030727426,0.0000257100127783],"dvar2":[5.07095193863,25.5003318787,58.1003189087,85.7412872314,221.503997803,392.707611084,960.886291504,4348.94189453,4776.22900391,17788.5664062,7884.31054688,6740.85498047,3100.2175293,3290.9296875,6012.30224609,5510.64306641,2166.86157227,3396.24902344,2629.79980469,1798.40002441,1401.11096191,1239.25549316,1352.43823242,680.498596191,239.307327271,220.04624939,197.211868286,102.834480286,49.9467887878,14.0067491531,5.06727981567,0.902815937996,0.0667211785913,0.00864323135465,0.00318298419006,0.00170325464569,0.00361777492799,0.00351694156416,0.000644422485493,0.0000699848969816],"max":[16.1649532318,41.1619911194,71.3995742798,151.639480591,280.399841309,286.497589111,460.44519043,1036.80200195,1091.59216309,2111.04394531,1273.47900391,1636.53112793,687.739074707,1469.21936035,1118.26147461,899.32019043,950.508605957,560.049926758,644.746826172,353.249908447,322.455322266,311.984100342,331.540618896,242.789916992,218.222640991,353.906555176,265.775085449,221.372070312,169.895095825,71.58203125,49.2059936523,20.8805732727,7.92966890335,1.096591115,0.613223791122,0.876255095005,1.1501172781,0.903614699841,0.446656346321,0.126227349043],"mean":[0.912785887718,2.7650449276,4.0466837883,6.0298910141,7.07592725754,8.25738334656,11.6703796387,26.4272537231,29.7934494019,42.4247398376,31.3800468445,32.1367416382,26.1763324738,36.05103302,50.8300933838,53.7247428894,30.9721832275,45.9437789917,43.2753448486,30.2644004822,28.3115577698,21.4956760406,15.5844659805,12.655459404,8.2038640976,6.90382528305,6.0763258934,4.58137512207,3.04089951515,1.57636654377,0.925825953484,0.391934454441,0.0959800556302,0.0390652269125,0.0232018623501,0.0199613589793,0.0363076291978,0.0529827475548,0.0370728932321,0.019581425935],"median":[0.444380193949,1.75278627872,2.41021466255,3.1421225071,3.40275382996,4.12643623352,5.78650569916,9.21707725525,9.93571281433,8.58168697357,8.28995037079,10.8877658844,12.2533473969,17.9746551514,27.445646286,34.5022964478,22.1457748413,31.1064090729,31.776714325,21.9874591827,22.0252380371,15.6606607437,9.53201389313,7.38461303711,4.39874362946,2.98965859413,2.58132338524,2.13680887222,1.3018232584,0.593527793884,0.345354676247,0.157179757953,0.0352697335184,0.0163922905922,0.00992468185723,0.00898676924407,0.0181711502373,0.0304723922163,0.0236646011472,0.0214553289115],"min":[7.34641043701e-23,1.17928227836e-21,3.37612636103e-21,3.00107083712e-21,2.83436797313e-20,2.83765763165e-20,6.47285631429e-20,1.39139572624e-19,2.49529785125e-19,2.27080930481e-19,4.87765246165e-19,4.99181372594e-19,5.65334366601e-19,8.62781535539e-19,1.55289945797e-18,1.87081185074e-18,2.2374577961e-18,4.11189249112e-18,3.66282606274e-18,2.7847144923e-18,5.43098087035e-18,4.73135316261e-18,9.41587714921e-18,6.98351781641e-18,9.42135473923e-18,1.02576302026e-17,1.24797094704e-17,1.1880817472e-17,1.39138743892e-17,1.03630891133e-17,1.31181200225e-17,1.26820229589e-17,1.22499881794e-17,9.24332479189e-18,7.00121782716e-18,4.38999681692e-18,2.57202257537e-18,1.12191468078e-18,2.63856191442e-19,2.97013254545e-20],"var":[1.82172143459,10.9978151321,28.8194561005,89.7613220215,183.900680542,200.318252563,559.430603027,3608.66333008,4864.08056641,19985.9570312,5995.93310547,6607.72753906,2005.7644043,3342.99169922,4890.9921875,4328.85888672,1347.27746582,2624.87182617,2020.29870605,1058.95678711,876.628417969,615.362304688,487.957550049,310.09979248,155.070480347,279.997009277,284.331176758,131.155075073,53.7975502014,13.3744459152,5.10567760468,0.838294029236,0.0524736978114,0.00417651608586,0.00142309383955,0.00123717926908,0.00417498219758,0.00545126618817,0.00188833347056,0.000210189537029]},"erbbands_crest":{"dmean":2.64458107948,"dmean2":4.27337408066,"dvar":6.43637609482,"dvar2":15.5456724167,"max":32.2146987915,"mean":9.16141319275,"median":8.01556301117,"min":2.26609444618,"var":19.7464237213},"erbbands_flatness_db":{"dmean":0.022612106055,"dmean2":0.035859555006,"dvar":0.000501149392221,"dvar2":0.00133075751364,"max":0.390557140112,"mean":0.151343554258,"median":0.144597917795,"min":0.0329780876637,"var":0.00186067936011},"erbbands_kurtosis":{"dmean":1.10473322868,"dmean2":1.7601108551,"dvar":5.20143604279,"dvar2":13.6513204575,"max":58.2210693359,"mean":0.843325078487,"median":0.182847261429,"min":-1.89094781876,"var":8.80195713043},"erbbands_skewness":{"dmean":0.372269928455,"dmean2":0.576608240604,"dvar":0.129951030016,"dvar2":0.319466948509,"max":6.64335536957,"mean":-0.0539693944156,"median":-0.118445083499,"min":-4.2418346405,"var":0.731612443924},"erbbands_spread":{"dmean":5.99370527267,"dmean2":9.48503684998,"dvar":37.2961616516,"dvar2":91.3521652222,"max":153.665542603,"mean":28.4344615936,"median":26.3183517456,"min":2.07273697853,"var":161.925445557},"gfcc":{"cov":[[13610.4169922,-564.80847168,-1478.92529297,-125.44997406,230.736740112,-778.790161133,764.381713867,-57.0647087097,791.647949219,165.526245117,386.848236084,327.455657959,84.734588623],[-564.80847168,988.653137207,48.8078689575,-335.261657715,32.4733886719,97.195274353,-139.672470093,-29.2073440552,-89.7240219116,-52.8166923523,-27.7148284912,-99.8489532471,56.5423278809],[-1478.92529297,48.8078689575,456.051147461,145.511291504,-83.7932662964,211.548370361,-162.089324951,51.6710128784,-141.317962646,17.4174728394,-53.1067199707,-36.0207023621,2.45573997498],[-125.44997406,-335.261657715,145.511291504,402.250579834,82.2698364258,8.51285743713,68.0799636841,-9.93305969238,-14.4192209244,10.6001462936,-1.96237814426,38.0854263306,-35.816493988],[230.736740112,32.4733886719,-83.7932662964,82.2698364258,236.591674805,-15.9806203842,96.2313613892,-40.4981536865,49.6553840637,-11.7191200256,34.9770202637,8.1675157547,24.4977474213],[-778.790161133,97.195274353,211.548370361,8.51285743713,-15.9806203842,321.688415527,-116.932106018,35.3744735718,-142.170028687,0.6976583004,-43.0095214844,-28.2051792145,11.434586525],[764.381713867,-139.672470093,-162.089324951,68.0799636841,96.2313613892,-116.932106018,249.991912842,-6.52225923538,143.333358765,8.16542625427,44.9909553528,54.7847518921,-12.715429306],[-57.0647087097,-29.2073440552,51.6710128784,-9.93305969238,-40.4981536865,35.3744735718,-6.52225923538,163.185592651,21.4448242188,35.2230911255,-0.103843182325,-25.6566581726,15.2530755997],[791.647949219,-89.7240219116,-141.317962646,-14.4192209244,49.6553840637,-142.170028687,143.333358765,21.4448242188,227.597305298,59.2068443298,51.1120414734,40.17786026,-3.20925283432],[165.526245117,-52.8166923523,17.4174728394,10.6001462936,-11.7191200256,0.6976583004,8.16542625427,35.2230911255,59.2068443298,89.9500427246,46.8714675903,9.1720123291,10.9327716827],[386.848236084,-27.7148284912,-53.1067199707,-1.96237814426,34.9770202637,-43.0095214844,44.9909553528,-0.103843182325,51.1120414734,46.8714675903,85.5811004639,48.9244041443,17.7131214142],[327.455657959,-99.8489532471,-36.0207023621,38.0854263306,8.1675157547,-28.2051792145,54.7847518921,-25.6566581726,40.17786026,9.1720123291,48.9244041443,94.7433395386,13.6468830109],[84.734588623,56.5423278809,2.45573997498,-35.816493988,24.4977474213,11.434586525,-12.715429306,15.2530755997,-3.20925283432,10.9327716827,17.7131214142,13.6468830109,77.8576049805]],"icov":[[0.00014419828949,-0.0000593607655901,0.00057592371013,-0.000343153456924,0.000359466648661,-0.000177715643076,0.00000136627625125,0.0000295455192827,-0.000351321359631,0.000150488340296,-0.000432456028648,0.000126238621306,-0.000341774139088],[-0.0000593607655901,0.00216327654198,-0.00157358846627,0.00246990914457,-0.00142085470725,0.000148185383296,-0.0000264258651441,0.000612949079368,0.000224772709771,0.00114224175923,-0.000855685269926,0.0015124687925,-0.000241224857746],[0.00057592371013,-0.00157358846627,0.00882113724947,-0.00606126850471,0.0045391866006,-0.00356029742397,0.00236593093723,-0.000503971939906,-0.00212446483783,0.0000696850256645,-0.00158264557831,0.00132043089252,-0.00293955137022],[-0.000343153456924,0.00246990914457,-0.00606126850471,0.00974921882153,-0.0071890889667,0.00362170813605,-0.00232829502784,-0.000704778940417,0.00534710520878,-0.00542000774294,0.00664193509147,-0.0054995873943,0.00517813954502],[0.000359466648661,-0.00142085470725,0.0045391866006,-0.0071890889667,0.0130411768332,-0.0051242779009,-0.00118953932542,0.00339884799905,-0.00674475496635,0.00968553684652,-0.0122111048549,0.010166364722,-0.00766254588962],[-0.000177715643076,0.000148185383296,-0.00356029742397,0.00362170813605,-0.0051242779009,0.0080929743126,-0.000467301986646,-0.00227318401448,0.00665337545797,-0.00754390284419,0.00824932940304,-0.00634921807796,0.0032266380731],[0.00000136627625125,-0.0000264258651441,0.00236593093723,-0.00232829502784,-0.00118953932542,-0.000467301986646,0.00986439548433,-0.00115590088535,-0.00501780584455,0.00339024607092,-0.00161450076848,-0.0017828787677,0.00114931399003],[0.0000295455192827,0.000612949079368,-0.000503971939906,-0.000704778940417,0.00339884799905,-0.00227318401448,-0.00115590088535,0.00919622275978,-0.00325015140697,0.00152889080346,-0.00408349558711,0.00675633456558,-0.00411549862474],[-0.000351321359631,0.000224772709771,-0.00212446483783,0.00534710520878,-0.00674475496635,0.00665337545797,-0.00501780584455,-0.00325015140697,0.0170022081584,-0.0158117190003,0.0120568918064,-0.00963090732694,0.00557443965226],[0.000150488340296,0.00114224175923,0.0000696850256645,-0.00542000774294,0.00968553684652,-0.00754390284419,0.00339024607092,0.00152889080346,-0.0158117190003,0.0374649465084,-0.02955968678,0.0176790449768,-0.00746062910184],[-0.000432456028648,-0.000855685269926,-0.00158264557831,0.00664193509147,-0.0122111048549,0.00824932940304,-0.00161450076848,-0.00408349558711,0.0120568918064,-0.02955968678,0.0448743216693,-0.0256743673235,0.00630318978801],[0.000126238621306,0.0015124687925,0.00132043089252,-0.0054995873943,0.010166364722,-0.00634921807796,-0.0017828787677,0.00675633456558,-0.00963090732694,0.0176790449768,-0.0256743673235,0.0316293314099,-0.0102709140629],[-0.000341774139088,-0.000241224857746,-0.00293955137022,0.00517813954502,-0.00766254588962,0.0032266380731,0.00114931399003,-0.00411549862474,0.00557443965226,-0.00746062910184,0.00630318978801,-0.0102709140629,0.0204406604171]],"mean":[3.42619395256,103.162765503,-94.7022399902,0.840676903725,-6.25063705444,-7.1106171608,0.234050020576,-19.1147460938,1.58237111568,-5.36325263977,-3.91934490204,1.90976274014,-6.23801994324]},"hfc":{"dmean":32.7233276367,"dmean2":54.1901893616,"dvar":1777.6036377,"dvar2":4737.30175781,"max":996.685546875,"mean":141.431365967,"median":156.575744629,"min":1.11780952816e-16,"var":10466.0644531},"melbands":{"dmean":[0.00495295319706,0.00181835191324,0.000662419013679,0.000375127070583,0.000277917162748,0.000381519290386,0.000269049574854,0.000270172022283,0.000161259638844,0.000115919734526,0.0000856033657328,0.0000823970040074,0.000108696258394,0.0000752941923565,0.0000551936136617,0.0000370405468857,0.0000522396949236,0.0000393906557292,0.0000249297590926,0.0000202828287001,0.0000180598090083,0.0000129623840621,0.0000104582222775,0.00000755844212108,0.00000652021935821,0.0000043298878154,0.00000265104517894,0.00000266238725999,0.0000022787078251,0.00000174617821358,0.00000140354120504,0.0000010964113244,6.9310942763e-7,4.6437477863e-7,3.29277014544e-7,2.82926748696e-7,1.12304867628e-7,6.05756014238e-8,4.03124538195e-8,2.88069426091e-8],"dmean2":[0.0085500087589,0.00306091620587,0.00107319420204,0.000620031380095,0.000449663290055,0.000595224089921,0.000418254086981,0.000417424744228,0.00025614965125,0.000182658026461,0.000140260512126,0.000132468339871,0.000176605972229,0.000124810045236,0.0000918283258216,0.0000627902845736,0.0000871252123034,0.0000664081744617,0.0000425526995969,0.0000345075168298,0.0000303694941977,0.0000222161943384,0.0000179514536285,0.0000130649277708,0.0000111983445095,0.00000728528220861,0.00000433100240116,0.00000412886765844,0.00000342664202435,0.00000268190183306,0.00000212110853681,0.00000168740632489,0.00000106756840523,7.05311947513e-7,5.01592410274e-7,4.29063391039e-7,1.76969010113e-7,9.93149384954e-8,6.63424657432e-8,4.80395385694e-8],"dvar":[0.000086218569777,0.00000740380164643,0.00000101359592009,5.69680594253e-7,3.75988634005e-7,9.42899589518e-7,4.75081748164e-7,7.61674982641e-7,2.13724462128e-7,1.03966854681e-7,3.29887264172e-8,2.60699266619e-8,3.97080945902e-8,1.34915572048e-8,7.99603139257e-9,4.01901800728e-9,5.77934544665e-9,3.66028052312e-9,1.49553225359e-9,1.08167530488e-9,7.35340954794e-10,5.0994902745e-10,5.3568255387e-10,3.1673938472e-10,1.70336564298e-10,7.85712814255e-11,4.23090520951e-11,6.53871679024e-11,5.63619567684e-11,3.40320341352e-11,1.80805596189e-11,1.25430950348e-11,3.68803251827e-12,1.78959028586e-12,9.44797517131e-13,5.70629860638e-13,9.31690434438e-14,1.92726134937e-14,6.77296480822e-15,2.20502030873e-15],"dvar2":[0.000235263185459,0.0000188063786482,0.00000237597714658,0.00000142700037031,8.69221707944e-7,0.00000211832661989,0.0000011295112472,0.00000174562887878,5.3778740039e-7,2.35042506347e-7,8.01674175932e-8,5.88180419925e-8,9.65269038034e-8,3.37639747272e-8,2.02782324266e-8,1.03732791246e-8,1.52034687062e-8,9.95688154148e-9,4.19283807673e-9,3.00463809388e-9,2.00296224051e-9,1.44439193939e-9,1.52867229986e-9,9.09231911983e-10,4.78307671248e-10,2.09653391869e-10,1.00751691712e-10,1.31802513348e-10,1.07491904267e-10,6.81826262117e-11,3.51298573564e-11,2.42096273584e-11,7.59637144854e-12,3.69519779359e-12,1.96649792804e-12,1.20036749637e-12,2.05823381884e-13,4.12237586189e-14,1.52426780643e-14,5.44449612144e-15],"max":[0.11022798717,0.0397657603025,0.0214507188648,0.0162097346038,0.0124255698174,0.0224731583148,0.0209658686072,0.0190716125071,0.010639318265,0.00898488424718,0.00341199687682,0.00668721087277,0.00464646983892,0.00209105317481,0.00256012217142,0.00156215927564,0.00114102964289,0.00137179903686,0.000607017485891,0.00050409603864,0.000385927822208,0.000354629708454,0.000405579950893,0.000227882832405,0.000208038269193,0.000183882599231,0.000199672664166,0.0002499736147,0.000200128983124,0.000165559948073,0.000124851198052,0.000119695658213,0.0000497705877933,0.0000353831965185,0.0000280841086351,0.0000245407663897,0.00000949785317061,0.00000589192450207,0.00000356422583536,8.02057513738e-7],"mean":[0.00684992037714,0.00261789979413,0.00106188515201,0.000551997683942,0.000408579799114,0.000604003376793,0.000456656329334,0.000434604240581,0.000252169847954,0.000189070211491,0.00012638764747,0.00013974547619,0.000181960844202,0.000135663329274,0.0000995418595267,0.0000596503959969,0.0000927364017116,0.0000768074387452,0.000045612512622,0.0000355248012056,0.0000322027262882,0.0000228533699556,0.0000170875955519,0.0000115770581033,0.0000103129186755,0.00000711443317414,0.00000459712464362,0.00000462046955363,0.00000406269236919,0.00000305580124405,0.00000247313846558,0.00000188478065866,0.00000116699641239,7.42572183299e-7,5.36074026058e-7,4.46996324399e-7,1.51601454945e-7,6.64591368604e-8,4.28550173126e-8,2.90671611225e-8],"median":[0.00390285346657,0.00182152329944,0.000599414343014,0.00026628919295,0.000212880710023,0.000214906875044,0.000147929473314,0.0000834118764033,0.0000678099968354,0.0000639044083073,0.0000557898310944,0.0000662494712742,0.0000841093860799,0.0000861366279423,0.0000659488578094,0.0000392194597225,0.0000596880563535,0.0000542695343029,0.0000311877993227,0.0000254271308222,0.0000242285859713,0.0000162818505487,0.0000102568583316,0.00000644146030027,0.00000573593843001,0.00000355381075678,0.00000230375053434,0.00000182279791261,0.00000158892964919,0.00000135843094995,0.00000112086229365,7.86964790223e-7,4.45990480102e-7,2.65196348437e-7,1.87387456663e-7,1.6237645184e-7,5.88041721983e-8,2.20306421994e-8,1.57855755134e-8,1.15887051066e-8],"min":[9.90646199965e-25,2.68010562168e-24,8.5638069339e-25,2.66056238162e-24,1.93816281044e-24,3.73821934778e-24,3.74904291383e-24,2.60592035329e-24,3.57878385352e-24,3.48756431717e-24,2.26856438161e-24,3.43990765217e-24,4.57635487173e-24,5.48296628326e-24,3.33433755267e-24,4.27258307536e-24,7.94996744228e-24,5.90555828132e-24,3.54381719946e-24,5.25081990164e-24,6.00430828387e-24,3.50509872294e-24,5.18099348418e-24,7.99483863943e-24,4.66172776547e-24,4.73446665739e-24,5.29262834632e-24,6.3832585245e-24,6.93508526594e-24,5.85113161203e-24,6.79261540873e-24,6.94835706181e-24,6.09254671485e-24,5.83602926443e-24,7.64060301652e-24,6.91350913132e-24,5.58291495995e-24,7.90238335248e-24,5.58203971877e-24,7.25675276637e-24],"var":[0.0000861359440023,0.00000886319685378,0.00000219217554331,9.92585796666e-7,5.38745211998e-7,0.00000182668009074,0.00000107597031729,0.00000195385564439,3.87517843592e-7,2.2566442226e-7,5.06168511549e-8,5.89278492669e-8,8.05854298846e-8,2.6554772603e-8,1.43211389414e-8,5.95990856667e-9,1.16759162339e-8,7.07800840161e-9,2.5092132816e-9,1.61462720971e-9,1.21881593707e-9,7.09698522172e-10,5.93279148031e-10,3.14688108904e-10,2.16139092735e-10,1.15664533507e-10,7.55340026637e-11,1.54064788704e-10,1.38235076164e-10,7.1106856514e-11,3.90883783674e-11,2.34908967278e-11,6.72867057211e-12,3.27826741447e-12,1.81956142861e-12,1.1118450995e-12,1.4899828604e-13,3.00335318139e-14,9.17733093296e-15,2.39808770477e-15]},"melbands_crest":{"dmean":4.86581897736,"dmean2":8.09039497375,"dvar":18.0719108582,"dvar2":49.098033905,"max":37.19789505,"mean":18.5118560791,"median":17.7688388824,"min":1.54687595367,"var":50.1713142395},"melbands_flatness_db":{"dmean":0.0386509746313,"dmean2":0.0623876303434,"dvar":0.00118737050798,"dvar2":0.00320297665894,"max":0.626518309116,"mean":0.261212736368,"median":0.250339657068,"min":0.00489793391898,"var":0.00559807708487},"melbands_kurtosis":{"dmean":9.30665111542,"dmean2":15.2502584457,"dvar":290.674804688,"dvar2":726.530639648,"max":423.746826172,"mean":16.1690998077,"median":6.18657875061,"min":-1.83071863651,"var":811.386047363},"melbands_skewness":{"dmean":0.948335945606,"dmean2":1.53580009937,"dvar":0.967709183693,"dvar2":2.4946167469,"max":18.3767204285,"mean":2.91099882126,"median":2.35294818878,"min":-1.45485234261,"var":4.06630897522},"melbands_spread":{"dmean":6.10163640976,"dmean2":9.86522293091,"dvar":51.1105804443,"dvar2":132.858596802,"max":164.400939941,"mean":18.5273418427,"median":16.5199279785,"min":0.390811920166,"var":188.401016235},"mfcc":{"cov":[[8485.46289062,21.7047290802,-1357.46179199,630.696105957,-570.964355469,-44.2494621277,-360.316772461,238.875961304,13.0053091049,289.766448975,216.87399292,301.720489502,144.167648315],[21.7047290802,1211.4564209,-61.3373527527,-321.320526123,74.9677352905,-34.8564071655,9.12736225128,-84.5701828003,35.5394058228,-57.6151542664,-21.8319854736,-44.8800964355,22.2143974304],[-1357.46179199,-61.3373527527,633.548095703,-146.643890381,154.945159912,17.8861961365,90.5495529175,-58.8110122681,-4.53468799591,-54.7825012207,-41.0511894226,-50.4237327576,-35.3733787537],[630.696105957,-321.320526123,-146.643890381,462.565673828,-57.4985694885,58.0221138,-26.0138759613,72.860534668,-15.7460317612,57.7591247559,39.0919799805,39.0933074951,1.42214202881],[-570.964355469,74.9677352905,154.945159912,-57.4985694885,227.831344604,48.186920166,89.8527526855,-36.9843101501,15.6626157761,-40.5406684875,-14.1510505676,-32.1716346741,-11.4359312057],[-44.2494621277,-34.8564071655,17.8861961365,58.0221138,48.186920166,207.96182251,42.6482391357,34.3503837585,-29.7028312683,-7.10010576248,-27.5115566254,5.62957620621,-3.49959564209],[-360.316772461,9.12736225128,90.5495529175,-26.0138759613,89.8527526855,42.6482391357,155.600799561,8.432305336,9.66630935669,-34.3750839233,-11.681221962,-26.4699573517,-5.97278213501],[238.875961304,-84.5701828003,-58.8110122681,72.860534668,-36.9843101501,34.3503837585,8.432305336,111.388450623,16.4449043274,20.4572048187,8.10570812225,12.4929838181,0.811425983906],[13.0053091049,35.5394058228,-4.53468799591,-15.7460317612,15.6626157761,-29.7028312683,9.66630935669,16.4449043274,93.3319244385,41.7839889526,23.1690998077,2.65402650833,7.07587194443],[289.766448975,-57.6151542664,-54.7825012207,57.7591247559,-40.5406684875,-7.10010576248,-34.3750839233,20.4572048187,41.7839889526,99.9082794189,47.0141525269,31.3961791992,4.84723949432],[216.87399292,-21.8319854736,-41.0511894226,39.0919799805,-14.1510505676,-27.5115566254,-11.681221962,8.10570812225,23.1690998077,47.0141525269,87.4278717041,36.1901473999,19.2251186371],[301.720489502,-44.8800964355,-50.4237327576,39.0933074951,-32.1716346741,5.62957620621,-26.4699573517,12.4929838181,2.65402650833,31.3961791992,36.1901473999,75.054725647,34.3259811401],[144.167648315,22.2143974304,-35.3733787537,1.42214202881,-11.4359312057,-3.49959564209,-5.97278213501,0.811425983906,7.07587194443,4.84723949432,19.2251186371,34.3259811401,60.9779243469]],"icov":[[0.000220183981583,-0.0000742718330002,0.00031167990528,-0.000140141070005,0.000152855485794,0.000032622298022,0.0000989207183011,-0.000169486636878,0.000100005192508,-0.000186139484867,-0.00004106558481,-0.000420380267315,-0.0000141751170304],[-0.0000742718330002,0.00118455628399,0.000312331685564,0.000801305635832,-0.000287906819722,-0.000269513257081,0.000179745344212,0.000594969431404,-0.000627526314929,0.000566656410228,-0.000252389058005,0.00079233845463,-0.000491896469612],[0.00031167990528,0.000312331685564,0.00270223803818,0.000486980512505,-0.000865573005285,0.0000239986002271,-0.000395034701796,0.000448440463515,0.000143707206007,-0.000152001273818,0.000206654600333,-0.000443170109065,0.000679648423102],[-0.000140141070005,0.000801305635832,0.000486980512505,0.00345337414183,-0.000333474949002,-0.000719075847883,0.000110922468593,-0.000934795709327,0.000897178659216,-0.000892169540748,-0.000897622201592,0.000354367541149,0.000211196515011],[0.000152855485794,-0.000287906819722,-0.000865573005285,-0.000333474949002,0.00799310393631,-0.00220761238597,-0.00257923244499,0.00277976621874,-0.00310834636912,0.00263044214807,-0.0016727213515,0.000510146433953,0.000723668548744],[0.000032622298022,-0.000269513257081,0.0000239986002271,-0.000719075847883,-0.00220761238597,0.00718847708777,-0.00151635648217,-0.00269501865841,0.00368453725241,-0.00271562323906,0.00352424266748,-0.002065081615,-0.000222702437895],[0.0000989207183011,0.000179745344212,-0.000395034701796,0.000110922468593,-0.00257923244499,-0.00151635648217,0.00990777555853,-0.00191610853653,-0.00177208904643,0.00309767830186,-0.00175288086757,0.00220094877295,-0.000832807156257],[-0.000169486636878,0.000594969431404,0.000448440463515,-0.000934795709327,0.00277976621874,-0.00269501865841,-0.00191610853653,0.0130061479285,-0.00432045850903,0.00124119303655,-0.000282471562969,-0.000394052272895,0.00118536362424],[0.000100005192508,-0.000627526314929,0.000143707206007,0.000897178659216,-0.00310834636912,0.00368453725241,-0.00177208904643,-0.00432045850903,0.0183853302151,-0.0102851474658,0.000532824546099,0.00216739717871,-0.00313687697053],[-0.000186139484867,0.000566656410228,-0.000152001273818,-0.000892169540748,0.00263044214807,-0.00271562323906,0.00309767830186,0.00124119303655,-0.0102851474658,0.0218321867287,-0.00780152715743,-0.00347320362926,0.00466347299516],[-0.00004106558481,-0.000252389058005,0.000206654600333,-0.000897622201592,-0.0016727213515,0.00352424266748,-0.00175288086757,-0.000282471562969,0.000532824546099,-0.00780152715743,0.0196979846805,-0.00622658524662,-0.00209648394957],[-0.000420380267315,0.00079233845463,-0.000443170109065,0.000354367541149,0.000510146433953,-0.002065081615,0.00220094877295,-0.000394052272895,0.00216739717871,-0.00347320362926,-0.00622658524662,0.0261238031089,-0.0120801590383],[-0.0000141751170304,-0.000491896469612,0.000679648423102,0.000211196515011,0.000723668548744,-0.000222702437895,-0.000832807156257,0.00118536362424,-0.00313687697053,0.00466347299516,-0.00209648394957,-0.0120801590383,0.0244815144688]],"mean":[-656.898132324,163.880447388,-22.0319671631,28.318687439,4.71232128143,26.6957969666,0.383022516966,9.41531848907,1.05335140228,3.62714219093,0.453183561563,4.58283519745,3.13631129265]},"pitch_salience":{"dmean":0.087959498167,"dmean2":0.144596576691,"dvar":0.00606979103759,"dvar2":0.015745844692,"max":0.87099224329,"mean":0.504592657089,"median":0.520244240761,"min":0.0818722471595,"var":0.0161733590066},"silence_rate_20dB":{"dmean":0,"dmean2":0,"dvar":0,"dvar2":0,"max":1,"mean":1,"median":1,"min":1,"var":0},"silence_rate_30dB":{"dmean":0.0817092806101,"dmean2":0.163433164358,"dvar":0.0750273913145,"dvar2":0.163734450936,"max":1,"mean":0.920711517334,"median":1,"min":0,"var":0.0730022639036},"silence_rate_60dB":{"dmean":0.00268192379735,"dmean2":0.00536432722583,"dvar":0.00267477147281,"dvar2":0.00748154520988,"max":1,"mean":0.0263698939234,"median":0,"min":0,"var":0.0256744902581},"spectral_centroid":{"dmean":212.039352417,"dmean2":317.574737549,"dvar":68781.5234375,"dvar2":120475.132812,"max":11676.2939453,"mean":1133.87365723,"median":1045.89306641,"min":149.057556152,"var":501873.5},"spectral_complexity":{"dmean":3.6565349102,"dmean2":5.76110839844,"dvar":13.3352975845,"dvar2":28.6105690002,"max":59,"mean":23.0763378143,"median":25,"min":0,"var":116.542495728},"spectral_contrast_coeffs":{"dmean":[0.053152307868,0.0525755397975,0.0376989878714,0.0280266217887,0.0242136083543,0.0432858802378],"dmean2":[0.0888475179672,0.086013995111,0.0622631721199,0.0469475276768,0.0403245687485,0.0681565999985],"dvar":[0.00171287718695,0.00170766736846,0.000907085312065,0.000500274240039,0.000515565800015,0.00156405055895],"dvar2":[0.00476990034804,0.00450090644881,0.00242742011324,0.00135828065686,0.00131910701748,0.00384729146026],"max":[-0.355378031731,-0.45636588335,-0.559324622154,-0.592375457287,-0.65673750639,-0.426965177059],"mean":[-0.710177123547,-0.756257593632,-0.792703092098,-0.806693077087,-0.816416800022,-0.731051385403],"median":[-0.719891428947,-0.765463411808,-0.794622421265,-0.80773293972,-0.806443095207,-0.726927936077],"min":[-0.980707406998,-0.975350618362,-0.975772321224,-0.984328210354,-0.97672778368,-0.964791178703],"var":[0.00584917841479,0.00589819531888,0.00300870463252,0.00175802246667,0.00226623006165,0.0070025823079]},"spectral_contrast_valleys":{"dmean":[0.396954804659,0.390910297632,0.326273560524,0.298929274082,0.340002000332,0.66427308321],"dmean2":[0.658260524273,0.64270055294,0.531579315662,0.480168014765,0.537910163403,1.06647479534],"dvar":[0.120486289263,0.124487839639,0.105338618159,0.110042467713,0.186406478286,0.32920345664],"dvar2":[0.289975821972,0.293300747871,0.236150145531,0.245317906141,0.461530297995,0.888564288616],"max":[-4.88588237762,-4.66134786606,-5.13039064407,-5.41666841507,-5.54233980179,-8.8094959259],"mean":[-6.63857936859,-6.55846071243,-6.84486436844,-7.12709093094,-7.62791442871,-11.0733499527],"median":[-6.43247890472,-6.33380508423,-6.60869836807,-6.8053894043,-7.28137588501,-10.9278478622],"min":[-28.0645618439,-27.6473197937,-27.7416820526,-27.7050647736,-27.4707317352,-27.3454666138],"var":[1.59720480442,1.75815236568,1.77409291267,1.90623116493,1.94479584694,1.35931992531]},"spectral_decrease":{"dmean":5.7092739425e-9,"dmean2":9.52682199795e-9,"dvar":8.31139234267e-17,"dvar2":2.1881698588e-16,"max":2.19335083429e-9,"mean":-1.10991038582e-8,"median":-8.80175221596e-9,"min":-1.01423935917e-7,"var":1.00915015645e-16},"spectral_energy":{"dmean":0.0218957941979,"dmean2":0.0365161783993,"dvar":0.00120353349485,"dvar2":0.00316043547355,"max":0.399508237839,"mean":0.0547188259661,"median":0.047569964081,"min":1.02237286123e-20,"var":0.00162911496591},"spectral_energyband_high":{"dmean":0.000244901224505,"dmean2":0.000359721132554,"dvar":2.87660867571e-7,"dvar2":4.74113392102e-7,"max":0.0136986952275,"mean":0.000780226371717,"median":0.000598693673965,"min":7.1478768916e-21,"var":0.00000102686453829},"spectral_energyband_low":{"dmean":0.018440105021,"dmean2":0.0314812585711,"dvar":0.0010003860807,"dvar2":0.00268077501096,"max":0.370518952608,"mean":0.0286490190774,"median":0.0194697417319,"min":1.82951485179e-23,"var":0.001042084652},"spectral_energyband_middle_high":{"dmean":0.00228011817671,"dmean2":0.00373200210743,"dvar":0.0000109278471427,"dvar2":0.0000288781939162,"max":0.0506534874439,"mean":0.00694371759892,"median":0.0060193920508,"min":1.37044662598e-21,"var":0.0000327022280544},"spectral_energyband_middle_low":{"dmean":0.00541561841965,"dmean2":0.00842745881528,"dvar":0.0000638268465991,"dvar2":0.000154354129336,"max":0.126410245895,"mean":0.0127717806026,"median":0.00817526876926,"min":2.34408162586e-22,"var":0.000180694521987},"spectral_entropy":{"dmean":0.184370756149,"dmean2":0.284649789333,"dvar":0.0525385178626,"dvar2":0.138293519616,"max":9.8271780014,"mean":7.48497581482,"median":7.59793329239,"min":4.41270971298,"var":0.209046527743},"spectral_flux":{"dmean":0.0341183207929,"dmean2":0.0551504194736,"dvar":0.00187921756878,"dvar2":0.00414648558944,"max":0.522958278656,"mean":0.122922696173,"median":0.116234824061,"min":6.53328224853e-11,"var":0.00428770529106},"spectral_kurtosis":{"dmean":4.97939682007,"dmean2":8.10442447662,"dvar":81.4287109375,"dvar2":229.478851318,"max":139.260314941,"mean":17.8981819153,"median":16.6149559021,"min":-1.2500859499,"var":99.7695999146},"spectral_rms":{"dmean":0.00129504210781,"dmean2":0.00210775271989,"dvar":0.00000252487620855,"dvar2":0.00000636107006358,"max":0.0197424460202,"mean":0.00682278862223,"median":0.00681246817112,"min":3.15822238153e-12,"var":0.00000683386679157},"spectral_rolloff":{"dmean":4117.54248047,"dmean2":7859.17871094,"dvar":52339268,"dvar2":130680776,"max":22006.9335938,"mean":7564.82763672,"median":1679.58984375,"min":43.06640625,"var":86381304},"spectral_skewness":{"dmean":0.375605344772,"dmean2":0.593092620373,"dvar":0.280332684517,"dvar2":0.769147336483,"max":9.24713516235,"mean":2.81472325325,"median":2.76613140106,"min":-0.0372898094356,"var":0.612462043762},"spectral_spread":{"dmean":494210.875,"dmean2":789868.625,"dvar":424443740160,"dvar2":982094643200,"max":43474860,"mean":3725782.75,"median":3606625.5,"min":678931.375,"var":2844568584190},"spectral_strongpeak":{"dmean":1.98471570015,"dmean2":3.74686169624,"dvar":98.1594085693,"dvar2":261.489837646,"max":160.511886597,"mean":1.79118359089,"median":0.274447709322,"min":0,"var":89.7563552856},"zerocrossingrate":{"dmean":0.0302601233125,"dmean2":0.0397379733622,"dvar":0.000863622117322,"dvar2":0.00147543894127,"max":0.6904296875,"mean":0.193817585707,"median":0.1982421875,"min":0.0029296875,"var":0.0123356608674}},"metadata":{"audio_properties":{"analysis_sample_rate":44100,"bit_rate":256000,"codec":"mp3","downmix":"mix","equal_loudness":0,"length":259.736572266,"lossless":false,"md5_encoded":"08938a24259c7a3b33cc67a43e3f9548","replay_gain":-3.10863685608},"tags":{"album":["Brand New Eyes"],"albumartist":["Paramore"],"albumartistsort":["Paramore"],"artist":["Paramore"],"artistsort":["Paramore"],"asin":["B002G4FQAC"],"barcode":["075678958045"],"catalognumber":["7567895804"],"composer":[""],"conductor":[""],"copyright":["2009 Atlantic Recording Corporation for the United States and WEA International Inc. for the world outside of the United States."],"date":["2009"],"discnumber":["1/1"],"file_name":"05. Turn It Off.mp3","genre":["Rock"],"isrc":["USAT20902322"],"label":["Fueled by Ramen"],"media":["CD"],"musicbrainz album release country":["GB"],"musicbrainz album status":["official"],"musicbrainz album type":["album"],"musicbrainz_albumartistid":["44cf61b8-5197-448a-b82b-cef6ee89fac5"],"musicbrainz_albumid":["f0541336-457e-422d-bb70-34d6feec462d"],"musicbrainz_artistid":["44cf61b8-5197-448a-b82b-cef6ee89fac5"],"musicbrainz_recordingid":["42a6789a-c991-4266-82f4-1964bb65d587"],"originaldate":["2009"],"script":["Latn"],"title":["Turn It Off"],"tracknumber":["5/12"]},"version":{"essentia":"2.1-beta1","essentia_build_sha":"12879b851c9f4b0d899e1af4e221aa110f283a84","essentia_git_sha":"v2.1_beta1-7-ge0e83e8-dirty","extractor":"music 1.0"}},"rhythm":{"beats_count":487,"beats_loudness":{"dmean":0.0281316079199,"dmean2":0.0491038151085,"dvar":0.000755699875299,"dvar2":0.00227957661264,"max":0.202773272991,"mean":0.0610634535551,"median":0.0576798804104,"min":1.53059998009e-9,"var":0.00131991773378},"beats_loudness_band_ratio":{"dmean":[0.178784370422,0.107065849006,0.0733094140887,0.0547824017704,0.0375882685184,0.0552390702069],"dmean2":[0.298496037722,0.191410720348,0.127735570073,0.0940454378724,0.0658817142248,0.0960007980466],"dvar":[0.0200050920248,0.0119763156