{"lowlevel":{"average_loudness":0.976803660393,"barkbands":{"dmean":[0.000221196911298,0.00396098801866,0.00485437270254,0.00181983411312,0.00405436428264,0.00148653239012,0.000871871947311,0.000596931378823,0.000858204730321,0.00118254858535,0.000850067881402,0.000694319838658,0.000794536957983,0.000643883715384,0.000386671017623,0.000336237135343,0.000324267661199,0.0002060183906,0.000127313891426,0.0000643747698632,0.0000248544765782,0.0000237153035414,0.0000232921938732,0.0000132493314595,0.0000099931639852,0.00000942505084822,0.00000419950038122],"dmean2":[0.000311817799229,0.00652900990099,0.00826222542673,0.00315144937485,0.00640590209514,0.00238136900589,0.00142506381962,0.000936933851335,0.00134917465039,0.00177605543286,0.00126050901599,0.00106709718239,0.00121854618192,0.00101461249869,0.0006079414743,0.000532771926373,0.0005045979633,0.000327410118189,0.000202066687052,0.000101476434793,0.0000388904991269,0.0000368020446331,0.0000355811571353,0.0000201829025173,0.000014926879885,0.0000140358524732,0.00000628253292234],"dvar":[1.95546036252e-7,0.0000292608910968,0.0000493404295412,0.00000546506998944,0.0000369729059457,0.00000818025637273,0.0000041871526264,0.00000163623519711,0.00000511975167683,0.00000872405598784,0.00000517863554705,0.00000266146253125,0.0000029423590604,0.00000287975649371,8.0288538129e-7,4.59655552731e-7,3.85603755149e-7,1.83354757155e-7,5.70662841426e-8,1.69189320331e-8,1.33818756076e-9,1.95410199133e-9,1.67214420088e-9,6.29034657695e-10,3.11841247269e-10,9.91046467114e-10,1.25638610626e-10],"dvar2":[3.77980001076e-7,0.0000785541487858,0.000138193863677,0.0000154728477355,0.0000872893506312,0.0000202500905289,0.0000108567583084,0.00000361212278222,0.0000115926677609,0.0000183412576007,0.00000983919471764,0.00000571172904529,0.00000638874826109,0.00000662522097628,0.00000189273316664,0.00000105250671822,8.52358198244e-7,4.08996697843e-7,1.42835844485e-7,4.04770617024e-8,3.07348191342e-9,4.75184958049e-9,3.88003762453e-9,1.50400136789e-9,7.14718784156e-10,2.46417219962e-9,3.00939245745e-10],"max":[0.00493209296837,0.0582938194275,0.068611331284,0.0262299273163,0.0624944008887,0.0406256727874,0.0336143299937,0.0295138899237,0.0402465648949,0.0471165627241,0.0421127304435,0.0549720488489,0.0311211217195,0.0441053062677,0.0225654076785,0.0201201140881,0.0148976948112,0.0147260362282,0.00869859475642,0.00522373476997,0.00165423366707,0.00182936782949,0.00106788391713,0.000858245824929,0.000597798731178,0.00150121946353,0.000302430213196],"mean":[0.000289802410407,0.0108160302043,0.00980420876294,0.0027568556834,0.00617299834266,0.00245091505349,0.00129281263798,0.000942029291764,0.00125700200442,0.00193189131096,0.00171702995431,0.00121390959248,0.00138785236049,0.00101586605888,0.000688349478878,0.000629371090326,0.00062668818282,0.000432221830124,0.000280182692222,0.00013744662283,0.0000626705950708,0.0000584355839237,0.0000526760304638,0.0000348404682882,0.0000276411483355,0.0000202766168513,0.00000747316198613],"median":[0.0000846769107739,0.00984983704984,0.00859879143536,0.00193415710237,0.00360014662147,0.00135320064146,0.000526109477505,0.000324474473018,0.000423693127232,0.000563591951504,0.000325595668983,0.000414343434386,0.000491704675369,0.000428658328019,0.000351652764948,0.000367870321497,0.000340245314874,0.000260247907136,0.000207636170671,0.0000979616015684,0.0000514340426889,0.0000479221562273,0.0000395122697228,0.0000278288389381,0.0000215840918827,0.0000119635033116,0.00000247755269811],"min":[2.36637950509e-23,2.49240792331e-23,2.78899059359e-23,1.93229617022e-23,9.13599630522e-23,1.32937489218e-22,9.28236976173e-23,7.63569393511e-23,1.33838267398e-22,8.17941726067e-23,1.40935112536e-22,5.85924102325e-23,5.73281880566e-23,1.17234045385e-22,1.41195373526e-22,1.61370308162e-22,1.90661698071e-22,2.5560443859e-22,2.46796610946e-22,2.57988893739e-22,3.35394172435e-22,4.58331063698e-22,5.50116456281e-22,7.98796463172e-22,1.14161375362e-21,1.99618957428e-21,2.38986453795e-21],"var":[2.76739342553e-7,0.0000481670031149,0.0000623313098913,0.00000758775331633,0.0000532131998625,0.0000117390827654,0.00000585260204389,0.0000034138574847,0.00000865111542225,0.0000182303338079,0.0000210520265682,0.00000807977266959,0.00000724773008187,0.00000522324489793,0.0000015140897176,9.81979496828e-7,9.68125618783e-7,4.88625289563e-7,9.89281616626e-8,2.94650455146e-8,3.9755390091e-9,3.43013639714e-9,2.99312241658e-9,1.15851217508e-9,7.2414912955e-10,1.17619036732e-9,2.13224701784e-10]},"barkbands_crest":{"dmean":2.11445593834,"dmean2":3.5040845871,"dvar":3.69569182396,"dvar2":9.75597667694,"max":26.7978477478,"mean":9.94163227081,"median":9.42265129089,"min":3.28779101372,"var":11.4165239334},"barkbands_flatness_db":{"dmean":0.0174811519682,"dmean2":0.0266432296485,"dvar":0.000286664027954,"dvar2":0.000659516139422,"max":0.449650764465,"mean":0.144107058644,"median":0.133036702871,"min":0.0308564789593,"var":0.00241614435799},"barkbands_kurtosis":{"dmean":4.0692448616,"dmean2":6.55413532257,"dvar":381.970550537,"dvar2":943.018188477,"max":1118.23205566,"mean":11.8742332458,"median":2.74277091026,"min":-1.80157244205,"var":5187.27880859},"barkbands_skewness":{"dmean":0.515052199364,"dmean2":0.789848089218,"dvar":0.392786979675,"dvar2":0.825171113014,"max":8.53757572174,"mean":1.47693061829,"median":1.70981454849,"min":-30.0540351868,"var":7.75395298004},"barkbands_spread":{"dmean":3.69256591797,"dmean2":5.69535827637,"dvar":16.2375926971,"dvar2":38.6792144775,"max":129.371902466,"mean":17.8148956299,"median":17.3857955933,"min":0.249758318067,"var":93.6548995972},"dissonance":{"dmean":0.0166719090194,"dmean2":0.0284440293908,"dvar":0.000250973447692,"dvar2":0.000687533931341,"max":0.5,"mean":0.469760328531,"median":0.474191308022,"min":0.157942727208,"var":0.000424957834184},"dynamic_complexity":2.79499697685,"erbbands":{"dmean":[0.10790450871,1.01247870922,4.98752975464,5.18762254715,13.4407558441,12.7339715958,11.0730686188,12.0590171814,13.6089296341,10.3919792175,14.1374597549,18.1556472778,32.4045143127,36.6846199036,24.2715415955,28.2950191498,33.8205909729,34.2307090759,21.7284412384,16.7067871094,18.1359386444,15.990527153,11.8064498901,7.30546665192,5.38131761551,2.8261244297,1.27624750137,0.871818482876,0.840091824532,0.893231928349,0.635799467564,0.375732541084,0.179748833179,0.113813914359,0.0773953944445,0.0423813126981,0.0179244317114,0.00525024905801,0.000711281318218,0.0000415604336013],"dmean2":[0.167626559734,1.69733655453,8.50174427032,8.77728462219,21.54063797,21.055770874,17.8664360046,19.301612854,22.0663356781,16.7114601135,22.1088905334,28.3632240295,49.6037254333,54.029335022,35.4478149414,43.2042312622,51.2909660339,52.902256012,33.6927337646,25.9159984589,28.5931606293,24.8084888458,18.4478530884,11.5452814102,8.53040313721,4.43651676178,2.00127410889,1.37824618816,1.30938458443,1.38502454758,0.973156809807,0.578572332859,0.275458753109,0.171808287501,0.116941548884,0.0636985898018,0.0268427431583,0.00798439513892,0.00106078875251,0.0000610238967056],"dvar":[0.0372171960771,1.83938860893,50.8769416809,49.8492774963,436.615814209,409.466827393,413.203826904,754.331848145,1133.56201172,608.49206543,1100.07910156,2256.24169922,7378.03564453,8576.8515625,3016.98974609,4537.71826172,5515.08056641,7610.16113281,2591.40722656,1563.13000488,1161.15930176,1108.50866699,674.028381348,116.454399109,180.07383728,31.8608608246,3.70039963722,1.77059841156,2.62313485146,2.30503892899,1.27293372154,0.590412318707,0.0985185652971,0.0285243932158,0.0258549191058,0.0187506601214,0.00402825372294,0.000228554679779,0.00000342856787938,9.18007980744e-9],"dvar2":[0.0824506953359,5.21312999725,144.441589355,136.21333313,1008.97241211,1067.98937988,1031.74304199,1869.56066895,2900.42919922,1538.61877441,2503.10424805,4977.86181641,16597.953125,17797.6210938,5491.94628906,10134.2050781,12193.7607422,16903.5507812,6385.24609375,3732.8737793,2585.41772461,2476.88476562,1499.00158691,276.502349854,455.098571777,76.6123809814,8.32715415955,4.46982526779,6.36927318573,5.65548992157,2.96539592743,1.39279294014,0.240560352802,0.0643143579364,0.0621488131583,0.045249119401,0.0104391435161,0.000583300658036,0.00000808638560557,2.0866831818e-8],"max":[2.08415198326,15.6339530945,70.0302734375,87.8483886719,283.214904785,240.980545044,365.977233887,442.776428223,527.645812988,482.145080566,673.578918457,892.519348145,1572.9942627,1745.41174316,1419.55834961,2569.02026367,1637.94299316,2420.91796875,1443.38146973,1110.27478027,901.35723877,997.428161621,919.781555176,327.58694458,486.036743164,180.946578979,93.7931518555,37.5360832214,72.1678543091,40.856388092,34.9839439392,33.0880737305,9.07463741302,4.0620970726,5.62235689163,5.02649688721,3.43079733849,0.632126092911,0.040459562093,0.00217341771349],"mean":[0.225263461471,2.76852607727,11.1807823181,10.1152420044,18.358083725,18.7980422974,17.6213665009,18.8648738861,20.0960140228,16.8950042725,22.8466472626,28.7197418213,52.6878089905,81.0291442871,49.2709312439,52.3582687378,62.581287384,60.4760284424,40.9154510498,33.0482788086,37.8118553162,33.4290847778,25.5677127838,17.2745456696,11.8452272415,6.35688257217,3.23368048668,2.16070914268,2.03887295723,1.96186077595,1.42592477798,0.902967274189,0.489066213369,0.315983057022,0.192884281278,0.0919443890452,0.0358550846577,0.00975729431957,0.00129081169143,0.000113343390694],"median":[0.172574222088,2.48706388474,9.35828971863,8.20349407196,9.46185302734,10.8742170334,9.33256530762,8.83027553558,8.60947036743,7.53076934814,8.35143280029,11.0451660156,18.332359314,17.7097473145,16.0013465881,20.5915718079,25.1409130096,26.4613037109,21.904920578,19.0049362183,23.1160850525,19.0798072815,15.1417312622,13.095500946,8.79294586182,4.59589862823,2.60313510895,1.83253931999,1.67821550369,1.50043976307,1.0790412426,0.705428004265,0.398190975189,0.253001928329,0.14384111762,0.059077937156,0.0192464701831,0.00442573148757,0.000460779236164,0.0000727914884919],"min":[8.25001034048e-22,5.84261658115e-21,2.35494394517e-20,6.20343454149e-20,1.53621036532e-19,3.9274835337e-19,7.97191696433e-19,9.25883628953e-19,8.70437712494e-19,1.82368344213e-18,2.64044344013e-18,2.74937692294e-18,1.35564790114e-18,5.51089106702e-18,4.21083487291e-18,1.84793265538e-18,2.64546484003e-18,5.26272282118e-18,5.95813438933e-18,8.59456042002e-18,8.79515999037e-18,1.18399249712e-17,1.45586054284e-17,9.9288226004e-18,1.37394790735e-17,1.37881545166e-17,1.47921102435e-17,1.26929516692e-17,1.69014439666e-17,1.45768596502e-17,1.57302587896e-17,1.60715005708e-17,1.34770436165e-17,1.12851109461e-17,9.24029731085e-18,7.39625695384e-18,3.69100603826e-18,1.12419718228e-18,3.24597666485e-19,3.97560806163e-20],"var":[0.0477545522153,3.26766943932,72.3244781494,61.8278236389,586.020263672,535.26763916,628.737304688,1044.71801758,1345.03295898,987.118286133,2170.49047852,4210.57324219,13989.9677734,35686.9179688,10485.2939453,14594.1376953,13372.7988281,14456.1035156,4475.97167969,3059.90063477,3052.18188477,2635.75,1771.29858398,318.304107666,243.27003479,57.0154838562,12.4354066849,3.47440958023,4.39573431015,4.01041078568,2.2358944416,0.974704086781,0.204761266708,0.0838585048914,0.0454313606024,0.0231278203428,0.00431653717533,0.000288458948489,0.00000603388161835,1.93778006974e-8]},"erbbands_crest":{"dmean":2.65406394005,"dmean2":4.27776193619,"dvar":6.30714035034,"dvar2":15.0696134567,"max":30.8778152466,"mean":9.32684516907,"median":8.03323173523,"min":2.0407512188,"var":22.1675739288},"erbbands_flatness_db":{"dmean":0.0143567360938,"dmean2":0.0209927149117,"dvar":0.000173402615474,"dvar2":0.000354125309968,"max":0.285769343376,"mean":0.145806163549,"median":0.142287254333,"min":0.0181149281561,"var":0.00110849249177},"erbbands_kurtosis":{"dmean":0.768697977066,"dmean2":1.19640302658,"dvar":0.893471479416,"dvar2":2.10193300247,"max":27.625535965,"mean":0.531913161278,"median":-0.0561611652374,"min":-1.62043094635,"var":3.13217878342},"erbbands_skewness":{"dmean":0.317149937153,"dmean2":0.490834027529,"dvar":0.079633384943,"dvar2":0.192177921534,"max":4.53328895569,"mean":0.0876809582114,"median":0.0689987689257,"min":-2.68675684929,"var":0.408815741539},"erbbands_spread":{"dmean":6.3990111351,"dmean2":9.72501659393,"dvar":35.6531600952,"dvar2":78.7574920654,"max":129.82623291,"mean":34.3837814331,"median":34.6400756836,"min":4.62713050842,"var":200.927886963},"gfcc":{"cov":[[16765.3417969,1911.51123047,-1513.38427734,494.540679932,-411.000366211,337.989379883,-470.490325928,297.142791748,-406.10836792,143.144256592,-260.152160645,126.957771301,-292.557556152],[1911.51123047,966.749328613,-141.465316772,103.228248596,-124.622146606,9.58205509186,-54.8742218018,-19.7528476715,-33.4105033875,-44.94008255,4.46275520325,-19.7555789948,20.6288166046],[-1513.38427734,-141.465316772,488.725524902,21.4827880859,18.2812633514,-41.6412277222,-1.28718388081,-43.8014945984,68.0238571167,-5.25578546524,14.7440061569,4.42888116837,51.9873580933],[494.540679932,103.228248596,21.4827880859,199.275436401,-9.87841129303,10.4379301071,-55.4475059509,9.64348316193,11.5510120392,6.11691331863,-6.91866207123,-13.0257139206,6.48022937775],[-411.000366211,-124.622146606,18.2812633514,-9.87841129303,177.686828613,23.0489177704,46.7013931274,1.6650134325,20.9055690765,7.32749319077,9.26465606689,2.30721783638,13.8717851639],[337.989379883,9.58205509186,-41.6412277222,10.4379301071,23.0489177704,128.467971802,52.434387207,15.5755615234,-40.9868850708,-7.54217195511,10.944483757,12.8997297287,-5.06480026245],[-470.490325928,-54.8742218018,-1.28718388081,-55.4475059509,46.7013931274,52.434387207,133.114578247,25.31016922,-9.43096160889,-19.445186615,20.4928188324,-0.471316128969,3.99034357071],[297.142791748,-19.7528476715,-43.8014945984,9.64348316193,1.6650134325,15.5755615234,25.31016922,83.9512405396,21.119600296,13.2191610336,-8.55453109741,0.950659871101,-10.3413162231],[-406.10836792,-33.4105033875,68.0238571167,11.5510120392,20.9055690765,-40.9868850708,-9.43096160889,21.119600296,103.114768982,30.5736560822,1.8254686594,-13.2205791473,4.55003643036],[143.144256592,-44.94008255,-5.25578546524,6.11691331863,7.32749319077,-7.54217195511,-19.445186615,13.2191610336,30.5736560822,76.2451248169,21.9092578888,1.77543878555,-20.7807731628],[-260.152160645,4.46275520325,14.7440061569,-6.91866207123,9.26465606689,10.944483757,20.4928188324,-8.55453109741,1.8254686594,21.9092578888,69.4577484131,23.5466537476,4.80966854095],[126.957771301,-19.7555789948,4.42888116837,-13.0257139206,2.30721783638,12.8997297287,-0.471316128969,0.950659871101,-13.2205791473,1.77543878555,23.5466537476,61.5374717712,19.600774765],[-292.557556152,20.6288166046,51.9873580933,6.48022937775,13.8717851639,-5.06480026245,3.99034357071,-10.3413162231,4.55003643036,-20.7807731628,4.80966854095,19.600774765,62.1316337585]],"icov":[[0.000275704951491,-0.000513308390509,0.00036268873373,-0.000307374080876,-0.0000673421454849,-0.000452677806607,0.000648202840239,-0.000756385445129,0.000804748269729,-0.000956002506427,0.00142940715887,-0.00135886133648,0.00094717706088],[-0.000513308390509,0.00236862618476,-0.0000918817167985,-0.0000313331256621,0.00108107388951,0.000522036338225,-0.000856123748235,0.00175991770811,-0.00182689016219,0.00272269221023,-0.00359280011617,0.00340790371411,-0.0027267287951],[0.00036268873373,-0.0000918817167985,0.00345635949634,-0.00113803695422,0.000549847842194,-0.000468745914986,0.000136097281938,0.00120299099945,-0.00129243952688,-0.000761840841733,0.00157272303477,-0.00183989608195,-0.000706008053385],[-0.000307374080876,-0.0000313331256621,-0.00113803695422,0.00750407762825,-0.000673082016874,-0.00199054204859,0.00412834063172,-0.00191779574379,-0.000935912539717,0.00161429552827,-0.00305028818548,0.00449380185455,-0.00243676360697],[-0.0000673421454849,0.00108107388951,0.000549847842194,-0.000673082016874,0.00754966819659,-0.00108523759991,-0.00298132956959,0.00227495795116,-0.00247497973032,-0.000898384139873,0.000201620801818,0.000415089947637,-0.00253560231067],[-0.000452677806607,0.000522036338225,-0.000468745914986,-0.00199054204859,-0.00108523759991,0.0131771666929,-0.00653388211504,0.000176607238245,0.00365396728739,0.0000846475013532,-0.00171547278296,-0.000674583541695,0.000166806887137],[0.000648202840239,-0.000856123748235,0.000136097281938,0.00412834063172,-0.00298132956959,-0.00653388211504,0.0178641043603,-0.00859425868839,0.00224131112918,0.00425238721073,-0.00443104328588,0.00270886369981,0.00109379191417],[-0.000756385445129,0.00175991770811,0.00120299099945,-0.00191779574379,0.00227495795116,0.000176607238245,-0.00859425868839,0.0207309331745,-0.00832084659487,-0.000845168658998,0.00233473069966,-0.00124371494167,-0.000905215740204],[0.000804748269729,-0.00182689016219,-0.00129243952688,-0.000935912539717,-0.00247497973032,0.00365396728739,0.00224131112918,-0.00832084659487,0.019680891186,-0.00887478236109,0.00359064247459,0.000182847870747,0.00015123913181],[-0.000956002506427,0.00272269221023,-0.000761840841733,0.00161429552827,-0.000898384139873,0.0000846475013532,0.00425238721073,-0.000845168658998,-0.00887478236109,0.0264011304826,-0.01475947164,0.00504518672824,0.00388836953789],[0.00142940715887,-0.00359280011617,0.00157272303477,-0.00305028818548,0.000201620801818,-0.00171547278296,-0.00443104328588,0.00233473069966,0.00359064247459,-0.01475947164,0.0311273783445,-0.0169317759573,0.00514644337818],[-0.00135886133648,0.00340790371411,-0.00183989608195,0.00449380185455,0.000415089947637,-0.000674583541695,0.00270886369981,-0.00124371494167,0.000182847870747,0.00504518672824,-0.0169317759573,0.0322892591357,-0.0141893690452],[0.00094717706088,-0.0027267287951,-0.000706008053385,-0.00243676360697,-0.00253560231067,0.000166806887137,0.00109379191417,-0.000905215740204,0.00015123913181,0.00388836953789,0.00514644337818,-0.0141893690452,0.0280312094837]],"mean":[19.4523391724,104.565116882,-104.790000916,28.1044845581,-32.0976867676,17.4828701019,-32.2567024231,6.96239089966,-22.8260231018,-3.79644870758,-15.2289829254,0.989078700542,-13.7220954895]},"hfc":{"dmean":4.89791297913,"dmean2":6.97230911255,"dvar":37.8045349121,"dvar2":70.8199539185,"max":94.7265167236,"mean":23.6895618439,"median":19.9547080994,"min":1.18523189492e-16,"var":222.132705688},"melbands":{"dmean":[0.000958462711424,0.00203434354626,0.00104952941183,0.000991159235127,0.000382453436032,0.000274647667538,0.000199713409529,0.000111626432044,0.000117063354992,0.000126554397866,0.000167931735632,0.000153642613441,0.0000952106638579,0.0000770384649513,0.0000661544763716,0.0000919232697925,0.0000669293367537,0.0000398467345804,0.00002961807877,0.0000231226986216,0.0000231047597481,0.0000198750003619,0.0000139231324283,0.00000940755944612,0.00000641510632704,0.00000481999859403,0.00000345241255673,0.00000177673769031,9.26778398025e-7,6.70338067721e-7,5.12020619681e-7,5.15425483627e-7,5.12813073783e-7,5.27194458755e-7,4.13848255221e-7,3.13176172995e-7,2.20568892928e-7,1.43595926261e-7,1.06710601244e-7,1.04529419787e-7],"dmean2":[0.00153675593901,0.00344127346762,0.00174657418393,0.00157867791131,0.000626141903922,0.000439162133262,0.000323829008266,0.000177817462827,0.000183342635864,0.000197738321731,0.000257007573964,0.000227083553909,0.000137692084536,0.00011626794003,0.000103348698758,0.000139483236126,0.000104598759208,0.0000629633141216,0.0000463565411337,0.0000365212399629,0.0000366952408513,0.0000310597679345,0.0000222587113967,0.0000150267715071,0.0000102435869849,0.00000780461505201,0.00000545414195585,0.00000285513101517,0.00000148477749917,0.00000107175765152,8.24329731586e-7,8.19657429929e-7,8.04621151929e-7,8.29361908927e-7,6.44899728286e-7,4.86036640268e-7,3.46013848684e-7,2.26279041726e-7,1.64195469665e-7,1.61159363188e-7],"dvar":[0.0000021523524083,0.00000816931606096,0.00000164599816799,0.00000232302841141,4.03829773177e-7,3.48481620449e-7,2.20097518877e-7,6.3221449409e-8,8.25054797815e-8,1.15580775173e-7,1.96507471628e-7,1.4869091558e-7,5.44247527046e-8,3.61757628298e-8,2.81363981003e-8,3.96395840596e-8,3.33453726853e-8,1.04874642304e-8,5.4694115903e-9,2.72788991396e-9,1.92052818093e-9,1.86975745997e-9,6.77665423776e-10,5.23681542575e-10,8.50049267087e-11,1.43468320557e-10,6.12602815697e-11,1.19941886284e-11,2.03765520082e-12,9.08112940314e-13,6.6268279926e-13,9.55603434924e-13,8.97947677585e-13,7.73032950586e-13,5.13680027334e-13,3.70415178565e-13,2.10504722919e-13,7.11007451916e-14,2.60504796581e-14,2.31852280837e-14],"dvar2":[0.00000530098031959,0.00002292555655,0.00000435139691035,0.0000055286004681,0.00000102034914562,8.65465040079e-7,5.65302173072e-7,1.55417197334e-7,1.91204591715e-7,2.57318447439e-7,4.38852538309e-7,3.08431538087e-7,1.01946561415e-7,7.42880033044e-8,6.74602134154e-8,8.343079827e-8,7.49010382606e-8,2.64041055686e-8,1.29993411591e-8,6.20657880646e-9,4.33334346184e-9,4.21108392601e-9,1.5597398928e-9,1.15639220422e-9,2.0804942491e-10,3.78566789028e-10,1.49781423375e-10,2.98505109519e-11,4.84224813024e-12,2.11290642101e-12,1.74098723719e-12,2.37547503369e-12,2.15062516407e-12,1.90365301647e-12,1.22100983838e-12,8.63410254751e-13,5.14753224854e-13,1.79949384929e-13,6.17610007732e-14,5.38932640919e-14],"max":[0.0155025813729,0.0305307041854,0.0133896898478,0.0156247075647,0.0109534841031,0.00900508649647,0.00736457156017,0.0056673004292,0.00601628283039,0.0062843603082,0.00813309382647,0.00664070015773,0.00579323247075,0.00705359689891,0.00388579606079,0.00413839193061,0.00540780602023,0.00252011790872,0.00234074820764,0.00144020793959,0.000919226557016,0.00124896294437,0.000685740029439,0.00112790951971,0.00018676565378,0.000539096829016,0.000281317072222,0.000124924903503,0.0000489822887175,0.0000542345951544,0.000024855029551,0.0000393058508052,0.0000403812919103,0.0000183179181477,0.0000208301644307,0.0000223381193791,0.000018247139451,0.00000799236477178,0.00000428432758781,0.00000343992110174],"mean":[0.00246491213329,0.00522550102323,0.00203057588078,0.0014427889837,0.000615476048551,0.00044131980394,0.000302454922348,0.000180961971637,0.000179398848559,0.000191445142264,0.000260656059254,0.000321333383908,0.00018855126109,0.000138525560033,0.000108629639726,0.000159462579177,0.000106335741293,0.0000666624837322,0.000051823008107,0.0000420025789936,0.0000449556828244,0.0000374582195946,0.0000264565296675,0.0000190273422049,0.0000136477265187,0.00000968052790995,0.00000667440372126,0.00000362573655366,0.00000209666609408,0.00000153367545863,0.00000112833095045,0.00000116417982099,0.00000108767460461,0.00000108061419724,8.54695940689e-7,6.73478552926e-7,4.95062636219e-7,3.52715005647e-7,2.71387136763e-7,2.67774254326e-7],"median":[0.00213136570528,0.00453031342477,0.00164352206048,0.000810060184449,0.000356948003173,0.000217087988858,0.000130711734528,0.0000784295552876,0.0000609195994912,0.0000654440227663,0.0000826714967843,0.000065770742367,0.0000463019750896,0.0000479480986542,0.0000422403682023,0.0000561936903978,0.0000427980776294,0.0000329235044774,0.0000255909508269,0.0000237021286011,0.0000263388792519,0.000019462997443,0.0000146700294863,0.0000116502906167,0.0000101410159914,0.00000693367837812,0.00000457617989014,0.00000254761835095,0.00000160604417943,0.00000124204211716,9.23195614178e-7,9.39738185934e-7,8.27057306196e-7,7.90139324636e-7,6.27347390036e-7,5.00480950905e-7,3.78283147029e-7,2.79705545836e-7,2.1457410071e-7,2.09787586414e-7],"min":[9.09892836238e-24,1.11566231243e-23,1.26535734666e-23,1.90765515321e-23,2.60273327635e-23,2.30154444724e-23,1.47385628158e-23,1.80849581074e-23,2.71126034207e-23,1.47713904735e-23,6.5841624644e-24,2.20111977188e-23,1.65897905907e-23,7.51627932672e-24,4.54366999784e-24,5.31114922265e-24,1.10060382549e-23,8.62874517476e-24,1.31600505668e-23,1.02772483188e-23,1.0143679968e-23,1.11723750988e-23,1.67834370103e-23,9.44956599069e-24,7.57666662901e-24,9.99086577778e-24,7.86446675307e-24,9.63842481343e-24,7.71856692865e-24,1.04060290727e-23,6.55985450447e-24,1.06816018527e-23,7.26462796479e-24,9.12949830018e-24,9.33600867453e-24,7.76814289223e-24,1.07261196402e-23,9.37257789951e-24,8.53552311501e-24,1.00590864689e-23],"var":[0.00000299937664749,0.0000120195772979,0.00000217801971303,0.00000319392847814,6.10292943293e-7,4.88204818794e-7,2.8220074455e-7,1.06330212191e-7,1.50172880353e-7,2.08294380855e-7,3.69906359765e-7,5.65030177313e-7,2.00794659122e-7,1.1103481512e-7,5.13788904755e-8,9.95866571429e-8,5.99099294618e-8,1.54985713152e-8,1.00425490146e-8,5.15127807077e-9,4.75638950448e-9,4.13418588252e-9,1.50665091514e-9,1.35080024943e-9,1.96602512048e-10,1.7360664295e-10,9.10955200162e-11,1.96319661916e-11,5.7733739664e-12,2.5936776598e-12,1.06758850892e-12,1.53540819382e-12,1.45141689466e-12,1.30359080735e-12,8.65634658138e-13,5.93598846292e-13,3.22342901069e-13,1.22902014087e-13,6.5249800734e-14,6.39054035926e-14]},"melbands_crest":{"dmean":3.06084465981,"dmean2":5.05676031113,"dvar":7.91091966629,"dvar2":20.4329433441,"max":30.524017334,"mean":15.2309494019,"median":14.5546855927,"min":1.96799552441,"var":26.5471229553},"melbands_flatness_db":{"dmean":0.02161773853,"dmean2":0.0329769104719,"dvar":0.000430822023191,"dvar2":0.00102873635478,"max":0.504982709885,"mean":0.228937342763,"median":0.220115453005,"min":0.0063882120885,"var":0.00311230518855},"melbands_kurtosis":{"dmean":6.40461349487,"dmean2":10.1198854446,"dvar":98.0024490356,"dvar2":231.820541382,"max":229.084182739,"mean":14.0986680984,"median":9.70458221436,"min":-1.61266636848,"var":311.143218994},"melbands_skewness":{"dmean":0.682923734188,"dmean2":1.06521701813,"dvar":0.462775349617,"dvar2":1.08207345009,"max":11.3032875061,"mean":2.84170484543,"median":2.78213334084,"min":-0.657166302204,"var":2.39524817467},"melbands_spread":{"dmean":4.63722515106,"dmean2":7.1000161171,"dvar":26.6512794495,"dvar2":59.5298156738,"max":178.730499268,"mean":19.0100536346,"median":15.4359922409,"min":0.59924697876,"var":236.581634521},"mfcc":{"cov":[[7087.25341797,765.339233398,-489.909820557,90.6134185791,131.064346313,87.2675552368,100.326087952,138.338806152,-37.5788154602,47.3882064819,56.2968635559,-14.660235405,1.15898764133],[765.339233398,765.852783203,52.3880729675,49.3875846863,6.98707199097,26.632024765,9.17703342438,28.6301517487,-15.8642368317,-6.10808324814,-13.2959690094,-3.87812399864,-11.690407753],[-489.909820557,52.3880729675,375.858642578,60.6008300781,15.0730047226,4.02441072464,-56.5855293274,-19.1470565796,-2.82590699196,-9.90830039978,-23.733171463,-2.30261921883,-1.46326637268],[90.6134185791,49.3875846863,60.6008300781,141.051025391,61.6967773438,-4.42167901993,-40.0350074768,-17.4986820221,13.9288673401,17.6024246216,-6.64071989059,-2.84148287773,6.74638175964],[131.064346313,6.98707199097,15.0730047226,61.6967773438,122.156791687,30.8161010742,-17.3165016174,-6.49191427231,16.477640152,14.419962883,-7.02556180954,0.866102457047,4.51826190948],[87.2675552368,26.632024765,4.02441072464,-4.42167901993,30.8161010742,89.2572631836,47.6723976135,13.7046194077,-8.24503803253,-3.67385911942,-2.87290024757,-0.969782412052,-3.57810163498],[100.326087952,9.17703342438,-56.5855293274,-40.0350074768,-17.3165016174,47.6723976135,140.672332764,50.9906539917,-7.61739444733,-13.4333496094,3.68930077553,2.85745573044,-6.91336917877],[138.338806152,28.6301517487,-19.1470565796,-17.4986820221,-6.49191427231,13.7046194077,50.9906539917,84.7389450073,19.1751403809,-1.63903307915,-5.65658569336,-8.55010414124,-8.29564857483],[-37.5788154602,-15.8642368317,-2.82590699196,13.9288673401,16.477640152,-8.24503803253,-7.61739444733,19.1751403809,67.7622375488,31.0519199371,-0.508361935616,-5.30662202835,-1.50455284119],[47.3882064819,-6.10808324814,-9.90830039978,17.6024246216,14.419962883,-3.67385911942,-13.4333496094,-1.63903307915,31.0519199371,66.3433456421,22.673614502,2.20690274239,-0.32108604908],[56.2968635559,-13.2959690094,-23.733171463,-6.64071989059,-7.02556180954,-2.87290024757,3.68930077553,-5.65658569336,-0.508361935616,22.673614502,66.1776275635,29.887544632,4.9043674469],[-14.660235405,-3.87812399864,-2.30261921883,-2.84148287773,0.866102457047,-0.969782412052,2.85745573044,-8.55010414124,-5.30662202835,2.20690274239,29.887544632,63.9542770386,28.7876224518],[1.15898764133,-11.690407753,-1.46326637268,6.74638175964,4.51826190948,-3.57810163498,-6.91336917877,-8.29564857483,-1.50455284119,-0.32108604908,4.9043674469,28.7876224518,61.4376411438]],"icov":[[0.000198966270545,-0.00019192014588,0.000299494684441,-0.000145476689795,-0.000196009510546,-0.0000611385767115,0.0000787292519817,-0.000356620497769,0.000321504747262,-0.000120889337268,-0.000190728300367,0.000151085361722,-0.0000939306264627],[-0.00019192014588,0.00160435051657,-0.000371197296772,-0.000579023500904,0.000528193661012,-0.000424653844675,0.000118682692118,-0.000440542673459,0.000327168556396,-0.0000412216795667,0.00047735136468,-0.000454652006738,0.000436658796389],[0.000299494684441,-0.000371197296772,0.00362257659435,-0.0015858936822,0.000495598476846,-0.00126849906519,0.0016226900043,-0.000666535052005,0.000434963090811,0.000404504913604,0.000765104719903,-0.000595665129367,0.000397213618271],[-0.000145476689795,-0.000579023500904,-0.0015858936822,0.0111225359142,-0.00530009204522,0.00213772244751,0.000504061055835,0.00142741762102,-0.000564960995689,-0.00163120112848,0.000375016446924,0.000976015988272,-0.00111244071741],[-0.000196009510546,0.000528193661012,0.000495598476846,-0.00530009204522,0.0134740332142,-0.00640077563003,0.00227449135855,0.000433772540418,-0.00270117330365,-0.000467673584353,0.00189879571553,-0.00176391308196,0.000255166756688],[-0.0000611385767115,-0.000424653844675,-0.00126849906519,0.00213772244751,-0.00640077563003,0.017500674352,-0.00675190333277,0.00061737629585,0.00271386560053,-0.00112869997974,0.000256264815107,0.000837733969092,0.000116519877338],[0.0000787292519817,0.000118682692118,0.0016226900043,0.000504061055835,0.00227449135855,-0.00675190333277,0.0131303006783,-0.00672160927206,0.00132826750632,0.00131609232631,-0.000569024239667,-0.00155380356591,0.000826705712825],[-0.000356620497769,-0.000440542673459,-0.000666535052005,0.00142741762102,0.000433772540418,0.00061737629585,-0.00672160927206,0.0186309125274,-0.00744988350198,0.0019631984178,0.000745612254832,0.00141198106576,0.000620318693109],[0.000321504747262,0.000327168556396,0.000434963090811,-0.000564960995689,-0.00270117330365,0.00271386560053,0.00132826750632,-0.00744988350198,0.0235598366708,-0.0112177208066,0.00299534737132,0.000114133785246,-0.000145423080539],[-0.000120889337268,-0.0000412216795667,0.000404504913604,-0.00163120112848,-0.000467673584353,-0.00112869997974,0.00131609232631,0.0019631984178,-0.0112177208066,0.0244770683348,-0.0097232144326,0.00295988493599,-0.000192493098439],[-0.000190728300367,0.00047735136468,0.000765104719903,0.000375016446924,0.00189879571553,0.000256264815107,-0.000569024239667,0.000745612254832,0.00299534737132,-0.0097232144326,0.0247542653233,-0.0126282358542,0.00394705496728],[0.000151085361722,-0.000454652006738,-0.000595665129367,0.000976015988272,-0.00176391308196,0.000837733969092,-0.00155380356591,0.00141198106576,0.000114133785246,0.00295988493599,-0.0126282358542,0.0270112622529,-0.0116466414183],[-0.0000939306264627,0.000436658796389,0.000397213618271,-0.00111244071741,0.000255166756688,0.000116519877338,0.000826705712825,0.000620318693109,-0.000145423080539,-0.000192493098439,0.00394705496728,-0.0116466414183,0.0217955261469]],"mean":[-623.712341309,140.641830444,-5.32273435593,24.0429286957,18.9982376099,12.6715927124,5.75433349609,11.5564870834,-1.78378462791,1.89980137348,-0.639757573605,-2.57314038277,-1.32796502113]},"pitch_salience":{"dmean":0.0701908245683,"dmean2":0.1149225384,"dvar":0.00394764263183,"dvar2":0.0101467892528,"max":0.954220890999,"mean":0.522136807442,"median":0.518515586853,"min":0.115217372775,"var":0.00977158080786},"silence_rate_20dB":{"dmean":0,"dmean2":0,"dvar":0,"dvar2":0,"max":1,"mean":1,"median":1,"min":1,"var":0},"silence_rate_30dB":{"dmean":0,"dmean2":0,"dvar":0,"dvar2":0,"max":1,"mean":1,"median":1,"min":1,"var":0},"silence_rate_60dB":{"dmean":0.000405802973546,"dmean2":0.000811688310932,"dvar":0.000405680679251,"dvar2":0.000810965080746,"max":1,"mean":0.0232298634946,"median":0,"min":0,"var":0.0226895119995},"spectral_centroid":{"dmean":180.862167358,"dmean2":276.248657227,"dvar":35237.2382812,"dvar2":74351.6640625,"max":11076.7880859,"mean":1061.95202637,"median":1031.82128906,"min":153.934524536,"var":276024.25},"spectral_complexity":{"dmean":3.4225423336,"dmean2":5.25162315369,"dvar":9.0589056015,"dvar2":19.2832832336,"max":53,"mean":23.5256652832,"median":24,"min":0,"var":69.3221969604},"spectral_contrast_coeffs":{"dmean":[0.0492491349578,0.0522457398474,0.0395429320633,0.0314931869507,0.0203635562211,0.0139688374475],"dmean2":[0.0812890082598,0.0856987014413,0.0638960674405,0.0507861189544,0.033118147403,0.0225173532963],"dvar":[0.0016820874298,0.00180741783697,0.00104475463741,0.000641714024823,0.000277167186141,0.000141895841807],"dvar2":[0.00444885715842,0.00470499508083,0.00261822296306,0.00161432963796,0.000700129836332,0.000361349142622],"max":[-0.291697561741,-0.473248034716,-0.525311231613,-0.561959683895,-0.632344484329,-0.664791822433],"mean":[-0.63470441103,-0.727979123592,-0.768849790096,-0.779688835144,-0.788988947868,-0.784422516823],"median":[-0.640136361122,-0.731175661087,-0.779527187347,-0.781224727631,-0.789663314819,-0.782706022263],"min":[-0.970986008644,-0.97628557682,-0.963501095772,-0.959956884384,-0.966007947922,-0.959377408028],"var":[0.00508513115346,0.00524550722912,0.0048804669641,0.00280198687688,0.00149183883332,0.000801126938313]},"spectral_contrast_valleys":{"dmean":[0.344389587641,0.377252876759,0.301386356354,0.260258316994,0.209913060069,0.199124217033],"dmean2":[0.573631703854,0.620545446873,0.488833785057,0.404824674129,0.310629278421,0.271745145321],"dvar":[0.0924774631858,0.103837125003,0.0710289925337,0.0595861934125,0.0509856343269,0.0572627969086],"dvar2":[0.231515213847,0.258015036583,0.157720327377,0.119522996247,0.0875897035003,0.0988669916987],"max":[-5.24460458755,-4.88325357437,-5.30454778671,-5.55284404755,-5.88373231888,-8.79921531677],"mean":[-6.64684772491,-6.71849775314,-6.93949222565,-7.22633886337,-7.42083835602,-10.1740064621],"median":[-6.36278247833,-6.55554628372,-6.74328279495,-7.00622653961,-7.16419792175,-9.9359588623],"min":[-27.4828834534,-26.7320652008,-27.6302566528,-27.3852081299,-27.3912162781,-27.2806034088],"var":[2.55803108215,1.83625745773,1.7739597559,1.72675800323,1.59388434887,1.21634638309]},"spectral_decrease":{"dmean":2.68761235489e-9,"dmean2":4.29486712861e-9,"dvar":8.43108471556e-18,"dvar2":2.10623080315e-17,"max":1.111701203e-15,"mean":-1.16470548761e-8,"median":-1.14557607844e-8,"min":-3.01585494356e-8,"var":1.8470094391e-17},"spectral_energy":{"dmean":0.0104154255241,"dmean2":0.0165748540312,"dvar":0.000124606463942,"dvar2":0.00030833875644,"max":0.115644223988,"mean":0.0461075045168,"median":0.0453513637185,"min":1.07465689596e-20,"var":0.00029105253634},"spectral_energyband_high":{"dmean":0.0000985241713352,"dmean2":0.000142073913594,"dvar":2.55387728743e-8,"dvar2":5.73794771697e-8,"max":0.00310569233261,"mean":0.000318989594234,"median":0.000277533370536,"min":7.60379719638e-21,"var":6.59415064774e-8},"spectral_energyband_low":{"dmean":0.00745144765824,"dmean2":0.0123397437856,"dvar":0.00010074229067,"dvar2":0.000265355833108,"max":0.107581660151,"mean":0.0223706681281,"median":0.0204441249371,"min":7.64058865925e-23,"var":0.000146268241224},"spectral_energyband_middle_high":{"dmean":0.0027598682791,"dmean2":0.0039617405273,"dvar":0.0000167666712514,"dvar2":0.0000324821958202,"max":0.0629022866488,"mean":0.00972610618919,"median":0.00569478189573,"min":1.56105056681e-21,"var":0.000097529431514},"spectral_energyband_middle_low":{"dmean":0.00676183076575,"dmean2":0.0106193348765,"dvar":0.0000661089070491,"dvar2":0.000158715454745,"max":0.0871149376035,"mean":0.0155085343868,"median":0.0126814441755,"min":5.47583367116e-22,"var":0.000116682473163},"spectral_entropy":{"dmean":0.118528664112,"dmean2":0.182144522667,"dvar":0.0142703838646,"dvar2":0.033611908555,"max":9.79653930664,"mean":7.53032255173,"median":7.56805706024,"min":5.39351606369,"var":0.106414914131},"spectral_flux":{"dmean":0.0291090644896,"dmean2":0.0455701723695,"dvar":0.00071746163303,"dvar2":0.00164572696667,"max":0.263826161623,"mean":0.105749420822,"median":0.101324930787,"min":1.0366565939e-10,"var":0.0021413359791},"spectral_kurtosis":{"dmean":1.52462792397,"dmean2":2.50335860252,"dvar":3.8936958313,"dvar2":9.99409103394,"max":47.7651023865,"mean":6.42642784119,"median":5.97895288467,"min":-1.24198913574,"var":8.26907157898},"spectral_rms":{"dmean":0.000740673451219,"dmean2":0.00117085757665,"dvar":5.66624294152e-7,"dvar2":0.00000137650465604,"max":0.0106218466535,"mean":0.00653575127944,"median":0.00665170885623,"min":3.23797130601e-12,"var":0.00000226656925406},"spectral_rolloff":{"dmean":251.972763062,"dmean2":418.215820312,"dvar":178048.71875,"dvar2":392987,"max":19875.1464844,"mean":1144.25952148,"median":775.1953125,"min":86.1328125,"var":5345873.5},"spectral_skewness":{"dmean":0.18614281714,"dmean2":0.297050267458,"dvar":0.0393510311842,"dvar2":0.0974923595786,"max":5.41184234619,"mean":1.88569009304,"median":1.8371206522,"min":-0.0136529980227,"var":0.129041433334},"spectral_spread":{"dmean":368808.90625,"dmean2":541444.5,"dvar":228482383872,"dvar2":435893108736,"max":41322328,"mean":4156945.25,"median":3876250.25,"min":1363470.5,"var":4600661803010},"spectral_strongpeak":{"dmean":0.612711906433,"dmean2":1.07697808743,"dvar":1.29505991936,"dvar2":3.29598093033,"max":11.1676864624,"mean":1.048214674,"median":0.561016619205,"min":5.34306066058e-9,"var":2.1383535862},"zerocrossingrate":{"dmean":0.0057916585356,"dmean2":0.00728176161647,"dvar":0.0000532160556759,"dvar2":0.0000513812774443,"max":0.845703125,"mean":0.0493469685316,"median":0.03955078125,"min":0.00390625,"var":0.00747303850949}},"metadata":{"audio_properties":{"analysis_sample_rate":44100,"bit_rate":320036,"codec":"mp3","downmix":"mix","equal_loudness":0,"length":228.858779907,"lossless":false,"md5_encoded":"4c410a23f5bdaa7a33cd4468b238274b","replay_gain":-14.7841854095,"sample_rate":44100},"tags":{"acoustid_id":["b3d7a93e-19d1-4bb3-b287-42f70670711b"],"album":["Hisingen Blues"],"albumartist":["Graveyard"],"albumartistsort":["Graveyard"],"artist":["Graveyard"],"artistsort":["Graveyard"],"date":["2011"],"discnumber":["1/1"],"file_name":"08. Rss.mp3","genre":["Hard Rock / Stoner Rock / Psychedelic"],"media":["Digital Media"],"musicbrainz album status":["official"],"musicbrainz album type":["album"],"musicbrainz_albumartistid":["4db1a745-6fd0-4801-9cce-99e88bf855e6"],"musicbrainz_albumid":["d6b7d2c3-7801-4185-ae80-329c7445a73f"],"musicbrainz_artistid":["4db1a745-6fd0-4801-9cce-99e88bf855e6"],"musicbrainz_recordingid":["42c9ec9b-9eb1-4415-80a6-1cb06c36d26d"],"musicbrainz_releasegroupid":["b60885c0-e92d-4801-8413-0116418bccce"],"originaldate":["2011"],"originalyear":["2011"],"script":["Latn"],"title":["Rss"],"tracknumber":["8/10"]},"version":{"essentia":"2.1-beta2","essentia_build_sha":"70f2e5ece6736b2c40cc944ad0e695b16b925413","essentia_git_sha":"v2.1_beta2","extractor":"music 1.0"}},"rhythm":{"beats_count":582,"beats_loudness":{"dmean":0.0138624822721,"dmean2":0.0237634778023,"dvar":0.000126801402075,"dvar2":0.00038237858098,"max":0.105488888919,"mean":0.0531171932817,"median":0.0544737055898,"min":3.14713055616e-9,"var":0.000277571205515},"beats_loudness_band_ratio":{"dmean":[0.170058444142,0.187354236841,0.0872906818986,0.111260972917,0.0541309006512,0.0119220707566],"dmean2":[0.294393479824,0.359328150749,0.154739513993,0.196740970016,0.0936278402805,0.0193268768489],"dvar":[0.0163872558624,0.0175021011382,0.00893910508603,0.0151708340272,0.00406864564866,0.000518969492987],"dvar2":[0.0457628853619,0.0571067035198,0.0242028031498,0.0422826483846,0.0111478073522,0.0006206932011