{"lowlevel":{"average_loudness":0.94338029623,"barkbands":{"dmean":[0.00879075936973,0.0171638131142,0.00384362367913,0.00154239730909,0.00191265461035,0.00154397974256,0.00100739719346,0.000893656222615,0.00122672482394,0.000753433268983,0.000647026463412,0.00100205710623,0.000703682773747,0.00106493663043,0.000861264008563,0.000374117400497,0.000286067603156,0.000260445958702,0.000140383388498,0.000114499751362,0.0000978371026576,0.0000714519919711,0.0000321779843944,0.0000124489142763,0.00000522495065525,0.0000262462399405,0.000930031703319],"dmean2":[0.0142921879888,0.0290057044476,0.00668934360147,0.00261604459956,0.00321900914423,0.0024907826446,0.00162501516752,0.00148679001722,0.00201416946948,0.00126312032808,0.00109471206088,0.00168755359482,0.00119300454389,0.00180736172479,0.00144769414328,0.000634377298411,0.000488084246172,0.000447540398454,0.000242638838245,0.000193111176486,0.000153491419042,0.000112793677545,0.0000486533317599,0.0000176507437573,0.00000823605114419,0.0000360973062925,0.00154610723257],"dvar":[0.000262478191871,0.000828892865684,0.000033994041587,0.00000647963361189,0.00000657989676256,0.00000955003361014,0.00000354971439265,0.00000252662516687,0.00000726990947442,0.00000144581338191,9.95422624328e-7,0.00000164119853707,9.40258871651e-7,0.00000121782409224,8.76204410361e-7,1.88796718703e-7,1.31538811843e-7,1.14309742116e-7,6.69337225645e-8,4.19877608238e-8,3.74671849102e-8,4.0052299255e-8,6.20435969267e-9,4.63086624602e-10,4.79312423085e-11,2.63095367714e-9,8.23600203148e-7],"dvar2":[0.000636676501017,0.0021535300184,0.0000947388762143,0.0000175173063326,0.0000174220003828,0.0000228646840696,0.00000849067237141,0.00000663723221805,0.0000174670094566,0.00000370267366634,0.0000025479987471,0.0000044121816245,0.00000258461341218,0.00000336942912327,0.00000232536240219,5.24855749973e-7,3.66482623804e-7,3.21728009567e-7,1.87414769925e-7,1.13324240658e-7,8.90452724889e-8,9.91177060428e-8,1.48718717341e-8,8.25640611435e-10,1.14111962934e-10,4.8039083822e-9,0.00000228100111599],"max":[0.174757182598,0.249830931425,0.0790568515658,0.0553297400475,0.0646290704608,0.0744805634022,0.0399123802781,0.0309440232813,0.0642963945866,0.0304679963738,0.0240677352995,0.0355536825955,0.0270650424063,0.0179063137621,0.018591336906,0.00848205946386,0.00551261054352,0.00484966626391,0.00445978203788,0.00393617060035,0.00388623657636,0.00340369693004,0.00205273227766,0.000475377135444,0.0000829391938169,0.000807988399174,0.012922829017],"mean":[0.00939721893519,0.0199112035334,0.00434754928574,0.0020526193548,0.00299487216398,0.0025792545639,0.00166104885284,0.00132011435926,0.0020210375078,0.00125572038814,0.00106968998443,0.0018092780374,0.00129365408793,0.00212199357338,0.00170482113026,0.000766946119256,0.000598926795647,0.000540077046026,0.000247598305577,0.000224507384701,0.000193588944967,0.00011627740605,0.0000509873898409,0.0000194761068997,0.00000664306844556,0.0000456970556115,0.00338636245579],"median":[0.00311678182334,0.0100938985124,0.00249049579725,0.00100355548784,0.00210880325176,0.00110645324457,0.000708615814801,0.00067771715112,0.000825527356938,0.000812419399153,0.000731581472792,0.00138374452945,0.000996957183816,0.00181011366658,0.00144561147317,0.00065378646832,0.000506193668116,0.000471626932267,0.000191746192286,0.000165834935615,0.00012245833932,0.0000729644234525,0.0000283162426058,0.00000893000833457,0.00000366145923181,0.0000222790258704,0.00334774469957],"min":[3.85570952999e-25,4.47578102277e-24,6.48518211447e-25,1.34475363298e-24,7.01804345645e-24,5.53279271018e-24,1.33043348041e-23,3.29561217361e-24,1.49657200467e-23,1.72676272122e-23,1.66424312789e-23,1.95843823176e-23,3.10168401237e-23,1.57756309163e-23,3.68854730093e-23,4.74329756079e-23,6.87620768564e-23,8.85197608709e-23,1.08692612913e-22,1.09951357239e-22,2.39380409669e-22,2.80508815233e-22,3.97733949646e-22,6.19065625701e-22,8.74940801354e-22,1.17503277933e-21,1.75079380359e-21],"var":[0.000279806030449,0.000808780197985,0.0000329896429321,0.0000105388608063,0.0000100173574538,0.0000236644063989,0.00000913223902899,0.00000434275352745,0.0000175749537448,0.00000286322847387,0.00000183043061952,0.00000333146726916,0.00000153441226303,0.00000223602933147,0.00000157388137723,3.35369179538e-7,2.18646277972e-7,1.75730093588e-7,6.83241125898e-8,6.39338395558e-8,7.31349842908e-8,4.09918605726e-8,6.90127599512e-9,1.02102426514e-9,6.75332637035e-11,5.43653566609e-9,0.00000331620117322]},"barkbands_crest":{"dmean":3.01073503494,"dmean2":4.8997220993,"dvar":7.41931676865,"dvar2":18.2813968658,"max":23.0074901581,"mean":8.69952297211,"median":7.74395799637,"min":2.25157976151,"var":15.2973518372},"barkbands_flatness_db":{"dmean":0.0248433463275,"dmean2":0.0390705168247,"dvar":0.00063919153763,"dvar2":0.0015046877088,"max":0.321009963751,"mean":0.106049150229,"median":0.0983932167292,"min":0.0209274273366,"var":0.00142245029565},"barkbands_kurtosis":{"dmean":3.1027135849,"dmean2":5.16853761673,"dvar":39.0103149414,"dvar2":102.322059631,"max":101.301689148,"mean":2.94693017006,"median":1.16020107269,"min":-1.69639968872,"var":37.0140724182},"barkbands_skewness":{"dmean":0.612958371639,"dmean2":0.974035739899,"dvar":0.539913952351,"dvar2":1.29499173164,"max":9.07929420471,"mean":1.51701962948,"median":1.3317104578,"min":-2.14939451218,"var":1.08858788013},"barkbands_spread":{"dmean":11.3641376495,"dmean2":18.1807346344,"dvar":100.632225037,"dvar2":239.702468872,"max":115.23474884,"mean":47.6880073547,"median":47.5820884705,"min":3.30407238007,"var":286.90411377},"dissonance":{"dmean":0.0108178928494,"dmean2":0.0187365915626,"dvar":0.000102420650364,"dvar2":0.000289451418212,"max":0.500000119209,"mean":0.48420971632,"median":0.487362116575,"min":0.387210190296,"var":0.000152085136506},"dynamic_complexity":2.22486543655,"erbbands":{"dmean":[0.90104663372,2.60143375397,4.47783374786,4.51222848892,5.57701730728,6.51613998413,10.2114686966,13.1462440491,14.9853229523,14.4555091858,23.2065868378,29.0285663605,20.6264781952,24.5883865356,26.9055614471,40.4489021301,31.6790962219,39.4423141479,59.2882881165,23.2005786896,19.9609603882,16.0294570923,15.076956749,8.28797912598,6.39400911331,5.40267944336,4.41674423218,3.61478662491,2.68443059921,1.68011713028,0.818394601345,0.37906947732,0.150295212865,0.0655632093549,0.0344953611493,0.0369177758694,0.0565264113247,0.0565374195576,0.0242827422917,0.0175628829747],"dmean2":[1.5428391695,4.3538684845,7.74455451965,7.67950057983,9.53473472595,11.0440406799,16.9700965881,21.3522186279,24.0121479034,23.762216568,38.5818443298,47.2368164062,34.3544120789,41.376537323,45.1937675476,68.2618179321,53.4109458923,66.4087982178,99.8721160889,38.3799438477,33.7329139709,27.3669872284,25.727388382,14.38813591,11.0121135712,9.14677715302,7.17808103561,5.56531715393,4.24388170242,2.63980674744,1.22319996357,0.537279546261,0.217191830277,0.101238116622,0.0550015605986,0.0529911629856,0.0772508457303,0.0818763822317,0.0362303555012,0.0284205675125],"dvar":[3.00909495354,13.2006845474,38.8955497742,56.3634872437,48.596321106,102.398445129,408.462799072,874.637145996,1052.9017334,1132.38269043,1698.85534668,5046.36865234,1311.74108887,1379.57446289,1554.73876953,2716.05273438,2058.69824219,1852.16479492,3817.24682617,716.141845703,543.785949707,415.990264893,348.869842529,214.321990967,172.766479492,88.1672363281,78.3863067627,56.8757209778,52.1588783264,28.1701564789,3.37652349472,0.487106263638,0.0563560687006,0.00774258282036,0.00209011882544,0.00325609277934,0.0130827724934,0.0177101157606,0.00111702398863,0.000278777413769],"dvar2":[8.04729652405,33.7719039917,106.902946472,155.299758911,131.458892822,274.579681396,1071.89550781,2008.58898926,2326.57519531,2915.26098633,4576.44628906,11871.5537109,3379.05444336,3731.37329102,4023.93798828,7229.87939453,5633.00830078,5055.95117188,10343.1015625,1897.82263184,1493.18029785,1162.62731934,973.904052734,605.263549805,485.894805908,236.133346558,199.690307617,129.915786743,127.969261169,72.1984710693,7.83443927765,0.920087456703,0.103062197566,0.0177114196122,0.00504892552271,0.00589168537408,0.0229984894395,0.0399384945631,0.00256265397184,0.00074913026765],"max":[16.040807724,40.585319519,77.1463394165,144.2578125,137.336074829,306.434844971,467.099487305,852.431884766,843.828552246,1083.18212891,958.415039062,1782.92297363,674.05090332,1049.96057129,853.752502441,1587.14794922,1354.26147461,856.17401123,1287.16174316,538.037658691,562.520996094,303.954223633,283.856964111,247.839828491,270.315612793,224.095718384,270.200317383,149.672576904,124.128303528,130.902236938,46.7279701233,14.6041498184,3.78318452835,1.06278204918,0.577333807945,1.02063858509,1.95602703094,2.22309613228,0.742195904255,0.274618506432],"mean":[0.908378005028,3.21650791168,5.40482664108,6.27004861832,8.10930919647,9.56149482727,15.0221471786,21.8058891296,25.3948040009,22.6706371307,36.4568557739,48.6997566223,35.8334159851,43.6256103516,52.9627761841,74.6426620483,62.7716293335,87.4070892334,124.518562317,54.1847915649,42.0087394714,35.8875007629,33.0871505737,16.1155109406,11.3439531326,10.7342414856,8.83682155609,6.80120658875,4.44221782684,2.52672457695,1.31727945805,0.607461690903,0.227251306176,0.0877642631531,0.0428054668009,0.0560203269124,0.0983683094382,0.114139743149,0.087870195508,0.0869167298079],"median":[0.346554666758,1.8079855442,3.29917478561,3.43846011162,5.30700302124,6.25642776489,7.41243171692,8.87872028351,10.163520813,10.6565227509,18.3268547058,19.3510189056,21.2879867554,30.0603981018,39.173538208,57.2730484009,48.9425163269,75.3968353271,110.151351929,46.9144554138,35.7834129333,30.9994831085,29.4591026306,13.4539852142,8.43315505981,8.04212760925,5.8065199852,4.26249456406,2.74074077606,1.50988650322,0.718213558197,0.282908529043,0.109132416546,0.0471388213336,0.0238066837192,0.0272819194943,0.0457536876202,0.0733835250139,0.0796164944768,0.0906798094511],"min":[1.57290609861e-22,8.14104050291e-22,2.43033863073e-21,6.75262874996e-21,4.67404503965e-21,2.51412774547e-20,4.87740941273e-20,7.7124439771e-20,1.45145614729e-19,2.21938141817e-19,1.56161670085e-19,3.63848317129e-19,4.89199629046e-19,8.16352973431e-19,8.56667843632e-19,1.26076170289e-18,1.43359230308e-18,1.17093909075e-18,2.15092250311e-18,3.44021707744e-18,3.70023365158e-18,4.33528998634e-18,5.21272678419e-18,6.94594892735e-18,6.04121641006e-18,6.17411703754e-18,8.0405462786e-18,7.76335888251e-18,9.77237793115e-18,1.1624336061e-17,1.10097408659e-17,1.22181185647e-17,9.92754874226e-18,8.14496294168e-18,6.21266241331e-18,4.12515674584e-18,2.13352110456e-18,9.30004125777e-19,2.40507519388e-19,2.25192215417e-20],"var":[2.53939723969,16.245880127,41.3739089966,78.0048751831,81.1067657471,133.184875488,633.042358398,2387.53979492,3103.32470703,1958.58276367,3047.10131836,12521.125,2488.90429688,2594.00610352,3146.55761719,5698.00927734,3388.50463867,3645.2890625,6629.26220703,1452.90991211,969.954833984,712.848937988,596.789733887,221.335479736,173.294189453,138.583190918,156.335113525,97.2271881104,56.393409729,24.108549118,4.24695587158,0.97818428278,0.122514635324,0.0123735070229,0.00276525644585,0.00720589002594,0.0279266592115,0.0235805846751,0.00376404542476,0.00183059950359]},"erbbands_crest":{"dmean":2.25025677681,"dmean2":3.78723287582,"dvar":3.99053192139,"dvar2":10.5353918076,"max":24.2948970795,"mean":7.7261800766,"median":7.077085495,"min":2.46996307373,"var":8.89103221893},"erbbands_flatness_db":{"dmean":0.0170922838151,"dmean2":0.0261678732932,"dvar":0.000215136198676,"dvar2":0.000479835056467,"max":0.277560561895,"mean":0.133599147201,"median":0.130969837308,"min":0.0545370019972,"var":0.000861290376633},"erbbands_kurtosis":{"dmean":0.797837734222,"dmean2":1.31919395924,"dvar":0.621430873871,"dvar2":1.63755166531,"max":11.4171113968,"mean":0.912869513035,"median":0.642067909241,"min":-1.33940470219,"var":1.87678849697},"erbbands_skewness":{"dmean":0.301325887442,"dmean2":0.482553213835,"dvar":0.0657932981849,"dvar2":0.154338702559,"max":2.38935995102,"mean":-0.293804258108,"median":-0.347807109356,"min":-2.56005167961,"var":0.290954768658},"erbbands_spread":{"dmean":5.27993249893,"dmean2":8.41552352905,"dvar":21.5250587463,"dvar2":53.6054725647,"max":65.3944015503,"mean":25.4374809265,"median":24.6734275818,"min":5.55885887146,"var":67.9393539429},"gfcc":{"cov":[[31839.2558594,2071.91113281,-1601.33044434,522.761901855,97.6400527954,-604.294433594,230.876708984,-669.427246094,148.849822998,-199.748214722,-140.485946655,-20.6483974457,-239.668823242],[2071.91113281,623.134887695,-160.4322052,-47.939994812,154.356933594,-133.77696228,54.8177223206,-46.898399353,73.7920379639,-37.0480155945,38.2026329041,-33.4394836426,30.6054592133],[-1601.33044434,-160.4322052,363.436828613,90.9382095337,-37.8603897095,134.80557251,-61.2046546936,84.0118255615,-27.1541233063,38.3155288696,-0.491278409958,25.7749328613,0.623986899853],[522.761901855,-47.939994812,90.9382095337,183.464248657,21.4524898529,6.85396623611,37.0030403137,-23.1077289581,-23.8345813751,-0.311364650726,-15.0835609436,13.1036729813,-14.4193897247],[97.6400527954,154.356933594,-37.8603897095,21.4524898529,182.372543335,10.9261770248,49.2107810974,-22.2464332581,16.4267616272,-28.9934196472,15.9968109131,-11.5491867065,23.8805561066],[-604.294433594,-133.77696228,134.80557251,6.85396623611,10.9261770248,232.133117676,-42.0936698914,72.4671707153,-27.5169143677,15.6353254318,-12.5038499832,16.8072052002,2.85542273521],[230.876708984,54.8177223206,-61.2046546936,37.0030403137,49.2107810974,-42.0936698914,126.110549927,-25.0934009552,32.3984794617,-14.1061525345,-5.5682220459,-1.63680112362,-8.51205635071],[-669.427246094,-46.898399353,84.0118255615,-23.1077289581,-22.2464332581,72.4671707153,-25.0934009552,108.818984985,12.9411745071,30.2594165802,10.9334144592,-7.89826440811,8.59099578857],[148.849822998,73.7920379639,-27.1541233063,-23.8345813751,16.4267616272,-27.5169143677,32.3984794617,12.9411745071,77.5959320068,25.856048584,15.5058164597,1.91567802429,-9.38403701782],[-199.748214722,-37.0480155945,38.3155288696,-0.311364650726,-28.9934196472,15.6353254318,-14.1061525345,30.2594165802,25.856048584,64.4320983887,30.1693668365,12.5909738541,4.96597957611],[-140.485946655,38.2026329041,-0.491278409958,-15.0835609436,15.9968109131,-12.5038499832,-5.5682220459,10.9334144592,15.5058164597,30.1693668365,54.7306442261,21.3894939423,19.4200935364],[-20.6483974457,-33.4394836426,25.7749328613,13.1036729813,-11.5491867065,16.8072052002,-1.63680112362,-7.89826440811,1.91567802429,12.5909738541,21.3894939423,52.4261054993,17.3001899719],[-239.668823242,30.6054592133,0.623986899853,-14.4193897247,23.8805561066,2.85542273521,-8.51205635071,8.59099578857,-9.38403701782,4.96597957611,19.4200935364,17.3001899719,57.1966133118]],"icov":[[0.000109709944809,-0.000519972643815,0.000725362740923,-0.000805435003713,0.000366522406694,-0.000289378833259,0.000399796117563,0.0000196383734874,-0.00000754921529733,-0.000225050112931,0.000465075689135,-0.000545420858543,0.000470312719699],[-0.000519972643815,0.00561907840893,-0.00323069375008,0.00341028021649,-0.00271251727827,0.00185121665709,-0.00112794130109,0.000917968514841,-0.0040027378127,0.0046053645201,-0.00550248892978,0.00579672539607,-0.00449782190844],[0.000725362740923,-0.00323069375008,0.0104355579242,-0.00871186703444,0.00239029014483,-0.00310877035372,0.00508646061644,-0.00359245832078,0.0000616473771515,-0.00218172115274,0.00382268778048,-0.00580278597772,0.00356860132888],[-0.000805435003713,0.00341028021649,-0.00871186703444,0.0168140735477,-0.00710253277794,0.0051551843062,-0.0071777664125,0.000279858038994,0.00831536762416,-0.00626387540251,0.00393216218799,-0.00254964944907,0.0020761503838],[0.000366522406694,-0.00271251727827,0.00239029014483,-0.00710253277794,0.0162023473531,-0.00818988587707,-0.0012509735534,0.00671473750845,-0.00908485148102,0.0120159490034,-0.0128864301369,0.0115343313664,-0.00802718754858],[-0.000289378833259,0.00185121665709,-0.00310877035372,0.0051551843062,-0.00818988587707,0.0116798821837,0.000134302812512,-0.0079562002793,0.00754391169176,-0.00678138202056,0.00973301101476,-0.00957193318754,0.00459876470268],[0.000399796117563,-0.00112794130109,0.00508646061644,-0.0071777664125,-0.0012509735534,0.000134302812512,0.0149181624874,-0.000978881376795,-0.00705487001687,0.0024745806586,0.00336772319861,-0.0035961237736,0.00186849245802],[0.0000196383734874,0.000917968514841,-0.00359245832078,0.000279858038994,0.00671473750845,-0.0079562002793,-0.000978881376795,0.0222270898521,-0.0102042034268,0.00386621616781,-0.0113293649629,0.016819274053,-0.00944015756249],[-0.00000754921529733,-0.0040027378127,0.0000616473771515,0.00831536762416,-0.00908485148102,0.00754391169176,-0.00705487001687,-0.0102042034268,0.0360294915736,-0.0243008751422,0.0151326591149,-0.0179101601243,0.0164054241031],[-0.000225050112931,0.0046053645201,-0.00218172115274,-0.00626387540251,0.0120159490034,-0.00678138202056,0.0024745806586,0.00386621616781,-0.0243008751422,0.0470969378948,-0.0328995846212,0.0179940331727,-0.0122016193345],[0.000465075689135,-0.00550248892978,0.00382268778048,0.00393216218799,-0.0128864301369,0.00973301101476,0.00336772319861,-0.0113293649629,0.0151326591149,-0.0328995846212,0.0563349053264,-0.0323326513171,0.00893130619079],[-0.000545420858543,0.00579672539607,-0.00580278597772,-0.00254964944907,0.0115343313664,-0.00957193318754,-0.0035961237736,0.016819274053,-0.0179101601243,0.0179940331727,-0.0323326513171,0.0509628131986,-0.0223035104573],[0.000470312719699,-0.00449782190844,0.00356860132888,0.0020761503838,-0.00802718754858,0.00459876470268,0.00186849245802,-0.00944015756249,0.0164054241031,-0.0122016193345,0.00893130619079,-0.0223035104573,0.0346280112863]],"mean":[34.15284729,81.0514526367,-101.046737671,-5.41474342346,0.227988421917,-10.1864728928,3.19142627716,-20.2070007324,5.14018583298,-6.22519302368,-4.18934965134,-2.79128885269,-5.85346317291]},"hfc":{"dmean":72.5469589233,"dmean2":116.85974884,"dvar":4802.01611328,"dvar2":12363.5839844,"max":1418.3182373,"mean":359.596343994,"median":366.146453857,"min":1.07799679588e-16,"var":27440.5507812},"melbands":{"dmean":[0.00638321787119,0.00251470971853,0.000756159191951,0.000427221850259,0.000330776936607,0.000299734761938,0.00021743196703,0.000154981229571,0.000207252072869,0.000175155088073,0.000104807688331,0.000103990518255,0.0000911867682589,0.00012304847769,0.0000740049654269,0.0000722048789612,0.0000830293502077,0.000110394743388,0.0000526408657606,0.0000259912212641,0.0000243094345933,0.0000179700000444,0.000017619380742,0.0000113673095257,0.00000699893143974,0.00000524553479408,0.00000455494910057,0.00000364613219972,0.00000305257754007,0.00000244656780524,0.00000216606031245,0.00000167226266967,0.00000125620795188,8.40122368118e-7,5.13938687163e-7,3.34822743753e-7,2.02209236022e-7,1.14120702221e-7,7.19327601928e-8,5.0360323911e-8],"dmean2":[0.0107146669179,0.00426106387749,0.00127953418996,0.000725090678316,0.000548036710825,0.000483895011712,0.000348013534676,0.000255794875557,0.000342908577295,0.000286195019726,0.000175204346306,0.000174976172275,0.000153635672177,0.000207789766137,0.000124794794829,0.000122484852909,0.000140859716339,0.000186961697182,0.0000880102670635,0.0000440390103904,0.0000414143396483,0.0000307698392135,0.0000300147403323,0.0000195952306967,0.0000121890416267,0.00000907143112272,0.00000790051217336,0.00000615226554146,0.0000050267590268,0.00000391909998143,0.00000339648545378,0.0000026733841878,0.00000202507294489,0.00000132691604904,7.82585061643e-7,4.91362527555e-7,2.89818359533e-7,1.66616175079e-7,1.09713653274e-7,7.94276076022e-8],"dvar":[0.000134894420626,0.00000935321168072,0.00000134027447984,3.1562251479e-7,3.76986520223e-7,4.25287652206e-7,1.97666679469e-7,1.14612490165e-7,1.42191680652e-7,1.65370977356e-7,3.3857745052e-8,2.58166892309e-8,2.08094395049e-8,2.87386132669e-8,7.87866127894e-9,9.06168740045e-9,8.27897927991e-9,1.32560504795e-8,3.40856542991e-9,9.50629464036e-10,8.40455927076e-10,5.45378520123e-10,4.37949343457e-10,2.39256642276e-10,1.50715329106e-10,9.74358371764e-11,8.74624608849e-11,3.60592944393e-11,4.24624259365e-11,2.10094164288e-11,2.45138579574e-11,1.91909439728e-11,1.43140195877e-11,6.91825112822e-12,1.37206164399e-12,4.08713481895e-13,1.47895191645e-13,3.64619799468e-14,1.03074795606e-14,4.65266261729e-15],"dvar2":[0.000351107039023,0.000024903265512,0.00000366851963918,8.51224911003e-7,9.82230403679e-7,9.73721171249e-7,4.45154654471e-7,2.94591160355e-7,3.80323712079e-7,3.92178748143e-7,8.67535803195e-8,6.93386894568e-8,5.30460120274e-8,7.65780399092e-8,2.07304502453e-8,2.49483953496e-8,2.26083720634e-8,3.59732759136e-8,8.80920136836e-9,2.63151633817e-9,2.30267604984e-9,1.5308673218e-9,1.23796961571e-9,6.70822175586e-10,4.25461388343e-10,2.73814221297e-10,2.45930054099e-10,9.59358287256e-11,1.10445354251e-10,5.11960543403e-11,5.66839908345e-11,4.69237981804e-11,3.65379636269e-11,1.77899292519e-11,3.26585785325e-12,8.39496983214e-13,2.80975465334e-13,6.83398717932e-14,2.22125022233e-14,1.10227031699e-14],"max":[0.109010726213,0.0343452841043,0.0214015506208,0.0125533835962,0.0128766680136,0.0172906145453,0.0110902413726,0.0108335027471,0.00850203819573,0.0101981479675,0.00352741451934,0.00465821521357,0.00371314375661,0.00476116780192,0.00264087109827,0.00219030119479,0.00149303872604,0.00221739755943,0.000978023861535,0.000463279342512,0.00066589936614,0.000356457312591,0.000312205898808,0.000210835903999,0.000206417753361,0.000176402842044,0.000172443978954,0.000147245838889,0.000226657924941,0.000108425025246,0.000112767258543,0.0000812286452856,0.0000649090798106,0.000079782344983,0.0000306510883092,0.0000125978658616,0.00001026055088,0.00000326461304212,0.00000155064435603,8.32712203191e-7],"mean":[0.00724333245307,0.00332561321557,0.00114843458869,0.000642087252345,0.000505353789777,0.000511581776664,0.000372473994503,0.000241422632826,0.000323716027196,0.000289846182568,0.000174802582478,0.000175557172042,0.000161281583132,0.000216027896386,0.000144560995977,0.000134560250444,0.000167203848832,0.000218514484004,0.000105591694592,0.0000528201053385,0.0000467524514534,0.0000357267235813,0.0000366075801139,0.0000224813302339,0.0000120580616567,0.0000086861955424,0.00000761950514061,0.00000694823529557,0.00000564776064493,0.0000046200543693,0.00000371712621927,0.00000266755841949,0.00000183791394193,0.00000121391656194,7.97812106157e-7,5.25263430973e-7,3.09211401373e-7,1.69498036939e-7,9.97067246544e-8,6.39813038106e-8],"median":[0.00338621460833,0.00215344456956,0.000701381824911,0.000448477774626,0.00026980729308,0.000208320052479,0.000152222055476,0.000119479838759,0.000153147135279,0.000115550268674,0.000103088546894,0.000117481358757,0.000112734007416,0.000160567695275,0.00011571347568,0.000105543374957,0.000139719733852,0.000190063627088,0.0000883389511728,0.0000442511554866,0.0000385370658478,0.0000292450313282,0.0000319752543874,0.000019211000108,0.00000950163757807,0.00000640134021523,0.00000529408089278,0.00000516787213201,0.00000354725602847,0.00000290555385618,0.00000222169796871,0.00000161523200859,0.00000109518316549,7.06571938736e-7,4.31396045997e-7,2.54790961662e-7,1.34975010724e-7,7.87371376987e-8,5.13495592713e-8,3.39861685461e-8],"min":[2.14336564785e-24,1.50210278736e-24,1.22244124266e-24,1.351424438e-24,1.77080084181e-24,1.69639212857e-24,2.25044700763e-24,2.34128769352e-24,1.45783546323e-24,1.95766424088e-24,2.1509590257e-24,3.14625713843e-24,2.58171317034e-24,2.46523529389e-24,3.05621872407e-24,2.32020341368e-24,1.69064350194e-24,3.13490069684e-24,3.19030752581e-24,3.48493464935e-24,4.04158330306e-24,4.01656852376e-24,3.5957329245e-24,4.23294912576e-24,3.94135181974e-24,2.78176671818e-24,2.90342918572e-24,4.40690833814e-24,3.79501259979e-24,5.11210660006e-24,3.66213529119e-24,5.13848216443e-24,4.82575245805e-24,5.64728561538e-24,5.36626180651e-24,5.16882806573e-24,6.27538297901e-24,6.6256498427e-24,5.62079093302e-24,6.19980970986e-24],"var":[0.000125239326735,0.0000123113159134,0.00000201847183234,4.58065841258e-7,6.05234959039e-7,0.00000117706883884,5.75218848553e-7,1.976033559e-7,2.66346773969e-7,4.06325142421e-7,6.35091836898e-8,4.78293458173e-8,3.89759193808e-8,5.57096946352e-8,1.60647974923e-8,1.52652646079e-8,1.5315523072e-8,2.21417053581e-8,6.54881038287e-9,1.65952118714e-9,1.37761158037e-9,8.64268157041e-10,7.3311207105e-10,3.4125244297e-10,1.47670722872e-10,9.75982072937e-11,9.15639300492e-11,5.91062962463e-11,7.9301787359e-11,3.80547121592e-11,3.6350710636e-11,2.11851838156e-11,1.25684766414e-11,5.86250102283e-12,1.62600228421e-12,7.06102548393e-13,2.93362122789e-13,7.54394512354e-14,1.8441816474e-14,6.62861938258e-15]},"melbands_crest":{"dmean":5.27276802063,"dmean2":8.54355621338,"dvar":22.0760555267,"dvar2":53.1901016235,"max":36.80519104,"mean":15.875743866,"median":14.6006011963,"min":1.18177330494,"var":52.323348999},"melbands_flatness_db":{"dmean":0.0344405993819,"dmean2":0.054211370647,"dvar":0.0010461845668,"dvar2":0.00249619223177,"max":0.461724370718,"mean":0.202913105488,"median":0.198031634092,"min":0.0000706125210854,"var":0.00323428446427},"melbands_kurtosis":{"dmean":5.95007133484,"dmean2":10.0301961899,"dvar":121.318443298,"dvar2":323.329315186,"max":167.495330811,"mean":6.36370754242,"median":3.12803077698,"min":-1.5425413847,"var":114.260223389},"melbands_skewness":{"dmean":0.876796066761,"dmean2":1.41148531437,"dvar":0.979028582573,"dvar2":2.44179940224,"max":12.1056108475,"mean":2.08966255188,"median":1.84973669052,"min":-1.44873952866,"var":1.85164499283},"melbands_spread":{"dmean":8.40960693359,"dmean2":13.5586738586,"dvar":54.0744171143,"dvar2":128.651000977,"max":158.59274292,"mean":28.4308013916,"median":26.3670196533,"min":1.32612073421,"var":307.69644165},"mfcc":{"cov":[[10315.9990234,2133.5949707,-344.409851074,755.670593262,-73.6638717651,390.395172119,-63.1316337585,124.739723206,-4.53642225266,68.7655715942,39.4039039612,26.6909065247,-88.8982086182],[2133.5949707,1127.04052734,-270.818572998,160.422576904,67.0914611816,64.8935089111,-17.1195030212,29.80286026,37.2067337036,12.7579402924,51.9081077576,23.0935916901,-4.40228176117],[-344.409851074,-270.818572998,303.454650879,-80.9638366699,46.050567627,-14.8557348251,8.09640979767,1.59104907513,-6.09165763855,14.6133642197,-1.57611405849,6.73654937744,2.93279528618],[755.670593262,160.422576904,-80.9638366699,237.707580566,-48.8957481384,36.7990455627,2.18230342865,-0.268961817026,-5.87122631073,-3.4013235569,-1.29750835896,-6.9947924614,-5.34160900116],[-73.6638717651,67.0914611816,46.050567627,-48.8957481384,159.134078979,34.0628700256,43.2882652283,18.364522934,13.551733017,2.29192662239,-4.03499507904,3.34209871292,9.46328353882],[390.395172119,64.8935089111,-14.8557348251,36.7990455627,34.0628700256,129.659057617,35.1102638245,40.473903656,8.13217830658,3.43915104866,-13.3928251266,1.15944457054,-1.87690711021],[-63.1316337585,-17.1195030212,8.09640979767,2.18230342865,43.2882652283,35.1102638245,78.4907226562,24.8079566956,16.1566867828,-2.94516825676,-8.92305755615,-5.86318397522,3.82817339897],[124.739723206,29.80286026,1.59104907513,-0.268961817026,18.364522934,40.473903656,24.8079566956,68.1147766113,19.7396221161,13.6493358612,-2.9702732563,-2.13038659096,-4.38032388687],[-4.53642225266,37.2067337036,-6.09165763855,-5.87122631073,13.551733017,8.13217830658,16.1566867828,19.7396221161,52.5239334106,16.9298496246,12.7978086472,2.91677927971,-0.154330208898],[68.7655715942,12.7579402924,14.6133642197,-3.4013235569,2.29192662239,3.43915104866,-2.94516825676,13.6493358612,16.9298496246,56.4268226624,21.8488712311,10.6867799759,1.81591403484],[39.4039039612,51.9081077576,-1.57611405849,-1.29750835896,-4.03499507904,-13.3928251266,-8.92305755615,-2.9702732563,12.7978086472,21.8488712311,55.2295761108,24.6953830719,9.23818302155],[26.6909065247,23.0935916901,6.73654937744,-6.9947924614,3.34209871292,1.15944457054,-5.86318397522,-2.13038659096,2.91677927971,10.6867799759,24.6953830719,43.4878959656,17.6639251709],[-88.8982086182,-4.40228176117,2.93279528618,-5.34160900116,9.46328353882,-1.87690711021,3.82817339897,-4.38032388687,-0.154330208898,1.81591403484,9.23818302155,17.6639251709,39.3452835083]],"icov":[[0.000240806475631,-0.000473133695778,-0.000314360484481,-0.000403501064284,0.000322183215758,-0.000488269492052,0.000125671838759,-0.0000803486691439,0.000295084289974,-0.000239425513428,0.000201124465093,-0.000134110843646,0.000363037863281],[-0.000473133695778,0.00249575055204,0.00193918519653,-0.000132646178827,-0.00221799849533,0.00073187839007,0.00104062235914,-0.000398790522013,-0.00111625215504,0.000741325784475,-0.00173768075183,-0.000171754421899,-0.0000830697172205],[-0.000314360484481,0.00193918519653,0.00538128428161,0.000805789895821,-0.00259872269817,0.000995409558527,0.000427730963565,-0.000398670701543,0.000368928886019,-0.000912598101422,-0.000723601435311,-0.000886882771738,0.000413124478655],[-0.000403501064284,-0.000132646178827,0.000805789895821,0.00651611108333,0.00215988256969,-0.00107962649781,-0.00173339166213,0.001309900661,0.00053191446932,0.00000423231495006,-0.000354995514499,0.00148041988723,-0.000937843054999],[0.000322183215758,-0.00221799849533,-0.00259872269817,0.00215988256969,0.0106454370543,-0.00234762043692,-0.00484062265605,0.000781540584285,0.0000845033573569,-0.000466263707494,0.00165128486697,0.000178775022505,-0.00159383495338],[-0.000488269492052,0.00073187839007,0.000995409558527,-0.00107962649781,-0.00234762043692,0.0126405181363,-0.00299738696776,-0.0052770129405,0.000474858359667,-0.000213370774873,0.00309809902683,-0.00309871090576,0.000305131456116],[0.000125671838759,0.00104062235914,0.000427730963565,-0.00173339166213,-0.00484062265605,-0.00299738696776,0.019785227254,-0.00407571485266,-0.00478196423501,0.00279311742634,0.0000818927437649,0.00256578554399,-0.00254314462654],[-0.0000803486691439,-0.000398790522013,-0.000398670701543,0.001309900661,0.000781540584285,-0.0052770129405,-0.00407571485266,0.0220149066299,-0.00517554813996,-0.00430600903928,0.00206870399415,0.00064582505729,0.00179193133954],[0.000295084289974,-0.00111625215504,0.000368928886019,0.00053191446932,0.0000845033573569,0.000474858359667,-0.00478196423501,-0.00517554813996,0.0261374004185,-0.00548690464348,-0.00474427547306,0.00124867109116,0.00138706539292],[-0.000239425513428,0.000741325784475,-0.000912598101422,0.00000423231495006,-0.000466263707494,-0.000213370774873,0.00279311742634,-0.00430600903928,-0.00548690464348,0.0243680030107,-0.00846718531102,-0.000770000449847,0.000148973340401],[0.000201124465093,-0.00173768075183,-0.000723601435311,-0.000354995514499,0.00165128486697,0.00309809902683,0.0000818927437649,0.00206870399415,-0.00474427547306,-0.00846718531102,0.0316293127835,-0.0147212333977,-0.000206555763725],[-0.000134110843646,-0.000171754421899,-0.000886882771738,0.00148041988723,0.000178775022505,-0.00309871090576,0.00256578554399,0.00064582505729,0.00124867109116,-0.000770000449847,-0.0147212333977,0.038167167455,-0.0140617657453],[0.000363037863281,-0.0000830697172205,0.000413124478655,-0.000937843054999,-0.00159383495338,0.000305131456116,-0.00254314462654,0.00179193133954,0.00138706539292,0.000148973340401,-0.000206555763725,-0.0140617657453,0.0332737378776]],"mean":[-616.450378418,147.040756226,-33.3227424622,24.4383163452,5.48518705368,25.2876281738,0.242680519819,7.85035705566,3.20595550537,5.82672595978,3.77502012253,4.22247457504,-1.32374632359]},"pitch_salience":{"dmean":0.0905992388725,"dmean2":0.1465190202,"dvar":0.00747007457539,"dvar2":0.0176878087223,"max":0.994512498379,"mean":0.586621463299,"median":0.61480152607,"min":0.104889892042,"var":0.0155771095306},"silence_rate_20dB":{"dmean":0,"dmean2":0,"dvar":0,"dvar2":0,"max":1,"mean":1,"median":1,"min":1,"var":0},"silence_rate_30dB":{"dmean":0.141307026148,"dmean2":0.282648921013,"dvar":0.12133551389,"dvar2":0.23875528574,"max":1,"mean":0.826038718224,"median":1,"min":0,"var":0.143703639507},"silence_rate_60dB":{"dmean":0.000246609124588,"dmean2":0.000493279076181,"dvar":0.000246549461735,"dvar2":0.000493030820508,"max":1,"mean":0.0405622012913,"median":0,"min":0,"var":0.0389170646667},"spectral_centroid":{"dmean":198.942184448,"dmean2":318.32220459,"dvar":44083.8554688,"dvar2":102095.070312,"max":11753.8955078,"mean":1558.10681152,"median":1386.98486328,"min":486.387939453,"var":1459794.75},"spectral_complexity":{"dmean":3.74278664589,"dmean2":5.95338535309,"dvar":11.2273988724,"dvar2":25.7089805603,"max":58,"mean":32.0335350037,"median":33,"min":0,"var":82.1117095947},"spectral_contrast_coeffs":{"dmean":[0.0548228658736,0.0477833338082,0.0365717746317,0.0275399237871,0.0205651205033,0.0334744825959],"dmean2":[0.0919096618891,0.0806740820408,0.0625131055713,0.047045443207,0.0346003472805,0.0527579821646],"dvar":[0.00181903038174,0.00139444600791,0.000808902492281,0.000462911062641,0.000280137232039,0.000881626445334],"dvar2":[0.00500720506534,0.00400000531226,0.00231986748986,0.00133710436057,0.000772754428908,0.00216711778194],"max":[-0.447920382023,-0.468252182007,-0.598815739155,-0.674588739872,-0.668301582336,-0.528557896614],"mean":[-0.712335109711,-0.781732261181,-0.81025159359,-0.802499234676,-0.801057577133,-0.71902692318],"median":[-0.71023696661,-0.787805080414,-0.813059508801,-0.801315307617,-0.799795567989,-0.712238073349],"min":[-0.979661405087,-0.994544923306,-0.993413448334,-0.983340084553,-0.983201384544,-0.965082347393],"var":[0.00536679988727,0.0041388948448,0.00223572133109,0.00130673253443,0.00118570681661,0.00431031500921]},"spectral_contrast_valleys":{"dmean":[0.413665562868,0.351076304913,0.284612149,0.224965408444,0.241511359811,0.450065344572],"dmean2":[0.681359708309,0.594203829765,0.478659063578,0.371979236603,0.384391725063,0.678519129753],"dvar":[0.11824195832,0.0921904668212,0.0636642277241,0.048702403903,0.0870097130537,0.164081543684],"dvar2":[0.288632571697,0.230459302664,0.153276190162,0.103823967278,0.185806810856,0.400307536125],"max":[-4.77493476868,-4.51084136963,-4.97819948196,-5.34520292282,-5.4138417244,-8.84412002563],"mean":[-6.81867361069,-6.51595306396,-6.63348913193,-6.75122833252,-7.3592748642,-10.8199586868],"median":[-6.34248924255,-6.08273601532,-6.20559501648,-6.29551076889,-6.86417007446,-10.4700737],"min":[-28.2743854523,-27.8904800415,-27.7325839996,-27.7380046844,-27.5331573486,-27.4117069244],"var":[7.70846176147,7.63403558731,7.24796438217,7.22665834427,7.04702663422,4.95958375931]},"spectral_decrease":{"dmean":7.39278949169e-9,"dmean2":1.19622143302e-8,"dvar":1.11183622534e-16,"dvar2":2.73939746035e-16,"max":4.89393636727e-9,"mean":-1.09690478922e-8,"median":-7.59039853193e-9,"min":-9.76241665285e-8,"var":1.31016965169e-16},"spectral_energy":{"dmean":0.0279017835855,"dmean2":0.0451985187829,"dvar":0.00151889317203,"dvar2":0.00376911181957,"max":0.383824527264,"mean":0.0740160569549,"median":0.0655478164554,"min":1.00882446675e-20,"var":0.00207087490708},"spectral_energyband_high":{"dmean":0.000522815622389,"dmean2":0.000806312542409,"dvar":4.60730802843e-7,"dvar2":0.00000111145072879,"max":0.0122397318482,"mean":0.00190214568283,"median":0.00183608278167,"min":7.09359316391e-21,"var":0.00000132314403345},"spectral_energyband_low":{"dmean":0.0242672078311,"dmean2":0.0401985645294,"dvar":0.00144586199895,"dvar2":0.00367235322483,"max":0.365078002214,"mean":0.0320197567344,"median":0.018982283771,"min":1.93514522027e-23,"var":0.00152616528794},"spectral_energyband_middle_high":{"dmean":0.00305409776047,"dmean2":0.00498263863847,"dvar":0.00000957421161729,"dvar2":0.0000247906355071,"max":0.0497738979757,"mean":0.0113604832441,"median":0.0107798874378,"min":1.12437907397e-21,"var":0.0000348570611095},"spectral_energyband_middle_low":{"dmean":0.00505865039304,"dmean2":0.00814662873745,"dvar":0.0000398374577344,"dvar2":0.0000979076357908,"max":0.100692480803,"mean":0.012952205725,"median":0.0100033320487,"min":1.64903445762e-22,"var":0.000121034398035},"spectral_entropy":{"dmean":0.102175429463,"dmean2":0.152569293976,"dvar":0.00930673070252,"dvar2":0.0195024386048,"max":9.81613922119,"mean":7.79826974869,"median":7.77605438232,"min":6.79986381531,"var":0.0969258472323},"spectral_flux":{"dmean":0.0381028801203,"dmean2":0.0628400743008,"dvar":0.00222308677621,"dvar2":0.00525959581137,"max":0.510268807411,"mean":0.161447450519,"median":0.153610065579,"min":6.44600622879e-11,"var":0.00418586609885},"spectral_kurtosis":{"dmean":3.98973679543,"dmean2":5.984395504,"dvar":19.6960926056,"dvar2":44.2763023376,"max":73.4389190674,"mean":19.9514770508,"median":19.6007614136,"min":-1.25161850452,"var":64.3023376465},"spectral_rms":{"dmean":0.00144829135388,"dmean2":0.00229429127648,"dvar":0.00000283847839455,"dvar2":0.00000670034887662,"max":0.0193510446697,"mean":0.00805704388767,"median":0.00799681711942,"min":3.13722637278e-12,"var":0.0000072948973866},"spectral_rolloff":{"dmean":4120.78125,"dmean2":7812.77929688,"dvar":52736760,"dvar2":118665072,"max":22028.4667969,"mean":17430.0488281,"median":20951.8066406,"min":43.06640625,"var":57409472},"spectral_skewness":{"dmean":0.33301460743,"dmean2":0.498085290194,"dvar":0.124846570194,"dvar2":0.270847976208,"max":6.54357290268,"mean":3.03657078743,"median":3.03692746162,"min":-0.0720589980483,"var":0.547100961208},"spectral_spread":{"dmean":426453.3125,"dmean2":639558.4375,"dvar":416702267392,"dvar2":842143236096,"max":42814320,"mean":4660304.5,"median":3961588,"min":1696193.375,"var":19895230136300},"spectral_strongpeak":{"dmean":3.70231318474,"dmean2":7.09019184113,"dvar":199.420455933,"dvar2":556.148925781,"max":157.931167603,"mean":2.58299446106,"median":0.25338447094,"min":0,"var":137.416687012},"zerocrossingrate":{"dmean":0.0440377891064,"dmean2":0.0555010028183,"dvar":0.00137104967143,"dvar2":0.00206658663228,"max":0.5625,"mean":0.321335226297,"median":0.3271484375,"min":0.06787109375,"var":0.00671603810042}},"metadata":{"audio_properties":{"analysis_sample_rate":44100,"bit_rate":320000,"codec":"mp3","downmix":"mix","equal_loudness":0,"length":188.291671753,"lossless":false,"md5_encoded":"f18dd5618160084d29380c8cea421b8f","replay_gain":-9.49863624573,"sample_rate":44100},"tags":{"album":["The Hunter"],"albumartist":["Mastodon"],"albumartistsort":["Mastodon","Mastodon"],"albumsort":["Hunter, The"],"artist":["Mastodon"],"artistsort":["Mastodon"],"asin":["B005MW6IRU"],"date":["2011"],"discnumber":["1/1"],"file_name":"12. Mastodon - Bedazzled Fingernails.mp3","genre":["Progressive Metal"],"isrc":["USRE11100606"],"label":["Reprise Records"],"language":["eng"],"media":["CD"],"musicbrainz album release country":["XW"],"musicbrainz album status":["official"],"musicbrainz album type":["album"],"musicbrainz_albumartistid":["bc5e2ad6-0a4a-4d90-b911-e9a7e6861727"],"musicbrainz_albumid":["e349eaf2-865c-4b47-b719-29d4b5f8e789"],"musicbrainz_artistid":["bc5e2ad6-0a4a-4d90-b911-e9a7e6861727"],"musicbrainz_recordingid":["42cadfd8-5ae5-48c3-ac9c-2761f308d1e5"],"script":["Latn"],"title":["Bedazzled Fingernails"],"tracknumber":["12/15"]},"version":{"essentia":"2.1-beta1","essentia_build_sha":"ca57ba49d9b1854bd80e60cf9ccf267278fb7d6b","essentia_git_sha":"v2.1_beta1-28-g21ef5f4-dirty","extractor":"music 1.0"}},"rhythm":{"beats_count":403,"beats_loudness":{"dmean":0.0304278451949,"dmean2":0.054141599685,"dvar":0.000864117348101,"dvar2":0.0024122740142,"max":0.21462623775,"mean":0.0735238566995,"median":0.0693416669965,"min":0,"var":0.00120992271695},"beats_loudness_band_ratio":{"dmean":[0.195627450943,0.0607238262892,0.0652239173651,0.051247626543,0.0473980121315,0.097325399518],"dmean2":[0.343347638845,0.1054353863,0.11286624521,0.0879945456982,0.0818315222859,0.168779686093],"dvar":[0.0232666078955,0.00430684490129,0.00641929730773,0.00237877271138,0.00160750455689,0.00603499170393],"dvar2":[0.066977314651,0.0121712712571,0.0180555619299,0.00641670683399,0.00479287840426,0.0175151657313],"max":[0.874793589115,0.477478086948,0.55335187912,0.528278768063,0.415