{"lowlevel":{"average_loudness":0.772214591503,"barkbands":{"dmean":[0.0000385377788916,0.00187692849431,0.00162789761089,0.000312481512083,0.00129483791534,0.000894936383702,0.00125875871163,0.000870079849847,0.000957278709393,0.000522134301718,0.000468291604193,0.000513785227668,0.000455293804407,0.000241995090619,0.000190556806047,0.000143516866956,0.0000877555867191,0.000158044276759,0.0000859344290802,0.0000774983345764,0.0000635082906228,0.0000757250963943,0.000112009511213,0.0000816467727418,0.0000387270738429,0.0000107819541881,8.28041947898e-7],"dmean2":[0.0000625715474598,0.00277992174961,0.00252574076876,0.000524636940099,0.00203771423548,0.00132541335188,0.00178630615119,0.00127954490017,0.00133656826802,0.000771207385696,0.000688710482791,0.000750745763071,0.000684670871124,0.000377105054213,0.000293303484796,0.000222175614908,0.000136593953357,0.00023857926135,0.000131511187647,0.00011424470722,0.0000978104508249,0.000106930398033,0.000158174560056,0.000119867625472,0.0000568859250052,0.0000160042363859,0.00000124532323298],"dvar":[2.42800375361e-8,0.0000138294926728,0.00000804459341452,4.12284066442e-7,0.0000079479877968,0.00000483252597405,0.0000110511073217,0.0000046347058742,0.00000804289720691,0.00000201838656722,0.00000240787653638,0.00000277184562947,0.00000117073466299,3.86878383551e-7,2.42848102516e-7,1.48855903603e-7,7.43326111774e-8,1.46500582332e-7,4.27853557028e-8,4.67316176866e-8,1.03543982277e-7,6.43003517098e-8,2.52039313864e-7,2.0549458668e-7,2.69525628482e-8,7.42929662234e-10,4.38643999595e-12],"dvar2":[6.74211193541e-8,0.0000277560393442,0.0000173808748514,0.00000111158908567,0.0000203191721084,0.00000932423336053,0.0000205196538445,0.00000928986810322,0.0000134300880745,0.00000411537621403,0.0000051568094932,0.00000570559495827,0.00000233911191572,8.82596623342e-7,5.62283617001e-7,3.15958061492e-7,1.66000759805e-7,3.45001211599e-7,1.00970410699e-7,1.10170546463e-7,2.97294292295e-7,1.3045455205e-7,4.84777729071e-7,4.41992170863e-7,5.87209143532e-8,1.71034986174e-9,1.05137070924e-11],"max":[0.00719202682376,0.0656406506896,0.0345585048199,0.00958769116551,0.049697805196,0.0661085546017,0.0970981195569,0.0575041547418,0.0610347166657,0.0399350188673,0.0336954034865,0.0494007878006,0.0225619655102,0.0148556288332,0.0149270342663,0.0105489874259,0.0073719243519,0.00830436777323,0.00497499667108,0.00670985691249,0.010306593962,0.00515425344929,0.0146551020443,0.0153624163941,0.00493910629302,0.000556809070986,0.0000352597453457],"mean":[0.0000408836058341,0.0041315574199,0.00405703904107,0.000483524054289,0.00238281209022,0.00331329111941,0.00247413129546,0.00177804683335,0.00203273957595,0.00109300902113,0.000942334183492,0.0010706562316,0.00082006683806,0.000377047952497,0.000349790643668,0.000307577545755,0.000178528513061,0.000363486818969,0.000163131844602,0.000142540826346,0.0000842943263706,0.000119686053949,0.00014319314505,0.000101054669358,0.000045975575631,0.0000114268777907,9.07575326892e-7],"median":[0.00000749715127313,0.00116175354924,0.00212807720527,0.000183236930752,0.00133879296482,0.00044630447519,0.000627013621852,0.000464029202703,0.000377155723982,0.000235597966821,0.000160740033607,0.000208562094485,0.000247867836151,0.000100103250588,0.00012549283565,0.000060402580857,0.0000389290580642,0.00011052001355,0.0000584016233915,0.0000456815432699,0.0000230297973758,0.0000299587936752,0.0000172962081706,0.0000136209819175,0.00000640258713247,0.00000121337120618,1.67590812339e-7],"min":[1.41551484076e-12,2.23118463809e-12,8.01081911309e-13,3.98612187095e-13,1.16100076601e-12,4.27194602392e-13,7.69132343535e-14,1.33975648501e-13,2.11350197326e-13,4.34981301737e-14,3.60339958826e-13,2.32364285148e-13,2.84756132519e-13,3.79001056884e-13,1.84021688946e-13,3.37430631396e-13,1.58277660726e-13,2.56199033342e-13,2.03683329426e-13,2.96714421696e-13,3.13498711582e-13,5.75040666126e-13,2.12318484734e-13,6.45787351546e-13,8.74008330987e-13,7.67555940681e-13,2.06128985408e-11],"var":[2.00011598395e-8,0.0000361518759746,0.000023912101824,5.73973920837e-7,0.0000110800874609,0.0000746180157876,0.0000392964284401,0.0000146770271385,0.0000307014779537,0.00000758952273827,0.00000737404388929,0.00000926917982724,0.00000289529702968,8.20448349259e-7,4.93636264309e-7,6.56404893107e-7,2.46021045314e-7,5.260569651e-7,8.01151145424e-8,8.74481500546e-8,7.70758106228e-8,1.1266195088e-7,4.67027774675e-7,3.09598647164e-7,3.61685899009e-8,8.73290995074e-10,4.53827687236e-12]},"barkbands_crest":{"dmean":2.2261993885,"dmean2":3.43017935753,"dvar":5.13994169235,"dvar2":11.3854866028,"max":26.3225212097,"mean":11.3669042587,"median":10.4805021286,"min":2.7592318058,"var":21.2178783417},"barkbands_flatness_db":{"dmean":0.0214831810445,"dmean2":0.0299602877349,"dvar":0.000565463094972,"dvar2":0.00103518634569,"max":0.369645565748,"mean":0.164021849632,"median":0.158212885261,"min":0.0280755273998,"var":0.00313856126741},"barkbands_kurtosis":{"dmean":3.20629191399,"dmean2":4.79661083221,"dvar":57.2210502625,"dvar2":112.227577209,"max":187.448394775,"mean":6.06204462051,"median":1.83490610123,"min":-1.95778667927,"var":187.147949219},"barkbands_skewness":{"dmean":0.531544446945,"dmean2":0.771850705147,"dvar":0.460570037365,"dvar2":0.915463387966,"max":12.0334911346,"mean":1.53560352325,"median":1.27520012856,"min":-4.05505943298,"var":2.06605005264},"barkbands_spread":{"dmean":4.70112085342,"dmean2":6.96463918686,"dvar":75.1417007446,"dvar2":157.469787598,"max":150.161270142,"mean":20.2162799835,"median":14.8620672226,"min":0.894080519676,"var":515.441467285},"dissonance":{"dmean":0.025079311803,"dmean2":0.0409593433142,"dvar":0.000636115786619,"dvar2":0.00161795131862,"max":0.499920845032,"mean":0.434460192919,"median":0.445458084345,"min":0.173882842064,"var":0.00222897948697},"dynamic_complexity":4.76704978943,"erbbands":{"dmean":[0.022293727845,0.526546955109,1.84192085266,1.35504889488,1.88616633415,5.70080709457,6.60209560394,7.35272026062,15.2621555328,18.237531662,18.1234893799,22.5184822083,14.7222824097,17.1715717316,19.8943862915,15.0241365433,19.1019134521,12.904958725,10.0132312775,8.8865776062,7.00823497772,4.29778766632,7.41086292267,4.9497885704,4.25347900391,3.60865569115,2.94004654884,2.19554185867,2.68257284164,3.27447795868,3.25258207321,1.94934082031,1.19307005405,0.540784418583,0.231643185019,0.0750434100628,0.0147596113384,0.00194343191106,0.000130887085106,0.0000110725432023],"dmean2":[0.0341492034495,0.774510383606,2.80440306664,2.15690350533,3.0897064209,9.14617347717,9.72877216339,10.5512857437,21.6475982666,26.4769363403,26.0327033997,31.2959976196,21.0227241516,25.1986732483,28.6926345825,21.6627368927,28.2485332489,19.6093673706,15.1793775558,13.4100923538,10.6657495499,6.405418396,11.2067899704,7.2629737854,6.28406620026,5.30943012238,4.74458265305,3.16252160072,3.79536175728,4.57191610336,4.67122507095,2.83319163322,1.74640226364,0.807314872742,0.338133394718,0.111788071692,0.0218267720193,0.00290122441947,0.00019148105639,0.0000153317359946],"dvar":[0.00271998159587,1.02696955204,9.48147583008,6.52046537399,19.3212108612,184.891555786,165.03288269,449.043151855,2398.91699219,1649.26245117,2373.82275391,4825.46386719,1373.59240723,3593.47705078,4170.71484375,1678.81030273,2293.15551758,967.712585449,666.478942871,447.012054443,326.041107178,102.667221069,311.554290771,128.992599487,109.561058044,81.5632781982,372.752197266,42.7664756775,75.686088562,174.919891357,227.943252563,92.6299133301,59.5678367615,6.62208986282,0.823405921459,0.0481027662754,0.00121591577772,0.0000226576303248,9.79735403916e-8,3.11266595832e-10],"dvar2":[0.00557698542252,2.06759977341,20.4177093506,15.7409925461,49.7815246582,480.595001221,333.02734375,808.033325195,4386.00097656,3015.64404297,4831.22998047,8515.62109375,2706.60571289,8052.25390625,8166.83154297,3162.81982422,4369.47705078,2254.77905273,1509.41601562,1024.23352051,620.309204102,211.700164795,729.047424316,259.928955078,228.439453125,188.305801392,1097.57653809,101.926765442,164.128479004,330.75088501,454.498016357,178.726577759,138.491073608,14.6267938614,1.71351778507,0.111268110573,0.00272559351288,0.0000536889856448,2.25038803592e-7,6.3744332035e-10],"max":[1.09228551388,18.3197822571,36.4436798096,42.0237693787,64.6422271729,278.962921143,451.311187744,778.498779297,1715.64208984,1577.79614258,1275.33459473,1686.30175781,894.828430176,1546.03442383,1726.01867676,1123.85021973,1233.6036377,871.812744141,822.612121582,456.660247803,541.801391602,276.721130371,482.136810303,285.25100708,388.51385498,179.297225952,613.733398438,170.551208496,184.237747192,326.713195801,488.151428223,272.927978516,308.619018555,87.2209243774,27.2301578522,7.63908100128,0.450575709343,0.0667913481593,0.0043328832835,0.000263141700998],"mean":[0.0414156578481,1.20496559143,4.78960847855,2.96159958839,2.72903466225,9.57953262329,23.6923904419,24.1509208679,32.3015632629,38.8993148804,38.2049636841,47.1027145386,34.1922874451,35.063533783,53.542049408,31.7500038147,35.4665412903,23.9800720215,18.0368270874,18.0489234924,17.3281784058,11.7676324844,19.0067844391,10.8258781433,8.45464038849,6.77567481995,3.79542207718,3.33454847336,4.28446245193,4.42733860016,4.08198404312,2.49478888512,1.41427564621,0.639015376568,0.272110313177,0.0809943005443,0.0155100068077,0.00200032652356,0.000160683106515,0.0000388037624361],"median":[0.0125905629247,0.420594424009,3.08161830902,1.4360294342,1.25161993504,5.07785511017,6.43882226944,3.55152201653,7.85853910446,12.748922348,12.9596681595,9.63776302338,7.94787788391,9.48460292816,7.83778715134,8.61311817169,10.9241323471,7.83962631226,6.59587335587,5.37390851974,3.79564213753,2.7036550045,5.72370052338,4.26957368851,3.13532352448,2.33947181702,1.0565751791,1.00980436802,1.14355278015,0.724424779415,0.484310418367,0.28957387805,0.201398789883,0.093410462141,0.0344752892852,0.00921185128391,0.00151452468708,0.000229308003327,0.0000441339070676,0.0000332727868226],"min":[8.39831260091e-11,4.32504254633e-10,9.58386481287e-10,1.17965481827e-9,2.46218845312e-9,4.34658842252e-9,3.6848191165e-9,3.52845552776e-9,1.24984933514e-9,1.75389269774e-9,3.73304720469e-9,4.30956781372e-9,3.41514794222e-9,5.1171578086e-9,1.5109925755e-8,8.33069435657e-9,1.06536646172e-8,2.56489478545e-8,8.01434296704e-9,1.03838324605e-8,1.87508710781e-8,1.07589732679e-8,1.31871429332e-8,1.00765467081e-8,1.15599050332e-8,1.40933389403e-8,1.13591029915e-8,1.95706881811e-8,1.85105406558e-8,1.01713144574e-8,5.72268898935e-9,1.02066479712e-8,1.24882753028e-8,8.19695777921e-9,6.74497302455e-9,3.43648398626e-9,1.25513555105e-9,1.49484591372e-9,2.18152673703e-9,4.74418504481e-10],"var":[0.00600802013651,2.71406507492,27.3585071564,16.5869579315,20.2435207367,221.824859619,2850.04272461,4592.05810547,10315.7949219,5821.20214844,6369.27832031,16643.0390625,5050.77734375,8732.77636719,22758.21875,5451.94580078,5772.04101562,2029.59753418,1583.07116699,1182.13220215,1880.32983398,712.124328613,1407.98461914,358.746520996,262.354370117,161.397583008,243.199264526,54.4842987061,122.397773743,336.646789551,396.976989746,169.064910889,72.4274673462,8.46231555939,1.25504541397,0.0580593794584,0.00147815980017,0.0000245250612352,1.1498442376e-7,9.34857524726e-10]},"erbbands_crest":{"dmean":2.37613010406,"dmean2":3.68327593803,"dvar":5.77076196671,"dvar2":13.0622673035,"max":32.2622489929,"mean":10.8729486465,"median":9.41338729858,"min":2.33739995956,"var":31.3571586609},"erbbands_flatness_db":{"dmean":0.0199315454811,"dmean2":0.0264187045395,"dvar":0.000480095652165,"dvar2":0.000855811347719,"max":0.349107652903,"mean":0.181850925088,"median":0.182325944304,"min":0.0267260372639,"var":0.00316494517028},"erbbands_kurtosis":{"dmean":1.33338296413,"dmean2":1.90919983387,"dvar":7.2500667572,"dvar2":12.3754081726,"max":68.76953125,"mean":2.21862125397,"median":0.428255558014,"min":-1.71736621857,"var":35.5037193298},"erbbands_skewness":{"dmean":0.372174233198,"dmean2":0.54427999258,"dvar":0.174109727144,"dvar2":0.347080796957,"max":7.07863521576,"mean":0.590040147305,"median":0.483526229858,"min":-4.77903938293,"var":1.47526621819},"erbbands_spread":{"dmean":7.54888868332,"dmean2":10.9127140045,"dvar":111.278198242,"dvar2":241.972290039,"max":133.940994263,"mean":31.5390892029,"median":28.2757015228,"min":3.15088224411,"var":367.615020752},"gfcc":{"cov":[[17309.3535156,1229.75402832,-1813.38232422,618.945007324,-1165.11791992,405.427001953,-569.359558105,369.544189453,-334.324737549,71.8659133911,-252.399383545,-199.296905518,-451.339050293],[1229.75402832,1574.5826416,-383.026611328,-285.784240723,127.157455444,-196.257263184,99.0984115601,-36.2306976318,29.3601741791,-77.1231307983,74.0102462769,-74.433013916,-7.50390100479],[-1813.38232422,-383.026611328,1173.29345703,293.208343506,98.9119644165,180.499359131,63.0993041992,10.1670274734,55.6842308044,118.728431702,-1.23399865627,126.431968689,51.5616035461],[618.945007324,-285.784240723,293.208343506,581.968200684,96.6684570312,127.61391449,-35.2514190674,69.2688827515,78.2322769165,33.9582977295,-40.9693183899,5.64390516281,-12.0048475266],[-1165.11791992,127.157455444,98.9119644165,96.6684570312,401.217071533,1.21863138676,89.2107849121,37.0589179993,82.2058563232,-21.8295688629,-16.3991222382,-25.884645462,27.288640976],[405.427001953,-196.257263184,180.499359131,127.61391449,1.21863138676,273.323699951,124.745620728,78.1341781616,-3.47187972069,31.874162674,-3.58568239212,-28.3567066193,-40.6809539795],[-569.359558105,99.0984115601,63.0993041992,-35.2514190674,89.2107849121,124.745620728,332.519042969,84.935256958,-9.39137172699,7.28647470474,56.7661705017,-57.659362793,-21.2856903076],[369.544189453,-36.2306976318,10.1670274734,69.2688827515,37.0589179993,78.1341781616,84.935256958,157.273422241,34.7180480957,2.95982837677,2.69122171402,-35.1648483276,-33.4532279968],[-334.324737549,29.3601741791,55.6842308044,78.2322769165,82.2058563232,-3.47187972069,-9.39137172699,34.7180480957,136.780319214,5.37425899506,3.7835047245,-0.359565764666,1.78161597252],[71.8659133911,-77.1231307983,118.728431702,33.9582977295,-21.8295688629,31.874162674,7.28647470474,2.95982837677,5.37425899506,113.761009216,25.2787799835,16.9852657318,-1.7270604372],[-252.399383545,74.0102462769,-1.23399865627,-40.9693183899,-16.3991222382,-3.58568239212,56.7661705017,2.69122171402,3.7835047245,25.2787799835,125.04271698,16.1319923401,6.41573524475],[-199.296905518,-74.433013916,126.431968689,5.64390516281,-25.884645462,-28.3567066193,-57.659362793,-35.1648483276,-0.359565764666,16.9852657318,16.1319923401,119.862228394,54.0737419128],[-451.339050293,-7.50390100479,51.5616035461,-12.0048475266,27.288640976,-40.6809539795,-21.2856903076,-33.4532279968,1.78161597252,-1.7270604372,6.41573524475,54.0737419128,113.167236328]],"icov":[[0.000565555936191,-0.00105361687019,0.00105334387626,-0.00125716754701,0.00143228389788,-0.00163962726947,0.00135868310463,-0.00174749130383,0.00153711403254,-0.00128541735467,0.00123189401347,-0.00102130579762,0.000750971958041],[-0.00105361687019,0.00283880252391,-0.00183808931615,0.00257971021347,-0.00291408691555,0.00359496707097,-0.00286505743861,0.00348915532231,-0.00315948110074,0.0026622870937,-0.0027001996059,0.00222975085489,-0.0012371588964],[0.00105334387626,-0.00183808931615,0.00339584634639,-0.00275873346254,0.00237636524253,-0.00368903228082,0.00203146226704,-0.00276583991945,0.00251584965736,-0.0033689129632,0.00267667369917,-0.00351665052585,0.0013421518961],[-0.00125716754701,0.00257971021347,-0.00275873346254,0.00542456144467,-0.00376268778928,0.00266704079695,-0.00201157503761,0.00315604149364,-0.0042253867723,0.00273823109455,-0.00256619858555,0.00259941536933,-0.00157806882635],[0.00143228389788,-0.00291408691555,0.00237636524253,-0.00376268778928,0.00728414906189,-0.00346146756783,0.00209893053398,-0.00439321389422,0.0020817888435,-0.00261911703274,0.00406265119091,-0.00175295723602,0.000667068816256],[-0.00163962726947,0.00359496707097,-0.00368903228082,0.00266704079695,-0.00346146756783,0.0114855095744,-0.00634926231578,0.00373226171359,-0.00383978406899,0.00322096282616,-0.00287682656199,0.00361646781676,-0.000919955724385],[0.00135868310463,-0.00286505743861,0.00203146226704,-0.00201157503761,0.00209893053398,-0.00634926231578,0.00923989061266,-0.0063145076856,0.00516434386373,-0.00281966966577,0.000208287703572,-0.000134155299747,0.00110055378173],[-0.00174749130383,0.00348915532231,-0.00276583991945,0.00315604149364,-0.00439321389422,0.00373226171359,-0.0063145076856,0.0148291634396,-0.00720581784844,0.0041293897666,-0.00353598548099,0.00353310420178,-0.000857411068864],[0.00153711403254,-0.00315948110074,0.00251584965736,-0.0042253867723,0.0020817888435,-0.00383978406899,0.00516434386373,-0.00720581784844,0.0140310302377,-0.00386834843084,0.00217188778333,-0.00261287763715,0.002130769426],[-0.00128541735467,0.0026622870937,-0.0033689129632,0.00273823109455,-0.00261911703274,0.00322096282616,-0.00281966966577,0.0041293897666,-0.00386834843084,0.0137721439824,-0.00526567455381,0.00225830939598,-0.00115431763697],[0.00123189401347,-0.0027001996059,0.00267667369917,-0.00256619858555,0.00406265119091,-0.00287682656199,0.000208287703572,-0.00353598548099,0.00217188778333,-0.00526567455381,0.0132389161736,-0.00485777994618,0.00167843594681],[-0.00102130579762,0.00222975085489,-0.00351665052585,0.00259941536933,-0.00175295723602,0.00361646781676,-0.000134155299747,0.00353310420178,-0.00261287763715,0.00225830939598,-0.00485777994618,0.0164699740708,-0.00682414649054],[0.000750971958041,-0.0012371588964,0.0013421518961,-0.00157806882635,0.000667068816256,-0.000919955724385,0.00110055378173,-0.000857411068864,0.002130769426,-0.00115431763697,0.00167843594681,-0.00682414649054,0.013546988368]],"mean":[-42.1067314148,106.057815552,-116.349906921,21.2879924774,-60.6088943481,11.0355806351,-33.767288208,5.81167173386,-19.6734580994,-0.49567592144,-9.71023464203,-3.00156855583,-12.6197566986]},"hfc":{"dmean":5.28009986877,"dmean2":7.09792518616,"dvar":109.078407288,"dvar2":210.465042114,"max":233.383911133,"mean":18.3717460632,"median":14.1070365906,"min":6.859981454e-7,"var":344.307312012},"melbands":{"dmean":[0.000362955324817,0.000868498871569,0.000224342889851,0.000290764961392,0.000223552066018,0.000168356564245,0.000235644809436,0.00019876602164,0.000149103318108,0.000144226694829,0.0000775463049649,0.0000725615682313,0.0000632140217931,0.0000575806298002,0.0000374451665266,0.0000456474190287,0.0000236483829212,0.0000185198514373,0.0000142986382343,0.0000114329905045,0.00000743728696762,0.00000420290734837,0.00000831989837025,0.00000660200157654,0.00000413092902818,0.00000316075920637,0.00000315838610732,0.0000023782615699,0.00000195504003386,0.00000152463553604,0.00000127691259877,0.00000151253641434,0.00000163420781973,0.000002015140808,0.00000211105520975,0.00000135548714297,0.00000120065783449,9.66637799138e-7,5.35066135399e-7,4.46032288437e-7],"dmean2":[0.000540079490747,0.00128250091802,0.00035559546086,0.000475181441288,0.000332726573106,0.000243672227953,0.000333647854859,0.000288341660053,0.000212013241253,0.000200797294383,0.00011104526493,0.000106764149677,0.0000914422344067,0.0000831452052807,0.0000530816141691,0.0000687500287313,0.0000365010491805,0.0000286093090835,0.0000218228524318,0.00001748428258,0.0000113411997518,0.00000640959751763,0.0000127393705043,0.00000986926352198,0.00000621696926828,0.00000487703391627,0.00000454826931673,0.00000359540740646,0.00000321721108776,0.00000240837448473,0.00000185059843716,0.00000219146158997,0.00000235163929574,0.00000287300053969,0.00000310159612127,0.00000195328971131,0.00000178226844127,0.00000144821774484,8.05053048225e-7,6.76153604218e-7],"dvar":[5.66599396734e-7,0.00000202378828362,1.57706239179e-7,5.66452229123e-7,1.46918509358e-7,1.95441003825e-7,4.64211183271e-7,1.80714650355e-7,1.7459588264e-7,2.09158628195e-7,3.82736367044e-8,6.05602465953e-8,3.58580649618e-8,3.71394079934e-8,1.37769262665e-8,1.15844089876e-8,3.83891185507e-9,2.31932362205e-9,1.36339239898e-9,1.08197462101e-9,3.5605032811e-10,1.01075627035e-10,5.80002434969e-10,2.34142288891e-10,1.01653421791e-10,6.65781665909e-11,6.63083962738e-11,3.77362932569e-11,1.69636416025e-10,6.60747082049e-11,1.15441874809e-11,2.46256973147e-11,3.56472490415e-11,7.84872306037e-11,1.02659054868e-10,4.27382747248e-11,3.98027652504e-11,4.52384067706e-11,9.9431834294e-12,4.39810817973e-12],"dvar2":[0.00000114052500066,0.0000041719431465,3.8209410036e-7,0.0000014797408312,3.12601883934e-7,3.63908696954e-7,8.56629640111e-7,3.32425656779e-7,3.20566925893e-7,3.68066281453e-7,7.58223208663e-8,1.33897358978e-7,7.5087278617e-8,7.54660973712e-8,2.46308307084e-8,2.23890559425e-8,9.11864272979e-9,5.06697350744e-9,3.14120773837e-9,2.56722243464e-9,6.80525691354e-10,2.21013637947e-10,1.37873856776e-9,4.84010442836e-10,2.08283015835e-10,1.6667080216e-10,1.20352353083e-10,9.10834255241e-11,4.97347885098e-10,1.91590771026e-10,2.53156939856e-11,5.64985003226e-11,7.21616794097e-11,1.56731017054e-10,2.12003928302e-10,8.63890209368e-11,8.11012507151e-11,1.10132201969e-10,2.14443462987e-11,1.00697757424e-11],"max":[0.0119017641991,0.0204989947379,0.00607609096915,0.0127874724567,0.0116736721247,0.0154273631051,0.0230317506939,0.0160910412669,0.0114388372749,0.0111849047244,0.00505977822468,0.00584848970175,0.00440824124962,0.00627624802291,0.00398873025551,0.00238428986631,0.00192142347805,0.00145937234629,0.000827324285638,0.000913823081646,0.0006083540502,0.000205854972592,0.000687092717271,0.000433939974755,0.00026580519625,0.000225785610382,0.000393549533328,0.000136947186547,0.000417527859099,0.000236207459238,0.0000695427370374,0.00013642765407,0.000124959886307,0.000220541332965,0.000312457210384,0.000224338582484,0.000158623035531,0.000284857087536,0.0000985702281469,0.000072917129728],"mean":[0.000758471083827,0.00229685869999,0.000507141696289,0.000419987161877,0.000756243767682,0.000584153167438,0.000485923024826,0.000423998804763,0.000315871438943,0.000294843222946,0.000171742591192,0.000142854318256,0.000155669345986,0.000132533576107,0.000065847474616,0.0000815780222183,0.0000394527341996,0.0000302958778775,0.0000265015514742,0.0000228083990805,0.0000176879893843,0.00000906593322725,0.0000215109375858,0.000014172612282,0.0000080802346929,0.00000564838819628,0.00000612791154708,0.00000407260495194,0.00000238739562519,0.00000190276762169,0.00000194706649381,0.00000237256745095,0.00000241060638473,0.00000253003645412,0.00000256818611888,0.00000170142322986,0.00000148315416482,0.00000111287602067,6.31090529168e-7,5.07821482643e-7],"median":[0.000230408404605,0.00185256695841,0.000289213581709,0.000201016606297,0.000265824084636,0.0000793512153905,0.000116949522635,0.000122835452203,0.0000888721624506,0.0000508586563228,0.0000387511136068,0.0000384112900065,0.0000267423201876,0.0000215230629692,0.0000199557343876,0.0000224372724915,0.0000120600252558,0.00000892600655789,0.0000083895147327,0.00000508063294546,0.00000390006425732,0.00000215097315959,0.00000335886034009,0.00000551781613467,0.00000277729100162,0.00000192383618014,0.00000203012473321,0.00000118701291285,5.66963421988e-7,4.71197722618e-7,5.5690662748e-7,6.4135770117e-7,4.96364407354e-7,3.34058768203e-7,2.87317391212e-7,1.67499678128e-7,1.71518351522e-7,1.45534926332e-7,8.71613465847e-8,7.06742468992e-8],"min":[7.53549945966e-13,5.37968324402e-13,2.36350137595e-13,2.58109587306e-13,1.45896071916e-13,7.71651487283e-14,1.89074135444e-14,1.99521626163e-14,3.17977320364e-14,2.85659523651e-14,1.59332386152e-14,1.62522430816e-14,5.33344120821e-14,3.03507625933e-14,1.67009977489e-14,3.65125986358e-14,4.71404057283e-14,9.42039466047e-15,1.56950698911e-14,1.64583465265e-14,2.16515207727e-14,7.87787397165e-15,1.71713720852e-14,8.91873092713e-15,7.97333543184e-15,8.87832830258e-15,6.71332267731e-15,1.10444871632e-14,8.57466614395e-15,4.00785751565e-15,1.55979473993e-14,1.17210233896e-14,8.50107168633e-15,4.66982435184e-15,2.80718661885e-15,5.1265008948e-15,6.35782633748e-15,1.08518091906e-14,6.0100799256e-15,7.15224710376e-15],"var":[0.0000013891846038,0.00000579363950237,3.92800728832e-7,5.57977386961e-7,0.00000211165524888,0.00000237137714976,0.00000192524021259,6.99359873124e-7,5.61853255476e-7,7.05706554527e-7,1.35860062755e-7,1.59232129704e-7,1.71608022015e-7,1.40448889852e-7,3.87940737312e-8,3.0264434514e-8,7.09383041197e-9,5.68382318988e-9,2.92446844519e-9,3.16936432654e-9,1.88303284077e-9,3.85405152237e-10,3.50790929637e-9,6.87217893702e-10,2.56705434687e-10,1.03531613838e-10,1.89515916849e-10,6.36642127905e-11,1.10319746394e-10,4.60204999109e-11,1.71591560405e-11,3.54795533231e-11,6.27538992992e-11,1.39917466502e-10,1.68872055228e-10,7.41002606497e-11,6.58255117081e-11,4.87973342289e-11,1.38563925958e-11,4.94840106391e-12]},"melbands_crest":{"dmean":2.82072401047,"dmean2":4.39395809174,"dvar":9.05798149109,"dvar2":20.0161018372,"max":33.0361442566,"mean":16.021987915,"median":15.3044805527,"min":3.76432514191,"var":35.209312439},"melbands_flatness_db":{"dmean":0.0256758593023,"dmean2":0.0354092232883,"dvar":0.000905870343558,"dvar2":0.00167776236776,"max":0.508011877537,"mean":0.233120977879,"median":0.225603029132,"min":0.030216280371,"var":0.00500042457134},"melbands_kurtosis":{"dmean":7.27886199951,"dmean2":11.0339946747,"dvar":280.874084473,"dvar2":587.889099121,"max":487.876373291,"mean":14.5046138763,"median":6.19025421143,"min":-1.77977478504,"var":718.133728027},"melbands_skewness":{"dmean":0.705693244934,"dmean2":1.036195755,"dvar":0.857291460037,"dvar2":1.75421071053,"max":18.0144672394,"mean":2.43467307091,"median":2.05990123749,"min":-1.09843432903,"var":3.38303184509},"melbands_spread":{"dmean":6.00463819504,"dmean2":8.92522907257,"dvar":175.791244507,"dvar2":379.15335083,"max":244.40423584,"mean":19.5625782013,"median":16.5862541199,"min":0.630522727966,"var":337.136627197},"mfcc":{"cov":[[11784.7558594,137.572525024,-364.136322021,105.231437683,-139.754959106,72.0179595947,40.8672790527,251.229980469,-94.5589828491,290.26675415,195.438659668,1.61365246773,-156.708724976],[137.572525024,1803.29724121,-372.464416504,-54.3461761475,-64.1242828369,-86.8335418701,70.2502441406,3.79672002792,-10.8683271408,-43.3790092468,45.5482292175,-31.3375282288,23.4526405334],[-364.136322021,-372.464416504,954.99029541,156.255508423,93.0036773682,183.67779541,42.7448196411,28.4561233521,57.294128418,7.25651407242,25.9679508209,42.8973617554,72.0951080322],[105.231437683,-54.3461761475,156.255508423,375.860321045,190.266326904,71.2210388184,-18.1965656281,38.0338401794,71.7599487305,32.4699516296,3.72251796722,29.8582744598,25.3330535889],[-139.754959106,-64.1242828369,93.0036773682,190.266326904,312.604400635,56.5802688599,-75.7571029663,29.31524086,78.8041992188,14.3075351715,-35.3277931213,37.4675827026,25.033039093],[72.0179595947,-86.8335418701,183.67779541,71.2210388184,56.5802688599,185.229263306,73.1957015991,28.4262619019,51.8470115662,34.3676605225,16.065580368,23.5873451233,14.4811124802],[40.8672790527,70.2502441406,42.7448196411,-18.1965656281,-75.7571029663,73.1957015991,285.336791992,77.4872741699,27.05610466,91.1343078613,51.6126785278,22.9079456329,10.4984140396],[251.229980469,3.79672002792,28.4561233521,38.0338401794,29.31524086,28.4262619019,77.4872741699,170.346450806,50.0901031494,57.975402832,28.1393451691,23.6334953308,16.9554157257],[-94.5589828491,-10.8683271408,57.294128418,71.7599487305,78.8041992188,51.8470115662,27.05610466,50.0901031494,147.972015381,45.0225257874,-27.6058063507,30.964384079,16.6645050049],[290.26675415,-43.3790092468,7.25651407242,32.4699516296,14.3075351715,34.3676605225,91.1343078613,57.975402832,45.0225257874,166.757644653,59.3812637329,26.3205947876,-15.3875961304],[195.438659668,45.5482292175,25.9679508209,3.72251796722,-35.3277931213,16.065580368,51.6126785278,28.1393451691,-27.6058063507,59.3812637329,161.139846802,20.9762268066,-23.7870330811],[1.61365246773,-31.3375282288,42.8973617554,29.8582744598,37.4675827026,23.5873451233,22.9079456329,23.6334953308,30.964384079,26.3205947876,20.9762268066,91.4942245483,27.9609069824],[-156.708724976,23.4526405334,72.0951080322,25.3330535889,25.033039093,14.4811124802,10.4984140396,16.9554157257,16.6645050049,-15.3875961304,-23.7870330811,27.9609069824,107.666381836]],"icov":[[0.0000999217008939,-0.000014714799363,0.0000434817702626,-0.0000746380828787,0.000115160291898,-0.000136669434141,0.00013533065794,-0.000189537153346,0.000168609636603,-0.000193998115719,0.0000279150171991,-0.0000403963604185,0.000108181418909],[-0.000014714799363,0.000670021108817,0.000281054148218,-0.0000177750534931,-0.0000881461528479,0.000238476801314,-0.000366295367712,0.000117464565847,-0.00034053644049,0.000485539261717,-0.000511039805133,0.000364253413863,-0.000431145192124],[0.0000434817702626,0.000281054148218,0.00154403084889,-0.00037375750253,0.0000867844064487,-0.00124200060964,0.0000255613067566,0.00000980841650744,-0.000117892494018,0.000360446283594,-0.000533795217052,0.000094909890322,-0.000873883487657],[-0.0000746380828787,-0.0000177750534931,-0.00037375750253,0.00421977229416,-0.00235363189131,-0.000240967172431,-0.0000328519636241,0.0000329004760715,-0.000736789777875,-0.0000939982928685,-0.000626877066679,0.000361898622941,-0.000401581637561],[0.000115160291898,-0.0000881461528479,0.0000867844064487,-0.00235363189131,0.00615111738443,-0.00143637624569,0.00238781073131,-0.000984552083537,-0.000881503685378,-0.000913301599212,0.00121434265748,-0.00152601802256,0.0000382387006539],[-0.000136669434141,0.000238476801314,-0.00124200060964,-0.000240967172431,-0.00143637624569,0.00869382545352,-0.00261940667406,0.000900767627172,-0.00195902981795,0.000641921011265,-0.000770647951867,0.00013820604363,0.000104506303614],[0.00013533065794,-0.000366295367712,0.0000255613067566,-0.0000328519636241,0.00238781073131,-0.00261940667406,0.00635153194889,-0.00207542744465,0.000340621598298,-0.00282788299955,0.000168596729054,-0.000682496698573,-0.000470369646791],[-0.000189537153346,0.000117464565847,0.00000980841650744,0.0000329004760715,-0.000984552083537,0.000900767627172,-0.00207542744465,0.00830046273768,-0.00232379417866,-0.000569104799069,-0.00132306886371,0.000253885023994,-0.00139270478394],[0.000168609636603,-0.00034053644049,-0.000117892494018,-0.000736789777875,-0.000881503685378,-0.00195902981795,0.000340621598298,-0.00232379417866,0.0111452331766,-0.00300507456996,0.00364855281077,-0.00238346634433,0.000643615028821],[-0.000193998115719,0.000485539261717,0.000360446283594,-0.0000939982928685,-0.000913301599212,0.000641921011265,-0.00282788299955,-0.000569104799069,-0.00300507456996,0.0103249251842,-0.00329445721582,-0.00047595507931,0.00122050894424],[0.0000279150171991,-0.000511039805133,-0.000533795217052,-0.000626877066679,0.00121434265748,-0.000770647951867,0.000168596729054,-0.00132306886371,0.00364855281077,-0.00329445721582,0.00953156501055,-0.00295871170238,0.0025087648537],[-0.0000403963604185,0.000364253413863,0.000094909890322,0.000361898622941,-0.00152601802256,0.00013820604363,-0.000682496698573,0.000253885023994,-0.00238346634433,-0.00047595507931,-0.00295871170238,0.0144395921379,-0.00402680365369],[0.000108181418909,-0.000431145192124,-0.000873883487657,-0.000401581637561,0.0000382387006539,0.000104506303614,-0.000470369646791,-0.00139270478394,0.000643615028821,0.00122050894424,0.0025087648537,-0.00402680365369,0.0121360654011]],"mean":[-680.118469238,136.958236694,0.22914019227,13.7583284378,-2.48395824432,2.99244308472,-1.53256833553,4.14075708389,-5.65882825851,1.43573665619,3.63357782364,-2.31245183945,-0.746973454952]},"pitch_salience":{"dmean":0.0649871751666,"dmean2":0.0998817533255,"dvar":0.004312641453,"dvar2":0.00920754112303,"max":0.943777024746,"mean":0.495541214943,"median":0.49923068285,"min":0.0901062935591,"var":0.016285020858},"silence_rate_20dB":{"dmean":0,"dmean2":0,"dvar":0,"dvar2":0,"max":1,"mean":1,"median":1,"min":1,"var":0},"silence_rate_30dB":{"dmean":0.00198412709869,"dmean2":0.00396904163063,"dvar":0.00198018434457,"dvar2":0.00474705407396,"max":1,"mean":0.998016238213,"median":1,"min":0,"var":0.00197979365475},"silence_rate_60dB":{"dmean":0.0257936511189,"dmean2":0.0515975393355,"dvar":0.0251270923764,"dvar2":0.057661678642,"max":1,"mean":0.0898631215096,"median":0,"min":0,"var":0.081784516573},"spectral_centroid":{"dmean":202.849807739,"dmean2":294.327209473,"dvar":123165.8125,"dvar2":239858.65625,"max":10617.1816406,"mean":1122.0657959,"median":996.526855469,"min":189.747268677,"var":469754},"spectral_complexity":{"dmean":2.73015880585,"dmean2":3.92260360718,"dvar":12.7114782333,"dvar2":21.9378376007,"max":50,"mean":14.6117830276,"median":14,"min":0,"var":61.8731155396},"spectral_contrast_coeffs":{"dmean":[0.044884968549,0.0453486554325,0.0384205393493,0.0316800810397,0.0234820600599,0.0182793140411],"dmean2":[0.0733302459121,0.0712596327066,0.0588356256485,0.0486352555454,0.0358505249023,0.0280792508274],"dvar":[0.00145959260408,0.00160513771698,0.00117298483383,0.000747277983464,0.000485052150907,0.000304977904307],"dvar2":[0.00366147886962,0.00363182416186,0.00244394131005,0.00158017268404,0.000962585094385,0.000670804060064],"max":[-0.358831763268,-0.347352713346,-0.390005856752,-0.523676276207,-0.516964912415,-0.628834724426],"mean":[-0.603256344795,-0.678804636002,-0.718603432178,-0.740067064762,-0.770570158958,-0.775625824928],"median":[-0.600373983383,-0.687576174736,-0.730313301086,-0.738203585148,-0.773598611355,-0.775185108185],"min":[-0.980836033821,-0.965271890163,-0.961730957031,-0.96439909935,-0.960895121098,-0.960146129131],"var":[0.00863687880337,0.0107786152512,0.0085227098316,0.00515290629119,0.00403227750212,0.00173247791827]},"spectral_contrast_valleys":{"dmean":[0.421048492193,0.356214672327,0.345480531454,0.321424126625,0.30579662323,0.404083192348],"dmean2":[0.675931036472,0.563590049744,0.530097603798,0.472049564123,0.419291347265,0.496599823236],"dvar":[0.165511980653,0.142433106899,0.148372754455,0.143067210913,0.155807390809,0.271542936563],"dvar2":[0.334486693144,0.286235690117,0.256414264441,0.237917661667,0.241828262806,0.468053132296],"max":[-5.60490560532,-4.96755361557,-5.08429193497,-5.8028011322,-5.65033340454,-7.1612496376],"mean":[-7.9355931282,-7.1201915741,-7.90067052841,-8.32239246368,-8.37302112579,-10.7223577499],"median":[-7.67785453796,-6.88967657089,-7.71965122223,-8.13979530334,-8.15688323975,-10.6021909714],"min":[-27.0263385773,-27.3822898865,-27.0276985168,-27.1363773346,-27.1600418091,-27.2164554596],"var":[1.88888168335,1.91876780987,1.83506786823,1.79118847847,1.72376573086,1.83936774731]},"spectral_decrease":{"dmean":1.5456386171e-9,"dmean2":2.05604711034e-9,"dvar":3.74923210875e-18,"dvar2":6.37317350245e-18,"max":1.99149897284e-15,"mean":-6.7145973226e-9,"median":-6.05904704187e-9,"min":-3.19315347497e-8,"var":2.42790546151e-17},"spectral_energy":{"dmean":0.00615077791736,"dmean2":0.00818324182183,"dvar":0.00005863190745,"dvar2":0.0000987756575341,"max":0.124467030168,"mean":0.0270087067038,"median":0.024342790246,"min":4.59006825604e-11,"var":0.000385569466744},"spectral_energyband_high":{"dmean":0.00037715214421,"dmean2":0.000518274086062,"dvar":0.00000167693849562,"dvar2":0.00000336173593496,"max":0.0294735711068,"mean":0.000567040173337,"median":0.000145276178955,"min":2.13924832709e-11,"var":0.00000310455698127},"spectral_energyband_low":{"dmean":0.00320544233546,"dmean2":0.00464713247493,"dvar":0.0000259848184214,"dvar2":0.0000518874949194,"max":0.078953422606,"mean":0.00855109747499,"median":0.00741468463093,"min":3.95659937105e-12,"var":0.0000745287470636},"spectral_energyband_middle_high":{"dmean":0.00167883466929,"dmean2":0.00234572030604,"dvar":0.00000961447130976,"dvar2":0.0000169803060999,"max":0.0720485597849,"mean":0.00564907165244,"median":0.00276261940598,"min":2.49033974865e-12,"var":0.0000584953086218},"spectral_energyband_middle_low":{"dmean":0.00350606325082,"dmean2":0.00499071134254,"dvar":0.000026801142667,"dvar2":0.0000516113941558,"max":0.104188300669,"mean":0.0127277718857,"median":0.00895990803838,"min":2.43981874634e-12,"var":0.000167960839462},"spectral_entropy":{"dmean":0.209837630391,"dmean2":0.272603094578,"dvar":0.0621667169034,"dvar2":0.106592163444,"max":9.80008792877,"mean":7.21532964706,"median":7.18915271759,"min":5.09481906891,"var":0.374829173088},"spectral_flux":{"dmean":0.0216381475329,"dmean2":0.0327521413565,"dvar":0.000561533262953,"dvar2":0.00117449869867,"max":0.301664024591,"mean":0.0643220320344,"median":0.0559243820608,"min":0.0000736991569283,"var":0.0018141339533},"spectral_kurtosis":{"dmean":2.27352929115,"dmean2":3.66329193115,"dvar":8.66105175018,"dvar2":21.9260425568,"max":48.8360443115,"mean":6.37302398682,"median":5.0207157135,"min":-1.17929601669,"var":25.1422710419},"spectral_rms":{"dmean":0.000589703093283,"dmean2":0.00077487132512,"dvar":4.60894995058e-7,"dvar2":7.18654689535e-7,"max":0.0110195847228,"mean":0.00470179831609,"median":0.00487330136821,"min":2.11615585499e-7,"var":0.00000424317613579},"spectral_rolloff":{"dmean":375.049804688,"dmean2":626.683959961,"dvar":1011526.9375,"dvar2":2161014.25,"max":21856.2011719,"mean":1648.83789062,"median":968.994140625,"min":86.1328125,"var":10016825},"spectral_skewness":{"dmean":0.275332391262,"dmean2":0.414446473122,"dvar":0.0966709107161,"dvar2":0.207149595022,"max":5.55227708817,"mean":1.8427220583,"median":1.73309886456,"min":-0.144709125161,"var":0.441728949547},"spectral_spread":{"dmean":656646.3125,"dmean2":906151,"dvar":979185958912,"dvar2":1761663385600,"max":40188340,"mean":4355454,"median":3828778.5,"min":1422713.625,"var":3819549491200},"spectral_strongpeak":{"dmean":0.48124781251,"dmean2":0.796395123005,"dvar":0.815777599812,"dvar2":1.93742597103,"max":8.90152072906,"mean":1.21557033062,"median":0.570217907429,"min":0,"var":2.01675868034},"zerocrossingrate":{"dmean":0.0100542344153,"dmean2":0.0113397724926,"dvar":0.000298183877021,"dvar2":0.000324654771248,"max":0.57666015625,"mean":0.0564822554588,"median":0.04150390625,"min":0.00390625,"var":0.00560364080593}},"metadata":{"audio_properties":{"analysis_sample_rate":44100,"bit_rate":0,"codec":"flac","downmix":"mix","equal_loudness":0,"length":117.013336182,"lossless":true,"md5_encoded":"45c1e9ee375d72f9eb0ed80a39e17e8e","replay_gain":-8.6314163208,"sample_rate":44100},"tags":{"album":["Please Please Me"],"album artist":["The Beatles"],"albumartist":["The Beatles"],"albumartistsort":["Beatles, The"],"artist":["The Beatles"],"artistsort":["Beatles, The"],"asin":["B000002UA9"],"barcode":["077774643528"],"catalognumber":["CDP 7 46435 2"],"composer":["The Beatles"],"date":["1987-02-26"],"discnumber":["1"],"disctotal":["1"],"file_name":"01-11 Do You Want to Know a Secret.flac","genre":["Classic Rock; Rock; Pop"],"label":["Parlophone"],"media":["CD"],"musicbrainz_albumartistid":["b10bbbfc-cf9e-42e0-be17-e2c3e1d2600d"],"musicbrainz_albumid":["62cf2288-3ba5-3831-83e5-fb8021d6dd0a"],"musicbrainz_artistid":["b10bbbfc-cf9e-42e0-be17-e2c3e1d2600d"],"musicbrainz_recordingid":["42df56b9-0aa2-4cb7-bcb5-b8c6d89803de"],"musicbrainz_releasegroupid":["de208292-8db5-3aed-a14a-b37a84d8c521"],"originaldate":["1963-03-22"],"performer":["Paul McCartney (bass guitar)","Ringo Starr (drums)","George Harrison (guitar)","John Lennon (guitar)"],"producer":["George Martin"],"releasecountry":["GB"],"releasestatus":["official"],"releasetype":["album"],"script":["Latn"],"title":["Do You Want to Know a Secret"],"totaldiscs":["1"],"totaltracks":["14"],"tracknumber":["11"],"tracktotal":["14"]},"version":{"essentia":"2.1-beta1","essentia_build_sha":"ca57ba49d9b1854bd80e60cf9ccf267278fb7d6b","essentia_git_sha":"v2.1_beta1-28-g21ef5f4-dirty","extractor":"music 1.0"}},"rhythm":{"beats_count":245,"beats_loudness":{"dmean":0.0166159719229,"dmean2":0.0262861568481,"dvar":0.000217057313421,"dvar2":0.000538605905604,"max":0.120033018291,"mean":0.0399952121079,"median":0.0384122133255,"min":2.63377195608e-8,"var":0.000501236412674},"beats_loudness_band_ratio"