{"lowlevel":{"average_loudness":0.87175321579,"barkbands":{"dmean":[0.0000924144915189,0.00205831858329,0.00248519540764,0.00138246442657,0.00301423924975,0.00111749535426,0.000489075784571,0.000507176853716,0.000824081827886,0.000902842555661,0.000678082986269,0.000399610347813,0.000316479854519,0.000401945930207,0.000402026547818,0.000299355655443,0.000474643718917,0.000192553299712,0.000142054923344,0.00011044855637,0.0000469872102258,0.0000352851820935,0.0000269816227956,0.0000253014350164,0.0000155103043653,0.00000579437710257,7.13816575626e-7],"dmean2":[0.000154700072017,0.00335196964443,0.004120150581,0.00236219959334,0.00499861966819,0.00177532620728,0.000795621483121,0.000793336250354,0.00127475254703,0.00134220905602,0.000999786192551,0.000598964514211,0.000499561894685,0.00064815627411,0.000659522367641,0.000495006795973,0.00078176043462,0.00031559690251,0.00023013621103,0.000179049646249,0.0000757593661547,0.0000566609778616,0.0000428843632108,0.0000376961652364,0.0000230310652114,0.00000856216593093,0.00000105458207145],"dvar":[4.22892370011e-8,0.0000127118373712,0.0000182507556019,0.0000045736805987,0.0000294852525258,0.00000354970734406,0.00000131840045015,0.00000277118692793,0.00000358561896974,0.00000573963779971,0.00000502386137669,0.00000125742315049,5.12812903253e-7,5.47981926502e-7,4.68753881933e-7,4.24012370104e-7,6.33794911664e-7,1.20504182632e-7,6.13004971228e-8,3.80585163384e-8,1.23803962637e-8,1.00005657089e-8,8.33163760205e-9,1.6118280044e-8,2.9484357178e-9,3.36312699911e-10,4.61331320367e-12],"dvar2":[1.1329674976e-7,0.0000305953544739,0.0000513577797392,0.0000127596658785,0.0000775896551204,0.00000880382776813,0.00000323426365867,0.00000605796276432,0.00000778996763984,0.0000112279913083,0.00000928422559809,0.00000243913132181,0.00000116156036256,0.00000135437937843,0.00000118272544114,0.00000105510468984,0.00000160263414273,3.07134513378e-7,1.3701318835e-7,8.8264464182e-8,2.92320319062e-8,2.3086121459e-8,1.86449256034e-8,3.64763863558e-8,6.6937717591e-9,7.81243958414e-10,1.08159748519e-11],"max":[0.00167603907175,0.0395234450698,0.0650199428201,0.0291804689914,0.0773655325174,0.0515046864748,0.0284620579332,0.0405890122056,0.0441209115088,0.0502893403172,0.0455282367766,0.0340707376599,0.0203037243336,0.021690081805,0.0171116422862,0.0244980677962,0.0222512315959,0.0141726275906,0.00919583067298,0.00609449669719,0.0070625836961,0.00336345261894,0.00419803662226,0.00521220220253,0.00262051518075,0.000720489711966,0.0000758887254051],"mean":[0.00009154878353,0.00338781252503,0.00441866321489,0.00224023032933,0.00531856482849,0.00208532973193,0.00074459676398,0.000717322865967,0.00148468185216,0.00170926132705,0.001094989595,0.000688651343808,0.000519457738847,0.000739463081118,0.000752179475967,0.000582413980737,0.00100299355108,0.00044423007057,0.000361906626495,0.000270574673777,0.000109574575617,0.0000682691606926,0.0000529343196831,0.0000425824982813,0.0000197681201826,0.00000712070777809,8.51683410019e-7],"median":[0.00000303003753288,0.00149150204379,0.00274948286824,0.00131692783907,0.00319916754961,0.00117368029896,0.000322950800182,0.00015846232418,0.000514623767231,0.000438777002273,0.000185561002581,0.000239626097027,0.00026366248494,0.000423947465606,0.000445058656624,0.000427919876529,0.000739591894671,0.000361957965652,0.000293557735858,0.000195899861865,0.0000782325296314,0.0000292489876301,0.0000142620683619,0.00000984912912827,0.00000269927477348,6.29202929758e-7,8.39653750973e-8],"min":[2.92899194725e-23,1.43308069248e-23,1.77511705481e-23,3.38704529405e-23,5.67293668989e-23,6.51007777578e-23,9.73505349012e-23,7.36692839361e-23,4.3259891953e-23,5.67614766932e-23,7.37147475678e-23,7.07111943811e-23,7.32113154708e-23,5.58945059366e-23,1.14211395454e-22,4.38911958784e-22,1.84170054397e-22,1.93766793433e-22,4.79625713813e-22,2.70939616909e-22,3.48761641355e-22,5.4929760604e-22,9.55527095386e-22,8.28927466142e-22,1.30895717771e-21,1.4158338202e-21,2.45376908703e-21],"var":[4.73138932477e-8,0.0000212237082451,0.0000258729305642,0.00000711536904419,0.0000417205519625,0.00000750436083763,0.00000224118025471,0.00000504059062223,0.00000909153732209,0.0000177223519131,0.0000120462436826,0.00000295359836855,9.0804365982e-7,0.00000116274645734,9.31808699534e-7,6.42561019504e-7,0.00000159536455158,3.04680668251e-7,2.0415316726e-7,1.34016460152e-7,2.4972710122e-8,1.77358998599e-8,1.65894800119e-8,2.71836757548e-8,4.34048796905e-9,4.35241565011e-10,5.74084486546e-12]},"barkbands_crest":{"dmean":2.26347541809,"dmean2":3.68182611465,"dvar":4.41874456406,"dvar2":11.4703950882,"max":26.0400295258,"mean":9.55250740051,"median":8.84209060669,"min":2.64524078369,"var":13.1082544327},"barkbands_flatness_db":{"dmean":0.0191584881395,"dmean2":0.0276097562164,"dvar":0.000311151088681,"dvar2":0.00064247782575,"max":0.474629759789,"mean":0.16546471417,"median":0.146089553833,"min":0.0398225076497,"var":0.00470820209011},"barkbands_kurtosis":{"dmean":1.75302040577,"dmean2":2.71824932098,"dvar":6.8245844841,"dvar2":14.7633886337,"max":72.4989242554,"mean":2.72323346138,"median":0.79612237215,"min":-1.92856621742,"var":28.8880271912},"barkbands_skewness":{"dmean":0.424706667662,"dmean2":0.654936730862,"dvar":0.165915936232,"dvar2":0.380317926407,"max":7.84748888016,"mean":1.39164757729,"median":1.25274670124,"min":-5.2364358902,"var":0.953320145607},"barkbands_spread":{"dmean":3.93999838829,"dmean2":6.17330884933,"dvar":17.9423351288,"dvar2":40.9128379822,"max":115.666969299,"mean":20.4845809937,"median":20.4693431854,"min":1.05158925056,"var":107.083938599},"dissonance":{"dmean":0.0162116680294,"dmean2":0.0269036255777,"dvar":0.00030624383362,"dvar2":0.000829317374155,"max":0.500000119209,"mean":0.46375477314,"median":0.471841841936,"min":0.199051573873,"var":0.000840743014123},"dynamic_complexity":3.60779237747,"erbbands":{"dmean":[0.0517316609621,0.548093855381,2.55163526535,3.48500204086,8.47419166565,10.0378017426,10.5103816986,7.1535692215,6.81087350845,8.30473804474,11.7145957947,19.9909896851,18.1089401245,31.2896003723,18.5077133179,17.1998081207,14.3973236084,16.360868454,24.0683898926,13.3456068039,19.5478363037,23.2703952789,10.0195150375,9.38085842133,5.34071540833,5.56350374222,2.39976620674,1.71389377117,1.32567155361,1.03131878376,0.728663623333,0.55238956213,0.414540112019,0.213853299618,0.0875647738576,0.034625582397,0.00862058252096,0.00150215055328,0.000114371701784,0.0000109460570457],"dmean2":[0.075960047543,0.904882609844,4.21515464783,5.93399047852,14.2159490585,16.6828937531,16.5751285553,11.5455436707,11.2053985596,13.0486001968,18.0736961365,30.7158870697,26.3984336853,46.9347038269,25.74376297,25.9256057739,22.5279541016,26.1193313599,39.1141242981,21.5394802094,32.1589279175,38.3559913635,16.3112163544,15.0543670654,8.7965297699,9.05321884155,3.81958889961,2.74167013168,2.1138625145,1.6555711031,1.16709733009,0.855367064476,0.611850559711,0.31225669384,0.132022380829,0.0513902939856,0.0128006385639,0.00221736938693,0.000167484395206,0.0000166457593878],"dvar":[0.0111118378118,0.908795535564,19.2717838287,31.3105449677,242.420120239,337.591827393,291.791503906,180.724349976,239.595062256,631.586669922,1450.00756836,2050.3425293,1828.03662109,8064.81591797,2348.70263672,2141.47607422,1071.13720703,1083.16125488,1724.47509766,603.575622559,1411.32995605,1449.03063965,294.235687256,291.163391113,62.4521903992,98.9935684204,24.3982791901,21.7511386871,14.6254272461,10.1944704056,6.32880163193,6.67537927628,5.1016998291,0.73987364769,0.0767883732915,0.0111035173759,0.000802172115073,0.0000242829919443,1.02361234156e-7,3.36112415678e-10],"dvar2":[0.0224190820009,2.32651376724,53.992149353,88.2827453613,642.419128418,891.973205566,721.383911133,437.758605957,630.504516602,1352.21032715,3167.80810547,4554.01757812,3587.98413086,17442.0546875,3963.74829102,4253.45849609,2407.74609375,2577.19262695,4202.93896484,1488.41174316,3615.72631836,3697.58544922,759.352233887,624.666320801,159.929351807,243.541656494,54.2060165405,49.9612121582,33.3558616638,24.2089328766,14.2000255585,15.1476745605,11.4946956635,1.60166287422,0.183082193136,0.0253879483789,0.00191772007383,0.0000575052690692,2.3457502607e-7,8.00500776776e-10],"max":[1.14652371407,10.9034032822,62.8825874329,93.7563476562,196.6587677,307.710723877,360.510955811,549.385681152,345.351257324,924.304626465,1092.93811035,1133.99902344,1374.4498291,2258.36767578,1305.05700684,1274.58154297,1024.95483398,1190.38183594,908.966918945,961.801208496,1465.29711914,842.10925293,675.139160156,700.990661621,193.438064575,315.140686035,167.323135376,324.553649902,127.543792725,131.416030884,133.815261841,125.33404541,90.554145813,39.5427360535,12.1570301056,3.36101531982,1.2964566946,0.233287230134,0.00931836757809,0.000666056526825],"mean":[0.076723523438,0.887776494026,4.7289648056,6.44291210175,13.4570264816,17.4210205078,20.5722732544,13.0680608749,10.5648612976,12.6892881393,18.8805942535,36.6181564331,34.751789093,66.7588272095,36.299030304,31.7238674164,26.112071991,32.1819343567,47.3241767883,28.6251907349,42.69764328,51.1866378784,26.005065918,23.4754886627,14.5917577744,13.5370569229,6.16226482391,3.84787988663,2.54848051071,1.9422287941,1.40866518021,1.00148451328,0.646152794361,0.282620042562,0.108197309077,0.0420499108732,0.0106899552047,0.00181223044638,0.000151342275785,0.0000402375117119],"median":[0.0150561276823,0.494035243988,3.0536108017,4.35961484909,7.43383073807,9.92843055725,11.3722505569,6.88899564743,4.86753559113,4.56765985489,5.91510152817,13.1444034576,14.4452924728,13.2973718643,10.1495780945,13.1392040253,14.4899215698,19.9514465332,28.415933609,20.9999275208,33.2177619934,40.1614837646,22.6152877808,19.1205425262,12.5376214981,9.91628360748,4.40039396286,2.5831553936,1.15103566647,0.59540450573,0.378053575754,0.264343231916,0.123170487583,0.0403777994215,0.0144126741216,0.00361128570512,0.00106014544144,0.000177025256562,0.0000332033414452,0.0000397637340939],"min":[3.37546639368e-22,3.85844737905e-21,1.8322058646e-20,7.18584722822e-20,1.70422005352e-19,2.12005576741e-19,2.81527561061e-19,6.64276955187e-19,1.61057948586e-18,7.27729514686e-19,1.9393518295e-18,9.70866848037e-19,1.60598108544e-18,1.95644551686e-18,2.74737907497e-18,3.31550822637e-18,2.75491634471e-18,2.96805431879e-18,7.27624131876e-18,1.02978320076e-17,2.09257190057e-17,1.04862935296e-17,1.19740266649e-17,2.2270377192e-17,1.89916847068e-17,1.10154409675e-17,1.51391158192e-17,1.27929412616e-17,2.17152364306e-17,2.25903289986e-17,2.86777628846e-17,1.760129005e-17,1.51828273515e-17,1.14639788274e-17,1.07247523294e-17,5.58476863548e-18,2.65745275506e-18,1.24431176884e-18,3.40778172296e-19,3.49660683283e-20],"var":[0.0200059432536,1.24206161499,27.8141269684,45.9991149902,322.393737793,473.753265381,680.870788574,380.99432373,352.367553711,1116.06665039,3177.6706543,5441.7109375,5134.97314453,35174.0078125,8108.90673828,4920.31347656,2003.36633301,2271.69580078,3710.7902832,1223.04614258,2778.03881836,3487.24975586,811.973083496,974.248962402,228.944046021,296.797973633,87.0094680786,36.9816665649,24.9105644226,17.7458839417,12.528553009,11.8879480362,8.11203193665,1.1866838932,0.10056848824,0.0147238597274,0.00100347294938,0.0000297232927551,1.37795225896e-7,9.49056166988e-10]},"erbbands_crest":{"dmean":2.54393815994,"dmean2":4.06100320816,"dvar":6.60862350464,"dvar2":15.7295618057,"max":32.4134979248,"mean":9.34831523895,"median":7.86191082001,"min":2.54084634781,"var":23.5796852112},"erbbands_flatness_db":{"dmean":0.0191625729203,"dmean2":0.0266917198896,"dvar":0.000372711132513,"dvar2":0.000719004368875,"max":0.400703400373,"mean":0.19231043756,"median":0.184397026896,"min":0.0560632012784,"var":0.00272029312328},"erbbands_kurtosis":{"dmean":0.691434442997,"dmean2":1.085709095,"dvar":1.32790005207,"dvar2":3.17467856407,"max":34.8304481506,"mean":0.00160493759904,"median":-0.49923440814,"min":-1.8699593544,"var":3.43025183678},"erbbands_skewness":{"dmean":0.317363917828,"dmean2":0.483701914549,"dvar":0.088814586401,"dvar2":0.197436034679,"max":4.13769340515,"mean":-0.0383932553232,"median":-0.123526141047,"min":-3.32430815697,"var":0.465888351202},"erbbands_spread":{"dmean":6.06930875778,"dmean2":9.31430244446,"dvar":36.7523994446,"dvar2":81.3593673706,"max":130.745361328,"mean":34.8239822388,"median":34.5358886719,"min":2.19499468803,"var":165.913085938},"gfcc":{"cov":[[11507.2060547,-2643.77954102,-921.178527832,1459.70446777,-1819.01574707,1195.08764648,-235.805969238,707.909118652,-386.06463623,-44.6478042603,-197.116317749,164.404067993,173.184570312],[-2643.77954102,2001.53552246,-101.127204895,-347.601074219,922.967834473,-630.230407715,182.926605225,-260.624176025,158.031280518,-98.3056869507,98.5847854614,-150.116439819,27.1485977173],[-921.178527832,-101.127204895,642.238769531,-164.458724976,123.702789307,31.8215827942,-128.725357056,8.17082309723,15.3505001068,69.2304229736,-68.4883880615,58.3711853027,-80.0295791626],[1459.70446777,-347.601074219,-164.458724976,475.224487305,-224.356719971,186.922531128,-19.7441749573,72.032875061,13.6591053009,-42.2413215637,21.2672748566,8.23004722595,55.4923858643],[-1819.01574707,922.967834473,123.702789307,-224.356719971,740.765563965,-336.146453857,59.1234779358,-110.479164124,53.3290405273,-1.69997358322,31.1117229462,-38.2448539734,-17.0878887177],[1195.08764648,-630.230407715,31.8215827942,186.922531128,-336.146453857,395.873596191,6.19841814041,110.738204956,-36.8063621521,5.29396438599,-1.67831897736,51.9045944214,15.8377590179],[-235.805969238,182.926605225,-128.725357056,-19.7441749573,59.1234779358,6.19841814041,206.706573486,11.8309516907,10.6963205338,-9.37916374207,38.8494148254,-21.2083797455,26.5649089813],[707.909118652,-260.624176025,8.17082309723,72.032875061,-110.479164124,110.738204956,11.8309516907,147.820266724,0.8428388834,23.0385913849,-27.4044513702,14.5668668747,0.715275764465],[-386.06463623,158.031280518,15.3505001068,13.6591053009,53.3290405273,-36.8063621521,10.6963205338,0.8428388834,125.988418579,15.0847358704,14.8078184128,-27.0419578552,-13.473772049],[-44.6478042603,-98.3056869507,69.2304229736,-42.2413215637,-1.69997358322,5.29396438599,-9.37916374207,23.0385913849,15.0847358704,101.544326782,9.02695941925,11.5064439774,-29.8172931671],[-197.116317749,98.5847854614,-68.4883880615,21.2672748566,31.1117229462,-1.67831897736,38.8494148254,-27.4044513702,14.8078184128,9.02695941925,93.6918182373,7.88089466095,17.4528160095],[164.404067993,-150.116439819,58.3711853027,8.23004722595,-38.2448539734,51.9045944214,-21.2083797455,14.5668668747,-27.0419578552,11.5064439774,7.88089466095,86.435043335,25.2006645203],[173.184570312,27.1485977173,-80.0295791626,55.4923858643,-17.0878887177,15.8377590179,26.5649089813,0.715275764465,-13.473772049,-29.8172931671,17.4528160095,25.2006645203,91.9166793823]],"icov":[[0.000708322681021,-0.00102865661029,0.00117340369616,-0.00147651170846,0.00104375986848,-0.00131282082293,0.0013946389081,-0.00219173519872,0.00230876170099,-0.00153650867287,0.00192910584155,-0.00128977396525,0.000743861135561],[-0.00102865661029,0.00446450710297,-0.00180926651228,0.00283444277011,-0.00354871642776,0.00382102350704,-0.00324286730029,0.00434920797125,-0.00541476765648,0.00468970742077,-0.00441409787163,0.00412466935813,-0.00264687929302],[0.00117340369616,-0.00180926651228,0.00511170970276,-0.00155787717085,0.000635192438494,-0.0038873963058,0.00396291352808,-0.00330712692812,0.0028402809985,-0.00358651485294,0.00531334336847,-0.00448384508491,0.00285635818727],[-0.00147651170846,0.00283444277011,-0.00155787717085,0.00686022080481,-0.00258950074203,0.00157947151456,-0.00168689503334,0.00376902567223,-0.00647654384375,0.00493739545345,-0.00526051362976,0.00372088584118,-0.00321767712012],[0.00104375986848,-0.00354871642776,0.000635192438494,-0.00258950074203,0.00578281655908,-0.000822785717901,0.00160111591686,-0.00392312090844,0.0046671195887,-0.00332247070037,0.00272199814208,-0.00313283293508,0.00193099572789],[-0.00131282082293,0.00382102350704,-0.0038873963058,0.00157947151456,-0.000822785717901,0.0100490618497,-0.00521352095529,0.00254198466428,-0.00433098897338,0.00520655559376,-0.00631425296888,0.00256634922698,-0.00184131786227],[0.0013946389081,-0.00324286730029,0.00396291352808,-0.00168689503334,0.00160111591686,-0.00521352095529,0.0105661088601,-0.00636257510632,0.00486263539642,-0.00383542152122,0.00241293315776,-0.00161373813171,0.00044359639287],[-0.00219173519872,0.00434920797125,-0.00330712692812,0.00376902567223,-0.00392312090844,0.00254198466428,-0.00636257510632,0.017944123596,-0.00896605104208,0.0024187148083,-0.00179567805026,0.0036510785576,-0.00296777836047],[0.00230876170099,-0.00541476765648,0.0028402809985,-0.00647654384375,0.0046671195887,-0.00433098897338,0.00486263539642,-0.00896605104208,0.0188146401197,-0.00795113388449,0.00512453028932,-0.00234539620578,0.0037592726294],[-0.00153650867287,0.00468970742077,-0.00358651485294,0.00493739545345,-0.00332247070037,0.00520655559376,-0.00383542152122,0.0024187148083,-0.00795113388449,0.0190135203302,-0.00940632820129,0.00260518910363,0.00105533876922],[0.00192910584155,-0.00441409787163,0.00531334336847,-0.00526051362976,0.00272199814208,-0.00631425296888,0.00241293315776,-0.00179567805026,0.00512453028932,-0.00940632820129,0.0223124418408,-0.00833169743419,0.00212926603854],[-0.00128977396525,0.00412466935813,-0.00448384508491,0.00372088584118,-0.00313283293508,0.00256634922698,-0.00161373813171,0.0036510785576,-0.00234539620578,0.00260518910363,-0.00833169743419,0.0223939474672,-0.00958155747503],[0.000743861135561,-0.00264687929302,0.00285635818727,-0.00321767712012,0.00193099572789,-0.00184131786227,0.00044359639287,-0.00296777836047,0.0037592726294,0.00105533876922,0.00212926603854,-0.00958155747503,0.0183764249086]],"mean":[-25.9539203644,133.259689331,-135.840637207,33.7925872803,-32.8276329041,0.431157439947,-35.0634651184,-1.66748762131,-22.3441696167,-10.759223938,-16.6604175568,-7.6021938324,-7.34352970123]},"hfc":{"dmean":3.92001748085,"dmean2":5.95483493805,"dvar":26.1665668488,"dvar2":60.7526664734,"max":119.346832275,"mean":20.6401958466,"median":21.4852046967,"min":1.14442356806e-16,"var":235.188369751},"melbands":{"dmean":[0.000492825056426,0.00108718767297,0.000646783330012,0.00075940368697,0.000336270517437,0.000171090126969,0.000103483449493,0.0000947864828049,0.000110165390652,0.000120978576888,0.0000952616537688,0.000130279440782,0.000075890122389,0.0000437091621279,0.0000418471681769,0.0000290429652523,0.0000339261387126,0.0000420543874498,0.0000256262392213,0.000018356307919,0.0000276491991826,0.0000306985202769,0.0000138486975629,0.00000932963030209,0.00000852786797623,0.00000482667337565,0.0000039839501369,0.00000415678141508,0.00000195204961528,0.00000117032732305,0.00000105461401745,8.41863538881e-7,6.39825771032e-7,5.88637306009e-7,4.70676894793e-7,3.75273856434e-7,3.50067608679e-7,3.16323706784e-7,2.4645026997e-7,1.63198777159e-7],"dmean2":[0.000764089578297,0.00179649959318,0.00109434581827,0.00127092155162,0.000532328442205,0.000275563535979,0.00016992224846,0.000148210252519,0.000168154831044,0.000186381250387,0.000139172727359,0.000194147214643,0.0001058725029,0.0000646010666969,0.0000643016610411,0.0000460153241875,0.0000543620917597,0.0000680418233969,0.0000419243297074,0.0000299114981317,0.0000455969675386,0.0000507253716933,0.0000228158023674,0.0000152859120135,0.0000137390707096,0.00000802521299192,0.00000658247790852,0.00000675446608511,0.00000311941948894,0.00000190767786989,0.00000169172983533,0.00000135588300054,0.00000105157334929,9.42759982081e-7,7.65627760302e-7,5.92870094351e-7,5.46913838662e-7,4.77830269574e-7,3.61888425005e-7,2.45270342702e-7],"dvar":[7.87336830399e-7,0.00000347877175955,9.65311983236e-7,0.00000209092308978,2.85896192054e-7,9.49268397221e-8,5.44754996668e-8,8.26444903623e-8,1.11481071485e-7,7.34311171868e-8,5.15703426629e-8,1.34568040266e-7,4.791630559e-8,1.26212356122e-8,1.33382256351e-8,4.25062074427e-9,4.72590944156e-9,5.53869972109e-9,1.99793093181e-9,1.84799553438e-9,2.63572075276e-9,2.77020317796e-9,4.95220697783e-10,4.37320762936e-10,2.62199290058e-10,5.94288229738e-11,4.31917071553e-11,6.53203047207e-11,1.91060136462e-11,9.71268378225e-12,8.37029404122e-12,6.00306913554e-12,3.73915828855e-12,3.34180534807e-12,2.30072449807e-12,2.51025285627e-12,3.19960377637e-12,3.20116416014e-12,1.64232158689e-12,3.90506962704e-13],"dvar2":[0.00000176338869551,0.00000965889830695,0.00000268855660579,0.00000555970109417,7.19410309102e-7,2.33377434711e-7,1.4125275527e-7,1.78880938506e-7,2.43666590904e-7,1.62429572015e-7,9.95547111415e-8,2.85961647251e-7,7.78920608013e-8,2.33649330994e-8,2.83222902908e-8,9.98194593649e-9,1.12042544131e-8,1.33375772648e-8,4.99223551387e-9,4.54393500604e-9,6.73837519116e-9,7.03231739507e-9,1.24552779202e-9,1.10265341302e-9,5.5608107008e-10,1.55877838415e-10,1.05573695619e-10,1.55383081402e-10,4.05400053805e-11,2.29797084139e-11,1.88129789525e-11,1.37514877957e-11,9.13079768045e-12,7.90689215491e-12,5.36173969806e-12,5.44325912469e-12,7.44458834856e-12,7.30244337221e-12,3.67614098884e-12,8.82688562e-13],"max":[0.00972587242723,0.0256141535938,0.0145365754142,0.0202548094094,0.0125832138583,0.0112126246095,0.00543936761096,0.00947567075491,0.00885103270411,0.00734591670334,0.00695335259661,0.00953191239387,0.00504865311086,0.00393416080624,0.00438064709306,0.0016988508869,0.00249866675586,0.00188632158097,0.00154434144497,0.00169396528509,0.00149977521505,0.00119887397159,0.000556390441488,0.00101022340823,0.000662084843498,0.000179972135811,0.000223801544053,0.000299781240756,0.000171889376361,0.000221008012886,0.000178861708264,0.0000860771033331,0.0000780841874075,0.0000751781190047,0.0000762646377552,0.0000893692922546,0.000099388846138,0.0000769580437918,0.0000576372949581,0.0000344457621395],"mean":[0.0008007811266,0.00202607316896,0.00129262881819,0.00123883236665,0.000698311021551,0.000312173156999,0.000157981834491,0.000140969321365,0.000179307637154,0.000219135239604,0.000168704442331,0.000273247162113,0.000133101493702,0.0000790806516306,0.0000734402347007,0.0000491152750328,0.0000611103678239,0.0000788047545939,0.0000483107942273,0.0000343816827808,0.0000554026264581,0.000060990179918,0.0000293385182886,0.0000207381272048,0.0000191421040654,0.0000114601543828,0.00000929149337026,0.00000900752820598,0.00000435896436102,0.00000246109584623,0.00000212690156332,0.00000151935989834,0.00000110442022105,0.00000105322203581,8.48115746521e-7,6.73778401961e-7,5.87531417295e-7,4.88809916988e-7,3.31440702439e-7,2.05344505844e-7],"median":[0.000269151001703,0.00136743474286,0.000906691362616,0.000675985706039,0.000417862465838,0.000169448874658,0.0000698160001775,0.0000455727749795,0.0000533590500709,0.0000792472419562,0.0000601706487942,0.0000478343536088,0.0000273594268947,0.0000276671089523,0.000033049742342,0.0000266028928309,0.0000340089463862,0.0000450862316939,0.0000303518863802,0.0000232461534324,0.0000405237587984,0.000044450542191,0.0000223518181883,0.0000158267175721,0.0000145776712088,0.00000905029264686,0.00000732624130251,0.0000059134104049,0.00000271918065664,0.00000168127110101,0.00000128988108372,6.60416105802e-7,3.8689100279e-7,2.93895254799e-7,2.17899824406e-7,1.79320849725e-7,1.45239283711e-7,8.95740299711e-8,4.78385047131e-8,2.47520706154e-8],"min":[4.91432536606e-24,8.12035903122e-24,1.43545910811e-23,1.68942703898e-23,8.66913643083e-24,1.55286559218e-23,2.16789657931e-23,7.34441730105e-24,1.63274233423e-23,5.41069163598e-24,7.97828202675e-24,7.68806009972e-24,9.68718430598e-24,7.46447877538e-24,7.42154423175e-24,7.04671618377e-24,4.69961557146e-24,1.14535724571e-23,6.92407986745e-24,2.78917108497e-23,2.20391880815e-23,9.23393007339e-24,1.26252052396e-23,1.07370059207e-23,1.92536476499e-23,1.63050449361e-23,9.60168282791e-24,6.78992065988e-24,1.04446390808e-23,7.61348828949e-24,7.27339773147e-24,1.19820690317e-23,1.14839136252e-23,1.30903034298e-23,1.68237052041e-23,1.31365787994e-23,9.75782601118e-24,1.10990757212e-23,9.185203713e-24,9.31215194303e-24],"var":[0.0000014806641957,0.0000047859384722,0.00000156057035383,0.00000264661935034,6.86256214522e-7,1.95012944459e-7,8.47681675964e-8,1.46884929109e-7,2.57259245018e-7,1.95681195692e-7,1.40882434607e-7,6.01716408255e-7,1.37897686159e-7,3.58212517426e-8,2.45903457596e-8,6.90019907879e-9,9.59321688754e-9,1.15008758073e-8,3.7683141052e-9,2.82153567177e-9,5.45896261528e-9,6.08924777268e-9,1.22989252116e-9,1.01530595042e-9,7.66890995152e-10,1.73427411321e-10,1.15044342108e-10,1.79017425883e-10,6.85698442471e-11,1.71160325496e-11,1.38252204823e-11,9.76056388491e-12,5.50826832063e-12,5.8536834234e-12,4.20762426637e-12,4.93854002831e-12,5.14891471473e-12,5.04468819149e-12,2.34211738545e-12,6.01271690857e-13]},"melbands_crest":{"dmean":3.01227283478,"dmean2":4.91536712646,"dvar":7.44012069702,"dvar2":19.410697937,"max":31.1862335205,"mean":14.0815944672,"median":13.2681694031,"min":2.45047783852,"var":21.0554485321},"melbands_flatness_db":{"dmean":0.0229460764676,"dmean2":0.033866494894,"dvar":0.000444276287453,"dvar2":0.000960604113061,"max":0.581574201584,"mean":0.234773501754,"median":0.208964854479,"min":0.00634561059996,"var":0.00776471337304},"melbands_kurtosis":{"dmean":4.27737379074,"dmean2":6.65827083588,"dvar":32.849357605,"dvar2":72.0761032104,"max":153.770111084,"mean":9.765376091,"median":6.0686712265,"min":-1.74529397488,"var":137.070358276},"melbands_skewness":{"dmean":0.585126161575,"dmean2":0.903909444809,"dvar":0.314856976271,"dvar2":0.722057282925,"max":9.90613460541,"mean":2.4829993248,"median":2.36015319824,"min":-1.85781896114,"var":1.68842875957},"melbands_spread":{"dmean":5.58065271378,"dmean2":8.82338047028,"dvar":38.0183029175,"dvar2":91.8924484253,"max":168.48664856,"mean":22.0466194153,"median":21.1426715851,"min":1.16490066051,"var":159.442703247},"mfcc":{"cov":[[9710.99707031,-2308.32226562,-362.111816406,327.796661377,-981.379333496,20.8896369934,142.983428955,332.620452881,105.613586426,129.265716553,-281.240570068,-109.112419128,-68.0200805664],[-2308.32226562,1661.83068848,-260.716247559,101.668869019,449.763031006,-74.7970199585,-10.2347679138,-113.129562378,-8.53827571869,-26.2791824341,79.0573348999,-7.0812587738,-25.982963562],[-362.111816406,-260.716247559,489.824432373,-146.255004883,43.4654464722,58.5766067505,-69.3770217896,11.3567428589,0.457220256329,-18.8301429749,30.3604812622,2.25163125992,18.4774951935],[327.796661377,101.668869019,-146.255004883,268.182556152,40.1626739502,-3.55719637871,-2.18041372299,9.40102386475,11.7477025986,13.6687822342,-1.09832203388,-7.67490959167,-12.958237648],[-981.379333496,449.763031006,43.4654464722,40.1626739502,421.202423096,0.377079218626,-39.4732666016,-35.3031349182,-26.5376777649,-15.3363265991,46.5421295166,-16.4944229126,-5.85066080093],[20.8896369934,-74.7970199585,58.5766067505,-3.55719637871,0.377079218626,125.313858032,29.3780517578,35.5776481628,-5.99869728088,0.779088318348,-4.83194351196,12.1593971252,11.4894676208],[142.983428955,-10.2347679138,-69.3770217896,-2.18041372299,-39.4732666016,29.3780517578,154.850036621,37.2370071411,12.1050872803,7.36074829102,-21.3915119171,12.6162252426,8.37638473511],[332.620452881,-113.129562378,11.3567428589,9.40102386475,-35.3031349182,35.5776481628,37.2370071411,117.331642151,27.0140209198,15.1780929565,-19.4254703522,-1.6148878336,0.165665730834],[105.613586426,-8.53827571869,0.457220256329,11.7477025986,-26.5376777649,-5.99869728088,12.1050872803,27.0140209198,95.8265686035,25.6234951019,8.45081615448,0.889275670052,-2.73519563675],[129.265716553,-26.2791824341,-18.8301429749,13.6687822342,-15.3363265991,0.779088318348,7.36074829102,15.1780929565,25.6234951019,92.7035140991,23.3583431244,11.3442897797,-2.47259998322],[-281.240570068,79.0573348999,30.3604812622,-1.09832203388,46.5421295166,-4.83194351196,-21.3915119171,-19.4254703522,8.45081615448,23.3583431244,95.9352264404,28.954536438,9.26298427582],[-109.112419128,-7.0812587738,2.25163125992,-7.67490959167,-16.4944229126,12.1593971252,12.6162252426,-1.6148878336,0.889275670052,11.3442897797,28.954536438,77.6697769165,33.130115509],[-68.0200805664,-25.982963562,18.4774951935,-12.958237648,-5.85066080093,11.4894676208,8.37638473511,0.165665730834,-2.73519563675,-2.47259998322,9.26298427582,33.130115509,64.6805496216]],"icov":[[0.000227700846153,0.000290779775241,0.000199798421818,-0.000276158854831,0.000187589452253,0.0000847688497743,-1.05923646743e-7,-0.000273399084108,-0.0000351463349944,-0.000141219628858,0.000171677151229,0.000255302264122,0.0000842486551846],[0.000290779775241,0.00148017797619,0.000984507030807,-0.000211056409171,-0.00095254718326,0.000242117603193,-0.000131067077746,0.000239639470237,-0.000499870628119,0.000258462096099,-0.000302717176965,0.000191060375073,0.000398288335418],[0.000199798421818,0.000984507030807,0.00380708510056,0.00160153978504,-0.00091047497699,-0.00153560633771,0.00164558901452,-0.00050379068125,-0.00089230487356,0.000775680469815,-0.001048179809,0.000630249560345,-0.000363314902643],[-0.000276158854831,-0.000211056409171,0.00160153978504,0.00521353725344,-0.00101030536462,-0.000902221596334,0.00100467423908,-0.000244011709583,-0.00071332877269,-8.933465665e-7,-0.000383958104067,-0.000132624656544,0.000243886839598],[0.000187589452253,-0.00095254718326,-0.00091047497699,-0.00101030536462,0.00424200296402,-0.000255980790826,0.000238987136981,-0.000404484308092,0.00116537394933,-0.0000794851512183,-0.000993298366666,0.00149614550173,-0.000306265807012],[0.0000847688497743,0.000242117603193,-0.00153560633771,-0.000902221596334,-0.000255980790826,0.0102953324094,-0.00207212124951,-0.00260641751811,0.00162282737438,-0.000203538060305,0.000510514248163,-0.00125145365018,-0.000503854709677],[-1.05923646743e-7,-0.000131067077746,0.00164558901452,0.00100467423908,0.000238987136981,-0.00207212124951,0.00852691009641,-0.0019404393388,-0.000829141878057,-0.000150464242324,0.00143223872874,-0.00123924086802,-0.000642359955236],[-0.000273399084108,0.000239639470237,-0.00050379068125,-0.000244011709583,-0.000404484308092,-0.00260641751811,-0.0019404393388,0.0119780581445,-0.00290645752102,-0.00109748507384,0.00172302999999,0.00000834370803204,0.000134907721076],[-0.0000351463349944,-0.000499870628119,-0.00089230487356,-0.00071332877269,0.00116537394933,0.00162282737438,-0.000829141878057,-0.00290645752102,0.0127061968669,-0.00269702658989,-0.00133664370514,0.000627808447462,0.000110265042167],[-0.000141219628858,0.000258462096099,0.000775680469815,-8.933465665e-7,-0.0000794851512183,-0.000203538060305,-0.000150464242324,-0.00109748507384,-0.00269702658989,0.0133007736877,-0.00385958445258,-0.00123605655972,0.00136507593561],[0.000171677151229,-0.000302717176965,-0.001048179809,-0.000383958104067,-0.000993298366666,0.000510514248163,0.00143223872874,0.00172302999999,-0.00133664370514,-0.00385958445258,0.0153909381479,-0.00559815159068,0.000370236550225],[0.000255302264122,0.000191060375073,0.000630249560345,-0.000132624656544,0.00149614550173,-0.00125145365018,-0.00123924086802,0.00000834370803204,0.000627808447462,-0.00123605655972,-0.00559815159068,0.0199379902333,-0.00877473223954],[0.0000842486551846,0.000398288335418,-0.000363314902643,0.000243886839598,-0.000306265807012,-0.000503854709677,-0.000642359955236,0.000134907721076,0.000110265042167,0.00136507593561,0.000370236550225,-0.00877473223954,0.0205048285425]],"mean":[-658.498840332,152.706161499,-24.8730182648,32.6573753357,16.9045753479,6.6967458725,-0.836768269539,4.41712903976,-1.75780117512,-0.0391973145306,-7.16622114182,-3.95701050758,-7.96932077408]},"pitch_salience":{"dmean":0.0632477849722,"dmean2":0.101749792695,"dvar":0.00306275091134,"dvar2":0.00790236145258,"max":0.840378046036,"mean":0.552297174931,"median":0.556263744831,"min":0.113295182586,"var":0.0106234028935},"silence_rate_20dB":{"dmean":0,"dmean2":0,"dvar":0,"dvar2":0,"max":1,"mean":1,"median":1,"min":1,"var":0},"silence_rate_30dB":{"dmean":0,"dmean2":0,"dvar":0,"dvar2":0,"max":1,"mean":1,"median":1,"min":1,"var":0},"silence_rate_60dB":{"dmean":0.0112489489838,"dmean2":0.0224990807474,"dvar":0.0111224101856,"dvar2":0.0250418130308,"max":1,"mean":0.0330091975629,"median":0,"min":0,"var":0.0319195911288},"spectral_centroid":{"dmean":190.961425781,"dmean2":299.504394531,"dvar":38309.8359375,"dvar2":86916.09375,"max":10647.6298828,"mean":1218.48339844,"median":1241.43945312,"min":212.491897583,"var":272481.46875},"spectral_complexity":{"dmean":3.17556762695,"dmean2":4.98575401306,"dvar":8.9608707428,"dvar2":20.571893692,"max":54,"mean":23.99127388,"median":28,"min":0,"var":168.15625},"spectral_contrast_coeffs":{"dmean":[0.0506082065403,0.046498708427,0.0383702777326,0.0303197875619,0.0230648852885,0.0215253289789],"dmean2":[0.0828034728765,0.0752732008696,0.0610345974565,0.0492041930556,0.0375262610614,0.03305971995],"dvar":[0.00174679001793,0.00150771229528,0.000979835167527,0.000626548833679,0.000388385786209,0.000401003519073],"dvar2":[0.00461762491614,0.00387332169339,0.00236802198924,0.00155761640053,0.000943884020671,0.000890014925972],"max":[-0.32747772336,-0.410093069077,-0.391923546791,-0.442139416933,-0.521685898304,-0.54087716341],"mean":[-0.60205501318,-0.707118391991,-0.749272346497,-0.777771174908,-0.7601749897,-0.749021410942],"median":[-0.602684259415,-0.713100850582,-0.757613241673,-0.783675909042,-0.766969561577,-0.746043920517],"min":[-0.963494718075,-0.957422077656,-0.955148041248,-0.954493105412,-0.959824204445,-0.959939360619],"var":[0.00539278239012,0.00534976972267,0.00457253400236,0.00217629387043,0.00193186872639,0.00219271495007]},"spectral_contrast_valleys":{"dmean":[0.402456820011,0.349142640829,0.296735346317,0.256224185228,0.230455935001,0.410780996084],"dmean2":[0.662714242935,0.570163726807,0.475487470627,0.407390594482,0.347094416618,0.553102850914],"dvar":[0.115211851895,0.0984794348478,0.0655711293221,0.0548315010965,0.0575227849185,0.218976810575],"dvar2":[0.296279072762,0.243547394872,0.154235124588,0.122263871133,0.116274543107,0.431893080473],"max":[-5.39765310287,-4.6608247757,-5.21782255173,-5.72502088547,-5.8888926506,-7.76816034317],"mean":[-7.17298030853,-7.03243112564,-7.37157535553,-7.42758226395,-7.70647573471,-11.1819906235],"median":[-7.02216053009,-6.8400759697,-6.99146080017,-7.00978183746,-6.87386226654,-10.714764595],"min":[-27.1605911255,-27.9573459625,-27.1195316315,-27.4294223785,-27.1618652344,-27.2597332001],"var":[0.975931465626,1.07023775578,1.29285085201,1.20962655544,2.24248051643,2.74508476257]},"spectral_decrease":{"dmean":1.77281067604e-9,"dmean2":2.90357227151e-9,"dvar":5.33624056607e-18,"dvar2":1.4153111566e-17,"max":1.07883431294e-15,"mean":-7.17599313305e-9,"median":-7.48335171608e-9,"min":-3.14095913723e-8,"var":2.18261977467e-17},"spectral_energy":{"dmean":0.00689439708367,"dmean2":0.0112715605646,"dvar":0.0000799284753157,"dvar2":0.000211117963772,"max":0.121240079403,"mean":0.0289559923112,"median":0.0306410677731,"min":1.08863067453e-20,"var":0.000352725503035},"spectral_energyband_high":{"dmean":0.000166540630744,"dmean2":0.000251079793088,"dvar":1.46973391679e-7,"dvar2":3.21713798712e-7,"max":0.0135132707655,"mean":0.000438960443716,"median":0.000277769198874,"min":7.76631960749e-21,"var":4.27770515898e-7},"spectral_energyband_low":{"dmean":0.00421658996493,"dmean2":0.00692658685148,"dvar":0.0000454599794466,"dvar2":0.000122410041513,"max":0.100167222321,"mean":0.00902462750673,"median":0.006205401849,"min":5.75979090665e-23,"var":0.000079922232544},"spectral_energyband_middle_high":{"dmean":0.00186190020759,"dmean2":0.00281333574094,"dvar":0.00000705925776856,"dvar2":0.0000157228241733,"max":0.0576262027025,"mean":0.00786102376878,"median":0.00631936220452,"min":1.85385453024e-21,"var":0.000062596751377},"spectral_energyband_middle_low":{"dmean":0.00471343891695,"dmean2":0.00757244834676,"dvar":0.0000502924303873,"dvar2":0.000128025276354,"max":0.0946841910481,"mean":0.0129587398842,"median":0.0104309972376,"min":3.91139779298e-22,"var":0.000120108175906},"spectral_entropy":{"dmean":0.137993708253,"dmean2":0.201369687915,"dvar":0.0201707873493,"dvar2":0.0416341051459,"max":9.78879833221,"mean":7.31184625626,"median":7.51234388351,"min":4.80961275101,"var":0.288435548544},"spectral_flux":{"dmean":0.0217522904277,"dmean2":0.0337668396533,"dvar":0.000485693541123,"dvar2":0.00108492840081,"max":0.294159591198,"mean":0.0831747353077,"median":0.081832870841,"min":1.0433746922e-10,"var":0.00232216296718},"spectral_kurtosis":{"dmean":3.55153250694,"dmean2":6.09657096863,"dvar":29.955291748,"dvar2":85.073348999,"max":97.1417160034,"mean":8.10132980347,"median":5.36060810089,"min":-1.20004034042,"var":80.2392883301},"spectral_rms":{"dmean":0.000589747156482,"dmean2":0.000945620296989,"dvar":4.1031313458e-7,"dvar2":0.00000104229366116,"max":0.0108757987618,"mean":0.00496124383062,"median":0.0054675154388,"min":3.25895495486e-12,"var":0.00000363580693374},"spectral_rolloff":{"dmean":364.202484131,"dmean2":610.842041016,"dvar":325996.5,"dvar2":773056.5625,"max":21576.2695312,"mean":1336.33984375,"median":1184.32617188,"min":129.19921875,"var":2049415.75},"spectral_skewness":{"dmean":0.333602160215,"dmean2":0.550273358822,"dvar":0.15922640264,"dvar2":0.45039743185,"max":7.57449293137,"mean":1.67414903641,"median":1.47626018524,"min":-0.147093802691,"var":0.57702255249},"spectral_spread":{"dmean":414438.34375,"dmean2":585189.4375,"dvar":298515431424,"dvar2":532488814592,"max":40209504,"mean":3102739.75,"median":2990096.75,"min":678675.75,"var":1500765093890},"spectral_strongpeak":{"dmean":0.51543533802,"dmean2":0.885234117508,"dvar":0.830195486546,"dvar2":2.11013865471,"max":12.385263443,"mean":0.958309233189,"median":0.457132518291,"min":7.08946013006e-10,"var":1.72568881512},"zerocrossingrate":{"dmean":0.00610941881314,"dmean2":0.00751131260768,"dvar":0.0000651359878248,"dvar2":0.0000771988925408,"max":0.8427734375,"mean":0.0487745366991,"median":0.046875,"min":0.0048828125,"var":0.00147830345668}},"metadata":{"audio_properties":{"analysis_sample_rate":44100,"bit_rate":0,"codec":"flac","downmix":"mix","equal_loudness":0,"length":441.733337402,"lossless":true,"md5_encoded":"88558840ec29a77be07d95e6dade37e3","replay_gain":-15.7558555603},"tags":{"acoustid_id":["8b3e71be-81b0-4ce7-9572-a99d1ad59dbf"],"album":["Dance of Death"],"albumartist":["Iron Maiden"],"albumartistsort":["Iron Maiden"],"artist":["Iron Maiden"],"artists":["Iron Maiden"],"artistsort":["Iron Maiden"],"asin":["B0000BYM3K"],"barcode":["696998906129"],"catalognumber":["CK 89061"],"date":["2003-09-09"],"discnumber":["1"],"disctotal":["1"],"file_name":"03 No More Lies.flac","genre":["Heavy Metal"],"grouping":["Metal"],"isrc":["GBCHB0300301"],"label":["Columbia"],"language":["eng"],"media":["CD"],"musicbrainz_albumartistid":["ca891d65-d9b0-4258-89f7-e6ba29d83767"],"musicbrainz_albumid":["3c1e204d-5753-4a12-9a27-f6cd70f296a1"],"musicbrainz_artistid":["ca891d65-d9b0-4258-89f7-e6ba29d83767"],"musicbrainz_recordingid":["43028535-ace5-4980-a56e-d77fbdb5be34"],"musicbrainz_releasegroupid":["3bbfa3e4-dfbc-31f2-93d8-86f109d5158c"],"musicbrainz_releasetrackid":["6166eabf-22b8-307f-8526-a89c811970f9"],"musicbrainz_workid":["d45c54c0-3d5a-42b6-8a86-9e88fd6b9ea4"],"originaldate":["2003-09-03"],"originalyear":["2003"],"releasecountry":["US"],"releasestatus":["official"],"releasetype":["album"],"replaygain_album_gain":["-11.17 dB"],"replaygain_album_peak":["0.999512"],"replaygain_track_gain":["-10.76 dB"],"replaygain_track_peak":["0.999207"],"script":["Latn"],"title":["No More Lies"],"totaldiscs":["1"],"totaltracks":["11"],"tracknumber":["3"],"tracktotal":["11"],"work":["No More Lies"]},"version":{"essentia":"2.1-beta1","essentia_build_sha":"ed039d7e5a6e3dec64cf0be7c36ef885fb432306","essentia_git_sha":"v2.1_beta1-7-ge0e83e8","extractor":"music 1.0"}},"rhythm":{"beats_count":896,"beats_loudness":{"dmean":0.00756379729137,"dmean2":0.0125262802467,"dvar":0.0000779234615038,"dvar2":0.000231135461