{"lowlevel":{"average_loudness":0.924453020096,"barkbands":{"dmean":[0.00285221100785,0.00856196321547,0.00410683453083,0.00302923424169,0.0033833947964,0.00155766925309,0.00137004524004,0.000516664294992,0.000404385587899,0.000294728932204,0.000299781910144,0.000198326044483,0.000210784361116,0.000168457234395,0.000147120590555,0.000104280319647,0.0000995076552499,0.0000919919984881,0.000126383587485,0.000116673596494,0.000121756202134,0.000145888508996,0.000079812547483,0.0000309311217279,0.00000427171107731,0.0000860170257511,0.000369135552319],"dmean2":[0.00467660464346,0.0145379044116,0.00705905957147,0.00506873056293,0.00551278935745,0.00248211878352,0.00210155826062,0.000833308673464,0.000649363966659,0.000467343692435,0.000476441520732,0.000329444214003,0.00034032863914,0.000276973500149,0.00023818819318,0.000167580903508,0.000157334347023,0.000140283096698,0.000179235023097,0.000164210199728,0.000169418766745,0.000207019795198,0.000110933367978,0.0000432641209045,0.00000683599728291,0.000117086958198,0.00046391171054],"dvar":[0.0000234140316024,0.000152623004396,0.0000329783069901,0.0000260419255937,0.0000367413740605,0.0000100348470369,0.00000771072882344,0.00000121773496176,8.60092370658e-7,5.01210820403e-7,2.66923024128e-7,2.16209059545e-7,1.68446774751e-7,8.97527812072e-8,6.43705035941e-8,4.7844920914e-8,4.88023168543e-8,5.72380756125e-8,1.21881456039e-7,1.95727238861e-7,1.10672687015e-7,8.64647020649e-8,1.83959478761e-8,3.05596103978e-9,3.78163923787e-11,2.10808828172e-8,4.50609832114e-7],"dvar2":[0.0000571650052734,0.0004187595041,0.0000945728606894,0.0000691484310664,0.0000870302537805,0.0000225306866923,0.0000171276642504,0.00000326871190737,0.00000216588432522,0.0000011866272871,6.31853254163e-7,5.82498557833e-7,4.04679724397e-7,2.41194300088e-7,1.61866211101e-7,1.1846898218e-7,1.22105035416e-7,1.18891662737e-7,2.35329068232e-7,4.17934472807e-7,1.97264185431e-7,1.80655746362e-7,3.81855400633e-8,6.2028275849e-9,8.97704133251e-11,4.16096455069e-8,7.15894145742e-7],"max":[0.0748256072402,0.177799850702,0.070982478559,0.0950006246567,0.142159879208,0.165363237262,0.0739349871874,0.0424114875495,0.0415099039674,0.0203591603786,0.0120166521519,0.0180801749229,0.0133278034627,0.00838141702116,0.00825597438961,0.00800344441086,0.00481559196487,0.012202209793,0.0124856047332,0.0177777279168,0.0121478540823,0.00510630849749,0.00188697571866,0.000894707511179,0.0000931361428229,0.0022773835808,0.0215124431998],"mean":[0.00394310383126,0.0129382945597,0.00539297424257,0.00420988863334,0.0051237065345,0.00265562068671,0.00259956764057,0.000841124681756,0.000693973270245,0.000477694411529,0.00051049614558,0.000326652254444,0.000356015196303,0.000288306677248,0.000263148656813,0.00017296205624,0.000151371888933,0.000153407279868,0.000211940248846,0.000202692608582,0.000213692474063,0.000245470117079,0.000105254672235,0.0000397681324102,0.00000498147801409,0.000111803790787,0.000763668387663],"median":[0.00207050121389,0.00840924773365,0.00318414298818,0.00192405725829,0.00243602204137,0.00132104917429,0.00116523576435,0.000413827947341,0.000325870583765,0.000223590264795,0.000248965341598,0.000158785478561,0.000178881164175,0.000152393578901,0.000142721444718,0.00008560212882,0.0000596156787651,0.0000545044822502,0.0000683844700688,0.000061576400185,0.0000713770641596,0.0000924432824831,0.0000263194815489,0.0000113711757876,0.00000235703669205,0.0000265028102149,0.000351752707502],"min":[1.17604754396e-24,4.12134069045e-24,1.72146390307e-24,2.73511979514e-24,8.53922918354e-24,6.86276565359e-24,1.50067786791e-23,1.28481254985e-23,9.50278333622e-24,2.66009892583e-23,2.52837871841e-23,2.64528569576e-23,3.03365359454e-23,3.20797229084e-23,4.44444486437e-23,6.59244810715e-23,7.13048469221e-23,1.37853367457e-22,1.56152719026e-22,1.5643121848e-22,2.13631636313e-22,3.51525330339e-22,5.02494046771e-22,6.51687207698e-22,8.75241805431e-22,1.2480478262e-21,1.79898656585e-21],"var":[0.0000320863364323,0.000207623845199,0.0000422935881943,0.0000452221865999,0.0000624766253168,0.0000225205567403,0.000023174121452,0.00000215459658648,0.00000222467906497,9.03606348857e-7,6.61923479583e-7,4.31004821166e-7,3.74143269255e-7,1.66924053246e-7,1.37275279144e-7,1.01365841942e-7,8.10252629435e-8,1.25472354284e-7,3.06965517893e-7,4.61078940361e-7,3.12808026592e-7,1.76924487505e-7,2.9677833524e-8,4.77055195347e-9,4.89127037484e-11,3.44355335358e-8,0.00000139928874887]},"barkbands_crest":{"dmean":2.83991456032,"dmean2":4.76112651825,"dvar":5.8233757019,"dvar2":16.006811142,"max":24.6953620911,"mean":10.2722930908,"median":9.58147335052,"min":2.61917614937,"var":13.822634697},"barkbands_flatness_db":{"dmean":0.0270771812648,"dmean2":0.04093356058,"dvar":0.000527038879227,"dvar2":0.00115846970584,"max":0.336343705654,"mean":0.136044681072,"median":0.131253018975,"min":0.0266590639949,"var":0.0022228884045},"barkbands_kurtosis":{"dmean":6.20308923721,"dmean2":9.73701572418,"dvar":66.6487579346,"dvar2":161.298217773,"max":143.304718018,"mean":12.3963003159,"median":8.8861284256,"min":-1.79261469841,"var":167.803100586},"barkbands_skewness":{"dmean":0.714805901051,"dmean2":1.12606978416,"dvar":0.429950624704,"dvar2":1.05881845951,"max":10.1662521362,"mean":2.78956127167,"median":2.64315676689,"min":-2.24980115891,"var":1.74592757225},"barkbands_spread":{"dmean":8.3649559021,"dmean2":12.5436954498,"dvar":91.6545944214,"dvar2":197.321807861,"max":120.589653015,"mean":23.8087558746,"median":18.2814121246,"min":1.25416588783,"var":327.283691406},"dissonance":{"dmean":0.0186490751803,"dmean2":0.0310011766851,"dvar":0.000325053784763,"dvar2":0.000866915332153,"max":0.5,"mean":0.464488387108,"median":0.471090734005,"min":0.272923707962,"var":0.000706071790773},"dynamic_complexity":3.32773709297,"erbbands":{"dmean":[0.298956125975,1.87983870506,4.69013690948,6.86612558365,12.1719055176,10.5407056808,12.9700565338,12.4919338226,17.1081352234,21.2403850555,9.03400993347,9.7474527359,7.74122142792,8.69884872437,11.3500909805,7.41923809052,9.80676460266,7.09703588486,8.38262939453,6.65097284317,5.43856334686,5.59482240677,4.89815616608,5.74711322784,5.87061595917,5.5289683342,5.23388051987,5.42056560516,5.83566761017,3.057305336,2.05445027351,0.91774314642,0.392822116613,0.0784118026495,0.0254716090858,0.093558177352,0.17543078959,0.18022608757,0.0558650381863,0.00585568230599],"dmean2":[0.506459116936,3.20284557343,8.03851413727,11.5503063202,20.0553359985,17.2085723877,20.8151760101,20.0489597321,26.8443241119,32.9337081909,14.5509214401,15.5977525711,12.3730716705,13.8470640182,18.0136356354,12.2578277588,15.8952713013,11.632809639,13.5373039246,10.6761064529,8.68008613586,8.76330471039,7.51785564423,8.27806186676,8.23972320557,7.82054758072,7.38006401062,7.60371160507,8.3446559906,4.25343418121,2.86089587212,1.27559709549,0.558155953884,0.118799380958,0.040943633765,0.132731318474,0.238598331809,0.239309817553,0.0709156692028,0.00775840273127],"dvar":[0.248553469777,6.82050466537,40.2523460388,113.337409973,455.326049805,532.883666992,890.847351074,560.254699707,1586.37365723,1780.53393555,501.56036377,661.901733398,255.362045288,346.259216309,388.958709717,233.156890869,375.520843506,138.800735474,205.129974365,155.147888184,144.348587036,160.878601074,140.509521484,250.860275269,343.439239502,458.434020996,314.329101562,183.325805664,148.973129272,26.426733017,12.4129133224,2.545160532,0.560857117176,0.0150776086375,0.00123315514065,0.0298829209059,0.0891291871667,0.0916228070855,0.0169715322554,0.0000816192114144],"dvar2":[0.682695031166,18.675075531,114.394790649,309.174682617,1110.37304688,1251.26379395,1969.22338867,1341.89428711,3577.88183594,3609.5324707,1390.08081055,1673.46923828,636.349914551,793.997924805,949.270812988,625.390258789,925.118774414,349.80480957,527.122619629,411.077209473,355.231872559,397.205627441,298.445343018,479.299926758,672.48223877,973.710144043,623.641052246,371.172851562,317.428100586,55.4925918579,25.7120075226,5.11991500854,1.18849098682,0.0330802798271,0.00291010644287,0.0639804452658,0.17536200583,0.178133293986,0.0253914240748,0.000138643532409],"max":[7.65786218643,31.5470981598,77.6518783569,175.198760986,347.207550049,575.357116699,1140.11914062,865.651428223,1221.27490234,1297.32556152,1046.33288574,1288.93774414,445.82421875,491.214416504,448.30960083,496.797424316,585.381896973,331.631561279,318.15145874,538.250732422,451.386901855,330.840179443,439.701599121,657.306030273,811.718994141,921.664550781,754.376708984,378.695861816,207.768630981,73.5315856934,55.9394989014,28.934299469,10.6580286026,1.92722165585,0.53547757864,2.10513234138,5.41121768951,5.24420213699,5.17435598373,0.211530178785],"mean":[0.448175817728,2.57330870628,6.45406246185,10.0659999847,18.5003795624,14.6926088333,19.9430751801,21.4022445679,29.2430591583,40.7692832947,15.8308343887,17.0089359283,13.2269802094,16.0249614716,20.5588569641,13.303483963,17.2096977234,13.3072528839,15.3642511368,12.3109836578,9.16660308838,8.81603717804,8.27073669434,9.84910202026,10.1027126312,9.59075164795,8.73955917358,9.63145256042,9.77858829498,4.44916439056,2.7104279995,1.19278776646,0.49776366353,0.0965869873762,0.0308810099959,0.117463462055,0.229906857014,0.278773188591,0.105610005558,0.0158231873065],"median":[0.222311466932,1.61030805111,3.96679520607,5.65987634659,7.7579665184,6.72954893112,8.03544139862,11.0532579422,11.9199695587,17.8150749207,8.36089038849,7.67508935928,7.04501914978,8.8001909256,10.7582645416,7.36421632767,8.77560138702,7.51272630692,8.43001747131,6.85205221176,4.51122236252,3.57437300682,3.0460395813,3.31194329262,3.08096933365,2.94372820854,2.59167480469,3.57330846786,3.61573386192,1.38096141815,0.676178634167,0.316589087248,0.151534378529,0.0398119799793,0.0159341301769,0.0354910045862,0.0547893419862,0.0890715271235,0.0373395197093,0.0108233671635],"min":[1.34019957841e-22,6.58461011141e-22,1.78051071139e-21,8.28477525125e-21,1.91865431655e-20,2.71502325907e-20,5.68287427238e-20,6.29412520214e-20,1.80959575497e-19,3.50451584271e-19,2.74558952141e-19,2.33194182948e-19,6.10087215885e-19,7.74713890467e-19,1.6109872859e-18,1.4675835326e-18,1.65644727121e-18,1.55038338134e-18,1.84469320931e-18,2.7683652675e-18,3.20593450575e-18,4.63926107707e-18,7.05888720511e-18,6.18957911114e-18,8.77707203192e-18,7.99927244757e-18,8.82221127794e-18,1.18831658377e-17,1.2287207171e-17,1.01302617591e-17,1.35163876351e-17,1.06619858645e-17,1.11307623526e-17,8.20744237489e-18,6.21678053199e-18,4.02009281392e-18,2.16682939308e-18,1.04667815797e-18,2.33124958271e-19,2.76097281898e-20],"var":[0.339539885521,8.77107429504,53.3487434387,167.338897705,1073.74377441,726.098937988,1850.89489746,1194.97216797,3745.0378418,7666.94970703,779.125610352,1733.92614746,466.74230957,700.965698242,929.313049316,528.939453125,840.112243652,327.145141602,418.296661377,330.829772949,292.736602783,277.804046631,324.843017578,585.690856934,887.294372559,1060.51000977,697.887390137,461.411071777,298.20022583,50.604133606,20.0003623962,4.15344285965,0.796042978764,0.0212442670017,0.00169067492243,0.0422978922725,0.148194611073,0.186855837703,0.0510398633778,0.000271061435342]},"erbbands_crest":{"dmean":2.48072099686,"dmean2":3.90931105614,"dvar":5.61894035339,"dvar2":12.3964347839,"max":31.8888893127,"mean":8.17323303223,"median":6.98397779465,"min":2.22324323654,"var":19.9864559174},"erbbands_flatness_db":{"dmean":0.0192190557718,"dmean2":0.0266621503979,"dvar":0.000330852577463,"dvar2":0.000586813082919,"max":0.335945814848,"mean":0.108253568411,"median":0.101558938622,"min":0.0312596447766,"var":0.00149466842413},"erbbands_kurtosis":{"dmean":1.00874304771,"dmean2":1.54076933861,"dvar":2.26537466049,"dvar2":5.13597726822,"max":29.7132148743,"mean":0.662379622459,"median":-0.044358253479,"min":-1.76819980145,"var":5.63177490234},"erbbands_skewness":{"dmean":0.360667347908,"dmean2":0.542856633663,"dvar":0.110051125288,"dvar2":0.233830735087,"max":4.577272892,"mean":0.577034473419,"median":0.569798111916,"min":-3.33261728287,"var":0.620310723782},"erbbands_spread":{"dmean":10.0658407211,"dmean2":14.4645338058,"dvar":93.7468643188,"dvar2":178.301055908,"max":129.839599609,"mean":45.1117248535,"median":43.4772529602,"min":2.94642877579,"var":379.711853027},"gfcc":{"cov":[[21253.6601562,-163.736694336,-521.764892578,86.1398391724,-258.15032959,-4.02365589142,-54.7391014099,-167.878479004,132.284606934,-0.191461056471,0.947538793087,139.947692871,-223.976211548],[-163.736694336,961.944152832,-15.6475868225,-264.526245117,45.8511047363,-14.3520145416,6.04802322388,-46.6817092896,20.6934299469,35.7128944397,44.9938011169,-79.1494064331,83.8627319336],[-521.764892578,-15.6475868225,240.387664795,59.6699485779,-30.4820175171,53.7683181763,-35.1041259766,51.7257003784,-12.9307546616,6.52428817749,-3.913854599,-1.32415449619,1.67478442192],[86.1398391724,-264.526245117,59.6699485779,247.161483765,66.4177932739,-23.2168178558,40.9280090332,-6.44600439072,-12.4177160263,-29.5758972168,-34.3606491089,18.1854839325,-38.5618400574],[-258.15032959,45.8511047363,-30.4820175171,66.4177932739,138.948425293,20.0781669617,51.327041626,-16.2476596832,3.87114548683,-15.4520568848,-0.303429067135,-6.63160324097,6.54444694519],[-4.02365589142,-14.3520145416,53.7683181763,-23.2168178558,20.0781669617,158.703033447,-7.7677025795,35.4860534668,-21.3567428589,6.72431182861,6.22689628601,11.9377889633,7.85721445084],[-54.7391014099,6.04802322388,-35.1041259766,40.9280090332,51.327041626,-7.7677025795,139.019790649,4.15765714645,31.287776947,-14.7547121048,-3.4368751049,14.6272296906,-12.1638231277],[-167.878479004,-46.6817092896,51.7257003784,-6.44600439072,-16.2476596832,35.4860534668,4.15765714645,124.486541748,37.0975341797,21.8065032959,17.7582798004,1.74431324005,10.1738023758],[132.284606934,20.6934299469,-12.9307546616,-12.4177160263,3.87114548683,-21.3567428589,31.287776947,37.0975341797,101.537788391,41.3951759338,22.3499698639,13.4735546112,-8.75497436523],[-0.191461056471,35.7128944397,6.52428817749,-29.5758972168,-15.4520568848,6.72431182861,-14.7547121048,21.8065032959,41.3951759338,70.5316314697,40.7223587036,-0.0813164040446,12.7912750244],[0.947538793087,44.9938011169,-3.913854599,-34.3606491089,-0.303429067135,6.22689628601,-3.4368751049,17.7582798004,22.3499698639,40.7223587036,60.5241584778,22.673368454,14.1972579956],[139.947692871,-79.1494064331,-1.32415449619,18.1854839325,-6.63160324097,11.9377889633,14.6272296906,1.74431324005,13.4735546112,-0.0813164040446,22.673368454,63.1825752258,5.38994169235],[-223.976211548,83.8627319336,1.67478442192,-38.5618400574,6.54444694519,7.85721445084,-12.1638231277,10.1738023758,-8.75497436523,12.7912750244,14.1972579956,5.38994169235,63.7139129639]],"icov":[[0.0000647820270387,-0.000113808884635,0.000330228358507,-0.000394511182094,0.00045623088954,-0.000294559606118,0.00013016576122,0.000084940729721,-0.000272987381322,0.000254428130575,-0.000205864489544,0.0000305928406306,0.000085522311565],[-0.000113808884635,0.00286845793016,-0.00233324966393,0.00401256140321,-0.00273858197033,0.00130889902357,-0.00127262424212,0.00187564920634,-0.000681567355059,0.000643089122605,-0.00166003569029,0.00328258913942,-0.00223891553469],[0.000330228358507,-0.00233324966393,0.00955348554999,-0.0085246488452,0.00788479018956,-0.00569609878585,0.0025483649224,-0.0015987114748,-0.00264375563711,0.00370568339713,-0.00334507203661,0.0022197230719,-0.00109384616371],[-0.000394511182094,0.00401256140321,-0.0085246488452,0.0188516229391,-0.01594777219,0.0100369341671,-0.00291764456779,-0.00231995875947,0.00925577990711,-0.0121101252735,0.013446861878,-0.00992352049798,0.0067254002206],[0.00045623088954,-0.00273858197033,0.00788479018956,-0.01594777219,0.0245925616473,-0.0121099129319,-0.00113343389239,0.00586415408179,-0.0123887276277,0.0176793821156,-0.0176994223148,0.0151039026678,-0.00942186452448],[-0.000294559606118,0.00130889902357,-0.00569609878585,0.0100369341671,-0.0121099129319,0.0148407043889,-0.00100968685001,-0.0059748031199,0.0115171698853,-0.0132046695799,0.0120385643095,-0.0117130717263,0.00618305057287],[0.00013016576122,-0.00127262424212,0.0025483649224,-0.00291764456779,-0.00113343389239,-0.00100968685001,0.0109446123242,-0.00131307705306,-0.0040169605054,0.00363470823504,0.000229696524912,-0.00278486451134,0.00174261268694],[0.000084940729721,0.00187564920634,-0.0015987114748,-0.00231995875947,0.00586415408179,-0.0059748031199,-0.00131307705306,0.0157944727689,-0.0115983458236,0.0101133342832,-0.0119416005909,0.0118739539757,-0.00813823100179],[-0.000272987381322,-0.000681567355059,-0.00264375563711,0.00925577990711,-0.0123887276277,0.0115171698853,-0.0040169605054,-0.0115983458236,0.0306053292006,-0.028366535902,0.0195474587381,-0.0199479460716,0.0137784071267],[0.000254428130575,0.000643089122605,0.00370568339713,-0.0121101252735,0.0176793821156,-0.0132046695799,0.00363470823504,0.0101133342832,-0.028366535902,0.055460665375,-0.0425675176084,0.029843814671,-0.016559092328],[-0.000205864489544,-0.00166003569029,-0.00334507203661,0.013446861878,-0.0176994223148,0.0120385643095,0.000229696524912,-0.0119416005909,0.0195474587381,-0.0425675176084,0.059215426445,-0.0360064543784,0.0130549129099],[0.0000305928406306,0.00328258913942,0.0022197230719,-0.00992352049798,0.0151039026678,-0.0117130717263,-0.00278486451134,0.0118739539757,-0.0199479460716,0.029843814671,-0.0360064543784,0.045585360378,-0.0173778012395],[0.000085522311565,-0.00223891553469,-0.00109384616371,0.0067254002206,-0.00942186452448,0.00618305057287,0.00174261268694,-0.00813823100179,0.0137784071267,-0.016559092328,0.0130549129099,-0.0173778012395,0.0286582317203]],"mean":[3.67541146278,81.6425933838,-65.4597625732,11.1072149277,-23.5736980438,-13.3419752121,0.0188697148114,-21.8357963562,-0.0587551034987,-3.09765815735,-9.80944442749,2.02045345306,-14.2083835602]},"hfc":{"dmean":57.3647041321,"dmean2":88.1412353516,"dvar":4959.05126953,"dvar2":11867.9306641,"max":1122.53503418,"mean":167.226745605,"median":141.913360596,"min":1.07237183536e-16,"var":15248.1201172},"melbands":{"dmean":[0.00248372647911,0.00237801135518,0.00130605022423,0.000790718244389,0.000438972812844,0.000285724119749,0.000248789641773,0.000205139964237,0.0000712056207703,0.0000602793115831,0.0000404525126214,0.0000370869929611,0.0000443235621788,0.0000241488996835,0.0000222565467993,0.0000197825684154,0.0000137005745273,0.0000152777283802,0.0000112432062451,0.00000783031828178,0.00000651787831885,0.0000061850792008,0.00000505369507664,0.00000450069683211,0.00000489251215186,0.00000524720735484,0.00000370617772205,0.00000394358630729,0.00000373634520656,0.00000284822476715,0.00000355342444891,0.00000415596969106,0.00000185417536613,0.00000175859406681,0.00000132532443331,7.90695651176e-7,5.01487477322e-7,3.16807927447e-7,1.45421267916e-7,3.93873165194e-8],"dmean2":[0.00420230859891,0.00405163876712,0.00217114132829,0.00129612511955,0.00070786307333,0.000454660941614,0.000388887652662,0.000319340848364,0.000114627742732,0.0000970967303147,0.000064802756242,0.0000591987554799,0.000070176232839,0.0000402796758863,0.0000365652485925,0.0000320156432281,0.00002272574784,0.0000251513665717,0.0000182508265425,0.0000126823933897,0.0000105225171865,0.00000982278561423,0.00000804181945568,0.00000687154624757,0.00000721980768503,0.00000775105127104,0.00000520778166901,0.0000058189293668,0.0000054117244872,0.00000410655820815,0.00000514002385898,0.00000608580376138,0.0000026636118946,0.00000251812343777,0.00000188470903595,0.00000112168299893,7.13923043349e-7,4.56347947875e-7,2.14374068719e-7,6.36349426486e-8],"dvar":[0.0000146275770021,0.00000954473762249,0.00000408951473219,0.00000190463993022,0.00000105622780211,2.90086688892e-7,3.11778848072e-7,1.61787752972e-7,2.710676128e-8,2.68084967558e-8,7.43444505957e-9,7.15518089223e-9,6.05627459294e-9,3.96246413459e-9,1.86746329511e-9,1.83460480141e-9,5.57050683359e-10,7.54212969856e-10,3.72522984682e-10,2.4657526021e-10,2.16495835148e-10,1.91202442767e-10,1.48737369643e-10,1.48610013184e-10,1.90468640859e-10,2.29431307286e-10,1.89955454144e-10,2.62904559234e-10,2.25209323412e-10,6.75789840754e-11,7.36289570979e-11,8.69464916731e-11,1.09390422068e-11,9.47250351074e-12,5.54256553847e-12,1.91044641044e-12,8.25015836897e-13,4.0267713209e-13,6.94202114955e-14,3.21808928958e-15],"dvar2":[0.0000399068230763,0.0000263717502094,0.0000106828920252,0.0000046002446652,0.00000234117987929,6.80616381032e-7,7.17320915555e-7,3.36189458494e-7,7.23006294834e-8,6.89976999979e-8,1.84577650941e-8,1.65042521871e-8,1.428086982e-8,1.09697868567e-8,4.693863076e-9,4.47210890542e-9,1.42301226358e-9,2.01672412103e-9,9.42727784725e-10,6.40763386794e-10,5.46042877581e-10,4.78015849126e-10,3.60333957117e-10,3.06864894606e-10,3.8530137414e-10,4.89163487494e-10,3.63589769403e-10,5.9468419078e-10,4.96331198363e-10,1.33250174783e-10,1.58764890124e-10,1.92272309185e-10,2.33096458802e-11,2.07309620859e-11,1.18872828248e-11,4.01174623035e-12,1.72534751243e-12,8.74864742283e-13,1.53528286004e-13,7.66248789273e-15],"max":[0.0587496683002,0.0338693410158,0.0372346006334,0.0291184522212,0.0301535241306,0.022691398859,0.0163070037961,0.011926067993,0.00721461791545,0.00826017558575,0.00254209991544,0.00217556534335,0.00195478298701,0.00259066536091,0.00206897966564,0.00172472349368,0.000667587446515,0.000713535700925,0.000595321704168,0.000535407103598,0.000538915861398,0.000368232314941,0.000291568489047,0.000647276407108,0.000525447539985,0.00051920034457,0.000579326821025,0.000650674046483,0.000686096202116,0.000396870629629,0.000228865741519,0.000176295012352,0.0000741673939046,0.0000473880536447,0.0000375123272534,0.0000229310971918,0.000015574723875,0.00000996586823021,0.00000425580765295,7.7034997048e-7],"mean":[0.00392455095425,0.00349962152541,0.00211610086262,0.00120725762099,0.000678188109305,0.000504053430632,0.000446901714895,0.000385347462725,0.000115323244245,0.000101842124423,0.0000656583870295,0.0000650682486594,0.0000772926505306,0.0000384425584343,0.0000368367182091,0.0000336827906722,0.0000235802435782,0.000025552484658,0.0000197547051357,0.000013129693798,0.0000100967763501,0.00000925672975427,0.00000765247114032,0.00000730780129743,0.00000797805205366,0.00000840309530759,0.00000622939978712,0.00000645246973363,0.00000574226987737,0.00000472090550829,0.00000600906378168,0.00000665549623591,0.00000289325112135,0.00000232409888667,0.00000169887846369,0.00000100886086329,6.28046507245e-7,3.94082604771e-7,1.74054861191e-7,4.48976607004e-8],"median":[0.00250295666046,0.00229635485448,0.00116469827481,0.000562434317544,0.000283109518932,0.000263185385847,0.000195778702619,0.000164407203556,0.0000581673630222,0.0000445380028395,0.0000336244775099,0.0000339521102433,0.0000379298180633,0.0000187036348507,0.0000189144902834,0.0000170901676029,0.000012638568478,0.000013167373254,0.0000107126106741,0.00000666300365992,0.00000449796698376,0.00000361763159162,0.00000277556364381,0.00000254414771916,0.00000259275429926,0.00000257652732216,0.0000017587401544,0.00000194549738808,0.00000159096305197,0.00000151530434778,0.00000225111625696,0.00000240898248194,0.00000100940610537,6.20210755642e-7,4.0377329924e-7,2.47899691885e-7,1.67961786701e-7,1.15100448284e-7,5.60136825811e-8,2.05814085774e-8],"min":[1.23011616901e-24,8.11098696924e-25,1.36119822741e-24,1.73432450519e-24,2.7145524164e-24,1.4554349595e-24,2.90552893624e-24,3.24170043327e-24,1.87715230803e-24,1.35312403883e-24,3.32140417812e-24,3.05960569837e-24,4.27555155894e-24,3.91725251351e-24,2.90188163784e-24,3.67445572081e-24,2.71869610552e-24,2.93688536836e-24,3.19569268478e-24,3.71669764457e-24,3.62007953862e-24,3.96646402336e-24,5.54371291169e-24,4.88625453961e-24,4.62817711674e-24,5.6836221264e-24,4.53025699587e-24,4.65450811047e-24,3.71979747349e-24,5.00393207628e-24,6.3486227976e-24,6.06809597109e-24,6.52772735524e-24,5.05417068303e-24,6.548554072e-24,5.70313105102e-24,6.43028055091e-24,6.95871322777e-24,6.20166274412e-24,7.27023992127e-24],"var":[0.0000198086327146,0.0000136127100632,0.0000082744500105,0.00000353633595296,0.00000196747350856,6.46462865461e-7,7.41930136883e-7,6.59069200992e-7,4.57406805765e-8,6.56001972743e-8,1.29523671788e-8,1.3814219102e-8,1.55092916287e-8,6.4688001622e-9,5.14732168e-9,3.71359099027e-9,1.1142914369e-9,1.30756350192e-9,8.00987720595e-10,5.0014370423e-10,4.0086164943e-10,3.14661741108e-10,2.63011501467e-10,3.15836246045e-10,3.97767985216e-10,5.15222364772e-10,4.70069927427e-10,5.29787047565e-10,3.84585890911e-10,1.67254390893e-10,1.63303037759e-10,1.524445431e-10,2.44137349226e-11,1.49166911462e-11,8.35195020782e-12,2.94723490404e-12,1.23869751262e-12,5.42342104386e-13,9.22127229176e-14,4.08959958319e-15]},"melbands_crest":{"dmean":4.02018737793,"dmean2":6.76497554779,"dvar":10.998052597,"dvar2":30.5526885986,"max":34.3934288025,"mean":16.1620082855,"median":15.7029657364,"min":1.00139987469,"var":26.2272014618},"melbands_flatness_db":{"dmean":0.0346844308078,"dmean2":0.0526239462197,"dvar":0.000827441283036,"dvar2":0.00183064595331,"max":0.498536378145,"mean":0.249794483185,"median":0.247940719128,"min":-1.46687000324e-7,"var":0.00400367518887},"melbands_kurtosis":{"dmean":11.6701469421,"dmean2":19.0194606781,"dvar":210.664199829,"dvar2":544.574707031,"max":275.367706299,"mean":24.3827438354,"median":17.670791626,"min":-1.79922783375,"var":543.193603516},"melbands_skewness":{"dmean":0.946943223476,"dmean2":1.51265466213,"dvar":0.728091418743,"dvar2":1.83622193336,"max":13.3898897171,"mean":3.65627217293,"median":3.46798825264,"min":-0.742050647736,"var":2.95752763748},"melbands_spread":{"dmean":4.89994859695,"dmean2":7.81018352509,"dvar":57.0315437317,"dvar2":124.000274658,"max":173.240936279,"mean":13.4721851349,"median":9.97034072876,"min":0.789445579052,"var":240.926895142},"mfcc":{"cov":[[10695.5439453,653.523376465,-253.97605896,403.957641602,-263.37210083,296.51373291,-246.590896606,142.499313354,-192.603546143,142.264389038,-74.2104187012,77.3913650513,-95.007774353],[653.523376465,1328.93603516,-42.8741455078,-97.7196884155,-45.7045059204,39.7416381836,-5.28932762146,-102.634162903,31.8371486664,-16.4666004181,68.3571014404,-27.1495761871,51.2334518433],[-253.97605896,-42.8741455078,280.708679199,-30.1742076874,41.6928367615,-31.1632118225,4.98020935059,2.89732265472,5.73892116547,-4.10628080368,2.89549517632,7.18176841736,-5.8274102211],[403.957641602,-97.7196884155,-30.1742076874,284.528076172,-8.88854503632,37.9764633179,-5.29884910583,36.1818847656,7.85896587372,0.668068110943,-7.19226026535,10.1542272568,-17.6429653168],[-263.37210083,-45.7045059204,41.6928367615,-8.88854503632,120.973999023,11.4207210541,26.4582080841,-1.86835932732,7.22586727142,-8.12352657318,0.703670561314,-3.58413386345,3.81315422058],[296.51373291,39.7416381836,-31.1632118225,37.9764633179,11.4207210541,132.553649902,28.3055553436,21.0673561096,-13.2689399719,1.71366512775,-18.1655578613,-5.60270547867,-7.06256246567],[-246.590896606,-5.28932762146,4.98020935059,-5.29884910583,26.4582080841,28.3055553436,95.3225860596,23.779291153,20.025554657,-24.4182090759,-0.995012998581,-6.67441987991,1.54034507275],[142.499313354,-102.634162903,2.89732265472,36.1818847656,-1.86835932732,21.0673561096,23.779291153,103.904685974,24.5875167847,3.52643251419,-6.07625150681,21.8065376282,2.07615089417],[-192.603546143,31.8371486664,5.73892116547,7.85896587372,7.22586727142,-13.2689399719,20.025554657,24.5875167847,72.9325790405,7.91795921326,17.9524974823,4.41506242752,10.2972278595],[142.264389038,-16.4666004181,-4.10628080368,0.668068110943,-8.12352657318,1.71366512775,-24.4182090759,3.52643251419,7.91795921326,77.8626174927,14.9282817841,12.2196445465,8.96047496796],[-74.2104187012,68.3571014404,2.89549517632,-7.19226026535,0.703670561314,-18.1655578613,-0.995012998581,-6.07625150681,17.9524974823,14.9282817841,64.2643966675,21.8527297974,12.7188367844],[77.3913650513,-27.1495761871,7.18176841736,10.1542272568,-3.58413386345,-5.60270547867,-6.67441987991,21.8065376282,4.41506242752,12.2196445465,21.8527297974,64.7584075928,25.596414566],[-95.007774353,51.2334518433,-5.8274102211,-17.6429653168,3.81315422058,-7.06256246567,1.54034507275,2.07615089417,10.2972278595,8.96047496796,12.7188367844,25.596414566,67.0333862305]],"icov":[[0.000142813980347,-0.000130913889734,0.0000516772524861,-0.000148067556438,0.000124895726913,-0.000174133689143,0.000293452758342,-0.000339476042427,0.000394126254832,-0.000229827026487,0.000171912484802,-0.000218896107981,0.000267456140136],[-0.000130913889734,0.00116793438792,-0.0000700250893715,0.000424660509452,0.000497640401591,-0.000815329956822,0.0000750485778553,0.00134151591919,-0.00120904506184,0.000889650080353,-0.00141334393993,0.000949286448304,-0.00115750893019],[0.0000516772524861,-0.0000700250893715,0.00400415528566,0.000303151115077,-0.00145478046034,0.00102898303885,0.00000653014967611,-0.000416740746005,0.000120828808576,-0.000106704239442,0.000364495150279,-0.000959991826676,0.00105168099981],[-0.000148067556438,0.000424660509452,0.000303151115077,0.00423409789801,0.0000903961481526,-0.00122283061501,0.00076283281669,-0.000393007998355,-0.00146590382792,0.000825923518278,-0.000307197216898,-0.000515395775437,0.000836861960124],[0.000124895726913,0.000497640401591,-0.00145478046034,0.0000903961481526,0.0099440254271,-0.00168217299506,-0.00180563551839,0.00127992383204,-0.000774840125814,0.000490165140945,-0.000692310917657,0.000623040948994,-0.00110008940101],[-0.000174133689143,-0.000815329956822,0.00102898303885,-0.00122283061501,-0.00168217299506,0.0109329689294,-0.00420491816476,-0.0020338606555,0.00340426201001,-0.00240657990798,0.00277711963281,0.00000915507553145,0.000819478416815],[0.000293452758342,0.0000750485778553,0.00000653014967611,0.00076283281669,-0.00180563551839,-0.00420491816476,0.0159743316472,-0.00329269934446,-0.00336777488701,0.00495944358408,-0.00163792434614,0.00194457243197,-0.000622853869572],[-0.000339476042427,0.00134151591919,-0.000416740746005,-0.000393007998355,0.00127992383204,-0.0020338606555,-0.00329269934446,0.0154998479411,-0.00656854081899,0.000311256852001,0.00244627613574,-0.00506346859038,0.0000990993503365],[0.000394126254832,-0.00120904506184,0.000120828808576,-0.00146590382792,-0.000774840125814,0.00340426201001,-0.00336777488701,-0.00656854081899,0.020547920838,-0.00349880731665,-0.00361343007535,0.00225835083984,-0.00107454892714],[-0.000229827026487,0.000889650080353,-0.000106704239442,0.000825923518278,0.000490165140945,-0.00240657990798,0.00495944358408,0.000311256852001,-0.00349880731665,0.0164619125426,-0.00416502403095,0.000133418041514,-0.00212633935735],[0.000171912484802,-0.00141334393993,0.000364495150279,-0.000307197216898,-0.000692310917657,0.00277711963281,-0.00163792434614,0.00244627613574,-0.00361343007535,-0.00416502403095,0.0228882469237,-0.008968770504,0.00176226673648],[-0.000218896107981,0.000949286448304,-0.000959991826676,-0.000515395775437,0.000623040948994,0.00000915507553145,0.00194457243197,-0.00506346859038,0.00225835083984,0.000133418041514,-0.008968770504,0.0247492026538,-0.00929062534124],[0.000267456140136,-0.00115750893019,0.00105168099981,0.000836861960124,-0.00110008940101,0.000819478416815,-0.000622853869572,0.0000990993503365,-0.00107454892714,-0.00212633935735,0.00176226673648,-0.00929062534124,0.0203160494566]],"mean":[-660.098754883,140.303100586,11.9433450699,37.6370429993,-4.46165323257,24.5545253754,-4.39466905594,6.29774475098,-1.40102910995,4.0375752449,1.48252463341,2.60377001762,0.100760169327]},"pitch_salience":{"dmean":0.0796669796109,"dmean2":0.132522150874,"dvar":0.00436712801456,"dvar2":0.0117750400677,"max":0.996021509171,"mean":0.563211143017,"median":0.573139429092,"min":0.104925125837,"var":0.0113069973886},"silence_rate_20dB":{"dmean":0,"dmean2":0,"dvar":0,"dvar2":0,"max":1,"mean":1,"median":1,"min":1,"var":0},"silence_rate_30dB":{"dmean":0.0415127128363,"dmean2":0.0830344557762,"dvar":0.03978606686,"dvar2":0.0985299497843,"max":1,"mean":0.962946891785,"median":1,"min":0,"var":0.0356805101037},"silence_rate_60dB":{"dmean":0.00173875247128,"dmean2":0.0034778828267,"dvar":0.00173556839582,"dvar2":0.00368340313435,"max":1,"mean":0.0574812553823,"median":0,"min":0,"var":0.0541764497757},"spectral_centroid":{"dmean":240.867172241,"dmean2":353.966796875,"dvar":81896.2578125,"dvar2":159329.703125,"max":11857.9833984,"mean":993.564147949,"median":779.224975586,"min":187.951873779,"var":753453.9375},"spectral_complexity":{"dmean":3.86915898323,"dmean2":5.46484088898,"dvar":20.6020088196,"dvar2":33.0117492676,"max":59,"mean":17.3238067627,"median":16,"min":0,"var":108.634635925},"spectral_contrast_coeffs":{"dmean":[0.0567273162305,0.047914493829,0.0351601913571,0.026296461001,0.0188237093389,0.0344092324376],"dmean2":[0.0951637104154,0.0792167708278,0.0589829869568,0.0442086234689,0.0309052653611,0.0536566488445],"dvar":[0.00198098272085,0.00141542882193,0.000772017985582,0.000432220229413,0.000240635854425,0.000903743610252],"dvar2":[0.00543242366984,0.00384494732134,0.00210218620487,0.00119566521607,0.000617101963144,0.00219008559361],"max":[-0.359940946102,-0.452326327562,-0.571927070618,-0.606350004673,-0.662698924541,-0.436208754778],"mean":[-0.66966676712,-0.749626398087,-0.808857560158,-0.821843087673,-0.832995712757,-0.70905739069],"median":[-0.672692060471,-0.753160655499,-0.812816977501,-0.823936343193,-0.832826495171,-0.703048110008],"min":[-0.980614364147,-0.985316455364,-0.972653031349,-0.970060169697,-0.984879851341,-0.963871657848],"var":[0.00649887695909,0.00470701605082,0.00251014879905,0.00152209948283,0.000932267808821,0.00382426893339]},"spectral_contrast_valleys":{"dmean":[0.394365221262,0.351593703032,0.315968394279,0.293772608042,0.324974685907,0.536348760128],"dmean2":[0.654736995697,0.57152569294,0.506812512875,0.450682431459,0.432612389326,0.778371751308],"dvar":[0.108230829239,0.0897735282779,0.0794142708182,0.0830344706774,0.110688567162,0.22540833056],"dvar2":[0.264976918697,0.208445444703,0.178646758199,0.168568059802,0.187645941973,0.505536675453],"max":[-4.89600563049,-4.67179536819,-5.36285066605,-5.89726877213,-5.23741817474,-8.61614513397],"mean":[-6.73496437073,-6.58515167236,-7.30861520767,-7.71968698502,-7.78589773178,-10.8280992508],"median":[-6.42119503021,-6.28279304504,-6.99619245529,-7.41559028625,-7.54483985901,-10.5258760452],"min":[-28.0502376556,-27.9285240173,-27.7324295044,-27.5454177856,-27.4785041809,-27.389509201],"var":[3.15733885765,3.19620370865,3.04122662544,3.00994086266,3.04400229454,2.709182024]},"spectral_decrease":{"dmean":4.0710603777e-9,"dmean2":6.67655264408e-9,"dvar":2.31074790088e-17,"dvar2":5.90601994279e-17,"max":1.01625090565e-8,"mean":-9.03193964064e-9,"median":-7.86632892158e-9,"min":-5.58580630639e-8,"var":4.73750358134e-17},"spectral_energy":{"dmean":0.0164177976549,"dmean2":0.026313977316,"dvar":0.000373995309928,"dvar2":0.000894931261428,"max":0.230137526989,"mean":0.0492565855384,"median":0.0456192903221,"min":9.93575020572e-21,"var":0.000948038359638},"spectral_energyband_high":{"dmean":0.000815302308183,"dmean2":0.00102885439992,"dvar":0.00000213926477954,"dvar2":0.00000361925867765,"max":0.0445000380278,"mean":0.00150579400361,"median":0.000569560565054,"min":7.07549454904e-21,"var":0.00000649133335173},"spectral_energyband_low":{"dmean":0.0123575292528,"dmean2":0.0208617337048,"dvar":0.000249949313002,"dvar2":0.00066685769707,"max":0.199901685119,"mean":0.0227004755288,"median":0.0177329722792,"min":1.6601012926e-23,"var":0.000398558331653},"spectral_energyband_middle_high":{"dmean":0.00107220909558,"dmean2":0.00157406367362,"dvar":0.00000233438777286,"dvar2":0.00000494107734994,"max":0.0271696932614,"mean":0.00296126911417,"median":0.00207929802127,"min":1.08020912368e-21,"var":0.00000891223407962},"spectral_energyband_middle_low":{"dmean":0.0069089345634,"dmean2":0.0109379775822,"dvar":0.0000921462633414,"dvar2":0.000219445137191,"max":0.181811109185,"mean":0.0162095800042,"median":0.0119596552104,"min":2.00265454814e-22,"var":0.000249958247878},"spectral_entropy":{"dmean":0.20726723969,"dmean2":0.290803313255,"dvar":0.0391179993749,"dvar2":0.0719703510404,"max":9.82050418854,"mean":7.58367919922,"median":7.63229894638,"min":5.48921489716,"var":0.186066970229},"spectral_flux":{"dmean":0.0283787809312,"dmean2":0.0453839041293,"dvar":0.000944820523728,"dvar2":0.00211558421142,"max":0.390932172537,"mean":0.115266419947,"median":0.113044641912,"min":6.40990177603e-11,"var":0.00292963930406},"spectral_kurtosis":{"dmean":2.44730734825,"dmean2":3.44932413101,"dvar":9.63391304016,"dvar2":20.3601818085,"max":68.0184936523,"mean":10.4858579636,"median":9.185962677,"min":-1.2801091671,"var":26.932806015},"spectral_rms":{"dmean":0.00109382322989,"dmean2":0.0017283144407,"dvar":0.00000124199846141,"dvar2":0.00000285726059701,"max":0.01498413831,"mean":0.00648673763499,"median":0.00667132856324,"min":3.11342488249e-12,"var":0.00000597732878305},"spectral_rolloff":{"dmean":5877.69384766,"dmean2":11120.6152344,"dvar":66145196,"dvar2":159522608,"max":22006.9335938,"mean":10354.0908203,"median":5124.90234375,"min":64.599609375,"var":95842856},"spectral_skewness":{"dmean":0.262889325619,"dmean2":0.358666628599,"dvar":0.0798079371452,"dvar2":0.14720363915,"max":6.15710926056,"mean":2.23776221275,"median":2.12705254555,"min":-0.071220934391,"var":0.351640373468},"spectral_spread":{"dmean":601412.625,"dmean2":821531.5,"dvar":474377715712,"dvar2":821844377600,"max":43384664,"mean":5271645.5,"median":5107912,"min":1481883,"var":6141594566660},"spectral_strongpeak":{"dmean":3.42445993423,"dmean2":6.50136852264,"dvar":222.877166748,"dvar2":612.221374512,"max":194.486312866,"mean":2.50214362144,"median":0.286423236132,"min":0,"var":158.459777832},"zerocrossingrate":{"dmean":0.039629843086,"dmean2":0.0517140328884,"dvar":0.00110067473724,"dvar2":0.00182405242231,"max":0.8623046875,"mean":0.245960950851,"median":0.23876953125,"min":0.02685546875,"var":0.00733922887594}},"metadata":{"audio_properties":{"analysis_sample_rate":44100,"bit_rate":320000,"codec":"mp3","downmix":"mix","equal_loudness":0,"length":213.655517578,"lossless":false,"md5_encoded":"c2f090ccc420a954dbe0e37fc6352f28","replay_gain":-10.4876003265,"sample_rate":44100},"tags":{"album":["Say You Will"],"album artist credit":["Fleetwood Mac"],"albumartist":["Fleetwood Mac"],"albumartistsort":["Fleetwood Mac"],"artist":["Fleetwood Mac"],"artist credit":["Fleetwood Mac"],"artistsort":["Fleetwood Mac"],"bpm":["0"],"catalognumber":["48467-2"],"date":["2003-04-15"],"discnumber":["1/2"],"file_name":"13 - Fleetwood Mac - Steal Your Heart Away.mp3","genre":["Alternative Pop / Rock"],"label":["Reprise Records"],"language":["eng"],"length":["213655"],"media":["CD"],"musicbrainz album release country":["US"],"musicbrainz album status":["Official"],"musicbrainz album type":["album"],"musicbrainz_albumartistid":["bd13909f-1c29-4c27-a874-d4aaf27c5b1a"],"musicbrainz_albumid":["216b5ba1-0018-3b91-842f-6bdb2cf0a81f"],"musicbrainz_artistid":["bd13909f-1c29-4c27-a874-d4aaf27c5b1a"],"musicbrainz_recordingid":["432195ce-aa68-4486-ac28-19f524e2671a"],"musicbrainz_releasegroupid":["450b9699-fcc4-3c6f-9a91-9c4cf86d6522"],"originaldate":["2003-04-15"],"replaygain_album_gain":["0.00 dB"],"replaygain_album_peak":["0.000000"],"replaygain_track_gain":["0.00 dB"],"replaygain_track_peak":["0.000000"],"script":["Latn"],"title":["Steal Your Heart Away"],"tracknumber":["13/22"]},"version":{"essentia":"2.1-beta1","essentia_build_sha":"ca57ba49d9b1854bd80e60cf9ccf267278fb7d6b","essentia_git_sha":"v2.1_beta1-28-g21ef5f4-dirty","extractor":"music 1.0"}},"rhythm":{"beats_count":404,"beats_loudness":{"dmean":0.0221144631505,"dmean2":0.0388803333044,"dvar":0.000432075350545,"dvar2":0.00123845948838,"max":0.173291891813,"mean":0.0678790509701,"median":0.0678001269698,"min":0,"var":0.000925572705455},"beats_loudness_band_ratio":{"dmean":[0.186160370708,0.0890430957079,0.0545380599797,0.0257561393082,0.0268801357597,0.11020796746],"dmean2":[0.3331247568