{"lowlevel":{"average_loudness":0.842178463936,"barkbands":{"dmean":[0.0000313125674438,0.000755978748202,0.000669985136483,0.000582880107686,0.00188307987992,0.000464944518171,0.000508966797497,0.000474893458886,0.000585748988669,0.000409483676776,0.000368217210053,0.000514989660587,0.000501545378938,0.000783797469921,0.000774627667852,0.00072217656998,0.000920479476918,0.000383115460863,0.000136068149004,0.0000896776400623,0.0000552078490728,0.0000445244950242,0.0000374676346837,0.0000426479891757,0.0000440687545051,0.0000119875840028,7.32664040548e-10],"dmean2":[0.0000480644885101,0.00122158566955,0.00117556762416,0.00100522348657,0.00302116922103,0.000771536899265,0.000820703746285,0.000736146757845,0.000894930097274,0.000621707527898,0.000572196440771,0.000804269569926,0.000774017185904,0.00121782138012,0.00120587099809,0.00112983770669,0.00149924214929,0.000611538591329,0.000212453043787,0.000137458860991,0.0000852001903695,0.0000672673268127,0.0000564242545806,0.0000664370163577,0.0000563012981729,0.0000168454371305,1.36467148693e-9],"dvar":[1.43239986539e-9,0.0000027511468943,0.00000168563622083,0.00000138718473863,0.0000200262002181,0.00000156125224748,0.00000196101632355,0.00000202773048841,0.00000184840530437,6.51706386634e-7,6.83909831878e-7,0.00000126854240534,0.00000157479257723,0.00000293342282021,0.0000029017619454,0.00000258845557255,0.00000312469774144,5.91230730151e-7,5.94502331808e-8,3.67701709081e-8,1.23207302138e-8,1.43354279558e-8,2.71704809762e-8,8.34796765048e-8,4.15608880644e-8,2.93264434958e-9,1.30984463588e-18],"dvar2":[3.09186720671e-9,0.00000644709871267,0.00000480536527903,0.00000380578126169,0.0000499460184074,0.00000383035467166,0.00000429642977906,0.00000435158835899,0.00000413803854826,0.0000014066923768,0.00000149458026044,0.00000302860735246,0.00000348777030013,0.00000693424999554,0.0000066811085162,0.00000601857891525,0.00000819384240458,0.00000153755979682,1.40432959483e-7,7.84559048839e-8,2.80583094536e-8,2.95512325721e-8,5.71602605248e-8,2.03549191724e-7,7.21371407053e-8,6.35040242614e-9,4.18624155253e-18],"max":[0.000633077521343,0.0138496067375,0.0136443004012,0.0144446790218,0.0411941297352,0.0250427722931,0.0274819508195,0.0305812433362,0.0348341017962,0.0148765724152,0.0167924761772,0.0245536416769,0.02109281905,0.0426711589098,0.0328610390425,0.0450835451484,0.0217459667474,0.0190356504172,0.0069161625579,0.00631534401327,0.00213141040877,0.00450593000278,0.0047649750486,0.0088956663385,0.00509592192248,0.00177560816519,1.3181939984e-8],"mean":[0.0000818048865767,0.000770859536715,0.000842928013299,0.000757598958444,0.0021350462921,0.000564631074667,0.000627227826044,0.000627138128038,0.00103057094384,0.000710375665221,0.000559113163035,0.000870542658959,0.000714857247658,0.00123389682267,0.00128794915508,0.00125671748538,0.00155479134992,0.000674193026498,0.000238661814365,0.000144689096487,0.0000845675167511,0.0000618832418695,0.0000493138868478,0.0000472394422104,0.0000626717810519,0.0000175232707988,6.08477046526e-10],"median":[0.0000713777990313,0.00022328873456,0.000401806843001,0.0003680937225,0.000792907201685,0.000185376615264,0.000175880428287,0.000153898232384,0.000368465320207,0.000278117018752,0.000199756934308,0.000305598368868,0.000208172714338,0.000354576972313,0.000416026130551,0.000447186961537,0.000637096702121,0.000319679500535,0.000140561314765,0.0000671514208079,0.0000375171730411,0.0000155511515914,0.00000710664517101,0.00000471245539302,0.00000213262433135,6.25978032076e-7,2.148303202e-10],"min":[1.45746217425e-23,4.78814430325e-24,4.77157704095e-24,6.5762758275e-24,2.78664041918e-23,3.107908756e-23,6.45545199799e-23,4.22484996973e-23,8.41032757613e-23,5.74487764901e-23,3.18515180703e-23,4.06255919342e-23,8.40027811929e-23,5.3852365934e-23,1.04597762172e-22,7.13094475589e-23,6.81022609735e-23,2.1445508088e-22,2.38468259271e-22,2.87540506772e-22,3.840157721e-22,3.50801471573e-22,5.467471998e-22,7.39563131853e-22,1.05745721397e-21,1.49373480647e-21,2.14938136385e-21],"var":[3.47204265339e-9,0.00000261472860075,0.00000155691088821,0.00000136480548463,0.0000191871295101,0.00000179808807843,0.00000294312781079,0.00000336393782163,0.00000476565355712,0.00000148349704432,0.00000128064186811,0.00000265938979283,0.00000278293896372,0.00000564682068216,0.00000676823947288,0.00000665010566081,0.00000593135837335,0.00000100741624465,1.0465899436e-7,7.11779151175e-8,1.96455811619e-8,2.4188695491e-8,4.26517772212e-8,9.30260100063e-8,9.21840523915e-8,5.35037214533e-9,1.05753934961e-18]},"barkbands_crest":{"dmean":2.60449028015,"dmean2":4.25211048126,"dvar":5.98904132843,"dvar2":14.9934997559,"max":24.2256698608,"mean":8.38297080994,"median":7.54937791824,"min":2.37067651749,"var":12.8836708069},"barkbands_flatness_db":{"dmean":0.0204939618707,"dmean2":0.0309202875942,"dvar":0.000371164263925,"dvar2":0.000846021634061,"max":0.299859315157,"mean":0.143303543329,"median":0.140535756946,"min":0.052980337292,"var":0.00137162581086},"barkbands_kurtosis":{"dmean":1.34008777142,"dmean2":2.13685631752,"dvar":5.84067964554,"dvar2":13.7965278625,"max":54.9162445068,"mean":0.651705563068,"median":-0.323688268661,"min":-1.88990032673,"var":10.1304521561},"barkbands_skewness":{"dmean":0.512381017208,"dmean2":0.766019046307,"dvar":0.288545608521,"dvar2":0.644310116768,"max":6.41843795776,"mean":0.242275357246,"median":0.159251689911,"min":-5.38957834244,"var":1.26800513268},"barkbands_spread":{"dmean":5.92698144913,"dmean2":9.06467914581,"dvar":48.6393737793,"dvar2":110.473007202,"max":107.513183594,"mean":25.0190849304,"median":23.5809440613,"min":2.66477370262,"var":132.477325439},"dissonance":{"dmean":0.0136934295297,"dmean2":0.0227976292372,"dvar":0.000241664238274,"dvar2":0.000624687818345,"max":0.500000059605,"mean":0.478106170893,"median":0.484521746635,"min":0.256892830133,"var":0.000478855858091},"dynamic_complexity":4.60330629349,"erbbands":{"dmean":[0.0188874304295,0.190554246306,0.638150572777,1.4304214716,6.10195684433,4.72711515427,3.94968509674,3.90384817123,6.43842840195,8.3174238205,10.8591756821,13.1609535217,12.7179784775,10.3216524124,16.5507640839,18.1978816986,23.08527565,23.0702342987,37.6770362854,57.5126495361,22.3089618683,58.4779624939,22.4962005615,9.06553459167,5.75703668594,3.8846950531,2.74454331398,1.90188193321,1.65922737122,1.22248518467,1.07552492619,0.981253921986,0.619183659554,0.460580676794,0.368142932653,0.106438793242,0.00953644234687,0.000209369507502,0.0000131644701469,0.0000078678040154],"dmean2":[0.0301797185093,0.315025269985,1.12729394436,2.40953683853,10.0181722641,7.60063838959,6.36326265335,6.5146894455,10.5829629898,12.7778730392,16.4434146881,19.9928340912,18.990190506,15.7842607498,25.034784317,28.3511600494,35.4923782349,35.8451690674,59.0035209656,88.103187561,34.3784828186,94.9491500854,35.6225357056,13.8456354141,8.90390491486,5.98673820496,4.23724985123,2.89950346947,2.50271964073,1.87115871906,1.628434062,1.50677740574,0.98678869009,0.702829122543,0.407032161951,0.124163992703,0.0129947317764,0.00027512118686,0.0000164760767802,0.0000112657780846],"dvar":[0.00172859383747,0.177785694599,1.76438558102,5.55173397064,280.733428955,99.0508346558,110.419830322,115.56086731,345.105224609,592.59753418,1063.65124512,1075.40234375,565.493896484,454.544311523,1292.82189941,1623.85070801,3375.14526367,3104.38916016,6610.97070312,20424.171875,1520.57128906,13975.9404297,2026.02807617,239.002609253,129.951080322,77.5487289429,29.0174694061,18.9183998108,21.6684169769,18.7584934235,24.6561336517,35.3375358582,20.3472366333,6.41165208817,2.66644954681,0.213099941611,0.00109702337068,5.46691921954e-7,1.75761771803e-9,1.2046033615e-10],"dvar2":[0.00403195340186,0.434460133314,4.98357200623,14.7970514297,719.407592773,241.108932495,269.570465088,286.561920166,839.563476562,1221.49829102,2210.71166992,2400.32324219,1234.69543457,958.000732422,2787.76538086,3899.1706543,7496.69482422,7284.80810547,16541.1660156,45271.2421875,3679.875,36623.796875,5304.79345703,556.895446777,294.019592285,164.041290283,65.177192688,42.9383659363,44.8792724609,40.5380058289,53.7571754456,82.4721374512,51.4979286194,14.902176857,3.4960167408,0.388535559177,0.0022998212371,0.00000112157158583,3.42109185425e-9,2.64243543713e-10],"max":[0.311463773251,3.46995472908,15.6520690918,37.467666626,188.538803101,149.931518555,336.819549561,237.010910034,344.875701904,590.456848145,674.370300293,857.859069824,383.869476318,482.077423096,720.096679688,900.976745605,1093.59887695,1530.27966309,2162.75708008,4556.16552734,873.741149902,1485.32458496,1051.76184082,431.389831543,280.649414062,252.621414185,130.5418396,111.683738708,193.318435669,170.720016479,124.23789978,200.368270874,124.034172058,85.9086761475,36.5608329773,14.0784654617,1.3441413641,0.0284704547375,0.00128224736545,0.000211521444726],"mean":[0.0187675394118,0.192453339696,0.753180146217,2.16839647293,6.03396654129,5.90689134598,5.34944295883,4.71926879883,7.53929805756,11.2576627731,15.8527431488,23.2587013245,23.7574901581,19.0926094055,29.1384773254,32.142906189,35.6851272583,38.2173194885,67.7050857544,108.958450317,47.9155311584,98.4008255005,44.0052719116,17.8206920624,10.6659374237,6.39110660553,4.34680843353,2.79476261139,2.28259825706,1.68729162216,1.37611806393,1.15832936764,0.652763724327,0.51607632637,0.539194583893,0.1701066643,0.0134999006987,0.000320536812069,0.0000282582186628,0.0000238807806454],"median":[0.00496044103056,0.0618172436953,0.359852492809,1.23720669746,1.74577522278,2.33005356789,2.28922533989,1.60660409927,2.36110210419,2.81345510483,4.81407356262,8.73199462891,10.9426813126,9.81689453125,12.6041698456,13.4869709015,12.7899971008,13.0645675659,29.6033935547,29.0204334259,26.8907394409,38.7946166992,22.1042098999,10.682800293,6.18060588837,3.06156015396,2.03362798691,1.12896227837,0.568972826004,0.318534016609,0.184790998697,0.123783931136,0.0580062270164,0.0263221859932,0.0141246989369,0.00597365666181,0.000594406039454,0.0000204354964808,0.0000135147793117,0.0000204735788429],"min":[1.60335537224e-22,1.14822251474e-21,4.79775095038e-21,2.2628779352e-20,3.37096649884e-20,7.24709736764e-20,2.26041888234e-19,3.48508769657e-19,7.41477308166e-19,7.2951875805e-19,1.13155526402e-18,1.36425182029e-18,1.87724648872e-18,2.08374054812e-18,1.1327937602e-18,1.65694544074e-18,3.6450532601e-18,3.47712773753e-18,5.19074570018e-18,3.37187293369e-18,3.82928664844e-18,5.42420047087e-18,1.11569293841e-17,1.21048527234e-17,9.21624538018e-18,1.48583475583e-17,1.49002492194e-17,1.38391460655e-17,1.18899892506e-17,1.90695273655e-17,1.58056364501e-17,1.52374841377e-17,1.20425503069e-17,1.01911405978e-17,8.59606588873e-18,4.88128502531e-18,2.5078478355e-18,1.01959636812e-18,2.93161882226e-19,3.38285625079e-20],"var":[0.00164916156791,0.157458007336,1.41311335564,7.62476205826,235.03843689,117.550437927,133.609939575,123.936691284,404.138793945,990.61517334,1899.27722168,2905.96240234,1386.38720703,957.507751465,2644.10839844,3058.87158203,5958.92480469,5894.89111328,12999.5771484,65003.46875,3870.83935547,26122.8984375,3848.72192383,512.851257324,240.678268433,145.547058105,52.3723526001,28.3714027405,34.9387741089,29.058052063,36.7323875427,45.9056358337,19.8598632812,7.18336677551,7.70707559586,0.531733989716,0.00205665780231,0.00000115378054488,4.34285363227e-9,3.94029336936e-10]},"erbbands_crest":{"dmean":3.03976202011,"dmean2":4.92425060272,"dvar":8.36952972412,"dvar2":20.4777297974,"max":33.1712799072,"mean":10.4188632965,"median":9.18764019012,"min":2.32605195045,"var":25.448551178},"erbbands_flatness_db":{"dmean":0.022967942059,"dmean2":0.0314443409443,"dvar":0.000452364649391,"dvar2":0.000837721629068,"max":0.379485785961,"mean":0.212819561362,"median":0.215853989124,"min":0.0304320044816,"var":0.00294982036576},"erbbands_kurtosis":{"dmean":1.47482454777,"dmean2":2.3257727623,"dvar":5.18243122101,"dvar2":11.5010118484,"max":63.6589202881,"mean":1.80832576752,"median":0.619897007942,"min":-1.80826830864,"var":16.3663253784},"erbbands_skewness":{"dmean":0.411770969629,"dmean2":0.626319408417,"dvar":0.158323079348,"dvar2":0.357416719198,"max":3.08243942261,"mean":-0.580923557281,"median":-0.541590571404,"min":-5.7354516983,"var":0.760464370251},"erbbands_spread":{"dmean":6.69950294495,"dmean2":10.1242294312,"dvar":68.3119888306,"dvar2":154.469970703,"max":143.093887329,"mean":24.7986984253,"median":21.0244350433,"min":1.26916253567,"var":232.949066162},"gfcc":{"cov":[[19311.4296875,436.69329834,-1495.34997559,0.638985872269,-1091.73120117,96.6112594604,-543.36541748,-127.267219543,-271.536560059,-133.625091553,-137.518417358,-123.801269531,-189.461395264],[436.69329834,1902.31445312,-594.225341797,71.842124939,342.541717529,-450.745727539,417.266998291,-212.13243103,244.823135376,-343.7472229,196.627197266,-166.173202515,134.253890991],[-1495.34997559,-594.225341797,1045.28479004,14.1473302841,-167.605163574,202.259613037,-205.040527344,169.38079834,-165.260055542,196.50630188,-89.1850128174,130.008605957,-86.3247070312],[0.638985872269,71.842124939,14.1473302841,346.535400391,-19.3510341644,3.48797559738,29.3177890778,-50.822681427,90.8353729248,-76.1317443848,34.5778808594,-48.6538467407,28.4980869293],[-1091.73120117,342.541717529,-167.605163574,-19.3510341644,543.94720459,-124.158683777,173.846572876,39.6024246216,25.2185630798,-7.65436458588,-41.2926445007,8.95855140686,62.3057899475],[96.6112594604,-450.745727539,202.259613037,3.48797559738,-124.158683777,308.141326904,-84.229019165,60.4678268433,-16.9702358246,90.8171920776,-8.64140892029,15.6216077805,-40.2066001892],[-543.36541748,417.266998291,-205.040527344,29.3177890778,173.846572876,-84.229019165,279.632598877,-18.346534729,106.73474884,-84.2843399048,72.8621673584,-38.6426467896,39.9205131531],[-127.267219543,-212.13243103,169.38079834,-50.822681427,39.6024246216,60.4678268433,-18.346534729,196.924255371,-35.0278282166,74.0458374023,-55.5075378418,53.5367164612,-19.7757339478],[-271.536560059,244.823135376,-165.260055542,90.8353729248,25.2185630798,-16.9702358246,106.73474884,-35.0278282166,223.944580078,-57.7290344238,89.2042312622,-64.1287155151,38.8085823059],[-133.625091553,-343.7472229,196.50630188,-76.1317443848,-7.65436458588,90.8171920776,-84.2843399048,74.0458374023,-57.7290344238,202.518569946,-30.4899520874,58.1761207581,-42.5097045898],[-137.518417358,196.627197266,-89.1850128174,34.5778808594,-41.2926445007,-8.64140892029,72.8621673584,-55.5075378418,89.2042312622,-30.4899520874,161.399856567,-22.4457492828,20.4872512817],[-123.801269531,-166.173202515,130.008605957,-48.6538467407,8.95855140686,15.6216077805,-38.6426467896,53.5367164612,-64.1287155151,58.1761207581,-22.4457492828,115.242828369,-0.148465871811],[-189.461395264,134.253890991,-86.3247070312,28.4980869293,62.3057899475,-40.2066001892,39.9205131531,-19.7757339478,38.8085823059,-42.5097045898,20.4872512817,-0.148465871811,89.7696762085]],"icov":[[0.000126116559841,-0.000278704537777,0.000417722912971,-0.00022119897767,0.000388170068618,-0.000279215571936,0.000308009941364,-0.000276598875644,0.000309618975734,-0.00026063923724,0.00029277233989,-0.00023037820938,0.000238049848122],[-0.000278704537777,0.00224226340652,-0.00117257481907,0.000926404376514,-0.00142104027327,0.00207735272124,-0.00149686669465,0.00107848783955,-0.00104784010909,0.00192733574659,-0.00176100875251,0.00157364970073,-0.000773154606577],[0.000417722912971,-0.00117257481907,0.00309751648456,-0.00149913528003,0.00167101807892,-0.00151443993673,0.00142127578147,-0.00182548176963,0.00171238090843,-0.00179222633597,0.00117533339653,-0.00188105250709,0.00135720870458],[-0.00022119897767,0.000926404376514,-0.00149913528003,0.00432216655463,-0.000950172601733,0.000578793813474,-0.000527669559233,0.00135372567456,-0.0021034241654,0.00215146364644,-0.00067041447619,0.00141514849383,-0.00113095599227],[0.000388170068618,-0.00142104027327,0.00167101807892,-0.000950172601733,0.00454491516575,-0.00056666333694,-0.000980780925602,-0.00150478153955,0.00126038282178,-0.00259274663404,0.0030046722386,-0.00123037735466,-0.000911021023057],[-0.000279215571936,0.00207735272124,-0.00151443993673,0.000578793813474,-0.00056666333694,0.00646382104605,-0.00105339998845,0.0000335861659551,-0.00139566895086,0.000269459647825,-0.00186484737787,0.00217092223465,-0.000411761866417],[0.000308009941364,-0.00149686669465,0.00142127578147,-0.000527669559233,-0.000980780925602,-0.00105339998845,0.00820619333535,-0.0019505614182,-0.000596829631831,0.000804864102975,-0.00152438669465,-0.000810166297015,0.00153857388068],[-0.000276598875644,0.00107848783955,-0.00182548176963,0.00135372567456,-0.00150478153955,0.0000335861659551,-0.0019505614182,0.00854562968016,-0.00195911503397,-0.0000266277165792,0.00147943489719,-0.00141136802267,-0.0000780755581218],[0.000309618975734,-0.00104784010909,0.00171238090843,-0.0021034241654,0.00126038282178,-0.00139566895086,-0.000596829631831,-0.00195911503397,0.00914475042373,-0.00151572993491,-0.00207893480547,0.00225035939366,-0.00132407632191],[-0.00026063923724,0.00192733574659,-0.00179222633597,0.00215146364644,-0.00259274663404,0.000269459647825,0.000804864102975,-0.0000266277165792,-0.00151572993491,0.0105223609135,-0.00257170852274,-0.000777108944021,0.00194117042702],[0.00029277233989,-0.00176100875251,0.00117533339653,-0.00067041447619,0.0030046722386,-0.00186484737787,-0.00152438669465,0.00147943489719,-0.00207893480547,-0.00257170852274,0.0115857841447,-0.00261537684128,-0.000289746880298],[-0.00023037820938,0.00157364970073,-0.00188105250709,0.00141514849383,-0.00123037735466,0.00217092223465,-0.000810166297015,-0.00141136802267,0.00225035939366,-0.000777108944021,-0.00261537684128,0.0147339096293,-0.00394174130633],[0.000238049848122,-0.000773154606577,0.00135720870458,-0.00113095599227,-0.000911021023057,-0.000411761866417,0.00153857388068,-0.0000780755581218,-0.00132407632191,0.00194117042702,-0.000289746880298,-0.00394174130633,0.0157601963729]],"mean":[-60.6385040283,110.36856842,-162.377716064,31.4891929626,-40.5753517151,8.30502223969,-41.4442749023,7.94146108627,-22.6599197388,-8.58177757263,-20.9963932037,-5.32192087173,-5.39854240417]},"hfc":{"dmean":6.80437326431,"dmean2":10.001250267,"dvar":87.0809936523,"dvar2":192.756851196,"max":161.206115723,"mean":22.1045207977,"median":17.4266891479,"min":1.13781432879e-16,"var":405.148712158},"melbands":{"dmean":[0.000191741113667,0.000300521962345,0.000353561714292,0.000445538345957,0.000138851915835,0.000089023313194,0.0000990305343294,0.0000933273404371,0.0000906820860109,0.0000835831087898,0.0000662876627757,0.0000453167958767,0.0000553833888262,0.0000571525633859,0.0000570793527004,0.0000470190898341,0.0000492083127028,0.0000741163603379,0.000064142557676,0.0000693382316967,0.0000228877852351,0.0000699182419339,0.0000282295513898,0.0000189503480215,0.00000678437254464,0.00000546488126929,0.00000400099315812,0.00000248603873843,0.00000190192531591,0.00000135911398047,0.00000112785505735,0.00000103158481579,7.81935682426e-7,6.67989127123e-7,6.32934700207e-7,6.35305411834e-7,6.05436639489e-7,4.56898590073e-7,3.12949424597e-7,4.68821070854e-7],"dmean2":[0.000308905844577,0.000512544007506,0.00059224042343,0.000720896408893,0.000224722258281,0.000148056918988,0.000161863790709,0.000142813296407,0.000137571478263,0.000127347797388,0.0000987182866083,0.0000694054033374,0.0000842654844746,0.0000872313394211,0.0000893482865649,0.0000728917439119,0.0000767170276958,0.000116073468234,0.0000989657273749,0.00010671524069,0.0000362319515261,0.000114202834084,0.0000452911444881,0.0000304570585286,0.0000104420341813,0.00000858640578372,0.00000627666759101,0.00000385992734664,0.00000294517099064,0.0000021205523808,0.00000173748537691,0.0000015721644786,0.00000119582261959,0.00000102324781892,9.71638428382e-7,9.64478545029e-7,9.46988620854e-7,7.34452953566e-7,5.04331637785e-7,7.13884219294e-7],"dvar":[1.79272603873e-7,3.82577638902e-7,5.0734757906e-7,0.00000127303769659,1.07741115585e-7,5.66855113959e-8,7.73634027951e-8,6.82808263264e-8,6.83886014485e-8,3.9044472544e-8,1.51599355291e-8,8.64999538663e-9,1.50436214597e-8,1.70855063431e-8,1.94251068564e-8,1.60397561899e-8,1.42758747046e-8,2.81269656455e-8,2.07365431493e-8,2.7537858216e-8,1.92732785287e-9,2.00564471697e-8,2.66216337863e-9,1.65255054085e-9,1.34193836598e-10,1.01957199627e-10,7.80343289986e-11,3.55516172057e-11,1.53866763081e-11,7.36719105859e-12,8.30254875267e-12,8.40276286052e-12,4.85220327459e-12,7.10827490619e-12,8.2494913678e-12,1.11538608211e-11,1.56868164292e-11,1.03809504395e-11,6.85168284956e-12,6.90667141534e-12],"dvar2":[4.16770888023e-7,0.00000102751801023,0.00000133062678742,0.00000321062793773,2.62304439502e-7,1.40124626569e-7,1.83408502608e-7,1.44335174923e-7,1.39931472631e-7,8.85506850068e-8,3.29689591183e-8,1.82115922343e-8,3.23801785385e-8,3.78631987985e-8,4.50673880437e-8,3.63411700732e-8,3.34288365877e-8,7.0092717408e-8,4.72085588399e-8,6.15476594135e-8,4.81699879984e-9,5.25544443519e-8,6.91409773879e-9,4.38888303478e-9,3.0589639155e-10,2.45025277845e-10,1.77037731697e-10,7.54359630317e-11,3.47579430515e-11,1.7242117456e-11,1.97739255525e-11,1.77560830622e-11,1.04535520865e-11,1.53397884672e-11,1.81902878177e-11,2.52559119451e-11,3.79556733265e-11,2.58873530251e-11,1.83185931701e-11,1.49416364698e-11],"max":[0.00334814167581,0.00704171741381,0.00920397415757,0.0105900857598,0.00967447645962,0.00474279373884,0.00498496741056,0.00544863194227,0.0048542204313,0.00461589964107,0.00193637271877,0.00202992395498,0.00264898641035,0.00377812143415,0.00263230013661,0.00237536337227,0.00267661199905,0.00480743777007,0.00321865198202,0.00511087523773,0.000913645082619,0.00196232413873,0.000825007038657,0.00122550642118,0.000374289404135,0.000255797320278,0.000187404701137,0.000193735497305,0.000111325549369,0.0000535573999514,0.0000953906783252,0.000124096142827,0.0000834037564346,0.000104657832708,0.0000749655155232,0.0000854079407873,0.00014005920093,0.0000906493223738,0.0000834697057144,0.0000789611513028],"mean":[0.00019880515174,0.000359781057341,0.000468936108518,0.000477123539895,0.0001975526975,0.000107514089905,0.000116971663374,0.000127346866066,0.000135533613502,0.000145871934365,0.000119931952213,0.0000799671033747,0.0000899312144611,0.0000982155106612,0.000085817904619,0.0000649455178063,0.0000759361646487,0.000120706994494,0.000112592751975,0.000126313694636,0.0000400838362111,0.000111496141471,0.0000520033063367,0.0000317872727464,0.0000122416468002,0.00000933082810661,0.00000630829799775,0.00000369220401808,0.00000286657996185,0.00000197651274902,0.00000153273651904,0.00000135662162393,0.00000105517176507,8.88737247351e-7,7.80841446613e-7,7.75423131927e-7,6.82068616698e-7,4.87668046389e-7,2.91458206902e-7,5.17261810273e-7],"median":[0.0000590949275647,0.000169813050888,0.00024493856472,0.00016061772476,0.0000910729213501,0.0000370329216821,0.0000357247299689,0.0000324967331835,0.0000392411893699,0.0000538403255632,0.0000513035556651,0.0000377232026949,0.0000363334474969,0.0000341611521435,0.0000335840595653,0.0000170643761521,0.0000232416714425,0.0000409181157011,0.000033003569115,0.0000343181818607,0.0000222773996938,0.0000419322714151,0.0000231533176702,0.0000143069883052,0.00000721885589883,0.00000522704522155,0.00000291863739221,0.00000152544123466,0.00000127851478737,9.00853933672e-7,5.04680087943e-7,3.26752655155e-7,2.26877759246e-7,1.51115315816e-7,1.02952171233e-7,8.34818010276e-8,7.00960214317e-8,3.7968003852e-8,2.12837445446e-8,1.74697465383e-8],"min":[2.24122522364e-24,2.26984095577e-24,5.60054679004e-24,7.77319396861e-24,7.65258029165e-24,9.27190268193e-24,1.24903510456e-23,8.53945164231e-24,9.90563409013e-24,9.97577250208e-24,9.0748775711e-24,8.09809579876e-24,3.70050469676e-24,4.96889876348e-24,4.33660663199e-24,1.00567088421e-23,5.20647132484e-24,8.92738976968e-24,5.84611642882e-24,5.69644900472e-24,3.63238300772e-24,4.37397576193e-24,8.82168714154e-24,9.01404535125e-24,9.36293801925e-24,7.16684944445e-24,5.12412252937e-24,1.08295945251e-23,7.3875490599e-24,9.92360670814e-24,7.14830884659e-24,5.00338145137e-24,9.36830700657e-24,1.05853702886e-23,8.63260822661e-24,8.68549582828e-24,8.79814989871e-24,8.14624786841e-24,8.23586562269e-24,8.32710764157e-24],"var":[1.71677868366e-7,3.28258835225e-7,4.92879962621e-7,0.00000115854959404,1.40419572858e-7,6.18679649733e-8,9.7801645893e-8,1.14787873429e-7,1.35939416168e-7,1.03385474404e-7,3.66959511666e-8,1.81486523587e-8,2.92985067318e-8,4.01550686036e-8,3.00313445223e-8,2.68675233173e-8,2.6280726928e-8,5.30253849718e-8,5.41212159533e-8,8.25131110105e-8,3.33740968195e-9,3.62083483196e-8,5.46948886182e-9,2.48640441569e-9,2.66791866377e-10,1.75338354946e-10,1.39692493684e-10,6.32143087875e-11,2.78226677808e-11,1.08482224939e-11,1.13795986523e-11,1.30408002105e-11,7.73344756289e-12,1.04826737568e-11,1.16471242373e-11,1.63472325954e-11,1.82396615173e-11,1.07879894254e-11,5.3469156186e-12,8.41515572503e-12]},"melbands_crest":{"dmean":3.3002641201,"dmean2":5.35254478455,"dvar":9.33339881897,"dvar2":22.6854438782,"max":35.4523773193,"mean":11.100315094,"median":10.108587265,"min":1.81730628014,"var":23.926733017},"melbands_flatness_db":{"dmean":0.0262655559927,"dmean2":0.0388138256967,"dvar":0.000717948598322,"dvar2":0.00156534393318,"max":0.419552147388,"mean":0.177286371589,"median":0.170472085476,"min":0.00480419909582,"var":0.00278420932591},"melbands_kurtosis":{"dmean":2.75675463676,"dmean2":4.39321994781,"dvar":30.1616821289,"dvar2":72.79637146,"max":87.4686355591,"mean":2.99649643898,"median":0.299843788147,"min":-1.82134747505,"var":58.0233726501},"melbands_skewness":{"dmean":0.634847044945,"dmean2":0.955483078957,"dvar":0.472314685583,"dvar2":1.06824171543,"max":8.4577589035,"mean":1.12895655632,"median":0.85261875391,"min":-3.01013994217,"var":1.88024222851},"melbands_spread":{"dmean":9.7891740799,"dmean2":15.169262886,"dvar":168.624588013,"dvar2":382.601104736,"max":261.254608154,"mean":39.7739448547,"median":38.4852218628,"min":2.00154781342,"var":423.446899414},"mfcc":{"cov":[[11925.9628906,602.017272949,-843.298706055,23.9206504822,-366.586212158,80.080947876,-308.291778564,9.03766822815,-208.151931763,8.50679016113,-158.89163208,-36.6031761169,-71.7705001831],[602.017272949,1751.02124023,-655.195007324,334.128204346,6.72651290894,-98.9309768677,101.866928101,100.660469055,64.4490966797,-63.3090705872,1.84280216694,-22.7373065948,-29.5957584381],[-843.298706055,-655.195007324,1078.42687988,-178.3306427,20.6880645752,-0.535632967949,-65.0598297119,-53.255405426,-91.53175354,12.5726413727,-9.83261394501,37.8141784668,64.1760177612],[23.9206504822,334.128204346,-178.3306427,359.01663208,47.2395591736,-27.7002563477,27.8134307861,36.1342887878,59.5615615845,-28.5958633423,-14.0179367065,-30.8634586334,-13.5701360703],[-366.586212158,6.72651290894,20.6880645752,47.2395591736,198.072113037,22.2044124603,23.0396060944,7.70682859421,55.0015068054,3.7290430069,10.7369127274,-16.136390686,-15.405172348],[80.080947876,-98.9309768677,-0.535632967949,-27.7002563477,22.2044124603,167.367538452,5.87297821045,-17.9063282013,-10.1532421112,35.7489700317,9.84501075745,13.9668264389,-12.2084302902],[-308.291778564,101.866928101,-65.0598297119,27.8134307861,23.0396060944,5.87297821045,145.961029053,32.6930847168,31.984418869,-16.4609394073,25.2303352356,-5.23272037506,0.875062227249],[9.03766822815,100.660469055,-53.255405426,36.1342887878,7.70682859421,-17.9063282013,32.6930847168,133.826248169,47.5362167358,9.11381816864,-7.04527521133,11.5390291214,-5.45373392105],[-208.151931763,64.4490966797,-91.53175354,59.5615615845,55.0015068054,-10.1532421112,31.984418869,47.5362167358,147.016281128,9.7966337204,12.2020053864,-16.3539810181,-10.3001775742],[8.50679016113,-63.3090705872,12.5726413727,-28.5958633423,3.7290430069,35.7489700317,-16.4609394073,9.11381816864,9.7966337204,117.218025208,34.489692688,28.2002124786,-2.65771961212],[-158.89163208,1.84280216694,-9.83261394501,-14.0179367065,10.7369127274,9.84501075745,25.2303352356,-7.04527521133,12.2020053864,34.489692688,90.1236419678,23.7877140045,5.25682640076],[-36.6031761169,-22.7373065948,37.8141784668,-30.8634586334,-16.136390686,13.9668264389,-5.23272037506,11.5390291214,-16.3539810181,28.2002124786,23.7877140045,86.4616546631,31.1659088135],[-71.7705001831,-29.5957584381,64.1760177612,-13.5701360703,-15.405172348,-12.2084302902,0.875062227249,-5.45373392105,-10.3001775742,-2.65771961212,5.25682640076,31.1659088135,93.5591430664]],"icov":[[0.000105968945718,-0.0000262186476903,0.000085442661657,0.0000111540866783,0.000138338771649,-0.0000991151537164,0.000235278479522,-0.0000815886087366,0.000129258856759,-0.0000187132518477,0.0000898343860172,0.0000766478988226,0.00000201296870728],[-0.0000262186476903,0.000909727590624,0.000425921170972,-0.000583233137149,-0.0000693597612553,0.000443437253125,-0.000346589717083,-0.000304380053421,0.000270182848908,0.000221942085773,-0.000139405121445,-0.000229795638006,0.0000432853339589],[0.000085442661657,0.000425921170972,0.00142425682861,0.000205219112104,-0.000418014766183,0.000279758824036,0.000348539208062,-0.000123476493172,0.000796068576165,0.00000121954485621,0.000213045597775,-0.000157029760885,-0.000661679951008],[0.0000111540866783,-0.000583233137149,0.000205219112104,0.0037749952171,-0.000661952944938,0.000100764293165,0.000132027445943,-0.000258463085629,-0.000821895024274,0.000378378492314,0.000449591956567,0.000686749874149,-0.000215080392081],[0.000138338771649,-0.0000693597612553,-0.000418014766183,-0.000661952944938,0.00637565087527,-0.00116068660282,-0.00016118757776,0.000256668077782,-0.00211171736009,0.0000923503030208,-0.000461839343188,0.000752798165195,0.00073503080057],[-0.0000991151537164,0.000443437253125,0.000279758824036,0.000100764293165,-0.00116068660282,0.00730015942827,-0.00137378706131,0.00127586291637,0.000622371386271,-0.00212534866296,0.000738710572477,-0.00148476602044,0.00119688932318],[0.000235278479522,-0.000346589717083,0.000348539208062,0.000132027445943,-0.00016118757776,-0.00137378706131,0.00933544617146,-0.00244425586425,-0.000419269432314,0.00238608615473,-0.00331624154933,0.00133739854209,-0.00082223303616],[-0.0000815886087366,-0.000304380053421,-0.000123476493172,-0.000258463085629,0.000256668077782,0.00127586291637,-0.00244425586425,0.0101640773937,-0.00311697088182,-0.00154810282402,0.00288763828576,-0.00312903849408,0.00120537576731],[0.000129258856759,0.000270182848908,0.000796068576165,-0.000821895024274,-0.00211171736009,0.000622371386271,-0.000419269432314,-0.00311697088182,0.0100064603612,-0.00108907872345,-0.00123733491637,0.00214893813245,-0.000500530819409],[-0.0000187132518477,0.000221942085773,0.00000121954485621,0.000378378492314,0.0000923503030208,-0.00212534866296,0.00238608615473,-0.00154810282402,-0.00108907872345,0.0117955068126,-0.00436105346307,-0.00230389856733,0.000962880731095],[0.0000898343860172,-0.000139405121445,0.000213045597775,0.000449591956567,-0.000461839343188,0.000738710572477,-0.00331624154933,0.00288763828576,-0.00123733491637,-0.00436105346307,0.0153168179095,-0.00386803993024,0.000331365532475],[0.0000766478988226,-0.000229795638006,-0.000157029760885,0.000686749874149,0.000752798165195,-0.00148476602044,0.00133739854209,-0.00312903849408,0.00214893813245,-0.00230389856733,-0.00386803993024,0.0168631188571,-0.00530015025288],[0.00000201296870728,0.0000432853339589,-0.000661679951008,-0.000215080392081,0.00073503080057,0.00119688932318,-0.00082223303616,0.00120537576731,-0.000500530819409,0.000962880731095,0.000331365532475,-0.00530015025288,0.0132006891072]],"mean":[-681.959472656,132.678894043,-46.8220710754,22.9809970856,10.6798276901,2.68262386322,-4.53708934784,7.96774959564,2.87962722778,-2.3606274128,-5.64691734314,-3.62631750107,-6.81730985641]},"pitch_salience":{"dmean":0.0759701356292,"dmean2":0.123700492084,"dvar":0.00480438116938,"dvar2":0.0122721921653,"max":0.961745321751,"mean":0.590007662773,"median":0.598212003708,"min":0.138353303075,"var":0.0118207326159},"silence_rate_20dB":{"dmean":0,"dmean2":0,"dvar":0,"dvar2":0,"max":1,"mean":1,"median":1,"min":1,"var":0},"silence_rate_30dB":{"dmean":0,"dmean2":0,"dvar":0,"dvar2":0,"max":1,"mean":1,"median":1,"min":1,"var":0},"silence_rate_60dB":{"dmean":0.0449473522604,"dmean2":0.0899088308215,"dvar":0.0429234020412,"dvar2":0.0909357070923,"max":1,"mean":0.138277813792,"median":0,"min":0,"var":0.11916346848},"spectral_centroid":{"dmean":247.644088745,"dmean2":373.742095947,"dvar":106082.851562,"dvar2":206749.8125,"max":11245.9199219,"mean":1756.68322754,"median":1805.09240723,"min":267.635742188,"var":347860.34375},"spectral_complexity":{"dmean":4.16030168533,"dmean2":5.88431310654,"dvar":20.0897884369,"dvar2":36.2378120422,"max":58,"mean":20.2295722961,"median":21,"min":0,"var":114.00844574},"spectral_contrast_coeffs":{"dmean":[0.0568343885243,0.0448747724295,0.0393290035427,0.0370587743819,0.0292276702821,0.0288615804166],"dmean2":[0.0868350118399,0.0727170184255,0.0608403421938,0.057120282203,0.0464125387371,0.0427443832159],"dvar":[0.00247228168882,0.00144325429574,0.0010407702066,0.000969888700638,0.000643447274342,0.000707298284397],"dvar2":[0.00545612582937,0.00357644027099,0.00243587931618,0.00219155941159,0.00146116735414,0.0014983684523],"max":[-0.280487537384,-0.446689873934,-0.482657164335,-0.462190032005,-0.587910950184,-0.464914739132],"mean":[-0.637958347797,-0.768366336823,-0.772838890553,-0.747453093529,-0.749945759773,-0.734685480595],"median":[-0.642575979233,-0.778857946396,-0.77625232935,-0.75216448307,-0.747312784195,-0.734498739243],"min":[-0.975698113441,-0.990712404251,-0.969622015953,-0.964831292629,-0.964437186718,-0.961049497128],"var":[0.0093246800825,0.00553411524743,0.00450691068545,0.00554847950116,0.00322638335638,0.0036014392972]},"spectral_contrast_valleys":{"dmean":[0.454680740833,0.416886508465,0.374583631754,0.392221868038,0.37077781558,0.57960319519],"dmean2":[0.704562962055,0.649620831013,0.566312134266,0.574039757252,0.517705321312,0.716798186302],"dvar":[0.198362842202,0.171295896173,0.140750899911,0.163830220699,0.183314695954,0.37187564373],"dvar2":[0.385765910149,0.343269884586,0.249073207378,0.283021181822,0.305991947651,0.613617837429],"max":[-5.8776011467,-5.25058698654,-5.29375457764,-5.22035932541,-5.72473287582,-7.32761335373],"mean":[-8.06732559204,-7.33014202118,-7.44465017319,-7.65508317947,-7.79419183731,-11.4005031586],"median":[-7.82402229309,-7.02908992767,-7.14722728729,-7.36145687103,-7.4833650589,-11.1644020081],"min":[-27.1126728058,-27.5499324799,-27.3509922028,-27.3269329071,-27.3132095337,-27.2717914581],"var":[1.89523100853,2.16050052643,2.15344905853,2.15081596375,2.04672408104,2.7052822113]},"spectral_decrease":{"dmean":1.36504108017e-9,"dmean2":2.04966688067e-9,"dvar":3.42357213557e-18,"dvar2":7.9632015826e-18,"max":-8.33901109151e-30,"mean":-3.97481292325e-9,"median":-3.49703177527e-9,"min":-1.9899983883e-8,"var":9.67416181394e-18},"spectral_energy":{"dmean":0.00564116099849,"dmean2":0.00843188818544,"dvar":0.0000555957085453,"dvar2":0.000128101179143,"max":0.0807016268373,"mean":0.0170067809522,"median":0.015031453222,"min":1.05308783837e-20,"var":0.000175196837517},"spectral_energyband_high":{"dmean":0.00023858770146,"dmean2":0.000341528706485,"dvar":4.97874566463e-7,"dvar2":0.00000107725156795,"max":0.0169109795243,"mean":0.000384725310141,"median":0.000125246966491,"min":7.49532909959e-21,"var":8.30037436117e-7},"spectral_energyband_low":{"dmean":0.00142116751522,"dmean2":0.00228089326993,"dvar":0.00000632020874036,"dvar2":0.0000152168258865,"max":0.0253256224096,"mean":0.00205031689256,"median":0.00108266039751,"min":1.73486542712e-23,"var":0.0000076006585914},"spectral_energyband_middle_high":{"dmean":0.00278526567854,"dmean2":0.00413592997938,"dvar":0.0000136491944431,"dvar2":0.0000300881383737,"max":0.0768748670816,"mean":0.00910414848477,"median":0.00648249685764,"min":1.38910181061e-21,"var":0.000080901219917},"spectral_energyband_middle_low":{"dmean":0.00331259937957,"dmean2":0.00517263635993,"dvar":0.0000374512346752,"dvar2":0.0000914061674848,"max":0.0701363757253,"mean":0.00590342190117,"median":0.00340133300051,"min":3.37862309948e-22,"var":0.00005148089258},"spectral_entropy":{"dmean":0.168200492859,"dmean2":0.232293009758,"dvar":0.0292798988521,"dvar2":0.0558223426342,"max":9.80815315247,"mean":7.48256874084,"median":7.45559310913,"min":6.07252502441,"var":0.130639597774},"spectral_flux":{"dmean":0.0221502408385,"dmean2":0.0328396223485,"dvar":0.000549142831005,"dvar2":0.00117341603618,"max":0.228675931692,"mean":0.0741639733315,"median":0.0716755837202,"min":6.79341791154e-11,"var":0.00187751452904},"spectral_kurtosis":{"dmean":3.45622682571,"dmean2":5.85270881653,"dvar":13.0096273422,"dvar2":39.2317657471,"max":35.1298904419,"mean":7.23920297623,"median":6.20339679718,"min":-1.81478786469,"var":21.0680484772},"spectral_rms":{"dmean":0.000645937689114,"dmean2":0.000926478533074,"dvar":5.59482600693e-7,"dvar2":0.00000116133639949,"max":0.00887317862362,"mean":0.00368097424507,"median":0.00382946897298,"min":3.20531231765e-12,"var":0.00000304246032101},"spectral_rolloff":{"dmean":454.953125,"dmean2":756.279052734,"dvar":992068.125,"dvar2":1947733.5,"max":18949.21875,"mean":2184.06762695,"median":2196.38671875,"min":43.06640625,"var":2105193},"spectral_skewness":{"dmean":0.359243601561,"dmean2":0.5873914361,"dvar":0.111201480031,"dvar2":0.308155924082,"max":4.07005023956,"mean":1.61641347408,"median":1.60207056999,"min":-0.124833405018,"var":0.258417397738},"spectral_spread":{"dmean":571180.6875,"dmean2":763511,"dvar":932834181120,"dvar2":1512112521220,"max":40847152,"mean":3250128.75,"median":2776709.75,"min":1219993.25,"var":3830237102080},"spectral_strongpeak":{"dmean":1.07138204575,"dmean2":1.75965452194,"dvar":2.45098805428,"dvar2":5.87638759613,"max":21.1588230133,"mean":1.88273179531,"median":0.801058888435,"min":0,"var":6.2030415535},"zerocrossingrate":{"dmean":0.0108118653297,"dmean2":0.0119340326637,"dvar":0.000279104773654,"dvar2":0.000249963719398,"max":0.505859375,"mean":0.076171413064,"median":0.07275390625,"min":0.009765625,"var":0.00171766115818}},"metadata":{"audio_properties":{"analysis_sample_rate":44100,"bit_rate":128023,"codec":"mp3","downmix":"mix","equal_loudness":0,"length":147.748565674,"lossless":false,"md5_encoded":"e86154f1e881a048b7d04b8cfb0d6713","replay_gain":-8.21537780762,"sample_rate":44100},"tags":{"acoustid_id":["3f2eee18-37c2-4bb0-b0cc-853157fd0c99"],"album":["New Values"],"albumartist":["Iggy Pop"],"albumartistsort":["Pop, Iggy"],"artist":["Iggy Pop"],"artistsort":["Pop, Iggy"],"catalognumber":["SPART 1092"],"composer":["Iggy Pop"],"date":["1979"],"discnumber":["1/1"],"encodedby":["Eléphantus"],"file_name":"12 Billy Is a Runaway.mp3","genre":["Rock & Roll"],"label":["Arista"],"length":["147693"],"media":["12\" Vinyl"],"musicbrainz album release country":["GB"],"musicbrainz album status":["official"],"musicbrainz album type":["album"],"musicbrainz_albumartistid":["f37b3f31-b1f8-4b88-8cb5-b34f709b17d7"],"musicbrainz_albumid":["448ace9d-357f-4100-bfe4-17ee39f61c39"],"musicbrainz_artistid":["f37b3f31-b1f8-4b88-8cb5-b34f709b17d7"],"musicbrainz_recordingid":["434a36b1-a752-49df-bdbe-5e3490cdb053"],"musicbrainz_releasegroupid":["066b3bbc-13fa-3cbc-939f-6a257fc86fc0"],"originaldate":["1979"],"script":["Latn"],"title":["Billy Is a Runaway"],"tracknumber":["12/12"]},"version":{"essentia":"2.1-beta2","essentia_build_sha":"70f2e5ece6736b2c40cc944ad0e695b16b925413","essentia_git_sha":"v2.1_beta2","extractor":"music 1.0"}},"rhythm":{"beats_count":397,"beats_loudness":{"dmean":0.0137243214995,"dmean2":0.0262187290937,"dvar":0.000106813713501,"dvar2":0.000358980440069,"max":0.0635497570038,"mean":0.0230773538351,"median":0.0225026831031,"min":1.60625934775e-9,"var":0.000169933700818},"beats_loudness_band_ratio":{"dmean":[0.161119446158,0.243757113814,0.097783818841,0.122001834214,0.157884806395,0.0356667414308],"dmean2":[0.276235371828,0.467766880989,0.174729064107,0.21