{"lowlevel":{"average_loudness":0.884302735329,"barkbands":{"dmean":[0.00428538862616,0.00856515672058,0.00264489953406,0.00167310680263,0.00285868602805,0.00219070469029,0.0015904456377,0.00146392779425,0.000988153857179,0.000629010610282,0.000365500251064,0.000203181029065,0.000347241497366,0.000286000606138,0.000158812326845,0.0000963125494309,0.0000653702445561,0.0000603929438512,0.0000461763702333,0.0000417685732828,0.0000379704470106,0.0000339180696756,0.000033987002098,0.0000195750035346,0.00000238322650148,0.0000283740682789,0.000175136694452],"dmean2":[0.00723802205175,0.0143952276558,0.00469750026241,0.00276811537333,0.00452877487987,0.00345613039099,0.00251538213342,0.00231948541477,0.00155806075782,0.000996945309453,0.000589388946537,0.000336398428772,0.000565646332689,0.000465262623038,0.000260448781773,0.000155370784341,0.00010228332394,0.0000934875861276,0.0000686848143232,0.0000623748273938,0.0000543908172403,0.0000470352024422,0.0000452947497251,0.0000263406273007,0.00000391465073335,0.0000365722771676,0.00026260674349],"dvar":[0.000131525608595,0.000371972564608,0.0000123122053992,0.00000919182184589,0.0000269567390205,0.0000230114055739,0.0000107801861304,0.0000153431919898,0.00000427024315286,0.00000212235227082,0.00000133765365717,1.24761413645e-7,5.75921035306e-7,2.83110324517e-7,6.06122867453e-8,2.00112886262e-8,1.07397069016e-8,1.06743591743e-8,9.42337941012e-9,1.29427348838e-8,6.69650912499e-9,3.53608076153e-9,3.03188585349e-9,1.23985066658e-9,1.47688285212e-11,1.67776315063e-9,4.19113881378e-8],"dvar2":[0.000326374400174,0.000970779219642,0.0000388600201404,0.000022151023586,0.0000642085433356,0.0000526143958268,0.0000257740757661,0.0000333016178047,0.00000938509583648,0.00000451966343462,0.0000032743673728,3.16900326425e-7,0.00000128072122152,6.76874265082e-7,1.43800662045e-7,4.91912395262e-8,2.45458799952e-8,2.32861445681e-8,1.99554026636e-8,2.98368618701e-8,1.39020253087e-8,6.57537713167e-9,5.14933207185e-9,2.21334506278e-9,3.69323426008e-11,2.71906674953e-9,1.01529593621e-7],"max":[0.111793920398,0.19818122685,0.0392610840499,0.0837176442146,0.111530050635,0.182259336114,0.0830924734473,0.124306052923,0.0606323815882,0.0665805786848,0.0399033799767,0.00992049556226,0.0351680777967,0.0187715198845,0.0099656721577,0.00397490756586,0.00182174996007,0.00306713557802,0.00355554791167,0.00534295802936,0.00227098283358,0.00115422043018,0.000911080394872,0.000549795164261,0.0000626149630989,0.00069011800224,0.00533283129334],"mean":[0.00338196894154,0.00887008849531,0.00325792492367,0.00231034029275,0.00448407046497,0.00349476421252,0.00254757911898,0.00219842046499,0.00163952156436,0.00103108363692,0.000592501368374,0.000358376622899,0.000642311351839,0.00053521967493,0.000309028313495,0.000191042592633,0.00012493111717,0.000113945789053,0.0000857880877447,0.0000740032846807,0.0000657588461763,0.0000630390713923,0.0000574353507545,0.0000291600008495,0.00000255596546594,0.0000508511984663,0.000710778695066],"median":[0.000535750645213,0.00372502580285,0.00187447131611,0.00110672449227,0.0021254348103,0.00145684997551,0.00096347858198,0.000500061607454,0.000599887454882,0.000352773262421,0.000213684834307,0.000224082381465,0.000377565127565,0.000327850546455,0.000223543087486,0.00013426913938,0.0000765908553149,0.0000685184568283,0.0000393710615754,0.0000317607264151,0.0000307239533868,0.0000353428476956,0.0000282599539787,0.0000111215786092,0.00000112201541924,0.0000285238857032,0.000574620848056],"min":[4.31160131902e-23,4.46465106314e-23,4.37701682072e-24,1.24317670793e-23,7.90411995087e-23,7.09020056345e-24,8.3716330021e-23,3.12698814586e-23,1.31215942287e-22,8.55317577103e-23,5.61162578925e-23,3.20660819256e-23,1.01896513106e-22,1.58600611212e-22,7.32753078674e-23,1.65382404238e-22,2.08768958854e-22,1.68520480298e-22,2.78175579246e-22,3.17656944214e-22,3.81862421643e-22,5.05455417987e-22,7.2947712235e-22,9.66313259963e-22,1.3143889836e-21,1.63011065638e-21,2.56069995266e-21],"var":[0.000106539904664,0.000305130175548,0.0000174041269929,0.0000209691952477,0.0000473084801342,0.000064848754846,0.0000249848872045,0.0000339816615451,0.00000977609670372,0.0000059643507484,0.00000328400233229,2.63142567292e-7,0.000001224828452,6.13614474787e-7,1.37774321729e-7,4.34420464046e-8,2.11407442663e-8,1.93516136449e-8,2.0042634219e-8,1.91300291164e-8,1.09360165368e-8,6.95331392464e-9,6.46929265713e-9,2.36172392754e-9,1.63821300275e-11,3.97484001269e-9,3.52231921852e-7]},"barkbands_crest":{"dmean":3.08078575134,"dmean2":5.11735534668,"dvar":7.10207033157,"dvar2":19.205078125,"max":26.2491760254,"mean":9.74771022797,"median":8.94796276093,"min":2.49704003334,"var":15.3662824631},"barkbands_flatness_db":{"dmean":0.0269674025476,"dmean2":0.0429003871977,"dvar":0.000627551693469,"dvar2":0.00157370802481,"max":0.318407148123,"mean":0.127704098821,"median":0.123072698712,"min":0.0312552601099,"var":0.00173180538695},"barkbands_kurtosis":{"dmean":5.58849048615,"dmean2":9.22654247284,"dvar":80.5371322632,"dvar2":208.022674561,"max":172.198181152,"mean":9.39397716522,"median":6.46793270111,"min":-1.84742569923,"var":121.702148438},"barkbands_skewness":{"dmean":0.723700761795,"dmean2":1.16806852818,"dvar":0.616196334362,"dvar2":1.54290223122,"max":10.8628969193,"mean":2.4393260479,"median":2.23585295677,"min":-2.03542423248,"var":1.38165235519},"barkbands_spread":{"dmean":8.38941860199,"dmean2":13.3568525314,"dvar":87.5010147095,"dvar2":236.244689941,"max":125.919540405,"mean":26.5966262817,"median":22.0627155304,"min":1.23390495777,"var":291.100219727},"dissonance":{"dmean":0.0206627137959,"dmean2":0.0347796902061,"dvar":0.000413304951508,"dvar2":0.00112235499546,"max":0.500000059605,"mean":0.462984055281,"median":0.470335990191,"min":0.258839905262,"var":0.000823513255455},"dynamic_complexity":3.48418092728,"erbbands":{"dmean":[0.430802673101,1.33100020885,2.88783097267,4.01200962067,10.3013811111,7.27523231506,13.064699173,18.5908985138,26.9798927307,20.9762706757,29.3841743469,23.5881938934,19.2895736694,18.1733703613,10.6580133438,8.54935836792,15.508646965,14.328127861,10.207865715,5.87127065659,4.54184246063,3.2921936512,3.38450074196,2.61212015152,2.25414776802,1.94527733326,1.75461494923,1.31934654713,1.21244597435,1.13176035881,0.975496411324,0.618683815002,0.206422567368,0.031973682344,0.01749288477,0.0269628316164,0.0681636482477,0.034848947078,0.00715275993571,0.00472461106256],"dmean2":[0.727525770664,2.28210425377,5.14101600647,6.81489086151,16.2476997375,11.9020862579,20.7246780396,29.3038921356,42.6374053955,32.9340057373,46.4849319458,36.9058647156,30.3184909821,29.0248775482,17.1467609406,14.0703849792,25.3002109528,23.0738105774,16.7207202911,9.4287443161,7.21843910217,5.01709127426,5.18681240082,3.91443657875,3.35472297668,2.87618660927,2.55120921135,1.89341390133,1.71398711205,1.53814470768,1.3106918335,0.825999498367,0.282947719097,0.0502617508173,0.0285314507782,0.0383568778634,0.0888075083494,0.0442043170333,0.00955771654844,0.00694504100829],"dvar":[1.33529067039,5.84155416489,14.8474817276,36.3803405762,482.505126953,174.588287354,993.38482666,1984.1027832,3261.77807617,3285.18286133,5554.89941406,2771.32763672,2224.84155273,1715.71899414,1071.36364746,220.630691528,1445.37536621,713.431213379,266.394073486,62.7429771423,45.0680541992,28.0386180878,31.8555965424,27.925945282,26.464963913,25.3779430389,17.0263347626,7.11658000946,4.7333984375,3.61849355698,2.4481112957,1.12093234062,0.165714070201,0.00220747315325,0.000752830237616,0.00166772783268,0.010126166977,0.00224855309352,0.0000770851838752,0.0000228296939895],"dvar2":[3.45710062981,16.09907341,46.3400535583,93.0970230103,1135.22021484,435.597229004,2215.40576172,4555.56494141,7755.95947266,7229.32177734,12269.6904297,6004.64599609,4652.49023438,4072.16259766,2666.25830078,551.313171387,3167.36035156,1688.12548828,622.508117676,154.86328125,105.849876404,61.3442611694,70.3174591064,57.3041267395,58.8646240234,57.7613792419,37.1348457336,14.4066896439,9.04275894165,6.60155582428,4.19862174988,1.96167957783,0.316017836332,0.00526282424107,0.00187677063514,0.00316779594868,0.0167541075498,0.00375627493486,0.000133856126922,0.0000529930148332],"max":[9.55494213104,29.1398868561,49.8127593994,172.17590332,519.803344727,348.149383545,729.667114258,1914.3125,1535.77392578,1849.85864258,2182.89306641,1878.33984375,2247.90527344,1086.95385742,1492.4239502,353.032226562,1887.9675293,908.42980957,644.216674805,202.621047974,188.5390625,90.9602203369,127.48890686,194.40852356,169.547698975,224.843566895,151.526519775,60.0736618042,45.7611312866,27.5156288147,22.4872303009,16.0360584259,5.4187374115,0.860174119473,0.458263903856,0.547204554081,1.90018999577,1.00567233562,0.188879370689,0.116756133735],"mean":[0.373399436474,1.54558157921,3.74686574936,5.95756912231,15.2600402832,11.0831947327,17.6226406097,30.7977313995,43.5747680664,33.919921875,45.6008377075,39.9518547058,33.6721343994,31.234790802,19.6479473114,16.8202323914,29.168970108,29.0681304932,20.9831771851,13.079126358,9.41368293762,6.90467357635,6.66959238052,4.88760089874,4.18672180176,3.46822667122,2.99925613403,2.33551692963,2.19157481194,2.01406311989,1.62470638752,0.962086319923,0.284555017948,0.0393585599959,0.0199889801443,0.0404696539044,0.119383297861,0.078087836504,0.0273798014969,0.0244241468608],"median":[0.0920932665467,0.81687182188,2.22336578369,3.57453393936,6.084379673,5.8737578392,7.7763800621,11.9893436432,15.9999551773,10.4501943588,13.7687263489,14.3201065063,11.3069934845,12.3336296082,8.88200092316,10.7678098679,17.3504085541,17.9442501068,15.1537408829,10.2082395554,6.64062786102,4.32096338272,4.17278671265,2.33100199699,1.85517084599,1.52156937122,1.31908488274,1.19149148464,1.21225047112,1.09967207909,0.795415401459,0.404378980398,0.093716301024,0.0193056743592,0.0100551936775,0.0196758061647,0.0649915933609,0.0556628592312,0.0219748299569,0.0229560378939],"min":[3.15181642582e-21,3.03822651392e-21,4.63298731602e-21,1.90963659384e-20,1.03958947862e-19,3.41332719349e-19,1.80753633374e-19,1.0933170566e-19,7.47107564704e-19,1.43270732323e-18,9.08963959716e-19,2.75579067462e-18,2.73049714585e-18,2.53021231772e-18,2.13646441998e-18,1.99075014443e-18,4.75850247109e-18,6.67095438707e-18,5.16721199816e-18,4.80860810951e-18,1.0930922134e-17,1.09996575342e-17,8.51310050048e-18,1.30905161783e-17,1.54458707863e-17,1.51289563869e-17,1.50723276022e-17,1.50713118244e-17,1.74479688148e-17,2.08098922133e-17,1.99575801993e-17,1.85695099201e-17,1.73190014311e-17,1.40959252615e-17,9.9328931562e-18,6.80825851054e-18,2.86628608123e-18,9.88423653141e-19,3.57786866847e-19,4.25869188547e-20],"var":[1.01320624352,5.2330904007,21.2955284119,80.142326355,872.064819336,268.887878418,1338.29003906,6663.78662109,8142.78369141,7192.9765625,11958.6435547,6463.54833984,6850.72265625,4043.33154297,2758.26953125,513.922119141,2660.60229492,2042.36999512,643.105895996,149.757156372,97.0142974854,60.4568214417,60.8715171814,54.7903060913,51.0849761963,39.6652450562,26.0749816895,11.9416942596,8.82807445526,7.31447505951,5.17873239517,2.25358104706,0.279007256031,0.00290955649689,0.00086157215992,0.0031320117414,0.0231854598969,0.005896539893,0.000456580513855,0.000280191015918]},"erbbands_crest":{"dmean":2.71111488342,"dmean2":4.35074281693,"dvar":6.87548971176,"dvar2":16.2419471741,"max":30.5604038239,"mean":8.56854915619,"median":7.25185728073,"min":2.17590475082,"var":22.0786838531},"erbbands_flatness_db":{"dmean":0.0183735117316,"dmean2":0.0267873387784,"dvar":0.000280981184915,"dvar2":0.000565519265365,"max":0.331820577383,"mean":0.126361340284,"median":0.122093275189,"min":0.0280426163226,"var":0.00177377159707},"erbbands_kurtosis":{"dmean":1.13042318821,"dmean2":1.77718567848,"dvar":3.16644668579,"dvar2":7.41816043854,"max":39.434009552,"mean":1.08512866497,"median":0.299163341522,"min":-1.73643195629,"var":7.22123289108},"erbbands_skewness":{"dmean":0.372296601534,"dmean2":0.563022315502,"dvar":0.117278985679,"dvar2":0.258904218674,"max":5.41223812103,"mean":0.564477980137,"median":0.508249640465,"min":-2.41365790367,"var":0.595752298832},"erbbands_spread":{"dmean":7.10109806061,"dmean2":10.6442575455,"dvar":45.8681602478,"dvar2":98.081161499,"max":116.623146057,"mean":33.6691246033,"median":30.8218803406,"min":1.85801362991,"var":261.584960938},"gfcc":{"cov":[[13500.078125,1069.43457031,-632.34375,-326.715576172,-127.283981323,-157.230422974,251.346679688,-257.165435791,126.723442078,-143.521347046,-24.1476726532,-13.5196113586,-113.092666626],[1069.43457031,665.015441895,-68.6330413818,-313.292938232,-14.9091033936,-101.077087402,41.3243675232,-73.9030151367,54.1943702698,-0.198647230864,10.3375167847,-63.6437225342,17.4933280945],[-632.34375,-68.6330413818,280.322875977,125.724029541,-17.4378299713,89.6303024292,-58.0575866699,34.0690574646,-19.824804306,18.827917099,-12.592165947,24.8546333313,-9.334400177],[-326.715576172,-313.292938232,125.724029541,407.221343994,129.297317505,36.9003601074,16.5293102264,16.9536857605,-59.9520530701,-40.7718162537,-0.995339512825,49.9758529663,-3.48937058449],[-127.283981323,-14.9091033936,-17.4378299713,129.297317505,245.323501587,21.8804283142,36.7080917358,-19.5655040741,0.816378355026,-45.1463279724,5.88833284378,5.86754703522,30.2845058441],[-157.230422974,-101.077087402,89.6303024292,36.9003601074,21.8804283142,169.231506348,6.53520727158,39.2843742371,-3.88502860069,14.8297481537,-15.867685318,16.5807876587,-11.2148637772],[251.346679688,41.3243675232,-58.0575866699,16.5293102264,36.7080917358,6.53520727158,124.375076294,6.32067489624,27.6834697723,-14.6862668991,-3.71180224419,3.15611791611,-13.6684875488],[-257.165435791,-73.9030151367,34.0690574646,16.9536857605,-19.5655040741,39.2843742371,6.32067489624,104.914955139,15.2474489212,30.5944709778,0.164001524448,-8.70427322388,13.0418777466],[126.723442078,54.1943702698,-19.824804306,-59.9520530701,0.816378355026,-3.88502860069,27.6834697723,15.2474489212,130.327270508,55.8594322205,12.7067842484,5.67763805389,-24.7656097412],[-143.521347046,-0.198647230864,18.827917099,-40.7718162537,-45.1463279724,14.8297481537,-14.6862668991,30.5944709778,55.8594322205,95.2404632568,40.4662399292,7.21646690369,-4.4738612175],[-24.1476726532,10.3375167847,-12.592165947,-0.995339512825,5.88833284378,-15.867685318,-3.71180224419,0.164001524448,12.7067842484,40.4662399292,68.8845596313,36.883354187,13.0342645645],[-13.5196113586,-63.6437225342,24.8546333313,49.9758529663,5.86754703522,16.5807876587,3.15611791611,-8.70427322388,5.67763805389,7.21646690369,36.883354187,73.2649765015,16.1264438629],[-113.092666626,17.4933280945,-9.334400177,-3.48937058449,30.2845058441,-11.2148637772,-13.6684875488,13.0418777466,-24.7656097412,-4.4738612175,13.0342645645,16.1264438629,73.2862701416]],"icov":[[0.000128463594592,-0.000493223720696,0.000643992039841,-0.000514715735335,0.000348473113263,-0.000391646026401,0.000294348894386,-0.0000561020642635,-0.000163809585501,0.00017920738901,0.000218256129301,-0.000398133619456,0.000238811771851],[-0.000493223720696,0.00681535201147,-0.00623478554189,0.00612801220268,-0.0018277639756,0.00324521353468,-0.00515159172937,0.00412287563086,-0.00123140576761,0.00211050547659,-0.00597028341144,0.00771814025939,-0.00425669783726],[0.000643992039841,-0.00623478554189,0.012583065778,-0.00793746300042,0.0031468346715,-0.00592037010938,0.00776841491461,-0.00379054201767,0.000347034598235,-0.0025248057209,0.00713255396113,-0.00812128931284,0.00410550506786],[-0.000514715735335,0.00612801220268,-0.00793746300042,0.0118708880618,-0.0071471054107,0.00665372656658,-0.00559589872137,-0.000287068804028,0.00506173679605,-0.00217789015733,0.000318040401908,-0.00171961111482,0.00217562471516],[0.000348473113263,-0.0018277639756,0.0031468346715,-0.0071471054107,0.0121920360252,-0.00731992255896,0.000671443820465,0.00475872308016,-0.00915811862797,0.01096136868,-0.010462119244,0.0103080142289,-0.00867857970297],[-0.000391646026401,0.00324521353468,-0.00592037010938,0.00665372656658,-0.00731992255896,0.0142462933436,-0.00388632598333,-0.0041449512355,0.00727779278532,-0.00890852697194,0.00944558437914,-0.00839519686997,0.00548441661522],[0.000294348894386,-0.00515159172937,0.00776841491461,-0.00559589872137,0.000671443820465,-0.00388632598333,0.0154010849074,-0.0053721992299,-0.00210535828955,0.00178638205398,0.00416580261663,-0.00705130351707,0.00557150039822],[-0.0000561020642635,0.00412287563086,-0.00379054201767,-0.000287068804028,0.00475872308016,-0.0041449512355,-0.0053721992299,0.0194874759763,-0.00699301296845,0.00269117043354,-0.00949449371547,0.0160016529262,-0.0126691907644],[-0.000163809585501,-0.00123140576761,0.000347034598235,0.00506173679605,-0.00915811862797,0.00727779278532,-0.00210535828955,-0.00699301296845,0.0226078443229,-0.020406126976,0.0174470227212,-0.0177720505744,0.0132781295106],[0.00017920738901,0.00211050547659,-0.0025248057209,-0.00217789015733,0.01096136868,-0.00890852697194,0.00178638205398,0.00269117043354,-0.020406126976,0.0404718965292,-0.033740606159,0.0223802942783,-0.0100401220843],[0.000218256129301,-0.00597028341144,0.00713255396113,0.000318040401908,-0.010462119244,0.00944558437914,0.00416580261663,-0.00949449371547,0.0174470227212,-0.033740606159,0.0551125891507,-0.0391503833234,0.0135699110106],[-0.000398133619456,0.00771814025939,-0.00812128931284,-0.00171961111482,0.0103080142289,-0.00839519686997,-0.00705130351707,0.0160016529262,-0.0177720505744,0.0223802942783,-0.0391503833234,0.0512642078102,-0.0222370196134],[0.000238811771851,-0.00425669783726,0.00410550506786,0.00217562471516,-0.00867857970297,0.00548441661522,0.00557150039822,-0.0126691907644,0.0132781295106,-0.0100401220843,0.0135699110106,-0.0222370196134,0.0297293923795]],"mean":[2.76852726936,86.8618392944,-75.8514251709,-4.63076925278,-22.5051860809,-11.8420171738,-5.96871423721,-23.0306301117,4.85379076004,-8.11308479309,-7.45050430298,-1.4274982214,-15.5218086243]},"hfc":{"dmean":72.8518981934,"dmean2":115.836601257,"dvar":6930.29931641,"dvar2":18992.0664062,"max":1495.81652832,"mean":243.941345215,"median":222.808258057,"min":1.21951158299e-16,"var":29099.9082031},"melbands":{"dmean":[0.00317458319478,0.00150179781485,0.000841251807287,0.000656180782244,0.000404909427743,0.000433258683188,0.000374185474357,0.00025004716008,0.000226848394959,0.000149455299834,0.0000969054963207,0.0000768082318245,0.0000452757085441,0.0000220379715756,0.0000306783986161,0.0000348530884366,0.0000274293215625,0.0000189196180145,0.0000108059548438,0.00000774440377427,0.00000512171209266,0.00000358088823305,0.00000399410100727,0.00000264594541477,0.00000223889537665,0.0000017743383296,0.00000161975003721,0.00000129808393012,0.00000116732644528,0.00000100031377315,7.43399311887e-7,7.25835832327e-7,6.87208000727e-7,6.33623471913e-7,5.90295258007e-7,5.19749846717e-7,3.40684607636e-7,1.77847724103e-7,4.67391174652e-8,2.15564188721e-8],"dmean2":[0.00530545879155,0.00263633555733,0.00137903215364,0.00104925513733,0.000642858445644,0.000680033583194,0.00059188780142,0.000393096619518,0.000360134901712,0.000234507460846,0.000152875974891,0.000122899364214,0.0000728187878849,0.0000365016931028,0.0000504418021592,0.0000569943513256,0.0000443374410679,0.0000311228031933,0.0000176673347596,0.0000125727447085,0.00000817800355435,0.00000559313093618,0.00000629196665614,0.00000407487232224,0.00000342750468008,0.00000269430915978,0.00000247256662078,0.00000196340738512,0.00000173193677711,0.00000147223011027,0.00000109251823233,0.00000106238894659,9.75574607764e-7,8.8407733756e-7,8.15361318018e-7,7.12261453373e-7,4.67874770038e-7,2.47897730787e-7,7.16250383448e-8,3.54525049318e-8],"dvar":[0.0000633106101304,0.00000409970562032,0.0000019067622361,0.00000143059196489,9.17654006116e-7,9.58503278525e-7,6.03200362548e-7,4.93564414228e-7,3.03711544802e-7,1.13801711166e-7,5.63086679506e-8,3.15218287028e-8,2.35373995849e-8,1.34485378389e-9,4.2452485971e-9,5.11957631844e-9,2.52833132208e-9,1.00871100361e-9,2.58246785068e-10,1.25887425484e-10,5.71156524853e-11,3.36123802402e-11,3.8504009009e-11,2.24013585459e-11,2.14972137313e-11,1.41718581315e-11,1.84611544801e-11,1.16319211207e-11,7.46600177515e-12,5.06287633345e-12,2.05021698403e-12,1.75319871468e-12,1.44452375408e-12,1.144696859e-12,8.98000532441e-13,7.6122251948e-13,3.70831864565e-13,1.36198940581e-13,6.39166106855e-15,1.23443564178e-15],"dvar2":[0.000161978401593,0.0000122231185742,0.00000460848696093,0.00000345162584381,0.0000020696561478,0.00000223262873078,0.00000144884916153,0.00000107002972527,6.78248170516e-7,2.45371353458e-7,1.16911230919e-7,7.36410541435e-8,5.74995624447e-8,3.45929418444e-9,9.80001768625e-9,1.16723910537e-8,5.96637228512e-9,2.3765995838e-9,6.48912812373e-10,3.15699355546e-10,1.3340457905e-10,7.68918886895e-11,9.03483676762e-11,4.83734961809e-11,4.60790745838e-11,3.08025514817e-11,4.36553432293e-11,2.73066326495e-11,1.65703700761e-11,1.11790793636e-11,4.21697399222e-12,3.59864048283e-12,2.82544799189e-12,2.16365185317e-12,1.62037104654e-12,1.3872892635e-12,6.94568372001e-13,2.69563044846e-13,1.41930560119e-14,3.08884095568e-15],"max":[0.0714223235846,0.0250184908509,0.0287434700876,0.0262273773551,0.0282945036888,0.0413263775408,0.0198102686554,0.0243255794048,0.0151254953817,0.0118562206626,0.011683864519,0.00493616517633,0.00634798780084,0.00129789311904,0.00250069890171,0.00290901889093,0.00158515525982,0.00156132783741,0.000403650803491,0.000275786791462,0.000167362304637,0.000107790539914,0.000108075561002,0.000128083644086,0.000170109677128,0.000135223832331,0.000179241207661,0.000151248110342,0.0000986791492323,0.0000671996967867,0.0000259525768342,0.0000262059184024,0.0000232074580708,0.0000171492993104,0.0000127231078295,0.00001313183202,0.00000915201053431,0.00000511873713549,0.00000127713269649,5.67092683923e-7],"mean":[0.00302300322801,0.00201324885711,0.00133875512984,0.00101385859307,0.000560555548873,0.00072707462823,0.000612179515883,0.000391772889998,0.000354286108632,0.000245277013164,0.000163622156833,0.000127594583319,0.000076738971984,0.0000392680303776,0.0000553978970856,0.0000647146662232,0.0000519552631886,0.0000353580217052,0.0000209045374504,0.000015409244952,0.00000972603811533,0.00000680147377352,0.00000747025160308,0.00000480007065562,0.00000386673855246,0.00000311693111144,0.00000280955964627,0.00000215496356759,0.00000190264540834,0.00000159619048645,0.00000127710291054,0.00000125002054574,0.0000011827759181,0.00000107357845991,9.5631764907e-7,8.0638125155e-7,5.03037313138e-7,2.35346959698e-7,5.60647137604e-8,2.28636753974e-8],"median":[0.000994673464447,0.00125684263185,0.000803820032161,0.000452168023912,0.000257691688603,0.000297630875139,0.000227795928367,0.000100900266261,0.000114421374747,0.000082772661699,0.0000522181217093,0.0000484248448629,0.0000289768449875,0.0000246948802669,0.0000314810386044,0.000038360383769,0.0000311948933813,0.0000243239846895,0.0000151770618686,0.000010968308743,0.00000664309118292,0.00000414391342929,0.00000466775418317,0.0000027200110253,0.00000174320643964,0.00000134395895657,0.00000119225182971,9.19528304166e-7,8.19965464416e-7,6.99290012562e-7,6.80006451148e-7,6.81779113165e-7,6.43976136416e-7,5.67937945561e-7,4.67292096573e-7,3.55469779834e-7,1.97886123487e-7,6.95674415851e-8,2.13434692142e-8,9.83850245717e-9],"min":[2.14354318099e-23,2.56785032044e-24,5.6599803595e-24,1.60277208849e-23,9.93193944588e-24,1.94229131399e-24,1.32573344713e-23,1.3915121404e-23,7.62351313387e-24,1.93395167372e-23,1.4289506901e-23,1.10276191227e-23,6.69901785119e-24,3.79150295762e-24,1.01528149773e-23,1.00555081958e-23,1.30041976843e-23,9.02689431768e-24,6.60300716814e-24,9.06541991771e-24,1.3063380396e-23,1.14683107454e-23,9.25943946848e-24,8.50636602709e-24,1.02016778106e-23,1.20944217573e-23,1.02492721556e-23,9.47148370209e-24,1.06202284743e-23,7.00540353817e-24,9.03355545916e-24,9.59080522489e-24,1.08414171835e-23,1.07232402979e-23,1.20955269514e-23,1.07322088575e-23,1.2134332597e-23,1.2667727209e-23,9.93305726178e-24,1.3360935574e-23],"var":[0.0000506091819261,0.00000527314432475,0.00000412622330259,0.0000026233110475,0.00000123295740195,0.00000311808480546,0.00000151645133428,0.00000110554742605,6.48058858133e-7,2.62179298716e-7,1.71143170746e-7,7.36597627338e-8,5.95718141483e-8,3.02055336299e-9,8.51469028618e-9,1.18876268829e-8,6.63862653738e-9,2.12617656814e-9,5.21338638926e-10,2.82625978176e-10,1.12060256907e-10,6.4792692045e-11,7.40817060474e-11,3.9504101379e-11,3.88190903033e-11,2.97389439463e-11,2.81443774536e-11,1.65696172061e-11,1.10942357731e-11,7.4615686893e-12,3.39800518452e-12,3.01003102651e-12,2.62624904462e-12,2.20201092603e-12,1.80698262343e-12,1.47746506869e-12,6.81819889176e-13,2.15419912811e-13,8.79956186178e-15,1.3549865355e-15]},"melbands_crest":{"dmean":4.56250524521,"dmean2":7.57703399658,"dvar":17.8504180908,"dvar2":43.7027854919,"max":37.0434761047,"mean":14.6359434128,"median":13.5516557693,"min":2.04893875122,"var":34.2226905823},"melbands_flatness_db":{"dmean":0.0335879586637,"dmean2":0.0530828796327,"dvar":0.000876690959558,"dvar2":0.00215697055683,"max":0.445249021053,"mean":0.23799687624,"median":0.236506521702,"min":0.00608306378126,"var":0.00253647053614},"melbands_kurtosis":{"dmean":9.11793136597,"dmean2":15.1037483215,"dvar":235.676834106,"dvar2":605.335754395,"max":317.945098877,"mean":14.6689243317,"median":8.62362957001,"min":-1.4044470787,"var":364.093231201},"melbands_skewness":{"dmean":0.907539188862,"dmean2":1.45002138615,"dvar":0.935032844543,"dvar2":2.33353066444,"max":14.3308973312,"mean":2.71304130554,"median":2.40128183365,"min":-3.02419090271,"var":2.82494258881},"melbands_spread":{"dmean":4.96674919128,"dmean2":8.02390098572,"dvar":33.4084510803,"dvar2":86.3135528564,"max":144.836883545,"mean":14.3472166061,"median":12.8613004684,"min":0.809241652489,"var":76.9118804932},"mfcc":{"cov":[[8646.50878906,1252.57287598,-360.370391846,116.426567078,-330.389984131,252.383987427,-226.716369629,189.949295044,-205.949905396,179.305496216,-110.830375671,76.5598602295,-157.635314941],[1252.57287598,1070.37561035,-107.234054565,-170.847122192,-119.597564697,-3.67921233177,-95.1110839844,-65.1553726196,-6.08348798752,28.4491214752,56.2812690735,-51.8599472046,-21.1670398712],[-360.370391846,-107.234054565,344.110229492,-19.351568222,29.0755577087,3.82250928879,-3.64108347893,-2.59038281441,-9.08491420746,13.1766395569,11.5753087997,8.57900810242,-10.1513376236],[116.426567078,-170.847122192,-19.351568222,320.474487305,81.9976806641,51.9953727722,48.0180244446,55.9906311035,-18.0668773651,-29.373418808,-60.3367004395,19.0766677856,10.5102729797],[-330.389984131,-119.597564697,29.0755577087,81.9976806641,207.847305298,47.9312171936,51.5562210083,15.1582813263,32.141204834,-46.3987960815,-12.3120508194,6.2577290535,18.4770641327],[252.383987427,-3.67921233177,3.82250928879,51.9953727722,47.9312171936,149.07244873,11.9077243805,62.5970420837,-14.1543703079,16.5241928101,-24.371723175,23.4758930206,-15.2634239197],[-226.716369629,-95.1110839844,-3.64108347893,48.0180244446,51.5562210083,11.9077243805,126.240074158,24.5873966217,19.1150283813,-35.3510055542,-20.1418972015,-18.9134063721,18.5502166748],[189.949295044,-65.1553726196,-2.59038281441,55.9906311035,15.1582813263,62.5970420837,24.5873966217,105.919082642,9.6483039856,18.6593112946,-29.799079895,12.5425386429,-15.1202135086],[-205.949905396,-6.08348798752,-9.08491420746,-18.0668773651,32.141204834,-14.1543703079,19.1150283813,9.6483039856,85.9788131714,17.3938789368,25.9460849762,-11.2916536331,4.72048807144],[179.305496216,28.4491214752,13.1766395569,-29.373418808,-46.3987960815,16.5241928101,-35.3510055542,18.6593112946,17.3938789368,95.8005065918,40.5983200073,21.9539031982,-18.1927890778],[-110.830375671,56.2812690735,11.5753087997,-60.3367004395,-12.3120508194,-24.371723175,-20.1418972015,-29.799079895,25.9460849762,40.5983200073,86.694694519,18.7023048401,10.7639551163],[76.5598602295,-51.8599472046,8.57900810242,19.0766677856,6.2577290535,23.4758930206,-18.9134063721,12.5425386429,-11.2916536331,21.9539031982,18.7023048401,67.3067321777,18.2832546234],[-157.635314941,-21.1670398712,-10.1513376236,10.5102729797,18.4770641327,-15.2634239197,18.5502166748,-15.1202135086,4.72048807144,-18.1927890778,10.7639551163,18.2832546234,66.3222732544]],"icov":[[0.000197693720111,-0.00025646245922,0.000135928552481,-0.000116649986012,0.0000992978893919,-0.0000311287294608,0.0000552760138817,-0.000259556574747,0.000316784513416,-0.000293145218166,0.000336050463375,-0.000356051634299,0.00025851171813],[-0.00025646245922,0.00162356474902,0.000195223590708,0.000441550306277,0.000402583420509,-0.000904452055693,0.00080869847443,0.000669274013489,-0.000331775110681,0.000721546821296,-0.00148571899626,0.00206684553996,-0.000632509065326],[0.000135928552481,0.000195223590708,0.00330486893654,0.000370896479581,-0.000840688415337,0.00016471867275,0.0000507891527377,-0.000125466569443,0.00134855799843,-0.00104241224471,-0.000238313077716,-0.0000377327160095,0.000728914747015],[-0.000116649986012,0.000441550306277,0.000370896479581,0.00460542319342,-0.00164047267754,0.000205360702239,-0.000755754532292,-0.00101628364064,0.00103070773184,-0.000502255687024,0.00222669029608,-0.000929443573114,-0.000641715188976],[0.0000992978893919,0.000402583420509,-0.000840688415337,-0.00164047267754,0.00900213420391,-0.00417174771428,-0.000521519454196,0.00135314639192,-0.00513343885541,0.00590094085783,-0.00166046083905,-0.00136632693466,0.000112315217848],[-0.0000311287294608,-0.000904452055693,0.00016471867275,0.000205360702239,-0.00417174771428,0.0122342528775,-0.00128942530137,-0.00520408153534,0.00382411014289,-0.00387203576975,0.00257664034143,-0.00335489702411,0.00195441883989],[0.0000552760138817,0.00080869847443,0.0000507891527377,-0.000755754532292,-0.000521519454196,-0.00128942530137,0.0122957583517,-0.00333740655333,-0.00165485893376,0.00352742359973,-0.0015460428549,0.00542984902859,-0.00399495614693],[-0.000259556574747,0.000669274013489,-0.000125466569443,-0.00101628364064,0.00135314639192,-0.00520408153534,-0.00333740655333,0.0183534752578,-0.00537511846051,-0.00374569464475,0.00666331034154,-0.00379160232842,0.00260049360804],[0.000316784513416,-0.000331775110681,0.00134855799843,0.00103070773184,-0.00513343885541,0.00382411014289,-0.00165485893376,-0.00537511846051,0.019800087437,-0.00631364015862,-0.00472664739937,0.00576316425577,-0.00172499311157],[-0.000293145218166,0.000721546821296,-0.00104241224471,-0.000502255687024,0.00590094085783,-0.00387203576975,0.00352742359973,-0.00374569464475,-0.00631364015862,0.0237529166043,-0.0108565920964,-0.00342444330454,0.00474896701053],[0.000336050463375,-0.00148571899626,-0.000238313077716,0.00222669029608,-0.00166046083905,0.00257664034143,-0.0015460428549,0.00666331034154,-0.00472664739937,-0.0108565920964,0.0254399776459,-0.0084627578035,-0.00149521254934],[-0.000356051634299,0.00206684553996,-0.0000377327160095,-0.000929443573114,-0.00136632693466,-0.00335489702411,0.00542984902859,-0.00379160232842,0.00576316425577,-0.00342444330454,-0.0084627578035,0.0279396753758,-0.010497957468],[0.00025851171813,-0.000632509065326,0.000728914747015,-0.000641715188976,0.000112315217848,0.00195441883989,-0.00399495614693,0.00260049360804,-0.00172499311157,0.00474896701053,-0.00149521254934,-0.010497957468,0.0223945956677]],"mean":[-663.453430176,151.960128784,0.392374068499,23.0498332977,-2.19633221626,22.4830055237,-11.6861820221,8.95622158051,-7.2084774971,10.4692306519,-1.21005415916,4.3170838356,-4.96231651306]},"pitch_salience":{"dmean":0.0843092054129,"dmean2":0.1362336725,"dvar":0.00589835271239,"dvar2":0.0150668239221,"max":0.905463576317,"mean":0.576411187649,"median":0.59559738636,"min":0.0818013399839,"var":0.0130031798035},"silence_rate_20dB":{"dmean":0,"dmean2":0,"dvar":0,"dvar2":0,"max":1,"mean":1,"median":1,"min":1,"var":0},"silence_rate_30dB":{"dmean":0.0698160529137,"dmean2":0.139646708965,"dvar":0.064945332706,"dvar2":0.147759154439,"max":1,"mean":0.932176828384,"median":1,"min":0,"var":0.0632196888328},"silence_rate_60dB":{"dmean":0.0064799329266,"dmean2":0.0129612209275,"dvar":0.00643791910261,"dvar2":0.0140473861247,"max":1,"mean":0.0482809059322,"median":0,"min":0,"var":0.0459512472153},"spectral_centroid":{"dmean":180.701538086,"dmean2":269.478149414,"dvar":57005.7734375,"dvar2":97027,"max":11101.2109375,"mean":879.348083496,"median":755.952331543,"min":181.42477417,"var":230084.953125},"spectral_complexity":{"dmean":3.25083613396,"dmean2":4.84707832336,"dvar":11.6093330383,"dvar2":21.4002342224,"max":49,"mean":18.0400257111,"median":19,"min":0,"var":66.6247558594},"spectral_contrast_coeffs":{"dmean":[0.0577795468271,0.052264586091,0.0383174680173,0.0259674862027,0.0180706419051,0.0326969102025],"dmean2":[0.0943410471082,0.086144067347,0.0630200877786,0.043664060533,0.0301733389497,0.0510276295245],"dvar":[0.00202740682289,0.00167018966749,0.000967947824392,0.000429085310316,0.000209408535738,0.000778890796937],"dvar2":[0.00534654036164,0.00438985181972,0.00252973032184,0.00117373571265,0.000566102622543,0.00194844522048],"max":[-0.354261487722,-0.383665293455,-0.521446824074,-0.599983513355,-0.678150475025,-0.528519392014],"mean":[-0.668837547302,-0.750873506069,-0.797092914581,-0.819205224514,-0.831228911877,-0.732769846916],"median":[-0.672240793705,-0.757723689079,-0.80670696497,-0.824021160603,-0.83095228672,-0.727534353733],"min":[-0.967926025391,-0.975741624832,-0.974883198738,-0.968301653862,-0.962087273598,-0.95890390873],"var":[0.00660164188594,0.00517605803907,0.00403764331713,0.00161788694095,0.000831651268527,0.00284232548438]},"spectral_contrast_valleys":{"dmean":[0.425234049559,0.355611383915,0.295885175467,0.241851776838,0.259896486998,0.480175167322],"dmean2":[0.689888656139,0.57589840889,0.473408490419,0.375659018755,0.373586505651,0.715025246143],"dvar":[0.136843472719,0.102231286466,0.08187174052,0.0665384680033,0.095947727561,0.181488186121],"dvar2":[0.306624472141,0.215253204107,0.161651343107,0.114350832999,0.150046035647,0.404119551182],"max":[-4.93782091141,-4.48300123215,-5.38796043396,-5.93650722504,-5.67417192459,-8.99077320099],"mean":[-6.89966440201,-6.40723562241,-7.09331655502,-7.34612989426,-7.85555505753,-10.9253463745],"median":[-6.69320249557,-6.18958854675,-6.85843992233,-7.06054925919,-7.69859600067,-10.7840595245],"min":[-27.0314884186,-27.0437526703,-27.1775512695,-27.1030025482,-27.4500026703,-27.2624931335],"var":[1.51515161991,1.74486541748,1.58755087852,1.47288429737,1.28627443314,1.06170833111]},"spectral_decrease":{"dmean":4.75121453292e-9,"dmean2":7.69628361041e-9,"dvar":5.97267150957e-17,"dvar2":1.48187275922e-16,"max":1.20965308881e-8,"mean":-6.62451959954e-9,"median":-4.19452250711e-9,"min":-6.77216718259e-8,"var":7.52968151752e-17},"spectral_energy":{"dmean":0.0182273201644,"dmean2":0.0292594153434,"dvar":0.000863078574184,"dvar2":0.00213203532621,"max":0.285788267851,"mean":0.0471286587417,"median":0.0390343181789,"min":1.09650666181e-20,"var":0.00141975306906},"spectral_energyband_high":{"dmean":0.000226327538257,"dmean2":0.00029599602567,"dvar":1.03537814766e-7,"dvar2":1.68505607689e-7,"max":0.00787566136569,"mean":0.000681768055074,"median":0.000520128931385,"min":8.09882925007e-21,"var":3.46481954239e-7},"spectral_energyband_low":{"dmean":0.0131288226694,"dmean2":0.0219989344478,"dvar":0.000734222994652,"dvar2":0.00185843498912,"max":0.243297576904,"mean":0.0156103754416,"median":0.00801957398653,"min":8.09239896084e-23,"var":0.00067007826874},"spectral_energyband_middle_high":{"dmean":0.00120719196275,"dmean2":0.00181660812814,"dvar":0.000003817464858,"dvar2":0.00000827818257676,"max":0.0709506347775,"mean":0.00382670550607,"median":0.00273710931651,"min":1.49761342728e-21,"var":0.000017965607185},"spectral_energyband_middle_low":{"dmean":0.00672794831917,"dmean2":0.0105002997443,"dvar":0.0000914208139875,"dvar2":0.000214051164221,"max":0.223324254155,"mean":0.0170286223292,"median":0.0118306614459,"min":3.59665996228e-22,"var":0.000312861957354},"spectral_entropy":{"dmean":0.174749463797,"dmean2":0.257307261229,"dvar":0.0263804905117,"dvar2":0.0546004995704,"max":9.8087348938,"mean":7.51595830917,"median":7.5320982933,"min":5.56570148468,"var":0.147135019302},"spectral_flux":{"dmean":0.0315567813814,"dmean2":0.0522357858717,"dvar":0.00176639598794,"dvar2":0.00433732941747,"max":0.432498604059,"mean":0.12224072963,"median":0.112812116742,"min":4.38016968474e-7,"var":0.00376610527746},"spectral_kurtosis":{"dmean":3.27517867088,"dmean2":4.65023088455,"dvar":11.8173589706,"dvar2":25.2609500885,"max":68.2242736816,"mean":15.1890230179,"median":14.2526016235,"min":-1.21969270706,"var":48.487865448},"spectral_rms":{"dmean":0.00115438667126,"dmean2":0.00178840057924,"dvar":0.00000204816933547,"dvar2":0.00000471103021482,"max":0.0166978389025,"mean":0.00625979760662,"median":0.00617108261213,"min":3.27072245156e-12,"var":0.00000679424738337},"spectral_rolloff":{"dmean":4141.87988281,"dmean2":7951.48486328,"dvar":57843088,"dvar2":135624992,"max":22050,"mean":16904.7871094,"median":21640.8691406,"min":43.06640625,"var":72058408},"spectral_skewness":{"dmean":0.310070067644,"dmean2":0.431899577379,"dvar":0.0895084664226,"dvar2":0.174006521702,"max":6.77514600754,"mean":2.79948139191,"median":2.7950284481,"min":-0.0231672525406,"var":0.492782086134},"spectral_spread":{"dmean":504696.09375,"dmean2":720833.25,"dvar":387949232128,"dvar2":577850048512,"max":41071572,"mean":4773136.5,"median":4672173.5,"min":1419442.625,"var":1394610274300},"spectral_strongpeak":{"dmean":10.2902078629,"dmean2":18.9713134766,"dvar":551.581115723,"dvar2":1431.97790527,"max":233.300765991,"mean":9.46569919586,"median":0.483418673277,"min":0,"var":626.824462891},"zerocrossingrate":{"dmean":0.0513464361429,"dmean2":0.062708184123,"dvar":0.00184944819193,"dvar2":0.00280131585896,"max":0.89208984375,"mean":0.334573954344,"median":0.330078125,"min":0.03369140625,"var":0.0120209958404}},"metadata":{"audio_properties":{"analysis_sample_rate":44100,"bit_rate":185718,"codec":"mp3","downmix":"mix","equal_loudness":0,"length":222.146377563,"lossless":false,"md5_encoded":"7b90c514e2774f76d9503cf9cb9a2787","replay_gain":-1.17604446411,"sample_rate":44100},"tags":{"acoustid_id":["34688298-9937-45fe-afa0-ecde892b1c98"],"album":["In My Head"],"albumartist":["Black Flag"],"albumartistsort":["Black Flag"],"artist":["Black Flag"],"artists":["Black Flag"],"artistsort":["Black Flag"],"asin":["B000000M0F"],"barcode":["018861004525"],"catalognumber":["SST CD 045"],"date":["1993-05-01"],"file_name":"12 - You Let Me Down.mp3","label":["SST Records"],"media":["CD"],"musicbrainz album release country":["US"],"musicbrainz album status":["official"],"musicbrainz album type":["album"],"musicbrainz release track id":["45274285-a597-3cac-ad62-3bb1b34150d1"],"musicbrainz_albumartistid":["9941a936-196a-4a62-ae53-a69cbc33f20e"],"musicbrainz_albumid":["d1050ce1-b246-4fd5-9bd1-ec3c56473243"],"musicbrainz_artistid":["9941a936-196a-4a62-ae53-a69cbc33f20e"],"musicbrainz_recordingid":["43fd67fe-3945-49bf-bcef-afe0ff24efd4"],"musicbrainz_releasegroupid":["46d32ab1-a694-3243-be78-5bcfb5597564"],"musicbrainz_workid":["46863f93-df98-4136-9e7d-959e500ec980"],"originaldate":["1985"],"performer:background vocals":["Kira Roessler","Henry Rollins"],"performer:bass":["Kira Roessler"],"performer:drums":["Bill Stevenson"],"performer:guitar":["Greg Ginn"],"performer:vocals":["Henry Rollins"],"script":["Latn"],"title":["You Let Me Down"],"tracknumber":["12/12"],"work":["You Let Me Down"],"writer":["Bill Stevenson","Henry Rollins"]},"version":{"essentia":"2.1-beta1","essentia_build_sha":"ca57ba49d9b1854bd80e60cf9ccf267278fb7d6b","essentia_git_sha":"v2.1_beta1-28-g21ef5f4-dirty","extractor":"music 1.0"}},"rhythm":{"beats_count":460,"beats_loudness":{"dmean":0.0274996664375,"dmean2":0.0491373389959,"dvar":0.000625839456916,"dvar2":0.00177045876626,"max":0.216526731849,"mean":0.0566726848483,"median":0.0528943799436,"min":1