{"lowlevel":{"average_loudness":0.768159031868,"barkbands":{"dmean":[0.0000593304393988,0.00138288340531,0.00164306478109,0.000935616553761,0.0020460661035,0.00117703108117,0.000937388394959,0.000802928756457,0.00114755542018,0.000826644420158,0.000445415411377,0.000243105110712,0.000332533731125,0.000179947019205,0.000171016974491,0.000105384890048,0.000129839332658,0.0000705609127181,0.0000747999947635,0.0000544557769899,0.0000149271454575,0.00000920800994209,0.0000178324626177,0.0000203737781703,0.00000679629692968,8.69931909619e-7,6.47411866339e-8],"dmean2":[0.0000845006434247,0.00206357683055,0.00266446475871,0.00141354685184,0.00303213181905,0.00177150103264,0.00134879269172,0.0011858032085,0.00174018868711,0.00123981630895,0.000668866909109,0.000378811935661,0.000520317989867,0.000284591020318,0.000275946018519,0.000171457475517,0.000208031327929,0.000113689980935,0.000121784963994,0.0000866162663442,0.0000234617109527,0.0000140776064654,0.0000250151169894,0.0000281059546978,0.00000930746955419,0.00000119671017274,8.710199495e-8],"dvar":[1.16054215127e-8,0.00000379857306143,0.00000717887087376,0.00000308602352561,0.0000120097947729,0.00000610222969044,0.00000624641688773,0.00000463271180706,0.0000129651707539,0.00000612022176938,0.00000150526773268,4.60892493948e-7,7.12523842594e-7,2.14375191376e-7,2.58192613956e-7,5.92563011992e-8,1.63153060839e-7,4.45591901155e-8,5.06073867257e-8,1.52578305546e-8,1.14277987073e-9,5.35499367071e-10,4.26419655142e-9,8.10198219625e-9,9.26940024737e-10,5.34493248272e-11,3.88115836128e-13],"dvar2":[2.16855617907e-8,0.00000897675272427,0.000022222102416,0.00000713972121957,0.0000288457449642,0.0000142865292219,0.0000133136099976,0.00000943630129768,0.0000307555928885,0.0000134257052196,0.00000318088086715,0.00000105371123027,0.00000169709460351,5.01777492445e-7,6.28482382581e-7,1.43279066833e-7,3.72993412157e-7,1.05755717072e-7,1.22350797938e-7,3.575777896e-8,2.55918353176e-9,1.09124187464e-9,6.91952362075e-9,1.3737418314e-8,1.65028202215e-9,1.25363372461e-10,6.16040909691e-13],"max":[0.00477739749476,0.0632824003696,0.0709197372198,0.045178771019,0.087662383914,0.0613445825875,0.0977347046137,0.119026318192,0.0870087444782,0.0599497258663,0.0367349646986,0.0227147098631,0.0221225377172,0.0169483441859,0.0298033449799,0.00561055215076,0.019289823249,0.00751574896276,0.00846334733069,0.00352081540041,0.00151019368786,0.000847472576424,0.00235190382227,0.00216436921619,0.000989438034594,0.000583517015912,0.0000589781702729],"mean":[0.000255293649388,0.00575692532584,0.00407485244796,0.0020928774029,0.00519479671493,0.00250556622632,0.00180677929893,0.00155663886108,0.00218656938523,0.00162650598213,0.000772935396526,0.000434596790001,0.000599774648435,0.000314562348649,0.000301900727209,0.000193069063243,0.0002909139439,0.00015001562133,0.000169728809851,0.000137422845,0.0000359744335583,0.0000245314840868,0.0000457346250187,0.0000503885676153,0.000014920798094,0.0000019013613155,1.42599503761e-7],"median":[0.0000281296925095,0.00354158086702,0.00240314262919,0.000884284148924,0.00292144529521,0.00108757906128,0.00065592880128,0.000526712625287,0.000465918332338,0.000344626780134,0.000225116644287,0.000120718177641,0.000191312574316,0.000109473417979,0.000121536038932,0.0000856697151903,0.000100014905911,0.0000517008811585,0.0000609402850387,0.0000504126728629,0.0000179201742867,0.00000909607842914,0.0000117588533612,0.00000723876746633,0.00000221799200517,3.10568452733e-7,3.11931529495e-8],"min":[2.09639861026e-9,2.70689026749e-9,1.27153820806e-9,8.46210546079e-10,1.70555569667e-9,4.84649120835e-9,9.47560518938e-9,1.00442303363e-8,8.84342910012e-9,9.14013398301e-9,8.19269097008e-9,1.42490208521e-9,1.7073603642e-9,2.6061494629e-10,7.08966357843e-11,9.89895804215e-11,1.95216109944e-9,3.77442244126e-10,1.59437615888e-10,1.14231138437e-10,8.35230842822e-11,5.66192683016e-11,4.92485288661e-11,3.9234254734e-11,3.73911804297e-11,3.40308857483e-11,3.66328564705e-11],"var":[2.57630972555e-7,0.0000437909766333,0.0000285756923404,0.0000117813233373,0.0000439989598817,0.0000183593201655,0.0000169496561284,0.0000136330281748,0.000034247761505,0.0000198453126359,0.00000337848155141,0.00000123584095491,0.00000199340638574,4.83897224512e-7,5.40643725344e-7,1.39171149272e-7,6.32374622e-7,1.59116879672e-7,2.03427390488e-7,6.41684323455e-8,3.62411789467e-9,2.30517049893e-9,1.80772392611e-8,3.49732935945e-8,3.14670556278e-9,1.00686375903e-10,9.59290698092e-13]},"barkbands_crest":{"dmean":2.01709294319,"dmean2":3.18160963058,"dvar":3.54304981232,"dvar2":8.85560798645,"max":24.8693523407,"mean":10.2555150986,"median":9.64905261993,"min":3.20686888695,"var":13.027844429},"barkbands_flatness_db":{"dmean":0.0144665772095,"dmean2":0.0217636395246,"dvar":0.000174521061126,"dvar2":0.000399834505515,"max":0.34115204215,"mean":0.179653719068,"median":0.176490873098,"min":0.0501088947058,"var":0.00187910289969},"barkbands_kurtosis":{"dmean":2.20662140846,"dmean2":3.3658144474,"dvar":10.1289548874,"dvar2":23.3232593536,"max":116.173233032,"mean":5.71921920776,"median":3.62581133842,"min":-1.81047570705,"var":50.9210014343},"barkbands_skewness":{"dmean":0.360791712999,"dmean2":0.540094256401,"dvar":0.112254820764,"dvar2":0.254604905844,"max":6.85571432114,"mean":1.74517023563,"median":1.68985819817,"min":-1.01840996742,"var":1.16324222088},"barkbands_spread":{"dmean":2.69495153427,"dmean2":3.98636293411,"dvar":13.715801239,"dvar2":23.6364765167,"max":93.6619796753,"mean":13.8133354187,"median":11.6686840057,"min":0.803443968296,"var":94.4642105103},"dissonance":{"dmean":0.022377403453,"dmean2":0.0376372337341,"dvar":0.000393913447624,"dvar2":0.00108456623275,"max":0.5,"mean":0.44083276391,"median":0.445784151554,"min":0.128838911653,"var":0.00106956996024},"dynamic_complexity":2.84741640091,"erbbands":{"dmean":[0.0355177149177,0.35224968195,1.6195371151,2.53808736801,4.34540081024,7.64437055588,9.25441455841,9.93304347992,12.7196941376,16.4666023254,15.2651977539,26.0785617828,27.9209156036,16.7795257568,18.3223381042,10.385682106,14.8341398239,10.067943573,7.30559492111,8.19652271271,5.33621311188,5.6082906723,3.72704744339,4.27063798904,3.36348295212,2.76243066788,0.968850195408,0.362114012241,0.283613681793,0.457927495241,0.520079851151,0.530830860138,0.280461907387,0.11120198667,0.0278628915548,0.00653812102973,0.00121018849313,0.000147768645547,0.0000133853536681,0.00000686628027324],"dmean2":[0.0512155964971,0.532802283764,2.6078004837,4.01064825058,6.4540810585,11.2671575546,14.0712614059,14.7787618637,18.2254695892,24.5495071411,22.3690929413,39.1404380798,42.5523033142,24.9946403503,27.3706493378,16.2094554901,23.1873207092,15.7423009872,11.8157300949,13.093837738,8.59874153137,8.95050525665,6.03409290314,6.97662734985,5.42057275772,4.4164481163,1.53229773045,0.561361789703,0.434087693691,0.672811925411,0.728985488415,0.735792458057,0.391081094742,0.151919022202,0.0382967069745,0.00874149706215,0.0016531838337,0.000198786030523,0.0000177536585397,0.0000105278159026],"dvar":[0.00272626965307,0.259975463152,6.87825012207,16.7798271179,63.0659713745,227.215881348,459.467193604,486.196716309,987.142578125,2420.28662109,1791.75439453,6542.89453125,9404.55859375,2399.91064453,2561.22412109,744.426208496,1518.44958496,620.781738281,519.918762207,751.039733887,196.417861938,304.340148926,97.1011199951,262.244171143,111.151901245,39.2742538452,5.55596399307,0.692565083504,0.483611792326,2.16578793526,4.00824213028,5.56972360611,1.70152401924,0.266321957111,0.0175771992654,0.00180300627835,0.000141780503327,0.00000138924031035,1.5564225464e-8,6.77819952943e-11],"dvar2":[0.00565023301169,0.639152109623,20.719078064,43.906955719,160.527008057,518.544372559,1116.30078125,1064.41699219,2057.47998047,5478.94384766,3525.25463867,15226.7333984,21662.1230469,5125.64746094,5491.19189453,1801.24572754,3599.13232422,1446.21130371,1289.35205078,1699.54931641,488.9972229,684.403991699,239.227462769,695.557312012,237.135238647,91.5240325928,12.6381101608,1.51999795437,1.02701425552,4.04237794876,6.5768995285,9.78062915802,3.08782196045,0.464099019766,0.0295961536467,0.00367308431305,0.000338991056196,0.00000284975499198,2.59910386546e-8,1.67562685949e-10],"max":[2.41546368599,15.334353447,75.8442840576,79.1742553711,227.806838989,410.739227295,913.090515137,731.021057129,1139.48046875,2153.47290039,1848.99938965,2588.27856445,2587.87719727,1769.72009277,1415.09606934,782.840148926,1129.99389648,971.357910156,855.897705078,2038.34558105,342.649383545,901.539367676,358.332183838,650.109985352,505.849395752,216.52923584,100.196662903,23.6223697662,25.4185409546,61.7266082764,72.9826431274,70.0038070679,40.7512779236,19.3990879059,5.67810678482,2.86065220833,0.99824243784,0.0885635688901,0.0120562445372,0.000297293503536],"mean":[0.1656665802,1.29546070099,4.52014923096,6.03463459015,11.1068372726,18.5672302246,19.894865036,21.1047992706,24.9167995453,33.0184326172,32.4751472473,52.7240600586,57.9162597656,33.7303771973,34.5234451294,20.7773761749,28.0374202728,20.0093479156,14.1929187775,15.5556592941,11.7595615387,13.3454561234,8.83831787109,10.2016849518,7.88184642792,6.98226737976,2.58496069908,0.984310269356,0.781982064247,1.18967425823,1.32754635811,1.27621555328,0.656223356724,0.247968152165,0.0621844530106,0.0143067203462,0.00260776444338,0.000334451440722,0.0000416227157984,0.0000360706690117],"median":[0.0704562962055,0.837429463863,2.72535443306,3.52536535263,5.82387924194,9.18865203857,8.45610237122,9.50838947296,10.5006942749,12.4468240738,12.0079469681,13.2824497223,10.1637792587,10.5814580917,10.7882061005,6.97335529327,9.43108558655,7.5323972702,5.44362735748,6.66963005066,5.14500331879,4.89142227173,3.72685623169,2.94921112061,3.24610853195,2.57406568527,1.11484122276,0.546489477158,0.330522149801,0.319280087948,0.328319936991,0.189807713032,0.089509382844,0.0337338224053,0.0107449032366,0.00234731240198,0.000444009026978,0.0000735893845558,0.000021119521989,0.0000310415052809],"min":[1.06085174423e-7,5.17973148817e-7,0.00000138860355037,0.00000238893494497,0.00000334075912178,0.00000598245151195,0.0000169637933141,0.00004852627535,0.000109778949991,0.000184842545423,0.000222558024689,0.000202378068934,0.00023367824906,0.00035208708141,0.000254188285908,0.0000512211263413,0.0000761896080803,0.0000281122047454,0.00000635335118204,0.00000266723304776,0.0000246214822255,0.000109623826575,0.0000319451646646,0.0000105816889118,0.0000068899175858,0.00000547931222172,0.00000502200100527,0.00000225043231694,0.00000199537066692,0.00000177323136086,0.00000127902194436,9.24332482555e-7,6.13518579939e-7,4.23674833883e-7,2.59632571442e-7,1.3708134361e-7,6.46509121793e-8,2.21524949495e-8,5.12369302541e-9,5.96297788924e-10],"var":[0.0588690415025,2.09812855721,32.7194519043,53.2490844727,228.470428467,759.79486084,1447.20080566,1465.23706055,2240.98071289,7530.64013672,6003.26123047,18898.9609375,31540.5488281,7796.72558594,6088.40966797,2151.20458984,4369.97900391,1647.93786621,1089.57263184,1761.52038574,554.298706055,1211.92675781,328.730072021,1204.17773438,405.236877441,160.962844849,23.5112800598,2.4715731144,2.06646108627,8.64009189606,16.5369796753,23.1396026611,6.24155950546,0.908474504948,0.0599872507155,0.00463869096711,0.000230576115428,0.00000314716839966,3.59017739981e-8,5.22678789139e-10]},"erbbands_crest":{"dmean":2.55887031555,"dmean2":4.00653076172,"dvar":5.87398386002,"dvar2":14.0369176865,"max":32.5776634216,"mean":10.1351108551,"median":8.91223716736,"min":2.53870797157,"var":22.6875572205},"erbbands_flatness_db":{"dmean":0.0124421836808,"dmean2":0.0183007381856,"dvar":0.000141012045788,"dvar2":0.000285564688966,"max":0.375259935856,"mean":0.190450787544,"median":0.188599526882,"min":0.0570513345301,"var":0.00168276007753},"erbbands_kurtosis":{"dmean":0.903289377689,"dmean2":1.39683270454,"dvar":1.6670794487,"dvar2":3.85189175606,"max":48.13879776,"mean":0.803464829922,"median":0.197431325912,"min":-1.78279161453,"var":5.2383890152},"erbbands_skewness":{"dmean":0.31246817112,"dmean2":0.470566570759,"dvar":0.0778134465218,"dvar2":0.177366599441,"max":6.01727199554,"mean":0.645105361938,"median":0.629926085472,"min":-3.72639775276,"var":0.463603854179},"erbbands_spread":{"dmean":5.20566749573,"dmean2":7.69774103165,"dvar":32.8530311584,"dvar2":59.704082489,"max":135.087478638,"mean":31.4541606903,"median":29.1543064117,"min":3.01398396492,"var":259.651367188},"gfcc":{"cov":[[3504.94458008,-1003.92297363,-53.5312995911,224.760757446,-513.303771973,198.481735229,-105.857025146,81.4811782837,-275.030731201,86.3638458252,-107.237800598,-34.2234611511,-24.0061836243],[-1003.92297363,835.879394531,-121.316238403,-119.081642151,345.950866699,-191.258651733,182.687957764,-77.8478775024,134.529403687,-59.4334716797,65.582649231,-11.9134616852,32.6805038452],[-53.5312995911,-121.316238403,572.46685791,117.366149902,-69.2122497559,144.977462769,-185.062988281,-14.4623174667,-21.3579711914,19.0464019775,19.533996582,25.5616912842,-5.79115867615],[224.760757446,-119.081642151,117.366149902,275.760009766,18.5524024963,26.1099147797,-54.3079528809,-29.718952179,-7.25266027451,-23.4096088409,12.6326971054,0.356416702271,38.7440643311],[-513.303771973,345.950866699,-69.2122497559,18.5524024963,313.914001465,-78.1056213379,117.000007629,0.758312404156,61.5489273071,-7.48855352402,14.818944931,8.29117202759,40.6414413452],[198.481735229,-191.258651733,144.977462769,26.1099147797,-78.1056213379,199.865097046,-27.2486019135,19.7928390503,-12.1791915894,11.0130224228,8.75683116913,3.68800425529,-22.6976013184],[-105.857025146,182.687957764,-185.062988281,-54.3079528809,117.000007629,-27.2486019135,239.997817993,40.1092529297,31.8663959503,3.82209849358,-4.45850896835,11.9990615845,3.87842297554],[81.4811782837,-77.8478775024,-14.4623174667,-29.718952179,0.758312404156,19.7928390503,40.1092529297,130.321716309,16.5984802246,32.8447189331,-9.3201675415,-5.65136575699,8.96952342987],[-275.030731201,134.529403687,-21.3579711914,-7.25266027451,61.5489273071,-12.1791915894,31.8663959503,16.5984802246,132.12147522,16.1682395935,7.48953819275,-9.69709300995,-2.45213222504],[86.3638458252,-59.4334716797,19.0464019775,-23.4096088409,-7.48855352402,11.0130224228,3.82209849358,32.8447189331,16.1682395935,116.584915161,-0.00366627681069,12.9565925598,-11.4420442581],[-107.237800598,65.582649231,19.533996582,12.6326971054,14.818944931,8.75683116913,-4.45850896835,-9.3201675415,7.48953819275,-0.00366627681069,96.5036239624,15.8395624161,0.297458648682],[-34.2234611511,-11.9134616852,25.5616912842,0.356416702271,8.29117202759,3.68800425529,11.9990615845,-5.65136575699,-9.69709300995,12.9565925598,15.8395624161,83.6514053345,21.679101944],[-24.0061836243,32.6805038452,-5.79115867615,38.7440643311,40.6414413452,-22.6976013184,3.87842297554,8.96952342987,-2.45213222504,-11.4420442581,0.297458648682,21.679101944,100.209632874]],"icov":[[0.000596301688347,-0.0000427659833804,0.000412553927163,-0.0008116333629,0.000858621438965,-0.00039135152474,-0.0000920692400541,-0.000379525270546,0.00100520160049,-0.000648034794722,0.000472887651995,0.000159811635967,0.0000097333904705],[-0.0000427659833804,0.00811891723424,-0.00309705780819,0.0051228790544,-0.0053315483965,0.00541853066534,-0.00488602695987,0.00619459804147,-0.00505484640598,0.00329124741256,-0.0051613538526,0.00397197436541,-0.00238526798785],[0.000412553927163,-0.00309705780819,0.00466826511547,-0.00322568579577,0.00183486798778,-0.00436978181824,0.00434136483818,-0.00287502678111,0.00259232707322,-0.00202281819656,0.00231152609922,-0.00267410604283,0.00138528610114],[-0.0008116333629,0.0051228790544,-0.00322568579577,0.00880548730493,-0.00494257500395,0.00338828819804,-0.00248103612103,0.00526724942029,-0.00441257329658,0.00340596563183,-0.00418302649632,0.00303814397193,-0.00342337461188],[0.000858621438965,-0.0053315483965,0.00183486798778,-0.00494257500395,0.00982492696494,-0.00215930305421,0.000166069745319,-0.00391728477553,0.00294628250413,-0.00290836999193,0.00325840315782,-0.00193472334649,-0.0000192192073882],[-0.00039135152474,0.00541853066534,-0.00436978181824,0.00338828819804,-0.00215930305421,0.0111824246123,-0.00484170019627,0.00322536798194,-0.00395027268678,0.00271046161652,-0.00439683441073,0.00264024897479,-0.000461447576527],[-0.0000920692400541,-0.00488602695987,0.00434136483818,-0.00248103612103,0.000166069745319,-0.00484170019627,0.0108742667362,-0.00562343373895,0.00260370247997,-0.00153169699479,0.00358199281618,-0.0045982869342,0.002572955098],[-0.000379525270546,0.00619459804147,-0.00287502678111,0.00526724942029,-0.00391728477553,0.00322536798194,-0.00562343373895,0.0145846577361,-0.0051810615696,0.00026326693478,-0.00364737282507,0.00475814705715,-0.00419752905145],[0.00100520160049,-0.00505484640598,0.00259232707322,-0.00441257329658,0.00294628250413,-0.00395027268678,0.00260370247997,-0.0051810615696,0.0135924434289,-0.00428962474689,0.00320359668694,-0.00081552012125,0.00202820124105],[-0.000648034794722,0.00329124741256,-0.00202281819656,0.00340596563183,-0.00290836999193,0.00271046161652,-0.00153169699479,0.00026326693478,-0.00428962474689,0.0120354807004,-0.0023647476919,-0.000863410939928,0.000629897520412],[0.000472887651995,-0.0051613538526,0.00231152609922,-0.00418302649632,0.00325840315782,-0.00439683441073,0.00358199281618,-0.00364737282507,0.00320359668694,-0.0023647476919,0.014709261246,-0.00473921792582,0.00220782519318],[0.000159811635967,0.00397197436541,-0.00267410604283,0.00303814397193,-0.00193472334649,0.00264024897479,-0.0045982869342,0.00475814705715,-0.00081552012125,-0.000863410939928,-0.00473921792582,0.0167234595865,-0.00517386989668],[0.0000097333904705,-0.00238526798785,0.00138528610114,-0.00342337461188,-0.0000192192073882,-0.000461447576527,0.002572955098,-0.00419752905145,0.00202820124105,0.000629897520412,0.00220782519318,-0.00517386989668,0.0135766416788]],"mean":[-28.4178333282,145.170288086,-122.28137207,32.5692901611,-53.7163124084,10.7966279984,-32.1232566833,5.15851926804,-15.9702825546,-8.73173809052,-3.88796591759,-10.3305358887,-5.54299402237]},"hfc":{"dmean":2.85628676414,"dmean2":4.29925537109,"dvar":17.0335617065,"dvar2":38.9476623535,"max":92.2967681885,"mean":14.8923015594,"median":11.1786975861,"min":0.0000490781385452,"var":156.829483032},"melbands":{"dmean":[0.000333737581968,0.00068875728175,0.000458021793747,0.000424583529821,0.000340303551638,0.000222877904889,0.000192819003132,0.000180209477548,0.000133762761834,0.000168904240127,0.000139017676702,0.0000722521726857,0.0000618591002421,0.000033561798773,0.0000322764499288,0.0000302689222735,0.0000194054791791,0.0000124916441564,0.00000978222578851,0.0000108790118247,0.00000672495389153,0.00000630438580629,0.00000578432718612,0.00000336720222549,0.00000378595132133,0.00000298583654512,0.00000219132061829,0.0000019596986931,7.99279916919e-7,3.54741359843e-7,2.13980285935e-7,1.66772196053e-7,2.15728192643e-7,3.02149430809e-7,3.33353284532e-7,3.33758038096e-7,3.58794750355e-7,2.35676225202e-7,1.53547532022e-7,8.32076096913e-8],"dmean2":[0.000490843784064,0.0011002816027,0.00071330415085,0.000623152824119,0.000513701757882,0.000332187977619,0.000276247650618,0.000270278105745,0.000197333283722,0.000252861034824,0.000211987702642,0.000107587700768,0.0000927952642087,0.0000511167745572,0.00005094977314,0.0000468052530778,0.0000305510111502,0.0000201707443921,0.0000156587702804,0.0000175120476342,0.0000108436715891,0.000010069837117,0.00000939315305004,0.00000547119270777,0.0000061774931055,0.00000480996413899,0.00000350903542312,0.00000312386191581,0.00000127878990952,5.61479737371e-7,3.36830964898e-7,2.59573255335e-7,3.27168436343e-7,4.51290787851e-7,4.87675663408e-7,4.527666988e-7,5.16448039889e-7,3.39711078823e-7,2.15703067852e-7,1.1651953713e-7],"dvar":[2.19683315095e-7,0.00000111354574983,5.01104921113e-7,5.51508662738e-7,5.08350183281e-7,2.24663963877e-7,2.19562039661e-7,2.67288868372e-7,1.43864326674e-7,2.77048940234e-7,2.31418937346e-7,4.81101238847e-8,2.87915487007e-8,8.1414990305e-9,7.13423586873e-9,6.49821130239e-9,2.33114239023e-9,1.69334302136e-9,8.44337044725e-10,7.52918838387e-10,4.08546085851e-10,3.19646614733e-10,4.35635416629e-10,1.19784571151e-10,2.24555679607e-10,1.18282675321e-10,2.71559823239e-11,2.3040690883e-11,4.75647516165e-12,6.23688980236e-13,2.65028721625e-13,1.74646714733e-13,3.81856465935e-13,1.0292034152e-12,1.63179712798e-12,1.89366621342e-12,2.71039375839e-12,1.18536224673e-12,5.32910792318e-13,1.47427046699e-13],"dvar2":[4.91077003062e-7,0.00000327443603965,0.00000126829957026,0.00000131968931782,0.00000122895937693,5.01267891195e-7,4.56394275261e-7,5.96102609052e-7,2.90760397093e-7,6.35576668628e-7,5.36541392648e-7,1.02907002031e-7,6.22025382313e-8,1.74721073165e-8,1.65031934785e-8,1.51945247495e-8,5.37793898303e-9,4.05060207598e-9,1.98926408679e-9,1.72933556364e-9,1.00350761034e-9,7.53547946264e-10,1.00263819469e-9,3.00758695726e-10,5.96054539059e-10,2.35835767581e-10,6.44031494801e-11,5.28963123303e-11,1.09744947505e-11,1.46500910361e-12,5.98287099116e-13,3.99488601921e-13,7.83263536495e-13,2.01699963155e-12,3.06791592998e-12,2.93376802886e-12,5.34672783478e-12,2.32327178329e-12,9.99194000109e-13,2.80490230651e-13],"max":[0.0167240407318,0.028694357723,0.0172489583492,0.0183760318905,0.0275872182101,0.0143537158147,0.0157321281731,0.0273291859776,0.0177822578698,0.0147718694061,0.0126551575959,0.0076621780172,0.00587422726676,0.00325272558257,0.00227185757831,0.00242345943116,0.0018304301193,0.00182628049515,0.00195373455063,0.00165302969981,0.000602745683864,0.00071206339635,0.00116379419342,0.000412434572354,0.000587867340073,0.000570926815271,0.000203053699806,0.00020070275059,0.000102335303382,0.0000248506185017,0.0000152399488798,0.0000168065744219,0.0000227096898016,0.0000429438150604,0.0000443683566118,0.0000550108525204,0.0000505015559611,0.0000319592218148,0.0000253023936239,0.0000148093877215],"mean":[0.00150620948989,0.00217936304398,0.0011899122037,0.00110601482447,0.000763216521591,0.000472491665278,0.000376564596081,0.000356862001354,0.000272914883681,0.00033220613841,0.000281500717392,0.000134346744744,0.000111474299047,0.0000626524415566,0.0000578139733989,0.0000549240212422,0.0000349630972778,0.0000222704729822,0.0000179949838639,0.0000195976845134,0.0000134418978632,0.0000140580023071,0.0000118557827591,0.00000710031417839,0.00000827581334306,0.00000596888821747,0.00000497501741847,0.00000451671030532,0.00000186419276815,7.81546418693e-7,4.94469986734e-7,4.02208684136e-7,5.34208709269e-7,7.11664597475e-7,7.62705099078e-7,7.88344834746e-7,7.81173298492e-7,5.03325054524e-7,3.11680850018e-7,1.69974384789e-7],"median":[0.000857066304889,0.00143431336619,0.000738916452974,0.000610210758168,0.000353148963768,0.000213267703657,0.000151912594447,0.000132942368509,0.0000937638687901,0.0000727457954781,0.0000459944785689,0.0000373755538021,0.0000340925034834,0.0000183639731404,0.0000183149313671,0.0000173639964487,0.0000123409772641,0.00000758774785936,0.00000745801025914,0.00000843143880047,0.00000509487199452,0.00000487752322442,0.00000413510042563,0.00000235908055402,0.00000202744240596,0.00000212394297705,0.00000184670125236,0.00000154767781169,6.58249632579e-7,3.78757704311e-7,2.37550835891e-7,1.71383263137e-7,1.46137139723e-7,1.72425075107e-7,1.93990445041e-7,1.36500460712e-7,1.01907744465e-7,6.4581691106e-8,3.45704016524e-8,2.35843859997e-8],"min":[9.50195255811e-10,7.2622691194e-10,4.41502195914e-10,3.11983355816e-10,5.29997157273e-10,1.08754205641e-9,1.76270553709e-9,2.08852246608e-9,1.79068038175e-9,1.2345571232e-9,1.16472709255e-9,1.42623857169e-9,1.02344721586e-9,2.3809643146e-10,1.18612411559e-10,1.60566726581e-10,3.73536167275e-11,9.88715099376e-12,4.65899627905e-12,1.95815672704e-12,3.54276816217e-11,1.31481603383e-10,5.00915905977e-11,1.56667231271e-11,7.61512207459e-12,5.51854829195e-12,3.79770650691e-12,3.62393969e-12,3.58090878998e-12,1.92095818419e-12,1.11824872279e-12,1.15977832806e-12,1.02910811383e-12,9.79104818055e-13,7.56323768804e-13,6.27944690603e-13,5.40699592304e-13,4.40273387409e-13,3.71384780568e-13,3.54179630502e-13],"var":[0.00000346118349626,0.00000595387700741,0.00000184846351203,0.00000205637888939,0.00000165980679867,6.782841524e-7,5.33206502951e-7,8.07850710771e-7,4.42749694685e-7,7.88165266385e-7,7.74671036652e-7,1.49785165604e-7,6.48562945571e-8,2.17355911047e-8,1.79942230005e-8,1.69211435974e-8,5.83139936339e-9,3.36156547043e-9,1.96452409895e-9,1.84864346053e-9,1.10920361784e-9,1.23982357714e-9,1.60934454652e-9,4.17731016444e-10,1.05067565759e-9,3.7782915685e-10,9.80542591567e-11,8.58006304894e-11,1.75520518259e-11,1.63383792173e-12,8.05816893247e-13,5.67710592078e-13,1.49823697285e-12,3.6302291468e-12,5.481143317e-12,8.20409799124e-12,9.72034171903e-12,3.88033312079e-12,1.64436834375e-12,4.25362653086e-13]},"melbands_crest":{"dmean":2.4797680378,"dmean2":3.93868112564,"dvar":5.27339172363,"dvar2":14.1111288071,"max":31.7156257629,"mean":13.9210386276,"median":13.284029007,"min":4.78075838089,"var":20.7435264587},"melbands_flatness_db":{"dmean":0.0163304079324,"dmean2":0.0245116520673,"dvar":0.000223438997637,"dvar2":0.000510746031068,"max":0.454064339399,"mean":0.256757408381,"median":0.250361263752,"min":0.0829399004579,"var":0.00326292403042},"melbands_kurtosis":{"dmean":4.34816360474,"dmean2":6.58240938187,"dvar":35.6905784607,"dvar2":82.060585022,"max":138.157058716,"mean":12.9075117111,"median":9.00386142731,"min":-1.6537604332,"var":190.687515259},"melbands_skewness":{"dmean":0.483651429415,"dmean2":0.722454726696,"dvar":0.197481229901,"dvar2":0.44656291604,"max":9.77944278717,"mean":2.49846673012,"median":2.42447900772,"min":-0.974386155605,"var":1.95056128502},"melbands_spread":{"dmean":2.85855865479,"dmean2":4.31657171249,"dvar":11.6955862045,"dvar2":25.1629886627,"max":88.595375061,"mean":14.5754728317,"median":12.3469200134,"min":1.09356963634,"var":94.1473846436},"mfcc":{"cov":[[3506.76049805,-963.668151855,-9.62302112579,-21.8414115906,-349.619384766,-14.0564069748,66.9366378784,-68.4512939453,-55.5968132019,40.7202301025,-46.7972373962,-93.1340408325,-82.0884017944],[-963.668151855,896.570068359,-322.727478027,107.510673523,34.0676803589,16.6360530853,20.2215175629,44.3306427002,29.1776638031,-16.6439380646,80.8309936523,-7.56196260452,33.6291275024],[-9.62302112579,-322.727478027,632.061218262,-97.9779815674,139.637023926,26.0700759888,-46.9186096191,-35.7953414917,-75.3166885376,-2.40345478058,-60.0402145386,29.9904384613,-15.7982873917],[-21.8414115906,107.510673523,-97.9779815674,287.49130249,63.6126899719,29.5075740814,15.5038738251,-11.2036113739,35.2451095581,-43.3943405151,-8.02474117279,-12.3298597336,-2.61121058464],[-349.619384766,34.0676803589,139.637023926,63.6126899719,228.162872314,14.404258728,-13.9420118332,-19.169506073,0.16538067162,-9.08772373199,-27.4710292816,23.2420635223,-3.36975264549],[-14.0564069748,16.6360530853,26.0700759888,29.5075740814,14.404258728,145.644851685,8.71173191071,25.6372756958,-18.1854095459,4.28206920624,4.82355880737,-6.6483001709,9.36964893341],[66.9366378784,20.2215175629,-46.9186096191,15.5038738251,-13.9420118332,8.71173191071,139.48475647,26.9856853485,23.4786148071,-15.6208562851,14.2500247955,7.65557003021,0.518511533737],[-68.4512939453,44.3306427002,-35.7953414917,-11.2036113739,-19.169506073,25.6372756958,26.9856853485,113.523727417,16.2032432556,11.8858833313,7.43272399902,-2.79780220985,7.55218887329],[-55.5968132019,29.1776638031,-75.3166885376,35.2451095581,0.16538067162,-18.1854095459,23.4786148071,16.2032432556,149.952026367,18.0634078979,14.4556074142,1.33676707745,11.4219141006],[40.7202301025,-16.6439380646,-2.40345478058,-43.3943405151,-9.08772373199,4.28206920624,-15.6208562851,11.8858833313,18.0634078979,116.97076416,21.3958034515,3.77350068092,-0.0464088693261],[-46.7972373962,80.8309936523,-60.0402145386,-8.02474117279,-27.4710292816,4.82355880737,14.2500247955,7.43272399902,14.4556074142,21.3958034515,115.227684021,16.8558120728,18.4458255768],[-93.1340408325,-7.56196260452,29.9904384613,-12.3298597336,23.2420635223,-6.6483001709,7.65557003021,-2.79780220985,1.33676707745,3.77350068092,16.8558120728,96.0227432251,17.6135997772],[-82.0884017944,33.6291275024,-15.7982873917,-2.61121058464,-3.36975264549,9.36964893341,0.518511533737,7.55218887329,11.4219141006,-0.0464088693261,18.4458255768,17.6135997772,91.7608261108]],"icov":[[0.00057208823273,0.000652794842608,0.000128308602143,-0.000352222938091,0.000754399690777,-0.0000301692034554,-0.000364923296729,0.000307204230921,0.000273525423836,-0.000301027612295,-0.0000385564344469,0.000352810748154,0.000198003530386],[0.000652794842608,0.00236183172092,0.0010745129548,-0.00050680473214,-0.0000752647174522,-0.000106027713628,-0.000236591789871,-0.000169389328221,0.00058021111181,-0.00000191897447621,-0.00099125772249,0.000624039093964,-0.0000804245355539],[0.000128308602143,0.0010745129548,0.00291069340892,0.00100553664379,-0.00187137431931,-0.000644394545816,0.000329969916493,0.000244783586822,0.000844736176077,0.000266607617959,0.00027492956724,-0.000273890502285,0.000118090225442],[-0.000352222938091,-0.00050680473214,0.00100553664379,0.00510446028784,-0.00227367691696,-0.00130919681396,0.000126286468003,0.000638750847429,-0.00124969449826,0.00192291883286,0.000269075506367,0.000279632338788,0.000234681749134],[0.000754399690777,-0.0000752647174522,-0.00187137431931,-0.00227367691696,0.00765031715855,-0.000179724142072,-0.000282796332613,0.00105179194361,-0.000260922388406,-0.000860235886648,0.00129265687428,-0.00107544101775,0.000508523080498],[-0.0000301692034554,-0.000106027713628,-0.000644394545816,-0.00130919681396,-0.000179724142072,0.00799358077347,-0.000497438770253,-0.00202565640211,0.00148305017501,-0.000828637566883,-0.000544310372788,0.000869936775416,-0.00103221205063],[-0.000364923296729,-0.000236591789871,0.000329969916493,0.000126286468003,-0.000282796332613,-0.000497438770253,0.00843589846045,-0.00196999451146,-0.00129285617732,0.00186532351654,-0.000864608620759,-0.00115672068205,0.00053324009059],[0.000307204230921,-0.000169389328221,0.000244783586822,0.000638750847429,0.00105179194361,-0.00202565640211,-0.00196999451146,0.0105265956372,-0.000868846662343,-0.00105612224434,0.000615997298155,0.000359206605935,-0.000297715596389],[0.000273525423836,0.00058021111181,0.000844736176077,-0.00124969449826,-0.000260922388406,0.00148305017501,-0.00129285617732,-0.000868846662343,0.00818077195436,-0.00181183533277,-0.000440497213276,0.000336531025823,-0.000935538089834],[-0.000301027612295,-0.00000191897447621,0.000266607617959,0.00192291883286,-0.000860235886648,-0.000828637566883,0.00186532351654,-0.00105612224434,-0.00181183533277,0.0103355757892,-0.00192908407189,-0.000316979101626,0.000640816288069],[-0.0000385564344469,-0.00099125772249,0.00027492956724,0.000269075506367,0.00129265687428,-0.000544310372788,-0.000864608620759,0.000615997298155,-0.000440497213276,-0.00192908407189,0.0108337253332,-0.0020124304574,-0.00129664083943],[0.000352810748154,0.000624039093964,-0.000273890502285,0.000279632338788,-0.00107544101775,0.000869936775416,-0.00115672068205,0.000359206605935,0.000336531025823,-0.000316979101626,-0.0020124304574,0.0120894350111,-0.00206171977334],[0.000198003530386,-0.0000804245355539,0.000118090225442,0.000234681749134,0.000508523080498,-0.00103221205063,0.00053324009059,-0.000297715596389,-0.000935538089834,0.000640816288069,-0.00129664083943,-0.00206171977334,0.0120502524078]],"mean":[-667.148864746,164.958282471,-1.81082451344,23.8347148895,6.21484851837,2.77631998062,1.15857207775,6.95996952057,-5.70284128189,8.31468772888,-6.03220558167,1.93417215347,0.560786187649]},"pitch_salience":{"dmean":0.0541257783771,"dmean2":0.0859030559659,"dvar":0.00227797986008,"dvar2":0.00588212581351,"max":0.936898589134,"mean":0.529478907585,"median":0.530951797962,"min":0.132927894592,"var":0.010349156335},"silence_rate_20dB":{"dmean":0,"dmean2":0,"dvar":0,"dvar2":0,"max":1,"mean":1,"median":1,"min":1,"var":0},"silence_rate_30dB":{"dmean":0.00242277397774,"dmean2":0.0048459675163,"dvar":0.00241683586501,"dvar2":0.00637980177999,"max":1,"mean":0.997837007046,"median":1,"min":0,"var":0.00215818872675},"silence_rate_60dB":{"dmean":0.000605693494435,"dmean2":0.00121149187908,"dvar":0.000605421082582,"dvar2":0.00138347200118,"max":1,"mean":0.0272538494319,"median":0,"min":0,"var":0.0265110787004},"spectral_centroid":{"dmean":118.396621704,"dmean2":180.075332642,"dvar":18197.3222656,"dvar2":40213.9804688,"max":2882.43237305,"mean":848.813293457,"median":747.935791016,"min":215.501525879,"var":184446.765625},"spectral_complexity":{"dmean":2.02890014648,"dmean2":3.34042930603,"dvar":3.23645305634,"dvar2":8.07919311523,"max":40,"mean":15.2382764816,"median":15,"min":0,"var":33.0217018127},"spectral_contrast_coeffs":{"dmean":[0.0397687293589,0.0409060008824,0.0351901054382,0.0285279173404,0.0198551248759,0.0135747892782],"dmean2":[0.0644561052322,0.064961604774,0.0557232275605,0.0465102046728,0.0330479815602,0.0216067917645],"dvar":[0.00107219954953,0.00115170446225,0.000798295601271,0.000500661495607,0.000261364504695,0.00013878219761],"dvar2":[0.00281681725755,0.00292081199586,0.00192230870016,0.00133128976449,0.000678265234455,0.000332894182066],"max":[-0.319513589144,-0.397829920053,-0.424867153168,-0.553615272045,-0.539859831333,-0.588485360146],"mean":[-0.624722182751,-0.681858718395,-0.721660494804,-0.753952741623,-0.76278012991,-0.76670897007],"median":[-0.628147959709,-0.685818910599,-0.730443120003,-0.757153987885,-0.76981651783,-0.769373774529],"min":[-0.959736526012,-0.96702593565,-0.949406325817,-0.88894879818,-0.904352366924,-0.96157091856],"var":[0.0067391442135,0.00460697943345,0.00519689079374,0.00236848113127,0.0024310273584,0.00167371705174]},"spectral_contrast_valleys":{"dmean":[0.287720471621,0.2772102952,0.257048726082,0.207492917776,0.164545029402,0.169249221683],"dmean2":[0.480626553297,0.449968665838,0.421312898397,0.342123866081,0.262474536896,0.244602292776],"dvar":[0.0602310523391,0.0513838641346,0.0447441712022,0.0294908378273,0.0261720307171,0.0448646955192],"dvar2":[0.168345436454,0.134904652834,0.115745358169,0.0759522244334,0.060399543494,0.0846645608544],"max":[-5.34089231491,-4.98278570175,-5.30637311935,-6.14859104156,-6.45456981659,-8.22616481781],"mean":[-6.96252393723,-6.79390764236,-7.45705890656,-7.99167871475,-8.19666194916,-11.1340065002],"median":[-6.85301208496,-6.73178005219,-7.43160533905,-7.94289875031,-8.08753967285,-11.0110206604],"min":[-12.2331733704,-11.3611555099,-11.7172203064,-14.4098358154,-13.6657104492,-15.1382865906],"var":[0.525318920612,0.375245183706,0.445231229067,0.399512588978,0.522477209568,1.27378869057]},"spectral_decrease":{"dmean":1.52777923645e-9,"dmean2":2.34894992346e-9,"dvar":3.17378013419e-18,"dvar2":8.16535459814e-18,"max":-1.62237184001e-14,"mean":-7.74847030982e-9,"median":-6.58930954245e-9,"min":-3.92862666843e-8,"var":2.50048394281e-17},"spectral_energy":{"dmean":0.00596940424293,"dmean2":0.00917993113399,"dvar":0.0000487044890178,"dvar2":0.000124826197862,"max":0.155733928084,"mean":0.0305952969939,"median":0.0260172467679,"min":6.56835865698e-8,"var":0.000386958708987},"spectral_energyband_high":{"dmean":0.0000691211171215,"dmean2":0.0000983092395472,"dvar":3.40585870617e-8,"dvar2":5.47873071355e-8,"max":0.00381459412165,"mean":0.000235711209825,"median":0.0000955974828685,"min":4.01444238962e-10,"var":1.99458412453e-7},"spectral_energyband_low":{"dmean":0.00284971576184,"dmean2":0.00452593713999,"dvar":0.0000147610799104,"dvar2":0.0000421994191129,"max":0.098228611052,"mean":0.0111179854721,"median":0.00803497247398,"min":5.48636069908e-9,"var":0.000112596950203},"spectral_energyband_middle_high":{"dmean":0.00125958537683,"dmean2":0.00186692248099,"dvar":0.00000603068974669,"dvar2":0.000012908069948,"max":0.0699893608689,"mean":0.00444079888985,"median":0.00222357548773,"min":2.23603642269e-8,"var":0.0000355039810529},"spectral_energyband_middle_low":{"dmean":0.00450696516782,"dmean2":0.0067460234277,"dvar":0.0000395698625653,"dvar2":0.0000957068114076,"max":0.135686948895,"mean":0.016176648438,"median":0.0122378533706,"min":3.79739866219e-8,"var":0.000190671969904},"spectral_entropy":{"dmean":0.123930051923,"dmean2":0.1823759377,"dvar":0.0146056013182,"dvar2":0.0296144317836,"max":8.56943511963,"mean":7.07682991028,"median":7.08986616135,"min":5.43729400635,"var":0.152014806867},"spectral_flux":{"dmean":0.0153935952112,"dmean2":0.0255768336356,"dvar":0.000263738853391,"dvar2":0.000708777923137,"max":0.232414603233,"mean":0.0639473944902,"median":0.0590784028172,"min":0.00435328902677,"var":0.00105240440462},"spectral_kurtosis":{"dmean":2.53213310242,"dmean2":4.38553333282,"dvar":8.16442108154,"dvar2":25.0835609436,"max":55.4025001526,"mean":7.05347204208,"median":5.94146156311,"min":-1.16208446026,"var":22.987663269},"spectral_rms":{"dmean":0.000513758452144,"dmean2":0.000784150848631,"dvar":2.53326561506e-7,"dvar2":6.34949458345e-7,"max":0.0123262135312,"mean":0.00517217582092,"median":0.00503812264651,"min":0.00000800509496912,"var":0.00000309774395646},"spectral_rolloff":{"dmean":196.064956665,"dmean2":330.970794678,"dvar":244388.890625,"dvar2":490724.5,"max":9087.01171875,"mean":841.707824707,"median":645.99609375,"min":86.1328125,"var":813520.25},"spectral_skewness":{"dmean":0.251007080078,"dmean2":0.418298959732,"dvar":0.0562838613987,"dvar2":0.164211660624,"max":5.30040979385,"mean":1.89758479595,"median":1.85125207901,"min":0.22051024437,"var":0.295988559723},"spectral_spread":{"dmean":280333.4375,"dmean2":404457.0625,"dvar":195213066240,"dvar2":259011035136,"max":27516576,"mean":3457715.5,"median":3157411.5,"min":1185546.875,"var":1922571042820},"spectral_strongpeak":{"dmean":0.482602506876,"dmean2":0.802732825279,"dvar":0.723793029785,"dvar2":1.71226763725,"max":14.732624054,"mean":1.04888164997,"median":0.517150700092,"min":0.0000838239648147,"var":1.84393000603},"zerocrossingrate":{"dmean":0.00485387118533,"dmean2":0.00586186815053,"dvar":0.0000402222976845,"dvar2":0.0000382821308449,"max":0.22705078125,"mean":0.0360557548702,"median":0.0322265625,"min":0.00390625,"var":0.000459565315396}},"metadata":{"audio_properties":{"analysis_sample_rate":44100,"bit_rate":0,"codec":"flac","downmix":"mix","equal_loudness":0,"length":268.333343506,"lossless":true,"md5_encoded":"959e3ae15e000ffbbe60424a4499a669","replay_gain":-10.7316055298,"sample_rate":44100},"tags":{"album":["Nostradamus (disc 1)"],"albumartist":["Judas Priest"],"albumartistsort":["Judas Priest"],"analysis":["MusicMagic DataAgECJ/eKsOKzm9FOhDuV4Vv5gAGDLoZUCKWZ9k8VgAHfS6STheQCcK4aiUONGog1gO+AAd+DCkMMnMXXgAG/fxDq4uiv5MV2gAKAAbikq7u1JYSw2xJRLJs8hZOH7fWunANO2ZPH+pqZU4dA8xavfKfAmw6igYIogAEOLspQGsrINYw1zB3/qPFQshPiOoBFgDo="],"artist":["Judas Priest"],"artistsort":["Judas Priest"],"asin":["B0018C1DQ4"],"barcode":["886973155929"],"catalognumber":["88697315592"],"date":["2008-06-16"],"discid":["b00d220d"],"discnumber":["1"],"file_name":"12 Lost Love.flac","fingerprint":["MusicMagic FingerprintARCUPgM35isAJMApCx2fF5MUyAy6FEIOJwqpEjoKMw9jBbkNiATQCNYOJgr1CCoFvQT/A50DbgOKA3ECCQFdAQcA7wDYAQIBIQE9AT0BMQEo9KTNhS9wzfkCm1mo6Kz+wPWC+iIJzgS+/Nv5kgAxAO/8fftSAFT90v9DAWcAnQGEAD8AAACiAEIAaABRAD8ALgAPAAkAEgAK//cACgAJ//IH10jYIlrM5Bap6Gy+1ulx/134wPYJ9fv2Z+6a80vy4/oM9lf98PzG9OP46vsF+zn8a/12/H39vfzZ/qD/Q/90/3//lP+V/7j/vv+h/3b/dfhEIrEQ9Cn6qNMXrfJ0FuLNmPLb86MFafj36ab6Rv0K/AvsIv0++/vzifhX+xr+p/xo/i3+1fzb/YX+Sf99/4v/OP9G/yj/KP9o/13/wf+7EMskp7Ak6KDsdCxc2a0BaQRvDbMR6AlVEIMVdxdgIvwLRww6BvEJSQ/6DJUEjgG/AmYA+QDQA1AEIwJPAFMAKQCAAOIBMgDKAIwAUQAiAI/npPVKLvvf99ciyHb5WQkF+EcFXSbMEeURmxJBJj4uAAy6DOkIsAoZFZYS4wVLAu8D4gHNArsChwQLAowAVQAyAB8AvgE2AIUAbABBAD0AdwoJ290AtzKCJc/xBK+uMlAAp/8R+WEZ6f+e6tYHfhZBAc37tf7rBm0AAQG2/wv/hABBAGD/TAE0ADgADv/8AAAAKQAQAAj/0wAXACoAFP/1My4nGw=="],"format":["CD"],"genre":["Heavy Metal"],"label":["Columbia Records"],"language":["eng"],"musicbrainz_albumartistid":["6b335658-22c8-485d-93de-0bc29a1d0349"],"musicbrainz_albumid":