{"lowlevel":{"average_loudness":0.727908074856,"barkbands":{"dmean":[0.0000324630964315,0.00254878308624,0.00156261317898,0.000912272196729,0.0011327493703,0.000765998032875,0.00113524403423,0.00080359831918,0.000552145240363,0.000938894110732,0.000284303590888,0.00057646795176,0.00023665514891,0.000273305602605,0.000305088266032,0.000192312261788,0.000190701961401,0.000181211595191,0.000138170129503,0.0000916149874683,0.0000699094962329,0.0000453648717667,0.0000469236729259,0.0000328204805555,0.0000241281595663,0.0000146347110785,0.00000296602320304],"dmean2":[0.0000543820133316,0.00384422764182,0.00261637684889,0.00147967680823,0.00179541332182,0.00118407432456,0.00177335808985,0.00127540214453,0.000877066748217,0.00149655819405,0.000451229308965,0.000963759375736,0.000370219000615,0.000442607328296,0.000491007231176,0.000317747326335,0.000317947502481,0.000300450250506,0.00022428984812,0.000145557423821,0.000113241803774,0.0000740601026337,0.0000764992437325,0.0000494357846037,0.0000354079529643,0.000021515892513,0.00000436444452134],"dvar":[8.0112787515e-9,0.0000535137114639,0.0000212449067476,0.00000291349374493,0.00000262562343778,0.00000217112233258,0.00000871748488862,0.00000442791997557,0.00000135501124987,0.00000490138882014,9.40339191402e-7,0.00000144847615502,3.33434741151e-7,4.09141023283e-7,3.99042050958e-7,2.12417177181e-7,1.52012461285e-7,1.27700829466e-7,5.87608681712e-8,2.87299304347e-8,1.93227780443e-8,1.31924799973e-8,1.31657769131e-8,5.83932946441e-9,4.68342120641e-9,2.99501734524e-9,1.20688153915e-10],"dvar2":[2.04383034941e-8,0.000119756878121,0.0000593592230871,0.00000744866474633,0.00000656751853967,0.00000544111162526,0.000020485920686,0.0000103032034531,0.00000326964141095,0.0000117148374557,0.00000209549239116,0.00000413885027228,6.98077428751e-7,9.90698026726e-7,9.48156753111e-7,4.98589884046e-7,3.78906776177e-7,3.39366920343e-7,1.48367107045e-7,6.96482373996e-8,4.92865339652e-8,3.57658436201e-8,3.46270958573e-8,1.22360388488e-8,9.56597823176e-9,6.10036465787e-9,2.63369742681e-10],"max":[0.0011170853395,0.110358253121,0.0623053982854,0.0257868822664,0.0294790621847,0.0431705228984,0.081878721714,0.0655375495553,0.0329524539411,0.0498735755682,0.0578796081245,0.0230419263244,0.0190120395273,0.0179884191602,0.0191342998296,0.0181072093546,0.0114154843614,0.00733404420316,0.00504519883543,0.00429608346894,0.00337042356841,0.00264698197134,0.00325696123764,0.00261612515897,0.0026297881268,0.0016485262895,0.00032765098149],"mean":[0.0000568276409467,0.00439912965521,0.00247884821147,0.00147701147944,0.00218826672062,0.00169270671904,0.00260658934712,0.00146456551738,0.00107189081609,0.00186121405568,0.000500031164847,0.000976425071713,0.000474774133181,0.000515001767781,0.000590060430113,0.000351327151293,0.000383696140489,0.000428588624345,0.00036324840039,0.000245263276156,0.000190085236682,0.000120150602015,0.000139719762956,0.000110183660581,0.0000712245819159,0.000033808297303,0.0000058286782405],"median":[0.000032904856198,0.00252950680442,0.00131805578712,0.000738169299439,0.00127396790776,0.000657504424453,0.000527409662027,0.000238420601818,0.000359870668035,0.0004592363548,0.000155624336912,0.000304055429297,0.00017747298989,0.000187192999874,0.00027255419991,0.000126782571897,0.000142105433042,0.000128758983919,0.000182809264516,0.000104765844299,0.0000685361301294,0.0000356470409315,0.0000532813501195,0.0000385651183024,0.0000172752406797,0.00000517443459103,2.99151508898e-7],"min":[3.85863719003e-25,3.43849914102e-24,6.32842559184e-25,1.42114376759e-24,4.86528977219e-24,6.07342512094e-24,6.04282638972e-24,5.0363570205e-24,9.99855401616e-24,2.80148930578e-23,2.46898601195e-23,1.56414945857e-23,3.0858600937e-23,3.69326563578e-23,5.11433607875e-23,5.45683550243e-23,7.61317921379e-23,1.01171985385e-22,1.19273004701e-22,1.76745939267e-22,2.31743680749e-22,3.41373637122e-22,3.88484789035e-22,5.66820415555e-22,9.13478612949e-22,1.40787250973e-21,1.98457653201e-21],"var":[7.93622945139e-9,0.0000611031064182,0.0000167757971212,0.00000412224380852,0.0000069771381277,0.00000904153876036,0.0000480387097923,0.0000153625387611,0.00000490338425152,0.0000188237136172,0.00000291173000733,0.00000264324830823,0.00000144940599967,0.00000150826451772,0.00000118751199807,4.16713902496e-7,4.03256564141e-7,4.77742787552e-7,2.42028136199e-7,1.32882973958e-7,9.26073795426e-8,5.91149564855e-8,6.95265427453e-8,4.31112674448e-8,1.93491160871e-8,8.73055583384e-9,3.41236927603e-10]},"barkbands_crest":{"dmean":2.17905592918,"dmean2":3.44829392433,"dvar":4.69373750687,"dvar2":11.2473316193,"max":23.9398403168,"mean":9.24248790741,"median":8.50813961029,"min":1.79264330864,"var":15.4495344162},"barkbands_flatness_db":{"dmean":0.0162874422967,"dmean2":0.0243595149368,"dvar":0.000312949414365,"dvar2":0.000689945358317,"max":0.359101325274,"mean":0.125200375915,"median":0.120991326869,"min":0.0170712266117,"var":0.00284585519694},"barkbands_kurtosis":{"dmean":2.37549257278,"dmean2":3.78253674507,"dvar":33.939956665,"dvar2":84.7500534058,"max":162.817092896,"mean":4.04046869278,"median":1.05675315857,"min":-1.82767319679,"var":84.0949172974},"barkbands_skewness":{"dmean":0.413787782192,"dmean2":0.638424277306,"dvar":0.273127049208,"dvar2":0.633310258389,"max":10.894490242,"mean":1.39931869507,"median":1.1244853735,"min":-2.09761786461,"var":1.48116099834},"barkbands_spread":{"dmean":4.33402061462,"dmean2":6.69150495529,"dvar":29.7825603485,"dvar2":60.1567153931,"max":121.947090149,"mean":22.7380008698,"median":20.7308921814,"min":1.18406677246,"var":177.68913269},"dissonance":{"dmean":0.0186205543578,"dmean2":0.0314805582166,"dvar":0.000310165254632,"dvar2":0.000841687782668,"max":0.500000059605,"mean":0.460858643055,"median":0.466960072517,"min":0.277554959059,"var":0.00079119723523},"dynamic_complexity":4.17204999924,"erbbands":{"dmean":[0.0616122744977,0.635690569878,1.68202567101,2.42382407188,2.8144068718,4.50182771683,5.78423261642,6.00960731506,15.0551452637,11.8171901703,20.4258499146,13.0954084396,28.8423252106,19.2763824463,8.79926300049,26.7000408173,11.0789470673,14.2533102036,13.4669485092,12.0744695663,10.1927223206,8.0192155838,9.10392093658,8.75566387177,4.92421102524,4.07547283173,3.25383377075,2.80522084236,1.71330595016,1.54348373413,1.28264474869,0.807943940163,0.530638277531,0.356274604797,0.136092707515,0.0712314546108,0.0274211354554,0.00491969194263,0.000535425555427,0.0000247191946983],"dmean2":[0.08989828825,0.972024977207,2.78920173645,3.97205734253,4.45641946793,7.06877231598,8.72043704987,9.3675994873,23.3757133484,18.3739852905,32.6855812073,20.5593299866,45.7360954285,30.7791614532,14.2221088409,44.7163009644,17.3493862152,22.8076686859,22.0014457703,19.4006347656,16.8831367493,13.2283296585,15.0257558823,14.4381828308,8.03904438019,6.48965597153,5.27167463303,4.5411901474,2.80576753616,2.56334877014,2.09465384483,1.2567409277,0.792807936668,0.526921570301,0.204188555479,0.105726502836,0.0412632115185,0.00711298314855,0.000785167736467,0.0000374884730263],"dvar":[0.0400060415268,3.06740045547,25.1965789795,20.4932556152,30.2373752594,44.9106864929,137.557403564,188.275680542,1433.25366211,716.441711426,3152.79248047,744.951965332,7063.04931641,2003.03991699,287.87991333,3284.70874023,621.942138672,1035.75854492,701.168334961,1144.19018555,404.578308105,264.238098145,354.266082764,250.032226562,85.6007614136,58.1817321777,40.1171264648,34.1905021667,18.8259601593,17.0618515015,9.7479724884,3.77417492867,1.74938821793,1.05792415142,0.146554931998,0.0694357976317,0.0122438408434,0.000360392965376,0.00000368499559045,6.2918541488e-9],"dvar2":[0.0864925906062,7.12882328033,69.592376709,55.8364868164,77.1803359985,106.34803772,304.075256348,476.313476562,3269.1706543,1736.11853027,7424.75488281,1805.18078613,16954.4277344,5073.703125,690.157348633,9420.20019531,1274.61328125,2439.45507812,1654.24511719,2595.71459961,988.41796875,663.665039062,946.815673828,658.286682129,230.671737671,143.882492065,101.541763306,88.0140686035,50.2132759094,46.8503494263,25.9813461304,8.65408706665,3.52419352531,2.19913864136,0.321901738644,0.147430822253,0.0264143943787,0.000717326242011,0.00000795084633864,1.44827145832e-8],"max":[3.14449834824,24.4906749725,71.1379852295,69.6133880615,134.324920654,125.825141907,266.04107666,503.280578613,1108.04528809,710.585266113,1798.61486816,897.392211914,1833.67663574,1828.71508789,632.80682373,1017.38635254,872.865722656,931.842834473,833.760253906,1207.39428711,665.740234375,423.579315186,510.194946289,352.189483643,208.95703125,198.366470337,129.328994751,160.358261108,115.510536194,87.3513793945,98.4935531616,77.5429992676,48.4311332703,37.9843101501,12.0042104721,10.5653238297,5.55096149445,0.828035652637,0.0463315919042,0.00200252817012],"mean":[0.0849702954292,1.13463699818,3.00649523735,4.24175643921,4.52735471725,8.54148101807,12.8939161301,12.936337471,36.227104187,26.508354187,35.8829040527,27.526884079,62.4739875793,36.5941200256,18.1922798157,44.4703178406,24.1379489899,30.3206558228,27.433385849,26.3818912506,21.7655544281,19.0048408508,22.7471828461,23.0062484741,13.6505641937,11.2241783142,9.15902137756,7.46333742142,4.51809978485,4.15360927582,3.78226304054,2.71679329872,1.61874341965,1.00674128532,0.383827209473,0.170364499092,0.0580928884447,0.0102531788871,0.00109582883306,0.0000664186372887],"median":[0.0369370765984,0.68291002512,1.76673042774,2.40072989464,2.44311213493,4.37946128845,3.98083901405,5.39845275879,7.65632009506,8.23619937897,8.18140506744,10.1401090622,11.6863431931,12.5312833786,9.58822154999,14.0154953003,11.0932168961,12.8418197632,15.0219736099,10.1586141586,9.19662094116,7.5007610321,7.19328546524,10.2228813171,7.1097278595,5.11065578461,3.87523555756,2.4867913723,1.28336012363,1.39348101616,1.50264596939,0.977722644806,0.52549880743,0.268326222897,0.0819743275642,0.0288178734481,0.0076206526719,0.00107294297777,0.0000729217936168,0.0000326119043166],"min":[8.92414928685e-23,3.62903860036e-22,1.33203099316e-21,4.32619337774e-21,7.79082644872e-21,2.08700253487e-20,3.39604428856e-20,7.15141518899e-20,1.09560059208e-19,1.48837528598e-19,2.9741079884e-19,3.43927223039e-19,9.08366838711e-19,1.15721657797e-18,1.05183624948e-18,8.99606582434e-19,1.90532120551e-18,2.45892527215e-18,2.78029362552e-18,3.50554635466e-18,2.86477854456e-18,4.59174203242e-18,6.50087199106e-18,5.78440040451e-18,7.42008140984e-18,8.4749774004e-18,9.00621925957e-18,1.03238915056e-17,1.22974857173e-17,1.12898531726e-17,1.29964980027e-17,1.03506871943e-17,9.12214200497e-18,8.0231895478e-18,6.76169982258e-18,4.46455680938e-18,2.57763499583e-18,1.07392042087e-18,2.40868764671e-19,2.62140402363e-20],"var":[0.0440527312458,3.44194889069,20.6263446808,27.2104415894,40.7679214478,133.827529907,602.28692627,676.038574219,8807.29199219,3386.63964844,9138.45605469,2832.70043945,28754.7246094,5909.70849609,867.71484375,5733.640625,2483.89086914,4120.25537109,1961.72131348,3840.02026367,1087.11437988,884.514587402,1376.95751953,1046.82727051,335.250640869,261.967041016,184.190093994,168.739318848,84.9179534912,61.5361251831,52.2415771484,31.0531330109,8.99553108215,3.92775940895,0.595194995403,0.183125853539,0.033567328006,0.00105285132304,0.0000114168533401,1.64529900815e-8]},"erbbands_crest":{"dmean":2.72971272469,"dmean2":4.43926000595,"dvar":6.19689130783,"dvar2":15.8276348114,"max":29.00207901,"mean":9.98302364349,"median":9.06222724915,"min":2.34742546082,"var":20.9358024597},"erbbands_flatness_db":{"dmean":0.0138193406165,"dmean2":0.0204803980887,"dvar":0.000178052359843,"dvar2":0.000352223432856,"max":0.341254323721,"mean":0.151535779238,"median":0.149479940534,"min":0.046591065824,"var":0.00153009884525},"erbbands_kurtosis":{"dmean":0.772081375122,"dmean2":1.24426853657,"dvar":0.85295176506,"dvar2":2.10663485527,"max":15.2193584442,"mean":0.514695703983,"median":0.0472564697266,"min":-1.76503872871,"var":2.82891845703},"erbbands_skewness":{"dmean":0.32098543644,"dmean2":0.506176829338,"dvar":0.0806902945042,"dvar2":0.192850500345,"max":3.6294927597,"mean":0.37806007266,"median":0.335836529732,"min":-2.49121904373,"var":0.508514881134},"erbbands_spread":{"dmean":6.46792793274,"dmean2":9.99850654602,"dvar":52.9977035522,"dvar2":112.743362427,"max":175.608169556,"mean":36.0277938843,"median":33.2246627808,"min":4.72205066681,"var":307.287475586},"gfcc":{"cov":[[18021.2539062,-790.094604492,-1050.22131348,631.767883301,-646.308227539,-131.188247681,-476.299438477,233.432800293,-392.986755371,156.035766602,-79.6739120483,321.836120605,-148.858108521],[-790.094604492,1187.80249023,-183.542800903,16.0625209808,85.2778778076,19.931596756,32.7567443848,-84.8574676514,82.7260055542,-95.2437820435,100.399932861,-114.811248779,84.9576187134],[-1050.22131348,-183.542800903,644.870056152,79.202583313,21.4364242554,34.7682533264,15.2520704269,-5.96780586243,-10.8798980713,38.9043426514,-15.7526826859,5.25919723511,-11.2397127151],[631.767883301,16.0625209808,79.202583313,367.337554932,21.7111339569,43.8069610596,-14.9603710175,-24.2251777649,12.5513277054,-1.74074304104,-6.14404726028,-11.0413656235,20.7871685028],[-646.308227539,85.2778778076,21.4364242554,21.7111339569,230.503585815,48.9991493225,42.6393737793,-8.98085403442,24.0593681335,-26.0457420349,-16.3853626251,-19.6115932465,22.5825653076],[-131.188247681,19.931596756,34.7682533264,43.8069610596,48.9991493225,176.09727478,59.6555671692,-7.43511486053,7.5730009079,-9.13076496124,-20.0738716125,-24.5359916687,-3.30335211754],[-476.299438477,32.7567443848,15.2520704269,-14.9603710175,42.6393737793,59.6555671692,118.624542236,23.02775383,19.5121555328,-6.55731391907,1.80883085728,-21.5844287872,-2.70604610443],[233.432800293,-84.8574676514,-5.96780586243,-24.2251777649,-8.98085403442,-7.43511486053,23.02775383,92.2632141113,17.5480480194,23.7893238068,-7.21526432037,5.41703033447,-9.51139545441],[-392.986755371,82.7260055542,-10.8798980713,12.5513277054,24.0593681335,7.5730009079,19.5121555328,17.5480480194,95.2499465942,19.2644271851,7.71461677551,-15.467956543,-1.83163332939],[156.035766602,-95.2437820435,38.9043426514,-1.74074304104,-26.0457420349,-9.13076496124,-6.55731391907,23.7893238068,19.2644271851,83.0379638672,17.3590583801,11.0549640656,-15.5086889267],[-79.6739120483,100.399932861,-15.7526826859,-6.14404726028,-16.3853626251,-20.0738716125,1.80883085728,-7.21526432037,7.71461677551,17.3590583801,84.4396896362,20.2700767517,6.25457143784],[321.836120605,-114.811248779,5.25919723511,-11.0413656235,-19.6115932465,-24.5359916687,-21.5844287872,5.41703033447,-15.467956543,11.0549640656,20.2700767517,88.2187805176,1.42308855057],[-148.858108521,84.9576187134,-11.2397127151,20.7871685028,22.5825653076,-3.30335211754,-2.70604610443,-9.51139545441,-1.83163332939,-15.5086889267,6.25457143784,1.42308855057,73.3016586304]],"icov":[[0.000130497661303,-0.0000925319400267,0.000264830538072,-0.000343833118677,0.000191503655515,-0.000123707635794,0.000359972007573,-0.000519865599927,0.000659476034343,-0.000358888268238,0.000309697614284,-0.000442786957137,0.000314346980304],[-0.0000925319400267,0.00183954648674,0.0000597117832513,0.000364924024325,-0.000296974816592,-0.0000377250617021,-0.00000208814822145,0.0012348027667,-0.0019701605197,0.00225328444503,-0.0030185340438,0.00271137082018,-0.00153193448205],[0.000264830538072,0.0000597117832513,0.00228982139379,-0.00105193792842,0.000166919853655,-0.000355081778252,0.000350065791281,-0.000557558960281,0.00160958676133,-0.00162933988031,0.000753981701564,-0.000795498432126,0.000637777033262],[-0.000343833118677,0.000364924024325,-0.00105193792842,0.0039791460149,-0.000555502541829,-0.000618576537818,0.0000232200472965,0.00190416967962,-0.00246473425068,0.00109134998638,-0.00100156129338,0.00157341838349,-0.0017954914365],[0.000191503655515,-0.000296974816592,0.000166919853655,-0.000555502541829,0.00560009246692,-0.000899236998521,-0.000871969154105,-0.000190484657651,-0.000387391715776,0.000552145007532,0.0015963469632,-0.000860506494064,-0.000918834877666],[-0.000123707635794,-0.0000377250617021,-0.000355081778252,-0.000618576537818,-0.000899236998521,0.00795219372958,-0.00444042729214,0.00201009004377,-0.000245921633905,-0.000306589703541,0.00167383428197,0.000751872663386,0.000417343631852],[0.000359972007573,-0.00000208814822145,0.000350065791281,0.0000232200472965,-0.000871969154105,-0.00444042729214,0.0137328878045,-0.00534031679854,0.000401176977903,0.0014361301437,-0.00230136024766,0.00132582266815,0.00114758184645],[-0.000519865599927,0.0012348027667,-0.000557558960281,0.00190416967962,-0.000190484657651,0.00201009004377,-0.00534031679854,0.016465542838,-0.00514248153195,-0.00168593274429,0.000696387665812,0.0011494330829,-0.00159065285698],[0.000659476034343,-0.0019701605197,0.00160958676133,-0.00246473425068,-0.000387391715776,-0.000245921633905,0.000401176977903,-0.00514248153195,0.0173271354288,-0.00671720178798,0.00253797671758,-0.00186433247291,0.00285566668026],[-0.000358888268238,0.00225328444503,-0.00162933988031,0.00109134998638,0.000552145007532,-0.000306589703541,0.0014361301437,-0.00168593274429,-0.00671720178798,0.0196140781045,-0.00756065826863,0.00306430622004,0.00031821403536],[0.000309697614284,-0.0030185340438,0.000753981701564,-0.00100156129338,0.0015963469632,0.00167383428197,-0.00230136024766,0.000696387665812,0.00253797671758,-0.00756065826863,0.0198197998106,-0.00819244142622,0.00104779726826],[-0.000442786957137,0.00271137082018,-0.000795498432126,0.00157341838349,-0.000860506494064,0.000751872663386,0.00132582266815,0.0011494330829,-0.00186433247291,0.00306430622004,-0.00819244142622,0.018218036741,-0.00316572096199],[0.000314346980304,-0.00153193448205,0.000637777033262,-0.0017954914365,-0.000918834877666,0.000417343631852,0.00114758184645,-0.00159065285698,0.00285566668026,0.00031821403536,0.00104779726826,-0.00316572096199,0.0169117022306]],"mean":[-12.3291292191,94.0436477661,-116.000793457,32.6454620361,-54.0889587402,20.0599842072,-33.0639305115,10.9500865936,-20.8681659698,1.0616877079,-12.5219726562,-4.2741727829,-11.813076973]},"hfc":{"dmean":3.52857542038,"dmean2":5.36737394333,"dvar":22.0818729401,"dvar2":50.5481796265,"max":133.544662476,"mean":20.3742542267,"median":14.501326561,"min":1.10334385978e-16,"var":348.835327148},"melbands":{"dmean":[0.000635184813291,0.000835682440083,0.000419821910327,0.000257341307588,0.000189989470528,0.000137481358252,0.000241636676947,0.000124383688672,0.000167987192981,0.0000833403610159,0.000143940764247,0.0000791824204498,0.0000288136616291,0.0000615151511738,0.000042997784476,0.00002694808245,0.00003009100692,0.0000221348418563,0.0000201668372029,0.0000165123856277,0.0000128977490021,0.0000102256080936,0.00000949350760493,0.00000861869102664,0.00000800424822955,0.00000440742041974,0.00000288960586659,0.00000316351201946,0.00000267513269137,0.00000195710981643,0.00000168348265106,0.00000112538498342,8.68402480592e-7,0.00000102179876649,8.79723188518e-7,6.55041503705e-7,5.26995734162e-7,4.13180231362e-7,3.90988674326e-7,3.08430969653e-7],"dmean2":[0.000939321820624,0.00136136414949,0.000678881420754,0.00040584357339,0.000289953168249,0.000214023748413,0.000376504525775,0.000193065687199,0.00026929465821,0.000129683321575,0.00022784738394,0.000126211962197,0.0000459760267404,0.000103121827124,0.000071512440627,0.0000417538212787,0.0000483894837089,0.0000362698629033,0.0000323065323755,0.0000271423377853,0.0000213922630792,0.0000169455015566,0.0000158322600328,0.0000143728721014,0.0000132168397613,0.00000721719425201,0.00000469687938676,0.00000506842161485,0.00000435434458268,0.00000322657683682,0.00000273645264315,0.0000018754053599,0.00000142118233271,0.00000171506030711,0.00000146467061768,0.00000102830222204,8.41383155148e-7,6.35589685771e-7,5.95890242039e-7,4.67750680855e-7],"dvar":[0.00000382702364732,0.0000054620136325,6.06427875027e-7,1.52522574126e-7,1.18970525875e-7,8.93930973689e-8,3.8257178403e-7,7.51232533958e-8,2.10206081874e-7,3.46295614406e-8,1.74676713982e-7,3.19599244847e-8,5.98954086328e-9,1.50705172786e-8,9.21010556709e-9,4.8747064163e-9,5.09316588904e-9,1.85395654384e-9,1.67510427751e-9,1.71397163129e-9,7.16977477389e-10,4.57515136887e-10,4.32403030048e-10,3.04500397119e-10,2.21518733912e-10,6.26113882962e-11,3.58935277334e-11,3.62765859019e-11,2.80257830831e-11,1.65890409048e-11,1.29782538882e-11,8.10876019108e-12,5.12814573791e-12,7.01338856782e-12,5.03277064121e-12,2.4791017763e-12,1.82431500462e-12,1.07592862571e-12,1.00383438541e-12,8.44889533769e-13],"dvar2":[0.00000830694443721,0.0000143261777339,0.00000158823524998,3.83928409065e-7,2.67685322797e-7,2.31428231245e-7,8.84138842139e-7,1.80419633011e-7,5.01418810472e-7,8.30593904766e-8,4.19633835236e-7,8.1262164997e-8,1.33600872587e-8,4.25223838363e-8,2.56947920718e-8,9.6403018901e-9,1.22105214828e-8,4.34737801314e-9,3.98594490747e-9,3.86453313794e-9,1.71081171452e-9,1.13431153359e-9,1.16006892981e-9,8.18361212129e-10,5.77291825454e-10,1.68426508851e-10,9.03387295526e-11,9.08801783828e-11,7.1293256021e-11,4.32520408378e-11,3.37751770996e-11,2.25793966857e-11,1.35380127247e-11,1.95349691284e-11,1.36069523704e-11,6.00602336961e-12,4.56016084269e-12,2.37240240474e-12,2.04170534646e-12,1.84483786754e-12],"max":[0.0309327673167,0.0330494306982,0.0099501144141,0.0076279961504,0.00742893479764,0.0097966240719,0.0179398357868,0.00856156367809,0.0134358359501,0.00597844505683,0.00931139755994,0.00672976253554,0.00449587032199,0.00320567726158,0.00193859089632,0.00263674138114,0.00203791167587,0.0012303784024,0.00121590390336,0.00154228799511,0.00108760851435,0.000634600350168,0.000558568281122,0.000374091701815,0.000368709792383,0.000143372191815,0.000152215085109,0.000174320739461,0.00010487891268,0.0000877266938915,0.0000924677078729,0.0000686962303007,0.0000581857893849,0.0000583436703891,0.0000694069749443,0.0000547595518583,0.0000493313491461,0.0000296405542031,0.0000402051264246,0.0000335229342454],"mean":[0.00102467276156,0.0016024649376,0.000727186503354,0.000464465119876,0.000428750383435,0.000294440367725,0.000577649916522,0.000273428420769,0.000283808301901,0.000173755252035,0.000307067268295,0.000142915407196,0.0000545449947822,0.000105745377368,0.0000735608482501,0.0000534289938514,0.0000581572930969,0.0000417981973442,0.0000400154458475,0.0000308271082758,0.0000250742596108,0.0000206397708098,0.0000201010752789,0.0000199090791284,0.0000190861755982,0.0000108747572085,0.00000724061828805,0.00000781375001679,0.00000648036893836,0.00000474576700071,0.00000404710226576,0.00000265178846348,0.00000204085131372,0.00000246097943091,0.00000227795067076,0.00000191916251424,0.0000015344807025,0.00000112626787541,0.0000010193854223,7.94902518919e-7],"median":[0.000535884755664,0.000997092109174,0.000418868265115,0.000236841122387,0.000175454100827,0.0001223483996,0.000119184915093,0.0000857477934915,0.0000574458244955,0.0000546666633454,0.0000525113064214,0.0000455199115095,0.0000218359036808,0.0000382575235562,0.0000250731154665,0.0000186167580978,0.000020905126803,0.0000207144948945,0.0000177156180143,0.00000952634854912,0.00000996982998913,0.00000739783490644,0.0000062200983848,0.00000620214859737,0.00000826441737445,0.00000548962589164,0.00000340835958923,0.00000326337749357,0.0000025352362627,0.00000153511666667,0.00000116595595046,6.73293698128e-7,6.31541240637e-7,7.75142495968e-7,8.44064572902e-7,7.67618871578e-7,4.86441990688e-7,3.39431608154e-7,2.98600127735e-7,1.89910082327e-7],"min":[1.40743198455e-24,7.98444431232e-25,1.6318850988e-24,1.3663453476e-24,1.22117985407e-24,1.3956732239e-24,1.51253073967e-24,1.14000606692e-24,3.44720027681e-24,1.66869463054e-24,3.67626457887e-24,3.69257112264e-24,3.32825385736e-24,2.19991277525e-24,3.07959839194e-24,3.50405663769e-24,3.75404823628e-24,4.28032771729e-24,3.46748307397e-24,4.3435608353e-24,2.53316686745e-24,3.79357647851e-24,4.0266497717e-24,4.38455438667e-24,4.15364612225e-24,4.79883770726e-24,4.62282548436e-24,5.04617005573e-24,5.27106601677e-24,5.34714139589e-24,4.79896550272e-24,6.55204754252e-24,6.32656861327e-24,6.04651983648e-24,6.42134551787e-24,4.94215440664e-24,5.91559614191e-24,5.03930538813e-24,6.63525816853e-24,6.19866546711e-24],"var":[0.00000435639231,0.00000521194624525,7.9465530689e-7,3.49117698306e-7,5.12260555752e-7,3.35903735049e-7,0.00000228667795454,3.76596432261e-7,5.79433219627e-7,1.38219178325e-7,7.1205772656e-7,9.12509605655e-8,1.94289135891e-8,2.76202900551e-8,1.65446163436e-8,2.18682831843e-8,1.98328571344e-8,5.04382402511e-9,5.53669776693e-9,4.24622070838e-9,1.68989766625e-9,1.24588150907e-9,1.21964616184e-9,1.07143982575e-9,8.12260259053e-10,2.24533863724e-10,1.20221665956e-10,1.43735537361e-10,1.06713263226e-10,6.47581779867e-11,5.52564556611e-11,3.17654132165e-11,1.6946876194e-11,2.21605407635e-11,2.02500724522e-11,1.57503107778e-11,1.02609535452e-11,4.64151330218e-12,3.9168594583e-12,2.66034590191e-12]},"melbands_crest":{"dmean":2.7538766861,"dmean2":4.39880847931,"dvar":6.8691277504,"dvar2":17.2031154633,"max":32.2876472473,"mean":13.5837631226,"median":12.9302721024,"min":1.68584048748,"var":24.1459846497},"melbands_flatness_db":{"dmean":0.0193866733462,"dmean2":0.0285794232041,"dvar":0.000477127643535,"dvar2":0.00100726203527,"max":0.466684311628,"mean":0.191189661622,"median":0.184471905231,"min":0.00282253907062,"var":0.0048790522851},"melbands_kurtosis":{"dmean":5.63879442215,"dmean2":8.9808883667,"dvar":173.849365234,"dvar2":432.599914551,"max":314.09777832,"mean":12.3328866959,"median":4.93937921524,"min":-1.69347429276,"var":484.801025391},"melbands_skewness":{"dmean":0.570454955101,"dmean2":0.884183704853,"dvar":0.530385315418,"dvar2":1.21834564209,"max":14.3005781174,"mean":2.36347031593,"median":1.87331771851,"min":-0.922181129456,"var":2.87151765823},"melbands_spread":{"dmean":5.16455554962,"dmean2":7.97909832001,"dvar":34.2763595581,"dvar2":72.9710769653,"max":150.400085449,"mean":24.9521789551,"median":22.0989170074,"min":0.79934078455,"var":295.647857666},"mfcc":{"cov":[[9828.11132812,-453.870452881,-416.972686768,253.07649231,-166.855194092,-353.358673096,-102.04070282,-23.8889312744,-165.200561523,-168.22442627,-8.88636302948,129.06867981,27.6565570831],[-453.870452881,995.689147949,-66.8782653809,26.123052597,78.4440612793,51.1618385315,41.0011177063,24.7279148102,-31.3214550018,86.2473297119,-33.0863800049,-36.6268806458,3.98866772652],[-416.972686768,-66.8782653809,494.487823486,65.7775497437,14.4771614075,46.2006721497,23.727766037,-26.4517917633,6.96963405609,-7.5148935318,7.16216230392,14.824587822,16.2225666046],[253.07649231,26.123052597,65.7775497437,232.067260742,66.4591674805,19.0436267853,-11.0191354752,-4.82723331451,0.0840975195169,4.99993848801,-17.8296375275,4.11618185043,13.5373897552],[-166.855194092,78.4440612793,14.4771614075,66.4591674805,156.382492065,61.1749801636,16.841178894,7.52257490158,32.0535316467,5.40023326874,-12.1229381561,-13.6418066025,-3.39133739471],[-353.358673096,51.1618385315,46.2006721497,19.0436267853,61.1749801636,175.895812988,43.9344902039,33.4351882935,29.1982307434,11.3367567062,15.1271400452,-11.6853981018,-14.2596883774],[-102.04070282,41.0011177063,23.727766037,-11.0191354752,16.841178894,43.9344902039,114.917221069,22.3419914246,16.7765655518,13.9965610504,-1.05526661873,-14.113073349,-13.7625646591],[-23.8889312744,24.7279148102,-26.4517917633,-4.82723331451,7.52257490158,33.4351882935,22.3419914246,87.8130645752,22.970293045,0.898580670357,5.03901672363,-0.884689927101,-1.10358083248],[-165.200561523,-31.3214550018,6.96963405609,0.0840975195169,32.0535316467,29.1982307434,16.7765655518,22.970293045,100.043945312,30.4136390686,8.4270362854,-15.4052410126,-9.63805770874],[-168.22442627,86.2473297119,-7.5148935318,4.99993848801,5.40023326874,11.3367567062,13.9965610504,0.898580670357,30.4136390686,101.067268372,19.116437912,-12.5453577042,-9.65400409698],[-8.88636302948,-33.0863800049,7.16216230392,-17.8296375275,-12.1229381561,15.1271400452,-1.05526661873,5.03901672363,8.4270362854,19.116437912,73.8967056274,28.1158542633,1.71981859207],[129.06867981,-36.6268806458,14.824587822,4.11618185043,-13.6418066025,-11.6853981018,-14.113073349,-0.884689927101,-15.4052410126,-12.5453577042,28.1158542633,85.0323181152,37.5947532654],[27.6565570831,3.98866772652,16.2225666046,13.5373897552,-3.39133739471,-14.2596883774,-13.7625646591,-1.10358083248,-9.63805770874,-9.65400409698,1.71981859207,37.5947532654,70.2079544067]],"icov":[[0.000129674837808,0.0000407633524446,0.000128622821649,-0.000244439259404,0.0000968663734966,0.000213768478716,-0.0000750447434257,-0.0000436450718553,0.0000918933292269,0.000161085408763,-0.0000628347188467,-0.000145776110003,0.000111078639748],[0.0000407633524446,0.00132133893203,0.000182804316864,0.0000496887987538,-0.00069012993481,-0.000158855778864,-0.000231928250287,-0.000485666067107,0.00127882033121,-0.00147824827582,0.000676517607644,0.000290946976747,-0.000461725489004],[0.000128622821649,0.000182804316864,0.00244857091457,-0.000941199250519,0.000429885665653,-0.000538816733751,-0.000731257372536,0.00107916200068,-0.000211842649151,0.000441891548689,-0.000233307815506,-0.000306100497255,-0.000459098228021],[-0.000244439259404,0.0000496887987538,-0.000941199250519,0.00588169833645,-0.00263490970246,-0.000458039372461,0.0010713347001,-0.000180693270522,0.000675163930282,-0.00138494407292,0.00160200044047,-0.000287356815534,-0.000819415901788],[0.0000968663734966,-0.00069012993481,0.000429885665653,-0.00263490970246,0.00958038214594,-0.00255187880248,-0.000376097130356,0.00120512826834,-0.0031491345726,0.00150059699081,0.000977151328698,0.0000662718521198,0.00001407390846],[0.000213768478716,-0.000158855778864,-0.000538816733751,-0.000458039372461,-0.00255187880248,0.00852800253779,-0.00197428721003,-0.00238802679814,-0.000255846098298,0.000669634377118,-0.00249066459946,0.00048817935749,0.00117847346701],[-0.0000750447434257,-0.000231928250287,-0.000731257372536,0.0010713347001,-0.000376097130356,-0.00197428721003,0.0105518139899,-0.0019591958262,-0.000323106331052,-0.00116537988652,0.000998837524094,0.000408283929573,0.00117590965237],[-0.0000436450718553,-0.000485666067107,0.00107916200068,-0.000180693270522,0.00120512826834,-0.00238802679814,-0.0019591958262,0.0140562914312,-0.00354355736636,0.00181239389349,-0.000517685373779,-0.000529811542947,-0.000700503936969],[0.0000918933292269,0.00127882033121,-0.000211842649151,0.000675163930282,-0.0031491345726,-0.000255846098298,-0.000323106331052,-0.00354355736636,0.0142688946798,-0.00466280383989,-0.000638072728179,0.00200495589525,-0.000253529055044],[0.000161085408763,-0.00147824827582,0.000441891548689,-0.00138494407292,0.00150059699081,0.000669634377118,-0.00116537988652,0.00181239389349,-0.00466280383989,0.0141332233325,-0.00489255366847,0.00184748647735,0.000627859553788],[-0.0000628347188467,0.000676517607644,-0.000233307815506,0.00160200044047,0.000977151328698,-0.00249066459946,0.000998837524094,-0.000517685373779,-0.000638072728179,-0.00489255366847,0.019279288128,-0.00799701269716,0.00250992435031],[-0.000145776110003,0.000290946976747,-0.000306100497255,-0.000287356815534,0.0000662718521198,0.00048817935749,0.000408283929573,-0.000529811542947,0.00200495589525,0.00184748647735,-0.00799701269716,0.0198134332895,-0.00954337511212],[0.000111078639748,-0.000461725489004,-0.000459098228021,-0.000819415901788,0.00001407390846,0.00117847346701,0.00117590965237,-0.000700503936969,-0.000253529055044,0.000627859553788,0.00250992435031,-0.00954337511212,0.0200497936457]],"mean":[-648.352539062,119.149642944,0.547877669334,18.9404163361,6.68766117096,7.37547159195,4.23855257034,5.88985776901,-0.538338363171,7.49429178238,-0.698528110981,1.16385388374,-1.58935523033]},"pitch_salience":{"dmean":0.0583401359618,"dmean2":0.0937614068389,"dvar":0.00303833256476,"dvar2":0.00754229398444,"max":0.935194075108,"mean":0.514780700207,"median":0.512591600418,"min":0.126105353236,"var":0.0107270590961},"silence_rate_20dB":{"dmean":0,"dmean2":0,"dvar":0,"dvar2":0,"max":1,"mean":1,"median":1,"min":1,"var":0},"silence_rate_30dB":{"dmean":0.00133600539993,"dmean2":0.00267223385163,"dvar":0.00133425253443,"dvar2":0.00400138320401,"max":1,"mean":0.999332070351,"median":1,"min":0,"var":0.00066751614213},"silence_rate_60dB":{"dmean":0.0146960588172,"dmean2":0.0293945726007,"dvar":0.0144782885909,"dvar2":0.0328705646098,"max":1,"mean":0.0657927691936,"median":0,"min":0,"var":0.0614679381251},"spectral_centroid":{"dmean":187.805755615,"dmean2":291.671813965,"dvar":46487.40625,"dvar2":102963.0625,"max":11719.3496094,"mean":1351.08300781,"median":1255.16589355,"min":184.605499268,"var":772230.8125},"spectral_complexity":{"dmean":2.53957915306,"dmean2":4.14029216766,"dvar":6.78328132629,"dvar2":16.2552700043,"max":61,"mean":18.9958248138,"median":17,"min":0,"var":151.564575195},"spectral_contrast_coeffs":{"dmean":[0.044392529875,0.0474761389196,0.0387298241258,0.0288089029491,0.0192627552897,0.013988439925],"dmean2":[0.0729387626052,0.07795291394,0.0635630711913,0.047672457993,0.0316307358444,0.0229675043374],"dvar":[0.0013967390405,0.00143835670315,0.000927383662201,0.000520870962646,0.000253568636253,0.000160552182933],"dvar2":[0.00372972432524,0.00375709193759,0.00246091000736,0.00136056938209,0.000647083157673,0.000414392998209],"max":[-0.398079454899,-0.408325701952,-0.453381448984,-0.551374673843,-0.612368881702,-0.669434547424],"mean":[-0.660964608192,-0.700770795345,-0.74241822958,-0.769526362419,-0.79191505909,-0.775459468365],"median":[-0.66330319643,-0.702891230583,-0.749451518059,-0.773088157177,-0.792196989059,-0.772515535355],"min":[-0.975585222244,-0.971253335476,-0.976104080677,-0.968214035034,-0.967298328876,-0.963776528835],"var":[0.00434471853077,0.00859816744924,0.00599879398942,0.00313627836294,0.00231744814664,0.00135963200592]},"spectral_contrast_valleys":{"dmean":[0.345118671656,0.338654965162,0.278733432293,0.236728742719,0.192591965199,0.191903233528],"dmean2":[0.562906622887,0.554490745068,0.460905194283,0.384509474039,0.294929713011,0.253564119339],"dvar":[0.0929823815823,0.083644837141,0.0607425682247,0.0543085187674,0.0528758578002,0.070266418159],"dvar2":[0.221573665738,0.199678182602,0.138029098511,0.115479536355,0.0976002216339,0.109446078539],"max":[-5.25002765656,-4.98390674591,-5.4619884491,-5.96377468109,-5.53768014908,-7.62045574188],"mean":[-7.31531524658,-7.16130208969,-7.51316308975,-7.83321285248,-7.75052309036,-10.2339525223],"median":[-7.06731081009,-6.91956520081,-7.30884647369,-7.65130138397,-7.50236558914,-10.0561132431],"min":[-27.9061965942,-28.0792713165,-27.7536067963,-27.6189937592,-27.5470752716,-27.3959388733],"var":[2.95162796974,2.95753288269,2.72238254547,2.82121419907,3.11900568008,2.7535943985]},"spectral_decrease":{"dmean":1.65693458953e-9,"dmean2":2.57623189448e-9,"dvar":7.08572342572e-18,"dvar2":1.63523068821e-17,"max":3.6932579365e-22,"mean":-6.08029671056e-9,"median":-4.98891949974e-9,"min":-3.39065060473e-8,"var":2.33797405444e-17},"spectral_energy":{"dmean":0.00647247117013,"dmean2":0.0100598791614,"dvar":0.000103748476249,"dvar2":0.000239845248871,"max":0.13366997242,"mean":0.0247964411974,"median":0.0205589402467,"min":1.01833962873e-20,"var":0.000376579409931},"spectral_energyband_high":{"dmean":0.000197500048671,"dmean2":0.000296250800602,"dvar":1.65992915413e-7,"dvar2":3.63493029454e-7,"max":0.0135910622776,"mean":0.000827039650176,"median":0.000361568847438,"min":7.03732872638e-21,"var":0.00000170108182829},"spectral_energyband_low":{"dmean":0.00380613119341,"dmean2":0.00594290904701,"dvar":0.0000939206875046,"dvar2":0.000217862223508,"max":0.118241429329,"mean":0.00784650910646,"median":0.00504829641432,"min":7.40236307884e-24,"var":0.000117191950267},"spectral_energyband_middle_high":{"dmean":0.00150721950922,"dmean2":0.00236363452859,"dvar":0.00000508840685143,"dvar2":0.0000123875097415,"max":0.0648960545659,"mean":0.0059472527355,"median":0.00361176021397,"min":1.15736673791e-21,"var":0.0000395992974518},"spectral_energyband_middle_low":{"dmean":0.0036009082105,"dmean2":0.0055998028256,"dvar":0.0000221040336328,"dvar2":0.0000535211620445,"max":0.085700802505,"mean":0.0116851022467,"median":0.00857947114855,"min":1.52090438773e-22,"var":0.000125244638184},"spectral_entropy":{"dmean":0.120810814202,"dmean2":0.180786922574,"dvar":0.01860316284,"dvar2":0.0381173305213,"max":9.81964683533,"mean":7.59419345856,"median":7.58361148834,"min":5.63940906525,"var":0.188531294465},"spectral_flux":{"dmean":0.0174620896578,"dmean2":0.0286401882768,"dvar":0.00055753509514,"dvar2":0.0012609756086,"max":0.279953986406,"mean":0.0694176107645,"median":0.0638531222939,"min":6.38760849769e-11,"var":0.00168173830025},"spectral_kurtosis":{"dmean":1.25145673752,"dmean2":2.10233616829,"dvar":3.08571267128,"dvar2":8.60314750671,"max":63.2996902466,"mean":4.4430437088,"median":3.80487585068,"min":-1.24317336082,"var":15.4303092957},"spectral_rms":{"dmean":0.000582936976571,"dmean2":0.000888911134098,"dvar":5.92195078752e-7,"dvar2":0.00000133354672016,"max":0.0114197079092,"mean":0.00450784247369,"median":0.00447856029496,"min":3.15198670116e-12,"var":0.00000387094905818},"spectral_rolloff":{"dmean":353.49206543,"dmean2":581.696166992,"dvar":502620.21875,"dvar2":1090557,"max":19681.3476562,"mean":1531.10229492,"median":1162.79296875,"min":86.1328125,"var":3260600.25},"spectral_skewness":{"dmean":0.167767360806,"dmean2":0.269666850567,"dvar":0.0327089913189,"dvar2":0.0804018974304,"max":6.16775989532,"mean":1.56531119347,"median":1.52242064476,"min":-0.0751230344176,"var":0.234911188483},"spectral_spread":{"dmean":379413.40625,"dmean2":535863,"dvar":431413067776,"dvar2":697150865408,"max":42176536,"mean":4732594.5,"median":4411602,"min":917119.9375,"var":8014119043070},"spectral_strongpeak":{"dmean":0.505736649036,"dmean2":0.857422351837,"dvar":0.660988926888,"dvar2":1.66399991512,"max":10.2741374969,"mean":1.07475113869,"median":0.463671594858,"min":0,"var":1.74899888039},"zerocrossingrate":{"dmean":0.00762625504285,"dmean2":0.00897369161248,"dvar":0.0000903539403225,"dvar2":0.0000952865666477,"max":0.533203125,"mean":0.0618203915656,"median":0.05224609375,"min":0.005859375,"var":0.00219831499271}},"metadata":{"audio_properties":{"analysis_sample_rate":44100,"bit_rate":252036,"codec":"mp3","downmix":"mix","equal_loudness":0,"length":278.073455811,"lossless":false,"md5_encoded":"5799f8c6149534b0d0e079742c636328","replay_gain":-13.4525852203,"sample_rate":44100},"tags":{"album":["Himalayan"],"artist":["Band Of Skulls"],"date":["2014-04-01"],"discnumber":["1"],"encoding":["LAME3.98.4 -V0"],"file_name":"2048952.mp3","genre":["Rock"],"label":["Electric Blues Recordings"],"language":["eng"],"length":["278026"],"musicbrainz_recordingid":["444079ac-8dd9-4a1c-9f9b-4adf6808c179"],"title":["Cold Sweat"],"tracknumber":["4"]},"version":{"essentia":"2.1-beta2","essentia_build_sha":"70f2e5ece6736b2c40cc944ad0e695b16b925413","essentia_git_sha":"v2.1_beta2","extractor":"music 1.0"}},"rhythm":{"beats_count":483,"beats_loudness":{"dmean":0.0186132062227,"dmean2":0.0341734588146,"dvar":0.000331017712597,"dvar2":0.000920902530197,"max":0.132506623864,"mean":0.0318660549819,"median":0.0280241388828,"min":0,"var":0.000485327647766},"beats_loudness_band_ratio":{"dmean":[0.241493776441,0.111214876175,0.130714520812,0.0890869498253,0.0520677007735,0.0340299196541],"dmean2":[0.420585036278,0.194649934769,0.227049812675,0.145334169269,0.088719651103,0.0586428120732],"dvar":[0.034832380712,0.0123404134065,0.0153879597783,0.0069980067201,0.00322614517063,0.00148473260924],"dvar2":[0.0975631251931,0.0349723212421,0.0423651561141,0.018728563562,0.00900017190725,0.00448905071244],"max":[0.979951918125,0.681600093842,0.816874563694,0.635848999023,0.45034122467,0.295875281096],"mean":[0.43307068944,0.148924544454,0.213839352131,0.124952748418,0.0720243230462,0.0448601618409],"median":[0.383703708649,0.113516323268,0.16197873652,0.09577947855,0.0500303208828,0.0310678966343],"min":[0,0,0,0,0,0],"var":[0.0648291483521,0.015644