{"lowlevel":{"average_loudness":0.0255708377808,"barkbands":{"dmean":[0.00209658895619,0.00632328679785,0.00123049097601,0.000715247471817,0.000876583333593,0.000448212929768,0.000455671339296,0.000249363423791,0.00032007106347,0.00054922956042,0.000369603483705,0.000463327509351,0.000355331023457,0.000223110022489,0.000178430535016,0.000146497855894,0.00009120375762,0.0000977000163402,0.0000656864140183,0.0000712344117346,0.0000539231477887,0.0000359148580173,0.000017204993128,0.00000967390224105,0.00000210972802961,0.0000163046443049,0.000121320765174],"dmean2":[0.00359181617387,0.0107567394152,0.00204696250148,0.00120185292326,0.00145037437323,0.000733881141059,0.000744203978684,0.000410386157455,0.000531043973751,0.000915212614927,0.000622154737357,0.000784856732935,0.000605934590567,0.000380067853257,0.000304370420054,0.000247980933636,0.000153514367412,0.000163419303135,0.000102599100501,0.000112028377771,0.0000831890210975,0.0000552583769604,0.0000273475634458,0.0000149314082591,0.00000345640614796,0.0000255761206063,0.000188768346561],"dvar":[0.0000703294208506,0.000383611186408,0.0000109493003038,0.00000379785092264,0.00000579548805035,0.00000214624105865,0.00000274767876363,5.99013674218e-7,9.99965550363e-7,0.00000346841920873,0.00000113119278922,0.00000176819742137,8.16517285784e-7,3.21109070001e-7,2.57542723148e-7,1.60161434337e-7,8.30559798715e-8,8.93079032949e-8,5.87314055167e-8,7.28991480514e-8,4.08030764731e-8,1.34374005256e-8,4.18461576501e-9,1.53242951662e-9,5.24153914716e-11,3.79214526447e-9,1.11662657787e-7],"dvar2":[0.00019258040993,0.00105888629332,0.0000290893040074,0.0000104772725535,0.0000152802913362,0.00000538790845894,0.00000715724445399,0.00000152490463279,0.00000266710299002,0.00000924685991777,0.00000307145546685,0.00000485180544274,0.00000228543353842,9.09107825464e-7,7.09211519734e-7,4.46624170536e-7,2.24147697736e-7,2.37058358721e-7,1.38252005399e-7,1.75018797677e-7,9.19662426213e-8,2.99949611815e-8,1.05228368241e-8,3.31072014248e-9,1.2640656577e-10,8.86673134914e-9,2.69389687446e-7],"max":[0.171488687396,0.383505165577,0.0822144597769,0.0512676760554,0.0786459296942,0.0749622136354,0.0499567650259,0.0273433849216,0.0372316390276,0.0581134147942,0.0239793099463,0.0440150424838,0.0203770231456,0.0102384183556,0.0167301669717,0.0097643956542,0.00731032667682,0.0105937495828,0.0125498920679,0.0177160706371,0.00979938264936,0.004842444323,0.00152379553765,0.00125679001212,0.000209133984754,0.00131066888571,0.0109586799517],"mean":[0.00229983124882,0.00843617971987,0.00167608074844,0.000999105977826,0.00140284409281,0.000661087862682,0.000665633648168,0.000366329622921,0.000506354030222,0.000896931567695,0.000629428657703,0.000845758011565,0.000662462087348,0.000418885669205,0.000330336188199,0.000297458493151,0.000170059109223,0.000198210589588,0.000139599738759,0.000168679995113,0.000130145461299,0.0000798581095296,0.0000325604087266,0.0000138794157465,0.00000240034091803,0.0000272617089649,0.000494085252285],"median":[5.44390710289e-9,6.38422717469e-11,2.46827246142e-11,2.01007075568e-11,4.49610904063e-11,4.50748049996e-11,4.34796018633e-11,2.25358426365e-10,1.44004941305e-9,1.05462341082e-8,1.19937892951e-10,7.61526744442e-11,8.58502643974e-11,4.28841101519e-10,8.05088773426e-11,4.25586232922e-10,5.18997275711e-11,7.45452588546e-11,8.48917533491e-11,1.10818007548e-10,1.6438103656e-10,2.00822081187e-10,2.23066509708e-10,2.2491650209e-10,1.34277255981e-10,5.55594514839e-10,2.11104005388e-8],"min":[6.11983768759e-27,5.47896143365e-25,1.16377654141e-25,1.04584504083e-25,4.01066981634e-24,2.32481824997e-24,3.50670523818e-24,3.53156106201e-24,5.79616141757e-24,4.28758563205e-24,4.32089922808e-24,1.20973184545e-23,1.20694732423e-23,1.39029540134e-23,2.57394379761e-23,1.75191413123e-23,4.32850439941e-23,6.31016464518e-23,7.83621354197e-23,1.0624047981e-22,1.67242311061e-22,2.32242341815e-22,3.43927451241e-22,4.76031436337e-22,7.63744331305e-22,1.11476370519e-21,1.71913778734e-21],"var":[0.0000646640110062,0.000465164252091,0.0000167561665876,0.00000632439014225,0.0000108419299067,0.00000400318049287,0.00000509732581122,0.0000011175735608,0.00000172523743913,0.00000746540854379,0.00000241678822022,0.00000418292802351,0.00000192447168956,7.30114038561e-7,5.0459408385e-7,3.84599786685e-7,1.54620707349e-7,2.03137830113e-7,1.44848456785e-7,2.05436748502e-7,1.37704390113e-7,4.20681587343e-8,7.3067338846e-9,2.3423198936e-9,6.14697320822e-11,5.93046012298e-9,8.67809774263e-7]},"barkbands_crest":{"dmean":2.53057217598,"dmean2":4.19531679153,"dvar":6.35715055466,"dvar2":17.0107631683,"max":26.3811607361,"mean":10.586648941,"median":9.7635011673,"min":1.93975043297,"var":20.6363983154},"barkbands_flatness_db":{"dmean":0.0214118231088,"dmean2":0.0349082835019,"dvar":0.000521078763995,"dvar2":0.00132667529397,"max":0.502816975117,"mean":0.121350809932,"median":0.10174947232,"min":0.0104164201766,"var":0.00374860526063},"barkbands_kurtosis":{"dmean":2.86623716354,"dmean2":4.73590326309,"dvar":80.1640548706,"dvar2":211.346130371,"max":451.56829834,"mean":3.68421435356,"median":1.61539459229,"min":-1.95902168751,"var":125.444862366},"barkbands_skewness":{"dmean":0.570176482201,"dmean2":0.908592641354,"dvar":0.467648863792,"dvar2":1.19802951813,"max":16.1628074646,"mean":0.249821662903,"median":0.0350909493864,"min":-5.05415725708,"var":3.37318873405},"barkbands_spread":{"dmean":11.665760994,"dmean2":18.7439861298,"dvar":199.255523682,"dvar2":453.077056885,"max":152.645248413,"mean":53.2232513428,"median":38.1899223328,"min":0.217735007405,"var":1404.30310059},"dissonance":{"dmean":0.020558251068,"dmean2":0.035524237901,"dvar":0.00095912622055,"dvar2":0.0026679856237,"max":0.500000178814,"mean":0.473090708256,"median":0.488430380821,"min":0,"var":0.00152566854376},"dynamic_complexity":35.5436058044,"erbbands":{"dmean":[0.277521848679,1.15171682835,1.5798510313,1.86648654938,2.67029929161,3.09272766113,3.06283307076,4.01982450485,6.77463054657,5.25783491135,5.82960891724,6.89710998535,11.4525775909,18.3337879181,14.7565259933,18.1510372162,16.3995018005,10.9453859329,9.39782810211,7.85618162155,7.62864542007,4.70676803589,5.30211639404,3.60321640968,3.24477934837,3.38067126274,2.48814868927,2.20506453514,1.40306127071,0.613390922546,0.499857902527,0.288498103619,0.127005741,0.0327505022287,0.0107788508758,0.0298916418105,0.0369987338781,0.022450344637,0.0101754488423,0.00278272270225],"dmean2":[0.472572475672,1.96112275124,2.63642263412,3.10720014572,4.45172548294,5.15005302429,5.1626791954,6.62036657333,11.0348615646,8.60042762756,9.70880222321,11.4426794052,19.1082687378,30.4349842072,24.6341075897,30.8091201782,27.9337768555,18.5893249512,15.9566888809,13.4146709442,12.8726358414,7.85701990128,8.85625934601,5.79632854462,5.1053276062,5.29032707214,3.85842323303,3.40839958191,2.14685916901,0.949035406113,0.799479961395,0.446670234203,0.19820331037,0.0524302832782,0.0177030656487,0.0465905889869,0.0578186362982,0.0338230133057,0.0148200821131,0.00436061574146],"dvar":[0.934614598751,10.8956747055,18.0541648865,25.149187088,63.2928771973,77.5265426636,92.9222793579,198.328720093,625.282653809,345.257781982,335.200561523,539.396362305,1495.42089844,3725.92895508,1746.83508301,2744.59423828,1776.83886719,729.837585449,736.581298828,552.857177734,460.990539551,236.981445312,255.700012207,169.956161499,140.448120117,166.057922363,97.3790130615,65.5825424194,22.1483669281,3.76590275764,3.85861372948,1.11290597916,0.322815060616,0.0165037531406,0.000981720979325,0.0176297333091,0.0195909943432,0.00634565856308,0.00111671234481,0.0000551811499463],"dvar2":[2.57074642181,30.445274353,48.9142227173,68.9660263062,169.902145386,206.797714233,246.348770142,491.934143066,1605.25183105,872.69909668,873.812255859,1446.65039062,3949.21923828,9939.97753906,4642.89892578,7550.37548828,4966.78515625,2048.31347656,2037.7565918,1566.81164551,1279.14013672,638.880187988,687.032165527,417.111938477,325.87600708,395.315917969,230.340698242,150.053665161,49.5057296753,8.62166881561,9.74180984497,2.48729753494,0.718510091305,0.037949051708,0.00239566806704,0.0391774997115,0.0455321148038,0.0152067672461,0.00239870557562,0.00013323778694],"max":[20.3629741669,64.6336288452,93.355506897,156.978363037,300.002258301,242.026916504,352.981231689,920.623779297,697.704833984,915.390686035,657.31451416,892.834533691,1233.51306152,2167.30029297,1220.73425293,1412.38537598,918.555908203,611.523254395,815.101501465,655.992553711,509.735626221,495.465820312,492.367553711,755.908630371,662.667907715,807.756774902,500.992126465,479.543243408,211.762634277,68.9202651978,47.9615058899,27.9669761658,19.3991127014,4.31684827805,0.696643948555,4.12442111969,2.85178852081,1.79951334,1.36165606976,0.239329308271],"mean":[0.337304472923,1.50758385658,2.23239278793,2.89724159241,3.92479133606,4.59525251389,4.56570911407,5.85813236237,9.88805294037,7.86094236374,9.01874637604,11.1485738754,18.9533672333,32.3423652649,28.6850280762,34.6352462769,31.8502826691,22.7850914001,19.0266952515,16.1058616638,15.8106393814,9.69458675385,11.1167821884,7.81928443909,7.16936445236,8.02262592316,5.99749994278,5.13769245148,3.11689329147,1.37277281284,0.891152203083,0.455139517784,0.157944723964,0.0386832170188,0.0126949725673,0.037446256727,0.060348957777,0.0538490004838,0.0338383205235,0.0134785054252],"median":[1.54639252514e-8,7.87737697294e-9,2.49294291876e-8,5.33342152664e-8,9.41443900615e-8,1.63197583447e-7,2.47179940516e-7,3.78286387104e-7,5.44022498161e-7,0.000001296495725,0.0000143120614666,0.0000399592536269,0.000364295236068,0.0000783317518653,0.0000062240205807,0.00000339512439496,0.00000402581690651,0.0000117274148579,0.0000168289170688,0.0000162949727383,0.0000120088761832,0.00000313203827318,0.0000037264464936,0.0000040418685785,0.00000464347340312,0.0000053276116887,0.00000622432844466,0.00000699452357367,0.00000709806545274,0.00000701358248989,0.00000618172862232,0.0000050789362831,0.00000358333613804,0.00000174922286078,9.62857939157e-7,0.00000130526439079,0.00000116752096346,7.33756507998e-7,7.35555090614e-7,0.000003313021125],"min":[1.93282549589e-23,1.55177952004e-22,6.26447596725e-22,1.03952944744e-21,3.52543407718e-21,7.65586514632e-21,1.49307215321e-20,2.11033209775e-20,3.29698197851e-20,6.49886985208e-20,9.89768907311e-20,1.48839777495e-19,2.4081760872e-19,3.1135354845e-19,4.66052530568e-19,5.33852854765e-19,9.22613577197e-19,1.01547245917e-18,1.28716530804e-18,1.87241099766e-18,2.01995086082e-18,3.3787416347e-18,3.69614241627e-18,4.90148022638e-18,4.91652002428e-18,5.75380423442e-18,7.44572483601e-18,6.59812568363e-18,8.98475309549e-18,8.5672336813e-18,8.78478218241e-18,8.78824972353e-18,8.46931204039e-18,6.58834675443e-18,5.11788639105e-18,3.56789964282e-18,2.00519147715e-18,8.77703977187e-19,2.24971309726e-19,2.1009166175e-20],"var":[0.962947845459,14.5907621384,27.7494697571,46.8546295166,98.8346481323,131.779098511,172.502365112,364.220733643,1193.6998291,624.520385742,623.794311523,905.067260742,2704.99389648,9126.91210938,4512.05517578,6637.18505859,4390.06835938,1978.62719727,1576.96154785,1115.61706543,1110.45214844,479.965789795,602.118835449,402.080169678,366.723236084,466.412506104,298.052062988,211.748428345,67.8745269775,11.1824731827,5.99372339249,1.89877307415,0.412282109261,0.0202515125275,0.00123692827765,0.0226013287902,0.0306093934923,0.0177003759891,0.00621080491692,0.000579850864597]},"erbbands_crest":{"dmean":2.74188828468,"dmean2":4.56212329865,"dvar":13.1979475021,"dvar2":33.7500076294,"max":32.6771392822,"mean":9.31247234344,"median":5.93102788925,"min":1.8081805706,"var":55.4606323242},"erbbands_flatness_db":{"dmean":0.020936569199,"dmean2":0.0337151885033,"dvar":0.000609748531133,"dvar2":0.00148908467963,"max":0.510054171085,"mean":0.128535732627,"median":0.112238749862,"min":0.0126025881618,"var":0.00295571703464},"erbbands_kurtosis":{"dmean":2.05928063393,"dmean2":3.48933696747,"dvar":19.8076953888,"dvar2":52.7181968689,"max":158.97593689,"mean":2.00137376785,"median":0.436648607254,"min":-1.77955174446,"var":25.9413375854},"erbbands_skewness":{"dmean":0.449868708849,"dmean2":0.73556548357,"dvar":0.369866520166,"dvar2":0.927552342415,"max":9.22071552277,"mean":0.308464407921,"median":-0.195616915822,"min":-2.80562925339,"var":1.78018915653},"erbbands_spread":{"dmean":6.72670555115,"dmean2":11.1462163925,"dvar":50.0318832397,"dvar2":128.01083374,"max":116.500282288,"mean":33.0118103027,"median":32.8375205994,"min":0.689961671829,"var":170.331787109},"gfcc":{"cov":[[208909.90625,25254.1035156,-11272.0810547,1780.4720459,2517.57275391,-1463.96960449,1061.81005859,-4534.46923828,-774.463500977,-1125.27563477,242.656539917,393.871520996,-1862.73303223],[25254.1035156,5432.36669922,-616.797729492,185.35798645,687.786071777,-261.968048096,-69.9966964722,-732.09588623,-220.755966187,-123.164031982,195.404769897,15.6635084152,-267.694824219],[-11272.0810547,-616.797729492,1199.19921875,179.796432495,160.537109375,76.7656021118,-107.275520325,184.294296265,-27.2429561615,104.301261902,92.2917022705,14.289021492,43.1395759583],[1780.4720459,185.35798645,179.796432495,644.603027344,259.164367676,-4.99742269516,-31.4531745911,-101.83757782,-109.863700867,100.949707031,97.8881988525,154.765029907,-166.428756714],[2517.57275391,687.786071777,160.537109375,259.164367676,478.78036499,-1.42586541176,91.9844589233,-112.971893311,17.7158908844,-10.0675868988,90.7817687988,25.5870742798,-36.1968650818],[-1463.96960449,-261.968048096,76.7656021118,-4.99742269516,-1.42586541176,105.038543701,4.40448093414,67.7211532593,-4.65625238419,13.0574655533,-8.71407699585,-8.7506313324,22.4199447632],[1061.81005859,-69.9966964722,-107.275520325,-31.4531745911,91.9844589233,4.40448093414,229.873657227,21.269493103,100.518165588,-59.5571403503,-29.802022934,-28.4624519348,39.2317695618],[-4534.46923828,-732.09588623,184.294296265,-101.83757782,-112.971893311,67.7211532593,21.269493103,203.431091309,60.743850708,20.0851554871,-31.793806076,-35.3202285767,75.5466461182],[-774.463500977,-220.755966187,-27.2429561615,-109.863700867,17.7158908844,-4.65625238419,100.518165588,60.743850708,128.572479248,-15.6947412491,-27.4317398071,-46.6988372803,55.1325645447],[-1125.27563477,-123.164031982,104.301261902,100.949707031,-10.0675868988,13.0574655533,-59.5571403503,20.0851554871,-15.6947412491,89.2619094849,48.4484291077,43.1656303406,-35.9572715759],[242.656539917,195.404769897,92.2917022705,97.8881988525,90.7817687988,-8.71407699585,-29.802022934,-31.793806076,-27.4317398071,48.4484291077,82.9009857178,53.0075569153,-32.0119895935],[393.871520996,15.6635084152,14.289021492,154.765029907,25.5870742798,-8.7506313324,-28.4624519348,-35.3202285767,-46.6988372803,43.1656303406,53.0075569153,92.636177063,-40.8447647095],[-1862.73303223,-267.694824219,43.1395759583,-166.428756714,-36.1968650818,22.4199447632,39.2317695618,75.5466461182,55.1325645447,-35.9572715759,-32.0119895935,-40.8447647095,109.81829834]],"icov":[[0.000059507201513,-0.000214807238081,0.00046021892922,-0.000359143363312,0.000129715437652,-0.000169504040969,-0.00010182402184,0.000133089954033,-0.000151448140969,0.000251956196735,-0.000252046214882,0.000205959877349,-0.0000554836951778],[-0.000214807238081,0.00129242870025,-0.0014858150389,0.00167699088342,-0.0011190334335,0.00108546181582,0.000414959678892,0.000446046091383,0.00136791972909,-0.000732993183192,-0.000062712970248,0.000216873988393,0.000722136173863],[0.00046021892922,-0.0014858150389,0.00529581494629,-0.00326380529441,-0.000162100754096,-0.000420106836827,-0.0000147572818605,-0.00105629279278,0.000435991329141,0.00119005702436,-0.00360968895257,0.00353353633545,-0.00164520565886],[-0.000359143363312,0.00167699088342,-0.00326380529441,0.0114621473476,-0.00796084851027,0.00394073175266,-0.00122124003246,-0.00315167824738,0.00711496267468,-0.00986025854945,0.0140995858237,-0.0125642828643,0.00846144650131],[0.000129715437652,-0.0011190334335,-0.000162100754096,-0.00796084851027,0.0118401814252,-0.00642396416515,-0.000711817643605,0.00615043379366,-0.00915813073516,0.0109098367393,-0.0166443958879,0.00899524241686,-0.00462750112638],[-0.000169504040969,0.00108546181582,-0.000420106836827,0.00394073175266,-0.00642396416515,0.0180602967739,-0.00226363283582,-0.00777670321986,0.0117701590061,-0.0105282040313,0.00925317965448,-0.00094791315496,-0.000749521888793],[-0.00010182402184,0.000414959678892,-0.0000147572818605,-0.00122124003246,-0.000711817643605,-0.00226363283582,0.0112721612677,-0.001530185109,-0.00971640367061,0.00999944098294,-0.00220263237134,-0.00246163527481,0.00128707615659],[0.000133089954033,0.000446046091383,-0.00105629279278,-0.00315167824738,0.00615043379366,-0.00777670321986,-0.001530185109,0.0196612365544,-0.00671072723344,-0.00030398205854,-0.00588751211762,0.00671694939956,-0.00632904609665],[-0.000151448140969,0.00136791972909,0.000435991329141,0.00711496267468,-0.00915813073516,0.0117701590061,-0.00971640367061,-0.00671072723344,0.030423225835,-0.0203870944679,0.0124479560181,0.00285124825314,-0.00321664265357],[0.000251956196735,-0.000732993183192,0.00119005702436,-0.00986025854945,0.0109098367393,-0.0105282040313,0.00999944098294,-0.00030398205854,-0.0203870944679,0.0478921756148,-0.0324054323137,0.00341384252533,0.00719818333164],[-0.000252046214882,-0.000062712970248,-0.00360968895257,0.0140995858237,-0.0166443958879,0.00925317965448,-0.00220263237134,-0.00588751211762,0.0124479560181,-0.0324054323137,0.0611939169466,-0.0306231509894,0.00540823722258],[0.000205959877349,0.000216873988393,0.00353353633545,-0.0125642828643,0.00899524241686,-0.00094791315496,-0.00246163527481,0.00671694939956,0.00285124825314,0.00341384252533,-0.0306231509894,0.0422999002039,-0.0104975998402],[-0.0000554836951778,0.000722136173863,-0.00164520565886,0.00846144650131,-0.00462750112638,-0.000749521888793,0.00128707615659,-0.00632904609665,-0.00321664265357,0.00719818333164,0.00540823722258,-0.0104975998402,0.0275603849441]],"mean":[-504.768066406,17.4265060425,-74.7011871338,-11.1895246506,-23.4523277283,-1.26629447937,2.59888339043,-6.52007198334,-0.878387987614,-6.2529759407,-8.75076389313,-1.73388922215,-1.82538831234]},"hfc":{"dmean":29.9506397247,"dmean2":47.651058197,"dvar":6493.66699219,"dvar2":16486.1171875,"max":2634.80151367,"mean":101.101501465,"median":0.0336223319173,"min":1.02471233545e-16,"var":35145.6171875},"melbands":{"dmean":[0.00210254685953,0.00101346278097,0.000317782192724,0.000205494347028,0.000110860921268,0.0000906044515432,0.00010015549924,0.0000547859635844,0.0000503640476381,0.000044739281293,0.0000604216074862,0.0000783916766522,0.0000488706828037,0.0000544458380318,0.0000426695442002,0.0000337470737577,0.0000213448565773,0.0000166598310898,0.0000140640522659,0.0000106202423922,0.00000906363129616,0.00000516202999279,0.00000505834714204,0.00000537012465429,0.00000298110626318,0.00000257847796092,0.00000235832544604,0.00000261898799181,0.00000186650459,0.00000135031586979,0.00000149935408444,9.5596783467e-7,4.58967292616e-7,3.25111756183e-7,3.13650701855e-7,2.55671920968e-7,1.63476371995e-7,9.48435001646e-8,6.2761330355e-8,1.64521107848e-8],"dmean2":[0.00357609777711,0.00170700193848,0.000527078052983,0.000340505619533,0.000186436838703,0.000147913640831,0.000162762007676,0.0000896491837921,0.0000841365326778,0.0000742664778954,0.000101057201391,0.000130246946355,0.0000817939508124,0.0000921164246392,0.0000723122648196,0.00005778288687,0.0000364053303201,0.0000284153629764,0.0000240524914261,0.0000181635477929,0.0000153333276103,0.00000868623010319,0.00000855101552588,0.00000897741119843,0.00000481724509882,0.00000407332026953,0.00000375585159418,0.00000415707654611,0.0000029719867598,0.00000214418651012,0.00000234474146055,0.00000148433412051,7.17515661108e-7,5.11944392656e-7,5.05078844526e-7,4.144381478e-7,2.54581635772e-7,1.48958250179e-7,9.97560860583e-8,2.70617466214e-8],"dvar":[0.0000496447864862,0.00000743559439798,6.8243576834e-7,3.33578640266e-7,1.10191137992e-7,9.53177163865e-8,1.31935195213e-7,3.43210189158e-8,2.51575773547e-8,2.08954222813e-8,4.11814369272e-8,7.05415104107e-8,1.91674800476e-8,2.56063152904e-8,1.30069865989e-8,7.54946594128e-9,2.81784173772e-9,2.35483077482e-9,1.64561564375e-9,8.79161909939e-10,6.29343355207e-10,2.83668782908e-10,2.50668957813e-10,2.46666381765e-10,1.21536919417e-10,9.40355154855e-11,7.48561976294e-11,9.49015727114e-11,5.28534091493e-11,2.75767603197e-11,2.79704141792e-11,1.04288843186e-11,2.19916793109e-12,1.03577346353e-12,1.34711772987e-12,1.10095277079e-12,4.15594696244e-13,1.7770041081e-13,9.03765994334e-14,2.79918491035e-15],"dvar2":[0.000136549861054,0.0000206460717891,0.00000185927092389,8.77565526025e-7,2.94512119581e-7,2.35329210341e-7,3.40271412824e-7,8.60402309399e-8,6.6288443179e-8,5.59382868914e-8,1.09021428329e-7,1.87979495081e-7,5.14960483144e-8,7.00387161601e-8,3.613199695e-8,2.12959285761e-8,7.95808663412e-9,6.58750343163e-9,4.5892831757e-9,2.46985942809e-9,1.75375169942e-9,7.68425600928e-10,6.9027195071e-10,6.5447375297e-10,3.0328242695e-10,2.24553375894e-10,1.78313405708e-10,2.324026388e-10,1.31247804291e-10,6.54636900244e-11,6.58965104705e-11,2.38943986125e-11,5.14018385148e-12,2.46312323836e-12,3.43576122414e-12,2.780166505e-12,9.21152151952e-13,3.98975747188e-13,2.0712914077e-13,6.81250091807e-15],"max":[0.146801769733,0.0507040284574,0.0219469349831,0.0198086295277,0.0110319601372,0.0179406348616,0.0105839008465,0.00816150661558,0.00518049299717,0.00482716737315,0.00632169703022,0.00962742045522,0.00360220926814,0.00596500746906,0.00297481101006,0.00206099706702,0.00120437750593,0.00134684797376,0.00161927391309,0.000660839607008,0.000563853129279,0.000443081167759,0.000471893901704,0.000496589171235,0.000666175503284,0.000617563026026,0.000475265056593,0.000574402161874,0.000335479882779,0.00030272040749,0.00029892558814,0.000159068440553,0.0000582406573812,0.0000350898335455,0.0000259630232904,0.0000284670059045,0.0000208300134545,0.0000136064327307,0.0000100695342553,0.00000152979418999],"mean":[0.00277192797512,0.00148482329678,0.000525320181623,0.000318238686305,0.000170507075381,0.000133957219077,0.000147960978211,0.0000815300736576,0.000075974741776,0.0000704710328137,0.0000970204710029,0.000133809429826,0.0000895344783203,0.0000975485672825,0.0000805287345429,0.0000612474832451,0.0000402833866247,0.0000308966336888,0.0000252770769293,0.000020234965632,0.0000175927161763,0.00000950511002884,0.00000969356005953,0.0000101143305073,0.00000581820313528,0.00000518727438248,0.00000497976225233,0.00000561646811548,0.00000408607547797,0.00000286123236037,0.00000311588382829,0.00000200798058358,9.45532349306e-7,6.78230151152e-7,5.49388005311e-7,3.81744655442e-7,2.33729025467e-7,1.12719597212e-7,7.06575846721e-8,1.86376727385e-8],"median":[2.78546130605e-10,1.17009353595e-11,1.00886495338e-11,9.67678194519e-12,8.41947692121e-12,8.69005561954e-12,8.46712110147e-12,1.39905647831e-11,1.52995727198e-10,2.27786428608e-10,1.85497528449e-9,3.39999028931e-10,1.48289124036e-11,8.83837968091e-12,7.59063211592e-12,9.54907767442e-12,2.58157575178e-11,3.56203469498e-11,6.78325754941e-12,4.0455958028e-11,6.99738053958e-12,3.03659614814e-12,3.18142322382e-12,3.90694985045e-12,3.23264635546e-12,3.45544079461e-12,3.43258537913e-12,3.64873105688e-12,3.91052858498e-12,3.95889267549e-12,4.24545771802e-12,4.16118918836e-12,4.02902450986e-12,4.0017798103e-12,3.61508782978e-12,3.49865514164e-12,3.04943700499e-12,2.60908590739e-12,2.31634936926e-12,1.15429595136e-12],"min":[3.0288807494e-25,4.28138873521e-25,3.21930339028e-25,6.33078527203e-25,4.79722192291e-25,4.91502991745e-25,7.13037074125e-25,4.10374933879e-25,8.37902218331e-25,8.98833736043e-25,8.50165455533e-25,8.21261394751e-25,8.1544581355e-25,1.82806484656e-24,1.40419548547e-24,1.32453966392e-24,1.43640378877e-24,1.52913813526e-24,2.02614486163e-24,1.72966214003e-24,1.64363390009e-24,1.96043531203e-24,2.71373318435e-24,2.52764326339e-24,3.01955523021e-24,3.07432939274e-24,3.24672389952e-24,2.88694731761e-24,2.91876464172e-24,3.11604928778e-24,3.41336051055e-24,3.70935453283e-24,3.78537824156e-24,4.03183456e-24,3.94703004053e-24,4.48964840862e-24,3.98693180841e-24,4.78173914713e-24,4.74500110592e-24,4.48368225359e-24],"var":[0.00005568245615,0.0000116768296721,0.00000135562584092,5.84041742968e-7,2.0983524962e-7,1.79656339583e-7,2.53413674045e-7,6.40905142291e-8,4.4980811964e-8,3.52683500182e-8,7.36107708121e-8,1.67300740372e-7,4.55224444806e-8,5.86583830398e-8,3.23543360992e-8,1.61866058335e-8,6.61616805786e-9,4.4488355222e-9,3.05428393688e-9,1.82300141649e-9,1.42265921266e-9,5.00245733726e-10,4.93864282802e-10,5.3943977063e-10,2.52889265084e-10,2.1456715571e-10,1.80256753968e-10,2.41877323726e-10,1.43198064517e-10,7.55093140792e-11,7.89055973338e-11,2.90824395816e-11,5.8608716838e-12,2.75046587069e-12,2.28311640427e-12,1.37045463953e-12,6.44435730907e-13,2.2281552688e-13,1.03190290243e-13,3.32631638332e-15]},"melbands_crest":{"dmean":4.2502117157,"dmean2":6.96996355057,"dvar":18.3210201263,"dvar2":45.3284797668,"max":39.4274711609,"mean":13.8906936646,"median":13.2252635956,"min":1.00040447712,"var":77.0723190308},"melbands_flatness_db":{"dmean":0.0273465197533,"dmean2":0.04440600425,"dvar":0.000932490744162,"dvar2":0.00236295512877,"max":0.650175035,"mean":0.145764663815,"median":0.152656763792,"min":-5.26346127572e-7,"var":0.0126250134781},"melbands_kurtosis":{"dmean":5.67303514481,"dmean2":9.53963184357,"dvar":224.620666504,"dvar2":613.164611816,"max":902.623962402,"mean":7.31054353714,"median":2.60727739334,"min":-1.79989957809,"var":294.145172119},"melbands_skewness":{"dmean":0.609728872776,"dmean2":1.00526762009,"dvar":0.672045528889,"dvar2":1.77140545845,"max":19.4820690155,"mean":1.5073928833,"median":1.20470702648,"min":-2.83206224442,"var":2.44459342957},"melbands_spread":{"dmean":11.4040145874,"dmean2":18.9603805542,"dvar":152.524307251,"dvar2":392.405303955,"max":201.264404297,"mean":60.4075126648,"median":31.5494499207,"min":0.204939424992,"var":3000.93579102},"mfcc":{"cov":[[63601.5625,16891.9492188,-3186.14550781,3188.03857422,-381.384246826,3339.50561523,632.74029541,1391.34655762,38.7666168213,562.018554688,-299.570526123,687.869689941,-71.1170730591],[16891.9492188,6243.52636719,-605.928283691,523.311767578,-36.3641471863,777.158752441,149.94883728,266.278320312,-2.82918095589,87.5843582153,-85.2508850098,117.157363892,-27.7278556824],[-3186.14550781,-605.928283691,417.663208008,-187.185821533,29.3292007446,-194.039871216,-22.5978889465,-89.850982666,-9.09815502167,-40.4935569763,11.6497240067,-40.3560333252,-8.73899841309],[3188.03857422,523.311767578,-187.185821533,384.624420166,7.28590250015,226.28503418,57.8487663269,123.133201599,11.1550674438,43.6308250427,-5.48718261719,50.3251991272,5.73945236206],[-381.384246826,-36.3641471863,29.3292007446,7.28590250015,113.729286194,8.20752239227,32.5361633301,0.887137651443,17.2900028229,-5.01328849792,8.8706073761,-1.15217852592,2.92428231239],[3339.50561523,777.158752441,-194.039871216,226.28503418,8.20752239227,248.915817261,64.265625,102.615783691,6.99502468109,35.6651687622,-17.592256546,43.9048347473,-0.272008121014],[632.74029541,149.94883728,-22.5978889465,57.8487663269,32.5361633301,64.265625,64.7620239258,45.3985671997,17.3646888733,6.63892936707,-0.55940669775,8.57905864716,3.19074010849],[1391.34655762,266.278320312,-89.850982666,123.133201599,0.887137651443,102.615783691,45.3985671997,86.2414550781,24.9382762909,27.823179245,-4.04405641556,20.6434574127,1.63717055321],[38.7666168213,-2.82918095589,-9.09815502167,11.1550674438,17.2900028229,6.99502468109,17.3646888733,24.9382762909,37.7303085327,19.712348938,9.6025018692,2.3442838192,2.34765458107],[562.018554688,87.5843582153,-40.4935569763,43.6308250427,-5.01328849792,35.6651687622,6.63892936707,27.823179245,19.712348938,39.3621177673,14.0199108124,15.4780569077,2.10536122322],[-299.570526123,-85.2508850098,11.6497240067,-5.48718261719,8.8706073761,-17.592256546,-0.55940669775,-4.04405641556,9.6025018692,14.0199108124,29.2792701721,10.605711937,8.35474014282],[687.869689941,117.157363892,-40.3560333252,50.3251991272,-1.15217852592,43.9048347473,8.57905864716,20.6434574127,2.3442838192,15.4780569077,10.605711937,33.2457199097,11.828622818],[-71.1170730591,-27.7278556824,-8.73899841309,5.73945236206,2.92428231239,-0.272008121014,3.19074010849,1.63717055321,2.34765458107,2.10536122322,8.35474014282,11.828622818,25.6437034607]],"icov":[[0.000280204665614,-0.000495557498652,0.00050399673637,-0.000722884258721,0.000680511875544,-0.000684899627231,-0.000340992846759,0.000357624783646,-0.000152713852003,-0.00073368701851,0.00133497687057,-0.00200703996234,0.00107459211722],[-0.000495557498652,0.00115888833534,-0.000907012086827,0.00153865967877,-0.00107882299926,-0.0000412466142734,0.00084724475164,-0.000540068605915,0.0000991806882666,0.00148103933316,-0.00233310787007,0.00353419291787,-0.0017238240689],[0.00050399673637,-0.000907012086827,0.00521983392537,-0.00147094880231,0.000596069090534,0.00247969781049,-0.00390471052378,0.0026631008368,0.000411598011851,-0.00125308893621,0.00264433654957,-0.00427175406367,0.00397330941632],[-0.000722884258721,0.00153865967877,-0.00147094880231,0.00910357385874,-0.00290101557039,-0.00366720650345,0.00421951897442,-0.00870549771935,0.00399946467951,0.00215297751129,-0.00624481774867,0.00492256879807,-0.00333612086251],[0.000680511875544,-0.00107882299926,0.000596069090534,-0.00290101557039,0.0149883488193,-0.00434007169679,-0.00808639172465,0.00867018382996,-0.00979384034872,0.0045139756985,-0.00136866047978,-0.00433764187619,0.00324330269359],[-0.000684899627231,-0.0000412466142734,0.00247969781049,-0.00366720650345,-0.00434007169679,0.0263393949717,-0.010637271218,-0.00439750496298,0.00954955723137,-0.00892384443432,0.0107618803158,-0.00715768476948,0.0017541985726],[-0.000340992846759,0.00084724475164,-0.00390471052378,0.00421951897442,-0.00808639172465,-0.010637271218,0.0403527654707,-0.0215816330165,-0.00544509058818,0.0150332599878,-0.0117419864982,0.00904138293117,-0.00621911464259],[0.000357624783646,-0.000540068605915,0.0026631008368,-0.00870549771935,0.00867018382996,-0.00439750496298,-0.0215816330165,0.0522519014776,-0.0234582368284,-0.00986580271274,0.0158573389053,-0.0100978892297,0.0040269093588],[-0.000152713852003,0.0000991806882666,0.000411598011851,0.00399946467951,-0.00979384034872,0.00954955723137,-0.00544509058818,-0.0234582368284,0.0619543083012,-0.0282949954271,-0.00518227461725,0.0125597054139,-0.0051316828467],[-0.00073368701851,0.00148103933316,-0.00125308893621,0.00215297751129,0.0045139756985,-0.00892384443432,0.0150332599878,-0.00986580271274,-0.0282949954271,0.0689667090774,-0.0349051617086,-0.00170655420516,0.00589520018548],[0.00133497687057,-0.00233310787007,0.00264433654957,-0.00624481774867,-0.00136866047978,0.0107618803158,-0.0117419864982,0.0158573389053,-0.00518227461725,-0.0349051617086,0.0795943289995,-0.0359420441091,-0.00181559205521],[-0.00200703996234,0.00353419291787,-0.00427175406367,0.00492256879807,-0.00433764187619,-0.00715768476948,0.00904138293117,-0.0100978892297,0.0125597054139,-0.00170655420516,-0.0359420441091,0.0823965147138,-0.031670384109],[0.00107459211722,-0.0017238240689,0.00397330941632,-0.00333612086251,0.00324330269359,0.0017541985726,-0.00621911464259,0.0040269093588,-0.0051316828467,0.00589520018548,-0.00181559205521,-0.031670384109,0.0575642101467]],"mean":[-938.148376465,65.3654403687,-6.41148757935,8.15391540527,-0.988799095154,9.95564556122,2.44484114647,4.43686723709,0.605172216892,1.63711428642,-1.1034886837,1.50655722618,-0.527410924435]},"pitch_salience":{"dmean":0.0850394293666,"dmean2":0.138986334205,"dvar":0.00731574604288,"dvar2":0.0189070198685,"max":0.996097683907,"mean":0.534902691841,"median":0.551927924156,"min":0.0323812700808,"var":0.035079009831},"silence_rate_20dB":{"dmean":0,"dmean2":0,"dvar":0,"dvar2":0,"max":1,"mean":1,"median":1,"min":1,"var":0},"silence_rate_30dB":{"dmean":0.0449570454657,"dmean2":0.0899167358875,"dvar":0.0429711230099,"dvar2":0.0952864512801,"max":1,"mean":0.928565144539,"median":1,"min":0,"var":0.0663500204682},"silence_rate_60dB":{"dmean":0.00923855509609,"dmean2":0.0184776540846,"dvar":0.0091565111652,"dvar2":0.0194869078696,"max":1,"mean":0.640118837357,"median":1,"min":0,"var":0.230275690556},"spectral_centroid":{"dmean":299.544616699,"dmean2":500.410095215,"dvar":403531.4375,"dvar2":800987.125,"max":12070.4277344,"mean":3127.60864258,"median":1727.02441406,"min":161.081314087,"var":10679928},"spectral_complexity":{"dmean":1.46969521046,"dmean2":2.24668264389,"dvar":8.14757061005,"dvar2":17.6595554352,"max":65,"mean":11.6953430176,"median":0,"min":0,"var":302.036621094},"spectral_contrast_coeffs":{"dmean":[0.0378721579909,0.0335230603814,0.0282490327954,0.0198746919632,0.0131031349301,0.0181850288063],"dmean2":[0.063474200666,0.0565396621823,0.0475024022162,0.033085193485,0.0219873581082,0.0290359035134],"dvar":[0.00134408380836,0.00104210781865,0.000724064710084,0.000387932377635,0.000210275145946,0.000550256285351],"dvar2":[0.00355346570723,0.00287379440852,0.00195850734599,0.00102308136411,0.000569444440771,0.001315656933],"max":[-0.325581669807,-0.432293355465,-0.551206767559,-0.601237773895,-0.674973011017,-0.417195141315],"mean":[-0.803825557232,-0.859738707542,-0.858685076237,-0.87583220005,-0.885919332504,-0.827595829964],"median":[-0.841287314892,-0.871630489826,-0.847248077393,-0.888153672218,-0.915203809738,-0.87585413456],"min":[-0.998441755772,-0.998142182827,-0.999029219151,-0.989359676838,-0.993097007275,-0.967356920242],"var":[0.0131609020755,0.00671941274777,0.00541990809143,0.00394785683602,0.00381419225596,0.0124692497775]},"spectral_contrast_valleys":{"dmean":[0.476998925209,0.449794024229,0.404765933752,0.335298031569,0.309501051903,0.40650343895],"dmean2":[0.760333418846,0.702368199825,0.617577195168,0.511884748936,0.469533532858,0.619653105736],"dvar":[0.395835936069,0.508564174175,0.506364762783,0.492570608854,0.57392603159,0.509505987167],"dvar2":[0.586015284061,0.744127690792,0.713380396366,0.710573077202,0.871114313602,0.839069962502],"max":[-4.48258066177,-4.52737283707,-4.79674959183,-5.17765855789,-4.99529695511,-8.51221179962],"mean":[-13.7876729965,-13.023774147,-12.9901294708,-13.3563728333,-13.389591217,-15.5355243683],"median":[-15.7168331146,-14.2013034821,-13.8430318832,-14.3713026047,-14.2372617722,-15.8253831863],"min":[-28.7260799408,-28.9179325104,-28.0824337006,-27.9235954285,-27.6790046692,-27.4808177948],"var":[48.4554367065,47.1098136902,46.4460411072,44.717086792,41.7812232971,27.944519043]},"spectral_decrease":{"dmean":2.47035814027e-9,"dmean2":4.08356726211e-9,"dvar":5.19102785149e-17,"dvar2":1.39711149567e-16,"max":2.19399822754e-8,"mean":-4.52025350484e-9,"median":-4.25509401331e-22,"min":-1.3857140857e-7,"var":8.66147370675e-17},"spectral_energy":{"dmean":0.00947605725378,"dmean2":0.0156418941915,"dvar":0.00075824605301,"dvar2":0.00203074119054,"max":0.543747067451,"mean":0.0262307021767,"median":0.00000195928009816,"min":9.70188346677e-21,"var":0.00216040248051},"spectral_energyband_high":{"dmean":0.00020726294315,"dmean2":0.000305138382828,"dvar":4.32033289144e-7,"dvar2":9.16977057841e-7,"max":0.0267609674484,"mean":0.000704719452187,"median":1.30460966474e-8,"min":6.60557679734e-21,"var":0.00000234195340454},"spectral_energyband_low":{"dmean":0.00800172612071,"dmean2":0.0134663432837,"dvar":0.000622276740614,"dvar2":0.00170814408921,"max":0.487240284681,"mean":0.0124804032966,"median":1.45501000137e-9,"min":4.47854203593e-24,"var":0.000854185316712},"spectral_energyband_middle_high":{"dmean":0.00132950744592,"dmean2":0.00215105130337,"dvar":0.0000119143869597,"dvar2":0.0000308944036078,"max":0.0830262750387,"mean":0.00458237482235,"median":1.1350672402e-8,"min":1.00066750867e-21,"var":0.0000759233516874},"spectral_energyband_middle_low":{"dmean":0.00188026740216,"dmean2":0.00302091799676,"dvar":0.0000187013029063,"dvar2":0.0000485129421577,"max":0.0954180806875,"mean":0.00477046892047,"median":9.72888347661e-9,"min":1.15116086384e-22,"var":0.0000724060519133},"spectral_entropy":{"dmean":0.145378321409,"dmean2":0.233545139432,"dvar":0.0421143434942,"dvar2":0.0986591130495,"max":9.8304681778,"mean":8.23025894165,"median":8.12623786926,"min":3.85318207741,"var":0.74525475502},"spectral_flux":{"dmean":0.012873605825,"dmean2":0.0210731755942,"dvar":0.000939497898798,"dvar2":0.00220411992632,"max":0.60791093111,"mean":0.0547696053982,"median":0.000867288035806,"min":6.18695719656e-11,"var":0.0066674714908},"spectral_kurtosis":{"dmean":3.28278756142,"dmean2":5.31563615799,"dvar":111.686508179,"dvar2":294.24609375,"max":266.278289795,"mean":10.3575944901,"median":7.13600635529,"min":-1.33446073532,"var":206.800064087},"spectral_rms":{"dmean":0.000512976606842,"dmean2":0.000817989057396,"dvar":0.00000135555910674,"dvar2":0.00000348384287463,"max":0.023032259196,"mean":0.00289642368443,"median":0.0000437206217612,"min":3.07656504439e-12,"var":0.0000171996780409},"spectral_rolloff":{"dmean":2026.02685547,"dmean2":3817.36523438,"dvar":27713416,"dvar2":72158400,"max":22050,"mean":16298.078125,"median":21188.671875,"min":21.533203125,"var":69027480},"spectral_skewness":{"dmean":0.267958402634,"dmean2":0.42759925127,"dvar":0.287360846996,"dvar2":0.715303957462,"max":12.4244012833,"mean":2.03680157661,"median":2.05994915962,"min":-0.117718704045,"var":1.63208854198},"spectral_spread":{"dmean":896611.875,"dmean2":1525376,"dvar":7120748019710,"dvar2":14548471906300,"max":52813764,"mean":11747654,"median":8643132,"min":498814.34375,"var":140760624136000},"spectral_strongpeak":{"dmean":2.67028856277,"dmean2":4.99918556213,"dvar":193.643386841,"dvar2":533.58392334,"max":230.242507935,"mean":2.24043083191,"median":0.187308117747,"min":0,"var":165.308181763},"zerocrossingrate":{"dmean":0.0277368258685,"dmean2":0.0374713167548,"dvar":0.00142706220504,"dvar2":0.00261205690913,"max":0.99072265625,"mean":0.512312293053,"median":0.490234375,"min":0,"var":0.090466812253}},"metadata":{"audio_properties":{"analysis_sample_rate":44100,"bit_rate":320000,"codec":"mp3","downmix":"mix","equal_loudness":0,"length":789.185302734,"lossless":false,"md5_encoded":"48a7031e72e10673b7514ab20abda772","replay_gain":-5.74603462219,"sample_rate":44100},"tags":{"album":["Portrait of an American Family"],"albumartist":["Marilyn Manson"],"albumartistsort":["Marilyn Manson"],"artist":["Marilyn Manson"],"artistsort":["Marilyn Manson"],"asin":["B000001Y5X"],"barcode":["606949234423"],"catalognumber":["IND 92344"],"composer":["Gidget Gein","Daisy Berkowitz","Madonna Wayne Gacy"],"date":["1994"],"discnumber":["1/1"],"file_name":"13. Marilyn Manson - Misery Machine - Epilogue.mp3","genre":["Industrial"],"label":["Nothing Records"],"lyricist":["Marilyn Manson"],"musicbrainz album release country":["US"],"musicbrainz album status":["official"],"musicbrainz album type":["album"],"musicbrainz_albumartistid":["5dfdca28-9ddc-4853-933c-8bc97d87beec"],"musicbrainz_albumid":["87266008-5fb5-4c19-b86f-6aebf0361fcc"],"musicbrainz_artistid":["5dfdca28-9ddc-4853-933c-8bc97d87beec"],"musicbrainz_recordingid":["4453b86f-a08a-4b92-aa12-33123a509d59"],"musicip_puid":["d8e7ba8e-b724-1367-2489-6a0de8467d26"],"subtitle":["Track 13"],"title":["Misery Machine / Epilogue"],"tracknumber":["13/13"]},"version":{"essentia":"2.1-beta1","essentia_build_sha":"ca57ba49d9b1854bd80e60cf9ccf267278fb7d6b","essentia_git_sha":"v2.1_beta1-28-g21ef5f4-dirty","extractor":"music 1.0"}},"rhythm":{"beats_count":1508,"beats_loudness":{"dmean":0.0173429194838,"dmean2":0.0301831103861,"dvar":0.000795930158347,"dvar2":0.0023589853663,"max":0.260842978954,"mean":0.0398176014423,"median":0.000329077185597,"min":0,"var":0.00273439986631},"beats_loudness_band_ratio":{"dmean":[0.132285952568,0.0522404424846,0.0543965436518,0.0536055974662,0.0199340377003,0.201279014349],"dmean2":[0.229190349579,0.0919985547662,0.0965538993478,0.0918623954058,0.0344757623971,0.36384126544],"dvar":[0.020454796031