{"lowlevel":{"average_loudness":0.780463516712,"barkbands":{"dmean":[0.000148034538142,0.00459984922782,0.00396719761193,0.00298548233695,0.00265958858654,0.000760880240705,0.000707053055521,0.000730274186935,0.000454936322058,0.000285105459625,0.000166986428667,0.000119318567158,0.000143159049912,0.00015923603496,0.000144302670378,0.0000995545342448,0.000260816712398,0.000117890333058,0.0000911732422537,0.0000823023801786,0.0000695925991749,0.0000532913327334,0.0000282536184386,0.0000229336528719,0.0000223417573579,0.0000128974097606,0.000002083095751],"dmean2":[0.000257574545685,0.00841357931495,0.00711407093331,0.00491904187948,0.00429033534601,0.00121570925694,0.00110702437814,0.00115317408927,0.000682374171447,0.000430797517765,0.00024758305517,0.000186473262147,0.000215979409404,0.000250877463259,0.000227991040447,0.000157179529197,0.000414304959122,0.000181836076081,0.000142022487125,0.000120374104881,0.0000968599852058,0.0000726038997527,0.000039432401536,0.0000318665333907,0.0000302825301333,0.0000184260316018,0.00000307513778353],"dvar":[1.33206938813e-7,0.000178573885933,0.00013320009748,0.0000309849529003,0.0000153887958732,0.0000019582701043,0.00000161262528309,0.00000224987456932,0.00000106949619294,4.35598508375e-7,1.632340485e-7,6.88465817689e-8,1.26063909534e-7,1.03179935707e-7,7.75612676307e-8,2.5710269469e-8,1.34042394961e-7,3.57355887104e-8,1.45654333039e-8,2.00188079447e-8,2.49032581223e-8,1.39609239724e-8,3.68613117807e-9,2.57722043706e-9,1.76768333304e-9,6.65627664098e-10,1.54976812633e-11],"dvar2":[3.89733003203e-7,0.000511284335516,0.000386202911614,0.0000809684570413,0.0000389737215301,0.00000497925248055,0.00000397417852582,0.00000582903339819,0.00000230562636716,8.65351921675e-7,3.14321312089e-7,1.51762122869e-7,2.63777963028e-7,2.41590157657e-7,1.79334534778e-7,5.97570846139e-8,3.43758529198e-7,8.2442490168e-8,3.47883180041e-8,4.22415062928e-8,4.8633644667e-8,2.72845106508e-8,7.64213758941e-9,5.17092146879e-9,3.57784757377e-9,1.54166124311e-9,3.5914219515e-11],"max":[0.00772854452953,0.162596285343,0.162024497986,0.0891808271408,0.0621851496398,0.0290649458766,0.024068120867,0.030392460525,0.023599486798,0.0163950677961,0.0103790042922,0.00797494407743,0.0107692414895,0.00717589817941,0.00784310512245,0.00437943916768,0.00461302883923,0.00438622338697,0.002017284045,0.00269126798958,0.00422950275242,0.00323407398537,0.00178410089575,0.00172271637712,0.00101675326005,0.000561862019822,0.000110202316137],"mean":[0.000144749530591,0.00455857347697,0.00511918310076,0.00600855378434,0.0065626334399,0.00155841792002,0.00149501825217,0.00149939674884,0.000870058313012,0.000630237453151,0.000340351223713,0.000229443234275,0.000283403671347,0.000284761277726,0.000274742575129,0.000209932273719,0.000541243818589,0.000254585640505,0.00021488427592,0.000176504327101,0.000106217266875,0.0000767390956753,0.0000458396971226,0.0000422644770879,0.0000362587088603,0.0000160115378094,0.00000307901586893],"median":[0.0000315920733556,0.00166887114756,0.00211688270792,0.00335839111358,0.00426157703623,0.000836522260215,0.000766673707403,0.000699087511748,0.000288743089186,0.000214121158933,0.0000960362813203,0.000090254296083,0.0000747256563045,0.000124953396153,0.000132733344799,0.000129278530949,0.000364786508726,0.000138648290886,0.000156579277245,0.0000823785667308,0.0000229647266679,0.0000145073590829,0.0000153842593136,0.000018367634766,0.0000147342934724,0.00000398412930736,0.00000131508204504],"min":[2.10992410844e-25,1.83866832042e-24,4.19051442412e-25,4.02900501454e-25,3.04583238418e-24,3.87423040632e-24,8.38436632151e-24,3.05754361596e-24,1.25056226039e-23,9.52124504799e-24,5.80870548925e-24,1.83645666999e-23,2.12114316004e-23,2.2405710213e-23,4.04782327171e-23,4.02140526663e-23,6.45111578737e-23,6.63105559094e-23,9.78498586106e-23,1.58116099155e-22,2.29604870575e-22,2.80038224994e-22,4.10513521554e-22,5.0631268891e-22,7.84814465296e-22,1.20704927345e-21,1.70917082642e-21],"var":[1.18651001912e-7,0.000115691895189,0.0000953168200795,0.0000629657733953,0.0000465558805445,0.00000462256321043,0.00000430886666436,0.00000521296078659,0.00000281596248897,0.00000182731650966,6.97363816471e-7,2.39547460978e-7,5.36840559562e-7,2.29692531661e-7,2.17247318801e-7,6.99260027659e-8,3.09696815748e-7,1.08247654396e-7,4.37613998372e-8,5.97397757929e-8,4.34759073187e-8,2.44732447641e-8,6.55762288915e-9,5.51833378992e-9,3.57920271199e-9,8.9890134225e-10,2.23094737128e-11]},"barkbands_crest":{"dmean":1.92207574844,"dmean2":3.16098546982,"dvar":3.83586549759,"dvar2":10.0547151566,"max":25.8266048431,"mean":9.42496204376,"median":8.78278923035,"min":3.22106671333,"var":10.3500108719},"barkbands_flatness_db":{"dmean":0.0223890990019,"dmean2":0.0312738865614,"dvar":0.000508109340444,"dvar2":0.0011352438014,"max":0.537823498249,"mean":0.152222692966,"median":0.14194881916,"min":0.0328791812062,"var":0.00408579409122},"barkbands_kurtosis":{"dmean":3.77106237411,"dmean2":6.12171506882,"dvar":43.1772422791,"dvar2":111.048294067,"max":156.491622925,"mean":7.81673383713,"median":4.26465797424,"min":-1.77639257908,"var":143.808288574},"barkbands_skewness":{"dmean":0.519326150417,"dmean2":0.826714456081,"dvar":0.413345932961,"dvar2":1.04321265221,"max":9.74030685425,"mean":2.11047172546,"median":2.00463533401,"min":-6.89056873322,"var":1.7564125061},"barkbands_spread":{"dmean":4.18682098389,"dmean2":6.32715654373,"dvar":25.5305690765,"dvar2":57.5625228882,"max":128.455459595,"mean":16.0850830078,"median":14.4615364075,"min":0.795532643795,"var":85.715927124},"dissonance":{"dmean":0.0157964732498,"dmean2":0.0259668081999,"dvar":0.000218095447053,"dvar2":0.000552736513782,"max":0.500000178814,"mean":0.46262511611,"median":0.467731356621,"min":0.218689337373,"var":0.000742586853448},"dynamic_complexity":2.61197662354,"erbbands":{"dmean":[0.100621588528,1.18550527096,4.233959198,7.25146484375,9.86605834961,9.47352313995,7.32612895966,6.15571403503,7.14348173141,18.5594730377,10.1687316895,10.4899377823,8.21608448029,7.80127716064,6.52590656281,4.53449773788,6.65396738052,7.15558338165,8.39733219147,4.85660076141,6.71199703217,12.6790151596,6.99488830566,4.02232265472,4.733273983,3.76649808884,3.41511845589,2.35190343857,2.06438660622,1.03021526337,0.841894447803,0.649213075638,0.317112565041,0.233128592372,0.169738784432,0.0797702968121,0.0189914256334,0.0033374519553,0.000313126802212,0.0000273730966001],"dmean2":[0.179545775056,2.18622803688,7.68949651718,12.2186851501,16.0731620789,15.239824295,11.7598552704,9.8606710434,11.3612613678,29.4691772461,15.8513841629,15.6890859604,12.5713949203,11.3196573257,9.86096286774,6.97055387497,9.88959217072,11.1228685379,13.1195955276,7.47331190109,10.6065530777,19.9171218872,10.6856994629,6.28488636017,7.35686540604,5.48642635345,4.78850793839,3.22864151001,2.84050750732,1.41260111332,1.18924856186,0.917807400227,0.43834939599,0.322997748852,0.234755471349,0.111723147333,0.0280930940062,0.00505124451593,0.000460637558717,0.0000404334750783],"dvar":[0.0699955448508,12.5476551056,159.901596069,224.788696289,280.480224609,210.743484497,151.538665771,146.741699219,207.44430542,1277.89367676,494.654541016,694.542236328,330.728271484,371.262359619,184.241439819,107.388938904,283.318939209,192.25390625,284.659973145,77.8573989868,96.1861953735,327.00012207,112.262138367,31.4061164856,41.7136688232,46.1912841797,61.3436775208,26.5792427063,22.438287735,4.53518009186,3.60850596428,2.20108819008,0.431574374437,0.205222889781,0.106324739754,0.0254398435354,0.00168822519481,0.0000400399403588,3.28118659354e-7,1.65609037595e-9],"dvar2":[0.195572242141,36.2134475708,464.969451904,625.348693848,716.257263184,521.362854004,390.401245117,367.316467285,501.776519775,3493.47509766,1172.92944336,1513.34277344,673.455627441,720.542785645,393.421264648,228.234054565,569.909118652,447.080291748,638.02520752,171.405380249,235.979248047,803.976928711,259.687164307,76.4870758057,99.7371826172,97.6754760742,124.23764801,50.5279464722,44.5485534668,8.86088085175,7.68794393539,4.62778949738,0.838753819466,0.403567552567,0.223326802254,0.0560518689454,0.00418507307768,0.0000975673174253,7.40270024835e-7,3.97155863752e-9],"max":[3.01861524582,44.8851203918,159.374404907,257.53302002,278.755279541,281.646331787,360.780334473,246.861968994,345.32220459,785.451293945,441.19720459,662.967285156,593.356384277,689.013122559,462.525238037,401.211700439,594.664001465,288.627990723,485.747467041,260.694824219,212.953811646,279.706512451,233.202026367,111.485588074,141.097549438,153.198348999,221.92074585,146.436233521,142.83265686,51.1977767944,60.4597320557,45.6519165039,19.9323539734,13.2460975647,8.91377258301,2.96650695801,1.07491219044,0.113283567131,0.0252905581146,0.000897801364772],"mean":[0.0978288277984,1.17622244358,5.26828384399,13.9756288528,21.7954463959,22.4463481903,15.5520172119,12.3694067001,14.4981460571,40.4871406555,21.6910572052,20.5708885193,18.7701683044,18.9431915283,14.5032091141,9.75724220276,14.4427061081,13.9900989532,16.8035125732,11.1662502289,15.8515834808,27.8197078705,16.6279277802,9.67511177063,11.1964588165,8.37326431274,5.64832830429,3.52339863777,2.90460538864,1.6874601841,1.31872224808,1.11231267452,0.584969341755,0.39905756712,0.255889683962,0.102207504213,0.0227216258645,0.00414012651891,0.000482435687445,0.0000657320779283],"median":[0.030118342489,0.454108864069,2.35111045837,8.24624824524,13.1206073761,13.9389209747,9.66490936279,5.9856300354,8.02714538574,21.9221000671,12.3770179749,7.64016819,7.13730239868,6.21549940109,5.1150302887,4.21170806885,4.14315271378,6.31523895264,8.4008808136,6.05359745026,11.0224208832,18.994310379,10.4298582077,6.3582611084,7.96712589264,4.05263900757,1.50283622742,0.732641816139,0.511133730412,0.503817498684,0.42346021533,0.438087970018,0.250894874334,0.168574512005,0.0964297801256,0.026160100475,0.00581386499107,0.0014324830845,0.000218135275645,0.0000485889686388],"min":[5.05919596366e-23,5.61712787318e-22,1.34129406296e-21,3.10319472518e-21,6.08320900934e-21,1.55840698158e-20,2.71816396046e-20,4.1183115807e-20,9.74979434946e-20,1.09953848878e-19,1.62212224847e-19,2.98034415474e-19,4.89794837196e-19,4.20968886587e-19,7.47991252092e-19,1.1277163188e-18,1.36372035674e-18,1.35660288116e-18,2.02688346154e-18,2.16085259957e-18,3.1166244354e-18,3.91850717649e-18,3.80654703981e-18,5.50732302344e-18,7.19994135188e-18,7.90502597012e-18,9.97798111703e-18,9.11957857225e-18,8.74510150124e-18,1.12257764536e-17,1.11320568902e-17,1.00120559952e-17,9.64708653813e-18,6.82407461744e-18,5.89615870912e-18,4.24761669962e-18,2.24075328366e-18,9.43206031751e-19,2.40188667112e-19,2.25949586509e-20],"var":[0.0517516732216,7.80565738678,108.118797302,301.862640381,638.149963379,668.96697998,348.893981934,365.892608643,439.440612793,3143.12817383,1067.83276367,1552.7611084,1814.14599609,1859.2598877,872.781555176,395.336700439,1383.20056152,486.456542969,796.549133301,292.22253418,262.313903809,821.807800293,356.307312012,100.820480347,122.473045349,137.560699463,109.640213013,48.5140991211,37.5982513428,9.01671504974,5.91862535477,4.06763505936,1.02561342716,0.460267573595,0.184713333845,0.0373555347323,0.00195483188145,0.0000466189412691,5.49869469069e-7,3.45893003129e-9]},"erbbands_crest":{"dmean":2.10057926178,"dmean2":3.2592651844,"dvar":4.21967935562,"dvar2":10.0277109146,"max":35.151008606,"mean":8.67026138306,"median":7.72044849396,"min":2.48659682274,"var":16.6742248535},"erbbands_flatness_db":{"dmean":0.0190939735621,"dmean2":0.0242925137281,"dvar":0.000453938468127,"dvar2":0.000775621098001,"max":0.496214181185,"mean":0.155372798443,"median":0.150341242552,"min":0.0337315686047,"var":0.00234221899882},"erbbands_kurtosis":{"dmean":0.696737289429,"dmean2":1.0238442421,"dvar":5.5971493721,"dvar2":9.21626377106,"max":199.671020508,"mean":0.573600709438,"median":-0.687783718109,"min":-1.84419453144,"var":96.8589477539},"erbbands_skewness":{"dmean":0.302622824907,"dmean2":0.451048225164,"dvar":0.0966426506639,"dvar2":0.201547324657,"max":10.5834760666,"mean":0.438913136721,"median":0.382062792778,"min":-9.90087985992,"var":0.745508551598},"erbbands_spread":{"dmean":7.49431371689,"dmean2":10.6247434616,"dvar":66.7049407959,"dvar2":129.288116455,"max":149.038391113,"mean":44.368309021,"median":42.1030158997,"min":0.50441390276,"var":304.804382324},"gfcc":{"cov":[[40596.7617188,1420.35839844,-3744.69506836,1016.39599609,-2141.80004883,495.908538818,-1327.1697998,641.233886719,-836.495849609,131.235198975,-699.862426758,40.5306587219,-462.626708984],[1420.35839844,1803.52539062,-508.783813477,5.5541882515,316.171508789,-340.341491699,50.8452339172,2.41481518745,34.2166748047,-167.663314819,153.853805542,-227.452804565,-1.59986341],[-3744.69506836,-508.783813477,1077.40344238,76.2922439575,186.158187866,150.594497681,132.975311279,-55.0303039551,37.4895324707,12.066781044,-48.7494812012,88.9489822388,4.46138334274],[1016.39599609,5.5541882515,76.2922439575,290.018035889,-21.8557090759,32.2052764893,-23.7206745148,-2.50099945068,-4.05736684799,1.44014549255,-49.4182167053,-5.28206729889,-4.40810394287],[-2141.80004883,316.171508789,186.158187866,-21.8557090759,402.932312012,-92.4929199219,117.60735321,11.6624240875,70.7300262451,-29.637008667,59.8589134216,-35.1569976807,14.4968013763],[495.908538818,-340.341491699,150.594497681,32.2052764893,-92.4929199219,231.28276062,17.9259471893,16.4351768494,-28.0059814453,23.0537014008,-48.9994812012,63.8284492493,-8.60391139984],[-1327.1697998,50.8452339172,132.975311279,-23.7206745148,117.60735321,17.9259471893,182.52293396,4.0450797081,41.2237167358,1.99683964252,19.9517021179,-4.06677484512,10.4873819351],[641.233886719,2.41481518745,-55.0303039551,-2.50099945068,11.6624240875,16.4351768494,4.0450797081,129.145065308,26.7950649261,11.8993330002,-5.86139774323,6.17285203934,-13.1450433731],[-836.495849609,34.2166748047,37.4895324707,-4.05736684799,70.7300262451,-28.0059814453,41.2237167358,26.7950649261,101.380981445,23.935256958,27.459941864,-17.9559345245,6.45044469833],[131.235198975,-167.663314819,12.066781044,1.44014549255,-29.637008667,23.0537014008,1.99683964252,11.8993330002,23.935256958,100.079216003,0.10153453052,16.3867454529,-19.2271060944],[-699.862426758,153.853805542,-48.7494812012,-49.4182167053,59.8589134216,-48.9994812012,19.9517021179,-5.86139774323,27.459941864,0.10153453052,104.062461853,-8.39323616028,12.5022649765],[40.5306587219,-227.452804565,88.9489822388,-5.28206729889,-35.1569976807,63.8284492493,-4.06677484512,6.17285203934,-17.9559345245,16.3867454529,-8.39323616028,100.334014893,14.6023759842],[-462.626708984,-1.59986341,4.46138334274,-4.40810394287,14.4968013763,-8.60391139984,10.4873819351,-13.1450433731,6.45044469833,-19.2271060944,12.5022649765,14.6023759842,61.9365196228]],"icov":[[0.00026862937375,-0.000687194638886,0.000618660822511,-0.000647891080007,0.00066530040931,-0.000779172056355,0.000828867021482,-0.000984218437225,0.00105878827162,-0.00100873177871,0.00137472071219,-0.00107875093818,0.000838298990857],[-0.000687194638886,0.00327515928075,-0.00098668015562,0.00108391582035,-0.00248783780262,0.00279631675221,-0.00259011914022,0.00239078560844,-0.00228887447156,0.00444024568424,-0.00490903668106,0.00439119059592,-0.00141095637809],[0.000618660822511,-0.00098668015562,0.00320146069862,-0.00199504382908,0.000268345902441,-0.00239331368357,0.00127448770218,-0.00111137598287,0.00172433792613,-0.00142509583384,0.00352878007106,-0.00326597108506,0.00281168543734],[-0.000647891080007,0.00108391582035,-0.00199504382908,0.0056855189614,-0.00137183256447,0.00119591481052,-0.00109079945832,0.00249349372461,-0.00308244675398,0.00163037900347,-0.00113207777031,0.00282404385507,-0.0026720056776],[0.00066530040931,-0.00248783780262,0.000268345902441,-0.00137183256447,0.00658225081861,-0.000436710542999,0.000287566625047,-0.00338503625244,0.00143438891973,-0.00214855768718,0.00257222889923,-0.00284723751247,0.00175542046782],[-0.000779172056355,0.00279631675221,-0.00239331368357,0.00119591481052,-0.000436710542999,0.00996512081474,-0.00449568219483,0.00138863967732,-0.00151432154234,0.00339884427376,-0.00339528499171,0.00116093910765,-0.0013232419733],[0.000828867021482,-0.00259011914022,0.00127448770218,-0.00109079945832,0.000287566625047,-0.00449568219483,0.0106020262465,-0.00279729627073,0.00138988194522,-0.00395792583004,0.00426919665188,-0.00276688975282,0.00129122938961],[-0.000984218437225,0.00239078560844,-0.00111137598287,0.00249349372461,-0.00338503625244,0.00138863967732,-0.00279729627073,0.013349882327,-0.00779531337321,0.00406755227596,-0.00337095954455,0.00164251832757,-0.000372307782527],[0.00105878827162,-0.00228887447156,0.00172433792613,-0.00308244675398,0.00143438891973,-0.00151432154234,0.00138988194522,-0.00779531337321,0.0200534537435,-0.00851281080395,0.00232464401051,-0.000116980780149,-0.000102903264633],[-0.00100873177871,0.00444024568424,-0.00142509583384,0.00163037900347,-0.00214855768718,0.00339884427376,-0.00395792583004,0.00406755227596,-0.00851281080395,0.0192400254309,-0.00732506858185,0.00278325169347,0.00298900599591],[0.00137472071219,-0.00490903668106,0.00352878007106,-0.00113207777031,0.00257222889923,-0.00339528499171,0.00426919665188,-0.00337095954455,0.00232464401051,-0.00732506858185,0.0215733461082,-0.00836175307631,0.00239535840228],[-0.00107875093818,0.00439119059592,-0.00326597108506,0.00282404385507,-0.00284723751247,0.00116093910765,-0.00276688975282,0.00164251832757,-0.000116980780149,0.00278325169347,-0.00836175307631,0.0214944276959,-0.00836666021496],[0.000838298990857,-0.00141095637809,0.00281168543734,-0.0026720056776,0.00175542046782,-0.0013232419733,0.00129122938961,-0.000372307782527,-0.000102903264633,0.00298900599591,0.00239535840228,-0.00836666021496,0.02351327613]],"mean":[-37.4066009521,108.70740509,-101.69556427,32.4534111023,-43.7554931641,-4.23640823364,-41.3650894165,9.46100234985,-24.8496856689,-7.11430883408,-16.7668380737,-9.05028629303,-13.2979860306]},"hfc":{"dmean":3.71926832199,"dmean2":5.4059419632,"dvar":28.0191917419,"dvar2":59.9691963196,"max":105.750556946,"mean":14.7261219025,"median":11.9635305405,"min":1.01692247783e-16,"var":116.593223572},"melbands":{"dmean":[0.00109119107947,0.00202182936482,0.00134078878909,0.000664726889227,0.000282256893115,0.000136970513267,0.000115550850751,0.000200285692699,0.0000802564318292,0.0000649281282676,0.0000415155554947,0.0000331789597112,0.000022967957193,0.000014276114598,0.000014571466636,0.0000130891367007,0.0000150052846948,0.0000144669984365,0.00000873168846738,0.00000749230184738,0.00000990825446934,0.000016120093278,0.0000105407725641,0.00000495161975778,0.00000349432161784,0.00000371310670744,0.00000325223390973,0.00000263753372565,0.00000245140131483,0.00000170060229721,0.00000131354704536,0.00000134085257741,8.34527668303e-7,4.76327102206e-7,4.26770526474e-7,5.67298457099e-7,3.67221019815e-7,2.3378676417e-7,2.00433888153e-7,2.03327971349e-7],"dmean2":[0.00197271862999,0.00369568704627,0.00223273341544,0.0010686450405,0.000451552827144,0.000218648827286,0.000182489311555,0.000318628881359,0.000124018130009,0.0000969927132246,0.0000635452524875,0.0000483287876705,0.0000340950282407,0.0000224612613238,0.0000220503443416,0.0000197394638235,0.0000236042651522,0.0000224957111641,0.000013836249309,0.0000116850706036,0.0000159026858455,0.0000255203922279,0.0000164752709679,0.00000767510573496,0.00000555441420147,0.00000585458155911,0.00000506174910697,0.00000385834755434,0.00000351232142748,0.00000239983978645,0.00000185670103292,0.00000190228456631,0.000001156356916,6.84169719989e-7,6.12796213773e-7,8.1938776475e-7,5.30429304035e-7,3.33977794753e-7,2.83659403522e-7,2.88483477107e-7],"dvar":[0.00000928639201447,0.0000369923618564,0.00000675918317938,0.00000100868703612,1.93692102357e-7,6.84677274876e-8,4.8237154715e-8,1.52571175249e-7,3.27370450748e-8,2.44481483946e-8,8.53198578454e-9,6.87655088427e-9,2.65674904298e-9,9.09364472612e-10,1.18139797944e-9,1.24873400509e-9,8.85910511617e-10,9.38302657794e-10,3.02695035703e-10,1.68258851296e-10,2.21656346056e-10,5.59839508085e-10,2.43212561202e-10,7.89159779191e-11,2.51491310416e-11,2.82656138079e-11,2.46755896965e-11,2.60873440905e-11,3.24069278357e-11,1.52975670326e-11,8.07789859308e-12,1.0019877289e-11,3.44757816045e-12,9.06178452588e-13,8.55949913812e-13,1.78331795945e-12,7.53684983347e-13,2.46973719687e-13,1.69478431397e-13,1.54855241043e-13],"dvar2":[0.0000264024110948,0.000107410516648,0.000018368673409,0.00000251100505011,4.95514541399e-7,1.72453482605e-7,1.1670866229e-7,4.17983187617e-7,7.62323821846e-8,5.35069908381e-8,1.72887411054e-8,1.36454847421e-8,5.32170085776e-9,2.06030792427e-9,2.45651476938e-9,2.59281707216e-9,2.06889438914e-9,2.07833261712e-9,7.07463532201e-10,3.81287501572e-10,5.58634694059e-10,1.41892031458e-9,5.78848191601e-10,1.82574635965e-10,6.31284816088e-11,6.89841794799e-11,5.84703258033e-11,5.55010343239e-11,6.80292905342e-11,3.08957477657e-11,1.61210194499e-11,2.08769009025e-11,7.00074763785e-12,1.8569837508e-12,1.84737273222e-12,3.86770736965e-12,1.61243371086e-12,5.02812147387e-13,3.26040952049e-13,3.21547774301e-13],"max":[0.0334628373384,0.0723313763738,0.0404145158827,0.0180338732898,0.0134247429669,0.00491401087493,0.00542540242895,0.00812971964478,0.0031888873782,0.0037064421922,0.00292630912736,0.00271688611247,0.00166883086786,0.00070143659832,0.00106353824958,0.0010818161536,0.000620987091679,0.000825770548545,0.000528994831257,0.000405154569307,0.000284766196273,0.000301071704598,0.000256964442087,0.000209126257687,0.000107055289845,0.000123798759887,0.0000994125148281,0.000133198205731,0.000163451768458,0.000115547132737,0.0000656549818814,0.000101358433312,0.0000353191571776,0.0000258606669377,0.0000282972432615,0.0000430530853919,0.0000309547649522,0.000016606059944,0.0000145702470036,0.0000109681741378],"mean":[0.00106947252061,0.0023786930833,0.0027062240988,0.00166625063866,0.000630163121969,0.000274018995697,0.000238351261942,0.00043638877105,0.000160557756317,0.000125075137476,0.0000907865542104,0.0000766752564232,0.000050097303756,0.0000278347397398,0.0000298173872579,0.0000262572393694,0.0000263188539975,0.0000275809215964,0.0000165881701832,0.0000150154983203,0.0000202259216167,0.0000319953360304,0.0000217800861719,0.0000102721605799,0.00000729607700123,0.00000817681120679,0.00000714759789844,0.00000523909966432,0.00000393754817196,0.00000243381350629,0.00000188455749139,0.00000177318736405,0.00000123096515381,7.94259847225e-7,6.72752889841e-7,8.35576599911e-7,6.35246692582e-7,4.22513835474e-7,3.38228772989e-7,3.3590839621e-7],"median":[0.000386468542274,0.00107129756361,0.00163937010802,0.00106451939791,0.00039989509969,0.000136410031701,0.000130197877297,0.000232291960856,0.0000800838824944,0.0000435069450759,0.000032298041333,0.0000233081755141,0.0000156274763867,0.0000115402353913,0.0000102679659904,0.00000724971323507,0.0000114440190373,0.0000131157521537,0.00000815769999463,0.00000836891194922,0.0000131181277538,0.000020590301574,0.0000137904225994,0.0000057114430092,0.0000045716878958,0.00000567952474739,0.00000446924059361,0.00000205111359719,9.62299282037e-7,4.71543557978e-7,3.70659932969e-7,2.8385989026e-7,2.50276627867e-7,2.82778444216e-7,2.32287192148e-7,2.41728514538e-7,2.74229080333e-7,1.82847855967e-7,1.30278095867e-7,1.41923948149e-7],"min":[8.84008771659e-25,7.61703382483e-25,5.06064525891e-25,1.08055011354e-24,1.37949753243e-24,9.83427235214e-25,1.52556607448e-24,1.14002795781e-24,9.86303422075e-25,1.65819804733e-24,2.27795478461e-24,1.10986901655e-24,1.04130526958e-24,2.24149994446e-24,2.54060405085e-24,2.31994703388e-24,1.99167006235e-24,2.64879356299e-24,2.10882793691e-24,1.59642412478e-24,3.55679435579e-24,3.56478748891e-24,3.1179042942e-24,3.14170008619e-24,3.87554425416e-24,3.18412108137e-24,3.43801714701e-24,4.08194616014e-24,4.91834342908e-24,4.15806808205e-24,4.86876431005e-24,3.88758937132e-24,5.08235668317e-24,4.95669587414e-24,5.51461262176e-24,5.18765541453e-24,5.3974987262e-24,5.56450886288e-24,5.44513961399e-24,5.38041476001e-24],"var":[0.000006288813438,0.00002393716386,0.0000105126709968,0.00000315251736538,5.14107682648e-7,1.6791472035e-7,1.10958097821e-7,3.65297864846e-7,6.73935787177e-8,5.82667993854e-8,4.55003963395e-8,3.34863194951e-8,1.33166411231e-8,2.89905588424e-9,4.80635842237e-9,4.84881956808e-9,1.97514649081e-9,2.4130173415e-9,7.42500505524e-10,4.85161577579e-10,4.99296159973e-10,1.23029164634e-9,6.1374993976e-10,2.07180952949e-10,6.48685688498e-11,7.07087305374e-11,6.91159768307e-11,7.10978151353e-11,5.6923948194e-11,2.51808573992e-11,1.41800772513e-11,1.53065182057e-11,6.01368520953e-12,1.81073710713e-12,1.44329210042e-12,2.72363945633e-12,1.40903445595e-12,5.44512026614e-13,4.00756766097e-13,3.16149043793e-13]},"melbands_crest":{"dmean":2.60058927536,"dmean2":4.28780984879,"dvar":6.95304489136,"dvar2":18.5940971375,"max":32.486743927,"mean":13.7054576874,"median":13.3734436035,"min":1.57215940952,"var":20.3512134552},"melbands_flatness_db":{"dmean":0.0258203838021,"dmean2":0.0373571105301,"dvar":0.000766384939197,"dvar2":0.00178212183528,"max":0.706354260445,"mean":0.233949497342,"median":0.226907968521,"min":0.00343472580425,"var":0.00753275910392},"melbands_kurtosis":{"dmean":8.51542472839,"dmean2":13.8857126236,"dvar":231.60723877,"dvar2":588.178100586,"max":342.423980713,"mean":19.7170181274,"median":13.0544071198,"min":-1.82336568832,"var":493.44833374},"melbands_skewness":{"dmean":0.707677960396,"dmean2":1.1151676178,"dvar":0.747784912586,"dvar2":1.84359920025,"max":14.5777282715,"mean":3.28337168694,"median":3.09888863564,"min":-4.0817232132,"var":2.77039694786},"melbands_spread":{"dmean":4.32109737396,"dmean2":6.78985071182,"dvar":34.2076835632,"dvar2":79.6829376221,"max":209.942001343,"mean":17.6130180359,"median":12.7602767944,"min":0.69743257761,"var":443.732330322},"mfcc":{"cov":[[11517.4101562,881.387207031,-53.2909126282,165.743362427,-180.961669922,-10.7252187729,-140.245437622,76.5881958008,53.4976158142,-55.6120986938,-44.5885276794,56.6684188843,-92.461227417],[881.387207031,1810.34875488,-339.297332764,238.572525024,223.977172852,-246.298294067,102.689117432,43.3363990784,-79.8902740479,116.106216431,-7.24463653564,4.27911329269,58.9936714172],[-53.2909126282,-339.297332764,504.403076172,53.0364341736,-9.835978508,176.982543945,2.49396967888,35.5757408142,55.7156333923,-48.308757782,9.25239276886,-2.56135869026,-30.0633850098],[165.743362427,238.572525024,53.0364341736,285.894073486,103.825271606,-1.71464657784,14.983669281,13.5305719376,22.1059589386,34.8813438416,-9.83143901825,-7.75263595581,26.5654258728],[-180.961669922,223.977172852,-9.835978508,103.825271606,190.326004028,-22.013792038,17.7266845703,27.5267429352,1.3935021162,29.7324008942,7.51188182831,-12.1331205368,26.2084579468],[-10.7252187729,-246.298294067,176.982543945,-1.71464657784,-22.013792038,186.265274048,31.9813098907,13.1588897705,32.4940299988,-35.5111961365,15.3007116318,0.144830182195,-28.2497291565],[-140.245437622,102.689117432,2.49396967888,14.983669281,17.7266845703,31.9813098907,103.473655701,38.358795166,8.07144737244,5.22364282608,4.93219947815,7.27100801468,2.7473795414],[76.5881958008,43.3363990784,35.5757408142,13.5305719376,27.5267429352,13.1588897705,38.358795166,109.590957642,35.5919761658,-2.14383101463,5.28682613373,-7.07623195648,10.0878705978],[53.4976158142,-79.8902740479,55.7156333923,22.1059589386,1.3935021162,32.4940299988,8.07144737244,35.5919761658,98.3875045776,16.7125854492,7.81828927994,0.0836607664824,-7.1315741539],[-55.6120986938,116.106216431,-48.308757782,34.8813438416,29.7324008942,-35.5111961365,5.22364282608,-2.14383101463,16.7125854492,102.398040771,19.1099567413,2.6569852829,16.3982181549],[-44.5885276794,-7.24463653564,9.25239276886,-9.83143901825,7.51188182831,15.3007116318,4.93219947815,5.28682613373,7.81828927994,19.1099567413,76.9879379272,23.7053070068,-0.510631084442],[56.6684188843,4.27911329269,-2.56135869026,-7.75263595581,-12.1331205368,0.144830182195,7.27100801468,-7.07623195648,0.0836607664824,2.6569852829,23.7053070068,64.2404022217,17.1843605042],[-92.461227417,58.9936714172,-30.0633850098,26.5654258728,26.2084579468,-28.2497291565,2.7473795414,10.0878705978,-7.1315741539,16.3982181549,-0.510631084442,17.1843605042,73.063873291]],"icov":[[0.000109010929009,-0.00010817823204,0.0000411075307056,-0.0000886628913577,0.000208076206036,-0.000157515649335,0.000365385989426,-0.000211907943594,-0.0000590718955209,0.0000609321177762,0.000095707262517,-0.000210342055652,0.000185126249562],[-0.00010817823204,0.00114133476745,0.000279184547253,-0.000611117633525,-0.000781253620517,0.00120721291751,-0.00141802732833,-0.000163765551406,0.000861463428009,-0.000474247266538,-0.0000680662706145,-0.0000911681345315,0.00031305642915],[0.0000411075307056,0.000279184547253,0.00346614676528,-0.00102724169847,-0.0000275000802503,-0.00279230182059,0.00116092711687,-0.00118069455493,-0.000336607772624,0.000589828123339,0.000125656457385,-0.000542262743693,0.000639085075818],[-0.0000886628913577,-0.000611117633525,-0.00102724169847,0.00541851250455,-0.00222562090494,-0.00036841261317,-0.000103683865746,0.00116517185234,-0.00139630981721,-0.000882069987711,0.00112189399078,0.000493855506647,-0.00155928218737],[0.000208076206036,-0.000781253620517,-0.0000275000802503,-0.00222562090494,0.00815369933844,-0.000291271018796,0.000632549053989,-0.00158520112745,0.000341697043041,-0.000394856382627,-0.00141071062535,0.00182204379234,-0.00146671885159],[-0.000157515649335,0.00120721291751,-0.00279230182059,-0.00036841261317,-0.000291271018796,0.0114161614329,-0.00539478519931,0.00167570170015,-0.00126250402536,0.00210344209336,-0.00240070745349,0.00103080272675,0.00144637248013],[0.000365385989426,-0.00141802732833,0.00116092711687,-0.000103683865746,0.000632549053989,-0.00539478519931,0.0152911841869,-0.00553984986618,0.000674209615681,-0.00104256614577,0.00152166292537,-0.00320747215301,0.00106467795558],[-0.000211907943594,-0.000163765551406,-0.00118069455493,0.00116517185234,-0.00158520112745,0.00167570170015,-0.00553984986618,0.0141443358734,-0.00532573740929,0.00242275092751,-0.00186912214849,0.00371217262,-0.00352320354432],[-0.0000590718955209,0.000861463428009,-0.000336607772624,-0.00139630981721,0.000341697043041,-0.00126250402536,0.000674209615681,-0.00532573740929,0.0145310508087,-0.00418120715767,0.000471929030027,-0.00144434301183,0.00239787786268],[0.0000609321177762,-0.000474247266538,0.000589828123339,-0.000882069987711,-0.000394856382627,0.00210344209336,-0.00104256614577,0.00242275092751,-0.00418120715767,0.0136413034052,-0.00419928599149,0.00178966287058,-0.00223694322631],[0.000095707262517,-0.0000680662706145,0.000125656457385,0.00112189399078,-0.00141071062535,-0.00240070745349,0.00152166292537,-0.00186912214849,0.000471929030027,-0.00419928599149,0.017089990899,-0.00736424792558,0.00243854895234],[-0.000210342055652,-0.0000911681345315,-0.000542262743693,0.000493855506647,0.00182204379234,0.00103080272675,-0.00320747215301,0.00371217262,-0.00144434301183,0.00178966287058,-0.00736424792558,0.02139233239,-0.00686772260815],[0.000185126249562,0.00031305642915,0.000639085075818,-0.00155928218737,-0.00146671885159,0.00144637248013,0.00106467795558,-0.00352320354432,0.00239787786268,-0.00223694322631,0.00243854895234,-0.00686772260815,0.0183982364833]],"mean":[-666.607788086,138.024414062,0.952067255974,34.7028160095,14.7480201721,-8.01475715637,-1.57464671135,2.45472836494,-3.2699072361,1.78033864498,-5.36928462982,-1.45361638069,-3.85308265686]},"pitch_salience":{"dmean":0.0600513480604,"dmean2":0.0986450463533,"dvar":0.00340806762688,"dvar2":0.00918428786099,"max":0.874048471451,"mean":0.595172941685,"median":0.599381923676,"min":0.0990940108895,"var":0.00938602350652},"silence_rate_20dB":{"dmean":0,"dmean2":0,"dvar":0,"dvar2":0,"max":1,"mean":1,"median":1,"min":1,"var":0},"silence_rate_30dB":{"dmean":0.0217026509345,"dmean2":0.0434101596475,"dvar":0.0212325770408,"dvar2":0.0522668138146,"max":1,"mean":0.981655478477,"median":1,"min":0,"var":0.0180073585361},"silence_rate_60dB":{"dmean":0.0024611253757,"dmean2":0.00492280162871,"dvar":0.00245492905378,"dvar2":0.00534623442218,"max":1,"mean":0.0422818809748,"median":0,"min":0,"var":0.040494915098},"spectral_centroid":{"dmean":198.961257935,"dmean2":302.986724854,"dvar":58413.625,"dvar2":127181.171875,"max":11700.9980469,"mean":1232.81091309,"median":930.371154785,"min":163.919616699,"var":2635461},"spectral_complexity":{"dmean":3.11623215675,"dmean2":4.67173862457,"dvar":11.184469223,"dvar2":22.2535629272,"max":51,"mean":17.7080535889,"median":17,"min":0,"var":77.9452133179},"spectral_contrast_coeffs":{"dmean":[0.0457778126001,0.0447317287326,0.0350958742201,0.0309514403343,0.0255864877254,0.0174944829196],"dmean2":[0.0749911814928,0.0713988617063,0.055834621191,0.0472268275917,0.0385150052607,0.0256413593888],"dvar":[0.00171258242335,0.0015388247557,0.000853820587508,0.000685287464876,0.000549096963368,0.000265530659817],"dvar2":[0.0044271745719,0.00384628004394,0.00210138130933,0.00143977429252,0.00112887786236,0.000559238309506],"max":[-0.222091659904,-0.466223925352,-0.516240298748,-0.464846313,-0.582197904587,-0.638151884079],"mean":[-0.596061229706,-0.716223299503,-0.775284528732,-0.777644753456,-0.765586197376,-0.795527756214],"median":[-0.589487314224,-0.713944911957,-0.781056761742,-0.7769703269,-0.763448774815,-0.796338915825],"min":[-0.984060168266,-0.980090141296,-0.9770809412,-0.97475039959,-0.967484176159,-0.96481180191],"var":[0.00845336355269,0.00594234932214,0.0050116837956,0.00373369385488,0.00326103204861,0.00197986746207]},"spectral_contrast_valleys":{"dmean":[0.404235631227,0.351637333632,0.331587433815,0.315048694611,0.30310317874,0.392664909363],"dmean2":[0.646970331669,0.559380948544,0.521514296532,0.462323188782,0.405536592007,0.479895740747],"dvar":[0.173521339893,0.122189186513,0.111182399094,0.106579244137,0.114320427179,0.250892192125],"dvar2":[0.384039878845,0.268253654242,0.232412174344,0.193182274699,0.184599846601,0.437503248453],"max":[-4.90286540985,-4.92048454285,-5.5321598053,-6.23153972626,-5.90339517593,-8.03440380096],"mean":[-7.48132324219,-7.23065900803,-8.02652359009,-8.49081230164,-8.24660968781,-10.9425878525],"median":[-6.84652900696,-6.60245132446,-7.43979549408,-7.90006494522,-7.62614774704,-10.3133630753],"min":[-28.1772518158,-28.213727951,-27.8312911987,-27.8517417908,-27.5943126678,-27.4610939026],"var":[10.9257411957,11.204375267,10.3844213486,10.0131912231,10.4394016266,8.50936412811]},"spectral_decrease":{"dmean":3.35979577493e-9,"dmean2":5.73530112291e-9,"dvar":5.34346003302e-17,"dvar2":1.50935778721e-16,"max":4.06839956613e-16,"mean":-8.01424349106e-9,"median":-5.79032732873e-9,"min":-8.96507543757e-8,"var":5.73304258007e-17},"spectral_energy":{"dmean":0.012944647111,"dmean2":0.0220191385597,"dvar":0.000779719732236,"dvar2":0.0021989736706,"max":0.344115287066,"mean":0.0315832234919,"median":0.0231562294066,"min":9.73774384659e-21,"var":0.000856113620102},"spectral_energyband_high":{"dmean":0.000226078962442,"dmean2":0.000292630778858,"dvar":1.94729210534e-7,"dvar2":3.33994449875e-7,"max":0.0126785822213,"mean":0.000413837929955,"median":0.000156929221703,"min":6.94300671054e-21,"var":4.40893984432e-7},"spectral_energyband_low":{"dmean":0.00934245437384,"dmean2":0.0166601333767,"dvar":0.000658872595523,"dvar2":0.00189269823022,"max":0.302710443735,"mean":0.0127229578793,"median":0.00675840303302,"min":8.90086747718e-24,"var":0.00046978823957},"spectral_energyband_middle_high":{"dmean":0.000753746484406,"dmean2":0.00110629887786,"dvar":0.00000102753881492,"dvar2":0.00000221272375711,"max":0.0214712675661,"mean":0.00325242709368,"median":0.0023290514946,"min":1.04786971407e-21,"var":0.00000973799888015},"spectral_energyband_middle_low":{"dmean":0.00568832876161,"dmean2":0.0091017279774,"dvar":0.0000710569511284,"dvar2":0.000178467103979,"max":0.134900867939,"mean":0.0182026233524,"median":0.0138849485666,"min":1.19940608219e-22,"var":0.000225167386816},"spectral_entropy":{"dmean":0.185439869761,"dmean2":0.236362293363,"dvar":0.0394151061773,"dvar2":0.0629258900881,"max":9.82496833801,"mean":7.33097028732,"median":7.32810688019,"min":3.99430465698,"var":0.42780867219},"spectral_flux":{"dmean":0.0308278482407,"dmean2":0.0479614511132,"dvar":0.00227519357577,"dvar2":0.00410476187244,"max":0.504028856754,"mean":0.0776083245873,"median":0.0610841959715,"min":6.33566116237e-11,"var":0.00388995441608},"spectral_kurtosis":{"dmean":2.11540079117,"dmean2":3.43138813972,"dvar":11.2594509125,"dvar2":29.8985328674,"max":79.9279022217,"mean":6.43100595474,"median":5.50905132294,"min":-1.28244531155,"var":39.6563415527},"spectral_rms":{"dmean":0.000945093168411,"dmean2":0.00154388940427,"dvar":0.00000238556481236,"dvar2":0.0000064524319896,"max":0.018322724849,"mean":0.0050763739273,"median":0.00475304573774,"min":3.08224561325e-12,"var":0.00000504341824126},"spectral_rolloff":{"dmean":301.151031494,"dmean2":506.195404053,"dvar":335411.21875,"dvar2":773738.375,"max":21382.4707031,"mean":1300.97680664,"median":538.330078125,"min":107.666015625,"var":8520781},"spectral_skewness":{"dmean":0.24273070693,"dmean2":0.370977848768,"dvar":0.0807474032044,"dvar2":0.199269905686,"max":8.04333877563,"mean":1.74596643448,"median":1.72739672661,"min":-0.080082423985,"var":0.491079539061},"spectral_spread":{"dmean":575099.5,"dmean2":764173,"dvar":588233965568,"dvar2":1009544003580,"max":42847000,"mean":4980896.5,"median":3894607,"min":1047018.875,"var":33881883410400},"spectral_strongpeak":{"dmean":0.336913406849,"dmean2":0.578307747841,"dvar":0.227967277169,"dvar2":0.559852600098,"max":5.93647241592,"mean":0.693345725536,"median":0.470476150513,"min":0,"var":0.460392147303},"zerocrossingrate":{"dmean":0.0080838156864,"dmean2":0.00977409258485,"dvar":0.0000909709560801,"dvar2":0.000124191166833,"max":0.734375,"mean":0.058052379638,"median":0.0439453125,"min":0.0048828125,"var":0.0055745667778}},"metadata":{"audio_properties":{"analysis_sample_rate":44100,"bit_rate":0,"codec":"flac","downmix":"mix","equal_loudness":0,"length":207.559997559,"lossless":true,"md5_encoded":"52fee96598d7678318e5f876dae8310c","replay_gain":-12.0152263641},"tags":{"acoustid_id":["5c32f7b5-54fb-4bfd-bb2a-df479760d65b"],"album":["Is This It"],"albumartist":["The Strokes"],"artist":["The Strokes"],"date":["2001"],"discnumber":["1"],"disctotal":["1"],"file_name":"10 - The Strokes - Trying Your Luck.flac","musicbrainz_albumartistid":["f181961b-20f7-459e-89de-920ef03c7ed0"],"musicbrainz_albumid":["eb88fcad-d3fe-3645-b036-bdab63c54bf5"],"musicbrainz_artistid":["f181961b-20f7-459e-89de-920ef03c7ed0"],"musicbrainz_recordingid":["4468200b-a01a-41a8-9a98-22150e0cc1be"],"musicbrainz_releasegroupid":["efea26d1-a016-30f6-b8e2-bc8c02336b0a"],"replaygain_album_gain":["-8.47 dB"],"replaygain_album_peak":["0.999084"],"replaygain_track_gain":["-7.00 dB"],"replaygain_track_peak":["0.999023"],"title":["Trying Your Luck"],"tracknumber":["10"],"tracktotal":["11"]},"version":{"essentia":"2.1-beta1","essentia_build_sha":"46c2b6830b139c2e69ed9f3e0d9145e1b8fbae31","essentia_git_sha":"v2.1_beta1-6-g5578087","extractor":"music 1.0"}},"rhythm":{"beats_count":491,"beats_loudness":{"dmean":0.0165726076812,"dmean2":0.0281806793064,"dvar":0.000313112803269,"dvar2":0.00088258262258,"max":0.142891451716,"mean":0.035833325237,"median":0.0311877839267,"min":0,"var":0.000477491063066},"beats_loudness_band_ratio":{"dmean":[0.189953655005,0.113949626684,0.0875662118196,0.0460435450077,0.0364726930857,0.0579811856151],"dmean2":[0.330539315939,0.200271546841,0.151721939445,0.0845302566886,0.064900778234,0.112362764776],"dvar":[0.0229898020625,0.00933845899999,0.00827243085951,0.00514332577586,0.00160129496362,0.00519118644297],"dvar2":[0.0705222859979,0.0262798443437,0.0226902049035,0.0153672881424,0.00457597244531,0.0157044641674],"max":[0.953904747963,0.859885156155,0.547050774097,0.633295893669,0.334182143211,0.9