{"lowlevel":{"average_loudness":0.964722156525,"barkbands":{"dmean":[0.00128126842901,0.00907904002815,0.00411499477923,0.00167975085787,0.00393217336386,0.00112694606651,0.00109666050412,0.000656053016428,0.000429902109317,0.000170500818058,0.000113339992822,0.000162870492204,0.000187244688277,0.000153209868586,0.0001592629269,0.000166585465195,0.000114734633826,0.000113102520118,0.000101672492747,0.000144569246913,0.000188451886061,0.000179615191882,0.000250765820965,0.0000962897538557,0.0000915928758332,0.0000079334822658,1.88938953372e-9],"dmean2":[0.00195881375112,0.0148132815957,0.00696428772062,0.00278713135049,0.00656749634072,0.00175264012069,0.00157013977878,0.00093232607469,0.000617127981968,0.000261069013504,0.000181982337381,0.000252840516623,0.000281525863102,0.00022599757358,0.000246428069659,0.000264423462795,0.000189116617548,0.000184952572454,0.000172635976924,0.000245663279202,0.000302836997434,0.000286086724373,0.000395010050852,0.000153942004545,0.000145613448694,0.0000131990082082,3.49400464117e-9],"dvar":[0.0000120252816487,0.000448233477073,0.0000864584653755,0.00000739360757507,0.0000715571950423,0.0000063688589762,0.00000562764535061,0.00000372610293198,0.00000146590355143,1.85617452075e-7,8.35351414707e-8,3.20617516536e-7,3.81220928602e-7,2.38018827758e-7,2.50447016015e-7,2.02481842848e-7,1.14553600383e-7,1.0852147625e-7,1.24103507915e-7,2.0556541358e-7,2.47398844522e-7,3.17638807701e-7,4.45682701411e-7,9.10463100467e-8,6.24271763172e-8,7.51811946031e-10,4.01927390512e-17],"dvar2":[0.0000250481152761,0.00099153991323,0.000229780460359,0.0000201281127374,0.000193349536858,0.000015142751181,0.0000109671582322,0.00000664117760607,0.00000257489637079,3.91810345945e-7,2.04179372076e-7,6.53265999517e-7,6.88146201355e-7,4.46376873242e-7,5.97620044118e-7,4.46108060714e-7,2.94193000627e-7,2.87044571223e-7,3.41194322573e-7,5.68676171042e-7,6.38882454496e-7,7.7396555298e-7,0.00000110990094981,2.20718050059e-7,1.54801725216e-7,1.89236315506e-9,1.19979861168e-16],"max":[0.0484416261315,0.216914355755,0.169009327888,0.0462383702397,0.172938033938,0.0620849058032,0.0494357794523,0.0482620447874,0.0467823855579,0.0176341608167,0.00858133845031,0.0388676598668,0.018871307373,0.0197652745992,0.0149212358519,0.017169341445,0.00701129483059,0.00756447622553,0.00620828196406,0.00738780386746,0.0103813549504,0.0213935524225,0.014229751192,0.00900347251445,0.00415527494624,0.000925813161302,3.94187878783e-7],"mean":[0.0013488130644,0.0156956240535,0.00673347059637,0.00303247850388,0.0068516721949,0.00246573635377,0.00293738069013,0.00152707262896,0.00101748900488,0.000345753360307,0.000206440643524,0.000304809509544,0.000349602632923,0.000271731580142,0.000268303934718,0.000290035270154,0.000161722418852,0.000153701810632,0.000117104893434,0.000155773290317,0.000216614658711,0.000212478509638,0.000278261257336,0.00011278391321,0.0000925721542444,0.00000697035557096,1.52675305731e-9],"median":[0.0000983137870207,0.00961425155401,0.00347538013011,0.00182529760059,0.00465417141095,0.00121260189917,0.000815607956611,0.000212546234252,0.000237126238062,0.000108851425466,0.0000767253804952,0.000077693068306,0.0000767957608332,0.0000600312632741,0.0000579427505727,0.0000957786396611,0.0000461329618702,0.0000385910607292,0.0000228865173995,0.0000376497046091,0.0000359142140951,0.0000315494071401,0.0000389710476156,0.00000818404441816,0.00000545945113117,2.48093982691e-7,6.10860362293e-10],"min":[4.58387165612e-26,2.45888693575e-24,1.86904160999e-25,9.06656968247e-25,9.07752814374e-24,1.99359054423e-24,8.39382476377e-24,4.46651387928e-24,1.12053329186e-23,1.17343951064e-23,9.2131988088e-24,2.14048034964e-23,2.17043623811e-23,3.00515457439e-23,5.17179197392e-23,4.77119042022e-23,7.35990942482e-23,8.61037828408e-23,1.40615466098e-22,1.47665307748e-22,2.07237028841e-22,2.34074215676e-22,3.12250028461e-22,5.70221175985e-22,8.6811777299e-22,1.26396570136e-21,1.79376983499e-21],"var":[0.0000168613350979,0.000579855695833,0.000105277940747,0.0000129892650875,0.0000718927985872,0.0000140934453157,0.0000275049969787,0.0000149196157508,0.00000636463937553,6.33206354905e-7,2.02596325494e-7,0.00000173588693997,0.00000126264842493,6.42095869807e-7,5.86874136843e-7,4.26790961683e-7,1.58793170613e-7,1.25411418139e-7,1.14016259545e-7,1.72529070142e-7,2.75255587212e-7,4.14354502709e-7,5.18319438925e-7,1.30274941057e-7,6.40779589389e-8,6.83722634065e-10,2.28792317537e-17]},"barkbands_crest":{"dmean":2.45698332787,"dmean2":3.91477870941,"dvar":6.1254863739,"dvar2":14.4448213577,"max":26.3858623505,"mean":11.4854326248,"median":10.7586174011,"min":3.08190441132,"var":16.4421768188},"barkbands_flatness_db":{"dmean":0.029051668942,"dmean2":0.0409587696195,"dvar":0.000851891585626,"dvar2":0.0017281472683,"max":0.465622395277,"mean":0.212660238147,"median":0.212497264147,"min":0.0408409275115,"var":0.00413625966758},"barkbands_kurtosis":{"dmean":7.33162498474,"dmean2":11.2414541245,"dvar":260.605285645,"dvar2":556.059936523,"max":645.796081543,"mean":13.9272060394,"median":7.35273838043,"min":-1.96639120579,"var":563.155273438},"barkbands_skewness":{"dmean":0.726673722267,"dmean2":1.08707821369,"dvar":0.853701770306,"dvar2":1.84318006039,"max":22.7311859131,"mean":2.54960751534,"median":2.29682779312,"min":-2.46654129028,"var":3.11752152443},"barkbands_spread":{"dmean":5.65232181549,"dmean2":8.60820293427,"dvar":82.9672393799,"dvar2":174.289642334,"max":111.499977112,"mean":14.8809108734,"median":9.92771816254,"min":0.373267143965,"var":226.96723938},"dissonance":{"dmean":0.0206713434309,"dmean2":0.0336603671312,"dvar":0.000426261540269,"dvar2":0.00108942645602,"max":0.499972403049,"mean":0.443942755461,"median":0.452254056931,"min":0.18915951252,"var":0.00143032509368},"dynamic_complexity":2.4697663784,"erbbands":{"dmean":[0.304598361254,2.14731025696,4.9140048027,4.77169752121,10.8668479919,12.895242691,11.333612442,7.32218790054,13.948638916,14.826631546,13.4239063263,8.43265342712,5.35848999023,4.61005735397,4.01523828506,6.46956968307,8.29386329651,7.39144802094,7.12866926193,8.05850791931,7.98647642136,6.55429649353,6.27640390396,5.38471651077,5.62486600876,6.44586229324,6.38230609894,8.37761211395,6.37045097351,7.8327832222,6.64748430252,2.65962505341,1.33426511288,0.745974600315,0.887854158878,0.10722976923,0.00806722976267,0.000346003798768,0.0000238463799178,0.0000203257823159],"dmean2":[0.471036612988,3.56627082825,8.4124994278,7.86512613297,18.3436107635,21.4772148132,18.050661087,11.4789400101,20.771730423,21.05443573,19.0397377014,12.3093757629,8.08664417267,7.34295606613,6.40938854218,10.0203771591,12.266576767,10.8576097488,10.6895046234,12.7127275467,12.5453310013,10.7147855759,10.1870079041,9.13322257996,9.59978103638,10.8733606339,10.594285965,13.3781957626,10.0618505478,12.3957309723,10.4715623856,4.26795578003,2.12594056129,1.20292985439,1.42823565006,0.170641168952,0.0134515827522,0.000579208135605,0.0000374299270334,0.000031872485124],"dvar":[0.582807838917,26.1190853119,130.259277344,65.1411361694,592.734436035,740.882629395,615.153259277,308.336700439,850.780456543,1690.27429199,1747.58850098,538.131225586,187.881973267,119.406898499,128.146850586,570.88079834,794.178527832,649.893127441,431.384552002,641.197753906,464.759887695,389.322143555,343.907318115,330.565826416,359.985748291,414.612365723,332.481079102,502.561401367,395.270172119,504.081420898,321.111694336,70.8040084839,16.7269172668,4.59857368469,6.59237718582,0.0939760282636,0.000976713607088,0.00000223317329073,3.09402725662e-9,1.11276832193e-9],"dvar2":[1.30569219589,64.1474304199,354.083862305,177.724105835,1603.38452148,2048.01342773,1575.94714355,723.256408691,1815.75610352,3117.17358398,2994.50048828,1030.06420898,385.791412354,291.61239624,300.822174072,1144.41906738,1377.26391602,1215.86413574,948.893798828,1686.07971191,1076.32214355,993.020446777,898.788208008,906.795410156,996.111816406,1145.73669434,911.969360352,1261.36645508,954.129089355,1267.33544922,807.405029297,173.956420898,40.0405845642,11.6570510864,16.6561584473,0.229920685291,0.00254193134606,0.00000600178964305,7.62985052916e-9,2.54442911185e-9],"max":[7.64483594894,52.6140937805,167.225708008,131.868255615,430.783538818,602.763793945,622.353637695,382.47442627,556.454162598,1189.35009766,1734.2130127,722.541992188,618.940185547,274.035827637,451.441619873,1694.56604004,977.357910156,1184.20153809,663.309692383,994.854187012,504.053527832,393.284851074,530.072692871,360.014007568,304.102172852,375.529693604,247.154724121,592.016052246,783.842895508,634.140136719,403.737609863,289.966033936,103.883789062,41.1530723572,42.1261787415,9.3236618042,0.742071270943,0.0404300391674,0.00127561565023,0.000459022325231],"mean":[0.415841221809,3.64560604095,8.46148872375,9.35167598724,17.8206672668,22.0863552094,23.8036327362,15.8289813995,36.049495697,40.4328765869,33.8552742004,20.3227539062,12.0059843063,9.18900585175,7.58054590225,13.009355545,16.8071784973,14.4599437714,13.6216001511,14.293431282,14.3716468811,9.99061870575,8.93216991425,6.48781108856,6.25614738464,7.10745096207,7.73232984543,9.21443462372,7.51921224594,8.81785678864,7.42499017715,3.06692838669,1.56648004055,0.782378256321,0.854139745235,0.103329062462,0.00723969424143,0.000309634953737,0.0000399862692575,0.0000542083689652],"median":[0.164718955755,2.44719433784,4.73940563202,6.43323898315,11.746509552,14.1519107819,13.0208053589,8.64216041565,10.5702991486,8.74203491211,7.77970218658,5.57270145416,4.600502491,3.68018341064,2.75418806076,3.57705640793,3.76270246506,3.61811470985,3.35621762276,4.85306596756,4.6653175354,2.87738037109,2.28273296356,1.66510438919,1.27455925941,1.8235514164,1.4873265028,1.20598804951,1.07512545586,1.2195315361,1.06445837021,0.29590806365,0.102183312178,0.0513734295964,0.0455331876874,0.00607034144923,0.000307551032165,0.0000175462628249,0.0000219908197323,0.0000437988055637],"min":[4.16459267171e-23,6.27271546163e-22,1.7396609946e-21,3.80777731587e-21,1.07715354353e-20,1.8036687797e-20,2.29997682411e-20,2.18865059213e-20,1.20991669424e-19,1.49097767374e-19,1.44197846693e-19,2.5854654494e-19,3.82421417012e-19,7.20026808822e-19,7.28146930703e-19,1.19340717734e-18,1.32119913735e-18,1.7386778129e-18,2.28876718911e-18,2.45560972546e-18,3.10659569766e-18,4.41156472421e-18,5.23235371217e-18,6.76749546354e-18,7.23552914337e-18,7.43451074845e-18,8.45037704899e-18,9.24876929468e-18,9.00134633858e-18,8.8485462271e-18,9.34152767421e-18,1.0580209962e-17,9.57749583319e-18,8.17781111098e-18,6.52203168472e-18,4.03501680654e-18,2.28614399259e-18,9.69815398081e-19,2.49236161857e-19,2.68964674729e-20],"var":[0.757640957832,27.2497367859,139.414077759,95.8783416748,556.661560059,785.459594727,1132.08496094,573.401000977,3663.03344727,7662.99316406,6658.75341797,2351.24462891,639.217712402,295.618835449,331.557891846,2854.04492188,2880.85986328,1776.6652832,1133.86462402,978.082885742,1032.08642578,593.343811035,433.408508301,283.818847656,304.532775879,331.657348633,373.762207031,537.898925781,528.571838379,594.127075195,373.156890869,92.1423416138,26.1518726349,5.0752863884,6.18833065033,0.0936791822314,0.000837030180264,0.00000175454601958,3.3042144576e-9,1.7323630308e-9]},"erbbands_crest":{"dmean":2.19490408897,"dmean2":3.39305329323,"dvar":5.16740751266,"dvar2":11.4217090607,"max":28.1330680847,"mean":9.79228591919,"median":8.836561203,"min":2.06011581421,"var":21.0709381104},"erbbands_flatness_db":{"dmean":0.0207604989409,"dmean2":0.0265226140618,"dvar":0.000436592847109,"dvar2":0.000747750455048,"max":0.324680358171,"mean":0.167566165328,"median":0.166542232037,"min":0.0226282179356,"var":0.00210039340891},"erbbands_kurtosis":{"dmean":1.24970507622,"dmean2":1.88315951824,"dvar":3.89062023163,"dvar2":8.10291099548,"max":43.8416213989,"mean":1.28728628159,"median":0.278424143791,"min":-1.86170601845,"var":11.199177742},"erbbands_skewness":{"dmean":0.405885756016,"dmean2":0.594893276691,"dvar":0.206454321742,"dvar2":0.410156369209,"max":5.84000635147,"mean":0.794778823853,"median":0.813630640507,"min":-5.19171714783,"var":1.00391614437},"erbbands_spread":{"dmean":12.124423027,"dmean2":17.5257339478,"dvar":236.90625,"dvar2":486.673522949,"max":170.2265625,"mean":46.3088912964,"median":39.3951034546,"min":4.1263551712,"var":715.951416016},"gfcc":{"cov":[[34962.5742188,2501.70458984,-3085.17724609,1374.75793457,-2304.16601562,752.104309082,-1260.89746094,172.896392822,-323.374572754,91.3249816895,-439.491394043,-176.224777222,-113.73638916],[2501.70458984,2041.46252441,-567.63104248,-292.694885254,225.217422485,-266.178436279,132.039810181,-207.45741272,223.415008545,-204.144241333,189.773391724,-180.762802124,65.8996734619],[-3085.17724609,-567.63104248,848.901245117,72.3020858765,129.834899902,33.6971054077,51.1158218384,17.7037162781,-81.174369812,77.9761505127,-44.4886131287,108.786224365,-9.14601039886],[1374.75793457,-292.694885254,72.3020858765,466.144927979,-110.928604126,45.3981513977,-120.780464172,25.6617279053,-56.7757148743,-5.24626016617,-63.8316841125,27.1758556366,37.3745269775],[-2304.16601562,225.217422485,129.834899902,-110.928604126,408.048583984,-129.737258911,117.926452637,-21.389875412,70.8248214722,-57.7523651123,38.415184021,-5.64216995239,53.3734283447],[752.104309082,-266.178436279,33.6971054077,45.3981513977,-129.737258911,246.681503296,-12.7267723083,33.3486328125,-26.5861110687,50.4700508118,-39.3469047546,10.4638710022,-19.4681873322],[-1260.89746094,132.039810181,51.1158218384,-120.780464172,117.926452637,-12.7267723083,218.853149414,-15.0589313507,52.9896392822,-9.73516082764,75.4495010376,-26.4829883575,-8.24989891052],[172.896392822,-207.45741272,17.7037162781,25.6617279053,-21.389875412,33.3486328125,-15.0589313507,124.483612061,-18.1294021606,31.9908866882,-43.0025634766,35.8496932983,-0.171639606357],[-323.374572754,223.415008545,-81.174369812,-56.7757148743,70.8248214722,-26.5861110687,52.9896392822,-18.1294021606,170.946151733,-23.7517261505,43.8756065369,-39.9533576965,28.1802253723],[91.3249816895,-204.144241333,77.9761505127,-5.24626016617,-57.7523651123,50.4700508118,-9.73516082764,31.9908866882,-23.7517261505,134.456329346,-11.5870389938,24.4441356659,-38.9183921814],[-439.491394043,189.773391724,-44.4886131287,-63.8316841125,38.415184021,-39.3469047546,75.4495010376,-43.0025634766,43.8756065369,-11.5870389938,141.130661011,-10.3570413589,-4.56094932556],[-176.224777222,-180.762802124,108.786224365,27.1758556366,-5.64216995239,10.4638710022,-26.4829883575,35.8496932983,-39.9533576965,24.4441356659,-10.3570413589,111.711898804,10.2135896683],[-113.73638916,65.8996734619,-9.14601039886,37.3745269775,53.3734283447,-19.4681873322,-8.24989891052,-0.171639606357,28.1802253723,-38.9183921814,-4.56094932556,10.2135896683,101.006607056]],"icov":[[0.000335530174198,-0.00097777263727,0.000744894030504,-0.00100518856198,0.00108299881686,-0.000892603129614,0.000615439144894,-0.000781473412644,0.000564375892282,-0.000762630836107,0.000760234950576,-0.000596367695834,0.00040308694588],[-0.00097777263727,0.00389931700192,-0.00167750928085,0.00324467988685,-0.00333950668573,0.0031181902159,-0.00186833669432,0.00324270385318,-0.002057723701,0.00274927425198,-0.00260360143147,0.00222423160449,-0.00148803496268],[0.000744894030504,-0.00167750928085,0.00369194312952,-0.00256869313307,0.00140552676748,-0.00202317978255,0.000520578119904,-0.000521106005181,0.00163248239551,-0.00246810773388,0.00231942324899,-0.00272023305297,0.00110034947284],[-0.00100518856198,0.00324467988685,-0.00256869313307,0.00598787888885,-0.00258727767505,0.00266997027211,-0.000677336938679,0.0022441346664,-0.00145314901602,0.00299600930884,-0.0023191710934,0.00229930155911,-0.00264418870211],[0.00108299881686,-0.00333950668573,0.00140552676748,-0.00258727767505,0.00806091725826,-0.00103247445077,0.000299719191389,-0.00290873576887,0.000960089382716,-0.00151530234143,0.0030277017504,-0.00192707660608,-0.000476215442177],[-0.000892603129614,0.0031181902159,-0.00202317978255,0.00266997027211,-0.00103247445077,0.00815944839269,-0.00290822214447,0.00200545298867,-0.00192520674318,0.00120786461048,-0.000893121527042,0.00191555777565,-0.00155802990776],[0.000615439144894,-0.00186833669432,0.000520578119904,-0.000677336938679,0.000299719191389,-0.00290822214447,0.00908300280571,-0.00276826811023,0.000379355537007,-0.000890514173079,-0.00237907329574,0.00090012914734,0.00158057711087],[-0.000781473412644,0.00324270385318,-0.000521106005181,0.0022441346664,-0.00290873576887,0.00200545298867,-0.00276826811023,0.0134505070746,-0.00197707628831,0.00017643989122,0.00143959524576,-0.00182648992632,-0.00128357950598],[0.000564375892282,-0.002057723701,0.00163248239551,-0.00145314901602,0.000960089382716,-0.00192520674318,0.000379355537007,-0.00197707628831,0.00918648950756,-0.00194608652964,-0.000207587800105,0.00111810001545,-0.00162247708067],[-0.000762630836107,0.00274927425198,-0.00246810773388,0.00299600930884,-0.00151530234143,0.00120786461048,-0.000890514173079,0.00017643989122,-0.00194608652964,0.0124113773927,-0.0024769208394,0.00062698405236,0.00212643179111],[0.000760234950576,-0.00260360143147,0.00231942324899,-0.0023191710934,0.0030277017504,-0.000893121527042,-0.00237907329574,0.00143959524576,-0.000207587800105,-0.0024769208394,0.0128982346505,-0.00399389164522,0.00174879853148],[-0.000596367695834,0.00222423160449,-0.00272023305297,0.00229930155911,-0.00192707660608,0.00191555777565,0.00090012914734,-0.00182648992632,0.00111810001545,0.00062698405236,-0.00399389164522,0.0144321583211,-0.0034719214309],[0.00040308694588,-0.00148803496268,0.00110034947284,-0.00264418870211,-0.000476215442177,-0.00155802990776,0.00158057711087,-0.00128357950598,-0.00162247708067,0.00212643179111,0.00174879853148,-0.0034719214309,0.0141833927482]],"mean":[-49.9567489624,128.069747925,-93.4900283813,57.0118255615,-59.9793052673,18.6221065521,-37.703540802,0.308979928493,-10.7313814163,-1.89804327488,-10.9489173889,-7.69881534576,-3.23121929169]},"hfc":{"dmean":8.75594043732,"dmean2":13.4301919937,"dvar":378.14074707,"dvar2":957.009765625,"max":346.392730713,"mean":18.5421085358,"median":12.4002943039,"min":1.06056333581e-16,"var":468.198120117},"melbands":{"dmean":[0.00255612027831,0.00259240949526,0.000902042258531,0.000957343552727,0.000391005072743,0.000181246636203,0.00021409355395,0.00015407949104,0.000113017202239,0.0000502412258356,0.0000275265156233,0.0000197235003725,0.0000137740044011,0.0000156358200911,0.0000213029452425,0.0000179646140168,0.0000147847222252,0.0000117492509162,0.0000128762894747,0.0000124895968838,0.00000883901248017,0.00000714102498023,0.00000578814842811,0.00000569064923184,0.00000438375855083,0.0000039029182517,0.00000484888687424,0.00000420463402406,0.00000403623562306,0.00000446589501735,0.00000504522085976,0.00000359415980711,0.00000356452233063,0.00000508261882715,0.00000478900165035,0.00000208891901821,0.00000145518470163,9.99699068416e-7,7.22857123492e-7,5.7396084685e-7],"dmean2":[0.00404141377658,0.00435357214883,0.00149043928832,0.0016068656696,0.000631918141153,0.000281003623968,0.000313763623126,0.000217009073822,0.000160533818416,0.0000727963488316,0.0000417812771047,0.0000312246229441,0.0000220536185225,0.000024214048608,0.0000314507014991,0.0000273671721516,0.0000215835098061,0.0000177861729753,0.0000196900055016,0.0000200253216462,0.0000140379270306,0.0000117224763017,0.00000949937930272,0.00000937067670748,0.00000748423462937,0.00000657986129227,0.000008386373338,0.00000707284880264,0.00000681446863382,0.00000725252584743,0.00000809639550425,0.00000577625814913,0.00000575342755837,0.00000812671532913,0.00000761721094023,0.00000336567654813,0.00000235960442296,0.0000016031327732,0.00000116551905194,9.44769851685e-7],"dvar":[0.0000364362094842,0.0000352795323124,0.00000217408751269,0.00000448101263828,6.62704508159e-7,1.66105991184e-7,2.0092812747e-7,1.82479851674e-7,1.41352529681e-7,1.75093806121e-8,5.01606134407e-9,2.09354378278e-9,1.34034394694e-9,2.74138067802e-9,5.91420112883e-9,3.29670535315e-9,2.93798962936e-9,1.1981279302e-9,1.54074719649e-9,1.3780433461e-9,6.77720157771e-10,4.58076160337e-10,2.96265428856e-10,3.01187547125e-10,2.35296865325e-10,1.79777595588e-10,2.75589884247e-10,1.75695069604e-10,1.43633632765e-10,1.51798254522e-10,1.88769416765e-10,1.40778944058e-10,1.21660556629e-10,1.9978589616e-10,1.73879702303e-10,3.93932178544e-11,2.47037008905e-11,1.00781995596e-11,4.89410161703e-12,2.83237430905e-12],"dvar2":[0.0000787126555224,0.0000945358842728,0.00000582156098972,0.0000120670101751,0.00000175920104084,3.92892417267e-7,4.10878953971e-7,3.27716179527e-7,2.30206154583e-7,3.36794627742e-8,1.04554400693e-8,4.99082197791e-9,3.13974757304e-9,5.65533930796e-9,1.0247058313e-8,6.42076392054e-9,5.45674616603e-9,2.55032417407e-9,3.46769635229e-9,3.12692516324e-9,1.62920055224e-9,1.16673537498e-9,7.80679521029e-10,8.01243071891e-10,6.48375575452e-10,4.89418616745e-10,7.67815144798e-10,4.85990248045e-10,3.98181293493e-10,4.03981292862e-10,4.70664895946e-10,3.44699935262e-10,3.0039218335e-10,5.04333408369e-10,4.45225856183e-10,9.50456727211e-11,6.25478002725e-11,2.42996438943e-11,1.20696655795e-11,7.34569089583e-12],"max":[0.0605866424739,0.0629473626614,0.0227020867169,0.0444689355791,0.0202032364905,0.00956446770579,0.00907808914781,0.0133280642331,0.0166852138937,0.00464284420013,0.00311658298597,0.00121911673341,0.00138195464388,0.00215451512486,0.00519758742303,0.00249315262772,0.00243912148289,0.001179116196,0.00110606208909,0.00182567595039,0.000688828527927,0.000420581025537,0.00044537751819,0.000365074345609,0.0003027653147,0.000198887937586,0.000250953744398,0.000265162030701,0.000227511089179,0.000219805573579,0.00038071241579,0.000449562445283,0.000398414616939,0.000385806517443,0.000309449853376,0.000203014657018,0.000192039718968,0.0000790222547948,0.000042109622882,0.0000317686208291],"mean":[0.00419367337599,0.00466962577775,0.00178921991028,0.00161144719459,0.00081664591562,0.000411170010921,0.000556692364626,0.000417197879869,0.000283701374428,0.000115553506475,0.0000584173030802,0.0000383124497603,0.0000247199004662,0.0000274414451269,0.0000420113647124,0.0000338296631526,0.0000264532700385,0.0000206723998417,0.0000219986995944,0.0000207352732104,0.0000147223254316,0.0000103529127955,0.00000804189767223,0.00000748125057726,0.00000493694460602,0.00000460053252027,0.00000466369374408,0.0000046820323405,0.00000472995861855,0.00000509964593221,0.0000053074850257,0.0000040726295083,0.0000041915550355,0.0000054414222177,0.00000511452572027,0.00000239951441472,0.00000162987169006,0.00000116574858566,7.81112362347e-7,5.75381932322e-7],"median":[0.00227743480355,0.00310816988349,0.00132818880957,0.00106171937659,0.000492988561746,0.000219483015826,0.000159145478392,0.0000634813477518,0.0000514215862495,0.0000303303149849,0.0000198430207092,0.0000144006253322,0.00000925716904021,0.00000771493978391,0.00000863233617565,0.00000755190376367,0.00000572379121877,0.00000466774008601,0.00000484134307044,0.0000072658017416,0.00000446510239271,0.00000282712471744,0.00000208555593417,0.00000176165963239,0.00000114514273264,7.65597178543e-7,9.5284190138e-7,0.00000116340356726,8.68749793881e-7,7.85709403317e-7,5.80608229939e-7,5.28358100382e-7,6.36372135432e-7,6.70924919177e-7,6.8607994308e-7,2.81412724235e-7,1.21868851011e-7,7.08581637809e-8,4.51427553116e-8,3.30405711679e-8],"min":[5.55097260139e-25,9.15518144188e-25,1.02145545844e-24,1.52574830135e-24,1.20920307199e-24,4.65160313018e-25,1.75555768253e-24,1.26282983632e-24,1.5961290908e-24,1.40411738825e-24,1.7945915062e-24,2.41874298758e-24,1.39565153023e-24,1.57115405037e-24,1.80685020745e-24,2.51036582906e-24,2.77616955285e-24,2.810603923e-24,2.74924730787e-24,3.08142046341e-24,3.23331365856e-24,3.53279839034e-24,3.67953361846e-24,4.31133902277e-24,4.51066011326e-24,4.97338343773e-24,4.31571246763e-24,4.15772256097e-24,4.74658789963e-24,5.13885845108e-24,3.78859521633e-24,4.45631982423e-24,5.03488895036e-24,4.88829492834e-24,4.31882018516e-24,5.17529948617e-24,6.45527403097e-24,5.35915693076e-24,5.8403096237e-24,6.42553200269e-24],"var":[0.0000511015350639,0.0000342863095284,0.00000299069165521,0.0000044011785576,0.00000108907261165,3.4104147062e-7,9.07375920178e-7,8.80727441199e-7,5.6290343764e-7,7.79787470151e-8,1.67940150675e-8,5.38801891992e-9,3.15414871999e-9,9.36894473114e-9,3.12972403549e-8,1.23907284433e-8,7.81532705219e-9,2.97224467261e-9,4.10280920349e-9,2.39245645517e-9,1.28918486997e-9,6.87539081223e-10,3.68327701672e-10,3.47167405934e-10,1.95978261397e-10,1.88283569291e-10,1.99221972252e-10,1.47217169011e-10,1.61501659268e-10,1.75440606487e-10,1.97653435285e-10,1.75910633282e-10,1.59678437139e-10,2.22079257761e-10,1.81462456172e-10,5.49250471493e-11,2.98802788068e-11,1.55064641683e-11,6.43212219598e-12,2.89040362825e-12]},"melbands_crest":{"dmean":2.95945477486,"dmean2":4.73409605026,"dvar":8.66693019867,"dvar2":20.91705513,"max":36.9489822388,"mean":15.5979471207,"median":14.6318683624,"min":1.54331219196,"var":31.7702522278},"melbands_flatness_db":{"dmean":0.0358430147171,"dmean2":0.0488949641585,"dvar":0.00143436377402,"dvar2":0.00288210716099,"max":0.602482557297,"mean":0.282366007566,"median":0.284650653601,"min":0.00248541682959,"var":0.00788900349289},"melbands_kurtosis":{"dmean":16.245557785,"dmean2":25.1259098053,"dvar":935.600952148,"dvar2":2212.20874023,"max":677.859191895,"mean":35.5333557129,"median":20.3746261597,"min":-1.39817893505,"var":2415.79663086},"melbands_skewness":{"dmean":0.962341785431,"dmean2":1.4476493597,"dvar":1.39984464645,"dvar2":3.06885147095,"max":19.7804393768,"mean":3.91485142708,"median":3.5383067131,"min":-0.414032459259,"var":5.53996372223},"melbands_spread":{"dmean":4.39792156219,"dmean2":6.85483551025,"dvar":61.3969688416,"dvar2":140.094345093,"max":162.996795654,"mean":13.6191320419,"median":8.0931968689,"min":0.395300626755,"var":419.460174561},"mfcc":{"cov":[[11812.5019531,406.451141357,134.495895386,74.0914154053,-244.628570557,137.084259033,-354.84463501,15.7940120697,-35.49766922,97.8848419189,-21.7915306091,85.2676086426,-69.6015625],[406.451141357,2383.86987305,-434.105438232,105.798362732,45.3914718628,44.8391532898,-48.3432159424,59.4214744568,-66.6971359253,70.9344482422,17.2559928894,11.1953525543,82.5634155273],[134.495895386,-434.105438232,616.173461914,88.2169113159,15.7960472107,98.0414886475,30.5333080292,-17.9046783447,16.6606292725,-49.8594665527,-1.54431641102,-5.70049571991,10.0453929901],[74.0914154053,105.798362732,88.2169113159,364.32611084,100.765525818,-8.33935928345,-13.7562923431,6.26476430893,19.487361908,-36.4618339539,-40.069858551,-18.3027992249,12.6976852417],[-244.628570557,45.3914718628,15.7960472107,100.765525818,194.864471436,-3.03234148026,-24.3453159332,10.3876218796,46.5485191345,-17.8573722839,-42.8122749329,-13.7185935974,-18.0433006287],[137.084259033,44.8391532898,98.0414886475,-8.33935928345,-3.03234148026,157.532867432,10.6279726028,7.9386639595,3.03387904167,23.5794963837,23.6681480408,3.99081754684,7.41858291626],[-354.84463501,-48.3432159424,30.5333080292,-13.7562923431,-24.3453159332,10.6279726028,158.240570068,5.94268989563,-13.4269666672,-0.910132884979,24.2305812836,-15.1282377243,9.08143424988],[15.7940120697,59.4214744568,-17.9046783447,6.26476430893,10.3876218796,7.9386639595,5.94268989563,112.068580627,22.3620300293,-7.92229986191,-1.1817470789,5.99711894989,2.56044077873],[-35.49766922,-66.6971359253,16.6606292725,19.487361908,46.5485191345,3.03387904167,-13.4269666672,22.3620300293,124.193092346,15.8584861755,-20.430891037,-15.9347400665,-13.5222740173],[97.8848419189,70.9344482422,-49.8594665527,-36.4618339539,-17.8573722839,23.5794963837,-0.910132884979,-7.92229986191,15.8584861755,118.806495667,21.0031433105,6.55897092819,-11.6678056717],[-21.7915306091,17.2559928894,-1.54431641102,-40.069858551,-42.8122749329,23.6681480408,24.2305812836,-1.1817470789,-20.430891037,21.0031433105,108.684135437,15.5826406479,10.5248279572],[85.2676086426,11.1953525543,-5.70049571991,-18.3027992249,-13.7185935974,3.99081754684,-15.1282377243,5.99711894989,-15.9347400665,6.55897092819,15.5826406479,85.8625640869,11.1331558228],[-69.6015625,82.5634155273,10.0453929901,12.6976852417,-18.0433006287,7.41858291626,9.08143424988,2.56044077873,-13.5222740173,-11.6678056717,10.5248279572,11.1331558228,88.1179046631]],"icov":[[0.000100488490716,-0.0000216688658838,-0.0000426654660259,-0.0000614576565567,0.000209521924262,-0.000072829585406,0.000240390349063,-0.0000393245645682,0.0000125712913359,-0.0000564657239011,0.0000523750604771,-0.0000510997924721,0.000133450244903],[-0.0000216688658838,0.000582925684284,0.000481793569634,-0.00024636805756,-0.000235161773162,-0.000391797046177,0.000101106896182,-0.000269571581157,0.000421275093686,-0.000292138633085,-0.0000393420305045,0.000125845821458,-0.000585709873121],[-0.0000426654660259,0.000481793569634,0.00247490685433,-0.000670860870741,-0.0000202592291316,-0.00179122691043,-0.000383165781386,0.000459396484075,-0.000229315264733,0.000957204552833,-0.00000264244113168,-0.000082639271568,-0.000395486218622],[-0.0000614576565567,-0.00024636805756,-0.000670860870741,0.00362776801921,-0.00172403291799,0.000584836234339,-0.0000537697887921,-0.0000209841418837,0.0000017410094415,0.000472590996651,0.000468948914204,0.000483010226162,-0.000714281748515],[0.000209521924262,-0.000235161773162,-0.0000202592291316,-0.00172403291799,0.00755367148668,-0.000513559614774,0.000911829120014,-0.0000437400703959,-0.00217951484956,0.000857468694448,0.00160301476717,-0.000138168950798,0.00173889135476],[-0.000072829585406,-0.000391797046177,-0.00179122691043,0.000584836234339,-0.000513559614774,0.00820675585419,-0.000262042332906,-0.000763131014537,0.00000659481520415,-0.0018522067694,-0.00131753378082,0.000108815213025,-0.000418022100348],[0.000240390349063,0.000101106896182,-0.000383165781386,-0.0000537697887921,0.000911829120014,-0.000262042332906,0.00760305766016,-0.000897519057617,0.000834450765979,-0.000264574307948,-0.00128526554909,0.00172815285623,-0.00037395968684],[-0.0000393245645682,-0.000269571581157,0.000459396484075,-0.0000209841418837,-0.0000437400703959,-0.000763131014537,-0.000897519057617,0.00991897471249,-0.00244260625914,0.00159747188445,-0.0000970770270214,-0.00128544634208,0.000042437153752],[0.0000125712913359,0.000421275093686,-0.000229315264733,0.0000017410094415,-0.00217951484956,0.00000659481520415,0.000834450765979,-0.00244260625914,0.0103897787631,-0.00250263256021,0.00102921680082,0.00180760305375,0.0000909309455892],[-0.0000564657239011,-0.000292138633085,0.000957204552833,0.000472590996651,0.000857468694448,-0.0018522067694,-0.000264574307948,0.00159747188445,-0.00250263256021,0.010601378046,-0.0015130888205,-0.000893850869033,0.00167761894409],[0.0000523750604771,-0.0000393420305045,-0.00000264244113168,0.000468948914204,0.00160301476717,-0.00131753378082,-0.00128526554909,-0.0000970770270214,0.00102921680082,-0.0015130888205,0.0113589391112,-0.00152373185847,-0.000621212122496],[-0.0000510997924721,0.000125845821458,-0.000082639271568,0.000483010226162,-0.000138168950798,0.000108815213025,0.00172815285623,-0.00128544634208,0.00180760305375,-0.000893850869033,-0.00152373185847,0.0130466856062,-0.00170400179923],[0.000133450244903,-0.000585709873121,-0.000395486218622,-0.000714281748515,0.00173889135476,-0.000418022100348,-0.00037395968684,0.000042437153752,0.0000909309455892,0.00167761894409,-0.000621212122496,-0.00170400179923,0.0131047805771]],"mean":[-677.110656738,139.621200562,26.8777236938,38.8092384338,8.70312404633,19.6838665009,-9.37736225128,6.29336500168,-0.517787992954,4.67722892761,-1.93006682396,1.54373145103,1.62795865536]},"pitch_salience":{"dmean":0.070319481194,"dmean2":0.113398969173,"dvar":0.00510710384697,"dvar2":0.0128611437976,"max":0.927369177341,"mean":0.517501950264,"median":0.518391251564,"min":0.0838848948479,"var":0.0151796145365},"silence_rate_20dB":{"dmean":0,"dmean2":0,"dvar":0,"dvar2":0,"max":1,"mean":1,"median":1,"min":1,"var":0},"silence_rate_30dB":{"dmean":0.0623223036528,"dmean2":0.12465877831,"dvar":0.058437243104,"dvar2":0.128685981035,"max":1,"mean":0.936433911324,"median":1,"min":0,"var":0.0595210567117},"silence_rate_60dB":{"dmean":0.000682360958308,"dmean2":0.00136487721466,"dvar":0.000681906589307,"dvar2":0.00181801780127,"max":1,"mean":0.0394587218761,"median":0,"min":0,"var":0.0379012487829},"spectral_centroid":{"dmean":228.903106689,"dmean2":347.776031494,"dvar":130963.257812,"dvar2":271680.9375,"max":11788.7939453,"mean":1007.65917969,"median":613.342041016,"min":122.991394043,"var":2394178.25},"spectral_complexity":{"dmean":3.29079961777,"dmean2":4.99454069138,"dvar":27.0833377838,"dvar2":55.9214935303,"max":60,"mean":13.1112117767,"median":12,"min":0,"var":64.6995010376},"spectral_contrast_coeffs":{"dmean":[0.046963468194,0.0433249697089,0.0341445170343,0.0301314871758,0.023277843371,0.0249040052295],"dmean2":[0.0767881125212,0.0675714612007,0.0545893535018,0.0474367067218,0.0367101207376,0.0372959338129],"dvar":[0.00165876944084,0.00150134670548,0.000848858326208,0.000687381485477,0.000404191727284,0.000547052593902],"dvar2":[0.00444077700377,0.0034955162555,0.00200470979325,0.00157317658886,0.000936607422773,0.00115870661102],"max":[-0.339139223099,-0.390058994293,-0.47174924612,-0.534137248993,-0.572196722031,-0.38178473711],"mean":[-0.64020138979,-0.678672730923,-0.779250144958,-0.768084824085,-0.792252540588,-0.741663217545],"median":[-0.637093961239,-0.677779793739,-0.785702824593,-0.770235776901,-0.794340074062,-0.741991400719],"min":[-0.978262901306,-0.983415424824,-0.979771733284,-0.975863337517,-0.967975795269,-0.964303433895],"var":[0.00759527040645,0.00929859932512,0.00486764451489,0.00430263346061,0.00254223193042,0.00329937436618]},"spectral_contrast_valleys":{"dmean":[0.340362161398,0.368473827839,0.37175065279,0.333297789097,0.394382476807,0.60501986742],"dmean2":[0.54956805706,0.581557691097,0.577978432178,0.494290232658,0.523023426533,0.678573548794],"dvar":[0.100279614329,0.135558918118,0.142940834165,0.137236893177,0.214376926422,0.394364058971],"dvar2":[0.211153760552,0.28020298481,0.304546386003,0.264362126589,0.401393562555,0.688239336014],"max":[-4.78212547302,-4.79569339752,-5.32689332962,-5.56781148911,-5.18968725204,-7.36272096634],"mean":[-6.98940086365,-7.33267354965,-8.32966995239,-8.6205406189,-8.62766742706,-11.0565185547],"median":[-6.46112442017,-6.83823347092,-7.85826301575,-8.16876602173,-8.24326992035,-10.8562355042],"min":[-28.3243083954,-28.0054264069,-27.7591571808,-27.734796524,-27.574344635,-27.4092597961],"var":[9.37012481689,9.26426887512,8.44193840027,8.17914199829,8.21875953674,7.20913696289]},"spectral_decrease":{"dmean":4.12248768455e-9,"dmean2":6.55241239045e-9,"dvar":5.08275652675e-17,"dvar2":1.15222990311e-16,"max":2.33419176075e-19,"mean":-1.15182166027e-8,"median":-9.38151067942e-9,"min":-7.18583095249e-8,"var":8.16235292513e-17},"spectral_energy":{"dmean":0.0161115396768,"dmean2":0.0255582761019,"dvar":0.000758056237828,"dvar2":0.00172136048786,"max":0.292996674776,"mean":0.0451543927193,"median":0.0370264463127,"min":9.79522482123e-21,"var":0.00121647247579},"spectral_energyband_high":{"dmean":0.000825551513117,"dmean2":0.00128684181254,"dvar":0.00000461793752038,"dvar2":0.0000115503835332,"max":0.046382214874,"mean":0.00100531289354,"median":0.000173713488039,"min":7.01699009995e-21,"var":0.00000551026187168},"spectral_energyband_low":{"dmean":0.0120783932507,"dmean2":0.0196226071566,"dvar":0.000640472513624,"dvar2":0.00144554930739,"max":0.241689562798,"mean":0.0253801029176,"median":0.0172550305724,"min":1.29071796259e-23,"var":0.000920267950278},"spectral_energyband_middle_high":{"dmean":0.00105106353294,"dmean2":0.0016138976207,"dvar":0.00000545516149941,"dvar2":0.000013617293007,"max":0.043697707355,"mean":0.00248508551158,"median":0.00123563141096,"min":1.12246460321e-21,"var":0.0000123380623336},"spectral_energyband_middle_low":{"dmean":0.00628546951339,"dmean2":0.010013285093,"dvar":0.000131505032186,"dvar2":0.000339795951732,"max":0.237842977047,"mean":0.0179429817945,"median":0.0155640598387,"min":1.54692442827e-22,"var":0.000202816794626},"spectral_entropy":{"dmean":0.273817241192,"dmean2":0.358511418104,"dvar":0.0925584435463,"dvar2":0.170107930899,"max":9.82473182678,"mean":7.18998908997,"median":7.10018920898,"min":4.93031311035,"var":0.497413963079},"spectral_flux":{"dmean":0.0356981679797,"dmean2":0.0554457232356,"dvar":0.00214754231274,"dvar2":0.00440010847524,"max":0.438697397709,"mean":0.0904840603471,"median":0.0713664889336,"min":6.40840158717e-11,"var":0.00459156185389},"spectral_kurtosis":{"dmean":2.86003804207,"dmean2":4.45667552948,"dvar":13.0855541229,"dvar2":31.3411655426,"max":57.5810470581,"mean":5.1285071373,"median":3.76144886017,"min":-1.28232836723,"var":27.3784885406},"spectral_rms":{"dmean":0.00103092181962,"dmean2":0.00159990973771,"dvar":0.00000208814753933,"dvar2":0.00000449124809165,"max":0.0169071108103,"mean":0.00619720527902,"median":0.00601027160883,"min":3.09132927589e-12,"var":0.00000564776655665},"spectral_rolloff":{"dmean":364.168823242,"dmean2":647.181396484,"dvar":1005514.6875,"dvar2":2391290,"max":20348.8769531,"mean":1095.91772461,"median":409.130859375,"min":21.533203125,"var":7829527},"spectral_skewness":{"dmean":0.373797148466,"dmean2":0.545310437679,"dvar":0.156853199005,"dvar2":0.330772280693,"max":5.91956424713,"mean":1.67226588726,"median":1.64420390129,"min":-0.661168217659,"var":0.588979482651},"spectral_spread":{"dmean":859697.4375,"dmean2":1128924.75,"dvar":1047747231740,"dvar2":2034217385980,"max":43696800,"mean":5371367.5,"median":4379879,"min":1411256.875,"var":28036084793300},"spectral_strongpeak":{"dmean":0.315134167671,"dmean2":0.541318774223,"dvar":0.279096007347,"dvar2":0.677635252476,"max":9.91933727264,"mean":0.710050940514,"median":0.448382139206,"min":0,"var":0.6435354352},"zerocrossingrate":{"dmean":0.010289279744,"dmean2":0.0119993779808,"dvar":0.000178813090315,"dvar2":0.000238572494709,"max":0.525390625,"mean":0.0460245348513,"median":0.027587890625,"min":0.0029296875,"var":0.00524389743805}},"metadata":{"audio_properties":{"analysis_sample_rate":44100,"bit_rate":192000,"codec":"mp3","downmix":"mix","equal_loudness":0,"length":204.173065186,"lossless":false,"md5_encoded":"42b92d9f56d1235cb4a6e72f913152a7","replay_gain":-6.96037101746,"sample_rate":44100},"tags":{"album":["Untitled"],"albumartist":["The Ghost Orchid"],"artist":["The Ghost Orchid"],"date":["2007"],"file_name":"332815.mp3","musicbrainz_recordingid":["44afc4f1-af66-42bd-81de-4a611d95fc5f"],"title":["The Byrds - Truck Stop Girl"],"tracknumber":["13"]},"version":{"essentia":"2.1-beta2","essentia_build_sha":"70f2e5ece6736b2c40cc944ad0e695b16b925413","essentia_git_sha":"v2.1_beta2","extractor":"music 1.0"}},"rhythm":{"beats_count":478,"beats_loudness":{"dmean":0.0480326861143,"dmean2":0.0850943624973,"dvar":0.00173318211455,"dvar2":0.00455842167139,"max":0.21729773283,"mean":0.0672831311822,"median":0.0520926676691,"min":0,"var":0.00199750578031},"beats_loudness_band_ratio":{"dmean":[0.249977678061,0.175842806697,0.124322086573,0.0307972580194,0.0314391218126,0.0514434799552],"dmean2":[0.427175790071,0.306804060936,0.224032774568,0.0556353628635,0.0556931048632,0.0881913453341],"dvar":[0.0337159410119,0.0201234444976,0.0160023253411,0.00218501500785,0.00172451103572,0.00257861870341],"dvar2":[0.0975231155753,0.0600325465202,0.0449808463454,0.00602298974991,0.00482012331486,0.00684605212882],"max":[0.990034282207,0.820091485977,0.632494151592,0.319708377123,0.333194285631,0.399089425802],"mean":[0.59964543581,0.22330789268,0.12314453721,0.0285278707743,0.0297989323735,0.0501267723739],"median":[0.581312656403,0.188259899616,0.0700149610639,0.0150336092338,0.0194471180439,0.0347121804953],"min":[0,0,0,0,0,0],"var":[0.0517259985209,0.0266301948577,0.0172568038106,0.00169017061125,0.00155146676116,0.00297886738554]},"beats_position":[0.394739210606,0.8010883927