{"lowlevel":{"average_loudness":0.878106594086,"barkbands":{"dmean":[0.00106973375659,0.00500600831583,0.00482977228239,0.0030733384192,0.00308822328225,0.00172173045576,0.00109512917697,0.000533045211341,0.000981643446721,0.000404162565246,0.000230865989579,0.000155849236762,0.000118970106996,0.000134412999614,0.000265487935394,0.000183511059731,0.0000972468333202,0.000100919285615,0.0000667008353048,0.0000532887352165,0.0000449352155556,0.0000246642193815,0.0000152399006765,0.0000153161327034,0.00000289127729047,0.0000138848408824,0.0001049975981],"dmean2":[0.00176291703247,0.00839456822723,0.00803015381098,0.00495834089816,0.00494149979204,0.00264702318236,0.00173901254311,0.000853510398883,0.0015739252558,0.000643633364234,0.000379048229661,0.000252579688095,0.000194545951672,0.000218296583625,0.000430355925346,0.000297747872537,0.000156335081556,0.000159120740136,0.000100736695458,0.0000786081291153,0.0000648407585686,0.0000346585038642,0.0000210101170524,0.0000225158764806,0.00000474941862194,0.0000191313374671,0.000160464944202],"dvar":[0.00000287245734398,0.0000434689245594,0.0000437745766249,0.0000227695763897,0.0000236641863012,0.0000193484756892,0.00000720502930562,0.00000238745678871,0.00000732239095669,0.00000120375693768,1.8066884877e-7,9.52632106532e-8,8.56264676941e-8,1.15497172715e-7,3.49129294364e-7,2.57602181364e-7,4.73037076176e-8,6.8623457139e-8,8.16562675254e-8,6.28384384527e-8,1.51762336031e-8,4.6841006629e-9,9.30098276175e-10,8.41590463985e-10,2.21329829464e-11,5.38428246433e-10,4.76485162437e-8],"dvar2":[0.00000753769745643,0.000119948541396,0.000118300704344,0.0000564247493458,0.0000586227142776,0.0000451359592262,0.0000172860618477,0.00000593939466853,0.0000190081846085,0.00000235903758039,4.21566852538e-7,2.22559464191e-7,1.91799742311e-7,2.80497317817e-7,8.75145531154e-7,6.61011142711e-7,1.17415517309e-7,1.55415207814e-7,1.78128516382e-7,1.33218392762e-7,3.07698222457e-8,8.63051674571e-9,1.5631135275e-9,1.86210602493e-9,5.55430319793e-11,1.00753871912e-9,1.06592608518e-7],"max":[0.0324214659631,0.134966507554,0.14886572957,0.110298722982,0.0766382589936,0.0994331091642,0.053475972265,0.043815959245,0.0668078735471,0.0652912333608,0.0155828911811,0.00763866398484,0.0159309767187,0.012006867677,0.0119015946984,0.0213037822396,0.00728566013277,0.0108104525134,0.0134258177131,0.0116169406101,0.00480861729011,0.00282769254409,0.00114972295705,0.000544625916518,0.0000618184858467,0.000485577940708,0.00765312090516],"mean":[0.00167114601936,0.00930606294423,0.00736454920843,0.00473358016461,0.0053803161718,0.00264145154506,0.00173088291194,0.000766066776123,0.00156134739518,0.000702195451595,0.000372985581635,0.000266257382464,0.000205611984711,0.000229764526011,0.000467971054604,0.000313803204335,0.000185083335964,0.000198529669433,0.000121715987916,0.0000971086556092,0.0000948909582803,0.0000500584974361,0.0000299417806673,0.0000195793782041,0.00000308551580019,0.0000236927971855,0.000329929403961],"median":[0.000848225899972,0.00622028391808,0.00449383771047,0.00243819644675,0.00309544033371,0.00090734421974,0.000541643239558,0.000194168678718,0.000404652557336,0.000326699111611,0.000201406583074,0.000141522381455,0.000101728350273,0.0000896236451808,0.000135485926876,0.0000986278319033,0.0000660718214931,0.0000629973947071,0.0000249216718657,0.0000264362697635,0.0000424435347668,0.0000173236294359,0.0000131624237838,0.00000705526235834,0.00000127411090034,0.0000106274710561,0.00018899004499],"min":[2.27688923074e-25,4.39564222113e-24,2.63682417647e-24,3.46212079197e-24,9.31068387289e-24,2.37691726684e-23,1.39680776365e-23,1.75235116017e-23,1.58204697701e-23,2.56611198655e-23,3.00142452448e-23,3.56153596203e-23,3.01840396661e-23,3.56410102215e-23,4.62486871299e-23,6.9350049599e-23,1.04581618923e-22,9.97810279719e-23,1.99716647438e-22,2.35157921233e-22,2.93358589451e-22,2.75727939495e-22,4.30687610531e-22,5.22226878511e-22,8.90651275515e-22,1.4644192711e-21,2.0654322252e-21],"var":[0.0000056166450122,0.0000979467513389,0.0000800653579063,0.0000454597611679,0.0000491541613883,0.000033070857171,0.0000127372086354,0.00000386751435144,0.0000136812986966,0.00000494913047078,4.05598655107e-7,2.07926987628e-7,2.09729506651e-7,2.34175274727e-7,8.33547630918e-7,4.91179321216e-7,1.20670634374e-7,1.86705776173e-7,2.1545397999e-7,1.227802926e-7,4.696286382e-8,1.33117605827e-8,2.81097056742e-9,1.13084097642e-9,2.50647714389e-11,1.21322440982e-9,1.90742341033e-7]},"barkbands_crest":{"dmean":2.52368593216,"dmean2":4.19160270691,"dvar":4.60007047653,"dvar2":12.1326951981,"max":24.0899429321,"mean":10.0207586288,"median":9.50280380249,"min":3.26385378838,"var":11.3215436935},"barkbands_flatness_db":{"dmean":0.0244726538658,"dmean2":0.0389546565711,"dvar":0.000441216048785,"dvar2":0.0011619242141,"max":0.335444152355,"mean":0.150816246867,"median":0.147770702839,"min":0.0409737415612,"var":0.00173174554948},"barkbands_kurtosis":{"dmean":6.23894357681,"dmean2":10.1712713242,"dvar":64.3423690796,"dvar2":170.944656372,"max":129.775360107,"mean":13.9234075546,"median":10.1848716736,"min":-1.88011205196,"var":172.985321045},"barkbands_skewness":{"dmean":0.667378664017,"dmean2":1.07180726528,"dvar":0.386091649532,"dvar2":1.01280641556,"max":10.2443590164,"mean":2.82427954674,"median":2.75010251999,"min":-5.9784655571,"var":2.16768860817},"barkbands_spread":{"dmean":5.00143432617,"dmean2":7.91525363922,"dvar":36.2424697876,"dvar2":84.641746521,"max":115.432220459,"mean":17.4478340149,"median":13.8617725372,"min":1.1735509634,"var":178.022476196},"dissonance":{"dmean":0.0201980974525,"dmean2":0.0341953709722,"dvar":0.000343483727193,"dvar2":0.00095958088059,"max":0.5,"mean":0.461937814951,"median":0.467644572258,"min":0.308536231518,"var":0.000664603488985},"dynamic_complexity":4.48239421844,"erbbands":{"dmean":[0.148748025298,1.21875107288,4.86202096939,8.10323047638,12.3193283081,7.62978506088,12.5915746689,13.930185318,15.7641592026,13.0719985962,13.30676651,24.559015274,10.6423921585,12.1858549118,8.98748779297,5.87239265442,5.41488695145,5.53322172165,10.5750999451,14.0652694702,7.42445993423,5.09728288651,5.34817457199,4.27494668961,2.98443102837,2.50539565086,2.26198983192,1.37675583363,0.858864307404,0.676654398441,0.41010710597,0.439346283674,0.143141061068,0.0333323143423,0.0206624045968,0.017899075523,0.0380215346813,0.0220202561468,0.00862456765026,0.00344900856726],"dmean2":[0.241637006402,2.06500339508,8.22043514252,13.072303772,20.0946903229,12.1327896118,19.1006240845,21.5903434753,24.9816894531,20.6500511169,21.5722389221,39.6679000854,16.7432765961,19.3788204193,14.6944637299,9.42231559753,8.77696323395,8.93280506134,17.1020469666,22.9621620178,12.1286935806,8.14356994629,8.46171188354,6.67405843735,4.358335495,3.70974373817,3.3971362114,1.95190358162,1.2109541893,0.943865299225,0.559886455536,0.629359662533,0.217426806688,0.054440356791,0.0338019318879,0.0278369951993,0.0528929159045,0.0291350856423,0.0117997648194,0.0052969539538],"dvar":[0.0406169854105,2.84775924683,49.2219161987,145.805664062,377.566955566,196.286010742,1077.39331055,1474.51501465,1919.0612793,934.592102051,1415.04064941,4952.52929688,600.674072266,1360.25830078,230.428115845,153.863983154,163.529754639,188.710266113,585.894897461,1245.69287109,355.902618408,140.863616943,183.625167847,189.706588745,213.724685669,163.443878174,46.4516830444,14.8433790207,6.98733854294,2.25594353676,0.718632400036,0.64643150568,0.0671184509993,0.00284143374301,0.00110989215318,0.000646039727144,0.00430208910257,0.00250583956949,0.000274524296401,0.0000280888962152],"dvar2":[0.103961192071,8.17358875275,142.589202881,344.823120117,960.571899414,499.075836182,2456.49755859,3376.91674805,4547.86181641,2257.57788086,3711.31323242,12941.8583984,1354.50219727,2533.54711914,543.133300781,341.930725098,357.577789307,445.594360352,1468.81103516,3254.15698242,956.210021973,347.98260498,446.747711182,420.929870605,459.099090576,366.882965088,100.754997253,26.3596096039,13.0252304077,4.12535619736,1.15624523163,1.38165640831,0.152612268925,0.00714073283598,0.00278264121152,0.00150483602192,0.00852231960744,0.00434268265963,0.000491691636853,0.0000596068275627],"max":[3.62407970428,36.3752250671,151.739349365,235.629211426,355.555725098,349.560577393,862.847961426,935.970031738,939.836975098,788.155334473,1163.68334961,1786.13952637,1027.1529541,2301.90405273,451.738616943,373.479553223,626.94934082,507.296569824,598.21685791,1085.69958496,526.359191895,422.264373779,618.055419922,458.385406494,719.826477051,678.405334473,245.025299072,156.691253662,112.002456665,38.9688491821,41.8625106812,13.671710968,5.00797748566,0.710816800594,0.437978744507,0.478353410959,0.931359112263,1.05630493164,0.428984880447,0.143857255578],"mean":[0.295925170183,2.01521229744,7.72786808014,13.3967437744,19.7458438873,13.1397399902,20.3899497986,20.8574447632,23.5460796356,22.4631710052,21.2939071655,38.184223175,20.051607132,21.9832363129,15.8948602676,11.0982875824,10.0166292191,10.6200065613,19.2354030609,24.9503669739,14.2420549393,10.5589580536,10.9057826996,8.57487773895,5.38348960876,4.65428066254,4.59860610962,2.84071612358,1.74490487576,1.39276981354,0.787138700485,0.620476067066,0.17408183217,0.0375366061926,0.0226894468069,0.0237714573741,0.0603583268821,0.0486047267914,0.0250005684793,0.0128656625748],"median":[0.159764051437,1.34495389462,4.7850189209,7.43440198898,10.9681015015,7.30736446381,7.40488052368,6.87805652618,7.0914940834,7.07987117767,5.47439908981,9.31155204773,9.55661010742,10.5077075958,9.366147995,6.16376686096,5.13896083832,4.76253128052,6.24734020233,7.60614490509,5.18009090424,3.93917512894,3.7304224968,2.29687929153,1.08505225182,1.33077025414,1.96810078621,1.19567370415,0.613792896271,0.484562814236,0.334620177746,0.237984970212,0.0655039250851,0.0176591612399,0.00996451824903,0.0123866256326,0.0254599936306,0.0171112418175,0.0124218221754,0.0100280698389],"min":[7.18876068718e-23,4.41985158922e-22,3.97410120351e-21,8.3256415278e-21,1.67513428291e-20,2.68718620808e-20,9.7803328237e-20,1.78301404749e-19,2.02932646193e-19,2.70213901631e-19,4.48311522681e-19,4.72793794066e-19,3.99016960696e-19,8.0112814557e-19,1.26073264817e-18,1.6655909257e-18,1.53401244304e-18,2.01135128438e-18,2.73079885998e-18,2.35017087393e-18,4.55103771525e-18,6.46390777103e-18,5.69582921324e-18,8.22517050978e-18,8.80377838517e-18,1.05961894371e-17,1.22919386441e-17,1.40693446397e-17,1.07481656767e-17,9.34641383009e-18,1.22384109595e-17,8.60882763123e-18,1.09442430506e-17,9.24511481074e-18,6.8312313841e-18,4.56593358372e-18,2.49085465059e-18,1.00280770361e-18,2.84301898986e-19,2.95694159962e-20],"var":[0.143018752337,4.7694683075,83.0604858398,346.072418213,726.534362793,345.860229492,1964.28601074,2416.68115234,3035.48974609,2389.12988281,2419.22827148,8925.671875,1468.41821289,6105.30175781,530.053649902,357.773468018,414.934204102,422.342834473,1346.22973633,2679.41162109,771.564331055,384.863800049,488.375823975,542.366638184,525.696899414,289.83480835,126.087684631,47.097858429,19.5898323059,6.85431575775,2.17126393318,0.984296441078,0.0862395316362,0.00328561384231,0.00127459748182,0.000953825598117,0.00807319302112,0.0079879052937,0.00124484568369,0.000135068039526]},"erbbands_crest":{"dmean":2.54684686661,"dmean2":4.17736530304,"dvar":5.55348157883,"dvar2":14.1388301849,"max":27.3349075317,"mean":8.4154586792,"median":7.41803836823,"min":2.58348345757,"var":15.0652217865},"erbbands_flatness_db":{"dmean":0.0177920795977,"dmean2":0.0271549876779,"dvar":0.000219204826863,"dvar2":0.000500716618262,"max":0.301816493273,"mean":0.128642097116,"median":0.125259578228,"min":0.0289461631328,"var":0.00118930765893},"erbbands_kurtosis":{"dmean":0.860359013081,"dmean2":1.37217271328,"dvar":1.3936214447,"dvar2":3.31374549866,"max":23.8684406281,"mean":0.463770061731,"median":-0.0243470668793,"min":-1.77633738518,"var":3.8549823761},"erbbands_skewness":{"dmean":0.344458073378,"dmean2":0.525686264038,"dvar":0.0937033221126,"dvar2":0.209028124809,"max":4.17342662811,"mean":0.428744137287,"median":0.506725072861,"min":-3.96353435516,"var":0.603387832642},"erbbands_spread":{"dmean":6.97461462021,"dmean2":10.8260326385,"dvar":43.4041366577,"dvar2":96.8840179443,"max":145.676940918,"mean":38.3144454956,"median":36.8839111328,"min":4.32900524139,"var":226.237930298},"gfcc":{"cov":[[21594.3359375,1456.19274902,-713.087585449,421.923431396,207.864593506,-675.639892578,637.270080566,-721.444396973,610.549865723,-364.67401123,-176.267074585,175.688964844,-272.123046875],[1456.19274902,808.04888916,-45.1383705139,-163.299560547,93.8522949219,-61.4823989868,55.0336227417,-102.037467957,95.8855133057,-17.9151744843,-16.2557010651,-49.4212760925,46.4275054932],[-713.087585449,-45.1383705139,384.93963623,-1.24603486061,-68.9491043091,193.085296631,-19.5220775604,53.2306861877,-126.136924744,16.1946372986,44.1150932312,-15.1077356339,8.32846546173],[421.923431396,-163.299560547,-1.24603486061,245.32460022,59.747505188,-74.0239944458,71.4497909546,-20.4749088287,-26.8649272919,-51.8425140381,10.4463806152,53.246711731,-35.0104408264],[207.864593506,93.8522949219,-68.9491043091,59.747505188,179.798599243,-5.97166919708,60.2010192871,-42.8718833923,5.67028045654,-52.1846046448,3.12475585938,12.5646429062,6.74180221558],[-675.639892578,-61.4823989868,193.085296631,-74.0239944458,-5.97166919708,255.763641357,-26.4610462189,53.5156593323,-83.329864502,31.031162262,11.2152919769,-31.028635025,28.9777469635],[637.270080566,55.0336227417,-19.5220775604,71.4497909546,60.2010192871,-26.4610462189,202.324645996,-58.2569694519,34.4968490601,-44.1738777161,9.45532035828,22.7619152069,-40.0487098694],[-721.444396973,-102.037467957,53.2306861877,-20.4749088287,-42.8718833923,53.5156593323,-58.2569694519,151.722595215,-4.73447036743,53.497379303,12.5728397369,-25.8427448273,22.6011047363],[610.549865723,95.8855133057,-126.136924744,-26.8649272919,5.67028045654,-83.329864502,34.4968490601,-4.73447036743,173.657745361,39.4038619995,-21.3843040466,-2.93206381798,-23.6951274872],[-364.67401123,-17.9151744843,16.1946372986,-51.8425140381,-52.1846046448,31.031162262,-44.1738777161,53.497379303,39.4038619995,103.602935791,22.5374641418,-19.7831020355,25.0655193329],[-176.267074585,-16.2557010651,44.1150932312,10.4463806152,3.12475585938,11.2152919769,9.45532035828,12.5728397369,-21.3843040466,22.5374641418,73.6558151245,35.2217597961,9.56799602509],[175.688964844,-49.4212760925,-15.1077356339,53.246711731,12.5646429062,-31.028635025,22.7619152069,-25.8427448273,-2.93206381798,-19.7831020355,35.2217597961,83.155128479,12.7488451004],[-272.123046875,46.4275054932,8.32846546173,-35.0104408264,6.74180221558,28.9777469635,-40.0487098694,22.6011047363,-23.6951274872,25.0655193329,9.56799602509,12.7488451004,91.0147399902]],"icov":[[0.0000842217123136,-0.000220897549298,0.000200114445761,-0.000402773293899,0.000369788205717,-0.000273561483482,0.00000887585065357,0.000211399776163,-0.000310561212245,0.000319115468301,-0.000113159934699,-0.0000038072253119,0.0000460573646706],[-0.000220897549298,0.00343639403582,-0.00226058461703,0.00347241619602,-0.0027933944948,0.0027929272037,-0.000632039445918,0.0012197176693,-0.00126084976364,0.000700131931808,-0.000900542654563,0.00284843659028,-0.00295951077715],[0.000200114445761,-0.00226058461703,0.00819521676749,-0.00494246790186,0.00608222326264,-0.00713452557102,0.000430062384112,-0.0000896666024346,0.000867539667524,0.00294593046419,-0.00512009346858,0.00193588912953,0.00081446924014],[-0.000402773293899,0.00347241619602,-0.00494246790186,0.0131812477484,-0.00844696070999,0.00824463181198,-0.00300681916997,-0.00250620790757,0.00503290165216,-0.00541831087321,0.00660684192553,-0.0063732941635,0.00284779816866],[0.000369788205717,-0.0027933944948,0.00608222326264,-0.00844696070999,0.0151635874063,-0.00817998778075,0.000407482672017,0.00244841701351,-0.00527325039729,0.0110642807558,-0.00949932821095,0.00654751062393,-0.00456129619852],[-0.000273561483482,0.0027929272037,-0.00713452557102,0.00824463181198,-0.00817998778075,0.0135967032984,-0.00239501218311,-0.0021208266262,0.00532586220652,-0.00755542749539,0.00711495988071,-0.00272122281604,0.000431940716226],[0.00000887585065357,-0.000632039445918,0.000430062384112,-0.00300681916997,0.000407482672017,-0.00239501218311,0.00812522042543,0.0020259055309,-0.00384019641206,0.00410966575146,-0.00423348555341,0.00153288245201,0.00105628976598],[0.000211399776163,0.0012197176693,-0.0000896666024346,-0.00250620790757,0.00244841701351,-0.0021208266262,0.0020259055309,0.0119448360056,-0.0046558836475,0.00178271951154,-0.00564481923357,0.00722673116252,-0.004648800008],[-0.000310561212245,-0.00126084976364,0.000867539667524,0.00503290165216,-0.00527325039729,0.00532586220652,-0.00384019641206,-0.0046558836475,0.0188834127039,-0.0168942958117,0.0132080838084,-0.0111709916964,0.00947770103812],[0.000319115468301,0.000700131931808,0.00294593046419,-0.00541831087321,0.0110642807558,-0.00755542749539,0.00410966575146,0.00178271951154,-0.0168942958117,0.0341226458549,-0.0223496016115,0.0176236629486,-0.0127200558782],[-0.000113159934699,-0.000900542654563,-0.00512009346858,0.00660684192553,-0.00949932821095,0.00711495988071,-0.00423348555341,-0.00564481923357,0.0132080838084,-0.0223496016115,0.0368904694915,-0.0240007340908,0.0101857511327],[-0.0000038072253119,0.00284843659028,0.00193588912953,-0.0063732941635,0.00654751062393,-0.00272122281604,0.00153288245201,0.00722673116252,-0.0111709916964,0.0176236629486,-0.0240007340908,0.0342247262597,-0.0148645937443],[0.0000460573646706,-0.00295951077715,0.00081446924014,0.00284779816866,-0.00456129619852,0.000431940716226,0.00105628976598,-0.004648800008,0.00947770103812,-0.0127200558782,0.0101857511327,-0.0148645937443,0.0224570259452]],"mean":[-21.8613586426,98.5338134766,-70.9457855225,5.89787578583,-18.0407428741,-11.2418527603,-5.03904819489,-16.3891410828,-1.86394774914,-13.5222797394,-12.7336587906,-3.92782998085,-7.74000072479]},"hfc":{"dmean":78.6057434082,"dmean2":124.282287598,"dvar":9174.25195312,"dvar2":22757.7597656,"max":1652.69348145,"mean":216.752319336,"median":181.841705322,"min":1.12531331363e-16,"var":27849.0898438},"melbands":{"dmean":[0.00131228030659,0.00215647742152,0.00141215662006,0.000737026857678,0.000393254304072,0.000315791083267,0.000230144723901,0.000132871209644,0.000128879924887,0.000144478370203,0.000053623731219,0.0000533352031198,0.0000336406228598,0.0000195647844521,0.0000131919814521,0.0000110469372885,0.0000111190875032,0.0000162063261087,0.0000208391229535,0.0000162534979609,0.00000816178271634,0.00000568163068237,0.00000557514749744,0.00000508691573486,0.00000366243557437,0.0000023102331852,0.00000210357620745,0.00000168850556292,0.00000151159792949,0.00000124076916563,7.3683708024e-7,4.98276108374e-7,5.29930161974e-7,3.46010494923e-7,2.43753987661e-7,2.73637112969e-7,3.14853906502e-7,1.40056613418e-7,3.04544975904e-8,2.63776378517e-8],"dmean2":[0.00216992525384,0.00365032511763,0.00227932212874,0.00118275836576,0.000597230275162,0.000487443903694,0.000363511906471,0.000210323967622,0.000209984864341,0.000232448932366,0.0000844439055072,0.0000848550116643,0.0000550935183128,0.0000321298648487,0.0000212653794733,0.000017936599761,0.0000181639079528,0.0000263519996224,0.000033577944123,0.0000266336919594,0.0000134361544042,0.00000920589354791,0.00000900188388187,0.0000081328989836,0.00000577671653446,0.00000346519664163,0.00000315939541906,0.0000025725555588,0.00000231664762396,0.00000182230292012,0.00000107920550363,7.19066008514e-7,7.82333472671e-7,4.94411779073e-7,3.4338032151e-7,3.93371351493e-7,4.68334775405e-7,2.1437342923e-7,5.01488379712e-8,4.34066897981e-8],"dvar":[0.00000285082342089,0.00000923404149944,0.00000398132806367,0.00000138846553455,9.07551736873e-7,6.84783628913e-7,3.75649051421e-7,9.99960221293e-8,1.25948659502e-7,1.61830925549e-7,1.59859077087e-8,2.66286210859e-8,3.84116871643e-9,1.35273470203e-9,1.09238373902e-9,7.00625113481e-10,7.93253962517e-10,1.45706702259e-9,2.27188956536e-9,1.88984716765e-9,4.27879121023e-10,1.79601417072e-10,1.60487040324e-10,1.92776017371e-10,1.41793049524e-10,1.35502220555e-10,1.10673983866e-10,7.64281901655e-11,2.3391519624e-11,1.09214703253e-11,4.98653939321e-12,3.01462045431e-12,1.77274102516e-12,5.89814221769e-13,3.12147118049e-13,2.23816516536e-13,4.30775071647e-13,7.7198074593e-14,2.48167715117e-15,1.87198940024e-15],"dvar2":[0.00000750209346734,0.0000272367233265,0.00000970873679762,0.00000343220608556,0.0000020900833988,0.00000156625515046,8.85455563093e-7,2.4236965146e-7,3.41940619819e-7,4.15358897499e-7,3.57639393656e-8,4.97883441142e-8,8.94580054478e-9,3.22251669793e-9,2.28409557934e-9,1.70084324402e-9,1.93567561979e-9,3.70667030403e-9,5.59864110627e-9,4.89978457807e-9,1.1581369197e-9,4.50870146773e-10,4.13293343993e-10,4.43939329742e-10,3.25212246022e-10,3.00971025879e-10,2.40319653066e-10,1.80048628784e-10,5.29052669729e-11,2.30505978888e-11,9.20877436805e-12,5.85193352109e-12,3.63499443219e-12,1.13913370924e-12,5.139125887e-13,4.5183190414e-13,9.86016173224e-13,1.78510391148e-13,6.22498954849e-15,4.70381197236e-15],"max":[0.0263952426612,0.0568115524948,0.0387338250875,0.0194459892809,0.0228267423809,0.0192466098815,0.0126386201009,0.00711884349585,0.00979373510927,0.00999402534217,0.00518917106092,0.0102682532743,0.00198466703296,0.00112459505908,0.00189323606901,0.000870535441209,0.00104739191011,0.000988995772786,0.000960949808359,0.00173381785862,0.000592730415519,0.000417483010096,0.000333761185175,0.000576161546633,0.000368839828297,0.000631726637948,0.000378277909476,0.000483748706756,0.000170654471731,0.000118156975077,0.000107373911305,0.0000762825147831,0.0000291965934593,0.0000214606261579,0.000031275110814,0.0000136841599669,0.0000128147621581,0.00000500682472193,6.41697909032e-7,5.67605923152e-7],"mean":[0.00263154925779,0.00363079551607,0.00254825898446,0.00124511600006,0.000653643510304,0.000483225070639,0.000353015318979,0.000221677983063,0.000197651505005,0.000226451229537,0.0000956862932071,0.0000914965348784,0.0000554471334908,0.000033626685763,0.0000243750710069,0.0000195061475097,0.0000194354979612,0.0000278989591607,0.0000363705148629,0.0000274750200333,0.0000141329201142,0.0000105486205939,0.0000102950079963,0.00000964226364886,0.00000672953228786,0.00000402535169997,0.00000346460751643,0.00000297112956105,0.00000286161321128,0.00000244947432293,0.00000138227551361,9.30237547436e-7,0.00000101113005258,6.60336297642e-7,4.3905706093e-7,4.42904024567e-7,3.77296203169e-7,1.59505546549e-7,3.20629318651e-8,2.78502891859e-8],"median":[0.0017013491597,0.00250159786083,0.00155692663975,0.000700698641594,0.000255014747381,0.000161503558047,0.000108902109787,0.0000684950355208,0.0000460104638478,0.0000583209985052,0.0000444108591182,0.0000416300608777,0.0000306322908727,0.0000189418933587,0.0000125941842271,0.0000095403065643,0.00000812636244518,0.00000862027991388,0.0000103330330603,0.00000830280441733,0.00000480598555441,0.00000368668133888,0.00000319173727803,0.00000300113788398,0.00000162697392625,7.39349161449e-7,6.76023887536e-7,8.52894800119e-7,0.00000112868929136,0.00000110757537186,5.30717329639e-7,3.01145917092e-7,2.94387433541e-7,2.34925607856e-7,1.71161246953e-7,1.95879593434e-7,1.14083391622e-7,5.08952737732e-8,1.27265380456e-8,1.12576152844e-8],"min":[8.00901387825e-25,1.91625850969e-24,2.03069836399e-24,1.39785126886e-24,3.61276758689e-24,3.99784293802e-24,2.91184061234e-24,3.13656223512e-24,4.16986273587e-24,2.69688824301e-24,1.90660442993e-24,2.66921658018e-24,3.95159715074e-24,4.92800421415e-24,3.31014910516e-24,3.10022256866e-24,2.84015228593e-24,3.81916199868e-24,3.4361518854e-24,4.38408304228e-24,4.28724208313e-24,5.72462869397e-24,5.88633965752e-24,2.75174129162e-24,5.56671057366e-24,5.55261481258e-24,6.53286520632e-24,6.61463695003e-24,6.4936402811e-24,6.36372356748e-24,7.26006992648e-24,5.03936100283e-24,5.16516617341e-24,4.31358806521e-24,5.11084008388e-24,5.02449334135e-24,5.21649064719e-24,6.70597087121e-24,8.53246391242e-24,7.30508232973e-24],"var":[0.00000834949878481,0.0000152167594933,0.00000948572323978,0.00000287043599201,0.00000170228463503,0.00000117299248359,6.11680661677e-7,2.33727092791e-7,2.13197139942e-7,2.96739870009e-7,3.85505956046e-8,1.18928348058e-7,8.49522585611e-9,2.86368750935e-9,3.12248960022e-9,1.40830025419e-9,1.60693314211e-9,3.09369196927e-9,5.41143885258e-9,3.64813357301e-9,8.27779067514e-10,4.21869011946e-10,3.97430671706e-10,4.79695561051e-10,3.65700303373e-10,3.27204735528e-10,2.18702667087e-10,1.19278226185e-10,5.6218425748e-11,2.99136132531e-11,1.39579675942e-11,7.52631030415e-12,4.4890501906e-12,1.56593564071e-12,9.11169685709e-13,4.39391659992e-13,5.18500498613e-13,9.11834491376e-14,2.79689326271e-15,2.10063133304e-15]},"melbands_crest":{"dmean":3.61797904968,"dmean2":6.07660961151,"dvar":8.99127674103,"dvar2":25.641336441,"max":33.1777687073,"mean":15.7147541046,"median":15.2028274536,"min":1.00034356117,"var":24.0659217834},"melbands_flatness_db":{"dmean":0.0305497478694,"dmean2":0.0484796203673,"dvar":0.00066476513166,"dvar2":0.0017460178351,"max":0.4955111444,"mean":0.270466506481,"median":0.269150793552,"min":5.09092501488e-7,"var":0.00323306117207},"melbands_kurtosis":{"dmean":9.99519252777,"dmean2":16.3552818298,"dvar":168.436065674,"dvar2":450.494598389,"max":265.646820068,"mean":21.999168396,"median":16.3162689209,"min":-1.82559597492,"var":437.903930664},"melbands_skewness":{"dmean":0.817759156227,"dmean2":1.32013702393,"dvar":0.55653488636,"dvar2":1.47470188141,"max":12.9608488083,"mean":3.46702241898,"median":3.37305617332,"min":-3.10650396347,"var":2.71631217003},"melbands_spread":{"dmean":3.98847484589,"dmean2":6.31743955612,"dvar":39.1533164978,"dvar2":90.515586853,"max":278.900238037,"mean":12.7870607376,"median":9.01741600037,"min":0.765107393265,"var":283.771911621},"mfcc":{"cov":[[11898.7919922,1968.17199707,-676.387695312,794.229248047,-240.664627075,207.872283936,-480.71472168,244.093841553,-47.6036453247,149.067626953,-135.79725647,10.2518939972,-79.3994216919],[1968.17199707,1217.07836914,-50.8013420105,-53.5242500305,8.92420387268,71.4939041138,-66.0419387817,-30.2594718933,60.5932884216,41.8019485474,-19.0722427368,33.148109436,-48.9545173645],[-676.387695312,-50.8013420105,425.491821289,-152.097793579,26.0285129547,7.34277296066,137.646057129,-25.6689147949,-14.6458330154,-4.46855640411,-19.0922527313,63.3935775757,-62.4080429077],[794.229248047,-53.5242500305,-152.097793579,371.539886475,-52.4921836853,11.6281251907,-33.5107002258,94.3095779419,-54.2368507385,-19.5620498657,-18.4041252136,-29.2506828308,30.0077419281],[-240.664627075,8.92420387268,26.0285129547,-52.4921836853,147.675506592,-2.19073724747,44.2811927795,-16.6207542419,20.2810935974,-29.8342170715,-9.9130897522,-3.08695077896,9.70082187653],[207.872283936,71.4939041138,7.34277296066,11.6281251907,-2.19073724747,154.669296265,49.3987503052,44.8296775818,-12.9488458633,1.78655362129,-43.5424575806,25.1060714722,-24.1175537109],[-480.71472168,-66.0419387817,137.646057129,-33.5107002258,44.2811927795,49.3987503052,217.23210144,33.5525054932,-16.4957962036,-44.7770233154,-22.9709358215,18.6040210724,-19.7052688599],[244.093841553,-30.2594718933,-25.6689147949,94.3095779419,-16.6207542419,44.8296775818,33.5525054932,120.173698425,-22.9779834747,-7.2130279541,-16.9030704498,4.88146448135,-16.5780010223],[-47.6036453247,60.5932884216,-14.6458330154,-54.2368507385,20.2810935974,-12.9488458633,-16.4957962036,-22.9779834747,96.5057373047,33.4691619873,15.4231090546,-3.89452290535,10.9202766418],[149.067626953,41.8019485474,-4.46855640411,-19.5620498657,-29.8342170715,1.78655362129,-44.7770233154,-7.2130279541,33.4691619873,107.256393433,21.0584373474,33.4013061523,-24.9339694977],[-135.79725647,-19.0722427368,-19.0922527313,-18.4041252136,-9.9130897522,-43.5424575806,-22.9709358215,-16.9030704498,15.4231090546,21.0584373474,121.558029175,-16.1892795563,20.9299144745],[10.2518939972,33.148109436,63.3935775757,-29.2506828308,-3.08695077896,25.1060714722,18.6040210724,4.88146448135,-3.89452290535,33.4013061523,-16.1892795563,106.057846069,-32.0150375366],[-79.3994216919,-48.9545173645,-62.4080429077,30.0077419281,9.70082187653,-24.1175537109,-19.7052688599,-16.5780010223,10.9202766418,-24.9339694977,20.9299144745,-32.0150375366,93.9903182983]],"icov":[[0.000171381994733,-0.00027175876312,0.0000575409867452,-0.000299191829981,0.0000528795499122,-0.0000620229693595,0.000244624709012,-0.000170945408172,0.0000913515686989,-0.000115630100481,0.000114419643069,0.0000122517885757,0.0000741277981433],[-0.00027175876312,0.00137904123403,0.0000420437972934,0.000455395173049,-0.000160789524671,-0.000500081165228,-0.0000190663140529,0.000646273023449,-0.000802078749985,0.000418730167439,-0.000213977560634,-0.000248989585089,0.000536600069609],[0.0000575409867452,0.0000420437972934,0.00405647512525,0.00103494443465,0.000297481165035,0.000756567518692,-0.00228573731147,0.000810057274066,0.000775823253207,-0.0000596798454353,0.000289472052827,-0.00138464721385,0.00161854620092],[-0.000299191829981,0.000455395173049,0.00103494443465,0.00510877231136,0.000736986170523,0.000726907106582,-0.000255328806816,-0.00295901624486,0.00194897956681,-0.00016329040227,0.000663353130221,0.000418627867475,-0.00169928488322],[0.0000528795499122,-0.000160789524671,0.000297481165035,0.000736986170523,0.00846189167351,0.000336141471053,-0.00148542376701,0.000574808218516,-0.00219844002277,0.00248379493132,0.000671995221637,-0.000426146492828,-0.000454453169368],[-0.0000620229693595,-0.000500081165228,0.000756567518692,0.000726907106582,0.000336141471053,0.00913575757295,-0.00222475198098,-0.00264502945356,0.000927552348003,-0.00122334703337,0.00256189401262,-0.000913888274226,0.0000198899706447],[0.000244624709012,-0.0000190663140529,-0.00228573731147,-0.000255328806816,-0.00148542376701,-0.00222475198098,0.00833372678608,-0.0023885841947,-0.000519393535797,0.00295323948376,-0.000386229017749,-0.000465630902909,0.000440068863099],[-0.000170945408172,0.000646273023449,0.000810057274066,-0.00295901624486,0.000574808218516,-0.00264502945356,-0.0023885841947,0.0134068783373,-0.00018325613928,0.000566342205275,-0.000536329462193,-0.000417615112383,0.0029493891634],[0.0000913515686989,-0.000802078749985,0.000775823253207,0.00194897956681,-0.00219844002277,0.000927552348003,-0.000519393535797,-0.00018325613928,0.0151385776699,-0.00635231565684,0.000367036642274,0.00183062418364,-0.0030262186192],[-0.000115630100481,0.000418730167439,-0.0000596798454353,-0.00016329040227,0.00248379493132,-0.00122334703337,0.00295323948376,0.000566342205275,-0.00635231565684,0.0164098162204,-0.00314089446329,-0.00485852733254,0.00441748742014],[0.000114419643069,-0.000213977560634,0.000289472052827,0.000663353130221,0.000671995221637,0.00256189401262,-0.000386229017749,-0.000536329462193,0.000367036642274,-0.00314089446329,0.0103817768395,0.00146074604709,-0.00231206719764],[0.0000122517885757,-0.000248989585089,-0.00138464721385,0.000418627867475,-0.000426146492828,-0.000913888274226,-0.000465630902909,-0.000417615112383,0.00183062418364,-0.00485852733254,0.00146074604709,0.0128838624805,0.00102748651989],[0.0000741277981433,0.000536600069609,0.00161854620092,-0.00169928488322,-0.000454453169368,0.0000198899706447,0.000440068863099,0.0029493891634,-0.0030262186192,0.00441748742014,-0.00231206719764,0.00102748651989,0.0156515128911]],"mean":[-684.94140625,156.959838867,5.0243730545,32.8667373657,3.00929641724,19.1487007141,-3.99660944939,11.6518211365,2.76845312119,5.83474731445,-8.61205482483,4.24875450134,-7.53478956223]},"pitch_salience":{"dmean":0.0723107606173,"dmean2":0.120026290417,"dvar":0.00356969097629,"dvar2":0.0101274615154,"max":0.99609708786,"mean":0.564399898052,"median":0.570463418961,"min":0.174212604761,"var":0.00873515754938},"silence_rate_20dB":{"dmean":0,"dmean2":0,"dvar":0,"dvar2":0,"max":1,"mean":1,"median":1,"min":1,"var":0},"silence_rate_30dB":{"dmean":0.0323630608618,"dmean2":0.0647321417928,"dvar":0.0313155017793,"dvar2":0.0763605162501,"max":1,"mean":0.964199364185,"median":1,"min":0,"var":0.0345191545784},"silence_rate_60dB":{"dmean":0.001115967636,"dmean2":0.00223214295693,"dvar":0.00111487158574,"dvar2":0.00241302815266,"max":1,"mean":0.0788543820381,"median":0,"min":0,"var":0.0726364925504},"spectral_centroid":{"dmean":174.33895874,"dmean2":268.043701172,"dvar":55344.2890625,"dvar2":106531.132812,"max":11472.6435547,"mean":825.049499512,"median":650.23815918,"min":157.239822388,"var":598404.1875},"spectral_complexity":{"dmean":2.57137537003,"dmean2":4.06733608246,"dvar":7.08883142471,"dvar2":14.6699810028,"max":52,"mean":15.7791519165,"median":15,"min":0,"var":66.3735275269},"spectral_contrast_coeffs":{"dmean":[0.053093791008,0.0497245751321,0.0368816778064,0.0285555161536,0.022676974535,0.0407920144498],"dmean2":[0.0886417999864,0.0820332616568,0.0617392286658,0.0470244809985,0.0368771441281,0.063036672771],"dvar":[0.00174783926923,0.00153982115444,0.000833181140479,0.000524234317709,0.000351687282091,0.00120022008196],"dvar2":[0.00484759546816,0.00410811416805,0.00229320069775,0.00140354677569,0.000906060216948,0.00290104025044],"max":[-0.359328985214,-0.436935961246,-0.534719586372,-0.577402889729,-0.642982244492,-0.433672338724],"mean":[-0.650456786156,-0.759373426437,-0.79938685894,-0.808359622955,-0.818379163742,-0.736944437027],"median":[-0.649301469326,-0.767033934593,-0.806689739227,-0.817317008972,-0.819155395031,-0.741306185722],"min":[-0.970420718193,-0.996483325958,-0.998851418495,-0.987369060516,-0.988083720207,-0.964723289013],"var":[0.00660739839077,0.00527357263491,0.00317903910764,0.00266800378449,0.00178864959162,0.00509494263679]},"spectral_contrast_valleys":{"dmean":[0.367281556129,0.350339144468,0.279356390238,0.248162209988,0.273839116096,0.568185567856],"dmean2":[0.623008847237,0.572813987732,0.46164649725,0.40134319663,0.410589128733,0.898284256458],"dvar":[0.103429913521,0.0945686325431,0.0690533295274,0.0653310790658,0.0894034057856,0.246589675546],"dvar2":[0.262890398502,0.223360270262,0.155502796173,0.132817521691,0.177074924111,0.608394622803],"max":[-5.00167942047,-4.39771842957,-5.37994718552,-5.79990720749,-5.25866508484,-8.99811077118],"mean":[-6.83850765228,-6.76813364029,-7.26288414001,-7.88237285614,-8.13183021545,-11.2274360657],"median":[-6.47174453735,-6.49642515182,-6.95552015305,-7.57294273376,-7.84686183929,-10.9737110138],"min":[-27.7821769714,-27.7670631409,-27.6187381744,-27.6833248138,-27.4214057922,-27.3508358002],"var":[3.00219559669,2.70908069611,2.52465796471,2.48470616341,2.53151345253,2.00464105606]},"spectral_decrease":{"dmean":3.3519029774e-9,"dmean2":5.40511724267e-9,"dvar":1.38343087133e-17,"dvar2":3.67998824065e-17,"max":1.14387610495e-8,"mean":-7.47767892051e-9,"median":-6.33287422502e-9,"min":-5.40247313552e-8,"var":4.23127533303e-17},"spectral_energy":{"dmean":0.0135807497427,"dmean2":0.0215946454555,"dvar":0.000225290816161,"dvar2":0.000582801061682,"max":0.22967736423,"mean":0.0478826351464,"median":0.0445777922869,"min":1.03091188547e-20,"var":0.000888922368176},"spectral_energyband_high":{"dmean":0.000172985426616,"dmean2":0.00023153568327,"dvar":1.43199841318e-7,"dvar2":2.49019876719e-7,"max":0.0129306130111,"mean":0.000499892630614,"median":0.000254961196333,"min":7.19155994432e-21,"var":5.94950108734e-7},"spectral_energyband_low":{"dmean":0.00938519369811,"dmean2":0.0155381560326,"dvar":0.000131760010845,"dvar2":0.000366670428775,"max":0.185240998864,"mean":0.0204017572105,"median":0.0161619652063,"min":1.02645074263e-23,"var":0.000316762190778},"spectral_energyband_middle_high":{"dmean":0.000938883982599,"dmean2":0.00141838320997,"dvar":0.00000259169246419,"dvar2":0.00000541724102732,"max":0.070645801723,"mean":0.00302934180945,"median":0.00198503420688,"min":1.25948648603e-21,"var":0.0000145640988194},"spectral_energyband_middle_low":{"dmean":0.0068924035877,"dmean2":0.0107012232766,"dvar":0.0000822833171696,"dvar2":0.000195553453523,"max":0.148145839572,"mean":0.0169714875519,"median":0.0125453416258,"min":1.52072149822e-22,"var":0.000251199089689},"spectral_entropy":{"dmean":0.191169440746,"dmean2":0.295469015837,"dvar":0.0289675332606,"dvar2":0.0686824247241,"max":9.82495212555,"mean":7.34172677994,"median":7.34379768372,"min":5.73940372467,"var":0.137346118689},"spectral_flux":{"dmean":0.0222566779703,"dmean2":0.0364397205412,"dvar":0.000465909542982,"dvar2":0.00119020137936,"max":0.334456562996,"mean":0.105477288365,"median":0.105805233121,"min":6.55047335818e-11,"var":0.00211331713945},"spectral_kurtosis":{"dmean":2.87247753143,"dmean2":4.35336208344,"dvar":9.88047027588,"dvar2":24.1468925476,"max":58.5599822998,"mean":13.5236930847,"median":12.6623039246,"min":-1.24109959602,"var":32.8840866089},"spectral_rms":{"dmean":0.00091987522319,"dmean2":0.00145596184302,"dvar":7.6549804362e-7,"dvar2":0.00000197930739887,"max":0.0149691514671,"mean":0.00636112364009,"median":0.00659473519772,"min":3.17138394539e-12,"var":0.00000625081611361},"spectral_rolloff":{"dmean":5129.47216797,"dmean2":9972.41894531,"dvar":69970392,"dvar2":170263392,"max":22028.4667969,"mean":14093.9033203,"median":21748.5351562,"min":86.1328125,"var":95792096},"spectral_skewness":{"dmean":0.262143611908,"dmean2":0.387874275446,"dvar":0.0669441819191,"dvar2":0.150766894221,"max":5.79066991806,"mean":2.56977391243,"median":2.54208493233,"min":-0.0601645223796,"var":0.396602004766},"spectral_spread":{"dmean":517505.59375,"dmean2":772029.6875,"dvar":423379009536,"dvar2":883274809344,"max":41933880,"mean":4454727.5,"median":4184683.5,"min":1793601.75,"var":4260120231940},"spectral_strongpeak":{"dmean":8.51787471771,"dmean2":15.6216106415,"dvar":548.893920898,"dvar2":1430.76806641,"max":221.203689575,"mean":7.33071470261,"median":0.434971868992,"min":0,"var":552.192871094},"zerocrossingrate":{"dmean":0.0441397987306,"dmean2":0.0579618737102,"dvar":0.00133617944084,"dvar2":0.00230591488071,"max":0.8095703125,"mean":0.293960899115,"median":0.2802734375,"min":0.01806640625,"var":0.0101327877492}},"metadata":{"audio_properties":{"analysis_sample_rate":44100,"bit_rate":166553,"codec":"mp3","downmix":"mix","equal_loudness":0,"length":249.678359985,"lossless":false,"md5_encoded":"c4209e9a82cfa2717fb583d5507cd573","replay_gain":-0.338153839111},"tags":{"album":["We Can't Dance"],"albumartist":["Genesis"],"albumartistsort":["Genesis"],"artist":["Genesis"],"artistsort":["Genesis"],"date":["1991-11-12"],"discnumber":["1/1"],"file_name":"11 - Since I Lost You.mp3","mp3gain_album_minmax":["000,191"],"mp3gain_minmax":["000,190"],"mp3gain_undo":["+004,+004,N"],"musicbrainz album release country":["US"],"musicbrainz album type":["album"],"musicbrainz_albumartistid":["8e3fcd7d-bda1-4ca0-b987-b8528d2ee74e"],"musicbrainz_albumid":["e5d7e6c9-6063-478e-a0de-a45294605f9d"],"musicbrainz_artistid":["8e3fcd7d-bda1-4ca0-b987-b8528d2ee74e"],"musicbrainz_recordingid":["44b6f41e-d277-4887-8658-eee7391b0f5e"],"musicbrainz_releasegroupid":["1f94530c-4206-3c2f-a3e8-8f9bed86590e"],"performer:background vocals":["Mike Rutherford","Tony Banks"],"performer:bass guitar and guitars":["Mike Rutherford"],"performer:drums and percussion":["Phil Collins"],"performer:keyboard":["Tony Banks"],"performer:lead vocals":["Phil Collins"],"title":["Since I Lost You"],"tracknumber":["11/12"]},"version":{"essentia":"2.1-beta1","essentia_build_sha":"0a826ad6289770054bb7564d59068f1232327ff9","essentia_git_sha":"v2.1_beta1-5-gf9dded9","extractor":"music 1.0"}},"rhythm":{"beats_count":566,"beats_loudness":{"dmean":0.0315983891487,"dmean2":0.0577667504549,"dvar":0.000752899853978,"dvar2":0.00241143535823,"max":0.176590874791,"mean":0.0580269023776,"median":0.0544691681862,"min":4.99713870283e-9,"var":0.00120320753194},"beats_loudness_band_ratio":{"dmean":[0.184406906366,0.122258886695,0.0705635547638,0.0279589723796,0.0245450921357,0.116656571627],"dmean2":[0.315647125244,0.221511602402,0.116904444993,0.0481926277