{"lowlevel":{"average_loudness":0.959016263485,"barkbands":{"dmean":[0.00000524855886397,0.00149567122571,0.00122633611318,0.00167010340374,0.00158690894023,0.00147451029625,0.00167261541355,0.00179228594061,0.000936880183872,0.000439521711087,0.000241724905209,0.000461460003862,0.000396481656935,0.000663581013214,0.000873645709362,0.000448764942121,0.000573481433094,0.000582154723816,0.000196714347112,0.0000423497622251,0.000014182907762,0.0000075353336797,0.000007882893442,0.0000053520379879,5.25712778199e-7,2.19300311244e-8,2.15918505297e-9],"dmean2":[0.00000928922781895,0.00254745432176,0.00208628620021,0.0029558960814,0.00270926766098,0.00233266851865,0.00261904601939,0.00270725670271,0.00144970754627,0.000690589193255,0.000377078773454,0.000706999038812,0.000622423831373,0.00104576989543,0.00137778185308,0.000714218069334,0.000894081254955,0.000917408324312,0.000310217117658,0.000066116808739,0.0000229541965382,0.0000119299156722,0.0000119998085211,0.00000808231379779,8.08889751625e-7,3.44089734483e-8,3.75156572474e-9],"dvar":[5.83778858587e-11,0.00000311997200697,0.00000184598468422,0.00000810679193819,0.00000430883210356,0.00000549881224288,0.00000926736174733,0.0000141801529026,0.0000047198577704,0.00000170098041963,8.30318867884e-7,0.00000164244920597,0.00000163514857832,0.00000200411363949,0.00000197401186597,6.80738821757e-7,0.00000108418464606,8.6026449253e-7,1.05789460747e-7,3.2528422178e-9,3.95138088916e-10,8.62385371447e-11,2.46940773385e-10,3.97065297308e-10,1.45785000825e-12,1.97131333067e-15,4.63300511009e-18],"dvar2":[1.65316343947e-10,0.00000887298756425,0.00000526759822606,0.0000221415666601,0.0000111736380859,0.0000124186180983,0.0000201980074053,0.0000277534527413,0.000010073887097,0.00000355091265192,0.00000177906576937,0.00000326016447616,0.00000339754296874,0.00000437860899183,0.00000436668551629,0.00000146444017446,0.00000232652655541,0.00000189743536794,2.51127801221e-7,7.39725436461e-9,9.97513294188e-10,2.06956826676e-10,5.19204290672e-10,8.1096640514e-10,3.45688213298e-12,4.2954086841e-15,1.34820182807e-17],"max":[0.000198858964723,0.0222606174648,0.0174381136894,0.0290904864669,0.0254302043468,0.0386743731797,0.067148193717,0.0841239988804,0.0561025254428,0.0552573315799,0.0546273216605,0.0415479429066,0.0573522411287,0.0369916632771,0.031341150403,0.0258492510766,0.0288934223354,0.0238151662052,0.00959318131208,0.00206675007939,0.000699841126334,0.000166304933373,0.00071702915011,0.000903661479242,0.0000357516328222,0.00000249802860708,5.97549956183e-8],"mean":[0.00000578095887249,0.00257314532064,0.00223391014151,0.00156150094699,0.00222169677727,0.00315217953175,0.00334935751744,0.00414568418637,0.00165115576237,0.00070750026498,0.000382270314731,0.000837244675495,0.000672970723826,0.00119674927555,0.00184735062066,0.000881747575477,0.00125792634208,0.00131600617897,0.000437255133875,0.0000992716231849,0.0000338779136655,0.0000184114724107,0.00001898802293,0.0000113999185487,0.00000129005525196,7.05015636981e-8,5.13334752483e-9],"median":[0.00000376464322471,0.00186856579967,0.00168180197943,0.00065192731563,0.00131813739426,0.00127565884031,0.00119303050451,0.000782124116085,0.000485276308609,0.000324577908032,0.000159983959747,0.000404658814659,0.000318404432619,0.00069626129698,0.00122492085211,0.000564667396247,0.000737082969863,0.000902022584341,0.000311973970383,0.0000757669331506,0.0000271725366474,0.0000147444206959,0.0000112092620839,0.00000466264827992,8.03555053608e-7,5.33181818696e-8,4.62568872095e-9],"min":[2.73462419327e-23,3.89379754888e-23,7.07954447257e-23,1.10134685358e-23,8.0552720112e-23,9.4259752631e-23,9.90013178532e-23,7.93634696989e-24,4.6464159753e-23,5.78095636028e-23,4.11859734777e-23,7.37925040095e-23,9.63363816323e-23,1.95432274442e-22,8.25392738197e-23,1.2712730777e-22,1.61635390669e-22,2.77879396686e-22,2.87155340702e-22,2.69453983565e-22,3.16679488755e-22,6.42333917448e-22,4.69689398556e-22,8.44194916018e-22,1.19205389855e-21,1.610264885e-21,2.493346327e-21],"var":[5.05740345436e-11,0.00000603442504143,0.00000411822838942,0.00000637451239527,0.00000649967614663,0.0000220309393626,0.0000321142106259,0.0000573170909774,0.0000114855811262,0.00000283488407149,0.00000172998659309,0.00000353535142494,0.00000315481020152,0.00000400058888772,0.00000649694993626,0.000001793377578,0.00000461009904029,0.00000277567937701,2.62577430021e-7,8.58273896398e-9,9.49368916814e-10,2.29227428705e-10,1.31635669032e-9,1.48582579573e-9,3.31236015179e-12,8.82102652369e-15,6.75646252853e-18]},"barkbands_crest":{"dmean":2.3901245594,"dmean2":3.86123251915,"dvar":4.90028810501,"dvar2":12.0190639496,"max":24.7454166412,"mean":9.62457752228,"median":8.50574207306,"min":2.67153787613,"var":18.4362697601},"barkbands_flatness_db":{"dmean":0.0145115340129,"dmean2":0.0222926679999,"dvar":0.000167900405359,"dvar2":0.000388217857108,"max":0.452152937651,"mean":0.172035500407,"median":0.167139559984,"min":0.0678046792746,"var":0.00103620719165},"barkbands_kurtosis":{"dmean":1.02041506767,"dmean2":1.64954948425,"dvar":5.77483177185,"dvar2":18.3009777069,"max":111.194213867,"mean":0.559261202812,"median":-0.226531863213,"min":-1.89375865459,"var":14.4190826416},"barkbands_skewness":{"dmean":0.381123095751,"dmean2":0.593869030476,"dvar":0.150236308575,"dvar2":0.364836633205,"max":9.25753116608,"mean":0.681420624256,"median":0.737806558609,"min":-4.39185810089,"var":0.828798532486},"barkbands_spread":{"dmean":4.33522033691,"dmean2":6.77521944046,"dvar":22.3771686554,"dvar2":52.3012962341,"max":132.703170776,"mean":22.4599914551,"median":21.1081619263,"min":0.773476958275,"var":120.749343872},"dissonance":{"dmean":0.0143657522276,"dmean2":0.0239783991128,"dvar":0.000176981047844,"dvar2":0.000481655006297,"max":0.500000059605,"mean":0.4704002738,"median":0.474815517664,"min":0.267933517694,"var":0.00053769123042},"dynamic_complexity":2.05680704117,"erbbands":{"dmean":[0.0194853693247,0.409802287817,1.29721307755,3.37245559692,6.16538572311,5.05452346802,7.3287858963,13.5386753082,21.3917560577,30.2621364594,36.3966751099,20.8284053802,14.8763647079,10.5577449799,9.7109041214,19.1663780212,16.4670028687,28.6144104004,39.1837234497,38.2812309265,24.5844326019,29.1385040283,28.8461589813,19.6819801331,5.23215007782,1.80136990547,0.836141586304,0.392073392868,0.283395349979,0.242949157953,0.223508551717,0.153035640717,0.0653279721737,0.0114389108494,0.00154007028323,0.000197430388653,0.000028303338695,0.00000553672452952,0.00000310854670715,0.00000696013603374],"dmean2":[0.0332550406456,0.696546137333,2.17084908485,5.84566450119,11.0020036697,8.56460189819,12.0420808792,21.4831008911,33.913936615,46.0665626526,53.6148948669,31.9095439911,23.2295780182,16.4472846985,14.6445817947,29.1824016571,25.43683815,44.7994537354,60.5761909485,61.5047645569,38.5537796021,44.9336891174,45.2902030945,31.1250019073,8.20046138763,2.76614284515,1.33566689491,0.629491269588,0.451379150152,0.376518785954,0.339376330376,0.232383832335,0.0997467264533,0.0174495577812,0.00233783456497,0.000299191509839,0.0000442079799541,0.0000088681035777,0.00000477027060697,0.0000108407812149],"dvar":[0.000557004823349,0.231623902917,1.96245789528,24.7598762512,109.851356506,48.3430290222,132.394317627,550.303710938,1381.94470215,3712.05810547,6935.50585938,2350.75927734,1941.39160156,845.849182129,885.465881348,2700.57397461,2625.46069336,4324.22265625,6206.84619141,3658.6784668,2219.39794922,3175.45336914,2225.28466797,1066.45227051,51.680770874,5.87224817276,1.3094227314,0.2565343678,0.130706980824,0.121379166842,0.246295407414,0.214019477367,0.130107372999,0.00131809490267,0.0000145179592437,2.12153551615e-7,2.039518332e-9,5.1536001161e-11,1.08384924299e-11,5.48976836212e-11],"dvar2":[0.00156307010911,0.652711629868,5.34985160828,66.5683898926,299.131072998,123.552909851,315.981536865,1253.51550293,3217.17089844,7743.04345703,12839.9716797,4974.28759766,4221.57910156,1623.21179199,1710.39221191,5549.79345703,5253.43115234,9293.49023438,13125.7734375,8494.515625,4681.88476562,6812.34326172,4505.2578125,2547.24365234,125.126197815,12.6055755615,3.23458147049,0.629481732845,0.314255863428,0.272853791714,0.504864096642,0.412788689137,0.283974647522,0.00316236563958,0.0000329319300363,4.31953509406e-7,4.52413839724e-9,1.24674104374e-10,2.28091018295e-11,1.20052592867e-10],"max":[0.316968768835,5.96911382675,17.3505210876,50.5785675049,92.3001937866,126.527450562,267.502593994,398.958618164,766.256713867,1448.83862305,2298.42871094,1277.50866699,1942.70898438,1844.63671875,1695.70959473,1777.56005859,2155.8046875,2043.57946777,2201.32299805,1710.47741699,1704.61645508,1871.20422363,1700.99719238,779.399963379,209.102035522,93.2265548706,40.4150085449,11.5114736557,7.22971773148,14.5414562225,26.0016822815,20.2349796295,22.2241401672,1.97927343845,0.173101499677,0.024907996878,0.00142159627285,0.000226805670536,0.0000685964550939,0.000140653704875],"mean":[0.0296559110284,0.730393886566,2.63561582565,4.0690073967,6.12162208557,7.11535644531,12.5872879028,28.7197132111,46.6148490906,68.723449707,82.9617996216,40.3511505127,24.8019714355,19.2407913208,18.7613239288,36.0758934021,31.7964057922,55.8784179688,83.2499160767,82.0091323853,58.5033493042,70.0679168701,68.9572906494,45.4076347351,13.6209354401,4.72397613525,2.11410999298,0.936987578869,0.674773812294,0.604638516903,0.531414747238,0.327525407076,0.143910810351,0.0281657669693,0.00403494713828,0.00059553119354,0.00011100024858,0.0000237514523178,0.0000176700705197,0.000036652709241],"median":[0.0215479601175,0.528579711914,2.08960604668,2.21475172043,2.80875945091,4.16955804825,6.4628534317,10.998459816,17.2037315369,20.8338928223,21.3269958496,14.0762681961,11.3542842865,9.12924575806,9.00235939026,18.4129829407,17.033908844,34.8456192017,46.4245681763,61.9422073364,39.1839561462,43.9836654663,48.4248657227,30.6289291382,11.1383705139,3.80384588242,1.69815635681,0.769872188568,0.537625789642,0.456017673016,0.293259561062,0.144236773252,0.0533606521785,0.0154841868207,0.00270384130999,0.00041758158477,0.0000939695601119,0.0000216092266783,0.0000172157124325,0.0000356726523023],"min":[2.3224779947e-21,5.73393522686e-21,5.77675991814e-20,8.00828383071e-20,1.19101626348e-19,2.96432373422e-19,6.80703676477e-19,6.01877758498e-19,1.41056959189e-18,7.77817834017e-19,2.26882303736e-19,9.65687043041e-19,2.05384789514e-18,1.48178870526e-18,2.94574256933e-18,2.52076591513e-18,4.50743909311e-18,7.04149325119e-18,8.42562366916e-18,4.95422002146e-18,8.11398337338e-18,1.07524132491e-17,1.02311546327e-17,1.73602893242e-17,1.33944322615e-17,1.14709469969e-17,1.20524185716e-17,1.67728256532e-17,2.45332356368e-17,1.58760758424e-17,1.24594559531e-17,1.78577292748e-17,1.41317521082e-17,1.40892201355e-17,7.48436078806e-18,4.20074616457e-18,3.8563255283e-18,1.09712014871e-18,3.56323739439e-19,3.82025708025e-20],"var":[0.000806177966297,0.470840364695,5.07040643692,25.2729263306,86.8426971436,83.0710220337,346.22076416,2057.88012695,5416.17871094,14017.8779297,26381.6210938,5987.32568359,3187.76977539,2728.35522461,2369.74194336,5589.59765625,5265.52929688,8748.23339844,22741.0683594,8870.15234375,7526.578125,13879.8144531,8244.25976562,2975.82836914,137.94039917,16.8776836395,3.49903249741,0.68315500021,0.334113717079,0.3431686759,1.47091531754,0.692368924618,0.593980252743,0.00410919822752,0.0000303711622109,7.72097507706e-7,6.75679601159e-9,1.70677014188e-10,4.35671325405e-11,2.02873468025e-10]},"erbbands_crest":{"dmean":2.71732211113,"dmean2":4.31548690796,"dvar":7.32786607742,"dvar2":17.0501441956,"max":33.8293495178,"mean":11.0070610046,"median":9.64424037933,"min":2.22311615944,"var":29.8148593903},"erbbands_flatness_db":{"dmean":0.0128907840699,"dmean2":0.0195122472942,"dvar":0.000134878602694,"dvar2":0.000285220652586,"max":0.466418653727,"mean":0.232916042209,"median":0.231670558453,"min":0.0189020857215,"var":0.0013467578683},"erbbands_kurtosis":{"dmean":0.998394846916,"dmean2":1.58298873901,"dvar":4.89125585556,"dvar2":10.862071991,"max":93.839012146,"mean":0.454182714224,"median":-0.73511993885,"min":-1.72109019756,"var":17.8147945404},"erbbands_skewness":{"dmean":0.357100367546,"dmean2":0.54541426897,"dvar":0.130589142442,"dvar2":0.286222815514,"max":6.0841088295,"mean":-0.281566768885,"median":-0.258678972721,"min":-7.49599456787,"var":0.793699920177},"erbbands_spread":{"dmean":4.59018373489,"dmean2":7.22494220734,"dvar":20.6920127869,"dvar2":48.9195213318,"max":138.336669922,"mean":28.18608284,"median":28.3042602539,"min":1.83216524124,"var":154.816360474},"gfcc":{"cov":[[8176.60107422,1510.2947998,-1574.30627441,474.447143555,-259.693634033,-43.3914299011,-158.380889893,-139.472671509,136.741943359,-361.24432373,130.264877319,-257.858032227,64.4941635132],[1510.2947998,855.716003418,-161.151077271,-19.6954536438,17.3119392395,-121.301185608,73.9042510986,-139.241851807,33.8826904297,-46.8888130188,29.6065254211,-36.4660644531,0.965059697628],[-1574.30627441,-161.151077271,486.719696045,-26.8656902313,80.1218261719,25.8046207428,22.0742225647,5.38501501083,-33.3442230225,50.1987838745,-34.2705955505,61.104850769,-4.27046823502],[474.447143555,-19.6954536438,-26.8656902313,203.50894165,41.8359336853,31.7378292084,-61.7861366272,19.7034263611,0.858986496925,-27.637254715,2.30385041237,10.6637525558,29.087392807],[-259.693634033,17.3119392395,80.1218261719,41.8359336853,126.348991394,35.2525291443,8.20869636536,7.61386442184,-15.737569809,9.13071346283,-0.98881483078,25.0617427826,12.6458940506],[-43.3914299011,-121.301185608,25.8046207428,31.7378292084,35.2525291443,146.670166016,3.04773569107,38.3066139221,-15.5364255905,-32.1144447327,-2.47434973717,-10.6998319626,5.97977399826],[-158.380889893,73.9042510986,22.0742225647,-61.7861366272,8.20869636536,3.04773569107,115.100791931,13.1559152603,15.0768842697,31.3790493011,1.39427423477,-5.60812234879,-18.8421649933],[-139.472671509,-139.241851807,5.38501501083,19.7034263611,7.61386442184,38.3066139221,13.1559152603,116.306045532,27.5814819336,8.85492134094,-4.70204973221,-17.4964084625,-6.820707798],[136.741943359,33.8826904297,-33.3442230225,0.858986496925,-15.737569809,-15.5364255905,15.0768842697,27.5814819336,116.782936096,48.352684021,13.3078975677,-11.8860301971,-25.8559494019],[-361.24432373,-46.8888130188,50.1987838745,-27.637254715,9.13071346283,-32.1144447327,31.3790493011,8.85492134094,48.352684021,109.338531494,35.4742774963,21.730173111,-11.7275209427],[130.264877319,29.6065254211,-34.2705955505,2.30385041237,-0.98881483078,-2.47434973717,1.39427423477,-4.70204973221,13.3078975677,35.4742774963,80.1111297607,38.2677955627,5.56717157364],[-257.858032227,-36.4660644531,61.104850769,10.6637525558,25.0617427826,-10.6998319626,-5.60812234879,-17.4964084625,-11.8860301971,21.730173111,38.2677955627,99.5812988281,36.7165641785],[64.4941635132,0.965059697628,-4.27046823502,29.087392807,12.6458940506,5.97977399826,-18.8421649933,-6.820707798,-25.8559494019,-11.7275209427,5.56717157364,36.7165641785,67.3322982788]],"icov":[[0.00238697510213,-0.00406346982345,0.00522513315082,-0.00488208374009,0.00434761121869,-0.00316073163413,0.00193750357721,-0.000839731015731,-0.000230625402764,0.000965309271123,-0.000820816261694,0.000639416801278,-0.0000676243580529],[-0.00406346982345,0.0105790728703,-0.00905121397227,0.00789557769895,-0.0102523332462,0.00936466641724,-0.00754852965474,0.00593287032098,-0.00306477444246,0.00409125769511,-0.0034589599818,0.00331012462266,-0.0026452250313],[0.00522513315082,-0.00905121397227,0.0148742347956,-0.0102091068402,0.00850871391594,-0.00819620117545,0.00484035769477,-0.00226215831935,0.00114397460129,-0.000933440052904,0.0023043951951,-0.00226903567091,0.00205724290572],[-0.00488208374009,0.00789557769895,-0.0102091068402,0.0174029432237,-0.0114093171433,0.00546090072021,0.000257530307863,0.00000704473859514,-0.000662468664814,-0.00127429270651,0.00182665337343,-0.00182389351539,-0.00150457408745],[0.00434761121869,-0.0102523332462,0.00850871391594,-0.0114093171433,0.0211760271341,-0.0111374361441,0.00499884737656,-0.00471805175766,0.00379693321884,-0.004695804324,0.00355738867074,-0.00420430721715,0.00202260375954],[-0.00316073163413,0.00936466641724,-0.00819620117545,0.00546090072021,-0.0111374361441,0.0181272607297,-0.00825922377408,0.00309370039031,-0.00338681042194,0.00932887848467,-0.00763797666878,0.0065273521468,-0.004105203785],[0.00193750357721,-0.00754852965474,0.00484035769477,0.000257530307863,0.00499884737656,-0.00825922377408,0.0184216015041,-0.00707863783464,0.0036106093321,-0.00862198416144,0.00596029032022,-0.00480506941676,0.00469294330105],[-0.000839731015731,0.00593287032098,-0.00226215831935,0.00000704473859514,-0.00471805175766,0.00309370039031,-0.00707863783464,0.0166045464575,-0.00651487708092,0.00552416406572,-0.00500987889245,0.00682747876272,-0.00396310910583],[-0.000230625402764,-0.00306477444246,0.00114397460129,-0.000662468664814,0.00379693321884,-0.00338681042194,0.0036106093321,-0.00651487708092,0.0165874008089,-0.012152469717,0.00596661167219,-0.00483865709975,0.00695988722146],[0.000965309271123,0.00409125769511,-0.000933440052904,-0.00127429270651,-0.004695804324,0.00932887848467,-0.00862198416144,0.00552416406572,-0.012152469717,0.0279595926404,-0.0166155435145,0.00810213852674,-0.00513280602172],[-0.000820816261694,-0.0034589599818,0.0023043951951,0.00182665337343,0.00355738867074,-0.00763797666878,0.00596029032022,-0.00500987889245,0.00596661167219,-0.0166155435145,0.0294144619256,-0.0170371308923,0.00761904614046],[0.000639416801278,0.00331012462266,-0.00226903567091,-0.00182389351539,-0.00420430721715,0.0065273521468,-0.00480506941676,0.00682747876272,-0.00483865709975,0.00810213852674,-0.0170371308923,0.0265378635377,-0.0139684192836],[-0.0000676243580529,-0.0026452250313,0.00205724290572,-0.00150457408745,0.00202260375954,-0.004105203785,0.00469294330105,-0.00396310910583,0.00695988722146,-0.00513280602172,0.00761904614046,-0.0139684192836,0.0253970753402]],"mean":[-22.8189239502,146.46496582,-169.182327271,38.7161216736,-41.8520240784,-4.24079370499,-39.6902198792,2.22827291489,1.23346483707,-12.8476142883,2.43193864822,-14.7313652039,-9.92779636383]},"hfc":{"dmean":4.71328401566,"dmean2":6.88629055023,"dvar":28.7716369629,"dvar2":53.1086235046,"max":113.209922791,"mean":26.6455364227,"median":25.6171302795,"min":1.22793082579e-16,"var":152.261138916},"melbands":{"dmean":[0.000302186846966,0.000598009442911,0.000671227520797,0.000376763404347,0.000243300004513,0.000304686458549,0.000325778877595,0.000344255357049,0.000282529479591,0.00012426415924,0.0000746563309804,0.0000450388506579,0.0000318130551022,0.0000468402031402,0.0000471311832371,0.0000401895085815,0.0000593064723944,0.0000696855495335,0.00006266215496,0.0000359195873898,0.0000339702128258,0.0000353370778612,0.0000319668470183,0.0000265241415036,0.0000172893469426,0.0000050178591664,0.00000255988834397,0.00000110134260467,6.57193027109e-7,3.39880017464e-7,2.25035037715e-7,1.76866151946e-7,1.50896951823e-7,1.46607163742e-7,1.4198431586e-7,1.25402010553e-7,9.09582169584e-8,5.7010492327e-8,2.08479331576e-8,6.71474165159e-9],"dmean2":[0.000519685971085,0.000993972062133,0.0011760822963,0.000650007044896,0.000401577999583,0.000483610143419,0.000513966195285,0.000523737980984,0.000413975591073,0.000193122439669,0.000116941999295,0.0000706309292582,0.0000488584846607,0.000071421796747,0.0000743756027077,0.0000619121783529,0.0000933950868784,0.00010798969015,0.000099978329672,0.0000578900690016,0.0000535946346645,0.0000546666633454,0.000050697952247,0.0000419483985752,0.0000275160837191,0.00000797779466666,0.00000400558292313,0.00000172744569227,0.00000105781066395,5.54609528081e-7,3.64373562434e-7,2.85806663669e-7,2.41600474737e-7,2.28596405805e-7,2.17846888972e-7,1.9325770495e-7,1.39494403584e-7,8.83208031155e-8,3.24669571228e-8,1.04117354738e-8],"dvar":[1.30415074295e-7,4.11785492815e-7,0.00000114285637665,2.88627802547e-7,1.23141575159e-7,2.56935578591e-7,3.08491593159e-7,4.40997894202e-7,4.00508014309e-7,8.35978326563e-8,4.9441489125e-8,1.52430317257e-8,1.08206013039e-8,2.01260590416e-8,1.78741892398e-8,2.15961399874e-8,1.77152230663e-8,2.27472689573e-8,1.17016591972e-8,3.03600766749e-9,4.36059011122e-9,4.60852600526e-9,3.12211478892e-9,2.46602471776e-9,8.71920702306e-10,5.53973915352e-11,1.20394675132e-11,2.22057376827e-12,7.72674838608e-13,2.58429291421e-13,9.71023934003e-14,5.54047672812e-14,3.59303210828e-14,5.68261021192e-14,9.40801459632e-14,1.36892491158e-13,1.05658957603e-13,1.09122482101e-13,1.56251625679e-14,1.78516428799e-16],"dvar2":[3.77529914886e-7,0.00000111544386527,0.00000310893597089,7.63797800118e-7,2.98839580637e-7,5.88466150475e-7,7.02408385678e-7,9.08973163405e-7,7.18300668723e-7,1.79156799618e-7,1.06134820044e-7,2.89603558912e-8,2.27992256185e-8,3.99031065967e-8,3.61616798727e-8,4.38686633686e-8,3.88024012921e-8,4.77504542573e-8,2.6349194826e-8,7.19937087723e-9,9.17240416953e-9,9.75888525545e-9,6.27059115743e-9,5.61084023687e-9,2.06428030225e-9,1.35375141652e-10,2.79612357573e-11,4.86056897855e-12,1.90104399236e-12,6.64752378577e-13,2.28629289979e-13,1.36041460215e-13,8.6388903843e-14,1.24585847823e-13,1.96718292697e-13,2.78844140703e-13,2.03128177256e-13,2.18248677594e-13,3.85952934109e-14,4.16095035641e-16],"max":[0.00459966249764,0.00763611542061,0.0102570625022,0.00650197546929,0.00703710829839,0.00857419334352,0.0101923681796,0.0143505493179,0.0187912657857,0.00746718142182,0.00948333367705,0.0068099014461,0.00473012542352,0.00628181174397,0.0045336461626,0.00777551298961,0.00435799686238,0.00410776305944,0.00299281370826,0.0012553097913,0.00258227507584,0.00230087712407,0.00225047999993,0.00157926185057,0.000711619853973,0.000254956394201,0.000100763674709,0.0000429507817898,0.0000200554404728,0.0000240318913711,0.00000972944781097,0.00000449147501058,0.00000387438967664,0.0000130023563543,0.0000174918568518,0.0000173081352841,0.0000144224932228,0.0000258134678006,0.000009227679584,4.39410001718e-7],"mean":[0.00049153692089,0.00129317562096,0.000784231873695,0.000463962758658,0.000420666649006,0.000669489614666,0.000711085391231,0.00080843444448,0.000625453598332,0.000222943199333,0.000117707066238,0.0000775191801949,0.0000548712450836,0.0000873703465913,0.0000844930618769,0.0000695534909028,0.000105679042463,0.000132411441882,0.000127231221995,0.0000736489964765,0.0000715454079909,0.0000758198293624,0.0000665009065415,0.0000569975563849,0.0000357928074664,0.0000111808094516,0.00000564943820791,0.00000248046103479,0.00000148415722379,7.37246239169e-7,4.69007915171e-7,3.75505493366e-7,3.50239332647e-7,3.29772348096e-7,3.13604772373e-7,2.64708603481e-7,1.75401169145e-7,1.19636453633e-7,4.32683187057e-8,1.58446642473e-8],"median":[0.000374808616471,0.00108168437146,0.000452639593277,0.000252653378993,0.000227312877541,0.000248924072366,0.00026232705568,0.000215043779463,0.000154699635459,0.0000689291846356,0.0000484723022964,0.0000350292466464,0.0000246106937993,0.0000392381989514,0.0000476209206681,0.0000314851422445,0.0000643115636194,0.0000637382108835,0.0000903434265638,0.000054507952882,0.0000428418570664,0.0000418464042014,0.0000439125869889,0.0000368915862055,0.0000223649458349,0.00000851512686495,0.00000421870208811,0.00000187613295566,0.00000112274085495,5.84189820074e-7,3.57932378847e-7,2.89088035288e-7,2.74939026212e-7,2.33677624806e-7,1.75345633124e-7,1.17906139963e-7,7.29793185883e-8,4.02211348671e-8,1.91087217161e-8,9.81813741419e-9],"min":[1.63846520455e-23,2.23644953861e-23,1.38153415435e-23,1.531687359e-23,2.12391868825e-23,1.56326830094e-23,2.18942601337e-23,6.92220474508e-24,1.7380962464e-24,7.05184377966e-24,1.00930145875e-23,5.75550668196e-24,7.02691814164e-24,1.02027711719e-23,6.13109124754e-24,1.02420430343e-23,1.33963112524e-23,1.60332855097e-23,5.56237972729e-24,7.71233650522e-24,9.24583635103e-24,1.19321254589e-23,9.5954500379e-24,1.12545972821e-23,1.43623850269e-23,1.15536915277e-23,8.28319412156e-24,7.31904280117e-24,7.78426642028e-24,7.0638147439e-24,1.09391586274e-23,1.55331508512e-23,1.02971402354e-23,8.26411394284e-24,5.94921778812e-24,9.93561632656e-24,1.06451138804e-23,9.12118370623e-24,1.14523457784e-23,1.22553462265e-23],"var":[2.13045709074e-7,0.00000107957760065,9.83819859357e-7,3.47620925822e-7,3.22790043583e-7,0.00000106595734906,0.00000121808648146,0.00000183081408522,0.00000152661550601,2.04951319915e-7,8.16230993905e-8,4.62936782242e-8,2.49540352826e-8,4.38667484559e-8,3.3244162978e-8,4.10857197153e-8,3.35465593082e-8,7.84713733992e-8,2.89907564621e-8,6.54655485377e-9,1.64218612042e-8,2.23220659734e-8,1.091284485e-8,7.45251771406e-9,2.32948926815e-9,1.32032954014e-10,2.85818122642e-11,5.80010432044e-12,2.08506324186e-12,5.25508076724e-13,2.74593471876e-13,1.20933753463e-13,9.15973771983e-14,1.44349850541e-13,4.57296798085e-13,6.62382854729e-13,2.89833912079e-13,5.82745874125e-13,4.80415437521e-14,4.48902951029e-16]},"melbands_crest":{"dmean":3.10575389862,"dmean2":5.08861637115,"dvar":7.68423748016,"dvar2":19.4555587769,"max":35.7606163025,"mean":12.9855737686,"median":12.2964954376,"min":2.04567909241,"var":24.3202514648},"melbands_flatness_db":{"dmean":0.0186974722892,"dmean2":0.0285608563572,"dvar":0.000299111386994,"dvar2":0.000678237294778,"max":0.506900429726,"mean":0.2087931633,"median":0.206234395504,"min":0.00667562149465,"var":0.00192695937585},"melbands_kurtosis":{"dmean":2.10057139397,"dmean2":3.41423106194,"dvar":21.9220085144,"dvar2":68.1795043945,"max":259.683410645,"mean":3.89679455757,"median":2.34480428696,"min":-1.93696165085,"var":74.1925125122},"melbands_skewness":{"dmean":0.43223208189,"dmean2":0.679642438889,"dvar":0.196832358837,"dvar2":0.495533287525,"max":11.8999290466,"mean":1.54488706589,"median":1.4979839325,"min":-2.82095193863,"var":1.11427354813},"melbands_spread":{"dmean":6.96362543106,"dmean2":10.9830780029,"dvar":61.6365776062,"dvar2":145.213394165,"max":150.044876099,"mean":30.5759544373,"median":26.890789032,"min":0.767537772655,"var":268.0831604},"mfcc":{"cov":[[4927.54736328,976.133544922,-485.942016602,183.658493042,26.7515525818,-60.1443977356,-116.32434845,83.8682098389,-81.2738494873,51.3188056946,-57.0982894897,-56.1302070618,-100.933631897],[976.133544922,960.056335449,-90.8291702271,95.3242263794,-76.8491363525,47.9930801392,-30.8942375183,-22.8176193237,-53.4516983032,3.87872982025,-3.38897156715,-17.1862678528,23.119386673],[-485.942016602,-90.8291702271,208.909988403,7.36007785797,35.6799926758,31.1293830872,8.51467704773,13.1625576019,13.096613884,-8.05407810211,-12.0652885437,5.39933633804,-8.69661140442],[183.658493042,95.3242263794,7.36007785797,160.510437012,31.9241313934,10.1101131439,-23.7874622345,-20.5356903076,11.1156244278,-27.9968032837,8.27960014343,2.53859138489,15.4100389481],[26.7515525818,-76.8491363525,35.6799926758,31.9241313934,162.713256836,19.2707176208,16.8628578186,28.5468139648,13.5732755661,-2.05671167374,-25.0393371582,-2.89044117928,-20.086101532],[-60.1443977356,47.9930801392,31.1293830872,10.1101131439,19.2707176208,95.3634796143,18.4354171753,9.25838947296,-4.26123046875,-8.38405799866,-5.02752876282,-5.91796302795,6.25642728806],[-116.32434845,-30.8942375183,8.51467704773,-23.7874622345,16.8628578186,18.4354171753,110.493530273,26.936624527,7.26972961426,-2.22137928009,-11.3470249176,-13.4762535095,-10.1197595596],[83.8682098389,-22.8176193237,13.1625576019,-20.5356903076,28.5468139648,9.25838947296,26.936624527,79.9687194824,18.1494140625,10.7642049789,-8.01483345032,-1.55888903141,-13.4818944931],[-81.2738494873,-53.4516983032,13.096613884,11.1156244278,13.5732755661,-4.26123046875,7.26972961426,18.1494140625,76.3583145142,24.9245853424,11.0756607056,-0.13574834168,0.614315986633],[51.3188056946,3.87872982025,-8.05407810211,-27.9968032837,-2.05671167374,-8.38405799866,-2.22137928009,10.7642049789,24.9245853424,105.050247192,32.1089859009,17.338262558,4.75715923309],[-57.0982894897,-3.38897156715,-12.0652885437,8.27960014343,-25.0393371582,-5.02752876282,-11.3470249176,-8.01483345032,11.0756607056,32.1089859009,96.1425628662,40.3009033203,20.73179245],[-56.1302070618,-17.1862678528,5.39933633804,2.53859138489,-2.89044117928,-5.91796302795,-13.4762535095,-1.55888903141,-0.13574834168,17.338262558,40.3009033203,93.5515975952,46.8765220642],[-100.933631897,23.119386673,-8.69661140442,15.4100389481,-20.086101532,6.25642728806,-10.1197595596,-13.4818944931,0.614315986633,4.75715923309,20.73179245,46.8765220642,87.2120666504]],"icov":[[0.000433432200225,-0.000315173092531,0.000943216087762,-0.000564400455914,-0.000124593352666,0.000155291796545,0.000414604524849,-0.000845867092721,0.000415662507294,-0.000384925078833,0.00039532588562,-0.000238999549765,0.000709028157871],[-0.000315173092531,0.00163670105394,-0.000113436974061,-0.000838222913444,0.000998514587991,-0.00103111355565,-0.000130056549096,0.000217527238419,0.000826118164696,-0.000514462415595,0.00016897743626,0.000402594334446,-0.000573684519622],[0.000943216087762,-0.000113436974061,0.00766036147252,-0.00167144683655,-0.00056524266256,-0.00180097401608,0.00106911768671,-0.00203819293529,0.000164575438248,-0.000638080586214,0.00176834163722,-0.00179167301394,0.0025652020704],[-0.000564400455914,-0.000838222913444,-0.00167144683655,0.00996230263263,-0.00293953274377,-0.000104490332888,0.00100414012559,0.00353673612699,-0.00368649489246,0.00403934950009,-0.00262314919382,0.00107476895209,-0.00251272157766],[-0.000124593352666,0.000998514587991,-0.00056524266256,-0.00293953274377,0.00861955061555,-0.00169047981035,-0.000723058008589,-0.00213050073944,0.0000185889293789,-0.0012064143084,0.00272288965061,-0.00176921940874,0.00211671669967],[0.000155291796545,-0.00103111355565,-0.00180097401608,-0.000104490332888,-0.00169047981035,0.0128307994455,-0.00171016610693,-0.00129009899683,0.00118967995513,0.000666865205858,-0.000910741800908,0.00191045296378,-0.00227085733786],[0.000414604524849,-0.000130056549096,0.00106911768671,0.00100414012559,-0.000723058008589,-0.00171016610693,0.0110761169344,-0.00349684036337,-0.000345155538525,0.000355310010491,0.000399120151997,0.00107710761949,0.000453540269518],[-0.000845867092721,0.000217527238419,-0.00203819293529,0.00353673612699,-0.00213050073944,-0.00129009899683,-0.00349684036337,0.0179325714707,-0.00469880457968,0.000371785572497,0.000224372910452,-0.00137155340053,0.000800159468781],[0.000415662507294,0.000826118164696,0.000164575438248,-0.00368649489246,0.0000185889293789,0.00118967995513,-0.000345155538525,-0.00469880457968,0.0175562575459,-0.00484295329079,-0.00088312709704,0.00208865199238,-0.000689841574058],[-0.000384925078833,-0.000514462415595,-0.000638080586214,0.00403934950009,-0.0012064143084,0.000666865205858,0.000355310010491,0.000371785572497,-0.00484295329079,0.013375448063,-0.00439791381359,-0.000608427042607,-0.000636451819446],[0.00039532588562,0.00016897743626,0.00176834163722,-0.00262314919382,0.00272288965061,-0.000910741800908,0.000399120151997,0.000224372910452,-0.00088312709704,-0.00439791381359,0.0157425254583,-0.00657740421593,0.00186522130389],[-0.000238999549765,0.000402594334446,-0.00179167301394,0.00107476895209,-0.00176921940874,0.00191045296378,0.00107710761949,-0.00137155340053,0.00208865199238,-0.000608427042607,-0.00657740421593,0.0188078433275,-0.00991065334529],[0.000709028157871,-0.000573684519622,0.0025652020704,-0.00251272157766,0.00211671669967,-0.00227085733786,0.000453540269518,0.000800159468781,-0.000689841574058,-0.000636451819446,0.00186522130389,-0.00991065334529,0.018888650462]],"mean":[-640.658325195,156.69744873,-47.9060516357,32.2514076233,14.9914569855,-2.8154027462,-15.8705749512,7.4850935936,-9.8399477005,9.1851234436,4.13231992722,3.76700592041,-1.69187164307]},"pitch_salience":{"dmean":0.067428804934,"dmean2":0.109439663589,"dvar":0.00358267617412,"dvar2":0.00906326808035,"max":0.96295183897,"mean":0.543373286724,"median":0.545245885849,"min":0.053973980248,"var":0.0120485024527},"silence_rate_20dB":{"dmean":0,"dmean2":0,"dvar":0,"dvar2":0,"max":1,"mean":1,"median":1,"min":1,"var":0},"silence_rate_30dB":{"dmean":0.000333305564709,"dmean2":0.000666666659527,"dvar":0.000333098229021,"dvar2":0.000999170588329,"max":1,"mean":0.999833345413,"median":1,"min":0,"var":0.000166585494298},"silence_rate_60dB":{"dmean":0.000166652782355,"dmean2":0.000333333329763,"dvar":0.000166597266798,"dvar2":0.000333222240442,"max":1,"mean":0.0182469580323,"median":0,"min":0,"var":0.0179139710963},"spectral_centroid":{"dmean":202.086654663,"dmean2":313.631774902,"dvar":47169.2539062,"dvar2":99642.1015625,"max":11525.5644531,"mean":1466.56140137,"median":1396.63110352,"min":359.951568604,"var":250060.546875},"spectral_complexity":{"dmean":3.77318549156,"dmean2":5.73516654968,"dvar":9.67214488983,"dvar2":21.3157691956,"max":47,"mean":27.585735321,"median":29,"min":0,"var":54.4748497009},"spectral_contrast_coeffs":{"dmean":[0.0581108741462,0.0526974052191,0.0374479405582,0.0309530943632,0.0227448157966,0.0165809262544],"dmean2":[0.0984961241484,0.0858857110143,0.0609307922423,0.0504578687251,0.0374094620347,0.0264196172357],"dvar":[0.00224012485705,0.00187157641631,0.000902439234778,0.00059138512006,0.000341747509083,0.000199792251806],"dvar2":[0.00619156379253,0.00481977220625,0.00229032128118,0.00154328660574,0.000883101602085,0.000489974278025],"max":[-0.346606940031,-0.351331114769,-0.503924250603,-0.587615132332,-0.533133804798,-0.65281188488],"mean":[-0.653748869896,-0.701253652573,-0.791144371033,-0.769498944283,-0.726409554482,-0.745374143124],"median":[-0.656637847424,-0.705680370331,-0.799695372581,-0.77240562439,-0.727034151554,-0.742347121239],"min":[-0.96845895052,-0.986578285694,-0.994892895222,-0.984135746956,-0.961669027805,-0.960791528225],"var":[0.00566065963358,0.00875124149024,0.00342734111473,0.00215830327943,0.00187478016596,0.00126022193581]},"spectral_contrast_valleys":{"dmean":[0.441946744919,0.378602206707,0.310378879309,0.242111071944,0.229002505541,0.216914638877],"dmean2":[0.739365160465,0.626671671867,0.505925118923,0.384947866201,0.345533907413,0.31093275547],"dvar":[0.138077825308,0.110000327229,0.0778639316559,0.0527798458934,0.0575256124139,0.0560177788138],"dvar2":[0.33342179656,0.257676482201,0.17046085,0.103348493576,0.0996457189322,0.0917692035437],"max":[-5.74290561676,-4.79334974289,-5.29757261276,-5.66556024551,-6.12902164459,-9.48135185242],"mean":[-7.26705360413,-6.3684463501,-7.0816526413,-6.93736410141,-7.41656780243,-11.2189474106],"median":[-7.09427690506,-6.21985435486,-6.94263887405,-6.77406406403,-7.2429394722,-11.1126995087],"min":[-27.1402397156,-27.6882209778,-27.3739318848,-27.248840332,-27.2704906464,-27.2238349915],"var":[1.04683828354,1.11273086071,1.06622731686,1.10939538479,0.981693387032,0.617924392223]},"spectral_decrease":{"dmean":1.56191470868e-9,"dmean2":2.46214226785e-9,"dvar":2.73227889289e-18,"dvar2":6.21534082413e-18,"max":3.97650709043e-23,"mean":-7.47114992095e-9,"median":-7.1836709914e-9,"min":-2.83460330763e-8,"var":9.57438976999e-18},"spectral_energy":{"dmean":0.00614468427375,"dmean2":0.00964165199548,"dvar":0.0000425370053563,"dvar2":0.000095171322755,"max":0.117221958935,"mean":0.0306148398668,"median":0.0295875556767,"min":1.07494519748e-20,"var":0.00015225437528},"spectral_energyband_high":{"dmean":0.0000379344164685,"dmean2":0.0000580876367167,"dvar":2.07317696344e-9,"dvar2":4.63633265113e-9,"max":0.00098715769127,"mean":0.000121080265671,"median":0.000100639255834,"min":7.28524137987e-21,"var":8.76591421672e-9},"spectral_energyband_low":{"dmean":0.0025025208015,"dmean2":0.00421180902049,"dvar":0.00000714357656761,"dvar2":0.0000196254150069,"max":0.0288275890052,"mean":0.00561656849459,"median":0.00525619182736,"min":1.36199738295e-22,"var":0.0000148359258674},"spectral_energyband_middle_high":{"dmean":0.00223027472384,"dmean2":0.00325819593854,"dvar":0.00000869410359883,"dvar2":0.000015225651623,"max":0.087321460247,"mean":0.00944429449737,"median":0.00800464488566,"min":1.51684658821e-21,"var":0.0000433254099335},"spectral_energyband_middle_low":{"dmean":0.00543202925473,"dmean2":0.00864372123033,"dvar":0.0000354653057002,"dvar2":0.0000849905336509,"max":0.0946174189448,"mean":0.0163584779948,"median":0.0149116339162,"min":3.65403501498e-22,"var":0.000114470982226},"spectral_entropy":{"dmean":0.104682065547,"dmean2":0.156971216202,"dvar":0.00955991912633,"dvar2":0.0195743720978,"max":9.81342124939,"mean":7.32364654541,"median":7.35262966156,"min":4.63435316086,"var":0.0971646532416},"spectral_flux":{"dmean":0.0229772944003,"dmean2":0.0357792265713,"dvar":0.000474449305329,"dvar2":0.00107520003803,"max":0.288235604763,"mean":0.0929942056537,"median":0.089522510767,"min":1.03679564933e-10,"var":0.00131980306469},"spectral_kurtosis":{"dmean":3.49875378609,"dmean2":6.22078990936,"dvar":8.68437004089,"dvar2":26.1086349487,"max":37.7668266296,"mean":7.27901077271,"median":6.68391036987,"min":-1.19759273529,"var":13.119594574},"spectral_rms":{"dmean":0.000533905578777,"dmean2":0.000834238075186,"dvar":2.73019281849e-7,"dvar2":6.09630887993e-7,"max":0.010694058612,"mean":0.00532797910273,"median":0.00537270028144,"min":3.23840542056e-12,"var":0.00000148066726524},"spectral_rolloff":{"dmean":391.02255249,"dmean2":654.683166504,"dvar":765303.1875,"dvar2":1972854.125,"max":19767.4804688,"mean":1778.34631348,"median":1765.72265625,"min":21.533203125,"var":1239319},"spectral_skewness":{"dmean":0.316526591778,"dmean2":0.555128395557,"dvar":0.0681532099843,"dvar2":0.200714096427,"max":4.18578004837,"mean":1.50796031952,"median":1.4547317028,"min":-0.0502193756402,"var":0.136051982641},"spectral_spread":{"dmean":175206.75,"dmean2":283324.3125,"dvar":96175464448,"dvar2":143645900800,"max":40092808,"mean":2483649.75,"median":2311953.5,"min":1161490.25,"var":2017519206400},"spectral_strongpeak":{"dmean":0.954529643059,"dmean2":1.60405957699,"dvar":2.17707109451,"dvar2":5.25751113892,"max":18.0408039093,"mean":2.12912034988,"median":1.55421304703,"min":0,"var":5.80699777603},"zerocrossingrate":{"dmean":0.00608246028423,"dmean2":0.00743326824158,"dvar":0.0000677234202158,"dvar2":0.000107162864879,"max":0.5185546875,"mean":0.0569722354412,"median":0.05224609375,"min":0.00732421875,"var":0.000614337157458}},"metadata":{"audio_properties":{"analysis_sample_rate":44100,"bit_rate":214823,"codec":"mp3","downmix":"mix","equal_loudness":0,"length":278.648162842,"lossless":false,"md5_encoded":"6c1ef5c12658f8347cda9aaa83a7c043","replay_gain":-11.3288040161,"sample_rate":44100},"tags":{"acoustid_id":["30392f34-139f-4652-96eb-bee74aa79b4f"],"album":["White Light/White Heat"],"albumartist":["The Velvet Underground"],"albumartistsort":["Velvet Underground, The"],"artist":["The Velvet Underground"],"artists":["The Velvet Underground"],"artistsort":["Velvet Underground, The"],"asin":["B001KNVJ8S"],"barcode":["4988005545930"],"catalognumber":["UICY-93896"],"composer":["Lou Reed"],"date":["2009-01-21"],"file_name":"05 - I Heard Her Call My Name.mp3","isrc":["USF096700370"],"label":["Verve"],"language":["eng"],"lyricist":["Lou Reed"],"media":["SHM-CD"],"musicbrainz album release country":["JP"],"musicbrainz album status":["official"],"musicbrainz album type":["album"],"musicbrainz release track id":["fb93329c-e99c-3d5f-ac09-7908fd3dd3de"],"musicbrainz_albumartistid":["94b0fb9d-a066-4823-b2ec-af1d324bcfcf"],"musicbrainz_albumid":["f40924ad-b34c-45c2-9b4a-5ece4913fbd6"],"musicbrainz_artistid":["94b0fb9d-a066-4823-b2ec-af1d324bcfcf"],"musicbrainz_recordingid":["44ca957f-73f7-49ef-b5b6-95832fa4f815"],"musicbrainz_releasegroupid":["fc0885e0-0284-3f9d-81ee-17c5e7196346"],"musicbrainz_workid":["1f073294-2cdc-49f5-ae79-76f5586027d4"],"originaldate":["1968"],"script":["Latn"],"title":["I Heard Her Call My Name"],"tracknumber":["5/6"],"work":["I Heard Her Call My Name"]},"version":{"essentia":"2.1-beta1","essentia_build_sha":"65e368e5454dd45657e4cc002e00185f437e13e1","essentia_git_sha":"v2.1_beta1-28-g21ef5f4","extractor":"music 1.0"}},"rhythm":{"beats_count":664,"beats_loudness":{"dmean":0.0109827918932,"dmean2":