{"lowlevel":{"average_loudness":0.850122094154,"barkbands":{"dmean":[0.00189847126603,0.00842216704041,0.00360292382538,0.00176817632746,0.00192772049922,0.00220789783634,0.00217187870294,0.000836350722238,0.00131198612507,0.000922922510654,0.000662642298266,0.000604194239713,0.000326250737999,0.000234898063354,0.000188363410416,0.000115947812446,0.0000963749553193,0.0000710353342583,0.0000505487114424,0.0000331478076987,0.0000229557390412,0.0000128999226945,0.00000737693153496,0.0000040607160372,0.00000281814550362,0.0000167487687577,0.000107098872832],"dmean2":[0.00318709458224,0.0141465263441,0.0062384866178,0.00296296062879,0.00321853952482,0.00358273671009,0.00335675221868,0.00133297801949,0.00201281090267,0.00146539707202,0.0010545932455,0.001004349906,0.000548295443878,0.000396621035179,0.000313586380798,0.000192529085325,0.00015651465219,0.000110600354674,0.0000780592599767,0.0000491304235766,0.0000335704680765,0.0000188477370102,0.0000112702791739,0.00000656568909108,0.00000468049665869,0.0000256634448306,0.000154542984092],"dvar":[0.0000113053256428,0.00011714368884,0.000023402431907,0.00000625413531452,0.0000103303436845,0.0000149351053551,0.0000187262703548,0.00000313294890475,0.0000110488890641,0.0000053075100368,0.00000348215939994,8.99877704796e-7,2.22020943852e-7,1.02800491675e-7,7.15169505838e-8,2.81272463099e-8,2.39793749301e-8,1.96136156205e-8,1.1814345946e-8,6.91507207051e-9,3.1920455168e-9,1.12582676515e-9,2.81054596263e-10,4.5801855364e-11,1.9165216289e-11,2.37262187675e-9,2.68321826979e-8],"dvar2":[0.0000277126164292,0.000322862411849,0.0000692387620802,0.0000177286274265,0.0000260840897681,0.0000383065125789,0.0000403133271902,0.00000679654567648,0.0000200235772354,0.0000118112138807,0.00000691104196449,0.00000230767432186,5.96207939907e-7,2.79719756691e-7,1.82258531822e-7,7.40004963973e-8,5.87233479621e-8,4.28446327305e-8,2.44438176367e-8,1.31168729212e-8,6.32868157879e-9,2.25287433153e-9,6.20565987486e-10,1.08437432644e-10,4.72675960872e-11,5.59468604777e-9,4.91743925579e-8],"max":[0.0572335422039,0.181410208344,0.057692527771,0.039299171418,0.0752354711294,0.085424490273,0.0853731557727,0.0467048212886,0.0816025435925,0.0699513405561,0.0722398385406,0.0293224453926,0.00801758747548,0.00544998655096,0.0109468791634,0.00514472415671,0.00327682355419,0.00442647468299,0.00408753147349,0.00277085183188,0.00281166424975,0.00148473749869,0.000432451721281,0.000143100201967,0.0000492380604555,0.00110666838009,0.00495152501389],"mean":[0.0022398091387,0.0149337155744,0.00502271158621,0.00265313871205,0.00316887605004,0.00378745701164,0.00419906759635,0.00130655430257,0.0021033375524,0.00141853489913,0.0010790588567,0.00111679453403,0.000586895446759,0.000475300214021,0.000383152626455,0.000235981176957,0.000197880232008,0.000147781713167,0.000102601035906,0.0000732864573365,0.0000513253944519,0.0000257393512584,0.0000100285715234,0.00000461539048047,0.00000281553479908,0.0000208774399653,0.000387709587812],"median":[0.00116163445637,0.0118603054434,0.00324110686779,0.00162978540175,0.00194758735597,0.00195078400429,0.0015737710055,0.000635248143226,0.000802977883723,0.000690749089699,0.000537430052646,0.000751666957512,0.000412821624195,0.000334117794409,0.000277069455478,0.000172287982423,0.000132438493893,0.000089108463726,0.0000555222140974,0.000038128815504,0.00002875411883,0.0000137588958751,0.00000436823211203,0.00000200622798729,0.00000107817390926,0.00000668781558488,0.000262512738118],"min":[2.75857815187e-24,1.03788962019e-23,3.0616007276e-24,4.88156673368e-24,9.76308771342e-24,9.17795092584e-24,7.0247921615e-24,1.17777477464e-23,2.78224804166e-23,3.2539527842e-23,2.55739286473e-23,4.61726819594e-23,3.97387450382e-23,1.86255045324e-23,5.78737768805e-23,8.11099903881e-23,8.09575509068e-23,8.85337205534e-23,1.41493386244e-22,1.71903494512e-22,3.26942783702e-22,2.81282681471e-22,4.76350413822e-22,6.1228429968e-22,9.76787010377e-22,1.38567999706e-21,1.97069884048e-21],"var":[0.0000133625007948,0.000186855264474,0.000030668637919,0.0000100158440546,0.0000163638778758,0.0000317140766128,0.0000799385816208,0.0000073531336966,0.0000265814705926,0.0000090560542958,0.00000928707049752,0.00000229191459766,3.91312227066e-7,2.44475444333e-7,1.62404816706e-7,5.61916984054e-8,5.95460036834e-8,4.78789345948e-8,3.08817256212e-8,2.0928395017e-8,1.00398738212e-8,3.06214409385e-9,4.06458866564e-10,5.39673306044e-11,2.11750617041e-11,2.52880960616e-9,1.69373663539e-7]},"barkbands_crest":{"dmean":2.84271740913,"dmean2":4.7100520134,"dvar":5.81509494781,"dvar2":15.8653793335,"max":23.6202163696,"mean":10.2294034958,"median":9.65125751495,"min":2.61608338356,"var":13.710360527},"barkbands_flatness_db":{"dmean":0.0251375697553,"dmean2":0.0401576161385,"dvar":0.000476771063404,"dvar2":0.00124043331016,"max":0.36405134201,"mean":0.150521919131,"median":0.146502733231,"min":0.0235043950379,"var":0.00188141106628},"barkbands_kurtosis":{"dmean":3.73793697357,"dmean2":6.15444803238,"dvar":32.236869812,"dvar2":84.0631790161,"max":136.385574341,"mean":7.40848016739,"median":5.5274682045,"min":-1.61122179031,"var":55.0646057129},"barkbands_skewness":{"dmean":0.556831777096,"dmean2":0.898829519749,"dvar":0.31072884798,"dvar2":0.793212711811,"max":9.45190429688,"mean":2.0388674736,"median":1.9319447279,"min":-2.44888949394,"var":0.939858317375},"barkbands_spread":{"dmean":4.24948644638,"dmean2":6.71778583527,"dvar":21.6385631561,"dvar2":49.578666687,"max":103.502586365,"mean":17.8767108917,"median":15.642747879,"min":1.11768937111,"var":102.087882996},"dissonance":{"dmean":0.021272206679,"dmean2":0.0360467247665,"dvar":0.000473035062896,"dvar2":0.00131681771018,"max":0.500000119209,"mean":0.464592725039,"median":0.471397638321,"min":0.00337528670207,"var":0.000800859532319},"dynamic_complexity":2.77239656448,"erbbands":{"dmean":[0.298446208239,1.89354395866,4.36833763123,4.41042804718,6.57027769089,6.67565870285,9.96458244324,22.4345588684,31.3176860809,24.3953399658,20.94896698,32.166179657,22.862783432,27.8286590576,23.3211193085,24.2021389008,13.9392166138,11.0365972519,10.4732589722,9.06807041168,5.65020704269,4.94464683533,3.95715093613,2.98821687698,2.07004451752,1.56921327114,1.14535105228,0.758923709393,0.494495898485,0.29532378912,0.204800948501,0.112007677555,0.0563617832959,0.032538741827,0.0200581811368,0.0220109801739,0.0370643809438,0.0253377202898,0.0100765023381,0.00217997166328],"dmean2":[0.497042715549,3.20198559761,7.50451278687,7.49404668808,10.9361486435,11.2114744186,16.3545951843,36.335773468,48.0715141296,39.1182327271,33.1348114014,48.634967804,36.3045730591,44.1594810486,37.8055114746,40.2424278259,23.2062797546,18.532793045,17.2777118683,15.1351108551,9.33981895447,7.88575458527,6.1234536171,4.62327432632,3.11964607239,2.33294081688,1.69111561775,1.12348926067,0.730173110962,0.432182818651,0.317496687174,0.18016333878,0.0916113331914,0.0538233779371,0.0332507118583,0.0352617166936,0.0577003061771,0.0352849364281,0.0135012902319,0.00317680533044],"dvar":[0.187016963959,5.77742481232,34.6081085205,32.9784469604,115.025817871,139.847579956,333.55355835,1689.04675293,5410.72216797,2861.96337891,2422.79418945,9186.71679688,3533.80859375,4596.4140625,3088.68139648,1295.46765137,403.397491455,224.23789978,260.322479248,143.885192871,71.5824356079,69.9691238403,56.4552612305,41.0826187134,20.1120605469,15.6598358154,9.97899913788,3.46708321571,1.8216586113,0.417120933533,0.244151577353,0.0538083016872,0.00715446053073,0.00247264839709,0.000955148309004,0.00192722026259,0.0131362285465,0.00411396333948,0.000513964740094,0.00000976523097052],"dvar2":[0.504258036613,16.2776699066,103.989868164,95.7691650391,298.156433105,362.73651123,832.020874023,4311.93212891,11614.1035156,6887.47851562,4812.07568359,15871.8212891,7940.99267578,9111.62207031,6597.09472656,3336.98974609,1060.33435059,632.208007812,692.491882324,362.184051514,186.149581909,165.970031738,122.239959717,81.598487854,38.8635063171,30.1883869171,21.6399517059,7.16533613205,3.70516681671,0.811156928539,0.556270122528,0.129906967282,0.0170457325876,0.00607257289812,0.00234809424728,0.00453742546961,0.0320369154215,0.00796571467072,0.00078774971189,0.0000193678570213],"max":[6.85699796677,33.727596283,72.5946350098,90.0184936523,293.768554688,268.742706299,496.416534424,860.307312012,1632.34643555,1184.92797852,1523.68835449,2591.31567383,2148.19018555,3038.51660156,1439.39221191,845.59753418,408.771148682,360.041107178,469.701324463,341.101257324,236.544128418,195.559310913,227.213973999,236.457611084,144.0105896,150.135040283,163.41053772,112.837692261,58.3196563721,26.2175312042,13.1019077301,6.52170419693,1.03916621208,0.557273924351,0.349842816591,0.864342927933,2.41398215294,2.18126773834,0.928289592266,0.102741166949],"mean":[0.464536517859,3.15171957016,6.42565202713,7.20409917831,10.417383194,9.79687786102,15.3617353439,38.7248916626,64.2665939331,40.4135551453,35.304901123,52.2847099304,37.7354164124,46.9556694031,42.5324897766,45.5379524231,28.1999664307,23.7829685211,22.6867256165,19.0162029266,12.749710083,10.8642177582,8.52274513245,6.33913230896,4.41175079346,3.50562858582,2.55334758759,1.64425384998,0.993899583817,0.516249418259,0.263875842094,0.128712877631,0.0628409683704,0.0332755036652,0.020298762247,0.0250723641366,0.044376090169,0.0501683205366,0.0295592974871,0.00926268007606],"median":[0.324519634247,2.29564714432,4.14455223083,5.10403251648,6.1601896286,5.42182826996,8.98421478271,17.3690662384,21.0393066406,19.2719192505,17.426197052,18.6590499878,18.9802074432,26.7539424896,24.1217689514,31.032787323,21.2198410034,17.5862121582,15.4142913818,14.5343017578,9.17733573914,7.44673013687,5.34822845459,3.55502939224,2.36613512039,1.82169115543,1.40209984779,0.918750226498,0.535064458847,0.256605505943,0.112482696772,0.0551024451852,0.0274319723248,0.0133030032739,0.00794088840485,0.00951446872205,0.0135712558404,0.0227340459824,0.0172529965639,0.0068740947172],"min":[2.35957939787e-22,2.12601391544e-21,6.82016150384e-21,1.29384142137e-20,3.77975140274e-20,3.09730865658e-20,1.04881810007e-19,6.29020126411e-20,1.2113628386e-19,3.40403795521e-19,3.47568420396e-19,4.71033708819e-19,6.91478686233e-19,1.31787407809e-18,1.202808085e-18,2.51954789167e-18,2.19415282308e-18,1.5021981461e-18,1.44642445932e-18,4.78726271381e-18,4.82160725284e-18,4.81831466041e-18,7.47316986156e-18,6.73614076883e-18,9.07826090066e-18,9.35263174676e-18,1.03378700308e-17,1.34922265166e-17,1.09240689426e-17,1.33824836375e-17,1.34290638322e-17,1.20016362994e-17,1.06060916162e-17,8.65768670847e-18,6.70675435039e-18,5.1422212175e-18,2.5125369156e-18,1.05261483323e-18,2.78789619083e-19,2.79707989896e-20],"var":[0.249463781714,9.18753051758,47.3059616089,50.7527961731,183.646133423,206.820877075,521.517028809,3863.76464844,25257.3945312,5963.55712891,5952.64990234,22844.296875,5745.4609375,11040.9199219,7637.94287109,2924.06054688,791.818786621,507.845001221,634.12878418,332.499053955,167.269592285,178.804824829,147.675018311,110.510238647,62.1784973145,46.5113067627,27.1910953522,10.28835392,4.82577228546,1.06933832169,0.301700145006,0.0564054585993,0.00888214726001,0.00279070064425,0.00106782105286,0.00220289127901,0.0126070221886,0.0104013616219,0.00225281598978,0.0000700894452166]},"erbbands_crest":{"dmean":2.77088165283,"dmean2":4.4593501091,"dvar":8.02591896057,"dvar2":18.4123516083,"max":32.3202209473,"mean":9.12441825867,"median":7.34702920914,"min":2.75545024872,"var":28.6220283508},"erbbands_flatness_db":{"dmean":0.0225345753133,"dmean2":0.0343029350042,"dvar":0.000388633779949,"dvar2":0.000911142793484,"max":0.327071249485,"mean":0.157879754901,"median":0.151954889297,"min":0.039100728929,"var":0.00163463049103},"erbbands_kurtosis":{"dmean":1.02109873295,"dmean2":1.59025263786,"dvar":2.54411578178,"dvar2":5.50227165222,"max":40.3265686035,"mean":0.936044216156,"median":0.113929867744,"min":-1.77379417419,"var":7.0361866951},"erbbands_skewness":{"dmean":0.34464931488,"dmean2":0.540336966515,"dvar":0.0980371385813,"dvar2":0.230890795588,"max":3.73786854744,"mean":0.321510732174,"median":0.226318329573,"min":-3.40733981133,"var":0.469947814941},"erbbands_spread":{"dmean":5.19228076935,"dmean2":8.12132835388,"dvar":26.2752723694,"dvar2":61.4818916321,"max":122.351394653,"mean":25.4473285675,"median":24.6042995453,"min":2.51297712326,"var":118.103271484},"gfcc":{"cov":[[8879.60058594,181.951782227,-262.776977539,186.698059082,-147.772354126,-338.848052979,214.590133667,-91.5618286133,18.0554676056,55.5143432617,102.137931824,83.7530670166,9.84209632874],[181.951782227,849.086120605,-11.7245597839,-211.993789673,69.2551193237,-41.5757789612,-3.60719776154,-46.2962646484,57.3178939819,-51.3530883789,46.6531410217,-44.5518608093,76.5148086548],[-262.776977539,-11.7245597839,228.656555176,80.7999649048,-76.1916275024,100.709884644,-73.891418457,59.8841590881,-27.1196308136,12.9841403961,-16.8984375,-7.83090353012,-10.9621963501],[186.698059082,-211.993789673,80.7999649048,229.799850464,40.5901298523,-37.0990943909,47.1418266296,-13.514960289,-18.1803665161,22.2499828339,-11.1315526962,4.66471767426,-33.2598304749],[-147.772354126,69.2551193237,-76.1916275024,40.5901298523,173.637283325,-38.5350112915,75.2054367065,-59.5957450867,20.1331062317,-19.581703186,8.86581230164,3.98816514015,3.07123064995],[-338.848052979,-41.5757789612,100.709884644,-37.0990943909,-38.5350112915,232.374969482,-81.072845459,80.4055404663,-39.0346298218,-11.9195652008,-12.9419898987,0.059242606163,10.4628992081],[214.590133667,-3.60719776154,-73.891418457,47.1418266296,75.2054367065,-81.072845459,178.936294556,-29.0284175873,40.5089073181,-4.07419109344,-21.2222270966,11.6490545273,-33.3018913269],[-91.5618286133,-46.2962646484,59.8841590881,-13.514960289,-59.5957450867,80.4055404663,-29.0284175873,120.389854431,12.5028142929,13.5398540497,-7.58474588394,-23.6755962372,4.01197910309],[18.0554676056,57.3178939819,-27.1196308136,-18.1803665161,20.1331062317,-39.0346298218,40.5089073181,12.5028142929,82.1347351074,32.8516845703,8.14889526367,3.46194696426,-15.5557460785],[55.5143432617,-51.3530883789,12.9841403961,22.2499828339,-19.581703186,-11.9195652008,-4.07419109344,13.5398540497,32.8516845703,67.2934875488,39.1554107666,14.820857048,-1.32786357403],[102.137931824,46.6531410217,-16.8984375,-11.1315526962,8.86581230164,-12.9419898987,-21.2222270966,-7.58474588394,8.14889526367,39.1554107666,80.5532302856,28.679189682,37.2502822876],[83.7530670166,-44.5518608093,-7.83090353012,4.66471767426,3.98816514015,0.059242606163,11.6490545273,-23.6755962372,3.46194696426,14.820857048,28.679189682,70.2748413086,11.7356786728],[9.84209632874,76.5148086548,-10.9621963501,-33.2598304749,3.07123064995,10.4628992081,-33.3018913269,4.01197910309,-15.5557460785,-1.32786357403,37.2502822876,11.7356786728,77.5009994507]],"icov":[[0.000182306146598,-0.000433430541307,0.000995229696855,-0.00103650346864,0.000877575832419,-0.000175019769813,0.00000883943175722,-0.000192280858755,0.000164855344337,-0.0000632082519587,0.0000398541051254,-0.000470605358714,0.000187431636732],[-0.000433430541307,0.00542595610023,-0.00804164540023,0.007788320072,-0.00352219096385,0.00143129914068,-0.00233270088211,0.00422292063013,-0.00545752607286,0.00644231168553,-0.00613828655332,0.00653369585052,-0.00339564098977],[0.000995229696855,-0.00804164540023,0.0230420622975,-0.0187996514142,0.0111893359572,-0.0065059219487,0.00589432381094,-0.00570521550253,0.00380957499146,-0.00609927391633,0.00810376182199,-0.00893830414861,0.00438583735377],[-0.00103650346864,0.007788320072,-0.0187996514142,0.023756319657,-0.0137605965137,0.00728050991893,-0.00511496467516,0.00240975944325,0.00347961112857,-0.00230450625531,-0.00321108289063,0.00683008693159,-0.00161375978496],[0.000877575832419,-0.00352219096385,0.0111893359572,-0.0137605965137,0.019795615226,-0.00721148774028,-0.00226748152636,0.00603232206777,-0.00857288856059,0.00920558627695,-0.00544434087351,0.0010690727504,-0.00116239278577],[-0.000175019769813,0.00143129914068,-0.0065059219487,0.00728050991893,-0.00721148774028,0.0113716330379,0.00175820535515,-0.00728996749967,0.00710938125849,-0.00261158356443,0.00261111650616,-0.00353199336678,0.00135885179043],[0.00000883943175722,-0.00233270088211,0.00589432381094,-0.00511496467516,-0.00226748152636,0.00175820535515,0.0123828062788,-0.00447255978361,-0.000364330102457,-0.00224247295409,0.00704296398908,-0.00696036638692,0.00390266999602],[-0.000192280858755,0.00422292063013,-0.00570521550253,0.00240975944325,0.00603232206777,-0.00728996749967,-0.00447255978361,0.0227848272771,-0.0148286540061,0.00780410971493,-0.00760071631521,0.0136356912553,-0.00752802751958],[0.000164855344337,-0.00545752607286,0.00380957499146,0.00347961112857,-0.00857288856059,0.00710938125849,-0.000364330102457,-0.0148286540061,0.0382796265185,-0.0291799232364,0.0149401202798,-0.0112659819424,0.00909881200641],[-0.0000632082519587,0.00644231168553,-0.00609927391633,-0.00230450625531,0.00920558627695,-0.00261158356443,-0.00224247295409,0.00780410971493,-0.0291799232364,0.0536162741482,-0.0330743268132,0.00975826382637,-0.000102805213828],[0.0000398541051254,-0.00613828655332,0.00810376182199,-0.00321108289063,-0.00544434087351,0.00261111650616,0.00704296398908,-0.00760071631521,0.0149401202798,-0.0330743268132,0.0427413918078,-0.0163574721664,-0.00652797985822],[-0.000470605358714,0.00653369585052,-0.00893830414861,0.00683008693159,0.0010690727504,-0.00353199336678,-0.00696036638692,0.0136356912553,-0.0112659819424,0.00975826382637,-0.0163574721664,0.0294613316655,-0.006679371465],[0.000187431636732,-0.00339564098977,0.00438583735377,-0.00161375978496,-0.00116239278577,0.00135885179043,0.00390266999602,-0.00752802751958,0.00909881200641,-0.000102805213828,-0.00652797985822,-0.006679371465,0.0240623541176]],"mean":[4.19254636765,120.74281311,-88.0598526001,-10.8264846802,-9.25640201569,-14.8583745956,0.494996041059,-13.2273597717,-1.04496729374,-2.70482063293,-6.06623601913,0.595569491386,-7.95452833176]},"hfc":{"dmean":10.7200155258,"dmean2":16.3089008331,"dvar":144.915756226,"dvar2":327.443969727,"max":222.145431519,"mean":51.2921409607,"median":48.9396018982,"min":1.07998097056e-16,"var":786.96685791},"melbands":{"dmean":[0.00241254130378,0.00226441584527,0.000792262726463,0.000445070996648,0.000324092048686,0.00049405900063,0.000448379374575,0.000232522870647,0.000195092434296,0.000193326559383,0.000116917712148,0.000120517011965,0.0000876028207131,0.0000679828517605,0.0000535158033017,0.0000307431146211,0.0000206172680919,0.0000201356451726,0.0000157639660756,0.00000972613361228,0.00000720472144167,0.00000600641806159,0.00000450531342722,0.00000327526890942,0.00000259762464339,0.00000192762149709,0.00000129143643335,0.00000108496828943,8.3019244812e-7,6.34965545032e-7,4.2102203679e-7,3.11915727025e-7,2.2969649649e-7,1.47362669622e-7,1.27912741732e-7,9.50388852061e-8,5.84497392708e-8,4.10804190665e-8,3.18785211562e-8,2.59534402858e-8],"dmean2":[0.00403648614883,0.00384837738238,0.00133266171906,0.000744236574974,0.000532284379005,0.000796426902525,0.000691848515999,0.000373751448933,0.000308314600261,0.000292802782496,0.000187270634342,0.000191586863366,0.000141192358569,0.000113055262773,0.0000895102566574,0.0000516751897521,0.0000349575857399,0.0000336225893989,0.0000264171558229,0.0000162013911904,0.0000120345621326,0.00000982773053693,0.00000713450253897,0.00000514406019647,0.00000408712912758,0.00000302295643451,0.00000198419661501,0.00000164172183759,0.00000126071722661,9.68480890151e-7,6.40534040031e-7,4.69999406505e-7,3.4512510183e-7,2.21539224299e-7,1.98944889007e-7,1.52787237084e-7,9.47145792907e-8,6.68240573987e-8,5.24279002434e-8,4.31526174793e-8],"dvar":[0.0000108728836494,0.00000819993692858,0.00000105088588498,5.08836023982e-7,3.60384802889e-7,7.94171342022e-7,9.3467087936e-7,2.6006631515e-7,2.16403520881e-7,3.59863435051e-7,9.70709379544e-8,8.25099206736e-8,5.65524871377e-8,1.39819125167e-8,5.80294168273e-9,1.97222727039e-9,7.55369378158e-10,9.94043181102e-10,5.3313703452e-10,1.74237402284e-10,1.17964360502e-10,9.33569471728e-11,9.11272238224e-11,3.677520094e-11,3.2522994714e-11,1.56143674379e-11,1.04824586511e-11,7.31216476257e-12,5.80871375305e-12,2.13047743509e-12,1.19299806579e-12,7.0170442807e-13,3.38988358868e-13,9.76713555954e-14,1.00460953575e-13,5.99363020695e-14,1.15566320822e-14,3.88687834089e-15,2.29911698708e-15,1.62714806821e-15],"dvar2":[0.0000293751290883,0.0000242975784204,0.00000295335303235,0.00000127654720927,8.96535823358e-7,0.00000200958606911,0.00000203598642656,6.25941538601e-7,4.2457378413e-7,6.16734951109e-7,2.19066407681e-7,1.66824420944e-7,1.1524370791e-7,3.55379476957e-8,1.58104960235e-8,5.32523358743e-9,2.1242603232e-9,2.67009458987e-9,1.35778099875e-9,4.55571247393e-10,3.13968906429e-10,2.33037367181e-10,2.19534626589e-10,8.217031916e-11,6.72862390805e-11,3.32125195401e-11,2.1797381608e-11,1.49251010856e-11,1.28644057212e-11,4.85136280107e-12,2.61499589344e-12,1.45074306301e-12,7.09761839145e-13,1.97938480927e-13,2.28083529711e-13,1.494064475e-13,2.75420928197e-14,9.29669481588e-15,5.5971615282e-15,4.01077808525e-15],"max":[0.0569582954049,0.0343538857996,0.0150190629065,0.0194411817938,0.0151841910556,0.018706843257,0.0208548977971,0.0107862548903,0.0144309988245,0.0161241237074,0.0112895527855,0.0121316350996,0.00789663661271,0.00385786220431,0.00185650866479,0.000915562734008,0.000652325572446,0.000591481220908,0.000781919981819,0.000340108148521,0.000298589788144,0.000210539801628,0.000336371682351,0.000175961235072,0.000212402490433,0.000101696190541,0.000132699613459,0.0000980881522992,0.000106175772089,0.0000634819662082,0.0000632215160294,0.0000339077996614,0.0000276627815765,0.00000987790735962,0.00000752645382818,0.00000734320565243,0.00000268742746812,8.59359602146e-7,5.7784626506e-7,4.51369402299e-7],"mean":[0.00422699516639,0.00376801588573,0.00141464546323,0.000717304588761,0.000515774940141,0.000900353246834,0.000909084221348,0.000374391587684,0.000313077645842,0.000309705472318,0.000184145916137,0.000195021159016,0.000148175182403,0.00012258287461,0.0000946814470808,0.0000547364579688,0.0000416827278968,0.0000380359779228,0.0000300761930703,0.0000188832036656,0.0000144063424159,0.0000119287933558,0.00000865427409735,0.00000661985677652,0.00000501521026308,0.00000366036442756,0.00000262167895926,0.00000223568372348,0.00000166821700986,0.00000129210332034,8.31867509987e-7,5.91121420257e-7,4.15272012333e-7,2.33427286389e-7,1.61767559348e-7,1.06475582129e-7,6.66528450211e-8,4.5770118362e-8,3.3742672656e-8,2.57720014218e-8],"median":[0.00328427925706,0.00264713726938,0.00103969546035,0.000437149836216,0.00030502845766,0.000400775199523,0.000328672351316,0.000184256845387,0.000138402916491,0.000111756846309,0.000089356348326,0.000107249448774,0.0000769833422964,0.0000789490877651,0.0000664809922455,0.0000381447352993,0.0000306632609863,0.0000245918490691,0.0000211517472053,0.0000144343730426,0.00000969577195065,0.00000799523149908,0.00000521519541508,0.00000386938290831,0.00000270908344646,0.00000194153835764,0.00000130644912133,0.00000113333794616,8.87051442078e-7,7.04216517988e-7,4.54861947219e-7,3.11969643008e-7,2.08591444562e-7,1.10481096272e-7,6.61321024609e-8,4.25800550374e-8,2.86855339482e-8,2.00278851281e-8,1.3972276669e-8,9.78322844958e-9],"min":[3.11481925642e-24,3.6009812161e-24,4.80642773245e-24,2.25088640315e-24,3.03879673098e-24,1.2887470725e-24,1.57128332495e-24,4.7827023463e-24,3.26632669858e-24,3.05000151406e-24,3.44848099249e-24,5.08018928784e-24,3.13091596319e-24,4.30615029016e-24,5.73868106771e-24,5.01855440202e-24,1.6300898486e-24,1.78354055099e-24,5.21387793988e-24,4.67740953141e-24,4.7020511795e-24,4.5127821491e-24,5.81600126933e-24,4.22182934244e-24,4.44237591887e-24,5.05370880497e-24,4.98135606047e-24,5.42763005734e-24,6.06645080168e-24,6.87226669433e-24,6.23178263678e-24,5.66035546286e-24,4.82892998978e-24,6.3504206116e-24,6.94479851026e-24,7.16154277714e-24,7.20944162244e-24,6.94186079225e-24,7.75482376471e-24,5.86409456885e-24],"var":[0.0000163242893905,0.0000125664446387,0.00000177860624717,8.15907128526e-7,5.85130521813e-7,0.00000212593545257,0.00000424528479925,5.45673287888e-7,5.13342854447e-7,8.66295863489e-7,1.56070470325e-7,1.87231975701e-7,1.37378904697e-7,3.48865221156e-8,1.12949400943e-8,3.32867755581e-9,1.60278834649e-9,2.10217931951e-9,1.08882058925e-9,3.35732691648e-10,2.51455717359e-10,2.10618605889e-10,1.93947621852e-10,8.9436347217e-11,7.86426965216e-11,3.92483580358e-11,2.95429791741e-11,1.93997977405e-11,1.36803537248e-11,5.62669659129e-12,3.02047254395e-12,1.75501562068e-12,8.48578748502e-13,2.15434644408e-13,1.22715260262e-13,5.59397397382e-14,1.28296802503e-14,4.78729003393e-15,2.6944113817e-15,1.7925842966e-15]},"melbands_crest":{"dmean":3.93898248672,"dmean2":6.65640354156,"dvar":10.9206933975,"dvar2":31.6026554108,"max":33.649230957,"mean":15.1974639893,"median":14.7881412506,"min":1.52071559429,"var":22.8966407776},"melbands_flatness_db":{"dmean":0.0319907777011,"dmean2":0.051149930805,"dvar":0.000754853535909,"dvar2":0.0019727293402,"max":0.527533948421,"mean":0.272890269756,"median":0.269827455282,"min":0.00217052688822,"var":0.00313277542591},"melbands_kurtosis":{"dmean":5.36978578568,"dmean2":8.89662361145,"dvar":78.4847335815,"dvar2":204.758087158,"max":195.969467163,"mean":8.90282344818,"median":5.5240354538,"min":-1.81199431419,"var":147.509246826},"melbands_skewness":{"dmean":0.702328979969,"dmean2":1.13125836849,"dvar":0.493319690228,"dvar2":1.28671574593,"max":12.8229980469,"mean":2.26852273941,"median":2.09586763382,"min":-1.46320176125,"var":1.69479835033},"melbands_spread":{"dmean":3.86154317856,"dmean2":6.24506378174,"dvar":16.6895980835,"dvar2":41.3651504517,"max":156.995056152,"mean":14.5486898422,"median":12.9278154373,"min":0.854521870613,"var":92.0843048096},"mfcc":{"cov":[[5881.87060547,372.083007812,-340.953704834,464.295166016,-324.257263184,-8.72808265686,-42.6950645447,9.18461704254,-114.340950012,34.2268486023,-16.6013851166,7.9368519783,19.0379753113],[372.083007812,1068.0546875,-109.327964783,-90.0769271851,13.3108520508,-28.0915756226,-39.0468521118,-23.9798660278,36.6323814392,-59.6489601135,-6.87754106522,26.9369430542,12.5727672577],[-340.953704834,-109.327964783,357.996368408,-111.287528992,73.8397827148,-27.9407615662,3.80772256851,8.1073474884,8.17923641205,11.9991998672,-2.38990426064,4.37674617767,4.26783084869],[464.295166016,-90.0769271851,-111.287528992,362.995025635,-73.8926010132,42.3806762695,5.29782152176,-13.5305776596,-17.5084686279,26.1945590973,19.464099884,-16.9703464508,-6.57966709137],[-324.257263184,13.3108520508,73.8397827148,-73.8926010132,147.677642822,11.2522974014,22.0793476105,-7.2666721344,2.97577810287,-21.3965930939,-9.35731887817,9.92631244659,4.73630428314],[-8.72808265686,-28.0915756226,-27.9407615662,42.3806762695,11.2522974014,107.465332031,21.9038257599,27.9501190186,-9.46058273315,-8.49912452698,-6.2862739563,-1.48916709423,8.23863697052],[-42.6950645447,-39.0468521118,3.80772256851,5.29782152176,22.0793476105,21.9038257599,76.2977371216,19.649597168,11.4986257553,-8.82873630524,-7.66959524155,-4.4771437645,-2.59245610237],[9.18461704254,-23.9798660278,8.1073474884,-13.5305776596,-7.2666721344,27.9501190186,19.649597168,80.4022827148,28.7875328064,13.9474992752,-0.22428406775,-5.09142255783,-8.88800621033],[-114.340950012,36.6323814392,8.17923641205,-17.5084686279,2.97577810287,-9.46058273315,11.4986257553,28.7875328064,62.6347808838,24.8933353424,14.4524717331,-3.13712692261,-8.71559143066],[34.2268486023,-59.6489601135,11.9991998672,26.1945590973,-21.3965930939,-8.49912452698,-8.82873630524,13.9474992752,24.8933353424,65.9645309448,30.6905574799,3.36129927635,-9.00959300995],[-16.6013851166,-6.87754106522,-2.38990426064,19.464099884,-9.35731887817,-6.2862739563,-7.66959524155,-0.22428406775,14.4524717331,30.6905574799,53.4642944336,18.1179466248,4.91931819916],[7.9368519783,26.9369430542,4.37674617767,-16.9703464508,9.92631244659,-1.48916709423,-4.4771437645,-5.09142255783,-3.13712692261,3.36129927635,18.1179466248,52.3090934753,24.6439323425],[19.0379753113,12.5727672577,4.26783084869,-6.57966709137,4.73630428314,8.23863697052,-2.59245610237,-8.88800621033,-8.71559143066,-9.00959300995,4.91931819916,24.6439323425,50.2542419434]],"icov":[[0.000238980355789,-0.000149020575918,0.0000674228504067,-0.000257934589172,0.000318302569212,0.000245456467383,-0.000134841131512,-0.000354802934453,0.000715031987056,-0.000405279861297,0.000307469221298,-0.00011221288878,-0.000156414476805],[-0.000149020575918,0.00130134448409,0.000354510528268,0.00034516165033,-0.000197581379325,-0.000148805091158,0.000978574622422,0.000656575895846,-0.00220460933633,0.00197300710715,-0.000222455390031,-0.000704951526131,0.000294433848467],[0.0000674228504067,0.000354510528268,0.00369920139201,0.000739940267522,-0.00170794629958,0.00116148008965,0.000116141833132,-0.000770491256844,0.000615386758,-0.00148915289901,0.00043671799358,0.000439898984041,-0.000909950525966],[-0.000257934589172,0.00034516165033,0.000739940267522,0.00421019131318,0.00112488609739,-0.00205082818866,-0.000783019175287,0.00202184310183,0.000209010613617,-0.00115554104559,-0.00162461283617,0.00154110789299,0.000279514613794],[0.000318302569212,-0.000197581379325,-0.00170794629958,0.00112488609739,0.0100528346375,-0.00216936436482,-0.00248289387673,0.00259440462105,-0.00122082303278,0.0021145590581,0.000543809554074,-0.00234150607139,0.00122251152061],[0.000245456467383,-0.000148805091158,0.00116148008965,-0.00205082818866,-0.00216936436482,0.0136564867571,-0.00211052736267,-0.0071153556928,0.00512394402176,0.00000423716028308,0.000331011746312,0.00103329925332,-0.00347429863177],[-0.000134841131512,0.000978574622422,0.000116141833132,-0.000783019175287,-0.00248289387673,-0.00211052736267,0.016921710223,-0.00231476780027,-0.00525516690686,0.00457552680746,0.000974702008534,-0.00041541212704,0.000754623382818],[-0.000354802934453,0.000656575895846,-0.000770491256844,0.00202184310183,0.00259440462105,-0.0071153556928,-0.00231476780027,0.0205106921494,-0.0101848011836,-0.00129998265766,0.00220035784878,-0.00121598073747,0.00311189051718],[0.000715031987056,-0.00220460933633,0.000615386758,0.000209010613617,-0.00122082303278,0.00512394402176,-0.00525516690686,-0.0101848011836,0.0302914772183,-0.0108333276585,-0.00384802208282,0.00427204323933,-0.000948584405705],[-0.000405279861297,0.00197300710715,-0.00148915289901,-0.00115554104559,0.0021145590581,0.00000423716028308,0.00457552680746,-0.00129998265766,-0.0108333276585,0.0303010568023,-0.0127745121717,-0.00196767528541,0.00521018495783],[0.000307469221298,-0.000222455390031,0.00043671799358,-0.00162461283617,0.000543809554074,0.000331011746312,0.000974702008534,0.00220035784878,-0.00384802208282,-0.0127745121717,0.0315718986094,-0.0101417796686,-0.00105143059045],[-0.00011221288878,-0.000704951526131,0.000439898984041,0.00154110789299,-0.00234150607139,0.00103329925332,-0.00041541212704,-0.00121598073747,0.00427204323933,-0.00196767528541,-0.0101417796686,0.0304715447128,-0.0133638074622],[-0.000156414476805,0.000294433848467,-0.000909950525966,0.000279514613794,0.00122251152061,-0.00347429863177,0.000754623382818,0.00311189051718,-0.000948584405705,0.00521018495783,-0.00105143059045,-0.0133638074622,0.0284678451717]],"mean":[-662.145202637,186.512634277,-17.6147117615,25.2297859192,0.865524709225,15.702796936,2.10110044479,5.48631334305,3.90550947189,2.02163696289,2.59085822105,5.2140212059,3.1601319313]},"pitch_salience":{"dmean":0.0814979299903,"dmean2":0.135757431388,"dvar":0.00493528088555,"dvar2":0.0140712298453,"max":0.9783898592,"mean":0.564197540283,"median":0.570954799652,"min":0.159855410457,"var":0.0110405767336},"silence_rate_20dB":{"dmean":0,"dmean2":0,"dvar":0,"dvar2":0,"max":1,"mean":1,"median":1,"min":1,"var":0},"silence_rate_30dB":{"dmean":0.0223703533411,"dmean2":0.0447457619011,"dvar":0.0218721367419,"dvar2":0.0560847222805,"max":1,"mean":0.978874802589,"median":1,"min":0,"var":0.0206761620939},"silence_rate_60dB":{"dmean":0.00225963164121,"dmean2":0.00451977411285,"dvar":0.00225453195162,"dvar2":0.00585528463125,"max":1,"mean":0.0241753272712,"median":0,"min":0,"var":0.0235901456326},"spectral_centroid":{"dmean":136.557006836,"dmean2":208.573135376,"dvar":28452.15625,"dvar2":55099.1679688,"max":11463.8134766,"mean":822.67376709,"median":730.927001953,"min":171.949447632,"var":294946.71875},"spectral_complexity":{"dmean":3.0077958107,"dmean2":4.67751407623,"dvar":7.05117702484,"dvar2":15.1462802887,"max":55,"mean":21.0586299896,"median":21,"min":0,"var":61.2714729309},"spectral_contrast_coeffs":{"dmean":[0.052258990705,0.0511373542249,0.0378405489028,0.0260182842612,0.0218091756105,0.0402953736484],"dmean2":[0.0881189331412,0.0851092115045,0.0627842769027,0.0443842001259,0.0360967479646,0.0638353601098],"dvar":[0.00164814572781,0.00157263479196,0.000953737646341,0.000409778731409,0.000434463698184,0.00120475806762],"dvar2":[0.0047268033959,0.00422566011548,0.00248552719131,0.00116788141895,0.00117953831796,0.00300811533816],"max":[-0.410034567118,-0.412150263786,-0.496015369892,-0.650191903114,-0.625949621201,-0.513092160225],"mean":[-0.686458945274,-0.74870967865,-0.801033139229,-0.81804472208,-0.81865298748,-0.754093050957],"median":[-0.687639951706,-0.757499814034,-0.809338629246,-0.818650603294,-0.818354427814,-0.754279613495],"min":[-0.985513687134,-0.988617956638,-0.984666883945,-0.968459486961,-0.966132938862,-0.963098168373],"var":[0.00413087243214,0.00562758883461,0.003014232032,0.000962320831604,0.000905889843125,0.00419579073787]},"spectral_contrast_valleys":{"dmean":[0.365572035313,0.336615562439,0.28644067049,0.233306467533,0.281071573496,0.660510361195],"dmean2":[0.613723158836,0.56161904335,0.465671688318,0.375392317772,0.419841885567,1.06088209152],"dvar":[0.0883322358131,0.0791463851929,0.0617077238858,0.0475244484842,0.099465213716,0.3173622787],"dvar2":[0.225281834602,0.194563597441,0.14085932076,0.102893143892,0.222861260176,0.814431905746],"max":[-5.08041143417,-4.48445177078,-5.19719219208,-5.65451955795,-5.59296751022,-9.08694839478],"mean":[-6.55168199539,-6.13508605957,-6.60757923126,-7.14007234573,-7.78082799911,-11.1864671707],"median":[-6.35687446594,-5.95967006683,-6.41933917999,-6.96091365814,-7.56441688538,-11.0655918121],"min":[-27.9800624847,-27.5877513885,-27.7924823761,-27.593120575,-27.5067958832,-27.3791790009],"var":[1.52028226852,1.48961174488,1.37325978279,1.24660468102,1.44871020317,1.30767560005]},"spectral_decrease":{"dmean":3.60590535209e-9,"dmean2":5.9375464545e-9,"dvar":1.48263886081e-17,"dvar2":3.88639627326e-17,"max":8.01581225479e-17,"mean":-1.12167652944e-8,"median":-1.05560209462e-8,"min":-6.1137477303e-8,"var":4.22446366612e-17},"spectral_energy":{"dmean":0.0139932306483,"dmean2":0.022980934009,"dvar":0.000221149224672,"dvar2":0.000575416721404,"max":0.238627269864,"mean":0.0469871461391,"median":0.0447778292,"min":1.00788556829e-20,"var":0.000681501929648},"spectral_energyband_high":{"dmean":0.000137499853736,"dmean2":0.000186759629287,"dvar":6.65245778464e-8,"dvar2":1.05975040299e-7,"max":0.00856188405305,"mean":0.000415709684603,"median":0.000266011571512,"min":7.18621558209e-21,"var":3.03893784803e-7},"spectral_energyband_low":{"dmean":0.0112163443118,"dmean2":0.0188896134496,"dvar":0.000178203874384,"dvar2":0.000499403220601,"max":0.200792342424,"mean":0.0227625481784,"median":0.0188798494637,"min":4.26649930117e-23,"var":0.000304793502437},"spectral_energyband_middle_high":{"dmean":0.0018507419154,"dmean2":0.00284985685721,"dvar":0.00000940972859098,"dvar2":0.0000202544251806,"max":0.0759009346366,"mean":0.00565413013101,"median":0.00448899250478,"min":1.22428314531e-21,"var":0.0000310857612931},"spectral_energyband_middle_low":{"dmean":0.00628485716879,"dmean2":0.0098668532446,"dvar":0.0000578366962145,"dvar2":0.000136314265546,"max":0.128343462944,"mean":0.0175131428987,"median":0.0135449878871,"min":2.11978310073e-22,"var":0.000219722889597},"spectral_entropy":{"dmean":0.169065743685,"dmean2":0.26043099165,"dvar":0.0247419700027,"dvar2":0.0581368207932,"max":9.81987094879,"mean":7.33952951431,"median":7.38145923615,"min":5.85261821747,"var":0.123817481101},"spectral_flux":{"dmean":0.024474510923,"dmean2":0.0394885130227,"dvar":0.000566388771404,"dvar2":0.00141578237526,"max":0.331130474806,"mean":0.111278705299,"median":0.109720274806,"min":6.49207840264e-11,"var":0.00182282179594},"spectral_kurtosis":{"dmean":5.48514842987,"dmean2":8.70536422729,"dvar":62.8039283752,"dvar2":171.386734009,"max":136.486785889,"mean":20.7224521637,"median":18.4133052826,"min":-1.25704467297,"var":117.09803772},"spectral_rms":{"dmean":0.000982515979558,"dmean2":0.00160619313829,"dvar":8.48909792239e-7,"dvar2":0.00000221622849494,"max":0.0152580179274,"mean":0.00644800299779,"median":0.00660951528698,"min":3.1357661693e-12,"var":0.00000426455380875},"spectral_rolloff":{"dmean":357.040618896,"dmean2":617.494995117,"dvar":1252567.25,"dvar2":3424181.75,"max":22050,"mean":1000.96630859,"median":796.728515625,"min":86.1328125,"var":2617415.25},"spectral_skewness":{"dmean":0.346922397614,"dmean2":0.536228775978,"dvar":0.171958357096,"dvar2":0.442579448223,"max":8.47796344757,"mean":3.12184739113,"median":2.98712205887,"min":-0.0562167987227,"var":0.548813760281},"spectral_spread":{"dmean":501698.75,"dmean2":779208.375,"dvar":341816934400,"dvar2":780373721088,"max":42083696,"mean":3407163,"median":3314261,"min":1003637.75,"var":2895091073020},"spectral_strongpeak":{"dmean":0.48178756237,"dmean2":0.819003582001,"dvar":0.771175861359,"dvar2":1.89298927784,"max":25.3428974152,"mean":0.723929643631,"median":0.324390053749,"min":0,"var":1.27377843857},"zerocrossingrate":{"dmean":0.0180791504681,"dmean2":0.0240621138364,"dvar":0.000248112395639,"dvar2":0.000441267766291,"max":0.517578125,"mean":0.117978833616,"median":0.115234375,"min":0.0048828125,"var":0.00191975675989}},"metadata":{"audio_properties":{"analysis_sample_rate":44100,"bit_rate":320000,"codec":"mp3","downmix":"mix","equal_loudness":0,"length":205.505310059,"lossless":false,"md5_encoded":"68d06166b6423f686a1ab38b9ccab0ae","replay_gain":-1.44589614868},"tags":{"album":["Wolfmother"],"albumartist":["Wolfmother"],"albumartistsort":["Wolfmother"],"artist":["Wolfmother"],"artistsort":["Wolfmother"],"date":["2006-05-02"],"discnumber":["1/1"],"file_name":"10 - Witchcraft.mp3","mp3gain_album_minmax":["104,175"],"mp3gain_minmax":["104,175"],"mp3gain_undo":["+007,+007,N"],"musicbrainz album release country":["US"],"musicbrainz album type":["album"],"musicbrainz_albumartistid":["f0c8f75f-8736-4b1d-b312-9349fcff321d"],"musicbrainz_albumid":["192aaa67-e116-4552-b147-2aac4238941d"],"musicbrainz_artistid":["f0c8f75f-8736-4b1d-b312-9349fcff321d"],"musicbrainz_recordingid":["44f9aa30-8e5f-456b-a7d5-f15fb8e4355d"],"musicbrainz_releasegroupid":["bad80049-06eb-35f0-a109-f640ebd0a550"],"title":["Witchcraft"],"tracknumber":["10/13"]},"version":{"essentia":"2.1-beta1","essentia_build_sha":"0a826ad6289770054bb7564d59068f1232327ff9","essentia_git_sha":"v2.1_beta1-5-gf9dded9","extractor":"music 1.0"}},"rhythm":{"beats_count":386,"beats_loudness":{"dmean":0.0206159371883,"dmean2":0.0349488928914,"dvar":0.000329054164467,"dvar2":0.000922839681152,"max":0.141625612974,"mean":0.0523638315499,"median":0.0507536306977,"min":0.00000169332804489,"var":0.000639860401861},"beats_loudness_band_ratio":{"dmean":[0.203558176756,0.102250821888,0.133559837937,0.0773716941476,0.0229030828923,0.0290676653385],"dmean2":[0.355086237192,0.181958839297,0.229501113296,0.136715188622,0.0384830608964,0.0519730783999],"dvar":[0.0204242896289,0.00920238345861,0.0190960038453,0.0098204286769,0.000596947153099,0.00130896875635],"dvar2":[0.0578598119318,0.0254166722298,0.050559014082,0.0288049895316,0.00150574196596,0.00383908860385],"max":[0.905647575855,0.77942442894,0.853134095669,0.849721252918,0.209222212434,0.274620294571],"mean":[0.537878096104