{"lowlevel":{"average_loudness":0.878333330154,"barkbands":{"dmean":[0.00226882076822,0.0105910431594,0.00431908853352,0.00146940327249,0.00276161148213,0.00138833676465,0.000791173544712,0.000525495794136,0.000957501295488,0.000719134754036,0.000437117938418,0.000328631198499,0.00034776062239,0.000217757697101,0.000226640258916,0.000140250907862,0.0000983674181043,0.0000562270361115,0.0000339774451277,0.0000216926382564,0.0000107706964627,0.00000701203907738,0.00000407113429901,0.00000284179282062,0.00000262513776761,0.00000312181396112,0.000332382449415],"dmean2":[0.00376142910682,0.0177537854761,0.00747455097735,0.00249769049697,0.00445087393746,0.00212537450716,0.00124749564566,0.000830230594147,0.00151337706484,0.00112090993207,0.000696190225426,0.000520639354363,0.000545268820133,0.000341449980624,0.000357375101885,0.000222704184125,0.000153833971126,0.0000869703508215,0.0000515619321959,0.0000336096236424,0.0000170275161508,0.0000112656507554,0.00000668320353725,0.00000468540702059,0.00000431584339822,0.00000504880745211,0.000469372811494],"dvar":[0.0000145765852722,0.0003707537835,0.0000700867312844,0.00000609590188105,0.0000323782223859,0.0000171168194356,0.00000607300580668,0.0000022945944238,0.0000069028251346,0.00000372362796952,0.0000016230020492,6.73462920986e-7,5.6149650618e-7,1.40559123452e-7,1.96574745814e-7,1.42757684785e-7,3.38829266866e-8,1.48324934557e-8,2.27174172807e-8,1.46119942812e-8,2.66389599268e-9,7.49984407911e-10,8.93595197837e-11,2.47029514899e-11,2.10918851828e-11,2.53582588955e-11,3.34204884211e-7],"dvar2":[0.0000373523253074,0.000996801420115,0.000189985497855,0.0000163923559739,0.0000808178810985,0.0000358902179869,0.0000156579972099,0.00000541476492799,0.0000174772812898,0.00000957411430136,0.00000400967701353,0.00000165239293892,0.00000123941913444,3.52430873818e-7,4.8283408205e-7,2.96014547985e-7,8.0034119776e-8,3.46321549216e-8,4.78640274082e-8,3.09459018411e-8,5.3705235814e-9,1.6589823959e-9,2.36840491663e-10,6.21125928468e-11,5.31531797743e-11,6.27173868395e-11,6.68784423397e-7],"max":[0.0822676122189,0.234521433711,0.0944181382656,0.0516377575696,0.136515259743,0.124383434653,0.0636797696352,0.0407594740391,0.090719923377,0.0692619904876,0.0531976260245,0.0311127435416,0.048663828522,0.00828891061246,0.0200893618166,0.0286870039999,0.00499574374408,0.00395710207522,0.0123816477135,0.00938322301954,0.00359387346543,0.00212346832268,0.000247808289714,0.0000936545038712,0.0000842999652377,0.0000867943745106,0.0114473793656],"mean":[0.00388712575659,0.0163671933115,0.00492785451934,0.00197635707445,0.00464213918895,0.00242806575261,0.00130321644247,0.000859624473378,0.0016187960282,0.00112948031165,0.000673495931551,0.000541802553926,0.000574650999624,0.000383177743061,0.000392689544242,0.000236219944782,0.000169914143044,0.000096738243883,0.0000600366329309,0.0000389206179534,0.0000162529922818,0.0000092267691798,0.00000468506732432,0.00000287928628495,0.00000261916557065,0.00000364465677194,0.000759703572839],"median":[0.00156645977404,0.0106107229367,0.00200587976724,0.000967036874499,0.00220588664524,0.000682415557094,0.000378888158593,0.000239549743128,0.00052394461818,0.000358690973371,0.000262980174739,0.000233195518376,0.000278249935945,0.000190942548215,0.000185229393537,0.000103245751234,0.0000714268535376,0.0000381820464099,0.0000213096955122,0.0000135818663693,0.00000552607707505,0.00000296954317491,0.00000172045963609,0.00000104551168079,9.64923060565e-7,0.00000167710300047,0.00033346231794],"min":[8.88647372389e-26,4.77007465536e-24,1.14389702473e-24,3.51273805195e-24,9.70591028615e-24,1.90331531383e-23,1.28325241964e-23,5.92972661287e-24,1.99174756794e-23,2.30846196852e-23,2.08756324458e-23,2.3706256278e-23,2.4891974172e-23,6.81353552662e-23,8.31302884099e-23,6.93653787441e-23,7.54419490535e-23,1.10013304908e-22,1.62144919083e-22,2.21467915488e-22,2.71600038637e-22,4.27963225752e-22,4.17909124095e-22,5.6388337912e-22,9.2414360849e-22,1.40516529056e-21,1.96858161354e-21],"var":[0.0000328210953739,0.000425177626312,0.0000698833973729,0.00000992495370156,0.00006988459063,0.0000419953285018,0.000012660540051,0.00000516956970387,0.0000156026781042,0.00000655053690934,0.00000294752317131,0.0000014367382164,9.87755242932e-7,2.88848298169e-7,4.1404493345e-7,2.81386604684e-7,6.93801638363e-8,3.02239122618e-8,8.87519320258e-8,5.1805550072e-8,7.2193868661e-9,2.02676719852e-9,1.0377054771e-10,2.61150094605e-11,2.21088928415e-11,3.13410929154e-11,0.0000011021119235]},"barkbands_crest":{"dmean":2.93933415413,"dmean2":4.81179618835,"dvar":6.77926492691,"dvar2":18.0009822845,"max":26.0785808563,"mean":11.9956817627,"median":11.4087228775,"min":2.6259162426,"var":20.3797206879},"barkbands_flatness_db":{"dmean":0.031467653811,"dmean2":0.0496109426022,"dvar":0.000788915262092,"dvar2":0.00195951876231,"max":0.476796299219,"mean":0.187013700604,"median":0.179819688201,"min":0.0398394949734,"var":0.00286335777491},"barkbands_kurtosis":{"dmean":9.19085597992,"dmean2":14.664270401,"dvar":307.500793457,"dvar2":739.988037109,"max":406.972808838,"mean":16.7843265533,"median":8.8364982605,"min":-1.84962904453,"var":618.061828613},"barkbands_skewness":{"dmean":0.838833212852,"dmean2":1.30586624146,"dvar":0.93777602911,"dvar2":2.20355701447,"max":17.4613265991,"mean":2.90818333626,"median":2.51728034019,"min":-2.18171262741,"var":3.0936229229},"barkbands_spread":{"dmean":6.35686159134,"dmean2":9.69586372375,"dvar":61.941860199,"dvar2":140.417053223,"max":131.777053833,"mean":20.0498886108,"median":15.3063526154,"min":0.296144515276,"var":276.807067871},"dissonance":{"dmean":0.0256416536868,"dmean2":0.0430771410465,"dvar":0.000663228216581,"dvar2":0.00180906674359,"max":0.500000119209,"mean":0.452485203743,"median":0.462883323431,"min":0.159742429852,"var":0.00148039904889},"dynamic_complexity":4.03533554077,"erbbands":{"dmean":[0.386495679617,2.22964763641,4.8610830307,4.70749998093,7.11995220184,10.3650178909,9.18043231964,12.9512577057,10.6772069931,11.3905649185,12.9103469849,22.8734817505,16.8499088287,23.545589447,15.6535978317,14.0072574615,15.0725212097,11.85962677,11.206413269,9.7292804718,6.78798151016,4.92857074738,3.23281931877,2.15818929672,1.49203622341,0.992404103279,0.562673509121,0.343084812164,0.254727333784,0.172226235271,0.108502157032,0.0680966675282,0.0433621369302,0.0293172635138,0.0187261477113,0.0108877299353,0.00603165850043,0.00365954800509,0.00569519773126,0.00929396413267],"dmean2":[0.652755260468,3.74689269066,8.36013031006,8.02068805695,11.7366638184,16.8134727478,14.5110034943,19.7729721069,16.6397361755,18.201795578,20.0781345367,36.2775344849,26.6610584259,36.3207740784,24.7838230133,21.8057594299,23.5410175323,18.2416954041,17.7164459229,15.1898488998,10.6730918884,7.62596178055,4.96287250519,3.28681707382,2.29520535469,1.52494716644,0.872934937477,0.544130623341,0.407451927662,0.281884431839,0.178330779076,0.111897140741,0.0715687200427,0.0482856296003,0.0307288728654,0.0177831407636,0.00972678232938,0.00552400853485,0.00781621038914,0.0126019120216],"dvar":[0.410353541374,19.8699798584,93.0116729736,63.9393386841,227.628036499,554.380126953,618.424255371,1824.6730957,1168.01037598,1212.27026367,1492.78759766,4143.31689453,2871.89379883,3761.66503906,2414.30786133,1288.91162109,902.268981934,419.779174805,402.84854126,597.756835938,175.206314087,84.3486709595,46.0536613464,39.9872398376,66.9931182861,29.9543743134,8.56953811646,2.02732157707,1.00758326054,0.209207624197,0.0600610151887,0.0150124235079,0.00582872331142,0.00267459126189,0.00105606473517,0.000337424949976,0.0000936880314839,0.000060966838646,0.00019233727653,0.000244024355197],"dvar2":[1.1311841011,53.1546821594,251.929138184,171.037536621,545.288757324,1407.78039551,1479.61547852,3667.36083984,2777.06567383,3111.01806641,3483.22143555,10501.265625,7688.21923828,9370.75292969,6196.69287109,2947.93652344,1996.1015625,1035.39453125,971.931640625,1388.3927002,410.815582275,198.120605469,108.218444824,86.7333526611,145.934326172,62.8880767822,15.5808820724,3.91086673737,2.16389727592,0.526005387306,0.159853920341,0.0378736332059,0.0146749755368,0.00674126110971,0.00265982560813,0.000847226183396,0.000230975725572,0.000108938111225,0.000349398760591,0.00045633604168],"max":[8.31071472168,59.1044273376,128.200653076,127.297821045,400.467529297,599.699035645,954.16027832,1396.49584961,1066.01611328,1677.15100098,1355.55090332,1413.12316895,1899.04089355,2474.94775391,2194.96362305,1598.64648438,1615.00158691,442.302276611,656.690979004,1530.03820801,472.807525635,248.824768066,221.175415039,454.731719971,576.576721191,452.463104248,249.042663574,115.175186157,82.2450561523,18.5529613495,7.71459245682,2.60684633255,1.42047584057,0.949839234352,0.596519947052,0.337623655796,0.164402514696,0.532565951347,0.78374928236,0.292671173811],"mean":[0.622895240784,3.08281469345,5.91314268112,6.52436208725,11.204536438,16.3340072632,14.7244319916,23.2250804901,17.9285259247,19.6867313385,23.2726764679,38.4966773987,28.6442985535,38.7408180237,26.7286567688,24.7180328369,26.3944396973,21.9202747345,20.6074810028,17.5589771271,12.3210840225,9.01421737671,5.85041046143,3.75851655006,2.75869989395,1.81495392323,0.936623454094,0.512039005756,0.348281741142,0.20749220252,0.124534606934,0.0717316195369,0.0429231338203,0.029014531523,0.0188935082406,0.0113701345399,0.00721188355237,0.00594011787325,0.0126134371385,0.0255910158157],"median":[0.378522306681,1.70049118996,2.58142709732,3.34913420677,5.02212429047,6.87095975876,6.18049240112,5.56204748154,5.06676769257,6.01852560043,7.23520565033,11.9428014755,10.670876503,14.5783433914,11.8192205429,11.3683290482,13.9385499954,10.8308200836,10.5590991974,8.5418806076,5.53703594208,4.01359367371,2.51955461502,1.47359883785,0.978126525879,0.630118131638,0.313954979181,0.174241885543,0.112037353218,0.0743287801743,0.045901030302,0.0262806732208,0.0154445404187,0.0104606021196,0.00714635243639,0.0046585178934,0.0033819116652,0.00311107258312,0.00661126244813,0.014960128814],"min":[1.4039057132e-22,1.30908985781e-21,1.19248627006e-21,8.35139883348e-21,2.32282090307e-20,4.18244522004e-20,6.09713213926e-20,1.41297467122e-19,2.06415942526e-19,1.83009988215e-19,1.97332917789e-19,3.66783257339e-19,5.30919930807e-19,8.45872981542e-19,9.91802065558e-19,1.30377974763e-18,1.64204574656e-18,3.29308335996e-18,3.98613704978e-18,4.33053948808e-18,4.64652537721e-18,5.71878016651e-18,6.41639947972e-18,7.57640779227e-18,1.02056096411e-17,8.99402992606e-18,8.16995785825e-18,1.22740177762e-17,1.47383037991e-17,1.15643737384e-17,1.16261657845e-17,1.01345961855e-17,1.02974506773e-17,9.06054186475e-18,6.51519090105e-18,4.1867721889e-18,2.58259559796e-18,1.05651023353e-18,2.53471197346e-19,3.16150078017e-20],"var":[0.557177603245,20.4941616058,90.6946182251,91.955406189,505.744781494,1153.0748291,1013.58355713,5044.01855469,2343.25830078,2984.30200195,3677.18261719,9029.734375,5411.27832031,6781.16259766,4463.0859375,2946.83642578,1841.34899902,893.090209961,914.369262695,1167.22131348,385.292358398,184.416183472,95.9500808716,118.557617188,260.251220703,110.396736145,29.3793373108,6.97589111328,3.24984645844,0.340204507113,0.0670085325837,0.0162170417607,0.00607358943671,0.00278358743526,0.00111607473809,0.000367335567717,0.000118646566989,0.000154723340529,0.000450569350505,0.000925234984607]},"erbbands_crest":{"dmean":2.53668093681,"dmean2":4.09877157211,"dvar":5.76139068604,"dvar2":14.1856126785,"max":30.6742897034,"mean":9.21649074554,"median":7.97742319107,"min":2.34047651291,"var":20.8551006317},"erbbands_flatness_db":{"dmean":0.0259840972722,"dmean2":0.0406933389604,"dvar":0.000483883108245,"dvar2":0.00117285584565,"max":0.389470309019,"mean":0.169901520014,"median":0.165325820446,"min":0.0296108648181,"var":0.00214993814006},"erbbands_kurtosis":{"dmean":1.16967916489,"dmean2":1.84713745117,"dvar":5.34981060028,"dvar2":12.0290498734,"max":94.7009887695,"mean":1.26827394962,"median":0.280634880066,"min":-1.78622460365,"var":20.7299461365},"erbbands_skewness":{"dmean":0.361779719591,"dmean2":0.560229182243,"dvar":0.111721396446,"dvar2":0.258710801601,"max":7.68416261673,"mean":0.176732033491,"median":0.00608621165156,"min":-4.49373197556,"var":0.918137669563},"erbbands_spread":{"dmean":5.81593561172,"dmean2":9.01924800873,"dvar":35.3862190247,"dvar2":81.5369949341,"max":115.66229248,"mean":25.7828102112,"median":23.721818924,"min":1.01694917679,"var":151.565048218},"gfcc":{"cov":[[12441.3398438,796.412231445,-983.314758301,144.394744873,995.224914551,-33.7878074646,340.557006836,241.442840576,184.216506958,-155.057632446,101.590881348,-245.845001221,345.163543701],[796.412231445,755.910400391,-35.1493263245,-189.983200073,147.920578003,-81.7088241577,67.1268768311,-61.118522644,44.0209655762,-51.5672531128,32.5319976807,-45.5120773315,38.056224823],[-983.314758301,-35.1493263245,476.779724121,194.310775757,-195.951583862,157.434356689,-76.8925933838,77.1214904785,-72.6115493774,65.488822937,-28.8741607666,38.2093162537,-46.6401786804],[144.394744873,-189.983200073,194.310775757,561.530761719,92.7429428101,73.8742294312,111.504333496,87.2112045288,-18.4759750366,42.2685928345,0.345415711403,44.7070465088,-30.038684845],[995.224914551,147.920578003,-195.951583862,92.7429428101,542.878051758,24.8199501038,178.417678833,-19.87449646,92.9644165039,-57.4128189087,44.509563446,-53.8805732727,82.2017669678],[-33.7878074646,-81.7088241577,157.434356689,73.8742294312,24.8199501038,263.483703613,10.293507576,63.9315834045,-40.2765312195,30.4339599609,-15.4033756256,9.50027942657,24.8679847717],[340.557006836,67.1268768311,-76.8925933838,111.504333496,178.417678833,10.293507576,215.998504639,29.8884181976,58.4490737915,-19.9425983429,17.010017395,3.98268294334,22.2459774017],[241.442840576,-61.118522644,77.1214904785,87.2112045288,-19.87449646,63.9315834045,29.8884181976,160.717605591,28.5175056458,41.6347084045,2.40250253677,-1.45690643787,10.203950882],[184.216506958,44.0209655762,-72.6115493774,-18.4759750366,92.9644165039,-40.2765312195,58.4490737915,28.5175056458,122.574813843,23.3282814026,26.9494571686,-15.9121675491,6.8746380806],[-155.057632446,-51.5672531128,65.488822937,42.2685928345,-57.4128189087,30.4339599609,-19.9425983429,41.6347084045,23.3282814026,82.877204895,29.9839324951,18.4597015381,-10.9741268158],[101.590881348,32.5319976807,-28.8741607666,0.345415711403,44.509563446,-15.4033756256,17.010017395,2.40250253677,26.9494571686,29.9839324951,65.4994354248,26.8700370789,14.1710157394],[-245.845001221,-45.5120773315,38.2093162537,44.7070465088,-53.8805732727,9.50027942657,3.98268294334,-1.45690643787,-15.9121675491,18.4597015381,26.8700370789,73.9706802368,9.90801048279],[345.163543701,38.056224823,-46.6401786804,-30.038684845,82.2017669678,24.8679847717,22.2459774017,10.203950882,6.8746380806,-10.9741268158,14.1710157394,9.90801048279,77.5989227295]],"icov":[[0.000169704755535,-0.000281771935988,0.000613202631939,-0.000428064377047,0.000144143545185,-0.000260922068264,0.000286925584078,-0.000383874488762,0.0000293391167361,0.000248874217505,-0.000325837143464,0.000577157479711,-0.000496257387567],[-0.000281771935988,0.00266542471945,-0.00262771546841,0.00186714890879,-0.000642819970381,0.0015482531162,-0.00189090473577,0.00125014653895,0.000137398877996,0.000403630023357,-0.00135795702226,0.00083545857342,-0.000161736985319],[0.000613202631939,-0.00262771546841,0.00794517435133,-0.00390166812576,0.00200899480842,-0.00409227330238,0.00344792054966,-0.00237611029297,0.0000891941599548,-0.000146583974129,0.000641803722829,0.000233311831835,0.000157832997502],[-0.000428064377047,0.00186714890879,-0.00390166812576,0.00577638065442,-0.00345285353251,0.0027489347849,-0.00317563768476,-0.000687385268975,0.00287358160131,-0.00385325518437,0.00349786458537,-0.00466206343845,0.00381381460465],[0.000144143545185,-0.000642819970381,0.00200899480842,-0.00345285353251,0.00728890160099,-0.00323966890574,-0.00101433647797,0.00247861049138,-0.0041029015556,0.0062478557229,-0.00784582737833,0.00811027549207,-0.00552887842059],[-0.000260922068264,0.0015482531162,-0.00409227330238,0.0027489347849,-0.00323966890574,0.00832782126963,-0.00237801414914,-0.00116875593085,0.00431241514161,-0.00551053928211,0.00442378874868,-0.00194097787607,-0.00111715856474],[0.000286925584078,-0.00189090473577,0.00344792054966,-0.00317563768476,-0.00101433647797,-0.00237801414914,0.0102669466287,-0.00261648278683,-0.0038120939862,0.00396064948291,0.000456629466498,-0.00321160722524,0.000955968629569],[-0.000383874488762,0.00125014653895,-0.00237611029297,-0.000687385268975,0.00247861049138,-0.00116875593085,-0.00261648278683,0.0114964479581,-0.00369159481488,-0.00191334926058,-0.00122520618606,0.00410398934036,-0.00385637022555],[0.0000293391167361,0.000137398877996,0.0000891941599548,0.00287358160131,-0.0041029015556,0.00431241514161,-0.0038120939862,-0.00369159481488,0.0171995423734,-0.0101582184434,0.00182980392128,0.000267269933829,0.00218203733675],[0.000248874217505,0.000403630023357,-0.000146583974129,-0.00385325518437,0.0062478557229,-0.00551053928211,0.00396064948291,-0.00191334926058,-0.0101582184434,0.0318499580026,-0.0197468586266,0.00557058071718,-0.000321920932038],[-0.000325837143464,-0.00135795702226,0.000641803722829,0.00349786458537,-0.00784582737833,0.00442378874868,0.000456629466498,-0.00122520618606,0.00182980392128,-0.0197468586266,0.0387442186475,-0.0198886841536,0.00328810559586],[0.000577157479711,0.00083545857342,0.000233311831835,-0.00466206343845,0.00811027549207,-0.00194097787607,-0.00321160722524,0.00410398934036,0.000267269933829,0.00557058071718,-0.0198886841536,0.0325569026172,-0.0119904680178],[-0.000496257387567,-0.000161736985319,0.000157832997502,0.00381381460465,-0.00552887842059,-0.00111715856474,0.000955968629569,-0.00385637022555,0.00218203733675,-0.000321920932038,0.00328810559586,-0.0119904680178,0.0238842181861]],"mean":[-43.5653495789,125.746383667,-80.9701843262,-13.0856361389,-4.88951635361,-9.55319786072,-6.27007675171,-12.9872255325,-2.47920179367,-11.481253624,-2.91620278358,-7.10001468658,-1.14296758175]},"hfc":{"dmean":56.1755409241,"dmean2":81.7714920044,"dvar":7768.21142578,"dvar2":17139.7558594,"max":1662.74890137,"mean":155.740188599,"median":126.84539032,"min":1.09516416849e-16,"var":21726.390625},"melbands":{"dmean":[0.00314454571344,0.00256745610386,0.000826812989544,0.000635876436718,0.0003502726031,0.000279887346551,0.000161698990269,0.000118171345093,0.00011797893967,0.000142565899296,0.0000861508888192,0.000100833291071,0.0000572100871068,0.0000376262723876,0.0000389025663026,0.0000301555828628,0.0000227904783969,0.0000187307123269,0.000016287114704,0.0000117355193652,0.00000794777224655,0.00000604139950156,0.00000359331829713,0.0000027376113394,0.00000178557263553,0.00000126778115828,9.43746158555e-7,6.46222872547e-7,4.06342934411e-7,2.52562699643e-7,1.95337449327e-7,1.58944786222e-7,1.16337623979e-7,8.83851285494e-8,6.62061268031e-8,4.9596156515e-8,3.86116099094e-8,3.09322949477e-8,2.68304223283e-8,2.39863862106e-8],"dmean2":[0.00526803405955,0.00436961278319,0.00140110799111,0.00103119260166,0.000556246435735,0.000427035265602,0.000252684549196,0.000189115235116,0.00018265635299,0.000226900490816,0.000136739312438,0.000155656802235,0.0000911675451789,0.0000595329220232,0.0000607167457929,0.000047616646043,0.0000356296404789,0.0000299633175018,0.0000258269228652,0.0000186270663107,0.0000126363756863,0.00000954232382355,0.00000558504598303,0.00000430008913099,0.00000278223183159,0.00000193439404939,0.00000151123958858,0.00000100662600744,6.41197289042e-7,3.99911300519e-7,3.10224322675e-7,2.54949299006e-7,1.89076999391e-7,1.45761930526e-7,1.09869283449e-7,8.1140875352e-8,6.37694128613e-8,5.11150268778e-8,4.42538592438e-8,3.94897057276e-8],"dvar":[0.0000293918183161,0.0000267175946647,0.00000181725056336,0.00000189318302546,6.86969769959e-7,7.62957881761e-7,2.5152266403e-7,1.18375311331e-7,1.136027592e-7,1.67702935983e-7,7.31888576411e-8,7.14411854119e-8,3.0582988586e-8,1.02282360359e-8,9.43755917859e-9,2.9146951519e-9,1.64578617401e-9,1.13230813614e-9,1.29976596153e-9,1.1501123387e-9,2.19698301218e-10,1.33628233479e-10,4.97422519841e-11,3.7367546557e-11,3.09385086994e-11,4.33456742721e-11,3.23880089415e-11,1.38487745577e-11,5.33999754138e-12,1.37471750563e-12,6.42681546002e-13,6.35225758713e-13,1.043498919e-13,5.56216314326e-14,2.69664729457e-14,9.17653980418e-15,4.68640502178e-15,2.96667953468e-15,2.26672136498e-15,1.78380268252e-15],"dvar2":[0.0000793346698629,0.0000714111229172,0.00000475316983284,0.00000473095633424,0.00000169300528796,0.0000015559919575,6.1811795149e-7,3.02626716575e-7,2.64845112952e-7,4.32978850995e-7,1.96271628283e-7,1.77905732812e-7,7.50559721041e-8,2.5531145198e-8,1.94773353002e-8,6.96957025426e-9,4.1425045616e-9,2.8038225075e-9,3.19660320436e-9,2.47714804225e-9,5.37809574652e-10,3.28870958244e-10,1.14903385418e-10,8.94381999017e-11,7.0806659147e-11,9.03347327497e-11,7.05503364062e-11,2.98245005081e-11,1.04005129162e-11,2.82402942177e-12,1.25401522933e-12,1.42569929387e-12,2.44997408862e-13,1.45111624539e-13,7.35843542132e-14,2.35083423539e-14,1.17978323373e-14,7.47212570816e-15,5.71461746942e-15,4.49620419699e-15],"max":[0.0689876005054,0.0659196227789,0.0187521874905,0.0356647595763,0.0258238594979,0.0280641131103,0.0143536524847,0.015382707119,0.012114552781,0.0119195720181,0.00921291485429,0.0110442843288,0.0081828404218,0.00417790003121,0.00705936038867,0.00142824661452,0.00100562116131,0.000905659340788,0.00196848204359,0.00257260096259,0.000303842214635,0.000253477395745,0.000241752975853,0.00021836248925,0.000391458452214,0.000503245741129,0.00044356106082,0.000271127501037,0.000207841978408,0.0000638475758024,0.0000721072865417,0.0000681761812302,0.0000155643865583,0.00000702653278495,0.00000519817922395,0.00000317438139064,0.00000129485431444,0.00000100684178506,8.74414581631e-7,7.74998966335e-7],"mean":[0.00522363139316,0.0034941509366,0.00125923985615,0.0010380835738,0.000573005410843,0.000501125352457,0.00027360158856,0.000203806877835,0.000206226148293,0.000237266518525,0.000140609306982,0.00016088859411,0.0000912732357392,0.0000643691528239,0.0000644543179078,0.0000517139815202,0.0000391078865505,0.0000323219392158,0.0000278030220215,0.0000195153243112,0.000013361850506,0.0000101662408269,0.00000610927145317,0.00000450586367151,0.00000286769795821,0.00000218471222979,0.00000163557137967,0.00000110993096314,6.48086825095e-7,3.69651047549e-7,2.73763134828e-7,2.12425064205e-7,1.43856638601e-7,1.02364964505e-7,7.4952154705e-8,5.48150360657e-8,3.90505690007e-8,3.03767855314e-8,2.62828194764e-8,2.37449704343e-8],"median":[0.00359722832218,0.00178687949665,0.00070048001362,0.000465433346108,0.000255190941971,0.000127481675008,0.0000799844710855,0.0000622308652964,0.0000630231006653,0.0000733670094633,0.000049639500503,0.0000561860215385,0.0000371052556147,0.0000283504869003,0.0000303849228658,0.0000252975532931,0.0000176121866389,0.0000157980448421,0.0000133586554512,0.00000846626062412,0.00000569495341551,0.00000415948670707,0.0000026364475616,0.00000167105827131,0.00000104904836462,7.49988771531e-7,5.47759327674e-7,3.713707315e-7,2.02651847303e-7,1.277020516e-7,8.69217302579e-8,6.45053859216e-8,4.99042656088e-8,3.65067656105e-8,2.72041997817e-8,2.03261905085e-8,1.36297488851e-8,1.07479509737e-8,9.1989065254e-9,8.53966941605e-9],"min":[2.72903728313e-24,1.28168992284e-24,2.63714287628e-24,2.04328404809e-24,1.90608713439e-24,3.81908666247e-24,3.01364607039e-24,1.78180328207e-24,1.65500887991e-24,2.59317334714e-24,2.49435037496e-24,2.9264735877e-24,3.43167588862e-24,2.85050943797e-24,4.59404704968e-24,3.03309622486e-24,5.47990905282e-24,6.23886976315e-24,5.91238942233e-24,3.61790149366e-24,4.26801557071e-24,5.0155362202e-24,6.20219719739e-24,5.12965323318e-24,4.51404235439e-24,6.6428698874e-24,7.36881440226e-24,4.48030237904e-24,5.05397583439e-24,5.03345795667e-24,5.81411983608e-24,8.04903653906e-24,6.49163539111e-24,5.66061697025e-24,6.17017299451e-24,6.8427467304e-24,5.81925374285e-24,6.65668284185e-24,7.91107186649e-24,7.16173447034e-24],"var":[0.0000374262999685,0.0000267760296992,0.00000298608165394,0.00000415104886997,0.00000117100853458,0.00000205316632673,5.20833566497e-7,2.95430425012e-7,2.79006172832e-7,3.54458535412e-7,1.34782467853e-7,1.2638624014e-7,5.68020510627e-8,2.20618030511e-8,1.93884890365e-8,5.85776094297e-9,3.21454862728e-9,2.34876540439e-9,2.54307708225e-9,2.19000972912e-9,4.37048619517e-10,2.56633436724e-10,1.00426972294e-10,7.21566140172e-11,7.9587399171e-11,1.60626234535e-10,1.00583333329e-10,4.41610359392e-11,1.6594899066e-11,3.28757051964e-12,2.31326394672e-12,1.66441361561e-12,2.22649291582e-13,7.13717550772e-14,2.72360005236e-14,1.01568830318e-14,4.92240364748e-15,3.08088519872e-15,2.34521103777e-15,1.85884471945e-15]},"melbands_crest":{"dmean":3.8516087532,"dmean2":6.31764793396,"dvar":11.5685501099,"dvar2":29.7663097382,"max":37.8912200928,"mean":17.9689102173,"median":17.3935642242,"min":1.65188169479,"var":42.8309822083},"melbands_flatness_db":{"dmean":0.0391313545406,"dmean2":0.0619020462036,"dvar":0.00115220819134,"dvar2":0.00289981602691,"max":0.635515511036,"mean":0.311576247215,"median":0.305453389883,"min":0.00342749687843,"var":0.00436164811254},"melbands_kurtosis":{"dmean":10.8476009369,"dmean2":17.2967357635,"dvar":414.125061035,"dvar2":993.837585449,"max":589.973327637,"mean":18.7821884155,"median":9.11947727203,"min":-1.85966050625,"var":887.202148438},"melbands_skewness":{"dmean":0.916150033474,"dmean2":1.4294025898,"dvar":1.02650737762,"dvar2":2.40575528145,"max":20.6833591461,"mean":3.0194504261,"median":2.65205836296,"min":-2.37668681145,"var":4.04739570618},"melbands_spread":{"dmean":3.92743229866,"dmean2":6.14162254333,"dvar":26.1324043274,"dvar2":60.6625862122,"max":204.356155396,"mean":12.090918541,"median":9.9026184082,"min":0.377371996641,"var":126.106163025},"mfcc":{"cov":[[9476.22851562,877.529785156,-1485.31188965,590.389282227,248.39515686,238.744506836,189.716049194,376.52331543,250.756500244,239.760681152,51.2075653076,-11.7786035538,3.83593201637],[877.529785156,1040.07617188,-290.191436768,-119.348823547,47.95728302,-1.10639095306,-7.61317014694,-3.63923573494,16.8942451477,7.3662147522,-6.12217235565,-24.610824585,-16.186372757],[-1485.31188965,-290.191436768,847.609619141,-64.8058853149,-80.697052002,-52.2281112671,-12.4220314026,-55.8955116272,-52.5144996643,-39.8147010803,17.4754486084,18.8165359497,-25.5599384308],[590.389282227,-119.348823547,-64.8058853149,498.492156982,57.4867706299,84.4895019531,82.3935928345,102.246955872,29.4722576141,51.2842521667,43.1318664551,17.041967392,23.1665477753],[248.39515686,47.95728302,-80.697052002,57.4867706299,209.075210571,97.7972640991,62.0983467102,31.1283435822,38.0199699402,24.9525775909,4.33240604401,4.9346871376,16.7550010681],[238.744506836,-1.10639095306,-52.2281112671,84.4895019531,97.7972640991,195.765579224,104.85484314,62.6042022705,33.117603302,22.0847625732,-10.8964929581,-5.41761445999,18.8858737946],[189.716049194,-7.61317014694,-12.4220314026,82.3935928345,62.0983467102,104.85484314,145.145599365,79.6601867676,42.9771156311,19.5430908203,-0.848328590393,-6.08428430557,14.31346035],[376.52331543,-3.63923573494,-55.8955116272,102.246955872,31.1283435822,62.6042022705,79.6601867676,116.522384644,61.388343811,39.0957794189,11.0066776276,-0.0223471857607,6.89087200165],[250.756500244,16.8942451477,-52.5144996643,29.4722576141,38.0199699402,33.117603302,42.9771156311,61.388343811,91.5923690796,55.8585739136,15.7819547653,1.61241197586,4.55788898468],[239.760681152,7.3662147522,-39.8147010803,51.2842521667,24.9525775909,22.0847625732,19.5430908203,39.0957794189,55.8585739136,88.4741592407,47.2929420471,10.0047988892,1.79149353504],[51.2075653076,-6.12217235565,17.4754486084,43.1318664551,4.33240604401,-10.8964929581,-0.848328590393,11.0066776276,15.7819547653,47.2929420471,70.0105819702,35.048248291,5.98709487915],[-11.7786035538,-24.610824585,18.8165359497,17.041967392,4.9346871376,-5.41761445999,-6.08428430557,-0.0223471857607,1.61241197586,10.0047988892,35.048248291,59.4930725098,32.3804893494],[3.83593201637,-16.186372757,-25.5599384308,23.1665477753,16.7550010681,18.8858737946,14.31346035,6.89087200165,4.55788898468,1.79149353504,5.98709487915,32.3804893494,57.2702140808]],"icov":[[0.000178816597327,-0.0000973037240328,0.000248555006692,-0.000138081464684,-0.0000151319636643,0.00000194432004719,0.0000280069489236,-0.000329497095663,0.0000366942294932,-0.00025916841696,0.000229517798289,-0.000305145687889,0.000317462283419],[-0.0000973037240328,0.00119208241813,0.000279763829894,0.000440117320977,-0.000240089968429,0.0000615770550212,-0.0000828995689517,0.000142578704981,-0.0000368960209016,0.000381765741622,-0.000719658914022,0.000598070211709,0.0000718426817912],[0.000248555006692,0.000279763829894,0.00186981773004,0.00000599448912908,0.000359216035577,0.0000880248044268,-0.000828463991638,0.000254616577877,0.000199181988137,0.000329499511281,-0.00049573846627,-0.00119488849305,0.0016380592715],[-0.000138081464684,0.000440117320977,0.00000599448912908,0.00300808507018,-0.000406273786211,-0.000340782135027,-0.000131542750751,-0.00243359641172,0.00189009553287,-0.000322429666994,-0.0019909508992,0.00101609691046,-0.0010302659357],[-0.0000151319636643,-0.000240089968429,0.000359216035577,-0.000406273786211,0.00694187870249,-0.00294077419676,-0.00119770190213,0.00239246431738,-0.00257721589878,0.000382293656003,-0.000426238548243,-0.000731600273866,-0.000140497853863],[0.00000194432004719,0.0000615770550212,0.0000880248044268,-0.000340782135027,-0.00294077419676,0.0104301040992,-0.00566267268732,-0.00106192415114,0.00252291955985,-0.00377751537599,0.00465512042865,-0.00100787251722,-0.000841136381496],[0.0000280069489236,-0.0000828995689517,-0.000828463991638,-0.000131542750751,-0.00119770190213,-0.00566267268732,0.0164477657527,-0.00795462168753,-0.00202580401674,0.00390462041833,-0.00345311523415,0.00497492495924,-0.00369046302512],[-0.000329497095663,0.000142578704981,0.000254616577877,-0.00243359641172,0.00239246431738,-0.00106192415114,-0.00795462168753,0.0225798096508,-0.0105235092342,0.000285481481114,0.000497290457133,-0.00146311509889,0.00168575556017],[0.0000366942294932,-0.0000368960209016,0.000199181988137,0.00189009553287,-0.00257721589878,0.00252291955985,-0.00202580401674,-0.0105235092342,0.0276991222054,-0.0172215867788,0.00776501651853,-0.00290091498755,0.000168643658981],[-0.00025916841696,0.000381765741622,0.000329499511281,-0.000322429666994,0.000382293656003,-0.00377751537599,0.00390462041833,0.000285481481114,-0.0172215867788,0.0356989167631,-0.0260387118906,0.0115784294903,-0.00304405414499],[0.000229517798289,-0.000719658914022,-0.00049573846627,-0.0019909508992,-0.000426238548243,0.00465512042865,-0.00345311523415,0.000497290457133,0.00776501651853,-0.0260387118906,0.0446993857622,-0.0274683665484,0.0108123226091],[-0.000305145687889,0.000598070211709,-0.00119488849305,0.00101609691046,-0.000731600273866,-0.00100787251722,0.00497492495924,-0.00146311509889,-0.00290091498755,0.0115784294903,-0.0274683665484,0.0448902361095,-0.0239163786173],[0.000317462283419,0.0000718426817912,0.0016380592715,-0.0010302659357,-0.000140497853863,-0.000841136381496,-0.00369046302512,0.00168575556017,0.000168643658981,-0.00304405414499,0.0108123226091,-0.0239163786173,0.0321197062731]],"mean":[-711.761413574,191.448181152,-10.5428142548,18.3962955475,13.3975629807,12.7276659012,5.01577472687,6.63685321808,2.82933664322,3.61570978165,0.332580536604,-0.635163247585,0.300159752369]},"pitch_salience":{"dmean":0.0802852064371,"dmean2":0.131245359778,"dvar":0.00510327704251,"dvar2":0.0134668406099,"max":0.964052021503,"mean":0.509016692638,"median":0.520342230797,"min":0.08763705194,"var":0.0153375938535},"silence_rate_20dB":{"dmean":0,"dmean2":0,"dvar":0,"dvar2":0,"max":1,"mean":1,"median":1,"min":1,"var":0},"silence_rate_30dB":{"dmean":0.0681531354785,"dmean2":0.136315822601,"dvar":0.0635048896074,"dvar2":0.141983360052,"max":1,"mean":0.928696632385,"median":1,"min":0,"var":0.0662152543664},"silence_rate_60dB":{"dmean":0.0103772263974,"dmean2":0.0207559075207,"dvar":0.0102687040344,"dvar2":0.023266877979,"max":1,"mean":0.0893220230937,"median":0,"min":0,"var":0.0813509374857},"spectral_centroid":{"dmean":139.502593994,"dmean2":214.293777466,"dvar":33980.78125,"dvar2":69857.484375,"max":11579.0712891,"mean":749.056884766,"median":663.02331543,"min":112.37979126,"var":310665.875},"spectral_complexity":{"dmean":3.01332211494,"dmean2":4.38552713394,"dvar":9.9320268631,"dvar2":17.8436393738,"max":49,"mean":15.6586971283,"median":16,"min":0,"var":68.6835098267},"spectral_contrast_coeffs":{"dmean":[0.0531824454665,0.0463832989335,0.0380261316895,0.0289903450757,0.0269398167729,0.0314712524414],"dmean2":[0.088794901967,0.0764388218522,0.0622126534581,0.0472632646561,0.0433386452496,0.0510218888521],"dvar":[0.00182886794209,0.00141729577444,0.000920758990105,0.000540775712579,0.000541380664799,0.00109246955253],"dvar2":[0.0049609891139,0.00375322764739,0.0023724201601,0.00139745906927,0.00132818485145,0.00274110003375],"max":[-0.305988788605,-0.396547406912,-0.50960701704,-0.606001734734,-0.653332233429,-0.470547735691],"mean":[-0.683832287788,-0.766207993031,-0.784472227097,-0.806552231312,-0.818803787231,-0.814513087273],"median":[-0.692619979382,-0.774444460869,-0.789274811745,-0.806234955788,-0.810539901257,-0.830037117004],"min":[-0.981194555759,-0.976248979568,-0.975520074368,-0.978985726833,-0.965239703655,-0.964463472366],"var":[0.00723795453086,0.00475047621876,0.0035331833642,0.00208964222111,0.00254196114838,0.00274522742257]},"spectral_contrast_valleys":{"dmean":[0.394559323788,0.383093237877,0.344060719013,0.318635344505,0.385282605886,0.702837228775],"dmean2":[0.643158316612,0.604318678379,0.526846528053,0.474172919989,0.585489153862,1.10925149918],"dvar":[0.122264198959,0.114455237985,0.100447572768,0.101592883468,0.157492771745,0.333545953035],"dvar2":[0.280842810869,0.247184723616,0.192819818854,0.188934013247,0.356414049864,0.878777325153],"max":[-4.72178268433,-4.41774511337,-5.23477077484,-5.70464038849,-5.68927335739,-8.81628417969],"mean":[-6.80734300613,-6.71870422363,-7.20857429504,-7.68585443497,-8.38894176483,-11.3406381607],"median":[-6.39444255829,-6.54683876038,-6.91889810562,-7.36315727234,-8.10404396057,-11.1755905151],"min":[-27.6794624329,-27.8113479614,-27.8918952942,-27.5690670013,-27.4365825653,-27.381565094],"var":[2.2512717247,1.67087805271,1.84205031395,1.98430216312,1.72594368458,1.52203166485]},"spectral_decrease":{"dmean":4.24367430085e-9,"dmean2":6.89452184233e-9,"dvar":4.21800735601e-17,"dvar2":1.08915532999e-16,"max":9.23587251123e-9,"mean":-9.25447629641e-9,"median":-7.80081244045e-9,"min":-8.0749970266e-8,"var":7.16455936292e-17},"spectral_energy":{"dmean":0.0179727133363,"dmean2":0.0284915156662,"dvar":0.000771849183366,"dvar2":0.0019199848175,"max":0.341194450855,"mean":0.0490545630455,"median":0.0433919243515,"min":1.00341766207e-20,"var":0.00142566044815},"spectral_energyband_high":{"dmean":0.000200563881663,"dmean2":0.000288627314148,"dvar":1.40390852721e-7,"dvar2":2.8600220503e-7,"max":0.00925872381777,"mean":0.000417083909269,"median":0.00018353354244,"min":7.222791667e-21,"var":4.06779804507e-7},"spectral_energyband_low":{"dmean":0.0141737302765,"dmean2":0.0236021056771,"dvar":0.000620610138867,"dvar2":0.00162971694954,"max":0.301451832056,"mean":0.0253387670964,"median":0.0187552124262,"min":1.92163897494e-23,"var":0.000771326187532},"spectral_energyband_middle_high":{"dmean":0.00154831330292,"dmean2":0.00222506048158,"dvar":0.00000713948656994,"dvar2":0.0000160106592375,"max":0.078729107976,"mean":0.00414638034999,"median":0.00275272806175,"min":1.32040431938e-21,"var":0.0000270337459369},"spectral_energyband_middle_low":{"dmean":0.00525554269552,"dmean2":0.00817440263927,"dvar":0.000074005452916,"dvar2":0.000170830026036,"max":0.170472085476,"mean":0.0130702983588,"median":0.00748582556844,"min":1.64253550594e-22,"var":0.000258427375229},"spectral_entropy":{"dmean":0.22835509479,"dmean2":0.359307825565,"dvar":0.0490163452923,"dvar2":0.124724708498,"max":9.8215713501,"mean":7.12955999374,"median":7.19063997269,"min":4.67744779587,"var":0.200151637197},"spectral_flux":{"dmean":0.0314403399825,"dmean2":0.0487264543772,"dvar":0.00159030361101,"dvar2":0.00335599249229,"max":0.492057323456,"mean":0.106772921979,"median":0.0973142385483,"min":6.5766461721e-11,"var":0.00430371006951},"spectral_kurtosis":{"dmean":9.02851486206,"dmean2":14.3833932877,"dvar":88.5638198853,"dvar2":231.622848511,"max":130.134033203,"mean":28.0478935242,"median":25.7900218964,"min":-1.24410378933,"var":216.591964722},"spectral_rms":{"dmean":0.00112995388918,"dmean2":0.00173202273436,"dvar":0.00000198098837245,"dvar2":0.00000459307193523,"max":0.0182447973639,"mean":0.00631876429543,"median":0.00650642625988,"min":3.12880819343e-12,"var":0.00000793120943854},"spectral_rolloff":{"dmean":3566.27685547,"dmean2":6902.14550781,"dvar":52119224,"dvar2":124186192,"max":22050,"mean":9080.68945312,"median":1421.19140625,"min":43.06640625,"var":100718400},"spectral_skewness":{"dmean":0.605097293854,"dmean2":0.954139411449,"dvar":0.355689615011,"dvar2":0.9239782691,"max":9.49248790741,"mean":3.79528427124,"median":3.68699502945,"min":-0.0694601535797,"var":1.17748820782},"spectral_spread":{"dmean":603292.1875,"dmean2":969144.4375,"dvar":410709393408,"dvar2":976426303488,"max":42231240,"mean":3514829.75,"median":3325826.5,"min":913532.875,"var":2938575257600},"spectral_strongpeak":{"dmean":1.9454407692,"dmean2":3.54707407951,"dvar":88.8784713745,"dvar2":233.787521362,"max":250.583938599,"mean":2.38999724388,"median":0.277762323618,"min":0,"var":134.856338501},"zerocrossingrate":{"dmean":0.0367812849581,"dmean2":0.0448599718511,"dvar":0.00111100869253,"dvar2":0.00159489095677,"max":0.82177734375,"mean":0.222432523966,"median":0.20849609375,"min":0.00537109375,"var":0.0148638756946}},"metadata":{"audio_properties":{"analysis_sample_rate":44100,"bit_rate":202480,"codec":"mp3","downmix":"mix","equal_loudness":0,"length":331.15536499,"lossless":false,"md5_encoded":"4a10202954aa1b0e59c86fc53d4b04e8","replay_gain":0.699769973755,"sample_rate":44100},"tags":{"album":["Chicago II"],"albumartist":["Chicago"],"albumartistsort":["Chicago"],"artist":["Chicago"],"date":["1970"],"file_name":"03 - Chicago - Poem for the People.mp3","genre":["Jazz","Pop Rock","Jazz Fusion","blues rock","rock","jazz","Pop","Easy Listening","Soft Rock","Rock","Classic Rock","Progressive Rock","Funk","classic rock"],"musicbrainz_albumid":["15f216d2-aad8-45be-963c-63b6f74dd52a"],"musicbrainz_artistid":["3f5be744-e867-42fb-8913-5fd69e4099b5"],"musicbrainz_recordingid":["451a3302-586a-46ed-bcee-57ec0fb32bc7"],"title":["Poem for the People"],"tracknumber":["3/25"]},"version":{"essentia":"2.1-beta1","essentia_build_sha":"ca57ba49d9b1854bd80e60cf9ccf267278fb7d6b","essentia_git_sha":"v2.1_beta1-28-g21ef5f4-dirty","extractor":"music 1.0"}},"rhythm":{"beats_count":663,"beats_loudness":{"dmean":0.026971232146,"dmean2":0.0469944737852,"dvar":0.000641894934233,"dvar2":0.00185932137538,"max":0.227102503181,"mean":0.0648209825158,"median":0.0643784329295,"min":1.57957096292e-8,"var":0.00136087613646},"beats_loudness_band_ratio":{"dmean":[0.156986668706,0.108046300709,0.0705066695809,0.0553725361824,0.0187748000026,0.0820260941982],"dmean2":[0.265862673521,0.187847346067,0.123512074351,0.0974676609039,0.0335009917617,0.141715973616],"dvar":[0.0160042196512,0.0144201461226,0.0111121162772,0.00543745281175,0.000342761457432,0.0053126020357],"dvar2":[0.0454890169203,0.0404634736478,0.0293920859694,0.0145491445437,0.000963639409747,0.0152383549139],"max":[0.954944133759,0.894566833973,0.959467768669,0.719190776348,0.153145894408,0.692766070366],"mean":[0.488481611013,0.173725396395,0.101025164127,0.0779316499829,0.0259356871247,0.157895699143],"median":[0.506094098091,0.113