{"lowlevel":{"average_loudness":0.663300812244,"barkbands":{"dmean":[0.00144617480692,0.00414116680622,0.000788106000982,0.000371114292648,0.00215670280159,0.00184563640505,0.00126903795172,0.00084717257414,0.000976716051809,0.000870806106832,0.000331477902364,0.000137041060952,0.0000938490993576,0.0000341936211044,0.0000281303127849,0.0000209992867894,0.0000135409263748,0.0000171934752871,0.0000134621914185,0.00000893516789802,0.00000719131276128,0.00000383796077585,0.00000230403861678,0.0000021426933472,0.00000211360770663,0.00000235529728343,0.0000162641736097],"dmean2":[0.00233289971948,0.00679603777826,0.00138298468664,0.000634358089883,0.003284876002,0.00263853743672,0.00191737583373,0.00127737235744,0.00151810038369,0.00134049542248,0.000534724735189,0.000216297819861,0.000150043066242,0.0000540360015293,0.0000435889633081,0.0000323909334838,0.0000205000524147,0.0000258908494288,0.0000191091530723,0.0000128844967549,0.0000105173448901,0.00000608574282523,0.00000384337909054,0.00000360181797987,0.00000354161397809,0.00000389898332287,0.0000211714941543],"dvar":[0.0000152477578013,0.000104533748527,0.00000191176036424,3.95401372089e-7,0.0000161171501531,0.0000149124598465,0.0000102603153209,0.00000580016376261,0.00000712101928002,0.0000109647671707,0.00000211938845496,4.72786268801e-7,4.06445579415e-8,6.17640383282e-9,5.19576648372e-9,3.0422855346e-9,1.72437863988e-9,6.00151173202e-9,3.56106366617e-9,1.6037356998e-9,5.97724147955e-10,6.56091847517e-11,1.85035892858e-11,1.62616222571e-11,1.52544869098e-11,1.621028832e-11,1.07528019822e-9],"dvar2":[0.0000396041505155,0.000252284662565,0.00000586398527957,0.00000107491030121,0.0000380712699553,0.000034350749047,0.0000268017065537,0.0000142919861901,0.0000177672936843,0.0000221684949793,0.00000564925994695,9.96389076136e-7,9.61330925975e-8,1.51236960733e-8,1.21995702429e-8,7.18550419165e-9,3.80351705687e-9,1.50740593341e-8,6.88505430446e-9,3.33745986403e-9,1.25459609368e-9,1.60485472134e-10,4.83738361867e-11,4.26145438381e-11,4.00584738991e-11,4.24827187318e-11,1.45488532333e-9],"max":[0.102399393916,0.192476347089,0.021662959829,0.0146305616945,0.0817788392305,0.0899685621262,0.0918747633696,0.0903241336346,0.112908273935,0.162936478853,0.0399846360087,0.0484499335289,0.00740551762283,0.00233842944726,0.00207485817373,0.0014237355208,0.00146705715451,0.00339046353474,0.00360749056563,0.00260546756908,0.00144135497976,0.000435723952251,0.0000704480917193,0.0000683227335685,0.0000659500001348,0.0000674162001815,0.000745594967157],"mean":[0.00276592886075,0.0132765984163,0.00107985013165,0.000492033606861,0.00483034783974,0.00424433033913,0.00263556884602,0.00159604661167,0.00182491913438,0.00151240674313,0.000487987825181,0.000240573528572,0.00016532567679,0.0000580247797188,0.0000472423016618,0.0000338614772772,0.0000215382624447,0.0000301154268527,0.0000251275869232,0.0000154692352226,0.0000133978592203,0.00000586648184253,0.00000254188898907,0.00000218605418922,0.00000218357581616,0.00000272825604952,0.0000365943342331],"median":[0.000664244056679,0.00372260040604,0.000428170722444,0.000216340064071,0.00201667076908,0.00203032279387,0.00082728639245,0.000542077876162,0.00054807937704,0.000282681314275,0.000106748389953,0.0000813110309537,0.000058109886595,0.0000196132350538,0.0000110009332275,0.00000706666605765,0.00000432527849625,0.00000480726248497,0.00000395431743527,0.00000259929015556,0.00000275285356111,0.00000169577310771,8.38443213524e-7,7.03832597537e-7,7.33877016046e-7,0.00000113904059162,0.0000107599898911],"min":[2.93072180089e-25,6.46172434938e-25,4.40565750057e-25,5.1074740144e-25,4.12414035781e-24,8.81046007314e-24,6.7883121725e-24,3.75737999031e-24,8.50311670902e-24,1.75398599551e-23,1.40406354849e-23,1.25578215299e-23,1.70718051142e-23,1.92545169746e-23,3.58238713348e-23,5.54319179018e-23,6.09129234713e-23,7.02022591903e-23,1.10134675892e-22,1.1625142762e-22,2.3760303663e-22,2.63733139037e-22,3.3348894082e-22,5.68274595437e-22,7.64475838867e-22,1.3378296383e-21,1.94750425989e-21],"var":[0.0000259470816673,0.000405119964853,0.00000312708584715,6.63495143272e-7,0.0000577782848268,0.00004209484905,0.0000248340384132,0.0000150708910951,0.0000160724393936,0.0000275223646895,0.00000313119630846,9.84846110441e-7,1.05433301201e-7,1.33436381944e-8,1.25552972463e-8,6.44199937838e-9,3.91132415345e-9,1.37097826425e-8,1.28507000596e-8,4.77248374153e-9,2.55387599957e-9,2.06606759479e-10,2.15414214244e-11,1.71657445203e-11,1.64332037561e-11,1.92348550282e-11,6.12454442717e-9]},"barkbands_crest":{"dmean":2.18456125259,"dmean2":3.54219126701,"dvar":4.26930475235,"dvar2":11.0767011642,"max":26.1272106171,"mean":12.7298765182,"median":11.9799365997,"min":2.95558953285,"var":21.8735027313},"barkbands_flatness_db":{"dmean":0.0324365273118,"dmean2":0.0513359084725,"dvar":0.000740886724088,"dvar2":0.00197436963208,"max":0.43295031786,"mean":0.224822297692,"median":0.228237599134,"min":0.0157201271504,"var":0.00391904404387},"barkbands_kurtosis":{"dmean":6.9692363739,"dmean2":11.3212366104,"dvar":207.715896606,"dvar2":559.075866699,"max":451.906158447,"mean":15.0135583878,"median":6.80530166626,"min":-1.78059053421,"var":850.637084961},"barkbands_skewness":{"dmean":0.679044365883,"dmean2":1.07816755772,"dvar":0.648577272892,"dvar2":1.72115778923,"max":16.5089855194,"mean":2.00803685188,"median":1.69483101368,"min":-2.98308587074,"var":3.58752059937},"barkbands_spread":{"dmean":1.86076426506,"dmean2":2.81024551392,"dvar":7.70371341705,"dvar2":18.8698768616,"max":116.11844635,"mean":8.24736690521,"median":6.3204627037,"min":0.28093701601,"var":73.3399276733},"dissonance":{"dmean":0.0412027090788,"dmean2":0.0693158060312,"dvar":0.0013847660739,"dvar2":0.00381489726715,"max":0.5,"mean":0.411413580179,"median":0.420930206776,"min":0.1370228827,"var":0.00330439093523},"dynamic_complexity":5.41687297821,"erbbands":{"dmean":[0.221815750003,0.606692969799,0.82379847765,1.01234197617,3.97492051125,9.35414791107,6.41677379608,20.7484207153,19.8482093811,21.2909107208,12.7540473938,23.8947353363,23.2763366699,25.337436676,10.0685806274,4.91312551498,4.13891649246,2.07121038437,1.35916852951,1.34394323826,1.00050067902,0.741680026054,0.91494768858,0.736931979656,0.615732610226,0.423472881317,0.336201757193,0.254344642162,0.144657582045,0.0866002961993,0.0632979646325,0.0474304780364,0.0343387238681,0.0236195009202,0.0150653850287,0.00869663897902,0.00445573497564,0.00221819011495,0.00130903837271,0.00124444859102],"dmean2":[0.367802023888,0.98924100399,1.4388910532,1.73858833313,6.24344873428,14.2323875427,9.56197738647,29.5449810028,29.3052158356,32.3860588074,19.296497345,36.8164558411,36.1614189148,38.8159179688,15.9496612549,7.89566993713,6.60729074478,3.22336769104,2.10306477547,2.08262062073,1.51482224464,1.09607172012,1.3682847023,1.06320571899,0.905822217464,0.602721631527,0.499936640263,0.375653475523,0.22532120347,0.141133964062,0.105706810951,0.0797635763884,0.0577340908349,0.0396287105978,0.0252068117261,0.0144980857149,0.00736138131469,0.00343150785193,0.00170549028553,0.00172805855982],"dvar":[0.342974573374,1.71018624306,2.06638813019,2.74099469185,46.4596481323,363.336517334,233.165405273,1911.57861328,2982.30957031,2649.89379883,1205.79943848,3449.42480469,10186.9755859,8791.87011719,2484.12304688,279.468322754,76.3714370728,24.1023540497,12.0173482895,13.4096403122,7.29042625427,4.94137096405,17.3473758698,7.31737995148,10.4574718475,3.62331271172,1.71285140514,0.563718795776,0.0956527292728,0.0249958392233,0.0140218483284,0.00796909537166,0.00418286910281,0.00193884701002,0.000761723436881,0.000239905479248,0.0000568373288843,0.0000119011738207,0.00000699202701071,0.0000029576876841],"dvar2":[0.825828373432,4.24537611008,6.17036914825,8.17395305634,115.952018738,886.58416748,492.507476807,4394.39160156,7485.43017578,6993.06201172,3067.78442383,8470.52929688,22018.2792969,19080.5,6229.92480469,630.224243164,183.728973389,58.4855766296,29.2908592224,31.3218860626,16.5617389679,10.2282686234,43.1023101807,13.8836889267,22.8193416595,7.0189447403,4.02627182007,1.11534810066,0.22433270514,0.0625396892428,0.0366075523198,0.0208509676158,0.0109758926556,0.00509031815454,0.00200024107471,0.000629739428405,0.000148772101966,0.0000276699865935,0.00000941399048315,0.00000587281374465],"max":[10.4433956146,25.9704723358,25.0526180267,32.0481491089,162.977249146,389.043395996,408.164337158,904.795898438,1583.74438477,1711.22106934,1635.546875,1965.50073242,5600.14111328,4131.61523438,2289.12451172,855.211791992,284.761505127,169.360671997,114.905235291,119.42124939,95.1858901978,75.5746765137,195.282348633,138.024154663,211.63621521,129.768325806,83.0096588135,45.1896286011,17.4115409851,4.27924013138,1.9457141161,1.52605223656,1.08887994289,0.742410778999,0.466706335545,0.262515842915,0.126814633608,0.050876904279,0.0620039217174,0.0763958394527],"mean":[0.717336297035,1.66006231308,1.28342747688,1.61334574223,7.86946296692,19.3875484467,13.6868686676,48.0692024231,43.3148384094,40.806854248,27.0258674622,45.330039978,42.8714828491,42.8756599426,17.3945636749,9.39141082764,7.74664354324,3.98056030273,2.50791859627,2.37792539597,1.68443226814,1.24745666981,1.58352148533,1.43387722969,1.12185454369,0.740817070007,0.599152624607,0.470301091671,0.23166204989,0.10834171623,0.0693417787552,0.0493282824755,0.0346393473446,0.024132007733,0.0157563574612,0.0094091873616,0.00529035367072,0.0036048842594,0.00322903250344,0.00555928843096],"median":[0.177167594433,0.53157889843,0.605209827423,0.877430021763,3.68168354034,6.635242939,6.46002292633,21.7912368774,15.8521652222,15.9145507812,11.2374572754,14.4616088867,9.12417507172,8.61444664001,5.20309352875,3.67597436905,2.965893507,1.49055290222,0.743525087833,0.525523543358,0.367551624775,0.250925242901,0.252957522869,0.24315699935,0.168766856194,0.123570524156,0.118636995554,0.100468993187,0.0660074949265,0.0349463149905,0.023241057992,0.0164072737098,0.0108340717852,0.00779505632818,0.00546885747463,0.00347671378404,0.00228565325961,0.00145414890721,0.00134291430004,0.0047179046087],"min":[3.20270585544e-23,2.11848507745e-22,1.60512721694e-21,2.26455131996e-21,1.13054675961e-20,2.06350139662e-20,4.11653443485e-20,5.99053440769e-20,1.15149228134e-19,1.83012392208e-19,2.20564711808e-19,2.86229669253e-19,4.19552856776e-19,6.23033212857e-19,7.40739049469e-19,7.89751672112e-19,1.12783015953e-18,2.32341344227e-18,1.29731936365e-18,3.0650457951e-18,3.14203335587e-18,4.81716612013e-18,3.97952870387e-18,5.28693191617e-18,7.23543732633e-18,5.56415736256e-18,7.97483753228e-18,1.01944716541e-17,9.72785741622e-18,9.06516415002e-18,1.13292071174e-17,1.08985181607e-17,9.67929033374e-18,7.61943028311e-18,5.58225772873e-18,4.14156594124e-18,2.24007168683e-18,9.23456681036e-19,2.34088597835e-19,2.58651509636e-20],"var":[1.26305663586,6.05826282501,3.53807401657,4.95577716827,139.843658447,1173.08874512,712.547607422,5446.13525391,7587.96777344,6573.30615234,2996.1340332,8311.10839844,24012.859375,20738.7207031,4224.32226562,682.435974121,201.253829956,60.6322822571,28.9248790741,31.3393936157,15.8301134109,13.1184797287,37.7228965759,27.7137050629,34.0399856567,11.394446373,5.69728469849,2.51800441742,0.344723850489,0.0460947081447,0.0158561766148,0.00846357923001,0.0044076400809,0.0020690462552,0.000828978198115,0.00026906983112,0.0000688076179358,0.0000310473733407,0.0000395866118197,0.0000254450424109]},"erbbands_crest":{"dmean":2.81891822815,"dmean2":4.44488239288,"dvar":6.60104751587,"dvar2":16.8581161499,"max":31.8675994873,"mean":12.751578331,"median":11.6898841858,"min":2.18447756767,"var":30.4491691589},"erbbands_flatness_db":{"dmean":0.0315152704716,"dmean2":0.0500886850059,"dvar":0.000724062148947,"dvar2":0.0019054125296,"max":0.409805089235,"mean":0.20476987958,"median":0.205316513777,"min":0.032348614186,"var":0.0033197212033},"erbbands_kurtosis":{"dmean":2.60179972649,"dmean2":4.04997444153,"dvar":17.8085670471,"dvar2":39.8082313538,"max":129.531921387,"mean":5.3482708931,"median":3.03428602219,"min":-1.76166021824,"var":93.6723861694},"erbbands_skewness":{"dmean":0.490173637867,"dmean2":0.763209044933,"dvar":0.194355219603,"dvar2":0.481091797352,"max":9.42462444305,"mean":1.00491428375,"median":0.883991599083,"min":-2.97511744499,"var":1.34150385857},"erbbands_spread":{"dmean":3.86101698875,"dmean2":5.969435215,"dvar":18.6442165375,"dvar2":44.7166748047,"max":104.188491821,"mean":15.9062852859,"median":12.1724777222,"min":0.644756913185,"var":149.556289673},"gfcc":{"cov":[[35309.625,4065.08398438,-2104.11645508,-1054.37988281,-441.318389893,-541.918945312,333.769195557,92.1475448608,156.159240723,350.866943359,357.153411865,216.141708374,510.324829102],[4065.08398438,1242.52685547,-26.337518692,-391.911102295,-39.9974479675,-85.509185791,145.970428467,-85.5064163208,64.5186157227,-2.94593906403,105.120651245,-10.2385492325,102.265625],[-2104.11645508,-26.337518692,731.182922363,70.0524139404,-34.4246864319,164.466506958,-46.8374938965,75.8276901245,51.1929016113,35.3617858887,74.08934021,13.522690773,3.54697537422],[-1054.37988281,-391.911102295,70.0524139404,519.302124023,157.661972046,67.7018737793,6.45077705383,40.9224014282,-15.928858757,-5.16300630569,-42.1800613403,20.9390239716,-46.0000228882],[-441.318389893,-39.9974479675,-34.4246864319,157.661972046,277.087799072,49.5415916443,124.212348938,1.0869743824,32.732460022,27.6755123138,25.0135154724,31.1257247925,19.1491279602],[-541.918945312,-85.509185791,164.466506958,67.7018737793,49.5415916443,242.777633667,20.5486507416,88.7909011841,-6.18837070465,13.6179656982,2.70270252228,9.11806201935,-0.516643226147],[333.769195557,145.970428467,-46.8374938965,6.45077705383,124.212348938,20.5486507416,208.156692505,37.6547775269,55.4246673584,9.63633441925,27.4733257294,20.2128543854,31.8794212341],[92.1475448608,-85.5064163208,75.8276901245,40.9224014282,1.0869743824,88.7909011841,37.6547775269,157.236450195,65.0684204102,55.8893051147,20.1125736237,24.0948448181,22.8673171997],[156.159240723,64.5186157227,51.1929016113,-15.928858757,32.732460022,-6.18837070465,55.4246673584,65.0684204102,119.646560669,77.4225387573,54.606678009,19.1785106659,26.4659805298],[350.866943359,-2.94593906403,35.3617858887,-5.16300630569,27.6755123138,13.6179656982,9.63633441925,55.8893051147,77.4225387573,119.315032959,78.8056945801,42.6527290344,31.6266880035],[357.153411865,105.120651245,74.08934021,-42.1800613403,25.0135154724,2.70270252228,27.4733257294,20.1125736237,54.606678009,78.8056945801,114.308197021,65.7418289185,50.1014213562],[216.141708374,-10.2385492325,13.522690773,20.9390239716,31.1257247925,9.11806201935,20.2128543854,24.0948448181,19.1785106659,42.6527290344,65.7418289185,88.7309646606,62.6043167114],[510.324829102,102.265625,3.54697537422,-46.0000228882,19.1491279602,-0.516643226147,31.8794212341,22.8673171997,26.4659805298,31.6266880035,50.1014213562,62.6043167114,96.0264358521]],"icov":[[0.000102016354504,-0.000451749976492,0.000338986457791,-0.000197051354917,0.000220185465878,0.0000420428114012,0.000100690733234,-0.000423047051299,0.000401652185246,-0.000542907160707,0.000100254532299,-0.000194140855456,-0.00000196798077923],[-0.000451749976492,0.00366283091716,-0.0013627638109,0.00130972464103,-0.00039143365575,-0.000472707062727,-0.0015641360078,0.00310334959067,-0.0025232527405,0.00368519686162,-0.0032424966339,0.00398411368951,-0.00239049573429],[0.000338986457791,-0.0013627638109,0.00346686528064,-0.00140820501838,0.00150999368634,-0.00172893353738,0.00133264169563,-0.00123153661843,-0.000695625669323,0.000744042103179,-0.00372863770463,0.00158840662334,-0.000755897257477],[-0.000197051354917,0.00130972464103,-0.00140820501838,0.00425869319588,-0.00308461626992,0.00060603232123,0.000345398293575,-0.000416847964516,-0.000275941303698,0.000785192241892,0.0029695215635,-0.00380954681896,0.00309918844141],[0.000220185465878,-0.00039143365575,0.00150999368634,-0.00308461626992,0.00893136579543,-0.00262251729146,-0.00463756127283,0.00406837603077,-0.00105206377339,-0.0029842350632,-0.000925797619857,0.00109379028436,-0.00246831960976],[0.0000420428114012,-0.000472707062727,-0.00172893353738,0.00060603232123,-0.00262251729146,0.0081578111276,-0.000103365418909,-0.00627045193687,0.00605968339369,-0.0019420797471,0.00131378183141,-0.000541831948794,0.00136585498694],[0.000100690733234,-0.0015641360078,0.00133264169563,0.000345398293575,-0.00463756127283,-0.000103365418909,0.0105833215639,-0.00412039551884,-0.00380915380083,0.00547450920567,-0.00198890222237,-0.00119530956727,0.000702605291735],[-0.000423047051299,0.00310334959067,-0.00123153661843,-0.000416847964516,0.00406837603077,-0.00627045193687,-0.00412039551884,0.0183784402907,-0.0099294744432,-0.00195887847804,0.00413076765835,-0.000786987133324,-0.00332490750588],[0.000401652185246,-0.0025232527405,-0.000695625669323,-0.000275941303698,-0.00105206377339,0.00605968339369,-0.00380915380083,-0.0099294744432,0.0264863390476,-0.0147520340979,-0.000610845861956,0.00459664361551,-0.000801660411526],[-0.000542907160707,0.00368519686162,0.000744042103179,0.000785192241892,-0.0029842350632,-0.0019420797471,0.00547450920567,-0.00195887847804,-0.0147520340979,0.0325045511127,-0.0199957564473,0.0050200629048,-0.000936866155826],[0.000100254532299,-0.0032424966339,-0.00372863770463,0.0029695215635,-0.000925797619857,0.00131378183141,-0.00198890222237,0.00413076765835,-0.000610845861956,-0.0199957564473,0.0414631068707,-0.0273633822799,0.00730924680829],[-0.000194140855456,0.00398411368951,0.00158840662334,-0.00380954681896,0.00109379028436,-0.000541831948794,-0.00119530956727,-0.000786987133324,0.00459664361551,0.0050200629048,-0.0273633822799,0.0466848351061,-0.0238112527877],[-0.00000196798077923,-0.00239049573429,-0.000755897257477,0.00309918844141,-0.00246831960976,0.00136585498694,0.000702605291735,-0.00332490750588,-0.000801660411526,-0.000936866155826,0.00730924680829,-0.0238112527877,0.0277803596109]],"mean":[-111.180343628,130.475265503,-56.4901390076,-19.4675941467,-40.2525863647,-14.8973674774,-6.23434066772,-9.3343038559,-6.69815063477,-5.24111270905,-0.324675947428,-2.50188469887,0.491891920567]},"hfc":{"dmean":24.4586029053,"dmean2":34.8841323853,"dvar":1052.42590332,"dvar2":2192.06518555,"max":1399.0982666,"mean":115.127243042,"median":100.795318604,"min":1.07587875029e-16,"var":9788.87207031},"melbands":{"dmean":[0.00150434218813,0.000482559436932,0.000215427746298,0.000492910738103,0.00027503981255,0.000440967647592,0.000282250373857,0.000229295503232,0.000104025304609,0.000154654029757,0.000117787480121,0.000109005763079,0.0000398247284465,0.0000174786746356,0.0000111489671326,0.00000838091818878,0.00000377655692319,0.00000230603382079,0.00000213773614632,0.00000166342147168,0.00000112344127956,8.19132310426e-7,7.79057245381e-7,8.96265305528e-7,6.03140449584e-7,5.53082202259e-7,3.61647863656e-7,2.78651896224e-7,2.28564999816e-7,1.82828401307e-7,1.46877880525e-7,9.34468928904e-8,5.64730413544e-8,4.52347421742e-8,3.72503059509e-8,3.20605053616e-8,2.78250205099e-8,2.44005864403e-8,2.16299742561e-8,1.93274054539e-8],"dmean2":[0.00248349737376,0.000806390424259,0.000359940808266,0.000755841669161,0.000407627871027,0.000626884866506,0.00042008710443,0.000348491012119,0.000157907212269,0.000239017084823,0.000182801362826,0.000167112943018,0.0000636863842374,0.0000275228667306,0.0000181813556992,0.000013359462173,0.00000598696124143,0.00000363829894923,0.00000330238754032,0.00000259456373897,0.00000172127124642,0.00000124752352804,0.00000114210217816,0.00000138285565754,8.92503692285e-7,8.1488150272e-7,5.39933068922e-7,4.09985517535e-7,3.47990749106e-7,2.78342071169e-7,2.22187040322e-7,1.47385392779e-7,9.14860081025e-8,7.44877866055e-8,6.22456397537e-8,5.3857458937e-8,4.68153409372e-8,4.10332212653e-8,3.63353116484e-8,3.24143236696e-8],"dvar":[0.000015200074813,7.31018417355e-7,1.14894646686e-7,7.92339960753e-7,3.9934317897e-7,8.38058042518e-7,5.59842419534e-7,3.25675102886e-7,6.92119925816e-8,1.59186555493e-7,2.64422254759e-7,1.63251158369e-7,3.05221448116e-8,8.31922974953e-9,1.13851428285e-9,4.27984703233e-10,7.98060922902e-11,3.54788108614e-11,3.13845407995e-11,1.98007357038e-11,1.05674176007e-11,6.11322060681e-12,9.27560719205e-12,1.84530706687e-11,4.82148479128e-12,8.42652423533e-12,3.59635693621e-12,1.31210027652e-12,8.37021370183e-13,4.62346686544e-13,1.62912652119e-13,4.92152671427e-14,1.09686455272e-14,6.97702817423e-15,4.8413908753e-15,3.63763339044e-15,2.73887129407e-15,2.11642786223e-15,1.64576955816e-15,1.29260075899e-15],"dvar2":[0.0000367008724425,0.00000197237045541,3.22430537381e-7,0.0000020047812086,8.42624672259e-7,0.00000192834249901,0.00000141636314765,8.37973857415e-7,1.73213678067e-7,3.99938699047e-7,5.69437304421e-7,3.4865172438e-7,8.00196957584e-8,1.88578379579e-8,3.10520409386e-9,9.59633483788e-10,1.95769039868e-10,8.86179254977e-11,7.18425180457e-11,4.71271667524e-11,2.42691734764e-11,1.3752555518e-11,1.9563678802e-11,4.90422980004e-11,9.42437881207e-12,1.89360402358e-11,7.6600947807e-12,2.54744012343e-12,2.08055621342e-12,1.02939206638e-12,3.37742962937e-13,1.24467222553e-13,2.63353012629e-14,1.7966820726e-14,1.26442012107e-14,9.51161587372e-15,7.17076663212e-15,5.55421695778e-15,4.31998788616e-15,3.39370420702e-15],"max":[0.0702055245638,0.0136225922033,0.00604424532503,0.0172805618495,0.0158154722303,0.021304640919,0.0214239545166,0.0168523751199,0.0110939089209,0.0162686016411,0.0289666559547,0.0181749034673,0.00537041248754,0.00565184466541,0.00195990595967,0.000986245810054,0.000265985203441,0.000203743926249,0.00017195851251,0.000116898860142,0.000112936933874,0.0000894150216482,0.000135406415211,0.000192970226635,0.000110517124995,0.000200105161639,0.000118885436677,0.0000703910773154,0.0000557748935535,0.0000361384081771,0.0000248466421908,0.0000123595091281,0.00000412125837101,0.0000017260150571,0.00000112692066523,0.00000102901810806,8.92600610314e-7,7.73575436597e-7,6.82574182065e-7,6.06298613093e-7],"mean":[0.00486963056028,0.00109223579057,0.000396036368329,0.00105549371801,0.00059067417169,0.00102772691753,0.000622274412308,0.000431825086707,0.000212569138967,0.000287447677692,0.000210332873394,0.000179229071364,0.0000629673741059,0.0000303112246911,0.0000197701665456,0.0000145784051711,0.00000655804478811,0.00000393706841351,0.00000355014913112,0.00000276931609733,0.00000176921912498,0.0000012635547364,0.0000012732440382,0.00000150337325522,0.00000112035900202,9.48898048136e-7,6.07000117725e-7,4.64340729422e-7,3.84128696851e-7,3.19145073036e-7,2.60047187339e-7,1.46830487324e-7,7.37458591971e-8,5.27916910187e-8,4.04590672076e-8,3.40035839486e-8,2.84293317776e-8,2.44953479722e-8,2.18747118197e-8,1.97813783132e-8],"median":[0.00134211475961,0.000535189639777,0.000218151806621,0.000458072056063,0.000250891287578,0.000479242560687,0.000232564620092,0.00015765245189,0.0000850129581522,0.0000836361941765,0.00004023681322,0.0000331421797455,0.0000165294331964,0.00000990569242276,0.00000738672497391,0.00000491373612022,0.00000221524760491,0.0000011229926713,8.01737996881e-7,5.64493461752e-7,3.75777176487e-7,2.53551348806e-7,2.1193898192e-7,2.28950028713e-7,1.92748444761e-7,1.38735103405e-7,8.63371951709e-8,7.85356704114e-8,7.51233102392e-8,6.29455669809e-8,5.49270957606e-8,3.91186816273e-8,2.34875709992e-8,1.65779638905e-8,1.34286679554e-8,1.15855174343e-8,9.1189260587e-9,7.56950768732e-9,6.83269441026e-9,6.41903685761e-9],"min":[4.77593253923e-25,6.90073382478e-25,9.79715546047e-25,1.52322532696e-24,1.98952554398e-24,1.59608570345e-24,1.83148948897e-24,1.82298103246e-24,1.86554027551e-24,1.2128195062e-24,2.14726538173e-24,1.5931591281e-24,2.42374791559e-24,1.87816481101e-24,2.67306405203e-24,2.43704318007e-24,3.28004696188e-24,1.80343897568e-24,3.05461970302e-24,3.71025265097e-24,2.82756305196e-24,3.75837434948e-24,3.17699096208e-24,3.35959687885e-24,3.93626918892e-24,3.65491287518e-24,4.7053837224e-24,3.25351500584e-24,4.55888554698e-24,3.83900618918e-24,4.87096128767e-24,5.22555071469e-24,3.6664432606e-24,4.32324372269e-24,5.86742592845e-24,5.92635699352e-24,5.71241909931e-24,6.18352525419e-24,6.39168710885e-24,5.67392939246e-24],"var":[0.0000552031851839,0.0000020769296043,2.80000250541e-7,0.00000237413769355,0.00000141795135278,0.00000243608360506,0.00000145436433741,8.609090969e-7,1.76565805532e-7,3.63027083949e-7,6.18211004166e-7,3.91169749037e-7,4.84313638083e-8,1.61724287295e-8,1.88005921942e-9,1.10654296837e-9,1.75072359387e-10,7.76249550749e-11,7.66478894243e-11,4.46849016122e-11,2.04080346372e-11,1.33368680683e-11,2.25600007425e-11,3.68559592567e-11,1.65960873516e-11,2.23400100502e-11,1.14144891455e-11,3.89252605842e-12,2.25835843082e-12,1.73382716604e-12,6.53474399159e-13,1.47845304792e-13,2.67610979492e-14,1.01819492779e-14,5.45363645397e-15,3.90707880613e-15,2.89176518797e-15,2.22518456332e-15,1.74269469129e-15,1.38259991546e-15]},"melbands_crest":{"dmean":2.85714268684,"dmean2":4.55591058731,"dvar":8.3231306076,"dvar2":21.2213611603,"max":37.6679916382,"mean":17.9955406189,"median":17.0387763977,"min":1.47357976437,"var":55.7831115723},"melbands_flatness_db":{"dmean":0.0384250916541,"dmean2":0.0611964091659,"dvar":0.00106174766552,"dvar2":0.00281142117456,"max":0.590853393078,"mean":0.341057926416,"median":0.348651260138,"min":0.00181566097308,"var":0.00721900491044},"melbands_kurtosis":{"dmean":5.88775682449,"dmean2":9.61198234558,"dvar":164.08416748,"dvar2":454.014556885,"max":352.338378906,"mean":12.0419445038,"median":4.31149578094,"min":-1.74829375744,"var":666.213134766},"melbands_skewness":{"dmean":0.590613901615,"dmean2":0.923447668552,"dvar":0.41991391778,"dvar2":1.06548297405,"max":13.0744352341,"mean":1.90837025642,"median":1.53915262222,"min":-3.83363842964,"var":2.98392081261},"melbands_spread":{"dmean":2.23588085175,"dmean2":3.48566460609,"dvar":14.9590196609,"dvar2":39.9038619995,"max":184.055450439,"mean":10.8841114044,"median":7.22781038284,"min":0.404429107904,"var":366.251831055},"mfcc":{"cov":[[14266.7294922,2996.10742188,-1262.04187012,266.895843506,-484.842529297,-23.7364234924,-5.83884954453,25.2145080566,182.918426514,163.008239746,238.919082642,169.476852417,100.350753784],[2996.10742188,2194.015625,129.35836792,-159.649047852,-213.917663574,-15.4629125595,17.0897674561,-29.8012828827,6.2895116806,14.3693981171,65.2757492065,43.6341896057,23.5888080597],[-1262.04187012,129.35836792,773.452758789,-88.528717041,118.141792297,-19.496553421,3.49560642242,22.002368927,-23.3734874725,36.2761993408,3.96107459068,27.4234924316,46.1552810669],[266.895843506,-159.649047852,-88.528717041,364.655944824,76.3399810791,64.8737869263,33.6487693787,28.6366024017,25.3757019043,-3.84099340439,20.8940696716,20.0143508911,3.91180205345],[-484.842529297,-213.917663574,118.141792297,76.3399810791,175.858779907,78.5037460327,38.6341171265,27.0904312134,4.08360004425,15.3306837082,6.29846334457,13.5157108307,19.6391601562],[-23.7364234924,-15.4629125595,-19.496553421,64.8737869263,78.5037460327,130.310546875,83.8278656006,36.2322654724,16.8794879913,3.37076663971,9.10902690887,13.5798912048,8.64495754242],[-5.83884954453,17.0897674561,3.49560642242,33.6487693787,38.6341171265,83.8278656006,120.045425415,73.3824081421,33.7217712402,4.65222978592,6.73785543442,12.9019079208,4.76342105865],[25.2145080566,-29.8012828827,22.002368927,28.6366024017,27.0904312134,36.2322654724,73.3824081421,101.777763367,61.6662254333,24.0940952301,7.98882579803,8.78776073456,10.9884643555],[182.918426514,6.2895116806,-23.3734874725,25.3757019043,4.08360004425,16.8794879913,33.7217712402,61.6662254333,87.2513656616,52.4224700928,23.1613235474,9.1826581955,2.28504991531],[163.008239746,14.3693981171,36.2761993408,-3.84099340439,15.3306837082,3.37076663971,4.65222978592,24.0940952301,52.4224700928,89.0371398926,57.8632888794,21.9092655182,9.62583827972],[238.919082642,65.2757492065,3.96107459068,20.8940696716,6.29846334457,9.10902690887,6.73785543442,7.98882579803,23.1613235474,57.8632888794,84.7872161865,51.8375282288,14.4248065948],[169.476852417,43.6341896057,27.4234924316,20.0143508911,13.5157108307,13.5798912048,12.9019079208,8.78776073456,9.1826581955,21.9092655182,51.8375282288,77.6212997437,50.9957351685],[100.350753784,23.5888080597,46.1552810669,3.91180205345,19.6391601562,8.64495754242,4.76342105865,10.9884643555,2.28504991531,9.62583827972,14.4248065948,50.9957351685,75.8433227539]],"icov":[[0.000162775992067,-0.000259687833022,0.00035162709537,-0.000190849241335,0.0000122032715808,0.000125450256746,0.000142730612424,-0.000304784887703,0.000298337108688,-0.00065351696685,0.000349192589056,-0.000314939767122,-0.00010171374015],[-0.000259687833022,0.00105152814649,-0.000912290299311,0.00042935606325,0.00119488115888,-0.000855596037582,-0.000501937174704,0.00114466727246,-0.00115110364277,0.00185192364734,-0.00182442483492,0.00122677441686,-0.000474838219816],[0.00035162709537,-0.000912290299311,0.00282129459083,0.00000527005204276,-0.002322538523,0.00209290906787,-0.0000368534128938,-0.00204179761931,0.00307351048104,-0.00395975681022,0.00297251949087,-0.00231663999148,0.000164556360687],[-0.000190849241335,0.00042935606325,0.00000527005204276,0.00387081620283,-0.001634229091,-0.00100978906266,0.00060403131647,0.000180062867003,-0.00246532214805,0.00389137584716,-0.00294645992108,0.000587313203141,0.000136262999149],[0.0000122032715808,0.00119488115888,-0.002322538523,-0.001634229091,0.0134794237092,-0.00913466699421,0.00298504834063,-0.00212827022187,0.00281603308395,-0.00297649321146,0.000696172181051,0.000495294400025,-0.00139092246536],[0.000125450256746,-0.000855596037582,0.00209290906787,-0.00100978906266,-0.00913466699421,0.0228013433516,-0.0163494478911,0.00693219900131,-0.00190795154776,0.000150566687807,-0.000605599721894,0.00111857731827,-0.00193116813898],[0.000142730612424,-0.000501937174704,-0.0000368534128938,0.00060403131647,0.00298504834063,-0.0163494478911,0.0301157329232,-0.0204473268241,0.00504695344716,0.000465777353384,0.00230021332391,-0.00672427844256,0.00599282421172],[-0.000304784887703,0.00114466727246,-0.00204179761931,0.000180062867003,-0.00212827022187,0.00693219900131,-0.0204473268241,0.036143053323,-0.023514971137,0.00918299984187,-0.00619678525254,0.00882761273533,-0.00812482181937],[0.000298337108688,-0.00115110364277,0.00307351048104,-0.00246532214805,0.00281603308395,-0.00190795154776,0.00504695344716,-0.023514971137,0.0417095385492,-0.0297586321831,0.0174398832023,-0.0124856308103,0.00839668698609],[-0.00065351696685,0.00185192364734,-0.00395975681022,0.00389137584716,-0.00297649321146,0.000150566687807,0.000465777353384,0.00918299984187,-0.0297586321831,0.0513433814049,-0.041052531451,0.0249353609979,-0.0126864071935],[0.000349192589056,-0.00182442483492,0.00297251949087,-0.00294645992108,0.000696172181051,-0.000605599721894,0.00230021332391,-0.00619678525254,0.0174398832023,-0.041052531451,0.0605131834745,-0.0457323268056,0.0230158548802],[-0.000314939767122,0.00122677441686,-0.00231663999148,0.000587313203141,0.000495294400025,0.00111857731827,-0.00672427844256,0.00882761273533,-0.0124856308103,0.0249353609979,-0.0457323268056,0.0614118240774,-0.0350805968046],[-0.00010171374015,-0.000474838219816,0.000164556360687,0.000136262999149,-0.00139092246536,-0.00193116813898,0.00599282421172,-0.00812482181937,0.00839668698609,-0.0126864071935,0.0230158548802,-0.0350805968046,0.0353085286915]],"mean":[-769.894226074,192.596542358,26.5579586029,12.8791885376,-10.5016584396,0.280659049749,1.97022855282,0.494328975677,0.0450882911682,-1.20085287094,1.79342520237,1.55262124538,-0.194478079677]},"pitch_salience":{"dmean":0.0592497400939,"dmean2":0.0949865430593,"dvar":0.00299335457385,"dvar2":0.00785314012319,"max":0.914410114288,"mean":0.515979707241,"median":0.529722452164,"min":0.0819451212883,"var":0.0180987585336},"silence_rate_20dB":{"dmean":0,"dmean2":0,"dvar":0,"dvar2":0,"max":1,"mean":1,"median":1,"min":1,"var":0},"silence_rate_30dB":{"dmean":0.0291104093194,"dmean2":0.0582263916731,"dvar":0.0282629933208,"dvar2":0.0653704628348,"max":1,"mean":0.946476459503,"median":1,"min":0,"var":0.0506587848067},"silence_rate_60dB":{"dmean":0.00842669699341,"dmean2":0.0168550089002,"dvar":0.00835568830371,"dvar2":0.0188693273813,"max":1,"mean":0.173017993569,"median":0,"min":0,"var":0.143082767725},"spectral_centroid":{"dmean":78.251953125,"dmean2":119.460739136,"dvar":28270,"dvar2":58998.25,"max":11859.4375,"mean":720.001708984,"median":457.050811768,"min":148.19581604,"var":2097550.5},"spectral_complexity":{"dmean":1.62328827381,"dmean2":2.59164905548,"dvar":2.95700621605,"dvar2":6.21325349808,"max":44,"mean":9.7822675705,"median":10,"min":0,"var":30.612493515},"spectral_contrast_coeffs":{"dmean":[0.049559738487,0.0450100041926,0.0384850762784,0.032356724143,0.0246937870979,0.0240678526461],"dmean2":[0.0824091359973,0.0726515576243,0.0629740655422,0.0534975081682,0.0411072187126,0.0388585962355],"dvar":[0.00169482000638,0.00133207498584,0.00099698046688,0.000743849901482,0.000450336548965,0.000757781264838],"dvar2":[0.00460675219074,0.00350654986687,0.00264177774079,0.00204760557972,0.0011790539138,0.00184388749767],"max":[-0.294369727373,-0.444903969765,-0.450212597847,-0.626590311527,-0.712059259415,-0.463515877724],"mean":[-0.674203693867,-0.732272386551,-0.768513441086,-0.839889407158,-0.883599698544,-0.828213751316],"median":[-0.677273273468,-0.729299664497,-0.772389173508,-0.836831927299,-0.886967301369,-0.843906223774],"min":[-0.980829298496,-0.979277551174,-0.980206727982,-0.976470589638,-0.9683355093,-0.964508712292],"var":[0.0103322044015,0.00683047855273,0.00571662094444,0.00291749252938,0.0020444043912,0.00316651002504]},"spectral_contrast_valleys":{"dmean":[0.37882450223,0.328622877598,0.32004776597,0.419243186712,0.518080770969,0.623601019382],"dmean2":[0.625193595886,0.52851074934,0.50769674778,0.665608465672,0.831866204739,1.03523302078],"dvar":[0.111222349107,0.0807536393404,0.0804636776447,0.15809045732,0.255978345871,0.327976256609],"dvar2":[0.264827907085,0.181969434023,0.178405031562,0.397299528122,0.66296350956,0.834997951984],"max":[-4.97577810287,-4.38636398315,-5.09731388092,-6.21269273758,-5.77764225006,-8.93398857117],"mean":[-7.69008970261,-7.02232599258,-7.9505906105,-8.99655914307,-9.26693820953,-11.7784976959],"median":[-6.91563415527,-6.28145551682,-7.26473617554,-8.38249588013,-8.73283195496,-11.3351974487],"min":[-28.1339588165,-28.2069644928,-27.9765586853,-27.7107963562,-27.4657611847,-27.425907135],"var":[9.30954933167,9.63466739655,8.85463809967,8.04796028137,7.6965303421,5.82273674011]},"spectral_decrease":{"dmean":2.1754245072e-9,"dmean2":3.36334315953e-9,"dvar":1.42558556699e-17,"dvar2":3.28711086778e-17,"max":5.3060187355e-9,"mean":-7.9043571688e-9,"median":-5.51302203888e-9,"min":-7.53295736899e-8,"var":6.74448528413e-17},"spectral_energy":{"dmean":0.00854638312012,"dmean2":0.0129667054862,"dvar":0.000211829334148,"dvar2":0.000481626397232,"max":0.29931217432,"mean":0.0402752608061,"median":0.0333093553782,"min":9.98100280134e-21,"var":0.00128819595557},"spectral_energyband_high":{"dmean":0.0000319769278576,"dmean2":0.0000444427205366,"dvar":3.54572327055e-9,"dvar2":6.32332097794e-9,"max":0.00245103775524,"mean":0.0000625278044026,"median":0.0000198672205443,"min":7.03181957425e-21,"var":1.76934857876e-8},"spectral_energyband_low":{"dmean":0.00526236370206,"dmean2":0.00873133912683,"dvar":0.000160281299031,"dvar2":0.000390850909753,"max":0.230347126722,"mean":0.0167449358851,"median":0.0062375869602,"min":8.69734215249e-24,"var":0.00056796829449},"spectral_energyband_middle_high":{"dmean":0.00107258930802,"dmean2":0.00162886979524,"dvar":0.0000119589658425,"dvar2":0.0000258405525528,"max":0.151188194752,"mean":0.00237054796889,"median":0.000815146195237,"min":1.2033555364e-21,"var":0.0000331219707732},"spectral_energyband_middle_low":{"dmean":0.00464469846338,"dmean2":0.00685788271949,"dvar":0.0000545660077478,"dvar2":0.000127418912598,"max":0.153889238834,"mean":0.0161207802594,"median":0.0112878642976,"min":1.72217145608e-22,"var":0.000286137277726},"spectral_entropy":{"dmean":0.320434868336,"dmean2":0.510824978352,"dvar":0.0848794281483,"dvar2":0.226971551776,"max":9.82442569733,"mean":6.72965860367,"median":6.65471076965,"min":4.67956733704,"var":0.489155709743},"spectral_flux":{"dmean":0.0157761890441,"dmean2":0.0252341348678,"dvar":0.000461751333205,"dvar2":0.00117249123286,"max":0.34974193573,"mean":0.070797085762,"median":0.0669727325439,"min":6.27375720819e-11,"var":0.00228859577328},"spectral_kurtosis":{"dmean":12.6945466995,"dmean2":20.8908672333,"dvar":253.977279663,"dvar2":674.302001953,"max":182.211975098,"mean":28.2601394653,"median":22.5575027466,"min":-1.27244412899,"var":421.651794434},"spectral_rms":{"dmean":0.000589703791775,"dmean2":0.000870590447448,"dvar":5.9834547983e-7,"dvar2":0.00000124139023683,"max":0.0170883554965,"mean":0.00546145997941,"median":0.00570060778409,"min":3.12050710792e-12,"var":0.00000946539057622},"spectral_rolloff":{"dmean":3531.67016602,"dmean2":6935.19287109,"dvar":56434148,"dvar2":142101552,"max":21985.4003906,"mean":10132.1972656,"median":1270.45898438,"min":43.06640625,"var":106419448},"spectral_skewness":{"dmean":0.869364082813,"dmean2":1.40669214725,"dvar":0.892669200897,"dvar2":2.38976693153,"max":10.8952598572,"mean":3.91580057144,"median":3.7222468853,"min":-0.0929490700364,"var":2.31433987617},"spectral_spread":{"dmean":728446.375,"dmean2":1192659,"dvar":624198483968,"dvar2":1473001816060,"max":46867408,"mean":4069765.5,"median":3288783,"min":943555.9375,"var":26705613815800},"spectral_strongpeak":{"dmean":1.83337211609,"dmean2":3.37522625923,"dvar":83.4844512939,"dvar2":215.221710205,"max":180.747238159,"mean":2.18522596359,"median":0.413962244987,"min":0,"var":105.503082275},"zerocrossingrate":{"dmean":0.0322973057628,"dmean2":0.0403480604291,"dvar":0.00080386234913,"dvar2":0.00116968760267,"max":0.748046875,"mean":0.237401515245,"median":0.22705078125,"min":0.0146484375,"var":0.0105898128822}},"metadata":{"audio_properties":{"analysis_sample_rate":44100,"bit_rate":160000,"codec":"mp3","downmix":"mix","equal_loudness":0,"length":242.468566895,"lossless":false,"md5_encoded":"737dc0252b81d397adb71c1c97044914","replay_gain":2.28856468201,"sample_rate":44100},"tags":{"acoustid_id":["66ee2700-896c-4ca8-8e9d-7a26db12d548"],"album":["You & Me"],"albumartist":["The Walkmen"],"artist":["The Walkmen"],"date":["2008"],"discnumber":["1/1"],"file_name":"07 - The Walkmen - Red Moon.mp3","musicbrainz_albumartistid":["b7834ebd-64ae-46c3-a930-2d3a52ee743a"],"musicbrainz_albumid":["67bffab2-20a6-38c2-9434-652b58728556"],"musicbrainz_artistid":["b7834ebd-64ae-46c3-a930-2d3a52ee743a"],"musicbrainz_recordingid":["451e736a-561a-4aa2-8185-4e3bc134d819"],"musicbrainz_releasegroupid":["99eeb9b9-1d4c-35a6-acd9-3086f6114a59"],"replaygain_album_gain":["+0.73 dB"],"replaygain_album_peak":["0.342621"],"replaygain_track_gain":["+3.14 dB"],"replaygain_track_peak":["0.280552"],"title":["Red Moon"],"tracknumber":["7/14"]},"version":{"essentia":"2.1-beta1","essentia_build_sha":"e76a03f03bb3900de42a1fa0d9be1e72f12def64","essentia_git_sha":"v2.1_beta1-28-g21ef5f4-dirty","extractor":"music 1.0"}},"rhythm":{"beats_count":423,"beats_loudness":{"dmean":0.0338430441916,"dmean2":0.0578544177115,"dvar":0.00098145857919,"dvar2":0.00277059338987,"max":0.202858671546,"mean":0.0537320412695,"median":0.0513161346316,"min":0,"var":0.00174729921855},"beats_loudness_band_ratio":{"dmean":[0.20991101861,0.148961395025,0.111462257802,0.0534866116941,0.0153624117374,0.0940316021442],"dmean2":[0.351105123758,0.25265404582,0.190583691001,0.0952613800764,0.0295482147485,0.16178356111],"dvar":[0.0304078850895,0.0183170288801,0.0172286331654,0.00659059220925,0.00128583784681,0.00842227973044],"dvar2":[0.0806774944067,0.0505184754729,0.0454707890749,0.0179407391697,0.00362605950795,0.0245545264333],"max":[0.961168169975,0.794036209583,0.879172563553,0.704826235771,0.376945674419,0.782438635826],"mean":[0.440647482872,0.246561452746,0.148253