{"lowlevel":{"average_loudness":0.851708829403,"barkbands":{"dmean":[0.00599096063524,0.0112779717892,0.0027687868569,0.00152099365368,0.00190977985039,0.00136656418908,0.00166111835279,0.000754583859816,0.000826835050248,0.00139867991675,0.000510675425176,0.000342902436387,0.000228018398047,0.000296723272186,0.000228242934099,0.000127134437207,0.000109840810183,0.000114710775961,0.000105355182313,0.0000655961048324,0.0000610219285591,0.0000344752770616,0.0000137749839269,0.00000480915196022,0.00000262284902419,0.0000137338674904,0.000134703048388],"dmean2":[0.00932492129505,0.0190437268466,0.00463311001658,0.00250768614933,0.0031165482942,0.00220341188833,0.0025988293346,0.00124018045608,0.0013363083126,0.00230835448019,0.000830405624583,0.000577116850764,0.000381605495932,0.000501145084854,0.000381328398362,0.000213823193917,0.000178789778147,0.000179585113074,0.000161971227499,0.0000975007351371,0.0000857962077134,0.0000494588275615,0.0000196726687136,0.00000712739483788,0.00000437520930063,0.0000187017794815,0.000191087456187],"dvar":[0.000236221836531,0.000643842970021,0.0000195613301912,0.00000631541843177,0.0000117915969895,0.00000936698779697,0.0000168199239852,0.00000467304653284,0.00000420085325459,0.0000251481178566,0.0000025126851142,8.07167111816e-7,1.83872657544e-7,2.90799277991e-7,1.83852066016e-7,4.55151401013e-8,2.95322326593e-8,3.9844884725e-8,3.18194643967e-8,2.34830572765e-8,4.09819591596e-8,1.55106860689e-8,9.80435177489e-10,5.40262071191e-11,2.60531440172e-11,7.56685214487e-10,4.67354297484e-8],"dvar2":[0.000535958446562,0.00170693057589,0.0000522620466654,0.0000170088587765,0.0000274031699519,0.0000228617354878,0.0000405664868595,0.0000124598827824,0.0000105284043457,0.000067110733653,0.00000641726001049,0.0000020927350306,4.82544635361e-7,7.68571737808e-7,4.79097991501e-7,1.18787880865e-7,7.66484475889e-8,9.48726324168e-8,7.42670565046e-8,5.12717654999e-8,7.16077295237e-8,2.60380002004e-8,1.75114633905e-9,1.17982956738e-10,6.48478354348e-11,1.2924172843e-9,8.68247553854e-8],"max":[0.284904509783,0.446993380785,0.0705137550831,0.067221917212,0.126698493958,0.0799532830715,0.0819343179464,0.0508102141321,0.0551526620984,0.108957692981,0.0539211556315,0.0327718257904,0.0117552382872,0.0110964849591,0.0088860001415,0.00411986839026,0.00281732645817,0.00541248777881,0.00463802367449,0.00657888641581,0.0140666868538,0.00772900693119,0.00192644295748,0.000146289297845,0.000128415238578,0.0015914211981,0.0101578934118],"mean":[0.00558267859742,0.0123517196625,0.00373131432571,0.00228408304974,0.00332791078836,0.00201264210045,0.00258418032899,0.00110705103725,0.00130918587092,0.00203044386581,0.00076675764285,0.000528936856426,0.000365247862646,0.000472193554742,0.000381025747629,0.000215220177779,0.000216085332795,0.000217793873162,0.000231071724556,0.000141519602039,0.000133226189064,0.000068455519795,0.0000244134462264,0.00000706672790329,0.0000026118009373,0.0000242467103817,0.000437278475147],"median":[0.000764585798606,0.00506098754704,0.00198934949003,0.00125109660439,0.00172149506398,0.000801383284852,0.000686825835146,0.00027373956982,0.000403172773076,0.000297560007311,0.000231527053984,0.000249799835728,0.000194595064386,0.000216231172089,0.000198616980924,0.000129575404571,0.000125637816382,0.000112293448183,0.000126688770251,0.0000781056733103,0.0000639008940198,0.0000276893697446,0.0000109110360427,0.00000366885410585,9.5151460755e-7,0.0000114174972623,0.000363619095879],"min":[6.81422290057e-25,3.14216413362e-24,1.99366469715e-24,3.17971549043e-24,1.44955573694e-23,3.9115999307e-24,6.3218453086e-24,1.00211848578e-23,2.26560851979e-23,2.67714526336e-23,2.13426917442e-23,2.96052050883e-23,1.72182666076e-23,2.05987627784e-23,5.17525191785e-23,6.91589306897e-23,8.50826560415e-23,1.05053016956e-22,1.26346651018e-22,1.74008087055e-22,2.6117329171e-22,3.97348202974e-22,4.45680107672e-22,5.93862870309e-22,8.82878685813e-22,1.3055305174e-21,1.89072445007e-21],"var":[0.000238320062635,0.000544413924217,0.0000264027639787,0.0000107453060991,0.0000351959388354,0.0000160869785759,0.0000388094995287,0.00000878185073816,0.00000833328249428,0.0000461796626041,0.00000472420788356,0.00000143502552419,3.31995153147e-7,5.24150209458e-7,3.43490853538e-7,7.38739629469e-8,6.87426293666e-8,9.35548598591e-8,8.79378276863e-8,4.92326286405e-8,8.43633429781e-8,3.0788257277e-8,2.34830310752e-9,9.02827673732e-11,2.56758468653e-11,1.81835857482e-9,1.87086854453e-7]},"barkbands_crest":{"dmean":3.03621292114,"dmean2":5.01601696014,"dvar":6.73240947723,"dvar2":17.3865261078,"max":25.0889167786,"mean":10.3620643616,"median":9.73950767517,"min":2.27128505707,"var":16.6031455994},"barkbands_flatness_db":{"dmean":0.0310880858451,"dmean2":0.0487860329449,"dvar":0.0010657927487,"dvar2":0.00270358566195,"max":0.548554956913,"mean":0.145256057382,"median":0.130271211267,"min":0.0218619704247,"var":0.00458378484473},"barkbands_kurtosis":{"dmean":8.17542362213,"dmean2":13.3517875671,"dvar":275.258605957,"dvar2":714.2578125,"max":317.957946777,"mean":13.03647995,"median":6.39937067032,"min":-1.89708125591,"var":488.584747314},"barkbands_skewness":{"dmean":0.811701118946,"dmean2":1.29426598549,"dvar":0.89248418808,"dvar2":2.24613261223,"max":14.5391378403,"mean":2.51664638519,"median":2.20396351814,"min":-2.11601018906,"var":2.43348503113},"barkbands_spread":{"dmean":6.56109380722,"dmean2":10.1085758209,"dvar":47.7817649841,"dvar2":100.717819214,"max":137.524230957,"mean":22.1865921021,"median":19.1146736145,"min":0.264622449875,"var":243.444290161},"dissonance":{"dmean":0.0206084959209,"dmean2":0.03492962569,"dvar":0.000550508440938,"dvar2":0.00154473481234,"max":0.500000178814,"mean":0.465296536684,"median":0.474732041359,"min":0.198380157351,"var":0.000983323319815},"dynamic_complexity":3.90116477013,"erbbands":{"dmean":[0.522220790386,1.93774354458,3.35203790665,3.82540559769,6.75299787521,5.70579862595,9.03555202484,11.3992776871,15.7027606964,30.9146003723,15.4538860321,18.763671875,22.6935329437,47.5557136536,18.4591636658,12.3827562332,10.3265209198,15.2763242722,13.3818254471,7.88938903809,6.87500333786,5.88620615005,6.4119849205,4.98726224899,5.17285823822,2.93210101128,2.71740102768,2.35760903358,1.35394346714,0.664941847324,0.360473960638,0.137444674969,0.0634514763951,0.030031543225,0.0187129918486,0.0154159776866,0.0266184210777,0.0319540984929,0.0148824891075,0.00377398054115],"dmean2":[0.895407021046,3.26817893982,5.60787057877,6.21979570389,11.4421510696,9.19928646088,14.5111236572,18.5367431641,25.0975074768,48.4664039612,25.3433189392,30.0137901306,37.7334899902,77.5614242554,30.2155857086,20.6411762238,17.1704502106,25.6272773743,22.3059272766,13.2656822205,11.4586420059,9.50668716431,10.048625946,7.69271087646,7.91342639923,4.29383134842,3.86102676392,3.3505153656,1.94895935059,0.94970780611,0.515644490719,0.198435619473,0.096924200654,0.0497882626951,0.0311128608882,0.0233475714922,0.0356518775225,0.0421723127365,0.0191398821771,0.00568115990609],"dvar":[1.8133341074,15.0126228333,28.9368228912,35.589389801,145.225036621,133.85887146,317.433135986,814.160522461,1470.26208496,8541.5078125,2108.171875,2161.2668457,3268.14331055,36168.3984375,2548.14013672,784.6875,357.535705566,831.023376465,717.974182129,173.857772827,128.922042847,83.9763946533,134.601455688,74.3890151978,82.763999939,53.0537643433,49.8390922546,75.3461151123,23.5067481995,3.53766798973,0.629327535629,0.0494825653732,0.00994435139,0.00334737752564,0.00130015448667,0.000540514767636,0.00256178085692,0.00887329969555,0.00157734693494,0.00002970442074],"dvar2":[4.84668588638,40.0321617126,78.0230178833,87.5913543701,412.835693359,284.754760742,705.946228027,2054.04272461,3643.25927734,20560.0859375,5691.70849609,5222.47412109,8804.34082031,95609.2578125,6490.20117188,1969.35461426,911.050109863,2160.38012695,1873.6809082,459.165222168,337.890289307,216.10168457,318.90246582,179.46673584,194.385375977,117.821800232,89.0218048096,137.283508301,40.2660484314,6.62201070786,1.16014516354,0.0988470315933,0.0230989884585,0.00832299888134,0.00323261506855,0.00122273492161,0.00430977810174,0.013210600242,0.00258491351269,0.000071621267125],"max":[25.9316997528,50.2817955017,74.9827804565,163.546279907,492.397613525,509.684570312,553.798461914,908.133483887,1189.99475098,2179.75415039,1188.81005859,1561.19299316,1717.70043945,4577.47314453,1833.40673828,1421.57592773,558.646789551,645.063232422,760.725769043,195.233825684,209.072280884,181.194168091,287.076782227,239.148681641,231.241394043,311.475280762,329.363250732,631.555297852,301.049804688,94.2499771118,50.9866333008,6.94942426682,2.31186318398,1.46383368969,0.904450953007,0.562032997608,2.16197609901,4.93750476837,2.3937869072,0.117677114904],"mean":[0.487349808216,2.26711845398,4.61486959457,6.18067550659,10.5002841949,9.47049617767,13.5843629837,16.5442886353,23.9303569794,48.0296440125,24.4947357178,30.4824542999,35.9317359924,71.3798828125,30.7049942017,20.6361694336,17.720413208,25.0999794006,23.0655975342,13.9964504242,12.2794275284,12.093421936,12.432721138,10.8540945053,11.145275116,6.56980323792,5.9607129097,4.89888000488,2.71480560303,1.2635422945,0.616349518299,0.216850236058,0.0874843150377,0.0318940021098,0.0192504506558,0.0222027897835,0.0475551597774,0.0698683485389,0.0417559370399,0.0154962055385],"median":[0.126614525914,1.05664825439,2.58654069901,3.56366252899,5.77481460571,4.48698139191,6.07951021194,6.19937419891,7.76242351532,10.3637752533,7.21881580353,9.42605304718,8.78207969666,10.1782751083,11.1840763092,10.8457698822,9.92485809326,11.5992145538,11.0245294571,8.84498405457,7.71709060669,7.24122667313,6.58228683472,6.2911438942,5.87101173401,3.66653895378,2.94391655922,2.18866419792,1.12198472023,0.578678429127,0.274632781744,0.110341966152,0.0458584241569,0.0139306429774,0.00751872640103,0.0123687498271,0.02256626077,0.0331247448921,0.0262150391936,0.0130700264126],"min":[1.09210989191e-22,8.10084570476e-22,3.65926971925e-21,1.32921728661e-20,9.56881320911e-21,4.86684896587e-20,5.40966976387e-20,3.88495262079e-20,8.75874796509e-20,1.14342145425e-19,2.99515585758e-19,6.42331181451e-19,7.77182714403e-19,8.28804006204e-19,1.23076089604e-18,1.48999919662e-18,1.09884833581e-18,2.26362544798e-18,2.51371730233e-18,3.33347293491e-18,3.85914704137e-18,5.46691235539e-18,5.63765484153e-18,6.44198748479e-18,7.06072023734e-18,8.98188443313e-18,1.17320473844e-17,1.20802225935e-17,1.12512949755e-17,1.0083954534e-17,1.32071345826e-17,1.23367097948e-17,1.10846677129e-17,8.59170912845e-18,6.67874560126e-18,4.41194894961e-18,2.0981667848e-18,9.61575955397e-19,2.61590181853e-19,2.70840468326e-20],"var":[1.40007436275,13.8384695053,36.6017837524,73.3595123291,294.332397461,373.840759277,731.041381836,1239.23632812,2844.60791016,20189.421875,3862.81787109,4656.52685547,6405.09960938,67162.5625,5062.63964844,1722.21875,732.992980957,1583.81164551,1407.60961914,278.332672119,220.17288208,210.176727295,303.987487793,186.756103516,215.909515381,107.637161255,118.659858704,141.454208374,46.323677063,7.52303647995,1.38920819759,0.0954225361347,0.0141840483993,0.00333628756925,0.0012971641263,0.000833300757222,0.00609310902655,0.0225975438952,0.00439241807908,0.000181618437637]},"erbbands_crest":{"dmean":2.62368822098,"dmean2":4.30938100815,"dvar":7.28901386261,"dvar2":18.4937610626,"max":31.9585094452,"mean":8.27689743042,"median":6.6388874054,"min":2.36435484886,"var":24.8594036102},"erbbands_flatness_db":{"dmean":0.0216612461954,"dmean2":0.0329277478158,"dvar":0.000517704349477,"dvar2":0.00126448692754,"max":0.441679865122,"mean":0.136669024825,"median":0.128290578723,"min":0.040920291096,"var":0.00202924851328},"erbbands_kurtosis":{"dmean":1.52276313305,"dmean2":2.45742559433,"dvar":14.2702045441,"dvar2":35.793094635,"max":116.325393677,"mean":1.19207882881,"median":-0.0793094709516,"min":-1.88463485241,"var":21.7862358093},"erbbands_skewness":{"dmean":0.417604714632,"dmean2":0.639484405518,"dvar":0.212495982647,"dvar2":0.488685250282,"max":8.77684879303,"mean":0.395402938128,"median":0.263062059879,"min":-2.73052978516,"var":0.858987152576},"erbbands_spread":{"dmean":7.76915311813,"dmean2":12.0074310303,"dvar":60.5864105225,"dvar2":130.28163147,"max":108.66834259,"mean":35.5766830444,"median":34.2023086548,"min":1.45213639736,"var":303.350769043},"gfcc":{"cov":[[14276.2929688,-153.75881958,-1408.85083008,-188.252792358,3.87109827995,-384.84173584,510.38961792,-405.397705078,188.467391968,62.3290252686,-105.514595032,65.0604934692,-64.6189041138],[-153.75881958,824.048706055,183.438491821,-167.972000122,60.3633537292,48.8277816772,-29.1091060638,67.9887084961,-3.63969278336,-0.337757438421,67.0577011108,-86.1023254395,82.46484375],[-1408.85083008,183.438491821,685.243591309,283.648895264,-75.5461120605,173.828781128,-201.698226929,157.777984619,-58.0580406189,12.6801099777,14.668340683,21.7485294342,-2.74323511124],[-188.252792358,-167.972000122,283.648895264,552.338439941,144.785308838,-19.5781745911,-52.5288925171,14.818608284,-16.0297870636,-0.68816947937,-4.30366897583,93.5093078613,-59.6813812256],[3.87109827995,60.3633537292,-75.5461120605,144.785308838,257.342071533,-4.95240449905,67.3475265503,-28.0757293701,2.67539215088,-16.2911338806,29.2552757263,7.68141460419,15.3164672852],[-384.84173584,48.8277816772,173.828781128,-19.5781745911,-4.95240449905,273.502349854,-39.1245536804,93.3109512329,-46.4391441345,15.9037837982,-0.158619374037,-14.9613714218,32.2738342285],[510.38961792,-29.1091060638,-201.698226929,-52.5288925171,67.3475265503,-39.1245536804,188.240402222,-49.6355819702,59.2879562378,-8.13857841492,-10.4911336899,7.83754920959,-8.85525131226],[-405.397705078,67.9887084961,157.777984619,14.818608284,-28.0757293701,93.3109512329,-49.6355819702,168.523666382,20.0429801941,31.4397201538,19.4803524017,-16.1273937225,26.8366699219],[188.467391968,-3.63969278336,-58.0580406189,-16.0297870636,2.67539215088,-46.4391441345,59.2879562378,20.0429801941,107.634605408,43.1982841492,9.2779417038,10.2060203552,-16.670879364],[62.3290252686,-0.337757438421,12.6801099777,-0.68816947937,-16.2911338806,15.9037837982,-8.13857841492,31.4397201538,43.1982841492,77.0480194092,33.904548645,5.76117038727,3.21804189682],[-105.514595032,67.0577011108,14.668340683,-4.30366897583,29.2552757263,-0.158619374037,-10.4911336899,19.4803524017,9.2779417038,33.904548645,66.6268157959,19.906496048,16.6363620758],[65.0604934692,-86.1023254395,21.7485294342,93.5093078613,7.68141460419,-14.9613714218,7.83754920959,-16.1273937225,10.2060203552,5.76117038727,19.906496048,76.5176086426,-1.7548995018],[-64.6189041138,82.46484375,-2.74323511124,-59.6813812256,15.3164672852,32.2738342285,-8.85525131226,26.8366699219,-16.670879364,3.21804189682,16.6363620758,-1.7548995018,76.1933135986]],"icov":[[0.000118022842798,-0.000240669556661,0.000567042035982,-0.000470446859254,0.000494855281431,-0.000208377678064,-0.0000696741044521,0.0000874424149515,-0.0000278030474874,-0.000117011957627,0.0001109363875,-0.0000400839489885,-0.0000639020654489],[-0.000240669556661,0.00325369578786,-0.00348543957807,0.00256122229621,-0.00254803942516,0.00122493540403,-0.000468617450679,0.000696036906447,-0.00115450203884,0.00147714663763,-0.00299052731134,0.00319746206515,-0.00173957785591],[0.000567042035982,-0.00348543957807,0.0101914675906,-0.00907794293016,0.00888780318201,-0.00555573636666,0.00262790545821,-0.000174393702764,-0.00289718364365,0.00446685403585,-0.00417356006801,0.00261206924915,-0.00140811537858],[-0.000470446859254,0.00256122229621,-0.00907794293016,0.0151135437191,-0.0147004602477,0.00737798400223,0.000403208599892,-0.00480617117137,0.00831679720432,-0.010726689361,0.0140301259235,-0.0144935594872,0.00878556538373],[0.000494855281431,-0.00254803942516,0.00888780318201,-0.0147004602477,0.0193924047053,-0.00772461434826,-0.00219381344505,0.00550883309916,-0.00845915544778,0.0129697406664,-0.0175659563392,0.0145931271836,-0.00906592793763],[-0.000208377678064,0.00122493540403,-0.00555573636666,0.00737798400223,-0.00772461434826,0.0100891636685,-0.00220343074761,-0.00561286415905,0.00958028435707,-0.00979347061366,0.00979949999601,-0.00710540544242,0.00328316283412],[-0.0000696741044521,-0.000468617450679,0.00262790545821,0.000403208599892,-0.00219381344505,-0.00220343074761,0.0117916353047,0.00142774207052,-0.00735253002495,0.00372594734654,0.00189539394341,-0.00259842700325,0.000860653701238],[0.0000874424149515,0.000696036906447,-0.000174393702764,-0.00480617117137,0.00550883309916,-0.00561286415905,0.00142774207052,0.0145925069228,-0.0112273292616,0.00688457954675,-0.0105917733163,0.0114545216784,-0.00832459144294],[-0.0000278030474874,-0.00115450203884,-0.00289718364365,0.00831679720432,-0.00845915544778,0.00958028435707,-0.00735253002495,-0.0112273292616,0.0308641716838,-0.0238450989127,0.0178706590086,-0.0162049215287,0.0118634244427],[-0.000117011957627,0.00147714663763,0.00446685403585,-0.010726689361,0.0129697406664,-0.00979347061366,0.00372594734654,0.00688457954675,-0.0238450989127,0.0406390763819,-0.031146613881,0.019445836544,-0.0100750541314],[0.0001109363875,-0.00299052731134,-0.00417356006801,0.0140301259235,-0.0175659563392,0.00979949999601,0.00189539394341,-0.0105917733163,0.0178706590086,-0.031146613881,0.0511461682618,-0.0312618426979,0.0108393551782],[-0.0000400839489885,0.00319746206515,0.00261206924915,-0.0144935594872,0.0145931271836,-0.00710540544242,-0.00259842700325,0.0114545216784,-0.0162049215287,0.019445836544,-0.0312618426979,0.0419694334269,-0.0155879585072],[-0.0000639020654489,-0.00173957785591,-0.00140811537858,0.00878556538373,-0.00906592793763,0.00328316283412,0.000860653701238,-0.00832459144294,0.0118634244427,-0.0100750541314,0.0108393551782,-0.0155879585072,0.0255433563143]],"mean":[-10.0074291229,96.1939697266,-84.1377410889,6.27073669434,-13.8070020676,-21.1463737488,3.03937554359,-16.4683361053,-3.09474396706,-7.26019382477,-7.40603876114,-2.1327881813,-10.2800149918]},"hfc":{"dmean":38.973651886,"dmean2":61.0791397095,"dvar":4802.09863281,"dvar2":12170.5947266,"max":1966.62231445,"mean":145.916809082,"median":109.32723999,"min":1.08250850364e-16,"var":23264.3398438},"melbands":{"dmean":[0.00400008168072,0.00196557305753,0.000717101327609,0.000432318396633,0.000296983896988,0.000262863963144,0.000259492342593,0.000296119367704,0.000127961393446,0.00011714095308,0.000119329080917,0.000205561911571,0.0000715246787877,0.0000411403452745,0.0000270003674814,0.0000232789734582,0.0000302098960674,0.0000229785709962,0.0000138698142109,0.00000953201015363,0.00000813781844045,0.00000661443073113,0.0000058615087255,0.00000636019194644,0.00000416553211835,0.00000469358246846,0.00000291926608043,0.00000194770200324,0.00000184563816674,0.00000165291055509,0.00000136084679525,8.84741893969e-7,4.91164200866e-7,3.50367002966e-7,2.44615904421e-7,1.18723519904e-7,7.23967872318e-8,4.87971227869e-8,3.0448013888e-8,2.40072495217e-8],"dmean2":[0.00665637850761,0.00325827323832,0.00117528671399,0.000710527936462,0.000473597843666,0.000424337602453,0.000411157641793,0.000467045174446,0.000210770813283,0.000188171747141,0.000198849869776,0.000336514407536,0.000116590417747,0.0000692332178005,0.0000450720872323,0.0000387302243325,0.0000508414268552,0.0000385085731978,0.0000234180897678,0.0000160799681908,0.0000136287808346,0.0000108411632027,0.00000942229416978,0.0000101081413959,0.00000657594182485,0.00000734207833375,0.00000455257759313,0.00000292570598504,0.00000271380895356,0.00000242631858782,0.00000196716337086,0.00000131368881284,7.10716108188e-7,5.17244870935e-7,3.56600935447e-7,1.7236826011e-7,1.07566165752e-7,7.43181587382e-8,4.95810006385e-8,4.00939264011e-8],"dvar":[0.0000923794868868,0.0000103379234133,0.00000114741487778,5.85293889799e-7,3.51300229795e-7,4.0422719394e-7,3.54749118969e-7,7.46180660371e-7,1.32823686272e-7,8.03959494533e-8,8.96513228099e-8,6.90380318247e-7,4.7741238518e-8,1.36702320574e-8,4.004241827e-9,1.88499416076e-9,3.35804939411e-9,2.07669614838e-9,5.375534462e-10,2.58259746921e-10,1.83541848386e-10,1.10803088926e-10,1.02099197152e-10,1.28514199282e-10,5.50419709811e-11,7.08727104781e-11,3.20586925062e-11,2.59653444579e-11,1.97318932027e-11,3.90966599373e-11,2.00347811258e-11,1.12982687442e-11,2.5225626709e-12,8.30898880515e-13,3.25935052602e-13,4.77558564796e-14,1.26654431029e-14,5.71227923497e-15,3.01568928453e-15,2.21196746121e-15],"dvar2":[0.000239765184233,0.0000274528574664,0.00000304489594782,0.0000014605539036,7.35564071874e-7,0.00000100746899534,8.75380862908e-7,0.00000181205996341,3.54277290171e-7,1.98032907406e-7,2.42349614155e-7,0.0000018300248712,1.20807470694e-7,3.66083270364e-8,9.15426845438e-9,4.88319162883e-9,8.72420891085e-9,5.451932239e-9,1.39905464991e-9,6.81000700276e-10,4.87230644719e-10,2.93263552331e-10,2.49202908309e-10,3.06499270408e-10,1.37662603539e-10,1.73220979227e-10,7.42965411415e-11,6.00029054221e-11,3.94749094523e-11,7.5529339727e-11,3.34940998548e-11,2.03363020868e-11,4.6325790426e-12,1.6735977838e-12,6.41074053651e-13,9.42068282108e-14,2.71443684994e-14,1.3208311601e-14,7.43633094284e-15,5.5112427412e-15],"max":[0.179378122091,0.0498560629785,0.0246698781848,0.0243556238711,0.0261738803238,0.0177645925432,0.0167080443352,0.0202780775726,0.0100841065869,0.0086712250486,0.00843472685665,0.0195837803185,0.00840127654374,0.00423221709207,0.004738134332,0.00120654259808,0.00139474135358,0.00149771582801,0.000360709120287,0.000353275856469,0.000258202897385,0.00020538859826,0.000389213382732,0.000209980484215,0.000208031095099,0.000173610591446,0.000243288523052,0.000197170011234,0.000227951983106,0.000469816470286,0.000284889363684,0.000219553810894,0.0000790784688434,0.0000449378021585,0.0000396575997001,0.00000863066998136,0.00000233153082263,0.00000163530353348,0.00000140140582516,0.00000118536161153],"mean":[0.00418771244586,0.00268853688613,0.00123061891645,0.000740992138162,0.000463144737296,0.000386863102904,0.000405813974794,0.000462429132313,0.000192534484086,0.000186515040696,0.000181122668437,0.000303309527226,0.000112061992695,0.0000624506574241,0.0000433178065578,0.0000381686986657,0.0000468636753794,0.0000372977920051,0.0000232447400776,0.0000159523133334,0.0000136527323775,0.000012459863683,0.0000114167305583,0.0000110346945803,0.00000820181048766,0.00000915723376238,0.00000597403732172,0.0000039892033783,0.00000382492999051,0.00000327768589159,0.00000267784457719,0.00000167947268892,9.06693344405e-7,6.17403316028e-7,3.99159006292e-7,1.87372364735e-7,1.07336973088e-7,6.70295463578e-8,3.53607916281e-8,2.36203376858e-8],"median":[0.00139462656807,0.0015132810222,0.00076957262354,0.000389507098589,0.000212935876334,0.000146376114571,0.000127480932861,0.000100863246189,0.000057608471252,0.0000571137061343,0.000041985171265,0.0000402250116167,0.0000364617189916,0.0000290865355055,0.0000226230476983,0.0000202657120099,0.000020516999939,0.0000169272152561,0.0000134220244945,0.00000975949660642,0.00000810211531643,0.00000734867217034,0.00000599918439548,0.00000573790566705,0.00000457193937109,0.00000463702917841,0.00000320215440297,0.00000214428405343,0.00000192060338122,0.00000150630864937,0.00000113769215204,6.55557016671e-7,4.02020930323e-7,2.68735533382e-7,1.68833977909e-7,9.11285198413e-8,5.40564322193e-8,3.44854136358e-8,1.76228507343e-8,8.39522584783e-9],"min":[1.11054211211e-24,1.34858532761e-24,2.92317319089e-24,2.92333727396e-24,2.54817494617e-24,1.01037925969e-24,1.24109464762e-24,1.45302903234e-24,2.46677534759e-24,3.60284647771e-24,3.18211895239e-24,3.06300135014e-24,3.10729293174e-24,2.94210644426e-24,3.92071916276e-24,2.61723044931e-24,3.03257182958e-24,2.93346644519e-24,4.84177106759e-24,4.77140112497e-24,4.45445732364e-24,4.13469176685e-24,3.88199792523e-24,4.9875217973e-24,4.76677130032e-24,2.42129850248e-24,5.3428361875e-24,5.49415588077e-24,7.00103088217e-24,5.02472132215e-24,6.74087402196e-24,5.15088148014e-24,6.06018803495e-24,4.50710432273e-24,6.83599565877e-24,5.84842148039e-24,6.54873196014e-24,7.38171701123e-24,6.86857009213e-24,7.01612889104e-24],"var":[0.0000788249017205,0.000012297739886,0.00000228632188737,0.00000168644226051,9.08074014205e-7,6.50227264032e-7,7.40513883102e-7,0.00000177463675755,2.36197720938e-7,1.6878161091e-7,1.69024062302e-7,0.00000127613861878,9.42531386272e-8,2.02913774672e-8,1.05468691558e-8,3.41694628148e-9,6.10773742693e-9,3.89514465127e-9,9.05980790389e-10,4.07246292244e-10,2.96885183104e-10,2.37414421456e-10,2.66916266867e-10,2.38279618259e-10,1.20916054946e-10,1.62149793592e-10,6.95811672169e-11,4.67477410948e-11,4.40844305505e-11,6.57395179959e-11,4.18825946147e-11,2.01947712025e-11,4.77990303588e-12,1.77161367174e-12,6.53671452903e-13,9.12172288116e-14,2.17025799187e-14,8.36757929384e-15,3.22326169627e-15,2.16368298332e-15]},"melbands_crest":{"dmean":4.51267766953,"dmean2":7.39234638214,"dvar":16.5214691162,"dvar2":41.218837738,"max":38.5026931763,"mean":16.0386161804,"median":15.214676857,"min":1.67704486847,"var":38.8167457581},"melbands_flatness_db":{"dmean":0.0379621833563,"dmean2":0.0596323572099,"dvar":0.00142185389996,"dvar2":0.00360928336158,"max":0.724363029003,"mean":0.255585372448,"median":0.240455016494,"min":0.00363148795441,"var":0.00686601409689},"melbands_kurtosis":{"dmean":12.330830574,"dmean2":20.3962669373,"dvar":562.667785645,"dvar2":1541.1262207,"max":387.709197998,"mean":20.2182559967,"median":9.87422180176,"min":-1.61683821678,"var":947.634887695},"melbands_skewness":{"dmean":1.00413537025,"dmean2":1.60344839096,"dvar":1.28522527218,"dvar2":3.27618002892,"max":15.3061037064,"mean":3.05378913879,"median":2.72398877144,"min":-2.17961931229,"var":4.11412239075},"melbands_spread":{"dmean":5.37737083435,"dmean2":8.56590175629,"dvar":40.5306625366,"dvar2":92.1715240479,"max":189.420089722,"mean":15.9578638077,"median":13.3098611832,"min":0.253438204527,"var":204.96975708},"mfcc":{"cov":[[9376.74023438,247.25352478,-1519.91625977,254.19140625,-779.809265137,314.882110596,-225.214874268,13.0575914383,-32.3390083313,176.590332031,-87.0942230225,-4.9139547348,-13.6736688614],[247.25352478,1030.61621094,-1.38218331337,-188.092102051,23.1744632721,-70.8970565796,80.3948745728,-52.3144226074,54.2866706848,22.9759597778,40.2056236267,-15.7904558182,15.0609912872],[-1519.91625977,-1.38218331337,872.435668945,5.61981773376,244.197616577,-67.3068695068,20.2196559906,30.8662834167,2.4603266716,-21.5079479218,17.6884765625,32.4938011169,4.08088254929],[254.19140625,-188.092102051,5.61981773376,537.93548584,112.045433044,76.9998245239,-38.3006477356,47.9560165405,-41.2924613953,-52.0342636108,7.02343130112,43.9262199402,13.1920003891],[-779.809265137,23.1744632721,244.197616577,112.045433044,300.905975342,13.5020532608,87.1898803711,18.8058013916,10.7620677948,-38.1617355347,25.7366905212,19.8727588654,20.4063339233],[314.882110596,-70.8970565796,-67.3068695068,76.9998245239,13.5020532608,163.502151489,33.9944877625,39.152557373,-15.5701761246,7.08583879471,-27.6182861328,4.4356098175,0.367584705353],[-225.214874268,80.3948745728,20.2196559906,-38.3006477356,87.1898803711,33.9944877625,126.949462891,23.675567627,26.1753635406,-13.1508998871,2.78329229355,-7.88804483414,8.98794460297],[13.0575914383,-52.3144226074,30.8662834167,47.9560165405,18.8058013916,39.152557373,23.675567627,91.5353393555,20.6152420044,14.4019241333,-6.2542719841,4.56307649612,-10.9137582779],[-32.3390083313,54.2866706848,2.4603266716,-41.2924613953,10.7620677948,-15.5701761246,26.1753635406,20.6152420044,81.2659072876,39.3391075134,19.6812705994,-9.7706193924,2.70958256721],[176.590332031,22.9759597778,-21.5079479218,-52.0342636108,-38.1617355347,7.08583879471,-13.1508998871,14.4019241333,39.3391075134,83.4626464844,22.6255435944,6.87821674347,-0.373941302299],[-87.0942230225,40.2056236267,17.6884765625,7.02343130112,25.7366905212,-27.6182861328,2.78329229355,-6.2542719841,19.6812705994,22.6255435944,65.8880462646,29.0911922455,16.2867794037],[-4.9139547348,-15.7904558182,32.4938011169,43.9262199402,19.8727588654,4.4356098175,-7.88804483414,4.56307649612,-9.7706193924,6.87821674347,29.0911922455,65.5919799805,31.7363300323],[-13.6736688614,15.0609912872,4.08088254929,13.1920003891,20.4063339233,0.367584705353,8.98794460297,-10.9137582779,2.70958256721,-0.373941302299,16.2867794037,31.7363300323,56.4380264282]],"icov":[[0.000198015768547,-0.000119780597743,0.000221453607082,-0.000180334347533,0.000338135025231,-0.000261356064584,0.000138055998832,-0.0000100330762507,0.00000130279249788,-0.000287625123747,0.000203249845072,-0.000113044137834,-0.0000354595431418],[-0.000119780597743,0.00124201795552,-0.000124505226268,0.000275414844509,-0.00016380562738,0.000522818882018,-0.000983710051514,0.000722267257515,-0.000286966998829,-0.0000984699727269,-0.000484777148813,0.000209298508707,-0.0000283592162305],[0.000221453607082,-0.000124505226268,0.00202925060876,0.000279084284557,-0.00155982119031,0.00060752913123,0.00108995405026,-0.000984834507108,0.000329258182319,-0.000488238525577,0.000975352944806,-0.00109313917346,0.000385109247873],[-0.000180334347533,0.000275414844509,0.000279084284557,0.00344269000925,-0.00210146536119,-0.00142044760287,0.00305255735293,-0.00200236402452,-0.000171265244717,0.00308147491887,-0.0015932606766,-0.000719735340681,-0.000153189932462],[0.000338135025231,-0.00016380562738,-0.00155982119031,-0.00210146536119,0.00802587717772,-0.00082487083273,-0.00478389021009,0.00121043308172,-0.000913603289519,0.00137689255644,-0.00204964797013,0.0000191139042727,-0.000537284708116],[-0.000261356064584,0.000522818882018,0.00060752913123,-0.00142044760287,-0.00082487083273,0.0109672248363,-0.00491209328175,-0.00212338962592,0.00434544729069,-0.00547108752653,0.00545405130833,-0.00113599514589,-0.000496274325997],[0.000138055998832,-0.000983710051514,0.00108995405026,0.00305255735293,-0.00478389021009,-0.00491209328175,0.0168977212161,-0.00439362088218,-0.00458555249497,0.00641112960875,-0.00233814353123,0.00224974728189,-0.00260301330127],[-0.0000100330762507,0.000722267257515,-0.000984834507108,-0.00200236402452,0.00121043308172,-0.00212338962592,-0.00439362088218,0.0173988845199,-0.00550024863333,-0.00263515184633,0.00381361623295,-0.00509537057951,0.00599579140544],[0.00000130279249788,-0.000286966998829,0.000329258182319,-0.000171265244717,-0.000913603289519,0.00434544729069,-0.00458555249497,-0.00550024863333,0.0238631330431,-0.0114465355873,-0.0037855997216,0.00846687797457,-0.00482837762684],[-0.000287625123747,-0.0000984699727269,-0.000488238525577,0.00308147491887,0.00137689255644,-0.00547108752653,0.00641112960875,-0.00263515184633,-0.0114465355873,0.0248363744467,-0.00834604073316,-0.00242060027085,0.00176258897409],[0.000203249845072,-0.000484777148813,0.000975352944806,-0.0015932606766,-0.00204964797013,0.00545405130833,-0.00233814353123,0.00381361623295,-0.0037855997216,-0.00834604073316,0.0285091400146,-0.0128260599449,0.0014075943036],[-0.000113044137834,0.000209298508707,-0.00109313917346,-0.000719735340681,0.0000191139042727,-0.00113599514589,0.00224974728189,-0.00509537057951,0.00846687797457,-0.00242060027085,-0.0128260599449,0.0318645872176,-0.0158184431493],[-0.0000354595431418,-0.0000283592162305,0.000385109247873,-0.000153189932462,-0.000537284708116,-0.000496274325997,-0.00260301330127,0.00599579140544,-0.00482837762684,0.00176258897409,0.0014075943036,-0.0158184431493,0.0282293092459]],"mean":[-673.371032715,157.016967773,-11.1029787064,41.2132720947,-3.29071640968,15.7162342072,1.49019813538,7.48002338409,0.238082244992,4.34382963181,0.949771046638,1.66104638577,-1.60272800922]},"pitch_salience":{"dmean":0.0861424133182,"dmean2":0.139803394675,"dvar":0.0061779730022,"dvar2":0.0155075443909,"max":0.931101620197,"mean":0.557125687599,"median":0.576092660427,"min":0.0791408643126,"var":0.0145274344832},"silence_rate_20dB":{"dmean":0.000166500161868,"dmean2":0.000333028059686,"dvar":0.000166472440469,"dvar2":0.000499431160279,"max":1,"mean":0.999916732311,"median":1,"min":0,"var":0.0000832362202345},"silence_rate_30dB":{"dmean":0.083583086729,"dmean2":0.167180091143,"dvar":0.0765969529748,"dvar2":0.170202508569,"max":1,"mean":0.921751439571,"median":1,"min":0,"var":0.0721257254481},"silence_rate_60dB":{"dmean":0.0101565103978,"dmean2":0.0203147120774,"dvar":0.0100533552468,"dvar2":0.0243979021907,"max":1,"mean":0.0473653525114,"median":0,"min":0,"var":0.0451218783855},"spectral_centroid":{"dmean":222.679489136,"dmean2":330.55847168,"dvar":62819.1875,"dvar2":118904.945312,"max":11525.6552734,"mean":1117.04040527,"median":983.72076416,"min":110.313972473,"var":598024.3125},"spectral_complexity":{"dmean":3.73110222816,"dmean2":5.49729394913,"dvar":15.4413471222,"dvar2":29.1215267181,"max":58,"mean":19.0208110809,"median":18,"min":0,"var":117.639289856},"spectral_contrast_coeffs":{"dmean":[0.0537208765745,0.0515918657184,0.0382527671754,0.0290916990489,0.021835738793,0.0370825603604],"dmean2":[0.089100331068,0.0855723023415,0.064075909555,0.0490319393575,0.0359205156565,0.0559954047203],"dvar":[0.00183239718899,0.00164433266036,0.000946641084738,0.000576917082071,0.000576944672503,0.00106528482866],"dvar2":[0.00483718467876,0.00437565892935,0.00264578033239,0.00156324659474,0.00129425316118,0.00239030411467],"max":[-0.327504128218,-0.455715358257,-0.487673252821,-0.606941223145,-0.562646627426,-0.461463391781],"mean":[-0.680393338203,-0.76174467802,-0.798775196075,-0.825181901455,-0.824668884277,-0.724484682083],"median":[-0.683257341385,-0.769144177437,-0.807169139385,-0.823478341103,-0.820528745651,-0.717361450195],"min":[-0.977206468582,-0.96950507164,-0.974764823914,-0.985818624496,-0.971607506275,-0.963752150536],"var":[0.00558628886938,0.00508259655908,0.00482793431729,0.00260611576959,0.00169667054433,0.00634304108098]},"spectral_contrast_valleys":{"dmean":[0.445670872927,0.402814477682,0.380035966635,0.355625092983,0.299065589905,0.545589447021],"dmean2":[0.711708545685,0.656058907509,0.615020573139,0.573580980301,0.431934803724,0.857855260372],"dvar":[0.153399839997,0.139030978084,0.164839044213,0.2031814605,0.150006055832,0.24898698926],"dvar2":[0.326747268438,0.321630477905,0.375952631235,0.479488492012,0.328585028648,0.599076151848],"max":[-4.81424856186,-4.59590482712,-5.11146879196,-5.55240774155,-5.71123361588,-8.64517211914],"mean":[-6.84306907654,-6.62404727936,-7.16781902313,-7.56817531586,-7.64711999893,-11.1569757462],"median":[-6.64992332458,-6.42889118195,-6.89973449707,-7.28473520279,-7.33426523209,-10.9666652679],"min":[-27.9660778046,-28.1064300537,-27.6320495605,-27.6531181335,-27.5144615173,-27.4634990692],"var":[2.18165922165,2.18905591965,2.27436494827,2.24469304085,2.28302383423,1.62825787067]},"spectral_decrease":{"dmean":5.54035617384e-9,"dmean2":8.601217516e-9,"dvar":9.26117501864e-17,"dvar2":2.19211015019e-16,"max":1.19920988695e-8,"mean":-8.73824745895e-9,"median":-5.44795453195e-9,"min":-1.71869956489e-7,"var":1.16413190716e-16},"spectral_energy":{"dmean":0.0211769696325,"dmean2":0.0328488238156,"dvar":0.00132673222106,"dvar2":0.00312170572579,"max":0.652435183525,"mean":0.0462152585387,"median":0.0337525196373,"min":1.00022816995e-20,"var":0.00193025975022},"spectral_energyband_high":{"dmean":0.000221848968067,"dmean2":0.000285659363726,"dvar":3.25686784208e-7,"dvar2":5.03294415921e-7,"max":0.029739851132,"mean":0.000636024051346,"median":0.000418832001742,"min":7.12005486557e-21,"var":9.3379566124e-7},"spectral_energyband_low":{"dmean":0.0163590423763,"dmean2":0.0264132823795,"dvar":0.00112402986269,"dvar2":0.00280396151356,"max":0.599127352238,"mean":0.0210609585047,"median":0.010260864161,"min":1.6252454735e-23,"var":0.0011419452494},"spectral_energyband_middle_high":{"dmean":0.00232680072077,"dmean2":0.00372836412862,"dvar":0.0000291558626486,"dvar2":0.0000768889221945,"max":0.119378991425,"mean":0.00534416502342,"median":0.0028225586284,"min":1.27541445861e-21,"var":0.0000711996835889},"spectral_energyband_middle_low":{"dmean":0.00526104588062,"dmean2":0.00833824556321,"dvar":0.0000576937709411,"dvar2":0.000143741708598,"max":0.147031679749,"mean":0.0129122436047,"median":0.00804245751351,"min":1.56692918352e-22,"var":0.000206187498407},"spectral_entropy":{"dmean":0.191983133554,"dmean2":0.291485160589,"dvar":0.0639593079686,"dvar2":0.158544868231,"max":9.81871604919,"mean":7.4784860611,"median":7.59214305878,"min":4.13601636887,"var":0.234780266881},"spectral_flux":{"dmean":0.036300484091,"dmean2":0.0581647641957,"dvar":0.00241516390815,"dvar2":0.00515654636547,"max":0.689450860023,"mean":0.115473054349,"median":0.100024133921,"min":6.43279179924e-11,"var":0.00507713062689},"spectral_kurtosis":{"dmean":3.97842955589,"dmean2":6.18346738815,"dvar":52.9835700989,"dvar2":139.704406738,"max":187.580245972,"mean":15.5822477341,"median":13.6710691452,"min":-1.25937438011,"var":81.2916412354},"spectral_rms":{"dmean":0.00133688282222,"dmean2":0.00199176906608,"dvar":0.00000293558287012,"dvar2":0.00000619557886239,"max":0.0252293907106,"mean":0.00607223948464,"median":0.00573840457946,"min":3.12383148862e-12,"var":0.00000821596222522},"spectral_rolloff":{"dmean":4604.99169922,"dmean2":8725.09179688,"dvar":57934916,"dvar2":127099224,"max":22050,"mean":10738.3056641,"median":4457.37304688,"min":21.533203125,"var":99192104},"spectral_skewness":{"dmean":0.335700571537,"dmean2":0.49450558424,"dvar":0.254597991705,"dvar2":0.631171584129,"max":11.6868343353,"mean":2.58828473091,"median":2.44056749344,"min":-0.0601957067847,"var":0.669672846794},"spectral_spread":{"dmean":485193.15625,"dmean2":753059.6875,"dvar":407993974784,"dvar2":921870008320,"max":43212112,"mean":4153518,"median":4011939.75,"min":635154.6875,"var":4328474542080},"spectral_strongpeak":{"dmean":4.05660057068,"dmean2":7.50750780106,"dvar":229.269287109,"dvar2":614.331665039,"max":200.822372437,"mean":3.83485269547,"median":0.292886853218,"min":0,"var":237.616165161},"zerocrossingrate":{"dmean":0.0419193021953,"dmean2":0.0516588650644,"dvar":0.00133000640199,"dvar2":0.00202366150916,"max":0.876953125,"mean":0.244169160724,"median":0.2421875,"min":0.00390625,"var":0.0125145856291}},"metadata":{"audio_properties":{"analysis_sample_rate":44100,"bit_rate":320000,"codec":"mp3","downmix":"mix","equal_loudness":0,"length":278.909393311,"lossless":false,"md5_encoded":"b08a98add8f678e73963275bbfdaa9c9","replay_gain":-0.0392475128174,"sample_rate":44100},"tags":{"acoustid_id":["5890517b-8c6e-4284-972f-6408a409ff4c"],"album":["Greatest Hits"],"albumartist":["Blondie"],"artist":["Blondie"],"date":["2002"],"discnumber":["1/1"],"file_name":"10 - Blondie - Atomic.mp3","musicbrainz_albumartistid":["4d2956d1-a3f7-44bb-9a41-67563e1a0c94"],"musicbrainz_albumid":["37846953-1394-4a40-85c0-e3444c557fce"],"musicbrainz_artistid":["4d2956d1-a3f7-44bb-9a41-67563e1a0c94"],"musicbrainz_recordingid":["454bed44-2f9c-4285-b859-6704030cac6c"],"musicbrainz_releasegroupid":["fcbc0e5a-6441-375f-ade9-c0ebc0cd4b68"],"replaygain_album_gain":["+0.57 dB"],"replaygain_album_peak":["0.377604"],"replaygain_track_gain":["+0.30 dB"],"replaygain_track_peak":["0.365518"],"title":["Atomic"],"tracknumber":["10/19"]},"version":{"essentia":"2.1-beta1","essentia_build_sha":"e76a03f03bb3900de42a1fa0d9be1e72f12def64","essentia_git_sha":"v2.1_beta1-28-g21ef5f4-dirty","extractor":"music 1.0"}},"rhythm":{"beats_count":627,"beats_loudness":{"dmean":0.0354104936123,"dmean2":0.0619531869888,"dvar":0.00121690949891,"dvar2":0.00364968599752,"max":0.324783474207,"mean":0.0817729234695,"median":0.078417815268,"min":1.813246997e-9,"var":0.00172494444996},"beats_loudness_band_ratio":{"dmean":[0.151288643479,0.0591623820364,0.0494226031005,0.0379321426153,0.0211547035724,0.055639680475],"dmean2":[0.268792688847,0.103032544255,0.0849177464843,0.0672514736652,0.039774980396,0.0994967892766],"dvar":[0.0176740456372,0.00512580806389,0.00573444692418,0.00214614416473,0.000319869519444,0.00391847640276],"dvar2":[0.0543612726033,0.0152466641739,0.0166632160544,0.00600981712341,0.000990280183032,0.0106171900406],"max":[0.993778645992,0.580125153065,0.768130302429,0.6376