{"lowlevel":{"average_loudness":0.948044776917,"barkbands":{"dmean":[0.0103920968249,0.017951708287,0.00375875551254,0.00138658762444,0.00159371888731,0.00146515923552,0.000613810901996,0.000474532862427,0.000638325989712,0.000743999844417,0.000569538096897,0.00078023102833,0.000690791464876,0.000772996048909,0.00074576982297,0.000370855850633,0.000317619676935,0.000250926561421,0.000154746492626,0.0000871049051057,0.0000744720455259,0.0000430984291597,0.0000168349961314,0.00000658871022097,0.000004459774118,0.000012713576325,0.00064453703817],"dmean2":[0.0162383820862,0.030301483348,0.00646599661559,0.00235278555192,0.00262901326641,0.00232503656298,0.0010189821478,0.000797826098278,0.00105504167732,0.00124060921371,0.000951311783865,0.00131709023844,0.00116225052625,0.00130412785802,0.00123584701214,0.000623562256806,0.000525795447174,0.000427177757956,0.000259350141278,0.000141623298987,0.000120142285596,0.0000657323907944,0.0000263351903413,0.0000105816070572,0.00000735897401682,0.0000192728366528,0.0010568627622],"dvar":[0.000317727099173,0.000541337532923,0.0000309838796966,0.00000420856758865,0.00000580937239647,0.0000102734957181,0.00000129279089833,5.96823326759e-7,0.00000128327474158,0.0000012790751498,8.29925681956e-7,0.00000186634804322,0.00000127523071569,0.00000129225816181,0.00000142467058595,2.49140384767e-7,1.87954356079e-7,1.22715874795e-7,5.30076817995e-8,2.15171294116e-8,3.67664512169e-8,7.19318782316e-9,9.71721147991e-10,9.69591004707e-11,3.9361916504e-11,6.34027497171e-10,5.46995579498e-7],"dvar2":[0.000691391469445,0.00145927548874,0.0000860009240569,0.0000114137192213,0.0000142086055348,0.0000227228883887,0.00000347981949744,0.00000153008841153,0.00000332238869305,0.00000329695353685,0.00000200012027562,0.00000498634153701,0.00000338081235896,0.00000346416095454,0.00000353231871486,6.63388163957e-7,4.79778577755e-7,3.39436439845e-7,1.38167834507e-7,5.00255232794e-8,9.03536232499e-8,1.6223500765e-8,2.28235608191e-9,2.27113230999e-10,9.96328713976e-11,1.33724298301e-9,0.00000146521279021],"max":[0.231152042747,0.274052739143,0.082549713552,0.0446906797588,0.0486690886319,0.0880732908845,0.0234247334301,0.0222862157971,0.0292519461364,0.0276045352221,0.0276411902159,0.0564656443894,0.0373358093202,0.0558032169938,0.034205596894,0.0111103355885,0.00912827532738,0.00606335094199,0.00656528910622,0.00317590683699,0.00699585583061,0.0016195961507,0.000917203607969,0.00022815570992,0.0000692635585438,0.000804630690254,0.0157330818474],"mean":[0.0117864478379,0.0257994476706,0.00450570881367,0.00183345470577,0.00249527790584,0.00230392254889,0.000953287351876,0.000726856116671,0.00104376254603,0.00123825774062,0.000922058825381,0.00136207218748,0.00128191220574,0.00149131589569,0.00154379149899,0.000774118467234,0.00068910344271,0.000528874399606,0.000297587714158,0.000183202006156,0.000161536416272,0.0000863703025971,0.0000339383477694,0.0000105952431113,0.00000523209882886,0.0000269138417934,0.00251965690404],"median":[0.00420790910721,0.0182833690196,0.00264636310749,0.000983437057585,0.00153227313422,0.000841668457724,0.000492483668495,0.000440537958639,0.000609525246546,0.000753478729166,0.000588739931118,0.000895520788617,0.000678289972711,0.00109803723171,0.00106062751729,0.000576483726036,0.000526979390997,0.000400575692765,0.000200437847525,0.000114498885523,0.0000910852904781,0.0000518026172358,0.0000193219730136,0.00000616857596469,0.00000280862377622,0.0000142040753417,0.00239978637546],"min":[1.637288796e-24,1.6873350193e-24,2.01487677246e-24,1.1542454993e-24,8.81824849686e-24,7.38858167883e-24,1.44003560577e-23,6.02924259936e-24,1.5270045229e-23,1.4326767957e-23,1.5164987889e-23,2.79188318876e-23,2.94352371176e-23,5.50822947486e-23,5.29561063497e-23,5.4201219159e-23,6.67491057747e-23,7.67940692668e-23,1.38805112362e-22,1.9056303366e-22,2.57137226884e-22,3.50270271572e-22,4.0348321841e-22,6.3993431617e-22,9.34905034389e-22,1.40982080684e-21,2.12387063716e-21],"var":[0.000416009977926,0.000691728375386,0.0000331643932441,0.00000671712905387,0.0000108215153887,0.0000248348042078,0.00000230044543059,0.00000102727835838,0.00000223844836,0.00000250551715908,0.00000159913793141,0.00000305007961288,0.00000309955885314,0.00000253872849498,0.00000361404704563,5.83797941545e-7,4.52819591601e-7,2.46359178391e-7,1.03555365172e-7,5.89192943323e-8,7.84205980153e-8,1.39829738899e-8,2.0240804588e-9,1.99048832972e-10,4.70917992101e-11,1.62201985177e-9,0.00000297942074212]},"barkbands_crest":{"dmean":3.2262096405,"dmean2":5.25711107254,"dvar":7.10064649582,"dvar2":18.8162612915,"max":26.1252784729,"mean":11.3072242737,"median":10.8255281448,"min":2.47720098495,"var":23.3258934021},"barkbands_flatness_db":{"dmean":0.027773950249,"dmean2":0.0439239107072,"dvar":0.000630311435089,"dvar2":0.00149238435552,"max":0.465083420277,"mean":0.129062339664,"median":0.119920015335,"min":0.0317912176251,"var":0.00233418610878},"barkbands_kurtosis":{"dmean":5.76446962357,"dmean2":8.82834720612,"dvar":248.918685913,"dvar2":388.991333008,"max":823.424926758,"mean":8.73649597168,"median":2.70096254349,"min":-1.83255290985,"var":803.041931152},"barkbands_skewness":{"dmean":0.741252422333,"dmean2":1.17366862297,"dvar":0.629356384277,"dvar2":1.45364332199,"max":20.3700580597,"mean":2.21488213539,"median":1.82067394257,"min":-2.18974351883,"var":2.83042573929},"barkbands_spread":{"dmean":10.2422332764,"dmean2":16.4165782928,"dvar":83.4019622803,"dvar2":205.252044678,"max":129.1431427,"mean":39.561416626,"median":39.8211898804,"min":0.159734889865,"var":330.704162598},"dissonance":{"dmean":0.0111400429159,"dmean2":0.0191082749516,"dvar":0.000113184963993,"dvar2":0.000307887297822,"max":0.500000059605,"mean":0.482904881239,"median":0.486065149307,"min":0.3384141922,"var":0.000173497202923},"dynamic_complexity":2.35057163239,"erbbands":{"dmean":[0.952816784382,2.80333900452,4.47943401337,4.28192663193,4.46964597702,5.93659114838,9.48855686188,12.0967741013,8.01000785828,10.0430574417,11.4736871719,14.2620716095,17.592376709,25.0811271667,22.9630336761,31.4780635834,30.8504390717,29.9350395203,44.9449577332,26.4100856781,17.7912845612,16.627538681,14.2818260193,9.04826927185,6.63345193863,3.87654185295,3.68395805359,2.34837698936,1.38549554348,1.16646099091,0.443453997374,0.19046497345,0.0888844057918,0.0517930313945,0.0309416614473,0.0215841680765,0.0246756114066,0.0304189398885,0.0178187303245,0.0123427752405],"dmean2":[1.61068642139,4.74613904953,7.68964481354,7.23344373703,7.5504617691,9.88782596588,15.3388128281,19.1284561157,13.2940807343,16.7245426178,19.3288040161,23.6524372101,29.2724399567,41.9136123657,38.2731781006,53.277256012,52.1889419556,49.9336776733,75.0810775757,44.2350959778,29.8410224915,27.5127849579,24.2684059143,15.3504343033,10.9467983246,6.29169559479,5.95380592346,3.77440142632,2.14843201637,1.78031539917,0.68875837326,0.300894260406,0.145053893328,0.0852511376143,0.0510696731508,0.034785553813,0.0371095836163,0.0444931052625,0.0270763859153,0.0198822394013],"dvar":[1.94680380821,11.3178796768,38.6596183777,39.4245109558,41.8824806213,103.247650146,450.376464844,774.332946777,178.665283203,512.541137695,354.803497314,698.903320312,1001.61340332,1629.36474609,1299.74780273,2352.80834961,2554.34936523,1751.04260254,5473.09423828,1271.95458984,595.343200684,501.764190674,394.73550415,189.52696228,112.576759338,43.958240509,89.3744735718,30.3655605316,7.85496520996,5.19679737091,0.728142142296,0.102444387972,0.0164176262915,0.0052523673512,0.00192072114442,0.000902972882614,0.00257603800856,0.0024209858384,0.000656741089188,0.000181590599823],"dvar2":[5.29957437515,30.89594841,107.403739929,106.956497192,108.725837708,256.946624756,1013.46801758,1676.3404541,477.86328125,1316.25598145,930.835449219,1800.10571289,2532.26586914,4037.75756836,3344.20800781,6324.18701172,6749.22265625,4737.06787109,14091.3271484,3312.69726562,1572.0760498,1291.92883301,1081.87133789,516.19732666,283.581604004,101.040153503,222.433120728,72.0208435059,18.1367740631,11.483297348,1.70924198627,0.230583056808,0.0405629277229,0.013311734423,0.00485184928402,0.00216996762902,0.00543088978156,0.00506094843149,0.00144170294516,0.000468916463433],"max":[14.9630689621,51.1310195923,108.223594666,119.815994263,162.726898193,252.164962769,597.53894043,887.328613281,249.629058838,674.475341797,570.124572754,888.603271484,783.879516602,1282.55664062,1208.85253906,1400.8503418,1556.32092285,1332.22143555,2207.27539062,976.903442383,754.875854492,405.870056152,419.338256836,221.945541382,296.414825439,148.998886108,343.635375977,150.383514404,70.0697402954,43.4704093933,24.2181606293,6.47931003571,2.29678249359,0.789521515369,0.491454601288,0.565434038639,1.83183717728,1.05160284042,0.778579175472,0.305672764778],"mean":[1.20065140724,4.0405330658,5.84025478363,6.08114337921,6.47347640991,8.68681240082,14.4790687561,18.8753299713,12.6394424438,15.7676668167,18.3823661804,23.550994873,29.6556167603,43.7765884399,42.8297195435,57.879234314,60.071182251,65.5537567139,95.4201660156,59.8626403809,40.4468307495,38.555644989,32.2988014221,18.9370288849,12.9958620071,8.4505147934,7.69308280945,5.12425088882,3.01300191879,2.15749454498,0.867451310158,0.339486718178,0.129563584924,0.0639271363616,0.0355229191482,0.032147873193,0.0532201901078,0.0817207843065,0.071890309453,0.0643106624484],"median":[0.68112808466,2.94981217384,3.77708172798,3.54740023613,3.9551627636,4.9424738884,5.99481487274,6.83572769165,6.8072719574,7.50699186325,12.1214666367,13.6660146713,17.8491134644,27.495595932,30.6472682953,37.6390380859,33.5499153137,48.2521286011,66.6540679932,44.9437522888,31.7200775146,30.7336616516,25.0199737549,13.1211328506,8.78549861908,5.32289409637,4.25769758224,2.94323062897,1.87574028969,1.21152591705,0.485835134983,0.192580804229,0.0756970793009,0.0356349013746,0.0187621228397,0.0187106691301,0.0289447829127,0.051681086421,0.0532855205238,0.0642817541957],"min":[1.05635322522e-22,6.08481359028e-22,4.02440089334e-21,4.17212129513e-21,1.5890906971e-20,3.92748941444e-20,6.034008565e-20,5.12206617346e-20,1.65280069718e-19,2.18793304526e-19,1.78543225832e-19,3.99354889826e-19,4.08793382507e-19,7.19829733041e-19,4.63794379194e-19,1.35583236242e-18,1.76379225706e-18,1.98457586154e-18,3.12726135769e-18,3.09735422906e-18,3.46571698778e-18,3.52226450202e-18,3.6927191293e-18,6.74594947654e-18,6.54218056367e-18,8.55505840987e-18,1.03333428713e-17,1.09265860532e-17,1.25635177557e-17,1.2908781289e-17,1.06064671562e-17,9.82596020969e-18,1.03492636165e-17,9.30085603067e-18,7.07278549376e-18,4.34928712307e-18,2.49959732927e-18,9.81867523004e-19,2.46144315823e-19,2.85851680025e-20],"var":[2.20614647865,15.6033563614,43.5106430054,62.4837913513,69.4435501099,170.037719727,1075.55004883,1830.22583008,307.331817627,958.995910645,533.658935547,1187.6484375,1775.5592041,3347.88842773,2380.12988281,4599.50439453,6157.23291016,4228.5546875,13787.9658203,3349.94482422,1448.8762207,1234.5020752,891.286193848,364.251251221,225.259689331,124.896972656,183.474227905,70.5116424561,16.794708252,9.13550853729,1.4505007267,0.227848902345,0.0262975785881,0.00658354116604,0.00224985159002,0.00159731984604,0.00635581184179,0.00824073329568,0.00415946170688,0.00178482569754]},"erbbands_crest":{"dmean":1.9158924818,"dmean2":3.20184540749,"dvar":3.16428089142,"dvar2":8.09896469116,"max":24.4628982544,"mean":6.80591344833,"median":6.19820737839,"min":2.03828954697,"var":7.13333320618},"erbbands_flatness_db":{"dmean":0.0158017333597,"dmean2":0.0249353665859,"dvar":0.000186064833542,"dvar2":0.00044501569937,"max":0.299384474754,"mean":0.129501789808,"median":0.126128107309,"min":0.0268719736487,"var":0.000931151967961},"erbbands_kurtosis":{"dmean":0.715217530727,"dmean2":1.17644584179,"dvar":0.735164165497,"dvar2":1.83786904812,"max":20.4596691132,"mean":0.661362707615,"median":0.372248649597,"min":-1.55113768578,"var":1.7616673708},"erbbands_skewness":{"dmean":0.26715323329,"dmean2":0.43333491683,"dvar":0.0510060824454,"dvar2":0.130393862724,"max":4.11112499237,"mean":-0.411912798882,"median":-0.440918892622,"min":-2.31075406075,"var":0.238881602883},"erbbands_spread":{"dmean":5.3868560791,"dmean2":8.7893819809,"dvar":22.594587326,"dvar2":58.8468360901,"max":136.660263062,"mean":29.0735015869,"median":27.896780014,"min":4.77930450439,"var":109.814422607},"gfcc":{"cov":[[11123.640625,306.82598877,-989.285095215,-106.058670044,93.7669525146,-262.744140625,100.032493591,-344.72644043,97.4691162109,-73.8286437988,16.6524467468,42.6390800476,-68.5153503418],[306.82598877,426.794494629,-30.5596370697,-101.496887207,97.3348464966,-21.1800689697,-4.22087574005,8.92151069641,40.0664176941,-28.3803939819,23.004196167,-20.3281707764,45.1201858521],[-989.285095215,-30.5596370697,334.109008789,126.509376526,-64.36743927,118.228805542,-52.1475563049,81.7507858276,-41.4856414795,47.4810562134,2.61310005188,4.5324640274,15.1591844559],[-106.058670044,-101.496887207,126.509376526,220.068939209,-30.8575763702,27.6108798981,56.6484336853,8.01682090759,-19.5027256012,35.2521591187,-13.3407087326,17.4270935059,-16.3782100677],[93.7669525146,97.3348464966,-64.36743927,-30.8575763702,163.754867554,22.8056678772,18.0127506256,-17.4417953491,24.0649318695,-37.5234413147,13.9440059662,-2.09567308426,6.41000127792],[-262.744140625,-21.1800689697,118.228805542,27.6108798981,22.8056678772,156.782287598,-34.1665267944,71.6871261597,-23.7232952118,7.70735645294,-0.164081081748,1.47723329067,11.228228569],[100.032493591,-4.22087574005,-52.1475563049,56.6484336853,18.0127506256,-34.1665267944,158.689453125,-12.9569892883,43.4329032898,9.85315322876,-5.60488653183,9.65824508667,-12.5145549774],[-344.72644043,8.92151069641,81.7507858276,8.01682090759,-17.4417953491,71.6871261597,-12.9569892883,116.046318054,5.83161640167,23.4135665894,1.70701563358,-13.0480422974,19.3495388031],[97.4691162109,40.0664176941,-41.4856414795,-19.5027256012,24.0649318695,-23.7232952118,43.4329032898,5.83161640167,72.1454696655,21.7731018066,13.938328743,6.82351303101,-3.39456820488],[-73.8286437988,-28.3803939819,47.4810562134,35.2521591187,-37.5234413147,7.70735645294,9.85315322876,23.4135665894,21.7731018066,65.1260375977,24.1771221161,9.13866138458,5.60359477997],[16.6524467468,23.004196167,2.61310005188,-13.3407087326,13.9440059662,-0.164081081748,-5.60488653183,1.70701563358,13.938328743,24.1771221161,50.715007782,24.7997722626,11.5456514359],[42.6390800476,-20.3281707764,4.5324640274,17.4270935059,-2.09567308426,1.47723329067,9.65824508667,-13.0480422974,6.82351303101,9.13866138458,24.7997722626,51.0431098938,15.6034584045],[-68.5153503418,45.1201858521,15.1591844559,-16.3782100677,6.41000127792,11.228228569,-12.5145549774,19.3495388031,-3.39456820488,5.60359477997,11.5456514359,15.6034584045,61.0475196838]],"icov":[[0.000164400044014,-0.000293918972602,0.000861588632688,-0.000524687406141,0.000426808896009,-0.000518997549079,0.000276489736279,0.000366876687622,-0.000169169390574,-0.0000449010294687,-0.000154272260261,0.00000967991400103,0.0000594863849983],[-0.000293918972602,0.00445537129417,-0.00288700242527,0.00186367554124,-0.00202926760539,0.00196794746444,-0.000839032989461,-0.000416661350755,-0.00230609369464,0.00311889662407,-0.00265037128702,0.00364067032933,-0.00343856308609],[0.000861588632688,-0.00288700242527,0.0121788782999,-0.00738475983962,0.0051458561793,-0.00700382143259,0.0040075215511,0.000732541375328,-0.000286410358967,-0.00144183193333,-0.00214392412454,0.000830169476103,-0.000257776497165],[-0.000524687406141,0.00186367554124,-0.00738475983962,0.0132146636024,-0.00569480936974,0.0044822068885,-0.00580753898248,-0.00190229504369,0.00792053993791,-0.00912607461214,0.00911109335721,-0.00752429757267,0.00407689623535],[0.000426808896009,-0.00202926760539,0.0051458561793,-0.00569480936974,0.0162162706256,-0.00954890809953,0.000546271156054,0.00614016316831,-0.0103207817301,0.014564066194,-0.0132705653086,0.00929070543498,-0.00438300194219],[-0.000518997549079,0.00196794746444,-0.00700382143259,0.0044822068885,-0.00954890809953,0.0175755191594,-0.000317097117659,-0.0102524226531,0.0079140663147,-0.00544181559235,0.00727208284661,-0.00781529396772,0.00342111219652],[0.000276489736279,-0.000839032989461,0.0040075215511,-0.00580753898248,0.000546271156054,-0.000317097117659,0.011304108426,0.0000396808209189,-0.00663925521076,0.000511008896865,0.00174746057019,-0.00115944829304,0.00023268982477],[0.000366876687622,-0.000416661350755,0.000732541375328,-0.00190229504369,0.00614016316831,-0.0102524226531,0.0000396808209189,0.0190631430596,-0.00844081491232,0.0025519982446,-0.0054929968901,0.0110873263329,-0.00726428255439],[-0.000169169390574,-0.00230609369464,-0.000286410358967,0.00792053993791,-0.0103207817301,0.0079140663147,-0.00663925521076,-0.00844081491232,0.0345409736037,-0.0228821709752,0.0117293810472,-0.0143221756443,0.0101164923981],[-0.0000449010294687,0.00311889662407,-0.00144183193333,-0.00912607461214,0.014564066194,-0.00544181559235,0.000511008896865,0.0025519982446,-0.0228821709752,0.0482096448541,-0.0312184616923,0.0185521375388,-0.0102135920897],[-0.000154272260261,-0.00265037128702,-0.00214392412454,0.00911109335721,-0.0132705653086,0.00727208284661,0.00174746057019,-0.0054929968901,0.0117293810472,-0.0312184616923,0.0520336478949,-0.0301329810172,0.00829639472067],[0.00000967991400103,0.00364067032933,0.000830169476103,-0.00752429757267,0.00929070543498,-0.00781529396772,-0.00115944829304,0.0110873263329,-0.0143221756443,0.0185521375388,-0.0301329810172,0.0455055162311,-0.0166261401027],[0.0000594863849983,-0.00343856308609,-0.000257776497165,0.00407689623535,-0.00438300194219,0.00342111219652,0.00023268982477,-0.00726428255439,0.0101164923981,-0.0102135920897,0.00829639472067,-0.0166261401027,0.0265083797276]],"mean":[39.0848426819,88.1300735474,-98.9107208252,2.33364629745,5.46260023117,-9.84377861023,5.63416910172,-16.2144775391,5.29700803757,-7.78540658951,-3.08272457123,-0.254586219788,-4.10827064514]},"hfc":{"dmean":53.8504104614,"dmean2":87.4558105469,"dvar":3676.68530273,"dvar2":9533.38867188,"max":1247.91540527,"mean":273.045410156,"median":272.65222168,"min":1.082623581e-16,"var":28025.9609375},"melbands":{"dmean":[0.00671442598104,0.0025828264188,0.000702803547028,0.00036154454574,0.000307313486701,0.000267125229584,0.000120485165098,0.000103428807051,0.0000989763648249,0.0000914806805667,0.0000906799032236,0.000106422805402,0.000078444762039,0.0000902732062968,0.0000763978750911,0.0000658810095047,0.0000625985121587,0.0000814611121314,0.0000475711385661,0.0000304924105876,0.0000217084598262,0.0000187784589798,0.0000177236106538,0.0000116876608445,0.00000774311592977,0.00000562227978662,0.00000424360996476,0.00000255302688856,0.00000255877216659,0.00000193503615264,0.00000133814478431,8.09252583167e-7,9.85299152489e-7,5.19198977145e-7,2.87384096964e-7,1.7836309496e-7,9.8846882679e-8,6.57258425463e-8,5.05775048509e-8,4.18477164033e-8],"dmean2":[0.0111603606492,0.0043993992731,0.00118475023191,0.000603799824603,0.000496728229336,0.00042212070548,0.00020026571292,0.000171717940248,0.00016684368893,0.000151079337229,0.000150775013026,0.000178081783815,0.000131130902446,0.000152721593622,0.000129576495965,0.000110594919533,0.000105229897599,0.000136582573759,0.0000793820872786,0.000051069084293,0.0000364144761988,0.0000311335315928,0.0000299128732877,0.0000198943744181,0.0000132041650431,0.00000942602764553,0.00000696811775924,0.00000416869579567,0.00000417537967223,0.00000313537202601,0.0000021787325295,0.00000129388513415,0.00000150751088768,8.0641433442e-7,4.54189120092e-7,2.84496167069e-7,1.58200847977e-7,1.07744014599e-7,8.33577402659e-8,6.89460009085e-8],"dvar":[0.0000867237831699,0.00000974546401267,9.77597437668e-7,3.27521348709e-7,3.73131001652e-7,3.53775533313e-7,4.20521146793e-8,4.84585136462e-8,2.65783768327e-8,2.97114297609e-8,2.59685872805e-8,2.88625248146e-8,1.39363862672e-8,2.81933392188e-8,1.61523452391e-8,1.08895941153e-8,7.97684496234e-9,1.73682064286e-8,4.56626336742e-9,1.75966285987e-9,8.86342776951e-10,6.76444122938e-10,6.56356080597e-10,2.81087958465e-10,1.38172820408e-10,7.76352662712e-11,4.52379800286e-11,2.14038630569e-11,4.1860008515e-11,2.38742046965e-11,8.78114247982e-12,2.86826075044e-12,4.76035313599e-12,7.96639555538e-13,3.12188886938e-13,1.30288615725e-13,2.37420963423e-14,9.33582180882e-15,5.13902131231e-15,3.43245469381e-15],"dvar2":[0.000228280914598,0.0000269887914328,0.00000265703761215,8.17253351215e-7,8.31949080293e-7,7.6729918419e-7,1.14026342146e-7,1.23835690147e-7,7.11498060468e-8,7.54234932288e-8,6.58817853605e-8,7.20881061511e-8,3.47490960451e-8,7.55465379143e-8,4.37943370457e-8,2.94157072034e-8,2.14172608537e-8,4.5998390874e-8,1.16174359022e-8,4.71942174229e-9,2.32111219134e-9,1.71689407136e-9,1.74552217125e-9,7.70738584066e-10,3.78183123706e-10,2.00681707363e-10,1.1502319236e-10,5.00521429858e-11,1.0541798684e-10,5.95460972197e-11,2.11240729769e-11,6.82676961836e-12,1.06036776581e-11,1.86323547736e-12,7.44619372672e-13,3.07828415536e-13,5.44819316614e-14,2.3386125664e-14,1.30712481176e-14,8.71500425672e-15],"max":[0.101959310472,0.0538696609437,0.0178107861429,0.0127586014569,0.0169305168092,0.0175408292562,0.00385892833583,0.00648606335744,0.00431738933548,0.00577149540186,0.00389318889938,0.00489722192287,0.00305230519734,0.00788452103734,0.00419802637771,0.00200509582646,0.00332628004253,0.00432593235746,0.00156380434055,0.000971753441263,0.000907444744371,0.00055144779617,0.00060161401052,0.000348910194589,0.00017856741033,0.000312058313284,0.000111662586278,0.00011904056737,0.000227522250498,0.000146193022374,0.0000754283755668,0.0000410936590924,0.0000423335186497,0.0000192014813365,0.0000160841991601,0.0000101161758721,0.00000305094431496,0.00000190251500953,8.65450715537e-7,6.57533291815e-7],"mean":[0.00942033343017,0.00385817838833,0.00106066989247,0.000549676769879,0.000484322430566,0.000424529251177,0.000192007806618,0.000164529468748,0.000155144662131,0.000147690283484,0.000148399791215,0.000178509828402,0.000134625224746,0.00015443204029,0.000141291238833,0.000121648954519,0.00012349402823,0.000161937437952,0.000100582023151,0.0000622784282314,0.0000437894268543,0.0000394494309148,0.0000365995620086,0.0000233358441619,0.0000145809608512,0.0000102308822534,0.00000777161858423,0.00000508522589371,0.00000503475257574,0.00000378301206183,0.00000270775308309,0.00000165796234342,0.00000166510972122,9.63338607107e-7,5.3095726571e-7,3.12133465741e-7,1.62107184565e-7,9.37357285125e-8,6.44460484978e-8,4.96093797153e-8],"median":[0.00611608382314,0.00284415134229,0.000673669041134,0.000323172658682,0.000224579474889,0.000157767979545,0.000104744700366,0.0000824855742394,0.000102021513158,0.0000843511588755,0.0000872461096151,0.000108344298496,0.0000906552741071,0.000103448008304,0.0000774546497269,0.0000697518407833,0.0000890593291842,0.000112688612717,0.0000724666824681,0.0000450839870609,0.0000334954165737,0.0000304955683532,0.000027423919164,0.0000171301853698,0.0000095885270639,0.00000680465700498,0.00000488451269121,0.00000307152868118,0.00000271391786555,0.00000202275305128,0.000001573502459,0.00000100895226751,8.82988558715e-7,5.55313192763e-7,2.81685515802e-7,1.64463088481e-7,9.30249512976e-8,5.4312913278e-8,3.52569706763e-8,2.70526658852e-8],"min":[1.63094842508e-24,2.28658906443e-24,1.05248973949e-24,2.56017095674e-24,1.87487368331e-24,1.07871620915e-24,2.62754658058e-24,2.33323204317e-24,1.73165736647e-24,2.60818714511e-24,1.933950096e-24,2.22450255575e-24,1.66865065154e-24,1.84255109379e-24,5.70714280315e-24,3.51943390331e-24,2.90486550421e-24,4.46101788536e-24,3.98131354104e-24,4.75253946073e-24,3.5203391212e-24,3.02760792233e-24,5.10365750534e-24,2.23285245121e-24,4.97649115526e-24,3.98557851753e-24,4.94241118087e-24,6.19003335666e-24,5.42637458521e-24,5.95175673694e-24,4.36217282507e-24,5.47780949952e-24,6.51704341757e-24,6.33297376939e-24,5.77673019575e-24,5.0616968105e-24,5.83948881393e-24,6.29401942346e-24,7.09793613349e-24,7.00102299356e-24],"var":[0.000109429136501,0.0000128147912619,0.00000152881477788,5.90763647779e-7,9.02896431398e-7,8.53537585499e-7,7.34433811544e-8,9.44314137996e-8,3.8269249103e-8,5.04406862945e-8,4.62019293934e-8,5.79536418854e-8,2.64793946769e-8,4.13654674958e-8,3.72168642571e-8,2.34473329641e-8,1.67848988042e-8,4.03150828276e-8,1.17082699091e-8,4.02629529717e-9,1.89717530574e-9,1.46405532142e-9,1.48041756631e-9,5.16275189266e-10,2.45751002881e-10,1.45344028479e-10,9.1866292351e-11,5.42523075076e-11,8.32766772207e-11,4.67895375222e-11,1.91395337079e-11,5.76656907988e-12,7.31733857534e-12,1.50781817587e-12,5.97247457653e-13,2.33342479453e-13,5.13117651667e-14,1.43520059796e-14,6.82294356376e-15,4.16538065636e-15]},"melbands_crest":{"dmean":5.16692447662,"dmean2":8.48284626007,"dvar":18.9810714722,"dvar2":48.6563110352,"max":38.3794631958,"mean":19.7573928833,"median":18.9922561646,"min":1.70564353466,"var":57.7708206177},"melbands_flatness_db":{"dmean":0.0359825268388,"dmean2":0.0576913356781,"dvar":0.000917513214517,"dvar2":0.00232463609427,"max":0.614043056965,"mean":0.236621499062,"median":0.229885488749,"min":0.0036516317632,"var":0.00390739506111},"melbands_kurtosis":{"dmean":9.54730510712,"dmean2":15.8845481873,"dvar":257.441253662,"dvar2":651.831054688,"max":480.199829102,"mean":15.8275604248,"median":7.47706794739,"min":-1.66739547253,"var":781.650085449},"melbands_skewness":{"dmean":1.0044811964,"dmean2":1.65007007122,"dvar":0.966482579708,"dvar2":2.56020617485,"max":18.7967395782,"mean":3.09446907043,"median":2.69385266304,"min":-0.962955534458,"var":3.53172922134},"melbands_spread":{"dmean":7.39162921906,"dmean2":12.131688118,"dvar":49.1435432434,"dvar2":125.127731323,"max":160.464477539,"mean":22.0476360321,"median":19.5121364594,"min":0.27715164423,"var":229.300674438},"mfcc":{"cov":[[5176.48095703,317.665374756,-555.457824707,136.087722778,-157.716827393,146.302337646,-125.675949097,-17.1885318756,-121.917533875,-30.1478424072,-24.8887271881,12.1905460358,-5.20234394073],[317.665374756,619.511169434,-160.876708984,-70.5850982666,89.8134765625,-21.2570209503,-20.2267360687,13.0891170502,31.4110813141,-26.2639389038,25.2454147339,1.03231573105,-15.6171350479],[-555.457824707,-160.876708984,406.65045166,21.5349235535,38.2807731628,-6.36837768555,51.3257713318,-14.4680452347,21.2812652588,18.5183811188,5.90446662903,8.17646121979,25.320098877],[136.087722778,-70.5850982666,21.5349235535,214.016082764,-83.472366333,53.5549354553,12.9233264923,5.5351600647,0.137641653419,28.7521533966,-5.4883556366,-1.15300011635,21.6417865753],[-157.716827393,89.8134765625,38.2807731628,-83.472366333,191.750366211,4.03613042831,25.0254535675,16.2476425171,5.35316228867,-27.1639289856,9.27216434479,4.56177759171,-12.3762569427],[146.302337646,-21.2570209503,-6.36837768555,53.5549354553,4.03613042831,97.4755477905,22.1511421204,25.3066711426,-6.43694019318,8.10650062561,-3.278424263,3.68712639809,5.11536359787],[-125.675949097,-20.2267360687,51.3257713318,12.9233264923,25.0254535675,22.1511421204,73.9745407104,27.3715782166,20.8443412781,11.2095041275,1.02814352512,-2.48900318146,3.4082865715],[-17.1885318756,13.0891170502,-14.4680452347,5.5351600647,16.2476425171,25.3066711426,27.3715782166,69.7142486572,19.9502162933,16.9953022003,2.06472110748,-5.06100988388,1.33449208736],[-121.917533875,31.4110813141,21.2812652588,0.137641653419,5.35316228867,-6.43694019318,20.8443412781,19.9502162933,72.6938171387,23.8677635193,10.8278408051,-0.108879104257,2.91734838486],[-30.1478424072,-26.2639389038,18.5183811188,28.7521533966,-27.1639289856,8.10650062561,11.2095041275,16.9953022003,23.8677635193,63.9456062317,18.1806602478,6.75535869598,4.94276666641],[-24.8887271881,25.2454147339,5.90446662903,-5.4883556366,9.27216434479,-3.278424263,1.02814352512,2.06472110748,10.8278408051,18.1806602478,51.9334564209,19.0457458496,8.39555072784],[12.1905460358,1.03231573105,8.17646121979,-1.15300011635,4.56177759171,3.68712639809,-2.48900318146,-5.06100988388,-0.108879104257,6.75535869598,19.0457458496,48.3817939758,13.9239997864],[-5.20234394073,-15.6171350479,25.320098877,21.6417865753,-12.3762569427,5.11536359787,3.4082865715,1.33449208736,2.91734838486,4.94276666641,8.39555072784,13.9239997864,44.9829368591]],"icov":[[0.000258331536315,-0.000124816055177,0.000257569656242,-0.0000782753559179,0.000140267817187,-0.000402519799536,0.000199564310606,0.000102866040834,0.000282652763417,-0.0000360729900422,0.0000804434603197,-0.0000781340204412,-0.000059781697928],[-0.000124816055177,0.00225481484085,0.000832985620946,-0.0000116867231554,-0.00117421534378,0.000493262778036,0.000426430953667,-0.0000817222171463,-0.00152086932212,0.000868442468345,-0.0010906944517,0.000223807553994,0.0000335946569976],[0.000257569656242,0.000832985620946,0.00380185293034,-0.000523326569237,-0.00134219380561,0.000427371880505,-0.00194114574697,0.00208224984817,-0.000560567132197,-0.000945572624914,0.000172550688148,0.000058574070863,-0.00181189028081],[-0.0000782753559179,-0.0000116867231554,-0.000523326569237,0.00739231007174,0.00295595289208,-0.00389535469003,-0.000831762619782,0.000835051119793,9.51666493165e-7,-0.00164152740035,0.000591135001741,0.000981043442152,-0.0022142524831],[0.000140267817187,-0.00117421534378,-0.00134219380561,0.00295595289208,0.0086680855602,-0.00200123060495,-0.00210736179724,-0.00180840480607,0.00036421767436,0.00375804095529,-0.00177762180101,-0.00107372889761,0.00199525733478],[-0.000402519799536,0.000493262778036,0.000427371880505,-0.00389535469003,-0.00200123060495,0.0154412938282,-0.0032152691856,-0.00449745217338,0.0026618950069,-0.00048846116988,0.00103336083703,-0.00207666074857,0.000159702845849],[0.000199564310606,0.000426430953667,-0.00194114574697,-0.000831762619782,-0.00210736179724,-0.0032152691856,0.020286552608,-0.00549499690533,-0.00371180311777,-0.000238936074311,0.000511025020387,0.00100347131956,-0.000063306564698],[0.000102866040834,-0.0000817222171463,0.00208224984817,0.000835051119793,-0.00180840480607,-0.00449745217338,-0.00549499690533,0.021389240399,-0.00335129629821,-0.00505436351523,0.000930034380872,0.00306058791466,-0.00214282702655],[0.000282652763417,-0.00152086932212,-0.000560567132197,9.51666493165e-7,0.00036421767436,0.0026618950069,-0.00371180311777,-0.00335129629821,0.0193596798927,-0.00597984297201,-0.000835810904391,0.00067267374834,-0.000652804621495],[-0.0000360729900422,0.000868442468345,-0.000945572624914,-0.00164152740035,0.00375804095529,-0.00048846116988,-0.000238936074311,-0.00505436351523,-0.00597984297201,0.0245604235679,-0.00813848245889,-0.00174098007847,0.00262384582311],[0.0000804434603197,-0.0010906944517,0.000172550688148,0.000591135001741,-0.00177762180101,0.00103336083703,0.000511025020387,0.000930034380872,-0.000835810904391,-0.00813848245889,0.02676134184,-0.0083714351058,-0.00287873134948],[-0.0000781340204412,0.000223807553994,0.000058574070863,0.000981043442152,-0.00107372889761,-0.00207666074857,0.00100347131956,0.00306058791466,0.00067267374834,-0.00174098007847,-0.0083714351058,0.0269696936011,-0.00730046955869],[-0.000059781697928,0.0000335946569976,-0.00181189028081,-0.0022142524831,0.00199525733478,0.000159702845849,-0.000063306564698,-0.00214282702655,-0.000652804621495,0.00262384582311,-0.00287873134948,-0.00730046955869,0.0274708420038]],"mean":[-621.651062012,153.449996948,-33.196598053,32.4521751404,9.90785312653,25.3328037262,3.43783068657,12.9596529007,5.10172653198,5.83265733719,4.62120866776,2.18364405632,1.0706795454]},"pitch_salience":{"dmean":0.0948449671268,"dmean2":0.15359133482,"dvar":0.00666160695255,"dvar2":0.0170247983187,"max":0.954611122608,"mean":0.508367538452,"median":0.532530963421,"min":0.0780267864466,"var":0.0199412349612},"silence_rate_20dB":{"dmean":0,"dmean2":0,"dvar":0,"dvar2":0,"max":1,"mean":1,"median":1,"min":1,"var":0},"silence_rate_30dB":{"dmean":0.137783110142,"dmean2":0.275589883327,"dvar":0.118810690939,"dvar2":0.242695048451,"max":1,"mean":0.822252750397,"median":1,"min":0,"var":0.14616535604},"silence_rate_60dB":{"dmean":0.000514756364282,"dmean2":0.00102960108779,"dvar":0.000514468527399,"dvar2":0.00120007409714,"max":1,"mean":0.0166423600167,"median":0,"min":0,"var":0.0163650661707},"spectral_centroid":{"dmean":205.387176514,"dmean2":325.830963135,"dvar":43307.3320312,"dvar2":97601.4453125,"max":11626.8769531,"mean":1471.72509766,"median":1424.93481445,"min":108.633392334,"var":508582.28125},"spectral_complexity":{"dmean":3.74622511864,"dmean2":5.98352622986,"dvar":11.2825908661,"dvar2":26.3842067719,"max":61,"mean":29.9816417694,"median":31,"min":0,"var":95.238067627},"spectral_contrast_coeffs":{"dmean":[0.0522730760276,0.047154199332,0.0357463471591,0.0268086642027,0.0222477745265,0.0360281802714],"dmean2":[0.0880093127489,0.0793056562543,0.0605217702687,0.0456935502589,0.03707036376,0.0569234378636],"dvar":[0.00166964181699,0.00137669558171,0.00077293231152,0.000426652695751,0.000391505192965,0.000948185799643],"dvar2":[0.00468295207247,0.00386704714037,0.00222068629228,0.00122459745035,0.00104034272954,0.00245019304566],"max":[-0.475792020559,-0.457552582026,-0.553050458431,-0.631789565086,-0.600535869598,-0.500726103783],"mean":[-0.725543737411,-0.783931791782,-0.807504117489,-0.805446684361,-0.791569888592,-0.722065031528],"median":[-0.728630244732,-0.790046870708,-0.809567928314,-0.806614458561,-0.795889914036,-0.715232491493],"min":[-0.986118674278,-0.992048382759,-0.978149712086,-0.986109018326,-0.9768486619,-0.963676571846],"var":[0.00447521638125,0.00386404478922,0.00209969142452,0.00154460850172,0.00208852253854,0.00410230876878]},"spectral_contrast_valleys":{"dmean":[0.390614241362,0.367456048727,0.294781506062,0.233801737428,0.25274759531,0.49626621604],"dmean2":[0.65165156126,0.614418566227,0.489016413689,0.383993387222,0.396728157997,0.778237462044],"dvar":[0.105098202825,0.0926392674446,0.068697527051,0.0520809590816,0.0827897191048,0.183653146029],"dvar2":[0.271368950605,0.233322799206,0.163217961788,0.111367575824,0.178579047322,0.476367563009],"max":[-4.84385061264,-4.72491025925,-5.10409593582,-5.25886726379,-5.40001010895,-8.94489383698],"mean":[-6.42552947998,-6.4260187149,-6.55666399002,-6.67222070694,-7.18759250641,-10.7494068146],"median":[-6.25441122055,-6.28656625748,-6.38661766052,-6.46708393097,-7.01039743423,-10.6258993149],"min":[-27.9354095459,-27.7723293304,-27.9153633118,-27.7855472565,-27.5323810577,-27.4043121338],"var":[2.1828083992,2.19496417046,2.1712243557,2.25941991806,2.14170598984,1.58430075645]},"spectral_decrease":{"dmean":7.25901294629e-9,"dmean2":1.164699448e-8,"dvar":7.89706154431e-17,"dvar2":1.92746026447e-16,"max":5.68460922779e-9,"mean":-1.29920456615e-8,"median":-1.01840447186e-8,"min":-9.24059406771e-8,"var":1.22885660633e-16},"spectral_energy":{"dmean":0.0275404378772,"dmean2":0.0443143770099,"dvar":0.00110583263449,"dvar2":0.0027411961928,"max":0.375013232231,"mean":0.0738011151552,"median":0.0668554455042,"min":1.00108927789e-20,"var":0.00202881195582},"spectral_energyband_high":{"dmean":0.000367921107681,"dmean2":0.000575747806579,"dvar":2.29382550287e-7,"dvar2":5.39180462056e-7,"max":0.0129620563239,"mean":0.00153790554032,"median":0.00137166422792,"min":7.0362713246e-21,"var":0.0000012656812487},"spectral_energyband_low":{"dmean":0.0246350299567,"dmean2":0.0406938679516,"dvar":0.000982952187769,"dvar2":0.00251865154132,"max":0.345546424389,"mean":0.0397854596376,"median":0.0296241398901,"min":1.87344099358e-23,"var":0.00136045610998},"spectral_energyband_middle_high":{"dmean":0.0026548046153,"dmean2":0.00432888465002,"dvar":0.000010470507732,"dvar2":0.000027455153031,"max":0.0808004960418,"mean":0.0100739775226,"median":0.00862103234977,"min":1.1614489227e-21,"var":0.0000574440127821},"spectral_energyband_middle_low":{"dmean":0.00391445728019,"dmean2":0.00636174529791,"dvar":0.000024847642635,"dvar2":0.0000606224202784,"max":0.0934209227562,"mean":0.00964165851474,"median":0.00724906800315,"min":1.60990708294e-22,"var":0.0000724669880583},"spectral_entropy":{"dmean":0.101859860122,"dmean2":0.157827273011,"dvar":0.0113021824509,"dvar2":0.0252096895128,"max":9.81925773621,"mean":7.74052762985,"median":7.75973653793,"min":6.02203416824,"var":0.056293617934},"spectral_flux":{"dmean":0.0372732132673,"dmean2":0.061570122838,"dvar":0.00159634079318,"dvar2":0.00401122868061,"max":0.467895209789,"mean":0.150673449039,"median":0.147623732686,"min":6.38505776029e-11,"var":0.00368866766803},"spectral_kurtosis":{"dmean":3.71160268784,"dmean2":5.75287675858,"dvar":17.181552887,"dvar2":40.7136688232,"max":82.386756897,"mean":19.7424144745,"median":18.3016624451,"min":-1.2744038105,"var":64.9676208496},"spectral_rms":{"dmean":0.00147732580081,"dmean2":0.00234246393666,"dvar":0.00000220783704208,"dvar2":0.00000534181071998,"max":0.0191276390105,"mean":0.00808372255415,"median":0.00807618908584,"min":3.12517589932e-12,"var":0.00000665453444526},"spectral_rolloff":{"dmean":5303.89160156,"dmean2":10077.8300781,"dvar":60358448,"dvar2":138450848,"max":22050,"mean":12337.84375,"median":19681.3476562,"min":21.533203125,"var":92758472},"spectral_skewness":{"dmean":0.293301403522,"dmean2":0.449834227562,"dvar":0.0948201715946,"dvar2":0.220992639661,"max":7.18400001526,"mean":2.96419763565,"median":2.88013100624,"min":-0.056457772851,"var":0.484677225351},"spectral_spread":{"dmean":368673.375,"dmean2":589210.625,"dvar":256886554624,"dvar2":492845760512,"max":42576036,"mean":4075415,"median":3895813,"min":1924461.125,"var":5400626724860},"spectral_strongpeak":{"dmean":2.0899848938,"dmean2":3.90903306007,"dvar":110.251724243,"dvar2":304.534454346,"max":181.124023438,"mean":1.7166851759,"median":0.264889419079,"min":0,"var":93.992225647},"zerocrossingrate":{"dmean":0.040128082037,"dmean2":0.0507997684181,"dvar":0.00112953700591,"dvar2":0.00175094802398,"max":0.64794921875,"mean":0.256338477135,"median":0.25537109375,"min":0.00439453125,"var":0.0088550876826}},"metadata":{"audio_properties":{"analysis_sample_rate":44100,"bit_rate":320000,"codec":"mp3","downmix":"mix","equal_loudness":0,"length":270.629638672,"lossless":false,"md5_encoded":"e3443971702d43cfaadc5ed053da952f","replay_gain":-8.84346199036,"sample_rate":44100},"tags":{"album":["The Hunter"],"albumartist":["Mastodon"],"albumartistsort":["Mastodon","Mastodon"],"albumsort":["Hunter, The"],"artist":["Mastodon"],"artistsort":["Mastodon"],"asin":["B005MW6IRU"],"date":["2011"],"discnumber":["1/1"],"file_name":"09. Mastodon - Thickening.mp3","genre":["Progressive Metal"],"isrc":["USRE11100603"],"label":["Reprise Records"],"language":["eng"],"media":["CD"],"musicbrainz album release country":["XW"],"musicbrainz album status":["official"],"musicbrainz album type":["album"],"musicbrainz_albumartistid":["bc5e2ad6-0a4a-4d90-b911-e9a7e6861727"],"musicbrainz_albumid":["e349eaf2-865c-4b47-b719-29d4b5f8e789"],"musicbrainz_artistid":["bc5e2ad6-0a4a-4d90-b911-e9a7e6861727"],"musicbrainz_recordingid":["45535fde-0cb1-464c-9db2-d513a2e2e611"],"script":["Latn"],"title":["Thickening"],"tracknumber":["9/15"]},"version":{"essentia":"2.1-beta1","essentia_build_sha":"ca57ba49d9b1854bd80e60cf9ccf267278fb7d6b","essentia_git_sha":"v2.1_beta1-28-g21ef5f4-dirty","extractor":"music 1.0"}},"rhythm":{"beats_count":582,"beats_loudness":{"dmean":0.0406858921051,"dmean2":0.0716159567237,"dvar":0.00126430648379,"dvar2":0.00365151278675,"max":0.293511807919,"mean":0.0849134474993,"median":0.0795295834541,"min":0,"var":0.00189419917297},"beats_loudness_band_ratio":{"dmean":[0.196981355548,0.0532731339335,0.0362667553127,0.0451842956245,0.0428462289274,0.0893702507019],"dmean2":[0.346308082342,0.0927847623825,0.0651144385338,0.0786554142833,0.0764102861285,0.156197622418],"dvar":[0.0268037226051,0.00464024860412,0.00195514806546,0.00207873317413,0.00195990153588,0.00598372053355],"dvar2":[0.0763826444745,0.013502783142,0.00549451820552,0.00594709347934,0.00585426623002,0.0157893933356],"max":[0.992961704731,0.460750281811,0.336252391338,0.36479216814,0.343641549349,0.637999415398