{"lowlevel":{"average_loudness":0.880361258984,"barkbands":{"dmean":[0.00027074755053,0.00367786712013,0.00134979432914,0.000607347872574,0.000914718431886,0.00117083289661,0.00122118159197,0.000882001942955,0.00127338443417,0.00104644370731,0.000787290802691,0.000483096955577,0.000448861916084,0.000261175620835,0.000192580642761,0.0000994234360405,0.0000581060521654,0.00007360617019,0.0000243605609285,0.0000325500586769,0.000015735738998,0.00000635397555016,0.00000462371508547,0.00000363977824236,0.00000255235704572,2.80504423245e-7,1.09596491882e-8],"dmean2":[0.000475184293464,0.0061582159251,0.00218936242163,0.000994166824967,0.00136813498102,0.00178778625559,0.00181247945875,0.00132742908318,0.00187808589544,0.00155506888404,0.00115825876128,0.000754400738515,0.000715414294973,0.000415283982875,0.000307534181047,0.00015829676704,0.0000920861421037,0.000114983435196,0.0000371269852621,0.0000485957280034,0.0000235470379266,0.00000957514566835,0.00000686664589011,0.00000500917212776,0.00000360447666026,4.01796171445e-7,1.8302783289e-8],"dvar":[4.82604207264e-7,0.0000313442396873,0.00000753097583583,0.00000186281067727,0.00000358181250704,0.00000516235195391,0.0000153052751557,0.00000480908283862,0.0000165836245287,0.00000946897034737,0.00000525599671164,0.00000276552964351,0.00000295871427625,8.34536649563e-7,0.00000106332902305,2.3713133146e-7,6.54678444789e-8,4.99360908179e-8,6.09506312088e-9,8.94750495917e-9,1.9803305662e-9,6.00969718434e-10,3.09432368617e-10,2.27665358787e-10,9.91667928329e-11,8.43050238994e-13,4.6576001841e-16],"dvar2":[0.00000134000038088,0.000086738516984,0.0000177864476427,0.00000447289085059,0.00000733753176974,0.0000115432203529,0.000036441397242,0.0000108544627437,0.0000371269416064,0.0000231864542002,0.0000138447330755,0.00000663296896164,0.00000722587401469,0.0000019078177047,0.00000266601409749,6.04622414357e-7,1.47469407352e-7,1.23551131992e-7,1.43642164829e-8,1.83941768483e-8,4.45675096827e-9,1.4875330967e-9,6.88894885581e-10,3.95362104166e-10,2.03477207306e-10,1.73476684406e-12,1.16216499077e-15],"max":[0.010139609687,0.068864248693,0.0545808002353,0.0219951551408,0.0449310988188,0.0630767643452,0.113347366452,0.0632501617074,0.119151443243,0.0707641541958,0.0537036806345,0.0456032156944,0.0554742775857,0.0230147466063,0.0296766962856,0.0190069135278,0.00919710751623,0.00514007546008,0.00260551599786,0.0025088430848,0.00128004688304,0.000609236012679,0.000521775102243,0.00052313163178,0.000350332964445,0.0000251950677921,5.83030441703e-7],"mean":[0.000485066528199,0.0142536312342,0.00530162546784,0.00139858166222,0.00241481279954,0.00231532030739,0.00206056190655,0.00148800108582,0.00206784228794,0.00158387189731,0.00120626145508,0.000718169030733,0.000677440373693,0.000397499650717,0.000274607795291,0.000165501580341,0.000100503959402,0.000142093151226,0.0000492691724503,0.000069281202741,0.0000340470032825,0.000012022644114,0.00000921464379644,0.00000778926732892,0.0000056055814639,6.68526126901e-7,5.65224631544e-8],"median":[0.000169378385181,0.0122067863122,0.00263979751617,0.000499238201883,0.00119408138562,0.00131898489781,0.000865858979523,0.000637492048554,0.000781085400376,0.000520393543411,0.000299942563288,0.000192531035282,0.00014157872647,0.0000863653040142,0.0000519358327438,0.0000353574359906,0.0000131009837787,0.0000196244764084,0.00000841243399918,0.00000692661978974,0.00000483830626763,0.00000159030309987,9.85234805739e-7,5.41052031622e-7,5.5843742075e-7,2.05735460668e-7,5.29430863594e-8],"min":[2.80520105411e-23,3.95606581111e-23,1.93874211045e-23,3.99117485456e-23,4.26713038989e-23,1.33703088193e-23,3.0532252336e-23,4.29270178945e-23,8.00244483628e-23,3.18862468828e-23,1.09240372682e-22,1.24327432158e-22,7.36115014525e-23,1.35896373945e-22,8.38712244374e-23,9.35100381593e-23,1.23975234163e-22,2.17491198245e-22,1.65252387339e-22,4.12800410386e-22,4.22721251348e-22,5.02897539657e-22,6.55480606289e-22,1.05391968399e-21,1.31661657534e-21,1.67370353914e-21,2.38936612932e-21],"var":[6.81818448811e-7,0.000129623003886,0.000051757600886,0.00000478754463984,0.0000143459164974,0.000011500634173,0.00002537428918,0.00000786737655289,0.0000276487498923,0.0000169113882293,0.00000963181628322,0.00000499812995258,0.00000604320757702,0.00000165671758623,0.00000150370135543,4.80991445784e-7,1.50340270011e-7,1.47180912791e-7,1.46747378693e-8,3.49443496361e-8,6.91616763859e-9,1.03761776948e-9,7.3516764898e-10,8.48989323288e-10,3.37575550846e-10,1.98328116083e-12,9.95446036866e-16]},"barkbands_crest":{"dmean":2.12007284164,"dmean2":3.40238165855,"dvar":4.75006151199,"dvar2":11.8304319382,"max":24.5024909973,"mean":12.6422834396,"median":12.6456356049,"min":3.15778660774,"var":18.0555400848},"barkbands_flatness_db":{"dmean":0.0164201278239,"dmean2":0.0243341699243,"dvar":0.000277346436633,"dvar2":0.000556481943931,"max":0.379446327686,"mean":0.223617225885,"median":0.226453915238,"min":0.0626238510013,"var":0.00311630149372},"barkbands_kurtosis":{"dmean":2.46441817284,"dmean2":3.71971797943,"dvar":13.5742530823,"dvar2":28.8960609436,"max":60.6442108154,"mean":4.85451841354,"median":2.64126443863,"min":-1.98951649666,"var":43.4700393677},"barkbands_skewness":{"dmean":0.44794178009,"dmean2":0.659475803375,"dvar":0.223450019956,"dvar2":0.442696154118,"max":6.76264619827,"mean":1.6303756237,"median":1.49826776981,"min":-2.04469895363,"var":1.44545781612},"barkbands_spread":{"dmean":2.06436157227,"dmean2":3.10367822647,"dvar":12.985206604,"dvar2":22.2735061646,"max":166.265045166,"mean":13.3218173981,"median":8.87990760803,"min":1.04900527,"var":546.232788086},"dissonance":{"dmean":0.0290054045618,"dmean2":0.0484334081411,"dvar":0.000706439081114,"dvar2":0.00186215515714,"max":0.5,"mean":0.443153560162,"median":0.45120704174,"min":0.267207980156,"var":0.00158545549493},"dynamic_complexity":3.28676271439,"erbbands":{"dmean":[0.132796257734,0.752060294151,1.55411577225,1.73077833652,2.94464969635,2.9642431736,5.8793053627,10.4666852951,14.9712991714,18.6966743469,21.0777988434,28.0831432343,29.9116039276,27.94257164,27.4283084869,15.4530496597,20.4060211182,13.9135923386,12.0177774429,6.01334476471,4.41360282898,3.51502156258,4.4279665947,1.65951895714,1.33346378803,1.4949760437,0.873783886433,0.480919331312,0.258460521698,0.178434222937,0.124910861254,0.0820295214653,0.0595688782632,0.0395429730415,0.0126647697762,0.00242735049687,0.000324355263729,0.0000283459448838,0.00000473707223136,0.00000890656428965],"dmean2":[0.233921676874,1.22248375416,2.53221988678,2.78851890564,4.5132894516,4.49997520447,8.77486991882,16.1456718445,22.7443294525,27.182975769,32.7363014221,40.6409835815,44.6437149048,40.8417549133,41.0628814697,24.0604972839,32.3926277161,21.5754566193,18.8830070496,9.36263465881,7.02414464951,5.48838758469,6.87523412704,2.49118232727,1.98661196232,2.24880194664,1.27253568172,0.735495567322,0.396258890629,0.267537236214,0.183450683951,0.118606895208,0.0820445418358,0.0556023307145,0.0179435014725,0.00341242691502,0.000470899918582,0.0000438704373664,0.0000071506005952,0.0000133590792757],"dvar":[0.05006121099,1.43328011036,8.65667057037,14.229142189,38.4420394897,49.3459587097,118.158988953,506.542602539,1657.08789063,5394.35058594,3962.92041016,6997.97998047,7850.7109375,5734.38427734,10796.5195313,1875.79858398,5983.63867188,2257.75366211,3113.47729492,620.683044434,666.90234375,256.979248047,198.083953857,23.2165737152,18.1677951813,20.7958889008,7.73858165741,1.72041559219,1.45400941372,0.377979248762,0.240443482995,0.14036950469,0.0573796145618,0.0237839166075,0.00303156976588,0.0000736051297281,9.50516209741e-7,6.15334272425e-9,4.9697818777e-11,1.45008630104e-10],"dvar2":[0.154506146908,3.650608778,20.2870388031,34.1773757935,85.2303237915,105.216316223,278.086883545,1129.17248535,3691.06396484,12677.8691406,9129.30566406,16389.7109375,18688.1992188,14188.6796875,27536.3515625,4506.38671875,15027.3681641,5069.20263672,6972.16943359,1567.68371582,1722.82287598,584.799133301,489.757324219,50.4912719727,41.5620651245,44.2357139587,16.9555644989,4.21850776672,3.8650970459,0.848805606365,0.531793892384,0.254370003939,0.101603895426,0.0489725358784,0.00643080007285,0.00015102737234,0.00000194187146008,1.38137901118e-8,1.04009384438e-10,2.96816682344e-10],"max":[2.3333799839,17.2584781647,66.0162353516,52.9063644409,138.404418945,194.62399292,287.004119873,765.925476074,1579.01831055,3073.82910156,2240.78515625,2565.68676758,2283.88330078,1770.44165039,2977.9753418,1118.61962891,2456.30004883,1426.49377441,2123.55761719,774.593078613,1214.31616211,663.785949707,340.830566406,144.438613892,136.268798828,111.127357483,74.7174072266,31.8613071442,33.9797210693,16.0935611725,15.8659896851,15.3301715851,8.77841854095,6.1958656311,1.94103658199,0.222561120987,0.0294391326606,0.00224506971426,0.00019313309167,0.000203926218092],"mean":[0.388976663351,3.23603582382,6.70602750778,5.47368335724,7.22234487534,7.41170501709,12.4063043594,19.4001922607,25.8999004364,33.3462638855,35.2930335999,46.264705658,49.3119773865,45.780582428,44.1822814941,25.17603302,31.9908504486,23.2411499023,19.117181778,10.446349144,7.76105928421,6.6454782486,8.20738124847,3.80938625336,2.81579113007,3.17360258102,1.88367843628,0.999890744686,0.472168684006,0.364658743143,0.244254589081,0.162352874875,0.132230445743,0.0868972316384,0.0256086587906,0.00538766011596,0.00086484849453,0.000107350038888,0.0000280090971501,0.0000421317818109],"median":[0.324201643467,2.65885162354,4.4065322876,2.86355447769,3.66558146477,3.41931271553,6.4133348465,11.1921310425,12.6162014008,12.4532804489,16.183177948,17.1692638397,19.2168960571,16.8442840576,12.1454257965,7.24143218994,7.62963724136,5.21919107437,4.24971294403,2.33461284637,1.74152326584,0.910370826721,1.02130925655,0.697227418423,0.379221916199,0.332850575447,0.224242091179,0.163206249475,0.0661607086658,0.0398841574788,0.0246902480721,0.0134153077379,0.00779532920569,0.00631845835596,0.00332104461268,0.00112860056106,0.000355141441105,0.0000786783784861,0.0000258405761997,0.0000394178277929],"min":[1.17371526802e-21,8.70002880448e-21,2.37283560333e-20,8.55887786465e-20,1.13514719244e-19,8.42231163798e-20,2.80122026104e-19,9.81741571831e-20,2.98889720227e-19,6.81362991124e-19,9.20644163556e-19,1.54452301349e-18,1.64821175764e-18,2.59049910192e-18,5.34374764372e-18,3.8013676484e-18,3.29257340311e-18,7.6999066849e-18,3.62846167137e-18,5.70256908087e-18,4.68587105022e-18,6.94989209733e-18,1.26822446433e-17,9.13327006575e-18,9.70973306182e-18,2.20403928576e-17,1.6285335031e-17,1.81400807595e-17,1.8475471065e-17,1.99184016168e-17,1.82677345803e-17,1.61923665476e-17,1.9132310374e-17,1.28591454891e-17,1.13371885831e-17,6.93836823063e-18,2.84433498252e-18,1.06190148657e-18,3.0534793286e-19,3.63528915552e-20],"var":[0.105619803071,7.976126194,66.152885437,47.123249054,119.340507507,160.719146729,344.862487793,995.741638184,3007.8034668,7912.69384766,5620.52880859,11335.3740234,14929.2460938,10783.8525391,19333.7558594,3946.67871094,11749.0712891,4793.71044922,5355.24658203,1231.87890625,1063.10327148,647.17199707,524.286682129,84.851020813,51.9623298645,79.1834411621,25.0905189514,5.51058959961,1.83612930775,0.938183605671,0.553159236908,0.3769710958,0.263507723808,0.0975892171264,0.0060264361091,0.000164816592587,0.00000246191598308,1.36402826811e-8,2.37847325169e-10,6.96000479472e-10]},"erbbands_crest":{"dmean":2.68924641609,"dmean2":4.24280548096,"dvar":6.42968893051,"dvar2":15.7144212723,"max":29.7561130524,"mean":9.46937274933,"median":8.54025650024,"min":2.47780966759,"var":17.7016868591},"erbbands_flatness_db":{"dmean":0.0152158951387,"dmean2":0.0220941752195,"dvar":0.000207074277569,"dvar2":0.000430375948781,"max":0.325600594282,"mean":0.207576856017,"median":0.211142599583,"min":0.0145166981965,"var":0.00170878809877},"erbbands_kurtosis":{"dmean":0.994031429291,"dmean2":1.52813339233,"dvar":1.58558058739,"dvar2":3.82516622543,"max":20.0241661072,"mean":1.11140203476,"median":0.564798772335,"min":-1.51412892342,"var":3.86295795441},"erbbands_skewness":{"dmean":0.325706094503,"dmean2":0.486715048552,"dvar":0.0897139459848,"dvar2":0.211289808154,"max":3.55099987984,"mean":0.339256465435,"median":0.298336029053,"min":-1.97759020329,"var":0.358774602413},"erbbands_spread":{"dmean":4.25027990341,"dmean2":6.29780006409,"dvar":22.449256897,"dvar2":44.4796600342,"max":112.076683044,"mean":21.6295967102,"median":19.6893997192,"min":3.17494130135,"var":115.318061829},"gfcc":{"cov":[[26091.9003906,4617.55029297,-2768.0144043,494.750396729,-1252.98083496,119.870254517,-576.877624512,207.343307495,-430.314361572,18.372045517,20.7803001404,-153.535675049,28.7826652527],[4617.55029297,2058.73144531,45.2230300903,-237.343170166,139.336532593,-86.9939727783,37.8906059265,-35.9101867676,1.03361868858,-10.3383674622,-59.4634399414,-34.2277297974,-8.21708011627],[-2768.0144043,45.2230300903,840.248291016,-106.395332336,288.497589111,36.4874153137,80.9021224976,-43.8105278015,85.818107605,-9.14271736145,-43.1070480347,-10.5305490494,-26.625623703],[494.750396729,-237.343170166,-106.395332336,355.142974854,-56.6110801697,-2.99525666237,-15.4946193695,-5.05381393433,-21.94008255,-18.9700279236,-4.63563585281,-29.5570793152,-7.94180011749],[-1252.98083496,139.336532593,288.497589111,-56.6110801697,315.033233643,-14.7413635254,95.6544036865,-33.5890426636,38.067653656,-5.48691320419,-32.7653884888,-1.53689491749,9.40610790253],[119.870254517,-86.9939727783,36.4874153137,-2.99525666237,-14.7413635254,155.220443726,-6.03812170029,6.38032770157,-10.2020730972,5.241127491,4.21727228165,-0.759676992893,1.3958272934],[-576.877624512,37.8906059265,80.9021224976,-15.4946193695,95.6544036865,-6.03812170029,148.416748047,-3.04227399826,5.25518512726,-3.72136211395,-9.72469139099,2.04238152504,-4.605219841],[207.343307495,-35.9101867676,-43.8105278015,-5.05381393433,-33.5890426636,6.38032770157,-3.04227399826,89.6659164429,10.3769445419,9.61192035675,5.95618438721,2.84691238403,6.07238388062],[-430.314361572,1.03361868858,85.818107605,-21.94008255,38.067653656,-10.2020730972,5.25518512726,10.3769445419,91.1747055054,14.0704088211,-4.49501037598,3.05760359764,0.884219825268],[18.372045517,-10.3383674622,-9.14271736145,-18.9700279236,-5.48691320419,5.241127491,-3.72136211395,9.61192035675,14.0704088211,75.9037857056,10.7125434875,0.808996200562,-4.8784737587],[20.7803001404,-59.4634399414,-43.1070480347,-4.63563585281,-32.7653884888,4.21727228165,-9.72469139099,5.95618438721,-4.49501037598,10.7125434875,72.5105209351,19.9275169373,-6.17079544067],[-153.535675049,-34.2277297974,-10.5305490494,-29.5570793152,-1.53689491749,-0.759676992893,2.04238152504,2.84691238403,3.05760359764,0.808996200562,19.9275169373,73.2909393311,22.5446681976],[28.7826652527,-8.21708011627,-26.625623703,-7.94180011749,9.40610790253,1.3958272934,-4.605219841,6.07238388062,0.884219825268,-4.8784737587,-6.17079544067,22.5446681976,66.4279022217]],"icov":[[0.000896922429092,-0.00254589016549,0.00204495387152,-0.0020027346909,0.00157186586875,-0.00227507343516,0.00161656062119,-0.00146882480476,0.00108899525367,-0.000496131717227,-0.0000103192060124,0.000214665778913,-0.000176505913259],[-0.00254589016549,0.00780566083267,-0.00568813132122,0.00611781934276,-0.00470037013292,0.00672975974157,-0.00456538749859,0.0043130023405,-0.00299786124378,0.00149296864402,0.000385321647627,-0.000293628516374,0.000618552789092],[0.00204495387152,-0.00568813132122,0.00673909671605,-0.00415640790015,0.0018882722361,-0.00591131392866,0.00377522339113,-0.00286069861613,0.00113274971955,-0.000642311002593,0.000535991392098,0.000464265263872,0.000824605464004],[-0.0020027346909,0.00611781934276,-0.00415640790015,0.00791613478214,-0.00336689408869,0.00526993256062,-0.00364030175842,0.00369690149091,-0.00223982916214,0.00193167442922,0.00035111620673,0.00100842956454,0.000542726600543],[0.00157186586875,-0.00470037013292,0.0018882722361,-0.00336689408869,0.00890647247434,-0.00335318525322,-0.0000670491426717,-0.00114565563854,0.00112997635733,-0.00108640221879,0.000765866949223,0.000656934222206,-0.00224542338401],[-0.00227507343516,0.00672975974157,-0.00591131392866,0.00526993256062,-0.00335318525322,0.0127519601956,-0.00399728119373,0.00319136865437,-0.00138920603786,0.000626938184723,-0.000222436166951,-0.000125957114506,-0.000196465378394],[0.00161656062119,-0.00456538749859,0.00377522339113,-0.00364030175842,-0.0000670491426717,-0.00399728119373,0.011505946517,-0.00360469892621,0.0026989846956,-0.000645335763693,0.000324078224367,-0.000435246271081,0.00112796446774],[-0.00146882480476,0.0043130023405,-0.00286069861613,0.00369690149091,-0.00114565563854,0.00319136865437,-0.00360469892621,0.0148756746203,-0.00403668126091,-0.000124871963635,-0.000271567056188,0.000121922617836,-0.00107131025288],[0.00108899525367,-0.00299786124378,0.00113274971955,-0.00223982916214,0.00112997635733,-0.00138920603786,0.0026989846956,-0.00403668126091,0.014729517512,-0.00309851067141,0.000460259005195,-0.000318839563988,-0.000503789633512],[-0.000496131717227,0.00149296864402,-0.000642311002593,0.00193167442922,-0.00108640221879,0.000626938184723,-0.000645335763693,-0.000124871963635,-0.00309851067141,0.0146811986342,-0.00186640617903,0.000432164029917,0.00127985910513],[-0.0000103192060124,0.000385321647627,0.000535991392098,0.00035111620673,0.000765866949223,-0.000222436166951,0.000324078224367,-0.000271567056188,0.000460259005195,-0.00186640617903,0.0169258173555,-0.00527656916529,0.00347238220274],[0.000214665778913,-0.000293628516374,0.000464265263872,0.00100842956454,0.000656934222206,-0.000125957114506,-0.000435246271081,0.000121922617836,-0.000318839563988,0.000432164029917,-0.00527656916529,0.0178862232715,-0.00647888658568],[-0.000176505913259,0.000618552789092,0.000824605464004,0.000542726600543,-0.00224542338401,-0.000196465378394,0.00112796446774,-0.00107131025288,-0.000503789633512,0.00127985910513,0.00347238220274,-0.00647888658568,0.0187226235867]],"mean":[-78.8190917969,162.96647644,-103.473594666,10.4208660126,-39.9569282532,12.5693445206,-15.5198440552,9.11155414581,-12.9855546951,4.09050035477,-6.69707489014,-3.80422902107,-2.23896050453]},"hfc":{"dmean":3.89777493477,"dmean2":5.45732784271,"dvar":47.7490234375,"dvar2":96.5328826904,"max":146.8644104,"mean":13.5751533508,"median":8.37615776062,"min":1.18376957195e-16,"var":233.165161133},"melbands":{"dmean":[0.00106816762127,0.00081295799464,0.000308863905957,0.000223648021347,0.000177406793227,0.000233869039221,0.000230645062402,0.000196648587007,0.000188262332813,0.000180354865734,0.000158764247317,0.00012521300232,0.0000979689793894,0.0000542093730473,0.0000447988822998,0.0000495908898301,0.0000244830771408,0.0000214075043914,0.0000130131993501,0.0000078092507465,0.00000443537965111,0.00000391203730032,0.00000415668500864,0.00000335938784701,0.00000130919545427,9.9411215615e-7,0.00000120026595596,0.00000109055827124,6.79912318446e-7,4.09061897244e-7,2.37239504486e-7,1.57553273539e-7,1.24583650063e-7,1.04005621893e-7,8.09848117456e-8,5.87700874632e-8,5.11825177796e-8,4.35408118449e-8,4.32060005551e-8,3.24357323223e-8],"dmean2":[0.00182922149543,0.00130432564765,0.00049230089644,0.000333983974997,0.000265718437731,0.000361215032171,0.000347913184669,0.000285586371319,0.000291749252938,0.000261806155322,0.000237834712607,0.000181961979251,0.000145138707012,0.0000827093317639,0.0000722875483916,0.0000787591561675,0.0000383757032978,0.0000334338219545,0.00002084830885,0.0000121870207295,0.00000719104446034,0.00000616774559603,0.00000648521563562,0.00000526627127329,0.00000199814849111,0.00000153076382503,0.00000180105791969,0.00000167543726093,0.00000103287243292,6.18818489784e-7,3.67705695226e-7,2.44513046255e-7,1.89624742575e-7,1.60993891996e-7,1.20899841249e-7,8.85490010205e-8,7.5211460171e-8,6.17054780605e-8,6.20779161409e-8,4.62928255729e-8],"dvar":[0.00000281008919956,0.00000193107644009,4.01772297209e-7,2.3060762544e-7,1.02906085431e-7,2.25859892566e-7,4.20788467181e-7,4.9565039717e-7,3.86053898183e-7,3.23561152982e-7,2.22592547061e-7,1.12434769051e-7,9.49462659605e-8,4.81116622097e-8,1.88676967383e-8,4.64836418246e-8,8.54871728961e-9,9.0404110864e-9,5.27797139327e-9,1.14972420473e-9,7.44446726486e-10,2.77398243265e-10,2.45101827723e-10,1.08502831719e-10,1.64435843414e-11,1.1698466848e-11,1.33846987313e-11,1.19714446689e-11,5.25444965316e-12,1.3582134549e-12,4.28355972654e-13,5.46523004803e-13,1.83111677405e-13,1.45268630567e-13,9.25390745477e-14,7.39581871223e-14,5.74645582854e-14,3.40749699507e-14,2.91821451173e-14,1.66493473739e-14],"dvar2":[0.00000819489559944,0.00000456951920569,9.43553175148e-7,4.59034140476e-7,2.37784988144e-7,5.0090784498e-7,9.54847678258e-7,0.00000115181944693,8.99103554275e-7,7.29088526441e-7,5.30288446043e-7,2.73939207318e-7,2.4890533723e-7,1.15365509146e-7,4.89444040852e-8,1.10383318486e-7,1.94884677285e-8,1.93525711012e-8,1.43266323249e-8,2.80951617526e-9,1.90409998879e-9,6.54360343688e-10,5.89577719978e-10,2.57120297276e-10,3.70031574826e-11,2.83067892043e-11,2.94838632675e-11,2.64472090061e-11,1.24609706234e-11,3.21809918123e-12,1.05210924608e-12,1.46424224742e-12,4.30589212289e-13,3.53287603165e-13,2.11366270623e-13,1.49799633418e-13,1.1151692227e-13,6.37893329738e-14,5.83546476115e-14,3.50583684262e-14],"max":[0.0184498596936,0.0262244958431,0.00872558541596,0.0119126420468,0.00753174396232,0.0149237122387,0.0248260572553,0.0293187815696,0.0214238986373,0.0148746790364,0.0116490609944,0.00759838195518,0.00750565994531,0.00658804411069,0.00269579747692,0.00759032554924,0.00267556705512,0.00381901208311,0.00278397416696,0.00125131418463,0.00123734271619,0.000621480168775,0.000443145108875,0.000229251032579,0.000120471144328,0.000131307344418,0.0000987913881545,0.0000891855670488,0.0000625162647339,0.0000257231677097,0.0000151897493197,0.0000206672575587,0.0000095703471743,0.00000965726485447,0.00000997158804239,0.00000984465987131,0.000010064615708,0.00000633502213532,0.00000610659526501,0.00000472789315609],"mean":[0.00376908667386,0.00389043218456,0.000994007685222,0.000581229338422,0.000385771563742,0.000448659353424,0.00040001081652,0.000351676542778,0.000298115977785,0.000294005731121,0.000252669036854,0.000196428183699,0.000155333938892,0.0000823816735647,0.0000646971675451,0.0000751639236114,0.000038274902181,0.0000322164523823,0.0000186368852155,0.0000131065171445,0.00000721139485904,0.00000664345543555,0.00000708531297278,0.00000641015458314,0.0000026975876608,0.00000186865793239,0.00000229818874686,0.00000211559427044,0.00000130371142859,8.17210946025e-7,4.58746086451e-7,2.60994454493e-7,2.19274582491e-7,1.98235525772e-7,1.50281749711e-7,1.05374752479e-7,9.47966256604e-8,9.00097631984e-8,9.23139751308e-8,6.68886457333e-8],"median":[0.00323988124728,0.00316869700328,0.000593724136706,0.000269024982117,0.000211812992347,0.000269150652457,0.000184608798008,0.000134677044116,0.000121507036965,0.000100620964076,0.0000899822043721,0.0000720576645108,0.0000417704432039,0.000018974282284,0.0000176560151885,0.000013215778381,0.00000768429526943,0.000006801091331,0.00000359300975106,0.00000274198055195,0.00000156767987392,8.61912781147e-7,6.94457071404e-7,9.54299594014e-7,4.93007064506e-7,2.94019827152e-7,2.13284522488e-7,2.11369723502e-7,1.484988843e-7,1.04088499597e-7,7.3734220507e-8,3.68895847203e-8,2.05365751071e-8,2.10321609018e-8,1.48985108694e-8,7.9345046089e-9,7.53150253274e-9,4.99863350711e-9,4.9788995149e-9,4.97325469695e-9],"min":[1.17400259956e-23,1.23133653683e-23,1.62456705312e-23,5.51086947676e-24,9.28716161841e-24,1.99221832068e-24,5.27653400613e-24,8.71313278123e-24,6.19665229408e-24,1.14515214187e-23,8.24123303229e-24,9.57215970853e-24,1.71898613041e-23,1.43903769672e-23,6.89416626192e-24,8.16879903511e-24,1.54382493066e-23,5.07370761221e-24,7.52039323634e-24,6.7394485503e-24,4.94965410727e-24,5.63624708474e-24,1.1024884142e-23,1.15368264705e-23,6.76089688946e-24,6.48857973839e-24,1.00859716374e-23,1.54726815074e-23,9.99631996208e-24,9.78690105757e-24,1.08841687114e-23,1.06796304893e-23,9.15836982045e-24,1.19274806459e-23,1.03025723316e-23,1.00885172915e-23,9.70746434213e-24,1.08911998287e-23,1.78575310862e-23,8.51185886557e-24],"var":[0.00000873612862051,0.0000129781619762,0.00000122966946492,9.28451754589e-7,3.07978467617e-7,4.62170589799e-7,7.65685911119e-7,7.54216728183e-7,5.18776573699e-7,5.63090907235e-7,4.18751795905e-7,2.03530021281e-7,1.69846785525e-7,9.06808637069e-8,2.88366788226e-8,9.56936716534e-8,1.69999854194e-8,1.68463873962e-8,7.10535941195e-9,3.11462255986e-9,1.08025477452e-9,6.45269171429e-10,5.22411613968e-10,3.02754238346e-10,5.01065959557e-11,2.46677192561e-11,4.11124051469e-11,4.02642294506e-11,1.35481868779e-11,4.19841635416e-12,1.20836999261e-12,6.38651945998e-13,3.61046506277e-13,3.08446952875e-13,2.01982717661e-13,1.5962840045e-13,1.42950443691e-13,1.30375880448e-13,1.31500685991e-13,5.88714867871e-14]},"melbands_crest":{"dmean":2.29091501236,"dmean2":3.80961751938,"dvar":5.9289355278,"dvar2":15.5893850327,"max":37.4883613586,"mean":16.0705699921,"median":15.8930635452,"min":1.83293628693,"var":32.7304801941},"melbands_flatness_db":{"dmean":0.0200753230602,"dmean2":0.0288957282901,"dvar":0.000453018961707,"dvar2":0.000841735047288,"max":0.539557158947,"mean":0.32326567173,"median":0.33042383194,"min":0.00546646025032,"var":0.00695018237457},"melbands_kurtosis":{"dmean":4.54490661621,"dmean2":6.80959510803,"dvar":49.4227600098,"dvar2":102.465782166,"max":167.60824585,"mean":10.7551031113,"median":6.44044399261,"min":-1.61854171753,"var":162.016525269},"melbands_skewness":{"dmean":0.551821768284,"dmean2":0.814020454884,"dvar":0.338357895613,"dvar2":0.664385139942,"max":10.712471962,"mean":2.42737340927,"median":2.29569864273,"min":-1.1306989193,"var":2.18311405182},"melbands_spread":{"dmean":2.58066511154,"dmean2":3.81029725075,"dvar":11.5102319717,"dvar2":22.0392494202,"max":141.796295166,"mean":12.1159982681,"median":9.54100513458,"min":0.909970402718,"var":89.2022857666},"mfcc":{"cov":[[10603.0966797,1054.48974609,-787.995666504,238.695617676,-365.432159424,-144.184326172,13.9150791168,27.7132358551,-160.181655884,-20.703207016,-22.4403800964,44.5345954895,0.988666594028],[1054.48974609,2457.14501953,115.686698914,56.1934432983,130.593276978,112.455680847,85.5273208618,38.7929916382,113.141860962,51.2198371887,26.589969635,-11.7295923233,14.126871109],[-787.995666504,115.686698914,409.148956299,-16.6824474335,103.108322144,71.473197937,-2.17285966873,18.1075134277,18.0394439697,31.7213783264,14.0372600555,-4.77214002609,15.7914476395],[238.695617676,56.1934432983,-16.6824474335,284.327453613,18.2203960419,30.1830234528,22.6278057098,7.56953191757,26.9434528351,-5.06264066696,6.47148227692,-2.89586424828,-11.0444765091],[-365.432159424,130.593276978,103.108322144,18.2203960419,169.466400146,44.5918655396,2.67747712135,4.66819953918,32.5043830872,11.7262506485,-8.5056180954,3.05310678482,4.86417388916],[-144.184326172,112.455680847,71.473197937,30.1830234528,44.5918655396,141.060974121,36.3196868896,10.6551017761,21.5916404724,3.94485116005,3.33991241455,-5.52194499969,-16.0554389954],[13.9150791168,85.5273208618,-2.17285966873,22.6278057098,2.67747712135,36.3196868896,120.155609131,18.9829826355,12.4086523056,-1.33231091499,4.74242258072,-0.041391748935,-12.1516819],[27.7132358551,38.7929916382,18.1075134277,7.56953191757,4.66819953918,10.6551017761,18.9829826355,84.4121780396,9.70685577393,-6.22710418701,-1.68137717247,-5.35448217392,2.40191674232],[-160.181655884,113.141860962,18.0394439697,26.9434528351,32.5043830872,21.5916404724,12.4086523056,9.70685577393,103.041183472,15.3615236282,-9.20586872101,3.77938866615,-11.2655000687],[-20.703207016,51.2198371887,31.7213783264,-5.06264066696,11.7262506485,3.94485116005,-1.33231091499,-6.22710418701,15.3615236282,70.8023910522,14.6798019409,0.471657514572,1.93655586243],[-22.4403800964,26.589969635,14.0372600555,6.47148227692,-8.5056180954,3.33991241455,4.74242258072,-1.68137717247,-9.20586872101,14.6798019409,67.171333313,17.1382598877,-1.93772578239],[44.5345954895,-11.7295923233,-4.77214002609,-2.89586424828,3.05310678482,-5.52194499969,-0.041391748935,-5.35448217392,3.77938866615,0.471657514572,17.1382598877,61.2744026184,10.2632188797],[0.988666594028,14.126871109,15.7914476395,-11.0444765091,4.86417388916,-16.0554389954,-12.1516819,2.40191674232,-11.2655000687,1.93655586243,-1.93772578239,10.2632188797,63.0891647339]],"icov":[[0.000135803755256,-0.0000908113215701,0.000221676324145,-0.000134128596983,0.00020901831158,0.00000719667514204,0.000053740630392,-0.000118141229905,0.000295622536214,-0.000151836124132,0.000193680200027,-0.000202505892958,0.0000361445599992],[-0.0000908113215701,0.000525165407453,-0.000132171640871,0.00008775578317,-0.000372892594896,-0.000194494583411,-0.000269886513706,0.00000496436769026,-0.000605108041782,-0.0000498853733006,-0.000412670517107,0.00036838001688,-0.000319766317261],[0.000221676324145,-0.000132171640871,0.00364594650455,0.000168282858795,-0.00131854659412,-0.00133547908626,0.000526498886757,-0.000806158117484,0.000538017542567,-0.00120613153558,-0.000565409311093,0.000264118105406,-0.000890352472197],[-0.000134128596983,0.00008775578317,0.000168282858795,0.00391472596675,-0.000590470561292,-0.00062088354025,-0.000407199870097,0.0000255182476394,-0.00119964103214,0.000685528153554,-0.000976392417215,0.000618256686721,0.0000679403165122],[0.00020901831158,-0.000372892594896,-0.00131854659412,-0.000590470561292,0.00823195744306,-0.00142259802669,0.00053329905495,0.0000897259451449,-0.001005605096,-0.00054479285609,0.00191959296353,-0.00127313181292,-0.000487297802465],[0.00000719667514204,-0.000194494583411,-0.00133547908626,-0.00062088354025,-0.00142259802669,0.00944356340915,-0.0022874516435,-0.000114433380077,-0.00050157145597,0.000462929776404,-0.000304663408315,0.000486449280288,0.00215347995982],[0.000053740630392,-0.000269886513706,0.000526498886757,-0.000407199870097,0.00053329905495,-0.0022874516435,0.00974010583013,-0.00195319252089,-0.000173032982275,0.0000796828389866,-0.000364071427612,-0.000559951295145,0.00123025593348],[-0.000118141229905,0.00000496436769026,-0.000806158117484,0.0000255182476394,0.0000897259451449,-0.000114433380077,-0.00195319252089,0.0129485866055,-0.00156489748042,0.00187849486247,-0.000459516508272,0.00156978960149,-0.00130481179804],[0.000295622536214,-0.000605108041782,0.000538017542567,-0.00119964103214,-0.001005605096,-0.00050157145597,-0.000173032982275,-0.00156489748042,0.0128316460177,-0.00330407475121,0.0034489533864,-0.00265929102898,0.00269356206991],[-0.000151836124132,-0.0000498853733006,-0.00120613153558,0.000685528153554,-0.00054479285609,0.000462929776404,0.0000796828389866,0.00187849486247,-0.00330407475121,0.0165909640491,-0.00445113424212,0.00175801943988,-0.000982861267403],[0.000193680200027,-0.000412670517107,-0.000565409311093,-0.000976392417215,0.00191959296353,-0.000304663408315,-0.000364071427612,-0.000459516508272,0.0034489533864,-0.00445113424212,0.0186981204897,-0.00623736158013,0.0021232701838],[-0.000202505892958,0.00036838001688,0.000264118105406,0.000618256686721,-0.00127313181292,0.000486449280288,-0.000559951295145,0.00156978960149,-0.00265929102898,0.00175801943988,-0.00623736158013,0.0193722993135,-0.00385469500907],[0.0000361445599992,-0.000319766317261,-0.000890352472197,0.0000679403165122,-0.000487297802465,0.00215347995982,0.00123025593348,-0.00130481179804,0.00269356206991,-0.000982861267403,0.0021232701838,-0.00385469500907,0.0182320456952]],"mean":[-718.056762695,198.94039917,-0.761424899101,16.4189033508,-0.482356637716,8.36594104767,9.72808551788,5.42849206924,6.99018383026,6.47661066055,4.01838302612,3.0053794384,0.88413131237]},"pitch_salience":{"dmean":0.0546555779874,"dmean2":0.0875106826425,"dvar":0.00301134819165,"dvar2":0.00751204276457,"max":0.842573285103,"mean":0.480244904757,"median":0.474762678146,"min":0.150143161416,"var":0.0105207366869},"silence_rate_20dB":{"dmean":0,"dmean2":0,"dvar":0,"dvar2":0,"max":1,"mean":1,"median":1,"min":1,"var":0},"silence_rate_30dB":{"dmean":0.00821422692388,"dmean2":0.0164311528206,"dvar":0.00814724620432,"dvar2":0.019117757678,"max":1,"mean":0.992115616798,"median":1,"min":0,"var":0.00782173871994},"silence_rate_60dB":{"dmean":0.00295712170191,"dmean2":0.00591521523893,"dvar":0.00294839288108,"dvar2":0.00653718644753,"max":1,"mean":0.05059132725,"median":0,"min":0,"var":0.0480320677161},"spectral_centroid":{"dmean":87.2656173706,"dmean2":123.872917175,"dvar":23408.0683594,"dvar2":36545.9179688,"max":11321.1240234,"mean":729.639282227,"median":570.845825195,"min":176.492904663,"var":342855.75},"spectral_complexity":{"dmean":2.10087060928,"dmean2":3.25468277931,"dvar":4.73353004456,"dvar2":9.22958087921,"max":45,"mean":14.579665184,"median":14,"min":0,"var":45.9931716919},"spectral_contrast_coeffs":{"dmean":[0.0353792123497,0.0415080599487,0.0375745296478,0.0286447647959,0.0208064373583,0.0151467509568],"dmean2":[0.0585405863822,0.0667979195714,0.0568781904876,0.0460290312767,0.0326579473913,0.0232219956815],"dvar":[0.000971838831902,0.00120822363533,0.000986700295471,0.000572800054215,0.000345987733454,0.00023338207393],"dvar2":[0.00260440004058,0.00313679245301,0.00222682137974,0.00139704265166,0.000790122197941,0.000474235363072],"max":[-0.401425749063,-0.483339577913,-0.467800945044,-0.533924996853,-0.587142527103,-0.614409983158],"mean":[-0.696702122688,-0.744259417057,-0.734999001026,-0.757982313633,-0.773878276348,-0.790542602539],"median":[-0.700968384743,-0.745474815369,-0.741560935974,-0.761555612087,-0.773534178734,-0.789940953255],"min":[-0.979562759399,-0.972986936569,-0.969940245152,-0.966305434704,-0.958243966103,-0.961500108242],"var":[0.0053904610686,0.00481496984139,0.00589510286227,0.00362685951404,0.00267859199084,0.00219027232379]},"spectral_contrast_valleys":{"dmean":[0.284906059504,0.309516489506,0.279027730227,0.247692242265,0.240813657641,0.201202556491],"dmean2":[0.471045821905,0.471771359444,0.424019873142,0.381202161312,0.341082632542,0.279664337635],"dvar":[0.0838836207986,0.0938813239336,0.0830893814564,0.0759603306651,0.0848547667265,0.0830490216613],"dvar2":[0.188310489058,0.174217283726,0.145906403661,0.131629601121,0.132067412138,0.127737551928],"max":[-5.29372215271,-4.50865030289,-4.98278522491,-5.85350561142,-6.04461050034,-8.77977085114],"mean":[-6.99369907379,-6.61744689941,-7.49579143524,-8.40742301941,-9.20738601685,-11.8577365875],"median":[-6.58190584183,-6.2481098175,-7.22337436676,-8.1547908783,-9.09881210327,-11.9116230011],"min":[-27.0495605469,-27.2053661346,-27.0079650879,-27.3877983093,-27.2291793823,-27.242269516],"var":[3.83251476288,3.43235611916,2.93746256828,2.65645718575,2.40807580948,1.6334220171]},"spectral_decrease":{"dmean":2.0187893579e-9,"dmean2":3.05485126084e-9,"dvar":7.33344003094e-18,"dvar2":1.52211572467e-17,"max":3.97807832538e-17,"mean":-9.54048218205e-9,"median":-9.00618957189e-9,"min":-4.55235849017e-8,"var":3.47680191109e-17},"spectral_energy":{"dmean":0.00792039744556,"dmean2":0.0119451973587,"dvar":0.000113570036774,"dvar2":0.000234499995713,"max":0.179563000798,"mean":0.0372392274439,"median":0.0349373593926,"min":1.06401680065e-20,"var":0.00053719826974},"spectral_energyband_high":{"dmean":0.0000409390340792,"dmean2":0.0000567937568121,"dvar":1.29015758077e-8,"dvar2":2.47585294488e-8,"max":0.00307425786741,"mean":0.000105306215119,"median":0.0000148673343574,"min":7.93611135291e-21,"var":6.43380317911e-8},"spectral_energyband_low":{"dmean":0.00450401427224,"dmean2":0.00729638058692,"dvar":0.0000479687405459,"dvar2":0.000118471310998,"max":0.0857130363584,"mean":0.0209135431796,"median":0.0187168195844,"min":9.04887450685e-23,"var":0.000253111560596},"spectral_energyband_middle_high":{"dmean":0.00227518635802,"dmean2":0.00331756006926,"dvar":0.0000226365718845,"dvar2":0.0000539213433512,"max":0.0859573706985,"mean":0.00524240545928,"median":0.00202984362841,"min":1.34418737757e-21,"var":0.0000744108256185},"spectral_energyband_middle_low":{"dmean":0.00409549195319,"dmean2":0.00591076537967,"dvar":0.0000539419161214,"dvar2":0.000112176254333,"max":0.155534386635,"mean":0.0120178926736,"median":0.0085618654266,"min":2.56309389939e-22,"var":0.000149793442688},"spectral_entropy":{"dmean":0.126692846417,"dmean2":0.185915917158,"dvar":0.0175565034151,"dvar2":0.0352787785232,"max":9.80149745941,"mean":6.83044338226,"median":6.74950504303,"min":5.55686712265,"var":0.256592869759},"spectral_flux":{"dmean":0.0191447008401,"dmean2":0.0294372346252,"dvar":0.000571646844037,"dvar2":0.00125531933736,"max":0.327731192112,"mean":0.0662908703089,"median":0.0570465996861,"min":1.03151188979e-10,"var":0.00178519345354},"spectral_kurtosis":{"dmean":5.50340890884,"dmean2":9.36833572388,"dvar":31.769613266,"dvar2":87.2048034668,"max":80.1160736084,"mean":17.1256389618,"median":14.2709693909,"min":-1.17087483406,"var":149.131988525},"spectral_rms":{"dmean":0.00061748205917,"dmean2":0.000916707678698,"dvar":5.33094919319e-7,"dvar2":0.00000102562887605,"max":0.0132356872782,"mean":0.00564820086583,"median":0.00583825539798,"min":3.22190191193e-12,"var":0.00000442860846306},"spectral_rolloff":{"dmean":139.898742676,"dmean2":227.458862305,"dvar":134858.90625,"dvar2":244937.25,"max":21425.5371094,"mean":1041.20349121,"median":516.796875,"min":86.1328125,"var":8968835},"spectral_skewness":{"dmean":0.420740455389,"dmean2":0.695611357689,"dvar":0.154106453061,"dvar2":0.395594954491,"max":7.11446428299,"mean":2.9675385952,"median":2.85831451416,"min":0.00564395682886,"var":1.13119387627},"spectral_spread":{"dmean":308540.28125,"dmean2":466944.75,"dvar":259526180864,"dvar2":377957842944,"max":39999100,"mean":2794386.5,"median":2351207.5,"min":947738.125,"var":4222499160060},"spectral_strongpeak":{"dmean":0.407753735781,"dmean2":0.695712387562,"dvar":0.949579954147,"dvar2":2.38829398155,"max":12.9858636856,"mean":0.807154357433,"median":0.411902189255,"min":0,"var":1.59629738331},"zerocrossingrate":{"dmean":0.00385932298377,"dmean2":0.0047010909766,"dvar":0.0000494472224091,"dvar2":0.0000618062767899,"max":0.58642578125,"mean":0.0354621484876,"median":0.02001953125,"min":0.0029296875,"var":0.00611026026309}},"metadata":{"audio_properties":{"analysis_sample_rate":44100,"bit_rate":0,"codec":"flac","downmix":"mix","equal_loudness":0,"length":141.333328247,"lossless":true,"md5_encoded":"12669c68fd4df01fd87732dde5f13d34","replay_gain":-11.7106227875,"sample_rate":44100},"tags":{"acoustid_id":["c6bd6489-9c96-470b-bc9e-bca5fdad98a8"],"album":["Smiley Smile / Wild Honey"],"albumartist":["The Beach Boys"],"albumartistsort":["Beach Boys, The"],"artist":["The Beach Boys"],"artistsort":["Beach Boys, The"],"asin":["B00005ABX0"],"barcode":["724353186227"],"catalognumber":["5 31862 2"],"composer":["Brian Wilson","Mike Love"],"date":["2001"],"discnumber":["1"],"disctotal":["1"],"file_name":"20 - Let The Wind Blow.flac","genre":["Pop"],"isrc":["USCA20100374"],"label":["Capitol Records"],"media":["CD"],"musicbrainz_albumartistid":["ebfc1398-8d96-47e3-82c3-f782abcdb13d"],"musicbrainz_albumid":["2fcb8fcd-5aa6-3404-b6e0-218b76ccd976"],"musicbrainz_artistid":["ebfc1398-8d96-47e3-82c3-f782abcdb13d"],"musicbrainz_recordingid":["455d9807-ec2a-488c-918e-8ba9df81a902"],"musicbrainz_releasegroupid":["999d6763-df27-3f07-b3a8-945ba5dc2ff4"],"musicbrainz_workid":["c8eb32a5-3bce-30a6-ba59-b59cc354a65d"],"originaldate":["1990"],"performer":["Brian Wilson (lead vocals vocal)","Mike Love (lead vocals vocal)"],"producer":["The Beach Boys"],"releasecountry":["US"],"releasestatus":["official"],"releasetype":["album"],"script":["Latn"],"title":["Let The Wind Blow"],"tracknumber":["20"],"tracktotal":["28"]},"version":{"essentia":"2.1-beta2","essentia_build_sha":"2d9f1f26377add8aeb1075a9c2973f962c4f09fd","essentia_git_sha":"v2.1_beta2-1-ge3940c0","extractor":"music 1.0"}},"rhythm":{"beats_count":266,"beats_loudness":{"dmean":0.0235822275281,"dmean2":0.0412193574011,"dvar":0.000369960529497,"dvar2":0.00105261825956,