{"lowlevel":{"average_loudness":0.772481918335,"barkbands":{"dmean":[0.000572688528337,0.00852327235043,0.00348118669353,0.000597809208557,0.00139849737752,0.00117710395716,0.00108140404336,0.000742722244468,0.00115311588161,0.00131001928821,0.000475883134641,0.000501085305586,0.000516806554515,0.000369105662685,0.000413977308199,0.000250927114394,0.000236335108639,0.000175970286364,0.000188628517208,0.000135870010126,0.0000992152490653,0.0000814379236544,0.0000818619591882,0.0000946237851167,0.0000834193997434,0.000096271338407,0.0000572530880163],"dmean2":[0.000971565197688,0.0150674274191,0.00621971441433,0.00102966884151,0.00233365455642,0.0018312826287,0.00173417560291,0.00118916691281,0.00182500190567,0.00207801652141,0.000751948042307,0.000778250396252,0.000823018723167,0.000594229320996,0.000663988175802,0.000404203077778,0.000378223892767,0.000284905778244,0.000300575979054,0.000219352325075,0.000155180634465,0.000126303522848,0.000118548203318,0.000133562803967,0.000114267953904,0.000127043895191,0.000076607822848],"dvar":[0.00000170942655586,0.000627155881375,0.0000930533278733,0.00000139743735872,0.00000766745506553,0.00000454451992482,0.00000510264680997,0.00000340646420227,0.00000966371135291,0.00000900840313989,0.00000164408038472,0.00000230561840908,0.00000163695187894,9.76491492111e-7,7.85010740856e-7,3.51248900188e-7,2.70955752057e-7,1.0590481736e-7,1.5871830783e-7,1.30416935917e-7,3.25279252422e-8,2.7186230156e-8,5.48434186953e-8,9.03583199374e-8,7.16851715765e-8,4.16682830462e-8,1.68553953017e-8],"dvar2":[0.00000459161947219,0.00176601600833,0.000271633791272,0.00000384668965125,0.0000207522498386,0.0000115655902846,0.0000126454160636,0.00000847892533784,0.0000235773004533,0.0000222074559133,0.00000409399899581,0.0000052809709814,0.00000405734499509,0.00000231220383284,0.00000186663987733,8.83872985469e-7,6.38551284737e-7,2.87619485562e-7,3.93421998979e-7,3.57144926966e-7,7.63036425155e-8,6.20502831339e-8,9.95048168306e-8,1.56921103667e-7,1.23348911529e-7,7.56208464736e-8,2.98918081398e-8],"max":[0.0247485693544,0.224226504564,0.137184858322,0.0179341714829,0.0559400953352,0.0482579320669,0.0521279647946,0.0531267821789,0.0851635560393,0.0944156199694,0.0267014224082,0.0610420815647,0.0298646632582,0.0300124064088,0.0245978627354,0.0126028042287,0.0192416403443,0.00805257819593,0.0177310090512,0.0238769464195,0.00440798467025,0.00471860123798,0.00687035312876,0.00828799325973,0.0105178821832,0.00463972007856,0.00177671608981],"mean":[0.000548053532839,0.00893921405077,0.00421501463279,0.000811309553683,0.00222185417078,0.00224319868721,0.00172430172097,0.00111000565812,0.00198405352421,0.00191009917762,0.000728593324311,0.000823939742986,0.000827957410365,0.000576381396968,0.000708692707121,0.000419794378104,0.000420799362473,0.000321934639942,0.000382477795938,0.000285361282295,0.00023331810371,0.000178439120646,0.000173956810613,0.000199640999199,0.000179911672603,0.000159227201948,0.0000793647704995],"median":[0.000117955933092,0.00301287928596,0.00182890100405,0.000367489585187,0.00131450069603,0.00129148573615,0.00066977867391,0.000373581860913,0.000516371917911,0.000623500498477,0.000239032466197,0.000251647958066,0.000257788808085,0.000208220080822,0.000263039342826,0.000143835495692,0.000181631359737,0.000171734660398,0.000181060458999,0.000147069047671,0.000114357397251,0.0000852644661791,0.0000605869136052,0.0000638797937427,0.0000568358809687,0.0000286762660835,0.00000613875181443],"min":[1.31637584102e-24,4.04239267435e-24,5.17011696584e-25,6.15314168478e-25,8.88851785971e-24,2.86322212867e-24,9.73440788635e-24,8.58654427177e-24,9.45179610047e-24,2.59791806939e-23,2.27547259433e-23,1.99276456742e-23,3.38346418108e-23,3.79691059913e-23,2.63470202231e-23,4.45270202924e-23,7.16704303091e-23,9.32048184087e-23,1.24002358356e-22,1.92802275293e-22,2.43116530647e-22,2.77489686777e-22,4.63121834908e-22,5.2452520267e-22,7.53212167318e-22,1.39868971441e-21,1.96740102324e-21],"var":[0.00000150112134634,0.000458716123831,0.0000685575651005,0.0000016110220713,0.00000900636314327,0.00000871634256328,0.00000941526468523,0.00000511071675646,0.0000247495663643,0.0000158956772793,0.00000284623843072,0.00000497739983985,0.00000329798194798,0.00000170498310581,0.0000021814835236,7.56713916417e-7,6.39650522771e-7,2.17236760136e-7,4.02427474455e-7,2.0566949388e-7,1.1989362747e-7,8.26564345857e-8,1.41319233649e-7,2.46424747274e-7,1.80505352887e-7,1.01207575653e-7,3.52340947529e-8]},"barkbands_crest":{"dmean":2.69633102417,"dmean2":4.44025325775,"dvar":6.7757153511,"dvar2":17.7600021362,"max":26.1080532074,"mean":9.12433338165,"median":8.2991027832,"min":2.05353283882,"var":14.5394668579},"barkbands_flatness_db":{"dmean":0.0210952218622,"dmean2":0.0331115573645,"dvar":0.000492992869113,"dvar2":0.00124713778496,"max":0.318741053343,"mean":0.105048403144,"median":0.0991726815701,"min":0.015560827218,"var":0.00189867487643},"barkbands_kurtosis":{"dmean":2.83854365349,"dmean2":4.74763584137,"dvar":41.0895309448,"dvar2":109.956687927,"max":174.224899292,"mean":2.98131346703,"median":1.19606566429,"min":-1.91307079792,"var":46.2199783325},"barkbands_skewness":{"dmean":0.567354261875,"dmean2":0.887164533138,"dvar":0.533877789974,"dvar2":1.35109233856,"max":11.4763259888,"mean":1.30989158154,"median":1.16484808922,"min":-6.09131574631,"var":1.22436881065},"barkbands_spread":{"dmean":6.88918781281,"dmean2":10.4654960632,"dvar":69.9065170288,"dvar2":148.215789795,"max":121.368003845,"mean":26.8882923126,"median":23.600402832,"min":0.921017765999,"var":238.330886841},"dissonance":{"dmean":0.0193713717163,"dmean2":0.0327637270093,"dvar":0.000366148393368,"dvar2":0.00101809366606,"max":0.5,"mean":0.464051544666,"median":0.47040912509,"min":0.12421348691,"var":0.000740883231629},"dynamic_complexity":3.19390773773,"erbbands":{"dmean":[0.195262804627,2.16253447533,4.73900318146,2.38546395302,2.94603919983,5.47883749008,7.40924501419,10.359003067,15.180138588,14.9426965714,15.3642444611,26.9185276031,36.5338630676,32.3378257751,18.8555641174,20.5791606903,24.5720920563,17.7068061829,22.0616798401,14.4323425293,13.7358589172,10.104924202,9.32478141785,7.93778562546,9.99164867401,6.7480802536,4.53291654587,3.46111345291,2.70408391953,2.70360183716,2.43469405174,2.07343935966,1.61612927914,1.04035723209,0.581263065338,0.344876676798,0.194734245539,0.0587470643222,0.00919064320624,0.000643310428131],"dmean2":[0.319653630257,3.9207034111,8.53134346008,4.13386440277,5.03931808472,9.17601299286,11.4856653214,16.2323932648,24.1532325745,24.2512054443,24.1174716949,42.2954216003,58.5788459778,50.7084503174,29.748840332,31.9917144775,39.05991745,28.464673996,35.2981338501,22.3554458618,21.9969959259,15.9827432632,14.9986047745,12.6760721207,16.0176296234,10.8738479614,7.17612123489,5.34684085846,4.18807315826,4.12866592407,3.5568523407,2.97054076195,2.3350186348,1.46660292149,0.796551048756,0.464012473822,0.262453198433,0.0781236961484,0.0123817119747,0.000877398299053],"dvar":[0.300294101238,40.815071106,176.692825317,33.3451080322,31.9826869965,128.297485352,155.753616333,467.542205811,955.71496582,1187.04345703,1428.04577637,5903.68359375,7166.58544922,8570.16796875,2570.69824219,4247.07568359,3882.93237305,2432.00854492,2262.90869141,1048.47045898,1141.83105469,445.911529541,276.261749268,223.072616577,637.469543457,471.437744141,80.6718978882,47.3807373047,29.2614250183,38.7739562988,50.9907798767,38.9424324036,27.2551517487,11.0931434631,3.98305988312,0.735605895519,0.170756876469,0.0163398012519,0.000442822551122,0.00000224004293159],"dvar2":[0.761170864105,119.190719604,522.147033691,92.7605438232,88.9208145142,347.893249512,356.097381592,1218.08959961,2306.27441406,3079.84790039,3431.05322266,13750.359375,18065.6269531,20872.4746094,6418.16210938,9760.89941406,9750.39648438,6057.14550781,5519.859375,2290.38818359,2985.96191406,1102.41052246,724.351501465,565.294555664,1641.90893555,1307.48510742,202.024856567,107.435508728,67.3280715942,79.7771835327,95.3769226074,71.1646575928,50.1424827576,20.3721370697,7.19943237305,1.33095324039,0.326803833246,0.0288945753127,0.00079695758177,0.00000411803648603],"max":[5.64487600327,58.1200447083,169.958770752,77.6530609131,98.5140151978,264.076843262,482.617736816,567.25,861.987976074,678.983764648,1048.48803711,2583.90942383,1907.67138672,3478.51782227,1125.69970703,2713.58081055,1546.39440918,1690.92211914,1670.5423584,1330.62072754,765.491760254,599.25,540.957336426,449.056365967,1332.21057129,1581.20544434,224.534042358,223.392593384,179.818572998,169.262237549,219.874130249,162.129867554,151.267181396,123.819480896,84.0611801147,34.0655021667,6.43858909607,1.94860613346,0.300840616226,0.0204115342349],"mean":[0.193131923676,2.18484163284,5.57120132446,3.3744122982,4.22744131088,8.03715419769,13.4173154831,19.1400585175,25.7491168976,23.8962879181,24.9332294464,46.759563446,55.7490959167,50.4892845154,33.1216201782,36.3721389771,41.1328201294,31.3183841705,37.9315872192,27.7491798401,25.3511886597,20.3815441132,18.5295639038,16.8441486359,20.6249752045,14.6153497696,10.116268158,8.22585678101,6.18078517914,5.6825966835,5.01854228973,4.23066997528,3.26339221001,2.17766499519,1.18790972233,0.621518492699,0.302997767925,0.087489977479,0.012730402872,0.000866035697982],"median":[0.0477109923959,0.764946579933,2.422519207,1.67332291603,2.50174617767,4.3101644516,7.65154743195,10.2339220047,11.1239948273,10.3677473068,10.1324195862,13.385099411,19.3479061127,15.9943609238,13.6032409668,13.0090293884,13.6736536026,13.7019100189,14.7535018921,11.3164234161,8.92488861084,9.67965507507,10.2288856506,8.7744808197,9.55337142944,7.55875110626,4.98876333237,4.01743793488,3.12648200989,2.24287319183,1.73902142048,1.36581254005,1.04193139076,0.706303179264,0.356973320246,0.149094134569,0.0467828400433,0.0094625595957,0.00103792455047,0.0000899320439203],"min":[1.32407134876e-22,1.17405575301e-21,7.66957279731e-22,4.23709738238e-21,2.93771457792e-21,2.67704662167e-20,6.5126075126e-20,4.64566959424e-20,1.21288252448e-19,2.38470949021e-19,3.0585010904e-19,2.90849136932e-19,7.81387738746e-19,6.35142620037e-19,1.17386296742e-18,1.43935340926e-18,1.84214549302e-18,1.98142161507e-18,2.98658936836e-18,3.45645918236e-18,4.4047855655e-18,5.61317898079e-18,5.15492877966e-18,9.31571798474e-18,7.48531866321e-18,1.04314324298e-17,1.00966145333e-17,1.03652885865e-17,1.18028267479e-17,1.32127321138e-17,1.30617956402e-17,1.10919113335e-17,9.61212409518e-18,9.31570144113e-18,5.21043549389e-18,4.59443698685e-18,2.3672980621e-18,9.36568217528e-19,2.22970825113e-19,3.09344901891e-20],"var":[0.262260884047,27.2600326538,124.130073547,30.2531700134,34.273059845,144.141067505,328.169586182,791.500732422,1903.93078613,1845.50158691,2229.25732422,14486.5546875,12744.2470703,15013.3945312,5187.82519531,9419.93164062,7965.70898438,4381.28564453,6214.86181641,3587.0546875,2745.23535156,1111.11816406,611.846130371,584.042175293,1435.57824707,633.665710449,231.135696411,165.432067871,94.9498672485,105.666000366,123.536773682,102.583984375,68.5282363892,26.6523685455,8.8598575592,1.74468493462,0.387751936913,0.0366171784699,0.000911642855499,0.00000424755580752]},"erbbands_crest":{"dmean":2.95110273361,"dmean2":4.81811857224,"dvar":8.02883625031,"dvar2":20.3278427124,"max":30.3012657166,"mean":9.3656167984,"median":8.2045841217,"min":2.23426985741,"var":21.4240379333},"erbbands_flatness_db":{"dmean":0.0183458514512,"dmean2":0.0259054992348,"dvar":0.000313030701363,"dvar2":0.000592491531279,"max":0.413207113743,"mean":0.132378831506,"median":0.129750579596,"min":0.0320181250572,"var":0.00177562434692},"erbbands_kurtosis":{"dmean":0.94150698185,"dmean2":1.50999188423,"dvar":2.06693196297,"dvar2":5.27698421478,"max":37.2817611694,"mean":0.56696242094,"median":0.0453019142151,"min":-1.80108451843,"var":3.83489847183},"erbbands_skewness":{"dmean":0.358109086752,"dmean2":0.555726766586,"dvar":0.116332195699,"dvar2":0.275759041309,"max":4.62623786926,"mean":0.378586798906,"median":0.360386878252,"min":-4.39437294006,"var":0.490188926458},"erbbands_spread":{"dmean":8.25865745544,"dmean2":12.6202192307,"dvar":80.2372131348,"dvar2":181.471939087,"max":165.148620605,"mean":37.8094062805,"median":34.5603599548,"min":1.78235435486,"var":313.808624268},"gfcc":{"cov":[[13541.5488281,-1118.13977051,-111.243377686,163.070770264,-427.069213867,250.073486328,-130.822113037,130.959518433,-95.0538482666,166.551086426,-166.097991943,-112.631759644,-176.39680481],[-1118.13977051,1615.9029541,-323.323272705,189.460220337,145.887969971,50.8259010315,72.6023864746,48.4284133911,32.5689468384,-33.8436508179,48.4562339783,-39.4390411377,60.1303215027],[-111.243377686,-323.323272705,839.352905273,-47.2888374329,90.1633300781,49.282623291,43.6211280823,4.52269363403,54.9363594055,2.41157531738,-4.88253355026,38.1998138428,-23.8694095612],[163.070770264,189.460220337,-47.2888374329,389.30279541,82.7098846436,86.4522857666,29.0600643158,32.905708313,10.7138462067,13.9385871887,5.52605819702,-31.2630462646,3.4815762043],[-427.069213867,145.887969971,90.1633300781,82.7098846436,277.883087158,29.5277500153,84.4602127075,19.5873336792,26.4327106476,0.869269967079,8.64998531342,2.44538092613,-1.06604528427],[250.073486328,50.8259010315,49.282623291,86.4522857666,29.5277500153,187.849746704,70.1045761108,36.4163589478,-14.11373806,19.1858978271,3.11153054237,-19.3032188416,-3.31705975533],[-130.822113037,72.6023864746,43.6211280823,29.0600643158,84.4602127075,70.1045761108,168.189987183,38.5330085754,-2.34486627579,2.70727801323,9.58086395264,-12.6612863541,-8.02647781372],[130.959518433,48.4284133911,4.52269363403,32.905708313,19.5873336792,36.4163589478,38.5330085754,109.276290894,37.9039001465,4.98236179352,-14.862033844,-7.6803393364,4.19816446304],[-95.0538482666,32.5689468384,54.9363594055,10.7138462067,26.4327106476,-14.11373806,-2.34486627579,37.9039001465,119.476219177,11.8505563736,-17.9887237549,-0.659715473652,8.78593349457],[166.551086426,-33.8436508179,2.41157531738,13.9385871887,0.869269967079,19.1858978271,2.70727801323,4.98236179352,11.8505563736,83.9364776611,23.4710960388,-3.44171380997,-2.82699966431],[-166.097991943,48.4562339783,-4.88253355026,5.52605819702,8.64998531342,3.11153054237,9.58086395264,-14.862033844,-17.9887237549,23.4710960388,80.5428924561,28.0794372559,-4.58352327347],[-112.631759644,-39.4390411377,38.1998138428,-31.2630462646,2.44538092613,-19.3032188416,-12.6612863541,-7.6803393364,-0.659715473652,-3.44171380997,28.0794372559,69.6569747925,18.4233837128],[-176.39680481,60.1303215027,-23.8694095612,3.4815762043,-1.06604528427,-3.31705975533,-8.02647781372,4.19816446304,8.78593349457,-2.82699966431,-4.58352327347,18.4233837128,71.9761276245]],"icov":[[0.0000952992268139,0.0000471742605441,0.0000238125066971,-0.0000593863951508,0.000114920490887,-0.000117159484944,0.0000752644045861,-0.000131616819999,0.000103156875412,-0.000210650483496,0.000254216865869,-0.0000690583328833,0.000230287812883],[0.0000471742605441,0.000891531759407,0.00034878027509,-0.000193990941625,-0.00035030359868,-0.000211135440622,-0.0000189380753,-0.000214698855416,-0.00039677717723,0.000710296968464,-0.00103573617525,0.000868852366693,-0.0007206700393],[0.0000238125066971,0.00034878027509,0.00156560633332,0.000205004398595,-0.000521134003066,-0.000741837546229,-0.000146699618199,0.000333376665367,-0.000943576509599,0.000246247276664,0.000152985448949,-0.000916368560866,0.000567707407754],[-0.0000593863951508,-0.000193990941625,0.000205004398595,0.00335159222595,-0.00106268562376,-0.00138117501047,0.000722730939742,-0.000369970861357,-0.000279458850855,0.000109240441816,-0.000805390183814,0.00136910006404,-0.000418156705564],[0.000114920490887,-0.00035030359868,-0.000521134003066,-0.00106268562376,0.00515170581639,0.000461602874566,-0.00239474396221,0.000352336035576,-0.000635409378447,-0.000402573874453,0.000672030902933,-0.00112306256779,0.000654858769849],[-0.000117159484944,-0.000211135440622,-0.000741837546229,-0.00138117501047,0.000461602874566,0.0080092176795,-0.00266495905817,-0.00162767677102,0.00195127201732,-0.00151784962509,0.0000365745945601,0.00113162456546,-0.00070138159208],[0.0000752644045861,-0.0000189380753,-0.000146699618199,0.000722730939742,-0.00239474396221,-0.00266495905817,0.00911012198776,-0.00267307902686,0.000965829414781,0.000653388444334,-0.00169281638227,0.00182381120976,0.000463352829684],[-0.000131616819999,-0.000214698855416,0.000333376665367,-0.000369970861357,0.000352336035576,-0.00162767677102,-0.00267307902686,0.0125787081197,-0.00415623001754,-0.0000934956187848,0.00201882375404,-0.00104621821083,-0.00021628596005],[0.000103156875412,-0.00039677717723,-0.000943576509599,-0.000279458850855,-0.000635409378447,0.00195127201732,0.000965829414781,-0.00415623001754,0.011541120708,-0.00307192653418,0.00317524163984,-0.0005858062068,-0.000461770338006],[-0.000210650483496,0.000710296968464,0.000246247276664,0.000109240441816,-0.000402573874453,-0.00151784962509,0.000653388444334,-0.0000934956187848,-0.00307192653418,0.0155636649579,-0.00749140931293,0.00383485434577,-0.00150324660353],[0.000254216865869,-0.00103573617525,0.000152985448949,-0.000805390183814,0.000672030902933,0.0000365745945601,-0.00169281638227,0.00201882375404,0.00317524163984,-0.00749140931293,0.0210489500314,-0.0107883336022,0.00470313150436],[-0.0000690583328833,0.000868852366693,-0.000916368560866,0.00136910006404,-0.00112306256779,0.00113162456546,0.00182381120976,-0.00104621821083,-0.0005858062068,0.00383485434577,-0.0107883336022,0.0228827483952,-0.00728737004101],[0.000230287812883,-0.0007206700393,0.000567707407754,-0.000418156705564,0.000654858769849,-0.00070138159208,0.000463352829684,-0.00021628596005,-0.000461770338006,-0.00150324660353,0.00470313150436,-0.00728737004101,0.0174722354859]],"mean":[20.4582519531,71.9292831421,-102.940979004,18.1676216125,-50.9981079102,11.6778926849,-31.3247814178,10.413608551,-22.6004295349,5.27596712112,-12.9875507355,2.43215060234,-9.52566051483]},"hfc":{"dmean":7.94963693619,"dmean2":10.8445272446,"dvar":124.442680359,"dvar2":216.993499756,"max":246.910568237,"mean":27.806728363,"median":21.3216094971,"min":1.09454404772e-16,"var":686.905212402},"melbands":{"dmean":[0.00204811361618,0.00268225348555,0.000417691335315,0.000312226358801,0.000245282950345,0.000229908415349,0.000232945327298,0.000163910823176,0.000131276261527,0.00017610512441,0.000186090153875,0.000139359166496,0.0000643826278974,0.000059686939494,0.0000564860929444,0.0000452187596238,0.0000348132707586,0.000036730987631,0.000025313014703,0.0000179037488124,0.0000178226891876,0.0000115203247333,0.0000115054072012,0.00000964678201854,0.0000066443135438,0.00000856320821185,0.00000603742546446,0.00000453823622593,0.00000336985317517,0.00000240475651481,0.00000219759135689,0.00000155705856741,0.00000188116462141,0.00000153805171976,0.00000153748703724,0.00000137802828704,0.00000131151739424,0.0000012297456351,0.00000103727745682,8.88715817382e-7],"dmean2":[0.00350998830982,0.00484312698245,0.000721698685084,0.000528145639692,0.000384020037018,0.000360343023203,0.000370566674974,0.000267296360107,0.000204630967346,0.000278278777841,0.000298406463116,0.000218902539928,0.000101833749795,0.0000926368957153,0.0000890927767614,0.0000720877505955,0.0000560718108318,0.0000588072180108,0.0000398968404625,0.0000279676314676,0.00002876751023,0.0000181796076504,0.0000186816469068,0.0000158379552886,0.0000107306095742,0.0000138553950819,0.00000970572000369,0.00000738140306566,0.00000542438601769,0.00000381244535674,0.00000347649574906,0.00000244112584369,0.00000301157183458,0.00000233790706261,0.00000229501779359,0.0000020494430828,0.00000191173512576,0.00000182309850061,0.0000014699219264,0.00000128450915327],"dvar":[0.0000352715505869,0.0000590435192862,8.72006012287e-7,4.26727552849e-7,1.6295471994e-7,2.08977240845e-7,2.21900933184e-7,1.44004815184e-7,1.03395699114e-7,2.5468949616e-7,1.87126659057e-7,1.63150772892e-7,3.16126858024e-8,2.78783218732e-8,2.69203610515e-8,1.1876984729e-8,9.99293536807e-9,6.5711285302e-9,3.41860917352e-9,1.62073054977e-9,2.04538763704e-9,7.63270779913e-10,5.08270980859e-10,4.35505631557e-10,1.84352727528e-10,4.07905875743e-10,2.07498809801e-10,2.41438175008e-10,5.34200496338e-11,1.88295264797e-11,1.99402855339e-11,1.02172359115e-11,1.6584454296e-11,1.44566580929e-11,2.02710261771e-11,1.65712062128e-11,1.58080874779e-11,1.47641621151e-11,1.14371134091e-11,8.16399205184e-12],"dvar2":[0.0000953913549893,0.000174250657437,0.00000241880593421,0.00000117182935355,3.82560386925e-7,5.40870871646e-7,5.38597532795e-7,3.73208195015e-7,2.44513245207e-7,6.05159300449e-7,4.69091048672e-7,3.96271019554e-7,7.93393226672e-8,6.53718217336e-8,6.34816714751e-8,2.95674862372e-8,2.43944153766e-8,1.59099737829e-8,8.03790278781e-9,3.61409968619e-9,5.30307486812e-9,1.84606607778e-9,1.32502198102e-9,1.21066601189e-9,4.72542505126e-10,1.06529685073e-9,5.30745725147e-10,6.7884647903e-10,1.37956160384e-10,4.58014147442e-11,4.65679751704e-11,2.37885041526e-11,4.1494901265e-11,2.94722926619e-11,3.98968011406e-11,3.24489012049e-11,3.00698771438e-11,2.88348962763e-11,2.05857917518e-11,1.59974637703e-11],"max":[0.0525795444846,0.0865871831775,0.0128904730082,0.0135348327458,0.0137714296579,0.011218755506,0.0128372041509,0.00728347944096,0.00728250714019,0.0165207162499,0.00959544908255,0.015411823988,0.00438911281526,0.00540685048327,0.00651241280138,0.002689658897,0.00363635760732,0.00257959333248,0.00224592350423,0.00127731251996,0.00128468195908,0.000887136091478,0.000687300751451,0.000534053484444,0.000420900672907,0.000846167793497,0.000720271083992,0.0011490836041,0.000205516567803,0.000096588562883,0.000144489167724,0.000117801238957,0.0000823064037832,0.000119610951515,0.00012331835751,0.000119414253277,0.000107844578451,0.000111941328214,0.000110873465019,0.000118226729683],"mean":[0.00212592026219,0.0030465554446,0.000621258222964,0.000447173602879,0.000453193526482,0.000430113374023,0.000391473615309,0.000255469873082,0.000211869803024,0.000301454943838,0.000276157195913,0.000209515012102,0.000105242987047,0.0000999317562673,0.0000919588201214,0.0000754247739678,0.000055802262068,0.0000588678412896,0.0000444056277047,0.0000309105926135,0.0000301457876049,0.0000207370212593,0.0000199042369786,0.0000163277363754,0.0000125339611259,0.000016237332602,0.0000120155082186,0.00000885415647645,0.00000655356870993,0.00000511191819896,0.00000467604013465,0.00000335199320034,0.00000352366259904,0.00000301915974887,0.00000295544305118,0.00000265316407422,0.00000252571635428,0.00000233402920458,0.00000199710507331,0.00000179311859938],"median":[0.000695444177836,0.00138492393307,0.000366000109352,0.000251957797445,0.000269623764325,0.000236216234043,0.000165744233527,0.000106254476123,0.0000794409279479,0.0000797244429123,0.0000902609463083,0.0000581886306463,0.0000377708711312,0.0000324371430906,0.0000288659866783,0.0000260821088887,0.0000215192230826,0.0000204032967304,0.0000168248589034,0.0000114440044854,0.00000917698162084,0.00000862295382831,0.00000977436047833,0.00000793203435023,0.00000594287485001,0.00000713055396773,0.0000054954098232,0.00000440894882558,0.00000291973469757,0.00000241279167312,0.00000214718966163,0.00000167545522345,0.00000146763761677,0.00000110401322218,9.44052089835e-7,8.80017296367e-7,7.83235805102e-7,7.21859350961e-7,6.29779492556e-7,5.62593868381e-7],"min":[1.57088278082e-24,8.84904720432e-25,7.57637691985e-25,5.52662835385e-25,1.97443345158e-24,9.74087910957e-25,1.77469130658e-24,3.17013004157e-24,2.11383463986e-24,1.69482190093e-24,3.456466237e-24,2.14147060674e-24,3.2420388546e-24,1.97596127793e-24,4.36542569301e-24,2.61938699781e-24,3.2338218822e-24,3.64668623923e-24,2.30349356477e-24,2.39719564638e-24,5.28729406888e-24,3.53059273525e-24,3.81270398888e-24,5.06438603732e-24,6.79505062235e-24,3.4510301965e-24,3.73418905742e-24,5.88334553595e-24,5.4460424653e-24,5.21601062533e-24,5.17664488844e-24,5.09806566481e-24,5.45897465655e-24,6.87503086295e-24,6.03951238505e-24,7.23529022772e-24,6.12731654811e-24,6.67576380943e-24,7.83835230166e-24,6.75352656202e-24],"var":[0.0000277381022897,0.0000402925725211,8.24632536478e-7,4.40035961446e-7,3.3336871752e-7,3.69848606852e-7,4.43696421826e-7,2.23586184234e-7,1.81668127652e-7,6.2878996232e-7,3.28513777959e-7,2.84945798512e-7,5.87293804699e-8,5.99480003416e-8,5.20738616672e-8,2.44891662504e-8,1.70118443776e-8,1.63020086319e-8,9.16705822362e-9,4.31204583151e-9,4.68472771686e-9,1.81331749616e-9,9.15519160483e-10,7.83050846387e-10,3.92983479092e-10,9.18105647063e-10,4.403307996e-10,2.742495675e-10,1.21505583373e-10,5.95634652711e-11,5.85677617515e-11,2.94910797172e-11,3.76933692592e-11,3.55262139151e-11,4.59832172339e-11,3.94245296131e-11,3.82907074103e-11,3.46423514874e-11,2.7301811853e-11,1.81959777107e-11]},"melbands_crest":{"dmean":3.32069444656,"dmean2":5.4527015686,"dvar":8.98235034943,"dvar2":23.3724098206,"max":32.0751876831,"mean":13.2900037766,"median":12.7206192017,"min":1.58109688759,"var":23.8789100647},"melbands_flatness_db":{"dmean":0.0262328032404,"dmean2":0.0408731475472,"dvar":0.000842896581162,"dvar2":0.00206993450411,"max":0.426234811544,"mean":0.178575024009,"median":0.172327876091,"min":0.00227459473535,"var":0.00385502097197},"melbands_kurtosis":{"dmean":7.24892950058,"dmean2":12.1464166641,"dvar":263.588226318,"dvar2":718.35369873,"max":301.961914062,"mean":10.3597192764,"median":5.49061059952,"min":-1.87748408318,"var":297.309539795},"melbands_skewness":{"dmean":0.785545706749,"dmean2":1.25170481205,"dvar":1.1027122736,"dvar2":2.86157989502,"max":12.7333612442,"mean":2.28437042236,"median":2.00034618378,"min":-3.72815895081,"var":2.32211852074},"melbands_spread":{"dmean":7.56010055542,"dmean2":11.5434169769,"dvar":111.044494629,"dvar2":222.571380615,"max":266.633453369,"mean":27.1348705292,"median":22.9314918518,"min":0.922908008099,"var":397.513000488},"mfcc":{"cov":[[7691.34863281,-482.882385254,-19.0972232819,58.4447555542,-113.66103363,53.0229682922,69.681892395,-73.3451309204,102.101097107,171.815856934,71.3502426147,62.5896911621,-46.5699653625],[-482.882385254,1165.03283691,-116.05973053,74.9125823975,72.7684249878,19.8606071472,44.3372001648,63.0135650635,35.2121772766,3.46648693085,16.9738197327,-16.379278183,35.4132881165],[-19.0972232819,-116.05973053,551.655151367,-18.0549087524,56.9103279114,45.3068275452,0.761591017246,28.7899799347,17.0603656769,16.9978122711,-4.03143596649,3.38171434402,13.6664686203],[58.4447555542,74.9125823975,-18.0549087524,260.666534424,93.0316238403,53.4441719055,39.8023719788,27.7790050507,29.6469573975,19.6309337616,12.702290535,24.7644081116,23.3460330963],[-113.66103363,72.7684249878,56.9103279114,93.0316238403,179.136779785,44.1164474487,6.6997089386,33.9775123596,33.485168457,12.7309942245,-3.52769708633,16.7949295044,21.1674842834],[53.0229682922,19.8606071472,45.3068275452,53.4441719055,44.1164474487,144.901199341,84.7940292358,19.9239692688,18.8076972961,18.1298160553,15.3822240829,12.9571886063,12.7662410736],[69.681892395,44.3372001648,0.761591017246,39.8023719788,6.6997089386,84.7940292358,191.606246948,41.2921676636,4.79042959213,17.8658847809,20.0036830902,11.4825391769,6.79280567169],[-73.3451309204,63.0135650635,28.7899799347,27.7790050507,33.9775123596,19.9239692688,41.2921676636,115.126243591,39.2632904053,12.9358196259,11.3709821701,-1.35820448399,2.21840405464],[102.101097107,35.2121772766,17.0603656769,29.6469573975,33.485168457,18.8076972961,4.79042959213,39.2632904053,130.343322754,49.6108512878,-7.0284705162,8.17686080933,11.5260305405],[171.815856934,3.46648693085,16.9978122711,19.6309337616,12.7309942245,18.1298160553,17.8658847809,12.9358196259,49.6108512878,89.0789642334,22.7794551849,-1.8897922039,-2.71464204788],[71.3502426147,16.9738197327,-4.03143596649,12.702290535,-3.52769708633,15.3822240829,20.0036830902,11.3709821701,-7.0284705162,22.7794551849,89.3469696045,17.3125286102,-10.2731151581],[62.5896911621,-16.379278183,3.38171434402,24.7644081116,16.7949295044,12.9571886063,11.4825391769,-1.35820448399,8.17686080933,-1.8897922039,17.3125286102,79.6628799438,30.3344669342],[-46.5699653625,35.4132881165,13.6664686203,23.3460330963,21.1674842834,12.7662410736,6.79280567169,2.21840405464,11.5260305405,-2.71464204788,-10.2731151581,30.3344669342,77.7627410889]],"icov":[[0.000145449434058,0.0000516529107699,0.00000568626910535,-0.0000585718189541,0.000117449038953,-0.0000220956917474,-0.0000413678571931,0.000116643204819,-0.0000885928602656,-0.000235702929785,-0.0000242054193222,-0.000129937194288,0.000104503640614],[0.0000516529107699,0.000991173321381,0.000258868269157,-0.0000930913083721,-0.000328707450535,0.0000935603384278,-0.000179673515959,-0.000290982337901,-0.000223331822781,0.000159678718774,-0.000396561023081,0.000591591058765,-0.000584369234275],[0.00000568626910535,0.000258868269157,0.00206332746893,0.000511919148266,-0.000713975925464,-0.000722298049368,0.000319558690535,-0.00057230720995,0.000170581406564,-0.000392134126741,0.000109145476017,0.000115670001833,-0.000399129290599],[-0.0000585718189541,-0.0000930913083721,0.000511919148266,0.00520790088922,-0.00242974772118,-0.00082755018957,-0.000407306739362,-0.000235149607761,-0.000143423079862,-0.000356338481652,-0.000361159036402,-0.000593725475483,-0.000613922835328],[0.000117449038953,-0.000328707450535,-0.000713975925464,-0.00242974772118,0.00826065987349,-0.00189346680418,0.00143429473974,-0.00150203867815,-0.000483885174617,-0.000440863106633,0.00105719105341,-0.00111033569556,-0.000316095014568],[-0.0000220956917474,0.0000935603384278,-0.000722298049368,-0.00082755018957,-0.00189346680418,0.0108722615987,-0.00467809615657,0.00114545726683,-0.00101727829315,0.0000427388040407,-0.00118230294902,0.000271973549388,-0.000683972553816],[-0.0000413678571931,-0.000179673515959,0.000319558690535,-0.000407306739362,0.00143429473974,-0.00467809615657,0.00810778513551,-0.00283998018131,0.00154532666784,-0.00127042236272,0.000153419459821,-0.000854412093759,-0.0000463075266453],[0.000116643204819,-0.000290982337901,-0.00057230720995,-0.000235149607761,-0.00150203867815,0.00114545726683,-0.00283998018131,0.0117679564282,-0.00392826134339,0.00155616691336,-0.00210658810101,0.00147373229265,0.000290114228847],[-0.0000885928602656,-0.000223331822781,0.000170581406564,-0.000143423079862,-0.000483885174617,-0.00101727829315,0.00154532666784,-0.00392826134339,0.012261480093,-0.00707698613405,0.00354597182013,-0.00197198102251,-0.000489224446937],[-0.000235702929785,0.000159678718774,-0.000392134126741,-0.000356338481652,-0.000440863106633,0.0000427388040407,-0.00127042236272,0.00155616691336,-0.00707698613405,0.0172640364617,-0.00528270704672,0.00294552394189,-0.0000536875741091],[-0.0000242054193222,-0.000396561023081,0.000109145476017,-0.000361159036402,0.00105719105341,-0.00118230294902,0.000153419459821,-0.00210658810101,0.00354597182013,-0.00528270704672,0.01482312195,-0.00506052933633,0.00343068339862],[-0.000129937194288,0.000591591058765,0.000115670001833,-0.000593725475483,-0.00111033569556,0.000271973549388,-0.000854412093759,0.00147373229265,-0.00197198102251,0.00294552394189,-0.00506052933633,0.0173022542149,-0.00692198425531],[0.000104503640614,-0.000584369234275,-0.000399129290599,-0.000613922835328,-0.000316095014568,-0.000683972553816,-0.0000463075266453,0.000290114228847,-0.000489224446937,-0.0000536875741091,0.00343068339862,-0.00692198425531,0.0168609507382]],"mean":[-628.012939453,113.955162048,3.9587199688,14.9703073502,3.15239572525,2.899320364,3.52039837837,3.01210856438,0.155368924141,2.94628787041,0.900409519672,-1.25126969814,0.127931267023]},"pitch_salience":{"dmean":0.0740479752421,"dmean2":0.121585845947,"dvar":0.0047076693736,"dvar2":0.012755619362,"max":0.979151189327,"mean":0.536654472351,"median":0.539928197861,"min":0.101017840207,"var":0.0111970417202},"silence_rate_20dB":{"dmean":0,"dmean2":0,"dvar":0,"dvar2":0,"max":1,"mean":1,"median":1,"min":1,"var":0},"silence_rate_30dB":{"dmean":0.0463953763247,"dmean2":0.0927980020642,"dvar":0.0442455150187,"dvar2":0.100441895425,"max":1,"mean":0.959309577942,"median":1,"min":0,"var":0.0390333086252},"silence_rate_60dB":{"dmean":0.0129657108337,"dmean2":0.0259334482253,"dvar":0.0127973565832,"dvar2":0.0280718207359,"max":1,"mean":0.0585754439235,"median":0,"min":0,"var":0.0551380999386},"spectral_centroid":{"dmean":239.14012146,"dmean2":364.214355469,"dvar":73141.4296875,"dvar2":147252.515625,"max":11661.9287109,"mean":1457.12133789,"median":1319.20166016,"min":274.629486084,"var":665659},"spectral_complexity":{"dmean":3.26032972336,"dmean2":5.0265583992,"dvar":11.8678274155,"dvar2":23.8464450836,"max":56,"mean":20.1369876862,"median":19,"min":0,"var":86.9245758057},"spectral_contrast_coeffs":{"dmean":[0.0500124506652,0.0476257503033,0.0422795861959,0.033365227282,0.0237980000675,0.0164104439318],"dmean2":[0.0838104337454,0.0777027532458,0.0682093948126,0.0531617030501,0.0370369851589,0.0259769782424],"dvar":[0.0018146855291,0.00151953368913,0.00121358199976,0.000747999467421,0.00042696527089,0.000223800598178],"dvar2":[0.00489648850635,0.00403277948499,0.00308125372976,0.0017971462803,0.00092788413167,0.000518345914315],"max":[-0.321670353413,-0.45276683569,-0.427818864584,-0.51917552948,-0.546243071556,-0.59499001503],"mean":[-0.659207522869,-0.72055631876,-0.734203159809,-0.752694249153,-0.770032823086,-0.77792596817],"median":[-0.66350376606,-0.723750472069,-0.742276787758,-0.757389068604,-0.775710344315,-0.779281675816],"min":[-0.975328445435,-0.972670316696,-0.978207588196,-0.970229566097,-0.965214312077,-0.964512109756],"var":[0.00563078932464,0.00492749176919,0.00505508482456,0.00325757218525,0.00235932134092,0.00156850006897]},"spectral_contrast_valleys":{"dmean":[0.42433142662,0.341610878706,0.309918940067,0.277277320623,0.23723077774,0.264699399471],"dmean2":[0.679666697979,0.553610801697,0.493686705828,0.430216640234,0.356242150068,0.340712577105],"dvar":[0.158852458,0.10045196116,0.0879293233156,0.0742029994726,0.0745892003179,0.100706197321],"dvar2":[0.344435483217,0.236374214292,0.196700319648,0.148531407118,0.145141616464,0.165376022458],"max":[-4.94086360931,-4.47426223755,-5.05533123016,-5.76102781296,-5.53650999069,-7.30758190155],"mean":[-7.30679321289,-6.72284173965,-7.27782678604,-7.79719734192,-7.68639993668,-9.8886680603],"median":[-7.04737663269,-6.53308200836,-7.09219503403,-7.62244510651,-7.44665908813,-9.67051124573],"min":[-28.1195526123,-28.0901222229,-27.6530094147,-27.5457630157,-27.5175189972,-27.4182853699],"var":[2.42229437828,2.28888058662,2.14013648033,2.07834196091,2.32712101936,2.42842197418]},"spectral_decrease":{"dmean":3.88975074372e-9,"dmean2":6.59000587433e-9,"dvar":7.8658602916e-17,"dvar2":2.1784771549e-16,"max":8.95192643288e-19,"mean":-7.91809817713e-9,"median":-5.93199711574e-9,"min":-9.3633602205e-8,"var":7.68835064087e-17},"spectral_energy":{"dmean":0.0151031725109,"dmean2":0.0254507716745,"dvar":0.00113899086136,"dvar2":0.00315121561289,"max":0.359258592129,"mean":0.0324068889022,"median":0.0246479175985,"min":1.0125202031e-20,"var":0.001163743902},"spectral_energyband_high":{"dmean":0.000505854201037,"dmean2":0.000658168341033,"dvar":0.0000010986129837,"dvar2":0.00000181824395895,"max":0.0250634141266,"mean":0.00133030477446,"median":0.000634048948996,"min":7.12290718466e-21,"var":0.00000433436343883},"spectral_energyband_low":{"dmean":0.011753026396,"dmean2":0.0205985531211,"dvar":0.00113139988389,"dvar2":0.00317940977402,"max":0.341333031654,"mean":0.0140371089801,"median":0.00654189102352,"min":1.25174902273e-23,"var":0.000859968713485},"spectral_energyband_middle_high":{"dmean":0.00235731364228,"dmean2":0.00358852068894,"dvar":0.0000139120629683,"dvar2":0.0000328474779963,"max":0.102018475533,"mean":0.00696401530877,"median":0.00453561078757,"min":1.22141668984e-21,"var":0.0000587834474572},"spectral_energyband_middle_low":{"dmean":0.00424670474604,"dmean2":0.00673821941018,"dvar":0.0000364601473848,"dvar2":0.0000925932254177,"max":0.093308724463,"mean":0.0107652423903,"median":0.00836293492466,"min":1.85003167243e-22,"var":0.0000889784423634},"spectral_entropy":{"dmean":0.148224875331,"dmean2":0.213720709085,"dvar":0.0218373164535,"dvar2":0.0419752970338,"max":9.81565093994,"mean":7.67199802399,"median":7.69110107422,"min":5.75797319412,"var":0.172217026353},"spectral_flux":{"dmean":0.0309595391154,"dmean2":0.0482953563333,"dvar":0.00223271967843,"dvar2":0.00431526871398,"max":0.51033359766,"mean":0.0959654673934,"median":0.0816289111972,"min":6.37814523419e-11,"var":0.00450503034517},"spectral_kurtosis":{"dmean":1.08772718906,"dmean2":1.76338613033,"dvar":1.78404462337,"dvar2":4.88859939575,"max":26.4199295044,"mean":4.56151723862,"median":4.00741052628,"min":-1.3010456562,"var":7.74595165253},"spectral_rms":{"dmean":0.0010472148424,"dmean2":0.00166954507586,"dvar":0.00000278058223557,"dvar2":0.00000722481445337,"max":0.0187215432525,"mean":0.00508346408606,"median":0.00490374863148,"min":3.14296765697e-12,"var":0.00000577496803089},"spectral_rolloff":{"dmean":659.042785645,"dmean2":1065.37475586,"dvar":1717853.5,"dvar2":3560843,"max":19853.6132812,"mean":1855.93652344,"median":1248.92578125,"min":86.1328125,"var":4736687.5},"spectral_skewness":{"dmean":0.167987823486,"dmean2":0.260299563408,"dvar":0.0291698556393,"dvar2":0.0674012824893,"max":3.72921919823,"mean":1.64319038391,"median":1.58811044693,"min":-0.0737401843071,"var":0.188860177994},"spectral_spread":{"dmean":638818.8125,"dmean2":847855.5,"dvar":734976016384,"dvar2":1232324001790,"max":42050156,"mean":5519087,"median":5011381,"min":1107033,"var":7470842904580},"spectral_strongpeak":{"dmean":0.641153514385,"dmean2":1.10540485382,"dvar":1.10936534405,"dvar2":2.81516170502,"max":12.8259153366,"mean":0.995970964432,"median":0.453573226929,"min":0,"var":1.75815188885},"zerocrossingrate":{"dmean":0.0140528744087,"dmean2":0.0155801465735,"dvar":0.000321224943036,"dvar2":0.000351435999619,"max":0.52001953125,"mean":0.0786679685116,"median":0.06494140625,"min":0.0078125,"var":0.00300288829021}},"metadata":{"audio_properties":{"analysis_sample_rate":44100,"bit_rate":320028,"codec":"mp3","downmix":"mix","equal_loudness":0,"length":297.273468018,"lossless":false,"md5_encoded":"ade7f45d0b32821594a734e7c427dde3","replay_gain":-10.1523151398,"sample_rate":44100},"tags":{"album":["Chicago XXXVI: Now"],"albumartist":["Chicago"],"artist":["Chicago"],"discnumber":["1"],"file_name":"2094897.mp3","genre":["null"],"label":["网易云音乐"],"musicbrainz_recordingid":["457d2805-861c-4b3c-8bc6-ae3fc327a208"],"title":["Now"],"tracknumber":["1"]},"version":{"essentia":"2.1-beta2","essentia_build_sha":"70f2e5ece6736b2c40cc944ad0e695b16b925413","essentia_git_sha":"v2.1_beta2","extractor":"music 1.0"}},"rhythm":{"beats_count":796,"beats_loudness":{"dmean":0.0235211141407,"dmean2":0.0432107821107,"dvar":0.000388651853427,"dvar2":0.0010510297725,"max":0.155073061585,"mean":0.0395431891084,"median":0.0355915501714,"min":0,"var":0.000620288716163},"beats_loudness_band_ratio":{"dmean":[0.237153947353,0.123231545091,0.130737662315,0.105481497943,0.0568821020424,0.0603345818818],"dmean2":[0.378801703453,0.21055623889,0.224646389484,0.184319987893,0.0974941626191,0.0989346504211],"dvar":[0.0339468531311,0.0118260793388,0.0133639965206,0.0134051619098,0.0046843145974,0.00436745537445],"dvar2":[0.0777094215155,0.0309546627104,0.0375376455486,0.0375499092042,0.012143926695,0.0116938548163],"max":[0.917644739151,0.737634241581,0.718285024166,0.782946586609,0.63567006588,0.572992265224],"mean":[0.390294611454,0.175371736288,0.185564085841,0.13043820858,0.0734759122133,0.0845664143562],"median":[0.389027327299,0.14096018672,0.145491778851,0.0924312919378,0.049353800714,0.0623013302684],"min":[0,0,0,0,0,0],"var":[0.0519801229239,0.0152815366164,0.0186242070049,0.0135638071224,0.00526101328433,0.00563797028735]},"beats_position":[0.371519267559,0.743038535118,1.11455774307,1.48607707024,1.8575963974,2.22911548615,2.6006348