{"lowlevel":{"average_loudness":0.931324422359,"barkbands":{"dmean":[0.00462265592068,0.00951161142439,0.00188056775369,0.00157775590196,0.00213028979488,0.00280121690594,0.0010202114936,0.00100321799982,0.000969958375208,0.000737364694942,0.000356363045285,0.000349571666447,0.000482196046505,0.000346180720953,0.000424799422035,0.00035196513636,0.00031333300285,0.000317700061714,0.00024572305847,0.000209992809687,0.0000911347960937,0.0000500428250234,0.0000131460383272,0.00000414892519984,0.00000248377955359,0.00000694494428899,0.000274355727015],"dmean2":[0.00761106936261,0.0161249861121,0.00329625955783,0.00266545591876,0.00347045669332,0.00450486177579,0.00163759547286,0.00164601986762,0.00159608747344,0.00120167899877,0.00057715550065,0.000569394556805,0.000777503941208,0.000560266722459,0.000685612729285,0.000567160837818,0.000490501057357,0.000499448913615,0.000378356693545,0.000304421439068,0.000132914312417,0.000071996691986,0.0000193891446543,0.00000643933026367,0.00000417300088884,0.000010270520761,0.000382520345738],"dvar":[0.0000604652086622,0.000211281032534,0.00000629285932519,0.0000059412632254,0.0000147872015077,0.0000246699873969,0.00000362948799193,0.00000374605860998,0.00000275061142929,0.00000222414337259,5.50753213702e-7,4.47642179324e-7,5.56850636713e-7,2.42396367867e-7,3.07154522261e-7,2.37251327917e-7,2.33100607261e-7,3.89979163629e-7,2.8658013207e-7,4.34120636328e-7,6.99704258977e-8,2.29453611666e-8,8.13526856991e-10,3.63274653414e-11,1.53181078932e-11,9.98009591635e-11,9.2233889859e-8],"dvar2":[0.000154354420374,0.000576186459512,0.0000177727233677,0.0000151639560499,0.0000355860684067,0.0000618469275651,0.00000884002292878,0.00000958077180258,0.00000741035228202,0.00000579508832743,0.00000139341136673,0.00000112661177809,0.00000133616788389,6.23575317604e-7,7.81575010933e-7,6.16267755049e-7,5.44862416518e-7,9.05024762687e-7,6.35129140392e-7,8.77051945736e-7,1.56293054943e-7,4.51186252803e-8,1.68467928496e-9,8.05333785769e-11,4.03186338482e-11,2.09475201074e-10,1.90688979274e-7],"max":[0.0962749272585,0.164734005928,0.0477896369994,0.0350253283978,0.103163152933,0.059864345938,0.0345063433051,0.0519844964147,0.0307421032339,0.0254280120134,0.0160433463752,0.0183347333223,0.0159081984311,0.00704644015059,0.0118148820475,0.0144013371319,0.0112700397149,0.0174914859235,0.0109594771639,0.0152255259454,0.00862237997353,0.00567371444777,0.000774388608988,0.000205242657103,0.0000472388383059,0.000305590830976,0.00520865898579],"mean":[0.00599956326187,0.0161689873785,0.00223922356963,0.00198988686316,0.00313114305027,0.00408045435324,0.00160498218611,0.0015300308587,0.00154057273176,0.0010687590111,0.000493366329465,0.000547355681192,0.000796416657977,0.000595690798946,0.000733439810574,0.000601207430009,0.000533452024683,0.000548625888769,0.000405306287576,0.000335505435942,0.000141749944305,0.0000735768917366,0.0000196010532818,0.00000583423889111,0.00000246078320743,0.0000115062202894,0.000748320424464],"median":[0.00285749766044,0.0104369828478,0.0014143330045,0.000983426347375,0.00162028567865,0.00134082487784,0.00066387699917,0.000678485492244,0.000770609360188,0.000374345952878,0.000208850076888,0.000289210845949,0.000434548972407,0.000362093065633,0.000549304357264,0.000440638454165,0.000356283853762,0.000349581852788,0.000203768649953,0.000105434766738,0.0000505683165102,0.000024498476705,0.00000862750312081,0.00000324373809235,9.91365595837e-7,0.00000670512326906,0.000602927815635],"min":[5.83440240565e-11,4.43014331816e-13,2.84114992953e-14,2.22162755857e-13,5.74285681943e-13,6.3976574689e-13,1.19082283097e-12,1.46428463972e-12,9.58194678116e-13,3.23678865828e-12,1.79298101973e-12,2.67230465187e-12,6.6041091866e-12,3.28334560061e-12,5.67327088086e-12,9.23872610359e-12,7.85981175977e-12,8.71692041465e-12,1.45839885307e-11,1.52785232382e-11,9.85916816937e-12,1.46703309223e-11,2.31219921681e-11,6.42310232779e-11,6.76346201267e-11,1.29558253015e-10,6.43442868431e-11],"var":[0.0000789078185335,0.00032918425859,0.00000767358051235,0.00000872553118825,0.0000293424382107,0.0000476634922961,0.00000760377815823,0.00000716582735549,0.00000454578503195,0.00000363811636817,8.23307743758e-7,8.01851001597e-7,0.0000010729747828,4.62768610987e-7,4.87947318106e-7,3.67478804719e-7,4.20374846044e-7,6.72725263939e-7,5.84991994401e-7,9.43514862684e-7,1.49361653712e-7,5.2456133659e-8,1.64581059892e-9,6.71704081245e-11,1.54354255072e-11,2.22642349001e-10,3.59836121788e-7]},"barkbands_crest":{"dmean":2.8666331768,"dmean2":4.74717712402,"dvar":5.54620790482,"dvar2":14.6962480545,"max":25.0483589172,"mean":10.5809412003,"median":10.0976991653,"min":2.36591386795,"var":18.1503620148},"barkbands_flatness_db":{"dmean":0.0248344633728,"dmean2":0.0391710177064,"dvar":0.000473103165859,"dvar2":0.00113590352703,"max":0.312879383564,"mean":0.132788926363,"median":0.128146156669,"min":0.0335721373558,"var":0.00162356579676},"barkbands_kurtosis":{"dmean":3.9951479435,"dmean2":6.4389591217,"dvar":35.2346916199,"dvar2":86.7749710083,"max":137.777053833,"mean":6.3413848877,"median":3.8725361824,"min":-1.85430240631,"var":69.3910827637},"barkbands_skewness":{"dmean":0.637449264526,"dmean2":1.00546336174,"dvar":0.405135810375,"dvar2":0.971984386444,"max":10.0881614685,"mean":2.01673865318,"median":1.87633574009,"min":-1.7650488615,"var":1.35364639759},"barkbands_spread":{"dmean":7.78396272659,"dmean2":11.9081087112,"dvar":57.4077377319,"dvar2":123.468460083,"max":122.191848755,"mean":27.9985790253,"median":25.2650165558,"min":1.8898601532,"var":228.986083984},"dissonance":{"dmean":0.0146522345021,"dmean2":0.0247443486005,"dvar":0.000204114447115,"dvar2":0.000561408291105,"max":0.500000059605,"mean":0.475649625063,"median":0.480770051479,"min":0.323103547096,"var":0.000373183807824},"dynamic_complexity":2.93027091026,"erbbands":{"dmean":[0.516114652157,1.48804998398,2.07610630989,3.8458533287,4.82868146896,8.62444496155,14.0902833939,25.167678833,17.4081001282,16.3093967438,21.0619258881,22.0017261505,23.1837692261,17.7030887604,12.9453125,14.0558614731,20.2537021637,18.7086448669,18.7387981415,21.4854202271,17.9838180542,17.3437595367,17.1189670563,13.6836080551,11.6545953751,10.0260438919,4.82457733154,3.1472465992,2.04249811172,0.858052253723,0.314688742161,0.120977960527,0.0550796240568,0.0283209495246,0.0176492892206,0.0117593267933,0.0138448309153,0.0252059996128,0.0207420866936,0.00667033996433],"dmean2":[0.890173196793,2.5319943428,3.61389350891,6.52403116226,8.10768795013,14.0595293045,22.9496250153,40.6891937256,27.4716682434,26.5956249237,34.8371887207,36.0318756104,37.9510650635,28.8758583069,20.6201038361,22.8556194305,32.6118431091,29.7033462524,30.1149845123,34.4900588989,28.5461349487,26.8165378571,26.681520462,21.0785942078,17.3588504791,14.4214696884,7.03705310822,4.60337972641,2.95178842545,1.26286697388,0.467537254095,0.182544380426,0.0879016667604,0.0474126823246,0.0295976102352,0.0190795734525,0.0201863832772,0.0348590537906,0.0279764421284,0.00940044503659],"dvar":[0.673573672771,4.97622156143,7.22314596176,33.1216773987,64.2052383423,312.561004639,891.394897461,2219.14868164,1527.03588867,970.349182129,1390.10412598,1633.13110352,2417.56738281,1143.47045898,817.291748047,717.03338623,938.753112793,762.93572998,634.31072998,728.579833984,565.16973877,745.574768066,1243.80126953,556.759277344,932.559631348,975.866821289,177.285827637,92.4571228027,40.4281387329,6.4214849472,0.439376652241,0.0426730699837,0.00552783813328,0.00194154970814,0.00076413480565,0.000254465296166,0.000403352605645,0.00214381143451,0.00112462451216,0.0000512735059601],"dvar2":[1.90603590012,13.8156356812,20.1993274689,85.7097015381,169.358810425,715.007080078,2284.86206055,5587.6015625,3447.97607422,2526.56860352,3612.16040039,4364.63183594,6289.99365234,2943.32617188,2019.22790527,1787.44287109,2319.67822266,1857.22595215,1586.61633301,1847.70605469,1416.50024414,1730.83837891,2914.62670898,1235.66601562,1971.13269043,1961.75280762,362.575012207,200.945083618,79.0767059326,14.5365896225,0.923738241196,0.0873969718814,0.0133225591853,0.00510988011956,0.00200878642499,0.000652080983855,0.000810021650977,0.00433144951239,0.00201610173099,0.000106949919427],"max":[8.90395927429,29.278717041,49.8080596924,81.0549316406,197.889587402,515.71307373,597.485656738,752.237243652,738.845153809,653.440368652,840.317382812,880.368896484,1011.33654785,519.085754395,735.673095703,698.214172363,535.321350098,421.939697266,437.65802002,449.122711182,572.499023438,561.536193848,1086.37646484,463.880737305,551.409240723,728.645629883,358.774230957,274.594299316,244.165435791,94.1865844727,19.7405967712,8.70105361938,1.31322431564,0.533163964748,0.333634644747,0.18516202271,0.746729910374,1.65397977829,0.956630110741,0.139113098383],"mean":[0.824821591377,2.23844718933,2.69060754776,5.26025247574,6.56715011597,12.3258180618,19.6894397736,36.4050483704,28.2226295471,26.9525947571,33.506893158,35.584815979,35.7439727783,26.9030246735,20.0527820587,23.8122386932,35.1685562134,34.3915138245,33.7879943848,38.2638320923,32.3142166138,30.5967960358,30.0440368652,24.2470359802,19.2245540619,15.9396362305,7.77972555161,4.74223184586,2.96430420876,1.25914573669,0.473588109016,0.177708998322,0.0735689550638,0.029636522755,0.0178952571005,0.0153679251671,0.0234003439546,0.0438237860799,0.0462457314134,0.0217492431402],"median":[0.509963035583,1.40813243389,1.82610177994,2.95190668106,3.81670570374,5.90249252319,6.73868894577,12.3506040573,9.96239376068,13.839600563,16.9365882874,18.517742157,12.505147934,12.7930421829,9.52701473236,13.2648792267,19.9253501892,20.1291255951,24.8667297363,28.5662574768,24.2646903992,20.8732013702,19.3984451294,15.1098604202,8.00165271759,5.00300121307,2.71126747131,1.64380252361,0.961181938648,0.478877276182,0.216210782528,0.0933211445808,0.0415723435581,0.0133894663304,0.00748214917257,0.00929730664939,0.0136541761458,0.0230149701238,0.0278888829052,0.0188231356442],"min":[9.57715240446e-10,1.22449259066e-10,6.18115281181e-11,4.35325747672e-10,1.59633106733e-9,1.34704791765e-9,3.80785669662e-9,4.37050751145e-9,7.01527591573e-9,3.24644773286e-8,4.6618996663e-8,2.77130176585e-8,1.149403559e-7,1.30553004851e-7,1.01689778376e-7,1.38055767707e-7,3.12704003136e-7,1.50100987639e-7,1.66055755813e-7,5.93517711422e-7,4.34352472212e-7,5.15381486821e-7,3.06066169742e-7,5.25929976902e-7,6.97818620665e-7,7.48062234379e-7,4.97233145325e-7,2.83410088286e-7,5.23334449554e-7,4.97288567658e-7,7.74445538809e-7,8.52591824696e-7,0.00000148316905779,7.20442585589e-7,4.27065060649e-7,5.8942390524e-7,1.94175527213e-7,4.00911943643e-8,8.97910457098e-9,9.36241639771e-10],"var":[0.956265866756,6.63276576996,8.61063766479,49.5163726807,79.2854385376,669.856201172,1450.98583984,4247.66601562,3646.89575195,1739.95471191,2470.11206055,2664.95507812,4112.09375,1737.82507324,1290.93164062,1372.50732422,1852.07226562,1594.37133789,1064.60266113,1249.06616211,959.783752441,1367.71386719,2100.66430664,1144.48303223,2072.5546875,2152.53759766,423.302368164,186.566070557,90.4118804932,12.0680065155,0.883452236652,0.0860279127955,0.00878335162997,0.00197907234542,0.000777025823481,0.000325398606947,0.000950752466451,0.00556930853054,0.00414957944304,0.000230625257245]},"erbbands_crest":{"dmean":2.47049093246,"dmean2":4.05801582336,"dvar":5.35082054138,"dvar2":13.9849452972,"max":24.8498420715,"mean":7.98237228394,"median":7.04910945892,"min":2.49430918694,"var":12.8599414825},"erbbands_flatness_db":{"dmean":0.0193599537015,"dmean2":0.029749084264,"dvar":0.000248119875323,"dvar2":0.000570254633203,"max":0.287179499865,"mean":0.146923944354,"median":0.14332331717,"min":0.0276279281825,"var":0.000941919803154},"erbbands_kurtosis":{"dmean":0.922593712807,"dmean2":1.44124090672,"dvar":1.86520016193,"dvar2":4.08931970596,"max":39.8872756958,"mean":0.261744558811,"median":-0.280509918928,"min":-1.76143336296,"var":3.99689221382},"erbbands_skewness":{"dmean":0.397541850805,"dmean2":0.600426912308,"dvar":0.125526830554,"dvar2":0.263620585203,"max":3.00754070282,"mean":-0.0956352651119,"median":-0.0724264010787,"min":-4.37522268295,"var":0.670197546482},"erbbands_spread":{"dmean":6.66914415359,"dmean2":10.4301013947,"dvar":36.0160598755,"dvar2":85.9158554077,"max":151.457901001,"mean":31.8936634064,"median":30.9735889435,"min":3.40695309639,"var":170.180160522},"gfcc":{"cov":[[10067.1503906,348.134246826,-907.194091797,111.595680237,138.674118042,-420.871734619,883.910339355,-131.851913452,419.503326416,-22.193151474,108.345108032,146.137985229,-97.1626281738],[348.134246826,703.303344727,-5.82502269745,-264.579376221,65.2083892822,-8.5130853653,15.2030601501,-14.5306749344,63.7882080078,30.7785110474,63.8858337402,-24.5193691254,55.3864173889],[-907.194091797,-5.82502269745,338.701202393,72.1754760742,-52.673374176,132.109481812,-139.148345947,88.1636505127,-49.5746688843,41.4356918335,-7.79656744003,-2.74580192566,20.5615653992],[111.595680237,-264.579376221,72.1754760742,322.105438232,89.8606948853,-3.83340811729,75.6438293457,2.59223103523,2.49751996994,-33.0305900574,-31.8736858368,22.993927002,-50.3091659546],[138.674118042,65.2083892822,-52.673374176,89.8606948853,201.323989868,19.7125797272,65.7559967041,-20.4323387146,23.3397293091,-38.1092338562,1.45848727226,-1.06986558437,-9.45519256592],[-420.871734619,-8.5130853653,132.109481812,-3.83340811729,19.7125797272,252.865524292,-34.3965148926,60.6586914062,-56.0116882324,15.0792913437,-13.7038869858,9.96130752563,28.1410655975],[883.910339355,15.2030601501,-139.148345947,75.6438293457,65.7559967041,-34.3965148926,248.432128906,-17.0771350861,76.588470459,-23.4190998077,-0.797014772892,28.9487915039,-27.7681846619],[-131.851913452,-14.5306749344,88.1636505127,2.59223103523,-20.4323387146,60.6586914062,-17.0771350861,138.4584198,27.4689807892,38.9241676331,11.3160057068,-12.3972234726,17.2695407867],[419.503326416,63.7882080078,-49.5746688843,2.49751996994,23.3397293091,-56.0116882324,76.588470459,27.4689807892,122.949241638,35.5529594421,22.195558548,13.2326231003,-18.660982132],[-22.193151474,30.7785110474,41.4356918335,-33.0305900574,-38.1092338562,15.0792913437,-23.4190998077,38.9241676331,35.5529594421,85.9945068359,49.9403305054,7.78735876083,19.4490203857],[108.345108032,63.8858337402,-7.79656744003,-31.8736858368,1.45848727226,-13.7038869858,-0.797014772892,11.3160057068,22.195558548,49.9403305054,74.6484298706,29.0972156525,21.4227714539],[146.137985229,-24.5193691254,-2.74580192566,22.993927002,-1.06986558437,9.96130752563,28.9487915039,-12.3972234726,13.2326231003,7.78735876083,29.0972156525,64.5529937744,17.9436378479],[-97.1626281738,55.3864173889,20.5615653992,-50.3091659546,-9.45519256592,28.1410655975,-27.7681846619,17.2695407867,-18.660982132,19.4490203857,21.4227714539,17.9436378479,72.3171844482]],"icov":[[0.000194595457288,-0.000375568430172,0.000743529875763,-0.000617465993855,0.000494671461638,-0.000105668521428,-0.000168416008819,-0.000207680888707,-0.0000866534028319,-0.0000979437245405,0.0000343898536812,-0.000274267862551,0.0000607013971603],[-0.000375568430172,0.00606309762225,-0.00686150696129,0.0077983411029,-0.00467450125143,0.00117153429892,-0.00312919239514,0.00375235686079,-0.00334417494014,0.00363072031178,-0.00504509313032,0.00518468301743,-0.00256819836795],[0.000743529875763,-0.00686150696129,0.0159705802798,-0.012799596414,0.00802444014698,-0.00469028530642,0.00709264585748,-0.00600865017623,0.00217315438204,-0.00455647101626,0.0049233478494,-0.00503831868991,0.00141937693115],[-0.000617465993855,0.0077983411029,-0.012799596414,0.0188733506948,-0.012869133614,0.00674390606582,-0.00722923176363,0.00128625438083,0.00355619890615,-0.00300901569426,0.00335454032756,-0.00372743536718,0.00423486856744],[0.000494671461638,-0.00467450125143,0.00802444014698,-0.012869133614,0.0172166246921,-0.00833225809038,0.00367653672583,0.00241782423109,-0.00911901239306,0.0128559106961,-0.0115991719067,0.00945984199643,-0.00538356089965],[-0.000105668521428,0.00117153429892,-0.00469028530642,0.00674390606582,-0.00833225809038,0.011426333338,-0.00359763926826,-0.00523222470656,0.0108267674223,-0.0111892884597,0.011706569232,-0.0105432970449,0.0042693647556],[-0.000168416008819,-0.00312919239514,0.00709264585748,-0.00722923176363,0.00367653672583,-0.00359763926826,0.0113221621141,-0.00149699114263,-0.00436736969277,0.00242561590858,0.000750055594835,-0.00250669848174,0.000330574897816],[-0.000207680888707,0.00375235686079,-0.00600865017623,0.00128625438083,0.00241782423109,-0.00523222470656,-0.00149699114263,0.0172502957284,-0.0127658126876,0.00869238376617,-0.0121753942221,0.0155058000237,-0.00876421760768],[-0.0000866534028319,-0.00334417494014,0.00217315438204,0.00355619890615,-0.00911901239306,0.0108267674223,-0.00436736969277,-0.0127658126876,0.0315953865647,-0.0267627425492,0.0215153750032,-0.0215664878488,0.0145952543244],[-0.0000979437245405,0.00363072031178,-0.00455647101626,-0.00300901569426,0.0128559106961,-0.0111892884597,0.00242561590858,0.00869238376617,-0.0267627425492,0.0514653883874,-0.0412025414407,0.0267400126904,-0.0139958122745],[0.0000343898536812,-0.00504509313032,0.0049233478494,0.00335454032756,-0.0115991719067,0.011706569232,0.000750055594835,-0.0121753942221,0.0215153750032,-0.0412025414407,0.0556018799543,-0.0351731739938,0.0108566498384],[-0.000274267862551,0.00518468301743,-0.00503831868991,-0.00372743536718,0.00945984199643,-0.0105432970449,-0.00250669848174,0.0155058000237,-0.0215664878488,0.0267400126904,-0.0351731739938,0.0473893508315,-0.0189211964607],[0.0000607013971603,-0.00256819836795,0.00141937693115,0.00423486856744,-0.00538356089965,0.0042693647556,0.000330574897816,-0.00876421760768,0.0145952543244,-0.0139958122745,0.0108566498384,-0.0189211964607,0.0272825602442]],"mean":[15.3710985184,99.6580581665,-101.488243103,4.69800186157,-3.51088356972,-26.3957099915,-0.502841234207,-13.5648946762,5.61118602753,-5.74954509735,-2.85090994835,-2.66266345978,-5.70417690277]},"hfc":{"dmean":41.4696273804,"dmean2":63.3845558167,"dvar":5156.77392578,"dvar2":10009.0253906,"max":3309.47167969,"mean":133.514663696,"median":98.3603134155,"min":0.00000644855708742,"var":18943.0644531},"melbands":{"dmean":[0.00359619688243,0.00125196797308,0.000662575708702,0.000446255377028,0.000469725899165,0.000555210979655,0.000251237244811,0.000187205339898,0.000177185240318,0.000140212519909,0.000117288691399,0.0000757022571634,0.00004671149145,0.0000380452693207,0.0000418107410951,0.0000503429109813,0.0000351632043021,0.0000303808865283,0.0000322595624311,0.0000272055767709,0.0000217255128518,0.0000193064806808,0.0000181275991054,0.0000153456767293,0.0000114129088615,0.00000948881825025,0.00000856542737893,0.00000648624791211,0.0000034343365769,0.00000224955238082,0.00000177298932158,0.00000131783474444,7.3260832778e-7,3.91078202711e-7,1.99809548462e-7,1.06023549051e-7,6.30310879046e-8,4.13631653373e-8,2.82107901484e-8,2.27669580966e-8],"dmean2":[0.00612112414092,0.00214150268584,0.00111750455108,0.000733125663828,0.000757604197133,0.000892526411917,0.000397382391384,0.000306292378809,0.000293197837891,0.00022945603996,0.000192109422642,0.00012401654385,0.0000749532191548,0.0000619743004791,0.0000683477192069,0.0000813501828816,0.0000564882720937,0.0000493463667226,0.0000522890040884,0.0000441485790361,0.0000347671630152,0.0000303414271912,0.0000287496241071,0.0000245029823418,0.0000178659611265,0.0000147451564771,0.0000128912097352,0.00000950808953348,0.00000511303005624,0.00000338646350428,0.00000262455864686,0.00000193416349248,0.00000108197821191,5.91412060658e-7,3.01784751855e-7,1.62024335282e-7,9.67165831867e-8,6.60197443381e-8,4.67430609774e-8,3.82898761586e-8],"dvar":[0.0000316414698318,0.0000027926284929,8.73932890499e-7,6.29827411558e-7,8.4766514874e-7,0.00000103498734916,2.85742601136e-7,1.40403244586e-7,9.58472128332e-8,6.66444961439e-8,6.20432345499e-8,2.16381135232e-8,1.04702406745e-8,5.58692425656e-9,4.73644234944e-9,6.57859056119e-9,2.69867550529e-9,1.75461700724e-9,1.83448245483e-9,1.52634593853e-9,8.42719893868e-10,8.51814618841e-10,1.39734390725e-9,8.90270968057e-10,3.96346871989e-10,6.11165562603e-10,7.55213835912e-10,4.19230594684e-10,9.58188944855e-11,5.21000222131e-11,3.08551968697e-11,1.70936285959e-11,5.94151334035e-12,1.11524049544e-12,1.8572797922e-13,4.84914300554e-14,9.7603191466e-15,3.12258230137e-15,1.69781338003e-15,1.29894418873e-15],"dvar2":[0.0000870850344654,0.000007700848073,0.00000225992789638,0.00000151046560859,0.00000214033752854,0.00000257290002992,6.50009269521e-7,3.60279102551e-7,2.50046866768e-7,1.7752296344e-7,1.61078830274e-7,5.62294566464e-8,2.62610164725e-8,1.38958817786e-8,1.21131975561e-8,1.59141801959e-8,6.77630751511e-9,4.42311343107e-9,4.69144278981e-9,4.06104172512e-9,2.09184425337e-9,2.00872141143e-9,3.32124061586e-9,2.09290185182e-9,9.21348941585e-10,1.43145051368e-9,1.67980129806e-9,8.50068737623e-10,1.98990587896e-10,1.27185886822e-10,6.80349804272e-11,3.40929333376e-11,1.28677650132e-11,2.59002997001e-12,4.07558779477e-13,1.00970074586e-13,2.07962631355e-14,7.44046785176e-15,4.42476543822e-15,3.41980828015e-15],"max":[0.0614475868642,0.0226669460535,0.0128891225904,0.0182362943888,0.0239909701049,0.0144043527544,0.0100794676691,0.0091462386772,0.00669449847192,0.00553504657,0.0050073992461,0.00239320006222,0.0023841522634,0.00210891733877,0.00124601752032,0.00184887601063,0.000737871858291,0.000630844093394,0.00104524486233,0.00112537527457,0.000515749619808,0.000779664085712,0.000869205046911,0.000813376100268,0.000412510184105,0.000527937547304,0.000746503588744,0.00051030702889,0.000239323402639,0.000280938140349,0.000188849080587,0.000151553074829,0.0000845437825774,0.0000394795060856,0.0000120435943245,0.0000103220636447,0.00000350713776243,9.72598172666e-7,4.93104778343e-7,4.34800426774e-7],"mean":[0.00602386239916,0.00188557279762,0.000936646712944,0.000650016649161,0.000679862627294,0.000818576139864,0.000410988373915,0.000302181200823,0.000276215956546,0.000221073205466,0.00017585826572,0.000110261193186,0.0000671991583658,0.0000593633412791,0.0000674881448504,0.0000822391230031,0.0000603532134846,0.0000513683880854,0.0000544704562344,0.0000457957976323,0.0000362975224562,0.0000317092708428,0.0000292199383694,0.0000253966809396,0.0000190368809854,0.0000147102900883,0.0000130670141516,0.00000994423317024,0.00000524258030055,0.00000336017114932,0.00000250918492384,0.00000184910879852,0.00000103184493128,5.56551128739e-7,2.90641196443e-7,1.5386622465e-7,8.88335591753e-8,5.52505277085e-8,3.19271862281e-8,2.23435652202e-8],"median":[0.00397393619642,0.00136609084439,0.000571760931052,0.000356476783054,0.000259661726886,0.000273490935797,0.000149132421939,0.000146647391375,0.000138346716994,0.000108118532808,0.0000572173812543,0.0000499289490108,0.0000293615466944,0.0000314791795972,0.0000376277603209,0.0000439582909166,0.0000343323590641,0.0000361351412721,0.0000400045355491,0.0000328307360178,0.0000261468539975,0.0000208726323763,0.0000184195305337,0.0000158080965775,0.0000115520051622,0.00000653900178804,0.0000042727510845,0.00000291935975838,0.00000174899435024,0.00000118235982427,8.34342699818e-7,5.75647902679e-7,3.54573188588e-7,2.20589626565e-7,1.29753004785e-7,7.61021823337e-8,4.76290473728e-8,3.09037346824e-8,1.65096665228e-8,8.84954420854e-9],"min":[1.9210258384e-11,2.75961843437e-14,1.08567960123e-13,1.01612518584e-13,1.39891394367e-13,1.0607205896e-13,1.34298781406e-13,3.18778586427e-13,3.26772788516e-13,1.2326664483e-13,5.1660281955e-13,3.6353559052e-13,3.40674374561e-13,3.47464380402e-13,4.36240317958e-13,5.31768260068e-13,2.22516707209e-13,2.69034360761e-13,5.21425242393e-13,6.97633465753e-13,4.64233415164e-13,3.95252109037e-13,2.44952306052e-13,4.06822823042e-13,3.89100888011e-13,4.20845541575e-13,5.1471636198e-13,5.24991508599e-13,3.10452455844e-13,2.71126220433e-13,1.06140234948e-13,2.17674443466e-13,4.24846166277e-13,2.27761250615e-13,4.24978547362e-13,5.46196063638e-13,4.43443350616e-13,7.39667604509e-13,1.09979050606e-12,4.83123144355e-13],"var":[0.0000470279956062,0.00000358988154403,0.00000131776914714,0.00000117604213301,0.00000151950325744,0.00000207552420761,6.91466482294e-7,2.61830649606e-7,1.63048341051e-7,1.0986281751e-7,1.05198267875e-7,3.17101509495e-8,1.57181307969e-8,9.82125580862e-9,8.33877678019e-9,1.2236089475e-8,5.23987742085e-9,2.83402035173e-9,2.83353829289e-9,2.26097585099e-9,1.36488120805e-9,1.47952350371e-9,2.14160489342e-9,1.49508416758e-9,7.23503812416e-10,1.07955322459e-9,1.42626843669e-9,8.94960439091e-10,2.03200789528e-10,9.46048100969e-11,5.66126763524e-11,3.69914619769e-11,1.11997295119e-11,1.97712983138e-12,3.42878964154e-13,8.86902042693e-14,1.88338470389e-14,5.13050270196e-15,1.89357772897e-15,1.30164114164e-15]},"melbands_crest":{"dmean":4.6699962616,"dmean2":7.82907772064,"dvar":15.9951658249,"dvar2":43.4043045044,"max":37.8610267639,"mean":17.7095565796,"median":17.1231098175,"min":3.71762752533,"var":47.3575744629},"melbands_flatness_db":{"dmean":0.0322341509163,"dmean2":0.0503596402705,"dvar":0.000770071870647,"dvar2":0.00178906950168,"max":0.46242839098,"mean":0.239431276917,"median":0.23779939115,"min":0.0341163352132,"var":0.00308450171724},"melbands_kurtosis":{"dmean":6.64896535873,"dmean2":10.8197402954,"dvar":139.22215271,"dvar2":337.805328369,"max":513.909790039,"mean":11.5925941467,"median":6.66526174545,"min":-1.9129588604,"var":297.999145508},"melbands_skewness":{"dmean":0.80683106184,"dmean2":1.28668630123,"dvar":0.664951980114,"dvar2":1.62695086002,"max":20.6432056427,"mean":2.65671682358,"median":2.34921050072,"min":-1.30423545837,"var":2.34176373482},"melbands_spread":{"dmean":7.43886709213,"dmean2":11.5446662903,"dvar":89.2810974121,"dvar2":179.159805298,"max":202.736663818,"mean":21.6055374146,"median":17.4748802185,"min":1.00638902187,"var":310.682250977},"mfcc":{"cov":[[6520.92822266,759.314697266,-663.299621582,389.270080566,-373.910614014,101.24571991,-9.18220329285,204.688781738,41.3052711487,134.127182007,73.7843933105,104.557655334,12.951084137],[759.314697266,1044.66674805,-130.169540405,-173.567077637,2.53204250336,-37.7303352356,-10.3495540619,-55.8435897827,24.8191795349,21.0498161316,74.7707977295,10.7383508682,30.3451137543],[-663.299621582,-130.169540405,387.548217773,-78.2201538086,79.3643264771,-27.417388916,11.3570661545,-31.4778881073,17.4447479248,-11.9989328384,20.7422962189,1.61672699451,8.92193412781],[389.270080566,-173.567077637,-78.2201538086,347.77355957,-11.4414463043,36.3861885071,-14.1597595215,67.5149536133,-8.80350208282,28.0491428375,-10.495718956,19.6812038422,-7.23201847076],[-373.910614014,2.53204250336,79.3643264771,-11.4414463043,199.42868042,17.6873455048,32.1924743652,-1.96896958351,15.7819919586,-20.1092166901,9.86476707458,0.980281114578,13.5577230453],[101.24571991,-37.7303352356,-27.417388916,36.3861885071,17.6873455048,159.761474609,51.3175163269,58.0094871521,2.74801802635,-8.07032775879,-28.7759532928,2.45444154739,-4.34826946259],[-9.18220329285,-10.3495540619,11.3570661545,-14.1597595215,32.1924743652,51.3175163269,113.600082397,37.6900024414,23.8228321075,-7.19517230988,-8.9662027359,-8.02531814575,6.44178056717],[204.688781738,-55.8435897827,-31.4778881073,67.5149536133,-1.96896958351,58.0094871521,37.6900024414,120.005599976,37.8571434021,18.0338973999,-4.34098339081,8.30037117004,-8.54616260529],[41.3052711487,24.8191795349,17.4447479248,-8.80350208282,15.7819919586,2.74801802635,23.8228321075,37.8571434021,80.5200576782,27.9813480377,21.0124225616,3.20459008217,2.20445585251],[134.127182007,21.0498161316,-11.9989328384,28.0491428375,-20.1092166901,-8.07032775879,-7.19517230988,18.0338973999,27.9813480377,69.4105148315,33.5388031006,19.0864048004,3.79142689705],[73.7843933105,74.7707977295,20.7422962189,-10.495718956,9.86476707458,-28.7759532928,-8.9662027359,-4.34098339081,21.0124225616,33.5388031006,79.3440933228,35.0179176331,12.269118309],[104.557655334,10.7383508682,1.61672699451,19.6812038422,0.980281114578,2.45444154739,-8.02531814575,8.30037117004,3.20459008217,19.0864048004,35.0179176331,61.8496742249,25.6608467102],[12.951084137,30.3451137543,8.92193412781,-7.23201847076,13.5577230453,-4.34826946259,6.44178056717,-8.54616260529,2.20445585251,3.79142689705,12.269118309,25.6608467102,50.9870872498]],"icov":[[0.000250984216109,-0.000204209165531,0.000214369079913,-0.000267738912953,0.000403260579333,-0.000063302621129,-0.0000717272487236,-0.000234304330661,-0.0000552082638023,0.0000285668847937,-0.000124548663734,-0.000217848297325,-0.0000206695840461],[-0.000204209165531,0.00145950051956,0.00053678319091,0.000859867257532,-0.000453208282124,-0.00013360491721,0.000203524381504,0.000621363404207,-0.000289357878501,-0.000024164091883,-0.00131103827152,0.000805111601949,-0.000676580704749],[0.000214369079913,0.00053678319091,0.00360213429667,0.000571170821786,-0.000799395318609,0.000212342769373,-0.000176879766514,0.000617335899733,-0.000901186314877,0.000439264636952,-0.00123541010544,-0.000143173791002,-0.000191092098248],[-0.000267738912953,0.000859867257532,0.000571170821786,0.00435683550313,-0.00101469503716,-0.0000573257930228,0.0010496043833,-0.00188923045062,0.00150824163575,-0.00185487780254,0.000613846175838,-0.00058951205574,0.000111636261863],[0.000403260579333,-0.000453208282124,-0.000799395318609,-0.00101469503716,0.00692667765543,-0.000976833165623,-0.00121098326053,0.000298868428217,-0.00157876347657,0.00287572457455,-0.00194437045138,0.00035482441308,-0.0014150791103],[-0.000063302621129,-0.00013360491721,0.000212342769373,-0.0000573257930228,-0.000976833165623,0.00947199296206,-0.00323124811985,-0.0034779063426,0.001607870101,-0.000159904142492,0.0038613458164,-0.00299811642617,0.001465240377],[-0.0000717272487236,0.000203524381504,-0.000176879766514,0.0010496043833,-0.00121098326053,-0.00323124811985,0.0126858782023,-0.00286995852366,-0.00229930900969,0.00144781090785,-0.000664398656227,0.00345574179664,-0.00354802212678],[-0.000234304330661,0.000621363404207,0.000617335899733,-0.00188923045062,0.000298868428217,-0.0034779063426,-0.00286995852366,0.0156691800803,-0.0069531975314,-0.000786788528785,0.00148219522089,-0.00316634052433,0.00352264358662],[-0.0000552082638023,-0.000289357878501,-0.000901186314877,0.00150824163575,-0.00157876347657,0.001607870101,-0.00229930900969,-0.0069531975314,0.020141903311,-0.00689713750035,-0.00287656229921,0.0034864791669,-0.00118063483387],[0.0000285668847937,-0.000024164091883,0.000439264636952,-0.00185487780254,0.00287572457455,-0.000159904142492,0.00144781090785,-0.000786788528785,-0.00689713750035,0.0234417580068,-0.0080792568624,-0.00142688211054,-0.000208627563552],[-0.000124548663734,-0.00131103827152,-0.00123541010544,0.000613846175838,-0.00194437045138,0.0038613458164,-0.000664398656227,0.00148219522089,-0.00287656229921,-0.0080792568624,0.0255693551153,-0.0134818796068,0.00365137192421],[-0.000217848297325,0.000805111601949,-0.000143173791002,-0.00058951205574,0.00035482441308,-0.00299811642617,0.00345574179664,-0.00316634052433,0.0034864791669,-0.00142688211054,-0.0134818796068,0.0314547792077,-0.0144308218732],[-0.0000206695840461,-0.000676580704749,-0.000191092098248,0.000111636261863,-0.0014150791103,0.001465240377,-0.00354802212678,0.00352264358662,-0.00118063483387,-0.000208627563552,0.00365137192421,-0.0144308218732,0.0280606281012]],"mean":[-644.181884766,160.698303223,-32.7991333008,43.1272964478,4.33313941956,11.5891075134,-4.02516269684,6.68227052689,1.6298353672,7.48999977112,4.51405000687,3.51508998871,-0.240675136447]},"pitch_salience":{"dmean":0.0818419605494,"dmean2":0.135037496686,"dvar":0.00492803845555,"dvar2":0.0130803687498,"max":0.831777870655,"mean":0.537009716034,"median":0.545807957649,"min":0.0974716097116,"var":0.0149354133755},"silence_rate_20dB":{"dmean":0,"dmean2":0,"dvar":0,"dvar2":0,"max":1,"mean":1,"median":1,"min":1,"var":0},"silence_rate_30dB":{"dmean":0.0422717854381,"dmean2":0.0845545306802,"dvar":0.0404848791659,"dvar2":0.0997108593583,"max":1,"mean":0.96369767189,"median":1,"min":0,"var":0.0349844880402},"silence_rate_60dB":{"dmean":0.00077800831059,"dmean2":0.00155621836893,"dvar":0.000777403009124,"dvar2":0.00181316630915,"max":1,"mean":0.0322831571102,"median":0,"min":0,"var":0.0312409568578},"spectral_centroid":{"dmean":281.488739014,"dmean2":413.869781494,"dvar":96841.1875,"dvar2":160807.578125,"max":11458.6230469,"mean":1320.2911377,"median":1192.77160645,"min":293.585540771,"var":421479.34375},"spectral_complexity":{"dmean":4.95695018768,"dmean2":7.209441185,"dvar":18.8173885345,"dvar2":37.0814094543,"max":59,"mean":26.9880714417,"median":28,"min":0,"var":105.432762146},"spectral_contrast_coeffs":{"dmean":[0.054592974484,0.0511543489993,0.0396587476134,0.0273500736803,0.0213405732065,0.0429338663816],"dmean2":[0.0906962230802,0.0849650800228,0.0657299980521,0.0458492934704,0.0350968427956,0.0661787539721],"dvar":[0.00188348896336,0.00165174680296,0.000985450227745,0.000450318446383,0.000293536751997,0.00118281180039],"dvar2":[0.00507664401084,0.00453894073144,0.00269907619804,0.0012623493094,0.000774626794737,0.00276239286177],"max":[-0.395020276308,-0.454444110394,-0.568448066711,-0.635767459869,-0.627065598965,-0.489097297192],"mean":[-0.706333518028,-0.755537033081,-0.795639753342,-0.811489164829,-0.795810699463,-0.719898104668],"median":[-0.715082645416,-0.763930022717,-0.801368117332,-0.812993466854,-0.795208632946,-0.717299878597],"min":[-0.95993489027,-0.963351547718,-0.963687360287,-0.949489235878,-0.95309817791,-0.960538506508],"var":[0.00543252145872,0.00508320936933,0.0031020778697,0.00106214173138,0.00093231635401,0.00453293276951]},"spectral_contrast_valleys":{"dmean":[0.380216836929,0.338970810175,0.31360951066,0.265381395817,0.288128107786,0.551099777222],"dmean2":[0.626614868641,0.545170307159,0.491268724203,0.403190493584,0.405615627766,0.873535990715],"dvar":[0.128004223108,0.0960180610418,0.0889741554856,0.0719526559114,0.0874562636018,0.221581801772],"dvar2":[0.275076836348,0.200379759073,0.175611138344,0.124734215438,0.144418939948,0.548893928528],"max":[-5.11480808258,-4.6690864563,-5.28637266159,-5.66147327423,-5.31445550919,-9.1128911972],"mean":[-6.64595174789,-6.30358171463,-6.94711923599,-6.95242595673,-7.21976041794,-11.1143789291],"median":[-6.44398355484,-6.14837646484,-6.80813694,-6.78736209869,-7.04777336121,-11.0110549927],"min":[-27.477766037,-26.9419746399,-27.519493103,-27.5820960999,-27.4717998505,-27.2362728119],"var":[1.17110562325,1.18412065506,1.19520807266,1.09752964973,1.29263794422,0.918936371803]},"spectral_decrease":{"dmean":4.30061586343e-9,"dmean2":6.98258562082e-9,"dvar":2.78153741565e-17,"dvar2":7.20560472666e-17,"max":2.58604089254e-8,"mean":-1.01776427286e-8,"median":-8.89275320048e-9,"min":-5.95886078258e-8,"var":5.32015934778e-17},"spectral_energy":{"dmean":0.0166541393846,"dmean2":0.0268741678447,"dvar":0.000397203606553,"dvar2":0.00102048704866,"max":0.232111170888,"mean":0.0505229607224,"median":0.0462034977973,"min":1.47368517389e-9,"var":0.000903565553017},"spectral_energyband_high":{"dmean":0.000430088490248,"dmean2":0.000580201682169,"dvar":5.81367373798e-7,"dvar2":0.00000104156367797,"max":0.019802942872,"mean":0.000937731063459,"median":0.00056404795032,"min":3.69220709562e-10,"var":0.00000195243546841},"spectral_energyband_low":{"dmean":0.0130935516208,"dmean2":0.0219936482608,"dvar":0.000364743173122,"dvar2":0.000979202799499,"max":0.215393021703,"mean":0.0240245461464,"median":0.0176400654018,"min":1.01210276271e-10,"var":0.000571723096073},"spectral_energyband_middle_high":{"dmean":0.00229254714213,"dmean2":0.00334206596017,"dvar":0.0000064402706812,"dvar2":0.0000142951557791,"max":0.0412865616381,"mean":0.00630187708884,"median":0.00503717921674,"min":7.63290541883e-11,"var":0.0000240327608481},"spectral_energyband_middle_low":{"dmean":0.0059763872996,"dmean2":0.00935008190572,"dvar":0.0000494072737638,"dvar2":0.000120786040497,"max":0.110522568226,"mean":0.0143051184714,"median":0.0110529027879,"min":1.46982790522e-11,"var":0.000143851240864},"spectral_entropy":{"dmean":0.142254114151,"dmean2":0.212796628475,"dvar":0.0157564654946,"dvar2":0.03411539644,"max":9.80649757385,"mean":7.56877565384,"median":7.60994243622,"min":6.40688085556,"var":0.0642614215612},"spectral_flux":{"dmean":0.0269563049078,"dmean2":0.0430730208755,"dvar":0.000792485603597,"dvar2":0.00196006824262,"max":0.387110382318,"mean":0.121610231698,"median":0.118643626571,"min":0.000020251774913,"var":0.00218502804637},"spectral_kurtosis":{"dmean":3.43834972382,"dmean2":5.25633001328,"dvar":9.46948337555,"dvar2":22.5156650543,"max":53.3148994446,"mean":18.2721862793,"median":17.8159885406,"min":-1.16197538376,"var":30.3395595551},"spectral_rms":{"dmean":0.0011003051186,"dmean2":0.00174458010588,"dvar":0.00000123112431538,"dvar2":0.00000303887463815,"max":0.01504825335,"mean":0.00665822438896,"median":0.00671390956268,"min":0.00000119905871543,"var":0.00000495873791806},"spectral_rolloff":{"dmean":3682.31445312,"dmean2":6942.96533203,"dvar":43612956,"dvar2":108819368,"max":22050,"mean":6471.08349609,"median":2024.12109375,"min":43.06640625,"var":69868664},"spectral_skewness":{"dmean":0.274216651917,"dmean2":0.408163070679,"dvar":0.0599981844425,"dvar2":0.123035661876,"max":5.41013908386,"mean":2.6823861599,"median":2.67200469971,"min":-0.0834694579244,"var":0.26479318738},"spectral_spread":{"dmean":378566.5,"dmean2":586988.5,"dvar":214834937856,"dvar2":364070502400,"max":39292488,"mean":3477599.5,"median":3358372.25,"min":1584829.625,"var":1024052166660},"spectral_strongpeak":{"dmean":3.06505274773,"dmean2":5.68569135666,"dvar":256.694335938,"dvar2":642.52154541,"max":340.170166016,"mean":2.65707659721,"median":0.274634957314,"min":0,"var":262.496154785},"zerocrossingrate":{"dmean":0.0316436253488,"dmean2":0.0408033058047,"dvar":0.00086555746384,"dvar2":0.00139680365101,"max":0.74560546875,"mean":0.202183514833,"median":0.19140625,"min":0.01953125,"var":0.00688817212358}},"metadata":{"audio_properties":{"analysis_sample_rate":44100,"bit_rate":298115,"codec":"mp3","downmix":"mix","equal_loudness":0,"length":179.070449829,"lossless":false,"md5_encoded":"1743ec7b10e73f105c014bf59516b041","replay_gain":1.32032585144,"sample_rate":44100},"tags":{"acoustid_id":["6fb06cb0-b2cb-4734-ad1f-d16d7e97a05b"],"album":["Signed and Sealed in Blood"],"albumartist":["Dropkick Murphys"],"artist":["Dropkick Murphys"],"date":["2013"],"discnumber":["1/1"],"file_name":"05 - Dropkick Murphys - Jimmy Collins’ Wake.mp3","musicbrainz_albumartistid":["e8374874-4178-4869-b92e-fef6bf30dc04"],"musicbrainz_albumid":["cd50d838-0e43-4388-b343-3ab1db791433"],"musicbrainz_artistid":["e8374874-4178-4869-b92e-fef6bf30dc04"],"musicbrainz_recordingid":["45841ad7-f542-4b0f-b891-a59d52df5fff"],"musicbrainz_releasegroupid":["bd59cdcb-fa27-4c35-997f-52d6497d2142"],"replaygain_album_gain":["+0.38 dB"],"replaygain_album_peak":["0.252360"],"replaygain_track_gain":["+1.60 dB"],"replaygain_track_peak":["0.239166"],"title":["Jimmy Collins’ Wake"],"tracknumber":["5/12"]},"version":{"essentia":"2.1-beta1","essentia_build_sha":"e76a03f03bb3900de42a1fa0d9be1e72f12def64","essentia_git_sha":"v2.1_beta1-28-g21ef5f4-dirty","extractor":"music 1.0"}},"rhythm":{"beats_count":334,"beats_loudness":{"dmean":0.0323839746416,"dmean2":0.0559745952487,"dvar":0.000658730743453,"dvar2":0.00202189269476,"max":0.210213378072,"mean":0.0691707134247,"median":0.0660399347544,"min":3.82686202727e-8,"var":0.00115314673167},"beats_loudness_band_ratio":{"dmean":[0.194283589721,0.088929913938,0.0850796476007,0.050394449383,0.0342581048608,0.0586383230984],"dmean2":[0.342393606901,0.155687317252,0.15212161839,0.0915543287992,0.0613545812666,0.105048216879],"dvar":[0.0236391723156,0.00850272830576,0.00932731013745,0.00378693966195,0.00167492311448,0.0039934143424],"dvar2":[0.0644611045718,0.0232896972448,0.0240289513022,0.0106375794858,0.00499287480488,0.0111095393077],"max":[0.966245770454,0.708101391792,0.717910051346,0.493424773216,0.334894388914,0.5061