{"lowlevel":{"average_loudness":0.843961238861,"barkbands":{"dmean":[0.0000168539172591,0.000329120230163,0.00124268175568,0.00145094131585,0.00651060370728,0.00270373071544,0.00143072241917,0.000910267757718,0.000658040982671,0.000286604830762,0.00020082735864,0.000240194553044,0.000181493946002,0.000204250420211,0.000440157979028,0.000199553061975,0.000145049139974,0.0000603144544584,0.0000251941382885,0.0000164133816725,0.0000119803198686,0.0000158028924488,5.90518652643e-7,7.76180542061e-8,4.8323727242e-8,1.58712936127e-8,3.7845877543e-9],"dmean2":[0.0000294217134069,0.000556923856493,0.00210807914846,0.00240660854615,0.0106884613633,0.00451316125691,0.00237860786729,0.00144189747516,0.00103110820055,0.000443704106146,0.00030928736669,0.000370073044905,0.000274685531622,0.000310837524012,0.000662823265884,0.000309118448058,0.000219853318413,0.0000945280262385,0.0000392004367313,0.0000254522765317,0.0000187146251847,0.0000253225498454,8.90143383003e-7,1.16943724038e-7,7.94392818193e-8,2.594854287e-8,6.33779206893e-9],"dvar":[1.46001599699e-9,2.6765079042e-7,0.0000030185021842,0.00000528656983079,0.0000940228128457,0.0000195638167497,0.00000823566097097,0.00000351770586349,0.00000365328810403,0.00000122108394862,4.27145039339e-7,6.08546713465e-7,4.31193484474e-7,4.99784789554e-7,0.00000107616881451,2.79522510027e-7,1.16756140756e-7,1.95196570019e-8,5.40276090533e-9,3.16684811708e-9,7.24449111811e-10,3.95205601578e-9,3.53673687559e-12,7.6904865668e-14,5.0182284001e-14,2.90538505425e-15,6.16074538169e-16],"dvar2":[4.01736199862e-9,7.06938067196e-7,0.00000832563728181,0.0000136328944791,0.00022879736207,0.0000512617843924,0.0000209568024729,0.0000073917994996,0.00000759179465604,0.00000271137264463,8.44961903113e-7,0.00000125597227907,8.50522326346e-7,0.0000010226701761,0.00000215055251829,6.42758436697e-7,2.44648020953e-7,4.54538202632e-8,1.17256471199e-8,7.9125062058e-9,1.81655901432e-9,9.95333149234e-9,8.18202276764e-12,1.67805873363e-13,1.37446084787e-13,7.91058130188e-15,1.73669759214e-15],"max":[0.00114713388029,0.00860814005136,0.0312462355942,0.0604374520481,0.191281706095,0.0854086130857,0.0875450745225,0.0848511382937,0.0805944353342,0.0426688790321,0.0321645215154,0.0311448033899,0.027413289994,0.0214228741825,0.03391976282,0.0194096770138,0.0144219305366,0.00559790758416,0.00453876936808,0.00235746661201,0.00120947451796,0.0022942405194,0.0000517978151038,0.0000164792945725,0.00000878990704223,0.00000234563140111,0.00000218917011807],"mean":[0.0000184725886356,0.000409714411944,0.00191988097504,0.00210171286017,0.0100273508579,0.00409913482144,0.00184244045522,0.0014104276197,0.000960588105954,0.000427366700023,0.000326914654579,0.000415088783484,0.000281849264866,0.000300820509437,0.000746162084397,0.00033214490395,0.00025458986056,0.000115466675197,0.0000449639592262,0.0000317865487887,0.0000256288294622,0.00001873052679,9.3024027592e-7,1.41474558291e-7,7.94706025431e-8,3.4662736681e-8,6.73531497242e-9],"median":[0.00000706921809979,0.000208385798032,0.0010151329916,0.00100545282476,0.00550894718617,0.00218700780533,0.000759006128646,0.000582799781114,0.000309439201374,0.000154680456035,0.000122733807075,0.000178859801963,0.0000924264677451,0.0000847243063617,0.000239503293415,0.000128637708258,0.000103448517621,0.0000617722398601,0.0000208805540751,0.0000164755219885,0.0000164623343153,0.00000612973417446,3.46721037658e-7,5.00045622687e-8,4.14904199886e-8,2.3532262361e-8,4.14081657851e-9],"min":[9.78965658538e-11,1.65239072425e-10,4.27426496974e-12,3.06846171735e-12,7.13264820471e-12,4.83537342111e-12,1.00976171868e-11,4.15448404845e-12,8.36975280749e-12,1.20799308057e-11,8.23328558108e-12,5.41464702936e-12,9.13596108487e-12,1.58506680004e-11,1.11299762809e-11,1.40048537003e-11,1.29127385867e-11,1.37813163659e-11,1.0932993226e-11,1.00085321975e-11,1.78856651711e-11,1.66810038005e-11,1.93310020769e-11,2.18423473752e-11,1.66861108264e-11,1.33766105831e-11,8.52761437853e-12],"var":[1.85548476583e-9,3.400738251e-7,0.00000636185131953,0.0000116731716844,0.000189210375538,0.000034520355257,0.0000107980185931,0.00000882492622623,0.00000874752458913,0.00000205554465538,0.00000117711374514,0.00000123841971345,9.62872491073e-7,9.47676142005e-7,0.00000287604848381,5.40945677585e-7,2.86614863398e-7,3.93680998911e-8,1.07960920204e-8,5.01089436611e-9,1.47438616871e-9,3.69133079658e-9,4.78786411559e-12,1.73581608072e-13,4.92246929253e-14,3.41485737257e-15,4.12044894664e-16]},"barkbands_crest":{"dmean":3.36787366867,"dmean2":5.63289165497,"dvar":7.89257335663,"dvar2":20.5995960236,"max":26.5306911469,"mean":11.9880094528,"median":11.0905942917,"min":3.33777403831,"var":20.5128250122},"barkbands_flatness_db":{"dmean":0.0242563597858,"dmean2":0.0376414917409,"dvar":0.000472456740681,"dvar2":0.00105487159453,"max":0.551960408688,"mean":0.233146876097,"median":0.226447656751,"min":0.0262696053833,"var":0.00286210537888},"barkbands_kurtosis":{"dmean":5.29208517075,"dmean2":8.39579200745,"dvar":94.5710296631,"dvar2":222.437698364,"max":288.244506836,"mean":8.75659179688,"median":4.76780891418,"min":-1.93335962296,"var":210.796157837},"barkbands_skewness":{"dmean":0.714596867561,"dmean2":1.11076724529,"dvar":0.510585069656,"dvar2":1.15840756893,"max":15.4784078598,"mean":2.09095096588,"median":1.97946381569,"min":-2.40883517265,"var":1.98908615112},"barkbands_spread":{"dmean":3.48599147797,"dmean2":5.40338563919,"dvar":24.0895633698,"dvar2":56.0512771606,"max":122.467697144,"mean":10.5803251266,"median":8.37831497192,"min":0.179985880852,"var":77.5417175293},"dissonance":{"dmean":0.02634392865,"dmean2":0.0442836098373,"dvar":0.000623759638984,"dvar2":0.00164104974829,"max":0.500000059605,"mean":0.448376744986,"median":0.457895606756,"min":0.141663566232,"var":0.00159129593521},"dynamic_complexity":4.14929866791,"erbbands":{"dmean":[0.00452741235495,0.101545155048,1.02290737629,3.37417149544,14.1592063904,25.0729598999,19.5490570068,22.066532135,24.9042949677,16.0099430084,18.7680606842,14.8651475906,9.90982532501,9.80360794067,7.94200992584,8.63897800446,7.94732046127,8.00867557526,17.7922954559,16.8202781677,8.17429828644,8.38597679138,3.27302718163,2.05999493599,0.879774451256,0.779764354229,0.617662549019,0.481366485357,0.740439534187,0.0689722672105,0.0196949765086,0.00286644906737,0.00106359575875,0.000531342986505,0.000376537384,0.000107043088065,0.0000266950901278,0.00000518784963788,0.00000484523570776,0.0000107082851173],"dmean2":[0.00752033665776,0.171898901463,1.7322319746,5.63047027588,23.6546192169,41.172454834,32.1303062439,37.3924064636,42.4094429016,25.3542690277,29.8422775269,23.2726211548,15.3469524384,14.9336233139,11.909324646,13.2726325989,11.8357629776,11.8524503708,26.7139320374,25.4564399719,12.4795742035,12.7256546021,5.08261728287,3.17324495316,1.35864460468,1.20761370659,0.956143796444,0.753927052021,1.19049596786,0.107626698911,0.0302722137421,0.00426152488217,0.00160372524988,0.000845202594064,0.000632368493825,0.000176509667654,0.0000431411644968,0.00000833040212456,0.00000749310356696,0.0000166642348631],"dvar":[0.0000831654615467,0.0236345045269,2.05046629906,22.7663536072,571.293151855,1405.58007812,1047.70556641,1622.3326416,2800.28881836,869.092163086,1639.46936035,1880.27160645,1360.96594238,1069.44177246,676.532653809,922.700622559,735.957214355,768.976806641,2308.90869141,1454.77880859,502.379364014,431.668182373,59.9084205627,24.8547878265,5.76036787033,7.68143892288,2.423579216,1.20963585377,9.59527778625,0.065809391439,0.00493893446401,0.000083073922724,0.0000128722285808,0.00000400488488594,0.0000044535345296,1.85896041671e-7,5.86505599642e-9,3.29189203674e-10,7.29650437292e-11,1.81178141934e-10],"dvar2":[0.000211069476791,0.0631932765245,5.55801439285,60.2757110596,1440.86950684,3404.70263672,2583.48608398,4366.40576172,7482.52685547,1914.54675293,3760.49389648,3931.66674805,3002.01318359,2077.51147461,1341.50634766,1860.77770996,1416.96923828,1469.35107422,4520.98046875,3213.10791016,1243.00671387,896.453308105,143.15927124,55.000087738,13.0446796417,19.5454902649,5.81622457504,2.96542835236,24.5706272125,0.170484691858,0.0117708202451,0.00019027844246,0.0000275700931525,0.0000105829085442,0.000012285468074,5.13003328706e-7,1.55588768536e-8,8.86122564214e-10,1.88040999438e-10,4.14158651818e-10],"max":[0.268107026815,2.23854708672,22.5655078888,97.3993301392,473.268463135,849.426208496,792.908813477,763.27722168,968.210693359,994.547424316,1334.70812988,1981.8001709,1442.5736084,1993.88354492,1542.31604004,1445.29663086,1300.30493164,1064.41699219,1681.77758789,1521.60229492,1224.62719727,1018.94451904,315.931884766,296.387786865,126.576789856,152.807983398,83.8952102661,33.7532615662,121.246398926,9.62777042389,2.03370666504,0.456149369478,0.17244400084,0.0901755541563,0.102201856673,0.0206121765077,0.00388917583041,0.0011783860391,0.000570404110476,0.00021866869065],"mean":[0.00617998559028,0.140245214105,1.6375054121,5.69994878769,20.3445854187,36.9922370911,31.8402080536,30.9492702484,30.6263237,25.1924953461,29.413351059,22.0893211365,14.5984048843,15.9836063385,14.4853610992,15.6881580353,13.6000146866,13.6696510315,30.9689903259,30.8795375824,15.6592769623,15.2090597153,6.62820863724,3.97846031189,1.7866050005,1.52140247822,1.28683459759,0.908703327179,0.868777811527,0.0983531996608,0.028615033254,0.005007551983,0.00196953583509,0.000960677920375,0.000574118515942,0.000215995663893,0.0000644225074211,0.0000119632150017,0.0000138313598654,0.000029544269637],"median":[0.00347575801425,0.0810908153653,0.939071238041,3.47275876999,9.59176445007,19.4871673584,16.1769866943,16.4936561584,12.7084178925,12.1904678345,12.7138080597,7.66662311554,4.95730733871,6.44420623779,5.76555013657,7.14327716827,5.48460006714,4.66787099838,10.5049724579,13.5711612701,7.30790996552,6.48883914948,3.66664934158,2.17727422714,0.94933950901,0.79382121563,0.758125126362,0.54215669632,0.282411456108,0.0420728325844,0.0094653358683,0.00180442305282,0.000784056494012,0.000487847137265,0.00030864222208,0.000144331686897,0.0000454945329693,0.00000802124395705,0.0000118545540317,0.0000254575406871],"min":[5.41995381909e-9,3.43728672192e-8,2.40658479811e-8,4.30124771356e-8,1.59770845443e-8,2.22915659265e-8,3.77995661438e-8,4.00261157552e-8,1.44176610206e-7,1.45629428516e-7,1.91862540078e-7,2.33597901911e-7,3.71606148519e-7,5.01376916873e-7,3.71844095071e-7,2.09383117067e-7,4.35459639903e-7,8.22423317004e-7,8.47767353207e-7,4.46353652706e-7,8.37978234358e-7,7.67328685924e-7,7.05182060301e-7,7.47533135836e-7,4.11715518567e-7,4.31485005947e-7,7.45071474739e-7,7.71945622091e-7,6.33636943803e-7,5.81729239002e-7,5.08519178766e-7,2.55284106743e-7,4.42682136281e-7,2.10358763297e-7,1.17546093747e-7,4.63684592944e-8,2.60247254857e-8,8.90130635867e-9,1.19967569212e-9,1.2768412716e-10],"var":[0.000112623587484,0.0324759408832,4.28598737717,54.3937454224,1151.37158203,2770.95654297,2474.72119141,2063.53564453,3044.17333984,1975.69689941,3178.05053711,4939.37304688,2316.51586914,2735.73413086,2083.11791992,1882.07043457,1822.27062988,1742.92407227,5458.90039062,3256.88012695,1005.86743164,1045.50805664,120.177726746,49.6678771973,14.0138101578,11.7856454849,5.28962898254,1.84739613533,8.57051849365,0.0623032003641,0.0058552864939,0.000158422466484,0.0000312392985506,0.00000589732144363,0.00000350890104528,1.78961485631e-7,8.21627565983e-9,3.53083645654e-10,1.24556906456e-10,5.06945319056e-10]},"erbbands_crest":{"dmean":3.15560269356,"dmean2":5.11797523499,"dvar":8.18779659271,"dvar2":19.714673996,"max":33.3209190369,"mean":10.5547447205,"median":9.28764915466,"min":2.16253304482,"var":24.4901008606},"erbbands_flatness_db":{"dmean":0.0175237152725,"dmean2":0.0265364553779,"dvar":0.000290524185402,"dvar2":0.00058876350522,"max":0.447541207075,"mean":0.255118995905,"median":0.253338515759,"min":0.0419004783034,"var":0.00191947224084},"erbbands_kurtosis":{"dmean":1.51578509808,"dmean2":2.40655779839,"dvar":6.41709804535,"dvar2":14.8696584702,"max":83.8444671631,"mean":1.08276569843,"median":-0.0944374799728,"min":-1.88507962227,"var":16.7544727325},"erbbands_skewness":{"dmean":0.502225220203,"dmean2":0.758588850498,"dvar":0.207410827279,"dvar2":0.463178038597,"max":7.27637386322,"mean":0.655921161175,"median":0.647121667862,"min":-5.39515733719,"var":1.07936501503},"erbbands_spread":{"dmean":6.39275407791,"dmean2":9.98161125183,"dvar":42.8026199341,"dvar2":99.0854568481,"max":120.378410339,"mean":27.6157684326,"median":27.6098518372,"min":1.21620190144,"var":129.596817017},"gfcc":{"cov":[[11646.8896484,2127.56445312,-2004.75756836,404.05645752,-57.4983329773,-850.598144531,282.713348389,-865.924682617,180.553253174,-366.995147705,-57.1165733337,-132.223449707,196.527359009],[2127.56445312,930.659484863,-155.98008728,-79.5339126587,67.0775909424,-272.92855835,46.3924674988,-213.598602295,-10.5530357361,-141.738265991,-12.547085762,-74.3615493774,51.7179794312],[-2004.75756836,-155.98008728,946.497680664,60.3067436218,-11.910446167,167.71635437,-62.7626914978,77.638885498,-45.9836502075,14.0978565216,-42.6878547668,27.1058387756,-57.6772727966],[404.05645752,-79.5339126587,60.3067436218,389.898773193,18.0313587189,19.404127121,39.5302734375,-58.6714477539,41.5399475098,-3.82375621796,-35.7809181213,23.4306678772,-11.2704372406],[-57.4983329773,67.0775909424,-11.910446167,18.0313587189,194.673721313,6.85246658325,-39.2284584045,12.2547588348,-16.4228935242,-2.4951775074,5.17836761475,-35.6435852051,23.1599235535],[-850.598144531,-272.92855835,167.71635437,19.404127121,6.85246658325,225.48626709,34.2618370056,78.3090133667,-10.2965373993,48.3394088745,-0.880952596664,30.4561805725,-27.5126457214],[282.713348389,46.3924674988,-62.7626914978,39.5302734375,-39.2284584045,34.2618370056,147.516937256,-0.869019806385,-9.32172393799,-19.6948928833,0.336818486452,9.56628608704,-1.21456539631],[-865.924682617,-213.598602295,77.638885498,-58.6714477539,12.2547588348,78.3090133667,-0.869019806385,187.780349731,17.8449306488,52.9340286255,19.2071228027,5.91673517227,-20.016834259],[180.553253174,-10.5530357361,-45.9836502075,41.5399475098,-16.4228935242,-10.2965373993,-9.32172393799,17.8449306488,98.4932327271,35.6175270081,-9.85639953613,-2.19336605072,-6.92305707932],[-366.995147705,-141.738265991,14.0978565216,-3.82375621796,-2.4951775074,48.3394088745,-19.6948928833,52.9340286255,35.6175270081,102.66178894,27.3279075623,3.09626817703,-16.8056602478],[-57.1165733337,-12.547085762,-42.6878547668,-35.7809181213,5.17836761475,-0.880952596664,0.336818486452,19.2071228027,-9.85639953613,27.3279075623,76.1104354858,22.6091556549,1.22384405136],[-132.223449707,-74.3615493774,27.1058387756,23.4306678772,-35.6435852051,30.4561805725,9.56628608704,5.91673517227,-2.19336605072,3.09626817703,22.6091556549,84.8378677368,11.6760663986],[196.527359009,51.7179794312,-57.6772727966,-11.2704372406,23.1599235535,-27.5126457214,-1.21456539631,-20.016834259,-6.92305707932,-16.8056602478,1.22384405136,11.6760663986,69.7439041138]],"icov":[[0.000479689537315,-0.00102773564868,0.000921081227716,-0.000803293311037,0.000698769232258,-0.000381275720429,0.0002866142313,0.000466797151603,-0.000288548239041,0.000211456164834,0.00000333216962645,0.000151999585796,-0.000204347103136],[-0.00102773564868,0.00589369004592,-0.00292939995416,0.00361733091995,-0.00410926016048,0.00451493402943,-0.00414753518999,0.00253403140232,-0.0021524480544,0.00180793541949,-0.00112871627789,0.000535742205102,0.000640333280899],[0.000921081227716,-0.00292939995416,0.00354607822374,-0.00243866932578,0.00239350786433,-0.00267446157522,0.00267993984744,-0.000570226984564,0.00125405553263,0.000106988409243,0.00117184198461,-0.000215301610297,0.000314202683512],[-0.000803293311037,0.00361733091995,-0.00243866932578,0.0059890570119,-0.00413367524743,0.00276134465821,-0.00398506177589,0.00275955349207,-0.00292715360411,0.000133337351144,0.00123911281116,-0.00208385265432,0.0017854917096],[0.000698769232258,-0.00410926016048,0.00239350786433,-0.00413367524743,0.0105418376625,-0.00500613637269,0.00591415027156,-0.00309037324041,0.00301308045164,0.000284327106783,-0.00183992472012,0.00478466087952,-0.00427097920328],[-0.000381275720429,0.00451493402943,-0.00267446157522,0.00276134465821,-0.00500613637269,0.0121471453458,-0.00684615038335,0.00147040071897,-0.000505418924149,-0.00244149006903,0.00211133249104,-0.00318054528907,0.00257478700951],[0.0002866142313,-0.00414753518999,0.00267993984744,-0.00398506177589,0.00591415027156,-0.00684615038335,0.013222030364,-0.00407589226961,0.00353009812534,0.00153272948228,-0.000781816779636,0.00120476598386,-0.00123213767074],[0.000466797151603,0.00253403140232,-0.000570226984564,0.00275955349207,-0.00309037324041,0.00147040071897,-0.00407589226961,0.0117668583989,-0.00503504322842,0.000145766403875,-0.00181019899901,0.000363355618902,0.00119860994164],[-0.000288548239041,-0.0021524480544,0.00125405553263,-0.00292715360411,0.00301308045164,-0.000505418924149,0.00353009812534,-0.00503504322842,0.0174105465412,-0.00807105284184,0.00531636038795,-0.00123983237427,0.00028743268922],[0.000211456164834,0.00180793541949,0.000106988409243,0.000133337351144,0.000284327106783,-0.00244149006903,0.00153272948228,0.000145766403875,-0.00807105284184,0.0194549523294,-0.0087363133207,0.00398906460032,0.000556732411496],[0.00000333216962645,-0.00112871627789,0.00117184198461,0.00123911281116,-0.00183992472012,0.00211133249104,-0.000781816779636,-0.00181019899901,0.00531636038795,-0.0087363133207,0.0211223158985,-0.00851845182478,0.00238570594229],[0.000151999585796,0.000535742205102,-0.000215301610297,-0.00208385265432,0.00478466087952,-0.00318054528907,0.00120476598386,0.000363355618902,-0.00123983237427,0.00398906460032,-0.00851845182478,0.0190836749971,-0.00626586936414],[-0.000204347103136,0.000640333280899,0.000314202683512,0.0017854917096,-0.00427097920328,0.00257478700951,-0.00123213767074,0.00119860994164,0.00028743268922,0.000556732411496,0.00238570594229,-0.00626586936414,0.0189138595015]],"mean":[-104.270561218,179.756637573,-147.311813354,21.1137466431,-41.5180664062,-30.1958999634,-30.0824356079,-24.7973995209,-14.8235788345,-7.68140554428,-22.4601325989,-7.23074817657,-3.07136750221]},"hfc":{"dmean":3.55148744583,"dmean2":5.27489900589,"dvar":19.5641117096,"dvar2":40.6909828186,"max":67.4811935425,"mean":12.1173305511,"median":10.6763191223,"min":0.00000160604110988,"var":88.5569610596},"melbands":{"dmean":[0.0000626906621619,0.000396471470594,0.000693915178999,0.00162888190243,0.000696426141076,0.000505640928168,0.000355969794327,0.000179083304829,0.000149122337461,0.0000931180402404,0.0000490024503961,0.000040318176616,0.0000256583043665,0.0000268560252152,0.0000210736052395,0.0000176486282726,0.0000159701376106,0.0000265141588898,0.00003807217945,0.000016439042156,0.00000922365416045,0.0000109429920485,0.00000385786279367,0.00000283539316115,0.00000175005152414,8.82536539848e-7,5.48826506019e-7,5.70419558699e-7,4.65273643613e-7,2.81721128204e-7,3.19425282669e-7,5.53986581053e-7,1.16265049144e-7,1.25481598445e-8,1.41941436382e-8,2.84714007925e-9,1.24430843407e-9,7.98674848479e-10,5.43113165552e-10,4.20524698397e-10],"dmean2":[0.000104836275568,0.000671562564094,0.00114646239672,0.0026731158141,0.00114635913633,0.00085164909251,0.000603213382419,0.000281652144622,0.000236841195147,0.000146227495861,0.0000759748509154,0.0000616280449321,0.0000386974243156,0.0000415049362346,0.0000321477564285,0.0000265057333309,0.0000239072232944,0.0000401706747652,0.0000571511882299,0.0000254473670793,0.0000144053310578,0.000016727950424,0.00000597843018113,0.00000448051378044,0.00000273574028142,0.00000139740370741,8.70908081652e-7,8.90461762992e-7,7.28724103283e-7,4.4429836521e-7,5.11450707563e-7,8.90924241048e-7,1.9364992454e-7,1.89824049812e-8,2.22963514318e-8,4.32656177551e-9,1.91467619537e-9,1.2294257834e-9,8.4789680832e-10,6.82336853686e-10],"dvar":[1.04339568097e-8,3.02896665971e-7,9.85609290183e-7,0.0000065334561441,0.00000113792600587,8.10813673979e-7,5.47261379324e-7,1.16006475537e-7,1.17677664946e-7,8.08543703101e-8,3.50685773753e-8,1.99313845428e-8,7.10131775605e-9,8.27585555641e-9,5.45393907814e-9,4.50015935627e-9,3.18807957811e-9,6.89640433649e-9,8.24802981469e-9,2.13198680932e-9,8.26531010301e-10,7.72322983345e-10,1.04153546898e-10,4.59552014498e-11,2.10625492741e-11,6.82996064219e-12,5.18972018138e-12,3.72496564843e-12,1.69193196779e-12,3.27173590954e-13,6.25936422919e-13,5.23259387208e-12,2.87433705309e-13,9.7466228356e-16,3.02597035868e-15,6.41873030925e-17,2.50305713626e-17,7.94992202505e-18,3.81355408678e-18,2.66768766758e-18],"dvar2":[2.66566662077e-8,8.25611095934e-7,0.0000026097072805,0.0000158315760928,0.00000285026999336,0.00000217915339817,0.00000144866908158,2.42584150101e-7,2.71285927056e-7,1.66970536952e-7,7.72911192826e-8,3.93313577263e-8,1.44234730826e-8,1.72191008119e-8,1.05730642019e-8,8.55233484032e-9,6.10646777588e-9,1.33537882974e-8,1.63745088599e-8,4.72239891636e-9,2.1232871017e-9,1.60053825748e-9,2.39168240768e-10,1.07163014573e-10,4.72789550565e-11,1.58161157782e-11,1.35599803955e-11,9.38162568465e-12,4.13535004851e-12,8.04938418437e-13,1.56745851108e-12,1.32063518107e-11,7.95277255508e-13,2.16446267715e-15,7.35050956463e-15,1.48026485245e-16,5.92321007941e-17,1.7108254009e-17,9.28523141608e-18,7.25966875519e-18],"max":[0.00232866057195,0.00826367828995,0.0247750002891,0.0548010841012,0.0228593237698,0.0170712675899,0.0172814521939,0.0151151735336,0.0128499073908,0.0144133111462,0.0072845350951,0.00830969400704,0.00433907331899,0.00417360896245,0.00345302536152,0.00364472949877,0.00193319597747,0.00326408655383,0.00292974500917,0.00182446453255,0.00193251110613,0.00120141031221,0.000328025576891,0.000358459743438,0.000293562596198,0.000132565997774,0.000112324065412,0.000103200458398,0.0000705145212123,0.0000269237643806,0.0000245254250331,0.0000796003441792,0.0000245181126957,8.43273994633e-7,0.00000177605306817,2.06003875292e-7,3.1332140793e-7,1.4711123697e-7,9.73601430587e-8,7.34668788027e-8],"mean":[0.0000824292801553,0.000631555332802,0.00121871661395,0.00236584478989,0.00115894293413,0.000725825899281,0.00044697735575,0.000285852205707,0.000231159327086,0.00013435605797,0.000068685185397,0.0000631323055131,0.0000447035090474,0.0000471276689495,0.0000346671913576,0.0000277126800938,0.0000244736347668,0.0000429528590757,0.0000637257035123,0.0000267768591584,0.0000157133708854,0.0000183978863788,0.00000681979054207,0.00000522731488672,0.00000299977637042,0.00000152790062202,9.82964024843e-7,0.00000101466571323,8.80485515609e-7,5.60208434308e-7,5.28081045559e-7,6.3182909571e-7,1.31130477143e-7,2.2146180001e-8,1.92056788251e-8,4.57877114002e-9,2.09910511195e-9,1.39683276057e-9,9.62436685903e-10,7.14325432138e-10],"median":[0.0000445386685897,0.000374901981559,0.00076249265112,0.00116858910769,0.00065162969986,0.000391681795008,0.000186184755876,0.000133344248752,0.0000954358401941,0.0000420726573793,0.0000204837742785,0.0000238883912971,0.0000174412234628,0.0000203757444979,0.0000137030046972,0.00000877899037732,0.00000680934681441,0.0000133765524879,0.0000206985750992,0.0000105551389424,0.00000632996034255,0.00000692322782925,0.00000297017572848,0.00000290463344754,0.00000146907859744,7.2923830885e-7,4.80480196074e-7,4.88391037834e-7,4.71889336495e-7,3.4511577951e-7,2.93147422781e-7,1.86256613688e-7,4.6913292806e-8,1.06839408431e-8,5.70215918927e-9,1.55722279516e-9,6.95320245825e-10,5.1800352896e-10,4.30889796066e-10,3.70332098321e-10],"min":[1.08044143077e-10,2.77677915383e-11,1.02589664194e-11,1.27072126693e-12,1.59278026966e-12,9.36579806765e-13,2.54152037957e-12,1.27794216181e-12,1.28162194399e-12,1.18488259569e-12,1.94238050123e-12,1.78832968399e-12,1.4426436391e-12,6.63019877715e-13,4.53191358139e-13,1.20360882719e-12,1.21607520061e-12,1.47894598044e-12,7.60242725977e-13,7.68153390288e-13,8.53143131228e-13,7.8245748639e-13,6.5595028324e-13,6.40567948077e-13,6.20727969892e-13,3.52133280217e-13,2.21612496149e-13,3.00475925608e-13,5.94204264785e-13,2.29050502523e-13,5.54238566933e-13,4.05426533274e-13,2.22783719099e-13,3.68045627612e-13,3.10808128366e-13,1.78885918123e-13,1.59040600242e-13,2.82576371156e-13,3.33238563697e-13,1.35348668579e-13],"var":[1.42721399143e-8,6.13207362221e-7,0.00000253365465142,0.000012887901903,0.00000250262360169,0.00000107965593088,6.26631162959e-7,3.01942321812e-7,2.19805343704e-7,2.21203492856e-7,5.84492738653e-8,4.70063987734e-8,1.97630658505e-8,1.78151342567e-8,1.19785035224e-8,1.04288577774e-8,6.92661128454e-9,1.44553169434e-8,2.18924274265e-8,3.99310629007e-9,1.46075063157e-9,1.85288162591e-9,2.19335938301e-10,8.0070720887e-11,3.72107622493e-11,1.29717079092e-11,6.71442502292e-12,5.5858286746e-12,3.12094751084e-12,6.89763296393e-13,8.06548350243e-13,4.80929792518e-12,2.08179149917e-13,1.70826767242e-15,3.33417833138e-15,1.14775227519e-16,4.39557259327e-17,1.82376169342e-17,7.49592725457e-18,3.37859481014e-18]},"melbands_crest":{"dmean":4.04829025269,"dmean2":6.77740430832,"dvar":11.6939754486,"dvar2":30.5986175537,"max":39.5342788696,"mean":15.162984848,"median":13.9720840454,"min":3.96919465065,"var":32.820892334},"melbands_flatness_db":{"dmean":0.0275228153914,"dmean2":0.0419636033475,"dvar":0.000593029835727,"dvar2":0.00128129031509,"max":0.691261410713,"mean":0.3092263937,"median":0.30257332325,"min":0.0302882883698,"var":0.00425647757947},"melbands_kurtosis":{"dmean":8.26044845581,"dmean2":13.1795816422,"dvar":210.570739746,"dvar2":508.363922119,"max":448.272460938,"mean":15.482872963,"median":9.94972705841,"min":-1.8913642168,"var":445.214508057},"melbands_skewness":{"dmean":0.81038659811,"dmean2":1.2788643837,"dvar":0.673921465874,"dvar2":1.59354221821,"max":20.0563488007,"mean":2.74584364891,"median":2.58147549629,"min":-2.11268043518,"var":2.39535737038},"melbands_spread":{"dmean":4.64607381821,"dmean2":7.17777395248,"dvar":40.8358001709,"dvar2":91.6329879761,"max":182.055221558,"mean":12.7594871521,"median":9.45363426208,"min":0.249775037169,"var":121.933021545},"mfcc":{"cov":[[8820.74609375,2002.01416016,-2007.74353027,1098.8996582,-677.776062012,270.867492676,-284.189147949,-167.910980225,56.8450622559,-275.850769043,-92.3952178955,-149.947616577,-21.3318862915],[2002.01416016,1128.07678223,-293.444458008,174.475585938,-67.1333312988,-26.2457904816,-38.4722213745,-90.979309082,1.87385332584,-128.376525879,-69.7352142334,-67.5796051025,-30.3666744232],[-2007.74353027,-293.444458008,937.461791992,-110.448928833,131.448883057,34.8768463135,24.8131065369,81.0615081787,-15.6776771545,26.158159256,12.7611932755,4.46892786026,13.9352855682],[1098.8996582,174.475585938,-110.448928833,420.419586182,-42.6250801086,101.678199768,-49.656162262,-20.5693149567,37.7033576965,-57.0389976501,-8.6982421875,-30.2503566742,10.5270872116],[-677.776062012,-67.1333312988,131.448883057,-42.6250801086,243.874954224,-22.1545963287,11.3039541245,-18.7589511871,-8.27013015747,43.2353630066,-25.9264621735,4.8484172821,-3.3863761425],[270.867492676,-26.2457904816,34.8768463135,101.678199768,-22.1545963287,176.721450806,6.00084686279,15.5921030045,13.854763031,-19.2125930786,5.17987203598,-18.2918930054,11.51039505],[-284.189147949,-38.4722213745,24.8131065369,-49.656162262,11.3039541245,6.00084686279,150.040740967,31.4347953796,-1.73936152458,4.77058458328,-9.5971364975,16.9534873962,-9.82755851746],[-167.910980225,-90.979309082,81.0615081787,-20.5693149567,-18.7589511871,15.5921030045,31.4347953796,104.777572632,20.8267250061,-7.02596759796,9.3661031723,10.3017730713,10.3119745255],[56.8450622559,1.87385332584,-15.6776771545,37.7033576965,-8.27013015747,13.854763031,-1.73936152458,20.8267250061,82.3172302246,21.3201217651,-2.66456699371,3.94796037674,-0.542682230473],[-275.850769043,-128.376525879,26.158159256,-57.0389976501,43.2353630066,-19.2125930786,4.77058458328,-7.02596759796,21.3201217651,118.6769104,32.2306785583,7.15977907181,-3.47154164314],[-92.3952178955,-69.7352142334,12.7611932755,-8.6982421875,-25.9264621735,5.17987203598,-9.5971364975,9.3661031723,-2.66456699371,32.2306785583,88.5638504028,31.1506023407,5.3282494545],[-149.947616577,-67.5796051025,4.46892786026,-30.2503566742,4.8484172821,-18.2918930054,16.9534873962,10.3017730713,3.94796037674,7.15977907181,31.1506023407,85.8206710815,29.0662441254],[-21.3318862915,-30.3666744232,13.9352855682,10.5270872116,-3.3863761425,11.51039505,-9.82755851746,10.3119745255,-0.542682230473,-3.47154164314,5.3282494545,29.0662441254,65.8999176025]],"icov":[[0.00222326302901,-0.00290045677684,0.00338870100677,-0.00341823720373,0.00352360098623,-0.003081492614,0.0030888877809,-0.00330577930436,0.00375553802587,-0.00386636471376,0.00339917605743,-0.00245771021582,0.00154625496361],[-0.00290045677684,0.00506779737771,-0.00421135872602,0.00420012511313,-0.00456142099574,0.00452938117087,-0.00420654425398,0.00533587904647,-0.00552469026297,0.00646821269765,-0.00445994921029,0.00404737191275,-0.00200114771724],[0.00338870100677,-0.00421135872602,0.00654535926878,-0.00493017723784,0.00453828368336,-0.00504921237007,0.00482617877424,-0.0060293613933,0.00598631193861,-0.0056414832361,0.0048529393971,-0.00333741819486,0.0021698793862],[-0.00341823720373,0.00420012511313,-0.00493017723784,0.00882235914469,-0.00563038140535,0.00298241246492,-0.00406072242185,0.00592870591208,-0.00779150752351,0.00764225004241,-0.00606230646372,0.00473020086065,-0.00313913193531],[0.00352360098623,-0.00456142099574,0.00453828368336,-0.00563038140535,0.0111023085192,-0.00466240476817,0.00485073821619,-0.00422566849738,0.00703844567761,-0.00886147562414,0.00854162033647,-0.00544639164582,0.00305066606961],[-0.003081492614,0.00452938117087,-0.00504921237007,0.00298241246492,-0.00466240476817,0.0118825091049,-0.00564144924283,0.00466089183465,-0.00636806897819,0.00679502077401,-0.00642811972648,0.00631812773645,-0.00416619097814],[0.0030888877809,-0.00420654425398,0.00482617877424,-0.00406072242185,0.00485073821619,-0.00564144924283,0.0126243093982,-0.00759288901463,0.00670520076528,-0.00669598393142,0.00747862225398,-0.00685409968719,0.00511594535783],[-0.00330577930436,0.00533587904647,-0.0060293613933,0.00592870591208,-0.00422566849738,0.00466089183465,-0.00759288901463,0.0189474727958,-0.0108607560396,0.00951852463186,-0.00751093681902,0.0053247762844,-0.00474115367979],[0.00375553802587,-0.00552469026297,0.00598631193861,-0.00779150752351,0.00703844567761,-0.00636806897819,0.00670520076528,-0.0108607560396,0.0232103019953,-0.0131403272972,0.0102454759181,-0.00801582448184,0.00502808857709],[-0.00386636471376,0.00646821269765,-0.0056414832361,0.00764225004241,-0.00886147562414,0.00679502077401,-0.00669598393142,0.00951852463186,-0.0131403272972,0.0218203924596,-0.0131389116868,0.00836806744337,-0.0040163458325],[0.00339917605743,-0.00445994921029,0.0048529393971,-0.00606230646372,0.00854162033647,-0.00642811972648,0.00747862225398,-0.00751093681902,0.0102454759181,-0.0131389116868,0.0235707163811,-0.0122640719637,0.00573537126184],[-0.00245771021582,0.00404737191275,-0.00333741819486,0.00473020086065,-0.00544639164582,0.00631812773645,-0.00685409968719,0.0053247762844,-0.00801582448184,0.00836806744337,-0.0122640719637,0.0225323531777,-0.01079106424],[0.00154625496361,-0.00200114771724,0.0021698793862,-0.00313913193531,0.00305066606961,-0.00416619097814,0.00511594535783,-0.00474115367979,0.00502808857709,-0.0040163458325,0.00573537126184,-0.01079106424,0.0213104877621]],"mean":[-734.098266602,199.898010254,-36.9215278625,42.0252151489,-7.25106525421,5.00915145874,-18.253452301,-14.5108861923,1.78969919682,-15.419916153,-5.17616891861,-7.60321426392,-6.11142635345]},"pitch_salience":{"dmean":0.0890319570899,"dmean2":0.146223008633,"dvar":0.00561695871875,"dvar2":0.0142666772008,"max":0.867049396038,"mean":0.589116692543,"median":0.611678600311,"min":0.0326312370598,"var":0.0173911936581},"silence_rate_20dB":{"dmean":0,"dmean2":0,"dvar":0,"dvar2":0,"max":1,"mean":1,"median":1,"min":1,"var":0},"silence_rate_30dB":{"dmean":0.00349040143192,"dmean2":0.00698122289032,"dvar":0.00347764790058,"dvar2":0.00861537456512,"max":1,"mean":0.996148765087,"median":1,"min":0,"var":0.00383675703779},"silence_rate_60dB":{"dmean":0.0125173013657,"dmean2":0.0250361096114,"dvar":0.0123627949506,"dvar2":0.0271876677871,"max":1,"mean":0.105427846313,"median":0,"min":0,"var":0.0943076908588},"spectral_centroid":{"dmean":155.439498901,"dmean2":235.726821899,"dvar":38786.6875,"dvar2":76125.1953125,"max":10930.0322266,"mean":720.950683594,"median":603.015014648,"min":155.115524292,"var":212489.234375},"spectral_complexity":{"dmean":2.53812360764,"dmean2":3.830524683,"dvar":6.13292217255,"dvar2":12.60160923,"max":42,"mean":13.8654470444,"median":14,"min":0,"var":51.3406600952},"spectral_contrast_coeffs":{"dmean":[0.0625874102116,0.054914381355,0.038692612201,0.0324114114046,0.0211148187518,0.0205373559147],"dmean2":[0.10390432179,0.0908133760095,0.0627238228917,0.050355926156,0.0335675440729,0.0311097577214],"dvar":[0.00249819085002,0.00192101416178,0.00102793332189,0.000746667967178,0.000324616587022,0.000389663968235],"dvar2":[0.0067600668408,0.0050450656563,0.00246907258406,0.00166099600028,0.00073676998727,0.000765011180192],"max":[-0.216937318444,-0.346939474344,-0.42385867238,-0.449026405811,-0.579334080219,-0.536170899868],"mean":[-0.531696796417,-0.729976296425,-0.79316008091,-0.780784904957,-0.796138584614,-0.676706910133],"median":[-0.524028897285,-0.736121177673,-0.80350369215,-0.788578927517,-0.797759771347,-0.657514154911],"min":[-0.957925200462,-0.966748118401,-0.96795374155,-0.962683796883,-0.954652130604,-0.963370978832],"var":[0.0104734832421,0.00582475913689,0.00417624088004,0.00409906450659,0.00175887113437,0.00452409498394]},"spectral_contrast_valleys":{"dmean":[0.465827465057,0.391489207745,0.34119233489,0.285996556282,0.235282704234,0.209656268358],"dmean2":[0.772143065929,0.625015258789,0.536197006702,0.425837546587,0.330053031445,0.315913230181],"dvar":[0.147247970104,0.112265191972,0.092930175364,0.0725735798478,0.0636410489678,0.0510785914958],"dvar2":[0.37238240242,0.25310716033,0.198922634125,0.13851134479,0.108286872506,0.0959539934993],"max":[-5.88236474991,-4.35656642914,-5.35261726379,-5.81873226166,-6.21093463898,-10.5583782196],"mean":[-7.91092586517,-6.58108520508,-7.62254047394,-7.96138620377,-8.44526672363,-12.9382266998],"median":[-7.62130355835,-6.25118541718,-7.29267692566,-7.62863588333,-8.1009645462,-12.9133777618],"min":[-27.3407535553,-27.252450943,-27.1392993927,-27.2546977997,-27.3430843353,-27.1499290466],"var":[1.41273999214,1.77337825298,1.61086153984,1.48936891556,1.46346402168,0.405906528234]},"spectral_decrease":{"dmean":2.488855122e-9,"dmean2":3.88500165371e-9,"dvar":9.88099253584e-18,"dvar2":2.27099806742e-17,"max":-7.34988170145e-16,"mean":-6.62742838387e-9,"median":-5.64166047212e-9,"min":-5.13891116327e-8,"var":2.68127038682e-17},"spectral_energy":{"dmean":0.00966716557741,"dmean2":0.0150728560984,"dvar":0.000148497594637,"dvar2":0.000340687605785,"max":0.198541283607,"mean":0.0261124446988,"median":0.0223294813186,"min":3.97289046106e-9,"var":0.000407637213357},"spectral_energyband_high":{"dmean":0.0000325922155753,"dmean2":0.0000498960689583,"dvar":7.06782810056e-9,"dvar2":1.70020602042e-8,"max":0.00249898061156,"mean":0.0000635352771496,"median":0.0000373081566067,"min":1.21762391836e-10,"var":1.08653974706e-8},"spectral_energyband_low":{"dmean":0.00197624834254,"dmean2":0.00331266177818,"dvar":0.00000674305465509,"dvar2":0.0000180993501999,"max":0.0437845215201,"mean":0.00348044000566,"median":0.00230047153309,"min":6.44386377591e-10,"var":0.0000155842808454},"spectral_energyband_middle_high":{"dmean":0.00105390348472,"dmean2":0.00148781796452,"dvar":0.00000316518003274,"dvar2":0.00000576869251745,"max":0.0524777919054,"mean":0.00318970996886,"median":0.00210554408841,"min":1.250943793e-10,"var":0.0000164380289789},"spectral_energyband_middle_low":{"dmean":0.00928895547986,"dmean2":0.014604985714,"dvar":0.000147259852383,"dvar2":0.000339618913131,"max":0.19449621439,"mean":0.0205657351762,"median":0.015834286809,"min":1.55817775349e-10,"var":0.000359058380127},"spectral_entropy":{"dmean":0.195213720202,"dmean2":0.29494741559,"dvar":0.03426688537,"dvar2":0.0721916183829,"max":9.81084537506,"mean":6.83482265472,"median":6.91546821594,"min":3.8449139595,"var":0.248483642936},"spectral_flux":{"dmean":0.0248043686152,"dmean2":0.0394843183458,"dvar":0.000701575365383,"dvar2":0.00166333827656,"max":0.307062506676,"mean":0.0845368206501,"median":0.0802112296224,"min":0.000041261282604,"var":0.00205584475771},"spectral_kurtosis":{"dmean":6.2436466217,"dmean2":10.8509531021,"dvar":40.9070358276,"dvar2":115.512420654,"max":144.47668457,"mean":11.6845817566,"median":8.88696098328,"min":-1.17614591122,"var":129.118942261},"spectral_rms":{"dmean":0.000876327569131,"dmean2":0.00133955746423,"dvar":8.38689402372e-7,"dvar2":0.00000183658005426,"max":0.013917571865,"mean":0.00459512602538,"median":0.00466742552817,"min":0.00000196875362235,"var":0.0000043603499762},"spectral_rolloff":{"dmean":269.923217773,"dmean2":458.850372314,"dvar":305236.3125,"dvar2":740744.6875,"max":15590.0390625,"mean":826.293273926,"median":559.86328125,"min":21.533203125,"var":535046.9375},"spectral_skewness":{"dmean":0.519493043423,"dmean2":0.879401028156,"dvar":0.230356886983,"dvar2":0.617618620396,"max":10.4830245972,"mean":2.10968804359,"median":1.89087915421,"min":-0.526279449463,"var":0.938637375832},"spectral_spread":{"dmean":286978.3125,"dmean2":464725.0625,"dvar":163426516992,"dvar2":304211886080,"max":39903156,"mean":2375682,"median":2233075.75,"min":591301,"var":812586172416},"spectral_strongpeak":{"dmean":0.536817371845,"dmean2":0.892693281174,"dvar":0.734447181225,"dvar2":1.69668710232,"max":12.1961297989,"mean":0.99159091711,"median":0.649697840214,"min":0,"var":1.38772153854},"zerocrossingrate":{"dmean":0.00552947586402,"dmean2":0.0066411071457,"dvar":0.0000426479673479,"dvar2":0.0000602301188337,"max":0.24072265625,"mean":0.0322900302708,"median":0.02880859375,"min":0.00537109375,"var":0.000300087529467}},"metadata":{"audio_properties":{"analysis_sample_rate":44100,"bit_rate":0,"codec":"flac","downmix":"mix","equal_loudness":0,"length":385.837310791,"lossless":true,"md5_encoded":"84384b44cdc897f9d5a000ba79f62fb7","replay_gain":-10.1331348419,"sample_rate":96000},"tags":{"album":["Welcome Home"],"albumartist":["Jimi Hendrix"],"albumartistsort":["Hendrix, Jimi"],"artist":["Jimi Hendrix"],"artistsort":["Hendrix, Jimi"],"catalognumber":["201020"],"date":["1981"],"discnumber":["1"],"disctotal":["1"],"file_name":"1-08 Drivin' South.flac","genre":["Blues Rock","Soul"],"grouping":["Rock","Funk / Soul","Blues"],"label":["Astan"],"language":["eng"],"media":["12″ Vinyl"],"musicbrainz_albumartistid":["06fb1c8b-566e-4cb2-985b-b467c90781d4"],"musicbrainz_albumid":["02965180-dec2-4d41-9309-0412552984f2"],"musicbrainz_artistid":["06fb1c8b-566e-4cb2-985b-b467c90781d4"],"musicbrainz_recordingid":["45886776-7b32-41c4-8cfa-63ca0f8b8289"],"musicbrainz_releasegroupid":["8dc957f9-cddd-4bd8-a4d6-3b5d023a858c"],"musicbrainz_releasetrackid":["1af79aeb-36e1-4e50-91f5-6eb075c40291"],"originaldate":["1981"],"releasecountry":["DE"],"releasestatus":["official"],"releasetype":["album"],"script":["Latn"],"title":["Drivin' South"],"totaldiscs":["1"],"totaltracks":["9"],"tracknumber":["8"],"tracktotal":["9"]},"version":{"essentia":"2.1-beta2","essentia_build_sha":"70f2e5ece6736b2c40cc944ad0e695b16b925413","essentia_git_sha":"v2.1_beta2","extractor":"music 1.0"}},"rhythm":{"beats_count":585,"beats_loudness":{"dmean":0.0166649762541,"dmean2":0.029512533918,"dvar":0.000310585019179,"dvar2":0.000897393620107,"max":0.19345831871,"mean":0.0403304509819,"median":0.0418537929654,"min":1.26053461003e-8,"var":0.000568774936255},"beats_loudness_band_ratio":{"dmean":[0.143442928791,0.184723734856,0.11941280216,0.0717351809144,0.0601528435946,0.0047013303265],"dmean2":[0.253837764263,0.332205474377,0.210986554623,0.126724183559,0.1072352454