{"lowlevel":{"average_loudness":0.746199846268,"barkbands":{"dmean":[0.00223492807709,0.00460631167516,0.00220293505117,0.0009891850641,0.00186087086331,0.00143372442108,0.000981544959359,0.00116539292503,0.00125427101739,0.00119838269893,0.000858998217154,0.00044464628445,0.000155171641381,0.000239434462856,0.000198937981622,0.0000912619943847,0.0000824622547952,0.000128773288452,0.0000995893205982,0.0000928232984734,0.0000822294387035,0.0000620094797341,0.0000428416678915,0.0000296231046377,0.00000393860455006,0.000179311391548,0.000293291872367],"dmean2":[0.00358946900815,0.00713164033368,0.00355926970951,0.00169491185807,0.00297764898278,0.00225187162869,0.00152779428754,0.00181671150494,0.00197196612135,0.0018778265221,0.00131844205316,0.000691290188115,0.000248595897574,0.000377823365852,0.000309459806886,0.000136840113555,0.000125320802908,0.000188385427464,0.00014478713274,0.000137038950925,0.000117408693768,0.0000888903232408,0.0000598349251959,0.0000449711442343,0.00000642008808427,0.000256609433563,0.000398358795792],"dvar":[0.0000184136752068,0.0000623395317234,0.0000791539350757,0.0000089298837338,0.0000114938784463,0.00000901830662769,0.00000639821928416,0.0000128391175167,0.0000177767178684,0.0000206829136005,0.000011619250472,0.00000355171414412,1.17664519905e-7,3.4435910834e-7,1.76357588089e-7,3.26138689388e-8,3.3673025257e-8,9.12530566666e-8,5.04000290391e-8,5.59661472721e-8,4.14255332259e-8,1.83327557579e-8,6.34752472806e-9,3.4239111546e-9,5.59668526801e-11,1.0320917454e-7,3.11574495981e-7],"dvar2":[0.0000458301947219,0.000146088874317,0.000193801140995,0.0000245274786721,0.0000281596912828,0.0000214162573684,0.0000143158922583,0.0000288381070277,0.0000414078822359,0.000047459059715,0.0000265372473223,0.00000865315178089,2.92393821155e-7,8.48070442316e-7,4.09569565818e-7,6.73580728972e-8,7.26481559354e-8,2.00532625172e-7,1.0198962741e-7,1.11072360198e-7,8.05044280128e-8,3.55674671937e-8,1.30842527923e-8,7.45385797529e-9,1.33416083736e-10,2.16210992221e-7,5.33881575393e-7],"max":[0.0709992200136,0.130502521992,0.200148940086,0.0521594285965,0.06496668607,0.0828407034278,0.0731303840876,0.187193796039,0.154799878597,0.123065114021,0.132097765803,0.116863444448,0.0138810323551,0.020796963945,0.0106387501583,0.00556601211429,0.0030855787918,0.00470871571451,0.00570424925536,0.00495121115819,0.00472805462778,0.00209775613621,0.00143788172863,0.000658767879941,0.000111783629109,0.00328910234384,0.0098180025816],"mean":[0.00370935653336,0.00900737103075,0.00213249237277,0.00103043392301,0.00295606791042,0.00209654448554,0.00144285231363,0.00159294169862,0.00162954523694,0.00152064568829,0.00113692483865,0.000616046600044,0.000227674114285,0.000359288998879,0.000295765115879,0.000136666712933,0.000119674565212,0.000174292290467,0.000131590524688,0.00012228426931,0.000107974548882,0.0000767892925069,0.0000524529168615,0.0000282240580418,0.00000357408680429,0.000193979372852,0.000540713139344],"median":[0.00104616233148,0.00276303477585,0.000417340605054,0.000345506472513,0.00113055401016,0.000678685959429,0.000417365314206,0.000401832658099,0.000419034098741,0.000229438388487,0.000155968213221,0.000141536569572,0.0000985998776741,0.000123031451949,0.000109066066216,0.0000518498418387,0.0000437159178546,0.0000724896526663,0.0000476648565382,0.0000308533053612,0.0000221776608669,0.0000140718857438,0.0000138256491482,0.00000348473986378,7.99380813987e-7,0.0000384494705941,0.000250249460805],"min":[1.18120358814e-25,3.17620052345e-24,6.86248146645e-25,6.35828693533e-25,8.82304871546e-24,4.16133436063e-24,7.35667541065e-24,4.78172336992e-24,1.18016084222e-23,8.49106843641e-24,1.31068545205e-23,1.66975269023e-23,2.98083904139e-23,3.07389370486e-23,3.24226786092e-23,2.78663537048e-23,7.1994103094e-23,8.93707082848e-23,8.67717397682e-23,1.64702860522e-22,2.33216768049e-22,3.06229113866e-22,3.5976424412e-22,4.97621991333e-22,8.03841386433e-22,1.29736332054e-21,2.00599840961e-21],"var":[0.0000368050314137,0.000185770040844,0.000071315364039,0.00000703422847437,0.0000245701012318,0.0000176342437044,0.0000129858435685,0.0000251782948908,0.000025907809686,0.0000301919044432,0.0000202351802727,0.0000055837799664,1.8014976888e-7,6.25498159934e-7,3.12051554374e-7,5.88193351803e-8,5.13025142368e-8,1.24214977859e-7,7.66039320865e-8,9.04155825765e-8,6.9695545335e-8,2.92565616178e-8,9.27853438526e-9,3.83652487557e-9,5.48431300373e-11,1.33902645416e-7,7.01807664427e-7]},"barkbands_crest":{"dmean":2.99117183685,"dmean2":4.79381752014,"dvar":6.78100442886,"dvar2":16.6346817017,"max":26.0424728394,"mean":10.8491325378,"median":10.027217865,"min":2.41921663284,"var":20.9919395447},"barkbands_flatness_db":{"dmean":0.0297024510801,"dmean2":0.0424247905612,"dvar":0.000667628424708,"dvar2":0.00132080353796,"max":0.405744373798,"mean":0.137735962868,"median":0.132325828075,"min":0.0192858148366,"var":0.00304832821712},"barkbands_kurtosis":{"dmean":6.14850139618,"dmean2":9.27439117432,"dvar":162.511001587,"dvar2":353.106445312,"max":335.213165283,"mean":10.2152423859,"median":5.34781742096,"min":-1.8336122036,"var":304.137634277},"barkbands_skewness":{"dmean":0.741196930408,"dmean2":1.10376369953,"dvar":0.630217969418,"dvar2":1.3141169548,"max":15.6346101761,"mean":2.26182842255,"median":1.97738456726,"min":-2.16059160233,"var":2.56404352188},"barkbands_spread":{"dmean":9.8427324295,"dmean2":14.4014549255,"dvar":131.068588257,"dvar2":261.961181641,"max":125.052154541,"mean":27.0922336578,"median":20.9542655945,"min":0.601726770401,"var":399.535461426},"dissonance":{"dmean":0.0240801963955,"dmean2":0.0401867479086,"dvar":0.000545214803424,"dvar2":0.00145720515866,"max":0.500000119209,"mean":0.46031075716,"median":0.467951595783,"min":0.248977601528,"var":0.000967053230852},"dynamic_complexity":4.50235414505,"erbbands":{"dmean":[0.249625280499,0.672629714012,2.12653255463,2.99160504341,4.57084274292,6.31443357468,12.2936487198,11.0732908249,9.49204921722,21.7507190704,27.3197574615,27.8020076752,33.0721664429,37.7233657837,28.7596168518,16.8682804108,7.52536010742,9.24450683594,12.4492940903,7.52930593491,4.49867010117,4.34219551086,6.34447336197,5.83369588852,4.89883518219,4.55251455307,3.53655552864,3.21386766434,2.36648488045,1.42072689533,1.26145112514,0.800134599209,0.406309664249,0.0824184268713,0.0271994192153,0.252386242151,0.431654602289,0.155173033476,0.0351407639682,0.00486265216023],"dmean2":[0.383831173182,1.07418823242,3.46945333481,4.8736038208,7.68096637726,10.1196880341,19.355796814,17.4255638123,14.8161420822,33.7142028809,42.1485939026,43.8670845032,52.0902137756,58.6366500854,43.6190910339,26.0790328979,11.8144273758,14.5178184509,19.1957702637,11.4846382141,6.7455072403,6.43780422211,9.22557067871,8.33142852783,7.13339424133,6.69441461563,4.96846628189,4.64619922638,3.41420555115,2.04633331299,1.75094473362,1.15748667717,0.63007068634,0.131490319967,0.0445595271885,0.411578923464,0.618377685547,0.211891278625,0.0483622997999,0.00647897878662],"dvar":[0.229238405824,1.28973579407,62.4553527832,119.708450317,73.0513458252,165.189834595,588.11340332,728.242980957,530.377502441,3649.16333008,8992.49316406,9399.02148438,17197.9921875,23486.1269531,11731.1640625,5635.3359375,275.168914795,469.111328125,787.739013672,242.01361084,90.472442627,90.5524520874,259.954101562,115.826156616,176.592010498,143.268920898,72.9149856567,63.2276077271,27.2925109863,8.75630187988,5.22944879532,2.23993659019,0.691069066525,0.0280469097197,0.00230364617892,0.294572621584,0.607631325722,0.0861321389675,0.00650880020112,0.0000882549356902],"dvar2":[0.514915347099,3.34305858612,155.291809082,308.996337891,194.923538208,399.829742432,1370.96130371,1729.32861328,1234.94396973,8011.30175781,20004.0332031,22488.9472656,40482.0390625,56775.4375,25956.7421875,13600.2304688,687.601928711,1177.56555176,1852.69567871,550.563354492,185.193389893,185.195709229,577.125793457,228.222198486,355.20489502,291.059020996,140.967666626,122.736526489,54.4152145386,17.5819549561,10.5878381729,4.69893074036,1.53689396381,0.065132625401,0.00547244679183,0.699689090252,1.27306556702,0.164465144277,0.0115474145859,0.000146228427184],"max":[8.26886367798,22.0605792999,178.166046143,217.167510986,170.390960693,292.345428467,489.947052002,904.194030762,679.881530762,1851.6072998,4451.48583984,3519.78979492,4160.40136719,5376.84716797,5453.73583984,5049.52294922,620.016967773,827.255554199,653.177124023,484.284851074,222.58682251,160.352615356,267.625823975,234.787139893,316.579559326,256.058349609,221.038818359,124.766838074,96.4354095459,63.2894248962,33.5077476501,16.1416397095,9.55460548401,2.13891410828,0.947842597961,5.6017780304,7.74575042725,5.63256788254,1.5827896595,0.170133829117],"mean":[0.509717106819,1.06032764912,2.23570895195,3.20327162743,6.00235557556,9.60073184967,17.3669757843,16.07929039,14.8595876694,31.5309772491,38.0315589905,37.2426605225,42.0477676392,51.2457962036,41.4218139648,24.6719417572,12.0970230103,14.998128891,19.6145267487,11.5611686707,7.06037712097,6.64070940018,8.78279876709,8.32988357544,6.18709421158,5.89910268784,4.72749042511,4.09822130203,2.92377948761,1.72788500786,1.55541944504,0.857106804848,0.363802373409,0.0725776329637,0.0249811392277,0.201324865222,0.465486139059,0.197847127914,0.0516647435725,0.0112579297274],"median":[0.118008099496,0.367085695267,0.566598296165,0.997607767582,2.60948181152,3.21883654594,5.38084316254,4.99575567245,4.51278018951,9.22147941589,8.28691673279,10.378824234,8.33262825012,7.49391269684,6.78310108185,6.5400762558,5.53212499619,6.45020294189,6.87659358978,4.49567270279,2.71234893799,2.54076194763,3.63907694817,3.45944976807,1.71875214577,1.45947468281,1.12288820744,0.755129158497,0.535930097103,0.349771976471,0.424305558205,0.162535205483,0.0332377925515,0.0113337617368,0.00606659892946,0.011337377131,0.0892216265202,0.0489793419838,0.0140527766198,0.00648477766663],"min":[1.01068947529e-22,6.10228111643e-22,1.61895694573e-21,2.82345318762e-21,1.28367340063e-20,3.47557027276e-20,4.3106456134e-20,4.21219754958e-20,1.09254764938e-19,8.02962573675e-20,2.40552574882e-19,3.61880247656e-19,4.30827095881e-19,5.8011556716e-19,1.041437762e-18,9.56859164749e-19,1.54130207558e-18,1.44599711714e-18,2.20802919144e-18,2.29346578178e-18,2.61042960519e-18,4.36472562203e-18,5.67097698533e-18,6.61229239239e-18,7.13593080736e-18,8.21954816315e-18,8.58996543172e-18,9.51703472068e-18,1.08537610721e-17,1.02397076803e-17,1.05790287481e-17,9.86599906006e-18,9.70834422557e-18,7.34598091621e-18,5.8976869253e-18,4.05761662164e-18,2.21200937776e-18,9.35628023364e-19,2.45465122992e-19,2.59073177878e-20],"var":[0.717233538628,2.45489883423,57.8551559448,98.9811325073,96.2052230835,333.401672363,1101.55175781,1375.38317871,1010.64306641,7948.84765625,17623.8398438,13084.9345703,22798.3984375,35322.5546875,24097.5273438,8566.37890625,481.057922363,826.046691895,1516.01599121,422.502227783,155.104705811,148.571411133,342.682342529,202.59552002,253.103302002,220.20741272,128.823394775,100.527229309,42.8091506958,13.2205896378,7.84411239624,2.88033080101,0.721385538578,0.0273149590939,0.0023012147285,0.26230058074,0.788678884506,0.140549018979,0.0122182322666,0.000240766676143]},"erbbands_crest":{"dmean":3.45111918449,"dmean2":5.52617645264,"dvar":10.1256303787,"dvar2":23.7279205322,"max":32.3252105713,"mean":9.96045589447,"median":8.61133480072,"min":2.21378397942,"var":27.1024684906},"erbbands_flatness_db":{"dmean":0.0280304439366,"dmean2":0.039751585573,"dvar":0.000627423170954,"dvar2":0.00116867979523,"max":0.376144140959,"mean":0.137836977839,"median":0.132890507579,"min":0.0338289029896,"var":0.00256104278378},"erbbands_kurtosis":{"dmean":1.84321427345,"dmean2":2.925116539,"dvar":7.71050834656,"dvar2":17.9452972412,"max":85.7953414917,"mean":1.80722427368,"median":0.735198259354,"min":-1.8006452322,"var":14.6370992661},"erbbands_skewness":{"dmean":0.510915637016,"dmean2":0.763064265251,"dvar":0.206138625741,"dvar2":0.45784792304,"max":7.29702138901,"mean":0.622188150883,"median":0.57462823391,"min":-3.1586458683,"var":0.760109305382},"erbbands_spread":{"dmean":10.3825950623,"dmean2":15.2900886536,"dvar":126.576065063,"dvar2":251.054122925,"max":140.633407593,"mean":32.4233436584,"median":27.4184074402,"min":1.09310543537,"var":390.49508667},"gfcc":{"cov":[[22787.7363281,272.566711426,-819.819335938,120.591712952,-196.856369019,-244.331710815,174.633041382,-96.2655181885,56.7695655823,52.4983139038,-163.858474731,137.918777466,-226.93989563],[272.566711426,1357.42797852,-133.801727295,-438.829956055,110.028511047,-57.936668396,55.4649543762,-86.3388595581,171.590286255,-20.0360279083,105.719680786,-47.4474754333,186.745742798],[-819.819335938,-133.801727295,447.341033936,268.683135986,-27.3993358612,82.1376953125,-101.641334534,87.5620346069,-24.3717193604,89.7274780273,30.3634128571,28.4295444489,-29.8287849426],[120.591712952,-438.829956055,268.683135986,521.640991211,92.1863708496,-26.176448822,27.7327308655,15.0807514191,-20.7460899353,62.5454940796,-11.7248497009,35.9118232727,-89.210144043],[-196.856369019,110.028511047,-27.3993358612,92.1863708496,228.541931152,19.4821357727,102.13986969,-37.0944900513,43.0198059082,-26.3880882263,13.7727298737,-6.02795028687,22.8698291779],[-244.331710815,-57.936668396,82.1376953125,-26.176448822,19.4821357727,267.876708984,18.7775726318,115.552001953,-50.0661506653,12.7061710358,-0.722827732563,19.491104126,38.3924331665],[174.633041382,55.4649543762,-101.641334534,27.7327308655,102.13986969,18.7775726318,267.024719238,13.5951490402,71.3731765747,-11.787607193,1.4480483532,21.0743637085,12.4614982605],[-96.2655181885,-86.3388595581,87.5620346069,15.0807514191,-37.0944900513,115.552001953,13.5951490402,183.553955078,39.5552940369,67.3649673462,23.5395336151,6.57982063293,0.0954253226519],[56.7695655823,171.590286255,-24.3717193604,-20.7460899353,43.0198059082,-50.0661506653,71.3731765747,39.5552940369,197.379074097,110.205757141,57.488368988,-1.25657176971,3.75984501839],[52.4983139038,-20.0360279083,89.7274780273,62.5454940796,-26.3880882263,12.7061710358,-11.787607193,67.3649673462,110.205757141,167.271209717,73.2558517456,19.7816753387,-2.45519423485],[-163.858474731,105.719680786,30.3634128571,-11.7248497009,13.7727298737,-0.722827732563,1.4480483532,23.5395336151,57.488368988,73.2558517456,100.88898468,40.5897064209,16.1187362671],[137.918777466,-47.4474754333,28.4295444489,35.9118232727,-6.02795028687,19.491104126,21.0743637085,6.57982063293,-1.25657176971,19.7816753387,40.5897064209,90.1974105835,15.5031118393],[-226.93989563,186.745742798,-29.8287849426,-89.210144043,22.8698291779,38.3924331665,12.4614982605,0.0954253226519,3.75984501839,-2.45519423485,16.1187362671,15.5031118393,147.679641724]],"icov":[[0.0000684730330249,-0.000193077765289,0.000381559279049,-0.000292311189696,0.000142671095091,-0.0000501061440445,0.0000891791569302,-0.000125103033497,0.000149947954924,-0.000287726259558,0.000404623075156,-0.000355849799234,0.000217945183977],[-0.000193077765289,0.00264986045659,-0.00259967264719,0.00284208613448,-0.00116146123037,0.00049795844825,-0.000758105423301,0.00160180672538,-0.00224889023229,0.00239127571695,-0.00331930979155,0.00255985558033,-0.00215186504647],[0.000381559279049,-0.00259967264719,0.00879693869501,-0.00725837564096,0.00372094335034,-0.00333254854195,0.00327219278552,-0.00176811648998,0.000231477533816,-0.000883042579517,0.000727162871044,-0.00186758732889,0.00137719581835],[-0.000292311189696,0.00284208613448,-0.00725837564096,0.0114247761667,-0.00842698477209,0.00608592992648,-0.00303159048781,-0.000761846429668,0.00494027556852,-0.00636955816299,0.0038937414065,-0.00187652034219,0.000911772542167],[0.000142671095091,-0.00116146123037,0.00372094335034,-0.00842698477209,0.0140803577378,-0.00741897150874,-0.00014504736464,0.00487781362608,-0.00872412137687,0.0104357525706,-0.0081095257774,0.00518539734185,-0.00215735845268],[-0.0000501061440445,0.00049795844825,-0.00333254854195,0.00608592992648,-0.00741897150874,0.0115008698776,-0.00215586228296,-0.00694216508418,0.00926485005766,-0.00807935092598,0.00596199650317,-0.00379030220211,0.0000189662732737],[0.0000891791569302,-0.000758105423301,0.00327219278552,-0.00303159048781,-0.00014504736464,-0.00215586228296,0.00706968409941,-0.00102747080382,-0.00406198808923,0.00286242272705,0.00101440865546,-0.00266091548838,0.000231955607887],[-0.000125103033497,0.00160180672538,-0.00176811648998,-0.000761846429668,0.00487781362608,-0.00694216508418,-0.00102747080382,0.0130880307406,-0.00732109695673,0.00416306313127,-0.00574626913294,0.00484030786902,-0.00153284380212],[0.000149947954924,-0.00224889023229,0.000231477533816,0.00494027556852,-0.00872412137687,0.00926485005766,-0.00406198808923,-0.00732109695673,0.0234732385725,-0.0203997921199,0.00867756083608,-0.00434000045061,0.00396692706272],[-0.000287726259558,0.00239127571695,-0.000883042579517,-0.00636955816299,0.0104357525706,-0.00807935092598,0.00286242272705,0.00416306313127,-0.0203997921199,0.0308148264885,-0.0193093642592,0.008490184322,-0.00500405440107],[0.000404623075156,-0.00331930979155,0.000727162871044,0.0038937414065,-0.0081095257774,0.00596199650317,0.00101440865546,-0.00574626913294,0.00867756083608,-0.0193093642592,0.0317327789962,-0.0165195725858,0.00467090029269],[-0.000355849799234,0.00255985558033,-0.00186758732889,-0.00187652034219,0.00518539734185,-0.00379030220211,-0.00266091548838,0.00484030786902,-0.00434000045061,0.008490184322,-0.0165195725858,0.0221460610628,-0.00516103440896],[0.000217945183977,-0.00215186504647,0.00137719581835,0.000911772542167,-0.00215735845268,0.0000189662732737,0.000231955607887,-0.00153284380212,0.00396692706272,-0.00500405440107,0.00467090029269,-0.00516103440896,0.0108147580177]],"mean":[-31.8623332977,81.1906814575,-78.8700027466,-7.40121078491,-22.0685024261,-16.2439651489,-1.38145601749,-13.6878833771,-1.39333558083,-5.19380712509,-8.36030578613,4.60677480698,-14.9643192291]},"hfc":{"dmean":21.8831424713,"dmean2":30.9543075562,"dvar":781.115112305,"dvar2":1528.95812988,"max":815.975219727,"mean":63.5525550842,"median":52.111328125,"min":1.09387164915e-16,"var":2867.32617188},"melbands":{"dmean":[0.00170886982232,0.000981735531241,0.00054505537264,0.000375919393264,0.000400585209718,0.000248128722887,0.000156897585839,0.000235629398958,0.000226801101235,0.000177969908691,0.000168466489413,0.0001576658251,0.000113743437396,0.000056298016716,0.0000271112930932,0.0000139157882586,0.0000193880550796,0.0000225240346481,0.0000132851746457,0.00000776451815909,0.00000542952284377,0.0000046174527597,0.0000049559935178,0.00000694075652063,0.00000464671848022,0.0000039270016714,0.00000315657234751,0.00000323585777551,0.00000239641713051,0.00000190821697288,0.00000186727208984,0.00000139802500598,0.00000108573772195,7.05866398221e-7,7.20893751804e-7,6.76377112541e-7,4.51256738643e-7,3.26564872921e-7,1.5752669924e-7,3.68221222402e-8],"dmean2":[0.00263281771913,0.00159037485719,0.000884081237018,0.000613299373072,0.00063069636235,0.000389196589822,0.000244222203037,0.000365517189493,0.000349955051206,0.000281528948108,0.000265722308541,0.000246692012297,0.000173794091097,0.0000873482495081,0.0000424328354711,0.0000222849066631,0.0000307628906739,0.000034971471905,0.0000205618744076,0.0000118001698866,0.00000841057499201,0.00000702085662851,0.00000739717961551,0.0000104021237348,0.00000680195716996,0.00000583266728427,0.00000477500725538,0.0000048153510761,0.00000339105440617,0.00000282551354758,0.00000272100442089,0.00000203768604479,0.00000158621242008,0.00000104697255665,0.00000101960404209,9.48819263158e-7,6.84049894062e-7,5.09595224685e-7,2.51097560522e-7,6.03507785968e-8],"dvar":[0.00000965312847256,0.00000906844979909,0.00000291356150228,4.73192045547e-7,6.08566551819e-7,3.26878904389e-7,1.48692933521e-7,3.98846879079e-7,6.37421692318e-7,4.01440559017e-7,4.52708491139e-7,4.14187013575e-7,1.91522516957e-7,5.93841171792e-8,1.09083302391e-8,6.32802754641e-10,2.35475061672e-9,2.93701774012e-9,8.03138888728e-10,2.61499683019e-10,1.41114592234e-10,1.01746187864e-10,1.165775948e-10,3.3350075479e-10,6.45349329531e-11,1.11725698138e-10,7.31070204374e-11,7.85636347644e-11,3.28138904937e-11,2.24699616552e-11,2.17227034971e-11,9.8887096428e-12,5.45499409532e-12,2.3076989538e-12,1.8142871103e-12,1.50433745322e-12,8.009123963e-13,4.58600876458e-13,1.1494621986e-13,5.67356728818e-15],"dvar2":[0.0000220781894313,0.0000227906621149,0.00000742491374695,0.00000120144568427,0.00000142194494401,7.75270450504e-7,3.45121662804e-7,8.79176639046e-7,0.00000139393739573,9.60747570389e-7,0.00000106270044853,9.94197307591e-7,4.29195353036e-7,1.49134564253e-7,2.79708967099e-8,1.5234938866e-9,5.96524252217e-9,6.93830770615e-9,1.83762161043e-9,5.81662551458e-10,3.11549036569e-10,2.24200311094e-10,2.33237706926e-10,7.75288444554e-10,1.31872776588e-10,2.40703151855e-10,1.55420509795e-10,1.71699723883e-10,6.39300001826e-11,4.7849623569e-11,4.19327697565e-11,2.00847671827e-11,1.12309432587e-11,5.02495094146e-12,3.7879590957e-12,3.07423574444e-12,1.75605125059e-12,1.02874403874e-12,2.67193304157e-13,1.37073393678e-14],"max":[0.05332647264,0.0697173699737,0.0327128991485,0.0166986882687,0.014018535614,0.0183705147356,0.0113425925374,0.0213781967759,0.0339498147368,0.0223745107651,0.0214746408165,0.0210208054632,0.0171826221049,0.0171161647886,0.00650656316429,0.000651230569929,0.00192317913752,0.00136573950294,0.000808961864095,0.000465589720989,0.000235470724874,0.000165122721228,0.000192649502424,0.000287450151518,0.000187755722436,0.000271071330644,0.000188928534044,0.000197151282919,0.000142976496136,0.000134379573865,0.0000841315923026,0.0000654755349387,0.0000453084321634,0.0000409818603657,0.0000223617753363,0.0000148611106852,0.0000101170917333,0.00000757305087973,0.00000471446492156,0.00000112402187824],"mean":[0.00352612417191,0.0012125603389,0.000636046228465,0.000562106841244,0.000587957212701,0.00036552810343,0.000244516151724,0.000339350721333,0.000309502414893,0.00022992954473,0.00020820487407,0.000207675286219,0.000154655412189,0.0000787287135608,0.0000395055139961,0.0000214124902413,0.0000291994820145,0.0000339418947988,0.0000197553981707,0.0000113432815851,0.00000770989754528,0.00000665379366183,0.00000711133725417,0.00000879518029251,0.00000655901339996,0.00000477757657791,0.00000392335959987,0.00000398739939556,0.00000314192766382,0.00000241429756898,0.00000232983666137,0.00000170281271039,0.00000128490307816,8.18195417196e-7,8.72132204677e-7,8.08779361705e-7,4.37553467236e-7,2.88966901962e-7,1.320104559e-7,3.29059517412e-8],"median":[0.00105809001252,0.00039988750359,0.000239291694015,0.000218253800995,0.000190462407772,0.000114467169624,0.0000720643656678,0.000101609271951,0.000060751226556,0.0000604612650932,0.0000373848888557,0.0000282419750874,0.0000230232944887,0.0000158003604156,0.0000135222535391,0.000010352136087,0.0000110994014904,0.0000106756997411,0.00000720177013136,0.00000426578435508,0.00000269024758381,0.00000237242761614,0.0000028777199077,0.00000332358217747,0.00000271908129434,0.00000146797538036,8.09455684703e-7,9.84698999673e-7,7.74966053996e-7,4.6540111498e-7,3.9157282572e-7,2.95409392947e-7,2.38386405726e-7,1.59602478789e-7,2.33313329545e-7,2.07634371918e-7,5.58465629297e-8,2.27422649601e-8,1.15175584625e-8,7.05139768797e-9],"min":[1.33941590427e-24,1.12416593716e-24,8.93759092447e-25,1.39220943427e-24,1.81363204465e-24,8.08281871847e-25,1.90015470317e-24,6.82249312109e-25,1.40456427795e-24,1.81055548712e-24,1.7439247452e-24,2.25746234766e-24,2.60357250602e-24,2.14513703501e-24,2.22528195032e-24,3.03245547259e-24,1.9615320259e-24,2.23061445282e-24,2.88595019743e-24,2.39643893156e-24,2.98282882469e-24,3.65338366831e-24,3.9705444064e-24,3.47354310344e-24,4.37507977277e-24,3.15833282395e-24,4.53292058471e-24,4.8092739426e-24,4.48641447334e-24,4.2443761704e-24,5.15192553754e-24,5.46169622667e-24,4.39572071279e-24,4.45024441197e-24,4.87863769314e-24,5.7863945307e-24,5.32383686702e-24,6.4938540624e-24,5.76975272104e-24,6.29282508805e-24],"var":[0.0000294518104056,0.00000916741737456,0.0000025899537377,8.67766857482e-7,0.00000119242940855,6.37131961412e-7,2.86605768451e-7,8.56855479014e-7,0.00000125558278796,5.42574753126e-7,5.97628513788e-7,6.14609746208e-7,3.5853761915e-7,9.23007021925e-8,1.61345106164e-8,1.05522501848e-9,3.91871113337e-9,5.52070789084e-9,1.42664458025e-9,4.46844172775e-10,2.09133987905e-10,1.57662299882e-10,1.8090408338e-10,3.99511645988e-10,1.12721269818e-10,1.45874964885e-10,1.06886555162e-10,1.07574116281e-10,5.67301830512e-11,3.49571968594e-11,3.39198044652e-11,1.53353458404e-11,7.93129624477e-12,3.07290672942e-12,2.60506568574e-12,2.15759463247e-12,9.08919586731e-13,4.71754850895e-13,1.085467843e-13,5.30051661403e-15]},"melbands_crest":{"dmean":4.51896047592,"dmean2":7.19095134735,"dvar":16.1117839813,"dvar2":37.7900810242,"max":38.5333137512,"mean":17.5008735657,"median":15.9283351898,"min":1.5685737133,"var":63.2409248352},"melbands_flatness_db":{"dmean":0.0378811433911,"dmean2":0.053756352514,"dvar":0.00106618227437,"dvar2":0.00209181639366,"max":0.542876183987,"mean":0.244644597173,"median":0.242658823729,"min":0.00281943031587,"var":0.00542950863019},"melbands_kurtosis":{"dmean":10.5628738403,"dmean2":16.2957725525,"dvar":873.414306641,"dvar2":2021.80078125,"max":1647.99108887,"mean":16.9997673035,"median":6.77527856827,"min":-1.79563450813,"var":1528.09729004},"melbands_skewness":{"dmean":0.997867465019,"dmean2":1.48823738098,"dvar":1.21230816841,"dvar2":2.62671208382,"max":36.8737716675,"mean":2.63893961906,"median":2.14741969109,"min":-2.51528215408,"var":5.20607423782},"melbands_spread":{"dmean":5.95180845261,"dmean2":9.11089324951,"dvar":59.6805229187,"dvar2":138.084762573,"max":183.046142578,"mean":17.5584506989,"median":14.4321594238,"min":0.284977316856,"var":242.899291992},"mfcc":{"cov":[[11149.8564453,894.33984375,-431.95513916,501.124267578,-343.308197021,247.318969727,-174.819458008,185.123184204,-44.8687705994,188.273727417,-67.9264526367,96.2862854004,-119.674034119],[894.33984375,1854.2869873,-255.111495972,-254.239761353,-45.5119438171,7.3881354332,-80.4339599609,-23.3731079102,56.3117828369,27.638130188,17.3843173981,-6.55422019958,45.0748100281],[-431.95513916,-255.111495972,495.328430176,60.4148254395,120.932563782,-35.782119751,21.7702941895,-39.1999740601,-27.4307937622,9.33274364471,62.4259262085,30.0552482605,1.27235198021],[501.124267578,-254.239761353,60.4148254395,531.735656738,29.2815055847,97.0958557129,-25.9599990845,8.52047538757,-31.8683681488,24.2393131256,37.3264541626,47.8561248779,9.76415920258],[-343.308197021,-45.5119438171,120.932563782,29.2815055847,208.859085083,17.2918262482,28.7128238678,-22.113697052,-1.51492619514,-12.4510364532,14.9358778,9.51060009003,17.4278812408],[247.318969727,7.3881354332,-35.782119751,97.0958557129,17.2918262482,153.187896729,56.4220046997,45.1159744263,24.052690506,1.54515266418,-11.9943628311,7.51584863663,16.4946136475],[-174.819458008,-80.4339599609,21.7702941895,-25.9599990845,28.7128238678,56.4220046997,167.547836304,84.4105300903,45.1649856567,-20.7983436584,-23.3417491913,-22.2874450684,10.0908241272],[185.123184204,-23.3731079102,-39.1999740601,8.52047538757,-22.113697052,45.1159744263,84.4105300903,150.08190918,22.6804237366,27.4265174866,-28.8101577759,-3.03144264221,-7.47840118408],[-44.8687705994,56.3117828369,-27.4307937622,-31.8683681488,-1.51492619514,24.052690506,45.1649856567,22.6804237366,152.913497925,22.3333396912,28.4073448181,1.35993123055,25.323469162],[188.273727417,27.638130188,9.33274364471,24.2393131256,-12.4510364532,1.54515266418,-20.7983436584,27.4265174866,22.3333396912,119.31111145,71.4962997437,49.590171814,5.99834632874],[-67.9264526367,17.3843173981,62.4259262085,37.3264541626,14.9358778,-11.9943628311,-23.3417491913,-28.8101577759,28.4073448181,71.4962997437,131.836929321,73.311416626,33.875705719],[96.2862854004,-6.55422019958,30.0552482605,47.8561248779,9.51060009003,7.51584863663,-22.2874450684,-3.03144264221,1.35993123055,49.590171814,73.311416626,99.2342910767,46.1006507874],[-119.674034119,45.0748100281,1.27235198021,9.76415920258,17.4278812408,16.4946136475,10.0908241272,-7.47840118408,25.323469162,5.99834632874,33.875705719,46.1006507874,81.0295257568]],"icov":[[0.000121000222862,-0.0000736024958314,0.0000175461736944,-0.000120128192066,0.000147921280586,-0.000136302231112,0.0000759552058298,-0.0000422831217293,-0.0000274807589449,-0.000139688738273,0.000251166551607,-0.000317605677992,0.000311042909743],[-0.0000736024958314,0.000720148265827,0.000259730237303,0.000462516502012,-0.00018420824199,-0.000292331737,0.000589207746089,-0.000147703831317,-0.0000445823206974,0.0000278284805972,-0.000528156058863,0.000696539937053,-0.000720608455595],[0.0000175461736944,0.000259730237303,0.00290225818753,-0.000232858015806,-0.00137461570557,0.000900291313883,-0.00105781119782,0.000603673688602,0.000574385281652,0.0000123085646919,-0.00129014393315,-0.000307050708216,0.000697392679285],[-0.000120128192066,0.000462516502012,-0.000232858015806,0.00282108853571,-0.000303079315927,-0.00214731716551,0.00144404720049,-0.000651921785902,0.000547528325114,0.000546115858015,-0.00128668162506,0.000146924459841,-0.000265906564891],[0.000147921280586,-0.00018420824199,-0.00137461570557,-0.000303079315927,0.00626054778695,-0.000916585966479,-0.00129531545099,0.00140767649282,0.000165569406818,0.000014480045138,0.000493362429552,-0.000540791021194,-0.000441066600615],[-0.000136302231112,-0.000292331737,0.000900291313883,-0.00214731716551,-0.000916585966479,0.0103034535423,-0.00366425281391,-0.000121867844427,-0.000855037767906,-0.000659670797177,0.00207801675424,-0.00135935749859,-0.00102857220918],[0.0000759552058298,0.000589207746089,-0.00105781119782,0.00144404720049,-0.00129531545099,-0.00366425281391,0.0136735001579,-0.00827601272613,-0.00200585578568,0.00437581446022,-0.0031000720337,0.00413276907057,-0.00256738997996],[-0.0000422831217293,-0.000147703831317,0.000603673688602,-0.000651921785902,0.00140767649282,-0.000121867844427,-0.00827601272613,0.0144559629261,-0.000240986526478,-0.00698418589309,0.00693640997633,-0.00400933204219,0.00214915187098],[-0.0000274807589449,-0.0000445823206974,0.000574385281652,0.000547528325114,0.000165569406818,-0.000855037767906,-0.00200585578568,-0.000240986526478,0.00881962664425,-0.00137919920962,-0.00331732840277,0.00361122749746,-0.00304670864716],[-0.000139688738273,0.0000278284805972,0.0000123085646919,0.000546115858015,0.000014480045138,-0.000659670797177,0.00437581446022,-0.00698418589309,-0.00137919920962,0.0179443657398,-0.00998940784484,-0.00241694157012,0.00330784916878],[0.000251166551607,-0.000528156058863,-0.00129014393315,-0.00128668162506,0.000493362429552,0.00207801675424,-0.0031000720337,0.00693640997633,-0.00331732840277,-0.00998940784484,0.0223471485078,-0.0116006080061,0.000370816327631],[-0.000317605677992,0.000696539937053,-0.000307050708216,0.000146924459841,-0.000540791021194,-0.00135935749859,0.00413276907057,-0.00400933204219,0.00361122749746,-0.00241694157012,-0.0116006080061,0.0271348934621,-0.012898972258],[0.000311042909743,-0.000720608455595,0.000697392679285,-0.000265906564891,-0.000441066600615,-0.00102857220918,-0.00256738997996,0.00214915187098,-0.00304670864716,0.00330784916878,0.000370816327631,-0.012898972258,0.0219357945025]],"mean":[-694.458618164,148.291900635,-4.37352752686,25.5146636963,-6.07067728043,13.2312545776,-4.1239991188,10.9301862717,-4.81449747086,9.51023674011,-0.533801555634,2.8940205574,-4.20828437805]},"pitch_salience":{"dmean":0.084736533463,"dmean2":0.134763479233,"dvar":0.00550891738385,"dvar2":0.0134676732123,"max":0.968438148499,"mean":0.524671792984,"median":0.543685734272,"min":0.0261406172067,"var":0.0207980331033},"silence_rate_20dB":{"dmean":0,"dmean2":0,"dvar":0,"dvar2":0,"max":1,"mean":1,"median":1,"min":1,"var":0},"silence_rate_30dB":{"dmean":0.0239764098078,"dmean2":0.0479551404715,"dvar":0.0234060883522,"dvar2":0.058237504214,"max":1,"mean":0.978248238564,"median":1,"min":0,"var":0.0212889183313},"silence_rate_60dB":{"dmean":0.0210760384798,"dmean2":0.0421541146934,"dvar":0.0206367522478,"dvar2":0.0478165410459,"max":1,"mean":0.0942575410008,"median":0,"min":0,"var":0.0853784382343},"spectral_centroid":{"dmean":273.432525635,"dmean2":393.620574951,"dvar":110496.703125,"dvar2":208272.5,"max":12005.2929688,"mean":1132.13317871,"median":902.519287109,"min":193.315597534,"var":1010544.4375},"spectral_complexity":{"dmean":3.92894077301,"dmean2":5.64217329025,"dvar":26.4834251404,"dvar2":43.5147285461,"max":60,"mean":14.7824821472,"median":14,"min":0,"var":92.1848831177},"spectral_contrast_coeffs":{"dmean":[0.0557429380715,0.0514384321868,0.0415871106088,0.0287713203579,0.0216207895428,0.0408113114536],"dmean2":[0.0902005210519,0.0841638073325,0.06791241467,0.0472080186009,0.0348080769181,0.0626912266016],"dvar":[0.00197264296003,0.00166862085462,0.00114256842062,0.000539923552424,0.000324070861097,0.00123234116472],"dvar2":[0.00504146842286,0.0043819420971,0.00290837255307,0.00138901465107,0.000798404391389,0.00297218095511],"max":[-0.292194515467,-0.409927725792,-0.474830240011,-0.54890948534,-0.669398188591,-0.417548149824],"mean":[-0.690856337547,-0.760981321335,-0.789731383324,-0.812738835812,-0.824770748615,-0.741342425346],"median":[-0.700694382191,-0.7660176754,-0.79708468914,-0.81517547369,-0.82338654995,-0.747604846954],"min":[-0.9794678092,-0.980944275856,-0.97770011425,-0.972939908504,-0.966827273369,-0.964933931828],"var":[0.00990004092455,0.0053592142649,0.00409013964236,0.00196002796292,0.00115138688125,0.00501467566937]},"spectral_contrast_valleys":{"dmean":[0.421715825796,0.379377067089,0.343318939209,0.301729232073,0.379159718752,0.722948849201],"dmean2":[0.675967991352,0.597027182579,0.522298038006,0.43894842267,0.48922726512,1.05039286613],"dvar":[0.12922026217,0.0996226295829,0.0882074907422,0.0785902142525,0.162591725588,0.339173048735],"dvar2":[0.303489655256,0.224622756243,0.172062650323,0.142745569348,0.269466906786,0.726981341839],"max":[-5.06129026413,-4.48790407181,-4.46617078781,-5.84436035156,-5.55096626282,-8.66077232361],"mean":[-7.39971256256,-6.86820173264,-7.40746736526,-7.96985816956,-8.11018848419,-11.3342943192],"median":[-7.01131439209,-6.53524065018,-7.12179851532,-7.6520781517,-7.81319618225,-11.1246948242],"min":[-28.3059597015,-28.2729873657,-27.7913627625,-27.6723232269,-27.4960002899,-27.4021224976],"var":[4.23394966125,4.31667232513,4.13663816452,3.8383128643,3.95821070671,3.30488610268]},"spectral_decrease":{"dmean":3.07997005677e-9,"dmean2":4.64106042486e-9,"dvar":2.04781977507e-17,"dvar2":4.80253221976e-17,"max":4.63648675009e-9,"mean":-7.26299198561e-9,"median":-4.94959007113e-9,"min":-7.62978586977e-8,"var":5.29235085908e-17},"spectral_energy":{"dmean":0.0125623326749,"dmean2":0.0186021681875,"dvar":0.000330442213453,"dvar2":0.000758766196668,"max":0.302876025438,"mean":0.0331766456366,"median":0.0250240024179,"min":9.85646930609e-21,"var":0.000906485482119},"spectral_energyband_high":{"dmean":0.000623504107352,"dmean2":0.000848656927701,"dvar":0.00000136350968205,"dvar2":0.00000245076489591,"max":0.014330345206,"mean":0.000900218321476,"median":0.000325233209878,"min":6.98513395285e-21,"var":0.00000243917179432},"spectral_energyband_low":{"dmean":0.00773185072467,"dmean2":0.0120636578649,"dvar":0.000210979254916,"dvar2":0.00051441474352,"max":0.271073818207,"mean":0.0146706784144,"median":0.00583569891751,"min":1.61621506717e-23,"var":0.000414808630012},"spectral_energyband_middle_high":{"dmean":0.00239400006831,"dmean2":0.00345105770975,"dvar":0.00003748886229,"dvar2":0.0000847912961035,"max":0.14595296979,"mean":0.00455896975473,"median":0.0016778052086,"min":1.14738866983e-21,"var":0.0000853138990351},"spectral_energyband_middle_low":{"dmean":0.00548764737323,"dmean2":0.00843079481274,"dvar":0.0000751237239456,"dvar2":0.000177552894456,"max":0.191858962178,"mean":0.0111674088985,"median":0.00682163983583,"min":1.5647304704e-22,"var":0.000184712553164},"spectral_entropy":{"dmean":0.240982502699,"dmean2":0.338301450014,"dvar":0.0509340167046,"dvar2":0.0955831483006,"max":9.82873249054,"mean":7.50094413757,"median":7.50788784027,"min":5.43001890182,"var":0.224775463343},"spectral_flux":{"dmean":0.0262621995062,"dmean2":0.0416233539581,"dvar":0.000977413496003,"dvar2":0.00231548631564,"max":0.50838971138,"mean":0.093260422349,"median":0.0869839191437,"min":6.20230394821e-11,"var":0.00284663354978},"spectral_kurtosis":{"dmean":4.73701810837,"dmean2":6.70227384567,"dvar":29.9449539185,"dvar2":65.5691757202,"max":164.283828735,"mean":15.3487405777,"median":13.4877252579,"min":-1.27925348282,"var":77.9291534424},"spectral_rms":{"dmean":0.00100598786958,"dmean2":0.00142798363231,"dvar":0.00000127911562231,"dvar2":0.00000264103118752,"max":0.0171897877008,"mean":0.00505066663027,"median":0.00494101829827,"min":3.10097845839e-12,"var":0.00000685832628733},"spectral_rolloff":{"dmean":3465.61328125,"dmean2":6316.86132812,"dvar":38602368,"dvar2":89593360,"max":22028.4667969,"mean":5970.06298828,"median":1205.859375,"min":21.533203125,"var":67058484},"spectral_skewness":{"dmean":0.415843874216,"dmean2":0.569706499577,"dvar":0.184224426746,"dvar2":0.354368567467,"max":10.7757844925,"mean":2.73411393166,"median":2.6566491127,"min":-0.116681985557,"var":0.704018950462},"spectral_spread":{"dmean":812564.125,"dmean2":1128782.75,"dvar":748334940160,"dvar2":1423372713980,"max":43198044,"mean":4815312.5,"median":4389456,"min":1217836.5,"var":10550587162600},"spectral_strongpeak":{"dmean":1.15976810455,"dmean2":2.10313010216,"dvar":25.4046783447,"dvar2":70.618812561,"max":120.444953918,"mean":1.13584852219,"median":0.287753164768,"min":0,"var":18.2900333405},"zerocrossingrate":{"dmean":0.0339215621352,"dmean2":0.0406177267432,"dvar":0.000891736417543,"dvar2":0.0012410323834,"max":0.748046875,"mean":0.190559759736,"median":0.17626953125,"min":0.0068359375,"var":0.00826384034008}},"metadata":{"audio_properties":{"analysis_sample_rate":44100,"bit_rate":160000,"codec":"mp3","downmix":"mix","equal_loudness":0,"length":480.339599609,"lossless":false,"md5_encoded":"4897b8e8468d7c750e5128ce0ea3e4d1","replay_gain":-2.34477806091,"sample_rate":44100},"tags":{"album":["No Nuclear War"],"album artist credit":["Peter Tosh"],"albumartist":["Peter Tosh"],"albumartistsort":["Tosh, Peter"],"artist":["Peter Tosh"],"artist credit":["Peter Tosh"],"artistsort":["Tosh, Peter"],"asin":["B00000DQU7"],"bpm":["0"],"catalognumber":["0777 7 46700 2 9"],"composer":["Peter Tosh World Sound And Power"],"date":["1999-01-12"],"discnumber":["1/1"],"encodedby":["iTunes v4.9.0.17"],"file_name":"01 - Peter Tosh - No Nuclear War.mp3","genre":["Reggae"],"label":["EMI"],"language":["eng"],"media":["CD"],"musicbrainz album release country":["US"],"musicbrainz album status":["Official"],"musicbrainz album type":["album"],"musicbrainz_albumartistid":["7db6aae5-6644-4513-9bfc-ca2e79d4469c"],"musicbrainz_albumid":["23a16b9c-bd35-4d5f-99dc-56e4602255e4"],"musicbrainz_artistid":["7db6aae5-6644-4513-9bfc-ca2e79d4469c"],"musicbrainz_recordingid":["459ca7e0-0c65-45f2-aba6-8f19e2f11e80"],"musicbrainz_releasegroupid":["90d25328-68fe-383d-af99-3cb64721caf0"],"originaldate":["1999-01-12"],"replaygain_album_gain":["0.00 dB"],"replaygain_album_peak":["0.000000"],"replaygain_track_gain":["-0.99 dB"],"replaygain_track_peak":["0.831085"],"script":["Latn"],"title":["No Nuclear War"],"tracknumber":["1/8"]},"version":{"essentia":"2.1-beta1","essentia_build_sha":"5a811adb4c06fd6d02ca903f7349a26d851abfa8","essentia_git_sha":"v2.1_beta1-34-gf95df8b","extractor":"music 1.0"}},"rhythm":{"beats_count":1151,"beats_loudness":{"dmean":0.0296423304826,"dmean2":0.049107465893,"dvar":0.000708744104486,"dvar2":0.00198545097373,"max":0.205825030804,"mean":0.0465420372784,"median":0.0425978191197,"min":0,"var":0.0010660761036},"beats_loudness_band_ratio":{"dmean":[0.306974977255,0.122650265694,0.168283298612,0.128600493073,0.02982848